{
"lowlevel": {
    "average_loudness": 0.607884287834,
    "barkbands_crest": {
        "dmean": 2.59100842476,
        "dmean2": 3.81548500061,
        "dvar": 7.70278120041,
        "dvar2": 15.3249855042,
        "max": 26.298614502,
        "mean": 9.78199386597,
        "median": 7.96422386169,
        "min": 2.00659179688,
        "var": 31.831533432
    },
    "barkbands_flatness_db": {
        "dmean": 0.0236670635641,
        "dmean2": 0.0338487960398,
        "dvar": 0.000803796690889,
        "dvar2": 0.00141571171116,
        "max": 0.596350133419,
        "mean": 0.140192523599,
        "median": 0.101683020592,
        "min": 0.0188786853105,
        "var": 0.0131145333871
    },
    "barkbands_kurtosis": {
        "dmean": 2.87647533417,
        "dmean2": 3.98455762863,
        "dvar": 83.5052947998,
        "dvar2": 160.385131836,
        "max": 244.49105835,
        "mean": 2.91751408577,
        "median": 0.00475144386292,
        "min": -1.91275727749,
        "var": 136.724746704
    },
    "barkbands_skewness": {
        "dmean": 0.559043049812,
        "dmean2": 0.765454530716,
        "dvar": 0.607408106327,
        "dvar2": 1.0210082531,
        "max": 13.3585271835,
        "mean": 0.89301866293,
        "median": 0.5217192173,
        "min": -3.96237277985,
        "var": 2.22690105438
    },
    "barkbands_spread": {
        "dmean": 7.75708723068,
        "dmean2": 12.0932884216,
        "dvar": 115.677947998,
        "dvar2": 304.559936523,
        "max": 121.732223511,
        "mean": 28.002784729,
        "median": 24.7254772186,
        "min": 0.21337428689,
        "var": 349.034210205
    },
    "dissonance": {
        "dmean": 0.0169638376683,
        "dmean2": 0.0287653040141,
        "dvar": 0.000527790747583,
        "dvar2": 0.00147793116048,
        "max": 0.500000059605,
        "mean": 0.466934680939,
        "median": 0.479263782501,
        "min": 0.0633979588747,
        "var": 0.00154544028919
    },
    "dynamic_complexity": 5.32555389404,
    "erbbands_crest": {
        "dmean": 2.35430836678,
        "dmean2": 3.79136109352,
        "dvar": 5.59483528137,
        "dvar2": 13.3924293518,
        "max": 29.7871246338,
        "mean": 8.95472812653,
        "median": 8.07133102417,
        "min": 2.32626748085,
        "var": 17.4530105591
    },
    "erbbands_flatness_db": {
        "dmean": 0.0178049616516,
        "dmean2": 0.0270907729864,
        "dvar": 0.000412345223594,
        "dvar2": 0.000948234694079,
        "max": 0.539894759655,
        "mean": 0.181827872992,
        "median": 0.147351264954,
        "min": 0.0512057468295,
        "var": 0.010793431662
    },
    "erbbands_kurtosis": {
        "dmean": 0.931173741817,
        "dmean2": 1.4759093523,
        "dvar": 2.55485534668,
        "dvar2": 6.52139139175,
        "max": 60.2855682373,
        "mean": 0.511959671974,
        "median": 0.0123289823532,
        "min": -1.76368033886,
        "var": 4.48363113403
    },
    "erbbands_skewness": {
        "dmean": 0.350794881582,
        "dmean2": 0.537306368351,
        "dvar": 0.152886003256,
        "dvar2": 0.371461540461,
        "max": 4.36781597137,
        "mean": 0.188147842884,
        "median": 0.206307068467,
        "min": -3.40308260918,
        "var": 0.46520999074
    },
    "erbbands_spread": {
        "dmean": 10.6605587006,
        "dmean2": 16.004825592,
        "dvar": 217.85319519,
        "dvar2": 469.515930176,
        "max": 171.842025757,
        "mean": 35.1179924011,
        "median": 30.0140972137,
        "min": 0.706044495106,
        "var": 596.612121582
    },
    "hfc": {
        "dmean": 15.2617578506,
        "dmean2": 25.2919635773,
        "dvar": 704.10345459,
        "dvar2": 1878.47338867,
        "max": 239.950057983,
        "mean": 34.0375900269,
        "median": 18.1491622925,
        "min": 1.0772912439e-16,
        "var": 1574.24145508
    },
    "melbands_crest": {
        "dmean": 3.38816952705,
        "dmean2": 4.93345308304,
        "dvar": 12.8457145691,
        "dvar2": 23.1767673492,
        "max": 34.016784668,
        "mean": 13.9195137024,
        "median": 11.1837491989,
        "min": 1.65935015678,
        "var": 65.9973144531
    },
    "melbands_flatness_db": {
        "dmean": 0.0314664468169,
        "dmean2": 0.0443062447011,
        "dvar": 0.00158765772358,
        "dvar2": 0.00275210221298,
        "max": 0.728695034981,
        "mean": 0.184401229024,
        "median": 0.143613502383,
        "min": 0.00429121078923,
        "var": 0.0195916257799
    },
    "melbands_kurtosis": {
        "dmean": 9.58113002777,
        "dmean2": 12.9151296616,
        "dvar": 677.850646973,
        "dvar2": 1259.16259766,
        "max": 513.563842773,
        "mean": 12.9387989044,
        "median": 1.92514038086,
        "min": -1.7562110424,
        "var": 1245.32910156
    },
    "melbands_skewness": {
        "dmean": 0.826633870602,
        "dmean2": 1.09626209736,
        "dvar": 1.77862823009,
        "dvar2": 2.69674777985,
        "max": 20.3817882538,
        "mean": 2.05250811577,
        "median": 1.19996893406,
        "min": -3.0492181778,
        "var": 6.17823314667
    },
    "melbands_spread": {
        "dmean": 12.2006025314,
        "dmean2": 19.487455368,
        "dvar": 339.909851074,
        "dvar2": 874.436035156,
        "max": 203.379928589,
        "mean": 37.4910392761,
        "median": 31.9067955017,
        "min": 0.482212305069,
        "var": 774.33984375
    },
    "pitch_salience": {
        "dmean": 0.0781426802278,
        "dmean2": 0.116858616471,
        "dvar": 0.00885581597686,
        "dvar2": 0.0168889313936,
        "max": 0.981043815613,
        "mean": 0.537374973297,
        "median": 0.566670656204,
        "min": 0.0474289394915,
        "var": 0.0273609962314
    },
    "silence_rate_20dB": {
        "dmean": 0,
        "dmean2": 0,
        "dvar": 0,
        "dvar2": 0,
        "max": 1,
        "mean": 1,
        "median": 1,
        "min": 1,
        "var": 0
    },
    "silence_rate_30dB": {
        "dmean": 0,
        "dmean2": 0,
        "dvar": 0,
        "dvar2": 0,
        "max": 1,
        "mean": 1,
        "median": 1,
        "min": 1,
        "var": 0
    },
    "silence_rate_60dB": {
        "dmean": 0.0482589229941,
        "dmean2": 0.0965317934752,
        "dvar": 0.0459283702075,
        "dvar2": 0.0944435223937,
        "max": 1,
        "mean": 0.178416639566,
        "median": 0,
        "min": 0,
        "var": 0.146602630615
    },
    "spectral_centroid": {
        "dmean": 318.238128662,
        "dmean2": 483.275024414,
        "dvar": 184636.5625,
        "dvar2": 411877.71875,
        "max": 11739.5986328,
        "mean": 1883.2076416,
        "median": 1846.70776367,
        "min": 132.880493164,
        "var": 1016648.8125
    },
    "spectral_complexity": {
        "dmean": 4.53604984283,
        "dmean2": 7.06387281418,
        "dvar": 37.9348602295,
        "dvar2": 76.2146148682,
        "max": 61,
        "mean": 19.6652698517,
        "median": 17,
        "min": 0,
        "var": 179.027694702
    },
    "spectral_decrease": {
        "dmean": 1.31008159876e-09,
        "dmean2": 1.86277415715e-09,
        "dvar": 4.06919425509e-18,
        "dvar2": 9.16164566948e-18,
        "max": 1.93649619792e-28,
        "mean": -4.81341722036e-09,
        "median": -3.14322923245e-09,
        "min": -2.22335128086e-08,
        "var": 2.34763254614e-17
    },
    "spectral_energy": {
        "dmean": 0.00563065800816,
        "dmean2": 0.00847346149385,
        "dvar": 6.88318832545e-05,
        "dvar2": 0.000167845093529,
        "max": 0.0947420597076,
        "mean": 0.0212542396039,
        "median": 0.0144322775304,
        "min": 1.0216157971e-20,
        "var": 0.000410493899835
    },
    "spectral_energyband_high": {
        "dmean": 0.001450466807,
        "dmean2": 0.00239921547472,
        "dvar": 7.48577622289e-06,
        "dvar2": 2.00527592824e-05,
        "max": 0.0255635306239,
        "mean": 0.00257147639059,
        "median": 0.000850594835356,
        "min": 7.16659508414e-21,
        "var": 1.31806127683e-05
    },
    "spectral_energyband_low": {
        "dmean": 0.00342183257453,
        "dmean2": 0.00433215778321,
        "dvar": 5.7601948356e-05,
        "dvar2": 8.77965285326e-05,
        "max": 0.0762141048908,
        "mean": 0.00779075641185,
        "median": 0.000884540146217,
        "min": 2.08604800055e-23,
        "var": 0.000238830543822
    },
    "spectral_energyband_middle_high": {
        "dmean": 0.00233164103702,
        "dmean2": 0.00354953645729,
        "dvar": 1.11791705422e-05,
        "dvar2": 2.55939266935e-05,
        "max": 0.0439441055059,
        "mean": 0.00674994662404,
        "median": 0.00442694500089,
        "min": 1.21394490226e-21,
        "var": 5.04194140376e-05
    },
    "spectral_energyband_middle_low": {
        "dmean": 0.00327238161117,
        "dmean2": 0.00551586830989,
        "dvar": 6.51794107398e-05,
        "dvar2": 0.000174476590473,
        "max": 0.0746385008097,
        "mean": 0.00466316659003,
        "median": 0.00219223299064,
        "min": 1.93790888401e-22,
        "var": 5.38978310942e-05
    },
    "spectral_entropy": {
        "dmean": 0.209848359227,
        "dmean2": 0.334096908569,
        "dvar": 0.0860749185085,
        "dvar2": 0.2135386765,
        "max": 9.81715679169,
        "mean": 7.62984991074,
        "median": 7.93015527725,
        "min": 3.97503972054,
        "var": 0.800472378731
    },
    "spectral_flux": {
        "dmean": 0.0246330406517,
        "dmean2": 0.0336616411805,
        "dvar": 0.0010124926921,
        "dvar2": 0.0015336801298,
        "max": 0.292549103498,
        "mean": 0.0772184282541,
        "median": 0.0671397298574,
        "min": 6.54402573796e-11,
        "var": 0.00386117375456
    },
    "spectral_kurtosis": {
        "dmean": 7.43280649185,
        "dmean2": 13.0402402878,
        "dvar": 794.321350098,
        "dvar2": 2426.05517578,
        "max": 694.231079102,
        "mean": 20.6713047028,
        "median": 2.83369255066,
        "min": -1.33018827438,
        "var": 4403.64501953
    },
    "spectral_rms": {
        "dmean": 0.000588220835198,
        "dmean2": 0.000874748860952,
        "dvar": 6.40339180791e-07,
        "dvar2": 1.52491872996e-06,
        "max": 0.00961411837488,
        "mean": 0.00393392983824,
        "median": 0.00375236850232,
        "min": 3.15705296107e-12,
        "var": 5.26003168488e-06
    },
    "spectral_rolloff": {
        "dmean": 1167.16503906,
        "dmean2": 1980.78479004,
        "dvar": 3733665.5,
        "dvar2": 9304765,
        "max": 19487.5488281,
        "mean": 3074.93481445,
        "median": 1981.0546875,
        "min": 64.599609375,
        "var": 7744697.5
    },
    "spectral_skewness": {
        "dmean": 0.424170404673,
        "dmean2": 0.724339187145,
        "dvar": 0.7342492342,
        "dvar2": 2.19748353958,
        "max": 20.7463188171,
        "mean": 2.23057436943,
        "median": 1.37777161598,
        "min": -0.0748350173235,
        "var": 7.59477186203
    },
    "spectral_spread": {
        "dmean": 874977.875,
        "dmean2": 1390659.375,
        "dvar": 1.85347919053e+12,
        "dvar2": 4.5298918359e+12,
        "max": 49295000,
        "mean": 5425897.5,
        "median": 5482723,
        "min": 126368.367188,
        "var": 1.05045504819e+13
    },
    "spectral_strongpeak": {
        "dmean": 0.659753918648,
        "dmean2": 1.08482635021,
        "dvar": 1.41489183903,
        "dvar2": 3.4456319809,
        "max": 19.2956447601,
        "mean": 1.25170326233,
        "median": 0.597590923309,
        "min": 0,
        "var": 2.69182276726
    },
    "zerocrossingrate": {
        "dmean": 0.0165577512234,
        "dmean2": 0.0186386555433,
        "dvar": 0.000491550192237,
        "dvar2": 0.000569270283449,
        "max": 0.79345703125,
        "mean": 0.0978672355413,
        "median": 0.083740234375,
        "min": 0.00439453125,
        "var": 0.00452767312527
    },
    "barkbands": {
        "dmean": [0.000148275721585, 0.00296860793605, 0.00194545509294, 0.000895200297236, 0.0016559305368, 0.000622399675194, 0.000337780802511, 0.000251402176218, 0.000460509880213, 0.000437448936282, 0.00056332082022, 0.000611551397014, 0.000435421738075, 0.000398138654418, 0.000312072224915, 0.000225542971748, 0.000277672981611, 0.000342271669069, 0.000255114428001, 0.000284871348413, 0.000186660356121, 0.00017697516887, 0.00030761299422, 0.000381186808227, 0.000374825380277, 0.000108825530333, 1.2579252143e-05],
        "dmean2": [0.000214340048842, 0.00356633681804, 0.00341268558986, 0.00168461992871, 0.0030552840326, 0.00111095258035, 0.000568259274587, 0.000411087094108, 0.000725561054423, 0.000667221844196, 0.000854496203829, 0.00091970973881, 0.000671614485327, 0.00062437314773, 0.000483586918563, 0.000359051249688, 0.000468544283649, 0.000593524833675, 0.000391503854189, 0.000443349592388, 0.000303454406094, 0.00027850526385, 0.000519172055647, 0.000647522683721, 0.000670918030664, 0.000181070849067, 2.04435418709e-05],
        "dvar": [1.34471648039e-07, 4.76270870422e-05, 4.00250974053e-05, 1.05787876237e-05, 3.73890616174e-05, 2.67690870714e-06, 4.99561963352e-07, 3.00447482005e-07, 1.00382817436e-06, 1.08169876967e-06, 1.65343067238e-06, 1.8234682102e-06, 9.79349010777e-07, 9.23508423512e-07, 6.14499526819e-07, 3.53652723106e-07, 8.29828195492e-07, 6.21388892341e-07, 3.80728323535e-07, 5.17507032782e-07, 1.03746110369e-07, 8.45393586246e-08, 3.94963393546e-07, 5.61798458421e-07, 6.14859629877e-07, 4.66032723523e-08, 7.14707459881e-10],
        "dvar2": [2.86476307565e-07, 6.93649344612e-05, 0.000104214093881, 3.03781052935e-05, 0.00010764675244, 7.64695596445e-06, 1.29326292608e-06, 7.03188334228e-07, 2.27090822591e-06, 2.29355032388e-06, 3.79814855478e-06, 4.13916495745e-06, 2.19335220208e-06, 2.07210837289e-06, 1.38616280765e-06, 8.49942352943e-07, 2.10989287552e-06, 1.71189014964e-06, 8.27926044167e-07, 1.07298205876e-06, 2.57459873865e-07, 1.89790839045e-07, 1.04371042653e-06, 1.49870209043e-06, 1.73813850779e-06, 1.23455308199e-07, 1.76380454686e-09],
        "max": [0.00398506876081, 0.0703865587711, 0.049566462636, 0.0288087613881, 0.0641887933016, 0.0156417097896, 0.00962235685438, 0.0136477192864, 0.0190062578768, 0.0293437559158, 0.024704227224, 0.0253620110452, 0.0248184837401, 0.0209251474589, 0.0285757575184, 0.0146128600463, 0.0269364397973, 0.0127360383049, 0.0135054923594, 0.0203767679632, 0.004955729004, 0.00508431205526, 0.00624845176935, 0.00699949869886, 0.00659276312217, 0.00192858744413, 0.000289534742478],
        "mean": [0.000230383579037, 0.00577945774421, 0.00144531961996, 0.000591184070799, 0.00128112873062, 0.00076449412154, 0.000525385839865, 0.000389557069866, 0.000742175267078, 0.00087631540373, 0.000948359607719, 0.00113552284893, 0.000738299975637, 0.000710556050763, 0.000519233522937, 0.000372648413759, 0.000413443602156, 0.000443854369223, 0.000480102404254, 0.000489638827275, 0.000337122532073, 0.000374151713913, 0.00044496866758, 0.00058129534591, 0.000461510848254, 0.000159453746164, 1.86770284927e-05],
        "median": [1.79721246241e-05, 0.000295315781841, 0.00011225034541, 5.41338595212e-05, 0.000221157708438, 0.000293234508717, 0.000199651200091, 0.000101582583738, 0.000238849286688, 0.000318683683872, 0.000344569911249, 0.000431449414464, 0.000264937640168, 0.000252907746471, 0.000208829296753, 0.000130239466671, 0.000145336482092, 0.000149446103023, 0.000134889705805, 0.000116913710372, 0.000119684475067, 0.000118208059575, 0.000110048014903, 0.000115112015919, 0.000100524644949, 3.7662939576e-05, 2.24826089834e-06],
        "min": [3.94514466297e-25, 2.32300110888e-24, 1.70917581675e-24, 9.74432643173e-25, 7.65827981169e-24, 1.48450117064e-23, 1.25577521102e-23, 1.96610990406e-23, 3.03420043292e-23, 2.27193486871e-23, 2.66839584929e-23, 3.10505875932e-23, 5.5706876948e-23, 7.46885427128e-23, 3.6374420516e-23, 6.29781991865e-23, 8.39507416167e-23, 1.31566297503e-22, 1.45440732617e-22, 1.84742628574e-22, 2.4878804928e-22, 3.8485047529e-22, 4.50295133294e-22, 6.02865931561e-22, 8.89199468526e-22, 1.31021753763e-21, 2.11445842846e-21],
        "var": [2.8634886462e-07, 0.00017095223302, 2.8610613299e-05, 6.02671798333e-06, 2.12764061871e-05, 2.02060573429e-06, 8.09536061297e-07, 6.7645009949e-07, 2.03867261916e-06, 2.94704500448e-06, 3.31608634951e-06, 4.59843749923e-06, 2.143500069e-06, 2.28580438488e-06, 1.16725448152e-06, 6.45749025807e-07, 9.7759414075e-07, 6.92446462836e-07, 1.2974018091e-06, 1.04047489913e-06, 2.34337008465e-07, 2.63337000206e-07, 5.16411546414e-07, 8.33002559375e-07, 6.32552598745e-07, 6.44463398203e-08, 1.13308307181e-09]
    },
    "erbbands": {
        "dmean": [0.110158331692, 0.695028245449, 2.03089809418, 2.67821836472, 3.02770495415, 6.84295749664, 6.98357629776, 4.46831178665, 4.88583993912, 4.15884542465, 8.10575580597, 9.60630702972, 12.6202278137, 19.6897850037, 13.822063446, 25.6203212738, 21.099193573, 19.6974983215, 14.4572496414, 14.2551336288, 11.6597290039, 15.8597679138, 18.2270412445, 16.8049926758, 13.7361135483, 10.6123056412, 6.98133563995, 8.05659770966, 7.19880485535, 6.22265911102, 9.14784240723, 10.6002178192, 4.93338775635, 5.32107877731, 1.93048274517, 0.604475319386, 0.181028172374, 0.0284670274705, 0.00174219685141, 4.25166435889e-05],
        "dmean2": [0.11896276474, 0.949418723583, 3.3768119812, 4.81587553024, 5.44308423996, 12.7915802002, 12.9868392944, 7.85520553589, 8.28845882416, 6.97396039963, 12.8076810837, 15.1904726028, 18.9306869507, 30.4495124817, 21.0314483643, 38.6266365051, 31.8162002563, 29.9722728729, 22.6143112183, 21.8250827789, 18.98138237, 26.8116569519, 32.1518211365, 26.0354099274, 21.169834137, 16.5916290283, 11.0213871002, 13.1261873245, 11.3941679001, 10.279045105, 15.3091144562, 18.390827179, 8.32543849945, 9.62742519379, 3.3565788269, 1.01725327969, 0.301447600126, 0.0450440086424, 0.00285162520595, 6.98228541296e-05],
        "dvar": [0.0692439079285, 3.04418635368, 38.1704711914, 88.8259048462, 90.3095474243, 747.74230957, 705.162536621, 122.625946045, 105.765815735, 89.1492385864, 337.491943359, 438.646728516, 1085.16357422, 2135.65991211, 904.66418457, 2916.25341797, 2079.49194336, 1984.95703125, 1004.3616333, 985.550354004, 988.960388184, 3308.39990234, 2230.24072266, 1936.90258789, 1014.09490967, 535.582885742, 154.977096558, 201.092025757, 137.99911499, 137.968460083, 357.171325684, 424.698913574, 107.071434021, 127.735977173, 16.6643238068, 1.4180201292, 0.134593963623, 0.00342685519718, 1.39169205795e-05, 6.90791024383e-09],
        "dvar2": [0.0735166370869, 5.56528186798, 91.8307952881, 246.189727783, 253.24520874, 2166.46533203, 2059.2043457, 339.913787842, 275.622192383, 228.315963745, 732.022888184, 1004.47155762, 2182.73022461, 5018.42871094, 2021.22021484, 6826.20458984, 4550.37646484, 4408.328125, 2277.29150391, 2189.87939453, 2666.84155273, 8367.97265625, 6352.75878906, 4274.24121094, 2226.11132812, 1120.10595703, 356.709655762, 503.81628418, 324.191009521, 344.680877686, 923.056518555, 1159.49633789, 283.203338623, 362.722991943, 46.1581611633, 3.81992197037, 0.351025879383, 0.00827403180301, 3.49505753547e-05, 1.79923755894e-08],
        "max": [2.99727249146, 16.5912723541, 54.7653236389, 78.0791168213, 72.544052124, 305.834320068, 274.965179443, 200.733276367, 171.356964111, 152.85585022, 445.535644531, 470.303619385, 898.913757324, 951.124755859, 641.085266113, 905.678710938, 1020.21716309, 964.195617676, 823.185058594, 934.271240234, 1111.61877441, 1857.6105957, 850.438964844, 829.367553711, 678.480285645, 610.416442871, 180.528305054, 255.624664307, 146.798156738, 222.137466431, 185.364959717, 168.22227478, 124.566116333, 98.7440414429, 39.0098609924, 11.0332946777, 3.65852427483, 0.671281158924, 0.0488829948008, 0.000904384593014],
        "mean": [0.216335967183, 1.09260642529, 1.73593723774, 1.94642114639, 2.3907186985, 5.1642665863, 6.17806005478, 5.77699613571, 7.50228881836, 6.74526882172, 13.4861307144, 15.922867775, 25.9368801117, 34.7269172668, 25.1686630249, 48.5424461365, 40.5512313843, 38.0102348328, 26.8388404846, 25.5593986511, 20.8153953552, 23.7870368958, 23.0945472717, 29.3179607391, 24.7213592529, 19.1224880219, 13.0762109756, 14.6592473984, 14.8064165115, 11.2089204788, 13.620923996, 14.0110683441, 7.98907804489, 6.14655590057, 2.68689155579, 0.916325867176, 0.25645172596, 0.0456762500107, 0.00256718811579, 8.42778827064e-05],
        "median": [0.0110348472372, 0.0478472672403, 0.183741509914, 0.224939450622, 0.323354363441, 0.848873615265, 1.68838810921, 2.20787024498, 2.99247360229, 2.22111129761, 3.96467113495, 5.54791259766, 8.87524032593, 13.8692722321, 10.8532857895, 19.7058982849, 16.5004386902, 15.0155754089, 12.9404983521, 11.2659215927, 8.70917129517, 8.67343521118, 8.25922966003, 7.55350017548, 7.09303665161, 5.01268005371, 4.1079416275, 5.47606611252, 4.78969478607, 3.08353805542, 3.21626996994, 2.64608430862, 1.69134259224, 1.23070812225, 0.607091605663, 0.215209454298, 0.0591891333461, 0.00900710560381, 0.000338798912708, 3.48330540874e-05],
        "min": [5.69952382675e-23, 4.01583818056e-22, 3.99434733758e-21, 5.25453438258e-21, 1.43962481497e-20, 2.12937680045e-20, 4.62182902114e-20, 9.04920597484e-20, 1.55474438092e-19, 2.20959406207e-19, 5.72937965888e-19, 5.4517613017e-19, 9.44069918503e-19, 1.00193285671e-18, 1.02101622364e-18, 1.67531867311e-18, 2.84908651475e-18, 4.03236486549e-18, 3.24015000461e-18, 3.49100906898e-18, 4.11280611211e-18, 5.79505325003e-18, 6.51755870556e-18, 6.93657614383e-18, 8.55101349667e-18, 9.01916546333e-18, 1.15678272174e-17, 1.0829949851e-17, 1.35173339297e-17, 1.35655089286e-17, 1.34180780465e-17, 1.21978021817e-17, 1.08950787437e-17, 7.20102578566e-18, 6.83363889327e-18, 4.5311146566e-18, 2.31144289804e-18, 1.1529405712e-18, 2.74724103921e-19, 2.91088411849e-20],
        "var": [0.278105318546, 6.72367477417, 32.9430084229, 56.0410957336, 57.3347396851, 415.5519104, 393.315826416, 112.185386658, 160.415466309, 158.340026855, 860.755554199, 839.417175293, 3124.59985352, 4126.08300781, 1912.81054688, 7455.296875, 4993.47460938, 5551.49853516, 2047.4576416, 2081.49731445, 1465.41015625, 3701.41088867, 2068.04931641, 5374.85058594, 2395.24829102, 1199.1619873, 381.095336914, 461.147247314, 421.60458374, 279.726898193, 485.811279297, 518.453369141, 162.725357056, 118.956283569, 20.3422832489, 2.04416203499, 0.182272821665, 0.0057201096788, 2.15137933992e-05, 1.2783105241e-08]
    },
    "gfcc": {
        "mean": [-49.2168464661, 57.6475715637, -129.152450562, 5.20991516113, -58.4159660339, 19.1371059418, -38.3538208008, 7.60731601715, -26.489988327, 3.54218745232, -13.175110817, 4.59373998642, -9.76631546021],
        "cov": [[38235.9257812, -8645.76269531, 739.421203613, 5955.42675781, -608.757568359, 3278.2265625, 12.4203176498, 1775.54003906, -804.671630859, 1183.96911621, -262.39453125, 916.961608887, -577.324707031], [-8645.76269531, 5738.01318359, -405.591522217, -2107.89599609, 652.77923584, -1400.8059082, 23.8468284607, -870.786071777, 200.582397461, -680.913391113, 130.459899902, -386.025421143, 316.298248291], [739.421203613, -405.591522217, 1755.98876953, 701.743652344, 118.743736267, 572.005432129, 76.18775177, 231.124801636, 2.43158721924, 73.2863464355, 9.61532020569, 58.1484336853, -75.7062454224], [5955.42675781, -2107.89599609, 701.743652344, 1860.45251465, 116.094825745, 960.871276855, 225.929595947, 558.399658203, -53.6328468323, 337.854125977, 0.908294975758, 220.072097778, -104.458992004], [-608.757568359, 652.77923584, 118.743736267, 116.094825745, 461.661682129, 71.3692855835, 208.195968628, 50.6678543091, 122.860939026, -16.6213474274, 78.5201721191, -11.4646940231, 58.2775421143], [3278.2265625, -1400.8059082, 572.005432129, 960.871276855, 71.3692855835, 881.365905762, 183.072540283, 438.560791016, 53.7694892883, 288.05078125, 19.5558261871, 163.821868896, -58.2008209229], [12.4203176498, 23.8468284607, 76.18775177, 225.929595947, 208.195968628, 183.072540283, 298.326660156, 154.941055298, 112.52784729, 91.2834091187, 71.4826049805, 28.1139373779, 41.9064292908], [1775.54003906, -870.786071777, 231.124801636, 558.399658203, 50.6678543091, 438.560791016, 154.941055298, 418.769195557, 112.201919556, 200.541595459, 56.1186637878, 131.185150146, -38.2155075073], [-804.671630859, 200.582397461, 2.43158721924, -53.6328468323, 122.860939026, 53.7694892883, 112.52784729, 112.201919556, 183.259750366, 78.0564498901, 57.0928688049, 7.83720874786, 32.301902771], [1183.96911621, -680.913391113, 73.2863464355, 337.854125977, -16.6213474274, 288.05078125, 91.2834091187, 200.541595459, 78.0564498901, 232.581924438, 52.973690033, 75.854850769, -22.9929351807], [-262.39453125, 130.459899902, 9.61532020569, 0.908294975758, 78.5201721191, 19.5558261871, 71.4826049805, 56.1186637878, 57.0928688049, 52.973690033, 116.841705322, 63.2348861694, 32.8156471252], [916.961608887, -386.025421143, 58.1484336853, 220.072097778, -11.4646940231, 163.821868896, 28.1139373779, 131.185150146, 7.83720874786, 75.854850769, 63.2348861694, 137.921676636, 24.6823387146], [-577.324707031, 316.298248291, -75.7062454224, -104.458992004, 58.2775421143, -58.2008209229, 41.9064292908, -38.2155075073, 32.301902771, -22.9929351807, 32.8156471252, 24.6823387146, 104.92376709]],
        "icov": [[8.42939625727e-05, -7.35013309168e-05, 0.000103910169855, -0.000200573820621, 2.12295890378e-05, -0.000113576752483, 0.000114258065878, -0.000161971373018, 0.000447733473266, -0.000260364700807, 0.000270061544143, -0.000257614912698, 0.000162498065038], [-7.35013309168e-05, 0.00093050027499, -0.000256914936472, 0.00047740348964, -0.000727023172658, 0.000358248624252, -6.44689425826e-05, 0.00074095861055, -0.00127826735843, 0.0016157500213, -0.00162648758851, 0.00138702441473, -0.00109139154665], [0.000103910169855, -0.000256914936472, 0.00101058743894, -0.000554045022, 0.000291692937026, -0.00103022216354, 0.000394981907448, -0.000112701694889, 0.000279257073998, 0.00047491263831, -0.000366680120351, 8.78163409652e-05, 0.000703660654835], [-0.000200573820621, 0.00047740348964, -0.000554045022, 0.00268687610514, -0.00161841488443, -0.00011744434596, -0.000721630931366, -0.0009669783758, 0.00176241237205, -0.000925703905523, 0.000858430052176, -0.000214214203879, -0.00046130316332], [2.12295890378e-05, -0.000727023172658, 0.000291692937026, -0.00161841488443, 0.00604065926746, -0.00133860250935, -0.00196010293439, 0.00104486441705, -0.003244190244, 0.00331696495414, -0.00311713665724, 0.00151357322466, 0.000317930913297], [-0.000113576752483, 0.000358248624252, -0.00103022216354, -0.00011744434596, -0.00133860250935, 0.00517994072288, -0.000871787255164, -0.00147151201963, 0.00036439136602, -0.0029771453701, 0.00308549031615, -0.00203580199741, -0.000386834406527], [0.000114258065878, -6.44689425826e-05, 0.000394981907448, -0.000721630931366, -0.00196010293439, -0.000871787255164, 0.00799730606377, -0.00253512780182, 0.00036157228169, -0.00104779505637, -0.00289776595309, 0.00421810336411, -0.00354965589941], [-0.000161971373018, 0.00074095861055, -0.000112701694889, -0.0009669783758, 0.00104486441705, -0.00147151201963, -0.00253512780182, 0.0117608578876, -0.00924245920032, 0.00274785328656, -0.000769564881921, -0.00557352555916, 0.0047299657017], [0.000447733473266, -0.00127826735843, 0.000279257073998, 0.00176241237205, -0.003244190244, 0.00036439136602, 0.00036157228169, -0.00924245920032, 0.02075342834, -0.0102081932127, 0.00295685161836, 0.00220088032074, -0.00330229196697], [-0.000260364700807, 0.0016157500213, 0.00047491263831, -0.000925703905523, 0.00331696495414, -0.0029771453701, -0.00104779505637, 0.00274785328656, -0.0102081932127, 0.017923116684, -0.0104411803186, 0.00438975961879, 0.000346524408087], [0.000270061544143, -0.00162648758851, -0.000366680120351, 0.000858430052176, -0.00311713665724, 0.00308549031615, -0.00289776595309, -0.000769564881921, 0.00295685161836, -0.0104411803186, 0.0262944605201, -0.0173539947718, 0.00395929533988], [-0.000257614912698, 0.00138702441473, 8.78163409652e-05, -0.000214214203879, 0.00151357322466, -0.00203580199741, 0.00421810336411, -0.00557352555916, 0.00220088032074, 0.00438975961879, -0.0173539947718, 0.0277445595711, -0.0122479386628], [0.000162498065038, -0.00109139154665, 0.000703660654835, -0.00046130316332, 0.000317930913297, -0.000386834406527, -0.00354965589941, 0.0047299657017, -0.00330229196697, 0.000346524408087, 0.00395929533988, -0.0122479386628, 0.0192481800914]]
    },
    "melbands": {
        "dmean": [0.000859197811224, 0.000913134193979, 0.000450302177342, 0.000341946462868, 0.000270201358944, 0.000104835206002, 7.30825631763e-05, 4.3249267037e-05, 7.84253279562e-05, 5.98921396886e-05, 6.36822005617e-05, 7.77101158747e-05, 5.53436366317e-05, 4.14896639995e-05, 8.46886832733e-05, 4.34113062511e-05, 4.03057965741e-05, 2.35778188653e-05, 2.9026188713e-05, 1.83399406524e-05, 1.34086594699e-05, 1.88487701962e-05, 1.51688709593e-05, 1.53682431119e-05, 1.44752048072e-05, 9.40056997933e-06, 1.28609144667e-05, 6.57779537505e-06, 4.86942008138e-06, 4.6424042921e-06, 5.15038891535e-06, 4.61759827886e-06, 3.42415819432e-06, 3.97206440539e-06, 5.09457049702e-06, 6.78366177453e-06, 6.40270218355e-06, 3.45424814441e-06, 3.56839700544e-06, 5.04243371324e-06],
        "dmean2": [0.00092799885897, 0.00135578133631, 0.000790614983998, 0.000627032597549, 0.000506954966113, 0.000184328149771, 0.000123422287288, 7.24709389033e-05, 0.000122906043543, 9.44552230067e-05, 9.58951859502e-05, 0.000120394899568, 8.460033132e-05, 6.42292143311e-05, 0.000127742998302, 6.54900941299e-05, 6.22792722424e-05, 3.78932563763e-05, 4.46167687187e-05, 2.87390485028e-05, 2.24005889322e-05, 3.15843026328e-05, 2.65598173428e-05, 2.69330557785e-05, 2.2269996407e-05, 1.47400705828e-05, 1.98689904209e-05, 1.04762557385e-05, 7.62471745475e-06, 7.56630788601e-06, 8.48254330776e-06, 7.43202735976e-06, 5.40041128261e-06, 6.72554870107e-06, 8.43445104692e-06, 1.18439320431e-05, 1.11760255095e-05, 5.78057824896e-06, 6.19448519501e-06, 9.17456509342e-06],
        "dvar": [3.79384482585e-06, 6.01994133831e-06, 2.27481314141e-06, 1.33538537739e-06, 1.19007177091e-06, 6.46759374945e-08, 2.2701170721e-08, 9.80847048027e-09, 3.45466588669e-08, 1.79256041122e-08, 2.83013878999e-08, 3.18605160032e-08, 1.46666305767e-08, 6.44002851047e-09, 4.35241567232e-08, 1.47984318133e-08, 9.85565229428e-09, 3.63211638543e-09, 6.586907908e-09, 2.34352248718e-09, 1.59235846731e-09, 5.53303314277e-09, 1.53681234405e-09, 1.11513343004e-09, 1.65184776968e-09, 4.49668580149e-10, 1.66919256195e-09, 2.07833417143e-10, 8.89481335808e-11, 7.27545107493e-11, 9.42873071286e-11, 6.03771754815e-11, 3.32613762921e-11, 6.05211297744e-11, 1.08240034991e-10, 1.83375509222e-10, 1.52946197374e-10, 5.70833241786e-11, 4.73792116651e-11, 1.15044869464e-10],
        "dvar2": [4.31439821114e-06, 1.25452916109e-05, 6.12083340457e-06, 3.80412325285e-06, 3.47212699126e-06, 1.80985679776e-07, 5.93422733175e-08, 2.48172291606e-08, 7.44982244782e-08, 4.08890450387e-08, 5.72893554818e-08, 7.49825090907e-08, 3.41979955465e-08, 1.59112509834e-08, 9.71021947294e-08, 3.20363540141e-08, 2.19762430476e-08, 8.33151148072e-09, 1.4818716032e-08, 5.03638108995e-09, 4.34754321432e-09, 1.39113920383e-08, 4.34544444872e-09, 3.08914827052e-09, 3.6259852898e-09, 1.0588222521e-09, 3.4197400467e-09, 4.64132066114e-10, 2.00709587839e-10, 1.81943807243e-10, 2.43340791961e-10, 1.48489595619e-10, 7.50258952187e-11, 1.60527674486e-10, 2.71944522456e-10, 4.97727192794e-10, 4.17477497017e-10, 1.49035103703e-10, 1.33130215185e-10, 3.27754878793e-10],
        "max": [0.0209544431418, 0.0236137621105, 0.0125659406185, 0.012200942263, 0.0114069450647, 0.00386056792922, 0.00223287870176, 0.00192102231085, 0.00476583791897, 0.00321324192919, 0.00454035168514, 0.00352219189517, 0.00211360584944, 0.00144455162808, 0.0039264219813, 0.00340725015849, 0.00218829070218, 0.00193064147606, 0.0030241375789, 0.00133119092789, 0.00147102633491, 0.00239776051603, 0.000702013378032, 0.000502642127685, 0.000776567030698, 0.000454956287285, 0.00124905421399, 0.000310311530484, 0.000140552598168, 0.000145572354086, 0.000185667217011, 9.88347019302e-05, 0.000119728756545, 9.42319456954e-05, 9.90161570371e-05, 0.000127539489768, 0.000105349143269, 0.000101535006252, 6.30399154034e-05, 8.86312191142e-05],
        "mean": [0.00173684570473, 0.00109664199408, 0.000347554654581, 0.00026789662661, 0.000225659125135, 0.000137579831062, 0.000114175687486, 6.82944009895e-05, 0.000127299179439, 9.79460673989e-05, 0.000128324187244, 0.000135996902827, 9.34702038649e-05, 7.94222432887e-05, 0.00015594359138, 7.09423184162e-05, 7.32294356567e-05, 4.00831340812e-05, 4.64076583739e-05, 2.99108087347e-05, 2.20586152864e-05, 2.72788256552e-05, 1.86720390047e-05, 2.02061983146e-05, 2.45325063588e-05, 1.6237689124e-05, 1.99005789909e-05, 1.09823677121e-05, 8.40422035253e-06, 7.74992713559e-06, 8.61786793394e-06, 8.90962564881e-06, 6.41024689685e-06, 6.28116868029e-06, 7.70712631493e-06, 8.75823025126e-06, 8.24774815555e-06, 5.65099526284e-06, 4.92080516779e-06, 5.3510862017e-06],
        "median": [9.26490902202e-05, 9.42965125432e-05, 3.87676336686e-05, 3.98911943194e-05, 5.83901055506e-05, 5.50080367248e-05, 4.59056936961e-05, 1.9764269382e-05, 3.36076845997e-05, 3.27028537868e-05, 3.96255381929e-05, 5.29236858711e-05, 3.65897649317e-05, 3.57794997399e-05, 4.85725249746e-05, 1.97475819732e-05, 2.55273971561e-05, 1.6908014004e-05, 1.66756199178e-05, 1.04950913737e-05, 8.40076882014e-06, 8.95425637282e-06, 6.79074082655e-06, 6.8427880251e-06, 5.62229433854e-06, 4.84601241624e-06, 4.20501191911e-06, 3.07317418446e-06, 2.28868066188e-06, 2.57026886175e-06, 3.10624454869e-06, 2.7148753361e-06, 1.94248423213e-06, 1.60281467743e-06, 1.84612031262e-06, 1.74399463049e-06, 1.52599659486e-06, 1.14076453883e-06, 1.10493078864e-06, 1.00869829112e-06],
        "min": [9.35368152539e-25, 3.06561524075e-24, 2.19590674236e-24, 9.48521224842e-25, 1.86875310876e-24, 2.36655096401e-24, 2.23725666165e-24, 2.73013478586e-24, 4.64044942584e-24, 3.5777228356e-24, 4.94146888652e-24, 3.58980424036e-24, 3.30810418048e-24, 3.47797452958e-24, 4.53271784746e-24, 5.66240571235e-24, 5.81561906623e-24, 5.14334312533e-24, 2.98836288116e-24, 4.26678613099e-24, 4.30956684675e-24, 4.5899867826e-24, 4.75310231298e-24, 6.35971536522e-24, 4.78636976065e-24, 6.00134532231e-24, 5.62157466633e-24, 5.60302026341e-24, 5.56829342307e-24, 5.77607189133e-24, 5.69685842353e-24, 5.96634790268e-24, 6.20386997694e-24, 7.73284531103e-24, 6.41149737833e-24, 6.59070882662e-24, 6.61767288123e-24, 6.55162471308e-24, 7.10634539074e-24, 5.093133312e-24],
        "var": [1.61202769959e-05, 8.08647837403e-06, 1.54578219735e-06, 7.91266302258e-07, 6.51583661693e-07, 5.806149872e-08, 3.4871789012e-08, 1.76989214395e-08, 8.62241691379e-08, 3.39044845532e-08, 8.10018789821e-08, 6.17479116727e-08, 2.78045693136e-08, 1.54578625455e-08, 1.09361316447e-07, 2.84768457703e-08, 2.65796877841e-08, 6.59053833729e-09, 1.20246337332e-08, 4.5906167756e-09, 1.99326621875e-09, 6.07078876058e-09, 1.39340416982e-09, 1.30873711868e-09, 4.4590628967e-09, 1.1450128623e-09, 2.89974422252e-09, 4.24027674084e-10, 2.05825745336e-10, 1.36522626537e-10, 1.90435278657e-10, 1.65571112376e-10, 8.37160757383e-11, 1.00241856482e-10, 1.56409107888e-10, 2.17444007244e-10, 1.79526227218e-10, 8.81105952089e-11, 5.93176410768e-11, 9.98102850369e-11]
    },
    "mfcc": {
        "mean": [-673.519958496, 86.0126495361, -8.1315908432, -5.55692672729, -0.908277392387, 2.79574871063, 1.47074759007, 2.05065131187, -4.384121418, -2.35558533669, -1.91510224342, -2.10522413254, -2.40518140793],
        "cov": [[20015.875, -3110.83935547, 192.25970459, 1023.46630859, 755.435058594, 1148.56945801, 1059.28918457, 880.272521973, 433.645111084, 563.67364502, 464.373748779, 599.834228516, 492.979919434], [-3110.83935547, 3009.64648438, -504.247070312, -389.895935059, -57.7166862488, -301.565490723, -282.390167236, -195.262390137, -120.244865417, -220.346115112, -159.462600708, -154.686721802, -137.218963623], [192.25970459, -504.247070312, 1098.38500977, 320.911834717, 199.756011963, 186.715545654, 161.789505005, 143.637924194, 74.0614776611, 103.761100769, 72.9823074341, 59.8143920898, 14.7537269592], [1023.46630859, -389.895935059, 320.911834717, 604.046264648, 254.798400879, 219.272521973, 256.595184326, 208.68637085, 124.845939636, 123.927330017, 127.096694946, 69.0869522095, 66.0938491821], [755.435058594, -57.7166862488, 199.756011963, 254.798400879, 360.429168701, 231.325119019, 188.77331543, 205.002639771, 128.135635376, 113.47063446, 96.8846740723, 89.7677230835, 62.4849281311], [1148.56945801, -301.565490723, 186.715545654, 219.272521973, 231.325119019, 367.859191895, 256.990325928, 177.301895142, 152.309967041, 154.575546265, 95.3501281738, 103.823822021, 95.4954833984], [1059.28918457, -282.390167236, 161.789505005, 256.595184326, 188.77331543, 256.990325928, 305.847717285, 221.479522705, 137.334014893, 141.332458496, 116.399734497, 95.9593887329, 86.6184768677], [880.272521973, -195.262390137, 143.637924194, 208.68637085, 205.002639771, 177.301895142, 221.479522705, 273.831176758, 153.406265259, 113.75806427, 107.072044373, 95.6634979248, 80.520111084], [433.645111084, -120.244865417, 74.0614776611, 124.845939636, 128.135635376, 152.309967041, 137.334014893, 153.406265259, 181.72744751, 142.356246948, 88.0469741821, 74.0419692993, 59.2950019836], [563.67364502, -220.346115112, 103.761100769, 123.927330017, 113.47063446, 154.575546265, 141.332458496, 113.75806427, 142.356246948, 194.088500977, 123.02306366, 72.6735992432, 56.7300758362], [464.373748779, -159.462600708, 72.9823074341, 127.096694946, 96.8846740723, 95.3501281738, 116.399734497, 107.072044373, 88.0469741821, 123.02306366, 159.322189331, 93.2754898071, 56.5394058228], [599.834228516, -154.686721802, 59.8143920898, 69.0869522095, 89.7677230835, 103.823822021, 95.9593887329, 95.6634979248, 74.0419692993, 72.6735992432, 93.2754898071, 147.214263916, 94.3037872314], [492.979919434, -137.218963623, 14.7537269592, 66.0938491821, 62.4849281311, 95.4954833984, 86.6184768677, 80.520111084, 59.2950019836, 56.7300758362, 56.5394058228, 94.3037872314, 132.69291687]],
