{
"lowlevel": {
    "average_loudness": 0.928360044956,
    "barkbands_crest": {
        "dmean": 4.17250871658,
        "dmean2": 6.69667434692,
        "dvar": 13.2904815674,
        "dvar2": 30.5107269287,
        "max": 26.5512905121,
        "mean": 12.8986520767,
        "median": 12.2236995697,
        "min": 2.11894130707,
        "var": 29.0596752167
    },
    "barkbands_flatness_db": {
        "dmean": 0.0587114430964,
        "dmean2": 0.0912668332458,
        "dvar": 0.00572274206206,
        "dvar2": 0.0125024113804,
        "max": 0.988702952862,
        "mean": 0.186887174845,
        "median": 0.104429267347,
        "min": 0.0175222866237,
        "var": 0.0387515090406
    },
    "barkbands_kurtosis": {
        "dmean": 6.94270467758,
        "dmean2": 11.30854702,
        "dvar": 1199.05871582,
        "dvar2": 3299.29052734,
        "max": 1720.46862793,
        "mean": 6.41099786758,
        "median": 1.00903940201,
        "min": -1.94602262974,
        "var": 976.39855957
    },
    "barkbands_skewness": {
        "dmean": 0.964386045933,
        "dmean2": 1.5305532217,
        "dvar": 1.58642041683,
        "dvar2": 3.67882466316,
        "max": 38.6076965332,
        "mean": 1.77942025661,
        "median": 1.43221414089,
        "min": -3.41840744019,
        "var": 2.83028244972
    },
    "barkbands_spread": {
        "dmean": 14.1495475769,
        "dmean2": 22.9439983368,
        "dvar": 208.383789062,
        "dvar2": 505.945373535,
        "max": 121.731712341,
        "mean": 38.0866317749,
        "median": 39.7610778809,
        "min": 0.0528483465314,
        "var": 560.041442871
    },
    "dissonance": {
        "dmean": 0.024249792099,
        "dmean2": 0.0413354039192,
        "dvar": 0.00127390073612,
        "dvar2": 0.00350380828604,
        "max": 0.500000178814,
        "mean": 0.4522126019,
        "median": 0.477118134499,
        "min": 0.00491000059992,
        "var": 0.00581880612299
    },
    "dynamic_complexity": 3.2024743557,
    "erbbands_crest": {
        "dmean": 2.40078687668,
        "dmean2": 3.85268378258,
        "dvar": 6.93286514282,
        "dvar2": 15.3257951736,
        "max": 32.7691993713,
        "mean": 8.66971874237,
        "median": 6.96786689758,
        "min": 2.30411505699,
        "var": 27.9168701172
    },
    "erbbands_flatness_db": {
        "dmean": 0.0306297261268,
        "dmean2": 0.0480955205858,
        "dvar": 0.00271302182227,
        "dvar2": 0.00602445984259,
        "max": 0.708424210548,
        "mean": 0.156243592501,
        "median": 0.0944944024086,
        "min": 0.0439604744315,
        "var": 0.0220570117235
    },
    "erbbands_kurtosis": {
        "dmean": 1.54270875454,
        "dmean2": 2.47794795036,
        "dvar": 60.548576355,
        "dvar2": 101.308700562,
        "max": 536.872497559,
        "mean": 1.12888395786,
        "median": -0.558396577835,
        "min": -1.88023197651,
        "var": 349.594207764
    },
    "erbbands_skewness": {
        "dmean": 0.42858171463,
        "dmean2": 0.657384514809,
        "dvar": 0.361002087593,
        "dvar2": 0.843758881092,
        "max": 17.4395828247,
        "mean": -0.0265368986875,
        "median": -0.0861980617046,
        "min": -6.15355348587,
        "var": 0.894359230995
    },
    "erbbands_spread": {
        "dmean": 15.7274389267,
        "dmean2": 24.9596920013,
        "dvar": 407.121734619,
        "dvar2": 1015.74090576,
        "max": 172.969100952,
        "mean": 53.2067565918,
        "median": 51.6564559937,
        "min": 0.268299013376,
        "var": 807.488220215
    },
    "hfc": {
        "dmean": 27.7498722076,
        "dmean2": 46.9770698547,
        "dvar": 2880.39160156,
        "dvar2": 8148.72363281,
        "max": 416.360290527,
        "mean": 49.6442909241,
        "median": 33.5860595703,
        "min": 1.09533694997e-16,
        "var": 3205.39355469
    },
    "melbands_crest": {
        "dmean": 5.70969867706,
        "dmean2": 9.32890892029,
        "dvar": 25.2871818542,
        "dvar2": 63.4838562012,
        "max": 37.315536499,
        "mean": 20.362121582,
        "median": 21.0192089081,
        "min": 1.64194703102,
        "var": 52.0804176331
    },
    "melbands_flatness_db": {
        "dmean": 0.0718601644039,
        "dmean2": 0.112209536135,
        "dvar": 0.00796975847334,
        "dvar2": 0.0176077596843,
        "max": 1,
        "mean": 0.271261751652,
        "median": 0.186321347952,
        "min": 0.00340793980286,
        "var": 0.0486167818308
    },
    "melbands_kurtosis": {
        "dmean": 20.7935333252,
        "dmean2": 34.0087356567,
        "dvar": 1584.67663574,
        "dvar2": 3841.09936523,
        "max": 815.811523438,
        "mean": 26.5330047607,
        "median": 12.8455524445,
        "min": -1.76990044117,
        "var": 1921.75769043
    },
    "melbands_skewness": {
        "dmean": 1.53288865089,
        "dmean2": 2.46774625778,
        "dvar": 3.09404778481,
        "dvar2": 7.41240644455,
        "max": 19.2066993713,
        "mean": 3.80840992928,
        "median": 3.31419086456,
        "min": -0.770523548126,
        "var": 6.1722278595
    },
    "melbands_spread": {
        "dmean": 13.1901454926,
        "dmean2": 22.2757148743,
        "dvar": 278.291778564,
        "dvar2": 736.130981445,
        "max": 162.179428101,
        "mean": 26.6990909576,
        "median": 22.8720550537,
        "min": 0.0672495961189,
        "var": 494.398834229
    },
    "pitch_salience": {
        "dmean": 0.125843152404,
        "dmean2": 0.201233699918,
        "dvar": 0.0129955876619,
        "dvar2": 0.0311213247478,
        "max": 0.968935549259,
        "mean": 0.444275259972,
        "median": 0.443598508835,
        "min": 0.00608212640509,
        "var": 0.025845149532
    },
    "silence_rate_20dB": {
        "dmean": 0,
        "dmean2": 0,
        "dvar": 0,
        "dvar2": 0,
        "max": 1,
        "mean": 1,
        "median": 1,
        "min": 1,
        "var": 0
    },
    "silence_rate_30dB": {
        "dmean": 0.0371291227639,
        "dmean2": 0.0742705538869,
        "dvar": 0.03574950248,
        "dvar2": 0.0972694605589,
        "max": 1,
        "mean": 0.97530657053,
        "median": 1,
        "min": 0,
        "var": 0.0240839459002
    },
    "silence_rate_60dB": {
        "dmean": 0.0125973811373,
        "dmean2": 0.025198938325,
        "dvar": 0.0124401208013,
        "dvar2": 0.0318634659052,
        "max": 1,
        "mean": 0.0553530007601,
        "median": 0,
        "min": 0,
        "var": 0.0522920675576
    },
    "spectral_centroid": {
        "dmean": 373.108581543,
        "dmean2": 580.952453613,
        "dvar": 216387.625,
        "dvar2": 486097.1875,
        "max": 11563.1660156,
        "mean": 1900.12963867,
        "median": 2026.71679688,
        "min": 56.3281021118,
        "var": 1373783.375
    },
    "spectral_complexity": {
        "dmean": 5.8103761673,
        "dmean2": 9.468501091,
        "dvar": 55.7630271912,
        "dvar2": 130.526550293,
        "max": 62,
        "mean": 19.9759693146,
        "median": 19,
        "min": 0,
        "var": 179.814178467
    },
    "spectral_decrease": {
        "dmean": 4.75880712614e-09,
        "dmean2": 7.73746489102e-09,
        "dvar": 3.15827649476e-17,
        "dvar2": 7.97712733365e-17,
        "max": 2.03397750316e-28,
        "mean": -1.02898418675e-08,
        "median": -8.54656434512e-09,
        "min": -5.30536716781e-08,
        "var": 5.63369686502e-17
    },
    "spectral_energy": {
        "dmean": 0.0192839093506,
        "dmean2": 0.0315199755132,
        "dvar": 0.000500749098137,
        "dvar2": 0.00127021793742,
        "max": 0.207008510828,
        "mean": 0.0433391742408,
        "median": 0.0369611680508,
        "min": 1.02588377441e-20,
        "var": 0.000967319705524
    },
    "spectral_energyband_high": {
        "dmean": 0.002792396117,
        "dmean2": 0.00469618430361,
        "dvar": 2.7784924896e-05,
        "dvar2": 7.83851064625e-05,
        "max": 0.0398519597948,
        "mean": 0.00431844172999,
        "median": 0.00237206043676,
        "min": 7.1600947693e-21,
        "var": 3.21570259985e-05
    },
    "spectral_energyband_low": {
        "dmean": 0.0172814615071,
        "dmean2": 0.0275201387703,
        "dvar": 0.000464002165245,
        "dvar2": 0.00115069851745,
        "max": 0.192703902721,
        "mean": 0.0270416829735,
        "median": 0.018907641992,
        "min": 1.80110118639e-23,
        "var": 0.000626405584626
    },
    "spectral_energyband_middle_high": {
        "dmean": 0.00219012238085,
        "dmean2": 0.00370409432799,
        "dvar": 1.55208581418e-05,
        "dvar2": 4.25988037023e-05,
        "max": 0.03352439031,
        "mean": 0.00516728218645,
        "median": 0.00400436203927,
        "min": 1.18256242511e-21,
        "var": 2.54691240116e-05
    },
    "spectral_energyband_middle_low": {
        "dmean": 0.00403180578724,
        "dmean2": 0.00677478406578,
        "dvar": 6.72745154588e-05,
        "dvar2": 0.00017724565987,
        "max": 0.0760229676962,
        "mean": 0.00712606078014,
        "median": 0.00470039108768,
        "min": 1.8838313961e-22,
        "var": 6.38556812191e-05
    },
    "spectral_entropy": {
        "dmean": 0.371658056974,
        "dmean2": 0.587463676929,
        "dvar": 0.394449710846,
        "dvar2": 0.923094987869,
        "max": 9.82377433777,
        "mean": 7.6017999649,
        "median": 8.1749830246,
        "min": 1.94270801544,
        "var": 1.98766481876
    },
    "spectral_flux": {
        "dmean": 0.0402351655066,
        "dmean2": 0.0646197199821,
        "dvar": 0.00168366439175,
        "dvar2": 0.00348063115962,
        "max": 0.366475850344,
        "mean": 0.11484901607,
        "median": 0.108551129699,
        "min": 6.45022646406e-11,
        "var": 0.00492822332308
    },
    "spectral_kurtosis": {
        "dmean": 34.9993171692,
        "dmean2": 61.746421814,
        "dvar": 26598.4570312,
        "dvar2": 78981.7734375,
        "max": 3002.44604492,
        "mean": 50.1259460449,
        "median": 1.47914242744,
        "min": -1.25257873535,
        "var": 38923.6601562
    },
    "spectral_rms": {
        "dmean": 0.00133894092869,
        "dmean2": 0.00215040845796,
        "dvar": 1.86391480383e-06,
        "dvar2": 4.58210342913e-06,
        "max": 0.0142112467438,
        "mean": 0.00599942589179,
        "median": 0.0060049709864,
        "min": 3.16364057347e-12,
        "var": 6.2889421315e-06
    },
    "spectral_rolloff": {
        "dmean": 1603.49841309,
        "dmean2": 2817.8034668,
        "dvar": 4874987.5,
        "dvar2": 12338753,
        "max": 19379.8828125,
        "mean": 2360.95288086,
        "median": 1313.52539062,
        "min": 43.06640625,
        "var": 7973644.5
    },
    "spectral_skewness": {
        "dmean": 0.96380341053,
        "dmean2": 1.62593829632,
        "dvar": 7.20581007004,
        "dvar2": 19.674539566,
        "max": 46.9153594971,
        "mean": 2.85623288155,
        "median": 1.15818667412,
        "min": -0.0499703772366,
        "var": 29.41547966
    },
    "spectral_spread": {
        "dmean": 1393079.125,
        "dmean2": 2248593.75,
        "dvar": 3.67379113574e+12,
        "dvar2": 8.73862057165e+12,
        "max": 45065632,
        "mean": 7106229.5,
        "median": 7541490,
        "min": 35915.4375,
        "var": 1.74140906537e+13
    },
    "spectral_strongpeak": {
        "dmean": 0.295272022486,
        "dmean2": 0.546654820442,
        "dvar": 0.476453304291,
        "dvar2": 1.46993601322,
        "max": 8.0625333786,
        "mean": 0.38321736455,
        "median": 0.263790428638,
        "min": 0,
        "var": 0.315279364586
    },
    "zerocrossingrate": {
        "dmean": 0.0211603920907,
        "dmean2": 0.0287541970611,
        "dvar": 0.000436424190411,
        "dvar2": 0.000739253649954,
        "max": 0.66015625,
        "mean": 0.0876444578171,
        "median": 0.0859375,
        "min": 0.001953125,
        "var": 0.00367610692047
    },
    "barkbands": {
        "dmean": [0.00275387009606, 0.0153960185125, 0.00264935917221, 0.000688362983055, 0.0010477717733, 0.00142270233482, 0.00085820350796, 0.000482498726342, 0.000629144662526, 0.000475323060527, 0.00038234872045, 0.000341554230545, 0.000373604649212, 0.000272210891126, 0.000247755233431, 0.000324109394569, 0.000329653121298, 0.000223724215175, 0.00027177479933, 0.000341534207109, 0.000267009017989, 0.000416652008425, 0.000515914987773, 0.000612199539319, 0.000727308681235, 0.000303575972794, 6.32690425846e-05],
        "dmean2": [0.00449692830443, 0.0250462368131, 0.00476524652913, 0.00122425262816, 0.00187943200581, 0.00252420944162, 0.00159145588987, 0.00082624994684, 0.00096393696731, 0.000736296875402, 0.000650005415082, 0.000550365657546, 0.000615349796135, 0.000451839383459, 0.000403889280278, 0.000535620958544, 0.000558938249014, 0.000382785423426, 0.000454037624877, 0.000575790647417, 0.00043394358363, 0.000696465431247, 0.000923159357626, 0.00103535421658, 0.00122475344688, 0.000516694562975, 0.000111370674858],
        "dvar": [1.36139788083e-05, 0.000415859074565, 2.64869431703e-05, 3.08486892209e-06, 4.35001675214e-06, 1.09903412522e-05, 6.77082607581e-06, 1.05731430722e-06, 1.79228425168e-06, 1.10494920591e-06, 5.69063900002e-07, 3.85932708014e-07, 8.55056384808e-07, 2.94795540867e-07, 2.4226656592e-07, 3.22427979427e-07, 3.82401822208e-07, 2.07693943821e-07, 2.9817141467e-07, 7.02920715412e-07, 1.44526211443e-07, 9.20677734939e-07, 1.3350553445e-06, 1.1432367728e-06, 2.31110334425e-06, 3.94612271748e-07, 2.00730241318e-08],
        "dvar2": [3.80888741347e-05, 0.0010620407993, 7.2382412327e-05, 8.47719547892e-06, 1.1877511497e-05, 2.98222475976e-05, 1.99235237233e-05, 2.99729799735e-06, 3.62479454452e-06, 2.16239277506e-06, 1.2991525864e-06, 8.27147459859e-07, 1.94391577679e-06, 6.47879346616e-07, 5.57838518489e-07, 8.39129768337e-07, 1.01101704786e-06, 5.7593672409e-07, 8.09317555195e-07, 1.96587643586e-06, 3.69234612663e-07, 2.59995249507e-06, 3.99401415052e-06, 3.35104118676e-06, 6.52239577903e-06, 1.08416224975e-06, 5.55571553207e-08],
        "max": [0.0290187280625, 0.168503493071, 0.0377198904753, 0.0198356024921, 0.0286749750376, 0.0306575354189, 0.0244187414646, 0.0194125883281, 0.0154677350074, 0.0160262938589, 0.0176788643003, 0.0151720289141, 0.0185596961528, 0.0139737436548, 0.0140295708552, 0.00907725840807, 0.00574098713696, 0.00458567496389, 0.00636563729495, 0.00831532198936, 0.00377762364224, 0.00935217458755, 0.0120792808011, 0.00847106054425, 0.0127705028281, 0.0091610904783, 0.00155078317039],
        "mean": [0.00348980841227, 0.0209755524993, 0.00256395852193, 0.000724439800251, 0.00159633310977, 0.00171379954554, 0.000815569132101, 0.000718536553904, 0.000929413945414, 0.000950271438342, 0.0005454873899, 0.000506507640239, 0.000507152581122, 0.000463152246084, 0.000368132517906, 0.000550336379092, 0.000538506370503, 0.000317716039717, 0.000491569226142, 0.000547642819583, 0.000489446509164, 0.000633928109892, 0.000671269895975, 0.000826788542327, 0.000944762374274, 0.000396175804781, 6.29212590866e-05],
        "median": [0.00163598638028, 0.0149214137346, 0.00109265279025, 0.000341764185578, 0.00118137756363, 0.00105074327439, 0.000309780851239, 0.000358719058568, 0.000231896090554, 0.000232614227571, 0.000149798521306, 0.000152081687702, 0.000160011200933, 0.000151130123413, 0.000115536357043, 0.000192295425222, 0.000204896583455, 0.000158536437084, 0.000293664867058, 0.000299361883663, 0.000270654825727, 0.000326064997353, 0.000306928006466, 0.000418134062784, 0.000434415560449, 0.000223451235797, 1.79387716344e-05],
        "min": [9.28554563685e-25, 6.28994850676e-24, 5.15413020656e-25, 1.31540692262e-24, 8.8600447142e-24, 1.3220030028e-23, 3.79030349462e-24, 1.27397494208e-23, 9.17280360843e-24, 2.19068740195e-23, 2.06603570379e-23, 2.53240269789e-23, 2.78838222406e-23, 3.50300690048e-23, 5.52294267737e-23, 7.07738299369e-23, 7.05623142401e-23, 1.11260803233e-22, 1.45451574722e-22, 1.68781422863e-22, 2.45018354383e-22, 3.4052227319e-22, 3.82482226501e-22, 5.5885844875e-22, 8.86712474082e-22, 1.3710209672e-21, 2.04540257981e-21],
        "var": [1.98678826564e-05, 0.00046442358871, 1.97606750589e-05, 2.16730290958e-06, 3.66426979781e-06, 7.92894661572e-06, 4.12952113038e-06, 1.30022328904e-06, 3.54533017344e-06, 4.44042689196e-06, 1.50010782818e-06, 9.6415783446e-07, 1.62966273365e-06, 9.15916928079e-07, 4.94849757615e-07, 6.83577979999e-07, 6.7463764708e-07, 2.08250938272e-07, 4.04523575526e-07, 6.59759678001e-07, 3.6656203406e-07, 9.01736541437e-07, 1.25156122976e-06, 1.30360115236e-06, 2.07544690056e-06, 3.60212879968e-07, 1.53338426401e-08]
    },
    "erbbands": {
        "dmean": [0.787283539772, 2.32636451721, 3.03783607483, 2.59729743004, 2.34202504158, 3.70875167847, 9.36662101746, 11.1553115845, 12.8973579407, 11.2220163345, 10.2631416321, 16.4262332916, 14.9467430115, 10.6112003326, 17.2038936615, 14.4874591827, 17.204996109, 14.6506376266, 10.8167915344, 16.3918857574, 15.1465234756, 14.8916606903, 11.0246973038, 15.6736507416, 13.8920431137, 16.2875785828, 11.3899517059, 11.5413322449, 14.8736143112, 14.226351738, 16.0446186066, 10.7598667145, 11.8796291351, 7.58067083359, 5.55713605881, 1.89014720917, 0.48555830121, 0.126762151718, 0.00734670972452, 0.000139985815622],
        "dmean2": [1.30914771557, 3.75403761864, 5.24694108963, 4.60696220398, 4.23538017273, 6.59853839874, 16.8152256012, 20.0975761414, 23.7459430695, 19.97356987, 17.9268779755, 25.2997741699, 22.9559402466, 17.2749576569, 28.7348461151, 23.1539344788, 28.1362609863, 24.1563777924, 17.6404933929, 27.3554039001, 25.0549125671, 26.2388801575, 18.9825763702, 26.4054374695, 23.5654430389, 28.018989563, 18.3532295227, 18.7805137634, 25.0108242035, 24.3104476929, 29.0538768768, 18.1188087463, 20.4438533783, 12.824338913, 9.42159461975, 3.23986077309, 0.825122117996, 0.218301892281, 0.01272514835, 0.000240403649514],
        "dvar": [1.03689694405, 11.1646442413, 30.7110290527, 44.7723655701, 8.09086322784, 69.5016479492, 733.9453125, 687.980712891, 1523.71777344, 697.083312988, 624.350524902, 1310.16943359, 1190.65148926, 572.576843262, 1126.61230469, 738.996520996, 1938.60998535, 817.595153809, 508.250732422, 1079.97912598, 614.090026855, 1004.53662109, 510.922302246, 1055.24047852, 972.245422363, 1577.04577637, 415.097930908, 296.378570557, 1264.66186523, 651.235107422, 1527.56640625, 298.087799072, 519.50177002, 183.477355957, 172.158309937, 15.1183519363, 1.36790442467, 0.0715163201094, 0.000233777915128, 7.76134783109e-08],
        "dvar2": [2.68617010117, 27.1320743561, 81.338142395, 123.845161438, 22.7893733978, 188.475509644, 2030.46350098, 1923.01953125, 4432.73339844, 2025.34289551, 1788.42443848, 2545.58105469, 2332.08251953, 1104.44018555, 2577.71679688, 1576.38623047, 4418.69140625, 1814.52087402, 1133.34216309, 2747.82714844, 1627.56884766, 2841.06030273, 1420.85522461, 2837.90356445, 2689.56494141, 4460.390625, 1055.15527344, 763.329589844, 3550.77709961, 1857.01672363, 4570.10400391, 859.195861816, 1526.76074219, 519.765991211, 488.195922852, 42.3686637878, 3.7676794529, 0.195370659232, 0.000637823715806, 2.13979816976e-07],
        "max": [7.96546602249, 25.2761077881, 36.5777282715, 79.7209091187, 44.29637146, 116.171928406, 361.245788574, 273.641265869, 416.228240967, 290.718322754, 277.707427979, 432.961395264, 553.188781738, 579.613586426, 850.573120117, 576.980651855, 923.56652832, 779.533203125, 862.39074707, 470.808959961, 309.854522705, 307.816711426, 203.718048096, 313.673034668, 361.819488525, 389.076782227, 176.300827026, 161.245132446, 340.924987793, 208.233154297, 414.141143799, 172.92855835, 205.417282104, 108.657539368, 117.491271973, 49.3392486572, 17.3801803589, 2.55587506294, 0.175285547972, 0.00304707512259],
        "mean": [0.938171803951, 3.36697149277, 3.45988750458, 2.84056520462, 3.35477209091, 5.46789503098, 10.188164711, 13.455406189, 14.152967453, 13.3972206116, 14.5724658966, 25.9274482727, 32.2173919678, 15.7505073547, 28.1952495575, 23.8558826447, 24.9663219452, 25.3922481537, 18.6813182831, 27.2217388153, 29.4357032776, 22.5135822296, 16.456741333, 26.6078891754, 23.3001976013, 26.3130130768, 20.1462287903, 20.5447769165, 22.6926708221, 20.676492691, 19.4752788544, 15.6710557938, 14.8931493759, 10.2013273239, 6.78736829758, 2.43062996864, 0.600650131702, 0.146292001009, 0.00774721521884, 0.000204737109016],
        "median": [0.528510093689, 2.4835267067, 1.76130592823, 1.37154078484, 2.49203777313, 3.87555813789, 5.41840648651, 8.56184577942, 7.52862405777, 6.14905595779, 6.08058977127, 6.90990924835, 7.14432811737, 5.34711170197, 10.1949548721, 9.05914306641, 8.87644577026, 9.11967277527, 8.49107933044, 12.0357093811, 14.7232494354, 11.1044864655, 10.2678947449, 12.3656291962, 14.464263916, 14.8826084137, 10.8635177612, 11.6597080231, 11.2376213074, 10.029624939, 8.80581665039, 8.19792079926, 7.08999204636, 5.05320167542, 2.79541969299, 1.1754130125, 0.333409368992, 0.0650203973055, 0.00254444102757, 0.000127904801047],
        "min": [9.92710199304e-23, 9.56794826415e-22, 1.69910430493e-21, 4.33985680203e-21, 8.17278840568e-21, 4.35593730623e-20, 7.30371400316e-20, 9.4145102591e-20, 1.75036949387e-19, 2.50442061943e-19, 3.78340418063e-19, 2.95760444271e-19, 7.51537892366e-19, 5.59508223355e-19, 9.11043181583e-19, 1.21840302449e-18, 1.36439492253e-18, 1.91209126523e-18, 2.44581011674e-18, 3.89741572523e-18, 3.86457872286e-18, 4.24239512201e-18, 6.25308466189e-18, 5.139033677e-18, 8.0692386925e-18, 9.473962599e-18, 1.13132557665e-17, 1.07060489486e-17, 1.16382136701e-17, 1.1947944833e-17, 1.05201616126e-17, 1.22341807579e-17, 7.94619723075e-18, 8.82916207663e-18, 6.49316266775e-18, 4.74221032174e-18, 2.36236392975e-18, 9.15669395954e-19, 2.67507780257e-19, 2.69513974354e-20],
        "var": [1.10716331005, 12.8563346863, 25.5282230377, 31.3544311523, 10.7224340439, 54.8812026978, 480.83013916, 469.158599854, 950.281799316, 585.28326416, 682.534912109, 2677.48120117, 5619.28076172, 1386.37573242, 3316.5925293, 1985.24743652, 3743.73144531, 2669.90014648, 1204.88537598, 1843.10876465, 1325.40722656, 1002.43719482, 497.78012085, 1443.13757324, 1042.53723145, 1485.11401367, 721.571899414, 646.791992188, 1201.44799805, 865.060424805, 1246.85900879, 429.910339355, 495.431335449, 200.599685669, 134.677963257, 13.6139392853, 1.1576333046, 0.0591595135629, 0.000193945335923, 6.98289071011e-08]
    },
    "gfcc": {
        "mean": [-13.2127838135, 59.4115219116, -65.3574142456, 33.388343811, -50.8701171875, 20.2721233368, -37.5693626404, 11.1697292328, -21.3944015503, 12.9500551224, -9.50933265686, 9.06825351715, -7.00916290283],
        "cov": [[41692.6484375, -9021.79296875, -4982.51367188, 3956.28710938, -526.436279297, 3700.06884766, 883.109619141, 3649.921875, 157.342453003, 1586.01660156, -686.00958252, 1089.84265137, -503.504516602], [-9021.79296875, 4885.37695312, 1654.6262207, -1707.73632812, 192.153427124, -1213.08740234, -356.775390625, -1320.96154785, 60.6790885925, -520.18762207, 306.425689697, -417.406982422, 213.355621338], [-4982.51367188, 1654.6262207, 2336.38256836, -102.166572571, -78.5545120239, -564.540161133, -260.593414307, -571.262695312, 17.2573757172, -230.328338623, 139.553375244, -93.7512512207, 106.092658997], [3956.28710938, -1707.73632812, -102.166572571, 1602.43261719, 274.003417969, 489.667755127, -29.3167209625, 504.909423828, 118.645187378, 302.416229248, -23.488407135, 248.884613037, 43.2527542114], [-526.436279297, 192.153427124, -78.5545120239, 274.003417969, 817.676208496, 160.831970215, -66.4065628052, -98.6044692993, 166.215133667, 117.071647644, 105.837944031, 46.5210914612, 68.1944122314], [3700.06884766, -1213.08740234, -564.540161133, 489.667755127, 160.831970215, 789.448791504, 260.514282227, 336.262542725, -51.1105155945, 245.496871948, 38.2576255798, 179.349014282, -71.1819839478], [883.109619141, -356.775390625, -260.593414307, -29.3167209625, -66.4065628052, 260.514282227, 366.769592285, 242.728424072, -29.7541980743, 0.218664616346, -11.8895864487, 34.4871940613, -28.9626941681], [3649.921875, -1320.96154785, -571.262695312, 504.909423828, -98.6044692993, 336.262542725, 242.728424072, 695.134338379, 143.929748535, 110.633605957, -192.118347168, 108.291519165, -6.34574174881], [157.342453003, 60.6790885925, 17.2573757172, 118.645187378, 166.215133667, -51.1105155945, -29.7541980743, 143.929748535, 254.428909302, 58.673866272, -46.0606651306, -24.7414398193, 61.5592918396], [1586.01660156, -520.18762207, -230.328338623, 302.416229248, 117.071647644, 245.496871948, 0.218664616346, 110.633605957, 58.673866272, 228.654754639, 77.9552459717, 78.3888244629, -40.1927375793], [-686.00958252, 306.425689697, 139.553375244, -23.488407135, 105.837944031, 38.2576255798, -11.8895864487, -192.118347168, -46.0606651306, 77.9552459717, 218.071426392, 61.2603149414, -8.93600463867], [1089.84265137, -417.406982422, -93.7512512207, 248.884613037, 46.5210914612, 179.349014282, 34.4871940613, 108.291519165, -24.7414398193, 78.3888244629, 61.2603149414, 171.463867188, 36.5095939636], [-503.504516602, 213.355621338, 106.092658997, 43.2527542114, 68.1944122314, -71.1819839478, -28.9626941681, -6.34574174881, 61.5592918396, -40.1927375793, -8.93600463867, 36.5095939636, 135.40625]],
        "icov": [[0.00011962553981, -0.000235042432905, 0.000106713487185, -0.00012002314179, 0.000153715518536, -0.000374260969693, 0.000341017614119, -0.000579516461585, 0.000296992540825, -0.000525255512912, 0.000514988147188, -0.000439627823653, 0.000403113226639], [-0.000235042432905, 0.00176551379263, -0.0004130412417, 0.00082794908667, -0.000397108786274, 0.000786491145846, -0.000603961059824, 0.0020479329396, -0.00192083662841, 0.00286004063673, -0.00326850195415, 0.00252704857849, -0.00219133473001], [0.000106713487185, -0.0004130412417, 0.000989379012026, -0.00078378705075, 0.000718972063623, -0.000359001394827, 2.01948341783e-06, 0.000728766492102, -0.00107867270708, 0.0007270014612, 0.000433825480286, -0.00115239340812, 0.00105210673064], [-0.00012002314179, 0.00082794908667, -0.00078378705075, 0.00220441864803, -0.00104832986835, 0.000171376232174, 0.00116122199688, -0.00156887655612, 0.00111171265598, -0.000461799470941, -0.00174766802229, 0.00147786107846, -0.00220431364141], [0.000153715518536, -0.000397108786274, 0.000718972063623, -0.00104832986835, 0.00292579852976, -0.00173247989733, 9.31521135499e-05, 0.0019820027519, -0.003497203812, 0.00102829025127, 0.000509809411597, -0.00166705134325, 0.00107566895895], [-0.000374260969693, 0.000786491145846, -0.000359001394827, 0.000171376232174, -0.00173247989733, 0.00601965375245, -0.00419212970883, 0.0018179503968, 0.00187947077211, -0.00336436694488, 0.000860888685565, -0.000608586531598, -0.000811056466773], [0.000341017614119, -0.000603961059824, 2.01948341783e-06, 0.00116122199688, 9.31521135499e-05, -0.00419212970883, 0.00949982460588, -0.0081310197711, 0.00305389962159, 0.00285281869583, -0.00526181841269, 0.00339699862525, -0.000557339633815], [-0.000579516461585, 0.0020479329396, 0.000728766492102, -0.00156887655612, 0.0019820027519, 0.0018179503968, -0.0081310197711, 0.0164362285286, -0.0116275353357, 0.00405494263396, 0.00517021212727, -0.00561968656257, 0.00188320351299], [0.000296992540825, -0.00192083662841, -0.00107867270708, 0.00111171265598, -0.003497203812, 0.00187947077211, 0.00305389962159, -0.0116275353357, 0.018454823643, -0.0119821159169, 0.00211036135443, 0.00557369925082, -0.00583166675642], [-0.000525255512912, 0.00286004063673, 0.0007270014612, -0.000461799470941, 0.00102829025127, -0.00336436694488, 0.00285281869583, 0.00405494263396, -0.0119821159169, 0.024282798171, -0.0143944481388, 0.00326324580237, 0.00245745922439], [0.000514988147188, -0.00326850195415, 0.000433825480286, -0.00174766802229, 0.000509809411597, 0.000860888685565, -0.00526181841269, 0.00517021212727, 0.00211036135443, -0.0143944481388, 0.0242910142988, -0.014987481758, 0.00700802728534], [-0.000439627823653, 0.00252704857849, -0.00115239340812, 0.00147786107846, -0.00166705134325, -0.000608586531598, 0.00339699862525, -0.00561968656257, 0.00557369925082, 0.00326324580237, -0.014987481758, 0.0234076045454, -0.0130686135963], [0.000403113226639, -0.00219133473001, 0.00105210673064, -0.00220431364141, 0.00107566895895, -0.000811056466773, -0.000557339633815, 0.00188320351299, -0.00583166675642, 0.00245745922439, 0.00700802728534, -0.0130686135963, 0.0185845531523]]
    },
    "melbands": {
        "dmean": [0.00545625155792, 0.00173514557537, 0.000427570106694, 0.000210570040508, 0.000288945739157, 0.000260505563347, 0.000190337203094, 0.000118215306429, 8.64300163812e-05, 0.000102050878922, 7.29966777726e-05, 4.30750842497e-05, 5.45386938029e-05, 4.43706449005e-05, 4.02567566198e-05, 2.94521760225e-05, 3.04382429022e-05, 1.73743665073e-05, 1.66604040714e-05, 2.91910037049e-05, 1.83604133781e-05, 1.7019587176e-05, 1.40518304761e-05, 1.02700014395e-05, 1.39014418892e-05, 1.08499789349e-05, 1.18330017358e-05, 1.13837977551e-05, 7.98883320385e-06, 6.62516231387e-06, 7.29541943656e-06, 8.56548467709e-06, 9.44603925745e-06, 7.86884265835e-06, 9.73855367192e-06, 7.68566042098e-06, 6.5227095547e-06, 7.84597432357e-06, 8.72033069754e-06, 5.8605137383e-06],
        "dmean2": [0.00896079000086, 0.00280000641942, 0.000755650224164, 0.000380476296414, 0.000513011182193, 0.000465737452032, 0.000351118622348, 0.000207472330658, 0.00014997748076, 0.000156500173034, 0.000112747547973, 6.98792791809e-05, 9.2633170425e-05, 7.12186010787e-05, 6.58190474496e-05, 4.8560774303e-05, 5.00018577441e-05, 2.86034828605e-05, 2.76504852081e-05, 4.79931513837e-05, 2.96033704217e-05, 2.945070446e-05, 2.45734026976e-05, 1.73287680809e-05, 2.34618146351e-05, 1.78989139386e-05, 2.09942518268e-05, 1.92948227777e-05, 1.2935203813e-05, 1.06559064079e-05, 1.20659469758e-05, 1.44747455124e-05, 1.62069864018e-05, 1.35327827593e-05, 1.77234851435e-05, 1.36361040859e-05, 1.09402471935e-05, 1.33895682666e-05, 1.53922283062e-05, 9.752789083e-06],
        "dvar": [5.04564086441e-05, 6.99650354363e-06, 9.86393388303e-07, 1.04879454454e-07, 6.61842875616e-07, 3.73726209091e-07, 3.36519889288e-07, 6.96240789466e-08, 4.36073293031e-08, 5.01271344433e-08, 2.97041200525e-08, 1.09525304381e-08, 1.1411937173e-08, 5.80410608464e-09, 8.39245029027e-09, 3.88553011987e-09, 4.05945499438e-09, 1.26688282087e-09, 1.09664688441e-09, 2.77492540057e-09, 9.03181029965e-10, 1.25256527372e-09, 7.87607867814e-10, 4.19619117231e-10, 8.09720568373e-10, 4.35478542116e-10, 7.98602683982e-10, 7.06522784721e-10, 2.42556807972e-10, 9.52504256024e-11, 1.27656857307e-10, 4.24335733218e-10, 4.15485978955e-10, 1.84531792624e-10, 5.49968681707e-10, 2.45507614238e-10, 9.85472120574e-11, 1.8969030513e-10, 3.91986831882e-10, 8.37549404831e-11],
        "dvar2": [0.000130268454086, 1.62657288456e-05, 2.69375664175e-06, 2.92843054694e-07, 1.82996564035e-06, 1.03474280877e-06, 9.83363634077e-07, 2.00034278919e-07, 1.23632176496e-07, 9.59298915859e-08, 5.7777054252e-08, 2.06034318495e-08, 2.65436082003e-08, 1.25927686057e-08, 1.94228793049e-08, 8.85795081729e-09, 8.71847483097e-09, 2.88336687859e-09, 2.81581780115e-09, 7.0737078417e-09, 2.17840390171e-09, 3.45002892921e-09, 2.17740003805e-09, 1.14430476206e-09, 2.15674811344e-09, 1.1258802779e-09, 2.31583618948e-09, 1.96947214093e-09, 6.24815588157e-10, 2.37494524047e-10, 3.38326672233e-10, 1.19084675454e-09, 1.17156462309e-09, 5.33524169288e-10, 1.65288538412e-09, 7.16699144476e-10, 2.8108315675e-10, 5.53243062473e-10, 1.14475651181e-09, 2.30915911392e-10],
        "max": [0.0583198107779, 0.0180101599544, 0.0113465860486, 0.00438684923574, 0.0110192354769, 0.00625566812232, 0.00600825529546, 0.003190636402, 0.00216878741048, 0.00271255266853, 0.00274841743521, 0.00259353243746, 0.002453698311, 0.00217422214337, 0.00178759999108, 0.00116958771832, 0.00173427269328, 0.00129967124667, 0.000506613578182, 0.000836087332573, 0.000469429098302, 0.000333958858391, 0.000294763944112, 0.000226727963309, 0.000288150651613, 0.000305111723719, 0.000291832751827, 0.000271832395811, 0.000141974203871, 0.000152166336193, 0.00010586730059, 0.000203289120691, 0.000197571120225, 0.000119680189528, 0.000244261842454, 0.000168358383235, 0.000102431666164, 0.000115425507829, 0.000195316621102, 6.64356339257e-05],
        "mean": [0.00707660289481, 0.00269156694412, 0.000508344732225, 0.000310615636408, 0.000346287968569, 0.000320469058352, 0.000202782393899, 0.000149675484863, 0.000123137899209, 0.000157929986017, 0.00015485973563, 5.87700415053e-05, 7.99383196863e-05, 7.53193089622e-05, 5.91320022068e-05, 3.91452558688e-05, 5.14995335834e-05, 2.89629952022e-05, 2.33860173466e-05, 5.11923935846e-05, 3.29674257955e-05, 2.53714442806e-05, 1.82340463653e-05, 1.52015700223e-05, 2.21875088755e-05, 1.65298151842e-05, 1.69405193446e-05, 1.76614212251e-05, 1.25837650558e-05, 1.17950194181e-05, 1.20498880278e-05, 1.23997988339e-05, 1.29449135784e-05, 1.12573479782e-05, 1.13013074952e-05, 1.0087004739e-05, 9.24867254071e-06, 1.00657143776e-05, 1.01004143289e-05, 8.25823553896e-06],
        "median": [0.00463282549754, 0.00190747051965, 0.000277181447018, 0.000232305726968, 0.000205497635761, 0.000204004318221, 0.00010297994595, 7.07362487447e-05, 5.30224860995e-05, 3.8299629523e-05, 3.22437263094e-05, 1.56452661031e-05, 2.57809915638e-05, 3.03232445731e-05, 2.38533648371e-05, 1.33132343763e-05, 1.382397204e-05, 1.20758177218e-05, 8.54276186146e-06, 1.54394401761e-05, 1.34763722599e-05, 1.05105718831e-05, 8.71590600582e-06, 7.67546589486e-06, 8.41167093313e-06, 7.31531872589e-06, 1.05208082459e-05, 9.42136193771e-06, 6.28509133094e-06, 6.21865501671e-06, 6.67286531097e-06, 5.90862782701e-06, 6.06332196185e-06, 5.253789368e-06, 4.96985285281e-06, 4.83088115288e-06, 4.86886256112e-06, 4.90992124469e-06, 4.45503292212e-06, 4.14605437982e-06],
        "min": [2.04051080758e-24, 1.55464269858e-24, 7.51722122664e-25, 2.05545518578e-24, 2.02169706664e-24, 2.47259181626e-24, 2.47607443994e-24, 2.39702288584e-24, 2.77819791145e-24, 1.45312182211e-24, 3.46556416982e-24, 1.89815356027e-24, 3.00243655414e-24, 3.72486117164e-24, 2.15372398318e-24, 2.64293627076e-24, 3.15336004202e-24, 3.15006694217e-24, 3.99292399585e-24, 3.96999930351e-24, 3.4789073576e-24, 3.30860845981e-24, 5.08505774291e-24, 5.4119159481e-24, 3.29222283273e-24, 5.69202073403e-24, 6.098327882e-24, 6.14514125469e-24, 6.09940586042e-24, 6.59127877863e-24, 5.60694011325e-24, 5.62017719924e-24, 6.36225668062e-24, 4.94174814328e-24, 4.41431653091e-24, 6.39631141147e-24, 6.78625009009e-24, 5.55781656139e-24, 4.65422254282e-24, 6.72556459837e-24],
        "var": [5.48549542145e-05, 8.42615736474e-06, 7.22557217614e-07, 1.03076544633e-07, 4.40717144556e-07, 2.62275875684e-07, 2.08188467354e-07, 6.58345058469e-08, 5.01832566613e-08, 9.96545921339e-08, 1.3766293705e-07, 2.64944119976e-08, 2.90931208013e-08, 1.74719598789e-08, 1.64695705962e-08, 7.73957165023e-09, 1.33185293905e-08, 2.92748403297e-09, 1.68173608373e-09, 6.42981712318e-09, 2.37256148061e-09, 1.54523494e-09, 8.00972177473e-10, 4.74852601684e-10, 1.13328990636e-09, 6.44903019875e-10, 6.32250807264e-10, 6.99997115827e-10, 3.27754628993e-10, 2.56094562223e-10, 2.36326846981e-10, 3.87634591092e-10, 4.04278333033e-10, 2.64389815596e-10, 4.41556319286e-10, 2.43087244778e-10, 1.4856738062e-10, 2.07066822022e-10, 2.94993085515e-10, 1.18711512842e-10]
    },
    "mfcc": {
        "mean": [-659.675354004, 83.8113021851, 42.1588439941, 28.882724762, 16.0708351135, 10.2826290131, 3.57739090919, 0.441511452198, -1.07393908501, -0.279932320118, 0.300815522671, 4.11177825928, 5.9926815033],
        "cov": [[26747.1777344, -3771.78808594, -3425.81298828, -1301.91052246, -552.285888672, 318.681488037, 1300.81665039, 1967.70617676, 2058.78344727, 1723.50732422, 1178.28356934, 778.265136719, 790.245666504], [-3771.78808594, 1950.27294922, 687.059082031, 191.017776489, 77.0845184326, -83.5616531372, -277.2527771, -368.817962646, -352.33303833, -293.829711914, -207.398498535, -79.7049179077, -70.4713363647], [-3425.81298828, 687.059082031, 1596.84204102, 524.082458496, 188.282669067, 8.04366588593, -247.294006348, -332.45513916, -368.90713501, -285.268554688, -195.469360352, -111.718528748, -80.8016815186], [-1301.91052246, 191.017776489, 524.082458496, 652.970397949, 413.20602417, 134.823730469, -92.6098022461, -142.116836548, -91.5684967041, -99.5984191895, -120.17540741, -6.03219509125, 80.484664917], [-552.285888672, 77.0845184326, 188.282669067, 413.20602417, 570.12310791, 320.098297119, 29.0081253052, -45.2270698547, -3.4167175293, -42.7179222107, -79.1035385132, 46.5898284912, 163.359588623], [318.681488037, -83.5616531372, 8.04366588593, 134.823730469, 320.098297119, 429.918609619, 244.636169434, 52.1679573059, -21.5171871185, -17.6520404816, 27.0429878235, 102.357200623, 139.93939209], [1300.81665039, -277.2527771, -247.294006348, -92.6098022461, 29.0081253052, 244.636169434, 363.347961426, 230.011947632, 78.7224121094, 57.8852462769, 102.710517883, 100.561431885, 93.833366394], [1967.70617676, -368.817962646, -332.45513916, -142.116836548, -45.2270698547, 52.1679573059, 230.011947632, 369.575958252, 309.011138916, 187.064544678, 85.7665863037, 50.7914962769, 96.714225769], [2058.78344727, -352.33303833, -368.90713501, -91.5684967041, -3.4167175293, -21.5171871185, 78.7224121094, 309.011138916, 456.004608154, 292.750610352, 75.5219650269, 14.0265817642, 76.5561523438], [1723.50732422, -293.829711914, -285.268554688, -99.5984191895, -42.7179222107, -17.6520404816, 57.8852462769, 187.064544678, 292.750610352, 310.340240479, 168.315353394, 39.61743927, 2.16531181335], [1178.28356934, -207.398498535, -195.469360352, -120.17540741, -79.1035385132, 27.0429878235, 102.710517883, 85.7665863037, 75.5219650269, 168.315353394, 232.341583252, 112.598648071, -14.8437023163], [778.265136719, -79.7049179077, -111.718528748, -6.03219509125, 46.5898284912, 102.357200623, 100.561431885, 50.7914962769, 14.0265817642, 39.61743927, 112.598648071, 186.097717285, 119.509750366], [790.245666504, -70.4713363647, -80.8016815186, 80.484664917, 163.359588623, 139.93939209, 93.833366394, 96.714225769, 76.5561523438, 2.16531181335, -14.8437023163, 119.509750366, 239.552627563]],
