{
"lowlevel": {
    "average_loudness": 0.743343174458,
    "barkbands_crest": {
        "dmean": 2.7543118,
        "dmean2": 4.24273490906,
        "dvar": 7.6893415451,
        "dvar2": 16.9068889618,
        "max": 26.5159225464,
        "mean": 13.893529892,
        "median": 13.6199159622,
        "min": 2.32873225212,
        "var": 29.8026485443
    },
    "barkbands_flatness_db": {
        "dmean": 0.0306939668953,
        "dmean2": 0.0424137413502,
        "dvar": 0.00114425458014,
        "dvar2": 0.00180871097837,
        "max": 0.560096025467,
        "mean": 0.17614556849,
        "median": 0.174184888601,
        "min": 0.0159913469106,
        "var": 0.00724140321836
    },
    "barkbands_kurtosis": {
        "dmean": 16.5781154633,
        "dmean2": 23.692855835,
        "dvar": 3801.90844727,
        "dvar2": 7739.24316406,
        "max": 1491.69128418,
        "mean": 22.1898078918,
        "median": 6.53230285645,
        "min": -1.93604421616,
        "var": 4968.9296875
    },
    "barkbands_skewness": {
        "dmean": 1.07690989971,
        "dmean2": 1.52332043648,
        "dvar": 2.81234622002,
        "dvar2": 5.3688044548,
        "max": 31.7630348206,
        "mean": 2.94611477852,
        "median": 2.33078694344,
        "min": -3.12794423103,
        "var": 8.30356788635
    },
    "barkbands_spread": {
        "dmean": 8.26798820496,
        "dmean2": 12.8397302628,
        "dvar": 190.364471436,
        "dvar2": 378.990814209,
        "max": 119.654975891,
        "mean": 25.1700248718,
        "median": 13.1797122955,
        "min": 0.141321361065,
        "var": 684.20501709
    },
    "dissonance": {
        "dmean": 0.0160104576498,
        "dmean2": 0.0271215345711,
        "dvar": 0.000323103304254,
        "dvar2": 0.00089834514074,
        "max": 0.500000119209,
        "mean": 0.470501035452,
        "median": 0.480515778065,
        "min": 0.216986641288,
        "var": 0.000893357617315
    },
    "dynamic_complexity": 5.4745965004,
    "erbbands_crest": {
        "dmean": 1.95665919781,
        "dmean2": 3.10656642914,
        "dvar": 4.07632684708,
        "dvar2": 9.37180233002,
        "max": 28.9448509216,
        "mean": 7.82067775726,
        "median": 6.67289686203,
        "min": 2.13987660408,
        "var": 15.6963710785
    },
    "erbbands_flatness_db": {
        "dmean": 0.0137956086546,
        "dmean2": 0.0210171397775,
        "dvar": 0.000198328270926,
        "dvar2": 0.000440078787506,
        "max": 0.478098064661,
        "mean": 0.140927836299,
        "median": 0.119607143104,
        "min": 0.048332605511,
        "var": 0.00452918745577
    },
    "erbbands_kurtosis": {
        "dmean": 1.21360766888,
        "dmean2": 1.89809143543,
        "dvar": 3.47321820259,
        "dvar2": 8.59255409241,
        "max": 35.4917144775,
        "mean": 1.00738716125,
        "median": 0.307878494263,
        "min": -1.85169041157,
        "var": 6.87913370132
    },
    "erbbands_skewness": {
        "dmean": 0.40781506896,
        "dmean2": 0.60131418705,
        "dvar": 0.227847978473,
        "dvar2": 0.476000130177,
        "max": 5.75037431717,
        "mean": -0.0194166377187,
        "median": -0.120767839253,
        "min": -3.24702620506,
        "var": 1.20187222958
    },
    "erbbands_spread": {
        "dmean": 10.2938814163,
        "dmean2": 15.5546922684,
        "dvar": 173.561172485,
        "dvar2": 403.516540527,
        "max": 181.827285767,
        "mean": 44.5079498291,
        "median": 38.311630249,
        "min": 1.84564507008,
        "var": 748.277832031
    },
    "hfc": {
        "dmean": 15.2554979324,
        "dmean2": 24.1636619568,
        "dvar": 1040.36193848,
        "dvar2": 2660.6953125,
        "max": 364.117279053,
        "mean": 30.3200950623,
        "median": 10.1665287018,
        "min": 1.06736679709e-16,
        "var": 1992.94067383
    },
    "melbands_crest": {
        "dmean": 3.67328834534,
        "dmean2": 5.47648906708,
        "dvar": 13.7452344894,
        "dvar2": 31.6319541931,
        "max": 37.9982872009,
        "mean": 22.0899944305,
        "median": 21.2111263275,
        "min": 1.7267999649,
        "var": 72.726020813
    },
    "melbands_flatness_db": {
        "dmean": 0.0377653166652,
        "dmean2": 0.0531201288104,
        "dvar": 0.0017846232513,
        "dvar2": 0.00300593324937,
        "max": 0.684219479561,
        "mean": 0.263335704803,
        "median": 0.271167755127,
        "min": 0.00432123336941,
        "var": 0.011335670948
    },
    "melbands_kurtosis": {
        "dmean": 33.6873321533,
        "dmean2": 50.0250396729,
        "dvar": 8485.47558594,
        "dvar2": 20365.0039062,
        "max": 2238.29858398,
        "mean": 56.0856018066,
        "median": 16.6138439178,
        "min": -1.76076030731,
        "var": 13032.9316406
    },
    "melbands_skewness": {
        "dmean": 1.48605918884,
        "dmean2": 2.16633224487,
        "dvar": 4.63336896896,
        "dvar2": 10.14523983,
        "max": 43.4213294983,
        "mean": 4.9664978981,
        "median": 3.62739992142,
        "min": -1.89289999008,
        "var": 15.9617137909
    },
    "melbands_spread": {
        "dmean": 9.0873632431,
        "dmean2": 14.1633281708,
        "dvar": 250.063934326,
        "dvar2": 558.038330078,
        "max": 239.736328125,
        "mean": 21.2814006805,
        "median": 9.08064842224,
        "min": 0.135122105479,
        "var": 798.939758301
    },
    "pitch_salience": {
        "dmean": 0.0856031104922,
        "dmean2": 0.128969222307,
        "dvar": 0.00837367679924,
        "dvar2": 0.0162407308817,
        "max": 0.856139779091,
        "mean": 0.427647531033,
        "median": 0.44954392314,
        "min": 0.0490911751986,
        "var": 0.0344768390059
    },
    "silence_rate_20dB": {
        "dmean": 0,
        "dmean2": 0,
        "dvar": 0,
        "dvar2": 0,
        "max": 1,
        "mean": 1,
        "median": 1,
        "min": 1,
        "var": 0
    },
    "silence_rate_30dB": {
        "dmean": 0.0607394352555,
        "dmean2": 0.121492244303,
        "dvar": 0.0570473186672,
        "dvar2": 0.1135610044,
        "max": 1,
        "mean": 0.830454409122,
        "median": 1,
        "min": 0,
        "var": 0.140789270401
    },
    "silence_rate_60dB": {
        "dmean": 0.0178257040679,
        "dmean2": 0.0356553308666,
        "dvar": 0.0175100639462,
        "dvar2": 0.0407740212977,
        "max": 1,
        "mean": 0.197381451726,
        "median": 0,
        "min": 0,
        "var": 0.158406376839
    },
    "spectral_centroid": {
        "dmean": 296.188934326,
        "dmean2": 441.939361572,
        "dvar": 212554.21875,
        "dvar2": 424085.0625,
        "max": 11417.9130859,
        "mean": 1609.42126465,
        "median": 1179.25390625,
        "min": 102.511634827,
        "var": 1377397.75
    },
    "spectral_complexity": {
        "dmean": 4.26320409775,
        "dmean2": 6.53681087494,
        "dvar": 35.7088623047,
        "dvar2": 76.0008163452,
        "max": 61,
        "mean": 15.4767303467,
        "median": 10,
        "min": 0,
        "var": 181.027832031
    },
    "spectral_decrease": {
        "dmean": 4.36425118266e-09,
        "dmean2": 6.27655349916e-09,
        "dvar": 5.47000642447e-17,
        "dvar2": 1.20723489921e-16,
        "max": 1.19773161944e-28,
        "mean": -1.18419576367e-08,
        "median": -6.05426597744e-09,
        "min": -9.54882040105e-08,
        "var": 2.18970550306e-16
    },
    "spectral_energy": {
        "dmean": 0.0169244017452,
        "dmean2": 0.0246412735432,
        "dvar": 0.00078197644325,
        "dvar2": 0.00174433318898,
        "max": 0.362415164709,
        "mean": 0.0474445261061,
        "median": 0.0260219480842,
        "min": 9.95725367047e-21,
        "var": 0.00323804840446
    },
    "spectral_energyband_high": {
        "dmean": 0.00171628536191,
        "dmean2": 0.00271637458354,
        "dvar": 1.49842671817e-05,
        "dvar2": 3.85397106584e-05,
        "max": 0.0430600009859,
        "mean": 0.0029416680336,
        "median": 0.000334167358233,
        "min": 7.52186350267e-21,
        "var": 2.55196300714e-05
    },
    "spectral_energyband_low": {
        "dmean": 0.0163582451642,
        "dmean2": 0.0239615701139,
        "dvar": 0.000884546141606,
        "dvar2": 0.00189787207637,
        "max": 0.352645576,
        "mean": 0.0369816757739,
        "median": 0.0127565059811,
        "min": 4.02035576608e-23,
        "var": 0.00300977635197
    },
    "spectral_energyband_middle_high": {
        "dmean": 0.00117833469994,
        "dmean2": 0.00179432390723,
        "dvar": 5.93731238041e-06,
        "dvar2": 1.28413512357e-05,
        "max": 0.0371836535633,
        "mean": 0.00249811331742,
        "median": 0.000864457339048,
        "min": 1.34978447822e-21,
        "var": 1.70068615262e-05
    },
    "spectral_energyband_middle_low": {
        "dmean": 0.00311486539431,
        "dmean2": 0.00514925504103,
        "dvar": 9.23992993194e-05,
        "dvar2": 0.00024353939807,
        "max": 0.126934573054,
        "mean": 0.00501079950482,
        "median": 0.00278513436206,
        "min": 2.54986930895e-22,
        "var": 7.73915890022e-05
    },
    "spectral_entropy": {
        "dmean": 0.162215650082,
        "dmean2": 0.241199299693,
        "dvar": 0.0420488193631,
        "dvar2": 0.0817521512508,
        "max": 9.81385135651,
        "mean": 7.60103988647,
        "median": 7.76068639755,
        "min": 4.94445466995,
        "var": 0.554767787457
    },
    "spectral_flux": {
        "dmean": 0.0293683037162,
        "dmean2": 0.0439681969583,
        "dvar": 0.0016517851036,
        "dvar2": 0.00337490974925,
        "max": 0.438187658787,
        "mean": 0.0874605253339,
        "median": 0.0676824450493,
        "min": 6.53690573893e-11,
        "var": 0.0061568422243
    },
    "spectral_kurtosis": {
        "dmean": 1.83480250835,
        "dmean2": 3.05544376373,
        "dvar": 15.9019584656,
        "dvar2": 46.1894073486,
        "max": 157.491439819,
        "mean": 8.01117992401,
        "median": 3.04363870621,
        "min": -1.22747528553,
        "var": 124.947998047
    },
    "spectral_rms": {
        "dmean": 0.00100310414564,
        "dmean2": 0.00143459008541,
        "dvar": 1.62993160302e-06,
        "dvar2": 3.34411993208e-06,
        "max": 0.0188036113977,
        "mean": 0.00559596950188,
        "median": 0.00503857759759,
        "min": 3.1167921976e-12,
        "var": 1.49724783114e-05
    },
    "spectral_rolloff": {
        "dmean": 733.919677734,
        "dmean2": 1245.09008789,
        "dvar": 2349914.25,
        "dvar2": 4957130.5,
        "max": 18949.21875,
        "mean": 1579.71704102,
        "median": 473.73046875,
        "min": 43.06640625,
        "var": 5436360
    },
    "spectral_skewness": {
        "dmean": 0.224181205034,
        "dmean2": 0.350404798985,
        "dvar": 0.0757964029908,
        "dvar2": 0.194122076035,
        "max": 10.0049886703,
        "mean": 1.94837296009,
        "median": 1.37765014172,
        "min": -0.0199972763658,
        "var": 1.66860592365
    },
    "spectral_spread": {
        "dmean": 509336.28125,
        "dmean2": 763890.6875,
        "dvar": 594449989632,
        "dvar2": 1.19058163302e+12,
        "max": 46332716,
        "mean": 5218399.5,
        "median": 5206091,
        "min": 731441.5,
        "var": 4.28756854374e+12
    },
    "spectral_strongpeak": {
        "dmean": 0.19016353786,
        "dmean2": 0.326899588108,
        "dvar": 0.406350940466,
        "dvar2": 1.16383457184,
        "max": 15.2837495804,
        "mean": 0.384896188974,
        "median": 0.253943860531,
        "min": 0,
        "var": 0.373861819506
    },
    "zerocrossingrate": {
        "dmean": 0.0136712305248,
        "dmean2": 0.0148596120998,
        "dvar": 0.000354530842742,
        "dvar2": 0.000401670928113,
        "max": 0.66162109375,
        "mean": 0.0573984310031,
        "median": 0.03271484375,
        "min": 0.001953125,
        "var": 0.00318452599458
    },
    "barkbands": {
        "dmean": [0.00255094561726, 0.0145647339523, 0.002350008348, 0.000676166499034, 0.00180321640801, 0.000738076632842, 0.00032439242932, 0.000188062986126, 0.000220832618652, 0.00014188948262, 0.000127372666611, 0.000119605050713, 9.96947565e-05, 0.00014061643742, 0.000165539197042, 0.000212047496461, 0.000167570484336, 0.000223059541895, 0.000239461995079, 0.00022903457284, 0.000294240249787, 0.000409775151638, 0.000423256831709, 0.000333189935191, 0.000230347373872, 9.54318165896e-05, 1.96299806703e-05],
        "dmean2": [0.0035821753554, 0.0210927836597, 0.00413653440773, 0.00120432232507, 0.00308953993954, 0.00128077878617, 0.000521445472259, 0.000310212199111, 0.000379791890737, 0.000237945860135, 0.000207771881833, 0.000190192469745, 0.000155645218911, 0.000229287354159, 0.000268174946541, 0.000347080291249, 0.000263032939984, 0.000357751647243, 0.000378701864975, 0.000376283802325, 0.000473185820738, 0.000636294658761, 0.000702729506884, 0.000532131874934, 0.000377782504074, 0.000150101055624, 3.13455857395e-05],
        "dvar": [2.16443040699e-05, 0.000770119950175, 7.55242363084e-05, 5.56323539058e-06, 4.30297332059e-05, 4.60897808807e-06, 4.48967057309e-07, 1.80889429657e-07, 3.65523447954e-07, 9.15406772606e-08, 1.10420074861e-07, 1.01195219315e-07, 5.41695541756e-08, 1.2609793032e-07, 2.36279447563e-07, 5.467109645e-07, 2.16247372009e-07, 2.80430469957e-07, 4.70775887607e-07, 2.50993394957e-07, 4.02008595302e-07, 8.13391693555e-07, 1.13286841952e-06, 6.32699084235e-07, 3.19093572898e-07, 4.38773959388e-08, 3.89140186741e-09],
        "dvar2": [4.26913029514e-05, 0.00157664797734, 0.000209445730434, 1.57035319717e-05, 0.000117532777949, 1.31562783281e-05, 1.034832394e-06, 4.68323975156e-07, 1.00621650745e-06, 2.41843736148e-07, 2.8160152965e-07, 2.42540551199e-07, 1.17903240948e-07, 3.05171653281e-07, 5.95826861627e-07, 1.19415972222e-06, 4.82561063109e-07, 6.54627342556e-07, 9.4311144494e-07, 6.35037395114e-07, 9.96245489659e-07, 1.95216944121e-06, 3.02087823911e-06, 1.62325193287e-06, 8.52469042911e-07, 1.06785392973e-07, 9.38756539171e-09],
        "max": [0.0615225061774, 0.308681935072, 0.0887832939625, 0.0330131612718, 0.0964967086911, 0.0314200110734, 0.0197204165161, 0.0076595232822, 0.00867589563131, 0.00429871492088, 0.00636143889278, 0.008410458453, 0.00717538408935, 0.0076497043483, 0.0138227213174, 0.0222004409879, 0.0102289877832, 0.00833092164248, 0.0202889796346, 0.0100393304601, 0.00788359157741, 0.0104590626433, 0.0142481587827, 0.00939775537699, 0.00651715323329, 0.00208690972067, 0.000884104869328],
        "mean": [0.00556371640414, 0.0293217711151, 0.00215408671647, 0.000683243677486, 0.00204558088444, 0.00103163835593, 0.000612775271293, 0.000317269354127, 0.000254085083725, 0.000211152393604, 0.000168654281879, 0.00016419806343, 0.000143807264976, 0.000192631705431, 0.000221178604988, 0.000270614313195, 0.000240295863478, 0.000322260399116, 0.00039830559399, 0.000422859040555, 0.000486672099214, 0.000673639879096, 0.00056905450765, 0.000472206185805, 0.000322863925248, 0.000157443180797, 2.2464131689e-05],
        "median": [0.00112627178896, 0.00864752940834, 0.000632233917713, 0.000233822516748, 0.000701972690877, 0.000380404642783, 0.000278678198811, 0.00010727209883, 9.09652953851e-05, 9.12495379453e-05, 5.97655889578e-05, 5.68870236748e-05, 5.01738904859e-05, 4.75659799122e-05, 4.10292122979e-05, 3.47190980392e-05, 3.16619589285e-05, 4.14322857978e-05, 4.00047865696e-05, 5.14847961313e-05, 4.92489125463e-05, 7.57327943575e-05, 4.64872609882e-05, 4.38783354184e-05, 2.08375477087e-05, 1.34089486892e-05, 1.07166442831e-06],
        "min": [3.76272610066e-24, 1.57390419698e-23, 8.37946276213e-24, 8.07921520185e-24, 6.12917628769e-24, 1.2365651858e-23, 1.48830158694e-23, 4.20992219705e-23, 3.36394555348e-23, 3.5407873425e-23, 5.20855730973e-23, 4.51776506789e-23, 3.40028774429e-23, 5.79628298103e-23, 1.03312549985e-22, 1.01831062894e-22, 1.24985291666e-22, 1.43980961289e-22, 1.31503327471e-22, 1.94705386449e-22, 3.28548500608e-22, 4.67615237111e-22, 5.60891867106e-22, 6.95404743106e-22, 1.03932043085e-21, 1.39951426969e-21, 2.19108673597e-21],
        "var": [8.15351304482e-05, 0.00219324277714, 4.90843085572e-05, 3.82506277674e-06, 3.07125046675e-05, 3.85361227018e-06, 1.29363377255e-06, 3.24680058839e-07, 3.04087848235e-07, 1.13922361322e-07, 1.25767201098e-07, 1.32017007104e-07, 8.3123858019e-08, 1.86739356423e-07, 3.86833221455e-07, 8.38924620439e-07, 3.46555253827e-07, 5.23113385498e-07, 1.15245859433e-06, 6.90973649853e-07, 8.13425629076e-07, 1.48783522036e-06, 1.32407944875e-06, 8.30948863495e-07, 3.81860587595e-07, 7.75414079612e-08, 4.1583252397e-09]
    },
    "erbbands": {
        "dmean": [0.731408298016, 2.391882658, 3.08501958847, 2.24691653252, 3.64156246185, 6.48710203171, 8.25139808655, 5.53989267349, 4.62867832184, 4.60253000259, 3.562520504, 4.65638780594, 5.15914487839, 4.0557718277, 4.48719596863, 4.78992509842, 4.70811462402, 5.75640392303, 7.46179294586, 10.0636587143, 9.15573310852, 10.0024719238, 11.7272281647, 14.5625743866, 10.4855337143, 10.5180063248, 11.9054384232, 12.7725992203, 14.4830083847, 13.1522083282, 12.2639493942, 6.94770526886, 5.79540014267, 2.97264528275, 1.5363740921, 0.467971652746, 0.183777853847, 0.0425029583275, 0.00239880662411, 5.49558862986e-05],
        "dmean2": [1.05187678337, 3.587028265, 5.11900568008, 3.92487812042, 6.36928844452, 11.438369751, 14.662976265, 9.30648231506, 7.60201120377, 7.4987206459, 6.00753068924, 7.89882087708, 8.78930473328, 6.67806816101, 7.25758123398, 7.51965618134, 7.30161476135, 9.33165168762, 12.0435390472, 16.3803691864, 15.0115480423, 15.6911439896, 18.7908592224, 22.4104194641, 16.8529605865, 17.3353252411, 19.2824001312, 20.2969112396, 22.5732021332, 21.3377361298, 20.4626178741, 11.3900794983, 9.30380249023, 4.89495897293, 2.51472330093, 0.731561779976, 0.293509930372, 0.0666402056813, 0.00385240395553, 8.69065916049e-05],
        "dvar": [2.19113659859, 28.0352020264, 117.162635803, 62.5073242188, 237.473617554, 528.025634766, 846.237060547, 182.845245361, 86.789642334, 99.3941040039, 72.1432723999, 136.496398926, 180.097763062, 79.4744491577, 153.350585938, 169.734130859, 122.548797607, 174.215805054, 375.921264648, 869.00189209, 840.519287109, 856.378051758, 854.721801758, 1781.95703125, 761.857971191, 500.20324707, 699.12902832, 757.760742188, 957.903808594, 980.097961426, 942.34387207, 254.463745117, 217.659667969, 51.6266365051, 16.1849555969, 1.05314135551, 0.175545066595, 0.0153844878078, 4.9690130254e-05, 1.42118823376e-08],
        "dvar2": [4.46868276596, 55.0544166565, 310.238525391, 173.032165527, 656.318481445, 1483.84753418, 2428.80908203, 499.050689697, 211.3125, 242.358093262, 193.144393921, 366.215789795, 493.206726074, 200.565750122, 400.894897461, 397.315032959, 272.977050781, 429.63760376, 947.601501465, 1994.48706055, 2126.87060547, 1896.35693359, 1995.26867676, 3545.26708984, 1680.95739746, 1260.90673828, 1783.91223145, 1827.03369141, 2286.37133789, 2533.13330078, 2503.00805664, 661.137695312, 568.656982422, 137.958328247, 43.4537658691, 2.64204692841, 0.434181779623, 0.0357514247298, 0.000118627671327, 3.51139526344e-08],
        "max": [16.5672454834, 58.0640029907, 104.272392273, 113.589530945, 273.470550537, 354.245391846, 392.097167969, 184.938842773, 165.0987854, 252.044921875, 162.869003296, 165.643417358, 227.814697266, 154.732955933, 264.566894531, 387.665679932, 335.214904785, 193.001449585, 351.593933105, 683.748046875, 811.882507324, 702.195068359, 547.645019531, 1429.09838867, 973.106689453, 537.918273926, 470.328948975, 404.066223145, 328.550170898, 296.151306152, 409.114135742, 196.662979126, 170.869628906, 79.567237854, 49.7384681702, 12.6014242172, 4.35925960541, 1.98598754406, 0.0950166210532, 0.00154390907846],
        "mean": [1.48555397987, 3.9509472847, 3.28662395477, 2.47868156433, 3.81163477898, 7.59152889252, 8.61438846588, 9.29341316223, 8.42638492584, 9.23855113983, 5.03548622131, 5.73375749588, 6.98615980148, 5.9721159935, 6.26902675629, 6.77639436722, 7.04475641251, 8.17480564117, 10.7757396698, 14.1719846725, 12.352142334, 14.539894104, 17.1288089752, 23.3686237335, 17.8058433533, 20.0598125458, 19.8651943207, 20.8659572601, 23.2857494354, 19.6129341125, 16.4848270416, 10.2704200745, 7.57091522217, 4.04212093353, 2.15666747093, 0.774825274944, 0.276648908854, 0.0599045716226, 0.0029570760671, 0.000115330170956],
        "median": [0.298707157373, 1.42125916481, 1.17737030983, 1.03145205975, 1.07489824295, 2.25988554955, 3.2871992588, 3.56346654892, 4.01982164383, 3.62153673172, 2.41078519821, 2.25203537941, 2.9528503418, 2.81737351418, 2.40108633041, 2.39875245094, 2.44081807137, 2.29937171936, 2.65740919113, 2.29256629944, 1.8703340292, 1.88589048386, 2.01646399498, 3.03012824059, 1.78904616833, 2.61229586601, 2.46815943718, 2.07147049904, 2.55808639526, 1.99579632282, 1.27060616016, 0.981669127941, 0.653274476528, 0.295075029135, 0.116035960615, 0.0583858601749, 0.0240334756672, 0.00412278855219, 0.00020336281159, 4.76337409054e-05],
        "min": [1.63756833281e-22, 3.4159723943e-21, 9.86503111011e-21, 3.52469510762e-20, 1.71673742876e-20, 2.53875300924e-20, 4.76107130633e-20, 1.41540244632e-19, 1.34440902401e-19, 8.27812888734e-19, 6.39156307164e-19, 7.02601628833e-19, 1.14610847293e-18, 1.5115121998e-18, 1.75783076639e-18, 2.04052222227e-18, 1.9744360748e-18, 2.48350515084e-18, 3.7304443555e-18, 5.82242755163e-18, 5.85890952537e-18, 7.24293240986e-18, 7.3183977515e-18, 8.02150954398e-18, 8.1132612447e-18, 9.11668757601e-18, 1.48979496573e-17, 1.2938110632e-17, 1.47421220648e-17, 1.83728063704e-17, 1.44056481526e-17, 1.35651797107e-17, 1.37608352225e-17, 1.07651518305e-17, 7.42980078204e-18, 4.73377142514e-18, 2.51614383666e-18, 1.32522781713e-18, 2.92087607255e-19, 3.29806151383e-20],
        "var": [6.46716117859, 51.485244751, 90.3221054077, 44.14245224, 159.214294434, 377.430908203, 533.015014648, 255.983078003, 190.873291016, 264.058837891, 70.1461410522, 130.940719604, 164.583480835, 100.208854675, 172.83190918, 226.422073364, 189.54750061, 255.373474121, 562.443237305, 1574.41674805, 1105.86791992, 1330.86608887, 1587.66052246, 4070.73999023, 1827.66821289, 1518.7265625, 1279.45373535, 1618.03234863, 1756.45385742, 1360.0279541, 1128.51599121, 371.818237305, 245.24029541, 61.213924408, 18.4060573578, 1.92741441727, 0.264773875475, 0.0189848113805, 5.86898604524e-05, 2.38497541716e-08]
    },
    "gfcc": {
        "mean": [-42.363948822, 71.1648864746, -84.6859130859, 26.2074108124, -51.1314277649, 19.7716064453, -33.8754310608, 10.3225317001, -18.2521324158, 14.4230442047, -10.9021091461, 9.90762329102, -7.73315954208],
        "cov": [[18077.2597656, -4738.421875, 1319.92346191, 4769.40820312, -179.887588501, 1062.71679688, 643.483520508, 1080.48620605, 113.885917664, 87.6939697266, -125.999023438, 291.919830322, -247.95664978], [-4738.421875, 2762.45532227, -25.4458808899, -1481.25952148, 263.813476562, -335.863037109, -158.687988281, -375.189971924, -25.882484436, -88.6435470581, 71.8079299927, -113.809867859, 92.3272018433], [1319.92346191, -25.4458808899, 745.059692383, 638.468078613, 166.643844604, 248.182296753, 182.93409729, 104.216796875, 31.2768726349, -33.2857322693, 14.2801885605, 20.2556819916, -15.4990558624], [4769.40820312, -1481.25952148, 638.468078613, 2332.10302734, 378.478790283, 581.511291504, 517.885314941, 624.217529297, 175.373046875, 18.2350311279, 24.096572876, 58.6393470764, -112.632362366], [-179.887588501, 263.813476562, 166.643844604, 378.478790283, 706.513000488, 241.900695801, 255.558898926, 196.705474854, 110.541465759, 26.6490840912, 18.3090496063, -13.3555841446, -40.5903358459], [1062.71679688, -335.863037109, 248.182296753, 581.511291504, 241.900695801, 329.291015625, 215.105148315, 189.253143311, 76.7182693481, 23.207195282, 9.14055919647, 24.6795005798, -22.1095676422], [643.483520508, -158.687988281, 182.93409729, 517.885314941, 255.558898926, 215.105148315, 284.040649414, 214.214813232, 96.2506713867, 38.6468544006, 47.4267349243, 7.56151390076, -23.0158634186], [1080.48620605, -375.189971924, 104.216796875, 624.217529297, 196.705474854, 189.253143311, 214.214813232, 288.873779297, 119.663467407, 40.5151977539, 28.6121559143, 29.6711521149, -31.4856719971], [113.885917664, -25.882484436, 31.2768726349, 175.373046875, 110.541465759, 76.7182693481, 96.2506713867, 119.663467407, 134.562561035, 55.961605072, 42.4031982422, 10.1620674133, 8.86972904205], [87.6939697266, -88.6435470581, -33.2857322693, 18.2350311279, 26.6490840912, 23.207195282, 38.6468544006, 40.5151977539, 55.961605072, 93.0465774536, 45.2676887512, 14.9275026321, -4.76856136322], [-125.999023438, 71.8079299927, 14.2801885605, 24.096572876, 18.3090496063, 9.14055919647, 47.4267349243, 28.6121559143, 42.4031982422, 45.2676887512, 84.6324310303, 25.9373207092, 7.76725578308], [291.919830322, -113.809867859, 20.2556819916, 58.6393470764, -13.3555841446, 24.6795005798, 7.56151390076, 29.6711521149, 10.1620674133, 14.9275026321, 25.9373207092, 65.1061553955, 23.1853656769], [-247.95664978, 92.3272018433, -15.4990558624, -112.632362366, -40.5903358459, -22.1095676422, -23.0158634186, -31.4856719971, 8.86972904205, -4.76856136322, 7.76725578308, 23.1853656769, 70.2109451294]],
        "icov": [[0.000192587642232, 5.58851206733e-05, -0.000102011603303, -0.000385740684578, 0.000186900884728, 2.72748070529e-06, 0.000105937680928, 5.29185272171e-05, 0.000135945345392, -0.000475508742966, 0.000603396794759, -0.00061674969038, 0.000220141373575], [5.58851206733e-05, 0.00131475715898, -0.000756529043429, 0.000868103757966, -0.000962879334111, 0.000793069717474, 4.29856409028e-05, -0.000119492549857, -0.000509605859406, 0.0019539874047, -0.0023085474968, 0.001898135175, -0.00082667870447], [-0.000102011603303, -0.000756529043429, 0.00284154294059, -0.00108355213888, 0.000437305687228, -0.00145914789755, -0.00118250621017, 0.00267917034216, -0.00075724767521, 0.000630214111879, 0.000654990319163, -0.00178075197618, 0.000784806208685], [-0.000385740684578, 0.000868103757966, -0.00108355213888, 0.0031825765036, -0.000705469690729, -0.000422804936534, -0.000127132894704, -0.00365115469322, 0.000312887801556, 0.00298224762082, -0.00319288554601, 0.00307889049873, -0.000358026154572], [0.000186900884728, -0.000962879334111, 0.000437305687228, -0.000705469690729, 0.00341034005396, -0.00161507562734, -0.00168579840101, -4.61948693555e-05, -0.000531527504791, -0.00138666038401, 0.00306629971601, -0.00205982592888, 0.00209467671812], [2.72748070529e-06, 0.000793069717474, -0.00145914789755, -0.000422804936534, -0.00161507562734, 0.00949611701071, -0.0043490184471, 0.00121957226656, -0.00155717332382, -0.000346321787219, 0.00279461196624, -0.00250509008765, -0.000164448923897], [0.000105937680928, 4.29856409028e-05, -0.00118250621017, -0.000127132894704, -0.00168579840101, -0.0043490184471, 0.015595423989, -0.00899646431208, 0.00372238364071, -0.00139480875805, -0.00767250359058, 0.00778755452484, -0.00370139116421], [5.29185272171e-05, -0.000119492549857, 0.00267917034216, -0.00365115469322, -4.61948693555e-05, 0.00121957226656, -0.00899646431208, 0.0218206699938, -0.0117824934423, 0.0017021286767, 0.00596060417593, -0.0106910616159, 0.00674694590271], [0.000135945345392, -0.000509605859406, -0.00075724767521, 0.000312887801556, -0.000531527504791, -0.00155717332382, 0.00372238364071, -0.0117824934423, 0.0213329978287, -0.00913347769529, -0.00445119151846, 0.00749915838242, -0.0086754867807], [-0.000475508742966, 0.0019539874047, 0.000630214111879, 0.00298224762082, -0.00138666038401, -0.000346321787219, -0.00139480875805, 0.0017021286767, -0.00913347769529, 0.0243198219687, -0.011906998232, 0.00113194587175, 0.00381882954389], [0.000603396794759, -0.0023085474968, 0.000654990319163, -0.00319288554601, 0.00306629971601, 0.00279461196624, -0.00767250359058, 0.00596060417593, -0.00445119151846, -0.011906998232, 0.0300301797688, -0.0166148412973, 0.00491792662069], [-0.00061674969038, 0.001898135175, -0.00178075197618, 0.00307889049873, -0.00205982592888, -0.00250509008765, 0.00778755452484, -0.0106910616159, 0.00749915838242, 0.00113194587175, -0.0166148412973, 0.0341252051294, -0.014650689438], [0.000220141373575, -0.00082667870447, 0.000784806208685, -0.000358026154572, 0.00209467671812, -0.000164448923897, -0.00370139116421, 0.00674694590271, -0.0086754867807, 0.00381882954389, 0.00491792662069, -0.014650689438, 0.0243269819766]]
    },
    "melbands": {
        "dmean": [0.00504654180259, 0.0018941067392, 0.000410864973674, 0.00035253475653, 0.000301336607663, 0.000125263482914, 6.80243392708e-05, 4.92633553222e-05, 3.05928842863e-05, 3.06745096168e-05, 2.61552377196e-05, 1.64787070389e-05, 1.52520551637e-05, 9.95199206955e-06, 1.88796584553e-05, 8.11908739706e-06, 1.1882655599e-05, 1.21580378618e-05, 1.4377998923e-05, 1.73157750396e-05, 8.74734178069e-06, 1.08162839751e-05, 9.99671374302e-06, 1.20582453746e-05, 1.26472496049e-05, 8.11470181361e-06, 8.14720624476e-06, 7.40183850212e-06, 7.64082687965e-06, 7.60439297665e-06, 8.10422170616e-06, 9.24151845538e-06, 7.49268110667e-06, 7.61825867812e-06, 7.87964745541e-06, 5.09599522047e-06, 4.13614270656e-06, 4.35064976045e-06, 3.31984961122e-06, 2.33632817981e-06],
        "dmean2": [0.00715855322778, 0.00292793987319, 0.000711467117071, 0.000602409359999, 0.000538429885637, 0.000212770974031, 0.000110708984721, 7.99768386059e-05, 5.17108783242e-05, 5.23633279954e-05, 4.46222293249e-05, 2.72509514616e-05, 2.48908290814e-05, 1.58777493198e-05, 2.96632151731e-05, 1.2841548596e-05, 1.95474913198e-05, 2.00813792617e-05, 2.32390484598e-05, 2.81888260361e-05, 1.4562443539e-05, 1.72100408236e-05, 1.56849891937e-05, 1.9493911168e-05, 1.9433135094e-05, 1.32061950353e-05, 1.36253238452e-05, 1.22987203213e-05, 1.25710585053e-05, 1.23816362247e-05, 1.29031695906e-05, 1.44312016346e-05, 1.21708708321e-05, 1.24537227748e-05, 1.33084613481e-05, 8.67813196237e-06, 6.63184528094e-06, 6.97473160471e-06, 5.4345209719e-06, 3.91048206438e-06],
        "dvar": [9.33811024879e-05, 2.79077430605e-05, 1.98918223759e-06, 1.83394263331e-06, 1.1057767324e-06, 9.85257031516e-08, 1.8766636245e-08, 1.14307461274e-08, 5.64789859325e-09, 6.49618714377e-09, 4.55131576871e-09, 1.20680720972e-09, 1.88422966119e-09, 3.83719278574e-10, 4.23137347383e-09, 2.74488903829e-10, 7.95937371567e-10, 1.12651354911e-09, 2.31369989834e-09, 4.36801927961e-09, 7.29374838304e-10, 1.16833809294e-09, 7.46616934943e-10, 8.77430683666e-10, 1.50600087956e-09, 6.02787708637e-10, 4.39498409888e-10, 2.61377336441e-10, 2.8752980552e-10, 2.88757989741e-10, 3.07064124128e-10, 3.75428077515e-10, 2.85902995723e-10, 3.46040945898e-10, 4.03556521533e-10, 1.49525072879e-10, 8.94134211116e-11, 1.20148974103e-10, 6.87061380011e-11, 3.05225601738e-11],
        "dvar2": [0.00019090641581, 6.41422666376e-05, 5.32782723894e-06, 5.02991815665e-06, 3.16512932841e-06, 2.73721212807e-07, 4.48718004975e-08, 2.8129372609e-08, 1.50333558935e-08, 1.76526047113e-08, 1.24860157769e-08, 3.08882586175e-09, 4.93763785414e-09, 9.09105679625e-10, 9.83386350129e-09, 6.20625884018e-10, 1.99311323001e-09, 2.83636047982e-09, 5.8368110345e-09, 8.63454907574e-09, 1.98769178894e-09, 2.59712695794e-09, 1.71108816005e-09, 2.02817007633e-09, 3.01031199967e-09, 1.25285104513e-09, 1.13042364358e-09, 6.67467414672e-10, 7.45485229103e-10, 7.3675648915e-10, 7.3940320533e-10, 8.85072071188e-10, 7.14191650264e-10, 9.12418252064e-10, 1.07888553647e-09, 4.00225019792e-10, 2.27848670487e-10, 3.10276249138e-10, 1.82244747071e-10, 8.2177320504e-11],
        "max": [0.111997641623, 0.0583983920515, 0.0173144023865, 0.0206473451108, 0.0126790888608, 0.00425211945549, 0.0031664322596, 0.00227018049918, 0.00182127708104, 0.00120716937818, 0.00112534908112, 0.000571013370063, 0.000989777501673, 0.000383347243769, 0.0022029473912, 0.000325938657625, 0.000424650788773, 0.000775699387304, 0.00145074981265, 0.00221741921268, 0.00087284471374, 0.000893507327419, 0.000516746891662, 0.000594195909798, 0.00133427162655, 0.0010907946853, 0.000571534561459, 0.000454373162938, 0.000289475254249, 0.000218975081225, 0.000262792949798, 0.000261686596787, 0.000180925402674, 0.000192954699742, 0.000283417379251, 0.000150667285197, 0.000110103123006, 0.000122830257169, 9.86056766124e-05, 5.47817217011e-05],
        "mean": [0.0103773102164, 0.00284798699431, 0.000457263289718, 0.000409206229961, 0.000325597211486, 0.000202960116439, 0.000126671235193, 9.72552006715e-05, 3.91029207094e-05, 3.6438315874e-05, 3.51582166331e-05, 2.45272840402e-05, 2.05141623155e-05, 1.51153963088e-05, 2.35296083702e-05, 1.20587255878e-05, 1.59715455084e-05, 1.65694018506e-05, 1.89752790902e-05, 2.22845719691e-05, 1.15094971989e-05, 1.50422374645e-05, 1.3572489479e-05, 1.71928659256e-05, 1.94822550839e-05, 1.2462016457e-05, 1.29807185658e-05, 1.34219035317e-05, 1.23684749269e-05, 1.12616107799e-05, 1.25666156237e-05, 1.41283553603e-05, 1.15620196084e-05, 1.03840302472e-05, 1.01212908703e-05, 7.11613665771e-06, 6.03522175879e-06, 5.51264793103e-06, 4.30996396972e-06, 3.1066340398e-06],
        "median": [0.00269475462846, 0.00123854738194, 0.000182628369657, 0.000118808769912, 0.000130886313855, 8.03953880677e-05, 6.03261687502e-05, 3.49518813891e-05, 1.7862448658e-05, 1.32932482302e-05, 1.43667211887e-05, 1.1383981473e-05, 7.79878428148e-06, 6.36412096355e-06, 6.18782996753e-06, 4.44523402621e-06, 4.10663506045e-06, 4.20464266426e-06, 2.94574692816e-06, 2.76552032119e-06, 1.75443267381e-06, 2.02492833523e-06, 1.15311001991e-06, 2.27321720558e-06, 2.38385496232e-06, 1.11664201086e-06, 1.36370476866e-06, 1.73840521711e-06, 1.56972623699e-06, 1.07873540856e-06, 1.28091176066e-06, 1.58331681632e-06, 1.1875583823e-06, 1.02070964658e-06, 7.32011187665e-07, 6.10558799963e-07, 5.73020258798e-07, 4.81282143028e-07, 3.20861914815e-07, 2.27188579061e-07],
        "min": [3.40870978109e-24, 5.12700266054e-24, 5.4822156821e-24, 1.35629910536e-24, 1.85083452773e-24, 2.65633408716e-24, 2.19111027084e-24, 8.92684151135e-24, 5.76948648049e-24, 4.55177002161e-24, 5.37880587819e-24, 5.50370385873e-24, 7.04255809794e-24, 4.61044667904e-24, 5.225855215e-24, 3.4123961281e-24, 4.42787823316e-24, 5.30939361271e-24, 7.71276170124e-24, 7.51151224027e-24, 5.97899847058e-24, 8.18074791124e-24, 4.8882412858e-24, 8.03529694868e-24, 6.21247526612e-24, 4.53988977638e-24, 5.77142550059e-24, 5.73727886745e-24, 7.01760484979e-24, 6.38602742628e-24, 7.36556113989e-24, 7.95341870874e-24, 9.64358711919e-24, 9.70242273209e-24, 8.99915323508e-24, 6.12987916276e-24, 9.03640403589e-24, 9.20610537154e-24, 7.44651010168e-24, 8.12258046353e-24],
        "var": [0.000282075081486, 3.54292715201e-05, 1.48155527313e-06, 1.31753745336e-06, 7.04804335783e-07, 1.19393845921e-07, 4.70964423016e-08, 2.89688433242e-08, 5.15165199388e-09, 5.96223070914e-09, 4.18491730159e-09, 1.54406043507e-09, 1.94169813561e-09, 6.27736473913e-10, 5.02104580136e-09, 4.63309640653e-10, 1.11042064432e-09, 1.49333145849e-09, 3.70597930122e-09, 7.2232926307e-09, 7.92885535006e-10, 1.69873182188e-09, 1.15031151271e-09, 1.72527148123e-09, 3.2701099606e-09, 1.23996912738e-09, 8.40214620101e-10, 7.46746053881e-10, 5.03591890411e-10, 4.90855966984e-10, 6.20041462618e-10, 6.7001953985e-10, 4.72706151999e-10, 4.1591247113e-10, 4.49621506693e-10, 2.0118233468e-10, 1.31898325595e-10, 1.33784566758e-10, 7.81492578983e-11, 3.55909919592e-11]
    },
    "mfcc": {
        "mean": [-695.581665039, 110.096710205, 22.8640060425, 16.3519649506, 7.82198095322, 12.3448400497, 1.58736741543, 1.41910910606, 0.942455470562, 4.84001111984, 2.70115685463, 2.50333619118, 4.40930175781],
        "cov": [[16605.4570312, -5649.65136719, 1464.74523926, 3253.38720703, 620.177307129, 693.895751953, 758.425476074, 1243.08508301, 637.926818848, 365.345550537, 494.042480469, 325.708007812, 0.61400192976], [-5649.65136719, 3700.48950195, -510.591094971, -1297.93005371, -149.64201355, -270.893249512, -307.930236816, -564.442077637, -315.120452881, -208.594223022, -264.931945801, -172.98840332, -8.73993492126], [1464.74523926, -510.591094971, 731.959289551, 484.508148193, 92.0489120483, 179.825027466, 150.890930176, 216.384002686, 81.780632019, 42.1675758362, 71.7454452515, 32.6270523071, -11.9031162262], [3253.38720703, -1297.93005371, 484.508148193, 1237.57128906, 431.843048096, 319.895629883, 403.076965332, 514.768798828, 285.901245117, 198.179504395, 220.832641602, 173.323776245, 32.6157035828], [620.177307129, -149.64201355, 92.0489120483, 431.843048096, 407.70425415, 232.392791748, 222.726028442, 255.751785278, 170.49331665, 104.853057861, 102.706634521, 89.0236053467, 19.1978187561], [693.895751953, -270.893249512, 179.825027466, 319.895629883, 232.392791748, 253.733963013, 209.588638306, 193.426208496, 127.791618347, 86.6214447021, 86.7988967896, 63.4255752563, 15.5552120209], [758.425476074, -307.930236816, 150.890930176, 403.076965332, 222.726028442, 209.588638306, 276.750915527, 243.244415283, 137.151245117, 102.611778259, 106.438446045, 83.2223358154, 17.6321372986], [1243.08508301, -564.442077637, 216.384002686, 514.768798828, 255.751785278, 193.426208496, 243.244415283, 340.094604492, 194.859588623, 113.609840393, 124.029396057, 101.211402893, 22.1320323944], [637.926818848, -315.120452881, 81.780632019, 285.901245117, 170.49331665, 127.791618347, 137.151245117, 194.859588623, 175.668930054, 104.279121399, 83.30443573, 67.9349060059, 27.1100063324], [365.345550537, -208.594223022, 42.1675758362, 198.179504395, 104.853057861, 86.6214447021, 102.611778259, 113.609840393, 104.279121399, 125.193809509, 87.2804412842, 59.4004173279, 33.1576690674], [494.042480469, -264.931945801, 71.7454452515, 220.832641602, 102.706634521, 86.7988967896, 106.438446045, 124.029396057, 83.30443573, 87.2804412842, 124.318962097, 86.2250900269, 30.7866630554], [325.708007812, -172.98840332, 32.6270523071, 173.323776245, 89.0236053467, 63.4255752563, 83.2223358154, 101.211402893, 67.9349060059, 59.4004173279, 86.2250900269, 103.781913757, 51.2853546143], [0.61400192976, -8.73993492126, -11.9031162262, 32.6157035828, 19.1978187561, 15.5552120209, 17.6321372986, 22.1320323944, 27.1100063324, 33.1576690674, 30.7866630554, 51.2853546143, 77.5213928223]],
