{
"lowlevel": {
    "average_loudness": 0.753042697906,
    "barkbands_crest": {
        "dmean": 3.31610178947,
        "dmean2": 5.42167901993,
        "dvar": 9.09685230255,
        "dvar2": 24.4064598083,
        "max": 25.6917552948,
        "mean": 10.8912715912,
        "median": 10.3326568604,
        "min": 2.00956082344,
        "var": 20.0956249237
    },
    "barkbands_flatness_db": {
        "dmean": 0.0311799012125,
        "dmean2": 0.0513745956123,
        "dvar": 0.000973872898612,
        "dvar2": 0.00228739040904,
        "max": 0.345281124115,
        "mean": 0.116981945932,
        "median": 0.107891909778,
        "min": 0.0199417602271,
        "var": 0.00239044940099
    },
    "barkbands_kurtosis": {
        "dmean": 3.83264613152,
        "dmean2": 6.44781541824,
        "dvar": 96.8988952637,
        "dvar2": 258.365905762,
        "max": 197.563446045,
        "mean": 3.48630571365,
        "median": 1.02558970451,
        "min": -1.88830959797,
        "var": 106.452453613
    },
    "barkbands_skewness": {
        "dmean": 0.731943130493,
        "dmean2": 1.21049046516,
        "dvar": 0.790968775749,
        "dvar2": 2.07064533234,
        "max": 13.2713499069,
        "mean": 1.47915387154,
        "median": 1.39290904999,
        "min": -2.64730501175,
        "var": 1.78970062733
    },
    "barkbands_spread": {
        "dmean": 8.25074005127,
        "dmean2": 13.6160840988,
        "dvar": 66.2873687744,
        "dvar2": 179.273574829,
        "max": 111.151924133,
        "mean": 28.9273529053,
        "median": 27.7874889374,
        "min": 1.43078947067,
        "var": 174.623458862
    },
    "dissonance": {
        "dmean": 0.013008181937,
        "dmean2": 0.0220539029688,
        "dvar": 0.000180797855137,
        "dvar2": 0.000488606805447,
        "max": 0.500000059605,
        "mean": 0.478688418865,
        "median": 0.482648611069,
        "min": 0.328030973673,
        "var": 0.000288078153972
    },
    "dynamic_complexity": 4.06396245956,
    "erbbands_crest": {
        "dmean": 1.93379020691,
        "dmean2": 3.12464332581,
        "dvar": 3.59644770622,
        "dvar2": 8.19994831085,
        "max": 24.8104000092,
        "mean": 6.9170923233,
        "median": 6.27279090881,
        "min": 2.2101650238,
        "var": 8.27030849457
    },
    "erbbands_flatness_db": {
        "dmean": 0.0174547899514,
        "dmean2": 0.0265945475549,
        "dvar": 0.000337439298164,
        "dvar2": 0.000687989173457,
        "max": 0.376695990562,
        "mean": 0.135374173522,
        "median": 0.120525367558,
        "min": 0.0473674871027,
        "var": 0.00263352203183
    },
    "erbbands_kurtosis": {
        "dmean": 0.754165291786,
        "dmean2": 1.21966075897,
        "dvar": 2.33795022964,
        "dvar2": 4.4416680336,
        "max": 63.7469406128,
        "mean": 0.149804785848,
        "median": -0.178829193115,
        "min": -1.77907657623,
        "var": 3.71925020218
    },
    "erbbands_skewness": {
        "dmean": 0.337424069643,
        "dmean2": 0.529657244682,
        "dvar": 0.114467345178,
        "dvar2": 0.276522994041,
        "max": 6.25039863586,
        "mean": -0.164174407721,
        "median": -0.169582337141,
        "min": -2.8261384964,
        "var": 0.314169168472
    },
    "erbbands_spread": {
        "dmean": 9.12346172333,
        "dmean2": 14.8290376663,
        "dvar": 98.4945831299,
        "dvar2": 242.812698364,
        "max": 169.498123169,
        "mean": 39.7978744507,
        "median": 37.5888633728,
        "min": 2.09132575989,
        "var": 266.6043396
    },
    "hfc": {
        "dmean": 8.01021099091,
        "dmean2": 13.411067009,
        "dvar": 116.241233826,
        "dvar2": 316.416992188,
        "max": 128.250732422,
        "mean": 22.611530304,
        "median": 16.3168869019,
        "min": 1.13692745882e-16,
        "var": 411.279052734
    },
    "melbands_crest": {
        "dmean": 5.05238819122,
        "dmean2": 8.61306190491,
        "dvar": 19.4947967529,
        "dvar2": 54.7540473938,
        "max": 39.1893615723,
        "mean": 18.3695468903,
        "median": 18.3089294434,
        "min": 1.89829647541,
        "var": 58.0240974426
    },
    "melbands_flatness_db": {
        "dmean": 0.0383646450937,
        "dmean2": 0.0633716061711,
        "dvar": 0.00146730046254,
        "dvar2": 0.00361878820695,
        "max": 0.452690511942,
        "mean": 0.180853635073,
        "median": 0.178391426802,
        "min": 0.00420191092417,
        "var": 0.00359542458318
    },
    "melbands_kurtosis": {
        "dmean": 11.794418335,
        "dmean2": 20.0009117126,
        "dvar": 1308.19750977,
        "dvar2": 3406.93286133,
        "max": 890.075561523,
        "mean": 15.2735996246,
        "median": 8.10302734375,
        "min": -1.6683754921,
        "var": 1409.48059082
    },
    "melbands_skewness": {
        "dmean": 1.05836308002,
        "dmean2": 1.77106118202,
        "dvar": 2.03516435623,
        "dvar2": 5.19618988037,
        "max": 26.2897605896,
        "mean": 2.91411375999,
        "median": 2.70057296753,
        "min": -2.61025500298,
        "var": 4.14186525345
    },
    "melbands_spread": {
        "dmean": 11.3090791702,
        "dmean2": 19.1463108063,
        "dvar": 173.948013306,
        "dvar2": 464.495910645,
        "max": 190.726699829,
        "mean": 29.1509494781,
        "median": 24.7537460327,
        "min": 0.687045872211,
        "var": 406.30682373
    },
    "pitch_salience": {
        "dmean": 0.113617680967,
        "dmean2": 0.19487118721,
        "dvar": 0.0110106887296,
        "dvar2": 0.0301974751055,
        "max": 0.94397854805,
        "mean": 0.484120935202,
        "median": 0.474121630192,
        "min": 0.0474880300462,
        "var": 0.0211372096092
    },
    "silence_rate_20dB": {
        "dmean": 0,
        "dmean2": 0,
        "dvar": 0,
        "dvar2": 0,
        "max": 1,
        "mean": 1,
        "median": 1,
        "min": 1,
        "var": 0
    },
    "silence_rate_30dB": {
        "dmean": 0,
        "dmean2": 0,
        "dvar": 0,
        "dvar2": 0,
        "max": 1,
        "mean": 1,
        "median": 1,
        "min": 1,
        "var": 0
    },
    "silence_rate_60dB": {
        "dmean": 0.0279460866004,
        "dmean2": 0.0558990836143,
        "dvar": 0.0271625332534,
        "dvar2": 0.0616702660918,
        "max": 1,
        "mean": 0.0818496569991,
        "median": 0,
        "min": 0,
        "var": 0.0751626193523
    },
    "spectral_centroid": {
        "dmean": 348.120666504,
        "dmean2": 547.950927734,
        "dvar": 144858.1875,
        "dvar2": 339166.96875,
        "max": 11215.3808594,
        "mean": 1854.02819824,
        "median": 1822.18994141,
        "min": 247.822875977,
        "var": 519544.09375
    },
    "spectral_complexity": {
        "dmean": 6.09101009369,
        "dmean2": 9.91169929504,
        "dvar": 40.9211616516,
        "dvar2": 94.8112411499,
        "max": 59,
        "mean": 21.2565536499,
        "median": 21,
        "min": 0,
        "var": 144.279800415
    },
    "spectral_decrease": {
        "dmean": 2.52904253095e-09,
        "dmean2": 4.41262937301e-09,
        "dvar": 8.39031711907e-18,
        "dvar2": 2.55140269978e-17,
        "max": 1.70949839095e-28,
        "mean": -7.80058595495e-09,
        "median": -5.53820411753e-09,
        "min": -2.69141047227e-08,
        "var": 4.01269980448e-17
    },
    "spectral_energy": {
        "dmean": 0.00985746644437,
        "dmean2": 0.0171977970749,
        "dvar": 0.000124066427816,
        "dvar2": 0.000373676477466,
        "max": 0.108006514609,
        "mean": 0.0314921401441,
        "median": 0.022576123476,
        "min": 1.03371169797e-20,
        "var": 0.000638892233837
    },
    "spectral_energyband_high": {
        "dmean": 0.000549102551304,
        "dmean2": 0.000886982481461,
        "dvar": 6.72497264986e-07,
        "dvar2": 1.81527445875e-06,
        "max": 0.00897241104394,
        "mean": 0.00120025011711,
        "median": 0.000704363978002,
        "min": 7.28158934515e-21,
        "var": 1.69796260252e-06
    },
    "spectral_energyband_low": {
        "dmean": 0.00852638855577,
        "dmean2": 0.0150144472718,
        "dvar": 0.000124565893202,
        "dvar2": 0.000403477461077,
        "max": 0.0846588984132,
        "mean": 0.0177551973611,
        "median": 0.0107778981328,
        "min": 2.30412055142e-23,
        "var": 0.000301746767946
    },
    "spectral_energyband_middle_high": {
        "dmean": 0.0022601634264,
        "dmean2": 0.00383787089959,
        "dvar": 7.74132968218e-06,
        "dvar2": 2.05515625566e-05,
        "max": 0.0359358303249,
        "mean": 0.00602178415284,
        "median": 0.00393972825259,
        "min": 1.36261951021e-21,
        "var": 3.43293868355e-05
    },
    "spectral_energyband_middle_low": {
        "dmean": 0.00363378482871,
        "dmean2": 0.00645412551239,
        "dvar": 3.64818552043e-05,
        "dvar2": 0.000107198233309,
        "max": 0.0567155405879,
        "mean": 0.0068026566878,
        "median": 0.00448781764135,
        "min": 2.10216234625e-22,
        "var": 4.89605336043e-05
    },
    "spectral_entropy": {
        "dmean": 0.178884759545,
        "dmean2": 0.275298029184,
        "dvar": 0.0341266766191,
        "dvar2": 0.0753060057759,
        "max": 9.80766105652,
        "mean": 7.81874370575,
        "median": 7.87350606918,
        "min": 6.1529302597,
        "var": 0.120572976768
    },
    "spectral_flux": {
        "dmean": 0.0314379520714,
        "dmean2": 0.0502416417003,
        "dvar": 0.00098162307404,
        "dvar2": 0.00208134343848,
        "max": 0.281031548977,
        "mean": 0.094168022275,
        "median": 0.0848389193416,
        "min": 6.62343582758e-11,
        "var": 0.00330863101408
    },
    "spectral_kurtosis": {
        "dmean": 1.26136922836,
        "dmean2": 2.13594603539,
        "dvar": 3.87353563309,
        "dvar2": 11.8455400467,
        "max": 34.0735855103,
        "mean": 3.78151702881,
        "median": 3.18507695198,
        "min": -1.26677548885,
        "var": 6.47133493423
    },
    "spectral_rms": {
        "dmean": 0.000874817138538,
        "dmean2": 0.00150741997641,
        "dvar": 7.61619673995e-07,
        "dvar2": 2.23317420023e-06,
        "max": 0.0102650970221,
        "mean": 0.0049781347625,
        "median": 0.00469313189387,
        "min": 3.17568757749e-12,
        "var": 5.94215134697e-06
    },
    "spectral_rolloff": {
        "dmean": 696.522888184,
        "dmean2": 1194.96142578,
        "dvar": 827110.5625,
        "dvar2": 2002405.25,
        "max": 19509.0820312,
        "mean": 1748.1048584,
        "median": 1464.2578125,
        "min": 43.06640625,
        "var": 2828349.75
    },
    "spectral_skewness": {
        "dmean": 0.189551770687,
        "dmean2": 0.309173196554,
        "dvar": 0.0482880286872,
        "dvar2": 0.133264675736,
        "max": 3.85472369194,
        "mean": 1.39946138859,
        "median": 1.36296594143,
        "min": -0.0147548746318,
        "var": 0.131433442235
    },
    "spectral_spread": {
        "dmean": 619627,
        "dmean2": 977312.5,
        "dvar": 778363076608,
        "dvar2": 1.69024094208e+12,
        "max": 50248000,
        "mean": 4871383,
        "median": 4831219,
        "min": 1326704.75,
        "var": 2.3280812032e+12
    },
    "spectral_strongpeak": {
        "dmean": 0.268940299749,
        "dmean2": 0.468272298574,
        "dvar": 0.398570209742,
        "dvar2": 0.993727624416,
        "max": 9.13670825958,
        "mean": 0.457094997168,
        "median": 0.272223353386,
        "min": 0,
        "var": 0.559016108513
    },
    "zerocrossingrate": {
        "dmean": 0.0118919759989,
        "dmean2": 0.0144578590989,
        "dvar": 0.000203579067602,
        "dvar2": 0.000247490534093,
        "max": 0.642578125,
        "mean": 0.0670324787498,
        "median": 0.05712890625,
        "min": 0.0029296875,
        "var": 0.00209046364762
    },
    "barkbands": {
        "dmean": [0.00182194635272, 0.00730247749016, 0.00277666817419, 0.000903973355889, 0.00153684965335, 0.00122347613797, 0.000646342115942, 0.000288120965706, 0.000323280401062, 0.000256844999967, 0.000276333943475, 0.000368575216271, 0.000361883925507, 0.000350606540451, 0.000516109052114, 0.000428557221312, 0.000487370823976, 0.000291972450214, 0.000228571967455, 0.000207828488783, 0.00017048646987, 0.000129215390189, 0.000116817456728, 6.16741162958e-05, 4.0052953409e-05, 2.40500321524e-05, 5.49671040062e-06],
        "dmean2": [0.00265510589816, 0.0124778123572, 0.00489259557799, 0.00162719457876, 0.00280849263072, 0.00211141025648, 0.00103200867306, 0.000501737464219, 0.000537848158274, 0.000423045974458, 0.000430024869274, 0.000538729131222, 0.00061959278537, 0.000564132758882, 0.000843461428303, 0.000694432354067, 0.000841855711769, 0.000490785052534, 0.000392449845094, 0.00034210580634, 0.000275069876807, 0.000221414418775, 0.000197455796297, 9.59761891863e-05, 6.16593897576e-05, 3.70295674657e-05, 9.00111535884e-06],
        "dvar": [8.38897722133e-06, 0.000104333230411, 3.03095603158e-05, 3.48898765878e-06, 1.04267619463e-05, 4.73902537124e-06, 1.10597568437e-06, 3.20786824659e-07, 2.8803728469e-07, 2.01246564302e-07, 2.04847424357e-07, 3.61013547945e-07, 2.84039714415e-07, 2.86556172568e-07, 7.60050852477e-07, 4.54672317574e-07, 7.19186516562e-07, 2.18839318222e-07, 1.35299458748e-07, 1.00985424467e-07, 7.10669070259e-08, 6.05071690529e-08, 4.55751525408e-08, 6.29006446928e-09, 2.81718337547e-09, 1.17915510689e-09, 6.81695325189e-11],
        "dvar2": [1.69333670783e-05, 0.000327877409291, 8.40719148982e-05, 1.01539999378e-05, 3.12962838507e-05, 1.27806870296e-05, 2.73430077868e-06, 8.48313788993e-07, 7.26132554973e-07, 4.32752557344e-07, 3.75191632429e-07, 6.95173525855e-07, 7.55684368414e-07, 6.63803461975e-07, 1.80616575562e-06, 9.6584142284e-07, 1.89429272268e-06, 5.62332843401e-07, 3.60427804935e-07, 2.65109974862e-07, 1.87427914966e-07, 1.74029509026e-07, 1.27205510125e-07, 1.47505572201e-08, 6.1578884214e-09, 2.59606136588e-09, 1.63446770007e-10],
        "max": [0.0322458557785, 0.0766282007098, 0.0391354896128, 0.022157702595, 0.0328986868262, 0.0290996544063, 0.0154362656176, 0.0122938705608, 0.0106884641573, 0.0127419754863, 0.0112624783069, 0.0137422531843, 0.00852074474096, 0.00847354903817, 0.0146253444254, 0.0150811802596, 0.0132135376334, 0.00851671397686, 0.0056641488336, 0.00510103208944, 0.00422268128023, 0.00247148564085, 0.0027864894364, 0.00090958585497, 0.00076512421947, 0.000593155098613, 0.000122463214211],
        "mean": [0.00260674394667, 0.0123920114711, 0.00252492073923, 0.00091555097606, 0.00173264951445, 0.00200958014466, 0.00112368317787, 0.000387743930332, 0.000534642545972, 0.000438227347331, 0.000467787060188, 0.000726845115423, 0.000487336947117, 0.000598522019573, 0.000851499091368, 0.000719690229744, 0.000693912792485, 0.000490898732096, 0.000386139028706, 0.000416621885961, 0.000340030528605, 0.000222076603677, 0.000189738275367, 0.000114019712782, 7.41072726669e-05, 3.99850650865e-05, 7.21377500668e-06],
        "median": [0.000719126779586, 0.00567139033228, 0.00066209846409, 0.00035234176903, 0.000636460841633, 0.000645827094559, 0.000437402923126, 0.000183486263268, 0.000263828434981, 0.000210408907151, 0.000209657737287, 0.000338447309332, 0.000243055546889, 0.000300292216707, 0.000283174304059, 0.000261764624156, 0.000234974897467, 0.000254563055933, 0.000190232822206, 0.000201573682716, 0.000157751754159, 9.98373288894e-05, 0.000101949248347, 6.64565814077e-05, 4.56279813079e-05, 2.22617090913e-05, 3.07929985865e-06],
        "min": [2.64675036394e-25, 1.25648534361e-23, 1.2906640045e-24, 7.21131674481e-24, 2.54231252635e-23, 2.82065389261e-23, 2.13440533181e-23, 3.42066118157e-23, 2.75134362684e-23, 5.64950373448e-23, 4.29881767028e-23, 4.30924956689e-23, 8.16028833035e-23, 5.97136655687e-23, 5.93439737941e-23, 7.30253841108e-23, 6.4774694214e-23, 1.10137187625e-22, 1.74458280507e-22, 2.93306612984e-22, 4.39573491228e-22, 3.52668863107e-22, 4.37898935164e-22, 6.87483620363e-22, 8.76263361371e-22, 1.43615548296e-21, 2.17814144016e-21],
        "var": [1.6109283024e-05, 0.000195788728888, 2.45260143856e-05, 2.7394355584e-06, 8.68845745572e-06, 9.77991385298e-06, 2.47244429374e-06, 4.49929956403e-07, 6.98657231624e-07, 5.49986452825e-07, 5.95804976911e-07, 1.15536511203e-06, 4.36194397935e-07, 6.97471193689e-07, 1.90361129171e-06, 1.55528550749e-06, 1.43153476984e-06, 4.63267355144e-07, 2.87811104727e-07, 2.76594533943e-07, 1.87686666209e-07, 8.87216771162e-08, 5.91513646953e-08, 1.58458988153e-08, 6.38965236277e-09, 2.26580532114e-09, 1.05303828157e-10]
    },
    "erbbands": {
        "dmean": [0.355327904224, 1.33976745605, 3.18401265144, 2.87966632843, 2.90452718735, 5.64238166809, 9.88150024414, 10.3267402649, 10.7717657089, 5.70121526718, 6.82030487061, 6.26822710037, 8.17892742157, 10.6160907745, 9.09300613403, 12.3000602722, 16.4566993713, 14.7981548309, 20.244846344, 20.9277801514, 28.8614025116, 26.1940917969, 16.1513900757, 12.792219162, 10.2428483963, 9.08657932281, 8.03816318512, 5.70588684082, 4.09527778625, 5.38188171387, 3.05635738373, 1.30449235439, 1.08325815201, 0.565868973732, 0.228948310018, 0.112516239285, 0.0458883829415, 0.0100400727242, 0.000789153156802, 1.91728304344e-05],
        "dmean2": [0.581608891487, 2.26372718811, 5.43049287796, 5.11081361771, 5.22336959839, 10.3641166687, 17.5553321838, 17.6020793915, 17.3442668915, 9.53059005737, 11.7871160507, 10.7419528961, 13.2627534866, 16.7987365723, 13.8524522781, 18.6070766449, 28.2040996552, 24.5400428772, 33.7438583374, 34.3326416016, 47.6870880127, 44.4946517944, 27.1769542694, 21.4345569611, 17.2943954468, 14.8145589828, 13.149389267, 9.20331192017, 6.94981479645, 9.47302818298, 5.1577038765, 2.12221550941, 1.6705044508, 0.873361289501, 0.356578111649, 0.171216160059, 0.0731789618731, 0.0158725138754, 0.00129554851446, 3.16448276863e-05],
        "dvar": [0.275832265615, 4.33214426041, 38.4426498413, 31.55717659, 34.2281532288, 155.041412354, 400.258514404, 376.288208008, 314.804168701, 111.310249329, 163.216781616, 112.713172913, 180.282516479, 287.938873291, 189.187255859, 348.562072754, 563.547424316, 488.794708252, 959.995788574, 1109.19445801, 2175.19018555, 2091.69213867, 629.879516602, 426.528594971, 275.300018311, 178.514480591, 200.232498169, 67.5739822388, 47.1678085327, 208.251480103, 23.1048679352, 3.38469219208, 2.01007151604, 0.574975728989, 0.0949204340577, 0.0257381480187, 0.00453999219462, 0.000208771933103, 1.61709454005e-06, 5.08909137054e-10],
        "dvar2": [0.752050578594, 12.293504715, 103.727745056, 90.7262802124, 99.8436279297, 469.445953369, 1160.40344238, 1003.61071777, 824.182373047, 277.62677002, 444.826263428, 309.224304199, 399.086547852, 564.151733398, 367.800689697, 726.848876953, 1513.17724609, 1182.29626465, 2497.34057617, 2645.29907227, 4838.66748047, 5384.00292969, 1589.88330078, 1087.34838867, 756.255432129, 479.936309814, 526.767333984, 171.594207764, 128.97164917, 617.35333252, 62.8597946167, 8.80346393585, 4.58832502365, 1.2643237114, 0.219031497836, 0.0556596070528, 0.0107642058283, 0.000479152135085, 3.93317668568e-06, 1.29530430826e-09],
        "max": [3.60234355927, 18.6801700592, 46.7035751343, 52.9859695435, 70.8454360962, 139.325790405, 196.084854126, 289.451873779, 273.18737793, 227.316177368, 232.517532349, 176.526855469, 335.210418701, 399.636291504, 290.750762939, 416.677490234, 317.101837158, 468.596923828, 484.639129639, 518.840698242, 1049.03991699, 792.314331055, 470.000732422, 403.546539307, 338.024658203, 187.91242981, 249.890914917, 102.653610229, 89.5753707886, 144.651229858, 60.1636047363, 25.4353141785, 15.8117628098, 11.8855495453, 3.72034931183, 2.95279741287, 0.965203166008, 0.226819291711, 0.0189875941724, 0.00029318293673],
        "mean": [0.527868926525, 2.07743144035, 3.29737019539, 3.0708360672, 3.26065015793, 5.96684598923, 13.0342750549, 17.10105896, 19.4961776733, 9.21647262573, 10.0254955292, 9.94053077698, 15.5380735397, 19.6354141235, 17.3946685791, 24.5537528992, 24.5576076508, 25.384721756, 37.5780677795, 37.7732048035, 49.4898414612, 41.4784736633, 27.0356502533, 24.0343151093, 19.3167915344, 18.0926647186, 15.447602272, 11.7233219147, 7.91882181168, 7.51275730133, 5.12774801254, 2.46694731712, 1.85518968105, 0.985782146454, 0.437352001667, 0.199599415064, 0.0685882866383, 0.0152954254299, 0.00101389340125, 5.53467980353e-05],
        "median": [0.185577392578, 1.08509397507, 1.19551944733, 1.11749243736, 1.73135995865, 2.04706382751, 3.36338376999, 6.14084148407, 7.83394384384, 4.99977016449, 5.38114356995, 5.26503038406, 7.51368522644, 10.0336790085, 9.22720146179, 13.2738904953, 13.8763561249, 15.7641353607, 18.5174312592, 17.2844219208, 18.592628479, 16.1155090332, 13.3599815369, 11.9020404816, 10.3256168365, 9.06956481934, 6.95548439026, 5.61688613892, 3.91511940956, 3.15986561775, 2.91932868958, 1.37706685066, 1.06122541428, 0.575590312481, 0.264028251171, 0.112931579351, 0.0373828336596, 0.00824281014502, 0.000409053754993, 4.24610952905e-05],
        "min": [4.11120805612e-22, 2.54935893488e-21, 2.33295386557e-21, 1.63092745685e-20, 4.1419388963e-20, 1.0290134575e-19, 2.46350128699e-19, 1.96357477976e-19, 3.1318265158e-19, 5.62436804614e-19, 5.2960311097e-19, 6.9581109639e-19, 1.56252442818e-18, 1.49775773718e-18, 2.03950954641e-18, 2.08226547829e-18, 3.55428424994e-18, 3.44086662102e-18, 3.25420649156e-18, 3.26821479523e-18, 6.95726144941e-18, 4.21806360429e-18, 6.40500051729e-18, 6.7342051662e-18, 1.10954723461e-17, 1.43675482136e-17, 1.69758472083e-17, 1.62826665463e-17, 1.05884164209e-17, 1.33001452522e-17, 1.23628238867e-17, 1.3849141716e-17, 1.19742160893e-17, 8.3626255937e-18, 6.79281628927e-18, 4.71887266153e-18, 3.00406004329e-18, 1.33806452286e-18, 3.10052910334e-19, 2.66550890615e-20],
        "var": [0.475548058748, 6.99438810349, 35.6420593262, 26.0139217377, 28.2920188904, 119.648040771, 522.175354004, 754.465576172, 738.481933594, 181.848266602, 217.368286133, 197.429626465, 606.653442383, 838.777526855, 592.90447998, 1041.08825684, 913.766662598, 979.688476562, 2389.58374023, 2841.24707031, 7142.50146484, 4997.92041016, 1456.37670898, 1037.07946777, 597.153869629, 474.939666748, 426.35256958, 202.668701172, 97.6022415161, 179.867141724, 35.5839767456, 7.59976387024, 4.3931646347, 1.2351937294, 0.219933867455, 0.0552329197526, 0.00692973192781, 0.000365664833225, 2.23771871788e-06, 2.0409052226e-09]
    },
    "gfcc": {
        "mean": [3.03166270256, 62.4850387573, -123.57144928, 33.1243972778, -50.7824935913, 17.186964035, -35.3363990784, 11.5644054413, -18.2924804688, 11.3185567856, -10.9327220917, 8.81764221191, -7.45413398743],
        "cov": [[12581.5, 740.262695312, 1946.73498535, 1725.28198242, 875.554260254, 1053.31298828, 162.565628052, 289.960266113, 71.9116668701, 180.196670532, -115.977828979, 293.370635986, -99.433555603], [740.262695312, 2042.17578125, 371.258575439, 375.435882568, 458.970611572, 65.8545455933, 93.9182357788, -51.332660675, 39.0427780151, -156.394012451, 108.064674377, -80.8799972534, 74.3352661133], [1946.73498535, 371.258575439, 1441.20861816, 650.126525879, 398.111846924, 580.04095459, 199.356887817, 160.300338745, -2.2794175148, 51.2397155762, -78.3545227051, 44.7763938904, -111.647094727], [1725.28198242, 375.435882568, 650.126525879, 741.893493652, 322.755493164, 351.610595703, 179.734909058, 97.1987533569, 49.0469093323, 25.483543396, 9.93915367126, 29.5122756958, 4.19800329208], [875.554260254, 458.970611572, 398.111846924, 322.755493164, 443.988677979, 271.929656982, 173.385665894, 104.890647888, 58.3876228333, 22.7197666168, 20.4768981934, 17.9457931519, 4.14379167557], [1053.31298828, 65.8545455933, 580.04095459, 351.610595703, 271.929656982, 486.092834473, 211.095657349, 156.462615967, 62.1196670532, 67.1050109863, -9.35181713104, 38.56300354, -41.4635505676], [162.565628052, 93.9182357788, 199.356887817, 179.734909058, 173.385665894, 211.095657349, 234.696807861, 120.083236694, 68.4352722168, 60.7719650269, 36.3073616028, 22.9758872986, 10.0599718094], [289.960266113, -51.332660675, 160.300338745, 97.1987533569, 104.890647888, 156.462615967, 120.083236694, 148.69921875, 81.4119110107, 69.8261947632, 16.1984710693, 31.8316936493, 1.06077373028], [71.9116668701, 39.0427780151, -2.2794175148, 49.0469093323, 58.3876228333, 62.1196670532, 68.4352722168, 81.4119110107, 127.858100891, 61.7420806885, 45.4810409546, 22.8420886993, 25.6088352203], [180.196670532, -156.394012451, 51.2397155762, 25.483543396, 22.7197666168, 67.1050109863, 60.7719650269, 69.8261947632, 61.7420806885, 110.143218994, 40.2581787109, 44.6184959412, 11.1127891541], [-115.977828979, 108.064674377, -78.3545227051, 9.93915367126, 20.4768981934, -9.35181713104, 36.3073616028, 16.1984710693, 45.4810409546, 40.2581787109, 109.363327026, 42.643497467, 59.2583427429], [293.370635986, -80.8799972534, 44.7763938904, 29.5122756958, 17.9457931519, 38.56300354, 22.9758872986, 31.8316936493, 22.8420886993, 44.6184959412, 42.643497467, 87.0116119385, 37.6539955139], [-99.433555603, 74.3352661133, -111.647094727, 4.19800329208, 4.14379167557, -41.4635505676, 10.0599718094, 1.06077373028, 25.6088352203, 11.1127891541, 59.2583427429, 37.6539955139, 92.5775146484]],
        "icov": [[0.000171119638253, -0.000129928535898, 0.000114804723125, -0.000384653365472, -4.56628695247e-05, -0.000204300042242, 0.000483329960844, -0.000165920966538, 0.000175719877006, -0.000456536363345, 0.000525519018993, -0.000790685298853, 0.000295342906611], [-0.000129928535898, 0.00141957169399, -0.000760508351959, 0.000337065459462, -0.00123588740826, 0.000825802038889, -0.000542002613656, 0.000985960592516, -0.001300292206, 0.0027763126418, -0.00264910212718, 0.00234141433612, -0.000969287881162], [0.000114804723125, -0.000760508351959, 0.0024349365849, -0.00132227560971, 0.000143720128108, -0.00182580528781, 0.00105501699727, -0.00112395093311, 0.00188163900748, -0.0019160596421, 0.00206460268237, -0.00245839450508, 0.00219233660027], [-0.000384653365472, 0.000337065459462, -0.00132227560971, 0.00380346691236, -0.000641718099359, -0.000219030262087, -0.00171778677031, 0.00147901498713, -0.00125326262787, 0.00160455261357, -0.00129606912378, 0.00227609486319, -0.00229263817891], [-4.56628695247e-05, -0.00123588740826, 0.000143720128108, -0.000641718099359, 0.00565853156149, -0.00148420396727, -0.00135396549013, -0.00125185132492, 0.000321068131598, -0.000579757848755, 0.0012526276987, -0.000921042636037, -5.7217432186e-05], [-0.000204300042242, 0.000825802038889, -0.00182580528781, -0.000219030262087, -0.00148420396727, 0.00748663349077, -0.00342124700546, -0.00142897770274, -0.00106787157711, 0.00172315735836, -0.00110860657878, 0.000196448585484, 0.0014514781069], [0.000483329960844, -0.000542002613656, 0.00105501699727, -0.00171778677031, -0.00135396549013, -0.00342124700546, 0.0119706131518, -0.00583409098908, 0.00191596720833, -0.00300398492254, -0.000923060812056, 0.000189602549654, -5.67650422454e-05], [-0.000165920966538, 0.000985960592516, -0.00112395093311, 0.00147901498713, -0.00125185132492, -0.00142897770274, -0.00583409098908, 0.020594406873, -0.00887956656516, -0.00232511735521, 0.00228410656564, -0.000704799371306, -0.00101841974538], [0.000175719877006, -0.001300292206, 0.00188163900748, -0.00125326262787, 0.000321068131598, -0.00106787157711, 0.00191596720833, -0.00887956656516, 0.0174954086542, -0.00718173664063, -0.00113041489385, 0.00069950951729, -0.000578688224778], [-0.000456536363345, 0.0027763126418, -0.0019160596421, 0.00160455261357, -0.000579757848755, 0.00172315735836, -0.00300398492254, -0.00232511735521, -0.00718173664063, 0.0242717321962, -0.0096149481833, -0.00101842416916, 0.00168948806822], [0.000525519018993, -0.00264910212718, 0.00206460268237, -0.00129606912378, 0.0012526276987, -0.00110860657878, -0.000923060812056, 0.00228410656564, -0.00113041489385, -0.0096149481833, 0.0241931732744, -0.00951417628676, -0.0053876331076], [-0.000790685298853, 0.00234141433612, -0.00245839450508, 0.00227609486319, -0.000921042636037, 0.000196448585484, 0.000189602549654, -0.000704799371306, 0.00069950951729, -0.00101842416916, -0.00951417628676, 0.0266919527203, -0.0105182789266], [0.000295342906611, -0.000969287881162, 0.00219233660027, -0.00229263817891, -5.7217432186e-05, 0.0014514781069, -5.67650422454e-05, -0.00101841974538, -0.000578688224778, 0.00168948806822, -0.0053876331076, -0.0105182789266, 0.022999599576]]
    },
    "melbands": {
        "dmean": [0.00249930494465, 0.00152337516192, 0.000487352750497, 0.000269947340712, 0.000340851576766, 0.000229140845477, 0.000153088418301, 5.98564947722e-05, 5.75066405872e-05, 4.20336327807e-05, 4.20543619839e-05, 4.26974256698e-05, 2.98015966109e-05, 4.18684176111e-05, 3.57087337761e-05, 3.88071312045e-05, 2.8483927963e-05, 3.23282401951e-05, 4.63789656351e-05, 2.21701011469e-05, 3.75525160052e-05, 3.20549552271e-05, 1.60428116942e-05, 1.38430559673e-05, 1.09945494842e-05, 8.1303414845e-06, 8.11205700302e-06, 6.56220845485e-06, 5.662941021e-06, 4.64301183456e-06, 3.30168518303e-06, 2.51688379649e-06, 2.71450198852e-06, 3.08248513647e-06, 2.05967262445e-06, 1.06288530333e-06, 7.68703330323e-07, 8.43950260787e-07, 6.97304301411e-07, 4.43201571443e-07],
        "dmean2": [0.00414912542328, 0.00250581209548, 0.000858945248183, 0.000491138605867, 0.000612302159425, 0.00039102367009, 0.000246047275141, 0.000101053330582, 9.94903966784e-05, 7.05841230229e-05, 6.79114818922e-05, 6.76520940033e-05, 4.65172524855e-05, 6.0544887674e-05, 5.8852496295e-05, 6.46104454063e-05, 4.67117097287e-05, 5.35012477485e-05, 7.380668103e-05, 3.67792417819e-05, 6.23304440523e-05, 5.4266936786e-05, 2.70036744041e-05, 2.33823793678e-05, 1.83769752766e-05, 1.38110854095e-05, 1.3488721379e-05, 1.07480700535e-05, 9.30929491005e-06, 7.75256103225e-06, 5.42643419976e-06, 4.22719722337e-06, 4.82088125864e-06, 5.40641622138e-06, 3.53125915353e-06, 1.75444631623e-06, 1.26739621464e-06, 1.31405374759e-06, 1.13275166314e-06, 6.9049343665e-07],
        "dvar": [1.21417024275e-05, 7.05656248101e-06, 8.82293932136e-07, 2.97165456686e-07, 5.07443132847e-07, 1.70897465068e-07, 5.9216286985e-08, 1.24224843745e-08, 1.18615162137e-08, 4.82618567332e-09, 4.90692553257e-09, 4.56126425519e-09, 1.97480831687e-09, 5.91855764398e-09, 2.41306596926e-09, 3.41757755429e-09, 1.86823889692e-09, 2.90762391941e-09, 7.29437399372e-09, 1.19639587126e-09, 3.81294507079e-09, 3.420194572e-09, 6.53413267937e-10, 5.72843494862e-10, 3.41490113964e-10, 1.62930474668e-10, 1.84092366351e-10, 9.69109029136e-11, 1.2911526015e-10, 5.59684312784e-11, 2.36305176815e-11, 2.11087692464e-11, 4.26939004983e-11, 6.51362713766e-11, 9.69144382801e-12, 2.65242493767e-12, 1.19145502925e-12, 1.29734450179e-12, 1.0601947922e-12, 3.94723072587e-13],
        "dvar2": [3.56741948053e-05, 1.88588801393e-05, 2.52665313383e-06, 8.85076872237e-07, 1.49718209741e-06, 4.57235501017e-07, 1.53932518288e-07, 3.18815800426e-08, 3.32480425413e-08, 1.23500205618e-08, 1.07395878857e-08, 9.03977159794e-09, 3.78552833524e-09, 1.07404893868e-08, 5.81143844158e-09, 8.62754134801e-09, 4.38883418497e-09, 7.1881074426e-09, 1.59415325385e-08, 2.83163670289e-09, 8.73692140857e-09, 8.64014904067e-09, 1.60598334631e-09, 1.46408396517e-09, 8.62609761398e-10, 4.27008428616e-10, 4.84660589439e-10, 2.54870485827e-10, 3.28461952082e-10, 1.59881843875e-10, 6.12476735995e-11, 5.76885796078e-11, 1.26552948676e-10, 1.91113264103e-10, 2.68314120921e-11, 6.80226317981e-12, 3.16840911146e-12, 3.0897140315e-12, 2.62581493007e-12, 8.90797310048e-13],
        "max": [0.0251622796059, 0.0217164307833, 0.00917279906571, 0.00778175564483, 0.00672570848837, 0.00561514310539, 0.00358967622742, 0.00239247689024, 0.00151821260806, 0.00134053768124, 0.00179678783752, 0.00146734458394, 0.000918282778002, 0.00194596836809, 0.000682574580424, 0.000991745386273, 0.000769308244344, 0.000765039294492, 0.00160345272161, 0.000609395850915, 0.0012912141392, 0.00101014075335, 0.00066160375718, 0.000520017754752, 0.000388479267713, 0.000307523005176, 0.000285440590233, 0.000151710875798, 0.0002376504126, 0.000124011028674, 5.43549067515e-05, 6.22411171207e-05, 7.21210672054e-05, 8.71954180184e-05, 3.78466284019e-05, 1.85638127732e-05, 1.53057681018e-05, 1.2823527868e-05, 1.26357717818e-05, 1.00756342363e-05],
        "mean": [0.00409711524844, 0.00210562627763, 0.000546767492779, 0.000299341481877, 0.000429933716077, 0.000390870729461, 0.000281645683572, 9.20179809327e-05, 8.12860525912e-05, 6.75436385791e-05, 7.89303448983e-05, 7.86898235674e-05, 5.51709490537e-05, 7.70758779254e-05, 5.73834622628e-05, 5.49565629626e-05, 4.62394673377e-05, 5.36301085958e-05, 7.86215896369e-05, 3.59846526408e-05, 5.83789478696e-05, 4.72332212667e-05, 2.38671800616e-05, 2.27407981583e-05, 1.93342366401e-05, 1.446589431e-05, 1.40421961987e-05, 1.17046129162e-05, 1.01083478512e-05, 8.22942183731e-06, 6.18227477389e-06, 4.6801096687e-06, 3.80247433895e-06, 4.2006372496e-06, 3.32144782078e-06, 1.76877551894e-06, 1.41192288083e-06, 1.38797895488e-06, 1.07022140128e-06, 7.51679408495e-07],
        "median": [0.00181163975503, 0.0010149651207, 0.000218074419536, 0.00013345622574, 0.000113666967081, 0.000149231724208, 0.000119339369121, 4.80237504235e-05, 4.14979658672e-05, 3.36428711307e-05, 3.60631602234e-05, 3.9987735363e-05, 3.05264256895e-05, 3.1013340049e-05, 2.94803867291e-05, 2.45830706262e-05, 2.5038360036e-05, 2.42447022174e-05, 2.29280667554e-05, 1.52730026457e-05, 1.77032197826e-05, 1.51407029989e-05, 1.03266374936e-05, 1.17943727673e-05, 8.87098030944e-06, 7.56693771109e-06, 6.81849087414e-06, 5.63545927434e-06, 4.08173946198e-06, 3.72703834728e-06, 3.04736681755e-06, 2.22750986723e-06, 1.51753897626e-06, 1.77209994945e-06, 1.95757684196e-06, 9.09674099603e-07, 7.90641365711e-07, 7.59945464779e-07, 6.01724991611e-07, 4.22690021651e-07],
        "min": [3.84094165942e-24, 1.75375099385e-24, 2.90810101722e-24, 5.98565014574e-24, 7.43522386871e-24, 4.96942414484e-24, 4.40898974764e-24, 7.72344524448e-24, 3.7977314089e-24, 4.68238251055e-24, 7.86727115358e-24, 6.0275295879e-24, 6.20039228363e-24, 5.10191293945e-24, 5.20707164799e-24, 1.04286875245e-23, 5.96376951081e-24, 5.70430527047e-24, 4.69833722236e-24, 4.15288250489e-24, 6.2708016693e-24, 3.79533800492e-24, 4.26179974121e-24, 5.18535430726e-24, 5.34677575886e-24, 7.43307816705e-24, 6.62901275674e-24, 8.64190100808e-24, 9.6103374209e-24, 1.21349802518e-23, 8.61161584906e-24, 5.49467140137e-24, 7.03828168298e-24, 6.79464435898e-24, 6.57597290491e-24, 7.9717573582e-24, 8.36830669121e-24, 8.3167838189e-24, 7.68221621813e-24, 6.97539369161e-24],
        "var": [2.28071621677e-05, 9.17751549423e-06, 7.45465399632e-07, 2.3478185085e-07, 5.66907374377e-07, 3.58095803676e-07, 1.40442310226e-07, 1.9551203323e-08, 1.45880312274e-08, 1.09856452823e-08, 1.66821401137e-08, 1.30675603671e-08, 5.97999960661e-09, 1.83105832718e-08, 5.66328717255e-09, 6.54366205666e-09, 3.75419784149e-09, 6.47447873092e-09, 1.95333509367e-08, 2.93213608948e-09, 1.10292628364e-08, 8.07399302971e-09, 1.33609734387e-09, 1.1750811435e-09, 7.70994490473e-10, 3.72765263101e-10, 3.97611166214e-10, 2.28769600485e-10, 2.38221053994e-10, 1.21575569056e-10, 5.87603160573e-11, 3.84066875525e-11, 4.07639894062e-11, 5.66963281878e-11, 1.44604198407e-11, 4.44817403397e-12, 2.68670350724e-12, 2.62039608762e-12, 1.63826038239e-12, 7.87412073478e-13]
    },
    "mfcc": {
        "mean": [-636.098632812, 95.0694885254, -8.77718734741, 20.0299892426, 6.07764673233, 8.7540102005, 0.591359615326, 3.5704061985, 0.931512773037, 3.03182911873, 1.10694789886, 4.02365493774, 4.49895620346],
        "cov": [[9010.62207031, 748.748901367, 631.331481934, 1134.07324219, 674.323547363, 670.75390625, 359.315002441, 284.844604492, 185.456680298, 160.193161011, -19.0590820312, 106.155441284, 137.943695068], [748.748901367, 1486.23339844, 167.209228516, 233.008041382, 324.509613037, 128.672210693, 132.947952271, 102.141098022, -0.637123286724, 12.1036663055, -5.28032398224, -14.1500453949, -21.1855506897], [631.331481934, 167.209228516, 888.714416504, 327.177764893, 288.886230469, 338.470397949, 241.691268921, 193.301864624, 121.030204773, 85.7326507568, 69.1785583496, 20.3816890717, 33.7131690979], [1134.07324219, 233.008041382, 327.177764893, 476.085083008, 242.574890137, 232.175933838, 169.684692383, 126.61239624, 83.9984970093, 57.2334976196, 11.5367574692, 36.2955169678, 42.1875534058], [674.323547363, 324.509613037, 288.886230469, 242.574890137, 339.072113037, 225.911376953, 167.202667236, 141.582107544, 92.9403457642, 58.8327674866, 34.4103622437, 32.8211975098, 28.7995796204], [670.75390625, 128.672210693, 338.470397949, 232.175933838, 225.911376953, 324.890625, 223.049316406, 172.57484436, 123.779800415, 88.4644393921, 57.7085571289, 53.7623786926, 50.4550437927], [359.315002441, 132.947952271, 241.691268921, 169.684692383, 167.202667236, 223.049316406, 250.068084717, 151.821716309, 109.470848083, 73.9777984619, 53.1043815613, 53.218963623, 45.5147171021], [284.844604492, 102.141098022, 193.301864624, 126.61239624, 141.582107544, 172.57484436, 151.821716309, 173.998809814, 111.542488098, 78.6011276245, 55.0514259338, 42.4857406616, 45.3063201904], [185.456680298, -0.637123286724, 121.030204773, 83.9984970093, 92.9403457642, 123.779800415, 109.470848083, 111.542488098, 139.757339478, 83.7918319702, 59.0341758728, 44.3681144714, 39.9263687134], [160.193161011, 12.1036663055, 85.7326507568, 57.2334976196, 58.8327674866, 88.4644393921, 73.9777984619, 78.6011276245, 83.7918319702, 123.039100647, 67.9718933105, 29.0467281342, 36.3624076843], [-19.0590820312, -5.28032398224, 69.1785583496, 11.5367574692, 34.4103622437, 57.7085571289, 53.1043815613, 55.0514259338, 59.0341758728, 67.9718933105, 92.096534729, 44.3666763306, 25.8491802216], [106.155441284, -14.1500453949, 20.3816890717, 36.2955169678, 32.8211975098, 53.7623786926, 53.218963623, 42.4857406616, 44.3681144714, 29.0467281342, 44.3666763306, 90.4145584106, 50.907119751], [137.943695068, -21.1855506897, 33.7131690979, 42.1875534058, 28.7995796204, 50.4550437927, 45.5147171021, 45.3063201904, 39.9263687134, 36.3624076843, 25.8491802216, 50.907119751, 92.4211425781]],
