{
"lowlevel": {
    "average_loudness": 0.837180614471,
    "barkbands_crest": {
        "dmean": 2.54477548599,
        "dmean2": 3.81000447273,
        "dvar": 8.69301891327,
        "dvar2": 16.7055740356,
        "max": 26.7266559601,
        "mean": 9.57046508789,
        "median": 8.00356960297,
        "min": 1.82899808884,
        "var": 28.3813667297
    },
    "barkbands_flatness_db": {
        "dmean": 0.0284446533769,
        "dmean2": 0.041696369648,
        "dvar": 0.00241154199466,
        "dvar2": 0.00419433601201,
        "max": 0.751639127731,
        "mean": 0.142042398453,
        "median": 0.119247108698,
        "min": 0.0111273471266,
        "var": 0.00906622968614
    },
    "barkbands_kurtosis": {
        "dmean": 17.6593914032,
        "dmean2": 28.4035682678,
        "dvar": 23750.3398438,
        "dvar2": 62985.1601562,
        "max": 5299.71484375,
        "mean": 14.3700380325,
        "median": 0.00989651679993,
        "min": -1.85801720619,
        "var": 17985.0078125
    },
    "barkbands_skewness": {
        "dmean": 0.787120342255,
        "dmean2": 1.11995959282,
        "dvar": 6.40405702591,
        "dvar2": 14.2786750793,
        "max": 60.2447242737,
        "mean": 0.963627517223,
        "median": 0.503994524479,
        "min": -3.28080272675,
        "var": 9.05377101898
    },
    "barkbands_spread": {
        "dmean": 6.26290512085,
        "dmean2": 9.29873943329,
        "dvar": 64.8516387939,
        "dvar2": 130.367004395,
        "max": 95.2017974854,
        "mean": 27.5194797516,
        "median": 24.0368804932,
        "min": 0.0427469499409,
        "var": 283.86920166
    },
    "dissonance": {
        "dmean": 0.0170334931463,
        "dmean2": 0.0293197482824,
        "dvar": 0.000570236530621,
        "dvar2": 0.00159093167167,
        "max": 0.500000119209,
        "mean": 0.467960804701,
        "median": 0.47739470005,
        "min": 0.166214287281,
        "var": 0.000950522895437
    },
    "dynamic_complexity": 5.36036729813,
    "erbbands_crest": {
        "dmean": 3.04094028473,
        "dmean2": 4.65924978256,
        "dvar": 12.3837413788,
        "dvar2": 23.9753322601,
        "max": 32.6565055847,
        "mean": 11.0970563889,
        "median": 9.3851776123,
        "min": 2.23681879044,
        "var": 40.0809631348
    },
    "erbbands_flatness_db": {
        "dmean": 0.0218439660966,
        "dmean2": 0.0323023051023,
        "dvar": 0.000834317936096,
        "dvar2": 0.00184322730638,
        "max": 0.631456911564,
        "mean": 0.19498693943,
        "median": 0.182134479284,
        "min": 0.0567581914365,
        "var": 0.00542221264914
    },
    "erbbands_kurtosis": {
        "dmean": 2.37527871132,
        "dmean2": 3.94962668419,
        "dvar": 154.269165039,
        "dvar2": 393.702758789,
        "max": 208.418426514,
        "mean": 1.72915351391,
        "median": 0.215373754501,
        "min": -1.79964625835,
        "var": 117.019302368
    },
    "erbbands_skewness": {
        "dmean": 0.453179836273,
        "dmean2": 0.677311956882,
        "dvar": 0.988988935947,
        "dvar2": 2.1589949131,
        "max": 13.1272802353,
        "mean": 0.490986019373,
        "median": 0.345882445574,
        "min": -2.8402132988,
        "var": 1.38677656651
    },
    "erbbands_spread": {
        "dmean": 7.87385654449,
        "dmean2": 12.1168003082,
        "dvar": 213.918685913,
        "dvar2": 528.905822754,
        "max": 188.314819336,
        "mean": 29.2987880707,
        "median": 26.3455886841,
        "min": 2.68558549881,
        "var": 302.328979492
    },
    "hfc": {
        "dmean": 9.46040344238,
        "dmean2": 13.3485851288,
        "dvar": 207.686935425,
        "dvar2": 400.336334229,
        "max": 227.213623047,
        "mean": 27.8970298767,
        "median": 15.0095367432,
        "min": 1.07944568544e-16,
        "var": 992.868164062
    },
    "melbands_crest": {
        "dmean": 3.56654977798,
        "dmean2": 5.44337272644,
        "dvar": 16.1630363464,
        "dvar2": 34.2052879333,
        "max": 37.7699966431,
        "mean": 13.8773431778,
        "median": 12.253282547,
        "min": 1.61611604691,
        "var": 47.9080429077
    },
    "melbands_flatness_db": {
        "dmean": 0.0325766764581,
        "dmean2": 0.0458762422204,
        "dvar": 0.00346771837212,
        "dvar2": 0.00607210071757,
        "max": 0.73273986578,
        "mean": 0.167352870107,
        "median": 0.148266464472,
        "min": 0.00402742205188,
        "var": 0.0112192267552
    },
    "melbands_kurtosis": {
        "dmean": 19.3593521118,
        "dmean2": 28.4389381409,
        "dvar": 10088.1572266,
        "dvar2": 21156.0136719,
        "max": 1999.91162109,
        "mean": 20.8862323761,
        "median": 1.80856323242,
        "min": -1.78186547756,
        "var": 12533.1865234
    },
    "melbands_skewness": {
        "dmean": 0.883048534393,
        "dmean2": 1.24351513386,
        "dvar": 4.65162563324,
        "dvar2": 9.72967433929,
        "max": 36.6978302002,
        "mean": 1.75435590744,
        "median": 1.2114584446,
        "min": -2.0491476059,
        "var": 7.87781858444
    },
    "melbands_spread": {
        "dmean": 10.6650476456,
        "dmean2": 15.8679323196,
        "dvar": 231.235870361,
        "dvar2": 435.687957764,
        "max": 196.571426392,
        "mean": 43.2167892456,
        "median": 36.2989425659,
        "min": 0.138058558106,
        "var": 945.619506836
    },
    "pitch_salience": {
        "dmean": 0.0750189647079,
        "dmean2": 0.112554758787,
        "dvar": 0.00828764308244,
        "dvar2": 0.0168737825006,
        "max": 0.95201921463,
        "mean": 0.540031373501,
        "median": 0.558510124683,
        "min": 0.0158927869052,
        "var": 0.0229133404791
    },
    "silence_rate_20dB": {
        "dmean": 0,
        "dmean2": 0,
        "dvar": 0,
        "dvar2": 0,
        "max": 1,
        "mean": 1,
        "median": 1,
        "min": 1,
        "var": 0
    },
    "silence_rate_30dB": {
        "dmean": 0,
        "dmean2": 0,
        "dvar": 0,
        "dvar2": 0,
        "max": 1,
        "mean": 1,
        "median": 1,
        "min": 1,
        "var": 0
    },
    "silence_rate_60dB": {
        "dmean": 0.0887686088681,
        "dmean2": 0.177561238408,
        "dvar": 0.0808836594224,
        "dvar2": 0.168230831623,
        "max": 1,
        "mean": 0.240021646023,
        "median": 0,
        "min": 0,
        "var": 0.182413235307
    },
    "spectral_centroid": {
        "dmean": 279.962615967,
        "dmean2": 422.335479736,
        "dvar": 164424.453125,
        "dvar2": 309480.46875,
        "max": 11652.0458984,
        "mean": 2174.03955078,
        "median": 2122.75708008,
        "min": 82.1784515381,
        "var": 1431408.25
    },
    "spectral_complexity": {
        "dmean": 3.71880912781,
        "dmean2": 5.6183514595,
        "dvar": 27.7061500549,
        "dvar2": 55.8073616028,
        "max": 52,
        "mean": 16.3063182831,
        "median": 13,
        "min": 0,
        "var": 182.171279907
    },
    "spectral_decrease": {
        "dmean": 1.11379272472e-09,
        "dmean2": 1.52834311873e-09,
        "dvar": 2.37739979854e-18,
        "dvar2": 4.63882308493e-18,
        "max": 1.13609154318e-16,
        "mean": -3.55524854001e-09,
        "median": -2.29176655431e-09,
        "min": -1.88006108459e-08,
        "var": 1.20515326612e-17
    },
    "spectral_energy": {
        "dmean": 0.00482173450291,
        "dmean2": 0.00660498114303,
        "dvar": 4.26178849011e-05,
        "dvar2": 8.20914501674e-05,
        "max": 0.074629791081,
        "mean": 0.0159486774355,
        "median": 0.0105152009055,
        "min": 9.90061603232e-21,
        "var": 0.000233459330047
    },
    "spectral_energyband_high": {
        "dmean": 0.000645950902253,
        "dmean2": 0.00092325953301,
        "dvar": 1.57527745159e-06,
        "dvar2": 2.96187113236e-06,
        "max": 0.0221107937396,
        "mean": 0.00164365081582,
        "median": 0.00059435213916,
        "min": 6.92434021679e-21,
        "var": 6.26259634373e-06
    },
    "spectral_energyband_low": {
        "dmean": 0.00182817922905,
        "dmean2": 0.00272177089937,
        "dvar": 1.62089945661e-05,
        "dvar2": 3.52077258867e-05,
        "max": 0.0486663356423,
        "mean": 0.00302205979824,
        "median": 0.000148033403093,
        "min": 6.54977956742e-24,
        "var": 3.05952235067e-05
    },
    "spectral_energyband_middle_high": {
        "dmean": 0.00292885000817,
        "dmean2": 0.00419894885272,
        "dvar": 1.68069946085e-05,
        "dvar2": 3.36856828653e-05,
        "max": 0.0584525689483,
        "mean": 0.00789118837565,
        "median": 0.00443387730047,
        "min": 1.1098347508e-21,
        "var": 7.33523047529e-05
    },
    "spectral_energyband_middle_low": {
        "dmean": 0.00173756387085,
        "dmean2": 0.00263302703388,
        "dvar": 1.02758122011e-05,
        "dvar2": 2.34277940763e-05,
        "max": 0.0523032136261,
        "mean": 0.00390057824552,
        "median": 0.0023418914061,
        "min": 1.61108431585e-22,
        "var": 2.24590676225e-05
    },
    "spectral_entropy": {
        "dmean": 0.239191442728,
        "dmean2": 0.366023331881,
        "dvar": 0.176043853164,
        "dvar2": 0.370857268572,
        "max": 9.83212471008,
        "mean": 7.50471019745,
        "median": 7.59976911545,
        "min": 3.00196909904,
        "var": 0.626516222954
    },
    "spectral_flux": {
        "dmean": 0.0226452425122,
        "dmean2": 0.0350866690278,
        "dvar": 0.000619556987658,
        "dvar2": 0.00148241582792,
        "max": 0.25491642952,
        "mean": 0.0605583526194,
        "median": 0.0552087277174,
        "min": 6.4024674451e-11,
        "var": 0.00203986302949
    },
    "spectral_kurtosis": {
        "dmean": 1.66576063633,
        "dmean2": 2.8298535347,
        "dvar": 5.69012928009,
        "dvar2": 16.8582172394,
        "max": 42.9020195007,
        "mean": 4.79043483734,
        "median": 3.87641716003,
        "min": -1.25758445263,
        "var": 17.6757717133
    },
    "spectral_rms": {
        "dmean": 0.000596120022237,
        "dmean2": 0.000775572552811,
        "dvar": 4.67394386305e-07,
        "dvar2": 8.07776984857e-07,
        "max": 0.00853285193443,
        "mean": 0.00338139897212,
        "median": 0.00320292566903,
        "min": 3.10791540073e-12,
        "var": 4.12581857745e-06
    },
    "spectral_rolloff": {
        "dmean": 735.705810547,
        "dmean2": 1168.04101562,
        "dvar": 1419976.75,
        "dvar2": 2550704.25,
        "max": 19853.6132812,
        "mean": 3253.96557617,
        "median": 2368.65234375,
        "min": 21.533203125,
        "var": 8303440.5
    },
    "spectral_skewness": {
        "dmean": 0.216051474214,
        "dmean2": 0.353032559156,
        "dvar": 0.0667827427387,
        "dvar2": 0.171802043915,
        "max": 4.74943971634,
        "mean": 1.5161190033,
        "median": 1.45442807674,
        "min": -0.0770129337907,
        "var": 0.272915154696
    },
    "spectral_spread": {
        "dmean": 544826.3125,
        "dmean2": 764184.0625,
        "dvar": 771763863552,
        "dvar2": 1.27834416742e+12,
        "max": 42592296,
        "mean": 5198272.5,
        "median": 4463250.5,
        "min": 1415834.875,
        "var": 1.80618306519e+13
    },
    "spectral_strongpeak": {
        "dmean": 0.972146391869,
        "dmean2": 1.59277915955,
        "dvar": 2.47742128372,
        "dvar2": 5.81056928635,
        "max": 18.5731506348,
        "mean": 1.64106118679,
        "median": 0.694698810577,
        "min": 0,
        "var": 4.63044404984
    },
    "zerocrossingrate": {
        "dmean": 0.0151172270998,
        "dmean2": 0.0154063338414,
        "dvar": 0.000380530691473,
        "dvar2": 0.00032211310463,
        "max": 0.62841796875,
        "mean": 0.10916762054,
        "median": 0.0927734375,
        "min": 0,
        "var": 0.00537764281034
    },
    "barkbands": {
        "dmean": [0.000134534871904, 0.00122569338419, 0.000795899599325, 0.000400619959692, 0.000504903437104, 0.000196467080968, 0.000228887525736, 0.000393872469431, 0.000283213506918, 0.000639988924377, 0.000515235296916, 0.000458971015178, 0.000590795825701, 0.000719468167517, 0.000421989068855, 0.000368024862837, 0.000528846168891, 0.000208767101867, 0.000305555993691, 0.000218612898607, 0.00020421424415, 0.000132381377625, 0.000106331019197, 0.000115881121019, 9.7797725175e-05, 5.63564608456e-05, 1.24209136629e-05],
        "dmean2": [0.000223642680794, 0.00176231341902, 0.00138902058825, 0.000712525914423, 0.000831514305901, 0.000306680478388, 0.000359044352081, 0.000593949691392, 0.000421515724156, 0.000929166213609, 0.000714591704309, 0.000676362134982, 0.000822198286187, 0.00105132267345, 0.000644275976811, 0.000607561785728, 0.000811982783489, 0.000339061865816, 0.000463125499664, 0.000355782773113, 0.000312875781674, 0.000207720455364, 0.000163750650245, 0.000167779435287, 0.000135004767799, 7.87005992606e-05, 1.83429092431e-05],
        "dvar": [1.45886417613e-07, 7.05267848389e-06, 7.89964269643e-06, 2.4644732548e-06, 1.86191891771e-06, 3.55099700755e-07, 6.69534870212e-07, 1.17630122531e-06, 9.98000814434e-07, 2.47172943091e-06, 1.66349684605e-06, 1.08063807147e-06, 2.47263096753e-06, 2.42217470259e-06, 1.33397077207e-06, 1.11453448426e-06, 1.63331333169e-06, 1.43786422768e-07, 5.49852018139e-07, 1.4585278052e-07, 1.04430156966e-07, 5.7461019054e-08, 6.59484413745e-08, 8.6136964228e-08, 7.6974160379e-08, 3.52873463783e-08, 1.27901877978e-09],
        "dvar2": [4.14698121176e-07, 1.39911126098e-05, 2.10213929677e-05, 6.35555898043e-06, 4.52844187748e-06, 7.81287099016e-07, 1.41533973874e-06, 2.27826853916e-06, 2.10897587749e-06, 5.04047238792e-06, 3.21627157973e-06, 2.40668850893e-06, 4.28825978815e-06, 4.76061086374e-06, 2.74084459306e-06, 2.8443919291e-06, 3.73981515622e-06, 3.68683060969e-07, 1.17410115763e-06, 3.84856065239e-07, 2.43752538154e-07, 1.42223939292e-07, 1.49052510778e-07, 1.69527282878e-07, 1.21089939853e-07, 5.15334015461e-08, 2.5484729882e-09],
        "max": [0.00702893873677, 0.0334651172161, 0.0317653417587, 0.0360926315188, 0.0172482393682, 0.0231844205409, 0.0305961612612, 0.0217818114907, 0.0271626450121, 0.027026059106, 0.0278960727155, 0.0197937600315, 0.0312062129378, 0.0259109567851, 0.0415655896068, 0.036560934037, 0.0384866818786, 0.00571155082434, 0.0305477082729, 0.00645111175254, 0.00561341503635, 0.00419771531597, 0.00440072407946, 0.00583544187248, 0.00718936789781, 0.00594186550006, 0.00112728890963],
        "mean": [0.000179992450285, 0.00198905915022, 0.000691241177265, 0.00035694881808, 0.000674829701893, 0.000439518480562, 0.00040744539001, 0.000822705915198, 0.000489439989906, 0.00112858123612, 0.000884599401616, 0.000748347316403, 0.00100704992656, 0.0011895603966, 0.000661503348965, 0.000594226585235, 0.000897659163456, 0.000361514539691, 0.000533026002813, 0.000423519930337, 0.000392761314288, 0.000278091232758, 0.000207360702916, 0.000236716296058, 0.000203085903195, 0.00012706418056, 2.28168846661e-05],
        "median": [3.48134017258e-06, 5.83799264859e-05, 4.59442799183e-06, 2.80933841168e-06, 0.000135604670504, 0.00010857603047, 0.000138820207212, 0.000195564265596, 8.35331811686e-05, 0.00018810929032, 0.00013640456018, 0.000148718754645, 0.000118351512356, 0.000260758271907, 0.0001088949939, 0.000100064622529, 0.00017476969515, 0.000105316918052, 0.000203224597499, 0.000103102938738, 0.000147482365719, 8.03825678304e-05, 5.120795322e-05, 5.51304656256e-05, 4.05743303418e-05, 1.69449886016e-05, 1.90900527741e-06],
        "min": [4.81427512352e-25, 2.80974682563e-24, 6.40055804694e-25, 1.97225678712e-25, 6.08026099511e-24, 1.28402992095e-23, 3.77980848914e-24, 7.38706469931e-24, 9.23217012471e-24, 1.5736233625e-23, 1.12050804831e-23, 2.54698479172e-23, 2.26487361698e-23, 2.47215281517e-23, 4.84974518917e-23, 4.23167361656e-23, 8.55779534049e-23, 8.56033673478e-23, 1.24288191061e-22, 1.82708894674e-22, 1.95214700293e-22, 3.7963200263e-22, 3.63377630963e-22, 6.05812409083e-22, 9.32839910135e-22, 1.22043905767e-21, 2.11231676577e-21],
        "var": [1.89322847177e-07, 1.41941754919e-05, 5.83241671848e-06, 2.90346360998e-06, 2.43365934693e-06, 9.73241753854e-07, 9.64152945926e-07, 2.81464554064e-06, 1.78147752194e-06, 5.02444618178e-06, 3.91498770114e-06, 2.1581247438e-06, 6.08892105447e-06, 5.89895262237e-06, 2.45687579081e-06, 2.21992627303e-06, 3.66153471987e-06, 3.22738543446e-07, 1.01163459476e-06, 4.37023373934e-07, 2.99247659541e-07, 1.77021291847e-07, 1.48247409015e-07, 2.43845619252e-07, 2.44436591856e-07, 1.33962828386e-07, 3.92558119344e-09]
    },
    "erbbands": {
        "dmean": [0.0400411486626, 0.267599344254, 0.807648062706, 1.22807192802, 1.48006904125, 1.75911188126, 1.31721866131, 1.80384004116, 3.25154018402, 6.85068416595, 6.38830184937, 7.49282598495, 18.3565349579, 12.3738708496, 24.0576133728, 23.4155807495, 27.2327537537, 39.6682548523, 18.0070533752, 27.1301784515, 21.12358284, 18.4558563232, 11.7988300323, 20.3679695129, 9.75514698029, 11.9139070511, 8.91958332062, 6.12090682983, 4.78821897507, 3.85889863968, 3.176030159, 2.70591259003, 1.72050094604, 1.16382467747, 0.681562960148, 0.282220035791, 0.102819904685, 0.0238579809666, 0.00172776088584, 3.14408898703e-05],
        "dmean2": [0.0562279261649, 0.396100819111, 1.34911453724, 2.16734361649, 2.50121092796, 2.89202570915, 2.118881464, 2.80608606339, 4.9733171463, 10.4546003342, 9.67124938965, 10.8154592514, 26.2849998474, 18.1221389771, 32.9703979492, 32.9171676636, 37.7237358093, 57.7941055298, 27.0031852722, 42.1349525452, 33.0906600952, 29.3386554718, 19.0674114227, 31.0589065552, 15.6541814804, 19.463760376, 13.4121255875, 9.53856468201, 7.45574188232, 6.17739582062, 4.86314964294, 3.89493298531, 2.57891798019, 1.68629026413, 0.943757653236, 0.401366323233, 0.144577220082, 0.0341104120016, 0.0025473642163, 4.35625697719e-05],
        "dvar": [0.00672834599391, 0.426471948624, 6.84465885162, 20.0323543549, 23.825843811, 24.0129184723, 9.57512187958, 41.4465255737, 158.455718994, 381.607788086, 301.328643799, 743.78503418, 1845.73327637, 1838.48168945, 3760.93969727, 2435.78125, 5588.64013672, 7140.20263672, 1472.94396973, 6606.94433594, 2204.22680664, 1723.66174316, 568.954406738, 2594.84057617, 349.438781738, 466.742614746, 211.019226074, 95.675163269, 71.7966842651, 58.240234375, 69.4531021118, 48.7730407715, 18.6887359619, 9.34013557434, 4.50563573837, 0.841118693352, 0.119494400918, 0.00539358519018, 2.57400806731e-05, 6.82679601738e-09],
        "dvar2": [0.0137505605817, 0.844483375549, 17.1373195648, 54.7013206482, 57.933052063, 56.4904785156, 23.2558784485, 89.2364349365, 355.232513428, 752.016967773, 640.414123535, 1601.7208252, 3636.13745117, 3529.84399414, 7279.3671875, 5072.36328125, 9622.40527344, 14137.4179688, 3040.92919922, 13914.0390625, 5043.39306641, 4239.01074219, 1465.21337891, 5520.33544922, 871.571716309, 1273.0625, 495.028259277, 232.610214233, 172.391693115, 138.79246521, 158.448989868, 98.3488998413, 36.392616272, 16.172504425, 7.58796215057, 1.30714631081, 0.189362883568, 0.00892332848161, 5.04456802446e-05, 1.1523101584e-08],
        "max": [1.12688267231, 8.46436500549, 33.50415802, 51.4352340698, 119.653938293, 65.9678955078, 59.4605789185, 285.441345215, 467.438873291, 420.602600098, 464.89630127, 747.38269043, 900.108947754, 973.653015137, 1378.90100098, 1017.21429443, 1532.6895752, 1372.5345459, 841.047363281, 3181.0065918, 1274.19714355, 1270.84594727, 719.685791016, 1853.52905273, 593.325866699, 340.368591309, 258.403198242, 195.473098755, 129.699920654, 152.447418213, 149.101409912, 150.498626709, 86.0929031372, 71.1832199097, 60.6911392212, 28.6439571381, 10.682390213, 2.243465662, 0.155897602439, 0.00234669842757],
        "mean": [0.0714221149683, 0.388086795807, 0.779571294785, 1.09572291374, 1.57192325592, 2.43740797043, 2.17863488197, 3.97884202003, 6.54471969604, 13.6237030029, 12.7042531967, 14.1517562866, 34.1705360413, 20.695558548, 42.7511405945, 42.2787666321, 49.2033615112, 68.025970459, 30.7290668488, 45.0817337036, 38.147151947, 32.3298377991, 22.3284740448, 33.8044662476, 18.3378410339, 22.5740756989, 17.5409908295, 12.4156541824, 10.2648620605, 7.54971456528, 6.33412647247, 5.22969293594, 3.52451777458, 2.35286283493, 1.39465200901, 0.627841949463, 0.223077267408, 0.049264870584, 0.00319483620115, 7.68462268752e-05],
        "median": [0.00161997240502, 0.0103146163747, 0.0109948692843, 0.0122645869851, 0.096031062305, 0.497898727655, 0.631842315197, 1.01289618015, 2.19310522079, 3.43119835854, 3.56453347206, 3.25215172768, 5.99041986465, 5.64375305176, 8.97011566162, 10.430223465, 9.30883693695, 17.4507007599, 9.81154251099, 8.97165298462, 9.05757713318, 8.93552780151, 7.51720380783, 10.8315563202, 7.13505363464, 5.68688201904, 5.73341321945, 4.94037866592, 3.26897716522, 2.07586932182, 1.76577019691, 1.08870279789, 0.704931557178, 0.436840206385, 0.285924583673, 0.0929417312145, 0.0329058244824, 0.00595822744071, 0.000265216862317, 2.61239820247e-05],
        "min": [5.64948480181e-23, 8.49510248176e-22, 1.39189475687e-21, 2.95560922491e-21, 4.061964102e-21, 1.88093148788e-20, 4.2800615796e-20, 9.43433028206e-20, 9.60525746212e-20, 2.09657624573e-19, 2.45265720766e-19, 2.93066937401e-19, 6.09201615642e-19, 5.22574092016e-19, 1.04737991732e-18, 1.1972914107e-18, 1.27631549014e-18, 1.5979189696e-18, 1.84304815386e-18, 2.35504793082e-18, 3.69712924274e-18, 4.78437585347e-18, 4.77890198577e-18, 6.47738626552e-18, 5.97220969464e-18, 8.37752146218e-18, 7.62218396736e-18, 1.03794573632e-17, 1.19910351527e-17, 1.12975426436e-17, 1.08381174324e-17, 1.221087908e-17, 9.76441383621e-18, 8.7224177273e-18, 6.23198369806e-18, 3.98636121572e-18, 2.49284918984e-18, 9.77678059996e-19, 2.52347575881e-19, 2.80288631912e-20],
        "var": [0.0169626493007, 0.708179533482, 5.96843576431, 16.0966148376, 34.096206665, 33.3755722046, 16.3937835693, 108.169410706, 229.338180542, 846.511047363, 664.325012207, 1345.99365234, 4828.00878906, 2974.01660156, 8558.82519531, 5701.50292969, 14039.3212891, 17560.3730469, 2819.03540039, 12808.2568359, 5367.43066406, 3505.89013672, 1216.50219727, 4698.19824219, 763.484985352, 1286.70666504, 613.790100098, 285.58770752, 240.66217041, 146.835067749, 148.396133423, 130.009216309, 52.0215339661, 28.5310173035, 13.354765892, 2.98912096024, 0.415765196085, 0.0192301087081, 8.07690812508e-05, 2.57089958211e-08]
    },
    "gfcc": {
        "mean": [-67.8358535767, 22.4795913696, -150.576171875, 3.10874056816, -67.6604156494, 5.29824972153, -39.3559188843, 5.51034927368, -28.4166584015, 9.60548210144, -13.4447870255, 6.17863893509, -10.3143529892],
        "cov": [[36522.65625, -1072.87780762, 514.038879395, 2894.1027832, 624.336791992, 2550.2956543, -126.42137146, 937.865539551, 121.588768005, 769.529907227, -389.757507324, 285.477111816, -643.666809082], [-1072.87780762, 2449.9206543, -389.952972412, 26.0848884583, 151.073867798, -425.906982422, 252.20161438, 7.42252492905, 53.9522247314, -133.766464233, 69.8276672363, -148.708953857, 117.654708862], [514.038879395, -389.952972412, 2333.79760742, 1294.73168945, 1040.27453613, 1022.37799072, 346.245697021, 290.288208008, 166.633285522, 134.834671021, -37.6208000183, -15.4872703552, -135.632766724], [2894.1027832, 26.0848884583, 1294.73168945, 1604.12304688, 1064.99145508, 983.735107422, 387.038421631, 291.887573242, 242.502288818, 166.382446289, -21.1604061127, -9.74679374695, -74.5003051758], [624.336791992, 151.073867798, 1040.27453613, 1064.99145508, 1111.35424805, 835.352478027, 450.011749268, 292.094421387, 254.809860229, 160.638259888, -4.49641609192, -4.52590894699, 2.73141217232], [2550.2956543, -425.906982422, 1022.37799072, 983.735107422, 835.352478027, 1077.71594238, 409.820373535, 370.037353516, 208.251525879, 219.345870972, 0.653614640236, 66.9176559448, -53.1876983643], [-126.42137146, 252.20161438, 346.245697021, 387.038421631, 450.011749268, 409.820373535, 440.621490479, 268.450195312, 139.615020752, 63.6037788391, 70.6203231812, 41.7862854004, 36.9830093384], [937.865539551, 7.42252492905, 290.288208008, 291.887573242, 292.094421387, 370.037353516, 268.450195312, 349.324066162, 171.290863037, 72.3820114136, 16.3104171753, 72.7971572876, 16.2218017578], [121.588768005, 53.9522247314, 166.633285522, 242.502288818, 254.809860229, 208.251525879, 139.615020752, 171.290863037, 260.300445557, 109.101043701, -5.48395824432, 0.277144938707, 35.1050987244], [769.529907227, -133.766464233, 134.834671021, 166.382446289, 160.638259888, 219.345870972, 63.6037788391, 72.3820114136, 109.101043701, 231.203857422, 40.0103988647, -10.8553314209, -22.2796974182], [-389.757507324, 69.8276672363, -37.6208000183, -21.1604061127, -4.49641609192, 0.653614640236, 70.6203231812, 16.3104171753, -5.48395824432, 40.0103988647, 155.379974365, 59.9049377441, -22.3051948547], [285.477111816, -148.708953857, -15.4872703552, -9.74679374695, -4.52590894699, 66.9176559448, 41.7862854004, 72.7971572876, 0.277144938707, -10.8553314209, 59.9049377441, 143.307601929, 19.3871326447], [-643.666809082, 117.654708862, -135.632766724, -74.5003051758, 2.73141217232, -53.1876983643, 36.9830093384, 16.2218017578, 35.1050987244, -22.2796974182, -22.3051948547, 19.3871326447, 121.976089478]],
        "icov": [[8.69763171067e-05, -0.000109510714537, 0.000148065533722, -0.00024229050905, 0.000240433932049, -0.000321680592606, 0.000288422306767, -0.000248087540967, 0.000219334600843, -0.000287197995931, 0.000448875798611, -0.000352069968358, 0.000403611978982], [-0.000109510714537, 0.000949103792664, -3.46733759216e-05, -1.88714820979e-05, -0.00069839990465, 0.00137709069531, -0.00095776404487, -0.000133690264192, -0.000104911458038, 0.00067209743429, -0.00120090530254, 0.00155950931367, -0.000933674047701], [0.000148065533722, -3.46733759216e-05, 0.00124908611178, -0.000719181611203, -0.000175136505277, -0.000813095073681, 0.00070613832213, -0.000693039502949, 0.000586131471209, -7.99237968749e-05, 0.000624475651421, -0.000161696705618, 0.00124850752763], [-0.00024229050905, -1.88714820979e-05, -0.000719181611203, 0.00307034119032, -0.00188706885092, -0.00052933441475, -0.000126769475173, 0.00113516976126, -0.00123204325791, 0.00130968913436, -0.00123167783022, 0.000893606105819, -0.000259312859271], [0.000240433932049, -0.00069839990465, -0.000175136505277, -0.00188706885092, 0.00526547478512, -0.00246395613067, -0.00124649866484, 0.00100401812233, -0.000843087327667, -0.00100012903567, 0.00192274234723, -0.00108992378227, 0.000231993137277], [-0.000321680592606, 0.00137709069531, -0.000813095073681, -0.00052933441475, -0.00246395613067, 0.00719330413267, -0.00331082288176, -0.00104227033444, 0.000707670638803, -0.0015745050041, 0.000272398552625, -0.000185710043297, -0.000330910930643], [0.000288422306767, -0.00095776404487, 0.00070613832213, -0.000126769475173, -0.00124649866484, -0.00331082288176, 0.0102126421407, -0.0056324955076, 0.00159867317416, 0.000958887394518, -0.00395087199286, 0.00186925299931, -0.00191409012768], [-0.000248087540967, -0.000133690264192, -0.000693039502949, 0.00113516976126, 0.00100401812233, -0.00104227033444, -0.0056324955076, 0.0107712624595, -0.00511576002464, 0.000763665186241, 0.00221141730435, -0.00397043395787, 0.00118809437845], [0.000219334600843, -0.000104911458038, 0.000586131471209, -0.00123204325791, -0.000843087327667, 0.000707670638803, 0.00159867317416, -0.00511576002464, 0.00912400893867, -0.00380126037635, 0.00120454200078, 0.000605103792623, -0.00151518045459], [-0.000287197995931, 0.00067209743429, -7.99237968749e-05, 0.00130968913436, -0.00100012903567, -0.0015745050041, 0.000958887394518, 0.000763665186241, -0.00380126037635, 0.00937480479479, -0.00604374520481, 0.00484341429546, -0.0015778648667], [0.000448875798611, -0.00120090530254, 0.000624475651421, -0.00123167783022, 0.00192274234723, 0.000272398552625, -0.00395087199286, 0.00221141730435, 0.00120454200078, -0.00604374520481, 0.016488801688, -0.0105883516371, 0.00769627373666], [-0.000352069968358, 0.00155950931367, -0.000161696705618, 0.000893606105819, -0.00108992378227, -0.000185710043297, 0.00186925299931, -0.00397043395787, 0.000605103792623, 0.00484341429546, -0.0105883516371, 0.0165978204459, -0.00695523293689], [0.000403611978982, -0.000933674047701, 0.00124850752763, -0.000259312859271, 0.000231993137277, -0.000330910930643, -0.00191409012768, 0.00118809437845, -0.00151518045459, -0.0015778648667, 0.00769627373666, -0.00695523293689, 0.0153922727332]]
    },
    "melbands": {
        "dmean": [0.000340805010637, 0.000374134600861, 0.000209003294003, 0.000123546356917, 5.09669735038e-05, 4.05377868447e-05, 4.81917268189e-05, 8.20210261736e-05, 5.08323901158e-05, 4.52057756775e-05, 9.21541941352e-05, 5.0937593187e-05, 7.15123169357e-05, 6.12304575043e-05, 6.40826692688e-05, 4.46777703473e-05, 8.67664275574e-05, 2.86936465272e-05, 2.50588800554e-05, 4.25718899351e-05, 2.77268572972e-05, 2.26924312301e-05, 1.6524176317e-05, 1.25914593809e-05, 1.81907089427e-05, 7.85097654443e-06, 7.28860777599e-06, 7.88022407505e-06, 4.71777821076e-06, 6.73738395562e-06, 3.62226410289e-06, 2.91213086712e-06, 2.74580929727e-06, 2.10098255593e-06, 2.05710443879e-06, 1.82849817065e-06, 1.56578619226e-06, 1.29848797314e-06, 1.14877377655e-06, 1.00745421605e-06],
        "dmean2": [0.000484765594592, 0.000583092507441, 0.000358301738743, 0.000204907759326, 8.14249942778e-05, 6.29433488939e-05, 7.35976354918e-05, 0.000124604455777, 7.57277521188e-05, 6.55944168102e-05, 0.00013256870443, 7.59894319344e-05, 9.90518674371e-05, 8.64940520842e-05, 8.82718304638e-05, 6.36423792457e-05, 0.000126629704027, 4.29603023804e-05, 3.82257385354e-05, 6.82582176523e-05, 4.24851532443e-05, 3.50395384885e-05, 2.74344183708e-05, 2.01646671485e-05, 2.77874187304e-05, 1.27793446154e-05, 1.20301765492e-05, 1.28187939481e-05, 7.1383346949e-06, 1.04395057861e-05, 5.76095089855e-06, 4.58077420262e-06, 4.42748751084e-06, 3.40229030371e-06, 3.22984055856e-06, 2.74128547062e-06, 2.27927489505e-06, 1.96006726583e-06, 1.79167739134e-06, 1.45836384036e-06],
        "dvar": [4.89892158839e-07, 1.09933228032e-06, 5.33587353857e-07, 1.35153229053e-07, 1.44103138311e-08, 1.82042665386e-08, 3.49501796393e-08, 5.586074181e-08, 1.89272260087e-08, 2.61975632299e-08, 4.66569503033e-08, 3.66703538646e-08, 3.19815676164e-08, 1.56816195584e-08, 2.37211175147e-08, 1.17753460316e-08, 3.66869414847e-08, 3.60160501423e-09, 4.98437824348e-09, 1.42999638797e-08, 4.55120252596e-09, 2.71783906491e-09, 2.80909717709e-09, 6.00511806947e-10, 2.27557239718e-09, 2.45185483028e-10, 1.50217463468e-10, 2.1334793654e-10, 5.82515910508e-11, 1.40665076809e-10, 4.0028851761e-11, 2.83693502717e-11, 2.84353807861e-11, 1.84133767261e-11, 2.99629904221e-11, 2.20349884172e-11, 1.59593449567e-11, 1.13973856394e-11, 6.94668845017e-12, 7.4625956456e-12],
        "dvar2": [9.86975237538e-07, 2.45167098001e-06, 1.38162465646e-06, 3.28060679067e-07, 3.36117196298e-08, 3.94938162174e-08, 7.64101599771e-08, 1.08644911734e-07, 3.86899046134e-08, 5.69755158608e-08, 9.32608017479e-08, 7.11437024847e-08, 6.22280111884e-08, 3.28187468313e-08, 3.98757471487e-08, 2.17948592507e-08, 7.22841022593e-08, 7.34074934172e-09, 1.03404573792e-08, 3.43669377401e-08, 9.73471614429e-09, 5.97693716742e-09, 7.65421681592e-09, 1.53312496032e-09, 4.83390927286e-09, 6.44486297663e-10, 4.02766653362e-10, 5.5995302839e-10, 1.3690672207e-10, 3.3331148952e-10, 1.00908892353e-10, 6.9149047599e-11, 7.22978690804e-11, 4.40380024114e-11, 7.1378535027e-11, 4.68504436635e-11, 3.27258255217e-11, 2.35138263027e-11, 1.47119035704e-11, 1.3177248355e-11],
        "max": [0.00899794604629, 0.0144306886941, 0.0129042118788, 0.00468499679118, 0.00256427796558, 0.00558144878596, 0.00710355071351, 0.00520780310035, 0.00364025426097, 0.00451596733183, 0.00444397423416, 0.00436652777717, 0.00383479334414, 0.0021311820019, 0.00301829143427, 0.00201480649412, 0.00315409852192, 0.00131130916998, 0.00276279170066, 0.00345665216446, 0.00231384742074, 0.00164886261337, 0.00218166620471, 0.000449030543678, 0.00174241163768, 0.000379974633688, 0.00021154411661, 0.000278494291706, 0.000141370488564, 0.000227740296395, 0.000131508699269, 7.28447339498e-05, 9.15849159355e-05, 8.53833189467e-05, 0.000101198907942, 0.000100390476291, 7.52248815843e-05, 6.33545714663e-05, 5.47397503396e-05, 6.43285384285e-05],
        "mean": [0.000591961317696, 0.000452759792097, 0.00020155592938, 0.000152327920659, 8.53489545989e-05, 9.20271122595e-05, 9.48553933995e-05, 0.000164240293088, 9.92588466033e-05, 8.44882888487e-05, 0.000168601909536, 7.70816768636e-05, 0.000124284430058, 0.000109286273073, 0.000116207265819, 7.74634681875e-05, 0.000142992459587, 4.75712658954e-05, 4.08604391851e-05, 6.88011568855e-05, 4.5977631089e-05, 3.84936283808e-05, 2.56548373727e-05, 2.11388542084e-05, 2.86564536509e-05, 1.28381680042e-05, 1.33097764774e-05, 1.48201288539e-05, 9.35066600505e-06, 1.16361788969e-05, 6.33914351056e-06, 5.87814929531e-06, 5.07725599164e-06, 3.78591857952e-06, 3.78340678253e-06, 3.40463384418e-06, 2.93162747766e-06, 2.48684818871e-06, 2.22632002078e-06, 1.89997024336e-06],
        "median": [1.67513007909e-05, 1.03814672912e-05, 3.15912870974e-06, 2.2215755962e-05, 2.56943003478e-05, 2.16864955291e-05, 3.09990500682e-05, 3.9113801904e-05, 2.66580518655e-05, 1.64481662068e-05, 2.72288998531e-05, 1.41754808283e-05, 1.93485502678e-05, 2.52828867815e-05, 2.19137309614e-05, 1.0497961739e-05, 2.89598629024e-05, 1.41023692777e-05, 7.91406364442e-06, 1.01771747723e-05, 7.47370768295e-06, 7.99082772573e-06, 5.72301314605e-06, 6.08421214565e-06, 8.10851543065e-06, 4.59537932329e-06, 4.10395387007e-06, 3.4968379623e-06, 2.94959431812e-06, 3.10966402139e-06, 1.84155840088e-06, 1.71069268617e-06, 1.19180083402e-06, 8.88365775609e-07, 1.03012564523e-06, 7.87373949152e-07, 5.72822841605e-07, 4.86013902901e-07, 4.36137838733e-07, 3.2321580079e-07],
        "min": [8.5696859198e-25, 1.24182266763e-24, 7.24379316221e-25, 1.09546530389e-24, 1.881084188e-24, 2.37521384004e-24, 1.43811482807e-24, 2.09046128288e-24, 2.14664080111e-24, 1.43494912926e-24, 3.02623234613e-24, 1.60437623714e-24, 2.9591470231e-24, 3.47427595523e-24, 2.17386281323e-24, 2.28801512773e-24, 2.12058255604e-24, 2.37128689046e-24, 3.26466397701e-24, 3.21981151531e-24, 3.49557007207e-24, 4.40846278856e-24, 4.12325367815e-24, 3.40298186206e-24, 4.60597265441e-24, 3.39356641272e-24, 4.50312688605e-24, 4.50546625306e-24, 3.46866675976e-24, 4.31039278411e-24, 5.4961276386e-24, 5.32416108886e-24, 5.96381368702e-24, 4.86404573854e-24, 5.76892086722e-24, 6.31086633695e-24, 5.91499621319e-24, 5.5572986742e-24, 5.79075062062e-24, 6.02006065285e-24],
        "var": [1.13537544166e-06, 1.32468301217e-06, 5.55605993213e-07, 1.74319907842e-07, 2.47836897671e-08, 4.92907190619e-08, 5.09325595033e-08, 1.26435480752e-07, 4.09111855504e-08, 4.92819118847e-08, 1.19204315752e-07, 5.63789086527e-08, 7.56056266482e-08, 3.63941161652e-08, 6.14589410475e-08, 3.02550340336e-08, 8.84768738274e-08, 7.11715575363e-09, 9.61988622095e-09, 2.83646652832e-08, 1.08244186947e-08, 6.35155128492e-09, 3.60445961967e-09, 1.22416443649e-09, 3.95643873219e-09, 4.45966041873e-10, 3.85099979683e-10, 6.30623053777e-10, 1.83315584934e-10, 3.3516939224e-10, 9.63519819486e-11, 8.42453398708e-11, 7.10186076613e-11, 4.10748622615e-11, 5.55028661919e-11, 5.34062689905e-11, 4.17852592804e-11, 2.81090602183e-11, 1.93735288229e-11, 2.1233504538e-11]
    },
    "mfcc": {
        "mean": [-697.649841309, 68.0273208618, -30.1732769012, -3.44374871254, -13.0984506607, -5.33703613281, -5.11315155029, -6.3566403389, -6.81792926788, -2.91166782379, -2.31083512306, 1.64276063442, -1.31220650673],
        "cov": [[20066.5507812, 175.695877075, -103.957923889, 1153.57263184, 1073.65307617, 1216.64440918, 654.316955566, 584.300842285, 547.758178711, 523.097412109, 484.453155518, 408.288116455, 234.832809448], [175.695877075, 1576.11108398, -341.662536621, 82.0046157837, -233.041091919, -243.340454102, -69.4541091919, -81.9086227417, -31.3800849915, -43.049823761, -97.0252761841, 10.364156723, -37.8304862976], [-103.957923889, -341.662536621, 1099.96520996, 466.786529541, 628.592834473, 541.387084961, 389.354919434, 316.261474609, 237.572952271, 175.90826416, 154.514297485, 60.2685089111, 79.0686035156], [1153.57263184, 82.0046157837, 466.786529541, 790.416870117, 609.325866699, 555.839416504, 353.746704102, 254.383666992, 255.323745728, 174.572982788, 136.738922119, 106.169342041, 90.4273529053], [1073.65307617, -233.041091919, 628.592834473, 609.325866699, 821.845947266, 706.060546875, 444.953857422, 346.202392578, 346.611297607, 249.788818359, 190.616867065, 134.353820801, 111.223609924], [1216.64440918, -243.340454102, 541.387084961, 555.839416504, 706.060546875, 802.574890137, 496.410522461, 337.130584717, 334.062164307, 266.855102539, 212.570587158, 164.427963257, 96.3611984253], [654.316955566, -69.4541091919, 389.354919434, 353.746704102, 444.953857422, 496.410522461, 488.603363037, 334.232513428, 240.868087769, 174.746292114, 159.911636353, 140.792892456, 78.3667831421], [584.300842285, -81.9086227417, 316.261474609, 254.383666992, 346.202392578, 337.130584717, 334.232513428, 446.067260742, 285.5831604, 124.243232727, 138.136947632, 91.0654373169, 155.62828064], [547.758178711, -31.3800849915, 237.572952271, 255.323745728, 346.611297607, 334.062164307, 240.868087769, 285.5831604, 435.737548828, 232.942321777, 102.331283569, 75.4928283691, 84.2232589722], [523.097412109, -43.049823761, 175.90826416, 174.572982788, 249.788818359, 266.855102539, 174.746292114, 124.243232727, 232.942321777, 270.564147949, 120.430953979, 95.2970962524, 22.3915557861], [484.453155518, -97.0252761841, 154.514297485, 136.738922119, 190.616867065, 212.570587158, 159.911636353, 138.136947632, 102.331283569, 120.430953979, 194.98538208, 99.5529251099, 80.5248641968], [408.288116455, 10.364156723, 60.2685089111, 106.169342041, 134.353820801, 164.427963257, 140.792892456, 91.0654373169, 75.4928283691, 95.2970962524, 99.5529251099, 184.376358032, 32.9095230103], [234.832809448, -37.8304862976, 79.0686035156, 90.4273529053, 111.223609924, 96.3611984253, 78.3667831421, 155.62828064, 84.2232589722, 22.3915557861, 80.5248641968, 32.9095230103, 265.34185791]],
