{
"lowlevel": {
    "average_loudness": 0.938340544701,
    "barkbands_crest": {
        "dmean": 2.52301645279,
        "dmean2": 3.87365317345,
        "dvar": 7.3609046936,
        "dvar2": 14.6614761353,
        "max": 26.9002628326,
        "mean": 9.45206928253,
        "median": 8.35611534119,
        "min": 2.05167555809,
        "var": 21.7921943665
    },
    "barkbands_flatness_db": {
        "dmean": 0.0211535450071,
        "dmean2": 0.0307017154992,
        "dvar": 0.000668626627885,
        "dvar2": 0.00129136396572,
        "max": 0.583095490932,
        "mean": 0.0873816087842,
        "median": 0.0706217586994,
        "min": 0.0133822392672,
        "var": 0.00349795026705
    },
    "barkbands_kurtosis": {
        "dmean": 2.92037367821,
        "dmean2": 4.23829984665,
        "dvar": 676.732910156,
        "dvar2": 1310.68676758,
        "max": 2231.31079102,
        "mean": 3.57656979561,
        "median": -0.19029712677,
        "min": -1.85020947456,
        "var": 1047.61608887
    },
    "barkbands_skewness": {
        "dmean": 0.558751106262,
        "dmean2": 0.818978428841,
        "dvar": 0.756333470345,
        "dvar2": 1.44038593769,
        "max": 46.7010192871,
        "mean": 1.15376067162,
        "median": 0.867507576942,
        "min": -2.1539285183,
        "var": 2.38108539581
    },
    "barkbands_spread": {
        "dmean": 8.58451080322,
        "dmean2": 13.3886194229,
        "dvar": 98.8053207397,
        "dvar2": 232.224029541,
        "max": 113.099487305,
        "mean": 40.8377342224,
        "median": 41.24659729,
        "min": 0.251222521067,
        "var": 357.914367676
    },
    "dissonance": {
        "dmean": 0.013137225993,
        "dmean2": 0.0225238315761,
        "dvar": 0.000212571554584,
        "dvar2": 0.000587945512962,
        "max": 0.500000119209,
        "mean": 0.47508457303,
        "median": 0.482619345188,
        "min": 0.201824575663,
        "var": 0.000753978791181
    },
    "dynamic_complexity": 3.49821090698,
    "erbbands_crest": {
        "dmean": 2.47815275192,
        "dmean2": 3.82467865944,
        "dvar": 6.49687051773,
        "dvar2": 13.7318572998,
        "max": 31.111831665,
        "mean": 9.4644651413,
        "median": 8.18825435638,
        "min": 2.12242817879,
        "var": 26.7729072571
    },
    "erbbands_flatness_db": {
        "dmean": 0.0118918148801,
        "dmean2": 0.0181377064437,
        "dvar": 0.00014646211639,
        "dvar2": 0.000319419370499,
        "max": 0.358923733234,
        "mean": 0.12212421,
        "median": 0.107704475522,
        "min": 0.0546440295875,
        "var": 0.00203791074455
    },
    "erbbands_kurtosis": {
        "dmean": 0.698334276676,
        "dmean2": 1.07912707329,
        "dvar": 1.34887611866,
        "dvar2": 3.01344680786,
        "max": 51.8059844971,
        "mean": 0.492475301027,
        "median": -0.395830869675,
        "min": -1.7707375288,
        "var": 11.2959270477
    },
    "erbbands_skewness": {
        "dmean": 0.306244373322,
        "dmean2": 0.461342334747,
        "dvar": 0.0927474796772,
        "dvar2": 0.20201125741,
        "max": 5.96334075928,
        "mean": 0.129300862551,
        "median": 0.103332519531,
        "min": -2.73324632645,
        "var": 0.790750265121
    },
    "erbbands_spread": {
        "dmean": 8.39526939392,
        "dmean2": 12.4436893463,
        "dvar": 89.7232513428,
        "dvar2": 196.299209595,
        "max": 142.470397949,
        "mean": 46.1640357971,
        "median": 45.3696327209,
        "min": 3.45993566513,
        "var": 339.86126709
    },
    "hfc": {
        "dmean": 18.8753643036,
        "dmean2": 31.717004776,
        "dvar": 1189.84973145,
        "dvar2": 3169.19580078,
        "max": 302.17288208,
        "mean": 44.6941070557,
        "median": 36.2935028076,
        "min": 1.09209890183e-16,
        "var": 1553.37426758
    },
    "melbands_crest": {
        "dmean": 3.33081531525,
        "dmean2": 5.21900224686,
        "dvar": 11.7604799271,
        "dvar2": 25.9444465637,
        "max": 39.9848251343,
        "mean": 14.4017438889,
        "median": 13.5182123184,
        "min": 1.61147105694,
        "var": 32.1241569519
    },
    "melbands_flatness_db": {
        "dmean": 0.0303599052131,
        "dmean2": 0.0442327037454,
        "dvar": 0.00127826468088,
        "dvar2": 0.00262634828687,
        "max": 0.636725306511,
        "mean": 0.146647572517,
        "median": 0.129070430994,
        "min": 0.00255612866022,
        "var": 0.00615153694525
    },
    "melbands_kurtosis": {
        "dmean": 9.98651599884,
        "dmean2": 14.9954605103,
        "dvar": 3841.81225586,
        "dvar2": 9784.48828125,
        "max": 4397.99804688,
        "mean": 15.1563129425,
        "median": 5.2071146965,
        "min": -1.75403666496,
        "var": 4045.18701172
    },
    "melbands_skewness": {
        "dmean": 0.870832204819,
        "dmean2": 1.25830125809,
        "dvar": 1.96463143826,
        "dvar2": 3.85923624039,
        "max": 64.7411880493,
        "mean": 2.59240937233,
        "median": 2.05731248856,
        "min": -1.29715299606,
        "var": 4.74204301834
    },
    "melbands_spread": {
        "dmean": 12.9758634567,
        "dmean2": 20.2657871246,
        "dvar": 256.341552734,
        "dvar2": 612.047912598,
        "max": 173.543685913,
        "mean": 40.9070663452,
        "median": 37.9555130005,
        "min": 0.230964764953,
        "var": 635.701293945
    },
    "pitch_salience": {
        "dmean": 0.0840517356992,
        "dmean2": 0.124539382756,
        "dvar": 0.00855160783976,
        "dvar2": 0.0169315524399,
        "max": 0.92101329565,
        "mean": 0.540145218372,
        "median": 0.548158884048,
        "min": 0.00227420730516,
        "var": 0.0191257409751
    },
    "silence_rate_20dB": {
        "dmean": 0,
        "dmean2": 0,
        "dvar": 0,
        "dvar2": 0,
        "max": 1,
        "mean": 1,
        "median": 1,
        "min": 1,
        "var": 0
    },
    "silence_rate_30dB": {
        "dmean": 0.00152149109636,
        "dmean2": 0.00304336799309,
        "dvar": 0.00151913007721,
        "dvar2": 0.0043019792065,
        "max": 1,
        "mean": 0.999112546444,
        "median": 1,
        "min": 0,
        "var": 0.000886694469955
    },
    "silence_rate_60dB": {
        "dmean": 0.012679092586,
        "dmean2": 0.0253614000976,
        "dvar": 0.0125180091709,
        "dvar2": 0.0282677933574,
        "max": 1,
        "mean": 0.0841784998775,
        "median": 0,
        "min": 0,
        "var": 0.0770867988467
    },
    "spectral_centroid": {
        "dmean": 323.334747314,
        "dmean2": 508.317810059,
        "dvar": 145652.015625,
        "dvar2": 340322.875,
        "max": 11866.8925781,
        "mean": 2146.15625,
        "median": 2139.30004883,
        "min": 213.520675659,
        "var": 883305.125
    },
    "spectral_complexity": {
        "dmean": 6.22923803329,
        "dmean2": 9.9142780304,
        "dvar": 45.8933486938,
        "dvar2": 105.006668091,
        "max": 60,
        "mean": 25.414680481,
        "median": 25,
        "min": 0,
        "var": 169.672363281
    },
    "spectral_decrease": {
        "dmean": 2.05680961152e-09,
        "dmean2": 2.92396129531e-09,
        "dvar": 8.04586918584e-18,
        "dvar2": 1.46646202044e-17,
        "max": 1.57283717062e-28,
        "mean": -7.06792580019e-09,
        "median": -6.7101977308e-09,
        "min": -3.42111157181e-08,
        "var": 2.68883892399e-17
    },
    "spectral_energy": {
        "dmean": 0.00887465663254,
        "dmean2": 0.0131102278829,
        "dvar": 0.000139167925227,
        "dvar2": 0.000277497718344,
        "max": 0.134005740285,
        "mean": 0.0307299308479,
        "median": 0.0295139178634,
        "min": 9.84860139675e-21,
        "var": 0.000460868439404
    },
    "spectral_energyband_high": {
        "dmean": 0.00184232345782,
        "dmean2": 0.00310568860732,
        "dvar": 1.25838969325e-05,
        "dvar2": 3.34929500241e-05,
        "max": 0.032734606415,
        "mean": 0.00371174374595,
        "median": 0.00266886176541,
        "min": 6.89581217918e-21,
        "var": 1.52971115313e-05
    },
    "spectral_energyband_low": {
        "dmean": 0.00653966981918,
        "dmean2": 0.0092256218195,
        "dvar": 0.000152854918269,
        "dvar2": 0.000292771845125,
        "max": 0.119548223913,
        "mean": 0.0130433933809,
        "median": 0.00968195125461,
        "min": 2.80249557675e-23,
        "var": 0.000266110931989
    },
    "spectral_energyband_middle_high": {
        "dmean": 0.00289988517761,
        "dmean2": 0.00484990375116,
        "dvar": 1.82994590432e-05,
        "dvar2": 5.02178409079e-05,
        "max": 0.0561851225793,
        "mean": 0.0070496564731,
        "median": 0.00578140188009,
        "min": 1.16669574387e-21,
        "var": 3.19524006045e-05
    },
    "spectral_energyband_middle_low": {
        "dmean": 0.00367760495283,
        "dmean2": 0.00614971434698,
        "dvar": 3.84365703212e-05,
        "dvar2": 9.58078380791e-05,
        "max": 0.0569716952741,
        "mean": 0.00810313969851,
        "median": 0.00565089937299,
        "min": 1.44244415588e-22,
        "var": 5.91167081438e-05
    },
    "spectral_entropy": {
        "dmean": 0.139216333628,
        "dmean2": 0.218675807118,
        "dvar": 0.0255047231913,
        "dvar2": 0.0615871921182,
        "max": 9.81789875031,
        "mean": 8.01260662079,
        "median": 8.1411819458,
        "min": 4.60254096985,
        "var": 0.275831222534
    },
    "spectral_flux": {
        "dmean": 0.0283229872584,
        "dmean2": 0.0373338833451,
        "dvar": 0.00102998211514,
        "dvar2": 0.00162130163517,
        "max": 0.309993416071,
        "mean": 0.0942039266229,
        "median": 0.079829454422,
        "min": 6.44894346258e-11,
        "var": 0.00395920593292
    },
    "spectral_kurtosis": {
        "dmean": 0.62551176548,
        "dmean2": 1.02962100506,
        "dvar": 1.48281788826,
        "dvar2": 3.57513046265,
        "max": 89.6692047119,
        "mean": 2.75883483887,
        "median": 2.09445929527,
        "min": -1.28048193455,
        "var": 13.4828252792
    },
    "spectral_rms": {
        "dmean": 0.000731319247279,
        "dmean2": 0.00106564979069,
        "dvar": 7.57800876272e-07,
        "dvar2": 1.45675392105e-06,
        "max": 0.0114340409636,
        "mean": 0.00503583811224,
        "median": 0.00536600966007,
        "min": 3.09974051635e-12,
        "var": 4.6208697313e-06
    },
    "spectral_rolloff": {
        "dmean": 1108.44433594,
        "dmean2": 1770.01379395,
        "dvar": 1951016.625,
        "dvar2": 4421790.5,
        "max": 19724.4140625,
        "mean": 3128.76196289,
        "median": 2799.31640625,
        "min": 21.533203125,
        "var": 5611421
    },
    "spectral_skewness": {
        "dmean": 0.122648656368,
        "dmean2": 0.195202827454,
        "dvar": 0.0183160230517,
        "dvar2": 0.0432971157134,
        "max": 8.33162975311,
        "mean": 1.25981211662,
        "median": 1.15248191357,
        "min": -0.0859240293503,
        "var": 0.272328555584
    },
    "spectral_spread": {
        "dmean": 452883.75,
        "dmean2": 692822.5,
        "dvar": 498863505408,
        "dvar2": 1.00240510157e+12,
        "max": 48399584,
        "mean": 6319652,
        "median": 6194894.5,
        "min": 1074376.875,
        "var": 7.08297411789e+12
    },
    "spectral_strongpeak": {
        "dmean": 0.600020349026,
        "dmean2": 1.03568983078,
        "dvar": 1.19966781139,
        "dvar2": 2.99228262901,
        "max": 11.0713472366,
        "mean": 1.03730225563,
        "median": 0.353763282299,
        "min": 0,
        "var": 1.78474116325
    },
    "zerocrossingrate": {
        "dmean": 0.0160411559045,
        "dmean2": 0.0178219564259,
        "dvar": 0.00025865691714,
        "dvar2": 0.000321824976709,
        "max": 0.669921875,
        "mean": 0.105694442987,
        "median": 0.10302734375,
        "min": 0,
        "var": 0.00267937267199
    },
    "barkbands": {
        "dmean": [0.000328908732627, 0.00480288174003, 0.0036765220575, 0.00158954306971, 0.00140587834176, 0.000571598589886, 0.000479764508782, 0.000826473289635, 0.000423045014031, 0.000507121789269, 0.000538020743988, 0.000489200581796, 0.000423595716711, 0.000600135652348, 0.000327498128172, 0.000414874899434, 0.000365121930372, 0.000325458997395, 0.000434169633081, 0.000318918173434, 0.000328585447278, 0.00037401978625, 0.000468387966976, 0.000322431704262, 0.000299744860968, 0.000141021737363, 1.98222278414e-05],
        "dmean2": [0.000557690567803, 0.00724570592865, 0.00624933093786, 0.00290741515346, 0.00248956377618, 0.000994731672108, 0.000823451206088, 0.00133280153386, 0.000698156829458, 0.000808867858723, 0.000846030423418, 0.000831754878163, 0.000696855830029, 0.00096684449818, 0.000565680209547, 0.000702232180629, 0.000629786634818, 0.000558005005587, 0.00070529000368, 0.000546933209989, 0.000561968772672, 0.000645586464088, 0.000809999357443, 0.00052917690482, 0.000502191716805, 0.000238197288127, 3.42120038113e-05],
        "dvar": [4.82523773826e-07, 8.7651242211e-05, 9.31642280193e-05, 1.73122589331e-05, 8.23209211376e-06, 1.5541349967e-06, 1.05797676042e-06, 2.62006778939e-06, 8.66585253334e-07, 1.51196479692e-06, 1.1209862123e-06, 2.39560108639e-06, 1.20801894354e-06, 1.551861601e-06, 4.45240743829e-07, 9.30826274725e-07, 4.42471701945e-07, 3.06488544766e-07, 5.21023594047e-07, 2.0132068812e-07, 2.42944054207e-07, 3.26916392623e-07, 1.00222700894e-06, 4.16176135332e-07, 4.57813712273e-07, 1.01968133492e-07, 9.43388589469e-10],
        "dvar2": [1.22762628507e-06, 0.000190701714018, 0.000239641216467, 4.91934879392e-05, 2.30061123148e-05, 4.1602188503e-06, 2.52935524259e-06, 5.67717006561e-06, 1.88096885267e-06, 3.09208780891e-06, 2.30972727877e-06, 6.45162253932e-06, 2.81714869743e-06, 3.7463200897e-06, 1.2517103869e-06, 2.34329013438e-06, 1.24794178191e-06, 8.24719450065e-07, 1.23905454075e-06, 5.39621851203e-07, 6.59613419884e-07, 8.93412391179e-07, 2.69337397185e-06, 1.03194281564e-06, 1.17527383736e-06, 2.68257110747e-07, 2.62408517138e-09],
        "max": [0.0156752299517, 0.0827630013227, 0.0698416829109, 0.0290176253766, 0.0302686728537, 0.0248033199459, 0.0205857157707, 0.0254402756691, 0.0159933194518, 0.0213548950851, 0.017562540248, 0.0314260646701, 0.0272014662623, 0.0347513891757, 0.0114256367087, 0.0132182752714, 0.00934098567814, 0.010782815516, 0.00930157583207, 0.00588311860338, 0.00583110982552, 0.00617109658197, 0.0120311910287, 0.00635426072404, 0.00667461380363, 0.00315379654057, 0.00037204194814],
        "mean": [0.000607806490734, 0.00800665467978, 0.00356536288746, 0.00159270432778, 0.0017243118491, 0.000740604300518, 0.000791588216089, 0.00184720556717, 0.000772947911173, 0.00104807014577, 0.000963272235822, 0.000621445185971, 0.000611870374996, 0.00100076920353, 0.000479388196254, 0.000497879402246, 0.000571046606638, 0.000515500374604, 0.000761205272283, 0.000606170448009, 0.000643177598249, 0.000716032285709, 0.000668477383442, 0.000607050023973, 0.000506587326527, 0.000230741105042, 3.20563194691e-05],
        "median": [0.000266786431894, 0.00512860808522, 0.00106313102879, 0.000569951196667, 0.000754060572945, 0.000308172631776, 0.000273306504823, 0.000498510256875, 0.000212118015043, 0.000260318571236, 0.00031839183066, 0.000221770664211, 0.000232861566474, 0.000371025118511, 0.000223742797971, 0.000205770877074, 0.000344897387549, 0.000297234189929, 0.00043431512313, 0.000420040334575, 0.00048534211237, 0.000546874245629, 0.000403197365813, 0.000345275591826, 0.000257757288637, 0.000143227080116, 2.25999792747e-05],
        "min": [7.74652238419e-25, 5.68187558835e-24, 2.82268158068e-24, 1.91245008645e-24, 6.12101197176e-24, 1.54682705917e-24, 1.27351266959e-23, 1.51751326403e-23, 1.90392652326e-23, 2.85386241236e-23, 2.37027411138e-23, 4.12988342297e-23, 4.85921341329e-23, 3.31414318681e-23, 6.55075523059e-23, 4.97981257522e-23, 4.51417575077e-23, 1.26841853718e-22, 1.27535622175e-22, 1.89944806524e-22, 2.61603063131e-22, 3.52372503843e-22, 4.10822174427e-22, 6.29863856694e-22, 8.68657581041e-22, 1.24016931457e-21, 1.87034301058e-21],
        "var": [7.60807211009e-07, 0.000112531808554, 7.1777831181e-05, 1.11045610538e-05, 7.21888272892e-06, 1.89075706203e-06, 2.76673540611e-06, 9.53754533839e-06, 3.53452560375e-06, 5.61602428206e-06, 3.28852070197e-06, 2.48861988439e-06, 1.8594755602e-06, 3.17535841532e-06, 6.33906893199e-07, 1.04251557786e-06, 5.20311857599e-07, 4.91994967433e-07, 1.11653389467e-06, 3.8402177438e-07, 3.68027400555e-07, 4.65373119596e-07, 9.05756337488e-07, 6.32397416211e-07, 5.7790197161e-07, 1.06694173496e-07, 1.27094124114e-09]
    },
    "erbbands": {
        "dmean": [0.105373352766, 1.21876251698, 3.93494081497, 4.85626792908, 4.45476484299, 4.88295507431, 5.33237695694, 4.35924816132, 5.55611658096, 15.722032547, 11.5091190338, 10.0847091675, 16.2557086945, 11.6299648285, 26.2580852509, 19.8529930115, 19.5902042389, 30.932849884, 17.9364299774, 20.9549274445, 19.0455417633, 17.301399231, 16.8030147552, 24.1233978271, 17.5930900574, 16.0295276642, 12.6811380386, 14.1512460709, 13.6949939728, 12.2979488373, 13.9912643433, 8.41743946075, 5.02397346497, 3.34204888344, 2.21320700645, 0.859893918037, 0.231405571103, 0.041691403836, 0.0027360082604, 5.62120476388e-05],
        "dmean2": [0.159581840038, 1.82066750526, 6.32420873642, 8.55124282837, 7.99577188492, 8.65647220612, 9.35958099365, 7.52933216095, 9.47070026398, 25.7448921204, 18.8066196442, 16.4435997009, 26.2065582275, 18.8768386841, 41.4633636475, 33.2707633972, 32.08543396, 49.6919517517, 30.3494186401, 35.7723503113, 32.9621734619, 30.0645542145, 28.4867801666, 39.5858001709, 29.6520442963, 27.4565582275, 21.7359485626, 24.0206203461, 23.6129322052, 21.4089431763, 24.1917686462, 14.1975498199, 8.20329189301, 5.55252313614, 3.72094750404, 1.47326481342, 0.393014222383, 0.0711803138256, 0.00474902335554, 9.6011950518e-05],
        "dvar": [0.0229681283236, 6.50676250458, 96.0398788452, 156.241867065, 112.572990417, 95.7702484131, 145.270385742, 80.6779098511, 176.553848267, 980.390869141, 498.040466309, 558.585205078, 1861.77685547, 713.332885742, 3325.86914062, 2906.92114258, 2528.01318359, 3943.34375, 1360.62756348, 2353.61010742, 1431.89880371, 874.980957031, 812.138061523, 1864.80322266, 931.600769043, 556.171081543, 329.878082275, 471.175689697, 417.385620117, 539.966674805, 897.634643555, 283.896789551, 106.305496216, 49.8521575928, 28.609544754, 4.36393690109, 0.261007905006, 0.00522076617926, 1.89059428521e-05, 9.21668963372e-09],
        "dvar2": [0.0524736754596, 13.5908765793, 230.269577026, 424.520690918, 317.904083252, 268.565246582, 391.125427246, 205.83480835, 415.904968262, 2165.87182617, 1143.31787109, 1174.7388916, 3785.73364258, 1610.03674316, 7789.99511719, 7643.20166016, 5955.35449219, 9402.23144531, 3772.28759766, 6181.77490234, 3921.26855469, 2513.25878906, 2118.55493164, 4605.20019531, 2262.64575195, 1485.31164551, 882.833740234, 1265.17565918, 1136.24914551, 1499.29309082, 2385.23071289, 728.482788086, 259.695220947, 127.134315491, 73.8578720093, 11.7464437485, 0.685170292854, 0.0138350035995, 5.23475719092e-05, 2.48212277398e-08],
        "max": [1.59167146683, 22.1201305389, 70.7200927734, 90.6475372314, 94.9486541748, 132.687667847, 217.389511108, 196.640869141, 315.163879395, 509.584320068, 418.532897949, 443.671875, 832.130737305, 558.713806152, 1088.13745117, 1004.5949707, 1343.53161621, 1619.43737793, 699.251098633, 719.082092285, 489.95098877, 364.574920654, 614.277282715, 617.152648926, 571.176940918, 362.781341553, 214.538711548, 264.988586426, 223.141937256, 250.167205811, 329.862518311, 170.998413086, 117.871101379, 73.1203842163, 60.795463562, 18.9238395691, 5.52428483963, 0.683441519737, 0.0534784123302, 0.00100675004069],
        "mean": [0.243966653943, 1.71847057343, 4.12892007828, 5.15491724014, 5.02750873566, 5.8138217926, 6.32907390594, 5.842648983, 9.49276638031, 33.8328552246, 24.9554100037, 20.7887878418, 33.5029525757, 21.8787822723, 46.1047134399, 29.5606155396, 30.6818466187, 53.2143211365, 29.2817344666, 27.6366958618, 26.7144870758, 27.5199432373, 28.7994766235, 41.2887115479, 31.082277298, 31.0448608398, 24.5622386932, 26.9045238495, 25.6513195038, 20.2372989655, 19.9149971008, 14.8365564346, 9.02961158752, 5.89906644821, 3.4324529171, 1.32254397869, 0.375411301851, 0.0753637626767, 0.00442852731794, 0.000126062281197],
        "median": [0.197560638189, 0.735349655151, 1.31892323494, 2.22976756096, 1.99269008636, 2.45658254623, 2.67575025558, 2.50849413872, 3.58807182312, 9.39269256592, 8.61952018738, 6.44714450836, 9.04856491089, 9.19569206238, 15.7540950775, 12.3642902374, 12.890458107, 20.6434173584, 15.9542331696, 12.2711257935, 14.1098155975, 18.862985611, 17.5717563629, 22.332901001, 20.4204521179, 21.2618484497, 18.2280158997, 20.1001968384, 19.1901931763, 14.2791557312, 11.6539154053, 8.29471969604, 4.97959136963, 3.15343570709, 1.70494103432, 0.761860013008, 0.235137373209, 0.0538572482765, 0.00301926094107, 0.000102000769402],
        "min": [2.73299232405e-22, 1.15582829507e-21, 3.12745094846e-21, 1.07153921669e-20, 8.25352898828e-21, 2.75828706693e-20, 1.47294403778e-20, 2.65659926623e-20, 1.22673624877e-19, 2.09327579508e-19, 2.80901359488e-19, 4.648693004e-19, 6.43877233715e-19, 1.06025694811e-18, 1.24396642093e-18, 1.80078336047e-18, 2.31931269438e-18, 2.32247273112e-18, 3.34946357692e-18, 3.31862400894e-18, 3.11769790904e-18, 3.3896217481e-18, 7.41925092051e-18, 6.47505485696e-18, 7.41670237704e-18, 9.26288595902e-18, 1.2579282991e-17, 1.14206957747e-17, 9.9247652795e-18, 1.13446878026e-17, 1.24283167389e-17, 1.04769819575e-17, 1.14222368122e-17, 8.72172703149e-18, 6.06048930474e-18, 4.04678675947e-18, 2.15086480726e-18, 1.07429730504e-18, 2.52548684168e-19, 2.51382999276e-20],
        "var": [0.0531348101795, 8.19694328308, 87.2537918091, 110.713027954, 80.8942718506, 86.2579879761, 147.358795166, 113.527786255, 513.63684082, 3327.91333008, 1845.46289062, 2541.45507812, 6886.55029297, 2144.81298828, 7242.36767578, 4136.87744141, 4101.44824219, 8401.7734375, 2101.75854492, 2447.22973633, 1554.73510742, 968.479919434, 1574.83093262, 3708.10473633, 1498.82165527, 1106.7109375, 556.28125, 682.606140137, 601.728149414, 542.479125977, 842.77355957, 394.518096924, 149.398010254, 68.0285873413, 32.5673599243, 4.1830124855, 0.283043444157, 0.00673111295328, 2.46290928771e-05, 1.30085942018e-08]
    },
    "gfcc": {
        "mean": [28.8026046753, 32.9369773865, -101.067214966, 32.8547172546, -56.9325866699, 23.1262207031, -31.06366539, 15.0434236526, -23.9972362518, 10.7492055893, -17.2527618408, 5.42697191238, -16.8957672119],
        "cov": [[23650.0566406, -949.996948242, -1812.7923584, 1441.99804688, 89.5187149048, 1098.75646973, -238.926803589, 431.216400146, 87.8014373779, 307.584686279, -261.796051025, -117.415664673, -348.492370605], [-949.996948242, 870.776550293, 379.104156494, 19.6451625824, 153.561386108, -56.5763397217, 14.4466524124, -56.3808288574, -33.0458869934, -65.3601989746, -34.7848052979, -38.4948921204, 14.5704774857], [-1812.7923584, 379.104156494, 987.224304199, 342.894500732, 158.596206665, 62.93775177, 45.668838501, 27.7211151123, 49.3034667969, -43.5640296936, -44.2269287109, -84.3402709961, -11.3271369934], [1441.99804688, 19.6451625824, 342.894500732, 828.933227539, 223.524353027, 159.278060913, 79.7028427124, 127.500022888, 37.5559997559, 10.8861980438, -44.856918335, -76.2278289795, -51.2925682068], [89.5187149048, 153.561386108, 158.596206665, 223.524353027, 303.771331787, 107.480163574, 69.7222824097, 39.9979743958, 39.2041320801, -1.51976704597, -17.0207881927, -39.9521179199, -8.62715244293], [1098.75646973, -56.5763397217, 62.93775177, 159.278060913, 107.480163574, 289.878509521, 47.9568328857, 38.8127250671, 24.3681716919, 14.0674533844, -2.87406134605, -18.2653808594, 3.4437494278], [-238.926803589, 14.4466524124, 45.668838501, 79.7028427124, 69.7222824097, 47.9568328857, 150.144287109, 67.4075927734, 14.6764888763, -4.60826539993, -4.07348537445, -0.304722994566, 5.50172662735], [431.216400146, -56.3808288574, 27.7211151123, 127.500022888, 39.9979743958, 38.8127250671, 67.4075927734, 152.986404419, 52.3025779724, 20.8980865479, -11.8976573944, -8.43653011322, -11.2621984482], [87.8014373779, -33.0458869934, 49.3034667969, 37.5559997559, 39.2041320801, 24.3681716919, 14.6764888763, 52.3025779724, 128.223022461, 62.6337165833, 6.26389598846, -26.2993240356, -22.2823696136], [307.584686279, -65.3601989746, -43.5640296936, 10.8861980438, -1.51976704597, 14.0674533844, -4.60826539993, 20.8980865479, 62.6337165833, 128.248962402, 45.8648338318, -13.7957391739, -34.171749115], [-261.796051025, -34.7848052979, -44.2269287109, -44.856918335, -17.0207881927, -2.87406134605, -4.07348537445, -11.8976573944, 6.26389598846, 45.8648338318, 103.178253174, 39.1547203064, -4.60950088501], [-117.415664673, -38.4948921204, -84.3402709961, -76.2278289795, -39.9521179199, -18.2653808594, -0.304722994566, -8.43653011322, -26.2993240356, -13.7957391739, 39.1547203064, 102.435890198, 44.7935409546], [-348.492370605, 14.5704774857, -11.3271369934, -51.2925682068, -8.62715244293, 3.4437494278, 5.50172662735, -11.2621984482, -22.2823696136, -34.171749115, -4.60950088501, 44.7935409546, 105.594512939]],
        "icov": [[0.000134749687277, -0.000119521595479, 0.000386655505281, -0.000299159903079, 0.000166706886375, -0.000565514550544, 0.000484979391331, -0.000279720057733, 3.60618032573e-05, -0.000239058950683, 0.000557930499781, -0.000263577036094, 0.000400738266762], [-0.000119521595479, 0.00184477260336, -0.000999921001494, 0.000605383596849, -0.00122812413611, 0.00111630698666, -0.000511025078595, 0.000674732436892, 0.000581517349929, 0.0003371728817, -0.000361394981155, 0.000509203237016, -0.000500316207763], [0.000386655505281, -0.000999921001494, 0.002705976367, -0.00149502430577, 0.000700078206137, -0.00174820015673, 0.00125983823091, -0.000550913799088, -0.000922889099456, 0.000208418132388, 0.00118554418441, 6.17687474005e-05, 0.000866173766553], [-0.000299159903079, 0.000605383596849, -0.00149502430577, 0.00276060332544, -0.00152725714725, 0.000834639649838, -0.00085566699272, -0.000778209534474, 0.000972812762484, 0.000108412248665, -0.000796106061898, 0.000869888754096, -0.000244068505708], [0.000166706886375, -0.00122812413611, 0.000700078206137, -0.00152725714725, 0.0058665573597, -0.00207056105137, -0.00101934722625, 0.0002612049866, -0.00171195773873, 0.000414970796555, 0.00028446043143, 0.000504129042383, 0.000252274097875], [-0.000565514550544, 0.00111630698666, -0.00174820015673, 0.000834639649838, -0.00207056105137, 0.00685363030061, -0.00264815124683, 0.0012330863392, -5.86046480748e-05, 0.000632860639598, -0.00256293825805, 0.00161802303046, -0.00253150681965], [0.000484979391331, -0.000511025078595, 0.00125983823091, -0.00085566699272, -0.00101934722625, -0.00264815124683, 0.0111095542088, -0.00520161213353, 0.000918212463148, -0.000214216473978, 0.00137926533353, -0.0012467589695, 0.000973582442384], [-0.000279720057733, 0.000674732436892, -0.000550913799088, -0.000778209534474, 0.0002612049866, 0.0012330863392, -0.00520161213353, 0.0115482239053, -0.00402496755123, 0.000250947661698, 0.000624774082098, -0.000945507723372, -0.00030932307709], [3.60618032573e-05, 0.000581517349929, -0.000922889099456, 0.000972812762484, -0.00171195773873, -5.86046480748e-05, 0.000918212463148, -0.00402496755123, 0.0133580518886, -0.00624620169401, 0.00104675395414, 0.00138146360405, 5.43512978766e-05], [-0.000239058950683, 0.0003371728817, 0.000208418132388, 0.000108412248665, 0.000414970796555, 0.000632860639598, -0.000214216473978, 0.000250947661698, -0.00624620169401, 0.0149388276041, -0.00770913390443, 0.00328340893611, 0.00107769644819], [0.000557930499781, -0.000361394981155, 0.00118554418441, -0.000796106061898, 0.00028446043143, -0.00256293825805, 0.00137926533353, 0.000624774082098, 0.00104675395414, -0.00770913390443, 0.0181580111384, -0.00886853784323, 0.00401408225298], [-0.000263577036094, 0.000509203237016, 6.17687474005e-05, 0.000869888754096, 0.000504129042383, 0.00161802303046, -0.0012467589695, -0.000945507723372, 0.00138146360405, 0.00328340893611, -0.00886853784323, 0.0181230772287, -0.00727937184274], [0.000400738266762, -0.000500316207763, 0.000866173766553, -0.000244068505708, 0.000252274097875, -0.00253150681965, 0.000973582442384, -0.00030932307709, 5.43512978766e-05, 0.00107769644819, 0.00401408225298, -0.00727937184274, 0.0144789749756]]
    },
    "melbands": {
        "dmean": [0.00112413580064, 0.00177941238508, 0.000786009186413, 0.000318351609167, 0.000195522938157, 0.000100201898022, 8.61909938976e-05, 0.000184580465429, 8.66594200488e-05, 6.26487017144e-05, 8.13051738078e-05, 4.64579097752e-05, 7.86843083915e-05, 6.47833730909e-05, 4.87192955916e-05, 3.77305987058e-05, 6.60476798657e-05, 3.03387896565e-05, 2.42342084675e-05, 3.3652260754e-05, 2.22771013796e-05, 1.91913786693e-05, 1.74029701157e-05, 1.70076818904e-05, 2.13551193156e-05, 1.48469789565e-05, 1.14976592158e-05, 1.11684230433e-05, 8.40152551973e-06, 8.49134085001e-06, 8.99213773664e-06, 8.56139922689e-06, 7.34941022529e-06, 7.15911164662e-06, 8.52611265145e-06, 7.53315680413e-06, 4.54537166661e-06, 3.65345181308e-06, 3.31241540152e-06, 2.8878350804e-06],
        "dmean2": [0.00168982613832, 0.00262918067165, 0.00134369463194, 0.00057141360594, 0.000342304672813, 0.000172988104168, 0.000147494327393, 0.000301929045236, 0.000141785712913, 0.000102543075627, 0.000131229957333, 7.55510045565e-05, 0.000124595331727, 0.000107136576844, 8.03128496045e-05, 6.2739913119e-05, 0.000105812578113, 5.14677885803e-05, 4.21367622039e-05, 5.6142325775e-05, 3.91048561141e-05, 3.3336233173e-05, 2.9977189115e-05, 2.87075654342e-05, 3.49980691681e-05, 2.50512584898e-05, 1.95575103135e-05, 1.92495590454e-05, 1.4374645616e-05, 1.46153752212e-05, 1.52469874592e-05, 1.46480251715e-05, 1.27982166305e-05, 1.2465450709e-05, 1.47642467709e-05, 1.2994082681e-05, 7.63088883105e-06, 5.98679889663e-06, 5.67399501961e-06, 4.77054436487e-06],
        "dvar": [3.68596374756e-06, 1.58962211572e-05, 3.63234607903e-06, 4.78159336126e-07, 1.71498228951e-07, 4.26494111139e-08, 4.03679969452e-08, 1.39019022072e-07, 2.81231233856e-08, 1.89403888129e-08, 4.62375169263e-08, 1.3061645987e-08, 2.71840345789e-08, 4.14720098263e-08, 1.47357406277e-08, 8.34583779863e-09, 1.93806055648e-08, 3.88474319379e-09, 2.25183849345e-09, 7.32994598351e-09, 2.37708319695e-09, 1.25174060006e-09, 9.61488999529e-10, 8.17543255316e-10, 1.57186730299e-09, 7.27055582406e-10, 3.10932585235e-10, 2.79693129768e-10, 1.51330198372e-10, 1.64559366134e-10, 1.8679705005e-10, 1.53303522654e-10, 1.57008198109e-10, 1.97623001297e-10, 2.95012514417e-10, 3.04305636245e-10, 6.78258907372e-11, 4.85465348476e-11, 5.62730001485e-11, 3.4401113902e-11],
        "dvar2": [8.09962966741e-06, 3.3732605516e-05, 9.50552657741e-06, 1.34747881475e-06, 4.66916560526e-07, 1.11032171901e-07, 9.51666478954e-08, 3.0417837138e-07, 6.47993019243e-08, 4.07929618973e-08, 9.45148244114e-08, 2.91867241486e-08, 5.95583884433e-08, 1.11081270404e-07, 3.64615786452e-08, 1.97253164913e-08, 4.60501397015e-08, 1.06896527186e-08, 6.29915986039e-09, 1.79808008482e-08, 6.69937794129e-09, 3.55081386516e-09, 2.67497202167e-09, 2.09834127851e-09, 3.8620036058e-09, 1.81644133068e-09, 7.93393573062e-10, 7.52666706738e-10, 4.01466832001e-10, 4.52712423105e-10, 4.95815499768e-10, 4.14428297235e-10, 4.38796554647e-10, 5.50905376873e-10, 7.80698450331e-10, 8.19796619478e-10, 1.69649252979e-10, 1.14657804084e-10, 1.5161169542e-10, 8.60526858104e-11],
        "max": [0.0186603982002, 0.0306693427265, 0.0139309056103, 0.0062494375743, 0.00665417732671, 0.00398938730359, 0.00476514874026, 0.00623395387083, 0.003128338838, 0.00240516848862, 0.00415752176195, 0.00246542529203, 0.00270580570213, 0.00420175166801, 0.00340470694937, 0.00315925688483, 0.00374061521143, 0.00104340875987, 0.00058430666104, 0.00126311124768, 0.000806575000752, 0.000444698263891, 0.000717307033483, 0.000602311803959, 0.000580518273637, 0.000478780188132, 0.000294857716653, 0.000243666960159, 0.000148136270582, 0.000178774469532, 0.000137865819852, 0.000138902760227, 0.000162180338521, 0.000170350482222, 0.000200223978027, 0.000193403233425, 8.95114862942e-05, 7.80959817348e-05, 8.59059146023e-05, 6.38001729385e-05],
        "mean": [0.0022019057069, 0.00227206526324, 0.000903894833755, 0.000381889054552, 0.000239904882619, 0.000134351779707, 0.000144672128954, 0.00040364114102, 0.000185557626537, 0.000122443962027, 0.00016399868764, 8.10806959635e-05, 0.000137692826684, 9.52967384364e-05, 7.38901217119e-05, 5.21863876202e-05, 0.000111320587166, 4.72198989883e-05, 3.34765536536e-05, 4.06300896429e-05, 3.05634457618e-05, 2.88994469884e-05, 2.68476342171e-05, 2.75245965895e-05, 3.47473760485e-05, 2.36141549976e-05, 2.0577934265e-05, 2.03231720661e-05, 1.46395668708e-05, 1.55988964252e-05, 1.56839905685e-05, 1.50228797793e-05, 1.27506955323e-05, 1.04881673906e-05, 1.17094359666e-05, 1.06333072836e-05, 8.29521013657e-06, 6.2752451413e-06, 5.52093251827e-06, 4.83323219669e-06],
        "median": [0.00167980114929, 0.000943298276979, 0.000405435683206, 0.000165688892594, 0.000104859267594, 5.63743014936e-05, 5.26588373759e-05, 0.000110770837637, 5.9672005591e-05, 3.61715137842e-05, 4.02509213018e-05, 2.86461599899e-05, 4.52286258223e-05, 3.48900030076e-05, 2.8193806429e-05, 2.0688312361e-05, 3.75044328393e-05, 2.45392584475e-05, 1.6240419427e-05, 1.42604476423e-05, 1.47813652802e-05, 1.82527528523e-05, 1.59321643878e-05, 1.46294350998e-05, 1.76986322913e-05, 1.37886681841e-05, 1.42492463056e-05, 1.34939673444e-05, 1.022374272e-05, 1.16607607197e-05, 1.12093148346e-05, 1.05424369394e-05, 9.33983028517e-06, 7.03810155755e-06, 6.71144243825e-06, 5.60589887755e-06, 4.65289758722e-06, 3.35180084221e-06, 3.12253905577e-06, 2.44711418418e-06],
        "min": [2.56160727523e-24, 2.11901903373e-24, 2.70094772123e-24, 1.5939647523e-24, 7.46379167753e-25, 3.77087049786e-25, 1.82728505756e-24, 2.03859920039e-24, 2.12469764895e-24, 2.65522435709e-24, 2.98840981838e-24, 3.82169463662e-24, 3.73907762845e-24, 5.45624716997e-24, 3.62022745004e-24, 3.91692750282e-24, 3.05893496938e-24, 4.35136503624e-24, 4.6669220201e-24, 3.66527456317e-24, 2.5034433774e-24, 2.7481959535e-24, 5.79460657272e-24, 5.17619287114e-24, 5.11084008388e-24, 5.15955540022e-24, 4.20486567753e-24, 4.87875720556e-24, 6.67828027571e-24, 6.27996271099e-24, 6.8538002494e-24, 4.7267018995e-24, 6.19097052341e-24, 5.80083029084e-24, 6.23997416842e-24, 5.66008409471e-24, 5.60876001535e-24, 7.46532522313e-24, 7.2757359152e-24, 6.9176601174e-24],
        "var": [5.68071027374e-06, 1.8876273316e-05, 2.87160401058e-06, 3.75773112182e-07, 1.77355460096e-07, 6.13912618519e-08, 1.18904722513e-07, 4.83021665332e-07, 1.11227976163e-07, 7.93682701783e-08, 1.69523758586e-07, 4.01500521718e-08, 6.98178652669e-08, 4.35227285323e-08, 2.31756978053e-08, 1.13624816223e-08, 4.14328198417e-08, 5.62416779815e-09, 2.48485165777e-09, 8.52720294375e-09, 2.38771336036e-09, 1.31966415573e-09, 1.30696131695e-09, 1.64773938938e-09, 3.01729974339e-09, 1.17884146889e-09, 4.99852936819e-10, 5.3480303519e-10, 2.40946873564e-10, 2.42772413284e-10, 2.63593369354e-10, 2.28108670841e-10, 1.84501677825e-10, 1.79071826811e-10, 2.85145629331e-10, 2.89068824433e-10, 1.12025833054e-10, 7.26484775115e-11, 6.12117509458e-11, 4.87356335843e-11]
    },
    "mfcc": {
        "mean": [-613.395935059, 70.1249237061, 8.92580223083, 17.5227546692, 2.46958422661, 10.0284204483, 4.96044206619, 6.36696815491, 2.02344441414, 4.40050125122, 4.92438793182, 3.13086485863, 0.36251449585],
        "cov": [[14034.1416016, -807.460205078, -149.038833618, 654.797607422, 325.932983398, 430.663269043, 221.604919434, 269.472290039, 188.40663147, 352.438720703, 269.904083252, 169.694610596, 67.6039428711], [-807.460205078, 848.547058105, 69.913848877, -35.4119796753, 40.5382347107, -14.5294151306, -2.00849723816, -28.6673336029, -8.65936851501, -47.6409225464, -20.1243267059, -44.0052604675, -27.8875484467], [-149.038833618, 69.913848877, 578.198852539, 224.411102295, 211.524978638, 130.427734375, 53.5371856689, 58.8340759277, 60.640296936, 87.2986907959, 15.3691654205, -23.3331050873, -28.0825405121], [654.797607422, -35.4119796753, 224.411102295, 517.162780762, 188.619232178, 113.506011963, 93.5293731689, 82.8716278076, 95.9989547729, 73.5228347778, 62.1984214783, 11.5294103622, -14.5360002518], [325.932983398, 40.5382347107, 211.524978638, 188.619232178, 255.988372803, 152.289581299, 66.205116272, 45.7367782593, 60.2423057556, 75.2528457642, 30.7898597717, -10.4792289734, 0.810265958309], [430.663269043, -14.5294151306, 130.427734375, 113.506011963, 152.289581299, 199.399902344, 93.6516113281, 44.6136627197, 31.7861537933, 55.548160553, 15.0237112045, -3.01510715485, 7.71169519424], [221.604919434, -2.00849723816, 53.5371856689, 93.5293731689, 66.205116272, 93.6516113281, 149.81942749, 82.5335540771, 35.6767654419, 15.4368953705, 9.31747531891, 4.60943984985, 5.95156574249], [269.472290039, -28.6673336029, 58.8340759277, 82.8716278076, 45.7367782593, 44.6136627197, 82.5335540771, 133.878112793, 71.0520401001, 15.1496086121, -2.37476396561, -8.36582183838, 0.0494747385383], [188.40663147, -8.65936851501, 60.640296936, 95.9989547729, 60.2423057556, 31.7861537933, 35.6767654419, 71.0520401001, 123.765739441, 72.7837371826, 16.934715271, -3.91765642166, -8.78105926514], [352.438720703, -47.6409225464, 87.2986907959, 73.5228347778, 75.2528457642, 55.548160553, 15.4368953705, 15.1496086121, 72.7837371826, 127.656005859, 62.0489044189, 18.1890487671, -4.88397264481], [269.904083252, -20.1243267059, 15.3691654205, 62.1984214783, 30.7898597717, 15.0237112045, 9.31747531891, -2.37476396561, 16.934715271, 62.0489044189, 118.848152161, 60.3390960693, 10.6440420151], [169.694610596, -44.0052604675, -23.3331050873, 11.5294103622, -10.4792289734, -3.01510715485, 4.60943984985, -8.36582183838, -3.91765642166, 18.1890487671, 60.3390960693, 94.6051330566, 47.5638542175], [67.6039428711, -27.8875484467, -28.0825405121, -14.5360002518, 0.810265958309, 7.71169519424, 5.95156574249, 0.0494747385383, -8.78105926514, -4.88397264481, 10.6440420151, 47.5638542175, 86.5902938843]],
