{
"lowlevel": {
    "average_loudness": 0.336652696133,
    "barkbands_crest": {
        "dmean": 1.16695201397,
        "dmean2": 1.8782145977,
        "dvar": 3.03665471077,
        "dvar2": 6.32893371582,
        "max": 26.9264240265,
        "mean": 20.4828205109,
        "median": 22.8624515533,
        "min": 1.91602146626,
        "var": 41.0064086914
    },
    "barkbands_flatness_db": {
        "dmean": 0.0356682948768,
        "dmean2": 0.0528821311891,
        "dvar": 0.00334130320698,
        "dvar2": 0.00628683716059,
        "max": 1,
        "mean": 0.321316123009,
        "median": 0.272386193275,
        "min": 0.0304006561637,
        "var": 0.0410231128335
    },
    "barkbands_kurtosis": {
        "dmean": 269.518127441,
        "dmean2": 382.996826172,
        "dvar": 2554596.75,
        "dvar2": 4773919.5,
        "max": 45253.7890625,
        "mean": 507.080078125,
        "median": 17.0483322144,
        "min": -1.96205568314,
        "var": 7887871
    },
    "barkbands_skewness": {
        "dmean": 2.82273054123,
        "dmean2": 4.32303905487,
        "dvar": 59.6632957458,
        "dvar2": 133.619277954,
        "max": 165.564971924,
        "mean": 8.42389774323,
        "median": 3.52911329269,
        "min": -13.7933130264,
        "var": 224.948440552
    },
    "barkbands_spread": {
        "dmean": 4.2167263031,
        "dmean2": 6.59251451492,
        "dvar": 73.5143356323,
        "dvar2": 135.559036255,
        "max": 144.852020264,
        "mean": 13.0892963409,
        "median": 8.12711238861,
        "min": 0.00326357944869,
        "var": 214.843658447
    },
    "dissonance": {
        "dmean": 0.0198394563049,
        "dmean2": 0.0337793380022,
        "dvar": 0.00108681304846,
        "dvar2": 0.00308364257216,
        "max": 0.500000178814,
        "mean": 0.465604066849,
        "median": 0.480523049831,
        "min": 0.0666586384177,
        "var": 0.00203958922066
    },
    "dynamic_complexity": 5.18616008759,
    "erbbands_crest": {
        "dmean": 2.49266409874,
        "dmean2": 3.96330451965,
        "dvar": 13.1064577103,
        "dvar2": 25.1915893555,
        "max": 35.0265388489,
        "mean": 15.757235527,
        "median": 13.7402038574,
        "min": 1.96873271465,
        "var": 97.8184280396
    },
    "erbbands_flatness_db": {
        "dmean": 0.0246800612658,
        "dmean2": 0.0362299270928,
        "dvar": 0.0018422883004,
        "dvar2": 0.00303752697073,
        "max": 0.927309811115,
        "mean": 0.193414285779,
        "median": 0.140462070704,
        "min": 0.0443350896239,
        "var": 0.0215674880892
    },
    "erbbands_kurtosis": {
        "dmean": 5.46847772598,
        "dmean2": 8.90369987488,
        "dvar": 793.271362305,
        "dvar2": 1997.06982422,
        "max": 693.965820312,
        "mean": 12.9618377686,
        "median": 0.482104539871,
        "min": -1.99612307549,
        "var": 2272.41992188
    },
    "erbbands_skewness": {
        "dmean": 0.623454630375,
        "dmean2": 0.92532491684,
        "dvar": 1.64391767979,
        "dvar2": 3.36054039001,
        "max": 18.3015613556,
        "mean": 0.255541652441,
        "median": 0.206822186708,
        "min": -15.4444437027,
        "var": 5.92946529388
    },
    "erbbands_spread": {
        "dmean": 11.1300096512,
        "dmean2": 18.024980545,
        "dvar": 428.410766602,
        "dvar2": 1012.65490723,
        "max": 253.954803467,
        "mean": 43.3081207275,
        "median": 37.9634742737,
        "min": 0.144103109837,
        "var": 928.97467041
    },
    "hfc": {
        "dmean": 6.86488103867,
        "dmean2": 11.0760450363,
        "dvar": 226.436462402,
        "dvar2": 431.446044922,
        "max": 214.851806641,
        "mean": 23.6294956207,
        "median": 15.3353977203,
        "min": 1.05777831795e-16,
        "var": 714.872436523
    },
    "melbands_crest": {
        "dmean": 1.49101495743,
        "dmean2": 2.42630720139,
        "dvar": 6.42221784592,
        "dvar2": 14.6317052841,
        "max": 39.999256134,
        "mean": 26.3198604584,
        "median": 28.0764846802,
        "min": 1.58244156837,
        "var": 50.9129867554
    },
    "melbands_flatness_db": {
        "dmean": 0.0378484986722,
        "dmean2": 0.0567533783615,
        "dvar": 0.00361939729191,
        "dvar2": 0.00697122048587,
        "max": 1,
        "mean": 0.420201122761,
        "median": 0.379589885473,
        "min": 0.00269964477047,
        "var": 0.047952119261
    },
    "melbands_kurtosis": {
        "dmean": 1897.58728027,
        "dmean2": 2714.83056641,
        "dvar": 533527936,
        "dvar2": 1006621632,
        "max": 678762.5625,
        "mean": 2871.53393555,
        "median": 39.877281189,
        "min": -1.87465238571,
        "var": 1130263552
    },
    "melbands_skewness": {
        "dmean": 3.58277368546,
        "dmean2": 5.30153751373,
        "dvar": 639.341369629,
        "dvar2": 1148.65844727,
        "max": 726.523803711,
        "mean": 10.5337610245,
        "median": 5.58084011078,
        "min": -21.3269710541,
        "var": 1976.29919434
    },
    "melbands_spread": {
        "dmean": 3.1573703289,
        "dmean2": 5.20757436752,
        "dvar": 72.6422729492,
        "dvar2": 178.856369019,
        "max": 161.712966919,
        "mean": 13.4341611862,
        "median": 5.35424995422,
        "min": 0.000689019041602,
        "var": 793.297973633
    },
    "pitch_salience": {
        "dmean": 0.0498661100864,
        "dmean2": 0.0801207572222,
        "dvar": 0.00501841679215,
        "dvar2": 0.0114689553156,
        "max": 0.996824979782,
        "mean": 0.252398520708,
        "median": 0.242131024599,
        "min": 0.000588357914239,
        "var": 0.0400883406401
    },
    "silence_rate_20dB": {
        "dmean": 0.00286032096483,
        "dmean2": 0.00572155136615,
        "dvar": 0.00285212229937,
        "dvar2": 0.00759605783969,
        "max": 1,
        "mean": 0.988560557365,
        "median": 1,
        "min": 0,
        "var": 0.0113085638732
    },
    "silence_rate_30dB": {
        "dmean": 0.0556173510849,
        "dmean2": 0.111252382398,
        "dvar": 0.0525237135589,
        "dvar2": 0.127488076687,
        "max": 1,
        "mean": 0.773117244244,
        "median": 1,
        "min": 0,
        "var": 0.17540936172
    },
    "silence_rate_60dB": {
        "dmean": 0.00603845529258,
        "dmean2": 0.012078830041,
        "dvar": 0.00600336771458,
        "dvar2": 0.011932018213,
        "max": 1,
        "mean": 0.097870990634,
        "median": 0,
        "min": 0,
        "var": 0.0882960632443
    },
    "spectral_centroid": {
        "dmean": 304.39755249,
        "dmean2": 482.343719482,
        "dvar": 414373.4375,
        "dvar2": 689174.8125,
        "max": 11879.8798828,
        "mean": 1725.24401855,
        "median": 1070.60559082,
        "min": 61.5939025879,
        "var": 4960890
    },
    "spectral_complexity": {
        "dmean": 2.39599561691,
        "dmean2": 3.95041322708,
        "dvar": 10.089258194,
        "dvar2": 25.2079963684,
        "max": 58,
        "mean": 11.2478551865,
        "median": 7,
        "min": 0,
        "var": 127.957443237
    },
    "spectral_decrease": {
        "dmean": 3.33065086622e-09,
        "dmean2": 5.53122747604e-09,
        "dvar": 2.81985573034e-17,
        "dvar2": 7.47901703587e-17,
        "max": 2.18198136753e-28,
        "mean": -2.43333833083e-08,
        "median": -2.13203374955e-08,
        "min": -1.19003594534e-07,
        "var": 2.96136535585e-16
    },
    "spectral_energy": {
        "dmean": 0.0128713175654,
        "dmean2": 0.021318109706,
        "dvar": 0.000409344618674,
        "dvar2": 0.001084364485,
        "max": 0.45728212595,
        "mean": 0.0939830243587,
        "median": 0.0825145617127,
        "min": 9.89394850422e-21,
        "var": 0.00435066409409
    },
    "spectral_energyband_high": {
        "dmean": 0.000562209927011,
        "dmean2": 0.000895012984984,
        "dvar": 2.8926849609e-06,
        "dvar2": 5.14210114488e-06,
        "max": 0.0203172080219,
        "mean": 0.00103861710522,
        "median": 7.32050393708e-05,
        "min": 6.83077025676e-21,
        "var": 6.53646611681e-06
    },
    "spectral_energyband_low": {
        "dmean": 0.0111571010202,
        "dmean2": 0.0183193869889,
        "dvar": 0.000307292328216,
        "dvar2": 0.000780383357778,
        "max": 0.411346524954,
        "mean": 0.0811474397779,
        "median": 0.0752531588078,
        "min": 1.45976154602e-23,
        "var": 0.00323085091077
    },
    "spectral_energyband_middle_high": {
        "dmean": 0.000879746046849,
        "dmean2": 0.00144782126881,
        "dvar": 2.90669549941e-06,
        "dvar2": 6.01258398092e-06,
        "max": 0.0283549595624,
        "mean": 0.00367702008225,
        "median": 0.00168030813802,
        "min": 1.04519076768e-21,
        "var": 2.08785295399e-05
    },
    "spectral_energyband_middle_low": {
        "dmean": 0.0030310805887,
        "dmean2": 0.00514954747632,
        "dvar": 2.48748820013e-05,
        "dvar2": 6.80815137457e-05,
        "max": 0.0592518374324,
        "mean": 0.00686161080375,
        "median": 0.00296879932284,
        "min": 1.23066327561e-22,
        "var": 7.69176549511e-05
    },
    "spectral_entropy": {
        "dmean": 0.288158208132,
        "dmean2": 0.44192481041,
        "dvar": 0.276684820652,
        "dvar2": 0.51810747385,
        "max": 9.82521629333,
        "mean": 6.96902751923,
        "median": 7.51282262802,
        "min": 1.95628464222,
        "var": 2.67463040352
    },
    "spectral_flux": {
        "dmean": 0.0209244284779,
        "dmean2": 0.0346456766129,
        "dvar": 0.000893097079825,
        "dvar2": 0.00214825198054,
        "max": 0.549667239189,
        "mean": 0.0666095614433,
        "median": 0.0524141415954,
        "min": 6.30182295236e-11,
        "var": 0.0034067700617
    },
    "spectral_kurtosis": {
        "dmean": 12.7802343369,
        "dmean2": 19.4597091675,
        "dvar": 3037.40356445,
        "dvar2": 6697.01416016,
        "max": 959.131469727,
        "mean": 24.3027191162,
        "median": 4.12035751343,
        "min": -1.95249295235,
        "var": 7847.50195312
    },
    "spectral_rms": {
        "dmean": 0.000594833982177,
        "dmean2": 0.000982323777862,
        "dvar": 6.59650709167e-07,
        "dvar2": 1.64639754985e-06,
        "max": 0.0211217626929,
        "mean": 0.00879955198616,
        "median": 0.00897229090333,
        "min": 3.10686871195e-12,
        "var": 1.4258698684e-05
    },
    "spectral_rolloff": {
        "dmean": 196.232406616,
        "dmean2": 333.43951416,
        "dvar": 806349.25,
        "dvar2": 1529103.75,
        "max": 19961.2792969,
        "mean": 1239.27478027,
        "median": 86.1328125,
        "min": 21.533203125,
        "var": 15627292
    },
    "spectral_skewness": {
        "dmean": 0.604866206646,
        "dmean2": 0.936427056789,
        "dvar": 2.55342125893,
        "dvar2": 5.14542913437,
        "max": 27.336145401,
        "mean": 2.50872445107,
        "median": 1.65442037582,
        "min": -0.56201851368,
        "var": 12.3517694473
    },
    "spectral_spread": {
        "dmean": 928802.75,
        "dmean2": 1474603.75,
        "dvar": 5.36817801626e+12,
        "dvar2": 1.04969105572e+13,
        "max": 52121860,
        "mean": 6692731,
        "median": 5334677.5,
        "min": 126445.03125,
        "var": 5.98574324777e+13
    },
    "spectral_strongpeak": {
        "dmean": 0.129324197769,
        "dmean2": 0.234143450856,
        "dvar": 0.349210083485,
        "dvar2": 0.652159571648,
        "max": 12.4949903488,
        "mean": 0.785751581192,
        "median": 0.694433033466,
        "min": 0,
        "var": 2.32849621773
    },
    "zerocrossingrate": {
        "dmean": 0.00869696214795,
        "dmean2": 0.0107982167974,
        "dvar": 0.000523077498656,
        "dvar2": 0.000649009482004,
        "max": 0.7783203125,
        "mean": 0.0507098771632,
        "median": 0.0185546875,
        "min": 0,
        "var": 0.0119607476518
    },
    "barkbands": {
        "dmean": [0.00324348267168, 0.00995235331357, 0.00101587641984, 0.000857797975186, 0.00147112912964, 0.000636617594864, 0.000833934755065, 0.000298351311358, 0.000468419952085, 0.000198490859475, 0.000152256703586, 0.000129784079036, 0.000117288829642, 0.000112366149551, 7.16053546057e-05, 9.52086629695e-05, 7.37287700758e-05, 0.000148740538862, 0.000193648345885, 8.53069650475e-05, 3.66690692317e-05, 0.000231420679484, 4.32443484897e-05, 4.15930044255e-05, 0.000207662378671, 2.73257955996e-05, 7.27922906663e-06],
        "dmean2": [0.00603628717363, 0.0163659155369, 0.0017909090966, 0.00149846461136, 0.00262907869183, 0.00108943495434, 0.00137716636527, 0.000520991627127, 0.000807302363683, 0.000342025101418, 0.000261690525804, 0.000221813592361, 0.00020048704755, 0.000188983030966, 0.000121929013403, 0.000161563351867, 0.000120293698274, 0.000243460963247, 0.000304579851218, 0.000151560103404, 5.99467093707e-05, 0.000362144521205, 7.20890529919e-05, 7.00097589288e-05, 0.000339909020113, 4.48252612841e-05, 1.21803450384e-05],
        "dvar": [9.65299914242e-05, 0.000219617009861, 4.50589504908e-06, 2.69131419373e-06, 7.6194896792e-06, 1.42946032611e-06, 3.19581317854e-06, 4.14460970433e-07, 1.07786445369e-06, 1.93536649817e-07, 1.42271346704e-07, 1.00721628371e-07, 1.03974585386e-07, 6.41567012849e-08, 2.72979168159e-08, 1.52488937033e-07, 1.40506656976e-07, 2.53054025734e-07, 4.88241482799e-07, 2.47069039006e-07, 8.6125853116e-09, 1.48701064973e-06, 1.1510591591e-08, 1.71740630606e-08, 1.21999960356e-06, 6.20696649634e-09, 4.97871910365e-10],
        "dvar2": [0.000304817425786, 0.000564307090826, 1.30317957883e-05, 7.59629165259e-06, 2.22053859034e-05, 3.90776358472e-06, 8.05420859251e-06, 1.22079666198e-06, 3.22477217196e-06, 5.81794608934e-07, 4.06060081559e-07, 2.77399152537e-07, 3.0603638379e-07, 1.73197221898e-07, 7.59466018962e-08, 2.8888305792e-07, 2.35041852648e-07, 4.22788815513e-07, 7.55244343509e-07, 7.74209865995e-07, 2.32876082862e-08, 2.36576534007e-06, 2.98995459502e-08, 4.62289015957e-08, 2.29118927564e-06, 1.57717057192e-08, 1.31487754018e-09],
        "max": [0.16949775815, 0.39905706048, 0.0227758996189, 0.0197932869196, 0.0367752984166, 0.0225277803838, 0.0298870708793, 0.0102602513507, 0.0196771230549, 0.00657721562311, 0.00731206778437, 0.00587177881971, 0.00713716959581, 0.00655316282064, 0.00339325331151, 0.0104237617925, 0.0101794144139, 0.00631278706715, 0.00823432672769, 0.0106401462108, 0.00185590062756, 0.0129466010258, 0.00181510904804, 0.00230424874462, 0.0122957546264, 0.00180564215407, 0.00041824861546],
        "mean": [0.0110511183739, 0.0703356638551, 0.00105886079837, 0.00111715588719, 0.0016116554616, 0.000893395626917, 0.00178551662248, 0.000489261641633, 0.000889252580237, 0.000443041149992, 0.000231970421737, 0.000219526802539, 0.000261711335042, 0.000314906326821, 0.000131229055114, 0.000259378633928, 0.000231785394135, 0.000634301104583, 0.000889192335308, 0.000145087804412, 7.21171672922e-05, 0.000386700965464, 7.23624107195e-05, 6.18560006842e-05, 0.000331210525474, 5.35050603503e-05, 1.14163149192e-05],
        "median": [0.000483561423607, 0.0730432569981, 0.00020507859881, 0.000151072075823, 0.000455736328149, 0.00019202279509, 0.00025381706655, 0.000140720570926, 7.3779039667e-05, 5.13787308591e-05, 4.65980519948e-05, 3.68030450772e-05, 2.92235454253e-05, 2.24586037803e-05, 1.58160491992e-05, 1.36564804052e-05, 1.01399873529e-05, 4.95126478199e-05, 5.17909829796e-05, 1.52954853547e-05, 6.46469470666e-06, 6.36060212855e-06, 7.53448603064e-06, 6.44386727799e-06, 6.62001684759e-06, 4.19251273343e-06, 6.30787553746e-07],
        "min": [1.77447234837e-25, 2.91247170106e-24, 6.50076754077e-25, 3.10549023666e-25, 6.83649185228e-24, 6.96681877357e-24, 5.7230915985e-24, 6.20000416407e-24, 1.18314399861e-23, 1.19540873465e-23, 1.55179226803e-23, 1.07859129302e-23, 2.72370635834e-23, 3.32222711782e-23, 4.80909203128e-23, 3.77008080865e-23, 6.58709647477e-23, 7.14020408965e-23, 1.24085586337e-22, 1.57578348453e-22, 2.57159113041e-22, 2.61266415162e-22, 3.58016910905e-22, 5.1943903145e-22, 8.87320843612e-22, 1.30254046951e-21, 1.86869733314e-21],
        "var": [0.00085110834334, 0.00230717775412, 4.45334944743e-06, 4.6795594244e-06, 7.87993940321e-06, 2.4975663564e-06, 8.83067059476e-06, 6.18173885414e-07, 2.84250063487e-06, 7.39214954137e-07, 2.57954837934e-07, 2.36864039493e-07, 2.97915590863e-07, 4.75852971249e-07, 7.12507244316e-08, 1.09544430416e-06, 1.20242521007e-06, 1.88793990219e-06, 3.90607920053e-06, 4.25808991622e-07, 2.1109007875e-08, 3.23259610013e-06, 2.49747120762e-08, 2.03626679962e-08, 2.56288967648e-06, 1.39013689449e-08, 7.08172742669e-10]
    },
    "erbbands": {
        "dmean": [0.434689730406, 1.81400251389, 1.47880017757, 1.95614671707, 4.3280954361, 5.02768516541, 5.73724508286, 4.76441860199, 8.09586334229, 14.0398826599, 6.11422157288, 10.4477357864, 6.12706136703, 6.68635988235, 5.06333684921, 5.1248550415, 4.64914798737, 6.22661018372, 3.92292714119, 4.35255670547, 4.7359752655, 3.17654132843, 4.12922477722, 18.7716751099, 3.16479444504, 4.70299720764, 1.68511545658, 1.42162406445, 2.52085995674, 10.6616067886, 1.500005126, 0.932767927647, 0.967546403408, 3.3985118866, 0.990979552269, 0.155989989638, 0.0472399033606, 0.0138593679294, 0.00105340639129, 2.70571872534e-05],
        "dmean2": [0.703914642334, 3.05015659332, 2.58059740067, 3.36758804321, 7.79145622253, 8.95432376862, 10.1359100342, 8.09970474243, 13.5102109909, 23.4047718048, 10.6336641312, 18.0825519562, 10.3694496155, 11.4206180573, 8.7405834198, 8.82010746002, 7.92256641388, 10.5340776443, 6.67059469223, 7.50423240662, 7.86973619461, 5.2841629982, 6.83089447021, 29.6181564331, 5.27624559402, 8.43075942993, 2.76519918442, 2.34798812866, 3.99153470993, 16.6836910248, 2.46238517761, 1.57459700108, 1.57802283764, 5.33061885834, 1.78644275665, 0.264668345451, 0.0776339322329, 0.0229824520648, 0.00175769056659, 4.47002094006e-05],
        "dvar": [0.549008786678, 6.68886232376, 6.10359525681, 12.6418399811, 71.1271286011, 89.6262817383, 120.855682373, 78.6909408569, 321.375793457, 863.688842773, 186.613296509, 623.202026367, 171.267700195, 208.438842773, 158.188232422, 170.675811768, 152.484512329, 251.123596191, 76.9177322388, 178.965957642, 297.102783203, 107.868782043, 110.1199646, 6291.09277344, 49.4755516052, 947.797851562, 15.7371368408, 13.8040943146, 80.9743347168, 3439.99169922, 14.0360622406, 7.8761677742, 10.4962110519, 479.675140381, 59.8799095154, 0.240671023726, 0.0167418271303, 0.0016603913391, 1.00764445961e-05, 3.01259617252e-09],
        "dvar2": [1.38260960579, 17.6288089752, 17.4412117004, 35.51612854, 208.098175049, 260.899078369, 344.454193115, 214.322052002, 801.276855469, 2331.77197266, 544.898376465, 1872.1763916, 471.522857666, 609.572875977, 452.880615234, 478.258911133, 430.201934814, 717.595703125, 212.549026489, 395.308532715, 545.039428711, 203.030181885, 217.232772827, 9799.93945312, 129.822174072, 2981.8137207, 42.7066421509, 36.9858551025, 141.558532715, 5457.97265625, 31.5476093292, 20.9606227875, 21.6756763458, 744.834411621, 187.037017822, 0.662129759789, 0.043169233948, 0.00434896722436, 2.68012863671e-05, 7.8668547232e-09],
        "max": [14.1237440109, 84.5203399658, 27.7825737, 46.0598220825, 121.944862366, 131.749679565, 162.561553955, 144.547698975, 290.399780273, 391.001068115, 223.462265015, 494.411865234, 237.331268311, 253.729736328, 236.35105896, 273.478668213, 276.359191895, 460.326812744, 202.015151978, 317.301025391, 343.827575684, 255.074569702, 213.938949585, 893.559509277, 119.017662048, 661.517883301, 79.5601196289, 82.8388595581, 117.099403381, 620.519592285, 64.6833267212, 43.3662261963, 62.9084243774, 269.749389648, 169.797027588, 10.3100223541, 2.59477114677, 0.781663775444, 0.0586886480451, 0.00109342450742],
        "mean": [2.70811700821, 13.3099164963, 4.12946939468, 2.76887464523, 4.75784873962, 5.27184295654, 6.84736537933, 6.88712644577, 13.387172699, 33.5510292053, 11.149723053, 20.0866088867, 12.6309633255, 16.2211990356, 9.16038131714, 9.04741287231, 10.7682828903, 19.3079204559, 7.74795675278, 10.9534425735, 14.6840257645, 8.89570713043, 14.8897066116, 93.8277130127, 9.43844509125, 7.77890920639, 3.60686302185, 2.46870779991, 4.35144758224, 17.8950901031, 2.56410360336, 1.34425592422, 1.59317827225, 5.5963139534, 1.41831862926, 0.267608374357, 0.0931551903486, 0.026807455346, 0.00178212835453, 0.000135740367114],
        "median": [2.47098875046, 14.9309797287, 3.73034334183, 0.618391394615, 1.08074259758, 1.42298543453, 1.68534290791, 1.53787946701, 3.19935822487, 3.57741069794, 3.89163780212, 1.68942737579, 2.0652756691, 2.68544101715, 1.50121688843, 1.65156817436, 1.41916513443, 1.24305319786, 1.40568780899, 0.882327079773, 0.777011156082, 1.44423258305, 3.35195446014, 2.5595998764, 2.68253421783, 1.10444450378, 0.351746141911, 0.252167582512, 0.206001371145, 0.295841366053, 0.221748501062, 0.149425193667, 0.135091990232, 0.0774799287319, 0.041671231389, 0.0193192958832, 0.0091796964407, 0.00246613798663, 0.000152991793584, 9.88187384792e-05],
        "min": [8.96351218384e-23, 4.02646722928e-22, 1.41089719176e-21, 2.45882890399e-21, 5.80095624352e-21, 1.93133425217e-20, 4.30062412641e-20, 7.63991574702e-20, 1.0613453627e-19, 1.4009457849e-19, 2.1205045129e-19, 3.12599334151e-19, 3.59627860698e-19, 5.52737956836e-19, 5.53996563837e-19, 6.69777396067e-19, 1.2118662297e-18, 2.28176055573e-18, 2.21476306202e-18, 2.91959621735e-18, 2.67532668053e-18, 4.78482501254e-18, 4.13804091106e-18, 5.46294106127e-18, 6.9315555711e-18, 7.45893160167e-18, 9.29818920038e-18, 8.7456747374e-18, 9.73597371239e-18, 1.08486383426e-17, 8.64681672804e-18, 9.65849501314e-18, 9.24867334173e-18, 7.43793196746e-18, 6.17728886159e-18, 3.8887857499e-18, 2.29823199647e-18, 9.08074533762e-19, 2.31215179182e-19, 2.69256595168e-20],
        "var": [3.98658108711, 106.741607666, 9.89014911652, 21.0083580017, 70.5193252563, 91.9609451294, 147.275314331, 135.464248657, 618.496520996, 2828.45239258, 343.85836792, 1662.30517578, 493.90145874, 939.660461426, 377.490905762, 403.878967285, 475.838500977, 2021.84143066, 237.229049683, 1012.35168457, 2247.88500977, 800.995727539, 659.90020752, 50182.1875, 209.928787231, 1568.11108398, 60.3984184265, 21.5738010406, 174.237014771, 7464.05126953, 30.4371604919, 9.00299930573, 20.168554306, 1057.01196289, 99.099647522, 0.433034420013, 0.037989333272, 0.00333595182747, 1.56618571054e-05, 1.39682931888e-08]
    },
    "gfcc": {
        "mean": [-130.292953491, 85.5277175903, -58.3538246155, 41.6186904907, -19.2293682098, 18.8068122864, -10.6827487946, 25.0037727356, -7.90794181824, 5.95370149612, -1.69281876087, 7.22982215881, -6.90257263184],
        "cov": [[84662.5625, 6370.54248047, -5360.18310547, 454.324035645, -4251.52001953, 1483.95959473, -2218.31469727, 1068.52844238, -946.814086914, 1280.84814453, -954.792175293, 680.911193848, -1016.12902832], [6370.54248047, 3221.52075195, 336.5262146, -389.968536377, -28.7466430664, 33.972442627, 78.057472229, 17.3636627197, 274.085906982, -88.268951416, 9.95890235901, -16.1874980927, 95.5136795044], [-5360.18310547, 336.5262146, 2402.23413086, 120.178329468, 486.538970947, 606.689697266, 265.96206665, -94.5357055664, 196.439422607, -81.0050430298, -15.3059139252, -33.8802146912, 218.242980957], [454.324035645, -389.968536377, 120.178329468, 1078.5982666, 559.418029785, -163.975189209, 275.271606445, 227.987350464, -58.6581268311, -198.261383057, 207.087493896, 71.5695114136, -83.4415512085], [-4251.52001953, -28.7466430664, 486.538970947, 559.418029785, 1027.26818848, -209.265426636, 352.179443359, 160.515533447, 39.8216323853, -239.142837524, 238.094314575, -46.1690979004, 64.0207290649], [1483.95959473, 33.972442627, 606.689697266, -163.975189209, -209.265426636, 815.769592285, -77.5263442993, -225.218948364, 64.0792236328, 206.551452637, -182.446731567, 4.28008174896, 83.8391647339], [-2218.31469727, 78.057472229, 265.96206665, 275.271606445, 352.179443359, -77.5263442993, 344.356323242, 18.8329734802, 55.4418792725, -116.350410461, 112.990081787, -10.8546552658, -0.588761091232], [1068.52844238, 17.3636627197, -94.5357055664, 227.987350464, 160.515533447, -225.218948364, 18.8329734802, 359.162750244, -84.0407485962, -110.170921326, 121.899002075, 7.67729854584, -34.6573982239], [-946.814086914, 274.085906982, 196.439422607, -58.6581268311, 39.8216323853, 64.0792236328, 55.4418792725, -84.0407485962, 265.411376953, -29.7354698181, -48.3441429138, 28.1292057037, 52.6549110413], [1280.84814453, -88.268951416, -81.0050430298, -198.261383057, -239.142837524, 206.551452637, -116.350410461, -110.170921326, -29.7354698181, 232.812973022, -83.9231414795, -36.996723175, -8.99960613251], [-954.792175293, 9.95890235901, -15.3059139252, 207.087493896, 238.094314575, -182.446731567, 112.990081787, 121.899002075, -48.3441429138, -83.9231414795, 216.501861572, -6.33249807358, -47.5773124695], [680.911193848, -16.1874980927, -33.8802146912, 71.5695114136, -46.1690979004, 4.28008174896, -10.8546552658, 7.67729854584, 28.1292057037, -36.996723175, -6.33249807358, 114.781555176, -11.0474748611], [-1016.12902832, 95.5136795044, 218.242980957, -83.4415512085, 64.0207290649, 83.8391647339, -0.588761091232, -34.6573982239, 52.6549110413, -8.99960613251, -47.5773124695, -11.0474748611, 137.920791626]],
        "icov": [[9.94361253106e-05, -0.000315730692819, 0.000203608287848, -0.000397837749915, 0.00017729405954, -0.000307787558995, 0.000318287493428, -0.000415390910348, 0.000293422606774, -0.000342508486938, 0.000471894309158, -0.000303898239508, 0.000394219125155], [-0.000315730692819, 0.00138578237966, -0.000658148084767, 0.00146535120439, -0.000477034336654, 0.000908272399101, -0.00114367040806, 0.00112563022412, -0.00131593341939, 0.00127984315623, -0.00170992861968, 0.00106401415542, -0.00132930115797], [0.000203608287848, -0.000658148084767, 0.00118691870011, -0.000746576173697, 0.000132361150463, -0.00139214436058, 0.000318237987813, -0.000950302986894, 0.000431574007962, -0.000207285702345, 0.000836661609355, -0.000388107757317, 0.000252648693277], [-0.000397837749915, 0.00146535120439, -0.000746576173697, 0.0036295123864, -0.00157811865211, 0.000825886032544, -0.00211789621972, 0.000896013807505, -0.000877541839145, 0.00173614022788, -0.00192067096941, -0.000207809964195, -0.000352925737388], [0.00017729405954, -0.000477034336654, 0.000132361150463, -0.00157811865211, 0.00300858845003, -0.000319270038744, -0.000370324210962, -0.000768855388742, 0.000149968880578, 0.00025367634953, -0.000714701542165, 0.00103944528382, -0.00112886389252], [-0.000307787558995, 0.000908272399101, -0.00139214436058, 0.000825886032544, -0.000319270038744, 0.00378194102086, -0.000845005211886, 0.00195902120322, -0.00077180651715, -0.00122782960534, -0.000447580212494, 0.000144634963362, -0.00178443419281], [0.000318287493428, -0.00114367040806, 0.000318237987813, -0.00211789621972, -0.000370324210962, -0.000845005211886, 0.00682106800377, -4.21397089667e-06, 4.81331444462e-05, 5.43042770005e-05, 0.000140548043419, 0.000109308872197, 0.00210813176818], [-0.000415390910348, 0.00112563022412, -0.000950302986894, 0.000896013807505, -0.000768855388742, 0.00195902120322, -4.21397089667e-06, 0.00638105068356, -0.0001905963436, 0.00259288749658, -0.00329063273966, 0.00150214822497, -0.00179746432696], [0.000293422606774, -0.00131593341939, 0.000431574007962, -0.000877541839145, 0.000149968880578, -0.00077180651715, 4.81331444462e-05, -0.0001905963436, 0.00638176174834, -0.000549517048057, 0.0027265411336, -0.00269128801301, 0.000463858305011], [-0.000342508486938, 0.00127984315623, -0.000207285702345, 0.00173614022788, 0.00025367634953, -0.00122782960534, 5.43042770005e-05, 0.00259288749658, -0.000549517048057, 0.0106008397415, -0.00196637655608, 0.00447492580861, -0.000169345265022], [0.000471894309158, -0.00170992861968, 0.000836661609355, -0.00192067096941, -0.000714701542165, -0.000447580212494, 0.000140548043419, -0.00329063273966, 0.0027265411336, -0.00196637655608, 0.0116810826585, -0.00184191763401, 0.00466521270573], [-0.000303898239508, 0.00106401415542, -0.000388107757317, -0.000207809964195, 0.00103944528382, 0.000144634963362, 0.000109308872197, 0.00150214822497, -0.00269128801301, 0.00447492580861, -0.00184191763401, 0.0129103809595, -0.000961692829151], [0.000394219125155, -0.00132930115797, 0.000252648693277, -0.000352925737388, -0.00112886389252, -0.00178443419281, 0.00210813176818, -0.00179746432696, 0.000463858305011, -0.000169345265022, 0.00466521270573, -0.000961692829151, 0.012972401455]]
    },
    "melbands": {
        "dmean": [0.00319733167998, 0.00130461284425, 0.000373971182853, 0.000345094216755, 0.000195805827389, 0.000109444270493, 0.000136793169077, 0.000132539367769, 5.61898486922e-05, 6.4817344537e-05, 3.12579650199e-05, 2.82238906948e-05, 1.95380998775e-05, 1.47464043039e-05, 1.18364232549e-05, 1.25239903355e-05, 1.13312698886e-05, 6.90369006406e-06, 5.43189707969e-06, 8.06919797469e-06, 5.6459721236e-06, 3.99094005843e-06, 2.64499908553e-06, 6.98172698321e-06, 1.72484669747e-05, 1.97770782506e-06, 2.82651467387e-06, 3.05244975607e-06, 1.11881786324e-06, 9.91754745883e-07, 8.31845227367e-07, 7.60306193115e-07, 5.67105507798e-06, 4.64176127934e-06, 7.56458518936e-07, 6.40280632069e-07, 5.88601210438e-07, 5.20886374034e-07, 1.84028795047e-06, 2.78881066151e-06],
        "dmean2": [0.0052014393732, 0.00223720632493, 0.000642881612293, 0.00061921327142, 0.000346859014826, 0.000186350865988, 0.000226527932682, 0.000222243994358, 9.8291420727e-05, 0.000111300447315, 5.29567005287e-05, 4.84397060063e-05, 3.3794050978e-05, 2.51258388744e-05, 2.03751424124e-05, 2.11980732274e-05, 1.9259761757e-05, 1.18671268865e-05, 9.34444688028e-06, 1.37008573802e-05, 9.30245823838e-06, 6.62513821226e-06, 4.60296723759e-06, 1.12261623144e-05, 2.72199213214e-05, 3.3178346257e-06, 5.05320122102e-06, 5.45652710571e-06, 1.84369241651e-06, 1.65961580478e-06, 1.38164659802e-06, 1.21656989904e-06, 8.8971137302e-06, 7.28487111701e-06, 1.26851318782e-06, 1.076964395e-06, 1.00236059097e-06, 8.8739847115e-07, 2.88313140118e-06, 4.36744539911e-06],
        "dvar": [2.56471485045e-05, 3.37758046953e-06, 4.50701634236e-07, 4.48633670658e-07, 1.33539842295e-07, 4.16556567018e-08, 9.10424517997e-08, 7.50376187852e-08, 1.6009131798e-08, 2.1789892557e-08, 4.57411974963e-09, 3.81077880363e-09, 2.45549669486e-09, 1.21954679688e-09, 8.87291518037e-10, 1.08368281015e-09, 7.99428856446e-10, 2.44267078786e-10, 1.69958130902e-10, 1.37226452424e-09, 5.79799208644e-10, 2.65083316409e-10, 4.79010615895e-11, 5.87886739289e-10, 5.36413491403e-09, 2.07780632977e-11, 2.27169880129e-10, 3.43261669089e-10, 6.86631394103e-12, 6.85073785894e-12, 4.87894533802e-12, 5.44106730158e-12, 9.22014742333e-10, 5.98131877361e-10, 3.4971791088e-12, 3.21927055326e-12, 3.20430444331e-12, 2.67460034155e-12, 1.20122814473e-10, 3.26600663181e-10],
        "dvar2": [6.4857165853e-05, 9.3536436907e-06, 1.26715008264e-06, 1.31419665195e-06, 3.80984744197e-07, 1.12983713052e-07, 2.24352675104e-07, 2.04391071179e-07, 4.75798351829e-08, 6.47975824108e-08, 1.25824142216e-08, 1.12176161693e-08, 7.06380287596e-09, 3.39639916191e-09, 2.5427930872e-09, 3.16160497782e-09, 2.26398944037e-09, 6.84667877948e-10, 4.7925480251e-10, 2.53533394279e-09, 1.0134774131e-09, 4.60908450295e-10, 1.4330883702e-10, 9.29568200192e-10, 8.36372038293e-09, 5.88469203922e-11, 7.1014250036e-10, 1.07681175088e-09, 1.83982412638e-11, 1.92433603774e-11, 1.30805878282e-11, 1.39948894487e-11, 1.46391598843e-09, 9.49578415899e-10, 9.20739873234e-12, 8.44632697117e-12, 8.63185911637e-12, 7.31295926593e-12, 1.87616297498e-10, 5.07238084868e-10],
        "max": [0.121275804937, 0.0458209514618, 0.00811702851206, 0.00837307330221, 0.00504484772682, 0.0034385570325, 0.00502073578537, 0.00360319344327, 0.0023718404118, 0.00272248568945, 0.0012480643345, 0.00106006802525, 0.000967540196143, 0.000616502889898, 0.000651407754049, 0.000816350628156, 0.00078460999066, 0.000302324624499, 0.000276656734059, 0.000998786301352, 0.000623562722467, 0.000429005216574, 0.000228757067816, 0.000307431677356, 0.00081748527009, 0.000107070452941, 0.000322033127304, 0.000396483344957, 6.05318018643e-05, 4.57479727629e-05, 5.19130589964e-05, 5.96918252995e-05, 0.000322842592141, 0.000260867294855, 3.08320231852e-05, 2.9723136322e-05, 3.02982462017e-05, 2.91332835332e-05, 0.000136888280394, 0.000222712638788],
        "mean": [0.0233041085303, 0.00730222696438, 0.00052315677749, 0.000373029819457, 0.000236719497479, 0.000159280883963, 0.000248219468631, 0.000313433352858, 9.27459041122e-05, 0.000123721518321, 6.18381163804e-05, 6.76707277307e-05, 3.14144854201e-05, 2.50564662565e-05, 2.07458760997e-05, 3.42550301866e-05, 3.33488351316e-05, 1.16935734695e-05, 9.68250515143e-06, 2.26802476391e-05, 1.719760985e-05, 1.12027028081e-05, 4.84452175442e-06, 3.10402683681e-05, 8.60080253915e-05, 4.06044364354e-06, 4.90953561894e-06, 4.76190780319e-06, 2.23425263357e-06, 1.82394308013e-06, 1.26119039123e-06, 1.16803516903e-06, 9.38922221394e-06, 7.78347657615e-06, 1.19690594147e-06, 9.35852312978e-07, 7.56854660722e-07, 7.583400361e-07, 3.05956359625e-06, 4.55046438219e-06],
        "median": [0.0222926549613, 0.00793021731079, 9.77111340035e-05, 0.000102045974927, 6.36712065898e-05, 3.48493667843e-05, 5.23041890119e-05, 3.56918353646e-05, 1.41115870065e-05, 9.97485221887e-06, 7.6460019045e-06, 1.01816931419e-05, 5.58193551115e-06, 3.70585030396e-06, 2.86961767415e-06, 2.81373922917e-06, 2.03181798497e-06, 1.47643220316e-06, 1.11673034553e-06, 9.15408520541e-07, 7.95753180682e-07, 6.17970044914e-07, 4.79355321659e-07, 2.06670802072e-06, 1.93018513528e-06, 4.53861616734e-07, 6.64594608679e-07, 3.90695674923e-07, 2.11338758049e-07, 1.34202679192e-07, 1.15273365964e-07, 9.32043917601e-08, 1.39012399814e-07, 1.77144812596e-07, 1.23815780739e-07, 7.5488955531e-08, 6.56056400317e-08, 8.81166783984e-08, 6.86380445813e-08, 5.68347395813e-08],
        "min": [8.16507669632e-25, 5.20379738219e-25, 1.20857681503e-24, 8.23392009448e-25, 1.45505640487e-24, 1.4753310176e-24, 1.23732290642e-24, 1.45416016027e-24, 1.78187566005e-24, 1.74088171425e-24, 1.52370554603e-24, 2.16163231375e-24, 1.63428491228e-24, 1.97396210718e-24, 2.05957777287e-24, 1.93791136103e-24, 3.71181025683e-24, 2.79239208293e-24, 3.6624772624e-24, 2.53433556488e-24, 2.99276452779e-24, 3.2635019849e-24, 2.99984711822e-24, 3.41595586293e-24, 3.65267606008e-24, 3.73930679254e-24, 4.28148892055e-24, 3.73975644326e-24, 4.73525236285e-24, 4.69451558571e-24, 4.34395526576e-24, 4.43703848599e-24, 4.69416533146e-24, 6.23711060333e-24, 4.38154054359e-24, 4.82041660289e-24, 4.35994981504e-24, 5.55880382081e-24, 4.10749026511e-24, 5.51329640734e-24],
        "var": [0.000258192158071, 3.01701966237e-05, 7.65575464357e-07, 4.43220727675e-07, 1.61047850611e-07, 7.41695771467e-08, 1.97859137074e-07, 2.40517266548e-07, 3.21874473741e-08, 5.80041223941e-08, 1.22864465268e-08, 1.74312795309e-08, 4.74622563473e-09, 3.08325232012e-09, 2.21022378177e-09, 5.74554759325e-09, 5.8954965354e-09, 6.19371165467e-10, 3.92487681244e-10, 1.01208526004e-08, 4.7353410082e-09, 2.16833284661e-09, 8.62044741146e-11, 4.61534854779e-09, 4.27857287377e-08, 7.9373667361e-11, 3.99031196974e-10, 5.73518676994e-10, 2.56312592678e-11, 1.64663924856e-11, 6.14932497284e-12, 6.70689458832e-12, 2.0065946682e-09, 1.30350941152e-09, 7.01877661893e-12, 4.44082791373e-12, 3.24500322446e-12, 3.29135872203e-12, 2.65888200346e-10, 7.20118020769e-10]
    },
    "mfcc": {
        "mean": [-756.882568359, 124.460250854, 28.3501319885, 35.2693023682, 22.9282035828, 12.9898405075, 17.3799667358, 22.2655925751, 9.36456394196, 13.0422363281, 13.0542917252, 5.23820638657, 9.26142311096],
        "cov": [[30414.0292969, 3994.68676758, -301.95526123, -803.228637695, -1218.49768066, -145.673660278, -1027.46569824, -1071.40783691, -207.895935059, 94.0146865845, -325.490966797, 101.990455627, 194.762680054], [3994.68676758, 3244.50683594, 143.660919189, 249.800369263, 63.5320587158, -184.083465576, -119.085510254, 202.135986328, 144.218841553, 81.0679092407, -127.02041626, 98.3899688721, 184.290359497], [-301.95526123, 143.660919189, 983.421813965, 262.061431885, 313.832305908, 264.329498291, 182.989028931, 200.478393555, 238.247802734, 43.9475822449, 26.5768356323, 4.34791851044, 159.826156616], [-803.228637695, 249.800369263, 262.061431885, 678.319091797, 364.719604492, 94.4734344482, 279.739105225, 396.197479248, 18.313835144, 55.1013679504, 192.45451355, 30.9590625763, -27.5320339203], [-1218.49768066, 63.5320587158, 313.832305908, 364.719604492, 522.090637207, 173.44303894, 290.74786377, 276.134918213, 121.362464905, 42.1781845093, 118.379814148, 38.6533241272, 26.107465744], [-145.673660278, -184.083465576, 264.329498291, 94.4734344482, 173.44303894, 525.790344238, 149.170623779, 35.6343765259, 140.01512146, 113.720550537, -28.7558994293, 55.0358428955, 124.73223877], [-1027.46569824, -119.085510254, 182.989028931, 279.739105225, 290.74786377, 149.170623779, 399.372070312, 176.801254272, 24.5367679596, 64.3832397461, 142.446975708, 10.5036239624, -23.3848743439], [-1071.40783691, 202.135986328, 200.478393555, 396.197479248, 276.134918213, 35.6343765259, 176.801254272, 437.114898682, 17.6921806335, 28.3325443268, 143.880142212, -19.2962875366, 9.25905227661], [-207.895935059, 144.218841553, 238.247802734, 18.313835144, 121.362464905, 140.01512146, 24.5367679596, 17.6921806335, 261.02166748, 58.3833312988, -84.8507003784, 42.4949035645, 119.026359558], [94.0146865845, 81.0679092407, 43.9475822449, 55.1013679504, 42.1781845093, 113.720550537, 64.3832397461, 28.3325443268, 58.3833312988, 128.702590942, 15.8167142868, 39.1207923889, 28.160615921], [-325.490966797, -127.02041626, 26.5768356323, 192.45451355, 118.379814148, -28.7558994293, 142.446975708, 143.880142212, -84.8507003784, 15.8167142868, 289.122406006, 8.07313251495, -68.2876968384], [101.990455627, 98.3899688721, 4.34791851044, 30.9590625763, 38.6533241272, 55.0358428955, 10.5036239624, -19.2962875366, 42.4949035645, 39.1207923889, 8.07313251495, 112.669654846, 9.6034412384], [194.762680054, 184.290359497, 159.826156616, -27.5320339203, 26.107465744, 124.73223877, -23.3848743439, 9.25905227661, 119.026359558, 28.160615921, -68.2876968384, 9.6034412384, 180.711624146]],
