{
"lowlevel": {
    "average_loudness": 0.818042457104,
    "barkbands_crest": {
        "dmean": 2.78025460243,
        "dmean2": 4.56434345245,
        "dvar": 6.05622673035,
        "dvar2": 15.6685619354,
        "max": 25.3817958832,
        "mean": 9.34852790833,
        "median": 8.77970409393,
        "min": 2.21806097031,
        "var": 16.4052848816
    },
    "barkbands_flatness_db": {
        "dmean": 0.018738579005,
        "dmean2": 0.0293649900705,
        "dvar": 0.000320615770761,
        "dvar2": 0.000760642637033,
        "max": 0.403159707785,
        "mean": 0.099989540875,
        "median": 0.0841170176864,
        "min": 0.0137708103284,
        "var": 0.00360408006236
    },
    "barkbands_kurtosis": {
        "dmean": 1.82836210728,
        "dmean2": 2.93138742447,
        "dvar": 11.4433116913,
        "dvar2": 27.5230636597,
        "max": 76.0817947388,
        "mean": 1.91560637951,
        "median": 0.0153729915619,
        "min": -1.87548243999,
        "var": 25.1048030853
    },
    "barkbands_skewness": {
        "dmean": 0.485157877207,
        "dmean2": 0.752602159977,
        "dvar": 0.225942820311,
        "dvar2": 0.531398534775,
        "max": 8.49186515808,
        "mean": 1.23134124279,
        "median": 1.03331005573,
        "min": -2.26261091232,
        "var": 1.03638005257
    },
    "barkbands_spread": {
        "dmean": 6.4625544548,
        "dmean2": 10.4303436279,
        "dvar": 41.4550895691,
        "dvar2": 104.383499146,
        "max": 110.711807251,
        "mean": 34.7679901123,
        "median": 36.9260368347,
        "min": 2.04130744934,
        "var": 248.248962402
    },
    "dissonance": {
        "dmean": 0.0134653924033,
        "dmean2": 0.0227194596082,
        "dvar": 0.000181114621228,
        "dvar2": 0.00049339979887,
        "max": 0.500000119209,
        "mean": 0.474447160959,
        "median": 0.480164319277,
        "min": 0.231826275587,
        "var": 0.000488434685394
    },
    "dynamic_complexity": 4.63570070267,
    "erbbands_crest": {
        "dmean": 2.54931473732,
        "dmean2": 4.19807863235,
        "dvar": 6.24409103394,
        "dvar2": 16.2299480438,
        "max": 33.4374771118,
        "mean": 8.25952911377,
        "median": 6.9580321312,
        "min": 2.22561860085,
        "var": 23.0392189026
    },
    "erbbands_flatness_db": {
        "dmean": 0.0138024380431,
        "dmean2": 0.021541884169,
        "dvar": 0.000168659797055,
        "dvar2": 0.000399476499297,
        "max": 0.468437463045,
        "mean": 0.132886499166,
        "median": 0.1079351753,
        "min": 0.0468415617943,
        "var": 0.00390161271207
    },
    "erbbands_kurtosis": {
        "dmean": 0.647686839104,
        "dmean2": 1.04489290714,
        "dvar": 0.847493946552,
        "dvar2": 2.16546726227,
        "max": 20.0993709564,
        "mean": 0.0258621796966,
        "median": -0.448442459106,
        "min": -1.75594961643,
        "var": 3.394947052
    },
    "erbbands_skewness": {
        "dmean": 0.310166031122,
        "dmean2": 0.4782961905,
        "dvar": 0.0914179459214,
        "dvar2": 0.216782927513,
        "max": 4.0530629158,
        "mean": 0.14629663527,
        "median": 0.0137837305665,
        "min": -2.23375296593,
        "var": 0.531916081905
    },
    "erbbands_spread": {
        "dmean": 9.18155193329,
        "dmean2": 14.1232147217,
        "dvar": 79.4121017456,
        "dvar2": 186.287628174,
        "max": 156.153259277,
        "mean": 44.8610343933,
        "median": 44.2339859009,
        "min": 4.81781721115,
        "var": 332.064941406
    },
    "hfc": {
        "dmean": 6.29342937469,
        "dmean2": 9.72215652466,
        "dvar": 67.4820098877,
        "dvar2": 163.384735107,
        "max": 153.355712891,
        "mean": 30.9562950134,
        "median": 17.9822940826,
        "min": 1.08545286957e-16,
        "var": 836.096496582
    },
    "melbands_crest": {
        "dmean": 4.23772621155,
        "dmean2": 6.67432403564,
        "dvar": 13.6592988968,
        "dvar2": 33.9739532471,
        "max": 32.755645752,
        "mean": 14.4300670624,
        "median": 13.959602356,
        "min": 1.52188956738,
        "var": 31.1814174652
    },
    "melbands_flatness_db": {
        "dmean": 0.0253217387944,
        "dmean2": 0.0384708233178,
        "dvar": 0.000531176861841,
        "dvar2": 0.00121369422413,
        "max": 0.407413780689,
        "mean": 0.160076618195,
        "median": 0.150722488761,
        "min": 0.00220038113184,
        "var": 0.00426005898044
    },
    "melbands_kurtosis": {
        "dmean": 6.66895055771,
        "dmean2": 10.3552217484,
        "dvar": 159.299621582,
        "dvar2": 358.850799561,
        "max": 334.12487793,
        "mean": 11.5023765564,
        "median": 6.42737102509,
        "min": -1.59459507465,
        "var": 310.410583496
    },
    "melbands_skewness": {
        "dmean": 0.772736549377,
        "dmean2": 1.17325997353,
        "dvar": 0.665079474449,
        "dvar2": 1.44778835773,
        "max": 15.635591507,
        "mean": 2.6366789341,
        "median": 2.35462379456,
        "min": -1.68546664715,
        "var": 2.33588051796
    },
    "melbands_spread": {
        "dmean": 9.24277591705,
        "dmean2": 14.5041179657,
        "dvar": 90.1955795288,
        "dvar2": 214.796768188,
        "max": 179.207763672,
        "mean": 33.4811058044,
        "median": 31.8507919312,
        "min": 1.57510089874,
        "var": 394.362945557
    },
    "pitch_salience": {
        "dmean": 0.0929871574044,
        "dmean2": 0.149781852961,
        "dvar": 0.00767542980611,
        "dvar2": 0.0192549731582,
        "max": 0.960212647915,
        "mean": 0.536441743374,
        "median": 0.541714608669,
        "min": 0.0678136497736,
        "var": 0.0160427391529
    },
    "silence_rate_20dB": {
        "dmean": 0,
        "dmean2": 0,
        "dvar": 0,
        "dvar2": 0,
        "max": 1,
        "mean": 1,
        "median": 1,
        "min": 1,
        "var": 0
    },
    "silence_rate_30dB": {
        "dmean": 0,
        "dmean2": 0,
        "dvar": 0,
        "dvar2": 0,
        "max": 1,
        "mean": 1,
        "median": 1,
        "min": 1,
        "var": 0
    },
    "silence_rate_60dB": {
        "dmean": 0.0256504882127,
        "dmean2": 0.0513057112694,
        "dvar": 0.024991305545,
        "dvar2": 0.0562368929386,
        "max": 1,
        "mean": 0.173263221979,
        "median": 0,
        "min": 0,
        "var": 0.143248200417
    },
    "spectral_centroid": {
        "dmean": 292.625823975,
        "dmean2": 456.036621094,
        "dvar": 91209.0859375,
        "dvar2": 200555.703125,
        "max": 11397.4072266,
        "mean": 1896.73803711,
        "median": 1977.64807129,
        "min": 334.827453613,
        "var": 765052.875
    },
    "spectral_complexity": {
        "dmean": 3.62668395042,
        "dmean2": 5.81526231766,
        "dvar": 12.9126758575,
        "dvar2": 32.1147766113,
        "max": 61,
        "mean": 23.2559280396,
        "median": 22,
        "min": 0,
        "var": 216.020843506
    },
    "spectral_decrease": {
        "dmean": 1.78637182824e-09,
        "dmean2": 2.95849122978e-09,
        "dvar": 4.70892291953e-18,
        "dvar2": 1.23103880805e-17,
        "max": 1.50368942449e-28,
        "mean": -5.80038594933e-09,
        "median": -4.63949723084e-09,
        "min": -1.98053076161e-08,
        "var": 2.17621144103e-17
    },
    "spectral_energy": {
        "dmean": 0.00702677248046,
        "dmean2": 0.0116611365229,
        "dvar": 7.21967517165e-05,
        "dvar2": 0.000189616563148,
        "max": 0.0811666622758,
        "mean": 0.0246998202056,
        "median": 0.0200679264963,
        "min": 1.0304535434e-20,
        "var": 0.000394689064706
    },
    "spectral_energyband_high": {
        "dmean": 0.000592668831814,
        "dmean2": 0.000908134388737,
        "dvar": 7.24397125396e-07,
        "dvar2": 1.78226923708e-06,
        "max": 0.0186354052275,
        "mean": 0.00237374939024,
        "median": 0.00129356444813,
        "min": 7.18315242888e-21,
        "var": 5.96893323745e-06
    },
    "spectral_energyband_low": {
        "dmean": 0.00558872241527,
        "dmean2": 0.00861390214413,
        "dvar": 5.96694844717e-05,
        "dvar2": 0.000139464304084,
        "max": 0.0578230507672,
        "mean": 0.00916599947959,
        "median": 0.00547327566892,
        "min": 1.7048366479e-23,
        "var": 0.000106377083284
    },
    "spectral_energyband_middle_high": {
        "dmean": 0.00181628391147,
        "dmean2": 0.00293704820797,
        "dvar": 6.74738885209e-06,
        "dvar2": 1.79107646545e-05,
        "max": 0.0402552857995,
        "mean": 0.00598150072619,
        "median": 0.00344083202071,
        "min": 1.2396757527e-21,
        "var": 3.76793286705e-05
    },
    "spectral_energyband_middle_low": {
        "dmean": 0.00497046066448,
        "dmean2": 0.00853625498712,
        "dvar": 5.88172770222e-05,
        "dvar2": 0.000161281859619,
        "max": 0.0552358143032,
        "mean": 0.0077507738024,
        "median": 0.00458838092163,
        "min": 1.68443474851e-22,
        "var": 6.93059264449e-05
    },
    "spectral_entropy": {
        "dmean": 0.132738247514,
        "dmean2": 0.202214449644,
        "dvar": 0.0214830171317,
        "dvar2": 0.0467119477689,
        "max": 9.82168006897,
        "mean": 7.829246521,
        "median": 8.05173873901,
        "min": 5.83463525772,
        "var": 0.268015384674
    },
    "spectral_flux": {
        "dmean": 0.0205503664911,
        "dmean2": 0.0319283902645,
        "dvar": 0.000540911220014,
        "dvar2": 0.00112795783207,
        "max": 0.251062393188,
        "mean": 0.0878826826811,
        "median": 0.0901230350137,
        "min": 6.44180056519e-11,
        "var": 0.00336156226695
    },
    "spectral_kurtosis": {
        "dmean": 0.977833330631,
        "dmean2": 1.56770718098,
        "dvar": 2.60420179367,
        "dvar2": 7.16026258469,
        "max": 44.4109916687,
        "mean": 3.35835051537,
        "median": 2.13571310043,
        "min": -1.24013435841,
        "var": 12.9098958969
    },
    "spectral_rms": {
        "dmean": 0.000643489183858,
        "dmean2": 0.00105397845618,
        "dvar": 4.94068842727e-07,
        "dvar2": 1.25928409034e-06,
        "max": 0.00889870710671,
        "mean": 0.0043807188049,
        "median": 0.00442475592718,
        "min": 3.17067899713e-12,
        "var": 4.90667616759e-06
    },
    "spectral_rolloff": {
        "dmean": 716.496398926,
        "dmean2": 1180.3293457,
        "dvar": 746357.9375,
        "dvar2": 1732864.25,
        "max": 19293.75,
        "mean": 2312.45556641,
        "median": 1981.0546875,
        "min": 64.599609375,
        "var": 3386293.75
    },
    "spectral_skewness": {
        "dmean": 0.152811065316,
        "dmean2": 0.235658958554,
        "dvar": 0.0298723895103,
        "dvar2": 0.06901807338,
        "max": 5.08378791809,
        "mean": 1.32849562168,
        "median": 1.1763535738,
        "min": -0.074073985219,
        "var": 0.256068795919
    },
    "spectral_spread": {
        "dmean": 445446.53125,
        "dmean2": 665047.4375,
        "dvar": 339685703680,
        "dvar2": 609108951040,
        "max": 42196564,
        "mean": 5660314.5,
        "median": 5813381,
        "min": 1372892.125,
        "var": 7.07120018227e+12
    },
    "spectral_strongpeak": {
        "dmean": 0.525599002838,
        "dmean2": 0.955780744553,
        "dvar": 1.32645535469,
        "dvar2": 3.6810092926,
        "max": 13.4636049271,
        "mean": 0.627174496651,
        "median": 0.303675442934,
        "min": 0,
        "var": 1.16090071201
    },
    "zerocrossingrate": {
        "dmean": 0.0111618982628,
        "dmean2": 0.0139277074486,
        "dvar": 0.000141094511491,
        "dvar2": 0.000206277036341,
        "max": 0.75341796875,
        "mean": 0.0899256467819,
        "median": 0.0888671875,
        "min": 0.015625,
        "var": 0.0020735966973
    },
    "barkbands": {
        "dmean": [0.000256928382441, 0.00380625878461, 0.00342770852149, 0.00114731863141, 0.00228000059724, 0.00157192349434, 0.000801024318207, 0.000415519811213, 0.000633580319118, 0.000326597189996, 0.000469308200991, 0.000401043449529, 0.000582012347877, 0.000499274698086, 0.000400564022129, 0.000255548075074, 0.000201258560992, 0.000189275902812, 0.000236651205341, 0.000226107178605, 0.000186317120097, 0.000182714793482, 0.000161712610861, 0.000119576980069, 7.7766017057e-05, 3.8296362618e-05, 9.7043966889e-06],
        "dmean2": [0.000448601495009, 0.00630610249937, 0.0054666493088, 0.00196341518313, 0.00420356960967, 0.0027543308679, 0.00134420499671, 0.000710277061444, 0.00102735182736, 0.000542871013749, 0.000764314492699, 0.000663445156533, 0.000971685629338, 0.000826188537758, 0.000657757162116, 0.000430025887908, 0.000336815661285, 0.000316051504342, 0.000382796832127, 0.000371987232938, 0.000305467692669, 0.000294802332064, 0.000265622715233, 0.000181308118044, 0.000121608478366, 5.87025169807e-05, 1.58258808369e-05],
        "dvar": [2.46967800877e-07, 3.14192911901e-05, 3.38489262504e-05, 4.73284990221e-06, 2.1760681193e-05, 8.99271435628e-06, 2.0251306978e-06, 7.32805062853e-07, 1.11609176656e-06, 4.73917936006e-07, 1.22872870634e-06, 9.57355382525e-07, 2.02876435651e-06, 1.46405477608e-06, 7.85987026575e-07, 2.56567886936e-07, 1.6935439362e-07, 1.20621564292e-07, 2.80540888298e-07, 1.45496912296e-07, 8.7042522523e-08, 6.6898849127e-08, 6.87719037273e-08, 3.23953557313e-08, 1.36178721633e-08, 3.03252090106e-09, 2.08223785436e-10],
        "dvar2": [6.83635676069e-07, 8.16284518805e-05, 8.49074494909e-05, 1.27666207845e-05, 6.23661399004e-05, 2.48546220973e-05, 5.65947584619e-06, 2.01897819352e-06, 2.85179953607e-06, 1.25508802284e-06, 3.17989020004e-06, 2.55369673141e-06, 5.40283872397e-06, 4.00254293709e-06, 1.97786152967e-06, 7.07199944827e-07, 4.61462718704e-07, 3.23602165508e-07, 6.01084764185e-07, 3.94898563627e-07, 2.38413534248e-07, 1.71582016151e-07, 1.85509108519e-07, 7.67713075334e-08, 3.18147996836e-08, 6.81066758546e-09, 5.39794930976e-10],
        "max": [0.00749140232801, 0.0434256419539, 0.0415952652693, 0.0240042451769, 0.0431514941156, 0.0323577523232, 0.0266075469553, 0.022998880595, 0.0192922297865, 0.0159046947956, 0.020386300981, 0.0154948765412, 0.0273019969463, 0.0219119358808, 0.023649636656, 0.00995137076825, 0.0148149812594, 0.00717154610902, 0.0111520728096, 0.00952100381255, 0.00920906011015, 0.00352939334698, 0.00387501204386, 0.00227582058869, 0.00191915687174, 0.000559109146707, 0.000207830511499],
        "mean": [0.000266411778284, 0.00523435417563, 0.00314556364901, 0.00103825738188, 0.00208706269041, 0.00168769608717, 0.00117746356409, 0.000605502398685, 0.00106608634815, 0.000495958491229, 0.000706173188519, 0.000608766276855, 0.000899278791621, 0.000767227611504, 0.000642415194307, 0.000421540637035, 0.000352665258106, 0.000344998872606, 0.000491083483212, 0.000538998283446, 0.000511449004989, 0.000501326867379, 0.000421813660068, 0.000348474248312, 0.000215574153117, 0.000101392673969, 2.2246478693e-05],
        "median": [0.000106459694507, 0.00366850313731, 0.000498312117998, 0.000231678699492, 0.000743428885471, 0.000716185953934, 0.000647575827315, 0.000339401885867, 0.000473484949907, 0.000200561742531, 0.00021467175975, 0.000196798762772, 0.000265588256298, 0.000283034169115, 0.000288896262646, 0.000237833941355, 0.00020381314971, 0.000174911067006, 0.000229530967772, 0.000280882231891, 0.000268890726147, 0.000278253428405, 0.000199117392185, 0.000175161345396, 0.000120455515571, 6.35277756373e-05, 1.00040597317e-05],
        "min": [9.47923958529e-25, 2.70308218162e-24, 7.62775986795e-25, 5.86341624708e-25, 1.15333799372e-23, 7.75840519322e-24, 8.59251910427e-24, 1.63813814282e-23, 2.46550413768e-23, 2.3998117458e-23, 6.74252668556e-24, 2.8515374815e-23, 4.02612865018e-23, 2.93283717085e-23, 5.1118319187e-23, 6.18458808649e-23, 7.49084897549e-23, 1.00939952994e-22, 9.77937169577e-23, 9.70235047243e-23, 2.49867993549e-22, 3.54300883792e-22, 3.83995880184e-22, 6.60919581349e-22, 8.98262609425e-22, 1.42238300654e-21, 1.83029846204e-21],
        "var": [2.17987377482e-07, 3.82432772312e-05, 3.49311449099e-05, 3.92804577132e-06, 1.52098236867e-05, 8.30818407849e-06, 2.39698601945e-06, 8.49073273912e-07, 2.13908015212e-06, 8.04069941296e-07, 2.10754433283e-06, 1.54898486926e-06, 3.35480899594e-06, 2.29380657402e-06, 1.32787181428e-06, 3.86635093719e-07, 2.85538675371e-07, 2.51893453651e-07, 7.31160923806e-07, 4.6144486987e-07, 3.45276959024e-07, 3.08953559625e-07, 2.36034594536e-07, 1.47952590623e-07, 5.4224777557e-08, 1.17483214268e-08, 7.24125592821e-10]
    },
    "erbbands": {
        "dmean": [0.0786850079894, 0.975547254086, 3.63422036171, 3.11868786812, 4.5517578125, 8.66061782837, 13.3328742981, 11.5386352539, 11.1851654053, 11.9159126282, 8.93013095856, 14.8701238632, 10.801574707, 10.6548566818, 17.2611293793, 13.9060783386, 27.5375118256, 19.624256134, 16.8519592285, 28.0367450714, 12.7476930618, 11.8095607758, 9.04355812073, 11.609662056, 10.0919218063, 11.1153669357, 8.03199291229, 7.78543758392, 6.52475738525, 6.26482772827, 4.65251684189, 3.32597112656, 1.65674436092, 1.06853449345, 0.484204888344, 0.2013913095, 0.0608741603792, 0.0171158015728, 0.00146795995533, 2.69136035058e-05],
        "dmean2": [0.134232267737, 1.58200442791, 5.65351867676, 5.12173509598, 8.18001079559, 16.0394992828, 24.1426239014, 20.1715373993, 19.5647068024, 19.3119544983, 15.2426900864, 24.253616333, 17.6741123199, 17.6929416656, 28.3089408875, 23.002538681, 45.6356201172, 31.9811115265, 28.5752754211, 45.5803222656, 21.2550983429, 19.7632331848, 15.1805334091, 19.0634613037, 16.1368980408, 18.3797588348, 13.3833217621, 12.911488533, 10.6126861572, 9.69750785828, 7.87956762314, 5.30696392059, 2.45928311348, 1.71232688427, 0.752196907997, 0.304329961538, 0.0950923115015, 0.0272507239133, 0.00241459044628, 4.33914428868e-05],
        "dvar": [0.0119156893343, 2.261759758, 35.2202262878, 32.7489547729, 75.8652267456, 335.821563721, 862.371826172, 534.370117188, 501.09854126, 378.732727051, 331.752044678, 681.123168945, 383.293823242, 414.785522461, 1312.7824707, 917.343322754, 4829.55322266, 2073.08056641, 2111.64501953, 4304.38330078, 874.165466309, 516.830566406, 263.180877686, 561.953674316, 372.423980713, 423.546142578, 170.765213013, 174.073150635, 93.1476745605, 88.3537979126, 63.2327384949, 30.6390419006, 5.57211065292, 2.67784190178, 0.498802602291, 0.0838969647884, 0.00747148692608, 0.000651851645671, 4.95106769449e-06, 1.42738787456e-09],
        "dvar2": [0.032453276217, 5.72820663452, 83.8123855591, 76.5202560425, 209.703308105, 969.865844727, 2484.00634766, 1459.37231445, 1408.64782715, 1027.05334473, 930.355163574, 1717.0838623, 1003.31958008, 1121.20690918, 3414.84130859, 2502.08544922, 12771.9277344, 5425.15380859, 5904.36572266, 11018.015625, 2383.41894531, 1400.74267578, 719.50604248, 1302.18395996, 844.627380371, 1161.23669434, 466.736968994, 479.042449951, 241.359893799, 213.24647522, 178.005569458, 80.4125289917, 12.1183290482, 6.49293375015, 1.17029941082, 0.186261802912, 0.0175057649612, 0.00159129686654, 1.30936296046e-05, 3.5837810497e-09],
        "max": [1.25732219219, 11.9370307922, 42.1317977905, 70.877571106, 106.453819275, 189.892715454, 314.81362915, 339.130065918, 265.470275879, 417.591522217, 344.194244385, 486.655090332, 367.165649414, 478.411315918, 647.736572266, 583.596679688, 1343.39465332, 968.34576416, 902.821655273, 1860.64367676, 675.43157959, 578.773132324, 386.75958252, 490.391601562, 329.475708008, 574.443725586, 236.428359985, 463.202301025, 183.863006592, 121.23991394, 127.979721069, 76.3029022217, 30.6519393921, 23.6467208862, 9.86233043671, 3.89268255234, 1.09184730053, 0.366311043501, 0.0328118167818, 0.000503650750034],
        "mean": [0.122457586229, 1.28444623947, 3.7169816494, 3.57776975632, 4.13378238678, 7.83666992188, 12.4926338196, 13.2675895691, 13.8078451157, 19.9802188873, 13.8503389359, 23.6438179016, 18.7774047852, 18.6954727173, 28.7482032776, 24.4185409546, 44.0071029663, 33.2226982117, 27.4432697296, 44.1683082581, 22.6685600281, 21.357503891, 18.5178432465, 24.2584857941, 23.6571102142, 25.8582839966, 21.2159099579, 19.9590015411, 17.6127243042, 15.8368854523, 11.8640975952, 8.51742649078, 4.90826940536, 2.81903767586, 1.31319308281, 0.511783242226, 0.166224420071, 0.0454016290605, 0.00335483788513, 9.05907290871e-05],
        "median": [0.0875002294779, 0.806046068668, 0.84495818615, 0.860302627087, 1.25819921494, 2.81549525261, 4.86746644974, 5.80806732178, 5.98315000534, 12.3215274811, 7.39063549042, 10.1443853378, 9.55197620392, 8.30749511719, 10.726770401, 9.2340631485, 13.7250299454, 13.7425260544, 12.134349823, 19.6807537079, 13.3484144211, 12.9015293121, 10.2969837189, 11.799325943, 11.2521505356, 13.0974111557, 11.3366622925, 10.0933523178, 9.84508323669, 8.28862380981, 5.34852266312, 3.89215016365, 2.62331867218, 1.45807147026, 0.843691706657, 0.327404379845, 0.101333156228, 0.0243495795876, 0.00146655377466, 5.59999680263e-05],
        "min": [8.43592264152e-23, 4.08579007423e-22, 2.756201142e-21, 5.10494797765e-21, 1.14126682647e-20, 3.50764904777e-20, 9.03534940711e-20, 5.02054300109e-20, 1.39535288074e-19, 1.49631285944e-19, 2.9080188424e-19, 4.43920227604e-19, 8.32206923846e-19, 7.78495501734e-19, 7.14867476547e-19, 1.40684221265e-18, 1.94994284327e-18, 1.34054885644e-18, 2.04484610213e-18, 2.97125447378e-18, 4.69431780505e-18, 5.57401487392e-18, 5.46935129743e-18, 4.15710122032e-18, 6.35537795235e-18, 5.43494430626e-18, 9.83043442962e-18, 1.14813851891e-17, 1.21483682139e-17, 1.22781602967e-17, 1.23556902811e-17, 1.18092464967e-17, 9.15531525626e-18, 8.61235059345e-18, 6.99073662162e-18, 3.97276815672e-18, 2.41492009074e-18, 1.09366191337e-18, 2.22643235741e-19, 2.83785408704e-20],
        "var": [0.0183139406145, 2.7034099102, 41.1425361633, 36.2849388123, 59.7652244568, 230.153656006, 590.385070801, 523.752502441, 527.085388184, 571.083007812, 412.0440979, 1186.66589355, 715.64654541, 812.501708984, 2526.65161133, 1675.6583252, 7997.40429688, 3626.99169922, 3101.33447266, 6841.91162109, 1299.51928711, 896.833374023, 621.184020996, 1479.61682129, 1159.45654297, 1207.70178223, 596.724487305, 559.635620117, 405.17779541, 333.664672852, 187.793991089, 98.0584106445, 28.1582012177, 9.70628738403, 1.92323601246, 0.305560857058, 0.0318466983736, 0.0025968409609, 1.62505439221e-05, 8.06540700893e-09]
    },
    "gfcc": {
        "mean": [6.32308673859, 52.1524238586, -114.6902771, 27.2999897003, -62.9592170715, 10.9991989136, -38.3199310303, 8.54245376587, -20.4958496094, 11.7663526535, -15.6482114792, 5.31164503098, -10.1431856155],
        "cov": [[17969.3652344, -858.400146484, 1599.64587402, 1848.98059082, 683.351013184, 2054.3359375, 851.229309082, 577.084777832, -284.425079346, -6.48547840118, -136.605911255, 59.7099952698, -539.188476562], [-858.400146484, 1081.07727051, -148.544647217, -236.993743896, 53.617515564, -203.068786621, -46.3079528809, -25.0620822906, 14.9272947311, -11.1983385086, 76.6564788818, -16.8048057556, 74.7129135132], [1599.64587402, -148.544647217, 1561.7689209, 730.631958008, 527.157592773, 753.991271973, 296.981536865, 245.370986938, -40.5224990845, -62.2517585754, -80.6183929443, 23.5201625824, -122.182365417], [1848.98059082, -236.993743896, 730.631958008, 698.204711914, 393.049743652, 547.052246094, 263.951934814, 186.674285889, 9.56462287903, 3.66616868973, -77.0422897339, -5.72715568542, -105.757644653], [683.351013184, 53.617515564, 527.157592773, 393.049743652, 513.48248291, 445.608642578, 222.840423584, 151.645507812, 33.5017242432, 14.3002300262, -37.7064399719, -17.5644454956, -58.9594154358], [2054.3359375, -203.068786621, 753.991271973, 547.052246094, 445.608642578, 686.011779785, 310.442169189, 189.760757446, 1.93271267414, 3.449436903, -50.5496902466, 4.3886590004, -113.841659546], [851.229309082, -46.3079528809, 296.981536865, 263.951934814, 222.840423584, 310.442169189, 242.620300293, 132.040237427, 7.58460474014, 3.28725671768, 3.88829851151, 1.78365814686, -59.1211776733], [577.084777832, -25.0620822906, 245.370986938, 186.674285889, 151.645507812, 189.760757446, 132.040237427, 152.744308472, 31.2800617218, 13.6222763062, -5.09810781479, 18.1086654663, -20.5419616699], [-284.425079346, 14.9272947311, -40.5224990845, 9.56462287903, 33.5017242432, 1.93271267414, 7.58460474014, 31.2800617218, 100.836479187, 51.4432220459, 3.92948389053, 8.8594379425, 25.8840732574], [-6.48547840118, -11.1983385086, -62.2517585754, 3.66616868973, 14.3002300262, 3.449436903, 3.28725671768, 13.6222763062, 51.4432220459, 86.1658172607, 30.4112377167, 7.38199663162, 9.20691871643], [-136.605911255, 76.6564788818, -80.6183929443, -77.0422897339, -37.7064399719, -50.5496902466, 3.88829851151, -5.09810781479, 3.92948389053, 30.4112377167, 88.4618148804, 30.3194541931, 9.38485527039], [59.7099952698, -16.8048057556, 23.5201625824, -5.72715568542, -17.5644454956, 4.3886590004, 1.78365814686, 18.1086654663, 8.8594379425, 7.38199663162, 30.3194541931, 73.589225769, 34.8329391479], [-539.188476562, 74.7129135132, -122.182365417, -105.757644653, -58.9594154358, -113.841659546, -59.1211776733, -20.5419616699, 25.8840732574, 9.20691871643, 9.38485527039, 34.8329391479, 88.284614563]],
        "icov": [[0.000149012746988, -0.000124181809952, 0.000245096482104, -0.000299936829833, 0.000442120828666, -0.00079041410936, 0.000393007590901, -0.000413149158703, 0.000543163099792, -0.000179943133844, 8.61386724864e-05, -0.000277336250292, 0.000397946918383], [-0.000124181809952, 0.00151032174472, -0.000378475873731, 0.000656336778775, -0.00139268534258, 0.00136324099731, -0.000444470235379, 0.000145975427586, -0.000562270462979, 0.00105505739339, -0.00178974564187, 0.00164138234686, -0.00161254941486], [0.000245096482104, -0.000378475873731, 0.002312454395, -0.00152153894305, 0.000511205813382, -0.00300850952044, 0.0024707429111, -0.00197831285186, 0.0013761742739, 0.00132607796695, -0.000546160386875, -0.000814045371953, 0.000688564206939], [-0.000299936829833, 0.000656336778775, -0.00152153894305, 0.00590896885842, -0.00177787791472, 0.000720897340216, -0.00250266608782, 0.000148156439536, -0.000922685139813, -0.00158209784422, 0.00319473748095, -0.000639907550067, 0.0010345998453], [0.000442120828666, -0.00139268534258, 0.000511205813382, -0.00177787791472, 0.00747184222564, -0.00552683742717, 0.000562676985282, -0.00181737937964, 0.000424831436248, -0.000983270234428, 0.000518252549227, 0.00160959770437, -0.000438529154053], [-0.00079041410936, 0.00136324099731, -0.00300850952044, 0.000720897340216, -0.00552683742717, 0.0136528247967, -0.00815814081579, 0.00392228830606, -0.00216647353955, -0.00169751781505, 0.00285526691005, -0.00240467884578, 0.00153985188808], [0.000393007590901, -0.000444470235379, 0.0024707429111, -0.00250266608782, 0.000562676985282, -0.00815814081579, 0.0176447741687, -0.0091415932402, 0.00136569002643, 0.00421256059781, -0.00725755421445, 0.00267452653497, 0.00161937135272], [-0.000413149158703, 0.000145975427586, -0.00197831285186, 0.000148156439536, -0.00181737937964, 0.00392228830606, -0.0091415932402, 0.0176167022437, -0.00538025284186, -0.000989783206023, 0.00236856006086, -0.00377657846548, -0.000467049772851], [0.000543163099792, -0.000562270462979, 0.0013761742739, -0.000922685139813, 0.000424831436248, -0.00216647353955, 0.00136569002643, -0.00538025284186, 0.0200155675411, -0.0111268861219, 0.00397314364091, -0.00109126686584, -0.00295456824824], [-0.000179943133844, 0.00105505739339, 0.00132607796695, -0.00158209784422, -0.000983270234428, -0.00169751781505, 0.00421256059781, -0.000989783206023, -0.0111268861219, 0.0236975606531, -0.0120595749468, 0.00478295702487, -0.00212094187737], [8.61386724864e-05, -0.00178974564187, -0.000546160386875, 0.00319473748095, 0.000518252549227, 0.00285526691005, -0.00725755421445, 0.00236856006086, 0.00397314364091, -0.0120595749468, 0.0255090054125, -0.0139373708516, 0.00771090621129], [-0.000277336250292, 0.00164138234686, -0.000814045371953, -0.000639907550067, 0.00160959770437, -0.00240467884578, 0.00267452653497, -0.00377657846548, -0.00109126686584, 0.00478295702487, -0.0139373708516, 0.0288364682347, -0.0161643512547], [0.000397946918383, -0.00161254941486, 0.000688564206939, 0.0010345998453, -0.000438529154053, 0.00153985188808, 0.00161937135272, -0.000467049772851, -0.00295456824824, -0.00212094187737, 0.00771090621129, -0.0161643512547, 0.0266283378005]]
    },
    "melbands": {
        "dmean": [0.000875653233379, 0.00153751729522, 0.000538471678738, 0.000457983434899, 0.000452223670436, 0.000268390896963, 0.000163989301655, 0.000119957090646, 7.70400365582e-05, 9.4467519375e-05, 5.56418708584e-05, 4.41476222477e-05, 7.05709171598e-05, 4.0585102397e-05, 6.5072948928e-05, 4.89424128318e-05, 3.73651237169e-05, 3.44320505974e-05, 2.9397155231e-05, 2.88308656309e-05, 1.46609181684e-05, 1.40258234751e-05, 8.03257898951e-06, 1.2037245142e-05, 1.0144602129e-05, 9.36625838222e-06, 8.5864267021e-06, 7.8125640357e-06, 6.4481669142e-06, 4.48041555501e-06, 4.97815972267e-06, 4.18964054916e-06, 4.33401510236e-06, 3.647886615e-06, 2.90756770482e-06, 2.64102027359e-06, 2.00979025067e-06, 1.26624206587e-06, 1.14624299385e-06, 9.84658981906e-07],
        "dmean2": [0.00147677585483, 0.00236767460592, 0.000865767069627, 0.000840051390696, 0.000821960973553, 0.000468077021651, 0.000285181769868, 0.000195615939447, 0.000130847562104, 0.000153115048306, 9.11566021387e-05, 7.36864385544e-05, 0.000114979106002, 6.71173402225e-05, 0.00010762023885, 8.08922559372e-05, 6.11494906479e-05, 5.85601264902e-05, 4.8368347052e-05, 4.72436368e-05, 2.44269212999e-05, 2.35858933593e-05, 1.34376941787e-05, 1.99868718482e-05, 1.67160287674e-05, 1.53711789608e-05, 1.4176476725e-05, 1.2967123439e-05, 1.08438580355e-05, 7.4312297329e-06, 8.33657668409e-06, 6.89272701493e-06, 7.03898513166e-06, 5.73892293687e-06, 5.02000057168e-06, 4.4163198254e-06, 3.23016251969e-06, 1.96949099518e-06, 1.68208600826e-06, 1.69757663571e-06],
        "dvar": [1.488669227e-06, 5.75157037019e-06, 9.07780531634e-07, 8.13498388652e-07, 9.86495024335e-07, 2.7072584885e-07, 1.04516708177e-07, 4.02324324966e-08, 2.26110152823e-08, 2.70115556589e-08, 1.05574322617e-08, 7.32833926875e-09, 2.62144013163e-08, 1.15047615878e-08, 2.45335858295e-08, 1.16556222451e-08, 6.98269397859e-09, 1.06108979381e-08, 3.73889008642e-09, 3.82214704331e-09, 1.2658868398e-09, 7.31975924317e-10, 4.53996507055e-10, 6.20858642275e-10, 4.73380390442e-10, 3.64080626758e-10, 2.4347548977e-10, 1.91504770375e-10, 1.30520538821e-10, 4.65752401924e-11, 8.55612733441e-11, 4.2664222849e-11, 4.43450311194e-11, 3.27089466623e-11, 2.50042868355e-11, 2.06840568978e-11, 1.0240999021e-11, 3.31781932657e-12, 2.62796577034e-12, 2.5024507206e-12],
        "dvar2": [3.99171085519e-06, 1.32165805553e-05, 2.05936271414e-06, 2.31461513067e-06, 2.84738416667e-06, 7.39600693578e-07, 2.96371723607e-07, 1.09668896187e-07, 6.34256878129e-08, 6.79970000306e-08, 2.75976344e-08, 1.9871190915e-08, 6.76539499977e-08, 2.94122468603e-08, 6.59319923102e-08, 3.13747818836e-08, 1.84441724116e-08, 2.96180910908e-08, 9.51810186223e-09, 1.00093844324e-08, 3.40888073325e-09, 1.984695297e-09, 1.23655596873e-09, 1.65914337824e-09, 1.11014997195e-09, 8.51174908334e-10, 6.40939412655e-10, 5.27533017269e-10, 3.59983404197e-10, 1.28225124962e-10, 2.36337838189e-10, 1.09454841024e-10, 1.1324965965e-10, 8.08997382973e-11, 7.24119375572e-11, 5.69927056937e-11, 2.68487142241e-11, 7.92361141977e-12, 5.59028821498e-12, 6.91244457507e-12],
        "max": [0.00994429737329, 0.0165686681867, 0.0112121971324, 0.0120674949139, 0.00988091807812, 0.00700775161386, 0.00420040311292, 0.00393268978223, 0.00259269634262, 0.00304223131388, 0.00206673680805, 0.00213070609607, 0.00305662327446, 0.00208178395405, 0.0025616993662, 0.00169048283715, 0.00164943374693, 0.00208965828642, 0.00167708122171, 0.00168731238227, 0.000810316647403, 0.00063631386729, 0.00100630731322, 0.000536139821634, 0.000455463683465, 0.00035730615491, 0.000274709338555, 0.000356945121894, 0.000222767062951, 0.000103192374809, 0.000411769462517, 0.000126155238831, 9.39373348956e-05, 8.93734541023e-05, 7.38832022762e-05, 5.66534981772e-05, 4.04442689614e-05, 2.69892880169e-05, 1.71278115886e-05, 2.42428941419e-05],
        "mean": [0.00130300712772, 0.00190732732881, 0.000643037026748, 0.000418455194449, 0.000432999251643, 0.000309023133013, 0.000211007660255, 0.000201540839043, 0.000115049821034, 0.000151064639795, 9.30828755372e-05, 7.45872675907e-05, 0.00010964134708, 6.22594670858e-05, 9.84852740658e-05, 8.01863861852e-05, 5.98823535256e-05, 4.86378703499e-05, 4.70325139759e-05, 4.5933342335e-05, 2.27514301514e-05, 2.27840828302e-05, 1.48560602611e-05, 2.00223021238e-05, 1.93173946172e-05, 1.89237143786e-05, 1.7219235815e-05, 1.66222471307e-05, 1.43388433571e-05, 1.09077045636e-05, 1.14995555123e-05, 9.82103938441e-06, 9.99361873255e-06, 8.38937558001e-06, 6.95919561622e-06, 5.77833270654e-06, 4.91359651278e-06, 3.46294973497e-06, 2.92469303531e-06, 2.17222486754e-06],
        "median": [0.00100313103758, 0.000721133721527, 0.000170640123542, 0.000135565220262, 0.000175981083885, 0.000137588533107, 9.95704176603e-05, 0.000123937104945, 5.39657266927e-05, 6.37624689261e-05, 4.47645034001e-05, 3.1854462577e-05, 3.58806064469e-05, 1.82710136869e-05, 2.78130864899e-05, 2.81409720628e-05, 2.28694188991e-05, 1.63177537615e-05, 2.22847156692e-05, 2.11234473682e-05, 1.13829155453e-05, 1.29256031869e-05, 7.55441578804e-06, 9.20654929359e-06, 8.77440652403e-06, 8.93341075425e-06, 7.50046319808e-06, 8.54945392348e-06, 7.42982228985e-06, 5.72643375563e-06, 5.77953551328e-06, 5.00398482473e-06, 5.20688990946e-06, 4.20920059696e-06, 3.19632908941e-06, 2.42224678004e-06, 2.33927676163e-06, 1.87909404303e-06, 1.49101458646e-06, 1.09662767045e-06],
        "min": [1.29435074594e-24, 6.50070788316e-25, 1.30924996186e-24, 1.22549295107e-24, 3.32150594118e-24, 1.03576736741e-24, 2.01600918229e-24, 2.03469670549e-24, 2.52662346346e-24, 2.65880085521e-24, 3.73832978831e-24, 3.16623523807e-24, 1.25825641522e-24, 3.71980851755e-24, 2.22075763581e-24, 4.02531896335e-24, 1.97263504593e-24, 2.70933607366e-24, 3.75449394269e-24, 3.55597512374e-24, 5.56162912614e-24, 4.83219824051e-24, 5.37457600602e-24, 4.87969082244e-24, 3.03786449461e-24, 3.49094853046e-24, 4.58773734573e-24, 2.5269297387e-24, 4.5091309064e-24, 5.18736038055e-24, 5.84200054705e-24, 6.17823870283e-24, 5.20421360493e-24, 5.66160186309e-24, 6.31543305273e-24, 6.68860725382e-24, 5.85712143288e-24, 5.72671325892e-24, 6.20099576223e-24, 6.23208003734e-24],
        "var": [2.00699696506e-06, 7.75230819272e-06, 1.0843017435e-06, 5.99473480634e-07, 6.70080908094e-07, 2.68067879006e-07, 1.0682791185e-07, 5.88521658074e-08, 2.97979916297e-08, 4.76234411906e-08, 1.93496347833e-08, 1.37779903042e-08, 4.65498075641e-08, 1.87699455978e-08, 3.99001578444e-08, 2.05990211555e-08, 1.20931185066e-08, 1.46736205409e-08, 6.32190344518e-09, 6.12630079999e-09, 1.78120329597e-09, 1.15900733455e-09, 7.70349062318e-10, 1.13692921744e-09, 1.11087428145e-09, 9.40064137644e-10, 6.07107253359e-10, 5.08279973666e-10, 3.25868748652e-10, 1.61466409687e-10, 2.07488123904e-10, 1.44919909406e-10, 1.38182007503e-10, 1.03514169458e-10, 6.71301000899e-11, 4.89362404765e-11, 3.29221302997e-11, 1.43821595258e-11, 1.06123269894e-11, 6.22839063311e-12]
    },
    "mfcc": {
        "mean": [-636.030151367, 88.8763122559, 1.16589558125, 16.4327983856, -3.40244317055, 3.59991264343, -4.95494699478, -3.53566718102, -0.937950193882, 3.09700679779, 0.715672254562, 0.407186061144, 2.63073420525],
        "cov": [[12364.1005859, -954.644470215, 1478.53503418, 584.818847656, 750.768066406, 1382.91271973, 1268.92651367, 1093.21569824, 327.594604492, 462.820587158, 217.799987793, 210.560821533, -100.06741333], [-954.644470215, 1089.47900391, -233.528213501, -91.9220657349, -22.7948112488, -198.862701416, -98.4327468872, -121.101966858, -60.6522979736, -56.6664123535, -18.3501911163, 9.07120990753, 1.87471234798], [1478.53503418, -233.528213501, 1156.61206055, 319.365905762, 482.875793457, 455.679412842, 421.576721191, 397.964019775, 190.342880249, 112.520942688, 65.9167098999, -0.970539927483, -34.5463294983], [584.818847656, -91.9220657349, 319.365905762, 291.980773926, 223.925430298, 206.034255981, 190.797576904, 165.09085083, 115.64201355, 78.9204864502, 56.9789047241, 12.1290369034, -6.23014354706], [750.768066406, -22.7948112488, 482.875793457, 223.925430298, 444.589233398, 345.170410156, 307.597839355, 248.856292725, 171.756256104, 115.51133728, 79.6927185059, 3.30056357384, 0.769358158112], [1382.91271973, -198.862701416, 455.679412842, 206.034255981, 345.170410156, 450.48550415, 350.395843506, 277.717834473, 166.12387085, 129.251342773, 92.9504241943, 28.4315776825, -2.87018895149], [1268.92651367, -98.4327468872, 421.576721191, 190.797576904, 307.597839355, 350.395843506, 397.916687012, 294.303527832, 138.345397949, 114.922225952, 83.1081237793, 47.3611183167, -12.3478012085], [1093.21569824, -121.101966858, 397.964019775, 165.09085083, 248.856292725, 277.717834473, 294.303527832, 302.30090332, 145.050750732, 88.9791564941, 58.789604187, 34.0587272644, -6.84547138214], [327.594604492, -60.6522979736, 190.342880249, 115.64201355, 171.756256104, 166.12387085, 138.345397949, 145.050750732, 163.046890259, 80.4493560791, 42.5089187622, 4.35520839691, 12.892329216], [462.820587158, -56.6664123535, 112.520942688, 78.9204864502, 115.51133728, 129.251342773, 114.922225952, 88.9791564941, 80.4493560791, 113.243988037, 56.194229126, 21.7327899933, 3.31822490692], [217.799987793, -18.3501911163, 65.9167098999, 56.9789047241, 79.6927185059, 92.9504241943, 83.1081237793, 58.789604187, 42.5089187622, 56.194229126, 87.5043716431, 33.2503738403, 8.18386363983], [210.560821533, 9.07120990753, -0.970539927483, 12.1290369034, 3.30056357384, 28.4315776825, 47.3611183167, 34.0587272644, 4.35520839691, 21.7327899933, 33.2503738403, 78.4685668945, 16.0318546295], [-100.06741333, 1.87471234798, -34.5463294983, -6.23014354706, 0.769358158112, -2.87018895149, -12.3478012085, -6.84547138214, 12.892329216, 3.31822490692, 8.18386363983, 16.0318546295, 79.1268310547]],
