{
"lowlevel": {
    "average_loudness": 0.950466394424,
    "barkbands_crest": {
        "dmean": 3.66177344322,
        "dmean2": 5.56714105606,
        "dvar": 11.7815160751,
        "dvar2": 24.8668308258,
        "max": 26.9137516022,
        "mean": 13.2815027237,
        "median": 13.4830226898,
        "min": 2.00554060936,
        "var": 33.9330101013
    },
    "barkbands_flatness_db": {
        "dmean": 0.031119434163,
        "dmean2": 0.0477435961366,
        "dvar": 0.000952892994974,
        "dvar2": 0.0021928504575,
        "max": 0.697378218174,
        "mean": 0.104739353061,
        "median": 0.0970153808594,
        "min": 0.0106732733548,
        "var": 0.00317758019082
    },
    "barkbands_kurtosis": {
        "dmean": 11.1097583771,
        "dmean2": 16.7306232452,
        "dvar": 57506.6171875,
        "dvar2": 127239.5,
        "max": 21979.1152344,
        "mean": 11.7514305115,
        "median": 1.65665245056,
        "min": -1.89153313637,
        "var": 74433.2578125
    },
    "barkbands_skewness": {
        "dmean": 0.94412124157,
        "dmean2": 1.47435760498,
        "dvar": 3.55441951752,
        "dvar2": 7.91776514053,
        "max": 134.41809082,
        "mean": 2.06592941284,
        "median": 1.69683897495,
        "min": -2.27427482605,
        "var": 7.40290117264
    },
    "barkbands_spread": {
        "dmean": 12.1824836731,
        "dmean2": 19.803730011,
        "dvar": 159.564590454,
        "dvar2": 385.207244873,
        "max": 114.472389221,
        "mean": 39.4661102295,
        "median": 37.5846214294,
        "min": 0.0202612429857,
        "var": 427.126617432
    },
    "dissonance": {
        "dmean": 0.0097588961944,
        "dmean2": 0.0168977621943,
        "dvar": 0.000122398982057,
        "dvar2": 0.000343470135704,
        "max": 0.500000178814,
        "mean": 0.486213833094,
        "median": 0.489079415798,
        "min": 0.194914698601,
        "var": 0.000153964690981
    },
    "dynamic_complexity": 2.67073059082,
    "erbbands_crest": {
        "dmean": 2.18953704834,
        "dmean2": 3.60979151726,
        "dvar": 6.37550926208,
        "dvar2": 15.3789739609,
        "max": 28.9636306763,
        "mean": 6.0243768692,
        "median": 4.95889663696,
        "min": 1.9807472229,
        "var": 11.5268707275
    },
    "erbbands_flatness_db": {
        "dmean": 0.011826954782,
        "dmean2": 0.0188337434083,
        "dvar": 0.000125964084873,
        "dvar2": 0.000301672087517,
        "max": 0.265360504389,
        "mean": 0.0919135287404,
        "median": 0.0849766731262,
        "min": 0.0332395583391,
        "var": 0.00094622297911
    },
    "erbbands_kurtosis": {
        "dmean": 0.632430016994,
        "dmean2": 1.05884766579,
        "dvar": 0.501243531704,
        "dvar2": 1.34558916092,
        "max": 10.0048913956,
        "mean": -0.214892402291,
        "median": -0.432646632195,
        "min": -1.70687925816,
        "var": 0.865408539772
    },
    "erbbands_skewness": {
        "dmean": 0.337254017591,
        "dmean2": 0.542872786522,
        "dvar": 0.0919917747378,
        "dvar2": 0.238732933998,
        "max": 2.59758687019,
        "mean": -0.341790705919,
        "median": -0.331170797348,
        "min": -2.61690068245,
        "var": 0.279021054506
    },
    "erbbands_spread": {
        "dmean": 11.6627645493,
        "dmean2": 18.8285999298,
        "dvar": 127.649597168,
        "dvar2": 332.255645752,
        "max": 183.82649231,
        "mean": 55.4801139832,
        "median": 54.0812644958,
        "min": 12.4144639969,
        "var": 293.503692627
    },
    "hfc": {
        "dmean": 25.9921474457,
        "dmean2": 44.5985488892,
        "dvar": 2161.46655273,
        "dvar2": 5833.35400391,
        "max": 362.611358643,
        "mean": 51.7148628235,
        "median": 38.863735199,
        "min": 1.08207161993e-16,
        "var": 2642.92504883
    },
    "melbands_crest": {
        "dmean": 4.71305036545,
        "dmean2": 6.9797668457,
        "dvar": 21.7111988068,
        "dvar2": 46.3279953003,
        "max": 39.9964599609,
        "mean": 22.1957950592,
        "median": 23.2387886047,
        "min": 1.66506695747,
        "var": 74.6429824829
    },
    "melbands_flatness_db": {
        "dmean": 0.0423886179924,
        "dmean2": 0.0667380318046,
        "dvar": 0.00163389893714,
        "dvar2": 0.00378048815764,
        "max": 0.680540382862,
        "mean": 0.177895665169,
        "median": 0.172867000103,
        "min": 0.00338297639973,
        "var": 0.00528382044286
    },
    "melbands_kurtosis": {
        "dmean": 29.4723510742,
        "dmean2": 45.0090332031,
        "dvar": 156340.515625,
        "dvar2": 314727.4375,
        "max": 38447.0195312,
        "mean": 41.6391029358,
        "median": 17.9608383179,
        "min": -1.70229744911,
        "var": 224272.515625
    },
    "melbands_skewness": {
        "dmean": 1.56830453873,
        "dmean2": 2.42390608788,
        "dvar": 5.94570112228,
        "dvar2": 12.1781721115,
        "max": 187.419174194,
        "mean": 4.5919175148,
        "median": 4.02350616455,
        "min": -1.0741994381,
        "var": 14.5780735016
    },
    "melbands_spread": {
        "dmean": 16.2162628174,
        "dmean2": 27.4355239868,
        "dvar": 511.646728516,
        "dvar2": 1316.17492676,
        "max": 191.148300171,
        "mean": 29.9580192566,
        "median": 23.3866157532,
        "min": 0.0214288681746,
        "var": 703.145080566
    },
    "pitch_salience": {
        "dmean": 0.111558124423,
        "dmean2": 0.169276610017,
        "dvar": 0.0110975578427,
        "dvar2": 0.0251338854432,
        "max": 0.943432688713,
        "mean": 0.460976332426,
        "median": 0.452633023262,
        "min": 0.0011040592799,
        "var": 0.0335022211075
    },
    "silence_rate_20dB": {
        "dmean": 0,
        "dmean2": 0,
        "dvar": 0,
        "dvar2": 0,
        "max": 1,
        "mean": 1,
        "median": 1,
        "min": 1,
        "var": 0
    },
    "silence_rate_30dB": {
        "dmean": 0.0129567245021,
        "dmean2": 0.0259156879038,
        "dvar": 0.0127888089046,
        "dvar2": 0.0309453625232,
        "max": 1,
        "mean": 0.987130761147,
        "median": 1,
        "min": 0,
        "var": 0.0127042587847
    },
    "silence_rate_60dB": {
        "dmean": 0.00604647165164,
        "dmean2": 0.0120939873159,
        "dvar": 0.00601140875369,
        "dvar2": 0.0150634422898,
        "max": 1,
        "mean": 0.0447400249541,
        "median": 0,
        "min": 0,
        "var": 0.0427505895495
    },
    "spectral_centroid": {
        "dmean": 437.72052002,
        "dmean2": 711.206542969,
        "dvar": 176076.140625,
        "dvar2": 452607.21875,
        "max": 11614.1611328,
        "mean": 2339.68554688,
        "median": 2385.55981445,
        "min": 405.35144043,
        "var": 656440.8125
    },
    "spectral_complexity": {
        "dmean": 6.99490356445,
        "dmean2": 11.2610569,
        "dvar": 44.1639060974,
        "dvar2": 102.254364014,
        "max": 64,
        "mean": 29.2749176025,
        "median": 30,
        "min": 0,
        "var": 200.592025757
    },
    "spectral_decrease": {
        "dmean": 3.55482443481e-09,
        "dmean2": 5.47765344194e-09,
        "dvar": 1.38570958848e-17,
        "dvar2": 3.46438361399e-17,
        "max": 1.51341621331e-28,
        "mean": -1.24091439346e-08,
        "median": -1.24826691206e-08,
        "min": -4.88749485328e-08,
        "var": 5.02709289635e-17
    },
    "spectral_energy": {
        "dmean": 0.0133885266259,
        "dmean2": 0.0212107785046,
        "dvar": 0.000196628534468,
        "dvar2": 0.000503198301885,
        "max": 0.188659027219,
        "mean": 0.0515258163214,
        "median": 0.0546340718865,
        "min": 9.93869622886e-21,
        "var": 0.000779449706897
    },
    "spectral_energyband_high": {
        "dmean": 0.00280338246375,
        "dmean2": 0.00485312053934,
        "dvar": 2.9876606277e-05,
        "dvar2": 8.13995065982e-05,
        "max": 0.0424293652177,
        "mean": 0.00483614113182,
        "median": 0.00351273082197,
        "min": 7.2879749533e-21,
        "var": 3.17309059028e-05
    },
    "spectral_energyband_low": {
        "dmean": 0.0146349724382,
        "dmean2": 0.0221021082252,
        "dvar": 0.000237597370869,
        "dvar2": 0.000588133349083,
        "max": 0.179668217897,
        "mean": 0.0347861498594,
        "median": 0.0322925783694,
        "min": 3.40432450332e-23,
        "var": 0.000652290997095
    },
    "spectral_energyband_middle_high": {
        "dmean": 0.00260648457333,
        "dmean2": 0.0043457057327,
        "dvar": 9.86820487014e-06,
        "dvar2": 2.64305617748e-05,
        "max": 0.030341276899,
        "mean": 0.00573048600927,
        "median": 0.00454416917637,
        "min": 1.17171688771e-21,
        "var": 2.13599560084e-05
    },
    "spectral_energyband_middle_low": {
        "dmean": 0.00375303579494,
        "dmean2": 0.00609849207103,
        "dvar": 2.46884483204e-05,
        "dvar2": 5.97367834416e-05,
        "max": 0.0551029443741,
        "mean": 0.00688882730901,
        "median": 0.00530631002039,
        "min": 1.89408065564e-22,
        "var": 4.0518334572e-05
    },
    "spectral_entropy": {
        "dmean": 0.13093957305,
        "dmean2": 0.214143365622,
        "dvar": 0.018693106249,
        "dvar2": 0.0482718609273,
        "max": 9.81303024292,
        "mean": 8.24952220917,
        "median": 8.29401874542,
        "min": 6.53887844086,
        "var": 0.0651303976774
    },
    "spectral_flux": {
        "dmean": 0.0327234864235,
        "dmean2": 0.0484152585268,
        "dvar": 0.00105520011857,
        "dvar2": 0.00195526028983,
        "max": 0.346165686846,
        "mean": 0.117178209126,
        "median": 0.107887238264,
        "min": 6.26579482743e-11,
        "var": 0.00330072129145
    },
    "spectral_kurtosis": {
        "dmean": 0.579670906067,
        "dmean2": 0.955465078354,
        "dvar": 0.433173596859,
        "dvar2": 1.15420377254,
        "max": 14.230348587,
        "mean": 1.97066569328,
        "median": 1.63842773438,
        "min": -1.24524450302,
        "var": 1.74597144127
    },
    "spectral_rms": {
        "dmean": 0.000917926721741,
        "dmean2": 0.00143520638812,
        "dvar": 7.90678882368e-07,
        "dvar2": 1.92416291611e-06,
        "max": 0.013566782698,
        "mean": 0.00671754591167,
        "median": 0.00730078993365,
        "min": 3.11388653577e-12,
        "var": 5.14338171342e-06
    },
    "spectral_rolloff": {
        "dmean": 1359.60778809,
        "dmean2": 2237.87353516,
        "dvar": 2941659.25,
        "dvar2": 6718752.5,
        "max": 19509.0820312,
        "mean": 2250.09472656,
        "median": 1356.59179688,
        "min": 21.533203125,
        "var": 6097881.5
    },
    "spectral_skewness": {
        "dmean": 0.131777703762,
        "dmean2": 0.21539311111,
        "dvar": 0.0158220641315,
        "dvar2": 0.0402275472879,
        "max": 2.60357546806,
        "mean": 1.10320198536,
        "median": 1.06095552444,
        "min": -0.0632760897279,
        "var": 0.0760772973299
    },
    "spectral_spread": {
        "dmean": 575862.9375,
        "dmean2": 914915.3125,
        "dvar": 440018075648,
        "dvar2": 944815079424,
        "max": 42558516,
        "mean": 6544378,
        "median": 6485277,
        "min": 1825017.75,
        "var": 4.75267334144e+12
    },
    "spectral_strongpeak": {
        "dmean": 0.207792103291,
        "dmean2": 0.354376614094,
        "dvar": 0.184836804867,
        "dvar2": 0.522221803665,
        "max": 7.57466173172,
        "mean": 0.417772442102,
        "median": 0.33572602272,
        "min": 0,
        "var": 0.183010593057
    },
    "zerocrossingrate": {
        "dmean": 0.0197509489954,
        "dmean2": 0.0241249147803,
        "dvar": 0.000379531906219,
        "dvar2": 0.000515267427545,
        "max": 0.61083984375,
        "mean": 0.0873430073261,
        "median": 0.07958984375,
        "min": 0,
        "var": 0.0025710593909
    },
    "barkbands": {
        "dmean": [0.0019923010841, 0.013684286736, 0.00278295530006, 0.00125867815223, 0.00197246251628, 0.000867611495778, 0.00044647679897, 0.000342326937243, 0.000437229900854, 0.000596072233748, 0.000415703805629, 0.000409547996242, 0.000341215054505, 0.000320840248605, 0.000380818208214, 0.00026277534198, 0.000305419351207, 0.000353210634785, 0.000405435188441, 0.000341559061781, 0.000382091675419, 0.000542871071957, 0.000839823682327, 0.000558703672141, 0.000346440705471, 0.000253860402154, 5.36028856004e-05],
        "dmean2": [0.00296361441724, 0.0204491335899, 0.00499691581354, 0.00219714734703, 0.00316716195084, 0.00152044754941, 0.00077578087803, 0.000567965267692, 0.000730317202397, 0.000996676739305, 0.00068182166433, 0.000654522853438, 0.000560908694752, 0.000539731117897, 0.000660480000079, 0.000433261622675, 0.000531090423465, 0.000622997293249, 0.000685597071424, 0.000577526923735, 0.000647859007586, 0.000953971291892, 0.00147891335655, 0.000983956851996, 0.000590354611631, 0.000430819374742, 8.99256119737e-05],
        "dvar": [7.41023131923e-06, 0.000229482262512, 2.58857180597e-05, 4.0590257413e-06, 1.12167863335e-05, 1.46577349369e-06, 4.54032544894e-07, 3.0457175626e-07, 4.19799135898e-07, 8.35853711578e-07, 6.34602315586e-07, 5.49534036054e-07, 4.56604169585e-07, 3.72679181737e-07, 5.27856457211e-07, 1.95455484686e-07, 3.05379757037e-07, 3.64580728274e-07, 3.75049211243e-07, 1.93867279563e-07, 2.89699471523e-07, 7.97733434865e-07, 3.93498476114e-06, 1.3118243487e-06, 3.78644330112e-07, 2.1675050732e-07, 7.22359239091e-09],
        "dvar2": [1.69277736859e-05, 0.000553603225853, 7.23508928786e-05, 1.11690378617e-05, 2.51230158028e-05, 4.07526795243e-06, 1.22584344808e-06, 7.43330417663e-07, 1.02677006453e-06, 2.22098606173e-06, 1.51185258801e-06, 1.19582739444e-06, 1.00530553482e-06, 9.11844949769e-07, 1.37934262057e-06, 4.68751608196e-07, 8.44832754865e-07, 1.04066225504e-06, 9.88844931271e-07, 5.23639869243e-07, 7.81015501161e-07, 2.22003109229e-06, 1.09818993224e-05, 3.55517727257e-06, 9.9775434137e-07, 5.77947787406e-07, 1.79812413847e-08],
        "max": [0.0578251704574, 0.166850179434, 0.0437675341964, 0.018494553864, 0.0448585227132, 0.015019855462, 0.0108113465831, 0.00923427101225, 0.00933705456555, 0.0146181704476, 0.0163624007255, 0.0138553269207, 0.0130281392485, 0.0101357819512, 0.0151613336056, 0.0100154606625, 0.00791361834854, 0.0102819856256, 0.0132678085938, 0.00736627168953, 0.00653452519327, 0.0090253977105, 0.016142802313, 0.00955424457788, 0.00543079804629, 0.00353996246122, 0.000861396954861],
        "mean": [0.0039464039728, 0.0276143103838, 0.00271226349287, 0.00144152226858, 0.00237263133749, 0.00108435435686, 0.000538503169082, 0.00051010743482, 0.000591555959545, 0.000866129936185, 0.00056135863997, 0.000628763227724, 0.000467282865429, 0.000419979245635, 0.000484596646857, 0.000418294745032, 0.000444748089649, 0.000527455355041, 0.000696889532264, 0.000703412981238, 0.000717862218153, 0.000948130444158, 0.00107059709262, 0.000787473109085, 0.000564753252547, 0.000341702805599, 6.4749365265e-05],
        "median": [0.00222922954708, 0.0230945907533, 0.0012398371473, 0.000689842621796, 0.00113419722766, 0.000633619260043, 0.000293981400318, 0.00025272287894, 0.000324862310663, 0.0004147090076, 0.000230940029724, 0.000271245255135, 0.000218346103793, 0.000206246986636, 0.000276051461697, 0.000248940690653, 0.000278536317637, 0.000357581768185, 0.000406329811085, 0.000534220016561, 0.000568921968807, 0.000681813340634, 0.000630792696029, 0.000495115062222, 0.000362597987987, 0.000190005259356, 2.23764654947e-05],
        "min": [1.28319526667e-24, 6.74041096061e-24, 1.84690639485e-24, 8.50612838274e-25, 1.36077575295e-23, 1.03167694613e-23, 1.10486312218e-23, 7.12124302893e-24, 1.54348335389e-23, 2.4979438336e-23, 2.32620550132e-23, 2.06017052296e-23, 3.88455651669e-23, 3.79742556753e-23, 5.93475268236e-23, 7.83115536585e-23, 8.80478705882e-23, 1.07473690286e-22, 1.56810515425e-22, 1.79317928741e-22, 2.46084288481e-22, 3.74289508414e-22, 4.15423770482e-22, 6.12928969434e-22, 7.95881489598e-22, 1.38325732318e-21, 2.01126946458e-21],
        "var": [2.74212743534e-05, 0.000542467692867, 2.01902694243e-05, 4.05452010455e-06, 1.56427977345e-05, 1.65342578384e-06, 5.16627380875e-07, 5.9899673488e-07, 6.11759901403e-07, 1.40001111504e-06, 1.03194440726e-06, 1.2395360045e-06, 7.8840059814e-07, 5.19467846516e-07, 5.90750971696e-07, 3.7563739852e-07, 3.42952830579e-07, 4.00200690365e-07, 8.52732625845e-07, 4.41915858573e-07, 4.52874388657e-07, 1.03349213987e-06, 3.14841895488e-06, 1.19530727716e-06, 4.58540711179e-07, 2.16278010612e-07, 1.04091606445e-08]
    },
    "erbbands": {
        "dmean": [0.654630124569, 2.57417798042, 3.31286168098, 3.73913025856, 6.20344877243, 6.18105888367, 6.61859798431, 6.50110721588, 7.00614356995, 6.09301662445, 6.8690237999, 10.1984291077, 17.0528793335, 14.5072870255, 18.1899490356, 18.777305603, 15.8999090195, 16.3298358917, 19.3431854248, 16.6606826782, 12.8698406219, 16.5663566589, 19.295003891, 20.5921268463, 19.7385997772, 16.2109966278, 16.4696235657, 13.419251442, 20.0971679688, 22.5008659363, 25.7192001343, 13.0920476913, 8.14910793304, 4.45387363434, 2.41122221947, 1.27677202225, 0.394933491945, 0.104319944978, 0.00745339179412, 0.000125339633087],
        "dmean2": [0.882394313812, 4.04346466064, 5.72464513779, 6.50198602676, 9.89708423615, 10.3527021408, 11.6881341934, 11.3702583313, 12.1365728378, 10.4121341705, 11.2923603058, 17.1057434082, 28.3310813904, 24.3995800018, 29.5900707245, 29.3882198334, 25.9484596252, 27.4130573273, 33.7087173462, 28.3065738678, 21.0974140167, 29.0640583038, 34.1230010986, 35.3763618469, 32.8474502563, 27.3289241791, 28.3727531433, 22.4446525574, 35.3454627991, 39.9205932617, 45.7200889587, 22.9044380188, 14.2765302658, 7.71306419373, 4.1107583046, 2.16747117043, 0.66678249836, 0.174851924181, 0.0126535315067, 0.000212342871237],
        "dvar": [0.486059635878, 10.0645427704, 32.626537323, 35.1598930359, 142.757492065, 88.8733673096, 89.9407501221, 87.1643981934, 122.355888367, 90.2396774292, 122.222259521, 258.683227539, 655.173950195, 559.598571777, 1421.62585449, 1343.40808105, 1046.28540039, 934.364257812, 1309.51452637, 942.272277832, 390.569274902, 986.592834473, 1217.90441895, 1126.63146973, 928.88494873, 423.748626709, 558.949401855, 311.204528809, 1224.91296387, 2128.50195312, 3820.64892578, 703.510681152, 275.550842285, 66.8243637085, 18.1810035706, 5.87552785873, 0.460147708654, 0.0286352355033, 0.000147431026562, 4.08534361895e-08],
        "dvar2": [0.938680708408, 26.6915035248, 88.1003875732, 96.6291656494, 330.347961426, 218.086990356, 253.675537109, 239.527145386, 325.711303711, 231.553436279, 286.680236816, 633.451293945, 1697.90136719, 1447.6706543, 3371.6628418, 2864.7800293, 2307.65209961, 2255.42871094, 3342.65991211, 2330.75146484, 932.227783203, 2821.76757812, 3496.61547852, 3078.92236328, 2406.53613281, 1135.06225586, 1553.82751465, 796.466308594, 3430.21630859, 5903.89990234, 10705.9179688, 1930.34606934, 743.411132812, 178.969863892, 48.1703948975, 15.6465711594, 1.22574925423, 0.0731822624803, 0.000375186820747, 1.06622195517e-07],
        "max": [8.70854663849, 35.5982284546, 67.9099578857, 64.0464477539, 159.945877075, 109.949066162, 122.957862854, 114.603988647, 175.385391235, 152.423751831, 250.412582397, 245.785751343, 555.461364746, 430.585144043, 806.688171387, 715.783935547, 653.643981934, 567.465393066, 927.410461426, 832.231811523, 586.225402832, 405.872497559, 577.725646973, 657.524658203, 857.643005371, 437.081787109, 278.95715332, 224.440505981, 350.617889404, 430.010101318, 502.455413818, 216.72946167, 160.816162109, 71.6848983765, 38.2713508606, 18.6524658203, 6.58112764359, 1.47606062889, 0.123696275055, 0.00192916265223],
        "mean": [1.31892228127, 4.06846189499, 3.6673309803, 4.45838117599, 7.14370393753, 7.24582386017, 7.73225545883, 8.13390922546, 8.71308898926, 8.30623722076, 10.873418808, 14.0789060593, 26.2244243622, 20.211353302, 25.8916282654, 30.2514286041, 23.2010059357, 22.6400108337, 24.0920467377, 24.6758460999, 22.63489151, 24.2297496796, 28.5050048828, 32.8434524536, 36.6387329102, 33.3688735962, 30.3630313873, 27.3700580597, 34.4483795166, 31.2248954773, 31.6531238556, 19.1150283813, 11.538184166, 6.87463235855, 3.77816033363, 1.69285786152, 0.559109091759, 0.144660040736, 0.00905569363385, 0.000222075192141],
        "median": [1.0394910574, 2.91619586945, 1.96187949181, 2.32363986969, 3.01732730865, 3.57669067383, 4.56782054901, 4.66626834869, 4.3748588562, 4.53274965286, 6.09151744843, 8.1990814209, 14.3675746918, 10.3682861328, 10.8750915527, 13.0764017105, 11.5572690964, 11.4034996033, 13.0341205597, 15.1213512421, 14.5506792068, 15.726184845, 19.2942695618, 19.705406189, 22.6570320129, 25.8086204529, 23.8743209839, 21.6030864716, 24.24958992, 19.5811462402, 18.7058410645, 12.3127536774, 7.14278650284, 4.38908863068, 2.34679555893, 0.919440150261, 0.329115688801, 0.0685898885131, 0.00330722471699, 0.000143489945913],
        "min": [2.76507384556e-22, 9.01693510652e-22, 4.34353347445e-21, 4.01875280072e-21, 1.88311592324e-20, 3.93272230116e-20, 3.53944929556e-20, 1.06414511058e-19, 1.89932766159e-19, 2.3762195152e-19, 1.44501434903e-19, 3.73319095703e-19, 6.37070209358e-19, 7.27178767495e-19, 1.03151614414e-18, 9.85759407786e-19, 1.77418267953e-18, 2.21140532911e-18, 2.81131310528e-18, 2.37523713483e-18, 4.65104550566e-18, 5.20579459706e-18, 5.60471154645e-18, 7.29261287745e-18, 6.99873959404e-18, 8.5029021907e-18, 1.07479952774e-17, 1.04132170856e-17, 1.19244272611e-17, 1.16172611852e-17, 1.08560995117e-17, 1.16061844096e-17, 9.50112555596e-18, 6.79753866339e-18, 6.04033215398e-18, 4.07764886813e-18, 2.39712536781e-18, 9.57174217165e-19, 2.55236685116e-19, 2.71540615323e-20],
        "var": [1.46110260487, 16.0327301025, 28.7820320129, 35.4751701355, 181.437667847, 109.991882324, 90.3357467651, 100.203910828, 157.056976318, 138.698699951, 253.622436523, 369.410430908, 1165.90148926, 854.169555664, 2307.97680664, 3083.20117188, 1799.16467285, 1396.88977051, 1566.47900391, 1363.32385254, 822.419677734, 925.629577637, 1219.09082031, 1882.62744141, 2199.24487305, 985.020019531, 824.014953613, 623.878845215, 1497.48352051, 1905.77392578, 2927.4987793, 662.401245117, 257.400390625, 73.4580764771, 21.6516590118, 5.7801733017, 0.495543569326, 0.0380665063858, 0.000200004127691, 5.75576173389e-08]
    },
    "gfcc": {
        "mean": [59.0809822083, 35.0763282776, -91.3926544189, 44.2850608826, -50.839263916, 28.0758991241, -27.0863761902, 17.0356197357, -21.9396953583, 10.2742185593, -14.8761672974, 9.93208122253, -10.2277126312],
        "cov": [[10433.6103516, -440.240661621, 492.088317871, 733.723754883, -162.029327393, 588.991333008, 40.9581184387, 257.632263184, -7.1932554245, 78.1069030762, -85.0321960449, 171.070999146, -79.6902618408], [-440.240661621, 707.331848145, 33.9884757996, 76.8869094849, 107.391433716, -23.3183574677, 25.9146633148, -25.5849151611, -5.03995704651, -28.8169784546, -9.35913848877, -50.7319030762, 26.810005188], [492.088317871, 33.9884757996, 719.548400879, 352.312286377, 224.613891602, 253.066604614, 143.710479736, 90.8378982544, 93.6792907715, 52.2387695312, 23.6147861481, 29.1384906769, 3.31406760216], [733.723754883, 76.8869094849, 352.312286377, 472.06842041, 111.44103241, 212.253372192, 115.773086548, 96.9550323486, 72.7373580933, 29.5029182434, 33.9403800964, 3.01406335831, 22.0090255737], [-162.029327393, 107.391433716, 224.613891602, 111.44103241, 256.069641113, 131.934143066, 105.307823181, 42.6236877441, 63.5761413574, 51.2994842529, 21.2963924408, 10.9093599319, 5.34020853043], [588.991333008, -23.3183574677, 253.066604614, 212.253372192, 131.934143066, 277.727355957, 135.055679321, 83.6091308594, 72.2927780151, 54.2851867676, 37.0834541321, 28.0563316345, 14.4894561768], [40.9581184387, 25.9146633148, 143.710479736, 115.773086548, 105.307823181, 135.055679321, 157.467636108, 83.1725387573, 65.138961792, 36.7415542603, 40.539768219, 25.3785419464, 20.3247890472], [257.632263184, -25.5849151611, 90.8378982544, 96.9550323486, 42.6236877441, 83.6091308594, 83.1725387573, 113.408073425, 62.7277450562, 32.0679512024, 26.6608352661, 21.961889267, 19.0527496338], [-7.1932554245, -5.03995704651, 93.6792907715, 72.7373580933, 63.5761413574, 72.2927780151, 65.138961792, 62.7277450562, 107.874214172, 61.6027565002, 41.6514701843, 16.7502765656, 19.2819919586], [78.1069030762, -28.8169784546, 52.2387695312, 29.5029182434, 51.2994842529, 54.2851867676, 36.7415542603, 32.0679512024, 61.6027565002, 93.4779434204, 54.6437530518, 26.7902870178, 8.0438079834], [-85.0321960449, -9.35913848877, 23.6147861481, 33.9403800964, 21.2963924408, 37.0834541321, 40.539768219, 26.6608352661, 41.6514701843, 54.6437530518, 85.1527481079, 37.6152915955, 18.306224823], [171.070999146, -50.7319030762, 29.1384906769, 3.01406335831, 10.9093599319, 28.0563316345, 25.3785419464, 21.961889267, 16.7502765656, 26.7902870178, 37.6152915955, 63.2582969666, 23.1088657379], [-79.6902618408, 26.810005188, 3.31406760216, 22.0090255737, 5.34020853043, 14.4894561768, 20.3247890472, 19.0527496338, 19.2819919586, 8.0438079834, 18.306224823, 23.1088657379, 54.0261383057]],
        "icov": [[0.000184539356269, -5.89246774325e-05, 6.55352632748e-05, -0.000300240004435, 0.000365167390555, -0.000475749693578, 0.000368105218513, -0.000401578785386, 0.000256020575762, -0.000460912997369, 0.000829623721074, -0.00102547334973, 0.000649139867164], [-5.89246774325e-05, 0.00197334424593, 7.96181338956e-05, -0.000355091644451, -0.00134695030283, 0.00097254983848, -0.000645218475256, 0.000837206025608, 0.000228485718253, 0.000791135826148, -0.00103126920294, 0.00243961717933, -0.00200001616031], [6.55352632748e-05, 7.96181338956e-05, 0.00303863175213, -0.00179134239443, -0.00141891208477, -0.000888139067683, 0.000170335842995, 0.000282023655018, -0.000863297027536, 0.000180767368875, 0.00148556148633, -0.00225587608293, 0.00155816692859], [-0.000300240004435, -0.000355091644451, -0.00179134239443, 0.00515883183107, 0.000102122365206, -0.0015573221026, 0.000123165678815, -0.00139245542232, -0.000293896446237, 0.00191337522119, -0.00336850411259, 0.0043218866922, -0.00229328754358], [0.000365167390555, -0.00134695030283, -0.00141891208477, 0.000102122365206, 0.00872698612511, -0.0021666479297, -0.00284907128662, 0.000996922142804, -0.000622641760856, -0.00406991411, 0.00386825157329, -0.00239340239204, 0.00223240442574], [-0.000475749693578, 0.00097254983848, -0.000888139067683, -0.0015573221026, -0.0021666479297, 0.0104331057519, -0.00577686866745, 0.00120554678142, -0.000114584239782, -0.00118119595572, -0.00074606295675, 0.00175917823799, -0.00161417259369], [0.000368105218513, -0.000645218475256, 0.000170335842995, 0.000123165678815, -0.00284907128662, -0.00577686866745, 0.018314242363, -0.00850255135447, -0.00120216363575, 0.00332847191021, -0.00330774020404, -0.00235778442584, 0.000804872193839], [-0.000401578785386, 0.000837206025608, 0.000282023655018, -0.00139245542232, 0.000996922142804, 0.00120554678142, -0.00850255135447, 0.020107569173, -0.00767318718135, 0.00086177745834, 0.00117906823289, -0.000807250617072, -0.00221607857384], [0.000256020575762, 0.000228485718253, -0.000863297027536, -0.000293896446237, -0.000622641760856, -0.000114584239782, -0.00120216363575, -0.00767318718135, 0.0228532105684, -0.0113534769043, -0.000973569520283, 0.004073896911, -0.00419113086537], [-0.000460912997369, 0.000791135826148, 0.000180767368875, 0.00191337522119, -0.00406991411, -0.00118119595572, 0.00332847191021, 0.00086177745834, -0.0113534769043, 0.0273936316371, -0.0141200153157, 0.00041135714855, 0.00188195635565], [0.000829623721074, -0.00103126920294, 0.00148556148633, -0.00336850411259, 0.00386825157329, -0.00074606295675, -0.00330774020404, 0.00117906823289, -0.000973569520283, -0.0141200153157, 0.0297344177961, -0.0154177872464, 0.00263218162581], [-0.00102547334973, 0.00243961717933, -0.00225587608293, 0.0043218866922, -0.00239340239204, 0.00175917823799, -0.00235778442584, -0.000807250617072, 0.004073896911, 0.00041135714855, -0.0154177872464, 0.0355975367129, -0.0149264074862], [0.000649139867164, -0.00200001616031, 0.00155816692859, -0.00229328754358, 0.00223240442574, -0.00161417259369, 0.000804872193839, -0.00221607857384, -0.00419113086537, 0.00188195635565, 0.00263218162581, -0.0149264074862, 0.0286974515766]]
    },
    "melbands": {
        "dmean": [0.00453970674425, 0.00205446127802, 0.000674766546581, 0.000485178316012, 0.000220697591431, 0.000151476167957, 0.000101500096207, 6.7700369982e-05, 5.61024535273e-05, 6.64623948978e-05, 8.81197483977e-05, 6.34962343611e-05, 5.70609008719e-05, 5.19982386322e-05, 3.9993901737e-05, 3.13083000947e-05, 3.29942486132e-05, 3.10733230435e-05, 2.46414601861e-05, 2.26014508371e-05, 1.47174368976e-05, 1.71420033439e-05, 2.14721785596e-05, 1.57233425853e-05, 1.81602244993e-05, 1.51682916112e-05, 1.4478070625e-05, 1.06467496153e-05, 1.05216449811e-05, 1.12441184683e-05, 7.69250073063e-06, 1.15250550152e-05, 1.23798918139e-05, 1.36638782351e-05, 1.76956637006e-05, 9.60901252256e-06, 7.3352466643e-06, 6.28531233815e-06, 4.70412533105e-06, 3.55421343556e-06],
        "dmean2": [0.00651682820171, 0.00336749851704, 0.00115038407966, 0.00078186619794, 0.00038569944445, 0.000264428585069, 0.000175681358087, 0.000115466697025, 9.22813342186e-05, 0.000111457164166, 0.00014655146515, 0.00010738724086, 9.33285336941e-05, 8.30242424854e-05, 6.37850607745e-05, 5.23727103428e-05, 5.52340206923e-05, 5.42685447726e-05, 4.26064252679e-05, 3.76638927264e-05, 2.43000686169e-05, 2.99203165923e-05, 3.82946891477e-05, 2.73433943221e-05, 3.13922027999e-05, 2.55841659964e-05, 2.44028324232e-05, 1.80204770004e-05, 1.81916402653e-05, 1.93291198229e-05, 1.2769975001e-05, 2.0170251446e-05, 2.18841651076e-05, 2.41065063165e-05, 3.17525846185e-05, 1.69156992342e-05, 1.27717603391e-05, 1.09915981739e-05, 8.33104513731e-06, 6.08408345215e-06],
        "dvar": [2.40089248109e-05, 8.25223287393e-06, 1.1755801097e-06, 7.56370923227e-07, 9.64433084505e-08, 4.6422712785e-08, 2.50732057339e-08, 1.19771979001e-08, 7.72609354271e-09, 1.02529753576e-08, 1.73421792482e-08, 1.12909450678e-08, 1.26877441886e-08, 7.73479147398e-09, 4.86538720423e-09, 3.40178440972e-09, 4.44249881326e-09, 3.15513659643e-09, 2.27773888639e-09, 1.69138758555e-09, 5.22833776273e-10, 9.81523862187e-10, 2.12666750876e-09, 5.60411939077e-10, 9.44762268418e-10, 5.96050153678e-10, 4.51677611979e-10, 1.7532202079e-10, 2.25914467689e-10, 2.81655171408e-10, 9.52410303401e-11, 3.86185056156e-10, 4.32231472836e-10, 8.82253436973e-10, 1.98615146552e-09, 3.34703015303e-10, 2.04064098952e-10, 1.64463151431e-10, 8.5552717688e-11, 3.79600170741e-11],
        "dvar2": [5.21984838997e-05, 2.17195083678e-05, 3.18868092108e-06, 1.69730049038e-06, 2.6970914746e-07, 1.27320930687e-07, 6.67539268306e-08, 3.04549345742e-08, 1.80543260342e-08, 2.53948897466e-08, 4.53899815511e-08, 2.94066726525e-08, 3.03595868445e-08, 1.73081868837e-08, 1.0789200644e-08, 7.62447971425e-09, 1.0599920941e-08, 8.07168998307e-09, 6.21149442992e-09, 4.05100797352e-09, 1.22165877414e-09, 2.78459522107e-09, 6.08270633862e-09, 1.58390178751e-09, 2.58441557044e-09, 1.55044632688e-09, 1.22087062682e-09, 4.71099437238e-10, 6.35985708541e-10, 7.7340867044e-10, 2.41254599631e-10, 1.08460962434e-09, 1.20675747173e-09, 2.43303666103e-09, 5.57847901206e-09, 9.18444320597e-10, 5.51606982313e-10, 4.4118522724e-10, 2.36187042146e-10, 9.94360635498e-11],
        "max": [0.058147341013, 0.0422897301614, 0.0105286464095, 0.0116767175496, 0.00396489398554, 0.00288560497575, 0.00256048887968, 0.00192546204198, 0.00189752876759, 0.00159744976554, 0.00275237066671, 0.00198899675161, 0.00217921379954, 0.00153674546164, 0.001245496911, 0.00174501654692, 0.00126261485275, 0.00139669014607, 0.000934764451813, 0.000878232705873, 0.000660664169118, 0.000405119993957, 0.000631434377283, 0.000776347063947, 0.000656689808238, 0.000659460318275, 0.000359563186066, 0.000261186738499, 0.000154733686941, 0.00024746908457, 0.000154337074491, 0.000187495432328, 0.000208837722312, 0.000299931241898, 0.000362014427083, 0.000172569416463, 0.000117863070045, 0.000113226407848, 0.000100708748505, 5.49728829355e-05],
        "mean": [0.00945937354118, 0.00302832690068, 0.000833401805721, 0.000561016029678, 0.000269970536465, 0.000192657884327, 0.000126503146021, 9.3472757726e-05, 8.73043391039e-05, 9.04597327462e-05, 0.000132960063638, 8.25971364975e-05, 7.76445303927e-05, 8.06030802778e-05, 6.14693490206e-05, 4.29432911915e-05, 4.28984494647e-05, 3.72885588149e-05, 3.28524329234e-05, 3.33196003339e-05, 2.52226182056e-05, 2.43354879785e-05, 2.7172605769e-05, 2.48783144343e-05, 2.65641519945e-05, 2.58737745753e-05, 2.59247826762e-05, 2.10407524719e-05, 1.87865261978e-05, 1.79541766556e-05, 1.5322730178e-05, 1.91520612134e-05, 1.91791423276e-05, 1.70133971551e-05, 1.98719626496e-05, 1.39017765832e-05, 1.06621346276e-05, 8.36069557408e-06, 6.73262002238e-06, 5.45198145119e-06],
        "median": [0.00785600394011, 0.00205971067771, 0.000469309976324, 0.000249391014222, 0.000168316677446, 0.000111020715849, 6.45699037705e-05, 4.88555087941e-05, 4.86201097374e-05, 5.0884380471e-05, 7.0912821684e-05, 3.73519942514e-05, 3.1915755244e-05, 3.38511745213e-05, 2.93819739454e-05, 2.1033871235e-05, 1.91056715266e-05, 1.95544107555e-05, 2.0409544959e-05, 1.79582784767e-05, 1.62614505825e-05, 1.52764951054e-05, 1.59782648552e-05, 1.70747116499e-05, 1.50057421706e-05, 1.49191037053e-05, 1.69693903445e-05, 1.63243166753e-05, 1.4426157577e-05, 1.28517003759e-05, 1.16384653666e-05, 1.29507570819e-05, 1.29315649247e-05, 9.42799124459e-06, 1.08335007099e-05, 8.84946166479e-06, 6.81821802573e-06, 4.93463357998e-06, 4.26372844231e-06, 3.39555117534e-06],
        "min": [3.28940245778e-24, 2.97994455201e-24, 8.41042279164e-25, 2.11995501719e-24, 1.25621267383e-24, 2.52591723573e-24, 2.848958143e-24, 1.56450316408e-24, 9.22963807842e-25, 2.58110693074e-24, 2.64049928221e-24, 2.90581016515e-24, 4.17856111065e-24, 2.06266143015e-24, 3.22065007445e-24, 3.43525731713e-24, 3.90743790056e-24, 2.87319609153e-24, 3.10306029855e-24, 3.46783806138e-24, 5.12820054582e-24, 4.91913781201e-24, 5.90048985001e-24, 4.09340397036e-24, 4.9470343002e-24, 4.83367025496e-24, 5.45175736812e-24, 4.93955313781e-24, 6.07839415578e-24, 5.59543694353e-24, 6.14043017737e-24, 5.8545907671e-24, 5.35504578216e-24, 5.39551710761e-24, 5.77440384494e-24, 6.87342474214e-24, 6.99516333476e-24, 5.50535060587e-24, 6.95702427657e-24, 5.12190859124e-24],
        "var": [6.52444068692e-05, 1.0290006685e-05, 1.18737568755e-06, 1.00597662822e-06, 1.02997951501e-07, 5.54106804884e-08, 3.21891775457e-08, 1.95152551896e-08, 1.58512705184e-08, 1.45314622557e-08, 3.03691827241e-08, 1.65582676459e-08, 2.03105159358e-08, 1.67984914867e-08, 9.72849356629e-09, 5.9631872773e-09, 6.52535714352e-09, 3.73938391363e-09, 2.29821917053e-09, 2.97703373064e-09, 1.07121178594e-09, 9.90569737347e-10, 1.69916059001e-09, 8.3833351372e-10, 1.45835821197e-09, 1.34558864051e-09, 8.93285834191e-10, 3.90060234112e-10, 3.32845251361e-10, 3.56251333988e-10, 2.06829373073e-10, 4.79013995136e-10, 5.03038999344e-10, 7.34519667311e-10, 1.42431477723e-09, 3.35789840378e-10, 2.0074966689e-10, 1.49958698237e-10, 8.06023511823e-11, 4.50735282431e-11]
    },
    "mfcc": {
        "mean": [-588.327575684, 70.9678573608, 17.5905818939, 25.6787719727, 7.80672454834, 15.1327142715, 9.16595554352, 11.654633522, 4.74869298935, 6.42904663086, 2.27115678787, 2.32217288017, 2.79252028465],
        "cov": [[5398.5234375, -585.451538086, 798.085876465, 254.937179565, 198.059661865, 306.484008789, 173.087051392, 325.24130249, 129.022125244, 161.35218811, 71.2686386108, 24.2737483978, 57.3724250793], [-585.451538086, 640.49621582, -89.6820220947, 30.6126461029, 41.4916801453, -3.10056972504, 9.01916027069, -42.4432601929, 7.9020152092, -29.1384067535, -15.4551696777, -15.0957984924, -30.5160713196], [798.085876465, -89.6820220947, 556.197998047, 224.33795166, 176.328277588, 197.828125, 120.359764099, 142.101669312, 88.6304168701, 97.5743942261, 67.0162200928, 33.5756340027, 32.6020889282], [254.937179565, 30.6126461029, 224.33795166, 258.957000732, 118.04888916, 99.2635269165, 75.9962310791, 74.0190048218, 56.2407264709, 58.4145927429, 43.5983810425, 12.7484264374, 12.5376338959], [198.059661865, 41.4916801453, 176.328277588, 118.04888916, 184.236785889, 137.099395752, 74.8140563965, 61.5232849121, 61.1747970581, 61.135269165, 46.9641952515, 32.8110771179, 18.1419887543], [306.484008789, -3.10056972504, 197.828125, 99.2635269165, 137.099395752, 214.083694458, 110.770080566, 84.116859436, 66.8862457275, 70.3230514526, 55.7419624329, 48.8029975891, 33.8330497742], [173.087051392, 9.01916027069, 120.359764099, 75.9962310791, 74.8140563965, 110.770080566, 130.395645142, 86.8690643311, 53.05909729, 47.4318466187, 38.2653236389, 36.5910720825, 25.2090320587], [325.24130249, -42.4432601929, 142.101669312, 74.0190048218, 61.5232849121, 84.116859436, 86.8690643311, 130.085769653, 73.0182037354, 52.7010993958, 33.7834892273, 24.56889534, 24.9125938416], [129.022125244, 7.9020152092, 88.6304168701, 56.2407264709, 61.1747970581, 66.8862457275, 53.05909729, 73.0182037354, 95.6220321655, 61.3898773193, 29.3947505951, 19.8951416016, 17.8126926422], [161.35218811, -29.1384067535, 97.5743942261, 58.4145927429, 61.135269165, 70.3230514526, 47.4318466187, 52.7010993958, 61.3898773193, 96.3917388916, 56.0694313049, 28.1704654694, 22.6108207703], [71.2686386108, -15.4551696777, 67.0162200928, 43.5983810425, 46.9641952515, 55.7419624329, 38.2653236389, 33.7834892273, 29.3947505951, 56.0694313049, 75.2644882202, 44.0402603149, 23.7104568481], [24.2737483978, -15.0957984924, 33.5756340027, 12.7484264374, 32.8110771179, 48.8029975891, 36.5910720825, 24.56889534, 19.8951416016, 28.1704654694, 44.0402603149, 76.4173278809, 45.3511543274], [57.3724250793, -30.5160713196, 32.6020889282, 12.5376338959, 18.1419887543, 33.8330497742, 25.2090320587, 24.9125938416, 17.8126926422, 22.6108207703, 23.7104568481, 45.3511543274, 68.1426773071]],
