{
"lowlevel": {
    "average_loudness": 0.942783594131,
    "barkbands_crest": {
        "dmean": 3.24986600876,
        "dmean2": 4.77824544907,
        "dvar": 10.0353965759,
        "dvar2": 22.3157482147,
        "max": 26.7329616547,
        "mean": 14.6718959808,
        "median": 14.6861963272,
        "min": 2.28346252441,
        "var": 26.894859314
    },
    "barkbands_flatness_db": {
        "dmean": 0.0468780435622,
        "dmean2": 0.0683572888374,
        "dvar": 0.00324187777005,
        "dvar2": 0.00631324201822,
        "max": 0.800743877888,
        "mean": 0.211233690381,
        "median": 0.172393471003,
        "min": 0.0365891717374,
        "var": 0.0142542328686
    },
    "barkbands_kurtosis": {
        "dmean": 28.9868793488,
        "dmean2": 43.476600647,
        "dvar": 8983.59765625,
        "dvar2": 20443.6035156,
        "max": 2212.46118164,
        "mean": 37.0077781677,
        "median": 8.79957962036,
        "min": -1.91239440441,
        "var": 9975.53222656
    },
    "barkbands_skewness": {
        "dmean": 1.63514626026,
        "dmean2": 2.33678627014,
        "dvar": 5.98072576523,
        "dvar2": 11.4855499268,
        "max": 42.2141532898,
        "mean": 3.67019915581,
        "median": 2.78128957748,
        "min": -3.19652509689,
        "var": 13.4955778122
    },
    "barkbands_spread": {
        "dmean": 8.1079750061,
        "dmean2": 12.5181207657,
        "dvar": 154.898178101,
        "dvar2": 342.473236084,
        "max": 130.90397644,
        "mean": 16.7663116455,
        "median": 12.742348671,
        "min": 0.0462863519788,
        "var": 279.853424072
    },
    "dissonance": {
        "dmean": 0.0208742842078,
        "dmean2": 0.0351218096912,
        "dvar": 0.00063225440681,
        "dvar2": 0.00167500926182,
        "max": 0.500000059605,
        "mean": 0.466505885124,
        "median": 0.479943007231,
        "min": 0.182534649968,
        "var": 0.00136128836311
    },
    "dynamic_complexity": 2.42907142639,
    "erbbands_crest": {
        "dmean": 3.36947250366,
        "dmean2": 5.40259981155,
        "dvar": 11.8337583542,
        "dvar2": 27.2512264252,
        "max": 31.6792259216,
        "mean": 9.14463043213,
        "median": 7.57551622391,
        "min": 2.07358455658,
        "var": 27.4870033264
    },
    "erbbands_flatness_db": {
        "dmean": 0.0221299994737,
        "dmean2": 0.0339586213231,
        "dvar": 0.000730858766474,
        "dvar2": 0.00161563872825,
        "max": 0.556771337986,
        "mean": 0.147365927696,
        "median": 0.123210698366,
        "min": 0.0600573457778,
        "var": 0.00438185967505
    },
    "erbbands_kurtosis": {
        "dmean": 2.60064077377,
        "dmean2": 4.28576040268,
        "dvar": 70.2427444458,
        "dvar2": 178.03666687,
        "max": 144.029174805,
        "mean": 2.01251959801,
        "median": 0.104300498962,
        "min": -1.89435589314,
        "var": 63.4013786316
    },
    "erbbands_skewness": {
        "dmean": 0.607947409153,
        "dmean2": 0.922424018383,
        "dvar": 0.639033615589,
        "dvar2": 1.41694736481,
        "max": 10.656703949,
        "mean": 0.447777867317,
        "median": 0.186108008027,
        "min": -3.09974741936,
        "var": 1.49195432663
    },
    "erbbands_spread": {
        "dmean": 13.1445655823,
        "dmean2": 19.7658596039,
        "dvar": 204.538101196,
        "dvar2": 443.962738037,
        "max": 199.208786011,
        "mean": 46.4109191895,
        "median": 42.5727081299,
        "min": 0.646519482136,
        "var": 760.163635254
    },
    "hfc": {
        "dmean": 13.742026329,
        "dmean2": 22.9812583923,
        "dvar": 735.2890625,
        "dvar2": 1996.56494141,
        "max": 335.388397217,
        "mean": 28.0624485016,
        "median": 22.8351459503,
        "min": 1.08052002762e-16,
        "var": 735.498291016
    },
    "melbands_crest": {
        "dmean": 4.28695821762,
        "dmean2": 6.83124399185,
        "dvar": 21.6919727325,
        "dvar2": 51.4254798889,
        "max": 39.4777259827,
        "mean": 23.5571117401,
        "median": 24.0458660126,
        "min": 1.00127828121,
        "var": 78.8711090088
    },
    "melbands_flatness_db": {
        "dmean": 0.0571163482964,
        "dmean2": 0.0820822194219,
        "dvar": 0.00477193994448,
        "dvar2": 0.0095074409619,
        "max": 1,
        "mean": 0.281104803085,
        "median": 0.244991078973,
        "min": 6.04006160643e-08,
        "var": 0.0210976041853
    },
    "melbands_kurtosis": {
        "dmean": 59.9267044067,
        "dmean2": 87.9706420898,
        "dvar": 22513.5820312,
        "dvar2": 50713.1953125,
        "max": 3890.81884766,
        "mean": 87.6561050415,
        "median": 26.2273464203,
        "min": -1.72002840042,
        "var": 35010.4648438
    },
    "melbands_skewness": {
        "dmean": 2.15987658501,
        "dmean2": 3.09097409248,
        "dvar": 8.08824729919,
        "dvar2": 16.2298984528,
        "max": 47.8464393616,
        "mean": 5.69378995895,
        "median": 4.43642139435,
        "min": -1.77292764187,
        "var": 24.5432796478
    },
    "melbands_spread": {
        "dmean": 9.50652885437,
        "dmean2": 15.4694671631,
        "dvar": 349.648010254,
        "dvar2": 861.6640625,
        "max": 206.533538818,
        "mean": 15.5479545593,
        "median": 9.36580562592,
        "min": 0.0492184087634,
        "var": 476.929718018
    },
    "pitch_salience": {
        "dmean": 0.105132266879,
        "dmean2": 0.163114160299,
        "dvar": 0.0156720075756,
        "dvar2": 0.0340174101293,
        "max": 0.99773311615,
        "mean": 0.391778171062,
        "median": 0.395752489567,
        "min": 0.00674949493259,
        "var": 0.0395594760776
    },
    "silence_rate_20dB": {
        "dmean": 0.00184049084783,
        "dmean2": 0.00368135794997,
        "dvar": 0.00183742772788,
        "dvar2": 0.00407708389685,
        "max": 1,
        "mean": 0.998057484627,
        "median": 1,
        "min": 0,
        "var": 0.00193880381994
    },
    "silence_rate_30dB": {
        "dmean": 0.158282205462,
        "dmean2": 0.316596776247,
        "dvar": 0.133216381073,
        "dvar2": 0.288375377655,
        "max": 1,
        "mean": 0.600654304028,
        "median": 1,
        "min": 0,
        "var": 0.239866510034
    },
    "silence_rate_60dB": {
        "dmean": 0.0167689155787,
        "dmean2": 0.0335412621498,
        "dvar": 0.0164868477732,
        "dvar2": 0.0420316979289,
        "max": 1,
        "mean": 0.0715673267841,
        "median": 0,
        "min": 0,
        "var": 0.0664496719837
    },
    "spectral_centroid": {
        "dmean": 395.667755127,
        "dmean2": 603.315368652,
        "dvar": 267716.375,
        "dvar2": 581040.0625,
        "max": 11432.2167969,
        "mean": 1359.40246582,
        "median": 1261.78356934,
        "min": 70.0566711426,
        "var": 980602
    },
    "spectral_complexity": {
        "dmean": 6.36155414581,
        "dmean2": 9.7230796814,
        "dvar": 55.6923904419,
        "dvar2": 115.185409546,
        "max": 60,
        "mean": 19.8013496399,
        "median": 17,
        "min": 0,
        "var": 189.839004517
    },
    "spectral_decrease": {
        "dmean": 8.5791738158e-09,
        "dmean2": 1.23350734071e-08,
        "dvar": 9.18125481309e-17,
        "dvar2": 1.96497919182e-16,
        "max": 2.44574036231e-28,
        "mean": -2.44190161425e-08,
        "median": -2.13117417047e-08,
        "min": -1.23215059489e-07,
        "var": 3.40913211806e-16
    },
    "spectral_energy": {
        "dmean": 0.0325807146728,
        "dmean2": 0.0471640452743,
        "dvar": 0.001307159313,
        "dvar2": 0.00282674073242,
        "max": 0.467660367489,
        "mean": 0.0947084352374,
        "median": 0.0837856307626,
        "min": 9.93040988245e-21,
        "var": 0.00485101388767
    },
    "spectral_energyband_high": {
        "dmean": 0.00119057449047,
        "dmean2": 0.00197749189101,
        "dvar": 9.14428528631e-06,
        "dvar2": 2.47863408731e-05,
        "max": 0.0386321470141,
        "mean": 0.00169468077365,
        "median": 0.000843489309773,
        "min": 7.08031707663e-21,
        "var": 8.64034973347e-06
    },
    "spectral_energyband_low": {
        "dmean": 0.032129354775,
        "dmean2": 0.0463049598038,
        "dvar": 0.001493972959,
        "dvar2": 0.00320625002496,
        "max": 0.462441056967,
        "mean": 0.0773179531097,
        "median": 0.0604151524603,
        "min": 3.53498732158e-23,
        "var": 0.00486607244238
    },
    "spectral_energyband_middle_high": {
        "dmean": 0.00271154288203,
        "dmean2": 0.00451353285462,
        "dvar": 2.08546680369e-05,
        "dvar2": 5.42061316082e-05,
        "max": 0.0543746910989,
        "mean": 0.00446123816073,
        "median": 0.00236555631272,
        "min": 1.00068790546e-21,
        "var": 2.73467067018e-05
    },
    "spectral_energyband_middle_low": {
        "dmean": 0.00733839394525,
        "dmean2": 0.0119898254052,
        "dvar": 0.000175370863872,
        "dvar2": 0.000462885567686,
        "max": 0.185941293836,
        "mean": 0.011815209873,
        "median": 0.00818493310362,
        "min": 2.00155481293e-22,
        "var": 0.000200994472834
    },
    "spectral_entropy": {
        "dmean": 0.274259656668,
        "dmean2": 0.408796429634,
        "dvar": 0.15951910615,
        "dvar2": 0.334898263216,
        "max": 9.81660461426,
        "mean": 7.64904069901,
        "median": 7.91072940826,
        "min": 3.23002481461,
        "var": 0.574340283871
    },
    "spectral_flux": {
        "dmean": 0.0513844005764,
        "dmean2": 0.0780091956258,
        "dvar": 0.00264392560348,
        "dvar2": 0.00578903499991,
        "max": 0.5375623703,
        "mean": 0.143860697746,
        "median": 0.122587524354,
        "min": 6.51962372977e-11,
        "var": 0.00906640198082
    },
    "spectral_kurtosis": {
        "dmean": 3.59835600853,
        "dmean2": 6.03939771652,
        "dvar": 170.613311768,
        "dvar2": 481.32901001,
        "max": 560.13104248,
        "mean": 6.70239496231,
        "median": 2.67701101303,
        "min": -1.25213313103,
        "var": 399.092193604
    },
    "spectral_rms": {
        "dmean": 0.00165640609339,
        "dmean2": 0.00238135014661,
        "dvar": 2.70752707365e-06,
        "dvar2": 5.74693876843e-06,
        "max": 0.0213601030409,
        "mean": 0.00878104101866,
        "median": 0.0090411324054,
        "min": 3.11258809525e-12,
        "var": 1.52913307829e-05
    },
    "spectral_rolloff": {
        "dmean": 670.815612793,
        "dmean2": 1140.48352051,
        "dvar": 2191676.75,
        "dvar2": 5017334,
        "max": 19250.6835938,
        "mean": 1038.49462891,
        "median": 322.998046875,
        "min": 43.06640625,
        "var": 4224778
    },
    "spectral_skewness": {
        "dmean": 0.359968811274,
        "dmean2": 0.565700531006,
        "dvar": 0.46252655983,
        "dvar2": 1.18527197838,
        "max": 21.3817768097,
        "mean": 1.67217898369,
        "median": 1.37734794617,
        "min": -0.0570584461093,
        "var": 1.56066000462
    },
    "spectral_spread": {
        "dmean": 629904.375,
        "dmean2": 918846.625,
        "dvar": 811337580544,
        "dvar2": 1.59386225869e+12,
        "max": 41905824,
        "mean": 5282474.5,
        "median": 5297872,
        "min": 155969.03125,
        "var": 6.16329274982e+12
    },
    "spectral_strongpeak": {
        "dmean": 0.340997487307,
        "dmean2": 0.569676756859,
        "dvar": 0.475680500269,
        "dvar2": 1.21056187153,
        "max": 29.0430450439,
        "mean": 0.687568247318,
        "median": 0.553494632244,
        "min": 0,
        "var": 0.531990170479
    },
    "zerocrossingrate": {
        "dmean": 0.0137987881899,
        "dmean2": 0.0167375765741,
        "dvar": 0.000431493943324,
        "dvar2": 0.000589372124523,
        "max": 0.8642578125,
        "mean": 0.0477330498397,
        "median": 0.03515625,
        "min": 0.0009765625,
        "var": 0.003475592006
    },
    "barkbands": {
        "dmean": [0.00715660909191, 0.025097521022, 0.00895717740059, 0.00353176612407, 0.00215475913137, 0.00177263701335, 0.00103831768502, 0.000841223809402, 0.000820438028313, 0.000310140749207, 0.00041666868492, 0.000492478546221, 0.000535800121725, 0.000447960774181, 0.000432466156781, 0.000286032649456, 0.000223031762289, 0.00023775837326, 0.000229802768445, 0.0003025297774, 0.000277796090813, 0.000231598765822, 0.000259351421846, 0.00020070723258, 0.000141349446494, 5.30317229277e-05, 1.58783493021e-07],
        "dmean2": [0.008883533068, 0.0359384380281, 0.0155382780358, 0.00644437083974, 0.00378490844741, 0.00304906326346, 0.00175946461968, 0.00136163667776, 0.00134152139071, 0.000529606477357, 0.000710908498149, 0.000833725149278, 0.000920872786082, 0.000765211821999, 0.000718770257663, 0.000467304227641, 0.000373488408513, 0.000405227852752, 0.000387856329326, 0.000516686413903, 0.000479845330119, 0.000384220998967, 0.00043041119352, 0.000328722497215, 0.000236854117247, 9.20426755329e-05, 2.83752996211e-07],
        "dvar": [0.000193536776351, 0.00105569546577, 0.000458552705823, 8.61012158566e-05, 3.41817722074e-05, 1.88255853573e-05, 9.96625021799e-06, 4.31574153481e-06, 4.36229265688e-06, 3.76010746095e-07, 8.42078236474e-07, 1.73637454282e-06, 1.04488560737e-06, 6.48390482638e-07, 8.73575743299e-07, 2.51310780186e-07, 1.64169790651e-07, 2.04208802757e-07, 2.20342826651e-07, 8.06510115581e-07, 3.76583585648e-07, 2.90182697427e-07, 6.21720175786e-07, 3.48371372638e-07, 3.31558965172e-07, 6.27355944971e-08, 1.79610761485e-13],
        "dvar2": [0.000271141936537, 0.00211761170067, 0.00123584619723, 0.000242500420427, 0.000100082688732, 5.37271371286e-05, 2.65363396466e-05, 1.00331126305e-05, 1.03828087958e-05, 1.00017609839e-06, 1.98658517547e-06, 4.52419862995e-06, 3.0014055028e-06, 1.72975558144e-06, 2.07359289561e-06, 6.10236384091e-07, 4.23569190389e-07, 5.45547663933e-07, 5.81115614295e-07, 2.07629659599e-06, 1.02007311398e-06, 7.1536322821e-07, 1.7005911559e-06, 9.3620849384e-07, 9.17048566862e-07, 1.75833307026e-07, 4.955724958e-13],
        "max": [0.193648979068, 0.437500178814, 0.212635576725, 0.151799976826, 0.165765792131, 0.0719836577773, 0.0860056951642, 0.0629825890064, 0.066858522594, 0.00954722147435, 0.0169779583812, 0.0422527343035, 0.0174576342106, 0.00871932785958, 0.018199596554, 0.00658811023459, 0.00744128180668, 0.00527715450153, 0.00734511436895, 0.0462092198431, 0.00991198979318, 0.015252741985, 0.0109268333763, 0.00758202653378, 0.00842877011746, 0.00355780404061, 1.14684080472e-05],
        "mean": [0.0144958933815, 0.0531836412847, 0.00910966936499, 0.00335234357044, 0.00252081919461, 0.0021761811804, 0.00141656852793, 0.00114752049558, 0.00110003142618, 0.000372080277884, 0.000486401491798, 0.000549187709112, 0.000641712802462, 0.000535727303941, 0.000512605824042, 0.000357724900823, 0.000294999481412, 0.000294226745609, 0.00029583714786, 0.000354515592335, 0.000338112586178, 0.000318487233017, 0.000318078207783, 0.000285002344754, 0.000188284204341, 6.24267559033e-05, 1.30207567395e-07],
        "median": [0.00280151097104, 0.0394388474524, 0.00237170513719, 0.00103603070602, 0.00100167340133, 0.000755051209126, 0.000456165667856, 0.000306314905174, 0.000371635920601, 0.000164046199643, 0.000181715862709, 0.00017807004042, 0.000208502475289, 0.000183018433745, 0.000149415776832, 0.000129580817884, 0.000112486617581, 0.000106905208668, 0.000108673877548, 0.000124769387185, 0.00012563430937, 0.000152185355546, 0.000149008716107, 0.000143342418596, 7.57934103603e-05, 1.68670248968e-05, 1.19661081044e-08],
        "min": [1.96511917365e-24, 8.91624868711e-24, 1.8673418366e-24, 1.64933460342e-24, 1.15413403326e-23, 5.81626514331e-24, 1.25060485887e-23, 1.85752398932e-23, 1.33615666627e-23, 2.17143477825e-23, 3.08594434405e-23, 2.97380240211e-23, 4.58971076017e-23, 4.70925253293e-23, 4.203185956e-23, 6.43030248125e-23, 8.03072833963e-23, 7.11449669047e-23, 1.38019255439e-22, 1.89774008671e-22, 2.65821815522e-22, 3.00683510055e-22, 4.3416213261e-22, 6.08845320517e-22, 9.0406509159e-22, 1.3658944063e-21, 2.05095151577e-21],
        "var": [0.000714059220627, 0.00300668785349, 0.000352456700057, 6.66405248921e-05, 2.8604939871e-05, 1.8562654077e-05, 1.17408462756e-05, 8.64687717694e-06, 6.29125452178e-06, 3.89803659573e-07, 1.07499351998e-06, 1.62133903814e-06, 1.18316575026e-06, 7.46386263017e-07, 1.16935996175e-06, 3.28455541876e-07, 2.04307667673e-07, 2.18719762302e-07, 2.41024849856e-07, 7.37836785447e-07, 3.89716063864e-07, 3.75312396272e-07, 4.76818627249e-07, 3.08940315108e-07, 2.43087100671e-07, 4.07656699508e-08, 1.38075057572e-13]
    },
    "erbbands": {
        "dmean": [1.21548807621, 4.37262916565, 10.3039264679, 11.3232297897, 7.27495384216, 6.98176383972, 11.4703931808, 15.9628353119, 13.9890146255, 18.1091136932, 15.6451816559, 16.9488620758, 15.031419754, 12.2290449142, 17.347322464, 18.0429916382, 24.7244625092, 21.4918422699, 20.7904720306, 22.2508220673, 14.7751865387, 12.0822553635, 12.2166290283, 11.4055776596, 12.9739236832, 14.486000061, 12.4668779373, 9.83051586151, 8.83814525604, 6.96783542633, 7.78926706314, 4.92461538315, 3.02754855156, 1.78602981567, 0.966913998127, 0.354701340199, 0.0767926648259, 0.00454589724541, 0.000114292954095, 4.00617391279e-05],
        "dmean2": [1.59986913204, 6.59919929504, 17.2822570801, 20.2304058075, 12.9748249054, 12.3292007446, 19.9338588715, 27.1889572144, 24.1580963135, 29.5474491119, 25.3781833649, 28.1121768951, 25.1049728394, 20.8528804779, 28.9075660706, 30.7431201935, 42.4732818604, 36.3616142273, 36.0199127197, 36.6287498474, 24.1617774963, 19.9659976959, 20.4130382538, 19.5861682892, 21.9146938324, 24.9740600586, 21.752822876, 16.6871204376, 14.7715301514, 11.4712152481, 12.9097852707, 8.08931827545, 5.00933790207, 2.97359609604, 1.64717936516, 0.615741431713, 0.132059201598, 0.00755032710731, 0.000189668382518, 6.13336305832e-05],
        "dvar": [3.02820777893, 49.7271385193, 536.966796875, 756.119812012, 429.631530762, 379.023651123, 680.124267578, 1718.6192627, 1795.09899902, 2910.31396484, 1357.15991211, 2062.61401367, 1464.65100098, 653.35345459, 1287.87939453, 1627.74291992, 2344.80175781, 1443.94555664, 1732.7175293, 2770.24829102, 738.183288574, 460.300567627, 497.472503662, 523.011901855, 1927.55883789, 1128.39941406, 879.071350098, 562.42388916, 381.69342041, 318.96887207, 572.403015137, 199.480316162, 87.1042022705, 44.530960083, 18.045589447, 3.03711605072, 0.128741458058, 0.000230174584431, 1.58808546757e-07, 2.51929854755e-09],
        "dvar2": [5.12263059616, 102.257072449, 1394.49035645, 2077.72265625, 1226.70568848, 1114.16271973, 1869.78137207, 4752.23046875, 4919.5390625, 7523.02197266, 3095.43383789, 5156.22119141, 3358.52612305, 1770.75695801, 3060.16894531, 4302.82568359, 6816.45654297, 3771.76513672, 4683.12548828, 5906.00048828, 1727.72900391, 1154.78442383, 1282.70788574, 1418.96411133, 4779.19482422, 3057.37426758, 2392.77099609, 1379.45141602, 972.426940918, 841.514343262, 1553.78637695, 531.880432129, 236.396636963, 123.360527039, 49.9833335876, 8.5583114624, 0.35831156373, 0.000617949990556, 4.35312642821e-07, 6.54042242587e-09],
        "max": [20.4522953033, 80.6256027222, 218.862365723, 306.569915771, 428.661071777, 619.100402832, 485.028900146, 788.006591797, 1244.01391602, 1893.53710938, 1126.56335449, 1795.73999023, 1063.66296387, 346.771362305, 729.689453125, 1166.52331543, 865.527282715, 492.634185791, 554.491882324, 1398.95166016, 456.043548584, 496.847808838, 269.605163574, 417.66204834, 2561.48535156, 769.395141602, 565.928466797, 686.333740234, 398.32208252, 406.16217041, 339.932342529, 226.9712677, 134.736602783, 99.4413375854, 63.6349449158, 26.3272075653, 5.61281871796, 0.22887326777, 0.00561093678698, 0.00057494523935],
        "mean": [2.68237829208, 7.33353185654, 11.4929199219, 11.4592399597, 7.80589103699, 8.0338602066, 13.4511604309, 20.3758430481, 18.953962326, 25.7435283661, 22.1015090942, 22.413433075, 19.6397724152, 15.1132297516, 21.7006435394, 21.4031105042, 30.1866474152, 27.2000598907, 23.8218193054, 27.8800106049, 19.5688858032, 16.9623146057, 16.0688285828, 14.8733625412, 15.9964122772, 17.2857532501, 14.532075882, 12.5419101715, 11.6398572922, 9.64611721039, 9.37818241119, 6.83342313766, 4.19316673279, 2.39927768707, 1.20032155514, 0.411524862051, 0.089864321053, 0.00641681160778, 0.000192384512047, 0.000116576287837],
        "median": [1.46631848812, 4.82129716873, 3.17225551605, 4.549077034, 2.71243190765, 3.0769007206, 4.98267793655, 6.74725914001, 7.16922044754, 8.74469852448, 7.93644952774, 8.78659248352, 6.7160615921, 6.97288227081, 9.0319519043, 7.63538503647, 9.96421337128, 9.8242521286, 8.67294597626, 7.74162101746, 7.36056089401, 6.66915798187, 5.99616479874, 5.98752593994, 5.61193037033, 6.06223773956, 5.30469751358, 5.1150727272, 5.19343757629, 4.62911605835, 4.22888803482, 3.31508159637, 2.04508829117, 1.02761745453, 0.431877225637, 0.125149935484, 0.0200225990266, 0.00139630201738, 0.000100608063804, 0.000111190645839],
        "min": [3.29383759156e-22, 1.8126732142e-21, 3.59975754769e-21, 7.15923204578e-21, 2.07308134365e-20, 3.90940323959e-20, 8.9477038051e-20, 7.61660799455e-20, 1.51071303993e-19, 1.93393198703e-19, 4.92694105243e-19, 3.72990549903e-19, 5.36892743516e-19, 1.47790261074e-18, 1.34395704735e-18, 1.20836891007e-18, 2.27142679513e-18, 3.17716578444e-18, 3.20290144124e-18, 2.88064386871e-18, 3.59169349314e-18, 4.75749620587e-18, 5.04588238668e-18, 7.10144730198e-18, 6.63539885562e-18, 9.52703947019e-18, 1.05404564889e-17, 1.10529172123e-17, 1.11363201791e-17, 1.06211901439e-17, 1.17959909273e-17, 1.168506518e-17, 1.14945671393e-17, 1.02765941453e-17, 7.23917121961e-18, 4.47259576417e-18, 2.42737122691e-18, 1.13509249512e-18, 2.44064576968e-19, 2.975373187e-20],
        "var": [9.63991832733, 86.4483337402, 467.208557129, 591.334960938, 363.667236328, 295.27532959, 682.426635742, 1909.50927734, 1983.17822266, 3929.9597168, 2664.62866211, 2336.36962891, 2223.32714844, 652.145874023, 1640.88525391, 1625.27307129, 2653.48608398, 1883.45080566, 1572.50952148, 4548.06054688, 1008.40856934, 641.336364746, 600.866455078, 539.161682129, 1734.93505859, 1128.87072754, 832.983520508, 660.259521484, 498.001220703, 309.305419922, 440.95993042, 185.676193237, 71.4434280396, 33.5796127319, 12.6303758621, 1.94118380547, 0.0862083435059, 0.000201718736207, 1.23742438518e-07, 6.14425976764e-09]
    },
    "gfcc": {
        "mean": [-2.45229244232, 87.4435119629, -96.8721160889, 43.5121459961, -52.0268745422, 31.8243083954, -27.8264770508, 15.7478132248, -12.2003526688, 10.9210510254, -5.30664587021, 0.962000012398, -6.79803323746],
        "cov": [[16390.90625, -622.336364746, -427.228973389, 1339.49938965, -563.256713867, 572.147888184, -921.91973877, 307.571563721, -723.55480957, 266.522186279, -646.864013672, 303.79574585, -207.542007446], [-622.336364746, 2832.95849609, 745.58581543, -444.093597412, 606.518188477, -451.384094238, 469.804504395, -201.210342407, 419.894744873, -117.408241272, 341.276519775, -116.610443115, 194.567565918], [-427.228973389, 745.58581543, 1373.47546387, 279.164581299, 371.715332031, 25.071680069, 213.639038086, 24.009519577, 196.034378052, 1.45364427567, 115.127403259, -13.4647111893, 83.9919204712], [1339.49938965, -444.093597412, 279.164581299, 698.977416992, 182.504653931, 225.986404419, -52.8024253845, 58.1469841003, -123.106201172, 6.7408285141, -132.928237915, -3.43158626556, -20.5932807922], [-563.256713867, 606.518188477, 371.715332031, 182.504653931, 648.131164551, 50.982925415, 256.665924072, -55.5766372681, 80.1029510498, -17.3594779968, 67.1253890991, -32.3814811707, 61.0118789673], [572.147888184, -451.384094238, 25.071680069, 225.986404419, 50.982925415, 295.450042725, -4.59361553192, 71.5779495239, -57.463848114, 26.2684020996, -59.0526008606, 15.7434415817, -32.4665679932], [-921.91973877, 469.804504395, 213.639038086, -52.8024253845, 256.665924072, -4.59361553192, 321.094665527, 45.0403327942, 162.986022949, 1.29627525806, 119.736656189, -34.4848861694, 70.1008148193], [307.571563721, -201.210342407, 24.009519577, 58.1469841003, -55.5766372681, 71.5779495239, 45.0403327942, 165.040710449, 59.8592338562, 47.4737586975, -6.5161857605, 17.6915817261, -3.28819775581], [-723.55480957, 419.894744873, 196.034378052, -123.106201172, 80.1029510498, -57.463848114, 162.986022949, 59.8592338562, 264.555297852, 35.1592483521, 146.514099121, -22.2965259552, 73.4525909424], [266.522186279, -117.408241272, 1.45364427567, 6.7408285141, -17.3594779968, 26.2684020996, 1.29627525806, 47.4737586975, 35.1592483521, 125.327301025, 37.3071975708, 41.4617652893, 4.51530122757], [-646.864013672, 341.276519775, 115.127403259, -132.928237915, 67.1253890991, -59.0526008606, 119.736656189, -6.5161857605, 146.514099121, 37.3071975708, 193.824813843, 32.6258354187, 66.6655044556], [303.79574585, -116.610443115, -13.4647111893, -3.43158626556, -32.3814811707, 15.7434415817, -34.4848861694, 17.6915817261, -22.2965259552, 41.4617652893, 32.6258354187, 107.110450745, 34.005065918], [-207.542007446, 194.567565918, 83.9919204712, -20.5932807922, 61.0118789673, -32.4665679932, 70.1008148193, -3.28819775581, 73.4525909424, 4.51530122757, 66.6655044556, 34.005065918, 102.924064636]],
        "icov": [[0.000223247145186, -0.000568610616028, 0.000207133954973, -0.000519306282513, 0.000357022712706, -0.000540251610801, 0.000575696933083, -0.000655531184748, 0.000455834146123, -0.000655468262266, 0.000461496907519, -0.000569619180169, 4.97542714584e-05], [-0.000568610616028, 0.00257953768596, -0.00088534509996, 0.00175939977635, -0.00162044994067, 0.00247535831295, -0.00177920097485, 0.00229694927111, -0.00176984269638, 0.00227332860231, -0.00149004650302, 0.00189927057363, -0.000420866592322], [0.000207133954973, -0.00088534509996, 0.00140146887861, -0.00132049375679, 0.000342206592904, -0.000649364024866, 0.000347822642652, -0.000429266510764, -0.000476884510135, -0.000479913374875, 0.000456240522908, -0.00124796666205, 0.000503328978084], [-0.000519306282513, 0.00175939977635, -0.00132049375679, 0.0046093929559, -0.0024229073897, 0.00025090543204, 0.000356433272827, -0.00046577071771, 0.000850648037158, 0.00124908413272, -0.000861298409291, 0.00350283551961, -0.00237679970451], [0.000357022712706, -0.00162044994067, 0.000342206592904, -0.0024229073897, 0.0047402260825, -0.00190825329628, -0.0026199335698, 0.00214211130515, 4.90658967465e-05, -0.00167282426264, 0.00200454867445, -0.00258242408745, 0.00105335144326], [-0.000540251610801, 0.00247535831295, -0.000649364024866, 0.00025090543204, -0.00190825329628, 0.00775520177558, -0.00234319735318, 0.000434824294643, -0.00107200199272, 0.0018291088054, -0.00119684473611, 0.000648961518891, 0.00124424113892], [0.000575696933083, -0.00177920097485, 0.000347822642652, 0.000356433272827, -0.0026199335698, -0.00234319735318, 0.0115967597812, -0.00781427044421, 0.00269846571609, -0.00101991544943, -0.0032635407988, 0.00435505388305, -0.00422851648182], [-0.000655531184748, 0.00229694927111, -0.000429266510764, -0.00046577071771, 0.00214211130515, 0.000434824294643, -0.00781427044421, 0.0172934886068, -0.00959777180105, 0.000195645581698, 0.00502195721492, -0.00561821460724, 0.00477953720838], [0.000455834146123, -0.00176984269638, -0.000476884510135, 0.000850648037158, 4.90658967465e-05, -0.00107200199272, 0.00269846571609, -0.00959777180105, 0.0160940531641, -0.00379682611674, -0.00725787784904, 0.00868237670511, -0.00717414170504], [-0.000655468262266, 0.00227332860231, -0.000479913374875, 0.00124908413272, -0.00167282426264, 0.0018291088054, -0.00101991544943, 0.000195645581698, -0.00379682611674, 0.0136359613389, -0.00344885629602, -0.00263599748723, 0.00250805169344], [0.000461496907519, -0.00149004650302, 0.000456240522908, -0.000861298409291, 0.00200454867445, -0.00119684473611, -0.0032635407988, 0.00502195721492, -0.00725787784904, -0.00344885629602, 0.0168026983738, -0.00983912311494, 0.00171845965087], [-0.000569619180169, 0.00189927057363, -0.00124796666205, 0.00350283551961, -0.00258242408745, 0.000648961518891, 0.00435505388305, -0.00561821460724, 0.00868237670511, -0.00263599748723, -0.00983912311494, 0.0240944195539, -0.0120980823413], [4.97542714584e-05, -0.000420866592322, 0.000503328978084, -0.00237679970451, 0.00105335144326, 0.00124424113892, -0.00422851648182, 0.00477953720838, -0.00717414170504, 0.00250805169344, 0.00171845965087, -0.0120980823413, 0.0204201806337]]
    },
    "melbands": {
        "dmean": [0.00835558865219, 0.00511967716739, 0.00180054525845, 0.000461646734038, 0.000389982014894, 0.000347855035216, 0.000212033046409, 0.000203933945158, 0.000116202463687, 0.000114528971608, 7.46591977077e-05, 4.7818699386e-05, 6.01331557846e-05, 6.26759865554e-05, 4.7172401537e-05, 5.15113279107e-05, 3.98818956455e-05, 3.57074895874e-05, 3.23709828081e-05, 2.43215999944e-05, 1.69435734279e-05, 1.32677150759e-05, 1.20908653116e-05, 1.13818332466e-05, 9.40047721087e-06, 9.46220643527e-06, 1.04794407889e-05, 9.57351494435e-06, 8.87885471457e-06, 5.74568730372e-06, 6.20796981821e-06, 5.13129771207e-06, 4.41477186541e-06, 4.01907800551e-06, 4.93635343446e-06, 3.63566960004e-06, 2.8760900932e-06, 2.25263329412e-06, 1.7722074972e-06, 1.48609785811e-06],
        "dmean2": [0.0113622006029, 0.00801334902644, 0.00317444023676, 0.0008217751747, 0.000677379604895, 0.000593950913753, 0.000363627797924, 0.000330133567331, 0.000188582125702, 0.000189026512089, 0.000124452169985, 8.15883031464e-05, 0.00010109210416, 0.00010689561168, 8.11584832263e-05, 8.81900123204e-05, 6.77336938679e-05, 6.24097592663e-05, 5.42330599274e-05, 4.00751705456e-05, 2.77885392279e-05, 2.22788294195e-05, 1.98831494345e-05, 1.95809152501e-05, 1.61963362189e-05, 1.59269111464e-05, 1.78828358912e-05, 1.65335204656e-05, 1.5467780031e-05, 1.00157403722e-05, 1.05014414657e-05, 8.63166496856e-06, 7.31668478693e-06, 6.7042228693e-06, 8.19019169285e-06, 6.05080867899e-06, 4.78236279378e-06, 3.75181912204e-06, 2.96998064186e-06, 2.48428113991e-06],
        "dvar": [0.000123881574837, 9.69117973e-05, 1.81173872988e-05, 2.09604991142e-06, 7.61493765822e-07, 7.85596796504e-07, 4.07428103699e-07, 3.06346350953e-07, 6.7857079955e-08, 8.64612417217e-08, 3.6488209787e-08, 1.00979340445e-08, 1.64729332397e-08, 3.42081172278e-08, 8.28598345493e-09, 8.6129636756e-09, 5.05363262349e-09, 5.15231857179e-09, 5.05021002795e-09, 2.62263610828e-09, 1.03747521685e-09, 6.04369387869e-10, 4.53565324188e-10, 4.6899861772e-10, 3.72117919811e-10, 4.76244599312e-10, 2.07171191313e-09, 4.74110195547e-10, 5.33321886653e-10, 1.48434403657e-10, 3.1806901557e-10, 1.45711914756e-10, 8.7083319722e-11, 1.2608480926e-10, 2.23810345257e-10, 1.09437521545e-10, 7.29802537847e-11, 4.25810844917e-11, 3.59422838714e-11, 3.11347198023e-11],
        "dvar2": [0.00021544629999, 0.000234822626226, 4.88698460686e-05, 6.26923929303e-06, 2.06675099435e-06, 2.19434673454e-06, 1.10750488602e-06, 7.83211930866e-07, 1.58012312568e-07, 2.11471657963e-07, 8.30548714248e-08, 2.73437592568e-08, 3.69411878864e-08, 8.94657148365e-08, 2.39245174782e-08, 2.38666952868e-08, 1.32511237538e-08, 1.40490650224e-08, 1.2597628718e-08, 5.69034819264e-09, 2.42479147872e-09, 1.55213464303e-09, 1.14229725678e-09, 1.2761067758e-09, 1.01958586018e-09, 1.21996246438e-09, 5.13597919749e-09, 1.28328292437e-09, 1.41666578468e-09, 4.12330669608e-10, 7.40770611518e-10, 3.60788704468e-10, 2.21048720994e-10, 3.36756678099e-10, 6.03830430101e-10, 2.94348129204e-10, 1.97830613002e-10, 1.14995693523e-10, 9.96475887916e-11, 8.5928118787e-11],
        "max": [0.145888850093, 0.0912989005446, 0.0516092181206, 0.0437842346728, 0.0164543613791, 0.0166317336261, 0.0190500207245, 0.0179068874568, 0.00742897670716, 0.0101662399247, 0.00544137274846, 0.00154160708189, 0.00241626542993, 0.00616437289864, 0.00158489122987, 0.00114722934086, 0.000884928624146, 0.000938338460401, 0.00120646029245, 0.0012734112097, 0.000569732103031, 0.000662094797008, 0.000286457245238, 0.00029441062361, 0.000395565701183, 0.000714254623745, 0.0028465220239, 0.000532545614988, 0.000430071959272, 0.00022208772134, 0.000632877810858, 0.000314109434839, 0.000171130261151, 0.000210459620575, 0.000207447490538, 0.000179317168659, 0.000111972272862, 0.000103465004941, 8.31496945466e-05, 8.40548236738e-05],
        "mean": [0.0191550217569, 0.00717774406075, 0.00190946890507, 0.000512008438818, 0.000469317223178, 0.000441795215011, 0.000291527365334, 0.000291336968075, 0.000163202319527, 0.00014909679885, 9.64760984061e-05, 5.80602754781e-05, 7.43401178624e-05, 6.76610579831e-05, 5.71016098547e-05, 6.29238056717e-05, 4.87577635795e-05, 3.86622195947e-05, 3.77967589884e-05, 3.01838808809e-05, 2.17240758502e-05, 1.74687229446e-05, 1.57246413437e-05, 1.38604127642e-05, 1.16799501484e-05, 1.16798710224e-05, 1.1658904441e-05, 1.12314828584e-05, 9.79308424576e-06, 6.82552263243e-06, 7.60784405429e-06, 6.45925865683e-06, 6.11646146353e-06, 5.09562369189e-06, 5.66137168789e-06, 4.62232219434e-06, 3.96770201405e-06, 3.07699701807e-06, 2.31267563322e-06, 1.93000278159e-06],
        "median": [0.0123063661158, 0.0036580695305, 0.000788612233009, 0.000207287841477, 0.000179094568011, 0.000150730847963, 0.000107951600512, 9.42472543102e-05, 6.06090834481e-05, 5.09535057063e-05, 3.02357984765e-05, 2.49954591709e-05, 2.94207129627e-05, 2.11245715036e-05, 1.91849885596e-05, 2.08130732062e-05, 1.68579772435e-05, 1.29766258397e-05, 1.08368603833e-05, 8.94499135029e-06, 7.67746314523e-06, 6.55168287267e-06, 5.67026700082e-06, 4.81085953652e-06, 4.63923561256e-06, 3.90659488403e-06, 3.84630948247e-06, 3.80328765459e-06, 3.24860661749e-06, 2.67334871751e-06, 2.91014816867e-06, 2.73362957159e-06, 2.7909286473e-06, 2.36525011132e-06, 2.41086286223e-06, 2.14364695239e-06, 1.91346612155e-06, 1.55126656409e-06, 9.99932694867e-07, 7.80853270044e-07],
        "min": [3.50738129197e-24, 2.52448801698e-24, 1.99019232866e-24, 2.69433272811e-24, 2.70468159711e-24, 1.52601256975e-24, 2.71054342528e-24, 1.7224913944e-24, 3.56009573867e-24, 1.54414601677e-24, 2.46268825924e-24, 5.37713270421e-24, 3.80719971192e-24, 3.25879603517e-24, 2.69594831524e-24, 5.57054995969e-24, 4.98847671343e-24, 5.46755075788e-24, 2.55441148327e-24, 4.38768222016e-24, 3.74550013951e-24, 4.63436928042e-24, 3.90095109734e-24, 2.74243884661e-24, 5.62676734324e-24, 4.09045205285e-24, 4.12273815755e-24, 6.81743060623e-24, 4.6334403967e-24, 5.10173860119e-24, 6.3451683757e-24, 5.40769830328e-24, 4.34480960212e-24, 6.59785353984e-24, 5.79663749512e-24, 5.56268738305e-24, 6.36677488146e-24, 7.48528419289e-24, 7.43807244544e-24, 8.11985179366e-24],
        "var": [0.000423951365519, 0.000113853391667, 1.49958732436e-05, 1.56752844305e-06, 8.05054071407e-07, 8.47935950787e-07, 4.50778941286e-07, 4.5662952175e-07, 1.24424971659e-07, 1.11314662377e-07, 5.65371394146e-08, 1.02239390287e-08, 2.30690950787e-08, 3.03747746955e-08, 9.30981336467e-09, 1.04698507641e-08, 6.30091401277e-09, 4.50276793629e-09, 6.20116713534e-09, 4.18469348062e-09, 1.3996355186e-09, 7.76758768417e-10, 5.64729873975e-10, 5.11777675793e-10, 3.61314117514e-10, 4.97959673496e-10, 1.71943015381e-09, 5.04266406409e-10, 4.93602991813e-10, 1.36950964458e-10, 3.76460279616e-10, 1.83959139588e-10, 1.19182358427e-10, 1.07085507128e-10, 1.71550537664e-10, 9.52562334566e-11, 6.46401404625e-11, 3.58703032555e-11, 2.7233658037e-11, 2.35893145295e-11]
    },
    "mfcc": {
        "mean": [-643.368041992, 112.632255554, 19.5183372498, 21.5478668213, 10.9665126801, 16.7181682587, 7.19927501678, 8.83658313751, 4.1270532608, 11.2831401825, 6.57214355469, 8.93623638153, 4.61378526688],
        "cov": [[11179.1386719, -1932.51696777, -166.607345581, 408.083312988, 222.978424072, 177.756164551, -98.6889801025, -98.5258560181, -45.0128135681, -232.280670166, -203.723937988, -281.407043457, -146.58190918], [-1932.51696777, 2788.95361328, 283.849151611, 121.614059448, 80.6575241089, -36.6867408752, 50.8361625671, 22.2217388153, 40.5302238464, 90.2705230713, 123.474502563, 160.226425171, 108.033996582], [-166.607345581, 283.849151611, 953.273010254, 253.063064575, 179.986190796, 66.5442428589, 27.5110874176, 77.1200180054, 65.9394454956, 82.6050796509, 42.6463432312, 42.4149665833, 39.4774780273], [408.083312988, 121.614059448, 253.063064575, 469.822509766, 253.424072266, 157.982955933, 126.35508728, 53.5266342163, 90.6114578247, -8.44878673553, 23.8554916382, -18.7701663971, 25.345123291], [222.978424072, 80.6575241089, 179.986190796, 253.424072266, 322.757995605, 201.355361938, 115.631080627, 63.5863876343, 57.1023330688, 1.49997448921, 17.1075592041, -2.17002248764, 16.363445282], [177.756164551, -36.6867408752, 66.5442428589, 157.982955933, 201.355361938, 249.78717041, 146.658752441, 49.6950263977, 50.6600341797, -6.02236223221, 21.0701332092, -6.4210600853, 16.4914722443], [-98.6889801025, 50.8361625671, 27.5110874176, 126.35508728, 115.631080627, 146.658752441, 190.476577759, 81.4520263672, 59.2834281921, 9.70112514496, 37.2651023865, 10.6619300842, 27.4930858612], [-98.5258560181, 22.2217388153, 77.1200180054, 53.5266342163, 63.5863876343, 49.6950263977, 81.4520263672, 130.724121094, 75.5898361206, 41.24817276, 24.5688114166, 20.7400493622, 16.6743946075], [-45.0128135681, 40.5302238464, 65.9394454956, 90.6114578247, 57.1023330688, 50.6600341797, 59.2834281921, 75.5898361206, 137.11756897, 67.8787002563, 42.8367271423, 13.4043874741, 20.0580749512], [-232.280670166, 90.2705230713, 82.6050796509, -8.44878673553, 1.49997448921, -6.02236223221, 9.70112514496, 41.24817276, 67.8787002563, 134.403656006, 66.8013687134, 50.0632286072, 16.024684906], [-203.723937988, 123.474502563, 42.6463432312, 23.8554916382, 17.1075592041, 21.0701332092, 37.2651023865, 24.5688114166, 42.8367271423, 66.8013687134, 100.045928955, 60.222782135, 33.6033058167], [-281.407043457, 160.226425171, 42.4149665833, -18.7701663971, -2.17002248764, -6.4210600853, 10.6619300842, 20.7400493622, 13.4043874741, 50.0632286072, 60.222782135, 103.715446472, 52.6665039062], [-146.58190918, 108.033996582, 39.4774780273, 25.345123291, 16.363445282, 16.4914722443, 27.4930858612, 16.6743946075, 20.0580749512, 16.024684906, 33.6033058167, 52.6665039062, 86.1135482788]],
