{
"lowlevel": {
    "average_loudness": 0.98374325037,
    "barkbands_crest": {
        "dmean": 2.91028141975,
        "dmean2": 4.57293367386,
        "dvar": 11.3574485779,
        "dvar2": 25.5617485046,
        "max": 26.9072685242,
        "mean": 19.7177047729,
        "median": 20.3778533936,
        "min": 4.79668951035,
        "var": 16.3684978485
    },
    "barkbands_flatness_db": {
        "dmean": 0.0683759897947,
        "dmean2": 0.100451044738,
        "dvar": 0.00533352093771,
        "dvar2": 0.0119083272293,
        "max": 0.745027959347,
        "mean": 0.255659192801,
        "median": 0.220559149981,
        "min": 0.0298839490861,
        "var": 0.017550457269
    },
    "barkbands_kurtosis": {
        "dmean": 41.461566925,
        "dmean2": 67.3454208374,
        "dvar": 32925.8554688,
        "dvar2": 65266.7929688,
        "max": 10753.2138672,
        "mean": 49.3168449402,
        "median": 18.0481853485,
        "min": -1.48182559013,
        "var": 38518.2460938
    },
    "barkbands_skewness": {
        "dmean": 1.9859957695,
        "dmean2": 3.08006954193,
        "dvar": 5.76971817017,
        "dvar2": 13.1003036499,
        "max": 80.8615951538,
        "mean": 4.63437700272,
        "median": 3.80265426636,
        "min": -1.88605308533,
        "var": 11.1035509109
    },
    "barkbands_spread": {
        "dmean": 8.09052181244,
        "dmean2": 12.5468635559,
        "dvar": 98.2302093506,
        "dvar2": 214.520141602,
        "max": 83.2571105957,
        "mean": 13.2348928452,
        "median": 8.47987174988,
        "min": 0.0155018661171,
        "var": 200.981323242
    },
    "dissonance": {
        "dmean": 0.0376137271523,
        "dmean2": 0.0598462596536,
        "dvar": 0.00193644757383,
        "dvar2": 0.00465437211096,
        "max": 0.500000059605,
        "mean": 0.436691701412,
        "median": 0.456024259329,
        "min": 0.0537993833423,
        "var": 0.00366829964332
    },
    "dynamic_complexity": 2.25823354721,
    "erbbands_crest": {
        "dmean": 4.41077470779,
        "dmean2": 6.95849847794,
        "dvar": 17.9917583466,
        "dvar2": 33.2757949829,
        "max": 33.8798789978,
        "mean": 12.2316808701,
        "median": 10.9089565277,
        "min": 1.96496093273,
        "var": 39.9149017334
    },
    "erbbands_flatness_db": {
        "dmean": 0.0389779098332,
        "dmean2": 0.0563934855163,
        "dvar": 0.00218840548769,
        "dvar2": 0.00452788360417,
        "max": 0.441016465425,
        "mean": 0.144017592072,
        "median": 0.114953100681,
        "min": 0.0248772539198,
        "var": 0.00568661093712
    },
    "erbbands_kurtosis": {
        "dmean": 3.37009072304,
        "dmean2": 5.51215028763,
        "dvar": 35.8463516235,
        "dvar2": 85.1537628174,
        "max": 115.117805481,
        "mean": 2.54117488861,
        "median": 0.277464985847,
        "min": -1.8462023735,
        "var": 46.9680404663
    },
    "erbbands_skewness": {
        "dmean": 0.825810074806,
        "dmean2": 1.25663805008,
        "dvar": 0.749462664127,
        "dvar2": 1.83526659012,
        "max": 7.30998516083,
        "mean": 0.547728061676,
        "median": 0.492827117443,
        "min": -4.90659999847,
        "var": 1.29907929897
    },
    "erbbands_spread": {
        "dmean": 19.9874286652,
        "dmean2": 31.7173976898,
        "dvar": 533.225219727,
        "dvar2": 1164.30151367,
        "max": 185.9868927,
        "mean": 47.9675521851,
        "median": 47.7798500061,
        "min": 1.55632388592,
        "var": 851.649475098
    },
    "hfc": {
        "dmean": 15.6356706619,
        "dmean2": 24.0653858185,
        "dvar": 475.151153564,
        "dvar2": 1114.5892334,
        "max": 210.374786377,
        "mean": 24.7210712433,
        "median": 15.5838317871,
        "min": 1.16672012221e-16,
        "var": 673.962219238
    },
    "melbands_crest": {
        "dmean": 2.91246557236,
        "dmean2": 4.51597690582,
        "dvar": 13.430896759,
        "dvar2": 31.330280304,
        "max": 39.9205093384,
        "mean": 27.8940887451,
        "median": 28.9998512268,
        "min": 1.54106891155,
        "var": 30.1128807068
    },
    "melbands_flatness_db": {
        "dmean": 0.0793432071805,
        "dmean2": 0.115241788328,
        "dvar": 0.00711335428059,
        "dvar2": 0.0159082114697,
        "max": 0.931018650532,
        "mean": 0.371751844883,
        "median": 0.331102192402,
        "min": 0.0024489199277,
        "var": 0.0241698212922
    },
    "melbands_kurtosis": {
        "dmean": 65.243812561,
        "dmean2": 104.797561646,
        "dvar": 18931.1914062,
        "dvar2": 42213.3046875,
        "max": 4602.46875,
        "mean": 86.5005645752,
        "median": 41.6066131592,
        "min": -1.72404372692,
        "var": 23792.6855469
    },
    "melbands_skewness": {
        "dmean": 2.34530520439,
        "dmean2": 3.67616271973,
        "dvar": 7.87576436996,
        "dvar2": 16.9968204498,
        "max": 54.0310935974,
        "mean": 6.31201267242,
        "median": 5.30309724808,
        "min": -0.0468616113067,
        "var": 14.1779031754
    },
    "melbands_spread": {
        "dmean": 4.81392240524,
        "dmean2": 7.51577377319,
        "dvar": 37.6281471252,
        "dvar2": 78.669418335,
        "max": 132.639068604,
        "mean": 7.98006439209,
        "median": 5.09056568146,
        "min": 0.0492824427783,
        "var": 76.5786132812
    },
    "pitch_salience": {
        "dmean": 0.0883679836988,
        "dmean2": 0.139294400811,
        "dvar": 0.0106024742126,
        "dvar2": 0.025237120688,
        "max": 0.94303548336,
        "mean": 0.269118160009,
        "median": 0.24689219892,
        "min": 0.00884654186666,
        "var": 0.0140717066824
    },
    "silence_rate_20dB": {
        "dmean": 0,
        "dmean2": 0,
        "dvar": 0,
        "dvar2": 0,
        "max": 1,
        "mean": 1,
        "median": 1,
        "min": 1,
        "var": 0
    },
    "silence_rate_30dB": {
        "dmean": 0.141997948289,
        "dmean2": 0.284037560225,
        "dvar": 0.121827989817,
        "dvar2": 0.237693101168,
        "max": 1,
        "mean": 0.795247852802,
        "median": 1,
        "min": 0,
        "var": 0.162831142545
    },
    "silence_rate_60dB": {
        "dmean": 0.000293384189717,
        "dmean2": 0.000586854468565,
        "dvar": 0.000293271965347,
        "dvar2": 0.0005865189014,
        "max": 1,
        "mean": 0.00586682325229,
        "median": 0,
        "min": 0,
        "var": 0.00583231449127
    },
    "spectral_centroid": {
        "dmean": 437.139709473,
        "dmean2": 667.097412109,
        "dvar": 228282.703125,
        "dvar2": 475667.5,
        "max": 11478.6972656,
        "mean": 1104.47277832,
        "median": 938.601135254,
        "min": 66.9908676147,
        "var": 591590.4375
    },
    "spectral_complexity": {
        "dmean": 5.35220766068,
        "dmean2": 8.73503494263,
        "dvar": 55.6589546204,
        "dvar2": 130.015914917,
        "max": 52,
        "mean": 12.8303022385,
        "median": 10,
        "min": 0,
        "var": 84.4510574341
    },
    "spectral_decrease": {
        "dmean": 7.22209270165e-09,
        "dmean2": 1.14618705638e-08,
        "dvar": 1.0230665769e-16,
        "dvar2": 2.68053687614e-16,
        "max": 2.55882422789e-29,
        "mean": -2.27746657089e-08,
        "median": -2.12454871473e-08,
        "min": -9.79458221195e-08,
        "var": 1.46913033966e-16
    },
    "spectral_energy": {
        "dmean": 0.0281364340335,
        "dmean2": 0.044520586729,
        "dvar": 0.00147877901327,
        "dvar2": 0.00387337547727,
        "max": 0.372657299042,
        "mean": 0.0881991013885,
        "median": 0.0822352916002,
        "min": 1.04859182093e-20,
        "var": 0.00213877297938
    },
    "spectral_energyband_high": {
        "dmean": 0.00127890682779,
        "dmean2": 0.00205639074557,
        "dvar": 5.19279365108e-06,
        "dvar2": 1.25633287098e-05,
        "max": 0.0221860501915,
        "mean": 0.00143681769259,
        "median": 0.000507650082,
        "min": 7.50519225904e-21,
        "var": 6.10840515947e-06
    },
    "spectral_energyband_low": {
        "dmean": 0.0247716922313,
        "dmean2": 0.0399686992168,
        "dvar": 0.00133557477966,
        "dvar2": 0.00348994717933,
        "max": 0.369969934225,
        "mean": 0.0754761919379,
        "median": 0.0710696876049,
        "min": 3.02866452263e-23,
        "var": 0.00187167734839
    },
    "spectral_energyband_middle_high": {
        "dmean": 0.00254393368959,
        "dmean2": 0.0039911903441,
        "dvar": 1.67402704392e-05,
        "dvar2": 3.31960582116e-05,
        "max": 0.0390771888196,
        "mean": 0.00358092156239,
        "median": 0.00155243836343,
        "min": 1.68571805481e-21,
        "var": 2.54107835644e-05
    },
    "spectral_energyband_middle_low": {
        "dmean": 0.00760438339785,
        "dmean2": 0.013635658659,
        "dvar": 0.00035019844654,
        "dvar2": 0.000986978295259,
        "max": 0.142293155193,
        "mean": 0.00964189041406,
        "median": 0.00558260176331,
        "min": 2.72267200392e-22,
        "var": 0.000223699389608
    },
    "spectral_entropy": {
        "dmean": 0.528377771378,
        "dmean2": 0.792976915836,
        "dvar": 0.388825416565,
        "dvar2": 0.857937097549,
        "max": 9.79842090607,
        "mean": 7.30460500717,
        "median": 7.64115905762,
        "min": 3.92169857025,
        "var": 0.928579509258
    },
    "spectral_flux": {
        "dmean": 0.0580486431718,
        "dmean2": 0.0932711958885,
        "dvar": 0.00505217071623,
        "dvar2": 0.0091196866706,
        "max": 0.580841004848,
        "mean": 0.120689287782,
        "median": 0.0897977948189,
        "min": 1.02400775359e-10,
        "var": 0.010169849731
    },
    "spectral_kurtosis": {
        "dmean": 8.28717136383,
        "dmean2": 13.3459568024,
        "dvar": 373.312561035,
        "dvar2": 823.505310059,
        "max": 223.44354248,
        "mean": 12.3697080612,
        "median": 3.00407552719,
        "min": -1.21528756618,
        "var": 734.697143555
    },
    "spectral_rms": {
        "dmean": 0.0014455273049,
        "dmean2": 0.00223608105443,
        "dvar": 2.95339259537e-06,
        "dvar2": 7.52942969484e-06,
        "max": 0.0190674625337,
        "mean": 0.00897605158389,
        "median": 0.0089570954442,
        "min": 3.19846276201e-12,
        "var": 5.47797617401e-06
    },
    "spectral_rolloff": {
        "dmean": 340.001708984,
        "dmean2": 590.750793457,
        "dvar": 614694.125,
        "dvar2": 1518975.5,
        "max": 18906.1523438,
        "mean": 411.454620361,
        "median": 107.666015625,
        "min": 21.533203125,
        "var": 620314.9375
    },
    "spectral_skewness": {
        "dmean": 0.827134847641,
        "dmean2": 1.23741936684,
        "dvar": 2.00398397446,
        "dvar2": 4.24554538727,
        "max": 13.7108154297,
        "mean": 2.28236985207,
        "median": 1.48269414902,
        "min": -0.0425299890339,
        "var": 4.41715669632
    },
    "spectral_spread": {
        "dmean": 1430623.125,
        "dmean2": 2056299.25,
        "dvar": 3.02283882496e+12,
        "dvar2": 5.66880790118e+12,
        "max": 41616856,
        "mean": 6191820.5,
        "median": 6379049,
        "min": 590780.3125,
        "var": 6.08679493632e+12
    },
    "spectral_strongpeak": {
        "dmean": 0.137440547347,
        "dmean2": 0.223408475518,
        "dvar": 0.0401437915862,
        "dvar2": 0.104226268828,
        "max": 3.02048611641,
        "mean": 0.554275393486,
        "median": 0.537921786308,
        "min": 0,
        "var": 0.0581342168152
    },
    "zerocrossingrate": {
        "dmean": 0.00990694481879,
        "dmean2": 0.0126231731847,
        "dvar": 0.000143807250424,
        "dvar2": 0.000189499565749,
        "max": 0.587890625,
        "mean": 0.0236656703055,
        "median": 0.01708984375,
        "min": 0,
        "var": 0.000581098953262
    },
    "barkbands": {
        "dmean": [0.00179027230479, 0.0217944197357, 0.00920009613037, 0.00469245528802, 0.0011709977407, 0.000699147407431, 0.000419712392613, 0.000449445215054, 0.000968343578279, 0.000688004656695, 0.000795890460722, 0.000347065157257, 0.000149840969243, 0.000120415039419, 0.000195991029614, 0.000243316026172, 0.000265745795332, 0.000401055760449, 0.000230408943025, 0.000317583035212, 0.000169357706909, 0.000204652169487, 0.000206423166674, 0.000279732863419, 0.000207270000828, 9.38132507144e-05, 1.72342042788e-05],
        "dmean2": [0.0027101454325, 0.0346345975995, 0.0170704387128, 0.00900104921311, 0.00206551048905, 0.00119156180881, 0.000700344098732, 0.000704582489561, 0.00150808785111, 0.00108350382652, 0.00122898106929, 0.000606426619925, 0.000241034023929, 0.00021167997329, 0.000352127244696, 0.000444493605755, 0.000475815846585, 0.000693870882969, 0.000366260559531, 0.000491435581353, 0.000282607506961, 0.000340056110872, 0.00033760885708, 0.000454265187727, 0.000335787073709, 0.000146488717292, 2.91445630864e-05],
        "dvar": [8.48910258355e-06, 0.000960412668064, 0.000790587684605, 0.000234902065131, 8.74126089911e-06, 1.84380598967e-06, 5.32730666691e-07, 6.77420985085e-07, 6.56555903333e-06, 3.09419306177e-06, 4.007492862e-06, 8.30954832054e-07, 1.07508974168e-07, 6.63544383883e-08, 1.82006360205e-07, 3.71231465124e-07, 4.72232159154e-07, 1.31747560772e-06, 1.59235767683e-07, 4.2161960323e-07, 1.09545631233e-07, 1.62152346661e-07, 2.25143509169e-07, 3.72088805989e-07, 1.28752290607e-07, 2.59277541659e-08, 7.73838215729e-10],
        "dvar2": [2.05799078685e-05, 0.00237161992118, 0.00221430091187, 0.000677482108586, 2.37853091676e-05, 4.87727766085e-06, 1.3787696389e-06, 1.33362118504e-06, 1.19033347801e-05, 5.33683760295e-06, 6.41811720925e-06, 2.04511729862e-06, 2.4299265533e-07, 1.72414033273e-07, 4.97871837979e-07, 1.05653691662e-06, 1.33398543767e-06, 3.47885475094e-06, 3.74143155568e-07, 9.2130107987e-07, 2.71640686833e-07, 4.12686091522e-07, 5.7323177316e-07, 8.99344115624e-07, 3.14714128535e-07, 5.9896564153e-08, 1.96286098486e-09],
        "max": [0.0471215844154, 0.337872952223, 0.215980768204, 0.115010559559, 0.0321198143065, 0.0222015175968, 0.0102775245905, 0.0178141109645, 0.0375469252467, 0.0189151335508, 0.0228473413736, 0.0182402636856, 0.00438173860312, 0.00320990872569, 0.00416873348877, 0.0060300049372, 0.0075542088598, 0.0117901079357, 0.00317936204374, 0.0077906139195, 0.00351228518412, 0.00396018056199, 0.00475678080693, 0.00652690883726, 0.00324422540143, 0.00205726316199, 0.000292746437481],
        "mean": [0.00551084103063, 0.0616781637073, 0.00661742640659, 0.00315231713466, 0.00141673604958, 0.00134985870682, 0.000871245982125, 0.00102109310683, 0.0012628196273, 0.000950406829361, 0.000983618781902, 0.000374657800421, 0.000201807983103, 0.000122880388517, 0.00015480289585, 0.00018218473997, 0.000210331199924, 0.000315747369314, 0.00023997608514, 0.000322536798194, 0.000208618774195, 0.000221440277528, 0.000205674528843, 0.000271139404504, 0.000216104890569, 0.000117469571705, 1.90029204532e-05],
        "median": [0.00383032578975, 0.0600070878863, 0.00143670430407, 0.000710633350536, 0.000742451054975, 0.000758858048357, 0.00062043039361, 0.00027050517383, 9.98766918201e-05, 9.41386824707e-05, 8.07781034382e-05, 4.70171507914e-05, 2.45807386818e-05, 2.05250034924e-05, 2.75066267932e-05, 2.31273188547e-05, 3.57174139936e-05, 3.72565918951e-05, 5.45224829693e-05, 5.95625970163e-05, 8.66774789756e-05, 7.25024874555e-05, 5.44563554286e-05, 6.80786179146e-05, 7.16602226021e-05, 4.02858422603e-05, 6.8837116487e-06],
        "min": [7.86133655299e-24, 9.39736627574e-24, 9.68804810867e-24, 2.89375573943e-23, 7.58400398207e-23, 2.21422748468e-23, 6.48551012284e-23, 4.19994531541e-23, 3.74994497628e-23, 1.46283242375e-23, 1.03743400568e-22, 9.3555110516e-23, 8.29020046857e-23, 1.02695383078e-22, 1.65747526931e-22, 2.50076101367e-22, 2.74090996318e-22, 2.80378659495e-22, 1.56415416018e-22, 2.4105764155e-22, 4.33914947779e-22, 5.33034601079e-22, 5.6298586998e-22, 7.9171680889e-22, 1.22356572365e-21, 1.81013169369e-21, 2.2631839274e-21],
        "var": [3.25973705912e-05, 0.00118629529607, 0.000470366212539, 0.000128362487885, 5.95533811065e-06, 2.66368601842e-06, 9.60964825936e-07, 2.93227071779e-06, 1.01064315459e-05, 5.67943061469e-06, 6.48609693599e-06, 1.18859986742e-06, 2.31510142612e-07, 7.07327387772e-08, 1.29023149498e-07, 2.45659606435e-07, 3.18389794529e-07, 9.8471707588e-07, 1.90811917378e-07, 5.5148956335e-07, 1.24638518173e-07, 1.64420782767e-07, 2.13698214679e-07, 3.80989490623e-07, 1.39955474765e-07, 3.87053979978e-08, 8.63365545722e-10]
    },
    "erbbands": {
        "dmean": [0.931977510452, 4.14842414856, 9.25133895874, 14.3873529434, 8.8251953125, 2.86658978462, 4.09967327118, 6.47920751572, 7.18816423416, 8.53813743591, 6.59824800491, 27.4539165497, 23.2265014648, 13.6033010483, 39.1193237305, 14.8489732742, 7.75622987747, 6.38717603683, 8.62920856476, 13.8010473251, 9.85212898254, 14.7574129105, 24.8297729492, 13.0375442505, 11.8479824066, 14.9116039276, 8.28928756714, 7.19628190994, 6.98310899734, 5.89955711365, 6.37253665924, 5.6201133728, 4.85027456284, 2.56935477257, 1.32497346401, 0.540338635445, 0.145337596536, 0.0350219011307, 0.00246364343911, 6.61911908537e-05],
        "dmean2": [1.44108963013, 6.5749630928, 16.5086898804, 27.0137653351, 16.4182262421, 5.01931285858, 7.25348234177, 10.9963846207, 11.7228498459, 13.5656328201, 10.4261674881, 42.4108123779, 36.8058242798, 21.6700325012, 60.4664878845, 24.3102149963, 12.4262218475, 11.0547428131, 15.2461042404, 25.4768676758, 17.4105510712, 26.2441730499, 42.466381073, 21.0874633789, 19.1412143707, 23.3273620605, 13.5797548294, 12.0564889908, 11.6359634399, 9.56822776794, 10.4863471985, 8.95010662079, 8.05414009094, 4.11948728561, 2.18013715744, 0.856739163399, 0.229531243443, 0.0577284954488, 0.00404363544658, 0.000104739512608],
        "dvar": [1.52372968197, 46.4206542969, 694.786804199, 2118.70776367, 697.128295898, 48.672203064, 104.828063965, 148.280883789, 161.323730469, 235.170013428, 142.123809814, 5635.89306641, 3186.0859375, 1763.07141113, 9918.21191406, 1481.39660645, 281.979980469, 194.666915894, 324.585205078, 940.95916748, 514.346069336, 1440.3918457, 5531.06396484, 602.000244141, 369.20489502, 989.755493164, 267.082244873, 210.930252075, 169.979537964, 182.156570435, 211.40397644, 161.229888916, 111.283317566, 21.4448680878, 5.15940093994, 0.859704434872, 0.0612550526857, 0.0030356135685, 1.5379897377e-05, 5.68922198241e-09],
        "dvar2": [3.66225647926, 110.20690918, 1906.01379395, 6017.64746094, 1971.84423828, 133.098724365, 290.837371826, 389.338470459, 400.345092773, 481.329528809, 276.293914795, 10348.6259766, 5656.77587891, 3005.7253418, 16072.0185547, 3273.77197266, 660.12890625, 501.941009521, 879.43560791, 2685.03930664, 1421.81591797, 4029.24438477, 14494.9394531, 1446.78283691, 825.209716797, 2059.93017578, 650.619995117, 528.396362305, 434.323059082, 459.727172852, 534.143432617, 387.194793701, 277.699279785, 51.041229248, 12.8785161972, 1.99783587456, 0.143915235996, 0.00752380630001, 3.72793692804e-05, 1.35997133555e-08],
        "max": [12.8291873932, 74.7964706421, 202.755844116, 336.082794189, 220.972488403, 90.0615234375, 118.422103882, 187.40802002, 178.747772217, 343.368804932, 208.448303223, 1087.42211914, 764.96295166, 673.684509277, 1099.49890137, 932.493591309, 222.745346069, 175.64515686, 207.720001221, 259.548461914, 220.639724731, 416.519775391, 768.401123047, 223.523071289, 139.85874939, 374.919555664, 162.508102417, 158.445739746, 101.047401428, 148.349105835, 144.017150879, 146.797866821, 103.138748169, 46.7509498596, 19.5393028259, 13.2226581573, 3.34362649918, 0.549817979336, 0.0476121865213, 0.000887285568751],
        "mean": [2.71339011192, 10.0275201797, 8.71788406372, 10.2963180542, 7.3533372879, 3.77893781662, 4.87256288528, 13.1016454697, 16.740776062, 20.3921146393, 12.5313634872, 35.482334137, 33.3133430481, 17.887922287, 49.9018173218, 18.4875850677, 10.4829444885, 7.32695293427, 7.32827949524, 10.0509567261, 8.46802043915, 11.6316757202, 19.6605453491, 13.0756492615, 12.4915266037, 15.3046913147, 9.47106933594, 8.2031917572, 7.52077388763, 6.7920126915, 6.15269708633, 5.65376281738, 4.47713518143, 2.65704488754, 1.37371921539, 0.647448122501, 0.182482346892, 0.0425440780818, 0.00298415287398, 0.000149442566908],
        "median": [2.66816186905, 7.7680311203, 3.0044298172, 2.3571562767, 2.73531150818, 1.99753046036, 2.67150163651, 7.41477966309, 10.8394441605, 8.18846702576, 4.29253721237, 2.94739222527, 5.05310440063, 3.58322811127, 5.39313602448, 2.7133808136, 1.81028747559, 1.50745415688, 1.51880717278, 1.57142603397, 1.66328048706, 2.03522062302, 2.05706071854, 2.67837429047, 2.73031234741, 2.94414258003, 2.88698935509, 3.12018251419, 2.4654211998, 2.20749235153, 1.65326058865, 1.35639941692, 1.11183047295, 0.824066638947, 0.491060733795, 0.19677901268, 0.07098210603, 0.0177312772721, 0.00111371092498, 0.000121108183521],
        "min": [3.25428524174e-22, 2.18174419947e-21, 1.04823994606e-20, 4.66119861777e-20, 2.30083828749e-19, 1.77269871751e-19, 2.43291163095e-19, 1.76870188419e-19, 5.35874639278e-19, 1.58872340952e-18, 5.83916048484e-19, 7.79994714895e-19, 5.67307192362e-19, 1.12478417033e-18, 5.4657299007e-18, 3.898133718e-18, 3.58013902075e-18, 4.75322216365e-18, 6.78714141668e-18, 9.19488840394e-18, 1.71063829264e-17, 1.83560576174e-17, 1.59104898646e-17, 8.42702408593e-18, 1.03290043089e-17, 1.04976449292e-17, 1.53866049498e-17, 1.86774966947e-17, 1.83861703004e-17, 1.79707320726e-17, 1.51931489112e-17, 1.5727649862e-17, 1.4106850663e-17, 1.2323671774e-17, 9.43248610873e-18, 5.41769552253e-18, 3.54409421197e-18, 1.37064437546e-18, 2.81156208665e-19, 3.65390944347e-20],
        "var": [2.41598391533, 64.3631591797, 458.406188965, 1214.20581055, 405.751586914, 34.7124671936, 71.0058288574, 249.28012085, 352.882110596, 997.862915039, 423.722381592, 8330.6640625, 6201.79589844, 2883.23388672, 16152.8076172, 2705.48266602, 533.294494629, 221.439468384, 252.052230835, 618.916564941, 383.967193604, 988.770507812, 4207.86572266, 633.366760254, 488.709655762, 1312.11999512, 307.079467773, 217.157196045, 174.050201416, 188.822479248, 198.323074341, 169.586700439, 105.819244385, 23.9674491882, 5.40543174744, 1.27151918411, 0.0837503448129, 0.00385192548856, 2.01515867957e-05, 9.18047948772e-09]
    },
    "gfcc": {
        "mean": [-13.4336490631, 86.1829071045, -42.7139015198, 35.664100647, -45.5395431519, 23.6047058105, -16.3562049866, 24.5735759735, -14.4768180847, 13.9358463287, -6.8316950798, 11.6665258408, -8.72439002991],
        "cov": [[12989.6191406, -3937.28100586, -3328.28100586, 1295.50622559, -861.651245117, 275.078033447, -442.230499268, 542.489562988, -356.985778809, 300.901092529, -170.215942383, -46.6687774658, -116.215538025], [-3937.28100586, 2224.33789062, 1324.35803223, -761.146606445, 420.693115234, -144.69480896, 253.61656189, -291.232025146, 135.958343506, -161.733200073, 1.16436159611, 29.5103530884, -13.2452325821], [-3328.28100586, 1324.35803223, 1526.16491699, -374.37677002, 89.5205993652, -91.1965179443, 130.203689575, -110.987579346, 110.29801178, -87.9255065918, 85.4946746826, 2.21155905724, 28.6915092468], [1295.50622559, -761.146606445, -374.37677002, 585.161132812, -50.0829963684, -69.6958694458, -199.708145142, 42.4688911438, -11.2016134262, 72.6326370239, 40.3446540833, -63.3141822815, -3.98034071922], [-861.651245117, 420.693115234, 89.5205993652, -50.0829963684, 400.646881104, -19.2111434937, 15.3513355255, -135.303421021, 21.9777526855, -48.25390625, -3.67324590683, 8.9525346756, -13.4724149704], [275.078033447, -144.69480896, -91.1965179443, -69.6958694458, -19.2111434937, 206.133087158, 46.2271080017, -7.96436452866, -67.9193115234, -24.763217926, 3.49849104881, 37.6532020569, 30.0713424683], [-442.230499268, 253.61656189, 130.203689575, -199.708145142, 15.3513355255, 46.2271080017, 199.310913086, 45.7433433533, -14.7942943573, -69.6087417603, -38.6594734192, 29.3966274261, 26.0457458496], [542.489562988, -291.232025146, -110.987579346, 42.4688911438, -135.303421021, -7.96436452866, 45.7433433533, 233.16569519, 15.4086837769, -23.8014774323, -48.5922813416, -26.9461174011, 36.5253105164], [-356.985778809, 135.958343506, 110.29801178, -11.2016134262, 21.9777526855, -67.9193115234, -14.7942943573, 15.4086837769, 163.204605103, 55.6202430725, -29.3709888458, -29.4899101257, -4.20858430862], [300.901092529, -161.733200073, -87.9255065918, 72.6326370239, -48.25390625, -24.763217926, -69.6087417603, -23.8014774323, 55.6202430725, 167.674453735, 59.6455192566, -29.1828041077, -31.1057510376], [-170.215942383, 1.16436159611, 85.4946746826, 40.3446540833, -3.67324590683, 3.49849104881, -38.6594734192, -48.5922813416, -29.3709888458, 59.6455192566, 160.341217041, 54.271320343, -18.6125068665], [-46.6687774658, 29.5103530884, 2.21155905724, -63.3141822815, 8.9525346756, 37.6532020569, 29.3966274261, -26.9461174011, -29.4899101257, -29.1828041077, 54.271320343, 130.205490112, 19.5327472687], [-116.215538025, -13.2452325821, 28.6915092468, -3.98034071922, -13.4724149704, 30.0713424683, 26.0457458496, 36.5253105164, -4.20858430862, -31.1057510376, -18.6125068665, 19.5327472687, 96.1434707642]],
        "icov": [[0.000295830017421, -0.000232937178225, 0.000452550360933, -0.000575508689508, 0.000395996728912, -0.000473178079119, 0.000274136604276, -0.000617509300355, 0.000591388030443, -0.000659019104205, 0.000756123161409, -0.000630355149042, 0.000617555808276], [-0.000232937178225, 0.00457914499566, -0.00193565001246, 0.00453047268093, -0.00211619841866, 0.00390636827797, -0.00197193282656, 0.00439867423847, -0.00264247297309, 0.0037445796188, -0.00279013742693, 0.0031329174526, -0.00162154657301], [0.000452550360933, -0.00193565001246, 0.00268033472821, -0.0015135128051, 0.00172562606167, -0.00133439851925, 0.000498531386256, -0.00125329301227, -8.3612256276e-05, 4.80649105157e-05, -0.000732958200388, -3.21232255374e-05, 0.000294605240924], [-0.000575508689508, 0.00453047268093, -0.0015135128051, 0.00849630311131, -0.0024900091812, 0.00512332934886, 0.000649476482067, 0.0041296617128, -0.00311408401467, 0.00512967351824, -0.00554230529815, 0.00562476133928, -0.00365666649304], [0.000395996728912, -0.00211619841866, 0.00172562606167, -0.0024900091812, 0.00511549646035, -0.00166962342337, 6.3227249484e-05, 0.000566140806768, -0.000312705844408, 0.000508532568347, 0.000602601387072, -0.000741710828152, 0.000994097441435], [-0.000473178079119, 0.00390636827797, -0.00133439851925, 0.00512332934886, -0.00166962342337, 0.0104063991457, -0.00284528918564, 0.00503684207797, -0.000562836939935, 0.00340476352721, -0.00338556920178, 0.00293037598021, -0.00422886153683], [0.000274136604276, -0.00197193282656, 0.000498531386256, 0.000649476482067, 6.3227249484e-05, -0.00284528918564, 0.0110034318641, -0.00534935062751, 0.00278107402846, -0.00142611842602, 0.00312560005113, -0.00302816135809, 0.000768609635998], [-0.000617509300355, 0.00439867423847, -0.00125329301227, 0.0041296617128, 0.000566140806768, 0.00503684207797, -0.00534935062751, 0.0129910018295, -0.00601045833901, 0.00746963685378, -0.0050813308917, 0.00634736148641, -0.00469736335799], [0.000591388030443, -0.00264247297309, -8.3612256276e-05, -0.00311408401467, -0.000312705844408, -0.000562836939935, 0.00278107402846, -0.00601045833901, 0.014469130896, -0.0108570065349, 0.00915960595012, -0.00565645936877, 0.00195220613386], [-0.000659019104205, 0.0037445796188, 4.80649105157e-05, 0.00512967351824, 0.000508532568347, 0.00340476352721, -0.00142611842602, 0.00746963685378, -0.0108570065349, 0.0191418994218, -0.0128788016737, 0.00980041734874, -0.00229425961152], [0.000756123161409, -0.00279013742693, -0.000732958200388, -0.00554230529815, 0.000602601387072, -0.00338556920178, 0.00312560005113, -0.0050813308917, 0.00915960595012, -0.0128788016737, 0.0193744171411, -0.0122699327767, 0.00522363651544], [-0.000630355149042, 0.0031329174526, -3.21232255374e-05, 0.00562476133928, -0.000741710828152, 0.00293037598021, -0.00302816135809, 0.00634736148641, -0.00565645936877, 0.00980041734874, -0.0122699327767, 0.0175686050206, -0.00572088779882], [0.000617555808276, -0.00162154657301, 0.000294605240924, -0.00365666649304, 0.000994097441435, -0.00422886153683, 0.000768609635998, -0.00469736335799, 0.00195220613386, -0.00229425961152, 0.00522363651544, -0.00572088779882, 0.0152399260551]]
    },
    "melbands": {
        "dmean": [0.00696432869881, 0.00447547994554, 0.00238932552747, 0.000341072212905, 0.000140654039569, 0.000142351826071, 0.000103455648059, 0.000101910140074, 5.32340345671e-05, 0.000179240334546, 0.000111488094262, 5.26221410837e-05, 0.000107965235657, 6.42092054477e-05, 2.44578786806e-05, 1.54973276949e-05, 1.19507139971e-05, 1.27067505673e-05, 1.55113193614e-05, 2.03933759622e-05, 1.08009362521e-05, 1.41194186654e-05, 1.8185502995e-05, 2.37489512074e-05, 9.40069094213e-06, 9.06218883756e-06, 9.70372093434e-06, 1.06942361526e-05, 5.74595014768e-06, 4.38668212155e-06, 4.28384100815e-06, 4.07851621276e-06, 3.95183633373e-06, 3.10138398163e-06, 3.80727487936e-06, 3.50405161953e-06, 3.32635067934e-06, 3.72608815269e-06, 2.71080261882e-06, 1.9751958007e-06],
        "dmean2": [0.0109294774011, 0.00732506765053, 0.0044585512951, 0.000617501325905, 0.000249450531555, 0.000241353060119, 0.000168707483681, 0.000161441290402, 8.41710862005e-05, 0.000276749662589, 0.000177271998837, 8.50134383654e-05, 0.000167951133335, 0.00010150262824, 4.08025189245e-05, 2.56370130955e-05, 2.08172914427e-05, 2.24611612794e-05, 2.80848835246e-05, 3.78731347155e-05, 1.92678835447e-05, 2.52821846516e-05, 3.21398365486e-05, 4.07435363741e-05, 1.52621614689e-05, 1.44469449879e-05, 1.64299890457e-05, 1.7185251636e-05, 9.47296757658e-06, 7.45075294617e-06, 7.16837303116e-06, 6.96131655786e-06, 6.50163292448e-06, 5.04545550939e-06, 6.3447505454e-06, 5.66218341191e-06, 5.31909108759e-06, 6.32300134384e-06, 4.35809897681e-06, 3.20485014527e-06],
        "dvar": [8.94584663911e-05, 9.99733674689e-05, 5.65889349673e-05, 8.46048351377e-07, 1.21630492345e-07, 7.11281487042e-08, 3.27837206271e-08, 3.45523076817e-08, 1.27013350948e-08, 2.38766006078e-07, 7.6274353944e-08, 3.46922419681e-08, 7.36003542556e-08, 1.97304093064e-08, 4.2785774923e-09, 1.35192901318e-09, 7.66659347118e-10, 7.26386617522e-10, 1.08133069165e-09, 2.46192755071e-09, 7.72838126828e-10, 1.24029597703e-09, 2.12897743879e-09, 5.76793768303e-09, 3.16741882722e-10, 2.46604570098e-10, 2.7199750785e-10, 6.66836086349e-10, 1.7794683782e-10, 7.58088383734e-11, 7.58887605534e-11, 6.22612100765e-11, 9.08285807677e-11, 4.97049727766e-11, 7.86558387866e-11, 6.17478707055e-11, 6.01399346989e-11, 7.25580082128e-11, 2.75952871664e-11, 1.22297233104e-11],
        "dvar2": [0.000220663496293, 0.000261664215941, 0.000159977280418, 2.33231185121e-06, 3.38494174912e-07, 1.85265491837e-07, 8.13377738496e-08, 6.92217483333e-08, 2.24533582838e-08, 4.37337320136e-07, 1.36603887313e-07, 5.91100004499e-08, 1.20572792639e-07, 3.67006549595e-08, 1.08476578831e-08, 3.11156855837e-09, 1.98092586778e-09, 1.96304372757e-09, 2.98936231324e-09, 7.09100556051e-09, 2.19827400727e-09, 3.51967965884e-09, 5.68559510583e-09, 1.52230246186e-08, 7.84986686764e-10, 5.7788035468e-10, 6.77055467246e-10, 1.41549039157e-09, 4.49842663119e-10, 1.92897822715e-10, 1.90214746731e-10, 1.63748473114e-10, 2.33701308305e-10, 1.26648566634e-10, 2.0187584937e-10, 1.51654758196e-10, 1.45833581322e-10, 1.8597612339e-10, 6.57474977239e-11, 2.93543488128e-11],
        "max": [0.0974411740899, 0.0969034284353, 0.0544118843973, 0.00834544282407, 0.00427497318015, 0.00414819316939, 0.00252887816168, 0.00425440166146, 0.00176375103183, 0.0073305265978, 0.00373262097128, 0.00300453719683, 0.00320597970858, 0.00206288998015, 0.001003822661, 0.000524116796441, 0.000396438030293, 0.000304881250486, 0.000306097354041, 0.000485632917844, 0.00028388237115, 0.000377532298444, 0.000444668694399, 0.000795818516053, 0.000161055097124, 0.000145034122397, 0.000147804894368, 0.000304596731439, 0.000142793025589, 0.000103035476059, 9.24804990063e-05, 5.60246699024e-05, 0.000103528880572, 7.81329945312e-05, 8.92829266377e-05, 8.91740201041e-05, 8.65556576173e-05, 8.12370417407e-05, 5.72717763134e-05, 3.64277475455e-05],
        "mean": [0.0202470663935, 0.00743516720831, 0.00174104969483, 0.00036158534931, 0.000173007938429, 0.000292460230412, 0.000236979496549, 0.000238371139858, 8.94641707418e-05, 0.000232079823036, 0.000158472161274, 6.45596373943e-05, 0.000136361384648, 8.25876486488e-05, 2.70755481324e-05, 2.04878815566e-05, 1.27942048493e-05, 1.07860705612e-05, 1.17597155622e-05, 1.46161755765e-05, 9.18486512091e-06, 1.1055516552e-05, 1.41014270412e-05, 1.85960670933e-05, 9.50914181885e-06, 8.80465631781e-06, 9.65620347415e-06, 1.05234266812e-05, 6.23629330221e-06, 5.0502085287e-06, 4.5781175686e-06, 4.10018719776e-06, 4.50423340226e-06, 3.4651666283e-06, 3.57330213774e-06, 3.45065723195e-06, 3.34687115355e-06, 3.3016397083e-06, 2.65665744337e-06, 2.07521179618e-06],
        "median": [0.0202176719904, 0.00425269920379, 0.000434434885392, 0.000173528402229, 9.6265837783e-05, 0.000161231640959, 0.000156611655257, 8.34828606457e-05, 2.7167974622e-05, 1.70258790604e-05, 2.2483531211e-05, 5.5465989135e-06, 1.32045279315e-05, 9.36061587709e-06, 3.5380285226e-06, 2.46485615207e-06, 2.16912849282e-06, 2.18187938117e-06, 1.99326996153e-06, 1.78700622655e-06, 1.7114871298e-06, 1.980014531e-06, 1.57148883773e-06, 1.8749199171e-06, 1.97056942852e-06, 1.77403649104e-06, 2.04354410016e-06, 1.74246235929e-06, 1.58375451065e-06, 1.65187134371e-06, 1.48880837969e-06, 1.05965455077e-06, 1.45168098697e-06, 9.9198814496e-07, 9.12729774427e-07, 8.75871364769e-07, 7.60932039157e-07, 7.53604240344e-07, 6.98822077538e-07, 6.89729063197e-07],
        "min": [3.42609154227e-24, 4.37960428449e-24, 1.39353146654e-23, 1.6788168598e-23, 8.21995982026e-24, 3.75863388472e-24, 9.74320999633e-24, 1.61702980272e-23, 4.15180492089e-24, 5.08023070303e-24, 2.79682567843e-24, 3.47889749684e-24, 1.55413155616e-23, 1.49217063413e-23, 8.09072073815e-24, 7.27692867288e-24, 8.73624877234e-24, 1.10043879579e-23, 1.08251469273e-23, 1.14760281716e-23, 2.24864611707e-23, 1.70590350339e-23, 1.879543306e-23, 1.00537450917e-23, 6.28939630413e-24, 5.87999051052e-24, 1.04166747506e-23, 5.55926688216e-24, 8.67365029293e-24, 1.09539221592e-23, 1.04949581514e-23, 1.09518017011e-23, 9.56947994804e-24, 1.03147610214e-23, 7.9313850348e-24, 9.18050762403e-24, 1.02607130053e-23, 1.0297862832e-23, 9.564080984e-24, 1.04054563597e-23],
        "var": [0.00011495839135, 9.45585707086e-05, 3.28258174704e-05, 5.36476647994e-07, 8.20608434537e-08, 1.24232727217e-07, 7.11414855914e-08, 1.50993471948e-07, 2.98909199614e-08, 3.57420589125e-07, 1.47766016312e-07, 5.64784983226e-08, 1.20379269219e-07, 3.40918191455e-08, 5.12341280512e-09, 3.0903344328e-09, 8.5094858937e-10, 5.75439085271e-10, 7.57349738478e-10, 1.56418866748e-09, 5.32209665227e-10, 8.2841394855e-10, 1.58684854146e-09, 4.29466950891e-09, 3.36407818269e-10, 2.91681234721e-10, 3.22441545686e-10, 7.96701538075e-10, 1.80672227179e-10, 8.21413562169e-11, 7.54744600151e-11, 5.58386947791e-11, 8.81706097022e-11, 5.14651932182e-11, 7.05194375117e-11, 6.20019938169e-11, 6.22850382381e-11, 6.41334277351e-11, 2.98337882176e-11, 1.34551814135e-11]
    },
    "mfcc": {
        "mean": [-682.647521973, 125.79334259, 57.312953949, 34.0757675171, 11.0995292664, 9.64402580261, 14.3332891464, 13.909409523, 9.38864707947, 9.8071269989, 7.27296066284, 8.97619342804, 11.4806404114],
        "cov": [[13483.2744141, -4638.90332031, -2700.8359375, 87.1377868652, -318.229644775, -270.576416016, -184.953475952, -106.242080688, -50.1726417542, -72.3112487793, 80.3152160645, 123.579277039, -58.6179924011], [-4638.90332031, 2738.68994141, 922.428955078, -153.107803345, 55.8094520569, 155.549301147, 73.8324279785, 80.249786377, 42.666721344, -2.85253739357, -46.1485214233, -62.1568641663, -16.4983711243], [-2700.8359375, 922.428955078, 1174.99047852, -0.781815826893, -40.6979484558, -59.8507766724, 28.9342575073, 3.58321690559, -17.2420368195, 52.9026565552, -21.097410202, -37.2853240967, 37.469959259], [87.1377868652, -153.107803345, -0.781815826893, 313.943847656, 115.615226746, -36.4593734741, -53.0629806519, -62.3753662109, -35.945098877, -0.0170989315957, 46.9136123657, 12.1166582108, -2.45234632492], [-318.229644775, 55.8094520569, -40.6979484558, 115.615226746, 244.575927734, 85.8444519043, -21.0902194977, -46.8574409485, -45.7157478333, -32.4016418457, 3.88618016243, 23.5781593323, 8.24797058105], [-270.576416016, 155.549301147, -59.8507766724, -36.4593734741, 85.8444519043, 221.512023926, 16.1358032227, -41.0260734558, -44.1879959106, -54.1349945068, -22.3738307953, 24.1715335846, 27.5581226349], [-184.953475952, 73.8324279785, 28.9342575073, -53.0629806519, -21.0902194977, 16.1358032227, 176.529190063, 70.9680404663, -16.4322109222, -33.7702903748, -48.4752693176, -12.5382223129, 17.6593494415], [-106.242080688, 80.249786377, 3.58321690559, -62.3753662109, -46.8574409485, -41.0260734558, 70.9680404663, 188.047363281, 78.80027771, -23.3553104401, -61.134059906, -46.5963592529, -9.57066822052], [-50.1726417542, 42.666721344, -17.2420368195, -35.945098877, -45.7157478333, -44.1879959106, -16.4322109222, 78.80027771, 160.682342529, 85.759765625, -23.6259746552, -76.5691452026, -57.3733711243], [-72.3112487793, -2.85253739357, 52.9026565552, -0.0170989315957, -32.4016418457, -54.1349945068, -33.7702903748, -23.3553104401, 85.759765625, 161.731811523, 51.6314620972, -57.3240623474, -70.6518630981], [80.3152160645, -46.1485214233, -21.097410202, 46.9136123657, 3.88618016243, -22.3738307953, -48.4752693176, -61.134059906, -23.6259746552, 51.6314620972, 121.46169281, 49.5380935669, -29.3165473938], [123.579277039, -62.1568641663, -37.2853240967, 12.1166582108, 23.5781593323, 24.1715335846, -12.5382223129, -46.5963592529, -76.5691452026, -57.3240623474, 49.5380935669, 130.882263184, 71.3204879761], [-58.6179924011, -16.4983711243, 37.469959259, -2.45234632492, 8.24797058105, 27.5581226349, 17.6593494415, -9.57066822052, -57.3733711243, -70.6518630981, -29.3165473938, 71.3204879761, 137.906036377]],
