{
"lowlevel": {
    "average_loudness": 0.85919034481,
    "barkbands_crest": {
        "dmean": 2.12507414818,
        "dmean2": 3.4226307869,
        "dvar": 4.01834774017,
        "dvar2": 9.8711605072,
        "max": 22.037229538,
        "mean": 6.82310390472,
        "median": 5.9534444809,
        "min": 1.84689116478,
        "var": 11.188785553
    },
    "barkbands_flatness_db": {
        "dmean": 0.0172172747552,
        "dmean2": 0.0278668217361,
        "dvar": 0.000326220935676,
        "dvar2": 0.000791815866251,
        "max": 0.319864809513,
        "mean": 0.0768452361226,
        "median": 0.0652308911085,
        "min": 0.0162191055715,
        "var": 0.00166095420718
    },
    "barkbands_kurtosis": {
        "dmean": 1.01669287682,
        "dmean2": 1.71662056446,
        "dvar": 3.52882885933,
        "dvar2": 9.09187316895,
        "max": 34.7844657898,
        "mean": -0.179530084133,
        "median": -0.77236032486,
        "min": -1.91786551476,
        "var": 3.8716905117
    },
    "barkbands_skewness": {
        "dmean": 0.477341353893,
        "dmean2": 0.755255997181,
        "dvar": 0.321782588959,
        "dvar2": 0.790566086769,
        "max": 5.21418905258,
        "mean": 0.343064874411,
        "median": 0.255988895893,
        "min": -4.54134178162,
        "var": 0.694609344006
    },
    "barkbands_spread": {
        "dmean": 9.05725383759,
        "dmean2": 14.4829349518,
        "dvar": 94.8562545776,
        "dvar2": 244.884063721,
        "max": 104.115257263,
        "mean": 41.0891685486,
        "median": 40.2623672485,
        "min": 2.75330281258,
        "var": 280.208526611
    },
    "dissonance": {
        "dmean": 0.0116075593978,
        "dmean2": 0.0198284965008,
        "dvar": 0.000123304955196,
        "dvar2": 0.000337399367709,
        "max": 0.500000178814,
        "mean": 0.482261240482,
        "median": 0.48512083292,
        "min": 0.352932453156,
        "var": 0.000198514404474
    },
    "dynamic_complexity": 4.61263608932,
    "erbbands_crest": {
        "dmean": 2.36531472206,
        "dmean2": 3.80782842636,
        "dvar": 5.80403470993,
        "dvar2": 13.6610603333,
        "max": 30.3952655792,
        "mean": 7.16284561157,
        "median": 6.08201169968,
        "min": 1.99614977837,
        "var": 13.4710836411
    },
    "erbbands_flatness_db": {
        "dmean": 0.0167635343969,
        "dmean2": 0.0252462476492,
        "dvar": 0.000276940671029,
        "dvar2": 0.000598360202275,
        "max": 0.402372717857,
        "mean": 0.136812999845,
        "median": 0.125751376152,
        "min": 0.0513150431216,
        "var": 0.00221711117774
    },
    "erbbands_kurtosis": {
        "dmean": 0.704900085926,
        "dmean2": 1.14502823353,
        "dvar": 1.22743332386,
        "dvar2": 3.167760849,
        "max": 22.1172924042,
        "mean": -0.130724743009,
        "median": -0.441851496696,
        "min": -1.83079469204,
        "var": 1.62794244289
    },
    "erbbands_skewness": {
        "dmean": 0.3581854105,
        "dmean2": 0.567609965801,
        "dvar": 0.133573234081,
        "dvar2": 0.334741592407,
        "max": 3.13902258873,
        "mean": -0.0816309079528,
        "median": -0.0496427640319,
        "min": -3.93001174927,
        "var": 0.330069333315
    },
    "erbbands_spread": {
        "dmean": 10.9961299896,
        "dmean2": 16.7307224274,
        "dvar": 180.334960938,
        "dvar2": 413.971893311,
        "max": 146.614196777,
        "mean": 41.2118415833,
        "median": 37.4773635864,
        "min": 3.76163458824,
        "var": 358.359893799
    },
    "hfc": {
        "dmean": 13.8215265274,
        "dmean2": 21.9923458099,
        "dvar": 292.66293335,
        "dvar2": 722.256164551,
        "max": 156.433410645,
        "mean": 42.4683952332,
        "median": 40.9499435425,
        "min": 1.13270473488e-16,
        "var": 879.972229004
    },
    "melbands_crest": {
        "dmean": 3.42817974091,
        "dmean2": 5.32980251312,
        "dvar": 10.4561023712,
        "dvar2": 22.6517353058,
        "max": 35.1374778748,
        "mean": 11.7320127487,
        "median": 10.0011949539,
        "min": 1.00519573689,
        "var": 42.0536689758
    },
    "melbands_flatness_db": {
        "dmean": 0.0233385711908,
        "dmean2": 0.0373320057988,
        "dvar": 0.000665641971864,
        "dvar2": 0.00158621615265,
        "max": 0.323580145836,
        "mean": 0.103241682053,
        "median": 0.0936072915792,
        "min": 3.36518382937e-07,
        "var": 0.00233291089535
    },
    "melbands_kurtosis": {
        "dmean": 3.94566392899,
        "dmean2": 6.28263092041,
        "dvar": 57.2061958313,
        "dvar2": 132.308364868,
        "max": 147.652236938,
        "mean": 4.49252319336,
        "median": 1.29298090935,
        "min": -1.9094465971,
        "var": 79.8080062866
    },
    "melbands_skewness": {
        "dmean": 0.683973252773,
        "dmean2": 1.04133403301,
        "dvar": 0.734513878822,
        "dvar2": 1.54687309265,
        "max": 11.172205925,
        "mean": 1.61333680153,
        "median": 1.23611962795,
        "min": -1.75809216499,
        "var": 1.77205336094
    },
    "melbands_spread": {
        "dmean": 16.7217693329,
        "dmean2": 27.1850700378,
        "dvar": 494.330200195,
        "dvar2": 1282.78820801,
        "max": 288.078826904,
        "mean": 57.204460144,
        "median": 55.7596282959,
        "min": 3.21175575256,
        "var": 930.663391113
    },
    "pitch_salience": {
        "dmean": 0.0739448517561,
        "dmean2": 0.115674369037,
        "dvar": 0.00453632278368,
        "dvar2": 0.0112962704152,
        "max": 0.997091829777,
        "mean": 0.617740213871,
        "median": 0.623832821846,
        "min": 0.131121188402,
        "var": 0.0139846066013
    },
    "silence_rate_20dB": {
        "dmean": 0,
        "dmean2": 0,
        "dvar": 0,
        "dvar2": 0,
        "max": 1,
        "mean": 1,
        "median": 1,
        "min": 1,
        "var": 0
    },
    "silence_rate_30dB": {
        "dmean": 0,
        "dmean2": 0,
        "dvar": 0,
        "dvar2": 0,
        "max": 1,
        "mean": 1,
        "median": 1,
        "min": 1,
        "var": 0
    },
    "silence_rate_60dB": {
        "dmean": 0.0327724292874,
        "dmean2": 0.0655496791005,
        "dvar": 0.0316963307559,
        "dvar2": 0.072413302958,
        "max": 1,
        "mean": 0.1256429106,
        "median": 0,
        "min": 0,
        "var": 0.109867654741
    },
    "spectral_centroid": {
        "dmean": 383.515319824,
        "dmean2": 629.432189941,
        "dvar": 219526.046875,
        "dvar2": 547589.6875,
        "max": 11471.1650391,
        "mean": 2474.26416016,
        "median": 2555.77490234,
        "min": 368.740570068,
        "var": 513850.9375
    },
    "spectral_complexity": {
        "dmean": 5.5048866272,
        "dmean2": 8.91211032867,
        "dvar": 34.8197822571,
        "dvar2": 82.2761917114,
        "max": 58,
        "mean": 25.6809692383,
        "median": 29,
        "min": 0,
        "var": 186.450698853
    },
    "spectral_decrease": {
        "dmean": 1.04188768724e-09,
        "dmean2": 1.63440672107e-09,
        "dvar": 1.15658512897e-18,
        "dvar2": 2.78724649216e-18,
        "max": 1.15225110116e-23,
        "mean": -4.52720838595e-09,
        "median": -4.57709603552e-09,
        "min": -1.35922872957e-08,
        "var": 9.57773736993e-18
    },
    "spectral_energy": {
        "dmean": 0.00477554230019,
        "dmean2": 0.00744621967897,
        "dvar": 2.21715181397e-05,
        "dvar2": 5.24671741005e-05,
        "max": 0.0585637465119,
        "mean": 0.0209386646748,
        "median": 0.0218220502138,
        "min": 1.02531654177e-20,
        "var": 0.000188073259778
    },
    "spectral_energyband_high": {
        "dmean": 0.00141725165304,
        "dmean2": 0.0022878095042,
        "dvar": 3.98082329411e-06,
        "dvar2": 1.01861132862e-05,
        "max": 0.0266648996621,
        "mean": 0.00339388940483,
        "median": 0.00314800953493,
        "min": 7.52726764164e-21,
        "var": 7.37548953111e-06
    },
    "spectral_energyband_low": {
        "dmean": 0.00200504576787,
        "dmean2": 0.00321044377051,
        "dvar": 1.10967921501e-05,
        "dvar2": 2.74885951512e-05,
        "max": 0.0320896729827,
        "mean": 0.00463979225606,
        "median": 0.00149898056407,
        "min": 3.7874117672e-23,
        "var": 3.41570521414e-05
    },
    "spectral_energyband_middle_high": {
        "dmean": 0.00291812932119,
        "dmean2": 0.00434120045975,
        "dvar": 1.25293654492e-05,
        "dvar2": 2.43239246629e-05,
        "max": 0.0430014021695,
        "mean": 0.00842021312565,
        "median": 0.00668191211298,
        "min": 1.3280426134e-21,
        "var": 5.71539349039e-05
    },
    "spectral_energyband_middle_low": {
        "dmean": 0.00293274177238,
        "dmean2": 0.00484115956351,
        "dvar": 2.3296008294e-05,
        "dvar2": 6.05692002864e-05,
        "max": 0.0426907911897,
        "mean": 0.00522086583078,
        "median": 0.00340274791233,
        "min": 1.78593716565e-22,
        "var": 3.14033241011e-05
    },
    "spectral_entropy": {
        "dmean": 0.156285777688,
        "dmean2": 0.248688802123,
        "dvar": 0.0277173053473,
        "dvar2": 0.0703060850501,
        "max": 9.80607318878,
        "mean": 8.11789894104,
        "median": 8.15616035461,
        "min": 6.2340722084,
        "var": 0.0886137336493
    },
    "spectral_flux": {
        "dmean": 0.020952636376,
        "dmean2": 0.0318676568568,
        "dvar": 0.000459797360236,
        "dvar2": 0.000910502683837,
        "max": 0.236315920949,
        "mean": 0.0822987183928,
        "median": 0.0822968780994,
        "min": 6.52636694687e-11,
        "var": 0.00173737236764
    },
    "spectral_kurtosis": {
        "dmean": 0.873140275478,
        "dmean2": 1.41049873829,
        "dvar": 1.54701769352,
        "dvar2": 4.65348386765,
        "max": 26.4719581604,
        "mean": 2.40132069588,
        "median": 2.05227899551,
        "min": -1.20796644688,
        "var": 4.98461437225
    },
    "spectral_rms": {
        "dmean": 0.000537442800123,
        "dmean2": 0.000834636040963,
        "dvar": 2.61627519649e-07,
        "dvar2": 6.11608186318e-07,
        "max": 0.00755879376084,
        "mean": 0.00413813162595,
        "median": 0.004614087753,
        "min": 3.16276583916e-12,
        "var": 3.30389252667e-06
    },
    "spectral_rolloff": {
        "dmean": 1177.74169922,
        "dmean2": 1962.77453613,
        "dvar": 2015879,
        "dvar2": 4947077,
        "max": 19315.2832031,
        "mean": 4247.45507812,
        "median": 3919.04296875,
        "min": 64.599609375,
        "var": 5556448
    },
    "spectral_skewness": {
        "dmean": 0.160755217075,
        "dmean2": 0.251003921032,
        "dvar": 0.0314860604703,
        "dvar2": 0.081382676959,
        "max": 3.44204473495,
        "mean": 1.17162799835,
        "median": 1.17262101173,
        "min": -0.125080958009,
        "var": 0.0993951633573
    },
    "spectral_spread": {
        "dmean": 726238.0625,
        "dmean2": 1108563.375,
        "dvar": 955306606592,
        "dvar2": 2.03298399846e+12,
        "max": 40966424,
        "mean": 5908281.5,
        "median": 5837460,
        "min": 1637840.875,
        "var": 3.85842675712e+12
    },
    "spectral_strongpeak": {
        "dmean": 0.883774697781,
        "dmean2": 1.52262341976,
        "dvar": 2.11719918251,
        "dvar2": 5.01939630508,
        "max": 24.9542579651,
        "mean": 1.27641153336,
        "median": 0.336324572563,
        "min": 0,
        "var": 3.57199692726
    },
    "zerocrossingrate": {
        "dmean": 0.0163544621319,
        "dmean2": 0.0201923381537,
        "dvar": 0.000339453981724,
        "dvar2": 0.000515355495736,
        "max": 0.716796875,
        "mean": 0.132717207074,
        "median": 0.128662109375,
        "min": 0.02001953125,
        "var": 0.00289253797382
    },
    "barkbands": {
        "dmean": [0.000263107358478, 0.00153383146971, 0.000690172426403, 0.000600711326115, 0.00111126969568, 0.000821188034024, 0.000438434886746, 0.000418099574745, 0.000372555979993, 0.000838263775222, 0.000546863826457, 0.000604376837146, 0.000580184860155, 0.000583154091146, 0.000482309289509, 0.000351656810381, 0.000398189411499, 0.000407626328524, 0.000515606370755, 0.000322368432535, 0.000312908843625, 0.000317542813718, 0.000330486946041, 0.000340981467161, 0.000220032772631, 7.70565893617e-05, 1.18752068374e-05],
        "dmean2": [0.000417490518885, 0.00237698410638, 0.00119302538224, 0.00108411035035, 0.00200592679903, 0.00149060611147, 0.000758817244787, 0.000679738121107, 0.00060235109413, 0.0012598305475, 0.000844911264721, 0.000927396758925, 0.000888245878741, 0.000905730994418, 0.000765000935644, 0.000551083066966, 0.000636458396912, 0.000638417841401, 0.00081846921239, 0.000538985186722, 0.000507506832946, 0.000532862439286, 0.000537978950888, 0.000560901185963, 0.000362791703083, 0.00012399161642, 1.95011871256e-05],
        "dvar": [2.43273859724e-07, 6.675865734e-06, 2.98744521388e-06, 3.11082430926e-06, 8.62170691107e-06, 3.71701526092e-06, 6.1148949726e-07, 5.8407152892e-07, 6.41508790977e-07, 2.37478570853e-06, 1.48529886701e-06, 1.71944975591e-06, 1.89985485122e-06, 1.49725462961e-06, 8.32740568057e-07, 5.49468438749e-07, 4.98068743582e-07, 4.82787186229e-07, 7.17748946499e-07, 1.88115990341e-07, 1.39723979942e-07, 1.88509659438e-07, 2.25076192351e-07, 3.04945501739e-07, 1.23568526078e-07, 1.15476952445e-08, 4.07813588454e-10],
        "dvar2": [5.69108863147e-07, 1.59354385687e-05, 7.7565009633e-06, 8.65153469931e-06, 2.43998038059e-05, 1.05243134385e-05, 1.68794110778e-06, 1.28286717427e-06, 1.39615167427e-06, 4.98745157529e-06, 3.04160676023e-06, 3.68325027011e-06, 3.95852748625e-06, 3.31459295921e-06, 1.8230813339e-06, 1.11914232548e-06, 1.05761250779e-06, 1.08197127702e-06, 1.56066539603e-06, 4.40252193812e-07, 3.48016072849e-07, 4.98250471992e-07, 5.79772517995e-07, 8.10558503872e-07, 3.22075237591e-07, 2.6263826669e-08, 1.02232067256e-09],
        "max": [0.00478244572878, 0.0221924968064, 0.015661790967, 0.0150172635913, 0.0241330321878, 0.0221324674785, 0.0123863909394, 0.01649283804, 0.018341710791, 0.0274958666414, 0.0289130434394, 0.0347382873297, 0.0363702997565, 0.0249288454652, 0.0285042710602, 0.0378007441759, 0.0318547785282, 0.0153665998951, 0.0181135609746, 0.0242467466742, 0.0048797018826, 0.00494292052463, 0.00427822163329, 0.00587098672986, 0.00392008479685, 0.00127640855499, 0.00063179875724],
        "mean": [0.000484765623696, 0.00313484924845, 0.000738340429962, 0.000507091288455, 0.0010491986759, 0.000874684250448, 0.000650434114505, 0.000635344011243, 0.000586255220696, 0.00147644872777, 0.000821575988084, 0.000916643650271, 0.000880467297975, 0.000877946498804, 0.000727175734937, 0.000578699633479, 0.0006517553702, 0.000684679078404, 0.00094083341537, 0.000625330838375, 0.000650211411994, 0.000639828504063, 0.000612193194684, 0.000618744641542, 0.00040599447675, 0.000151437081513, 1.78034570126e-05],
        "median": [1.88057492778e-05, 0.000535011582542, 0.000299717561575, 0.000161908654263, 0.000380875775591, 0.000357287470251, 0.000337210571161, 0.000215807318455, 0.000230329009355, 0.000506562413648, 0.000278016261291, 0.000329150236212, 0.000265189562924, 0.000344387663063, 0.000365398154827, 0.000282988912659, 0.000365957326721, 0.00039558269782, 0.000581707456149, 0.000493984902278, 0.000545654504094, 0.000547731528059, 0.000502082868479, 0.000497738830745, 0.000323640881106, 0.000121947763546, 8.1870584836e-06],
        "min": [2.16121776735e-24, 2.72903156388e-24, 1.7841221387e-24, 7.17142089339e-24, 1.25412956828e-23, 1.44283401094e-23, 1.31973274e-23, 1.08586956039e-23, 2.09445394458e-23, 1.32444160851e-23, 3.18398965714e-23, 4.66444775787e-23, 3.57765807012e-23, 7.34217330732e-23, 8.90248527313e-23, 5.93125960627e-23, 9.66435072708e-23, 1.97936270416e-22, 1.90081298393e-22, 2.24298979505e-22, 2.8949135348e-22, 4.27016996562e-22, 4.86986379282e-22, 6.31527255109e-22, 8.96124278879e-22, 1.29278464563e-21, 1.9998278765e-21],
        "var": [6.56255110698e-07, 1.86446195585e-05, 2.42345277002e-06, 1.96654536921e-06, 5.70319843973e-06, 2.7583382689e-06, 7.50780884573e-07, 1.57699025749e-06, 1.69194572663e-06, 6.76924764775e-06, 3.2843668123e-06, 3.30929219672e-06, 4.66782466901e-06, 2.81750931208e-06, 1.53589007823e-06, 1.4650021285e-06, 1.14407521323e-06, 9.8262114534e-07, 1.66705490301e-06, 5.6572577023e-07, 3.27846322534e-07, 3.13483099035e-07, 3.19447707398e-07, 3.84671125175e-07, 1.67289428532e-07, 2.14154738387e-08, 7.13744729985e-10]
    },
    "erbbands": {
        "dmean": [0.0784953162074, 0.243772938848, 0.603131353855, 1.74720215797, 1.96443891525, 4.04315567017, 6.91492938995, 6.34222316742, 7.24472856522, 7.05489969254, 8.33620166779, 9.13031768799, 27.2034568787, 13.8827104568, 25.5340671539, 30.4359474182, 27.0744895935, 31.9839324951, 20.736536026, 23.8819999695, 18.2045574188, 16.0413894653, 21.0478134155, 31.2872161865, 18.9529876709, 16.4607086182, 12.9023084641, 11.908326149, 12.6795034409, 9.461353302, 9.43199157715, 7.84222459793, 5.41306972504, 3.10246086121, 1.27363264561, 0.448351293802, 0.127510547638, 0.0259179342538, 0.00164397864137, 3.69806548406e-05],
        "dmean2": [0.113498926163, 0.409479081631, 1.01502382755, 3.13793873787, 3.45618438721, 7.36125564575, 12.7527427673, 11.4722003937, 12.3755722046, 11.9791889191, 13.4508914948, 14.368596077, 41.129234314, 21.2670593262, 39.3144989014, 45.9496269226, 41.2158622742, 49.3778610229, 31.3774242401, 38.9639778137, 27.9953517914, 25.9437332153, 32.1638679504, 49.3329238892, 31.7876758575, 27.3835468292, 21.0594024658, 19.3107280731, 21.3607692719, 15.3348007202, 15.4740924835, 12.9417848587, 8.91041183472, 5.15056228638, 2.07152080536, 0.726227223873, 0.205192774534, 0.0411527082324, 0.00267032301053, 5.79695079068e-05],
        "dvar": [0.0180188473314, 0.183376207948, 1.79533421993, 27.3620929718, 26.2944011688, 127.72593689, 415.388946533, 201.069046021, 173.44442749, 141.897369385, 311.631195068, 415.608978271, 2892.19799805, 1120.63818359, 3388.84033203, 4331.45996094, 4261.93701172, 4272.06738281, 2299.27050781, 1540.68908691, 1016.51293945, 545.653198242, 1360.09375, 3171.97143555, 662.824462891, 494.18157959, 253.76890564, 212.727493286, 333.640899658, 152.391784668, 162.637924194, 168.989120483, 82.6815414429, 26.8049182892, 3.15554499626, 0.38958927989, 0.0304949823767, 0.0017137140967, 8.37723837321e-06, 2.83037793203e-09],
        "dvar2": [0.0395689718425, 0.474862009287, 4.38504838943, 75.2916946411, 72.2607498169, 365.717895508, 1186.17626953, 567.06427002, 465.114349365, 358.391357422, 676.904785156, 879.151916504, 6180.95166016, 2249.50878906, 6841.47753906, 9234.97265625, 8896.75390625, 9505.9921875, 4533.18945312, 3842.74926758, 2104.46020508, 1267.94311523, 2923.17456055, 6676.92773438, 1702.91235352, 1170.16271973, 633.229431152, 525.340820312, 893.167114258, 380.483306885, 417.215423584, 451.387634277, 221.177886963, 69.9232635498, 8.08733654022, 0.890361785889, 0.0767281353474, 0.00408682413399, 2.03362615139e-05, 6.67455068992e-09],
        "max": [1.13596451283, 3.67433285713, 11.9928150177, 44.3532752991, 49.8065681458, 109.480186462, 202.870498657, 223.308334351, 216.579101562, 214.584594727, 441.230072021, 496.422698975, 1079.88122559, 1010.97869873, 1410.75720215, 1765.79907227, 1648.59020996, 1310.52416992, 1775.55480957, 1043.53308105, 1143.03601074, 793.419616699, 923.573059082, 1013.84118652, 353.83203125, 1159.18994141, 377.933074951, 205.549667358, 204.943695068, 121.840255737, 108.082366943, 136.485626221, 103.330345154, 66.249382019, 17.7340621948, 6.909760952, 2.19780731201, 0.834849894047, 0.078199096024, 0.00108063430525],
        "mean": [0.155987367034, 0.439435362816, 0.778981924057, 1.51464855671, 1.97759842873, 3.7174654007, 5.74460315704, 7.09285211563, 11.0882911682, 10.3551187515, 13.2731838226, 15.8652181625, 45.3955688477, 25.2010936737, 41.0128440857, 48.9866218567, 43.9965209961, 50.3646621704, 34.3540267944, 38.4957275391, 34.2961273193, 29.4380664825, 36.9937515259, 52.8566818237, 35.3686065674, 32.0575714111, 26.5833454132, 24.3124656677, 24.4554805756, 19.4456233978, 17.8226661682, 13.7419548035, 9.33182907104, 5.43182134628, 2.4728167057, 0.869207620621, 0.23896189034, 0.0465613156557, 0.00247146585025, 8.72504897416e-05],
        "median": [0.014097744599, 0.132023632526, 0.371070802212, 0.526375830173, 0.793928861618, 1.25246584415, 1.84281718731, 3.04794788361, 5.37096309662, 5.26284980774, 4.82587718964, 6.46088981628, 14.0228748322, 11.4767799377, 15.421957016, 19.4167900085, 16.1270332336, 21.3054656982, 17.0571136475, 21.939743042, 19.62550354, 19.9907226562, 22.6926879883, 27.9902191162, 25.7939033508, 24.8869972229, 22.0514545441, 20.574546814, 20.387802124, 16.9209060669, 14.8079853058, 10.5176429749, 7.44491958618, 4.21162796021, 1.96609950066, 0.702059626579, 0.187283933163, 0.0291078016162, 0.00112906063441, 7.05233978806e-05],
        "min": [1.23673965028e-22, 1.06495555775e-21, 3.70332960767e-21, 1.63561734474e-20, 2.36439852264e-20, 7.18414052197e-20, 1.14683628847e-19, 1.72921008455e-19, 1.49632681811e-19, 1.70300888015e-19, 2.77989864678e-19, 4.59604812789e-19, 4.80417814374e-19, 9.10466326504e-19, 1.62202011752e-18, 2.69205372008e-18, 2.05055737067e-18, 2.70803340195e-18, 4.09224488362e-18, 5.38770815738e-18, 3.63418989711e-18, 6.05916705653e-18, 1.0361837589e-17, 9.55632993568e-18, 1.1015461647e-17, 1.10005442718e-17, 1.29053063032e-17, 1.27595661783e-17, 1.47761572382e-17, 1.24399998379e-17, 1.54889387721e-17, 1.27534789561e-17, 1.24040489141e-17, 8.77102368728e-18, 6.89353504143e-18, 4.42584186158e-18, 2.53018233242e-18, 9.99341093058e-19, 2.89095565732e-19, 3.14680636895e-20],
        "var": [0.0568445846438, 0.336083829403, 1.82248330116, 17.7465820312, 18.3622360229, 81.5532608032, 255.096710205, 162.77935791, 243.568664551, 259.260162354, 824.87890625, 1188.22070312, 7397.05224609, 2973.33666992, 7865.39697266, 8539.23632812, 10521.3828125, 8265.66699219, 4834.125, 2837.70849609, 2959.07080078, 1230.96374512, 2780.39086914, 7034.41308594, 1405.34448242, 1450.36633301, 614.767578125, 464.341430664, 506.021759033, 274.587463379, 258.795135498, 205.235610962, 94.9876251221, 33.0513114929, 5.34241247177, 0.69223767519, 0.0551640354097, 0.00330987782218, 1.36946810017e-05, 6.30301366655e-09]
    },
    "gfcc": {
        "mean": [12.5556697845, 22.9907646179, -129.215942383, 28.0739383698, -66.6707305908, 20.3167057037, -38.5863609314, 12.7652549744, -26.2245540619, 8.12826728821, -14.9015455246, 6.96476316452, -11.3903846741],
        "cov": [[22855.7148438, -2949.90527344, 1708.02233887, 1206.87939453, -594.213623047, 1595.36364746, -127.151260376, 815.622009277, -136.364151001, 636.763366699, 41.4718055725, 506.324157715, -272.411010742], [-2949.90527344, 2408.33544922, 230.910842896, 257.647583008, 565.079772949, -32.2891693115, 298.105163574, -107.137672424, 120.422935486, -126.675422668, 42.1716499329, -128.653701782, 55.4001655579], [1708.02233887, 230.910842896, 1536.13745117, 604.958496094, 275.852966309, 459.979095459, 79.1484298706, 190.675598145, 25.0117893219, 19.4190216064, -60.5140991211, 28.8975906372, -67.704826355], [1206.87939453, 257.647583008, 604.958496094, 529.848999023, 199.440979004, 301.651580811, 113.179237366, 119.698005676, 51.2699928284, 13.3706140518, -8.41427230835, 7.24335622787, -24.6665878296], [-594.213623047, 565.079772949, 275.852966309, 199.440979004, 416.575164795, 207.941711426, 210.575881958, 81.8914108276, 83.2937927246, 6.78559923172, 11.1884355545, -16.1269397736, -0.173107549548], [1595.36364746, -32.2891693115, 459.979095459, 301.651580811, 207.941711426, 451.855499268, 174.489761353, 171.330429077, 65.7799377441, 77.1627044678, 3.76673388481, 32.1094055176, -22.253780365], [-127.151260376, 298.105163574, 79.1484298706, 113.179237366, 210.575881958, 174.489761353, 263.96673584, 120.171226501, 84.1296768188, 21.3620452881, 29.0832862854, -1.41803145409, 8.97288513184], [815.622009277, -107.137672424, 190.675598145, 119.698005676, 81.8914108276, 171.330429077, 120.171226501, 200.6015625, 75.7857131958, 57.848991394, 12.0224552155, 36.5159873962, -7.0313038826], [-136.364151001, 120.422935486, 25.0117893219, 51.2699928284, 83.2937927246, 65.7799377441, 84.1296768188, 75.7857131958, 111.476593018, 47.1114425659, 24.8271503448, -4.79533958435, 10.5454187393], [636.763366699, -126.675422668, 19.4190216064, 13.3706140518, 6.78559923172, 77.1627044678, 21.3620452881, 57.848991394, 47.1114425659, 110.968948364, 46.1664047241, 24.7098388672, -7.57029294968], [41.4718055725, 42.1716499329, -60.5140991211, -8.41427230835, 11.1884355545, 3.76673388481, 29.0832862854, 12.0224552155, 24.8271503448, 46.1664047241, 83.8708114624, 35.4025230408, 7.37573003769], [506.324157715, -128.653701782, 28.8975906372, 7.24335622787, -16.1269397736, 32.1094055176, -1.41803145409, 36.5159873962, -4.79533958435, 24.7098388672, 35.4025230408, 80.404586792, 24.193447113], [-272.411010742, 55.4001655579, -67.704826355, -24.6665878296, -0.173107549548, -22.253780365, 8.97288513184, -7.0313038826, 10.5454187393, -7.57029294968, 7.37573003769, 24.193447113, 65.1994094849]],
        "icov": [[0.000132431086968, -5.73197175981e-05, 8.66085247253e-05, -0.000237442494836, 0.00041541326209, -0.000438285118435, 0.000129132968141, -0.000260542990873, 0.000428237341112, -0.00058696907945, 0.000395031296648, -0.000666804204229, 0.000473088090075], [-5.73197175981e-05, 0.00116246845573, -0.000328438152792, -0.000307080190396, -0.00136655184906, 0.00108819711022, -0.000907330424525, 0.00123632722534, -0.000821801309939, 0.00112807715777, -0.00155924085993, 0.00175316387322, -0.00126873934641], [8.66085247253e-05, -0.000328438152792, 0.0016502776416, -0.00125341746025, -5.81796630286e-05, -0.00111231044866, 0.00130461889785, -0.00109887903091, 0.000786796561442, -0.000422102195444, 0.00145181082189, -0.00148422468919, 0.00141281576362], [-0.000237442494836, -0.000307080190396, -0.00125341746025, 0.00499987183139, -0.000601611158345, -0.001434286125, 0.000472782587167, -0.0002037139202, -0.00150957913138, 0.00265887496062, -0.00176110980101, 0.00159319071099, -0.0005583948805], [0.00041541326209, -0.00136655184906, -5.81796630286e-05, -0.000601611158345, 0.00774793094024, -0.00310838548467, -0.00228134728968, -5.20162539033e-05, -0.000111028268293, -0.00176624988671, 0.00244186166674, -0.00327908154577, 0.00263017113321], [-0.000438285118435, 0.00108819711022, -0.00111231044866, -0.001434286125, -0.00310838548467, 0.00883188098669, -0.00397389242426, 0.000818867643829, -0.000402300356654, -0.00204320601188, 0.000918218458537, 0.00108602445107, -0.00149112578947], [0.000129132968141, -0.000907330424525, 0.00130461889785, 0.000472782587167, -0.00228134728968, -0.00397389242426, 0.0119449282065, -0.00645154342055, -9.80038239504e-05, 0.00293714320287, -0.00396540621296, 0.00264185550623, -0.00103278784081], [-0.000260542990873, 0.00123632722534, -0.00109887903091, -0.0002037139202, -5.20162539033e-05, 0.000818867643829, -0.00645154342055, 0.0155012048781, -0.00853518396616, -0.000756821886171, 0.00405708793551, -0.00632256129757, 0.00266141933389], [0.000428237341112, -0.000821801309939, 0.000786796561442, -0.00150957913138, -0.000111028268293, -0.000402300356654, -9.80038239504e-05, -0.00853518396616, 0.0220182258636, -0.00887787248939, -0.00191976979841, 0.00624701660126, -0.00500410143286], [-0.00058696907945, 0.00112807715777, -0.000422102195444, 0.00265887496062, -0.00176624988671, -0.00204320601188, 0.00293714320287, -0.000756821886171, -0.00887787248939, 0.0228426940739, -0.0126610370353, 0.00433142762631, -0.000118059040688], [0.000395031296648, -0.00155924085993, 0.00145181082189, -0.00176110980101, 0.00244186166674, 0.000918218458537, -0.00396540621296, 0.00405708793551, -0.00191976979841, -0.0126610370353, 0.0283191483468, -0.0180732123554, 0.00746306311339], [-0.000666804204229, 0.00175316387322, -0.00148422468919, 0.00159319071099, -0.00327908154577, 0.00108602445107, 0.00264185550623, -0.00632256129757, 0.00624701660126, 0.00433142762631, -0.0180732123554, 0.0337357670069, -0.0168788321316], [0.000473088090075, -0.00126873934641, 0.00141281576362, -0.0005583948805, 0.00263017113321, -0.00149112578947, -0.00103278784081, 0.00266141933389, -0.00500410143286, -0.000118059040688, 0.00746306311339, -0.0168788321316, 0.0257898680866]]
    },
    "melbands": {
        "dmean": [0.000533244397957, 0.000294468394713, 0.000288785173325, 0.000204701180337, 0.000235617961152, 0.000147450249642, 0.000104858911072, 8.0247191363e-05, 6.86145940563e-05, 5.63400099054e-05, 0.000136121219839, 5.81750064157e-05, 7.51257030061e-05, 7.82150527812e-05, 7.03594414517e-05, 4.52399654023e-05, 6.89081207383e-05, 3.18731035804e-05, 3.15278775815e-05, 3.42279236065e-05, 2.3768585379e-05, 1.84910877579e-05, 2.52712161455e-05, 1.7569078409e-05, 2.85605510726e-05, 1.45920503201e-05, 1.24588641484e-05, 1.11573654067e-05, 8.21403318696e-06, 9.13900385058e-06, 7.5346979429e-06, 8.11422705738e-06, 6.08931213719e-06, 5.64115089219e-06, 5.54421421839e-06, 6.19175898464e-06, 4.35709398516e-06, 4.30012369179e-06, 3.25877408613e-06, 2.45633646045e-06],
        "dmean2": [0.000793372455519, 0.000476014014566, 0.000511660648044, 0.000368028995581, 0.000432962930063, 0.00026543912827, 0.000179039008799, 0.000135087117087, 0.00011015751079, 8.89572620508e-05, 0.000206088545383, 8.94665863598e-05, 0.000116709583381, 0.000119342686958, 0.000106823361421, 6.95268754498e-05, 0.000106858060462, 4.81241004309e-05, 5.13300765306e-05, 5.4204963817e-05, 3.67541470041e-05, 3.00303672702e-05, 3.93874033762e-05, 2.79576470348e-05, 4.50068073405e-05, 2.44884904532e-05, 2.10438520298e-05, 1.85471380973e-05, 1.35153677547e-05, 1.50999103425e-05, 1.22280016512e-05, 1.37415881909e-05, 1.01757004813e-05, 9.14071461011e-06, 9.11684855964e-06, 1.0325268704e-05, 7.18178762327e-06, 7.18323735782e-06, 5.37647929377e-06, 4.09644553656e-06],
        "dvar": [7.99259112227e-07, 3.21533690339e-07, 6.65794004817e-07, 3.08805113036e-07, 4.44066046157e-07, 1.0420359331e-07, 3.5505671292e-08, 1.83742212556e-08, 1.97196374785e-08, 1.44803831148e-08, 7.17904455882e-08, 2.21196430061e-08, 2.7295911309e-08, 2.38821229459e-08, 1.83006285681e-08, 1.2485548595e-08, 2.18336975166e-08, 5.49124257176e-09, 3.1273714729e-09, 5.00952790361e-09, 1.9928318995e-09, 9.78484959724e-10, 1.89127602468e-09, 7.60049245763e-10, 2.73084621583e-09, 4.95800511757e-10, 2.36441616286e-10, 2.66005689697e-10, 1.0847459736e-10, 1.47742554302e-10, 9.24219936693e-11, 1.47015066787e-10, 6.5104463487e-11, 5.71265257321e-11, 4.86343083861e-11, 1.09293823991e-10, 4.75405929901e-11, 5.24924825829e-11, 2.88177311875e-11, 1.49961258689e-11],
        "dvar2": [1.84397799785e-06, 7.92097011981e-07, 1.81377151875e-06, 8.68899405759e-07, 1.26883753637e-06, 2.92234346944e-07, 9.54208658754e-08, 4.47431069972e-08, 4.30206696933e-08, 3.11269694464e-08, 1.53696120719e-07, 4.39960849974e-08, 5.60361961277e-08, 5.04995263384e-08, 3.90844725473e-08, 2.58929215846e-08, 4.86708380265e-08, 1.10121769481e-08, 7.94231258539e-09, 1.04507300591e-08, 4.18559809034e-09, 2.17281126424e-09, 4.14949852257e-09, 1.82183523822e-09, 5.74558800537e-09, 1.21696863697e-09, 6.13941009142e-10, 5.90819893009e-10, 2.64544719464e-10, 3.77724629352e-10, 2.2950562284e-10, 3.98887506359e-10, 1.68241170995e-10, 1.4137840898e-10, 1.23432236654e-10, 2.95894142521e-10, 1.26009910839e-10, 1.42044140339e-10, 7.5615277928e-11, 3.91283880297e-11],
        "max": [0.00786093063653, 0.00523842684925, 0.00690035801381, 0.00500997155905, 0.00615316955373, 0.00464188260958, 0.00302140414715, 0.00273110042326, 0.00330801564269, 0.00298877456225, 0.0053337062709, 0.00449288217351, 0.00382579630241, 0.00389031507075, 0.0031503175851, 0.00502835167572, 0.00300968321972, 0.0026900942903, 0.00183635286521, 0.00365672912449, 0.00195788615383, 0.00133818865288, 0.00101013272069, 0.000526181363966, 0.000950366316829, 0.000545737275388, 0.000239167158725, 0.00112688250374, 0.000426176207839, 0.00019176916976, 0.000125806560391, 0.000135297348606, 0.000122985846247, 8.98905782378e-05, 7.7514356235e-05, 0.000107990155811, 7.41244584788e-05, 8.87538553798e-05, 5.85002599109e-05, 4.99810776091e-05],
        "mean": [0.00108353001997, 0.000459534669062, 0.000268090225291, 0.000197986286366, 0.000201570946956, 0.000167717866134, 0.000161904332344, 0.000117892239359, 0.000110069464426, 9.65014551184e-05, 0.000225516123464, 9.65876024566e-05, 0.000114321119327, 0.000126009399537, 0.000114202754048, 7.21330070519e-05, 0.000101559780887, 5.14981329616e-05, 4.6603512601e-05, 5.41775953025e-05, 4.06148974434e-05, 3.03861615976e-05, 3.87269392377e-05, 3.06399488181e-05, 4.53023749287e-05, 2.43889280682e-05, 2.28561457334e-05, 2.06320528378e-05, 1.61007992574e-05, 1.60983508977e-05, 1.37618890221e-05, 1.42673989103e-05, 1.17932149806e-05, 1.03856636997e-05, 1.03597139969e-05, 9.93857429421e-06, 7.59705972087e-06, 6.82958034304e-06, 5.61467413718e-06, 4.15257682107e-06],
        "median": [0.000135348032927, 0.000240878085606, 0.000105974308099, 7.42971460568e-05, 6.65942279738e-05, 6.93142646924e-05, 8.0186771811e-05, 5.49738251721e-05, 3.83043916372e-05, 3.96206669393e-05, 6.80777884554e-05, 3.83544465876e-05, 3.95797906094e-05, 4.8989240895e-05, 4.46557532996e-05, 2.48340475082e-05, 3.72321082978e-05, 2.3727388907e-05, 2.61451987171e-05, 2.61681889242e-05, 2.14943283936e-05, 1.81752202479e-05, 2.04236857826e-05, 1.88590456673e-05, 2.19092398765e-05, 1.61210919032e-05, 1.76541652763e-05, 1.53469845827e-05, 1.2742502804e-05, 1.26431486933e-05, 1.06655579657e-05, 1.12744892249e-05, 9.71840017883e-06, 8.4262501332e-06, 8.55181042425e-06, 7.3575879469e-06, 5.78774415771e-06, 5.26962685399e-06, 4.24741256211e-06, 3.13396276397e-06],
        "min": [2.27216020683e-24, 2.9308553156e-24, 3.34353567082e-24, 2.90524751011e-24, 4.62817356687e-24, 4.02950978691e-24, 2.37077768074e-24, 1.94115850973e-24, 2.22042473651e-24, 3.11607689792e-24, 1.83014467834e-24, 3.26035226052e-24, 4.9393121408e-24, 5.39588550565e-24, 5.36151168057e-24, 3.45472443212e-24, 5.05038336182e-24, 5.29078162294e-24, 6.28001438138e-24, 5.95406415509e-24, 3.91853875122e-24, 4.71922941457e-24, 7.04318997553e-24, 7.01285985144e-24, 7.11391766657e-24, 7.52114186534e-24, 6.11036826599e-24, 6.3027225314e-24, 7.64974039239e-24, 7.68936487566e-24, 5.45988184659e-24, 6.82647016334e-24, 8.13776288052e-24, 5.8567849837e-24, 8.92105363888e-24, 6.65404962415e-24, 5.44368456005e-24, 9.06292790611e-24, 7.23294257767e-24, 7.05857986293e-24],
        "var": [2.44564898821e-06, 4.31595793771e-07, 4.48779275075e-07, 2.03536103527e-07, 2.78525988051e-07, 8.91406557457e-08, 4.96536607386e-08, 3.79294462505e-08, 5.40591749143e-08, 3.96981434392e-08, 1.83133295195e-07, 5.71423939277e-08, 6.07191452673e-08, 5.16719538268e-08, 4.222229677e-08, 3.64236356631e-08, 4.00601933848e-08, 1.16439355935e-08, 4.34169766805e-09, 1.31166775219e-08, 4.94078866708e-09, 2.14026840695e-09, 3.55087981241e-09, 1.57385293686e-09, 5.83675596744e-09, 9.11310749085e-10, 5.08746600403e-10, 8.8670870646e-10, 2.89738427695e-10, 2.60897164983e-10, 1.84525117408e-10, 2.00519503779e-10, 1.14372303295e-10, 9.2336534252e-11, 8.69053440322e-11, 1.18583670661e-10, 6.16672893305e-11, 5.56664124518e-11, 3.66497700244e-11, 1.92494267054e-11]
    },
    "mfcc": {
        "mean": [-619.300415039, 53.5381355286, -5.70267343521, 7.3957657814, -3.00597429276, 3.32024526596, -0.430533140898, 2.84808039665, -2.10355067253, 0.776862859726, -0.648010492325, 1.03994524479, 1.12330269814],
        "cov": [[13835.0234375, 214.767669678, 102.028137207, 228.842285156, 69.190284729, 342.623657227, 325.529907227, 272.822601318, 59.1093025208, 239.784408569, 259.34979248, 185.524124146, 93.2639007568], [214.767669678, 1274.37927246, 237.818054199, 270.832000732, 227.060745239, 202.583511353, 148.522232056, 108.568687439, 66.7985458374, 54.4272766113, 32.9584465027, 20.8749580383, -2.94416213036], [102.028137207, 237.818054199, 1018.33728027, 329.350646973, 343.721252441, 236.563247681, 159.346420288, 171.138320923, 106.942596436, 79.5492172241, 28.0071048737, 33.2065811157, -19.4996871948], [228.842285156, 270.832000732, 329.350646973, 309.727172852, 191.025024414, 127.906799316, 109.09576416, 111.078857422, 63.4527778625, 45.7183189392, 36.10597229, 21.6734809875, -3.80683875084], [69.190284729, 227.060745239, 343.721252441, 191.025024414, 291.365783691, 203.259063721, 130.054611206, 129.825881958, 95.942741394, 75.1835174561, 40.3404884338, 42.9171180725, 11.5371904373], [342.623657227, 202.583511353, 236.563247681, 127.906799316, 203.259063721, 274.833953857, 178.38684082, 130.187255859, 103.025375366, 87.1818847656, 53.4987754822, 51.8024520874, 23.9758872986], [325.529907227, 148.522232056, 159.346420288, 109.09576416, 130.054611206, 178.38684082, 209.095321655, 158.411727905, 101.562301636, 79.5610961914, 65.4660644531, 48.6349105835, 27.7783679962], [272.822601318, 108.568687439, 171.138320923, 111.078857422, 129.825881958, 130.187255859, 158.411727905, 197.71043396, 124.996627808, 75.6564254761, 54.7406539917, 44.7823677063, 27.9255084991], [59.1093025208, 66.7985458374, 106.942596436, 63.4527778625, 95.942741394, 103.025375366, 101.562301636, 124.996627808, 157.433883667, 94.0231933594, 45.1134033203, 36.3363838196, 24.5952587128], [239.784408569, 54.4272766113, 79.5492172241, 45.7183189392, 75.1835174561, 87.1818847656, 79.5610961914, 75.6564254761, 94.0231933594, 120.624961853, 79.1192855835, 36.6415367126, 14.8076648712], [259.34979248, 32.9584465027, 28.0071048737, 36.10597229, 40.3404884338, 53.4987754822, 65.4660644531, 54.7406539917, 45.1134033203, 79.1192855835, 114.473770142, 57.791847229, 14.8218584061], [185.524124146, 20.8749580383, 33.2065811157, 21.6734809875, 42.9171180725, 51.8024520874, 48.6349105835, 44.7823677063, 36.3363838196, 36.6415367126, 57.791847229, 79.6333847046, 37.0856018066], [93.2639007568, -2.94416213036, -19.4996871948, -3.80683875084, 11.5371904373, 23.9758872986, 27.7783679962, 27.9255084991, 24.5952587128, 14.8076648712, 14.8218584061, 37.0856018066, 68.6410980225]],
