{
"lowlevel": {
    "average_loudness": 0.643519282341,
    "barkbands_crest": {
        "dmean": 2.89673256874,
        "dmean2": 4.6650967598,
        "dvar": 8.00541496277,
        "dvar2": 18.5735549927,
        "max": 26.080121994,
        "mean": 9.64862251282,
        "median": 7.92314767838,
        "min": 2.11204433441,
        "var": 29.0583381653
    },
    "barkbands_flatness_db": {
        "dmean": 0.019373672083,
        "dmean2": 0.0317540243268,
        "dvar": 0.000407145824283,
        "dvar2": 0.00101106357761,
        "max": 0.502155840397,
        "mean": 0.079874239862,
        "median": 0.0664047822356,
        "min": 0.014736874029,
        "var": 0.00285713607445
    },
    "barkbands_kurtosis": {
        "dmean": 2.26273846626,
        "dmean2": 3.88951992989,
        "dvar": 170.651062012,
        "dvar2": 495.342254639,
        "max": 481.973815918,
        "mean": 1.86920118332,
        "median": -0.578522562981,
        "min": -1.86663556099,
        "var": 296.923919678
    },
    "barkbands_skewness": {
        "dmean": 0.590278506279,
        "dmean2": 0.979628682137,
        "dvar": 0.471221327782,
        "dvar2": 1.21268928051,
        "max": 19.3526306152,
        "mean": 0.860567569733,
        "median": 0.729414105415,
        "min": -2.17111897469,
        "var": 2.10451245308
    },
    "barkbands_spread": {
        "dmean": 10.5231103897,
        "dmean2": 17.7875785828,
        "dvar": 119.588378906,
        "dvar2": 343.001342773,
        "max": 100.783561707,
        "mean": 51.1474304199,
        "median": 54.5965423584,
        "min": 0.381418824196,
        "var": 419.066864014
    },
    "dissonance": {
        "dmean": 0.0093141477555,
        "dmean2": 0.0161623153836,
        "dvar": 0.00011265509238,
        "dvar2": 0.000325533153955,
        "max": 0.500000059605,
        "mean": 0.485931813717,
        "median": 0.489999443293,
        "min": 0.379975169897,
        "var": 0.000180392235052
    },
    "dynamic_complexity": 5.62836551666,
    "erbbands_crest": {
        "dmean": 1.72733199596,
        "dmean2": 2.88886976242,
        "dvar": 2.98386955261,
        "dvar2": 7.531291008,
        "max": 29.6621952057,
        "mean": 6.12095355988,
        "median": 5.32146263123,
        "min": 2.09181213379,
        "var": 9.31388378143
    },
    "erbbands_flatness_db": {
        "dmean": 0.0133593874052,
        "dmean2": 0.0218763183802,
        "dvar": 0.000138463263283,
        "dvar2": 0.000363428291166,
        "max": 0.299110531807,
        "mean": 0.109307594597,
        "median": 0.103571921587,
        "min": 0.0466908253729,
        "var": 0.000850087148137
    },
    "erbbands_kurtosis": {
        "dmean": 0.929746687412,
        "dmean2": 1.51189208031,
        "dvar": 1.12541472912,
        "dvar2": 2.69499373436,
        "max": 36.1788406372,
        "mean": 0.793868422508,
        "median": 0.2580960989,
        "min": -1.84949707985,
        "var": 3.40947937965
    },
    "erbbands_skewness": {
        "dmean": 0.299906939268,
        "dmean2": 0.476282089949,
        "dvar": 0.0677745118737,
        "dvar2": 0.16998501122,
        "max": 2.85340309143,
        "mean": -0.517065882683,
        "median": -0.605659902096,
        "min": -5.07582473755,
        "var": 0.638023614883
    },
    "erbbands_spread": {
        "dmean": 10.6216611862,
        "dmean2": 17.5303459167,
        "dvar": 150.722366333,
        "dvar2": 392.703338623,
        "max": 161.481735229,
        "mean": 43.1781578064,
        "median": 39.9779815674,
        "min": 4.22092294693,
        "var": 280.764007568
    },
    "hfc": {
        "dmean": 23.0286178589,
        "dmean2": 41.3238792419,
        "dvar": 1246.8762207,
        "dvar2": 3710.19165039,
        "max": 299.675384521,
        "mean": 55.3658752441,
        "median": 51.9014434814,
        "min": 1.09630806001e-16,
        "var": 1953.1105957
    },
    "melbands_crest": {
        "dmean": 3.75862431526,
        "dmean2": 5.93132781982,
        "dvar": 11.8229789734,
        "dvar2": 28.0908603668,
        "max": 39.7637367249,
        "mean": 15.7500085831,
        "median": 14.5377483368,
        "min": 1.64566576481,
        "var": 64.1872406006
    },
    "melbands_flatness_db": {
        "dmean": 0.0300006605685,
        "dmean2": 0.0487559139729,
        "dvar": 0.000895854260307,
        "dvar2": 0.00219720695168,
        "max": 0.58482837677,
        "mean": 0.128973007202,
        "median": 0.116754502058,
        "min": 0.00374507531524,
        "var": 0.00581719819456
    },
    "melbands_kurtosis": {
        "dmean": 8.7765045166,
        "dmean2": 14.8733720779,
        "dvar": 475.523376465,
        "dvar2": 1385.27099609,
        "max": 572.41003418,
        "mean": 12.6330184937,
        "median": 5.09869337082,
        "min": -1.71399486065,
        "var": 739.934387207
    },
    "melbands_skewness": {
        "dmean": 0.969247758389,
        "dmean2": 1.58856070042,
        "dvar": 1.36640512943,
        "dvar2": 3.58503270149,
        "max": 22.9841003418,
        "mean": 2.75834298134,
        "median": 2.16675901413,
        "min": -0.596012294292,
        "var": 4.28834486008
    },
    "melbands_spread": {
        "dmean": 18.8855953217,
        "dmean2": 31.7289085388,
        "dvar": 429.786071777,
        "dvar2": 1123.70581055,
        "max": 201.528717041,
        "mean": 53.608455658,
        "median": 44.2300415039,
        "min": 0.432488411665,
        "var": 1250.73425293
    },
    "pitch_salience": {
        "dmean": 0.091940253973,
        "dmean2": 0.147595614195,
        "dvar": 0.00790060032159,
        "dvar2": 0.0189155135304,
        "max": 0.924927353859,
        "mean": 0.549401164055,
        "median": 0.580084264278,
        "min": 0.015729630366,
        "var": 0.0277802236378
    },
    "silence_rate_20dB": {
        "dmean": 0,
        "dmean2": 0,
        "dvar": 0,
        "dvar2": 0,
        "max": 1,
        "mean": 1,
        "median": 1,
        "min": 1,
        "var": 0
    },
    "silence_rate_30dB": {
        "dmean": 0.00832755025476,
        "dmean2": 0.0166574120522,
        "dvar": 0.00825803447515,
        "dvar2": 0.0191555414349,
        "max": 1,
        "mean": 0.993061363697,
        "median": 1,
        "min": 0,
        "var": 0.00689076818526
    },
    "silence_rate_60dB": {
        "dmean": 0.0119361551479,
        "dmean2": 0.0238756239414,
        "dvar": 0.0117942141369,
        "dvar2": 0.0277460366488,
        "max": 1,
        "mean": 0.116708301008,
        "median": 0,
        "min": 0,
        "var": 0.103085413575
    },
    "spectral_centroid": {
        "dmean": 346.126159668,
        "dmean2": 587.012268066,
        "dvar": 137158.140625,
        "dvar2": 354833.03125,
        "max": 11669.1865234,
        "mean": 2730.7199707,
        "median": 2818.4909668,
        "min": 361.592773438,
        "var": 1001084
    },
    "spectral_complexity": {
        "dmean": 5.23636341095,
        "dmean2": 8.49722385406,
        "dvar": 33.6230278015,
        "dvar2": 81.2004013062,
        "max": 66,
        "mean": 30.2378578186,
        "median": 34,
        "min": 0,
        "var": 289.950531006
    },
    "spectral_decrease": {
        "dmean": 2.20989448962e-09,
        "dmean2": 3.61690322137e-09,
        "dvar": 7.97715611953e-18,
        "dvar2": 1.9535210198e-17,
        "max": 1.86056917838e-28,
        "mean": -6.6819474398e-09,
        "median": -5.96453419988e-09,
        "min": -3.20670991982e-08,
        "var": 2.93047724064e-17
    },
    "spectral_energy": {
        "dmean": 0.00963738001883,
        "dmean2": 0.0159759130329,
        "dvar": 0.00012736293138,
        "dvar2": 0.000320894352626,
        "max": 0.129996135831,
        "mean": 0.0302411094308,
        "median": 0.0277584791183,
        "min": 1.01202825682e-20,
        "var": 0.000511228048708
    },
    "spectral_energyband_high": {
        "dmean": 0.00256983656436,
        "dmean2": 0.00459328200668,
        "dvar": 1.58313159773e-05,
        "dvar2": 4.64806944365e-05,
        "max": 0.0320100523531,
        "mean": 0.00551307806745,
        "median": 0.0047236289829,
        "min": 7.11854106043e-21,
        "var": 2.32028196478e-05
    },
    "spectral_energyband_low": {
        "dmean": 0.00722875120118,
        "dmean2": 0.0117215896025,
        "dvar": 0.000120878052257,
        "dvar2": 0.0002995490795,
        "max": 0.11025762558,
        "mean": 0.015240653418,
        "median": 0.0101946191862,
        "min": 1.06673360921e-23,
        "var": 0.000320758525049
    },
    "spectral_energyband_middle_high": {
        "dmean": 0.00226516486146,
        "dmean2": 0.00387148093432,
        "dvar": 9.27366363612e-06,
        "dvar2": 2.67001796601e-05,
        "max": 0.0285769682378,
        "mean": 0.00590819958597,
        "median": 0.00526401773095,
        "min": 1.22423649523e-21,
        "var": 2.19264347834e-05
    },
    "spectral_energyband_middle_low": {
        "dmean": 0.00266261631623,
        "dmean2": 0.00467430148274,
        "dvar": 1.39465173561e-05,
        "dvar2": 3.80085912184e-05,
        "max": 0.0300608575344,
        "mean": 0.00398851884529,
        "median": 0.00290958979167,
        "min": 1.75662246332e-22,
        "var": 1.46962520375e-05
    },
    "spectral_entropy": {
        "dmean": 0.0985877737403,
        "dmean2": 0.161130174994,
        "dvar": 0.0081647252664,
        "dvar2": 0.022006874904,
        "max": 9.82503604889,
        "mean": 8.21661567688,
        "median": 8.28956031799,
        "min": 6.44502305984,
        "var": 0.101127333939
    },
    "spectral_flux": {
        "dmean": 0.0205384418368,
        "dmean2": 0.0325085893273,
        "dvar": 0.000509580189828,
        "dvar2": 0.00115010328591,
        "max": 0.256714850664,
        "mean": 0.0945444703102,
        "median": 0.10010778904,
        "min": 6.17763687427e-11,
        "var": 0.00251048174687
    },
    "spectral_kurtosis": {
        "dmean": 0.674694955349,
        "dmean2": 1.09350275993,
        "dvar": 0.523544967175,
        "dvar2": 1.32323110104,
        "max": 27.9808063507,
        "mean": 2.31282424927,
        "median": 1.96758079529,
        "min": -1.25326561928,
        "var": 4.66084623337
    },
    "spectral_rms": {
        "dmean": 0.000795498141088,
        "dmean2": 0.00131858512759,
        "dvar": 6.54872280847e-07,
        "dvar2": 1.71376962044e-06,
        "max": 0.0112616829574,
        "mean": 0.00491222087294,
        "median": 0.00520398374647,
        "min": 3.14220394496e-12,
        "var": 5.37360938324e-06
    },
    "spectral_rolloff": {
        "dmean": 1359.79626465,
        "dmean2": 2277.36157227,
        "dvar": 2200392.5,
        "dvar2": 5853557.5,
        "max": 19638.28125,
        "mean": 4257.88183594,
        "median": 4112.84179688,
        "min": 21.533203125,
        "var": 7463426
    },
    "spectral_skewness": {
        "dmean": 0.115974456072,
        "dmean2": 0.185143366456,
        "dvar": 0.011174463667,
        "dvar2": 0.0280397944152,
        "max": 3.89779233932,
        "mean": 1.15497136116,
        "median": 1.07282137871,
        "min": -0.0642866194248,
        "var": 0.157502055168
    },
    "spectral_spread": {
        "dmean": 762847.9375,
        "dmean2": 1250782.75,
        "dvar": 786746048512,
        "dvar2": 1.86537764454e+12,
        "max": 41825820,
        "mean": 6470580.5,
        "median": 6197167,
        "min": 1953032,
        "var": 9.18063834726e+12
    },
    "spectral_strongpeak": {
        "dmean": 0.258905917406,
        "dmean2": 0.452493816614,
        "dvar": 0.429311186075,
        "dvar2": 1.21521818638,
        "max": 9.56717014313,
        "mean": 0.421188354492,
        "median": 0.283952414989,
        "min": 0,
        "var": 0.361412644386
    },
    "zerocrossingrate": {
        "dmean": 0.0172484926879,
        "dmean2": 0.0217249225825,
        "dvar": 0.000276626000414,
        "dvar2": 0.000385996507248,
        "max": 0.75244140625,
        "mean": 0.134246170521,
        "median": 0.13037109375,
        "min": 0.00048828125,
        "var": 0.0035889132414
    },
    "barkbands": {
        "dmean": [0.000719116709661, 0.00640644039959, 0.00184300797991, 0.000935662537813, 0.00117670185864, 0.000464550510515, 0.000374092749553, 0.00024072258384, 0.00031812506495, 0.000294115219731, 0.000265521928668, 0.000278910360066, 0.000299335893942, 0.000261510664131, 0.000327055924572, 0.000277652172372, 0.000310250150505, 0.000536428997293, 0.000454296619864, 0.00066264369525, 0.000687243882567, 0.000503255054355, 0.000516179308761, 0.000490267761052, 0.000418963958509, 0.000193240441149, 4.1682022129e-05],
        "dmean2": [0.00113797106314, 0.0103173591197, 0.0031648054719, 0.00167811347637, 0.00213637854904, 0.000824861286674, 0.000639454578049, 0.000408433232224, 0.000530704914127, 0.000456933543319, 0.00042268447578, 0.000464372220449, 0.000486113363877, 0.000410842651036, 0.000539320579264, 0.000487648270791, 0.000531321798917, 0.000976740615442, 0.000790798512753, 0.00118467386346, 0.00124438921921, 0.000874219811521, 0.000890175637323, 0.000838677224237, 0.000725751568098, 0.000348384259269, 7.51281986595e-05],
        "dvar": [3.24604548041e-06, 0.000105378967419, 1.04436639958e-05, 2.8370018299e-06, 3.98784277422e-06, 6.30377144262e-07, 3.03054008555e-07, 1.92879355154e-07, 2.28243962397e-07, 3.22320488522e-07, 2.23801038146e-07, 5.52670314846e-07, 2.2746040429e-07, 2.17270937242e-07, 2.51736707924e-07, 1.90777399212e-07, 2.15515228774e-07, 7.41432415907e-07, 4.83098517634e-07, 8.09039875094e-07, 1.04240405108e-06, 4.9587401918e-07, 6.10986433003e-07, 5.57461135031e-07, 3.84935276543e-07, 1.61654767794e-07, 1.1067691652e-08],
        "dvar2": [7.66331777413e-06, 0.00025794422254, 2.78258976323e-05, 7.8672555901e-06, 1.13351979962e-05, 1.77893412001e-06, 8.24450580694e-07, 5.3686579804e-07, 6.24071958555e-07, 7.37655000194e-07, 5.26240285126e-07, 1.54995677804e-06, 5.56287659492e-07, 4.56749347677e-07, 6.12483574969e-07, 5.42310317542e-07, 5.94623941197e-07, 2.14715055336e-06, 1.37424558488e-06, 2.34858362091e-06, 2.95589165944e-06, 1.38153575335e-06, 1.77156937298e-06, 1.59831017754e-06, 1.14225008474e-06, 4.96211384871e-07, 3.37210614987e-08],
        "max": [0.0336544513702, 0.0944500789046, 0.0361528620124, 0.0214528534561, 0.0181275848299, 0.00939097627997, 0.00614984193817, 0.00715195154771, 0.00851618312299, 0.012075218372, 0.00876619108021, 0.0222632680088, 0.00936877261847, 0.00943061709404, 0.0108447251841, 0.00710114231333, 0.00450082728639, 0.0102923586965, 0.00742943026125, 0.00857144780457, 0.00883277039975, 0.00678985379636, 0.00737380934879, 0.00652091018856, 0.00543552311137, 0.00368193583563, 0.00100203324109],
        "mean": [0.00119924743194, 0.0117436889559, 0.00199023075402, 0.00087642116705, 0.00111186585855, 0.000520015193615, 0.000535451050382, 0.000319833256071, 0.000497592845932, 0.000465564575279, 0.000390691013308, 0.000421563803684, 0.000500524649397, 0.000467379402835, 0.000515023944899, 0.000426536251325, 0.000530242687091, 0.000778292014729, 0.000858473766129, 0.00117065687664, 0.00111830199603, 0.00095475098351, 0.000889171671588, 0.000880718871485, 0.000714543333743, 0.000316480902256, 4.78599831695e-05],
        "median": [0.000109830391011, 0.00646711047739, 0.000914400094189, 0.000332723837346, 0.000491589074954, 0.000285198446363, 0.000301720807329, 0.000173330015969, 0.000271852622973, 0.000188186531886, 0.000144169156556, 0.000223898590775, 0.000268327479716, 0.000222269794904, 0.000256510684267, 0.000238027569139, 0.000359952275176, 0.000525475479662, 0.000641789869405, 0.000879993953276, 0.000863419147208, 0.000778048648499, 0.000696090632118, 0.000711165776011, 0.000592286756728, 0.000240330977249, 1.86134893738e-05],
        "min": [1.07123908966e-24, 5.01124994447e-24, 9.58988620193e-25, 7.82283876031e-25, 9.56091607405e-24, 7.54409692882e-24, 3.63725856255e-24, 8.76326331404e-24, 1.59128311826e-23, 1.3449562519e-23, 1.27596279267e-23, 2.97756274428e-23, 2.81722739638e-23, 3.11402968554e-23, 2.66689070268e-23, 6.08225578768e-23, 7.94616813039e-23, 9.91644353557e-23, 1.57996823386e-22, 1.84518869756e-22, 1.9500598663e-22, 3.26218016168e-22, 3.77355539384e-22, 6.91388746901e-22, 7.41997518741e-22, 1.27683112658e-21, 2.00615471767e-21],
        "var": [8.6980389824e-06, 0.000238414213527, 1.05349390651e-05, 2.24220116252e-06, 3.02247940454e-06, 5.14159808063e-07, 4.28402927355e-07, 2.10289613278e-07, 3.91521467691e-07, 6.48991033358e-07, 4.09616433217e-07, 6.73027898301e-07, 4.58941514125e-07, 5.53606867015e-07, 5.11774430834e-07, 2.86826121965e-07, 3.29011982103e-07, 7.76526633217e-07, 7.81817902862e-07, 1.353401899e-06, 1.31624574351e-06, 8.19883609893e-07, 7.84042697433e-07, 7.43285056615e-07, 4.60561068394e-07, 1.46858312178e-07, 8.72308181243e-09]
    },
    "erbbands": {
        "dmean": [0.250965863466, 1.28037762642, 2.05261921883, 2.60911774635, 3.50227451324, 3.9972307682, 4.31309318542, 3.64009618759, 4.73185300827, 5.4643406868, 5.28497695923, 6.82136535645, 8.94895076752, 9.79987430573, 9.8334646225, 11.289396286, 12.8937768936, 13.2366943359, 14.8392162323, 15.7132434845, 15.9750452042, 17.8081588745, 27.5954170227, 22.7941570282, 24.4938869476, 34.5088768005, 25.7103290558, 27.6730117798, 18.6256656647, 15.291510582, 15.6996164322, 10.8761062622, 8.15575027466, 5.00080966949, 2.99444103241, 1.14476895332, 0.30797290802, 0.0721725970507, 0.00539089739323, 9.52020709519e-05],
        "dmean2": [0.403576165438, 2.0394256115, 3.37964820862, 4.61672782898, 6.36212968826, 7.27972745895, 7.8657412529, 6.41118335724, 8.21649837494, 9.18975925446, 8.97130393982, 11.3306474686, 14.3657302856, 15.1145048141, 15.6907272339, 18.91289711, 20.7525749207, 20.6250247955, 24.4495010376, 26.5412979126, 27.6636486053, 30.8900527954, 50.5566291809, 40.17445755, 42.3857955933, 61.6133842468, 46.3836631775, 50.0679664612, 32.093662262, 26.471912384, 27.5795440674, 18.4394779205, 14.2064981461, 8.63943767548, 5.20232582092, 2.02849531174, 0.561132073402, 0.131490662694, 0.00960590783507, 0.000170593411895],
        "dvar": [0.27382260561, 3.27249026299, 11.2584667206, 21.7004013062, 36.1473388672, 55.2047233582, 66.9075698853, 36.1490440369, 58.8273544312, 80.98387146, 84.923210144, 111.635978699, 319.735290527, 321.420196533, 298.219512939, 930.897766113, 433.289825439, 548.941955566, 615.449462891, 613.292785645, 681.392150879, 719.665527344, 2206.41796875, 1211.80371094, 1296.08447266, 2315.33447266, 1372.00524902, 1730.76293945, 670.093933105, 445.913726807, 692.204589844, 255.031402588, 162.250869751, 49.6454277039, 21.923997879, 3.99350953102, 0.692027032375, 0.0354689732194, 0.000155273883138, 4.50162289667e-08],
        "dvar2": [0.60474807024, 7.82295799255, 28.3871936798, 58.7674789429, 101.131256104, 159.891403198, 190.906021118, 101.173797607, 162.584335327, 221.467773438, 233.799667358, 297.433288574, 823.579833984, 697.933105469, 715.47265625, 2680.73754883, 1036.6685791, 1133.51757812, 1497.52355957, 1523.53320312, 1929.36669922, 2035.6159668, 6391.875, 3390.61083984, 3769.30322266, 6690.44775391, 3970.27587891, 4976.23974609, 1862.61743164, 1252.33056641, 2037.14904785, 713.352661133, 473.160186768, 141.569320679, 65.9725494385, 12.0643587112, 2.12671494484, 0.1088135764, 0.000472395360703, 1.37943288792e-07],
        "max": [5.27624082565, 18.22914505, 34.5913963318, 58.7189331055, 50.4867362976, 78.8059158325, 112.988136292, 69.8865432739, 104.667205811, 147.950683594, 185.294952393, 126.993804932, 234.243896484, 441.238983154, 284.758026123, 931.950500488, 416.30090332, 492.640808105, 590.898681641, 584.716369629, 467.761566162, 310.921875, 626.087280273, 362.670501709, 388.320098877, 451.817840576, 359.651428223, 318.17199707, 239.58140564, 257.679656982, 280.432128906, 145.348327637, 114.380989075, 64.4185943604, 41.911113739, 16.9957771301, 7.8984079361, 1.6184732914, 0.132234230638, 0.0021032737568],
        "mean": [0.42947396636, 2.2259376049, 2.81110024452, 2.72942686081, 3.29680323601, 3.69771981239, 3.94090270996, 4.33177042007, 6.52539110184, 7.90279817581, 7.68057107925, 10.5039567947, 13.2097892761, 17.0149936676, 16.0516166687, 18.4484920502, 22.9150123596, 25.3268108368, 24.1523609161, 25.3262042999, 27.2042331696, 30.2985038757, 40.5941200256, 41.4413795471, 47.7605743408, 58.5521659851, 46.4070205688, 42.0376281738, 33.7645187378, 30.4842605591, 25.359375, 19.335893631, 13.958562851, 8.57423400879, 4.82920885086, 1.97283530235, 0.444265186787, 0.098740465939, 0.00683748582378, 0.000168246639078],
        "median": [0.134250670671, 1.45425713062, 1.66064345837, 1.29540419579, 1.60911870003, 1.45130848885, 1.77103281021, 2.34630012512, 3.62247014046, 4.70665168762, 4.64918136597, 5.80247497559, 6.21126174927, 9.07616996765, 7.84052753448, 11.4538993835, 12.9597787857, 11.9806308746, 12.8068122864, 13.4847126007, 16.9787330627, 20.8508529663, 28.1162319183, 28.9701919556, 37.050491333, 43.3164672852, 36.3880691528, 32.0612487793, 27.0949020386, 24.4104576111, 19.6116905212, 15.2672424316, 11.0218935013, 6.75586032867, 4.00502490997, 1.66655099392, 0.242862999439, 0.0468719825149, 0.00290928082541, 0.000125150676467],
        "min": [1.80096263086e-22, 3.44980612103e-22, 2.13176379005e-21, 5.85152088964e-21, 1.40931640034e-20, 2.48405666059e-20, 6.01767691778e-20, 4.9642717781e-20, 8.3347332444e-20, 2.00331111467e-19, 2.08886679317e-19, 4.52847160775e-19, 3.97031080991e-19, 4.45842802143e-19, 6.34827412524e-19, 1.5167726549e-18, 1.80185083705e-18, 1.81802862867e-18, 2.56112302324e-18, 3.17296287974e-18, 4.53628949851e-18, 4.62818430148e-18, 4.50011895828e-18, 7.01751990267e-18, 8.883673279e-18, 9.37624692606e-18, 8.80467918486e-18, 9.31771976182e-18, 1.06307399441e-17, 1.18799009559e-17, 1.02875923388e-17, 1.09215468689e-17, 1.14091748031e-17, 8.10957450071e-18, 5.88960288917e-18, 3.95471659421e-18, 2.54953442965e-18, 1.05776971941e-18, 2.58108966396e-19, 2.84798963449e-20],
        "var": [0.638887465, 6.59309196472, 14.8470516205, 19.0344257355, 26.9846725464, 40.4574584961, 46.2065200806, 33.3905296326, 71.7032318115, 105.450012207, 103.872444153, 178.971466064, 444.837127686, 760.413208008, 562.973266602, 1026.95239258, 930.144592285, 1568.99475098, 1136.15332031, 1317.30944824, 1075.14160156, 1078.05249023, 2161.37280273, 1861.27453613, 2251.46118164, 3587.99194336, 2148.82373047, 1946.84887695, 1073.53735352, 818.213562012, 720.302734375, 359.768066406, 195.650558472, 67.0466461182, 23.0835342407, 4.04324913025, 0.562489748001, 0.0297644045204, 0.000139546042192, 4.19987173927e-08]
    },
    "gfcc": {
        "mean": [10.7037792206, 18.9363918304, -99.9250259399, 41.6164321899, -54.6339797974, 25.6756820679, -30.3895149231, 19.7561702728, -25.2488689423, 10.9294662476, -16.9558429718, 5.67507696152, -13.9157047272],
        "cov": [[38031.3398438, -855.393737793, -491.955963135, 3099.5144043, 209.846633911, 1081.66906738, -609.180664062, -130.599838257, -319.305725098, 726.63873291, 288.553741455, -249.424697876, -181.013702393], [-855.393737793, 748.165100098, 87.474647522, -134.783752441, 278.809326172, 57.9681892395, 113.907180786, 0.0743022561073, 37.2013092041, 17.6526527405, -9.35563850403, -7.99092054367, 3.91384506226], [-491.955963135, 87.474647522, 538.73626709, 262.655822754, 135.644363403, 66.2062530518, 74.7209091187, 21.5296764374, 18.3211021423, -8.64627742767, 16.8774623871, -12.2118062973, 34.3877754211], [3099.5144043, -134.783752441, 262.655822754, 769.96661377, 59.7449073792, 150.65246582, -1.16896545887, 44.9792060852, -17.9475078583, 65.1817245483, 69.7981643677, -28.9753417969, 32.981262207], [209.846633911, 278.809326172, 135.644363403, 59.7449073792, 450.599487305, 180.922576904, 186.651077271, 25.7724456787, 92.9908752441, 81.200668335, 29.6490440369, -29.87890625, 4.15541505814], [1081.66906738, 57.9681892395, 66.2062530518, 150.65246582, 180.922576904, 228.433853149, 106.835212708, 41.7022781372, 38.4461135864, 62.4915390015, 34.2528877258, -18.7342414856, 1.08437585831], [-609.180664062, 113.907180786, 74.7209091187, -1.16896545887, 186.651077271, 106.835212708, 213.652282715, 83.4660110474, 83.32787323, 44.6357955933, 28.4150943756, 17.4710273743, 16.7395019531], [-130.599838257, 0.0743022561073, 21.5296764374, 44.9792060852, 25.7724456787, 41.7022781372, 83.4660110474, 115.408416748, 62.2585678101, 23.439239502, 11.5055971146, 19.7333316803, 11.2949848175], [-319.305725098, 37.2013092041, 18.3211021423, -17.9475078583, 92.9908752441, 38.4461135864, 83.32787323, 62.2585678101, 103.334838867, 45.5274276733, 20.5643997192, 10.2465867996, 11.2193307877], [726.63873291, 17.6526527405, -8.64627742767, 65.1817245483, 81.200668335, 62.4915390015, 44.6357955933, 23.439239502, 45.5274276733, 100.895996094, 53.97473526, 0.632498264313, -0.280439853668], [288.553741455, -9.35563850403, 16.8774623871, 69.7981643677, 29.6490440369, 34.2528877258, 28.4150943756, 11.5055971146, 20.5643997192, 53.97473526, 87.4540481567, 20.4112071991, 9.33434963226], [-249.424697876, -7.99092054367, -12.2118062973, -28.9753417969, -29.87890625, -18.7342414856, 17.4710273743, 19.7333316803, 10.2465867996, 0.632498264313, 20.4112071991, 62.7529220581, 28.0334644318], [-181.013702393, 3.91384506226, 34.3877754211, 32.981262207, 4.15541505814, 1.08437585831, 16.7395019531, 11.2949848175, 11.2193307877, -0.280439853668, 9.33434963226, 28.0334644318, 50.7124481201]],
        "icov": [[7.57694724598e-05, 8.41971632326e-06, 0.000174608197995, -0.000310447678203, -6.14339587628e-05, -0.000277692044619, 0.000316711550113, 5.63743014936e-05, 0.000167433958268, -0.000483045179863, 0.000274171994533, -0.000274845428066, 0.000308931717882], [8.41971632326e-06, 0.00195639627054, -0.00022756231192, 0.00049823988229, -0.00153578363825, 0.000298456056044, 8.08013355709e-05, -0.000435914727859, 0.00100740755443, -0.000197819725145, 0.000216706364881, -0.000171684645466, -0.000269731070148], [0.000174608197995, -0.00022756231192, 0.00318054435775, -0.00183774065226, -0.00065605546115, -0.000204344920348, -0.0001529911533, 0.000595158722717, -0.000203238829272, 0.000895491160918, 3.88660591852e-05, 8.48041599966e-05, -0.000348752131686], [-0.000310447678203, 0.00049823988229, -0.00183774065226, 0.00391539977863, -0.000114289985504, -6.42745071673e-05, 0.000240964014665, -0.00262447446585, 0.00167089980096, 0.000648385379463, -0.00249537872151, 0.00307770073414, -0.00353917758912], [-6.14339587628e-05, -0.00153578363825, -0.00065605546115, -0.000114289985504, 0.00703127775341, -0.00233898661099, -0.00427965959534, 0.00444428715855, -0.00404558097944, -0.00122810900211, 0.00078090763418, 0.00234900647774, -0.00023891433375], [-0.000277692044619, 0.000298456056044, -0.000204344920348, -6.42745071673e-05, -0.00233898661099, 0.00983531214297, -0.00365445460193, -0.00178295676596, 0.00173964281566, -0.000252793222899, -0.00141983747017, 0.00287650316022, -0.000964151055086], [0.000316711550113, 8.08013355709e-05, -0.0001529911533, 0.000240964014665, -0.00427965959534, -0.00365445460193, 0.0146069806069, -0.00687116011977, -0.000520654080901, -0.00104061514139, -0.000603521242738, -0.00357302301563, 0.000404565333156], [5.63743014936e-05, -0.000435914727859, 0.000595158722717, -0.00262447446585, 0.00444428715855, -0.00178295676596, -0.00687116011977, 0.0202279370278, -0.0109824379906, 0.000346910266671, 0.00361158885062, -0.00465815188363, 0.00331672420725], [0.000167433958268, 0.00100740755443, -0.000203238829272, 0.00167089980096, -0.00404558097944, 0.00173964281566, -0.000520654080901, -0.0109824379906, 0.024184031412, -0.00857491604984, 0.000231433848967, 0.00146157830022, -0.00376504450105], [-0.000483045179863, -0.000197819725145, 0.000895491160918, 0.000648385379463, -0.00122810900211, -0.000252793222899, -0.00104061514139, 0.000346910266671, -0.00857491604984, 0.0252100676298, -0.0126235503703, 0.00320024997927, 0.000225381343625], [0.000274171994533, 0.000216706364881, 3.88660591852e-05, -0.00249537872151, 0.00078090763418, -0.00141983747017, -0.000603521242738, 0.00361158885062, 0.000231433848967, -0.0126235503703, 0.0221865270287, -0.00949896592647, 0.00296583678573], [-0.000274845428066, -0.000171684645466, 8.48041599966e-05, 0.00307770073414, 0.00234900647774, 0.00287650316022, -0.00357302301563, -0.00465815188363, 0.00146157830022, 0.00320024997927, -0.00949896592647, 0.031000662595, -0.016758158803], [0.000308931717882, -0.000269731070148, -0.000348752131686, -0.00353917758912, -0.00023891433375, -0.000964151055086, 0.000404565333156, 0.00331672420725, -0.00376504450105, 0.000225381343625, 0.00296583678573, -0.016758158803, 0.0321007817984]]
    },
    "melbands": {
        "dmean": [0.00194790598471, 0.00114182312973, 0.000459341070382, 0.000271222641459, 0.000154270077473, 8.23535156087e-05, 7.39769748179e-05, 5.77646569582e-05, 4.38950810349e-05, 4.53343236586e-05, 4.53185930382e-05, 4.08676278312e-05, 3.74889314116e-05, 3.27209527313e-05, 2.93738285109e-05, 2.74493850156e-05, 2.46336185228e-05, 2.41485668084e-05, 2.19391586143e-05, 1.96586752281e-05, 1.97187655431e-05, 1.84862219612e-05, 2.59526004811e-05, 2.56597832049e-05, 1.88772664842e-05, 1.84263917617e-05, 2.13508574234e-05, 2.38992888626e-05, 1.56609839905e-05, 1.97536373889e-05, 1.55888792506e-05, 1.11094050226e-05, 9.98663199425e-06, 8.38051528262e-06, 9.61111254583e-06, 7.90500598669e-06, 6.58030603518e-06, 6.21431490799e-06, 4.7596740842e-06, 4.31255739386e-06],
        "dmean2": [0.00315752904862, 0.00181774201337, 0.000804862880614, 0.000491787097417, 0.000281966669718, 0.000145332305692, 0.000127942985273, 9.68444437603e-05, 7.46090299799e-05, 7.50626204535e-05, 7.2567112511e-05, 6.27516783425e-05, 5.92390460952e-05, 5.44445902051e-05, 4.81159404444e-05, 4.37155104009e-05, 3.86746687582e-05, 3.9938124246e-05, 3.69223234884e-05, 3.3701358916e-05, 3.39731959684e-05, 3.15073921229e-05, 4.72585998068e-05, 4.6242341341e-05, 3.31601586367e-05, 3.17056219501e-05, 3.77222786483e-05, 4.24737445428e-05, 2.79099658655e-05, 3.58073302777e-05, 2.7979242077e-05, 1.90245991689e-05, 1.74905198946e-05, 1.44187970363e-05, 1.69664363057e-05, 1.36393682624e-05, 1.11679019028e-05, 1.0819921954e-05, 8.24229027785e-06, 7.44816907172e-06],
        "dvar": [1.23582631204e-05, 2.59832881966e-06, 6.13013128259e-07, 2.10691766256e-07, 8.38762801436e-08, 1.86923099221e-08, 1.31541213477e-08, 9.5038217296e-09, 5.93777826907e-09, 4.91869567298e-09, 8.08001932029e-09, 5.9465845581e-09, 4.5322767761e-09, 7.75941355613e-09, 3.56472940055e-09, 1.77467907037e-09, 1.84771575817e-09, 1.72465297599e-09, 1.15509479759e-09, 8.84638529097e-10, 1.0102252368e-09, 8.47759140665e-10, 1.70908065478e-09, 1.59159752045e-09, 8.58917270641e-10, 7.7642425822e-10, 8.94807283824e-10, 1.07265563098e-09, 4.27258117774e-10, 9.66841273708e-10, 5.23248722128e-10, 2.50612808284e-10, 1.82045239994e-10, 1.38541747519e-10, 2.53605747513e-10, 1.51008275329e-10, 9.20542531091e-11, 8.43027800346e-11, 5.35003152891e-11, 3.55374479843e-11],
        "dvar2": [2.92437161988e-05, 5.96551808485e-06, 1.64107268574e-06, 5.99472116392e-07, 2.39648045408e-07, 5.24355208142e-08, 3.60216816375e-08, 2.64051323029e-08, 1.65708211597e-08, 1.29266686244e-08, 2.07239789773e-08, 1.26298829173e-08, 1.04583133265e-08, 2.16027142841e-08, 9.27703425191e-09, 3.92752452782e-09, 3.87805254576e-09, 4.10165901243e-09, 2.90763213506e-09, 2.36441621837e-09, 2.85579249137e-09, 2.31063967959e-09, 5.01732655422e-09, 4.56021309603e-09, 2.38879094283e-09, 2.18478546365e-09, 2.65385757814e-09, 3.08289016537e-09, 1.25689714192e-09, 2.74746536633e-09, 1.50746060079e-09, 6.95774604598e-10, 5.18901477342e-10, 3.87289728065e-10, 7.4632311442e-10, 4.31379237886e-10, 2.5615781718e-10, 2.43080694462e-10, 1.56876220347e-10, 1.00417993365e-10],
        "max": [0.0346231907606, 0.0180211514235, 0.00874235108495, 0.0043519064784, 0.00387576036155, 0.00151846907102, 0.00147122971248, 0.00175487645902, 0.00141271983739, 0.00109990488272, 0.00118186837062, 0.00196966342628, 0.00119214423466, 0.00265178456903, 0.00121637270786, 0.000710963038728, 0.000842618988827, 0.000923757383134, 0.000594428100158, 0.000540771114174, 0.000524938164745, 0.000402634846978, 0.000496580032632, 0.000424145662691, 0.000312517804559, 0.000322489446262, 0.000334576528985, 0.000367729720892, 0.000191232029465, 0.000266177114099, 0.000208091252716, 0.000157974849571, 0.000115871822345, 0.000162278360222, 0.00016322141164, 0.000130600281409, 9.66566003626e-05, 7.97929897089e-05, 6.18296544417e-05, 6.14203308942e-05],
        "mean": [0.00355148059316, 0.00202585221268, 0.000494325708132, 0.000255971768638, 0.00014225198538, 9.62538615568e-05, 0.000105466162495, 8.33693848108e-05, 6.2716047978e-05, 6.93968395353e-05, 6.58169592498e-05, 6.85055638314e-05, 5.78126491746e-05, 4.78246693092e-05, 5.00698151882e-05, 4.9367761676e-05, 4.54654145869e-05, 3.77862561436e-05, 3.40998958563e-05, 3.02961871057e-05, 3.21590450767e-05, 3.00603296637e-05, 3.51578564732e-05, 3.74483497581e-05, 3.2570809708e-05, 3.31084884237e-05, 3.80103847419e-05, 3.83140904887e-05, 2.77923718386e-05, 2.79137093457e-05, 2.30969544646e-05, 1.86911638593e-05, 1.86502747965e-05, 1.60703584697e-05, 1.47411974467e-05, 1.29077434394e-05, 1.14545482575e-05, 1.02019821497e-05, 8.00744237495e-06, 7.05930187905e-06],
        "median": [0.00159534229897, 0.00146775599569, 0.000260044354945, 0.000113547954243, 6.46466942271e-05, 5.22253649251e-05, 5.97547041252e-05, 5.11203761562e-05, 3.76135285478e-05, 3.70770067093e-05, 3.00355022773e-05, 3.45671178366e-05, 2.36780942942e-05, 2.51900492003e-05, 2.79800678982e-05, 2.69146657956e-05, 2.01576003747e-05, 1.92405786947e-05, 1.78015507117e-05, 1.53788350872e-05, 1.96626278921e-05, 1.88156955119e-05, 2.402728569e-05, 2.48247670243e-05, 2.15137952182e-05, 2.39456130657e-05, 2.87676102744e-05, 2.72589422821e-05, 2.16431617446e-05, 1.98805591936e-05, 1.7304035282e-05, 1.42621120176e-05, 1.54381705215e-05, 1.24502457766e-05, 1.11638810267e-05, 9.88296778814e-06, 8.82776203071e-06, 7.73590363679e-06, 6.24680251349e-06, 5.45119746675e-06],
        "min": [1.97796735122e-24, 1.23390605402e-24, 1.35545798242e-24, 1.07882733993e-24, 2.08773616289e-24, 1.08031641349e-24, 1.17282090564e-24, 1.58988594699e-24, 1.42991057605e-24, 2.2349324802e-24, 1.74409651966e-24, 1.55065402063e-24, 1.71115329383e-24, 3.69983179841e-24, 3.02078506436e-24, 3.34340471991e-24, 2.77429659984e-24, 3.75922592483e-24, 2.80514894984e-24, 3.7923135122e-24, 4.96286397756e-24, 3.87873282994e-24, 3.29218792564e-24, 5.18592110382e-24, 5.05800257488e-24, 5.13965835604e-24, 4.46533650438e-24, 5.55412863665e-24, 4.94710135338e-24, 4.46669373957e-24, 5.65205901272e-24, 5.59728327247e-24, 5.21385979607e-24, 5.96001571619e-24, 5.16740496066e-24, 5.88691592041e-24, 5.50416179249e-24, 7.59856067458e-24, 6.41241719014e-24, 6.1589005666e-24],
        "var": [2.8364620448e-05, 5.18420847584e-06, 5.53685310933e-07, 1.61706154245e-07, 5.80973029685e-08, 1.65595199775e-08, 1.71358784939e-08, 1.13154836612e-08, 6.92536028524e-09, 8.15504197504e-09, 1.12253468743e-08, 1.4130508319e-08, 8.47105852131e-09, 8.76869510336e-09, 6.2895906261e-09, 4.49059367469e-09, 5.28099564079e-09, 3.22792903518e-09, 2.19601647977e-09, 1.62304214513e-09, 1.56195545387e-09, 1.33694244564e-09, 1.67116320782e-09, 1.79675208045e-09, 1.27240362691e-09, 1.2528986737e-09, 1.45601908308e-09, 1.64821378767e-09, 7.62447105451e-10, 1.0276199891e-09, 5.99890914721e-10, 3.67777058807e-10, 3.05239333809e-10, 2.48351006427e-10, 2.59385263268e-10, 1.77838466175e-10, 1.31786248581e-10, 1.06196093586e-10, 6.53003692785e-11, 4.74725189714e-11]
    },
    "mfcc": {
        "mean": [-625.08416748, 53.0196762085, 10.4260568619, 22.0946044922, 5.89643621445, 10.0855026245, 9.44001674652, 7.38520479202, 4.2052731514, 6.0395617485, 3.85421442986, 4.08050870895, 2.00652480125],
        "cov": [[22517.6992188, -104.360649109, 700.051818848, 1556.89685059, 507.41809082, 569.858764648, 286.985809326, 196.705551147, -8.40157318115, 180.370956421, 73.6496963501, 71.5317001343, 34.9206161499], [-104.360649109, 1031.0267334, -193.327285767, -129.529663086, 120.123016357, 124.44884491, 100.987991333, 21.8797245026, 93.1719741821, 26.8365459442, 66.3643493652, 53.4630393982, 23.2634239197], [700.051818848, -193.327285767, 476.166137695, 257.002349854, 69.7298126221, 30.0591602325, 38.6983222961, 26.3708229065, -16.2183685303, 0.807789385319, -35.7187728882, -19.7567501068, 6.69961500168], [1556.89685059, -129.529663086, 257.002349854, 431.672149658, 130.473648071, 94.2091598511, 83.9963684082, 46.3232040405, 26.7058506012, 39.6581420898, 11.6229038239, 10.4942531586, 22.641746521], [507.41809082, 120.123016357, 69.7298126221, 130.473648071, 193.185760498, 134.586013794, 86.1719894409, 41.8646430969, 57.8494911194, 52.5420799255, 31.2705440521, 18.6138553619, 10.6340303421], [569.858764648, 124.44884491, 30.0591602325, 94.2091598511, 134.586013794, 200.6980896, 132.636245728, 54.062122345, 67.9170379639, 64.0752639771, 46.2521514893, 31.6277732849, 23.5371685028], [286.985809326, 100.987991333, 38.6983222961, 83.9963684082, 86.1719894409, 132.636245728, 155.354873657, 71.9112930298, 56.7324523926, 59.7677955627, 47.4897689819, 38.3585472107, 34.0680961609], [196.705551147, 21.8797245026, 26.3708229065, 46.3232040405, 41.8646430969, 54.062122345, 71.9112930298, 98.0551376343, 67.1829605103, 39.6394424438, 24.4480648041, 27.6318759918, 24.8625392914], [-8.40157318115, 93.1719741821, -16.2183685303, 26.7058506012, 57.8494911194, 67.9170379639, 56.7324523926, 67.1829605103, 116.680305481, 63.5132446289, 34.8862876892, 27.1290340424, 18.2574462891], [180.370956421, 26.8365459442, 0.807789385319, 39.6581420898, 52.5420799255, 64.0752639771, 59.7677955627, 39.6394424438, 63.5132446289, 94.4621505737, 57.6583938599, 26.9513645172, 19.0993804932], [73.6496963501, 66.3643493652, -35.7187728882, 11.6229038239, 31.2705440521, 46.2521514893, 47.4897689819, 24.4480648041, 34.8862876892, 57.6583938599, 82.55519104, 46.5344772339, 20.1956977844], [71.5317001343, 53.4630393982, -19.7567501068, 10.4942531586, 18.6138553619, 31.6277732849, 38.3585472107, 27.6318759918, 27.1290340424, 26.9513645172, 46.5344772339, 72.3843460083, 37.3593597412], [34.9206161499, 23.2634239197, 6.69961500168, 22.641746521, 10.6340303421, 23.5371685028, 34.0680961609, 24.8625392914, 18.2574462891, 19.0993804932, 20.1956977844, 37.3593597412, 67.1594467163]],
