{
"lowlevel": {
    "average_loudness": 0.76120942831,
    "barkbands_crest": {
        "dmean": 2.64244675636,
        "dmean2": 4.20281648636,
        "dvar": 7.25264930725,
        "dvar2": 17.1339130402,
        "max": 24.6965370178,
        "mean": 9.76863861084,
        "median": 8.76044368744,
        "min": 1.95148694515,
        "var": 20.4849834442
    },
    "barkbands_flatness_db": {
        "dmean": 0.0219006314874,
        "dmean2": 0.0338043347001,
        "dvar": 0.000523545430042,
        "dvar2": 0.00114851212129,
        "max": 0.431764036417,
        "mean": 0.102843269706,
        "median": 0.0887911096215,
        "min": 0.0112599721178,
        "var": 0.00377745181322
    },
    "barkbands_kurtosis": {
        "dmean": 1.82487869263,
        "dmean2": 2.84478092194,
        "dvar": 43.5183525085,
        "dvar2": 86.7122573853,
        "max": 411.095092773,
        "mean": 1.43713879585,
        "median": 0.139842033386,
        "min": -1.89191675186,
        "var": 54.8689727783
    },
    "barkbands_skewness": {
        "dmean": 0.554853439331,
        "dmean2": 0.853846430779,
        "dvar": 0.469160109758,
        "dvar2": 1.02191734314,
        "max": 16.989276886,
        "mean": 0.97186177969,
        "median": 0.907026469707,
        "min": -2.67513370514,
        "var": 1.1095905304
    },
    "barkbands_spread": {
        "dmean": 11.3913488388,
        "dmean2": 18.1096553802,
        "dvar": 188.691131592,
        "dvar2": 448.506347656,
        "max": 112.833053589,
        "mean": 42.0038566589,
        "median": 41.1239318848,
        "min": 0.431418538094,
        "var": 610.777770996
    },
    "dissonance": {
        "dmean": 0.0153466276824,
        "dmean2": 0.026246862486,
        "dvar": 0.000325491215335,
        "dvar2": 0.000928966968786,
        "max": 0.500000178814,
        "mean": 0.474974870682,
        "median": 0.483111798763,
        "min": 0.260642528534,
        "var": 0.000662246427964
    },
    "dynamic_complexity": 3.57326483727,
    "erbbands_crest": {
        "dmean": 2.48717856407,
        "dmean2": 4.01295280457,
        "dvar": 7.18362903595,
        "dvar2": 17.2745609283,
        "max": 31.6793861389,
        "mean": 8.59343242645,
        "median": 7.13989448547,
        "min": 2.03094172478,
        "var": 26.1926193237
    },
    "erbbands_flatness_db": {
        "dmean": 0.0159130971879,
        "dmean2": 0.0252509210259,
        "dvar": 0.000246328185312,
        "dvar2": 0.00060604797909,
        "max": 0.39076551795,
        "mean": 0.131826043129,
        "median": 0.105077810585,
        "min": 0.045913849026,
        "var": 0.00498743727803
    },
    "erbbands_kurtosis": {
        "dmean": 0.922314703465,
        "dmean2": 1.46666526794,
        "dvar": 1.57863795757,
        "dvar2": 3.95650696754,
        "max": 30.5452041626,
        "mean": 0.502734541893,
        "median": -0.125619411469,
        "min": -1.79615437984,
        "var": 4.87837743759
    },
    "erbbands_skewness": {
        "dmean": 0.384614109993,
        "dmean2": 0.59173989296,
        "dvar": 0.165220871568,
        "dvar2": 0.401042550802,
        "max": 4.36093235016,
        "mean": 0.0851597338915,
        "median": 0.0783774629235,
        "min": -3.66191315651,
        "var": 0.650684952736
    },
    "erbbands_spread": {
        "dmean": 10.8249540329,
        "dmean2": 16.9617958069,
        "dvar": 160.786224365,
        "dvar2": 380.505462646,
        "max": 172.889846802,
        "mean": 45.5526733398,
        "median": 44.9872131348,
        "min": 2.33883786201,
        "var": 590.422851562
    },
    "hfc": {
        "dmean": 26.091878891,
        "dmean2": 44.2182312012,
        "dvar": 2105.74072266,
        "dvar2": 5514.57177734,
        "max": 397.926818848,
        "mean": 44.2193641663,
        "median": 26.7442798615,
        "min": 1.10193718952e-16,
        "var": 2706.53833008
    },
    "melbands_crest": {
        "dmean": 3.25144720078,
        "dmean2": 5.23049879074,
        "dvar": 12.1088790894,
        "dvar2": 29.6838035583,
        "max": 31.4533843994,
        "mean": 14.821097374,
        "median": 13.370675087,
        "min": 1.42800700665,
        "var": 38.8682441711
    },
    "melbands_flatness_db": {
        "dmean": 0.0319127328694,
        "dmean2": 0.0484738349915,
        "dvar": 0.00118602020666,
        "dvar2": 0.00266621331684,
        "max": 0.527337312698,
        "mean": 0.160768017173,
        "median": 0.155376598239,
        "min": 0.0019261041889,
        "var": 0.00449792807922
    },
    "melbands_kurtosis": {
        "dmean": 7.37334728241,
        "dmean2": 11.0425834656,
        "dvar": 354.40536499,
        "dvar2": 681.354431152,
        "max": 813.636108398,
        "mean": 11.6033611298,
        "median": 5.89083480835,
        "min": -1.85356616974,
        "var": 565.229614258
    },
    "melbands_skewness": {
        "dmean": 0.809623479843,
        "dmean2": 1.23443305492,
        "dvar": 1.09447562695,
        "dvar2": 2.19682621956,
        "max": 18.4351882935,
        "mean": 2.49655675888,
        "median": 2.2011115551,
        "min": -1.69317924976,
        "var": 3.49370551109
    },
    "melbands_spread": {
        "dmean": 16.9931278229,
        "dmean2": 28.1202507019,
        "dvar": 685.651672363,
        "dvar2": 1697.28210449,
        "max": 263.210845947,
        "mean": 39.1326675415,
        "median": 30.9293479919,
        "min": 0.397661089897,
        "var": 1000.81036377
    },
    "pitch_salience": {
        "dmean": 0.0834487378597,
        "dmean2": 0.132966414094,
        "dvar": 0.00761510245502,
        "dvar2": 0.0176282413304,
        "max": 0.992315948009,
        "mean": 0.547636330128,
        "median": 0.560357034206,
        "min": 0.04087793082,
        "var": 0.0181188043207
    },
    "silence_rate_20dB": {
        "dmean": 0,
        "dmean2": 0,
        "dvar": 0,
        "dvar2": 0,
        "max": 1,
        "mean": 1,
        "median": 1,
        "min": 1,
        "var": 0
    },
    "silence_rate_30dB": {
        "dmean": 0.000383950857213,
        "dmean2": 0.000767975405324,
        "dvar": 0.000383811100619,
        "dvar2": 0.000959410099313,
        "max": 1,
        "mean": 0.999712049961,
        "median": 1,
        "min": 0,
        "var": 0.000287846749416
    },
    "silence_rate_60dB": {
        "dmean": 0.0287963133305,
        "dmean2": 0.0575981587172,
        "dvar": 0.0279633961618,
        "dvar2": 0.063865698874,
        "max": 1,
        "mean": 0.107687875628,
        "median": 0,
        "min": 0,
        "var": 0.0960907563567
    },
    "spectral_centroid": {
        "dmean": 395.506988525,
        "dmean2": 622.455627441,
        "dvar": 265025.96875,
        "dvar2": 610432.3125,
        "max": 11501.8896484,
        "mean": 1950.11877441,
        "median": 1880.97399902,
        "min": 130.809951782,
        "var": 1030433.125
    },
    "spectral_complexity": {
        "dmean": 6.01343822479,
        "dmean2": 9.64461898804,
        "dvar": 57.0450592041,
        "dvar2": 132.335647583,
        "max": 64,
        "mean": 22.0540351868,
        "median": 18,
        "min": 0,
        "var": 197.485305786
    },
    "spectral_decrease": {
        "dmean": 1.53760792987e-09,
        "dmean2": 2.49717979628e-09,
        "dvar": 4.15503244161e-18,
        "dvar2": 1.0954865704e-17,
        "max": 1.33056962809e-28,
        "mean": -5.74594283265e-09,
        "median": -4.68880534399e-09,
        "min": -2.91430612975e-08,
        "var": 2.02009499704e-17
    },
    "spectral_energy": {
        "dmean": 0.00750092789531,
        "dmean2": 0.0125147942454,
        "dvar": 0.00010076219769,
        "dvar2": 0.000265203532763,
        "max": 0.118882499635,
        "mean": 0.0256973113865,
        "median": 0.020778818056,
        "min": 1.01026355099e-20,
        "var": 0.000407948362408
    },
    "spectral_energyband_high": {
        "dmean": 0.00277621042915,
        "dmean2": 0.00470596412197,
        "dvar": 2.62704634224e-05,
        "dvar2": 6.88645523041e-05,
        "max": 0.0423766709864,
        "mean": 0.00396332750097,
        "median": 0.00194269546773,
        "min": 7.28781904914e-21,
        "var": 3.01335294353e-05
    },
    "spectral_energyband_low": {
        "dmean": 0.00401793792844,
        "dmean2": 0.00625317543745,
        "dvar": 4.44679571956e-05,
        "dvar2": 0.000102805170172,
        "max": 0.07314581424,
        "mean": 0.0103204483166,
        "median": 0.00571823958308,
        "min": 1.33233763286e-23,
        "var": 0.000123406964121
    },
    "spectral_energyband_middle_high": {
        "dmean": 0.00235202535987,
        "dmean2": 0.00401567388326,
        "dvar": 1.6631815015e-05,
        "dvar2": 4.44711004093e-05,
        "max": 0.058755774051,
        "mean": 0.00514686526731,
        "median": 0.00340709183365,
        "min": 1.21976465102e-21,
        "var": 3.2401723729e-05
    },
    "spectral_energyband_middle_low": {
        "dmean": 0.0027636277955,
        "dmean2": 0.00443951459602,
        "dvar": 2.56787971011e-05,
        "dvar2": 6.51188238407e-05,
        "max": 0.0784606635571,
        "mean": 0.0069676223211,
        "median": 0.00384168047458,
        "min": 1.77336057711e-22,
        "var": 7.495302998e-05
    },
    "spectral_entropy": {
        "dmean": 0.174236431718,
        "dmean2": 0.276418477297,
        "dvar": 0.0379638187587,
        "dvar2": 0.0879873335361,
        "max": 9.8198261261,
        "mean": 8.0239200592,
        "median": 8.2130279541,
        "min": 6.18220376968,
        "var": 0.301750153303
    },
    "spectral_flux": {
        "dmean": 0.0257356483489,
        "dmean2": 0.0387901738286,
        "dvar": 0.000901578518096,
        "dvar2": 0.00176788517274,
        "max": 0.292223364115,
        "mean": 0.0835402607918,
        "median": 0.0718785375357,
        "min": 6.11448044974e-11,
        "var": 0.00301605416462
    },
    "spectral_kurtosis": {
        "dmean": 1.43267345428,
        "dmean2": 2.40506792068,
        "dvar": 5.94306325912,
        "dvar2": 17.6747226715,
        "max": 51.4622344971,
        "mean": 3.4229516983,
        "median": 1.67214155197,
        "min": -1.25063884258,
        "var": 23.7834472656
    },
    "spectral_rms": {
        "dmean": 0.00069482147228,
        "dmean2": 0.00112831022125,
        "dvar": 6.81289066051e-07,
        "dvar2": 1.68099245457e-06,
        "max": 0.0107695367187,
        "mean": 0.00453436095268,
        "median": 0.00450244592503,
        "min": 3.1394632987e-12,
        "var": 4.51014693681e-06
    },
    "spectral_rolloff": {
        "dmean": 1520.89477539,
        "dmean2": 2532.70288086,
        "dvar": 4258056.5,
        "dvar2": 9264339,
        "max": 19293.75,
        "mean": 3317.63354492,
        "median": 1981.0546875,
        "min": 86.1328125,
        "var": 8832722
    },
    "spectral_skewness": {
        "dmean": 0.222110465169,
        "dmean2": 0.357437342405,
        "dvar": 0.064139008522,
        "dvar2": 0.169824242592,
        "max": 5.27052545547,
        "mean": 1.35722458363,
        "median": 1.17831146717,
        "min": -0.111473254859,
        "var": 0.380437582731
    },
    "spectral_spread": {
        "dmean": 899148.375,
        "dmean2": 1455204.875,
        "dvar": 1.54607393178e+12,
        "dvar2": 3.59598548582e+12,
        "max": 42325740,
        "mean": 6544315.5,
        "median": 6941006.5,
        "min": 1299472.75,
        "var": 1.03990469591e+13
    },
    "spectral_strongpeak": {
        "dmean": 0.36805203557,
        "dmean2": 0.635623931885,
        "dvar": 0.563911020756,
        "dvar2": 1.41621768475,
        "max": 9.64423561096,
        "mean": 0.778744399548,
        "median": 0.322798639536,
        "min": 0,
        "var": 1.19062066078
    },
    "zerocrossingrate": {
        "dmean": 0.021096393466,
        "dmean2": 0.0257102549076,
        "dvar": 0.00055549381068,
        "dvar2": 0.000796724285465,
        "max": 0.64990234375,
        "mean": 0.103120930493,
        "median": 0.09423828125,
        "min": 0.00341796875,
        "var": 0.00379289360717
    },
    "barkbands": {
        "dmean": [0.000431680033216, 0.00341827957891, 0.00162753369659, 0.000978920375928, 0.000734616827685, 0.000783976691309, 0.000663996383082, 0.000404543912737, 0.000573790282942, 0.000504023220856, 0.000564430083614, 0.000387963460525, 0.000293179851724, 0.000214790008613, 0.000352134142304, 0.000251916848356, 0.000276071281405, 0.000285306712613, 0.000274837744655, 0.000322555541061, 0.00035916044726, 0.000442302523879, 0.000604576722253, 0.000660246645566, 0.000526915770024, 0.00020655496337, 2.27701348194e-05],
        "dmean2": [0.000710917578544, 0.00510389031842, 0.00268203835003, 0.00178042100742, 0.00126726680901, 0.0013320192229, 0.00104413297959, 0.000672318856232, 0.00097089126939, 0.00081553554628, 0.000892961688805, 0.000648611341603, 0.000492428487632, 0.000368914974388, 0.000591124524362, 0.000437287788372, 0.000487740238896, 0.000474187720101, 0.000484086573124, 0.000570784031879, 0.000619422178715, 0.000768991187215, 0.00104399840347, 0.00112538645044, 0.000877789687365, 0.000341711071087, 3.9432743506e-05],
        "dvar": [9.13864596441e-07, 3.42252315022e-05, 1.72894815478e-05, 6.58470116832e-06, 3.0971873457e-06, 7.81590279075e-06, 3.55794509233e-06, 1.59517333032e-06, 2.47350862992e-06, 2.96131247524e-06, 2.29298507293e-06, 6.96406686984e-07, 2.95104484849e-07, 2.69350465487e-07, 5.86170983752e-07, 3.24962627474e-07, 3.90676149209e-07, 2.633385634e-07, 3.23837866745e-07, 4.66512460662e-07, 4.54471063449e-07, 7.51179584313e-07, 1.20014749427e-06, 1.61204570759e-06, 1.13104897537e-06, 2.17199016106e-07, 2.32168861913e-09],
        "dvar2": [2.28692692872e-06, 7.48289312469e-05, 4.21652694058e-05, 1.89805923583e-05, 8.19423257781e-06, 2.20123456529e-05, 7.6052597251e-06, 3.80566211788e-06, 6.52055132377e-06, 7.48670936446e-06, 4.61920126327e-06, 1.67565417541e-06, 7.98927089818e-07, 6.90961996952e-07, 1.47590048982e-06, 8.51709103245e-07, 1.10529958874e-06, 6.73291253861e-07, 9.25040410493e-07, 1.3343237697e-06, 1.23964753129e-06, 2.05431138056e-06, 3.17239891956e-06, 4.22381435783e-06, 2.94898381981e-06, 5.75089416088e-07, 6.3404770323e-09],
        "max": [0.0140871666372, 0.0716042667627, 0.0551262423396, 0.0293571986258, 0.0330102927983, 0.0656654685736, 0.0452842600644, 0.0465225242078, 0.0341287888587, 0.0400489605963, 0.0364086516201, 0.025347750634, 0.00845407508314, 0.0162512976676, 0.0165986958891, 0.0082687465474, 0.0073613752611, 0.0100330719724, 0.0111012505367, 0.00774646503851, 0.00646034069359, 0.00719989230856, 0.00836928747594, 0.0114129008725, 0.0123458690941, 0.00547840213403, 0.000457540387288],
        "mean": [0.00070843170397, 0.00723027950153, 0.00192152080126, 0.00119344505947, 0.00114978570491, 0.00140153744724, 0.0011860509403, 0.000562702945899, 0.000975651375484, 0.000798258348368, 0.00106851255987, 0.000564680900425, 0.000431914289948, 0.000315549637889, 0.000487317767693, 0.000366524094716, 0.000367793021724, 0.00041665264871, 0.000381008256227, 0.000434224464698, 0.000466199591756, 0.000564603426028, 0.000729189661797, 0.000867814058438, 0.000764888885897, 0.000317483849358, 2.53556099779e-05],
        "median": [9.43318591453e-05, 0.00319784414023, 0.000775944790803, 0.000461554707726, 0.000532349862624, 0.000377982796635, 0.0003074783599, 0.000193620391656, 0.000351399969077, 0.00025111384457, 0.000332213181537, 0.000191849001567, 0.000200013339054, 0.000130848507979, 0.00019185183919, 0.000123045407236, 0.000145830505062, 0.000210539903492, 0.00018868407642, 0.000176195826498, 0.000200922091608, 0.000227031458053, 0.000313321215799, 0.000360288337106, 0.000318823324051, 0.000122362514958, 4.55836106994e-06],
        "min": [1.6432105776e-25, 4.79541050105e-24, 1.37937555481e-24, 3.25553626469e-25, 8.93408404332e-24, 6.3615802324e-24, 1.27116620282e-23, 1.69880659514e-23, 2.30768273172e-23, 2.57428916092e-23, 2.57495353957e-23, 2.85813488303e-23, 2.40255114418e-23, 2.67303845349e-23, 5.8956232882e-23, 4.80037827372e-23, 9.36014766045e-23, 1.12668017492e-22, 1.2457255964e-22, 1.76010948095e-22, 2.09081625451e-22, 3.81932977362e-22, 4.01984508908e-22, 7.06117701391e-22, 9.66287006672e-22, 1.33747501693e-21, 1.91569314728e-21],
        "var": [1.9706110379e-06, 8.14710001578e-05, 1.63789445651e-05, 4.99360157846e-06, 3.32590548169e-06, 2.08543460758e-05, 1.13433534352e-05, 2.53674920714e-06, 5.56781287742e-06, 5.73731631448e-06, 6.65128345645e-06, 1.35619268349e-06, 3.94947278437e-07, 4.01726794053e-07, 8.39368169636e-07, 5.21426613886e-07, 4.2354326979e-07, 3.64914086504e-07, 3.12193037644e-07, 4.39286367282e-07, 4.612541602e-07, 7.38949040624e-07, 1.19840240131e-06, 1.71169540408e-06, 1.32670788844e-06, 2.49350478043e-07, 2.42783571025e-09]
    },
    "erbbands": {
        "dmean": [0.100459218025, 0.80250620842, 1.79849684238, 2.42150163651, 2.86969780922, 2.39429450035, 5.01052188873, 6.22280836105, 7.66761875153, 9.82755661011, 10.3116292953, 12.5402994156, 17.451292038, 19.2293739319, 15.6542196274, 15.6709451675, 13.5433940887, 10.8776054382, 17.1831436157, 13.6687774658, 13.722987175, 14.5635738373, 16.938583374, 14.6168413162, 13.1156396866, 16.0331897736, 13.8245582581, 15.125752449, 16.5066661835, 16.5537757874, 16.601858139, 14.4204788208, 11.0210037231, 6.60069704056, 3.33014702797, 1.26301789284, 0.323248416185, 0.0560616068542, 0.00307024782524, 7.46539662941e-05],
        "dmean2": [0.159504175186, 1.1672488451, 2.78799986839, 4.18075895309, 5.13336133957, 4.121571064, 8.57459163666, 10.6072301865, 12.5586214066, 15.5816516876, 17.2619018555, 21.0746688843, 27.945810318, 30.2472553253, 25.580493927, 26.2633190155, 22.2547855377, 18.4227619171, 29.0492725372, 23.3687725067, 23.7076225281, 25.8302955627, 28.0333976746, 25.7624549866, 23.0877742767, 28.5120544434, 23.6829528809, 26.2154979706, 28.9634971619, 28.5938339233, 28.5772781372, 24.6623592377, 18.696969986, 10.9841976166, 5.58656024933, 2.10831689835, 0.540913522243, 0.0948458090425, 0.00527896592394, 0.00012599476031],
        "dvar": [0.0302528962493, 2.10680627823, 17.1217670441, 38.1682472229, 57.270740509, 36.1123809814, 469.760650635, 427.983978271, 555.801940918, 918.605712891, 1030.73547363, 1082.77807617, 4405.39160156, 2844.14428711, 1997.57958984, 1144.64660645, 617.771179199, 642.341003418, 1642.14038086, 776.358581543, 919.816589355, 1143.37463379, 984.564575195, 780.806762695, 920.003051758, 1196.95202637, 607.375610352, 894.08795166, 1058.98950195, 1033.31787109, 821.983947754, 725.274353027, 460.924499512, 133.669830322, 63.0916671753, 8.89979839325, 0.521659195423, 0.0126639027148, 4.12068766309e-05, 2.12031494584e-08],
        "dvar2": [0.0747765526175, 4.35937070847, 38.6313400269, 103.980659485, 161.828842163, 97.7854309082, 1276.70983887, 1153.28662109, 1496.4107666, 1925.01257324, 2688.99829102, 2842.87744141, 11270.5478516, 5874.44921875, 4387.60009766, 2817.51831055, 1601.20251465, 1617.25012207, 4290.26513672, 2022.00598145, 2362.31396484, 3243.44970703, 2443.33349609, 2211.30957031, 2623.71801758, 3413.52172852, 1641.94128418, 2477.93847656, 2897.65087891, 2774.28051758, 2146.61083984, 1904.15307617, 1203.21508789, 334.373565674, 170.606124878, 23.7880268097, 1.40510249138, 0.0340835191309, 0.000111366083729, 5.65213547077e-08],
        "max": [1.82617819309, 17.1518211365, 54.6766166687, 91.5259628296, 81.7428817749, 156.872146606, 530.632080078, 640.33026123, 517.294494629, 890.756103516, 669.036010742, 972.942932129, 1621.23278809, 1306.07434082, 1771.8626709, 970.768432617, 461.696960449, 857.965209961, 616.073852539, 601.599304199, 492.144897461, 473.961883545, 664.229309082, 324.327453613, 693.54083252, 380.946716309, 225.433609009, 289.929290771, 261.342712402, 272.246826172, 227.760482788, 206.47253418, 204.547668457, 108.618034363, 101.349456787, 34.8378105164, 8.04121303558, 1.09609138966, 0.0638100281358, 0.00151091744192],
        "mean": [0.218065232038, 1.56677234173, 2.49891328812, 3.23969578743, 3.94716191292, 3.6867711544, 7.98155736923, 10.7929573059, 13.5786380768, 17.807641983, 15.9821386337, 21.9723796844, 28.2936038971, 36.8134841919, 25.8577899933, 23.6381702423, 22.1237716675, 17.5871868134, 23.688331604, 20.6135292053, 21.7292957306, 20.6648178101, 24.687702179, 20.0234947205, 18.7381191254, 20.9668064117, 18.6093158722, 19.4236660004, 20.9761772156, 19.4507980347, 21.0579509735, 18.4483642578, 14.2521800995, 9.24117088318, 4.87253379822, 1.88104462624, 0.494176149368, 0.0814273357391, 0.00379250571132, 0.000126767219626],
        "median": [0.0886861383915, 0.606498241425, 1.11467719078, 1.51700651646, 1.81961607933, 1.63335287571, 2.04333424568, 3.19419431686, 3.94643306732, 5.70543861389, 5.53415870667, 8.34185600281, 8.56056022644, 11.1640424728, 10.332192421, 9.05158424377, 10.3864545822, 8.42453384399, 9.63714408875, 9.43044090271, 8.01820468903, 8.79370594025, 12.4755849838, 9.82761383057, 9.09345340729, 8.33535385132, 7.88454818726, 8.51384544373, 8.14924621582, 7.97777891159, 9.23956775665, 7.48710632324, 6.24114561081, 3.8548643589, 1.90876233578, 0.673348009586, 0.187488749623, 0.0316378548741, 0.00104985921644, 6.70449881e-05],
        "min": [1.22542195753e-22, 4.36751918786e-22, 2.14444372567e-21, 3.23459406185e-21, 6.09762408554e-21, 4.51086791184e-20, 2.48713710058e-20, 7.94606110784e-20, 1.82085665579e-19, 3.01303872694e-19, 4.66869836712e-19, 4.6733409183e-19, 5.80044171133e-19, 8.01013891248e-19, 1.1146265992e-18, 1.33786486214e-18, 1.65598156853e-18, 1.79418245918e-18, 2.36099473904e-18, 3.20153742041e-18, 3.17538693253e-18, 5.88955987578e-18, 5.45015367618e-18, 7.04657544887e-18, 7.51299695369e-18, 7.74658531405e-18, 8.96541361277e-18, 1.09719916514e-17, 1.34334263828e-17, 9.5844458047e-18, 1.17533572114e-17, 1.20523904475e-17, 1.19541495148e-17, 1.00673447473e-17, 6.92100943188e-18, 3.976254723e-18, 2.47581257794e-18, 1.03596606564e-18, 2.34983348764e-19, 2.75106862362e-20],
        "var": [0.076193459332, 4.66082763672, 20.7813911438, 32.8344268799, 45.970539093, 37.0286331177, 932.015930176, 1213.08862305, 1314.41113281, 2512.46386719, 2022.03283691, 2485.29711914, 8435.265625, 8437.125, 3955.77148438, 2069.54785156, 1008.09173584, 989.93963623, 1950.09143066, 1179.36425781, 1776.94946289, 1178.82531738, 1386.83862305, 811.975341797, 816.892578125, 1094.78222656, 691.446655273, 839.171203613, 1030.26220703, 960.002380371, 918.124206543, 765.609558105, 482.764038086, 173.259216309, 64.6362228394, 9.44990825653, 0.602068722248, 0.015642626211, 4.70634586236e-05, 2.79599117192e-08]
    },
    "gfcc": {
        "mean": [11.6043691635, 49.5098457336, -105.345535278, 26.7177295685, -60.0914840698, 24.8338947296, -34.643825531, 17.7661209106, -23.9976921082, 7.97141265869, -15.6644906998, 6.21483039856, -11.7016859055],
        "cov": [[17063.5488281, -2539.67480469, 2200.8515625, 2524.74560547, 528.737731934, 1704.31518555, -135.899688721, 806.726257324, -220.332962036, 396.410217285, -324.705749512, 112.137275696, -497.120025635], [-2539.67480469, 1818.90441895, -951.634399414, -771.5703125, -107.595016479, -493.279266357, 91.2867736816, -216.260482788, 31.1901779175, -113.227455139, 112.897727966, -92.4882202148, 143.696395874], [2200.8515625, -951.634399414, 1582.28955078, 952.689697266, 374.6668396, 650.440734863, 50.6246986389, 330.157806396, -6.4768280983, 132.541976929, -118.807785034, 1.41644346714, -178.811355591], [2524.74560547, -771.5703125, 952.689697266, 1116.38452148, 346.381164551, 582.553405762, 46.6945838928, 279.865203857, -10.4141845703, 104.261917114, -86.3188247681, -25.3644828796, -149.482009888], [528.737731934, -107.595016479, 374.6668396, 346.381164551, 346.998565674, 231.329193115, 74.0771102905, 100.478057861, 17.9188232422, 55.6444320679, -29.2914962769, -24.0427284241, -53.077293396], [1704.31518555, -493.279266357, 650.440734863, 582.553405762, 231.329193115, 547.850097656, 55.1213226318, 188.706802368, -16.3469676971, 78.5321350098, -59.3366165161, -25.4340686798, -83.2438659668], [-135.899688721, 91.2867736816, 50.6246986389, 46.6945838928, 74.0771102905, 55.1213226318, 147.524383545, 67.3216934204, 23.1008491516, -4.5272564888, 2.08767008781, -6.12820720673, 3.92207551003], [806.726257324, -216.260482788, 330.157806396, 279.865203857, 100.478057861, 188.706802368, 67.3216934204, 205.495223999, 44.4041481018, 43.512550354, -30.6192951202, -4.26655292511, -42.3762321472], [-220.332962036, 31.1901779175, -6.4768280983, -10.4141845703, 17.9188232422, -16.3469676971, 23.1008491516, 44.4041481018, 106.6979599, 37.3111228943, -2.35758042336, -16.9489440918, 1.77663397789], [396.410217285, -113.227455139, 132.541976929, 104.261917114, 55.6444320679, 78.5321350098, -4.5272564888, 43.512550354, 37.3111228943, 101.016990662, 21.7797470093, -3.13394427299, -32.1783676147], [-324.705749512, 112.897727966, -118.807785034, -86.3188247681, -29.2914962769, -59.3366165161, 2.08767008781, -30.6192951202, -2.35758042336, 21.7797470093, 97.7208099365, 31.7218914032, 12.0257854462], [112.137275696, -92.4882202148, 1.41644346714, -25.3644828796, -24.0427284241, -25.4340686798, -6.12820720673, -4.26655292511, -16.9489440918, -3.13394427299, 31.7218914032, 82.9440994263, 28.5626411438], [-497.120025635, 143.696395874, -178.811355591, -149.482009888, -53.077293396, -83.2438659668, 3.92207551003, -42.3762321472, 1.77663397789, -32.1783676147, 12.0257854462, 28.5626411438, 92.9333190918]],
        "icov": [[0.000146932870848, -6.8451394327e-05, 0.000170690371306, -0.000188390971744, 0.000147543643834, -0.000280696258415, 0.000222729897359, -0.000329458445776, 0.000412425899412, -0.000546559283976, 0.000687762454618, -0.000764394237194, 0.000539226748515], [-6.8451394327e-05, 0.00140382861719, 0.000104213067971, 0.000530017365236, -0.000788451114204, 0.000725595338736, -0.000810153142083, 5.76178499614e-05, 3.11658295686e-05, 0.000994887086563, -0.0020575444214, 0.00312852137722, -0.00157506787218], [0.000170690371306, 0.000104213067971, 0.00211885315366, -0.000622207706328, -0.000403811136493, -0.00109322799835, 0.000440213363618, -0.00132637715433, 0.000842995359562, -0.00121548387688, 0.00201021623798, -0.00214537163265, 0.00195695855655], [-0.000188390971744, 0.000530017365236, -0.000622207706328, 0.00324280350469, -0.00142554251943, -0.000908293295652, 0.000337353383657, -0.00107134832069, 4.98070512549e-05, 0.00110180873889, -0.00123307167087, 0.00161318271421, 0.000105340761365], [0.000147543643834, -0.000788451114204, -0.000403811136493, -0.00142554251943, 0.00573903135955, -0.0011392905144, -0.00189113465603, 0.0010774305556, -0.000237689120695, -0.00227208086289, 0.0019160945667, -0.00156425172463, 0.00121743732598], [-0.000280696258415, 0.000725595338736, -0.00109322799835, -0.000908293295652, -0.0011392905144, 0.00632452545688, -0.00149091018829, -0.000866032962222, 0.00192496739328, -0.000923846266232, -0.00142389035318, 0.00432214792818, -0.00300625129603], [0.000222729897359, -0.000810153142083, 0.000440213363618, 0.000337353383657, -0.00189113465603, -0.00149091018829, 0.0110048409551, -0.00468685897067, -0.000679307966493, 0.00245355442166, -0.000817965541501, -0.00134366063867, 0.000197967005079], [-0.000329458445776, 5.76178499614e-05, -0.00132637715433, -0.00107134832069, 0.0010774305556, -0.000866032962222, -0.00468685897067, 0.0127860214561, -0.00592052610591, 0.000834551174194, 5.71502678213e-05, -0.000764955359045, 0.000370774330804], [0.000412425899412, 3.11658295686e-05, 0.000842995359562, 4.98070512549e-05, -0.000237689120695, 0.00192496739328, -0.000679307966493, -0.00592052610591, 0.0168146379292, -0.00909271929413, 0.00368092674762, 0.00193662766833, -0.00176377932075], [-0.000546559283976, 0.000994887086563, -0.00121548387688, 0.00110180873889, -0.00227208086289, -0.000923846266232, 0.00245355442166, 0.000834551174194, -0.00909271929413, 0.0214677713811, -0.0110286520794, 0.00437987362966, 0.00081146787852], [0.000687762454618, -0.0020575444214, 0.00201021623798, -0.00123307167087, 0.0019160945667, -0.00142389035318, -0.000817965541501, 5.71502678213e-05, 0.00368092674762, -0.0110286520794, 0.0222924109548, -0.0138696981594, 0.00611339788884], [-0.000764394237194, 0.00312852137722, -0.00214537163265, 0.00161318271421, -0.00156425172463, 0.00432214792818, -0.00134366063867, -0.000764955359045, 0.00193662766833, 0.00437987362966, -0.0138696981594, 0.0282459836453, -0.0131803881377], [0.000539226748515, -0.00157506787218, 0.00195695855655, 0.000105340761365, 0.00121743732598, -0.00300625129603, 0.000197967005079, 0.000370774330804, -0.00176377932075, 0.00081146787852, 0.00611339788884, -0.0131803881377, 0.0217528045177]]
    },
    "melbands": {
        "dmean": [0.000905826454982, 0.000886721769348, 0.000426336802775, 0.000169522128999, 0.000154643508722, 0.000143198529258, 0.000125947102788, 9.95324880932e-05, 9.41858452279e-05, 7.91528946138e-05, 8.64609974087e-05, 7.34507411835e-05, 5.86773930991e-05, 3.7254547351e-05, 4.87785473524e-05, 2.71253538813e-05, 2.10187899938e-05, 2.67853902187e-05, 2.44170951191e-05, 1.80474507943e-05, 1.65919536812e-05, 1.63398071891e-05, 1.57346785272e-05, 1.33546081997e-05, 1.26209315567e-05, 9.27576365939e-06, 1.09067386802e-05, 1.07646283141e-05, 8.47464798426e-06, 8.90939099918e-06, 9.02792362467e-06, 9.41850794334e-06, 9.04257649381e-06, 1.00815059341e-05, 9.5124132713e-06, 1.03511902125e-05, 8.25775805424e-06, 8.77705042512e-06, 6.39681547909e-06, 5.27720749233e-06],
        "dmean2": [0.00139090011362, 0.00133880483918, 0.000726155936718, 0.00029358259053, 0.000265854730969, 0.000243738555582, 0.000201985894819, 0.000158857743372, 0.000158437949722, 0.000133126945002, 0.000138442017487, 0.000116452407383, 9.49235327425e-05, 6.37933626422e-05, 7.86489181337e-05, 4.50412844657e-05, 3.58622710337e-05, 4.55098161183e-05, 4.06264844059e-05, 3.14148092002e-05, 2.87178299914e-05, 2.90121952276e-05, 2.63353085757e-05, 2.24779596465e-05, 2.22798025789e-05, 1.63478434843e-05, 1.9447550585e-05, 1.9060466002e-05, 1.45402464113e-05, 1.51601716425e-05, 1.57581362146e-05, 1.64920656971e-05, 1.5912381059e-05, 1.74961805897e-05, 1.63644654094e-05, 1.79942635441e-05, 1.40739903145e-05, 1.51545955305e-05, 1.07213863885e-05, 8.75191835803e-06],
        "dvar": [2.251710157e-06, 3.12237580147e-06, 1.06587970095e-06, 1.70598141835e-07, 3.47098506381e-07, 2.24693266659e-07, 1.33756046239e-07, 9.6887774248e-08, 1.01630753591e-07, 4.20150030322e-08, 1.10418504562e-07, 4.15025880329e-08, 2.40967814591e-08, 8.04313504688e-09, 1.40616043254e-08, 2.94606383733e-09, 2.88721979658e-09, 4.08570466348e-09, 3.06254821503e-09, 1.60194235654e-09, 1.35609734553e-09, 1.49217893597e-09, 9.36165367449e-10, 5.39958189272e-10, 5.99159777348e-10, 4.37964331468e-10, 6.64301003095e-10, 5.09937259086e-10, 2.29962354714e-10, 2.6234625583e-10, 3.27145949219e-10, 3.36839472981e-10, 3.19115234237e-10, 3.94019428196e-10, 2.76054429316e-10, 3.68119201788e-10, 2.41502873255e-10, 3.0523217287e-10, 1.44991907369e-10, 7.77019559806e-11],
        "dvar2": [5.22336085851e-06, 6.39879272057e-06, 2.84609791379e-06, 4.6311316737e-07, 9.3106211807e-07, 6.2520763322e-07, 3.31620839233e-07, 2.072375338e-07, 2.64646985215e-07, 1.10680225873e-07, 2.81656753032e-07, 8.6911008168e-08, 5.10081790139e-08, 2.00020977559e-08, 3.22391144891e-08, 7.54420170779e-09, 7.16863413075e-09, 1.07126130189e-08, 7.2591936906e-09, 4.33957181301e-09, 3.45649509015e-09, 4.23139701056e-09, 2.39063324692e-09, 1.44004741465e-09, 1.69993907839e-09, 1.24831456283e-09, 1.91269267091e-09, 1.4395707959e-09, 6.33570196307e-10, 7.06599667666e-10, 9.13392694812e-10, 9.2276053465e-10, 8.73556782466e-10, 1.05721376098e-09, 7.2501710191e-10, 9.82248504755e-10, 6.32562502378e-10, 8.11225864261e-10, 3.70319191978e-10, 1.92024660062e-10],
        "max": [0.0190835278481, 0.0211976878345, 0.013919214718, 0.00502438284457, 0.0138740800321, 0.0124481040984, 0.00726409489289, 0.0110146617517, 0.0071163517423, 0.00656823907048, 0.00805653166026, 0.00486628059298, 0.00549848610535, 0.002892378252, 0.00390204275027, 0.00114877568558, 0.00195661908947, 0.00098388560582, 0.00184859742876, 0.000789613812231, 0.000607794558164, 0.000580700056162, 0.00056529243011, 0.000334920652676, 0.000296116311802, 0.000475744716823, 0.000522272312082, 0.000253404316027, 0.00016187140136, 0.000181068360689, 0.000169144987012, 0.000145926256664, 0.000155838031787, 0.000165437784744, 0.000162798678502, 0.00015925563639, 0.000133315581479, 0.000169491104316, 0.000144650795846, 8.1286256318e-05],
        "mean": [0.00205246917903, 0.00161696260329, 0.000602967222221, 0.000262462359387, 0.000250953860814, 0.00025233119959, 0.000231202429859, 0.000177488909685, 0.000143321012729, 0.000138871677336, 0.00013399036834, 0.000136016446049, 0.00010284124437, 5.14725397807e-05, 7.29155217414e-05, 4.12028966821e-05, 3.1006988138e-05, 3.52681418008e-05, 3.51388225681e-05, 2.49158365477e-05, 2.53631860687e-05, 2.14044193854e-05, 2.2320631615e-05, 1.88042449736e-05, 1.61719108291e-05, 1.27085513668e-05, 1.42139087984e-05, 1.37597899084e-05, 1.11778890641e-05, 1.15363291116e-05, 1.10989194582e-05, 1.19332353279e-05, 1.06490406324e-05, 1.12038151201e-05, 1.20655213323e-05, 1.22873498185e-05, 1.0677183127e-05, 1.0629280041e-05, 8.50298420119e-06, 7.43621376387e-06],
        "median": [0.000890319119208, 0.000721075804904, 0.000292523676762, 0.000128380823298, 7.28455997887e-05, 7.26544676581e-05, 6.36946788291e-05, 5.98591686867e-05, 4.19598254666e-05, 5.15140891366e-05, 3.58884171874e-05, 3.90831046388e-05, 3.6837758671e-05, 2.17161486944e-05, 2.21449718083e-05, 1.76030025614e-05, 1.25344604385e-05, 1.34993488246e-05, 1.39313924592e-05, 9.55186987994e-06, 8.64073172124e-06, 8.12897542346e-06, 1.03675602077e-05, 9.37736240303e-06, 7.41885696698e-06, 5.91056459598e-06, 5.89422324992e-06, 5.09521169079e-06, 4.56031921203e-06, 4.88306523039e-06, 4.546677701e-06, 4.50526704299e-06, 4.18293802795e-06, 4.30444288213e-06, 5.06153492097e-06, 5.22006939718e-06, 4.24037261837e-06, 4.41784277427e-06, 3.73057673642e-06, 3.00441774925e-06],
        "min": [1.57035089136e-24, 1.67124304569e-24, 4.74718398265e-25, 1.97808784972e-24, 1.54871164787e-24, 1.77012577409e-24, 2.31356731853e-24, 2.72792814469e-24, 3.59516652237e-24, 2.63006008864e-24, 2.43790856048e-24, 3.40618582062e-24, 4.24357192671e-24, 3.19548304499e-24, 3.0144014047e-24, 3.12974746297e-24, 3.6273248316e-24, 2.52072219224e-24, 3.53957628324e-24, 3.48640626936e-24, 3.34353922069e-24, 4.49324916422e-24, 3.85907481061e-24, 5.293398669e-24, 4.9182582321e-24, 3.85545867222e-24, 5.063928498e-24, 4.73754834252e-24, 5.13919608355e-24, 4.38672454302e-24, 6.98529626256e-24, 5.83206563281e-24, 5.01750166714e-24, 5.03698574264e-24, 5.88959962521e-24, 7.062367973e-24, 6.13675014125e-24, 8.0681687826e-24, 7.20306999291e-24, 7.90373546007e-24],
        "var": [5.94059156356e-06, 5.62411878491e-06, 9.91757929114e-07, 1.62823099004e-07, 6.83102598487e-07, 6.26749454113e-07, 3.83609716437e-07, 2.4688955591e-07, 2.08762827469e-07, 9.76266747443e-08, 2.07677487651e-07, 1.1818558221e-07, 5.69286946472e-08, 1.07456719078e-08, 2.76916782838e-08, 4.62507099286e-09, 4.46198411552e-09, 4.74478900614e-09, 5.17478460083e-09, 2.00635086323e-09, 2.76606404448e-09, 1.55658741452e-09, 1.25126264905e-09, 6.88850643193e-10, 5.97907723332e-10, 3.95499744066e-10, 5.52001111487e-10, 5.05294084352e-10, 2.63474686513e-10, 2.78061684789e-10, 2.96257934851e-10, 3.36394773148e-10, 2.94777618981e-10, 3.48468254252e-10, 3.12735060071e-10, 3.52324086572e-10, 2.60206439728e-10, 2.92098345511e-10, 1.65128979934e-10, 1.08864840753e-10]
    },
    "mfcc": {
        "mean": [-632.580444336, 86.3705825806, 9.28397750854, 9.70976257324, 2.90676522255, 4.66321229935, 4.23534488678, 6.9554772377, 2.39993715286, 3.1656870842, 0.953053474426, 2.55620956421, 1.19256389141],
        "cov": [[10450.4453125, -2529.09301758, 2082.36938477, 1172.3079834, 1345.37939453, 1033.06799316, 708.638427734, 617.640930176, 445.951660156, 412.096557617, 311.979614258, 275.250061035, 123.004043579], [-2529.09301758, 1957.33898926, -934.758605957, -415.314788818, -526.865234375, -390.652648926, -208.315963745, -229.558624268, -140.640365601, -116.293014526, -91.570602417, -108.681869507, -47.6343154907], [2082.36938477, -934.758605957, 1203.31469727, 440.007202148, 548.66003418, 395.65435791, 295.725585938, 262.559295654, 191.203918457, 178.136871338, 138.731674194, 94.3806686401, 30.7465839386], [1172.3079834, -415.314788818, 440.007202148, 493.892364502, 335.773101807, 226.134552002, 182.519271851, 161.866195679, 116.909965515, 113.758651733, 92.7217483521, 67.5546188354, 14.0608816147], [1345.37939453, -526.865234375, 548.66003418, 335.773101807, 486.104614258, 314.094268799, 206.325897217, 158.016387939, 134.518356323, 136.289840698, 98.6335449219, 59.9093818665, 25.1781978607], [1033.06799316, -390.652648926, 395.65435791, 226.134552002, 314.094268799, 331.138122559, 192.662658691, 121.100585938, 100.479515076, 104.420341492, 64.8811187744, 41.3648452759, 15.1783304214], [708.638427734, -208.315963745, 295.725585938, 182.519271851, 206.325897217, 192.662658691, 231.908905029, 139.459915161, 78.8616333008, 66.2548141479, 61.0283584595, 42.0960578918, 12.7919931412], [617.640930176, -229.558624268, 262.559295654, 161.866195679, 158.016387939, 121.100585938, 139.459915161, 178.404464722, 104.874458313, 66.941734314, 38.6555137634, 35.4344940186, 10.7929859161], [445.951660156, -140.640365601, 191.203918457, 116.909965515, 134.518356323, 100.479515076, 78.8616333008, 104.874458313, 152.56578064, 98.6140594482, 37.4254798889, 16.4232616425, 5.53000307083], [412.096557617, -116.293014526, 178.136871338, 113.758651733, 136.289840698, 104.420341492, 66.2548141479, 66.941734314, 98.6140594482, 135.499969482, 76.5878448486, 22.83984375, -2.4375898838], [311.979614258, -91.570602417, 138.731674194, 92.7217483521, 98.6335449219, 64.8811187744, 61.0283584595, 38.6555137634, 37.4254798889, 76.5878448486, 115.216499329, 56.7343673706, 0.970750808716], [275.250061035, -108.681869507, 94.3806686401, 67.5546188354, 59.9093818665, 41.3648452759, 42.0960578918, 35.4344940186, 16.4232616425, 22.83984375, 56.7343673706, 84.1025848389, 30.6480045319], [123.004043579, -47.6343154907, 30.7465839386, 14.0608816147, 25.1781978607, 15.1783304214, 12.7919931412, 10.7929859161, 5.53000307083, -2.4375898838, 0.970750808716, 30.6480045319, 69.7166824341]],
