{
"lowlevel": {
    "average_loudness": 0.940928459167,
    "barkbands_crest": {
        "dmean": 2.87142324448,
        "dmean2": 4.26559352875,
        "dvar": 7.66978788376,
        "dvar2": 16.0288543701,
        "max": 24.8081321716,
        "mean": 9.2356672287,
        "median": 7.83714056015,
        "min": 1.88349151611,
        "var": 23.5790405273
    },
    "barkbands_flatness_db": {
        "dmean": 0.0236342530698,
        "dmean2": 0.0337284989655,
        "dvar": 0.000908983114641,
        "dvar2": 0.00147984083742,
        "max": 0.422769248486,
        "mean": 0.0999249815941,
        "median": 0.083437025547,
        "min": 0.0123776318505,
        "var": 0.00383896823041
    },
    "barkbands_kurtosis": {
        "dmean": 5.27332735062,
        "dmean2": 7.42992115021,
        "dvar": 705.760498047,
        "dvar2": 1407.02502441,
        "max": 768.760437012,
        "mean": 4.92845106125,
        "median": -0.0485770702362,
        "min": -1.91972374916,
        "var": 958.825744629
    },
    "barkbands_skewness": {
        "dmean": 0.665498912334,
        "dmean2": 0.907837212086,
        "dvar": 1.31440258026,
        "dvar2": 2.03609776497,
        "max": 22.0633869171,
        "mean": 0.915299415588,
        "median": 0.586736440659,
        "min": -6.2737531662,
        "var": 3.68793916702
    },
    "barkbands_spread": {
        "dmean": 9.03719711304,
        "dmean2": 13.5035362244,
        "dvar": 97.421005249,
        "dvar2": 207.432434082,
        "max": 119.851661682,
        "mean": 34.3506469727,
        "median": 32.245803833,
        "min": 0.317006528378,
        "var": 366.113250732
    },
    "dissonance": {
        "dmean": 0.0152270840481,
        "dmean2": 0.0258647222072,
        "dvar": 0.00025422940962,
        "dvar2": 0.000671347370371,
        "max": 0.500000119209,
        "mean": 0.477612167597,
        "median": 0.482987821102,
        "min": 0.327494770288,
        "var": 0.000392215064494
    },
    "dynamic_complexity": 3.12901735306,
    "erbbands_crest": {
        "dmean": 3.51958584785,
        "dmean2": 5.51746988297,
        "dvar": 12.1886949539,
        "dvar2": 26.5333061218,
        "max": 31.8584384918,
        "mean": 9.80157279968,
        "median": 8.35866546631,
        "min": 2.3365418911,
        "var": 32.0288352966
    },
    "erbbands_flatness_db": {
        "dmean": 0.0197400208563,
        "dmean2": 0.0291993860155,
        "dvar": 0.000365966407117,
        "dvar2": 0.000755829038098,
        "max": 0.386052161455,
        "mean": 0.145190820098,
        "median": 0.131511598825,
        "min": 0.0546582750976,
        "var": 0.00326777924784
    },
    "erbbands_kurtosis": {
        "dmean": 1.17404675484,
        "dmean2": 1.84731805325,
        "dvar": 2.93968248367,
        "dvar2": 7.04129552841,
        "max": 24.0288791656,
        "mean": 0.509690761566,
        "median": -0.190394639969,
        "min": -1.74922525883,
        "var": 5.05364704132
    },
    "erbbands_skewness": {
        "dmean": 0.457143515348,
        "dmean2": 0.684220314026,
        "dvar": 0.205719560385,
        "dvar2": 0.486688911915,
        "max": 4.16172885895,
        "mean": 0.268071293831,
        "median": 0.26013314724,
        "min": -3.03946805,
        "var": 0.617844700813
    },
    "erbbands_spread": {
        "dmean": 10.8403787613,
        "dmean2": 16.3125572205,
        "dvar": 140.729309082,
        "dvar2": 312.657440186,
        "max": 165.814025879,
        "mean": 39.8023071289,
        "median": 36.5934295654,
        "min": 3.56281781197,
        "var": 399.211639404
    },
    "hfc": {
        "dmean": 23.3011798859,
        "dmean2": 36.4089775085,
        "dvar": 1345.35339355,
        "dvar2": 3224.51123047,
        "max": 363.895782471,
        "mean": 44.0689468384,
        "median": 29.2209396362,
        "min": 1.061537159e-16,
        "var": 2223.00805664
    },
    "melbands_crest": {
        "dmean": 4.08542203903,
        "dmean2": 5.55994987488,
        "dvar": 15.5397033691,
        "dvar2": 26.2918663025,
        "max": 37.7186775208,
        "mean": 14.7464237213,
        "median": 11.358165741,
        "min": 1.60027837753,
        "var": 85.9674911499
    },
    "melbands_flatness_db": {
        "dmean": 0.0299237873405,
        "dmean2": 0.042783729732,
        "dvar": 0.00159236381296,
        "dvar2": 0.00260581122711,
        "max": 0.547446548939,
        "mean": 0.132834851742,
        "median": 0.117953136563,
        "min": 0.00303971697576,
        "var": 0.00620230892673
    },
    "melbands_kurtosis": {
        "dmean": 15.7206907272,
        "dmean2": 20.6628704071,
        "dvar": 5034.86376953,
        "dvar2": 8213.45800781,
        "max": 1748.8527832,
        "mean": 19.4883918762,
        "median": 2.60884928703,
        "min": -1.80831110477,
        "var": 8409.40136719
    },
    "melbands_skewness": {
        "dmean": 0.947272002697,
        "dmean2": 1.24311220646,
        "dvar": 3.13525938988,
        "dvar2": 4.56503820419,
        "max": 35.9663619995,
        "mean": 2.20284509659,
        "median": 1.38307261467,
        "min": -2.69055724144,
        "var": 9.41020584106
    },
    "melbands_spread": {
        "dmean": 14.8407239914,
        "dmean2": 22.8000888824,
        "dvar": 397.799865723,
        "dvar2": 884.695617676,
        "max": 246.389022827,
        "mean": 45.2807579041,
        "median": 37.8513259888,
        "min": 0.174912616611,
        "var": 1043.71276855
    },
    "pitch_salience": {
        "dmean": 0.0893774852157,
        "dmean2": 0.131672039628,
        "dvar": 0.00834077131003,
        "dvar2": 0.0155980363488,
        "max": 0.979279339314,
        "mean": 0.558168053627,
        "median": 0.594571590424,
        "min": 0.0398999415338,
        "var": 0.0269366148859
    },
    "silence_rate_20dB": {
        "dmean": 0,
        "dmean2": 0,
        "dvar": 0,
        "dvar2": 0,
        "max": 1,
        "mean": 1,
        "median": 1,
        "min": 1,
        "var": 0
    },
    "silence_rate_30dB": {
        "dmean": 0,
        "dmean2": 0,
        "dvar": 0,
        "dvar2": 0,
        "max": 1,
        "mean": 1,
        "median": 1,
        "min": 1,
        "var": 0
    },
    "silence_rate_60dB": {
        "dmean": 0.0381996333599,
        "dmean2": 0.0764119625092,
        "dvar": 0.0367449522018,
        "dvar2": 0.0788713991642,
        "max": 1,
        "mean": 0.0948189944029,
        "median": 0,
        "min": 0,
        "var": 0.0858388617635
    },
    "spectral_centroid": {
        "dmean": 377.382965088,
        "dmean2": 591.87109375,
        "dvar": 191601.1875,
        "dvar2": 463678.4375,
        "max": 11669.5283203,
        "mean": 2297.50097656,
        "median": 2146.08300781,
        "min": 128.196365356,
        "var": 1530410.875
    },
    "spectral_complexity": {
        "dmean": 5.71134376526,
        "dmean2": 8.89136219025,
        "dvar": 43.9144706726,
        "dvar2": 96.8170089722,
        "max": 56,
        "mean": 20.9709396362,
        "median": 21,
        "min": 0,
        "var": 126.222518921
    },
    "spectral_decrease": {
        "dmean": 1.45484957415e-09,
        "dmean2": 2.20377027738e-09,
        "dvar": 2.86853187659e-18,
        "dvar2": 6.57603210306e-18,
        "max": 3.74440278018e-17,
        "mean": -4.72635708348e-09,
        "median": -4.54930804139e-09,
        "min": -1.94178984003e-08,
        "var": 1.03885927459e-17
    },
    "spectral_energy": {
        "dmean": 0.00698097469285,
        "dmean2": 0.0106921494007,
        "dvar": 6.41853912384e-05,
        "dvar2": 0.000152042310219,
        "max": 0.0842201262712,
        "mean": 0.0218354910612,
        "median": 0.0214945673943,
        "min": 9.95609852567e-21,
        "var": 0.000209554986213
    },
    "spectral_energyband_high": {
        "dmean": 0.00223727873527,
        "dmean2": 0.00354746566154,
        "dvar": 1.70207476913e-05,
        "dvar2": 4.0815299144e-05,
        "max": 0.0444129891694,
        "mean": 0.00334569718689,
        "median": 0.00165386637673,
        "min": 7.06934885558e-21,
        "var": 2.22852359002e-05
    },
    "spectral_energyband_low": {
        "dmean": 0.00177466392051,
        "dmean2": 0.00245717586949,
        "dvar": 1.80901897693e-05,
        "dvar2": 3.54167459591e-05,
        "max": 0.0437855944037,
        "mean": 0.00513741886243,
        "median": 0.00105242896825,
        "min": 2.24789243936e-23,
        "var": 6.96344650351e-05
    },
    "spectral_energyband_middle_high": {
        "dmean": 0.00401120772585,
        "dmean2": 0.00587920518592,
        "dvar": 2.92200911645e-05,
        "dvar2": 6.11735740677e-05,
        "max": 0.0706344395876,
        "mean": 0.0085636805743,
        "median": 0.00543154124171,
        "min": 1.25863658623e-21,
        "var": 8.68443894433e-05
    },
    "spectral_energyband_middle_low": {
        "dmean": 0.00322646438144,
        "dmean2": 0.00524999666959,
        "dvar": 3.43442625308e-05,
        "dvar2": 9.02034153114e-05,
        "max": 0.0479605682194,
        "mean": 0.00531380018219,
        "median": 0.00311691779643,
        "min": 9.81607013617e-23,
        "var": 4.03341109632e-05
    },
    "spectral_entropy": {
        "dmean": 0.198021382093,
        "dmean2": 0.305062294006,
        "dvar": 0.0495502948761,
        "dvar2": 0.11671153456,
        "max": 9.8249168396,
        "mean": 8.03351402283,
        "median": 8.07584667206,
        "min": 6.1175532341,
        "var": 0.221013128757
    },
    "spectral_flux": {
        "dmean": 0.0293882545084,
        "dmean2": 0.0442100763321,
        "dvar": 0.00101525546052,
        "dvar2": 0.00172202906106,
        "max": 0.268305331469,
        "mean": 0.0846735164523,
        "median": 0.0766798406839,
        "min": 6.32810817636e-11,
        "var": 0.00256059551612
    },
    "spectral_kurtosis": {
        "dmean": 1.08364462852,
        "dmean2": 1.75370442867,
        "dvar": 2.4818983078,
        "dvar2": 7.19740200043,
        "max": 36.1629829407,
        "mean": 2.67810368538,
        "median": 2.10892510414,
        "min": -1.32240474224,
        "var": 5.92462015152
    },
    "spectral_rms": {
        "dmean": 0.000723306555301,
        "dmean2": 0.00108085409738,
        "dvar": 5.81622089157e-07,
        "dvar2": 1.328371809e-06,
        "max": 0.0090645449236,
        "mean": 0.00427932618186,
        "median": 0.00457933498546,
        "min": 3.11661156951e-12,
        "var": 2.99039106721e-06
    },
    "spectral_rolloff": {
        "dmean": 1379.17333984,
        "dmean2": 2204.0456543,
        "dvar": 3326560.75,
        "dvar2": 6526778,
        "max": 19789.0136719,
        "mean": 3956.60351562,
        "median": 2756.25,
        "min": 43.06640625,
        "var": 11877172
    },
    "spectral_skewness": {
        "dmean": 0.189407855272,
        "dmean2": 0.296332120895,
        "dvar": 0.0424238853157,
        "dvar2": 0.103481762111,
        "max": 3.65651798248,
        "mean": 1.26977014542,
        "median": 1.24119353294,
        "min": -0.208586022258,
        "var": 0.144178435206
    },
    "spectral_spread": {
        "dmean": 829295.4375,
        "dmean2": 1228705.125,
        "dvar": 1.1846919127e+12,
        "dvar2": 2.43865485312e+12,
        "max": 42068112,
        "mean": 6796755,
        "median": 6485643,
        "min": 1420129.25,
        "var": 2.0546102231e+13
    },
    "spectral_strongpeak": {
        "dmean": 1.00637614727,
        "dmean2": 1.60632753372,
        "dvar": 2.42757725716,
        "dvar2": 5.38668584824,
        "max": 17.057100296,
        "mean": 1.68320941925,
        "median": 0.735057711601,
        "min": 0,
        "var": 4.70374202728
    },
    "zerocrossingrate": {
        "dmean": 0.0225485209376,
        "dmean2": 0.0249725040048,
        "dvar": 0.000610716931988,
        "dvar2": 0.000698813004419,
        "max": 0.78125,
        "mean": 0.125478312373,
        "median": 0.107666015625,
        "min": 0.0029296875,
        "var": 0.00631940597668
    },
    "barkbands": {
        "dmean": [0.000390634173527, 0.00140776159242, 0.000708474777639, 0.000547522562556, 0.00073183933273, 0.000753166212235, 0.000624663603958, 0.000639152480289, 0.000587937072851, 0.000804623647127, 0.00120860780589, 0.00105422758497, 0.000635921547655, 0.000426504120696, 0.000508059514686, 0.000634245807305, 0.000269733922323, 0.000363380037015, 0.000428760045907, 0.000258703046711, 0.000304875138681, 0.000311973853968, 0.000449994695373, 0.000539281521924, 0.000477722438518, 0.000224363815505, 4.33770001109e-05],
        "dmean2": [0.0004767368373, 0.00193880335428, 0.00132892245892, 0.00104173715226, 0.0013243224239, 0.0012708689319, 0.00104464543983, 0.00102902308572, 0.000920954335015, 0.00111797661521, 0.00187488843221, 0.00159680109937, 0.000973960268311, 0.000674123759381, 0.000831847195514, 0.000946180545725, 0.00043145896052, 0.00061047374038, 0.0006944136112, 0.000424254365498, 0.000501869188156, 0.000523570459336, 0.00075006816769, 0.000854753016029, 0.000757326255552, 0.000353152543539, 7.15916467016e-05],
        "dvar": [8.15195505766e-07, 1.13480100481e-05, 7.72644125391e-06, 5.31342175236e-06, 6.38479968984e-06, 2.88224032374e-06, 2.53523376159e-06, 2.93069683721e-06, 1.89671845874e-06, 3.0911585327e-06, 8.56382121128e-06, 8.03064540378e-06, 2.89059175884e-06, 8.94375318694e-07, 2.11850579035e-06, 4.06193885283e-06, 3.59761287427e-07, 5.2157764685e-07, 7.45275599456e-07, 2.11315253296e-07, 2.86555660978e-07, 3.80067575634e-07, 9.37872755458e-07, 1.32965578814e-06, 8.46843761337e-07, 2.06109476153e-07, 7.88545850838e-09],
        "dvar2": [1.26122267829e-06, 2.14608535316e-05, 2.24460272875e-05, 1.55405286932e-05, 1.85263816093e-05, 7.72412840888e-06, 6.58537146592e-06, 7.20260322851e-06, 4.11084874941e-06, 5.25971336174e-06, 1.84870586963e-05, 1.5663479644e-05, 6.57740474708e-06, 1.87629029824e-06, 5.38254380444e-06, 8.62046363181e-06, 8.64760295372e-07, 1.3073744185e-06, 1.79308699444e-06, 5.22597247254e-07, 7.19072318134e-07, 9.7872839433e-07, 2.35395896198e-06, 3.12634324473e-06, 2.01175362236e-06, 4.80043809148e-07, 1.99382999e-08],
        "max": [0.00912019982934, 0.0322196185589, 0.0255574434996, 0.0214256830513, 0.025921497494, 0.0264176018536, 0.0270843748003, 0.0287297274917, 0.0374911688268, 0.0413001999259, 0.058085039258, 0.0616154409945, 0.0362675078213, 0.0182218570262, 0.0334241464734, 0.0411967858672, 0.0111200595275, 0.00931388512254, 0.0186430457979, 0.00903727114201, 0.0105923712254, 0.00738763110712, 0.0117530860007, 0.0130993183702, 0.0108476113528, 0.00670418096706, 0.00123634201009],
        "mean": [0.000855277699884, 0.00353938015178, 0.000570140662603, 0.00039829328307, 0.000732804066502, 0.00104836618993, 0.000792638049461, 0.000762057374232, 0.000893679447472, 0.00130855420139, 0.00154261302669, 0.00136506534182, 0.000906340195797, 0.000612361473031, 0.000622664112598, 0.000870289106388, 0.000388354761526, 0.000462373311166, 0.000602600281127, 0.000420331663918, 0.000451137049822, 0.000446201011073, 0.000531885772943, 0.000724360521417, 0.000639321398921, 0.000300661951769, 4.78114125144e-05],
        "median": [3.42911043845e-05, 0.000454963301308, 0.000115124625154, 6.869394565e-05, 0.000278750347206, 0.000482561532408, 0.000265331473202, 0.000231933867326, 0.000360184407327, 0.000375174335204, 0.000307339447318, 0.000277879764326, 0.00025112030562, 0.000178611560841, 0.000155447021825, 0.000186910416232, 0.000188112506294, 0.000195237924345, 0.000266379269306, 0.00021842381102, 0.000240456327447, 0.000233946338994, 0.000233406972256, 0.000264761270955, 0.000239050888922, 0.000121971621411, 1.25558808577e-05],
        "min": [4.97241313881e-25, 4.07388321283e-24, 1.53153725849e-24, 9.60887605607e-25, 7.09374412664e-24, 4.62217585741e-24, 7.5833498586e-24, 1.03284122594e-23, 1.22244497003e-23, 1.44836297925e-23, 1.74026849323e-23, 1.7423132207e-23, 2.22292751606e-23, 2.90395918192e-23, 3.5881729549e-23, 5.02875603013e-23, 6.24783390516e-23, 9.20097446244e-23, 1.06006737169e-22, 1.32225848329e-22, 2.07402563414e-22, 2.71558134346e-22, 3.5031919357e-22, 5.16158430314e-22, 8.70976756372e-22, 1.34878655025e-21, 2.01218933951e-21],
        "var": [2.92866002383e-06, 3.83001242881e-05, 4.35543233834e-06, 2.87855073111e-06, 3.70039674635e-06, 3.07222535412e-06, 2.9772011203e-06, 3.24993015965e-06, 3.57159456144e-06, 8.42722329253e-06, 1.53984856297e-05, 1.5132534827e-05, 4.9039026635e-06, 1.7590450625e-06, 2.84829184238e-06, 7.13349891157e-06, 4.70062360591e-07, 6.6226010631e-07, 1.14754698188e-06, 3.78097212206e-07, 3.93310045865e-07, 4.21663372663e-07, 8.8847986035e-07, 1.67629707448e-06, 1.17168633551e-06, 2.62052367361e-07, 8.32253288507e-09]
    },
    "erbbands": {
        "dmean": [0.0840168446302, 0.265083611012, 0.713867247105, 1.46564567089, 2.04821753502, 2.48541069031, 3.80295419693, 7.13352155685, 8.81001281738, 11.9081354141, 11.2214918137, 15.3238096237, 23.3653697968, 19.2166500092, 61.067035675, 47.7516593933, 30.1232872009, 23.9868431091, 25.4635028839, 25.0645923615, 27.5225334167, 12.924243927, 20.8502979279, 20.6040802002, 20.2668819427, 12.7481708527, 10.7685394287, 13.1152410507, 11.3462610245, 11.3464307785, 12.3876533508, 11.4717226028, 9.33470726013, 5.75060272217, 3.12751555443, 1.22462785244, 0.385037690401, 0.0865074172616, 0.00658789370209, 0.000119831835036],
        "dmean2": [0.100613325834, 0.456279635429, 1.32324504852, 2.76940369606, 3.87251019478, 4.46650886536, 6.49017620087, 12.0899620056, 14.4816007614, 19.6497058868, 18.3069896698, 23.3761672974, 32.4531211853, 28.4875411987, 94.9385299683, 69.88230896, 45.4926757812, 37.1094474792, 40.4504508972, 39.7011260986, 41.6279754639, 20.7982139587, 34.7633895874, 33.4698181152, 32.8522262573, 20.8797874451, 17.4023399353, 21.903049469, 19.2575187683, 18.8008003235, 20.2321071625, 18.3856277466, 14.9069766998, 9.17910003662, 4.94139003754, 1.94411432743, 0.601857960224, 0.138828322291, 0.0111174043268, 0.000195082218852],
        "dvar": [0.0348974354565, 0.61036914587, 7.53090333939, 35.8735961914, 72.0798950195, 67.7013549805, 78.5745620728, 275.348480225, 545.008850098, 1206.32348633, 919.994018555, 1413.81994629, 3512.60131836, 1665.2565918, 21353.4648438, 18778.7265625, 5728.2578125, 2494.23413086, 4244.36230469, 4377.80175781, 6761.13867188, 724.905639648, 1804.26147461, 1702.25756836, 2128.57446289, 522.505554199, 387.768554688, 628.860717773, 490.004974365, 581.109191895, 628.546020508, 709.757507324, 370.51449585, 127.63381958, 40.1498794556, 6.34102916718, 0.623220562935, 0.0315175503492, 0.000214181520278, 5.63760771399e-08],
        "dvar2": [0.0491867177188, 1.67629742622, 21.6249790192, 104.429405212, 210.354171753, 195.832687378, 218.903991699, 737.052978516, 1407.30859375, 2925.82788086, 2356.36621094, 2991.47241211, 5793.80078125, 3354.86181641, 46920.1796875, 34313.4023438, 12869.9423828, 5283.06689453, 9653.38574219, 10926.0097656, 14766.5498047, 1764.5579834, 4560.50732422, 4036.07714844, 5101.98681641, 1310.96655273, 948.8515625, 1612.18054199, 1285.1998291, 1444.96398926, 1520.3359375, 1752.15637207, 870.852416992, 305.245361328, 96.0559310913, 15.1469182968, 1.44777011871, 0.0761894136667, 0.000567502342165, 1.4276376703e-07],
        "max": [1.75199460983, 7.55054950714, 24.3119049072, 56.2277069092, 79.9543151855, 83.7440490723, 81.7973327637, 273.707061768, 412.072723389, 582.102294922, 601.361755371, 1062.84216309, 1601.17224121, 1383.15625, 2789.03515625, 3188.93652344, 1656.328125, 980.190673828, 2059.81323242, 1070.68994141, 1659.03564453, 483.078643799, 560.030090332, 895.191162109, 1331.43237305, 406.277069092, 335.746704102, 671.625671387, 243.205673218, 268.720825195, 275.079345703, 327.654449463, 216.167022705, 155.111679077, 102.705284119, 33.7755622864, 12.4668083191, 2.98664259911, 0.191826805472, 0.00318939611316],
        "mean": [0.202023938298, 0.395617485046, 0.596761107445, 1.13634669781, 1.55418872833, 2.61511039734, 4.99184179306, 9.64426422119, 12.3398017883, 14.0986509323, 13.720366478, 24.6003837585, 38.7926216125, 30.619644165, 80.4664916992, 67.3706130981, 45.6924285889, 37.7192573547, 35.5486946106, 33.2189483643, 39.9442520142, 20.0214366913, 27.0807609558, 27.8844604492, 29.2243824005, 21.0085277557, 16.8568019867, 18.1664505005, 16.1494636536, 14.8644304276, 15.613740921, 15.2827301025, 11.7600002289, 7.57772922516, 4.19479084015, 1.64085376263, 0.500006377697, 0.107960365713, 0.00683747604489, 0.000159464936587],
        "median": [0.013683103025, 0.0985326915979, 0.155716389418, 0.244943425059, 0.344129621983, 0.978278458118, 2.496778965, 4.18085861206, 4.19535636902, 4.43891906738, 5.27896595001, 9.68311691284, 12.2078609467, 13.1380615234, 17.2052879333, 15.0352687836, 14.9203624725, 13.5183763504, 10.3446149826, 10.144197464, 11.9966106415, 10.9389286041, 11.7488517761, 12.0881099701, 13.3208208084, 11.070318222, 9.37237453461, 9.35857009888, 8.3160572052, 7.44510602951, 6.81137943268, 5.53550195694, 4.3317732811, 2.84182810783, 1.54587447643, 0.648409903049, 0.197371929884, 0.0399321392179, 0.00172387633938, 7.46830337448e-05],
        "min": [1.11139911877e-22, 9.6389008121e-22, 2.52150176983e-21, 3.4795986585e-21, 1.14453596704e-20, 2.29636550219e-20, 2.24411709117e-20, 4.54457035193e-20, 1.01120600374e-19, 1.81793489877e-19, 3.31261200855e-19, 3.21861378868e-19, 4.858309877e-19, 8.02480379077e-19, 8.76196647316e-19, 1.04380339515e-18, 1.3737018418e-18, 1.93222008505e-18, 1.7982559101e-18, 3.07789707989e-18, 3.48577384288e-18, 4.57183427662e-18, 5.9418376905e-18, 4.93944698931e-18, 7.82634537743e-18, 6.89712624606e-18, 8.4242480678e-18, 9.5055824051e-18, 9.48954750893e-18, 1.09026325571e-17, 1.07759548093e-17, 9.03210091375e-18, 9.07524830886e-18, 8.11609351112e-18, 6.80977266465e-18, 4.11212782401e-18, 2.33969566545e-18, 9.51411456632e-19, 2.53345620989e-19, 2.85779786398e-20],
        "var": [0.14402961731, 0.621995508671, 4.40089130402, 19.8335266113, 39.3242912292, 40.7988929749, 63.5982131958, 291.626342773, 694.737365723, 1284.24023438, 922.335510254, 2804.24780273, 9408.95996094, 3985.77709961, 38258.0507812, 38001.1679688, 10435.8017578, 5010.39257812, 8254.39257812, 5773.91943359, 11882.8125, 950.703186035, 2224.20849609, 2342.63671875, 3267.01635742, 941.179016113, 552.03692627, 726.790588379, 534.496887207, 603.551086426, 685.355102539, 788.382446289, 457.244812012, 166.056869507, 55.0275306702, 7.95853805542, 0.778380215168, 0.0364198535681, 0.000194423599169, 6.05986087976e-08]
    },
    "gfcc": {
        "mean": [4.34397268295, 26.2634773254, -124.237823486, 13.8594970703, -65.9010925293, 16.8805236816, -36.5616493225, 11.8512840271, -27.3605937958, 8.06928634644, -12.0499315262, 8.88034820557, -9.15982627869],
        "cov": [[26282.453125, -1233.55175781, -407.333740234, 721.114990234, -812.50213623, 1126.14221191, -701.301452637, 668.405883789, -435.542816162, 547.939880371, -239.673843384, 442.561279297, -318.227416992], [-1233.55175781, 1531.8416748, -831.933227539, -55.7029495239, -35.0697250366, -376.716033936, 84.6763687134, -198.695831299, 24.2472457886, -167.776702881, 35.3895950317, -119.381164551, 81.6120681763], [-407.333740234, -831.933227539, 2000.1484375, 649.686706543, 647.73034668, 675.103942871, 257.687683105, 423.090301514, 174.247879028, 295.50982666, 68.494178772, 171.240844727, -31.7533988953], [721.114990234, -55.7029495239, 649.686706543, 594.748352051, 317.967834473, 265.140167236, 166.017288208, 207.821182251, 103.693061829, 132.199676514, 52.7199630737, 55.0952606201, 21.8485870361], [-812.50213623, -35.0697250366, 647.73034668, 317.967834473, 489.889190674, 306.797912598, 195.305557251, 148.326980591, 137.905212402, 133.290802002, 57.2998046875, 58.1509056091, 33.6491966248], [1126.14221191, -376.716033936, 675.103942871, 265.140167236, 306.797912598, 561.361083984, 149.50617981, 245.191619873, 105.344650269, 210.223815918, 42.8055801392, 116.492912292, 11.5586290359], [-701.301452637, 84.6763687134, 257.687683105, 166.017288208, 195.305557251, 149.50617981, 238.997314453, 122.088951111, 93.5087509155, 74.9298934937, 74.9439849854, 34.3099975586, 40.2541160583], [668.405883789, -198.695831299, 423.090301514, 207.821182251, 148.326980591, 245.191619873, 122.088951111, 282.088134766, 94.5083694458, 144.949645996, 50.410282135, 84.3056182861, 5.87688970566], [-435.542816162, 24.2472457886, 174.247879028, 103.693061829, 137.905212402, 105.344650269, 93.5087509155, 94.5083694458, 156.900726318, 85.6096801758, 41.9056129456, 25.2752971649, 38.6542205811], [547.939880371, -167.776702881, 295.50982666, 132.199676514, 133.290802002, 210.223815918, 74.9298934937, 144.949645996, 85.6096801758, 180.591049194, 54.3875999451, 63.6417274475, 7.14006900787], [-239.673843384, 35.3895950317, 68.494178772, 52.7199630737, 57.2998046875, 42.8055801392, 74.9439849854, 50.410282135, 41.9056129456, 54.3875999451, 102.998321533, 45.9250602722, 21.9740524292], [442.561279297, -119.381164551, 171.240844727, 55.0952606201, 58.1509056091, 116.492912292, 34.3099975586, 84.3056182861, 25.2752971649, 63.6417274475, 45.9250602722, 115.330947876, 30.3299484253], [-318.227416992, 81.6120681763, -31.7533988953, 21.8485870361, 33.6491966248, 11.5586290359, 40.2541160583, 5.87688970566, 38.6542205811, 7.14006900787, 21.9740524292, 30.3299484253, 90.2655258179]],
        "icov": [[0.000121601537103, -4.69163387606e-05, 0.00021853891667, -0.000402707548346, 0.00032704428304, -0.000407724699471, 0.000377385673346, -0.00018250165158, 0.000319420476444, -0.000349951063981, 0.000356856064172, -0.000501248810906, 0.000391799694626], [-4.69163387606e-05, 0.00135178642813, 0.000641835562419, -0.000285717571387, -0.000859801191837, 0.000700758886524, -0.000863629858941, 0.000228045522817, -0.000447545055067, 0.000728668877855, -0.000527929805685, 0.000598014914431, -0.000429988576798], [0.00021853891667, 0.000641835562419, 0.00215790048242, -0.0015137862647, -0.000922098115552, -0.00088962726295, 0.000432938541053, -0.000878239341546, 0.000535957224201, -0.000292653101496, 0.000878554244991, -0.00154038588516, 0.00173476850614], [-0.000402707548346, -0.000285717571387, -0.0015137862647, 0.00472891097888, -0.00196409085765, 0.00135352578945, -0.00121708144434, -0.000823673501145, -0.000460763723822, 0.000823792768642, -0.00138377246913, 0.00256922910921, -0.00207757158205], [0.00032704428304, -0.000859801191837, -0.000922098115552, -0.00196409085765, 0.0072523355484, -0.00277198269032, -0.000852119701449, 0.00166609010193, -0.00125506136101, -0.00127273146063, 0.00122289522551, -0.00138105545193, 0.00080882065231], [-0.000407724699471, 0.000700758886524, -0.00088962726295, 0.00135352578945, -0.00277198269032, 0.00666333222762, -0.00242506666109, -0.00043747125892, -0.000264234869974, -0.00206535216421, 0.00102701492142, -0.000188489691936, -0.00133168476168], [0.000377385673346, -0.000863629858941, 0.000432938541053, -0.00121708144434, -0.000852119701449, -0.00242506666109, 0.0109253842384, -0.00346450484358, 0.00024355694768, 0.000638910860289, -0.00402313796803, 0.00122988538351, -0.00104896968696], [-0.00018250165158, 0.000228045522817, -0.000878239341546, -0.000823673501145, 0.00166609010193, -0.00043747125892, -0.00346450484358, 0.00992635637522, -0.00296764913946, -0.00235975906253, 0.000767213990912, -0.0027559096925, 0.00157123082317], [0.000319420476444, -0.000447545055067, 0.000535957224201, -0.000460763723822, -0.00125506136101, -0.000264234869974, 0.00024355694768, -0.00296764913946, 0.013338169083, -0.00519372150302, 0.000249720178545, 0.00148057553452, -0.00344212097116], [-0.000349951063981, 0.000728668877855, -0.000292653101496, 0.000823792768642, -0.00127273146063, -0.00206535216421, 0.000638910860289, -0.00235975906253, -0.00519372150302, 0.016019763425, -0.00589587027207, 0.00091613677796, 0.000497105123941], [0.000356856064172, -0.000527929805685, 0.000878554244991, -0.00138377246913, 0.00122289522551, 0.00102701492142, -0.00402313796803, 0.000767213990912, 0.000249720178545, -0.00589587027207, 0.0185546651483, -0.00834059156477, 0.00218121823855], [-0.000501248810906, 0.000598014914431, -0.00154038588516, 0.00256922910921, -0.00138105545193, -0.000188489691936, 0.00122988538351, -0.0027559096925, 0.00148057553452, 0.00091613677796, -0.00834059156477, 0.0195469018072, -0.00854563526809], [0.000391799694626, -0.000429988576798, 0.00173476850614, -0.00207757158205, 0.00080882065231, -0.00133168476168, -0.00104896968696, 0.00157123082317, -0.00344212097116, 0.000497105123941, 0.00218121823855, -0.00854563526809, 0.0179711990058]]
    },
    "melbands": {
        "dmean": [0.000529378303327, 0.000342857150827, 0.000267307797913, 0.00016238950775, 0.00012727023568, 0.000157524555107, 0.000132133849547, 0.000133674649987, 8.52699304232e-05, 0.000101150893897, 0.00011579812417, 7.32573971618e-05, 0.000173743101186, 0.000148940671352, 7.91056081653e-05, 6.42912636977e-05, 4.7545236157e-05, 3.92330839531e-05, 3.06496040139e-05, 5.28865311935e-05, 2.67811465164e-05, 1.29799227579e-05, 1.95434058696e-05, 1.74133510882e-05, 1.75916466105e-05, 1.82546973519e-05, 1.04115542854e-05, 8.65045240062e-06, 7.0480332397e-06, 7.61846558817e-06, 8.30071985547e-06, 6.66693495077e-06, 6.29856049272e-06, 6.80135053699e-06, 6.86254361426e-06, 8.85011741047e-06, 6.24538643024e-06, 7.17412331142e-06, 5.61452407055e-06, 4.75724664284e-06],
        "dmean2": [0.000650046160445, 0.000615294557065, 0.000500756024849, 0.000300635496387, 0.000217583961785, 0.000265926501015, 0.000216832078877, 0.0002188434446, 0.000140385222039, 0.000154255147208, 0.000161274016136, 0.0001085394033, 0.00027290880098, 0.000225144467549, 0.000116535142297, 9.90417975117e-05, 7.41300464142e-05, 6.22659790679e-05, 5.17539956491e-05, 7.88774850662e-05, 4.13233792642e-05, 2.11049828067e-05, 3.22204577969e-05, 2.92139648082e-05, 2.87299862975e-05, 3.01587315334e-05, 1.6889647668e-05, 1.41484324558e-05, 1.14563281386e-05, 1.24790158225e-05, 1.40834454214e-05, 1.13767428047e-05, 1.05766594061e-05, 1.13982359835e-05, 1.11101744551e-05, 1.48868602992e-05, 9.80362437986e-06, 1.14967051559e-05, 9.27969904296e-06, 7.54606026021e-06],
        "dvar": [1.35948698698e-06, 1.44618434206e-06, 1.19154583444e-06, 3.74732309183e-07, 9.46690974502e-08, 1.32305174816e-07, 1.1211951545e-07, 1.51384114133e-07, 5.51865220189e-08, 6.33983106013e-08, 8.67139533511e-08, 3.05554195279e-08, 1.74974971401e-07, 1.09048322372e-07, 3.90766352609e-08, 3.44579333955e-08, 1.20181153918e-08, 8.76055761267e-09, 1.0470920131e-08, 2.91618054149e-08, 6.02411098782e-09, 7.41449512898e-10, 1.65424440812e-09, 1.27665644722e-09, 1.40843403607e-09, 1.80378045833e-09, 4.0654810074e-10, 2.64315486165e-10, 2.0405087342e-10, 1.74345288206e-10, 2.75010514361e-10, 1.55332677276e-10, 1.73387235125e-10, 2.17960927085e-10, 1.65446642497e-10, 4.50366188787e-10, 1.99596811301e-10, 2.26429736072e-10, 1.28522956166e-10, 8.35382527042e-11],
        "dvar2": [1.99669443646e-06, 4.02651903642e-06, 3.45449143424e-06, 1.09181723928e-06, 2.66026631834e-07, 3.52068752818e-07, 2.86573339281e-07, 3.62513560503e-07, 1.42364697808e-07, 1.32734456315e-07, 1.43315944001e-07, 6.05891301575e-08, 3.88507402249e-07, 2.25459018566e-07, 7.47607700191e-08, 8.06394453434e-08, 2.48474805176e-08, 1.94866469627e-08, 2.87066228566e-08, 6.14190156512e-08, 1.3700426571e-08, 1.79607961837e-09, 4.1260621586e-09, 3.14014170222e-09, 3.32620109234e-09, 4.52274173668e-09, 1.00525143765e-09, 6.52069120921e-10, 5.18680265404e-10, 4.35179253744e-10, 7.18428316837e-10, 4.12298278851e-10, 4.43099695824e-10, 5.48236511744e-10, 3.88908988347e-10, 1.17263498911e-09, 4.7202775022e-10, 5.36410971197e-10, 3.18313708725e-10, 1.97739394303e-10],
        "max": [0.0115250581875, 0.0110324919224, 0.0100406343117, 0.0060221478343, 0.00292497710325, 0.00580776017159, 0.00627319840714, 0.00640303269029, 0.00502053508535, 0.00725324917585, 0.0079562291503, 0.00611585890874, 0.0081834802404, 0.0060926428996, 0.00429040798917, 0.00457235937938, 0.00225078151561, 0.00310886022635, 0.00223617278971, 0.00381560926326, 0.00187551206909, 0.000519226363394, 0.000690066139214, 0.000500928494148, 0.000853694044054, 0.000875549740158, 0.000490851467475, 0.000256829254795, 0.000309927156195, 0.000174777014763, 0.000462732714368, 0.000130578016979, 0.000170724204509, 0.000166074096342, 0.000119451193314, 0.000272715784376, 0.000184773496585, 0.000169470993569, 0.000139168550959, 0.000122554338304],
        "mean": [0.00133587571327, 0.000365901360055, 0.00020816209144, 0.000145401791087, 0.000167812744621, 0.000214509738726, 0.000182935182238, 0.000158748662216, 0.000101687975985, 0.000161735762958, 0.000190002203453, 0.000112244364573, 0.000219312496483, 0.000205218573683, 0.000114424161438, 9.18930672924e-05, 6.89870212227e-05, 5.46259361727e-05, 3.49961155734e-05, 7.06142309355e-05, 3.85445091524e-05, 1.87620225915e-05, 2.53585676546e-05, 2.20512411033e-05, 2.20647962124e-05, 2.33468635997e-05, 1.57049689733e-05, 1.33931125674e-05, 1.03226147985e-05, 1.09040829557e-05, 1.04167938844e-05, 9.06488003238e-06, 8.50794822327e-06, 8.15991188574e-06, 8.67395101523e-06, 1.0286394172e-05, 8.62518118083e-06, 8.72616419656e-06, 6.90841034157e-06, 6.22558354735e-06],
        "median": [0.000131175795104, 0.000143829412991, 4.64617405669e-05, 4.56296693301e-05, 8.59363790369e-05, 9.17089564609e-05, 6.10036004218e-05, 4.79809823446e-05, 3.89246961277e-05, 6.13099618931e-05, 5.78655744903e-05, 4.00811732106e-05, 4.24810641562e-05, 4.67321260658e-05, 2.84192847175e-05, 2.47342140938e-05, 1.97713707166e-05, 1.55252237164e-05, 9.80745153356e-06, 1.44881896631e-05, 1.24006328406e-05, 9.67948744801e-06, 1.14069771371e-05, 8.96521669347e-06, 8.99683982425e-06, 9.21566243051e-06, 7.87038607086e-06, 6.74085049468e-06, 5.39736856808e-06, 5.45238253835e-06, 5.03112096339e-06, 4.50075094705e-06, 4.35498077422e-06, 3.89829710912e-06, 3.85622161048e-06, 3.51775838681e-06, 3.1936601772e-06, 3.00632291328e-06, 2.67989366876e-06, 2.21565051106e-06],
        "min": [2.03998641229e-24, 1.2154721496e-24, 6.32925438883e-25, 1.17414786829e-24, 1.02288704377e-24, 1.08706097702e-24, 1.68894705656e-24, 1.60787138399e-24, 2.6902967185e-24, 1.60953962759e-24, 2.30108122812e-24, 2.91182680727e-24, 2.30421734465e-24, 2.80447861529e-24, 2.70256350558e-24, 2.30706690745e-24, 3.34827554157e-24, 2.02275926784e-24, 3.75468405816e-24, 2.77499651668e-24, 4.11992192412e-24, 3.9883344031e-24, 2.81383746385e-24, 3.60047003423e-24, 3.42135206596e-24, 4.75328848416e-24, 5.00467715541e-24, 4.02966953124e-24, 4.94099123124e-24, 4.3177520675e-24, 4.63457517311e-24, 4.42504819466e-24, 5.00530666641e-24, 5.97411384386e-24, 4.70039575489e-24, 5.98125185176e-24, 5.53075666019e-24, 5.56782247311e-24, 6.17437367883e-24, 6.71040269177e-24],
        "var": [5.78119079364e-06, 9.92644004327e-07, 6.65044751713e-07, 2.10469238482e-07, 7.28038784814e-08, 1.44646591593e-07, 1.49402211491e-07, 1.67465543655e-07, 5.38649160831e-08, 1.27327098198e-07, 2.31525390859e-07, 7.4232879399e-08, 3.01713527051e-07, 2.06019052484e-07, 8.58948752125e-08, 5.29445642883e-08, 2.41247288812e-08, 1.83063146864e-08, 9.00766128353e-09, 5.0716078448e-08, 1.04902504461e-08, 9.79549996671e-10, 1.93725657738e-09, 1.68908720344e-09, 1.82695436557e-09, 2.42781794668e-09, 6.42572273168e-10, 4.44109637954e-10, 2.66723115816e-10, 2.47923820362e-10, 2.81891926468e-10, 1.68421235291e-10, 1.83125750675e-10, 2.08273454039e-10, 1.96004504294e-10, 4.06508854356e-10, 2.48937787051e-10, 2.71993344514e-10, 1.46278281155e-10, 1.14380165062e-10]
    },
    "mfcc": {
        "mean": [-630.19909668, 69.031288147, -7.89406871796, 0.982654988766, -6.59677410126, -0.828936159611, 1.28048336506, 1.22915661335, -3.50686860085, -1.91850602627, -1.89058494568, 1.16865932941, 1.66670823097],
        "cov": [[9476.09472656, -674.890441895, 846.929138184, -42.0848388672, 354.418121338, 276.847564697, 150.553741455, 170.907409668, 83.4070968628, 170.184249878, 133.370758057, 101.208053589, 176.527359009], [-674.890441895, 1146.14794922, -583.570007324, 43.5017433167, -229.121322632, -129.170303345, -101.754692078, -85.2207489014, -57.9903106689, -105.65511322, -74.7356109619, -40.6809692383, -27.3286094666], [846.929138184, -583.570007324, 1122.39099121, 280.379241943, 514.343200684, 339.750640869, 318.70324707, 260.850280762, 213.198684692, 223.249984741, 206.470809937, 138.660858154, 106.85723877], [-42.0848388672, 43.5017433167, 280.379241943, 457.178466797, 201.481796265, 115.497901917, 149.235595703, 105.687927246, 96.4780349731, 91.7087402344, 109.111122131, 34.2030143738, 5.80029916763], [354.418121338, -229.121322632, 514.343200684, 201.481796265, 444.177581787, 283.229125977, 199.061096191, 163.098861694, 164.854675293, 156.047180176, 125.29775238, 92.8778152466, 82.9791107178], [276.847564697, -129.170303345, 339.750640869, 115.497901917, 283.229125977, 324.25894165, 181.266860962, 121.823928833, 139.29536438, 127.025566101, 90.5615005493, 78.0520248413, 80.1665496826], [150.553741455, -101.754692078, 318.70324707, 149.235595703, 199.061096191, 181.266860962, 252.416900635, 144.409912109, 108.154945374, 101.231552124, 110.004943848, 87.6241455078, 59.862449646], [170.907409668, -85.2207489014, 260.850280762, 105.687927246, 163.098861694, 121.823928833, 144.409912109, 176.256835938, 112.794677734, 81.2814025879, 84.271774292, 73.2405471802, 68.3299102783], [83.4070968628, -57.9903106689, 213.198684692, 96.4780349731, 164.854675293, 139.29536438, 108.154945374, 112.794677734, 168.390151978, 118.504600525, 74.2623519897, 57.6029205322, 59.4868011475], [170.184249878, -105.65511322, 223.249984741, 91.7087402344, 156.047180176, 127.025566101, 101.231552124, 81.2814025879, 118.504600525, 166.610473633, 106.251907349, 52.5063095093, 34.1688919067], [133.370758057, -74.7356109619, 206.470809937, 109.111122131, 125.29775238, 90.5615005493, 110.004943848, 84.271774292, 74.2623519897, 106.251907349, 149.660049438, 80.5410079956, 35.2840957642], [101.208053589, -40.6809692383, 138.660858154, 34.2030143738, 92.8778152466, 78.0520248413, 87.6241455078, 73.2405471802, 57.6029205322, 52.5063095093, 80.5410079956, 121.779685974, 75.0706558228], [176.527359009, -27.3286094666, 106.85723877, 5.80029916763, 82.9791107178, 80.1665496826, 59.862449646, 68.3299102783, 59.4868011475, 34.1688919067, 35.2840957642, 75.0706558228, 138.799026489]],
