{
"lowlevel": {
    "average_loudness": 0.73077070713,
    "barkbands_crest": {
        "dmean": 3.11626839638,
        "dmean2": 4.6893081665,
        "dvar": 8.77744483948,
        "dvar2": 19.3565654755,
        "max": 26.9242038727,
        "mean": 11.8884687424,
        "median": 10.6482419968,
        "min": 2.05303454399,
        "var": 38.848613739
    },
    "barkbands_flatness_db": {
        "dmean": 0.0355388820171,
        "dmean2": 0.0506476312876,
        "dvar": 0.00276297098026,
        "dvar2": 0.00624758284539,
        "max": 0.705787241459,
        "mean": 0.148353487253,
        "median": 0.127927318215,
        "min": 0.0163622051477,
        "var": 0.00891600362957
    },
    "barkbands_kurtosis": {
        "dmean": 15.5566673279,
        "dmean2": 23.6818008423,
        "dvar": 4236.56103516,
        "dvar2": 9937.18164062,
        "max": 3342.45043945,
        "mean": 16.0207614899,
        "median": 1.00130915642,
        "min": -1.89918792248,
        "var": 4629.26269531
    },
    "barkbands_skewness": {
        "dmean": 1.0790002346,
        "dmean2": 1.48457479477,
        "dvar": 3.92219305038,
        "dvar2": 7.96263122559,
        "max": 56.7373924255,
        "mean": 1.75216364861,
        "median": 0.945259690285,
        "min": -3.43954753876,
        "var": 8.91811656952
    },
    "barkbands_spread": {
        "dmean": 8.25455951691,
        "dmean2": 11.9558401108,
        "dvar": 127.161720276,
        "dvar2": 254.137573242,
        "max": 119.654960632,
        "mean": 25.9425086975,
        "median": 21.2885856628,
        "min": 0.1127801314,
        "var": 420.548706055
    },
    "dissonance": {
        "dmean": 0.0175185482949,
        "dmean2": 0.0292895324528,
        "dvar": 0.000560548796784,
        "dvar2": 0.00139091338497,
        "max": 0.500000059605,
        "mean": 0.469215542078,
        "median": 0.478882610798,
        "min": 0.0359903536737,
        "var": 0.00107444124296
    },
    "dynamic_complexity": 6.69736480713,
    "erbbands_crest": {
        "dmean": 3.01950192451,
        "dmean2": 4.91109848022,
        "dvar": 11.4891834259,
        "dvar2": 26.9176578522,
        "max": 33.1027793884,
        "mean": 9.91728305817,
        "median": 8.23881721497,
        "min": 2.42779254913,
        "var": 31.7777004242
    },
    "erbbands_flatness_db": {
        "dmean": 0.0249113123864,
        "dmean2": 0.0385067611933,
        "dvar": 0.00113963522017,
        "dvar2": 0.00292065483518,
        "max": 0.638301610947,
        "mean": 0.170193657279,
        "median": 0.153102427721,
        "min": 0.0516333915293,
        "var": 0.00573408557102
    },
    "erbbands_kurtosis": {
        "dmean": 3.15102505684,
        "dmean2": 5.57533788681,
        "dvar": 238.788635254,
        "dvar2": 677.453430176,
        "max": 365.147735596,
        "mean": 1.95907688141,
        "median": -0.120008707047,
        "min": -1.81561124325,
        "var": 152.963165283
    },
    "erbbands_skewness": {
        "dmean": 0.616693019867,
        "dmean2": 0.931209564209,
        "dvar": 1.12884569168,
        "dvar2": 2.77114868164,
        "max": 14.5031042099,
        "mean": 0.403774499893,
        "median": 0.319492280483,
        "min": -3.34104681015,
        "var": 1.84063696861
    },
    "erbbands_spread": {
        "dmean": 11.6166830063,
        "dmean2": 17.531627655,
        "dvar": 253.059402466,
        "dvar2": 607.289855957,
        "max": 181.282577515,
        "mean": 38.9633026123,
        "median": 34.4651870728,
        "min": 0.520759403706,
        "var": 597.161071777
    },
    "hfc": {
        "dmean": 8.84967136383,
        "dmean2": 13.8096876144,
        "dvar": 277.055999756,
        "dvar2": 667.842224121,
        "max": 152.583511353,
        "mean": 21.8586578369,
        "median": 6.43787670135,
        "min": 1.12440910596e-16,
        "var": 904.330871582
    },
    "melbands_crest": {
        "dmean": 3.83775067329,
        "dmean2": 5.8764796257,
        "dvar": 14.7804012299,
        "dvar2": 29.8226242065,
        "max": 39.9789009094,
        "mean": 15.7339324951,
        "median": 14.3223590851,
        "min": 1.9423636198,
        "var": 66.236946106
    },
    "melbands_flatness_db": {
        "dmean": 0.0422522388399,
        "dmean2": 0.0571922659874,
        "dvar": 0.00381079036742,
        "dvar2": 0.00805806089193,
        "max": 0.772656440735,
        "mean": 0.196213960648,
        "median": 0.175068929791,
        "min": 0.00324243609793,
        "var": 0.0141130425036
    },
    "melbands_kurtosis": {
        "dmean": 30.8791904449,
        "dmean2": 43.6984558105,
        "dvar": 12854.6376953,
        "dvar2": 28411.5214844,
        "max": 6038.91943359,
        "mean": 38.7614898682,
        "median": 4.69944477081,
        "min": -1.86792707443,
        "var": 16067.4492188
    },
    "melbands_skewness": {
        "dmean": 1.3337123394,
        "dmean2": 1.77904701233,
        "dvar": 5.33223485947,
        "dvar2": 9.62237453461,
        "max": 74.7621841431,
        "mean": 3.04428863525,
        "median": 1.77800261974,
        "min": -2.4194726944,
        "var": 14.9316167831
    },
    "melbands_spread": {
        "dmean": 11.2447299957,
        "dmean2": 16.6913871765,
        "dvar": 333.720184326,
        "dvar2": 730.942687988,
        "max": 261.718902588,
        "mean": 33.0068778992,
        "median": 25.1260757446,
        "min": 0.156467571855,
        "var": 897.48626709
    },
    "pitch_salience": {
        "dmean": 0.0905082002282,
        "dmean2": 0.137026771903,
        "dvar": 0.0111035443842,
        "dvar2": 0.0226587727666,
        "max": 0.991578876972,
        "mean": 0.49859136343,
        "median": 0.531655609608,
        "min": 0.00300529669039,
        "var": 0.037321344018
    },
    "silence_rate_20dB": {
        "dmean": 0,
        "dmean2": 0,
        "dvar": 0,
        "dvar2": 0,
        "max": 1,
        "mean": 1,
        "median": 1,
        "min": 1,
        "var": 0
    },
    "silence_rate_30dB": {
        "dmean": 0,
        "dmean2": 0,
        "dvar": 0,
        "dvar2": 0,
        "max": 1,
        "mean": 1,
        "median": 1,
        "min": 1,
        "var": 0
    },
    "silence_rate_60dB": {
        "dmean": 0.0513374097645,
        "dmean2": 0.102687142789,
        "dvar": 0.0486976243556,
        "dvar2": 0.106784492731,
        "max": 1,
        "mean": 0.266011029482,
        "median": 0,
        "min": 0,
        "var": 0.195248037577
    },
    "spectral_centroid": {
        "dmean": 353.426513672,
        "dmean2": 500.187713623,
        "dvar": 224540.40625,
        "dvar2": 385255.15625,
        "max": 11100.9296875,
        "mean": 1837.8984375,
        "median": 1734.69726562,
        "min": 101.83266449,
        "var": 1017047.9375
    },
    "spectral_complexity": {
        "dmean": 3.88748955727,
        "dmean2": 6.13387727737,
        "dvar": 34.8062438965,
        "dvar2": 78.3254547119,
        "max": 56,
        "mean": 12.4761333466,
        "median": 8,
        "min": 0,
        "var": 164.183990479
    },
    "spectral_decrease": {
        "dmean": 1.23945276265e-09,
        "dmean2": 1.84794657354e-09,
        "dvar": 4.6424808776e-18,
        "dvar2": 1.0712540662e-17,
        "max": 7.32913482931e-29,
        "mean": -3.60358742846e-09,
        "median": -2.46113085467e-09,
        "min": -1.95271816494e-08,
        "var": 1.26610812274e-17
    },
    "spectral_energy": {
        "dmean": 0.00518948864192,
        "dmean2": 0.00779234385118,
        "dvar": 7.28063387214e-05,
        "dvar2": 0.000169364109752,
        "max": 0.0759752094746,
        "mean": 0.0155834341422,
        "median": 0.0109124695882,
        "min": 1.03325820267e-20,
        "var": 0.000225410578423
    },
    "spectral_energyband_high": {
        "dmean": 0.000798431865405,
        "dmean2": 0.0012628834229,
        "dvar": 2.5849328722e-06,
        "dvar2": 6.32680621493e-06,
        "max": 0.0160735156387,
        "mean": 0.0015664108796,
        "median": 0.00029557448579,
        "min": 7.44947631335e-21,
        "var": 6.41545557301e-06
    },
    "spectral_energyband_low": {
        "dmean": 0.0033832769841,
        "dmean2": 0.0050121769309,
        "dvar": 6.60052901367e-05,
        "dvar2": 0.0001552591566,
        "max": 0.0658761113882,
        "mean": 0.00552131095901,
        "median": 0.00156429258641,
        "min": 2.02952280347e-23,
        "var": 9.94341462501e-05
    },
    "spectral_energyband_middle_high": {
        "dmean": 0.00167506176513,
        "dmean2": 0.00255375122651,
        "dvar": 1.49558673002e-05,
        "dvar2": 3.39288999385e-05,
        "max": 0.0703537911177,
        "mean": 0.0039005947765,
        "median": 0.000896812533028,
        "min": 1.28478193574e-21,
        "var": 4.77463036077e-05
    },
    "spectral_energyband_middle_low": {
        "dmean": 0.00289486837573,
        "dmean2": 0.00472034933046,
        "dvar": 4.3731644837e-05,
        "dvar2": 0.000109903005068,
        "max": 0.0569067150354,
        "mean": 0.00510676484555,
        "median": 0.00159343332052,
        "min": 1.76606342441e-22,
        "var": 5.48084935872e-05
    },
    "spectral_entropy": {
        "dmean": 0.293583989143,
        "dmean2": 0.438331991434,
        "dvar": 0.231106445193,
        "dvar2": 0.576522648335,
        "max": 9.80680274963,
        "mean": 7.63939380646,
        "median": 7.77854919434,
        "min": 3.49454474449,
        "var": 0.546573519707
    },
    "spectral_flux": {
        "dmean": 0.0265663471073,
        "dmean2": 0.0388541184366,
        "dvar": 0.00124564825092,
        "dvar2": 0.00259598623961,
        "max": 0.309098899364,
        "mean": 0.0693025439978,
        "median": 0.052686534822,
        "min": 6.85667703171e-11,
        "var": 0.00351954065263
    },
    "spectral_kurtosis": {
        "dmean": 2.42913007736,
        "dmean2": 4.10754060745,
        "dvar": 28.5039024353,
        "dvar2": 81.4776763916,
        "max": 88.2813644409,
        "mean": 5.84204149246,
        "median": 3.1433763504,
        "min": -1.20983946323,
        "var": 88.9671783447
    },
    "spectral_rms": {
        "dmean": 0.000592182041146,
        "dmean2": 0.000856234808452,
        "dvar": 6.88615841682e-07,
        "dvar2": 1.50388336806e-06,
        "max": 0.00860942248255,
        "mean": 0.00334311276674,
        "median": 0.0032628683839,
        "min": 3.17499108601e-12,
        "var": 4.0269510464e-06
    },
    "spectral_rolloff": {
        "dmean": 863.903381348,
        "dmean2": 1383.50598145,
        "dvar": 2145439.75,
        "dvar2": 4316556,
        "max": 18949.21875,
        "mean": 2569.5793457,
        "median": 1658.05664062,
        "min": 21.533203125,
        "var": 5914443.5
    },
    "spectral_skewness": {
        "dmean": 0.296575278044,
        "dmean2": 0.473567664623,
        "dvar": 0.209189102054,
        "dvar2": 0.538928866386,
        "max": 7.39485025406,
        "mean": 1.58163225651,
        "median": 1.33112096786,
        "min": -0.0234042704105,
        "var": 0.834985852242
    },
    "spectral_spread": {
        "dmean": 617859.25,
        "dmean2": 923858,
        "dvar": 849071964160,
        "dvar2": 1.51894255206e+12,
        "max": 40835756,
        "mean": 5110299,
        "median": 5039625.5,
        "min": 837293.0625,
        "var": 4.7670624256e+12
    },
    "spectral_strongpeak": {
        "dmean": 0.563252985477,
        "dmean2": 0.931037664413,
        "dvar": 1.45444405079,
        "dvar2": 3.75806331635,
        "max": 13.0706281662,
        "mean": 1.07746124268,
        "median": 0.425495624542,
        "min": 0,
        "var": 2.41921615601
    },
    "zerocrossingrate": {
        "dmean": 0.0167407207191,
        "dmean2": 0.0176927559078,
        "dvar": 0.000435552821727,
        "dvar2": 0.000511860533152,
        "max": 0.6728515625,
        "mean": 0.0875646173954,
        "median": 0.072265625,
        "min": 0,
        "var": 0.00364497140981
    },
    "barkbands": {
        "dmean": [8.61809094204e-05, 0.00170516723301, 0.0023013590835, 0.00124476815108, 0.00087038410129, 0.000403426965931, 0.0004978091456, 0.000585209985729, 0.000794720312115, 0.000276517937891, 0.000133403606014, 0.000472916668514, 0.000266877905233, 0.00029780503246, 0.000304708373733, 0.000320003833622, 0.000265478185611, 0.000237925516558, 0.000198885973077, 0.000189953439985, 0.000187450321391, 0.00015833703219, 0.000173256150447, 0.000191907718545, 0.000109249987872, 5.99732411501e-05, 8.4758594312e-06],
        "dmean2": [0.000134774047183, 0.00209883833304, 0.00383469951339, 0.00235226703808, 0.00162125204224, 0.000703689875081, 0.000780571484938, 0.000923718384001, 0.0012199212797, 0.000469114660518, 0.000223078794079, 0.000648971821647, 0.000426545593655, 0.00047454223386, 0.000496398017276, 0.000509636942297, 0.000457032263512, 0.000389954919228, 0.000308917806251, 0.000308572110953, 0.000299538398394, 0.000257261330262, 0.000281622691546, 0.000312764226692, 0.00017755337467, 0.000100188859506, 1.39042613228e-05],
        "dvar": [3.32780842882e-08, 1.05342933239e-05, 5.07446893607e-05, 1.8983564587e-05, 1.21180510178e-05, 1.36036032927e-06, 1.38648988468e-06, 2.86193380816e-06, 3.9117758206e-06, 1.62316052865e-06, 2.37927636704e-07, 4.40150733994e-06, 6.14830184986e-07, 8.18690011783e-07, 2.16378521145e-06, 1.02486581e-06, 9.88123588286e-07, 5.84002975756e-07, 2.70104891342e-07, 2.28239002809e-07, 1.84647916512e-07, 1.18269575466e-07, 1.40627463452e-07, 2.15661401626e-07, 6.26434442097e-08, 2.12390727228e-08, 4.67278105099e-10],
        "dvar2": [8.09114766298e-08, 1.56651076395e-05, 0.000127541265101, 5.43547394045e-05, 3.50015034201e-05, 3.79788571081e-06, 3.12855127049e-06, 5.15364172315e-06, 7.1213917181e-06, 4.4005696509e-06, 5.94883942995e-07, 7.18891442375e-06, 1.46481249885e-06, 1.90246771581e-06, 6.50877336739e-06, 2.51132701123e-06, 2.78414904642e-06, 1.47272828599e-06, 5.40547148375e-07, 5.62877971788e-07, 4.62576480231e-07, 2.95634521308e-07, 3.45767602994e-07, 5.57412022317e-07, 1.58165462949e-07, 5.55939756453e-08, 1.14307829868e-09],
        "max": [0.00325135630555, 0.0284593738616, 0.0504567548633, 0.0361954718828, 0.0378754362464, 0.0118570365012, 0.018095176667, 0.0245873276144, 0.0286336131394, 0.0355029702187, 0.020056815818, 0.0636747255921, 0.014379193075, 0.0221925955266, 0.0260014720261, 0.0231779124588, 0.0198616217822, 0.0139244487509, 0.00987175107002, 0.00753038935363, 0.00839916151017, 0.00906873773783, 0.00378100108355, 0.00483157299459, 0.00347349699587, 0.00238337926567, 0.000819244654849],
        "mean": [0.000157978603966, 0.00310120009817, 0.00179313507397, 0.000774660962634, 0.000645646010526, 0.000449627492344, 0.000675334129483, 0.00102406239603, 0.00144392170478, 0.000326092063915, 0.000162854819791, 0.000698214338627, 0.000356737524271, 0.00042893178761, 0.000368956592865, 0.000451429514214, 0.000306631613057, 0.000324506341713, 0.000317619415, 0.000322790612699, 0.000324486201862, 0.000270310294582, 0.000268836476607, 0.000297673337627, 0.000183783660759, 9.47431035456e-05, 1.32687755467e-05],
        "median": [3.78162658308e-05, 0.000818654894829, 6.03916123509e-05, 3.78932454623e-05, 0.000113847912871, 0.000130530272145, 8.87794885784e-05, 3.81275640393e-05, 0.000164858472999, 6.12527364865e-05, 3.79943012376e-05, 4.92097751703e-05, 5.15140673087e-05, 4.93635598104e-05, 3.26010995195e-05, 4.96977736475e-05, 3.37818346452e-05, 3.94003654947e-05, 5.35452491022e-05, 5.07331278641e-05, 4.53868706245e-05, 4.50152692792e-05, 4.17442206526e-05, 3.52661954821e-05, 2.3017229978e-05, 9.79530705081e-06, 9.34730337576e-07],
        "min": [9.72493208916e-24, 4.77815337989e-24, 3.10684328102e-24, 8.41888608587e-24, 2.99315915546e-23, 3.49839805953e-23, 9.46267843666e-24, 3.07785883531e-23, 4.93669122933e-23, 3.36319329572e-23, 5.49623121604e-23, 7.69897825019e-23, 9.59089894156e-23, 4.06635992526e-23, 1.04165649412e-22, 1.15725856931e-22, 1.32521412422e-22, 1.57527596298e-22, 1.68428858837e-22, 2.17757770122e-22, 4.2200698513e-22, 4.5664126053e-22, 5.26906275183e-22, 7.76107056489e-22, 1.07978483011e-21, 1.3661491642e-21, 2.25702409756e-21],
        "var": [7.29791622689e-08, 2.74767771771e-05, 3.99144955736e-05, 1.07399564513e-05, 6.88509589963e-06, 1.12809311759e-06, 2.59336934505e-06, 7.81887320045e-06, 1.02921439975e-05, 1.4624005189e-06, 2.67473325266e-07, 8.45042723085e-06, 9.2850063993e-07, 1.19693413581e-06, 2.24043333219e-06, 1.36855044275e-06, 1.0019077763e-06, 7.69492430663e-07, 5.56076429348e-07, 4.32995591382e-07, 3.97568499011e-07, 2.3443169539e-07, 2.34442921965e-07, 3.26553447394e-07, 1.17104910657e-07, 3.69142831858e-08, 9.74863301195e-10]
    },
    "erbbands": {
        "dmean": [0.0502185113728, 0.413850665092, 2.14196133614, 3.80858206749, 3.22077655792, 2.83501267433, 2.72917342186, 3.69019794464, 6.79469919205, 7.6952214241, 11.8936214447, 13.8319911957, 15.8325538635, 7.53945827484, 12.053229332, 12.5808773041, 11.4257116318, 14.455573082, 13.5859298706, 15.2604808807, 20.1567592621, 13.738494873, 12.8608646393, 10.4166526794, 9.19355964661, 9.7468547821, 7.54106473923, 6.44090032578, 6.05032682419, 4.96480321884, 5.22001123428, 3.89607000351, 3.10700321198, 1.35921144485, 0.809402763844, 0.319131165743, 0.100778050721, 0.0189169794321, 0.0012168569956, 2.72747129202e-05],
        "dmean2": [0.0620565228164, 0.52239304781, 3.30182218552, 6.89361715317, 5.99840784073, 5.30744791031, 5.0550775528, 6.27518701553, 10.7068777084, 12.2646169662, 18.7120857239, 21.5910873413, 24.2128448486, 12.3720989227, 16.9985427856, 18.105134964, 18.0249042511, 23.4139690399, 21.0886383057, 25.7315597534, 31.5650558472, 23.4688739777, 21.0862560272, 16.3864459991, 14.3796834946, 15.9142026901, 12.44257164, 10.0206508636, 9.96714687347, 8.08512020111, 8.45167255402, 6.24695587158, 5.11415243149, 2.17406272888, 1.35992062092, 0.532154023647, 0.169358447194, 0.0312653370202, 0.0019621537067, 4.33152417827e-05],
        "dvar": [0.00858319737017, 0.729717314243, 36.2736701965, 166.285919189, 124.787536621, 149.005584717, 125.435249329, 88.4960174561, 261.579864502, 375.231140137, 1011.86853027, 1144.5435791, 2386.90966797, 751.094421387, 2268.30810547, 2104.60668945, 1063.37353516, 2894.00683594, 2234.90283203, 8875.82128906, 3761.29272461, 2120.27392578, 1623.99609375, 712.99432373, 473.356964111, 717.006958008, 393.442901611, 228.33241272, 184.579330444, 98.1339569092, 136.834915161, 78.4558181763, 57.1913375854, 8.73473548889, 4.35119152069, 0.593284368515, 0.0589786805212, 0.00203596754, 9.14113570616e-06, 3.23100612931e-09],
        "dvar2": [0.0132356919348, 1.05698478222, 84.3016586304, 459.856903076, 352.631134033, 433.91595459, 365.946350098, 235.373123169, 596.474304199, 798.142028809, 1881.75646973, 2294.46899414, 5140.45166016, 1813.48449707, 3970.47753906, 3525.77050781, 2426.48071289, 6895.16259766, 4832.53613281, 29345.9121094, 8767.77636719, 5859.69091797, 4153.98095703, 1633.08935547, 954.227233887, 1761.54260254, 1081.63562012, 510.193389893, 469.820953369, 247.154205322, 329.114532471, 194.342941284, 149.715606689, 21.5811576843, 11.5720329285, 1.55692589283, 0.154634281993, 0.00499145593494, 2.22678227146e-05, 7.91283571999e-09],
        "max": [0.741171658039, 7.83951997757, 41.963886261, 91.1148910522, 112.57006073, 135.538864136, 118.965545654, 147.610824585, 240.949188232, 456.975463867, 445.715789795, 688.951293945, 1049.80932617, 856.534606934, 1352.65917969, 1372.99597168, 695.053955078, 1403.12133789, 1650.41540527, 1913.30029297, 1238.04931641, 919.004333496, 905.053039551, 530.480224609, 458.459838867, 435.527679443, 341.142028809, 446.442443848, 370.567443848, 122.801391602, 112.65776825, 95.3767471313, 79.760887146, 45.127658844, 25.6040802002, 11.3947076797, 4.89303874969, 1.58990216255, 0.107197634876, 0.00166538299527],
        "mean": [0.0950350537896, 0.671591639519, 1.95693027973, 2.59482979774, 2.27050638199, 2.07318639755, 2.15017747879, 4.57073497772, 9.15324211121, 13.4567222595, 21.1803436279, 24.7954387665, 27.1507606506, 10.1869630814, 18.1352729797, 19.4688415527, 16.1029434204, 19.6936264038, 19.7057170868, 19.4324207306, 29.2695636749, 17.7533397675, 17.8923835754, 16.2486457825, 16.5580501556, 16.0782852173, 12.0466442108, 12.2303600311, 10.1612491608, 7.969851017, 8.10481643677, 6.46567106247, 4.47741127014, 2.2967915535, 1.2404229641, 0.495088249445, 0.158195003867, 0.0319758579135, 0.00196671742015, 5.92034557485e-05],
        "median": [0.0240232683718, 0.14311131835, 0.145140111446, 0.130199223757, 0.311485826969, 0.323110103607, 0.330283761024, 1.49100065231, 1.77991139889, 1.42374229431, 1.95949435234, 4.29825258255, 2.62463855743, 2.15533399582, 1.88356935978, 2.27790880203, 2.52146649361, 2.47354507446, 2.39651298523, 2.68697166443, 3.07999396324, 2.6933298111, 2.05611729622, 2.62852239609, 3.11436080933, 2.56609344482, 1.61311602592, 1.92126703262, 1.98357725143, 1.68716728687, 1.13589453697, 0.825791180134, 0.462598055601, 0.285313278437, 0.131517142057, 0.0484073087573, 0.0167925953865, 0.00355904409662, 0.000163803822943, 2.52776808338e-05],
        "min": [3.06948731717e-22, 7.42514658085e-22, 5.04290256546e-21, 1.52955889616e-20, 3.65235718736e-20, 8.16437927465e-20, 3.85817639662e-19, 1.40723778593e-19, 1.07579174898e-19, 6.39449542691e-19, 5.75196841045e-19, 1.39080514513e-18, 1.06921448697e-18, 1.86329505372e-18, 2.83905136636e-18, 3.21702389584e-18, 4.41213796038e-18, 2.20412882806e-18, 3.40876911812e-18, 4.89796884468e-18, 7.91834605952e-18, 7.35662342197e-18, 8.41476113335e-18, 8.37813936609e-18, 8.31773119314e-18, 1.01258735659e-17, 1.22950612509e-17, 2.060963675e-17, 1.78855059998e-17, 1.49508875621e-17, 1.48170414672e-17, 1.45621871205e-17, 1.2530182377e-17, 1.03554285936e-17, 8.39829941198e-18, 5.11373146284e-18, 2.83797892669e-18, 1.17618972308e-18, 3.19164770071e-19, 3.35750671931e-20],
        "var": [0.0225756708533, 1.7085647583, 35.1331481934, 104.137001038, 74.3829269409, 82.7721786499, 72.6449508667, 93.4342575073, 445.584991455, 899.112915039, 2687.87036133, 2832.66064453, 4604.44873047, 1089.41113281, 4246.87060547, 4324.82861328, 1789.42028809, 3737.87768555, 3355.50463867, 8014.70507812, 5736.33447266, 2364.2890625, 2120.48730469, 1360.64587402, 1086.72265625, 1309.05871582, 686.227111816, 546.501586914, 341.398834229, 175.777832031, 224.111740112, 142.823577881, 77.0591049194, 17.6638526917, 6.13872480392, 0.966012656689, 0.105968460441, 0.00476854806766, 2.11332207982e-05, 8.87861872911e-09]
    },
    "gfcc": {
        "mean": [-77.1974639893, 47.5150222778, -122.434272766, 23.67370224, -60.9912528992, 13.3036651611, -30.8375682831, 14.6664962769, -16.8342247009, 9.23621845245, -15.3688402176, 3.22155380249, -11.9397659302],
        "cov": [[27770.1230469, -1767.58691406, 2756.29272461, 1305.77233887, -61.9651489258, 1570.89111328, -688.807434082, 696.022827148, -269.943786621, 379.846496582, -396.485046387, 197.628250122, -609.159973145], [-1767.58691406, 3704.15380859, 575.221679688, -267.729064941, 350.679229736, -322.892822266, 161.991149902, -314.503570557, 12.1097021103, -238.105178833, 39.7080612183, -268.327514648, 25.2810325623], [2756.29272461, 575.221679688, 2284.52734375, 968.88861084, 652.400878906, 636.67376709, 27.8263549805, 114.094055176, -32.860622406, 19.1430511475, -13.5515232086, -11.1476249695, -148.318817139], [1305.77233887, -267.729064941, 968.88861084, 1152.76171875, 474.806030273, 409.362945557, 159.057678223, 170.758239746, 95.40650177, 76.034614563, 61.796497345, 39.6180915833, -37.7324028015], [-61.9651489258, 350.679229736, 652.400878906, 474.806030273, 566.796386719, 283.305328369, 157.727279663, 35.7634429932, 59.1690139771, 5.0415058136, 29.6344642639, 4.70599794388, -2.49303746223], [1570.89111328, -322.892822266, 636.67376709, 409.362945557, 283.305328369, 510.832794189, 62.0581283569, 151.97442627, 19.4159908295, 65.2918930054, 6.35431003571, 63.2629089355, -13.1335039139], [-688.807434082, 161.991149902, 27.8263549805, 159.057678223, 157.727279663, 62.0581283569, 268.901031494, 111.681480408, 99.1125411987, 3.75575065613, 49.8553848267, -4.28930902481, 61.5679206848], [696.022827148, -314.503570557, 114.094055176, 170.758239746, 35.7634429932, 151.97442627, 111.681480408, 240.835144043, 112.992614746, 81.4694824219, 22.0729312897, 43.5778846741, 17.3585395813], [-269.943786621, 12.1097021103, -32.860622406, 95.40650177, 59.1690139771, 19.4159908295, 99.1125411987, 112.992614746, 212.655090332, 92.3807449341, 60.4624862671, -1.54634535313, 26.0183887482], [379.846496582, -238.105178833, 19.1430511475, 76.034614563, 5.0415058136, 65.2918930054, 3.75575065613, 81.4694824219, 92.3807449341, 193.755050659, 118.880111694, 63.9246292114, -23.9626846313], [-396.485046387, 39.7080612183, -13.5515232086, 61.796497345, 29.6344642639, 6.35431003571, 49.8553848267, 22.0729312897, 60.4624862671, 118.880111694, 200.693283081, 82.3042221069, 5.11013746262], [197.628250122, -268.327514648, -11.1476249695, 39.6180915833, 4.70599794388, 63.2629089355, -4.28930902481, 43.5778846741, -1.54634535313, 63.9246292114, 82.3042221069, 149.268798828, 38.492816925], [-609.159973145, 25.2810325623, -148.318817139, -37.7324028015, -2.49303746223, -13.1335039139, 61.5679206848, 17.3585395813, 26.0183887482, -23.9626846313, 5.11013746262, 38.492816925, 124.939842224]],
        "icov": [[6.93343245075e-05, -5.26618605363e-05, -2.37041490436e-06, -7.30816245778e-05, 0.00015209922276, -0.000189295024029, 0.000140710748383, -0.000183611278771, 8.50715005072e-05, -0.000150872860104, 0.000272009870969, -0.000186417659279, 0.000262782035861], [-5.26618605363e-05, 0.000667752872687, -0.000433862325735, 0.000510436657351, -0.000541879038792, 0.000672978756484, -0.000372949638404, 0.000562882283702, -0.000334150303388, 0.000692315516062, -0.00109237502329, 0.00113967095967, -0.000691336928867], [-2.37041490436e-06, -0.000433862325735, 0.00136839970946, -0.000746807840187, -0.000440326955868, -0.00100400147494, 0.000870059535373, -0.000713516958058, 0.000551636447199, 4.65917291876e-05, 0.000222915055929, -0.000192351420992, 0.000975412956905], [-7.30816245778e-05, 0.000510436657351, -0.000746807840187, 0.00218662898988, -0.00119567627553, 0.000332588824676, -0.000589535455219, -4.50237712357e-05, -0.000504938012455, 0.00059565785341, -0.00114201405086, 0.000727096979972, -0.000335820601322], [0.00015209922276, -0.000541879038792, -0.000440326955868, -0.00119567627553, 0.00543301878497, -0.00243543530814, -0.00245739566162, 0.00269881030545, -0.00140404282138, -0.000457160815131, 0.00185225449968, -0.00209770980291, 0.00143103580922], [-0.000189295024029, 0.000672978756484, -0.00100400147494, 0.000332588824676, -0.00243543530814, 0.00580545328557, -6.33176750853e-05, -0.00186270754784, 0.00118429516442, -0.000618892780039, -0.000392693880713, 0.000406581501011, -0.00177340127993], [0.000140710748383, -0.000372949638404, 0.000870059535373, -0.000589535455219, -0.00245739566162, -6.33176750853e-05, 0.00974857341498, -0.0059958640486, 0.000189829006558, 0.00257851253264, -0.00358505034819, 0.00308560323901, -0.00275922240689], [-0.000183611278771, 0.000562882283702, -0.000713516958058, -4.50237712357e-05, 0.00269881030545, -0.00186270754784, -0.0059958640486, 0.0125356335193, -0.00495897745714, -0.00192554248497, 0.00312609854154, -0.00303793558851, 0.000672792142723], [8.50715005072e-05, -0.000334150303388, 0.000551636447199, -0.000504938012455, -0.00140404282138, 0.00118429516442, 0.000189829006558, -0.00495897745714, 0.0106455152854, -0.00494525115937, -0.000637558230665, 0.00370891857892, -0.00260531133972], [-0.000150872860104, 0.000692315516062, 4.65917291876e-05, 0.00059565785341, -0.000457160815131, -0.000618892780039, 0.00257851253264, -0.00192554248497, -0.00494525115937, 0.0148846134543, -0.00819489266723, -0.000379853678169, 0.00261903880164], [0.000272009870969, -0.00109237502329, 0.000222915055929, -0.00114201405086, 0.00185225449968, -0.000392693880713, -0.00358505034819, 0.00312609854154, -0.000637558230665, -0.00819489266723, 0.0148104289547, -0.00843895599246, 0.0033502348233], [-0.000186417659279, 0.00113967095967, -0.000192351420992, 0.000727096979972, -0.00209770980291, 0.000406581501011, 0.00308560323901, -0.00303793558851, 0.00370891857892, -0.000379853678169, -0.00843895599246, 0.0165326595306, -0.00783946178854], [0.000262782035861, -0.000691336928867, 0.000975412956905, -0.000335820601322, 0.00143103580922, -0.00177340127993, -0.00275922240689, 0.000672792142723, -0.00260531133972, 0.00261903880164, 0.0033502348233, -0.00783946178854, 0.0149129396304]]
    },
    "melbands": {
        "dmean": [0.000460452632979, 0.000843246525619, 0.000625532586128, 0.000211307167774, 0.000101208301203, 8.10815472505e-05, 0.000104274331534, 0.000101530233223, 9.19366502785e-05, 0.000101437413832, 8.03032744443e-05, 3.14287062793e-05, 2.92274562526e-05, 6.22758307145e-05, 2.3130525733e-05, 2.62460507656e-05, 2.72514225799e-05, 2.30237765209e-05, 2.12326976907e-05, 1.99966034415e-05, 2.39757137024e-05, 1.50340065375e-05, 1.32241502797e-05, 1.28378278532e-05, 8.4832236098e-06, 7.92935134086e-06, 7.54358552513e-06, 6.16040688328e-06, 5.61461229154e-06, 4.19427988163e-06, 4.10200618717e-06, 3.70339057554e-06, 3.25423184222e-06, 2.92295590043e-06, 3.34648370881e-06, 2.57820761362e-06, 2.46396530201e-06, 2.46642889579e-06, 1.58508214554e-06, 1.09447455543e-06],
        "dmean2": [0.000543122761883, 0.0011724884389, 0.00111069926061, 0.000393437192542, 0.000188059013453, 0.000139050272992, 0.000163691438502, 0.000160450552357, 0.000145168640302, 0.000157560032676, 0.00012281902309, 5.21195324836e-05, 4.38906427007e-05, 8.48088384373e-05, 3.7716832594e-05, 4.20667638537e-05, 4.4364031055e-05, 3.58085853804e-05, 3.46063061443e-05, 3.36349876306e-05, 3.76641219191e-05, 2.59825046669e-05, 2.22781618504e-05, 2.08260025829e-05, 1.35200943987e-05, 1.21702778415e-05, 1.22128176372e-05, 1.01419955172e-05, 9.52126538323e-06, 6.68845586915e-06, 6.48583591101e-06, 6.06225103184e-06, 5.46132469026e-06, 4.83872599943e-06, 5.50279492018e-06, 4.14171199736e-06, 3.98681959268e-06, 4.07331253882e-06, 2.61773038801e-06, 1.74784611318e-06],
        "dvar": [6.58927206132e-07, 4.52932135886e-06, 4.14574924434e-06, 6.59896784327e-07, 1.80656101634e-07, 4.49072601327e-08, 6.06067516173e-08, 6.65201511652e-08, 5.31188781849e-08, 6.24336635724e-08, 6.36891783756e-08, 1.48600118877e-08, 1.00481418741e-08, 8.01832769071e-08, 4.22182111492e-09, 7.80771536313e-09, 9.83044134983e-09, 5.8183973195e-09, 8.70645955331e-09, 8.88000695198e-09, 5.32696997624e-09, 3.19387849501e-09, 1.87597626322e-09, 2.4093087525e-09, 4.85398166106e-10, 5.30546884203e-10, 3.23547244552e-10, 2.65765826013e-10, 3.14301473736e-10, 1.00721181395e-10, 1.04033642812e-10, 7.06841946085e-11, 6.27852769775e-11, 3.42704753464e-11, 5.65563984534e-11, 3.33029021027e-11, 3.22089126203e-11, 3.62258868736e-11, 1.31664618444e-11, 5.39383772022e-12],
        "dvar2": [9.89675982055e-07, 9.81032098935e-06, 1.12533807624e-05, 1.89173783838e-06, 5.27010968199e-07, 1.21517317098e-07, 1.37732470762e-07, 1.29838284124e-07, 1.03709012933e-07, 1.18330461873e-07, 1.38286182505e-07, 3.62919365671e-08, 2.02440944008e-08, 1.3017506717e-07, 1.01381658624e-08, 1.86753847942e-08, 2.35650592373e-08, 1.2702660257e-08, 2.63711719128e-08, 2.80716516698e-08, 1.21610685966e-08, 9.03667185526e-09, 4.93135665636e-09, 5.91826099239e-09, 1.12856268775e-09, 1.03350983327e-09, 7.91272769529e-10, 6.52901566145e-10, 8.98583152331e-10, 2.2721259596e-10, 2.37755259924e-10, 1.7204314362e-10, 1.74300351929e-10, 8.81373238282e-11, 1.38672962002e-10, 8.22399301437e-11, 7.8621345545e-11, 9.46084807718e-11, 3.44237659211e-11, 1.31733365535e-11],
        "max": [0.00705885747448, 0.015526663512, 0.0146154360846, 0.00883026141673, 0.00444912910461, 0.00290982751176, 0.0037284148857, 0.00413231970742, 0.00291863759048, 0.00372635596432, 0.00555939693004, 0.00377085967921, 0.00237743696198, 0.00871984753758, 0.0014087887248, 0.00220717559569, 0.00278708920814, 0.00262934155762, 0.0016972302692, 0.00168098218273, 0.00140239507891, 0.00109797203913, 0.00120270636398, 0.000956879172008, 0.000474416825455, 0.000534135324415, 0.000300797866657, 0.000252787605859, 0.0003199231287, 0.000216805376112, 0.000282564258669, 0.000176947563887, 0.000238596257987, 7.00338496245e-05, 8.14258892206e-05, 5.34621140105e-05, 7.94553998276e-05, 6.46896733087e-05, 3.41198901879e-05, 4.06635335821e-05],
        "mean": [0.00084435910685, 0.00100166758057, 0.000446977006504, 0.000154570880113, 7.7762590081e-05, 9.72124398686e-05, 0.000141652184539, 0.000183305703104, 0.000158759416081, 0.000182370029506, 0.000135839858558, 3.90930727008e-05, 4.22245029768e-05, 9.22721883398e-05, 2.95145982818e-05, 3.59486475645e-05, 3.63832295989e-05, 3.30818802468e-05, 2.65575363301e-05, 2.50695611612e-05, 3.4375127143e-05, 1.71586161741e-05, 1.66161462403e-05, 1.66971512954e-05, 1.24424122987e-05, 1.26602299133e-05, 1.27992025227e-05, 9.41405414778e-06, 7.71534359956e-06, 6.83801818013e-06, 7.23600669517e-06, 5.85200359637e-06, 4.81805409436e-06, 4.34366211266e-06, 4.81520328321e-06, 4.1654980123e-06, 3.88162607123e-06, 3.35022264153e-06, 2.36153164224e-06, 1.79887501872e-06],
        "median": [0.000227729600738, 0.00014322437346, 3.04437526211e-05, 2.66371353064e-05, 1.1064697901e-05, 3.01613654301e-05, 2.50741613854e-05, 1.34706679091e-05, 1.60574127221e-05, 2.21508344111e-05, 1.15991388157e-05, 7.06867649569e-06, 5.96042082179e-06, 5.75865578867e-06, 5.52161600353e-06, 4.49277558801e-06, 4.26135466114e-06, 3.55908036909e-06, 2.47063940151e-06, 3.1436725294e-06, 3.2665902836e-06, 2.03247736863e-06, 1.82828989637e-06, 1.76431422005e-06, 1.87506884686e-06, 1.93847358787e-06, 2.02296064344e-06, 1.23416384668e-06, 7.81773110248e-07, 1.02857131878e-06, 9.81866378424e-07, 8.69353698363e-07, 7.20232890217e-07, 7.47060767026e-07, 6.59984834783e-07, 4.01829538532e-07, 5.01663123487e-07, 2.68444409812e-07, 2.98756901884e-07, 1.82510973445e-07],
        "min": [2.45710430732e-24, 2.43415082156e-24, 3.5083401524e-24, 2.83396465821e-24, 1.20947483457e-23, 3.93348924309e-24, 1.64065101979e-24, 8.33091152885e-24, 5.21149834095e-24, 8.00044507388e-24, 4.58548278126e-24, 6.04239843268e-24, 9.27963430766e-24, 7.21424262991e-24, 9.76802203838e-24, 8.43336957208e-24, 3.4705505596e-24, 4.4060283638e-24, 8.64478508355e-24, 6.92127467807e-24, 9.78932759371e-24, 7.13197390383e-24, 8.50636997139e-24, 6.96530810494e-24, 6.11584414397e-24, 5.25064477452e-24, 7.30909132085e-24, 6.17182920798e-24, 6.71439906112e-24, 9.60170649374e-24, 1.22439669079e-23, 9.6464988048e-24, 8.73296316667e-24, 7.81293835874e-24, 7.42586087862e-24, 9.64903499261e-24, 9.08442594349e-24, 7.85382659718e-24, 7.75221342398e-24, 8.75899320996e-24],
        "var": [1.84188490948e-06, 5.92554169998e-06, 2.73184241451e-06, 3.80227760388e-07, 1.03373871241e-07, 4.40492655684e-08, 1.04319489935e-07, 1.78115172389e-07, 1.30823607947e-07, 1.58949404749e-07, 1.20489232813e-07, 2.05134433884e-08, 1.67323026545e-08, 1.55187336759e-07, 6.12403061595e-09, 1.10940465703e-08, 1.22807692904e-08, 8.83796502649e-09, 9.73227631818e-09, 8.27280022264e-09, 8.34961255691e-09, 3.1213829299e-09, 2.08066985863e-09, 3.23701088156e-09, 8.32853175314e-10, 1.07787689885e-09, 5.88754656139e-10, 4.87316575981e-10, 4.23601792532e-10, 2.11663853111e-10, 2.17630316546e-10, 1.31917587964e-10, 8.43234718162e-11, 5.54824138022e-11, 8.3160700548e-11, 6.03758223972e-11, 5.60549766326e-11, 4.67559775619e-11, 2.05796664432e-11, 1.10026796701e-11]
    },
    "mfcc": {
        "mean": [-713.400085449, 84.3763961792, -1.97594225407, 12.1506052017, -3.03969025612, 2.47993063927, -1.2467455864, 4.00364637375, 2.93301343918, 6.26587104797, 4.23585891724, 2.22954583168, 1.88068568707],
        "cov": [[17968.9726562, -1550.51953125, 136.384262085, 159.925186157, 38.4767341614, 90.1546936035, -12.3298511505, 260.509765625, 83.6061096191, 380.061859131, 226.147186279, 382.078674316, 63.1158752441], [-1550.51953125, 3136.21289062, 90.1820755005, -39.2164726257, -27.4591445923, -49.1867599487, -35.1558113098, -88.8398590088, -93.8634719849, -94.9512634277, -18.2074871063, -58.6972427368, -107.593940735], [136.384262085, 90.1820755005, 1149.9387207, 487.057281494, 515.744018555, 345.861022949, 225.083953857, 194.560791016, 60.2216949463, 127.030319214, 108.937057495, 98.6233062744, 36.5557861328], [159.925186157, -39.2164726257, 487.057281494, 777.652038574, 367.029754639, 288.601959229, 207.899230957, 180.212188721, 91.7305603027, 101.425384521, 89.1516418457, 83.0639343262, 64.7486953735], [38.4767341614, -27.4591445923, 515.744018555, 367.029754639, 505.986206055, 341.214050293, 197.783981323, 157.338546753, 96.751083374, 63.4171447754, 76.5144424438, 54.894405365, 46.0358009338], [90.1546936035, -49.1867599487, 345.861022949, 288.601959229, 341.214050293, 338.335296631, 202.484786987, 133.657348633, 81.6885223389, 43.0716133118, 58.1281280518, 49.876739502, 45.4566383362], [-12.3298511505, -35.1558113098, 225.083953857, 207.899230957, 197.783981323, 202.484786987, 227.885864258, 144.642654419, 65.7824249268, 52.5592308044, 28.0730628967, 52.4170455933, 30.7611942291], [260.509765625, -88.8398590088, 194.560791016, 180.212188721, 157.338546753, 133.657348633, 144.642654419, 204.695465088, 114.293998718, 81.1687393188, 19.9841442108, 30.8799285889, 30.8925037384], [83.6061096191, -93.8634719849, 60.2216949463, 91.7305603027, 96.751083374, 81.6885223389, 65.7824249268, 114.293998718, 188.496307373, 99.4631881714, 20.9842567444, -12.5114459991, 22.368303299], [380.061859131, -94.9512634277, 127.030319214, 101.425384521, 63.4171447754, 43.0716133118, 52.5592308044, 81.1687393188, 99.4631881714, 168.279220581, 79.9210586548, 52.3811416626, 19.911277771], [226.147186279, -18.2074871063, 108.937057495, 89.1516418457, 76.5144424438, 58.1281280518, 28.0730628967, 19.9841442108, 20.9842567444, 79.9210586548, 169.353485107, 95.4558792114, 41.6776161194], [382.078674316, -58.6972427368, 98.6233062744, 83.0639343262, 54.894405365, 49.876739502, 52.4170455933, 30.8799285889, -12.5114459991, 52.3811416626, 95.4558792114, 171.060775757, 64.7746429443], [63.1158752441, -107.593940735, 36.5557861328, 64.7486953735, 46.0358009338, 45.4566383362, 30.7611942291, 30.8925037384, 22.368303299, 19.911277771, 41.6776161194, 64.7746429443, 142.305435181]],
