{
"lowlevel": {
    "average_loudness": 0.866133570671,
    "barkbands_crest": {
        "dmean": 3.97376799583,
        "dmean2": 5.97502231598,
        "dvar": 13.6544837952,
        "dvar2": 27.5603523254,
        "max": 26.8737316132,
        "mean": 12.1715803146,
        "median": 10.924451828,
        "min": 1.78775203228,
        "var": 39.0383529663
    },
    "barkbands_flatness_db": {
        "dmean": 0.0347069092095,
        "dmean2": 0.0474343523383,
        "dvar": 0.00111320498399,
        "dvar2": 0.00208759517409,
        "max": 0.491995930672,
        "mean": 0.107926420867,
        "median": 0.0883391425014,
        "min": 0.010417137295,
        "var": 0.00464787939563
    },
    "barkbands_kurtosis": {
        "dmean": 10.6297178268,
        "dmean2": 16.2560558319,
        "dvar": 1517.71179199,
        "dvar2": 3514.62597656,
        "max": 933.28137207,
        "mean": 11.1080303192,
        "median": 1.13074207306,
        "min": -1.96263122559,
        "var": 1966.93969727
    },
    "barkbands_skewness": {
        "dmean": 1.12721478939,
        "dmean2": 1.58439970016,
        "dvar": 2.15194797516,
        "dvar2": 4.19808530807,
        "max": 28.7722663879,
        "mean": 2.00415873528,
        "median": 1.37086737156,
        "min": -3.43330907822,
        "var": 6.18911075592
    },
    "barkbands_spread": {
        "dmean": 13.2803506851,
        "dmean2": 20.2101364136,
        "dvar": 217.397094727,
        "dvar2": 509.842498779,
        "max": 142.057357788,
        "mean": 35.0712280273,
        "median": 33.6995849609,
        "min": 0.327724814415,
        "var": 446.711669922
    },
    "dissonance": {
        "dmean": 0.0156740583479,
        "dmean2": 0.026798825711,
        "dvar": 0.000228415956371,
        "dvar2": 0.000613501644693,
        "max": 0.500000119209,
        "mean": 0.475613087416,
        "median": 0.480361640453,
        "min": 0.195493713021,
        "var": 0.000418756564613
    },
    "dynamic_complexity": 3.86374735832,
    "erbbands_crest": {
        "dmean": 2.07695865631,
        "dmean2": 3.3886475563,
        "dvar": 4.3240776062,
        "dvar2": 10.3855018616,
        "max": 25.2162952423,
        "mean": 6.67704296112,
        "median": 5.84579849243,
        "min": 2.0278699398,
        "var": 10.4856138229
    },
    "erbbands_flatness_db": {
        "dmean": 0.0170295275748,
        "dmean2": 0.0260653290898,
        "dvar": 0.000262808665866,
        "dvar2": 0.000604768400081,
        "max": 0.405523002148,
        "mean": 0.10190538317,
        "median": 0.0961231812835,
        "min": 0.0471213310957,
        "var": 0.00082858040696
    },
    "erbbands_kurtosis": {
        "dmean": 0.880155861378,
        "dmean2": 1.39402723312,
        "dvar": 1.46545231342,
        "dvar2": 3.28433346748,
        "max": 40.6246910095,
        "mean": 0.0937796160579,
        "median": -0.351762771606,
        "min": -1.78728830814,
        "var": 3.22609210014
    },
    "erbbands_skewness": {
        "dmean": 0.410353899002,
        "dmean2": 0.638749659061,
        "dvar": 0.187981158495,
        "dvar2": 0.445653557777,
        "max": 3.79517602921,
        "mean": 0.0776960104704,
        "median": 0.0349782034755,
        "min": -2.31476545334,
        "var": 0.423221021891
    },
    "erbbands_spread": {
        "dmean": 14.9318552017,
        "dmean2": 22.8772964478,
        "dvar": 220.279052734,
        "dvar2": 511.410705566,
        "max": 193.456619263,
        "mean": 54.5837211609,
        "median": 50.7705574036,
        "min": 2.33290839195,
        "var": 603.817932129
    },
    "hfc": {
        "dmean": 13.742146492,
        "dmean2": 21.9421634674,
        "dvar": 328.733337402,
        "dvar2": 847.96697998,
        "max": 159.321914673,
        "mean": 28.8310050964,
        "median": 22.8654594421,
        "min": 1.09624777509e-16,
        "var": 650.190979004
    },
    "melbands_crest": {
        "dmean": 4.99582672119,
        "dmean2": 7.71012544632,
        "dvar": 22.6962242126,
        "dvar2": 48.8144989014,
        "max": 39.9268760681,
        "mean": 17.3759613037,
        "median": 17.0287132263,
        "min": 1.59323751926,
        "var": 61.0634841919
    },
    "melbands_flatness_db": {
        "dmean": 0.0477945059538,
        "dmean2": 0.0652150139213,
        "dvar": 0.0020184032619,
        "dvar2": 0.00389438332058,
        "max": 0.562508583069,
        "mean": 0.180283293128,
        "median": 0.161853015423,
        "min": 0.0029036893975,
        "var": 0.00892721768469
    },
    "melbands_kurtosis": {
        "dmean": 27.4634227753,
        "dmean2": 41.6019287109,
        "dvar": 5101.52099609,
        "dvar2": 11558.5605469,
        "max": 1631.79846191,
        "mean": 37.2213668823,
        "median": 9.86943244934,
        "min": -1.80823969841,
        "var": 8270.54394531
    },
    "melbands_skewness": {
        "dmean": 1.59670782089,
        "dmean2": 2.33156824112,
        "dvar": 3.84525179863,
        "dvar2": 8.15338611603,
        "max": 33.6866340637,
        "mean": 3.91017341614,
        "median": 2.93126869202,
        "min": -1.78891348839,
        "var": 10.6039514542
    },
    "melbands_spread": {
        "dmean": 15.1734657288,
        "dmean2": 23.7316303253,
        "dvar": 417.549163818,
        "dvar2": 1026.35131836,
        "max": 248.026596069,
        "mean": 32.6634101868,
        "median": 26.7155418396,
        "min": 0.266739457846,
        "var": 963.55078125
    },
    "pitch_salience": {
        "dmean": 0.123992070556,
        "dmean2": 0.191536545753,
        "dvar": 0.0136531125754,
        "dvar2": 0.0290627293289,
        "max": 0.964281320572,
        "mean": 0.489122599363,
        "median": 0.508503079414,
        "min": 0.00599794881418,
        "var": 0.0339673385024
    },
    "silence_rate_20dB": {
        "dmean": 0,
        "dmean2": 0,
        "dvar": 0,
        "dvar2": 0,
        "max": 1,
        "mean": 1,
        "median": 1,
        "min": 1,
        "var": 0
    },
    "silence_rate_30dB": {
        "dmean": 0.0605216510594,
        "dmean2": 0.121058627963,
        "dvar": 0.0568583123386,
        "dvar2": 0.134763479233,
        "max": 1,
        "mean": 0.932776272297,
        "median": 1,
        "min": 0,
        "var": 0.062703885138
    },
    "silence_rate_60dB": {
        "dmean": 0.0270954668522,
        "dmean2": 0.0541977956891,
        "dvar": 0.0263596922159,
        "dvar2": 0.0558139532804,
        "max": 1,
        "mean": 0.096847705543,
        "median": 0,
        "min": 0,
        "var": 0.0874699652195
    },
    "spectral_centroid": {
        "dmean": 455.77532959,
        "dmean2": 690.29486084,
        "dvar": 232456.078125,
        "dvar2": 516546.1875,
        "max": 11602.8037109,
        "mean": 1875.89489746,
        "median": 1794.41357422,
        "min": 136.53352356,
        "var": 1129249
    },
    "spectral_complexity": {
        "dmean": 5.93694591522,
        "dmean2": 9.32505989075,
        "dvar": 48.2618103027,
        "dvar2": 104.168907166,
        "max": 63,
        "mean": 19.3952407837,
        "median": 17,
        "min": 0,
        "var": 184.650314331
    },
    "spectral_decrease": {
        "dmean": 4.75500838704e-09,
        "dmean2": 7.05124536537e-09,
        "dvar": 3.71493761415e-17,
        "dvar2": 7.51617068026e-17,
        "max": 1.29854201497e-28,
        "mean": -9.49576506315e-09,
        "median": -6.38766817218e-09,
        "min": -5.74902259132e-08,
        "var": 9.21971143238e-17
    },
    "spectral_energy": {
        "dmean": 0.0186253190041,
        "dmean2": 0.0277675390244,
        "dvar": 0.000544981856365,
        "dvar2": 0.00110981916077,
        "max": 0.221210554242,
        "mean": 0.038454208523,
        "median": 0.0267801713198,
        "min": 1.01042333256e-20,
        "var": 0.00139163387939
    },
    "spectral_energyband_high": {
        "dmean": 0.00119754031766,
        "dmean2": 0.00192154385149,
        "dvar": 2.51054984801e-06,
        "dvar2": 6.42945678919e-06,
        "max": 0.0142777254805,
        "mean": 0.00201305071823,
        "median": 0.00125472561922,
        "min": 7.31831083291e-21,
        "var": 4.29014744441e-06
    },
    "spectral_energyband_low": {
        "dmean": 0.0149824265391,
        "dmean2": 0.0228134952486,
        "dvar": 0.000560031097848,
        "dvar2": 0.00116458698176,
        "max": 0.195579856634,
        "mean": 0.0234019625932,
        "median": 0.0141213778406,
        "min": 2.24598781359e-23,
        "var": 0.0010212919442
    },
    "spectral_energyband_middle_high": {
        "dmean": 0.00206797407009,
        "dmean2": 0.0033099160064,
        "dvar": 9.24423966353e-06,
        "dvar2": 2.31054509641e-05,
        "max": 0.0358700491488,
        "mean": 0.00541603378952,
        "median": 0.00397574808449,
        "min": 1.25049897481e-21,
        "var": 3.07562731905e-05
    },
    "spectral_energyband_middle_low": {
        "dmean": 0.00714381737635,
        "dmean2": 0.0124536566436,
        "dvar": 0.000156731024617,
        "dvar2": 0.000424200610723,
        "max": 0.144878029823,
        "mean": 0.00891024526209,
        "median": 0.00506190489978,
        "min": 1.56354869366e-22,
        "var": 0.00014858081704
    },
    "spectral_entropy": {
        "dmean": 0.200821727514,
        "dmean2": 0.2990000844,
        "dvar": 0.0415429286659,
        "dvar2": 0.0847772434354,
        "max": 9.82204818726,
        "mean": 8.05689716339,
        "median": 8.10427093506,
        "min": 4.71004581451,
        "var": 0.15468159318
    },
    "spectral_flux": {
        "dmean": 0.0438784696162,
        "dmean2": 0.0645010396838,
        "dvar": 0.00200009671971,
        "dvar2": 0.00388583680615,
        "max": 0.435213029385,
        "mean": 0.112248674035,
        "median": 0.0967150405049,
        "min": 6.38520417096e-11,
        "var": 0.00570682901889
    },
    "spectral_kurtosis": {
        "dmean": 0.781692802906,
        "dmean2": 1.24598169327,
        "dvar": 1.02784955502,
        "dvar2": 2.18842840195,
        "max": 59.5198860168,
        "mean": 2.1704750061,
        "median": 1.87492609024,
        "min": -1.26407396793,
        "var": 4.55878734589
    },
    "spectral_rms": {
        "dmean": 0.00149010110181,
        "dmean2": 0.00221092603169,
        "dvar": 2.36479536397e-06,
        "dvar2": 4.68524103781e-06,
        "max": 0.0146906496957,
        "mean": 0.00538531923667,
        "median": 0.00511145731434,
        "min": 3.139711581e-12,
        "var": 8.51463028084e-06
    },
    "spectral_rolloff": {
        "dmean": 1350.25585938,
        "dmean2": 2223.8815918,
        "dvar": 3959543.75,
        "dvar2": 9302735,
        "max": 19293.75,
        "mean": 2611.2487793,
        "median": 1550.390625,
        "min": 21.533203125,
        "var": 10535587
    },
    "spectral_skewness": {
        "dmean": 0.190747097135,
        "dmean2": 0.293458431959,
        "dvar": 0.0399002805352,
        "dvar2": 0.0854418799281,
        "max": 6.79269075394,
        "mean": 1.25684559345,
        "median": 1.2366361618,
        "min": -0.0540000423789,
        "var": 0.166323259473
    },
    "spectral_spread": {
        "dmean": 810523.3125,
        "dmean2": 1237083.5,
        "dvar": 898089549824,
        "dvar2": 1.98694390989e+12,
        "max": 42016100,
        "mean": 7076265,
        "median": 6653302,
        "min": 1470481.875,
        "var": 8.63829439283e+12
    },
    "spectral_strongpeak": {
        "dmean": 0.404557913542,
        "dmean2": 0.729263246059,
        "dvar": 0.493637651205,
        "dvar2": 1.37290990353,
        "max": 7.12742519379,
        "mean": 0.508851766586,
        "median": 0.317325741053,
        "min": 0,
        "var": 0.420029729605
    },
    "zerocrossingrate": {
        "dmean": 0.0249639190733,
        "dmean2": 0.0290299486369,
        "dvar": 0.000621077022515,
        "dvar2": 0.000871697615366,
        "max": 0.61572265625,
        "mean": 0.100448891521,
        "median": 0.0849609375,
        "min": 0,
        "var": 0.00553044024855
    },
    "barkbands": {
        "dmean": [0.000927749788389, 0.0119190886617, 0.00464715762064, 0.0025683734566, 0.00259538623504, 0.00155850593001, 0.000863241904881, 0.000407906598412, 0.000536377599929, 0.000375050527509, 0.000450093415566, 0.000396568444557, 0.000366917578503, 0.000330022885464, 0.000338075158652, 0.000229270313866, 0.000378727039788, 0.000244600494625, 0.00022726644238, 0.000207292556297, 0.000232565304032, 0.000233282815316, 0.000213614999666, 0.000203791030799, 0.0001720165601, 0.000133723646286, 2.67148552666e-05],
        "dmean2": [0.00138787471224, 0.0183672662824, 0.00846074614674, 0.00459071155638, 0.00460182130337, 0.00267871306278, 0.00151125492994, 0.000694012618624, 0.000898581172805, 0.00061518989969, 0.000721506716218, 0.000617571757175, 0.000601546315011, 0.000514861254487, 0.000536595704034, 0.00035989790922, 0.00061229331186, 0.000411750836065, 0.000380909477826, 0.000344336178387, 0.000380420882721, 0.000377541786293, 0.00034247522126, 0.000329854316078, 0.000281452463241, 0.000228305128985, 4.45082914666e-05],
        "dvar": [4.01190027333e-06, 0.000394520204281, 0.000146338818013, 3.20470389852e-05, 4.29373540101e-05, 1.23478102978e-05, 4.28647808803e-06, 6.08575589922e-07, 1.05074559542e-06, 3.73878179971e-07, 5.82024426876e-07, 4.68544584464e-07, 2.86560492668e-07, 4.21973652465e-07, 3.79032826459e-07, 1.41082779237e-07, 4.2062583816e-07, 1.93397909243e-07, 1.66156752357e-07, 9.13715183515e-08, 1.17480503548e-07, 1.02897324439e-07, 8.55704627156e-08, 7.29148439405e-08, 5.30661132814e-08, 2.76941367616e-08, 2.27820295962e-09],
        "dvar2": [7.58650958232e-06, 0.000848675670568, 0.000409734493587, 9.19118974707e-05, 0.000120373151731, 3.11967742164e-05, 1.1854681361e-05, 1.47837658915e-06, 2.70867258223e-06, 8.65999254529e-07, 1.41761211125e-06, 1.08373023977e-06, 7.54069958475e-07, 1.08154870304e-06, 9.31991223752e-07, 3.49386027665e-07, 1.13036446692e-06, 5.05814341523e-07, 4.37350649918e-07, 2.47726717362e-07, 2.99639964396e-07, 2.6485622584e-07, 2.12269739563e-07, 1.84637386269e-07, 1.35490225261e-07, 7.27195654804e-08, 5.93612936584e-09],
        "max": [0.0246389415115, 0.184944808483, 0.127030819654, 0.083513520658, 0.0825887843966, 0.0482910126448, 0.0269497148693, 0.0132838785648, 0.0147700058296, 0.0112984851003, 0.0156967788935, 0.010994495824, 0.00966145843267, 0.0115972273052, 0.00793607346714, 0.00660949293524, 0.00937937945127, 0.00445277476683, 0.0050446735695, 0.00306527572684, 0.0039573633112, 0.00368051882833, 0.00283150025643, 0.00216673337854, 0.00224946951494, 0.00127537641674, 0.000402509089326],
        "mean": [0.00109729578253, 0.0176753532141, 0.00346741010435, 0.00222428026609, 0.00236719707027, 0.00161310692783, 0.00112203322351, 0.000529275857843, 0.000790181220509, 0.000587159825955, 0.000785862386692, 0.000751016836148, 0.000555233331397, 0.000570343749132, 0.000577240192797, 0.000368368113413, 0.000568455900066, 0.000354462943505, 0.000301706721075, 0.000323039275827, 0.000374913361156, 0.000379017816158, 0.000330090784701, 0.000302192464005, 0.000246021780185, 0.000163843957125, 2.91953747364e-05],
        "median": [0.000320525810821, 0.0105098290369, 0.000820639368612, 0.000425880803959, 0.000840935797896, 0.000636563170701, 0.000386445375625, 0.000155919144163, 0.000261142267846, 0.000209652454942, 0.000353287236067, 0.000259775348241, 0.000265313312411, 0.000137360431836, 0.000114274240332, 0.000131424865685, 0.000194634922082, 0.000118510630273, 0.000137616982101, 0.000212519342313, 0.000186620469321, 0.000189551516087, 0.000193252242752, 0.00017487705918, 0.000149071900523, 0.000111150802695, 1.22508336062e-05],
        "min": [1.23804303782e-24, 2.8470749348e-24, 9.28113787654e-25, 1.33668772743e-24, 1.01441785281e-23, 1.14688045723e-23, 9.13214571737e-24, 4.79993422391e-24, 2.62615329445e-23, 2.38693154049e-23, 1.86822173206e-23, 4.00487011096e-23, 3.41928793251e-23, 3.47556937157e-23, 4.90690668145e-23, 6.60102397182e-23, 5.75135198823e-23, 1.29118872322e-22, 1.28069624209e-22, 1.35720476896e-22, 2.97225320551e-22, 3.12258535537e-22, 4.16937474652e-22, 6.08917769503e-22, 7.81352161094e-22, 1.34415223855e-21, 1.95881498542e-21],
        "var": [6.19730553808e-06, 0.000682323705405, 9.21755272429e-05, 2.36847627093e-05, 3.01781346934e-05, 1.08316107799e-05, 4.83399435325e-06, 1.24785458411e-06, 2.07117591344e-06, 1.01793159502e-06, 1.44765931509e-06, 1.39200176363e-06, 5.73363195144e-07, 8.9060404207e-07, 9.88893702925e-07, 2.87348427719e-07, 6.37470350284e-07, 3.17302010444e-07, 2.12598848748e-07, 1.32541885023e-07, 2.406627857e-07, 2.39809082814e-07, 1.38667189731e-07, 1.12620661241e-07, 7.55131992491e-08, 2.96302289371e-08, 2.19080531494e-09]
    },
    "erbbands": {
        "dmean": [0.408067435026, 2.5930724144, 5.31589889526, 7.01088237762, 8.72762775421, 8.34167289734, 13.3076210022, 10.4588165283, 9.9991645813, 12.5285291672, 9.57564640045, 12.5819854736, 11.3983879089, 16.730512619, 10.717464447, 15.4961910248, 15.919880867, 18.9235458374, 12.5358886719, 14.6042709351, 15.2791614532, 21.2262802124, 13.0634918213, 14.3321352005, 8.69346618652, 9.64819812775, 9.09081935883, 9.8119726181, 8.60101699829, 7.64457368851, 5.95032119751, 4.86494731903, 3.05710625648, 1.95734715462, 1.27475690842, 0.792378604412, 0.177082598209, 0.0487182326615, 0.00351137970574, 6.98918738635e-05],
        "dmean2": [0.583504140377, 4.07304191589, 9.38621807098, 12.3783931732, 15.7478427887, 14.7744541168, 22.8106937408, 18.4288005829, 17.6236286163, 21.6895065308, 16.2106704712, 21.1063938141, 18.6618022919, 27.0693321228, 17.245967865, 24.5518608093, 25.7322273254, 29.7243309021, 20.361164093, 22.6121501923, 24.1616230011, 33.9484596252, 21.8838653564, 24.3680992126, 14.421333313, 16.0205478668, 14.952753067, 16.1630954742, 13.6124801636, 12.3268766403, 9.61248207092, 7.93868112564, 4.99106264114, 3.14493227005, 2.13827466965, 1.35896265507, 0.294186353683, 0.0816340073943, 0.005812486168, 0.000113174552098],
        "dvar": [0.539705336094, 21.0837001801, 167.718307495, 238.235549927, 491.26449585, 506.150878906, 877.114074707, 577.120483398, 535.333679199, 842.65234375, 347.577850342, 642.745666504, 403.452697754, 755.002380371, 317.039855957, 716.72479248, 554.791870117, 1228.04455566, 570.908813477, 684.733886719, 543.712585449, 1431.06225586, 523.37121582, 869.253295898, 205.635040283, 186.226455688, 157.940444946, 224.805541992, 140.541732788, 113.21749115, 68.1809997559, 44.7006950378, 16.211479187, 6.38504123688, 3.09192037582, 0.872250556946, 0.0854918137193, 0.00781523715705, 3.66077474609e-05, 9.99938709612e-09],
        "dvar2": [0.896945893764, 50.420463562, 457.686584473, 667.600402832, 1373.34997559, 1448.0579834, 2193.73608398, 1569.92126465, 1507.02697754, 2307.27612305, 878.241699219, 1658.54602051, 922.293518066, 1841.33984375, 764.094360352, 1733.52844238, 1431.94689941, 3190.54199219, 1447.11962891, 1635.53930664, 1354.96875, 3734.72998047, 1356.29675293, 2330.98120117, 535.139038086, 493.69821167, 408.295318604, 593.510803223, 347.373687744, 280.344848633, 173.670394897, 115.030433655, 40.6178245544, 15.8734016418, 8.10881328583, 2.36011910439, 0.225115969777, 0.0204433016479, 9.38874945859e-05, 2.59936250302e-08],
        "max": [9.18794250488, 43.261138916, 116.453659058, 133.714416504, 373.033905029, 296.550323486, 331.371032715, 369.449768066, 344.41394043, 350.853088379, 460.833953857, 452.981964111, 446.299591064, 555.960876465, 321.193115234, 397.066711426, 442.413024902, 627.749633789, 405.627593994, 475.165313721, 404.132232666, 561.163818359, 304.132446289, 395.95123291, 156.048553467, 135.997665405, 147.282592773, 156.227767944, 172.273834229, 90.6980895996, 90.1711883545, 57.2321166992, 36.0642089844, 25.0311851501, 17.3938179016, 7.42791652679, 2.21355724335, 0.680518388748, 0.0502232499421, 0.000827645417303],
        "mean": [0.651427268982, 3.3433110714, 4.50229930878, 6.24042415619, 7.4985499382, 7.80545568466, 12.7560548782, 10.7647733688, 12.4246034622, 16.8775787354, 14.3121461868, 17.9777832031, 18.5876331329, 29.2902069092, 20.9890613556, 29.2847499847, 28.8046264648, 33.6194419861, 23.8619632721, 26.152431488, 25.5990371704, 32.6530723572, 20.5702419281, 18.7656421661, 12.6916828156, 14.7117385864, 14.1534156799, 16.147605896, 14.0289850235, 11.1069135666, 9.35365200043, 7.30862617493, 4.4420542717, 2.95452547073, 1.59858465195, 0.879710912704, 0.246828377247, 0.0597477965057, 0.00394888501614, 0.000113715250336],
        "median": [0.274131566286, 1.86825275421, 1.38049972057, 1.44275569916, 2.02108025551, 2.893004179, 4.38005256653, 4.55277729034, 5.00090074539, 5.87691926956, 5.17464113235, 5.66461372375, 7.28392696381, 13.5133914948, 9.54954051971, 10.5960826874, 16.9655838013, 12.8121023178, 7.73339176178, 7.67158794403, 11.783446312, 11.5704193115, 8.44556617737, 7.93472290039, 7.3292798996, 9.11459732056, 8.22647476196, 7.81785964966, 6.81690835953, 5.94033622742, 5.54121780396, 4.3530626297, 2.57018780708, 1.83680069447, 0.910826683044, 0.546910464764, 0.124856106937, 0.0318035110831, 0.00174883543514, 7.73577048676e-05],
        "min": [5.63083549893e-23, 8.27228272373e-22, 2.41288887604e-21, 6.20365668472e-21, 1.69920023042e-20, 3.71057680843e-20, 5.00489410099e-20, 1.12914922827e-19, 1.24435493733e-19, 1.95415112463e-19, 2.54010183063e-19, 5.92881755746e-19, 5.83615678524e-19, 9.09293487793e-19, 1.37687935272e-18, 1.34808819413e-18, 2.00682288411e-18, 2.02832523734e-18, 3.49184245345e-18, 3.19910054633e-18, 4.34320320967e-18, 4.15741968486e-18, 6.87284477277e-18, 6.6966805313e-18, 7.64727566407e-18, 7.29673389126e-18, 1.04671931021e-17, 1.12880209675e-17, 1.14997734141e-17, 1.32325000761e-17, 1.11875871791e-17, 1.21265984746e-17, 1.14288592202e-17, 7.32778294273e-18, 5.90900689198e-18, 4.70250978825e-18, 2.54945295236e-18, 1.01306577718e-18, 2.4627118465e-19, 2.71275659033e-20],
        "var": [1.2543387413, 25.8792705536, 114.79876709, 171.417266846, 364.789733887, 337.725280762, 769.680969238, 446.550567627, 494.251495361, 1032.65222168, 779.285339355, 1162.27294922, 1125.51782227, 1896.72619629, 937.986755371, 1932.84094238, 1380.92919922, 2581.82128906, 1460.47644043, 1867.08251953, 1078.16638184, 2377.52124023, 1063.28027344, 1070.39013672, 263.923095703, 283.467010498, 271.27230835, 481.258850098, 368.921173096, 173.672149658, 111.830863953, 66.7392425537, 24.6895008087, 10.5833501816, 3.50771641731, 0.866115570068, 0.100236088037, 0.00786049384624, 3.66484673577e-05, 1.34606423785e-08]
    },
    "gfcc": {
        "mean": [16.0854320526, 43.5328559875, -87.1984024048, 34.1735191345, -51.8968772888, 28.1374664307, -33.1039543152, 14.351143837, -22.1154842377, 12.9215774536, -12.8511667252, 12.2362070084, -10.1758127213],
        "cov": [[19059.1132812, 1191.80493164, -1448.76757812, 516.707092285, -124.324897766, 264.585601807, -147.741470337, -43.2224998474, -160.822845459, -206.721740723, -406.157836914, -175.817214966, -260.782073975], [1191.80493164, 1115.66662598, 200.988113403, 93.4905929565, 185.309585571, 53.1682853699, 80.7260665894, -33.7406730652, 27.0044593811, -75.4787902832, -5.58963489532, -81.7860870361, -7.94025278091], [-1448.76757812, 200.988113403, 867.799072266, 236.253326416, 105.800209045, 28.3711585999, 105.966690063, 13.4311847687, -17.4477748871, 22.6743450165, 64.0119857788, -9.32867717743, -15.9395694733], [516.707092285, 93.4905929565, 236.253326416, 393.531921387, 40.416557312, 72.5102462769, 81.9083099365, -4.9369893074, 13.8516168594, -9.01202869415, 10.4193353653, -40.9138832092, -11.6450920105], [-124.324897766, 185.309585571, 105.800209045, 40.416557312, 391.045532227, 145.896194458, 53.5870285034, -10.5575990677, 37.9101142883, 13.3968849182, 23.2167282104, 22.8406124115, -1.32853209972], [264.585601807, 53.1682853699, 28.3711585999, 72.5102462769, 145.896194458, 187.698410034, 69.6575622559, 21.8851737976, 14.2246704102, 16.88580513, 12.6307764053, 10.7985725403, -2.91764497757], [-147.741470337, 80.7260665894, 105.966690063, 81.9083099365, 53.5870285034, 69.6575622559, 171.340103149, 34.3976745605, 24.1486568451, -21.4172611237, 8.3835811615, -29.8559932709, -9.87916851044], [-43.2224998474, -33.7406730652, 13.4311847687, -4.9369893074, -10.5575990677, 21.8851737976, 34.3976745605, 104.074645996, 38.6694488525, 25.9953651428, 6.01585054398, 7.73281431198, 6.77320337296], [-160.822845459, 27.0044593811, -17.4477748871, 13.8516168594, 37.9101142883, 14.2246704102, 24.1486568451, 38.6694488525, 90.66065979, 40.9035263062, 23.123626709, 2.72466468811, 13.2422580719], [-206.721740723, -75.4787902832, 22.6743450165, -9.01202869415, 13.3968849182, 16.88580513, -21.4172611237, 25.9953651428, 40.9035263062, 100.483230591, 54.7889709473, 47.1922607422, 13.6662921906], [-406.157836914, -5.58963489532, 64.0119857788, 10.4193353653, 23.2167282104, 12.6307764053, 8.3835811615, 6.01585054398, 23.123626709, 54.7889709473, 87.0965652466, 49.9250411987, 14.7415752411], [-175.817214966, -81.7860870361, -9.32867717743, -40.9138832092, 22.8406124115, 10.7985725403, -29.8559932709, 7.73281431198, 2.72466468811, 47.1922607422, 49.9250411987, 89.4702606201, 36.1517448425], [-260.782073975, -7.94025278091, -15.9395694733, -11.6450920105, -1.32853209972, -2.91764497757, -9.87916851044, 6.77320337296, 13.2422580719, 13.6662921906, 14.7415752411, 36.1517448425, 67.5779571533]],
        "icov": [[0.000120821001474, -0.000238839013036, 0.00031313119689, -0.000378236407414, 0.000103845646663, -8.61447988427e-05, 5.5707514548e-05, -0.000152066830196, 0.000298912753351, -0.000283769419184, 0.0006945549394, -0.000612653035205, 0.000643619219773], [-0.000238839013036, 0.00168363004923, -0.000857274455484, 0.000859540421516, -0.000702701508999, 5.88702960158e-06, 0.000100958393887, 0.000547415867914, -0.00118316186126, 0.00177211232949, -0.00239015859552, 0.00274281390011, -0.00190404802561], [0.00031313119689, -0.000857274455484, 0.0026472567115, -0.00200349860825, -0.000490265490953, 0.000991992186755, -0.000784862495493, -0.00124643009622, 0.002958008321, -0.00202630250715, 0.000629475282039, -0.000999600975774, 0.00165775814094], [-0.000378236407414, 0.000859540421516, -0.00200349860825, 0.00492458278313, 0.000310492294375, -0.00159937818535, -0.000475846376503, 0.00163599359803, -0.00218970770948, 0.00145614182111, -0.00282978196628, 0.00381425535306, -0.00256763771176], [0.000103845646663, -0.000702701508999, -0.000490265490953, 0.000310492294375, 0.00485835969448, -0.00383473862894, 0.000219050547457, 0.00207577482797, -0.00319099170156, 0.00105359766167, 0.00165853428189, -0.00336752692237, 0.00186189031228], [-8.61447988427e-05, 5.88702960158e-06, 0.000991992186755, -0.00159937818535, -0.00383473862894, 0.010571397841, -0.00375959370285, -0.00199849414639, 0.00350413424894, -0.00358302821405, 0.00087273248937, -0.000860872853082, -3.3546857594e-05], [5.5707514548e-05, 0.000100958393887, -0.000784862495493, -0.000475846376503, 0.000219050547457, -0.00375959370285, 0.0105331065133, -0.00300591927953, -0.00261551700532, 0.00572129432112, -0.00437043886632, 0.0035553695634, 4.96938446304e-05], [-0.000152066830196, 0.000547415867914, -0.00124643009622, 0.00163599359803, 0.00207577482797, -0.00199849414639, -0.00300591927953, 0.0145660247654, -0.00687914714217, -0.00170359481126, 0.00339161162265, -0.00242208642885, -0.000231014942983], [0.000298912753351, -0.00118316186126, 0.002958008321, -0.00218970770948, -0.00319099170156, 0.00350413424894, -0.00261551700532, -0.00687914714217, 0.0230051614344, -0.011018187739, -0.00182744127233, 0.00652948021889, -0.00364363682456], [-0.000283769419184, 0.00177211232949, -0.00202630250715, 0.00145614182111, 0.00105359766167, -0.00358302821405, 0.00572129432112, -0.00170359481126, -0.011018187739, 0.0256442818791, -0.0114786550403, -0.00349602708593, 0.00110654544551], [0.0006945549394, -0.00239015859552, 0.000629475282039, -0.00282978196628, 0.00165853428189, 0.00087273248937, -0.00437043886632, 0.00339161162265, -0.00182744127233, -0.0114786550403, 0.0311309173703, -0.0183631666005, 0.00686381710693], [-0.000612653035205, 0.00274281390011, -0.000999600975774, 0.00381425535306, -0.00336752692237, -0.000860872853082, 0.0035553695634, -0.00242208642885, 0.00652948021889, -0.00349602708593, -0.0183631666005, 0.0349212512374, -0.016209602356], [0.000643619219773, -0.00190404802561, 0.00165775814094, -0.00256763771176, 0.00186189031228, -3.3546857594e-05, 4.96938446304e-05, -0.000231014942983, -0.00364363682456, 0.00110654544551, 0.00686381710693, -0.016209602356, 0.0247363224626]]
    },
    "melbands": {
        "dmean": [0.00339340791106, 0.00284015480429, 0.00123614317272, 0.000618624850176, 0.00041826319648, 0.000247302552452, 0.000162215379532, 0.000124477097415, 8.47759220051e-05, 7.87337630754e-05, 5.67123533983e-05, 6.58415083308e-05, 4.4532607717e-05, 2.9390455893e-05, 5.72270218981e-05, 3.52343486156e-05, 3.92339243263e-05, 1.83713909792e-05, 3.0100098229e-05, 1.54718363774e-05, 1.88068752323e-05, 2.5224784622e-05, 1.40244110298e-05, 1.08212852865e-05, 1.25644201034e-05, 7.34738841857e-06, 6.30738850305e-06, 6.97468067301e-06, 5.81981612413e-06, 6.11717268839e-06, 5.91671641814e-06, 5.03447790834e-06, 4.71570820082e-06, 4.29838200944e-06, 3.53092536898e-06, 3.44130990015e-06, 2.85985152004e-06, 2.20052697841e-06, 1.99770988729e-06, 1.57489364483e-06],
        "dmean2": [0.00511342007667, 0.00465234555304, 0.00216722069308, 0.0011103489669, 0.00072045676643, 0.000431575172115, 0.000284165056655, 0.000213933948544, 0.000142180739203, 0.000132100467454, 9.29187226575e-05, 0.00010673206998, 7.18589362805e-05, 4.68923208246e-05, 9.06163622858e-05, 5.70518313907e-05, 6.16031175014e-05, 3.03799588437e-05, 4.71776183986e-05, 2.42808346229e-05, 3.0111605156e-05, 3.96980103687e-05, 2.42466958298e-05, 1.80084080057e-05, 2.15319723793e-05, 1.22709307107e-05, 1.07998412204e-05, 1.15517341328e-05, 9.64501396084e-06, 1.00004226624e-05, 9.93631874735e-06, 8.02015802037e-06, 7.70729820943e-06, 6.94610025676e-06, 5.72075532546e-06, 5.67014103581e-06, 4.6986920097e-06, 3.64072661796e-06, 3.23100243804e-06, 2.54295537161e-06],
        "dvar": [3.28716414515e-05, 3.37048804795e-05, 7.37894151825e-06, 2.7082012366e-06, 8.02781926268e-07, 3.18171686331e-07, 1.40307790275e-07, 7.56470370789e-08, 2.9808671087e-08, 2.50321559037e-08, 9.98983562539e-09, 1.13812372859e-08, 5.34258326468e-09, 2.5256183811e-09, 1.18221139545e-08, 3.219291278e-09, 6.27916074691e-09, 1.34661382045e-09, 3.19617643463e-09, 7.2743910895e-10, 8.15998879578e-10, 1.99824157221e-09, 7.83728582032e-10, 3.58556462299e-10, 7.24507454031e-10, 1.5738854664e-10, 1.12951883957e-10, 9.29272631067e-11, 6.32305596771e-11, 9.11636599543e-11, 8.53466464168e-11, 4.60934276858e-11, 4.68656329022e-11, 3.49493836649e-11, 2.33915456449e-11, 2.29892667403e-11, 1.61758158951e-11, 8.65917667431e-12, 6.61291334192e-12, 4.20176046734e-12],
        "dvar2": [6.36178447166e-05, 8.53053061292e-05, 2.04745210794e-05, 7.61873207011e-06, 2.06575919037e-06, 8.48547699661e-07, 3.91998725036e-07, 2.03246145247e-07, 7.31479019578e-08, 6.43326956151e-08, 2.27501875116e-08, 2.79399134939e-08, 1.33892408272e-08, 6.3208078771e-09, 2.82786150052e-08, 8.19719492284e-09, 1.62356101896e-08, 3.4814999772e-09, 7.56972085014e-09, 1.8186556705e-09, 2.08524286727e-09, 5.11332443054e-09, 2.1799251293e-09, 9.11434372419e-10, 1.95518490287e-09, 4.08921230211e-10, 3.10748621279e-10, 2.49012366282e-10, 1.67751534885e-10, 2.2645772757e-10, 2.31206387369e-10, 1.12199201319e-10, 1.22478818754e-10, 8.59151014221e-11, 5.96500487893e-11, 6.0449145689e-11, 4.20468902751e-11, 2.20227031056e-11, 1.61661170561e-11, 1.05378232182e-11],
        "max": [0.0584469847381, 0.044201746583, 0.0344769693911, 0.0207021608949, 0.00917120184749, 0.00870383065194, 0.00518586672843, 0.00325317587703, 0.00437475694343, 0.00279998779297, 0.00220297579654, 0.00206509977579, 0.00136272422969, 0.00093320972519, 0.00174891843926, 0.00110505265184, 0.00142705824692, 0.000622599793132, 0.000805188901722, 0.000380486511858, 0.000476128741866, 0.00067616609158, 0.000336078344844, 0.000222803515499, 0.000369393033907, 0.000173840322532, 0.000121342643979, 0.00010347168427, 7.27766164346e-05, 0.000117186900752, 0.000101844969322, 9.45022256928e-05, 6.86621569912e-05, 5.04356030433e-05, 5.32488338649e-05, 5.15224965056e-05, 3.71192290913e-05, 2.66654569714e-05, 2.39469281951e-05, 2.027564733e-05],
        "mean": [0.0053064096719, 0.00311330636032, 0.00112606561743, 0.000554227561224, 0.000409634696553, 0.00025788883795, 0.000210591242649, 0.000167819249327, 0.000124938989757, 0.000111674162326, 8.86505586095e-05, 0.000112012967293, 8.18493281258e-05, 5.52873316337e-05, 9.77507734206e-05, 5.34778446308e-05, 6.56057382002e-05, 3.14532262564e-05, 4.94498890475e-05, 2.55753548117e-05, 2.89947638521e-05, 3.83331935154e-05, 1.93570176634e-05, 1.60459694598e-05, 1.53834243974e-05, 9.90254829958e-06, 8.79382241692e-06, 1.01365985756e-05, 8.49399020808e-06, 9.54779989115e-06, 9.27643577597e-06, 7.91018283053e-06, 7.03677324054e-06, 5.90462559558e-06, 5.46049250261e-06, 5.05214438817e-06, 4.12750296164e-06, 3.01486034004e-06, 3.01567706629e-06, 2.31036756304e-06],
        "median": [0.00292347883806, 0.0013538452331, 0.000288675102638, 0.000175518958713, 0.000152316497406, 0.000107977626612, 8.09603079688e-05, 5.64088222745e-05, 4.2258794565e-05, 3.39771831932e-05, 3.11966105073e-05, 4.97108194395e-05, 3.76407369913e-05, 2.24537143367e-05, 2.81182146864e-05, 1.95057727979e-05, 1.82226285688e-05, 9.17501256481e-06, 9.69149095909e-06, 8.38013784232e-06, 1.34281635837e-05, 1.10228820631e-05, 7.63398747949e-06, 5.66579456063e-06, 5.56478335056e-06, 5.04129184264e-06, 4.50102743343e-06, 6.40924827167e-06, 5.63059211345e-06, 4.43376620751e-06, 4.33354034612e-06, 3.76533375857e-06, 3.51330322701e-06, 3.18552793033e-06, 3.15697980113e-06, 2.98819668387e-06, 2.41223415287e-06, 1.63145841725e-06, 1.92714014702e-06, 1.3943013073e-06],
        "min": [8.00983626574e-25, 2.47400604665e-24, 1.27540122232e-24, 1.52847766147e-24, 1.41876535196e-24, 2.89641207075e-24, 1.85127017616e-24, 1.90612933845e-24, 2.23467353661e-24, 3.47816819493e-24, 2.04144166345e-24, 3.15426525991e-24, 3.65614980908e-24, 3.91480862243e-24, 2.89957993893e-24, 3.85055314068e-24, 3.09470172561e-24, 4.79249447672e-24, 4.14381178777e-24, 4.99195480116e-24, 4.40449955137e-24, 3.71575890009e-24, 5.38056661573e-24, 5.5416756784e-24, 4.74055942459e-24, 4.29549711807e-24, 4.39770627569e-24, 4.77278242042e-24, 5.06504315846e-24, 5.15494766367e-24, 5.26273485675e-24, 5.81970694344e-24, 6.2537098145e-24, 6.04522689345e-24, 5.29806123138e-24, 6.01957077023e-24, 6.56369704594e-24, 6.85203951186e-24, 5.8294840855e-24, 5.63475377104e-24],
        "var": [6.75161645631e-05, 3.06574002025e-05, 5.58487136004e-06, 1.8923543621e-06, 6.84005499352e-07, 2.55891052348e-07, 1.46275993984e-07, 9.9995318692e-08, 6.65882637918e-08, 4.57893669648e-08, 2.74798921396e-08, 2.82293441956e-08, 1.40007232474e-08, 6.75030564778e-09, 2.80790057872e-08, 6.49237907879e-09, 1.22359793409e-08, 3.0447655508e-09, 7.63894636435e-09, 1.65068603231e-09, 1.41751321792e-09, 3.49110140796e-09, 1.00082986343e-09, 6.07805694663e-10, 8.56909654345e-10, 1.90349611073e-10, 1.35880168228e-10, 1.36185090982e-10, 9.03853450418e-11, 1.8073689767e-10, 1.71477568256e-10, 1.22304583128e-10, 8.1065744395e-11, 5.06510666742e-11, 3.95444579859e-11, 3.43033899897e-11, 2.22662895066e-11, 1.23283050435e-11, 1.12603147293e-11, 6.76013715492e-12]
    },
    "mfcc": {
        "mean": [-632.517089844, 82.9295578003, 21.3338489532, 17.8348388672, 9.05549621582, 14.5544424057, 5.62886142731, 7.33263731003, 2.67401957512, 1.8770904541, 0.991923689842, 7.24143218994, 4.95770072937],
        "cov": [[10773.1376953, 928.019470215, -645.677368164, 73.8779220581, -66.8555526733, 84.8571472168, -18.251745224, 71.4602508545, 137.965042114, -29.9083709717, -49.667678833, -225.338973999, -287.315704346], [928.019470215, 994.124816895, 103.11668396, 53.9791755676, 172.18888855, 97.3119735718, 86.723197937, 49.692199707, 42.3608474731, 22.0313129425, 1.10691165924, 29.6936626434, 0.0420530848205], [-645.677368164, 103.11668396, 649.22052002, 280.544586182, 17.3139419556, 64.5286712646, 91.287147522, 40.6682815552, -31.3129863739, 48.5844459534, 25.287853241, 14.50020504, 5.45629167557], [73.8779220581, 53.9791755676, 280.544586182, 297.234649658, 58.7990646362, 73.0690765381, 55.059513092, 29.7981987, -0.0852250605822, 31.4362678528, 9.6989440918, 0.175568401814, -0.712352991104], [-66.8555526733, 172.18888855, 17.3139419556, 58.7990646362, 249.369247437, 119.243362427, 52.3353462219, 18.9578437805, 25.4947624207, -13.1015300751, -2.4692709446, 58.1881637573, 56.2964668274], [84.8571472168, 97.3119735718, 64.5286712646, 73.0690765381, 119.243362427, 182.891906738, 93.7904510498, 42.0103988647, 25.445640564, 8.01424789429, 6.1422586441, 39.0720062256, 27.0581302643], [-18.251745224, 86.723197937, 91.287147522, 55.059513092, 52.3353462219, 93.7904510498, 128.462081909, 69.1323013306, 20.4604434967, 18.5965747833, 10.4191360474, 13.983962059, 5.26343727112], [71.4602508545, 49.692199707, 40.6682815552, 29.7981987, 18.9578437805, 42.0103988647, 69.1323013306, 92.2716674805, 42.8778572083, 27.978302002, 12.138215065, 0.369546800852, -6.7771115303], [137.965042114, 42.3608474731, -31.3129863739, -0.0852250605822, 25.4947624207, 25.445640564, 20.4604434967, 42.8778572083, 84.3488769531, 36.0042953491, 1.50002884865, -0.832959532738, -0.462643891573], [-29.9083709717, 22.0313129425, 48.5844459534, 31.4362678528, -13.1015300751, 8.01424789429, 18.5965747833, 27.978302002, 36.0042953491, 86.61328125, 27.8485412598, -3.3711309433, -4.94887924194], [-49.667678833, 1.10691165924, 25.287853241, 9.6989440918, -2.4692709446, 6.1422586441, 10.4191360474, 12.138215065, 1.50002884865, 27.8485412598, 72.4091796875, 31.4325752258, 3.74407792091], [-225.338973999, 29.6936626434, 14.50020504, 0.175568401814, 58.1881637573, 39.0720062256, 13.983962059, 0.369546800852, -0.832959532738, -3.3711309433, 31.4325752258, 89.1079025269, 57.2046051025], [-287.315704346, 0.0420530848205, 5.45629167557, -0.712352991104, 56.2964668274, 27.0581302643, 5.26343727112, -6.7771115303, -0.462643891573, -4.94887924194, 3.74407792091, 57.2046051025, 83.8094940186]],
