{
"lowlevel": {
    "average_loudness": 0.845210075378,
    "barkbands_crest": {
        "dmean": 2.89200735092,
        "dmean2": 4.66929912567,
        "dvar": 7.58266544342,
        "dvar2": 18.1598758698,
        "max": 26.9118804932,
        "mean": 9.23173332214,
        "median": 7.71186351776,
        "min": 2.13753342628,
        "var": 24.1354064941
    },
    "barkbands_flatness_db": {
        "dmean": 0.0220072735101,
        "dmean2": 0.0344500914216,
        "dvar": 0.000545541930478,
        "dvar2": 0.00118100747932,
        "max": 0.717329800129,
        "mean": 0.119666785002,
        "median": 0.0681091919541,
        "min": 0.0126716597006,
        "var": 0.0147136803716
    },
    "barkbands_kurtosis": {
        "dmean": 12.9147338867,
        "dmean2": 16.7682571411,
        "dvar": 95945.0703125,
        "dvar2": 186922.140625,
        "max": 22027.3027344,
        "mean": 13.6302204132,
        "median": 0.410719394684,
        "min": -1.93405139446,
        "var": 142557.609375
    },
    "barkbands_skewness": {
        "dmean": 0.648677110672,
        "dmean2": 0.929799199104,
        "dvar": 3.86687469482,
        "dvar2": 6.14971256256,
        "max": 136.592590332,
        "mean": 0.914807617664,
        "median": 0.723595559597,
        "min": -4.21185398102,
        "var": 11.5733413696
    },
    "barkbands_spread": {
        "dmean": 7.8429017067,
        "dmean2": 12.3647298813,
        "dvar": 86.065612793,
        "dvar2": 204.325180054,
        "max": 135.567047119,
        "mean": 30.1527862549,
        "median": 30.8496570587,
        "min": 0.0218519363552,
        "var": 316.897125244
    },
    "dissonance": {
        "dmean": 0.0194828659296,
        "dmean2": 0.033433649689,
        "dvar": 0.000577185070142,
        "dvar2": 0.00160116632469,
        "max": 0.500000059605,
        "mean": 0.473142266273,
        "median": 0.480558723211,
        "min": 0.12179158628,
        "var": 0.000706199090928
    },
    "dynamic_complexity": 4.33889102936,
    "erbbands_crest": {
        "dmean": 2.87988901138,
        "dmean2": 4.56691265106,
        "dvar": 8.57686138153,
        "dvar2": 18.5083885193,
        "max": 32.8130264282,
        "mean": 9.69298362732,
        "median": 7.34895086288,
        "min": 2.27619886398,
        "var": 42.3512496948
    },
    "erbbands_flatness_db": {
        "dmean": 0.016032198444,
        "dmean2": 0.0243489928544,
        "dvar": 0.000278224324575,
        "dvar2": 0.000533143174835,
        "max": 0.601865112782,
        "mean": 0.169910505414,
        "median": 0.111050449312,
        "min": 0.043749384582,
        "var": 0.0191662553698
    },
    "erbbands_kurtosis": {
        "dmean": 1.01423609257,
        "dmean2": 1.55674445629,
        "dvar": 2.44555449486,
        "dvar2": 5.56692934036,
        "max": 50.971950531,
        "mean": 0.858430624008,
        "median": 0.122802495956,
        "min": -1.81475043297,
        "var": 8.91037940979
    },
    "erbbands_skewness": {
        "dmean": 0.371028631926,
        "dmean2": 0.547858595848,
        "dvar": 0.123427867889,
        "dvar2": 0.275140017271,
        "max": 4.83794879913,
        "mean": 0.239940002561,
        "median": 0.279430896044,
        "min": -3.42059779167,
        "var": 0.433663874865
    },
    "erbbands_spread": {
        "dmean": 8.97772121429,
        "dmean2": 13.0204515457,
        "dvar": 104.64617157,
        "dvar2": 231.838562012,
        "max": 187.905761719,
        "mean": 35.7944869995,
        "median": 35.658821106,
        "min": 0.439655631781,
        "var": 449.566833496
    },
    "hfc": {
        "dmean": 13.3243560791,
        "dmean2": 21.6980876923,
        "dvar": 338.597900391,
        "dvar2": 904.667541504,
        "max": 211.127456665,
        "mean": 30.7560081482,
        "median": 25.7881259918,
        "min": 1.03829265587e-16,
        "var": 746.827026367
    },
    "melbands_crest": {
        "dmean": 4.05918884277,
        "dmean2": 6.54921007156,
        "dvar": 15.1189317703,
        "dvar2": 34.2045097351,
        "max": 39.9972686768,
        "mean": 12.9533176422,
        "median": 11.6559667587,
        "min": 1.56886553764,
        "var": 38.9223747253
    },
    "melbands_flatness_db": {
        "dmean": 0.0302237644792,
        "dmean2": 0.0472415238619,
        "dvar": 0.00101671356242,
        "dvar2": 0.00231121550314,
        "max": 0.707414507866,
        "mean": 0.171411931515,
        "median": 0.132782906294,
        "min": 0.00261572585441,
        "var": 0.012989374809
    },
    "melbands_kurtosis": {
        "dmean": 29.7951183319,
        "dmean2": 45.5604248047,
        "dvar": 654775.0625,
        "dvar2": 1634956.25,
        "max": 51381.1171875,
        "mean": 28.6834354401,
        "median": 3.27277517319,
        "min": -1.86304938793,
        "var": 611358.375
    },
    "melbands_skewness": {
        "dmean": 0.948719739914,
        "dmean2": 1.35004258156,
        "dvar": 10.8729772568,
        "dvar2": 22.2125263214,
        "max": 219.330154419,
        "mean": 1.89356410503,
        "median": 1.47166180611,
        "min": -3.35163021088,
        "var": 21.978477478
    },
    "melbands_spread": {
        "dmean": 10.1994495392,
        "dmean2": 15.9350738525,
        "dvar": 187.149185181,
        "dvar2": 418.104003906,
        "max": 252.835830688,
        "mean": 34.3551177979,
        "median": 31.4795246124,
        "min": 0.0189286954701,
        "var": 753.269042969
    },
    "pitch_salience": {
        "dmean": 0.0989676341414,
        "dmean2": 0.154904946685,
        "dvar": 0.00968265533447,
        "dvar2": 0.0231175441295,
        "max": 0.97316378355,
        "mean": 0.596310555935,
        "median": 0.611273288727,
        "min": 0.0010241875425,
        "var": 0.0197189562023
    },
    "silence_rate_20dB": {
        "dmean": 0,
        "dmean2": 0,
        "dvar": 0,
        "dvar2": 0,
        "max": 1,
        "mean": 1,
        "median": 1,
        "min": 1,
        "var": 0
    },
    "silence_rate_30dB": {
        "dmean": 0,
        "dmean2": 0,
        "dvar": 0,
        "dvar2": 0,
        "max": 1,
        "mean": 1,
        "median": 1,
        "min": 1,
        "var": 0
    },
    "silence_rate_60dB": {
        "dmean": 0.0442449487746,
        "dmean2": 0.0885040909052,
        "dvar": 0.0422873161733,
        "dvar2": 0.0890068560839,
        "max": 1,
        "mean": 0.156916171312,
        "median": 0,
        "min": 0,
        "var": 0.132298454642
    },
    "spectral_centroid": {
        "dmean": 346.109802246,
        "dmean2": 548.847717285,
        "dvar": 186245.96875,
        "dvar2": 405102.8125,
        "max": 12058.7695312,
        "mean": 1937.390625,
        "median": 1646.35192871,
        "min": 228.577301025,
        "var": 2321849.75
    },
    "spectral_complexity": {
        "dmean": 5.59666538239,
        "dmean2": 8.86996936798,
        "dvar": 35.4210891724,
        "dvar2": 83.0852127075,
        "max": 61,
        "mean": 23.0222797394,
        "median": 24,
        "min": 0,
        "var": 205.188690186
    },
    "spectral_decrease": {
        "dmean": 2.25423524292e-09,
        "dmean2": 3.43192696484e-09,
        "dvar": 7.10453516721e-18,
        "dvar2": 1.62763667388e-17,
        "max": 2.00031585885e-28,
        "mean": -5.80646375425e-09,
        "median": -5.18013676398e-09,
        "min": -2.56451002656e-08,
        "var": 2.32322674761e-17
    },
    "spectral_energy": {
        "dmean": 0.00923149753362,
        "dmean2": 0.0140682198107,
        "dvar": 0.000116813076602,
        "dvar2": 0.000269258074695,
        "max": 0.0998503938317,
        "mean": 0.0247045196593,
        "median": 0.0226226747036,
        "min": 9.79178685181e-21,
        "var": 0.000400263554184
    },
    "spectral_energyband_high": {
        "dmean": 0.00089407741325,
        "dmean2": 0.00148869154509,
        "dvar": 1.89633908576e-06,
        "dvar2": 5.07485719936e-06,
        "max": 0.0165289733559,
        "mean": 0.0018459148705,
        "median": 0.00129797251429,
        "min": 6.89446235613e-21,
        "var": 3.92727724829e-06
    },
    "spectral_energyband_low": {
        "dmean": 0.00474516954273,
        "dmean2": 0.00774079142138,
        "dvar": 6.81891106069e-05,
        "dvar2": 0.000171771855094,
        "max": 0.0736034810543,
        "mean": 0.00696018757299,
        "median": 0.00340893212706,
        "min": 1.92841939219e-23,
        "var": 9.64740102063e-05
    },
    "spectral_energyband_middle_high": {
        "dmean": 0.0035008683335,
        "dmean2": 0.00566703965887,
        "dvar": 1.84142500075e-05,
        "dvar2": 4.63111173303e-05,
        "max": 0.0367481708527,
        "mean": 0.00722233159468,
        "median": 0.00542563945055,
        "min": 1.1147969257e-21,
        "var": 4.0213970351e-05
    },
    "spectral_energyband_middle_low": {
        "dmean": 0.00667638611048,
        "dmean2": 0.0108761675656,
        "dvar": 0.000113009031338,
        "dvar2": 0.000270514748991,
        "max": 0.0761096924543,
        "mean": 0.00981617439538,
        "median": 0.00523959565908,
        "min": 1.47088997525e-22,
        "var": 0.00014286559599
    },
    "spectral_entropy": {
        "dmean": 0.1799954772,
        "dmean2": 0.286958873272,
        "dvar": 0.0385689847171,
        "dvar2": 0.0904467627406,
        "max": 9.82240867615,
        "mean": 7.80786752701,
        "median": 8.03921508789,
        "min": 5.11915254593,
        "var": 0.619537115097
    },
    "spectral_flux": {
        "dmean": 0.0311547834426,
        "dmean2": 0.0438182801008,
        "dvar": 0.000970318040345,
        "dvar2": 0.00161944958381,
        "max": 0.315454512835,
        "mean": 0.0980660319328,
        "median": 0.0939596295357,
        "min": 6.33670060868e-11,
        "var": 0.00429900130257
    },
    "spectral_kurtosis": {
        "dmean": 3.1848628521,
        "dmean2": 5.41372156143,
        "dvar": 58.6757392883,
        "dvar2": 163.187011719,
        "max": 133.757476807,
        "mean": 11.7772188187,
        "median": 3.25853490829,
        "min": -1.29003751278,
        "var": 521.179260254
    },
    "spectral_rms": {
        "dmean": 0.000866628601216,
        "dmean2": 0.00130455347244,
        "dvar": 8.06384548468e-07,
        "dvar2": 1.83216525329e-06,
        "max": 0.00986990425736,
        "mean": 0.00436433358118,
        "median": 0.00469796778634,
        "min": 3.09078674113e-12,
        "var": 5.0544572332e-06
    },
    "spectral_rolloff": {
        "dmean": 896.065490723,
        "dmean2": 1481.61120605,
        "dvar": 2043508.375,
        "dvar2": 4506015.5,
        "max": 19530.6152344,
        "mean": 2757.13134766,
        "median": 1679.58984375,
        "min": 21.533203125,
        "var": 10313520
    },
    "spectral_skewness": {
        "dmean": 0.275138884783,
        "dmean2": 0.453804194927,
        "dvar": 0.201131597161,
        "dvar2": 0.571957707405,
        "max": 9.26361942291,
        "mean": 2.04249000549,
        "median": 1.4839411974,
        "min": -0.0848874822259,
        "var": 2.78777503967
    },
    "spectral_spread": {
        "dmean": 608411.875,
        "dmean2": 985461.5,
        "dvar": 1.97713526784e+12,
        "dvar2": 4.47064938906e+12,
        "max": 48837180,
        "mean": 6128277,
        "median": 5764147,
        "min": 550487.625,
        "var": 3.32149869773e+13
    },
    "spectral_strongpeak": {
        "dmean": 0.679908931255,
        "dmean2": 1.12141573429,
        "dvar": 1.0691678524,
        "dvar2": 2.46350693703,
        "max": 9.924741745,
        "mean": 1.01527750492,
        "median": 0.496192365885,
        "min": 0,
        "var": 1.57589638233
    },
    "zerocrossingrate": {
        "dmean": 0.0165226608515,
        "dmean2": 0.0210826806724,
        "dvar": 0.000802469905466,
        "dvar2": 0.000990424770862,
        "max": 0.7626953125,
        "mean": 0.107434399426,
        "median": 0.08935546875,
        "min": 0,
        "var": 0.00734203215688
    },
    "barkbands": {
        "dmean": [0.000504095514771, 0.00230669253506, 0.00283380644396, 0.00272357696667, 0.00274085602723, 0.0014590107603, 0.00086109759286, 0.000967684376519, 0.00078354839934, 0.000787982658949, 0.0008274508873, 0.000671759538818, 0.000687219551764, 0.000649730151054, 0.000367993314285, 0.000308118935209, 0.000336034659995, 0.000287071568891, 0.000260144617641, 0.000170303217601, 0.000194174383068, 0.000132304950966, 0.000144518955494, 0.00017757875321, 0.000141865064506, 0.00011941640696, 4.7107841965e-05],
        "dmean2": [0.000874741235748, 0.00358917471021, 0.00496174953878, 0.0050474787131, 0.00490417238325, 0.00253486772999, 0.00150326057337, 0.00165542901959, 0.00131427508313, 0.00127570319455, 0.00130424986128, 0.00111354119144, 0.00109199283179, 0.00103762967046, 0.000620551116299, 0.000536288775038, 0.000563407782465, 0.0005024712882, 0.000439007475507, 0.000290743453661, 0.000330020702677, 0.000232022066484, 0.000243415255682, 0.000295974401524, 0.000230343692238, 0.000199932808755, 7.98623223091e-05],
        "dvar": [1.04063008166e-06, 1.29588106574e-05, 4.46842168458e-05, 4.95262283948e-05, 3.79538505513e-05, 7.11770644557e-06, 3.18825618706e-06, 3.18575871461e-06, 1.81747941497e-06, 1.73158650796e-06, 2.00223598767e-06, 1.74311549017e-06, 1.90136472611e-06, 1.79788571586e-06, 4.81114568629e-07, 3.70855730125e-07, 4.21234460646e-07, 2.19447585437e-07, 1.80950593176e-07, 6.00121694561e-08, 9.59851718108e-08, 4.50867219115e-08, 5.54050707535e-08, 9.06221089281e-08, 6.10440622495e-08, 3.8929250934e-08, 5.72150415934e-09],
        "dvar2": [2.92372237709e-06, 2.81472184724e-05, 0.000117392955872, 0.00013886547822, 0.00010578041838, 1.94882959477e-05, 8.75452042237e-06, 8.14512350189e-06, 4.52508675153e-06, 4.06157960242e-06, 4.40011717728e-06, 4.04613501814e-06, 4.14836540585e-06, 3.86506053474e-06, 1.2111244132e-06, 9.84501980383e-07, 1.09112966129e-06, 6.18550473064e-07, 4.73245847843e-07, 1.70014715195e-07, 2.60306222799e-07, 1.29536033455e-07, 1.42552863736e-07, 2.20841528176e-07, 1.37045333304e-07, 9.95059892261e-08, 1.48185046456e-08],
        "max": [0.0110763860866, 0.0395370386541, 0.0502028241754, 0.0544554367661, 0.0510784387589, 0.0297277085483, 0.0289850644767, 0.024259744212, 0.0123645626009, 0.0170442387462, 0.0243754778057, 0.0263594612479, 0.0240625329316, 0.0247696768492, 0.014322925359, 0.00894036982208, 0.00836303085089, 0.00510880397633, 0.00612204428762, 0.00249864207581, 0.00321489339694, 0.00210804655217, 0.00350230606273, 0.00422666128725, 0.00522579951212, 0.0025436906144, 0.000820822897367],
        "mean": [0.00052262871759, 0.00336573692039, 0.00222601555288, 0.00183326913975, 0.00239828112535, 0.0017549257027, 0.00093200331321, 0.00125236588065, 0.00100318493787, 0.00117491395213, 0.00121658714488, 0.000930450158194, 0.00091644981876, 0.000934767595027, 0.000521833018865, 0.000417427596403, 0.000439401395852, 0.000422891345806, 0.000448498874903, 0.000297937571304, 0.000331067683874, 0.000244022492552, 0.000297139398754, 0.000308374495944, 0.000261202425463, 0.000194347725483, 5.88251314184e-05],
        "median": [0.000180735092727, 0.00149298284668, 0.00037674990017, 0.000238372420426, 0.000626014079899, 0.000788791512605, 0.000331099756295, 0.000345013831975, 0.000359825207852, 0.000421070755692, 0.000510956917424, 0.000387255713576, 0.000343949563103, 0.000394694594434, 0.000277443963569, 0.000222677394049, 0.000218828528887, 0.000231414014706, 0.000267210794846, 0.000193472136743, 0.000215521853534, 0.000158843919053, 0.000140023810673, 0.000160347335623, 0.000159898714628, 0.000126348080812, 2.74289359368e-05],
        "min": [5.5485468541e-26, 1.57402057368e-24, 5.03977002721e-25, 4.92135017242e-25, 6.76343623271e-24, 8.12964076863e-24, 8.31764683273e-24, 4.22897445008e-24, 1.84294899524e-23, 1.27330417365e-23, 9.89498998994e-24, 1.39751379416e-23, 2.76181654422e-23, 2.6625021117e-23, 3.56080042812e-23, 6.58439099741e-23, 5.09190339896e-23, 9.21396668601e-23, 1.34423980842e-22, 1.52991507254e-22, 2.17779959202e-22, 2.67442274661e-22, 3.3944609021e-22, 5.12160256054e-22, 8.45991852808e-22, 1.30629166089e-21, 1.9207816409e-21],
        "var": [9.3201265372e-07, 2.31859994528e-05, 3.34466349159e-05, 3.02385433315e-05, 2.62093744823e-05, 7.06009996065e-06, 2.98697227663e-06, 4.69490987598e-06, 2.75961815532e-06, 3.14593398798e-06, 3.69809231415e-06, 2.91954575005e-06, 2.94333790407e-06, 3.15946044793e-06, 6.58067676795e-07, 4.10530731187e-07, 4.92359220061e-07, 2.894796296e-07, 3.03908876731e-07, 1.12331193236e-07, 1.46740703144e-07, 7.17070136602e-08, 1.7047452161e-07, 1.67727577605e-07, 1.48841678538e-07, 6.23493576768e-08, 6.94029056447e-09]
    },
    "erbbands": {
        "dmean": [0.0767904147506, 0.527270317078, 2.46069192886, 6.88388967514, 8.82107543945, 9.58303165436, 9.93665885925, 12.7463550568, 11.9554891586, 18.1882095337, 18.3787231445, 18.7504310608, 25.7003517151, 20.6316795349, 35.0155029297, 32.1894607544, 32.9465293884, 34.6361122131, 17.8193836212, 19.9869728088, 17.5268611908, 15.4624958038, 14.1390686035, 17.0241107941, 11.1420125961, 8.06458377838, 7.86021280289, 7.26575279236, 4.95574331284, 4.11799383163, 4.66599702835, 3.6570315361, 3.09127902985, 1.7321819067, 1.0083810091, 0.442143797874, 0.242084234953, 0.086078569293, 0.00659883813933, 0.000101592333522],
        "dmean2": [0.119442112744, 0.788007855415, 4.09316635132, 12.3061819077, 16.2477684021, 17.2282333374, 17.7511463165, 22.2273483276, 20.6621589661, 30.9203472137, 31.5796108246, 30.9341564178, 42.1727294922, 34.2528572083, 55.0507049561, 52.0345001221, 52.2259559631, 54.9116363525, 29.5818309784, 33.6771278381, 30.0772762299, 26.2459506989, 24.6016235352, 29.1476955414, 18.900472641, 13.6656532288, 13.4397344589, 12.3802337646, 8.6575345993, 7.1188158989, 7.84687852859, 5.99929904938, 5.27939605713, 2.82813668251, 1.66465353966, 0.730821847916, 0.411167293787, 0.145184248686, 0.0111764660105, 0.000169492690475],
        "dvar": [0.015094935894, 0.712792158127, 28.7803134918, 285.125915527, 471.022247314, 516.155456543, 427.737762451, 569.733093262, 549.105773926, 1038.79528809, 1155.29040527, 1051.75939941, 1993.72009277, 1303.95068359, 3718.22290039, 4049.75952148, 4356.71875, 5178.04785156, 1323.53161621, 1228.4732666, 932.339538574, 715.126586914, 500.865386963, 959.499694824, 330.643371582, 136.1015625, 160.560012817, 138.611312866, 66.6854248047, 38.02967453, 65.1654281616, 38.1430282593, 28.7294197083, 9.1752166748, 3.29431319237, 0.648307979107, 0.162047162652, 0.0182328633964, 0.000115530048788, 2.55590997256e-08],
        "dvar2": [0.0366862341762, 1.49774134159, 72.1903533936, 769.274169922, 1321.97900391, 1446.53112793, 1206.98742676, 1557.62414551, 1489.40527344, 2607.50512695, 3020.6262207, 2531.20996094, 4666.10644531, 3299.52954102, 8183.6953125, 9130.11132812, 9544.50683594, 11091.3183594, 3261.02490234, 3182.68652344, 2572.50488281, 1923.57751465, 1390.71618652, 2541.00756836, 895.349914551, 375.186187744, 441.033905029, 384.352813721, 189.497512817, 105.769943237, 166.005401611, 91.7465820312, 73.8480300903, 21.2963447571, 7.6755771637, 1.62402403355, 0.419959425926, 0.0469729341567, 0.000302257802105, 6.60738663782e-08],
        "max": [1.36825346947, 9.67552757263, 40.7242698669, 134.830749512, 172.521835327, 198.925354004, 189.092727661, 277.307983398, 326.297821045, 439.737762451, 470.881958008, 339.316558838, 547.346435547, 643.433959961, 1154.46740723, 1327.38830566, 1206.85510254, 1315.69360352, 896.280883789, 522.66796875, 288.074493408, 296.872009277, 305.703033447, 367.213439941, 374.264831543, 138.441940308, 142.861557007, 127.516151428, 82.0482788086, 53.5826416016, 129.678375244, 81.6880645752, 71.7246627808, 67.7051620483, 31.5249977112, 11.6028375626, 5.03340482712, 1.48224270344, 0.105986431241, 0.00161834142637],
        "mean": [0.108369506896, 0.723578870296, 2.21337532997, 5.10534238815, 6.35357666016, 8.32145118713, 10.5585622787, 15.0027122498, 14.0987110138, 22.391866684, 23.0137042999, 25.4898452759, 37.7872047424, 28.908788681, 53.6827049255, 48.4485588074, 46.1015319824, 51.014667511, 27.2616672516, 29.1625537872, 24.5307540894, 21.7604141235, 21.8178520203, 25.5972309113, 19.2379570007, 14.4189348221, 13.1453962326, 12.6926078796, 9.17966079712, 7.98940181732, 9.09793567657, 6.50860118866, 5.11879968643, 3.09100556374, 1.79046547413, 0.801606476307, 0.361095577478, 0.115040548146, 0.00840754713863, 0.000162485579494],
        "median": [0.0465368703008, 0.256282001734, 0.500552356243, 0.821482479572, 1.1573086977, 2.11466574669, 4.06131649017, 6.56936597824, 5.35488796234, 6.11427974701, 8.41091442108, 9.94047451019, 13.6124887466, 14.3568086624, 24.9228515625, 23.5548648834, 20.0134849548, 22.2992668152, 15.945936203, 15.7524499893, 13.9556369781, 12.267250061, 12.7933187485, 14.4502906799, 11.8008241653, 9.47651958466, 8.17193222046, 8.42408657074, 6.07940864563, 4.53532552719, 4.03421735764, 3.33126401901, 2.57843065262, 1.80668056011, 1.06924593449, 0.50111669302, 0.222134232521, 0.0641507133842, 0.00416079489514, 0.000109346110548],
        "min": [6.26598338578e-23, 5.11396386262e-22, 9.56056503095e-22, 5.7580018206e-21, 1.19104314685e-20, 1.58373712602e-20, 2.86556108327e-20, 6.51085556991e-20, 1.11283128123e-19, 1.70374765584e-19, 2.28809117575e-19, 3.59852285137e-19, 5.69459154425e-19, 7.43792431604e-19, 9.30113313618e-19, 1.11535865404e-18, 1.29701278983e-18, 1.50001831839e-18, 2.31665165435e-18, 2.94012187707e-18, 4.21573136855e-18, 3.28758695159e-18, 6.13727027715e-18, 5.77158489528e-18, 6.44430234974e-18, 5.89765880116e-18, 9.23383041282e-18, 9.04279884061e-18, 9.50117022371e-18, 1.09545199425e-17, 1.08716926934e-17, 9.75284736971e-18, 9.31411490871e-18, 7.8527994406e-18, 5.81032176336e-18, 3.56676805974e-18, 2.29521196006e-18, 8.75963278986e-19, 2.50520850896e-19, 2.57062434287e-20],
        "var": [0.0263162702322, 1.2254884243, 25.3231639862, 196.449951172, 292.460632324, 352.145172119, 342.197143555, 570.803161621, 583.183288574, 1584.7689209, 1451.03271484, 1788.0604248, 3603.7746582, 1789.7277832, 6914.51708984, 7113.00488281, 6686.52978516, 9087.43554688, 1893.38916016, 1693.98620605, 1099.11352539, 881.078125, 721.569396973, 1251.91430664, 534.600158691, 263.682769775, 241.201889038, 209.435699463, 102.050476074, 82.3333053589, 179.545684814, 75.8825912476, 48.3373832703, 21.1991863251, 6.99655342102, 1.21355140209, 0.228048533201, 0.023207904771, 0.000136267583002, 3.63968659656e-08]
    },
    "gfcc": {
        "mean": [-39.7786254883, 43.8506126404, -125.962165833, -4.83030796051, -51.0356025696, 12.53931427, -34.6267166138, 8.75589179993, -26.5422897339, 8.55121040344, -12.336566925, 6.24436712265, -11.3437976837],
        "cov": [[64678.4492188, 671.490478516, 2825.18359375, 6560.71923828, -2300.59863281, 1618.84460449, -497.8777771, 1033.55895996, -595.175720215, 14.1758422852, -1243.69140625, 702.889648438, -919.671264648], [671.490478516, 997.641784668, -694.907897949, -178.157028198, -121.757141113, -254.696853638, -85.6570510864, -228.084899902, -98.5856170654, -129.107559204, 25.0097942352, -105.907791138, 11.2513666153], [2825.18359375, -694.907897949, 3667.72485352, 2682.78417969, 49.1117630005, 501.043334961, 449.358795166, 297.733276367, 234.678756714, -136.018630981, -271.698303223, 139.159301758, -168.177276611], [6560.71923828, -178.157028198, 2682.78417969, 2870.41577148, -197.321060181, 364.642059326, 306.227081299, 149.978759766, 119.59790802, -233.20501709, -276.874847412, 98.8626174927, -179.530136108], [-2300.59863281, -121.757141113, 49.1117630005, -197.321060181, 373.785614014, 87.1402359009, 92.874206543, 44.5373764038, 42.4540901184, 77.9376068115, 29.9782962799, -28.6552753448, 13.0971870422], [1618.84460449, -254.696853638, 501.043334961, 364.642059326, 87.1402359009, 301.373931885, 100.127792358, 156.140106201, 34.2550354004, 79.951713562, -49.5098686218, 61.4146461487, -50.7087516785], [-497.8777771, -85.6570510864, 449.358795166, 306.227081299, 92.874206543, 100.127792358, 194.191680908, 79.088508606, 69.3298797607, 4.39380693436, 5.69352197647, 36.7802238464, 5.32564258575], [1033.55895996, -228.084899902, 297.733276367, 149.978759766, 44.5373764038, 156.140106201, 79.088508606, 206.099090576, 58.5451126099, 88.8950576782, -22.2279243469, 74.8140258789, -5.98539876938], [-595.175720215, -98.5856170654, 234.678756714, 119.59790802, 42.4540901184, 34.2550354004, 69.3298797607, 58.5451126099, 110.708320618, 43.4977302551, 18.2048549652, 21.9067554474, 19.5425262451], [14.1758422852, -129.107559204, -136.018630981, -233.20501709, 77.9376068115, 79.951713562, 4.39380693436, 88.8950576782, 43.4977302551, 167.384475708, 52.8551483154, 37.2087745667, 23.8296279907], [-1243.69140625, 25.0097942352, -271.698303223, -276.874847412, 29.9782962799, -49.5098686218, 5.69352197647, -22.2279243469, 18.2048549652, 52.8551483154, 111.895751953, 14.7871847153, 40.8695831299], [702.889648438, -105.907791138, 139.159301758, 98.8626174927, -28.6552753448, 61.4146461487, 36.7802238464, 74.8140258789, 21.9067554474, 37.2087745667, 14.7871847153, 92.1236038208, 21.8030090332], [-919.671264648, 11.2513666153, -168.177276611, -179.530136108, 13.0971870422, -50.7087516785, 5.32564258575, -5.98539876938, 19.5425262451, 23.8296279907, 40.8695831299, 21.8030090332, 81.4976196289]],
        "icov": [[8.50732394611e-05, -0.00014214948169, 0.000172341970028, -0.000295477075269, 0.000283024128294, -0.000165505131008, 0.000229953089729, -0.000268556264928, 0.000363554921933, -0.000522763817571, 0.00054890057072, -0.000494857609738, 0.000423973600846], [-0.00014214948169, 0.00203028111719, 0.000315653916914, -4.50216539321e-05, -0.000276829930954, 0.00112689111847, -0.00138893956318, 0.00124068697914, 3.27442103298e-05, 0.000704628124367, -0.000807251781225, 0.00169483467471, -0.000667143496685], [0.000172341970028, 0.000315653916914, 0.00177598407026, -0.0016603320837, 0.000125334656332, -0.000155901623657, -0.00045152156963, -0.000354810123099, -0.000247227755608, -0.000871069321875, 0.00199834327213, -0.00150934339035, 0.00151055050083], [-0.000295477075269, -4.50216539321e-05, -0.0016603320837, 0.00279871397652, -0.000109236905701, -0.000398739852244, -0.00116741762031, 0.00149821641389, -0.0019976454787, 0.00275925267488, -0.00101369887125, 0.000874319928698, -0.000686675135512], [0.000283024128294, -0.000276829930954, 0.000125334656332, -0.000109236905701, 0.00586622254923, -0.00220069848001, -0.00197514775209, -0.00053268315969, 0.00151252688374, -0.00309857563116, 0.00152500311378, 0.00258291442879, 0.000115508599265], [-0.000165505131008, 0.00112689111847, -0.000155901623657, -0.000398739852244, -0.00220069848001, 0.0109667303041, -0.00349355116487, -0.00123534561135, 0.00233698333614, -0.00474022189155, 0.00252767978236, -0.00244102231227, 0.00430261390284], [0.000229953089729, -0.00138893956318, -0.00045152156963, -0.00116741762031, -0.00197514775209, -0.00349355116487, 0.0138755859807, -0.00449051894248, -0.00255367159843, 0.00418778229505, -0.00444132369012, -0.00154453434516, -0.00178127700929], [-0.000268556264928, 0.00124068697914, -0.000354810123099, 0.00149821641389, -0.00053268315969, -0.00123534561135, -0.00449051894248, 0.0156782455742, -0.00441248295829, -0.00392867531627, 0.0054658614099, -0.0064305155538, 0.00131436251104], [0.000363554921933, 3.27442103298e-05, -0.000247227755608, -0.0019976454787, 0.00151252688374, 0.00233698333614, -0.00255367159843, -0.00441248295829, 0.019311087206, -0.00737543264404, -0.000676133320667, 0.00239146221429, -0.00253368588164], [-0.000522763817571, 0.000704628124367, -0.000871069321875, 0.00275925267488, -0.00309857563116, -0.00474022189155, 0.00418778229505, -0.00392867531627, -0.00737543264404, 0.0206821039319, -0.0108962943777, 0.00304934824817, -0.0043596313335], [0.00054890057072, -0.000807251781225, 0.00199834327213, -0.00101369887125, 0.00152500311378, 0.00252767978236, -0.00444132369012, 0.0054658614099, -0.000676133320667, -0.0108962943777, 0.0248234849423, -0.0113271232694, 0.00414558872581], [-0.000494857609738, 0.00169483467471, -0.00150934339035, 0.000874319928698, 0.00258291442879, -0.00244102231227, -0.00154453434516, -0.0064305155538, 0.00239146221429, 0.00304934824817, -0.0113271232694, 0.0292677115649, -0.0129268700257], [0.000423973600846, -0.000667143496685, 0.00151055050083, -0.000686675135512, 0.000115508599265, 0.00430261390284, -0.00178127700929, 0.00131436251104, -0.00253368588164, -0.0043596313335, 0.00414558872581, -0.0129268700257, 0.0248844567686]]
    },
    "melbands": {
        "dmean": [0.00064841582207, 0.000995967420749, 0.00119115808047, 0.00064807740273, 0.000364473526133, 0.000282740977127, 0.000183684984222, 0.000208649376873, 0.000143988159834, 0.000115914066555, 0.000127968349261, 8.26590476208e-05, 0.000115828297567, 8.66481423145e-05, 8.04829542176e-05, 5.45757138752e-05, 7.36278816476e-05, 2.97221558867e-05, 2.63002748397e-05, 2.65138623945e-05, 2.16361640923e-05, 1.76478479261e-05, 1.53010641952e-05, 1.35962945933e-05, 1.47248183566e-05, 9.91302567854e-06, 6.5105050453e-06, 5.28018745172e-06, 4.89112153446e-06, 5.13716167916e-06, 4.2809133447e-06, 2.97855513054e-06, 2.70307486971e-06, 2.27525583796e-06, 2.77617596112e-06, 2.54094220509e-06, 2.2853084829e-06, 2.52608970186e-06, 1.65286496667e-06, 1.46411684909e-06],
        "dmean2": [0.000995088252239, 0.00157151883468, 0.00209402129985, 0.00117120030336, 0.000650716538075, 0.000490439357236, 0.000318045757012, 0.000354635267286, 0.000245922332397, 0.000192518375115, 0.000210552097997, 0.000138281073305, 0.000182311065146, 0.000141298922244, 0.000127893013996, 8.81157320691e-05, 0.000116538147267, 4.96989741805e-05, 4.45016630692e-05, 4.52031381428e-05, 3.70239649783e-05, 2.97540536849e-05, 2.65847593255e-05, 2.37174790527e-05, 2.51613910223e-05, 1.68719125213e-05, 1.11877980089e-05, 8.98836606211e-06, 8.40774646349e-06, 8.75867317518e-06, 7.37663276595e-06, 5.22519439983e-06, 4.73097816212e-06, 3.90959667129e-06, 4.65021321361e-06, 4.26405176768e-06, 3.7287250052e-06, 4.35916217612e-06, 2.79803771264e-06, 2.38954658016e-06],
        "dvar": [9.98569021249e-07, 3.76329876417e-06, 7.99258214101e-06, 2.27515920415e-06, 6.07313893397e-07, 2.70741054464e-07, 1.34715847366e-07, 1.36463626177e-07, 6.459489299e-08, 3.9839896715e-08, 4.95064966799e-08, 2.28272316605e-08, 3.94905796952e-08, 2.41582327476e-08, 2.07628296778e-08, 9.35859301165e-09, 2.63493546981e-08, 3.40666184151e-09, 2.02808347893e-09, 3.03389735556e-09, 1.59505930686e-09, 1.04082176211e-09, 8.01296917707e-10, 5.08526332155e-10, 7.4024703034e-10, 3.02305014355e-10, 9.37895802688e-11, 5.80196723998e-11, 5.84892065336e-11, 7.26991175592e-11, 4.95968474623e-11, 2.37232681416e-11, 1.98274018731e-11, 1.08117950356e-11, 2.23571647306e-11, 1.83507497392e-11, 1.49536112659e-11, 1.95551127374e-11, 8.09088213094e-12, 7.92674172828e-12],
        "dvar2": [2.29789748118e-06, 9.11324423214e-06, 2.12382383324e-05, 6.33662739347e-06, 1.71243812019e-06, 7.37990944799e-07, 3.67913372656e-07, 3.40420626799e-07, 1.67084792224e-07, 9.66549578152e-08, 1.16348545021e-07, 5.75517447032e-08, 8.62147473413e-08, 5.66848790129e-08, 4.46462422588e-08, 2.17121627344e-08, 5.60019302043e-08, 8.49841441664e-09, 5.31970778539e-09, 7.75278685694e-09, 4.31930091693e-09, 2.7661806179e-09, 2.11056061517e-09, 1.44455536422e-09, 1.94300597833e-09, 8.1929812934e-10, 2.62908361748e-10, 1.59201943295e-10, 1.64242452971e-10, 1.94534111042e-10, 1.39322234305e-10, 6.75382735849e-11, 5.62613740318e-11, 2.95688230845e-11, 5.57490338615e-11, 4.62391513967e-11, 3.6625105726e-11, 5.1706867954e-11, 2.02321735754e-11, 1.86842260413e-11],
        "max": [0.0117760440335, 0.0162731800228, 0.0223311856389, 0.0123341307044, 0.00730892503634, 0.00619479594752, 0.00551414676011, 0.0045468993485, 0.00324714323506, 0.00215623923577, 0.00268251704983, 0.00283930776641, 0.00347175099887, 0.00294210785069, 0.00221696053632, 0.00153738516383, 0.00300965621136, 0.00136052607559, 0.000564489979297, 0.000853754521813, 0.0005086340243, 0.000379225501092, 0.000499548797961, 0.000270595483016, 0.000338510493748, 0.000361570419045, 9.7612173704e-05, 8.52889861562e-05, 9.82510682661e-05, 0.000106190542283, 9.89014952211e-05, 4.79826994706e-05, 4.0530856495e-05, 3.42022467521e-05, 7.95087835286e-05, 4.49851868325e-05, 4.74933622172e-05, 5.16738182341e-05, 4.64445656689e-05, 6.87281208229e-05],
        "mean": [0.000970095570665, 0.00111083756201, 0.000918342208024, 0.000518953253049, 0.000384887447581, 0.000340461469023, 0.00021090960945, 0.000260032422375, 0.000182432369911, 0.00015564498608, 0.000184843622264, 0.000107935993583, 0.000170523489942, 0.000129815540276, 0.000115923197882, 7.39820752642e-05, 0.000104717008071, 4.3128602556e-05, 3.66546883015e-05, 3.65385276382e-05, 2.85026017082e-05, 2.35544412135e-05, 2.03537802008e-05, 2.02631290449e-05, 2.09184236155e-05, 1.57519989443e-05, 1.08590056698e-05, 9.13026815397e-06, 7.98838300398e-06, 8.04651608632e-06, 7.10680524207e-06, 5.22166919836e-06, 4.51180585515e-06, 4.34361663793e-06, 5.34725222678e-06, 4.46143894806e-06, 3.80643132303e-06, 3.85692010241e-06, 2.83030908577e-06, 2.51934261541e-06],
        "median": [0.000453338841908, 0.000347718945704, 0.000161628835485, 0.000116957220598, 0.000141193042509, 0.000149191531818, 7.67887395341e-05, 6.66405248921e-05, 6.98348230799e-05, 5.95094898017e-05, 6.32094743196e-05, 4.70753402624e-05, 7.06150167389e-05, 6.51377267786e-05, 5.5406417232e-05, 3.22498563037e-05, 3.97678886657e-05, 2.34592771449e-05, 1.99658770725e-05, 1.85299486475e-05, 1.48715607793e-05, 1.20145532492e-05, 1.09730935947e-05, 1.12402858576e-05, 1.10620821943e-05, 8.92100615602e-06, 6.98617577655e-06, 5.76034517508e-06, 4.79583468405e-06, 4.92084382131e-06, 4.58542535853e-06, 3.34199194185e-06, 2.76939908872e-06, 2.30776004173e-06, 2.27038958656e-06, 2.11099040826e-06, 1.87001523955e-06, 1.79081712304e-06, 1.55878240093e-06, 1.4695677919e-06],
        "min": [4.04895456727e-25, 9.80939069311e-25, 1.27597561166e-24, 1.14149375998e-24, 1.04146412644e-24, 1.64836252957e-24, 1.64651067859e-24, 1.45839121574e-24, 1.53737975957e-24, 2.33105242049e-24, 2.65848886073e-24, 2.23796032557e-24, 2.53442174793e-24, 1.93194658651e-24, 1.29513309875e-24, 2.73882428595e-24, 2.52764168567e-24, 2.99160983264e-24, 2.88939180034e-24, 4.02962022744e-24, 4.35326264115e-24, 2.81255043729e-24, 4.66752273768e-24, 4.38948831721e-24, 3.72938173906e-24, 4.23378097958e-24, 3.76044471493e-24, 2.89512346647e-24, 5.26275655042e-24, 3.86959663737e-24, 4.62382773214e-24, 4.59567131428e-24, 4.84389192014e-24, 4.5082955027e-24, 5.43432630313e-24, 4.52538144104e-24, 5.40003057528e-24, 4.91095456341e-24, 5.77684418615e-24, 5.65236390746e-24],
        "var": [1.86387444501e-06, 4.19261050411e-06, 5.76203865421e-06, 1.49252434767e-06, 4.74185014809e-07, 2.78848261814e-07, 1.35938179824e-07, 2.14324003878e-07, 8.40688016979e-08, 6.60737313751e-08, 8.85795614636e-08, 3.07274099498e-08, 7.44479038417e-08, 4.16371541689e-08, 3.39984183029e-08, 1.3991835246e-08, 4.59832065758e-08, 4.79937733999e-09, 2.5600852549e-09, 3.63183083607e-09, 1.80432535579e-09, 1.23923182827e-09, 9.18986164944e-10, 6.72163158466e-10, 9.28378263154e-10, 4.20846302251e-10, 1.54936105612e-10, 1.11447205631e-10, 8.91937912417e-11, 1.02064287577e-10, 7.16422268732e-11, 3.47539289014e-11, 2.83947570318e-11, 2.69804022873e-11, 6.47307069057e-11, 3.87081096342e-11, 2.67108349328e-11, 2.90171810191e-11, 1.5891992583e-11, 1.61090845524e-11]
    },
    "mfcc": {
        "mean": [-659.625793457, 90.7817764282, -18.4233455658, -7.21423768997, -2.27006840706, 1.65581882, 0.807452738285, 0.321593284607, -3.88562488556, -0.878429412842, 1.28366029263, 1.88947486877, 0.411562860012],
        "cov": [[25210.078125, 259.983520508, 4815.00488281, 4310.81396484, 919.633605957, 624.869018555, 849.737915039, 844.112060547, 712.813537598, 324.104431152, -257.435424805, -90.1639785767, -139.479614258], [259.983520508, 1020.25787354, -699.975219727, -385.608398438, -163.807266235, -90.5500183105, -97.5311508179, -148.146331787, -143.273010254, -105.579956055, -13.9792690277, -23.8959560394, -15.8393974304], [4815.00488281, -699.975219727, 2284.35693359, 1731.2277832, 394.953521729, 266.318237305, 327.040527344, 341.867340088, 299.281677246, 131.850036621, -107.03591156, -54.8508529663, -72.3227844238], [4310.81396484, -385.608398438, 1731.2277832, 1757.35571289, 310.529602051, 196.679901123, 274.662567139, 248.731048584, 218.063903809, 43.879283905, -146.040481567, -96.4102706909, -86.0095901489], [919.633605957, -163.807266235, 394.953521729, 310.529602051, 232.762496948, 133.233459473, 110.02620697, 83.8571166992, 101.801750183, 72.5234680176, 15.8894338608, 8.37954998016, -4.14165067673], [624.869018555, -90.5500183105, 266.318237305, 196.679901123, 133.233459473, 165.93031311, 115.886604309, 66.5424499512, 68.0961532593, 51.1511764526, 23.2316989899, 17.7188911438, 3.3490626812], [849.737915039, -97.5311508179, 327.040527344, 274.662567139, 110.02620697, 115.886604309, 171.752120972, 104.245223999, 85.3988571167, 48.6495018005, 15.7104854584, 20.0117225647, 10.3052024841], [844.112060547, -148.146331787, 341.867340088, 248.731048584, 83.8571166992, 66.5424499512, 104.245223999, 154.065689087, 97.4795227051, 38.2435569763, -0.000256020750385, 13.4935483932, 11.3992424011], [712.813537598, -143.273010254, 299.281677246, 218.063903809, 101.801750183, 68.0961532593, 85.3988571167, 97.4795227051, 155.161743164, 74.4649505615, 14.0926532745, 14.4868164062, 19.6254367828], [324.104431152, -105.579956055, 131.850036621, 43.879283905, 72.5234680176, 51.1511764526, 48.6495018005, 38.2435569763, 74.4649505615, 106.8671875, 48.5687332153, 30.8569145203, 19.7748146057], [-257.435424805, -13.9792690277, -107.03591156, -146.040481567, 15.8894338608, 23.2316989899, 15.7104854584, -0.000256020750385, 14.0926532745, 48.5687332153, 90.404838562, 47.2507820129, 24.130607605], [-90.1639785767, -23.8959560394, -54.8508529663, -96.4102706909, 8.37954998016, 17.7188911438, 20.0117225647, 13.4935483932, 14.4868164062, 30.8569145203, 47.2507820129, 69.2261276245, 38.3005714417], [-139.479614258, -15.8393974304, -72.3227844238, -86.0095901489, -4.14165067673, 3.3490626812, 10.3052024841, 11.3992424011, 19.6254367828, 19.7748146057, 24.130607605, 38.3005714417, 71.6790466309]],
