{
"lowlevel": {
    "average_loudness": 0.896433889866,
    "barkbands_crest": {
        "dmean": 2.97895312309,
        "dmean2": 4.57339525223,
        "dvar": 12.253452301,
        "dvar2": 24.4814510345,
        "max": 26.9603385925,
        "mean": 12.5234165192,
        "median": 10.6622905731,
        "min": 2.2284040451,
        "var": 47.556728363
    },
    "barkbands_flatness_db": {
        "dmean": 0.0322818420827,
        "dmean2": 0.0450290217996,
        "dvar": 0.00223720259964,
        "dvar2": 0.00448708143085,
        "max": 0.862187206745,
        "mean": 0.135197430849,
        "median": 0.115364640951,
        "min": 0.0181577131152,
        "var": 0.0110357236117
    },
    "barkbands_kurtosis": {
        "dmean": 45.7091941833,
        "dmean2": 74.6715621948,
        "dvar": 400238.84375,
        "dvar2": 815725.875,
        "max": 36930.2578125,
        "mean": 49.76720047,
        "median": 2.49178791046,
        "min": -1.81895661354,
        "var": 811968.0625
    },
    "barkbands_skewness": {
        "dmean": 1.14518857002,
        "dmean2": 1.74884533882,
        "dvar": 14.4892024994,
        "dvar2": 37.0932388306,
        "max": 161.885025024,
        "mean": 2.2850496769,
        "median": 1.62062454224,
        "min": -3.35952234268,
        "var": 26.1750030518
    },
    "barkbands_spread": {
        "dmean": 6.26350784302,
        "dmean2": 9.3616771698,
        "dvar": 57.9378967285,
        "dvar2": 114.708984375,
        "max": 127.575912476,
        "mean": 22.0736904144,
        "median": 19.5839614868,
        "min": 0.00661734305322,
        "var": 194.734344482
    },
    "dissonance": {
        "dmean": 0.0197950638831,
        "dmean2": 0.0331588052213,
        "dvar": 0.000866002519615,
        "dvar2": 0.00223788549192,
        "max": 0.500000119209,
        "mean": 0.47009024024,
        "median": 0.481356531382,
        "min": 0.0586236491799,
        "var": 0.00154417695012
    },
    "dynamic_complexity": 3.95771074295,
    "erbbands_crest": {
        "dmean": 2.3438577652,
        "dmean2": 3.8148150444,
        "dvar": 7.06928825378,
        "dvar2": 15.0899524689,
        "max": 33.339931488,
        "mean": 8.62317657471,
        "median": 7.35343599319,
        "min": 2.52933168411,
        "var": 23.7424068451
    },
    "erbbands_flatness_db": {
        "dmean": 0.0196890719235,
        "dmean2": 0.0309876929969,
        "dvar": 0.000732564367354,
        "dvar2": 0.00161161250435,
        "max": 0.621322870255,
        "mean": 0.138876020908,
        "median": 0.130297809839,
        "min": 0.054368276149,
        "var": 0.0034335560631
    },
    "erbbands_kurtosis": {
        "dmean": 2.15976071358,
        "dmean2": 3.50223374367,
        "dvar": 122.723999023,
        "dvar2": 250.642562866,
        "max": 177.472839355,
        "mean": 2.23368906975,
        "median": 0.183128356934,
        "min": -1.74939084053,
        "var": 192.073165894
    },
    "erbbands_skewness": {
        "dmean": 0.482327580452,
        "dmean2": 0.738030195236,
        "dvar": 0.501175642014,
        "dvar2": 1.0140184164,
        "max": 9.99258232117,
        "mean": 0.445941358805,
        "median": 0.351549267769,
        "min": -2.84556627274,
        "var": 1.34270656109
    },
    "erbbands_spread": {
        "dmean": 8.26429271698,
        "dmean2": 13.5294809341,
        "dvar": 78.5134963989,
        "dvar2": 190.583999634,
        "max": 186.29536438,
        "mean": 38.0905799866,
        "median": 36.1264724731,
        "min": 0.323190003633,
        "var": 265.885131836
    },
    "hfc": {
        "dmean": 14.2334041595,
        "dmean2": 23.1733703613,
        "dvar": 791.592346191,
        "dvar2": 2074.78076172,
        "max": 219.08732605,
        "mean": 20.5594024658,
        "median": 12.7069253922,
        "min": 1.06774498406e-16,
        "var": 775.109069824
    },
    "melbands_crest": {
        "dmean": 3.97207331657,
        "dmean2": 6.11597967148,
        "dvar": 23.1468276978,
        "dvar2": 45.7714157104,
        "max": 39.9988517761,
        "mean": 17.448923111,
        "median": 15.2368431091,
        "min": 1.63683521748,
        "var": 91.1800003052
    },
    "melbands_flatness_db": {
        "dmean": 0.0404029898345,
        "dmean2": 0.0540611073375,
        "dvar": 0.00295150117017,
        "dvar2": 0.00514132669196,
        "max": 1,
        "mean": 0.196608677506,
        "median": 0.177506014705,
        "min": 0.0030170569662,
        "var": 0.0172669757158
    },
    "melbands_kurtosis": {
        "dmean": 115.359672546,
        "dmean2": 167.583297729,
        "dvar": 15617781,
        "dvar2": 37384588,
        "max": 261277.796875,
        "mean": 134.237518311,
        "median": 9.60752773285,
        "min": -1.45446813107,
        "var": 18847728
    },
    "melbands_skewness": {
        "dmean": 1.38051640987,
        "dmean2": 2.07824063301,
        "dvar": 48.9583015442,
        "dvar2": 112.011398315,
        "max": 474.768554688,
        "mean": 3.56704592705,
        "median": 2.59170460701,
        "min": -3.08702945709,
        "var": 97.8893356323
    },
    "melbands_spread": {
        "dmean": 8.44554710388,
        "dmean2": 13.1105575562,
        "dvar": 115.033073425,
        "dvar2": 253.233810425,
        "max": 156.800582886,
        "mean": 25.3357048035,
        "median": 19.2505168915,
        "min": 0.00277205486782,
        "var": 534.66583252
    },
    "pitch_salience": {
        "dmean": 0.0988367199898,
        "dmean2": 0.152928858995,
        "dvar": 0.0141227375716,
        "dvar2": 0.029332658276,
        "max": 0.955275535583,
        "mean": 0.518155395985,
        "median": 0.544595658779,
        "min": 0.00106678646989,
        "var": 0.0482813492417
    },
    "silence_rate_20dB": {
        "dmean": 0,
        "dmean2": 0,
        "dvar": 0,
        "dvar2": 0,
        "max": 1,
        "mean": 1,
        "median": 1,
        "min": 1,
        "var": 0
    },
    "silence_rate_30dB": {
        "dmean": 0.0365809500217,
        "dmean2": 0.0731751471758,
        "dvar": 0.0352444387972,
        "dvar2": 0.073974981904,
        "max": 1,
        "mean": 0.910736918449,
        "median": 1,
        "min": 0,
        "var": 0.0812927857041
    },
    "silence_rate_60dB": {
        "dmean": 0.0572256445885,
        "dmean2": 0.114472016692,
        "dvar": 0.0539494007826,
        "dvar2": 0.122745081782,
        "max": 1,
        "mean": 0.186854973435,
        "median": 0,
        "min": 0,
        "var": 0.151936635375
    },
    "spectral_centroid": {
        "dmean": 358.449127197,
        "dmean2": 540.277832031,
        "dvar": 180321.734375,
        "dvar2": 354219.25,
        "max": 11977.3818359,
        "mean": 1792.31140137,
        "median": 1562.72680664,
        "min": 63.8698959351,
        "var": 1989458.25
    },
    "spectral_complexity": {
        "dmean": 6.12930107117,
        "dmean2": 8.76290512085,
        "dvar": 49.590927124,
        "dvar2": 91.4460678101,
        "max": 60,
        "mean": 17.9342746735,
        "median": 16,
        "min": 0,
        "var": 166.826629639
    },
    "spectral_decrease": {
        "dmean": 2.98533775478e-09,
        "dmean2": 4.7165569228e-09,
        "dvar": 2.62636792803e-17,
        "dvar2": 5.51459145949e-17,
        "max": 2.29398719382e-28,
        "mean": -7.64639107587e-09,
        "median": -4.36988090158e-09,
        "min": -4.33983018411e-08,
        "var": 9.21768450901e-17
    },
    "spectral_energy": {
        "dmean": 0.0123348198831,
        "dmean2": 0.0195825789124,
        "dvar": 0.000446218327852,
        "dvar2": 0.000973008282017,
        "max": 0.183118030429,
        "mean": 0.030724124983,
        "median": 0.0184373278171,
        "min": 9.76517166936e-21,
        "var": 0.00141046289355
    },
    "spectral_energyband_high": {
        "dmean": 0.000771101913415,
        "dmean2": 0.00123280659318,
        "dvar": 2.51968231169e-06,
        "dvar2": 6.52531934975e-06,
        "max": 0.0137321297079,
        "mean": 0.0011244546622,
        "median": 0.000428599771112,
        "min": 6.9661160689e-21,
        "var": 2.8800632208e-06
    },
    "spectral_energyband_low": {
        "dmean": 0.00592502811924,
        "dmean2": 0.00731247616932,
        "dvar": 0.000158587499755,
        "dvar2": 0.000188213176443,
        "max": 0.140751555562,
        "mean": 0.016777144745,
        "median": 0.000972486159299,
        "min": 1.51294654825e-23,
        "var": 0.000927805260289
    },
    "spectral_energyband_middle_high": {
        "dmean": 0.00480016786605,
        "dmean2": 0.00847096554935,
        "dvar": 0.000100007411675,
        "dvar2": 0.000271156808594,
        "max": 0.0956091061234,
        "mean": 0.00490876520053,
        "median": 0.00230062752962,
        "min": 1.14561950094e-21,
        "var": 7.36270158086e-05
    },
    "spectral_energyband_middle_low": {
        "dmean": 0.00585879664868,
        "dmean2": 0.00974403228611,
        "dvar": 0.000168526152265,
        "dvar2": 0.000396403629566,
        "max": 0.103533603251,
        "mean": 0.00838337372988,
        "median": 0.00304317194968,
        "min": 1.70475870844e-22,
        "var": 0.000203493473236
    },
    "spectral_entropy": {
        "dmean": 0.194021388888,
        "dmean2": 0.289674252272,
        "dvar": 0.118137687445,
        "dvar2": 0.229315444827,
        "max": 9.82074069977,
        "mean": 7.75956106186,
        "median": 7.90171861649,
        "min": 2.3343937397,
        "var": 0.545195817947
    },
    "spectral_flux": {
        "dmean": 0.0369291193783,
        "dmean2": 0.0580014288425,
        "dvar": 0.00268254382536,
        "dvar2": 0.00474845431745,
        "max": 0.390925377607,
        "mean": 0.0814627185464,
        "median": 0.0632487535477,
        "min": 6.41237479782e-11,
        "var": 0.0054184817709
    },
    "spectral_kurtosis": {
        "dmean": 3.25715041161,
        "dmean2": 5.1182141304,
        "dvar": 318.325592041,
        "dvar2": 723.503234863,
        "max": 472.692565918,
        "mean": 7.56019973755,
        "median": 3.75230264664,
        "min": -1.28339588642,
        "var": 611.56262207
    },
    "spectral_rms": {
        "dmean": 0.00107918097638,
        "dmean2": 0.00167709868401,
        "dvar": 2.39344831243e-06,
        "dvar2": 4.99119096276e-06,
        "max": 0.0133660668507,
        "mean": 0.00452826777473,
        "median": 0.00424118340015,
        "min": 3.08658328931e-12,
        "var": 9.46955606196e-06
    },
    "spectral_rolloff": {
        "dmean": 629.234191895,
        "dmean2": 975.234008789,
        "dvar": 874161.9375,
        "dvar2": 1715470.25,
        "max": 19659.8144531,
        "mean": 1963.76513672,
        "median": 1335.05859375,
        "min": 21.533203125,
        "var": 6954972.5
    },
    "spectral_skewness": {
        "dmean": 0.26944604516,
        "dmean2": 0.420319765806,
        "dvar": 0.616575658321,
        "dvar2": 1.20692670345,
        "max": 17.922454834,
        "mean": 1.80572879314,
        "median": 1.57986140251,
        "min": -0.0763900130987,
        "var": 1.98163664341
    },
    "spectral_spread": {
        "dmean": 651819.6875,
        "dmean2": 1082802.25,
        "dvar": 2.41437402726e+12,
        "dvar2": 6.51891887309e+12,
        "max": 43105432,
        "mean": 5874115.5,
        "median": 5548715,
        "min": 228380.078125,
        "var": 2.07557985567e+13
    },
    "spectral_strongpeak": {
        "dmean": 0.292586028576,
        "dmean2": 0.490616828203,
        "dvar": 0.270268261433,
        "dvar2": 0.680199921131,
        "max": 9.48973369598,
        "mean": 0.652658998966,
        "median": 0.429110616446,
        "min": 0,
        "var": 0.587225496769
    },
    "zerocrossingrate": {
        "dmean": 0.0145657602698,
        "dmean2": 0.0162630993873,
        "dvar": 0.00028342125006,
        "dvar2": 0.000320523104165,
        "max": 0.57080078125,
        "mean": 0.0733008012176,
        "median": 0.06201171875,
        "min": 0,
        "var": 0.00475772935897
    },
    "barkbands": {
        "dmean": [0.000400922988774, 0.00544151244685, 0.000945493578911, 0.000902028928977, 0.00226766127162, 0.00142751086969, 0.00104186800309, 0.000966418534517, 0.000843713467475, 0.000691272667609, 0.000833696685731, 0.00170687888749, 0.000541449408047, 0.000262610818027, 0.00026771237026, 0.000409952859627, 0.000302275147988, 0.00017307944654, 0.000224851217354, 0.000189954473171, 0.000138680348755, 0.000156460373546, 0.000112856723717, 0.000166519603226, 8.61971639097e-05, 6.03640219197e-05, 2.02678311325e-05],
        "dmean2": [0.000642842613161, 0.00723959831521, 0.00178620126098, 0.00166742119472, 0.00392851233482, 0.00252922577783, 0.0017869474832, 0.0017081113765, 0.00148637790699, 0.00123929488473, 0.00142561306711, 0.00316227413714, 0.000966919120401, 0.000460997922346, 0.000473967054859, 0.000747364538256, 0.000517655687872, 0.000300145940855, 0.000374445284251, 0.000307915586745, 0.000217243286897, 0.000274191144854, 0.000191386658116, 0.00028194457991, 0.000136369650136, 9.08286601771e-05, 3.13499804179e-05],
        "dvar": [1.04368427856e-06, 0.000163761564181, 1.81157229235e-05, 1.2548615814e-05, 3.28640780936e-05, 1.75761724677e-05, 8.29067539598e-06, 8.45435170049e-06, 2.00722456611e-06, 1.52538223119e-06, 2.76615446637e-06, 1.85367553058e-05, 1.32935372221e-06, 3.3326480775e-07, 3.667562396e-07, 8.20793957246e-07, 4.68682259225e-07, 1.06268075228e-07, 2.62225483993e-07, 1.31666709535e-07, 6.89957246891e-08, 1.24634425447e-07, 6.72651907507e-08, 3.03712255345e-07, 2.85466512651e-08, 1.20982965868e-08, 1.27852062271e-09],
        "dvar2": [1.96835890165e-06, 0.000224661940592, 5.29159369762e-05, 3.69559093087e-05, 8.86196066858e-05, 4.98839908687e-05, 2.11592177948e-05, 2.34414583247e-05, 5.27888869328e-06, 4.07766401622e-06, 7.07194658389e-06, 5.16373365826e-05, 3.61761340173e-06, 9.0544079967e-07, 1.01767136584e-06, 2.30858745454e-06, 1.3215171748e-06, 2.95428066011e-07, 6.93544336627e-07, 3.29523402343e-07, 1.73164124817e-07, 3.41666520853e-07, 1.84641208989e-07, 8.60527620716e-07, 6.41969251092e-08, 2.75641109937e-08, 2.94263591272e-09],
        "max": [0.0198640879244, 0.136486440897, 0.040558360517, 0.0344707295299, 0.0656138882041, 0.040847722441, 0.0362768620253, 0.0320817567408, 0.0158022623509, 0.0176512729377, 0.0151722738519, 0.0392582789063, 0.016211906448, 0.00756411394104, 0.0118126384914, 0.00882904417813, 0.00877010729164, 0.00493445573375, 0.00616691214964, 0.00511810928583, 0.00445566046983, 0.00400483515114, 0.00405643321574, 0.00550142116845, 0.00125147448853, 0.000917286844924, 0.000353675859515],
        "mean": [0.000876106496435, 0.0148880323395, 0.000656113727018, 0.000914354866836, 0.0029387997929, 0.0015884762397, 0.00109379738569, 0.000825219496619, 0.000810278346762, 0.000643924286123, 0.000708868552465, 0.00112735643052, 0.000467425357783, 0.000271142605925, 0.000283086264972, 0.000359726487659, 0.000368925917428, 0.000294197554467, 0.000340513564879, 0.000302256870782, 0.000217954904656, 0.000176711764652, 0.000140253832797, 0.000181935713044, 0.000123643156257, 9.39696546993e-05, 3.09396455123e-05],
        "median": [2.2274978619e-05, 8.47076807986e-05, 3.89812266803e-05, 7.95966479927e-05, 0.00051537132822, 0.000220018584514, 0.000240673485678, 0.000224556453759, 0.000283664354356, 0.000173534979695, 0.00012296946079, 0.000123967489344, 0.00014574182569, 9.68306630966e-05, 0.000108385400381, 0.000118708871014, 0.0001750660158, 0.00013832791592, 0.00011152253137, 9.54147908487e-05, 9.27717555896e-05, 6.56130068819e-05, 5.21395122632e-05, 5.09636993229e-05, 4.2249863327e-05, 3.12669180857e-05, 1.16002329378e-05],
        "min": [6.27054686723e-25, 2.64536576514e-24, 5.6919090116e-25, 1.76159246846e-24, 5.78860452453e-24, 1.05810063101e-23, 1.05313885369e-23, 8.86381783591e-24, 8.90104418202e-24, 1.46416118106e-23, 1.22981853179e-23, 2.77618990546e-23, 3.22903172157e-23, 3.851277315e-23, 3.61664610041e-23, 5.7110115348e-23, 5.79906923775e-23, 6.2353396106e-23, 1.04477836382e-22, 1.58078827055e-22, 1.98101476822e-22, 3.51662099888e-22, 4.14307576477e-22, 5.49059862295e-22, 8.26006181681e-22, 1.29072012722e-21, 2.00994670262e-21],
        "var": [4.35320680481e-06, 0.000808147131465, 9.96484141069e-06, 8.40523534862e-06, 4.02912519348e-05, 1.49306515596e-05, 9.49983314058e-06, 5.64222227695e-06, 1.84976249784e-06, 1.4527465737e-06, 2.36889900407e-06, 1.12298885142e-05, 9.33533272018e-07, 2.64299615083e-07, 2.85410749257e-07, 5.52574761059e-07, 3.82445307423e-07, 1.71565744722e-07, 4.23854544351e-07, 2.42487004698e-07, 9.13529660806e-08, 1.00476611919e-07, 5.97706915073e-08, 2.0207286866e-07, 3.98748447594e-08, 1.87576834065e-08, 1.92239668628e-09]
    },
    "erbbands": {
        "dmean": [0.244263246655, 0.905520319939, 1.0056886673, 2.1219394207, 4.49976730347, 8.50902843475, 11.8050308228, 11.1861066818, 15.2505712509, 16.572052002, 21.026676178, 19.924779892, 19.8284397125, 26.7108440399, 56.5879707336, 55.1154823303, 24.7874069214, 18.246389389, 11.8464775085, 18.5006065369, 21.6107692719, 16.95495224, 10.3937778473, 9.9699678421, 11.5720205307, 8.64639091492, 5.88898420334, 5.84997558594, 5.53574132919, 4.75276565552, 2.99778079987, 2.65183353424, 3.23178768158, 1.08744180202, 0.635380864143, 0.277127414942, 0.111600860953, 0.0330010727048, 0.00330914277583, 5.93010881857e-05],
        "dmean2": [0.315084248781, 1.25991559029, 1.83528661728, 3.93184185028, 7.86997365952, 14.8432407379, 20.5564079285, 19.9887561798, 26.0093727112, 29.9422798157, 36.4187202454, 35.0309638977, 35.3869972229, 45.6485366821, 103.263458252, 102.038749695, 43.9622154236, 32.4840621948, 20.4860439301, 33.5444259644, 39.1469421387, 28.5477542877, 17.932592392, 16.5382843018, 18.7393321991, 13.8017272949, 9.41107463837, 9.39761257172, 9.610455513, 8.20152664185, 5.09127950668, 4.30371761322, 5.62427377701, 1.75923991203, 1.00790512562, 0.436156004667, 0.168182626367, 0.0497325211763, 0.00504842447117, 8.97160643945e-05],
        "dvar": [0.32218837738, 4.7870798111, 17.2448749542, 77.7440490723, 225.764373779, 432.49230957, 886.717773438, 1182.93286133, 1952.66064453, 2558.19287109, 3036.71630859, 1168.52172852, 1139.92333984, 2270.4777832, 18007.625, 18759.2675781, 2796.00708008, 1468.55212402, 724.012878418, 1588.68615723, 2423.64355469, 1554.95007324, 387.976470947, 464.996246338, 655.527832031, 255.555145264, 108.789306641, 130.563568115, 146.043838501, 124.559638977, 50.8301277161, 52.1362457275, 148.901229858, 4.66089248657, 1.67395091057, 0.300895392895, 0.0399251133204, 0.00328206503764, 3.27058078256e-05, 9.55811696457e-09],
        "dvar2": [0.415468215942, 7.43942070007, 49.5162887573, 227.637969971, 636.609436035, 1166.60070801, 2471.13671875, 3346.93823242, 4924.97851562, 7297.94970703, 8228, 3092.91943359, 3121.27685547, 5772.63964844, 49601.0625, 52273.8125, 7566.76416016, 4002.28808594, 1970.9041748, 4439.61035156, 6823.19873047, 4381.16455078, 1075.45471191, 1255.79858398, 1709.66308594, 601.374633789, 261.564056396, 332.984924316, 396.560058594, 343.101837158, 141.001159668, 144.110717773, 429.071899414, 9.94819641113, 4.028008461, 0.750285148621, 0.0884120762348, 0.00708321481943, 7.33219858375e-05, 2.10744275364e-08],
        "max": [6.16300725937, 21.9462890625, 39.442527771, 86.6248168945, 226.347885132, 275.599029541, 332.109802246, 334.412811279, 567.603942871, 515.473876953, 652.030883789, 411.113586426, 345.103393555, 634.58203125, 1256.2779541, 1067.06018066, 734.662475586, 523.350952148, 470.403839111, 564.428894043, 465.243682861, 470.455383301, 272.60647583, 327.010101318, 338.691802979, 250.742111206, 159.857955933, 174.920700073, 149.618453979, 100.85785675, 120.528587341, 125.861831665, 126.454864502, 16.7219810486, 9.46838855743, 4.57872200012, 1.62380957603, 0.516376018524, 0.0566191934049, 0.000882982509211],
        "mean": [0.679011464119, 2.3484377861, 1.03785037994, 2.05358362198, 6.0698928833, 10.17029953, 14.2745904922, 11.425488472, 16.1551017761, 14.1172246933, 19.743680954, 19.5513572693, 18.1766242981, 25.1389141083, 39.7570037842, 38.3772239685, 21.7919139862, 17.1167430878, 13.6256561279, 17.2547111511, 19.9630317688, 20.9783115387, 17.416891098, 14.7125291824, 17.576883316, 14.4693670273, 9.99610900879, 8.29018497467, 6.4568772316, 5.26127099991, 3.79338574409, 3.27312302589, 3.23889303207, 1.57794976234, 0.82451415062, 0.374719172716, 0.181093603373, 0.0537321902812, 0.005089095328, 0.00011157165136],
        "median": [0.002142990008, 0.0269180145115, 0.194296687841, 0.255935311317, 0.802013158798, 1.8482452631, 1.82751834393, 2.0644133091, 3.45239090919, 3.44688487053, 6.52583408356, 7.40591478348, 4.69205713272, 6.58491945267, 5.24112796783, 5.9238038063, 6.44160509109, 5.79828691483, 5.46989822388, 7.15315485001, 7.7309756279, 10.3604364395, 8.29386138916, 5.83130836487, 5.57912731171, 4.50376701355, 4.20963048935, 3.25500440598, 2.36182308197, 1.91340327263, 1.4246686697, 1.04868090153, 0.80694514513, 0.469319820404, 0.297277092934, 0.131049603224, 0.056039635092, 0.0201687831432, 0.00186570303049, 6.11340510659e-05],
        "min": [1.11620031556e-22, 4.40749891097e-22, 8.47420587192e-22, 3.88006272321e-21, 1.00749403074e-20, 1.57594207966e-20, 3.62936673621e-20, 1.03847918252e-19, 1.00585059089e-19, 1.96786926886e-19, 2.19231141564e-19, 2.82593434979e-19, 5.45570540226e-19, 5.65478864715e-19, 9.24137760873e-19, 1.38377410992e-18, 1.83623073805e-18, 2.5902736952e-18, 2.62508662526e-18, 2.5710700769e-18, 3.47378179195e-18, 3.92943588674e-18, 4.37902178455e-18, 5.78955456691e-18, 7.22530436382e-18, 7.44632206041e-18, 7.61053809152e-18, 9.91485648294e-18, 1.0900553025e-17, 1.21541733675e-17, 1.12156525901e-17, 1.08635548906e-17, 9.72178591053e-18, 8.41653129986e-18, 6.47176970916e-18, 4.42058347443e-18, 2.09492485718e-18, 9.49050889959e-19, 2.67803859217e-19, 2.67690348065e-20],
        "var": [1.67580473423, 20.9793834686, 11.2440471649, 47.952331543, 276.914733887, 489.08694458, 995.555053711, 915.207702637, 2317.82177734, 1639.75524902, 2229.03759766, 1075.58239746, 1037.66113281, 2248.30810547, 11609.4736328, 11452.9501953, 2004.86462402, 1066.14489746, 608.781677246, 1119.45239258, 1643.88769531, 1251.49328613, 555.271240234, 624.427307129, 1200.01550293, 568.506896973, 210.062210083, 149.725524902, 125.632896423, 96.5978851318, 44.6364707947, 42.1614952087, 89.8265151978, 6.91094398499, 1.94781947136, 0.351608425379, 0.0685979872942, 0.00557243032381, 5.14332459716e-05, 1.68710059256e-08]
    },
    "gfcc": {
        "mean": [-36.7974815369, 40.6011276245, -105.935668945, 11.3697595596, -54.9260597229, 7.31573152542, -32.1725463867, 9.30998134613, -25.2256183624, 5.09937381744, -16.7020454407, 6.04218435287, -12.1239147186],
        "cov": [[34398.7265625, -302.5987854, -2699.91821289, 894.850402832, -1339.14953613, 339.7109375, -827.913635254, 652.721679688, -496.717407227, 352.034759521, -333.319274902, 508.434814453, -185.233917236], [-302.5987854, 2267.88232422, 1028.66357422, 308.230377197, 466.150115967, 142.329315186, 101.983055115, -125.390869141, 163.630813599, 6.34567260742, 149.048629761, -22.1331939697, 230.54624939], [-2699.91821289, 1028.66357422, 1537.54052734, 653.533081055, 696.920654297, 192.939849854, 323.502319336, 64.9409408569, 266.56451416, 71.2436904907, 180.344818115, 21.4859333038, 178.170455933], [894.850402832, 308.230377197, 653.533081055, 752.421264648, 513.140991211, 247.993270874, 234.633224487, 246.359817505, 212.661178589, 119.120384216, 110.27570343, 69.4905776978, 92.5137176514], [-1339.14953613, 466.150115967, 696.920654297, 513.140991211, 688.87310791, 333.075134277, 300.387664795, 135.178268433, 222.207214355, 56.4213562012, 143.163406372, 81.0825424194, 173.913345337], [339.7109375, 142.329315186, 192.939849854, 247.993270874, 333.075134277, 351.593933105, 235.858932495, 146.489471436, 89.0225219727, 45.3477935791, 74.9856796265, 101.558349609, 108.688903809], [-827.913635254, 101.983055115, 323.502319336, 234.633224487, 300.387664795, 235.858932495, 339.027282715, 211.006744385, 165.622360229, 70.6999053955, 98.2461395264, 38.7672233582, 78.4563827515], [652.721679688, -125.390869141, 64.9409408569, 246.359817505, 135.178268433, 146.489471436, 211.006744385, 341.030456543, 231.437393188, 151.296417236, 75.1254501343, 24.5067367554, -7.49897575378], [-496.717407227, 163.630813599, 266.56451416, 212.661178589, 222.207214355, 89.0225219727, 165.622360229, 231.437393188, 322.685638428, 174.75201416, 109.703720093, 2.79903292656, 20.4820518494], [352.034759521, 6.34567260742, 71.2436904907, 119.120384216, 56.4213562012, 45.3477935791, 70.6999053955, 151.296417236, 174.75201416, 178.515457153, 105.882400513, 20.3017711639, -12.1531839371], [-333.319274902, 149.048629761, 180.344818115, 110.27570343, 143.163406372, 74.9856796265, 98.2461395264, 75.1254501343, 109.703720093, 105.882400513, 164.82510376, 57.3022270203, 51.9467582703], [508.434814453, -22.1331939697, 21.4859333038, 69.4905776978, 81.0825424194, 101.558349609, 38.7672233582, 24.5067367554, 2.79903292656, 20.3017711639, 57.3022270203, 124.893203735, 83.3498458862], [-185.233917236, 230.54624939, 178.170455933, 92.5137176514, 173.913345337, 108.688903809, 78.4563827515, -7.49897575378, 20.4820518494, -12.1531839371, 51.9467582703, 83.3498458862, 162.49798584]],
        "icov": [[0.000113446287287, -0.00017622836458, 0.000253581500147, -0.000561617314816, 0.000501037517097, -0.000335702876328, 0.000317399099004, -0.000243810951361, 0.000255375023698, -0.000318591221003, 0.000307033682475, -0.000429238774814, 1.08573021862e-05], [-0.00017622836458, 0.00121688959189, -0.000955775729381, 0.000653951661661, 6.00809908065e-05, -0.000803373288363, 0.000435261754319, 0.00108913425356, -0.00147175381426, 0.00134494761005, -0.00159440212883, 0.0024939738214, -0.00142200221308], [0.000253581500147, -0.000955775729381, 0.00300156045705, -0.00287041044794, 0.000286523863906, 0.00109744153451, -0.00191276916303, 0.00181249668822, -0.000395243085222, -0.000683939259034, 0.000633225427009, -0.00146814144682, 0.000503974442836], [-0.000561617314816, 0.000653951661661, -0.00287041044794, 0.00880196969956, -0.00764268264174, 0.00316459685564, 0.00100650556851, -0.00532144960016, 0.00402321713045, -0.0025718761608, 0.00115962058771, 0.000549176940694, 0.000547612085938], [0.000501037517097, 6.00809908065e-05, 0.000286523863906, -0.00764268264174, 0.0143728889525, -0.00932559743524, 0.000690518994816, 0.00581297650933, -0.00859371386468, 0.00714128930122, -0.00420189928263, 0.00179901951924, -0.00264950073324], [-0.000335702876328, -0.000803373288363, 0.00109744153451, 0.00316459685564, -0.00932559743524, 0.0149120884016, -0.00712941633537, -0.00265159923583, 0.0060824691318, -0.00552047602832, 0.00475799385458, -0.0066948630847, 0.00181197817437], [0.000317399099004, 0.000435261754319, -0.00191276916303, 0.00100650556851, 0.000690518994816, -0.00712941633537, 0.0145922796801, -0.00884330738336, 0.00141496863216, 0.00278696999885, -0.00361004564911, 0.00445296987891, -0.00325531326234], [-0.000243810951361, 0.00108913425356, 0.00181249668822, -0.00532144960016, 0.00581297650933, -0.00265159923583, -0.00884330738336, 0.0193517953157, -0.0123895825818, 0.00203670258634, -0.00105737266131, 0.000411933899159, 0.00177480734419], [0.000255375023698, -0.00147175381426, -0.000395243085222, 0.00402321713045, -0.00859371386468, 0.0060824691318, 0.00141496863216, -0.0123895825818, 0.0209393482655, -0.0158157870173, 0.00588595028967, -0.000870030082297, -0.000861307082232], [-0.000318591221003, 0.00134494761005, -0.000683939259034, -0.0025718761608, 0.00714128930122, -0.00552047602832, 0.00278696999885, 0.00203670258634, -0.0158157870173, 0.0290308464319, -0.0155392754823, 0.00281645730138, 0.00242829066701], [0.000307033682475, -0.00159440212883, 0.000633225427009, 0.00115962058771, -0.00420189928263, 0.00475799385458, -0.00361004564911, -0.00105737266131, 0.00588595028967, -0.0155392754823, 0.0198386609554, -0.00935384538025, 0.00081822660286], [-0.000429238774814, 0.0024939738214, -0.00146814144682, 0.000549176940694, 0.00179901951924, -0.0066948630847, 0.00445296987891, 0.000411933899159, -0.000870030082297, 0.00281645730138, -0.00935384538025, 0.0245423037559, -0.011586913839], [1.08573021862e-05, -0.00142200221308, 0.000503974442836, 0.000547612085938, -0.00264950073324, 0.00181197817437, -0.00325531326234, 0.00177480734419, -0.000861307082232, 0.00242829066701, 0.00081822660286, -0.011586913839, 0.0165685769171]]
    },
    "melbands": {
        "dmean": [0.00179931591265, 0.00061700923834, 0.000422596320277, 0.000466901081381, 0.000407332670875, 0.000256401021034, 0.00022930817795, 0.000188404024811, 0.00016786037304, 0.000123272737255, 9.70410765149e-05, 0.000103762060462, 0.000151036423631, 0.000204499112442, 7.81034250394e-05, 5.61488704989e-05, 2.97230290016e-05, 1.83075226232e-05, 2.10832386074e-05, 2.94375458907e-05, 2.35838706431e-05, 1.93297437363e-05, 1.31995075208e-05, 6.96469533068e-06, 8.56922997627e-06, 9.59263434197e-06, 7.52975756768e-06, 5.61371007279e-06, 4.23259371019e-06, 3.16686919177e-06, 3.70129509975e-06, 3.22939558828e-06, 3.0422013424e-06, 2.49720619649e-06, 1.80955044016e-06, 1.5232478745e-06, 1.66422853454e-06, 2.87028296952e-06, 1.17972206226e-06, 8.28413703857e-07],
        "dmean2": [0.00238727009855, 0.000984037993476, 0.000771181716118, 0.000810997153167, 0.000709989573807, 0.000457841000753, 0.000391012552427, 0.000340136699378, 0.000290045922156, 0.000217726628762, 0.000173764448846, 0.000177618072485, 0.000268433184829, 0.00037768020411, 0.000142144112033, 0.000101249082945, 5.25495634065e-05, 3.1685896829e-05, 3.78597324016e-05, 5.35762046638e-05, 4.25216385338e-05, 3.31421542796e-05, 2.221781142e-05, 1.19423521028e-05, 1.41959226312e-05, 1.60027630045e-05, 1.21578332255e-05, 8.93941978575e-06, 6.91512786943e-06, 4.895105576e-06, 6.1694336182e-06, 5.65911796002e-06, 5.30266243004e-06, 4.28445719081e-06, 3.09108213514e-06, 2.58305226453e-06, 2.71079352387e-06, 5.10343988935e-06, 1.90432774616e-06, 1.32516925078e-06],
        "dvar": [1.80556380656e-05, 3.0514527225e-06, 2.77190019915e-06, 1.63846016221e-06, 1.00805448255e-06, 6.20287551101e-07, 4.34821345152e-07, 3.48192401134e-07, 1.68351263596e-07, 4.20930703626e-08, 2.7469067021e-08, 3.47265824985e-08, 1.10120502939e-07, 2.64663867711e-07, 3.20352881999e-08, 1.4790798808e-08, 3.88974896737e-09, 1.83496751127e-09, 2.30149965752e-09, 3.80408238243e-09, 2.79931477998e-09, 2.14146611555e-09, 6.69187538715e-10, 1.92124247067e-10, 3.42459949287e-10, 4.85602058564e-10, 2.60460736312e-10, 1.1511935849e-10, 5.94173113488e-11, 4.1614458407e-11, 5.02245259271e-11, 5.12677296449e-11, 5.5181314379e-11, 3.08542219551e-11, 2.05208905424e-11, 1.71520436743e-11, 2.07109190908e-11, 1.50445336744e-10, 5.87772365501e-12, 2.65097254044e-12],
        "dvar2": [2.44785296672e-05, 7.08054631104e-06, 8.06483058113e-06, 4.44630995844e-06, 2.78702464129e-06, 1.75541777026e-06, 1.10035159651e-06, 9.91287151919e-07, 4.52027222764e-07, 1.11241284628e-07, 7.54984768037e-08, 8.86380178144e-08, 2.9694771797e-07, 7.3584050142e-07, 8.79231123463e-08, 4.06316793544e-08, 1.05650714843e-08, 4.99037700052e-09, 6.44460929067e-09, 1.06132445055e-08, 7.86944465148e-09, 6.06298256045e-09, 1.85836401823e-09, 5.37944522261e-10, 9.18348896928e-10, 1.31666910708e-09, 6.72047417716e-10, 2.72115274758e-10, 1.46936393608e-10, 1.08051408099e-10, 1.29968924512e-10, 1.40389658232e-10, 1.54750934289e-10, 8.34231711488e-11, 5.75575698214e-11, 4.81021403265e-11, 5.67988538147e-11, 4.39421471432e-10, 1.30606289672e-11, 5.38111265616e-12],
        "max": [0.0454585328698, 0.0203755944967, 0.0156620331109, 0.015606187284, 0.0131406784058, 0.0076670832932, 0.00840148702264, 0.00607201596722, 0.00489351619035, 0.00242307316512, 0.00170369772241, 0.00283510913141, 0.00330720026977, 0.00465328153223, 0.00144843920134, 0.00161465432029, 0.000894513272215, 0.000755209766794, 0.000815184554085, 0.000514798564836, 0.000529238895979, 0.000549466407392, 0.0003737701918, 0.000190902588656, 0.000313171418384, 0.000267767201876, 0.000241196088609, 0.000206696728128, 0.000139603682328, 0.000134862173581, 8.34145248518e-05, 9.11120368983e-05, 6.9040695962e-05, 5.69679941691e-05, 8.56910919538e-05, 9.27187793422e-05, 6.18182239123e-05, 0.000128013576614, 1.92653151316e-05, 1.35223363031e-05],
        "mean": [0.00497145811096, 0.00133243051823, 0.00044783539488, 0.000624178908765, 0.000486490840558, 0.000264997186605, 0.000242955240537, 0.000155434740009, 0.000162038762937, 0.00011755630112, 8.78827559063e-05, 9.76569062914e-05, 0.000114355672849, 0.000135697118822, 6.0721184127e-05, 4.75238521176e-05, 2.87161128654e-05, 2.08892797673e-05, 2.17459000851e-05, 2.56178700511e-05, 2.20237525355e-05, 2.15783929889e-05, 2.12111590372e-05, 1.10825885713e-05, 1.18527241284e-05, 1.27302946566e-05, 1.18279267554e-05, 9.21165701584e-06, 6.68652910463e-06, 4.99409634358e-06, 4.72385499961e-06, 3.67801453649e-06, 3.23417020809e-06, 2.81514257949e-06, 2.26829547501e-06, 1.84699786132e-06, 2.04123875847e-06, 2.59382954937e-06, 1.55639554578e-06, 1.25347264657e-06],
        "median": [2.0959538233e-05, 0.000113289439469, 5.44220602023e-05, 0.000101776560768, 6.90578162903e-05, 4.48099890491e-05, 5.1823699323e-05, 4.17180199292e-05, 5.57690582355e-05, 4.22423800046e-05, 2.15549080167e-05, 2.50245266216e-05, 1.69208160514e-05, 1.54853860295e-05, 1.34603933475e-05, 1.50287323777e-05, 9.93519097392e-06, 8.10636538517e-06, 8.78984610608e-06, 8.50031665323e-06, 8.39712902234e-06, 9.59347653406e-06, 9.47843727772e-06, 5.313483598e-06, 4.1009279812e-06, 4.12244116887e-06, 3.43901706401e-06, 2.81451639239e-06, 2.66207507593e-06, 2.1407568056e-06, 1.76529033524e-06, 1.3454632608e-06, 1.10054713787e-06, 1.01294574506e-06, 8.39470089886e-07, 6.87761883e-07, 6.08575817296e-07, 5.58044803256e-07, 4.98100121149e-07, 3.51471300064e-07],
        "min": [1.07562673402e-24, 3.59067839686e-25, 1.0622144223e-24, 8.58609225447e-25, 1.08783553982e-24, 2.64593453385e-24, 1.47136324447e-24, 2.44333986782e-24, 2.09753263204e-24, 1.3997894015e-24, 2.81119221602e-24, 2.28334625446e-24, 2.22009242885e-24, 3.10985949069e-24, 3.06134178401e-24, 1.94710415437e-24, 3.67711773194e-24, 2.55941700293e-24, 3.00735332694e-24, 3.45073082379e-24, 3.81967633599e-24, 3.52405702265e-24, 4.14365441002e-24, 3.3026762258e-24, 3.041345935e-24, 3.92052234196e-24, 5.0083619247e-24, 4.66379694763e-24, 4.14107877916e-24, 4.04456322513e-24, 5.54550993683e-24, 5.47288148544e-24, 5.69513436802e-24, 5.91747363086e-24, 5.75266402168e-24, 5.40304441836e-24, 5.75004894778e-24, 6.15006335231e-24, 5.15405230655e-24, 5.59142874127e-24],
        "var": [8.98462385521e-05, 6.76054196447e-06, 1.91620142687e-06, 2.16116086449e-06, 1.0661306078e-06, 4.86627982355e-07, 5.13077281994e-07, 2.18243840777e-07, 1.28562561486e-07, 3.90486007973e-08, 2.49591458612e-08, 3.4831611373e-08, 7.85253675417e-08, 1.61628420869e-07, 2.10238670917e-08, 9.99148763725e-09, 2.9460218709e-09, 1.55502799526e-09, 1.74309755518e-09, 2.62457366951e-09, 1.93601601417e-09, 1.62268332105e-09, 8.78348727085e-10, 2.52128123934e-10, 4.54126541927e-10, 5.75807734826e-10, 6.00064997691e-10, 2.26891491706e-10, 1.1115148385e-10, 5.36722818967e-11, 5.28766891383e-11, 4.3436493985e-11, 4.00778021881e-11, 2.58906212441e-11, 1.75570721156e-11, 1.32278328915e-11, 1.71524044967e-11, 8.46276729249e-11, 7.39356232488e-12, 4.43656656551e-12]
    },
    "mfcc": {
        "mean": [-675.086486816, 87.3779754639, -2.00332021713, 9.50883769989, -3.30422258377, -0.530218958855, 0.919669806957, 1.67653489113, -0.379029661417, -2.03051614761, 0.508089900017, 1.70844686031, -2.81926465034],
        "cov": [[14948.1435547, 360.414154053, -626.939758301, 307.507507324, 63.8069419861, -139.81161499, -25.6367549896, 157.603652954, 150.680465698, 160.574798584, -153.65536499, 124.527137756, 291.997589111], [360.414154053, 1629.18811035, 577.145019531, 191.550033569, 251.768493652, 237.163803101, 65.8984603882, -27.7481861115, 6.82428789139, -13.8463191986, -85.16796875, -0.513229072094, 36.544467926], [-626.939758301, 577.145019531, 859.002868652, 524.303588867, 344.684387207, 232.925186157, 170.538284302, 99.4663314819, 95.2673187256, 112.579772949, 104.506889343, 51.8439369202, 52.0175056458], [307.507507324, 191.550033569, 524.303588867, 652.411132812, 417.99810791, 203.689575195, 175.677398682, 162.697036743, 165.664505005, 192.120025635, 122.17313385, 90.9225616455, 81.6724014282], [63.8069419861, 251.768493652, 344.684387207, 417.99810791, 486.781860352, 308.399597168, 184.160964966, 174.516464233, 165.641784668, 100.46661377, 39.503162384, 71.9149780273, 136.778182983], [-139.81161499, 237.163803101, 232.925186157, 203.689575195, 308.399597168, 322.242004395, 209.933990479, 153.232574463, 121.01839447, 21.7821617126, -21.660736084, 16.9463539124, 109.514450073], [-25.6367549896, 65.8984603882, 170.538284302, 175.677398682, 184.160964966, 209.933990479, 287.731292725, 191.361434937, 117.389793396, 72.6942138672, 0.0738708078861, 46.4120101929, 99.9356689453], [157.603652954, -27.7481861115, 99.4663314819, 162.697036743, 174.516464233, 153.232574463, 191.361434937, 244.108291626, 185.540527344, 97.2195739746, 59.8912315369, 59.3837776184, 85.237739563], [150.680465698, 6.82428789139, 95.2673187256, 165.664505005, 165.641784668, 121.01839447, 117.389793396, 185.540527344, 240.958343506, 147.455978394, 77.6520843506, 70.742149353, 86.0416564941], [160.574798584, -13.8463191986, 112.579772949, 192.120025635, 100.46661377, 21.7821617126, 72.6942138672, 97.2195739746, 147.455978394, 280.99395752, 177.857940674, 142.210525513, 71.7493743896], [-153.65536499, -85.16796875, 104.506889343, 122.17313385, 39.503162384, -21.660736084, 0.0738708078861, 59.8912315369, 77.6520843506, 177.857940674, 261.961975098, 138.939086914, 2.42611241341], [124.527137756, -0.513229072094, 51.8439369202, 90.9225616455, 71.9149780273, 16.9463539124, 46.4120101929, 59.3837776184, 70.742149353, 142.210525513, 138.939086914, 175.406356812, 99.0679931641], [291.997589111, 36.544467926, 52.0175056458, 81.6724014282, 136.778182983, 109.514450073, 99.9356689453, 85.237739563, 86.0416564941, 71.7493743896, 2.42611241341, 99.0679931641, 184.127166748]],
