{
"lowlevel": {
    "average_loudness": 0.954219400883,
    "barkbands_crest": {
        "dmean": 2.70103025436,
        "dmean2": 4.03840684891,
        "dvar": 8.39968681335,
        "dvar2": 16.932012558,
        "max": 26.6595516205,
        "mean": 11.3962144852,
        "median": 10.6608047485,
        "min": 2.1156141758,
        "var": 28.9630336761
    },
    "barkbands_flatness_db": {
        "dmean": 0.0256458409131,
        "dmean2": 0.0387341454625,
        "dvar": 0.00101906131022,
        "dvar2": 0.00222564209253,
        "max": 0.45272269845,
        "mean": 0.102269679308,
        "median": 0.0929299592972,
        "min": 0.0133278174326,
        "var": 0.00260578491725
    },
    "barkbands_kurtosis": {
        "dmean": 4.57381677628,
        "dmean2": 7.28750038147,
        "dvar": 315.016662598,
        "dvar2": 678.10925293,
        "max": 803.874450684,
        "mean": 4.90685892105,
        "median": 1.24629688263,
        "min": -1.94741666317,
        "var": 517.744628906
    },
    "barkbands_skewness": {
        "dmean": 0.74288392067,
        "dmean2": 1.12732315063,
        "dvar": 1.08409130573,
        "dvar2": 2.38876318932,
        "max": 25.7222957611,
        "mean": 1.39916038513,
        "median": 1.33959758282,
        "min": -10.9707574844,
        "var": 3.5619225502
    },
    "barkbands_spread": {
        "dmean": 11.3432073593,
        "dmean2": 17.5068683624,
        "dvar": 161.967819214,
        "dvar2": 365.56817627,
        "max": 141.468200684,
        "mean": 43.4675331116,
        "median": 39.9365692139,
        "min": 0.250049799681,
        "var": 463.219940186
    },
    "dissonance": {
        "dmean": 0.00949062686414,
        "dmean2": 0.0159115493298,
        "dvar": 0.00012885851902,
        "dvar2": 0.000341586652212,
        "max": 0.5,
        "mean": 0.483975291252,
        "median": 0.488889247179,
        "min": 0.264428049326,
        "var": 0.000277063227259
    },
    "dynamic_complexity": 2.71284484863,
    "erbbands_crest": {
        "dmean": 1.92971670628,
        "dmean2": 3.18784761429,
        "dvar": 4.88779830933,
        "dvar2": 12.2585258484,
        "max": 28.4723739624,
        "mean": 6.14483165741,
        "median": 5.02633666992,
        "min": 2.13636112213,
        "var": 10.8250226974
    },
    "erbbands_flatness_db": {
        "dmean": 0.0145739521831,
        "dmean2": 0.02129560709,
        "dvar": 0.000303549080854,
        "dvar2": 0.000611740048043,
        "max": 0.432668626308,
        "mean": 0.0985815003514,
        "median": 0.0877280980349,
        "min": 0.0338236242533,
        "var": 0.00157491001301
    },
    "erbbands_kurtosis": {
        "dmean": 0.966620266438,
        "dmean2": 1.51641249657,
        "dvar": 4.84489679337,
        "dvar2": 10.9361248016,
        "max": 50.1238517761,
        "mean": 0.441952049732,
        "median": -0.165597200394,
        "min": -1.83526313305,
        "var": 9.23358154297
    },
    "erbbands_skewness": {
        "dmean": 0.373848825693,
        "dmean2": 0.567434728146,
        "dvar": 0.193129897118,
        "dvar2": 0.431478321552,
        "max": 4.88266515732,
        "mean": -0.499045670033,
        "median": -0.516676306725,
        "min": -5.80997753143,
        "var": 0.567378044128
    },
    "erbbands_spread": {
        "dmean": 11.7150602341,
        "dmean2": 17.7254104614,
        "dvar": 187.324005127,
        "dvar2": 436.433197021,
        "max": 180.188781738,
        "mean": 53.6074295044,
        "median": 51.7792396545,
        "min": 1.83430957794,
        "var": 446.083465576
    },
    "hfc": {
        "dmean": 14.1020307541,
        "dmean2": 21.244386673,
        "dvar": 420.993469238,
        "dvar2": 972.839355469,
        "max": 192.423904419,
        "mean": 38.6069869995,
        "median": 30.8825550079,
        "min": 1.1565001403e-16,
        "var": 1096.51196289
    },
    "melbands_crest": {
        "dmean": 3.47382187843,
        "dmean2": 5.57587051392,
        "dvar": 14.0128707886,
        "dvar2": 34.6711845398,
        "max": 37.8930587769,
        "mean": 17.850736618,
        "median": 18.508682251,
        "min": 1.68317389488,
        "var": 64.2504425049
    },
    "melbands_flatness_db": {
        "dmean": 0.0333987958729,
        "dmean2": 0.0505634099245,
        "dvar": 0.00171537778806,
        "dvar2": 0.00391272408888,
        "max": 0.549233853817,
        "mean": 0.165095552802,
        "median": 0.165059432387,
        "min": 0.00676186056808,
        "var": 0.00612681219354
    },
    "melbands_kurtosis": {
        "dmean": 16.85338974,
        "dmean2": 26.1069374084,
        "dvar": 1867.41821289,
        "dvar2": 4115.52783203,
        "max": 1852.00952148,
        "mean": 27.3624515533,
        "median": 13.3831043243,
        "min": -1.88809633255,
        "var": 3304.85449219
    },
    "melbands_skewness": {
        "dmean": 1.21078372002,
        "dmean2": 1.82861661911,
        "dvar": 2.63968276978,
        "dvar2": 5.57977247238,
        "max": 37.4720153809,
        "mean": 3.85970640182,
        "median": 3.54411101341,
        "min": -4.22422218323,
        "var": 8.12141227722
    },
    "melbands_spread": {
        "dmean": 13.3398828506,
        "dmean2": 20.8986701965,
        "dvar": 359.822937012,
        "dvar2": 813.211364746,
        "max": 264.06149292,
        "mean": 39.8155059814,
        "median": 27.8549880981,
        "min": 0.26397806406,
        "var": 1313.25134277
    },
    "pitch_salience": {
        "dmean": 0.0870996117592,
        "dmean2": 0.132452532649,
        "dvar": 0.0103279286996,
        "dvar2": 0.0228942614049,
        "max": 0.965454995632,
        "mean": 0.51505190134,
        "median": 0.513638436794,
        "min": 0.0210204161704,
        "var": 0.0293549112976
    },
    "silence_rate_20dB": {
        "dmean": 0,
        "dmean2": 0,
        "dvar": 0,
        "dvar2": 0,
        "max": 1,
        "mean": 1,
        "median": 1,
        "min": 1,
        "var": 0
    },
    "silence_rate_30dB": {
        "dmean": 0.011832524091,
        "dmean2": 0.0236686393619,
        "dvar": 0.0116922678426,
        "dvar2": 0.0343367680907,
        "max": 1,
        "mean": 0.993781268597,
        "median": 1,
        "min": 0,
        "var": 0.00617982400581
    },
    "silence_rate_60dB": {
        "dmean": 0.0300364084542,
        "dmean2": 0.0600819289684,
        "dvar": 0.0291332788765,
        "dvar2": 0.0704288333654,
        "max": 1,
        "mean": 0.124526008964,
        "median": 0,
        "min": 0,
        "var": 0.10901683569
    },
    "spectral_centroid": {
        "dmean": 412.65536499,
        "dmean2": 627.69543457,
        "dvar": 242095.578125,
        "dvar2": 526146,
        "max": 10555.8076172,
        "mean": 2411.40112305,
        "median": 2433.8894043,
        "min": 133.914047241,
        "var": 780460.25
    },
    "spectral_complexity": {
        "dmean": 5.58889579773,
        "dmean2": 8.55621337891,
        "dvar": 46.4295654297,
        "dvar2": 94.3982620239,
        "max": 60,
        "mean": 22.0667381287,
        "median": 21,
        "min": 0,
        "var": 197.676528931
    },
    "spectral_decrease": {
        "dmean": 2.56064636162e-09,
        "dmean2": 3.71854902426e-09,
        "dvar": 1.79278063619e-17,
        "dvar2": 3.70636305992e-17,
        "max": 4.50188270587e-15,
        "mean": -8.06770561468e-09,
        "median": -7.11069025883e-09,
        "min": -3.6403623227e-08,
        "var": 4.57358153022e-17
    },
    "spectral_energy": {
        "dmean": 0.0101631656289,
        "dmean2": 0.0146385440603,
        "dvar": 0.000267815688858,
        "dvar2": 0.000542463210877,
        "max": 0.143299773335,
        "mean": 0.0339511558414,
        "median": 0.0310607347637,
        "min": 1.04277877687e-20,
        "var": 0.000724379264284
    },
    "spectral_energyband_high": {
        "dmean": 0.00132554513402,
        "dmean2": 0.00198576808907,
        "dvar": 4.04018419431e-06,
        "dvar2": 8.71124211699e-06,
        "max": 0.027336705476,
        "mean": 0.00325380521826,
        "median": 0.00216122134589,
        "min": 7.28684404231e-21,
        "var": 1.1757185348e-05
    },
    "spectral_energyband_low": {
        "dmean": 0.00728851044551,
        "dmean2": 0.0107281850651,
        "dvar": 0.000154156514327,
        "dvar2": 0.000275153230177,
        "max": 0.122551061213,
        "mean": 0.0202490817755,
        "median": 0.0152332559228,
        "min": 2.80122267079e-23,
        "var": 0.000445615820354
    },
    "spectral_energyband_middle_high": {
        "dmean": 0.00171794253401,
        "dmean2": 0.00275431177579,
        "dvar": 7.38734934203e-06,
        "dvar2": 1.8886226826e-05,
        "max": 0.0273467581719,
        "mean": 0.00391681026667,
        "median": 0.00305747403763,
        "min": 1.45353233428e-21,
        "var": 1.37199049277e-05
    },
    "spectral_energyband_middle_low": {
        "dmean": 0.006311011035,
        "dmean2": 0.0107919033617,
        "dvar": 0.000268105504801,
        "dvar2": 0.000715685717296,
        "max": 0.123851262033,
        "mean": 0.00747319869697,
        "median": 0.00381927913986,
        "min": 2.14042374098e-22,
        "var": 0.000200793903787
    },
    "spectral_entropy": {
        "dmean": 0.159634828568,
        "dmean2": 0.241121798754,
        "dvar": 0.0452374853194,
        "dvar2": 0.111014790833,
        "max": 9.78835773468,
        "mean": 8.14427661896,
        "median": 8.24285888672,
        "min": 5.49229335785,
        "var": 0.175619244576
    },
    "spectral_flux": {
        "dmean": 0.0320220217109,
        "dmean2": 0.0448582097888,
        "dvar": 0.00182009465061,
        "dvar2": 0.00294625642709,
        "max": 0.356393426657,
        "mean": 0.0931707620621,
        "median": 0.0765362381935,
        "min": 1.02116537448e-10,
        "var": 0.00513840047643
    },
    "spectral_kurtosis": {
        "dmean": 0.701620519161,
        "dmean2": 1.0935921669,
        "dvar": 1.78962397575,
        "dvar2": 4.01206445694,
        "max": 66.2523956299,
        "mean": 2.49124455452,
        "median": 2.11733436584,
        "min": -1.26688408852,
        "var": 4.00999832153
    },
    "spectral_rms": {
        "dmean": 0.000817671185359,
        "dmean2": 0.00113492226228,
        "dvar": 1.39933729315e-06,
        "dvar2": 2.44415969064e-06,
        "max": 0.0118239019066,
        "mean": 0.00513397622854,
        "median": 0.00550483027473,
        "min": 3.18958488094e-12,
        "var": 6.76531499266e-06
    },
    "spectral_rolloff": {
        "dmean": 1178.24963379,
        "dmean2": 1920.8638916,
        "dvar": 2652637,
        "dvar2": 5761189,
        "max": 19336.8164062,
        "mean": 3780.31420898,
        "median": 2583.984375,
        "min": 43.06640625,
        "var": 19385374
    },
    "spectral_skewness": {
        "dmean": 0.136791661382,
        "dmean2": 0.212639078498,
        "dvar": 0.0297611933202,
        "dvar2": 0.0673966482282,
        "max": 5.15927362442,
        "mean": 1.21151506901,
        "median": 1.21205115318,
        "min": -0.513252437115,
        "var": 0.0848929211497
    },
    "spectral_spread": {
        "dmean": 652835.125,
        "dmean2": 953522.5625,
        "dvar": 819281854464,
        "dvar2": 1.38142154752e+12,
        "max": 46803276,
        "mean": 6741080,
        "median": 6822921.5,
        "min": 1233069.75,
        "var": 2.75167287706e+12
    },
    "spectral_strongpeak": {
        "dmean": 0.243513658643,
        "dmean2": 0.410198003054,
        "dvar": 0.386958003044,
        "dvar2": 0.995593547821,
        "max": 12.4369525909,
        "mean": 0.428061544895,
        "median": 0.24009488523,
        "min": 0,
        "var": 0.464354366064
    },
    "zerocrossingrate": {
        "dmean": 0.0198830906302,
        "dmean2": 0.0227913483977,
        "dvar": 0.000492128019687,
        "dvar2": 0.000589454022702,
        "max": 0.89208984375,
        "mean": 0.158716291189,
        "median": 0.0986328125,
        "min": 0.00390625,
        "var": 0.0429718419909
    },
    "barkbands": {
        "dmean": [0.000455397675978, 0.00658206734806, 0.00334331393242, 0.00252688094042, 0.0030087842606, 0.000832782650832, 0.000410418986576, 0.000307802227326, 0.000406641396694, 0.000176012021257, 0.000211191392737, 0.000178091853741, 0.000259770080447, 0.000241365385591, 0.000262389279669, 0.00021179227042, 0.000272805511486, 0.000283035740722, 0.000324030785123, 0.000265724258497, 0.000261356879491, 0.00025079169427, 0.000272206874797, 0.000226879667025, 0.000227672659094, 0.000202185648959, 7.39333772799e-05],
        "dmean2": [0.000669452245347, 0.00930330809206, 0.00590519141406, 0.00448174308985, 0.00536214420572, 0.00151155109052, 0.000663911225274, 0.000514427025337, 0.000667054380756, 0.000290874653729, 0.00033382786205, 0.000285291462205, 0.000439966301201, 0.000405246653827, 0.000434287270764, 0.000343695370248, 0.000455896923086, 0.000462119962322, 0.000540240958799, 0.00043131338316, 0.000418378011091, 0.000400271586841, 0.000419431453338, 0.000350833433913, 0.000355303287506, 0.00030089286156, 0.00011731666018],
        "dvar": [5.46157025383e-07, 0.000143625977216, 8.21580470074e-05, 5.16013242304e-05, 7.49637038098e-05, 4.87542638439e-06, 9.29218458623e-07, 5.23602750491e-07, 6.96343818163e-07, 1.71648323999e-07, 2.1958746288e-07, 2.09000006635e-07, 3.07972271685e-07, 2.44668939331e-07, 2.63396998434e-07, 1.97268448687e-07, 2.95827135233e-07, 2.30593940387e-07, 2.95100647918e-07, 1.67694679476e-07, 1.72767187223e-07, 1.64848117379e-07, 3.42817088494e-07, 1.62034496043e-07, 1.34919460493e-07, 1.07273770311e-07, 1.38224471868e-08],
        "dvar2": [1.01190221358e-06, 0.000236340420088, 0.00022694877407, 0.000141373719089, 0.000209823105251, 1.38791392601e-05, 2.07812536246e-06, 1.32639456751e-06, 1.73324110619e-06, 4.17222565829e-07, 4.99337943438e-07, 4.85525674776e-07, 7.83397410942e-07, 6.27415317922e-07, 6.77819798511e-07, 4.87318288833e-07, 8.02366287189e-07, 5.3531971389e-07, 7.51959703393e-07, 4.0676522417e-07, 3.94790447444e-07, 3.90077559587e-07, 6.63591777084e-07, 3.54710010697e-07, 3.169860463e-07, 2.53554361507e-07, 3.01217077947e-08],
        "max": [0.00862084049731, 0.120682328939, 0.0757464766502, 0.0618300028145, 0.0701485723257, 0.0183199346066, 0.0247252751142, 0.0129719590768, 0.0159884449095, 0.00950549449772, 0.0117258839309, 0.0122948177159, 0.0109794186428, 0.00752707617357, 0.00776127027348, 0.0100745875388, 0.0122105898336, 0.0130294449627, 0.00973422918469, 0.00724677368999, 0.00791432242841, 0.00675633922219, 0.0153342811391, 0.00970839336514, 0.00676678540185, 0.0070665278472, 0.00224773143418],
        "mean": [0.00123893946875, 0.0145384278148, 0.00357497017831, 0.00220919726416, 0.00283903442323, 0.000816825428046, 0.000583207933232, 0.000428999424912, 0.00053040671628, 0.000231010781135, 0.000319119455526, 0.000268697127467, 0.000328146066749, 0.000324443652062, 0.000372788868845, 0.000323377898894, 0.000415372604039, 0.000512180326041, 0.000562002009246, 0.000519792549312, 0.000517835724168, 0.000507488148287, 0.000544018810615, 0.000477926805615, 0.00045888897148, 0.000384846061934, 0.000123262900161],
        "median": [0.000279035884887, 0.00806386955082, 0.00157048739493, 0.000677772448398, 0.0010434872238, 0.000297987717204, 0.000171294683241, 0.000117938216135, 0.000171870793565, 8.3376224211e-05, 0.000106323095679, 9.95406371658e-05, 0.000141845303006, 0.000143011202454, 0.000177640322363, 0.000166355632246, 0.000223795563215, 0.000318110221997, 0.000384049548302, 0.000371488422388, 0.000327219080646, 0.000300273299217, 0.000289168965537, 0.000267079594778, 0.000260375993093, 0.000207699020393, 5.76599304623e-05],
        "min": [1.38480922873e-24, 1.71771444719e-24, 1.04380599809e-23, 2.57620341079e-23, 2.66404954125e-23, 1.75131885679e-23, 3.60632748423e-23, 4.40280058164e-23, 3.69905871472e-23, 8.27056035639e-23, 8.61951581771e-23, 1.02973175713e-22, 9.13037456687e-23, 6.20286820247e-23, 5.72056053829e-23, 1.63546617627e-22, 1.59083621278e-22, 1.79444361056e-22, 1.60607246163e-22, 2.69554781056e-22, 4.65794016028e-22, 3.38439226016e-22, 6.10810985188e-22, 7.96994679621e-22, 1.02500087624e-21, 1.78128962633e-21, 2.22144462795e-21],
        "var": [2.76236119134e-06, 0.000336954370141, 5.53587306058e-05, 3.47417699231e-05, 4.88551631861e-05, 3.20403114529e-06, 2.20368201553e-06, 1.16610135592e-06, 1.08119979814e-06, 2.63595410388e-07, 5.40228938917e-07, 3.93490978468e-07, 3.68907279835e-07, 3.09029275058e-07, 3.84068215453e-07, 3.08984994035e-07, 4.2300857217e-07, 5.19782759056e-07, 4.45533572702e-07, 3.32514929369e-07, 3.81673686434e-07, 3.64618813364e-07, 7.96036260908e-07, 3.6937473169e-07, 2.93898608561e-07, 2.26156330996e-07, 2.6180599022e-08]
    },
    "erbbands": {
        "dmean": [0.243270859122, 1.47635924816, 3.65745592117, 5.81926298141, 10.7089662552, 9.75606060028, 7.98468112946, 6.53823471069, 5.27050352097, 7.16078424454, 6.28337430954, 8.69897651672, 7.56168699265, 7.43739318848, 6.97546958923, 6.75986289978, 10.755147934, 11.808588028, 12.8361768723, 12.1956014633, 12.3265295029, 14.6107378006, 15.4854326248, 15.155213356, 15.9059438705, 12.1063566208, 10.6359605789, 10.5851516724, 9.50471305847, 8.59159564972, 7.69584417343, 5.30121850967, 3.71923422813, 2.85430645943, 1.55418515205, 0.91798466444, 0.361965656281, 0.114296518266, 0.0117413429543, 0.00016945853713],
        "dmean2": [0.333270698786, 2.02332258224, 6.08442735672, 10.3089933395, 18.4958248138, 17.7724952698, 14.8288412094, 11.6917324066, 9.08478546143, 11.3953323364, 10.4974460602, 14.1626329422, 12.7020759583, 11.8822650909, 11.2560052872, 10.8765602112, 18.09375, 19.7909641266, 21.3826694489, 19.8312473297, 20.0513534546, 24.1134872437, 25.007604599, 25.3614406586, 26.1137485504, 19.5729465485, 17.3005905151, 16.8117408752, 15.2867822647, 13.300447464, 11.9622783661, 8.31383419037, 5.7267036438, 4.57573604584, 2.40710949898, 1.40636777878, 0.538671314716, 0.175845384598, 0.0186418872327, 0.000262252229732],
        "dvar": [0.188265353441, 7.99313259125, 83.1626586914, 241.550567627, 940.365356445, 787.906616211, 549.092346191, 265.399047852, 147.289825439, 320.337554932, 203.517654419, 357.157562256, 302.684631348, 282.898803711, 202.771087646, 280.553100586, 523.654785156, 604.477416992, 757.006347656, 624.038024902, 630.842712402, 802.354614258, 695.706481934, 691.356201172, 689.877197266, 337.786987305, 256.951171875, 347.802093506, 241.767364502, 241.758575439, 269.251617432, 96.9473953247, 40.9996528625, 22.913225174, 6.07787656784, 2.2233068943, 0.353014081717, 0.0319251865149, 0.000338043260854, 6.63733885631e-08],
        "dvar2": [0.342961758375, 13.008810997, 218.827041626, 665.07611084, 2511.89550781, 2254.13525391, 1588.8684082, 742.699829102, 395.500366211, 699.251831055, 530.859191895, 858.426696777, 784.777526855, 681.490356445, 473.201385498, 659.847595215, 1324.1730957, 1589.97680664, 1949.71777344, 1580.73571777, 1634.21350098, 2169.42333984, 1600.63781738, 1814.42529297, 1663.66821289, 826.821960449, 624.893249512, 793.356872559, 584.48236084, 494.771118164, 536.353149414, 216.8775177, 90.4373321533, 55.6021842957, 14.3332862854, 5.4597864151, 0.807622075081, 0.0693379640579, 0.000770357437432, 1.47369490833e-07],
        "max": [4.43201828003, 27.7278747559, 77.8049926758, 125.624519348, 245.003051758, 228.300720215, 194.275268555, 161.290618896, 202.099914551, 559.074890137, 244.137542725, 504.394317627, 326.338928223, 318.025512695, 434.227874756, 385.87197876, 462.273376465, 281.97088623, 482.794433594, 554.096252441, 594.407531738, 588.729125977, 594.273864746, 505.311065674, 514.800415039, 325.935455322, 312.641418457, 418.794342041, 282.872894287, 379.867706299, 406.497253418, 199.04069519, 171.527511597, 103.308586121, 35.9106483459, 26.2129631042, 12.4924669266, 3.15710663795, 0.36596429348, 0.00494324136525],
        "mean": [0.547649621964, 2.68992352486, 4.50870990753, 5.72116851807, 9.61100101471, 9.18132305145, 7.02585363388, 6.92020559311, 6.3921546936, 10.9867115021, 9.26160335541, 11.6354513168, 9.81496620178, 11.0717496872, 11.1073331833, 10.6057014465, 14.46459198, 16.3635406494, 17.8599891663, 19.0416679382, 19.7496566772, 23.7111663818, 28.5947971344, 26.5149211884, 29.5493183136, 23.7169589996, 20.8314495087, 20.2386550903, 18.3654785156, 16.8953971863, 15.1848039627, 10.6593828201, 7.62350320816, 5.37826824188, 3.12895655632, 1.68039023876, 0.680642366409, 0.211987659335, 0.0197324454784, 0.000338254525559],
        "median": [0.302046060562, 1.33346056938, 2.51367998123, 2.37262201309, 2.79936027527, 3.24606895447, 2.5145778656, 2.5741558075, 2.64040970802, 3.10371351242, 3.13797450066, 3.90748620033, 4.03197717667, 3.85837960243, 5.00046014786, 4.75375699997, 6.57614040375, 7.59219646454, 8.47662639618, 10.0512495041, 10.7294998169, 13.4398956299, 17.6174468994, 18.0808429718, 19.4507236481, 17.4864215851, 13.622836113, 12.2919130325, 11.0120649338, 9.76171398163, 7.79500293732, 5.63854265213, 4.35915136337, 2.95592856407, 1.81212759018, 0.901873171329, 0.378033787012, 0.106956318021, 0.00953098386526, 0.000195755696041],
        "min": [1.01581195936e-22, 7.54120632158e-22, 1.26764823029e-20, 7.6383932177e-20, 9.78108310237e-20, 5.64143575486e-20, 1.34017644421e-19, 1.5513917145e-19, 3.02860290565e-19, 8.00393505789e-19, 1.08989534645e-18, 7.98704247882e-19, 1.93672966696e-18, 3.93241704567e-18, 4.01023943847e-18, 4.71846651585e-18, 5.75397794235e-18, 3.88259761173e-18, 4.19634349576e-18, 7.0493175526e-18, 6.9538782807e-18, 8.92866032379e-18, 1.04552146996e-17, 8.15076065059e-18, 8.12797844216e-18, 1.29192749022e-17, 1.60886778034e-17, 2.11938297489e-17, 1.35560277844e-17, 1.45737295987e-17, 1.8191794437e-17, 1.5622546639e-17, 1.34141241232e-17, 9.93249445514e-18, 7.24798896494e-18, 5.34581394089e-18, 3.32550801279e-18, 1.41383664512e-18, 2.63782236326e-19, 3.71569272665e-20],
        "var": [0.445987612009, 16.3200321198, 67.0851821899, 162.164627075, 675.932128906, 500.203674316, 318.560150146, 200.148757935, 147.702575684, 906.411499023, 457.146148682, 573.321716309, 395.124420166, 549.490478516, 481.10736084, 502.000976562, 669.322753906, 743.407104492, 957.600097656, 1006.31060791, 1000.69818115, 1238.2467041, 1540.3651123, 1018.61798096, 1302.5637207, 649.446105957, 540.304931641, 700.50970459, 482.674957275, 583.891784668, 611.485595703, 206.126800537, 94.0848236084, 43.3941307068, 13.912768364, 4.3484826088, 0.736842274666, 0.0683466494083, 0.000658895354718, 1.46131029055e-07]
    },
    "gfcc": {
        "mean": [-44.3912582397, 24.648267746, -77.3115539551, 44.3902626038, -40.2013015747, 16.347038269, -29.5480880737, 13.3523349762, -22.2082805634, 6.98512935638, -15.9788770676, 4.90249586105, -14.2690391541],
        "cov": [[98669.75, 2739.90454102, -5405.33789062, 2415.69995117, -2360.51782227, 1300.55932617, -2354.49975586, 1339.87084961, -1876.38952637, 780.390319824, -1643.22753906, 558.389831543, -1179.34667969], [2739.90454102, 1181.67980957, -354.386352539, 122.624481201, -24.9256649017, -89.2718276978, -76.4319610596, 76.4578018188, -86.8073730469, -49.1919670105, -3.07793664932, -37.1306190491, -62.9160766602], [-5405.33789062, -354.386352539, 928.722106934, 35.4900817871, 291.919494629, 44.6318588257, 242.537139893, -47.8169746399, 185.100616455, 12.0235452652, 84.022102356, -3.61969590187, 78.0946960449], [2415.69995117, 122.624481201, 35.4900817871, 478.048797607, 66.5732498169, 109.358039856, -66.0401611328, 70.2076950073, 8.84591579437, 33.7005386353, -27.7667350769, 16.2825279236, -9.37540245056], [-2360.51782227, -24.9256649017, 291.919494629, 66.5732498169, 384.472869873, 74.7349624634, 155.894210815, 32.6156539917, 132.064117432, 32.4482536316, 70.1997146606, -5.0755853653, 60.3937187195], [1300.55932617, -89.2718276978, 44.6318588257, 109.358039856, 74.7349624634, 246.79045105, 97.2752990723, 73.3349304199, 27.9670009613, 68.2697982788, 2.39664387703, 35.1225242615, 10.8545398712], [-2354.49975586, -76.4319610596, 242.537139893, -66.0401611328, 155.894210815, 97.2752990723, 282.629638672, 67.0194854736, 103.654968262, 25.7022724152, 76.846862793, 23.3329696655, 51.9096679688], [1339.87084961, 76.4578018188, -47.8169746399, 70.2076950073, 32.6156539917, 73.3349304199, 67.0194854736, 160.715316772, 42.1250610352, 37.8575744629, 10.4758939743, 26.2045612335, 4.08225870132], [-1876.38952637, -86.8073730469, 185.100616455, 8.84591579437, 132.064117432, 27.9670009613, 103.654968262, 42.1250610352, 166.102630615, 48.611114502, 52.2835006714, 1.52200055122, 49.8683166504], [780.390319824, -49.1919670105, 12.0235452652, 33.7005386353, 32.4482536316, 68.2697982788, 25.7022724152, 37.8575744629, 48.611114502, 110.313682556, 24.3901329041, 27.1478729248, 15.9956684113], [-1643.22753906, -3.07793664932, 84.022102356, -27.7667350769, 70.1997146606, 2.39664387703, 76.846862793, 10.4758939743, 52.2835006714, 24.3901329041, 112.73034668, 26.9447727203, 35.5453987122], [558.389831543, -37.1306190491, -3.61969590187, 16.2825279236, -5.0755853653, 35.1225242615, 23.3329696655, 26.2045612335, 1.52200055122, 27.1478729248, 26.9447727203, 80.7260055542, 26.452545166], [-1179.34667969, -62.9160766602, 78.0946960449, -9.37540245056, 60.3937187195, 10.8545398712, 51.9096679688, 4.08225870132, 49.8683166504, 15.9956684113, 35.5453987122, 26.452545166, 82.4928359985]],
        "icov": [[6.04995329923e-05, -6.01922183705e-05, 9.86800878309e-05, -8.61327862367e-05, 2.45173141593e-05, -0.000172894608113, 0.000249816279393, -0.00039220546023, 0.000360961013939, -0.000491581624374, 0.000572619435843, -0.000441349198809, 0.000354717252776], [-6.01922183705e-05, 0.00127638748381, 0.000423320947448, -0.000432205793913, -0.000382662401535, 0.000966556486674, -0.00064201769419, -0.00020958132518, 0.000246309587965, 0.000690917077009, -0.00113189627882, 0.0010244268924, 0.000106775674794], [9.86800878309e-05, 0.000423320947448, 0.0024638408795, -0.000993528403342, -0.000693382578902, 0.000354816613253, -0.00149538740516, 0.00105020217597, -0.000683410267811, -0.000364383886335, 0.00100235932041, -0.000792155100498, 0.000944092636928], [-8.61327862367e-05, -0.000432205793913, -0.000993528403342, 0.00360778393224, -0.000669714820106, -0.00174964044709, 0.0024883877486, -0.00104962557089, -0.00071300874697, 0.000987576204352, -0.000489938887767, -9.51742731559e-06, -0.000550125085283], [2.45173141593e-05, -0.000382662401535, -0.000693382578902, -0.000669714820106, 0.00485339062288, -0.000979913631454, -0.000871764903422, 0.000173232285306, -0.00164691451937, 1.89346010302e-05, -0.000889611139428, 0.00144409947097, -0.00133314635605], [-0.000172894608113, 0.000966556486674, 0.000354816613253, -0.00174964044709, -0.000979913631454, 0.0086076380685, -0.00464964285493, 0.00032553303754, 0.00103232439142, -0.0024876233656, 0.000449250859674, 0.00016108690761, -0.000161728894454], [0.000249816279393, -0.00064201769419, -0.00149538740516, 0.0024883877486, -0.000871764903422, -0.00464964285493, 0.0108724720776, -0.00527989026159, 9.90994012682e-05, 0.00032286636997, -0.000637752877083, -0.00203368649818, 0.000254368060268], [-0.00039220546023, -0.00020958132518, 0.00105020217597, -0.00104962557089, 0.000173232285306, 0.00032553303754, -0.00527989026159, 0.0135047789663, -0.00584549643099, 0.00233433814719, -0.00222768611275, 8.03986840765e-05, -0.000380802055588], [0.000360961013939, 0.000246309587965, -0.000683410267811, -0.00071300874697, -0.00164691451937, 0.00103232439142, 9.90994012682e-05, -0.00584549643099, 0.0159596800804, -0.00778718292713, 0.00167713477276, 0.00150233739987, -0.00213132216595], [-0.000491581624374, 0.000690917077009, -0.000364383886335, 0.000987576204352, 1.89346010302e-05, -0.0024876233656, 0.00032286636997, 0.00233433814719, -0.00778718292713, 0.0183342732489, -0.00687192287296, 0.000719630741514, -0.00216621044092], [0.000572619435843, -0.00113189627882, 0.00100235932041, -0.000489938887767, -0.000889611139428, 0.000449250859674, -0.000637752877083, -0.00222768611275, 0.00167713477276, -0.00687192287296, 0.0196298267692, -0.00862557068467, 0.00204846262932], [-0.000441349198809, 0.0010244268924, -0.000792155100498, -9.51742731559e-06, 0.00144409947097, 0.00016108690761, -0.00203368649818, 8.03986840765e-05, 0.00150233739987, 0.000719630741514, -0.00862557068467, 0.0220087151974, -0.00897068716586], [0.000354717252776, 0.000106775674794, 0.000944092636928, -0.000550125085283, -0.00133314635605, -0.000161728894454, 0.000254368060268, -0.000380802055588, -0.00213132216595, -0.00216621044092, 0.00204846262932, -0.00897068716586, 0.0208770278841]]
    },
    "melbands": {
        "dmean": [0.00195091986097, 0.00168580107857, 0.00118562171701, 0.000733469787519, 0.000307205016725, 0.000146926468005, 8.20242494228e-05, 7.69328835304e-05, 5.01992690261e-05, 5.8603764046e-05, 3.78436270694e-05, 2.94955734716e-05, 2.62428511633e-05, 2.06244203582e-05, 1.78430891538e-05, 2.89590934699e-05, 2.14950850932e-05, 2.18634086195e-05, 1.99224996322e-05, 1.49920069816e-05, 1.55221077875e-05, 1.59845312737e-05, 1.67801772477e-05, 1.30365424411e-05, 1.30492653625e-05, 1.3486221178e-05, 1.0674688383e-05, 8.22743095341e-06, 7.29869543648e-06, 6.45223690299e-06, 6.63858827465e-06, 5.90878016737e-06, 5.09302753926e-06, 5.2712298384e-06, 5.03182627654e-06, 4.06157869293e-06, 3.19725040754e-06, 2.70536747848e-06, 2.82876453639e-06, 2.49169261224e-06],
        "dmean2": [0.00266770552844, 0.00249249627814, 0.00205727969296, 0.00128721771762, 0.000569439900573, 0.000263573572738, 0.000138125527883, 0.000122806697618, 8.40646171127e-05, 9.55365903792e-05, 6.34757379885e-05, 4.71929051855e-05, 4.21999357059e-05, 3.32890413119e-05, 2.87743823719e-05, 4.89163139719e-05, 3.60755439033e-05, 3.66234016838e-05, 3.27722300426e-05, 2.41572488449e-05, 2.56759321928e-05, 2.66703700618e-05, 2.75325164694e-05, 2.13451330637e-05, 2.20156944124e-05, 2.24790146603e-05, 1.72125201061e-05, 1.34699421324e-05, 1.20843933473e-05, 1.04338059828e-05, 1.06853131001e-05, 9.70205655904e-06, 8.13628957985e-06, 8.2387796283e-06, 7.98715882411e-06, 6.35396554571e-06, 5.12670749231e-06, 4.19215211878e-06, 4.48701075584e-06, 4.04236971008e-06],
        "dvar": [1.19039132187e-05, 1.26629820443e-05, 1.02026160675e-05, 4.3454324441e-06, 8.06151319921e-07, 1.38728893262e-07, 3.38315970794e-08, 3.24075806191e-08, 1.1972906222e-08, 1.57549013835e-08, 7.74481456745e-09, 4.37248282026e-09, 3.13775450067e-09, 3.02648039963e-09, 1.58801127803e-09, 4.34934621651e-09, 2.00470751111e-09, 2.45592990389e-09, 1.54767620941e-09, 1.06810027489e-09, 1.04689235059e-09, 1.05460928879e-09, 9.48311318361e-10, 5.00267327563e-10, 5.22987764207e-10, 5.35990030137e-10, 3.33276489739e-10, 1.59441376768e-10, 1.31734317899e-10, 1.11919890022e-10, 1.38249481307e-10, 9.89021503583e-11, 6.38511396533e-11, 1.14044711175e-10, 1.33618990872e-10, 5.66960471626e-11, 3.89796632472e-11, 2.37190198038e-11, 2.25866547687e-11, 1.72679232024e-11],
        "dvar2": [1.94873664441e-05, 2.87512120849e-05, 2.73941350315e-05, 1.20016111396e-05, 2.33217156165e-06, 3.90187778976e-07, 8.62510916022e-08, 7.31054683456e-08, 3.10946646209e-08, 3.86836767063e-08, 1.9964852882e-08, 1.05382804705e-08, 7.00651137109e-09, 7.03667391022e-09, 3.54673468372e-09, 1.105848213e-08, 5.25915666572e-09, 6.36249097852e-09, 3.91763776975e-09, 2.4970205903e-09, 2.76930878229e-09, 2.91224400151e-09, 2.26808016812e-09, 1.19160625811e-09, 1.38495770408e-09, 1.34936173346e-09, 7.7101264262e-10, 3.9762687587e-10, 3.40674183308e-10, 2.61471233554e-10, 3.1546446011e-10, 2.4506024987e-10, 1.54498122629e-10, 2.33806252137e-10, 2.72553590808e-10, 1.31126470793e-10, 9.02101102151e-11, 5.35939903568e-11, 5.38518465931e-11, 4.3275997369e-11],
        "max": [0.0355833917856, 0.0334062315524, 0.0256318543106, 0.0166148245335, 0.00720748817548, 0.00346797541715, 0.00411580316722, 0.005097694695, 0.00162124761846, 0.0030971490778, 0.00169156584889, 0.00118069513701, 0.00166857393924, 0.00171535578556, 0.00120167352725, 0.00152844889089, 0.00050105509581, 0.00079057138646, 0.000827022711746, 0.000837652885821, 0.000731380714569, 0.000765790522564, 0.000868807721417, 0.000866885588039, 0.00046616938198, 0.000335665128659, 0.000430452288128, 0.000239364861045, 0.000237613916397, 0.000232347127167, 0.000284699344775, 0.000173413733137, 0.000132314686198, 0.000321002997225, 0.000308627524646, 0.000151388012455, 0.000152870794409, 0.00014632687089, 0.000131265755044, 7.81465059845e-05],
        "mean": [0.00438171438873, 0.00283139874227, 0.00116739422083, 0.000685833743773, 0.000279958563624, 0.000152772336151, 0.000106417130155, 0.000118827359984, 7.16486974852e-05, 7.59272152209e-05, 4.77233625134e-05, 4.27237100666e-05, 4.09759049944e-05, 3.10537652695e-05, 2.56543789874e-05, 3.66630847566e-05, 2.87921666313e-05, 2.8148151614e-05, 2.87971815851e-05, 2.25989642786e-05, 2.33357277466e-05, 2.38611683017e-05, 2.71288572549e-05, 2.34778926824e-05, 2.0834919269e-05, 2.24405321205e-05, 1.97601875698e-05, 1.46531147038e-05, 1.28839965328e-05, 1.22836763694e-05, 1.15280872706e-05, 1.05687568066e-05, 9.42625774769e-06, 9.52490790951e-06, 9.18390742299e-06, 7.42844395063e-06, 6.12813755652e-06, 5.31779051016e-06, 5.02279544889e-06, 4.39217592429e-06],
        "median": [0.00248648622073, 0.00174947176129, 0.00047060882207, 0.000239048618823, 0.00010603544797, 5.62372115382e-05, 4.1381441406e-05, 3.38638928952e-05, 2.3048305593e-05, 2.42530204559e-05, 1.78499794856e-05, 1.43130355355e-05, 1.66305871971e-05, 1.15617276606e-05, 1.06166271507e-05, 1.53369273903e-05, 1.25517281049e-05, 1.18523275887e-05, 1.36184426083e-05, 1.11262652354e-05, 1.19967162391e-05, 1.26127843032e-05, 1.50030436998e-05, 1.47390037455e-05, 1.35084810609e-05, 1.44183359225e-05, 1.26022450786e-05, 9.91424076346e-06, 8.16638566903e-06, 7.48861839384e-06, 6.45881391392e-06, 6.38173742118e-06, 5.29845965502e-06, 5.39445727554e-06, 4.78269430459e-06, 3.50397681359e-06, 3.30178977492e-06, 2.93048947242e-06, 2.70840359917e-06, 2.39358405452e-06],
        "min": [1.16094628105e-24, 3.84268267543e-24, 1.41699644971e-23, 5.50795148028e-24, 4.24867270132e-24, 3.50574913876e-24, 5.4911526873e-24, 8.90976030617e-24, 9.3215393878e-24, 4.3955136368e-24, 9.12847830302e-24, 1.56271814934e-23, 1.29346943054e-23, 8.0051159193e-24, 1.56888246623e-23, 1.06948263169e-23, 4.71202317021e-24, 6.18485054051e-24, 7.13331970053e-24, 1.20425588859e-23, 6.52000835129e-24, 8.08090494191e-24, 7.48020787297e-24, 1.00529372981e-23, 5.58488395677e-24, 5.62754673781e-24, 6.76723380911e-24, 9.1565002201e-24, 8.54312694527e-24, 7.31326281732e-24, 1.26026343514e-23, 7.64868726308e-24, 5.58788517808e-24, 9.44274076614e-24, 1.1272446049e-23, 7.98399811287e-24, 1.05637452446e-23, 8.83050818418e-24, 9.52145567385e-24, 8.4325641451e-24],
        "var": [2.92006752716e-05, 1.71397950908e-05, 7.22533286535e-06, 2.94321716865e-06, 4.7507586487e-07, 1.00354732524e-07, 4.60249900414e-08, 8.6785561848e-08, 2.55993377607e-08, 2.40664270734e-08, 1.02790860268e-08, 8.24763013441e-09, 8.25646573333e-09, 5.68251845579e-09, 2.82106116245e-09, 5.25380849936e-09, 2.43817721568e-09, 2.889616324e-09, 2.37937647363e-09, 1.76538339502e-09, 1.55353818698e-09, 1.46626255582e-09, 1.68235170239e-09, 1.25481702806e-09, 6.94350243968e-10, 8.13841549707e-10, 6.8827910038e-10, 2.79720552276e-10, 2.25136867482e-10, 2.35774427759e-10, 2.6041915846e-10, 1.74081998816e-10, 1.33344266184e-10, 2.49163717436e-10, 2.75904771252e-10, 1.14064598045e-10, 7.30942736893e-11, 5.07669913052e-11, 4.18679153846e-11, 2.98013176636e-11]
    },
    "mfcc": {
        "mean": [-653.365783691, 63.3940391541, 16.7442569733, 32.8290596008, 14.2498340607, 9.94166469574, 7.01439809799, 7.42566585541, 2.16140246391, 4.20838689804, 3.26926970482, 0.751327633858, -0.112380154431],
        "cov": [[25385.1015625, 2242.3527832, 862.339904785, 1238.66564941, 642.426452637, 471.295471191, 330.637298584, 354.802368164, 197.174423218, 264.896850586, 169.866821289, 9.67470264435, 8.83983516693], [2242.3527832, 1187.7713623, -47.0975608826, 231.97038269, 56.8683280945, -57.5247001648, 67.8515853882, 59.7413520813, -30.4166660309, 12.1118497849, 50.6148376465, -20.1538410187, -0.0467951707542], [862.339904785, -47.0975608826, 423.378173828, 160.841278076, 72.381980896, 117.545028687, 37.0991439819, 40.2916755676, 47.9945526123, 27.4766235352, 8.90235519409, 38.4222869873, 13.0280570984], [1238.66564941, 231.97038269, 160.841278076, 387.256744385, 193.049118042, 66.5101470947, 24.8160629272, 57.5566978455, 33.9274902344, 35.379573822, 18.3690433502, 22.5209083557, 20.34333992], [642.426452637, 56.8683280945, 72.381980896, 193.049118042, 264.065338135, 100.888473511, 30.1747837067, 29.9734687805, 56.5658416748, 47.8372879028, 30.0712814331, 23.5427932739, 16.1692256927], [471.295471191, -57.5247001648, 117.545028687, 66.5101470947, 100.888473511, 205.765914917, 78.7794265747, 38.9734992981, 64.6985473633, 48.6141777039, 30.9677333832, 36.3750648499, 14.5274610519], [330.637298584, 67.8515853882, 37.0991439819, 24.8160629272, 30.1747837067, 78.7794265747, 161.209899902, 85.0904693604, 44.6679153442, 36.7647819519, 40.0419120789, 25.1168365479, 26.9377155304], [354.802368164, 59.7413520813, 40.2916755676, 57.5566978455, 29.9734687805, 38.9734992981, 85.0904693604, 138.299087524, 56.5138549805, 38.7586174011, 28.7683334351, 23.7700405121, 31.0550022125], [197.174423218, -30.4166660309, 47.9945526123, 33.9274902344, 56.5658416748, 64.6985473633, 44.6679153442, 56.5138549805, 129.924819946, 67.9614105225, 28.4050006866, 28.2997264862, 15.2696466446], [264.896850586, 12.1118497849, 27.4766235352, 35.379573822, 47.8372879028, 48.6141777039, 36.7647819519, 38.7586174011, 67.9614105225, 118.770820618, 52.5336837769, 26.1370887756, 15.8195867538], [169.866821289, 50.6148376465, 8.90235519409, 18.3690433502, 30.0712814331, 30.9677333832, 40.0419120789, 28.7683334351, 28.4050006866, 52.5336837769, 87.4055328369, 29.4710292816, 10.91817379], [9.67470264435, -20.1538410187, 38.4222869873, 22.5209083557, 23.5427932739, 36.3750648499, 25.1168365479, 23.7700405121, 28.2997264862, 26.1370887756, 29.4710292816, 75.1393890381, 33.4165496826], [8.83983516693, -0.0467951707542, 13.0280570984, 20.34333992, 16.1692256927, 14.5274610519, 26.9377155304, 31.0550022125, 15.2696466446, 15.8195867538, 10.91817379, 33.4165496826, 74.6744613647]],
