{
"lowlevel": {
    "average_loudness": 0.929608821869,
    "barkbands_crest": {
        "dmean": 3.47709012032,
        "dmean2": 5.52323102951,
        "dvar": 9.01292514801,
        "dvar2": 20.7517967224,
        "max": 26.1768398285,
        "mean": 11.314748764,
        "median": 10.7791652679,
        "min": 1.85490369797,
        "var": 26.343000412
    },
    "barkbands_flatness_db": {
        "dmean": 0.0295270904899,
        "dmean2": 0.0446120910347,
        "dvar": 0.000854045210872,
        "dvar2": 0.00194534973707,
        "max": 0.62710249424,
        "mean": 0.124017417431,
        "median": 0.102021530271,
        "min": 0.0165958572179,
        "var": 0.00770636461675
    },
    "barkbands_kurtosis": {
        "dmean": 6.15879011154,
        "dmean2": 9.76836967468,
        "dvar": 342.871734619,
        "dvar2": 864.083190918,
        "max": 507.267059326,
        "mean": 7.45098400116,
        "median": 1.93505048752,
        "min": -1.88579916954,
        "var": 483.811096191
    },
    "barkbands_skewness": {
        "dmean": 0.843676447868,
        "dmean2": 1.28565335274,
        "dvar": 1.11526501179,
        "dvar2": 2.5849852562,
        "max": 20.1010227203,
        "mean": 1.94431209564,
        "median": 1.67339777946,
        "min": -2.14832019806,
        "var": 3.18508458138
    },
    "barkbands_spread": {
        "dmean": 9.73572731018,
        "dmean2": 15.1140832901,
        "dvar": 115.29322052,
        "dvar2": 274.183807373,
        "max": 103.530403137,
        "mean": 32.3288459778,
        "median": 31.7771263123,
        "min": 0.12787206471,
        "var": 346.080810547
    },
    "dissonance": {
        "dmean": 0.0105549050495,
        "dmean2": 0.0179852806032,
        "dvar": 0.000209070567507,
        "dvar2": 0.000594122742768,
        "max": 0.500000119209,
        "mean": 0.481663942337,
        "median": 0.487922847271,
        "min": 0.241678610444,
        "var": 0.000471490173368
    },
    "dynamic_complexity": 3.12119865417,
    "erbbands_crest": {
        "dmean": 1.73350334167,
        "dmean2": 2.88356351852,
        "dvar": 3.39825081825,
        "dvar2": 8.49334144592,
        "max": 24.738817215,
        "mean": 5.93235445023,
        "median": 4.89547920227,
        "min": 1.98979103565,
        "var": 9.45721912384
    },
    "erbbands_flatness_db": {
        "dmean": 0.0119995856658,
        "dmean2": 0.0189548600465,
        "dvar": 0.000146307604155,
        "dvar2": 0.000352801260306,
        "max": 0.438135504723,
        "mean": 0.116677485406,
        "median": 0.101958528161,
        "min": 0.0248477421701,
        "var": 0.00245209340937
    },
    "erbbands_kurtosis": {
        "dmean": 0.899121940136,
        "dmean2": 1.4884390831,
        "dvar": 3.51003646851,
        "dvar2": 9.94870471954,
        "max": 79.4475402832,
        "mean": 0.389214277267,
        "median": -0.226004838943,
        "min": -1.81641316414,
        "var": 11.4085760117
    },
    "erbbands_skewness": {
        "dmean": 0.345767199993,
        "dmean2": 0.542959272861,
        "dvar": 0.143340244889,
        "dvar2": 0.336117357016,
        "max": 7.00523614883,
        "mean": -0.26130002737,
        "median": -0.422108769417,
        "min": -4.46475553513,
        "var": 0.705498278141
    },
    "erbbands_spread": {
        "dmean": 11.0242729187,
        "dmean2": 17.1915874481,
        "dvar": 139.444320679,
        "dvar2": 329.512939453,
        "max": 161.584106445,
        "mean": 51.9675712585,
        "median": 50.0287399292,
        "min": 1.25786614418,
        "var": 462.397918701
    },
    "hfc": {
        "dmean": 11.8082895279,
        "dmean2": 18.0225467682,
        "dvar": 280.883026123,
        "dvar2": 689.944702148,
        "max": 225.956878662,
        "mean": 32.1764831543,
        "median": 27.689781189,
        "min": 1.10149779118e-16,
        "var": 725.288818359
    },
    "melbands_crest": {
        "dmean": 4.41015815735,
        "dmean2": 7.2666759491,
        "dvar": 13.6372442245,
        "dvar2": 35.2676734924,
        "max": 36.7986221313,
        "mean": 17.1559200287,
        "median": 17.383272171,
        "min": 1.66289114952,
        "var": 38.2274856567
    },
    "melbands_flatness_db": {
        "dmean": 0.0394492186606,
        "dmean2": 0.0594865344465,
        "dvar": 0.00144109677058,
        "dvar2": 0.00329236965626,
        "max": 0.808643341064,
        "mean": 0.195972532034,
        "median": 0.178944543004,
        "min": 0.0029126086738,
        "var": 0.0126456255093
    },
    "melbands_kurtosis": {
        "dmean": 18.3514060974,
        "dmean2": 28.3332977295,
        "dvar": 1319.28820801,
        "dvar2": 2926.84667969,
        "max": 568.661743164,
        "mean": 30.8476581573,
        "median": 15.3468704224,
        "min": -1.74594962597,
        "var": 2776.64331055
    },
    "melbands_skewness": {
        "dmean": 1.27496945858,
        "dmean2": 1.94371199608,
        "dvar": 2.02921366692,
        "dvar2": 4.61059379578,
        "max": 18.8560256958,
        "mean": 4.08939743042,
        "median": 3.60510730743,
        "min": -0.708586156368,
        "var": 6.97842741013
    },
    "melbands_spread": {
        "dmean": 11.7686300278,
        "dmean2": 18.4316539764,
        "dvar": 216.666381836,
        "dvar2": 504.029846191,
        "max": 162.44392395,
        "mean": 28.1962471008,
        "median": 20.3123321533,
        "min": 0.254415422678,
        "var": 663.868530273
    },
    "pitch_salience": {
        "dmean": 0.103721670806,
        "dmean2": 0.164760828018,
        "dvar": 0.00837974715978,
        "dvar2": 0.0192780736834,
        "max": 0.950809001923,
        "mean": 0.525749564171,
        "median": 0.546209871769,
        "min": 0.0428647212684,
        "var": 0.0242806263268
    },
    "silence_rate_20dB": {
        "dmean": 0,
        "dmean2": 0,
        "dvar": 0,
        "dvar2": 0,
        "max": 1,
        "mean": 1,
        "median": 1,
        "min": 1,
        "var": 0
    },
    "silence_rate_30dB": {
        "dmean": 0,
        "dmean2": 0,
        "dvar": 0,
        "dvar2": 0,
        "max": 1,
        "mean": 1,
        "median": 1,
        "min": 1,
        "var": 0
    },
    "silence_rate_60dB": {
        "dmean": 0.00509141385555,
        "dmean2": 0.0101840067655,
        "dvar": 0.00506595754996,
        "dvar2": 0.0112393768504,
        "max": 1,
        "mean": 0.0770565792918,
        "median": 0,
        "min": 0,
        "var": 0.071124792099
    },
    "spectral_centroid": {
        "dmean": 383.876647949,
        "dmean2": 589.798461914,
        "dvar": 191339.90625,
        "dvar2": 428491.875,
        "max": 11679.4140625,
        "mean": 1992.10717773,
        "median": 2092.20361328,
        "min": 99.426864624,
        "var": 1416713.5
    },
    "spectral_complexity": {
        "dmean": 6.04165697098,
        "dmean2": 9.08922576904,
        "dvar": 45.4931907654,
        "dvar2": 91.9474182129,
        "max": 62,
        "mean": 28.7144508362,
        "median": 31,
        "min": 0,
        "var": 252.488983154
    },
    "spectral_decrease": {
        "dmean": 2.76777245567e-09,
        "dmean2": 4.29190860629e-09,
        "dvar": 8.54958991884e-18,
        "dvar2": 2.23307233264e-17,
        "max": 1.57208533572e-28,
        "mean": -9.07731756428e-09,
        "median": -8.71599858954e-09,
        "min": -2.76145364353e-08,
        "var": 3.23576445844e-17
    },
    "spectral_energy": {
        "dmean": 0.0107253855094,
        "dmean2": 0.0167084857821,
        "dvar": 0.000125004706206,
        "dvar2": 0.000327187095536,
        "max": 0.10808712244,
        "mean": 0.0371783412993,
        "median": 0.0364361926913,
        "min": 1.02974728949e-20,
        "var": 0.000498114677612
    },
    "spectral_energyband_high": {
        "dmean": 0.00130851182621,
        "dmean2": 0.00200300244614,
        "dvar": 3.62449577551e-06,
        "dvar2": 8.502930541e-06,
        "max": 0.0254302155226,
        "mean": 0.00276520103216,
        "median": 0.00210228632204,
        "min": 6.96391079246e-21,
        "var": 8.47858427733e-06
    },
    "spectral_energyband_low": {
        "dmean": 0.0107051692903,
        "dmean2": 0.0166312977672,
        "dvar": 0.000141814307426,
        "dvar2": 0.000360175152309,
        "max": 0.100685030222,
        "mean": 0.02293744497,
        "median": 0.0184406396002,
        "min": 9.33471415378e-24,
        "var": 0.000415963470004
    },
    "spectral_energyband_middle_high": {
        "dmean": 0.00177445949521,
        "dmean2": 0.00286362529732,
        "dvar": 6.1440364334e-06,
        "dvar2": 1.62113701663e-05,
        "max": 0.0282216705382,
        "mean": 0.00490569788963,
        "median": 0.00421822583303,
        "min": 1.19253403085e-21,
        "var": 1.73110074684e-05
    },
    "spectral_energyband_middle_low": {
        "dmean": 0.0041812621057,
        "dmean2": 0.00680418498814,
        "dvar": 4.52947351732e-05,
        "dvar2": 0.00010867013043,
        "max": 0.0849197730422,
        "mean": 0.00779705867171,
        "median": 0.0060330145061,
        "min": 1.75138417447e-22,
        "var": 6.07496549492e-05
    },
    "spectral_entropy": {
        "dmean": 0.138624042273,
        "dmean2": 0.216433465481,
        "dvar": 0.0265566110611,
        "dvar2": 0.0637865811586,
        "max": 9.83685588837,
        "mean": 7.92814540863,
        "median": 8.10781383514,
        "min": 3.97412991524,
        "var": 0.377909690142
    },
    "spectral_flux": {
        "dmean": 0.0248891394585,
        "dmean2": 0.0378920547664,
        "dvar": 0.000654867850244,
        "dvar2": 0.00138530426193,
        "max": 0.278436332941,
        "mean": 0.104122541845,
        "median": 0.1020077914,
        "min": 6.42806988194e-11,
        "var": 0.00253556459211
    },
    "spectral_kurtosis": {
        "dmean": 1.54456579685,
        "dmean2": 2.61504650116,
        "dvar": 32.703540802,
        "dvar2": 96.4277572632,
        "max": 241.686477661,
        "mean": 5.06797885895,
        "median": 2.23008394241,
        "min": -1.2537497282,
        "var": 281.391815186
    },
    "spectral_rms": {
        "dmean": 0.000850995071232,
        "dmean2": 0.00131668627728,
        "dvar": 6.53050847177e-07,
        "dvar2": 1.65424330589e-06,
        "max": 0.0102689266205,
        "mean": 0.00560669833794,
        "median": 0.0059621729888,
        "min": 3.16959219288e-12,
        "var": 4.83634403281e-06
    },
    "spectral_rolloff": {
        "dmean": 944.928649902,
        "dmean2": 1526.49902344,
        "dvar": 1577885,
        "dvar2": 3702594.5,
        "max": 19616.7480469,
        "mean": 1961.01953125,
        "median": 1162.79296875,
        "min": 43.06640625,
        "var": 5834211
    },
    "spectral_skewness": {
        "dmean": 0.182196840644,
        "dmean2": 0.29610979557,
        "dvar": 0.0911116227508,
        "dvar2": 0.260306864977,
        "max": 12.9709663391,
        "mean": 1.32490432262,
        "median": 1.08422338963,
        "min": -0.0896213427186,
        "var": 1.29208409786
    },
    "spectral_spread": {
        "dmean": 534849.8125,
        "dmean2": 820021.5,
        "dvar": 600644845568,
        "dvar2": 1.33977276416e+12,
        "max": 42558944,
        "mean": 5442614,
        "median": 5173830,
        "min": 367713,
        "var": 1.19280102277e+13
    },
    "spectral_strongpeak": {
        "dmean": 0.245273381472,
        "dmean2": 0.411725074053,
        "dvar": 0.192988678813,
        "dvar2": 0.540504515171,
        "max": 10.6361293793,
        "mean": 0.427414625883,
        "median": 0.313507080078,
        "min": 0,
        "var": 0.221674099565
    },
    "zerocrossingrate": {
        "dmean": 0.0149759734049,
        "dmean2": 0.0173796135932,
        "dvar": 0.000221493828576,
        "dvar2": 0.000289468996925,
        "max": 0.80859375,
        "mean": 0.0767182335258,
        "median": 0.06689453125,
        "min": 0.00146484375,
        "var": 0.00386680848897
    },
    "barkbands": {
        "dmean": [0.000383100879844, 0.00890982616693, 0.00485889008269, 0.00207720324397, 0.00207482813857, 0.000756181892939, 0.000432242377428, 0.000287299510092, 0.000306995410938, 0.000219505804125, 0.00026544224238, 0.000330299430061, 0.00023677185527, 0.000235244835494, 0.000251363264397, 0.000284723064397, 0.000334299111273, 0.000318140722811, 0.000318023841828, 0.000431247608503, 0.000394009490265, 0.000309524097247, 0.000224490460823, 0.000185688884812, 0.000126905826619, 5.02745169797e-05, 8.22521087684e-06],
        "dmean2": [0.000558030093089, 0.0135636357591, 0.00824649259448, 0.00354188913479, 0.00345674226992, 0.00128817593213, 0.000734066357836, 0.000477643334307, 0.000511498597916, 0.000376993062673, 0.000452555250376, 0.000545975402929, 0.000392424088204, 0.000394165661419, 0.000420125987148, 0.000487385696033, 0.000574809091631, 0.000526302319486, 0.000518027343787, 0.000709777406882, 0.000623207888566, 0.000501871865708, 0.000348076253431, 0.000295726233162, 0.000197742527234, 7.74849249865e-05, 1.32622853926e-05],
        "dvar": [3.93344265603e-07, 0.000119823285786, 5.78784201934e-05, 1.44614896271e-05, 1.42400394907e-05, 1.68979920545e-06, 4.78955655581e-07, 1.8416005787e-07, 2.19331624862e-07, 1.01645383666e-07, 2.24899054047e-07, 3.02416509612e-07, 1.39619814377e-07, 1.16390928895e-07, 1.37008541401e-07, 2.5437211093e-07, 4.5751022526e-07, 2.05888895266e-07, 2.48562287197e-07, 4.70400948416e-07, 3.59269705541e-07, 2.37766101918e-07, 1.15043917503e-07, 9.15889302178e-08, 6.41018615966e-08, 1.1285535173e-08, 4.42270220447e-10],
        "dvar2": [7.72843748109e-07, 0.000276782608125, 0.000152918000822, 3.74704795831e-05, 3.5766603105e-05, 4.60911451228e-06, 1.29061936605e-06, 4.74699078268e-07, 5.71739803945e-07, 2.79051619145e-07, 6.08841901339e-07, 7.83429754847e-07, 3.5834958112e-07, 3.03197566609e-07, 3.53280540821e-07, 6.92703395089e-07, 1.28854571813e-06, 5.41709027857e-07, 6.46887599487e-07, 1.15605541851e-06, 8.57725808601e-07, 5.94791345065e-07, 2.63822073521e-07, 2.24251252234e-07, 1.63282777521e-07, 2.79518292956e-08, 1.0810312645e-09],
        "max": [0.0108051951975, 0.0890205726027, 0.0843366459012, 0.0535814240575, 0.04681359604, 0.0203348249197, 0.0113277826458, 0.00661109341308, 0.0110110947862, 0.00373315205798, 0.0104705849662, 0.0108712501824, 0.00726439710706, 0.00612798379734, 0.00842680223286, 0.00848627369851, 0.00802714098245, 0.00796839501709, 0.014930552803, 0.0106091601774, 0.0104214483872, 0.00732671981677, 0.00535607291386, 0.00457935687155, 0.00468426011503, 0.00200937082991, 0.000602541433182],
        "mean": [0.00065107253613, 0.0149485748261, 0.00618318887427, 0.00237142597325, 0.002804472344, 0.00102338113356, 0.00059776159469, 0.00041294604307, 0.000482908915728, 0.000316296267556, 0.000384159298846, 0.00055930839153, 0.000420848809881, 0.000396547548007, 0.000438312854385, 0.000449175597169, 0.000496853201184, 0.000547287461814, 0.000593927514274, 0.000749778293539, 0.000749071768951, 0.000547318370081, 0.000408390071243, 0.000322795211105, 0.000221604175749, 9.00918021216e-05, 1.0928840311e-05],
        "median": [0.000192996521946, 0.00959230866283, 0.00318611226976, 0.00110421155114, 0.0015783526469, 0.000578677281737, 0.000345662410837, 0.000238578053541, 0.000283461326035, 0.000204254218261, 0.000199234025786, 0.000308524206048, 0.000245750270551, 0.000253680860624, 0.000295153062325, 0.000290223397315, 0.000310682633426, 0.000404091784731, 0.000428133411333, 0.000481029797811, 0.000536494189873, 0.000374980532797, 0.000256887986325, 0.000181887342478, 0.000121071876492, 4.75385168102e-05, 2.06311619877e-06],
        "min": [8.61550789155e-25, 1.12185940648e-24, 4.31367977029e-25, 3.10617097431e-24, 1.31311601138e-23, 1.20757012991e-23, 6.95861856446e-24, 8.7917435593e-24, 9.91802788382e-24, 1.19744707235e-23, 9.61394567068e-24, 1.42505703044e-23, 4.01191495439e-23, 4.4251903474e-23, 4.93034594775e-23, 7.75514577773e-23, 6.7331386097e-23, 9.41544049902e-23, 1.29124173467e-22, 1.59525446494e-22, 2.29976531347e-22, 3.40749944758e-22, 4.16921621703e-22, 5.57451979175e-22, 8.70409382366e-22, 1.29163020765e-21, 1.91105419077e-21],
        "var": [1.15851980809e-06, 0.000261331995716, 7.06243081368e-05, 1.51866588567e-05, 1.6440239051e-05, 1.95399525182e-06, 6.35176036212e-07, 2.91711984346e-07, 4.56649388525e-07, 1.38283567708e-07, 3.57046644694e-07, 6.47259469133e-07, 3.175852612e-07, 2.25960476996e-07, 2.66826333473e-07, 3.56897658094e-07, 4.8471554237e-07, 3.56996622486e-07, 4.44050044734e-07, 8.33674107525e-07, 7.55230530558e-07, 4.26949611665e-07, 2.44798542326e-07, 1.76356863335e-07, 1.00657700841e-07, 1.8584435324e-08, 7.49063311378e-10]
    },
    "erbbands": {
        "dmean": [0.24397611618, 2.17407035828, 5.46510791779, 5.51595020294, 7.18791532516, 7.36293840408, 5.95059537888, 6.81705284119, 5.92287635803, 6.79320383072, 6.11343431473, 6.93813943863, 7.32807540894, 8.12046051025, 10.0280570984, 12.5481786728, 10.2029714584, 11.1670646667, 11.3378019333, 13.5386095047, 17.2722911835, 17.4017887115, 17.2377090454, 16.7662982941, 16.1770935059, 20.1784820557, 18.4266910553, 14.3254241943, 11.3272399902, 8.62775421143, 6.50274848938, 4.34757328033, 2.87164592743, 1.68865633011, 0.802556216717, 0.290369540453, 0.0823490545154, 0.0164242684841, 0.0013316165423, 3.16525402013e-05],
        "dmean2": [0.337590575218, 3.37246966362, 8.98233222961, 9.29281044006, 11.8908634186, 12.5684537888, 10.3205623627, 11.4745082855, 10.0074605942, 11.4347238541, 10.1799039841, 11.6097822189, 12.4339179993, 13.9023504257, 16.8362751007, 20.7955551147, 16.8037815094, 18.6352767944, 18.9858360291, 22.6916065216, 29.5929756165, 29.7694549561, 28.6047115326, 27.6264209747, 26.4416503906, 32.93983078, 29.5870800018, 22.8134040833, 18.3591079712, 13.8540525436, 10.1097316742, 6.90550422668, 4.58913516998, 2.64541625977, 1.26091110706, 0.453346639872, 0.127547711134, 0.0253603421152, 0.00214265217073, 4.90914026159e-05],
        "dvar": [0.0793372243643, 8.07578659058, 62.7783927917, 82.809211731, 165.05859375, 258.155548096, 165.958145142, 123.24016571, 77.9859313965, 144.965576172, 76.5942382812, 121.775009155, 114.016235352, 171.535324097, 324.92477417, 461.102508545, 275.976837158, 256.555389404, 273.237243652, 459.120147705, 1010.51745605, 1214.03198242, 662.729003906, 699.749511719, 630.82421875, 1087.58813477, 797.613525391, 517.79083252, 320.550842285, 191.543304443, 99.2711257935, 47.381565094, 24.3587112427, 10.5950288773, 3.02152967453, 0.379189312458, 0.0319055356085, 0.00132211693563, 1.53282908286e-05, 3.57468032952e-09],
        "dvar2": [0.159161284566, 18.8716602325, 159.493515015, 217.812454224, 410.564575195, 646.255310059, 449.867797852, 326.478759766, 209.073150635, 385.940856934, 197.090087891, 318.255462646, 306.740905762, 447.518188477, 885.48614502, 1201.49536133, 702.044494629, 654.797058105, 719.311584473, 1190.16479492, 2791.86376953, 3392.61669922, 1767.12145996, 1828.5255127, 1619.60546875, 2656.19726562, 1939.14941406, 1226.18981934, 788.010681152, 480.3855896, 233.788208008, 115.042572021, 60.157169342, 27.1733531952, 7.79340934753, 0.959743022919, 0.0796799957752, 0.00319763668813, 3.79422453989e-05, 8.60690896332e-09],
        "max": [2.89858102798, 23.225063324, 72.7760772705, 103.487548828, 185.705444336, 218.248397827, 200.783584595, 176.259429932, 122.631225586, 211.268356323, 172.633026123, 233.542602539, 202.313842773, 393.963134766, 380.463043213, 535.97644043, 306.005004883, 311.376220703, 319.239624023, 645.211914062, 539.328125, 386.321350098, 334.785308838, 920.721008301, 484.877838135, 590.757568359, 451.837554932, 514.75970459, 314.488952637, 200.296127319, 168.479766846, 105.351043701, 88.6055831909, 57.3072624207, 43.6511573792, 12.4079637527, 3.59970784187, 0.744559168816, 0.186458826065, 0.00264923577197],
        "mean": [0.415413975716, 3.33958411217, 7.76433038712, 7.29802799225, 9.41298007965, 9.23724269867, 6.89930582047, 9.2539024353, 8.39130115509, 9.81160736084, 9.38545894623, 10.8028764725, 11.3971633911, 12.7263231277, 17.0457992554, 22.4238090515, 19.4130039215, 20.301027298, 20.556886673, 24.2315158844, 27.3882865906, 27.7270107269, 29.8530540466, 31.085893631, 30.1654682159, 35.002204895, 34.1658248901, 26.2337684631, 20.1671390533, 14.9100236893, 11.4949359894, 7.61217260361, 4.8804602623, 2.83185648918, 1.38640475273, 0.508154034615, 0.14374537766, 0.0275158025324, 0.00176648411434, 8.19754277472e-05],
        "median": [0.221317961812, 1.88620698452, 4.37002134323, 4.11701917648, 4.91607666016, 4.38852024078, 3.59036135674, 4.9419760704, 5.15483522415, 5.45135068893, 5.76892471313, 6.42479276657, 7.64476919174, 7.95571422577, 10.3436279297, 12.8105230331, 11.7507896423, 13.5090665817, 14.2828588486, 16.5576572418, 18.1775913239, 18.118522644, 21.8777294159, 22.9204788208, 21.0118408203, 22.201341629, 23.2251777649, 18.3321609497, 13.7629261017, 9.90315151215, 7.08193206787, 4.41974401474, 2.65411114693, 1.52572584152, 0.750793814659, 0.273778408766, 0.0727636292577, 0.011160059832, 0.000359905621735, 6.52943781461e-05],
        "min": [3.90517860293e-23, 2.82495129127e-22, 1.65217392208e-21, 5.20323787549e-21, 1.70488047322e-20, 3.55074451145e-20, 6.50416251554e-20, 8.29004028816e-20, 9.20620873252e-20, 2.36238776289e-19, 1.34013224175e-19, 2.83719253642e-19, 4.71704397199e-19, 6.6117756113e-19, 1.09338067196e-18, 9.29488688858e-19, 2.14330396287e-18, 2.56190470892e-18, 2.72492980674e-18, 3.11971271422e-18, 5.08087212659e-18, 4.92676217462e-18, 5.76341193724e-18, 5.67037727938e-18, 7.52840401978e-18, 8.33730724952e-18, 7.85211784378e-18, 1.06010143816e-17, 1.24754379097e-17, 1.22521636644e-17, 1.34269826458e-17, 1.06791159478e-17, 1.08449549073e-17, 8.32558113715e-18, 6.04170361944e-18, 4.17077947893e-18, 2.21765033594e-18, 9.07139716273e-19, 2.67087753451e-19, 2.65269859265e-20],
        "var": [0.220370098948, 16.0085449219, 95.2960739136, 97.5167541504, 196.674377441, 287.328399658, 138.300979614, 164.914352417, 105.826293945, 199.724975586, 132.153366089, 228.813537598, 182.072692871, 298.06628418, 567.679504395, 1020.00402832, 654.38861084, 555.257873535, 536.836547852, 868.310302734, 1261.55273438, 1374.19628906, 1085.64550781, 1158.9675293, 1169.6418457, 1899.86462402, 1577.46972656, 1031.57397461, 592.392150879, 320.63079834, 202.236679077, 93.4094085693, 44.110912323, 16.6705036163, 4.27943372726, 0.561656951904, 0.0517719909549, 0.00246813963167, 2.4457463951e-05, 7.73456232395e-09]
    },
    "gfcc": {
        "mean": [2.87444210052, 69.0977020264, -99.5933151245, 54.3911781311, -48.6114997864, 22.9519081116, -29.943862915, 11.0335645676, -23.633020401, 6.51695299149, -15.6686553955, 2.03628396988, -11.6194572449],
        "cov": [[37944.5390625, -3673.40625, -3558.16430664, 1463.01721191, -1732.17456055, 1092.60107422, -958.273376465, 779.270812988, -783.792297363, 559.335205078, -695.137634277, 472.353027344, -520.528686523], [-3673.40625, 2313.38378906, 184.486755371, -220.886978149, 292.89630127, -292.668212891, 208.79598999, -253.281555176, 157.49180603, -193.948669434, 173.025848389, -206.699295044, 141.387588501], [-3558.16430664, 184.486755371, 917.159423828, 18.6390571594, 260.140167236, -58.728351593, 123.42124176, 0.798477709293, 72.2357711792, -30.7278079987, 15.9735651016, -23.5110816956, 16.8715820312], [1463.01721191, -220.886978149, 18.6390571594, 386.775115967, 11.0244245529, 93.5682830811, 43.8318634033, 95.6494216919, -3.28214430809, 33.5469665527, -38.4097480774, 16.8885612488, -17.3278274536], [-1732.17456055, 292.89630127, 260.140167236, 11.0244245529, 324.295471191, -8.99680614471, 134.495819092, -25.2353935242, 53.9317932129, -16.2650279999, 59.3969039917, -17.3717880249, 31.2590370178], [1092.60107422, -292.668212891, -58.728351593, 93.5682830811, -8.99680614471, 188.100219727, 1.86160993576, 71.8871612549, -7.26002073288, 49.8156051636, -9.27984714508, 39.9917449951, -21.4107093811], [-958.273376465, 208.79598999, 123.42124176, 43.8318634033, 134.495819092, 1.86160993576, 151.129394531, 15.5580978394, 58.3881988525, -7.36235189438, 37.5867271423, -18.8788051605, 27.2759304047], [779.270812988, -253.281555176, 0.798477709293, 95.6494216919, -25.2353935242, 71.8871612549, 15.5580978394, 126.286941528, 17.9963264465, 50.4718551636, -19.676279068, 39.3983001709, -12.39448452], [-783.792297363, 157.49180603, 72.2357711792, -3.28214430809, 53.9317932129, -7.26002073288, 58.3881988525, 17.9963264465, 96.1935043335, 11.1249799728, 40.9208335876, -1.84534990788, 30.2799224854], [559.335205078, -193.948669434, -30.7278079987, 33.5469665527, -16.2650279999, 49.8156051636, -7.36235189438, 50.4718551636, 11.1249799728, 82.7812957764, 13.7585954666, 42.2267532349, -5.6873383522], [-695.137634277, 173.025848389, 15.9735651016, -38.4097480774, 59.3969039917, -9.27984714508, 37.5867271423, -19.676279068, 40.9208335876, 13.7585954666, 81.608505249, 11.2703132629, 30.7085933685], [472.353027344, -206.699295044, -23.5110816956, 16.8885612488, -17.3717880249, 39.9917449951, -18.8788051605, 39.3983001709, -1.84534990788, 42.2267532349, 11.2703132629, 79.0685348511, 11.0617265701], [-520.528686523, 141.387588501, 16.8715820312, -17.3278274536, 31.2590370178, -21.4107093811, 27.2759304047, -12.39448452, 30.2799224854, -5.6873383522, 30.7085933685, 11.0617265701, 59.0364685059]],
        "icov": [[0.000111501649371, -0.000126254351926, 0.000320559891406, -0.000296602083836, 0.000107406092866, -0.000219541907427, 0.000205341246328, -0.000234621562413, 0.000384945684345, -0.000376214389689, 0.000546299095731, -0.000460078561446, 0.000394558534026], [-0.000126254351926, 0.00129076163284, -0.000245920877205, 0.000330057111569, -0.000356332951924, 0.000844858121127, -0.000551991339307, 0.000847833813168, -0.00117042148486, 0.00158537679818, -0.00219357665628, 0.00260192062706, -0.00170266802888], [0.000320559891406, -0.000245920877205, 0.00248675793409, -0.000858349725604, -0.000989107182249, 3.43095853168e-05, 0.000418497162173, -0.000874056306202, 0.000142216435052, -0.000631064642221, 0.0023480290547, -0.00154503050726, 0.00154645624571], [-0.000296602083836, 0.000330057111569, -0.000858349725604, 0.00440264586359, -0.000417887582444, -0.000380781042622, -0.00187959952746, -0.00124824314844, -0.000246449082624, 0.000500736176036, 0.000183554380783, 0.00160975579638, -0.00140103988815], [0.000107406092866, -0.000356332951924, -0.000989107182249, -0.000417887582444, 0.00659690704197, -0.00112554884981, -0.0043127159588, 0.00168593181297, 0.00109608646017, -0.000372540525859, -0.00148617802188, -0.00130830518901, 0.000825861294288], [-0.000219541907427, 0.000844858121127, 3.43095853168e-05, -0.000380781042622, -0.00112554884981, 0.00888059474528, -0.000936888915021, -0.00182838260662, -0.000376607407816, -0.000368793058442, -0.00217409688048, -9.45459614741e-05, 0.00109126220923], [0.000205341246328, -0.000551991339307, 0.000418497162173, -0.00187959952746, -0.0043127159588, -0.000936888915021, 0.0155566073954, -0.00481831561774, -0.00260067242198, 0.00106242205948, -0.00194063188974, 0.00342473364435, -0.00199008872733], [-0.000234621562413, 0.000847833813168, -0.000874056306202, -0.00124824314844, 0.00168593181297, -0.00182838260662, -0.00481831561774, 0.0191506985575, -0.00677592260763, -0.0044907447882, 0.00537815131247, -0.00451864255592, 0.00156714965124], [0.000384945684345, -0.00117042148486, 0.000142216435052, -0.000246449082624, 0.00109608646017, -0.000376607407816, -0.00260067242198, -0.00677592260763, 0.0212176218629, -0.00426228204742, -0.00422202749178, 0.00189798965584, -0.00430644629523], [-0.000376214389689, 0.00158537679818, -0.000631064642221, 0.000500736176036, -0.000372540525859, -0.000368793058442, 0.00106242205948, -0.0044907447882, -0.00426228204742, 0.0252104438841, -0.0100399050862, -0.00377273652703, 0.00238728919066], [0.000546299095731, -0.00219357665628, 0.0023480290547, 0.000183554380783, -0.00148617802188, -0.00217409688048, -0.00194063188974, 0.00537815131247, -0.00422202749178, -0.0100399050862, 0.0297097507864, -0.00954197812825, -0.000990533386357], [-0.000460078561446, 0.00260192062706, -0.00154503050726, 0.00160975579638, -0.00130830518901, -9.45459614741e-05, 0.00342473364435, -0.00451864255592, 0.00189798965584, -0.00377273652703, -0.00954197812825, 0.0294821225107, -0.0131440777332], [0.000394558534026, -0.00170266802888, 0.00154645624571, -0.00140103988815, 0.000825861294288, 0.00109126220923, -0.00199008872733, 0.00156714965124, -0.00430644629523, 0.00238728919066, -0.000990533386357, -0.0131440777332, 0.0302659012377]]
    },
    "melbands": {
        "dmean": [0.00228716712445, 0.00264184875414, 0.000973245943896, 0.00048712149146, 0.000238973705564, 0.000149405066622, 9.10899980227e-05, 7.06270730007e-05, 4.76472741866e-05, 4.55309309473e-05, 3.6970966903e-05, 3.24421816913e-05, 3.56839154847e-05, 3.95469614887e-05, 2.5935967642e-05, 2.40461995418e-05, 2.17902925215e-05, 1.95518950932e-05, 1.93983105419e-05, 1.83287793334e-05, 2.18945915549e-05, 1.86225661309e-05, 1.89027705346e-05, 1.5804405848e-05, 1.45655249071e-05, 1.21679104268e-05, 1.35608479468e-05, 1.44354089571e-05, 1.31879896799e-05, 1.01609448393e-05, 8.50830201671e-06, 6.94989694239e-06, 5.89436058362e-06, 4.69887800136e-06, 4.17672663389e-06, 3.13958776132e-06, 2.65637004304e-06, 2.17978413275e-06, 1.78536708972e-06, 1.38800157856e-06],
        "dmean2": [0.0033486103639, 0.0041493116878, 0.00160522712395, 0.000810337311123, 0.000410953682149, 0.000251416116953, 0.00015393072681, 0.0001178955863, 7.94993393356e-05, 7.62474228395e-05, 6.27524786978e-05, 5.55930237169e-05, 6.04706183367e-05, 6.51390801067e-05, 4.34233661508e-05, 3.99161181122e-05, 3.64696534234e-05, 3.2982959965e-05, 3.26337685692e-05, 3.0956511182e-05, 3.75823983632e-05, 3.17709018418e-05, 3.22418709402e-05, 2.60789420281e-05, 2.42612004513e-05, 2.02591108973e-05, 2.22587223107e-05, 2.38268567045e-05, 2.1461299184e-05, 1.6432866687e-05, 1.37058696055e-05, 1.13585392683e-05, 9.67567575572e-06, 7.55620612836e-06, 6.61884678266e-06, 4.90745742354e-06, 4.31813623436e-06, 3.54652570422e-06, 2.86780846182e-06, 2.20923288907e-06],
        "dvar": [7.16966451364e-06, 1.14893182399e-05, 2.46957824857e-06, 6.99300642282e-07, 2.8450898526e-07, 5.90226498787e-08, 1.82098052193e-08, 1.42184068963e-08, 4.63096583303e-09, 5.02317254458e-09, 2.90244939194e-09, 2.63697019776e-09, 4.05577127438e-09, 4.7360737554e-09, 1.98665928153e-09, 1.42139555681e-09, 1.00669517167e-09, 8.57998005976e-10, 8.77223405027e-10, 9.2989793643e-10, 1.59424340396e-09, 1.19869580928e-09, 1.32943533959e-09, 5.20236909107e-10, 5.81720782655e-10, 3.62274682475e-10, 4.80730122376e-10, 5.59037038883e-10, 4.41205461055e-10, 2.37705549688e-10, 1.9612786395e-10, 1.19383683495e-10, 9.19706463764e-11, 5.65532100316e-11, 4.36342142973e-11, 2.46903192336e-11, 1.96251782186e-11, 1.48170139352e-11, 1.05119966551e-11, 7.94319297837e-12],
        "dvar2": [1.55049619934e-05, 2.86093181785e-05, 6.18899093752e-06, 1.7560090555e-06, 7.40380869502e-07, 1.577044344e-07, 4.8718739265e-08, 3.75859272594e-08, 1.20464678233e-08, 1.31756037192e-08, 7.79563524844e-09, 6.91824730836e-09, 1.11993889718e-08, 1.18835430385e-08, 5.36264455064e-09, 3.59278162776e-09, 2.58089993821e-09, 2.27752616766e-09, 2.26384688773e-09, 2.50480680641e-09, 4.40661596102e-09, 3.28483507062e-09, 3.77186637479e-09, 1.35562194803e-09, 1.54423818177e-09, 9.51448253517e-10, 1.22416454751e-09, 1.39666789245e-09, 1.10662756736e-09, 5.81249381959e-10, 4.78662220971e-10, 2.94607643836e-10, 2.3753879419e-10, 1.4122301939e-10, 1.07909597924e-10, 5.73067253373e-11, 5.05415570506e-11, 3.70180691656e-11, 2.68753665156e-11, 2.02779928266e-11],
        "max": [0.0215486939996, 0.0301021207124, 0.0203531924635, 0.0115815345198, 0.00600581103936, 0.00391432689503, 0.0017213387182, 0.00201967242174, 0.00135574012529, 0.00133095879573, 0.0010395887075, 0.00145838293247, 0.00101665756665, 0.00154706987087, 0.000807808770332, 0.000689162698109, 0.00055186735699, 0.000508069177158, 0.000632525072433, 0.000717754359357, 0.000711359025445, 0.00046986862435, 0.000439036492025, 0.000415364425862, 0.000892119947821, 0.000345328473486, 0.000281254644506, 0.000416186638176, 0.000376843643608, 0.000268329546088, 0.000353704177542, 0.000201380869839, 0.000140407209983, 0.000115388946142, 0.000118425537948, 7.81023118179e-05, 7.89429032011e-05, 6.69131768518e-05, 5.73601828364e-05, 5.39986758668e-05],
        "mean": [0.00391835020855, 0.00432485807687, 0.00139869947452, 0.000662123784423, 0.000281793822069, 0.000204223179026, 0.000132245317218, 0.000104762948467, 7.28095692466e-05, 6.98317526258e-05, 5.59241598239e-05, 4.91951795993e-05, 5.53717582079e-05, 6.59112702124e-05, 4.57299574919e-05, 4.26553124271e-05, 3.67680477211e-05, 3.23105778079e-05, 3.32317467837e-05, 3.031090273e-05, 3.2385407394e-05, 2.82988057734e-05, 2.77685958281e-05, 2.63964211626e-05, 2.50608773058e-05, 2.15641121031e-05, 2.25947151193e-05, 2.32345773838e-05, 2.25906696869e-05, 1.78247428266e-05, 1.4371566067e-05, 1.1748345969e-05, 9.57866814133e-06, 7.68932022766e-06, 6.87339115757e-06, 5.48817160961e-06, 4.29952660852e-06, 3.54402891389e-06, 2.83279564428e-06, 2.2499714305e-06],
        "median": [0.00247799884528, 0.00274756364524, 0.00088422576664, 0.000373933842639, 0.000141602824442, 0.000111342284072, 8.25034148875e-05, 6.11209034105e-05, 4.44802644779e-05, 4.08745108871e-05, 3.66897183994e-05, 3.0337683711e-05, 3.15058496199e-05, 3.49340989487e-05, 2.54583628703e-05, 2.61206187133e-05, 2.33037608268e-05, 2.09642548725e-05, 2.20677648031e-05, 1.97366553039e-05, 2.0685220079e-05, 1.7657997887e-05, 1.74098131538e-05, 1.91759554582e-05, 1.74477681867e-05, 1.4821906916e-05, 1.3782172573e-05, 1.41633418025e-05, 1.46943712025e-05, 1.1903255654e-05, 9.38545963436e-06, 7.72098155721e-06, 6.18433205091e-06, 4.91672290082e-06, 4.09417043556e-06, 3.20851586366e-06, 2.37615699916e-06, 1.86304475847e-06, 1.4727955886e-06, 1.1841932519e-06],
        "min": [4.96005316754e-25, 5.72566042543e-25, 1.64319825165e-24, 1.36438729622e-24, 2.01259361179e-24, 1.87848528575e-24, 1.48455802779e-24, 2.81956912998e-24, 6.33090310812e-25, 1.61710293012e-24, 2.25111615889e-24, 1.87420117939e-24, 2.55706639465e-24, 2.1473038387e-24, 3.61645866706e-24, 3.23514105485e-24, 4.11014123218e-24, 4.08080349512e-24, 3.82975955608e-24, 3.84331179201e-24, 3.82165953231e-24, 3.66714100807e-24, 3.94823147569e-24, 3.15414022545e-24, 3.48669459803e-24, 3.98280488258e-24, 5.85130279484e-24, 4.37679120651e-24, 4.34431735291e-24, 5.44883582176e-24, 5.53178494038e-24, 6.23782886118e-24, 5.83137459066e-24, 6.38741818806e-24, 6.8817693128e-24, 6.32533641254e-24, 5.27728145184e-24, 6.75874882121e-24, 6.34671651522e-24, 7.09477911215e-24],
        "var": [1.74540982698e-05, 2.36779960687e-05, 3.11957160193e-06, 8.68350525707e-07, 2.52547977198e-07, 7.77056001766e-08, 2.54164849167e-08, 2.04164276596e-08, 8.03183741738e-09, 9.51085787904e-09, 4.62314941885e-09, 4.47395676062e-09, 6.49919140727e-09, 9.96322757629e-09, 4.30780877636e-09, 3.04658098749e-09, 2.00919414439e-09, 1.52201085069e-09, 1.64876789999e-09, 1.54274826247e-09, 1.91622784307e-09, 1.47810252926e-09, 1.43525691332e-09, 8.92419083076e-10, 8.57962589862e-10, 6.72175592964e-10, 7.86393783425e-10, 9.06661190569e-10, 7.64293517364e-10, 4.66297223056e-10, 3.47307904658e-10, 2.1368549985e-10, 1.43587738921e-10, 9.16254572214e-11, 7.82459930182e-11, 5.0280446473e-11, 3.28958978113e-11, 2.4903716242e-11, 1.63504192824e-11, 1.19542396815e-11]
    },
    "mfcc": {
        "mean": [-623.760864258, 88.0843734741, 11.9946050644, 35.0006980896, 9.7412815094, 16.5141372681, 8.09628582001, 7.23340034485, 3.03749752045, 3.38367438316, 0.906025826931, 3.50722718239, 0.748523533344],
        "cov": [[16057.2109375, -992.435058594, -651.155822754, 318.539611816, -212.762115479, 70.5068206787, -51.145740509, 52.2476844788, 69.4574584961, 57.9324951172, -39.1078643799, 17.0908412933, -32.6062698364], [-992.435058594, 1470.26196289, 57.377407074, 42.3705673218, 6.0653796196, 8.68931674957, -13.3185825348, -22.8873920441, -33.8651885986, -10.2944831848, -4.67295360565, 6.96568250656, -4.17622804642], [-651.155822754, 57.377407074, 359.954528809, 113.236488342, 72.63306427, 32.4011116028, 35.9770240784, 35.76146698, 31.0859680176, 11.669962883, 23.3546619415, -7.67890119553, -11.8502559662], [318.539611816, 42.3705673218, 113.236488342, 308.531646729, 62.1236038208, 53.387386322, 63.2597045898, 55.7177200317, 60.118144989, 39.1075820923, 17.6902389526, 5.78537654877, -2.04624581337], [-212.762115479, 6.0653796196, 72.63306427, 62.1236038208, 141.164031982, 60.5390357971, 54.547416687, 33.7306556702, 18.5394668579, 8.58950519562, 12.1427402496, 14.8106718063, 18.07762146], [70.5068206787, 8.68931674957, 32.4011116028, 53.387386322, 60.5390357971, 115.389434814, 60.4362792969, 32.423210144, 18.3873748779, 18.7560062408, 10.941701889, 18.1706027985, 19.6374034882], [-51.145740509, -13.3185825348, 35.9770240784, 63.2597045898, 54.547416687, 60.4362792969, 101.824111938, 41.8318901062, 25.4627380371, 23.1837158203, 10.3452653885, 15.6574773788, 19.1445941925], [52.2476844788, -22.8873920441, 35.76146698, 55.7177200317, 33.7306556702, 32.423210144, 41.8318901062, 80.1231689453, 44.7390022278, 24.347700119, 16.0500049591, 11.1090803146, 13.9157466888], [69.4574584961, -33.8651885986, 31.0859680176, 60.118144989, 18.5394668579, 18.3873748779, 25.4627380371, 44.7390022278, 76.9897918701, 32.6171607971, 17.8524456024, 9.87563419342, 7.51189231873], [57.9324951172, -10.2944831848, 11.669962883, 39.1075820923, 8.58950519562, 18.7560062408, 23.1837158203, 24.347700119, 32.6171607971, 60.5283813477, 26.5218524933, 10.0903968811, 9.7196855545], [-39.1078643799, -4.67295360565, 23.3546619415, 17.6902389526, 12.1427402496, 10.941701889, 10.3452653885, 16.0500049591, 17.8524456024, 26.5218524933, 56.9288482666, 21.6824703217, 7.45970678329], [17.0908412933, 6.96568250656, -7.67890119553, 5.78537654877, 14.8106718063, 18.1706027985, 15.6574773788, 11.1090803146, 9.87563419342, 10.0903968811, 21.6824703217, 50.76902771, 22.1890735626], [-32.6062698364, -4.17622804642, -11.8502559662, -2.04624581337, 18.07762146, 19.6374034882, 19.1445941925, 13.9157466888, 7.51189231873, 9.7196855545, 7.45970678329, 22.1890735626, 61.8936462402]],
