{
"lowlevel": {
    "average_loudness": 0.887789487839,
    "barkbands_crest": {
        "dmean": 2.6493844986,
        "dmean2": 4.00455570221,
        "dvar": 9.6502790451,
        "dvar2": 21.6005134583,
        "max": 26.5483016968,
        "mean": 14.6833057404,
        "median": 15.1114082336,
        "min": 1.89872324467,
        "var": 39.9795188904
    },
    "barkbands_flatness_db": {
        "dmean": 0.0259153079242,
        "dmean2": 0.0373930633068,
        "dvar": 0.00146655982826,
        "dvar2": 0.00287994998507,
        "max": 0.994763076305,
        "mean": 0.160363167524,
        "median": 0.146532505751,
        "min": 0.0130883194506,
        "var": 0.0119900824502
    },
    "barkbands_kurtosis": {
        "dmean": 9.61056232452,
        "dmean2": 15.0269145966,
        "dvar": 6945.08496094,
        "dvar2": 20008.6953125,
        "max": 4151.67626953,
        "mean": 13.0031290054,
        "median": 4.39652347565,
        "min": -1.91456961632,
        "var": 4429.95214844
    },
    "barkbands_skewness": {
        "dmean": 0.811797320843,
        "dmean2": 1.16176831722,
        "dvar": 1.8872294426,
        "dvar2": 4.249584198,
        "max": 37.1503639221,
        "mean": 2.34814333916,
        "median": 1.99462914467,
        "min": -5.22768354416,
        "var": 5.12154531479
    },
    "barkbands_spread": {
        "dmean": 7.54040050507,
        "dmean2": 10.9283733368,
        "dvar": 122.005577087,
        "dvar2": 259.932434082,
        "max": 115.112373352,
        "mean": 25.7241973877,
        "median": 18.6817741394,
        "min": 0.020126780495,
        "var": 465.149658203
    },
    "dissonance": {
        "dmean": 0.0184311475605,
        "dmean2": 0.031364955008,
        "dvar": 0.000420659169322,
        "dvar2": 0.00112839916255,
        "max": 0.5,
        "mean": 0.465112239122,
        "median": 0.476413071156,
        "min": 0.154637113214,
        "var": 0.00120251637418
    },
    "dynamic_complexity": 2.86447191238,
    "erbbands_crest": {
        "dmean": 2.46011710167,
        "dmean2": 3.99299550056,
        "dvar": 7.12752532959,
        "dvar2": 16.9715881348,
        "max": 32.5527839661,
        "mean": 8.2506275177,
        "median": 6.84360313416,
        "min": 2.05671095848,
        "var": 23.5255489349
    },
    "erbbands_flatness_db": {
        "dmean": 0.0159137602895,
        "dmean2": 0.0239978674799,
        "dvar": 0.000532718200702,
        "dvar2": 0.0010805898346,
        "max": 0.565557479858,
        "mean": 0.129199296236,
        "median": 0.112024366856,
        "min": 0.0278429593891,
        "var": 0.00424717646092
    },
    "erbbands_kurtosis": {
        "dmean": 1.40231049061,
        "dmean2": 2.17931008339,
        "dvar": 67.8511581421,
        "dvar2": 158.434326172,
        "max": 543.664428711,
        "mean": 3.47879314423,
        "median": -0.205243587494,
        "min": -1.72918224335,
        "var": 1054.67822266
    },
    "erbbands_skewness": {
        "dmean": 0.356491029263,
        "dmean2": 0.559486269951,
        "dvar": 0.208929300308,
        "dvar2": 0.503287017345,
        "max": 16.8892478943,
        "mean": 0.400323331356,
        "median": 0.232705771923,
        "min": -2.4877846241,
        "var": 1.48573172092
    },
    "erbbands_spread": {
        "dmean": 10.4180440903,
        "dmean2": 15.9304351807,
        "dvar": 218.964904785,
        "dvar2": 445.661804199,
        "max": 168.603057861,
        "mean": 47.8438835144,
        "median": 44.8639526367,
        "min": 0.415657639503,
        "var": 678.893859863
    },
    "hfc": {
        "dmean": 21.8091430664,
        "dmean2": 32.894405365,
        "dvar": 2088.67553711,
        "dvar2": 4882.06542969,
        "max": 440.900817871,
        "mean": 47.4093666077,
        "median": 25.2683906555,
        "min": 1.09869517091e-16,
        "var": 3540.32202148
    },
    "melbands_crest": {
        "dmean": 3.37376928329,
        "dmean2": 5.28579759598,
        "dvar": 17.5132102966,
        "dvar2": 41.2155418396,
        "max": 39.7202415466,
        "mean": 21.3946342468,
        "median": 22.7369689941,
        "min": 1.63466787338,
        "var": 65.7212677002
    },
    "melbands_flatness_db": {
        "dmean": 0.0323453731835,
        "dmean2": 0.046490393579,
        "dvar": 0.00233562802896,
        "dvar2": 0.00463853543624,
        "max": 1,
        "mean": 0.236917212605,
        "median": 0.229849904776,
        "min": 0.00501647312194,
        "var": 0.0175820663571
    },
    "melbands_kurtosis": {
        "dmean": 22.7195091248,
        "dmean2": 33.056060791,
        "dvar": 5591.49609375,
        "dvar2": 12770.0869141,
        "max": 3954.27441406,
        "mean": 39.7727203369,
        "median": 15.9036493301,
        "min": -1.7995005846,
        "var": 8311.39746094
    },
    "melbands_skewness": {
        "dmean": 1.24708580971,
        "dmean2": 1.84309613705,
        "dvar": 3.84581303596,
        "dvar2": 8.07305908203,
        "max": 49.2839546204,
        "mean": 4.25374984741,
        "median": 3.48970913887,
        "min": -11.4530801773,
        "var": 11.1442747116
    },
    "melbands_spread": {
        "dmean": 9.12972545624,
        "dmean2": 14.3149261475,
        "dvar": 270.741149902,
        "dvar2": 663.440124512,
        "max": 240.859725952,
        "mean": 22.4953632355,
        "median": 12.8429269791,
        "min": 0.0717488452792,
        "var": 633.950378418
    },
    "pitch_salience": {
        "dmean": 0.0811719745398,
        "dmean2": 0.125909402966,
        "dvar": 0.00957647245377,
        "dvar2": 0.0228483378887,
        "max": 0.95042014122,
        "mean": 0.424521386623,
        "median": 0.419956326485,
        "min": 0.00265474291518,
        "var": 0.0304715558887
    },
    "silence_rate_20dB": {
        "dmean": 0,
        "dmean2": 0,
        "dvar": 0,
        "dvar2": 0,
        "max": 1,
        "mean": 1,
        "median": 1,
        "min": 1,
        "var": 0
    },
    "silence_rate_30dB": {
        "dmean": 0.0469093024731,
        "dmean2": 0.0938294455409,
        "dvar": 0.0447068996727,
        "dvar2": 0.0857124477625,
        "max": 1,
        "mean": 0.86691313982,
        "median": 1,
        "min": 0,
        "var": 0.115367248654
    },
    "silence_rate_60dB": {
        "dmean": 0.0113229351118,
        "dmean2": 0.0226484853774,
        "dvar": 0.0111958365887,
        "dvar2": 0.0272233951837,
        "max": 1,
        "mean": 0.0287661738694,
        "median": 0,
        "min": 0,
        "var": 0.0279353931546
    },
    "spectral_centroid": {
        "dmean": 294.561798096,
        "dmean2": 456.92477417,
        "dvar": 165373.65625,
        "dvar2": 352740.8125,
        "max": 11517.5302734,
        "mean": 1579.08374023,
        "median": 1470.70996094,
        "min": 45.0537719727,
        "var": 907494.875
    },
    "spectral_complexity": {
        "dmean": 5.01975727081,
        "dmean2": 7.60550022125,
        "dvar": 37.6918678284,
        "dvar2": 76.9501266479,
        "max": 64,
        "mean": 23.1459102631,
        "median": 20,
        "min": 0,
        "var": 197.560913086
    },
    "spectral_decrease": {
        "dmean": 3.00170044376e-09,
        "dmean2": 4.23510826408e-09,
        "dvar": 1.79922966712e-17,
        "dvar2": 2.82729307667e-17,
        "max": 9.09464994633e-13,
        "mean": -1.43300740163e-08,
        "median": -1.09525828407e-08,
        "min": -5.84061687903e-08,
        "var": 1.3318224608e-16
    },
    "spectral_energy": {
        "dmean": 0.0116750421003,
        "dmean2": 0.0167859941721,
        "dvar": 0.000265956507064,
        "dvar2": 0.000441180192865,
        "max": 0.222020581365,
        "mean": 0.0583850778639,
        "median": 0.0446356572211,
        "min": 9.98845308141e-21,
        "var": 0.0020126781892
    },
    "spectral_energyband_high": {
        "dmean": 0.00215085525997,
        "dmean2": 0.00320424465463,
        "dvar": 2.21729587793e-05,
        "dvar2": 5.07946278958e-05,
        "max": 0.0447207316756,
        "mean": 0.00384534662589,
        "median": 0.00131745054387,
        "min": 7.32783148789e-21,
        "var": 3.63775398e-05
    },
    "spectral_energyband_low": {
        "dmean": 0.0112405093387,
        "dmean2": 0.0153285535052,
        "dvar": 0.000339095829986,
        "dvar2": 0.000537315441761,
        "max": 0.21890591085,
        "mean": 0.0407465435565,
        "median": 0.0269964523613,
        "min": 2.42585504195e-23,
        "var": 0.0018944555195
    },
    "spectral_energyband_middle_high": {
        "dmean": 0.00255498336628,
        "dmean2": 0.00425977120176,
        "dvar": 2.14590072574e-05,
        "dvar2": 5.8028181229e-05,
        "max": 0.0456952080131,
        "mean": 0.00565097341314,
        "median": 0.00352713279426,
        "min": 1.42596264276e-21,
        "var": 3.64574843843e-05
    },
    "spectral_energyband_middle_low": {
        "dmean": 0.00454468373209,
        "dmean2": 0.00733862165362,
        "dvar": 7.1086382377e-05,
        "dvar2": 0.000172894622665,
        "max": 0.089593835175,
        "mean": 0.00950836297125,
        "median": 0.00693842489272,
        "min": 1.86899904404e-22,
        "var": 9.68927051872e-05
    },
    "spectral_entropy": {
        "dmean": 0.148702159524,
        "dmean2": 0.228886142373,
        "dvar": 0.0576226897538,
        "dvar2": 0.112829901278,
        "max": 9.81248664856,
        "mean": 7.79842805862,
        "median": 8.02308082581,
        "min": 2.45903706551,
        "var": 0.601210296154
    },
    "spectral_flux": {
        "dmean": 0.0317122973502,
        "dmean2": 0.0458704940975,
        "dvar": 0.00152485666331,
        "dvar2": 0.00308837275952,
        "max": 0.41937443614,
        "mean": 0.102927558124,
        "median": 0.0818569734693,
        "min": 6.70278485493e-11,
        "var": 0.00558436429128
    },
    "spectral_kurtosis": {
        "dmean": 1.77697300911,
        "dmean2": 2.86640191078,
        "dvar": 78.3014144897,
        "dvar2": 168.177642822,
        "max": 637.283691406,
        "mean": 5.14761018753,
        "median": 2.51601457596,
        "min": -1.20538544655,
        "var": 372.471008301
    },
    "spectral_rms": {
        "dmean": 0.000776825880166,
        "dmean2": 0.00112381356303,
        "dvar": 9.77483296083e-07,
        "dvar2": 1.76324579115e-06,
        "max": 0.0147175220773,
        "mean": 0.00695623829961,
        "median": 0.00659901369363,
        "min": 3.12167132421e-12,
        "var": 8.57188842929e-06
    },
    "spectral_rolloff": {
        "dmean": 897.312194824,
        "dmean2": 1429.62268066,
        "dvar": 3010515.25,
        "dvar2": 6277488,
        "max": 19702.8808594,
        "mean": 1844.27319336,
        "median": 581.396484375,
        "min": 21.533203125,
        "var": 7629273.5
    },
    "spectral_skewness": {
        "dmean": 0.19966815412,
        "dmean2": 0.315785080194,
        "dvar": 0.211360350251,
        "dvar2": 0.417421400547,
        "max": 22.9684638977,
        "mean": 1.57228887081,
        "median": 1.33677577972,
        "min": -0.0564967952669,
        "var": 1.2490875721
    },
    "spectral_spread": {
        "dmean": 717282.6875,
        "dmean2": 1086028.375,
        "dvar": 1.13782122086e+12,
        "dvar2": 2.24962281472e+12,
        "max": 40974824,
        "mean": 5989435,
        "median": 5748182.5,
        "min": 219056.390625,
        "var": 5.58234809139e+12
    },
    "spectral_strongpeak": {
        "dmean": 0.309575110674,
        "dmean2": 0.520881414413,
        "dvar": 0.477782040834,
        "dvar2": 1.18823027611,
        "max": 11.0279312134,
        "mean": 0.771235287189,
        "median": 0.54184538126,
        "min": 0,
        "var": 0.852669298649
    },
    "zerocrossingrate": {
        "dmean": 0.0160655528307,
        "dmean2": 0.017609834671,
        "dvar": 0.000535574974492,
        "dvar2": 0.000614884542301,
        "max": 0.85595703125,
        "mean": 0.0687420591712,
        "median": 0.04248046875,
        "min": 0.00146484375,
        "var": 0.00487829744816
    },
    "barkbands": {
        "dmean": [0.00100583827589, 0.0106956707314, 0.00355419935659, 0.00219984049909, 0.00134331558365, 0.000705061946064, 0.000733084627427, 0.000609006965533, 0.000920179125387, 0.000578918494284, 0.000651681388263, 0.000653539900668, 0.000269213895081, 0.000347284512827, 0.000308442191454, 0.00029568199534, 0.000224411996896, 0.000255466962699, 0.000301870517433, 0.000236080872128, 0.000327881163685, 0.000303213077132, 0.000384119426599, 0.000519598077517, 0.000442530727014, 0.000309598894091, 4.86475328216e-05],
        "dmean2": [0.00142033165321, 0.015041526407, 0.00572052458301, 0.0039424165152, 0.00224209134467, 0.00116385833826, 0.00124622718431, 0.00101454299875, 0.00146400812082, 0.000947341322899, 0.00101142202038, 0.00107605999801, 0.000459591799881, 0.000592861673795, 0.00051384686958, 0.000521824462339, 0.000390214700019, 0.000439262221335, 0.000529302167706, 0.000395248731365, 0.000562743807677, 0.000504136492964, 0.000595790683292, 0.000802366761491, 0.000658863165881, 0.000480576971313, 7.81288836151e-05],
        "dvar": [4.1510529627e-06, 0.000471286388347, 0.000114278700494, 4.58127251477e-05, 7.93629442342e-06, 1.83199551884e-06, 2.35331935983e-06, 1.39255030263e-06, 7.13319468559e-06, 2.52078962149e-06, 2.11637097891e-06, 1.73321268448e-06, 3.16781665788e-07, 4.95975029935e-07, 5.03554360876e-07, 4.36814730165e-07, 2.38659055185e-07, 2.00380512183e-07, 4.74107906712e-07, 1.88744749607e-07, 4.90797447128e-07, 3.65564005733e-07, 6.1230252868e-07, 1.59685839662e-06, 1.08562790047e-06, 6.14684381617e-07, 1.2424060003e-08],
        "dvar2": [8.55972848512e-06, 0.000693686190061, 0.0002589445794, 0.000131715365569, 2.1812687919e-05, 4.79886830362e-06, 6.31707689536e-06, 3.62834066436e-06, 1.61483258125e-05, 4.85480859425e-06, 3.99531745643e-06, 4.40856092609e-06, 8.77215029504e-07, 1.2741621731e-06, 1.1767366459e-06, 1.24752841657e-06, 6.54809355183e-07, 5.56911402327e-07, 1.34339541091e-06, 4.94910977977e-07, 1.34162030463e-06, 9.46276600189e-07, 1.49588447584e-06, 3.65233881894e-06, 2.21060872718e-06, 1.49330446675e-06, 3.04640579429e-08],
        "max": [0.0447229072452, 0.212546169758, 0.0823635309935, 0.0569674372673, 0.0519533008337, 0.0339737832546, 0.0497705936432, 0.0186807308346, 0.0856307148933, 0.0532545931637, 0.0409521386027, 0.0357801616192, 0.0107137840241, 0.0137928910553, 0.0154309915379, 0.00760281970724, 0.00908580329269, 0.0052615380846, 0.00566081516445, 0.00538643589243, 0.00777353579178, 0.00578591180965, 0.0076468847692, 0.0146822137758, 0.0119972396642, 0.00851559732109, 0.00129770033527],
        "mean": [0.0022243859712, 0.0331517010927, 0.00417680712417, 0.00216567516327, 0.00220970949158, 0.00121758063324, 0.00124284857884, 0.000968880776782, 0.00131691573188, 0.000840377702843, 0.00102796894498, 0.000975221802946, 0.000372268375941, 0.000472619052744, 0.000451614469057, 0.000387646054151, 0.000320690509398, 0.000404221442295, 0.000413409143221, 0.00041116180364, 0.000513654318638, 0.000490870443173, 0.000624978856649, 0.000788489240222, 0.000706598162651, 0.000451689673355, 5.71968521399e-05],
        "median": [0.0003144540824, 0.0196186657995, 0.000878754421137, 0.00075349805411, 0.00107521913014, 0.000389963097405, 0.000392149435356, 0.00039864575956, 0.000484097050503, 0.000319608603604, 0.000238633016124, 0.000331140123308, 0.000170284867636, 0.000224810341024, 0.000199529749807, 0.00019345592591, 0.00015037083358, 0.000207610457437, 0.000194809632376, 0.000190003018361, 0.0001965721749, 0.000193003797904, 0.000179432769073, 0.00017562523135, 0.000146570659126, 7.20923198969e-05, 3.17819012707e-06],
        "min": [4.04102439511e-24, 1.24292482465e-23, 2.76769186191e-24, 1.82081521484e-24, 1.33848569921e-23, 1.70505184915e-23, 2.60410494769e-23, 9.115473931e-24, 3.33284991877e-23, 1.53952516541e-23, 3.82605459196e-23, 4.42609564417e-23, 5.0241572866e-23, 7.13255213887e-23, 7.72953682839e-23, 1.04315324724e-22, 9.96410209385e-23, 1.42385064124e-22, 2.07358147389e-22, 2.30824184477e-22, 2.58650703862e-22, 3.96000904279e-22, 5.04812010411e-22, 5.55220247498e-22, 9.61741350322e-22, 1.42366840806e-21, 2.34316639574e-21],
        "var": [1.34121328301e-05, 0.00167911115568, 0.000111393455882, 2.87735419988e-05, 1.10481123556e-05, 5.66620838072e-06, 1.18236648632e-05, 3.10048358187e-06, 1.08823542178e-05, 5.86451869822e-06, 6.09004564467e-06, 3.37173196385e-06, 3.98756043296e-07, 7.23413961623e-07, 8.07146363968e-07, 3.76030726557e-07, 2.46968824058e-07, 2.77737967735e-07, 4.06563231081e-07, 2.99701639506e-07, 5.61292893053e-07, 5.06835192482e-07, 9.7081954209e-07, 2.27100645134e-06, 1.740429866e-06, 7.81669143635e-07, 1.48946268652e-08]
    },
    "erbbands": {
        "dmean": [0.468295186758, 2.30692362785, 3.51835346222, 6.26221895218, 5.16551876068, 4.52897500992, 4.2756562233, 6.85790586472, 9.69817352295, 11.9252529144, 12.4862508774, 17.376115799, 24.0707492828, 24.2032756805, 21.6017036438, 22.2359771729, 10.6055955887, 19.7160816193, 12.9123249054, 15.6312484741, 16.9063472748, 11.8473529816, 12.436580658, 14.595290184, 15.6172733307, 10.5209770203, 14.3089485168, 11.3919668198, 12.4021663666, 12.003200531, 10.8350505829, 11.8792505264, 7.87724685669, 5.47712230682, 3.14697170258, 1.65059602261, 0.505624651909, 0.112288340926, 0.0071059288457, 0.00012580868497],
        "dmean2": [0.562380075455, 3.17017412186, 5.12710189819, 10.7681655884, 8.577085495, 7.67030668259, 7.32214450836, 11.1382827759, 16.5484352112, 20.2558326721, 20.3869400024, 28.2757205963, 37.9099235535, 38.374332428, 35.0233383179, 37.0367279053, 18.1365890503, 33.4472389221, 21.5851535797, 26.6529598236, 29.6563434601, 20.7092895508, 21.1111850739, 25.5711078644, 27.3711700439, 17.6494312286, 24.3572292328, 19.4841651917, 21.1108455658, 18.871711731, 17.0392818451, 19.0949687958, 11.7880992889, 8.29721164703, 4.76733112335, 2.55448579788, 0.797281980515, 0.178410038352, 0.0115093551576, 0.000197516579647],
        "dvar": [0.691882669926, 25.3801136017, 83.9162216187, 383.601501465, 130.270904541, 105.233787537, 113.901626587, 185.906082153, 394.51385498, 581.997436523, 594.782775879, 4376.28417969, 3972.52270508, 2700.84423828, 1605.67492676, 2017.23193359, 442.024230957, 1913.35803223, 722.943847656, 1314.23254395, 1396.76599121, 667.396362305, 466.786651611, 933.473876953, 1350.77453613, 360.415313721, 831.299804688, 601.050231934, 652.917297363, 591.218994141, 477.580688477, 847.092712402, 332.851837158, 157.00831604, 57.2327423096, 17.938249588, 1.54520916939, 0.0752977728844, 0.000261316163233, 7.65641416933e-08],
        "dvar2": [0.775757789612, 45.4832038879, 161.009918213, 1031.30200195, 341.331451416, 292.402404785, 358.761901855, 452.446594238, 1083.27050781, 1597.66784668, 1529.00170898, 10763.8544922, 7451.70410156, 5197.96972656, 3860.58300781, 5158.10400391, 1223.0032959, 5067.43212891, 1792.05908203, 3338.39916992, 3985.23364258, 1891.62402344, 1268.94055176, 2632.1965332, 3854.63378906, 940.497924805, 2246.2734375, 1588.31811523, 1752.98034668, 1431.51501465, 1183.88464355, 2058.80981445, 724.453369141, 316.237701416, 127.01133728, 42.4593315125, 3.75299406052, 0.184939473867, 0.000635978940409, 1.83064997827e-07],
        "max": [9.80972194672, 52.8938751221, 78.6895751953, 158.550750732, 117.747436523, 177.038955688, 246.471832275, 384.903289795, 488.932434082, 636.10357666, 479.045806885, 2618.75463867, 2151.0090332, 1481.66271973, 1181.77111816, 684.93737793, 385.246124268, 806.339416504, 871.033935547, 708.153442383, 423.81829834, 260.235778809, 316.192810059, 260.405395508, 300.816253662, 199.500839233, 258.106689453, 311.693939209, 219.920074463, 259.698120117, 215.456893921, 298.34765625, 235.937713623, 142.424728394, 86.2008132935, 49.6903915405, 12.4630146027, 2.69578027725, 0.214803874493, 0.00324400933459],
        "mean": [1.41098856926, 5.59669160843, 5.27024650574, 6.85671901703, 6.82088756561, 7.0381731987, 7.86624002457, 11.6669311523, 15.248509407, 20.9064693451, 20.9154491425, 24.6446285248, 39.0519142151, 38.5260658264, 35.9320449829, 33.1969642639, 16.2368011475, 27.1877365112, 19.9863357544, 22.6021308899, 23.2891960144, 18.0091609955, 20.9987335205, 21.4980449677, 21.8366298676, 18.6059589386, 22.2188873291, 17.7197380066, 18.7665996552, 19.8148803711, 16.7173480988, 16.8397808075, 12.3644371033, 8.43236637115, 4.75180149078, 2.33740329742, 0.723516821861, 0.149972900748, 0.00856417138129, 0.00023217665148],
        "median": [0.613941431046, 2.96404409409, 2.0306391716, 2.34926366806, 3.16996645927, 2.80886983871, 2.65650129318, 3.33503246307, 5.25214767456, 7.80199623108, 10.0355892181, 10.9205293655, 13.4096126556, 13.371304512, 13.8306703568, 12.5975952148, 8.27830600739, 12.3131790161, 10.3570594788, 9.91347885132, 12.3132228851, 9.24164772034, 11.0712890625, 10.9846954346, 9.58825016022, 9.21570301056, 8.12178421021, 7.25804376602, 7.05514717102, 5.55210876465, 4.96381187439, 3.98560523987, 2.59487819672, 1.62838852406, 0.965986728668, 0.362092226744, 0.114648677409, 0.0185935888439, 0.00063141330611, 8.73728567967e-05],
        "min": [1.48290792405e-22, 3.49016257887e-21, 5.15452307665e-21, 4.64070336017e-21, 2.23873266237e-20, 4.24827393339e-20, 1.4760823481e-19, 9.09347435478e-20, 3.7800561671e-19, 3.14087845664e-19, 1.9831801235e-19, 8.15546162141e-19, 6.84828981288e-19, 6.12742362254e-19, 1.26464666003e-18, 2.12186819768e-18, 2.5581464138e-18, 3.8400615031e-18, 2.94142199819e-18, 4.86469095505e-18, 7.22902915812e-18, 6.34420770535e-18, 6.71570733975e-18, 8.94617918198e-18, 1.1552876755e-17, 1.13863868044e-17, 1.17520006352e-17, 9.8110866751e-18, 1.35450974198e-17, 1.59892788179e-17, 1.35182727797e-17, 1.21604508411e-17, 9.61794827387e-18, 8.71842988957e-18, 6.42781746731e-18, 4.15227710299e-18, 2.76736603332e-18, 1.15492073818e-18, 2.99407690387e-19, 3.67612732086e-20],
        "var": [3.29143285751, 59.9523391724, 113.820404053, 280.54586792, 128.127288818, 125.704772949, 415.651580811, 629.84552002, 1134.08459473, 2235.29980469, 1280.44104004, 4494.03369141, 10801.4287109, 8038.99462891, 3387.08862305, 3598.2409668, 536.200866699, 2846.39697266, 977.573913574, 1749.41442871, 1286.15820312, 652.352783203, 733.0390625, 920.022216797, 1169.82763672, 561.533874512, 1047.20874023, 700.669250488, 785.327392578, 1007.48657227, 697.863220215, 1034.66589355, 549.974731445, 255.739547729, 82.2651901245, 22.8968658447, 1.91376876831, 0.0896578207612, 0.000320793653373, 1.1086772389e-07]
    },
    "gfcc": {
        "mean": [20.0783843994, 64.4673995972, -92.1773147583, 34.19688797, -51.7389297485, 28.0409450531, -24.5223426819, 19.4741611481, -17.967048645, 7.08118724823, -13.5585184097, 4.81310129166, -10.052365303],
        "cov": [[16075.8847656, -3436.12207031, -1352.99072266, 33.8807678223, -684.838928223, 491.535369873, -635.201782227, 314.108612061, -762.476745605, 330.171722412, -610.755187988, 378.789367676, -344.186309814], [-3436.12207031, 3961.63476562, 497.064941406, 229.472595215, 273.710845947, -286.756408691, 321.099639893, -140.992004395, 463.436340332, -208.787200928, 372.981445312, -213.659698486, 218.553131104], [-1352.99072266, 497.064941406, 1472.75378418, 425.960510254, 433.243682861, 151.926208496, 140.253341675, -35.6445846558, 36.5810661316, -51.1477890015, 13.5229673386, -51.1472358704, 22.9627285004], [33.8807678223, 229.472595215, 425.960510254, 429.717590332, 241.772476196, 130.255340576, 84.3117599487, 4.21952104568, 22.0640583038, -0.541072249413, 10.5964508057, -10.0613021851, 34.2288856506], [-684.838928223, 273.710845947, 433.243682861, 241.772476196, 433.875427246, 157.023101807, 157.821975708, 23.9041957855, 64.7551345825, 8.36892700195, 62.1668968201, 3.30690383911, 44.8707122803], [491.535369873, -286.756408691, 151.926208496, 130.255340576, 157.023101807, 272.074798584, 100.042053223, 97.4151382446, -17.8203029633, 48.6990280151, -14.0051784515, 37.3181266785, 3.68221902847], [-635.201782227, 321.099639893, 140.253341675, 84.3117599487, 157.821975708, 100.042053223, 209.207336426, 66.6704330444, 99.1040802002, 1.56163430214, 67.498840332, -1.56562948227, 56.6508407593], [314.108612061, -140.992004395, -35.6445846558, 4.21952104568, 23.9041957855, 97.4151382446, 66.6704330444, 140.439926147, 28.3022193909, 44.3776702881, -7.87428617477, 24.6802520752, 4.87789916992], [-762.476745605, 463.436340332, 36.5810661316, 22.0640583038, 64.7551345825, -17.8203029633, 99.1040802002, 28.3022193909, 184.615005493, 34.0467796326, 100.863456726, -17.6480350494, 61.993473053], [330.171722412, -208.787200928, -51.1477890015, -0.541072249413, 8.36892700195, 48.6990280151, 1.56163430214, 44.3776702881, 34.0467796326, 112.910842896, 34.3233909607, 46.4189720154, 8.24926567078], [-610.755187988, 372.981445312, 13.5229673386, 10.5964508057, 62.1668968201, -14.0051784515, 67.498840332, -7.87428617477, 100.863456726, 34.3233909607, 141.949386597, 28.8517971039, 62.7854270935], [378.789367676, -213.659698486, -51.1472358704, -10.0613021851, 3.30690383911, 37.3181266785, -1.56562948227, 24.6802520752, -17.6480350494, 46.4189720154, 28.8517971039, 107.64503479, 39.5869674683], [-344.186309814, 218.553131104, 22.9627285004, 34.2288856506, 44.8707122803, 3.68221902847, 56.6508407593, 4.87789916992, 61.993473053, 8.24926567078, 62.7854270935, 39.5869674683, 113.07610321]],
        "icov": [[0.00013685261365, -6.53158931527e-05, 0.00012018824782, -0.000198634079425, 0.000138878705911, -0.000244209135417, 0.000249795150012, -0.0001412963029, 0.000237985412241, -0.000359581812518, 0.000472432962852, -0.000465557794087, 0.000208740733797], [-6.53158931527e-05, 0.000743997865357, -0.000130424115923, -0.00021263587405, -4.39626237494e-05, 0.000631639908534, -0.000301247899188, -4.83395815536e-05, -0.000885686080437, 0.00159975327551, -0.00178699358366, 0.00122876942623, -0.000465158460429], [0.00012018824782, -0.000130424115923, 0.00125456915703, -0.000813713122625, -0.000655743875541, -0.00034667539876, 0.000169418199221, 0.00033189705573, 0.000118977673992, -0.000121359676996, 0.000841626781039, -0.0003944937489, 0.000396190676838], [-0.000198634079425, -0.00021263587405, -0.000813713122625, 0.00455269729719, -0.00149542652071, -0.00109517970122, 3.37340170518e-05, 0.000932931783609, -5.2393261285e-05, -0.000457140005892, 0.000610190851148, 0.00110381969716, -0.00149775855243], [0.000138878705911, -4.39626237494e-05, -0.000655743875541, -0.00149542652071, 0.00541541865095, -0.00193263520487, -0.00180762307718, 0.000933436444029, -6.82185345795e-05, -0.000194227992324, -0.000796623702627, -0.000703316065483, 0.000612998323049], [-0.000244209135417, 0.000631639908534, -0.00034667539876, -0.00109517970122, -0.00193263520487, 0.00983448605984, -0.00428315158933, -0.00345580442809, 0.00287817232311, -0.00195780885406, -0.000569827388972, 0.000771914958023, -0.000209629186429], [0.000249795150012, -0.000301247899188, 0.000169418199221, 3.37340170518e-05, -0.00180762307718, -0.00428315158933, 0.0136752137914, -0.00479519180954, -0.00354103767313, 0.00427768472582, -0.00240936363116, 0.000259355612798, -0.00161335605662], [-0.0001412963029, -4.83395815536e-05, 0.00033189705573, 0.000932931783609, 0.000933436444029, -0.00345580442809, -0.00479519180954, 0.0144847575575, -0.00397947384045, -0.00309768645093, 0.00534144183621, -0.00278293970041, 0.00124937121291], [0.000237985412241, -0.000885686080437, 0.000118977673992, -5.2393261285e-05, -6.82185345795e-05, 0.00287817232311, -0.00354103767313, -0.00397947384045, 0.0177478864789, -0.00820211414248, -0.004902202636, 0.00672059459612, -0.00445570284501], [-0.000359581812518, 0.00159975327551, -0.000121359676996, -0.000457140005892, -0.000194227992324, -0.00195780885406, 0.00427768472582, -0.00309768645093, -0.00820211414248, 0.0208460539579, -0.00765671394765, -0.00341518502682, 0.00253085885197], [0.000472432962852, -0.00178699358366, 0.000841626781039, 0.000610190851148, -0.000796623702627, -0.000569827388972, -0.00240936363116, 0.00534144183621, -0.004902202636, -0.00765671394765, 0.0227245017886, -0.00928191840649, -0.000274427293334], [-0.000465557794087, 0.00122876942623, -0.0003944937489, 0.00110381969716, -0.000703316065483, 0.000771914958023, 0.000259355612798, -0.00278293970041, 0.00672059459612, -0.00341518502682, -0.00928191840649, 0.0223897341639, -0.00992206484079], [0.000208740733797, -0.000465158460429, 0.000396190676838, -0.00149775855243, 0.000612998323049, -0.000209629186429, -0.00161335605662, 0.00124937121291, -0.00445570284501, 0.00253085885197, -0.000274427293334, -0.00992206484079, 0.0171531178057]]
    },
    "melbands": {
        "dmean": [0.00340825296007, 0.00193189294077, 0.0010154384654, 0.000322687759763, 0.000157325601322, 0.000150570762344, 0.000151594693307, 0.000132495406433, 9.31251051952e-05, 0.0001294764661, 0.000120745593449, 9.49737659539e-05, 7.98452965682e-05, 8.21967478259e-05, 3.05686880893e-05, 3.17055200867e-05, 3.69384579244e-05, 2.05734650081e-05, 2.49801523751e-05, 1.99026890186e-05, 2.01457714866e-05, 1.29882164401e-05, 1.14609929369e-05, 1.32996128741e-05, 1.24001753647e-05, 1.24793195937e-05, 1.05009903564e-05, 6.95638027537e-06, 9.74776685325e-06, 8.22083347884e-06, 6.49303819955e-06, 7.49125956645e-06, 6.37379343971e-06, 7.50940534999e-06, 6.63014088786e-06, 6.64374601911e-06, 7.66223001847e-06, 5.9376225181e-06, 4.77847606817e-06, 5.04193667439e-06],
        "dmean2": [0.00449516763911, 0.00240738526918, 0.00170677248389, 0.000532622972969, 0.000269409094471, 0.000246662821155, 0.000256978324614, 0.00022432761034, 0.000150886771735, 0.0002088444744, 0.000190334016224, 0.000151954183821, 0.000126868486404, 0.000135043897899, 5.28913842572e-05, 5.36121660843e-05, 6.27741756034e-05, 3.46850174537e-05, 4.18464223912e-05, 3.48319445038e-05, 3.51334892912e-05, 2.27309428737e-05, 1.96595974558e-05, 2.28457956837e-05, 2.17274555325e-05, 2.21222599066e-05, 1.82250114449e-05, 1.15315606308e-05, 1.65063702298e-05, 1.43380339068e-05, 1.11049275802e-05, 1.2989192328e-05, 1.02987296486e-05, 1.18861426017e-05, 1.0630664292e-05, 1.05967010313e-05, 1.24941770991e-05, 8.97868176253e-06, 7.46661316953e-06, 7.72672683524e-06],
        "dvar": [3.98514057451e-05, 1.47520686369e-05, 8.61059470481e-06, 5.01711213019e-07, 1.38282871376e-07, 8.74289938224e-08, 8.94290081987e-08, 6.5540319838e-08, 3.31854650426e-08, 2.04858963571e-07, 9.95361730816e-08, 4.15954879429e-08, 2.64011656981e-08, 2.73837930109e-08, 4.71443062366e-09, 5.45219913661e-09, 6.57466614484e-09, 1.8516803646e-09, 3.76400288715e-09, 2.01448657755e-09, 1.92379068231e-09, 8.04834476842e-10, 4.59510512973e-10, 5.55115120537e-10, 6.65084709528e-10, 8.5126439231e-10, 5.2758514224e-10, 1.4175775831e-10, 3.59988538978e-10, 3.71004199584e-10, 1.8430942883e-10, 2.35372721313e-10, 1.57249741006e-10, 2.28547666903e-10, 1.73782099822e-10, 2.14300799328e-10, 3.52340656651e-10, 1.85845464018e-10, 1.07706912833e-10, 1.331195848e-10],
        "dvar2": [4.86786993861e-05, 2.29977558774e-05, 2.24573541345e-05, 1.35356719966e-06, 4.25397985282e-07, 2.20547192953e-07, 2.43851189907e-07, 1.7963185428e-07, 8.47742285259e-08, 4.94653249916e-07, 1.87497576576e-07, 8.34590494492e-08, 5.7240328033e-08, 6.89873189685e-08, 1.27083161772e-08, 1.50526400233e-08, 1.69416054518e-08, 4.71925298839e-09, 8.54031600994e-09, 5.53378809443e-09, 5.43083666926e-09, 2.25673879584e-09, 1.2679671757e-09, 1.54336232683e-09, 1.8665935464e-09, 2.42517517179e-09, 1.48068635131e-09, 3.55800527929e-10, 9.44224809452e-10, 1.03946995456e-09, 4.76756134571e-10, 6.49718723267e-10, 3.83563014683e-10, 5.53604828646e-10, 4.4164161217e-10, 5.23004251018e-10, 8.63125737549e-10, 4.0284683922e-10, 2.47230930173e-10, 2.64716026876e-10],
        "max": [0.0656333640218, 0.0419432260096, 0.0241493545473, 0.0118935005739, 0.00942711904645, 0.0079105515033, 0.00780059350654, 0.00561658665538, 0.0035037053749, 0.0169404037297, 0.010554603301, 0.00545710464939, 0.00584723195061, 0.00465949205682, 0.00174803542905, 0.00152058224194, 0.00176227279007, 0.00139164924622, 0.00157618441153, 0.000613599375356, 0.000636636512354, 0.000357352691935, 0.000241225789068, 0.000287950068014, 0.000252251018537, 0.000242836118559, 0.00029944506241, 0.000134387461003, 0.000232167891227, 0.000194192994968, 0.000209001460462, 0.000152418360813, 0.000130568383611, 0.000148459890625, 0.000135490132379, 0.000184318705578, 0.000208120924071, 0.000184578064363, 0.000126773011289, 0.000125264006783],
        "mean": [0.0106869116426, 0.00428489875048, 0.00119978305884, 0.000479997688672, 0.000286062888335, 0.000250742567005, 0.000252834899584, 0.00023221297306, 0.000153434608364, 0.00018084095791, 0.000192579274881, 0.000145416226587, 0.000128505751491, 0.000122137498693, 4.13462657889e-05, 4.37731032434e-05, 4.92936815135e-05, 2.94805940939e-05, 3.56176569767e-05, 2.59174048551e-05, 2.69509255304e-05, 1.83046304301e-05, 1.72513537109e-05, 2.04110456252e-05, 1.68397946254e-05, 1.61323732755e-05, 1.47863056554e-05, 1.16058381536e-05, 1.47882856254e-05, 1.14739586934e-05, 9.60279976425e-06, 1.05910794446e-05, 9.7218553492e-06, 1.18783900689e-05, 9.62314061326e-06, 9.53816925175e-06, 1.02999892988e-05, 8.94331242307e-06, 7.06630089553e-06, 7.27634824216e-06],
        "median": [0.00581080047414, 0.00251463800669, 0.000498106703162, 0.000240697292611, 9.67345986282e-05, 7.53793283366e-05, 8.61497901496e-05, 8.75841360539e-05, 7.21247051843e-05, 6.85131526552e-05, 6.0533056967e-05, 4.75291744806e-05, 4.11091641581e-05, 4.00874851039e-05, 1.7166714315e-05, 1.9518105546e-05, 2.14590818359e-05, 1.48266208271e-05, 1.47098871821e-05, 1.13188998512e-05, 1.35974505611e-05, 8.57297891343e-06, 8.31775378174e-06, 1.01650548459e-05, 8.08001277619e-06, 7.1732674769e-06, 6.1601467678e-06, 5.79415336688e-06, 4.97065229865e-06, 4.4576459004e-06, 3.76245407097e-06, 3.87667842006e-06, 3.37256369676e-06, 2.8531605949e-06, 2.72103511634e-06, 2.55804275184e-06, 2.21862819672e-06, 1.70110411091e-06, 1.41847795021e-06, 1.27628072732e-06],
        "min": [2.57310216191e-24, 3.9243100576e-24, 1.71549005665e-24, 2.554907874e-24, 4.7550440941e-24, 2.1355561221e-24, 5.94404522717e-24, 3.2826857016e-24, 1.19216288757e-24, 5.21412603663e-24, 3.4826958621e-24, 2.12291778154e-24, 4.42628000096e-24, 4.52423680387e-24, 6.931982676e-24, 4.36251361298e-24, 6.83008709059e-24, 3.7134250551e-24, 6.64873506823e-24, 5.34840633435e-24, 7.90527294997e-24, 5.47642307648e-24, 4.2111457992e-24, 7.28848785173e-24, 6.79338139267e-24, 7.99225748655e-24, 8.76030981881e-24, 7.12717841839e-24, 6.6623941948e-24, 5.35727707523e-24, 4.61565592202e-24, 7.21296704183e-24, 7.214531353e-24, 9.00698662387e-24, 7.49757622352e-24, 8.01601561043e-24, 6.70082828697e-24, 6.434732093e-24, 8.74146708723e-24, 6.72579573462e-24],
        "var": [0.000174030210474, 3.65889063687e-05, 6.83872031004e-06, 5.03736885094e-07, 4.61766632043e-07, 2.69566754696e-07, 3.58549641533e-07, 2.13649528291e-07, 6.84417216235e-08, 2.37858344576e-07, 2.6907119377e-07, 1.15282844604e-07, 6.05099614859e-08, 5.46809992841e-08, 5.66284796832e-09, 7.14716996697e-09, 9.94366189389e-09, 2.20154783293e-09, 6.52592113681e-09, 1.94735294556e-09, 1.84626458566e-09, 7.90811083284e-10, 5.6031662643e-10, 7.84735165738e-10, 6.39011288328e-10, 6.93847146405e-10, 5.53366963363e-10, 2.30838528847e-10, 5.09348119238e-10, 3.42318062785e-10, 2.21289805924e-10, 2.60649835049e-10, 2.33600000454e-10, 3.90935089856e-10, 2.40278935637e-10, 2.77138673122e-10, 4.1176467791e-10, 3.03647995636e-10, 1.6636773903e-10, 2.09528658313e-10]
    },
    "mfcc": {
        "mean": [-626.413330078, 99.2033615112, 17.681224823, 18.9655284882, 6.11345005035, 11.3149528503, 9.06129741669, 13.6257305145, 7.09991502762, 8.4374628067, 4.21813726425, 3.85183691978, 2.84453368187],
        "cov": [[10700.3525391, -2440.63061523, -673.397460938, -528.438598633, -188.400009155, -59.0475654602, 2.34897017479, -127.38759613, -64.7384033203, -149.101089478, -223.67048645, -157.402374268, -56.5505905151], [-2440.63061523, 2885.5871582, 343.830505371, 431.422454834, 46.0519943237, 7.34870386124, -70.7289276123, 100.974601746, -3.50666618347, 81.4866333008, 124.196113586, 81.0723648071, 36.7316246033], [-673.397460938, 343.830505371, 852.365600586, 320.004425049, 266.559570312, 174.925567627, 124.188690186, 64.8223571777, 49.249961853, 30.1344490051, 0.220109716058, -8.00233364105, -13.9051733017], [-528.438598633, 431.422454834, 320.004425049, 395.341705322, 204.766479492, 147.140029907, 77.623878479, 52.7753219604, 36.7163047791, 26.6592292786, 16.0709934235, 10.4980506897, 9.77293300629], [-188.400009155, 46.0519943237, 266.559570312, 204.766479492, 306.270751953, 180.555084229, 141.648300171, 65.3264160156, 56.9892234802, 33.7057876587, 11.2939720154, 27.4547996521, 23.1141052246], [-59.0475654602, 7.34870386124, 174.925567627, 147.140029907, 180.555084229, 217.35597229, 140.020812988, 73.0501022339, 55.7915687561, 40.2583236694, 25.7737388611, 25.7518978119, 22.4971981049], [2.34897017479, -70.7289276123, 124.188690186, 77.623878479, 141.648300171, 140.020812988, 197.836425781, 105.33530426, 73.6676254272, 36.2566070557, 17.8755931854, 26.087808609, 18.8680992126], [-127.38759613, 100.974601746, 64.8223571777, 52.7753219604, 65.3264160156, 73.0501022339, 105.33530426, 128.124343872, 77.1955871582, 37.6486663818, 21.0427417755, 23.9991645813, 17.4778232574], [-64.7384033203, -3.50666618347, 49.249961853, 36.7163047791, 56.9892234802, 55.7915687561, 73.6676254272, 77.1955871582, 113.631973267, 62.7378883362, 27.9235877991, 20.31757164, 9.08239078522], [-149.101089478, 81.4866333008, 30.1344490051, 26.6592292786, 33.7057876587, 40.2583236694, 36.2566070557, 37.6486663818, 62.7378883362, 104.662887573, 58.3931808472, 30.7680244446, 2.67238926888], [-223.67048645, 124.196113586, 0.220109716058, 16.0709934235, 11.2939720154, 25.7737388611, 17.8755931854, 21.0427417755, 27.9235877991, 58.3931808472, 90.2741622925, 48.953956604, 13.7940969467], [-157.402374268, 81.0723648071, -8.00233364105, 10.4980506897, 27.4547996521, 25.7518978119, 26.087808609, 23.9991645813, 20.31757164, 30.7680244446, 48.953956604, 88.6187057495, 47.1375389099], [-56.5505905151, 36.7316246033, -13.9051733017, 9.77293300629, 23.1141052246, 22.4971981049, 18.8680992126, 17.4778232574, 9.08239078522, 2.67238926888, 13.7940969467, 47.1375389099, 86.0275115967]],
