{
"lowlevel": {
    "average_loudness": 0.944096744061,
    "barkbands_crest": {
        "dmean": 2.95216059685,
        "dmean2": 4.68974399567,
        "dvar": 7.84388875961,
        "dvar2": 18.8841686249,
        "max": 25.9255771637,
        "mean": 10.8357887268,
        "median": 10.3108892441,
        "min": 2.05461668968,
        "var": 22.9609146118
    },
    "barkbands_flatness_db": {
        "dmean": 0.0230729933828,
        "dmean2": 0.0356523655355,
        "dvar": 0.000664334802423,
        "dvar2": 0.00147399585694,
        "max": 0.57807213068,
        "mean": 0.10107268393,
        "median": 0.0856099128723,
        "min": 0.0160377789289,
        "var": 0.00346448482014
    },
    "barkbands_kurtosis": {
        "dmean": 3.70714521408,
        "dmean2": 5.53335762024,
        "dvar": 129.775222778,
        "dvar2": 234.258880615,
        "max": 882.401428223,
        "mean": 5.45561218262,
        "median": 1.38507556915,
        "min": -1.91556119919,
        "var": 419.669708252
    },
    "barkbands_skewness": {
        "dmean": 0.607456088066,
        "dmean2": 0.945448637009,
        "dvar": 0.620134890079,
        "dvar2": 1.36268627644,
        "max": 21.4073429108,
        "mean": 1.69188725948,
        "median": 1.50241518021,
        "min": -2.34847736359,
        "var": 2.19386005402
    },
    "barkbands_spread": {
        "dmean": 8.58999156952,
        "dmean2": 13.4498205185,
        "dvar": 84.8833389282,
        "dvar2": 209.852249146,
        "max": 145.673217773,
        "mean": 34.8220367432,
        "median": 34.6290931702,
        "min": 0.113167747855,
        "var": 331.51348877
    },
    "dissonance": {
        "dmean": 0.0124649750069,
        "dmean2": 0.0208847895265,
        "dvar": 0.000178687012522,
        "dvar2": 0.000476380373584,
        "max": 0.500000119209,
        "mean": 0.475889831781,
        "median": 0.482603132725,
        "min": 0.076743721962,
        "var": 0.000817922700662
    },
    "dynamic_complexity": 1.72826969624,
    "erbbands_crest": {
        "dmean": 1.73603701591,
        "dmean2": 2.87997055054,
        "dvar": 3.98402047157,
        "dvar2": 10.1626796722,
        "max": 28.8185119629,
        "mean": 5.88168478012,
        "median": 4.62641811371,
        "min": 1.98914754391,
        "var": 13.6152563095
    },
    "erbbands_flatness_db": {
        "dmean": 0.0114008225501,
        "dmean2": 0.0170609205961,
        "dvar": 0.000149513289216,
        "dvar2": 0.000320404738886,
        "max": 0.537483513355,
        "mean": 0.106802366674,
        "median": 0.0964753627777,
        "min": 0.0405487902462,
        "var": 0.00200868933462
    },
    "erbbands_kurtosis": {
        "dmean": 0.739640653133,
        "dmean2": 1.13102591038,
        "dvar": 8.82666492462,
        "dvar2": 12.2252645493,
        "max": 303.009765625,
        "mean": 0.30605083704,
        "median": -0.556958317757,
        "min": -1.75591659546,
        "var": 44.7906265259
    },
    "erbbands_skewness": {
        "dmean": 0.303519845009,
        "dmean2": 0.479704380035,
        "dvar": 0.104900568724,
        "dvar2": 0.235087111592,
        "max": 13.6503248215,
        "mean": 0.115904681385,
        "median": -0.0757455527782,
        "min": -1.75476801395,
        "var": 0.763882994652
    },
    "erbbands_spread": {
        "dmean": 10.4170856476,
        "dmean2": 16.2580680847,
        "dvar": 140.583602905,
        "dvar2": 337.998718262,
        "max": 162.824386597,
        "mean": 53.84324646,
        "median": 52.7930831909,
        "min": 0.442172735929,
        "var": 387.64465332
    },
    "hfc": {
        "dmean": 14.0076723099,
        "dmean2": 22.2069988251,
        "dvar": 423.56262207,
        "dvar2": 1086.54846191,
        "max": 220.897674561,
        "mean": 40.91223526,
        "median": 33.676612854,
        "min": 1.12470252346e-16,
        "var": 897.488708496
    },
    "melbands_crest": {
        "dmean": 3.95804190636,
        "dmean2": 6.51090669632,
        "dvar": 13.599603653,
        "dvar2": 36.0312728882,
        "max": 33.2780227661,
        "mean": 16.9007873535,
        "median": 16.928981781,
        "min": 1.58974063396,
        "var": 39.7585678101
    },
    "melbands_flatness_db": {
        "dmean": 0.0306524671614,
        "dmean2": 0.047816157341,
        "dvar": 0.0011264688801,
        "dvar2": 0.00264415703714,
        "max": 0.667324006557,
        "mean": 0.167992800474,
        "median": 0.158086806536,
        "min": 0.00746595906094,
        "var": 0.00601241039112
    },
    "melbands_kurtosis": {
        "dmean": 12.5913324356,
        "dmean2": 19.4000453949,
        "dvar": 966.07800293,
        "dvar2": 2179.70581055,
        "max": 602.761474609,
        "mean": 21.8722743988,
        "median": 13.0533237457,
        "min": -1.60962462425,
        "var": 1381.07971191
    },
    "melbands_skewness": {
        "dmean": 0.971336901188,
        "dmean2": 1.51198971272,
        "dvar": 1.74489307404,
        "dvar2": 4.0018696785,
        "max": 18.0382614136,
        "mean": 3.48246049881,
        "median": 3.19832444191,
        "min": -0.777362465858,
        "var": 4.36360025406
    },
    "melbands_spread": {
        "dmean": 9.78840827942,
        "dmean2": 16.1042842865,
        "dvar": 160.74269104,
        "dvar2": 424.665557861,
        "max": 208.22869873,
        "mean": 29.1692295074,
        "median": 24.1650619507,
        "min": 0.244012534618,
        "var": 534.618835449
    },
    "pitch_salience": {
        "dmean": 0.0912676528096,
        "dmean2": 0.146923154593,
        "dvar": 0.00857912190259,
        "dvar2": 0.0213647987694,
        "max": 0.90182518959,
        "mean": 0.532965660095,
        "median": 0.535892903805,
        "min": 0.0141416378319,
        "var": 0.0191503018141
    },
    "silence_rate_20dB": {
        "dmean": 0,
        "dmean2": 0,
        "dvar": 0,
        "dvar2": 0,
        "max": 1,
        "mean": 1,
        "median": 1,
        "min": 1,
        "var": 0
    },
    "silence_rate_30dB": {
        "dmean": 0.0186974126846,
        "dmean2": 0.0373987108469,
        "dvar": 0.0183487664908,
        "dvar2": 0.0422361493111,
        "max": 1,
        "mean": 0.980681359768,
        "median": 1,
        "min": 0,
        "var": 0.0189443361014
    },
    "silence_rate_60dB": {
        "dmean": 0.00166199228261,
        "dmean2": 0.00332432985306,
        "dvar": 0.00165932718664,
        "dvar2": 0.00414474867284,
        "max": 1,
        "mean": 0.03874117136,
        "median": 0,
        "min": 0,
        "var": 0.0372421406209
    },
    "spectral_centroid": {
        "dmean": 332.56552124,
        "dmean2": 533.543762207,
        "dvar": 130471.3125,
        "dvar2": 324684.9375,
        "max": 10825.0849609,
        "mean": 1836.47363281,
        "median": 1897.4017334,
        "min": 155.885162354,
        "var": 632155.125
    },
    "spectral_complexity": {
        "dmean": 5.51760673523,
        "dmean2": 8.56825256348,
        "dvar": 34.2154502869,
        "dvar2": 73.7626571655,
        "max": 65,
        "mean": 29.3121109009,
        "median": 30,
        "min": 0,
        "var": 181.823913574
    },
    "spectral_decrease": {
        "dmean": 2.90469714948e-09,
        "dmean2": 4.31454250105e-09,
        "dvar": 1.13339104664e-17,
        "dvar2": 2.34707585359e-17,
        "max": -4.88246291876e-29,
        "mean": -1.03057224976e-08,
        "median": -9.91870585665e-09,
        "min": -5.4018443052e-08,
        "var": 3.78292061084e-17
    },
    "spectral_energy": {
        "dmean": 0.0113399485126,
        "dmean2": 0.016680913046,
        "dvar": 0.000165615594597,
        "dvar2": 0.000342467159498,
        "max": 0.205866038799,
        "mean": 0.0426071174443,
        "median": 0.041427500546,
        "min": 1.03856629497e-20,
        "var": 0.000577992235776
    },
    "spectral_energyband_high": {
        "dmean": 0.00139266718179,
        "dmean2": 0.00220623845235,
        "dvar": 4.35318861491e-06,
        "dvar2": 1.10234705062e-05,
        "max": 0.0210149083287,
        "mean": 0.0033236334566,
        "median": 0.00238234596327,
        "min": 7.74906109793e-21,
        "var": 9.71598637989e-06
    },
    "spectral_energyband_low": {
        "dmean": 0.00920567009598,
        "dmean2": 0.0140781700611,
        "dvar": 0.000189872487681,
        "dvar2": 0.000405117461924,
        "max": 0.197675794363,
        "mean": 0.0228159837425,
        "median": 0.0196312200278,
        "min": 1.67871351902e-23,
        "var": 0.000489105586894
    },
    "spectral_energyband_middle_high": {
        "dmean": 0.00212296796963,
        "dmean2": 0.00355485430919,
        "dvar": 1.08092162918e-05,
        "dvar2": 2.94413785014e-05,
        "max": 0.0648825839162,
        "mean": 0.00580597808585,
        "median": 0.00524700898677,
        "min": 1.51117900757e-21,
        "var": 1.98140260181e-05
    },
    "spectral_energyband_middle_low": {
        "dmean": 0.00653637805954,
        "dmean2": 0.0108394064009,
        "dvar": 0.000109807559056,
        "dvar2": 0.000287483591819,
        "max": 0.0975835621357,
        "mean": 0.011905641295,
        "median": 0.00879701692611,
        "min": 2.0910779039e-22,
        "var": 0.000122373938211
    },
    "spectral_entropy": {
        "dmean": 0.135826781392,
        "dmean2": 0.208575412631,
        "dvar": 0.0257740579545,
        "dvar2": 0.0570942908525,
        "max": 9.8147687912,
        "mean": 8.034948349,
        "median": 8.1368227005,
        "min": 3.07716608047,
        "var": 0.273303449154
    },
    "spectral_flux": {
        "dmean": 0.0294526107609,
        "dmean2": 0.0435203053057,
        "dvar": 0.00110342435073,
        "dvar2": 0.00194818107411,
        "max": 0.42859351635,
        "mean": 0.109693489969,
        "median": 0.0998853668571,
        "min": 1.0191007066e-10,
        "var": 0.00313149089925
    },
    "spectral_kurtosis": {
        "dmean": 0.811507046223,
        "dmean2": 1.30985939503,
        "dvar": 2.80969452858,
        "dvar2": 7.71380662918,
        "max": 116.235298157,
        "mean": 2.67061948776,
        "median": 1.88346457481,
        "min": -1.2052128315,
        "var": 29.5340251923
    },
    "spectral_rms": {
        "dmean": 0.000839925545733,
        "dmean2": 0.00123246875592,
        "dvar": 7.46282069031e-07,
        "dvar2": 1.57413762736e-06,
        "max": 0.0141719765961,
        "mean": 0.00611958000809,
        "median": 0.00635744258761,
        "min": 3.18313582957e-12,
        "var": 4.11865403294e-06
    },
    "spectral_rolloff": {
        "dmean": 955.638000488,
        "dmean2": 1589.7019043,
        "dvar": 1629795.875,
        "dvar2": 4208238,
        "max": 18475.4882812,
        "mean": 2365.24975586,
        "median": 1475.02441406,
        "min": 64.599609375,
        "var": 7865574
    },
    "spectral_skewness": {
        "dmean": 0.142200291157,
        "dmean2": 0.224503174424,
        "dvar": 0.0283778551966,
        "dvar2": 0.0679469034076,
        "max": 9.38904666901,
        "mean": 1.26975798607,
        "median": 1.16129207611,
        "min": 0.017336493358,
        "var": 0.298213124275
    },
    "spectral_spread": {
        "dmean": 616380.6875,
        "dmean2": 913579.8125,
        "dvar": 591059615744,
        "dvar2": 1.15531710464e+12,
        "max": 40923080,
        "mean": 6176250.5,
        "median": 6099916,
        "min": 784542.125,
        "var": 2.4475687977e+12
    },
    "spectral_strongpeak": {
        "dmean": 0.273061901331,
        "dmean2": 0.464878350496,
        "dvar": 0.196577310562,
        "dvar2": 0.522934257984,
        "max": 10.3272037506,
        "mean": 0.519392430782,
        "median": 0.364212989807,
        "min": 0,
        "var": 0.299293518066
    },
    "zerocrossingrate": {
        "dmean": 0.0144735546783,
        "dmean2": 0.0175140593201,
        "dvar": 0.00022887448722,
        "dvar2": 0.00029124651337,
        "max": 0.89111328125,
        "mean": 0.0976938828826,
        "median": 0.08056640625,
        "min": 0.005859375,
        "var": 0.0136700551957
    },
    "barkbands": {
        "dmean": [0.00038962290273, 0.00725197512656, 0.0044057071209, 0.00250929454342, 0.00300447153859, 0.00149799394421, 0.000995650654659, 0.00074920069892, 0.000674484181218, 0.000518642773386, 0.000354609219357, 0.000438093877165, 0.000325108674588, 0.000309034861857, 0.000266259128693, 0.000303523847833, 0.000398235599278, 0.000298665603623, 0.000307943497319, 0.000279012368992, 0.000281202752376, 0.000307773239911, 0.000303420500131, 0.000298211729387, 0.000234624560107, 0.000105223109131, 1.38547939059e-05],
        "dmean2": [0.00062655180227, 0.0108939902857, 0.00751085113734, 0.00447425572202, 0.00514143705368, 0.00241865450516, 0.0016499646008, 0.00125547382049, 0.00113041570876, 0.000863860012032, 0.000589725503232, 0.000739346607588, 0.000554219004698, 0.000524770875927, 0.000448986655101, 0.000522280985024, 0.000697932788171, 0.000512387196068, 0.000536385981832, 0.000469295540825, 0.000472659157822, 0.000507668708451, 0.00049117411254, 0.000472632498713, 0.000372560898541, 0.000158746595844, 2.24253271881e-05],
        "dvar": [4.86142425871e-07, 0.00014993007062, 9.37034783419e-05, 2.94924429909e-05, 3.402134098e-05, 7.06711580278e-06, 2.78768811768e-06, 1.44317368722e-06, 1.02382944078e-06, 7.78683045155e-07, 2.57158973227e-07, 3.95024386535e-07, 2.91208834824e-07, 1.80912536507e-07, 1.67684902408e-07, 2.29659974593e-07, 5.78560843678e-07, 2.05045409984e-07, 2.48620182219e-07, 1.7083880266e-07, 1.84347229037e-07, 2.11519690652e-07, 2.35467936704e-07, 2.17948681325e-07, 1.4737061349e-07, 4.01454478549e-08, 7.34550975601e-10],
        "dvar2": [1.10098153527e-06, 0.000305555120576, 0.00026366210659, 8.2367718278e-05, 9.18261212064e-05, 1.64558332472e-05, 7.10144377081e-06, 3.71708938474e-06, 2.67266659648e-06, 2.07661378226e-06, 6.60867272018e-07, 1.03350407699e-06, 8.02133115485e-07, 4.83176165744e-07, 4.46531402076e-07, 6.34767729935e-07, 1.62509866186e-06, 5.66742755836e-07, 6.91002924214e-07, 4.57053232594e-07, 4.94900007197e-07, 5.4596046084e-07, 6.1206128521e-07, 5.37565369996e-07, 3.76738455543e-07, 9.60717727594e-08, 1.82975101737e-09],
        "max": [0.0101710511371, 0.168486580253, 0.119322687387, 0.0583646371961, 0.0796604305506, 0.0563110038638, 0.0359818972647, 0.0229780040681, 0.0204443242401, 0.031505394727, 0.00969981122762, 0.0214119572192, 0.00940264947712, 0.00778545998037, 0.00615582987666, 0.0120840808377, 0.0137471910566, 0.00499345408753, 0.00932420045137, 0.00766516011208, 0.00569772254676, 0.00672494759783, 0.00696391845122, 0.00578831834719, 0.00614671595395, 0.00356073747389, 0.000653817027342],
        "mean": [0.000755402608775, 0.0150926206261, 0.00581736396998, 0.0023243187461, 0.00353792728856, 0.00235713087022, 0.00144598819315, 0.00108180509415, 0.000994688249193, 0.000824173504952, 0.000553907011636, 0.000704775797203, 0.000499015150126, 0.000488766527269, 0.000444383273134, 0.000494482694194, 0.000564405694604, 0.000524457951542, 0.000521286972798, 0.000551185454242, 0.000579006620683, 0.00062346633058, 0.000585313304327, 0.000581242726184, 0.000442439864855, 0.00019696734671, 2.05874202948e-05],
        "median": [0.000319607381243, 0.0104394275695, 0.00325503386557, 0.000847395742312, 0.00155690405518, 0.00114667869639, 0.000691229477525, 0.000526629795786, 0.000599808641709, 0.000476615474327, 0.000345831329469, 0.000461302581243, 0.000319668324664, 0.00033903910662, 0.000308003160171, 0.000353173818439, 0.000354920164682, 0.000392258603824, 0.000369032262824, 0.000411072804127, 0.000456128676888, 0.000435668393038, 0.000373440096155, 0.000347637338564, 0.000232807768043, 8.16613464849e-05, 4.01290890295e-06],
        "min": [7.44372463382e-24, 4.09225854432e-24, 4.01319574896e-24, 7.31376611058e-24, 2.39722301985e-23, 3.01706290307e-23, 4.28590117736e-23, 3.81213624569e-23, 3.36392630527e-23, 6.35125735636e-23, 7.45667930761e-23, 4.50756888292e-23, 1.12939991488e-22, 1.14495410623e-22, 1.41517254019e-22, 1.27623103693e-22, 1.80158046672e-22, 2.90378134112e-22, 2.57169866792e-22, 4.1710112858e-22, 5.4032842163e-22, 4.6212547203e-22, 7.58208320043e-22, 9.09856264646e-22, 1.09812144115e-21, 1.83401774557e-21, 1.95472997335e-21],
        "var": [1.0213633459e-06, 0.000323328247759, 7.75480293669e-05, 2.11149799725e-05, 3.37080964528e-05, 1.51065351019e-05, 4.80081007481e-06, 2.55470376942e-06, 1.55074269514e-06, 1.66114512012e-06, 4.98464316934e-07, 7.31695081413e-07, 4.13392029941e-07, 2.90208276965e-07, 2.46951714189e-07, 3.05786556964e-07, 5.51442099095e-07, 2.71753179959e-07, 3.4915217384e-07, 3.16546334034e-07, 3.12222113052e-07, 3.98627122422e-07, 4.053095779e-07, 4.29758841847e-07, 2.8557906262e-07, 8.33504643083e-08, 1.51708134943e-09]
    },
    "erbbands": {
        "dmean": [0.240790650249, 1.65876543522, 4.71104812622, 6.17966413498, 10.7492046356, 8.81220912933, 11.3756904602, 12.0116710663, 15.9606151581, 12.2868728638, 15.1779470444, 14.2639389038, 14.0285577774, 13.9823799133, 15.9617872238, 15.8526163101, 14.7789287567, 13.6463003159, 14.3833436966, 14.1114444733, 16.0275440216, 22.8085517883, 16.5215110779, 16.9296855927, 13.732635498, 12.6131715775, 12.1812953949, 11.2724246979, 11.4943552017, 9.76922130585, 8.57126235962, 7.26725625992, 4.62632656097, 2.99469470978, 1.50797474384, 0.630256056786, 0.160613685846, 0.0291674789041, 0.00231057219207, 4.66926867375e-05],
        "dmean2": [0.360993027687, 2.52953886986, 7.8198928833, 10.8340501785, 18.6047344208, 15.3734045029, 18.7835445404, 19.4980773926, 26.3084335327, 20.660949707, 25.3901805878, 24.1497154236, 23.4212627411, 23.365436554, 26.6381549835, 26.6887512207, 25.1798229218, 23.1982421875, 24.2557373047, 23.8800144196, 27.5310974121, 39.9621200562, 28.2845973969, 29.4897575378, 23.5460357666, 21.3055343628, 20.4741344452, 18.9560928345, 19.0695648193, 15.9952859879, 13.9108047485, 11.8068571091, 7.32179021835, 4.78966712952, 2.40036940575, 0.968170285225, 0.24213758111, 0.0448359213769, 0.00375145347789, 7.20660173101e-05],
        "dvar": [0.181368291378, 8.91100311279, 104.314239502, 158.373046875, 571.174499512, 273.153839111, 369.065765381, 585.008911133, 775.983093262, 401.907928467, 559.118469238, 531.994445801, 476.317504883, 501.866668701, 620.416809082, 497.100280762, 568.967590332, 421.922668457, 427.442565918, 448.789093018, 648.098449707, 1930.87695312, 683.466125488, 850.413635254, 441.458557129, 369.8621521, 337.939575195, 289.604156494, 304.953552246, 235.398880005, 176.714157104, 133.843536377, 52.7982063293, 23.4737892151, 6.21775245667, 1.50032258034, 0.0868951380253, 0.00281816022471, 2.12486756936e-05, 5.378755219e-09],
        "dvar2": [0.33932814002, 18.9776535034, 282.949798584, 445.075256348, 1529.3651123, 751.598510742, 928.96875, 1387.78881836, 1960.54333496, 1042.75769043, 1514.13525391, 1426.77734375, 1270.59667969, 1334.86437988, 1592.68164062, 1334.61987305, 1551.23254395, 1134.77307129, 1135.25317383, 1216.48156738, 1810.1541748, 5435.87402344, 1899.30627441, 2391.66625977, 1211.17944336, 1001.38580322, 909.129638672, 767.348632812, 797.98815918, 617.115661621, 450.978302002, 334.522796631, 130.664489746, 61.2833595276, 15.6918697357, 3.62705731392, 0.208754390478, 0.00677857594565, 5.38475287613e-05, 1.30730999359e-08],
        "max": [7.10355138779, 41.6192550659, 130.368850708, 147.270751953, 293.984863281, 190.854629517, 425.218536377, 566.129943848, 585.370727539, 552.99798584, 637.308166504, 609.381835938, 809.231811523, 534.984680176, 613.443847656, 477.586578369, 450.169830322, 462.439666748, 312.258178711, 321.05480957, 391.514556885, 755.219787598, 338.955078125, 456.272583008, 287.470916748, 294.268249512, 226.668746948, 243.426757812, 262.836975098, 218.039306641, 150.984069824, 172.296554565, 91.8969116211, 71.9892196655, 36.9822845459, 26.9498100281, 5.07101202011, 1.0798201561, 0.0727651566267, 0.00127574021462],
        "mean": [0.579141020775, 2.83664655685, 6.77619028091, 7.04878425598, 10.6346788406, 10.4318714142, 17.4028396606, 18.1636238098, 23.9242210388, 18.5873603821, 23.208820343, 21.0970001221, 22.7634029388, 23.3868408203, 26.7177219391, 27.1816272736, 24.127986908, 22.6750926971, 25.1292495728, 25.1998901367, 26.6347103119, 33.6410903931, 29.2144470215, 29.2687473297, 25.2912006378, 24.9926204681, 24.8561267853, 22.3605422974, 22.414434433, 19.16614151, 16.5875453949, 13.597568512, 8.79851341248, 5.45500040054, 2.8490986824, 1.16191864014, 0.296289145947, 0.0519527047873, 0.0033435781952, 0.000120265307487],
        "median": [0.317095756531, 1.9712690115, 3.97060656548, 3.75116610527, 3.72093653679, 4.59838294983, 7.85778141022, 9.21889400482, 10.8784017563, 10.3753757477, 13.8212785721, 12.9560928345, 14.4521369934, 15.3968667984, 17.1897945404, 18.8573589325, 16.4281749725, 15.4660720825, 17.7811431885, 18.3295116425, 19.2263526917, 21.7180366516, 22.1289787292, 21.5919036865, 18.9405555725, 18.8444881439, 19.6264705658, 17.0141296387, 15.5659418106, 12.8432712555, 10.3864889145, 8.09743309021, 5.11981487274, 2.98282194138, 1.40275526047, 0.511169314384, 0.116777911782, 0.0173767469823, 0.000620537204668, 7.94542866061e-05],
        "min": [2.18874292293e-22, 6.73517172513e-22, 3.1656129341e-21, 1.7616612524e-20, 4.28508153195e-20, 9.12051282106e-20, 1.71061002375e-19, 2.35009792694e-19, 5.59110607974e-19, 5.77204408392e-19, 9.89166668126e-19, 7.73202786585e-19, 2.0281906137e-18, 1.71537623844e-18, 3.0086802606e-18, 2.22280966822e-18, 5.10161202609e-18, 4.10366287121e-18, 7.76036117997e-18, 7.03067290159e-18, 8.69259207596e-18, 1.05647913154e-17, 1.39168919441e-17, 1.76411138334e-17, 1.06134750303e-17, 2.13826651566e-17, 2.33560352024e-17, 1.7688952997e-17, 1.70320806007e-17, 1.86273612778e-17, 2.2519471053e-17, 1.49631513419e-17, 1.81171248431e-17, 9.75193002641e-18, 9.12011954837e-18, 6.35450238167e-18, 3.58166682335e-18, 1.35870505729e-18, 2.61556758587e-19, 2.84477461609e-20],
        "var": [0.484714746475, 14.3277339935, 97.472076416, 119.772148132, 482.537139893, 271.649108887, 811.992797852, 913.073852539, 1370.26831055, 628.148864746, 953.019226074, 732.212402344, 1007.82574463, 901.177490234, 1214.59362793, 905.690368652, 820.25402832, 639.62902832, 676.984313965, 698.047607422, 797.542297363, 1867.63317871, 865.322937012, 1041.88427734, 689.733459473, 672.585327148, 573.277832031, 485.282867432, 536.01385498, 408.360961914, 324.822296143, 244.097579956, 102.76309967, 41.9219245911, 12.847858429, 2.86116909981, 0.191793456674, 0.00659873196855, 4.12719928136e-05, 1.40541258631e-08]
    },
    "gfcc": {
        "mean": [34.2202911377, 57.2092475891, -97.4580993652, 41.9554481506, -58.8101043701, 23.9758682251, -36.0438537598, 14.9634284973, -22.4989185333, 7.5606303215, -14.8858003616, 5.62847232819, -11.7515478134],
        "cov": [[35632.8164062, 372.052337646, -2060.87280273, 1004.2164917, -1159.67089844, 1201.15087891, -735.47869873, 684.776000977, -646.95892334, 287.854492188, -771.926269531, 246.082015991, -460.784973145], [372.052337646, 1381.53137207, -119.073646545, 30.2258625031, -90.389465332, -154.836120605, -27.2557525635, -66.6220321655, 43.2258872986, -46.7039794922, 101.282371521, -36.6940956116, 66.2872467041], [-2060.87280273, -119.073646545, 815.744750977, 78.9392852783, 259.927429199, 70.0774612427, 82.3493423462, 0.921011209488, 54.3531188965, 32.9233398438, 33.8544845581, 37.4895820618, 28.7524147034], [1004.2164917, 30.2258625031, 78.9392852783, 323.054443359, 74.1198806763, 131.666488647, 48.7739295959, 54.1528549194, 14.8836326599, 2.62650036812, -27.9587593079, -4.52510213852, 1.96478557587], [-1159.67089844, -90.389465332, 259.927429199, 74.1198806763, 248.928192139, 88.267074585, 109.365959167, 22.0367870331, 45.8246612549, 15.7419776917, 16.5624275208, 9.36496734619, 16.5880966187], [1201.15087891, -154.836120605, 70.0774612427, 131.666488647, 88.267074585, 239.069000244, 75.0525283813, 94.4408340454, 15.3781814575, 50.3411941528, -31.1231861115, 33.526473999, -11.8817749023], [-735.47869873, -27.2557525635, 82.3493423462, 48.7739295959, 109.365959167, 75.0525283813, 161.488998413, 63.6973876953, 70.5434570312, 23.9982585907, 37.0853767395, 14.3746156693, 24.6106338501], [684.776000977, -66.6220321655, 0.921011209488, 54.1528549194, 22.0367870331, 94.4408340454, 63.6973876953, 119.963485718, 41.675655365, 46.0524406433, 0.45426684618, 30.1558303833, 2.21018958092], [-646.95892334, 43.2258872986, 54.3531188965, 14.8836326599, 45.8246612549, 15.3781814575, 70.5434570312, 41.675655365, 98.3069152832, 38.4663734436, 50.631061554, 19.1720695496, 30.8254184723], [287.854492188, -46.7039794922, 32.9233398438, 2.62650036812, 15.7419776917, 50.3411941528, 23.9982585907, 46.0524406433, 38.4663734436, 84.0132141113, 39.485294342, 44.9947967529, 9.86035633087], [-771.926269531, 101.282371521, 33.8544845581, -27.9587593079, 16.5624275208, -31.1231861115, 37.0853767395, 0.45426684618, 50.631061554, 39.485294342, 101.632652283, 42.1467437744, 42.5198707581], [246.082015991, -36.6940956116, 37.4895820618, -4.52510213852, 9.36496734619, 33.526473999, 14.3746156693, 30.1558303833, 19.1720695496, 44.9947967529, 42.1467437744, 81.9066543579, 32.6198272705], [-460.784973145, 66.2872467041, 28.7524147034, 1.96478557587, 16.5880966187, -11.8817749023, 24.6106338501, 2.21018958092, 30.8254184723, 9.86035633087, 42.5198707581, 32.6198272705, 65.6617202759]],
        "icov": [[0.000141799449921, -0.000202895229449, 0.000214987550862, -0.000308753107674, 0.00036541299778, -0.000468676909804, 0.000388842629036, -0.000458706257632, 0.000567597104236, -0.000608772330452, 0.000875353522133, -0.000818685279228, 0.00047241122229], [-0.000202895229449, 0.00127045228146, -0.000243792601395, 6.49437788525e-05, -0.000199494184926, 0.000755671062507, -0.000160135605256, 0.000641078513581, -0.00115139351692, 0.00160956301261, -0.00276402710006, 0.00214610318653, -0.00135345023591], [0.000214987550862, -0.000243792601395, 0.00228401180357, -0.000702523859218, -0.00164102809504, -0.000440115923993, 0.00111679977272, -0.000135425507324, 0.000325015076669, -0.00124168791808, 0.00150597456377, -0.00210576783866, 0.000801378162578], [-0.000308753107674, 6.49437788525e-05, -0.000702523859218, 0.00522105488926, -0.0012674437603, -0.00171719223727, -0.000235173807596, -3.91130997741e-05, -0.0015537267318, 0.0026370245032, -0.00159923278261, 0.00305711966939, -0.00213166209869], [0.00036541299778, -0.000199494184926, -0.00164102809504, -0.0012674437603, 0.0102495457977, -0.00331929279491, -0.00385185633786, 0.00163647590671, 0.000785416574217, -0.00125933962408, 0.00215344037861, -0.00112753850408, 0.000706919061486], [-0.000468676909804, 0.000755671062507, -0.000440115923993, -0.00171719223727, -0.00331929279491, 0.0127487834543, -0.00470377923921, -0.00159752811305, 0.000776078668423, -0.00364287756383, 0.00312671181746, -0.00135583255906, -1.39017120091e-05], [0.000388842629036, -0.000160135605256, 0.00111679977272, -0.000235173807596, -0.00385185633786, -0.00470377923921, 0.0173243582249, -0.00741593260318, -0.00427561393008, 0.00412323372439, -0.00439284276217, 0.00134752190206, -0.000150159510667], [-0.000458706257632, 0.000641078513581, -0.000135425507324, -3.91130997741e-05, 0.00163647590671, -0.00159752811305, -0.00741593260318, 0.0208229571581, -0.00731885293499, -0.00381260691211, 0.0037588707637, -0.00244221184403, 0.000358035147656], [0.000567597104236, -0.00115139351692, 0.000325015076669, -0.0015537267318, 0.000785416574217, 0.000776078668423, -0.00427561393008, -0.00731885293499, 0.0255769323558, -0.00974904093891, -0.00173081213143, 0.00233044754714, -0.00373963010497], [-0.000608772330452, 0.00160956301261, -0.00124168791808, 0.0026370245032, -0.00125933962408, -0.00364287756383, 0.00412323372439, -0.00381260691211, -0.00974904093891, 0.0315061323345, -0.0152600938454, -0.00324672483839, 0.00414994452149], [0.000875353522133, -0.00276402710006, 0.00150597456377, -0.00159923278261, 0.00215344037861, 0.00312671181746, -0.00439284276217, 0.0037588707637, -0.00173081213143, -0.0152600938454, 0.0342054255307, -0.014885995537, -0.00178742245771], [-0.000818685279228, 0.00214610318653, -0.00210576783866, 0.00305711966939, -0.00112753850408, -0.00135583255906, 0.00134752190206, -0.00244221184403, 0.00233044754714, -0.00324672483839, -0.014885995537, 0.0328898951411, -0.0147706251591], [0.00047241122229, -0.00135345023591, 0.000801378162578, -0.00213166209869, 0.000706919061486, -1.39017120091e-05, -0.000150159510667, 0.000358035147656, -0.00373963010497, 0.00414994452149, -0.00178742245771, -0.0147706251591, 0.0291147977114]]
    },
    "melbands": {
        "dmean": [0.00201920955442, 0.00215103384107, 0.00119892181829, 0.00071700575063, 0.000380475074053, 0.000273536803434, 0.000227964934311, 0.000145283935126, 0.000127989856992, 8.85866320459e-05, 7.36832080293e-05, 6.20451755822e-05, 4.91917089676e-05, 4.84969459649e-05, 4.47564707429e-05, 2.99012026517e-05, 2.71342705673e-05, 2.59334356087e-05, 2.10585640161e-05, 2.14412430068e-05, 1.88191643247e-05, 2.48689830187e-05, 2.05033138627e-05, 1.39990224852e-05, 1.47905257109e-05, 1.1768328477e-05, 1.02591311588e-05, 8.96415349416e-06, 8.67157905304e-06, 6.91769582772e-06, 7.06890750735e-06, 7.08846300768e-06, 6.12223675489e-06, 5.77874698138e-06, 5.20917774338e-06, 5.15951342095e-06, 4.47851743957e-06, 3.47344598595e-06, 3.1656070405e-06, 2.45787487074e-06],
        "dmean2": [0.00304063549265, 0.00340593256988, 0.0020826139953, 0.00123119389173, 0.000634025433101, 0.000441980140749, 0.000376541342121, 0.000243397851591, 0.00021311918681, 0.000150429550558, 0.000122873214423, 0.000103592108644, 8.21246503619e-05, 8.18080225145e-05, 7.56166191422e-05, 5.13158483955e-05, 4.61329000245e-05, 4.39634022769e-05, 3.57429853466e-05, 3.67927095795e-05, 3.24880129483e-05, 4.36599220848e-05, 3.57812496077e-05, 2.39258588408e-05, 2.58278087131e-05, 2.04887601285e-05, 1.733082172e-05, 1.52405427798e-05, 1.46531992868e-05, 1.16188657557e-05, 1.19300912047e-05, 1.18536690934e-05, 1.00589968497e-05, 9.56668918661e-06, 8.57152463141e-06, 8.36971139506e-06, 7.33145498089e-06, 5.53766903977e-06, 5.11334201292e-06, 3.97324811274e-06],
        "dvar": [1.18973121062e-05, 1.71603169292e-05, 5.86775013289e-06, 2.18749619307e-06, 3.90797737282e-07, 2.65147150458e-07, 1.52096305328e-07, 5.76098777572e-08, 4.09552711744e-08, 2.13954383099e-08, 1.34874245106e-08, 1.03905026805e-08, 5.18159382068e-09, 5.74909586604e-09, 4.39558789367e-09, 2.99156899253e-09, 1.58026569608e-09, 1.44222667142e-09, 1.1231543473e-09, 1.20308329965e-09, 9.12879771775e-10, 2.23713780834e-09, 1.38576283781e-09, 4.4245387909e-10, 6.74254485578e-10, 3.58215956897e-10, 2.62625698966e-10, 1.83792162045e-10, 1.62965821393e-10, 1.14928420947e-10, 1.1514458137e-10, 1.16138716699e-10, 8.26710297441e-11, 8.69660940483e-11, 6.41897160425e-11, 6.98422292222e-11, 4.9952427611e-11, 2.93649236871e-11, 2.70824942333e-11, 1.59441106151e-11],
        "dvar2": [2.29509114433e-05, 4.20955839218e-05, 1.61662446772e-05, 5.87342537983e-06, 1.02048034023e-06, 6.26746384569e-07, 3.84574320833e-07, 1.47140923445e-07, 1.10884322169e-07, 5.72376031016e-08, 3.57601237511e-08, 2.76355898166e-08, 1.3383361086e-08, 1.48459164961e-08, 1.20756933342e-08, 8.28090040983e-09, 4.20613410768e-09, 3.85272258541e-09, 3.03108604882e-09, 3.27491944674e-09, 2.5489379496e-09, 6.28572394135e-09, 3.90376175829e-09, 1.21517529372e-09, 1.90000948308e-09, 9.93590876242e-10, 7.06720515442e-10, 5.02385799628e-10, 4.42228281772e-10, 3.09405417953e-10, 3.05352965135e-10, 3.10118930535e-10, 2.13226714063e-10, 2.32053112836e-10, 1.67112448879e-10, 1.76932093976e-10, 1.25506202653e-10, 7.28214641366e-11, 7.13682654641e-11, 4.20429906167e-11],
        "max": [0.0515127666295, 0.0538316480815, 0.0272055603564, 0.0210735667497, 0.0111102676019, 0.011543286033, 0.00831942353398, 0.00640454143286, 0.00597754586488, 0.00386750954203, 0.00444445060566, 0.00251658097841, 0.00128972786479, 0.00260426825844, 0.00121487479191, 0.00111386610661, 0.000985463615507, 0.000637124758214, 0.000504781375639, 0.00107647979166, 0.000482817791635, 0.000678348529618, 0.000662274542265, 0.000280196603853, 0.000430053565651, 0.00029484150582, 0.000317237077979, 0.000226030839258, 0.000160493204021, 0.000188893653103, 0.000208285098779, 0.000145996920764, 0.000138554998557, 0.00016150479496, 0.000118836120237, 0.000111869660032, 0.000113132788101, 8.22743168101e-05, 7.04533667886e-05, 6.50512083666e-05],
        "mean": [0.00453897891566, 0.00357722560875, 0.00137140136212, 0.00078287377255, 0.000570115400478, 0.000427885912359, 0.000339861959219, 0.000212519109482, 0.000195267915842, 0.000127350765979, 0.000116599367175, 9.93413996184e-05, 8.00342095317e-05, 8.00368798082e-05, 6.91836321494e-05, 4.46996346e-05, 4.24231984653e-05, 4.15360809711e-05, 3.43822830473e-05, 3.48579778802e-05, 2.86304057227e-05, 3.44787804352e-05, 3.06028268824e-05, 2.39472556132e-05, 2.38183129113e-05, 1.89828333532e-05, 1.80804036063e-05, 1.62077030836e-05, 1.62801461556e-05, 1.3167972611e-05, 1.28948140627e-05, 1.28493902594e-05, 1.15337761599e-05, 1.032518594e-05, 9.47682565311e-06, 9.1832534963e-06, 7.95291725808e-06, 6.29432543064e-06, 5.33548700332e-06, 4.33412742495e-06],
        "median": [0.00290240067989, 0.00237595685758, 0.000709765998181, 0.000306030502543, 0.000271599099506, 0.00022056317539, 0.000158200607984, 0.000107207597466, 0.000116316849017, 7.71080958657e-05, 7.14872367098e-05, 6.12173244008e-05, 5.20182657056e-05, 5.08677730977e-05, 4.42442469648e-05, 2.72413708444e-05, 2.84132474917e-05, 2.73972636933e-05, 2.3541306291e-05, 2.41018497036e-05, 1.91860799532e-05, 2.03216859518e-05, 2.11868537008e-05, 1.76555331564e-05, 1.64338489412e-05, 1.31107744892e-05, 1.27980783873e-05, 1.13876649266e-05, 1.23739446281e-05, 9.98478935799e-06, 9.16070075618e-06, 8.81250343809e-06, 7.77862442192e-06, 6.62979800836e-06, 5.91815523876e-06, 5.44067461306e-06, 4.55858844362e-06, 3.55755264536e-06, 2.95704285236e-06, 2.26498332268e-06],
        "min": [2.13661220964e-24, 1.42824903777e-24, 3.38785505977e-24, 5.18698685491e-24, 5.09011591904e-24, 5.34276873989e-24, 9.33950885036e-24, 6.53456480714e-24, 8.88252330569e-24, 4.12105354509e-24, 1.01941150011e-23, 6.34429905098e-24, 1.01139769884e-23, 5.26514561568e-24, 9.41542330186e-24, 1.02491206943e-23, 7.51305761878e-24, 1.33140709253e-23, 1.04423056303e-23, 8.78524255658e-24, 9.92178443945e-24, 1.18230985709e-23, 8.31285765818e-24, 1.64457619444e-23, 1.43086919982e-23, 8.57195507819e-24, 7.1440269096e-24, 1.627477161e-23, 1.44762649871e-23, 1.42317780599e-23, 8.73730505709e-24, 9.17549204639e-24, 9.63299035065e-24, 1.23099219905e-23, 1.67398903106e-23, 7.90885990051e-24, 8.77014770316e-24, 1.28889072407e-23, 1.17624209678e-23, 6.52138767458e-24],
        "var": [2.89913914457e-05, 2.13701368921e-05, 4.58537442682e-06, 2.08638789445e-06, 7.20039452062e-07, 4.52962524378e-07, 2.6644104878e-07, 9.42875786336e-08, 6.80390570551e-08, 2.78309464363e-08, 2.89798762765e-08, 1.91635880498e-08, 9.95118121239e-09, 1.13000888646e-08, 6.84679690721e-09, 4.01180555443e-09, 2.40552622266e-09, 2.19508278221e-09, 1.57436919057e-09, 1.74826586541e-09, 1.06322617377e-09, 2.24915641667e-09, 1.34563793441e-09, 6.06611594289e-10, 7.9622586302e-10, 4.91589546847e-10, 4.41626513137e-10, 3.15778542204e-10, 2.6312257928e-10, 1.81408638111e-10, 1.81467799121e-10, 1.88458318395e-10, 1.49735460142e-10, 1.32935620845e-10, 1.10575930357e-10, 1.16427464891e-10, 8.85505488379e-11, 5.51163316376e-11, 4.23248901205e-11, 2.78168234974e-11]
    },
    "mfcc": {
        "mean": [-596.835632324, 85.7147293091, 17.2591686249, 21.6757793427, 6.47848796844, 9.15974140167, 2.81997442245, 7.18376255035, 1.58171534538, 2.5900375843, 0.946457147598, 3.19046998024, 1.13588798046],
        "cov": [[12230.9267578, 83.2776107788, -131.408355713, 212.785766602, 58.1855278015, 294.212463379, 154.833587646, 285.729492188, 205.573867798, 152.615982056, 80.921836853, 60.3870811462, -45.2475700378], [83.2776107788, 1110.09680176, 104.104454041, 107.567268372, -3.52888250351, -34.8460922241, -30.3212165833, -12.8032770157, -32.1845016479, -10.8404808044, -1.51537394524, 8.91573619843, 34.2861061096], [-131.408355713, 104.104454041, 428.101837158, 112.87676239, 142.421066284, 71.6743774414, 43.1673851013, 21.6839122772, 29.0170974731, -0.241492733359, 23.6626720428, 10.2788858414, 7.97603845596], [212.785766602, 107.567268372, 112.87676239, 185.845062256, 71.9278106689, 54.062789917, 32.7276039124, 35.9604225159, 27.9162387848, 15.655664444, 11.150144577, 10.4579563141, 2.71885275841], [58.1855278015, -3.52888250351, 142.421066284, 71.9278106689, 156.996032715, 90.6704483032, 50.806804657, 30.3977127075, 35.1053237915, 10.7727775574, 15.6107320786, 3.88248872757, -3.89247274399], [294.212463379, -34.8460922241, 71.6743774414, 54.062789917, 90.6704483032, 146.485427856, 73.2670593262, 54.9077606201, 49.7098960876, 27.0197429657, 25.4652137756, 20.9168891907, 8.42883682251], [154.833587646, -30.3212165833, 43.1673851013, 32.7276039124, 50.806804657, 73.2670593262, 101.073661804, 58.7963523865, 46.3596496582, 27.6632709503, 24.3532981873, 18.7434158325, 15.3180561066], [285.729492188, -12.8032770157, 21.6839122772, 35.9604225159, 30.3977127075, 54.9077606201, 58.7963523865, 94.2315597534, 62.1276626587, 34.3955726624, 27.5649642944, 21.5967102051, 15.3975944519], [205.573867798, -32.1845016479, 29.0170974731, 27.9162387848, 35.1053237915, 49.7098960876, 46.3596496582, 62.1276626587, 87.0827789307, 44.5350074768, 28.2678108215, 17.5263347626, 8.45285892487], [152.615982056, -10.8404808044, -0.241492733359, 15.655664444, 10.7727775574, 27.0197429657, 27.6632709503, 34.3955726624, 44.5350074768, 72.2545852661, 31.2192726135, 14.03241539, 11.1002559662], [80.921836853, -1.51537394524, 23.6626720428, 11.150144577, 15.6107320786, 25.4652137756, 24.3532981873, 27.5649642944, 28.2678108215, 31.2192726135, 62.8578224182, 32.8732376099, 19.4634418488], [60.3870811462, 8.91573619843, 10.2788858414, 10.4579563141, 3.88248872757, 20.9168891907, 18.7434158325, 21.5967102051, 17.5263347626, 14.03241539, 32.8732376099, 62.8699569702, 36.4226913452], [-45.2475700378, 34.2861061096, 7.97603845596, 2.71885275841, -3.89247274399, 8.42883682251, 15.3180561066, 15.3975944519, 8.45285892487, 11.1002559662, 19.4634418488, 36.4226913452, 63.9431877136]],
