{
"lowlevel": {
    "average_loudness": 0.938302278519,
    "barkbands_crest": {
        "dmean": 3.73585963249,
        "dmean2": 5.97749233246,
        "dvar": 11.2070856094,
        "dvar2": 27.9664516449,
        "max": 26.1446094513,
        "mean": 12.1602191925,
        "median": 11.8729982376,
        "min": 1.90368235111,
        "var": 25.6062297821
    },
    "barkbands_flatness_db": {
        "dmean": 0.0360208489001,
        "dmean2": 0.0558255761862,
        "dvar": 0.00131022569258,
        "dvar2": 0.00320577365346,
        "max": 0.461512356997,
        "mean": 0.116270594299,
        "median": 0.105285860598,
        "min": 0.0128314467147,
        "var": 0.0038631290663
    },
    "barkbands_kurtosis": {
        "dmean": 7.68656682968,
        "dmean2": 12.7597045898,
        "dvar": 490.321258545,
        "dvar2": 1395.18713379,
        "max": 605.739929199,
        "mean": 7.81530618668,
        "median": 2.27087402344,
        "min": -1.92285585403,
        "var": 442.098876953
    },
    "barkbands_skewness": {
        "dmean": 1.07112693787,
        "dmean2": 1.67000281811,
        "dvar": 1.61196303368,
        "dvar2": 4.13343191147,
        "max": 23.0241260529,
        "mean": 2.13656592369,
        "median": 1.8352843523,
        "min": -3.39529943466,
        "var": 3.36254715919
    },
    "barkbands_spread": {
        "dmean": 12.563996315,
        "dmean2": 19.5070877075,
        "dvar": 151.902450562,
        "dvar2": 364.859680176,
        "max": 114.498420715,
        "mean": 33.9856834412,
        "median": 32.4810600281,
        "min": 0.434426218271,
        "var": 373.7918396
    },
    "dissonance": {
        "dmean": 0.00926116015762,
        "dmean2": 0.0160847064108,
        "dvar": 0.000153251850861,
        "dvar2": 0.000435146415839,
        "max": 0.500000119209,
        "mean": 0.486525595188,
        "median": 0.4912083745,
        "min": 0.310093671083,
        "var": 0.000221553331357
    },
    "dynamic_complexity": 3.05010390282,
    "erbbands_crest": {
        "dmean": 1.95082867146,
        "dmean2": 3.3125975132,
        "dvar": 4.8579211235,
        "dvar2": 13.4209346771,
        "max": 28.9755058289,
        "mean": 5.94866275787,
        "median": 5.07339715958,
        "min": 2.06231236458,
        "var": 8.78624629974
    },
    "erbbands_flatness_db": {
        "dmean": 0.0128965340555,
        "dmean2": 0.0200499296188,
        "dvar": 0.000181662064278,
        "dvar2": 0.000406272651162,
        "max": 0.323128521442,
        "mean": 0.104273252189,
        "median": 0.0931159779429,
        "min": 0.0328129194677,
        "var": 0.00156427384354
    },
    "erbbands_kurtosis": {
        "dmean": 0.96525990963,
        "dmean2": 1.54877150059,
        "dvar": 2.02672529221,
        "dvar2": 4.89112663269,
        "max": 35.6801948547,
        "mean": 0.306801319122,
        "median": -0.0387136936188,
        "min": -1.80653870106,
        "var": 2.99393558502
    },
    "erbbands_skewness": {
        "dmean": 0.388170689344,
        "dmean2": 0.611795425415,
        "dvar": 0.16307978332,
        "dvar2": 0.383648514748,
        "max": 4.33558940887,
        "mean": -0.49993366003,
        "median": -0.589516639709,
        "min": -3.67805337906,
        "var": 0.560147166252
    },
    "erbbands_spread": {
        "dmean": 14.0761508942,
        "dmean2": 22.1095790863,
        "dvar": 202.622406006,
        "dvar2": 478.459197998,
        "max": 148.951568604,
        "mean": 55.403011322,
        "median": 51.5692214966,
        "min": 5.21580791473,
        "var": 511.33605957
    },
    "hfc": {
        "dmean": 14.7100334167,
        "dmean2": 22.8836040497,
        "dvar": 442.003479004,
        "dvar2": 1103.36254883,
        "max": 328.746582031,
        "mean": 33.5454025269,
        "median": 29.2961368561,
        "min": 1.10786794216e-16,
        "var": 820.866027832
    },
    "melbands_crest": {
        "dmean": 4.65320253372,
        "dmean2": 7.7275056839,
        "dvar": 16.3789100647,
        "dvar2": 45.3933563232,
        "max": 39.0416107178,
        "mean": 18.4218921661,
        "median": 18.6600914001,
        "min": 1.60254251957,
        "var": 37.8995895386
    },
    "melbands_flatness_db": {
        "dmean": 0.047619253397,
        "dmean2": 0.0739063918591,
        "dvar": 0.00222976529039,
        "dvar2": 0.00552765093744,
        "max": 0.616089761257,
        "mean": 0.195748656988,
        "median": 0.190369784832,
        "min": 0.00261878990568,
        "var": 0.00689381686971
    },
    "melbands_kurtosis": {
        "dmean": 26.8356018066,
        "dmean2": 42.852935791,
        "dvar": 2554.23461914,
        "dvar2": 6343.42236328,
        "max": 1319.53967285,
        "mean": 37.8148117065,
        "median": 20.5511283875,
        "min": -1.79285109043,
        "var": 3421.38305664
    },
    "melbands_skewness": {
        "dmean": 1.72873914242,
        "dmean2": 2.69219565392,
        "dvar": 3.68538594246,
        "dvar2": 8.63519477844,
        "max": 24.7892780304,
        "mean": 4.72844314575,
        "median": 4.34011602402,
        "min": -1.24700784683,
        "var": 8.69999027252
    },
    "melbands_spread": {
        "dmean": 13.6621227264,
        "dmean2": 22.2870597839,
        "dvar": 262.948242188,
        "dvar2": 664.279418945,
        "max": 267.889801025,
        "mean": 26.2314224243,
        "median": 19.4983787537,
        "min": 0.310728192329,
        "var": 607.872375488
    },
    "pitch_salience": {
        "dmean": 0.116759032011,
        "dmean2": 0.188337489963,
        "dvar": 0.0118850450963,
        "dvar2": 0.0290682762861,
        "max": 0.961907565594,
        "mean": 0.509826183319,
        "median": 0.525764703751,
        "min": 0.0698711127043,
        "var": 0.0248870905489
    },
    "silence_rate_20dB": {
        "dmean": 0,
        "dmean2": 0,
        "dvar": 0,
        "dvar2": 0,
        "max": 1,
        "mean": 1,
        "median": 1,
        "min": 1,
        "var": 0
    },
    "silence_rate_30dB": {
        "dmean": 0.0139935417101,
        "dmean2": 0.0279908496886,
        "dvar": 0.0137981837615,
        "dvar2": 0.0374351553619,
        "max": 1,
        "mean": 0.990986168385,
        "median": 1,
        "min": 0,
        "var": 0.00893254578114
    },
    "silence_rate_60dB": {
        "dmean": 0.0217976309359,
        "dmean2": 0.043601129204,
        "dvar": 0.0213204715401,
        "dvar2": 0.0478822663426,
        "max": 1,
        "mean": 0.0746670290828,
        "median": 0,
        "min": 0,
        "var": 0.0690992623568
    },
    "spectral_centroid": {
        "dmean": 471.745361328,
        "dmean2": 737.900695801,
        "dvar": 224828.671875,
        "dvar2": 531021.3125,
        "max": 11805.9453125,
        "mean": 2097.97509766,
        "median": 2175.95776367,
        "min": 134.334793091,
        "var": 1408267.875
    },
    "spectral_complexity": {
        "dmean": 7.57965564728,
        "dmean2": 11.4288787842,
        "dvar": 61.073184967,
        "dvar2": 136.862579346,
        "max": 66,
        "mean": 27.5345077515,
        "median": 30,
        "min": 0,
        "var": 229.281936646
    },
    "spectral_decrease": {
        "dmean": 3.55705198629e-09,
        "dmean2": 5.54654411289e-09,
        "dvar": 1.6124857029e-17,
        "dvar2": 3.78148363268e-17,
        "max": 2.4847755919e-28,
        "mean": -9.91450033183e-09,
        "median": -9.67880708913e-09,
        "min": -3.74124979885e-08,
        "var": 4.47504579042e-17
    },
    "spectral_energy": {
        "dmean": 0.0136778643355,
        "dmean2": 0.0212991498411,
        "dvar": 0.000229250843404,
        "dvar2": 0.000536244246177,
        "max": 0.142664343119,
        "mean": 0.040462192148,
        "median": 0.040536750108,
        "min": 1.02391090019e-20,
        "var": 0.000685826991685
    },
    "spectral_energyband_high": {
        "dmean": 0.00149765657261,
        "dmean2": 0.00234652776271,
        "dvar": 5.05381103721e-06,
        "dvar2": 1.25542055684e-05,
        "max": 0.0352702401578,
        "mean": 0.00285594910383,
        "median": 0.00224295095541,
        "min": 7.16806042167e-21,
        "var": 8.50918149808e-06
    },
    "spectral_energyband_low": {
        "dmean": 0.0124371815473,
        "dmean2": 0.0194555651397,
        "dvar": 0.000239436296397,
        "dvar2": 0.000525790965185,
        "max": 0.140608564019,
        "mean": 0.0271374899894,
        "median": 0.0235319118947,
        "min": 1.30785565021e-23,
        "var": 0.000582856184337
    },
    "spectral_energyband_middle_high": {
        "dmean": 0.00230363127775,
        "dmean2": 0.00372178759426,
        "dvar": 1.19216338135e-05,
        "dvar2": 2.98766717606e-05,
        "max": 0.0647813603282,
        "mean": 0.00451184762642,
        "median": 0.00336009799503,
        "min": 1.137170889e-21,
        "var": 2.37736985582e-05
    },
    "spectral_energyband_middle_low": {
        "dmean": 0.00570685788989,
        "dmean2": 0.00937747396529,
        "dvar": 0.000119651078421,
        "dvar2": 0.000296734331641,
        "max": 0.120036385953,
        "mean": 0.00799426622689,
        "median": 0.00485508516431,
        "min": 1.91339966988e-22,
        "var": 0.000123596619233
    },
    "spectral_entropy": {
        "dmean": 0.154769852757,
        "dmean2": 0.243319481611,
        "dvar": 0.030981387943,
        "dvar2": 0.0792744830251,
        "max": 9.82505130768,
        "mean": 8.05284118652,
        "median": 8.14410400391,
        "min": 5.6167678833,
        "var": 0.172077551484
    },
    "spectral_flux": {
        "dmean": 0.0324844717979,
        "dmean2": 0.050951872021,
        "dvar": 0.00113353889901,
        "dvar2": 0.00239988882095,
        "max": 0.351928800344,
        "mean": 0.112622454762,
        "median": 0.104814782739,
        "min": 6.32726024352e-11,
        "var": 0.00369747634977
    },
    "spectral_kurtosis": {
        "dmean": 0.953595280647,
        "dmean2": 1.571169734,
        "dvar": 3.83280777931,
        "dvar2": 10.1916618347,
        "max": 78.888343811,
        "mean": 3.21915483475,
        "median": 2.35205984116,
        "min": -1.23995888233,
        "var": 18.5053863525
    },
    "spectral_rms": {
        "dmean": 0.00105125305708,
        "dmean2": 0.00162381329574,
        "dvar": 1.04865068806e-06,
        "dvar2": 2.47544039667e-06,
        "max": 0.0117976572365,
        "mean": 0.00581201026216,
        "median": 0.00628872402012,
        "min": 3.16059721797e-12,
        "var": 5.69594158151e-06
    },
    "spectral_rolloff": {
        "dmean": 1197.02270508,
        "dmean2": 1990.22253418,
        "dvar": 2064879.75,
        "dvar2": 4767337,
        "max": 19487.5488281,
        "mean": 1941.61303711,
        "median": 1119.7265625,
        "min": 43.06640625,
        "var": 6388933
    },
    "spectral_skewness": {
        "dmean": 0.162062332034,
        "dmean2": 0.260122746229,
        "dvar": 0.0410930328071,
        "dvar2": 0.0986639559269,
        "max": 6.82599925995,
        "mean": 1.23610162735,
        "median": 1.13017904758,
        "min": -0.408322066069,
        "var": 0.262209564447
    },
    "spectral_spread": {
        "dmean": 611655.8125,
        "dmean2": 931744.625,
        "dvar": 608825835520,
        "dvar2": 1.32011209523e+12,
        "max": 42189484,
        "mean": 5894597,
        "median": 5645361,
        "min": 1198296.75,
        "var": 1.29396092436e+13
    },
    "spectral_strongpeak": {
        "dmean": 0.256070584059,
        "dmean2": 0.422946959734,
        "dvar": 0.223279982805,
        "dvar2": 0.582218647003,
        "max": 12.0799484253,
        "mean": 0.444055467844,
        "median": 0.305949509144,
        "min": 0,
        "var": 0.313635647297
    },
    "zerocrossingrate": {
        "dmean": 0.0178652331233,
        "dmean2": 0.021970488131,
        "dvar": 0.000300489424262,
        "dvar2": 0.000424799742177,
        "max": 0.86279296875,
        "mean": 0.0798054412007,
        "median": 0.07080078125,
        "min": 0.00244140625,
        "var": 0.00380856217816
    },
    "barkbands": {
        "dmean": [0.000734889239538, 0.0095877693966, 0.00594986323267, 0.00325828790665, 0.00221244362183, 0.000875315919984, 0.000449779094197, 0.000362106773537, 0.000337487552315, 0.000276026577922, 0.000251362769632, 0.000267462892225, 0.000318333040923, 0.000335280870786, 0.000267339230049, 0.000323642685544, 0.000346517888829, 0.00038146955194, 0.000370605674107, 0.000362531369319, 0.000419682823122, 0.000302833504975, 0.000235677827732, 0.000224137445912, 0.000182455682079, 0.000106452556793, 2.36417490669e-05],
        "dmean2": [0.00110975082498, 0.0147968260571, 0.0100049572065, 0.00568748824298, 0.0037426687777, 0.00153951230459, 0.000787818455137, 0.000633531366475, 0.000572878576349, 0.000481281720567, 0.000431394029874, 0.00044711647206, 0.000540491542779, 0.00056470441632, 0.000450526160421, 0.000538207474165, 0.000575220910832, 0.000631414412055, 0.000616790319327, 0.000592522497755, 0.000681088655256, 0.000486727978569, 0.000383577280445, 0.000358967401553, 0.000288806390017, 0.000162322670803, 3.78303338948e-05],
        "dvar": [1.21696484712e-06, 0.00018034556706, 0.000112289897515, 3.97308212996e-05, 3.24624124914e-05, 4.21964068664e-06, 9.9471037629e-07, 6.43743476303e-07, 4.34714507946e-07, 2.62332235934e-07, 6.49248363516e-07, 4.62104367216e-07, 8.05381773716e-07, 8.6312854819e-07, 2.86851133069e-07, 5.07987920173e-07, 3.19909275959e-07, 2.58363542116e-07, 3.5524260511e-07, 2.82857456568e-07, 3.73900803652e-07, 2.19914028321e-07, 1.72490189243e-07, 1.51134770476e-07, 9.99481599706e-08, 4.2279857837e-08, 2.15297335515e-09],
        "dvar2": [2.59014427684e-06, 0.000379398785299, 0.000294866156764, 0.000108944412204, 8.14040467958e-05, 1.19198721222e-05, 2.66687402473e-06, 1.6607955331e-06, 1.12150382847e-06, 7.2328140277e-07, 1.80379731773e-06, 1.06916127152e-06, 1.95073994291e-06, 2.07488778869e-06, 7.27037331671e-07, 1.27220880586e-06, 8.18469118258e-07, 6.6927862008e-07, 9.35200489494e-07, 7.34484899567e-07, 9.49793218297e-07, 5.52644507934e-07, 4.35769749174e-07, 3.70598996824e-07, 2.46165257067e-07, 9.74876854798e-08, 5.40111200209e-09],
        "max": [0.0263722985983, 0.11648196727, 0.0868405103683, 0.0576342493296, 0.0678281709552, 0.0475159920752, 0.0194247942418, 0.0200482811779, 0.0117053445429, 0.0073588527739, 0.0383208394051, 0.0262939613312, 0.0282395537943, 0.0345946960151, 0.0173442233354, 0.0328511968255, 0.0168881863356, 0.0102304546162, 0.0208981595933, 0.00958725623786, 0.0113972779363, 0.00626610359177, 0.00968634430319, 0.0130837932229, 0.00505865225568, 0.00377858942375, 0.000867830996867],
        "mean": [0.00117090099957, 0.0166869070381, 0.00730194151402, 0.00338998436928, 0.00237060524523, 0.000884445209522, 0.000457106565591, 0.000370376481442, 0.000421613949584, 0.000322398205753, 0.00028182452661, 0.000339884893037, 0.000384326704079, 0.00041466995026, 0.000365210260497, 0.000473758438602, 0.000532889680471, 0.000634224386886, 0.000595660880208, 0.000615310214926, 0.000727061473299, 0.000496878521517, 0.000365993590094, 0.000347282504663, 0.000294796744129, 0.00018142661429, 3.47575478372e-05],
        "median": [0.000380030542146, 0.0113210631534, 0.00388983846642, 0.00134659954347, 0.0010735822143, 0.00038006604882, 0.000181346273166, 0.000129076928715, 0.000166091151186, 0.000161865595146, 0.000116576418804, 0.000157954622409, 0.00016487488756, 0.00018205420929, 0.0002071759518, 0.000276607257547, 0.000359803816536, 0.000489914382342, 0.000434381596278, 0.000461694522528, 0.00052563007921, 0.000349458889104, 0.000240192690399, 0.00022714001534, 0.000188188016182, 0.000106193969259, 1.17020454127e-05],
        "min": [1.3750396548e-25, 3.26082459098e-24, 1.42357779792e-24, 7.42638980986e-25, 9.28706458852e-24, 7.57425429237e-24, 8.01425250631e-24, 7.11947598051e-24, 1.83697132284e-23, 5.59784296929e-24, 1.35236160476e-23, 3.4960100198e-23, 3.71116993843e-23, 3.3790642305e-23, 3.57208618778e-23, 4.63416181e-23, 4.90439179288e-23, 8.25154565313e-23, 1.50181117704e-22, 1.82212682232e-22, 2.44882493602e-22, 3.26974767278e-22, 3.51807830896e-22, 5.92865447202e-22, 8.61558893124e-22, 1.29561131727e-21, 1.94147165753e-21],
        "var": [3.02167131849e-06, 0.000346915447153, 0.000110437402327, 3.43230203725e-05, 2.8190557714e-05, 3.24392294715e-06, 1.00268334791e-06, 8.3770260062e-07, 6.39118809431e-07, 2.62772942961e-07, 5.76745833314e-07, 6.87162867052e-07, 9.23443110423e-07, 1.29689669848e-06, 3.78821965796e-07, 7.75123510266e-07, 5.09532867454e-07, 4.59529957197e-07, 5.49078890799e-07, 4.44038846581e-07, 6.0861862039e-07, 3.21928098401e-07, 2.3644682301e-07, 2.18185832068e-07, 1.45049298794e-07, 7.08120992954e-08, 3.30295124584e-09]
    },
    "erbbands": {
        "dmean": [0.329995125532, 2.13259625435, 6.24678850174, 8.86236381531, 10.3623104095, 5.67812919617, 6.60948133469, 7.15906667709, 6.54119539261, 6.85789585114, 7.70730876923, 7.17325925827, 8.78669452667, 9.37160873413, 10.066327095, 10.4989271164, 13.5307216644, 17.013048172, 14.2885017395, 14.1283779144, 18.9634742737, 18.468832016, 19.5594005585, 21.3036670685, 15.4143695831, 16.0089149475, 20.0138759613, 14.7465658188, 11.4331216812, 8.24596500397, 6.67605400085, 4.90414094925, 3.66280436516, 2.36699390411, 1.17377245426, 0.52840512991, 0.188494160771, 0.0439423546195, 0.00377415330149, 6.58437929815e-05],
        "dmean2": [0.49113202095, 3.28784632683, 10.2767152786, 15.185336113, 17.6853523254, 9.77154254913, 11.6812791824, 12.5247859955, 11.4767875671, 11.782371521, 13.5819253922, 12.2558336258, 15.0768623352, 16.1305503845, 17.1392116547, 17.5201816559, 22.9856395721, 28.7789916992, 23.7868995667, 23.5072822571, 31.45753479, 30.5423297882, 32.3986282349, 35.776348114, 25.5510253906, 26.2046585083, 32.7089767456, 23.8984737396, 18.5367488861, 13.3492183685, 10.8949480057, 7.85968255997, 5.91980266571, 3.81415891647, 1.86152791977, 0.811481297016, 0.288777500391, 0.0689720585942, 0.00606291741133, 0.000102334204712],
        "dvar": [0.196527436376, 10.8135452271, 118.039756775, 231.565139771, 867.944152832, 178.46987915, 232.934997559, 268.695495605, 192.93951416, 278.173980713, 284.177276611, 216.871810913, 253.08392334, 390.708526611, 1451.78686523, 641.675476074, 1471.5802002, 1776.7434082, 1546.7779541, 778.442321777, 1361.56274414, 924.469116211, 662.345825195, 1042.38867188, 688.566711426, 608.477844238, 814.840332031, 472.812103271, 322.193664551, 189.680862427, 142.831390381, 70.6093139648, 38.6848754883, 17.227268219, 3.88440895081, 0.935986220837, 0.149441197515, 0.00760966492817, 5.97837642999e-05, 1.39946791933e-08],
        "dvar2": [0.433655738831, 22.1904582977, 290.394805908, 638.239868164, 2279.8828125, 473.224914551, 652.119506836, 750.697143555, 513.009094238, 699.330627441, 760.580322266, 569.358642578, 678.390075684, 1053.65148926, 4155.77050781, 1485.78137207, 3571.31860352, 4337.23388672, 3852.34179688, 1956.79858398, 3328.08911133, 2361.17724609, 1715.97192383, 2678.81835938, 1792.26025391, 1575.3762207, 2088.08984375, 1198.58825684, 822.179199219, 478.467254639, 359.639587402, 171.549377441, 96.2549133301, 43.1324195862, 9.55907249451, 2.17207813263, 0.350953787565, 0.0187044069171, 0.000148683946463, 3.4052007436e-08],
        "max": [4.36278915405, 29.4886665344, 94.3061981201, 131.35005188, 357.590576172, 271.588317871, 278.720306396, 340.650634766, 220.180633545, 557.571655273, 340.965301514, 300.468292236, 280.781799316, 388.004547119, 2127.24462891, 1005.95672607, 1374.80151367, 1306.02783203, 1444.82580566, 1177.09960938, 1400.77392578, 1062.19677734, 489.048156738, 1469.32727051, 510.478363037, 581.602172852, 379.560821533, 424.826965332, 278.792236328, 269.845123291, 316.405395508, 322.644226074, 153.476898193, 57.7912521362, 28.9719486237, 11.3620328903, 8.69357967377, 2.25155115128, 0.181623265147, 0.00282811489888],
        "mean": [0.55374199152, 3.39761090279, 8.30125808716, 10.955491066, 10.2867794037, 6.23211336136, 6.57059526443, 7.44000434875, 6.75222682953, 7.34702157974, 7.95069217682, 8.89191913605, 10.9038820267, 11.2603092194, 12.2233695984, 14.01496315, 17.1300983429, 21.192243576, 19.7675037384, 20.6402683258, 29.2350158691, 29.9080181122, 33.3943367004, 35.0506515503, 25.207365036, 27.6562366486, 34.284450531, 25.4252185822, 18.7157440186, 13.0475435257, 10.1855812073, 7.60982227325, 5.51381969452, 3.58247661591, 1.9477199316, 0.878676533699, 0.314830005169, 0.0732749924064, 0.00544313527644, 0.000141872806125],
        "median": [0.314935654402, 2.12690520287, 4.89749956131, 5.20132684708, 4.14438724518, 2.88550400734, 2.81760311127, 3.14367938042, 2.90822935104, 2.80344390869, 3.01518678665, 3.73569488525, 5.20803308487, 5.02459812164, 5.64135599136, 6.76971483231, 7.67849254608, 9.14862632751, 10.259311676, 12.3594398499, 18.0895748138, 21.1832427979, 26.4576854706, 25.752374649, 18.1660804749, 20.7720394135, 24.3713302612, 18.4520111084, 12.9674348831, 8.99461936951, 6.47374868393, 4.8827214241, 3.61181926727, 2.28036689758, 1.23592102528, 0.531683504581, 0.176373690367, 0.0373121127486, 0.00161213148385, 0.000101155252196],
        "min": [8.86970336935e-23, 5.59217109093e-22, 2.41688139575e-21, 3.3437518124e-21, 1.74301656908e-20, 2.11385650109e-20, 6.91289248948e-20, 4.92809393541e-20, 9.16328516731e-20, 1.79413368137e-19, 3.59270906414e-19, 4.35711287205e-19, 6.38003372486e-19, 8.05292379569e-19, 7.58852598824e-19, 1.49294571736e-18, 1.95388332491e-18, 2.29744534771e-18, 2.04316010124e-18, 2.97953248376e-18, 3.18022304398e-18, 3.50071355193e-18, 5.15679696707e-18, 4.87854250799e-18, 6.72322062125e-18, 8.99885073467e-18, 9.06779210282e-18, 1.09448328304e-17, 1.08009621336e-17, 1.16734226129e-17, 1.15650123218e-17, 1.02702289905e-17, 9.98691135892e-18, 7.89804704729e-18, 6.38617554091e-18, 4.58572346628e-18, 2.11226649193e-18, 9.04518587707e-19, 2.63361718382e-19, 2.74301589111e-20],
        "var": [0.402064353228, 18.6615428925, 126.787231445, 246.363327026, 671.484436035, 161.328125, 186.790679932, 218.794647217, 172.185546875, 364.410949707, 311.618774414, 274.700958252, 303.477416992, 469.724121094, 1242.88452148, 971.375976562, 1700.84130859, 2395.12988281, 2056.92456055, 1121.58642578, 2303.0246582, 1529.29675293, 1171.75976562, 1979.64208984, 969.983459473, 918.929077148, 1337.32275391, 758.703125, 455.406921387, 265.316558838, 194.08102417, 109.993934631, 52.6363372803, 22.6234169006, 6.14799594879, 1.53401863575, 0.238608345389, 0.0122320214286, 8.8322427473e-05, 2.48998723862e-08]
    },
    "gfcc": {
        "mean": [14.1123428345, 51.1496734619, -91.6750640869, 53.9050559998, -39.1986999512, 21.9287986755, -29.3980617523, 13.5178518295, -24.0342960358, 6.52141046524, -19.0502853394, 3.69975113869, -13.067032814],
        "cov": [[30381.2207031, -2032.72143555, -1385.8894043, 1602.18017578, -1042.75866699, 305.349945068, -649.342529297, 621.432861328, -693.812011719, 115.088104248, -607.430419922, 359.79699707, -350.027893066], [-2032.72143555, 1580.96569824, -346.443603516, -281.718200684, 72.7488021851, -178.437347412, 46.4484443665, -187.700012207, 100.926048279, -92.4600219727, 99.8126983643, -137.519607544, 57.2580490112], [-1385.8894043, -346.443603516, 802.800048828, 125.108200073, 210.022537231, 102.90965271, 89.8795318604, 69.9133987427, 14.5189056396, 35.8896865845, -12.4943637848, 30.2298355103, -32.4148368835], [1602.18017578, -281.718200684, 125.108200073, 496.094696045, 73.5148086548, 94.7177658081, 40.7671051025, 88.9118270874, -35.3049850464, 19.3661384583, -52.5083007812, 26.7327880859, -2.10428786278], [-1042.75866699, 72.7488021851, 210.022537231, 73.5148086548, 285.610900879, 72.5374450684, 109.322753906, 18.4140148163, 49.8760528564, 5.37048530579, 22.7438545227, -12.4135160446, 6.05005502701], [305.349945068, -178.437347412, 102.90965271, 94.7177658081, 72.5374450684, 209.920501709, 51.7176856995, 70.9066009521, 12.7430534363, 30.7330093384, 5.24654579163, 14.6702890396, -13.060292244], [-649.342529297, 46.4484443665, 89.8795318604, 40.7671051025, 109.322753906, 51.7176856995, 148.132919312, 39.2706413269, 49.1025161743, 7.33313512802, 25.4337997437, 6.11494112015, 23.2318916321], [621.432861328, -187.700012207, 69.9133987427, 88.9118270874, 18.4140148163, 70.9066009521, 39.2706413269, 118.874046326, 19.452167511, 32.8919410706, -5.75851345062, 30.8950614929, -2.28540539742], [-693.812011719, 100.926048279, 14.5189056396, -35.3049850464, 49.8760528564, 12.7430534363, 49.1025161743, 19.452167511, 88.2306289673, 25.0974998474, 41.8548088074, -3.42221188545, 21.0829410553], [115.088104248, -92.4600219727, 35.8896865845, 19.3661384583, 5.37048530579, 30.7330093384, 7.33313512802, 32.8919410706, 25.0974998474, 67.0601577759, 23.4374885559, 24.1770305634, 4.2645201683], [-607.430419922, 99.8126983643, -12.4943637848, -52.5083007812, 22.7438545227, 5.24654579163, 25.4337997437, -5.75851345062, 41.8548088074, 23.4374885559, 77.5325469971, 15.226559639, 24.8354568481], [359.79699707, -137.519607544, 30.2298355103, 26.7327880859, -12.4135160446, 14.6702890396, 6.11494112015, 30.8950614929, -3.42221188545, 24.1770305634, 15.226559639, 72.20337677, 20.2733421326], [-350.027893066, 57.2580490112, -32.4148368835, -2.10428786278, 6.05005502701, -13.060292244, 23.2318916321, -2.28540539742, 21.0829410553, 4.2645201683, 24.8354568481, 20.2733421326, 60.1046447754]],
        "icov": [[0.000102233912912, -7.21317701391e-05, 0.000234029357671, -0.000255161459791, 0.00012193476141, -7.45279539842e-05, 0.00020455608319, -0.00045279058395, 0.00037319722469, -0.000211115242564, 0.000425608712249, -0.000598283368163, 0.000566629401874], [-7.21317701391e-05, 0.00137213768903, 0.00023727385269, 0.000304093846353, -0.000486967008328, 0.000609593524132, -0.000500764290337, 0.00121666514315, -0.00113795301877, 0.00128489802592, -0.00164121529087, 0.00219590123743, -0.000921842991374], [0.000234029357671, 0.00023727385269, 0.00243827234954, -0.000551418110263, -0.00114400929306, -3.59201076208e-05, -2.64695904661e-06, -0.000966645602603, 0.000812920043245, -0.000830430537462, 0.00123040948529, -0.00192891643383, 0.00242014206015], [-0.000255161459791, 0.000304093846353, -0.000551418110263, 0.00357700744644, -0.00119499128778, -0.000259360356722, -0.000832579564303, -0.000404529593652, 0.000910052738618, -0.000387944310205, 0.000731756910682, 0.00163093721494, -0.00272162770852], [0.00012193476141, -0.000486967008328, -0.00114400929306, -0.00119499128778, 0.006813401822, -0.00139677047264, -0.00279678427614, 0.000944220111705, -0.00141593907028, 0.000439732189989, -7.7010539826e-05, 0.00017243741604, 0.00108191836625], [-7.45279539842e-05, 0.000609593524132, -3.59201076208e-05, -0.000259360356722, -0.00139677047264, 0.0073006558232, -0.00138013088144, -0.0024413713254, 0.000708718493115, -0.000959634780884, -0.00218100729398, 0.00152250914834, 0.00133154646028], [0.00020455608319, -0.000500764290337, -2.64695904661e-06, -0.000832579564303, -0.00279678427614, -0.00138013088144, 0.0129131190479, -0.00412666611373, -0.00280602276325, 0.00246907561086, -0.000198828201974, -0.00151250697672, -0.00212736986578], [-0.00045279058395, 0.00121666514315, -0.000966645602603, -0.000404529593652, 0.000944220111705, -0.0024413713254, -0.00412666611373, 0.0185564756393, -0.00747020356357, -0.00171475787647, 0.00204717065208, -0.00199088943191, -8.86845009518e-05], [0.00037319722469, -0.00113795301877, 0.000812920043245, 0.000910052738618, -0.00141593907028, 0.000708718493115, -0.00280602276325, -0.00747020356357, 0.0253272801638, -0.00808717496693, -0.00530922785401, 0.00412354106084, -0.00268257246353], [-0.000211115242564, 0.00128489802592, -0.000830430537462, -0.000387944310205, 0.000439732189989, -0.000959634780884, 0.00246907561086, -0.00171475787647, -0.00808717496693, 0.0252160914242, -0.00774583825842, -0.00267835869454, 0.000964356353506], [0.000425608712249, -0.00164121529087, 0.00123040948529, 0.000731756910682, -7.7010539826e-05, -0.00218100729398, -0.000198828201974, 0.00204717065208, -0.00530922785401, -0.00774583825842, 0.0268352106214, -0.00948194228113, -0.00105844554491], [-0.000598283368163, 0.00219590123743, -0.00192891643383, 0.00163093721494, 0.00017243741604, 0.00152250914834, -0.00151250697672, -0.00199088943191, 0.00412354106084, -0.00267835869454, -0.00948194228113, 0.0285795032978, -0.0127151738852], [0.000566629401874, -0.000921842991374, 0.00242014206015, -0.00272162770852, 0.00108191836625, 0.00133154646028, -0.00212736986578, -8.86845009518e-05, -0.00268257246353, 0.000964356353506, -0.00105844554491, -0.0127151738852, 0.0286236666143]]
    },
    "melbands": {
        "dmean": [0.00269837328233, 0.00283678527921, 0.00155582465231, 0.000550616940018, 0.000227765238378, 0.000160969269928, 9.76177107077e-05, 7.55873916205e-05, 6.06423564022e-05, 4.73573054478e-05, 4.42465207016e-05, 3.79295415769e-05, 3.4015665733e-05, 3.03399629047e-05, 2.95219397231e-05, 3.36352204613e-05, 3.21425977745e-05, 2.4486298571e-05, 2.02687879209e-05, 2.06278655241e-05, 2.4260565624e-05, 2.10430298466e-05, 1.83372958418e-05, 1.85653570952e-05, 1.85138524103e-05, 1.33129997266e-05, 9.90829266811e-06, 1.18806083265e-05, 1.44706673382e-05, 1.04966175059e-05, 8.80797961145e-06, 7.16811473467e-06, 5.22854361407e-06, 4.60125238533e-06, 4.1430184865e-06, 3.38132826982e-06, 2.98884356198e-06, 2.6868506211e-06, 2.37468952946e-06, 1.96270684683e-06],
        "dmean2": [0.00405313959345, 0.00447618309408, 0.00265228236094, 0.000927301414777, 0.000403447746066, 0.000281816697679, 0.000170935018105, 0.000129776177346, 0.000106876083009, 8.05324016255e-05, 7.58869791753e-05, 6.55282856314e-05, 5.84224217164e-05, 5.10203099111e-05, 4.96420252603e-05, 5.74542427785e-05, 5.45722577954e-05, 4.10033499065e-05, 3.42148632626e-05, 3.43713836628e-05, 4.04211168643e-05, 3.50670561602e-05, 3.07958143821e-05, 3.10057366733e-05, 3.13438649755e-05, 2.23354454647e-05, 1.6479032638e-05, 1.96510736714e-05, 2.39842538576e-05, 1.72459294845e-05, 1.4461259525e-05, 1.17694089568e-05, 8.50194282975e-06, 7.55912878958e-06, 6.83552070768e-06, 5.51658285985e-06, 4.84767406306e-06, 4.3532932068e-06, 3.90640843762e-06, 3.15960346597e-06],
        "dvar": [1.28237807075e-05, 2.00583381229e-05, 8.14986287878e-06, 2.14189640246e-06, 2.54014423717e-07, 1.34391385131e-07, 4.28230535476e-08, 3.17726751575e-08, 1.68947771328e-08, 9.20377285496e-09, 6.36946628774e-09, 6.26851637264e-09, 1.35297302251e-08, 7.37608152335e-09, 5.25746957081e-09, 1.07483728584e-08, 6.62686483466e-09, 6.33433350217e-09, 1.44850109685e-09, 2.18455453727e-09, 2.15632756095e-09, 1.28639210395e-09, 6.97902069469e-10, 6.41126207679e-10, 8.54676773798e-10, 5.24356447151e-10, 3.07121605925e-10, 3.16903198128e-10, 4.23354712398e-10, 2.67657701558e-10, 1.69184721788e-10, 1.24661697631e-10, 7.49721743021e-11, 6.18422257848e-11, 5.84520210012e-11, 3.59208496281e-11, 2.65949380573e-11, 2.0609422155e-11, 1.72314957442e-11, 1.21891515978e-11],
        "dvar2": [2.70889795502e-05, 4.46001977252e-05, 2.22640792344e-05, 5.37802725376e-06, 7.10656024694e-07, 3.7651511775e-07, 1.14388740258e-07, 7.92087035961e-08, 4.54671038597e-08, 2.40865443146e-08, 1.70246821085e-08, 1.69937539596e-08, 3.79619429225e-08, 1.81562764823e-08, 1.28280772671e-08, 2.57477683618e-08, 1.62404170112e-08, 1.5981424184e-08, 3.71140806976e-09, 5.59605428663e-09, 5.30405719346e-09, 3.27158855562e-09, 1.86341053698e-09, 1.63678937071e-09, 2.17668905123e-09, 1.36547750884e-09, 8.06188671376e-10, 8.29208313124e-10, 1.09795894598e-09, 6.99432900486e-10, 4.33213687145e-10, 3.2173075315e-10, 1.86411025505e-10, 1.58948645912e-10, 1.48908829711e-10, 8.94636031923e-11, 6.45114794917e-11, 5.08921411957e-11, 4.36949400273e-11, 3.07352233941e-11],
        "max": [0.0346968434751, 0.0399857833982, 0.0264521315694, 0.017525786534, 0.00889539998025, 0.00751639856026, 0.00335446605459, 0.00591334141791, 0.00226022233255, 0.00180477416143, 0.00140369299334, 0.00155311485287, 0.005843879655, 0.00354279531166, 0.0024454803206, 0.00362992170267, 0.00301717803814, 0.00329282879829, 0.000924522231799, 0.00207432243042, 0.00154880725313, 0.00113638374023, 0.000665434228722, 0.000610684801359, 0.00143483898137, 0.000709758140147, 0.000447017693659, 0.000380594981834, 0.00028313943767, 0.000385007297155, 0.000198541863938, 0.000176402420038, 0.000123843958136, 0.000149887258885, 0.000237277461565, 0.000202449649805, 0.000194512627786, 0.000118647796626, 5.51496377739e-05, 5.64062102058e-05],
        "mean": [0.00470844795927, 0.00452894344926, 0.00192809593864, 0.000575351295993, 0.000235781059018, 0.000166462792549, 0.000102091842564, 8.1546146248e-05, 6.20953869657e-05, 5.91518291913e-05, 5.42546404176e-05, 4.46809426649e-05, 3.94709968532e-05, 3.85070052289e-05, 3.67652937712e-05, 3.96190152969e-05, 3.88707958336e-05, 3.20104118146e-05, 2.74654958048e-05, 2.89942072413e-05, 3.56933414878e-05, 3.16799014399e-05, 2.92897584586e-05, 2.97460592265e-05, 2.88115734293e-05, 2.00841222977e-05, 1.54238496179e-05, 1.93650976144e-05, 2.34740000451e-05, 1.70901093952e-05, 1.4182648556e-05, 1.12379457278e-05, 7.99310146249e-06, 6.93706397215e-06, 6.0118914007e-06, 5.07569257024e-06, 4.48172204415e-06, 3.94088374378e-06, 3.39964867635e-06, 2.90033813144e-06],
        "median": [0.0031422295142, 0.00307066040114, 0.000984485493973, 0.000247005547862, 0.000107251471491, 7.10249441909e-05, 4.38128699898e-05, 3.09754614136e-05, 2.40396002482e-05, 2.37832082348e-05, 2.58260388364e-05, 1.99154528673e-05, 1.71937881532e-05, 1.74545657501e-05, 1.69278810063e-05, 1.69308968907e-05, 1.63139466167e-05, 1.52231705215e-05, 1.58863986144e-05, 1.6350466467e-05, 2.13450002775e-05, 2.09026529774e-05, 2.23009083129e-05, 2.23852002819e-05, 2.00926697289e-05, 1.39514422699e-05, 1.00835140984e-05, 1.39754356496e-05, 1.59896662808e-05, 1.18071666293e-05, 9.53092512646e-06, 7.62493800721e-06, 5.25756740899e-06, 4.59951934317e-06, 3.70961174667e-06, 3.14744011121e-06, 2.78748211713e-06, 2.55370446212e-06, 2.12832787838e-06, 1.79592598215e-06],
        "min": [9.06198738669e-25, 1.26405572617e-24, 7.78421415824e-25, 1.63231059065e-24, 2.40625650274e-24, 1.02712480455e-24, 1.71680824322e-24, 1.79907341943e-24, 3.33672149032e-24, 2.41884751165e-24, 2.75390139e-24, 2.78760133065e-24, 1.88730179244e-24, 2.45753778639e-24, 3.56625634791e-24, 3.32573581336e-24, 3.87202830111e-24, 2.56879438973e-24, 3.3547481453e-24, 2.67281832185e-24, 3.76539205609e-24, 2.84693471478e-24, 2.91982664571e-24, 3.62584492854e-24, 2.33767549944e-24, 4.66992639686e-24, 4.91271096222e-24, 5.03004889427e-24, 5.09585764314e-24, 4.82862903934e-24, 5.58081658994e-24, 4.42668784205e-24, 5.05959410175e-24, 5.90501317844e-24, 6.16731416259e-24, 5.52412588985e-24, 6.28974143077e-24, 6.37865749327e-24, 6.68362559721e-24, 5.9535979383e-24],
        "var": [2.67407285719e-05, 2.94864839816e-05, 7.83377890912e-06, 1.83946463039e-06, 2.14357086747e-07, 1.08000207888e-07, 3.92795733717e-08, 4.30958451147e-08, 1.73369176792e-08, 1.28921184839e-08, 7.68116947825e-09, 7.33953298138e-09, 1.16668887884e-08, 1.07899884583e-08, 6.90668144898e-09, 1.13165592452e-08, 9.3871168616e-09, 7.9879836079e-09, 1.85477078141e-09, 3.13230730242e-09, 3.47427975278e-09, 2.013453404e-09, 1.03287567388e-09, 1.15452503113e-09, 1.54710311229e-09, 6.67366606422e-10, 4.24559748469e-10, 4.63005550566e-10, 6.61532162383e-10, 3.84918985574e-10, 2.53534471195e-10, 1.68173350246e-10, 1.04674290069e-10, 8.11225878139e-11, 7.26406712559e-11, 5.31285605787e-11, 3.98937168022e-11, 2.81409253539e-11, 2.13347672862e-11, 1.56753759278e-11]
    },
    "mfcc": {
        "mean": [-623.064453125, 79.9161224365, 11.3922843933, 38.6343955994, 16.1953258514, 15.8547811508, 9.7086763382, 9.02962398529, 6.63591146469, 2.48770904541, 1.51795244217, 3.55285620689, -1.76003623009],
        "cov": [[12627.4765625, -612.110595703, 21.8522987366, 558.3125, 71.3112564087, 105.490135193, 95.3891372681, 157.716262817, 66.9687347412, -31.8146324158, -27.5187568665, 20.6553401947, -124.046676636], [-612.110595703, 1263.75830078, -229.731292725, -68.861541748, -62.2795333862, -65.5680007935, -86.236907959, -75.9303436279, -65.3766708374, -0.175711378455, -32.9549026489, -7.99970769882, 12.1997022629], [21.8522987366, -229.731292725, 444.124633789, 119.806854248, 107.705230713, 66.1313705444, 71.0479736328, 58.2056846619, 45.2962341309, 11.448428154, 35.5074081421, 11.009771347, 2.1376144886], [558.3125, -68.861541748, 119.806854248, 353.57510376, 100.059494019, 69.0967178345, 70.8175964355, 45.4712867737, 69.518081665, -6.65614032745, 5.74838590622, 19.3674926758, -14.6804199219], [71.3112564087, -62.2795333862, 107.705230713, 100.059494019, 174.598419189, 84.7807617188, 69.2899932861, 48.5043258667, 40.3365936279, 24.4406738281, 29.5725669861, 16.5924682617, 6.47061920166], [105.490135193, -65.5680007935, 66.1313705444, 69.0967178345, 84.7807617188, 131.805465698, 75.3027648926, 49.3001556396, 36.6805229187, 22.2360038757, 25.258441925, 12.7809648514, 4.10755395889], [95.3891372681, -86.236907959, 71.0479736328, 70.8175964355, 69.2899932861, 75.3027648926, 116.798156738, 67.6342163086, 49.7991905212, 22.8056793213, 25.9814376831, 17.5174560547, 4.76028585434], [157.716262817, -75.9303436279, 58.2056846619, 45.4712867737, 48.5043258667, 49.3001556396, 67.6342163086, 98.8698806763, 52.3192405701, 21.6696224213, 24.5014095306, 16.1006717682, 7.29910039902], [66.9687347412, -65.3766708374, 45.2962341309, 69.518081665, 40.3365936279, 36.6805229187, 49.7991905212, 52.3192405701, 86.716468811, 26.199464798, 22.0501041412, 16.6164875031, 4.01628780365], [-31.8146324158, -0.175711378455, 11.448428154, -6.65614032745, 24.4406738281, 22.2360038757, 22.8056793213, 21.6696224213, 26.199464798, 62.9540367126, 32.7862205505, 12.1245679855, 6.67844820023], [-27.5187568665, -32.9549026489, 35.5074081421, 5.74838590622, 29.5725669861, 25.258441925, 25.9814376831, 24.5014095306, 22.0501041412, 32.7862205505, 60.4638748169, 26.086894989, 10.1224155426], [20.6553401947, -7.99970769882, 11.009771347, 19.3674926758, 16.5924682617, 12.7809648514, 17.5174560547, 16.1006717682, 16.6164875031, 12.1245679855, 26.086894989, 47.6530189514, 19.391708374], [-124.046676636, 12.1997022629, 2.1376144886, -14.6804199219, 6.47061920166, 4.10755395889, 4.76028585434, 7.29910039902, 4.01628780365, 6.67844820023, 10.1224155426, 19.391708374, 45.3796005249]],
