{
"lowlevel": {
    "average_loudness": 0.962010741234,
    "barkbands_crest": {
        "dmean": 3.50697875023,
        "dmean2": 5.57363986969,
        "dvar": 13.3899707794,
        "dvar2": 32.955165863,
        "max": 24.7850284576,
        "mean": 10.3913726807,
        "median": 9.26616382599,
        "min": 1.86672174931,
        "var": 27.6745090485
    },
    "barkbands_flatness_db": {
        "dmean": 0.0249945819378,
        "dmean2": 0.0399721376598,
        "dvar": 0.000822649686597,
        "dvar2": 0.00212627882138,
        "max": 0.403826206923,
        "mean": 0.0983159467578,
        "median": 0.0863705947995,
        "min": 0.0132931787521,
        "var": 0.00262730871327
    },
    "barkbands_kurtosis": {
        "dmean": 2.73801779747,
        "dmean2": 4.47182559967,
        "dvar": 34.5605773926,
        "dvar2": 84.3502197266,
        "max": 182.415252686,
        "mean": 2.42316174507,
        "median": 0.0714130401611,
        "min": -1.89088392258,
        "var": 57.0025787354
    },
    "barkbands_skewness": {
        "dmean": 0.639351546764,
        "dmean2": 1.00807309151,
        "dvar": 0.57206183672,
        "dvar2": 1.44476091862,
        "max": 10.4744625092,
        "mean": 1.16573524475,
        "median": 1.04515910149,
        "min": -2.27446269989,
        "var": 1.73831748962
    },
    "barkbands_spread": {
        "dmean": 8.35783958435,
        "dmean2": 13.54596138,
        "dvar": 83.7823486328,
        "dvar2": 215.264755249,
        "max": 106.622825623,
        "mean": 35.4114990234,
        "median": 35.1010169983,
        "min": 0.696823120117,
        "var": 262.826446533
    },
    "dissonance": {
        "dmean": 0.00904805585742,
        "dmean2": 0.0154492370784,
        "dvar": 0.000108346008346,
        "dvar2": 0.000292099663056,
        "max": 0.500000178814,
        "mean": 0.485052973032,
        "median": 0.489937782288,
        "min": 0.293333798647,
        "var": 0.000274696358247
    },
    "dynamic_complexity": 1.60162079334,
    "erbbands_crest": {
        "dmean": 1.87871563435,
        "dmean2": 3.12869262695,
        "dvar": 4.05970859528,
        "dvar2": 10.2886142731,
        "max": 31.9555034637,
        "mean": 6.40504312515,
        "median": 5.39216423035,
        "min": 2.16787266731,
        "var": 10.9757680893
    },
    "erbbands_flatness_db": {
        "dmean": 0.0124802272767,
        "dmean2": 0.0187958423048,
        "dvar": 0.000175581095391,
        "dvar2": 0.000362059072359,
        "max": 0.370747923851,
        "mean": 0.123986214399,
        "median": 0.109587572515,
        "min": 0.0277999658138,
        "var": 0.00212047598325
    },
    "erbbands_kurtosis": {
        "dmean": 0.746346592903,
        "dmean2": 1.19015920162,
        "dvar": 0.966883659363,
        "dvar2": 2.23616051674,
        "max": 22.1891288757,
        "mean": 0.297644108534,
        "median": 0.0034613609314,
        "min": -1.85626935959,
        "var": 2.18502616882
    },
    "erbbands_skewness": {
        "dmean": 0.312804341316,
        "dmean2": 0.492304503918,
        "dvar": 0.099941149354,
        "dvar2": 0.237439662218,
        "max": 4.11592912674,
        "mean": -0.349826782942,
        "median": -0.452706247568,
        "min": -3.2016055584,
        "var": 0.43781670928
    },
    "erbbands_spread": {
        "dmean": 9.49528121948,
        "dmean2": 14.7925319672,
        "dvar": 120.033203125,
        "dvar2": 293.476898193,
        "max": 144.369979858,
        "mean": 42.0368995667,
        "median": 39.09116745,
        "min": 5.34025001526,
        "var": 321.112365723
    },
    "hfc": {
        "dmean": 8.7171163559,
        "dmean2": 14.1775579453,
        "dvar": 146.176696777,
        "dvar2": 382.922454834,
        "max": 172.369506836,
        "mean": 34.8765907288,
        "median": 32.6376113892,
        "min": 1.05124862037e-16,
        "var": 492.76461792
    },
    "melbands_crest": {
        "dmean": 4.49406576157,
        "dmean2": 7.13805103302,
        "dvar": 19.9743213654,
        "dvar2": 47.6955032349,
        "max": 37.3694763184,
        "mean": 16.427324295,
        "median": 16.0541381836,
        "min": 1.5045183897,
        "var": 55.9971733093
    },
    "melbands_flatness_db": {
        "dmean": 0.0335385091603,
        "dmean2": 0.0524754598737,
        "dvar": 0.00143928721081,
        "dvar2": 0.00353794335388,
        "max": 0.517516314983,
        "mean": 0.158194512129,
        "median": 0.156044855714,
        "min": 0.00225964165293,
        "var": 0.00505849393085
    },
    "melbands_kurtosis": {
        "dmean": 10.4319725037,
        "dmean2": 16.96875,
        "dvar": 443.993621826,
        "dvar2": 1122.32922363,
        "max": 710.553955078,
        "mean": 14.6435852051,
        "median": 6.55458164215,
        "min": -1.60091364384,
        "var": 678.573181152
    },
    "melbands_skewness": {
        "dmean": 1.02534866333,
        "dmean2": 1.61982774734,
        "dvar": 1.62219524384,
        "dvar2": 4.09533405304,
        "max": 19.033706665,
        "mean": 2.88179135323,
        "median": 2.51289510727,
        "min": -1.04563689232,
        "var": 4.16873645782
    },
    "melbands_spread": {
        "dmean": 12.3694381714,
        "dmean2": 19.8042602539,
        "dvar": 194.434997559,
        "dvar2": 445.441375732,
        "max": 206.772171021,
        "mean": 37.6581497192,
        "median": 31.9395885468,
        "min": 0.53879493475,
        "var": 772.037902832
    },
    "pitch_salience": {
        "dmean": 0.104269556701,
        "dmean2": 0.169989749789,
        "dvar": 0.0117070870474,
        "dvar2": 0.031489584595,
        "max": 0.87093436718,
        "mean": 0.549431204796,
        "median": 0.555555999279,
        "min": 0.119547784328,
        "var": 0.0221169926226
    },
    "silence_rate_20dB": {
        "dmean": 0,
        "dmean2": 0,
        "dvar": 0,
        "dvar2": 0,
        "max": 1,
        "mean": 1,
        "median": 1,
        "min": 1,
        "var": 0
    },
    "silence_rate_30dB": {
        "dmean": 0.000891067029443,
        "dmean2": 0.00178233266342,
        "dvar": 0.00089033995755,
        "dvar2": 0.00267058960162,
        "max": 1,
        "mean": 0.999554514885,
        "median": 1,
        "min": 0,
        "var": 0.000445319834398
    },
    "silence_rate_60dB": {
        "dmean": 0.00378703488968,
        "dmean2": 0.00757491355762,
        "dvar": 0.00377357983962,
        "dvar2": 0.00930174440145,
        "max": 1,
        "mean": 0.0510079078376,
        "median": 0,
        "min": 0,
        "var": 0.0484057180583
    },
    "spectral_centroid": {
        "dmean": 345.53704834,
        "dmean2": 553.564025879,
        "dvar": 159265.125,
        "dvar2": 376609.1875,
        "max": 11707.8525391,
        "mean": 2412.86376953,
        "median": 2262.98339844,
        "min": 148.802627563,
        "var": 3161381.25
    },
    "spectral_complexity": {
        "dmean": 5.52929401398,
        "dmean2": 8.89629077911,
        "dvar": 36.270740509,
        "dvar2": 86.6827850342,
        "max": 67,
        "mean": 34.3538246155,
        "median": 38,
        "min": 0,
        "var": 210.93321228
    },
    "spectral_decrease": {
        "dmean": 2.77452882891e-09,
        "dmean2": 4.22334167638e-09,
        "dvar": 1.17556741443e-17,
        "dvar2": 2.5704930357e-17,
        "max": 2.07063613521e-28,
        "mean": -8.74390515548e-09,
        "median": -8.01775978942e-09,
        "min": -3.36718919414e-08,
        "var": 2.62736335718e-17
    },
    "spectral_energy": {
        "dmean": 0.0105903390795,
        "dmean2": 0.0159978531301,
        "dvar": 0.00016703538131,
        "dvar2": 0.000359351979569,
        "max": 0.128345057368,
        "mean": 0.0361649096012,
        "median": 0.0337410122156,
        "min": 9.62133675463e-21,
        "var": 0.00040127520333
    },
    "spectral_energyband_high": {
        "dmean": 0.000797111017164,
        "dmean2": 0.00127265194897,
        "dvar": 1.25279325403e-06,
        "dvar2": 3.08643598146e-06,
        "max": 0.0152373267338,
        "mean": 0.00239755469374,
        "median": 0.00202122423798,
        "min": 6.79899812018e-21,
        "var": 4.77386538478e-06
    },
    "spectral_energyband_low": {
        "dmean": 0.00831552967429,
        "dmean2": 0.0128289954737,
        "dvar": 0.000150424137246,
        "dvar2": 0.000332587776938,
        "max": 0.122886270285,
        "mean": 0.0182910840958,
        "median": 0.0115950256586,
        "min": 1.11579389443e-23,
        "var": 0.000324552238453
    },
    "spectral_energyband_middle_high": {
        "dmean": 0.00209811143577,
        "dmean2": 0.00354867731221,
        "dvar": 7.29177008907e-06,
        "dvar2": 2.07390276046e-05,
        "max": 0.0307069383562,
        "mean": 0.00724155222997,
        "median": 0.00653691543266,
        "min": 1.03471661337e-21,
        "var": 2.46630897891e-05
    },
    "spectral_energyband_middle_low": {
        "dmean": 0.00565546425059,
        "dmean2": 0.00932477880269,
        "dvar": 9.93051071418e-05,
        "dvar2": 0.000243479895289,
        "max": 0.115333996713,
        "mean": 0.00941144954413,
        "median": 0.00646292045712,
        "min": 1.56104756283e-22,
        "var": 0.000109490327304
    },
    "spectral_entropy": {
        "dmean": 0.108146257699,
        "dmean2": 0.169562637806,
        "dvar": 0.0219553988427,
        "dvar2": 0.0509388521314,
        "max": 9.82496929169,
        "mean": 8.05309391022,
        "median": 8.11436367035,
        "min": 5.58562898636,
        "var": 0.240400284529
    },
    "spectral_flux": {
        "dmean": 0.0319399572909,
        "dmean2": 0.0481815040112,
        "dvar": 0.00121287372895,
        "dvar2": 0.00255408883095,
        "max": 0.339231014252,
        "mean": 0.106465004385,
        "median": 0.0946488678455,
        "min": 6.29973156974e-11,
        "var": 0.00295610143803
    },
    "spectral_kurtosis": {
        "dmean": 0.940193295479,
        "dmean2": 1.56075835228,
        "dvar": 2.15076375008,
        "dvar2": 5.86743593216,
        "max": 37.5865478516,
        "mean": 3.42021274567,
        "median": 2.93940258026,
        "min": -1.26738035679,
        "var": 6.04319906235
    },
    "spectral_rms": {
        "dmean": 0.000828599149827,
        "dmean2": 0.00123478483874,
        "dvar": 8.6150731704e-07,
        "dvar2": 1.75483376097e-06,
        "max": 0.0111899366602,
        "mean": 0.00561411539093,
        "median": 0.0057374262251,
        "min": 3.06376733879e-12,
        "var": 3.76465550289e-06
    },
    "spectral_rolloff": {
        "dmean": 864.416992188,
        "dmean2": 1396.35681152,
        "dvar": 1235172.625,
        "dvar2": 2722417,
        "max": 19702.8808594,
        "mean": 2812.16894531,
        "median": 2153.3203125,
        "min": 43.06640625,
        "var": 12063189
    },
    "spectral_skewness": {
        "dmean": 0.147982016206,
        "dmean2": 0.235095188022,
        "dvar": 0.0308661367744,
        "dvar2": 0.073466129601,
        "max": 4.75345420837,
        "mean": 1.24397563934,
        "median": 1.22091841698,
        "min": -0.0857928320765,
        "var": 0.176595672965
    },
    "spectral_spread": {
        "dmean": 498570,
        "dmean2": 727733.0625,
        "dvar": 512460750848,
        "dvar2": 910555873280,
        "max": 43088052,
        "mean": 6037915.5,
        "median": 4792430.5,
        "min": 1414401.75,
        "var": 4.49530025738e+13
    },
    "spectral_strongpeak": {
        "dmean": 0.352680563927,
        "dmean2": 0.614306628704,
        "dvar": 0.393895894289,
        "dvar2": 1.0788987875,
        "max": 7.43348503113,
        "mean": 0.578542470932,
        "median": 0.402292460203,
        "min": 0,
        "var": 0.460354268551
    },
    "zerocrossingrate": {
        "dmean": 0.015220310539,
        "dmean2": 0.017465531826,
        "dvar": 0.000278603489278,
        "dvar2": 0.000345116510289,
        "max": 0.69140625,
        "mean": 0.0925652682781,
        "median": 0.07080078125,
        "min": 0.00439453125,
        "var": 0.00768900988623
    },
    "barkbands": {
        "dmean": [0.00055013835663, 0.00705817248672, 0.00311128725298, 0.00155921292026, 0.00342907640152, 0.000989107065834, 0.000464488082798, 0.000431810010923, 0.000482433795696, 0.0004935869365, 0.00030730778235, 0.000455285160569, 0.000364976091078, 0.000413623492932, 0.000382354512112, 0.000377816992113, 0.000412337656599, 0.000417349801864, 0.000328562397044, 0.000270052201813, 0.00028825274785, 0.000188851015992, 0.000120250493637, 0.000127077335492, 0.000101957550214, 5.97407379246e-05, 1.41895598063e-05],
        "dmean2": [0.000841650064103, 0.0110344467685, 0.00539050530642, 0.00273778918199, 0.00567334657535, 0.00164277141448, 0.000763306161389, 0.000718314724509, 0.000789670506492, 0.000818759843241, 0.000521150592249, 0.000774574582465, 0.000605796289165, 0.000689809210598, 0.000637695367914, 0.000642338534817, 0.000687793653924, 0.000711365835741, 0.000565392663702, 0.000472852902021, 0.000482436968014, 0.000307432928821, 0.000189699465409, 0.000192591003724, 0.000157178903464, 9.20994425542e-05, 2.39783003053e-05],
        "dvar": [1.20192885333e-06, 0.000142699631397, 3.59955520253e-05, 8.41513701744e-06, 7.7993470768e-05, 2.34394974541e-06, 5.78798278639e-07, 6.2707295001e-07, 6.54916277654e-07, 7.72724433773e-07, 2.84187478883e-07, 4.71191555107e-07, 3.93718238456e-07, 4.66313423431e-07, 3.18506920394e-07, 2.85418934709e-07, 2.91053908086e-07, 2.93381788197e-07, 1.64033295391e-07, 1.32356049676e-07, 1.41921759678e-07, 6.07930417118e-08, 3.49909363706e-08, 5.24503498411e-08, 3.74041988493e-08, 1.20048779806e-08, 8.11942069134e-10],
        "dvar2": [2.58798058894e-06, 0.000326871784637, 0.000100796482002, 2.31557205552e-05, 0.000191666811588, 5.89305091125e-06, 1.34602851176e-06, 1.55721147621e-06, 1.60589058851e-06, 1.91906065083e-06, 7.69653240695e-07, 1.26701218051e-06, 9.88623014564e-07, 1.17804472666e-06, 8.08929144114e-07, 7.57428324505e-07, 7.74250338509e-07, 7.99412418928e-07, 4.60103166233e-07, 3.76218423526e-07, 3.80368049946e-07, 1.53473862952e-07, 7.97771377847e-08, 1.10768873185e-07, 7.06824536678e-08, 2.59649830525e-08, 2.01779859488e-09],
        "max": [0.0116044171154, 0.113333910704, 0.0577220097184, 0.0316306650639, 0.106800295413, 0.0231567434967, 0.0246877297759, 0.0235068798065, 0.0139014273882, 0.0233281999826, 0.0157084465027, 0.0118212820962, 0.0121991783381, 0.0140015222132, 0.0106492340565, 0.00860808230937, 0.00914220884442, 0.007692896761, 0.00778707675636, 0.00413529062644, 0.00517220655456, 0.00518907001242, 0.00370408361778, 0.00455403793603, 0.00641393195838, 0.00407116534188, 0.00043742445996],
        "mean": [0.000784703996032, 0.0127756986767, 0.00379585870542, 0.00180125853512, 0.00360231893137, 0.00148211582564, 0.000643639359623, 0.00060630828375, 0.000807142117992, 0.000828133895993, 0.000478822155856, 0.000711965723895, 0.000619581434876, 0.000743900192901, 0.000700072676409, 0.000720607640687, 0.000871189287864, 0.000847927178256, 0.000695410650223, 0.000530257588252, 0.00069732934935, 0.00049281003885, 0.000281437591184, 0.000281325104879, 0.000218987988774, 0.00012584234355, 2.0334184228e-05],
        "median": [0.000125292543089, 0.00509458035231, 0.00199861242436, 0.000864320260007, 0.00123117037583, 0.00084925070405, 0.000374413095415, 0.000262603512965, 0.000399149517762, 0.000370652647689, 0.000268459873041, 0.000443284050561, 0.000322791340295, 0.000332766183419, 0.00044558668742, 0.000504485098645, 0.000608408474363, 0.000668847700581, 0.000602528860327, 0.000431677122833, 0.000602482759859, 0.000420169584686, 0.000174384244019, 0.000139956144267, 0.000107058949652, 5.80032501603e-05, 6.50349602438e-06],
        "min": [3.9910670296e-26, 1.93963265553e-24, 4.57332939294e-25, 3.18352854822e-25, 5.29543274684e-24, 4.67478183573e-24, 6.04390831245e-24, 6.93483125273e-24, 1.19667674967e-23, 1.04411862367e-23, 1.46020993456e-23, 1.77858094304e-23, 1.87401717758e-23, 2.23602576253e-23, 3.85268085632e-23, 5.6744197484e-23, 3.95817175419e-23, 7.50679784973e-23, 1.09393121397e-22, 1.33535622489e-22, 2.30525881459e-22, 2.89123024857e-22, 3.76665380756e-22, 5.81809126164e-22, 7.83182166932e-22, 1.22029214022e-21, 1.77659836519e-21],
        "var": [1.9256926862e-06, 0.000246362556936, 3.11532494379e-05, 7.89886234998e-06, 6.91477835062e-05, 4.24454310632e-06, 9.08144500045e-07, 1.16837725272e-06, 1.55615839503e-06, 2.41525594902e-06, 5.87792499118e-07, 7.92552441453e-07, 9.57681095315e-07, 1.3363396647e-06, 7.78393598466e-07, 6.91241609729e-07, 7.94443735685e-07, 6.58355645555e-07, 3.34916649081e-07, 2.10212121488e-07, 3.83781838309e-07, 1.98863503442e-07, 1.15162784198e-07, 1.81555463996e-07, 1.44081496956e-07, 3.70203778743e-08, 1.33304256522e-09]
    },
    "erbbands": {
        "dmean": [0.252651929855, 1.60912382603, 3.45826292038, 4.2872633934, 10.0347976685, 11.0934514999, 7.60181999207, 8.77940750122, 7.31079959869, 7.42243099213, 9.0931520462, 10.5787591934, 16.9486427307, 10.945933342, 12.9562654495, 18.1034450531, 15.548707962, 20.6380367279, 18.5383262634, 19.0347595215, 20.0725498199, 22.6234874725, 22.4305324554, 18.2783565521, 14.7037343979, 13.341301918, 13.257188797, 10.1288156509, 7.41206884384, 4.5239276886, 3.44671034813, 2.86866235733, 2.08202052116, 1.3498237133, 0.67305546999, 0.323271095753, 0.0997838824987, 0.0239768363535, 0.00221781269647, 3.86638675991e-05],
        "dmean2": [0.378585666418, 2.52034521103, 5.891269207, 7.50681877136, 16.7848033905, 18.0353851318, 12.7115697861, 14.5543546677, 12.1518554688, 12.4073619843, 14.991065979, 17.1353988647, 27.7118835449, 18.7880954742, 21.82670784, 30.6704311371, 25.826625824, 34.0096855164, 30.8161449432, 31.8874340057, 33.9851074219, 37.6401672363, 37.9092597961, 31.2972488403, 25.4611148834, 23.495092392, 22.7783966064, 16.5809574127, 12.1964826584, 7.2584028244, 5.46666908264, 4.5061378479, 3.14217996597, 2.12605190277, 1.01244401932, 0.515991330147, 0.151571929455, 0.0387693122029, 0.00377242290415, 6.15294484305e-05],
        "dvar": [0.198569446802, 7.60047721863, 41.4119262695, 63.100440979, 599.935791016, 785.138305664, 137.012115479, 245.920532227, 153.848693848, 179.813400269, 254.573257446, 348.466461182, 1013.62664795, 284.107025146, 658.559509277, 756.115539551, 721.249267578, 1239.49804688, 746.942199707, 750.415222168, 739.266235352, 899.844543457, 913.666992188, 565.202880859, 342.142913818, 344.481292725, 323.512786865, 175.991043091, 91.6888427734, 51.6840591431, 29.589012146, 25.3691940308, 15.4842615128, 6.45876502991, 1.83604562283, 0.364101529121, 0.0348430387676, 0.00189174478874, 2.16138669202e-05, 4.79703965439e-09],
        "dvar2": [0.37044724822, 19.4023990631, 113.107322693, 176.913986206, 1556.28149414, 1909.86169434, 353.624450684, 607.651916504, 364.74029541, 438.337799072, 623.444763184, 820.390380859, 2475.01489258, 787.671203613, 1814.98034668, 2025.2755127, 1794.39379883, 3151.71850586, 1867.19104004, 1907.09436035, 1986.24279785, 2357.76367188, 2443.00244141, 1575.81506348, 970.614562988, 981.997192383, 910.360046387, 446.154296875, 235.801513672, 125.057022095, 69.1200256348, 58.0578575134, 32.748210907, 13.8844871521, 3.29913163185, 0.820400059223, 0.0725786909461, 0.00436185114086, 5.45753828192e-05, 1.14256089034e-08],
        "max": [3.78015208244, 27.7290649414, 59.6082763672, 80.7188491821, 313.415802002, 282.05065918, 207.104415894, 296.229492188, 220.226867676, 350.026519775, 474.351745605, 374.474456787, 931.751403809, 228.52796936, 858.545654297, 524.713623047, 554.152954102, 757.223327637, 499.070892334, 476.014343262, 449.716918945, 549.777526855, 439.527801514, 367.63180542, 303.09274292, 189.870910645, 212.980224609, 222.038879395, 173.121505737, 203.961242676, 121.54108429, 139.588119507, 92.8281707764, 64.0609588623, 51.0343360901, 21.3048553467, 7.52259397507, 0.647960603237, 0.0615307874978, 0.000899825128727],
        "mean": [0.456884533167, 2.48373699188, 4.69369983673, 5.43640756607, 10.1951265335, 11.2147407532, 10.0542831421, 12.7505435944, 10.3287267685, 10.5098705292, 13.911067009, 18.5027046204, 30.6637020111, 17.9597663879, 22.0381660461, 29.5486831665, 28.8024406433, 39.4261207581, 35.4885978699, 38.3882904053, 41.050743103, 50.5469856262, 48.1131744385, 39.1615486145, 30.5107822418, 25.9616413116, 28.8019733429, 25.2004547119, 18.8749427795, 10.9880924225, 7.91115140915, 6.14157104492, 4.44016838074, 2.75329899788, 1.40508270264, 0.628623187542, 0.2066834867, 0.0471774712205, 0.00314055173658, 0.000102115343907],
        "median": [0.127215638757, 1.22978627682, 2.82531166077, 3.03637838364, 3.12936544418, 3.7431333065, 5.77288770676, 6.33036422729, 5.8171710968, 5.5295958519, 6.40314340591, 9.44850540161, 12.7188968658, 11.3141078949, 13.5519180298, 18.6952896118, 16.4488487244, 17.9107646942, 22.1979141235, 25.8792285919, 30.3632736206, 35.878326416, 37.1884117126, 33.5313148499, 26.5285491943, 21.1869564056, 24.7102890015, 21.4528522491, 16.1220569611, 8.1649312973, 4.86194992065, 3.16573286057, 2.20945000648, 1.34952771664, 0.670499622822, 0.295597523451, 0.0931698605418, 0.0207091756165, 0.000822764064651, 7.36228175811e-05],
        "min": [4.85736022126e-23, 2.39011929585e-22, 9.60944360994e-22, 4.69975791667e-21, 1.45639460942e-20, 1.25849205176e-20, 2.4693617647e-20, 4.55433334498e-20, 8.4349700863e-20, 8.3653822248e-20, 2.4049250089e-19, 3.4822235837e-19, 4.21134529505e-19, 4.77521286363e-19, 8.59440087756e-19, 9.72923839425e-19, 1.11011918864e-18, 1.42367937062e-18, 2.22248499983e-18, 2.82453165827e-18, 2.60668185663e-18, 3.22057622298e-18, 4.0543972347e-18, 5.29699829063e-18, 6.15270836251e-18, 6.47950426147e-18, 8.71989482643e-18, 9.31523077536e-18, 1.0629136868e-17, 9.24889833486e-18, 1.03048489807e-17, 9.50579085461e-18, 8.85914737383e-18, 8.30169133388e-18, 5.21527739561e-18, 4.13793544553e-18, 2.36689543194e-18, 9.07965552717e-19, 2.42736099055e-19, 2.62362335568e-20],
        "var": [0.428746640682, 9.97636032104, 38.8290367126, 54.4458427429, 514.494262695, 711.391479492, 181.284912109, 457.948150635, 252.390853882, 287.390411377, 526.23260498, 837.053710938, 3536.50708008, 470.019226074, 1342.09643555, 1332.4921875, 1790.04125977, 3607.70947266, 1864.62390137, 2140.82519531, 1808.84301758, 2561.56713867, 2226.34985352, 1122.43286133, 620.733825684, 518.047485352, 646.401916504, 536.830322266, 294.066986084, 137.658752441, 93.3529434204, 77.5330734253, 50.0114021301, 20.5137519836, 6.93890285492, 1.03272044659, 0.105254068971, 0.00486832764, 3.41514751199e-05, 1.04795052636e-08]
    },
    "gfcc": {
        "mean": [9.7199716568, 58.3227729797, -110.647911072, 42.8785820007, -45.0550765991, 16.0485248566, -31.3899345398, 12.4282035828, -24.0508327484, 5.83044242859, -17.3182735443, 5.19754266739, -11.1065130234],
        "cov": [[53185.2265625, 1330.91174316, -3782.56762695, 2276.19921875, -1664.21191406, 1205.34228516, -1279.19128418, 691.953918457, -1076.85998535, 402.09085083, -922.573486328, 475.194915771, -534.294311523], [1330.91174316, 1606.2175293, -487.385009766, -55.2824630737, -18.4885730743, -192.180160522, -16.5395965576, -49.7605705261, -12.1304616928, -147.566390991, 63.8561820984, -180.979721069, -24.3531742096], [-3782.56762695, -487.385009766, 1371.94445801, 169.558303833, 236.95223999, 153.883850098, 131.323074341, 19.0237598419, 45.9771575928, 26.2859306335, 64.1022567749, 51.6633033752, 27.0577774048], [2276.19921875, -55.2824630737, 169.558303833, 471.810424805, 34.3752861023, 157.984848022, 3.84323835373, 60.1907920837, -2.23221564293, 72.4644241333, -24.3892288208, 68.3633651733, 26.0379962921], [-1664.21191406, -18.4885730743, 236.95223999, 34.3752861023, 277.623596191, 57.8183555603, 129.552993774, 12.3404836655, 98.2888793945, 25.3266353607, 29.3007106781, 23.4683322906, 42.3723602295], [1205.34228516, -192.180160522, 153.883850098, 157.984848022, 57.8183555603, 246.197647095, 48.9115409851, 85.0918273926, -0.0707950443029, 49.1808395386, -18.7026004791, 66.9802474976, -12.3086576462], [-1279.19128418, -16.5395965576, 131.323074341, 3.84323835373, 129.552993774, 48.9115409851, 205.186141968, 47.9705467224, 78.1496124268, 23.1790599823, 45.6163978577, 38.7956695557, 39.7803535461], [691.953918457, -49.7605705261, 19.0237598419, 60.1907920837, 12.3404836655, 85.0918273926, 47.9705467224, 126.218742371, 36.4324417114, 42.3239517212, 9.0782327652, 46.7996406555, 0.875743567944], [-1076.85998535, -12.1304616928, 45.9771575928, -2.23221564293, 98.2888793945, -0.0707950443029, 78.1496124268, 36.4324417114, 127.93447876, 41.6741409302, 33.5599327087, 17.0307388306, 39.8128242493], [402.09085083, -147.566390991, 26.2859306335, 72.4644241333, 25.3266353607, 49.1808395386, 23.1790599823, 42.3239517212, 41.6741409302, 105.540565491, 21.3994598389, 54.4355545044, 17.7149429321], [-922.573486328, 63.8561820984, 64.1022567749, -24.3892288208, 29.3007106781, -18.7026004791, 45.6163978577, 9.0782327652, 33.5599327087, 21.3994598389, 103.101036072, 16.2300605774, 23.4495735168], [475.194915771, -180.979721069, 51.6633033752, 68.3633651733, 23.4683322906, 66.9802474976, 38.7956695557, 46.7996406555, 17.0307388306, 54.4355545044, 16.2300605774, 111.550682068, 29.872303009], [-534.294311523, -24.3531742096, 27.0577774048, 26.0379962921, 42.3723602295, -12.3086576462, 39.7803535461, 0.875743567944, 39.8128242493, 17.7149429321, 23.4495735168, 29.872303009, 73.0383682251]],
        "icov": [[0.000124467347632, -0.000219390523853, 0.000255433405982, -0.000384802144254, 0.000261767738266, -0.000365899672033, 0.000341036648024, -0.000361814221833, 0.00059686001623, -0.000524333037902, 0.000676557247061, -0.000587487535086, 0.000309873808874], [-0.000219390523853, 0.00156370725017, 7.40618052077e-05, 4.58056638308e-06, -0.000988286337815, 0.00120552524459, -0.000741413794458, 6.15510070929e-05, -0.000881602871232, 0.00243530818261, -0.00272643589415, 0.00254980451427, -0.00021062734595], [0.000255433405982, 7.40618052077e-05, 0.0017132536741, -0.00135518738534, -0.000409129512263, -0.00090874772286, 0.000517765409313, -0.000698958872817, 0.00151783891488, -0.000129072999698, 4.2212435801e-05, -0.000628634647001, 0.000999766052701], [-0.000384802144254, 4.58056638308e-06, -0.00135518738534, 0.00476711429656, -0.000582284876145, -0.000793632818386, -0.000288594164886, 0.000971224042587, -0.00112480856478, -0.000807252537925, -0.000325380649883, 0.00111577578355, -0.00320418202318], [0.000261767738266, -0.000988286337815, -0.000409129512263, -0.000582284876145, 0.00815610960126, -0.00284120091237, -0.00193270877935, 0.0021966220811, -0.00344861601479, -0.00126509100664, 0.00258893310092, -0.00160309602506, -0.000228524950217], [-0.000365899672033, 0.00120552524459, -0.00090874772286, -0.000793632818386, -0.00284120091237, 0.00989746488631, -0.00213567214087, -0.00313563481905, 0.000850247801282, 0.00111148809083, -0.000870901159942, -6.24001331744e-05, 0.00243400619365], [0.000341036648024, -0.000741413794458, 0.000517765409313, -0.000288594164886, -0.00193270877935, -0.00213567214087, 0.00998095422983, -0.00309348246083, -0.000420250842581, 8.43555753818e-05, -4.26955994044e-05, -0.00288550485857, -0.00107659481], [-0.000361814221833, 6.15510070929e-05, -0.000698958872817, 0.000971224042587, 0.0021966220811, -0.00313563481905, -0.00309348246083, 0.0154281128198, -0.00694398535416, 0.00012984375644, -0.00173180550337, -0.00191362795886, 0.00207587541081], [0.00059686001623, -0.000881602871232, 0.00151783891488, -0.00112480856478, -0.00344861601479, 0.000850247801282, -0.000420250842581, -0.00694398535416, 0.0201062168926, -0.00801150221378, 0.0024591893889, 0.000775928259827, -0.00375651777722], [-0.000524333037902, 0.00243530818261, -0.000129072999698, -0.000807252537925, -0.00126509100664, 0.00111148809083, 8.43555753818e-05, 0.00012984375644, -0.00801150221378, 0.0205871071666, -0.00733751151711, -0.00166067259852, 0.000594456447288], [0.000676557247061, -0.00272643589415, 4.2212435801e-05, -0.000325380649883, 0.00258893310092, -0.000870901159942, -4.26955994044e-05, -0.00173180550337, 0.0024591893889, -0.00733751151711, 0.0183718372136, -0.00571701675653, -0.000585244386457], [-0.000587487535086, 0.00254980451427, -0.000628634647001, 0.00111577578355, -0.00160309602506, -6.24001331744e-05, -0.00288550485857, -0.00191362795886, 0.000775928259827, -0.00166067259852, -0.00571701675653, 0.0210271365941, -0.0078829517588], [0.000309873808874, -0.00021062734595, 0.000999766052701, -0.00320418202318, -0.000228524950217, 0.00243400619365, -0.00107659481, 0.00207587541081, -0.00375651777722, 0.000594456447288, -0.000585244386457, -0.0078829517588, 0.0230796188116]]
    },
    "melbands": {
        "dmean": [0.00202508107759, 0.00177966139745, 0.000823652895633, 0.000870399759151, 0.000275807542494, 0.000191048515262, 0.000107271946035, 8.38886699057e-05, 7.33455017325e-05, 7.2127659223e-05, 8.5370054876e-05, 4.57740607089e-05, 4.08404521295e-05, 5.09430028615e-05, 3.90388158849e-05, 3.9651098632e-05, 4.19914504164e-05, 3.19876926369e-05, 2.93116499961e-05, 2.74567992165e-05, 2.51349883911e-05, 2.5618905056e-05, 2.57559404417e-05, 1.8320946765e-05, 1.59687679115e-05, 1.32341865537e-05, 9.70751352725e-06, 9.29427551455e-06, 8.69250470714e-06, 8.28557222121e-06, 5.92737842453e-06, 5.06928290633e-06, 3.24574307342e-06, 2.56259477283e-06, 2.22714720621e-06, 1.90750870388e-06, 1.79780215603e-06, 1.58082968937e-06, 1.40590429965e-06, 1.12265252028e-06],
        "dmean2": [0.00311479927041, 0.00284445448779, 0.00142918503843, 0.00143896369264, 0.000462925963802, 0.00031632030732, 0.000177403097041, 0.000140100426506, 0.000120431090181, 0.000117031544505, 0.00013985564874, 7.86352320574e-05, 6.86063576723e-05, 8.72061136761e-05, 6.53785609757e-05, 6.57567870803e-05, 6.95379349054e-05, 5.33214151801e-05, 4.92974177178e-05, 4.64066761197e-05, 4.28846105933e-05, 4.29608444392e-05, 4.30479485658e-05, 3.14331555273e-05, 2.73102923529e-05, 2.29088545893e-05, 1.68885162566e-05, 1.63617205544e-05, 1.50217529153e-05, 1.40794099934e-05, 9.7029387689e-06, 8.43846737553e-06, 5.31929981662e-06, 4.13670386479e-06, 3.58663282896e-06, 3.0704306937e-06, 2.83993540506e-06, 2.43053409577e-06, 2.18886293624e-06, 1.79073924755e-06],
        "dvar": [1.2252925444e-05, 8.62068736751e-06, 2.03797230824e-06, 5.59455475013e-06, 2.0519614452e-07, 1.05315479004e-07, 3.14077688301e-08, 2.44863720411e-08, 1.74110272866e-08, 1.60971804775e-08, 2.53869387734e-08, 5.1693405112e-09, 5.33969179983e-09, 6.4790275367e-09, 3.75248765394e-09, 5.54849277634e-09, 5.69984681675e-09, 2.37000774561e-09, 2.12666528832e-09, 1.6625003596e-09, 1.18096898927e-09, 1.2602995314e-09, 1.17861664872e-09, 6.72517819211e-10, 4.26930574227e-10, 2.71706546151e-10, 1.57161561543e-10, 1.64116040202e-10, 1.26002416834e-10, 1.16640169745e-10, 6.40127464924e-11, 4.43569868336e-11, 1.99797661055e-11, 1.80848391818e-11, 1.28129668334e-11, 9.55073346798e-12, 1.1031785728e-11, 9.59984956111e-12, 7.65192163105e-12, 4.77621674849e-12],
        "dvar2": [2.55695686064e-05, 2.26886422752e-05, 5.57759494768e-06, 1.3905497326e-05, 5.40230303159e-07, 2.61751608832e-07, 7.44519681461e-08, 6.07712422607e-08, 4.26872972525e-08, 3.83826801453e-08, 6.21361166964e-08, 1.437613939e-08, 1.44552974035e-08, 1.77650427702e-08, 9.69017488472e-09, 1.3867753168e-08, 1.44952769787e-08, 5.90948401324e-09, 5.48900791486e-09, 4.37928182606e-09, 3.16884496421e-09, 3.33101546346e-09, 3.12285952653e-09, 1.83969772749e-09, 1.19502863161e-09, 7.66658181384e-10, 4.46222808703e-10, 4.67367200496e-10, 3.5336647497e-10, 3.19926363179e-10, 1.63559041311e-10, 1.15616363705e-10, 5.191974628e-11, 4.37872516024e-11, 3.11061974789e-11, 2.22650925474e-11, 2.5944290119e-11, 2.17405590058e-11, 1.66586328065e-11, 1.05787783047e-11],
        "max": [0.0279205795377, 0.0268732514232, 0.0132707897574, 0.0286608375609, 0.0055090286769, 0.00569239677861, 0.00354491523467, 0.00383186177351, 0.00310282269493, 0.00250683259219, 0.00462283939123, 0.00102241337299, 0.00222262041643, 0.00151011149865, 0.00125763099641, 0.00165579514578, 0.00170832290314, 0.000863607798237, 0.00100010214373, 0.000774640939198, 0.000641999940854, 0.000661174708512, 0.000655263662338, 0.000380281067919, 0.000332308671204, 0.000329926231643, 0.000200696973479, 0.000150759442477, 0.000118604912132, 0.000131624998176, 0.000164786426467, 0.00011667846411, 0.000122025689052, 9.59756071097e-05, 8.26446412248e-05, 6.66149862809e-05, 9.72228517639e-05, 5.49936885363e-05, 7.4800766015e-05, 6.0215828853e-05],
        "mean": [0.0037530218251, 0.00277338386513, 0.00106013740879, 0.000859701249283, 0.000358926830813, 0.000283705536276, 0.000152978973347, 0.000118541458505, 0.000110751585453, 0.000123202378745, 0.000151416286826, 6.93930269335e-05, 6.70035951771e-05, 7.95238811406e-05, 6.52515736874e-05, 6.64959297865e-05, 7.48390593799e-05, 5.5821314163e-05, 5.2715477068e-05, 5.10385434609e-05, 4.67300524178e-05, 5.16916989e-05, 5.21850597579e-05, 3.53102004738e-05, 3.15579309245e-05, 2.5282623028e-05, 1.82367275556e-05, 1.65512046806e-05, 1.73777189048e-05, 1.74382366822e-05, 1.36828002724e-05, 1.16671271826e-05, 7.54937809688e-06, 5.47231911696e-06, 4.69529049951e-06, 3.92781112168e-06, 3.64993570656e-06, 3.17814624395e-06, 2.73264504358e-06, 2.17433603211e-06],
        "median": [0.00126342184376, 0.00181372638326, 0.000586644920986, 0.000242266309215, 0.000202915223781, 0.000148162231199, 8.7891901785e-05, 5.81247913942e-05, 4.91435421281e-05, 6.027676136e-05, 6.17450932623e-05, 4.29151987191e-05, 3.94769303966e-05, 4.95550193591e-05, 3.91341200157e-05, 3.25674482156e-05, 3.0318964491e-05, 3.2199332054e-05, 3.39879698004e-05, 3.3913009247e-05, 3.37969649991e-05, 3.44341096934e-05, 3.74917399313e-05, 2.73171172012e-05, 2.57833835349e-05, 2.12202558032e-05, 1.49087572936e-05, 1.30192584038e-05, 1.4492331502e-05, 1.4301696865e-05, 1.11211884359e-05, 9.58395685302e-06, 6.08206801189e-06, 3.57619774149e-06, 2.8202134672e-06, 2.18775562644e-06, 1.79367532382e-06, 1.58416844442e-06, 1.28386977849e-06, 1.06320840132e-06],
        "min": [1.03509397602e-24, 3.49209075174e-25, 1.10657424037e-24, 1.26329980021e-24, 8.77391806386e-25, 1.19383576573e-24, 1.26957489288e-24, 8.43832578794e-25, 1.50239703248e-24, 1.77657964237e-24, 1.85454335728e-24, 1.6827162387e-24, 2.5334356718e-24, 3.02815598345e-24, 2.27351744202e-24, 1.91028190226e-24, 1.96533177167e-24, 3.18332610679e-24, 2.87986176896e-24, 3.00683603141e-24, 2.40340536221e-24, 2.19387010072e-24, 3.27435493602e-24, 3.02529320722e-24, 3.74998086945e-24, 3.62428337838e-24, 2.8968893316e-24, 3.21254235928e-24, 5.00848301484e-24, 4.65823113951e-24, 4.03349392891e-24, 4.78792973309e-24, 5.22561619015e-24, 4.41795396854e-24, 4.39046492701e-24, 4.84440467972e-24, 4.69346442855e-24, 5.18920907608e-24, 5.1743181432e-24, 5.88727997972e-24],
        "var": [2.38274915318e-05, 1.0119966646e-05, 1.89741717804e-06, 4.80227254229e-06, 2.39521682488e-07, 1.98521846073e-07, 5.20530889503e-08, 4.13821865664e-08, 3.69978785386e-08, 3.88983814048e-08, 8.82440005512e-08, 7.67445840211e-09, 1.14765006387e-08, 1.07294262364e-08, 7.74202124632e-09, 1.33496076415e-08, 1.60886521883e-08, 5.4389963644e-09, 4.71465400054e-09, 4.14650269676e-09, 2.45528086751e-09, 3.15703418963e-09, 2.92908142185e-09, 1.23043319977e-09, 8.1222395476e-10, 4.75167794001e-10, 2.51532267237e-10, 2.36689695621e-10, 2.41623832054e-10, 2.65539451538e-10, 1.7193524382e-10, 1.20907422962e-10, 5.30861153647e-11, 4.33576403946e-11, 3.47788256527e-11, 2.76462585463e-11, 3.03572479654e-11, 2.60026358084e-11, 2.19625342218e-11, 1.34763172843e-11]
    },
    "mfcc": {
        "mean": [-609.753112793, 88.2930755615, -4.73199224472, 30.7126140594, 8.7103767395, 9.5926361084, 5.3651471138, 6.68710327148, 3.76670265198, 0.28703981638, 0.849732041359, 1.70611083508, -1.38303387165],
        "cov": [[14140.3408203, 810.473022461, 217.400939941, 721.435546875, 348.837127686, 538.168823242, 203.66192627, 285.841766357, 245.710845947, -26.8546123505, 87.9054336548, 59.8990516663, -81.2146224976], [810.473022461, 1544.04162598, -273.930664062, 79.0774688721, -20.5271282196, -136.45892334, 3.67241287231, -9.83143234253, -77.4259185791, 5.85435819626, -16.6377124786, -15.7808933258, -2.60962295532], [217.400939941, -273.930664062, 730.502197266, 162.745254517, 126.433326721, 105.509246826, 89.8718948364, 50.7614822388, -15.6468677521, 8.24566936493, -15.8126935959, 14.7685661316, 32.0819015503], [721.435546875, 79.0774688721, 162.745254517, 304.246520996, 92.5226745605, 95.7070922852, 39.339263916, 23.1906642914, 59.7316017151, 8.94391155243, 6.10609102249, 19.1449623108, 32.3223457336], [348.837127686, -20.5271282196, 126.433326721, 92.5226745605, 166.788711548, 86.3293380737, 22.2321300507, 27.7764949799, 30.8349895477, 24.1629199982, 7.48584651947, 13.0446958542, 8.24144554138], [538.168823242, -136.45892334, 105.509246826, 95.7070922852, 86.3293380737, 183.668151855, 62.4302024841, 51.7791213989, 68.1128997803, 7.05795431137, 29.4692058563, 23.0518531799, 0.380904793739], [203.66192627, 3.67241287231, 89.8718948364, 39.339263916, 22.2321300507, 62.4302024841, 116.262542725, 62.0357627869, 17.3166885376, 8.51241111755, 24.1657600403, 23.6557979584, 13.9313793182], [285.841766357, -9.83143234253, 50.7614822388, 23.1906642914, 27.7764949799, 51.7791213989, 62.0357627869, 125.02293396, 54.305683136, 11.44394207, 33.436920166, 31.6273422241, 7.43627643585], [245.710845947, -77.4259185791, -15.6468677521, 59.7316017151, 30.8349895477, 68.1128997803, 17.3166885376, 54.305683136, 123.179023743, 28.9270515442, 29.7487926483, 18.7756671906, 9.55842971802], [-26.8546123505, 5.85435819626, 8.24566936493, 8.94391155243, 24.1629199982, 7.05795431137, 8.51241111755, 11.44394207, 28.9270515442, 71.8240661621, 26.8743534088, 7.54747629166, 9.21022033691], [87.9054336548, -16.6377124786, -15.8126935959, 6.10609102249, 7.48584651947, 29.4692058563, 24.1657600403, 33.436920166, 29.7487926483, 26.8743534088, 71.2611160278, 37.4702606201, 9.15380096436], [59.8990516663, -15.7808933258, 14.7685661316, 19.1449623108, 13.0446958542, 23.0518531799, 23.6557979584, 31.6273422241, 18.7756671906, 7.54747629166, 37.4702606201, 68.0691146851, 31.8233699799], [-81.2146224976, -2.60962295532, 32.0819015503, 32.3223457336, 8.24144554138, 0.380904793739, 13.9313793182, 7.43627643585, 9.55842971802, 9.21022033691, 9.15380096436, 31.8233699799, 64.1303482056]],
