{
"lowlevel": {
    "average_loudness": 0.948614358902,
    "barkbands_crest": {
        "dmean": 3.37733530998,
        "dmean2": 4.57971286774,
        "dvar": 9.98878288269,
        "dvar2": 19.313533783,
        "max": 26.5320682526,
        "mean": 11.2713251114,
        "median": 10.4487609863,
        "min": 1.84063887596,
        "var": 37.3773193359
    },
    "barkbands_flatness_db": {
        "dmean": 0.030988831073,
        "dmean2": 0.0436883829534,
        "dvar": 0.00142806512304,
        "dvar2": 0.00245651626028,
        "max": 0.431753993034,
        "mean": 0.108805045485,
        "median": 0.0879950895905,
        "min": 0.0144277494401,
        "var": 0.00495074130595
    },
    "barkbands_kurtosis": {
        "dmean": 9.78476524353,
        "dmean2": 11.8546962738,
        "dvar": 965.822937012,
        "dvar2": 1357.98352051,
        "max": 694.602111816,
        "mean": 11.4514904022,
        "median": 0.196218729019,
        "min": -1.88705503941,
        "var": 2020.46533203
    },
    "barkbands_skewness": {
        "dmean": 1.04458284378,
        "dmean2": 1.35271573067,
        "dvar": 2.35912680626,
        "dvar2": 3.28210163116,
        "max": 24.8826637268,
        "mean": 1.67866826057,
        "median": 0.935852646828,
        "min": -5.15304708481,
        "var": 8.40364837646
    },
    "barkbands_spread": {
        "dmean": 10.6922798157,
        "dmean2": 16.7149600983,
        "dvar": 141.689849854,
        "dvar2": 320.622344971,
        "max": 112.669998169,
        "mean": 35.4456253052,
        "median": 32.9357566833,
        "min": 0.394225478172,
        "var": 418.825500488
    },
    "dissonance": {
        "dmean": 0.00728659657761,
        "dmean2": 0.0127105470747,
        "dvar": 8.72788368724e-05,
        "dvar2": 0.000245557952439,
        "max": 0.500000059605,
        "mean": 0.490396797657,
        "median": 0.493241935968,
        "min": 0.246656686068,
        "var": 0.000101926998468
    },
    "dynamic_complexity": 3.05482959747,
    "erbbands_crest": {
        "dmean": 1.81432712078,
        "dmean2": 3.05765366554,
        "dvar": 4.32481241226,
        "dvar2": 10.8167333603,
        "max": 26.8923435211,
        "mean": 6.04372739792,
        "median": 5.0443239212,
        "min": 2.15270018578,
        "var": 9.88069820404
    },
    "erbbands_flatness_db": {
        "dmean": 0.0154854124412,
        "dmean2": 0.0219289641827,
        "dvar": 0.000249059492489,
        "dvar2": 0.000456082168967,
        "max": 0.392890334129,
        "mean": 0.126443147659,
        "median": 0.115378700197,
        "min": 0.0442160181701,
        "var": 0.00212208344601
    },
    "erbbands_kurtosis": {
        "dmean": 0.750515043736,
        "dmean2": 1.19644415379,
        "dvar": 0.733111798763,
        "dvar2": 1.80525064468,
        "max": 16.5716362,
        "mean": 0.436871290207,
        "median": 0.200397968292,
        "min": -1.80405831337,
        "var": 2.08723664284
    },
    "erbbands_skewness": {
        "dmean": 0.348106980324,
        "dmean2": 0.531207203865,
        "dvar": 0.114786185324,
        "dvar2": 0.269779443741,
        "max": 2.75892186165,
        "mean": -0.191692441702,
        "median": -0.241784617305,
        "min": -2.6185324192,
        "var": 0.376570641994
    },
    "erbbands_spread": {
        "dmean": 10.5522623062,
        "dmean2": 15.6589870453,
        "dvar": 206.643157959,
        "dvar2": 448.41015625,
        "max": 146.600723267,
        "mean": 40.7087287903,
        "median": 35.4375686646,
        "min": 4.32339048386,
        "var": 474.22253418
    },
    "hfc": {
        "dmean": 20.7663230896,
        "dmean2": 34.8994178772,
        "dvar": 1247.34802246,
        "dvar2": 3305.9128418,
        "max": 293.841705322,
        "mean": 35.9123420715,
        "median": 24.3269882202,
        "min": 1.08116966219e-16,
        "var": 1401.44116211
    },
    "melbands_crest": {
        "dmean": 4.79076766968,
        "dmean2": 7.3572063446,
        "dvar": 25.866941452,
        "dvar2": 49.8887672424,
        "max": 37.62134552,
        "mean": 19.0158882141,
        "median": 19.7637729645,
        "min": 1.71621835232,
        "var": 91.0063247681
    },
    "melbands_flatness_db": {
        "dmean": 0.0420981608331,
        "dmean2": 0.059923261404,
        "dvar": 0.00256860209629,
        "dvar2": 0.0049049006775,
        "max": 0.556903779507,
        "mean": 0.161660507321,
        "median": 0.142950758338,
        "min": 0.00315702031367,
        "var": 0.00880274735391
    },
    "melbands_kurtosis": {
        "dmean": 27.1335296631,
        "dmean2": 37.823387146,
        "dvar": 5187.76220703,
        "dvar2": 8566.58398438,
        "max": 1424.75427246,
        "mean": 40.0926055908,
        "median": 5.71541500092,
        "min": -1.7553948164,
        "var": 12199.2910156
    },
    "melbands_skewness": {
        "dmean": 1.53457307816,
        "dmean2": 2.18604230881,
        "dvar": 5.57972097397,
        "dvar2": 9.71562480927,
        "max": 32.4198722839,
        "mean": 3.64961004257,
        "median": 2.39186096191,
        "min": -2.14553046227,
        "var": 17.4006786346
    },
    "melbands_spread": {
        "dmean": 15.5877723694,
        "dmean2": 24.9312648773,
        "dvar": 354.567871094,
        "dvar2": 831.301513672,
        "max": 223.729660034,
        "mean": 39.1515960693,
        "median": 34.5292510986,
        "min": 0.355289727449,
        "var": 880.281494141
    },
    "pitch_salience": {
        "dmean": 0.106342181563,
        "dmean2": 0.15582627058,
        "dvar": 0.0147689729929,
        "dvar2": 0.0277721211314,
        "max": 0.979326605797,
        "mean": 0.510226011276,
        "median": 0.545912563801,
        "min": 0.0271990001202,
        "var": 0.0454989075661
    },
    "silence_rate_20dB": {
        "dmean": 0,
        "dmean2": 0,
        "dvar": 0,
        "dvar2": 0,
        "max": 1,
        "mean": 1,
        "median": 1,
        "min": 1,
        "var": 0
    },
    "silence_rate_30dB": {
        "dmean": 0.0620340779424,
        "dmean2": 0.124084673822,
        "dvar": 0.058183748275,
        "dvar2": 0.115607500076,
        "max": 1,
        "mean": 0.914548099041,
        "median": 1,
        "min": 0,
        "var": 0.0781506448984
    },
    "silence_rate_60dB": {
        "dmean": 0.0314164012671,
        "dmean2": 0.0628411695361,
        "dvar": 0.0304310396314,
        "dvar2": 0.0676738917828,
        "max": 1,
        "mean": 0.0774657279253,
        "median": 0,
        "min": 0,
        "var": 0.071468770504
    },
    "spectral_centroid": {
        "dmean": 407.232452393,
        "dmean2": 628.10723877,
        "dvar": 229719.03125,
        "dvar2": 556764.5625,
        "max": 11724.3818359,
        "mean": 2408.84643555,
        "median": 2438.19946289,
        "min": 173.322738647,
        "var": 1272046.875
    },
    "spectral_complexity": {
        "dmean": 6.60969114304,
        "dmean2": 10.0564508438,
        "dvar": 53.9334068298,
        "dvar2": 105.578132629,
        "max": 76,
        "mean": 28.8788757324,
        "median": 31,
        "min": 0,
        "var": 265.982452393
    },
    "spectral_decrease": {
        "dmean": 3.73937814047e-09,
        "dmean2": 4.85848206111e-09,
        "dvar": 2.70274730425e-17,
        "dvar2": 3.7678027271e-17,
        "max": 1.95865992009e-28,
        "mean": -9.62882307221e-09,
        "median": -6.36028829604e-09,
        "min": -5.06305717352e-08,
        "var": 1.017377361e-16
    },
    "spectral_energy": {
        "dmean": 0.0150163518265,
        "dmean2": 0.0199299193919,
        "dvar": 0.000391411187593,
        "dvar2": 0.00055155454902,
        "max": 0.192355066538,
        "mean": 0.0395988337696,
        "median": 0.0278150122613,
        "min": 1.01637483244e-20,
        "var": 0.00150313647464
    },
    "spectral_energyband_high": {
        "dmean": 0.00182392296847,
        "dmean2": 0.00300984410569,
        "dvar": 9.86769919109e-06,
        "dvar2": 2.57443116425e-05,
        "max": 0.0275769885629,
        "mean": 0.00270229508169,
        "median": 0.00148169288877,
        "min": 7.19767171045e-21,
        "var": 1.17976369438e-05
    },
    "spectral_energyband_low": {
        "dmean": 0.0130182011053,
        "dmean2": 0.0160697214305,
        "dvar": 0.000432983302744,
        "dvar2": 0.000578739331104,
        "max": 0.191465139389,
        "mean": 0.0270596127957,
        "median": 0.0130746057257,
        "min": 1.9303816048e-23,
        "var": 0.00144306500442
    },
    "spectral_energyband_middle_high": {
        "dmean": 0.00341102713719,
        "dmean2": 0.00592444697395,
        "dvar": 3.34505348292e-05,
        "dvar2": 9.55848372541e-05,
        "max": 0.0429285615683,
        "mean": 0.00648199720308,
        "median": 0.00506705557927,
        "min": 1.12781179273e-21,
        "var": 3.64940278814e-05
    },
    "spectral_energyband_middle_low": {
        "dmean": 0.00422590551898,
        "dmean2": 0.00752502586693,
        "dvar": 0.000105034014268,
        "dvar2": 0.000286589289317,
        "max": 0.0827173963189,
        "mean": 0.0043313219212,
        "median": 0.00186776998453,
        "min": 1.83403912686e-22,
        "var": 7.13246627129e-05
    },
    "spectral_entropy": {
        "dmean": 0.131934642792,
        "dmean2": 0.200368002057,
        "dvar": 0.0253858491778,
        "dvar2": 0.0617643147707,
        "max": 9.82373523712,
        "mean": 8.16131019592,
        "median": 8.19903945923,
        "min": 6.73228979111,
        "var": 0.103838853538
    },
    "spectral_flux": {
        "dmean": 0.0363282337785,
        "dmean2": 0.0511497594416,
        "dvar": 0.00171891995706,
        "dvar2": 0.00252482038923,
        "max": 0.372008502483,
        "mean": 0.112305998802,
        "median": 0.0910807773471,
        "min": 6.32009514168e-11,
        "var": 0.0060023185797
    },
    "spectral_kurtosis": {
        "dmean": 0.875532090664,
        "dmean2": 1.42865657806,
        "dvar": 1.76092910767,
        "dvar2": 4.90083837509,
        "max": 28.367767334,
        "mean": 2.96583199501,
        "median": 2.69504022598,
        "min": -1.2543913126,
        "var": 3.11079382896
    },
    "spectral_rms": {
        "dmean": 0.00110355310608,
        "dmean2": 0.00147539773025,
        "dvar": 1.6343083189e-06,
        "dvar2": 2.23727442972e-06,
        "max": 0.0136990323663,
        "mean": 0.00548269227147,
        "median": 0.00520927971229,
        "min": 3.1489446467e-12,
        "var": 8.57312352309e-06
    },
    "spectral_rolloff": {
        "dmean": 1161.88757324,
        "dmean2": 1842.9642334,
        "dvar": 2473415,
        "dvar2": 5058440.5,
        "max": 19336.8164062,
        "mean": 2764.58740234,
        "median": 2196.38671875,
        "min": 43.06640625,
        "var": 8376296.5
    },
    "spectral_skewness": {
        "dmean": 0.140908867121,
        "dmean2": 0.225107908249,
        "dvar": 0.0259039290249,
        "dvar2": 0.0660277605057,
        "max": 3.81813693047,
        "mean": 1.27162837982,
        "median": 1.26428258419,
        "min": -0.103464797139,
        "var": 0.0797431096435
    },
    "spectral_spread": {
        "dmean": 690707.4375,
        "dmean2": 970770.5,
        "dvar": 721127669760,
        "dvar2": 1.37996979405e+12,
        "max": 43077736,
        "mean": 5618390,
        "median": 5213335,
        "min": 1531971.5,
        "var": 1.43207044219e+13
    },
    "spectral_strongpeak": {
        "dmean": 0.273957967758,
        "dmean2": 0.451299965382,
        "dvar": 0.402711510658,
        "dvar2": 1.10861837864,
        "max": 11.9414672852,
        "mean": 0.461177945137,
        "median": 0.256288915873,
        "min": 0,
        "var": 0.421832621098
    },
    "zerocrossingrate": {
        "dmean": 0.0203575976193,
        "dmean2": 0.0228893458843,
        "dvar": 0.000480760325445,
        "dvar2": 0.000571369368117,
        "max": 0.83447265625,
        "mean": 0.0919795632362,
        "median": 0.07861328125,
        "min": 0.001953125,
        "var": 0.00494282506406
    },
    "barkbands": {
        "dmean": [0.00184949743561, 0.0118494378403, 0.00412207609043, 0.00240791263059, 0.00116497487761, 0.000319384242175, 0.000268651172519, 0.000425787060522, 0.000437855429482, 0.000381613266654, 0.000395643612137, 0.000449430255685, 0.000410188105889, 0.00044091406744, 0.000409358850447, 0.000615932513028, 0.000501338450704, 0.000487340148538, 0.000407687126426, 0.000379385426641, 0.000352211180143, 0.000317658646964, 0.000348094356013, 0.00025518189068, 0.000316111458233, 0.000190163249499, 2.76250302704e-05],
        "dmean2": [0.00260120653547, 0.0134336967021, 0.00737491482869, 0.0045092930086, 0.00215879851021, 0.000564504356589, 0.000466074154247, 0.00075801712228, 0.000760369119234, 0.000646065338515, 0.00066452746978, 0.000771536491811, 0.000676804280374, 0.000780029280577, 0.000716270995326, 0.00111874507274, 0.000900461047422, 0.000864007684868, 0.000710437481757, 0.000659653916955, 0.000609776179772, 0.00054444919806, 0.000587051559705, 0.000418537558289, 0.00050764210755, 0.000299699720927, 4.65925586468e-05],
        "dvar": [1.60088929988e-05, 0.000434250221588, 0.000125258171465, 5.20537541888e-05, 1.32468603624e-05, 7.1293311521e-07, 2.94827259495e-07, 7.50876949951e-07, 5.42518876046e-07, 3.42260165098e-07, 3.87930896295e-07, 4.57849523627e-07, 3.59519901849e-07, 5.99625025188e-07, 4.51098514986e-07, 1.54602389557e-06, 8.85750239377e-07, 7.04520232375e-07, 4.5839291829e-07, 3.72024800299e-07, 3.20753031247e-07, 2.7159109095e-07, 4.1153069219e-07, 2.05908804674e-07, 4.54591685184e-07, 1.72897927087e-07, 3.62649443808e-09],
        "dvar2": [2.78709958366e-05, 0.000495930667967, 0.000346559361788, 0.000148751831148, 3.79803677788e-05, 2.01082593776e-06, 7.78348521635e-07, 2.07634684557e-06, 1.45988872191e-06, 9.16391172723e-07, 1.01861201074e-06, 1.26955478663e-06, 9.15667726531e-07, 1.70571252056e-06, 1.25531653339e-06, 4.50993866252e-06, 2.51181677413e-06, 1.99011856239e-06, 1.26887948682e-06, 1.036795652e-06, 8.90665262432e-07, 7.55657993068e-07, 1.08301082946e-06, 5.15986357641e-07, 1.11913891487e-06, 4.08792232065e-07, 8.99540353316e-09],
        "max": [0.0308931916952, 0.186579167843, 0.0913873165846, 0.0483333691955, 0.0391958989203, 0.0159758850932, 0.0132545866072, 0.00747580174357, 0.0103744538501, 0.0104358093813, 0.0113956322894, 0.01271441672, 0.00950241275132, 0.0107005899772, 0.00744061451405, 0.0102421306074, 0.0109582683071, 0.0115460567176, 0.00818968657404, 0.00490319496021, 0.00583749590442, 0.00640501035377, 0.00556303234771, 0.00525650568306, 0.00682349316776, 0.00385709339753, 0.000689040345605],
        "mean": [0.00255612144247, 0.0199885256588, 0.00363468681462, 0.00164659146685, 0.000883854518179, 0.000339993537636, 0.000293767167022, 0.000451076077297, 0.000552264624275, 0.000562667672057, 0.000603962223977, 0.000665557628963, 0.000649125606287, 0.000568805204239, 0.000553343095817, 0.000757452857215, 0.000636362819932, 0.000671362737194, 0.000597755250055, 0.000557230727281, 0.000533477519639, 0.000462420575786, 0.000452923268313, 0.000351688911906, 0.00038031899021, 0.000220993126277, 2.64919217443e-05],
        "median": [0.000383492500987, 0.00753049645573, 0.000753816915676, 0.000232988619246, 0.000194183987333, 0.000118314703286, 0.000122873520013, 0.0001747685601, 0.00027708869311, 0.000333001866238, 0.000321271538269, 0.000392756512156, 0.0003576115123, 0.000323271524394, 0.000342011015164, 0.000368225766579, 0.000373708171537, 0.000407345622079, 0.000391654844861, 0.000344585889252, 0.00032265111804, 0.000264438887825, 0.000212249477045, 0.00016704054724, 0.000125917911646, 6.51564332657e-05, 3.50464756593e-06],
        "min": [1.78593375777e-25, 4.441504622e-24, 2.61784063322e-24, 1.1469222077e-24, 4.51308941042e-24, 3.08764220937e-24, 5.36212501992e-24, 5.13481829995e-24, 1.29202881275e-23, 1.68455834724e-23, 9.57572851527e-24, 2.00210120955e-23, 3.54236821975e-23, 3.91697238901e-23, 6.33074444847e-23, 4.10126039388e-23, 7.38926893445e-23, 8.58644613748e-23, 1.2357632298e-22, 1.75326822675e-22, 2.37429461987e-22, 3.31848034407e-22, 3.8267099776e-22, 6.36431470829e-22, 6.86733432575e-22, 1.28994656391e-21, 2.05023682041e-21],
        "var": [2.31458234339e-05, 0.00114145874977, 8.7425672973e-05, 2.98272098007e-05, 8.0110376075e-06, 5.21377671703e-07, 2.86795796001e-07, 6.69454436775e-07, 6.19324339368e-07, 5.22532786817e-07, 6.86227565438e-07, 6.77267735227e-07, 6.45782222364e-07, 5.95261326453e-07, 4.7047998919e-07, 1.68998064964e-06, 7.44646285966e-07, 7.02034583355e-07, 5.06878564011e-07, 4.18672641445e-07, 3.92392792037e-07, 3.20355866279e-07, 4.36634167045e-07, 2.47792740993e-07, 4.87204943056e-07, 1.87646762129e-07, 3.70713881814e-09]
    },
    "erbbands": {
        "dmean": [0.569646716118, 2.33040809631, 4.23117399216, 7.14111661911, 5.8611779213, 3.32212138176, 2.3306183815, 2.7240896225, 3.4813785553, 5.81477165222, 9.89715862274, 10.1331615448, 10.5934181213, 13.17619133, 15.32396698, 17.492023468, 18.9874362946, 20.2905044556, 22.2881793976, 27.0735988617, 28.9459705353, 27.854341507, 25.8298358917, 24.8822193146, 20.0579586029, 16.1386508942, 15.4620437622, 12.8788747787, 11.4382219315, 10.6789083481, 10.1419906616, 5.25969028473, 4.52667045593, 4.1687207222, 1.99854314327, 0.94424444437, 0.330701649189, 0.0646311566234, 0.00452553993091, 8.94917393452e-05],
        "dmean2": [0.674911558628, 3.01526689529, 6.80195665359, 13.2883148193, 10.8924064636, 6.13925981522, 4.14477729797, 4.81054544449, 6.05368995667, 10.1485147476, 17.8321075439, 17.5834579468, 17.9901771545, 21.6870155334, 25.6184577942, 30.1521587372, 31.5994434357, 35.1964035034, 39.1757240295, 48.6470603943, 52.4582443237, 50.0739364624, 45.8076438904, 43.9808235168, 35.1425666809, 27.8836040497, 26.9337463379, 21.9748306274, 19.7412757874, 18.027256012, 17.1881694794, 8.58176040649, 7.48373699188, 6.91597270966, 3.17489504814, 1.49055600166, 0.518326878548, 0.105562768877, 0.00767647661269, 0.000144228397403],
        "dvar": [1.14106965065, 21.4091243744, 99.2810897827, 457.347381592, 300.649597168, 107.953865051, 46.3641242981, 48.2106552124, 55.5657234192, 120.904144287, 424.64831543, 312.796569824, 284.89364624, 501.020141602, 523.353820801, 664.188476562, 771.903076172, 1204.45202637, 1329.14599609, 2718.52392578, 3157.86303711, 2818.62402344, 1905.26977539, 1856.3494873, 1084.14001465, 607.013793945, 611.695495605, 427.968475342, 384.644470215, 300.669891357, 368.510162354, 71.220375061, 74.5701522827, 102.821350098, 15.2480697632, 3.76364946365, 0.568233072758, 0.0190483517945, 0.000111719120468, 3.21973772088e-08],
        "dvar2": [1.42899382114, 33.8631057739, 252.015533447, 1305.22912598, 856.334716797, 311.118560791, 132.531600952, 134.714614868, 151.066436768, 315.987060547, 1194.47143555, 834.71295166, 757.073852539, 1366.96643066, 1363.93981934, 1869.01220703, 1946.58874512, 3346.59960938, 3727.21240234, 7877.98486328, 9073.12109375, 8021.26123047, 5395.21142578, 5200.18945312, 3015.78759766, 1648.57067871, 1705.00500488, 1179.48803711, 1084.77770996, 808.901916504, 970.331970215, 174.176376343, 189.227203369, 261.52947998, 37.2417869568, 8.74448013306, 1.34104239941, 0.0478662475944, 0.000283891480649, 8.03250799208e-08],
        "max": [9.23334789276, 38.7007102966, 75.8800582886, 149.441390991, 207.444152832, 128.516418457, 96.518661499, 126.24634552, 144.191650391, 199.602584839, 163.511688232, 257.287078857, 231.271118164, 496.075500488, 479.271881104, 393.627105713, 430.07321167, 575.595275879, 326.086761475, 644.492370605, 490.108459473, 547.444824219, 422.441192627, 459.960388184, 395.848999023, 237.324462891, 198.142242432, 218.026550293, 310.130859375, 160.64630127, 182.941207886, 84.8850860596, 104.232467651, 105.4295578, 38.952960968, 18.6967144012, 8.08174705505, 1.49978756905, 0.117483541369, 0.00183136807755],
        "mean": [0.875444889069, 3.2429599762, 4.51679754257, 5.3475484848, 4.19438695908, 2.55996751785, 2.23887443542, 2.95683932304, 3.71487045288, 6.8568816185, 10.255982399, 12.5822486877, 15.684305191, 21.049030304, 25.5191249847, 27.3891124725, 30.5509624481, 29.5671691895, 29.8592185974, 35.7812652588, 38.3157424927, 36.3550071716, 36.64037323, 33.4795684814, 29.4711112976, 25.1984806061, 23.0833702087, 19.6446743011, 16.7001953125, 14.3664875031, 12.9240751266, 7.85589599609, 5.78491210938, 4.76003074646, 2.4255592823, 1.09450602531, 0.383458912373, 0.0704030543566, 0.00422164751217, 0.000128709973069],
        "median": [0.244578540325, 1.00000953674, 1.17359781265, 1.11832809448, 0.716639101505, 0.591945707798, 0.690023601055, 1.03229522705, 1.60684216022, 2.78137326241, 4.25542497635, 6.03812456131, 9.43110942841, 11.8586320877, 15.3098936081, 16.9028759003, 17.1434955597, 17.6323719025, 17.918548584, 19.6824302673, 21.3413009644, 21.7431755066, 22.5672512054, 20.4599514008, 19.0304584503, 16.4176464081, 14.0272531509, 11.755437851, 9.63788986206, 7.50806236267, 5.90857362747, 3.97439193726, 2.47993659973, 1.57655525208, 0.797047317028, 0.335553437471, 0.105993226171, 0.0165472887456, 0.000578996783588, 6.55930562061e-05],
        "min": [1.06545560721e-22, 1.32686454745e-21, 3.44858544398e-21, 3.59791173939e-21, 1.24287126288e-20, 8.04230631861e-21, 4.10270048534e-20, 4.08193372832e-20, 1.2497808544e-19, 2.17971526437e-19, 1.8661265705e-19, 3.73778465286e-19, 2.88489888578e-19, 9.70920304584e-19, 9.71656598727e-19, 1.17854150096e-18, 1.85894842639e-18, 2.1476034409e-18, 2.67955398705e-18, 3.59764753919e-18, 2.96368783913e-18, 4.7728379247e-18, 5.08165339868e-18, 6.87576099802e-18, 7.03955847573e-18, 7.83975480234e-18, 6.30822783025e-18, 9.60365293852e-18, 1.21792882252e-17, 9.31779917116e-18, 9.89643682506e-18, 1.10085728868e-17, 1.03183742109e-17, 7.76441932805e-18, 5.56484805837e-18, 4.57513100495e-18, 2.20713273446e-18, 1.03174568676e-18, 2.64403733309e-19, 2.62776782135e-20],
        "var": [2.44159960747, 39.0818023682, 92.6960296631, 268.968566895, 180.364135742, 63.945980072, 30.4033145905, 38.2215042114, 48.3150939941, 145.612930298, 320.304107666, 350.559143066, 416.195007324, 804.334350586, 987.330749512, 1033.64379883, 1392.06762695, 1423.25769043, 1369.39746094, 2772.81616211, 3246.80175781, 2337.45410156, 1955.34912109, 1765.03869629, 1208.76989746, 804.59576416, 723.831848145, 546.651794434, 431.805725098, 345.872680664, 380.001617432, 103.086090088, 80.919380188, 95.3624725342, 17.4814567566, 4.24423456192, 0.612512409687, 0.0192978419363, 0.000106337902253, 3.50422624251e-08]
    },
    "gfcc": {
        "mean": [9.10205459595, 36.3017463684, -121.157455444, 40.4068107605, -44.4314422607, 32.4572029114, -23.8237533569, 21.43775177, -20.419916153, 8.71634101868, -16.6550655365, 5.02462434769, -13.628068924],
        "cov": [[25088.4746094, -179.139770508, 335.498046875, 1007.75427246, 97.2205123901, 1229.67321777, -238.582870483, 625.408325195, -474.19732666, 252.533203125, -582.628723145, 204.876266479, -415.57119751], [-179.139770508, 1482.54577637, -185.230819702, 68.4428253174, 96.1548995972, -43.4329414368, 121.183944702, -64.8261108398, 70.7453689575, -90.5319900513, 58.9554405212, -95.9392623901, 52.9528694153], [335.498046875, -185.230819702, 1447.89477539, 406.172912598, 499.074493408, 308.805755615, 145.020370483, 155.421630859, 17.4232368469, 69.0616378784, -41.6214981079, 60.3135643005, -20.5633277893], [1007.75427246, 68.4428253174, 406.172912598, 466.932769775, 262.132141113, 202.931610107, 106.007568359, 112.344604492, 36.8197479248, 38.4498710632, -0.200580790639, 16.2970924377, 8.59434700012], [97.2205123901, 96.1548995972, 499.074493408, 262.132141113, 472.314605713, 243.37953186, 206.164520264, 104.648262024, 70.3158493042, 52.5287780762, 22.4384899139, 22.4242973328, 24.5780830383], [1229.67321777, -43.4329414368, 308.805755615, 202.931610107, 243.37953186, 363.267425537, 173.249679565, 151.521499634, 17.6942882538, 63.3970451355, 10.9545354843, 53.8567237854, 15.6159915924], [-238.582870483, 121.183944702, 145.020370483, 106.007568359, 206.164520264, 173.249679565, 243.140304565, 109.953102112, 84.2735214233, 38.9917640686, 62.4967346191, 27.4835033417, 49.149230957], [625.408325195, -64.8261108398, 155.421630859, 112.344604492, 104.648262024, 151.521499634, 109.953102112, 170.660598755, 67.0546798706, 72.3287353516, 27.2690620422, 52.545463562, 24.3375988007], [-474.19732666, 70.7453689575, 17.4232368469, 36.8197479248, 70.3158493042, 17.6942882538, 84.2735214233, 67.0546798706, 121.492843628, 52.4418449402, 60.7355537415, 15.0484800339, 36.498916626], [252.533203125, -90.5319900513, 69.0616378784, 38.4498710632, 52.5287780762, 63.3970451355, 38.9917640686, 72.3287353516, 52.4418449402, 95.333190918, 43.5067214966, 47.2245597839, 14.9942064285], [-582.628723145, 58.9554405212, -41.6214981079, -0.200580790639, 22.4384899139, 10.9545354843, 62.4967346191, 27.2690620422, 60.7355537415, 43.5067214966, 99.9392547607, 40.2546386719, 48.3250007629], [204.876266479, -95.9392623901, 60.3135643005, 16.2970924377, 22.4242973328, 53.8567237854, 27.4835033417, 52.545463562, 15.0484800339, 47.2245597839, 40.2546386719, 89.6318054199, 40.5293693542], [-415.57119751, 52.9528694153, -20.5633277893, 8.59434700012, 24.5780830383, 15.6159915924, 49.149230957, 24.3375988007, 36.498916626, 14.9942064285, 48.3250007629, 40.5293693542, 73.7147598267]],
        "icov": [[0.000109320339106, -0.000128241619677, 0.000131887820316, -0.000188858000911, 7.4507384852e-05, -0.000325801112922, 0.000220509478822, -0.000310579081997, 0.000296314770821, -0.000399165204726, 0.000677297648508, -0.000545629649423, 0.000557381717954], [-0.000128241619677, 0.00109548366163, -2.26177508011e-05, -9.41530652199e-06, -0.000281542597804, 0.000377565127565, -0.000501509523019, 0.000635449134279, -0.000747067795601, 0.00148569524754, -0.00151250092313, 0.00169408787042, -0.00124883849639], [0.000131887820316, -2.26177508011e-05, 0.00151235412341, -0.000687682302669, -0.00129127618857, -0.000289057585178, 0.000593196542468, -0.000758231792133, 0.000537872838322, -0.000258681568084, 0.00132748484612, -0.00165867304895, 0.00143643270712], [-0.000188858000911, -9.41530652199e-06, -0.000687682302669, 0.00412442861125, -0.00145779503509, -0.00044846671517, 0.00100180099253, -0.00120174163021, -0.000531967671122, 0.00118417351041, -0.00159051443916, 0.00200486578979, -0.00145783822518], [7.4507384852e-05, -0.000281542597804, -0.00129127618857, -0.00145779503509, 0.00665508303791, -0.00202052458189, -0.00352291413583, 0.00304406532086, -0.00192823179532, -0.00208504730836, 0.00232383282855, -5.60984481126e-05, -0.000128733008751], [-0.000325801112922, 0.000377565127565, -0.000289057585178, -0.00044846671517, -0.00202052458189, 0.00938467215747, -0.00462892232463, -0.00346877984703, 0.00500935083255, -0.00132828787901, -0.00121744850185, 0.000579309824388, -0.000949635286815], [0.000220509478822, -0.000501509523019, 0.000593196542468, 0.00100180099253, -0.00352291413583, -0.00462892232463, 0.01391275879, -0.00524392863736, -0.00282000098377, 0.00439960649237, -0.00436899904162, 0.00151002628263, -0.00120238086674], [-0.000310579081997, 0.000635449134279, -0.000758231792133, -0.00120174163021, 0.00304406532086, -0.00346877984703, -0.00524392863736, 0.0194553304464, -0.00916436221451, -0.00442981394008, 0.00478221522644, -0.00424845563248, -0.000846403709147], [0.000296314770821, -0.000747067795601, 0.000537872838322, -0.000531967671122, -0.00192823179532, 0.00500935083255, -0.00282000098377, -0.00916436221451, 0.0242431331426, -0.00975595973432, -0.00496370531619, 0.00692398007959, -0.00366522744298], [-0.000399165204726, 0.00148569524754, -0.000258681568084, 0.00118417351041, -0.00208504730836, -0.00132828787901, 0.00439960649237, -0.00442981394008, -0.00975595973432, 0.0288108736277, -0.0111010279506, -0.00603339402005, 0.00554279005155], [0.000677297648508, -0.00151250092313, 0.00132748484612, -0.00159051443916, 0.00232383282855, -0.00121744850185, -0.00436899904162, 0.00478221522644, -0.00496370531619, -0.0111010279506, 0.0298904720694, -0.0105635756627, -0.00279368553311], [-0.000545629649423, 0.00169408787042, -0.00165867304895, 0.00200486578979, -5.60984481126e-05, 0.000579309824388, 0.00151002628263, -0.00424845563248, 0.00692398007959, -0.00603339402005, -0.0105635756627, 0.0311569646001, -0.0171040296555], [0.000557381717954, -0.00124883849639, 0.00143643270712, -0.00145783822518, -0.000128733008751, -0.000949635286815, -0.00120238086674, -0.000846403709147, -0.00366522744298, 0.00554279005155, -0.00279368553311, -0.0171040296555, 0.0314238965511]]
    },
    "melbands": {
        "dmean": [0.00392377609387, 0.00201128586195, 0.00119647360407, 0.000322424952174, 8.69291325216e-05, 6.09094495303e-05, 5.33540915058e-05, 7.05270067556e-05, 8.28659758554e-05, 6.30433205515e-05, 5.36132720299e-05, 5.3635048971e-05, 5.26927033206e-05, 5.06880169269e-05, 4.54198852822e-05, 4.09528693126e-05, 4.00249482482e-05, 3.74943192583e-05, 3.19899263559e-05, 4.47522215836e-05, 3.31032460963e-05, 3.14818389597e-05, 2.24359337153e-05, 2.6291299946e-05, 2.04345160455e-05, 1.53603159561e-05, 1.53319051606e-05, 1.00281858977e-05, 1.01884634205e-05, 9.42200131249e-06, 7.4173858593e-06, 6.65819516144e-06, 6.59038869344e-06, 6.10460938333e-06, 6.67000676913e-06, 4.10905795434e-06, 3.0852349937e-06, 3.16038085657e-06, 3.48826824847e-06, 3.62750574823e-06],
        "dmean2": [0.00446678046137, 0.0028191502206, 0.00220707501285, 0.000599389255513, 0.000155476795044, 0.000107744352135, 9.23322950257e-05, 0.000123631194583, 0.000149118393892, 0.000108659463876, 9.08333895495e-05, 8.85168046807e-05, 8.77522252267e-05, 8.62442539074e-05, 7.92560022091e-05, 6.82827158016e-05, 7.03351615812e-05, 6.61334051983e-05, 5.61182496313e-05, 8.17691980046e-05, 5.95583915128e-05, 5.67563765799e-05, 3.95193346776e-05, 4.724295286e-05, 3.6067354813e-05, 2.68468320428e-05, 2.70061482297e-05, 1.72319050762e-05, 1.77123147296e-05, 1.65759302035e-05, 1.25447932078e-05, 1.15097991511e-05, 1.13896403491e-05, 1.0392133845e-05, 1.14503718578e-05, 6.7927312557e-06, 5.09083838551e-06, 5.21991796631e-06, 5.92663900534e-06, 5.98746237301e-06],
        "dvar": [4.89136764372e-05, 1.59645387612e-05, 1.19385667858e-05, 9.8895964129e-07, 6.71306068512e-08, 2.43100704012e-08, 1.24976269333e-08, 1.78023924491e-08, 2.87479480221e-08, 1.1534027955e-08, 7.25302218285e-09, 8.26442558832e-09, 6.37007024906e-09, 6.59582832796e-09, 4.53424675584e-09, 3.97666077845e-09, 4.90264184805e-09, 3.83351395072e-09, 3.02839886501e-09, 8.88154705336e-09, 3.8491667631e-09, 3.77069087065e-09, 1.16186926746e-09, 2.4105786256e-09, 1.22373045031e-09, 6.71044442235e-10, 6.50984210981e-10, 2.27513979878e-10, 2.53235987735e-10, 2.43968206748e-10, 1.39400727073e-10, 1.38114394921e-10, 1.11047074314e-10, 1.03701013054e-10, 1.65748692549e-10, 5.15320008887e-11, 2.35193895609e-11, 3.20501715445e-11, 6.41134714763e-11, 8.04953048661e-11],
        "dvar2": [5.39079483133e-05, 2.90127809421e-05, 3.38301542797e-05, 2.83151780422e-06, 1.92581651959e-07, 6.81659386714e-08, 3.35561090026e-08, 4.71182701745e-08, 8.10359566117e-08, 3.04211837943e-08, 1.92794917808e-08, 2.25549197097e-08, 1.6791762647e-08, 1.81599499882e-08, 1.27102222081e-08, 9.87066606228e-09, 1.37247821996e-08, 1.07355608847e-08, 8.48817460763e-09, 2.62242547677e-08, 1.09545919003e-08, 1.07417932327e-08, 3.25182436534e-09, 6.84537093676e-09, 3.41501227297e-09, 1.87008497576e-09, 1.84136905723e-09, 6.07906613936e-10, 7.04757641135e-10, 6.77917666447e-10, 3.8375455591e-10, 3.92193333365e-10, 3.0868149703e-10, 2.76374922947e-10, 4.37526931352e-10, 1.31133021108e-10, 5.92925847309e-11, 7.90732548883e-11, 1.73292158401e-10, 2.00144706364e-10],
        "max": [0.0619090572, 0.030723746866, 0.0231203995645, 0.0106800599024, 0.00382476323284, 0.0028693373315, 0.00239482824691, 0.00198471918702, 0.00136240350548, 0.00160977360792, 0.00124358362518, 0.00193231145386, 0.00132413953543, 0.00166106922552, 0.00157116982155, 0.00113330769818, 0.00111644424032, 0.000517508946359, 0.000696912233252, 0.000792442355305, 0.000741942727473, 0.000663030019496, 0.000463412172394, 0.000664361054078, 0.000350094604073, 0.000353408511728, 0.000258248881437, 0.000184149917914, 0.000136927308631, 0.000161100979312, 0.000147199898493, 0.00022319566051, 0.000100929421023, 0.000116451767099, 0.000129939740873, 8.56118349475e-05, 4.76501409139e-05, 6.26698965789e-05, 0.000106252620753, 9.49506720644e-05],
        "mean": [0.00653247954324, 0.00303756841458, 0.000911995244678, 0.000236768275499, 8.14359882497e-05, 6.58843200654e-05, 5.76618913328e-05, 8.07867763797e-05, 8.55045509525e-05, 7.96388194431e-05, 7.81051057857e-05, 8.34079546621e-05, 8.35207683849e-05, 7.63812131481e-05, 6.94856717018e-05, 6.34827010799e-05, 5.38224558113e-05, 4.76876484754e-05, 4.34672074334e-05, 5.1997067203e-05, 4.32403940067e-05, 3.82301623176e-05, 3.27256602759e-05, 3.28427449858e-05, 2.65164326265e-05, 2.18450550165e-05, 2.05580417969e-05, 1.56570949912e-05, 1.45321773743e-05, 1.31985480039e-05, 1.09081665869e-05, 9.48235356191e-06, 8.70441726875e-06, 7.71720897319e-06, 7.97532629804e-06, 5.77898936172e-06, 4.42801592726e-06, 4.02386285714e-06, 4.04712773161e-06, 4.02105797548e-06],
        "median": [0.0023169007618, 0.00104168255348, 0.000197152068722, 4.64701515739e-05, 2.47863681579e-05, 2.39972978306e-05, 2.49270869972e-05, 3.21367915603e-05, 3.54008370778e-05, 3.92203801312e-05, 4.68716352771e-05, 4.64589429612e-05, 4.73949658044e-05, 4.53008215118e-05, 4.01776414947e-05, 3.50744994648e-05, 3.08934104396e-05, 2.69268712145e-05, 2.64664504357e-05, 2.4831160772e-05, 2.36074374698e-05, 2.16411735892e-05, 2.07162556762e-05, 1.85938588402e-05, 1.57994800247e-05, 1.40552365337e-05, 1.24603730001e-05, 9.97497591015e-06, 8.56019869389e-06, 7.85591237218e-06, 6.25556549494e-06, 5.39556367585e-06, 4.51864752904e-06, 3.88477337765e-06, 3.46047090716e-06, 2.78400102616e-06, 2.21691016122e-06, 1.75818104253e-06, 1.46932370626e-06, 1.24996699924e-06],
        "min": [1.99094233817e-24, 1.66277639881e-24, 1.20205066737e-24, 1.45171291653e-24, 1.27477121828e-24, 7.30447332911e-25, 1.33190249718e-24, 2.67627372983e-24, 1.5066949439e-24, 1.97949103605e-24, 1.15332282787e-24, 3.20633422117e-24, 3.0406517374e-24, 2.12984496636e-24, 1.80605109136e-24, 3.9437850612e-24, 3.09380202975e-24, 3.50225093508e-24, 3.95556827654e-24, 3.00957712584e-24, 3.02025731642e-24, 3.99503380434e-24, 5.8660781596e-24, 3.22758258408e-24, 3.97820621794e-24, 3.85105682837e-24, 3.72040450196e-24, 4.82010697498e-24, 3.29122235989e-24, 5.0356770224e-24, 3.59173734401e-24, 5.62173717168e-24, 5.00697589608e-24, 4.48009017546e-24, 4.23892474711e-24, 6.27716067706e-24, 5.4527596159e-24, 7.67767159046e-24, 6.11990796092e-24, 5.5743412252e-24],
        "var": [0.000124412923469, 2.80610602204e-05, 7.16205249773e-06, 5.93329389176e-07, 4.26914716911e-08, 1.86563298143e-08, 1.1363988861e-08, 2.07144008613e-08, 2.17165752048e-08, 1.38781199865e-08, 1.05369935e-08, 1.27904771219e-08, 1.19743610583e-08, 9.57966239667e-09, 7.29696614243e-09, 6.54869092287e-09, 5.35582911354e-09, 3.86967657917e-09, 3.11496117789e-09, 7.95121213315e-09, 4.1109866622e-09, 3.00244429319e-09, 1.42819456261e-09, 2.03543804034e-09, 1.16724208077e-09, 7.26217974645e-10, 6.36315222735e-10, 3.25100807386e-10, 3.01657143709e-10, 2.6583441004e-10, 1.78048825683e-10, 1.47766673897e-10, 1.25807100848e-10, 1.11448850149e-10, 1.61048313574e-10, 6.51435780319e-11, 3.2582315318e-11, 3.73376780882e-11, 5.58208687607e-11, 7.59972293429e-11]
    },
    "mfcc": {
        "mean": [-622.398803711, 69.5094985962, -10.5146303177, 18.421131134, 8.10715389252, 15.340388298, 12.4059638977, 15.2134494781, 8.99360752106, 7.8883228302, 5.30420446396, 4.96621322632, 2.98439025879],
        "cov": [[10672.5908203, 193.952407837, 418.294769287, 269.072662354, 421.442077637, 425.805541992, 299.544189453, 292.417388916, 223.104125977, 114.379379272, 88.271774292, -15.5366792679, -11.5663042068], [193.952407837, 1186.34350586, -114.259757996, 95.3993759155, -13.0189199448, 55.7383003235, 25.1033420563, 37.0383911133, 16.3598766327, 5.85873746872, 4.45880746841, 12.1694555283, 2.3465988636], [418.294769287, -114.259757996, 675.074279785, 243.071563721, 268.96862793, 140.025314331, 131.83644104, 96.2477416992, 76.3494338989, 50.499835968, 35.3808746338, 18.8431472778, 16.6306400299], [269.072662354, 95.3993759155, 243.071563721, 351.082458496, 211.212844849, 123.609138489, 93.5338363647, 79.2095489502, 75.7181243896, 59.5584945679, 41.5497970581, 20.6387195587, 18.7834129333], [421.442077637, -13.0189199448, 268.96862793, 211.212844849, 304.514953613, 179.950256348, 144.434005737, 97.1043701172, 93.0260696411, 65.9331283569, 50.0483016968, 23.4804039001, 32.0874862671], [425.805541992, 55.7383003235, 140.025314331, 123.609138489, 179.950256348, 227.221160889, 177.511367798, 116.951179504, 88.3388977051, 58.6997375488, 48.3955230713, 27.2291412354, 23.7097377777], [299.544189453, 25.1033420563, 131.83644104, 93.5338363647, 144.434005737, 177.511367798, 221.736801147, 141.957397461, 103.121337891, 65.3499298096, 56.2280654907, 42.221786499, 34.6294288635], [292.417388916, 37.0383911133, 96.2477416992, 79.2095489502, 97.1043701172, 116.951179504, 141.957397461, 150.730117798, 100.891265869, 62.7535209656, 45.0327339172, 39.2359390259, 33.4665107727], [223.104125977, 16.3598766327, 76.3494338989, 75.7181243896, 93.0260696411, 88.3388977051, 103.121337891, 100.891265869, 118.449317932, 74.1750564575, 46.6331443787, 36.9191474915, 33.8224105835], [114.379379272, 5.85873746872, 50.499835968, 59.5584945679, 65.9331283569, 58.6997375488, 65.3499298096, 62.7535209656, 74.1750564575, 94.809387207, 57.2267570496, 36.2053489685, 27.3833618164], [88.271774292, 4.45880746841, 35.3808746338, 41.5497970581, 50.0483016968, 48.3955230713, 56.2280654907, 45.0327339172, 46.6331443787, 57.2267570496, 80.3766479492, 48.4380722046, 22.7858047485], [-15.5366792679, 12.1694555283, 18.8431472778, 20.6387195587, 23.4804039001, 27.2291412354, 42.221786499, 39.2359390259, 36.9191474915, 36.2053489685, 48.4380722046, 71.2816848755, 37.1642494202], [-11.5663042068, 2.3465988636, 16.6306400299, 18.7834129333, 32.0874862671, 23.7097377777, 34.6294288635, 33.4665107727, 33.8224105835, 27.3833618164, 22.7858047485, 37.1642494202, 61.1616668701]],
