{
"lowlevel": {
    "average_loudness": 0.926411926746,
    "barkbands_crest": {
        "dmean": 3.13936090469,
        "dmean2": 4.81734609604,
        "dvar": 8.20671081543,
        "dvar2": 20.4955215454,
        "max": 26.1709575653,
        "mean": 11.3104190826,
        "median": 10.7424564362,
        "min": 1.8128285408,
        "var": 27.3443126678
    },
    "barkbands_flatness_db": {
        "dmean": 0.0250562429428,
        "dmean2": 0.0380629859865,
        "dvar": 0.000669903762173,
        "dvar2": 0.00159990147222,
        "max": 0.415786772966,
        "mean": 0.106884732842,
        "median": 0.0951691418886,
        "min": 0.0118286255747,
        "var": 0.00338004156947
    },
    "barkbands_kurtosis": {
        "dmean": 3.64540100098,
        "dmean2": 5.46962881088,
        "dvar": 45.2111968994,
        "dvar2": 94.8625488281,
        "max": 176.199325562,
        "mean": 4.52177762985,
        "median": 1.43506455421,
        "min": -1.84090220928,
        "var": 105.821029663
    },
    "barkbands_skewness": {
        "dmean": 0.700086534023,
        "dmean2": 1.05178141594,
        "dvar": 0.588487803936,
        "dvar2": 1.37519860268,
        "max": 12.091345787,
        "mean": 1.69741141796,
        "median": 1.49207007885,
        "min": -2.51230716705,
        "var": 2.21023964882
    },
    "barkbands_spread": {
        "dmean": 9.41124248505,
        "dmean2": 14.6143226624,
        "dvar": 109.783676147,
        "dvar2": 265.553039551,
        "max": 139.217773438,
        "mean": 34.8490371704,
        "median": 33.8480072021,
        "min": 1.37499606609,
        "var": 345.041931152
    },
    "dissonance": {
        "dmean": 0.0110945627093,
        "dmean2": 0.0189535077661,
        "dvar": 0.000158553113579,
        "dvar2": 0.00045012566261,
        "max": 0.500000059605,
        "mean": 0.480311870575,
        "median": 0.486042737961,
        "min": 0.254899322987,
        "var": 0.000433984707342
    },
    "dynamic_complexity": 3.27500844002,
    "erbbands_crest": {
        "dmean": 1.75807702541,
        "dmean2": 2.8866083622,
        "dvar": 3.64592170715,
        "dvar2": 8.99726009369,
        "max": 28.4138221741,
        "mean": 5.95220851898,
        "median": 4.89629650116,
        "min": 2.16010165215,
        "var": 10.8494882584
    },
    "erbbands_flatness_db": {
        "dmean": 0.0101043963805,
        "dmean2": 0.0153007209301,
        "dvar": 9.36301876209e-05,
        "dvar2": 0.000212368031498,
        "max": 0.357745230198,
        "mean": 0.110513992608,
        "median": 0.0934717208147,
        "min": 0.0401409864426,
        "var": 0.00250891200267
    },
    "erbbands_kurtosis": {
        "dmean": 0.556931257248,
        "dmean2": 0.893389582634,
        "dvar": 0.702285408974,
        "dvar2": 1.7646895647,
        "max": 30.3652877808,
        "mean": -0.287229984999,
        "median": -0.602283477783,
        "min": -1.87910413742,
        "var": 2.25804948807
    },
    "erbbands_skewness": {
        "dmean": 0.307891964912,
        "dmean2": 0.47718206048,
        "dvar": 0.0868598744273,
        "dvar2": 0.207673981786,
        "max": 3.72668170929,
        "mean": -0.182552888989,
        "median": -0.256922543049,
        "min": -2.86396884918,
        "var": 0.390058159828
    },
    "erbbands_spread": {
        "dmean": 10.0556974411,
        "dmean2": 15.2111139297,
        "dvar": 123.940063477,
        "dvar2": 267.365997314,
        "max": 164.194351196,
        "mean": 55.9962234497,
        "median": 54.8274459839,
        "min": 4.76197624207,
        "var": 486.024353027
    },
    "hfc": {
        "dmean": 12.1622076035,
        "dmean2": 18.4988899231,
        "dvar": 346.156219482,
        "dvar2": 855.42590332,
        "max": 335.930236816,
        "mean": 36.1749153137,
        "median": 29.8964977264,
        "min": 1.1896244225e-16,
        "var": 989.507507324
    },
    "melbands_crest": {
        "dmean": 4.16133022308,
        "dmean2": 6.76716184616,
        "dvar": 14.5085468292,
        "dvar2": 38.6464347839,
        "max": 37.380405426,
        "mean": 17.2545757294,
        "median": 17.2305660248,
        "min": 1.03080499172,
        "var": 50.0511779785
    },
    "melbands_flatness_db": {
        "dmean": 0.0341567918658,
        "dmean2": 0.0517519600689,
        "dvar": 0.0012226162944,
        "dvar2": 0.00298297055997,
        "max": 0.551070511341,
        "mean": 0.172997504473,
        "median": 0.165656864643,
        "min": 8.36165054352e-06,
        "var": 0.006208200939
    },
    "melbands_kurtosis": {
        "dmean": 14.7265319824,
        "dmean2": 22.2079200745,
        "dvar": 730.207519531,
        "dvar2": 1455.22436523,
        "max": 505.156646729,
        "mean": 25.6700763702,
        "median": 12.3624725342,
        "min": -1.7353644371,
        "var": 1680.92346191
    },
    "melbands_skewness": {
        "dmean": 1.14660525322,
        "dmean2": 1.74066257477,
        "dvar": 1.9308950901,
        "dvar2": 4.30449771881,
        "max": 19.7175941467,
        "mean": 3.82616138458,
        "median": 3.26638698578,
        "min": -0.681304752827,
        "var": 6.60577583313
    },
    "melbands_spread": {
        "dmean": 11.2893762589,
        "dmean2": 17.8058300018,
        "dvar": 184.215026855,
        "dvar2": 429.131439209,
        "max": 207.582305908,
        "mean": 30.2798080444,
        "median": 22.8129425049,
        "min": 0.751028299332,
        "var": 641.568847656
    },
    "pitch_salience": {
        "dmean": 0.0978327095509,
        "dmean2": 0.153893634677,
        "dvar": 0.00912562571466,
        "dvar2": 0.0230345539749,
        "max": 0.997478187084,
        "mean": 0.516495466232,
        "median": 0.52660036087,
        "min": 0.0539931356907,
        "var": 0.0246074330062
    },
    "silence_rate_20dB": {
        "dmean": 0,
        "dmean2": 0,
        "dvar": 0,
        "dvar2": 0,
        "max": 1,
        "mean": 1,
        "median": 1,
        "min": 1,
        "var": 0
    },
    "silence_rate_30dB": {
        "dmean": 0.0246269442141,
        "dmean2": 0.0492590256035,
        "dvar": 0.0240198597312,
        "dvar2": 0.05706577003,
        "max": 1,
        "mean": 0.977879822254,
        "median": 1,
        "min": 0,
        "var": 0.0216300450265
    },
    "silence_rate_60dB": {
        "dmean": 0.0141917979345,
        "dmean2": 0.0283865574747,
        "dvar": 0.0139890564606,
        "dvar2": 0.0334204621613,
        "max": 1,
        "mean": 0.0733514204621,
        "median": 0,
        "min": 0,
        "var": 0.0679694265127
    },
    "spectral_centroid": {
        "dmean": 365.429473877,
        "dmean2": 562.086975098,
        "dvar": 154922.375,
        "dvar2": 359008.34375,
        "max": 10708.1650391,
        "mean": 2023.12182617,
        "median": 2087.01196289,
        "min": 236.219863892,
        "var": 657035.625
    },
    "spectral_complexity": {
        "dmean": 5.30230617523,
        "dmean2": 8.2696723938,
        "dvar": 34.0857048035,
        "dvar2": 76.5418319702,
        "max": 62,
        "mean": 26.6154003143,
        "median": 28,
        "min": 0,
        "var": 202.51914978
    },
    "spectral_decrease": {
        "dmean": 2.99512281643e-09,
        "dmean2": 4.42657732691e-09,
        "dvar": 1.3814540751e-17,
        "dvar2": 2.97243382654e-17,
        "max": 3.91493048333e-29,
        "mean": -9.50331902061e-09,
        "median": -8.87053719367e-09,
        "min": -3.96420460902e-08,
        "var": 5.26788252569e-17
    },
    "spectral_energy": {
        "dmean": 0.011423128657,
        "dmean2": 0.0167213641107,
        "dvar": 0.000194990556338,
        "dvar2": 0.000410445907619,
        "max": 0.151086688042,
        "mean": 0.0391489937901,
        "median": 0.0379387401044,
        "min": 1.06424871819e-20,
        "var": 0.000818131200504
    },
    "spectral_energyband_high": {
        "dmean": 0.00134121393785,
        "dmean2": 0.00204570079222,
        "dvar": 4.13508496422e-06,
        "dvar2": 1.01105924841e-05,
        "max": 0.0368690341711,
        "mean": 0.00321367755532,
        "median": 0.00238564657047,
        "min": 7.90982978921e-21,
        "var": 1.0551944797e-05
    },
    "spectral_energyband_low": {
        "dmean": 0.010253095068,
        "dmean2": 0.0158147569746,
        "dvar": 0.000208422512515,
        "dvar2": 0.000460033392301,
        "max": 0.149717867374,
        "mean": 0.0229652710259,
        "median": 0.0152502311394,
        "min": 6.95788823704e-23,
        "var": 0.000613508105744
    },
    "spectral_energyband_middle_high": {
        "dmean": 0.00142528756987,
        "dmean2": 0.00237507675774,
        "dvar": 4.64496451968e-06,
        "dvar2": 1.26118748085e-05,
        "max": 0.0261142626405,
        "mean": 0.00419226335362,
        "median": 0.00353028671816,
        "min": 1.42868823923e-21,
        "var": 1.12697716759e-05
    },
    "spectral_energyband_middle_low": {
        "dmean": 0.00598875992,
        "dmean2": 0.00962461065501,
        "dvar": 0.000146857157233,
        "dvar2": 0.000351270340616,
        "max": 0.123201265931,
        "mean": 0.00988418329507,
        "median": 0.00633176416159,
        "min": 2.7845891284e-22,
        "var": 0.000169977167388
    },
    "spectral_entropy": {
        "dmean": 0.118194274604,
        "dmean2": 0.180921107531,
        "dvar": 0.0165231898427,
        "dvar2": 0.0417840406299,
        "max": 9.8015127182,
        "mean": 8.0292224884,
        "median": 8.13639736176,
        "min": 5.72398757935,
        "var": 0.180704236031
    },
    "spectral_flux": {
        "dmean": 0.0286048110574,
        "dmean2": 0.0410518534482,
        "dvar": 0.00114014046267,
        "dvar2": 0.00213897041976,
        "max": 0.360322147608,
        "mean": 0.102552518249,
        "median": 0.0915834084153,
        "min": 1.03162429987e-10,
        "var": 0.00420995010063
    },
    "spectral_kurtosis": {
        "dmean": 0.937778711319,
        "dmean2": 1.56960999966,
        "dvar": 7.19085168839,
        "dvar2": 19.6494808197,
        "max": 102.255683899,
        "mean": 2.83357715607,
        "median": 1.88224196434,
        "min": -1.19090557098,
        "var": 20.1140289307
    },
    "spectral_rms": {
        "dmean": 0.000854348880239,
        "dmean2": 0.00124712800607,
        "dvar": 8.21833225473e-07,
        "dvar2": 1.73621583599e-06,
        "max": 0.0121409082785,
        "mean": 0.00563568389043,
        "median": 0.00608386425301,
        "min": 3.2222529766e-12,
        "var": 6.43319526716e-06
    },
    "spectral_rolloff": {
        "dmean": 1014.3057251,
        "dmean2": 1664.25146484,
        "dvar": 1840962.25,
        "dvar2": 4255766,
        "max": 18906.1523438,
        "mean": 2408.12548828,
        "median": 1399.65820312,
        "min": 43.06640625,
        "var": 7640737.5
    },
    "spectral_skewness": {
        "dmean": 0.138474032283,
        "dmean2": 0.22298656404,
        "dvar": 0.03837338835,
        "dvar2": 0.102855317295,
        "max": 7.67225551605,
        "mean": 1.19777727127,
        "median": 1.09110963345,
        "min": -0.148628771305,
        "var": 0.240997537971
    },
    "spectral_spread": {
        "dmean": 480614.40625,
        "dmean2": 674560.5625,
        "dvar": 333769637888,
        "dvar2": 518680215552,
        "max": 39715804,
        "mean": 5841724.5,
        "median": 5870227,
        "min": 886927.1875,
        "var": 2.66655131238e+12
    },
    "spectral_strongpeak": {
        "dmean": 0.294367611408,
        "dmean2": 0.496016860008,
        "dvar": 0.408154398203,
        "dvar2": 1.08224594593,
        "max": 12.8995399475,
        "mean": 0.513421654701,
        "median": 0.340196102858,
        "min": 0,
        "var": 0.513576686382
    },
    "zerocrossingrate": {
        "dmean": 0.0155371576548,
        "dmean2": 0.01843967475,
        "dvar": 0.000260057480773,
        "dvar2": 0.000316295336233,
        "max": 0.8896484375,
        "mean": 0.0961908996105,
        "median": 0.078125,
        "min": 0.00390625,
        "var": 0.010801455006
    },
    "barkbands": {
        "dmean": [0.000647775770631, 0.0083036320284, 0.00430598063394, 0.0026918023359, 0.00278922193684, 0.00111758534331, 0.000557390681934, 0.00053475407185, 0.000461324205389, 0.000291860371362, 0.000286512018647, 0.000272785808193, 0.00022438459564, 0.00019552509184, 0.000192622523173, 0.000208185636438, 0.00021730978915, 0.000235325307585, 0.000293766410323, 0.000332638737746, 0.000321823579725, 0.000277782120975, 0.000263711990556, 0.000235995379626, 0.00019526250253, 0.000111837995064, 2.07906596188e-05],
        "dmean2": [0.000926150125451, 0.0123602980748, 0.00745039293543, 0.00463857036084, 0.00466777849942, 0.00184627086855, 0.000947706517763, 0.000869156618137, 0.000759887509048, 0.000486469158204, 0.000485292228404, 0.000465249439003, 0.000386159779737, 0.000334818992997, 0.000323152256897, 0.000348496396327, 0.000377629505238, 0.000395052076783, 0.000497587432619, 0.000556600629352, 0.000521533191204, 0.000442929478595, 0.000425478239777, 0.000360084522981, 0.000289179704851, 0.000161622170708, 3.3514417737e-05],
        "dvar": [9.50171681779e-07, 0.000163440417964, 9.43107370404e-05, 5.46589690202e-05, 4.54602231912e-05, 3.31230012307e-06, 1.31229467115e-06, 1.53285907345e-06, 6.26818405181e-07, 2.3413991812e-07, 2.33238964142e-07, 1.70408540612e-07, 1.1272356204e-07, 1.01061822022e-07, 8.12118656768e-08, 1.2009247996e-07, 1.46605685813e-07, 1.22233871025e-07, 2.51176317079e-07, 2.25039798352e-07, 2.20310141685e-07, 1.71962440731e-07, 1.87470234891e-07, 1.50708231672e-07, 1.1191234961e-07, 5.11630098288e-08, 1.90539473088e-09],
        "dvar2": [1.86032252714e-06, 0.000318667065585, 0.000249652628554, 0.000144677149365, 0.000118472373288, 8.9403201855e-06, 3.67514940081e-06, 3.44912086803e-06, 1.56236421844e-06, 5.96909899286e-07, 6.14337011484e-07, 4.55384139286e-07, 3.10429498995e-07, 2.86736508315e-07, 2.14744773075e-07, 3.16310860171e-07, 4.1332367573e-07, 3.15463012157e-07, 6.90408853643e-07, 5.96591689828e-07, 5.54304165234e-07, 4.22640823672e-07, 4.76421206486e-07, 3.42579653534e-07, 2.52556958458e-07, 1.12330653224e-07, 4.70050043333e-09],
        "max": [0.0182490255684, 0.127153068781, 0.0872602760792, 0.0884162187576, 0.0866403952241, 0.0257149301469, 0.0153062827885, 0.0380647517741, 0.0155992228538, 0.00932580791414, 0.0108268000185, 0.00632117409259, 0.00444056978449, 0.00538781611249, 0.00566192902625, 0.00684684328735, 0.00357272243127, 0.00578646501526, 0.0101070748642, 0.0056680329144, 0.00938691664487, 0.00686460360885, 0.00618699425831, 0.00887393113226, 0.00672887265682, 0.00728805502877, 0.00114664679859],
        "mean": [0.00126440054737, 0.0160683877766, 0.00463173678145, 0.00247855647467, 0.00332244439051, 0.00167369982228, 0.000769645266701, 0.000759457645472, 0.00069122062996, 0.000448510923889, 0.0004276453692, 0.000430940446677, 0.000361334590707, 0.000321356463246, 0.000335431133863, 0.000359460856998, 0.000334174925229, 0.000445735960966, 0.000518945162185, 0.00064560433384, 0.000677291653119, 0.000591506541241, 0.000519965949934, 0.000470508326543, 0.000370024936274, 0.00020229438087, 2.87184375338e-05],
        "median": [0.000365431595128, 0.00862128660083, 0.00174747349229, 0.000656894466374, 0.00139275752008, 0.000890603521839, 0.000406938808737, 0.000300635409076, 0.000347232504282, 0.000255926861428, 0.000241919406108, 0.000274252321105, 0.000232582329772, 0.000220580492169, 0.00022833305411, 0.000219569774345, 0.00021594997088, 0.000289980438538, 0.000338964688126, 0.000430309853982, 0.000494003528729, 0.000422148877988, 0.000342800893122, 0.000274212856311, 0.000187165031093, 8.64011963131e-05, 6.2147682911e-06],
        "min": [8.85969603768e-24, 3.93279914757e-23, 8.47188570578e-24, 3.44941358385e-23, 1.13390866516e-22, 2.19395628377e-23, 3.9850245794e-23, 3.53818441706e-23, 3.1662112567e-23, 7.90367692659e-23, 6.78481594096e-23, 7.53528645692e-23, 3.39868004577e-23, 1.21456218277e-22, 6.12255963797e-23, 1.07257832699e-22, 1.50520719168e-22, 1.91220110618e-22, 3.46957181988e-22, 3.80921190676e-22, 3.85877130427e-22, 5.76685695466e-22, 5.86209733081e-22, 1.04578237549e-21, 1.0583128693e-21, 1.88619171842e-21, 2.48511107353e-21],
        "var": [3.49874835592e-06, 0.00040622567758, 8.10296405689e-05, 4.31351909356e-05, 4.07745283155e-05, 4.94428468301e-06, 1.33749210818e-06, 3.70230759472e-06, 1.0477468777e-06, 3.73700913769e-07, 3.46077001723e-07, 2.63452477611e-07, 1.67804742546e-07, 1.30799705289e-07, 1.45571590338e-07, 2.11613908618e-07, 1.648260195e-07, 3.19711688235e-07, 3.79437238962e-07, 4.72058303558e-07, 5.26451231053e-07, 3.863823963e-07, 3.60329437399e-07, 3.66273667396e-07, 2.61378659161e-07, 1.01186287793e-07, 3.22648596729e-09]
    },
    "erbbands": {
        "dmean": [0.2854809165, 1.87375879288, 4.83574771881, 6.3289437294, 10.6740179062, 9.15970134735, 8.11574459076, 9.84877300262, 8.35937213898, 9.76466655731, 10.8795404434, 9.61117649078, 11.4652614594, 9.21985340118, 10.1306142807, 10.5014181137, 9.63979911804, 10.5074262619, 7.59390306473, 10.849322319, 12.2593545914, 11.2004928589, 12.3375139236, 14.7718896866, 13.3012428284, 15.8751678467, 15.541021347, 11.2602567673, 10.319893837, 8.85853862762, 7.52792644501, 5.61776971817, 3.70220255852, 2.39764904976, 1.30248653889, 0.599088013172, 0.188325986266, 0.0412720404565, 0.00328576122411, 5.73208162677e-05],
        "dmean2": [0.407229185104, 2.80540633202, 7.98336648941, 10.911901474, 17.5912952423, 15.9453449249, 14.1505422592, 16.0236644745, 13.9939241409, 16.5367164612, 17.7248802185, 15.852604866, 18.7317237854, 15.6039609909, 17.1183853149, 17.9459571838, 16.5934524536, 18.0006027222, 12.8677244186, 18.0921764374, 20.5465888977, 19.5173835754, 20.6127204895, 25.2147445679, 22.2495174408, 26.650396347, 25.563419342, 18.3653049469, 16.6015014648, 14.2888507843, 12.1298217773, 8.85765266418, 5.55954504013, 3.58746981621, 1.97065401077, 0.889086484909, 0.273363620043, 0.0617847591639, 0.00532482611015, 8.70080039022e-05],
        "dvar": [0.17123170197, 10.3059110641, 101.551254272, 238.402328491, 696.660461426, 602.833312988, 329.16394043, 233.870101929, 239.258056641, 467.3699646, 633.807617188, 280.125366211, 416.896240234, 231.894836426, 280.373901367, 254.804885864, 211.443969727, 304.489837646, 129.108261108, 265.753143311, 455.888397217, 423.527862549, 388.410217285, 700.158630371, 411.379119873, 538.12878418, 550.631408691, 261.896911621, 242.854827881, 207.95463562, 156.281539917, 87.7557144165, 38.1217765808, 16.6741962433, 5.0873503685, 1.44900524616, 0.145185962319, 0.00706371013075, 4.68191938126e-05, 1.09810036619e-08],
        "dvar2": [0.335287719965, 19.8283214569, 253.806488037, 645.45703125, 1670.24780273, 1678.4128418, 937.672485352, 604.881591797, 632.132019043, 1281.7611084, 1432.22387695, 708.818786621, 1019.86651611, 634.662780762, 754.627990723, 692.972229004, 578.580444336, 870.39440918, 358.169708252, 702.039489746, 1195.17346191, 1199.0579834, 956.373596191, 1921.54187012, 1097.17895508, 1430.48486328, 1422.23181152, 662.905334473, 615.811523438, 525.635559082, 395.796630859, 213.991516113, 84.4276199341, 36.4796409607, 11.8105449677, 3.25032711029, 0.323552727699, 0.0161822810769, 0.000115961127449, 2.51600056345e-08],
        "max": [5.04330396652, 32.7206535339, 95.2249450684, 157.354858398, 303.46206665, 397.634521484, 259.043762207, 228.424179077, 325.688079834, 289.21194458, 970.864074707, 446.328735352, 320.588562012, 298.731323242, 348.071838379, 235.767059326, 189.926422119, 230.85723877, 175.998626709, 243.171844482, 462.526306152, 192.345428467, 390.404876709, 519.321472168, 446.122711182, 327.797027588, 588.465881348, 270.717498779, 243.858459473, 230.91607666, 201.95539856, 176.360015869, 163.462356567, 92.1658554077, 34.8141288757, 39.4409141541, 11.6558094025, 2.47545909882, 0.15471278131, 0.00219321623445],
        "mean": [0.575426995754, 3.08162713051, 5.95578670502, 6.51371383667, 11.5232400894, 9.82914924622, 9.91677093506, 14.8041610718, 12.2939014435, 13.6728649139, 16.4391269684, 14.8461418152, 17.9691562653, 15.0710735321, 16.7788410187, 17.2516403198, 16.4898014069, 17.749250412, 14.3982887268, 19.6543121338, 21.536649704, 18.5947532654, 24.314031601, 26.0122585297, 26.5411281586, 30.8062992096, 30.6786117554, 23.8053836823, 21.6119976044, 17.9276390076, 14.3143777847, 10.7279853821, 7.32016086578, 4.58230924606, 2.36181998253, 1.05148530006, 0.334729492664, 0.0699426457286, 0.00449590105563, 0.000130717133288],
        "median": [0.245642215014, 1.51758551598, 2.74378681183, 2.24567651749, 3.60463476181, 3.91820240021, 4.75411128998, 7.53384494781, 6.8094367981, 6.75082111359, 7.20822668076, 7.81807851791, 10.0113868713, 9.57051277161, 10.5598688126, 11.2522087097, 10.9579801559, 11.9724063873, 10.8334331512, 13.4179801941, 13.3443641663, 12.9714412689, 15.6737880707, 17.5123443604, 18.0371742249, 20.545124054, 21.3367576599, 17.6696376801, 15.4506130219, 12.5743598938, 9.10829639435, 6.43366909027, 4.11530780792, 2.38491392136, 1.13038039207, 0.456072896719, 0.13944464922, 0.0258478075266, 0.000895197503269, 8.3853607066e-05],
        "min": [1.94329828074e-21, 5.65005878963e-21, 8.73320650186e-21, 6.46844059154e-20, 2.03802387833e-19, 4.39907781248e-19, 4.35308657042e-19, 8.90132676083e-20, 3.27525885853e-19, 1.07158766814e-18, 5.79409620206e-19, 7.21398998061e-19, 1.54514112421e-18, 2.4040590025e-18, 3.95930661943e-18, 2.36835768047e-18, 2.12189053156e-18, 4.54789442892e-18, 4.60266205727e-18, 4.26984262909e-18, 6.77757590008e-18, 8.21124988725e-18, 1.01792870996e-17, 1.62420734849e-17, 1.6768702985e-17, 2.06432020849e-17, 1.53239542902e-17, 1.45382385874e-17, 1.7101059192e-17, 2.13364009449e-17, 1.86905280981e-17, 1.77928534994e-17, 1.97273774892e-17, 1.23191305524e-17, 7.5392872351e-18, 7.46783785533e-18, 3.87362063414e-18, 1.10218197708e-18, 3.37435096001e-19, 3.64518268801e-20],
        "var": [0.524967193604, 20.4778194427, 105.25088501, 196.571273804, 691.07043457, 447.604431152, 276.109954834, 401.760162354, 330.416625977, 517.51763916, 1496.33044434, 479.524475098, 670.291381836, 336.276519775, 409.94418335, 388.771453857, 329.632232666, 396.331268311, 212.943344116, 504.773956299, 807.194152832, 460.596984863, 1156.51525879, 951.54498291, 845.262939453, 1091.36425781, 1209.73937988, 586.55847168, 530.356506348, 391.087524414, 292.198364258, 187.429092407, 93.9721374512, 40.2200660706, 11.0204553604, 2.71574449539, 0.28479835391, 0.0137543873861, 8.15361418063e-05, 2.59950994064e-08]
    },
    "gfcc": {
        "mean": [16.3698787689, 54.4248428345, -100.098991394, 43.4234390259, -57.4968910217, 21.1478004456, -30.3149776459, 11.9923582077, -23.2725925446, 8.58638954163, -14.8847055435, 4.97308158875, -11.0847206116],
        "cov": [[31286.7597656, -495.392974854, 651.50982666, 1485.09851074, -676.122436523, 774.986938477, -808.839538574, 610.933044434, -726.454162598, 311.229614258, -718.880004883, 441.571899414, -327.781280518], [-495.392974854, 1966.56225586, -247.517944336, -135.374069214, 161.834701538, -98.908706665, 136.39781189, -101.463806152, 186.567977905, -84.056098938, 150.984588623, -69.2856750488, 143.895431519], [651.50982666, -247.517944336, 1041.56994629, 295.692382812, 341.264709473, 217.385467529, 80.5486602783, 108.291488647, -12.3124408722, 41.8764801025, -53.8012466431, 76.5886230469, 7.08317041397], [1485.09851074, -135.374069214, 295.692382812, 422.454437256, 104.747299194, 149.138519287, 25.2687797546, 74.5134277344, -18.9052867889, 36.8828849792, -19.0085067749, 41.6941680908, -9.70743179321], [-676.122436523, 161.834701538, 341.264709473, 104.747299194, 450.470947266, 150.104003906, 136.501419067, 50.4848594666, 58.5036582947, 9.44873046875, 34.6145362854, 39.3075027466, 48.3845748901], [774.986938477, -98.908706665, 217.385467529, 149.138519287, 150.104003906, 240.376495361, 66.1422576904, 100.869827271, 3.30451726913, 43.6448020935, -14.4586324692, 44.2242012024, 8.61421871185], [-808.839538574, 136.39781189, 80.5486602783, 25.2687797546, 136.501419067, 66.1422576904, 155.954071045, 48.1986312866, 73.5361557007, 19.7976398468, 50.2235794067, 12.135427475, 34.5054244995], [610.933044434, -101.463806152, 108.291488647, 74.5134277344, 50.4848594666, 100.869827271, 48.1986312866, 126.091491699, 26.9117069244, 54.9583511353, -2.17508292198, 45.7646141052, 4.07369995117], [-726.454162598, 186.567977905, -12.3124408722, -18.9052867889, 58.5036582947, 3.30451726913, 73.5361557007, 26.9117069244, 113.584602356, 30.8136062622, 57.9332199097, 3.02727222443, 32.5645904541], [311.229614258, -84.056098938, 41.8764801025, 36.8828849792, 9.44873046875, 43.6448020935, 19.7976398468, 54.9583511353, 30.8136062622, 91.1284942627, 25.5080776215, 35.8972930908, 2.10228300095], [-718.880004883, 150.984588623, -53.8012466431, -19.0085067749, 34.6145362854, -14.4586324692, 50.2235794067, -2.17508292198, 57.9332199097, 25.5080776215, 92.4310836792, 19.0274143219, 33.9778366089], [441.571899414, -69.2856750488, 76.5886230469, 41.6941680908, 39.3075027466, 44.2242012024, 12.135427475, 45.7646141052, 3.02727222443, 35.8972930908, 19.0274143219, 78.8333282471, 26.9355983734], [-327.781280518, 143.895431519, 7.08317041397, -9.70743179321, 48.3845748901, 8.61421871185, 34.5054244995, 4.07369995117, 32.5645904541, 2.10228300095, 33.9778366089, 26.9355983734, 72.0283660889]],
        "icov": [[0.000106050072645, -0.000205926917261, 4.97352484672e-05, -0.000265560171101, 0.000151585234562, -0.00015901774168, 0.000397616415285, -0.00032614992233, 0.000378786993679, -0.000358884164598, 0.00069895881461, -0.000685422564857, 0.000364296894986], [-0.000205926917261, 0.00123285606969, 3.57332355634e-05, 0.000449193001259, -0.00052422482986, 0.000324151449604, -0.000699095020536, 0.00086378317792, -0.00165963964537, 0.00146956474055, -0.00196069921367, 0.0021759448573, -0.00192496518139], [4.97352484672e-05, 3.57332355634e-05, 0.0017609000206, -0.000829057011288, -0.0010803436162, -9.64343926171e-05, -8.16111860331e-05, -3.9690588892e-05, 9.80104086921e-05, -0.000509168428835, 0.00187230180018, -0.0011747853132, 0.000175286302692], [-0.000265560171101, 0.000449193001259, -0.000829057011288, 0.00412522442639, -0.000262314511929, -0.00109194847755, -0.000694368383847, 0.000341219361871, -0.000265746377409, 0.000706210092176, -0.0023895399645, 0.001483729342, -0.000176340909093], [0.000151585234562, -0.00052422482986, -0.0010803436162, -0.000262314511929, 0.00481068948284, -0.0022200064268, -0.00170023890678, 0.000920694321394, -0.000346793443896, 0.000790453457739, 0.000470760685857, -0.00211232504807, 0.000305938418023], [-0.00015901774168, 0.000324151449604, -9.64343926171e-05, -0.00109194847755, -0.0022200064268, 0.00952679850161, -0.00251341750845, -0.00429938361049, 0.00206691166386, -0.00129118061159, 0.000887826725375, 0.00130333122797, -0.00151275098324], [0.000397616415285, -0.000699095020536, -8.16111860331e-05, -0.000694368383847, -0.00170023890678, -0.00251341750845, 0.0157725159079, -0.00558237824589, -0.00313617312349, 0.00105370837264, -0.00283335358836, 0.001128021162, -0.00037505151704], [-0.00032614992233, 0.00086378317792, -3.9690588892e-05, 0.000341219361871, 0.000920694321394, -0.00429938361049, -0.00558237824589, 0.0207977704704, -0.00660962192342, -0.00420022197068, 0.0046483525075, -0.00628625368699, 0.00150264147669], [0.000378786993679, -0.00165963964537, 9.80104086921e-05, -0.000265746377409, -0.000346793443896, 0.00206691166386, -0.00313617312349, -0.00660962192342, 0.0223152283579, -0.00688706478104, -0.00433295313269, 0.00396773871034, -0.00247182673775], [-0.000358884164598, 0.00146956474055, -0.000509168428835, 0.000706210092176, 0.000790453457739, -0.00129118061159, 0.00105370837264, -0.00420022197068, -0.00688706478104, 0.0220061708242, -0.00864509493113, -0.00246111187153, 0.00240232842043], [0.00069895881461, -0.00196069921367, 0.00187230180018, -0.0023895399645, 0.000470760685857, 0.000887826725375, -0.00283335358836, 0.0046483525075, -0.00433295313269, -0.00864509493113, 0.0291828028858, -0.0122250085697, 0.000280200823909], [-0.000685422564857, 0.0021759448573, -0.0011747853132, 0.001483729342, -0.00211232504807, 0.00130333122797, 0.001128021162, -0.00628625368699, 0.00396773871034, -0.00246111187153, -0.0122250085697, 0.0311877820641, -0.0136905312538], [0.000364296894986, -0.00192496518139, 0.000175286302692, -0.000176340909093, 0.000305938418023, -0.00151275098324, -0.00037505151704, 0.00150264147669, -0.00247182673775, 0.00240232842043, 0.000280200823909, -0.0136905312538, 0.0254508648068]]
    },
    "melbands": {
        "dmean": [0.00234725885093, 0.0022993774619, 0.00125274900347, 0.000682439771481, 0.000303066772176, 0.000217821536353, 0.000126139406348, 0.000111912391731, 8.29149939818e-05, 6.34948592051e-05, 5.77756836719e-05, 3.70112829842e-05, 3.76818024961e-05, 3.35289551003e-05, 2.18019613385e-05, 2.37585300056e-05, 1.97046883841e-05, 1.27611256175e-05, 1.55071174959e-05, 1.38716550282e-05, 1.54463923536e-05, 1.23699028336e-05, 1.17796143968e-05, 1.24911675812e-05, 1.31033157231e-05, 1.16100145533e-05, 9.99369513011e-06, 1.17567915368e-05, 1.15545817607e-05, 7.6589112723e-06, 7.17959119356e-06, 6.47714614388e-06, 5.53059180675e-06, 5.27206111656e-06, 4.69156429972e-06, 4.09916174249e-06, 3.40487099493e-06, 2.72702004622e-06, 2.51744722846e-06, 2.01239572561e-06],
        "dmean2": [0.00334850512445, 0.00355753605254, 0.00210502417758, 0.0011336322641, 0.000529311597347, 0.000355055439286, 0.000211429112824, 0.000186620018212, 0.000135428475915, 0.000104383718281, 9.44282510318e-05, 6.2805491325e-05, 6.3602848968e-05, 5.7243014453e-05, 3.73372422473e-05, 4.08694795624e-05, 3.38534737239e-05, 2.18156819756e-05, 2.59138851106e-05, 2.33623031818e-05, 2.59769385593e-05, 2.16654352698e-05, 1.99518435693e-05, 2.09219942917e-05, 2.2446120056e-05, 1.97553636099e-05, 1.65871206264e-05, 1.98633970285e-05, 1.92314182641e-05, 1.25016449601e-05, 1.18587704492e-05, 1.05725912363e-05, 9.00386476133e-06, 8.64808498591e-06, 7.70976566855e-06, 6.590463272e-06, 5.43658643437e-06, 4.16205148213e-06, 3.89902925235e-06, 3.04368995785e-06],
        "dvar": [1.1470514437e-05, 1.74435754161e-05, 9.29790257942e-06, 2.70213990916e-06, 5.1778249599e-07, 1.16215751689e-07, 5.46718688099e-08, 6.04090928391e-08, 3.15676267348e-08, 1.20895800038e-08, 1.04471142848e-08, 3.74682151971e-09, 4.32450475429e-09, 2.80394329977e-09, 1.00830510608e-09, 1.38726208299e-09, 1.08045716818e-09, 4.03028582729e-10, 5.64793434243e-10, 4.42717584814e-10, 6.85481227336e-10, 5.22350995791e-10, 3.56553564451e-10, 3.64175994916e-10, 6.04818972683e-10, 4.1556674768e-10, 2.22735774269e-10, 3.08624376055e-10, 3.30236615831e-10, 1.37425071323e-10, 1.07718022002e-10, 9.88946563529e-11, 7.27263943512e-11, 8.46461442605e-11, 6.2325200556e-11, 4.67304493712e-11, 3.33981453604e-11, 2.06041919637e-11, 1.93565927176e-11, 1.21169515394e-11],
        "dvar2": [2.23226488743e-05, 3.92787005694e-05, 2.40844183281e-05, 6.86087651047e-06, 1.47370099057e-06, 3.01857227214e-07, 1.4717342367e-07, 1.57371985665e-07, 7.22075697013e-08, 2.99898914591e-08, 2.55735077559e-08, 1.0339396006e-08, 1.13490008502e-08, 7.46702610854e-09, 2.75910649883e-09, 3.84353748828e-09, 3.0823641417e-09, 1.12938547403e-09, 1.49572199071e-09, 1.18470822041e-09, 1.81238257735e-09, 1.47625245361e-09, 9.29506527303e-10, 9.5835384073e-10, 1.66208058427e-09, 1.13459142081e-09, 5.92794258125e-10, 8.23888679502e-10, 8.54958825958e-10, 3.48001988337e-10, 2.8051366785e-10, 2.5607632681e-10, 1.80059550603e-10, 2.24153612338e-10, 1.61644406194e-10, 1.17684070822e-10, 8.13007924871e-11, 4.62131374834e-11, 4.57932719522e-11, 2.67051155495e-11],
        "max": [0.0369111634791, 0.0414571799338, 0.0331574641168, 0.021340822801, 0.0103756934404, 0.00580486468971, 0.0044478867203, 0.00528396852314, 0.00688298232853, 0.00256256572902, 0.00158710207324, 0.00116971810348, 0.00162815954536, 0.000838436128106, 0.000442061602371, 0.000580438587349, 0.000453976681456, 0.000380057987059, 0.000570570817217, 0.000343814288499, 0.000528390868567, 0.000235497092945, 0.000303001957946, 0.00032398669282, 0.000513852166478, 0.00057489646133, 0.000266399030806, 0.000202948765946, 0.000526874500792, 0.0003006834595, 0.000187360783457, 0.000152398351929, 0.000145455924212, 0.000171768144355, 0.000112284826173, 8.81584492163e-05, 0.000120776865515, 0.000118198717246, 0.000100583922176, 7.07564540789e-05],
        "mean": [0.00469607161358, 0.00352429854684, 0.00135829905048, 0.000767650315538, 0.000366236025002, 0.000331415503751, 0.000187769794138, 0.000159133487614, 0.000125344420667, 9.60869001574e-05, 8.84718683665e-05, 5.82208085689e-05, 5.88297734794e-05, 5.15651299793e-05, 3.58528268407e-05, 3.77267278964e-05, 3.17831727443e-05, 2.17213291762e-05, 2.65946764557e-05, 2.41571651713e-05, 2.53092021012e-05, 1.86915222002e-05, 1.98939051188e-05, 2.25662679441e-05, 2.07908578886e-05, 1.95740503841e-05, 1.94561907847e-05, 2.04338412004e-05, 2.0499152015e-05, 1.49677744048e-05, 1.36212302095e-05, 1.24296639115e-05, 1.08998519863e-05, 9.63740330917e-06, 8.31471788842e-06, 7.41396343074e-06, 6.18448120804e-06, 5.20208368471e-06, 4.51032565252e-06, 3.657477464e-06],
        "median": [0.00236952956766, 0.00182644557208, 0.000511318736244, 0.000281617714791, 0.000175551424036, 0.000171565057826, 0.000108317588456, 7.68393365433e-05, 5.58123720111e-05, 4.90649326821e-05, 4.8577087e-05, 3.65106971003e-05, 3.45063599525e-05, 3.19036189467e-05, 2.33193059103e-05, 2.4542950996e-05, 2.07798293559e-05, 1.57458562171e-05, 1.77138881554e-05, 1.55486231961e-05, 1.498362235e-05, 1.21728771774e-05, 1.25347660287e-05, 1.41258969961e-05, 1.30496173369e-05, 1.25138321891e-05, 1.21012526506e-05, 1.30749176606e-05, 1.2943013644e-05, 1.08097146949e-05, 9.57384145295e-06, 8.61766602611e-06, 7.3459914347e-06, 6.3895022322e-06, 5.09556593897e-06, 4.37356902694e-06, 3.53834002453e-06, 2.8638751246e-06, 2.38110214923e-06, 1.8081309463e-06],
        "min": [1.40920013739e-23, 5.30196254298e-24, 1.41300765343e-23, 2.51122982897e-23, 1.58318719657e-23, 2.59040799524e-24, 5.23732564699e-24, 1.09349011451e-23, 4.64416141083e-24, 4.27169797342e-24, 8.65641447101e-24, 1.06946914217e-23, 1.06620199585e-23, 1.02577476772e-23, 3.36119392775e-24, 5.90150669171e-24, 8.30637637698e-24, 8.21226527099e-24, 5.03094030709e-24, 6.9326445303e-24, 7.99839876869e-24, 8.02639859766e-24, 9.6208158603e-24, 8.81011060776e-24, 1.37419049041e-23, 1.24232497481e-23, 1.34837864605e-23, 1.30619541355e-23, 9.55602040327e-24, 7.8257321049e-24, 8.89152420862e-24, 8.41505616617e-24, 1.35648924056e-23, 1.02410774686e-23, 1.07639029221e-23, 1.03192740946e-23, 1.04241563074e-23, 1.55147987911e-23, 9.73175258054e-24, 1.06551308362e-23],
        "var": [3.31154660671e-05, 2.71341159532e-05, 8.05669787951e-06, 2.51981100519e-06, 4.08447675682e-07, 1.99439213588e-07, 7.11120122787e-08, 8.88461286763e-08, 7.29282731982e-08, 2.03954346745e-08, 1.670782801e-08, 5.23948617825e-09, 6.38522434926e-09, 4.16408818538e-09, 1.61515290031e-09, 1.89713311727e-09, 1.37749722739e-09, 5.75363867661e-10, 9.87115167383e-10, 7.62709284619e-10, 1.17869414229e-09, 5.37710986848e-10, 6.91007695508e-10, 8.47481862465e-10, 7.38649641452e-10, 5.87628612436e-10, 5.28130594812e-10, 5.26779120325e-10, 6.60771271033e-10, 2.683150091e-10, 2.13040737829e-10, 1.90116186682e-10, 1.48569878622e-10, 1.30416497046e-10, 1.03274611085e-10, 8.88087728357e-11, 6.77840492069e-11, 4.86469302341e-11, 4.04964638212e-11, 2.73446196242e-11]
    },
    "mfcc": {
        "mean": [-618.139709473, 84.2534408569, 14.8341197968, 25.8276824951, 2.48609161377, 11.4392766953, 5.21749687195, 5.59264278412, 1.59033358097, 4.0083231926, 0.480372548103, 2.38305473328, 1.21923732758],
        "cov": [[13225.5419922, -686.109069824, 874.243713379, 776.519775391, 382.656280518, 243.805023193, 161.214050293, 162.086380005, 138.826797485, -42.1406936646, -31.7195587158, -18.5242805481, -17.4987621307], [-686.109069824, 1700.70483398, -104.641662598, 5.29668712616, 68.3110656738, 31.8458499908, 4.15882968903, 39.0044250488, 29.6329803467, 39.8630447388, 15.7648572922, 19.4148273468, 27.542432785], [874.243713379, -104.641662598, 428.026733398, 167.604949951, 133.19921875, 104.824264526, 89.7511062622, 60.6907463074, 62.5279006958, 15.0779085159, 15.3767271042, 4.25284194946, 2.67571663857], [776.519775391, 5.29668712616, 167.604949951, 283.045593262, 123.928688049, 99.3498687744, 71.7797012329, 53.8829154968, 35.5141220093, 17.8560562134, 15.4781484604, 13.961766243, 15.1285800934], [382.656280518, 68.3110656738, 133.19921875, 123.928688049, 280.892364502, 150.021087646, 129.665161133, 90.4881210327, 78.2492599487, 17.2201004028, 29.7815933228, 5.04801273346, 20.2618503571], [243.805023193, 31.8458499908, 104.824264526, 99.3498687744, 150.021087646, 165.441726685, 111.08568573, 74.4416885376, 61.56067276, 28.8110942841, 30.1965389252, 14.418721199, 19.4815559387], [161.214050293, 4.15882968903, 89.7511062622, 71.7797012329, 129.665161133, 111.08568573, 145.034103394, 85.9254837036, 64.9559860229, 24.9087562561, 31.8828678131, 14.8684501648, 19.4624557495], [162.086380005, 39.0044250488, 60.6907463074, 53.8829154968, 90.4881210327, 74.4416885376, 85.9254837036, 107.89743042, 67.5217590332, 23.0209178925, 27.6998233795, 19.9699459076, 19.2293815613], [138.826797485, 29.6329803467, 62.5279006958, 35.5141220093, 78.2492599487, 61.56067276, 64.9559860229, 67.5217590332, 101.391799927, 36.1944084167, 27.4077243805, 22.8178520203, 24.3306274414], [-42.1406936646, 39.8630447388, 15.0779085159, 17.8560562134, 17.2201004028, 28.8110942841, 24.9087562561, 23.0209178925, 36.1944084167, 67.674987793, 34.6922531128, 19.011631012, 18.3670215607], [-31.7195587158, 15.7648572922, 15.3767271042, 15.4781484604, 29.7815933228, 30.1965389252, 31.8828678131, 27.6998233795, 27.4077243805, 34.6922531128, 69.8237991333, 33.7427406311, 17.5738563538], [-18.5242805481, 19.4148273468, 4.25284194946, 13.961766243, 5.04801273346, 14.418721199, 14.8684501648, 19.9699459076, 22.8178520203, 19.011631012, 33.7427406311, 68.1715774536, 38.6992912292], [-17.4987621307, 27.542432785, 2.67571663857, 15.1285800934, 20.2618503571, 19.4815559387, 19.4624557495, 19.2293815613, 24.3306274414, 18.3670215607, 17.5738563538, 38.6992912292, 74.3080749512]],
