{
"lowlevel": {
    "average_loudness": 0.862597882748,
    "barkbands_crest": {
        "dmean": 3.15580224991,
        "dmean2": 5.15371990204,
        "dvar": 12.563451767,
        "dvar2": 30.148683548,
        "max": 25.7050151825,
        "mean": 12.6883859634,
        "median": 12.568277359,
        "min": 1.90750658512,
        "var": 37.271812439
    },
    "barkbands_flatness_db": {
        "dmean": 0.0304614454508,
        "dmean2": 0.0473469085991,
        "dvar": 0.00133944652043,
        "dvar2": 0.00294593302533,
        "max": 0.69687974453,
        "mean": 0.137045323849,
        "median": 0.12423312664,
        "min": 0.0100034642965,
        "var": 0.00588249741122
    },
    "barkbands_kurtosis": {
        "dmean": 5.78429412842,
        "dmean2": 9.06698608398,
        "dvar": 546.582702637,
        "dvar2": 1426.1739502,
        "max": 1253.27941895,
        "mean": 8.28914928436,
        "median": 2.57673239708,
        "min": -1.76764261723,
        "var": 633.613098145
    },
    "barkbands_skewness": {
        "dmean": 0.804940283298,
        "dmean2": 1.25739431381,
        "dvar": 1.2010641098,
        "dvar2": 2.62096261978,
        "max": 18.8890762329,
        "mean": 2.10343551636,
        "median": 1.872143507,
        "min": -2.75139570236,
        "var": 3.65752625465
    },
    "barkbands_spread": {
        "dmean": 8.72996139526,
        "dmean2": 14.0435085297,
        "dvar": 121.04523468,
        "dvar2": 285.622314453,
        "max": 94.0953674316,
        "mean": 27.5403327942,
        "median": 25.7412624359,
        "min": 0.0716138705611,
        "var": 252.39100647
    },
    "dissonance": {
        "dmean": 0.00971875339746,
        "dmean2": 0.01672321558,
        "dvar": 0.000140074567753,
        "dvar2": 0.000406929495512,
        "max": 0.500000059605,
        "mean": 0.485261589289,
        "median": 0.489372014999,
        "min": 0.296955406666,
        "var": 0.000249124044785
    },
    "dynamic_complexity": 3.17088246346,
    "erbbands_crest": {
        "dmean": 1.60690701008,
        "dmean2": 2.7496445179,
        "dvar": 3.0178399086,
        "dvar2": 8.16808605194,
        "max": 25.5886287689,
        "mean": 5.45090436935,
        "median": 4.81330776215,
        "min": 2.08611249924,
        "var": 5.48979663849
    },
    "erbbands_flatness_db": {
        "dmean": 0.0149374296889,
        "dmean2": 0.0225107260048,
        "dvar": 0.000248067895882,
        "dvar2": 0.00053770915838,
        "max": 0.398400366306,
        "mean": 0.130063712597,
        "median": 0.116495639086,
        "min": 0.0439959019423,
        "var": 0.00250239414163
    },
    "erbbands_kurtosis": {
        "dmean": 0.636589109898,
        "dmean2": 1.07756340504,
        "dvar": 3.78852939606,
        "dvar2": 10.9112434387,
        "max": 126.585189819,
        "mean": 0.0814057141542,
        "median": -0.0373151302338,
        "min": -1.86040341854,
        "var": 5.06022405624
    },
    "erbbands_skewness": {
        "dmean": 0.287592470646,
        "dmean2": 0.480900883675,
        "dvar": 0.104297630489,
        "dvar2": 0.281671822071,
        "max": 10.4389257431,
        "mean": -0.333843886852,
        "median": -0.386762976646,
        "min": -2.01543569565,
        "var": 0.225182652473
    },
    "erbbands_spread": {
        "dmean": 9.23754787445,
        "dmean2": 15.0125608444,
        "dvar": 132.827041626,
        "dvar2": 343.655822754,
        "max": 186.872879028,
        "mean": 40.9955329895,
        "median": 38.740562439,
        "min": 2.56320285797,
        "var": 213.44519043
    },
    "hfc": {
        "dmean": 15.6808681488,
        "dmean2": 24.7666912079,
        "dvar": 890.150085449,
        "dvar2": 2314.15234375,
        "max": 241.86428833,
        "mean": 32.6492233276,
        "median": 23.8891677856,
        "min": 1.08535969595e-16,
        "var": 1116.51647949
    },
    "melbands_crest": {
        "dmean": 4.21892786026,
        "dmean2": 6.49811983109,
        "dvar": 21.4958114624,
        "dvar2": 47.5763816833,
        "max": 38.0502433777,
        "mean": 21.4526138306,
        "median": 20.524471283,
        "min": 1.68543303013,
        "var": 102.15070343
    },
    "melbands_flatness_db": {
        "dmean": 0.0380882248282,
        "dmean2": 0.0595450587571,
        "dvar": 0.00221500452608,
        "dvar2": 0.00501618999988,
        "max": 0.842670202255,
        "mean": 0.205144658685,
        "median": 0.200956642628,
        "min": 0.00326950848103,
        "var": 0.0102578261867
    },
    "melbands_kurtosis": {
        "dmean": 17.4474143982,
        "dmean2": 27.3447093964,
        "dvar": 1775.16625977,
        "dvar2": 3556.52734375,
        "max": 1133.74133301,
        "mean": 31.7718868256,
        "median": 15.0921478271,
        "min": -1.64774894714,
        "var": 3877.63500977
    },
    "melbands_skewness": {
        "dmean": 1.2416369915,
        "dmean2": 1.96070861816,
        "dvar": 2.88653039932,
        "dvar2": 6.20463466644,
        "max": 30.8067016602,
        "mean": 4.174680233,
        "median": 3.63730359077,
        "min": -1.17378842831,
        "var": 9.13435554504
    },
    "melbands_spread": {
        "dmean": 10.2900371552,
        "dmean2": 17.2892551422,
        "dvar": 219.744781494,
        "dvar2": 561.36126709,
        "max": 154.999298096,
        "mean": 25.6075248718,
        "median": 17.4300880432,
        "min": 0.0648438706994,
        "var": 481.339111328
    },
    "pitch_salience": {
        "dmean": 0.10309137404,
        "dmean2": 0.167125344276,
        "dvar": 0.0154992910102,
        "dvar2": 0.0367574468255,
        "max": 0.941905975342,
        "mean": 0.439789146185,
        "median": 0.459174841642,
        "min": 0.0175683293492,
        "var": 0.0444098450243
    },
    "silence_rate_20dB": {
        "dmean": 0,
        "dmean2": 0,
        "dvar": 0,
        "dvar2": 0,
        "max": 1,
        "mean": 1,
        "median": 1,
        "min": 1,
        "var": 0
    },
    "silence_rate_30dB": {
        "dmean": 0.0986639261246,
        "dmean2": 0.197350382805,
        "dvar": 0.0889225006104,
        "dvar2": 0.1974593997,
        "max": 1,
        "mean": 0.731103003025,
        "median": 1,
        "min": 0,
        "var": 0.196587488055
    },
    "silence_rate_60dB": {
        "dmean": 0.0150736551732,
        "dmean2": 0.0301507543772,
        "dvar": 0.0148475542665,
        "dvar2": 0.0365549810231,
        "max": 1,
        "mean": 0.0592601038516,
        "median": 0,
        "min": 0,
        "var": 0.0557459890842
    },
    "spectral_centroid": {
        "dmean": 332.615478516,
        "dmean2": 544.167114258,
        "dvar": 167143.65625,
        "dvar2": 439158.09375,
        "max": 11594.7929688,
        "mean": 2060.4309082,
        "median": 2208.28417969,
        "min": 65.2216110229,
        "var": 855786.375
    },
    "spectral_complexity": {
        "dmean": 5.34475278854,
        "dmean2": 8.37734127045,
        "dvar": 35.7272338867,
        "dvar2": 75.809211731,
        "max": 66,
        "mean": 30.6245727539,
        "median": 34,
        "min": 0,
        "var": 238.270767212
    },
    "spectral_decrease": {
        "dmean": 3.52081408472e-09,
        "dmean2": 5.29176213959e-09,
        "dvar": 2.52451188525e-17,
        "dvar2": 5.23200968775e-17,
        "max": 1.31698712753e-28,
        "mean": -1.4552983707e-08,
        "median": -8.58014370664e-09,
        "min": -4.90762452898e-08,
        "var": 1.65172364392e-16
    },
    "spectral_energy": {
        "dmean": 0.0133987944573,
        "dmean2": 0.0200124960393,
        "dvar": 0.000351201510057,
        "dvar2": 0.000726140744518,
        "max": 0.188722878695,
        "mean": 0.057887878269,
        "median": 0.0360737368464,
        "min": 1.0339096074e-20,
        "var": 0.00247447751462
    },
    "spectral_energyband_high": {
        "dmean": 0.0014267291408,
        "dmean2": 0.00225931569003,
        "dvar": 7.61369028623e-06,
        "dvar2": 1.94387084775e-05,
        "max": 0.02686695382,
        "mean": 0.00217452715151,
        "median": 0.001133908052,
        "min": 7.15690721589e-21,
        "var": 8.88605245564e-06
    },
    "spectral_energyband_low": {
        "dmean": 0.0137349423021,
        "dmean2": 0.0209990702569,
        "dvar": 0.000464590935735,
        "dvar2": 0.00100377295166,
        "max": 0.181363850832,
        "mean": 0.0444639138877,
        "median": 0.0182093512267,
        "min": 1.44296338413e-23,
        "var": 0.00218074489385
    },
    "spectral_energyband_middle_high": {
        "dmean": 0.00247869710438,
        "dmean2": 0.00427229469642,
        "dvar": 2.24614177569e-05,
        "dvar2": 6.49296707707e-05,
        "max": 0.0387094058096,
        "mean": 0.00626168213785,
        "median": 0.00584437698126,
        "min": 1.34588222945e-21,
        "var": 2.55043323705e-05
    },
    "spectral_energyband_middle_low": {
        "dmean": 0.0039328369312,
        "dmean2": 0.00700336089358,
        "dvar": 9.0795190772e-05,
        "dvar2": 0.000257249455899,
        "max": 0.0738391205668,
        "mean": 0.00554956216365,
        "median": 0.00402095541358,
        "min": 1.33734087271e-22,
        "var": 5.9199759562e-05
    },
    "spectral_entropy": {
        "dmean": 0.137306138873,
        "dmean2": 0.210876554251,
        "dvar": 0.0315790586174,
        "dvar2": 0.0734527260065,
        "max": 9.82040977478,
        "mean": 7.97805929184,
        "median": 8.08306312561,
        "min": 4.78535270691,
        "var": 0.222489640117
    },
    "spectral_flux": {
        "dmean": 0.0354405939579,
        "dmean2": 0.05256684497,
        "dvar": 0.00270438706502,
        "dvar2": 0.0044715674594,
        "max": 0.457178652287,
        "mean": 0.10806568712,
        "median": 0.0847066640854,
        "min": 6.42418548913e-11,
        "var": 0.00648212851956
    },
    "spectral_kurtosis": {
        "dmean": 1.91969394684,
        "dmean2": 3.19591617584,
        "dvar": 32.2166862488,
        "dvar2": 90.7981338501,
        "max": 222.982391357,
        "mean": 5.24870729446,
        "median": 2.94674277306,
        "min": -1.25142514706,
        "var": 171.426345825
    },
    "spectral_rms": {
        "dmean": 0.000896493496839,
        "dmean2": 0.00133339129388,
        "dvar": 1.32338493586e-06,
        "dvar2": 2.51571873378e-06,
        "max": 0.0135690784082,
        "mean": 0.00663761422038,
        "median": 0.00593244377524,
        "min": 3.17599158778e-12,
        "var": 1.24180014609e-05
    },
    "spectral_rolloff": {
        "dmean": 778.790405273,
        "dmean2": 1326.4239502,
        "dvar": 1700866.125,
        "dvar2": 3886174.75,
        "max": 19530.6152344,
        "mean": 1552.44177246,
        "median": 839.794921875,
        "min": 43.06640625,
        "var": 4196279.5
    },
    "spectral_skewness": {
        "dmean": 0.203108996153,
        "dmean2": 0.333918839693,
        "dvar": 0.104092203081,
        "dvar2": 0.281963825226,
        "max": 10.9480247498,
        "mean": 1.41536724567,
        "median": 1.25705099106,
        "min": -0.0683090388775,
        "var": 0.699001550674
    },
    "spectral_spread": {
        "dmean": 710375.375,
        "dmean2": 1011808.125,
        "dvar": 903002128384,
        "dvar2": 1.69052287795e+12,
        "max": 42520012,
        "mean": 4766868.5,
        "median": 4563110,
        "min": 381678.03125,
        "var": 7.83278512538e+12
    },
    "spectral_strongpeak": {
        "dmean": 0.18229688704,
        "dmean2": 0.309208512306,
        "dvar": 0.116911105812,
        "dvar2": 0.284188777208,
        "max": 12.2628097534,
        "mean": 0.413719236851,
        "median": 0.371437370777,
        "min": 0,
        "var": 0.173686534166
    },
    "zerocrossingrate": {
        "dmean": 0.0140946954489,
        "dmean2": 0.0167881529778,
        "dvar": 0.000337794364896,
        "dvar2": 0.000447172438726,
        "max": 0.802734375,
        "mean": 0.0610059425235,
        "median": 0.05126953125,
        "min": 0.00146484375,
        "var": 0.00251699541695
    },
    "barkbands": {
        "dmean": [0.00271142972633, 0.0122012132779, 0.00376343913376, 0.00172125757672, 0.0016065746313, 0.000666495703626, 0.000451116939075, 0.000325764209265, 0.00045929121552, 0.000412820925703, 0.000419202755438, 0.000308011047309, 0.000363471917808, 0.000316355144605, 0.000335871678544, 0.000431557011325, 0.000449845683761, 0.000415141577832, 0.000460808631033, 0.000269534881227, 0.000265828013653, 0.000356008444214, 0.000248704949627, 0.000209084275411, 0.000203529853025, 0.000141813783557, 1.89442343981e-05],
        "dmean2": [0.00362516287714, 0.0186637211591, 0.00693230610341, 0.00314079271629, 0.00293554854579, 0.00118231063243, 0.000801506277639, 0.0005653546541, 0.000800390786026, 0.000715331407264, 0.000726521247998, 0.000517287757248, 0.000629179994576, 0.000549573451281, 0.000576907768846, 0.00076406361768, 0.000797494431026, 0.000733960710932, 0.000796696112957, 0.000455369852716, 0.000453990360256, 0.000615919881966, 0.000397699215682, 0.00032501242822, 0.000307696638629, 0.000212699262192, 3.02245862258e-05],
        "dvar": [2.73593650491e-05, 0.000401882454753, 0.000111523266241, 2.46467679972e-05, 1.63375443663e-05, 1.52466225245e-06, 7.14145926395e-07, 2.28930090884e-07, 4.76747601397e-07, 3.67779222188e-07, 3.36360699293e-07, 1.74535159658e-07, 2.32578727832e-07, 1.96913362061e-07, 2.34037685232e-07, 5.40101325441e-07, 6.78710762259e-07, 5.50870254301e-07, 6.73814440688e-07, 1.7179182521e-07, 2.61221657638e-07, 7.02590227775e-07, 2.30710440974e-07, 1.71657532633e-07, 1.67745696444e-07, 1.16296511976e-07, 4.08799261109e-09],
        "dvar2": [4.13571469835e-05, 0.000887384929229, 0.000322433654219, 7.05889178789e-05, 4.72695210192e-05, 4.31121770816e-06, 2.03169520319e-06, 6.34860612081e-07, 1.35084815156e-06, 1.05866638478e-06, 9.51441222696e-07, 4.79739355796e-07, 6.53524693917e-07, 5.53945142201e-07, 6.377379691e-07, 1.54672284225e-06, 1.94881386051e-06, 1.58734940214e-06, 1.92407264876e-06, 4.77700666579e-07, 7.26658640815e-07, 1.95944221559e-06, 6.02481065926e-07, 4.15073742488e-07, 3.57362495151e-07, 2.40230406234e-07, 9.38450739341e-09],
        "max": [0.0593124553561, 0.166089862585, 0.0918790772557, 0.0418983921409, 0.0388610586524, 0.0154284453019, 0.00688301678747, 0.00461243931204, 0.0103475088254, 0.011053760536, 0.00864912196994, 0.00619487883523, 0.00713910255581, 0.0062265060842, 0.0051719006151, 0.00658622104675, 0.00714444788173, 0.0068724649027, 0.0094459047541, 0.00642080372199, 0.00552899809554, 0.00737062236294, 0.00602035410702, 0.00621000304818, 0.00394392618909, 0.00411546509713, 0.000895895936992],
        "mean": [0.00691757677123, 0.0337587855756, 0.00333880539984, 0.0014495307114, 0.00152315257583, 0.000797206768766, 0.000530993973371, 0.000417877745349, 0.000629186979495, 0.000583699147683, 0.000599561608396, 0.000508444441948, 0.000581268977839, 0.000506365147885, 0.000543001573533, 0.000653002061881, 0.000679024728015, 0.000662001606543, 0.000771688239183, 0.00050414778525, 0.000417565839598, 0.000443611701485, 0.000343591353158, 0.000302449130686, 0.000257202831563, 0.000151815955178, 1.62695923791e-05],
        "median": [0.00051214650739, 0.0110219838098, 0.000949060195126, 0.000403172074584, 0.000668042222969, 0.000431939843111, 0.000261124572717, 0.00025843543699, 0.00044916983461, 0.000396730727516, 0.000416915223468, 0.000377192394808, 0.000423401943408, 0.000378885190003, 0.00040162471123, 0.000463426869828, 0.000465156859718, 0.000497426022775, 0.00053827976808, 0.000370406312868, 0.000256007886492, 0.000207615987165, 0.000155253204866, 0.00012089588563, 7.32017288101e-05, 2.45881419687e-05, 4.00196086048e-07],
        "min": [1.22928392076e-24, 4.94523254189e-24, 3.11728937713e-24, 2.3649434627e-24, 1.09862938553e-23, 1.60742715669e-23, 8.11816757563e-24, 1.77248241715e-23, 1.9100236292e-23, 1.09886280948e-23, 1.97237219747e-23, 3.73996525474e-23, 4.63769559131e-23, 4.16084936894e-23, 4.84142680869e-23, 1.00854383674e-22, 7.09390742085e-23, 9.97508303765e-23, 1.50486438428e-22, 2.23525567652e-22, 2.13987570354e-22, 3.21393469089e-22, 3.44561215781e-22, 5.50371719048e-22, 9.53240130823e-22, 1.28328549815e-21, 1.96484294296e-21],
        "var": [0.000120715536468, 0.00145085586701, 6.84682599967e-05, 1.49518727994e-05, 9.93472167465e-06, 1.21279390441e-06, 6.19054389972e-07, 2.4506695695e-07, 4.75796099408e-07, 4.11842876247e-07, 4.00713673798e-07, 2.45031174018e-07, 3.4025620721e-07, 2.50804305324e-07, 3.03875481222e-07, 5.2582021226e-07, 6.40939560981e-07, 5.241515737e-07, 7.78537298629e-07, 2.60506652694e-07, 2.76515748965e-07, 5.62986372188e-07, 2.5921769975e-07, 2.15913814827e-07, 2.2275347078e-07, 1.40455668429e-07, 3.88417609187e-09]
    },
    "erbbands": {
        "dmean": [0.653027892113, 2.3554289341, 4.40877437592, 5.15667533875, 5.47895812988, 5.56774187088, 4.29598474503, 6.27306413651, 6.78299474716, 6.79612922668, 6.64749670029, 11.0650930405, 12.5784463882, 12.8547954559, 16.5713558197, 11.8515253067, 15.9533786774, 15.5219945908, 15.0824518204, 20.9118118286, 22.4520988464, 23.8660125732, 23.1296577454, 24.0883712769, 19.9385032654, 11.8963928223, 9.79242324829, 11.8052930832, 12.9887237549, 10.1453332901, 7.05096435547, 4.88936138153, 3.24659395218, 2.46040320396, 1.34086060524, 0.67101508379, 0.255090564489, 0.0505426153541, 0.00288327294402, 6.26813125564e-05],
        "dmean2": [0.932417809963, 3.91072416306, 7.95551538467, 9.45993423462, 9.95329189301, 10.215514183, 7.77296113968, 11.0432710648, 11.9700279236, 12.0881748199, 11.5303907394, 19.3302841187, 21.9272937775, 22.3596973419, 28.6348876953, 19.7759532928, 27.4911060333, 27.2265911102, 25.5304718018, 36.7760925293, 39.6829147339, 42.2046661377, 41.0184173584, 41.8222465515, 34.8051071167, 20.0557460785, 16.5797119141, 20.3267879486, 22.5473327637, 17.0951747894, 11.3069162369, 7.64661455154, 5.0562710762, 3.8297560215, 2.02634119987, 1.00951659679, 0.38854598999, 0.0761929154396, 0.00462121237069, 9.57032316364e-05],
        "dvar": [1.27704203129, 17.6498527527, 131.030136108, 231.051239014, 222.64402771, 178.764389038, 85.3045578003, 128.486083984, 146.541503906, 156.122253418, 90.1728286743, 283.842254639, 346.703155518, 476.491668701, 495.030273438, 257.309265137, 448.363830566, 513.563171387, 425.629272461, 1209.40991211, 1543.37438965, 1985.04309082, 1971.49780273, 1653.51184082, 1379.57458496, 324.074920654, 293.734161377, 630.868896484, 921.406860352, 490.175628662, 182.452392578, 95.2518920898, 39.6226387024, 23.893907547, 7.85544872284, 2.25018811226, 0.412712275982, 0.0218413099647, 9.77062736638e-05, 2.64232760117e-08],
        "dvar2": [2.20572400093, 47.333732605, 373.783508301, 664.911682129, 641.766296387, 513.096923828, 245.683044434, 359.286224365, 412.140838623, 444.16229248, 249.879562378, 798.781066895, 1012.99963379, 1348.82421875, 1396.34484863, 709.990844727, 1251.36120605, 1466.76660156, 1159.81652832, 3448.97998047, 4421.36523438, 5690.2578125, 5678.70898438, 4586.09619141, 4038.37451172, 891.557617188, 805.190612793, 1766.9342041, 2575.37670898, 1346.08898926, 478.642852783, 239.863327026, 89.5050201416, 54.065788269, 16.3819675446, 4.69432592392, 0.88328397274, 0.0466540269554, 0.000232490841881, 6.04312830887e-08],
        "max": [9.06931781769, 32.7232971191, 102.09249115, 133.409957886, 152.438415527, 104.274963379, 86.2893371582, 167.703338623, 107.319839478, 110.409378052, 127.991104126, 245.751098633, 240.593597412, 369.627990723, 391.423736572, 281.425720215, 307.000732422, 277.061981201, 265.619110107, 339.800231934, 340.229370117, 366.276153564, 426.161743164, 710.684509277, 400.636077881, 235.293075562, 268.094146729, 224.760604858, 251.753723145, 248.842056274, 157.368881226, 111.394386292, 109.85899353, 56.7151527405, 26.7792072296, 14.7594995499, 8.40644264221, 1.8203753233, 0.1280567348, 0.00197512283921],
        "mean": [1.76815676689, 4.32015275955, 4.57441806793, 4.52767133713, 4.96347522736, 5.04011583328, 4.65573501587, 7.6615228653, 8.24517917633, 7.98050451279, 9.06690120697, 14.7979888916, 18.1809616089, 18.5097484589, 25.4865989685, 21.0929965973, 26.8451519012, 25.8071289062, 27.5906448364, 32.9742546082, 35.6663017273, 37.3368606567, 36.9048156738, 41.0414619446, 33.6965942383, 22.9854831696, 17.6683044434, 16.6679439545, 16.086309433, 12.8186225891, 9.65919971466, 6.90838718414, 4.72195625305, 3.14429950714, 1.6623840332, 0.745962202549, 0.262192219496, 0.0496417433023, 0.00247465004213, 0.000118201358418],
        "median": [0.2933601439, 2.09240865707, 1.52972054482, 1.51026022434, 1.86033189297, 2.03264832497, 2.46074271202, 4.08679246902, 3.92700052261, 4.50637054443, 6.29290485382, 10.1057224274, 12.8996829987, 12.2055606842, 19.3173503876, 16.3734798431, 20.1247177124, 20.0936393738, 21.940826416, 24.4006538391, 25.6812820435, 26.7036075592, 28.1454582214, 28.5072593689, 24.7868690491, 16.9486293793, 12.3416156769, 8.99509048462, 7.63467311859, 5.79993534088, 4.26346206665, 2.8262295723, 1.77687740326, 0.958499193192, 0.429714739323, 0.152790009975, 0.0361528508365, 0.00401263963431, 0.000132080138428, 6.07995170867e-05],
        "min": [1.50761214459e-22, 1.43673204562e-21, 5.15058467911e-21, 9.40905749096e-21, 1.1661164953e-20, 3.46040249451e-20, 8.89655237774e-20, 1.27417919281e-19, 1.576084736e-19, 2.31479204894e-19, 3.19253614439e-19, 4.3169581647e-19, 4.00541971553e-19, 6.70761844394e-19, 1.05126890697e-18, 1.58491465639e-18, 2.30347342642e-18, 1.98109115641e-18, 3.10238100564e-18, 4.79016363622e-18, 5.58965603212e-18, 3.97070310032e-18, 6.08132557078e-18, 5.45550470756e-18, 7.51401521302e-18, 1.11647627845e-17, 8.54349194336e-18, 9.14672829432e-18, 1.13327855007e-17, 1.31647440577e-17, 1.01032344597e-17, 1.28932749612e-17, 9.97952298169e-18, 9.22955719777e-18, 7.25348475293e-18, 4.5491579473e-18, 2.46750809818e-18, 9.03690683311e-19, 2.51043499796e-19, 2.66698409877e-20],
        "var": [5.37137556076, 28.8132400513, 92.5327377319, 136.756011963, 135.409317017, 110.558433533, 57.2651977539, 110.387771606, 147.121276855, 125.937553406, 95.9837646484, 284.189666748, 383.588165283, 467.543212891, 625.19128418, 378.374053955, 680.45098877, 604.17956543, 639.770385742, 1229.0682373, 1502.54931641, 1822.1887207, 1752.75537109, 2246.06567383, 1383.27441406, 527.531188965, 385.502105713, 567.787536621, 736.347595215, 440.467498779, 203.852081299, 111.683059692, 53.9285240173, 30.296333313, 10.3395767212, 2.7734978199, 0.467638731003, 0.0241411346942, 8.82249878487e-05, 3.3105564512e-08]
    },
    "gfcc": {
        "mean": [12.5007801056, 75.7450942993, -120.677482605, 43.6312599182, -43.2171859741, 27.1354999542, -26.0587673187, 18.9180545807, -18.1858921051, 6.07384300232, -10.8480596542, 5.13333511353, -7.9287571907],
        "cov": [[19412.7910156, -4036.43798828, -384.757263184, 1837.01257324, -782.359741211, 842.73638916, -646.52532959, 757.026916504, -488.943237305, 630.244506836, -230.685638428, 552.176025391, -289.53036499], [-4036.43798828, 3019.68383789, -259.913970947, -356.200469971, 431.843383789, -419.711730957, 286.330963135, -376.598846436, 241.179336548, -370.994262695, 128.219543457, -340.293426514, 140.359237671], [-384.757263184, -259.913970947, 941.886291504, 29.0289058685, 292.030181885, 297.874908447, 120.287513733, 124.191131592, 47.0401496887, 93.7107772827, -32.3565940857, 74.7012710571, -2.37434339523], [1837.01257324, -356.200469971, 29.0289058685, 444.584625244, 7.3086938858, 152.774139404, -2.68819284439, 74.8227081299, -21.6995944977, 53.228263855, 10.6552906036, 33.5755310059, -7.59267234802], [-782.359741211, 431.843383789, 292.030181885, 7.3086938858, 355.195861816, 95.9809112549, 201.113372803, 32.4851264954, 107.919242859, 0.343771070242, 56.2838172913, -10.1887569427, 55.1206169128], [842.73638916, -419.711730957, 297.874908447, 152.774139404, 95.9809112549, 317.381835938, 93.6527862549, 143.969512939, 12.0881919861, 90.8044433594, -3.45251727104, 67.1104736328, -1.7426071167], [-646.52532959, 286.330963135, 120.287513733, -2.68819284439, 201.113372803, 93.6527862549, 237.349746704, 53.1929931641, 109.97883606, 2.80855751038, 63.9729804993, -4.94623947144, 54.9303131104], [757.026916504, -376.598846436, 124.191131592, 74.8227081299, 32.4851264954, 143.969512939, 53.1929931641, 168.470352173, 32.4249610901, 101.644638062, 21.5713539124, 77.1522598267, 5.97703409195], [-488.943237305, 241.179336548, 47.0401496887, -21.6995944977, 107.919242859, 12.0881919861, 109.97883606, 32.4249610901, 129.238372803, 27.5841369629, 57.5491867065, -0.44467356801, 51.0875778198], [630.244506836, -370.994262695, 93.7107772827, 53.228263855, 0.343771070242, 90.8044433594, 2.80855751038, 101.644638062, 27.5841369629, 134.269683838, 31.3955402374, 82.8578796387, 6.06822824478], [-230.685638428, 128.219543457, -32.3565940857, 10.6552906036, 56.2838172913, -3.45251727104, 63.9729804993, 21.5713539124, 57.5491867065, 31.3955402374, 99.9915390015, 26.3250217438, 46.1372795105], [552.176025391, -340.293426514, 74.7012710571, 33.5755310059, -10.1887569427, 67.1104736328, -4.94623947144, 77.1522598267, -0.44467356801, 82.8578796387, 26.3250217438, 104.835426331, 18.5617256165], [-289.53036499, 140.359237671, -2.37434339523, -7.59267234802, 55.1206169128, -1.7426071167, 54.9303131104, 5.97703409195, 51.0875778198, 6.06822824478, 46.1372795105, 18.5617256165, 66.5769958496]],
        "icov": [[0.000176399204065, -0.000124420956126, 0.000227268945309, -0.000597332313191, 5.72744356759e-05, -0.000168567072251, 0.000272053322988, -0.000513475679327, 0.000234823484789, -0.000339666905347, 0.000591304909904, -0.000747235375457, 0.000388550892239], [-0.000124420956126, 0.00162329664454, 5.35566186954e-06, 0.000819040054921, -0.00149328634143, 0.000643977837171, -2.23566312343e-05, 0.00151220685802, -0.00173420994543, 0.00222023413517, -0.0018379741814, 0.00288775982335, -0.00113692833111], [0.000227268945309, 5.35566186954e-06, 0.00276044476777, -0.000179177295649, -0.00249063805677, -0.00204251753166, 0.00138593441807, 3.47386230715e-05, -0.000602756103035, -0.00061964429915, 0.00235256133601, -0.00234599667601, 0.00145982217509], [-0.000597332313191, 0.000819040054921, -0.000179177295649, 0.00516863912344, -0.00114305864554, -0.00138386338949, 0.000312244577799, 0.00160995009355, -0.000577779486775, 0.00144143751822, -0.00335611775517, 0.00387981859967, -0.00167731789406], [5.72744356759e-05, -0.00149328634143, -0.00249063805677, -0.00114305864554, 0.00953204929829, 7.97977263574e-05, -0.00489283539355, -0.000537695130333, 0.000747441314161, -0.00145129160956, -0.000221021356992, -0.00063137622783, -0.000738532748073], [-0.000168567072251, 0.000643977837171, -0.00204251753166, -0.00138386338949, 7.97977263574e-05, 0.00976018141955, -0.00468901218846, -0.00313528557308, 0.0027959626168, -0.00156354194041, 0.00126317818649, 0.00189918477554, -0.00138959218748], [0.000272053322988, -2.23566312343e-05, 0.00138593441807, 0.000312244577799, -0.00489283539355, -0.00468901218846, 0.0147849963978, -0.00373730389401, -0.00619003688917, 0.00524189742282, -0.00292503833771, 3.23801646118e-06, -0.000321375497151], [-0.000513475679327, 0.00151220685802, 3.47386230715e-05, 0.00160995009355, -0.000537695130333, -0.00313528557308, -0.00373730389401, 0.0192566085607, -0.00494532985613, -0.003735386068, -0.00115480914246, -0.00247207586654, 0.00210633617826], [0.000234823484789, -0.00173420994543, -0.000602756103035, -0.000577779486775, 0.000747441314161, 0.0027959626168, -0.00619003688917, -0.00494532985613, 0.0238586440682, -0.0116498926654, -9.72296475084e-05, 0.00636899005622, -0.00935886055231], [-0.000339666905347, 0.00222023413517, -0.00061964429915, 0.00144143751822, -0.00145129160956, -0.00156354194041, 0.00524189742282, -0.003735386068, -0.0116498926654, 0.0279692243785, -0.00823979265988, -0.00823726132512, 0.00555234355852], [0.000591304909904, -0.0018379741814, 0.00235256133601, -0.00335611775517, -0.000221021356992, 0.00126317818649, -0.00292503833771, -0.00115480914246, -9.72296475084e-05, -0.00823979265988, 0.0241714119911, -0.00853172875941, -0.00466573331505], [-0.000747235375457, 0.00288775982335, -0.00234599667601, 0.00387981859967, -0.00063137622783, 0.00189918477554, 3.23801646118e-06, -0.00247207586654, 0.00636899005622, -0.00823726132512, -0.00853172875941, 0.0353809632361, -0.0162753742188], [0.000388550892239, -0.00113692833111, 0.00145982217509, -0.00167731789406, -0.000738532748073, -0.00138959218748, -0.000321375497151, 0.00210633617826, -0.00935886055231, 0.00555234355852, -0.00466573331505, -0.0162753742188, 0.0340650528669]]
    },
    "melbands": {
        "dmean": [0.00432896381244, 0.00240039802156, 0.000889852119144, 0.000399629207095, 0.000166379657458, 0.000136937698699, 9.81436460279e-05, 7.46937439544e-05, 5.64374895475e-05, 7.12150940672e-05, 6.38135315967e-05, 5.31735277036e-05, 5.63893809158e-05, 3.65716987289e-05, 3.39381913363e-05, 3.77928299713e-05, 3.02495518554e-05, 2.547987242e-05, 2.60668948613e-05, 3.31193405145e-05, 2.73136320175e-05, 2.61681670963e-05, 2.45132869168e-05, 1.98561847355e-05, 2.07484663406e-05, 1.81324339792e-05, 1.2015016182e-05, 7.81646940595e-06, 6.44253304927e-06, 6.47401702736e-06, 7.38065227779e-06, 8.0023010014e-06, 6.46393436909e-06, 5.29519093107e-06, 4.29849660577e-06, 3.40683141076e-06, 2.93124980999e-06, 2.28257113122e-06, 2.25014628086e-06, 2.09787117456e-06],
        "dmean2": [0.00625473167747, 0.00411522481591, 0.0016244497383, 0.0007294829702, 0.000300654297462, 0.000241772999289, 0.000174028376932, 0.000132065426442, 9.75509028649e-05, 0.000124566839077, 0.000110989822133, 9.24787091208e-05, 9.78801108431e-05, 6.20600476395e-05, 5.74107107241e-05, 6.56962583889e-05, 5.30988800165e-05, 4.30547443102e-05, 4.51760461146e-05, 5.85610650887e-05, 4.81786883029e-05, 4.61485869891e-05, 4.37331073044e-05, 3.49830879713e-05, 3.59187324648e-05, 3.19421742461e-05, 2.07023713301e-05, 1.31857832457e-05, 1.08922304207e-05, 1.10629498522e-05, 1.28397932713e-05, 1.40178899528e-05, 1.10633709482e-05, 8.87719215825e-06, 6.96554980095e-06, 5.45997409063e-06, 4.63956985186e-06, 3.54458143192e-06, 3.54812800651e-06, 3.29453223458e-06],
        "dvar": [5.04896306666e-05, 2.65088783635e-05, 6.80554103383e-06, 1.05710057596e-06, 1.30960913225e-07, 6.12410957501e-08, 3.23711084604e-08, 1.72065188764e-08, 6.08649575184e-09, 1.1913996012e-08, 8.69826433103e-09, 7.78918796129e-09, 5.83041570579e-09, 2.41177500193e-09, 2.18465934232e-09, 2.68720956598e-09, 1.95939509062e-09, 1.19231702289e-09, 1.55002832791e-09, 3.11219028326e-09, 2.18601670099e-09, 2.17956408477e-09, 2.06529660041e-09, 1.25114507643e-09, 1.13983922301e-09, 1.26902388597e-09, 3.76180975259e-10, 1.3173136193e-10, 1.2805670413e-10, 1.50883375238e-10, 2.61382221423e-10, 3.57476798163e-10, 2.16036480372e-10, 1.25244078997e-10, 6.98978722125e-11, 4.13079848105e-11, 3.5362913986e-11, 1.85567967242e-11, 2.12606477562e-11, 1.7289569082e-11],
        "dvar2": [9.59284589044e-05, 7.23401462892e-05, 1.95576994884e-05, 3.04949526253e-06, 3.77169328658e-07, 1.72302975443e-07, 9.17211835372e-08, 4.86775064701e-08, 1.67545461949e-08, 3.3664562693e-08, 2.53857344035e-08, 2.2055171911e-08, 1.65096505356e-08, 6.65484733986e-09, 6.01520211418e-09, 7.65028929095e-09, 5.57747315e-09, 3.27370730524e-09, 4.24374446695e-09, 8.97382967935e-09, 6.23882367989e-09, 6.2140470547e-09, 5.92381299569e-09, 3.62465257808e-09, 3.09414982524e-09, 3.68509267545e-09, 1.08563436019e-09, 3.55182688816e-10, 3.52992302055e-10, 4.18216322684e-10, 7.36558869452e-10, 1.00483132925e-09, 5.95852589491e-10, 3.41823985783e-10, 1.85552948007e-10, 1.05184735921e-10, 8.92662194163e-11, 4.11957239155e-11, 5.03210459413e-11, 3.95106863893e-11],
        "max": [0.0576097257435, 0.0441881678998, 0.0220455508679, 0.0102286068723, 0.00327614089474, 0.00345338881016, 0.00152487796731, 0.00120493373834, 0.00109720381442, 0.00164908519946, 0.00120308145415, 0.00157111720182, 0.00117785122711, 0.000867689494044, 0.000688862346578, 0.000718696450349, 0.000576056307182, 0.000458333553979, 0.00046189839486, 0.000495002546813, 0.000398938776925, 0.000384580693208, 0.000554352125619, 0.000311501440592, 0.000676987576298, 0.000323221844155, 0.000279450789094, 0.000152171007358, 0.000230248828302, 0.000134524438181, 0.000163379168953, 0.000168482554727, 0.000203038391192, 0.000132713801577, 0.000122768702568, 7.35901630833e-05, 7.52010237193e-05, 6.56384945614e-05, 8.25837487355e-05, 5.0031387218e-05],
        "mean": [0.0121345855296, 0.00343662500381, 0.000811132253148, 0.000367072672816, 0.000178688424057, 0.000170078026713, 0.000117169242003, 8.78022037796e-05, 7.61250194046e-05, 9.46859727264e-05, 9.05000852072e-05, 7.3149552918e-05, 8.36164181237e-05, 6.10273709754e-05, 5.57702551305e-05, 5.83380970056e-05, 4.66596902697e-05, 4.40511321358e-05, 4.0997081669e-05, 4.78831352666e-05, 4.05537284678e-05, 3.91828943975e-05, 3.55322263204e-05, 3.1082519854e-05, 3.38164463756e-05, 2.75963193417e-05, 1.9929233531e-05, 1.42239250636e-05, 1.13271589726e-05, 9.68308813754e-06, 9.67659070739e-06, 9.49516470428e-06, 7.84608710092e-06, 6.69098517392e-06, 5.69592975808e-06, 4.70829945698e-06, 4.04519778385e-06, 3.30100874635e-06, 2.98483791994e-06, 2.56118892139e-06],
        "median": [0.00303409760818, 0.00195246387739, 0.000294469587971, 0.000149104365846, 9.27749351831e-05, 9.54038041527e-05, 5.69456315134e-05, 4.77639441669e-05, 5.24060815223e-05, 6.4413776272e-05, 6.36540644336e-05, 4.68311554869e-05, 6.0586782638e-05, 4.70694540127e-05, 4.13967572968e-05, 4.07963671023e-05, 3.45541266142e-05, 3.34597571054e-05, 2.94864257739e-05, 3.26544322888e-05, 2.75438869721e-05, 2.672818664e-05, 2.50076045631e-05, 2.30148943956e-05, 2.21446989599e-05, 1.89414568013e-05, 1.37272345455e-05, 9.99918484013e-06, 7.90329431766e-06, 5.69098665437e-06, 4.79902337247e-06, 4.30378031524e-06, 3.47047125615e-06, 2.95286963592e-06, 2.46660374614e-06, 1.98408315555e-06, 1.58043599185e-06, 1.24754319586e-06, 1.00016620763e-06, 7.33864396807e-07],
        "min": [1.73889694022e-24, 2.55512047201e-24, 2.15313273193e-24, 1.58539663819e-24, 2.46164006031e-24, 3.09710913188e-24, 2.02956082657e-24, 2.45902183097e-24, 2.34418143254e-24, 2.97397839698e-24, 1.74321003722e-24, 2.26090789488e-24, 4.06941628795e-24, 3.93717440681e-24, 4.70914501119e-24, 4.0251939289e-24, 3.6863146668e-24, 4.80614926456e-24, 4.54277621843e-24, 5.90773987615e-24, 5.01479390209e-24, 3.79600971998e-24, 4.02972317378e-24, 4.3578187073e-24, 4.04779755484e-24, 4.5569287775e-24, 5.63215644651e-24, 6.07131176257e-24, 4.9304256227e-24, 3.36923952013e-24, 5.27556094621e-24, 5.84656844612e-24, 5.4036147648e-24, 6.8275161929e-24, 6.21139649883e-24, 4.92057353886e-24, 6.44387065216e-24, 6.52584394983e-24, 7.22944082411e-24, 7.47955627386e-24],
        "var": [0.000215377833229, 2.67991490546e-05, 4.04917864216e-06, 6.42411350782e-07, 8.70511698281e-08, 5.12638642647e-08, 2.94073760898e-08, 1.47883429946e-08, 6.75485356538e-09, 1.18473222344e-08, 9.75218394927e-09, 7.68659713657e-09, 7.13994019463e-09, 3.36362582232e-09, 3.17440207454e-09, 3.77275410912e-09, 2.24295582107e-09, 1.77528691747e-09, 1.90409821244e-09, 3.01961211591e-09, 2.15597939501e-09, 2.106791408e-09, 1.79442249948e-09, 1.20046872443e-09, 1.68666902667e-09, 1.15571030523e-09, 4.68163785516e-10, 2.19537249491e-10, 1.64453062279e-10, 1.60363722301e-10, 2.19750967423e-10, 2.75394540505e-10, 1.80936807204e-10, 1.18132142957e-10, 7.4497887026e-11, 4.83950449159e-11, 4.08017925002e-11, 2.59230813898e-11, 2.57117330899e-11, 2.13538995514e-11]
    },
    "mfcc": {
        "mean": [-618.692382812, 98.7459564209, -7.10333490372, 25.0676441193, 11.491774559, 12.8772392273, 10.3381843567, 14.4043664932, 5.61829423904, 6.97537326813, 4.08819913864, 3.14666199684, 3.23446726799],
        "cov": [[10869.4511719, -2250.55419922, 57.1864776611, 487.042602539, 140.322631836, 232.038101196, 39.441078186, 68.8683242798, -4.15876293182, 103.698501587, 92.706817627, 79.294418335, 100.82736969], [-2250.55419922, 1908.8059082, -178.912063599, 87.9319534302, 64.9511489868, -17.153875351, -6.62501525879, 8.29386425018, 6.88157320023, -13.9753389359, -31.6468791962, -32.2713623047, -57.411075592], [57.1864776611, -178.912063599, 530.155578613, 4.75840139389, 167.078445435, 143.505081177, 107.895149231, 83.2174835205, 95.314414978, 39.6597480774, 37.7284011841, 27.1723442078, 17.2137851715], [487.042602539, 87.9319534302, 4.75840139389, 211.188232422, 69.3800735474, 65.8095703125, 29.5055942535, 24.4349060059, 9.85840702057, 25.2803134918, 12.2655725479, 10.5252351761, 7.85885381699], [140.322631836, 64.9511489868, 167.078445435, 69.3800735474, 188.25982666, 107.860237122, 88.3952178955, 60.6623001099, 62.7231636047, 39.412109375, 33.9510040283, 25.0934734344, 19.483247757], [232.038101196, -17.153875351, 143.505081177, 65.8095703125, 107.860237122, 173.014038086, 113.214454651, 82.7642440796, 74.6925430298, 47.7845573425, 35.5202140808, 34.7977523804, 14.1551456451], [39.441078186, -6.62501525879, 107.895149231, 29.5055942535, 88.3952178955, 113.214454651, 162.549819946, 103.411636353, 71.0677261353, 58.0321846008, 43.328289032, 41.3790054321, 28.1614894867], [68.8683242798, 8.29386425018, 83.2174835205, 24.4349060059, 60.6623001099, 82.7642440796, 103.411636353, 117.38458252, 76.7631072998, 49.7031898499, 38.0553703308, 29.8324985504, 24.5003261566], [-4.15876293182, 6.88157320023, 95.314414978, 9.85840702057, 62.7231636047, 74.6925430298, 71.0677261353, 76.7631072998, 109.75025177, 60.1826248169, 40.6738319397, 31.1799983978, 24.3201637268], [103.698501587, -13.9753389359, 39.6597480774, 25.2803134918, 39.412109375, 47.7845573425, 58.0321846008, 49.7031898499, 60.1826248169, 82.1671295166, 44.940196991, 34.1082839966, 26.4478340149], [92.706817627, -31.6468791962, 37.7284011841, 12.2655725479, 33.9510040283, 35.5202140808, 43.328289032, 38.0553703308, 40.6738319397, 44.940196991, 63.1283836365, 39.0181465149, 27.3163433075], [79.294418335, -32.2713623047, 27.1723442078, 10.5252351761, 25.0934734344, 34.7977523804, 41.3790054321, 29.8324985504, 31.1799983978, 34.1082839966, 39.0181465149, 60.1236228943, 38.3998298645], [100.82736969, -57.411075592, 17.2137851715, 7.85885381699, 19.483247757, 14.1551456451, 28.1614894867, 24.5003261566, 24.3201637268, 26.4478340149, 27.3163433075, 38.3998298645, 62.2167205811]],
