{
"lowlevel": {
    "average_loudness": 0.886299431324,
    "barkbands_crest": {
        "dmean": 2.80948138237,
        "dmean2": 4.15877485275,
        "dvar": 8.60424900055,
        "dvar2": 19.0913467407,
        "max": 26.5196895599,
        "mean": 15.4214677811,
        "median": 15.423210144,
        "min": 1.99384868145,
        "var": 31.5573291779
    },
    "barkbands_flatness_db": {
        "dmean": 0.0272190812975,
        "dmean2": 0.0414580702782,
        "dvar": 0.00100801303051,
        "dvar2": 0.00229750177823,
        "max": 0.476590692997,
        "mean": 0.174546435475,
        "median": 0.146616667509,
        "min": 0.0100989015773,
        "var": 0.00864329747856
    },
    "barkbands_kurtosis": {
        "dmean": 6.87381219864,
        "dmean2": 10.4311647415,
        "dvar": 141.780426025,
        "dvar2": 287.063323975,
        "max": 221.187728882,
        "mean": 12.2917928696,
        "median": 5.36068058014,
        "min": -1.8147367239,
        "var": 390.791687012
    },
    "barkbands_skewness": {
        "dmean": 0.901517033577,
        "dmean2": 1.39293467999,
        "dvar": 1.15745639801,
        "dvar2": 2.61016130447,
        "max": 13.6230945587,
        "mean": 2.61034107208,
        "median": 2.32291936874,
        "min": -2.37967610359,
        "var": 3.83115649223
    },
    "barkbands_spread": {
        "dmean": 8.2082452774,
        "dmean2": 13.3004493713,
        "dvar": 129.701416016,
        "dvar2": 335.334472656,
        "max": 112.716667175,
        "mean": 24.1907482147,
        "median": 21.7165412903,
        "min": 0.224063694477,
        "var": 355.586120605
    },
    "dissonance": {
        "dmean": 0.0162709187716,
        "dmean2": 0.0272851400077,
        "dvar": 0.000601982465014,
        "dvar2": 0.00154928083066,
        "max": 0.500000119209,
        "mean": 0.470046550035,
        "median": 0.485761523247,
        "min": 0.13234731555,
        "var": 0.00169169658329
    },
    "dynamic_complexity": 4.23217964172,
    "erbbands_crest": {
        "dmean": 2.51138138771,
        "dmean2": 4.10284805298,
        "dvar": 7.66034984589,
        "dvar2": 18.3801403046,
        "max": 30.3269405365,
        "mean": 7.71092033386,
        "median": 6.0027513504,
        "min": 2.16111588478,
        "var": 23.457649231
    },
    "erbbands_flatness_db": {
        "dmean": 0.016561018303,
        "dmean2": 0.0254230555147,
        "dvar": 0.000363359489711,
        "dvar2": 0.000789021200035,
        "max": 0.446042537689,
        "mean": 0.131209462881,
        "median": 0.0994169861078,
        "min": 0.0440796688199,
        "var": 0.00584076112136
    },
    "erbbands_kurtosis": {
        "dmean": 1.43388700485,
        "dmean2": 2.22000861168,
        "dvar": 13.6970815659,
        "dvar2": 27.8411273956,
        "max": 124.883781433,
        "mean": 1.55704092979,
        "median": 0.16815161705,
        "min": -1.79759347439,
        "var": 35.102973938
    },
    "erbbands_skewness": {
        "dmean": 0.355945259333,
        "dmean2": 0.556111633778,
        "dvar": 0.161882594228,
        "dvar2": 0.349004775286,
        "max": 8.58691883087,
        "mean": 0.0308857355267,
        "median": -0.315656155348,
        "min": -2.97181177139,
        "var": 1.30196285248
    },
    "erbbands_spread": {
        "dmean": 12.3194255829,
        "dmean2": 19.752456665,
        "dvar": 215.574005127,
        "dvar2": 544.474182129,
        "max": 167.143997192,
        "mean": 49.5313949585,
        "median": 49.0627670288,
        "min": 1.00662875175,
        "var": 748.28314209
    },
    "hfc": {
        "dmean": 18.1013202667,
        "dmean2": 31.1031684875,
        "dvar": 1298.13623047,
        "dvar2": 3681.46166992,
        "max": 289.073516846,
        "mean": 37.5426330566,
        "median": 27.8138237,
        "min": 1.10990538727e-16,
        "var": 1779.5501709
    },
    "melbands_crest": {
        "dmean": 3.55884218216,
        "dmean2": 5.51265907288,
        "dvar": 13.5175561905,
        "dvar2": 34.8774108887,
        "max": 37.3085708618,
        "mean": 20.9995803833,
        "median": 20.7776908875,
        "min": 1.67931675911,
        "var": 44.9111824036
    },
    "melbands_flatness_db": {
        "dmean": 0.0329747907817,
        "dmean2": 0.0512726604939,
        "dvar": 0.00174473761581,
        "dvar2": 0.00416836701334,
        "max": 0.576336741447,
        "mean": 0.262536972761,
        "median": 0.239113390446,
        "min": 0.00388614065014,
        "var": 0.0119723100215
    },
    "melbands_kurtosis": {
        "dmean": 24.7510604858,
        "dmean2": 39.111240387,
        "dvar": 1659.46740723,
        "dvar2": 3563.84350586,
        "max": 571.486206055,
        "mean": 50.4499664307,
        "median": 28.9955101013,
        "min": -1.67274785042,
        "var": 4554.16357422
    },
    "melbands_skewness": {
        "dmean": 1.48062121868,
        "dmean2": 2.34067106247,
        "dvar": 3.41722512245,
        "dvar2": 7.87307357788,
        "max": 19.6020679474,
        "mean": 5.20745706558,
        "median": 4.7378745079,
        "min": -1.64406061172,
        "var": 12.2181806564
    },
    "melbands_spread": {
        "dmean": 8.1017999649,
        "dmean2": 13.7291021347,
        "dvar": 225.501846313,
        "dvar2": 589.350891113,
        "max": 184.142028809,
        "mean": 17.2502861023,
        "median": 10.8656406403,
        "min": 0.35864558816,
        "var": 466.38192749
    },
    "pitch_salience": {
        "dmean": 0.0871688053012,
        "dmean2": 0.13304631412,
        "dvar": 0.00894080661237,
        "dvar2": 0.020456623286,
        "max": 0.955890715122,
        "mean": 0.401539921761,
        "median": 0.399825513363,
        "min": 0.0418711006641,
        "var": 0.0277008414268
    },
    "silence_rate_20dB": {
        "dmean": 0,
        "dmean2": 0,
        "dvar": 0,
        "dvar2": 0,
        "max": 1,
        "mean": 1,
        "median": 1,
        "min": 1,
        "var": 0
    },
    "silence_rate_30dB": {
        "dmean": 0.119621030986,
        "dmean2": 0.239259362221,
        "dvar": 0.105297632515,
        "dvar2": 0.221626147628,
        "max": 1,
        "mean": 0.822389364243,
        "median": 1,
        "min": 0,
        "var": 0.146041706204
    },
    "silence_rate_60dB": {
        "dmean": 0.0368843562901,
        "dmean2": 0.0737740471959,
        "dvar": 0.0355309173465,
        "dvar2": 0.077451467514,
        "max": 1,
        "mean": 0.112236045301,
        "median": 0,
        "min": 0,
        "var": 0.0996189117432
    },
    "spectral_centroid": {
        "dmean": 324.445281982,
        "dmean2": 527.892272949,
        "dvar": 194518.875,
        "dvar2": 502200.375,
        "max": 11586.0498047,
        "mean": 1691.3223877,
        "median": 1815.01464844,
        "min": 155.72102356,
        "var": 1291543.5
    },
    "spectral_complexity": {
        "dmean": 5.57604694366,
        "dmean2": 8.92289924622,
        "dvar": 51.3792076111,
        "dvar2": 116.23324585,
        "max": 66,
        "mean": 22.2270755768,
        "median": 21,
        "min": 0,
        "var": 245.027511597
    },
    "spectral_decrease": {
        "dmean": 3.3553870793e-09,
        "dmean2": 5.04320007977e-09,
        "dvar": 1.74355991559e-17,
        "dvar2": 3.8561505796e-17,
        "max": 1.82922141853e-28,
        "mean": -1.4635026524e-08,
        "median": -1.52720911473e-08,
        "min": -5.61018751455e-08,
        "var": 1.24451996606e-16
    },
    "spectral_energy": {
        "dmean": 0.0130923110992,
        "dmean2": 0.0197574570775,
        "dvar": 0.000250593497185,
        "dvar2": 0.000565467576962,
        "max": 0.216403976083,
        "mean": 0.058641154319,
        "median": 0.0630485713482,
        "min": 1.00537809628e-20,
        "var": 0.0019499133341
    },
    "spectral_energyband_high": {
        "dmean": 0.00158022646792,
        "dmean2": 0.00272596650757,
        "dvar": 1.09110278572e-05,
        "dvar2": 3.09393290081e-05,
        "max": 0.0291802566499,
        "mean": 0.00290477368981,
        "median": 0.00169692665804,
        "min": 7.15670849867e-21,
        "var": 1.4795820789e-05
    },
    "spectral_energyband_low": {
        "dmean": 0.0123803382739,
        "dmean2": 0.0191478040069,
        "dvar": 0.000342289131368,
        "dvar2": 0.000764008844271,
        "max": 0.20575734973,
        "mean": 0.0464097894728,
        "median": 0.0437175706029,
        "min": 1.162053329e-23,
        "var": 0.00162080244627
    },
    "spectral_energyband_middle_high": {
        "dmean": 0.00310217938386,
        "dmean2": 0.00549133773893,
        "dvar": 4.11317996623e-05,
        "dvar2": 0.000119133903354,
        "max": 0.0496273450553,
        "mean": 0.00505193276331,
        "median": 0.00353081291541,
        "min": 1.22851881088e-21,
        "var": 4.01454744861e-05
    },
    "spectral_energyband_middle_low": {
        "dmean": 0.00360935344361,
        "dmean2": 0.00601515686139,
        "dvar": 4.27355516877e-05,
        "dvar2": 0.000112869311124,
        "max": 0.11383831501,
        "mean": 0.00537087209523,
        "median": 0.00349774584174,
        "min": 1.65039596843e-22,
        "var": 4.86739518237e-05
    },
    "spectral_entropy": {
        "dmean": 0.153829798102,
        "dmean2": 0.234246835113,
        "dvar": 0.036419544369,
        "dvar2": 0.0777756422758,
        "max": 9.82548236847,
        "mean": 7.75936937332,
        "median": 8.1440448761,
        "min": 4.29774618149,
        "var": 0.727885305882
    },
    "spectral_flux": {
        "dmean": 0.0336029417813,
        "dmean2": 0.049056161195,
        "dvar": 0.00145161035471,
        "dvar2": 0.00255060335621,
        "max": 0.408801168203,
        "mean": 0.0996733382344,
        "median": 0.0883820354939,
        "min": 6.27151108823e-11,
        "var": 0.00542847020552
    },
    "spectral_kurtosis": {
        "dmean": 2.4867682457,
        "dmean2": 4.14956045151,
        "dvar": 37.5118865967,
        "dvar2": 104.46043396,
        "max": 151.621032715,
        "mean": 6.22131061554,
        "median": 2.22973060608,
        "min": -1.2572991848,
        "var": 136.648696899
    },
    "spectral_rms": {
        "dmean": 0.000835396698676,
        "dmean2": 0.00124504428823,
        "dvar": 8.43693669594e-07,
        "dvar2": 1.80110146175e-06,
        "max": 0.0145301697776,
        "mean": 0.00671924604103,
        "median": 0.00784288160503,
        "min": 3.13186325832e-12,
        "var": 1.2062811038e-05
    },
    "spectral_rolloff": {
        "dmean": 674.01776123,
        "dmean2": 1178.4074707,
        "dvar": 1659962.375,
        "dvar2": 4210441.5,
        "max": 19616.7480469,
        "mean": 1141.59106445,
        "median": 301.46484375,
        "min": 64.599609375,
        "var": 4534673
    },
    "spectral_skewness": {
        "dmean": 0.238435089588,
        "dmean2": 0.389469265938,
        "dvar": 0.148740589619,
        "dvar2": 0.401454657316,
        "max": 9.43952465057,
        "mean": 1.638002038,
        "median": 1.2381247282,
        "min": -0.0647902190685,
        "var": 1.09741425514
    },
    "spectral_spread": {
        "dmean": 557310.9375,
        "dmean2": 915025.25,
        "dvar": 507668627456,
        "dvar2": 1.23952273818e+12,
        "max": 42704532,
        "mean": 5792718,
        "median": 6132555,
        "min": 494131.53125,
        "var": 9.83438144307e+12
    },
    "spectral_strongpeak": {
        "dmean": 0.204729050398,
        "dmean2": 0.338435202837,
        "dvar": 0.126630723476,
        "dvar2": 0.329475432634,
        "max": 8.14156246185,
        "mean": 0.52347868681,
        "median": 0.470292419195,
        "min": 0,
        "var": 0.181045457721
    },
    "zerocrossingrate": {
        "dmean": 0.0114974398166,
        "dmean2": 0.0143756205216,
        "dvar": 0.00020216894336,
        "dvar2": 0.000288712792099,
        "max": 0.64208984375,
        "mean": 0.0577889420092,
        "median": 0.048828125,
        "min": 0.00146484375,
        "var": 0.00302752503194
    },
    "barkbands": {
        "dmean": [0.000951785012148, 0.0108085740358, 0.00593101512641, 0.00190673896577, 0.00095502944896, 0.000846274197102, 0.000487300480017, 0.000160110212164, 0.000185233206139, 0.000352164264768, 0.000471743987873, 0.000303047592752, 0.000294350989861, 0.000276546081295, 0.000614409102127, 0.000493494328111, 0.000370592344552, 0.000420070951805, 0.000386412953958, 0.000362698774552, 0.000260745640844, 0.000377676828066, 0.000291047384962, 0.000228098680964, 0.000251573597779, 0.000186833756743, 4.51379855804e-05],
        "dmean2": [0.00125828501768, 0.0162546541542, 0.0097957411781, 0.00338919856586, 0.00156899902504, 0.00138490565587, 0.000821324181743, 0.00027060721186, 0.000311437470373, 0.000590847746935, 0.000820102053694, 0.000526738585904, 0.000519181892741, 0.000483108044136, 0.00107121141627, 0.000869734329171, 0.000645855383482, 0.000774449610617, 0.000685219070874, 0.00065616692882, 0.000452307314845, 0.000673983769957, 0.000498681154568, 0.000381971040042, 0.000426529761171, 0.000308358343318, 7.40962495911e-05],
        "dvar": [2.45315391112e-06, 0.000260206026724, 0.000209448611713, 2.82913424599e-05, 3.40342489835e-06, 4.00245426135e-06, 9.60024067354e-07, 8.10380811345e-08, 1.08196289261e-07, 6.32657645383e-07, 9.64703758655e-07, 4.40226614273e-07, 3.0112809668e-07, 3.11942102371e-07, 1.60994102316e-06, 1.24434154714e-06, 5.53577081064e-07, 1.37818562962e-06, 9.00411521343e-07, 6.65683785428e-07, 2.4497384743e-07, 5.88195916862e-07, 3.87132928381e-07, 2.39182014639e-07, 2.76648052022e-07, 1.92005700228e-07, 1.39467326576e-08],
        "dvar2": [4.51193864137e-06, 0.000517810345627, 0.000552605895791, 7.83042487456e-05, 9.02052306628e-06, 9.59181579674e-06, 2.48378364631e-06, 2.13603485122e-07, 2.90362379474e-07, 1.58676118645e-06, 2.55111308434e-06, 1.19876438021e-06, 8.5177236997e-07, 8.72655903095e-07, 4.43645240011e-06, 3.53444079337e-06, 1.54599445068e-06, 4.10217944591e-06, 2.63100264419e-06, 1.99575310944e-06, 7.00329394476e-07, 1.7688466869e-06, 1.06957270418e-06, 6.31680279639e-07, 7.47208218854e-07, 4.92558172027e-07, 3.3950819045e-08],
        "max": [0.0474312342703, 0.149097532034, 0.1446711272, 0.102618187666, 0.0344914868474, 0.0467327870429, 0.0166112743318, 0.00689765717834, 0.00840914808214, 0.0211349483579, 0.0285361856222, 0.013245228678, 0.00525997160003, 0.00949618313462, 0.0264528915286, 0.026941915974, 0.0113955177367, 0.00959960278124, 0.00769191375002, 0.00765034602955, 0.00541640259326, 0.00632585026324, 0.00605870597064, 0.00621540145949, 0.00567661318928, 0.00439329212531, 0.00160116748884],
        "mean": [0.00218449975364, 0.0355815552175, 0.0076056746766, 0.00188927282579, 0.00129137339536, 0.001086268574, 0.000557446968742, 0.000198848196305, 0.000261892477283, 0.000442973396275, 0.000578776060138, 0.000354002724634, 0.000362023391062, 0.00036495673703, 0.000726038822904, 0.000576474063564, 0.000490679522045, 0.000449834245956, 0.000485657015815, 0.000472251093015, 0.000460643117549, 0.000556653714739, 0.000454669643659, 0.000420863798354, 0.000455816974863, 0.000279356900137, 5.28819546162e-05],
        "median": [0.00059326342307, 0.028192460537, 0.00155274302233, 0.000452647072962, 0.000599698279984, 0.000279873027466, 0.000195460117538, 9.09786758712e-05, 0.000135942114866, 0.000156342241098, 0.000221588285058, 0.000138764473377, 0.00018029398052, 0.000205237913178, 0.000287811883027, 0.000290054740617, 0.000246054318268, 0.000209926831303, 0.000255523220403, 0.000267014751444, 0.000303547101794, 0.000308872957248, 0.000222849979764, 0.000220505171455, 0.0002174556721, 8.45195463626e-05, 9.77436320682e-06],
        "min": [9.7398328828e-25, 4.34484628415e-24, 6.49452272063e-25, 1.23497604523e-24, 6.16190494336e-24, 4.1175825571e-24, 8.23740547918e-24, 5.37341835264e-24, 1.86101706541e-23, 1.41726040257e-23, 2.16371135667e-23, 3.20678489741e-23, 2.84541434316e-23, 4.41893468042e-23, 5.60602361465e-23, 7.08132161842e-23, 7.82056127944e-23, 9.94937311411e-23, 1.26007920456e-22, 1.41095636264e-22, 2.43657096005e-22, 3.09918786714e-22, 4.30888195771e-22, 5.6559453833e-22, 9.52453238915e-22, 1.32075682029e-21, 1.82258988998e-21],
        "var": [1.28647434394e-05, 0.00115962373093, 0.000232997816056, 2.63318870566e-05, 3.86145211451e-06, 5.88443936067e-06, 1.10504231543e-06, 9.51041343455e-08, 1.43851082157e-07, 8.63280888552e-07, 1.20757329114e-06, 4.54891107893e-07, 3.14443667548e-07, 3.08010555727e-07, 1.79427865987e-06, 1.09025972961e-06, 6.51389825634e-07, 8.76645572134e-07, 6.79509128076e-07, 5.44275621905e-07, 3.29473948568e-07, 5.88479963426e-07, 4.87194256493e-07, 3.87762980836e-07, 4.38200771669e-07, 2.76141719269e-07, 1.57637085607e-08]
    },
    "erbbands": {
        "dmean": [0.371560722589, 2.72675514221, 6.58797025681, 6.59704971313, 4.00456285477, 3.42494702339, 4.2083530426, 7.77109193802, 7.08476305008, 6.09039211273, 3.05693936348, 4.32201814651, 6.04956483841, 16.0229301453, 17.8059711456, 11.638297081, 13.8899402618, 13.1126279831, 20.3253421783, 41.1930656433, 19.7790126801, 20.4469223022, 21.6474895477, 19.7432518005, 19.3825893402, 16.9209251404, 11.2864465714, 12.1607227325, 13.3130378723, 9.93006896973, 8.2391462326, 5.65454435349, 3.87594366074, 2.98407387733, 1.78222692013, 0.839166939259, 0.378142774105, 0.0809846520424, 0.00749038904905, 0.000120059776236],
        "dmean2": [0.501944363117, 3.8918170929, 10.0684995651, 11.381485939, 6.80616998672, 5.54944038391, 6.81298542023, 13.0379686356, 11.965959549, 10.3657264709, 5.07723140717, 7.28443670273, 10.1205425262, 27.5703544617, 30.8078422546, 20.4239616394, 24.5298671722, 22.8303813934, 35.4106559753, 72.1007003784, 34.3683929443, 35.4504547119, 39.7318992615, 35.49451828, 34.7588043213, 30.4350070953, 19.8146419525, 21.3198623657, 23.7642173767, 17.5655193329, 13.8872108459, 9.43120956421, 6.63586950302, 5.02169322968, 3.06070899963, 1.43764078617, 0.619298398495, 0.129699394107, 0.01230455935, 0.000194492458832],
        "dvar": [0.283413767815, 17.1161460876, 189.772094727, 317.531951904, 79.8932342529, 55.5686302185, 95.0928268433, 362.171813965, 254.217056274, 155.486083984, 28.2669506073, 61.4756774902, 127.700286865, 1222.5222168, 1760.31030273, 560.388427734, 720.385925293, 752.45489502, 1721.15344238, 11810.8222656, 1199.86279297, 1750.14294434, 3616.56323242, 2502.49462891, 2407.61645508, 1382.22814941, 513.436706543, 582.783874512, 645.03692627, 412.175170898, 305.93347168, 146.467437744, 72.9772644043, 32.3781242371, 15.3466510773, 3.37850904465, 0.90778452158, 0.0403087697923, 0.000417489791289, 9.45197768942e-08],
        "dvar2": [0.615665137768, 30.8597488403, 474.338012695, 871.93560791, 216.103622437, 143.155105591, 231.65737915, 914.848632812, 649.539001465, 428.323364258, 71.4525909424, 165.148834229, 339.566314697, 3241.8190918, 4551.54150391, 1540.50585938, 2033.31848145, 2101.16210938, 4734.77685547, 32246.7753906, 3386.3112793, 4853.72509766, 10725.2724609, 7430.21484375, 7046.46337891, 4166.640625, 1515.01660156, 1676.04406738, 1941.80297852, 1220.0690918, 830.004699707, 366.652130127, 201.87550354, 87.681350708, 41.8865890503, 9.51686668396, 2.36473321915, 0.0944222509861, 0.00102693669032, 2.33965153029e-07],
        "max": [5.72060441971, 38.490447998, 151.935089111, 169.496185303, 192.671768188, 172.923873901, 211.877639771, 351.014373779, 218.336395264, 350.649017334, 108.676330566, 171.357879639, 215.278289795, 775.295227051, 1474.39111328, 290.073913574, 277.322052002, 501.01461792, 654.856628418, 2222.5222168, 374.079833984, 765.067321777, 535.787902832, 421.675231934, 387.179382324, 362.202209473, 225.992095947, 230.214157104, 229.909683228, 179.564865112, 166.860961914, 142.547805786, 104.17816925, 71.8525085449, 44.333404541, 17.436126709, 10.4573469162, 2.29277443886, 0.291654229164, 0.00414218520746],
        "mean": [1.10184001923, 7.42025089264, 11.0011758804, 7.35963058472, 4.81557893753, 4.59465074539, 5.91667795181, 9.36961174011, 7.93057203293, 7.24608039856, 4.30192947388, 6.03449630737, 8.64287948608, 20.0040016174, 22.6863288879, 14.4735927582, 17.470085144, 18.2382831573, 26.3428688049, 46.5229263306, 26.9949131012, 28.1702899933, 24.2319698334, 24.597454071, 24.7254123688, 22.6017246246, 18.0468940735, 20.0785865784, 19.9899787903, 15.1927194595, 12.7366800308, 9.67148303986, 6.86758899689, 5.65142917633, 2.89729881287, 1.24949657917, 0.511581122875, 0.113350786269, 0.00879784207791, 0.000215941094211],
        "median": [0.59198987484, 4.76630878448, 4.12909221649, 2.08922147751, 1.87041807175, 1.96474003792, 2.22028970718, 2.46820306778, 2.58394241333, 3.01987838745, 2.3493270874, 3.19008207321, 4.60673666, 8.24598789215, 10.0548591614, 7.04354476929, 8.87180709839, 10.3222885132, 13.4366207123, 17.3127403259, 16.1820774078, 14.4313440323, 12.1230010986, 12.5003538132, 13.4031887054, 12.9549160004, 11.2065973282, 12.5948944092, 11.2171211243, 8.03151607513, 6.24810886383, 5.09292221069, 3.50977897644, 2.81090021133, 1.25575256348, 0.437649905682, 0.13932338357, 0.0319162383676, 0.00153095927089, 0.000123352394439],
        "min": [1.18220449683e-22, 9.8887140019e-22, 1.18127005638e-21, 4.53406935867e-21, 1.10876872582e-20, 1.77827691983e-20, 3.55341119958e-20, 5.76363359579e-20, 6.34928328559e-20, 6.0229560103e-20, 3.10406038908e-19, 5.02383130252e-19, 3.22074300327e-19, 5.47864363763e-19, 8.65389170721e-19, 1.32037712662e-18, 2.09911638814e-18, 2.19834497442e-18, 3.05438323021e-18, 2.81437925702e-18, 4.78161803331e-18, 4.76376582133e-18, 4.77088950076e-18, 6.61628850193e-18, 7.64417373677e-18, 6.94166165024e-18, 9.05510646095e-18, 1.06974272451e-17, 1.0316593291e-17, 1.23006314852e-17, 1.15679785915e-17, 1.09079074878e-17, 1.0635310117e-17, 8.8136971079e-18, 7.27508161154e-18, 4.17875970389e-18, 2.41438676604e-18, 9.89395280168e-19, 2.36754290756e-19, 2.81440254732e-20],
        "var": [1.50094127655, 61.7743644714, 292.984924316, 265.896850586, 94.2890625, 61.9566459656, 136.56211853, 447.490142822, 281.967895508, 168.250915527, 37.0380210876, 75.8602142334, 169.000198364, 1462.9921875, 2161.29467773, 554.189208984, 746.450195312, 791.823120117, 1880.64343262, 12629.7041016, 1314.90759277, 2240.44067383, 2347.27661133, 1841.47021484, 1754.17297363, 1179.32531738, 579.766418457, 673.776611328, 706.423156738, 470.670532227, 384.295654297, 221.030349731, 107.596488953, 63.1930046082, 20.1746273041, 4.55956506729, 1.12962579727, 0.0535721816123, 0.000461133924546, 1.22697969118e-07]
    },
    "gfcc": {
        "mean": [-11.6747503281, 70.1568756104, -86.8799591064, 46.5843276978, -36.5896148682, 25.6522598267, -23.5218887329, 11.9632444382, -16.8271598816, 7.74918317795, -12.3099689484, 6.07084083557, -6.38127231598],
        "cov": [[26358.9746094, -7322.14697266, -323.562438965, 1259.89331055, 335.169708252, 2487.80102539, -869.09375, 1599.0612793, -793.079162598, 1156.29980469, -660.542663574, 1085.97619629, -504.596557617], [-7322.14697266, 5307.67529297, 125.338348389, -366.767089844, -60.4149360657, -1197.66540527, 580.20880127, -857.27130127, 383.064056396, -695.781066895, 248.107437134, -617.463867188, 182.697235107], [-323.562438965, 125.338348389, 685.746459961, 222.671905518, 106.239944458, 67.4993667603, 34.1946868896, 6.08866930008, -17.179983139, -27.5185489655, -55.8892974854, -59.0041313171, -38.3202972412], [1259.89331055, -366.767089844, 222.671905518, 600.267150879, 197.29258728, 251.65927124, 5.20478820801, 114.338577271, -0.953961253166, 32.9431152344, -55.1904983521, 3.67746257782, -2.45000839233], [335.169708252, -60.4149360657, 106.239944458, 197.29258728, 330.45690918, 152.191711426, 81.0316772461, 59.1489601135, 25.8406543732, 13.8310565948, -34.1453781128, 5.42816162109, -14.5363101959], [2487.80102539, -1197.66540527, 67.4993667603, 251.65927124, 152.191711426, 540.8671875, -72.9418869019, 277.085876465, -92.860786438, 186.093826294, -85.8392944336, 148.902893066, -50.2886161804], [-869.09375, 580.20880127, 34.1946868896, 5.20478820801, 81.0316772461, -72.9418869019, 216.62928772, -45.5087013245, 84.7655029297, -69.5094833374, 48.3426704407, -73.7983169556, 10.8374185562], [1599.0612793, -857.27130127, 6.08866930008, 114.338577271, 59.1489601135, 277.085876465, -45.5087013245, 245.888549805, -29.341884613, 143.597900391, -36.3945426941, 116.371879578, -36.6565132141], [-793.079162598, 383.064056396, -17.179983139, -0.953961253166, 25.8406543732, -92.860786438, 84.7655029297, -29.341884613, 142.701202393, -9.51901054382, 53.6556015015, -32.2337799072, 42.2094841003], [1156.29980469, -695.781066895, -27.5185489655, 32.9431152344, 13.8310565948, 186.093826294, -69.5094833374, 143.597900391, -9.51901054382, 170.345687866, 6.91651201248, 117.964454651, -13.4171619415], [-660.542663574, 248.107437134, -55.8892974854, -55.1904983521, -34.1453781128, -85.8392944336, 48.3426704407, -36.3945426941, 53.6556015015, 6.91651201248, 107.018302917, 18.9312553406, 47.224937439], [1085.97619629, -617.463867188, -59.0041313171, 3.67746257782, 5.42816162109, 148.902893066, -73.7983169556, 116.371879578, -32.2337799072, 117.964454651, 18.9312553406, 159.203857422, 27.103181839], [-504.596557617, 182.697235107, -38.3202972412, -2.45000839233, -14.5363101959, -50.2886161804, 10.8374185562, -36.6565132141, 42.2094841003, -13.4171619415, 47.224937439, 27.103181839, 105.88874054]],
        "icov": [[0.000131982087623, -0.000132985675009, 0.000174266344402, -0.00029241971788, 0.000177707188413, -0.000114889000542, -6.37325938442e-05, -0.000176464120159, 0.000300230254652, -0.000440494186478, 0.000804239592981, -0.000943821272813, 0.000537363230251], [-0.000132985675009, 0.00121033622418, -0.000387024920201, 0.000558536674362, -0.000382601254387, 0.000308762915665, -0.000651539419778, 0.00145292584784, -0.0013053487055, 0.00216898554936, -0.00205450388603, 0.00236169039272, -0.0010784114711], [0.000174266344402, -0.000387024920201, 0.0020567686297, -0.00106520426925, 0.000108929227281, -8.52794619277e-05, -0.000288016424747, -0.000250664277701, 0.000985416700132, -0.00127602624707, 0.00182437407784, -0.001024252153, 0.00102906581014], [-0.00029241971788, 0.000558536674362, -0.00106520426925, 0.00364454020746, -0.00157855416182, -0.00116411712952, 0.00110332691111, -0.000332996016368, -0.0014346166281, 0.00234776968136, -0.00287052965723, 0.00433611124754, -0.00261638523079], [0.000177707188413, -0.000382601254387, 0.000108929227281, -0.00157855416182, 0.00547573203221, -0.00153649668209, -0.00256129680201, 0.000997201655991, -0.0011230725795, -0.000409503671108, 0.00368823995814, -0.00397222628817, 0.00190682022367], [-0.000114889000542, 0.000308762915665, -8.52794619277e-05, -0.00116411712952, -0.00153649668209, 0.00791627727449, -0.00199742172845, -0.00365886138752, 0.00374226272106, -0.00426754914224, 0.00265089632012, 0.000309167109663, -0.00194542435929], [-6.37325938442e-05, -0.000651539419778, -0.000288016424747, 0.00110332691111, -0.00256129680201, -0.00199742172845, 0.0114293294027, -0.00322497775778, -0.00362821994349, 0.00506965769455, -0.00689775170758, 0.00347187626176, 0.00143163418397], [-0.000176464120159, 0.00145292584784, -0.000250664277701, -0.000332996016368, 0.000997201655991, -0.00365886138752, -0.00322497775778, 0.0166994985193, -0.00460039777681, -0.00166643504053, 0.0015443492448, -0.00395258655772, 0.00300976028666], [0.000300230254652, -0.0013053487055, 0.000985416700132, -0.0014346166281, -0.0011230725795, 0.00374226272106, -0.00362821994349, -0.00460039777681, 0.0174166131765, -0.0104841459543, 0.000987992156297, 0.00357221090235, -0.00521784089506], [-0.000440494186478, 0.00216898554936, -0.00127602624707, 0.00234776968136, -0.000409503671108, -0.00426754914224, 0.00506965769455, -0.00166643504053, -0.0104841459543, 0.0281800031662, -0.0114372540265, -0.00393386604264, 0.00443007703871], [0.000804239592981, -0.00205450388603, 0.00182437407784, -0.00287052965723, 0.00368823995814, 0.00265089632012, -0.00689775170758, 0.0015443492448, 0.000987992156297, -0.0114372540265, 0.0281616300344, -0.0143598262221, 0.000249712058576], [-0.000943821272813, 0.00236169039272, -0.001024252153, 0.00433611124754, -0.00397222628817, 0.000309167109663, 0.00347187626176, -0.00395258655772, 0.00357221090235, -0.00393386604264, -0.0143598262221, 0.0336601920426, -0.0150986444205], [0.000537363230251, -0.0010784114711, 0.00102906581014, -0.00261638523079, 0.00190682022367, -0.00194542435929, 0.00143163418397, 0.00300976028666, -0.00521784089506, 0.00443007703871, 0.000249712058576, -0.0150986444205, 0.0208049118519]]
    },
    "melbands": {
        "dmean": [0.0029734512791, 0.00317253917456, 0.00106141879223, 0.000242949070525, 0.000149214232806, 0.000172000974999, 0.000104914004623, 5.91207171965e-05, 2.55276427197e-05, 2.65988237516e-05, 3.09778333758e-05, 6.47117340122e-05, 6.45849650027e-05, 3.6018256651e-05, 3.45444859704e-05, 2.59623175225e-05, 2.54384794971e-05, 3.05694702547e-05, 4.91987448186e-05, 4.7744710173e-05, 2.10536945815e-05, 2.40171284531e-05, 1.72518612089e-05, 2.22060334636e-05, 1.54516674229e-05, 1.66571626323e-05, 1.35371537908e-05, 1.08758849819e-05, 7.59764634495e-06, 6.3110528572e-06, 8.10585243016e-06, 8.86448742676e-06, 5.98526639806e-06, 5.46990349903e-06, 4.58244721813e-06, 5.02262400914e-06, 3.09272377308e-06, 2.93216453429e-06, 2.52358790931e-06, 2.67913469543e-06],
        "dmean2": [0.00431710015982, 0.00453988602385, 0.00180468067992, 0.000402566191042, 0.00024136758293, 0.000285948655801, 0.000176744943019, 0.000100852688774, 4.20518736064e-05, 4.49563813163e-05, 5.1786442782e-05, 0.000110835244413, 0.00011181573791, 6.21005747234e-05, 6.14336022409e-05, 4.52382191725e-05, 4.43634744443e-05, 5.29668541276e-05, 8.67535563884e-05, 8.33116282593e-05, 3.68174951291e-05, 4.14625610574e-05, 3.08921298711e-05, 4.10160428146e-05, 2.75869042525e-05, 2.97786446026e-05, 2.43969916482e-05, 1.95508109755e-05, 1.34005385917e-05, 1.0916039173e-05, 1.42935050462e-05, 1.59502305905e-05, 1.05349936348e-05, 9.69463144429e-06, 7.79099082138e-06, 8.56454607856e-06, 5.16336422152e-06, 5.05492562297e-06, 4.26929636888e-06, 4.52642370874e-06],
        "dvar": [1.79899416253e-05, 2.96634971164e-05, 7.51200877858e-06, 2.14464691339e-07, 1.11271106107e-07, 1.7071876357e-07, 5.06561370628e-08, 1.42268392622e-08, 1.95903337996e-09, 2.30650676336e-09, 3.44187123247e-09, 2.13135962213e-08, 1.84213782006e-08, 7.74174679918e-09, 4.94903895643e-09, 2.33091701496e-09, 2.94868884865e-09, 3.83866094467e-09, 1.1210909534e-08, 1.53377115453e-08, 1.49656931292e-09, 2.81734102714e-09, 1.38945699391e-09, 4.08048439482e-09, 1.35147570912e-09, 1.78743497781e-09, 9.82478431943e-10, 5.23748489023e-10, 2.41061226536e-10, 1.34508168492e-10, 2.64370941805e-10, 3.10990649899e-10, 1.19517437613e-10, 1.25296245601e-10, 8.55921861165e-11, 1.2720603737e-10, 4.10471205636e-11, 4.30501051474e-11, 2.42864582611e-11, 2.58411486653e-11],
        "dvar2": [3.82611797249e-05, 6.5500556957e-05, 2.02271130547e-05, 5.7664118458e-07, 2.79136145309e-07, 4.25651847991e-07, 1.29094317458e-07, 3.93132282284e-08, 4.99053065539e-09, 6.24231688562e-09, 9.14317421774e-09, 5.55518759882e-08, 4.83332485146e-08, 2.06291641547e-08, 1.40121976244e-08, 6.5296998919e-09, 8.24531998234e-09, 1.04330863948e-08, 3.11126022723e-08, 4.22983106318e-08, 4.2407748424e-09, 7.68281438468e-09, 4.16326129127e-09, 1.20646035384e-08, 4.00305610881e-09, 5.18821741124e-09, 2.91593393875e-09, 1.58151292062e-09, 7.11553482802e-10, 3.89466209283e-10, 7.60232099495e-10, 9.35366784027e-10, 3.5779443297e-10, 3.71199238014e-10, 2.36336838988e-10, 3.22310872436e-10, 1.04126512968e-10, 1.20263049519e-10, 6.71948538478e-11, 6.99471314203e-11],
        "max": [0.0413244776428, 0.0645484402776, 0.0334976613522, 0.0077958391048, 0.00620680116117, 0.00821246486157, 0.0031429163646, 0.00317057059146, 0.000820675923023, 0.00124033237807, 0.00108054303564, 0.00345717114396, 0.0038858752232, 0.0021346823778, 0.000771805352997, 0.000485483702505, 0.00114577985369, 0.00103037885856, 0.00196614651941, 0.00259026605636, 0.000499664165545, 0.00103756773751, 0.000397438299842, 0.000591501535382, 0.000320645078318, 0.000350186805008, 0.000309844006551, 0.000243258691626, 0.000153697343194, 0.000151104308316, 0.000152473818162, 0.00014148329501, 0.000112456233182, 0.000123646677821, 0.000106854247861, 0.000111012799607, 7.48042875784e-05, 8.02745635156e-05, 6.62354577798e-05, 6.33639137959e-05],
        "mean": [0.00988460704684, 0.00748949544504, 0.00125093269162, 0.000317207654007, 0.000214325627894, 0.000211211256101, 0.000118458105135, 7.03599216649e-05, 3.53247378371e-05, 3.73315742763e-05, 4.29858118878e-05, 7.92988357716e-05, 8.17311520223e-05, 4.28761886724e-05, 4.01071301894e-05, 3.34554715664e-05, 3.36228622473e-05, 3.86585306842e-05, 5.56557206437e-05, 5.36313382327e-05, 2.77180042758e-05, 3.12469855999e-05, 2.10726484511e-05, 2.24490886467e-05, 1.92984280147e-05, 1.92507031898e-05, 1.71445408341e-05, 1.4132105207e-05, 1.09727161544e-05, 1.07605565063e-05, 1.21975172078e-05, 1.2090121345e-05, 9.32680450205e-06, 7.98344080977e-06, 7.11612938176e-06, 7.13003873898e-06, 5.43393935004e-06, 4.79516074847e-06, 4.7227918003e-06, 4.75439992442e-06],
        "median": [0.00705175101757, 0.00456172646955, 0.000394914590288, 0.000150569627294, 8.84294568095e-05, 5.53116478841e-05, 3.89441811421e-05, 3.03752603941e-05, 1.78308837349e-05, 1.98433845071e-05, 2.13559942495e-05, 2.95187965094e-05, 3.35234581144e-05, 1.70583152794e-05, 1.72370055225e-05, 1.75474706339e-05, 1.71876854438e-05, 1.80380866368e-05, 2.16510125028e-05, 2.04184361792e-05, 1.63518125191e-05, 1.40852116601e-05, 1.14883332571e-05, 9.56908752414e-06, 9.56441908784e-06, 9.41043344937e-06, 9.46315958572e-06, 7.80254686106e-06, 6.24050608167e-06, 6.89680291543e-06, 7.02233364791e-06, 6.37366156298e-06, 5.21009496879e-06, 3.9346059566e-06, 3.4567901821e-06, 3.23475387631e-06, 2.91508649752e-06, 2.25174790103e-06, 2.41137809098e-06, 2.25277358368e-06],
        "min": [1.44087889807e-24, 8.92802302777e-25, 1.29440221912e-24, 8.7587748927e-25, 1.28428665573e-24, 1.04096911622e-24, 9.59891668714e-25, 4.13105132168e-25, 3.09759447855e-24, 2.70121021469e-24, 1.33791184234e-24, 2.06155919425e-24, 2.70470407964e-24, 3.33840807494e-24, 2.57053639182e-24, 3.33953456831e-24, 3.22245991858e-24, 4.83040082093e-24, 3.47967373597e-24, 3.2554068915e-24, 3.74092237967e-24, 3.81628541739e-24, 3.40264067971e-24, 4.49453461307e-24, 5.04939649683e-24, 4.25939253216e-24, 3.28089577621e-24, 3.7800281869e-24, 5.11937634773e-24, 5.2626409823e-24, 5.24960268926e-24, 4.54837042554e-24, 5.30752913996e-24, 6.30085884751e-24, 5.62994684712e-24, 5.93092489259e-24, 5.83046661175e-24, 6.16764469531e-24, 5.84922927395e-24, 6.11416702568e-24],
        "var": [9.40189420362e-05, 7.53444619477e-05, 6.91178911438e-06, 2.4060625492e-07, 1.48966719848e-07, 2.21370584086e-07, 5.79627332797e-08, 1.5251242047e-08, 2.63081845198e-09, 2.87144885647e-09, 4.48016246324e-09, 2.62859281008e-08, 2.37384512047e-08, 8.4863609473e-09, 4.46315162606e-09, 2.50042631045e-09, 3.03837932591e-09, 4.32702362829e-09, 1.16400178385e-08, 1.55461243878e-08, 1.49280898754e-09, 3.63266283721e-09, 1.11201858832e-09, 2.549865874e-09, 1.06094200092e-09, 1.26527366362e-09, 7.61116392134e-10, 4.62184734928e-10, 2.45420683775e-10, 1.86687845738e-10, 2.756939399e-10, 2.96108526587e-10, 1.51210863275e-10, 1.44284945103e-10, 1.12736833757e-10, 1.52248935681e-10, 6.63013671742e-11, 5.85627796257e-11, 4.49316243933e-11, 4.69745110865e-11]
    },
    "mfcc": {
        "mean": [-656.929199219, 98.5966720581, 20.0135936737, 30.3318996429, 19.4503822327, 18.6144561768, 12.1522512436, 9.88353824615, 8.71559429169, 5.09832286835, 2.22008609772, 2.18460345268, 5.49690103531],
        "cov": [[18671.3085938, -5422.29150391, -1170.21899414, -27.4326496124, 584.508666992, 1018.07141113, 418.253814697, 673.912780762, 434.660980225, 180.164093018, 203.833862305, 97.8027877808, 469.854736328], [-5422.29150391, 3377.03198242, 521.024902344, 41.6581192017, -290.614654541, -404.56451416, -122.887771606, -232.283477783, -169.001464844, -111.213401794, -88.8191833496, -51.4220237732, -187.815078735], [-1170.21899414, 521.024902344, 594.486083984, 176.854553223, 45.5253944397, 1.02599024773, 9.64525508881, -23.6572799683, -0.455744564533, 10.6566057205, -4.54532814026, -18.9313907623, -67.8542480469], [-27.4326496124, 41.6581192017, 176.854553223, 335.7628479, 142.052154541, 76.8903198242, 56.3040618896, 40.0808105469, 42.1711425781, 26.5673027039, 10.5123882294, -12.2237100601, -25.4861869812], [584.508666992, -290.614654541, 45.5253944397, 142.052154541, 265.601715088, 159.393829346, 74.2193832397, 74.2657546997, 84.4503479004, 42.5857620239, 16.3566474915, 1.77288734913, 16.1180114746], [1018.07141113, -404.56451416, 1.02599024773, 76.8903198242, 159.393829346, 224.313919067, 104.97933197, 89.7650146484, 78.3094329834, 40.9726715088, 27.2855014801, 11.2931394577, 24.2091674805], [418.253814697, -122.887771606, 9.64525508881, 56.3040618896, 74.2193832397, 104.97933197, 139.420700073, 85.1617126465, 44.458820343, 28.911403656, 33.3197402954, 15.050450325, 2.70421767235], [673.912780762, -232.283477783, -23.6572799683, 40.0808105469, 74.2657546997, 89.7650146484, 85.1617126465, 117.528953552, 66.6934280396, 36.5171775818, 28.482831955, 18.3380470276, 21.5080566406], [434.660980225, -169.001464844, -0.455744564533, 42.1711425781, 84.4503479004, 78.3094329834, 44.458820343, 66.6934280396, 107.605926514, 46.5415077209, 24.0243453979, 13.6931285858, 23.1465816498], [180.164093018, -111.213401794, 10.6566057205, 26.5673027039, 42.5857620239, 40.9726715088, 28.911403656, 36.5171775818, 46.5415077209, 72.3048095703, 36.3807296753, 21.6241836548, 14.6719369888], [203.833862305, -88.8191833496, -4.54532814026, 10.5123882294, 16.3566474915, 27.2855014801, 33.3197402954, 28.482831955, 24.0243453979, 36.3807296753, 71.8496704102, 38.4186248779, 13.8100662231], [97.8027877808, -51.4220237732, -18.9313907623, -12.2237100601, 1.77288734913, 11.2931394577, 15.050450325, 18.3380470276, 13.6931285858, 21.6241836548, 38.4186248779, 64.4127578735, 36.6869659424], [469.854736328, -187.815078735, -67.8542480469, -25.4861869812, 16.1180114746, 24.2091674805, 2.70421767235, 21.5080566406, 23.1465816498, 14.6719369888, 13.8100662231, 36.6869659424, 79.5894699097]],
