{
"lowlevel": {
    "average_loudness": 0.839378714561,
    "barkbands_crest": {
        "dmean": 3.2600274086,
        "dmean2": 4.82055854797,
        "dvar": 12.6310329437,
        "dvar2": 26.3829612732,
        "max": 26.6557998657,
        "mean": 12.1879606247,
        "median": 11.2493686676,
        "min": 1.90853381157,
        "var": 48.6552581787
    },
    "barkbands_flatness_db": {
        "dmean": 0.0282405093312,
        "dmean2": 0.042014669627,
        "dvar": 0.00138862186577,
        "dvar2": 0.00282766041346,
        "max": 0.576815247536,
        "mean": 0.109148591757,
        "median": 0.0971937254071,
        "min": 0.0113147972152,
        "var": 0.00453373650089
    },
    "barkbands_kurtosis": {
        "dmean": 11.1663885117,
        "dmean2": 16.1290550232,
        "dvar": 8267.38574219,
        "dvar2": 17802.4707031,
        "max": 2744.06323242,
        "mean": 11.4221277237,
        "median": 0.201090574265,
        "min": -1.90197324753,
        "var": 9023.59277344
    },
    "barkbands_skewness": {
        "dmean": 0.913644194603,
        "dmean2": 1.29275393486,
        "dvar": 3.21603679657,
        "dvar2": 5.49087667465,
        "max": 47.3210678101,
        "mean": 1.75038576126,
        "median": 1.1588357687,
        "min": -1.99626064301,
        "var": 7.81291294098
    },
    "barkbands_spread": {
        "dmean": 10.3038034439,
        "dmean2": 15.7222585678,
        "dvar": 144.510482788,
        "dvar2": 305.42880249,
        "max": 105.71244812,
        "mean": 38.0818634033,
        "median": 35.5087661743,
        "min": 0.102520361543,
        "var": 410.598876953
    },
    "dissonance": {
        "dmean": 0.0092707099393,
        "dmean2": 0.0156460739672,
        "dvar": 0.000163207339938,
        "dvar2": 0.000430380896432,
        "max": 0.499999970198,
        "mean": 0.485832124949,
        "median": 0.48885717988,
        "min": 0.00555904582143,
        "var": 0.000181822601007
    },
    "dynamic_complexity": 2.93728661537,
    "erbbands_crest": {
        "dmean": 1.59255480766,
        "dmean2": 2.65810489655,
        "dvar": 3.68588972092,
        "dvar2": 8.84558773041,
        "max": 27.3840942383,
        "mean": 5.43922138214,
        "median": 4.74455547333,
        "min": 2.27318882942,
        "var": 6.77596473694
    },
    "erbbands_flatness_db": {
        "dmean": 0.0137843312696,
        "dmean2": 0.0201660338789,
        "dvar": 0.000246622570558,
        "dvar2": 0.000475634384202,
        "max": 0.358785182238,
        "mean": 0.112917035818,
        "median": 0.102213867009,
        "min": 0.0390351302922,
        "var": 0.00147568108514
    },
    "erbbands_kurtosis": {
        "dmean": 0.754373431206,
        "dmean2": 1.19343590736,
        "dvar": 1.21284985542,
        "dvar2": 3.03169131279,
        "max": 24.7633399963,
        "mean": 0.125129193068,
        "median": -0.146685957909,
        "min": -1.8957760334,
        "var": 1.75973713398
    },
    "erbbands_skewness": {
        "dmean": 0.326326102018,
        "dmean2": 0.491709619761,
        "dvar": 0.133877903223,
        "dvar2": 0.284031271935,
        "max": 4.31135368347,
        "mean": -0.437643945217,
        "median": -0.459741055965,
        "min": -4.68021249771,
        "var": 0.319400459528
    },
    "erbbands_spread": {
        "dmean": 10.8123836517,
        "dmean2": 16.7884674072,
        "dvar": 164.396118164,
        "dvar2": 375.605895996,
        "max": 208.716094971,
        "mean": 46.6014709473,
        "median": 43.4083557129,
        "min": 6.10923957825,
        "var": 352.597320557
    },
    "hfc": {
        "dmean": 23.2655181885,
        "dmean2": 33.6447219849,
        "dvar": 1746.37109375,
        "dvar2": 3945.60351562,
        "max": 351.083068848,
        "mean": 44.261051178,
        "median": 28.1940383911,
        "min": 1.18840098928e-16,
        "var": 2581.89770508
    },
    "melbands_crest": {
        "dmean": 4.09646081924,
        "dmean2": 6.52043056488,
        "dvar": 21.7991428375,
        "dvar2": 50.1285667419,
        "max": 37.4517211914,
        "mean": 19.6853733063,
        "median": 19.7004261017,
        "min": 1.73388326168,
        "var": 95.3125686646
    },
    "melbands_flatness_db": {
        "dmean": 0.0379547774792,
        "dmean2": 0.0559902638197,
        "dvar": 0.00220003607683,
        "dvar2": 0.00465750321746,
        "max": 0.69809114933,
        "mean": 0.166573897004,
        "median": 0.157299906015,
        "min": 0.00437662843615,
        "var": 0.00847132038325
    },
    "melbands_kurtosis": {
        "dmean": 22.2240962982,
        "dmean2": 33.3058166504,
        "dvar": 4496.00292969,
        "dvar2": 8706.35253906,
        "max": 1317.40222168,
        "mean": 34.5188026428,
        "median": 8.61557388306,
        "min": -1.77843701839,
        "var": 8557.11035156
    },
    "melbands_skewness": {
        "dmean": 1.32797682285,
        "dmean2": 1.97234165668,
        "dvar": 3.70857167244,
        "dvar2": 7.57093715668,
        "max": 31.7053604126,
        "mean": 3.91277647018,
        "median": 2.87582111359,
        "min": -0.867390155792,
        "var": 11.6153488159
    },
    "melbands_spread": {
        "dmean": 15.0131578445,
        "dmean2": 23.5096530914,
        "dvar": 380.07989502,
        "dvar2": 838.493103027,
        "max": 211.569107056,
        "mean": 38.0111618042,
        "median": 30.129119873,
        "min": 0.0955702140927,
        "var": 943.422424316
    },
    "pitch_salience": {
        "dmean": 0.0992423370481,
        "dmean2": 0.153605848551,
        "dvar": 0.0135282883421,
        "dvar2": 0.0309880264103,
        "max": 0.978868663311,
        "mean": 0.468611508608,
        "median": 0.499257385731,
        "min": 0.00837951432914,
        "var": 0.0449404194951
    },
    "silence_rate_20dB": {
        "dmean": 0,
        "dmean2": 0,
        "dvar": 0,
        "dvar2": 0,
        "max": 1,
        "mean": 1,
        "median": 1,
        "min": 1,
        "var": 0
    },
    "silence_rate_30dB": {
        "dmean": 0.0692126750946,
        "dmean2": 0.138440862298,
        "dvar": 0.0644186064601,
        "dvar2": 0.135404869914,
        "max": 1,
        "mean": 0.879843235016,
        "median": 1,
        "min": 0,
        "var": 0.105724044144
    },
    "silence_rate_60dB": {
        "dmean": 0.0226229149848,
        "dmean2": 0.045138888061,
        "dvar": 0.0221131499857,
        "dvar2": 0.0502730496228,
        "max": 1,
        "mean": 0.055879060179,
        "median": 0,
        "min": 0,
        "var": 0.0527540557086
    },
    "spectral_centroid": {
        "dmean": 383.684204102,
        "dmean2": 583.249389648,
        "dvar": 189587.671875,
        "dvar2": 406948.46875,
        "max": 11465.0859375,
        "mean": 2390.38500977,
        "median": 2531.93115234,
        "min": 96.8315963745,
        "var": 579937.0625
    },
    "spectral_complexity": {
        "dmean": 6.50084018707,
        "dmean2": 9.74440002441,
        "dvar": 50.8325424194,
        "dvar2": 99.1049423218,
        "max": 62,
        "mean": 28.746919632,
        "median": 30,
        "min": 0,
        "var": 208.994125366
    },
    "spectral_decrease": {
        "dmean": 3.35591399114e-09,
        "dmean2": 4.6393506814e-09,
        "dvar": 2.50294149641e-17,
        "dvar2": 4.95078349961e-17,
        "max": 1.40474429212e-28,
        "mean": -1.08777387098e-08,
        "median": -7.15940640106e-09,
        "min": -4.80108717227e-08,
        "var": 1.08832795086e-16
    },
    "spectral_energy": {
        "dmean": 0.0135651752353,
        "dmean2": 0.01856017299,
        "dvar": 0.00035497508361,
        "dvar2": 0.00068325351458,
        "max": 0.183256611228,
        "mean": 0.0450697503984,
        "median": 0.0326860509813,
        "min": 1.06827395353e-20,
        "var": 0.00166804215405
    },
    "spectral_energyband_high": {
        "dmean": 0.00241383956745,
        "dmean2": 0.00350122665986,
        "dvar": 2.11250935536e-05,
        "dvar2": 4.68392136099e-05,
        "max": 0.0376591123641,
        "mean": 0.00390697875991,
        "median": 0.00207842420787,
        "min": 7.36769529263e-21,
        "var": 3.0213570426e-05
    },
    "spectral_energyband_low": {
        "dmean": 0.0119881033897,
        "dmean2": 0.0172066707164,
        "dvar": 0.000455642555607,
        "dvar2": 0.000995413749479,
        "max": 0.177412986755,
        "mean": 0.0317168906331,
        "median": 0.0136116379872,
        "min": 2.23482495846e-23,
        "var": 0.00146475527436
    },
    "spectral_energyband_middle_high": {
        "dmean": 0.00220048753545,
        "dmean2": 0.00360598531552,
        "dvar": 1.1940594959e-05,
        "dvar2": 3.10328614432e-05,
        "max": 0.0327084325254,
        "mean": 0.00510553549975,
        "median": 0.00423438474536,
        "min": 1.3678098868e-21,
        "var": 1.71218507603e-05
    },
    "spectral_energyband_middle_low": {
        "dmean": 0.00359943462536,
        "dmean2": 0.00623945239931,
        "dvar": 6.3981700805e-05,
        "dvar2": 0.000175283115823,
        "max": 0.0606212466955,
        "mean": 0.00489588733763,
        "median": 0.0032558022067,
        "min": 2.77331258264e-22,
        "var": 4.58316026197e-05
    },
    "spectral_entropy": {
        "dmean": 0.138890594244,
        "dmean2": 0.2140121907,
        "dvar": 0.0366287343204,
        "dvar2": 0.0827852413058,
        "max": 9.81094551086,
        "mean": 8.12058544159,
        "median": 8.19323539734,
        "min": 5.42476987839,
        "var": 0.11030806601
    },
    "spectral_flux": {
        "dmean": 0.0368806421757,
        "dmean2": 0.0543619059026,
        "dvar": 0.00251530483365,
        "dvar2": 0.00375732430257,
        "max": 0.403776317835,
        "mean": 0.10578969121,
        "median": 0.0811259075999,
        "min": 6.71849451073e-11,
        "var": 0.00590290362015
    },
    "spectral_kurtosis": {
        "dmean": 0.839648663998,
        "dmean2": 1.38473844528,
        "dvar": 1.79371213913,
        "dvar2": 5.24491548538,
        "max": 39.5780448914,
        "mean": 2.8156311512,
        "median": 2.43338418007,
        "min": -1.20880615711,
        "var": 4.86807346344
    },
    "spectral_rms": {
        "dmean": 0.000985340913758,
        "dmean2": 0.00133552716579,
        "dvar": 1.4532924979e-06,
        "dvar2": 2.59264584201e-06,
        "max": 0.013371123001,
        "mean": 0.00586940255016,
        "median": 0.00564701948315,
        "min": 3.22834098863e-12,
        "var": 9.52059781412e-06
    },
    "spectral_rolloff": {
        "dmean": 1133.2677002,
        "dmean2": 1752.34521484,
        "dvar": 2371858.5,
        "dvar2": 4789499,
        "max": 19638.28125,
        "mean": 2678.76245117,
        "median": 2153.3203125,
        "min": 43.06640625,
        "var": 6456875
    },
    "spectral_skewness": {
        "dmean": 0.139402016997,
        "dmean2": 0.223990023136,
        "dvar": 0.0240113250911,
        "dvar2": 0.0629527568817,
        "max": 4.10999774933,
        "mean": 1.22293508053,
        "median": 1.1923558712,
        "min": -0.0451418980956,
        "var": 0.085029579699
    },
    "spectral_spread": {
        "dmean": 622726.4375,
        "dmean2": 886307,
        "dvar": 664903090176,
        "dvar2": 1.13018653901e+12,
        "max": 40762744,
        "mean": 5560625.5,
        "median": 5672873,
        "min": 1333019.375,
        "var": 2.77150642995e+12
    },
    "spectral_strongpeak": {
        "dmean": 0.266241371632,
        "dmean2": 0.452684223652,
        "dvar": 0.403568774462,
        "dvar2": 1.12916457653,
        "max": 12.1979494095,
        "mean": 0.469897657633,
        "median": 0.367383956909,
        "min": 0,
        "var": 0.326235055923
    },
    "zerocrossingrate": {
        "dmean": 0.01992662251,
        "dmean2": 0.0221862792969,
        "dvar": 0.000511348654982,
        "dvar2": 0.00061246403493,
        "max": 0.73974609375,
        "mean": 0.0904479473829,
        "median": 0.0771484375,
        "min": 0.001953125,
        "var": 0.00342588080093
    },
    "barkbands": {
        "dmean": [0.000935626914725, 0.0111389821395, 0.0042826384306, 0.00146931607742, 0.00153199140914, 0.000640326121356, 0.000409775559092, 0.000268876174232, 0.000348879344529, 0.000283967121504, 0.000237739237491, 0.000237885295064, 0.000220250251004, 0.000286028371193, 0.000334290816681, 0.00033580409945, 0.000418960960815, 0.0004071436706, 0.000359971425496, 0.000370485533495, 0.000371373287635, 0.000405495142331, 0.000624010397587, 0.000435966823716, 0.000320879800711, 0.000252183323028, 3.60811900464e-05],
        "dmean2": [0.00126235804055, 0.0155725292861, 0.00789966341108, 0.00270926440135, 0.00263811764307, 0.00110087112989, 0.000700463016983, 0.000470995699288, 0.000590746290982, 0.000491787155624, 0.000404462160077, 0.000400738470489, 0.000382667669328, 0.000509792997036, 0.000566931266803, 0.000566198199522, 0.000707979022991, 0.000670318841003, 0.000573254015762, 0.000610209302977, 0.00056820071768, 0.000600870058406, 0.00097141682636, 0.000667864340357, 0.000479980546515, 0.000366200431017, 5.89262417634e-05],
        "dvar": [4.46731792181e-06, 0.000367868371541, 0.000204072857741, 2.0734156351e-05, 1.25405622384e-05, 1.08973029e-06, 3.6015737237e-07, 2.1240185788e-07, 1.88162886161e-07, 2.70661274726e-07, 8.93590197393e-08, 9.67489128811e-08, 1.41700141398e-07, 4.16852486751e-07, 2.81805768054e-07, 2.73207490409e-07, 3.71591255544e-07, 3.28150747464e-07, 2.72531735845e-07, 2.76666014543e-07, 3.22155727872e-07, 5.51023163098e-07, 1.69173574704e-06, 8.84222117747e-07, 4.29513505651e-07, 2.86915593506e-07, 4.32770530523e-09],
        "dvar2": [6.95483231539e-06, 0.000741074618418, 0.000579698185902, 5.99719132879e-05, 3.30241091433e-05, 2.98996292258e-06, 9.35057357765e-07, 5.92828541812e-07, 5.06854576088e-07, 7.41243695757e-07, 2.39896991161e-07, 2.65500489149e-07, 4.02383363962e-07, 1.19273261134e-06, 7.311372201e-07, 7.14954239811e-07, 9.69527377492e-07, 8.17898921923e-07, 6.1967335796e-07, 6.87699639457e-07, 6.64546178086e-07, 1.17473950922e-06, 4.0490513129e-06, 2.04627258427e-06, 1.01093269222e-06, 6.40352709524e-07, 1.07847313302e-08],
        "max": [0.0414816886187, 0.151271358132, 0.106357231736, 0.0361531563103, 0.0387186259031, 0.0108250230551, 0.00863873399794, 0.00512398127466, 0.00695547135547, 0.00620203511789, 0.00475721852854, 0.00467134034261, 0.00495487451553, 0.00771586876363, 0.00732007902116, 0.00593154784292, 0.00782145280391, 0.00840368773788, 0.00690870825201, 0.0087351873517, 0.00944479461759, 0.00983451399952, 0.0117829153314, 0.00829612649977, 0.00624000653625, 0.00457229465246, 0.000697065144777],
        "mean": [0.00255147693679, 0.025686936453, 0.00298658851534, 0.0010946537368, 0.00143740384374, 0.000838756677695, 0.000539475760888, 0.000325826695189, 0.000560685468372, 0.000346378685208, 0.000362853548722, 0.000387339096051, 0.000304433575366, 0.000332691473886, 0.000501093978528, 0.000511137128342, 0.000642214668915, 0.000725779042114, 0.000707242230419, 0.000664812047035, 0.000669358996674, 0.000657836615574, 0.000792584731244, 0.000595009129029, 0.000463064730866, 0.00033751767478, 4.66149722342e-05],
        "median": [0.000362423015758, 0.00849073566496, 0.000238299864577, 0.000184548422112, 0.000433395442087, 0.000502411159687, 0.000311510579195, 0.000180527742486, 0.00038184877485, 0.000192066014279, 0.000250288052484, 0.000264904112555, 0.000200033042347, 0.00018130367971, 0.000285050482489, 0.000319775397656, 0.000424575817306, 0.000504677882418, 0.000503901159391, 0.000475591688883, 0.000411320390413, 0.000360904727131, 0.000310820003506, 0.00026652996894, 0.000216633226955, 0.000112428111606, 8.88503200258e-06],
        "min": [6.73354412364e-26, 1.0164494063e-23, 5.34205284862e-24, 6.11364992736e-24, 2.8695623221e-23, 3.90286534721e-23, 1.20604841723e-23, 2.62448516918e-23, 6.47663953973e-23, 3.83244625856e-23, 1.59278305839e-23, 5.9454458497e-23, 7.63720413043e-23, 6.93614849267e-23, 9.83086538022e-23, 8.48696446644e-23, 9.67766480589e-23, 1.48624322795e-22, 1.73416782164e-22, 2.2853974427e-22, 3.1552033023e-22, 4.11057999662e-22, 5.41721966507e-22, 6.87102190338e-22, 9.80157226113e-22, 1.44927304075e-21, 2.41384873675e-21],
        "var": [2.92513504974e-05, 0.001087004086, 0.000121118457173, 1.19307269415e-05, 9.61080331763e-06, 1.06739059902e-06, 4.66966753265e-07, 2.03356350426e-07, 3.3825671153e-07, 2.45270371124e-07, 1.40778467994e-07, 1.60130738891e-07, 1.38240494607e-07, 2.88103308321e-07, 4.2584554194e-07, 3.46983227928e-07, 4.84216968744e-07, 5.48297748537e-07, 5.23959329257e-07, 4.62402454104e-07, 6.19499871846e-07, 8.40280506509e-07, 1.93149276129e-06, 1.0218548141e-06, 5.26286214608e-07, 3.68595038935e-07, 6.75539579831e-09]
    },
    "erbbands": {
        "dmean": [0.43809401989, 2.50706887245, 5.02623844147, 4.81576108932, 4.83586597443, 5.49871349335, 5.45823383331, 4.95951890945, 4.64262771606, 6.54715061188, 6.32668781281, 7.62175893784, 8.28257369995, 10.4322633743, 7.36609315872, 9.72044372559, 9.77786445618, 13.8079795837, 15.8422641754, 16.2456989288, 18.6794643402, 23.1789741516, 21.430847168, 19.3321647644, 17.9808731079, 16.5841560364, 15.8278150558, 15.1020412445, 14.726811409, 19.1395359039, 16.3447723389, 9.11265182495, 7.29562854767, 3.58374357224, 2.44778847694, 1.33320236206, 0.443831950426, 0.0766150951385, 0.00553123932332, 0.000101341785921],
        "dmean2": [0.612843513489, 3.4943728447, 8.73862171173, 8.8691110611, 8.57267951965, 9.52288627625, 9.73453807831, 8.35469913483, 8.02150249481, 11.3411817551, 10.9061374664, 12.8945655823, 14.1008462906, 18.1106014252, 12.443104744, 16.472650528, 16.9754104614, 24.4551143646, 27.0765419006, 27.6627197266, 31.1025848389, 39.2426300049, 35.6568641663, 30.68633461, 28.2660579681, 27.089635849, 25.0961914062, 23.5439987183, 22.5316486359, 28.6237792969, 26.0156784058, 14.0631189346, 11.1627845764, 5.26458644867, 3.80428242683, 2.00421738625, 0.642981827259, 0.116549268365, 0.00898081436753, 0.000154871449922],
        "dvar": [0.524054944515, 21.6174068451, 229.985122681, 245.037399292, 143.656890869, 162.113525391, 133.678421021, 52.5446815491, 49.9774284363, 110.915718079, 89.1750564575, 98.4649658203, 183.198013306, 234.381652832, 90.0419387817, 180.489028931, 301.023773193, 934.844787598, 834.910095215, 618.86328125, 784.893188477, 1164.86523438, 909.8203125, 792.044677734, 653.342956543, 583.079833984, 600.258117676, 539.129394531, 728.599487305, 1663.51428223, 1105.39660645, 320.821258545, 256.432678223, 51.9107551575, 27.6015853882, 8.46210384369, 0.890560090542, 0.0197718199342, 0.000105744227767, 3.29948797173e-08],
        "dvar2": [0.90507119894, 46.3173751831, 630.152099609, 702.054382324, 392.442962646, 429.447753906, 375.980682373, 139.290328979, 135.360626221, 297.554077148, 244.932571411, 266.335327148, 495.304382324, 650.911437988, 238.699737549, 497.769927979, 864.82409668, 2695.04052734, 2196.8371582, 1646.3470459, 1995.29956055, 3048.19384766, 2315.66040039, 1765.07971191, 1543.40612793, 1441.40246582, 1300.61157227, 1211.52526855, 1685.81494141, 3406.11450195, 2744.46704102, 708.592041016, 609.672180176, 119.849533081, 67.4550552368, 19.6518802643, 1.95491731167, 0.0455364771187, 0.000257141073234, 7.56753735232e-08],
        "max": [6.72524499893, 37.5345230103, 118.699440002, 120.977973938, 103.390731812, 172.962112427, 105.983718872, 75.8918304443, 109.068260193, 111.009628296, 122.08946228, 119.599121094, 186.592422485, 186.955581665, 133.426254272, 235.492706299, 237.408279419, 373.797851562, 465.486572266, 343.773284912, 329.539215088, 367.153564453, 454.472686768, 448.166381836, 320.686798096, 438.543823242, 456.316467285, 393.392944336, 343.123809814, 383.91394043, 308.063964844, 177.309204102, 135.507202148, 62.9780349731, 55.2208099365, 26.0915756226, 9.0847826004, 1.29187679291, 0.122174181044, 0.00200007716194],
        "mean": [1.06210374832, 4.4321513176, 4.3566570282, 3.58423280716, 4.11496305466, 5.16868591309, 5.64928865433, 6.82993888855, 6.3698348999, 8.3731584549, 8.78805732727, 11.9984502792, 11.8375558853, 14.374753952, 12.7331628799, 15.9646577835, 14.3522109985, 17.3984642029, 23.2177448273, 25.6937389374, 30.0623664856, 36.8174819946, 38.4652252197, 38.300983429, 35.4642066956, 30.2713184357, 28.1369152069, 25.615278244, 23.2410106659, 26.8929805756, 20.8843593597, 13.0258541107, 9.52276515961, 5.31629943848, 3.27713131905, 1.70129299164, 0.59252423048, 0.111422032118, 0.00721335178241, 0.000187635901966],
        "median": [0.295515537262, 1.16296887398, 0.865223646164, 0.667139053345, 0.949869513512, 1.41070890427, 2.63328027725, 4.00060510635, 4.00756931305, 4.82869338989, 5.45863962173, 7.98826599121, 7.18744516373, 9.62208652496, 9.2377281189, 10.9463338852, 9.84944534302, 10.44053936, 12.1289968491, 17.5235137939, 20.2487697601, 24.7524776459, 27.2901287079, 27.3076591492, 25.5323982239, 21.9421348572, 17.941783905, 15.035077095, 12.8969154358, 11.0146799088, 8.51814079285, 6.17299842834, 4.05624008179, 2.47063827515, 1.4270349741, 0.599992990494, 0.187455773354, 0.0337093919516, 0.00134392082691, 9.78364332695e-05],
        "min": [6.20865844152e-22, 1.04599734955e-21, 5.10454771594e-21, 1.53694406807e-20, 2.76681219712e-20, 1.34078054456e-19, 2.98319017303e-19, 3.17465689394e-19, 1.60117596741e-19, 3.56585464555e-19, 5.46720683169e-19, 1.43449661829e-18, 2.14867257184e-18, 1.56340516873e-18, 2.60714983406e-18, 2.00923783791e-18, 3.16756345829e-18, 2.92952693419e-18, 5.18468825655e-18, 6.74046650985e-18, 5.16910541458e-18, 4.96178955125e-18, 7.22924918816e-18, 8.6460846732e-18, 1.1175074418e-17, 9.85993334463e-18, 1.18880941798e-17, 1.43539162771e-17, 1.40632301206e-17, 1.54199601808e-17, 1.41415972119e-17, 1.07919069874e-17, 1.11298971216e-17, 8.89979420196e-18, 8.30092867336e-18, 5.59579288509e-18, 2.80480091912e-18, 1.17743452651e-18, 3.20290304391e-19, 3.00176283348e-20],
        "var": [2.01018285751, 44.7006492615, 159.078231812, 141.426239014, 99.7434768677, 126.749526978, 95.2315673828, 66.6876220703, 59.8524093628, 116.498908997, 106.713020325, 157.415588379, 214.119140625, 246.952468872, 159.161087036, 284.576629639, 283.500183105, 657.136474609, 1175.89672852, 761.772521973, 1075.19348145, 1524.29187012, 1465.98535156, 1523.07409668, 1281.73278809, 953.03729248, 1071.15856934, 922.21875, 1004.02587891, 2317.30712891, 1228.66223145, 414.995910645, 280.418121338, 67.6006698608, 29.9147319794, 9.87813091278, 1.16470599174, 0.0313563160598, 0.00016902423522, 6.00785838856e-08]
    },
    "gfcc": {
        "mean": [32.8997917175, 39.7207870483, -109.603782654, 44.4304924011, -50.4679756165, 22.2351284027, -30.0420837402, 20.3326892853, -18.0567035675, 10.2770233154, -12.6969690323, 10.2659749985, -9.62974262238],
        "cov": [[11183.0068359, -2507.44604492, 1070.66918945, 784.275390625, -113.351318359, 203.506362915, -41.0427742004, 490.591552734, -208.86920166, 350.494232178, -168.055633545, 358.005859375, -252.61730957], [-2507.44604492, 1888.03027344, -467.817169189, -26.4789142609, 107.341712952, -118.95880127, 74.5175094604, -170.600341797, 64.5554199219, -221.950485229, 121.969520569, -165.746246338, 84.8585662842], [1070.66918945, -467.817169189, 1001.32196045, 312.03692627, 313.996398926, 242.063018799, 126.040992737, 159.555343628, 60.726272583, 125.612487793, -33.5079345703, 65.9998931885, -39.3540420532], [784.275390625, -26.4789142609, 312.03692627, 348.987091064, 170.702590942, 137.855148315, 90.4463424683, 107.57648468, 41.7117385864, 46.5638771057, 27.9705677032, 23.2775096893, -4.25337076187], [-113.351318359, 107.341712952, 313.996398926, 170.702590942, 375.391143799, 200.046295166, 154.043823242, 88.3112716675, 112.059585571, 69.7838668823, 49.0127410889, 12.8669023514, 29.2787723541], [203.506362915, -118.95880127, 242.063018799, 137.855148315, 200.046295166, 224.055511475, 135.204421997, 119.754379272, 83.6415786743, 91.5852737427, 36.0004386902, 37.3065109253, 14.8092298508], [-41.0427742004, 74.5175094604, 126.040992737, 90.4463424683, 154.043823242, 135.204421997, 206.362838745, 131.093032837, 113.735046387, 60.6836929321, 64.4130249023, 27.189781189, 26.3111057281], [490.591552734, -170.600341797, 159.555343628, 107.57648468, 88.3112716675, 119.754379272, 131.093032837, 200.105255127, 105.346626282, 101.146934509, 49.5319366455, 55.4523124695, 10.5557565689], [-208.86920166, 64.5554199219, 60.726272583, 41.7117385864, 112.059585571, 83.6415786743, 113.735046387, 105.346626282, 161.974868774, 94.9544372559, 71.3572006226, 26.1807727814, 37.7339439392], [350.494232178, -221.950485229, 125.612487793, 46.5638771057, 69.7838668823, 91.5852737427, 60.6836929321, 101.146934509, 94.9544372559, 146.238739014, 51.4876976013, 59.5648117065, 20.1668987274], [-168.055633545, 121.969520569, -33.5079345703, 27.9705677032, 49.0127410889, 36.0004386902, 64.4130249023, 49.5319366455, 71.3572006226, 51.4876976013, 98.3157653809, 34.9644622803, 34.5017738342], [358.005859375, -165.746246338, 65.9998931885, 23.2775096893, 12.8669023514, 37.3065109253, 27.189781189, 55.4523124695, 26.1807727814, 59.5648117065, 34.9644622803, 77.1410980225, 25.4568405151], [-252.61730957, 84.8585662842, -39.3540420532, -4.25337076187, 29.2787723541, 14.8092298508, 26.3111057281, 10.5557565689, 37.7339439392, 20.1668987274, 34.5017738342, 25.4568405151, 68.5561447144]],
        "icov": [[0.000227117328905, 8.55696198414e-05, 9.55200157478e-05, -0.000569212133996, -1.11956642286e-05, 0.000365086336387, -7.92690407252e-05, -0.000337529345416, 0.000503898889292, -0.00050715386169, 0.000562279368751, -0.000949632260017, 0.000700284319464], [8.55696198414e-05, 0.00164446083363, 0.000227338066907, -0.000583422312047, -0.000517846317962, 0.000738814182114, -0.000554993515834, 0.000777631241363, -0.00101277872454, 0.0025223037228, -0.00275052548386, 0.00252521946095, -0.00120904459618], [9.55200157478e-05, 0.000227338066907, 0.00239763734862, -0.00145298591815, -0.00160026957747, 0.00018577380979, -0.000348534696968, -1.1304346117e-05, 0.000108570959128, -0.00099474482704, 0.00269855954684, -0.00237618503161, 0.00189270649571], [-0.000569212133996, -0.000583422312047, -0.00145298591815, 0.00662218499929, -0.000744546763599, -0.0022690105252, 0.00125754182227, -0.00184250925668, 0.000499194371514, 0.00193474302068, -0.00324380351231, 0.00304846744984, -0.00153271388263], [-1.11956642286e-05, -0.000517846317962, -0.00160026957747, -0.000744546763599, 0.00790737848729, -0.00500253355131, -0.00128748663701, 0.00249252491631, -0.00244550756179, 0.000400731893023, -0.00070041854633, 0.00165688607376, -0.00158577575348], [0.000365086336387, 0.000738814182114, 0.00018577380979, -0.0022690105252, -0.00500253355131, 0.0150508508086, -0.0051154801622, -0.0021232815925, 0.00365502177738, -0.00551379192621, 0.0022115658503, -0.000802842201665, 0.000367411383195], [-7.92690407252e-05, -0.000554993515834, -0.000348534696968, 0.00125754182227, -0.00128748663701, -0.0051154801622, 0.0151555007324, -0.00646626809612, -0.0045595834963, 0.00545180076733, -0.00359238544479, 0.000130492597236, -0.000227822340094], [-0.000337529345416, 0.000777631241363, -1.1304346117e-05, -0.00184250925668, 0.00249252491631, -0.0021232815925, -0.00646626809612, 0.0164739824831, -0.00660577137023, -0.000758789363317, 8.42920871946e-06, -0.0029758028686, 0.00197206507437], [0.000503898889292, -0.00101277872454, 0.000108570959128, 0.000499194371514, -0.00244550756179, 0.00365502177738, -0.0045595834963, -0.00660577137023, 0.0231794100255, -0.0134723903611, -0.00211772345938, 0.00482048513368, -0.00329366256483], [-0.00050715386169, 0.0025223037228, -0.00099474482704, 0.00193474302068, 0.000400731893023, -0.00551379192621, 0.00545180076733, -0.000758789363317, -0.0134723903611, 0.026700431481, -0.00920380745083, -0.00214410549961, -0.00140837626532], [0.000562279368751, -0.00275052548386, 0.00269855954684, -0.00324380351231, -0.00070041854633, 0.0022115658503, -0.00359238544479, 8.42920871946e-06, -0.00211772345938, -0.00920380745083, 0.0292233712971, -0.0159943290055, 0.00312831159681], [-0.000949632260017, 0.00252521946095, -0.00237618503161, 0.00304846744984, 0.00165688607376, -0.000802842201665, 0.000130492597236, -0.0029758028686, 0.00482048513368, -0.00214410549961, -0.0159943290055, 0.0387596487999, -0.0162916313857], [0.000700284319464, -0.00120904459618, 0.00189270649571, -0.00153271388263, -0.00158577575348, 0.000367411383195, -0.000227822340094, 0.00197206507437, -0.00329366256483, -0.00140837626532, 0.00312831159681, -0.0162916313857, 0.0267389733344]]
    },
    "melbands": {
        "dmean": [0.00337733398192, 0.0026304689236, 0.000837441941258, 0.000378865835955, 0.00019174850604, 0.000111001027108, 7.60458569857e-05, 6.77080097375e-05, 5.46871742699e-05, 4.90319107485e-05, 4.24324171036e-05, 4.30039217463e-05, 2.68435505859e-05, 2.57749798038e-05, 2.50369521382e-05, 2.39691762545e-05, 2.67011328106e-05, 2.52597765211e-05, 2.58001400653e-05, 2.37422736973e-05, 2.29687357205e-05, 2.63610090769e-05, 2.07668908843e-05, 2.02953669941e-05, 1.63891800185e-05, 1.50108726302e-05, 1.28823921841e-05, 1.17823383334e-05, 1.06559327833e-05, 9.75172770268e-06, 9.23650804907e-06, 8.96491201274e-06, 8.2442902567e-06, 1.18387670227e-05, 1.05403451016e-05, 6.72954956826e-06, 5.34211903869e-06, 5.67719007449e-06, 3.87021509596e-06, 2.85398641608e-06],
        "dmean2": [0.00470021367073, 0.00404512975365, 0.00153044576291, 0.000658296048641, 0.000339554535458, 0.000188048419659, 0.000130337764858, 0.000117840441817, 9.43675549934e-05, 8.24220041977e-05, 7.22980257706e-05, 7.47963204049e-05, 4.55902445538e-05, 4.35382571595e-05, 4.32500273746e-05, 4.16246584791e-05, 4.74834196211e-05, 4.33261120634e-05, 4.41077572759e-05, 4.04183338105e-05, 3.84640588891e-05, 4.49927174486e-05, 3.48618523276e-05, 3.37918972946e-05, 2.60765827989e-05, 2.41243506025e-05, 2.08792644116e-05, 1.96629407583e-05, 1.74138040165e-05, 1.48762555909e-05, 1.51491349243e-05, 1.41456966958e-05, 1.22375931824e-05, 1.80755923793e-05, 1.72771433427e-05, 1.06021079773e-05, 8.34149159346e-06, 8.75286514201e-06, 5.98385395278e-06, 4.23254459747e-06],
        "dvar": [3.14261887979e-05, 3.94231719838e-05, 6.78376591168e-06, 7.80808022682e-07, 1.64580853834e-07, 2.72316391658e-08, 1.24344552432e-08, 1.26981971604e-08, 6.18900886096e-09, 4.00978894532e-09, 4.92629981252e-09, 4.1944776541e-09, 1.15473008933e-09, 1.25587773514e-09, 1.31208910403e-09, 1.88060300665e-09, 3.5567140344e-09, 2.24501417456e-09, 1.65070346281e-09, 1.39201661309e-09, 1.22006516001e-09, 1.50709456026e-09, 9.11788256008e-10, 8.23229651115e-10, 5.78528946971e-10, 4.8333365088e-10, 3.41862455011e-10, 2.92559171333e-10, 2.64248511961e-10, 2.61389049294e-10, 2.07954126141e-10, 2.6197688463e-10, 2.49610387915e-10, 6.71385280704e-10, 4.66191196757e-10, 1.62977673024e-10, 1.11848405537e-10, 1.56218607494e-10, 6.75280178997e-11, 3.13725503909e-11],
        "dvar2": [5.82553147979e-05, 9.92180139292e-05, 1.92907882592e-05, 2.06151662496e-06, 4.59435369748e-07, 7.30860421072e-08, 3.32286340665e-08, 3.4751987954e-08, 1.703593e-08, 1.07124087378e-08, 1.33065718444e-08, 1.16462262056e-08, 3.09049341674e-09, 3.41950645577e-09, 3.64925045737e-09, 5.32144106558e-09, 1.02318127304e-08, 5.91539883743e-09, 4.35519442732e-09, 3.67206132168e-09, 3.10605341447e-09, 3.98605815022e-09, 2.33154562324e-09, 2.08634998167e-09, 1.30742816573e-09, 1.16584608634e-09, 8.27802160153e-10, 7.50989159748e-10, 6.36145081057e-10, 5.01471475456e-10, 5.14136788698e-10, 6.34663099852e-10, 4.77211936634e-10, 1.48671186473e-09, 1.18496668033e-09, 3.73406416898e-10, 2.51844739507e-10, 3.66863872614e-10, 1.6745992093e-10, 7.11237874151e-11],
        "max": [0.0443028621376, 0.0509623624384, 0.0196689255536, 0.0103151295334, 0.00388260162435, 0.00166206306312, 0.00147281412501, 0.0011616992997, 0.000927527726162, 0.000819062115625, 0.00093633076176, 0.000739408656955, 0.000551741744857, 0.000504419964273, 0.000546278373804, 0.000578091305215, 0.000717289571185, 0.000751723535359, 0.000510084908456, 0.000478795060189, 0.00044944320689, 0.00041731033707, 0.000399046810344, 0.000458474387415, 0.000369630695786, 0.000290843308903, 0.000258523912635, 0.000296061334666, 0.00031429293449, 0.000222803966608, 0.000226992691751, 0.000289296731353, 0.000176330344402, 0.000253580685239, 0.000206864060601, 0.00011788654956, 0.000110383421998, 0.000103692698758, 7.54022184992e-05, 5.25089817529e-05],
        "mean": [0.00824009254575, 0.00350291910581, 0.00064374122303, 0.00034568895353, 0.000198113106308, 0.000152560067363, 0.000105380415334, 8.5958665295e-05, 7.51580300857e-05, 7.7551092545e-05, 5.80623054702e-05, 5.68601208215e-05, 4.37380222138e-05, 4.17877199652e-05, 3.70559246221e-05, 3.22863161273e-05, 3.14144381264e-05, 3.47867025994e-05, 3.75254967366e-05, 3.47244640579e-05, 3.4742824937e-05, 3.90994900954e-05, 3.3747874113e-05, 3.49254369212e-05, 3.03378164972e-05, 2.71994140348e-05, 2.32683341892e-05, 1.93850028154e-05, 1.75899422175e-05, 1.61798670888e-05, 1.43521529026e-05, 1.31907227114e-05, 1.30572570924e-05, 1.52316315507e-05, 1.29641966851e-05, 9.09658047021e-06, 7.4218487498e-06, 7.16307249604e-06, 5.1856745813e-06, 4.23958317697e-06],
        "median": [0.00272926315665, 0.000889974529855, 0.000128136452986, 9.31590038817e-05, 9.2786634923e-05, 9.17071884032e-05, 6.71320303809e-05, 5.00259120599e-05, 4.57322930743e-05, 5.09846940986e-05, 3.3440599509e-05, 3.67418178939e-05, 3.15064826282e-05, 2.9066879506e-05, 2.39724176936e-05, 1.98876623472e-05, 1.75839959411e-05, 1.69400300365e-05, 2.30211335293e-05, 2.10690159292e-05, 2.21412283281e-05, 2.51273559115e-05, 2.27292985073e-05, 2.3606198738e-05, 2.08582314372e-05, 1.86851248145e-05, 1.62792493938e-05, 1.33423563966e-05, 1.12845555122e-05, 8.91998570296e-06, 8.35732680571e-06, 7.10710628482e-06, 6.37758148514e-06, 5.73384295421e-06, 4.89806279802e-06, 4.03423155149e-06, 3.45832427229e-06, 2.87698185275e-06, 2.30021350944e-06, 1.95250731849e-06],
        "min": [4.03110525809e-24, 2.12892397125e-24, 2.89280776528e-24, 5.00738058173e-24, 9.39869787294e-24, 7.49873348247e-24, 2.50969352235e-24, 4.2049248421e-24, 4.56880902274e-24, 9.97283951723e-24, 1.01405111138e-23, 5.46654180478e-24, 5.20951672236e-24, 7.86634976405e-24, 5.94508612913e-24, 6.61129651853e-24, 5.41103163503e-24, 5.91649662663e-24, 7.21338277153e-24, 7.76204184199e-24, 5.33024951732e-24, 4.79572407326e-24, 6.28548631505e-24, 6.24535853852e-24, 6.81989421884e-24, 5.72625216972e-24, 8.42902925938e-24, 5.93709260158e-24, 6.42846932627e-24, 8.99439877041e-24, 7.96602628373e-24, 8.4475525023e-24, 7.49572713356e-24, 8.8756665267e-24, 8.46189478242e-24, 7.82028344263e-24, 5.63291809172e-24, 7.56374824283e-24, 6.16179489726e-24, 7.70332298051e-24],
        "var": [0.000110282409878, 4.36550399172e-05, 4.01844545195e-06, 5.91273590089e-07, 1.17054952398e-07, 3.20194111225e-08, 1.55732724494e-08, 1.22959091797e-08, 7.77649855621e-09, 6.88642520785e-09, 5.68426417047e-09, 4.2206820261e-09, 1.84860982078e-09, 1.90141169476e-09, 1.83035497869e-09, 1.79648684817e-09, 2.46420062133e-09, 3.04391378769e-09, 2.09229256143e-09, 1.72452296887e-09, 1.6378989276e-09, 1.90577242876e-09, 1.28808186339e-09, 1.3282197564e-09, 1.05432840236e-09, 8.62093729737e-10, 5.99134519774e-10, 4.31302604742e-10, 4.09774769672e-10, 4.72238859128e-10, 2.99477359578e-10, 3.29302030089e-10, 4.15766032713e-10, 8.28957902321e-10, 5.01960861765e-10, 2.03399810883e-10, 1.39082217965e-10, 1.70951253153e-10, 7.32410243565e-11, 4.25751309208e-11]
    },
    "mfcc": {
        "mean": [-608.281616211, 71.9114837646, 2.18775272369, 27.4362850189, 7.61726427078, 8.5682926178, 4.71041631699, 11.9311885834, 4.56652259827, 6.37357950211, 3.52887678146, 4.89163303375, 4.83626937866],
        "cov": [[7090.87158203, -1363.46179199, 426.615722656, 233.486724854, 155.267715454, -18.5601482391, 54.6326713562, 107.360496521, 64.7000350952, 25.0074481964, 50.5401420593, 38.5067329407, 21.0022621155], [-1363.46179199, 1255.62915039, -229.718093872, 76.8529052734, -28.6060848236, 11.9658193588, 9.20087146759, 28.3299179077, -50.9994277954, -21.6027927399, -17.6004142761, -21.7478580475, -29.6909160614], [426.615722656, -229.718093872, 556.237915039, 172.301452637, 210.23097229, 125.104225159, 106.983657837, 78.4320907593, 99.067489624, 55.1190032959, 54.4875259399, 35.4926795959, 31.0200576782], [233.486724854, 76.8529052734, 172.301452637, 219.880401611, 142.014007568, 78.726852417, 78.6848220825, 72.7284011841, 51.7869949341, 35.6479606628, 37.2731666565, 25.0290641785, 22.1539897919], [155.267715454, -28.6060848236, 210.23097229, 142.014007568, 266.193237305, 155.625518799, 115.324645996, 66.049118042, 92.4775161743, 65.4618530273, 60.6794929504, 43.2147521973, 36.5049705505], [-18.5601482391, 11.9658193588, 125.104225159, 78.726852417, 155.625518799, 178.047058105, 103.484451294, 54.8058509827, 76.7305221558, 54.8746414185, 48.5561141968, 37.9197540283, 31.7766551971], [54.6326713562, 9.20087146759, 106.983657837, 78.6848220825, 115.324645996, 103.484451294, 150.851531982, 99.9692306519, 77.1458892822, 59.7200279236, 56.7771568298, 43.9722366333, 39.2830085754], [107.360496521, 28.3299179077, 78.4320907593, 72.7284011841, 66.049118042, 54.8058509827, 99.9692306519, 134.75944519, 79.3411254883, 62.6205253601, 59.0749320984, 44.7141265869, 42.3731384277], [64.7000350952, -50.9994277954, 99.067489624, 51.7869949341, 92.4775161743, 76.7305221558, 77.1458892822, 79.3411254883, 135.949996948, 93.13671875, 67.9141159058, 54.4180183411, 54.5602722168], [25.0074481964, -21.6027927399, 55.1190032959, 35.6479606628, 65.4618530273, 54.8746414185, 59.7200279236, 62.6205253601, 93.13671875, 111.943222046, 77.6400909424, 55.582195282, 53.8331260681], [50.5401420593, -17.6004142761, 54.4875259399, 37.2731666565, 60.6794929504, 48.5561141968, 56.7771568298, 59.0749320984, 67.9141159058, 77.6400909424, 94.3344039917, 65.5411148071, 53.2831878662], [38.5067329407, -21.7478580475, 35.4926795959, 25.0290641785, 43.2147521973, 37.9197540283, 43.9722366333, 44.7141265869, 54.4180183411, 55.582195282, 65.5411148071, 84.2444381714, 62.6491966248], [21.0022621155, -29.6909160614, 31.0200576782, 22.1539897919, 36.5049705505, 31.7766551971, 39.2830085754, 42.3731384277, 54.5602722168, 53.8331260681, 53.2831878662, 62.6491966248, 87.3782348633]],
