{
"lowlevel": {
    "average_loudness": 0.507837355137,
    "barkbands_crest": {
        "dmean": 2.42833018303,
        "dmean2": 3.66943883896,
        "dvar": 6.37077903748,
        "dvar2": 14.5542106628,
        "max": 26.8468647003,
        "mean": 13.465508461,
        "median": 12.7910757065,
        "min": 2.09706377983,
        "var": 41.5659217834
    },
    "barkbands_flatness_db": {
        "dmean": 0.0281896907836,
        "dmean2": 0.0433673560619,
        "dvar": 0.00103396177292,
        "dvar2": 0.0025380901061,
        "max": 0.707809865475,
        "mean": 0.229924306273,
        "median": 0.199699431658,
        "min": 0.0185754224658,
        "var": 0.0188722014427
    },
    "barkbands_kurtosis": {
        "dmean": 12.9364337921,
        "dmean2": 21.2042884827,
        "dvar": 2433.48754883,
        "dvar2": 6593.04589844,
        "max": 2312.17260742,
        "mean": 23.0619087219,
        "median": 4.31574296951,
        "min": -1.90858197212,
        "var": 3882.36474609
    },
    "barkbands_skewness": {
        "dmean": 0.906511843204,
        "dmean2": 1.41229891777,
        "dvar": 1.79462385178,
        "dvar2": 4.51022529602,
        "max": 37.9296112061,
        "mean": 2.78848767281,
        "median": 1.85713851452,
        "min": -20.3739013672,
        "var": 8.48692512512
    },
    "barkbands_spread": {
        "dmean": 5.21565723419,
        "dmean2": 8.35872554779,
        "dvar": 81.903503418,
        "dvar2": 211.434783936,
        "max": 112.010749817,
        "mean": 15.3541269302,
        "median": 13.8381099701,
        "min": 0.0685578659177,
        "var": 168.204528809
    },
    "dissonance": {
        "dmean": 0.019738284871,
        "dmean2": 0.0334098264575,
        "dvar": 0.000688833999448,
        "dvar2": 0.00187781103887,
        "max": 0.500000119209,
        "mean": 0.466526925564,
        "median": 0.479061186314,
        "min": 0.0529677271843,
        "var": 0.00129021052271
    },
    "dynamic_complexity": 5.28151321411,
    "erbbands_crest": {
        "dmean": 2.66970396042,
        "dmean2": 4.53517484665,
        "dvar": 6.51740884781,
        "dvar2": 18.2457942963,
        "max": 28.601442337,
        "mean": 9.26966381073,
        "median": 8.01949691772,
        "min": 2.18620252609,
        "var": 23.3444328308
    },
    "erbbands_flatness_db": {
        "dmean": 0.0164217781276,
        "dmean2": 0.0262262299657,
        "dvar": 0.000282829074422,
        "dvar2": 0.000740070769098,
        "max": 0.568734288216,
        "mean": 0.192718401551,
        "median": 0.173556953669,
        "min": 0.0430783964694,
        "var": 0.0111524667591
    },
    "erbbands_kurtosis": {
        "dmean": 2.13188147545,
        "dmean2": 3.49880647659,
        "dvar": 32.6932106018,
        "dvar2": 81.6227798462,
        "max": 239.605911255,
        "mean": 2.85044002533,
        "median": 0.165645241737,
        "min": -1.8549233675,
        "var": 92.6251296997
    },
    "erbbands_skewness": {
        "dmean": 0.442317515612,
        "dmean2": 0.707256495953,
        "dvar": 0.295239388943,
        "dvar2": 0.796763300896,
        "max": 10.8214817047,
        "mean": 0.315706074238,
        "median": -0.0980654209852,
        "min": -5.86904191971,
        "var": 2.3495259285
    },
    "erbbands_spread": {
        "dmean": 8.07022094727,
        "dmean2": 12.3565254211,
        "dvar": 87.9951324463,
        "dvar2": 191.450027466,
        "max": 152.804489136,
        "mean": 36.7418518066,
        "median": 33.2642631531,
        "min": 0.574366152287,
        "var": 541.391296387
    },
    "hfc": {
        "dmean": 10.5129470825,
        "dmean2": 18.584897995,
        "dvar": 1213.9876709,
        "dvar2": 3536.52783203,
        "max": 941.481201172,
        "mean": 28.8082084656,
        "median": 15.7671928406,
        "min": 1.09540530818e-16,
        "var": 1475.15588379
    },
    "melbands_crest": {
        "dmean": 2.93440127373,
        "dmean2": 4.56534576416,
        "dvar": 8.92983341217,
        "dvar2": 22.4228668213,
        "max": 37.9004364014,
        "mean": 19.2056751251,
        "median": 18.3896789551,
        "min": 1.62732172012,
        "var": 65.4385910034
    },
    "melbands_flatness_db": {
        "dmean": 0.0313904881477,
        "dmean2": 0.0483606569469,
        "dvar": 0.00133167789318,
        "dvar2": 0.00326510425657,
        "max": 0.903017401695,
        "mean": 0.323726117611,
        "median": 0.281239241362,
        "min": 0.00232505844906,
        "var": 0.0284245759249
    },
    "melbands_kurtosis": {
        "dmean": 21.5332164764,
        "dmean2": 33.3234367371,
        "dvar": 1526.07165527,
        "dvar2": 3364.45947266,
        "max": 757.463806152,
        "mean": 49.1645812988,
        "median": 16.9478340149,
        "min": -1.86953163147,
        "var": 5426.79492188
    },
    "melbands_skewness": {
        "dmean": 1.16264152527,
        "dmean2": 1.75904119015,
        "dvar": 2.22141075134,
        "dvar2": 4.55554962158,
        "max": 23.2422027588,
        "mean": 4.41678857803,
        "median": 3.11524677277,
        "min": -12.6722803116,
        "var": 13.8314599991
    },
    "melbands_spread": {
        "dmean": 4.82507705688,
        "dmean2": 7.75766134262,
        "dvar": 68.2435760498,
        "dvar2": 170.481231689,
        "max": 189.708526611,
        "mean": 14.1026773453,
        "median": 12.0361862183,
        "min": 0.247515112162,
        "var": 218.863265991
    },
    "pitch_salience": {
        "dmean": 0.0740844756365,
        "dmean2": 0.113314434886,
        "dvar": 0.0062560797669,
        "dvar2": 0.0140616316348,
        "max": 0.952649593353,
        "mean": 0.431356221437,
        "median": 0.461993515491,
        "min": 0.02160833776,
        "var": 0.0378943495452
    },
    "silence_rate_20dB": {
        "dmean": 0.0217977762222,
        "dmean2": 0.0436002574861,
        "dvar": 0.0213217139244,
        "dvar2": 0.0581000559032,
        "max": 1,
        "mean": 0.986404836178,
        "median": 1,
        "min": 0,
        "var": 0.0134094655514
    },
    "silence_rate_30dB": {
        "dmean": 0.0513650588691,
        "dmean2": 0.102741204202,
        "dvar": 0.0487213544548,
        "dvar2": 0.10815897584,
        "max": 1,
        "mean": 0.706085443497,
        "median": 1,
        "min": 0,
        "var": 0.207534432411
    },
    "silence_rate_60dB": {
        "dmean": 0.0146757308394,
        "dmean2": 0.0293546300381,
        "dvar": 0.0144587540999,
        "dvar2": 0.03496170789,
        "max": 1,
        "mean": 0.127751410007,
        "median": 0,
        "min": 0,
        "var": 0.111408926547
    },
    "spectral_centroid": {
        "dmean": 219.563034058,
        "dmean2": 343.342529297,
        "dvar": 103712.617188,
        "dvar2": 245445.515625,
        "max": 11761.5996094,
        "mean": 1246.29370117,
        "median": 954.780761719,
        "min": 94.1389389038,
        "var": 1015283.0625
    },
    "spectral_complexity": {
        "dmean": 3.729793787,
        "dmean2": 5.79926633835,
        "dvar": 29.9163532257,
        "dvar2": 61.3865661621,
        "max": 72,
        "mean": 22.1911964417,
        "median": 18,
        "min": 0,
        "var": 320.237640381
    },
    "spectral_decrease": {
        "dmean": 4.95551555346e-09,
        "dmean2": 6.78752787309e-09,
        "dvar": 7.96759027206e-17,
        "dvar2": 1.35074848556e-16,
        "max": 1.62230757014e-28,
        "mean": -1.91489384349e-08,
        "median": -6.90387658153e-09,
        "min": -1.03295718645e-07,
        "var": 5.72162709057e-16
    },
    "spectral_energy": {
        "dmean": 0.0188490115106,
        "dmean2": 0.025744356215,
        "dvar": 0.0011293302523,
        "dvar2": 0.00191939889919,
        "max": 0.393677830696,
        "mean": 0.0748855471611,
        "median": 0.0275662429631,
        "min": 1.00953459807e-20,
        "var": 0.00848647672683
    },
    "spectral_energyband_high": {
        "dmean": 0.000857174221892,
        "dmean2": 0.00152622966561,
        "dvar": 1.05677545434e-05,
        "dvar2": 3.10950781568e-05,
        "max": 0.123128697276,
        "mean": 0.00163041392807,
        "median": 0.000131728447741,
        "min": 7.14204946881e-21,
        "var": 1.13180067274e-05
    },
    "spectral_energyband_low": {
        "dmean": 0.0182832069695,
        "dmean2": 0.0248129665852,
        "dvar": 0.00125121767633,
        "dvar2": 0.00214661518112,
        "max": 0.384791731834,
        "mean": 0.0596828460693,
        "median": 0.00915657170117,
        "min": 1.53863722358e-23,
        "var": 0.0079159764573
    },
    "spectral_energyband_middle_high": {
        "dmean": 0.00200568838045,
        "dmean2": 0.00336900237016,
        "dvar": 9.43167560763e-06,
        "dvar2": 2.54267906712e-05,
        "max": 0.0321294739842,
        "mean": 0.00577802397311,
        "median": 0.00481817824766,
        "min": 1.20891113665e-21,
        "var": 2.93917619274e-05
    },
    "spectral_energyband_middle_low": {
        "dmean": 0.00356164341792,
        "dmean2": 0.00571928126737,
        "dvar": 6.0500780819e-05,
        "dvar2": 0.000163299686392,
        "max": 0.0915311723948,
        "mean": 0.00956250634044,
        "median": 0.00871111173183,
        "min": 1.7761003857e-22,
        "var": 7.93418003013e-05
    },
    "spectral_entropy": {
        "dmean": 0.156483620405,
        "dmean2": 0.25671967864,
        "dvar": 0.0429916493595,
        "dvar2": 0.120631411672,
        "max": 9.81624698639,
        "mean": 7.07948637009,
        "median": 7.40241622925,
        "min": 2.99011063576,
        "var": 1.53068482876
    },
    "spectral_flux": {
        "dmean": 0.0303179472685,
        "dmean2": 0.0441116578877,
        "dvar": 0.00209287484176,
        "dvar2": 0.00374073232524,
        "max": 0.488046765327,
        "mean": 0.0969746783376,
        "median": 0.0740113556385,
        "min": 6.5151224693e-11,
        "var": 0.00773077039048
    },
    "spectral_kurtosis": {
        "dmean": 6.2436580658,
        "dmean2": 10.8145360947,
        "dvar": 280.822235107,
        "dvar2": 860.742431641,
        "max": 597.725341797,
        "mean": 20.1052150726,
        "median": 4.90458488464,
        "min": -1.22741138935,
        "var": 2393.63183594
    },
    "spectral_rms": {
        "dmean": 0.000927617307752,
        "dmean2": 0.001297983923,
        "dvar": 1.65584094702e-06,
        "dvar2": 2.89170498036e-06,
        "max": 0.0195978563279,
        "mean": 0.00694480538368,
        "median": 0.00518593285233,
        "min": 3.13833030743e-12,
        "var": 2.48286578426e-05
    },
    "spectral_rolloff": {
        "dmean": 330.183959961,
        "dmean2": 564.33380127,
        "dvar": 583453.625,
        "dvar2": 1495026.25,
        "max": 19379.8828125,
        "mean": 874.463989258,
        "median": 602.9296875,
        "min": 43.06640625,
        "var": 2257781.75
    },
    "spectral_skewness": {
        "dmean": 0.413324356079,
        "dmean2": 0.703196465969,
        "dvar": 0.449279040098,
        "dvar2": 1.32156991959,
        "max": 20.3607769012,
        "mean": 2.5351600647,
        "median": 1.67865288258,
        "min": -0.147103875875,
        "var": 5.50572443008
    },
    "spectral_spread": {
        "dmean": 412051.53125,
        "dmean2": 647179.3125,
        "dvar": 325710348288,
        "dvar2": 758302703616,
        "max": 42456220,
        "mean": 3894216.25,
        "median": 3719013.75,
        "min": 152147.6875,
        "var": 7.4354393088e+12
    },
    "spectral_strongpeak": {
        "dmean": 0.302503496408,
        "dmean2": 0.489531934261,
        "dvar": 1.71769988537,
        "dvar2": 3.19238352776,
        "max": 129.945861816,
        "mean": 0.64495486021,
        "median": 0.361997634172,
        "min": 0,
        "var": 4.12759923935
    },
    "zerocrossingrate": {
        "dmean": 0.00725682778284,
        "dmean2": 0.00921363383532,
        "dvar": 0.000124914615299,
        "dvar2": 0.000163714852533,
        "max": 0.7666015625,
        "mean": 0.0391450040042,
        "median": 0.03369140625,
        "min": 0.0029296875,
        "var": 0.00196305196732
    },
    "barkbands": {
        "dmean": [0.0017492978368, 0.0185114890337, 0.00542309042066, 0.00199013063684, 0.00141139107291, 0.000588513736147, 0.000443721131887, 0.000410819717217, 0.000540895911399, 0.000534481427167, 0.000421253935201, 0.000606955611147, 0.000387597683584, 0.000436484348029, 0.00039656701847, 0.000202953233384, 0.000311877462082, 0.00028785073664, 0.000180375573109, 0.000165861201822, 0.000157194459462, 0.000112357556645, 0.000183923664736, 0.000135860740556, 0.000112605295726, 0.000186692952411, 1.64870089066e-05],
        "dmean2": [0.0022482322529, 0.0249514263123, 0.00927970185876, 0.00338978995569, 0.00226085842587, 0.000966811669059, 0.000745807716157, 0.000639527628664, 0.000860924425069, 0.00086455733981, 0.00069002143573, 0.00103660183959, 0.000649552908726, 0.000741161988117, 0.000679009477608, 0.000353871873813, 0.000543139816727, 0.000509174249601, 0.000304879358737, 0.000277354178252, 0.000266271847067, 0.000186435834621, 0.000333205942297, 0.000242919661105, 0.000197720597498, 0.00035114781349, 3.00550946122e-05],
        "dvar": [1.11475646918e-05, 0.00141499366146, 0.000436276866822, 4.55456938653e-05, 5.3509152167e-06, 1.30960142997e-06, 5.68207326523e-07, 4.11355557617e-07, 6.47918739105e-07, 6.3888086288e-07, 4.95829056035e-07, 1.33564674343e-06, 5.83594669479e-07, 6.59608701881e-07, 4.97320399973e-07, 1.61375638186e-07, 5.70451732074e-07, 6.38963626898e-07, 1.46057729467e-07, 1.35226088105e-07, 1.20265994497e-07, 8.15237299889e-08, 2.88311161967e-06, 2.41642993615e-07, 1.41228781558e-07, 8.36068750232e-07, 5.03548669428e-09],
        "dvar2": [1.94055919565e-05, 0.00236946600489, 0.00117238517851, 0.000133376262966, 1.40128486237e-05, 3.46264778273e-06, 1.51898427703e-06, 9.64221044342e-07, 1.55366569743e-06, 1.59808905664e-06, 1.30262947096e-06, 3.76524690182e-06, 1.55979887495e-06, 1.8128961301e-06, 1.43064812619e-06, 4.61013229369e-07, 1.65201527125e-06, 1.84747386811e-06, 3.94512085222e-07, 3.64956321164e-07, 3.19731839227e-07, 2.19000810375e-07, 8.87481019163e-06, 7.04873514223e-07, 4.03565223905e-07, 2.45090382123e-06, 1.46074015106e-08],
        "max": [0.0438829809427, 0.366470068693, 0.172539353371, 0.0662235841155, 0.0624601915479, 0.0252270679921, 0.0139570692554, 0.0102935200557, 0.0137528982013, 0.0131390253082, 0.00849790778011, 0.0161654297262, 0.0114095164463, 0.0127936024219, 0.00910076219589, 0.00490722572431, 0.00959166232497, 0.00895739160478, 0.00632356666028, 0.00826922617853, 0.00867572333664, 0.00911665614694, 0.120802387595, 0.0054738689214, 0.00422149058431, 0.00892426073551, 0.000997648574412],
        "mean": [0.00369075243361, 0.0487410984933, 0.00564117264003, 0.00282755191438, 0.00288948137313, 0.0010826527141, 0.000732105807401, 0.000666436797474, 0.00101284205448, 0.000881923595443, 0.000616373727098, 0.000858753162902, 0.000619819329586, 0.000647310924251, 0.000627931207418, 0.00033419803367, 0.000442422868218, 0.000411394692492, 0.000349680543877, 0.000352689356077, 0.000342034327332, 0.000263544730842, 0.000280232809018, 0.000208263125387, 0.000183102209121, 0.000166507030372, 1.52690681716e-05],
        "median": [6.83196849423e-05, 0.00347921345383, 0.00201217923313, 0.00142585812137, 0.00199429970235, 0.000505129690282, 0.000366052205209, 0.000321716477629, 0.000639771809801, 0.000551239354536, 0.000249438802712, 0.000418280891608, 0.000251813296927, 0.00022009271197, 0.000275975209661, 0.000114651098556, 0.00013997523638, 0.000111444474896, 7.13210611138e-05, 5.82811080676e-05, 3.79950433853e-05, 1.91582967091e-05, 1.12152029033e-05, 6.20758601144e-06, 7.10864514986e-06, 1.67093583059e-06, 2.26262031333e-08],
        "min": [3.72368034548e-25, 1.00501770738e-23, 5.73275770839e-25, 2.94377685723e-24, 1.53317546621e-23, 2.1558404181e-23, 1.08375265215e-23, 5.8416463485e-24, 2.47269129162e-23, 2.33237044929e-23, 1.40953224783e-23, 2.66924340145e-23, 3.29889545214e-23, 3.54779526724e-23, 5.68278546052e-23, 7.63641905605e-23, 8.77371666767e-23, 1.42816488997e-22, 1.25313167502e-22, 1.54463698408e-22, 3.01294984542e-22, 3.76358898828e-22, 3.77844607902e-22, 6.73353846751e-22, 8.65293827654e-22, 1.30238890725e-21, 2.01153644036e-21],
        "var": [4.56311172456e-05, 0.00666588963941, 0.000302226602798, 2.95170721074e-05, 1.03808306449e-05, 2.8601887152e-06, 1.21477069115e-06, 9.16873432288e-07, 1.62153673955e-06, 1.20773449908e-06, 8.14298573459e-07, 1.89172976661e-06, 1.07195876353e-06, 1.15494435704e-06, 8.66151708578e-07, 2.50623855891e-07, 5.67726090139e-07, 5.70897043417e-07, 2.92418093295e-07, 2.99370896073e-07, 2.94270876111e-07, 1.89676114815e-07, 2.9704001463e-06, 2.13726721654e-07, 1.48551848156e-07, 4.78048036712e-07, 3.94087962263e-09]
    },
    "erbbands": {
        "dmean": [0.935448467731, 3.34026074409, 5.75346088409, 6.67628097534, 5.3175239563, 5.24073314667, 3.55642175674, 5.21961116791, 6.22676086426, 5.60122966766, 11.4386377335, 12.8168134689, 15.1340446472, 22.7412872314, 8.86308765411, 28.7657852173, 17.5662899017, 24.282119751, 13.938331604, 16.0049209595, 15.1587371826, 14.7665071487, 15.892159462, 10.742023468, 9.11147880554, 7.32904052734, 7.02170133591, 5.51787614822, 4.06254911423, 3.31745052338, 5.31708955765, 4.3712849617, 1.90763175488, 1.48894524574, 0.735587120056, 0.545803964138, 0.406062752008, 0.0709279328585, 0.00224379380234, 6.47881824989e-05],
        "dmean2": [1.11811935902, 4.62987327576, 9.03725910187, 11.5086784363, 8.44497203827, 8.52548980713, 5.65846633911, 8.74777126312, 10.5912151337, 9.39478683472, 17.5186214447, 20.3871669769, 24.8841762543, 36.8271942139, 14.5747356415, 49.2418861389, 29.5169506073, 41.0642585754, 23.5899448395, 27.5860347748, 26.5701732635, 25.804933548, 28.3399162292, 18.2577571869, 15.4246892929, 12.2139148712, 11.6984014511, 9.35053348541, 6.82624053955, 5.4213476181, 9.66342830658, 7.99632883072, 3.39008378983, 2.65881681442, 1.27624428272, 0.998500466347, 0.77015286684, 0.133192405105, 0.00410977052525, 0.000114050330012],
        "dvar": [3.36319351196, 50.9202308655, 371.445098877, 630.177246094, 133.763809204, 79.0146865845, 39.8188934326, 125.377845764, 126.216117859, 85.2751464844, 278.887939453, 413.902923584, 484.703887939, 1217.66906738, 155.093994141, 3218.69458008, 1339.96472168, 2089.21630859, 505.233154297, 768.118347168, 986.08807373, 1500.05761719, 2263.22021484, 492.90826416, 365.094451904, 275.342559814, 259.651367188, 161.075042725, 107.910804749, 66.0218429565, 2047.37841797, 619.828125, 40.656463623, 28.1612052917, 5.24550628662, 5.28377628326, 4.30465221405, 0.118659868836, 9.94530346361e-05, 5.79995393934e-08],
        "dvar2": [4.85660934448, 90.307144165, 917.04876709, 1796.46313477, 369.623809814, 203.853897095, 97.3801193237, 338.699890137, 351.187347412, 228.940582275, 621.08380127, 995.858276367, 1266.12207031, 3098.43286133, 414.589050293, 9081.546875, 3581.59545898, 5687.92382812, 1389.55273438, 2242.87744141, 2848.65844727, 4346.81787109, 6597.0703125, 1332.54016113, 996.203186035, 739.188903809, 679.534423828, 432.603851318, 291.581054688, 172.64604187, 6289.52880859, 1878.80224609, 117.877510071, 81.6571807861, 14.7008705139, 15.4107923508, 12.6273984909, 0.347427457571, 0.000289186747978, 1.69435566022e-07],
        "max": [18.0153388977, 72.096282959, 166.267089844, 230.712249756, 115.734046936, 264.404876709, 141.864456177, 299.370025635, 210.214523315, 166.405853271, 281.023986816, 387.596038818, 442.687316895, 418.942260742, 169.312286377, 774.532592773, 552.42199707, 716.681884766, 455.322387695, 338.342987061, 307.225769043, 482.533233643, 555.126464844, 342.638336182, 353.118988037, 359.09362793, 425.063262939, 352.159851074, 289.578460693, 200.029098511, 3171.60449219, 1442.79150391, 69.0465316772, 59.942363739, 24.3302974701, 24.5989627838, 20.3195075989, 3.48797035217, 0.139765948057, 0.00285442825407],
        "mean": [2.03716945648, 8.30186080933, 7.98175001144, 8.74549674988, 10.1468744278, 9.32985496521, 6.87336397171, 8.68630981445, 10.4600553513, 9.80682468414, 19.7319564819, 24.6956233978, 25.4113254547, 35.1503143311, 17.1839923859, 40.8484535217, 30.4601345062, 38.1019325256, 24.8886680603, 27.3206825256, 23.8112735748, 22.4155654907, 22.3136138916, 19.5374507904, 18.265329361, 15.9992246628, 15.068985939, 12.1859960556, 9.10421657562, 7.91808509827, 7.80067396164, 5.69841194153, 3.09207677841, 2.20501470566, 1.2218464613, 0.65096449852, 0.317418754101, 0.0589395314455, 0.00213308702223, 0.000132816596306],
        "median": [0.0531613081694, 0.925733625889, 3.33390426636, 4.48265552521, 6.90129184723, 5.5136051178, 3.53232192993, 3.81106925011, 5.41815757751, 5.40619516373, 11.4579544067, 15.9398117065, 17.410823822, 18.6961536407, 12.0723104477, 19.696647644, 14.2324390411, 14.27085495, 12.719628334, 12.9305124283, 9.57262802124, 6.72087907791, 6.33221244812, 4.37579631805, 3.39936542511, 2.63439750671, 2.16719865799, 1.21146702766, 0.703499317169, 0.500031292439, 0.296404063702, 0.165536418557, 0.097730435431, 0.0695598646998, 0.0451151356101, 0.0140723194927, 0.00209809979424, 0.000284685462248, 2.30056011787e-05, 3.29243084707e-05],
        "min": [2.73254122183e-22, 1.99424400347e-21, 1.50789583159e-21, 8.7536436791e-21, 2.53861067602e-20, 3.86387954845e-20, 7.15697280873e-20, 1.63577318427e-19, 2.89899714535e-19, 1.59536735005e-19, 1.6723751509e-19, 5.52992521669e-19, 6.36341411539e-19, 1.1994075455e-18, 8.05101507643e-19, 1.6716410281e-18, 1.41849284479e-18, 2.42908948784e-18, 2.43015406928e-18, 3.99319331399e-18, 5.3732262928e-18, 6.13460055172e-18, 6.25013865814e-18, 8.76896235319e-18, 7.38913658313e-18, 9.04460209435e-18, 1.18983197866e-17, 1.36374488265e-17, 1.32090470242e-17, 1.31939882011e-17, 1.09702074228e-17, 1.19295293111e-17, 1.0767929503e-17, 8.15667912788e-18, 6.05975849067e-18, 3.68260146964e-18, 2.42304610628e-18, 1.10740965515e-18, 2.74882819201e-19, 2.8825344417e-20],
        "var": [13.5694637299, 206.894378662, 360.202728271, 396.67489624, 158.739654541, 139.383422852, 113.941520691, 205.513824463, 236.785629272, 184.236602783, 677.850585938, 1027.00891113, 856.314819336, 2107.73852539, 352.599700928, 4411.73291016, 2440.10961914, 3823.52392578, 1053.46057129, 1402.67163086, 1250.43859863, 1444.85620117, 1829.84118652, 902.127380371, 787.148620605, 626.697814941, 575.32244873, 384.691986084, 231.051467896, 177.235733032, 2209.41333008, 542.624389648, 42.0825386047, 25.1942710876, 6.2097234726, 3.5785241127, 2.38059043884, 0.0688791275024, 8.17700420157e-05, 5.83016799283e-08]
    },
    "gfcc": {
        "mean": [-62.0040206909, 111.392127991, -100.959663391, 33.2010688782, -25.6406841278, 20.5926628113, -25.2811641693, 10.5131883621, -24.309343338, 3.05981469154, -17.3462104797, -6.35183143616, -9.34520721436],
        "cov": [[38750.2734375, -4579.63134766, -3056.2019043, 1588.97619629, -4723.72460938, 1952.42089844, 104.613418579, 1504.13793945, 862.72052002, 608.102844238, 533.507446289, 1748.7590332, 61.2109832764], [-4579.63134766, 3895.58349609, -357.704498291, -1283.68615723, 256.047393799, -799.695983887, -202.772277832, -889.990905762, -293.054748535, -614.238830566, 101.315979004, -473.850372314, 173.169067383], [-3056.2019043, -357.704498291, 1965.87658691, 755.729980469, 908.463256836, -55.3966941833, -66.0740432739, 20.4887943268, -309.761016846, 262.367675781, -51.2601509094, 5.83065748215, -124.717735291], [1588.97619629, -1283.68615723, 755.729980469, 1392.26379395, 464.208648682, 397.996704102, 229.451446533, 380.20413208, 8.65189647675, 269.372131348, -35.9445838928, 73.222442627, -91.0671005249], [-4723.72460938, 256.047393799, 908.463256836, 464.208648682, 1806.1887207, 2.8157222271, 98.9113464355, 32.0115127563, -240.008117676, 149.890213013, -192.319015503, -270.754058838, -97.6941375732], [1952.42089844, -799.695983887, -55.3966941833, 397.996704102, 2.8157222271, 487.092041016, 238.55581665, 301.765594482, 149.251678467, 178.053924561, -1.94223976135, 77.0298309326, -10.7940950394], [104.613418579, -202.772277832, -66.0740432739, 229.451446533, 98.9113464355, 238.55581665, 354.837310791, 184.190704346, 170.182403564, 50.0008277893, 2.37002444267, -23.2234172821, 9.01899814606], [1504.13793945, -889.990905762, 20.4887943268, 380.20413208, 32.0115127563, 301.765594482, 184.190704346, 384.930175781, 145.164505005, 178.156768799, -38.3899726868, 84.1385192871, -27.5294075012], [862.72052002, -293.054748535, -309.761016846, 8.65189647675, -240.008117676, 149.251678467, 170.182403564, 145.164505005, 319.025482178, 53.3169975281, 77.1824645996, 63.8918075562, 38.450553894], [608.102844238, -614.238830566, 262.367675781, 269.372131348, 149.890213013, 178.053924561, 50.0008277893, 178.156768799, 53.3169975281, 264.371734619, -9.19337463379, 79.8692169189, -27.9692707062], [533.507446289, 101.315979004, -51.2601509094, -35.9445838928, -192.319015503, -1.94223976135, 2.37002444267, -38.3899726868, 77.1824645996, -9.19337463379, 169.685562134, 75.0933837891, 29.9666938782], [1748.7590332, -473.850372314, 5.83065748215, 73.222442627, -270.754058838, 77.0298309326, -23.2234172821, 84.1385192871, 63.8918075562, 79.8692169189, 75.0933837891, 210.842529297, 1.48261582851], [61.2109832764, 173.169067383, -124.717735291, -91.0671005249, -97.6941375732, -10.7940950394, 9.01899814606, -27.5294075012, 38.450553894, -27.9692707062, 29.9666938782, 1.48261582851, 78.4191360474]],
        "icov": [[0.00014459041995, -0.000280823733192, 0.00027426602901, -0.000367159256712, 0.000299104227452, -0.000443836237537, 0.000385042309063, -0.000418150302721, 0.000180099406862, -0.000225584051805, 0.000234815088334, -0.00101048510987, 0.000398144533392], [-0.000280823733192, 0.00174341374077, -0.000553577323444, 0.00123958161566, -0.000813257007394, 0.00135004834738, -0.00151666835882, 0.00198274641298, 0.00024940026924, 0.0010987392161, -0.00170332961716, 0.00346647226252, -0.00217347219586], [0.00027426602901, -0.000553577323444, 0.00169294991065, -0.00122890993953, 0.000270231539616, -0.000121685836348, 0.000412390945712, -0.000496558088344, 0.00126196478959, -0.00158485514112, 5.69328403799e-05, -0.00231474055909, 0.00120983889792], [-0.000367159256712, 0.00123958161566, -0.00122890993953, 0.00270274374634, -0.00095849938225, 0.000610066112131, -0.00156497897115, 0.000580376887228, 0.000118499185191, 0.00107123411726, -0.00150649552234, 0.003171721939, -0.00115321332123], [0.000299104227452, -0.000813257007394, 0.000270231539616, -0.00095849938225, 0.00180737220217, -0.00083098502364, 0.000471897190437, -0.00108142464887, 0.000738634320442, -0.00138365966268, 0.00096927623963, -0.000929636531509, 0.00137392187025], [-0.000443836237537, 0.00135004834738, -0.000121685836348, 0.000610066112131, -0.00083098502364, 0.00727522745728, -0.00394062930718, -0.000142690812936, 0.000634774216451, -0.00132336490788, -0.00162976922002, 0.00330797350034, -0.00197356869467], [0.000385042309063, -0.00151666835882, 0.000412390945712, -0.00156497897115, 0.000471897190437, -0.00394062930718, 0.00819367077202, -0.00310496799648, -0.00300256418996, 0.00102778640576, 0.00113085040357, -0.00177451130003, 0.00134042277932], [-0.000418150302721, 0.00198274641298, -0.000496558088344, 0.000580376887228, -0.00108142464887, -0.000142690812936, -0.00310496799648, 0.0106082353741, -0.00196521845646, -0.000742568576243, 0.00143825134728, 0.00219856970944, -0.00134588172659], [0.000180099406862, 0.00024940026924, 0.00126196478959, 0.000118499185191, 0.000738634320442, 0.000634774216451, -0.00300256418996, -0.00196521845646, 0.00822051055729, -0.00195361021906, -0.00329430354759, -0.000407462823205, -0.00134458974935], [-0.000225584051805, 0.0010987392161, -0.00158485514112, 0.00107123411726, -0.00138365966268, -0.00132336490788, 0.00102778640576, -0.000742568576243, -0.00195361021906, 0.00946245435625, -0.000471118168207, 0.000312840013066, -0.00130462367088], [0.000234815088334, -0.00170332961716, 5.69328403799e-05, -0.00150649552234, 0.00096927623963, -0.00162976922002, 0.00113085040357, 0.00143825134728, -0.00329430354759, -0.000471118168207, 0.0116988066584, -0.00685592042282, 0.000383528822567], [-0.00101048510987, 0.00346647226252, -0.00231474055909, 0.003171721939, -0.000929636531509, 0.00330797350034, -0.00177451130003, 0.00219856970944, -0.000407462823205, 0.000312840013066, -0.00685592042282, 0.0188769605011, -0.00401671649888], [0.000398144533392, -0.00217347219586, 0.00120983889792, -0.00115321332123, 0.00137392187025, -0.00197356869467, 0.00134042277932, -0.00134588172659, -0.00134458974935, -0.00130462367088, 0.000383528822567, -0.00401671649888, 0.0187623780221]]
    },
    "melbands": {
        "dmean": [0.00636392924935, 0.00280654942617, 0.0010925376555, 0.000371953210561, 0.000133057415951, 0.000116944014735, 9.57405136432e-05, 5.93362601649e-05, 9.88499377854e-05, 7.94790976215e-05, 7.63140706113e-05, 9.126967052e-05, 3.73148322979e-05, 7.22880577086e-05, 4.9549194955e-05, 3.81602949346e-05, 4.95687490911e-05, 1.95406646526e-05, 3.44882937497e-05, 1.32978038891e-05, 2.10452417377e-05, 1.70599796547e-05, 1.52485654326e-05, 1.34739748319e-05, 8.75332716532e-06, 7.12458268026e-06, 6.66013465889e-06, 4.98930876347e-06, 4.67655809189e-06, 4.9535733524e-06, 2.99681664728e-06, 2.63910214926e-06, 2.12912073039e-06, 1.80607776201e-06, 2.5622607609e-06, 4.62912430521e-06, 2.06706909012e-06, 1.32784111884e-06, 1.22255153201e-06, 1.34798153795e-06],
        "dmean2": [0.00802130158991, 0.00394671643153, 0.00184744212311, 0.000598612357862, 0.000214085535845, 0.000195499320398, 0.000161606440088, 9.8867691122e-05, 0.000151945947437, 0.0001266845793, 0.000125518447021, 0.000147535552969, 6.1265520344e-05, 0.000123651392641, 8.42622393975e-05, 6.42775630695e-05, 8.39601198095e-05, 3.32540475938e-05, 5.95633609919e-05, 2.29060151469e-05, 3.70444722648e-05, 2.97819606203e-05, 2.72901143035e-05, 2.37470758293e-05, 1.48128992805e-05, 1.22126648421e-05, 1.11886120067e-05, 8.34608999867e-06, 7.80109621701e-06, 8.61377429828e-06, 5.03364208271e-06, 4.47673164672e-06, 3.52860365638e-06, 2.93862217404e-06, 4.57224086858e-06, 8.66580558068e-06, 3.71583473679e-06, 2.35105017055e-06, 2.16149874177e-06, 2.41587076744e-06],
        "dvar": [0.000157659684191, 4.58519280073e-05, 1.47900545926e-05, 3.83833821616e-07, 5.07076585166e-08, 5.91276467787e-08, 2.75182205911e-08, 9.06047681326e-09, 1.87192661372e-08, 1.48656660315e-08, 1.22865504437e-08, 1.9799676565e-08, 3.21613002896e-09, 1.93724964959e-08, 7.36929495204e-09, 4.25157420381e-09, 9.28928312049e-09, 1.06415465329e-09, 5.07157382756e-09, 5.44420952764e-10, 2.02077043987e-09, 1.88480542285e-09, 1.95421523408e-09, 1.29226551682e-09, 3.04277048002e-10, 2.52496218378e-10, 1.72872105519e-10, 1.38548339468e-10, 1.25230575909e-10, 1.14012112251e-10, 5.07510596048e-11, 4.36784393376e-11, 2.84477320173e-11, 1.95854166218e-11, 1.97379224076e-10, 2.71622835335e-09, 5.71772351687e-11, 1.81965397611e-11, 1.51390913694e-11, 2.35418230049e-11],
        "dvar2": [0.000246525421971, 9.24761334318e-05, 4.14044297941e-05, 1.01482362425e-06, 1.30196767145e-07, 1.60274140626e-07, 7.55870459557e-08, 2.43253754917e-08, 4.19188488365e-08, 3.59535761163e-08, 3.20738493542e-08, 5.00284365046e-08, 8.5989251275e-09, 5.46936114176e-08, 1.98881142666e-08, 1.15545644164e-08, 2.52020413427e-08, 2.9354301212e-09, 1.47595855537e-08, 1.5309987722e-09, 5.8381979251e-09, 5.45140377284e-09, 5.70341640582e-09, 3.72404640459e-09, 8.10032818599e-10, 6.96847246573e-10, 4.62225646647e-10, 3.80592724003e-10, 3.35996397371e-10, 3.16853709936e-10, 1.36157335406e-10, 1.19243059871e-10, 7.63616739285e-11, 5.07823505469e-11, 5.98895100179e-10, 8.36559266304e-09, 1.66987326744e-10, 5.27803217798e-11, 4.33213950823e-11, 6.84860154698e-11],
        "max": [0.125688612461, 0.0685596838593, 0.0354404821992, 0.0141413109377, 0.00652943830937, 0.00597735494375, 0.00319905625656, 0.00153936177958, 0.00213990244083, 0.00223423005082, 0.00225449027494, 0.00189768581185, 0.000700384844095, 0.00198653643019, 0.00119122804608, 0.00105715473182, 0.00162622658536, 0.000680175318848, 0.000943486345932, 0.00031521890196, 0.000464154058136, 0.000548304524273, 0.000473766762298, 0.00041223160224, 0.000306472065859, 0.000315315584885, 0.000240542110987, 0.000238315857132, 0.000272037170362, 0.000211617763853, 0.000236462758039, 0.000174734464963, 0.00015750474995, 0.000114235655928, 0.000903875450604, 0.00371882575564, 0.000100887744338, 4.79353584524e-05, 5.78881845286e-05, 5.33266356797e-05],
        "mean": [0.0155462911353, 0.00647433707491, 0.001549842651, 0.000729263410904, 0.000256653293036, 0.00020003739337, 0.000164665354532, 0.000106038853119, 0.000170378116309, 0.000150581006892, 0.000122141471365, 0.000139017385663, 6.11651412328e-05, 9.97056995402e-05, 7.78096582508e-05, 6.13766605966e-05, 7.32372354832e-05, 3.25959481415e-05, 5.27375923411e-05, 2.34038288909e-05, 2.96178914141e-05, 2.42247097049e-05, 2.08391265915e-05, 1.89678266906e-05, 1.54569152073e-05, 1.29634108816e-05, 1.3069866327e-05, 9.97169809125e-06, 9.10483413463e-06, 9.2977343229e-06, 6.3068050622e-06, 5.24011375092e-06, 4.74194257549e-06, 4.13869975091e-06, 4.06971457778e-06, 5.20786852576e-06, 2.85868350147e-06, 2.12488066609e-06, 1.94389008357e-06, 1.85462317859e-06],
        "median": [0.000750781386159, 0.00171424669679, 0.000899881997611, 0.000501039379742, 0.000146413454786, 9.13129624678e-05, 8.60176514834e-05, 6.08698610449e-05, 0.000104003600427, 9.62756384979e-05, 7.85039155744e-05, 7.19675590517e-05, 3.30638831656e-05, 4.59441362182e-05, 4.0303246351e-05, 2.6146242817e-05, 2.21078298637e-05, 1.576183422e-05, 2.03352392418e-05, 9.75493821898e-06, 1.0994924196e-05, 7.3687542681e-06, 5.95776145929e-06, 4.74289208796e-06, 3.26233634951e-06, 2.57233341472e-06, 1.85551903087e-06, 1.64080347531e-06, 1.42975113704e-06, 9.27168116505e-07, 5.95764618083e-07, 3.92634717628e-07, 3.12344354825e-07, 2.36752612182e-07, 1.7905175298e-07, 1.21357388139e-07, 8.48724681646e-08, 5.95437832374e-08, 5.78407615137e-08, 5.60797133176e-08],
        "min": [2.95981518829e-24, 1.77469071493e-24, 2.46193233328e-24, 1.91094513706e-24, 2.48166194173e-24, 4.65378038628e-24, 4.09763502582e-24, 1.55589609995e-24, 1.59195010016e-24, 3.44447357909e-24, 3.15561835357e-24, 4.65195851202e-24, 2.43662725316e-24, 3.98062328775e-24, 3.17239722781e-24, 3.0619361907e-24, 3.73878929979e-24, 3.23503574192e-24, 3.13407278732e-24, 6.04487308934e-24, 5.46884093989e-24, 5.95063261015e-24, 5.03966313655e-24, 5.77039919256e-24, 6.68727723434e-24, 4.23749178128e-24, 5.89512086268e-24, 5.48081308741e-24, 6.12138825841e-24, 5.05260242755e-24, 5.49867171502e-24, 6.09925755457e-24, 6.6308618467e-24, 7.34862981828e-24, 5.99041802105e-24, 6.07931830633e-24, 5.51317610605e-24, 6.67357314269e-24, 6.70603634666e-24, 6.42111517049e-24],
        "var": [0.000714141060598, 0.00012138087186, 9.84378129942e-06, 6.75021681218e-07, 1.21042958767e-07, 1.02169295246e-07, 5.71524445547e-08, 1.92767544149e-08, 4.57660291886e-08, 3.6810646975e-08, 2.09028101494e-08, 3.43594592778e-08, 5.91159077246e-09, 2.71914277761e-08, 1.23440226929e-08, 8.20674195268e-09, 1.64897482335e-08, 2.00988825583e-09, 8.0378166345e-09, 1.06764475039e-09, 2.26112262247e-09, 1.78699222086e-09, 1.60754665135e-09, 1.20023435635e-09, 5.89745363655e-10, 4.25386365022e-10, 4.25490087608e-10, 2.60934274188e-10, 2.24842880425e-10, 2.36468983283e-10, 1.08625601569e-10, 8.07607383746e-11, 6.59605842168e-11, 5.07453072618e-11, 2.41034553428e-10, 2.61575827665e-09, 4.60662896717e-11, 1.96991398888e-11, 1.66559994963e-11, 1.96442116046e-11]
    },
    "mfcc": {
        "mean": [-697.715209961, 132.814163208, 3.63623452187, 26.2990131378, 17.7347450256, 18.2063560486, 13.5837335587, 9.87961196899, 6.47039985657, 6.48820304871, 3.79710817337, -1.12626135349, -4.79623699188],
        "cov": [[29329.8769531, -1534.01879883, -1354.25634766, -702.272949219, -2420.74194336, -1000.78570557, -501.279327393, 175.004425049, 282.954315186, -60.8752174377, -62.2605209351, 1079.73901367, 1533.46105957], [-1534.01879883, 3394.49951172, -659.531005859, -477.041534424, -242.823654175, -256.521179199, -109.666656494, -332.650939941, -378.923980713, -500.396453857, -296.65826416, -285.703887939, -132.382858276], [-1354.25634766, -659.531005859, 1034.84094238, 575.414978027, 411.52822876, 290.534606934, 166.415634155, 70.7172927856, -43.3027458191, 32.5770797729, 79.6302490234, -15.7854061127, -85.5332641602], [-702.272949219, -477.041534424, 575.414978027, 776.895141602, 481.734222412, 300.862548828, 222.489135742, 162.506103516, 67.2250747681, 111.504493713, 90.2096786499, -14.975643158, -104.59577179], [-2420.74194336, -242.823654175, 411.52822876, 481.734222412, 792.849182129, 377.414245605, 245.516937256, 119.748748779, 72.4925537109, 101.755340576, 108.221916199, -77.5202636719, -173.606216431], [-1000.78570557, -256.521179199, 290.534606934, 300.862548828, 377.414245605, 376.349914551, 228.923843384, 135.783432007, 112.122833252, 145.051345825, 115.404838562, -7.49765300751, -63.1058387756], [-501.279327393, -109.666656494, 166.415634155, 222.489135742, 245.516937256, 228.923843384, 273.75491333, 146.120178223, 119.359016418, 116.89730835, 108.367034912, 5.1927113533, -35.6682472229], [175.004425049, -332.650939941, 70.7172927856, 162.506103516, 119.748748779, 135.783432007, 146.120178223, 218.294372559, 146.083648682, 136.260925293, 94.5986480713, 69.1296768188, 25.3629493713], [282.954315186, -378.923980713, -43.3027458191, 67.2250747681, 72.4925537109, 112.122833252, 119.359016418, 146.083648682, 271.817810059, 219.133178711, 120.670669556, 69.1926574707, 41.4195594788], [-60.8752174377, -500.396453857, 32.5770797729, 111.504493713, 101.755340576, 145.051345825, 116.89730835, 136.260925293, 219.133178711, 269.57925415, 150.888549805, 66.2107620239, 12.5649023056], [-62.2605209351, -296.65826416, 79.6302490234, 90.2096786499, 108.221916199, 115.404838562, 108.367034912, 94.5986480713, 120.670669556, 150.888549805, 153.363113403, 68.8749084473, 22.7843132019], [1079.73901367, -285.703887939, -15.7854061127, -14.975643158, -77.5202636719, -7.49765300751, 5.1927113533, 69.1296768188, 69.1926574707, 66.2107620239, 68.8749084473, 156.814819336, 134.065734863], [1533.46105957, -132.382858276, -85.5332641602, -104.59577179, -173.606216431, -63.1058387756, -35.6682472229, 25.3629493713, 41.4195594788, 12.5649023056, 22.7843132019, 134.065734863, 201.081939697]],
