{
"lowlevel": {
    "average_loudness": 0.83244407177,
    "barkbands_crest": {
        "dmean": 3.26652979851,
        "dmean2": 5.00940036774,
        "dvar": 10.441901207,
        "dvar2": 20.6527671814,
        "max": 26.4220657349,
        "mean": 13.0621891022,
        "median": 13.0354919434,
        "min": 1.88051700592,
        "var": 33.7840766907
    },
    "barkbands_flatness_db": {
        "dmean": 0.0389217846096,
        "dmean2": 0.0536638647318,
        "dvar": 0.00214296788909,
        "dvar2": 0.0033843209967,
        "max": 0.968487143517,
        "mean": 0.16172619164,
        "median": 0.139817148447,
        "min": 0.0232512932271,
        "var": 0.00809410400689
    },
    "barkbands_kurtosis": {
        "dmean": 17.6648292542,
        "dmean2": 26.5474300385,
        "dvar": 6138.24511719,
        "dvar2": 13843.9550781,
        "max": 3366.50976562,
        "mean": 20.7509784698,
        "median": 3.75830054283,
        "min": -1.9271261692,
        "var": 7184.74951172
    },
    "barkbands_skewness": {
        "dmean": 1.20661306381,
        "dmean2": 1.76937127113,
        "dvar": 3.17489075661,
        "dvar2": 6.53855419159,
        "max": 36.3815116882,
        "mean": 2.48126316071,
        "median": 1.99833738804,
        "min": -3.6863951683,
        "var": 8.87048435211
    },
    "barkbands_spread": {
        "dmean": 10.0666561127,
        "dmean2": 16.0356369019,
        "dvar": 153.987014771,
        "dvar2": 353.323547363,
        "max": 123.397216797,
        "mean": 24.7091464996,
        "median": 20.1095027924,
        "min": 0.0265966486186,
        "var": 330.541595459
    },
    "dissonance": {
        "dmean": 0.0159855652601,
        "dmean2": 0.0262685734779,
        "dvar": 0.000357167446055,
        "dvar2": 0.000848476833198,
        "max": 0.500000119209,
        "mean": 0.47274106741,
        "median": 0.480651140213,
        "min": 0.0640230476856,
        "var": 0.000856836501043
    },
    "dynamic_complexity": 6.01353025436,
    "erbbands_crest": {
        "dmean": 2.94122314453,
        "dmean2": 4.53102636337,
        "dvar": 10.1597537994,
        "dvar2": 19.6520881653,
        "max": 33.8333969116,
        "mean": 8.68284606934,
        "median": 6.82517814636,
        "min": 2.01673173904,
        "var": 31.5275974274
    },
    "erbbands_flatness_db": {
        "dmean": 0.022418634966,
        "dmean2": 0.0314246937633,
        "dvar": 0.000677239266224,
        "dvar2": 0.00101539865136,
        "max": 0.553929269314,
        "mean": 0.140205487609,
        "median": 0.114093765616,
        "min": 0.0360077992082,
        "var": 0.00664016930386
    },
    "erbbands_kurtosis": {
        "dmean": 2.66290402412,
        "dmean2": 4.25807285309,
        "dvar": 144.968444824,
        "dvar2": 307.401489258,
        "max": 363.877624512,
        "mean": 2.2580473423,
        "median": -0.33035337925,
        "min": -1.89221310616,
        "var": 310.51776123
    },
    "erbbands_skewness": {
        "dmean": 0.643408000469,
        "dmean2": 0.952062785625,
        "dvar": 0.74706619978,
        "dvar2": 1.40371012688,
        "max": 14.5632801056,
        "mean": 0.2069247365,
        "median": 0.0917032808065,
        "min": -4.34904670715,
        "var": 1.88305056095
    },
    "erbbands_spread": {
        "dmean": 13.79433918,
        "dmean2": 21.2809581757,
        "dvar": 218.242996216,
        "dvar2": 490.097503662,
        "max": 160.026153564,
        "mean": 55.8302536011,
        "median": 57.0528411865,
        "min": 0.44314417243,
        "var": 1060.9864502
    },
    "hfc": {
        "dmean": 15.1933670044,
        "dmean2": 25.576374054,
        "dvar": 642.943786621,
        "dvar2": 1663.24914551,
        "max": 250.162734985,
        "mean": 36.5020179749,
        "median": 27.4148578644,
        "min": 1.05895681871e-16,
        "var": 1536.49060059
    },
    "melbands_crest": {
        "dmean": 4.34729671478,
        "dmean2": 7.05845546722,
        "dvar": 20.167678833,
        "dvar2": 47.810333252,
        "max": 39.1786613464,
        "mean": 19.0476264954,
        "median": 20.58344841,
        "min": 1.28846108913,
        "var": 64.2192687988
    },
    "melbands_flatness_db": {
        "dmean": 0.0484269112349,
        "dmean2": 0.0680105686188,
        "dvar": 0.00318956677802,
        "dvar2": 0.00555219920352,
        "max": 1,
        "mean": 0.234176278114,
        "median": 0.218274608254,
        "min": 0.000210737824091,
        "var": 0.0122829042375
    },
    "melbands_kurtosis": {
        "dmean": 42.1380844116,
        "dmean2": 64.8398208618,
        "dvar": 14609.2714844,
        "dvar2": 36251.2578125,
        "max": 3854.85351562,
        "mean": 61.9486198425,
        "median": 21.6601409912,
        "min": -1.92251384258,
        "var": 17470.6210938
    },
    "melbands_skewness": {
        "dmean": 1.75722324848,
        "dmean2": 2.60441160202,
        "dvar": 6.421210289,
        "dvar2": 14.14204216,
        "max": 39.1764678955,
        "mean": 4.7919626236,
        "median": 4.09352016449,
        "min": -3.96355390549,
        "var": 18.2655315399
    },
    "melbands_spread": {
        "dmean": 9.70297908783,
        "dmean2": 15.5595903397,
        "dvar": 229.618041992,
        "dvar2": 530.537231445,
        "max": 229.814727783,
        "mean": 22.677066803,
        "median": 14.6914329529,
        "min": 0.0245750304312,
        "var": 573.477722168
    },
    "pitch_salience": {
        "dmean": 0.105083987117,
        "dmean2": 0.157164603472,
        "dvar": 0.0140825016424,
        "dvar2": 0.0268388353288,
        "max": 0.980794608593,
        "mean": 0.470877081156,
        "median": 0.478738546371,
        "min": 0.00643906136975,
        "var": 0.0397050119936
    },
    "silence_rate_20dB": {
        "dmean": 0,
        "dmean2": 0,
        "dvar": 0,
        "dvar2": 0,
        "max": 1,
        "mean": 1,
        "median": 1,
        "min": 1,
        "var": 0
    },
    "silence_rate_30dB": {
        "dmean": 0.12960998714,
        "dmean2": 0.25925052166,
        "dvar": 0.11280208081,
        "dvar2": 0.221034005284,
        "max": 1,
        "mean": 0.778864264488,
        "median": 1,
        "min": 0,
        "var": 0.17224226892
    },
    "silence_rate_60dB": {
        "dmean": 0.0228584893048,
        "dmean2": 0.0457223653793,
        "dvar": 0.022333856672,
        "dvar2": 0.0523603670299,
        "max": 1,
        "mean": 0.257775694132,
        "median": 0,
        "min": 0,
        "var": 0.191312268376
    },
    "spectral_centroid": {
        "dmean": 470.039733887,
        "dmean2": 738.698242188,
        "dvar": 282940,
        "dvar2": 602620.8125,
        "max": 11738.0058594,
        "mean": 1572.1418457,
        "median": 1435.0300293,
        "min": 47.0031013489,
        "var": 1241333.75
    },
    "spectral_complexity": {
        "dmean": 5.25580310822,
        "dmean2": 8.8736743927,
        "dvar": 42.8801803589,
        "dvar2": 112.175102234,
        "max": 61,
        "mean": 15.3275213242,
        "median": 15,
        "min": 0,
        "var": 133.829940796
    },
    "spectral_decrease": {
        "dmean": 4.64212979168e-09,
        "dmean2": 6.83182488359e-09,
        "dvar": 4.56547152063e-17,
        "dvar2": 7.93948532182e-17,
        "max": 1.76590924013e-28,
        "mean": -1.51205359344e-08,
        "median": -1.35104443189e-08,
        "min": -5.98526952444e-08,
        "var": 1.95131205052e-16
    },
    "spectral_energy": {
        "dmean": 0.017847167328,
        "dmean2": 0.0263635162264,
        "dvar": 0.000662647129502,
        "dvar2": 0.00117488473188,
        "max": 0.230396360159,
        "mean": 0.0603790655732,
        "median": 0.0553806200624,
        "min": 9.79640016087e-21,
        "var": 0.00295101897791
    },
    "spectral_energyband_high": {
        "dmean": 0.00179766258225,
        "dmean2": 0.00303410599008,
        "dvar": 1.13476698971e-05,
        "dvar2": 2.87831098831e-05,
        "max": 0.0325905419886,
        "mean": 0.00306414533406,
        "median": 0.00141404510941,
        "min": 7.29109061309e-21,
        "var": 1.96488235815e-05
    },
    "spectral_energyband_low": {
        "dmean": 0.018120277673,
        "dmean2": 0.0269980505109,
        "dvar": 0.000821315217763,
        "dvar2": 0.00145425740629,
        "max": 0.224538072944,
        "mean": 0.045329272747,
        "median": 0.0326530411839,
        "min": 2.39697137323e-23,
        "var": 0.00243193563074
    },
    "spectral_energyband_middle_high": {
        "dmean": 0.0014294499997,
        "dmean2": 0.00231030024588,
        "dvar": 4.57478063254e-06,
        "dvar2": 1.15174843813e-05,
        "max": 0.0405912213027,
        "mean": 0.00325334840454,
        "median": 0.00218991981819,
        "min": 1.21283691241e-21,
        "var": 1.47361597556e-05
    },
    "spectral_energyband_middle_low": {
        "dmean": 0.00796356797218,
        "dmean2": 0.0125998295844,
        "dvar": 0.000319027516525,
        "dvar2": 0.000797502114438,
        "max": 0.125211015344,
        "mean": 0.0121511882171,
        "median": 0.00696971965954,
        "min": 1.95637252059e-22,
        "var": 0.000309961033054
    },
    "spectral_entropy": {
        "dmean": 0.303913772106,
        "dmean2": 0.441861093044,
        "dvar": 0.148335039616,
        "dvar2": 0.258370816708,
        "max": 9.82369327545,
        "mean": 7.75823020935,
        "median": 7.93218898773,
        "min": 2.76241922379,
        "var": 0.51911097765
    },
    "spectral_flux": {
        "dmean": 0.0419550836086,
        "dmean2": 0.0614837855101,
        "dvar": 0.00269268034026,
        "dvar2": 0.00568281812593,
        "max": 0.454316437244,
        "mean": 0.115821629763,
        "median": 0.0937415212393,
        "min": 6.41707312288e-11,
        "var": 0.0101762153208
    },
    "spectral_kurtosis": {
        "dmean": 2.51165509224,
        "dmean2": 4.06806230545,
        "dvar": 164.540481567,
        "dvar2": 412.44934082,
        "max": 782.04864502,
        "mean": 4.98875904083,
        "median": 1.9587264061,
        "min": -1.25186038017,
        "var": 444.522766113
    },
    "spectral_rms": {
        "dmean": 0.00105865427759,
        "dmean2": 0.00151218019892,
        "dvar": 1.84989562513e-06,
        "dvar2": 2.9941579669e-06,
        "max": 0.0149925621226,
        "mean": 0.00642970437184,
        "median": 0.00735050160438,
        "min": 3.09151467447e-12,
        "var": 1.75652658072e-05
    },
    "spectral_rolloff": {
        "dmean": 901.743835449,
        "dmean2": 1526.56176758,
        "dvar": 2856407.5,
        "dvar2": 6566973.5,
        "max": 19401.4160156,
        "mean": 1676.35620117,
        "median": 689.0625,
        "min": 43.06640625,
        "var": 6553028
    },
    "spectral_skewness": {
        "dmean": 0.333082377911,
        "dmean2": 0.532732188702,
        "dvar": 0.203771218657,
        "dvar2": 0.475735843182,
        "max": 23.8200912476,
        "mean": 1.4514799118,
        "median": 1.26672935486,
        "min": -0.0687828063965,
        "var": 1.14443206787
    },
    "spectral_spread": {
        "dmean": 688848.375,
        "dmean2": 1035470.375,
        "dvar": 768865796096,
        "dvar2": 1.53414729728e+12,
        "max": 43016672,
        "mean": 6487308,
        "median": 6919025,
        "min": 197738.375,
        "var": 1.36628005765e+13
    },
    "spectral_strongpeak": {
        "dmean": 0.340649425983,
        "dmean2": 0.56111484766,
        "dvar": 0.386515676975,
        "dvar2": 0.932332754135,
        "max": 10.8295116425,
        "mean": 0.728497684002,
        "median": 0.543192327023,
        "min": 0,
        "var": 0.691930353642
    },
    "zerocrossingrate": {
        "dmean": 0.0166176725179,
        "dmean2": 0.0193218048662,
        "dvar": 0.00037835695548,
        "dvar2": 0.000461200048449,
        "max": 0.77294921875,
        "mean": 0.0700677856803,
        "median": 0.056640625,
        "min": 0.00146484375,
        "var": 0.00352746807039
    },
    "barkbands": {
        "dmean": [0.000554745201953, 0.0152557147667, 0.0100911213085, 0.00632766960189, 0.00207486911677, 0.00076991925016, 0.000676034891512, 0.000432970788097, 0.000533050333615, 0.000538306660019, 0.000367199216271, 0.000264394329861, 0.000139971249155, 0.000189879603568, 0.000151728716446, 0.000120332850202, 0.000137051320053, 0.000108155189082, 0.000146577731357, 0.000171781939571, 0.000287307979306, 0.000447456928669, 0.000443619268481, 0.00037549296394, 0.000290610070806, 0.000123186793644, 3.16949117405e-05],
        "dmean2": [0.000721376796719, 0.0196487233043, 0.0154314637184, 0.0114145278931, 0.00358595210128, 0.00135106418747, 0.00110399897676, 0.000643289356958, 0.000899128906894, 0.000875726691447, 0.000560276035685, 0.000441582204076, 0.000236789317569, 0.000319427257637, 0.000249627890298, 0.000189126294572, 0.000224648436415, 0.000179747818038, 0.000254523503827, 0.000296793994494, 0.000488373218104, 0.000761498929933, 0.000754457083531, 0.000628361303825, 0.000478800298879, 0.000197429108084, 4.98808731209e-05],
        "dvar": [8.70062422109e-07, 0.000518371060025, 0.000541670946404, 0.000368290551705, 1.82844833034e-05, 2.73990349342e-06, 1.40538713822e-06, 1.34823289955e-06, 2.02348610401e-06, 1.51710059981e-06, 1.08695769541e-06, 5.1119610589e-07, 9.80662875349e-08, 2.78878729887e-07, 2.37165437511e-07, 1.54774383532e-07, 1.13765963761e-07, 2.61303849669e-08, 5.2197908218e-08, 8.5532576577e-08, 2.33079163081e-07, 1.11129122615e-06, 6.69707446832e-07, 3.99582006594e-07, 3.04836760279e-07, 5.4405663974e-08, 4.3023375973e-09],
        "dvar2": [1.5231952375e-06, 0.000746804988012, 0.00117816042621, 0.00102728884667, 4.93699626531e-05, 7.66996254242e-06, 3.4631843846e-06, 2.29986585509e-06, 4.75951583212e-06, 3.36685161528e-06, 2.25991811931e-06, 1.47012076468e-06, 2.54594482385e-07, 7.51173672597e-07, 5.17205535289e-07, 2.71743090252e-07, 2.43305521508e-07, 6.43907966946e-08, 1.4299203599e-07, 2.38262302332e-07, 6.04213028055e-07, 2.89277704724e-06, 1.69306906628e-06, 1.01059333701e-06, 7.90165699982e-07, 1.35134499146e-07, 9.91665061179e-09],
        "max": [0.0141117312014, 0.179372623563, 0.161917418242, 0.116890832782, 0.0306049063802, 0.0167576894164, 0.0169595405459, 0.068669334054, 0.0369025729597, 0.0300263762474, 0.0362347587943, 0.0204302817583, 0.0102258138359, 0.0146589046344, 0.0211391914636, 0.0231224168092, 0.0173169020563, 0.00430804537609, 0.00591447390616, 0.0101917656139, 0.00852375663817, 0.0117210615426, 0.00812737364322, 0.0086882468313, 0.00535905640572, 0.0029561300762, 0.00101080874447],
        "mean": [0.00131355808116, 0.0296911653131, 0.0111330607906, 0.0049914107658, 0.00305163348094, 0.0010398356244, 0.00105743866879, 0.000802117807325, 0.000758660724387, 0.000776140484959, 0.000620234641246, 0.000369794492144, 0.000208190482226, 0.000289292947855, 0.000242754103965, 0.00020984763978, 0.000214788189624, 0.00018277556228, 0.000230498582823, 0.000271009659627, 0.000404976395657, 0.00055521709146, 0.000574067584239, 0.000592372845858, 0.000496520893648, 0.000256510131294, 4.53219836345e-05],
        "median": [0.000223156515858, 0.0151584297419, 0.00204962771386, 0.000312213727739, 0.0005258343881, 0.000318091799272, 0.000330003444105, 0.000181548835826, 0.000163918623002, 0.000142474236782, 0.000100373428722, 0.000127331964904, 0.000110478213173, 0.000118588177429, 9.97051101876e-05, 8.37323168525e-05, 0.000110321154352, 0.000114236529043, 0.0001401968766, 0.00014864015975, 0.000183885655133, 0.000188025282114, 0.000194617809029, 0.000202169991098, 0.000184898643056, 9.68220847426e-05, 2.85534088107e-06],
        "min": [2.78747378171e-25, 4.33173975464e-24, 2.10196228324e-24, 2.50872775939e-24, 4.48701519092e-24, 5.8315280241e-24, 8.81879123316e-24, 6.92010637507e-24, 1.82621015569e-23, 1.44211314985e-23, 8.15036966664e-24, 2.24538275727e-23, 3.72467586822e-23, 4.28004530509e-23, 4.81384602264e-23, 6.0502576961e-23, 8.11973961764e-23, 1.14877938743e-22, 1.3735719288e-22, 1.84288194206e-22, 2.50134439208e-22, 3.14882627696e-22, 3.89273119826e-22, 5.72757496324e-22, 8.77040963653e-22, 1.37931579544e-21, 1.97999129377e-21],
        "var": [4.42157488578e-06, 0.00132035824936, 0.000604530388955, 0.000225538591621, 2.01712846319e-05, 2.92866570817e-06, 2.75385309578e-06, 4.45045134256e-06, 5.36288916919e-06, 4.28701514466e-06, 3.17146532325e-06, 8.02627369012e-07, 2.09115043504e-07, 5.21105334883e-07, 6.02752891155e-07, 5.50339791516e-07, 2.69756810667e-07, 7.02316853562e-08, 1.18754776679e-07, 1.96031564315e-07, 3.97241507244e-07, 1.20493643863e-06, 9.31509646307e-07, 7.97253790097e-07, 6.04648846547e-07, 1.48344113882e-07, 8.72175487387e-09]
    },
    "erbbands": {
        "dmean": [0.409175753593, 3.56157493591, 10.6439762115, 18.219165802, 11.9278402328, 5.69358110428, 5.78071928024, 6.36802911758, 8.48749542236, 10.9370994568, 9.96593570709, 12.0716438293, 20.1548290253, 9.7687997818, 12.4662818909, 11.8005695343, 6.21093082428, 9.30878829956, 6.69607448578, 8.97117519379, 6.1764626503, 6.90274906158, 5.80497121811, 6.12882375717, 8.26850891113, 7.90807342529, 9.40886878967, 12.6130981445, 15.390537262, 17.3278923035, 11.7737932205, 7.90580558777, 6.4187040329, 3.84103536606, 1.94364821911, 0.708076000214, 0.206492394209, 0.0454977490008, 0.00514393812045, 8.60537111294e-05],
        "dmean2": [0.554676115513, 4.53192520142, 15.4143514633, 31.2561359406, 20.5506057739, 9.85410499573, 10.3980607986, 11.0652761459, 14.2089309692, 17.0011749268, 14.6275949478, 20.1593551636, 33.3089752197, 15.7997121811, 19.1168880463, 19.7405719757, 10.504483223, 15.7490901947, 11.2716493607, 14.0221643448, 9.7796049118, 11.3713502884, 9.62874126434, 10.3786172867, 14.384100914, 13.6181583405, 16.2886829376, 21.2734451294, 26.2742404938, 28.9750423431, 20.2252941132, 13.3019571304, 10.7484102249, 6.43618679047, 3.16402101517, 1.13555848598, 0.335882425308, 0.0712759494781, 0.00819651037455, 0.000132327288156],
        "dvar": [0.333214581013, 34.3907623291, 507.066741943, 2650.22680664, 787.320495605, 153.035095215, 193.721954346, 187.786895752, 256.642120361, 408.471282959, 978.514038086, 1119.31396484, 2246.89648438, 561.938354492, 1168.15270996, 1157.07141113, 191.588729858, 592.868469238, 216.837295532, 1045.55883789, 248.127807617, 198.901306152, 82.217414856, 80.5910491943, 182.866577148, 175.040496826, 205.643417358, 559.680480957, 1249.81799316, 1727.12512207, 434.416381836, 174.726074219, 110.198768616, 52.4843673706, 14.683930397, 1.96509456635, 0.13881033659, 0.00579993287101, 0.000140038595418, 2.29085017622e-08],
        "dvar2": [0.576547265053, 46.8925094604, 1098.04577637, 6971.01171875, 2144.10839844, 417.919647217, 548.023071289, 518.902404785, 665.478759766, 862.398376465, 1631.83789062, 2529.9699707, 5180.30175781, 1225.78796387, 2379.27539062, 3356.13256836, 514.350280762, 1636.05224609, 535.562561035, 2010.65136719, 461.777893066, 411.666595459, 192.111068726, 214.230239868, 492.199035645, 492.142852783, 565.168151855, 1420.91015625, 3264.33178711, 4427.58837891, 1115.97790527, 446.114196777, 281.769012451, 135.601776123, 37.932258606, 4.82470846176, 0.35152938962, 0.0139517905191, 0.000336070166668, 5.31443440366e-08],
        "max": [4.97861719131, 45.634262085, 163.851013184, 322.493896484, 186.827804565, 117.621704102, 119.869636536, 183.716567993, 264.392120361, 548.30255127, 1889.45019531, 1020.13757324, 1149.37902832, 1002.50085449, 1193.86181641, 1034.50427246, 400.371582031, 733.972045898, 450.015594482, 1310.67993164, 811.36932373, 572.160400391, 245.872329712, 284.276611328, 274.930389404, 493.686096191, 413.060119629, 369.935882568, 432.649719238, 398.191101074, 257.891906738, 228.904129028, 109.709648132, 74.0760116577, 42.4376487732, 17.4610805511, 3.85803699493, 1.15921056271, 0.280619412661, 0.003658170579],
        "mean": [0.967266261578, 6.13540458679, 13.3663215637, 16.084400177, 14.1453619003, 7.79321098328, 6.72066879272, 8.58418273926, 12.6391849518, 18.671503067, 19.4505653381, 18.1347351074, 28.1208114624, 16.3634605408, 22.0660896301, 16.9237766266, 10.0921297073, 14.6909761429, 10.9436559677, 16.536819458, 10.8145532608, 11.158490181, 10.0180149078, 10.3662347794, 12.9496154785, 12.679851532, 14.0124721527, 17.4450740814, 19.4054508209, 20.4376068115, 15.5339870453, 11.8368549347, 9.89063835144, 6.16839313507, 3.33136940002, 1.34988570213, 0.427636235952, 0.0895724594593, 0.00722306128591, 0.000198065143195],
        "median": [0.291967093945, 2.41821098328, 3.27709794044, 2.54984664917, 2.53831553459, 1.50209546089, 1.52976059914, 2.78424882889, 4.68002462387, 4.48365354538, 4.184653759, 4.38645172119, 5.31641769409, 4.90401029587, 5.46369886398, 5.79312849045, 5.78526163101, 6.95042610168, 5.4943614006, 6.290558815, 5.83952617645, 6.38301610947, 6.44454669952, 6.79683589935, 7.38746976852, 7.11737251282, 7.32828521729, 7.31257629395, 6.81646203995, 5.88137245178, 5.29185390472, 4.14096164703, 3.23659014702, 2.16178321838, 1.19631242752, 0.48829305172, 0.154262423515, 0.0224563069642, 0.000733837601729, 0.000131703753141],
        "min": [4.65829906043e-23, 6.54084284621e-22, 3.82277521513e-21, 1.08866096679e-20, 9.0532518897e-21, 1.56223301503e-20, 2.7436369228e-20, 9.07901161876e-20, 1.28090106926e-19, 2.50927927155e-19, 2.76959688773e-19, 4.55271937343e-19, 4.38505038025e-19, 8.73443273249e-19, 1.01459523413e-18, 1.19137127906e-18, 2.25246533395e-18, 1.65863154502e-18, 2.4688342755e-18, 2.78595236809e-18, 3.58461985813e-18, 4.96362382426e-18, 4.63410856903e-18, 5.72294047141e-18, 6.62265076161e-18, 9.80940667127e-18, 1.00681396679e-17, 1.05192351703e-17, 9.38547081707e-18, 9.86667652098e-18, 1.17153788679e-17, 1.11030708272e-17, 9.61219275117e-18, 9.16706287532e-18, 6.45633245098e-18, 4.62537312817e-18, 2.2907983311e-18, 8.62447457969e-19, 2.73558218697e-19, 2.73250552745e-20],
        "var": [1.32323145866, 79.2555160522, 679.315368652, 1898.10266113, 622.867431641, 156.361801147, 161.257263184, 212.800491333, 416.19329834, 1191.89318848, 3356.50390625, 3241.60058594, 5695.15136719, 1582.45874023, 3587.8762207, 1817.86462402, 391.010192871, 1155.70202637, 449.742706299, 3728.21875, 771.930541992, 486.721496582, 234.294036865, 216.24810791, 395.758789062, 413.317932129, 415.842315674, 854.375854492, 1396.78320312, 1804.15783691, 645.518615723, 339.153045654, 216.9818573, 95.0469284058, 29.3533229828, 4.61707878113, 0.39626660943, 0.0171658713371, 0.000245558883762, 6.24199643084e-08]
    },
    "gfcc": {
        "mean": [-31.8822631836, 60.8325843811, -94.5680084229, 35.4073562622, -50.3171043396, 24.6146717072, -29.0760555267, 11.4976739883, -19.2434501648, 9.26310157776, -13.4457836151, 4.63772201538, -12.1579742432],
        "cov": [[33550.1953125, -3603.07885742, 4058.50537109, 2054.91870117, -1290.3326416, 2000.61413574, -116.023864746, 1962.23925781, -388.378448486, 508.366729736, -739.141296387, 230.430145264, -442.062255859], [-3603.07885742, 2755.31713867, -792.220825195, -309.89465332, 321.761810303, -533.580688477, -2.86985683441, -551.809753418, 67.657661438, -250.683425903, 106.001701355, -160.224838257, 101.345321655], [4058.50537109, -792.220825195, 2881.30761719, 805.896362305, 248.37739563, 658.984802246, 280.426269531, 482.763885498, -117.804161072, 84.1150512695, -220.386505127, -30.0202579498, -131.128372192], [2054.91870117, -309.89465332, 805.896362305, 759.481018066, 245.459320068, 347.529693604, 112.767097473, 134.175888062, -21.5921669006, -16.5993175507, -90.5540313721, -56.8653373718, -81.4925384521], [-1290.3326416, 321.761810303, 248.37739563, 245.459320068, 679.946289062, 101.890289307, 149.84262085, -81.3134765625, 36.9466209412, -51.6910858154, -1.22549796104, -63.0369758606, -44.2966842651], [2000.61413574, -533.580688477, 658.984802246, 347.529693604, 101.890289307, 493.968231201, 157.972320557, 294.13369751, 27.6113758087, 88.0807571411, -51.9904098511, 21.2691116333, -32.4627761841], [-116.023864746, -2.86985683441, 280.426269531, 112.767097473, 149.84262085, 157.972320557, 339.404937744, 149.575683594, 112.787689209, 38.4648323059, 19.0653877258, -0.586911320686, 11.5776157379], [1962.23925781, -551.809753418, 482.763885498, 134.175888062, -81.3134765625, 294.13369751, 149.575683594, 421.704833984, 76.4990158081, 140.655395508, 1.94286870956, 58.974155426, -0.458776950836], [-388.378448486, 67.657661438, -117.804161072, -21.5921669006, 36.9466209412, 27.6113758087, 112.787689209, 76.4990158081, 180.90625, 62.3047904968, 74.5894393921, 21.4611625671, 43.8377914429], [508.366729736, -250.683425903, 84.1150512695, -16.5993175507, -51.6910858154, 88.0807571411, 38.4648323059, 140.655395508, 62.3047904968, 168.638763428, 50.1977958679, 57.1503791809, 2.75711226463], [-739.141296387, 106.001701355, -220.386505127, -90.5540313721, -1.22549796104, -51.9904098511, 19.0653877258, 1.94286870956, 74.5894393921, 50.1977958679, 137.976119995, 45.138469696, 38.6535987854], [230.430145264, -160.224838257, -30.0202579498, -56.8653373718, -63.0369758606, 21.2691116333, -0.586911320686, 58.974155426, 21.4611625671, 57.1503791809, 45.138469696, 124.073318481, 50.8860702515], [-442.062255859, 101.345321655, -131.128372192, -81.4925384521, -44.2966842651, -32.4627761841, 11.5776157379, -0.458776950836, 43.8377914429, 2.75711226463, 38.6535987854, 50.8860702515, 129.646774292]],
        "icov": [[7.48243546695e-05, -4.9912261602e-05, -1.20351489841e-06, -0.000162875585374, 0.000162093449035, -9.79017277132e-05, 0.000142200064147, -0.000272631616099, 4.45797122666e-05, -5.197217979e-05, 0.000291198753985, -0.000217570603127, 0.000192365099792], [-4.9912261602e-05, 0.000717540679034, -5.01652357343e-05, 0.000238820823142, -0.000328395224642, 0.000408502266509, -0.000278465886367, 0.000679553777445, -0.00031725934241, 0.000465131102828, -0.000670298177283, 0.000917714787647, -0.000677329488099], [-1.20351489841e-06, -5.01652357343e-05, 0.000719182717148, -0.00043827589252, -0.000131324282847, -0.00013806494826, -0.000335237535182, -0.000583455257583, 0.000807836651802, -0.000330613227561, 0.000595236662775, -6.83883117745e-05, 1.87057594303e-05], [-0.000162875585374, 0.000238820823142, -0.00043827589252, 0.0030183668714, -0.000812300015241, -0.00129483337514, -4.78925903735e-05, 0.000991342472844, -0.000608166272286, 0.00104349898174, -0.000703843135852, 0.00106909428723, 9.16362769203e-05], [0.000162093449035, -0.000328395224642, -0.000131324282847, -0.000812300015241, 0.00268668029457, -0.000949284818489, -0.000553654041141, 0.000689832028002, -0.000366685882909, 0.000116845811135, 8.07229735074e-05, -0.000429122708738, 0.00116400688421], [-9.79017277132e-05, 0.000408502266509, -0.00013806494826, -0.00129483337514, -0.000949284818489, 0.00593114504591, -0.00086732301861, -0.00223058252595, 0.000272033037618, -0.000799678207841, 0.000821608409751, -6.25152970315e-05, -0.000671748071909], [0.000142200064147, -0.000278465886367, -0.000335237535182, -4.78925903735e-05, -0.000553654041141, -0.00086732301861, 0.00553710991517, -0.00183185061906, -0.00277618551627, 0.000776487227995, 0.000531673314981, -0.000132519024191, 0.000241780217038], [-0.000272631616099, 0.000679553777445, -0.000583455257583, 0.000991342472844, 0.000689832028002, -0.00223058252595, -0.00183185061906, 0.0081272860989, -0.00196675700136, -0.00182377779856, -0.00119032361545, 0.00044864154188, -0.000675678136759], [4.45797122666e-05, -0.00031725934241, 0.000807836651802, -0.000608166272286, -0.000366685882909, 0.000272033037618, -0.00277618551627, -0.00196675700136, 0.0114737898111, -0.00286975805648, -0.00309718912467, 0.00160502479412, -0.00250660255551], [-5.197217979e-05, 0.000465131102828, -0.000330613227561, 0.00104349898174, 0.000116845811135, -0.000799678207841, 0.000776487227995, -0.00182377779856, -0.00286975805648, 0.0116931786761, -0.00340066989884, -0.00240174611099, 0.00222287327051], [0.000291198753985, -0.000670298177283, 0.000595236662775, -0.000703843135852, 8.07229735074e-05, 0.000821608409751, 0.000531673314981, -0.00119032361545, -0.00309718912467, -0.00340066989884, 0.0142903793603, -0.00439454847947, 0.000441943528131], [-0.000217570603127, 0.000917714787647, -6.83883117745e-05, 0.00106909428723, -0.000429122708738, -6.25152970315e-05, -0.000132519024191, 0.00044864154188, 0.00160502479412, -0.00240174611099, -0.00439454847947, 0.0145468581468, -0.00589628657326], [0.000192365099792, -0.000677329488099, 1.87057594303e-05, 9.16362769203e-05, 0.00116400688421, -0.000671748071909, 0.000241780217038, -0.000675678136759, -0.00250660255551, 0.00222287327051, 0.000441943528131, -0.00589628657326, 0.0121635040268]]
    },
    "melbands": {
        "dmean": [0.00406211055815, 0.0045797531493, 0.00284916278906, 0.000559702632017, 0.000203111150768, 0.000146533697261, 0.000129779669805, 0.000109233718831, 8.19547276478e-05, 7.95490632299e-05, 0.000100992700027, 3.98126176151e-05, 4.91617356602e-05, 2.89454910671e-05, 2.30344503507e-05, 1.444211739e-05, 1.89668535313e-05, 1.14681424748e-05, 1.2272240383e-05, 1.11862073027e-05, 7.5758962339e-06, 8.56049973663e-06, 4.95949188917e-06, 5.78328490519e-06, 5.13504755872e-06, 6.19135653324e-06, 6.18054991719e-06, 5.28449299964e-06, 6.02922409598e-06, 6.37891525912e-06, 7.78024786996e-06, 7.3664714364e-06, 1.22080055007e-05, 8.70087023941e-06, 7.24748861103e-06, 5.71758891965e-06, 4.779234132e-06, 4.74869511891e-06, 4.24116433351e-06, 3.17146191264e-06],
        "dmean2": [0.0053999251686, 0.00612975098193, 0.00473438855261, 0.000953336595558, 0.000367432716303, 0.000253838399658, 0.000215974272578, 0.000168933504028, 0.000121349046822, 0.00013427817612, 0.000166857091244, 6.49464709568e-05, 7.52985142753e-05, 4.72859210277e-05, 3.90712048102e-05, 2.42615769821e-05, 3.21098195855e-05, 1.92361003428e-05, 1.97987556021e-05, 1.71677475009e-05, 1.22854253277e-05, 1.40177317007e-05, 8.31456600281e-06, 9.66494280874e-06, 8.71799875313e-06, 1.08227468445e-05, 1.06972347567e-05, 9.10497328732e-06, 1.04733226181e-05, 1.07997848318e-05, 1.32468994707e-05, 1.25058313643e-05, 2.10322104977e-05, 1.452502147e-05, 1.24540965771e-05, 1.00154475149e-05, 7.95345204097e-06, 7.9931169239e-06, 7.17624743629e-06, 5.27853626409e-06],
        "dvar": [3.40931001119e-05, 6.98223157087e-05, 5.73339493712e-05, 1.2897543229e-06, 2.53229671898e-07, 9.51290104467e-08, 5.70322846727e-08, 3.97848154421e-08, 6.67180088954e-08, 5.11899784783e-08, 5.65938371722e-08, 9.05404107243e-09, 2.06736139319e-08, 6.2820713076e-09, 3.52466966724e-09, 1.59389879073e-09, 3.06914516024e-09, 7.5986056336e-10, 2.28004015668e-09, 1.60723356846e-09, 4.36537528348e-10, 4.09078493302e-10, 6.76632638807e-11, 8.31126903411e-11, 6.47341000248e-11, 1.12521179874e-10, 1.28762181473e-10, 7.62534271836e-11, 9.62818019756e-11, 9.654770039e-11, 2.34241487318e-10, 2.15564940897e-10, 1.06919684217e-09, 3.72403913262e-10, 1.78094733405e-10, 9.5618013507e-11, 6.51819501152e-11, 5.90417367774e-11, 5.99970975679e-11, 3.73381603413e-11],
        "dvar2": [5.55397673452e-05, 0.000131852095365, 0.000146116202814, 3.40831570611e-06, 7.25541326574e-07, 2.6230972594e-07, 1.4885834787e-07, 8.23746901801e-08, 1.12146075537e-07, 1.16350143742e-07, 1.30361044626e-07, 2.00546477203e-08, 4.28019895082e-08, 1.72164735801e-08, 1.02870725271e-08, 4.06189970548e-09, 8.46505976426e-09, 1.92581328662e-09, 4.75254813281e-09, 2.81871148644e-09, 9.00404473203e-10, 8.48838055401e-10, 1.52864429448e-10, 2.19156692793e-10, 1.69267322381e-10, 3.00524966024e-10, 3.4817279615e-10, 2.11699213715e-10, 2.72067673945e-10, 2.48564974159e-10, 6.05012984156e-10, 5.56370560734e-10, 2.82473067159e-09, 9.41190014814e-10, 4.58305227102e-10, 2.60068550029e-10, 1.6296132499e-10, 1.53172224904e-10, 1.56603091606e-10, 9.7101916785e-11],
        "max": [0.0449083261192, 0.0660341307521, 0.0477165579796, 0.00729260640219, 0.00411640759557, 0.00382885336876, 0.00343207689002, 0.00640775077045, 0.0145130697638, 0.00707000726834, 0.00574229843915, 0.00377081939951, 0.0055815782398, 0.00229627289809, 0.00122780969832, 0.00140707870014, 0.00169309158809, 0.00103915296495, 0.00236451788805, 0.00200251676142, 0.000879161234479, 0.000897737743799, 0.000290112686343, 0.000218804285396, 0.000245209113928, 0.000244654511334, 0.00036017986713, 0.000309372670017, 0.000306750560412, 0.000184088319656, 0.000251853314694, 0.000244864961132, 0.000300540210446, 0.000185191238415, 0.000168853832292, 0.000154682726134, 0.000133985187858, 0.000102934369352, 8.4383005742e-05, 6.43631501589e-05],
        "mean": [0.00832635443658, 0.00752762425691, 0.00276395399123, 0.000789672136307, 0.000234951148741, 0.000200694717932, 0.000199139263714, 0.000190913997358, 0.000155907706358, 0.000112977824756, 0.000139364026836, 6.30912109045e-05, 8.31645375001e-05, 4.32993219874e-05, 3.22344967572e-05, 2.18680961552e-05, 2.87452930934e-05, 1.73831940629e-05, 2.02443643502e-05, 1.99178648472e-05, 1.18279240269e-05, 1.29767076942e-05, 7.97139182396e-06, 9.3329072115e-06, 8.04654519015e-06, 9.33946012083e-06, 9.07904995984e-06, 8.13225051388e-06, 8.6149730123e-06, 8.98703910934e-06, 1.03258989839e-05, 9.88857937045e-06, 1.29131422e-05, 1.05895069282e-05, 9.28723511606e-06, 7.46556679587e-06, 7.13831968824e-06, 7.12670271241e-06, 6.08179016126e-06, 4.98348799738e-06],
        "median": [0.0039537679404, 0.00261888140813, 0.000487089011585, 0.000138567673275, 5.2361174312e-05, 6.31603325019e-05, 7.21248725313e-05, 4.5538188715e-05, 2.81824577542e-05, 2.55000668403e-05, 2.39174805756e-05, 1.77515248652e-05, 1.49599691213e-05, 1.52370594151e-05, 1.21518987726e-05, 1.08544318209e-05, 1.20062131828e-05, 7.8776747614e-06, 7.44088083593e-06, 6.95431663189e-06, 5.93841832597e-06, 6.43915063847e-06, 4.97608562e-06, 5.55642373001e-06, 4.57201167592e-06, 4.83407711727e-06, 4.59045986645e-06, 4.40891744802e-06, 4.4118992264e-06, 4.04303364121e-06, 3.99961209041e-06, 3.75413719667e-06, 3.24643610838e-06, 3.08247081193e-06, 2.97435371976e-06, 2.58670343101e-06, 2.34879735217e-06, 2.25668532039e-06, 1.92960237655e-06, 1.68675774148e-06],
        "min": [8.32072437634e-25, 1.37177566885e-24, 2.10524098637e-24, 1.18780876981e-24, 8.10074213127e-25, 1.86005946716e-24, 2.01552896322e-24, 2.3863405259e-24, 2.13220267439e-24, 2.76926524499e-24, 1.47045654746e-24, 3.1093376592e-24, 2.90866091124e-24, 3.36050643547e-24, 3.35433951535e-24, 2.92954166498e-24, 2.68414025078e-24, 3.57415955089e-24, 3.44939449341e-24, 3.62673358035e-24, 3.56876650331e-24, 4.70761698762e-24, 3.25931688058e-24, 4.53926815399e-24, 3.69332842911e-24, 4.06631409244e-24, 3.38270379806e-24, 5.34336078e-24, 5.52746868793e-24, 3.97597176942e-24, 6.17655172379e-24, 3.91598323632e-24, 6.00900121739e-24, 4.85952793214e-24, 6.30511554096e-24, 4.89325015811e-24, 6.07365862377e-24, 5.39639747638e-24, 6.1079760453e-24, 7.37352547959e-24],
        "var": [9.48091401369e-05, 0.000141175667522, 4.46422236564e-05, 1.37096390063e-06, 1.92919074493e-07, 1.13130511181e-07, 9.25283316633e-08, 1.21800709962e-07, 2.36367597495e-07, 1.45848517263e-07, 1.43417523191e-07, 2.46243203605e-08, 5.91049200693e-08, 1.12569358279e-08, 5.55670220947e-09, 3.57389895456e-09, 5.85447290646e-09, 1.38608180489e-09, 6.1947607044e-09, 5.9558202814e-09, 1.02798891621e-09, 9.15652553779e-10, 1.70720562687e-10, 1.82430653917e-10, 1.60585211795e-10, 2.51301285337e-10, 2.61013211045e-10, 1.77344028351e-10, 1.77010628377e-10, 1.7849155487e-10, 3.31961735878e-10, 2.99912567003e-10, 9.44692657434e-10, 4.28313273737e-10, 2.52042192672e-10, 1.40690625816e-10, 1.28445976078e-10, 1.14748460733e-10, 9.67005711616e-11, 6.62373003668e-11]
    },
    "mfcc": {
        "mean": [-673.458129883, 91.4590606689, 18.3281593323, 18.1358394623, 9.114153862, 14.0159139633, 6.22443389893, 6.66913890839, 3.56271886826, 3.71365904808, 5.22989273071, 4.42285251617, 2.36806297302],
        "cov": [[19031.96875, -1813.60205078, 3128.95556641, 1035.18481445, -55.95652771, 192.321334839, 538.354919434, 762.43762207, 729.878295898, 603.094726562, -10.5338582993, 112.712715149, 321.685821533], [-1813.60205078, 2075.35571289, -371.739715576, -28.8616905212, 138.065460205, -41.6472625732, -102.588119507, -174.825790405, -143.544708252, -151.772644043, -17.4204959869, -80.0894546509, -145.44493103], [3128.95556641, -371.739715576, 1788.52319336, 492.677856445, 140.515167236, 228.51109314, 353.54119873, 270.23916626, 272.976470947, 191.306350708, -16.6963710785, 50.7303009033, 53.6571922302], [1035.18481445, -28.8616905212, 492.677856445, 566.795776367, 290.465332031, 256.052276611, 190.504928589, 134.51272583, 100.376457214, 79.1809692383, 25.1345691681, 2.29875206947, 1.50736916065], [-55.95652771, 138.065460205, 140.515167236, 290.465332031, 388.231445312, 238.281311035, 134.652755737, 70.1744689941, 38.7121124268, 11.9426641464, 12.0953683853, 3.70196342468, -18.8368911743], [192.321334839, -41.6472625732, 228.51109314, 256.052276611, 238.281311035, 330.443786621, 171.54536438, 107.469619751, 96.6113357544, 52.2250747681, 35.9996948242, 17.5954685211, 3.7920320034], [538.354919434, -102.588119507, 353.54119873, 190.504928589, 134.652755737, 171.54536438, 257.003570557, 162.031799316, 137.127548218, 104.517738342, 43.045917511, 48.0693054199, 34.0748519897], [762.43762207, -174.825790405, 270.23916626, 134.51272583, 70.1744689941, 107.469619751, 162.031799316, 218.606155396, 156.237457275, 101.567337036, 44.5468330383, 43.8853645325, 51.6151504517], [729.878295898, -143.544708252, 272.976470947, 100.376457214, 38.7121124268, 96.6113357544, 137.127548218, 156.237457275, 217.456344604, 130.533081055, 34.2585983276, 46.9633903503, 59.9803199768], [603.094726562, -151.772644043, 191.306350708, 79.1809692383, 11.9426641464, 52.2250747681, 104.517738342, 101.567337036, 130.533081055, 182.075805664, 76.9737625122, 39.1076850891, 40.0367012024], [-10.5338582993, -17.4204959869, -16.6963710785, 25.1345691681, 12.0953683853, 35.9996948242, 43.045917511, 44.5468330383, 34.2585983276, 76.9737625122, 156.147369385, 67.9986953735, 23.9865989685], [112.712715149, -80.0894546509, 50.7303009033, 2.29875206947, 3.70196342468, 17.5954685211, 48.0693054199, 43.8853645325, 46.9633903503, 39.1076850891, 67.9986953735, 140.324951172, 77.9932327271], [321.685821533, -145.44493103, 53.6571922302, 1.50736916065, -18.8368911743, 3.7920320034, 34.0748519897, 51.6151504517, 59.9803199768, 40.0367012024, 23.9865989685, 77.9932327271, 138.206451416]],
