{
"lowlevel": {
    "average_loudness": 0.887760102749,
    "barkbands_crest": {
        "dmean": 3.05368947983,
        "dmean2": 4.58601427078,
        "dvar": 10.8590135574,
        "dvar2": 23.4223804474,
        "max": 26.6095123291,
        "mean": 13.3210287094,
        "median": 12.8835477829,
        "min": 2.05626606941,
        "var": 44.3108673096
    },
    "barkbands_flatness_db": {
        "dmean": 0.0301518701017,
        "dmean2": 0.0434912256896,
        "dvar": 0.00134927104227,
        "dvar2": 0.00267159263603,
        "max": 0.522186338902,
        "mean": 0.149430632591,
        "median": 0.133942201734,
        "min": 0.012849281542,
        "var": 0.0064973863773
    },
    "barkbands_kurtosis": {
        "dmean": 10.4348058701,
        "dmean2": 16.1344623566,
        "dvar": 3842.5402832,
        "dvar2": 9155.34863281,
        "max": 1742.91479492,
        "mean": 10.7803153992,
        "median": 1.88474225998,
        "min": -1.80166506767,
        "var": 3782.53759766
    },
    "barkbands_skewness": {
        "dmean": 0.941593289375,
        "dmean2": 1.37364935875,
        "dvar": 3.28747701645,
        "dvar2": 7.01173305511,
        "max": 39.3382606506,
        "mean": 1.88875210285,
        "median": 1.62121021748,
        "min": -3.82008123398,
        "var": 6.74182271957
    },
    "barkbands_spread": {
        "dmean": 8.42266273499,
        "dmean2": 13.0218315125,
        "dvar": 101.486602783,
        "dvar2": 240.681427002,
        "max": 103.820823669,
        "mean": 28.5311470032,
        "median": 27.732208252,
        "min": 0.213704243302,
        "var": 255.477478027
    },
    "dissonance": {
        "dmean": 0.0100279878825,
        "dmean2": 0.0170953776687,
        "dvar": 0.000222092377953,
        "dvar2": 0.000629856484011,
        "max": 0.500000059605,
        "mean": 0.481261730194,
        "median": 0.489698201418,
        "min": 0.237380683422,
        "var": 0.000622762774583
    },
    "dynamic_complexity": 2.97779607773,
    "erbbands_crest": {
        "dmean": 1.70862078667,
        "dmean2": 2.82116580009,
        "dvar": 3.94265127182,
        "dvar2": 9.55829143524,
        "max": 26.3365535736,
        "mean": 6.73613452911,
        "median": 5.73033046722,
        "min": 2.42410731316,
        "var": 12.7903499603
    },
    "erbbands_flatness_db": {
        "dmean": 0.0122039616108,
        "dmean2": 0.0187027547508,
        "dvar": 0.000170693121618,
        "dvar2": 0.000355256896,
        "max": 0.435420721769,
        "mean": 0.151046931744,
        "median": 0.120644658804,
        "min": 0.0302254632115,
        "var": 0.00514482520521
    },
    "erbbands_kurtosis": {
        "dmean": 0.812579512596,
        "dmean2": 1.28721928596,
        "dvar": 1.37633872032,
        "dvar2": 3.19193530083,
        "max": 50.0742759705,
        "mean": 0.683501422405,
        "median": 0.35610294342,
        "min": -1.75650203228,
        "var": 6.15239953995
    },
    "erbbands_skewness": {
        "dmean": 0.284970879555,
        "dmean2": 0.443499147892,
        "dvar": 0.10718562454,
        "dvar2": 0.220027118921,
        "max": 4.77804994583,
        "mean": -0.41875576973,
        "median": -0.57725661993,
        "min": -2.59193944931,
        "var": 0.57745295763
    },
    "erbbands_spread": {
        "dmean": 8.80208778381,
        "dmean2": 13.810461998,
        "dvar": 118.528808594,
        "dvar2": 272.831207275,
        "max": 153.728256226,
        "mean": 40.4981498718,
        "median": 37.6967124939,
        "min": 1.72818541527,
        "var": 363.09954834
    },
    "hfc": {
        "dmean": 9.88940143585,
        "dmean2": 15.7092027664,
        "dvar": 267.84274292,
        "dvar2": 698.769042969,
        "max": 150.371398926,
        "mean": 29.7631111145,
        "median": 28.3022460938,
        "min": 1.07336365801e-16,
        "var": 522.563171387
    },
    "melbands_crest": {
        "dmean": 3.919962883,
        "dmean2": 6.14434719086,
        "dvar": 16.9528217316,
        "dvar2": 39.0301361084,
        "max": 39.3395042419,
        "mean": 18.9756641388,
        "median": 19.2284755707,
        "min": 1.75850784779,
        "var": 69.5497970581
    },
    "melbands_flatness_db": {
        "dmean": 0.0380351617932,
        "dmean2": 0.054994251579,
        "dvar": 0.00213198619895,
        "dvar2": 0.00442200247198,
        "max": 0.659031331539,
        "mean": 0.210401013494,
        "median": 0.205041900277,
        "min": 0.00401149643585,
        "var": 0.0116053447127
    },
    "melbands_kurtosis": {
        "dmean": 22.6002216339,
        "dmean2": 34.9828262329,
        "dvar": 3962.31689453,
        "dvar2": 8342.26464844,
        "max": 1240.3692627,
        "mean": 34.1183357239,
        "median": 12.7289628983,
        "min": -1.7392488718,
        "var": 6119.24267578
    },
    "melbands_skewness": {
        "dmean": 1.37377595901,
        "dmean2": 2.05235505104,
        "dvar": 4.14781761169,
        "dvar2": 9.52743148804,
        "max": 30.4046554565,
        "mean": 3.94659852982,
        "median": 3.29823493958,
        "min": -1.52494430542,
        "var": 11.0349216461
    },
    "melbands_spread": {
        "dmean": 11.1041736603,
        "dmean2": 17.1366519928,
        "dvar": 236.282241821,
        "dvar2": 521.221496582,
        "max": 228.82598877,
        "mean": 30.9078330994,
        "median": 20.1865768433,
        "min": 0.29606667161,
        "var": 794.352722168
    },
    "pitch_salience": {
        "dmean": 0.0955018773675,
        "dmean2": 0.143506199121,
        "dvar": 0.011811779812,
        "dvar2": 0.0245165880769,
        "max": 0.989637553692,
        "mean": 0.436250030994,
        "median": 0.456924855709,
        "min": 0.018526237458,
        "var": 0.0386331006885
    },
    "silence_rate_20dB": {
        "dmean": 0,
        "dmean2": 0,
        "dvar": 0,
        "dvar2": 0,
        "max": 1,
        "mean": 1,
        "median": 1,
        "min": 1,
        "var": 0
    },
    "silence_rate_30dB": {
        "dmean": 0.0602366439998,
        "dmean2": 0.120484091341,
        "dvar": 0.056606952101,
        "dvar2": 0.118524342775,
        "max": 1,
        "mean": 0.928206503391,
        "median": 1,
        "min": 0,
        "var": 0.0666364878416
    },
    "silence_rate_60dB": {
        "dmean": 0.0240229479969,
        "dmean2": 0.0480502024293,
        "dvar": 0.0234478767961,
        "dvar2": 0.0523816458881,
        "max": 1,
        "mean": 0.0576319806278,
        "median": 0,
        "min": 0,
        "var": 0.054314725101
    },
    "spectral_centroid": {
        "dmean": 294.209716797,
        "dmean2": 450.156982422,
        "dvar": 136651.5,
        "dvar2": 284771.90625,
        "max": 11426.7226562,
        "mean": 2164.63720703,
        "median": 2345.80249023,
        "min": 125.705787659,
        "var": 784158.375
    },
    "spectral_complexity": {
        "dmean": 5.85353183746,
        "dmean2": 9.055311203,
        "dvar": 51.6851081848,
        "dvar2": 103.706375122,
        "max": 61,
        "mean": 26.6315326691,
        "median": 28,
        "min": 0,
        "var": 207.124938965
    },
    "spectral_decrease": {
        "dmean": 3.68848862564e-09,
        "dmean2": 5.56264101448e-09,
        "dvar": 2.28378942298e-17,
        "dvar2": 5.2051613903e-17,
        "max": 5.68116166924e-24,
        "mean": -1.14424913988e-08,
        "median": -8.64782112586e-09,
        "min": -4.37058567115e-08,
        "var": 9.53484606994e-17
    },
    "spectral_energy": {
        "dmean": 0.0143462242559,
        "dmean2": 0.0217551961541,
        "dvar": 0.000328604830429,
        "dvar2": 0.000758463225793,
        "max": 0.167697846889,
        "mean": 0.0458862781525,
        "median": 0.036598842591,
        "min": 1.00089153003e-20,
        "var": 0.00142145412974
    },
    "spectral_energyband_high": {
        "dmean": 0.000842956535053,
        "dmean2": 0.0013270030031,
        "dvar": 2.09376344174e-06,
        "dvar2": 5.39816346645e-06,
        "max": 0.0146417990327,
        "mean": 0.00198731571436,
        "median": 0.00162852334324,
        "min": 7.03465331409e-21,
        "var": 3.80551477974e-06
    },
    "spectral_energyband_low": {
        "dmean": 0.0133033953607,
        "dmean2": 0.019482396543,
        "dvar": 0.000369284563931,
        "dvar2": 0.000773741980083,
        "max": 0.162961617112,
        "mean": 0.0332074165344,
        "median": 0.0154445897788,
        "min": 2.63957181845e-23,
        "var": 0.00140423409175
    },
    "spectral_energyband_middle_high": {
        "dmean": 0.00225609517656,
        "dmean2": 0.00369322299957,
        "dvar": 1.19694850582e-05,
        "dvar2": 3.0892650102e-05,
        "max": 0.0401456654072,
        "mean": 0.00607975898311,
        "median": 0.00543774897233,
        "min": 1.36937700632e-21,
        "var": 2.57184983639e-05
    },
    "spectral_energyband_middle_low": {
        "dmean": 0.00291841640137,
        "dmean2": 0.00475544854999,
        "dvar": 3.0238279578e-05,
        "dvar2": 7.85903466749e-05,
        "max": 0.0589541457593,
        "mean": 0.00512630073354,
        "median": 0.00286053400487,
        "min": 1.935221582e-22,
        "var": 3.65119012713e-05
    },
    "spectral_entropy": {
        "dmean": 0.110091410577,
        "dmean2": 0.167983755469,
        "dvar": 0.0220820084214,
        "dvar2": 0.0412237904966,
        "max": 9.81637573242,
        "mean": 7.77340173721,
        "median": 8.06143856049,
        "min": 4.82067537308,
        "var": 0.456169188023
    },
    "spectral_flux": {
        "dmean": 0.0292744133621,
        "dmean2": 0.0446039102972,
        "dvar": 0.00107065599877,
        "dvar2": 0.00237247557379,
        "max": 0.301243752241,
        "mean": 0.0947425663471,
        "median": 0.0776485353708,
        "min": 6.39258646018e-11,
        "var": 0.00355469505303
    },
    "spectral_kurtosis": {
        "dmean": 2.66367197037,
        "dmean2": 4.73213243484,
        "dvar": 91.115814209,
        "dvar2": 279.045196533,
        "max": 281.768188477,
        "mean": 7.18046951294,
        "median": 2.71396112442,
        "min": -1.24857378006,
        "var": 391.651123047
    },
    "spectral_rms": {
        "dmean": 0.00102226634044,
        "dmean2": 0.00151159986854,
        "dvar": 1.25337021473e-06,
        "dvar2": 2.65694507107e-06,
        "max": 0.0127909202129,
        "mean": 0.00599500071257,
        "median": 0.00597546529025,
        "min": 3.12486733538e-12,
        "var": 8.82700624061e-06
    },
    "spectral_rolloff": {
        "dmean": 701.338500977,
        "dmean2": 1115.54370117,
        "dvar": 1134562.75,
        "dvar2": 2390659.75,
        "max": 19638.28125,
        "mean": 1825.52929688,
        "median": 1313.52539062,
        "min": 43.06640625,
        "var": 3835950.5
    },
    "spectral_skewness": {
        "dmean": 0.237409070134,
        "dmean2": 0.40655618906,
        "dvar": 0.260286748409,
        "dvar2": 0.784169018269,
        "max": 12.7152957916,
        "mean": 1.42856168747,
        "median": 1.17213714123,
        "min": -0.0869285538793,
        "var": 1.39049196243
    },
    "spectral_spread": {
        "dmean": 392171.0625,
        "dmean2": 611585.5625,
        "dvar": 366211170304,
        "dvar2": 647686717440,
        "max": 42470648,
        "mean": 4528119,
        "median": 4913286,
        "min": 346665.90625,
        "var": 4.14295575757e+12
    },
    "spectral_strongpeak": {
        "dmean": 0.363833218813,
        "dmean2": 0.613266587257,
        "dvar": 0.518737018108,
        "dvar2": 1.41314148903,
        "max": 16.2615795135,
        "mean": 0.665890872478,
        "median": 0.529116988182,
        "min": 0,
        "var": 0.558405101299
    },
    "zerocrossingrate": {
        "dmean": 0.0136787900701,
        "dmean2": 0.0153694562614,
        "dvar": 0.000244860857492,
        "dvar2": 0.000267452967819,
        "max": 0.6591796875,
        "mean": 0.0696423351765,
        "median": 0.0595703125,
        "min": 0.00341796875,
        "var": 0.00236945366487
    },
    "barkbands": {
        "dmean": [0.00070504687028, 0.012374128215, 0.0033668614924, 0.00108034117147, 0.00136256497353, 0.000528096978087, 0.000286421069177, 0.000283421803033, 0.000236268853769, 0.000196791195776, 0.000174443266587, 0.000273292156635, 0.000395027775085, 0.000334308861056, 0.000436435133452, 0.000377862044843, 0.000407048006309, 0.00033838165109, 0.000310467527015, 0.000365650455933, 0.000263254798483, 0.000190663340618, 0.000145905214595, 0.000104006161564, 8.55112157296e-05, 3.65911328117e-05, 6.98370513419e-06],
        "dmean2": [0.00103924062569, 0.0180693846196, 0.0051053953357, 0.00193359446712, 0.00230417703278, 0.000927650078665, 0.000468624901259, 0.000438778370153, 0.000374369410565, 0.000324618362356, 0.000294175231829, 0.000438619492343, 0.000658965029288, 0.000551693723537, 0.000733174732886, 0.000631798291579, 0.000680142198689, 0.000570958247408, 0.000498663517646, 0.000598538550548, 0.000422500714194, 0.000312400079565, 0.000241167974309, 0.000163583652466, 0.000135699010571, 5.56504346605e-05, 1.15726861623e-05],
        "dvar": [2.56498037743e-06, 0.000380299607059, 5.45202128706e-05, 1.00825263871e-05, 7.99933513917e-06, 1.53829978444e-06, 4.42665594846e-07, 4.12516016013e-07, 2.37171818185e-07, 1.06173288827e-07, 9.06913868448e-08, 1.52379030283e-07, 3.7303087197e-07, 2.37283074966e-07, 3.67797440504e-07, 3.0088219205e-07, 3.95471829506e-07, 3.33690877596e-07, 2.44918766157e-07, 3.85094864441e-07, 1.64078770126e-07, 1.08782060693e-07, 7.02903832916e-08, 3.06330889543e-08, 2.30459917816e-08, 3.91813737011e-09, 2.10555822777e-10],
        "dvar2": [5.83038035984e-06, 0.000756815075874, 0.00011672105029, 2.83232930087e-05, 2.19609410124e-05, 4.43689714302e-06, 1.24776909161e-06, 9.2705880661e-07, 5.43174621725e-07, 2.84739883227e-07, 2.48216650789e-07, 3.62493040029e-07, 1.00495606148e-06, 6.06502965184e-07, 9.99102780952e-07, 7.86698990396e-07, 1.04647187982e-06, 8.52607740853e-07, 5.52729602532e-07, 9.5831614999e-07, 3.78633302489e-07, 2.81949098735e-07, 1.91394988747e-07, 7.82782691999e-08, 5.9769007521e-08, 9.87982939904e-09, 5.8061006003e-10],
        "max": [0.0331836342812, 0.161287561059, 0.0648514851928, 0.0271275453269, 0.0383547954261, 0.0202094372362, 0.0167662184685, 0.0168373957276, 0.0129778673872, 0.00736608076841, 0.00455731945112, 0.00654607079923, 0.00968478061259, 0.00924326386303, 0.0120202954859, 0.0105424216017, 0.0120695354417, 0.0115188239142, 0.00929521676153, 0.00892262998968, 0.00783018488437, 0.00446324050426, 0.00480298511684, 0.00183479953557, 0.00184275466017, 0.000721362710465, 0.000217840148252],
        "mean": [0.00128633214626, 0.0269852168858, 0.00446738256142, 0.00099011103157, 0.00188533507753, 0.000691113120411, 0.000491727259941, 0.000565000344068, 0.000430955726188, 0.000311442214297, 0.000254209182458, 0.000461790536065, 0.000657178519759, 0.000612331030425, 0.000786144868471, 0.000665789237246, 0.000701275304891, 0.000624075066298, 0.000651131849736, 0.000706974999048, 0.000555941951461, 0.000361843034625, 0.000279625382973, 0.000217467473703, 0.000160649346071, 7.37662194297e-05, 1.14221129479e-05],
        "median": [0.000101611294667, 0.0080844508484, 0.000823779788334, 0.000230570847634, 0.000591619696934, 0.000183484429726, 0.000177704481757, 0.000152490028995, 0.00017023444525, 0.000175259832758, 0.000128426720039, 0.000268148520263, 0.000387240463169, 0.000391744863009, 0.000540332286619, 0.000460897979792, 0.000467718578875, 0.000385602965252, 0.000417478207964, 0.000491309852805, 0.000408142630477, 0.000240826033405, 0.00018828897737, 0.000148826264194, 8.77897182363e-05, 4.00886492571e-05, 3.00340889225e-06],
        "min": [2.36954193013e-24, 8.97122203701e-24, 5.51602941595e-24, 2.44528224058e-24, 2.33853334623e-23, 1.09987302475e-23, 1.05529725601e-23, 1.11230350046e-23, 3.21345045651e-23, 3.27444139517e-23, 3.7886793089e-23, 2.98954270153e-23, 3.59041489759e-23, 4.96942706363e-23, 4.4632431042e-23, 5.98836177621e-23, 7.98965645437e-23, 1.69842358739e-22, 1.7071284466e-22, 2.17006547349e-22, 3.37846305538e-22, 3.27651269147e-22, 4.42957893838e-22, 6.52474150094e-22, 9.93786319174e-22, 1.37539173625e-21, 1.74272374391e-21],
        "var": [9.41173038882e-06, 0.00118213857058, 7.85655720392e-05, 6.50177844363e-06, 9.63590628089e-06, 2.038743105e-06, 1.03049933387e-06, 1.52003644871e-06, 8.06085381555e-07, 2.00479206569e-07, 1.21932245634e-07, 3.13207465297e-07, 7.23735695374e-07, 5.43952182852e-07, 7.74249258484e-07, 5.87764247939e-07, 7.20164052836e-07, 7.3068497386e-07, 7.23717448636e-07, 7.27593715055e-07, 3.78736672246e-07, 1.77546695568e-07, 1.08783083874e-07, 6.06016783422e-08, 4.07237727984e-08, 8.30056556822e-09, 3.6024705441e-10]
    },
    "erbbands": {
        "dmean": [0.428390324116, 2.64367389679, 4.12177753448, 3.06794691086, 4.11805725098, 4.50120401382, 5.73431873322, 3.87986707687, 3.96422600746, 3.97524547577, 6.35781526566, 5.97327899933, 4.7144908905, 6.95513153076, 8.11161899567, 10.6183586121, 17.2762966156, 15.5070171356, 21.9675598145, 20.3639335632, 21.2765979767, 19.3859996796, 18.5322151184, 16.7815952301, 15.6978111267, 17.778137207, 13.2517366409, 8.88701915741, 7.44741487503, 5.14654397964, 4.15235090256, 2.46787810326, 1.71041977406, 1.06840288639, 0.588285267353, 0.214810073376, 0.0560384206474, 0.0123114492744, 0.0010976184858, 2.7687079637e-05],
        "dmean2": [0.619987726212, 3.87405872345, 5.90669679642, 4.90707588196, 7.31682538986, 7.50999498367, 10.0754823685, 6.76264333725, 6.5042257309, 6.42020750046, 9.84641742706, 9.36684322357, 7.92374897003, 11.5097694397, 13.4244089127, 17.1389923096, 28.7226467133, 25.776845932, 37.2559585571, 33.6511154175, 35.6564331055, 32.081413269, 31.1601276398, 27.3804035187, 25.3592700958, 29.2480812073, 21.6883277893, 14.1154079437, 12.3409748077, 8.35558700562, 6.82976150513, 4.00347042084, 2.70373177528, 1.7170072794, 0.939732909203, 0.32954415679, 0.0861581489444, 0.0196776483208, 0.00182789156679, 4.47709171567e-05],
        "dvar": [0.450025111437, 21.2084350586, 67.0639953613, 52.3792762756, 129.337661743, 90.9196090698, 171.95173645, 101.376571655, 73.5309448242, 59.2697219849, 271.364959717, 142.136016846, 82.4943008423, 126.819236755, 138.430221558, 238.973709106, 718.903259277, 511.509063721, 1025.56665039, 855.125610352, 992.774536133, 848.04498291, 1051.37866211, 825.609008789, 576.375488281, 995.272583008, 458.321838379, 186.228973389, 179.286056519, 68.9483413696, 59.7847862244, 18.3635845184, 8.35889530182, 3.33540844917, 1.21934688091, 0.138486891985, 0.00961005222052, 0.000628740002867, 5.57426210435e-06, 1.5720859059e-09],
        "dvar2": [1.02357280254, 37.9452095032, 131.945510864, 130.101409912, 368.165649414, 238.109390259, 513.57019043, 297.091430664, 200.838821411, 153.632019043, 634.47265625, 304.402160645, 221.141571045, 346.731414795, 360.669830322, 585.142089844, 1918.39306641, 1320.57629395, 2833.69482422, 2179.99609375, 2640.9375, 2236.38256836, 2699.40722656, 1938.97558594, 1354.67016602, 2443.72973633, 1120.22412109, 435.234741211, 474.174407959, 179.793563843, 162.991622925, 48.8668327332, 20.9100074768, 8.62270832062, 3.17508792877, 0.345560461283, 0.0243858285248, 0.0017346192617, 1.53217333718e-05, 4.32076152634e-09],
        "max": [5.44415712357, 38.2137069702, 70.6342391968, 66.7984771729, 109.843231201, 174.09147644, 195.035247803, 212.428588867, 184.689804077, 150.378295898, 559.018737793, 386.82989502, 220.041610718, 161.122299194, 162.815322876, 280.390930176, 460.313049316, 477.072540283, 451.866363525, 615.922790527, 456.978179932, 479.893249512, 713.837768555, 562.031555176, 383.930541992, 493.104125977, 420.764404297, 205.52015686, 157.540893555, 128.660552979, 122.037834167, 56.7759170532, 30.1405754089, 17.7679424286, 17.5030708313, 4.08851528168, 1.38081407547, 0.366848349571, 0.0387051738799, 0.00061111402465],
        "mean": [0.921812772751, 5.40261316299, 6.54931116104, 3.81627631187, 4.19845962524, 6.43135881424, 7.95028972626, 5.15566205978, 6.82355117798, 7.47180604935, 13.2813577652, 11.6770963669, 7.55075788498, 11.0014925003, 13.5850801468, 19.1530380249, 29.9284076691, 29.304107666, 39.607673645, 39.4422187805, 38.3958816528, 36.4074478149, 35.0205879211, 35.0045967102, 32.8128242493, 34.6322135925, 26.485490799, 18.0731945038, 13.5813293457, 10.1374063492, 7.75194311142, 4.97533035278, 3.39384007454, 2.02411627769, 1.03757143021, 0.406788557768, 0.116712108254, 0.0254364982247, 0.00173065264244, 8.58576677274e-05],
        "median": [0.218796521425, 1.48315119743, 1.56772875786, 1.20823860168, 1.56231701374, 1.91269505024, 1.45943188667, 1.61632692814, 2.48272442818, 3.18752765656, 4.03382253647, 4.5339717865, 4.16989994049, 6.52244567871, 8.41982269287, 12.2557487488, 18.4732627869, 19.9889392853, 27.9525203705, 27.19490242, 28.1780815125, 26.4953289032, 22.5724506378, 20.6750411987, 23.0627574921, 23.1054992676, 19.0962848663, 12.954993248, 8.9392080307, 6.8428478241, 5.15206813812, 3.39475059509, 2.24338841438, 1.15727651119, 0.536584198475, 0.210456207395, 0.0635996907949, 0.0130737582222, 0.000451307161711, 7.43704586057e-05],
        "min": [4.13290261453e-22, 1.30194270227e-21, 4.0373522476e-21, 8.37233038038e-21, 1.23848478226e-20, 4.71920078082e-20, 1.14194881427e-19, 1.19933912216e-19, 3.28335049438e-19, 2.40859665685e-19, 3.62530023877e-19, 6.56900055086e-19, 8.50173700341e-19, 8.07766786974e-19, 1.81310711082e-18, 2.01522993427e-18, 1.97069721843e-18, 2.54425846491e-18, 3.38692224417e-18, 3.99731225985e-18, 5.45793124189e-18, 4.88450565303e-18, 7.80946675703e-18, 1.06080073665e-17, 9.29289441728e-18, 1.06542169842e-17, 1.39750278519e-17, 1.4461386891e-17, 1.19287765767e-17, 1.40518514241e-17, 1.09582389466e-17, 1.08137834331e-17, 1.02720421704e-17, 8.08889746694e-18, 7.66899659977e-18, 5.18969848952e-18, 2.25463771703e-18, 1.08207032125e-18, 2.16318780799e-19, 2.57786879714e-20],
        "var": [1.47489774227, 58.5431289673, 123.798469543, 52.1651496887, 88.1631011963, 127.817604065, 289.083831787, 136.659866333, 190.993972778, 152.60458374, 833.965881348, 609.957946777, 139.970169067, 186.685073853, 237.534622192, 486.740386963, 1437.4954834, 1114.79394531, 1868.57995605, 2018.40893555, 1742.62133789, 1623.24243164, 2272.35107422, 2448.42260742, 1447.64929199, 1958.34350586, 916.029052734, 398.429595947, 263.484069824, 130.428771973, 87.2027740479, 32.1293792725, 15.8219184875, 6.14709663391, 1.89619994164, 0.26585996151, 0.0212664827704, 0.00120037898887, 8.97316658666e-06, 5.19430187751e-09]
    },
    "gfcc": {
        "mean": [0.442560970783, 67.5601348877, -122.523933411, 49.2948989868, -36.6690940857, 21.3970146179, -25.5072097778, 10.9982585907, -18.2475795746, 10.1227369308, -11.9549512863, 0.504301726818, -9.56943416595],
        "cov": [[16000.1601562, -3625.32763672, 771.976257324, 1349.1204834, -231.890289307, 1723.65222168, -220.653106689, 1115.60754395, -18.0796871185, 637.464233398, -373.408691406, 311.895355225, -298.629425049], [-3625.32763672, 4238.82275391, -180.843017578, -784.785583496, 450.848632812, -1137.27233887, 194.993438721, -736.259216309, -35.3531761169, -370.695709229, 284.458251953, -317.109558105, 230.498382568], [771.976257324, -180.843017578, 1405.48583984, 150.701782227, 402.337005615, 517.365783691, 116.577774048, 151.792129517, -26.5127677917, 81.5047454834, -63.2130241394, 149.716262817, -114.1276474], [1349.1204834, -784.785583496, 150.701782227, 686.386047363, 50.7243690491, 410.150848389, 59.9250526428, 214.085845947, 89.5703353882, 94.1865005493, -44.4108009338, 36.8468780518, -8.71442317963], [-231.890289307, 450.848632812, 402.337005615, 50.7243690491, 444.776306152, 160.09211731, 186.617111206, 29.7683925629, 48.8469543457, 25.8069229126, 21.9540920258, 0.645775616169, -8.89048290253], [1723.65222168, -1137.27233887, 517.365783691, 410.150848389, 160.09211731, 804.846252441, 130.312637329, 330.999267578, 59.7381439209, 156.37928772, -58.9487533569, 132.668243408, -107.687286377], [-220.653106689, 194.993438721, 116.577774048, 59.9250526428, 186.617111206, 130.312637329, 272.413238525, 94.6911773682, 93.1686935425, 41.8631095886, 44.3491973877, 4.91246747971, 17.6096878052], [1115.60754395, -736.259216309, 151.792129517, 214.085845947, 29.7683925629, 330.999267578, 94.6911773682, 319.791046143, 97.7673416138, 150.334869385, -11.4982538223, 71.8955078125, -53.6624526978], [-18.0796871185, -35.3531761169, -26.5127677917, 89.5703353882, 48.8469543457, 59.7381439209, 93.1686935425, 97.7673416138, 141.116073608, 73.5510406494, 38.4463348389, 13.8507738113, 25.7365226746], [637.464233398, -370.695709229, 81.5047454834, 94.1865005493, 25.8069229126, 156.37928772, 41.8631095886, 150.334869385, 73.5510406494, 160.983627319, 9.20944499969, 42.5766334534, -7.62110233307], [-373.408691406, 284.458251953, -63.2130241394, -44.4108009338, 21.9540920258, -58.9487533569, 44.3491973877, -11.4982538223, 38.4463348389, 9.20944499969, 137.006134033, 1.53520846367, 22.6728477478], [311.895355225, -317.109558105, 149.716262817, 36.8468780518, 0.645775616169, 132.668243408, 4.91246747971, 71.8955078125, 13.8507738113, 42.5766334534, 1.53520846367, 117.998275757, -5.99898195267], [-298.629425049, 230.498382568, -114.1276474, -8.71442317963, -8.89048290253, -107.687286377, 17.6096878052, -53.6624526978, 25.7365226746, -7.62110233307, 22.6728477478, -5.99898195267, 106.330337524]],
        "icov": [[0.000129193271277, -0.000156889494974, 6.24861058895e-05, -0.000169250197359, 0.000159036193509, -0.000231795376749, 0.000256443803664, -0.000460059236502, 0.000424783676863, -0.000408580031944, 0.000306249159621, -0.00016387294454, 5.33803722647e-05], [-0.000156889494974, 0.0015228377888, -0.000502257142216, 0.000666542444378, -0.00130312284455, 0.00132997287437, -0.00103517982643, 0.00187413417734, -0.00114763726015, 0.00151380116586, -0.00197465531528, 0.00191492098384, -0.000955598254222], [6.24861058895e-05, -0.000502257142216, 0.00164385105018, -0.00022478599567, -0.000874767021742, -0.000858544895891, 0.000443922763225, -0.000441466138, 0.00115556956735, -0.000812687620055, 0.00106274476275, -0.00211082631722, 0.00108763377648], [-0.000169250197359, 0.000666542444378, -0.00022478599567, 0.00293411267921, -0.000567221897654, -0.000826753966976, 0.000162591182743, 0.000202339215321, -0.00198442093097, 0.00158950220793, -0.000554987112992, 0.00197991961613, -0.00190630147699], [0.000159036193509, -0.00130312284455, -0.000874767021742, -0.000567221897654, 0.00582907628268, -0.00158618460409, -0.00167732906993, -0.00017697304429, 0.000138861913001, -0.00172978220508, 0.00139281130396, -7.08926745574e-05, 0.000896953395568], [-0.000231795376749, 0.00132997287437, -0.000858544895891, -0.000826753966976, -0.00158618460409, 0.00521111115813, -0.00204327842221, 0.000111608984298, 6.04330080023e-06, 0.000773984531406, -0.00115136743989, -0.000498407229315, 0.00128779059742], [0.000256443803664, -0.00103517982643, 0.000443922763225, 0.000162591182743, -0.00167732906993, -0.00204327842221, 0.00846714805812, -0.00391572155058, -0.00178136734758, 0.000677018717397, 0.000156637557666, 0.000143380981172, -0.00167961628176], [-0.000460059236502, 0.00187413417734, -0.000441466138, 0.000202339215321, -0.00017697304429, 0.000111608984298, -0.00391572155058, 0.0135526619852, -0.00522342370823, -0.00294493394904, -0.00167310342658, 0.000391030393075, 0.00320647726767], [0.000424783676863, -0.00114763726015, 0.00115556956735, -0.00198442093097, 0.000138861913001, 6.04330080023e-06, -0.00178136734758, -0.00522342370823, 0.0166712980717, -0.00564381107688, -0.000394601142034, -0.00182248558849, -0.00202327850275], [-0.000408580031944, 0.00151380116586, -0.000812687620055, 0.00158950220793, -0.00172978220508, 0.000773984531406, 0.000677018717397, -0.00294493394904, -0.00564381107688, 0.0150507157668, -0.00292891543359, 0.00170756375883, -0.00296453898773], [0.000306249159621, -0.00197465531528, 0.00106274476275, -0.000554987112992, 0.00139281130396, -0.00115136743989, 0.000156637557666, -0.00167310342658, -0.000394601142034, -0.00292891543359, 0.0117423664778, -0.00396621692926, 0.00147393415682], [-0.00016387294454, 0.00191492098384, -0.00211082631722, 0.00197991961613, -7.08926745574e-05, -0.000498407229315, 0.000143380981172, 0.000391030393075, -0.00182248558849, 0.00170756375883, -0.00396621692926, 0.0158384814858, -0.00474896235391], [5.33803722647e-05, -0.000955598254222, 0.00108763377648, -0.00190630147699, 0.000896953395568, 0.00128779059742, -0.00167961628176, 0.00320647726767, -0.00202327850275, -0.00296453898773, 0.00147393415682, -0.00474896235391, 0.0156078822911]]
    },
    "melbands": {
        "dmean": [0.00363720953465, 0.00235218391754, 0.000544402457308, 0.000312851247145, 0.000199791480554, 8.77595230122e-05, 6.12195726717e-05, 4.77662106277e-05, 5.039943062e-05, 3.55121483153e-05, 2.39129276451e-05, 2.89113777399e-05, 2.5849443773e-05, 3.1084568036e-05, 3.51727649104e-05, 3.72988979507e-05, 3.00852789223e-05, 3.71114510926e-05, 3.00761930703e-05, 2.68735439022e-05, 2.67594932666e-05, 2.11585247598e-05, 2.19948960876e-05, 1.52084166984e-05, 1.44804635056e-05, 1.30062444441e-05, 1.23589961731e-05, 1.24108155433e-05, 9.28204190132e-06, 6.86852627041e-06, 5.13513714395e-06, 4.78350420963e-06, 3.49279434886e-06, 2.93712832899e-06, 2.81442271444e-06, 1.88695992165e-06, 1.47315984123e-06, 1.32807645059e-06, 1.00405100056e-06, 9.43421241573e-07],
        "dmean2": [0.00515789398924, 0.00334035558626, 0.00085046334425, 0.00053009117255, 0.000348318106262, 0.00015274946054, 0.000100302931969, 7.60968177929e-05, 7.78862449806e-05, 5.63801331737e-05, 4.03175436077e-05, 4.77056892123e-05, 4.33087843703e-05, 5.01602917211e-05, 5.7908873714e-05, 6.25968968961e-05, 4.9916547141e-05, 6.29436181043e-05, 5.01172835357e-05, 4.46292578999e-05, 4.50819497928e-05, 3.52437527908e-05, 3.668755744e-05, 2.57214724115e-05, 2.36601663346e-05, 2.11910537473e-05, 2.02475712285e-05, 2.05622982321e-05, 1.52814554895e-05, 1.10833834697e-05, 8.26038922241e-06, 7.99843473942e-06, 5.72049566472e-06, 4.85472946821e-06, 4.68683447252e-06, 3.1446563753e-06, 2.38098368754e-06, 2.13862563214e-06, 1.61563104939e-06, 1.53878147557e-06],
        "dvar": [3.04199547827e-05, 1.61944826687e-05, 1.58184423071e-06, 5.11577297857e-07, 1.90505957676e-07, 4.85057611854e-08, 1.90895779184e-08, 7.96541943515e-09, 1.79436874248e-08, 4.75424632995e-09, 2.10380846077e-09, 2.22003304629e-09, 1.69732761179e-09, 2.00975103226e-09, 3.4472347199e-09, 3.35559202647e-09, 1.91317117704e-09, 2.91903146099e-09, 1.84384230106e-09, 1.56645996174e-09, 1.70983227576e-09, 1.02340413921e-09, 1.45142164953e-09, 5.97828397897e-10, 6.34001795508e-10, 4.15897399852e-10, 4.17399864672e-10, 4.86055695692e-10, 2.05121378216e-10, 1.24772775445e-10, 5.9151836207e-11, 7.54749318599e-11, 3.3052068027e-11, 2.4140278318e-11, 2.89645807339e-11, 1.07194756543e-11, 6.21938698459e-12, 4.85041434101e-12, 2.95229205666e-12, 2.5736847549e-12],
        "dvar2": [6.59206343698e-05, 2.88384344458e-05, 3.85712291973e-06, 1.39396547638e-06, 5.63002856779e-07, 1.41170218626e-07, 5.30866302029e-08, 1.95551042026e-08, 4.3896179136e-08, 1.05024984265e-08, 5.65359892235e-09, 6.03553385048e-09, 4.58755033961e-09, 4.81815876086e-09, 8.85442030807e-09, 9.14689124443e-09, 4.86529216914e-09, 7.96524268765e-09, 4.86427875757e-09, 3.98072330654e-09, 4.61975480093e-09, 2.72294897741e-09, 3.71765174201e-09, 1.55591972639e-09, 1.48792489441e-09, 9.79347936081e-10, 9.89726189893e-10, 1.23145138531e-09, 5.23163790067e-10, 2.90631324562e-10, 1.425280588e-10, 1.9950428809e-10, 8.61639232186e-11, 6.42267489193e-11, 7.98277347003e-11, 2.87558397233e-11, 1.62244315205e-11, 1.20429473685e-11, 7.44452242907e-12, 6.77013089687e-12],
        "max": [0.0453554540873, 0.037437018007, 0.0116843944415, 0.0101399226114, 0.00680171791464, 0.00427150027826, 0.00317742186598, 0.00167488295119, 0.00504948245361, 0.00218866323121, 0.00111457065213, 0.00075032026507, 0.000728972372599, 0.000859416788444, 0.00122114061378, 0.00096425722586, 0.000910752394702, 0.000747487356421, 0.00102589011658, 0.00101232458837, 0.000736419693567, 0.000658535747789, 0.000708879728336, 0.000355953990947, 0.000514300714713, 0.000336688448442, 0.000339180609444, 0.000367055588868, 0.000187839657883, 0.0002453532652, 0.000108606924186, 0.000137771305162, 9.30966343731e-05, 0.000112173329399, 0.000107541120087, 8.87957867235e-05, 2.90600710287e-05, 2.93715220323e-05, 1.9782803065e-05, 1.48869839904e-05],
        "mean": [0.00790566112846, 0.00478322664276, 0.000689467124175, 0.000392004381865, 0.000284590380033, 0.000115411668958, 0.000105878119939, 9.34233612497e-05, 0.000105984545371, 6.61077356199e-05, 3.65021405742e-05, 4.48038153991e-05, 4.01182333007e-05, 5.25326977368e-05, 5.85610468988e-05, 6.19523125351e-05, 5.38093008799e-05, 6.35598771623e-05, 5.49208962184e-05, 4.9436246627e-05, 4.40954281657e-05, 3.69944755221e-05, 3.84226623282e-05, 2.71330955002e-05, 2.82782075374e-05, 2.5645866117e-05, 2.34818198805e-05, 2.24143859668e-05, 1.69559880305e-05, 1.33038538479e-05, 9.61555997492e-06, 8.04429873824e-06, 6.23863479632e-06, 5.39451002624e-06, 4.75503293274e-06, 3.50091772816e-06, 2.84187967736e-06, 2.49420577347e-06, 1.92892366613e-06, 1.64698997196e-06],
        "median": [0.00218111858703, 0.00150313787162, 0.00022823967447, 0.000130664673634, 5.99772647547e-05, 3.47481836798e-05, 3.74567425752e-05, 3.51915186911e-05, 3.46015003743e-05, 2.51877518167e-05, 1.94388849195e-05, 2.58954914898e-05, 2.33759037656e-05, 3.15792203764e-05, 3.33291282004e-05, 3.72104768758e-05, 3.47805435013e-05, 4.26929800597e-05, 3.75643321604e-05, 3.26273475366e-05, 3.00439933199e-05, 2.63587789959e-05, 2.20980582526e-05, 1.73827993422e-05, 1.5178886315e-05, 1.62621345225e-05, 1.5314670236e-05, 1.44054756674e-05, 1.21238308566e-05, 8.97818699741e-06, 6.60056184643e-06, 5.06580227011e-06, 3.86658439311e-06, 3.45768103216e-06, 2.90781986223e-06, 2.33651689996e-06, 1.84220903066e-06, 1.63667175457e-06, 1.12492614335e-06, 8.8311384161e-07],
        "min": [3.02463687495e-24, 1.9076841833e-24, 3.22151111613e-24, 2.9277079578e-24, 4.9959420986e-24, 2.79172490382e-24, 5.18161076784e-24, 3.03913673003e-24, 3.89674291884e-24, 3.79321675794e-24, 2.84640992506e-24, 2.96521927992e-24, 6.01788260789e-24, 2.79753624489e-24, 4.72665180683e-24, 3.02872258279e-24, 4.21366265991e-24, 6.05823205434e-24, 3.42820213963e-24, 4.43881460632e-24, 5.8286707699e-24, 4.50059109267e-24, 5.11134456043e-24, 7.15382219546e-24, 8.1535968966e-24, 7.03669212825e-24, 4.49967522516e-24, 7.03672762699e-24, 7.42398970056e-24, 7.97972721993e-24, 8.56211956043e-24, 5.32666098906e-24, 8.20301508801e-24, 7.56175479132e-24, 4.47364360414e-24, 7.11008222485e-24, 5.88804872467e-24, 6.19262594802e-24, 6.87932305513e-24, 5.83655070149e-24],
        "var": [9.91102206171e-05, 4.51488485851e-05, 1.61470518378e-06, 4.92206424951e-07, 3.29979172875e-07, 6.47244675633e-08, 4.83674789109e-08, 2.7137744496e-08, 4.89933924541e-08, 1.97628260423e-08, 3.46672290874e-09, 3.32751404208e-09, 2.48561149441e-09, 4.01041422293e-09, 6.56301546442e-09, 6.08678440983e-09, 4.20337809004e-09, 5.25891685754e-09, 4.05965039363e-09, 3.64483176973e-09, 2.70346389719e-09, 1.83400461484e-09, 3.18485748885e-09, 1.16976639486e-09, 1.87211735003e-09, 1.07372544189e-09, 9.49515355231e-10, 8.30522262074e-10, 3.56500412524e-10, 2.69081562587e-10, 1.18533974303e-10, 1.04512766497e-10, 5.66024727089e-11, 4.11893262553e-11, 3.77630600401e-11, 1.74827843175e-11, 1.11126108315e-11, 8.78811086402e-12, 5.76643463882e-12, 4.3119349237e-12]
    },
    "mfcc": {
        "mean": [-634.194030762, 91.3044204712, -11.2788410187, 32.5213279724, 13.5350952148, 17.7822418213, 9.74955940247, 5.38897895813, 5.14190244675, 8.04693889618, 3.56725764275, 5.83209991455, 2.74661159515],
        "cov": [[11074.6396484, -2581.94067383, -282.191009521, 303.797637939, 208.162582397, 488.197845459, 227.1043396, 424.681335449, 504.787506104, 491.054992676, 278.878173828, 220.495498657, 168.300460815], [-2581.94067383, 3097.72363281, -54.2343063354, 55.6212234497, -50.128780365, -255.747695923, -50.9014434814, -330.347930908, -295.224487305, -216.185211182, -145.8175354, -98.8030014038, -72.301864624], [-282.191009521, -54.2343063354, 913.963867188, -83.0281066895, 308.485870361, 267.137756348, 172.349319458, 197.768234253, 64.395362854, -6.41260671616, 47.8640403748, 55.5599327087, 40.0364112854], [303.797637939, 55.6212234497, -83.0281066895, 389.601837158, 67.8362731934, 37.411895752, 39.1317481995, -3.57600903511, 79.8828735352, 64.9889907837, 8.61614990234, 2.23321223259, 26.3675479889], [208.162582397, -50.128780365, 308.485870361, 67.8362731934, 318.216217041, 222.796386719, 141.328308105, 130.89616394, 73.8044967651, 58.5273399353, 46.9474868774, 39.1168289185, 35.9518318176], [488.197845459, -255.747695923, 267.137756348, 37.411895752, 222.796386719, 351.235809326, 182.981781006, 179.438995361, 141.201187134, 74.7980422974, 55.5267105103, 52.0898780823, 57.7932395935], [227.1043396, -50.9014434814, 172.349319458, 39.1317481995, 141.328308105, 182.981781006, 243.819900513, 151.140029907, 93.8087005615, 90.6349411011, 71.6717376709, 68.2294311523, 46.9185218811], [424.681335449, -330.347930908, 197.768234253, -3.57600903511, 130.89616394, 179.438995361, 151.140029907, 250.818008423, 115.291915894, 77.6088867188, 72.0025863647, 85.5702362061, 47.7027931213], [504.787506104, -295.224487305, 64.395362854, 79.8828735352, 73.8044967651, 141.201187134, 93.8087005615, 115.291915894, 207.290786743, 117.168014526, 63.0272369385, 37.1284828186, 62.9447174072], [491.054992676, -216.185211182, -6.41260671616, 64.9889907837, 58.5273399353, 74.7980422974, 90.6349411011, 77.6088867188, 117.168014526, 159.16178894, 91.9250106812, 57.6979370117, 51.1531448364], [278.878173828, -145.8175354, 47.8640403748, 8.61614990234, 46.9474868774, 55.5267105103, 71.6717376709, 72.0025863647, 63.0272369385, 91.9250106812, 116.364974976, 72.0043640137, 38.4923667908], [220.495498657, -98.8030014038, 55.5599327087, 2.23321223259, 39.1168289185, 52.0898780823, 68.2294311523, 85.5702362061, 37.1284828186, 57.6979370117, 72.0043640137, 116.174705505, 48.5097198486], [168.300460815, -72.301864624, 40.0364112854, 26.3675479889, 35.9518318176, 57.7932395935, 46.9185218811, 47.7027931213, 62.9447174072, 51.1531448364, 38.4923667908, 48.5097198486, 86.3298110962]],
