{
"lowlevel": {
    "average_loudness": 0.917133688927,
    "barkbands_crest": {
        "dmean": 2.86426138878,
        "dmean2": 4.19799566269,
        "dvar": 8.31495761871,
        "dvar2": 15.6198749542,
        "max": 26.541683197,
        "mean": 10.3166379929,
        "median": 9.39573478699,
        "min": 1.79153001308,
        "var": 28.0183048248
    },
    "barkbands_flatness_db": {
        "dmean": 0.0234333127737,
        "dmean2": 0.034410841763,
        "dvar": 0.00091567565687,
        "dvar2": 0.00170596071985,
        "max": 0.430834472179,
        "mean": 0.0975226834416,
        "median": 0.0781001672149,
        "min": 0.0105051808059,
        "var": 0.00395034160465
    },
    "barkbands_kurtosis": {
        "dmean": 3.33248591423,
        "dmean2": 5.09064340591,
        "dvar": 257.385253906,
        "dvar2": 465.244659424,
        "max": 472.275878906,
        "mean": 3.62669372559,
        "median": 0.209269404411,
        "min": -1.83600497246,
        "var": 349.878326416
    },
    "barkbands_skewness": {
        "dmean": 0.593180835247,
        "dmean2": 0.881528317928,
        "dvar": 0.838870465755,
        "dvar2": 1.43422150612,
        "max": 20.9428253174,
        "mean": 1.33316814899,
        "median": 1.11929297447,
        "min": -2.17039084435,
        "var": 2.3475522995
    },
    "barkbands_spread": {
        "dmean": 7.69669628143,
        "dmean2": 12.0472450256,
        "dvar": 86.909286499,
        "dvar2": 189.014221191,
        "max": 146.765045166,
        "mean": 37.5572891235,
        "median": 37.8626976013,
        "min": 0.504888176918,
        "var": 325.475860596
    },
    "dissonance": {
        "dmean": 0.0111179305241,
        "dmean2": 0.018929971382,
        "dvar": 0.000142011602293,
        "dvar2": 0.000398789503379,
        "max": 0.5,
        "mean": 0.48010456562,
        "median": 0.485858738422,
        "min": 0.296618998051,
        "var": 0.000358497229172
    },
    "dynamic_complexity": 3.1598443985,
    "erbbands_crest": {
        "dmean": 1.74679410458,
        "dmean2": 2.87996649742,
        "dvar": 4.17478513718,
        "dvar2": 10.4494438171,
        "max": 26.3940925598,
        "mean": 6.16551542282,
        "median": 4.96757698059,
        "min": 2.01601696014,
        "var": 12.0428352356
    },
    "erbbands_flatness_db": {
        "dmean": 0.0116314785555,
        "dmean2": 0.0174259226769,
        "dvar": 0.000137352326419,
        "dvar2": 0.000296691025142,
        "max": 0.296784341335,
        "mean": 0.115131817758,
        "median": 0.102662175894,
        "min": 0.0270583070815,
        "var": 0.00182704639155
    },
    "erbbands_kurtosis": {
        "dmean": 0.603924930096,
        "dmean2": 0.953893780708,
        "dvar": 0.795937418938,
        "dvar2": 2.03399062157,
        "max": 24.8765487671,
        "mean": -0.0730563476682,
        "median": -0.304322004318,
        "min": -1.8951587677,
        "var": 1.50470542908
    },
    "erbbands_skewness": {
        "dmean": 0.28590670228,
        "dmean2": 0.436214059591,
        "dvar": 0.0832016766071,
        "dvar2": 0.194277748466,
        "max": 5.00126314163,
        "mean": -0.161736667156,
        "median": -0.287074685097,
        "min": -2.42189455032,
        "var": 0.436471313238
    },
    "erbbands_spread": {
        "dmean": 9.35526657104,
        "dmean2": 14.0487155914,
        "dvar": 123.61415863,
        "dvar2": 260.992126465,
        "max": 177.481872559,
        "mean": 47.9749794006,
        "median": 45.4364700317,
        "min": 6.04972839355,
        "var": 360.478179932
    },
    "hfc": {
        "dmean": 11.6461830139,
        "dmean2": 18.0242614746,
        "dvar": 333.695983887,
        "dvar2": 821.489013672,
        "max": 213.007858276,
        "mean": 36.35364151,
        "median": 31.1527519226,
        "min": 1.08385727126e-16,
        "var": 854.303833008
    },
    "melbands_crest": {
        "dmean": 3.96618103981,
        "dmean2": 6.57510709763,
        "dvar": 15.8428850174,
        "dvar2": 39.7585716248,
        "max": 36.1149673462,
        "mean": 16.5755443573,
        "median": 16.2329921722,
        "min": 1.50554943085,
        "var": 50.6532478333
    },
    "melbands_flatness_db": {
        "dmean": 0.0309579893947,
        "dmean2": 0.0463673956692,
        "dvar": 0.00151577033103,
        "dvar2": 0.00298565230332,
        "max": 0.544966816902,
        "mean": 0.156227767467,
        "median": 0.141150549054,
        "min": 0.00195662910119,
        "var": 0.00737991416827
    },
    "melbands_kurtosis": {
        "dmean": 13.0394411087,
        "dmean2": 18.7197189331,
        "dvar": 1469.73303223,
        "dvar2": 2428.23608398,
        "max": 761.020996094,
        "mean": 20.3912677765,
        "median": 8.09881591797,
        "min": -1.62860989571,
        "var": 2582.79956055
    },
    "melbands_skewness": {
        "dmean": 1.01842284203,
        "dmean2": 1.47551310062,
        "dvar": 2.35296058655,
        "dvar2": 4.07124853134,
        "max": 20.7369499207,
        "mean": 3.1944360733,
        "median": 2.66757631302,
        "min": -0.662583291531,
        "var": 6.49615383148
    },
    "melbands_spread": {
        "dmean": 10.9473733902,
        "dmean2": 17.5163421631,
        "dvar": 184.747085571,
        "dvar2": 424.672058105,
        "max": 208.447677612,
        "mean": 37.0521392822,
        "median": 31.914106369,
        "min": 0.343475580215,
        "var": 739.260131836
    },
    "pitch_salience": {
        "dmean": 0.0897240564227,
        "dmean2": 0.141552180052,
        "dvar": 0.0104223256931,
        "dvar2": 0.0225086603314,
        "max": 0.876021504402,
        "mean": 0.528347253799,
        "median": 0.542943239212,
        "min": 0.0384648293257,
        "var": 0.0245013907552
    },
    "silence_rate_20dB": {
        "dmean": 0,
        "dmean2": 0,
        "dvar": 0,
        "dvar2": 0,
        "max": 1,
        "mean": 1,
        "median": 1,
        "min": 1,
        "var": 0
    },
    "silence_rate_30dB": {
        "dmean": 0.0214621052146,
        "dmean2": 0.042929969728,
        "dvar": 0.0209992155433,
        "dvar2": 0.0585201978683,
        "max": 1,
        "mean": 0.98725861311,
        "median": 1,
        "min": 0,
        "var": 0.0125782517716
    },
    "silence_rate_60dB": {
        "dmean": 0.00590207893401,
        "dmean2": 0.0118057420477,
        "dvar": 0.00586683955044,
        "dvar2": 0.0140807889402,
        "max": 1,
        "mean": 0.0673283264041,
        "median": 0,
        "min": 0,
        "var": 0.0627938732505
    },
    "spectral_centroid": {
        "dmean": 333.609100342,
        "dmean2": 521.261108398,
        "dvar": 142475.875,
        "dvar2": 314399.96875,
        "max": 11908.5273438,
        "mean": 2311.77099609,
        "median": 2357.26708984,
        "min": 132.594985962,
        "var": 1937234.5
    },
    "spectral_complexity": {
        "dmean": 5.73574781418,
        "dmean2": 8.7169303894,
        "dvar": 45.2263717651,
        "dvar2": 91.745513916,
        "max": 63,
        "mean": 28.1735515594,
        "median": 30,
        "min": 0,
        "var": 233.846374512
    },
    "spectral_decrease": {
        "dmean": 2.54323029303e-09,
        "dmean2": 3.54594664742e-09,
        "dvar": 1.3590338409e-17,
        "dvar2": 2.22359383544e-17,
        "max": 1.66620336543e-28,
        "mean": -7.82717890502e-09,
        "median": -6.26228757739e-09,
        "min": -4.22592556504e-08,
        "var": 4.10428458016e-17
    },
    "spectral_energy": {
        "dmean": 0.0100629776716,
        "dmean2": 0.0138913579285,
        "dvar": 0.000200179420062,
        "dvar2": 0.00032672949601,
        "max": 0.168283626437,
        "mean": 0.0328390151262,
        "median": 0.0273000821471,
        "min": 9.97715528058e-21,
        "var": 0.000650774280075
    },
    "spectral_energyband_high": {
        "dmean": 0.00110531575046,
        "dmean2": 0.00173619412817,
        "dvar": 3.05406615553e-06,
        "dvar2": 7.49741093387e-06,
        "max": 0.0247282646596,
        "mean": 0.0030018335674,
        "median": 0.00235691806301,
        "min": 7.07242978025e-21,
        "var": 7.93998606241e-06
    },
    "spectral_energyband_low": {
        "dmean": 0.00825301650912,
        "dmean2": 0.0117560885847,
        "dvar": 0.000206910917768,
        "dvar2": 0.000355718628271,
        "max": 0.119697682559,
        "mean": 0.0172497779131,
        "median": 0.00939780473709,
        "min": 1.87923580801e-23,
        "var": 0.000480086979223
    },
    "spectral_energyband_middle_high": {
        "dmean": 0.00205660611391,
        "dmean2": 0.0033298835624,
        "dvar": 9.14795418794e-06,
        "dvar2": 2.34161107073e-05,
        "max": 0.0319922715425,
        "mean": 0.00568758463487,
        "median": 0.00467129889876,
        "min": 1.1614340795e-21,
        "var": 2.27607342822e-05
    },
    "spectral_energyband_middle_low": {
        "dmean": 0.00492893857881,
        "dmean2": 0.00848320033401,
        "dvar": 0.00011224832997,
        "dvar2": 0.000301094900351,
        "max": 0.148425146937,
        "mean": 0.00779138552025,
        "median": 0.00563698587939,
        "min": 1.60131922758e-22,
        "var": 9.54500137595e-05
    },
    "spectral_entropy": {
        "dmean": 0.113908194005,
        "dmean2": 0.174142464995,
        "dvar": 0.0212730299681,
        "dvar2": 0.0509967170656,
        "max": 9.81799793243,
        "mean": 8.05663108826,
        "median": 8.18277168274,
        "min": 5.41468524933,
        "var": 0.273221135139
    },
    "spectral_flux": {
        "dmean": 0.0274031255394,
        "dmean2": 0.036978892982,
        "dvar": 0.00114777986892,
        "dvar2": 0.00177350337617,
        "max": 0.342713475227,
        "mean": 0.0984611660242,
        "median": 0.0857667326927,
        "min": 6.39443151207e-11,
        "var": 0.00413164915517
    },
    "spectral_kurtosis": {
        "dmean": 0.96247702837,
        "dmean2": 1.59642863274,
        "dvar": 7.67940425873,
        "dvar2": 20.8858165741,
        "max": 91.5218582153,
        "mean": 3.282153368,
        "median": 2.29323911667,
        "min": -1.29192447662,
        "var": 35.698600769
    },
    "spectral_rms": {
        "dmean": 0.000804796989542,
        "dmean2": 0.00111013685819,
        "dvar": 9.49845230025e-07,
        "dvar2": 1.58996931532e-06,
        "max": 0.012813241221,
        "mean": 0.00516685238108,
        "median": 0.00516083603725,
        "min": 3.11990537571e-12,
        "var": 5.34173341293e-06
    },
    "spectral_rolloff": {
        "dmean": 861.938110352,
        "dmean2": 1402.04003906,
        "dvar": 1410653.5,
        "dvar2": 2947977,
        "max": 19358.3496094,
        "mean": 2863.2097168,
        "median": 2347.11914062,
        "min": 64.599609375,
        "var": 8594970
    },
    "spectral_skewness": {
        "dmean": 0.136724203825,
        "dmean2": 0.218387052417,
        "dvar": 0.0377888008952,
        "dvar2": 0.0987184867263,
        "max": 7.97160625458,
        "mean": 1.25390183926,
        "median": 1.16139101982,
        "min": -0.0858342424035,
        "var": 0.394519716501
    },
    "spectral_spread": {
        "dmean": 486660.375,
        "dmean2": 729312.625,
        "dvar": 637769613312,
        "dvar2": 1.30686517248e+12,
        "max": 48801252,
        "mean": 6165519,
        "median": 5723794.5,
        "min": 1018327.625,
        "var": 2.24264108114e+13
    },
    "spectral_strongpeak": {
        "dmean": 0.341151714325,
        "dmean2": 0.582258880138,
        "dvar": 0.458173304796,
        "dvar2": 1.20843565464,
        "max": 10.4546957016,
        "mean": 0.609309434891,
        "median": 0.365786731243,
        "min": 0,
        "var": 0.704662024975
    },
    "zerocrossingrate": {
        "dmean": 0.0147657431662,
        "dmean2": 0.0168536286801,
        "dvar": 0.000267137074843,
        "dvar2": 0.000315434590448,
        "max": 0.70947265625,
        "mean": 0.099626339972,
        "median": 0.08984375,
        "min": 0.001953125,
        "var": 0.00523869274184
    },
    "barkbands": {
        "dmean": [0.000303301989334, 0.00670673465356, 0.00421492615715, 0.00181583885569, 0.00214216974564, 0.000732111046091, 0.000462182681076, 0.000434404442785, 0.00061178841861, 0.000396123476094, 0.000311419542413, 0.000419156305725, 0.000332184310537, 0.000357972661732, 0.000320499064401, 0.000279675790807, 0.000272813427728, 0.00029279087903, 0.000361054437235, 0.000330196198775, 0.000334746175213, 0.000241132642259, 0.00019218622765, 0.000190166116226, 0.000140114163514, 9.40014360822e-05, 2.61190343736e-05],
        "dmean2": [0.000465601740871, 0.00953695178032, 0.00741345901042, 0.00328145176172, 0.00376468198374, 0.00123096490279, 0.000758749782108, 0.000734529399779, 0.00102373829577, 0.00066007609712, 0.00050457281759, 0.000679131073412, 0.000558073690627, 0.000591135350987, 0.00052150094416, 0.000463555246824, 0.000468165846542, 0.000488336954731, 0.000610030023381, 0.000546780938748, 0.000552293786313, 0.000395411014324, 0.000310580275254, 0.000301861960907, 0.000215873878915, 0.000141126467497, 4.34398898506e-05],
        "dvar": [4.30189970757e-07, 0.000171841980773, 0.00011016024655, 1.83625816135e-05, 3.37324927386e-05, 1.5781104139e-06, 1.03026798115e-06, 6.56554959733e-07, 1.09595703179e-06, 5.86722592288e-07, 2.88218330979e-07, 5.76681145503e-07, 3.1808787071e-07, 4.02704415592e-07, 3.57756391622e-07, 1.81957972245e-07, 2.43396982569e-07, 1.73414662186e-07, 2.51581496968e-07, 2.04397707648e-07, 2.38190040136e-07, 1.48506302367e-07, 9.22456138142e-08, 8.69465992537e-08, 5.6424926953e-08, 3.85406586645e-08, 2.35896302492e-09],
        "dvar2": [8.39111066853e-07, 0.00032267338247, 0.000301396212308, 5.1726536185e-05, 8.95213306649e-05, 4.19689331466e-06, 2.54739029515e-06, 1.73499586253e-06, 2.82660266748e-06, 1.48126491695e-06, 6.7838141149e-07, 1.38389577842e-06, 8.29873158636e-07, 9.70224505181e-07, 8.62134641011e-07, 4.63891808522e-07, 6.61555077386e-07, 4.51169057669e-07, 6.7301607487e-07, 5.35821982339e-07, 6.28312193385e-07, 3.86522032159e-07, 2.28406108249e-07, 2.12202039052e-07, 1.28175798864e-07, 8.16368697087e-08, 6.37788177826e-09],
        "max": [0.013957252726, 0.109935954213, 0.08649982512, 0.0403484627604, 0.090607367456, 0.0165729746222, 0.0227640420198, 0.0181576292962, 0.0234233383089, 0.0175277218223, 0.0117990905419, 0.0177671853453, 0.00938957929611, 0.0154088884592, 0.0157492067665, 0.00750449532643, 0.0125754531473, 0.00665722275153, 0.00733290892094, 0.00644862093031, 0.00788311008364, 0.00654247263446, 0.00732141360641, 0.00379134085961, 0.00612214719877, 0.00727337086573, 0.000635718170088],
        "mean": [0.000795719854068, 0.0118457851931, 0.00384322134778, 0.00182474090252, 0.00243075285107, 0.00108019681647, 0.000721638905816, 0.000573910947423, 0.000905460095964, 0.000544356356841, 0.000533995800652, 0.000734567467589, 0.000507438031491, 0.000576832972001, 0.000524614355527, 0.000438793882495, 0.000405145110562, 0.000544479175005, 0.000705879065208, 0.000679117976688, 0.000692873611115, 0.000527575961314, 0.000442513090093, 0.000413616857259, 0.000312128133373, 0.000193758518435, 3.98600859626e-05],
        "median": [6.21295039309e-05, 0.0044335834682, 0.00124302972108, 0.000561375287361, 0.00112145161256, 0.000492503342684, 0.000237480940996, 0.000264386937488, 0.000408492574934, 0.000268334173597, 0.000232945079915, 0.00033403391717, 0.00027526091435, 0.000284966256004, 0.000299540930428, 0.000277730898233, 0.000249826174695, 0.000408536579926, 0.000512574100867, 0.000530900084414, 0.000524888862856, 0.000373668328393, 0.000312682299409, 0.000276428734651, 0.000189869082533, 9.59581957432e-05, 1.20616186905e-05],
        "min": [1.30368977438e-25, 4.55931153187e-24, 8.82511612268e-25, 8.20462525173e-25, 7.02363253597e-24, 7.83346767494e-24, 6.32015793513e-24, 2.73756112242e-24, 1.70676651722e-23, 2.22568852923e-23, 1.55161288106e-23, 2.13868774212e-23, 2.95192255605e-23, 3.58196114859e-23, 3.44087116688e-23, 5.121511242e-23, 7.99768264076e-23, 1.00597000449e-22, 1.13353758499e-22, 1.49975963381e-22, 2.5427801631e-22, 2.72833817093e-22, 3.77925841643e-22, 6.06150167768e-22, 8.13804560826e-22, 1.28247487731e-21, 1.89262135132e-21],
        "var": [1.92712354874e-06, 0.000306872854708, 7.65841978136e-05, 1.38064688144e-05, 2.69820811809e-05, 2.41645420829e-06, 2.3566190066e-06, 8.37620348193e-07, 2.30038017435e-06, 8.81753067006e-07, 9.28810152345e-07, 1.67001485352e-06, 5.20705441431e-07, 7.92701484897e-07, 6.7574529794e-07, 2.820575844e-07, 3.55889312686e-07, 3.11675194098e-07, 5.26867893313e-07, 4.02045088777e-07, 4.61233412352e-07, 3.23827521242e-07, 2.21677566969e-07, 1.98108381255e-07, 1.4058187503e-07, 8.43545393536e-08, 3.51544193755e-09]
    },
    "erbbands": {
        "dmean": [0.172357797623, 1.70576691628, 4.7078666687, 5.04245471954, 8.20991325378, 6.27109241486, 5.09407520294, 6.59207868576, 5.6816906929, 8.35367298126, 9.39752578735, 11.335940361, 17.6308670044, 11.1171865463, 12.4244403839, 14.4249677658, 13.7383699417, 17.3246746063, 14.8581380844, 16.3989257812, 14.9847736359, 15.149939537, 15.2549161911, 17.4897232056, 16.5798091888, 15.6804447174, 15.1454229355, 12.0899381638, 9.18442726135, 6.43171453476, 5.70319747925, 4.42185020447, 2.99821662903, 1.77070105076, 0.969248652458, 0.478564620018, 0.16324198246, 0.0403220430017, 0.00452780351043, 7.0630281698e-05],
        "dmean2": [0.236001893878, 2.48199033737, 7.89335536957, 9.0105714798, 14.4094429016, 11.1722288132, 8.94226646423, 10.9526729584, 9.37236595154, 13.6579675674, 15.9746141434, 19.2623195648, 28.9989681244, 18.1880054474, 20.2280216217, 23.6169757843, 22.8584804535, 28.6104393005, 24.236076355, 26.9753551483, 24.7809123993, 25.9729537964, 25.4511203766, 29.2404747009, 28.0306072235, 25.9109764099, 24.9806003571, 20.1081962585, 15.1995449066, 10.3125038147, 9.28847694397, 7.08742046356, 4.75824689865, 2.77871847153, 1.51877522469, 0.727084994316, 0.247870117426, 0.0634575486183, 0.00763966143131, 0.0001133052574],
        "dvar": [0.102667339146, 12.2536487579, 117.267288208, 150.159622192, 550.080322266, 247.957214355, 138.827026367, 126.110694885, 159.997055054, 294.467224121, 284.725372314, 385.740783691, 966.253356934, 396.632537842, 424.927185059, 602.040222168, 515.483215332, 1026.41748047, 557.363220215, 848.690490723, 542.67755127, 827.253845215, 493.271759033, 553.884887695, 618.087097168, 463.205200195, 450.051116943, 365.717407227, 221.13180542, 109.098724365, 82.7696075439, 44.418800354, 21.8800086975, 8.3261089325, 3.70390152931, 0.857501327991, 0.164136350155, 0.00504177389666, 7.96999593149e-05, 1.54751909065e-08],
        "dvar2": [0.167139917612, 23.8857326508, 300.154174805, 419.314361572, 1443.51660156, 697.047607422, 391.805938721, 327.446868896, 406.092224121, 736.155334473, 766.838684082, 1027.22570801, 2456.48046875, 936.904296875, 1011.53326416, 1526.84790039, 1327.67858887, 2540.44238281, 1333.66149902, 2093.85180664, 1367.16394043, 2249.71264648, 1277.22363281, 1468.6887207, 1651.32971191, 1229.13232422, 1177.0234375, 974.641723633, 584.635314941, 269.417663574, 210.152038574, 108.02809906, 54.0527420044, 19.0615386963, 9.18044948578, 1.87476527691, 0.375524133444, 0.011743475683, 0.000220472284127, 4.00185022897e-08],
        "max": [3.55373191833, 28.155330658, 76.0689697266, 98.9509124756, 441.785644531, 216.90171814, 171.245819092, 158.402648926, 397.862548828, 326.059906006, 280.545898438, 329.387969971, 666.964904785, 442.458679199, 388.991973877, 560.174316406, 410.399108887, 865.246582031, 494.265258789, 636.023742676, 506.649810791, 820.051940918, 384.516387939, 345.824066162, 336.625488281, 244.238067627, 524.236755371, 214.021728516, 268.364685059, 254.869476318, 214.947723389, 90.571395874, 53.4455566406, 45.4409828186, 79.2051010132, 27.7461700439, 17.7861042023, 2.32754802704, 0.11642973125, 0.00224665924907],
        "mean": [0.393869072199, 2.38629198074, 4.95179224014, 5.00975322723, 8.90218257904, 6.86685991287, 5.97345304489, 10.0589160919, 8.82722568512, 13.4350919724, 12.5754547119, 16.6180667877, 26.6177425385, 19.1385726929, 23.7974815369, 25.837846756, 22.7084732056, 28.6686916351, 25.9645404816, 27.9329452515, 25.1038360596, 23.6733360291, 28.4561691284, 35.9993782043, 32.3540000916, 32.3172187805, 31.6381320953, 23.8300495148, 19.4567642212, 15.0533590317, 12.4575681686, 9.56735897064, 6.28521490097, 3.86858582497, 2.03543591499, 0.946803092957, 0.331815898418, 0.0793245583773, 0.00631844298914, 0.000145979895024],
        "median": [0.0604103915393, 1.05625128746, 1.97199225426, 1.86379003525, 2.89547967911, 2.95403862, 2.75181722641, 4.27681112289, 4.09273338318, 5.40110349655, 6.45217657089, 8.44578647614, 12.7510986328, 10.2781457901, 12.3140888214, 13.8768825531, 13.3311672211, 15.2082901001, 15.3756437302, 16.7461051941, 16.5463294983, 15.3969326019, 21.3810997009, 27.5585250854, 23.9815349579, 25.1804847717, 24.8832244873, 17.2504367828, 13.603020668, 10.7463569641, 8.82392120361, 6.61044931412, 4.00133323669, 2.37490367889, 1.17581605911, 0.49064078927, 0.161638855934, 0.0340254530311, 0.00170901254751, 8.58281709952e-05],
        "min": [4.09541872111e-23, 9.3727186954e-22, 2.10145880854e-21, 2.57641840379e-21, 8.85286819411e-21, 2.15339314943e-20, 3.35977403429e-20, 6.85013339167e-20, 1.05763519916e-19, 1.13537402087e-19, 2.16338995025e-19, 3.36916505456e-19, 5.58802276401e-19, 8.61668977615e-19, 7.67997545785e-19, 1.02582793326e-18, 1.62700377731e-18, 1.95152689414e-18, 2.34835107658e-18, 2.12113428169e-18, 3.03501210783e-18, 4.58044398602e-18, 4.73294672606e-18, 6.14236777767e-18, 6.78410111434e-18, 7.96118160754e-18, 8.62632084682e-18, 9.57462303493e-18, 9.42227621843e-18, 1.04554157045e-17, 1.03527849244e-17, 1.01263334783e-17, 9.05999427119e-18, 7.54281019733e-18, 5.81778500044e-18, 3.51589976079e-18, 2.15607314999e-18, 1.02347439762e-18, 2.26705519729e-19, 2.71407781748e-20],
        "var": [0.312224447727, 17.6236858368, 99.4901428223, 105.694297791, 446.650695801, 187.622131348, 113.166793823, 226.06628418, 262.007354736, 631.675292969, 342.502746582, 647.405029297, 1806.12011719, 1038.72644043, 1255.7199707, 1483.94921875, 967.31427002, 1883.27575684, 1232.97460938, 1631.87121582, 899.303894043, 1236.58825684, 850.742980957, 1270.0489502, 1051.61999512, 907.618652344, 923.588867188, 626.967895508, 451.085144043, 264.38482666, 178.92640686, 101.260162354, 48.7196311951, 20.7730998993, 6.9957485199, 1.91948306561, 0.2821367383, 0.0110503183678, 0.000102665289887, 2.85928738464e-08]
    },
    "gfcc": {
        "mean": [9.24740600586, 45.1505775452, -104.755363464, 38.3074493408, -54.1203575134, 20.5658340454, -28.9533348083, 12.0073804855, -25.7101211548, 6.08179759979, -16.8339672089, 1.37630569935, -13.0429077148],
        "cov": [[40315.2226562, -1365.28100586, -1902.86657715, 1804.61035156, -256.169433594, 854.006774902, -567.615844727, 925.929138184, -660.057250977, 439.072601318, -658.364501953, 383.669372559, -619.239685059], [-1365.28100586, 2051.28222656, 40.8200721741, -38.9316596985, 44.4331474304, -166.586975098, 143.475219727, -181.421157837, 52.7757873535, -190.980941772, 56.0403366089, -150.038009644, 79.3345489502], [-1902.86657715, 40.8200721741, 964.184143066, 197.762283325, 427.261932373, 104.999298096, 208.910858154, 50.9587745667, 113.832138062, 44.2097091675, 19.4754867554, 59.7447853088, 31.4644451141], [1804.61035156, -38.9316596985, 197.762283325, 425.800018311, 175.102249146, 161.864379883, 62.2589035034, 103.884727478, 39.3543205261, 59.7100982666, -21.8495025635, 52.0638237, -2.79566407204], [-256.169433594, 44.4331474304, 427.261932373, 175.102249146, 438.188140869, 140.346679688, 198.874984741, 84.6876525879, 90.0667648315, 39.7060585022, 13.1862974167, 41.8161087036, 12.1379079819], [854.006774902, -166.586975098, 104.999298096, 161.864379883, 140.346679688, 237.475250244, 102.692008972, 95.7719345093, 36.8078689575, 62.2626228333, 2.04042053223, 45.2432632446, 1.30600678921], [-567.615844727, 143.475219727, 208.910858154, 62.2589035034, 198.874984741, 102.692008972, 212.548904419, 65.6396331787, 77.9730987549, 15.8297252655, 39.1172866821, 18.040430069, 27.4426326752], [925.929138184, -181.421157837, 50.9587745667, 103.884727478, 84.6876525879, 95.7719345093, 65.6396331787, 154.452529907, 51.387676239, 69.4508743286, 16.9096755981, 51.8803100586, -2.17459797859], [-660.057250977, 52.7757873535, 113.832138062, 39.3543205261, 90.0667648315, 36.8078689575, 77.9730987549, 51.387676239, 118.406265259, 41.8167915344, 48.346321106, 19.425069809, 30.1367511749], [439.072601318, -190.980941772, 44.2097091675, 59.7100982666, 39.7060585022, 62.2626228333, 15.8297252655, 69.4508743286, 41.8167915344, 111.022369385, 47.8638801575, 55.7104034424, 3.00263857841], [-658.364501953, 56.0403366089, 19.4754867554, -21.8495025635, 13.1862974167, 2.04042053223, 39.1172866821, 16.9096755981, 48.346321106, 47.8638801575, 109.443267822, 33.9104347229, 29.0346126556], [383.669372559, -150.038009644, 59.7447853088, 52.0638237, 41.8161087036, 45.2432632446, 18.040430069, 51.8803100586, 19.425069809, 55.7104034424, 33.9104347229, 89.1328735352, 23.9156513214], [-619.239685059, 79.3345489502, 31.4644451141, -2.79566407204, 12.1379079819, 1.30600678921, 27.4426326752, -2.17459797859, 30.1367511749, 3.00263857841, 29.0346126556, 23.9156513214, 70.760269165]],
        "icov": [[8.60136278789e-05, -0.000111337503768, 0.000217971202801, -0.000257504289038, -3.92969523091e-05, -6.26840264886e-05, 0.000113372421765, -0.000402593519539, 0.000418467825511, -0.000320091028698, 0.000483927753521, -0.000509422039613, 0.000530979072209], [-0.000111337503768, 0.00103081238922, -0.000154074659804, -0.000223538605496, 1.26923041535e-05, 0.000697132083587, -0.00101404637098, 0.00121480540838, -0.000785737065598, 0.00149603723548, -0.00155484327115, 0.00177540187724, -0.00134572014213], [0.000217971202801, -0.000154074659804, 0.00260220351629, -0.00111327832565, -0.00174738222267, 0.000545534479897, -0.000579389277846, 0.000227427532081, 0.000290880125249, -0.00113132072147, 0.00175520102493, -0.00214450457133, 0.00132925796788], [-0.000257504289038, -0.000223538605496, -0.00111327832565, 0.00495311943814, -0.000685446604621, -0.00207541743293, 0.00149218295701, -0.000445553421741, -0.00138206465635, 0.000151672313223, 0.0001901761716, 0.000423930992838, -0.00138777424581], [-3.92969523091e-05, 1.26923041535e-05, -0.00174738222267, -0.000685446604621, 0.00630008149892, -0.000526115763932, -0.00376181374304, 0.00030361986137, -0.0011491846526, 2.45177725446e-05, 0.000904025684576, -0.000763016636483, 0.00116440583952], [-6.26840264886e-05, 0.000697132083587, 0.000545534479897, -0.00207541743293, -0.000526115763932, 0.00902479421347, -0.00462090875953, -0.000238962340518, 0.000837220926769, -0.00269398209639, 0.00127847352996, 0.000260071305092, -0.000801046495326], [0.000113372421765, -0.00101404637098, -0.000579389277846, 0.00149218295701, -0.00376181374304, -0.00462090875953, 0.0139910178259, -0.00475673004985, -0.00169834285043, 0.00371864275075, -0.00301788235083, 0.000793998711742, -0.000860547879711], [-0.000402593519539, 0.00121480540838, 0.000227427532081, -0.000445553421741, 0.00030361986137, -0.000238962340518, -0.00475673004985, 0.0163212586194, -0.00596052501351, -0.00251029571518, 0.000185191573109, -0.00202190713026, 0.000547247298528], [0.000418467825511, -0.000785737065598, 0.000290880125249, -0.00138206465635, -0.0011491846526, 0.000837220926769, -0.00169834285043, -0.00596052501351, 0.0186620503664, -0.00607191585004, -0.00131630874239, 0.0024381862022, -0.00295818201266], [-0.000320091028698, 0.00149603723548, -0.00113132072147, 0.000151672313223, 2.45177725446e-05, -0.00269398209639, 0.00371864275075, -0.00251029571518, -0.00607191585004, 0.0244900211692, -0.0106833968312, -0.00376065797172, 0.00175822444726], [0.000483927753521, -0.00155484327115, 0.00175520102493, 0.0001901761716, 0.000904025684576, 0.00127847352996, -0.00301788235083, 0.000185191573109, -0.00131630874239, -0.0106833968312, 0.0208276826888, -0.00787495449185, 0.00133214052767], [-0.000509422039613, 0.00177540187724, -0.00214450457133, 0.000423930992838, -0.000763016636483, 0.000260071305092, 0.000793998711742, -0.00202190713026, 0.0024381862022, -0.00376065797172, -0.00787495449185, 0.0270003322512, -0.012495432049], [0.000530979072209, -0.00134572014213, 0.00132925796788, -0.00138777424581, 0.00116440583952, -0.000801046495326, -0.000860547879711, 0.000547247298528, -0.00295818201266, 0.00175822444726, 0.00133214052767, -0.012495432049, 0.0246693324298]]
    },
    "melbands": {
        "dmean": [0.00166862108745, 0.00219416548498, 0.00097546208417, 0.000526707968675, 0.000191340703168, 0.00014393570018, 9.16399731068e-05, 9.20913516893e-05, 7.30510655558e-05, 8.23903028504e-05, 8.88216527528e-05, 4.45910227427e-05, 4.1840114136e-05, 5.28570235474e-05, 2.88926676149e-05, 3.47955974576e-05, 3.29899521603e-05, 2.5746623578e-05, 2.60403776338e-05, 1.96716573555e-05, 1.80965398613e-05, 1.60001636687e-05, 1.63874719874e-05, 1.46908278111e-05, 1.52550792336e-05, 1.49325906023e-05, 1.11942326839e-05, 1.13869409688e-05, 1.09655857159e-05, 8.87625355972e-06, 6.88943191562e-06, 5.86205396758e-06, 4.51319374406e-06, 3.64560014532e-06, 3.47001628143e-06, 3.33894126925e-06, 2.78030802292e-06, 2.29232159654e-06, 1.8881385131e-06, 1.5069872461e-06],
        "dmean2": [0.00232345750555, 0.0033678682521, 0.00172203371767, 0.000931409245823, 0.000339019141393, 0.000239347689785, 0.000150539708557, 0.000150888270582, 0.000125320104416, 0.000138879622682, 0.000145855170558, 7.3081748269e-05, 6.8062072387e-05, 8.51276054163e-05, 4.7866928071e-05, 5.79494771955e-05, 5.44427566638e-05, 4.24389145337e-05, 4.24632853537e-05, 3.28769710904e-05, 3.00023493764e-05, 2.73485238722e-05, 2.81234042632e-05, 2.44895363721e-05, 2.55309732893e-05, 2.55332925008e-05, 1.87265377463e-05, 1.8794209609e-05, 1.82069288712e-05, 1.4868686776e-05, 1.15216953418e-05, 9.79822107183e-06, 7.39965116736e-06, 5.89039518673e-06, 5.71375312575e-06, 5.46998990103e-06, 4.49564277005e-06, 3.72656018044e-06, 2.98941358778e-06, 2.38917596107e-06],
        "dvar": [9.85891438177e-06, 2.03732397495e-05, 5.20299727214e-06, 2.09677318708e-06, 2.00122627803e-07, 5.93950346683e-08, 3.74347166598e-08, 3.09658680919e-08, 1.74431384892e-08, 2.02357899326e-08, 2.43760158725e-08, 6.57592558184e-09, 5.03930053242e-09, 1.02472990093e-08, 2.24332707965e-09, 3.73320974134e-09, 3.75704978239e-09, 1.77756576125e-09, 3.02457525692e-09, 9.76977720946e-10, 8.32262814221e-10, 9.92376070208e-10, 7.21152138006e-10, 4.44155073831e-10, 4.37562958089e-10, 5.18820209017e-10, 2.38417868781e-10, 2.48900872135e-10, 2.34134794885e-10, 1.74470701775e-10, 1.09646680624e-10, 9.03471811253e-11, 5.04961489289e-11, 3.48987262699e-11, 3.11925797691e-11, 2.3858035339e-11, 1.81830869805e-11, 1.24157004122e-11, 9.00288090605e-12, 5.96209323231e-12],
        "dvar2": [1.67846665136e-05, 4.44470206276e-05, 1.42193584907e-05, 5.57314388061e-06, 5.68419011415e-07, 1.54372145289e-07, 9.34403558972e-08, 7.81029854124e-08, 4.75218193685e-08, 5.29288328721e-08, 6.18958679866e-08, 1.56406461116e-08, 1.19588801084e-08, 2.45686866407e-08, 5.4345270506e-09, 9.70980629234e-09, 9.19695075652e-09, 4.18964862803e-09, 7.28259452742e-09, 2.51174570032e-09, 2.07303596511e-09, 2.67418887034e-09, 1.97379335098e-09, 1.14311937693e-09, 1.16632048464e-09, 1.39461964199e-09, 6.31338925583e-10, 6.66419308626e-10, 6.26557250527e-10, 4.68768024398e-10, 2.90016233251e-10, 2.44781972469e-10, 1.28653823706e-10, 8.76366340608e-11, 8.14167899765e-11, 5.95166693707e-11, 4.49306182537e-11, 3.11214214122e-11, 2.15476976539e-11, 1.40121395389e-11],
        "max": [0.0256603658199, 0.0357455350459, 0.0232026707381, 0.023332009092, 0.00676005100831, 0.00324688805267, 0.00544621050358, 0.00319654191844, 0.00197158567607, 0.00287571386434, 0.00332491542213, 0.00183403037954, 0.00146794575267, 0.00251858844422, 0.00142134318594, 0.00127184158191, 0.00158688053489, 0.00104156311136, 0.00176440842915, 0.000621848972514, 0.00072574353544, 0.00112992397044, 0.000403999438277, 0.000489154364914, 0.000358452554792, 0.000335321761668, 0.000197905610548, 0.000186201068573, 0.00030674986192, 0.000174199289177, 0.000134774600156, 0.000180753297172, 0.000123432706459, 0.000146416568896, 0.000133026478579, 8.4480154328e-05, 5.6293902162e-05, 4.16695111198e-05, 4.8096433602e-05, 3.93094378524e-05],
        "mean": [0.00333901122212, 0.00286120874807, 0.0010429029353, 0.000576451828238, 0.000225067022257, 0.000218786532059, 0.000147007289343, 0.000147341517732, 9.41340113059e-05, 0.000121660268633, 0.000132329485496, 7.24228302715e-05, 7.67956735217e-05, 9.23645056901e-05, 4.59196526208e-05, 5.43367095815e-05, 5.2281691751e-05, 4.12445624534e-05, 4.19605457864e-05, 3.09774004563e-05, 2.8735908927e-05, 2.38071934291e-05, 2.41788384301e-05, 2.69835763902e-05, 2.94204110105e-05, 2.64386835624e-05, 2.08375877264e-05, 2.14978008444e-05, 2.11010592466e-05, 1.61613188538e-05, 1.27848779812e-05, 1.13794794743e-05, 9.32290276978e-06, 7.9550600276e-06, 7.0651299211e-06, 6.75989713272e-06, 5.51699440621e-06, 4.51043570138e-06, 3.75957529286e-06, 3.10210725729e-06],
        "median": [0.000914656033274, 0.00137177016586, 0.000416641996708, 0.000246489478741, 0.000105273124063, 9.52967093326e-05, 6.60137593513e-05, 6.57686468912e-05, 4.67152058263e-05, 5.73849356442e-05, 6.21783401584e-05, 3.75204836018e-05, 3.76502721338e-05, 3.87426043744e-05, 2.55762752204e-05, 2.91991254926e-05, 2.61622481048e-05, 2.18690438487e-05, 2.352156298e-05, 1.89738384506e-05, 1.82336589205e-05, 1.43743563967e-05, 1.62006544997e-05, 2.00629074243e-05, 2.11565238715e-05, 1.76382454811e-05, 1.50132245835e-05, 1.62022006407e-05, 1.59912742674e-05, 1.16012042781e-05, 8.87817896e-06, 7.66033463151e-06, 6.38792971586e-06, 5.52170604351e-06, 4.91914852319e-06, 4.64587947135e-06, 3.66070298696e-06, 2.88521528091e-06, 2.2983620056e-06, 1.87004320651e-06],
        "min": [8.2655341883e-25, 1.09346603453e-24, 5.88209696635e-25, 9.62002068851e-25, 1.48013912482e-24, 1.80064443593e-24, 1.58053646615e-24, 1.80255347932e-24, 2.34925183601e-24, 2.10129076539e-24, 2.95634065043e-24, 2.9994493351e-24, 2.7443218576e-24, 2.57092273645e-24, 2.47586637788e-24, 3.0023414964e-24, 2.83374259386e-24, 3.21439756291e-24, 1.87158590827e-24, 3.18815945756e-24, 2.58999542098e-24, 4.39139183857e-24, 3.37847313702e-24, 4.09992903333e-24, 3.77027037193e-24, 3.67758434316e-24, 4.75175257197e-24, 5.05896735177e-24, 4.11504558043e-24, 4.56082180607e-24, 4.88726743701e-24, 4.3622367228e-24, 5.28752402183e-24, 4.93682249578e-24, 5.43124422357e-24, 4.8931282791e-24, 5.69189057198e-24, 6.51854304215e-24, 5.80126416433e-24, 5.72783225811e-24],
        "var": [2.23334718612e-05, 2.51396777458e-05, 3.91880666939e-06, 1.6625592707e-06, 1.56294376552e-07, 1.05597017352e-07, 7.28719697918e-08, 6.19325106754e-08, 1.95208187392e-08, 3.90560224162e-08, 4.57623272609e-08, 1.57160240377e-08, 1.48039740466e-08, 3.05569933801e-08, 4.78647255164e-09, 6.00818239604e-09, 6.92972523808e-09, 4.06712041823e-09, 5.59225998842e-09, 1.60294577611e-09, 1.34543620689e-09, 1.79105530407e-09, 8.23609735967e-10, 8.12179323795e-10, 9.69304414511e-10, 8.89069762255e-10, 4.35658842335e-10, 4.48242720719e-10, 4.4452075354e-10, 2.87411816569e-10, 1.94524243935e-10, 1.65940219898e-10, 1.0643432663e-10, 7.99844634969e-11, 6.15443737639e-11, 5.18661676108e-11, 3.69182046045e-11, 2.57298227863e-11, 1.99517867505e-11, 1.40296628481e-11]
    },
    "mfcc": {
        "mean": [-620.03125, 76.5443344116, 6.43509626389, 23.2597789764, 2.90784072876, 9.97075271606, 8.59179115295, 6.04878616333, 2.06744098663, 5.4079003334, 0.033729698509, 0.988318502903, -1.37267374992],
        "cov": [[15863.9208984, -115.430412292, -293.730255127, 571.932861328, 325.277526855, 317.271240234, 238.17364502, 216.722640991, 116.38885498, 203.725112915, 79.082862854, -0.0257451124489, -60.0991401672], [-115.430412292, 1453.81494141, 95.4004135132, 139.429550171, -39.2405738831, -4.29277944565, 26.1703186035, 18.3338623047, -11.5162582397, -26.6900367737, -49.3191757202, -9.97676277161, -24.0691661835], [-293.730255127, 95.4004135132, 448.367126465, 181.106842041, 136.719039917, 119.150856018, 69.0200042725, 66.8589248657, 70.1403427124, 10.1117038727, 36.434047699, 26.1239585876, 22.3044662476], [571.932861328, 139.429550171, 181.106842041, 288.07434082, 142.653884888, 107.29019165, 61.5846366882, 69.7600784302, 67.2252578735, 32.0367507935, 27.8039855957, 21.4768352509, 13.6360416412], [325.277526855, -39.2405738831, 136.719039917, 142.653884888, 202.316070557, 123.61089325, 77.0444259644, 70.8410415649, 73.9975891113, 43.2142906189, 40.0593605042, 27.4714775085, 17.3620986938], [317.271240234, -4.29277944565, 119.150856018, 107.29019165, 123.61089325, 194.772613525, 98.8143692017, 84.8970870972, 80.1064758301, 37.5768699646, 47.6824493408, 15.1775379181, 23.0166835785], [238.17364502, 26.1703186035, 69.0200042725, 61.5846366882, 77.0444259644, 98.8143692017, 143.804641724, 82.9471740723, 55.3886489868, 49.1649551392, 34.8446502686, 26.1911010742, 21.5037918091], [216.722640991, 18.3338623047, 66.8589248657, 69.7600784302, 70.8410415649, 84.8970870972, 82.9471740723, 122.607215881, 77.4227142334, 47.5816345215, 34.5581283569, 16.8537197113, 17.1672725677], [116.38885498, -11.5162582397, 70.1403427124, 67.2252578735, 73.9975891113, 80.1064758301, 55.3886489868, 77.4227142334, 108.910301208, 47.6716537476, 32.8795013428, 14.8033189774, 11.331577301], [203.725112915, -26.6900367737, 10.1117038727, 32.0367507935, 43.2142906189, 37.5768699646, 49.1649551392, 47.5816345215, 47.6716537476, 87.1165008545, 44.3081283569, 26.2711830139, 15.9081325531], [79.082862854, -49.3191757202, 36.434047699, 27.8039855957, 40.0593605042, 47.6824493408, 34.8446502686, 34.5581283569, 32.8795013428, 44.3081283569, 79.9610595703, 37.7595367432, 25.2707366943], [-0.0257451124489, -9.97676277161, 26.1239585876, 21.4768352509, 27.4714775085, 15.1775379181, 26.1911010742, 16.8537197113, 14.8033189774, 26.2711830139, 37.7595367432, 73.6339263916, 39.8178596497], [-60.0991401672, -24.0691661835, 22.3044662476, 13.6360416412, 17.3620986938, 23.0166835785, 21.5037918091, 17.1672725677, 11.331577301, 15.9081325531, 25.2707366943, 39.8178596497, 65.6648254395]],
