{
"lowlevel": {
    "average_loudness": 0.836561918259,
    "barkbands_crest": {
        "dmean": 3.67973542213,
        "dmean2": 5.74994182587,
        "dvar": 12.7428064346,
        "dvar2": 28.7187328339,
        "max": 26.941783905,
        "mean": 15.0774612427,
        "median": 15.379743576,
        "min": 2.1176674366,
        "var": 38.8959617615
    },
    "barkbands_flatness_db": {
        "dmean": 0.0525851510465,
        "dmean2": 0.0814511552453,
        "dvar": 0.00382582540624,
        "dvar2": 0.00786950532347,
        "max": 0.803129792213,
        "mean": 0.215655982494,
        "median": 0.180398672819,
        "min": 0.015926277265,
        "var": 0.0208419244736
    },
    "barkbands_kurtosis": {
        "dmean": 41.7179222107,
        "dmean2": 67.6008224487,
        "dvar": 18811.5253906,
        "dvar2": 41214.2617188,
        "max": 4085.03491211,
        "mean": 44.427772522,
        "median": 6.67243289948,
        "min": -1.91914963722,
        "var": 21219.2109375
    },
    "barkbands_skewness": {
        "dmean": 2.15729999542,
        "dmean2": 3.33518719673,
        "dvar": 9.35550403595,
        "dvar2": 19.5533924103,
        "max": 47.8654899597,
        "mean": 3.60165452957,
        "median": 2.41353082657,
        "min": -12.3051376343,
        "var": 20.074005127
    },
    "barkbands_spread": {
        "dmean": 12.4585428238,
        "dmean2": 20.1305847168,
        "dvar": 241.135055542,
        "dvar2": 571.748779297,
        "max": 125.048713684,
        "mean": 24.8040027618,
        "median": 15.598575592,
        "min": 0.0341378524899,
        "var": 590.337402344
    },
    "dissonance": {
        "dmean": 0.0197969786823,
        "dmean2": 0.0338542237878,
        "dvar": 0.00139326229692,
        "dvar2": 0.00406340416521,
        "max": 0.500000298023,
        "mean": 0.46943667531,
        "median": 0.487379252911,
        "min": 0.0206978861243,
        "var": 0.00309766549617
    },
    "dynamic_complexity": 6.260222435,
    "erbbands_crest": {
        "dmean": 2.79133200645,
        "dmean2": 4.56286287308,
        "dvar": 10.2237663269,
        "dvar2": 24.1096286774,
        "max": 31.3503875732,
        "mean": 7.94274616241,
        "median": 5.74249458313,
        "min": 1.98499512672,
        "var": 27.7803554535
    },
    "erbbands_flatness_db": {
        "dmean": 0.0255536418408,
        "dmean2": 0.0397970043123,
        "dvar": 0.00115186406765,
        "dvar2": 0.00279396516271,
        "max": 0.597447037697,
        "mean": 0.151403546333,
        "median": 0.101017326117,
        "min": 0.03363404423,
        "var": 0.0136143891141
    },
    "erbbands_kurtosis": {
        "dmean": 3.68261837959,
        "dmean2": 6.0418138504,
        "dvar": 137.751083374,
        "dvar2": 308.101287842,
        "max": 236.749755859,
        "mean": 3.16505861282,
        "median": -0.175830364227,
        "min": -1.86032021046,
        "var": 206.547332764
    },
    "erbbands_skewness": {
        "dmean": 0.763476192951,
        "dmean2": 1.21712470055,
        "dvar": 1.0025895834,
        "dvar2": 2.28195166588,
        "max": 11.6602087021,
        "mean": 0.122013129294,
        "median": -0.259479135275,
        "min": -8.61532115936,
        "var": 2.37361454964
    },
    "erbbands_spread": {
        "dmean": 19.0933971405,
        "dmean2": 30.0152683258,
        "dvar": 466.58303833,
        "dvar2": 1189.39025879,
        "max": 198.693008423,
        "mean": 60.0978012085,
        "median": 57.8586845398,
        "min": 0.335082620382,
        "var": 1438.27185059
    },
    "hfc": {
        "dmean": 20.0890026093,
        "dmean2": 32.1030082703,
        "dvar": 844.633239746,
        "dvar2": 2103.45214844,
        "max": 378.547180176,
        "mean": 33.1042060852,
        "median": 16.2393474579,
        "min": 1.05967143659e-16,
        "var": 1717.73779297
    },
    "melbands_crest": {
        "dmean": 4.53684329987,
        "dmean2": 7.51400375366,
        "dvar": 21.1191711426,
        "dvar2": 52.8071022034,
        "max": 38.4426422119,
        "mean": 21.2019748688,
        "median": 21.7897033691,
        "min": 1.60243046284,
        "var": 65.101348877
    },
    "melbands_flatness_db": {
        "dmean": 0.0632127299905,
        "dmean2": 0.0981736704707,
        "dvar": 0.00557574443519,
        "dvar2": 0.0116316145286,
        "max": 0.978366792202,
        "mean": 0.302661627531,
        "median": 0.273361951113,
        "min": 0.00317543698475,
        "var": 0.0319357775152
    },
    "melbands_kurtosis": {
        "dmean": 74.731048584,
        "dmean2": 121.827537537,
        "dvar": 22679.9941406,
        "dvar2": 54515.7226562,
        "max": 2491.30664062,
        "mean": 103.975372314,
        "median": 33.5387229919,
        "min": -1.95052695274,
        "var": 30813.2714844
    },
    "melbands_skewness": {
        "dmean": 2.57646417618,
        "dmean2": 4.06224155426,
        "dvar": 11.5593118668,
        "dvar2": 27.8663043976,
        "max": 40.8750076294,
        "mean": 6.25299406052,
        "median": 5.10230445862,
        "min": -10.390376091,
        "var": 28.1737651825
    },
    "melbands_spread": {
        "dmean": 11.685634613,
        "dmean2": 19.1504383087,
        "dvar": 398.462432861,
        "dvar2": 970.48425293,
        "max": 257.636505127,
        "mean": 21.5485668182,
        "median": 8.32846546173,
        "min": 0.126953586936,
        "var": 973.487548828
    },
    "pitch_salience": {
        "dmean": 0.123495131731,
        "dmean2": 0.194537624717,
        "dvar": 0.0164045672864,
        "dvar2": 0.0385077595711,
        "max": 0.994481027126,
        "mean": 0.431383281946,
        "median": 0.421770662069,
        "min": 0.0209213402122,
        "var": 0.0454494692385
    },
    "silence_rate_20dB": {
        "dmean": 0,
        "dmean2": 0,
        "dvar": 0,
        "dvar2": 0,
        "max": 1,
        "mean": 1,
        "median": 1,
        "min": 1,
        "var": 0
    },
    "silence_rate_30dB": {
        "dmean": 0.0942371711135,
        "dmean2": 0.188490852714,
        "dvar": 0.085372261703,
        "dvar2": 0.175033077598,
        "max": 1,
        "mean": 0.847797513008,
        "median": 1,
        "min": 0,
        "var": 0.129049703479
    },
    "silence_rate_60dB": {
        "dmean": 0.0310036782175,
        "dmean2": 0.0620127879083,
        "dvar": 0.0300353299826,
        "dvar2": 0.0721811503172,
        "max": 1,
        "mean": 0.229617297649,
        "median": 0,
        "min": 0,
        "var": 0.176903098822
    },
    "spectral_centroid": {
        "dmean": 532.750061035,
        "dmean2": 862.487976074,
        "dvar": 424972.0625,
        "dvar2": 1000975.8125,
        "max": 11764.1962891,
        "mean": 1693.30944824,
        "median": 1519.90942383,
        "min": 65.9870300293,
        "var": 2138321.75
    },
    "spectral_complexity": {
        "dmean": 6.26396894455,
        "dmean2": 10.1149168015,
        "dvar": 80.7300643921,
        "dvar2": 178.66734314,
        "max": 61,
        "mean": 14.7118835449,
        "median": 8,
        "min": 0,
        "var": 224.818695068
    },
    "spectral_decrease": {
        "dmean": 5.02887909093e-09,
        "dmean2": 7.76664244029e-09,
        "dvar": 4.67120637873e-17,
        "dvar2": 1.14614675071e-16,
        "max": 1.00620856092e-09,
        "mean": -1.31970798734e-08,
        "median": -1.11989058027e-08,
        "min": -6.01599339234e-08,
        "var": 1.59886137647e-16
    },
    "spectral_energy": {
        "dmean": 0.0194243267179,
        "dmean2": 0.0296869110316,
        "dvar": 0.000652449263725,
        "dvar2": 0.0016108652344,
        "max": 0.231904730201,
        "mean": 0.0528115108609,
        "median": 0.0463973581791,
        "min": 9.90444012707e-21,
        "var": 0.00237152609043
    },
    "spectral_energyband_high": {
        "dmean": 0.00196816120297,
        "dmean2": 0.00321181863546,
        "dvar": 9.49971308728e-06,
        "dvar2": 2.33312803175e-05,
        "max": 0.054276227951,
        "mean": 0.00293851480819,
        "median": 0.000753135012928,
        "min": 6.85683129281e-21,
        "var": 1.9327735572e-05
    },
    "spectral_energyband_low": {
        "dmean": 0.0188119653612,
        "dmean2": 0.0298794787377,
        "dvar": 0.000804354553111,
        "dvar2": 0.00199327478185,
        "max": 0.228168800473,
        "mean": 0.0412307456136,
        "median": 0.0277774073184,
        "min": 1.85702290487e-23,
        "var": 0.00212124525569
    },
    "spectral_energyband_middle_high": {
        "dmean": 0.00169404793996,
        "dmean2": 0.00287839467637,
        "dvar": 1.17270810733e-05,
        "dvar2": 3.06896945403e-05,
        "max": 0.0523135438561,
        "mean": 0.00235082674772,
        "median": 0.000787479104474,
        "min": 1.15844100238e-21,
        "var": 1.55779525812e-05
    },
    "spectral_energyband_middle_low": {
        "dmean": 0.00717579619959,
        "dmean2": 0.0122402403504,
        "dvar": 0.000236693900661,
        "dvar2": 0.000644965446554,
        "max": 0.107972867787,
        "mean": 0.0076865023002,
        "median": 0.00262093218043,
        "min": 1.58473472078e-22,
        "var": 0.00019523393712
    },
    "spectral_entropy": {
        "dmean": 0.319595485926,
        "dmean2": 0.500280201435,
        "dvar": 0.205954551697,
        "dvar2": 0.450198382139,
        "max": 9.83093070984,
        "mean": 7.61086368561,
        "median": 8.0828371048,
        "min": 2.98034501076,
        "var": 1.38653099537
    },
    "spectral_flux": {
        "dmean": 0.0428815707564,
        "dmean2": 0.0603870712221,
        "dvar": 0.00275985663757,
        "dvar2": 0.00479461951181,
        "max": 0.475611150265,
        "mean": 0.111754126847,
        "median": 0.0902686268091,
        "min": 6.35922425829e-11,
        "var": 0.00916340388358
    },
    "spectral_kurtosis": {
        "dmean": 12.354092598,
        "dmean2": 21.3050498962,
        "dvar": 3052.33935547,
        "dvar2": 9574.83984375,
        "max": 1363.73791504,
        "mean": 22.125169754,
        "median": 1.9642791748,
        "min": -1.27923536301,
        "var": 5536.8828125
    },
    "spectral_rms": {
        "dmean": 0.00125467358157,
        "dmean2": 0.00185265159234,
        "dvar": 2.02542582883e-06,
        "dvar2": 4.63576543552e-06,
        "max": 0.0150415599346,
        "mean": 0.00600479962304,
        "median": 0.00672797998413,
        "min": 3.10851539821e-12,
        "var": 1.54657955136e-05
    },
    "spectral_rolloff": {
        "dmean": 984.310241699,
        "dmean2": 1657.26513672,
        "dvar": 3237954.75,
        "dvar2": 7992169.5,
        "max": 19745.9472656,
        "mean": 1929.72338867,
        "median": 236.865234375,
        "min": 43.06640625,
        "var": 10550049
    },
    "spectral_skewness": {
        "dmean": 0.576577842236,
        "dmean2": 0.953786015511,
        "dvar": 1.79141688347,
        "dvar2": 4.99971628189,
        "max": 29.7001972198,
        "mean": 2.20775270462,
        "median": 1.17055952549,
        "min": -0.46441462636,
        "var": 9.66259384155
    },
    "spectral_spread": {
        "dmean": 1093041.375,
        "dmean2": 1720031.75,
        "dvar": 1.91603487539e+12,
        "dvar2": 4.26324420198e+12,
        "max": 53686440,
        "mean": 6438283.5,
        "median": 6618413.5,
        "min": 79334.7890625,
        "var": 2.12486523453e+13
    },
    "spectral_strongpeak": {
        "dmean": 0.248143032193,
        "dmean2": 0.400958150625,
        "dvar": 0.435721099377,
        "dvar2": 1.10896682739,
        "max": 36.102897644,
        "mean": 0.493850976229,
        "median": 0.31976261735,
        "min": 0,
        "var": 1.03194963932
    },
    "zerocrossingrate": {
        "dmean": 0.0196353383362,
        "dmean2": 0.023815697059,
        "dvar": 0.000483175303089,
        "dvar2": 0.000639139092527,
        "max": 0.8828125,
        "mean": 0.0725098699331,
        "median": 0.046875,
        "min": 0.00146484375,
        "var": 0.00680184084922
    },
    "barkbands": {
        "dmean": [0.00132381496951, 0.0171887613833, 0.00620373338461, 0.00395613582805, 0.00327361770906, 0.000471290812129, 0.000231990867178, 0.000143759374623, 0.000230806515901, 0.000150507796207, 0.000110452165245, 0.000150342937559, 0.000208096869756, 0.000150221167132, 0.000173975728103, 0.000236309584579, 0.000300723535474, 0.000181322335266, 0.00032744766213, 0.000230520963669, 0.000381959078368, 0.000303503591567, 0.000368567940313, 0.000337709236192, 0.000376984738978, 0.000260548782535, 4.56983034383e-05],
        "dmean2": [0.00174754369073, 0.0283405985683, 0.0111498264596, 0.00745135638863, 0.00539238657802, 0.000841731962282, 0.000413375062635, 0.000247047457378, 0.000387801934266, 0.000249108998105, 0.000183994838153, 0.000259225635091, 0.000358775112545, 0.000254004640738, 0.000294631521683, 0.000415683345636, 0.00053098303033, 0.000304530956782, 0.000584949040785, 0.000390596134821, 0.000689953565598, 0.000487022654852, 0.000600393221248, 0.000539964996278, 0.00060624309117, 0.000424784026109, 7.53343483666e-05],
        "dvar": [3.86930059904e-06, 0.000767922552768, 0.000304545566905, 0.000132515153382, 4.15014510509e-05, 8.16155875327e-07, 3.31005537646e-07, 1.46839482795e-07, 2.37323959595e-07, 1.01691618681e-07, 8.27607280485e-08, 9.80220562496e-08, 3.72361540713e-07, 1.64057397001e-07, 2.31648300542e-07, 4.89036608542e-07, 5.33603554231e-07, 1.40661299497e-07, 6.15425165051e-07, 2.4112600272e-07, 7.04969522758e-07, 3.00022833244e-07, 5.33410627668e-07, 3.62707282875e-07, 3.71145745248e-07, 2.04745916221e-07, 1.84605628561e-08],
        "dvar2": [7.17691045793e-06, 0.00212697614916, 0.000837892817799, 0.000381448044209, 9.50016983552e-05, 2.28097155741e-06, 9.81802145361e-07, 3.48846555198e-07, 5.8026824945e-07, 2.34137161215e-07, 2.19691997927e-07, 2.4538752541e-07, 9.7100109997e-07, 3.26778547333e-07, 5.17567627867e-07, 1.27892451474e-06, 1.39094925089e-06, 3.49493177509e-07, 1.75503726041e-06, 5.85284624322e-07, 1.9921560579e-06, 6.50101355859e-07, 1.29237093915e-06, 8.2291023773e-07, 8.93419610293e-07, 5.02614511788e-07, 3.88276113483e-08],
        "max": [0.0234726369381, 0.203252524137, 0.120489984751, 0.0816815271974, 0.0607900246978, 0.0117036346346, 0.0265228841454, 0.0227020382881, 0.0176758952439, 0.0137106673792, 0.0120706614107, 0.0129067348316, 0.0259275902063, 0.0261938869953, 0.0247694849968, 0.0190816037357, 0.0310802217573, 0.0219567120075, 0.0146961677819, 0.0226022489369, 0.0126682268456, 0.0244308002293, 0.0232188031077, 0.0149568486959, 0.0136149274185, 0.0194122903049, 0.0105764893815],
        "mean": [0.00308083556592, 0.0316339731216, 0.00515801040456, 0.00273642153479, 0.00369868753478, 0.000517077161931, 0.000247840420343, 0.000162995842402, 0.000263133842964, 0.000173053820617, 0.000136763846967, 0.00016854320711, 0.000213744788198, 0.000172308195033, 0.000198967303731, 0.000241616464336, 0.000303860288113, 0.000240523193497, 0.000350327725755, 0.000334270298481, 0.000438185117673, 0.000472314626677, 0.000549849704839, 0.000497863569763, 0.000483521202113, 0.000289448158583, 4.74017688248e-05],
        "median": [0.000543286849279, 0.0171733181924, 0.00105022755452, 0.000440609699581, 0.000625240965746, 0.000153477420099, 8.15884413896e-05, 5.22341797478e-05, 6.54757313896e-05, 5.73025317863e-05, 4.24521058449e-05, 4.48023929494e-05, 4.82095856569e-05, 4.18714262196e-05, 4.92189865327e-05, 5.1353181334e-05, 5.21320980624e-05, 6.2303552113e-05, 8.0761652498e-05, 8.40240099933e-05, 0.00010660092812, 0.000112843481475, 0.000107887892227, 0.000104087434011, 8.9924200438e-05, 6.13360607531e-05, 3.32493323185e-06],
        "min": [6.81387580177e-25, 2.2169649898e-24, 1.32314239405e-24, 5.52561368151e-25, 6.06609147553e-24, 6.11258654286e-24, 6.91912660983e-24, 1.38958653093e-23, 9.68798894411e-24, 1.34097281987e-23, 6.28227801775e-24, 1.64287051939e-23, 3.16954876941e-23, 2.72435858854e-23, 4.80023564767e-23, 5.217774045e-23, 5.87733307479e-23, 8.3930578332e-23, 1.18190864244e-22, 1.82274314356e-22, 1.96724264521e-22, 3.41362126064e-22, 3.7362484577e-22, 5.64926291102e-22, 7.07930238694e-22, 1.17819105022e-21, 1.8924727173e-21],
        "var": [2.02364717552e-05, 0.00147542811465, 0.000198659618036, 7.53545973566e-05, 6.09956114204e-05, 7.28864904431e-07, 3.19592942333e-07, 2.33761781487e-07, 4.11138188383e-07, 1.59091428031e-07, 1.1593545679e-07, 1.5052680169e-07, 4.18581379336e-07, 3.49247159193e-07, 3.91205361439e-07, 4.55344689954e-07, 6.33473973721e-07, 2.3211265443e-07, 5.50605307126e-07, 5.52400251763e-07, 6.66681444272e-07, 8.05083232081e-07, 1.05491903923e-06, 8.36042545416e-07, 6.20464675194e-07, 3.83578537821e-07, 5.93007101202e-08]
    },
    "erbbands": {
        "dmean": [0.617048501968, 3.6526529789, 6.70251655579, 11.018239975, 14.5337333679, 10.420208931, 4.86925125122, 3.6950545311, 3.28589320183, 3.26482844353, 3.43879079819, 5.16629600525, 5.36596250534, 4.1832447052, 4.43757486343, 6.21084165573, 8.79928874969, 7.91702747345, 9.02996063232, 9.25709247589, 13.7995548248, 16.983549118, 10.9188232422, 12.1528482437, 16.8429164886, 11.1771259308, 15.2782945633, 13.8590278625, 12.1047439575, 11.1538295746, 10.5171985626, 7.59390592575, 5.74824714661, 3.68613767624, 3.05003023148, 1.34508597851, 0.451578646898, 0.0939999893308, 0.00688632903621, 0.000124384343508],
        "dmean2": [0.937480151653, 6.05486011505, 11.3126029968, 20.3434524536, 24.3309078217, 18.414100647, 8.76749420166, 6.5433678627, 5.86138057709, 5.73012876511, 5.66060018539, 8.77246284485, 9.12363147736, 6.83595752716, 7.28446006775, 10.6551780701, 15.1326599121, 13.2838392258, 15.5102205276, 15.5284481049, 24.3565387726, 29.9584255219, 18.6445522308, 21.0361938477, 29.9283714294, 19.2369327545, 27.4698429108, 24.6348266602, 19.9180183411, 18.0381031036, 17.4384422302, 12.1685934067, 9.39879608154, 5.89791345596, 4.97384929657, 2.21997308731, 0.73370295763, 0.151992887259, 0.0113084809855, 0.000200245311134],
        "dvar": [0.95402610302, 42.4827041626, 274.879364014, 1061.0949707, 910.040527344, 525.934265137, 113.143493652, 50.95545578, 49.7442016602, 81.1186676025, 89.0811538696, 133.424255371, 124.270568848, 90.3216705322, 134.634124756, 161.639205933, 607.801391602, 514.562561035, 471.444335938, 707.159606934, 1719.7644043, 1673.67993164, 555.14654541, 603.772827148, 1560.86950684, 526.971984863, 1074.51611328, 861.00579834, 540.832092285, 437.263275146, 525.42767334, 224.164031982, 100.445350647, 34.5173606873, 25.5699882507, 6.89190196991, 0.719374597073, 0.0453914031386, 0.000291524163913, 5.75483269927e-08],
        "dvar2": [2.58895492554, 111.588912964, 714.037353516, 3002.15332031, 2355.64770508, 1429.4239502, 317.547088623, 139.235443115, 140.870910645, 225.473587036, 205.617736816, 334.840698242, 290.676635742, 206.818618774, 336.656585693, 411.066558838, 1531.5012207, 998.883972168, 1192.36950684, 1400.31237793, 4634.36572266, 4407.54150391, 1401.0814209, 1654.29553223, 4277.86962891, 1307.92199707, 3021.2902832, 2384.17700195, 1278.15881348, 938.584411621, 1342.49206543, 502.226623535, 239.496170044, 79.4289245605, 63.0724639893, 16.256362915, 1.67066729069, 0.104012489319, 0.000650361238513, 1.31142044779e-07],
        "max": [8.09461688995, 45.9873809814, 122.370376587, 215.185913086, 200.651779175, 213.42401123, 119.950401306, 107.333908081, 216.923126221, 563.719482422, 629.339660645, 441.088989258, 532.314086914, 474.754211426, 695.508117676, 388.332824707, 1193.30834961, 1550.29956055, 935.894897461, 1688.17541504, 1087.56884766, 1587.45275879, 1413.44885254, 512.414794922, 1680.18408203, 783.471252441, 463.305145264, 769.157287598, 967.696411133, 1110.80444336, 542.660217285, 513.251159668, 329.969299316, 162.375457764, 125.02205658, 152.273544312, 54.4671897888, 15.3800430298, 1.29330790043, 0.0155870197341],
        "mean": [1.20641899109, 5.75971031189, 7.22653102875, 8.14403533936, 13.5757389069, 10.2169418335, 4.92301082611, 4.19079780579, 3.4803686142, 3.63585019112, 4.30234479904, 5.81465387344, 5.85734987259, 5.34376764297, 5.83281517029, 7.12133264542, 9.46758937836, 9.44728088379, 9.81576633453, 11.3655672073, 13.9891643524, 17.492099762, 13.9134063721, 14.912484169, 18.9614601135, 15.5847654343, 17.3407516479, 16.7897148132, 17.4328403473, 17.3052921295, 15.1762208939, 11.4181346893, 7.89194965363, 5.29152536392, 3.47380256653, 1.45382726192, 0.49097135663, 0.108934089541, 0.00717966724187, 0.000188128484297],
        "median": [0.499388188124, 2.49630498886, 2.4339530468, 1.92090892792, 2.16096115112, 1.84718382359, 1.5497828722, 1.23132646084, 1.17186248302, 1.28937780857, 1.2800744772, 1.51334416866, 1.83600592613, 1.85431659222, 1.74897646904, 2.03705883026, 2.35043001175, 2.15969729424, 2.63943982124, 2.72578310966, 2.90715479851, 3.11432242393, 3.38837194443, 4.01624584198, 4.1292424202, 4.10360813141, 4.26301431656, 4.26770496368, 3.96325802803, 3.65704417229, 2.93734097481, 2.24900746346, 1.66597104073, 1.03881347179, 0.601196408272, 0.274663150311, 0.108163259923, 0.0209461636841, 0.000620748556685, 0.000107774190838],
        "min": [7.8213135372e-23, 5.339423591e-22, 2.67861297379e-21, 5.09184839327e-21, 1.11475980759e-20, 3.08657824995e-20, 3.40084839847e-20, 5.81962726091e-20, 7.78737555461e-20, 1.57834617025e-19, 3.55409446369e-19, 2.55100148616e-19, 3.74193942598e-19, 7.77324420782e-19, 7.22473505677e-19, 1.08868890353e-18, 1.49550232584e-18, 2.1525528761e-18, 2.16190125779e-18, 2.54326750253e-18, 3.81658280859e-18, 3.81003484686e-18, 4.53438987824e-18, 5.76302564389e-18, 7.66245360113e-18, 8.46286830342e-18, 7.57028748291e-18, 1.03135343771e-17, 1.01837108615e-17, 9.55741602382e-18, 1.15070286152e-17, 1.16634195177e-17, 9.63541336532e-18, 6.63499601866e-18, 5.41804335198e-18, 3.87008981369e-18, 2.36581616804e-18, 7.76986517501e-19, 2.4856531838e-19, 2.78210599117e-20],
        "var": [2.16679430008, 65.8103790283, 227.159469604, 630.663696289, 890.861633301, 536.638549805, 88.2225036621, 49.1945343018, 46.0509300232, 97.1220245361, 167.934127808, 210.675964355, 204.596710205, 161.2940979, 200.093765259, 229.06968689, 736.482543945, 1255.58532715, 542.855102539, 1611.18945312, 1472.44506836, 1969.49487305, 851.47454834, 680.288452148, 2262.81494141, 1016.43823242, 975.284057617, 953.383728027, 1178.07958984, 1032.09960938, 866.119262695, 503.781768799, 202.136306763, 80.684135437, 35.1060295105, 10.2405977249, 1.50768280029, 0.159875065088, 0.000880733539816, 1.75585597617e-07]
    },
    "gfcc": {
        "mean": [-86.8452224731, 68.1286773682, -70.2282333374, 45.7188682556, -37.0760040283, 22.5228977203, -25.1358680725, 11.2311496735, -21.1326541901, 6.23269176483, -13.7656335831, 4.1832242012, -9.67140388489],
        "cov": [[54645.9335938, -11616.3271484, -1680.44897461, 4675.04541016, -2189.13671875, 2466.05249023, -2337.66992188, 1513.40917969, -1135.85852051, 880.941467285, -1429.96130371, 1073.02624512, -870.479431152], [-11616.3271484, 6379.95996094, 559.72869873, -1557.25061035, 720.664978027, -966.633850098, 876.042663574, -534.202270508, 350.739105225, -348.436401367, 465.911804199, -426.427093506, 334.89944458], [-1680.44897461, 559.72869873, 2516.01635742, 358.538391113, 356.184875488, 221.381835938, 107.108482361, -8.66760826111, 49.3237609863, -11.0274057388, 47.3071250916, 11.5134487152, 16.4864635468], [4675.04541016, -1557.25061035, 358.538391113, 1585.40161133, 155.271865845, 372.306671143, -274.999816895, 124.540420532, -64.6633911133, 78.6352615356, -124.608596802, 100.402923584, -59.9201278687], [-2189.13671875, 720.664978027, 356.184875488, 155.271865845, 661.085632324, 42.2081184387, 212.140060425, -57.0937385559, 110.464408875, -16.8934745789, 125.426200867, -54.6343269348, 58.080871582], [2466.05249023, -966.633850098, 221.381835938, 372.306671143, 42.2081184387, 575.280517578, -58.5098266602, 125.703453064, -66.5407714844, 76.6355133057, -40.3474273682, 102.844543457, -72.6923751831], [-2337.66992188, 876.042663574, 107.108482361, -274.999816895, 212.140060425, -58.5098266602, 420.711456299, 48.2907981873, 96.3445129395, -20.0369758606, 93.5980682373, -52.9774551392, 58.804649353], [1513.40917969, -534.202270508, -8.66760826111, 124.540420532, -57.0937385559, 125.703453064, 48.2907981873, 251.913269043, 40.5808525085, 111.438209534, -31.6446723938, 76.8081130981, -26.6451435089], [-1135.85852051, 350.739105225, 49.3237609863, -64.6633911133, 110.464408875, -66.5407714844, 96.3445129395, 40.5808525085, 181.914672852, 56.7170143127, 80.5399703979, -8.7178068161, 52.0775527954], [880.941467285, -348.436401367, -11.0274057388, 78.6352615356, -16.8934745789, 76.6355133057, -20.0369758606, 111.438209534, 56.7170143127, 186.695388794, 44.6686553955, 81.0955429077, -1.30582475662], [-1429.96130371, 465.911804199, 47.3071250916, -124.608596802, 125.426200867, -40.3474273682, 93.5980682373, -31.6446723938, 80.5399703979, 44.6686553955, 158.914810181, 19.72407341, 51.2712173462], [1073.02624512, -426.427093506, 11.5134487152, 100.402923584, -54.6343269348, 102.844543457, -52.9774551392, 76.8081130981, -8.7178068161, 81.0955429077, 19.72407341, 130.71232605, 10.7013711929], [-870.479431152, 334.89944458, 16.4864635468, -59.9201278687, 58.080871582, -72.6923751831, 58.804649353, -26.6451435089, 52.0775527954, -1.30582475662, 51.2712173462, 10.7013711929, 96.7952575684]],
        "icov": [[5.95776400587e-05, -4.6554589062e-05, 4.94263040309e-05, -0.000115094619105, 7.37084410503e-05, -0.000113293128379, 0.000158110618941, -0.000197829634999, 0.000154848399688, -0.000159057337441, 0.000302790111164, -0.000202632640139, 0.000113927409984], [-4.6554589062e-05, 0.000625194108579, -0.000175880093593, 0.000321629195241, -0.00017552296049, 0.000482964067487, -0.00066642469028, 0.000585459347349, -0.00024575041607, 0.000489609548822, -0.00108571024612, 0.0010251882486, -0.000718085153494], [4.94263040309e-05, -0.000175880093593, 0.000526779796928, -0.000230759178521, -7.11345201125e-05, -0.00033795388299, 0.000136654081871, -0.000113225796667, 5.07451341036e-06, -0.000109399370558, 0.00048934831284, -0.000519890978467, 0.000289207120659], [-0.000115094619105, 0.000321629195241, -0.000230759178521, 0.00136838189792, -0.000855383637827, 5.10895479238e-05, 0.000368131819414, 7.47673220758e-06, -0.000235868734308, 0.0003493023396, -0.000162645141245, 0.000566057453398, -0.000776229135226], [7.37084410503e-05, -0.00017552296049, -7.11345201125e-05, -0.000855383637827, 0.00296636554413, -0.000751630635932, -0.00097243959317, 0.000642350525595, -0.000676781171933, -8.71332813404e-05, -0.00102463143412, 0.000708543695509, 3.28437772623e-06], [-0.000113293128379, 0.000482964067487, -0.00033795388299, 5.10895479238e-05, -0.000751630635932, 0.00337096024305, -0.000869150913786, 7.42330303183e-05, 0.000519746041391, 0.000313546217512, -0.000958437740337, -0.000985519611277, 0.0012715990888], [0.000158110618941, -0.00066642469028, 0.000136654081871, 0.000368131819414, -0.00097243959317, -0.000869150913786, 0.00621171435341, -0.00488797575235, 0.00113127776422, 0.000853325298522, -0.000998687930405, 0.00172111508437, -0.00151464424562], [-0.000197829634999, 0.000585459347349, -0.000113225796667, 7.47673220758e-06, 0.000642350525595, 7.42330303183e-05, -0.00488797575235, 0.0116819413379, -0.00452515855432, -0.00318213528953, 0.00408189091831, -0.00426806369796, 0.00277620158158], [0.000154848399688, -0.00024575041607, 5.07451341036e-06, -0.000235868734308, -0.000676781171933, 0.000519746041391, 0.00113127776422, -0.00452515855432, 0.0115900496021, -0.0030871052295, -0.00316142756492, 0.00403368286788, -0.00408924510702], [-0.000159057337441, 0.000489609548822, -0.000109399370558, 0.0003493023396, -8.71332813404e-05, 0.000313546217512, 0.000853325298522, -0.00318213528953, -0.0030871052295, 0.0119494218379, -0.00535107543692, -0.00231007137336, 0.000915776239708], [0.000302790111164, -0.00108571024612, 0.00048934831284, -0.000162645141245, -0.00102463143412, -0.000958437740337, -0.000998687930405, 0.00408189091831, -0.00316142756492, -0.00535107543692, 0.0176484957337, -0.00806682184339, 0.00109314674046], [-0.000202632640139, 0.0010251882486, -0.000519890978467, 0.000566057453398, 0.000708543695509, -0.000985519611277, 0.00172111508437, -0.00426806369796, 0.00403368286788, -0.00231007137336, -0.00806682184339, 0.0201595891267, -0.00847333669662], [0.000113927409984, -0.000718085153494, 0.000289207120659, -0.000776229135226, 3.28437772623e-06, 0.0012715990888, -0.00151464424562, 0.00277620158158, -0.00408924510702, 0.000915776239708, 0.00109314674046, -0.00847333669662, 0.0185179151595]]
    },
    "melbands": {
        "dmean": [0.00494285440072, 0.00356776337139, 0.00198701908812, 0.000888514507096, 0.000205434320378, 8.32325968076e-05, 4.95876192872e-05, 3.42804778484e-05, 3.00006358884e-05, 3.330002437e-05, 2.67625564447e-05, 1.71009469341e-05, 1.48045764945e-05, 1.60195540957e-05, 1.82126896107e-05, 2.08865512832e-05, 1.42099997902e-05, 1.50633268277e-05, 1.24402286019e-05, 1.43796005432e-05, 1.70774819708e-05, 1.77443052962e-05, 1.55511661433e-05, 7.15771238902e-06, 1.01471605376e-05, 1.39408984978e-05, 1.01344012364e-05, 7.01948556525e-06, 9.26694519876e-06, 8.37476363813e-06, 8.47647334012e-06, 7.45505622035e-06, 5.65500886296e-06, 6.64547860652e-06, 6.66314645059e-06, 4.95605718243e-06, 4.65118046122e-06, 4.24433301305e-06, 3.49242714037e-06, 3.1041524835e-06],
        "dmean2": [0.00790153443813, 0.00573959946632, 0.0036184026394, 0.00149220065214, 0.000369185640011, 0.000147911952808, 8.85051267687e-05, 5.99676823185e-05, 4.82135801576e-05, 5.70856718696e-05, 4.54952969449e-05, 2.79239739029e-05, 2.44142865995e-05, 2.71848675766e-05, 3.16757177643e-05, 3.55611919076e-05, 2.38206775975e-05, 2.62143621512e-05, 2.07619486901e-05, 2.45942537731e-05, 3.02373991872e-05, 3.12593620038e-05, 2.77538820228e-05, 1.18266470963e-05, 1.75820023287e-05, 2.51988676609e-05, 1.74577126018e-05, 1.20951262943e-05, 1.66389763763e-05, 1.49331117427e-05, 1.51456451931e-05, 1.25583437693e-05, 8.84657583811e-06, 1.09694383355e-05, 1.12823472591e-05, 7.94389961811e-06, 7.55115706852e-06, 7.00202281223e-06, 5.74747900828e-06, 4.93641891808e-06],
        "dvar": [5.92401884205e-05, 5.16959516972e-05, 2.84064863081e-05, 3.1710269468e-06, 2.1915933246e-07, 2.54359395768e-08, 1.24834249604e-08, 8.29286506132e-09, 6.97079238776e-09, 5.31476684884e-09, 3.1384301824e-09, 1.50019008327e-09, 1.35271704949e-09, 1.14826281816e-09, 1.82520432102e-09, 4.04649869168e-09, 1.7411482256e-09, 1.32875099812e-09, 1.39671973987e-09, 1.49426948592e-09, 2.99200775267e-09, 2.10829265157e-09, 1.49379175696e-09, 2.04269337556e-10, 4.07362032995e-10, 1.30898969442e-09, 5.02340058439e-10, 2.34743141592e-10, 4.05126043823e-10, 2.84439388709e-10, 3.42795708486e-10, 2.30898064557e-10, 1.49188744691e-10, 1.64006766501e-10, 2.58209204018e-10, 1.01906351413e-10, 9.16560161102e-11, 5.88562393267e-11, 3.52776696744e-11, 2.60377813061e-11],
        "dvar2": [0.000161076095537, 0.00012390538177, 7.95496816863e-05, 7.4920399129e-06, 6.09298183463e-07, 6.98743818361e-08, 3.62804613019e-08, 2.28039596095e-08, 1.62616036192e-08, 1.35239153209e-08, 7.26316606858e-09, 3.45705530869e-09, 3.53969675793e-09, 2.77296541284e-09, 4.74983918863e-09, 1.02654276191e-08, 3.21981419305e-09, 3.43378392387e-09, 3.09988834601e-09, 3.4120475334e-09, 8.05072897236e-09, 5.46514966615e-09, 3.96972055228e-09, 4.67925809211e-10, 1.10548936672e-09, 3.76576103633e-09, 1.14376519367e-09, 5.92248750042e-10, 1.12968490118e-09, 7.84398268561e-10, 9.60600043953e-10, 5.90131776779e-10, 2.98336300109e-10, 3.63001573245e-10, 6.95624502445e-10, 2.25939267295e-10, 2.13281767247e-10, 1.41987713254e-10, 8.50901016314e-11, 5.94852778146e-11],
        "max": [0.0602399520576, 0.056846421212, 0.0350401438773, 0.016067456454, 0.00465054064989, 0.0022457477171, 0.00432965764776, 0.00535804545507, 0.00564157543704, 0.00263339537196, 0.00271595432423, 0.00181970756967, 0.00182434287854, 0.00158569449559, 0.00137347890995, 0.00338989426382, 0.00308296852745, 0.00127240247093, 0.00198812084273, 0.00205937493593, 0.00165989471134, 0.00224753748626, 0.0016825243365, 0.000808099051937, 0.000436304602772, 0.000658813107293, 0.00171080022119, 0.000520815781783, 0.000444997247541, 0.000457115063909, 0.000545173068531, 0.000699583615642, 0.000739214010537, 0.000581332889851, 0.000449323590146, 0.000368014007108, 0.000288567767711, 0.000241171233938, 0.000185846278328, 0.000163732067449],
        "mean": [0.00967605877668, 0.00525110447779, 0.00157508882694, 0.000941948848777, 0.000202532042749, 9.40095997066e-05, 5.2712031902e-05, 3.82344842365e-05, 3.71489586541e-05, 3.66637832485e-05, 2.87855382339e-05, 2.13436032936e-05, 1.89549773495e-05, 1.86873876373e-05, 1.94114636543e-05, 2.16377939068e-05, 1.66990685102e-05, 1.53752480401e-05, 1.47724376802e-05, 1.58932889462e-05, 1.64381617651e-05, 1.78832051461e-05, 1.6041474737e-05, 1.03437059806e-05, 1.19878441183e-05, 1.39494732139e-05, 1.30612334033e-05, 9.51347465161e-06, 1.0280816241e-05, 1.00576526165e-05, 9.64111768553e-06, 1.00720453702e-05, 8.88276008482e-06, 9.83432437351e-06, 8.9339864644e-06, 7.56309873395e-06, 6.70079225529e-06, 5.49205378775e-06, 4.90913407702e-06, 4.32306887888e-06],
        "median": [0.00512348627672, 0.00234108162113, 0.000395176874008, 0.000151167390868, 5.86363530601e-05, 2.76108821708e-05, 1.78346945177e-05, 1.32674067572e-05, 9.93804951577e-06, 9.32372495299e-06, 8.56876977195e-06, 7.16298018233e-06, 5.85665748076e-06, 4.8355641411e-06, 5.17798116562e-06, 4.67910695079e-06, 3.7463166791e-06, 4.02363048124e-06, 3.65127425539e-06, 3.50557570528e-06, 3.17927242577e-06, 3.03475712826e-06, 3.09264987663e-06, 2.84980728793e-06, 3.08228118229e-06, 2.98891200146e-06, 2.75753109236e-06, 2.59235207523e-06, 2.47224852501e-06, 2.57783676716e-06, 2.38403640651e-06, 2.25638927986e-06, 2.03325726034e-06, 1.97552435566e-06, 1.69261659266e-06, 1.46217041674e-06, 1.28841611513e-06, 1.1805370832e-06, 9.78478396974e-07, 8.12396820038e-07],
        "min": [1.19078553643e-24, 1.48659309171e-24, 1.15943521798e-24, 1.51550464667e-24, 1.01494666572e-24, 1.41864860055e-24, 1.25429120588e-24, 1.56511255913e-24, 1.91072208664e-24, 1.64836351564e-24, 1.44599190003e-24, 2.85827380143e-24, 1.43469176339e-24, 1.90002493555e-24, 1.97601511769e-24, 3.6045405565e-24, 3.44011433372e-24, 2.25801928346e-24, 3.86638400133e-24, 3.68210333286e-24, 4.14904154114e-24, 3.8343487544e-24, 3.29204297245e-24, 3.67739343882e-24, 4.15982290313e-24, 4.19888611187e-24, 4.19255116437e-24, 5.53511906099e-24, 4.0891263721e-24, 3.65868796904e-24, 4.84839552704e-24, 4.67965462954e-24, 4.92574018336e-24, 4.29119900943e-24, 5.67858879939e-24, 5.70627623944e-24, 6.11232897977e-24, 6.27628859133e-24, 5.92075410894e-24, 4.29855513737e-24],
        "var": [0.000131887733005, 6.72510577715e-05, 1.76362555067e-05, 4.10711481891e-06, 1.73072038478e-07, 2.41369715326e-08, 1.13301066307e-08, 1.01397841235e-08, 1.29503456847e-08, 8.4172873116e-09, 5.16115150617e-09, 2.5936097714e-09, 1.94219618166e-09, 2.20186402444e-09, 1.94542737475e-09, 5.16127229844e-09, 4.3457579757e-09, 1.35596012196e-09, 2.62375632332e-09, 2.37833797101e-09, 2.4659099207e-09, 2.38695796462e-09, 1.7007052433e-09, 3.98497179699e-10, 4.5296921769e-10, 1.0712155607e-09, 1.69847436116e-09, 3.50588308384e-10, 3.62053470537e-10, 3.51674300791e-10, 3.37020938934e-10, 3.85843829109e-10, 3.89523330258e-10, 3.36605882056e-10, 3.34532096469e-10, 2.27242419326e-10, 1.82376946878e-10, 1.06160469304e-10, 7.48667378092e-11, 5.71072564237e-11]
    },
    "mfcc": {
        "mean": [-715.786254883, 83.903175354, 34.446269989, 33.9787445068, 18.2055416107, 18.0201206207, 11.2546815872, 10.9678945541, 5.21014928818, 3.81300282478, 2.79463434219, 3.20700740814, 2.16509962082],
        "cov": [[28693.1464844, -3664.33007812, -1051.2409668, 732.183776855, 303.980560303, 463.874969482, -101.274093628, 71.6239852905, 39.1335487366, 175.55355835, -49.8482933044, -284.33114624, -325.639099121], [-3664.33007812, 2552.5793457, 543.359680176, 48.0541038513, -47.8038520813, -130.69694519, 31.3241100311, -4.72407007217, 52.9329948425, 5.28651714325, 25.7056465149, 36.9562339783, 70.2727966309], [-1051.2409668, 543.359680176, 1314.26464844, 420.08303833, 238.861755371, 104.581260681, 110.407188416, 53.5060310364, 40.6192893982, 4.82125663757, -4.5886516571, -6.15285348892, 31.8174819946], [732.183776855, 48.0541038513, 420.08303833, 718.110107422, 433.67489624, 238.010360718, 104.091621399, 66.0716705322, 31.0352344513, 31.4171943665, 16.7752799988, -1.69764983654, 11.4699697495], [303.980560303, -47.8038520813, 238.861755371, 433.67489624, 555.489685059, 311.077453613, 105.812217712, 49.8928833008, 5.01525640488, 16.6820526123, 27.9520950317, 12.5283336639, 18.2491130829], [463.874969482, -130.69694519, 104.581260681, 238.010360718, 311.077453613, 320.691101074, 149.217819214, 78.1002197266, 24.2192077637, 21.9342918396, 19.9953250885, 16.8209590912, 13.6253013611], [-101.274093628, 31.3241100311, 110.407188416, 104.091621399, 105.812217712, 149.217819214, 222.236160278, 126.533584595, 62.0356788635, 38.5356025696, 38.0403862, 21.6875782013, 18.3177566528], [71.6239852905, -4.72407007217, 53.5060310364, 66.0716705322, 49.8928833008, 78.1002197266, 126.533584595, 157.82321167, 79.5701599121, 32.1195716858, 26.7182979584, 19.3894443512, 10.1531848907], [39.1335487366, 52.9329948425, 40.6192893982, 31.0352344513, 5.01525640488, 24.2192077637, 62.0356788635, 79.5701599121, 124.196807861, 76.2123413086, 33.6714134216, 19.4555015564, 27.0105705261], [175.55355835, 5.28651714325, 4.82125663757, 31.4171943665, 16.6820526123, 21.9342918396, 38.5356025696, 32.1195716858, 76.2123413086, 117.139877319, 63.2450523376, 23.6395606995, 26.50522995], [-49.8482933044, 25.7056465149, -4.5886516571, 16.7752799988, 27.9520950317, 19.9953250885, 38.0403862, 26.7182979584, 33.6714134216, 63.2450523376, 111.793548584, 56.0499534607, 18.6697692871], [-284.33114624, 36.9562339783, -6.15285348892, -1.69764983654, 12.5283336639, 16.8209590912, 21.6875782013, 19.3894443512, 19.4555015564, 23.6395606995, 56.0499534607, 96.7115325928, 53.8817710876], [-325.639099121, 70.2727966309, 31.8174819946, 11.4699697495, 18.2491130829, 13.6253013611, 18.3177566528, 10.1531848907, 27.0105705261, 26.50522995, 18.6697692871, 53.8817710876, 101.259735107]],
