{
"lowlevel": {
    "average_loudness": 0.931318283081,
    "barkbands_crest": {
        "dmean": 3.62870693207,
        "dmean2": 5.74514722824,
        "dvar": 11.7971220016,
        "dvar2": 28.2337970734,
        "max": 26.4781208038,
        "mean": 10.9723262787,
        "median": 9.42373466492,
        "min": 1.88867866993,
        "var": 38.8864097595
    },
    "barkbands_flatness_db": {
        "dmean": 0.0319144427776,
        "dmean2": 0.0478935912251,
        "dvar": 0.00116088718642,
        "dvar2": 0.00231714290567,
        "max": 0.461188197136,
        "mean": 0.125866219401,
        "median": 0.109290979803,
        "min": 0.00967443641275,
        "var": 0.00562429660931
    },
    "barkbands_kurtosis": {
        "dmean": 6.83801603317,
        "dmean2": 10.6803531647,
        "dvar": 352.549865723,
        "dvar2": 827.559265137,
        "max": 540.400878906,
        "mean": 7.55162382126,
        "median": 0.570022583008,
        "min": -1.92289376259,
        "var": 566.925415039
    },
    "barkbands_skewness": {
        "dmean": 1.04343080521,
        "dmean2": 1.53095161915,
        "dvar": 1.56069886684,
        "dvar2": 3.26518106461,
        "max": 18.5893173218,
        "mean": 1.61889028549,
        "median": 1.16283977032,
        "min": -3.66155290604,
        "var": 5.03396987915
    },
    "barkbands_spread": {
        "dmean": 12.0793561935,
        "dmean2": 19.4177207947,
        "dvar": 188.159896851,
        "dvar2": 443.393341064,
        "max": 143.381134033,
        "mean": 34.8261489868,
        "median": 31.7507305145,
        "min": 0.289486736059,
        "var": 496.897003174
    },
    "dissonance": {
        "dmean": 0.00922657828778,
        "dmean2": 0.0158969219774,
        "dvar": 0.000138419796713,
        "dvar2": 0.000396287126932,
        "max": 0.500000119209,
        "mean": 0.487084984779,
        "median": 0.491477310658,
        "min": 0.323691010475,
        "var": 0.000210640049772
    },
    "dynamic_complexity": 3.57419347763,
    "erbbands_crest": {
        "dmean": 1.9685292244,
        "dmean2": 3.28577446938,
        "dvar": 5.06170845032,
        "dvar2": 12.4439744949,
        "max": 30.6970882416,
        "mean": 6.43392944336,
        "median": 5.16240930557,
        "min": 2.0669157505,
        "var": 14.9543504715
    },
    "erbbands_flatness_db": {
        "dmean": 0.0144507735968,
        "dmean2": 0.0225186049938,
        "dvar": 0.000191511324374,
        "dvar2": 0.00043711415492,
        "max": 0.340452671051,
        "mean": 0.135101243854,
        "median": 0.119030252099,
        "min": 0.0448954254389,
        "var": 0.00296154920943
    },
    "erbbands_kurtosis": {
        "dmean": 0.995402157307,
        "dmean2": 1.59066867828,
        "dvar": 3.18140625954,
        "dvar2": 6.18677425385,
        "max": 79.7382736206,
        "mean": 0.502066671848,
        "median": 0.0710055828094,
        "min": -1.79141545296,
        "var": 7.83827066422
    },
    "erbbands_skewness": {
        "dmean": 0.39172616601,
        "dmean2": 0.610147237778,
        "dvar": 0.167754977942,
        "dvar2": 0.375622034073,
        "max": 2.93018078804,
        "mean": -0.485400348902,
        "median": -0.583114922047,
        "min": -7.98875808716,
        "var": 0.572718024254
    },
    "erbbands_spread": {
        "dmean": 12.5974092484,
        "dmean2": 19.2568054199,
        "dvar": 197.863189697,
        "dvar2": 432.160797119,
        "max": 135.385101318,
        "mean": 45.9529380798,
        "median": 40.3241691589,
        "min": 3.46028137207,
        "var": 546.385620117
    },
    "hfc": {
        "dmean": 16.5520019531,
        "dmean2": 25.8484115601,
        "dvar": 648.771118164,
        "dvar2": 1603.41467285,
        "max": 281.067199707,
        "mean": 33.0647964478,
        "median": 21.9120197296,
        "min": 1.08103294577e-16,
        "var": 1217.70727539
    },
    "melbands_crest": {
        "dmean": 4.55827665329,
        "dmean2": 7.42690038681,
        "dvar": 16.28540802,
        "dvar2": 42.0703659058,
        "max": 35.841178894,
        "mean": 15.9685783386,
        "median": 15.6237430573,
        "min": 1.66286051273,
        "var": 52.0140380859
    },
    "melbands_flatness_db": {
        "dmean": 0.046053621918,
        "dmean2": 0.0678689777851,
        "dvar": 0.00219542509876,
        "dvar2": 0.00454799737781,
        "max": 0.595660030842,
        "mean": 0.184309110045,
        "median": 0.176572844386,
        "min": 0.00565651943907,
        "var": 0.0101682459936
    },
    "melbands_kurtosis": {
        "dmean": 22.7646408081,
        "dmean2": 35.1377792358,
        "dvar": 2176.37768555,
        "dvar2": 4784.89794922,
        "max": 749.798156738,
        "mean": 31.5318622589,
        "median": 8.21238613129,
        "min": -1.6845587492,
        "var": 4445.18164062
    },
    "melbands_skewness": {
        "dmean": 1.57511758804,
        "dmean2": 2.33771848679,
        "dvar": 3.4793381691,
        "dvar2": 7.42365121841,
        "max": 22.766002655,
        "mean": 3.73528623581,
        "median": 2.78629946709,
        "min": -1.73433423042,
        "var": 11.3383646011
    },
    "melbands_spread": {
        "dmean": 18.8074913025,
        "dmean2": 29.5984783173,
        "dvar": 614.339904785,
        "dvar2": 1387.98266602,
        "max": 217.025177002,
        "mean": 38.2850456238,
        "median": 26.3510513306,
        "min": 0.329664498568,
        "var": 1260.00524902
    },
    "pitch_salience": {
        "dmean": 0.108745858073,
        "dmean2": 0.174213424325,
        "dvar": 0.0106372414157,
        "dvar2": 0.0258073788136,
        "max": 0.988356113434,
        "mean": 0.546530365944,
        "median": 0.577635645866,
        "min": 0.0452840812504,
        "var": 0.0311272852123
    },
    "silence_rate_20dB": {
        "dmean": 0,
        "dmean2": 0,
        "dvar": 0,
        "dvar2": 0,
        "max": 1,
        "mean": 1,
        "median": 1,
        "min": 1,
        "var": 0
    },
    "silence_rate_30dB": {
        "dmean": 0.0206547155976,
        "dmean2": 0.0413174815476,
        "dvar": 0.0202283058316,
        "dvar2": 0.0563718564808,
        "max": 1,
        "mean": 0.987726449966,
        "median": 1,
        "min": 0,
        "var": 0.0121224112809
    },
    "silence_rate_60dB": {
        "dmean": 0.0128604834899,
        "dmean2": 0.025725979358,
        "dvar": 0.0126946363598,
        "dvar2": 0.0309093464166,
        "max": 1,
        "mean": 0.0789012238383,
        "median": 0,
        "min": 0,
        "var": 0.0726757496595
    },
    "spectral_centroid": {
        "dmean": 449.654663086,
        "dmean2": 681.578613281,
        "dvar": 251217.609375,
        "dvar2": 509784.375,
        "max": 10595.8251953,
        "mean": 2140.27612305,
        "median": 2282.44628906,
        "min": 154.976654053,
        "var": 957406.8125
    },
    "spectral_complexity": {
        "dmean": 7.71512079239,
        "dmean2": 11.4075231552,
        "dvar": 79.5847396851,
        "dvar2": 155.596221924,
        "max": 66,
        "mean": 25.7699203491,
        "median": 26,
        "min": 0,
        "var": 268.790557861
    },
    "spectral_decrease": {
        "dmean": 3.27944538192e-09,
        "dmean2": 4.86025664159e-09,
        "dvar": 1.62471358303e-17,
        "dvar2": 3.30971473607e-17,
        "max": -1.88940769226e-28,
        "mean": -7.36921990097e-09,
        "median": -5.95596727493e-09,
        "min": -3.73932955711e-08,
        "var": 3.88528785124e-17
    },
    "spectral_energy": {
        "dmean": 0.0127607574686,
        "dmean2": 0.0186547394842,
        "dvar": 0.00022836845892,
        "dvar2": 0.000464286160422,
        "max": 0.142623201013,
        "mean": 0.0308121778071,
        "median": 0.0258654616773,
        "min": 1.05183907029e-20,
        "var": 0.000598605896812
    },
    "spectral_energyband_high": {
        "dmean": 0.00165151932742,
        "dmean2": 0.00263364054263,
        "dvar": 7.69640973886e-06,
        "dvar2": 1.92915431398e-05,
        "max": 0.0298626832664,
        "mean": 0.00282488041557,
        "median": 0.00139760319144,
        "min": 7.20226805585e-21,
        "var": 1.4011507119e-05
    },
    "spectral_energyband_low": {
        "dmean": 0.0104645779356,
        "dmean2": 0.0159634854645,
        "dvar": 0.000228537464864,
        "dvar2": 0.000485298864078,
        "max": 0.136088699102,
        "mean": 0.0174341928214,
        "median": 0.00926936138421,
        "min": 1.12995489431e-22,
        "var": 0.000476595771033
    },
    "spectral_energyband_middle_high": {
        "dmean": 0.00234058685601,
        "dmean2": 0.00377528532408,
        "dvar": 1.14436352305e-05,
        "dvar2": 2.91488431685e-05,
        "max": 0.0309262573719,
        "mean": 0.00458505935967,
        "median": 0.00337505456991,
        "min": 1.81548049879e-21,
        "var": 1.97123317776e-05
    },
    "spectral_energyband_middle_low": {
        "dmean": 0.0050019370392,
        "dmean2": 0.00819556042552,
        "dvar": 0.000105003091448,
        "dvar2": 0.000247257616138,
        "max": 0.125673472881,
        "mean": 0.00708916643634,
        "median": 0.00400178600103,
        "min": 4.48090866598e-22,
        "var": 0.000108101259684
    },
    "spectral_entropy": {
        "dmean": 0.140925675631,
        "dmean2": 0.211754694581,
        "dvar": 0.0275295246392,
        "dvar2": 0.0572097934783,
        "max": 9.80531597137,
        "mean": 7.95990085602,
        "median": 8.10145187378,
        "min": 5.54967164993,
        "var": 0.23275372386
    },
    "spectral_flux": {
        "dmean": 0.0299812480807,
        "dmean2": 0.0470132194459,
        "dvar": 0.00116653856821,
        "dvar2": 0.00262891850434,
        "max": 0.391566425562,
        "mean": 0.103065259755,
        "median": 0.0956627875566,
        "min": 1.02559204185e-10,
        "var": 0.00364372343756
    },
    "spectral_kurtosis": {
        "dmean": 1.57453620434,
        "dmean2": 2.68996453285,
        "dvar": 10.6329145432,
        "dvar2": 30.7728824615,
        "max": 61.1898040771,
        "mean": 3.69559597969,
        "median": 2.30284500122,
        "min": -1.21763682365,
        "var": 19.7323455811
    },
    "spectral_rms": {
        "dmean": 0.00109271658584,
        "dmean2": 0.00157654425129,
        "dvar": 1.25321821542e-06,
        "dvar2": 2.55632176049e-06,
        "max": 0.0117959566414,
        "mean": 0.00497502833605,
        "median": 0.00502340495586,
        "min": 3.20341127756e-12,
        "var": 5.30986881131e-06
    },
    "spectral_rolloff": {
        "dmean": 1286.56811523,
        "dmean2": 2050.96801758,
        "dvar": 3011171.25,
        "dvar2": 6767085.5,
        "max": 18841.5527344,
        "mean": 2865.69433594,
        "median": 1937.98828125,
        "min": 64.599609375,
        "var": 10370123
    },
    "spectral_skewness": {
        "dmean": 0.220742508769,
        "dmean2": 0.357527166605,
        "dvar": 0.102342389524,
        "dvar2": 0.264880418777,
        "max": 5.80993080139,
        "mean": 1.21148502827,
        "median": 1.08746981621,
        "min": 0.0216546244919,
        "var": 0.277276486158
    },
    "spectral_spread": {
        "dmean": 491621.71875,
        "dmean2": 758342.4375,
        "dvar": 449059880960,
        "dvar2": 756460224512,
        "max": 41302196,
        "mean": 4895560.5,
        "median": 5051398,
        "min": 1013231.9375,
        "var": 3.62318607155e+12
    },
    "spectral_strongpeak": {
        "dmean": 0.344167172909,
        "dmean2": 0.592449963093,
        "dvar": 0.47782048583,
        "dvar2": 1.30576050282,
        "max": 18.29945755,
        "mean": 0.501938700676,
        "median": 0.30808454752,
        "min": 0,
        "var": 0.673150420189
    },
    "zerocrossingrate": {
        "dmean": 0.0207636561245,
        "dmean2": 0.0244547929615,
        "dvar": 0.000559825915843,
        "dvar2": 0.000676718598697,
        "max": 0.8896484375,
        "mean": 0.100644722581,
        "median": 0.0751953125,
        "min": 0.00244140625,
        "var": 0.0145070524886
    },
    "barkbands": {
        "dmean": [0.000668369990308, 0.00812734197825, 0.00356193538755, 0.00204657902941, 0.0026461139787, 0.0006861834554, 0.0003697827633, 0.000292495969916, 0.000314621604048, 0.000225178475375, 0.000253426784184, 0.000321672821883, 0.000253379752394, 0.000288946932415, 0.000282399152638, 0.000344960193615, 0.000308889662847, 0.000357938581146, 0.000447340513347, 0.000423979392508, 0.000440064439317, 0.00031352264341, 0.000260718836216, 0.000246910058195, 0.000205456235562, 0.000133039284265, 2.2958342015e-05],
        "dmean2": [0.00106906250585, 0.0128826480359, 0.00613242434338, 0.00355951650999, 0.00438027782366, 0.00119725440163, 0.000632967567071, 0.000499107176438, 0.000543429865502, 0.000385627092328, 0.000441162235802, 0.000546789669897, 0.000427940802183, 0.000491396000143, 0.000479712063679, 0.000579816056415, 0.000520100467838, 0.000594790559262, 0.000739357434213, 0.000690542161465, 0.000726314727217, 0.000512109196279, 0.00043400991126, 0.000402808829676, 0.000321836123476, 0.000201193819521, 3.83800361305e-05],
        "dvar": [1.63078391324e-06, 0.000175850960659, 8.17570398794e-05, 2.32472757489e-05, 4.09795393352e-05, 1.93238224711e-06, 4.58861194375e-07, 4.91468711061e-07, 4.7294270189e-07, 1.2269434535e-07, 5.61757701689e-07, 3.98203411578e-07, 2.17829040139e-07, 3.03518277178e-07, 2.9234917065e-07, 4.31712152249e-07, 2.54311686376e-07, 3.13516522965e-07, 5.29830344931e-07, 7.16881629614e-07, 8.10308620203e-07, 3.11220077265e-07, 2.24604875143e-07, 2.29624802728e-07, 1.91007899275e-07, 8.60901536726e-08, 3.46051254319e-09],
        "dvar2": [3.94139806303e-06, 0.000428278028267, 0.000223640206968, 6.442132144e-05, 9.30030291784e-05, 5.36905918125e-06, 1.2867303667e-06, 1.34737695134e-06, 1.34241122396e-06, 3.24667553286e-07, 1.58406919581e-06, 1.09834024897e-06, 5.74533430608e-07, 7.9095076444e-07, 7.53917447582e-07, 1.18836919683e-06, 6.67865265314e-07, 7.9150692045e-07, 1.3432651258e-06, 1.827247047e-06, 2.13504176827e-06, 7.95500568529e-07, 5.89166518239e-07, 5.84121607972e-07, 4.60480890752e-07, 1.90205312833e-07, 8.86099371655e-09],
        "max": [0.016039930284, 0.11654856801, 0.084529645741, 0.046534653753, 0.0734071433544, 0.0154518410563, 0.0133749488741, 0.0257645733654, 0.014534666203, 0.00720532657579, 0.0248616356403, 0.0122486660257, 0.0107227331027, 0.0104527808726, 0.0163375101984, 0.0141852768138, 0.0071027665399, 0.00557579472661, 0.00957859028131, 0.0272194966674, 0.0251932535321, 0.00996386725456, 0.00573467975482, 0.00562167586759, 0.00532473903149, 0.00528755132109, 0.00111849303357],
        "mean": [0.000746762263589, 0.0120610902086, 0.00359257985838, 0.00199130130932, 0.00289470539428, 0.000833988771774, 0.000483410287416, 0.00036133811227, 0.00039549372741, 0.000325051660184, 0.000331214629114, 0.000457075628219, 0.000346023589373, 0.000377333402866, 0.00040476990398, 0.000524065457284, 0.000437504349975, 0.000493611383718, 0.000635008444078, 0.000640391954221, 0.000647077569738, 0.000495609769132, 0.000413196801674, 0.000392557005398, 0.000310899573378, 0.000194674255908, 2.55106660916e-05],
        "median": [9.19024605537e-05, 0.00417841877788, 0.00115876854397, 0.000629596295767, 0.000985378283076, 0.000322704552673, 0.000191871484276, 0.000140379168442, 0.000163796765264, 0.000150745661813, 0.000131571359816, 0.000197476460016, 0.000174736545887, 0.000207092627534, 0.000226975200349, 0.000262503890553, 0.00026229445939, 0.000295728881611, 0.000382881087717, 0.000352339528035, 0.000317258236464, 0.000221052076085, 0.000154347144417, 0.0001041283831, 6.23149899184e-05, 2.55279737758e-05, 1.46915078858e-06],
        "min": [2.00292730469e-23, 7.29369054717e-23, 2.59752048349e-23, 1.58940294718e-23, 1.07338417996e-23, 3.97407077241e-23, 5.98273688241e-23, 1.84930491066e-22, 9.96796372575e-23, 6.21206316518e-23, 1.14744930483e-22, 1.72323837468e-22, 1.78196269508e-22, 8.61284710316e-23, 1.84875737808e-22, 1.74896899792e-22, 2.02354232273e-22, 2.0576230071e-22, 2.75372055941e-22, 3.87818712752e-22, 6.08305058082e-22, 3.87538458872e-22, 5.90583278914e-22, 1.00718498912e-21, 1.0355570216e-21, 1.5940321723e-21, 1.95738943172e-21],
        "var": [2.21357595365e-06, 0.000319360289723, 6.1810889747e-05, 1.6958136257e-05, 4.06984509027e-05, 2.10695930036e-06, 6.40109249161e-07, 6.89299270107e-07, 5.71082694023e-07, 2.91217872928e-07, 7.66912648942e-07, 6.14238160779e-07, 3.2478516232e-07, 3.77072240099e-07, 3.88140421137e-07, 8.53702943004e-07, 3.28396026816e-07, 3.67658316236e-07, 6.54028440294e-07, 8.40020049964e-07, 9.16396743378e-07, 4.75622243812e-07, 3.66559333997e-07, 4.30019866826e-07, 3.86959641219e-07, 1.99406898105e-07, 4.21444479315e-09]
    },
    "erbbands": {
        "dmean": [0.270523756742, 1.84025347233, 3.72637939453, 5.81523990631, 9.60567855835, 7.71359157562, 6.23841571808, 5.57890748978, 5.32872486115, 5.50893497467, 6.61389780045, 7.26881742477, 7.04759597778, 7.67032146454, 10.5429449081, 12.9328479767, 11.2138786316, 13.7216272354, 13.6371049881, 15.1200647354, 19.3741664886, 16.646736145, 18.68608284, 22.3926868439, 21.3857955933, 19.8187427521, 18.4573459625, 17.0939655304, 11.7985401154, 8.64282131195, 7.41488742828, 5.57379674911, 4.11987304688, 2.58102107048, 1.31992053986, 0.671808004379, 0.234913304448, 0.0448590144515, 0.00365217612125, 6.89425942255e-05],
        "dmean2": [0.441586107016, 2.93212199211, 6.26243209839, 9.85556221008, 16.3232192993, 13.0165128708, 10.7132396698, 9.76531410217, 9.07500839233, 9.37822055817, 11.3868379593, 12.517455101, 11.9421100616, 13.1861572266, 18.1984367371, 21.9926147461, 18.892742157, 22.985906601, 23.0591697693, 25.4983978271, 32.4465026855, 27.8049507141, 31.0290546417, 36.7420082092, 35.4800186157, 32.1286430359, 29.7828216553, 28.6316108704, 19.4881477356, 14.0458593369, 12.2365312576, 9.21719360352, 6.75486183167, 4.13103485107, 2.10112786293, 1.05390274525, 0.34771028161, 0.0726589560509, 0.00609579728916, 0.00010846483201],
        "dvar": [0.210169926286, 10.0030975342, 81.9198379517, 182.386734009, 830.87109375, 305.959625244, 146.318328857, 141.341552734, 89.4712905884, 153.936141968, 236.477203369, 230.365112305, 145.465454102, 195.617965698, 1094.9473877, 599.309509277, 420.973846436, 711.10723877, 720.38067627, 685.301818848, 1285.78552246, 740.585083008, 875.68951416, 1431.40856934, 1189.7166748, 1489.4050293, 968.853088379, 1915.74865723, 468.527679443, 238.113235474, 176.62411499, 117.440559387, 70.7782440186, 32.2987060547, 7.62718009949, 2.26997470856, 0.299741238356, 0.0111110778525, 9.98224277282e-05, 2.26285248317e-08],
        "dvar2": [0.533995807171, 24.5712432861, 216.871856689, 500.380584717, 2001.9921875, 766.412658691, 400.049377441, 391.671813965, 239.705947876, 436.463562012, 662.023864746, 635.177307129, 374.048736572, 526.485290527, 3161.14160156, 1653.41101074, 1103.62341309, 1822.32312012, 1824.73608398, 1843.21105957, 3533.64990234, 1939.46875, 2248.51831055, 3543.57788086, 3028.84301758, 3786.9519043, 2292.18554688, 5350.06103516, 1210.5234375, 606.171020508, 462.847106934, 306.125030518, 185.127792358, 79.7516174316, 18.2948169708, 5.25470161438, 0.636730730534, 0.0272673722357, 0.000259028369328, 5.61162067925e-08],
        "max": [5.14997673035, 30.1379432678, 92.1185150146, 153.804595947, 399.751586914, 283.991729736, 179.847717285, 134.4793396, 181.636230469, 381.801116943, 468.566833496, 376.228424072, 273.05380249, 261.635986328, 1215.23095703, 511.747558594, 521.973449707, 583.013183594, 935.001525879, 468.414428711, 932.880615234, 418.988891602, 340.96182251, 631.198547363, 505.144592285, 1147.93151855, 369.818939209, 1574.47265625, 371.58001709, 299.842376709, 165.08152771, 132.019485474, 95.359954834, 76.80884552, 28.0396175385, 23.4198379517, 17.8616733551, 1.81097567081, 0.196100339293, 0.00294565223157],
        "mean": [0.361439019442, 2.63517141342, 4.176612854, 6.25788974762, 9.23212242126, 8.45645713806, 7.31954908371, 6.71964263916, 7.34014368057, 7.08748865128, 8.30478000641, 9.09730911255, 10.5861148834, 10.5978803635, 14.9742002487, 18.9550323486, 16.3387966156, 19.0207519531, 19.6872062683, 23.0898017883, 30.4258079529, 24.8045959473, 26.0764141083, 31.4291591644, 31.4001407623, 29.8767681122, 27.9186840057, 24.0494556427, 18.1284313202, 14.1647624969, 11.6134262085, 8.6667881012, 6.28153181076, 3.84279942513, 1.99167227745, 0.954491853714, 0.355002075434, 0.0608961358666, 0.00406264513731, 0.000115825852845],
        "median": [0.105541303754, 0.92737019062, 1.88429784775, 2.29117512703, 2.77448105812, 2.99847960472, 2.83213210106, 2.62485551834, 2.68740224838, 3.08402776718, 3.35808539391, 3.82137703896, 4.51781654358, 5.34618282318, 6.60599184036, 8.44839668274, 8.56040096283, 10.8117761612, 11.0698566437, 13.7196273804, 15.6205568314, 15.3607206345, 15.9696292877, 18.9050712585, 19.211938858, 16.4324111938, 14.0287809372, 11.4369211197, 8.29075622559, 5.847843647, 4.11728525162, 2.62497472763, 1.52812731266, 0.825492560863, 0.360812962055, 0.140622511506, 0.0405465401709, 0.00696806237102, 0.000269703014055, 5.00838905282e-05],
        "min": [1.8902934922e-21, 1.76957827559e-20, 3.10158317701e-20, 4.43896426775e-20, 3.69733901057e-20, 4.62150913489e-20, 1.16405431141e-19, 3.71397270796e-19, 5.00413716611e-19, 1.6285145193e-18, 5.0857272632e-18, 2.52537765384e-18, 2.0052065732e-18, 1.66999545567e-18, 6.82764886487e-18, 6.86162861725e-18, 6.59068726197e-18, 5.18054160014e-18, 1.08533615439e-17, 6.55630260468e-18, 1.02033572283e-17, 1.24391503234e-17, 1.07467503706e-17, 9.53563387675e-18, 2.01363388928e-17, 1.65970017965e-17, 2.14985515061e-17, 2.22970951258e-17, 1.45672808987e-17, 1.42845505653e-17, 1.86467586631e-17, 1.85125585349e-17, 1.8234400856e-17, 1.02998983047e-17, 8.32769127489e-18, 6.98989455175e-18, 2.79847898449e-18, 9.96915179117e-19, 2.21119413956e-19, 3.22439494105e-20],
        "var": [0.325658589602, 16.2518901825, 66.8164672852, 146.630142212, 708.975402832, 280.67401123, 162.096893311, 143.704299927, 164.131744385, 198.492248535, 295.908294678, 289.459411621, 385.968383789, 279.981933594, 1508.44018555, 972.477478027, 693.818969727, 988.888671875, 962.827880859, 963.692871094, 2683.91235352, 943.719848633, 995.483520508, 1717.43664551, 1533.23254395, 1787.96691895, 1519.3840332, 1637.50598145, 643.11340332, 405.159210205, 299.688598633, 188.900604248, 126.950561523, 59.3050041199, 15.6885576248, 4.34410715103, 0.930686414242, 0.017520243302, 0.000119353637274, 3.57408822538e-08]
    },
    "gfcc": {
        "mean": [-25.1637821198, 66.0555419922, -112.569877625, 51.011756897, -42.5922317505, 17.2009086609, -28.106086731, 8.34119606018, -21.8940811157, 2.97920489311, -14.580280304, 1.13926577568, -10.5537290573],
        "cov": [[42134.9765625, -2562.01831055, -726.204284668, 1523.56567383, -1751.81298828, 1213.07287598, -1537.23339844, 616.34753418, -1187.32836914, 670.628356934, -826.440673828, 422.00189209, -575.114257812], [-2562.01831055, 4126.49267578, -1072.81530762, -171.573379517, 431.274780273, -643.100585938, 453.158416748, -369.45501709, 310.61126709, -412.536865234, 265.333068848, -309.474914551, 269.16708374], [-726.204284668, -1072.81530762, 1395.6887207, 255.939468384, 182.942428589, 318.996307373, -20.4480628967, 190.62461853, -33.0126457214, 140.13420105, -28.4942398071, 116.527984619, -57.7049446106], [1523.56567383, -171.573379517, 255.939468384, 676.771057129, 70.7683792114, 196.813781738, 68.2857589722, 94.0136413574, 29.7650623322, 46.0348815918, 32.0245170593, 20.3602848053, 10.0681753159], [-1751.81298828, 431.274780273, 182.942428589, 70.7683792114, 378.070404053, -19.4345474243, 174.589981079, 14.5336990356, 96.958114624, -41.3762016296, 54.0858039856, -27.0455532074, 48.7091941833], [1213.07287598, -643.100585938, 318.996307373, 196.813781738, -19.4345474243, 368.000549316, -18.7397079468, 147.352844238, 4.27818727493, 104.847061157, -4.40035772324, 71.8576507568, -37.6650810242], [-1537.23339844, 453.158416748, -20.4480628967, 68.2857589722, 174.589981079, -18.7397079468, 243.065887451, 4.72626638412, 129.16569519, -41.0771102905, 92.3537445068, -31.9097118378, 61.8627243042], [616.34753418, -369.45501709, 190.62461853, 94.0136413574, 14.5336990356, 147.352844238, 4.72626638412, 174.108505249, 13.1466445923, 83.5188293457, -13.8702363968, 62.2767944336, -17.5003242493], [-1187.32836914, 310.61126709, -33.0126457214, 29.7650623322, 96.958114624, 4.27818727493, 129.16569519, 13.1466445923, 173.350234985, -14.5253324509, 91.9211349487, -11.2310400009, 56.4079742432], [670.628356934, -412.536865234, 140.13420105, 46.0348815918, -41.3762016296, 104.847061157, -41.0771102905, 83.5188293457, -14.5253324509, 142.305099487, 1.78454959393, 70.5401916504, -25.6018123627], [-826.440673828, 265.333068848, -28.4942398071, 32.0245170593, 54.0858039856, -4.40035772324, 92.3537445068, -13.8702363968, 91.9211349487, 1.78454959393, 124.038093567, 1.68770074844, 45.5351600647], [422.00189209, -309.474914551, 116.527984619, 20.3602848053, -27.0455532074, 71.8576507568, -31.9097118378, 62.2767944336, -11.2310400009, 70.5401916504, 1.68770074844, 90.6787338257, -0.0581128299236], [-575.114257812, 269.16708374, -57.7049446106, 10.0681753159, 48.7091941833, -37.6650810242, 61.8627243042, -17.5003242493, 56.4079742432, -25.6018123627, 45.5351600647, -0.0581128299236, 80.8448410034]],
        "icov": [[6.59668221488e-05, -0.000103811573354, 8.32357036415e-05, -0.000175739769475, 0.000158658440341, -0.000204991592909, 0.000236958847381, -0.000140331932926, 0.000237086816924, -0.000136870934512, 0.000229647455853, -0.000207605175092, 0.000155147281475], [-0.000103811573354, 0.000865903391968, 0.000171959676663, 0.000239750690525, -0.000749100290705, 0.000810101337265, -0.000501183909364, 0.000280093197944, -0.000422012060881, 0.00075419532368, -0.00112259318121, 0.00131064245943, -0.00108916009776], [8.32357036415e-05, 0.000171959676663, 0.00138874445111, -0.000391465146095, -0.00094541744329, -0.000663425016683, 0.000562386296224, -0.000327556103002, 0.000573120894842, -9.65821454884e-05, -2.04936895898e-05, -0.000683849910274, 0.000399463577196], [-0.000175739769475, 0.000239750690525, -0.000391465146095, 0.00238183420151, -0.000455406843685, -0.000432881090092, -0.00107401539572, -3.66668537026e-05, -8.0291662016e-05, 0.000197839981411, -0.000979545642622, 0.00131250172853, -0.00106650718953], [0.000158658440341, -0.000749100290705, -0.00094541744329, -0.000455406843685, 0.00555694662035, -0.000110179680632, -0.00230357795954, -0.000822368543595, 3.1634951938e-06, -9.24811829464e-05, 0.00168417172972, -0.000437778711785, 0.000209520934732], [-0.000204991592909, 0.000810101337265, -0.000663425016683, -0.000432881090092, -0.000110179680632, 0.00634641712531, -0.000729677441996, -0.00215278333053, -0.00158597680274, 0.00015017761325, -0.00162108393852, 0.000545505026821, 0.000608007831033], [0.000236958847381, -0.000501183909364, 0.000562386296224, -0.00107401539572, -0.00230357795954, -0.000729677441996, 0.0112959658727, -0.00243138475344, -0.00223347567953, 0.000675433431752, -0.00267065595835, 0.00148828874808, -0.000955006224103], [-0.000140331932926, 0.000280093197944, -0.000327556103002, -3.66668537026e-05, -0.000822368543595, -0.00215278333053, -0.00243138475344, 0.0128470836207, -0.0031222156249, -0.00327768386342, 0.00403861282393, -0.00409152032807, 0.000836759805679], [0.000237086816924, -0.000422012060881, 0.000573120894842, -8.0291662016e-05, 3.1634951938e-06, -0.00158597680274, -0.00223347567953, -0.0031222156249, 0.0142134139314, -0.000258420914179, -0.00552624277771, 0.00141628633719, -0.00308222672902], [-0.000136870934512, 0.00075419532368, -9.65821454884e-05, 0.000197839981411, -9.24811829464e-05, 0.00015017761325, 0.000675433431752, -0.00327768386342, -0.000258420914179, 0.0156492311507, -0.00445488700643, -0.0064881448634, 0.00296163535677], [0.000229647455853, -0.00112259318121, -2.04936895898e-05, -0.000979545642622, 0.00168417172972, -0.00162108393852, -0.00267065595835, 0.00403861282393, -0.00552624277771, -0.00445488700643, 0.0186284035444, -0.00414681620896, -0.00142372527625], [-0.000207605175092, 0.00131064245943, -0.000683849910274, 0.00131250172853, -0.000437778711785, 0.000545505026821, 0.00148828874808, -0.00409152032807, 0.00141628633719, -0.0064881448634, -0.00414681620896, 0.0251163579524, -0.00868786778301], [0.000155147281475, -0.00108916009776, 0.000399463577196, -0.00106650718953, 0.000209520934732, 0.000608007831033, -0.000955006224103, 0.000836759805679, -0.00308222672902, 0.00296163535677, -0.00142372527625, -0.00868786778301, 0.0224703308195]]
    },
    "melbands": {
        "dmean": [0.00230602058582, 0.00199484196492, 0.00109103880823, 0.000638473313302, 0.00023863959359, 0.00012574561697, 7.97902102931e-05, 6.02734326094e-05, 5.48493262613e-05, 4.55650297226e-05, 3.55127012881e-05, 3.09207644023e-05, 3.49509718944e-05, 3.50245791196e-05, 3.30141665472e-05, 2.39763503487e-05, 2.72473171208e-05, 2.27488453675e-05, 2.19557714445e-05, 2.22706421482e-05, 2.33010614465e-05, 1.80662445928e-05, 1.73216631083e-05, 1.80163278856e-05, 1.89860857063e-05, 1.73868720594e-05, 1.49994657477e-05, 1.35010541271e-05, 1.24336365843e-05, 1.08402800834e-05, 9.94197125692e-06, 7.13563304089e-06, 5.92713968217e-06, 4.6743589337e-06, 4.47673119197e-06, 4.10633538195e-06, 3.39356051882e-06, 3.09638994622e-06, 2.63747620011e-06, 2.08304595617e-06],
        "dmean2": [0.00366284092888, 0.00318969367072, 0.00184196908958, 0.00106454431079, 0.000409796572058, 0.000219039226067, 0.000136084490805, 0.000102522288216, 9.47788430494e-05, 7.84056464909e-05, 6.04307679168e-05, 5.32355734322e-05, 6.08259288128e-05, 5.95507844992e-05, 5.59286563657e-05, 4.05883911299e-05, 4.58505346614e-05, 3.86732826883e-05, 3.72754657292e-05, 3.7786008761e-05, 3.9248901885e-05, 3.03646629618e-05, 2.90223597403e-05, 3.01720374409e-05, 3.13313285005e-05, 2.91546803055e-05, 2.47385851253e-05, 2.20049314521e-05, 2.0168019546e-05, 1.79752641998e-05, 1.68889309862e-05, 1.18483512779e-05, 9.7814045148e-06, 7.7110107668e-06, 7.45272154745e-06, 6.92652838552e-06, 5.58255032956e-06, 5.16223917657e-06, 4.25439338869e-06, 3.33523212248e-06],
        "dvar": [1.39740604936e-05, 1.52051979967e-05, 6.20215405434e-06, 2.59508306044e-06, 2.15955552108e-07, 6.81188510043e-08, 1.97474783192e-08, 2.01559373636e-08, 1.71005005711e-08, 9.03573926792e-09, 3.68211616752e-09, 3.01615377118e-09, 1.21389529539e-08, 4.82821782555e-09, 5.3289883617e-09, 1.86968618365e-09, 2.90811308368e-09, 1.91321825049e-09, 1.69678981976e-09, 1.89331217371e-09, 1.70672675992e-09, 9.47337208679e-10, 6.98904212282e-10, 8.64978644266e-10, 1.11029796468e-09, 7.5122602583e-10, 1.12500209148e-09, 6.13415929163e-10, 4.46236964047e-10, 4.1077813373e-10, 8.90301832257e-10, 1.66518909772e-10, 1.15498603737e-10, 7.07625069651e-11, 6.29339982905e-11, 6.73708658305e-11, 4.3056311988e-11, 4.11512005027e-11, 3.48144429951e-11, 2.08267725982e-11],
        "dvar2": [3.41263148584e-05, 3.69116642105e-05, 1.6488476831e-05, 5.93511731495e-06, 5.79455729621e-07, 1.88832430581e-07, 5.35111794875e-08, 5.640671219e-08, 4.85998050692e-08, 2.48034375261e-08, 9.48087741648e-09, 8.1089890358e-09, 3.45239676847e-08, 1.31703563611e-08, 1.45367362592e-08, 4.95109153675e-09, 7.43599626318e-09, 4.92337282054e-09, 4.47293135863e-09, 5.20478637966e-09, 4.64316940452e-09, 2.49373921513e-09, 1.82654014136e-09, 2.2215573825e-09, 2.75919620485e-09, 1.94952165522e-09, 3.02788638606e-09, 1.54557588949e-09, 1.06170594538e-09, 1.05980135778e-09, 2.5299542461e-09, 4.31991942218e-10, 2.99051922115e-10, 1.81686832246e-10, 1.66520672251e-10, 1.81078443906e-10, 1.12449556611e-10, 1.09643676083e-10, 8.87707893305e-11, 5.04025085557e-11],
        "max": [0.0367834344506, 0.0386944152415, 0.0239545423537, 0.0187132060528, 0.00821051374078, 0.00340352486819, 0.00248943688348, 0.00523951789364, 0.00320748146623, 0.00255119171925, 0.00137206178624, 0.000944658415392, 0.00381379737519, 0.00145239580888, 0.00189380173106, 0.000843993155286, 0.00119192863349, 0.00133089174051, 0.000815405219328, 0.00116255588364, 0.00108312128577, 0.000504926079884, 0.000231245358009, 0.000319060025504, 0.000609022856224, 0.000326007138938, 0.00127293821424, 0.000556611688808, 0.00027883972507, 0.000318690988934, 0.00118361506611, 0.000209564590477, 0.00021301448578, 0.000146589649376, 0.000105932027509, 0.000137576644192, 7.44924182072e-05, 8.05896124803e-05, 8.48997151479e-05, 5.7046454458e-05],
        "mean": [0.00341236661188, 0.00272441725247, 0.00117608997971, 0.000658903969452, 0.000282196269836, 0.00015411239292, 0.000110449145723, 7.77146124165e-05, 6.7772307375e-05, 5.67369024793e-05, 5.22290356457e-05, 4.11598448409e-05, 4.75841479783e-05, 4.98923836858e-05, 4.56208981632e-05, 3.29422146024e-05, 3.57201024599e-05, 3.08219714498e-05, 3.0712755688e-05, 3.32502931997e-05, 3.52362621925e-05, 2.57062529272e-05, 2.31374069699e-05, 2.38960437855e-05, 2.5588702556e-05, 2.37877993641e-05, 2.15394557017e-05, 1.93547184608e-05, 1.80124534381e-05, 1.54317931447e-05, 1.3303405467e-05, 1.04676664705e-05, 8.87238275027e-06, 7.42712654755e-06, 6.78286187394e-06, 5.97209918851e-06, 5.05825846631e-06, 4.5781339395e-06, 3.75400986741e-06, 3.07391132992e-06],
        "median": [0.00114089832641, 0.0013320564758, 0.000449224899057, 0.00021171339904, 0.000106577092083, 5.85516681895e-05, 4.14848509536e-05, 3.27793022734e-05, 2.69560350716e-05, 2.3653228709e-05, 2.17396682274e-05, 2.06718232221e-05, 1.96594810404e-05, 2.16777771129e-05, 2.0249031877e-05, 1.72313248186e-05, 1.92339175555e-05, 1.65987185028e-05, 1.72553864104e-05, 1.77258352778e-05, 1.79189482878e-05, 1.53288874571e-05, 1.33894654937e-05, 1.38051618706e-05, 1.45564945342e-05, 1.40838883453e-05, 1.20583044918e-05, 9.91659089777e-06, 8.62344222696e-06, 7.29612111172e-06, 5.85996986047e-06, 4.74294392916e-06, 3.65183882423e-06, 2.94872893392e-06, 2.38972484112e-06, 1.83640406703e-06, 1.4293860886e-06, 1.08784036001e-06, 8.47640308166e-07, 6.06291962413e-07],
        "min": [2.05675238866e-23, 1.87713586028e-23, 7.33981745311e-24, 3.44652106757e-24, 3.28613400984e-24, 8.2992127311e-24, 9.04489296809e-24, 2.2174810626e-23, 4.10970246775e-23, 1.28577992998e-23, 9.47043846139e-24, 5.20246272815e-24, 2.03154244516e-23, 1.98815982854e-23, 1.65651449983e-23, 1.60612127635e-23, 8.07238761072e-24, 1.70506715306e-23, 1.09403711066e-23, 1.04922294815e-23, 1.11980391107e-23, 1.2325072853e-23, 1.00666279791e-23, 1.12032219268e-23, 6.74982601551e-24, 1.1511789603e-23, 1.55491726162e-23, 1.02242068892e-23, 1.20024863296e-23, 1.59974601805e-23, 1.19228279443e-23, 7.65461397506e-24, 7.93119965248e-24, 8.20289754774e-24, 1.14351509772e-23, 9.65934067147e-24, 1.20855131511e-23, 1.37680083115e-23, 9.21373838966e-24, 8.25489531431e-24],
        "var": [2.56243256445e-05, 1.78239697561e-05, 5.01552221976e-06, 2.48179230766e-06, 2.37171619233e-07, 7.44857828749e-08, 3.49854758497e-08, 2.70272302316e-08, 2.01053609317e-08, 1.15543743462e-08, 9.69144409169e-09, 4.10100087223e-09, 1.64913327438e-08, 7.40713668179e-09, 8.2190467765e-09, 2.63876454021e-09, 3.83389098246e-09, 2.43329290051e-09, 2.13718065467e-09, 3.13834291887e-09, 3.3640279451e-09, 1.24000065771e-09, 7.97438670652e-10, 9.44958666871e-10, 1.2854968201e-09, 9.09314956665e-10, 1.09281628191e-09, 7.66257723939e-10, 6.76358968832e-10, 5.19965293044e-10, 6.64562960218e-10, 2.23266419241e-10, 1.68433170189e-10, 1.16083732904e-10, 1.03397380935e-10, 9.24124943236e-11, 6.87337547989e-11, 6.79860959196e-11, 5.71653765991e-11, 3.9161427573e-11]
    },
    "mfcc": {
        "mean": [-648.299682617, 87.6539916992, -1.58952271938, 34.6987609863, 10.9230260849, 14.1928129196, 7.37567520142, 7.53654193878, 2.18601083755, 3.63930845261, -0.495035946369, 1.62535345554, 0.206984251738],
        "cov": [[16896.3339844, -795.031188965, 358.736602783, 661.291931152, -98.6745147705, 323.039398193, -29.6593284607, -132.198455811, -122.948852539, -47.6597518921, -70.4830932617, 13.7504825592, -67.2286300659], [-795.031188965, 3083.69458008, -626.333435059, 239.718963623, -54.9574012756, -100.927391052, -0.274883538485, 12.7933568954, -9.56511688232, -22.2874450684, -79.2159423828, -20.4087333679, -16.6116790771], [358.736602783, -626.333435059, 765.994812012, 130.354949951, 223.611022949, 148.972640991, 104.998039246, 88.5663146973, 47.2911376953, 51.8528709412, 66.9520263672, 28.8114738464, 15.6381540298], [661.291931152, 239.718963623, 130.354949951, 491.624755859, 129.438308716, 100.920318604, 105.152328491, 61.4415206909, 55.6043739319, 25.1716804504, 26.7425842285, 24.583694458, 4.3394908905], [-98.6745147705, -54.9574012756, 223.611022949, 129.438308716, 256.708862305, 93.8630981445, 96.7857589722, 78.2808914185, 62.3291358948, 41.3253631592, 41.1452560425, 15.706905365, 13.0354881287], [323.039398193, -100.927391052, 148.972640991, 100.920318604, 93.8630981445, 166.274581909, 75.6412200928, 59.1710891724, 34.5741615295, 41.8606185913, 38.6042900085, 33.3183746338, 20.2385997772], [-29.6593284607, -0.274883538485, 104.998039246, 105.152328491, 96.7857589722, 75.6412200928, 139.051239014, 67.119468689, 47.953125, 35.0038070679, 34.9297904968, 23.6322288513, 13.7339944839], [-132.198455811, 12.7933568954, 88.5663146973, 61.4415206909, 78.2808914185, 59.1710891724, 67.119468689, 126.761985779, 63.0914649963, 48.5762748718, 37.6054229736, 25.5751571655, 22.3223514557], [-122.948852539, -9.56511688232, 47.2911376953, 55.6043739319, 62.3291358948, 34.5741615295, 47.953125, 63.0914649963, 95.6367492676, 41.7686004639, 22.7414836884, 17.3196983337, 19.49974823], [-47.6597518921, -22.2874450684, 51.8528709412, 25.1716804504, 41.3253631592, 41.8606185913, 35.0038070679, 48.5762748718, 41.7686004639, 75.827583313, 44.4211921692, 26.1166877747, 21.9662876129], [-70.4830932617, -79.2159423828, 66.9520263672, 26.7425842285, 41.1452560425, 38.6042900085, 34.9297904968, 37.6054229736, 22.7414836884, 44.4211921692, 73.0498733521, 34.5955238342, 21.4170894623], [13.7504825592, -20.4087333679, 28.8114738464, 24.583694458, 15.706905365, 33.3183746338, 23.6322288513, 25.5751571655, 17.3196983337, 26.1166877747, 34.5955238342, 62.7513198853, 32.7605361938], [-67.2286300659, -16.6116790771, 15.6381540298, 4.3394908905, 13.0354881287, 20.2385997772, 13.7339944839, 22.3223514557, 19.49974823, 21.9662876129, 21.4170894623, 32.7605361938, 61.2711906433]],
