{
"lowlevel": {
    "average_loudness": 0.650953710079,
    "barkbands_crest": {
        "dmean": 2.91616201401,
        "dmean2": 4.61047315598,
        "dvar": 11.4061517715,
        "dvar2": 26.6380939484,
        "max": 26.986661911,
        "mean": 13.6083316803,
        "median": 12.822804451,
        "min": 2.02252602577,
        "var": 54.5706748962
    },
    "barkbands_flatness_db": {
        "dmean": 0.0396631769836,
        "dmean2": 0.0609507970512,
        "dvar": 0.00239898497239,
        "dvar2": 0.00535667873919,
        "max": 0.698832213879,
        "mean": 0.157223835588,
        "median": 0.151530370116,
        "min": 0.0122742205858,
        "var": 0.00773874251172
    },
    "barkbands_kurtosis": {
        "dmean": 25.3179073334,
        "dmean2": 38.0045394897,
        "dvar": 43686.703125,
        "dvar2": 104605.132812,
        "max": 15824.5087891,
        "mean": 31.1297492981,
        "median": 5.14820384979,
        "min": -1.82228279114,
        "var": 50227.6054688
    },
    "barkbands_skewness": {
        "dmean": 1.4880168438,
        "dmean2": 2.22784924507,
        "dvar": 6.33114624023,
        "dvar2": 13.4069099426,
        "max": 33.0555229187,
        "mean": 3.12953424454,
        "median": 2.3416993618,
        "min": -115.184822083,
        "var": 17.7876873016
    },
    "barkbands_spread": {
        "dmean": 9.57415771484,
        "dmean2": 15.7652654648,
        "dvar": 158.615982056,
        "dvar2": 381.938323975,
        "max": 97.7004089355,
        "mean": 23.0966663361,
        "median": 18.4533882141,
        "min": 0.0201938282698,
        "var": 320.608428955
    },
    "dissonance": {
        "dmean": 0.00724303722382,
        "dmean2": 0.0125011904165,
        "dvar": 8.16397296148e-05,
        "dvar2": 0.000226570016821,
        "max": 0.500000059605,
        "mean": 0.48974737525,
        "median": 0.493009507656,
        "min": 0.332943826914,
        "var": 0.000107983389171
    },
    "dynamic_complexity": 7.9872174263,
    "erbbands_crest": {
        "dmean": 2.07281064987,
        "dmean2": 3.55768036842,
        "dvar": 6.00225639343,
        "dvar2": 15.4379825592,
        "max": 34.9746856689,
        "mean": 6.10044384003,
        "median": 5.10044765472,
        "min": 2.22153377533,
        "var": 11.2711019516
    },
    "erbbands_flatness_db": {
        "dmean": 0.0148318102583,
        "dmean2": 0.0235106945038,
        "dvar": 0.000331140763592,
        "dvar2": 0.000732320011593,
        "max": 0.740580677986,
        "mean": 0.124120667577,
        "median": 0.106146074831,
        "min": 0.0477329716086,
        "var": 0.00376259558834
    },
    "erbbands_kurtosis": {
        "dmean": 1.10437262058,
        "dmean2": 1.82064270973,
        "dvar": 46.0435943604,
        "dvar2": 124.228157043,
        "max": 436.104248047,
        "mean": 0.473888576031,
        "median": -0.161147356033,
        "min": -1.81288146973,
        "var": 54.4486236572
    },
    "erbbands_skewness": {
        "dmean": 0.382907271385,
        "dmean2": 0.609902620316,
        "dvar": 0.238112837076,
        "dvar2": 0.56781065464,
        "max": 6.50851869583,
        "mean": -0.322413593531,
        "median": -0.487137079239,
        "min": -18.1745586395,
        "var": 0.600132346153
    },
    "erbbands_spread": {
        "dmean": 13.9014034271,
        "dmean2": 22.387638092,
        "dvar": 248.498718262,
        "dvar2": 629.747436523,
        "max": 155.418319702,
        "mean": 56.7180519104,
        "median": 49.7635612488,
        "min": 0.154895395041,
        "var": 1072.71972656
    },
    "hfc": {
        "dmean": 13.325630188,
        "dmean2": 22.1862812042,
        "dvar": 771.827453613,
        "dvar2": 2074.6081543,
        "max": 410.190856934,
        "mean": 26.2260532379,
        "median": 14.9798126221,
        "min": 1.11572198899e-16,
        "var": 1129.71850586
    },
    "melbands_crest": {
        "dmean": 3.94343590736,
        "dmean2": 6.27661800385,
        "dvar": 18.3814659119,
        "dvar2": 45.7189407349,
        "max": 38.6669120789,
        "mean": 19.9290142059,
        "median": 20.4062004089,
        "min": 1.7607063055,
        "var": 95.044128418
    },
    "melbands_flatness_db": {
        "dmean": 0.0476789027452,
        "dmean2": 0.0731876790524,
        "dvar": 0.00342526845634,
        "dvar2": 0.00785276480019,
        "max": 0.627427756786,
        "mean": 0.22738713026,
        "median": 0.235832452774,
        "min": 0.00140579731669,
        "var": 0.0127425668761
    },
    "melbands_kurtosis": {
        "dmean": 68.0406799316,
        "dmean2": 104.642677307,
        "dvar": 21039.0761719,
        "dvar2": 47755.96875,
        "max": 1752.11975098,
        "mean": 106.487632751,
        "median": 22.5092697144,
        "min": -1.92520034313,
        "var": 37043.4882812
    },
    "melbands_skewness": {
        "dmean": 2.31198954582,
        "dmean2": 3.52450299263,
        "dvar": 10.6802310944,
        "dvar2": 24.9292297363,
        "max": 36.5601272583,
        "mean": 6.59909915924,
        "median": 4.37987661362,
        "min": -34.0122528076,
        "var": 40.0580635071
    },
    "melbands_spread": {
        "dmean": 11.1183614731,
        "dmean2": 17.9823436737,
        "dvar": 314.536254883,
        "dvar2": 676.547851562,
        "max": 284.026977539,
        "mean": 25.163942337,
        "median": 11.2150402069,
        "min": 0.188054427505,
        "var": 911.631713867
    },
    "pitch_salience": {
        "dmean": 0.104647472501,
        "dmean2": 0.167294278741,
        "dvar": 0.015849724412,
        "dvar2": 0.038918569684,
        "max": 0.971839904785,
        "mean": 0.45867690444,
        "median": 0.48550209403,
        "min": 0.0133821293712,
        "var": 0.0582147911191
    },
    "silence_rate_20dB": {
        "dmean": 0,
        "dmean2": 0,
        "dvar": 0,
        "dvar2": 0,
        "max": 1,
        "mean": 1,
        "median": 1,
        "min": 1,
        "var": 0
    },
    "silence_rate_30dB": {
        "dmean": 0.0710935592651,
        "dmean2": 0.142204672098,
        "dvar": 0.0660443529487,
        "dvar2": 0.151607602835,
        "max": 1,
        "mean": 0.622362077236,
        "median": 1,
        "min": 0,
        "var": 0.235020950437
    },
    "silence_rate_60dB": {
        "dmean": 0.0288817584515,
        "dmean2": 0.0577706471086,
        "dvar": 0.028051674366,
        "dvar2": 0.0598555319011,
        "max": 1,
        "mean": 0.302110344172,
        "median": 0,
        "min": 0,
        "var": 0.210854351521
    },
    "spectral_centroid": {
        "dmean": 445.102020264,
        "dmean2": 698.538879395,
        "dvar": 267914.625,
        "dvar2": 607832.9375,
        "max": 11353.8242188,
        "mean": 1985.34741211,
        "median": 2030.21191406,
        "min": 136.244781494,
        "var": 924954.875
    },
    "spectral_complexity": {
        "dmean": 6.80301141739,
        "dmean2": 10.8223676682,
        "dvar": 86.0848770142,
        "dvar2": 183.657196045,
        "max": 64,
        "mean": 17.3053188324,
        "median": 13,
        "min": 0,
        "var": 260.289154053
    },
    "spectral_decrease": {
        "dmean": 6.33741770173e-09,
        "dmean2": 9.76938085984e-09,
        "dvar": 8.18737149907e-17,
        "dvar2": 1.99005136706e-16,
        "max": 3.36121922061e-26,
        "mean": -1.79678476542e-08,
        "median": -5.69954705654e-09,
        "min": -8.16689862404e-08,
        "var": 4.04440894608e-16
    },
    "spectral_energy": {
        "dmean": 0.0241713095456,
        "dmean2": 0.0370370298624,
        "dvar": 0.00115986331366,
        "dvar2": 0.00278371758759,
        "max": 0.310911864042,
        "mean": 0.0701937302947,
        "median": 0.0251323673874,
        "min": 1.00777845486e-20,
        "var": 0.00599624868482
    },
    "spectral_energyband_high": {
        "dmean": 0.00120013847481,
        "dmean2": 0.00205280957744,
        "dvar": 7.47624289943e-06,
        "dvar2": 2.04475545615e-05,
        "max": 0.0506095290184,
        "mean": 0.00210330099799,
        "median": 0.000816340150777,
        "min": 6.9325635553e-21,
        "var": 1.05630897451e-05
    },
    "spectral_energyband_low": {
        "dmean": 0.0230707712471,
        "dmean2": 0.0361557155848,
        "dvar": 0.00120210740715,
        "dvar2": 0.00296545517631,
        "max": 0.307676047087,
        "mean": 0.0616736523807,
        "median": 0.0123386792839,
        "min": 2.46256121319e-23,
        "var": 0.00543850986287
    },
    "spectral_energyband_middle_high": {
        "dmean": 0.00191542971879,
        "dmean2": 0.00339536112733,
        "dvar": 1.92237566807e-05,
        "dvar2": 5.373032036e-05,
        "max": 0.0367602668703,
        "mean": 0.00269404775463,
        "median": 0.0014721484622,
        "min": 1.26018280409e-21,
        "var": 1.61435837072e-05
    },
    "spectral_energyband_middle_low": {
        "dmean": 0.00560795981437,
        "dmean2": 0.0101017951965,
        "dvar": 0.000250623270404,
        "dvar2": 0.000699626165442,
        "max": 0.121892020106,
        "mean": 0.00525775272399,
        "median": 0.00128789350856,
        "min": 2.78445407541e-22,
        "var": 0.000159247269039
    },
    "spectral_entropy": {
        "dmean": 0.156310364604,
        "dmean2": 0.250823736191,
        "dvar": 0.0574796609581,
        "dvar2": 0.139317467809,
        "max": 9.82384109497,
        "mean": 8.01628017426,
        "median": 8.15211772919,
        "min": 4.5208735466,
        "var": 0.206414565444
    },
    "spectral_flux": {
        "dmean": 0.0412710160017,
        "dmean2": 0.0577923171222,
        "dvar": 0.00295729725622,
        "dvar2": 0.00488321715966,
        "max": 0.530093431473,
        "mean": 0.101890936494,
        "median": 0.0741197168827,
        "min": 6.39356970145e-11,
        "var": 0.0100140208378
    },
    "spectral_kurtosis": {
        "dmean": 1.34281826019,
        "dmean2": 2.28686904907,
        "dvar": 7.99741077423,
        "dvar2": 22.135477066,
        "max": 57.6413421631,
        "mean": 3.85904145241,
        "median": 2.30299806595,
        "min": -1.23500311375,
        "var": 21.7818164825
    },
    "spectral_rms": {
        "dmean": 0.00129352812655,
        "dmean2": 0.00189803226385,
        "dvar": 2.84346288026e-06,
        "dvar2": 5.83175824431e-06,
        "max": 0.017416331917,
        "mean": 0.0063883382827,
        "median": 0.00495170522481,
        "min": 3.13559963584e-12,
        "var": 2.76708469755e-05
    },
    "spectral_rolloff": {
        "dmean": 754.766723633,
        "dmean2": 1232.38427734,
        "dvar": 1945431.875,
        "dvar2": 4030255,
        "max": 20801.0742188,
        "mean": 1714.08435059,
        "median": 387.59765625,
        "min": 43.06640625,
        "var": 6646729.5
    },
    "spectral_skewness": {
        "dmean": 0.184646114707,
        "dmean2": 0.30608484149,
        "dvar": 0.0838621854782,
        "dvar2": 0.226947426796,
        "max": 5.8818564415,
        "mean": 1.31993114948,
        "median": 1.1429848671,
        "min": -1.84509456158,
        "var": 0.300198763609
    },
    "spectral_spread": {
        "dmean": 518557.9375,
        "dmean2": 827418.5625,
        "dvar": 567379165184,
        "dvar2": 1.14077794304e+12,
        "max": 42487232,
        "mean": 5560083.5,
        "median": 5973280.5,
        "min": 602488.8125,
        "var": 7.2694193193e+12
    },
    "spectral_strongpeak": {
        "dmean": 0.217771455646,
        "dmean2": 0.362626999617,
        "dvar": 0.422659128904,
        "dvar2": 1.14118552208,
        "max": 25.8255119324,
        "mean": 0.467581003904,
        "median": 0.342087268829,
        "min": 0,
        "var": 0.704032063484
    },
    "zerocrossingrate": {
        "dmean": 0.0159593001008,
        "dmean2": 0.0186219532043,
        "dvar": 0.000468275102321,
        "dvar2": 0.00047958115465,
        "max": 0.8212890625,
        "mean": 0.0701298564672,
        "median": 0.05029296875,
        "min": 0.001953125,
        "var": 0.00433667981997
    },
    "barkbands": {
        "dmean": [0.0021747094579, 0.0199187826365, 0.00637394795194, 0.00363196549006, 0.00158631661907, 0.000341237260727, 0.000261735665845, 0.00010559855582, 0.000306645961246, 0.000177213267307, 0.000129791806103, 0.000149421146489, 0.00020196204423, 0.000164670520462, 0.000234600520344, 0.000268835137831, 0.000317032710882, 0.000228735909332, 0.000337489822414, 0.000218082903302, 0.000341865292285, 0.000244743539952, 0.000201898626983, 0.000185398253961, 0.000156186331878, 8.33421436255e-05, 2.28476073971e-05],
        "dmean2": [0.00278505519964, 0.0299099311233, 0.0114843230695, 0.00679669668898, 0.00293942843564, 0.000598466896918, 0.000472082203487, 0.000187377474504, 0.000552266719751, 0.000319574523019, 0.000228760327445, 0.000264405738562, 0.000361892482033, 0.000292394659482, 0.000415348913521, 0.000474645581562, 0.000566217699088, 0.000396611460019, 0.000605489476584, 0.000371657428332, 0.000601938227192, 0.000418512558099, 0.000346579385223, 0.000314553879434, 0.000260180939222, 0.00014223359176, 3.94276175939e-05],
        "dvar": [1.2541157048e-05, 0.00108648138121, 0.000267958967015, 0.00013089744607, 2.42749010795e-05, 7.87254236911e-07, 6.57432906337e-07, 8.53634318787e-08, 6.76404908972e-07, 2.92147433356e-07, 1.11913792011e-07, 1.29572285346e-07, 1.65639761462e-07, 1.13686589032e-07, 2.45119935016e-07, 3.87595235907e-07, 4.62244315713e-07, 2.10010455248e-07, 6.21861829586e-07, 1.64026161542e-07, 6.98530186583e-07, 2.67126495146e-07, 2.13206931221e-07, 1.67765620063e-07, 1.14210045865e-07, 4.06330933345e-08, 3.26124216521e-09],
        "dvar2": [2.17030556087e-05, 0.00253681791946, 0.0007446311065, 0.000379776785849, 6.89820226398e-05, 2.07006337405e-06, 1.81420091394e-06, 2.34086016349e-07, 1.90466357708e-06, 8.43524787797e-07, 3.0191750966e-07, 3.65545105296e-07, 4.67049829922e-07, 3.18525223975e-07, 6.85912482368e-07, 1.08086817363e-06, 1.2909212046e-06, 5.78398669404e-07, 1.77512845312e-06, 4.37478632875e-07, 1.93166306417e-06, 7.33100932848e-07, 5.82654422487e-07, 4.45563870244e-07, 2.98295816492e-07, 1.10206912041e-07, 8.92992169099e-09],
        "max": [0.0405011996627, 0.289599746466, 0.124723047018, 0.102345511317, 0.0651713982224, 0.0127918533981, 0.0137538714334, 0.0111468313262, 0.0113074639812, 0.00776404608041, 0.00800989754498, 0.00559840863571, 0.006069265306, 0.00458315853029, 0.00578720960766, 0.00626781350002, 0.00562593806535, 0.00531122088432, 0.00774252647534, 0.00771041400731, 0.0297469962388, 0.0106136780232, 0.0127733331174, 0.0102074621245, 0.0084135029465, 0.00445932382718, 0.000987484818324],
        "mean": [0.00497575150803, 0.049448646605, 0.00574668124318, 0.00305331754498, 0.00122131314129, 0.000302531319903, 0.000221547976253, 0.000114137677883, 0.000296853278996, 0.000171801773831, 0.000158846843988, 0.000174795772182, 0.000243836286245, 0.000200240683625, 0.000269112468231, 0.000299910199828, 0.00035220378777, 0.000291479402222, 0.000382287194952, 0.000342668761732, 0.000455014465842, 0.000388829997974, 0.000322821113514, 0.000331696064677, 0.000266681774519, 0.000136115195346, 2.45127703238e-05],
        "median": [4.72945466754e-05, 0.00523697445169, 0.000906358473003, 0.000418163632276, 0.000166874946444, 8.11713834992e-05, 5.69620460737e-05, 4.3571657443e-05, 9.89113905234e-05, 6.23875093879e-05, 6.24183448963e-05, 7.71239210735e-05, 0.000111462453788, 9.95109949145e-05, 0.000121838616906, 0.000117391085951, 0.000142924458487, 0.000130575019284, 0.000168342172401, 0.000162729935255, 0.000174821339897, 0.000138375748065, 0.000100794706668, 9.36478027143e-05, 8.10980927781e-05, 4.57598725916e-05, 2.47211369242e-06],
        "min": [1.64445293492e-24, 5.97209909311e-24, 6.85390556233e-25, 1.81450077773e-24, 1.75407434793e-23, 1.95959296635e-23, 5.65881955068e-24, 1.02955751353e-23, 3.34800772329e-23, 1.58847035582e-23, 3.29117439715e-23, 3.609124785e-23, 2.82202051524e-23, 3.24899179573e-23, 5.60828985425e-23, 8.09074361512e-23, 5.89634904023e-23, 1.01920021161e-22, 1.67466259206e-22, 1.84795892463e-22, 2.97243647368e-22, 3.01289683396e-22, 4.89147025125e-22, 6.78145021858e-22, 8.72919297952e-22, 1.36358219819e-21, 2.05978069945e-21],
        "var": [6.05201494182e-05, 0.00423840573058, 0.000179797047167, 7.36514339224e-05, 1.50224977915e-05, 6.1283208197e-07, 4.42183846872e-07, 8.54473682921e-08, 4.85405564632e-07, 2.16001794229e-07, 1.48148501466e-07, 1.28694750856e-07, 1.6357788013e-07, 1.0096245262e-07, 2.28031709071e-07, 3.45635868371e-07, 3.73892305561e-07, 2.05227919992e-07, 4.5822432071e-07, 2.85775911379e-07, 8.01108910764e-07, 3.57941786433e-07, 3.03096840071e-07, 3.12389545343e-07, 2.01297609692e-07, 5.16033118458e-08, 3.7708165479e-09]
    },
    "erbbands": {
        "dmean": [0.839842677116, 4.1076002121, 6.91407108307, 10.5045137405, 8.76762008667, 4.38816738129, 2.34756731987, 3.09102511406, 3.62381410599, 3.19515442848, 2.99521756172, 7.01473236084, 6.01087999344, 5.60752105713, 5.09226942062, 6.23939180374, 8.96196269989, 8.06083393097, 10.6905555725, 13.851360321, 14.1915855408, 17.7764892578, 13.2038488388, 12.7965316772, 17.9594135284, 10.64128685, 13.3675222397, 12.6649866104, 9.64577484131, 7.13671016693, 5.79083490372, 4.44476222992, 2.98254871368, 2.09556818008, 0.997838675976, 0.44809615612, 0.135050103068, 0.0401236563921, 0.00326330028474, 6.49434441584e-05],
        "dmean2": [1.16409659386, 6.49949598312, 11.777794838, 19.41132164, 16.3549671173, 8.03545665741, 4.19468736649, 5.45989608765, 6.56015396118, 5.67321109772, 5.30768060684, 12.5680646896, 10.9392108917, 10.0072078705, 8.8930644989, 11.094751358, 16.0649166107, 14.3683834076, 18.9125423431, 24.6067886353, 24.9282073975, 31.7484474182, 23.0904541016, 22.1696376801, 32.5438041687, 18.2650489807, 23.3009281158, 22.2574119568, 16.7162342072, 12.2486419678, 9.91463756561, 7.5658993721, 5.11793804169, 3.46460580826, 1.68107521534, 0.770049929619, 0.229478612542, 0.0687207207084, 0.00562920188531, 0.000105400220491],
        "dvar": [2.05642938614, 52.631111145, 232.773178101, 1030.94506836, 745.848510742, 190.914489746, 33.3258590698, 73.7817077637, 122.607704163, 106.449783325, 55.4431114197, 389.408905029, 278.688293457, 252.21472168, 184.495330811, 203.793380737, 339.43157959, 284.722503662, 564.975708008, 1020.56213379, 955.895446777, 1551.40563965, 805.064819336, 573.207885742, 1988.03173828, 432.363464355, 880.895874023, 955.583007812, 487.721130371, 259.334625244, 169.526565552, 98.2741165161, 45.8214797974, 20.5757045746, 4.9652094841, 1.24282586575, 0.103178367019, 0.00888742879033, 7.72839412093e-05, 1.64043409967e-08],
        "dvar2": [3.90799093246, 131.866409302, 616.481445312, 2952.21166992, 2145.86645508, 529.88848877, 90.4087982178, 196.531814575, 338.609100342, 284.460418701, 155.662078857, 1092.88513184, 803.752319336, 730.340515137, 476.555358887, 571.148132324, 958.05682373, 802.81048584, 1561.0546875, 2891.5859375, 2625.72705078, 4340.77197266, 2237.94677734, 1568.14978027, 5669.81347656, 1166.68054199, 2447.453125, 2600.63476562, 1366.48693848, 706.449584961, 461.639038086, 264.096496582, 123.614654541, 51.0172309875, 13.3395404816, 3.42927408218, 0.272435665131, 0.0245687700808, 0.00021022434521, 4.38261871238e-08],
        "max": [14.2644329071, 67.4650421143, 114.623550415, 271.463562012, 226.268356323, 339.543579102, 78.6197128296, 160.970840454, 188.000534058, 308.595001221, 125.844169617, 304.073944092, 221.772491455, 231.837677002, 376.220977783, 258.286529541, 277.227386475, 236.882797241, 359.952087402, 411.404388428, 364.870697021, 311.450714111, 337.707611084, 225.261184692, 390.214508057, 398.310424805, 907.126098633, 1161.62451172, 403.276733398, 266.369598389, 396.335205078, 274.490661621, 161.808624268, 114.297950745, 56.997592926, 22.8257408142, 10.0988454819, 1.32716941833, 0.174159124494, 0.00235393317416],
        "mean": [2.11367964745, 8.09628105164, 8.52226543427, 8.78286838531, 7.32457733154, 3.48916697502, 2.08943891525, 2.64074063301, 2.9240295887, 3.02132821083, 3.27678227425, 6.93470621109, 5.51551866531, 6.19154310226, 6.59231376648, 7.44523763657, 10.9600982666, 10.4250688553, 12.1005773544, 15.9628648758, 17.035993576, 19.522726059, 16.2989788055, 17.1011390686, 19.9093914032, 16.135093689, 18.8322792053, 16.8061828613, 14.350484848, 11.2392282486, 9.3068113327, 7.64955282211, 5.06513929367, 3.44373774529, 1.68035709858, 0.692766845226, 0.225154832006, 0.0557876452804, 0.00361336278729, 0.000142865377711],
        "median": [0.0855498835444, 1.05390322208, 1.73741304874, 1.45103430748, 1.13028216362, 0.507777988911, 0.518141806126, 0.679628551006, 0.700276315212, 0.95283395052, 1.31071460247, 2.28860998154, 1.89577317238, 2.46520280838, 2.82850694656, 3.42586755753, 5.08736848831, 5.43123912811, 5.63132429123, 6.67252206802, 7.34426259995, 7.87517786026, 7.29599237442, 8.34351921082, 8.24772262573, 7.59984588623, 7.90269565582, 6.00557327271, 5.13939332962, 3.68121790886, 2.86447620392, 2.12261986732, 1.45790088177, 1.00231993198, 0.506979763508, 0.20474806428, 0.0802431181073, 0.0148422727361, 0.000554223835934, 9.0789013484e-05],
        "min": [2.75863648814e-22, 8.56112950844e-22, 1.65816785132e-21, 7.03336649893e-21, 3.72128847425e-20, 4.05926768707e-20, 3.94430153727e-20, 1.87515201571e-19, 1.2367297538e-19, 4.27907794553e-19, 3.83454953338e-19, 7.06488653929e-19, 5.88884922424e-19, 7.04392268064e-19, 1.49689136888e-18, 1.60741562342e-18, 1.59369249026e-18, 3.28047216434e-18, 2.94637846443e-18, 3.90811985594e-18, 4.67167869886e-18, 3.60964868911e-18, 6.39656203427e-18, 8.33834370682e-18, 8.46192945342e-18, 8.20717933145e-18, 8.77212714621e-18, 1.23496129852e-17, 1.01900040516e-17, 1.37128182152e-17, 1.39864115115e-17, 1.14636553998e-17, 1.14802833845e-17, 9.09453567921e-18, 5.71962099561e-18, 4.62854826095e-18, 2.62509448347e-18, 1.00253607817e-18, 2.67418108708e-19, 3.20665773303e-20],
        "var": [8.80449104309, 130.438659668, 220.564468384, 599.009033203, 430.621734619, 130.664337158, 24.1683597565, 55.0099716187, 81.2592773438, 82.9990463257, 48.6138305664, 282.600830078, 199.273040771, 210.373352051, 240.78062439, 213.726837158, 332.028808594, 263.114654541, 470.058746338, 957.890563965, 925.085998535, 1216.54296875, 704.000549316, 607.097900391, 1422.6842041, 693.156494141, 1036.00134277, 1183.23168945, 542.013122559, 344.440856934, 249.684341431, 179.110702515, 71.4527816772, 38.4466400146, 7.57506608963, 1.43833446503, 0.143557399511, 0.0111029334366, 9.03067557374e-05, 3.2378075332e-08]
    },
    "gfcc": {
        "mean": [-59.6907196045, 49.8278770447, -104.239639282, 47.6240882874, -36.7108268738, 30.1597690582, -23.5389499664, 16.3603820801, -19.8564796448, 6.05561637878, -17.6673965454, 0.908345341682, -13.4636325836],
        "cov": [[33833.0898438, -3589.17822266, 3757.95385742, 3941.81982422, 379.161010742, 1716.01660156, 81.2383041382, 787.193664551, -35.241809845, 903.334838867, -382.735809326, 314.676940918, -103.652923584], [-3589.17822266, 2777.43237305, -668.263244629, -287.156707764, 76.6921005249, -396.982025146, 39.1564216614, -301.797912598, 20.8334369659, -373.588165283, 62.4250450134, -328.823486328, 40.6945648193], [3757.95385742, -668.263244629, 1535.25170898, 880.639343262, 327.033233643, 508.88571167, 178.063323975, 237.695678711, 118.219970703, 229.9972229, 29.8301448822, 129.077484131, 27.7553691864], [3941.81982422, -287.156707764, 880.639343262, 1146.02331543, 274.72354126, 449.785003662, 144.412612915, 166.921783447, 102.671592712, 135.459640503, -6.51353740692, 26.9378967285, 33.9968948364], [379.161010742, 76.6921005249, 327.033233643, 274.72354126, 377.039245605, 210.516159058, 150.783309937, 90.7941665649, 103.491920471, 58.7463111877, 52.3683319092, 8.66328430176, 28.3172988892], [1716.01660156, -396.982025146, 508.88571167, 449.785003662, 210.516159058, 424.254272461, 167.471878052, 162.405731201, 88.9822692871, 160.190429688, 29.3828258514, 81.9363632202, 25.3290100098], [81.2383041382, 39.1564216614, 178.063323975, 144.412612915, 150.783309937, 167.471878052, 207.488357544, 69.1701431274, 97.118927002, 52.8360443115, 56.0624046326, 15.2411794662, 37.2718696594], [787.193664551, -301.797912598, 237.695678711, 166.921783447, 90.7941665649, 162.405731201, 69.1701431274, 176.087814331, 67.5461044312, 113.085136414, 30.2522392273, 77.5222091675, 19.4174232483], [-35.241809845, 20.8334369659, 118.219970703, 102.671592712, 103.491920471, 88.9822692871, 97.118927002, 67.5461044312, 133.817840576, 66.3934783936, 65.1253814697, 21.3910884857, 44.5835227966], [903.334838867, -373.588165283, 229.9972229, 135.459640503, 58.7463111877, 160.190429688, 52.8360443115, 113.085136414, 66.3934783936, 160.2605896, 38.0324363708, 83.338142395, 14.7783613205], [-382.735809326, 62.4250450134, 29.8301448822, -6.51353740692, 52.3683319092, 29.3828258514, 56.0624046326, 30.2522392273, 65.1253814697, 38.0324363708, 96.6461029053, 34.8114776611, 39.7726211548], [314.676940918, -328.823486328, 129.077484131, 26.9378967285, 8.66328430176, 81.9363632202, 15.2411794662, 77.5222091675, 21.3910884857, 83.338142395, 34.8114776611, 115.83681488, 30.829372406], [-103.652923584, 40.6945648193, 27.7553691864, 33.9968948364, 28.3172988892, 25.3290100098, 37.2718696594, 19.4174232483, 44.5835227966, 14.7783613205, 39.7726211548, 30.829372406, 69.4878082275]],
        "icov": [[6.83418184053e-05, 2.0818428311e-05, -4.25788639404e-05, -0.000200640759431, 6.39665522613e-05, 2.32872189372e-05, 3.03155593429e-05, -4.36982736574e-05, 0.000219646521145, -0.000325032626279, 0.000168855593074, 0.000130001557409, -5.98074184381e-05], [2.0818428311e-05, 0.000854006037116, 7.1992733865e-05, -8.94624681678e-05, -0.000284438894596, 0.000255801773164, -0.000153861677973, 0.00013120888616, -2.88656647172e-05, 0.00101151992567, -0.00111181219108, 0.00190304487478, -0.000790089834481], [-4.25788639404e-05, 7.1992733865e-05, 0.00152179831639, -0.00072803045623, -0.000532830948941, -0.000265634298557, -0.000156170775881, 4.65815064672e-05, -2.37089789152e-05, -0.000204068332096, -7.36651199986e-05, -0.00096388271777, 0.000555795559194], [-0.000200640759431, -8.94624681678e-05, -0.00072803045623, 0.00282033556141, -0.000233755708905, -0.0020141066052, 0.000899391132407, -0.000319386163028, -0.00114224909339, 0.00139122735709, 0.00019415281713, 0.00146093370859, -0.00122200057376], [6.39665522613e-05, -0.000284438894596, -0.000532830948941, -0.000233755708905, 0.00508277118206, -0.0016375008272, -0.00095963885542, -0.000966930703726, -0.001389576355, 0.000992162618786, -0.000852511788253, 0.00083126820391, 0.00069938757224], [2.32872189372e-05, 0.000255801773164, -0.000265634298557, -0.0020141066052, -0.0016375008272, 0.00949341710657, -0.00490729464218, -0.00093343592016, 0.00238806707785, -0.00467184884474, 0.0016964757815, -0.00155272358097, 0.000255583261605], [3.03155593429e-05, -0.000153861677973, -0.000156170775881, 0.000899391132407, -0.00095963885542, -0.00490729464218, 0.0113834179938, -0.000688748608809, -0.00437257718295, 0.00226696697064, -0.00221734633669, 0.0021506913472, -0.00133759458549], [-4.36982736574e-05, 0.00013120888616, 4.65815064672e-05, -0.000319386163028, -0.000966930703726, -0.00093343592016, -0.000688748608809, 0.0135466512293, -0.00367049896158, -0.00344405975193, 0.00174144888297, -0.00559964729473, 0.00188900809735], [0.000219646521145, -2.88656647172e-05, -2.37089789152e-05, -0.00114224909339, -0.001389576355, 0.00238806707785, -0.00437257718295, -0.00367049896158, 0.0216573700309, -0.00874020531774, -0.00600853236392, 0.00723799457774, -0.00782905053347], [-0.000325032626279, 0.00101151992567, -0.000204068332096, 0.00139122735709, 0.000992162618786, -0.00467184884474, 0.00226696697064, -0.00344405975193, -0.00874020531774, 0.0228024497628, -0.00419227359816, -0.00601910986006, 0.00519689219072], [0.000168855593074, -0.00111181219108, -7.36651199986e-05, 0.00019415281713, -0.000852511788253, 0.0016964757815, -0.00221734633669, 0.00174144888297, -0.00600853236392, -0.00419227359816, 0.0221843291074, -0.00720093771815, -0.00348694226705], [0.000130001557409, 0.00190304487478, -0.00096388271777, 0.00146093370859, 0.00083126820391, -0.00155272358097, 0.0021506913472, -0.00559964729473, 0.00723799457774, -0.00601910986006, -0.00720093771815, 0.0272539332509, -0.0119457924739], [-5.98074184381e-05, -0.000790089834481, 0.000555795559194, -0.00122200057376, 0.00069938757224, 0.000255583261605, -0.00133759458549, 0.00188900809735, -0.00782905053347, 0.00519689219072, -0.00348694226705, -0.0119457924739, 0.0261654369533]]
    },
    "melbands": {
        "dmean": [0.00624617515132, 0.00382728502154, 0.00179057987407, 0.000455721950857, 9.50286630541e-05, 6.86612256686e-05, 5.54054931854e-05, 3.12783413392e-05, 2.89133477054e-05, 4.42217060481e-05, 2.98379982269e-05, 2.31643571169e-05, 1.74174620042e-05, 1.65381643455e-05, 1.98222551262e-05, 1.89461716218e-05, 1.49476800289e-05, 1.70635721588e-05, 1.79779617611e-05, 1.96926266653e-05, 1.62084597832e-05, 1.79077378561e-05, 1.81488321687e-05, 9.45829106058e-06, 1.02878566395e-05, 1.51096719492e-05, 1.00926408777e-05, 6.44152987661e-06, 8.42901226861e-06, 7.72096154833e-06, 7.36744868846e-06, 5.93871618548e-06, 4.32889783042e-06, 3.89324941352e-06, 3.55560678145e-06, 3.0723610962e-06, 2.6734696803e-06, 2.1989792458e-06, 1.72387944986e-06, 1.94483277483e-06],
        "dmean2": [0.00899844430387, 0.00622752541676, 0.00328439450823, 0.000842418521643, 0.000170845974935, 0.000120975826576, 0.000100154684333, 5.55747064936e-05, 5.1279708714e-05, 7.96181047917e-05, 5.43169444427e-05, 4.14049973188e-05, 3.06249276036e-05, 2.92212571367e-05, 3.54337680619e-05, 3.39068465109e-05, 2.66238930635e-05, 3.02228927467e-05, 3.19574392051e-05, 3.49294787156e-05, 2.84640427708e-05, 3.18424899888e-05, 3.27427515003e-05, 1.62022224686e-05, 1.78098216566e-05, 2.75477032119e-05, 1.77680194611e-05, 1.10076744022e-05, 1.46176998896e-05, 1.34885094667e-05, 1.30244570755e-05, 1.03730071714e-05, 7.34111335987e-06, 6.71223187965e-06, 6.09659673501e-06, 5.25357063452e-06, 4.51731148132e-06, 3.77976493837e-06, 2.91965034194e-06, 3.2182549603e-06],
        "dvar": [0.000106515151856, 4.71055136586e-05, 2.89715226245e-05, 2.01743819161e-06, 6.02506204928e-08, 3.50349402822e-08, 2.89548225396e-08, 9.63242818841e-09, 5.15719200678e-09, 1.49082364231e-08, 7.21689374927e-09, 4.56268667293e-09, 2.04057548636e-09, 1.6121386448e-09, 1.8966603843e-09, 1.40771583279e-09, 1.00351482679e-09, 1.38771372171e-09, 1.46928325062e-09, 2.24854934672e-09, 1.13140086189e-09, 1.46276502022e-09, 1.75040171246e-09, 3.41692230066e-10, 3.38242905906e-10, 1.46751977237e-09, 4.97278385136e-10, 1.43571765587e-10, 3.0473332191e-10, 3.01753011467e-10, 3.26548649232e-10, 1.92183643999e-10, 6.99852259478e-11, 8.28894314298e-11, 5.78669438756e-11, 5.34618564696e-11, 3.32511414236e-11, 2.37803873815e-11, 1.30772484855e-11, 1.90608882844e-11],
        "dvar2": [0.000229213488637, 0.000117158655485, 8.25492243166e-05, 5.74213981963e-06, 1.64885634035e-07, 9.28748491447e-08, 8.00546402502e-08, 2.55502392577e-08, 1.44591760787e-08, 4.18697716498e-08, 2.08419344006e-08, 1.32219755145e-08, 5.33515276402e-09, 4.48952208743e-09, 5.35603073004e-09, 3.99203559098e-09, 2.83661316658e-09, 3.80473919037e-09, 4.14654133252e-09, 6.31168539655e-09, 3.09281422695e-09, 4.08252942563e-09, 4.94312102362e-09, 9.32917298968e-10, 9.18663700666e-10, 4.19856904799e-09, 1.39085354345e-09, 3.84552056865e-10, 8.41436087473e-10, 8.10151279396e-10, 8.91401064074e-10, 5.41201028437e-10, 1.89579477117e-10, 2.26394958336e-10, 1.5622440841e-10, 1.49364048907e-10, 8.55630635788e-11, 6.37877806131e-11, 3.49681429646e-11, 4.62917065791e-11],
        "max": [0.0995422974229, 0.0660271123052, 0.0454089939594, 0.0177714154124, 0.00435590930283, 0.00314015941694, 0.00297886971384, 0.00297555490397, 0.000953435432166, 0.00170722580515, 0.00109856086783, 0.000943032908253, 0.00115013984032, 0.000623309169896, 0.000617844692897, 0.000487797893584, 0.000421203149017, 0.000658794946503, 0.000432082713814, 0.000506369862705, 0.000412010616856, 0.000340244267136, 0.000363904342521, 0.000228179473197, 0.000174215674633, 0.000365250714822, 0.000282106484519, 0.000223392315092, 0.00047030011774, 0.000793414248619, 0.000593224831391, 0.000249198783422, 0.000127374965814, 0.00015621529019, 0.000183444513823, 0.0002841175301, 0.000155998757691, 0.000121289449453, 6.39700519969e-05, 0.000117961222713],
        "mean": [0.0158053617924, 0.0066965171136, 0.00153894443065, 0.000370935536921, 8.30461867736e-05, 5.93880286033e-05, 4.49738763564e-05, 3.09077295242e-05, 3.07602276735e-05, 4.29249375884e-05, 2.67417726718e-05, 2.47270072578e-05, 2.23056722461e-05, 1.9359325961e-05, 2.21701011469e-05, 2.38538759731e-05, 1.86132747331e-05, 1.86070865311e-05, 2.06856293516e-05, 2.14898827835e-05, 1.94162585103e-05, 1.96797500394e-05, 1.87333571375e-05, 1.28035153466e-05, 1.35773379952e-05, 1.55519883265e-05, 1.24616881294e-05, 9.98799350782e-06, 1.17810141091e-05, 1.05924164018e-05, 9.33724459173e-06, 8.27786152513e-06, 7.09066262061e-06, 5.76456886847e-06, 5.51794710191e-06, 4.80915741718e-06, 4.59888497062e-06, 3.65896357835e-06, 2.88994851871e-06, 2.98237500829e-06],
        "median": [0.00124113704078, 0.00142582994886, 0.000257369916653, 5.24907445651e-05, 1.93427877093e-05, 1.56134428835e-05, 1.05773078758e-05, 1.02987150967e-05, 1.17365398182e-05, 1.413519567e-05, 8.65181027621e-06, 9.55937048275e-06, 9.12005998543e-06, 8.34310503706e-06, 9.51778747549e-06, 1.13907262858e-05, 9.47533135331e-06, 8.14205577626e-06, 9.09734717425e-06, 8.00498764875e-06, 8.32753084978e-06, 7.91132151789e-06, 7.21791002434e-06, 5.75097874389e-06, 6.57816235616e-06, 6.13353540757e-06, 5.1975448514e-06, 4.69730230179e-06, 5.04113040734e-06, 3.7810050344e-06, 3.26891927216e-06, 2.85778992293e-06, 2.40376630245e-06, 1.81883456207e-06, 1.69294548868e-06, 1.40262056902e-06, 1.19293747503e-06, 1.01240914319e-06, 8.7076540467e-07, 7.90159617736e-07],
        "min": [3.23313064283e-24, 7.19735045553e-25, 1.28214519419e-24, 3.95603133789e-24, 1.27572238731e-24, 4.19248568891e-24, 1.69566420717e-24, 3.9923690322e-24, 2.59587184308e-24, 4.07714199723e-24, 2.62024291189e-24, 2.31763330485e-24, 5.68389507227e-24, 4.44416032224e-24, 4.11730487806e-24, 2.78835015687e-24, 4.8932162371e-24, 3.31540489094e-24, 4.88179550334e-24, 5.34696705763e-24, 4.46105220081e-24, 2.92881295471e-24, 3.72790341372e-24, 5.0087531997e-24, 6.02655652798e-24, 4.49898102756e-24, 5.78684378699e-24, 4.76068799945e-24, 4.74432110782e-24, 6.36769272112e-24, 7.14290357167e-24, 4.71267398045e-24, 4.84526217153e-24, 6.81765543159e-24, 7.08885003358e-24, 6.27857076592e-24, 7.21635046625e-24, 7.23797472138e-24, 5.75879268206e-24, 6.50221243812e-24],
        "var": [0.00045083052828, 8.61985026859e-05, 1.71350784512e-05, 1.24163182136e-06, 4.2206053763e-08, 2.6486025817e-08, 1.91862685739e-08, 8.04231792273e-09, 4.32467262002e-09, 1.06969730851e-08, 5.11622122445e-09, 3.65565355764e-09, 2.87049606307e-09, 1.6608222575e-09, 1.77061376672e-09, 1.46492284969e-09, 8.90425178035e-10, 1.15455200955e-09, 1.39769651408e-09, 1.9783568117e-09, 1.14715059674e-09, 1.20860943476e-09, 1.25103583049e-09, 3.80691644875e-10, 3.777450297e-10, 9.87162129817e-10, 5.13805886726e-10, 2.51796694606e-10, 3.68261837691e-10, 4.3085457424e-10, 3.8228095689e-10, 1.9767040782e-10, 1.09490166933e-10, 1.02824145032e-10, 8.43375508319e-11, 7.72521629999e-11, 7.18840542646e-11, 3.97760158144e-11, 2.09357427228e-11, 3.38303274283e-11]
    },
    "mfcc": {
        "mean": [-696.108825684, 77.4471969604, 4.71672201157, 27.7963523865, 16.1978569031, 20.0372524261, 13.71804142, 13.4988021851, 9.74693775177, 8.26568698883, 5.13568401337, 3.69693922997, 0.368017166853],
        "cov": [[22141.3359375, -1818.72399902, 1775.52685547, 1998.59729004, 1016.13909912, 849.545776367, 314.809173584, 280.430419922, 349.900024414, 297.176422119, 163.41053772, 295.588195801, 84.0694122314], [-1818.72399902, 1872.90661621, -293.963226318, -52.3353157043, -82.5433883667, -70.8101425171, -33.1374549866, -43.9048080444, -80.5268173218, -74.5412139893, -51.3680076599, -60.8423347473, -107.854270935], [1775.52685547, -293.963226318, 862.647766113, 385.599884033, 302.065948486, 216.138015747, 146.458068848, 116.368225098, 114.841918945, 87.0980606079, 81.652671814, 91.8081970215, 42.2017364502], [1998.59729004, -52.3353157043, 385.599884033, 549.044433594, 303.070037842, 203.351821899, 103.586883545, 108.25881958, 95.0588912964, 67.7726593018, 52.7419013977, 61.2336769104, 16.7989292145], [1016.13909912, -82.5433883667, 302.065948486, 303.070037842, 334.721923828, 213.940063477, 132.366836548, 115.975112915, 106.353416443, 86.1369857788, 72.9297409058, 65.4857788086, 44.9933776855], [849.545776367, -70.8101425171, 216.138015747, 203.351821899, 213.940063477, 257.947784424, 145.854400635, 105.388061523, 97.5027160645, 86.7001647949, 73.3956604004, 65.6785583496, 43.7827644348], [314.809173584, -33.1374549866, 146.458068848, 103.586883545, 132.366836548, 145.854400635, 154.022384644, 100.731994629, 70.5718154907, 67.8650436401, 59.1299247742, 47.6147270203, 37.5278015137], [280.430419922, -43.9048080444, 116.368225098, 108.25881958, 115.975112915, 105.388061523, 100.731994629, 121.569747925, 77.4825210571, 58.1616630554, 46.4424819946, 42.1671485901, 38.7135658264], [349.900024414, -80.5268173218, 114.841918945, 95.0588912964, 106.353416443, 97.5027160645, 70.5718154907, 77.4825210571, 109.618537903, 71.1234970093, 52.8014144897, 48.6754074097, 40.6524848938], [297.176422119, -74.5412139893, 87.0980606079, 67.7726593018, 86.1369857788, 86.7001647949, 67.8650436401, 58.1616630554, 71.1234970093, 97.9290084839, 62.9160614014, 48.3937721252, 37.9222106934], [163.41053772, -51.3680076599, 81.652671814, 52.7419013977, 72.9297409058, 73.3956604004, 59.1299247742, 46.4424819946, 52.8014144897, 62.9160614014, 88.3333969116, 58.1039199829, 34.0549659729], [295.588195801, -60.8423347473, 91.8081970215, 61.2336769104, 65.4857788086, 65.6785583496, 47.6147270203, 42.1671485901, 48.6754074097, 48.3937721252, 58.1039199829, 84.9976119995, 44.7357559204], [84.0694122314, -107.854270935, 42.2017364502, 16.7989292145, 44.9933776855, 43.7827644348, 37.5278015137, 38.7135658264, 40.6524848938, 37.9222106934, 34.0549659729, 44.7357559204, 68.0230789185]],
