{
"lowlevel": {
    "average_loudness": 0.919768989086,
    "barkbands_crest": {
        "dmean": 3.1115322113,
        "dmean2": 4.55438518524,
        "dvar": 8.97149467468,
        "dvar2": 17.7840385437,
        "max": 26.658493042,
        "mean": 15.1320991516,
        "median": 15.252374649,
        "min": 2.51567625999,
        "var": 40.8942260742
    },
    "barkbands_flatness_db": {
        "dmean": 0.0397302210331,
        "dmean2": 0.0579665750265,
        "dvar": 0.00205640913919,
        "dvar2": 0.00426995009184,
        "max": 0.559912800789,
        "mean": 0.161053746939,
        "median": 0.136827334762,
        "min": 0.0169314406812,
        "var": 0.00956876855344
    },
    "barkbands_kurtosis": {
        "dmean": 21.5463829041,
        "dmean2": 33.7079391479,
        "dvar": 4609.61572266,
        "dvar2": 10661.7441406,
        "max": 1459.11291504,
        "mean": 28.0061988831,
        "median": 4.65265798569,
        "min": -1.93719124794,
        "var": 6577.11816406
    },
    "barkbands_skewness": {
        "dmean": 1.54224276543,
        "dmean2": 2.3505320549,
        "dvar": 5.13221740723,
        "dvar2": 11.1865196228,
        "max": 35.2110824585,
        "mean": 3.30950784683,
        "median": 2.30214047432,
        "min": -5.02660799026,
        "var": 12.4642362595
    },
    "barkbands_spread": {
        "dmean": 15.9301071167,
        "dmean2": 25.5024356842,
        "dvar": 412.356964111,
        "dvar2": 1008.85107422,
        "max": 123.555107117,
        "mean": 36.2394790649,
        "median": 28.5540351868,
        "min": 0.224582627416,
        "var": 857.095703125
    },
    "dissonance": {
        "dmean": 0.00970281753689,
        "dmean2": 0.0166151653975,
        "dvar": 0.00020974362269,
        "dvar2": 0.000605502689723,
        "max": 0.500000059605,
        "mean": 0.485672146082,
        "median": 0.491447389126,
        "min": 0.278979301453,
        "var": 0.000342934974469
    },
    "dynamic_complexity": 4.47349834442,
    "erbbands_crest": {
        "dmean": 2.22181725502,
        "dmean2": 3.75229239464,
        "dvar": 7.03433132172,
        "dvar2": 17.662563324,
        "max": 29.7984104156,
        "mean": 6.24237632751,
        "median": 4.55065107346,
        "min": 2.04212379456,
        "var": 16.3897228241
    },
    "erbbands_flatness_db": {
        "dmean": 0.0140134161338,
        "dmean2": 0.022632535547,
        "dvar": 0.0002205146302,
        "dvar2": 0.000566719216295,
        "max": 0.398206919432,
        "mean": 0.101714245975,
        "median": 0.0786813050508,
        "min": 0.0330681093037,
        "var": 0.00308780069463
    },
    "erbbands_kurtosis": {
        "dmean": 1.04275858402,
        "dmean2": 1.73530495167,
        "dvar": 2.53241539001,
        "dvar2": 6.76758384705,
        "max": 29.4904136658,
        "mean": 0.466613203287,
        "median": 0.0137686729431,
        "min": -1.95695257187,
        "var": 5.89351224899
    },
    "erbbands_skewness": {
        "dmean": 0.444632858038,
        "dmean2": 0.714343845844,
        "dvar": 0.244872286916,
        "dvar2": 0.603433430195,
        "max": 4.35895442963,
        "mean": -0.260656952858,
        "median": -0.536085665226,
        "min": -4.83377742767,
        "var": 0.924442410469
    },
    "erbbands_spread": {
        "dmean": 17.1342029572,
        "dmean2": 26.9676914215,
        "dvar": 349.248413086,
        "dvar2": 854.961120605,
        "max": 211.015930176,
        "mean": 69.0596542358,
        "median": 64.6529922485,
        "min": 3.2851190567,
        "var": 1065.52807617
    },
    "hfc": {
        "dmean": 37.6614646912,
        "dmean2": 61.2711639404,
        "dvar": 4335.78466797,
        "dvar2": 11890.1416016,
        "max": 498.811981201,
        "mean": 68.5856246948,
        "median": 41.2063560486,
        "min": 1.11987761204e-16,
        "var": 5867.53125
    },
    "melbands_crest": {
        "dmean": 3.8932723999,
        "dmean2": 5.93707704544,
        "dvar": 12.835849762,
        "dvar2": 30.6636123657,
        "max": 39.410282135,
        "mean": 22.8209190369,
        "median": 23.2300987244,
        "min": 1.68664121628,
        "var": 61.9765205383
    },
    "melbands_flatness_db": {
        "dmean": 0.0492864325643,
        "dmean2": 0.0725105702877,
        "dvar": 0.00321776373312,
        "dvar2": 0.00707851490006,
        "max": 0.669512450695,
        "mean": 0.243398651481,
        "median": 0.225642263889,
        "min": 0.00385503238067,
        "var": 0.0139429681003
    },
    "melbands_kurtosis": {
        "dmean": 71.6982955933,
        "dmean2": 108.847297668,
        "dvar": 30553.2421875,
        "dvar2": 61963.6484375,
        "max": 3178.18383789,
        "mean": 122.328773499,
        "median": 40.8580245972,
        "min": -1.84585022926,
        "var": 64846.2617188
    },
    "melbands_skewness": {
        "dmean": 2.44249987602,
        "dmean2": 3.69348406792,
        "dvar": 11.1186580658,
        "dvar2": 24.17304039,
        "max": 46.6348686218,
        "mean": 7.42330026627,
        "median": 5.88972091675,
        "min": -3.11489987373,
        "var": 33.6907844543
    },
    "melbands_spread": {
        "dmean": 12.3029146194,
        "dmean2": 19.7710399628,
        "dvar": 356.328643799,
        "dvar2": 858.333190918,
        "max": 235.487167358,
        "mean": 23.3136386871,
        "median": 12.7448234558,
        "min": 0.125952973962,
        "var": 873.185424805
    },
    "pitch_salience": {
        "dmean": 0.102185331285,
        "dmean2": 0.146045193076,
        "dvar": 0.0100127989426,
        "dvar2": 0.0194754078984,
        "max": 0.88766014576,
        "mean": 0.417101532221,
        "median": 0.431981027126,
        "min": 0.0134517336264,
        "var": 0.0423417650163
    },
    "silence_rate_20dB": {
        "dmean": 0,
        "dmean2": 0,
        "dvar": 0,
        "dvar2": 0,
        "max": 1,
        "mean": 1,
        "median": 1,
        "min": 1,
        "var": 0
    },
    "silence_rate_30dB": {
        "dmean": 0.10534273833,
        "dmean2": 0.21071203053,
        "dvar": 0.0942534506321,
        "dvar2": 0.19580052793,
        "max": 1,
        "mean": 0.74171602726,
        "median": 1,
        "min": 0,
        "var": 0.191562995315
    },
    "silence_rate_60dB": {
        "dmean": 0.019909273833,
        "dmean2": 0.0398235656321,
        "dvar": 0.0195132158697,
        "dvar2": 0.0427752397954,
        "max": 1,
        "mean": 0.100037798285,
        "median": 0,
        "min": 0,
        "var": 0.0900325924158
    },
    "spectral_centroid": {
        "dmean": 529.69934082,
        "dmean2": 805.803466797,
        "dvar": 340529.9375,
        "dvar2": 783171.625,
        "max": 11681.5878906,
        "mean": 2038.86230469,
        "median": 2254.99584961,
        "min": 132.113922119,
        "var": 1153404.125
    },
    "spectral_complexity": {
        "dmean": 8.13407230377,
        "dmean2": 12.5550098419,
        "dvar": 104.990242004,
        "dvar2": 208.693832397,
        "max": 69,
        "mean": 23.9622020721,
        "median": 22,
        "min": 0,
        "var": 337.970855713
    },
    "spectral_decrease": {
        "dmean": 4.78744732746e-09,
        "dmean2": 7.5500743435e-09,
        "dvar": 3.89886717905e-17,
        "dvar2": 9.71425691259e-17,
        "max": 1.08423741041e-28,
        "mean": -1.64264442049e-08,
        "median": -1.59252433463e-08,
        "min": -5.71846783259e-08,
        "var": 1.50926805466e-16
    },
    "spectral_energy": {
        "dmean": 0.0183934438974,
        "dmean2": 0.0286660883576,
        "dvar": 0.000504438474309,
        "dvar2": 0.00128262827639,
        "max": 0.219449698925,
        "mean": 0.0682181417942,
        "median": 0.0699591934681,
        "min": 1.04216138024e-20,
        "var": 0.00229904963635
    },
    "spectral_energyband_high": {
        "dmean": 0.00347036239691,
        "dmean2": 0.00563153997064,
        "dvar": 3.2767358789e-05,
        "dvar2": 8.67054404807e-05,
        "max": 0.045660648495,
        "mean": 0.00615764968097,
        "median": 0.0033639438916,
        "min": 7.29834944608e-21,
        "var": 5.2265200793e-05
    },
    "spectral_energyband_low": {
        "dmean": 0.018277965486,
        "dmean2": 0.0292596649379,
        "dvar": 0.000648802088108,
        "dvar2": 0.00164112704806,
        "max": 0.209674477577,
        "mean": 0.0538299046457,
        "median": 0.0474771335721,
        "min": 2.35915874568e-23,
        "var": 0.00210254872218
    },
    "spectral_energyband_middle_high": {
        "dmean": 0.00219933944754,
        "dmean2": 0.00367296626791,
        "dvar": 1.58426537382e-05,
        "dvar2": 4.24871577707e-05,
        "max": 0.0955170989037,
        "mean": 0.00389252766035,
        "median": 0.00239502382465,
        "min": 1.3153915564e-21,
        "var": 2.07514112844e-05
    },
    "spectral_energyband_middle_low": {
        "dmean": 0.00548894237727,
        "dmean2": 0.0092002665624,
        "dvar": 0.000140160875162,
        "dvar2": 0.000372332666302,
        "max": 0.0859123691916,
        "mean": 0.00653983326629,
        "median": 0.00308758602478,
        "min": 2.07822641312e-22,
        "var": 0.000115016155178
    },
    "spectral_entropy": {
        "dmean": 0.199473291636,
        "dmean2": 0.32277238369,
        "dvar": 0.0670562535524,
        "dvar2": 0.167972534895,
        "max": 9.8161649704,
        "mean": 8.13192558289,
        "median": 8.37197208405,
        "min": 4.42615461349,
        "var": 0.387958973646
    },
    "spectral_flux": {
        "dmean": 0.036411754787,
        "dmean2": 0.0500997155905,
        "dvar": 0.00183137145359,
        "dvar2": 0.00279623456299,
        "max": 0.43781837821,
        "mean": 0.120200447738,
        "median": 0.105599932373,
        "min": 6.63200327988e-11,
        "var": 0.00732902158052
    },
    "spectral_kurtosis": {
        "dmean": 1.07082474232,
        "dmean2": 1.76312303543,
        "dvar": 18.3595962524,
        "dvar2": 54.2798881531,
        "max": 181.677825928,
        "mean": 3.06595492363,
        "median": 1.25688648224,
        "min": -1.33289885521,
        "var": 94.6580200195
    },
    "spectral_rms": {
        "dmean": 0.00102725310717,
        "dmean2": 0.00154905952513,
        "dvar": 1.16878595691e-06,
        "dvar2": 2.88011233351e-06,
        "max": 0.0146320629865,
        "mean": 0.00735915079713,
        "median": 0.00826152972877,
        "min": 3.18864054084e-12,
        "var": 1.23973013615e-05
    },
    "spectral_rolloff": {
        "dmean": 1634.52514648,
        "dmean2": 2839.13452148,
        "dvar": 7347724.5,
        "dvar2": 18480728,
        "max": 19336.8164062,
        "mean": 2457.09204102,
        "median": 366.064453125,
        "min": 43.06640625,
        "var": 11540591
    },
    "spectral_skewness": {
        "dmean": 0.16878387332,
        "dmean2": 0.267916679382,
        "dvar": 0.0755809769034,
        "dvar2": 0.216857209802,
        "max": 10.5029802322,
        "mean": 1.23781716824,
        "median": 1.05819249153,
        "min": -0.64525282383,
        "var": 0.689278423786
    },
    "spectral_spread": {
        "dmean": 699031.1875,
        "dmean2": 1116715.625,
        "dvar": 717345718272,
        "dvar2": 1.72260248781e+12,
        "max": 41253140,
        "mean": 7463617.5,
        "median": 7902686.5,
        "min": 519552.65625,
        "var": 6.18789706138e+12
    },
    "spectral_strongpeak": {
        "dmean": 0.20748449862,
        "dmean2": 0.338290154934,
        "dvar": 0.20868870616,
        "dvar2": 0.494375377893,
        "max": 20.1687488556,
        "mean": 0.512307345867,
        "median": 0.427275747061,
        "min": 0,
        "var": 0.271256476641
    },
    "zerocrossingrate": {
        "dmean": 0.0232629459351,
        "dmean2": 0.0278921518475,
        "dvar": 0.000621783256065,
        "dvar2": 0.00090522080427,
        "max": 0.767578125,
        "mean": 0.0882686004043,
        "median": 0.0732421875,
        "min": 0.001953125,
        "var": 0.00459917308763
    },
    "barkbands": {
        "dmean": [0.00120201043319, 0.0145628675818, 0.00897648837417, 0.00402739038691, 0.0015481923474, 0.00054605526384, 0.000292269105557, 0.000295561680105, 0.000296296668239, 0.000234899882344, 0.000230008910876, 0.000217424589209, 0.000228277378483, 0.000272670498816, 0.000235863029957, 0.00031292924541, 0.000386714586057, 0.000426024053013, 0.000290926196612, 0.000286918395432, 0.000343878520653, 0.00032880625804, 0.000573909434024, 0.000679137650877, 0.000730123196263, 0.000904701591935, 0.000153519111336],
        "dmean2": [0.0015999978641, 0.0216533560306, 0.015127774328, 0.00726991379634, 0.0027384981513, 0.000976381124929, 0.00052234577015, 0.000516406202223, 0.000509379198775, 0.000383121980121, 0.000379877805244, 0.000360371748684, 0.000387284933822, 0.000469766819151, 0.00039309708518, 0.000550399767235, 0.000683646823745, 0.000749533239286, 0.000470652157674, 0.000446141610155, 0.000546389026567, 0.0005125128082, 0.000947642314713, 0.00111055723391, 0.00114924029913, 0.00157292746007, 0.00026672729291],
        "dvar": [2.21184427573e-06, 0.000342614366673, 0.000539517204743, 0.000110694447358, 1.13789010356e-05, 2.30696036851e-06, 4.66205563043e-07, 5.399539873e-07, 3.89298435266e-07, 4.04529231446e-07, 3.66313514633e-07, 1.98570617727e-07, 1.47027662933e-07, 6.03412672717e-07, 1.45656201767e-06, 3.95462166125e-07, 8.75061061834e-07, 7.94135075921e-07, 1.62888511568e-07, 1.89591290223e-07, 2.60001172592e-07, 2.09400681683e-07, 9.29166219521e-07, 1.23731524582e-06, 1.18408945582e-06, 4.18310764871e-06, 1.29134733129e-07],
        "dvar2": [4.48072705694e-06, 0.000725482124835, 0.00143829162698, 0.000318418809911, 3.12869378831e-05, 6.52889593766e-06, 1.31129183956e-06, 1.40545421345e-06, 1.00378520074e-06, 1.02631031496e-06, 9.13060546281e-07, 5.27951669937e-07, 3.90291887697e-07, 1.75559023319e-06, 3.86334568248e-06, 1.12139071007e-06, 2.32169736591e-06, 2.2781964617e-06, 4.0357943476e-07, 4.11611921436e-07, 6.01665419708e-07, 4.75536694466e-07, 2.54397536992e-06, 3.21328911923e-06, 2.7856547149e-06, 1.1928753338e-05, 3.67778739019e-07],
        "max": [0.0219257604331, 0.184807226062, 0.154895186424, 0.0731943696737, 0.0613066516817, 0.0272359792143, 0.0130583755672, 0.021269056946, 0.0134368417785, 0.0246003083885, 0.0168122500181, 0.0115988086909, 0.010003616102, 0.0441479608417, 0.0819033607841, 0.00913370493799, 0.0341803096235, 0.00725542055443, 0.00502984877676, 0.0133981909603, 0.00918113719672, 0.00645808828995, 0.0110366838053, 0.0154973696917, 0.0128135662526, 0.0137153742835, 0.00445046275854],
        "mean": [0.00276151509024, 0.0403278395534, 0.00860195886344, 0.00350957922637, 0.00156280095689, 0.000473693449749, 0.000281738524791, 0.000295067788102, 0.000332122464897, 0.000298899889458, 0.000285121117486, 0.000304728921037, 0.000304766086629, 0.00033156236168, 0.000330882554408, 0.000380466110073, 0.000441032083472, 0.000516749976669, 0.00049446587218, 0.000528799428139, 0.000629095244221, 0.00065554457251, 0.000916383287404, 0.00113695627078, 0.00131894892547, 0.0010334890103, 0.000163878910826],
        "median": [0.00140648765955, 0.0305703505874, 0.00221575796604, 0.000913801719435, 0.000616324017756, 0.000151379877934, 0.000100583027233, 8.79898725543e-05, 0.000128728803247, 0.000127658626297, 0.00011650883971, 0.000160295632668, 0.000170970743056, 0.000170529048773, 0.000187289479072, 0.000207625358598, 0.000203447212698, 0.000278012739727, 0.000310695613734, 0.000293158285785, 0.000408933265135, 0.00043492615805, 0.000504327879753, 0.000515544787049, 0.000565400405321, 0.000377943884814, 3.36642551702e-05],
        "min": [3.37547714191e-25, 6.11595695107e-24, 3.51809007876e-24, 2.48966592169e-24, 1.86454122262e-23, 7.91065377021e-24, 1.62189849445e-23, 1.90921126024e-23, 3.87679349429e-23, 1.96402384029e-23, 2.58065353293e-23, 3.08499613324e-23, 5.667915748e-23, 4.74975738497e-23, 5.0277955131e-23, 1.15021221127e-22, 9.12040336503e-23, 1.51043096548e-22, 1.371517735e-22, 1.95511791621e-22, 2.97624294843e-22, 2.9119226381e-22, 4.19335460342e-22, 7.24483292032e-22, 1.03923551155e-21, 1.41827820353e-21, 1.85749465001e-21],
        "var": [1.04277223727e-05, 0.00151888735127, 0.000398859381676, 6.87002684572e-05, 8.8022889031e-06, 1.50854248204e-06, 3.57142994289e-07, 5.02786406287e-07, 4.31954475744e-07, 4.70415727705e-07, 4.10213829127e-07, 2.56743305727e-07, 1.83073964877e-07, 4.7032187922e-07, 1.13688327019e-06, 3.32639757517e-07, 7.86679152043e-07, 6.14092016349e-07, 3.142074263e-07, 4.30462762324e-07, 5.71728378418e-07, 5.53380630208e-07, 1.37190727401e-06, 2.25870189752e-06, 2.64524283011e-06, 3.03019578496e-06, 1.03709815846e-07]
    },
    "erbbands": {
        "dmean": [0.644715547562, 2.98746180534, 8.85098552704, 13.1837930679, 8.14106464386, 4.49367618561, 3.45788359642, 5.1799955368, 4.66234493256, 5.13103294373, 6.20879840851, 6.6974606514, 6.63258552551, 8.21149921417, 8.50618934631, 8.53733730316, 10.3486299515, 12.4775867462, 13.1194410324, 12.5554828644, 19.3676204681, 21.0321369171, 24.1013050079, 16.2707424164, 13.8711423874, 13.8753614426, 14.1113500595, 13.4304609299, 11.9830341339, 12.4681711197, 17.4207935333, 15.6704034805, 11.3943872452, 8.43433475494, 5.31191158295, 3.09497404099, 1.82534825802, 0.424157947302, 0.0228749681264, 0.000397042953409],
        "dmean2": [0.818379819393, 4.53141212463, 14.0065774918, 23.3145332336, 14.4305315018, 7.85181570053, 6.02331066132, 9.34417247772, 8.52668952942, 9.0202293396, 10.7374048233, 11.521525383, 10.9664783478, 13.3881731033, 14.0025730133, 14.1355085373, 17.484254837, 21.4991359711, 21.7826747894, 21.1828651428, 34.3829116821, 36.925365448, 42.6847343445, 27.1456394196, 22.2585010529, 21.2584991455, 22.5345973969, 21.2602233887, 18.731010437, 19.587184906, 28.9371986389, 26.1747951508, 18.5429077148, 13.543264389, 8.40368270874, 5.12112045288, 3.23167872429, 0.746604323387, 0.0394918769598, 0.000681909383275],
        "dvar": [0.605563819408, 16.6226062775, 427.56942749, 1207.64465332, 356.481048584, 101.942558289, 69.537651062, 215.481582642, 133.790603638, 159.539932251, 212.748504639, 212.892105103, 255.597549438, 581.737060547, 371.845306396, 269.780731201, 303.307250977, 952.576965332, 2154.9230957, 984.769470215, 1945.57958984, 2402.73071289, 2904.45751953, 580.620849609, 361.550445557, 477.70324707, 444.740783691, 396.212524414, 289.5519104, 318.568786621, 884.207946777, 712.274108887, 366.041687012, 162.711273193, 62.9239997864, 27.53216362, 21.0034275055, 1.07891941071, 0.00257732952014, 7.35146613806e-07],
        "dvar2": [1.24523317814, 31.841135025, 1080.08984375, 3405.11743164, 1000.54803467, 269.637207031, 188.932052612, 610.986450195, 384.686828613, 427.168304443, 547.497192383, 550.997680664, 644.51361084, 1460.26708984, 922.824279785, 719.856262207, 810.710632324, 2677.44506836, 5115.29296875, 2609.17260742, 5540.71289062, 6358.12890625, 8331.78515625, 1523.99389648, 868.18951416, 1044.2857666, 1025.27038574, 916.217163086, 657.009033203, 774.281066895, 2433.3046875, 1942.81115723, 935.404968262, 396.32522583, 147.492843628, 74.2837524414, 60.1435470581, 3.05324554443, 0.00729087181389, 2.0850193323e-06],
        "max": [8.02490329742, 32.3289108276, 140.104980469, 231.239120483, 207.342590332, 254.688537598, 191.248260498, 236.859619141, 210.450622559, 240.424407959, 360.573974609, 317.714355469, 443.053253174, 727.094604492, 606.513427734, 379.992340088, 426.791717529, 1696.01464844, 3156.27368164, 1621.60449219, 570.16973877, 1775.40148926, 903.837341309, 264.5440979, 261.902038574, 633.033630371, 577.036315918, 386.963256836, 226.642242432, 266.861114502, 348.034576416, 292.966339111, 322.094940186, 165.613189697, 86.1211624146, 40.0091667175, 31.5886440277, 7.1745057106, 0.58682179451, 0.00892447307706],
        "mean": [1.57057356834, 7.32443237305, 10.4715576172, 12.1293849945, 7.88016319275, 4.59988689423, 3.46456003189, 4.24618721008, 4.16141223907, 5.20694732666, 6.59647607803, 7.44319248199, 8.49331283569, 10.7525396347, 11.7842884064, 12.4292650223, 14.4175815582, 16.0390529633, 18.064655304, 18.0083580017, 22.2406044006, 25.2236309052, 28.2593021393, 25.5633621216, 24.523015976, 25.6116428375, 25.1576938629, 24.8031616211, 23.5190601349, 23.793920517, 26.8047008514, 23.8548622131, 19.3212795258, 14.6738958359, 9.2846736908, 4.49059963226, 1.86729216576, 0.432528942823, 0.0251154452562, 0.000531791651156],
        "median": [0.952489852905, 4.45731592178, 4.19260549545, 3.57298493385, 2.50448703766, 1.86411452293, 1.35794186592, 1.17159605026, 1.36141884327, 1.82660293579, 2.12313580513, 2.85835790634, 3.85754656792, 4.76232862473, 5.40711259842, 6.91036701202, 8.35728931427, 8.74272441864, 10.0344362259, 10.5484857559, 11.4239282608, 12.3874464035, 14.819817543, 15.8264722824, 15.3956279755, 14.0218439102, 15.171620369, 16.2581729889, 15.3275117874, 15.3521270752, 14.223739624, 11.2089519501, 8.46955776215, 6.29654741287, 3.9452559948, 1.87992680073, 0.621773600578, 0.129746451974, 0.00543495034799, 0.000257947249338],
        "min": [3.38358345685e-22, 1.01548244269e-21, 3.80122893732e-21, 1.1256080713e-20, 1.61843606024e-20, 3.48346693955e-20, 3.80221711119e-20, 5.76187454452e-20, 1.94431866134e-19, 2.06024272506e-19, 4.28487415518e-19, 8.18763739628e-19, 7.10077066824e-19, 1.15372515201e-18, 1.22538349828e-18, 1.63929423365e-18, 2.78728082015e-18, 1.80158800041e-18, 3.644835298e-18, 3.50134882664e-18, 5.81385920125e-18, 5.43868936648e-18, 6.92709830837e-18, 8.22569246074e-18, 8.92637895966e-18, 1.02583424051e-17, 9.36284246424e-18, 8.48631473788e-18, 1.15968132805e-17, 1.44895308842e-17, 1.04864018903e-17, 1.07651700285e-17, 1.24485934173e-17, 9.64526012334e-18, 7.00950286818e-18, 4.80042067581e-18, 2.66151090315e-18, 1.08986794609e-18, 2.67258411151e-19, 2.85652575067e-20],
        "var": [2.74860453606, 62.0650100708, 397.847198486, 775.623596191, 251.171920776, 85.2536087036, 54.7684020996, 136.89982605, 88.7078094482, 137.872955322, 215.834320068, 226.828796387, 299.589324951, 682.815124512, 477.921722412, 373.135437012, 385.997955322, 854.768005371, 2339.16088867, 949.840881348, 1418.10864258, 2233.03515625, 2119.55615234, 878.420959473, 774.200561523, 1041.73120117, 996.364990234, 878.099243164, 729.917663574, 792.682861328, 1224.30541992, 996.511108398, 695.072509766, 342.033172607, 134.893005371, 34.8418426514, 13.6456222534, 0.744348108768, 0.00222739740275, 6.36742697679e-07]
    },
    "gfcc": {
        "mean": [13.714058876, 29.9824199677, -72.8354492188, 52.9702644348, -37.3413543701, 35.6548805237, -26.8343315125, 19.3960285187, -21.5893955231, 8.6120223999, -15.5816373825, 4.32319688797, -12.9000701904],
        "cov": [[23644.0097656, -4407.81591797, 108.370147705, 449.677215576, 505.662872314, 1032.09265137, -178.110717773, 1044.6965332, -489.495513916, 447.862884521, -831.076721191, 434.208068848, -557.846374512], [-4407.81591797, 2391.98632812, 188.203201294, -46.878616333, -40.8313026428, -334.276000977, -5.03788566589, -273.20614624, 22.6997585297, -178.862823486, 170.675567627, -191.067123413, 123.987167358], [108.370147705, 188.203201294, 1031.61083984, 429.656524658, 277.126922607, 58.8004341125, 135.07434082, -20.6019744873, 44.9805107117, -29.608543396, 6.98514842987, 7.22530221939, -1.3030591011], [449.677215576, -46.878616333, 429.656524658, 757.601196289, 40.6991119385, 194.99029541, 159.612091064, 12.87063694, 77.1326446533, -44.0181465149, 60.0437049866, -25.7519245148, 96.7282409668], [505.662872314, -40.8313026428, 277.126922607, 40.6991119385, 536.062683105, 148.098129272, 95.3212203979, 113.681808472, 3.82655572891, 37.5660743713, -36.6822624207, 23.8462543488, -92.7954559326], [1032.09265137, -334.276000977, 58.8004341125, 194.99029541, 148.098129272, 293.269592285, 133.816757202, 140.099121094, 24.9835414886, 48.5677146912, -17.5233650208, 31.8135318756, -10.3186941147], [-178.110717773, -5.03788566589, 135.07434082, 159.612091064, 95.3212203979, 133.816757202, 215.709381104, 69.7279205322, 72.2550506592, 9.96605110168, 47.1677742004, 8.23409080505, 40.4883003235], [1044.6965332, -273.20614624, -20.6019744873, 12.87063694, 113.681808472, 140.099121094, 69.7279205322, 211.729919434, 43.8389511108, 75.9826202393, -13.1689538956, 43.2953567505, -24.0980396271], [-489.495513916, 22.6997585297, 44.9805107117, 77.1326446533, 3.82655572891, 24.9835414886, 72.2550506592, 43.8389511108, 153.82585144, 43.8248405457, 73.8748321533, 24.5629138947, 36.9947662354], [447.862884521, -178.862823486, -29.608543396, -44.0181465149, 37.5660743713, 48.5677146912, 9.96605110168, 75.9826202393, 43.8248405457, 114.191001892, 22.5881290436, 53.5111465454, -5.72459030151], [-831.076721191, 170.675567627, 6.98514842987, 60.0437049866, -36.6822624207, -17.5233650208, 47.1677742004, -13.1689538956, 73.8748321533, 22.5881290436, 131.29800415, 19.7326507568, 65.2756347656], [434.208068848, -191.067123413, 7.22530221939, -25.7519245148, 23.8462543488, 31.8135318756, 8.23409080505, 43.2953567505, 24.5629138947, 53.5111465454, 19.7326507568, 102.9789505, 12.7026882172], [-557.846374512, 123.987167358, -1.3030591011, 96.7282409668, -92.7954559326, -10.3186941147, 40.4883003235, -24.0980396271, 36.9947662354, -5.72459030151, 65.2756347656, 12.7026882172, 118.304405212]],
        "icov": [[0.000119646676467, 7.18376904842e-05, -5.49541437067e-06, -0.000223763810936, 9.2890833912e-05, 5.59490945307e-06, 0.000104831226054, -0.000430198881077, 0.000405538245104, -0.000263426103629, 0.000447185739176, -0.000356811389793, 0.000273634417681], [7.18376904842e-05, 0.000852601078805, -0.000208395344089, 0.000217285079998, -0.0003105517535, 0.000436394795543, 0.000115197173727, -5.27727715962e-05, 0.000184910706594, 0.000508564116899, -0.000853846780956, 0.00123784062453, -0.000685476523358], [-5.49541437067e-06, -0.000208395344089, 0.00189899513498, -0.00141284824349, -0.000875543453731, 0.00129126058891, -0.00104994850699, 0.000585922738537, -5.74699224671e-05, -0.0004706318432, 0.00103188224602, -0.00125084107276, 0.000833288184367], [-0.000223763810936, 0.000217285079998, -0.00141284824349, 0.00380605668761, 0.000189798316569, -0.00290913926437, 0.000655470474157, 0.00110197463073, -0.00174454750959, 0.00240313401446, -0.00220618816093, 0.00268747913651, -0.00292450585403], [9.2890833912e-05, -0.0003105517535, -0.000875543453731, 0.000189798316569, 0.00353141827509, -0.00127240689471, -0.000712846114766, -0.001198319369, 0.000771972932853, -0.000447844562586, 0.00022509288101, -0.00108581583481, 0.0029868313577], [5.59490945307e-06, 0.000436394795543, 0.00129126058891, -0.00290913926437, -0.00127240689471, 0.0101420022547, -0.00466215377674, -0.00272969529033, 0.00200220569968, -0.00237875804305, 0.00200197612867, -0.00111858488526, 0.00116220104974], [0.000104831226054, 0.000115197173727, -0.00104994850699, 0.000655470474157, -0.000712846114766, -0.00466215377674, 0.0103841181844, -0.0017142459983, -0.00255520129576, 0.00277392682619, -0.00219492660835, 0.00147071969695, -0.00305629847571], [-0.000430198881077, -5.27727715962e-05, 0.000585922738537, 0.00110197463073, -0.001198319369, -0.00272969529033, -0.0017142459983, 0.011305869557, -0.00343144731596, -0.00275134923868, 0.000421859003836, 0.000686818559188, -0.000522769463714], [0.000405538245104, 0.000184910706594, -5.74699224671e-05, -0.00174454750959, 0.000771972932853, 0.00200220569968, -0.00255520129576, -0.00343144731596, 0.0129554951563, -0.00418552709743, -0.00298150442541, -0.00149711128324, 0.0016518823104], [-0.000263426103629, 0.000508564116899, -0.0004706318432, 0.00240313401446, -0.000447844562586, -0.00237875804305, 0.00277392682619, -0.00275134923868, -0.00418552709743, 0.0181162841618, -0.00522881606594, -0.00289840996265, -0.000431982567534], [0.000447185739176, -0.000853846780956, 0.00103188224602, -0.00220618816093, 0.00022509288101, 0.00200197612867, -0.00219492660835, 0.000421859003836, -0.00298150442541, -0.00522881606594, 0.0184106621891, -0.00449722260237, -0.00298907840624], [-0.000356811389793, 0.00123784062453, -0.00125084107276, 0.00268747913651, -0.00108581583481, -0.00111858488526, 0.00147071969695, 0.000686818559188, -0.00149711128324, -0.00289840996265, -0.00449722260237, 0.0178798306733, -0.0056141121313], [0.000273634417681, -0.000685476523358, 0.000833288184367, -0.00292450585403, 0.0029868313577, 0.00116220104974, -0.00305629847571, -0.000522769463714, 0.0016518823104, -0.000431982567534, -0.00298907840624, -0.0056141121313, 0.0179600417614]]
    },
    "melbands": {
        "dmean": [0.00466315355152, 0.00382741028443, 0.00210448168218, 0.000420832948294, 0.000131673223223, 0.000112629088107, 6.91178211127e-05, 5.82967477385e-05, 5.08483499289e-05, 4.29713072663e-05, 3.38017271133e-05, 3.42547718901e-05, 2.98855593428e-05, 2.47480311373e-05, 2.48176693276e-05, 2.32120073633e-05, 2.46775362029e-05, 2.2474787329e-05, 1.74885663e-05, 1.90046903299e-05, 2.55425657087e-05, 2.36549622059e-05, 2.20685797103e-05, 1.98309007828e-05, 1.31215947476e-05, 1.14831736937e-05, 9.86017494142e-06, 9.67697087617e-06, 9.30507212615e-06, 8.97477639228e-06, 7.9753326645e-06, 7.1842196121e-06, 6.71825910104e-06, 7.45328998164e-06, 9.58685450314e-06, 1.19299938888e-05, 9.25003951124e-06, 8.09308676253e-06, 7.97784377937e-06, 7.25786003386e-06],
        "dmean2": [0.00627904152498, 0.00580380531028, 0.00366145209409, 0.000743655662518, 0.000229237950407, 0.000203089279239, 0.000125911989016, 0.00010255536472, 8.79244907992e-05, 7.37079390092e-05, 5.58246465516e-05, 5.59513537155e-05, 4.94270825584e-05, 4.06393119192e-05, 4.19262287323e-05, 3.90164568671e-05, 4.30528343713e-05, 3.78476288461e-05, 2.91079995804e-05, 3.3034983062e-05, 4.57629648736e-05, 4.16241891799e-05, 3.89947344956e-05, 3.46988308593e-05, 2.18400746235e-05, 1.87326459127e-05, 1.58277907758e-05, 1.48825711221e-05, 1.50377891259e-05, 1.44414498209e-05, 1.27418052216e-05, 1.1353096852e-05, 1.05905310193e-05, 1.18481520985e-05, 1.58048715093e-05, 2.04059979296e-05, 1.53060154844e-05, 1.31464194055e-05, 1.29698819364e-05, 1.17163663163e-05],
        "dvar": [3.12319134537e-05, 5.08132361574e-05, 2.82599266939e-05, 8.65327479005e-07, 9.66634203792e-08, 1.00546898807e-07, 2.87329129378e-08, 2.15074660304e-08, 1.27371793113e-08, 9.12367514871e-09, 6.92653978618e-09, 1.04601998174e-08, 5.29648946923e-09, 2.83976553384e-09, 2.12735629113e-09, 1.4516166047e-09, 4.81156492427e-09, 4.03723010578e-09, 9.66153645976e-09, 1.30523103437e-09, 3.75089515003e-09, 3.00861757729e-09, 2.9272870794e-09, 1.61120694564e-09, 3.50168477548e-10, 2.58620319604e-10, 2.06145905901e-10, 2.45688219769e-10, 2.05638811535e-10, 2.026847995e-10, 1.36730765599e-10, 1.09783133972e-10, 8.5983713205e-11, 1.20912058144e-10, 2.383211406e-10, 5.36351185687e-10, 2.16810513987e-10, 1.82103554458e-10, 1.70783831521e-10, 1.18116363912e-10],
        "dvar2": [6.76419658703e-05, 0.000119333475595, 7.84268486314e-05, 2.40167196353e-06, 2.57619603872e-07, 2.85647928422e-07, 8.22395307409e-08, 5.68053835082e-08, 3.28071898537e-08, 2.34355006512e-08, 1.7408037678e-08, 2.62930512918e-08, 1.31877877507e-08, 7.58220597419e-09, 5.64809399251e-09, 3.71360986406e-09, 1.37810003409e-08, 9.22492926492e-09, 2.6055804625e-08, 3.64436014699e-09, 1.07736912724e-08, 8.22657764132e-09, 8.07308708772e-09, 4.60673366121e-09, 9.00566621276e-10, 6.56080856309e-10, 4.7809128878e-10, 5.51049705866e-10, 4.76166106544e-10, 4.88150964095e-10, 3.22437410105e-10, 2.57402904547e-10, 2.01953190282e-10, 3.03011754577e-10, 6.42331132727e-10, 1.52123458275e-09, 5.73384839608e-10, 4.63324795197e-10, 4.37121172592e-10, 2.89720442082e-10],
        "max": [0.0594945512712, 0.0548144206405, 0.0346392802894, 0.0165303442627, 0.0095072844997, 0.0052317106165, 0.00309190922417, 0.00342681515031, 0.00239588390104, 0.0022342116572, 0.00219381391071, 0.00320359901525, 0.00167586118914, 0.00152217037976, 0.00120092893485, 0.00132851593662, 0.00393022177741, 0.00376982521266, 0.00668887607753, 0.000921993632801, 0.000691047462169, 0.0021179264877, 0.00230904528871, 0.000341911567375, 0.000226272415603, 0.000194224907318, 0.000358233606676, 0.000464051467134, 0.000519004941452, 0.000364338135114, 0.000253443460679, 0.000146573787788, 0.000118492265756, 0.000169001068571, 0.000223655253649, 0.000256227387581, 0.000232278020121, 0.000237878761254, 0.000185113050975, 0.000130261207232],
        "mean": [0.0123951844871, 0.00701388902962, 0.00202030711807, 0.000420617987402, 0.000136000060593, 9.34475683607e-05, 6.29501591902e-05, 5.86561000091e-05, 5.42792186025e-05, 4.72266729048e-05, 4.24880709033e-05, 4.32237939094e-05, 3.88111366192e-05, 3.42169623764e-05, 3.25963446812e-05, 3.11500152748e-05, 2.95011977869e-05, 2.92827953672e-05, 2.46456165769e-05, 2.43956128543e-05, 2.6870315196e-05, 2.66263468802e-05, 2.54671340372e-05, 2.37927724811e-05, 2.03135059564e-05, 1.85007174878e-05, 1.68221158674e-05, 1.69435952557e-05, 1.54992867465e-05, 1.50412734001e-05, 1.41393056765e-05, 1.30721291498e-05, 1.27156563394e-05, 1.33479379656e-05, 1.4965772607e-05, 1.57826834766e-05, 1.42726867125e-05, 1.32014765768e-05, 1.32526374728e-05, 1.21215016406e-05],
        "median": [0.00881842896342, 0.00416983477771, 0.000675243034493, 0.000159172268468, 5.26241637999e-05, 2.69247830147e-05, 2.11647584365e-05, 1.93157502508e-05, 1.70239381987e-05, 1.81385330507e-05, 1.87772911886e-05, 1.83466672752e-05, 1.67425441759e-05, 1.68715887412e-05, 1.79989838216e-05, 1.72773306986e-05, 1.5016832549e-05, 1.54960453074e-05, 1.39538606163e-05, 1.3593260519e-05, 1.25268625197e-05, 1.23233103295e-05, 1.24293655972e-05, 1.26954773805e-05, 1.25089982248e-05, 1.13704736577e-05, 9.57004704105e-06, 8.83940992935e-06, 9.00846316654e-06, 9.09521259018e-06, 9.04490934772e-06, 8.14910981717e-06, 8.50708693179e-06, 8.06813750387e-06, 7.92566424934e-06, 7.31901673134e-06, 6.64869457978e-06, 5.86387386647e-06, 5.57761768505e-06, 5.2257819334e-06],
        "min": [3.28853865509e-24, 1.54413457829e-24, 2.01792986138e-24, 2.54248075094e-24, 1.34006750338e-24, 1.20672427381e-24, 2.71274533328e-24, 3.4603817481e-24, 3.82259236033e-24, 5.5282985696e-24, 2.74375762483e-24, 4.2468216392e-24, 4.58005660152e-24, 3.23769656975e-24, 5.0407296765e-24, 3.99650305777e-24, 2.91556581075e-24, 6.49665964621e-24, 4.14981028609e-24, 5.06167393353e-24, 6.12504699529e-24, 5.46822405066e-24, 5.76260603567e-24, 6.51769817212e-24, 6.42154036651e-24, 5.10484631872e-24, 4.12489135339e-24, 6.57098651513e-24, 4.73930474132e-24, 6.03909862751e-24, 4.75952521847e-24, 5.98886396507e-24, 6.90456581524e-24, 6.73232276975e-24, 4.66563814898e-24, 6.02632381401e-24, 7.39507794838e-24, 8.04948540092e-24, 8.6300176074e-24, 7.50249161582e-24],
        "var": [0.000150531239342, 7.96822787379e-05, 1.90551490959e-05, 6.44864201149e-07, 8.02053037319e-08, 6.39315587136e-08, 1.95508569334e-08, 1.89814794993e-08, 1.3530282672e-08, 9.65872715142e-09, 8.0177935402e-09, 1.20138707871e-08, 6.2930229916e-09, 3.52160611783e-09, 2.56155940903e-09, 1.98241134619e-09, 3.79313558341e-09, 5.06915842635e-09, 7.10842584795e-09, 1.27826227381e-09, 2.51013609898e-09, 2.56947974009e-09, 2.43250908305e-09, 1.2669825189e-09, 5.70143265932e-10, 4.67545002714e-10, 4.26861213043e-10, 4.97644925268e-10, 4.39849295875e-10, 3.676595417e-10, 2.94909874299e-10, 2.4300153556e-10, 2.16405338094e-10, 2.73667893902e-10, 3.70943942229e-10, 5.3694970692e-10, 3.57935875384e-10, 3.34410804603e-10, 3.36974531612e-10, 2.33095487356e-10]
    },
    "mfcc": {
        "mean": [-637.364868164, 64.136138916, 29.372751236, 30.796377182, 22.912612915, 21.0922908783, 15.8507566452, 14.5753107071, 8.56263065338, 8.17332458496, 5.36465167999, 4.42787599564, 1.51036512852],
        "cov": [[16111.5800781, -1812.20458984, -749.632019043, -432.004730225, 661.291015625, 30.5552215576, 501.719573975, 342.685211182, 382.562591553, 165.919998169, 117.320098877, 6.22873020172, 29.0942459106], [-1812.20458984, 1399.7364502, 188.426879883, 84.5198745728, -57.2555770874, -67.4492111206, -80.6622161865, -90.9583969116, -77.8961029053, -75.8611297607, -19.9590988159, -28.3184375763, -8.1581659317], [-749.632019043, 188.426879883, 824.042907715, 435.156005859, 118.323944092, 154.376571655, 43.2306060791, 45.6485710144, 11.5244483948, 8.20673561096, -24.9151115417, -6.66007375717, -14.8330755234], [-432.004730225, 84.5198745728, 435.156005859, 430.63494873, 161.830245972, 156.21585083, 77.6416473389, 69.5167999268, 33.61378479, 29.0787830353, 4.85149335861, 3.36705422401, -4.72329521179], [661.291015625, -57.2555770874, 118.323944092, 161.830245972, 297.836883545, 126.304031372, 117.733596802, 90.7039413452, 62.4162940979, 48.0750846863, 46.4839324951, 24.7829627991, 22.4015789032], [30.5552215576, -67.4492111206, 154.376571655, 156.21585083, 126.304031372, 209.634902954, 120.724868774, 88.2356262207, 57.8512840271, 38.9645500183, 22.6715087891, 11.8534812927, 17.8307914734], [501.719573975, -80.6622161865, 43.2306060791, 77.6416473389, 117.733596802, 120.724868774, 210.262634277, 111.311225891, 81.4170913696, 55.4848709106, 32.4074020386, 12.0249071121, 28.3078346252], [342.685211182, -90.9583969116, 45.6485710144, 69.5167999268, 90.7039413452, 88.2356262207, 111.311225891, 154.041351318, 83.8075561523, 61.128490448, 41.0246925354, 26.4654178619, 25.6879997253], [382.562591553, -77.8961029053, 11.5244483948, 33.61378479, 62.4162940979, 57.8512840271, 81.4170913696, 83.8075561523, 118.620933533, 62.7825126648, 37.7302322388, 23.6030101776, 24.6041164398], [165.919998169, -75.8611297607, 8.20673561096, 29.0787830353, 48.0750846863, 38.9645500183, 55.4848709106, 61.128490448, 62.7825126648, 98.2602844238, 50.1459236145, 37.1641197205, 20.4208965302], [117.320098877, -19.9590988159, -24.9151115417, 4.85149335861, 46.4839324951, 22.6715087891, 32.4074020386, 41.0246925354, 37.7302322388, 50.1459236145, 84.9469985962, 49.2149467468, 33.8534088135], [6.22873020172, -28.3184375763, -6.66007375717, 3.36705422401, 24.7829627991, 11.8534812927, 12.0249071121, 26.4654178619, 23.6030101776, 37.1641197205, 49.2149467468, 80.2106018066, 39.0419425964], [29.0942459106, -8.1581659317, -14.8330755234, -4.72329521179, 22.4015789032, 17.8307914734, 28.3078346252, 25.6879997253, 24.6041164398, 20.4208965302, 33.8534088135, 39.0419425964, 70.5293579102]],
