{
"lowlevel": {
    "average_loudness": 0.744675755501,
    "barkbands_crest": {
        "dmean": 2.93616533279,
        "dmean2": 4.49556159973,
        "dvar": 8.79718399048,
        "dvar2": 20.2481784821,
        "max": 26.6163272858,
        "mean": 12.96463871,
        "median": 12.3100700378,
        "min": 1.91464984417,
        "var": 33.9616088867
    },
    "barkbands_flatness_db": {
        "dmean": 0.0340921580791,
        "dmean2": 0.0494496300817,
        "dvar": 0.00135932944249,
        "dvar2": 0.00285207573324,
        "max": 0.433801263571,
        "mean": 0.148132383823,
        "median": 0.143261551857,
        "min": 0.00923015829176,
        "var": 0.00401049107313
    },
    "barkbands_kurtosis": {
        "dmean": 10.4696016312,
        "dmean2": 15.2868480682,
        "dvar": 769.775146484,
        "dvar2": 1501.61364746,
        "max": 738.582092285,
        "mean": 12.9770488739,
        "median": 3.5981824398,
        "min": -1.87081301212,
        "var": 1215.9498291
    },
    "barkbands_skewness": {
        "dmean": 1.03620636463,
        "dmean2": 1.49019944668,
        "dvar": 1.85178899765,
        "dvar2": 3.63364577293,
        "max": 24.1564674377,
        "mean": 2.52069330215,
        "median": 1.97090911865,
        "min": -2.50487709045,
        "var": 5.18494844437
    },
    "barkbands_spread": {
        "dmean": 11.5028038025,
        "dmean2": 17.9094142914,
        "dvar": 208.664260864,
        "dvar2": 450.38394165,
        "max": 140.403427124,
        "mean": 25.8775424957,
        "median": 19.1990814209,
        "min": 0.227571845055,
        "var": 414.111419678
    },
    "dissonance": {
        "dmean": 0.0152571769431,
        "dmean2": 0.0257406421006,
        "dvar": 0.000222287286306,
        "dvar2": 0.000605634471867,
        "max": 0.5,
        "mean": 0.474014639854,
        "median": 0.478961139917,
        "min": 0.339987486601,
        "var": 0.000416729424614
    },
    "dynamic_complexity": 4.37201452255,
    "erbbands_crest": {
        "dmean": 2.64593482018,
        "dmean2": 4.30967760086,
        "dvar": 7.99878406525,
        "dvar2": 18.7269763947,
        "max": 32.0953826904,
        "mean": 7.68314170837,
        "median": 6.48775100708,
        "min": 2.1839632988,
        "var": 18.1119060516
    },
    "erbbands_flatness_db": {
        "dmean": 0.0177433677018,
        "dmean2": 0.0275301542133,
        "dvar": 0.000321708823321,
        "dvar2": 0.000763262039982,
        "max": 0.332290798426,
        "mean": 0.122043296695,
        "median": 0.113913498819,
        "min": 0.0434851050377,
        "var": 0.00176840112545
    },
    "erbbands_kurtosis": {
        "dmean": 1.19176185131,
        "dmean2": 2.00676345825,
        "dvar": 8.40308475494,
        "dvar2": 24.3006000519,
        "max": 49.687084198,
        "mean": 0.245263844728,
        "median": -0.342680931091,
        "min": -1.90397560596,
        "var": 7.1313123703
    },
    "erbbands_skewness": {
        "dmean": 0.505447506905,
        "dmean2": 0.792720735073,
        "dvar": 0.378935098648,
        "dvar2": 0.883584439754,
        "max": 6.56246709824,
        "mean": 0.0919595062733,
        "median": 0.0851484686136,
        "min": -3.32505011559,
        "var": 0.657588422298
    },
    "erbbands_spread": {
        "dmean": 14.8210582733,
        "dmean2": 23.0792808533,
        "dvar": 302.933563232,
        "dvar2": 730.596069336,
        "max": 191.826782227,
        "mean": 53.7039146423,
        "median": 46.8986930847,
        "min": 2.73041653633,
        "var": 818.286437988
    },
    "hfc": {
        "dmean": 17.8762607574,
        "dmean2": 27.4954013824,
        "dvar": 791.26385498,
        "dvar2": 1874.86242676,
        "max": 249.388641357,
        "mean": 32.8153495789,
        "median": 15.4892072678,
        "min": 1.07585896413e-16,
        "var": 1569.96411133
    },
    "melbands_crest": {
        "dmean": 3.6157875061,
        "dmean2": 5.74331903458,
        "dvar": 14.5455703735,
        "dvar2": 34.8736953735,
        "max": 38.1436729431,
        "mean": 19.3104820251,
        "median": 18.6551437378,
        "min": 1.82098650932,
        "var": 66.7676391602
    },
    "melbands_flatness_db": {
        "dmean": 0.0428741648793,
        "dmean2": 0.0620034709573,
        "dvar": 0.00208187568933,
        "dvar2": 0.00441930070519,
        "max": 0.554460883141,
        "mean": 0.227052152157,
        "median": 0.225514501333,
        "min": 0.00604899926111,
        "var": 0.00674517871812
    },
    "melbands_kurtosis": {
        "dmean": 30.8467407227,
        "dmean2": 45.0355873108,
        "dvar": 5004.640625,
        "dvar2": 10075.5058594,
        "max": 1159.40039062,
        "mean": 48.666179657,
        "median": 17.0182189941,
        "min": -1.787140131,
        "var": 9749.06640625
    },
    "melbands_skewness": {
        "dmean": 1.50133121014,
        "dmean2": 2.23319029808,
        "dvar": 4.27967357635,
        "dvar2": 9.03194904327,
        "max": 28.8026542664,
        "mean": 4.67881774902,
        "median": 3.65016269684,
        "min": -1.34969449043,
        "var": 13.4039011002
    },
    "melbands_spread": {
        "dmean": 9.932970047,
        "dmean2": 15.4350481033,
        "dvar": 218.202911377,
        "dvar2": 460.512084961,
        "max": 178.234924316,
        "mean": 20.2853412628,
        "median": 14.2907333374,
        "min": 0.264594227076,
        "var": 460.968231201
    },
    "pitch_salience": {
        "dmean": 0.0932350605726,
        "dmean2": 0.145028576255,
        "dvar": 0.00938858184963,
        "dvar2": 0.0213850513101,
        "max": 0.892928242683,
        "mean": 0.456288725138,
        "median": 0.470998167992,
        "min": 0.0282781552523,
        "var": 0.0310126896948
    },
    "silence_rate_20dB": {
        "dmean": 0,
        "dmean2": 0,
        "dvar": 0,
        "dvar2": 0,
        "max": 1,
        "mean": 1,
        "median": 1,
        "min": 1,
        "var": 0
    },
    "silence_rate_30dB": {
        "dmean": 0.0580439195037,
        "dmean2": 0.116099074483,
        "dvar": 0.0546684451401,
        "dvar2": 0.121000684798,
        "max": 1,
        "mean": 0.870284378529,
        "median": 1,
        "min": 0,
        "var": 0.112898662686
    },
    "silence_rate_60dB": {
        "dmean": 0.0044500338845,
        "dmean2": 0.00890092924237,
        "dvar": 0.00442955456674,
        "dvar2": 0.0105619365349,
        "max": 1,
        "mean": 0.0746759548783,
        "median": 0,
        "min": 0,
        "var": 0.0690960213542
    },
    "spectral_centroid": {
        "dmean": 459.693389893,
        "dmean2": 718.124572754,
        "dvar": 300943.625,
        "dvar2": 646417.3125,
        "max": 10781.6728516,
        "mean": 1448.79516602,
        "median": 1190.03295898,
        "min": 118.170814514,
        "var": 765220.9375
    },
    "spectral_complexity": {
        "dmean": 5.63529062271,
        "dmean2": 8.45181846619,
        "dvar": 50.1124649048,
        "dvar2": 98.3222122192,
        "max": 63,
        "mean": 19.0751590729,
        "median": 16,
        "min": 0,
        "var": 181.382110596
    },
    "spectral_decrease": {
        "dmean": 3.37522809701e-09,
        "dmean2": 4.9461386098e-09,
        "dvar": 2.21760041559e-17,
        "dvar2": 4.61064517737e-17,
        "max": -7.25492092446e-29,
        "mean": -1.1693543911e-08,
        "median": -7.9595157132e-09,
        "min": -6.06599144248e-08,
        "var": 1.14276536871e-16
    },
    "spectral_energy": {
        "dmean": 0.0132769448683,
        "dmean2": 0.0194516517222,
        "dvar": 0.000323933869367,
        "dvar2": 0.000679666467477,
        "max": 0.233184456825,
        "mean": 0.0471104942262,
        "median": 0.0327825397253,
        "min": 1.0032179755e-20,
        "var": 0.00176952162292
    },
    "spectral_energyband_high": {
        "dmean": 0.0018005972961,
        "dmean2": 0.00279250461608,
        "dvar": 8.7044936663e-06,
        "dvar2": 1.99412243092e-05,
        "max": 0.0283887796104,
        "mean": 0.00270130974241,
        "median": 0.000569815339986,
        "min": 6.80019203907e-21,
        "var": 1.78771479113e-05
    },
    "spectral_energyband_low": {
        "dmean": 0.0116205187514,
        "dmean2": 0.01735143736,
        "dvar": 0.000390333909309,
        "dvar2": 0.000839005107991,
        "max": 0.218074724078,
        "mean": 0.0315654054284,
        "median": 0.0166896432638,
        "min": 2.4304854977e-23,
        "var": 0.00142201874405
    },
    "spectral_energyband_middle_high": {
        "dmean": 0.0018011945067,
        "dmean2": 0.00296391965821,
        "dvar": 1.05285871541e-05,
        "dvar2": 2.83089484583e-05,
        "max": 0.0288199670613,
        "mean": 0.00352771533653,
        "median": 0.00237673381343,
        "min": 1.79863598344e-21,
        "var": 1.44379600897e-05
    },
    "spectral_energyband_middle_low": {
        "dmean": 0.00672626169398,
        "dmean2": 0.0110184438527,
        "dvar": 0.000204849420697,
        "dvar2": 0.000510627345648,
        "max": 0.143555015326,
        "mean": 0.0103848455474,
        "median": 0.00633474998176,
        "min": 3.46531020394e-22,
        "var": 0.000200827038498
    },
    "spectral_entropy": {
        "dmean": 0.230542510748,
        "dmean2": 0.357152730227,
        "dvar": 0.0754894390702,
        "dvar2": 0.177076905966,
        "max": 9.79220485687,
        "mean": 7.85352945328,
        "median": 7.91614723206,
        "min": 5.64169979095,
        "var": 0.256200104952
    },
    "spectral_flux": {
        "dmean": 0.0334875658154,
        "dmean2": 0.0488830395043,
        "dvar": 0.00181200145744,
        "dvar2": 0.00322436518036,
        "max": 0.454752594233,
        "mean": 0.100112900138,
        "median": 0.0791568681598,
        "min": 6.4149921486e-11,
        "var": 0.00607761414722
    },
    "spectral_kurtosis": {
        "dmean": 1.35551047325,
        "dmean2": 2.1973490715,
        "dvar": 2.63075089455,
        "dvar2": 7.12217235565,
        "max": 30.7649002075,
        "mean": 3.54760360718,
        "median": 2.6725871563,
        "min": -1.1559343338,
        "var": 11.4310798645
    },
    "spectral_rms": {
        "dmean": 0.000883328728378,
        "dmean2": 0.00127983046696,
        "dvar": 1.0721222452e-06,
        "dvar2": 2.20530841943e-06,
        "max": 0.0150830047205,
        "mean": 0.00603394024074,
        "median": 0.00565534830093,
        "min": 3.12849681057e-12,
        "var": 9.5532168416e-06
    },
    "spectral_rolloff": {
        "dmean": 955.830993652,
        "dmean2": 1611.75939941,
        "dvar": 2832311.5,
        "dvar2": 6261326.5,
        "max": 19013.8183594,
        "mean": 1518.09899902,
        "median": 624.462890625,
        "min": 43.06640625,
        "var": 5519821
    },
    "spectral_skewness": {
        "dmean": 0.257965117693,
        "dmean2": 0.40711992979,
        "dvar": 0.0708349347115,
        "dvar2": 0.168331697583,
        "max": 4.21109008789,
        "mean": 1.46567308903,
        "median": 1.43058609962,
        "min": -0.00634144619107,
        "var": 0.293326616287
    },
    "spectral_spread": {
        "dmean": 881888.1875,
        "dmean2": 1294086,
        "dvar": 1.01995026842e+12,
        "dvar2": 2.06744413798e+12,
        "max": 39990264,
        "mean": 6093241.5,
        "median": 5930901.5,
        "min": 1796129.875,
        "var": 5.01921087488e+12
    },
    "spectral_strongpeak": {
        "dmean": 0.284834325314,
        "dmean2": 0.483859449625,
        "dvar": 0.733694255352,
        "dvar2": 1.5543371439,
        "max": 43.865070343,
        "mean": 0.590961873531,
        "median": 0.45022675395,
        "min": 0,
        "var": 1.2495572567
    },
    "zerocrossingrate": {
        "dmean": 0.017893191427,
        "dmean2": 0.0214583929628,
        "dvar": 0.000439535098849,
        "dvar2": 0.000557979219593,
        "max": 0.814453125,
        "mean": 0.0638347640634,
        "median": 0.046875,
        "min": 0.00244140625,
        "var": 0.00435676937923
    },
    "barkbands": {
        "dmean": [0.00112346524838, 0.0100077111274, 0.00352414115332, 0.00222813244909, 0.00338197057135, 0.00162325659767, 0.000965130573604, 0.000540708482731, 0.000803222123068, 0.000412236811826, 0.000259017338976, 0.000347306253389, 0.000191157552763, 0.000250927114394, 0.000188079706277, 0.000236690379097, 0.000220100715524, 0.00019896926824, 0.000204305251827, 0.00022503863147, 0.000316497200401, 0.000308798364131, 0.000314792909194, 0.000368194654584, 0.000386592641007, 0.000170168947079, 1.38859422805e-05],
        "dmean2": [0.00158183346502, 0.0148371821269, 0.00594557821751, 0.0039792410098, 0.00580422533676, 0.00287208450027, 0.00167443125974, 0.000870238873176, 0.00136240501888, 0.000686850107741, 0.000446281250333, 0.000600162311457, 0.000325591157889, 0.000428794475738, 0.000314503675327, 0.000378924683901, 0.000366202526493, 0.000328953407006, 0.000337375415256, 0.000371826579794, 0.000502987357322, 0.000490125385113, 0.000484905613121, 0.000585836183745, 0.000627235684078, 0.000272836128715, 2.23122406169e-05],
        "dvar": [5.65862046642e-06, 0.00031757162651, 0.000119338379591, 5.33049969818e-05, 9.09805748961e-05, 1.87697078218e-05, 3.15474744639e-06, 2.35772881751e-06, 1.59989467647e-05, 9.59729163696e-07, 3.22230533811e-07, 5.84975339279e-07, 1.52191589109e-07, 2.93363939363e-07, 1.36460442945e-07, 1.50570599544e-07, 2.12582335735e-07, 1.2955706552e-07, 1.19795160458e-07, 1.60999064747e-07, 3.31291801103e-07, 2.9454901096e-07, 2.80243710904e-07, 4.02983914682e-07, 5.12455585522e-07, 1.07543002059e-07, 8.42640002219e-09],
        "dvar2": [1.12690913738e-05, 0.000680027820636, 0.00031983180088, 0.000153730143211, 0.000240112975007, 5.3521933296e-05, 8.75179648574e-06, 5.97069492869e-06, 4.31752087025e-05, 2.51577989729e-06, 8.17118234409e-07, 1.57603801654e-06, 4.0953102598e-07, 7.88200907209e-07, 3.56765269771e-07, 3.72027216144e-07, 5.60441662856e-07, 3.34376835553e-07, 3.10588717412e-07, 4.06104163631e-07, 7.61419926221e-07, 7.03214027453e-07, 6.30724969142e-07, 9.39596191074e-07, 1.30882392568e-06, 2.69038736178e-07, 1.18397149862e-08],
        "max": [0.0441616326571, 0.203174740076, 0.102433107793, 0.0692612305284, 0.102649860084, 0.0454565398395, 0.0155457165092, 0.0345850810409, 0.0616579726338, 0.020740782842, 0.0232717134058, 0.0127780279145, 0.00822359509766, 0.0145144686103, 0.00626829592511, 0.00542117096484, 0.00601800065488, 0.00336430082098, 0.00453889509663, 0.00720956083387, 0.0111487805843, 0.00872145872563, 0.00751145835966, 0.00751888565719, 0.007072373759, 0.00464070169255, 0.00832292158157],
        "mean": [0.00238180602901, 0.0242073759437, 0.00397887593135, 0.00214382796548, 0.00349516351707, 0.00181946461089, 0.00113099033479, 0.000833288824651, 0.000832549354527, 0.000542690220755, 0.000322647945723, 0.000457483693026, 0.000261234003119, 0.000361083977623, 0.000276701815892, 0.000406555627706, 0.000285522954073, 0.000269244948868, 0.000272665318334, 0.000301565218251, 0.000437541457359, 0.000428067345638, 0.000460877490696, 0.00049153942382, 0.000483911077026, 0.000208683442906, 1.9210321625e-05],
        "median": [0.000224008399528, 0.00972645916045, 0.00126916985027, 0.000657479977235, 0.00111591792665, 0.000667187850922, 0.000398804259021, 0.000239776607486, 0.000212930492125, 0.000199778092792, 0.000130610686028, 0.000179849273991, 0.000129445179482, 0.000167245802004, 0.000113473601232, 0.000157712522196, 9.03193431441e-05, 9.53890630626e-05, 9.24512132769e-05, 7.8759068856e-05, 7.75795197114e-05, 7.99188564997e-05, 8.19057313493e-05, 8.65011970745e-05, 6.55495823594e-05, 2.60070119111e-05, 2.61367347321e-07],
        "min": [8.70360097492e-24, 6.26408806857e-24, 8.46428897527e-24, 5.4399082829e-24, 1.82737987864e-23, 4.72364009367e-23, 2.15405270152e-23, 4.41648384736e-23, 9.73906658331e-23, 5.44904786757e-23, 5.58055792245e-23, 1.1969785363e-22, 1.07007328341e-22, 1.30264815849e-22, 1.77778211093e-22, 1.86644162009e-22, 1.00988168173e-22, 1.69868763491e-22, 2.46852979791e-22, 3.71435876664e-22, 3.02816261777e-22, 4.01293517242e-22, 6.57195905441e-22, 6.70001200526e-22, 1.01020522829e-21, 1.42898389168e-21, 2.19673927145e-21],
        "var": [2.12263657886e-05, 0.00103546027094, 9.14624761208e-05, 3.38065547112e-05, 6.97856230545e-05, 1.32209061121e-05, 3.17053832077e-06, 3.49119204657e-06, 1.10669325295e-05, 1.12822738174e-06, 4.45289572326e-07, 7.23716993889e-07, 1.79002469736e-07, 3.39904971725e-07, 1.90403369515e-07, 3.58304674819e-07, 2.31757368852e-07, 1.7079307213e-07, 1.68998127492e-07, 2.51275395158e-07, 6.18088449755e-07, 5.62828176953e-07, 6.14661587406e-07, 6.76736704008e-07, 7.10288475148e-07, 1.58202425382e-07, 5.88638506827e-08]
    },
    "erbbands": {
        "dmean": [0.438932240009, 1.92979156971, 3.84475469589, 5.88280391693, 8.00802898407, 13.1279668808, 12.8365488052, 14.8972740173, 16.4728145599, 10.0174283981, 11.5682992935, 19.9665317535, 13.7776889801, 11.1120023727, 12.2268314362, 12.2535572052, 8.17922687531, 12.3727169037, 10.6172399521, 9.52517127991, 13.7677793503, 12.3279619217, 11.0707540512, 11.6051874161, 9.28727817535, 10.6580057144, 12.2976303101, 12.4191255569, 11.1783885956, 9.70674705505, 9.22534656525, 7.52123355865, 6.54756116867, 4.73282432556, 2.55744695663, 0.957674503326, 0.281091541052, 0.0484091378748, 0.00142489897553, 4.9709015002e-05],
        "dmean2": [0.613297283649, 2.91156697273, 6.13054609299, 10.3251714706, 13.9376087189, 22.4989051819, 22.3604717255, 25.7803249359, 28.7567234039, 16.7316894531, 18.6954517365, 34.3606529236, 23.0763034821, 18.47797966, 21.090423584, 21.1498756409, 14.0782003403, 21.0338039398, 18.1221752167, 15.8270664215, 22.0799674988, 20.4332046509, 18.2880153656, 19.2922458649, 15.5014781952, 17.5381317139, 19.8063411713, 19.6591300964, 17.7314815521, 15.3236370087, 14.280040741, 11.9247264862, 10.5535964966, 7.73291301727, 4.12342405319, 1.53063476086, 0.454464316368, 0.0777155011892, 0.00233880267479, 7.80959890108e-05],
        "dvar": [0.73673003912, 13.3508253098, 112.672065735, 376.065093994, 514.984741211, 1701.3692627, 1768.40185547, 1247.83056641, 1048.16711426, 320.534942627, 990.502441406, 13374.9150391, 1432.859375, 601.981628418, 734.935424805, 768.98046875, 264.915252686, 719.941833496, 560.241821289, 356.431427002, 533.17755127, 653.880065918, 430.970794678, 448.084320068, 279.729888916, 341.579711914, 495.184783936, 517.093811035, 382.603027344, 301.820495605, 249.03755188, 183.29447937, 125.378517151, 78.2163314819, 23.0475845337, 3.19349861145, 0.309736162424, 0.0350717008114, 2.12379927689e-05, 1.09867492881e-08],
        "dvar2": [1.42877280712, 29.4818115234, 279.928649902, 1065.19396973, 1442.99291992, 4352.74707031, 4787.84179688, 3504.13110352, 2902.29980469, 843.386779785, 2515.23925781, 36546.6210938, 3950.05810547, 1478.07226562, 2003.63000488, 2082.74560547, 724.315979004, 1875.82043457, 1560.08227539, 923.427062988, 1310.52307129, 1709.60559082, 1126.82250977, 1142.84521484, 729.737915039, 854.504455566, 1192.79614258, 1182.24182129, 902.668701172, 727.08392334, 567.35357666, 436.073181152, 299.679290771, 202.59715271, 58.010269165, 7.97466659546, 0.78615796566, 0.056223411113, 3.98568081437e-05, 2.25535021769e-08],
        "max": [11.0037231445, 52.1881408691, 102.364257812, 185.085754395, 261.414215088, 369.861633301, 452.543518066, 373.595458984, 277.419158936, 309.191314697, 624.451843262, 1790.09631348, 545.288330078, 636.60925293, 771.728271484, 492.118469238, 250.788070679, 939.972717285, 438.935974121, 366.463409424, 370.897979736, 371.128417969, 173.220291138, 257.332824707, 272.658081055, 312.726928711, 388.136779785, 560.880859375, 324.916687012, 329.823669434, 235.220306396, 187.508132935, 115.118263245, 94.4611206055, 53.9422569275, 19.9160690308, 5.93271970749, 15.6317996979, 0.327353775501, 0.00636838190258],
        "mean": [1.01049292088, 4.06817865372, 5.46751785278, 5.98960924149, 9.2399148941, 11.9503440857, 12.2180891037, 17.2807197571, 18.6946926117, 15.5420837402, 17.2211704254, 19.6035900116, 17.3584690094, 16.1751289368, 16.661403656, 16.3511714935, 11.8239107132, 17.9962329865, 15.8009710312, 15.2006721497, 24.2164363861, 16.8998470306, 15.2010135651, 15.7361345291, 12.2502155304, 14.3984355927, 16.8551692963, 17.2815971375, 15.0510778427, 13.6634864807, 13.4853782654, 10.4024162292, 8.22691059113, 5.7076830864, 3.27630352974, 1.1875025034, 0.331559747458, 0.063595585525, 0.00172339682467, 0.000107214618765],
        "median": [0.190497368574, 1.90817809105, 2.1642780304, 2.21545553207, 2.91043996811, 2.81385469437, 3.22705316544, 6.19561958313, 7.21318054199, 6.73256492615, 5.54629802704, 4.92262077332, 6.33211326599, 7.04899692535, 7.71007919312, 6.75019168854, 6.32434082031, 8.28802776337, 7.53515529633, 7.17383623123, 8.78555011749, 6.34267139435, 5.72572183609, 5.05106639862, 4.20370769501, 3.92906236649, 3.27120161057, 3.08238554001, 2.92740440369, 2.41588163376, 2.31653594971, 1.8948161602, 1.29274427891, 0.779044508934, 0.435110092163, 0.160466611385, 0.0379023402929, 0.00393220316619, 0.000124063604744, 5.42192065041e-05],
        "min": [1.22610757232e-22, 1.8199879869e-21, 9.18174357343e-21, 2.29190082715e-20, 4.75121816352e-20, 6.1510255411e-20, 3.43035496489e-19, 3.42386599148e-19, 3.15727162541e-19, 4.27923123244e-19, 1.52056393384e-18, 2.20067865773e-18, 2.08164881515e-18, 1.85738753658e-18, 2.58501903036e-18, 5.39252110777e-18, 5.21768366401e-18, 5.84052378189e-18, 1.07234329763e-17, 6.58573824036e-18, 1.32333264295e-17, 5.7593686784e-18, 8.79960112308e-18, 9.93182113012e-18, 1.20900544623e-17, 1.85635542197e-17, 1.33714382948e-17, 1.22186620224e-17, 1.54076980554e-17, 1.38623964582e-17, 1.60624776847e-17, 1.56119504553e-17, 1.11715555916e-17, 1.01422715944e-17, 7.15400470374e-18, 4.4685111463e-18, 2.91848965648e-18, 1.13413834228e-18, 2.9512178329e-19, 3.5687935278e-20],
        "var": [2.9659101963, 27.9130001068, 112.154022217, 244.651504517, 424.950561523, 1315.4041748, 1245.63330078, 1021.13098145, 957.703918457, 547.565124512, 1393.76098633, 8817.10351562, 1213.64416504, 942.834411621, 871.412963867, 914.181396484, 310.104614258, 882.583007812, 607.425476074, 518.33770752, 1356.6307373, 722.169067383, 522.973632812, 626.5078125, 368.357635498, 546.743591309, 872.724731445, 970.277587891, 700.444030762, 583.283508301, 533.235351562, 317.078796387, 191.292999268, 101.320388794, 33.4475708008, 4.68152141571, 0.412160903215, 0.215372279286, 9.99471667456e-05, 4.6385835617e-08]
    },
    "gfcc": {
        "mean": [-7.19720649719, 71.8222427368, -91.6687316895, 39.5629959106, -51.7412719727, 27.9230594635, -35.4878616333, 17.4303073883, -21.1990871429, 10.6566400528, -14.9907150269, 5.247402668, -10.6647539139],
        "cov": [[21902.7285156, -1498.60546875, 281.323028564, 954.764709473, -726.601135254, 79.5679702759, -481.648651123, 466.112304688, -27.8358688354, 368.836853027, -82.3103256226, 491.787994385, 49.812046051], [-1498.60546875, 2337.45117188, -477.28024292, -415.496795654, 290.34777832, -234.940475464, 19.8887710571, -215.734710693, 0.937663733959, -222.513031006, 51.7216262817, -170.185012817, 29.9018115997], [281.323028564, -477.28024292, 936.572021484, 361.103485107, 67.2178421021, 233.038040161, 90.1062469482, 103.032577515, 15.285487175, 87.7971038818, 11.1267490387, 77.5150222778, -1.70147812366], [954.764709473, -415.496795654, 361.103485107, 486.248321533, 69.1007614136, 176.203811646, 46.8854980469, 102.702972412, 33.5162620544, 43.1793518066, 14.3620624542, 51.8393936157, 40.4789123535], [-726.601135254, 290.34777832, 67.2178421021, 69.1007614136, 314.925933838, 80.1218414307, 80.0581893921, 10.9268379211, 41.6801185608, -25.7817268372, 11.8860082626, -30.583650589, 4.10095643997], [79.5679702759, -234.940475464, 233.038040161, 176.203811646, 80.1218414307, 287.573303223, 118.989997864, 93.8300094604, 33.9556274414, 52.0163726807, 7.94175815582, 2.34104251862, -11.6852798462], [-481.648651123, 19.8887710571, 90.1062469482, 46.8854980469, 80.0581893921, 118.989997864, 194.567276001, 96.2104644775, 58.2744636536, 16.3128166199, 21.6283073425, -14.1284980774, -4.39648199081], [466.112304688, -215.734710693, 103.032577515, 102.702972412, 10.9268379211, 93.8300094604, 96.2104644775, 183.203460693, 79.5349197388, 57.6733932495, 8.07395553589, 26.5128631592, 2.61536741257], [-27.8358688354, 0.937663733959, 15.285487175, 33.5162620544, 41.6801185608, 33.9556274414, 58.2744636536, 79.5349197388, 133.691619873, 56.9271011353, 29.9999752045, 10.0517845154, 13.2816324234], [368.836853027, -222.513031006, 87.7971038818, 43.1793518066, -25.7817268372, 52.0163726807, 16.3128166199, 57.6733932495, 56.9271011353, 125.855873108, 46.7264633179, 41.6581001282, -5.71648788452], [-82.3103256226, 51.7216262817, 11.1267490387, 14.3620624542, 11.8860082626, 7.94175815582, 21.6283073425, 8.07395553589, 29.9999752045, 46.7264633179, 100.58013916, 44.5037384033, 29.173242569], [491.787994385, -170.185012817, 77.5150222778, 51.8393936157, -30.583650589, 2.34104251862, -14.1284980774, 26.5128631592, 10.0517845154, 41.6581001282, 44.5037384033, 109.526268005, 52.9620132446], [49.812046051, 29.9018115997, -1.70147812366, 40.4789123535, 4.10095643997, -11.6852798462, -4.39648199081, 2.61536741257, 13.2816324234, -5.71648788452, 29.173242569, 52.9620132446, 97.4500427246]],
        "icov": [[8.03789298516e-05, -9.13597395993e-05, 7.99725166871e-05, -0.000236448468058, 0.000169900551555, -4.28143393947e-05, 0.000238246109802, -0.000269892450888, 0.000127886160044, -0.000236392355873, 0.000300099956803, -0.000451627245639, 0.00021658091282], [-9.13597395993e-05, 0.00105556403287, -0.000122022443975, 0.000877759186551, -0.000925739004742, 0.000408981082728, -0.000324459571857, 0.000670743873343, -0.000636344542727, 0.00157444889192, -0.0017360332422, 0.00184685073327, -0.000893496442586], [7.99725166871e-05, -0.000122022443975, 0.00189511873759, -0.0013032478746, 5.78360231884e-06, -0.000584424589761, -0.00038465380203, 9.72361158347e-05, 0.000642621831503, -0.00108427205123, 0.0010850726394, -0.00192875962239, 0.00105292873923], [-0.000236448468058, 0.000877759186551, -0.0013032478746, 0.00482231937349, -0.00139906862751, -0.00120142102242, 0.000735068169888, -0.000588848954067, -0.000670701905619, 0.00205917772837, -0.00206099683419, 0.00233534956351, -0.00265056360513], [0.000169900551555, -0.000925739004742, 5.78360231884e-06, -0.00139906862751, 0.00523803336546, -0.00123077316675, -0.00050514691975, 0.000346421904396, -0.00132229807787, 0.000555024889763, 0.000692000496201, -0.0010307818884, 0.000944181054365], [-4.28143393947e-05, 0.000408981082728, -0.000584424589761, -0.00120142102242, -0.00123077316675, 0.00710077444091, -0.00339967478067, -0.000343547319062, 0.00138711975887, -0.00218605948612, 0.000256216619164, 0.00162286229897, -0.00013165231212], [0.000238246109802, -0.000324459571857, -0.00038465380203, 0.000735068169888, -0.00050514691975, -0.00339967478067, 0.0114521961659, -0.00573805114254, -0.00114015256986, 0.00232218392193, -0.00280875130557, 0.00133961590473, 0.000354402436642], [-0.000269892450888, 0.000670743873343, 9.72361158347e-05, -0.000588848954067, 0.000346421904396, -0.000343547319062, -0.00573805114254, 0.0130626410246, -0.00530206272379, -0.00077950040577, 0.00223606056534, -0.0016656863736, 0.000425981445005], [0.000127886160044, -0.000636344542727, 0.000642621831503, -0.000670701905619, -0.00132229807787, 0.00138711975887, -0.00114015256986, -0.00530206272379, 0.0145123666152, -0.00732739409432, 0.000286047987174, 0.00166505097877, -0.00266575813293], [-0.000236392355873, 0.00157444889192, -0.00108427205123, 0.00205917772837, 0.000555024889763, -0.00218605948612, 0.00232218392193, -0.00077950040577, -0.00732739409432, 0.0198603719473, -0.00924779102206, -0.00114342267625, 0.00415723584592], [0.000300099956803, -0.0017360332422, 0.0010850726394, -0.00206099683419, 0.000692000496201, 0.000256216619164, -0.00280875130557, 0.00223606056534, 0.000286047987174, -0.00924779102206, 0.0198845434934, -0.00881608016789, -0.000673667062074], [-0.000451627245639, 0.00184685073327, -0.00192875962239, 0.00233534956351, -0.0010307818884, 0.00162286229897, 0.00133961590473, -0.0016656863736, 0.00166505097877, -0.00114342267625, -0.00881608016789, 0.0240818709135, -0.0117392130196], [0.00021658091282, -0.000893496442586, 0.00105292873923, -0.00265056360513, 0.000944181054365, -0.00013165231212, 0.000354402436642, 0.000425981445005, -0.00266575813293, 0.00415723584592, -0.000673667062074, -0.0117392130196, 0.0186824109405]]
    },
    "melbands": {
        "dmean": [0.0031453683041, 0.00198118202388, 0.00104403751902, 0.000717113434803, 0.000495063781273, 0.000327126210323, 0.000236228734138, 0.000113260924991, 9.38118537306e-05, 0.000126182567328, 6.83340113028e-05, 4.74424959975e-05, 3.88763546653e-05, 4.45142977696e-05, 2.11099559237e-05, 2.03993186005e-05, 2.3794684239e-05, 1.86519537237e-05, 1.38239975058e-05, 1.4375776118e-05, 1.63764561876e-05, 1.3381595636e-05, 1.11367899081e-05, 1.02567073554e-05, 9.9790022432e-06, 6.72341002428e-06, 7.18070532457e-06, 7.30351302991e-06, 7.61636374591e-06, 8.18114767753e-06, 7.0492942541e-06, 6.4864120759e-06, 6.39167137706e-06, 5.27432939634e-06, 5.54729831492e-06, 5.33572801942e-06, 4.59548755316e-06, 4.84410793433e-06, 4.19589696321e-06, 4.02754403694e-06],
        "dmean2": [0.00454332400113, 0.0030096124392, 0.00179877318442, 0.0012418407714, 0.000837230065372, 0.000569122610614, 0.000411166489357, 0.000186331191799, 0.000152416614583, 0.000217200504267, 0.00011514864309, 7.87617536844e-05, 6.69157670927e-05, 7.70090919104e-05, 3.65084015357e-05, 3.46011656802e-05, 4.06140679843e-05, 3.20221588481e-05, 2.30278565141e-05, 2.3607564799e-05, 2.65119288088e-05, 2.23876468226e-05, 1.85454991879e-05, 1.7032301912e-05, 1.66871086549e-05, 1.12856741907e-05, 1.21499460874e-05, 1.19966007333e-05, 1.25178767121e-05, 1.30045518745e-05, 1.13574324132e-05, 1.03442152977e-05, 1.04397040559e-05, 8.41863402457e-06, 8.64088178787e-06, 8.51989807416e-06, 7.35474077374e-06, 7.87584758655e-06, 6.84052884026e-06, 6.69033215672e-06],
        "dvar": [3.3177795558e-05, 1.95210104721e-05, 1.03928659883e-05, 3.81660038329e-06, 2.48097080657e-06, 6.29936891983e-07, 2.05979119983e-07, 5.52044845392e-08, 6.72851285799e-08, 4.89439173634e-07, 3.21825730509e-08, 1.1594023519e-08, 7.81453657339e-09, 1.01050874335e-08, 1.84922943625e-09, 1.89307858278e-09, 2.66801425397e-09, 1.84278237114e-09, 6.89368895301e-10, 7.14703241034e-10, 7.80729703109e-10, 8.2341844454e-10, 5.23959986509e-10, 3.43093359279e-10, 3.49801992927e-10, 1.43386011398e-10, 1.81383963405e-10, 1.68837221981e-10, 2.03809566446e-10, 2.48496972999e-10, 1.67876629265e-10, 1.33652450218e-10, 1.49910181491e-10, 8.96186180821e-11, 9.492266001e-11, 8.36550273497e-11, 7.59514881543e-11, 7.36031791071e-11, 5.33176315598e-11, 6.01324268157e-11],
        "dvar2": [6.72900860081e-05, 4.32792439824e-05, 2.87663660856e-05, 1.03726761154e-05, 6.35860260445e-06, 1.77630840881e-06, 5.71271584704e-07, 1.42484338994e-07, 1.72353765038e-07, 1.33963260396e-06, 8.96774992043e-08, 2.83928702771e-08, 2.03040713131e-08, 2.72073901186e-08, 5.1014685809e-09, 4.93140683844e-09, 7.05548730551e-09, 5.15018072633e-09, 1.76175174449e-09, 1.80402814909e-09, 1.93332017062e-09, 2.18093987314e-09, 1.36787725591e-09, 8.87295736884e-10, 8.99168128843e-10, 3.8047662243e-10, 4.62029414727e-10, 4.24523249887e-10, 5.14485898329e-10, 5.82369041879e-10, 3.94622223787e-10, 3.18969767266e-10, 3.77926023809e-10, 2.15443884954e-10, 2.19662024681e-10, 2.0050024141e-10, 1.85873164082e-10, 1.78616316182e-10, 1.31257366087e-10, 1.58442522991e-10],
        "max": [0.0712361857295, 0.0521809607744, 0.0294876117259, 0.0228093117476, 0.014982605353, 0.0082245208323, 0.00369213265367, 0.00477635068819, 0.00416874000803, 0.010750730522, 0.00263731065206, 0.00282392837107, 0.00356729910709, 0.00190564780496, 0.000864956469741, 0.00132240366656, 0.00160004280042, 0.00082295469474, 0.000557061459403, 0.000410044012824, 0.000458582362626, 0.00042153778486, 0.000283407309325, 0.000209008081583, 0.000238793960307, 0.000163639066159, 0.000357382552465, 0.000179809881956, 0.000245435192483, 0.000213905528653, 0.000347060180502, 0.000210651749512, 0.000171985419001, 0.000195133980014, 0.000127837600303, 0.00012512896501, 0.000113882932055, 8.79007784533e-05, 7.29679304641e-05, 8.77349448274e-05],
        "mean": [0.007625809405, 0.00377478101291, 0.00116688292474, 0.000738273491152, 0.000471894163638, 0.000375590025214, 0.000275712402072, 0.000178874572157, 0.000131385211716, 0.000123621313833, 8.63193199621e-05, 6.74293551128e-05, 5.09917372256e-05, 5.84347799304e-05, 2.66722654487e-05, 2.86831564154e-05, 3.3439238905e-05, 2.590729855e-05, 2.03628169402e-05, 2.26869851758e-05, 2.79319338006e-05, 1.68865190062e-05, 1.4759689293e-05, 1.32832074087e-05, 1.29019217638e-05, 8.91288163984e-06, 8.82635322341e-06, 9.66321385931e-06, 1.00775396277e-05, 1.10134005809e-05, 9.57071006269e-06, 8.41353357828e-06, 8.34894763102e-06, 7.21646665625e-06, 7.94825973571e-06, 7.14758107279e-06, 6.05485456617e-06, 5.9180201788e-06, 5.11036068929e-06, 4.71483508591e-06],
        "median": [0.00232470198534, 0.00192301557399, 0.000456469773781, 0.000231602301938, 0.000114409456728, 0.000137301874929, 0.000112256107968, 6.96201823303e-05, 3.97484764108e-05, 2.92548138532e-05, 3.14900025842e-05, 2.76913524431e-05, 2.23282531806e-05, 2.16057269427e-05, 1.24345842778e-05, 1.39656976899e-05, 1.4715049474e-05, 1.17655827125e-05, 8.05333002063e-06, 1.00557535916e-05, 9.0419089247e-06, 5.36198240297e-06, 5.13101531396e-06, 4.37174730905e-06, 3.81777226721e-06, 3.34468245455e-06, 2.53060829891e-06, 2.41586599259e-06, 2.07504990613e-06, 1.66036068094e-06, 1.74774118022e-06, 1.66639949839e-06, 1.39121220855e-06, 1.28410079014e-06, 1.27440034703e-06, 1.22366964206e-06, 1.03738921098e-06, 9.17000420486e-07, 7.19179979569e-07, 5.93686536376e-07],
        "min": [1.71496566136e-24, 3.8199989801e-24, 5.01225258668e-24, 4.08392817316e-24, 9.59326094888e-24, 7.55225296172e-24, 4.96443381076e-24, 4.72787099136e-24, 1.61964298335e-23, 1.35189302138e-23, 1.07441601002e-23, 8.26847397707e-24, 7.42393290257e-24, 1.07045766377e-23, 1.01414814127e-23, 8.78883502914e-24, 1.08526813284e-23, 1.66841462436e-23, 9.54867374166e-24, 8.82697329847e-24, 1.67013828544e-23, 6.03142103875e-24, 4.42779343061e-24, 9.92893546355e-24, 7.34711678307e-24, 9.43688426278e-24, 1.07890234088e-23, 1.12608450605e-23, 8.04942623635e-24, 6.87141078025e-24, 7.04352366369e-24, 8.32717863905e-24, 8.51110550341e-24, 6.25421744649e-24, 8.76056304316e-24, 9.0489082701e-24, 9.41391342208e-24, 7.19168436347e-24, 8.46528451773e-24, 8.99887082288e-24],
        "var": [0.000127049454022, 2.95250119962e-05, 7.44242743167e-06, 2.83854592453e-06, 1.95786628865e-06, 4.92686922371e-07, 1.91291718465e-07, 9.1586954909e-08, 8.2255809275e-08, 3.22804595498e-07, 2.80901151228e-08, 1.78931358619e-08, 1.01918251616e-08, 1.2968895291e-08, 1.87021131914e-09, 2.33862706978e-09, 3.14145265357e-09, 1.87429716192e-09, 1.04938457923e-09, 1.17854725978e-09, 1.97611327302e-09, 8.55605364336e-10, 5.81324988147e-10, 4.57575033419e-10, 4.65120775228e-10, 1.85922555129e-10, 2.57620036415e-10, 2.58170346212e-10, 3.10865888586e-10, 4.4267903232e-10, 2.93732954626e-10, 2.3005918004e-10, 2.36927255592e-10, 1.66692715187e-10, 1.91402643734e-10, 1.57802174106e-10, 1.14673846807e-10, 1.05979301723e-10, 7.49978343317e-11, 7.40299072044e-11]
    },
    "mfcc": {
        "mean": [-650.864990234, 102.625396729, 20.0143299103, 21.6365318298, 12.5020294189, 12.2088832855, 5.42862606049, 7.44387292862, 4.55200576782, 5.03564691544, 3.19432473183, 4.37182044983, 2.94319224358],
        "cov": [[13504.2675781, -899.052124023, 428.659606934, 441.6953125, -1.89109885693, -105.270874023, -228.97076416, 34.5374069214, 111.284950256, -12.334605217, -87.0712585449, 156.515167236, 150.977355957], [-899.052124023, 2396.47851562, -551.026977539, -96.7281951904, 13.3680620193, -57.2227935791, -40.2675437927, -47.8679847717, -118.283119202, -45.7664680481, -81.2205581665, -101.616668701, 8.5854549408], [428.659606934, -551.026977539, 794.716308594, 181.07699585, 112.768684387, 148.393966675, 120.977424622, 82.8023757935, 80.7566375732, 26.3251457214, 75.3503036499, 69.7468490601, 10.6940965652], [441.6953125, -96.7281951904, 181.07699585, 270.418121338, 126.522964478, 57.130859375, 43.5897331238, 56.8290176392, 39.9900016785, 20.8956108093, -2.92348194122, 16.9723453522, 21.6013202667], [-1.89109885693, 13.3680620193, 112.768684387, 126.522964478, 228.689605713, 114.919113159, 60.623840332, 49.6789207458, 40.6955413818, 20.287940979, 16.4808673859, 10.6590270996, 22.1894187927], [-105.270874023, -57.2227935791, 148.393966675, 57.130859375, 114.919113159, 186.756713867, 98.7432937622, 51.6974411011, 37.8315124512, 35.9454650879, 38.3351097107, 20.3007793427, 5.59025430679], [-228.97076416, -40.2675437927, 120.977424622, 43.5897331238, 60.623840332, 98.7432937622, 168.212188721, 88.3655548096, 48.0100593567, 38.8502006531, 46.923828125, 27.7922782898, -3.03184747696], [34.5374069214, -47.8679847717, 82.8023757935, 56.8290176392, 49.6789207458, 51.6974411011, 88.3655548096, 138.926193237, 89.5188064575, 45.9833679199, 35.0068702698, 28.7423629761, 6.66521120071], [111.284950256, -118.283119202, 80.7566375732, 39.9900016785, 40.6955413818, 37.8315124512, 48.0100593567, 89.5188064575, 134.782608032, 66.8053436279, 49.9640350342, 33.6474151611, 4.23765707016], [-12.334605217, -45.7664680481, 26.3251457214, 20.8956108093, 20.287940979, 35.9454650879, 38.8502006531, 45.9833679199, 66.8053436279, 108.081573486, 62.317401886, 31.6463851929, 7.38336277008], [-87.0712585449, -81.2205581665, 75.3503036499, -2.92348194122, 16.4808673859, 38.3351097107, 46.923828125, 35.0068702698, 49.9640350342, 62.317401886, 110.701934814, 61.0942802429, 16.9156074524], [156.515167236, -101.616668701, 69.7468490601, 16.9723453522, 10.6590270996, 20.3007793427, 27.7922782898, 28.7423629761, 33.6474151611, 31.6463851929, 61.0942802429, 104.258827209, 47.1063690186], [150.977355957, 8.5854549408, 10.6940965652, 21.6013202667, 22.1894187927, 5.59025430679, -3.03184747696, 6.66521120071, 4.23765707016, 7.38336277008, 16.9156074524, 47.1063690186, 99.0581436157]],
