{
"lowlevel": {
    "average_loudness": 0.897706449032,
    "barkbands_crest": {
        "dmean": 4.00260591507,
        "dmean2": 6.23692274094,
        "dvar": 16.879114151,
        "dvar2": 33.3212394714,
        "max": 26.8015956879,
        "mean": 13.2305612564,
        "median": 11.4436798096,
        "min": 1.79863917828,
        "var": 46.1054954529
    },
    "barkbands_flatness_db": {
        "dmean": 0.0531504750252,
        "dmean2": 0.0806116461754,
        "dvar": 0.00358808599412,
        "dvar2": 0.00695280171931,
        "max": 0.785709917545,
        "mean": 0.163207247853,
        "median": 0.131904348731,
        "min": 0.0133135346696,
        "var": 0.0114959273487
    },
    "barkbands_kurtosis": {
        "dmean": 45.3471832275,
        "dmean2": 79.9982147217,
        "dvar": 92999.1171875,
        "dvar2": 269380.375,
        "max": 9501.60742188,
        "mean": 38.2791290283,
        "median": 3.752191782,
        "min": -1.73933422565,
        "var": 63814.6953125
    },
    "barkbands_skewness": {
        "dmean": 1.82640254498,
        "dmean2": 2.87631344795,
        "dvar": 17.3171539307,
        "dvar2": 43.3591346741,
        "max": 81.4361877441,
        "mean": 3.03594374657,
        "median": 1.90645003319,
        "min": -2.7367515564,
        "var": 20.335187912
    },
    "barkbands_spread": {
        "dmean": 10.099779129,
        "dmean2": 16.1531562805,
        "dvar": 136.287445068,
        "dvar2": 301.486602783,
        "max": 87.9360656738,
        "mean": 21.7868728638,
        "median": 19.195350647,
        "min": 0.0357482768595,
        "var": 291.958068848
    },
    "dissonance": {
        "dmean": 0.0221559330821,
        "dmean2": 0.0383645743132,
        "dvar": 0.00106938346289,
        "dvar2": 0.00290479208343,
        "max": 0.500000119209,
        "mean": 0.464697688818,
        "median": 0.475630879402,
        "min": 0.0150518920273,
        "var": 0.00133422703948
    },
    "dynamic_complexity": 4.23419475555,
    "erbbands_crest": {
        "dmean": 2.73398208618,
        "dmean2": 4.52906656265,
        "dvar": 7.68672847748,
        "dvar2": 18.6871147156,
        "max": 27.6405353546,
        "mean": 7.58838510513,
        "median": 6.58101844788,
        "min": 2.06736278534,
        "var": 15.5547533035
    },
    "erbbands_flatness_db": {
        "dmean": 0.0273543484509,
        "dmean2": 0.0406057760119,
        "dvar": 0.00138134567533,
        "dvar2": 0.00241120252758,
        "max": 0.495525568724,
        "mean": 0.135626584291,
        "median": 0.113425388932,
        "min": 0.0308094453067,
        "var": 0.0047271354124
    },
    "erbbands_kurtosis": {
        "dmean": 1.8093483448,
        "dmean2": 2.89778804779,
        "dvar": 77.5881195068,
        "dvar2": 161.599075317,
        "max": 188.01373291,
        "mean": 0.958944797516,
        "median": -0.289597034454,
        "min": -1.85729217529,
        "var": 82.9636001587
    },
    "erbbands_skewness": {
        "dmean": 0.461681455374,
        "dmean2": 0.721994817257,
        "dvar": 0.44043648243,
        "dvar2": 0.910459518433,
        "max": 10.6476697922,
        "mean": 0.277234077454,
        "median": 0.185243204236,
        "min": -3.42782378197,
        "var": 0.869113504887
    },
    "erbbands_spread": {
        "dmean": 13.2511529922,
        "dmean2": 20.9765548706,
        "dvar": 217.044876099,
        "dvar2": 504.832122803,
        "max": 163.878158569,
        "mean": 47.8876113892,
        "median": 46.0630950928,
        "min": 0.948111712933,
        "var": 563.184814453
    },
    "hfc": {
        "dmean": 13.2107028961,
        "dmean2": 19.1754798889,
        "dvar": 371.272033691,
        "dvar2": 694.067687988,
        "max": 185.203201294,
        "mean": 24.8086853027,
        "median": 12.4994840622,
        "min": 1.11353320291e-16,
        "var": 924.886291504
    },
    "melbands_crest": {
        "dmean": 4.83013057709,
        "dmean2": 7.51396799088,
        "dvar": 24.3144817352,
        "dvar2": 52.2488327026,
        "max": 39.9928359985,
        "mean": 18.4544754028,
        "median": 17.4514694214,
        "min": 1.77385723591,
        "var": 65.3824539185
    },
    "melbands_flatness_db": {
        "dmean": 0.063128657639,
        "dmean2": 0.0942245721817,
        "dvar": 0.0045838560909,
        "dvar2": 0.00807493086904,
        "max": 0.962337374687,
        "mean": 0.238008394837,
        "median": 0.20707051456,
        "min": 0.00661286152899,
        "var": 0.0167721584439
    },
    "melbands_kurtosis": {
        "dmean": 80.7176437378,
        "dmean2": 136.922790527,
        "dvar": 367249.71875,
        "dvar2": 1031403.625,
        "max": 19127.2226562,
        "mean": 82.1622390747,
        "median": 13.9355192184,
        "min": -1.75401973724,
        "var": 282569.78125
    },
    "melbands_skewness": {
        "dmean": 2.18240308762,
        "dmean2": 3.45957493782,
        "dvar": 31.0524730682,
        "dvar2": 75.2263641357,
        "max": 130.451538086,
        "mean": 4.78954029083,
        "median": 3.23429274559,
        "min": -2.11123156548,
        "var": 39.2210464478
    },
    "melbands_spread": {
        "dmean": 10.228310585,
        "dmean2": 16.42370224,
        "dvar": 190.377365112,
        "dvar2": 410.96685791,
        "max": 220.740600586,
        "mean": 19.9645767212,
        "median": 14.7095146179,
        "min": 0.0361254774034,
        "var": 401.37399292
    },
    "pitch_salience": {
        "dmean": 0.129779800773,
        "dmean2": 0.202773913741,
        "dvar": 0.0171553567052,
        "dvar2": 0.0373444110155,
        "max": 0.956718087196,
        "mean": 0.476124703884,
        "median": 0.512872099876,
        "min": 0.00208814512007,
        "var": 0.0421484410763
    },
    "silence_rate_20dB": {
        "dmean": 0,
        "dmean2": 0,
        "dvar": 0,
        "dvar2": 0,
        "max": 1,
        "mean": 1,
        "median": 1,
        "min": 1,
        "var": 0
    },
    "silence_rate_30dB": {
        "dmean": 0.103517405689,
        "dmean2": 0.207072541118,
        "dvar": 0.0927991271019,
        "dvar2": 0.243306487799,
        "max": 1,
        "mean": 0.933309018612,
        "median": 1,
        "min": 0,
        "var": 0.0622422583401
    },
    "silence_rate_60dB": {
        "dmean": 0.101694911718,
        "dmean2": 0.203244626522,
        "dvar": 0.0913556739688,
        "dvar2": 0.175433591008,
        "max": 1,
        "mean": 0.169096216559,
        "median": 0,
        "min": 0,
        "var": 0.140497356653
    },
    "spectral_centroid": {
        "dmean": 409.559082031,
        "dmean2": 645.516662598,
        "dvar": 198988.3125,
        "dvar2": 421534.15625,
        "max": 11528.28125,
        "mean": 1360.47790527,
        "median": 1324.04760742,
        "min": 66.3747634888,
        "var": 599692.6875
    },
    "spectral_complexity": {
        "dmean": 6.62730073929,
        "dmean2": 9.5805683136,
        "dvar": 61.7330169678,
        "dvar2": 101.169548035,
        "max": 64,
        "mean": 18.6475944519,
        "median": 15,
        "min": 0,
        "var": 236.494491577
    },
    "spectral_decrease": {
        "dmean": 6.15221873446e-09,
        "dmean2": 9.86049730756e-09,
        "dvar": 6.22541025917e-17,
        "dvar2": 1.59369738717e-16,
        "max": 1.91198339571e-19,
        "mean": -1.05851656329e-08,
        "median": -7.30740934429e-09,
        "min": -4.34302798169e-08,
        "var": 1.12877622254e-16
    },
    "spectral_energy": {
        "dmean": 0.0237339623272,
        "dmean2": 0.0380588360131,
        "dvar": 0.000910513103008,
        "dvar2": 0.00232753134333,
        "max": 0.16596326232,
        "mean": 0.0422012023628,
        "median": 0.0302676893771,
        "min": 1.06129994855e-20,
        "var": 0.00171365216374
    },
    "spectral_energyband_high": {
        "dmean": 0.00117873086128,
        "dmean2": 0.00171153375413,
        "dvar": 3.69989766114e-06,
        "dvar2": 6.53835422781e-06,
        "max": 0.0196540355682,
        "mean": 0.00174648233224,
        "median": 0.00045819854131,
        "min": 7.51923978917e-21,
        "var": 7.74967429606e-06
    },
    "spectral_energyband_low": {
        "dmean": 0.0194327235222,
        "dmean2": 0.0304668210447,
        "dvar": 0.000810831319541,
        "dvar2": 0.00188875652384,
        "max": 0.158430412412,
        "mean": 0.0287315491587,
        "median": 0.00781529862434,
        "min": 4.04591454386e-23,
        "var": 0.00140339788049
    },
    "spectral_energyband_middle_high": {
        "dmean": 0.00218894286081,
        "dmean2": 0.00327168428339,
        "dvar": 8.88008707989e-06,
        "dvar2": 1.86416928045e-05,
        "max": 0.0438732542098,
        "mean": 0.00448132771999,
        "median": 0.00202043051831,
        "min": 1.61666483149e-21,
        "var": 3.52279093931e-05
    },
    "spectral_energyband_middle_low": {
        "dmean": 0.00708397570997,
        "dmean2": 0.0118548674509,
        "dvar": 0.000165428369655,
        "dvar2": 0.000437976443209,
        "max": 0.0873897820711,
        "mean": 0.00888548139483,
        "median": 0.00463065225631,
        "min": 4.45201994854e-22,
        "var": 0.000153490982484
    },
    "spectral_entropy": {
        "dmean": 0.322083979845,
        "dmean2": 0.489780217409,
        "dvar": 0.158428817987,
        "dvar2": 0.269969254732,
        "max": 9.80681324005,
        "mean": 7.64098310471,
        "median": 7.83272409439,
        "min": 3.650349617,
        "var": 0.568048298359
    },
    "spectral_flux": {
        "dmean": 0.0501310415566,
        "dmean2": 0.0814565196633,
        "dvar": 0.00337305455469,
        "dvar2": 0.00668827816844,
        "max": 0.361066251993,
        "mean": 0.112244583666,
        "median": 0.0999550372362,
        "min": 5.05707589582e-07,
        "var": 0.00632572174072
    },
    "spectral_kurtosis": {
        "dmean": 4.01997852325,
        "dmean2": 6.50162649155,
        "dvar": 108.541351318,
        "dvar2": 243.128982544,
        "max": 283.249969482,
        "mean": 6.71038389206,
        "median": 3.01296257973,
        "min": -1.22245919704,
        "var": 189.895446777
    },
    "spectral_rms": {
        "dmean": 0.00173337024171,
        "dmean2": 0.00263033970259,
        "dvar": 3.86007013731e-06,
        "dvar2": 8.13161022961e-06,
        "max": 0.012724597007,
        "mean": 0.00539995031431,
        "median": 0.00543410144746,
        "min": 3.2177858468e-12,
        "var": 1.20124677778e-05
    },
    "spectral_rolloff": {
        "dmean": 846.217895508,
        "dmean2": 1435.36547852,
        "dvar": 1841551.375,
        "dvar2": 4099436,
        "max": 18540.0878906,
        "mean": 1351.49987793,
        "median": 818.26171875,
        "min": 21.533203125,
        "var": 2915249
    },
    "spectral_skewness": {
        "dmean": 0.418150097132,
        "dmean2": 0.657559514046,
        "dvar": 0.43691650033,
        "dvar2": 0.914207220078,
        "max": 14.7170467377,
        "mean": 1.74843716621,
        "median": 1.46408510208,
        "min": -0.0471706055105,
        "var": 1.21187520027
    },
    "spectral_spread": {
        "dmean": 901922.1875,
        "dmean2": 1356411.25,
        "dvar": 1.48052089242e+12,
        "dvar2": 3.16408096358e+12,
        "max": 40998408,
        "mean": 5326917.5,
        "median": 5565476.5,
        "min": 371962.34375,
        "var": 3.75249987174e+12
    },
    "spectral_strongpeak": {
        "dmean": 0.290886580944,
        "dmean2": 0.476978510618,
        "dvar": 0.167200803757,
        "dvar2": 0.431204497814,
        "max": 5.73151874542,
        "mean": 0.50761038065,
        "median": 0.461730182171,
        "min": 0,
        "var": 0.221284136176
    },
    "zerocrossingrate": {
        "dmean": 0.0182598680258,
        "dmean2": 0.020882435143,
        "dvar": 0.000593455682974,
        "dvar2": 0.000740231480449,
        "max": 0.849609375,
        "mean": 0.0541627407074,
        "median": 0.04541015625,
        "min": 0,
        "var": 0.00266268779524
    },
    "barkbands": {
        "dmean": [0.000789776502643, 0.016533497721, 0.00353272887878, 0.00338601390831, 0.00273774238303, 0.000734012108296, 0.000867539492901, 0.000458727998193, 0.000440600822913, 0.000588642375078, 0.000320872233715, 0.000339566060575, 0.000346889602952, 0.000319599959766, 0.000549450924154, 0.000290355295874, 0.00022316617833, 0.000169508959516, 0.000180947099579, 0.000194239881239, 0.000246096868068, 0.00024556228891, 0.000217159191379, 0.000241808651481, 0.000149664963828, 7.19132294762e-05, 8.99751103134e-06],
        "dmean2": [0.000939160934649, 0.0247328225523, 0.00637515308335, 0.00606319494545, 0.00472903437912, 0.00123888044618, 0.00134857173543, 0.000756812165491, 0.00071098661283, 0.000998292234726, 0.00054257560987, 0.000563128793146, 0.000564220303204, 0.00052964076167, 0.000916623743251, 0.00046781974379, 0.000365491607226, 0.000278374907793, 0.000298781058518, 0.000289252464427, 0.000357222685125, 0.000368095934391, 0.000317152502248, 0.000388532615034, 0.00023274376872, 0.00010741285223, 1.56235601025e-05],
        "dvar": [2.00655767912e-06, 0.00071838859003, 5.13727609359e-05, 5.30539509782e-05, 3.38424360962e-05, 1.3915563386e-06, 2.68446569862e-06, 4.45803181037e-07, 5.32648130047e-07, 1.23509460082e-06, 4.45333938615e-07, 3.88657014128e-07, 4.14716936348e-07, 5.46336423213e-07, 9.00293343875e-07, 2.5760311928e-07, 1.15901912068e-07, 6.7869748932e-08, 8.70019789545e-08, 1.04784135146e-07, 1.42389183111e-07, 1.67867654e-07, 1.41010730204e-07, 1.87715997413e-07, 6.76337208461e-08, 1.88050197636e-08, 9.55979406747e-10],
        "dvar2": [3.05775506604e-06, 0.00158142216969, 0.000149945975863, 0.000146540347487, 9.28876324906e-05, 3.35646018357e-06, 5.59055570193e-06, 1.07114169623e-06, 1.25778024085e-06, 3.169598358e-06, 1.17194326776e-06, 1.04855132577e-06, 1.08970652946e-06, 1.42311955642e-06, 2.27339182857e-06, 5.86255850976e-07, 2.77830537243e-07, 1.58533310923e-07, 2.15049993812e-07, 2.49024481036e-07, 2.84854422716e-07, 3.42070791248e-07, 2.74324492011e-07, 3.91913232534e-07, 1.2618023959e-07, 3.50935174254e-08, 2.59554133741e-09],
        "max": [0.0112804211676, 0.141762673855, 0.0467101633549, 0.0530966706574, 0.0437720119953, 0.0208063852042, 0.0354162380099, 0.00797091796994, 0.0128910467029, 0.018528778106, 0.0142865013331, 0.00810105819255, 0.0123503310606, 0.022095868364, 0.0130992010236, 0.0173328407109, 0.00809711404145, 0.00352253648452, 0.00253001088277, 0.00332965468988, 0.00548449810594, 0.00457144202664, 0.00391969643533, 0.00344617990777, 0.00218345574103, 0.0013765610056, 0.000398174248403],
        "mean": [0.000970005639829, 0.0231389459223, 0.00303590390831, 0.00278503377922, 0.00276362663135, 0.00101065542549, 0.00107003038283, 0.000602538697422, 0.000573222932871, 0.000691812776495, 0.00043267160072, 0.000420140684582, 0.000446462508989, 0.000475649372675, 0.00072116649244, 0.000419587624492, 0.000318151345709, 0.000236758700339, 0.000228848148254, 0.000274775549769, 0.000346243206877, 0.000332426949171, 0.000285323068965, 0.00030307576526, 0.000205305870622, 0.000105072052975, 7.71283430367e-06],
        "median": [3.99076998292e-05, 0.00116582924966, 0.000841877772473, 0.000653883093037, 0.000783488969319, 0.000374177703634, 0.000327616115101, 0.000232801583479, 0.000198135880055, 0.000185448938282, 0.000105226732558, 0.000116461364087, 0.00014679384185, 0.000107963380287, 0.000199594112928, 0.000125343183754, 0.0001049029961, 8.42351146275e-05, 7.99536937848e-05, 8.8938177214e-05, 9.98736650217e-05, 8.11698046164e-05, 6.31358125247e-05, 5.85685884289e-05, 4.20389260398e-05, 2.27421678574e-05, 6.91994955559e-07],
        "min": [1.3820254372e-24, 3.56228253999e-23, 3.56030320909e-24, 3.49413253084e-23, 1.06997243543e-22, 1.15178930199e-22, 7.27837528601e-23, 2.31736237057e-23, 4.49164304342e-23, 7.43330251909e-23, 1.21359851029e-22, 1.09783601234e-22, 9.47967397155e-23, 1.78484083831e-22, 1.86555923184e-22, 9.76313504508e-23, 2.09093628759e-22, 2.00887430617e-22, 2.42860939714e-22, 3.10898084953e-22, 4.39237903488e-22, 5.82745813292e-22, 8.68444222566e-22, 8.57241539431e-22, 1.28511595838e-21, 1.57519856626e-21, 1.92385630517e-21],
        "var": [4.53145003121e-06, 0.00119716185145, 3.55977026629e-05, 3.75297131541e-05, 2.71659973805e-05, 2.72204215435e-06, 4.31417720392e-06, 7.82036750024e-07, 8.49812579418e-07, 1.79496169039e-06, 7.71790325871e-07, 5.28896123342e-07, 5.99377244725e-07, 1.3885315866e-06, 1.66015388459e-06, 6.52525443456e-07, 2.3775965019e-07, 1.16412415707e-07, 1.23591775036e-07, 1.91923390958e-07, 2.88211509769e-07, 2.99276109672e-07, 2.43202265438e-07, 2.65384073828e-07, 1.22728877727e-07, 4.18492689391e-08, 7.32719052099e-10]
    },
    "erbbands": {
        "dmean": [0.50761705637, 3.85800170898, 4.77044439316, 8.29121398926, 11.0157527924, 8.15094089508, 5.33969688416, 6.53587579727, 12.5774583817, 8.26031970978, 10.9738006592, 11.4501047134, 8.73554134369, 21.7641868591, 11.0713300705, 15.1866416931, 15.8467741013, 13.6903591156, 32.0522499084, 16.5106124878, 13.2167310715, 11.7339038849, 9.66347694397, 8.76204872131, 9.58630371094, 9.10729312897, 9.37687778473, 9.91973400116, 8.65272140503, 7.82400035858, 6.14744281769, 5.59551286697, 3.52756595612, 1.86825788021, 0.985523581505, 0.407502025366, 0.122108355165, 0.0210307501256, 0.00145593564957, 4.67340432806e-05],
        "dmean2": [0.685249626637, 5.78156805038, 8.13857650757, 14.5547332764, 19.5000324249, 13.8896846771, 9.04843902588, 11.0839109421, 19.7780265808, 12.8083820343, 18.2193088531, 18.3410892487, 14.0222110748, 36.6442070007, 18.3672809601, 25.2907371521, 25.5578212738, 21.9668197632, 53.454826355, 26.3783359528, 21.0236701965, 19.1740245819, 15.8140583038, 14.4515638351, 15.7322502136, 13.462220192, 14.0324068069, 13.9104804993, 12.9748334885, 11.5817222595, 9.18505954742, 8.84396457672, 5.61602592468, 2.87999510765, 1.52534687519, 0.607168912888, 0.184384942055, 0.0325812771916, 0.0024734493345, 7.4774492532e-05],
        "dvar": [0.63366651535, 44.2208251953, 74.5719299316, 311.197937012, 626.492004395, 274.068786621, 68.3714065552, 127.836364746, 544.241516113, 213.780578613, 296.385406494, 373.974914551, 278.11126709, 1696.43188477, 444.972839355, 780.516967773, 900.477844238, 586.609924316, 3150.50927734, 970.258544922, 498.334075928, 302.301971436, 207.226745605, 207.001281738, 255.97052002, 203.341690063, 224.377029419, 242.376434326, 216.841049194, 182.052093506, 106.879013062, 97.5359573364, 38.0714912415, 10.5233440399, 2.88792037964, 0.531287789345, 0.0582982525229, 0.00272870180197, 2.71466997219e-05, 7.95734944603e-09],
        "dvar2": [1.12192773819, 99.7509460449, 211.914733887, 856.026062012, 1742.32458496, 729.140930176, 171.707809448, 304.105194092, 1155.88684082, 437.047332764, 731.179443359, 887.252624512, 689.811218262, 4332.66845703, 1186.31738281, 2087.57958984, 2369.54394531, 1462.00524902, 7990.52441406, 2295.98510742, 1114.53991699, 719.864868164, 490.121368408, 500.55645752, 638.765563965, 458.413726807, 453.207427979, 465.703552246, 429.673492432, 368.83770752, 209.385299683, 198.202362061, 79.4911651611, 20.234331131, 5.52928638458, 1.03370320797, 0.111965954304, 0.00661076931283, 7.30525352992e-05, 2.08070183305e-08],
        "max": [5.1928191185, 36.4881858826, 47.826374054, 135.271530151, 196.13369751, 132.623535156, 111.281745911, 188.470077515, 524.217651367, 353.957183838, 238.209701538, 321.300720215, 470.209381104, 734.898803711, 398.615020752, 388.351989746, 609.597900391, 463.123260498, 897.081420898, 1073.82910156, 662.102966309, 258.12991333, 168.307983398, 183.932327271, 144.141387939, 157.494308472, 147.37449646, 258.104064941, 164.001312256, 159.253311157, 95.8171157837, 82.3231277466, 55.9735984802, 27.940946579, 15.0668878555, 7.17097425461, 2.64387536049, 0.609587669373, 0.0691178590059, 0.001127199037],
        "mean": [0.74418002367, 4.75075006485, 4.72761535645, 7.3126168251, 9.86181163788, 8.47461700439, 7.08403539658, 8.81638908386, 15.6810979843, 10.7995615005, 14.8106393814, 14.9912910461, 12.6159477234, 26.7757072449, 16.6533336639, 18.8483486176, 21.3064098358, 21.5953559875, 42.6639328003, 26.0983219147, 20.8549022675, 17.0958080292, 13.7930240631, 11.7121801376, 12.0001821518, 13.2273769379, 13.483338356, 13.9052906036, 11.9409399033, 10.1747608185, 8.0799446106, 6.98056221008, 4.41276597977, 2.46361494064, 1.34979212284, 0.572222590446, 0.171073883772, 0.0275614745915, 0.0013900505146, 8.00403795438e-05],
        "median": [0.0265967845917, 0.321515023708, 1.25703787804, 2.23575282097, 2.22924566269, 2.44344615936, 3.17123651505, 3.05751824379, 5.11284160614, 4.55469179153, 5.68723964691, 5.30460262299, 4.85189151764, 6.90850925446, 5.77735614777, 5.34724235535, 7.01089954376, 7.01388835907, 11.6604042053, 7.69232320786, 6.56414699554, 5.44435024261, 5.29279327393, 4.14054965973, 4.0641412735, 4.50958347321, 4.00338172913, 3.66392803192, 2.87782096863, 2.20750188828, 1.81900024414, 1.35333490372, 0.93632376194, 0.525797009468, 0.254723370075, 0.113912433386, 0.0359919182956, 0.0067579029128, 0.000248406024184, 5.09901947225e-05],
        "min": [1.49683148311e-21, 6.18934298661e-21, 3.71865304773e-21, 4.07288579414e-20, 2.53261584609e-19, 3.71283947052e-19, 1.05248103677e-18, 6.49310311075e-19, 1.21600823322e-18, 3.37596732263e-19, 7.03158011193e-19, 1.08170698217e-18, 2.87308633304e-18, 2.21817745679e-18, 5.58634689608e-18, 4.06100764856e-18, 4.1166636689e-18, 7.78985430471e-18, 8.81369793508e-18, 1.17058183144e-17, 4.88738796387e-18, 9.27229762003e-18, 1.35002634034e-17, 1.22627449588e-17, 1.17073626606e-17, 1.44053172804e-17, 1.51695726094e-17, 2.32394308602e-17, 1.99156768839e-17, 2.24147036653e-17, 2.3464910369e-17, 1.79423746669e-17, 1.3810455306e-17, 1.50050927077e-17, 8.07786784065e-18, 5.99550765018e-18, 2.51608965633e-18, 1.12754529921e-18, 2.85500018405e-19, 2.89924478254e-20],
        "var": [1.51035904884, 60.4372673035, 67.0992126465, 227.069885254, 441.958007812, 253.275024414, 111.342414856, 242.285125732, 873.8125, 347.016937256, 500.614471436, 585.445922852, 547.750976562, 2503.24194336, 851.999938965, 1035.05444336, 1328.60913086, 1558.16894531, 6182.02392578, 2741.28417969, 1397.42724609, 650.431640625, 368.087402344, 318.70324707, 350.887115479, 417.799285889, 426.062591553, 505.139221191, 389.494110107, 307.03894043, 186.976776123, 141.768539429, 55.4991188049, 17.5579452515, 5.47394418716, 1.19288778305, 0.114289171994, 0.00373030640185, 2.15735071833e-05, 1.09220970046e-08]
    },
    "gfcc": {
        "mean": [-48.1759643555, 78.8030166626, -99.4923782349, 33.5561561584, -51.925075531, 20.734249115, -34.5154914856, 7.41494131088, -19.4822788239, 6.86644363403, -17.1812896729, 0.000987168285064, -10.486702919],
        "cov": [[35506.984375, -2893.53613281, -307.847259521, 1148.10400391, -653.611999512, 1359.35424805, -890.171386719, 667.177490234, -1030.87231445, 477.89932251, -733.707214355, 467.311676025, -717.550048828], [-2893.53613281, 2945.58984375, 204.840530396, -203.383117676, 494.687255859, -272.609100342, 421.217102051, -354.259765625, 200.665466309, -331.179229736, 267.100250244, -292.975402832, 110.474403381], [-307.847259521, 204.840530396, 1168.8482666, 484.887237549, 436.365722656, 261.923187256, 228.344787598, 105.803367615, 66.6946487427, 48.7515335083, 132.136260986, 77.7039108276, 13.4711475372], [1148.10400391, -203.383117676, 484.887237549, 718.737243652, 245.743667603, 255.017990112, -56.556842804, 63.5695838928, 61.3019561768, 32.1873054504, 19.949005127, 87.6813812256, -16.0682487488], [-653.611999512, 494.687255859, 436.365722656, 245.743667603, 484.625488281, 170.835388184, 232.084289551, 26.8866519928, 107.076782227, 2.99230575562, 124.774421692, 11.2063446045, 51.9529800415], [1359.35424805, -272.609100342, 261.923187256, 255.017990112, 170.835388184, 350.457183838, 122.005081177, 143.351333618, 6.4059844017, 104.75969696, 36.2156448364, 83.9456634521, -13.0877799988], [-890.171386719, 421.217102051, 228.344787598, -56.556842804, 232.084289551, 122.005081177, 350.047027588, 76.000831604, 84.8421325684, 43.6185913086, 135.005981445, -2.22711253166, 63.3465003967], [667.177490234, -354.259765625, 105.803367615, 63.5695838928, 26.8866519928, 143.351333618, 76.000831604, 186.288452148, 45.4816017151, 120.013656616, 18.6254749298, 81.9289627075, 11.6265525818], [-1030.87231445, 200.665466309, 66.6946487427, 61.3019561768, 107.076782227, 6.4059844017, 84.8421325684, 45.4816017151, 196.49432373, 53.2178382874, 79.0082244873, 19.9419460297, 73.1138687134], [477.89932251, -331.179229736, 48.7515335083, 32.1873054504, 2.99230575562, 104.75969696, 43.6185913086, 120.013656616, 53.2178382874, 161.439865112, 38.9476165771, 79.1078033447, 17.6138801575], [-733.707214355, 267.100250244, 132.136260986, 19.949005127, 124.774421692, 36.2156448364, 135.005981445, 18.6254749298, 79.0082244873, 38.9476165771, 151.28125, 40.6314697266, 59.5140571594], [467.311676025, -292.975402832, 77.7039108276, 87.6813812256, 11.2063446045, 83.9456634521, -2.22711253166, 81.9289627075, 19.9419460297, 79.1078033447, 40.6314697266, 126.392059326, 36.7916793823], [-717.550048828, 110.474403381, 13.4711475372, -16.0682487488, 51.9529800415, -13.0877799988, 63.3465003967, 11.6265525818, 73.1138687134, 17.6138801575, 59.5140571594, 36.7916793823, 103.842506409]],
        "icov": [[7.05010534148e-05, -0.000179613765795, 7.60698749218e-05, -0.000102343008621, 7.05746933818e-05, -0.000235765750404, 0.000208420984563, -0.00030844725552, 0.000442095653852, -0.000350313202944, 0.000334588024998, -0.000303079781588, 0.000158681970788], [-0.000179613765795, 0.00179163203575, -0.000219996567466, 0.000434895977378, -0.000737515743822, 0.000890282157343, -0.00144999066833, 0.00210841768421, -0.00218762480654, 0.00269561004825, -0.00256168004125, 0.00226425402798, -0.000172739775735], [7.60698749218e-05, -0.000219996567466, 0.00187636935152, -0.00130981532857, -0.000754999928176, 0.000482920120703, -0.000900069077034, -0.000857586564962, 0.00123351952061, -0.00046373863006, 8.37800980662e-05, -0.000941081088968, 0.000892844458576], [-0.000102343008621, 0.000434895977378, -0.00130981532857, 0.00440420303494, -0.00139366858639, -0.00278563774191, 0.00330514414236, 0.000778918911237, -0.00294133624993, 0.00229029054753, -0.00106514117215, -2.98273153021e-05, 0.000227780110436], [7.05746933818e-05, -0.000737515743822, -0.000754999928176, -0.00139366858639, 0.00602410407737, -0.00180958304554, -0.00214495114051, 0.000900126993656, -0.000656232412439, 0.000167357415194, 0.000376532436348, -0.000471220468171, -0.000494879379403], [-0.000235765750404, 0.000890282157343, 0.000482920120703, -0.00278563774191, -0.00180958304554, 0.00996762979776, -0.00500532146543, -0.0012555976864, 0.00141641974915, -0.00137567950878, 0.000150600782945, -0.00110584369395, 0.00182715593837], [0.000208420984563, -0.00144999066833, -0.000900069077034, 0.00330514414236, -0.00214495114051, -0.00500532146543, 0.0129057373852, -0.00667504174635, 0.0019913520664, -0.000755917746574, -0.0046051456593, 0.00483218440786, -0.00341882533394], [-0.00030844725552, 0.00210841768421, -0.000857586564962, 0.000778918911237, 0.000900126993656, -0.0012555976864, -0.00667504174635, 0.0194170288742, -0.00653793523088, -0.00307061010972, 0.00317548331805, -0.00460930960253, 0.00208395975642], [0.000442095653852, -0.00218762480654, 0.00123351952061, -0.00294133624993, -0.000656232412439, 0.00141641974915, 0.0019913520664, -0.00653793523088, 0.014674494043, -0.00731359794736, 0.00032491973252, 0.00159550085664, -0.00505191879347], [-0.000350313202944, 0.00269561004825, -0.00046373863006, 0.00229029054753, 0.000167357415194, -0.00137567950878, -0.000755917746574, -0.00307061010972, -0.00731359794736, 0.0199505332857, -0.0069240401499, -0.000447107333457, 0.00156600226182], [0.000334588024998, -0.00256168004125, 8.37800980662e-05, -0.00106514117215, 0.000376532436348, 0.000150600782945, -0.0046051456593, 0.00317548331805, 0.00032491973252, -0.0069240401499, 0.0207499600947, -0.0111971413717, 0.00016659409448], [-0.000303079781588, 0.00226425402798, -0.000941081088968, -2.98273153021e-05, -0.000471220468171, -0.00110584369395, 0.00483218440786, -0.00460930960253, 0.00159550085664, -0.000447107333457, -0.0111971413717, 0.0253666192293, -0.0103386687115], [0.000158681970788, -0.000172739775735, 0.000892844458576, 0.000227780110436, -0.000494879379403, 0.00182715593837, -0.00341882533394, 0.00208395975642, -0.00505191879347, 0.00156600226182, 0.00016659409448, -0.0103386687115, 0.0200186558068]]
    },
    "melbands": {
        "dmean": [0.00439208140597, 0.00336962449364, 0.00150027917698, 0.000737486581784, 0.000189689817489, 0.00014368504344, 0.00019047933165, 8.54141981108e-05, 8.77964339452e-05, 7.20747120795e-05, 4.58985959995e-05, 9.35962598305e-05, 4.05445643992e-05, 3.83078222512e-05, 3.35478216584e-05, 3.66842214135e-05, 2.65401595243e-05, 5.30483630428e-05, 3.05839057546e-05, 2.36580253841e-05, 1.44890827869e-05, 1.25936976474e-05, 1.17321505968e-05, 7.89614387031e-06, 7.09112691766e-06, 8.11866539152e-06, 5.80217783863e-06, 6.31755892755e-06, 6.20631180936e-06, 6.01702276981e-06, 6.04029901297e-06, 5.02506372868e-06, 5.01862132296e-06, 4.22997982241e-06, 3.70318662135e-06, 3.32430704475e-06, 3.66154154108e-06, 2.61658237832e-06, 2.07341008718e-06, 1.49989796228e-06],
        "dmean2": [0.00656266789883, 0.00538282794878, 0.00265992432833, 0.00126516632736, 0.000326375418808, 0.000243124231929, 0.000297846097965, 0.000133128734888, 0.000146031074109, 0.000117024253996, 7.46748337406e-05, 0.000157990027219, 6.87387655489e-05, 6.33020754321e-05, 5.41269873793e-05, 6.00836101512e-05, 4.35076108261e-05, 8.88114445843e-05, 5.08810189785e-05, 3.86896645068e-05, 2.32710281125e-05, 2.08145156648e-05, 1.93872529053e-05, 1.29739628392e-05, 1.17806621347e-05, 1.3598147234e-05, 9.42508631852e-06, 9.32642433327e-06, 9.47351600189e-06, 8.77913953445e-06, 8.8266469902e-06, 7.49760965846e-06, 7.90599187894e-06, 6.14267491983e-06, 5.54384814677e-06, 5.0335670494e-06, 5.91303796682e-06, 4.13734096583e-06, 3.34415994985e-06, 2.26235920309e-06],
        "dvar": [5.07344193466e-05, 3.34530195687e-05, 1.05005501609e-05, 2.44245939029e-06, 9.88896076137e-08, 5.83140931099e-08, 1.2586366438e-07, 2.00111323068e-08, 2.05790691155e-08, 1.49645398295e-08, 7.94073073962e-09, 3.18261577092e-08, 6.78554901157e-09, 4.64100446962e-09, 3.93028631862e-09, 5.00918639901e-09, 2.82390066886e-09, 9.24917387124e-09, 2.93699531362e-09, 1.8595690543e-09, 7.02588709434e-10, 3.88794191286e-10, 3.24772292393e-10, 1.37820796442e-10, 1.43972583855e-10, 1.76885381342e-10, 1.16508996895e-10, 9.68197605422e-11, 1.0291750091e-10, 9.16223208414e-11, 8.81641010197e-11, 7.1091944831e-11, 7.41095171342e-11, 5.53779799795e-11, 3.80083742257e-11, 3.2555860785e-11, 4.55947050948e-11, 2.05634936162e-11, 1.4000436227e-11, 6.76892656509e-12],
        "dvar2": [0.000103680336906, 8.23299196782e-05, 2.91393789666e-05, 6.62888714942e-06, 2.64204999212e-07, 1.39551715961e-07, 2.63393189925e-07, 4.1319108135e-08, 5.11591657926e-08, 3.61053125175e-08, 1.97284997228e-08, 8.16449841068e-08, 1.82453927522e-08, 1.22417214143e-08, 9.86091919231e-09, 1.31637865053e-08, 7.19302262198e-09, 2.3891905343e-08, 7.53766205008e-09, 4.2645469378e-09, 1.60143698302e-09, 9.68068736285e-10, 7.84267484288e-10, 3.21968174344e-10, 3.56422918957e-10, 4.45792236459e-10, 2.91868362812e-10, 2.15761353228e-10, 2.17724907547e-10, 1.82961937267e-10, 1.82105691637e-10, 1.44434977867e-10, 1.64155342097e-10, 1.10318303104e-10, 7.75581335266e-11, 6.26518906199e-11, 1.02039904304e-10, 4.25497206913e-11, 3.15637550818e-11, 1.32209495088e-11],
        "max": [0.0364582128823, 0.0330096781254, 0.0232766121626, 0.0112979765981, 0.00304533075541, 0.00398822361603, 0.00805513374507, 0.00330314645544, 0.00212299078703, 0.00176164903678, 0.00252120848745, 0.00317174638622, 0.0012883116724, 0.00112599879503, 0.000949609908275, 0.000989506370388, 0.00106802908704, 0.00196877401322, 0.000994125846773, 0.00123514409643, 0.00080925662769, 0.000335245509632, 0.000213505016291, 0.000162944110343, 0.000165263409144, 0.000124431797303, 9.0678302513e-05, 0.000125430873595, 0.000105896448076, 0.000113680805953, 0.000149733168655, 8.85995541466e-05, 0.000103207574284, 9.27075961954e-05, 6.19809943601e-05, 4.93532315886e-05, 5.36132902198e-05, 4.65931188955e-05, 3.39794169122e-05, 2.58064974332e-05],
        "mean": [0.00661072740331, 0.00393187394366, 0.00131183303893, 0.000720728537999, 0.000248051830567, 0.000194129388547, 0.000236659790971, 0.000113448608317, 0.000118164549349, 8.95364501048e-05, 6.36399854557e-05, 0.000112411828013, 5.66546041227e-05, 4.85388591187e-05, 4.52155800303e-05, 4.48032806162e-05, 3.91661233152e-05, 6.96325369063e-05, 4.30079562648e-05, 3.29215290549e-05, 2.19918038056e-05, 1.76654248207e-05, 1.55584039021e-05, 1.07990827019e-05, 8.96088386071e-06, 9.62495596468e-06, 7.50073149902e-06, 9.05429533304e-06, 8.57636496221e-06, 8.07775268186e-06, 8.10597339296e-06, 6.80372158968e-06, 6.2461053858e-06, 5.35482513442e-06, 4.80466633235e-06, 4.18462286689e-06, 4.27967415817e-06, 3.24582993017e-06, 2.45796627496e-06, 1.95036295736e-06],
        "median": [0.000292974174954, 0.00084795197472, 0.000400297460146, 0.000158757698955, 0.000122758123325, 6.7007393227e-05, 7.34846544219e-05, 5.12839542353e-05, 4.60672708869e-05, 2.85557107418e-05, 2.31446865655e-05, 2.79307878372e-05, 1.65300898516e-05, 1.42025928653e-05, 1.49672614498e-05, 1.39308704092e-05, 1.13953628897e-05, 1.79627313628e-05, 1.09560915007e-05, 9.9480694189e-06, 6.55975554764e-06, 5.27173142473e-06, 5.35654271516e-06, 4.37108292317e-06, 2.89393142339e-06, 3.29395857079e-06, 2.3330503609e-06, 3.05851835947e-06, 2.49582126344e-06, 1.92476909433e-06, 2.06586446438e-06, 1.64644222878e-06, 1.33910555178e-06, 1.08915867258e-06, 1.06752167994e-06, 8.80972379491e-07, 7.53888457439e-07, 6.86898317781e-07, 4.89120907332e-07, 4.20856025585e-07],
        "min": [1.1537628742e-23, 3.87163387066e-24, 1.67172373809e-23, 1.90402986404e-23, 3.36349653385e-23, 1.75012341697e-23, 1.65099342013e-23, 2.79451944358e-24, 6.30631342624e-24, 7.17306487952e-24, 1.40903526546e-23, 7.58003033191e-24, 1.87163245107e-23, 1.11717471655e-23, 1.28968163602e-23, 7.61544229795e-24, 1.5179387756e-23, 1.40993251585e-23, 1.41372835675e-23, 1.1503152365e-23, 5.32927172423e-24, 8.02114793948e-24, 1.49580065647e-23, 1.06705191459e-23, 9.9218822582e-24, 8.38741053575e-24, 8.60088734075e-24, 1.00828619477e-23, 8.6018568508e-24, 1.1398588852e-23, 1.3995223918e-23, 1.31768856473e-23, 8.00836365965e-24, 1.48421718071e-23, 1.50720663853e-23, 9.33065625328e-24, 1.26061960584e-23, 9.27103651265e-24, 1.10377370527e-23, 1.31075613399e-23],
        "var": [9.81262346613e-05, 4.02013647545e-05, 7.37833397579e-06, 2.02694218387e-06, 1.24126273704e-07, 1.10599145842e-07, 2.03241654617e-07, 3.34341798691e-08, 3.28532436811e-08, 2.18887326042e-08, 1.52480552629e-08, 4.53504824804e-08, 1.19543202004e-08, 6.93442192556e-09, 6.05374994578e-09, 6.51305409605e-09, 6.87187950987e-09, 1.91218259005e-08, 6.35074082211e-09, 4.54204895917e-09, 1.73740388743e-09, 7.8117962099e-10, 5.36446276289e-10, 2.33264935146e-10, 2.07694750287e-10, 2.32709379544e-10, 1.55511520328e-10, 2.02700398133e-10, 1.82808060356e-10, 1.7172872846e-10, 1.72986083791e-10, 1.27888102885e-10, 1.12462206214e-10, 9.15843165195e-11, 6.6649977204e-11, 5.18766522795e-11, 5.72982841729e-11, 3.02639302507e-11, 1.85417289161e-11, 1.13392238307e-11]
    },
    "mfcc": {
        "mean": [-685.369995117, 106.928184509, 14.3145456314, 18.3601303101, 9.77593040466, 12.8811941147, 1.37014496326, 2.43923401833, 3.97888040543, 4.65829944611, 0.378688007593, 1.44804632664, -0.922070741653],
        "cov": [[24502.4882812, -1754.56677246, -438.687164307, 310.180053711, 15.529510498, 515.48034668, 32.9068717957, 196.890975952, 42.8916969299, 45.8800621033, -52.8615036011, -6.7358417511, -80.6421661377], [-1754.56677246, 2344.33520508, 167.551147461, -5.89919376373, 78.4621887207, 41.036315918, 193.681182861, 36.4191322327, -24.908536911, 1.33269000053, -4.2463555336, 23.8495826721, 20.1228065491], [-438.687164307, 167.551147461, 636.59387207, 324.745910645, 229.499038696, 173.890213013, 168.137954712, 108.389137268, 32.6461830139, 25.6235332489, 53.293056488, 64.6642150879, 53.203578949], [310.180053711, -5.89919376373, 324.745910645, 440.824798584, 317.951934814, 174.320388794, 64.2326202393, 88.3504180908, 40.8727264404, 3.96678447723, 34.8914146423, 49.8520889282, 31.9892158508], [15.529510498, 78.4621887207, 229.499038696, 317.951934814, 358.274749756, 188.125366211, 79.0088195801, 86.2217559814, 46.7345046997, 7.59024190903, 26.0579929352, 46.8818702698, 28.6261043549], [515.48034668, 41.036315918, 173.890213013, 174.320388794, 188.125366211, 237.090988159, 152.205886841, 107.481674194, 61.9435386658, 43.2523078918, 50.6603164673, 61.1920776367, 48.6432151794], [32.9068717957, 193.681182861, 168.137954712, 64.2326202393, 79.0088195801, 152.205886841, 269.295532227, 129.820785522, 40.6864967346, 49.0624389648, 45.5551338196, 58.7283058167, 66.6002502441], [196.890975952, 36.4191322327, 108.389137268, 88.3504180908, 86.2217559814, 107.481674194, 129.820785522, 133.341629028, 65.6578979492, 38.4249687195, 41.8798065186, 52.7754859924, 53.2677650452], [42.8916969299, -24.908536911, 32.6461830139, 40.8727264404, 46.7345046997, 61.9435386658, 40.6864967346, 65.6578979492, 102.508369446, 67.1590270996, 42.0408592224, 32.7970046997, 28.5033054352], [45.8800621033, 1.33269000053, 25.6235332489, 3.96678447723, 7.59024190903, 43.2523078918, 49.0624389648, 38.4249687195, 67.1590270996, 101.8331604, 66.6007995605, 32.387966156, 24.0540542603], [-52.8615036011, -4.2463555336, 53.293056488, 34.8914146423, 26.0579929352, 50.6603164673, 45.5551338196, 41.8798065186, 42.0408592224, 66.6007995605, 94.8382644653, 57.9508094788, 32.402923584], [-6.7358417511, 23.8495826721, 64.6642150879, 49.8520889282, 46.8818702698, 61.1920776367, 58.7283058167, 52.7754859924, 32.7970046997, 32.387966156, 57.9508094788, 91.130607605, 64.9239044189], [-80.6421661377, 20.1228065491, 53.203578949, 31.9892158508, 28.6261043549, 48.6432151794, 66.6002502441, 53.2677650452, 28.5033054352, 24.0540542603, 32.402923584, 64.9239044189, 99.876739502]],
