{
"lowlevel": {
    "average_loudness": 0.920882344246,
    "barkbands_crest": {
        "dmean": 3.37854170799,
        "dmean2": 5.48106527328,
        "dvar": 12.8372020721,
        "dvar2": 25.096162796,
        "max": 26.7041149139,
        "mean": 11.7192077637,
        "median": 9.89592456818,
        "min": 2.09351205826,
        "var": 38.8969688416
    },
    "barkbands_flatness_db": {
        "dmean": 0.0345014519989,
        "dmean2": 0.0518452227116,
        "dvar": 0.00204756250605,
        "dvar2": 0.00403338158503,
        "max": 0.793143630028,
        "mean": 0.124734342098,
        "median": 0.104690209031,
        "min": 0.0129483276978,
        "var": 0.00718199322
    },
    "barkbands_kurtosis": {
        "dmean": 17.6579608917,
        "dmean2": 27.9254779816,
        "dvar": 10953.2109375,
        "dvar2": 27930.7050781,
        "max": 2804.8515625,
        "mean": 19.3392124176,
        "median": 1.63741803169,
        "min": -1.93578410149,
        "var": 12050.6796875
    },
    "barkbands_skewness": {
        "dmean": 1.07468163967,
        "dmean2": 1.60551166534,
        "dvar": 4.67809057236,
        "dvar2": 9.9502658844,
        "max": 38.5096054077,
        "mean": 2.102891922,
        "median": 1.46157872677,
        "min": -3.75219345093,
        "var": 10.4587163925
    },
    "barkbands_spread": {
        "dmean": 9.41006755829,
        "dmean2": 15.1443519592,
        "dvar": 135.565567017,
        "dvar2": 330.77923584,
        "max": 128.087036133,
        "mean": 29.0695896149,
        "median": 29.5503311157,
        "min": 0.0325265303254,
        "var": 247.079315186
    },
    "dissonance": {
        "dmean": 0.0163367222995,
        "dmean2": 0.027808604762,
        "dvar": 0.00034316178062,
        "dvar2": 0.000924797554035,
        "max": 0.500000119209,
        "mean": 0.472517549992,
        "median": 0.477467834949,
        "min": 0.163040056825,
        "var": 0.000632236129604
    },
    "dynamic_complexity": 3.95845770836,
    "erbbands_crest": {
        "dmean": 2.51479125023,
        "dmean2": 4.12043571472,
        "dvar": 6.50206041336,
        "dvar2": 15.4485750198,
        "max": 29.1053142548,
        "mean": 7.59616756439,
        "median": 6.59348249435,
        "min": 2.07974863052,
        "var": 15.7246513367
    },
    "erbbands_flatness_db": {
        "dmean": 0.018866294995,
        "dmean2": 0.028220038861,
        "dvar": 0.000617787183728,
        "dvar2": 0.00129225151613,
        "max": 0.499422907829,
        "mean": 0.125956550241,
        "median": 0.107687465847,
        "min": 0.0334125682712,
        "var": 0.00343155860901
    },
    "erbbands_kurtosis": {
        "dmean": 1.38358402252,
        "dmean2": 2.24388742447,
        "dvar": 90.3910827637,
        "dvar2": 229.739501953,
        "max": 393.519744873,
        "mean": 0.52587634325,
        "median": -0.543780326843,
        "min": -1.89168190956,
        "var": 87.412689209
    },
    "erbbands_skewness": {
        "dmean": 0.373440384865,
        "dmean2": 0.576029837132,
        "dvar": 0.35293418169,
        "dvar2": 0.738903582096,
        "max": 15.1417741776,
        "mean": 0.0987119451165,
        "median": 0.105130895972,
        "min": -3.15845799446,
        "var": 0.804632306099
    },
    "erbbands_spread": {
        "dmean": 9.97388935089,
        "dmean2": 15.4636764526,
        "dvar": 139.88923645,
        "dvar2": 306.773742676,
        "max": 180.715957642,
        "mean": 50.8095436096,
        "median": 48.963760376,
        "min": 0.618301928043,
        "var": 477.398956299
    },
    "hfc": {
        "dmean": 12.8534669876,
        "dmean2": 19.2775611877,
        "dvar": 357.341430664,
        "dvar2": 889.060668945,
        "max": 219.528427124,
        "mean": 24.5747203827,
        "median": 18.2159614563,
        "min": 1.25988607017e-16,
        "var": 587.708129883
    },
    "melbands_crest": {
        "dmean": 4.19399166107,
        "dmean2": 6.50729036331,
        "dvar": 15.7293682098,
        "dvar2": 31.0702896118,
        "max": 36.1916923523,
        "mean": 16.1268539429,
        "median": 15.9159450531,
        "min": 1.66897344589,
        "var": 47.8589744568
    },
    "melbands_flatness_db": {
        "dmean": 0.0416595339775,
        "dmean2": 0.0623000487685,
        "dvar": 0.00295969145373,
        "dvar2": 0.00562734249979,
        "max": 0.97018879652,
        "mean": 0.182832241058,
        "median": 0.161477282643,
        "min": 0.00349089037627,
        "var": 0.0109289996326
    },
    "melbands_kurtosis": {
        "dmean": 23.5651664734,
        "dmean2": 36.3387680054,
        "dvar": 4656.73144531,
        "dvar2": 10663.0390625,
        "max": 1513.61022949,
        "mean": 35.9097061157,
        "median": 10.5984134674,
        "min": -1.85906457901,
        "var": 7378.85400391
    },
    "melbands_skewness": {
        "dmean": 1.3185261488,
        "dmean2": 2.01835584641,
        "dvar": 3.72967338562,
        "dvar2": 7.74073123932,
        "max": 29.8310070038,
        "mean": 3.72976374626,
        "median": 2.88632822037,
        "min": -3.08870387077,
        "var": 10.7314147949
    },
    "melbands_spread": {
        "dmean": 11.272482872,
        "dmean2": 18.1557254791,
        "dvar": 278.523620605,
        "dvar2": 622.251708984,
        "max": 247.457519531,
        "mean": 29.2385139465,
        "median": 23.4106330872,
        "min": 0.189153835177,
        "var": 753.979370117
    },
    "pitch_salience": {
        "dmean": 0.0989550873637,
        "dmean2": 0.154037445784,
        "dvar": 0.0102612907067,
        "dvar2": 0.0212577413768,
        "max": 0.995798647404,
        "mean": 0.497970670462,
        "median": 0.525015354156,
        "min": 0.0411786213517,
        "var": 0.0352581776679
    },
    "silence_rate_20dB": {
        "dmean": 0,
        "dmean2": 0,
        "dvar": 0,
        "dvar2": 0,
        "max": 1,
        "mean": 1,
        "median": 1,
        "min": 1,
        "var": 0
    },
    "silence_rate_30dB": {
        "dmean": 0.00260331924073,
        "dmean2": 0.00520720332861,
        "dvar": 0.00259690615349,
        "dvar2": 0.00778500922024,
        "max": 1,
        "mean": 0.998698472977,
        "median": 1,
        "min": 0,
        "var": 0.00129994342569
    },
    "silence_rate_60dB": {
        "dmean": 0.0561883077025,
        "dmean2": 0.112388804555,
        "dvar": 0.0530256032944,
        "dvar2": 0.112558677793,
        "max": 1,
        "mean": 0.14479392767,
        "median": 0,
        "min": 0,
        "var": 0.12381773442
    },
    "spectral_centroid": {
        "dmean": 354.522888184,
        "dmean2": 542.750183105,
        "dvar": 172124.15625,
        "dvar2": 342466.8125,
        "max": 10393.9863281,
        "mean": 1843.78198242,
        "median": 1811.28808594,
        "min": 71.5418014526,
        "var": 616027.875
    },
    "spectral_complexity": {
        "dmean": 6.0305891037,
        "dmean2": 9.1080493927,
        "dvar": 47.8968544006,
        "dvar2": 103.318275452,
        "max": 60,
        "mean": 17.3605213165,
        "median": 16,
        "min": 0,
        "var": 152.199295044
    },
    "spectral_decrease": {
        "dmean": 3.40910766283e-09,
        "dmean2": 5.62138691151e-09,
        "dvar": 1.98491169687e-17,
        "dvar2": 4.92497877322e-17,
        "max": 6.91432563047e-29,
        "mean": -7.53802975595e-09,
        "median": -6.1681157959e-09,
        "min": -3.8975048966e-08,
        "var": 4.43721849014e-17
    },
    "spectral_energy": {
        "dmean": 0.0136754075065,
        "dmean2": 0.0224036239088,
        "dvar": 0.000316151825245,
        "dvar2": 0.000783151364885,
        "max": 0.155315294862,
        "mean": 0.0306792575866,
        "median": 0.0255295559764,
        "min": 1.11665650688e-20,
        "var": 0.000703896745108
    },
    "spectral_energyband_high": {
        "dmean": 0.00101642066147,
        "dmean2": 0.00157895823941,
        "dvar": 2.5403132895e-06,
        "dvar2": 6.34661046206e-06,
        "max": 0.0279470868409,
        "mean": 0.00179451028816,
        "median": 0.00102248042822,
        "min": 8.28897497e-21,
        "var": 4.22329776484e-06
    },
    "spectral_energyband_low": {
        "dmean": 0.00915891770273,
        "dmean2": 0.0150366956368,
        "dvar": 0.000166963174706,
        "dvar2": 0.00045175635023,
        "max": 0.10787178576,
        "mean": 0.0168909691274,
        "median": 0.00893840938807,
        "min": 2.99155145694e-23,
        "var": 0.000388888234738
    },
    "spectral_energyband_middle_high": {
        "dmean": 0.00225225277245,
        "dmean2": 0.00346943829209,
        "dvar": 1.23132231238e-05,
        "dvar2": 2.88843475573e-05,
        "max": 0.0351564250886,
        "mean": 0.00431911088526,
        "median": 0.00280156824738,
        "min": 1.66185007732e-21,
        "var": 2.30327677855e-05
    },
    "spectral_energyband_middle_low": {
        "dmean": 0.00740170292556,
        "dmean2": 0.0125457271934,
        "dvar": 0.000241821660893,
        "dvar2": 0.000665033527184,
        "max": 0.137125194073,
        "mean": 0.00836113467813,
        "median": 0.00396693684161,
        "min": 2.52535782291e-22,
        "var": 0.000190380887943
    },
    "spectral_entropy": {
        "dmean": 0.179077669978,
        "dmean2": 0.275130003691,
        "dvar": 0.0768624097109,
        "dvar2": 0.160735324025,
        "max": 9.78959846497,
        "mean": 7.91209745407,
        "median": 7.98318147659,
        "min": 3.42023062706,
        "var": 0.257259756327
    },
    "spectral_flux": {
        "dmean": 0.0396941117942,
        "dmean2": 0.0635392740369,
        "dvar": 0.00196437025443,
        "dvar2": 0.00381302251481,
        "max": 0.3607442379,
        "mean": 0.100066915154,
        "median": 0.0900025740266,
        "min": 1.05671971173e-10,
        "var": 0.00439414288849
    },
    "spectral_kurtosis": {
        "dmean": 1.37088394165,
        "dmean2": 2.280408144,
        "dvar": 47.3276290894,
        "dvar2": 120.726577759,
        "max": 245.464233398,
        "mean": 3.36536645889,
        "median": 2.33272027969,
        "min": -1.18103766441,
        "var": 65.089263916
    },
    "spectral_rms": {
        "dmean": 0.00121045054402,
        "dmean2": 0.00191213004291,
        "dvar": 1.95956954485e-06,
        "dvar2": 4.36559230366e-06,
        "max": 0.012309635058,
        "mean": 0.00479545164853,
        "median": 0.00499068014324,
        "min": 3.3006377579e-12,
        "var": 6.93449555911e-06
    },
    "spectral_rolloff": {
        "dmean": 984.785461426,
        "dmean2": 1653.46069336,
        "dvar": 2210329.5,
        "dvar2": 4976549.5,
        "max": 19099.9511719,
        "mean": 2177.9387207,
        "median": 1550.390625,
        "min": 64.599609375,
        "var": 6712883.5
    },
    "spectral_skewness": {
        "dmean": 0.186602130532,
        "dmean2": 0.297796756029,
        "dvar": 0.199995055795,
        "dvar2": 0.487003386021,
        "max": 13.9096660614,
        "mean": 1.32080459595,
        "median": 1.28174316883,
        "min": -0.0659629702568,
        "var": 0.407562971115
    },
    "spectral_spread": {
        "dmean": 579756.375,
        "dmean2": 874821.5,
        "dvar": 698777993216,
        "dvar2": 1.50267756544e+12,
        "max": 40404844,
        "mean": 5900291.5,
        "median": 5997307.5,
        "min": 368846.09375,
        "var": 2.20481375437e+12
    },
    "spectral_strongpeak": {
        "dmean": 0.359264820814,
        "dmean2": 0.60884976387,
        "dvar": 0.362614125013,
        "dvar2": 0.93227159977,
        "max": 9.28181552887,
        "mean": 0.577919721603,
        "median": 0.404114842415,
        "min": 0,
        "var": 0.510858654976
    },
    "zerocrossingrate": {
        "dmean": 0.0183538459241,
        "dmean2": 0.0211801137775,
        "dvar": 0.000466158206109,
        "dvar2": 0.000529048265889,
        "max": 0.814453125,
        "mean": 0.0868337228894,
        "median": 0.0732421875,
        "min": 0.00244140625,
        "var": 0.00733746169135
    },
    "barkbands": {
        "dmean": [0.000193513042177, 0.0072437110357, 0.00368530163541, 0.00189557333943, 0.00360629451461, 0.001043072436, 0.00109129643533, 0.000518660235684, 0.00034282868728, 0.000547318952158, 0.000369260582374, 0.000451153318863, 0.000299234816339, 0.000276675331406, 0.000295166944852, 0.000255246122833, 0.000291151896818, 0.000201222792384, 0.000200064401724, 0.000240943481913, 0.000225498355576, 0.000211581238545, 0.000187681114767, 0.00014129561896, 0.000105457984318, 0.000100841323729, 2.40567405854e-05],
        "dmean2": [0.000316645891871, 0.012117465958, 0.0055286353454, 0.00346342660487, 0.00651995977387, 0.00167844595853, 0.00182134122588, 0.000820025801659, 0.000569921860006, 0.000896122248378, 0.000610588060226, 0.000739579030778, 0.000506122421939, 0.000454541877843, 0.000478781905258, 0.000394743110519, 0.000471678125905, 0.000324138527503, 0.000322413514368, 0.000405365368351, 0.000372029084247, 0.000341842067428, 0.000305037770886, 0.000217958135181, 0.00015838946274, 0.000161853880854, 4.15824397351e-05],
        "dvar": [6.55880683098e-08, 0.000118354029837, 5.31809673703e-05, 3.03113738482e-05, 8.64033063408e-05, 3.65056303053e-06, 5.21976471646e-06, 1.19054584502e-06, 4.67897052658e-07, 1.42109854551e-06, 1.04590208139e-06, 1.14380361538e-06, 3.78571513693e-07, 2.87393277176e-07, 3.03700602444e-07, 2.13873931898e-07, 2.47159277933e-07, 1.04825829794e-07, 1.04292034564e-07, 1.63227497296e-07, 1.30417674882e-07, 1.28812473577e-07, 1.02612887076e-07, 5.29369224012e-08, 3.05071488071e-08, 3.93790635655e-08, 4.78864814468e-09],
        "dvar2": [1.68590844396e-07, 0.000311181152938, 0.000125467646285, 8.56635451782e-05, 0.000247459916864, 8.44264013722e-06, 1.35879836307e-05, 2.67852055913e-06, 1.15115835797e-06, 3.45990270034e-06, 2.62859998656e-06, 2.79710388895e-06, 9.98886207526e-07, 7.24328174329e-07, 7.44285330256e-07, 4.69509529921e-07, 5.97373286837e-07, 2.59318170492e-07, 2.53005964623e-07, 4.34942080574e-07, 3.41701166917e-07, 3.22305083955e-07, 2.53880756418e-07, 1.24533485746e-07, 6.35850909703e-08, 1.02895576504e-07, 1.3032250834e-08],
        "max": [0.00286676618271, 0.0899749696255, 0.0635803416371, 0.0471242964268, 0.0870896801353, 0.0307712517679, 0.0333294607699, 0.0249809864908, 0.0135771138594, 0.0183333791792, 0.0192527547479, 0.0216204412282, 0.0176044069231, 0.00971363764256, 0.0087453648448, 0.00829989276826, 0.0103892749175, 0.00516514945775, 0.00416463240981, 0.00470531499013, 0.00384934712201, 0.00565514992923, 0.00928496941924, 0.00664646504447, 0.00788671057671, 0.00163971597794, 0.000925292260945],
        "mean": [0.000268711068202, 0.0121485805139, 0.00393953826278, 0.00137661991175, 0.00300976913422, 0.00130928959697, 0.00125415821094, 0.000696641101968, 0.000394992675865, 0.000747624319047, 0.000454177672509, 0.000582284235861, 0.000364777719369, 0.00036840242683, 0.000409661326557, 0.000345451728208, 0.000399148411816, 0.000311309413519, 0.000341794569977, 0.000362352904631, 0.00037648063153, 0.000349250709405, 0.000311169831548, 0.000249057455221, 0.000171794206835, 0.00011792191799, 1.82631429197e-05],
        "median": [0.000134245157824, 0.00580738624558, 0.000854148063809, 0.000203179457458, 0.000492228951771, 0.000444486824563, 0.000348978443071, 0.000169354287209, 0.000116668052215, 0.00020263841725, 0.000111292698421, 0.000171568972291, 0.000150813168148, 0.000116321789392, 0.000173013148014, 0.000136742484756, 0.000185693759704, 0.000165056422702, 0.000174709479325, 0.000187420664588, 0.000198906534933, 0.000183248150279, 0.00013828187366, 0.000126776561956, 9.26881766645e-05, 5.39098728041e-05, 1.63507661455e-06],
        "min": [9.27120059572e-24, 1.60616403261e-23, 3.32319844225e-24, 4.42516415721e-24, 2.46422476307e-23, 6.98727867001e-23, 7.04919036712e-23, 4.12200175589e-23, 3.08999719583e-23, 5.2373324312e-23, 3.60350430882e-23, 4.26053551273e-23, 1.34738098944e-22, 5.38883695458e-23, 8.24942456393e-23, 3.0949802724e-22, 2.09722798973e-22, 2.24830103775e-22, 3.57361133989e-22, 3.37109294882e-22, 4.69955314101e-22, 3.76990290474e-22, 6.19648145837e-22, 9.54988398051e-22, 1.56725048341e-21, 1.73407833326e-21, 2.49584806368e-21],
        "var": [1.07504938285e-07, 0.000254816142842, 5.99729719397e-05, 1.88794838323e-05, 5.55549486307e-05, 4.97736527905e-06, 5.72702765567e-06, 1.90605533135e-06, 6.15923966052e-07, 2.14231113205e-06, 1.35341122132e-06, 1.73061152964e-06, 4.52663329042e-07, 4.54088279866e-07, 4.4250853648e-07, 3.42846249168e-07, 3.50646473635e-07, 1.72573336954e-07, 2.02036858354e-07, 2.39699971871e-07, 2.33730958143e-07, 2.00719881605e-07, 1.71265980953e-07, 9.79895204978e-08, 5.94967666245e-08, 3.56762512865e-08, 3.31197758108e-09]
    },
    "erbbands": {
        "dmean": [0.186735928059, 1.79791522026, 3.99976611137, 3.80802726746, 11.7822465897, 11.285859108, 6.73479604721, 9.34083652496, 16.6317901611, 12.2402191162, 11.6258325577, 7.65774679184, 14.6207389832, 16.1999530792, 12.4365243912, 20.3513393402, 13.7766580582, 14.6152677536, 14.1647701263, 12.4188261032, 15.0027370453, 12.9063835144, 11.0500221252, 9.63236999512, 10.6808128357, 11.459608078, 9.10074234009, 9.43162918091, 7.52941179276, 6.61732292175, 5.43222904205, 3.34010887146, 2.33194541931, 1.25911450386, 0.713435590267, 0.395490109921, 0.189166754484, 0.0555193834007, 0.00327577139251, 6.61738740746e-05],
        "dmean2": [0.302917897701, 2.94853711128, 6.05995893478, 5.99915218353, 21.4053688049, 20.6011428833, 11.2035150528, 15.2257843018, 27.3696308136, 20.3045749664, 18.2685642242, 12.5825376511, 23.7842903137, 26.2706871033, 20.2129497528, 33.5056304932, 23.1733207703, 23.8943939209, 22.6521224976, 19.7160778046, 23.0013370514, 20.5545806885, 17.9314842224, 15.53125, 17.2693538666, 19.4203701019, 14.7828655243, 15.8597650528, 12.2460441589, 10.6852006912, 8.86278247833, 5.27726650238, 3.6407084465, 1.90248787403, 1.08525013924, 0.614693880081, 0.307243824005, 0.0948671549559, 0.00561489304528, 0.00010974721954],
        "dvar": [0.0709646940231, 7.60267448425, 54.9443511963, 77.4261474609, 1069.74487305, 862.406066895, 156.110473633, 338.672821045, 1161.0880127, 701.356506348, 667.542236328, 231.172821045, 1135.76245117, 1806.6862793, 1344.75061035, 2512.63867188, 669.518798828, 771.035766602, 676.31072998, 458.919616699, 658.32232666, 516.872680664, 363.763214111, 274.007537842, 316.221466064, 398.982666016, 192.997543335, 263.30871582, 176.57321167, 112.789779663, 87.349609375, 28.5364627838, 14.8643903732, 5.54104137421, 1.21507942677, 0.440751165152, 0.156594455242, 0.0216832384467, 8.60170912347e-05, 2.03253840425e-08],
        "dvar2": [0.17210188508, 20.132068634, 128.395263672, 184.838897705, 3028.66259766, 2470.4074707, 389.250030518, 798.812316895, 2922.77929688, 1822.73681641, 1483.38781738, 569.026184082, 2736.57177734, 4393.20947266, 3200.55224609, 6245.40478516, 1714.97424316, 1957.18676758, 1607.62109375, 1053.60522461, 1458.95788574, 1205.27429199, 919.283874512, 667.745483398, 755.094909668, 1079.0802002, 483.190124512, 708.407958984, 444.10748291, 278.41229248, 216.579360962, 68.5944519043, 34.9362030029, 10.7321662903, 2.79246520996, 1.08403420448, 0.414112150669, 0.0596187077463, 0.000232731908909, 5.48801075695e-08],
        "max": [2.31110906601, 22.6223735809, 67.5743408203, 80.5985565186, 355.13583374, 260.74420166, 217.002593994, 321.211090088, 423.488922119, 531.268005371, 675.526550293, 399.03817749, 694.012939453, 678.54510498, 948.131408691, 1104.5904541, 589.473693848, 414.157562256, 536.834899902, 315.359924316, 440.428833008, 576.82409668, 335.793151855, 262.277862549, 287.847290039, 224.060501099, 162.680740356, 198.273910522, 252.407516479, 139.042282104, 274.179718018, 139.287261963, 122.944267273, 129.746994019, 24.8434867859, 5.88672637939, 3.67492032051, 1.75177311897, 0.0996211841702, 0.0015138258459],
        "mean": [0.307638645172, 2.83499765396, 5.33708953857, 4.08771753311, 9.09272766113, 9.20477867126, 7.86318635941, 10.9606647491, 19.4986438751, 14.5861463547, 15.8889083862, 9.70657062531, 19.9055557251, 24.288274765, 16.3763427734, 27.1073360443, 18.0864467621, 21.0642757416, 20.3888111115, 18.0524024963, 22.1227874756, 19.3052883148, 17.4296550751, 16.4767417908, 18.4811649323, 17.335067749, 15.5737342834, 15.1638050079, 12.2216596603, 10.6609592438, 8.95663261414, 5.75129938126, 3.90385246277, 2.13385176659, 1.10058546066, 0.538347423077, 0.207314386964, 0.0478896982968, 0.00264021987095, 8.57327322592e-05],
        "median": [0.178546622396, 1.10220623016, 1.74629426003, 0.916573166847, 1.02316570282, 1.44620633125, 2.31428956985, 3.62391996384, 5.37078285217, 4.52889919281, 4.18356227875, 3.6346783638, 5.47282743454, 6.48475933075, 5.69070720673, 8.52581977844, 8.02231884003, 7.96352672577, 8.94386863708, 8.60047340393, 10.6957178116, 9.9642162323, 9.21001052856, 8.85046005249, 9.404545784, 9.03097724915, 8.58532714844, 7.18354320526, 6.38497543335, 4.95914554596, 3.85071611404, 2.79754781723, 2.01199102402, 1.14305138588, 0.588283479214, 0.278388887644, 0.0881509557366, 0.0119279697537, 0.000404250109568, 5.19863751833e-05],
        "min": [4.3323766336e-22, 3.85484623533e-21, 4.88563646709e-21, 1.34157248921e-20, 2.41757056483e-20, 1.15321604819e-19, 2.92472297939e-19, 6.45185213059e-19, 7.53101315422e-19, 1.27184064982e-18, 7.25911888688e-19, 6.2811499695e-19, 1.22140134741e-18, 1.45839944966e-18, 1.90389804127e-18, 1.9049547645e-18, 5.26715981799e-18, 4.23705029448e-18, 4.00711393652e-18, 6.91817302956e-18, 1.86639656742e-17, 1.24441605563e-17, 1.25380348025e-17, 1.84118261343e-17, 1.51542714224e-17, 1.78330428966e-17, 1.79059191629e-17, 1.73783499857e-17, 1.40376801659e-17, 1.48374662109e-17, 1.63933615102e-17, 1.8783544558e-17, 1.57306889235e-17, 1.55961645405e-17, 1.3189691825e-17, 5.65633754284e-18, 3.4278244643e-18, 1.35789379991e-18, 3.22061892618e-19, 4.21969290453e-20],
        "var": [0.143848225474, 15.8369207382, 78.8118896484, 78.4928817749, 675.776123047, 565.34173584, 198.685638428, 421.329742432, 1332.60192871, 778.323730469, 1068.10717773, 309.283355713, 1750.20556641, 2867.97680664, 1875.64208984, 3750.98095703, 920.854858398, 1289.01965332, 1026.59973145, 713.41192627, 1062.32861328, 790.645385742, 571.806518555, 459.0105896, 636.084106445, 540.230957031, 387.222991943, 461.952941895, 252.24822998, 182.516647339, 146.179290771, 55.2624740601, 24.9369735718, 11.812046051, 1.94119763374, 0.515218198299, 0.131957009435, 0.0151082184166, 6.10214956396e-05, 1.67045435262e-08]
    },
    "gfcc": {
        "mean": [-21.7736530304, 44.9438018799, -107.428352356, 37.5169715881, -55.1663208008, 21.3507003784, -34.2537574768, 13.5249662399, -20.9214611053, 11.0585737228, -14.2561292648, 8.1504611969, -11.4948205948],
        "cov": [[32564.84375, 1768.8203125, 1224.56347656, 1241.40844727, -678.639526367, 814.322998047, -405.363006592, 448.301391602, -499.442932129, 410.973846436, -419.876403809, 77.5409164429, -633.780273438], [1768.8203125, 1782.41479492, 469.297912598, 315.457366943, 264.031921387, 10.3357276917, 102.293075562, -39.1502799988, 56.4812774658, -70.5540237427, 53.7725219727, -106.166854858, 29.348777771], [1224.56347656, 469.297912598, 1585.0045166, 719.992614746, 537.538818359, 340.695251465, 254.178161621, 94.9420394897, 65.0758514404, 92.2924346924, 25.5351963043, -20.1169776917, -67.1155471802], [1241.40844727, 315.457366943, 719.992614746, 771.655029297, 336.841125488, 272.655395508, 197.27015686, 97.5004730225, 61.5899925232, 26.9744052887, -7.39024877548, -48.6544418335, -22.0963573456], [-678.639526367, 264.031921387, 537.538818359, 336.841125488, 531.394775391, 214.208053589, 190.95803833, 66.6808700562, 128.114349365, -13.2205247879, 31.308259964, -14.0801773071, 16.9240589142], [814.322998047, 10.3357276917, 340.695251465, 272.655395508, 214.208053589, 306.55279541, 128.858688354, 126.081558228, 63.1772003174, 43.9653625488, 10.8046989441, 23.3690414429, -16.5222568512], [-405.363006592, 102.293075562, 254.178161621, 197.27015686, 190.95803833, 128.858688354, 252.031433105, 103.823295593, 77.79637146, 23.1492328644, 45.588306427, -8.69674777985, 16.1769351959], [448.301391602, -39.1502799988, 94.9420394897, 97.5004730225, 66.6808700562, 126.081558228, 103.823295593, 168.138320923, 83.4911804199, 66.1416931152, 18.4568881989, 26.9493923187, -4.7080373764], [-499.442932129, 56.4812774658, 65.0758514404, 61.5899925232, 128.114349365, 63.1772003174, 77.79637146, 83.4911804199, 154.523849487, 49.0043678284, 54.0790481567, 5.27499485016, 21.311000824], [410.973846436, -70.5540237427, 92.2924346924, 26.9744052887, -13.2205247879, 43.9653625488, 23.1492328644, 66.1416931152, 49.0043678284, 126.919815063, 53.1372833252, 38.6048698425, -15.4454441071], [-419.876403809, 53.7725219727, 25.5351963043, -7.39024877548, 31.308259964, 10.8046989441, 45.588306427, 18.4568881989, 54.0790481567, 53.1372833252, 102.785804749, 41.4874954224, 23.6047687531], [77.5409164429, -106.166854858, -20.1169776917, -48.6544418335, -14.0801773071, 23.3690414429, -8.69674777985, 26.9493923187, 5.27499485016, 38.6048698425, 41.4874954224, 89.128868103, 32.9437332153], [-633.780273438, 29.348777771, -67.1155471802, -22.0963573456, 16.9240589142, -16.5222568512, 16.1769351959, -4.7080373764, 21.311000824, -15.4454441071, 23.6047687531, 32.9437332153, 87.6412887573]],
        "icov": [[7.66135926824e-05, -0.000161300893524, 2.8941731216e-05, -0.000125936508994, 0.000184341071872, -0.00019528894336, 0.000115479444503, -0.000119578864542, 0.000148956605699, -0.000243907576078, 0.000447938393336, -0.000482247880427, 0.000479731184896], [-0.000161300893524, 0.00113761227112, -0.00031006539939, 0.000113713664177, -0.000531325058546, 0.000666329753585, 0.000180084069143, -0.000215111678699, -8.248478116e-05, 0.00119188521057, -0.00231600296684, 0.00248978589661, -0.00165476824623], [2.8941731216e-05, -0.00031006539939, 0.00168586976361, -0.000898484722711, -0.00112821126822, -0.000238382650423, -0.000565400347114, 0.000817738880869, 0.000864829809871, -0.00189775112085, 0.000925963220652, -0.00106524571311, 0.00130512996111], [-0.000125936508994, 0.000113713664177, -0.000898484722711, 0.00323537434451, -0.00054728629766, -0.00125202629715, -0.000569182273466, -6.76907293382e-05, 0.00026766047813, -0.00012788483582, -0.000372757145669, 0.0029471241869, -0.00194509443827], [0.000184341071872, -0.000531325058546, -0.00112821126822, -0.00054728629766, 0.00607407838106, -0.00246434751898, -0.0015285856789, 0.00221466855146, -0.00454892311245, 0.00270559731871, 0.00176111736801, -0.00281408941373, 0.00143903575372], [-0.00019528894336, 0.000666329753585, -0.000238382650423, -0.00125202629715, -0.00246434751898, 0.00864557549357, -0.000546847761143, -0.00389241031371, 0.000456496461993, 0.00104270363227, -0.000634143303614, -0.00177623284981, 0.000775232852902], [0.000115479444503, 0.000180084069143, -0.000565400347114, -0.000569182273466, -0.0015285856789, -0.000546847761143, 0.00989288371056, -0.00711441412568, 0.00298010744154, 0.00153163354844, -0.00615063495934, 0.00574283953756, -0.0027746737469], [-0.000119578864542, -0.000215111678699, 0.000817738880869, -6.76907293382e-05, 0.00221466855146, -0.00389241031371, -0.00711441412568, 0.0190017130226, -0.009197358042, -0.00471032550558, 0.0085417618975, -0.00754907680675, 0.002932313364], [0.000148956605699, -8.248478116e-05, 0.000864829809871, 0.00026766047813, -0.00454892311245, 0.000456496461993, 0.00298010744154, -0.009197358042, 0.0178959909827, -0.00456539914012, -0.00724199041724, 0.00832970254123, -0.00458185374737], [-0.000243907576078, 0.00119188521057, -0.00189775112085, -0.00012788483582, 0.00270559731871, 0.00104270363227, 0.00153163354844, -0.00471032550558, -0.00456539914012, 0.0197352133691, -0.00963115412742, -0.00223082094453, 0.00351057294756], [0.000447938393336, -0.00231600296684, 0.000925963220652, -0.000372757145669, 0.00176111736801, -0.000634143303614, -0.00615063495934, 0.0085417618975, -0.00724199041724, -0.00963115412742, 0.0273306313902, -0.0156043190509, 0.00433260248974], [-0.000482247880427, 0.00248978589661, -0.00106524571311, 0.0029471241869, -0.00281408941373, -0.00177623284981, 0.00574283953756, -0.00754907680675, 0.00832970254123, -0.00223082094453, -0.0156043190509, 0.0325218886137, -0.0160914566368], [0.000479731184896, -0.00165476824623, 0.00130512996111, -0.00194509443827, 0.00143903575372, 0.000775232852902, -0.0027746737469, 0.002932313364, -0.00458185374737, 0.00351057294756, 0.00433260248974, -0.0160914566368, 0.0230950377882]]
    },
    "melbands": {
        "dmean": [0.00181570171844, 0.00203591026366, 0.000910950358957, 0.000889743154403, 0.000267226336291, 0.000216505519347, 0.000250397803029, 0.000122899509734, 8.9035333076e-05, 4.94480045745e-05, 7.34471468604e-05, 6.54107498121e-05, 4.20029064117e-05, 5.204084664e-05, 3.94947310269e-05, 2.95348709187e-05, 2.96830385196e-05, 2.25585954468e-05, 2.24615541811e-05, 1.71178944584e-05, 1.95609773073e-05, 1.52830270963e-05, 1.18963271234e-05, 9.54031474976e-06, 8.20291825221e-06, 7.95512733021e-06, 8.30333556223e-06, 7.86107375461e-06, 6.28155521554e-06, 5.5949212765e-06, 5.75613921683e-06, 4.45202113042e-06, 4.10068241763e-06, 3.64440188605e-06, 3.45230637322e-06, 2.58858017332e-06, 2.0277625481e-06, 1.76928494966e-06, 1.44650061884e-06, 9.96380890683e-07],
        "dmean2": [0.003033464076, 0.00326641183347, 0.00146226701327, 0.00161742267665, 0.000455331988633, 0.000350067508407, 0.00041107981815, 0.00020198058337, 0.000140831776662, 8.13411970739e-05, 0.000119328149594, 0.000106308580143, 6.8755565735e-05, 8.41939327074e-05, 6.66499254294e-05, 4.95940694236e-05, 4.88637015224e-05, 3.61102174793e-05, 3.71768728655e-05, 2.62420562649e-05, 3.03727174469e-05, 2.44881102844e-05, 1.91704148165e-05, 1.55832822202e-05, 1.34412093757e-05, 1.26045051729e-05, 1.39593958011e-05, 1.33505891426e-05, 1.02462263385e-05, 9.30672558752e-06, 9.71545341599e-06, 7.32642001822e-06, 6.66584082865e-06, 5.98195401835e-06, 5.70747351958e-06, 4.24243398811e-06, 3.2324080621e-06, 2.83142480839e-06, 2.2288834316e-06, 1.53231997047e-06],
        "dvar": [7.13305598765e-06, 1.09252750917e-05, 4.90982120027e-06, 5.74444857193e-06, 2.66546066996e-07, 1.79689109814e-07, 2.57018228922e-07, 6.65623929308e-08, 4.11525356014e-08, 9.78844649779e-09, 2.85460028948e-08, 3.02617237935e-08, 1.29789965442e-08, 1.43247467221e-08, 9.62251434089e-09, 3.98596533557e-09, 3.49316442438e-09, 1.62299729212e-09, 2.04993755304e-09, 1.07168718344e-09, 1.11580655826e-09, 7.89963039427e-10, 4.47210019017e-10, 2.61168919824e-10, 2.30322108608e-10, 1.8578698302e-10, 2.07384220907e-10, 1.88767557141e-10, 9.95717744368e-11, 8.10963865505e-11, 1.01565048038e-10, 5.94656060504e-11, 4.88503647256e-11, 3.31959112976e-11, 3.63817274918e-11, 2.07970272947e-11, 9.7978907973e-12, 7.73774187085e-12, 7.84944505228e-12, 3.82411593711e-12],
        "dvar2": [1.83951688086e-05, 2.80392869172e-05, 1.28354449771e-05, 1.63972090377e-05, 6.96094502928e-07, 4.19541407837e-07, 6.49411447284e-07, 1.69226595403e-07, 9.43432141298e-08, 2.37162982586e-08, 6.90378314516e-08, 7.27801179323e-08, 3.08388514725e-08, 3.36985870319e-08, 2.47739535553e-08, 1.04456248096e-08, 8.83409789765e-09, 3.75057229718e-09, 5.113132584e-09, 2.26026020123e-09, 2.4946311683e-09, 1.878434297e-09, 1.09857800634e-09, 6.70763944388e-10, 5.75643588352e-10, 4.19475065794e-10, 5.40443023667e-10, 5.08482644879e-10, 2.45988729386e-10, 2.12331860427e-10, 2.70711758565e-10, 1.51301873808e-10, 1.19789761444e-10, 8.21597095912e-11, 9.09751302069e-11, 5.16351406077e-11, 2.39427071919e-11, 1.8934019283e-11, 1.73916471502e-11, 7.1049693906e-12],
        "max": [0.0212247949094, 0.0287369862199, 0.0206653978676, 0.0227907784283, 0.00975501164794, 0.00723005272448, 0.0057610203512, 0.00468252459541, 0.0052501661703, 0.00257993047126, 0.00348014920019, 0.002871155506, 0.00261858105659, 0.00221320148557, 0.00202053156681, 0.00224491162226, 0.000942689250223, 0.000824989750981, 0.000759004440624, 0.000676966737956, 0.000639900856186, 0.000776247354224, 0.000309846480377, 0.000281208427623, 0.000261241046246, 0.000256958330283, 0.000172749103513, 0.000163810240338, 0.000157627961016, 0.000129030449898, 0.000169030172401, 0.000128330575535, 0.00012375600636, 8.38189735077e-05, 0.000185626631719, 0.000203981078812, 4.6650548029e-05, 5.47118179384e-05, 0.000132292931085, 0.000136181755806],
        "mean": [0.00312526407652, 0.00323102693073, 0.000895716366358, 0.000697103212588, 0.000291719130473, 0.000258434185525, 0.000297830090858, 0.000150848863996, 0.000119519478176, 6.00017410761e-05, 9.79040487437e-05, 9.65824219747e-05, 5.22075642948e-05, 6.79305303493e-05, 4.94969281135e-05, 3.76114112441e-05, 4.01388715545e-05, 3.02874705085e-05, 2.92469267151e-05, 2.33609134739e-05, 2.75108468486e-05, 2.12205359276e-05, 1.71319425135e-05, 1.44147788887e-05, 1.28072761072e-05, 1.35732789204e-05, 1.16733317554e-05, 1.15016000564e-05, 1.02313733805e-05, 8.38027699501e-06, 9.04996977624e-06, 6.95923745297e-06, 6.2960402829e-06, 5.61488332096e-06, 5.47472018297e-06, 4.02582281822e-06, 3.34128708346e-06, 2.81502298094e-06, 2.2951351184e-06, 1.64397465596e-06],
        "median": [0.00167763896752, 0.00124915223569, 0.000176150759216, 8.66105110617e-05, 7.62033450883e-05, 8.32118530525e-05, 8.26275863801e-05, 4.53014799859e-05, 2.97769693134e-05, 1.90861301235e-05, 2.47052994382e-05, 2.28474418691e-05, 1.55561810971e-05, 2.03535491892e-05, 1.87589157576e-05, 1.50893174578e-05, 1.21884022519e-05, 1.2419950508e-05, 1.19361957331e-05, 9.0487747002e-06, 1.23264508147e-05, 9.89504042082e-06, 7.73261308495e-06, 7.6547748904e-06, 5.93745335209e-06, 6.14857435721e-06, 5.83606197324e-06, 5.65854679735e-06, 5.14216162628e-06, 4.50807692687e-06, 3.77208743885e-06, 3.4909162423e-06, 2.78336028714e-06, 2.47937168751e-06, 2.2275567062e-06, 1.79834000846e-06, 1.60688421147e-06, 1.45779279137e-06, 1.14472697987e-06, 8.76464071098e-07],
        "min": [5.35175938763e-24, 3.52907772788e-24, 1.83529495397e-24, 5.26959794662e-24, 9.80991370789e-24, 1.39852669157e-23, 1.26788154379e-23, 1.29408087663e-23, 5.98553063331e-24, 3.98552053625e-24, 6.29576793366e-24, 6.147901479e-24, 5.73112496353e-24, 6.35336661265e-24, 4.98523488954e-24, 1.47318038556e-23, 6.74192162924e-24, 6.45843894092e-24, 5.26372566605e-24, 1.86985278086e-23, 1.96232526498e-23, 1.36265623957e-23, 8.82972247872e-24, 1.21601409704e-23, 1.55369436945e-23, 1.19399825135e-23, 1.09362248537e-23, 1.2191653597e-23, 1.02607066945e-23, 9.93696922301e-24, 1.01048285685e-23, 7.09375122639e-24, 8.04174509771e-24, 9.03338269862e-24, 8.88776449754e-24, 1.09766460865e-23, 1.18431103944e-23, 1.04093399219e-23, 1.15192214616e-23, 1.38673779643e-23],
        "var": [1.57346039487e-05, 2.03299478017e-05, 4.22643324782e-06, 3.59414639206e-06, 2.98330434134e-07, 2.31080122148e-07, 2.99813223137e-07, 8.02113433451e-08, 6.26125782333e-08, 1.35651276878e-08, 4.35699654133e-08, 4.91124900748e-08, 1.81446004888e-08, 2.25683631783e-08, 1.22229391053e-08, 5.29543386918e-09, 5.84730841524e-09, 2.45637266083e-09, 2.66800959103e-09, 1.79087422669e-09, 1.77213210772e-09, 1.13757436804e-09, 6.74098887821e-10, 3.82558179579e-10, 3.44566181143e-10, 4.17919920892e-10, 2.62388277772e-10, 2.73073813561e-10, 2.1993887267e-10, 1.16306346498e-10, 2.03342592764e-10, 8.49641954015e-11, 7.38486077845e-11, 5.20806626991e-11, 5.67697867881e-11, 3.48377646175e-11, 1.79677436124e-11, 1.24109446678e-11, 1.20702623244e-11, 8.87258322368e-12]
    },
    "mfcc": {
        "mean": [-657.627624512, 77.355140686, 7.47466802597, 20.8706378937, 5.78085756302, 10.0027704239, 1.58915400505, 4.81729221344, 2.04148888588, 2.86909174919, 1.13163685799, 5.25480127335, 3.74663352966],
        "cov": [[17789.9042969, 1332.3392334, 880.905395508, 644.567565918, 160.348205566, 354.849182129, 201.227386475, 101.615028381, -55.7429771423, 154.408554077, 127.672958374, 21.4963874817, -36.7500457764], [1332.3392334, 1181.84692383, 325.855285645, 302.728729248, 252.612533569, 150.7447052, 115.239273071, 61.5167236328, 34.5358657837, 24.5298728943, 33.05676651, 15.5785398483, -15.9191322327], [880.905395508, 325.855285645, 892.194763184, 471.063842773, 293.815124512, 289.40020752, 217.776016235, 110.748832703, 68.6689071655, 105.522132874, 102.448318481, 40.6814498901, 8.81082248688], [644.567565918, 302.728729248, 471.063842773, 548.296325684, 265.219024658, 235.7003479, 186.228683472, 112.503982544, 108.540145874, 93.927986145, 73.7956848145, 48.424446106, -0.889033079147], [160.348205566, 252.612533569, 293.815124512, 265.219024658, 386.867706299, 228.038482666, 110.094970703, 131.790786743, 98.9703292847, 65.1487960815, 56.1151199341, 55.2031593323, 22.6190223694], [354.849182129, 150.7447052, 289.40020752, 235.7003479, 228.038482666, 244.769683838, 152.719924927, 113.317878723, 77.3942642212, 68.3528823853, 55.2418251038, 41.5259933472, 17.8277359009], [201.227386475, 115.239273071, 217.776016235, 186.228683472, 110.094970703, 152.719924927, 191.354919434, 120.012214661, 73.4301834106, 59.5104217529, 52.7202377319, 34.5116081238, 20.0151996613], [101.615028381, 61.5167236328, 110.748832703, 112.503982544, 131.790786743, 113.317878723, 120.012214661, 165.212020874, 108.76701355, 60.9545555115, 45.405582428, 42.382610321, 30.3962230682], [-55.7429771423, 34.5358657837, 68.6689071655, 108.540145874, 98.9703292847, 77.3942642212, 73.4301834106, 108.76701355, 131.67578125, 78.2936706543, 44.5189628601, 33.5839118958, 17.2909698486], [154.408554077, 24.5298728943, 105.522132874, 93.927986145, 65.1487960815, 68.3528823853, 59.5104217529, 60.9545555115, 78.2936706543, 110.856163025, 77.2341766357, 39.5177383423, 16.4098396301], [127.672958374, 33.05676651, 102.448318481, 73.7956848145, 56.1151199341, 55.2418251038, 52.7202377319, 45.405582428, 44.5189628601, 77.2341766357, 107.659049988, 72.047668457, 32.0374717712], [21.4963874817, 15.5785398483, 40.6814498901, 48.424446106, 55.2031593323, 41.5259933472, 34.5116081238, 42.382610321, 33.5839118958, 39.5177383423, 72.047668457, 111.388381958, 69.6981658936], [-36.7500457764, -15.9191322327, 8.81082248688, -0.889033079147, 22.6190223694, 17.8277359009, 20.0151996613, 30.3962230682, 17.2909698486, 16.4098396301, 32.0374717712, 69.6981658936, 100.845932007]],
