{
"lowlevel": {
    "average_loudness": 0.948651075363,
    "barkbands_crest": {
        "dmean": 2.97399783134,
        "dmean2": 4.71243429184,
        "dvar": 10.6905269623,
        "dvar2": 24.4841690063,
        "max": 26.1933708191,
        "mean": 11.3415393829,
        "median": 11.128490448,
        "min": 1.83438372612,
        "var": 24.0277576447
    },
    "barkbands_flatness_db": {
        "dmean": 0.0233256351203,
        "dmean2": 0.0358184017241,
        "dvar": 0.000647796608973,
        "dvar2": 0.00140923575964,
        "max": 0.426096737385,
        "mean": 0.126548334956,
        "median": 0.110097825527,
        "min": 0.0139650451019,
        "var": 0.00503094540909
    },
    "barkbands_kurtosis": {
        "dmean": 2.65809202194,
        "dmean2": 4.21017122269,
        "dvar": 42.770526886,
        "dvar2": 99.3903503418,
        "max": 247.287918091,
        "mean": 3.05117225647,
        "median": 0.454541325569,
        "min": -1.73625957966,
        "var": 79.6714324951
    },
    "barkbands_skewness": {
        "dmean": 0.606431484222,
        "dmean2": 0.939676523209,
        "dvar": 0.549611270428,
        "dvar2": 1.18338143826,
        "max": 13.7276344299,
        "mean": 1.36736905575,
        "median": 1.21375668049,
        "min": -4.68641853333,
        "var": 1.7182765007
    },
    "barkbands_spread": {
        "dmean": 7.90504455566,
        "dmean2": 12.6765241623,
        "dvar": 82.5209121704,
        "dvar2": 207.688201904,
        "max": 97.8078384399,
        "mean": 33.6499633789,
        "median": 34.3922042847,
        "min": 0.663249969482,
        "var": 263.76083374
    },
    "dissonance": {
        "dmean": 0.0111916465685,
        "dmean2": 0.0195563305169,
        "dvar": 0.000153409331688,
        "dvar2": 0.000434833986219,
        "max": 0.500000059605,
        "mean": 0.484525620937,
        "median": 0.489024430513,
        "min": 0.299216032028,
        "var": 0.000254848244367
    },
    "dynamic_complexity": 3.15865397453,
    "erbbands_crest": {
        "dmean": 2.17073464394,
        "dmean2": 3.64209675789,
        "dvar": 4.28504562378,
        "dvar2": 10.9768390656,
        "max": 27.3984680176,
        "mean": 6.80423164368,
        "median": 6.08478355408,
        "min": 2.21417760849,
        "var": 9.4528055191
    },
    "erbbands_flatness_db": {
        "dmean": 0.0150157595053,
        "dmean2": 0.0229011420161,
        "dvar": 0.000208757104701,
        "dvar2": 0.000438592658611,
        "max": 0.382080227137,
        "mean": 0.145660802722,
        "median": 0.127525627613,
        "min": 0.0257021095604,
        "var": 0.00347425928339
    },
    "erbbands_kurtosis": {
        "dmean": 0.675608813763,
        "dmean2": 1.11009120941,
        "dvar": 0.801764070988,
        "dvar2": 2.0821018219,
        "max": 33.5320358276,
        "mean": 0.236993432045,
        "median": -0.0788314342499,
        "min": -1.85089671612,
        "var": 1.99421858788
    },
    "erbbands_skewness": {
        "dmean": 0.317063450813,
        "dmean2": 0.504316568375,
        "dvar": 0.0841071605682,
        "dvar2": 0.205711588264,
        "max": 5.23969459534,
        "mean": 0.0314832851291,
        "median": 0.0395839139819,
        "min": -3.01353096962,
        "var": 0.312977463007
    },
    "erbbands_spread": {
        "dmean": 7.56643629074,
        "dmean2": 11.9511270523,
        "dvar": 89.2244110107,
        "dvar2": 191.769821167,
        "max": 179.773529053,
        "mean": 36.2326393127,
        "median": 34.6918106079,
        "min": 2.54351806641,
        "var": 283.083709717
    },
    "hfc": {
        "dmean": 13.4951734543,
        "dmean2": 20.000087738,
        "dvar": 417.239074707,
        "dvar2": 901.301574707,
        "max": 243.328567505,
        "mean": 41.1221542358,
        "median": 35.8370132446,
        "min": 1.15874411587e-16,
        "var": 1198.03356934
    },
    "melbands_crest": {
        "dmean": 4.46802091599,
        "dmean2": 7.10036659241,
        "dvar": 23.105424881,
        "dvar2": 53.7016525269,
        "max": 36.5698776245,
        "mean": 21.3384056091,
        "median": 22.8299636841,
        "min": 1.8987787962,
        "var": 69.1149978638
    },
    "melbands_flatness_db": {
        "dmean": 0.0313188619912,
        "dmean2": 0.0478288345039,
        "dvar": 0.00135928823147,
        "dvar2": 0.00287709129043,
        "max": 0.554478287697,
        "mean": 0.188321739435,
        "median": 0.174217015505,
        "min": 0.00359530653805,
        "var": 0.00902738794684
    },
    "melbands_kurtosis": {
        "dmean": 9.68607330322,
        "dmean2": 15.5675268173,
        "dvar": 593.301513672,
        "dvar2": 1270.91040039,
        "max": 530.577209473,
        "mean": 14.9886198044,
        "median": 6.43044090271,
        "min": -1.69987094402,
        "var": 960.526062012
    },
    "melbands_skewness": {
        "dmean": 0.964687108994,
        "dmean2": 1.52417063713,
        "dvar": 1.72726929188,
        "dvar2": 3.62768936157,
        "max": 18.9857063293,
        "mean": 2.84520769119,
        "median": 2.46091461182,
        "min": -2.13573765755,
        "var": 4.62682056427
    },
    "melbands_spread": {
        "dmean": 11.0374765396,
        "dmean2": 17.6516799927,
        "dvar": 225.397232056,
        "dvar2": 516.106445312,
        "max": 184.286514282,
        "mean": 33.6561126709,
        "median": 30.4001159668,
        "min": 0.620979070663,
        "var": 522.588867188
    },
    "pitch_salience": {
        "dmean": 0.0945303887129,
        "dmean2": 0.150706917048,
        "dvar": 0.0105810333043,
        "dvar2": 0.0239916592836,
        "max": 0.958960652351,
        "mean": 0.478344410658,
        "median": 0.466277122498,
        "min": 0.0585908852518,
        "var": 0.0250219926238
    },
    "silence_rate_20dB": {
        "dmean": 0,
        "dmean2": 0,
        "dvar": 0,
        "dvar2": 0,
        "max": 1,
        "mean": 1,
        "median": 1,
        "min": 1,
        "var": 0
    },
    "silence_rate_30dB": {
        "dmean": 0.00289435591549,
        "dmean2": 0.00578947365284,
        "dvar": 0.00288571463898,
        "dvar2": 0.00628297170624,
        "max": 1,
        "mean": 0.996711373329,
        "median": 1,
        "min": 0,
        "var": 0.00327799096704
    },
    "silence_rate_60dB": {
        "dmean": 0.00578871183097,
        "dmean2": 0.0115789473057,
        "dvar": 0.00575588364154,
        "dvar2": 0.0124971857294,
        "max": 1,
        "mean": 0.0597211271524,
        "median": 0,
        "min": 0,
        "var": 0.0561517514288
    },
    "spectral_centroid": {
        "dmean": 279.447662354,
        "dmean2": 438.882568359,
        "dvar": 106186.296875,
        "dvar2": 243974.765625,
        "max": 10766.4707031,
        "mean": 2068.72631836,
        "median": 2198.29174805,
        "min": 182.276657104,
        "var": 554936.8125
    },
    "spectral_complexity": {
        "dmean": 5.4555978775,
        "dmean2": 8.15736865997,
        "dvar": 31.1791992188,
        "dvar2": 63.1972122192,
        "max": 64,
        "mean": 31.4183101654,
        "median": 34,
        "min": 0,
        "var": 208.951644897
    },
    "spectral_decrease": {
        "dmean": 2.30705277104e-09,
        "dmean2": 3.64969099387e-09,
        "dvar": 9.48090760743e-18,
        "dvar2": 2.20738026825e-17,
        "max": 2.70820108771e-26,
        "mean": -1.02258184143e-08,
        "median": -1.04582333904e-08,
        "min": -4.66300953406e-08,
        "var": 3.64315454972e-17
    },
    "spectral_energy": {
        "dmean": 0.00871005468071,
        "dmean2": 0.0137638282031,
        "dvar": 0.000129246909637,
        "dvar2": 0.000305370631395,
        "max": 0.177574649453,
        "mean": 0.0423244088888,
        "median": 0.0447237640619,
        "min": 1.01987734457e-20,
        "var": 0.000564275542274
    },
    "spectral_energyband_high": {
        "dmean": 0.00128174130805,
        "dmean2": 0.00189491256606,
        "dvar": 4.48753826277e-06,
        "dvar2": 9.76545925369e-06,
        "max": 0.0231153536588,
        "mean": 0.00289076985791,
        "median": 0.00210686028004,
        "min": 7.72694128669e-21,
        "var": 1.06620982478e-05
    },
    "spectral_energyband_low": {
        "dmean": 0.00903892889619,
        "dmean2": 0.0143827209249,
        "dvar": 0.000179635826498,
        "dvar2": 0.00040514903958,
        "max": 0.155835837126,
        "mean": 0.0249170083553,
        "median": 0.0198076274246,
        "min": 1.62417688252e-23,
        "var": 0.000466604513349
    },
    "spectral_energyband_middle_high": {
        "dmean": 0.0029240322765,
        "dmean2": 0.00466980971396,
        "dvar": 1.21781295093e-05,
        "dvar2": 2.99508519674e-05,
        "max": 0.0411145351827,
        "mean": 0.00914750341326,
        "median": 0.00807494483888,
        "min": 1.24041246043e-21,
        "var": 4.63313372165e-05
    },
    "spectral_energyband_middle_low": {
        "dmean": 0.00356991565786,
        "dmean2": 0.00616073329002,
        "dvar": 6.26342662144e-05,
        "dvar2": 0.000171771636815,
        "max": 0.0924724042416,
        "mean": 0.00526655139402,
        "median": 0.0035259029828,
        "min": 2.12970356304e-22,
        "var": 4.89456106152e-05
    },
    "spectral_entropy": {
        "dmean": 0.0974556058645,
        "dmean2": 0.15161819756,
        "dvar": 0.0123911947012,
        "dvar2": 0.0278148483485,
        "max": 9.80715370178,
        "mean": 7.98403692245,
        "median": 8.1683883667,
        "min": 5.27504205704,
        "var": 0.24391785264
    },
    "spectral_flux": {
        "dmean": 0.0258438698947,
        "dmean2": 0.0407658442855,
        "dvar": 0.00111244781874,
        "dvar2": 0.00239667017013,
        "max": 0.36947530508,
        "mean": 0.105412229896,
        "median": 0.0988635867834,
        "min": 1.00988974128e-10,
        "var": 0.00327250128612
    },
    "spectral_kurtosis": {
        "dmean": 1.64661848545,
        "dmean2": 2.79666638374,
        "dvar": 11.9843215942,
        "dvar2": 35.429813385,
        "max": 107.53843689,
        "mean": 4.77936792374,
        "median": 2.67603898048,
        "min": -1.17103171349,
        "var": 60.9707260132
    },
    "spectral_rms": {
        "dmean": 0.000648496963549,
        "dmean2": 0.00101791124325,
        "dvar": 6.39011261683e-07,
        "dvar2": 1.49233017055e-06,
        "max": 0.0131622022018,
        "mean": 0.00603024614975,
        "median": 0.00660552363843,
        "min": 3.15436565756e-12,
        "var": 4.92821436637e-06
    },
    "spectral_rolloff": {
        "dmean": 845.32623291,
        "dmean2": 1344.76184082,
        "dvar": 1821647.625,
        "dvar2": 3745634.25,
        "max": 21511.6699219,
        "mean": 2007.0592041,
        "median": 1571.92382812,
        "min": 43.06640625,
        "var": 4032393.25
    },
    "spectral_skewness": {
        "dmean": 0.184942424297,
        "dmean2": 0.304466843605,
        "dvar": 0.0574876181781,
        "dvar2": 0.165410786867,
        "max": 8.23713493347,
        "mean": 1.4649374485,
        "median": 1.31157362461,
        "min": -0.00590843567625,
        "var": 0.439689159393
    },
    "spectral_spread": {
        "dmean": 518586.96875,
        "dmean2": 776632.9375,
        "dvar": 592194240512,
        "dvar2": 909997637632,
        "max": 39409436,
        "mean": 4931161,
        "median": 5282214,
        "min": 772929.1875,
        "var": 3.72288362906e+12
    },
    "spectral_strongpeak": {
        "dmean": 0.291242092848,
        "dmean2": 0.519804954529,
        "dvar": 0.495728582144,
        "dvar2": 1.34942030907,
        "max": 9.95285892487,
        "mean": 0.441842854023,
        "median": 0.26384934783,
        "min": 0,
        "var": 0.481491237879
    },
    "zerocrossingrate": {
        "dmean": 0.0150703601539,
        "dmean2": 0.0176016390324,
        "dvar": 0.000409266765928,
        "dvar2": 0.000472143612569,
        "max": 0.8291015625,
        "mean": 0.0748736485839,
        "median": 0.06591796875,
        "min": 0.00244140625,
        "var": 0.00289365230128
    },
    "barkbands": {
        "dmean": [0.00213203998283, 0.00778110465035, 0.00140686472878, 0.000510752492119, 0.000796015141532, 0.00120274804067, 0.000787163735367, 0.000621402170509, 0.00073106616037, 0.000774519925471, 0.000876164762303, 0.000600830069743, 0.000496165652294, 0.000416150287492, 0.000584218883887, 0.000522826216184, 0.000418737006839, 0.000396730581997, 0.000319802726153, 0.000303044100292, 0.000318443810102, 0.000273703684798, 0.000240517780185, 0.000226032701903, 0.00020944121934, 0.000114634247439, 1.2646979485e-05],
        "dmean2": [0.00325789768249, 0.0124240536243, 0.0024518261198, 0.00092792668147, 0.00140110601205, 0.00216785632074, 0.00135319191031, 0.00105797615834, 0.00121969671454, 0.00127842719667, 0.00144044717308, 0.000998926931061, 0.000837127678096, 0.00071251380723, 0.00095851009246, 0.000879973871633, 0.00068580894731, 0.000669708941132, 0.000520291214343, 0.000497175089549, 0.00050132808974, 0.000443121360149, 0.000371672009351, 0.000335530028678, 0.000321359402733, 0.000168033555383, 2.00812864932e-05],
        "dvar": [1.05056406028e-05, 0.000151701780851, 1.83263200597e-05, 2.88349178845e-06, 8.37837797008e-06, 2.19052435568e-05, 2.2657432055e-06, 1.50970845425e-06, 1.59503474606e-06, 1.55778388944e-06, 2.36721393776e-06, 8.9193764552e-07, 5.281951303e-07, 3.4661115933e-07, 7.36337085527e-07, 6.93979757216e-07, 4.58807789983e-07, 3.49082426965e-07, 2.24157943762e-07, 2.1894369695e-07, 3.21933981695e-07, 1.98185702516e-07, 1.72037857737e-07, 1.41201283554e-07, 1.58056352006e-07, 4.52452759703e-08, 1.38895683843e-09],
        "dvar2": [2.05146916414e-05, 0.00034051205148, 5.16004838573e-05, 8.34045931697e-06, 2.35390925809e-05, 6.12516087131e-05, 6.09753215031e-06, 3.99500095227e-06, 4.16545708504e-06, 3.96875748265e-06, 6.27834288025e-06, 2.32251591115e-06, 1.4201519889e-06, 9.34387173857e-07, 1.95919938051e-06, 1.90595631011e-06, 1.19694050227e-06, 9.32260036279e-07, 5.56992119982e-07, 5.59985494419e-07, 7.58776195653e-07, 4.87159240947e-07, 3.89279847468e-07, 2.74534926348e-07, 3.55959912213e-07, 9.19620788409e-08, 3.13223247339e-09],
        "max": [0.0439325012267, 0.141354069114, 0.0501118674874, 0.0212974641472, 0.0743175372481, 0.0584500953555, 0.0220006424934, 0.0283336918801, 0.0172721389681, 0.0237839948386, 0.0292281452566, 0.0172074604779, 0.0110899629071, 0.00886248610914, 0.0158536545932, 0.01563048549, 0.0155309354886, 0.013886754401, 0.0110270157456, 0.00564636616036, 0.00624240422621, 0.00459098117426, 0.0052911224775, 0.00623898021877, 0.00543904164806, 0.00259593175724, 0.000677136064041],
        "mean": [0.00518529070541, 0.0184608269483, 0.00149883423001, 0.000449034443591, 0.000797834363766, 0.00105488649569, 0.000963302853052, 0.000753913598601, 0.00103529333137, 0.00111948547419, 0.00139127811417, 0.000955023686402, 0.000792203529272, 0.000674531271216, 0.00107334007043, 0.000884506327566, 0.000754532695282, 0.000699853349943, 0.000599724589847, 0.000584829715081, 0.000556666345801, 0.000490384176373, 0.000470825616503, 0.00046705553541, 0.00040308968164, 0.000194167063455, 1.37555816764e-05],
        "median": [0.00298951752484, 0.0142875378951, 0.000556084909476, 0.000118258627481, 0.000250829500146, 0.000262547866441, 0.000382002966944, 0.000360946462024, 0.000575032201596, 0.000556092825718, 0.000707848696038, 0.000526728807017, 0.000448939041235, 0.000441538577434, 0.000698955729604, 0.000488796504214, 0.000465224904474, 0.000477842637338, 0.000442216231022, 0.000403265061323, 0.000364047795301, 0.00032542552799, 0.000303581007756, 0.000288028735667, 0.000227394266403, 8.4831204731e-05, 1.46078286889e-06],
        "min": [1.92809536757e-24, 1.30159035913e-23, 1.44864365596e-24, 3.11812655576e-24, 5.48527488469e-23, 5.43518221721e-23, 4.24632497238e-23, 1.46176430608e-23, 3.35338933239e-23, 4.12885348617e-23, 1.01627006666e-22, 4.83871912252e-23, 5.49789350373e-23, 5.77511058543e-23, 1.06975420495e-22, 1.52514252717e-22, 8.51337931608e-23, 2.00960750505e-22, 2.94970566758e-22, 2.57507322555e-22, 5.16943454199e-22, 5.42714391392e-22, 7.47376060745e-22, 7.09530629211e-22, 1.33350208622e-21, 1.63381681327e-21, 2.28060965023e-21],
        "var": [3.74052069674e-05, 0.000316682417179, 1.2262456039e-05, 1.84098234968e-06, 5.68764426134e-06, 1.35230939122e-05, 2.82908968074e-06, 1.65284234299e-06, 2.10689472624e-06, 2.68372878054e-06, 4.51020196124e-06, 1.86183478945e-06, 1.01530747543e-06, 5.99636905463e-07, 1.50638743435e-06, 1.35104585297e-06, 9.65755589277e-07, 6.24751123723e-07, 3.89314891436e-07, 4.21130749828e-07, 4.7283180038e-07, 3.3515456721e-07, 3.55525429541e-07, 4.11845206827e-07, 3.33293598942e-07, 9.00436987195e-08, 1.70836123026e-09]
    },
    "erbbands": {
        "dmean": [0.386026650667, 1.40482401848, 1.73860549927, 1.63150966167, 1.70705926418, 3.00839710236, 7.87910461426, 9.03760623932, 9.86873245239, 12.2479496002, 15.3560838699, 16.2062091827, 17.5775127411, 35.0775718689, 27.3886146545, 23.3802337646, 22.7610092163, 19.9357452393, 25.8186759949, 30.3864784241, 25.9091644287, 20.2652664185, 21.2086391449, 17.7901325226, 15.5267906189, 13.8388643265, 13.2045087814, 12.007733345, 9.7993516922, 7.71605396271, 7.22092914581, 5.19790315628, 3.65406966209, 2.61326980591, 1.45667052269, 0.631338059902, 0.186788231134, 0.0308602899313, 0.00189000624232, 4.51168561995e-05],
        "dmean2": [0.598427534103, 2.15467000008, 2.8527135849, 2.94144058228, 2.99983358383, 5.29425668716, 14.2990751266, 16.2395267487, 17.1908760071, 21.0368175507, 25.7752742767, 26.85090065, 29.1714420319, 56.859588623, 45.9232788086, 38.8030815125, 38.4785804749, 33.7179222107, 42.7780761719, 50.0294685364, 43.1234016418, 33.0777587891, 35.7125091553, 29.8374938965, 24.9713077545, 22.7393856049, 21.0494384766, 18.9455718994, 15.8689498901, 12.3605117798, 11.2757329941, 7.92552089691, 5.43162441254, 4.13119220734, 2.24255108833, 0.939659357071, 0.272490501404, 0.045431856066, 0.00295797851868, 6.65372353978e-05],
        "dvar": [0.304348349571, 6.74222040176, 22.066614151, 29.1481513977, 29.0368022919, 157.429351807, 920.172607422, 988.947692871, 466.094146729, 595.964111328, 635.015991211, 878.650512695, 890.855529785, 3159.08007812, 2602.74047852, 1426.88952637, 1132.10131836, 824.884399414, 1405.46728516, 2290.17480469, 1376.5612793, 826.072998047, 1157.17651367, 643.726745605, 518.438476562, 460.786132812, 491.118408203, 429.736114502, 248.169921875, 166.451202393, 163.775878906, 66.0190429688, 44.4926948547, 26.445224762, 7.24968862534, 1.34937775135, 0.120130471885, 0.00490332162008, 3.16349614877e-05, 1.02288506554e-08],
        "dvar2": [0.707641899586, 14.3276777267, 57.5790290833, 83.9366226196, 80.4682998657, 444.868591309, 2630.36865234, 2713.40771484, 1280.69311523, 1576.14746094, 1711.1550293, 2297.21948242, 2244.03295898, 7968.60205078, 7163.3515625, 3732.08837891, 3055.04760742, 2216.38720703, 3581.34423828, 6079.77294922, 3667.17504883, 2150.1003418, 3037.63696289, 1696.00170898, 1237.68371582, 1162.55847168, 1215.39343262, 1016.69250488, 618.1015625, 403.896026611, 372.858978271, 140.843963623, 83.1932067871, 63.0079841614, 15.7720108032, 2.80339813232, 0.243940323591, 0.0104908384383, 7.33507185942e-05, 2.20799538653e-08],
        "max": [6.94702005386, 25.7436695099, 51.9436721802, 62.6229858398, 116.349906921, 346.882415771, 374.644561768, 370.96295166, 372.478607178, 429.895782471, 423.149383545, 407.937561035, 487.602081299, 909.894287109, 1088.93261719, 686.392700195, 496.803649902, 427.056945801, 743.086181641, 708.223693848, 580.850463867, 669.561767578, 915.026306152, 639.453491211, 268.769104004, 359.575805664, 219.635253906, 231.640808105, 147.507736206, 148.284072876, 170.746810913, 116.234916687, 123.096458435, 78.9795913696, 33.4845924377, 15.4432945251, 4.95856904984, 1.27777063847, 0.112532623112, 0.00189453724306],
        "mean": [0.934707462788, 2.51711249352, 2.28599762917, 1.6690505743, 1.71983504295, 2.93803834915, 6.8440952301, 8.00662899017, 11.2874011993, 15.4484348297, 20.8289546967, 22.521238327, 24.7509765625, 55.0794944763, 44.2782783508, 39.464630127, 38.0788192749, 34.7042694092, 46.2346801758, 58.5954017639, 47.8089981079, 39.663684845, 37.8892593384, 33.9072875977, 29.0816001892, 26.3091392517, 24.2326259613, 20.8723716736, 17.6002426147, 14.9460515976, 13.5083580017, 10.5340547562, 7.29905033112, 4.79599332809, 2.72188353539, 1.09048378468, 0.318064838648, 0.0452238433063, 0.00221084849909, 0.000112162008008],
        "median": [0.726508617401, 1.24713790417, 1.07385349274, 0.750010848045, 0.549253463745, 0.895187675953, 1.51420855522, 2.18476104736, 4.22608661652, 6.97704362869, 11.0785980225, 12.5089120865, 13.7745656967, 29.4989051819, 25.2168064117, 22.477771759, 22.3510913849, 23.401348114, 31.6879768372, 37.8649139404, 30.0353546143, 27.3723754883, 26.0504760742, 25.8578147888, 21.4475669861, 18.7963027954, 16.128080368, 13.5387773514, 11.6321926117, 9.76681900024, 8.61683654785, 6.57549095154, 4.12543106079, 2.75967741013, 1.43060147762, 0.516460061073, 0.129399046302, 0.0128005407751, 0.000407653278671, 8.39888525661e-05],
        "min": [2.9795445522e-22, 2.92757596086e-21, 3.77937287068e-21, 6.51140745448e-21, 4.30549867591e-20, 1.97179139743e-19, 5.43176214244e-19, 3.52513487044e-19, 3.4358926806e-19, 6.61870273194e-19, 3.63195516529e-19, 7.60240607892e-19, 1.37062679787e-18, 2.40967721322e-18, 3.46034507008e-18, 1.74769801068e-18, 1.86938785931e-18, 3.47600111754e-18, 5.31728572234e-18, 7.5307581758e-18, 6.06895012164e-18, 5.35051770345e-18, 1.14666911527e-17, 8.53589925252e-18, 1.83533179952e-17, 1.3176277437e-17, 1.50994756699e-17, 2.36936572412e-17, 2.09981949166e-17, 1.82102405647e-17, 2.17160189435e-17, 1.60917052844e-17, 1.21623665914e-17, 1.30509570927e-17, 9.18494321144e-18, 5.50074321526e-18, 3.45870725247e-18, 1.44390062788e-18, 3.38086397336e-19, 2.98913572756e-20],
        "var": [0.770185053349, 12.3378171921, 19.5039958954, 18.5429363251, 22.2704391479, 101.950561523, 544.859375, 645.480163574, 497.394195557, 681.561096191, 828.1171875, 1074.42321777, 1160.31384277, 5624.49316406, 4002.34082031, 3011.11645508, 2182.90209961, 1529.3515625, 2623.42993164, 4886.23583984, 3029.18603516, 1846.20385742, 1995.76171875, 1153.98876953, 902.060180664, 813.530151367, 834.619995117, 670.043151855, 427.922973633, 318.011138916, 312.386505127, 180.045059204, 122.804779053, 49.1223869324, 15.7568216324, 2.75373125076, 0.241531252861, 0.00790018681437, 3.729317541e-05, 1.84230071198e-08]
    },
    "gfcc": {
        "mean": [13.0372886658, 65.0390396118, -126.760284424, 34.9752311707, -44.181552887, 30.2402076721, -22.3955249786, 23.1788444519, -11.8854207993, 12.1335439682, -9.73045253754, 7.15190410614, -5.14870166779],
        "cov": [[26087.5488281, -5590.33984375, 147.88848877, 821.738342285, -2292.57861328, 2039.09130859, -490.718444824, 1367.17736816, -590.45892334, 809.695129395, -450.82989502, 670.959472656, -561.724243164], [-5590.33984375, 4577.13525391, -380.279693604, -125.707397461, 698.69744873, -1008.4119873, 424.028839111, -668.280334473, 385.220397949, -431.047668457, 363.871765137, -337.48223877, 338.55368042], [147.88848877, -380.279693604, 965.934326172, 87.1984176636, 13.9553995132, 172.171524048, -61.0040054321, 149.07699585, -105.357154846, 89.4535293579, -131.804351807, 14.4617166519, -115.51965332], [821.738342285, -125.707397461, 87.1984176636, 334.740234375, 65.4744567871, 156.682281494, 80.7998733521, 84.3746414185, 17.9803619385, 27.7723140717, -14.5928106308, -1.83653187752, -19.7777881622], [-2292.57861328, 698.69744873, 13.9553995132, 65.4744567871, 495.909881592, -116.533782959, 192.228302002, -68.0151443481, 102.01940155, -87.057723999, 24.0543079376, -87.4568939209, 47.7789573669], [2039.09130859, -1008.4119873, 172.171524048, 156.682281494, -116.533782959, 505.555419922, 20.7770175934, 258.582611084, -57.3851852417, 99.0229873657, -69.6646652222, 78.1220092773, -90.0319747925], [-490.718444824, 424.028839111, -61.0040054321, 80.7998733521, 192.228302002, 20.7770175934, 263.225067139, 32.1459617615, 100.593688965, -39.6799468994, 41.8133773804, -50.5934944153, 13.9841146469], [1367.17736816, -668.280334473, 149.07699585, 84.3746414185, -68.0151443481, 258.582611084, 32.1459617615, 293.812683105, 13.6309976578, 112.592147827, -62.1392364502, 55.6361618042, -71.2863616943], [-590.45892334, 385.220397949, -105.357154846, 17.9803619385, 102.01940155, -57.3851852417, 100.593688965, 13.6309976578, 156.617599487, -3.50266551971, 58.4781532288, -31.9592132568, 21.5897922516], [809.695129395, -431.047668457, 89.4535293579, 27.7723140717, -87.057723999, 99.0229873657, -39.6799468994, 112.592147827, -3.50266551971, 134.596694946, -11.9832000732, 47.2898597717, -39.4581336975], [-450.82989502, 363.871765137, -131.804351807, -14.5928106308, 24.0543079376, -69.6646652222, 41.8133773804, -62.1392364502, 58.4781532288, -11.9832000732, 117.354560852, 5.38524198532, 46.5530128479], [670.959472656, -337.48223877, 14.4617166519, -1.83653187752, -87.4568939209, 78.1220092773, -50.5934944153, 55.6361618042, -31.9592132568, 47.2898597717, 5.38524198532, 97.9237213135, 8.82680511475], [-561.724243164, 338.55368042, -115.51965332, -19.7777881622, 47.7789573669, -90.0319747925, 13.9841146469, -71.2863616943, 21.5897922516, -39.4581336975, 46.5530128479, 8.82680511475, 102.855484009]],
        "icov": [[0.000157247341122, -0.000205591000849, 0.000252736732364, -0.000340391386999, 0.000615474069491, -0.000341701932484, -7.07397775841e-05, -0.000257567618974, 0.000402404839406, -0.000406175298849, 0.000618271238636, -0.000652426446322, 0.000535860308446], [-0.000205591000849, 0.00149333849549, -0.000943871797062, 0.000334006967023, -0.000719701172784, 0.00166365271434, -0.000797893444542, 0.000814787636045, -0.00165228534024, 0.0020124532748, -0.00270823645405, 0.00271521438845, -0.00245870114304], [0.000252736732364, -0.000943871797062, 0.00218749162741, -0.00068835663842, 0.000383365229936, -0.00107913371176, 0.000606946472544, -0.00102859479375, 0.00211774464697, -0.0020262717735, 0.00255088624544, -0.00193173647858, 0.00268282275647], [-0.000340391386999, 0.000334006967023, -0.00068835663842, 0.00470718648285, -0.00179005542304, -0.000799112662207, -0.00052309356397, 0.00079081999138, -0.000995042384602, -1.9632952899e-05, -0.000997603638098, 0.00187489145901, -0.00158314511646], [0.000615474069491, -0.000719701172784, 0.000383365229936, -0.00179005542304, 0.00617750221863, -0.000819303095341, -0.00252906768583, -0.000287979259156, 0.000153387794853, -0.000741679396015, 0.0034744113218, -0.00159882172011, 0.000622018473223], [-0.000341701932484, 0.00166365271434, -0.00107913371176, -0.000799112662207, -0.000819303095341, 0.00693840300664, -0.00171725091059, -0.00238830014132, 0.00018466176698, 0.00304776499979, -0.00357725354843, 0.00130056054331, -0.00103771628346], [-7.07397775841e-05, -0.000797893444542, 0.000606946472544, -0.00052309356397, -0.00252906768583, -0.00171725091059, 0.0089046433568, -0.0027392541524, -0.00131901213899, 0.00160647218581, -0.00196730787866, 0.00171363831032, 0.00102006806992], [-0.000257567618974, 0.000814787636045, -0.00102859479375, 0.00079081999138, -0.000287979259156, -0.00238830014132, -0.0027392541524, 0.0119512453675, -0.00571144605055, -0.00367867108434, 0.00404021609575, -0.00210455455817, -0.000253394508036], [0.000402404839406, -0.00165228534024, 0.00211774464697, -0.000995042384602, 0.000153387794853, 0.00018466176698, -0.00131901213899, -0.00571144605055, 0.0155218699947, -0.00386344501749, -0.00273250113241, 0.000619649828877, 0.00257799914107], [-0.000406175298849, 0.0020124532748, -0.0020262717735, -1.9632952899e-05, -0.000741679396015, 0.00304776499979, 0.00160647218581, -0.00367867108434, -0.00386344501749, 0.0175154209137, -0.00682811206207, 0.00052699825028, -0.000301991356537], [0.000618271238636, -0.00270823645405, 0.00255088624544, -0.000997603638098, 0.0034744113218, -0.00357725354843, -0.00196730787866, 0.00404021609575, -0.00273250113241, -0.00682811206207, 0.0223859939724, -0.0103255752474, 0.00199461216107], [-0.000652426446322, 0.00271521438845, -0.00193173647858, 0.00187489145901, -0.00159882172011, 0.00130056054331, 0.00171363831032, -0.00210455455817, 0.000619649828877, 0.00052699825028, -0.0103255752474, 0.0255341716111, -0.0115656629205], [0.000535860308446, -0.00245870114304, 0.00268282275647, -0.00158314511646, 0.000622018473223, -0.00103771628346, 0.00102006806992, -0.000253394508036, 0.00257799914107, -0.000301991356537, 0.00199461216107, -0.0115656629205, 0.0213717184961]]
    },
    "melbands": {
        "dmean": [0.0027243050281, 0.0011362049263, 0.00027615876752, 0.000162233423907, 0.000242294729105, 0.000209778489079, 0.000154029228725, 0.000131690248963, 0.000136767266667, 9.91598572e-05, 9.18626537896e-05, 0.000143014054629, 0.000106783423689, 6.31451621302e-05, 6.80499651935e-05, 4.74083244626e-05, 3.9099904825e-05, 4.28945022577e-05, 4.74289699923e-05, 4.13556263084e-05, 3.22281921399e-05, 2.48442247539e-05, 1.95839820663e-05, 1.99367586902e-05, 1.52195971168e-05, 1.28156289065e-05, 1.21557177408e-05, 9.10530980036e-06, 8.55179496284e-06, 9.3886446848e-06, 6.72244050293e-06, 5.95307665208e-06, 5.27640258952e-06, 4.25578718932e-06, 4.46422700406e-06, 4.02148998546e-06, 3.07206732941e-06, 2.70048872153e-06, 2.42430928665e-06, 2.34303797697e-06],
        "dmean2": [0.00426965672523, 0.0016830629902, 0.000493924017064, 0.000283576635411, 0.000437200971646, 0.000377019227017, 0.00026671012165, 0.000225025854888, 0.000230367164477, 0.000164154203958, 0.000152507898747, 0.000231942933169, 0.00017748263781, 0.000105919018097, 0.000114854185085, 8.02116410341e-05, 6.6621149017e-05, 7.16197682777e-05, 7.8399956692e-05, 7.00517703081e-05, 5.37422383786e-05, 4.07121551689e-05, 3.28668102156e-05, 3.36701341439e-05, 2.57023984886e-05, 2.09798672586e-05, 2.00872709684e-05, 1.50747428052e-05, 1.39366375151e-05, 1.49538655023e-05, 1.08203166747e-05, 9.69981010712e-06, 8.67298967933e-06, 6.83867438056e-06, 7.05824641045e-06, 6.36689628664e-06, 4.70159284305e-06, 4.0225390876e-06, 3.76707203031e-06, 3.7893651097e-06],
        "dvar": [1.56113183039e-05, 5.43612350157e-06, 7.78909168275e-07, 4.61004816543e-07, 7.6405353866e-07, 5.64139384096e-07, 1.01869375158e-07, 7.40779029229e-08, 5.07589099641e-08, 3.10575032358e-08, 2.4236907592e-08, 5.21834593314e-08, 3.98940542823e-08, 9.61667723232e-09, 1.19612542093e-08, 5.29073984623e-09, 3.328165743e-09, 4.09686240488e-09, 5.21814724763e-09, 5.05753972035e-09, 2.45013764832e-09, 1.37105626852e-09, 1.04714914517e-09, 9.38646493864e-10, 4.89646601043e-10, 3.75384112683e-10, 3.92368942892e-10, 1.81640646968e-10, 1.87136653396e-10, 3.18413906353e-10, 1.2877506006e-10, 8.84658596378e-11, 7.55181889245e-11, 5.26685570157e-11, 6.34422514523e-11, 4.56731458209e-11, 2.18119827755e-11, 2.37402840442e-11, 2.0896865835e-11, 2.26021562577e-11],
        "dvar2": [3.60858794011e-05, 1.20589729704e-05, 2.22448829845e-06, 1.2962798337e-06, 2.17755223275e-06, 1.55581483341e-06, 2.78460362324e-07, 1.9501844406e-07, 1.3641529506e-07, 7.96377364054e-08, 6.0606396346e-08, 1.31805180104e-07, 1.06051075477e-07, 2.55802454774e-08, 3.20613260385e-08, 1.42287523985e-08, 9.13169095895e-09, 1.0489826785e-08, 1.40832838724e-08, 1.39903360008e-08, 6.43170228187e-09, 3.61492169532e-09, 2.75703393449e-09, 2.52115306409e-09, 1.31008104365e-09, 9.31990262742e-10, 9.98870319791e-10, 4.6541284715e-10, 4.88088125472e-10, 7.32787996949e-10, 3.18234855134e-10, 2.2221420537e-10, 1.90335011641e-10, 1.31090679978e-10, 1.49939047289e-10, 1.02633360144e-10, 4.70855507362e-11, 4.42016215296e-11, 4.70510679029e-11, 5.67498652237e-11],
        "max": [0.0486556515098, 0.0247079189867, 0.0098697245121, 0.0176625493914, 0.0103542171419, 0.00909091904759, 0.00512516172603, 0.00463803717867, 0.00293280603364, 0.00263548572548, 0.00241721328348, 0.0040071150288, 0.00457656476647, 0.00173559761606, 0.00214237649925, 0.00126130413264, 0.000813254737295, 0.00133910297882, 0.00168594694696, 0.00143602013122, 0.00100923958234, 0.000635959091596, 0.000777530542109, 0.000637072138488, 0.000576165388338, 0.000288716953946, 0.000267836818239, 0.000236827036133, 0.000234048187849, 0.000242322756094, 0.000160423209309, 0.000108783591713, 9.37826844165e-05, 8.90296141733e-05, 9.56550138653e-05, 9.98893083306e-05, 6.7296983616e-05, 9.80610420811e-05, 8.283531497e-05, 6.34541720501e-05],
        "mean": [0.00674288440496, 0.00190919043962, 0.000291444594041, 0.000162472788361, 0.000215988868149, 0.000187209050637, 0.000182020681677, 0.000164508004673, 0.000183957832633, 0.000136009970447, 0.000122265904793, 0.000219072506297, 0.000170295970747, 9.7033676866e-05, 0.000106797073386, 7.44427525206e-05, 6.19737838861e-05, 6.8311310315e-05, 8.64992543939e-05, 6.90165470587e-05, 5.45282528037e-05, 4.42181917606e-05, 3.23363456118e-05, 3.40025362675e-05, 2.67586401606e-05, 2.2036187147e-05, 2.03377112484e-05, 1.66078771144e-05, 1.53179025801e-05, 1.45822423292e-05, 1.11192002805e-05, 1.00827692222e-05, 8.99843689695e-06, 7.96476888354e-06, 7.77656350692e-06, 7.36434958526e-06, 6.05195009484e-06, 5.18020897289e-06, 4.43844692199e-06, 3.98039810534e-06],
        "median": [0.00538518372923, 0.000956537900493, 0.000136571019539, 5.00563910464e-05, 5.30290417373e-05, 5.10780810146e-05, 7.10338354111e-05, 7.6747382991e-05, 9.47389344219e-05, 7.33797787689e-05, 6.18730118731e-05, 0.00011486497533, 9.2078531452e-05, 5.48423813598e-05, 5.66435192013e-05, 4.38530259999e-05, 3.99527707486e-05, 4.39451032435e-05, 5.48870775674e-05, 3.76938442059e-05, 3.17405938404e-05, 2.76478094747e-05, 2.14321371459e-05, 2.21657646762e-05, 1.97092304006e-05, 1.57660033437e-05, 1.37846764119e-05, 1.11179651867e-05, 9.5471386885e-06, 8.67374728841e-06, 6.98483245287e-06, 6.46567195872e-06, 5.89135015616e-06, 5.03998398926e-06, 4.75944671052e-06, 4.4520420488e-06, 3.7097738641e-06, 2.92642312161e-06, 2.27325745072e-06, 2.21382242671e-06],
        "min": [3.00802721137e-24, 2.90293476715e-24, 1.33708176346e-24, 8.37710801232e-24, 1.71823355711e-23, 8.21243566494e-24, 6.685798909e-24, 6.51690536691e-24, 2.85748395445e-24, 5.15930612017e-24, 6.83880479246e-24, 8.86700088966e-24, 1.41069991974e-23, 6.13121036554e-24, 3.06183186384e-24, 5.43573836415e-24, 6.36163663595e-24, 8.20922184561e-24, 7.85814955494e-24, 1.22929117828e-23, 5.91803253882e-24, 4.80723552602e-24, 9.70528314173e-24, 8.94508786408e-24, 6.11475236047e-24, 1.16006058746e-23, 1.09449875206e-23, 8.98861563111e-24, 8.11304944608e-24, 1.22891110509e-23, 1.36234605947e-23, 1.09915524021e-23, 1.09943236705e-23, 1.03609093844e-23, 1.29979901378e-23, 1.22029926836e-23, 8.53871405737e-24, 8.36279649778e-24, 9.04713491078e-24, 1.14017056414e-23],
        "var": [3.76078169211e-05, 8.46765215101e-06, 5.11887776611e-07, 3.11620851789e-07, 4.59894522464e-07, 3.63311215779e-07, 1.1484608109e-07, 8.18730327978e-08, 6.70136515168e-08, 3.92290502305e-08, 3.17634558655e-08, 9.13203521691e-08, 6.81890028886e-08, 1.63973545853e-08, 2.65455106785e-08, 8.87626150359e-09, 5.42366107581e-09, 6.76770950392e-09, 1.10264810615e-08, 9.0165608313e-09, 5.01462071867e-09, 2.85561529978e-09, 1.61744284632e-09, 1.67915759075e-09, 8.01143096307e-10, 5.75155256755e-10, 5.59747026507e-10, 3.38710337555e-10, 3.88411136587e-10, 4.20178836169e-10, 1.97969751703e-10, 1.46514730903e-10, 1.21284551846e-10, 9.66718025075e-11, 1.08410502797e-10, 9.69233235337e-11, 6.03391225873e-11, 6.42582098642e-11, 4.69176919538e-11, 3.54230221544e-11]
    },
    "mfcc": {
        "mean": [-614.960754395, 90.3905487061, -10.452038765, 14.2364053726, 7.34598350525, 12.4997014999, 8.69791221619, 14.0270080566, 10.6818714142, 11.3891382217, 5.81715393066, 7.03881168365, 7.22691631317],
        "cov": [[13510.8486328, -2495.70898438, -392.697143555, -318.16897583, -324.370697021, 164.680023193, 267.639892578, 381.979705811, 235.424560547, 243.849914551, 194.114868164, 222.469955444, 165.897872925], [-2495.70898438, 2598.70654297, -191.276382446, 278.488830566, 58.867099762, -27.1782741547, -87.2293777466, -81.1975479126, -100.13407135, -86.1269760132, -43.9057846069, 0.310886025429, 23.7023124695], [-392.697143555, -191.276382446, 818.750488281, 15.3643569946, 129.34854126, 12.5172109604, 40.3648414612, -8.50423240662, 30.9956912994, -0.6058421731, 25.8358097076, 2.9317009449, -28.191242218], [-318.16897583, 278.488830566, 15.3643569946, 297.621063232, 73.3383865356, 64.9792098999, 37.5560340881, 20.0574398041, 34.7290420532, 23.1380691528, 14.1843690872, 13.522816658, 3.89804291725], [-324.370697021, 58.867099762, 129.34854126, 73.3383865356, 186.817718506, 60.0019340515, 45.5606956482, 40.0633239746, 46.0008125305, 25.0489387512, 5.03788900375, -9.33381652832, 0.892642259598], [164.680023193, -27.1782741547, 12.5172109604, 64.9792098999, 60.0019340515, 145.456817627, 96.5868988037, 65.8721237183, 41.1588973999, 31.0120487213, 13.43014431, 6.03989601135, 7.40972185135], [267.639892578, -87.2293777466, 40.3648414612, 37.5560340881, 45.5606956482, 96.5868988037, 170.254379272, 100.919036865, 69.1344985962, 44.5987548828, 32.6224327087, 15.8738527298, 9.8138885498], [381.979705811, -81.1975479126, -8.50423240662, 20.0574398041, 40.0633239746, 65.8721237183, 100.919036865, 162.443832397, 96.8673553467, 59.0872077942, 42.6480827332, 27.8179531097, 30.3769512177], [235.424560547, -100.13407135, 30.9956912994, 34.7290420532, 46.0008125305, 41.1588973999, 69.1344985962, 96.8673553467, 130.707214355, 77.8857498169, 44.3630142212, 21.1102180481, 16.564956665], [243.849914551, -86.1269760132, -0.6058421731, 23.1380691528, 25.0489387512, 31.0120487213, 44.5987548828, 59.0872077942, 77.8857498169, 106.868690491, 58.0568466187, 22.6021270752, 17.868396759], [194.114868164, -43.9057846069, 25.8358097076, 14.1843690872, 5.03788900375, 13.43014431, 32.6224327087, 42.6480827332, 44.3630142212, 58.0568466187, 96.0751800537, 51.7004547119, 25.9739894867], [222.469955444, 0.310886025429, 2.9317009449, 13.522816658, -9.33381652832, 6.03989601135, 15.8738527298, 27.8179531097, 21.1102180481, 22.6021270752, 51.7004547119, 78.2384490967, 38.7671394348], [165.897872925, 23.7023124695, -28.191242218, 3.89804291725, 0.892642259598, 7.40972185135, 9.8138885498, 30.3769512177, 16.564956665, 17.868396759, 25.9739894867, 38.7671394348, 68.7339248657]],
