{
"lowlevel": {
    "average_loudness": 0.860803842545,
    "barkbands_crest": {
        "dmean": 2.79199671745,
        "dmean2": 4.32563495636,
        "dvar": 7.51545381546,
        "dvar2": 17.079788208,
        "max": 26.0036716461,
        "mean": 12.0034265518,
        "median": 11.8720550537,
        "min": 1.84023833275,
        "var": 30.4678764343
    },
    "barkbands_flatness_db": {
        "dmean": 0.0251793544739,
        "dmean2": 0.0365586169064,
        "dvar": 0.000892703421414,
        "dvar2": 0.00167973747011,
        "max": 0.861763298512,
        "mean": 0.124406099319,
        "median": 0.107388198376,
        "min": 0.0120596261695,
        "var": 0.00532470177859
    },
    "barkbands_kurtosis": {
        "dmean": 5.6458363533,
        "dmean2": 8.6159362793,
        "dvar": 605.140075684,
        "dvar2": 1393.48376465,
        "max": 571.09777832,
        "mean": 6.52061223984,
        "median": 1.02707648277,
        "min": -1.8618543148,
        "var": 688.281188965
    },
    "barkbands_skewness": {
        "dmean": 0.708884894848,
        "dmean2": 1.05813229084,
        "dvar": 1.00307965279,
        "dvar2": 2.20020055771,
        "max": 20.7831821442,
        "mean": 1.77666020393,
        "median": 1.41963768005,
        "min": -2.84677743912,
        "var": 3.33412122726
    },
    "barkbands_spread": {
        "dmean": 8.63886928558,
        "dmean2": 13.4239997864,
        "dvar": 81.5781784058,
        "dvar2": 185.354568481,
        "max": 97.0045928955,
        "mean": 33.6575469971,
        "median": 34.0444641113,
        "min": 0.140268996358,
        "var": 300.448394775
    },
    "dissonance": {
        "dmean": 0.0102241691202,
        "dmean2": 0.0174645371735,
        "dvar": 0.000109240725578,
        "dvar2": 0.000296240788884,
        "max": 0.5,
        "mean": 0.484815478325,
        "median": 0.488223493099,
        "min": 0.319007009268,
        "var": 0.000186110453797
    },
    "dynamic_complexity": 3.16042923927,
    "erbbands_crest": {
        "dmean": 1.92693769932,
        "dmean2": 3.15053391457,
        "dvar": 4.74489164352,
        "dvar2": 11.3814229965,
        "max": 28.2932262421,
        "mean": 6.11783742905,
        "median": 5.16288137436,
        "min": 2.0330555439,
        "var": 10.9858388901
    },
    "erbbands_flatness_db": {
        "dmean": 0.0147793283686,
        "dmean2": 0.022417774424,
        "dvar": 0.00030572412652,
        "dvar2": 0.0006809491897,
        "max": 0.539675593376,
        "mean": 0.130620211363,
        "median": 0.112082019448,
        "min": 0.0404969267547,
        "var": 0.00431355135515
    },
    "erbbands_kurtosis": {
        "dmean": 1.12261927128,
        "dmean2": 1.93968164921,
        "dvar": 56.385345459,
        "dvar2": 164.968734741,
        "max": 243.479064941,
        "mean": 0.174365788698,
        "median": -0.457957983017,
        "min": -1.93276369572,
        "var": 33.6076087952
    },
    "erbbands_skewness": {
        "dmean": 0.372992694378,
        "dmean2": 0.587623596191,
        "dvar": 0.334517478943,
        "dvar2": 0.795166790485,
        "max": 13.5591106415,
        "mean": -0.197926521301,
        "median": -0.243976414204,
        "min": -3.46272087097,
        "var": 0.560801923275
    },
    "erbbands_spread": {
        "dmean": 10.3665218353,
        "dmean2": 15.9010047913,
        "dvar": 187.31690979,
        "dvar2": 419.470550537,
        "max": 205.982192993,
        "mean": 47.9765701294,
        "median": 46.1578788757,
        "min": 1.05671274662,
        "var": 497.833740234
    },
    "hfc": {
        "dmean": 10.8923768997,
        "dmean2": 16.7410850525,
        "dvar": 207.302886963,
        "dvar2": 469.828491211,
        "max": 169.596893311,
        "mean": 35.6611213684,
        "median": 30.4309082031,
        "min": 1.19429130934e-16,
        "var": 675.050109863
    },
    "melbands_crest": {
        "dmean": 4.14495754242,
        "dmean2": 6.54764556885,
        "dvar": 19.7429084778,
        "dvar2": 47.1789627075,
        "max": 38.8877754211,
        "mean": 21.3410282135,
        "median": 21.2470855713,
        "min": 1.00897049904,
        "var": 93.0950012207
    },
    "melbands_flatness_db": {
        "dmean": 0.0323979817331,
        "dmean2": 0.0465136356652,
        "dvar": 0.00132780068088,
        "dvar2": 0.00245058280416,
        "max": 1,
        "mean": 0.18518640101,
        "median": 0.174424037337,
        "min": 8.71499537425e-07,
        "var": 0.00774993794039
    },
    "melbands_kurtosis": {
        "dmean": 20.2744789124,
        "dmean2": 31.2889251709,
        "dvar": 5007.24902344,
        "dvar2": 11885.3320312,
        "max": 1495.8170166,
        "mean": 32.2727775574,
        "median": 10.6250123978,
        "min": -1.63652956486,
        "var": 7962.14990234
    },
    "melbands_skewness": {
        "dmean": 1.20014822483,
        "dmean2": 1.80906105042,
        "dvar": 3.73581194878,
        "dvar2": 8.42789077759,
        "max": 33.3358192444,
        "mean": 3.85248637199,
        "median": 3.07778501511,
        "min": -1.75899779797,
        "var": 11.4382209778
    },
    "melbands_spread": {
        "dmean": 10.1532268524,
        "dmean2": 15.7705745697,
        "dvar": 141.536773682,
        "dvar2": 322.728485107,
        "max": 226.424316406,
        "mean": 29.7510070801,
        "median": 25.5618934631,
        "min": 0.246275767684,
        "var": 441.598297119
    },
    "pitch_salience": {
        "dmean": 0.0920936316252,
        "dmean2": 0.145134747028,
        "dvar": 0.0100684976205,
        "dvar2": 0.0236420277506,
        "max": 0.997234642506,
        "mean": 0.469923734665,
        "median": 0.487574547529,
        "min": 0.0493579022586,
        "var": 0.0382584258914
    },
    "silence_rate_20dB": {
        "dmean": 0,
        "dmean2": 0,
        "dvar": 0,
        "dvar2": 0,
        "max": 1,
        "mean": 1,
        "median": 1,
        "min": 1,
        "var": 0
    },
    "silence_rate_30dB": {
        "dmean": 0.00608802959323,
        "dmean2": 0.0121770612895,
        "dvar": 0.00605191895738,
        "dvar2": 0.0159773901105,
        "max": 1,
        "mean": 0.993418872356,
        "median": 1,
        "min": 0,
        "var": 0.00653796689585
    },
    "silence_rate_60dB": {
        "dmean": 0.00180995475966,
        "dmean2": 0.00362020730972,
        "dvar": 0.00180702644866,
        "dvar2": 0.00377070531249,
        "max": 1,
        "mean": 0.0437643975019,
        "median": 0,
        "min": 0,
        "var": 0.0418532602489
    },
    "spectral_centroid": {
        "dmean": 367.46395874,
        "dmean2": 561.89831543,
        "dvar": 145641.1875,
        "dvar2": 293854.875,
        "max": 11248.3857422,
        "mean": 2180.17700195,
        "median": 2264.55908203,
        "min": 93.4100418091,
        "var": 456708.28125
    },
    "spectral_complexity": {
        "dmean": 5.74858093262,
        "dmean2": 8.52657604218,
        "dvar": 35.0685157776,
        "dvar2": 65.4858703613,
        "max": 64,
        "mean": 29.2677688599,
        "median": 29.5,
        "min": 0,
        "var": 229.156478882
    },
    "spectral_decrease": {
        "dmean": 2.63313815196e-09,
        "dmean2": 3.99549016095e-09,
        "dvar": 9.89601992603e-18,
        "dvar2": 2.11824510524e-17,
        "max": 5.2325386029e-29,
        "mean": -1.03009529795e-08,
        "median": -9.23624376981e-09,
        "min": -3.62246943553e-08,
        "var": 4.14800173728e-17
    },
    "spectral_energy": {
        "dmean": 0.010267724283,
        "dmean2": 0.0155641641468,
        "dvar": 0.000145090773003,
        "dvar2": 0.000309460796416,
        "max": 0.13871306181,
        "mean": 0.0421127378941,
        "median": 0.0386654250324,
        "min": 1.06350708291e-20,
        "var": 0.000629378773738
    },
    "spectral_energyband_high": {
        "dmean": 0.00108760932926,
        "dmean2": 0.00167388108093,
        "dvar": 2.24578116104e-06,
        "dvar2": 5.17438411407e-06,
        "max": 0.0175598226488,
        "mean": 0.00279920990579,
        "median": 0.00216828915291,
        "min": 7.70436507208e-21,
        "var": 6.64814388074e-06
    },
    "spectral_energyband_low": {
        "dmean": 0.00885223783553,
        "dmean2": 0.0135653028265,
        "dvar": 0.000161523275892,
        "dvar2": 0.000372736598365,
        "max": 0.127432152629,
        "mean": 0.0260801501572,
        "median": 0.0192285869271,
        "min": 3.37330459926e-23,
        "var": 0.000573368975893
    },
    "spectral_energyband_middle_high": {
        "dmean": 0.00201647635549,
        "dmean2": 0.00317434966564,
        "dvar": 6.99196743881e-06,
        "dvar2": 1.66963927768e-05,
        "max": 0.0474607311189,
        "mean": 0.00591654796153,
        "median": 0.00490686157718,
        "min": 1.50304361758e-21,
        "var": 2.23088354687e-05
    },
    "spectral_energyband_middle_low": {
        "dmean": 0.00493196118623,
        "dmean2": 0.00821950286627,
        "dvar": 6.78568103467e-05,
        "dvar2": 0.000177256049938,
        "max": 0.114618852735,
        "mean": 0.00804888270795,
        "median": 0.00532095693052,
        "min": 3.2632714403e-22,
        "var": 8.78420978552e-05
    },
    "spectral_entropy": {
        "dmean": 0.130749344826,
        "dmean2": 0.199763938785,
        "dvar": 0.0497777536511,
        "dvar2": 0.102910332382,
        "max": 9.79357910156,
        "mean": 8.04114341736,
        "median": 8.150431633,
        "min": 3.37256622314,
        "var": 0.200764209032
    },
    "spectral_flux": {
        "dmean": 0.0291271116585,
        "dmean2": 0.0460423417389,
        "dvar": 0.00136754428968,
        "dvar2": 0.00321314623579,
        "max": 0.332563132048,
        "mean": 0.105237975717,
        "median": 0.0964928343892,
        "min": 1.03126479578e-10,
        "var": 0.00326953898184
    },
    "spectral_kurtosis": {
        "dmean": 1.64146244526,
        "dmean2": 2.80115270615,
        "dvar": 104.464859009,
        "dvar2": 263.326385498,
        "max": 803.635375977,
        "mean": 3.96557450294,
        "median": 2.15967392921,
        "min": -1.19171535969,
        "var": 284.817108154
    },
    "spectral_rms": {
        "dmean": 0.000778553658165,
        "dmean2": 0.00116827525198,
        "dvar": 7.37961158848e-07,
        "dvar2": 1.51648339397e-06,
        "max": 0.011633134447,
        "mean": 0.00602263351902,
        "median": 0.00614185351878,
        "min": 3.22113017683e-12,
        "var": 4.8133601922e-06
    },
    "spectral_rolloff": {
        "dmean": 822.051635742,
        "dmean2": 1330.66162109,
        "dvar": 1195929,
        "dvar2": 2736378.75,
        "max": 19164.5507812,
        "mean": 1975.48388672,
        "median": 1658.05664062,
        "min": 43.06640625,
        "var": 3204224.5
    },
    "spectral_skewness": {
        "dmean": 0.202353537083,
        "dmean2": 0.329825818539,
        "dvar": 0.124166689813,
        "dvar2": 0.319072127342,
        "max": 25.0791130066,
        "mean": 1.22753477097,
        "median": 1.14051437378,
        "min": -0.0840357840061,
        "var": 0.566072225571
    },
    "spectral_spread": {
        "dmean": 591946.375,
        "dmean2": 877285.4375,
        "dvar": 571829583872,
        "dvar2": 1.04417132544e+12,
        "max": 39262168,
        "mean": 5315419.5,
        "median": 5428312.5,
        "min": 89909.5078125,
        "var": 3.58290685952e+12
    },
    "spectral_strongpeak": {
        "dmean": 0.221884354949,
        "dmean2": 0.377996504307,
        "dvar": 0.154437094927,
        "dvar2": 0.427013516426,
        "max": 7.22305727005,
        "mean": 0.438298165798,
        "median": 0.304188251495,
        "min": 0,
        "var": 0.196608841419
    },
    "zerocrossingrate": {
        "dmean": 0.0137395234779,
        "dmean2": 0.0159425400198,
        "dvar": 0.000208263110835,
        "dvar2": 0.000257743115071,
        "max": 0.59326171875,
        "mean": 0.0773214027286,
        "median": 0.07421875,
        "min": 0.001953125,
        "var": 0.00180680130143
    },
    "barkbands": {
        "dmean": [0.00148110277951, 0.0064091226086, 0.00371695822105, 0.00143472722266, 0.00218694005162, 0.00117238028906, 0.000848683994263, 0.000672866532113, 0.000598024460487, 0.000406110804761, 0.000461788469693, 0.000392548245145, 0.000379402306862, 0.000309045019094, 0.000326052046148, 0.000353292678483, 0.000294872792438, 0.000306901463773, 0.000281511544017, 0.000297394668451, 0.000285082467599, 0.000269830023171, 0.000214858475374, 0.000210390600841, 0.000160118972417, 7.99482295406e-05, 1.79010912689e-05],
        "dmean2": [0.00200619036332, 0.00903476029634, 0.00627575209364, 0.00244680047035, 0.00377612095326, 0.00205910066143, 0.00142085598782, 0.00115549447946, 0.00101570843253, 0.000685076171067, 0.000786848249845, 0.000659287208691, 0.000628669920843, 0.000518802611623, 0.000542316178326, 0.000579309766181, 0.000484973337734, 0.000504503783304, 0.000458868715214, 0.00048692864948, 0.000464024022222, 0.000430245738244, 0.000341399369063, 0.000333858741214, 0.000252840953181, 0.000124493235489, 2.83633562503e-05],
        "dvar": [5.80997448196e-06, 8.80022707861e-05, 9.88206375041e-05, 1.36427042889e-05, 2.2756126782e-05, 6.15402586845e-06, 2.44080524681e-06, 1.22118672152e-06, 8.85225006186e-07, 5.8413138504e-07, 5.57358077913e-07, 6.83539440161e-07, 3.83617447142e-07, 2.31139651419e-07, 2.30371284715e-07, 2.55412260231e-07, 1.76592322987e-07, 1.87841678212e-07, 1.28760362372e-07, 1.75306837491e-07, 1.759745345e-07, 1.39740990335e-07, 9.53944905291e-08, 1.00454059293e-07, 5.98195910584e-08, 1.82008346172e-08, 1.32031308109e-09],
        "dvar2": [1.02792955659e-05, 0.000179936629138, 0.000246968644205, 3.46155320585e-05, 6.16751567577e-05, 1.70104376593e-05, 6.53293864161e-06, 3.24774168803e-06, 2.33290711549e-06, 1.52212930971e-06, 1.51809945237e-06, 1.7260124423e-06, 9.84851226349e-07, 6.14759017026e-07, 6.10124459399e-07, 6.47442959689e-07, 4.67847115715e-07, 4.78876472698e-07, 3.27338341322e-07, 4.53392715372e-07, 4.54308690223e-07, 3.45882966712e-07, 2.33440729858e-07, 2.3561068474e-07, 1.44559891169e-07, 4.23936477034e-08, 3.03357272635e-09],
        "max": [0.0353823490441, 0.113652564585, 0.108099319041, 0.0687668547034, 0.0729738026857, 0.035962484777, 0.0304343961179, 0.0207795593888, 0.0202210526913, 0.0207594782114, 0.0123612815514, 0.0309418458492, 0.0127968257293, 0.00889031868428, 0.00862952042371, 0.00803312286735, 0.00709143513814, 0.00805876497179, 0.00541352946311, 0.00564104923978, 0.00597928604111, 0.00576356053352, 0.00383605016395, 0.00455276761204, 0.00311093125492, 0.00223366706632, 0.000447898579296],
        "mean": [0.0037161919754, 0.0181535575539, 0.00359870609827, 0.00157099880744, 0.00226044096053, 0.0011845077388, 0.00114041892812, 0.000859786872752, 0.000827353273053, 0.000578603940085, 0.000660289777443, 0.000536875391845, 0.000627751054708, 0.000462952593807, 0.000552054902073, 0.000593884615228, 0.000536361068953, 0.00059407344088, 0.000574473990127, 0.00058214267483, 0.00059290684294, 0.000594264769461, 0.000431301887147, 0.000403904909035, 0.000303912500385, 0.000149036975927, 2.59652115346e-05],
        "median": [0.00138554268051, 0.0116931963712, 0.000503108138219, 0.000341745791957, 0.000744592573028, 0.000419855146902, 0.000471460574772, 0.000367386266589, 0.000454544613604, 0.000288072158583, 0.000368637760403, 0.000276296224911, 0.00033721444197, 0.000273170531727, 0.000358297780622, 0.000375089875888, 0.000378996017389, 0.000405943079386, 0.000409980595578, 0.000432689208537, 0.000437127891928, 0.000470116792712, 0.000281583575998, 0.000229624623898, 0.000161179050338, 4.87098550366e-05, 2.24556788453e-06],
        "min": [1.46613727763e-23, 1.74769656528e-23, 2.18490903527e-24, 1.42229165882e-24, 1.45547187819e-23, 5.20527154629e-23, 3.5852737333e-23, 6.76750075964e-23, 1.48210871329e-22, 5.90997172143e-23, 3.14478169243e-23, 5.93145019507e-23, 6.26705876096e-23, 1.20541139627e-22, 9.80099342655e-23, 1.37438855761e-22, 1.09641480054e-22, 3.47632017782e-22, 3.16137004888e-22, 2.81327766449e-22, 5.38428390187e-22, 6.18509207394e-22, 6.69693734099e-22, 7.23094089045e-22, 1.15403761868e-21, 1.69368199062e-21, 2.48662891765e-21],
        "var": [2.38025877479e-05, 0.000341797393048, 0.000108315121906, 1.96688597498e-05, 2.00305312319e-05, 5.26389885636e-06, 3.49017318513e-06, 1.74231593064e-06, 1.36068422307e-06, 1.05168669506e-06, 7.65604568187e-07, 8.54948609685e-07, 8.03274133432e-07, 3.36021997782e-07, 3.8315653228e-07, 4.60544526959e-07, 3.12236267064e-07, 4.0614571617e-07, 3.28730436649e-07, 3.44333159319e-07, 3.52840771711e-07, 3.26564048692e-07, 2.25817160526e-07, 2.34157710111e-07, 1.43822987297e-07, 4.52769235437e-08, 2.43843722991e-09]
    },
    "erbbands": {
        "dmean": [0.335513174534, 1.18673145771, 4.02992486954, 4.08787441254, 5.62081575394, 8.14063072205, 9.20863819122, 9.65788459778, 10.3986768723, 15.5742235184, 12.5920810699, 13.9152641296, 13.3305225372, 13.7940673828, 16.7658882141, 14.9669981003, 16.46875, 15.3100252151, 15.3362493515, 18.2285900116, 17.3785171509, 15.8315658569, 16.3827724457, 14.618970871, 14.3179798126, 13.8144140244, 11.7396001816, 11.4729537964, 9.9764547348, 7.6952252388, 6.08494186401, 4.85685586929, 3.3642706871, 2.0609152317, 1.05001997948, 0.397116273642, 0.149593219161, 0.0341851711273, 0.00271125999279, 5.06387150381e-05],
        "dmean2": [0.478744328022, 1.70690381527, 6.69745159149, 6.73856925964, 9.62434959412, 14.2854938507, 16.1350021362, 16.9493312836, 17.9014568329, 25.7650051117, 21.9333534241, 23.6912670135, 22.6057624817, 23.1805610657, 28.0807113647, 25.1812992096, 27.2752685547, 25.526468277, 25.3398475647, 30.2779846191, 28.4295635223, 25.9011955261, 26.9874382019, 23.9146785736, 23.2477626801, 22.7464599609, 19.1359004974, 18.7282390594, 15.9745454788, 12.3596410751, 9.6198682785, 7.69557905197, 5.4001083374, 3.2970893383, 1.65440201759, 0.620272696018, 0.236298978329, 0.0523962676525, 0.0043165567331, 7.75286825956e-05],
        "dvar": [0.276828736067, 4.23239040375, 115.429916382, 90.123550415, 183.153701782, 339.115875244, 412.933868408, 422.284576416, 500.802459717, 702.591308594, 419.178497314, 538.710998535, 636.555419922, 484.114532471, 824.486938477, 787.843261719, 745.717895508, 513.780639648, 616.396606445, 673.990661621, 648.763916016, 520.121887207, 603.393432617, 356.432983398, 388.306732178, 390.667694092, 298.410888672, 293.02243042, 198.233810425, 110.27734375, 82.9127349854, 56.0395240784, 26.0287322998, 10.2069034576, 2.61077976227, 0.397024571896, 0.104543082416, 0.00376807502471, 3.28876740241e-05, 7.27292892577e-09],
        "dvar2": [0.527095317841, 8.86057472229, 282.185668945, 227.857467651, 469.292449951, 941.216308594, 1128.45861816, 1186.58007812, 1381.24865723, 1776.16516113, 1152.75341797, 1419.14453125, 1718.4395752, 1293.45288086, 2137.72192383, 2065.98046875, 1876.79003906, 1347.12316895, 1621.20788574, 1784.26062012, 1666.10546875, 1372.67175293, 1577.2512207, 911.587219238, 986.170410156, 1015.17468262, 769.946960449, 763.353820801, 497.864440918, 274.126068115, 201.172637939, 132.251419067, 64.8465881348, 25.107049942, 6.37758731842, 0.933535397053, 0.25217539072, 0.00839660782367, 7.63057614677e-05, 1.62195465947e-08],
        "max": [6.11294174194, 25.4480705261, 98.3231201172, 145.078292847, 350.634887695, 274.631866455, 289.857574463, 387.484008789, 560.848266602, 334.42489624, 386.206115723, 524.73828125, 706.818664551, 351.80078125, 834.991516113, 593.893615723, 515.313171387, 441.878265381, 482.437835693, 380.448028564, 417.220245361, 438.066925049, 442.439605713, 325.172973633, 322.382537842, 252.270690918, 286.791320801, 240.694107056, 240.827880859, 130.221191406, 125.999435425, 127.465103149, 66.2253417969, 38.8714866638, 22.2965259552, 11.4635124207, 9.58385753632, 0.731833696365, 0.0766562744975, 0.00117558892816],
        "mean": [0.921901643276, 2.47525048256, 4.26489543915, 4.80794000626, 6.07012033463, 7.9606051445, 8.81109237671, 9.95042610168, 12.3750915527, 23.5571212769, 16.3889904022, 18.8586483002, 19.7260322571, 20.8922386169, 25.6971473694, 22.0676460266, 28.1360626221, 25.6869182587, 25.535358429, 32.5494003296, 31.8350925446, 30.9475765228, 32.6171646118, 29.9305229187, 29.1984481812, 27.515253067, 24.6041889191, 23.139465332, 21.4638557434, 16.3643932343, 12.0350551605, 9.27091217041, 6.19708251953, 3.78136944771, 1.95108163357, 0.752857863903, 0.259426236153, 0.0574011653662, 0.00398899288848, 0.000125047372421],
        "median": [0.484941065311, 1.45986831188, 0.794696211815, 1.13851118088, 1.60799574852, 2.48105621338, 2.86201858521, 3.62326717377, 5.03940486908, 9.70061302185, 8.3992061615, 10.207493782, 10.3142881393, 12.2840414047, 15.3286361694, 12.4045963287, 15.6310148239, 16.4113483429, 16.0020484924, 21.9022388458, 21.3326873779, 22.3359718323, 22.591091156, 21.6962127686, 21.0213050842, 20.5808677673, 18.218120575, 17.0458545685, 16.8000030518, 12.3922653198, 7.52993392944, 5.3804564476, 3.40675973892, 1.99120640755, 0.988638043404, 0.316156834364, 0.0686107128859, 0.0100581645966, 0.000414525449742, 7.83302239142e-05],
        "min": [1.35076190844e-21, 7.55309552828e-22, 2.28474454355e-21, 4.70250643429e-21, 1.74562865036e-20, 5.13262952838e-20, 1.1045509448e-19, 4.45826206832e-19, 6.38382014412e-19, 8.27232983426e-19, 2.04888232993e-18, 3.83961234402e-18, 1.37193136509e-18, 1.9091872409e-18, 2.10893171329e-18, 2.05402822052e-18, 3.11444584846e-18, 4.2185408875e-18, 6.262833399e-18, 6.4928661235e-18, 7.98719643781e-18, 6.6861976714e-18, 1.77891990154e-17, 1.53240601693e-17, 2.02548358243e-17, 1.12583508261e-17, 1.93455840057e-17, 1.90565207775e-17, 2.11016636307e-17, 1.95329205621e-17, 1.85938356476e-17, 1.7629007218e-17, 1.12984153191e-17, 1.16623632081e-17, 8.81477823296e-18, 5.75717085951e-18, 3.1098618203e-18, 1.01935328041e-18, 3.38174492071e-19, 4.19386257431e-20],
        "var": [1.05023169518, 10.7167568207, 125.377738953, 136.421188354, 203.847427368, 268.403015137, 322.801361084, 378.620819092, 548.510925293, 1307.7800293, 517.246520996, 785.624206543, 1172.11108398, 730.968078613, 1181.63964844, 1026.4921875, 1600.0255127, 878.682800293, 926.210449219, 1209.86633301, 1200.09313965, 977.864440918, 1258.21655273, 829.893737793, 912.692810059, 753.23248291, 612.328552246, 555.675170898, 435.364379883, 260.705963135, 188.128494263, 123.662902832, 56.3993606567, 22.2056179047, 6.2534942627, 1.05679523945, 0.1844971627, 0.0087394239381, 5.90360177739e-05, 1.7863193591e-08]
    },
    "gfcc": {
        "mean": [19.5693435669, 53.4436912537, -117.574806213, 41.936882019, -51.0431404114, 22.3603954315, -28.3673858643, 16.9559059143, -16.8066596985, 8.30929851532, -12.9632987976, 5.78537654877, -9.67716312408],
        "cov": [[22284.2558594, -991.911621094, 2884.77929688, 1675.36010742, -1551.97302246, 1346.95141602, -3.87919068336, 409.683502197, -327.918304443, 803.734375, -391.607208252, 235.442993164, -139.599594116], [-991.911621094, 2070.2890625, -587.932983398, -23.9415721893, 134.473495483, -449.220825195, -30.8142948151, -291.047393799, 77.5407562256, -280.43862915, 105.9870224, -151.858703613, 92.7717514038], [2884.77929688, -587.932983398, 1820.5769043, 548.142456055, 85.4066925049, 568.44720459, 144.362457275, 296.047088623, 29.5935630798, 298.564575195, -38.8753051758, 129.938613892, -27.9822158813], [1675.36010742, -23.9415721893, 548.142456055, 591.716491699, 0.48725733161, 270.189697266, 97.2208328247, 54.867893219, 27.7697677612, 100.581008911, -10.6342601776, 10.7843227386, 18.9792327881], [-1551.97302246, 134.473495483, 85.4066925049, 0.48725733161, 555.012084961, 87.4511413574, 158.820388794, 78.1028671265, 110.940238953, 5.84159755707, 69.8147506714, 16.2321071625, 3.43990039825], [1346.95141602, -449.220825195, 568.44720459, 270.189697266, 87.4511413574, 465.698059082, 172.904067993, 212.134475708, 35.1561355591, 176.048416138, 5.04586839676, 79.1351852417, 14.8076496124], [-3.87919068336, -30.8142948151, 144.362457275, 97.2208328247, 158.820388794, 172.904067993, 267.479919434, 113.590751648, 78.8946762085, 67.7478027344, 38.2467079163, 32.4960632324, 12.7076387405], [409.683502197, -291.047393799, 296.047088623, 54.867893219, 78.1028671265, 212.134475708, 113.590751648, 254.252441406, 94.3291168213, 134.632049561, 36.1035804749, 69.8522338867, 15.4626750946], [-327.918304443, 77.5407562256, 29.5935630798, 27.7697677612, 110.940238953, 35.1561355591, 78.8946762085, 94.3291168213, 156.821884155, 69.7800674438, 66.6764526367, 22.0039806366, 23.4401111603], [803.734375, -280.43862915, 298.564575195, 100.581008911, 5.84159755707, 176.048416138, 67.7478027344, 134.632049561, 69.7800674438, 196.921264648, 41.4503593445, 69.1506576538, 7.02901124954], [-391.607208252, 105.9870224, -38.8753051758, -10.6342601776, 69.8147506714, 5.04586839676, 38.2467079163, 36.1035804749, 66.6764526367, 41.4503593445, 116.009307861, 44.5728607178, 38.5048370361], [235.442993164, -151.858703613, 129.938613892, 10.7843227386, 16.2321071625, 79.1351852417, 32.4960632324, 69.8522338867, 22.0039806366, 69.1506576538, 44.5728607178, 107.108085632, 37.4277572632], [-139.599594116, 92.7717514038, -27.9822158813, 18.9792327881, 3.43990039825, 14.8076496124, 12.7076387405, 15.4626750946, 23.4401111603, 7.02901124954, 38.5048370361, 37.4277572632, 86.6434631348]],
        "icov": [[0.000128213418066, -0.00017640486476, -2.32501060964e-05, -0.000162068754435, 0.000359933736036, -0.000280139880488, 6.89126609359e-05, -9.05574197532e-05, 0.000224064540816, -0.000422078417614, 0.000401650788262, -0.000386018626159, 0.000424970436143], [-0.00017640486476, 0.00130275147967, -0.000136992763146, -6.80540833855e-05, -0.000587173737586, 0.00115831836592, -0.000473877153127, 0.000763791496865, -0.00100365676917, 0.00157837872393, -0.0016921213828, 0.00182144436985, -0.00184126081876], [-2.32501060964e-05, -0.000136992763146, 0.00126445933711, -0.000751297920942, -0.000343981315382, -0.000534047430847, 0.00045428116573, -0.0007154646446, 0.000520592497196, -0.000837738101836, 0.000816329265945, -0.00103165465407, 0.000858135230374], [-0.000162068754435, -6.80540833855e-05, -0.000751297920942, 0.00353989377618, 6.4175859734e-05, -0.00171531573869, -0.00037953039282, 0.00193778134417, -0.00144540180918, 0.000272251578281, -0.000285484100459, 0.00166289461777, -0.00142837292515], [0.000359933736036, -0.000587173737586, -0.000343981315382, 6.4175859734e-05, 0.00375010282733, -0.00163211149629, -0.000841749075335, 8.15509411041e-05, -0.00118782022037, 0.000544813054148, -5.08187404193e-05, -0.0012090431992, 0.00214443705045], [-0.000280139880488, 0.00115831836592, -0.000534047430847, -0.00171531573869, -0.00163211149629, 0.00862840004265, -0.00264430744573, -0.00319446367212, 0.00279875542037, -0.00135290890466, -0.000550261407625, 0.00139318930451, -0.00294493092224], [6.89126609359e-05, -0.000473877153127, 0.00045428116573, -0.00037953039282, -0.000841749075335, -0.00264430744573, 0.00660639815032, -0.000952840666287, -0.00136888795532, 1.61957632372e-05, 0.000254111975664, -0.000882446242031, 0.00117201369721], [-9.05574197532e-05, 0.000763791496865, -0.0007154646446, 0.00193778134417, 8.15509411041e-05, -0.00319446367212, -0.000952840666287, 0.0111686475575, -0.00590894091874, -0.000488452496938, 8.19613414933e-05, -0.000863055174705, -0.000955396913923], [0.000224064540816, -0.00100365676917, 0.000520592497196, -0.00144540180918, -0.00118782022037, 0.00279875542037, -0.00136888795532, -0.00590894091874, 0.0156216425821, -0.00598116638139, -0.00281324842945, 0.00201858091168, -0.000618188816588], [-0.000422078417614, 0.00157837872393, -0.000837738101836, 0.000272251578281, 0.000544813054148, -0.00135290890466, 1.61957632372e-05, -0.000488452496938, -0.00598116638139, 0.0153804495931, -0.004994567018, -0.00153320748359, 0.000846409006044], [0.000401650788262, -0.0016921213828, 0.000816329265945, -0.000285484100459, -5.08187404193e-05, -0.000550261407625, 0.000254111975664, 8.19613414933e-05, -0.00281324842945, -0.004994567018, 0.0182791743428, -0.00744572421536, -0.000911453098524], [-0.000386018626159, 0.00182144436985, -0.00103165465407, 0.00166289461777, -0.0012090431992, 0.00139318930451, -0.000882446242031, -0.000863055174705, 0.00201858091168, -0.00153320748359, -0.00744572421536, 0.0207416061312, -0.00924895238131], [0.000424970436143, -0.00184126081876, 0.000858135230374, -0.00142837292515, 0.00214443705045, -0.00294493092224, 0.00117201369721, -0.000955396913923, -0.000618188816588, 0.000846409006044, -0.000911453098524, -0.00924895238131, 0.0197034925222]]
    },
    "melbands": {
        "dmean": [0.00225685141049, 0.0017800728092, 0.000737190246582, 0.000478257861687, 0.000338288286002, 0.000218548651901, 0.000160407202202, 0.000167192425579, 0.000101042285678, 8.73709577718e-05, 6.73597533023e-05, 5.57637067686e-05, 6.23589512543e-05, 4.57928872493e-05, 3.84155828215e-05, 3.80375349778e-05, 2.91425058094e-05, 2.62432931777e-05, 2.55131290032e-05, 2.59571952483e-05, 2.1249301426e-05, 1.81504055945e-05, 1.60492327268e-05, 1.58470647875e-05, 1.27728781081e-05, 1.13266960398e-05, 1.11288627522e-05, 9.63642924035e-06, 7.95685809862e-06, 7.55117525841e-06, 7.06506307324e-06, 6.22930065219e-06, 5.46693627257e-06, 4.30907857663e-06, 3.77871128876e-06, 3.37762867275e-06, 3.06912397718e-06, 2.45829210144e-06, 2.23083452511e-06, 1.71543274519e-06],
        "dmean2": [0.00317152636126, 0.00279541732743, 0.00120407063514, 0.000826090574265, 0.000590385345276, 0.000383504870115, 0.000274293444818, 0.000278239691397, 0.000175815512193, 0.00014853112225, 0.000114422597107, 9.38980883802e-05, 0.00010535481124, 7.67358360463e-05, 6.49604480714e-05, 6.27281187917e-05, 4.87423239974e-05, 4.37711023551e-05, 4.23642595706e-05, 4.31850348832e-05, 3.51842099917e-05, 2.98544018733e-05, 2.64220343524e-05, 2.62379089691e-05, 2.1139610908e-05, 1.84659711522e-05, 1.83935171663e-05, 1.59405008162e-05, 1.30614271256e-05, 1.24958860397e-05, 1.16344608614e-05, 1.00913148344e-05, 8.87712485564e-06, 7.0353466981e-06, 6.07506990491e-06, 5.41243525731e-06, 4.92145181852e-06, 3.98751626562e-06, 3.61256638826e-06, 2.76094738183e-06],
        "dvar": [1.08555013867e-05, 1.68848964677e-05, 2.66426013695e-06, 1.18536570426e-06, 5.20490516465e-07, 2.11905188507e-07, 1.06709308056e-07, 7.60016192203e-08, 2.61002455204e-08, 2.08443289296e-08, 1.6761058319e-08, 8.07983457918e-09, 1.00278825244e-08, 1.02443440397e-08, 4.09763245557e-09, 4.28247171058e-09, 1.95027483052e-09, 1.96227500915e-09, 1.36195899003e-09, 1.48455070459e-09, 1.02861563711e-09, 6.85727530314e-10, 5.80032910591e-10, 5.47348666391e-10, 2.83073425811e-10, 2.35214181465e-10, 2.56538928989e-10, 1.92871163485e-10, 1.31228597433e-10, 1.23778903793e-10, 1.09691075667e-10, 8.26363283357e-11, 5.74850271551e-11, 3.54287293947e-11, 3.28426001672e-11, 2.62528835476e-11, 2.41583853616e-11, 1.42147994764e-11, 1.201064595e-11, 7.3780426213e-12],
        "dvar2": [2.12030536204e-05, 3.91355315514e-05, 6.69022210786e-06, 3.20209483107e-06, 1.42193323427e-06, 5.93356219269e-07, 2.92264502377e-07, 1.92803270238e-07, 7.16839068104e-08, 5.49704353148e-08, 4.53620998542e-08, 2.14125090992e-08, 2.6904379169e-08, 2.55445637976e-08, 1.0868913769e-08, 1.07953788131e-08, 5.2167123954e-09, 5.19326714965e-09, 3.62323349101e-09, 3.88309429056e-09, 2.67699262757e-09, 1.81648152076e-09, 1.5359284955e-09, 1.4180995267e-09, 7.38727690131e-10, 6.06938443948e-10, 6.72364275367e-10, 5.10014697142e-10, 3.44683476206e-10, 3.2415614637e-10, 2.90711094086e-10, 2.11826806096e-10, 1.46071585383e-10, 9.07322827981e-11, 8.27451718255e-11, 6.34696323276e-11, 5.78342373991e-11, 3.60623163276e-11, 3.02250724449e-11, 1.85770149264e-11],
        "max": [0.0398731939495, 0.0375463925302, 0.023000497371, 0.019029352814, 0.0103639094159, 0.00815943535417, 0.00753038562834, 0.00316813564859, 0.00271510332823, 0.00284484634176, 0.0037191726733, 0.00154405564535, 0.00193835643586, 0.00402700761333, 0.00103944935836, 0.00128219800536, 0.000703944824636, 0.000853100791574, 0.000627574743703, 0.000531610043254, 0.000472811778309, 0.000439431954874, 0.000433726178017, 0.000422917219112, 0.000268588395556, 0.000266530551016, 0.00025536416797, 0.000184496529982, 0.000155767571414, 0.000160225681611, 0.000147018814459, 0.000172719446709, 0.000116938077554, 7.53668136895e-05, 7.76057786425e-05, 8.58672501636e-05, 7.79475594754e-05, 5.31648511242e-05, 4.75772612845e-05, 4.53332722827e-05],
        "mean": [0.00642959866673, 0.00253241090104, 0.00089513475541, 0.000501886184793, 0.000329916074406, 0.000225240553846, 0.000198974012164, 0.000248598546023, 0.000128055558889, 0.000118311982078, 9.67894520727e-05, 8.14628510852e-05, 9.18480800465e-05, 6.26779874437e-05, 5.63614594284e-05, 6.34956013528e-05, 4.48817772849e-05, 3.93376903958e-05, 4.30229047197e-05, 4.24827630923e-05, 3.59407167707e-05, 3.20116960211e-05, 2.959507583e-05, 2.87364091491e-05, 2.35657298617e-05, 2.16392891161e-05, 2.02906303457e-05, 1.76290814125e-05, 1.54279732669e-05, 1.41329064718e-05, 1.32101213239e-05, 1.21811708595e-05, 1.11882600322e-05, 8.22550646262e-06, 6.99789416103e-06, 6.20348464508e-06, 5.48956177227e-06, 4.37109110862e-06, 3.8156285882e-06, 2.98408690469e-06],
        "median": [0.0038759582676, 0.000949353503529, 0.000228386634262, 0.000159230097779, 0.000110543100163, 8.15456587588e-05, 8.26141840662e-05, 0.000103894475615, 6.35524920654e-05, 6.35520918877e-05, 4.87979777972e-05, 4.61006129626e-05, 5.25643226865e-05, 3.23003987432e-05, 3.11097537633e-05, 3.28909736709e-05, 2.74898957286e-05, 2.25133098866e-05, 2.78187562799e-05, 2.66764400294e-05, 2.31848571275e-05, 2.20788497245e-05, 1.99901860469e-05, 1.92089064512e-05, 1.64247649082e-05, 1.46022066474e-05, 1.47829923662e-05, 1.24593225337e-05, 1.10923938337e-05, 9.76373758022e-06, 9.34874515224e-06, 8.95857738215e-06, 8.44238275022e-06, 5.65911113881e-06, 4.23684105044e-06, 3.58983470505e-06, 3.02441571876e-06, 2.38195934799e-06, 1.92195193449e-06, 1.53822634275e-06],
        "min": [8.82683682553e-24, 8.93189436266e-25, 8.27274980039e-25, 2.74941927955e-24, 3.75584171154e-24, 1.09610897494e-23, 9.49477087601e-24, 1.07160829629e-23, 1.98524198983e-23, 2.17844301853e-23, 6.3599599121e-24, 8.16812298131e-24, 5.62304865293e-24, 7.43867829061e-24, 4.88993615345e-24, 6.8426418119e-24, 8.03211389492e-24, 1.09569411299e-23, 7.76729250018e-24, 9.22413399867e-24, 9.01598910452e-24, 5.48199913979e-24, 1.3746306748e-23, 1.62084520737e-23, 1.15047253536e-23, 1.40281083737e-23, 1.27516083668e-23, 6.56580646e-24, 7.98967712253e-24, 1.65349900014e-23, 1.05617659926e-23, 1.11414785726e-23, 1.34870823214e-23, 9.95927426511e-24, 9.49705305061e-24, 1.42831486821e-23, 9.00786462606e-24, 8.31793555582e-24, 6.8222497575e-24, 1.12932845986e-23],
        "var": [4.44650540885e-05, 2.32232960116e-05, 3.95688675781e-06, 1.06551624413e-06, 4.12054220078e-07, 1.87943271612e-07, 1.25435420273e-07, 1.39190007076e-07, 3.33486980253e-08, 3.01599314412e-08, 3.02633971216e-08, 1.21276002574e-08, 1.44464200602e-08, 1.279549533e-08, 5.74354475091e-09, 9.46659461931e-09, 2.97043323272e-09, 2.62934762851e-09, 2.33289920715e-09, 2.46284170835e-09, 1.70186853499e-09, 1.18596366061e-09, 1.05224740032e-09, 1.06644404418e-09, 5.74184588764e-10, 5.49582546139e-10, 4.48208720139e-10, 3.41734918141e-10, 2.56189236492e-10, 2.21687709856e-10, 1.94684129928e-10, 1.61148205891e-10, 1.21088181149e-10, 7.57432172538e-11, 6.78219633232e-11, 5.49377834891e-11, 4.7899652994e-11, 2.92614786568e-11, 2.31544453749e-11, 1.47447887233e-11]
    },
    "mfcc": {
        "mean": [-613.556518555, 81.2030715942, -0.0669031739235, 24.269865036, 5.36348056793, 11.0178604126, 4.40869283676, 10.2639131546, 5.88183641434, 5.61230325699, 4.87516975403, 4.27662420273, 3.17659592628],
        "cov": [[11810.8525391, -21.8060703278, 718.84173584, 387.403533936, -148.414825439, 324.191741943, 62.9383392334, -10.7083768845, 82.6314086914, 148.576339722, 46.8965873718, 99.6568145752, 71.3814086914], [-21.8060703278, 1608.4375, -349.054595947, 191.167007446, 65.9294509888, -75.4596786499, -95.0988311768, -6.06233406067, -83.4992828369, -80.4030838013, -2.38400197029, -67.2784805298, -29.3473720551], [718.84173584, -349.054595947, 1012.69494629, 199.302078247, 186.098800659, 173.666748047, 151.372970581, 66.6618652344, 119.355163574, 110.032928467, 52.2471618652, 90.3513870239, 54.1664276123], [387.403533936, 191.167007446, 199.302078247, 368.227386475, 107.804260254, 145.069595337, 50.6737365723, 37.0967636108, 38.0305213928, 39.3352355957, 22.4211483002, 21.343914032, 29.4199409485], [-148.414825439, 65.9294509888, 186.098800659, 107.804260254, 303.296875, 109.362251282, 96.3901443481, 82.2515563965, 65.1415328979, 66.116027832, 61.0545158386, 47.2269897461, 22.9405231476], [324.191741943, -75.4596786499, 173.666748047, 145.069595337, 109.362251282, 251.817169189, 150.38911438, 79.6475372314, 79.295249939, 77.9251403809, 42.6071968079, 40.6719932556, 42.6830482483], [62.9383392334, -95.0988311768, 151.372970581, 50.6737365723, 96.3901443481, 150.38911438, 225.856719971, 119.296485901, 97.102355957, 81.8025970459, 57.2605781555, 61.2094459534, 34.3803062439], [-10.7083768845, -6.06233406067, 66.6618652344, 37.0967636108, 82.2515563965, 79.6475372314, 119.296485901, 158.561767578, 93.2213058472, 63.9096221924, 57.483253479, 48.5829658508, 27.6021156311], [82.6314086914, -83.4992828369, 119.355163574, 38.0305213928, 65.1415328979, 79.295249939, 97.102355957, 93.2213058472, 143.235641479, 97.4891738892, 60.2120666504, 53.902130127, 37.0390281677], [148.576339722, -80.4030838013, 110.032928467, 39.3352355957, 66.116027832, 77.9251403809, 81.8025970459, 63.9096221924, 97.4891738892, 139.177536011, 81.3446502686, 61.4111747742, 43.0117378235], [46.8965873718, -2.38400197029, 52.2471618652, 22.4211483002, 61.0545158386, 42.6071968079, 57.2605781555, 57.483253479, 60.2120666504, 81.3446502686, 113.65524292, 72.0416564941, 43.5808143616], [99.6568145752, -67.2784805298, 90.3513870239, 21.343914032, 47.2269897461, 40.6719932556, 61.2094459534, 48.5829658508, 53.902130127, 61.4111747742, 72.0416564941, 106.281417847, 55.8295249939], [71.3814086914, -29.3473720551, 54.1664276123, 29.4199409485, 22.9405231476, 42.6830482483, 34.3803062439, 27.6021156311, 37.0390281677, 43.0117378235, 43.5808143616, 55.8295249939, 84.5144424438]],
