{
"lowlevel": {
    "average_loudness": 0.801417648792,
    "barkbands_crest": {
        "dmean": 2.48684597015,
        "dmean2": 3.94565963745,
        "dvar": 8.9651556015,
        "dvar2": 21.1120929718,
        "max": 26.0084762573,
        "mean": 13.3248500824,
        "median": 13.4940519333,
        "min": 1.83870184422,
        "var": 27.5212211609
    },
    "barkbands_flatness_db": {
        "dmean": 0.0223584640771,
        "dmean2": 0.0347141288221,
        "dvar": 0.00072533270577,
        "dvar2": 0.00177309312858,
        "max": 0.767846405506,
        "mean": 0.176263019443,
        "median": 0.144895806909,
        "min": 0.0134978769347,
        "var": 0.014299842529
    },
    "barkbands_kurtosis": {
        "dmean": 2.82175064087,
        "dmean2": 4.47482728958,
        "dvar": 29.7788944244,
        "dvar2": 77.9742279053,
        "max": 170.856369019,
        "mean": 4.76891756058,
        "median": 1.6205997467,
        "min": -1.91364967823,
        "var": 73.7358398438
    },
    "barkbands_skewness": {
        "dmean": 0.566863596439,
        "dmean2": 0.870686709881,
        "dvar": 0.451726585627,
        "dvar2": 1.10406219959,
        "max": 12.5250463486,
        "mean": 1.74313139915,
        "median": 1.55392372608,
        "min": -2.71009755135,
        "var": 1.9606167078
    },
    "barkbands_spread": {
        "dmean": 7.14798974991,
        "dmean2": 11.1382818222,
        "dvar": 104.473762512,
        "dvar2": 244.586410522,
        "max": 116.878616333,
        "mean": 28.37849617,
        "median": 24.3247928619,
        "min": 0.503749072552,
        "var": 434.573059082
    },
    "dissonance": {
        "dmean": 0.017809625715,
        "dmean2": 0.0302263908088,
        "dvar": 0.000877857732121,
        "dvar2": 0.00255439942703,
        "max": 0.500000119209,
        "mean": 0.468689471483,
        "median": 0.483160227537,
        "min": 0.0614236108959,
        "var": 0.00187821453437
    },
    "dynamic_complexity": 4.13858985901,
    "erbbands_crest": {
        "dmean": 2.30300545692,
        "dmean2": 3.80953884125,
        "dvar": 5.07097816467,
        "dvar2": 13.0175924301,
        "max": 31.7383766174,
        "mean": 7.7384967804,
        "median": 6.65347576141,
        "min": 2.2346560955,
        "var": 17.3560237885
    },
    "erbbands_flatness_db": {
        "dmean": 0.0140322521329,
        "dmean2": 0.021620830521,
        "dvar": 0.000215274558286,
        "dvar2": 0.000517845677678,
        "max": 0.630994617939,
        "mean": 0.162970453501,
        "median": 0.130935147405,
        "min": 0.0409096740186,
        "var": 0.010199948214
    },
    "erbbands_kurtosis": {
        "dmean": 0.906976342201,
        "dmean2": 1.43835651875,
        "dvar": 1.80714404583,
        "dvar2": 4.26076364517,
        "max": 42.6284637451,
        "mean": 0.579860448837,
        "median": -0.057852268219,
        "min": -1.81349205971,
        "var": 5.81615781784
    },
    "erbbands_skewness": {
        "dmean": 0.338334619999,
        "dmean2": 0.523015916348,
        "dvar": 0.105854079127,
        "dvar2": 0.238239750266,
        "max": 5.17262935638,
        "mean": -0.105346463621,
        "median": -0.173827573657,
        "min": -3.47629189491,
        "var": 0.630986690521
    },
    "erbbands_spread": {
        "dmean": 8.64470481873,
        "dmean2": 13.1195840836,
        "dvar": 129.060043335,
        "dvar2": 269.115356445,
        "max": 176.318008423,
        "mean": 40.3716583252,
        "median": 38.2099838257,
        "min": 0.829509913921,
        "var": 581.451599121
    },
    "hfc": {
        "dmean": 9.01818370819,
        "dmean2": 13.9735355377,
        "dvar": 261.018280029,
        "dvar2": 648.287719727,
        "max": 221.539138794,
        "mean": 31.2640094757,
        "median": 20.1463871002,
        "min": 1.11492974849e-16,
        "var": 1018.24841309
    },
    "melbands_crest": {
        "dmean": 3.2750222683,
        "dmean2": 5.24177026749,
        "dvar": 14.332868576,
        "dvar2": 34.7786216736,
        "max": 37.4963989258,
        "mean": 21.7874660492,
        "median": 22.6783351898,
        "min": 1.82422053814,
        "var": 67.2380523682
    },
    "melbands_flatness_db": {
        "dmean": 0.0278521329165,
        "dmean2": 0.0429588146508,
        "dvar": 0.00122808373999,
        "dvar2": 0.00293355644681,
        "max": 0.946943879128,
        "mean": 0.254131704569,
        "median": 0.220909580588,
        "min": 0.00935870129615,
        "var": 0.022328466177
    },
    "melbands_kurtosis": {
        "dmean": 11.5669984818,
        "dmean2": 17.9965114594,
        "dvar": 774.732177734,
        "dvar2": 1949.20690918,
        "max": 623.051391602,
        "mean": 22.6294288635,
        "median": 10.9954404831,
        "min": -1.75637435913,
        "var": 1561.88305664
    },
    "melbands_skewness": {
        "dmean": 0.944304585457,
        "dmean2": 1.44917678833,
        "dvar": 1.81730949879,
        "dvar2": 4.37802886963,
        "max": 21.4634380341,
        "mean": 3.55136322975,
        "median": 3.08970928192,
        "min": -1.1342997551,
        "var": 6.54368591309
    },
    "melbands_spread": {
        "dmean": 8.34718608856,
        "dmean2": 13.2007408142,
        "dvar": 195.116867065,
        "dvar2": 452.767608643,
        "max": 215.647872925,
        "mean": 23.9469547272,
        "median": 16.6753292084,
        "min": 0.641471266747,
        "var": 514.31451416
    },
    "pitch_salience": {
        "dmean": 0.0798282697797,
        "dmean2": 0.128308728337,
        "dvar": 0.00855580624193,
        "dvar2": 0.0208325125277,
        "max": 0.951968431473,
        "mean": 0.445952326059,
        "median": 0.441789925098,
        "min": 0.0463940873742,
        "var": 0.0279524847865
    },
    "silence_rate_20dB": {
        "dmean": 0,
        "dmean2": 0,
        "dvar": 0,
        "dvar2": 0,
        "max": 1,
        "mean": 1,
        "median": 1,
        "min": 1,
        "var": 0
    },
    "silence_rate_30dB": {
        "dmean": 0.00819061789662,
        "dmean2": 0.0163827612996,
        "dvar": 0.0081243282184,
        "dvar2": 0.0203973371536,
        "max": 1,
        "mean": 0.992647767067,
        "median": 1,
        "min": 0,
        "var": 0.00729778315872
    },
    "silence_rate_60dB": {
        "dmean": 0.00577066279948,
        "dmean2": 0.0115423994139,
        "dvar": 0.00573747744784,
        "dvar2": 0.0147579517215,
        "max": 1,
        "mean": 0.0800372287631,
        "median": 0,
        "min": 0,
        "var": 0.0736328586936
    },
    "spectral_centroid": {
        "dmean": 265.306762695,
        "dmean2": 401.527008057,
        "dvar": 116694.539062,
        "dvar2": 230592.875,
        "max": 11167.4423828,
        "mean": 1754.6081543,
        "median": 1817.27856445,
        "min": 174.527572632,
        "var": 922547.375
    },
    "spectral_complexity": {
        "dmean": 4.29709625244,
        "dmean2": 6.69794273376,
        "dvar": 26.7086143494,
        "dvar2": 63.6519584656,
        "max": 61,
        "mean": 22.7684497833,
        "median": 20,
        "min": 0,
        "var": 233.697494507
    },
    "spectral_decrease": {
        "dmean": 1.91322158116e-09,
        "dmean2": 2.9582474248e-09,
        "dvar": 1.06470039693e-17,
        "dvar2": 2.55324052967e-17,
        "max": -6.37952798684e-29,
        "mean": -8.54806980755e-09,
        "median": -7.35616145775e-09,
        "min": -4.90688840671e-08,
        "var": 4.18400626236e-17
    },
    "spectral_energy": {
        "dmean": 0.00730638718233,
        "dmean2": 0.0112565597519,
        "dvar": 0.000145509955473,
        "dvar2": 0.000350842747139,
        "max": 0.186954453588,
        "mean": 0.0350981280208,
        "median": 0.0306304227561,
        "min": 1.03535240749e-20,
        "var": 0.000675585062709
    },
    "spectral_energyband_high": {
        "dmean": 0.000866987218615,
        "dmean2": 0.00135217013303,
        "dvar": 2.65676635536e-06,
        "dvar2": 6.37800485492e-06,
        "max": 0.0209213811904,
        "mean": 0.00230573513545,
        "median": 0.000919866201002,
        "min": 7.30564866875e-21,
        "var": 8.94534514373e-06
    },
    "spectral_energyband_low": {
        "dmean": 0.00660637486726,
        "dmean2": 0.0103483237326,
        "dvar": 0.000167983453139,
        "dvar2": 0.000405673810747,
        "max": 0.184017077088,
        "mean": 0.0219714976847,
        "median": 0.0154781062156,
        "min": 1.02256591822e-23,
        "var": 0.000471024221042
    },
    "spectral_energyband_middle_high": {
        "dmean": 0.00148757803254,
        "dmean2": 0.0023421079386,
        "dvar": 5.17056514582e-06,
        "dvar2": 1.32322065838e-05,
        "max": 0.0343125388026,
        "mean": 0.00477138813585,
        "median": 0.00322738499381,
        "min": 1.79237921837e-21,
        "var": 2.45030914812e-05
    },
    "spectral_energyband_middle_low": {
        "dmean": 0.00365629955195,
        "dmean2": 0.00563640985638,
        "dvar": 7.53356143832e-05,
        "dvar2": 0.000150611216668,
        "max": 0.109849967062,
        "mean": 0.00699241226539,
        "median": 0.0042409026064,
        "min": 3.07472914011e-22,
        "var": 0.000112020716188
    },
    "spectral_entropy": {
        "dmean": 0.124608181417,
        "dmean2": 0.191079199314,
        "dvar": 0.0190158300102,
        "dvar2": 0.0411983914673,
        "max": 9.78761959076,
        "mean": 7.63479948044,
        "median": 7.91348695755,
        "min": 3.72082209587,
        "var": 0.744046866894
    },
    "spectral_flux": {
        "dmean": 0.0208155624568,
        "dmean2": 0.0311137661338,
        "dvar": 0.000858786457684,
        "dvar2": 0.0017025746638,
        "max": 0.36404004693,
        "mean": 0.0831541270018,
        "median": 0.070783406496,
        "min": 1.01752266335e-10,
        "var": 0.00353553891182
    },
    "spectral_kurtosis": {
        "dmean": 11.2192392349,
        "dmean2": 19.9114780426,
        "dvar": 2664.20532227,
        "dvar2": 8635.05273438,
        "max": 1041.09814453,
        "mean": 27.6178665161,
        "median": 3.09644603729,
        "min": -1.17800974846,
        "var": 10543.7753906
    },
    "spectral_rms": {
        "dmean": 0.000552185694687,
        "dmean2": 0.000840337888803,
        "dvar": 5.89237004078e-07,
        "dvar2": 1.35035259063e-06,
        "max": 0.0135053545237,
        "mean": 0.00535628851503,
        "median": 0.00546656548977,
        "min": 3.1782070465e-12,
        "var": 5.5522882576e-06
    },
    "spectral_rolloff": {
        "dmean": 756.967895508,
        "dmean2": 1235.68005371,
        "dvar": 2027116.625,
        "dvar2": 4552905,
        "max": 18324.7558594,
        "mean": 1660.20471191,
        "median": 689.0625,
        "min": 43.06640625,
        "var": 4168177.25
    },
    "spectral_skewness": {
        "dmean": 0.408705800772,
        "dmean2": 0.693071603775,
        "dvar": 1.08247840405,
        "dvar2": 3.41738295555,
        "max": 27.7136650085,
        "mean": 2.33921384811,
        "median": 1.31607818604,
        "min": -0.018690885976,
        "var": 12.774892807
    },
    "spectral_spread": {
        "dmean": 490366.625,
        "dmean2": 725954.875,
        "dvar": 478788714496,
        "dvar2": 847488811008,
        "max": 40213696,
        "mean": 4626801,
        "median": 4746623,
        "min": 94516.7109375,
        "var": 5.54472099021e+12
    },
    "spectral_strongpeak": {
        "dmean": 0.229374408722,
        "dmean2": 0.38676866889,
        "dvar": 0.363283574581,
        "dvar2": 0.936895489693,
        "max": 10.7964696884,
        "mean": 0.494734883308,
        "median": 0.239216402173,
        "min": 0,
        "var": 0.598604202271
    },
    "zerocrossingrate": {
        "dmean": 0.0129492245615,
        "dmean2": 0.0159200690687,
        "dvar": 0.000351713155396,
        "dvar2": 0.000474385597045,
        "max": 0.65576171875,
        "mean": 0.0648180320859,
        "median": 0.0537109375,
        "min": 0.001953125,
        "var": 0.00276209344156
    },
    "barkbands": {
        "dmean": [0.00066913763294, 0.0057501043193, 0.00174923182931, 0.00179836608004, 0.00149095314555, 0.000598943093792, 0.000705524871591, 0.000452708714874, 0.00034857186256, 0.000259463558905, 0.000224793941015, 0.000316254096106, 0.000257445935858, 0.000317339843605, 0.000248777563684, 0.000283906061668, 0.000285871850792, 0.00033666472882, 0.000250148295891, 0.000248502939939, 0.000200136913918, 0.000164089840837, 0.000165975288837, 0.000157437520102, 0.000154385605128, 0.000108688793262, 3.39666512446e-05],
        "dmean2": [0.0008753426373, 0.00866684410721, 0.0029685779009, 0.00289591611363, 0.00257635023445, 0.00100206944626, 0.00117893144488, 0.000749046041165, 0.000564645451959, 0.000424869242124, 0.000372099952074, 0.000524793867953, 0.000426339684054, 0.000529993558303, 0.000407881889259, 0.000461330375401, 0.000456210429547, 0.000551494129468, 0.000397906813305, 0.000401836528908, 0.000327969668433, 0.000263169175014, 0.000267938274192, 0.000248863099841, 0.000238115928369, 0.000169741862919, 5.59742256883e-05],
        "dvar": [2.16548301069e-06, 0.000148911829456, 2.77963717963e-05, 5.41208355571e-05, 1.86722973012e-05, 1.45600984069e-06, 1.97197800844e-06, 7.68288089148e-07, 5.78457218126e-07, 2.25838206802e-07, 2.05172909773e-07, 5.54062921765e-07, 2.95157491337e-07, 5.90408092194e-07, 3.22368862271e-07, 3.52375337798e-07, 3.76693634507e-07, 3.35291503006e-07, 2.27883518278e-07, 2.39871525309e-07, 1.26430805381e-07, 8.02381450171e-08, 1.02179832595e-07, 9.77509984068e-08, 9.93186333176e-08, 6.61282442138e-08, 1.05060298239e-08],
        "dvar2": [3.2950347304e-06, 0.000326875917381, 7.35852954676e-05, 0.000121766635857, 5.14391176694e-05, 3.76176808459e-06, 5.17956505064e-06, 1.86807585578e-06, 1.4633757246e-06, 5.39535733424e-07, 4.89207650389e-07, 1.416368832e-06, 7.23837956684e-07, 1.44186003581e-06, 7.82859899573e-07, 8.81703897448e-07, 8.27005010251e-07, 8.73412545843e-07, 5.34683181286e-07, 6.0655827383e-07, 3.3104151953e-07, 1.98335555979e-07, 2.54249755471e-07, 2.30854581673e-07, 2.31726872357e-07, 1.59069259098e-07, 2.70441091743e-08],
        "max": [0.033938832581, 0.176238760352, 0.0704247653484, 0.0954504013062, 0.0753922834992, 0.0200848001987, 0.0325689464808, 0.0143701704219, 0.0226484891027, 0.0108297299594, 0.0115895494819, 0.0229267608374, 0.0125221041963, 0.0232578702271, 0.0150684677064, 0.0125876804814, 0.018362198025, 0.0122374361381, 0.00959002412856, 0.00916197896004, 0.00514447363093, 0.00420142803341, 0.00451975874603, 0.00536770280451, 0.00542372046039, 0.00376476836391, 0.00137434527278],
        "mean": [0.00234657619148, 0.0169155765325, 0.00186110753566, 0.00189941108692, 0.001738914405, 0.000830781878904, 0.00117324222811, 0.000633005634882, 0.00055777101079, 0.000405661994591, 0.000328578724293, 0.000464917422505, 0.000384582905099, 0.000478184811072, 0.000395747279981, 0.000491257640533, 0.000513860431965, 0.000592332333326, 0.000532062666025, 0.000483480718685, 0.000424901547376, 0.000372694106773, 0.000340004538884, 0.000345381180523, 0.000312959833536, 0.000216363478103, 5.87744070799e-05],
        "median": [0.00126435223501, 0.0100630810484, 0.000401384546421, 0.000250079319812, 0.000643847743049, 0.0003669600992, 0.000371689005988, 0.000231426674873, 0.000220549292862, 0.000178711794433, 0.000139042167575, 0.000176497589564, 0.000143567129271, 0.000155040295795, 0.00014633241517, 0.000193684070837, 0.000224694827921, 0.000304698420223, 0.000204999625566, 0.000192338600755, 0.000210670783417, 0.000154306850163, 9.76946030278e-05, 7.92956925579e-05, 5.42091074749e-05, 2.09872050618e-05, 9.51927859205e-07],
        "min": [5.84498401899e-24, 4.59895021463e-24, 2.94416004641e-25, 8.78675322521e-24, 6.63680480922e-23, 3.08219820138e-23, 5.68736905793e-23, 4.58528872148e-23, 6.3873158728e-23, 6.05410355079e-23, 1.50194951169e-22, 9.09326907424e-23, 8.03116947065e-23, 1.25410140595e-22, 1.83187234683e-22, 1.01967636805e-22, 2.18650659693e-22, 2.86799431905e-22, 2.07079408121e-22, 3.94882438355e-22, 3.51733867297e-22, 7.02704066751e-22, 5.81718350362e-22, 7.65828186272e-22, 1.15390635222e-21, 1.71049560787e-21, 2.11574120465e-21],
        "var": [9.81329321803e-06, 0.000376806565328, 2.48781161645e-05, 5.65783921047e-05, 1.461764532e-05, 1.83128429398e-06, 5.96458539803e-06, 1.29740772081e-06, 1.06727475213e-06, 4.53910331544e-07, 3.808650888e-07, 8.8894074679e-07, 5.864158652e-07, 1.20600964237e-06, 6.44626027224e-07, 7.44416581711e-07, 9.28568908876e-07, 6.88840657403e-07, 7.53738049752e-07, 5.15970100423e-07, 3.05070983586e-07, 2.48251240009e-07, 2.58844977452e-07, 2.81217239717e-07, 2.45625585649e-07, 1.42957532034e-07, 1.71417848804e-08]
    },
    "erbbands": {
        "dmean": [0.225858733058, 1.19245266914, 1.97437143326, 4.13632011414, 5.65265989304, 4.706843853, 3.88078713417, 5.70223522186, 9.94671440125, 10.0156736374, 7.92607736588, 8.13707542419, 8.04085254669, 6.68852901459, 10.0037889481, 12.7613134384, 11.2743110657, 14.6684341431, 12.2796049118, 13.0328483582, 14.199637413, 14.638710022, 18.1635437012, 13.2541313171, 12.8826704025, 11.2823734283, 9.10889911652, 7.31014919281, 6.09148216248, 5.21891260147, 4.7682185173, 3.69066023827, 2.5990357399, 1.82393419743, 1.10041236877, 0.518812179565, 0.189103066921, 0.0558693930507, 0.00578595325351, 8.41980508994e-05],
        "dmean2": [0.324570566416, 1.82207596302, 3.2290430069, 6.65598535538, 9.25944423676, 8.10744094849, 6.51659679413, 9.54147148132, 16.8397903442, 16.4979553223, 13.1810121536, 13.2727489471, 12.9677839279, 11.0622310638, 16.4560031891, 20.9609584808, 18.5230064392, 24.4147205353, 20.2562847137, 21.3274040222, 22.9961662292, 23.4029216766, 29.7986621857, 21.344581604, 20.1547164917, 18.3998756409, 14.920955658, 12.0944480896, 9.7857503891, 8.45711994171, 7.72184658051, 5.93466615677, 4.10714435577, 2.87476968765, 1.70002019405, 0.814331293106, 0.296423435211, 0.0892055630684, 0.00953505653888, 0.000136678878334],
        "dvar": [0.228093788028, 7.33778810501, 28.6743621826, 221.903289795, 388.94430542, 144.516540527, 62.0971183777, 146.517654419, 428.914459229, 360.004364014, 251.847335815, 324.268157959, 213.228149414, 168.602340698, 546.429382324, 930.289733887, 576.257324219, 1431.93908691, 610.618408203, 754.769714355, 899.89666748, 840.906860352, 1075.16223145, 565.606628418, 602.927978516, 514.537231445, 273.066101074, 165.595718384, 116.329948425, 88.9400863647, 85.8637695312, 57.3414993286, 27.2529315948, 14.2265901566, 4.9215426445, 1.26178240776, 0.212651237845, 0.0233585257083, 0.000300388317555, 5.55888561848e-08],
        "dvar2": [0.492285490036, 15.8194665909, 74.4586029053, 506.306793213, 959.064697266, 394.045837402, 161.910171509, 379.262634277, 1144.27661133, 921.452209473, 629.422607422, 811.653076172, 507.03817749, 424.262359619, 1269.2322998, 2334.32177734, 1407.58154297, 3449.90454102, 1509.01708984, 1911.0246582, 2256.82128906, 1909.3536377, 2790.91064453, 1427.28283691, 1353.02453613, 1308.53405762, 707.243530273, 434.03894043, 292.852661133, 222.867614746, 214.906585693, 139.497238159, 63.9340438843, 33.8053703308, 11.493894577, 3.0449821949, 0.511681675911, 0.0574191845953, 0.000770118611399, 1.4078887034e-07],
        "max": [6.94991779327, 46.7968330383, 63.6970481873, 182.580184937, 250.064086914, 319.568878174, 130.771347046, 226.103057861, 411.912902832, 436.819244385, 414.648284912, 505.058349609, 324.957763672, 409.50189209, 780.777282715, 898.168395996, 659.3515625, 1301.33154297, 734.309631348, 694.011047363, 797.432800293, 682.34552002, 777.7109375, 574.776123047, 566.112792969, 514.036193848, 317.820892334, 250.00920105, 193.797424316, 163.215087891, 143.31628418, 134.411560059, 107.413352966, 56.3627052307, 40.1606254578, 17.683971405, 7.88915967941, 1.93421065807, 0.245521858335, 0.0033817011863],
        "mean": [0.762270748615, 2.64245057106, 2.69030356407, 4.4935965538, 6.19016838074, 5.66078948975, 5.4140086174, 8.03888988495, 15.9913330078, 16.4166030884, 11.5235843658, 13.2620334625, 13.4139308929, 10.9140148163, 15.039431572, 20.0164432526, 18.5586547852, 22.8617515564, 21.183511734, 24.390007019, 26.9551563263, 28.5033740997, 32.8755912781, 27.169960022, 27.9929447174, 22.325750351, 18.469045639, 15.7568187714, 13.5432338715, 11.2937307358, 9.69108390808, 7.61632299423, 5.49100732803, 3.55608201027, 2.19048476219, 1.01173686981, 0.377600759268, 0.106765396893, 0.00974447000772, 0.00019198784139],
        "median": [0.510460674763, 1.08290624619, 0.69171744585, 0.819243848324, 1.45638847351, 2.02714729309, 2.25005912781, 3.54296207428, 5.4931344986, 5.79327392578, 5.02455329895, 5.47247743607, 6.1001534462, 5.43547391891, 6.48484659195, 7.84849357605, 7.6134352684, 8.46570110321, 8.91589450836, 10.0113372803, 11.1670303345, 13.8272571564, 16.5896511078, 12.9767103195, 9.96049213409, 9.05568408966, 8.62129211426, 7.63730573654, 5.69833898544, 4.00443077087, 2.66825270653, 1.75810265541, 1.17900049686, 0.667761087418, 0.345843076706, 0.122429355979, 0.0303670689464, 0.00492197740823, 0.000193308776943, 5.01388021803e-05],
        "min": [1.78937104561e-22, 9.68994629734e-22, 7.74309665316e-22, 1.34676894445e-20, 1.67611917714e-19, 2.36994819369e-19, 9.37538396989e-20, 2.65193587397e-19, 9.85632125369e-19, 4.72379479977e-19, 1.24461472374e-18, 1.0222337301e-18, 2.7262669442e-18, 4.94637876285e-18, 3.0085820329e-18, 3.80463666618e-18, 3.81327325896e-18, 5.59469976591e-18, 8.10597461069e-18, 8.01031282721e-18, 6.08906095028e-18, 1.35969095318e-17, 1.47510523067e-17, 1.10586925873e-17, 1.29137542988e-17, 2.20937575876e-17, 9.70714150496e-18, 1.76861885594e-17, 2.37145055014e-17, 2.37873751503e-17, 1.4790894288e-17, 1.59956348737e-17, 1.3918865597e-17, 1.19237241575e-17, 9.05552501434e-18, 5.74952522911e-18, 3.30472179118e-18, 1.4593064532e-18, 2.91806520943e-19, 2.84675467968e-20],
        "var": [0.722440183163, 16.8520336151, 32.7751350403, 230.414260864, 363.935058594, 130.587280273, 80.2227630615, 181.738540649, 1123.58996582, 915.334960938, 375.879547119, 658.451782227, 459.099121094, 332.029632568, 937.373962402, 1699.28967285, 1230.59338379, 2745.54956055, 1302.97119141, 1836.63232422, 2014.48840332, 2281.49291992, 2253.5871582, 1486.98742676, 2127.83740234, 1079.91577148, 623.489990234, 418.868591309, 332.58190918, 244.448806763, 217.351074219, 142.716995239, 74.2771377563, 32.2439575195, 12.3035163879, 2.84239149094, 0.455511361361, 0.0451967976987, 0.000484573771246, 1.07574507524e-07]
    },
    "gfcc": {
        "mean": [-26.4412670135, 90.3386230469, -101.947425842, 33.5583267212, -44.386390686, 13.3783168793, -26.1744422913, 13.4696416855, -13.8676481247, 7.62847757339, -6.86221218109, 4.67559862137, -6.51556015015],
        "cov": [[24842.6835938, -11681.6337891, -2857.57177734, 3080.86621094, -636.706115723, 1913.33007812, -771.28692627, 1291.2454834, -924.598388672, 1102.35107422, -895.896118164, 842.02746582, -815.820007324], [-11681.6337891, 7930.79150391, 549.03527832, -1571.89111328, 572.870361328, -1058.03210449, 655.534179688, -693.108032227, 735.971374512, -623.558166504, 724.837463379, -501.232696533, 598.076965332], [-2857.57177734, 549.03527832, 2128.31054688, -177.26473999, 19.3362293243, -45.7602424622, 10.403134346, -113.829299927, -41.0487709045, -65.3424835205, -67.9337921143, -67.9143295288, -69.1837768555], [3080.86621094, -1571.89111328, -177.26473999, 1094.25219727, -24.1587181091, 310.647277832, -55.5654449463, 185.193664551, -77.309677124, 127.505889893, -109.61088562, 79.400642395, -53.3952255249], [-636.706115723, 572.870361328, 19.3362293243, -24.1587181091, 525.909484863, 64.5905151367, 220.349334717, 23.570016861, 164.645111084, -2.54616355896, 105.637878418, 3.42584705353, 73.1962509155], [1913.33007812, -1058.03210449, -45.7602424622, 310.647277832, 64.5905151367, 414.707275391, 59.8870697021, 168.841964722, -43.5160255432, 130.591934204, -67.4313049316, 86.9499206543, -66.0699234009], [-771.28692627, 655.534179688, 10.403134346, -55.5654449463, 220.349334717, 59.8870697021, 323.060668945, 22.4464607239, 153.09715271, -5.24074268341, 130.253936768, -15.0681905746, 76.4830245972], [1291.2454834, -693.108032227, -113.829299927, 185.193664551, 23.570016861, 168.841964722, 22.4464607239, 216.251541138, 14.5890789032, 108.444519043, -30.6780014038, 80.6904220581, -35.1684074402], [-924.598388672, 735.971374512, -41.0487709045, -77.309677124, 164.645111084, -43.5160255432, 153.09715271, 14.5890789032, 246.079177856, 9.79575061798, 120.702529907, -15.9290065765, 101.452087402], [1102.35107422, -623.558166504, -65.3424835205, 127.505889893, -2.54616355896, 130.591934204, -5.24074268341, 108.444519043, 9.79575061798, 165.421020508, 2.86320161819, 77.8428573608, -23.1240234375], [-895.896118164, 724.837463379, -67.9337921143, -109.61088562, 105.637878418, -67.4313049316, 130.253936768, -30.6780014038, 120.702529907, 2.86320161819, 186.058944702, 4.14389848709, 91.9170608521], [842.02746582, -501.232696533, -67.9143295288, 79.400642395, 3.42584705353, 86.9499206543, -15.0681905746, 80.6904220581, -15.9290065765, 77.8428573608, 4.14389848709, 127.579917908, 1.47396743298], [-815.820007324, 598.076965332, -69.1837768555, -53.3952255249, 73.1962509155, -66.0699234009, 76.4830245972, -35.1684074402, 101.452087402, -23.1240234375, 91.9170608521, 1.47396743298, 133.114639282]],
        "icov": [[0.000240122986725, 0.000139444658998, 0.000257642794168, -0.00024456877145, 1.80312895282e-06, -0.000225817537284, 4.37211347162e-05, -9.37961158343e-05, 0.000117299328849, -0.000333724921802, 0.000131413195049, -0.000320849823765, 0.000483392097522], [0.000139444658998, 0.00103566015605, -4.13401030528e-05, 0.000370968453353, -0.000139125666465, 0.000360671227099, -0.000258228450548, 0.000236000385485, -0.000781859038398, 0.00136699341238, -0.00166893098503, 0.00161063310225, -0.00123706308659], [0.000257642794168, -4.13401030528e-05, 0.00082895642845, -0.000309050927171, -1.97295757971e-05, -0.000324122869642, -7.78894900577e-05, 0.000214065221371, 0.000224647432333, -0.000713572313543, 0.000804010604043, -0.000728720449843, 0.00118062389083], [-0.00024456877145, 0.000370968453353, -0.000309050927171, 0.00180486496538, -9.30949463509e-05, -0.000294013821986, 0.000134205649374, -0.000317986938171, -0.000332990603056, 0.000954582472332, -0.000749425380491, 0.00162639131304, -0.0019390550442], [1.80312895282e-06, -0.000139125666465, -1.97295757971e-05, -9.30949463509e-05, 0.00295779318549, -0.000706290011294, -0.00117176736239, 0.000160618219525, -0.00121674162801, 0.000479661423014, 4.33621826232e-05, -0.000798753870185, 0.000316813238896], [-0.000225817537284, 0.000360671227099, -0.000324122869642, -0.000294013821986, -0.000706290011294, 0.00620775483549, -0.00275007495657, -0.00112866587006, 0.000851932913065, -0.00141969602555, 0.00120761408471, 3.15371617035e-05, -0.000269546115305], [4.37211347162e-05, -0.000258228450548, -7.78894900577e-05, 0.000134205649374, -0.00117176736239, -0.00275007495657, 0.00734654860571, -0.00131052033976, -0.00145046750549, 0.00138047896326, -0.00347460294142, 0.00126501335762, -0.000115924289275], [-9.37961158343e-05, 0.000236000385485, 0.000214065221371, -0.000317986938171, 0.000160618219525, -0.00112866587006, -0.00131052033976, 0.0103886472061, -0.00301187275909, -0.00217388663441, 0.00174913404044, -0.00323119224049, 0.00194343843032], [0.000117299328849, -0.000781859038398, 0.000224647432333, -0.000332990603056, -0.00121674162801, 0.000851932913065, -0.00145046750549, -0.00301187275909, 0.0104629574344, -0.00385384471156, -0.000161563497386, 0.00136658840347, -0.00320279435255], [-0.000333724921802, 0.00136699341238, -0.000713572313543, 0.000954582472332, 0.000479661423014, -0.00141969602555, 0.00138047896326, -0.00217388663441, -0.00385384471156, 0.0155747802928, -0.00617009960115, -0.000684880535118, -0.00060015253257], [0.000131413195049, -0.00166893098503, 0.000804010604043, -0.000749425380491, 4.33621826232e-05, 0.00120761408471, -0.00347460294142, 0.00174913404044, -0.000161563497386, -0.00617009960115, 0.0160869713873, -0.00564238987863, -0.000539341068361], [-0.000320849823765, 0.00161063310225, -0.000728720449843, 0.00162639131304, -0.000798753870185, 3.15371617035e-05, 0.00126501335762, -0.00323119224049, 0.00136658840347, -0.000684880535118, -0.00564238987863, 0.0179351530969, -0.00751784536988], [0.000483392097522, -0.00123706308659, 0.00118062389083, -0.0019390550442, 0.000316813238896, -0.000269546115305, -0.000115924289275, 0.00194343843032, -0.00320279435255, -0.00060015253257, -0.000539341068361, -0.00751784536988, 0.0189332067966]]
    },
    "melbands": {
        "dmean": [0.00175804411992, 0.00109201809391, 0.000735760782845, 0.000369655259419, 0.000145981321111, 0.000128080268041, 0.000147240803926, 0.000110145600047, 6.42622762825e-05, 5.16520849487e-05, 4.11412984249e-05, 2.7996406061e-05, 3.05893772747e-05, 3.52926836058e-05, 3.18219244946e-05, 2.55836876022e-05, 3.06405854644e-05, 2.19114481297e-05, 2.05716096389e-05, 2.1461473807e-05, 1.80170645763e-05, 1.68848146131e-05, 1.74110464286e-05, 1.63280237757e-05, 1.1488697055e-05, 1.03392267192e-05, 9.8747186712e-06, 7.9064802776e-06, 6.49067987979e-06, 5.28010741618e-06, 4.39131827079e-06, 3.74275873583e-06, 3.29780004904e-06, 3.02910484606e-06, 2.91820879283e-06, 2.76027117252e-06, 2.29304873756e-06, 1.96890300685e-06, 1.68771657627e-06, 1.59751380124e-06],
        "dmean2": [0.00257726502605, 0.00170541915577, 0.00116805313155, 0.000620605889708, 0.000245122908382, 0.000214431929635, 0.000247849937296, 0.000181135619641, 0.000106634346594, 8.38181076688e-05, 6.64386316203e-05, 4.64117547381e-05, 5.06711621711e-05, 5.88400143897e-05, 5.21668080182e-05, 4.23574128945e-05, 5.10551653861e-05, 3.65032828995e-05, 3.36759294441e-05, 3.52566748916e-05, 2.93620141747e-05, 2.72251636488e-05, 2.87060356641e-05, 2.69407355518e-05, 1.87266214198e-05, 1.65140991157e-05, 1.58487200679e-05, 1.3121617485e-05, 1.07569894681e-05, 8.69170708029e-06, 7.32389207769e-06, 6.05351260674e-06, 5.45986586076e-06, 4.94122787131e-06, 4.77526918985e-06, 4.54942710348e-06, 3.70067073163e-06, 3.13078248837e-06, 2.70003715741e-06, 2.55123813986e-06],
        "dvar": [1.34262654683e-05, 6.45961335977e-06, 6.74729199091e-06, 1.24133623558e-06, 8.66383089715e-08, 6.69058266567e-08, 8.91765026267e-08, 4.2901469044e-08, 1.78519705685e-08, 1.30353807748e-08, 5.66755797848e-09, 2.87414847477e-09, 4.34401981053e-09, 8.35611135841e-09, 4.82934314761e-09, 3.13394443729e-09, 7.00318913971e-09, 2.05163330769e-09, 2.57101140377e-09, 2.23028195911e-09, 1.58639457126e-09, 1.31055144514e-09, 1.08696718293e-09, 8.87210804823e-10, 4.64363159036e-10, 4.5215167721e-10, 3.74828584837e-10, 2.65947652789e-10, 1.50525508724e-10, 8.4283587054e-11, 5.8610630238e-11, 4.33101818298e-11, 3.47065327866e-11, 3.0638207249e-11, 3.1184575755e-11, 3.30720728581e-11, 2.24015788558e-11, 1.56062836265e-11, 1.26287600169e-11, 1.11072435971e-11],
        "dvar2": [2.93539578706e-05, 1.54522040248e-05, 1.49075913214e-05, 3.25901078213e-06, 2.29526946782e-07, 1.73080223931e-07, 2.3739686128e-07, 1.07879365885e-07, 4.49459349738e-08, 3.24747126967e-08, 1.35043416449e-08, 7.13524039853e-09, 1.0290347241e-08, 2.15680238114e-08, 1.19984244762e-08, 7.75948372223e-09, 1.67738658519e-08, 5.14745801539e-09, 6.20724449618e-09, 5.65165692024e-09, 3.92746279942e-09, 2.93629076609e-09, 2.85590417981e-09, 2.30081198538e-09, 1.18493093115e-09, 1.05783415361e-09, 8.95164276038e-10, 6.87749968087e-10, 3.93645727126e-10, 2.20225407355e-10, 1.55928200907e-10, 1.09530502723e-10, 9.10604369686e-11, 7.77272274322e-11, 7.88615978076e-11, 8.51074002939e-11, 5.41900378737e-11, 3.71974499813e-11, 3.0052304395e-11, 2.70663595703e-11],
        "max": [0.0472281016409, 0.0376007668674, 0.032492607832, 0.0173896625638, 0.00592503929511, 0.0044292518869, 0.00534396758303, 0.00407920125872, 0.00346789252944, 0.00342662422918, 0.00171079707798, 0.00167969369795, 0.00191358930897, 0.0033819754608, 0.00180754251778, 0.00140856299549, 0.00296867149882, 0.00164110981859, 0.00160129775759, 0.00109151995275, 0.000944628438447, 0.000947736145463, 0.000859845138621, 0.000569682451896, 0.000547307776287, 0.000491015496664, 0.000383203005185, 0.000357163953595, 0.00027671069256, 0.000125463571749, 0.000154227076564, 0.000110330714961, 0.000101863603049, 9.76221126621e-05, 9.00223749341e-05, 8.56649494381e-05, 9.06395798665e-05, 8.36188482936e-05, 6.34251919109e-05, 5.07046934217e-05],
        "mean": [0.00562566472217, 0.0021197728347, 0.000851279706694, 0.000425975827966, 0.000204998723348, 0.000184810065548, 0.000239593005972, 0.000173695152625, 9.05039632926e-05, 8.35746977828e-05, 6.60233199596e-05, 4.34906833107e-05, 4.4896180043e-05, 5.19916975463e-05, 4.8220033932e-05, 3.74581723008e-05, 4.49355684395e-05, 3.41861450579e-05, 3.2200870919e-05, 3.59539408237e-05, 3.07176196657e-05, 2.95910213026e-05, 2.99118055409e-05, 2.75098936982e-05, 2.10667949432e-05, 2.06516779144e-05, 1.88164485735e-05, 1.38633258757e-05, 1.17644158308e-05, 1.01901696326e-05, 8.74091438163e-06, 7.82038296165e-06, 6.66138203087e-06, 6.0796460275e-06, 5.67254801354e-06, 5.07393224325e-06, 4.50726929557e-06, 3.99674672735e-06, 3.21686707139e-06, 2.92418167191e-06],
        "median": [0.00358541915193, 0.000788444071077, 0.000171941006556, 0.000137558003189, 8.83417669684e-05, 8.1173471699e-05, 7.98506225692e-05, 5.85528432566e-05, 3.62690298061e-05, 3.30419206875e-05, 2.9194939998e-05, 2.02150677069e-05, 1.9250483092e-05, 2.02763403649e-05, 1.81521609193e-05, 1.41086138683e-05, 1.43811321323e-05, 1.34035772135e-05, 1.09842330858e-05, 1.36846747409e-05, 1.16732007882e-05, 1.30842236103e-05, 1.41179552884e-05, 1.31741117002e-05, 9.32589682634e-06, 6.99515976521e-06, 6.61473995933e-06, 5.4806632761e-06, 5.11149528393e-06, 4.94911910209e-06, 3.95592587665e-06, 3.26395365846e-06, 2.42721262111e-06, 1.97851750272e-06, 1.51615461164e-06, 1.20210381738e-06, 9.72075781647e-07, 8.26250470709e-07, 6.45054967663e-07, 5.11990833729e-07],
        "min": [2.11098744364e-24, 6.65439968117e-25, 5.7364545078e-24, 1.77397667748e-23, 3.52845255561e-24, 7.63287612396e-24, 1.33886987447e-23, 4.95710292637e-24, 9.57294699171e-24, 8.03987391965e-24, 1.30988791367e-23, 1.84172121212e-23, 1.47130368547e-23, 7.97864411391e-24, 1.03632964775e-23, 8.24541872825e-24, 1.10855002139e-23, 1.18038905968e-23, 1.6964270751e-23, 6.18640932966e-24, 6.46398936625e-24, 1.26722749921e-23, 1.55776504949e-23, 1.31571586027e-23, 7.94885435954e-24, 9.44471686271e-24, 1.29848966245e-23, 1.36131249391e-23, 4.4032215967e-24, 9.04695741708e-24, 1.00805426966e-23, 1.15532087449e-23, 1.72898478461e-23, 1.07805368431e-23, 6.77561466736e-24, 1.00363049548e-23, 1.05241617821e-23, 9.41642042204e-24, 1.05781679885e-23, 9.26060382718e-24],
        "var": [3.73391667381e-05, 1.25131418827e-05, 7.44697263144e-06, 1.06363256691e-06, 1.08467453686e-07, 8.96215439639e-08, 2.39620987941e-07, 1.01355240645e-07, 2.60222918769e-08, 2.80774195005e-08, 1.17285718915e-08, 5.56510082461e-09, 7.64251506524e-09, 1.23531256335e-08, 8.80514239299e-09, 5.6640052648e-09, 1.33303643679e-08, 3.94017840577e-09, 5.19983656133e-09, 4.57732918235e-09, 3.03866731777e-09, 3.01917291168e-09, 2.17722284646e-09, 1.63614533033e-09, 1.02927943946e-09, 1.44489831211e-09, 9.32214749838e-10, 4.658817776e-10, 2.94955809776e-10, 1.86864135276e-10, 1.37216696339e-10, 1.15808578005e-10, 8.65436958208e-11, 7.5285389034e-11, 7.57557280795e-11, 6.73735095491e-11, 5.27444095344e-11, 4.05383608626e-11, 2.78652708546e-11, 2.28860732449e-11]
    },
    "mfcc": {
        "mean": [-659.948364258, 111.864830017, 6.68818426132, 27.7443256378, 8.91195774078, 7.95195388794, 4.4963259697, 7.58544015884, 3.42411994934, 4.2732424736, 5.34364271164, 6.30802536011, 3.72905707359],
        "cov": [[15223.7109375, -5797.08105469, -1558.64257812, 165.468826294, 23.6104431152, 345.434631348, 209.345748901, 255.26776123, 161.446090698, 252.525314331, 100.650047302, 80.3566360474, -50.4664039612], [-5797.08105469, 4331.55615234, 54.9093894958, -135.32258606, -90.1512527466, -175.32144165, -61.0015182495, -28.3604259491, -37.6817741394, -37.8742675781, 50.7145576477, 42.6029129028, 125.032310486], [-1558.64257812, 54.9093894958, 1121.60559082, 130.883804321, 109.0311203, 55.9113578796, 29.7184906006, -45.4486427307, -16.8813934326, -37.1644325256, -41.3545722961, -31.3981170654, -14.0487308502], [165.468826294, -135.32258606, 130.883804321, 429.44052124, 130.603652954, 95.6179275513, 33.4777450562, 30.5929527283, 43.15076828, 11.6231403351, -9.86109542847, 17.2349128723, -2.30343866348], [23.6104431152, -90.1512527466, 109.0311203, 130.603652954, 265.41494751, 109.893676758, 65.8639068604, 56.7627868652, 63.5869483948, 34.1556777954, 17.0681304932, 26.1051635742, 23.9798603058], [345.434631348, -175.32144165, 55.9113578796, 95.6179275513, 109.893676758, 227.683517456, 126.953239441, 81.1062316895, 71.9267425537, 56.8398933411, 36.2943611145, 30.142457962, 18.6562099457], [209.345748901, -61.0015182495, 29.7184906006, 33.4777450562, 65.8639068604, 126.953239441, 199.356414795, 91.7922821045, 43.6630973816, 59.0729484558, 43.845790863, 26.3232116699, 33.9502716064], [255.26776123, -28.3604259491, -45.4486427307, 30.5929527283, 56.7627868652, 81.1062316895, 91.7922821045, 154.239685059, 82.3361968994, 47.6447219849, 46.7702484131, 41.096736908, 23.973941803], [161.446090698, -37.6817741394, -16.8813934326, 43.15076828, 63.5869483948, 71.9267425537, 43.6630973816, 82.3361968994, 142.027053833, 70.9714889526, 36.7077713013, 44.784324646, 30.0094852448], [252.525314331, -37.8742675781, -37.1644325256, 11.6231403351, 34.1556777954, 56.8398933411, 59.0729484558, 47.6447219849, 70.9714889526, 132.89616394, 57.9680976868, 34.9237098694, 38.8167152405], [100.650047302, 50.7145576477, -41.3545722961, -9.86109542847, 17.0681304932, 36.2943611145, 43.845790863, 46.7702484131, 36.7077713013, 57.9680976868, 90.5077896118, 46.6981239319, 25.3596839905], [80.3566360474, 42.6029129028, -31.3981170654, 17.2349128723, 26.1051635742, 30.142457962, 26.3232116699, 41.096736908, 44.784324646, 34.9237098694, 46.6981239319, 93.0963668823, 55.4579086304], [-50.4664039612, 125.032310486, -14.0487308502, -2.30343866348, 23.9798603058, 18.6562099457, 33.9502716064, 23.973941803, 30.0094852448, 38.8167152405, 25.3596839905, 55.4579086304, 102.905700684]],
