{
"lowlevel": {
    "average_loudness": 0.891843736172,
    "barkbands_crest": {
        "dmean": 2.86696386337,
        "dmean2": 4.30623674393,
        "dvar": 9.22841072083,
        "dvar2": 20.3417854309,
        "max": 26.6064777374,
        "mean": 14.0278272629,
        "median": 14.2402162552,
        "min": 2.03740215302,
        "var": 34.2896118164
    },
    "barkbands_flatness_db": {
        "dmean": 0.0319261737168,
        "dmean2": 0.0436225421727,
        "dvar": 0.00184574956074,
        "dvar2": 0.00332626351155,
        "max": 0.827428281307,
        "mean": 0.178129196167,
        "median": 0.152182340622,
        "min": 0.0100602610037,
        "var": 0.0121484342963
    },
    "barkbands_kurtosis": {
        "dmean": 13.9598197937,
        "dmean2": 20.9471416473,
        "dvar": 4266.38769531,
        "dvar2": 10651.4228516,
        "max": 1579.34338379,
        "mean": 19.6696281433,
        "median": 4.0396156311,
        "min": -1.81410050392,
        "var": 4999.35302734
    },
    "barkbands_skewness": {
        "dmean": 0.943004310131,
        "dmean2": 1.32972335815,
        "dvar": 2.6543943882,
        "dvar2": 5.67233037949,
        "max": 30.1924667358,
        "mean": 2.68448019028,
        "median": 2.07248020172,
        "min": -4.36891174316,
        "var": 7.83115196228
    },
    "barkbands_spread": {
        "dmean": 6.65377664566,
        "dmean2": 10.0458059311,
        "dvar": 80.4983978271,
        "dvar2": 179.881164551,
        "max": 108.947463989,
        "mean": 22.8308048248,
        "median": 19.2212715149,
        "min": 0.0305162090808,
        "var": 312.138519287
    },
    "dissonance": {
        "dmean": 0.0171335656196,
        "dmean2": 0.0290134157985,
        "dvar": 0.000471803941764,
        "dvar2": 0.00128621584736,
        "max": 0.500000119209,
        "mean": 0.472293972969,
        "median": 0.483276724815,
        "min": 0.237191960216,
        "var": 0.00102718337439
    },
    "dynamic_complexity": 4.25893783569,
    "erbbands_crest": {
        "dmean": 2.22102594376,
        "dmean2": 3.63264226913,
        "dvar": 5.34050416946,
        "dvar2": 12.4206199646,
        "max": 28.2297077179,
        "mean": 7.12756729126,
        "median": 5.80143070221,
        "min": 2.24682331085,
        "var": 16.2666740417
    },
    "erbbands_flatness_db": {
        "dmean": 0.0155832553282,
        "dmean2": 0.0232419390231,
        "dvar": 0.000483130599605,
        "dvar2": 0.000903333886527,
        "max": 0.509825766087,
        "mean": 0.141939789057,
        "median": 0.118539519608,
        "min": 0.0382825769484,
        "var": 0.00476008187979
    },
    "erbbands_kurtosis": {
        "dmean": 1.40250205994,
        "dmean2": 2.17085886002,
        "dvar": 42.0782432556,
        "dvar2": 90.7522277832,
        "max": 242.689743042,
        "mean": 0.949769794941,
        "median": -0.319981694221,
        "min": -1.89728403091,
        "var": 70.5103912354
    },
    "erbbands_skewness": {
        "dmean": 0.390290945768,
        "dmean2": 0.576144993305,
        "dvar": 0.282395303249,
        "dvar2": 0.577103197575,
        "max": 13.7017250061,
        "mean": 0.124400250614,
        "median": 0.0138628762215,
        "min": -2.39720535278,
        "var": 1.05014359951
    },
    "erbbands_spread": {
        "dmean": 10.7679796219,
        "dmean2": 15.4573287964,
        "dvar": 210.136016846,
        "dvar2": 369.69519043,
        "max": 203.838821411,
        "mean": 50.1546401978,
        "median": 45.790184021,
        "min": 0.624423444271,
        "var": 1016.62762451
    },
    "hfc": {
        "dmean": 9.19460010529,
        "dmean2": 13.3068237305,
        "dvar": 283.471069336,
        "dvar2": 678.105529785,
        "max": 257.894989014,
        "mean": 27.4403209686,
        "median": 17.8952293396,
        "min": 1.18441543457e-16,
        "var": 885.293823242
    },
    "melbands_crest": {
        "dmean": 3.58113408089,
        "dmean2": 5.38735198975,
        "dvar": 14.8064174652,
        "dvar2": 33.925491333,
        "max": 38.1527175903,
        "mean": 20.7150497437,
        "median": 20.2203178406,
        "min": 1.97249126434,
        "var": 71.7174453735
    },
    "melbands_flatness_db": {
        "dmean": 0.0380437225103,
        "dmean2": 0.0520713143051,
        "dvar": 0.00263655162416,
        "dvar2": 0.00484233256429,
        "max": 1,
        "mean": 0.260512381792,
        "median": 0.236070036888,
        "min": 0.0057676974684,
        "var": 0.018021164462
    },
    "melbands_kurtosis": {
        "dmean": 37.0868148804,
        "dmean2": 46.663520813,
        "dvar": 13666.3984375,
        "dvar2": 18937.8828125,
        "max": 3519.36499023,
        "mean": 71.3479919434,
        "median": 17.9290046692,
        "min": -1.66199791431,
        "var": 40873.390625
    },
    "melbands_skewness": {
        "dmean": 1.47951054573,
        "dmean2": 2.00407910347,
        "dvar": 5.2219119072,
        "dvar2": 8.28302574158,
        "max": 47.7351226807,
        "mean": 5.10521411896,
        "median": 3.77520132065,
        "min": -1.23343670368,
        "var": 24.5869483948
    },
    "melbands_spread": {
        "dmean": 7.07654285431,
        "dmean2": 10.8132219315,
        "dvar": 130.339385986,
        "dvar2": 287.944091797,
        "max": 184.538467407,
        "mean": 19.0164299011,
        "median": 12.2573318481,
        "min": 0.0541898719966,
        "var": 478.792541504
    },
    "pitch_salience": {
        "dmean": 0.0900955796242,
        "dmean2": 0.134638503194,
        "dvar": 0.0105333402753,
        "dvar2": 0.0226220116019,
        "max": 0.911062657833,
        "mean": 0.434004992247,
        "median": 0.444833874702,
        "min": 0.0184174757451,
        "var": 0.038955271244
    },
    "silence_rate_20dB": {
        "dmean": 0,
        "dmean2": 0,
        "dvar": 0,
        "dvar2": 0,
        "max": 1,
        "mean": 1,
        "median": 1,
        "min": 1,
        "var": 0
    },
    "silence_rate_30dB": {
        "dmean": 0.0607510656118,
        "dmean2": 0.121514774859,
        "dvar": 0.0570595227182,
        "dvar2": 0.123189531267,
        "max": 1,
        "mean": 0.913771569729,
        "median": 1,
        "min": 0,
        "var": 0.0788005068898
    },
    "silence_rate_60dB": {
        "dmean": 0.00499323848635,
        "dmean2": 0.00998751539737,
        "dvar": 0.00496923504397,
        "dvar2": 0.0111356712878,
        "max": 1,
        "mean": 0.0631370916963,
        "median": 0,
        "min": 0,
        "var": 0.0591484121978
    },
    "spectral_centroid": {
        "dmean": 295.523651123,
        "dmean2": 433.496856689,
        "dvar": 155362.21875,
        "dvar2": 328341.84375,
        "max": 10984.2988281,
        "mean": 1551.03686523,
        "median": 1513.57861328,
        "min": 49.5386924744,
        "var": 933570.625
    },
    "spectral_complexity": {
        "dmean": 4.80620002747,
        "dmean2": 7.2671661377,
        "dvar": 37.6745758057,
        "dvar2": 77.2447433472,
        "max": 65,
        "mean": 21.0321407318,
        "median": 19,
        "min": 0,
        "var": 219.99180603
    },
    "spectral_decrease": {
        "dmean": 2.95778801451e-09,
        "dmean2": 3.98414945479e-09,
        "dvar": 1.50769697398e-17,
        "dvar2": 2.97977389642e-17,
        "max": 3.03616577663e-17,
        "mean": -1.19327676629e-08,
        "median": -1.01683070852e-08,
        "min": -5.39308224745e-08,
        "var": 8.87472682436e-17
    },
    "spectral_energy": {
        "dmean": 0.0114266937599,
        "dmean2": 0.015489644371,
        "dvar": 0.000220586516662,
        "dvar2": 0.000441474170657,
        "max": 0.204753160477,
        "mean": 0.0475259013474,
        "median": 0.0411808788776,
        "min": 1.04436988786e-20,
        "var": 0.00134564028122
    },
    "spectral_energyband_high": {
        "dmean": 0.000872823526151,
        "dmean2": 0.00122622400522,
        "dvar": 2.92866207019e-06,
        "dvar2": 6.58601038594e-06,
        "max": 0.034073676914,
        "mean": 0.00211585336365,
        "median": 0.000972523936071,
        "min": 7.40026956822e-21,
        "var": 8.93052128959e-06
    },
    "spectral_energyband_low": {
        "dmean": 0.010931301862,
        "dmean2": 0.0145019488409,
        "dvar": 0.000266167451628,
        "dvar2": 0.000490459962748,
        "max": 0.202014788985,
        "mean": 0.034526117146,
        "median": 0.0240289270878,
        "min": 4.81805696215e-23,
        "var": 0.00119901204016
    },
    "spectral_energyband_middle_high": {
        "dmean": 0.00156525254715,
        "dmean2": 0.00254228920676,
        "dvar": 9.5080185929e-06,
        "dvar2": 2.45679239015e-05,
        "max": 0.0520384758711,
        "mean": 0.00376059859991,
        "median": 0.00243225716986,
        "min": 1.54481654144e-21,
        "var": 1.96709297597e-05
    },
    "spectral_energyband_middle_low": {
        "dmean": 0.00504725659266,
        "dmean2": 0.00786856282502,
        "dvar": 0.000120442302432,
        "dvar2": 0.000282864202745,
        "max": 0.131463691592,
        "mean": 0.00845574308187,
        "median": 0.00532642006874,
        "min": 2.43766552033e-22,
        "var": 0.000146784354001
    },
    "spectral_entropy": {
        "dmean": 0.167879670858,
        "dmean2": 0.248189747334,
        "dvar": 0.0822166129947,
        "dvar2": 0.157225489616,
        "max": 9.81082439423,
        "mean": 7.6984834671,
        "median": 7.99797916412,
        "min": 3.18364667892,
        "var": 0.582790255547
    },
    "spectral_flux": {
        "dmean": 0.0289266295731,
        "dmean2": 0.0393474884331,
        "dvar": 0.00128858990502,
        "dvar2": 0.00222567818128,
        "max": 0.419291734695,
        "mean": 0.0968236774206,
        "median": 0.0767879933119,
        "min": 6.77481959421e-11,
        "var": 0.00527254492044
    },
    "spectral_kurtosis": {
        "dmean": 3.38219594955,
        "dmean2": 5.59036779404,
        "dvar": 113.190979004,
        "dvar2": 261.81362915,
        "max": 308.466918945,
        "mean": 7.86003732681,
        "median": 2.42646789551,
        "min": -1.23252010345,
        "var": 282.21270752
    },
    "spectral_rms": {
        "dmean": 0.000786638003774,
        "dmean2": 0.0010831480613,
        "dvar": 8.33196054373e-07,
        "dvar2": 1.66165875726e-06,
        "max": 0.0141336182132,
        "mean": 0.00617752037942,
        "median": 0.00633849110454,
        "min": 3.19201739693e-12,
        "var": 8.20512832433e-06
    },
    "spectral_rolloff": {
        "dmean": 542.373168945,
        "dmean2": 863.446960449,
        "dvar": 948585.3125,
        "dvar2": 2033777.75,
        "max": 19552.1484375,
        "mean": 1214.43945312,
        "median": 495.263671875,
        "min": 43.06640625,
        "var": 3587878.75
    },
    "spectral_skewness": {
        "dmean": 0.296910583973,
        "dmean2": 0.474601089954,
        "dvar": 0.385617405176,
        "dvar2": 0.833817183971,
        "max": 14.7127389908,
        "mean": 1.70941889286,
        "median": 1.25653254986,
        "min": -0.173837006092,
        "var": 1.67474520206
    },
    "spectral_spread": {
        "dmean": 552943.0625,
        "dmean2": 790791.4375,
        "dvar": 634448838656,
        "dvar2": 1.16366717747e+12,
        "max": 41523728,
        "mean": 5080759.5,
        "median": 5333774,
        "min": 356084.90625,
        "var": 5.62043394458e+12
    },
    "spectral_strongpeak": {
        "dmean": 0.202944383025,
        "dmean2": 0.332763642073,
        "dvar": 0.134174019098,
        "dvar2": 0.368769884109,
        "max": 6.58742332458,
        "mean": 0.450644344091,
        "median": 0.344050168991,
        "min": 0,
        "var": 0.186871781945
    },
    "zerocrossingrate": {
        "dmean": 0.0114510664716,
        "dmean2": 0.013059085235,
        "dvar": 0.000205466669286,
        "dvar2": 0.000226101023145,
        "max": 0.72509765625,
        "mean": 0.0547758229077,
        "median": 0.0419921875,
        "min": 0.00146484375,
        "var": 0.00281401188113
    },
    "barkbands": {
        "dmean": [0.000959364697337, 0.00999640859663, 0.00414142012596, 0.00235547474585, 0.00219511752948, 0.00102362118196, 0.000675955263432, 0.000460283976281, 0.000501968082972, 0.000333694944857, 0.000314586504828, 0.000248176540481, 0.000261928711552, 0.000211154285353, 0.00023393103038, 0.000207853576285, 0.00022003412596, 0.000232590828091, 0.000216263957554, 0.00021721055964, 0.000200925860554, 0.000196598164621, 0.000171837600647, 0.00015099340817, 0.00012001653522, 6.60392397549e-05, 1.1751949387e-05],
        "dmean2": [0.00109752709977, 0.0136205898598, 0.00666138157248, 0.00386346084997, 0.00376329082064, 0.0017785228556, 0.00115147477482, 0.000765696750022, 0.000840605585836, 0.000548203708604, 0.000516780826729, 0.000418979325332, 0.00043768848991, 0.000364450068446, 0.000400480959797, 0.000355557363946, 0.000373782095267, 0.00039032715722, 0.000357733399142, 0.000356889591785, 0.000323746819049, 0.000296488404274, 0.000254250713624, 0.000218761502765, 0.000178657224751, 9.68664244283e-05, 1.89976908587e-05],
        "dvar": [2.79417622551e-06, 0.000293278630124, 0.000125237245811, 5.04509735038e-05, 4.67017816845e-05, 4.86077669848e-06, 1.94603398995e-06, 8.44177236559e-07, 7.83720167874e-07, 3.94585498498e-07, 5.68450730043e-07, 3.22558918242e-07, 3.38787742749e-07, 1.85181193046e-07, 2.24240082503e-07, 1.53164393168e-07, 1.6862749419e-07, 1.79831147307e-07, 1.55371452593e-07, 1.6373400058e-07, 1.47223360614e-07, 1.53933925162e-07, 1.1516814169e-07, 7.95269343712e-08, 6.098762384e-08, 2.05862189517e-08, 7.62212126748e-10],
        "dvar2": [3.37563119501e-06, 0.000518534507137, 0.000301437132293, 0.000129977881443, 0.000126175145851, 1.37051338243e-05, 5.35327080797e-06, 2.24655468628e-06, 2.09574500332e-06, 9.65268554864e-07, 1.46367381149e-06, 8.41172379751e-07, 8.24534197363e-07, 5.03154467424e-07, 6.20266575879e-07, 4.21512567073e-07, 4.5719997388e-07, 4.77185949421e-07, 4.0855388761e-07, 4.0913997168e-07, 3.70455353504e-07, 3.52263839432e-07, 2.62709647814e-07, 1.65834720178e-07, 1.36224471703e-07, 4.46920260799e-08, 1.79113834875e-09],
        "max": [0.024270825088, 0.189189627767, 0.107642605901, 0.12368375808, 0.090980887413, 0.0415051840246, 0.0251274835318, 0.0127504980192, 0.0148728378117, 0.0108400955796, 0.0244332365692, 0.0145032582805, 0.0174049288034, 0.00538672972471, 0.0111210243776, 0.00681640906259, 0.0099559109658, 0.00765193998814, 0.0116405691952, 0.00876267254353, 0.00787671003491, 0.00940538011491, 0.00617520604283, 0.0047962050885, 0.00375977065414, 0.00241665146314, 0.000466135388706],
        "mean": [0.00261298939586, 0.0260738134384, 0.00461458368227, 0.00249832426198, 0.00221088994294, 0.00129342172295, 0.000874178309459, 0.000633543124422, 0.000751030922402, 0.000475093635032, 0.00045027770102, 0.00033427568269, 0.000348299916368, 0.000291129254038, 0.00032341844053, 0.000319085782394, 0.000351753289578, 0.000385559804272, 0.00038468814455, 0.000400438497309, 0.000402582256356, 0.00041026333929, 0.000367074535461, 0.000328906287905, 0.000247930496698, 0.000127048770082, 1.53289656737e-05],
        "median": [0.000494987994898, 0.0137847904116, 0.00106694363058, 0.000524292350747, 0.000663121405523, 0.000629239075352, 0.000422312907176, 0.000250125594903, 0.00034806272015, 0.000178579328349, 0.000143008321174, 0.000111954301246, 0.000123931793496, 0.0001127278083, 0.000137609327794, 0.00016080585192, 0.000193064595805, 0.000194131600438, 0.000188334539416, 0.00019579383661, 0.000191557381186, 0.000167287013028, 0.00014618349087, 0.000126787082991, 8.62169108586e-05, 2.7682101063e-05, 7.68739937484e-07],
        "min": [4.88247471258e-24, 6.08871008984e-24, 6.42743039646e-24, 1.43427171468e-23, 1.09252092e-23, 4.92966476636e-24, 2.8169856894e-23, 3.24335901333e-23, 1.99171759122e-23, 5.06043920844e-23, 4.28944379391e-23, 6.50672101486e-23, 5.71151009489e-23, 5.49569289735e-23, 1.10002046285e-22, 9.76270653583e-23, 1.54547305042e-22, 1.97226219871e-22, 1.67881919483e-22, 2.58624450571e-22, 3.41197942021e-22, 2.62557143065e-22, 4.68886552724e-22, 6.5074027169e-22, 1.11126636294e-21, 1.57005211345e-21, 2.27247335148e-21],
        "var": [1.78681002581e-05, 0.000933592673391, 0.000124461468658, 4.79622212879e-05, 3.55901502189e-05, 4.29841202276e-06, 1.92806351151e-06, 1.16919727589e-06, 1.21533810216e-06, 6.33807530903e-07, 8.2446297256e-07, 4.88411615152e-07, 6.2416648916e-07, 2.30904447562e-07, 2.69187950153e-07, 2.23081741524e-07, 2.43733808247e-07, 3.23128972468e-07, 3.05133312395e-07, 3.3412720768e-07, 3.30872893528e-07, 3.97571824351e-07, 3.19871020338e-07, 2.57616989074e-07, 1.6316771223e-07, 5.3705782932e-08, 1.37074995799e-09]
    },
    "erbbands": {
        "dmean": [0.342847049236, 2.3860783577, 4.56168413162, 6.25179862976, 7.82094049454, 7.15562200546, 6.66539239883, 8.63312721252, 9.55088806152, 11.7236318588, 9.07495880127, 10.8214797974, 10.7849349976, 9.40790176392, 12.584113121, 10.0597743988, 11.8228883743, 11.2134485245, 10.671423912, 12.144742012, 10.7916221619, 11.9803237915, 11.6571521759, 11.9612035751, 10.3393907547, 10.3563537598, 9.3138961792, 7.6779589653, 7.08487701416, 6.37668943405, 4.84841823578, 3.50280833244, 2.40155005455, 1.46082818508, 0.813611149788, 0.36194562912, 0.109552107751, 0.0235856678337, 0.00179618527181, 3.67850261682e-05],
        "dmean2": [0.430605441332, 3.25262403488, 6.76815509796, 10.084438324, 13.152841568, 12.4207115173, 11.6043214798, 14.9810714722, 16.6741428375, 19.2563476562, 15.376121521, 18.1918296814, 17.7611961365, 15.4112796783, 20.596704483, 16.7855682373, 19.8392009735, 18.9369049072, 18.4157333374, 20.7332038879, 18.3664455414, 20.3072490692, 19.5546264648, 19.858165741, 17.2182674408, 16.946805954, 15.4529056549, 12.1884155273, 10.9032430649, 9.67080974579, 7.17502069473, 5.19344615936, 3.4633872509, 2.19208407402, 1.21480035782, 0.544291377068, 0.160436809063, 0.03594924137, 0.00288913096301, 5.57421444682e-05],
        "dvar": [0.305161178112, 19.988576889, 120.901016235, 307.960266113, 606.596374512, 482.662750244, 306.100280762, 320.999206543, 448.943878174, 454.881835938, 345.431915283, 392.224029541, 373.016387939, 380.320556641, 933.201782227, 516.698303223, 730.43170166, 499.790710449, 662.179321289, 539.849914551, 454.525238037, 521.727661133, 486.111724854, 579.342346191, 324.158172607, 342.971099854, 344.893707275, 234.57913208, 193.553512573, 199.60559082, 80.2265930176, 43.9479560852, 20.7662696838, 8.46121501923, 3.05311584473, 0.645909309387, 0.0575519949198, 0.00273843109608, 1.85927856364e-05, 4.81385775686e-09],
        "dvar2": [0.451658934355, 35.2482414246, 267.799041748, 771.961364746, 1558.37927246, 1318.85620117, 856.55065918, 909.114257812, 1260.15930176, 1180.53320312, 938.729187012, 1064.49829102, 938.665100098, 879.856445312, 2367.30053711, 1336.15808105, 1899.10925293, 1311.14221191, 1850.54223633, 1497.88757324, 1229.23913574, 1424.57507324, 1284.42773438, 1522.0411377, 853.11340332, 831.26763916, 922.68145752, 568.505432129, 449.387573242, 487.100280762, 176.695297241, 95.6883544922, 41.733379364, 18.3403091431, 6.9632229805, 1.51712441444, 0.12514346838, 0.0060298377648, 4.36405789515e-05, 1.10595790304e-08],
        "max": [8.28612136841, 48.2564735413, 125.784454346, 357.497802734, 344.757324219, 294.354888916, 263.82723999, 255.611633301, 371.37020874, 259.507385254, 260.009643555, 348.398803711, 389.034912109, 466.87109375, 911.352050781, 653.43157959, 857.636901855, 415.516143799, 356.904174805, 544.36541748, 380.404327393, 533.707580566, 445.071655273, 853.546264648, 257.312896729, 485.621917725, 332.140380859, 368.992584229, 309.550628662, 370.432678223, 111.963722229, 130.530776978, 93.4339981079, 42.1266174316, 26.5235004425, 12.2675209045, 4.52865314484, 0.943257272243, 0.0664156228304, 0.00115074124187],
        "mean": [1.01409959793, 4.69053125381, 6.17793607712, 7.2651348114, 8.14728069305, 7.09415769577, 7.60741424561, 10.8803291321, 11.699341774, 16.7890739441, 12.9806289673, 16.1799125671, 16.0954914093, 14.3460025787, 18.6130104065, 14.5359611511, 16.1775169373, 16.3283500671, 14.5261707306, 18.4677448273, 17.8218345642, 19.6820011139, 20.3657302856, 21.5066432953, 18.8468647003, 19.4925251007, 17.0514907837, 15.4099292755, 14.4873332977, 12.9973220825, 10.3089389801, 7.46090650558, 5.1420249939, 3.06569337845, 1.60220396519, 0.681979835033, 0.205918371677, 0.039632242173, 0.0024531155359, 0.000102668927866],
        "median": [0.371009290218, 2.03865766525, 2.09016776085, 2.05685639381, 1.99951171875, 2.14177894592, 3.2093603611, 5.30514621735, 5.79645252228, 6.33791542053, 6.34404754639, 7.80970573425, 7.30964136124, 5.14825201035, 6.3994512558, 5.48741960526, 5.94348621368, 6.25819206238, 5.88716602325, 9.26707553864, 9.51526260376, 11.0146627426, 10.7139701843, 10.7194137573, 9.33421611786, 9.70752429962, 8.03279304504, 6.89016771317, 5.81393623352, 5.13207101822, 4.11877059937, 2.8468670845, 1.9564011097, 1.11069118977, 0.502790212631, 0.168082669377, 0.0407406315207, 0.00572509737685, 0.000201557821129, 7.00010859873e-05],
        "min": [2.27515941655e-22, 1.03736688309e-21, 7.21297535958e-21, 3.89717615304e-20, 1.62904174354e-20, 3.15682397853e-20, 1.01131340798e-19, 6.36720337808e-20, 3.52578834312e-19, 7.02415926786e-19, 6.53033399313e-19, 5.06775614401e-19, 1.1274520346e-18, 1.41452165406e-18, 2.438895714e-18, 2.05792506838e-18, 2.2678273187e-18, 2.74249726179e-18, 4.56588478006e-18, 6.91480640447e-18, 4.78228143216e-18, 8.96808788769e-18, 1.04789928335e-17, 8.84442107739e-18, 9.34591752172e-18, 1.23718451185e-17, 1.10936351779e-17, 1.20167348271e-17, 1.09091821731e-17, 1.15236590814e-17, 1.33601993918e-17, 1.26246811445e-17, 1.21049991344e-17, 9.2684032537e-18, 7.26633996683e-18, 5.22658495458e-18, 2.98614186365e-18, 1.04695929598e-18, 3.11344113421e-19, 3.34071042923e-20],
        "var": [1.58004117012, 45.4848937988, 154.289932251, 312.879211426, 535.054321289, 361.694152832, 236.126373291, 290.099609375, 374.2578125, 728.781005859, 399.55770874, 577.505737305, 588.798706055, 677.077331543, 1309.46447754, 880.177429199, 1210.95068359, 740.735839844, 680.449035645, 734.261230469, 686.275695801, 747.958435059, 890.834716797, 1161.93701172, 619.417419434, 802.951477051, 603.964233398, 540.083374023, 502.877563477, 428.727355957, 243.078872681, 135.009277344, 65.5492477417, 23.9303951263, 7.41757774353, 1.50919079781, 0.144985869527, 0.00641518179327, 3.54036819772e-05, 1.41262388453e-08]
    },
    "gfcc": {
        "mean": [-27.5165023804, 86.9377822876, -95.6482467651, 43.500087738, -45.8549156189, 21.5363121033, -24.9569759369, 15.9926404953, -14.0159292221, 7.78099870682, -9.93151283264, 2.45722222328, -8.07319545746],
        "cov": [[28311.1425781, -6407.03027344, -1019.80383301, 1988.94702148, -1546.34814453, 932.59765625, -934.320495605, 773.203552246, -627.347412109, 443.180419922, -664.917480469, 763.943786621, -558.86126709], [-6407.03027344, 5340.10449219, -250.17401123, -1075.43676758, 543.732910156, -822.658874512, 506.380737305, -626.326965332, 469.354614258, -357.746673584, 381.495513916, -501.351867676, 310.535095215], [-1019.80383301, -250.17401123, 1041.54394531, 280.784545898, 284.18258667, 157.616500854, 41.1111106873, 35.2254257202, -12.6993618011, 19.3339920044, -8.9344625473, 11.5010795593, -29.8087673187], [1988.94702148, -1075.43676758, 280.784545898, 819.784484863, 23.408449173, 272.472869873, -52.8139419556, 115.159889221, -73.4145431519, 22.2091655731, -66.0661392212, 62.8771858215, -55.3841018677], [-1546.34814453, 543.732910156, 284.18258667, 23.408449173, 447.813323975, 52.0011634827, 203.905075073, -42.1176795959, 103.834396362, -16.6474018097, 70.8789825439, -56.6665267944, 38.7759628296], [932.59765625, -822.658874512, 157.616500854, 272.472869873, 52.0011634827, 325.364318848, 39.4962539673, 155.996002197, -25.9479885101, 76.8331604004, -29.6869316101, 89.283744812, -36.1120071411], [-934.320495605, 506.380737305, 41.1111106873, -52.8139419556, 203.905075073, 39.4962539673, 289.933013916, 27.337430954, 136.84236145, -0.715376615524, 84.0777740479, -25.3671855927, 57.7789840698], [773.203552246, -626.326965332, 35.2254257202, 115.159889221, -42.1176795959, 155.996002197, 27.337430954, 236.385498047, 18.9073791504, 106.362197876, -14.4789361954, 102.55922699, 1.04560184479], [-627.347412109, 469.354614258, -12.6993618011, -73.4145431519, 103.834396362, -25.9479885101, 136.84236145, 18.9073791504, 179.330062866, 33.9463157654, 90.2413787842, -24.5419807434, 68.8128051758], [443.180419922, -357.746673584, 19.3339920044, 22.2091655731, -16.6474018097, 76.8331604004, -0.715376615524, 106.362197876, 33.9463157654, 133.918212891, 32.0237464905, 86.9394989014, 6.9994969368], [-664.917480469, 381.495513916, -8.9344625473, -66.0661392212, 70.8789825439, -29.6869316101, 84.0777740479, -14.4789361954, 90.2413787842, 32.0237464905, 124.529998779, 14.3629732132, 63.6885604858], [763.943786621, -501.351867676, 11.5010795593, 62.8771858215, -56.6665267944, 89.283744812, -25.3671855927, 102.55922699, -24.5419807434, 86.9394989014, 14.3629732132, 144.157684326, 17.038482666], [-558.86126709, 310.535095215, -29.8087673187, -55.3841018677, 38.7759628296, -36.1120071411, 57.7789840698, 1.04560184479, 68.8128051758, 6.9994969368, 63.6885604858, 17.038482666, 99.6039886475]],
        "icov": [[8.07578471722e-05, -5.52931815037e-05, 0.0001048610211, -0.000203627496376, 0.000161983960425, -8.15389576019e-05, 5.53158242838e-05, 5.53647732886e-05, -0.00020349487022, -9.78066964308e-05, 0.000379179371521, -0.000517412845511, 0.00041188657633], [-5.52931815037e-05, 0.00119335576892, -0.000116175040603, 0.000710642198101, -0.000499784655403, 0.00124096148647, -0.000720479059964, 0.000635153031908, -0.000515523483045, 0.00127493753098, -0.00186318566557, 0.00210717623122, -0.0015171674313], [0.0001048610211, -0.000116175040603, 0.00150860811118, -0.000592577445786, -0.000914345437195, -0.000240399647737, 0.000509269186296, -0.000128539380967, -2.66478327831e-05, -0.000263096153503, 0.000550242082682, -0.000855634338222, 0.00087870034622], [-0.000203627496376, 0.000710642198101, -0.000592577445786, 0.00271678669378, -0.000612612522673, -0.000833432481159, 0.000275718484772, -0.000118879994261, -5.23177477589e-05, 0.00192958023399, -0.00182713917457, 0.00201068818569, -0.00152224779595], [0.000161983960425, -0.000499784655403, -0.000914345437195, -0.000612612522673, 0.00532224448398, -0.00169441569597, -0.00238474621437, 0.00169490172993, -0.000487244193209, -0.00139726430643, 0.000892360636499, -0.000118758653116, 0.000416588911321], [-8.15389576019e-05, 0.00124096148647, -0.000240399647737, -0.000833432481159, -0.00169441569597, 0.00879424903542, -0.00256609451026, -0.00204442744143, 0.000945526058786, -6.97320137988e-05, -0.00109634164255, 0.000273709563771, 0.000502120587043], [5.53158242838e-05, -0.000720479059964, 0.000509269186296, 0.000275718484772, -0.00238474621437, -0.00256609451026, 0.00911508779973, -0.0027735424228, -0.00409265095368, 0.00356990145519, -0.00155248399824, -0.00159638363402, 0.00144429202192], [5.53647732886e-05, 0.000635153031908, -0.000128539380967, -0.000118879994261, 0.00169490172993, -0.00204442744143, -0.0027735424228, 0.0117257125676, -0.00312584429048, -0.00483548687771, 0.00480532925576, -0.00280404603109, -0.00178299332038], [-0.00020349487022, -0.000515523483045, -2.66478327831e-05, -5.23177477589e-05, -0.000487244193209, 0.000945526058786, -0.00409265095368, -0.00312584429048, 0.0179679952562, -0.00760561320931, -0.00534480717033, 0.00899926479906, -0.00663303537294], [-9.78066964308e-05, 0.00127493753098, -0.000263096153503, 0.00192958023399, -0.00139726430643, -6.97320137988e-05, 0.00356990145519, -0.00483548687771, -0.00760561320931, 0.0227411687374, -0.00750748626888, -0.00711655896157, 0.00464327074587], [0.000379179371521, -0.00186318566557, 0.000550242082682, -0.00182713917457, 0.000892360636499, -0.00109634164255, -0.00155248399824, 0.00480532925576, -0.00534480717033, -0.00750748626888, 0.0236049517989, -0.00887651834637, -0.00216456362978], [-0.000517412845511, 0.00210717623122, -0.000855634338222, 0.00201068818569, -0.000118758653116, 0.000273709563771, -0.00159638363402, -0.00280404603109, 0.00899926479906, -0.00711655896157, -0.00887651834637, 0.0258190799505, -0.0119677782059], [0.00041188657633, -0.0015171674313, 0.00087870034622, -0.00152224779595, 0.000416588911321, 0.000502120587043, 0.00144429202192, -0.00178299332038, -0.00663303537294, 0.00464327074587, -0.00216456362978, -0.0119677782059, 0.0233856830746]]
    },
    "melbands": {
        "dmean": [0.00275819166563, 0.0023646694608, 0.00109071435872, 0.000535276718438, 0.000239679080551, 0.000196400666027, 0.000143589204527, 0.000122438723338, 7.9170364188e-05, 6.69684377499e-05, 5.4164462199e-05, 3.8895275793e-05, 4.4503078243e-05, 2.91271117021e-05, 2.68844196398e-05, 2.58319905697e-05, 2.10936177609e-05, 1.74063934537e-05, 1.68944443431e-05, 1.6087649783e-05, 1.31081051222e-05, 1.33098174047e-05, 1.18884754556e-05, 1.18483458209e-05, 1.03369911812e-05, 8.33239391795e-06, 7.50296476326e-06, 7.35364710636e-06, 6.70560530125e-06, 5.06481092089e-06, 4.79711616208e-06, 4.35884658145e-06, 4.05613809562e-06, 3.69984036297e-06, 3.02808666675e-06, 2.5751855901e-06, 2.20414335672e-06, 1.84727025498e-06, 1.48257413457e-06, 1.25895167002e-06],
        "dmean2": [0.00365278963, 0.00324251293205, 0.00171700946521, 0.000910096801817, 0.000415386282839, 0.000340530154062, 0.000249559147051, 0.000200707494514, 0.0001340831368, 0.000112438268843, 8.92615498742e-05, 6.36072581983e-05, 7.31619511498e-05, 4.92669169034e-05, 4.46270387329e-05, 4.35828515037e-05, 3.59036166628e-05, 3.02327043755e-05, 2.8850761737e-05, 2.74825160886e-05, 2.24328468903e-05, 2.26962456509e-05, 2.01578259293e-05, 2.00314261747e-05, 1.71659994521e-05, 1.41076561704e-05, 1.24081243484e-05, 1.2175091797e-05, 1.14052718345e-05, 8.3338964032e-06, 7.71744271333e-06, 6.89487842465e-06, 6.19060392637e-06, 5.83667087994e-06, 4.58067870568e-06, 3.9983701754e-06, 3.39982784681e-06, 2.72352235697e-06, 2.22627204494e-06, 1.95138773051e-06],
        "dvar": [2.03585259442e-05, 2.21721784328e-05, 8.3346176325e-06, 2.87618263428e-06, 4.00155784064e-07, 1.66586033856e-07, 9.84091741429e-08, 5.08706072821e-08, 2.48662086477e-08, 1.47459875421e-08, 9.45251255047e-09, 6.69703270617e-09, 1.15320650806e-08, 4.30720525912e-09, 3.30238325574e-09, 3.6382232782e-09, 1.72767100626e-09, 1.85228199445e-09, 1.14201970103e-09, 8.68836391721e-10, 6.90244805757e-10, 6.83173739802e-10, 4.84006446033e-10, 4.77745398797e-10, 4.88111939756e-10, 2.1876921108e-10, 1.76312714428e-10, 1.8159841686e-10, 1.86524018453e-10, 9.53531906212e-11, 8.53746379148e-11, 7.54047588258e-11, 6.11127745631e-11, 7.35812868968e-11, 3.26295761244e-11, 2.24059035214e-11, 2.01112963089e-11, 1.28706160313e-11, 8.51391873669e-12, 6.54308465048e-12],
        "dvar2": [3.35974655172e-05, 4.07108309446e-05, 2.00601261895e-05, 7.69665621192e-06, 1.10949736154e-06, 4.71734495022e-07, 2.75557141549e-07, 1.31810296011e-07, 6.70407089842e-08, 3.98145374447e-08, 2.37806787595e-08, 1.55846819894e-08, 2.92960855575e-08, 1.10672164766e-08, 8.0505424549e-09, 8.63768878645e-09, 4.57782700636e-09, 5.2023154673e-09, 3.13605852398e-09, 2.39640929323e-09, 1.86464532703e-09, 1.86050352902e-09, 1.29471200427e-09, 1.28554245027e-09, 1.29332877741e-09, 5.91793669624e-10, 4.5002421234e-10, 4.41776892846e-10, 5.11255926483e-10, 2.45410941568e-10, 2.0785483057e-10, 1.85134532704e-10, 1.38773520453e-10, 1.90505153319e-10, 7.37641475679e-11, 5.19541458466e-11, 4.8788074275e-11, 2.66903426444e-11, 1.83556295164e-11, 1.50967155443e-11],
        "max": [0.0602776817977, 0.0573024004698, 0.0503659956157, 0.0239292755723, 0.00848207529634, 0.00638373568654, 0.00561498990282, 0.00297113182023, 0.00229863799177, 0.00204390613362, 0.00195434573106, 0.00171491852961, 0.00322020961903, 0.00134293816518, 0.00161737808958, 0.00200051791035, 0.000586901442148, 0.000550544296857, 0.0008481174591, 0.000454209628515, 0.000526942778379, 0.000530442805029, 0.000446013727924, 0.000356603675755, 0.000825203431305, 0.000221246766159, 0.000248594093136, 0.000369474757463, 0.000221878814045, 0.000197840985493, 0.000205241609365, 0.000198476744117, 0.000189156242413, 0.00021349095914, 8.54599711602e-05, 7.41715775803e-05, 9.50962785282e-05, 0.000103182050225, 5.04755262227e-05, 3.58330689778e-05],
        "mean": [0.0080546522513, 0.00435757217929, 0.00132535491139, 0.000544430688024, 0.000275613245321, 0.000249621807598, 0.000179766866495, 0.000176114044734, 0.000111502115033, 0.000100175697298, 7.8943266999e-05, 5.60399021197e-05, 6.42550439807e-05, 4.01932920795e-05, 3.78928998543e-05, 3.38331155945e-05, 2.96839843941e-05, 2.21747886826e-05, 2.36568121181e-05, 2.41340112552e-05, 2.00508966373e-05, 2.03988656722e-05, 1.88169815374e-05, 1.89334459719e-05, 1.72866020876e-05, 1.35832915475e-05, 1.31328197313e-05, 1.28320662043e-05, 1.10621722342e-05, 9.06792865862e-06, 8.95647008292e-06, 8.19667457108e-06, 7.82572806202e-06, 6.91123022989e-06, 6.08576374361e-06, 5.15448527949e-06, 4.29218562203e-06, 3.74071873921e-06, 2.9997911497e-06, 2.44414422923e-06],
        "median": [0.00377947231755, 0.00191679899581, 0.000377344025765, 0.000153625907842, 0.000116167335364, 0.000121579199913, 9.07566427486e-05, 6.58367716824e-05, 5.05886855535e-05, 4.87567449454e-05, 3.37274323101e-05, 1.79185371962e-05, 2.14952124225e-05, 1.34561141749e-05, 1.30976095534e-05, 1.21057655633e-05, 1.0857336747e-05, 8.31044599181e-06, 1.06739789771e-05, 1.17426097859e-05, 1.00882152765e-05, 1.07707892312e-05, 9.2776153906e-06, 9.11097140488e-06, 8.16353076516e-06, 6.18198464508e-06, 6.58777071294e-06, 5.82429765927e-06, 4.96450957144e-06, 4.03702006224e-06, 3.85194925911e-06, 3.19959326589e-06, 2.98653344544e-06, 2.636100362e-06, 2.36010555454e-06, 2.04699085771e-06, 1.50335313265e-06, 1.38801465255e-06, 1.10612609205e-06, 8.37768482143e-07],
        "min": [2.69657151536e-24, 2.5010744281e-24, 5.51809702038e-24, 1.24256725372e-24, 4.23842027056e-24, 1.31605497185e-24, 5.63230711894e-24, 8.43439903557e-24, 5.03097028381e-24, 2.80717868895e-24, 6.15614546989e-24, 5.32244097765e-24, 6.7029140352e-24, 8.61161584906e-24, 4.61328184513e-24, 6.16998011802e-24, 4.87207358154e-24, 6.59322884279e-24, 8.89064936188e-24, 9.00547043321e-24, 4.96470162903e-24, 9.32533380876e-24, 8.83969920259e-24, 9.9112160699e-24, 6.35684588368e-24, 6.78060579031e-24, 7.57963669032e-24, 8.44443807945e-24, 5.96184271805e-24, 8.69047511831e-24, 5.6661468852e-24, 6.03985396183e-24, 5.54691134823e-24, 7.15484613691e-24, 7.01883389508e-24, 7.73348981039e-24, 6.97999669499e-24, 8.45075212213e-24, 8.88151987462e-24, 6.8751870574e-24],
        "var": [8.61809458002e-05, 4.49691724498e-05, 9.36069227464e-06, 2.28225962928e-06, 3.10261242475e-07, 1.50329128701e-07, 8.41154985665e-08, 8.25597510357e-08, 3.09816314825e-08, 2.16947455556e-08, 1.48027652358e-08, 1.15652003529e-08, 1.64654032631e-08, 6.35084074219e-09, 6.00404215234e-09, 6.1777218896e-09, 2.47207143644e-09, 1.81051884596e-09, 1.40021128026e-09, 1.27881349954e-09, 9.71588365317e-10, 9.1417856618e-10, 7.60780494158e-10, 8.21726187095e-10, 8.94386342765e-10, 3.50852513709e-10, 3.24712257083e-10, 3.96246258028e-10, 2.72740885432e-10, 1.8362425469e-10, 1.91814605865e-10, 1.71364616941e-10, 1.48711321035e-10, 1.32448052526e-10, 8.80622172406e-11, 6.30078489383e-11, 4.90868769243e-11, 3.70875864741e-11, 2.29008357416e-11, 1.60614507805e-11]
    },
    "mfcc": {
        "mean": [-664.217895508, 108.138168335, 16.860710144, 29.5030612946, 10.8604660034, 12.2501964569, 6.75153541565, 10.370426178, 6.40545606613, 8.14063358307, 5.32442092896, 5.81491088867, 4.06739234924],
        "cov": [[18528.3066406, -3458.28320312, -792.641601562, 397.080230713, -310.52432251, -120.289245605, -144.305282593, 191.212265015, -51.5921211243, -105.301399231, -147.929016113, -14.6107645035, -16.596830368], [-3458.28320312, 4363.77050781, -222.223968506, -239.763946533, -125.401695251, -158.593322754, -128.69883728, -209.316726685, -60.1924591064, 34.6423492432, 62.1658821106, 6.37693500519, -39.8225708008], [-792.641601562, -222.223968506, 659.697387695, 217.302536011, 216.300537109, 120.184410095, 102.246101379, 49.049369812, 28.4404640198, 16.223115921, 8.66595840454, -6.78765106201, 14.9957075119], [397.080230713, -239.763946533, 217.302536011, 403.517944336, 160.087875366, 125.032691956, 65.6676864624, 69.5765304565, 27.1190624237, 15.7396278381, -1.43973743916, 4.80201196671, 11.0895309448], [-310.52432251, -125.401695251, 216.300537109, 160.087875366, 278.758789062, 143.449295044, 93.0992584229, 44.1345176697, 35.9687995911, 23.5204238892, 21.4347839355, 8.38523197174, 16.6572990417], [-120.289245605, -158.593322754, 120.184410095, 125.032691956, 143.449295044, 207.851409912, 122.997360229, 78.3310623169, 38.503868103, 29.5859413147, 27.4165363312, 24.3390808105, 24.5637321472], [-144.305282593, -128.69883728, 102.246101379, 65.6676864624, 93.0992584229, 122.997360229, 160.40625, 104.088378906, 57.6677856445, 38.6104698181, 35.6776161194, 29.8212795258, 32.4177398682], [191.212265015, -209.316726685, 49.049369812, 69.5765304565, 44.1345176697, 78.3310623169, 104.088378906, 137.758407593, 77.9140319824, 44.3939971924, 29.6759719849, 29.0715103149, 30.2027339935], [-51.5921211243, -60.1924591064, 28.4404640198, 27.1190624237, 35.9687995911, 38.503868103, 57.6677856445, 77.9140319824, 114.270301819, 71.6107254028, 38.2690620422, 28.192483902, 32.0190010071], [-105.301399231, 34.6423492432, 16.223115921, 15.7396278381, 23.5204238892, 29.5859413147, 38.6104698181, 44.3939971924, 71.6107254028, 95.762336731, 54.1322364807, 28.0791015625, 28.0637588501], [-147.929016113, 62.1658821106, 8.66595840454, -1.43973743916, 21.4347839355, 27.4165363312, 35.6776161194, 29.6759719849, 38.2690620422, 54.1322364807, 79.4182434082, 49.3275947571, 26.9932384491], [-14.6107645035, 6.37693500519, -6.78765106201, 4.80201196671, 8.38523197174, 24.3390808105, 29.8212795258, 29.0715103149, 28.192483902, 28.0791015625, 49.3275947571, 72.1490631104, 42.9407730103], [-16.596830368, -39.8225708008, 14.9957075119, 11.0895309448, 16.6572990417, 24.5637321472, 32.4177398682, 30.2027339935, 32.0190010071, 28.0637588501, 26.9932384491, 42.9407730103, 82.8367538452]],
