{
"lowlevel": {
    "average_loudness": 0.926924824715,
    "barkbands_crest": {
        "dmean": 2.69188952446,
        "dmean2": 4.06325054169,
        "dvar": 7.59260797501,
        "dvar2": 16.0051746368,
        "max": 26.2378196716,
        "mean": 9.84133529663,
        "median": 9.16133880615,
        "min": 2.08966326714,
        "var": 22.6602725983
    },
    "barkbands_flatness_db": {
        "dmean": 0.0254469290376,
        "dmean2": 0.0358951725066,
        "dvar": 0.000872929464094,
        "dvar2": 0.00162737106439,
        "max": 0.417420506477,
        "mean": 0.101563878357,
        "median": 0.085563890636,
        "min": 0.0151915680617,
        "var": 0.00342877628282
    },
    "barkbands_kurtosis": {
        "dmean": 4.18175935745,
        "dmean2": 6.27997589111,
        "dvar": 310.389465332,
        "dvar2": 671.328125,
        "max": 471.245727539,
        "mean": 3.46341705322,
        "median": -0.124649405479,
        "min": -1.78486204147,
        "var": 344.472015381
    },
    "barkbands_skewness": {
        "dmean": 0.679864883423,
        "dmean2": 0.987290680408,
        "dvar": 1.04486465454,
        "dvar2": 1.92666828632,
        "max": 17.1821479797,
        "mean": 1.19939577579,
        "median": 0.911297082901,
        "min": -2.98608160019,
        "var": 2.53103423119
    },
    "barkbands_spread": {
        "dmean": 10.0625772476,
        "dmean2": 15.1862649918,
        "dvar": 97.9418182373,
        "dvar2": 217.606216431,
        "max": 103.866111755,
        "mean": 37.3545532227,
        "median": 37.150844574,
        "min": 0.369307488203,
        "var": 297.625335693
    },
    "dissonance": {
        "dmean": 0.0117243621498,
        "dmean2": 0.0202190745622,
        "dvar": 0.000163604854606,
        "dvar2": 0.000448364968179,
        "max": 0.499999970198,
        "mean": 0.48488882184,
        "median": 0.489031612873,
        "min": 0.284201294184,
        "var": 0.000225552503252
    },
    "dynamic_complexity": 2.6127679348,
    "erbbands_crest": {
        "dmean": 2.3896048069,
        "dmean2": 3.92917776108,
        "dvar": 5.70460939407,
        "dvar2": 13.930934906,
        "max": 32.0444717407,
        "mean": 7.14088773727,
        "median": 6.12790822983,
        "min": 2.3006567955,
        "var": 13.0219039917
    },
    "erbbands_flatness_db": {
        "dmean": 0.0186522006989,
        "dmean2": 0.0278103277087,
        "dvar": 0.000340101862093,
        "dvar2": 0.000701021694113,
        "max": 0.557685792446,
        "mean": 0.135505914688,
        "median": 0.128015905619,
        "min": 0.0471140146255,
        "var": 0.00189959979616
    },
    "erbbands_kurtosis": {
        "dmean": 0.850666940212,
        "dmean2": 1.39572370052,
        "dvar": 1.77451348305,
        "dvar2": 4.46962022781,
        "max": 40.9283905029,
        "mean": 0.21684525907,
        "median": -0.17505967617,
        "min": -1.80217683315,
        "var": 2.57618522644
    },
    "erbbands_skewness": {
        "dmean": 0.378523528576,
        "dmean2": 0.59573674202,
        "dvar": 0.130960643291,
        "dvar2": 0.310097545385,
        "max": 3.96887183189,
        "mean": 0.00674580829218,
        "median": -0.0291440617293,
        "min": -3.01798892021,
        "var": 0.331231445074
    },
    "erbbands_spread": {
        "dmean": 9.02546310425,
        "dmean2": 13.9348831177,
        "dvar": 110.582008362,
        "dvar2": 259.07244873,
        "max": 172.826644897,
        "mean": 36.6807327271,
        "median": 34.4946670532,
        "min": 1.15446770191,
        "var": 246.143447876
    },
    "hfc": {
        "dmean": 15.2071619034,
        "dmean2": 21.8612346649,
        "dvar": 328.21987915,
        "dvar2": 704.330688477,
        "max": 230.606002808,
        "mean": 37.4544830322,
        "median": 31.5342025757,
        "min": 1.1366296738e-16,
        "var": 872.17767334
    },
    "melbands_crest": {
        "dmean": 4.44221258163,
        "dmean2": 6.58134937286,
        "dvar": 20.1632804871,
        "dvar2": 43.6321716309,
        "max": 37.5989761353,
        "mean": 20.2016239166,
        "median": 20.6063594818,
        "min": 1.55693721771,
        "var": 78.7933731079
    },
    "melbands_flatness_db": {
        "dmean": 0.0339015647769,
        "dmean2": 0.0477088578045,
        "dvar": 0.00140767812263,
        "dvar2": 0.00273805717006,
        "max": 0.526768267155,
        "mean": 0.158722832799,
        "median": 0.144412577152,
        "min": 0.00704649882391,
        "var": 0.00599567312747
    },
    "melbands_kurtosis": {
        "dmean": 11.580997467,
        "dmean2": 17.4345302582,
        "dvar": 1750.51086426,
        "dvar2": 3623.30883789,
        "max": 898.600952148,
        "mean": 14.1847476959,
        "median": 4.53283405304,
        "min": -1.73827528954,
        "var": 2104.71679688
    },
    "melbands_skewness": {
        "dmean": 0.96924585104,
        "dmean2": 1.41705262661,
        "dvar": 2.28111100197,
        "dvar2": 4.38168811798,
        "max": 25.7081050873,
        "mean": 2.55641913414,
        "median": 2.08555316925,
        "min": -2.95655727386,
        "var": 5.15952444077
    },
    "melbands_spread": {
        "dmean": 12.791934967,
        "dmean2": 19.7911224365,
        "dvar": 190.310180664,
        "dvar2": 460.726257324,
        "max": 180.85307312,
        "mean": 39.3899612427,
        "median": 36.9758834839,
        "min": 0.410436034203,
        "var": 518.204406738
    },
    "pitch_salience": {
        "dmean": 0.0886981785297,
        "dmean2": 0.135219395161,
        "dvar": 0.00839314982295,
        "dvar2": 0.0190284699202,
        "max": 0.981996774673,
        "mean": 0.505926370621,
        "median": 0.51670229435,
        "min": 0.0486271120608,
        "var": 0.0256262589246
    },
    "silence_rate_20dB": {
        "dmean": 0,
        "dmean2": 0,
        "dvar": 0,
        "dvar2": 0,
        "max": 1,
        "mean": 1,
        "median": 1,
        "min": 1,
        "var": 0
    },
    "silence_rate_30dB": {
        "dmean": 0.0021354847122,
        "dmean2": 0.00427147606388,
        "dvar": 0.00213085394353,
        "dvar2": 0.00638914294541,
        "max": 1,
        "mean": 0.998932361603,
        "median": 1,
        "min": 0,
        "var": 0.00106644129846
    },
    "silence_rate_60dB": {
        "dmean": 0.00189820851665,
        "dmean2": 0.0037968675606,
        "dvar": 0.00189480208792,
        "dvar2": 0.00449475506321,
        "max": 1,
        "mean": 0.0372479222715,
        "median": 0,
        "min": 0,
        "var": 0.0358616299927
    },
    "spectral_centroid": {
        "dmean": 352.002044678,
        "dmean2": 535.565673828,
        "dvar": 122378.367188,
        "dvar2": 254276.625,
        "max": 11170.3359375,
        "mean": 2210.38891602,
        "median": 2322.74560547,
        "min": 178.781402588,
        "var": 424794.28125
    },
    "spectral_complexity": {
        "dmean": 6.98018741608,
        "dmean2": 9.85666847229,
        "dvar": 43.6826057434,
        "dvar2": 80.7630233765,
        "max": 64,
        "mean": 30.9066429138,
        "median": 33,
        "min": 0,
        "var": 212.868026733
    },
    "spectral_decrease": {
        "dmean": 1.95788696367e-09,
        "dmean2": 2.98830271639e-09,
        "dvar": 5.64873285788e-18,
        "dvar2": 1.30644310377e-17,
        "max": -5.28745950453e-29,
        "mean": -7.7251929298e-09,
        "median": -7.26872206869e-09,
        "min": -3.16206865136e-08,
        "var": 1.84860143091e-17
    },
    "spectral_energy": {
        "dmean": 0.00799329392612,
        "dmean2": 0.0120756346732,
        "dvar": 8.83406391949e-05,
        "dvar2": 0.00020533548377,
        "max": 0.120795980096,
        "mean": 0.0325539559126,
        "median": 0.0317724905908,
        "min": 1.05091277341e-20,
        "var": 0.000295417150483
    },
    "spectral_energyband_high": {
        "dmean": 0.00142245087773,
        "dmean2": 0.00206850096583,
        "dvar": 3.79731091016e-06,
        "dvar2": 8.3267732407e-06,
        "max": 0.032602481544,
        "mean": 0.00265905889682,
        "median": 0.00182393344585,
        "min": 7.4007736314e-21,
        "var": 8.09529683465e-06
    },
    "spectral_energyband_low": {
        "dmean": 0.00587952882051,
        "dmean2": 0.00862147659063,
        "dvar": 7.67294404795e-05,
        "dvar2": 0.000158120150445,
        "max": 0.110282719135,
        "mean": 0.0163267701864,
        "median": 0.012018497102,
        "min": 1.04973783767e-22,
        "var": 0.000238178385189
    },
    "spectral_energyband_middle_high": {
        "dmean": 0.00297662173398,
        "dmean2": 0.00443412642926,
        "dvar": 1.05955232357e-05,
        "dvar2": 2.34132039623e-05,
        "max": 0.0449465103447,
        "mean": 0.00817440263927,
        "median": 0.00730862654746,
        "min": 1.53442670058e-21,
        "var": 3.54350740963e-05
    },
    "spectral_energyband_middle_low": {
        "dmean": 0.00390951614827,
        "dmean2": 0.00659422110766,
        "dvar": 5.89488736296e-05,
        "dvar2": 0.000163342192536,
        "max": 0.0827425122261,
        "mean": 0.00559103908017,
        "median": 0.00382212363183,
        "min": 4.34655744967e-22,
        "var": 4.72972278658e-05
    },
    "spectral_entropy": {
        "dmean": 0.142369955778,
        "dmean2": 0.214339375496,
        "dvar": 0.0353395566344,
        "dvar2": 0.0766273587942,
        "max": 9.80196666718,
        "mean": 8.05858039856,
        "median": 8.13670349121,
        "min": 5.55848312378,
        "var": 0.114868327975
    },
    "spectral_flux": {
        "dmean": 0.0244590416551,
        "dmean2": 0.0369603447616,
        "dvar": 0.000813605554868,
        "dvar2": 0.00164257432334,
        "max": 0.361029118299,
        "mean": 0.102324098349,
        "median": 0.0989687517285,
        "min": 1.02514038924e-10,
        "var": 0.00240555312485
    },
    "spectral_kurtosis": {
        "dmean": 1.17164039612,
        "dmean2": 1.89376151562,
        "dvar": 3.04322624207,
        "dvar2": 7.166056633,
        "max": 69.0286102295,
        "mean": 3.45885705948,
        "median": 2.87841558456,
        "min": -1.2207505703,
        "var": 8.41388130188
    },
    "spectral_rms": {
        "dmean": 0.000712122418918,
        "dmean2": 0.00107173749711,
        "dvar": 6.60728574076e-07,
        "dvar2": 1.50411949562e-06,
        "max": 0.0108558619395,
        "mean": 0.00537344347686,
        "median": 0.00556754413992,
        "min": 3.20200051369e-12,
        "var": 2.88609999188e-06
    },
    "spectral_rolloff": {
        "dmean": 977.232666016,
        "dmean2": 1524.54956055,
        "dvar": 1523420.375,
        "dvar2": 3277251,
        "max": 19078.4179688,
        "mean": 2449.18603516,
        "median": 2131.78710938,
        "min": 21.533203125,
        "var": 4015512.75
    },
    "spectral_skewness": {
        "dmean": 0.191752851009,
        "dmean2": 0.299880981445,
        "dvar": 0.0483173280954,
        "dvar2": 0.113830178976,
        "max": 6.15349197388,
        "mean": 1.34449970722,
        "median": 1.30274367332,
        "min": 0.00352132320404,
        "var": 0.129333987832
    },
    "spectral_spread": {
        "dmean": 674574.8125,
        "dmean2": 980768.25,
        "dvar": 581343051776,
        "dvar2": 1.07917534822e+12,
        "max": 40281236,
        "mean": 5006473.5,
        "median": 4951408.5,
        "min": 730140.625,
        "var": 2.50330585498e+12
    },
    "spectral_strongpeak": {
        "dmean": 0.340402126312,
        "dmean2": 0.608761429787,
        "dvar": 0.561042964458,
        "dvar2": 1.53826713562,
        "max": 11.2934923172,
        "mean": 0.450967222452,
        "median": 0.240024447441,
        "min": 0,
        "var": 0.506953775883
    },
    "zerocrossingrate": {
        "dmean": 0.0181014537811,
        "dmean2": 0.0212114397436,
        "dvar": 0.000322486303048,
        "dvar2": 0.000422991783125,
        "max": 0.63134765625,
        "mean": 0.0844137519598,
        "median": 0.0810546875,
        "min": 0.00341796875,
        "var": 0.00228481623344
    },
    "barkbands": {
        "dmean": [0.00158964295406, 0.00477420492098, 0.0014584492892, 0.000936995551456, 0.0010017408058, 0.000849539472256, 0.000862189743202, 0.000860728207044, 0.00065305858152, 0.000750574166887, 0.000620198785327, 0.000597931037191, 0.000540081295185, 0.000514097104315, 0.000449735060101, 0.000459802395198, 0.000506879005115, 0.000431247783126, 0.000400656863349, 0.000306755304337, 0.000338529411238, 0.000301132007735, 0.000238812062889, 0.000262033194304, 0.000207501303521, 0.000105714832898, 3.10639006784e-05],
        "dmean2": [0.002451620996, 0.00686327461153, 0.0025545952376, 0.00168574473355, 0.00178648473229, 0.00142816873267, 0.00144129153341, 0.00147229118738, 0.00108908023685, 0.00123207492288, 0.001022571465, 0.0010036501335, 0.000875942467246, 0.000840831024107, 0.000743332260754, 0.000749144528527, 0.000810739409644, 0.000679207965732, 0.000633571355138, 0.000488056131871, 0.000523249502294, 0.000455155066447, 0.000359373982064, 0.0003984500363, 0.000321471801726, 0.000155217028805, 5.04618838022e-05],
        "dvar": [8.38297637529e-06, 6.17426412646e-05, 1.79794260475e-05, 9.0790899776e-06, 8.13963833934e-06, 3.45068974639e-06, 3.58975376002e-06, 3.41069267051e-06, 1.03690501874e-06, 1.41728025937e-06, 9.5105622222e-07, 8.08685058473e-07, 8.32304863252e-07, 6.30085253306e-07, 4.95473102546e-07, 6.0932273982e-07, 6.22711752385e-07, 4.20642066956e-07, 4.85854684484e-07, 1.83864713676e-07, 1.99561725367e-07, 3.91332179106e-07, 1.22343578823e-07, 1.85597485824e-07, 1.25748769619e-07, 3.12638306355e-08, 9.80077441426e-09],
        "dvar2": [2.05108062801e-05, 0.000116083523608, 5.07822078362e-05, 2.5691868359e-05, 2.34129638557e-05, 8.90792216524e-06, 9.54395727604e-06, 9.23867264646e-06, 2.69140673481e-06, 3.61027900908e-06, 2.39924020207e-06, 2.16866123992e-06, 2.0493946522e-06, 1.59898092988e-06, 1.27574753606e-06, 1.59769876973e-06, 1.52957102273e-06, 9.98350174086e-07, 1.15356840524e-06, 4.64379382947e-07, 4.66126294896e-07, 9.4227380032e-07, 2.79460863339e-07, 4.45741846988e-07, 2.75268092764e-07, 6.40132569174e-08, 2.52766856335e-08],
        "max": [0.0591909214854, 0.0922121107578, 0.0632247775793, 0.0425948351622, 0.028012925759, 0.0215539876372, 0.0323596522212, 0.0302033945918, 0.0189196299762, 0.0167548302561, 0.0144676268101, 0.0132591873407, 0.0154867628589, 0.0111650498584, 0.0152104441077, 0.0173921305686, 0.0161659307778, 0.00991396233439, 0.0114650679752, 0.013539057225, 0.00798293761909, 0.0183172300458, 0.00535177858546, 0.00824014656246, 0.00455348799005, 0.00271648541093, 0.00138225662522],
        "mean": [0.00371748884209, 0.0110736005008, 0.00148445181549, 0.000813517253846, 0.000966177380178, 0.000865303736646, 0.000960358302109, 0.00087309780065, 0.00084070925368, 0.00109190971125, 0.000867917085998, 0.000894660886843, 0.000808550219517, 0.000720565498341, 0.000682933430653, 0.000731544394512, 0.000818099768367, 0.000744566030335, 0.000682430691086, 0.000545053044334, 0.000567693670746, 0.000489001511596, 0.00040517852176, 0.000410093984101, 0.000309633469442, 0.000156256370246, 3.31715964421e-05],
        "median": [0.0017793396255, 0.00740210292861, 0.000422791985329, 0.000176837958861, 0.000281860411633, 0.000283504312392, 0.000323800428305, 0.000327415298671, 0.000432074943092, 0.00051007111324, 0.000422326673288, 0.000495026237331, 0.0004602552508, 0.000395388458855, 0.000402836070862, 0.000470671220683, 0.000530874938704, 0.000430692336522, 0.000445226323791, 0.000398490548832, 0.000405649625463, 0.000317080121022, 0.000258765503531, 0.000212309736526, 0.000119652584544, 5.0731432566e-05, 4.54534165328e-06],
        "min": [2.14083005168e-24, 3.79832171352e-23, 5.76336160665e-23, 1.81918203611e-23, 1.58502388563e-22, 3.84710708071e-23, 3.168461088e-23, 2.49131203774e-23, 1.19892986263e-22, 1.03012208551e-22, 7.49045454504e-23, 1.0404442989e-22, 5.77579594778e-23, 1.07909873569e-22, 2.95447619346e-22, 1.2805590434e-22, 1.95468296986e-22, 2.5231676926e-22, 1.31388115913e-22, 2.06507364058e-22, 4.72079811182e-22, 4.61485043193e-22, 8.31024144832e-22, 8.08329537978e-22, 1.22733044557e-21, 1.5375383214e-21, 2.27628330983e-21],
        "var": [2.20774636546e-05, 0.000148869090481, 1.23450954561e-05, 6.31705734122e-06, 5.28083637619e-06, 3.00516558127e-06, 3.34048718287e-06, 2.91115384243e-06, 1.44093917243e-06, 2.45417777478e-06, 1.59326577887e-06, 1.35055188366e-06, 1.26003124024e-06, 8.79230015016e-07, 7.66239566019e-07, 9.00201996501e-07, 1.03440265775e-06, 9.35921320888e-07, 7.66366667904e-07, 3.34017101977e-07, 3.62028913514e-07, 4.88132343435e-07, 2.26943555504e-07, 3.07195705318e-07, 2.25709399615e-07, 6.24867197985e-08, 9.32902999295e-09]
    },
    "erbbands": {
        "dmean": [0.254446566105, 0.754356563091, 1.51421010494, 2.56416773796, 3.24938988686, 3.30522608757, 5.03691244125, 7.63599967957, 9.95110607147, 16.435382843, 17.9584732056, 15.0920267105, 18.6461715698, 26.5376605988, 22.5901508331, 23.5760765076, 23.7518463135, 25.2143974304, 22.1639289856, 23.8820991516, 25.1479625702, 26.3568382263, 21.7690963745, 22.2145614624, 18.1717071533, 14.6480503082, 14.0198707581, 13.0419902802, 10.8720779419, 9.31876659393, 6.60199928284, 5.21573352814, 4.54125118256, 2.68885087967, 1.3610534668, 0.609347164631, 0.174357369542, 0.0486999675632, 0.00509656080976, 8.57732084114e-05],
        "dmean2": [0.360069036484, 1.11489963531, 2.61037635803, 4.522544384, 5.89973974228, 5.86737680435, 8.62274074554, 12.8485994339, 16.4871101379, 27.989528656, 30.3437404633, 25.0847702026, 31.4697742462, 42.7791557312, 37.4059143066, 39.8069381714, 38.2645759583, 41, 35.8553466797, 39.1787796021, 40.6520309448, 42.054649353, 33.5950698853, 34.5012245178, 28.6773586273, 23.3330574036, 21.9377365112, 20.4916496277, 16.3264331818, 14.4793186188, 10.0187568665, 7.90083456039, 6.91271877289, 4.10206460953, 2.11233973503, 0.925552904606, 0.262106239796, 0.0742874369025, 0.00827891752124, 0.000132856526761],
        "dvar": [0.16156975925, 2.51142311096, 18.4375343323, 60.4599075317, 107.944366455, 88.1699447632, 99.9125976562, 348.254577637, 388.296173096, 1450.71289062, 1497.58007812, 592.433837891, 994.020935059, 1601.7677002, 1195.42028809, 1417.94555664, 1583.30029297, 1486.55175781, 1188.35510254, 1426.17504883, 1770.71972656, 1614.11608887, 956.680603027, 1254.45043945, 1133.91821289, 478.561309814, 337.133789062, 361.913696289, 591.965698242, 223.201766968, 98.0369491577, 82.1875839233, 57.7003746033, 22.7124977112, 4.82981443405, 1.1006436348, 0.0963501408696, 0.0135309323668, 0.000278299499769, 5.22457810348e-08],
        "dvar2": [0.305247753859, 5.31590223312, 51.3516349792, 169.153701782, 312.918365479, 252.61541748, 265.622161865, 893.180053711, 995.916137695, 3952.01464844, 4024.21630859, 1529.45996094, 2661.8527832, 3968.58154297, 3039.69580078, 3775.63500977, 3865.90820312, 3745.66503906, 3071.97045898, 3649.95361328, 4382.97314453, 3992.64111328, 2252.18383789, 3127.14135742, 2768.51391602, 1237.15942383, 813.63671875, 844.365722656, 1450.40124512, 525.816345215, 225.527267456, 196.324417114, 140.634979248, 50.8713722229, 10.6593980789, 2.42347979546, 0.203802809119, 0.0315257571638, 0.000723612436559, 1.32120106855e-07],
        "max": [4.62671804428, 20.3461074829, 64.1140594482, 113.986831665, 102.12387085, 95.0836181641, 181.883880615, 227.502822876, 304.194458008, 653.192443848, 614.571777344, 380.009765625, 443.061767578, 583.487548828, 549.654418945, 604.995239258, 631.053649902, 688.083129883, 716.257019043, 816.958007812, 981.811401367, 673.136108398, 554.023925781, 679.161315918, 720.31628418, 814.808776855, 292.303833008, 455.633270264, 778.413024902, 255.348312378, 145.291900635, 213.544204712, 90.7246322632, 69.2588500977, 33.1625442505, 10.860915184, 7.8878993988, 1.85516417027, 0.241310745478, 0.00320348679088],
        "mean": [0.632067680359, 1.26203536987, 1.68182039261, 2.46326589584, 2.7827091217, 3.12428569794, 5.3609251976, 7.49896335602, 11.6050748825, 17.060043335, 19.52110672, 19.4818458557, 25.7622051239, 41.0475349426, 34.3238792419, 36.9832420349, 38.1196403503, 38.3475990295, 34.6389541626, 38.5145606995, 42.6606903076, 44.1371459961, 39.5192489624, 39.3417472839, 31.6356430054, 25.8653564453, 23.9438076019, 21.0979766846, 17.4362277985, 15.004940033, 11.1999149323, 8.44823646545, 6.75913572311, 3.93927288055, 1.98376846313, 0.86831253767, 0.252835929394, 0.0635539591312, 0.00530142616481, 0.000133982073748],
        "median": [0.411465883255, 0.657775461674, 0.672380566597, 0.762636423111, 0.715970158577, 0.820192098618, 1.73070549965, 2.34293365479, 4.15497303009, 6.35373210907, 8.34967422485, 9.94918632507, 14.0169277191, 20.0373458862, 19.9001331329, 22.1623458862, 23.2529850006, 23.1328544617, 21.2647705078, 23.5162620544, 28.4205627441, 29.4990959167, 25.5648956299, 23.5867424011, 21.8655796051, 19.1051044464, 17.6048336029, 14.282327652, 11.244137764, 9.69971656799, 7.01517963409, 4.91728115082, 3.14345788956, 1.54831910133, 0.737117290497, 0.266924798489, 0.0828851610422, 0.0156416557729, 0.000697878538631, 6.65190600557e-05],
        "min": [3.21084715242e-22, 1.16082875939e-20, 6.39999074961e-20, 6.3622642051e-20, 2.15738810867e-19, 7.19905264971e-19, 2.56927468138e-19, 4.85972383886e-19, 3.73978875639e-19, 5.3015096303e-19, 1.05813233471e-18, 2.89359917147e-18, 3.30399635378e-18, 2.5209290765e-18, 3.00670536688e-18, 4.52779683516e-18, 3.74349106171e-18, 5.86085836289e-18, 9.21150728963e-18, 1.19911344144e-17, 1.12454476358e-17, 1.04613250828e-17, 8.73065561902e-18, 1.23490736634e-17, 8.28906111311e-18, 9.21606009172e-18, 1.02219448038e-17, 2.34407153361e-17, 1.87688786457e-17, 1.99540084334e-17, 2.20901031037e-17, 1.69521534469e-17, 1.46562011602e-17, 1.038085778e-17, 9.90615702444e-18, 5.52797276026e-18, 3.00934593419e-18, 1.22721808148e-18, 2.56187425833e-19, 3.5596137617e-20],
        "var": [0.439825892448, 3.99586248398, 13.2883005142, 45.5008354187, 65.3935546875, 58.5450935364, 94.7075042725, 294.66293335, 413.226074219, 1215.86828613, 1351.60021973, 804.252868652, 1331.42224121, 3138.02294922, 1995.42993164, 2257.10229492, 2477.99926758, 2210.44775391, 1833.56933594, 2313.99121094, 3184.92016602, 2609.87988281, 2123.69042969, 2510.00146484, 1620.67529297, 787.342468262, 619.191040039, 572.828735352, 689.779602051, 346.366271973, 177.995773315, 130.141159058, 92.6649475098, 38.2932052612, 9.01328372955, 2.03029084206, 0.177673533559, 0.018334435299, 0.000253501813859, 5.78639074433e-08]
    },
    "gfcc": {
        "mean": [28.3333511353, 47.8050193787, -125.814102173, 33.6891403198, -49.1936378479, 28.8945426941, -23.2075500488, 20.842672348, -15.1009531021, 11.0615653992, -9.95764255524, 9.49471664429, -8.08679676056],
        "cov": [[13403.9921875, -1777.07385254, 879.944458008, 937.21496582, -259.65234375, 368.714050293, -526.7890625, 288.825592041, -389.635772705, 151.335144043, -422.907714844, 70.748085022, -381.557556152], [-1777.07385254, 1805.56494141, -212.839141846, 5.30786561966, 70.6290359497, -232.811798096, 111.991500854, -113.5157547, 209.650283813, -24.8343334198, 226.790222168, 1.06722688675, 162.908950806], [879.944458008, -212.839141846, 807.979309082, 225.32862854, 119.438865662, 122.316604614, -37.3034248352, -12.2897443771, -86.6454162598, 7.28773212433, -121.156028748, -22.9182109833, -72.1522445679], [937.21496582, 5.30786561966, 225.32862854, 397.342132568, 134.852783203, 127.899307251, 23.8809490204, 21.4271945953, -7.82701539993, -10.0527000427, -21.1914253235, 5.75593328476, -16.512588501], [-259.65234375, 70.6290359497, 119.438865662, 134.852783203, 389.985717773, 177.104187012, 141.746780396, 26.2336101532, 24.1663608551, 5.08437156677, 7.12313461304, -0.642650306225, 7.73729324341], [368.714050293, -232.811798096, 122.316604614, 127.899307251, 177.104187012, 293.957794189, 121.047462463, 75.0613861084, -12.6869668961, 10.8272600174, -26.0082626343, 0.417619049549, -21.1818733215], [-526.7890625, 111.991500854, -37.3034248352, 23.8809490204, 141.746780396, 121.047462463, 223.658493042, 71.1696090698, 71.7213668823, 16.7132816315, 39.4024238586, 10.1935539246, 26.3338184357], [288.825592041, -113.5157547, -12.2897443771, 21.4271945953, 26.2336101532, 75.0613861084, 71.1696090698, 147.657180786, 53.582408905, 31.2287273407, 2.62251543999, 11.1228494644, -0.333810061216], [-389.635772705, 209.650283813, -86.6454162598, -7.82701539993, 24.1663608551, -12.6869668961, 71.7213668823, 53.582408905, 151.03237915, 61.1672210693, 74.8090591431, 18.0625495911, 33.6942901611], [151.335144043, -24.8343334198, 7.28773212433, -10.0527000427, 5.08437156677, 10.8272600174, 16.7132816315, 31.2287273407, 61.1672210693, 114.841133118, 59.0426979065, 31.515045166, 2.94920659065], [-422.907714844, 226.790222168, -121.156028748, -21.1914253235, 7.12313461304, -26.0082626343, 39.4024238586, 2.62251543999, 74.8090591431, 59.0426979065, 151.484039307, 60.9483337402, 53.1726379395], [70.748085022, 1.06722688675, -22.9182109833, 5.75593328476, -0.642650306225, 0.417619049549, 10.1935539246, 11.1228494644, 18.0625495911, 31.515045166, 60.9483337402, 89.1197280884, 49.2243919373], [-381.557556152, 162.908950806, -72.1522445679, -16.512588501, 7.73729324341, -21.1818733215, 26.3338184357, -0.333810061216, 33.6942901611, 2.94920659065, 53.1726379395, 49.2243919373, 101.077575684]],
        "icov": [[0.00017680854944, -6.79969452904e-05, 7.48674792703e-05, -0.000410420732806, 0.000155431684107, -0.000146766367834, 0.000420908239903, -0.000487164914375, 0.000429158797488, -0.000563450681511, 0.000544977665413, -0.00061300850939, 0.000494720530696], [-6.79969452904e-05, 0.00133636058308, -0.000235485931626, -0.000196976732695, -0.000295783625916, 0.00111792690586, -0.000797226501163, 0.00116011837963, -0.00151029077824, 0.00145416054875, -0.00209849700332, 0.00201788730919, -0.00156009639613], [7.48674792703e-05, -0.000235485931626, 0.00197283248417, -0.000969753076788, -0.000285566551611, -0.000357356708264, 0.00047889596317, 5.42113739357e-05, 0.000932373746764, -0.001741900458, 0.00218719476834, -0.00108920037746, 0.000854244921356], [-0.000410420732806, -0.000196976732695, -0.000969753076788, 0.00465938542038, -0.00100549322087, -0.00118818331975, 0.000126405211631, 0.000715147820301, -0.00164867052808, 0.00239226873964, -0.00126392848324, 0.000201069400646, -0.00031871534884], [0.000155431684107, -0.000295783625916, -0.000285566551611, -0.00100549322087, 0.00460554426536, -0.00211125379428, -0.0015067148488, 0.000649284746032, 0.000153075045091, -0.000590479234233, 0.000520602276083, -0.000226023097639, 9.746626165e-05], [-0.000146766367834, 0.00111792690586, -0.000357356708264, -0.00118818331975, -0.00211125379428, 0.00830056052655, -0.00390079640783, -0.00138350541238, 0.00176466803532, -0.000102917911136, -0.00119362794794, 0.00145639968105, -0.000558819214348], [0.000420908239903, -0.000797226501163, 0.00047889596317, 0.000126405211631, -0.0015067148488, -0.00390079640783, 0.0105248345062, -0.0035376357846, -0.0016904004151, 7.95575251686e-05, 0.000641889753751, -0.00149271695409, 0.000730902072974], [-0.000487164914375, 0.00116011837963, 5.42113739357e-05, 0.000715147820301, 0.000649284746032, -0.00138350541238, -0.0035376357846, 0.0128200193867, -0.00632420368493, 0.00113687315024, 0.000428057421232, 0.000464243494207, -0.00130514707416], [0.000429158797488, -0.00151029077824, 0.000932373746764, -0.00164867052808, 0.000153075045091, 0.00176466803532, -0.0016904004151, -0.00632420368493, 0.0171587057412, -0.00840596668422, -0.000710832013283, 0.00124459853396, -0.000478754634969], [-0.000563450681511, 0.00145416054875, -0.001741900458, 0.00239226873964, -0.000590479234233, -0.000102917911136, 7.95575251686e-05, 0.00113687315024, -0.00840596668422, 0.0186120439321, -0.00833120103925, -0.00032780636684, 0.00148479407653], [0.000544977665413, -0.00209849700332, 0.00218719476834, -0.00126392848324, 0.000520602276083, -0.00119362794794, 0.000641889753751, 0.000428057421232, -0.000710832013283, -0.00833120103925, 0.0199964400381, -0.0115210302174, 0.00190988346003], [-0.00061300850939, 0.00201788730919, -0.00108920037746, 0.000201069400646, -0.000226023097639, 0.00145639968105, -0.00149271695409, 0.000464243494207, 0.00124459853396, -0.00032780636684, -0.0115210302174, 0.0262727662921, -0.0127373700961], [0.000494720530696, -0.00156009639613, 0.000854244921356, -0.00031871534884, 9.746626165e-05, -0.000558819214348, 0.000730902072974, -0.00130514707416, -0.000478754634969, 0.00148479407653, 0.00190988346003, -0.0127373700961, 0.0198283828795]]
    },
    "melbands": {
        "dmean": [0.00173723010812, 0.000764759373851, 0.000456964538898, 0.000232720980421, 0.000166103127412, 0.000166161131347, 0.000159914474352, 0.000184195028851, 0.000140576565173, 9.42500846577e-05, 9.62372578215e-05, 0.000110914705147, 8.00878551672e-05, 6.79495569784e-05, 5.74527221033e-05, 5.46141527593e-05, 5.02355651406e-05, 3.81683967134e-05, 3.59444820788e-05, 3.24306492985e-05, 3.19964528899e-05, 3.0520663131e-05, 2.24368213821e-05, 2.19402154471e-05, 1.88935264305e-05, 1.62144096976e-05, 1.12042189357e-05, 1.01356754385e-05, 9.44886960497e-06, 8.87984606379e-06, 7.28934082872e-06, 6.14983355263e-06, 6.43211069473e-06, 4.92585513712e-06, 3.96146924686e-06, 3.6787382669e-06, 3.20123126585e-06, 3.17151989293e-06, 3.03852084471e-06, 2.13045473174e-06],
        "dmean2": [0.00247661978938, 0.00121702556498, 0.000808036944363, 0.000418939074734, 0.000284954003291, 0.000278868974419, 0.000265020848019, 0.000314004515531, 0.000236721825786, 0.000156901398441, 0.000162142619956, 0.000178489091923, 0.000131875960506, 0.000114467395179, 9.55737414188e-05, 8.82114472915e-05, 8.25602255645e-05, 6.21114159003e-05, 5.96732461418e-05, 5.33494385309e-05, 5.2055431297e-05, 4.9254289479e-05, 3.55349802703e-05, 3.50347690983e-05, 2.99362764054e-05, 2.58249947365e-05, 1.79070211743e-05, 1.63767399499e-05, 1.50560254042e-05, 1.39893791129e-05, 1.16073561003e-05, 9.49373225012e-06, 9.88037027128e-06, 7.69337111706e-06, 6.06392814007e-06, 5.66793823964e-06, 4.92761409987e-06, 4.89565081807e-06, 4.65168432129e-06, 3.2647074022e-06],
        "dvar": [7.31405043553e-06, 3.43069632436e-06, 1.89370155113e-06, 5.37306334536e-07, 1.10077657212e-07, 1.52826487465e-07, 1.02924403222e-07, 1.65812394926e-07, 7.75958710619e-08, 2.28819523329e-08, 2.60632599947e-08, 2.83584622451e-08, 1.59981468073e-08, 1.08799831366e-08, 7.70938957118e-09, 1.05312123466e-08, 6.51174891786e-09, 3.62685126376e-09, 3.37982819509e-09, 3.3919158593e-09, 3.22811488651e-09, 2.46311993024e-09, 1.01243613493e-09, 1.34234301452e-09, 9.75010960858e-10, 1.13145359748e-09, 2.36556635391e-10, 2.51116211158e-10, 1.67957592279e-10, 1.43551809328e-10, 1.24245530531e-10, 2.01907643382e-10, 1.86598736462e-10, 5.41356438843e-11, 3.6787007468e-11, 3.84859817626e-11, 3.29516726405e-11, 2.8644709868e-11, 2.8283705239e-11, 1.55792097972e-11],
        "dvar2": [1.36052685775e-05, 8.75593377714e-06, 5.33352158527e-06, 1.55356281084e-06, 2.96365357144e-07, 3.9163833776e-07, 2.66275833383e-07, 4.52279579122e-07, 2.05727587854e-07, 5.93997100395e-08, 6.95768207493e-08, 6.96051500881e-08, 4.00414066348e-08, 2.92622441833e-08, 1.98295744269e-08, 2.57135646109e-08, 1.66389924061e-08, 9.47614076097e-09, 8.81595951796e-09, 8.84388917655e-09, 7.76467601327e-09, 6.17360473854e-09, 2.5003807913e-09, 3.18719561854e-09, 2.4989426084e-09, 2.74266964695e-09, 5.96037774692e-10, 6.56502519014e-10, 4.13864664761e-10, 3.39170025399e-10, 2.9500804577e-10, 4.99524532849e-10, 4.54519116788e-10, 1.27684182671e-10, 8.71558727966e-11, 9.25991089362e-11, 7.95137081178e-11, 7.11820394295e-11, 6.62719601419e-11, 3.5898454348e-11],
        "max": [0.0315837785602, 0.0282996762544, 0.0187839716673, 0.00718570314348, 0.00557293370366, 0.00476977741346, 0.00463740620762, 0.00604715710506, 0.00430928263813, 0.00203792587854, 0.00231904885732, 0.00245286012068, 0.00223413552158, 0.00154359731823, 0.00140033534262, 0.00213327305391, 0.00140302523505, 0.00104608538095, 0.00136508827563, 0.00147209258284, 0.00145225774031, 0.000922242470551, 0.000462035532109, 0.000674577546306, 0.000627517816611, 0.000681746401824, 0.000360429490684, 0.000610408198554, 0.000264750473434, 0.000196499488084, 0.000290289288387, 0.000482211529743, 0.000317177764373, 0.000103231839603, 8.34438178572e-05, 0.000162734795595, 0.000139475552714, 7.76851520641e-05, 6.08942900726e-05, 5.5024811445e-05],
        "mean": [0.00431302981451, 0.00108853494748, 0.000439395400463, 0.000210507554584, 0.000176676927367, 0.000166075347806, 0.000185269062058, 0.000189412516193, 0.000155709771207, 0.000120299810078, 0.000129691354232, 0.000166985060787, 0.000115354065201, 0.000101064892078, 8.82040039869e-05, 8.11503341538e-05, 7.02192919562e-05, 5.44653885299e-05, 5.29419448867e-05, 4.99890084029e-05, 5.07199511048e-05, 4.73361869808e-05, 3.74091432604e-05, 3.59795049008e-05, 3.14651697408e-05, 2.52712106885e-05, 1.92454135686e-05, 1.65369237948e-05, 1.51162148541e-05, 1.40239626489e-05, 1.12861789603e-05, 9.61592741078e-06, 9.57267184276e-06, 7.84259736974e-06, 6.5298931986e-06, 5.71529471927e-06, 4.96118354931e-06, 4.70904706162e-06, 4.2329338612e-06, 3.01768659483e-06],
        "median": [0.00288205314428, 0.000564937770832, 0.00015078051365, 5.20849207533e-05, 5.85658635828e-05, 5.23720555066e-05, 6.56602933304e-05, 7.00390082784e-05, 6.82393147144e-05, 6.03436928941e-05, 6.69776491122e-05, 7.7788325143e-05, 6.2030274421e-05, 5.58874526178e-05, 5.12042170158e-05, 4.54397450085e-05, 3.87291947845e-05, 3.10549366986e-05, 3.0224209695e-05, 3.07597147184e-05, 3.15732540912e-05, 2.99628809444e-05, 2.55355625995e-05, 1.96579858311e-05, 1.81454415724e-05, 1.56665355462e-05, 1.41595219247e-05, 1.16542414617e-05, 1.06069146568e-05, 9.33444789553e-06, 7.52456162445e-06, 6.09429571341e-06, 5.81431140745e-06, 4.84568545289e-06, 3.94702374251e-06, 3.34243190991e-06, 2.74083276963e-06, 2.22907419811e-06, 1.60306592534e-06, 1.17029571811e-06],
        "min": [6.45257533782e-24, 2.81139045677e-23, 1.320380947e-23, 3.64409751328e-23, 1.46750153368e-23, 9.35555112573e-24, 6.65946199882e-24, 6.07291630566e-24, 1.17420210248e-23, 1.72558132312e-23, 1.65950664925e-23, 1.01449768554e-23, 9.90136319719e-24, 1.0254657709e-23, 1.02869655074e-23, 8.52156974332e-24, 1.01704515406e-23, 1.20564381047e-23, 2.16340748745e-23, 7.22544445477e-24, 1.61530598387e-23, 1.29459450396e-23, 6.00482301561e-24, 1.08816617114e-23, 1.01882774304e-23, 4.59323570624e-24, 6.78966822439e-24, 6.1448434597e-24, 5.20486323188e-24, 1.01300003311e-23, 1.48312634385e-23, 1.08883551962e-23, 9.28229119119e-24, 1.1629851315e-23, 1.15359855447e-23, 1.29605381775e-23, 9.99286238473e-24, 9.41369885192e-24, 1.09242909659e-23, 8.29890744193e-24],
        "var": [1.99150053959e-05, 3.57694011655e-06, 1.34423373765e-06, 3.32607413611e-07, 9.93828805917e-08, 1.31087915634e-07, 1.06527785704e-07, 1.39692346579e-07, 7.73472308424e-08, 3.03264471313e-08, 3.47737092454e-08, 5.61368977969e-08, 2.64984532095e-08, 1.7381813322e-08, 1.32174644563e-08, 1.53861225982e-08, 8.77857608828e-09, 5.1513304733e-09, 4.97224927898e-09, 4.59669680097e-09, 5.88442317095e-09, 3.66031494003e-09, 1.75130543401e-09, 2.71826183784e-09, 1.74487979621e-09, 1.44990497386e-09, 4.12626960378e-10, 3.79981435206e-10, 2.77849521169e-10, 2.4592791692e-10, 1.79999307126e-10, 2.27539181941e-10, 2.17383694379e-10, 9.11612799137e-11, 6.36030741963e-11, 5.8367144451e-11, 4.96181810916e-11, 4.4273737454e-11, 4.52258473727e-11, 2.4091289727e-11]
    },
    "mfcc": {
        "mean": [-607.678710938, 80.8745574951, -11.2771110535, 14.9310941696, 3.78154540062, 11.9917354584, 8.22531032562, 13.8064641953, 7.53654670715, 7.84087514877, 5.76464796066, 8.12835693359, 5.19270420074],
        "cov": [[8459.94628906, -1084.46972656, 201.125427246, 139.276550293, 83.1652603149, -13.4178390503, -51.2100257874, -0.400693237782, -0.531904041767, 16.6755065918, -67.0207977295, -56.2250556946, -39.3308296204], [-1084.46972656, 1401.37097168, -120.427902222, 136.8152771, -33.8630867004, -28.4385261536, -71.8050689697, -23.4223556519, -40.8458938599, 24.7192020416, 49.4985389709, 37.7546920776, 23.7713489532], [201.125427246, -120.427902222, 560.091552734, 104.334495544, 79.6533584595, 49.5383834839, 5.59500169754, -29.7592525482, 8.47703933716, -33.3731613159, -34.6322135925, -19.646686554, -8.18327331543], [139.276550293, 136.8152771, 104.334495544, 264.981140137, 100.472579956, 71.8366165161, 15.2318563461, 23.0327835083, 11.0901451111, -1.9113458395, -5.91442584991, 13.7587518692, 6.89072847366], [83.1652603149, -33.8630867004, 79.6533584595, 100.472579956, 236.692398071, 136.136978149, 93.4542388916, 44.4823989868, 39.8790740967, 6.78783607483, 2.69180297852, 6.01339578629, -0.470400929451], [-13.4178390503, -28.4385261536, 49.5383834839, 71.8366165161, 136.136978149, 230.535461426, 136.24899292, 71.0223999023, 55.5965309143, 15.1457443237, 18.6594810486, 29.6040039062, 13.4702129364], [-51.2100257874, -71.8050689697, 5.59500169754, 15.2318563461, 93.4542388916, 136.24899292, 189.409286499, 99.9473876953, 66.6207962036, 22.1052532196, 18.136724472, 20.8961429596, 12.7089929581], [-0.400693237782, -23.4223556519, -29.7592525482, 23.0327835083, 44.4823989868, 71.0223999023, 99.9473876953, 145.194030762, 77.1217269897, 37.088848114, 15.4849033356, 18.6332836151, 11.1824235916], [-0.531904041767, -40.8458938599, 8.47703933716, 11.0901451111, 39.8790740967, 55.5965309143, 66.6207962036, 77.1217269897, 121.982650757, 54.0471801758, 20.4815425873, 12.9953355789, 4.23804664612], [16.6755065918, 24.7192020416, -33.3731613159, -1.9113458395, 6.78783607483, 15.1457443237, 22.1052532196, 37.088848114, 54.0471801758, 98.8896102905, 53.7870330811, 21.0937976837, 13.0167503357], [-67.0207977295, 49.4985389709, -34.6322135925, -5.91442584991, 2.69180297852, 18.6594810486, 18.136724472, 15.4849033356, 20.4815425873, 53.7870330811, 92.3693313599, 52.5941390991, 24.3018665314], [-56.2250556946, 37.7546920776, -19.646686554, 13.7587518692, 6.01339578629, 29.6040039062, 20.8961429596, 18.6332836151, 12.9953355789, 21.0937976837, 52.5941390991, 92.4240570068, 49.8137664795], [-39.3308296204, 23.7713489532, -8.18327331543, 6.89072847366, -0.470400929451, 13.4702129364, 12.7089929581, 11.1824235916, 4.23804664612, 13.0167503357, 24.3018665314, 49.8137664795, 80.0420532227]],
