{
"lowlevel": {
    "average_loudness": 0.891059100628,
    "barkbands_crest": {
        "dmean": 2.97677993774,
        "dmean2": 4.46709489822,
        "dvar": 9.83707237244,
        "dvar2": 18.7505588531,
        "max": 26.5147895813,
        "mean": 12.1668024063,
        "median": 10.8915872574,
        "min": 2.0318338871,
        "var": 39.5384902954
    },
    "barkbands_flatness_db": {
        "dmean": 0.0300790593028,
        "dmean2": 0.0430784858763,
        "dvar": 0.00151925766841,
        "dvar2": 0.00269155530259,
        "max": 0.702657401562,
        "mean": 0.124950058758,
        "median": 0.104153990746,
        "min": 0.0165418870747,
        "var": 0.00610632263124
    },
    "barkbands_kurtosis": {
        "dmean": 8.87437725067,
        "dmean2": 13.1183900833,
        "dvar": 1774.70483398,
        "dvar2": 3346.92553711,
        "max": 1395.22973633,
        "mean": 14.0642023087,
        "median": 1.19349765778,
        "min": -1.86649096012,
        "var": 4042.69067383
    },
    "barkbands_skewness": {
        "dmean": 0.737167775631,
        "dmean2": 1.06428575516,
        "dvar": 1.75673282146,
        "dvar2": 3.02940034866,
        "max": 33.6801109314,
        "mean": 1.90228974819,
        "median": 1.30233061314,
        "min": -3.86117362976,
        "var": 7.26405572891
    },
    "barkbands_spread": {
        "dmean": 6.50563716888,
        "dmean2": 10.2802562714,
        "dvar": 56.3158073425,
        "dvar2": 127.284553528,
        "max": 133.614654541,
        "mean": 27.3991222382,
        "median": 27.6497707367,
        "min": 0.043896175921,
        "var": 187.672073364
    },
    "dissonance": {
        "dmean": 0.0192073490471,
        "dmean2": 0.0327690467238,
        "dvar": 0.000468526617624,
        "dvar2": 0.00130144401919,
        "max": 0.500000119209,
        "mean": 0.470364719629,
        "median": 0.477228939533,
        "min": 0.201981812716,
        "var": 0.000721392512787
    },
    "dynamic_complexity": 4.48448133469,
    "erbbands_crest": {
        "dmean": 2.92882466316,
        "dmean2": 4.75795507431,
        "dvar": 8.75918388367,
        "dvar2": 20.4713726044,
        "max": 33.7590675354,
        "mean": 9.35711669922,
        "median": 7.86933803558,
        "min": 2.17746424675,
        "var": 28.4575443268
    },
    "erbbands_flatness_db": {
        "dmean": 0.0196964796633,
        "dmean2": 0.0300894770771,
        "dvar": 0.000579656159971,
        "dvar2": 0.00114229682367,
        "max": 0.475882679224,
        "mean": 0.13393317163,
        "median": 0.119903422892,
        "min": 0.0558433905244,
        "var": 0.00287558720447
    },
    "erbbands_kurtosis": {
        "dmean": 1.0593764782,
        "dmean2": 1.66654372215,
        "dvar": 25.9971446991,
        "dvar2": 50.2642936707,
        "max": 276.428344727,
        "mean": 0.818416714668,
        "median": -0.103473901749,
        "min": -1.84609103203,
        "var": 48.749294281
    },
    "erbbands_skewness": {
        "dmean": 0.362682253122,
        "dmean2": 0.564666628838,
        "dvar": 0.217291384935,
        "dvar2": 0.433540821075,
        "max": 14.4058361053,
        "mean": 0.357339650393,
        "median": 0.375961720943,
        "min": -2.91347122192,
        "var": 0.813452363014
    },
    "erbbands_spread": {
        "dmean": 8.39455413818,
        "dmean2": 13.0274248123,
        "dvar": 85.0054016113,
        "dvar2": 178.637832642,
        "max": 179.28843689,
        "mean": 41.8736991882,
        "median": 40.679271698,
        "min": 0.961066782475,
        "var": 368.500244141
    },
    "hfc": {
        "dmean": 11.9767503738,
        "dmean2": 17.0061779022,
        "dvar": 266.794250488,
        "dvar2": 586.13873291,
        "max": 148.86831665,
        "mean": 29.652929306,
        "median": 21.4288005829,
        "min": 1.13476448078e-16,
        "var": 795.831298828
    },
    "melbands_crest": {
        "dmean": 4.07354450226,
        "dmean2": 6.06355237961,
        "dvar": 21.1629428864,
        "dvar2": 38.7619361877,
        "max": 37.4188270569,
        "mean": 18.4333648682,
        "median": 15.9574794769,
        "min": 1.72889566422,
        "var": 98.5
    },
    "melbands_flatness_db": {
        "dmean": 0.0348801389337,
        "dmean2": 0.0496896877885,
        "dvar": 0.00203133584,
        "dvar2": 0.00345659349114,
        "max": 0.843245506287,
        "mean": 0.182519853115,
        "median": 0.161825358868,
        "min": 0.00377582269721,
        "var": 0.00983628444374
    },
    "melbands_kurtosis": {
        "dmean": 26.6428337097,
        "dmean2": 37.5311279297,
        "dvar": 16648.8203125,
        "dvar2": 25222.0664062,
        "max": 3143.81518555,
        "mean": 45.3501777649,
        "median": 7.36271476746,
        "min": -1.74686038494,
        "var": 39777.5078125
    },
    "melbands_skewness": {
        "dmean": 1.15731716156,
        "dmean2": 1.64966511726,
        "dvar": 4.49507951736,
        "dvar2": 6.99647951126,
        "max": 43.2028236389,
        "mean": 3.47758364677,
        "median": 2.36403894424,
        "min": -2.1446595192,
        "var": 17.7608890533
    },
    "melbands_spread": {
        "dmean": 8.55957698822,
        "dmean2": 13.4429330826,
        "dvar": 133.729003906,
        "dvar2": 290.445098877,
        "max": 180.980499268,
        "mean": 29.231628418,
        "median": 25.5653133392,
        "min": 0.07091550529,
        "var": 517.652282715
    },
    "pitch_salience": {
        "dmean": 0.089091271162,
        "dmean2": 0.136217623949,
        "dvar": 0.00946050323546,
        "dvar2": 0.0193081870675,
        "max": 0.993874549866,
        "mean": 0.475898683071,
        "median": 0.5056168437,
        "min": 0.0193025842309,
        "var": 0.0360188931227
    },
    "silence_rate_20dB": {
        "dmean": 0,
        "dmean2": 0,
        "dvar": 0,
        "dvar2": 0,
        "max": 1,
        "mean": 1,
        "median": 1,
        "min": 1,
        "var": 0
    },
    "silence_rate_30dB": {
        "dmean": 0.0115154311061,
        "dmean2": 0.0230335146189,
        "dvar": 0.0113827688619,
        "dvar2": 0.0305656827986,
        "max": 1,
        "mean": 0.991479575634,
        "median": 1,
        "min": 0,
        "var": 0.00844826921821
    },
    "silence_rate_60dB": {
        "dmean": 0.0458314158022,
        "dmean2": 0.0916733816266,
        "dvar": 0.0437353290617,
        "dvar2": 0.0906455591321,
        "max": 1,
        "mean": 0.137938976288,
        "median": 0,
        "min": 0,
        "var": 0.118916496634
    },
    "spectral_centroid": {
        "dmean": 288.016693115,
        "dmean2": 448.300384521,
        "dvar": 94866.3359375,
        "dvar2": 213524.625,
        "max": 11621.6904297,
        "mean": 1882.29272461,
        "median": 1777.58789062,
        "min": 53.7912330627,
        "var": 593381.5625
    },
    "spectral_complexity": {
        "dmean": 5.67273139954,
        "dmean2": 8.1577796936,
        "dvar": 42.7540245056,
        "dvar2": 80.5029907227,
        "max": 59,
        "mean": 19.9509506226,
        "median": 19,
        "min": 0,
        "var": 198.132476807
    },
    "spectral_decrease": {
        "dmean": 2.82697976139e-09,
        "dmean2": 4.14102618862e-09,
        "dvar": 1.34495539232e-17,
        "dvar2": 2.74650251167e-17,
        "max": 3.28891602403e-18,
        "mean": -8.67244764891e-09,
        "median": -6.92246304723e-09,
        "min": -4.22985912962e-08,
        "var": 5.3233039576e-17
    },
    "spectral_energy": {
        "dmean": 0.0114719578996,
        "dmean2": 0.016705121845,
        "dvar": 0.000211543345358,
        "dvar2": 0.000434365792898,
        "max": 0.163654282689,
        "mean": 0.0354215987027,
        "median": 0.0296371337026,
        "min": 1.03006313677e-20,
        "var": 0.000845035421662
    },
    "spectral_energyband_high": {
        "dmean": 0.000965915911365,
        "dmean2": 0.00141684850678,
        "dvar": 2.14521037378e-06,
        "dvar2": 4.86266708322e-06,
        "max": 0.0134998280555,
        "mean": 0.00199829996563,
        "median": 0.00103976216633,
        "min": 7.37802778014e-21,
        "var": 5.8334080677e-06
    },
    "spectral_energyband_low": {
        "dmean": 0.00747069437057,
        "dmean2": 0.0108198504895,
        "dvar": 0.000156225534738,
        "dvar2": 0.000290955038508,
        "max": 0.151362776756,
        "mean": 0.0200833883137,
        "median": 0.00788576435298,
        "min": 4.06995366e-23,
        "var": 0.000557703664526
    },
    "spectral_energyband_middle_high": {
        "dmean": 0.00288641336374,
        "dmean2": 0.00435217935592,
        "dvar": 1.80732658919e-05,
        "dvar2": 3.99619530072e-05,
        "max": 0.0725102946162,
        "mean": 0.00740596605465,
        "median": 0.00440864777192,
        "min": 1.186057243e-21,
        "var": 7.49382088543e-05
    },
    "spectral_energyband_middle_low": {
        "dmean": 0.00458490476012,
        "dmean2": 0.00732594635338,
        "dvar": 5.58826650376e-05,
        "dvar2": 0.000148456500028,
        "max": 0.0634658187628,
        "mean": 0.00671773357317,
        "median": 0.00360708986409,
        "min": 1.45697888651e-22,
        "var": 7.04384074197e-05
    },
    "spectral_entropy": {
        "dmean": 0.150634720922,
        "dmean2": 0.234828650951,
        "dvar": 0.0386823192239,
        "dvar2": 0.0798328071833,
        "max": 9.8179359436,
        "mean": 7.95391559601,
        "median": 7.99515581131,
        "min": 4.62526607513,
        "var": 0.14213500917
    },
    "spectral_flux": {
        "dmean": 0.0344679094851,
        "dmean2": 0.0450152046978,
        "dvar": 0.0011310596019,
        "dvar2": 0.00180498824921,
        "max": 0.337308198214,
        "mean": 0.0973864942789,
        "median": 0.0860236808658,
        "min": 6.63402180412e-11,
        "var": 0.00421403907239
    },
    "spectral_kurtosis": {
        "dmean": 0.91411614418,
        "dmean2": 1.50086736679,
        "dvar": 3.46497368813,
        "dvar2": 8.5310754776,
        "max": 84.8592147827,
        "mean": 3.07504868507,
        "median": 2.57711267471,
        "min": -1.25236546993,
        "var": 6.53702497482
    },
    "spectral_rms": {
        "dmean": 0.000990744563751,
        "dmean2": 0.00143340334762,
        "dvar": 1.30335956783e-06,
        "dvar2": 2.73650971394e-06,
        "max": 0.0126357711852,
        "mean": 0.00519422674552,
        "median": 0.00537719996646,
        "min": 3.17007834913e-12,
        "var": 7.57772613724e-06
    },
    "spectral_rolloff": {
        "dmean": 658.242126465,
        "dmean2": 1085.01733398,
        "dvar": 1111890.375,
        "dvar2": 2502576.25,
        "max": 19379.8828125,
        "mean": 1975.97900391,
        "median": 1399.65820312,
        "min": 43.06640625,
        "var": 3814151.75
    },
    "spectral_skewness": {
        "dmean": 0.152044951916,
        "dmean2": 0.245700508356,
        "dvar": 0.0402964688838,
        "dvar2": 0.0941887646914,
        "max": 6.83092975616,
        "mean": 1.3435343504,
        "median": 1.33772611618,
        "min": -0.07305970788,
        "var": 0.127583533525
    },
    "spectral_spread": {
        "dmean": 507655.4375,
        "dmean2": 762052.3125,
        "dvar": 548811702272,
        "dvar2": 1.1528428585e+12,
        "max": 42235584,
        "mean": 5854009.5,
        "median": 5973783.5,
        "min": 786167.75,
        "var": 3.56083145114e+12
    },
    "spectral_strongpeak": {
        "dmean": 0.552726924419,
        "dmean2": 0.950467705727,
        "dvar": 0.862219154835,
        "dvar2": 2.16542387009,
        "max": 11.7998304367,
        "mean": 0.927951335907,
        "median": 0.479850530624,
        "min": 0,
        "var": 1.64768958092
    },
    "zerocrossingrate": {
        "dmean": 0.0146554661915,
        "dmean2": 0.0162078663707,
        "dvar": 0.000357871933375,
        "dvar2": 0.00038004090311,
        "max": 0.81005859375,
        "mean": 0.0808118134737,
        "median": 0.07421875,
        "min": 0.001953125,
        "var": 0.00307404436171
    },
    "barkbands": {
        "dmean": [0.000723228731658, 0.0065861470066, 0.00293082091957, 0.00149935926311, 0.000995046575554, 0.000718596042134, 0.00083972903667, 0.000782804447226, 0.000882852473296, 0.000884054636117, 0.00105357111897, 0.000753749336582, 0.000353768991772, 0.000328357185936, 0.000295694248052, 0.000288531620754, 0.000266952178208, 0.000253871199675, 0.000210022990359, 0.000176887915586, 0.000253224134212, 0.000211790029425, 0.000190610371646, 0.00017680558085, 0.000112957990495, 8.02063586889e-05, 1.19137430374e-05],
        "dmean2": [0.000786002725363, 0.00981051567942, 0.00513835111633, 0.00279268040322, 0.00168127857614, 0.0011741144117, 0.00134972133674, 0.00126216595527, 0.00139044644311, 0.00138261180837, 0.00173205067404, 0.00117066095117, 0.000554697122425, 0.000531818775926, 0.00047633543727, 0.000472023326438, 0.000419947347837, 0.000417836447014, 0.000347744324245, 0.000273336627288, 0.000406400766224, 0.000326933222823, 0.000291334232315, 0.000284333858872, 0.000166169993463, 0.000115320479381, 1.76540397661e-05],
        "dvar": [1.58873331202e-06, 0.000154126595589, 5.64867441426e-05, 1.86111410585e-05, 3.23932204083e-06, 1.60007607519e-06, 2.4846613087e-06, 2.17059209717e-06, 3.23253311763e-06, 4.7264998102e-06, 8.23202299216e-06, 3.13756936521e-06, 6.36008280708e-07, 4.02569270364e-07, 2.88879533628e-07, 2.99848238683e-07, 4.54372582226e-07, 2.84935055106e-07, 1.2847202413e-07, 7.2515220495e-08, 1.43240356465e-07, 1.16950332085e-07, 7.85275346971e-08, 9.90907125242e-08, 2.77494365264e-08, 1.72280145705e-08, 4.02861966009e-10],
        "dvar2": [1.66299162174e-06, 0.000292433483992, 0.00015219913621, 5.36999141332e-05, 8.65075890033e-06, 3.89036358683e-06, 5.77545870328e-06, 5.2927221077e-06, 7.24857636669e-06, 9.62586454989e-06, 2.02415449166e-05, 6.95423977959e-06, 1.33427681703e-06, 9.62400349636e-07, 6.93789274919e-07, 7.26798361939e-07, 1.0136476476e-06, 6.79178072005e-07, 3.30387393888e-07, 1.69568792785e-07, 3.5267498788e-07, 2.6623538929e-07, 1.76330615886e-07, 2.53385536553e-07, 6.12513346709e-08, 3.93574808299e-08, 8.88791151787e-10],
        "max": [0.0137811526656, 0.132761716843, 0.0592629909515, 0.0322573706508, 0.0172834228724, 0.0152402035892, 0.0359500944614, 0.0274444520473, 0.0357991456985, 0.0599288493395, 0.0569142214954, 0.0463059209287, 0.0232625175267, 0.0134166814387, 0.0104362657294, 0.0151960104704, 0.0173365157098, 0.0131302941591, 0.00440656300634, 0.00391041580588, 0.00573548022658, 0.00483089219779, 0.00376996328123, 0.00296042417176, 0.00142929411959, 0.00127747491933, 0.00029807491228],
        "mean": [0.00160454364959, 0.0151479840279, 0.00265847449191, 0.00118629192002, 0.00111940049101, 0.000857744482346, 0.00111740082502, 0.000994359143078, 0.00120395654812, 0.00135403510649, 0.00162400247063, 0.00125555659179, 0.000550603144802, 0.000459353323095, 0.000529322191142, 0.000448006641818, 0.000432758533861, 0.000377335265512, 0.000342452025507, 0.000320277700666, 0.000448631530162, 0.000392992747948, 0.00037399167195, 0.000292582320981, 0.000180183851626, 0.000131860666443, 1.74173455889e-05],
        "median": [6.3984109147e-05, 0.00285465084016, 0.000204475960345, 0.000102850914118, 0.000391266716179, 0.000309746392304, 0.000377650809241, 0.000363739207387, 0.000351414317265, 0.000331117858877, 0.000265388458502, 0.000279218307696, 0.000205569798709, 0.000190642167581, 0.000221621143282, 0.000206826982321, 0.000205219257623, 0.000179929920705, 0.000179465481779, 0.000178197646164, 0.000225838302867, 0.00014766860113, 0.000149814179167, 0.0001310131629, 9.4300492492e-05, 6.38325509499e-05, 6.93784750183e-06],
        "min": [3.56423765286e-24, 4.908472807e-24, 1.08581426124e-23, 1.2929151177e-24, 7.2925804621e-24, 1.94899225351e-23, 2.03469993982e-23, 2.0243049619e-23, 3.7054210357e-23, 1.77434270894e-23, 2.29746177651e-23, 4.79791071681e-23, 6.33318234422e-23, 4.90230415138e-23, 6.55014370561e-23, 7.39393204903e-23, 1.29586862476e-22, 1.02951617722e-22, 1.2631657333e-22, 2.3171068743e-22, 2.76076174253e-22, 4.01666844088e-22, 4.58346664211e-22, 6.29135883229e-22, 8.71104993601e-22, 1.27723310485e-21, 2.10575404888e-21],
        "var": [7.50407798478e-06, 0.000428261526395, 4.14603273384e-05, 1.16094597615e-05, 3.34909100275e-06, 2.07882339964e-06, 4.51218784292e-06, 3.25257065015e-06, 6.32336377748e-06, 1.15873690447e-05, 1.92228199012e-05, 8.76706872077e-06, 1.77911454102e-06, 7.86086900462e-07, 8.84826988568e-07, 6.22655534244e-07, 7.59222302804e-07, 4.25591423436e-07, 2.06487655419e-07, 1.53126492819e-07, 3.12708380079e-07, 3.06023366647e-07, 2.61865267248e-07, 1.62625212852e-07, 4.87124900417e-08, 3.05310514648e-08, 6.68030353257e-10]
    },
    "erbbands": {
        "dmean": [0.278377234936, 1.50933790207, 3.08761024475, 4.46962547302, 3.90517091751, 3.40025353432, 4.37583589554, 6.66634178162, 7.83653831482, 17.2155532837, 17.1204719543, 15.8064546585, 24.1365413666, 37.4573936462, 38.6289405823, 26.9571094513, 15.1101703644, 18.9187297821, 13.3929185867, 13.2381458282, 16.1622886658, 12.2231445312, 14.1945362091, 10.4189653397, 10.6870107651, 8.63673400879, 10.455830574, 9.0695734024, 7.75357961655, 7.18366384506, 5.46068334579, 4.33874511719, 2.54523253441, 1.37284064293, 0.773139297962, 0.441269427538, 0.124188899994, 0.0237527024001, 0.00208144681528, 4.40439034719e-05],
        "dmean2": [0.36752808094, 2.21178507805, 5.09155225754, 8.07783889771, 7.0559887886, 5.61538505554, 7.28614425659, 10.9403524399, 12.6755504608, 27.461648941, 27.6641941071, 24.8759689331, 37.7534141541, 58.3446083069, 60.3733062744, 41.636806488, 23.3421592712, 30.6051769257, 21.3532752991, 21.9533481598, 26.5410118103, 19.1791191101, 23.2261714935, 17.1210632324, 17.4405479431, 13.4349517822, 17.2708683014, 14.0634307861, 12.1989402771, 11.1587915421, 8.47514820099, 7.0445227623, 4.1107711792, 2.09833788872, 1.11881244183, 0.667307674885, 0.173576965928, 0.0332089997828, 0.00307191256434, 6.17667101324e-05],
        "dvar": [0.266845673323, 8.75067329407, 56.2392425537, 145.411315918, 105.108970642, 39.9140815735, 68.4172515869, 153.158432007, 227.04536438, 1209.88806152, 1130.73681641, 1102.18005371, 2020.40698242, 7621.39648438, 8553.36035156, 3953.77563477, 1306.33117676, 1556.31384277, 641.535644531, 736.908081055, 969.610534668, 738.144592285, 776.603088379, 328.486755371, 328.692138672, 183.365585327, 292.436981201, 178.218109131, 160.698989868, 133.183410645, 68.3076171875, 51.8738517761, 21.6497039795, 4.44666624069, 1.25312113762, 0.621992230415, 0.033478140831, 0.0013326558983, 1.20506547319e-05, 3.88913612426e-09],
        "dvar2": [0.441481977701, 17.7134742737, 140.780578613, 411.056030273, 300.014190674, 100.273109436, 171.917327881, 368.226837158, 563.085876465, 2732.47827148, 2778.47314453, 2599.03076172, 4642.55175781, 16423.0488281, 20290.796875, 8886.31152344, 2663.65527344, 3724.52636719, 1538.45117188, 1929.67749023, 2470.39013672, 1628.81628418, 1850.69506836, 836.284790039, 819.599914551, 429.002197266, 749.249328613, 422.811950684, 370.19631958, 329.857513428, 159.135375977, 130.4818573, 56.5822601318, 10.3255462646, 2.69866299629, 1.54148292542, 0.0669760704041, 0.00277918647043, 2.62463618128e-05, 8.05187738706e-09],
        "max": [7.16391611099, 29.4865932465, 58.3790550232, 81.7995681763, 92.6521072388, 77.3425750732, 138.291610718, 161.703964233, 383.776367188, 976.675537109, 737.346496582, 909.991760254, 981.763305664, 2250.14013672, 1988.25366211, 1626.00671387, 1204.59558105, 918.815734863, 572.629211426, 844.455566406, 1000.85351562, 655.002990723, 542.599243164, 314.422729492, 247.359802246, 206.756881714, 282.662811279, 150.113174438, 164.090515137, 163.208312988, 107.492553711, 68.930557251, 44.8795280457, 19.2712402344, 10.4252519608, 7.96004056931, 1.85228943825, 0.46075206995, 0.0433419086039, 0.000708801264409],
        "mean": [0.697358906269, 2.33483171463, 3.08155465126, 3.98353123665, 3.35562443733, 3.95123720169, 5.0880689621, 7.70059108734, 10.1228380203, 24.0051841736, 22.2676849365, 21.7868118286, 35.9142303467, 61.5771789551, 65.6175994873, 45.6749572754, 25.4732685089, 28.5702705383, 23.6957397461, 25.221282959, 28.1672458649, 21.6825523376, 21.8166294098, 17.8619785309, 17.7838764191, 15.9026556015, 17.646024704, 16.1408882141, 14.0689697266, 12.9310903549, 10.5774488449, 7.34056091309, 4.07077598572, 2.1444478035, 1.23005592823, 0.674677431583, 0.214578941464, 0.0407766215503, 0.00306443171576, 9.68863023445e-05],
        "median": [0.0875746011734, 0.626390278339, 0.524308800697, 0.474901914597, 0.655219972134, 1.20021212101, 1.77850806713, 2.57572555542, 4.32994651794, 7.62195158005, 8.42733001709, 7.93674612045, 13.059709549, 15.1224346161, 15.4029598236, 13.1426696777, 10.8850975037, 11.9644737244, 10.7629547119, 11.3646039963, 14.108880043, 12.2133684158, 10.6844301224, 9.71365642548, 9.72108745575, 8.8932352066, 8.81925678253, 8.01174068451, 5.52744245529, 5.03140878677, 4.03747940063, 3.08139014244, 1.884126544, 1.09638619423, 0.637961566448, 0.317042499781, 0.106314957142, 0.0192010160536, 0.00122404575814, 6.89500448061e-05],
        "min": [2.85560983393e-22, 1.00004732516e-21, 1.41557453866e-20, 5.84149617147e-21, 1.58234513614e-20, 3.40927562407e-20, 4.87904567937e-20, 1.77506342009e-19, 2.80995037692e-19, 3.25054554526e-19, 3.76761976508e-19, 6.38848182386e-19, 7.41153673751e-19, 5.6273438284e-19, 1.84020451371e-18, 1.98355408669e-18, 2.64713429731e-18, 3.72538201015e-18, 4.20033588299e-18, 4.38003466721e-18, 5.01489826889e-18, 7.6195882746e-18, 6.18487989808e-18, 6.81662378807e-18, 1.07221872423e-17, 8.90375556991e-18, 1.15558446791e-17, 1.11551964407e-17, 1.38387142772e-17, 1.50610084627e-17, 1.50163721425e-17, 1.075853604e-17, 1.08487268509e-17, 7.91469322994e-18, 7.36478273153e-18, 4.93930181912e-18, 2.25970998855e-18, 1.11737511358e-18, 2.61187474142e-19, 3.31943411603e-20],
        "var": [1.0299268961, 14.3807601929, 48.6811103821, 98.1749649048, 69.1891860962, 49.619342804, 82.5737915039, 197.398590088, 290.704864502, 2418.9128418, 1776.47998047, 1871.08349609, 4251.29833984, 18375.4101562, 21880.7226562, 9147.17089844, 3732.38330078, 3101.47143555, 1837.90148926, 2190.29785156, 2342.62817383, 1326.78613281, 1230.57141113, 563.984008789, 546.199462891, 390.199401855, 542.818237305, 412.823242188, 388.192016602, 340.477752686, 218.353805542, 103.993309021, 31.0532627106, 7.04494142532, 2.31427168846, 0.893245220184, 0.0732896700501, 0.0027707638219, 2.02290357265e-05, 9.08435104918e-09]
    },
    "gfcc": {
        "mean": [-2.54208683968, 40.1361846924, -113.27973175, 24.2486858368, -58.118637085, 22.2851104736, -26.4940567017, 18.214635849, -19.470949173, 10.1384658813, -15.2552137375, 9.32433414459, -11.1931066513],
        "cov": [[20065.5605469, 585.274230957, 797.497558594, 370.613494873, -264.855163574, 970.202209473, -200.840042114, 119.331947327, -244.502304077, -45.9291687012, -449.933135986, -33.0691452026, -273.723449707], [585.274230957, 1363.08679199, 431.310150146, 358.783782959, 427.441955566, 149.607452393, 221.336013794, 139.953659058, 143.190032959, 24.9536323547, 93.3690948486, -16.7487831116, 53.033782959], [797.497558594, 431.310150146, 1249.05871582, 424.140319824, 366.904632568, 288.686096191, 213.036270142, 128.0184021, 167.06489563, 146.775650024, 37.9220962524, -15.7277536392, -7.42694711685], [370.613494873, 358.783782959, 424.140319824, 670.844543457, 349.399139404, 261.258544922, 226.426437378, 114.806610107, 154.564041138, 82.6637573242, 75.7626876831, 16.5813922882, 27.629119873], [-264.855163574, 427.441955566, 366.904632568, 349.399139404, 466.0703125, 268.111175537, 278.487030029, 130.166061401, 164.65020752, 84.6886291504, 117.06590271, 60.3851394653, 81.5205154419], [970.202209473, 149.607452393, 288.686096191, 261.258544922, 268.111175537, 372.641784668, 243.294128418, 117.833786011, 97.1618804932, 58.9024391174, 60.0944786072, 67.7981033325, 50.1951980591], [-200.840042114, 221.336013794, 213.036270142, 226.426437378, 278.487030029, 243.294128418, 325.36126709, 182.562927246, 151.470809937, 59.0720825195, 106.134559631, 74.5252990723, 75.1337585449], [119.331947327, 139.953659058, 128.0184021, 114.806610107, 130.166061401, 117.833786011, 182.562927246, 202.706634521, 152.985183716, 68.1226348877, 58.9931716919, 44.8478164673, 50.0514984131], [-244.502304077, 143.190032959, 167.06489563, 154.564041138, 164.65020752, 97.1618804932, 151.470809937, 152.985183716, 233.742858887, 127.100013733, 84.9074935913, 24.558801651, 46.4142875671], [-45.9291687012, 24.9536323547, 146.775650024, 82.6637573242, 84.6886291504, 58.9024391174, 59.0720825195, 68.1226348877, 127.100013733, 163.364852905, 91.9285507202, 17.4399013519, 4.94989919662], [-449.933135986, 93.3690948486, 37.9220962524, 75.7626876831, 117.06590271, 60.0944786072, 106.134559631, 58.9931716919, 84.9074935913, 91.9285507202, 160.873519897, 85.2368469238, 34.023815155], [-33.0691452026, -16.7487831116, -15.7277536392, 16.5813922882, 60.3851394653, 67.7981033325, 74.5252990723, 44.8478164673, 24.558801651, 17.4399013519, 85.2368469238, 125.221168518, 69.6058654785], [-273.723449707, 53.033782959, -7.42694711685, 27.629119873, 81.5205154419, 50.1951980591, 75.1337585449, 50.0514984131, 46.4142875671, 4.94989919662, 34.023815155, 69.6058654785, 123.133323669]],
        "icov": [[0.000115731592814, -0.000174056011019, 6.5272674874e-06, -4.25781072408e-05, 0.000325176486513, -0.000691570399795, 0.000473135703942, -0.000307997746859, 0.000133550929604, -0.000234602310229, 0.000501766509842, -0.00045427356963, 0.000322553562], [-0.000174056011019, 0.00157242629211, -0.000250633922406, -4.11768342019e-05, -0.00177615869325, 0.00125762785319, 0.000122951940284, -0.000714490481187, 2.32075435633e-05, 0.0018116296269, -0.00246135354973, 0.00246274331585, -0.000985029968433], [6.5272674874e-06, -0.000250633922406, 0.00135652767494, -0.000309894123347, -0.000587651971728, -0.000279557018075, -0.00016915287415, 4.63981014036e-05, 0.000203844232601, -0.00157785275951, 0.00157746020705, -0.00061905925395, 0.000761844683439], [-4.25781072408e-05, -4.11768342019e-05, -0.000309894123347, 0.00281474390067, -0.00134158867877, -0.000647374778055, -0.000100085424492, 0.000350783928297, -0.000870070129167, 0.000543883536011, -0.000515627034474, 0.000741702388041, 0.000372698326828], [0.000325176486513, -0.00177615869325, -0.000587651971728, -0.00134158867877, 0.00956137478352, -0.00385493086651, -0.0026631874498, 0.00267680804245, -0.00166402361356, -0.000675215385854, -0.000119607801025, -0.000661220692564, -0.00140704202931], [-0.000691570399795, 0.00125762785319, -0.000279557018075, -0.000647374778055, -0.00385493086651, 0.0119745666161, -0.00811018422246, 0.00279374071397, 0.000853448873386, -0.00203867070377, 0.00220376509242, -0.00206235749647, -0.000149651285028], [0.000473135703942, 0.000122951940284, -0.00016915287415, -0.000100085424492, -0.0026631874498, -0.00811018422246, 0.0186290331185, -0.0111417183653, 0.000171193227288, 0.00589029910043, -0.00670888647437, 0.00289178127423, -0.000840075605083], [-0.000307997746859, -0.000714490481187, 4.63981014036e-05, 0.000350783928297, 0.00267680804245, 0.00279374071397, -0.0111417183653, 0.0186300650239, -0.00843453686684, -0.0020626464393, 0.00494940206409, -0.00472855335101, 0.00042944055167], [0.000133550929604, 2.32075435633e-05, 0.000203844232601, -0.000870070129167, -0.00166402361356, 0.000853448873386, 0.000171193227288, -0.00843453686684, 0.0157468207181, -0.00811771955341, -0.000143473720527, 0.00311014428735, -0.00275561516173], [-0.000234602310229, 0.0018116296269, -0.00157785275951, 0.000543883536011, -0.000675215385854, -0.00203867070377, 0.00589029910043, -0.0020626464393, -0.00811771955341, 0.0207392480224, -0.0151689657941, 0.00831188447773, -0.00127759610768], [0.000501766509842, -0.00246135354973, 0.00157746020705, -0.000515627034474, -0.000119607801025, 0.00220376509242, -0.00670888647437, 0.00494940206409, -0.000143473720527, -0.0151689657941, 0.0288854241371, -0.0208925455809, 0.00814165081829], [-0.00045427356963, 0.00246274331585, -0.00061905925395, 0.000741702388041, -0.000661220692564, -0.00206235749647, 0.00289178127423, -0.00472855335101, 0.00311014428735, 0.00831188447773, -0.0208925455809, 0.0291282050312, -0.0130376396701], [0.000322553562, -0.000985029968433, 0.000761844683439, 0.000372698326828, -0.00140704202931, -0.000149651285028, -0.000840075605083, 0.00042944055167, -0.00275561516173, -0.00127759610768, 0.00814165081829, -0.0130376396701, 0.0167658887804]]
    },
    "melbands": {
        "dmean": [0.00198219530284, 0.00160154653713, 0.000769161619246, 0.000237962274696, 0.000151935440954, 0.000143867233419, 0.000134406916914, 0.000181038136361, 0.000128980827867, 0.00011617920245, 0.000123879057355, 0.00015381789126, 0.000153752422193, 9.74699432845e-05, 4.0406586777e-05, 3.70553570974e-05, 3.50981754309e-05, 2.16837925109e-05, 1.98057896341e-05, 1.84398359124e-05, 2.03368617804e-05, 1.28588262669e-05, 1.45476433318e-05, 1.56691148732e-05, 8.04245519248e-06, 9.78752814262e-06, 6.5209069362e-06, 5.84611689192e-06, 7.37455548006e-06, 6.1230070969e-06, 5.34277160114e-06, 4.61677154817e-06, 4.69633459943e-06, 3.98115344069e-06, 3.34965170623e-06, 2.95980566989e-06, 2.77420690509e-06, 2.04790376301e-06, 1.35253947064e-06, 1.1502313555e-06],
        "dmean2": [0.00278750574216, 0.00234690820798, 0.00138441973832, 0.000410399487009, 0.000251502089668, 0.000235866071307, 0.000215896900045, 0.000287845585262, 0.000209244943107, 0.000182820280315, 0.000193491665414, 0.000238972657826, 0.000245755683864, 0.000151371743414, 6.38726487523e-05, 5.82176398893e-05, 5.70944757783e-05, 3.47617315128e-05, 3.20221188304e-05, 2.95753052342e-05, 3.34735377692e-05, 2.04642055905e-05, 2.31118374359e-05, 2.60418946709e-05, 1.33734974952e-05, 1.62837095559e-05, 1.04127748273e-05, 9.24984578887e-06, 1.22681731227e-05, 9.87483053905e-06, 8.38292817207e-06, 7.34813875169e-06, 7.52199457565e-06, 6.36285722067e-06, 5.27033535036e-06, 4.74178341392e-06, 4.54392511529e-06, 3.37300593856e-06, 2.15765817302e-06, 1.77674246515e-06],
        "dvar": [1.35131322168e-05, 1.07054002001e-05, 4.20989954364e-06, 2.28500240951e-07, 7.65545280501e-08, 6.84434624532e-08, 5.9847167222e-08, 1.18449079878e-07, 6.48208811072e-08, 5.88015147684e-08, 5.28715595749e-08, 1.38406321071e-07, 1.64870556318e-07, 5.6313513852e-08, 8.92661944363e-09, 5.29639132552e-09, 5.63096325124e-09, 1.75507364197e-09, 1.33207633812e-09, 1.34597166745e-09, 1.76225722903e-09, 7.63372975943e-10, 1.7361557747e-09, 1.36716393762e-09, 1.99160188341e-10, 2.99123392722e-10, 1.08892291018e-10, 8.9916005197e-11, 1.53937557146e-10, 9.80875658474e-11, 6.10652778343e-11, 5.98690472198e-11, 6.82261400153e-11, 3.85268136838e-11, 2.79924243507e-11, 1.95616804005e-11, 2.36059123637e-11, 1.63100453282e-11, 4.66083508593e-12, 3.20970875746e-12],
        "dvar2": [2.35922052525e-05, 2.30606074183e-05, 1.1844474102e-05, 6.3181130372e-07, 1.92844908042e-07, 1.64782719025e-07, 1.46280029867e-07, 2.70784624945e-07, 1.58877369927e-07, 1.35111889676e-07, 1.21070740988e-07, 2.90212597065e-07, 3.97786891426e-07, 1.24024310821e-07, 1.92377260788e-08, 1.16516165605e-08, 1.33875870389e-08, 4.29763069576e-09, 3.25744964336e-09, 3.07406544664e-09, 4.37714930968e-09, 1.67065095091e-09, 3.83994969155e-09, 3.24278603969e-09, 5.22535070768e-10, 7.67208296892e-10, 2.58997406855e-10, 2.14305975743e-10, 3.9568170962e-10, 2.44076064915e-10, 1.46069586981e-10, 1.3832480994e-10, 1.7322403234e-10, 9.76014130627e-11, 6.84952164431e-11, 4.57712513724e-11, 6.04641059443e-11, 4.35808125698e-11, 1.12314931661e-11, 7.61091797225e-12],
        "max": [0.0474202893674, 0.0270639378577, 0.0143637703732, 0.00453937891871, 0.00432088505477, 0.00326125510037, 0.00578059535474, 0.00912399869412, 0.00562162976712, 0.00535225216299, 0.00480255996808, 0.00996825098991, 0.00900415703654, 0.0066630281508, 0.0024397005327, 0.0019982997328, 0.00163426250219, 0.000877063022926, 0.000716798764188, 0.000849412928801, 0.0012262170203, 0.000814383209217, 0.00119892228395, 0.000997735885903, 0.000254523009062, 0.000209845515201, 0.000147908882354, 0.000160210795002, 0.000239228582359, 0.000154165260028, 8.34712045616e-05, 0.000112304107461, 0.000102229088952, 8.3731545601e-05, 7.07531071384e-05, 5.00263995491e-05, 4.62101852463e-05, 3.99231394113e-05, 2.21971276915e-05, 1.60170638992e-05],
        "mean": [0.00503217848018, 0.00209859013557, 0.000685544102453, 0.000244650262175, 0.00018083206669, 0.000167449717992, 0.000178862450412, 0.000253102305578, 0.000164584358572, 0.000157082904479, 0.000182794916327, 0.000245686795097, 0.000247570162173, 0.000160257797688, 6.42782106297e-05, 5.47765739611e-05, 5.09704004799e-05, 3.52626702806e-05, 3.40713522746e-05, 3.01351574308e-05, 3.3214189898e-05, 2.14394276554e-05, 2.11685674003e-05, 2.14019219129e-05, 1.2973563571e-05, 1.4575150999e-05, 1.08299209387e-05, 1.00323113656e-05, 1.15978891699e-05, 9.80910135695e-06, 9.01765542949e-06, 7.86852706369e-06, 7.79124911787e-06, 6.90814522386e-06, 6.37013954474e-06, 5.0479948186e-06, 4.27594250141e-06, 3.05205844597e-06, 2.12939448829e-06, 1.66864504081e-06],
        "median": [0.000811232253909, 0.00101756223012, 0.000100540361018, 7.54438078729e-05, 6.46957705612e-05, 5.71361670154e-05, 7.4318057159e-05, 8.65815309226e-05, 5.72782300878e-05, 4.82015457237e-05, 6.1583785282e-05, 5.44462964172e-05, 4.67789068352e-05, 3.34225187544e-05, 2.08701403608e-05, 2.36871637753e-05, 1.91504768736e-05, 1.43523420775e-05, 1.49273255374e-05, 1.37608631121e-05, 1.47370410559e-05, 1.16742430691e-05, 7.89831028669e-06, 8.74615307112e-06, 6.62405409457e-06, 7.27443102733e-06, 5.73191118747e-06, 5.29651197212e-06, 5.60527314519e-06, 4.07646666645e-06, 4.45297246188e-06, 3.07150071421e-06, 2.4744813345e-06, 2.73300997833e-06, 2.2597384941e-06, 2.00169870368e-06, 1.77290928605e-06, 1.30590979097e-06, 1.07686753381e-06, 8.26026678169e-07],
        "min": [3.53858310736e-24, 7.30059213346e-24, 1.39858412064e-24, 1.87028172398e-24, 1.4588298224e-24, 4.03064377446e-24, 4.38525450073e-24, 3.67858185778e-24, 2.93678971897e-24, 5.46505480197e-24, 3.32686427888e-24, 1.88540911791e-24, 4.47509589707e-24, 5.37956160694e-24, 4.64586298381e-24, 6.16732165677e-24, 4.90423662394e-24, 7.59857487407e-24, 4.87725797541e-24, 5.7400564467e-24, 5.65553118399e-24, 5.78755731167e-24, 5.68222189829e-24, 4.45090192754e-24, 4.93167872825e-24, 5.13519182559e-24, 6.9064472485e-24, 5.26343615409e-24, 7.35337954979e-24, 6.40831550787e-24, 6.67656213666e-24, 6.92324525261e-24, 7.76514443193e-24, 8.21486614539e-24, 8.39323469581e-24, 8.31689504829e-24, 5.41315248757e-24, 6.18319393261e-24, 6.50517894956e-24, 5.38198459321e-24],
        "var": [4.78022884636e-05, 1.40002357512e-05, 2.84291695607e-06, 1.97461076823e-07, 9.36939770213e-08, 8.83627251369e-08, 8.56425685924e-08, 2.27334226111e-07, 1.03113009686e-07, 1.06770109198e-07, 1.13147862635e-07, 3.31890902316e-07, 4.03488968459e-07, 1.56978103405e-07, 2.15477999888e-08, 1.10739506454e-08, 1.22103784861e-08, 4.62578153559e-09, 3.4566989271e-09, 2.70738409469e-09, 4.00663235922e-09, 1.32470645564e-09, 2.79902834244e-09, 1.92843674363e-09, 3.16020792868e-10, 4.34128899496e-10, 1.99638777731e-10, 1.72749814453e-10, 2.62590865718e-10, 1.91486576595e-10, 1.30271710086e-10, 1.29781838054e-10, 1.37953981572e-10, 9.62117399639e-11, 8.33359353747e-11, 4.93339327723e-11, 3.8314698636e-11, 2.03861840603e-11, 7.32453767777e-12, 4.55692428236e-12]
    },
    "mfcc": {
        "mean": [-645.979431152, 80.241317749, 1.01510500908, 10.7282991409, -3.30091500282, 6.52148008347, 3.64120841026, 9.92691230774, 5.54435062408, 5.46056270599, 1.33554112911, 5.51226806641, 4.46199035645],
        "cov": [[14766.0224609, 589.533935547, 316.172027588, 34.9514656067, 110.678466797, 505.09954834, 94.0903320312, 201.031997681, 62.7920875549, 18.5147914886, -109.074005127, -120.539413452, -201.77645874], [589.533935547, 1131.54394531, 244.406555176, 224.35017395, 234.980041504, 104.70728302, 160.055419922, 114.698173523, 132.410125732, 71.9435501099, 97.3181610107, 75.4796218872, 31.2857875824], [316.172027588, 244.406555176, 698.387207031, 327.062316895, 248.391952515, 231.632965088, 138.735046387, 71.0477600098, 104.934135437, 160.322174072, 107.083297729, 49.9355812073, 16.8992710114], [34.9514656067, 224.35017395, 327.062316895, 444.658630371, 253.821136475, 210.778106689, 148.171157837, 132.233901978, 110.168670654, 144.461639404, 106.925857544, 71.385383606, 62.4366722107], [110.678466797, 234.980041504, 248.391952515, 253.821136475, 272.067840576, 223.21963501, 142.052154541, 112.047698975, 110.317955017, 113.081855774, 79.2333068848, 65.6877212524, 60.3412055969], [505.09954834, 104.70728302, 231.632965088, 210.778106689, 223.21963501, 328.612243652, 194.614151001, 148.070281982, 108.147361755, 109.942642212, 63.672580719, 68.069732666, 74.9594421387], [94.0903320312, 160.055419922, 138.735046387, 148.171157837, 142.052154541, 194.614151001, 237.289474487, 173.268814087, 99.7879638672, 59.5576553345, 53.6683578491, 66.7178649902, 77.7240982056], [201.031997681, 114.698173523, 71.0477600098, 132.233901978, 112.047698975, 148.070281982, 173.268814087, 247.264251709, 144.063812256, 64.6567840576, 39.7057952881, 55.8089828491, 87.1506118774], [62.7920875549, 132.410125732, 104.934135437, 110.168670654, 110.317955017, 108.147361755, 99.7879638672, 144.063812256, 187.048934937, 129.68182373, 50.155380249, 40.1626777649, 55.3077430725], [18.5147914886, 71.9435501099, 160.322174072, 144.461639404, 113.081855774, 109.942642212, 59.5576553345, 64.6567840576, 129.68182373, 193.598983765, 110.982162476, 53.3369560242, 32.7659759521], [-109.074005127, 97.3181610107, 107.083297729, 106.925857544, 79.2333068848, 63.672580719, 53.6683578491, 39.7057952881, 50.155380249, 110.982162476, 165.605056763, 106.310401917, 49.9477348328], [-120.539413452, 75.4796218872, 49.9355812073, 71.385383606, 65.6877212524, 68.069732666, 66.7178649902, 55.8089828491, 40.1626777649, 53.3369560242, 106.310401917, 144.574188232, 95.7707824707], [-201.77645874, 31.2857875824, 16.8992710114, 62.4366722107, 60.3412055969, 74.9594421387, 77.7240982056, 87.1506118774, 55.3077430725, 32.7659759521, 49.9477348328, 95.7707824707, 148.668502808]],
