{
"lowlevel": {
    "average_loudness": 0.839407086372,
    "barkbands_crest": {
        "dmean": 3.01987171173,
        "dmean2": 4.56134366989,
        "dvar": 10.6853914261,
        "dvar2": 23.3598461151,
        "max": 26.6603012085,
        "mean": 11.8545837402,
        "median": 10.5491228104,
        "min": 1.91069149971,
        "var": 33.9006996155
    },
    "barkbands_flatness_db": {
        "dmean": 0.0374444648623,
        "dmean2": 0.0524397157133,
        "dvar": 0.00227133370936,
        "dvar2": 0.0046416465193,
        "max": 0.802448689938,
        "mean": 0.173458606005,
        "median": 0.127372086048,
        "min": 0.0127760311589,
        "var": 0.0201278645545
    },
    "barkbands_kurtosis": {
        "dmean": 15.0701351166,
        "dmean2": 23.3736953735,
        "dvar": 3761.01513672,
        "dvar2": 8541.9921875,
        "max": 1622.26086426,
        "mean": 16.4166622162,
        "median": 2.39450240135,
        "min": -1.88688325882,
        "var": 4417.02832031
    },
    "barkbands_skewness": {
        "dmean": 1.12511074543,
        "dmean2": 1.61753630638,
        "dvar": 4.05019378662,
        "dvar2": 8.29912376404,
        "max": 37.4437446594,
        "mean": 2.08600306511,
        "median": 1.46080684662,
        "min": -3.57890677452,
        "var": 8.97238636017
    },
    "barkbands_spread": {
        "dmean": 9.84550857544,
        "dmean2": 15.1667013168,
        "dvar": 165.862884521,
        "dvar2": 377.276550293,
        "max": 108.687934875,
        "mean": 28.1712875366,
        "median": 24.3939437866,
        "min": 0.107487000525,
        "var": 499.409545898
    },
    "dissonance": {
        "dmean": 0.0204006582499,
        "dmean2": 0.0339074283838,
        "dvar": 0.00100837193895,
        "dvar2": 0.00275366334245,
        "max": 0.5,
        "mean": 0.459208846092,
        "median": 0.479042232037,
        "min": 0.0429434031248,
        "var": 0.00333844777197
    },
    "dynamic_complexity": 4.22612476349,
    "erbbands_crest": {
        "dmean": 2.36118912697,
        "dmean2": 3.74288415909,
        "dvar": 7.17409181595,
        "dvar2": 16.0799064636,
        "max": 31.0881481171,
        "mean": 8.02173042297,
        "median": 6.40827083588,
        "min": 2.13122200966,
        "var": 22.6504478455
    },
    "erbbands_flatness_db": {
        "dmean": 0.0197152085602,
        "dmean2": 0.0284301005304,
        "dvar": 0.000581946107559,
        "dvar2": 0.00116245786194,
        "max": 0.677136421204,
        "mean": 0.16332295537,
        "median": 0.123183146119,
        "min": 0.0404121279716,
        "var": 0.0129253705963
    },
    "erbbands_kurtosis": {
        "dmean": 2.12907767296,
        "dmean2": 3.31997704506,
        "dvar": 59.6236534119,
        "dvar2": 129.242614746,
        "max": 328.667663574,
        "mean": 1.94473350048,
        "median": -0.215412020683,
        "min": -1.8837082386,
        "var": 125.84085083
    },
    "erbbands_skewness": {
        "dmean": 0.505106389523,
        "dmean2": 0.747007966042,
        "dvar": 0.440803915262,
        "dvar2": 0.962338626385,
        "max": 13.9075126648,
        "mean": 0.202537864447,
        "median": 0.0363906212151,
        "min": -3.77398085594,
        "var": 1.45003151894
    },
    "erbbands_spread": {
        "dmean": 12.7553873062,
        "dmean2": 19.529718399,
        "dvar": 300.862854004,
        "dvar2": 687.826171875,
        "max": 204.400970459,
        "mean": 48.1275291443,
        "median": 44.6827697754,
        "min": 0.36648067832,
        "var": 953.540283203
    },
    "hfc": {
        "dmean": 15.2583036423,
        "dmean2": 23.336977005,
        "dvar": 864.199584961,
        "dvar2": 2113.05639648,
        "max": 280.929260254,
        "mean": 30.4922828674,
        "median": 19.8067741394,
        "min": 1.07145366488e-16,
        "var": 1344.17956543
    },
    "melbands_crest": {
        "dmean": 3.97743701935,
        "dmean2": 6.22057104111,
        "dvar": 21.8753471375,
        "dvar2": 50.4606361389,
        "max": 39.5691947937,
        "mean": 18.0623264313,
        "median": 15.8978729248,
        "min": 1.523198843,
        "var": 78.2110977173
    },
    "melbands_flatness_db": {
        "dmean": 0.0462735854089,
        "dmean2": 0.064683996141,
        "dvar": 0.00329713406973,
        "dvar2": 0.00679741101339,
        "max": 0.929260253906,
        "mean": 0.244697660208,
        "median": 0.199409633875,
        "min": 0.00180746393744,
        "var": 0.027647389099
    },
    "melbands_kurtosis": {
        "dmean": 43.1844596863,
        "dmean2": 65.2146530151,
        "dvar": 19150.6972656,
        "dvar2": 41042.1875,
        "max": 4527.56738281,
        "mean": 55.6667404175,
        "median": 9.82873344421,
        "min": -1.81144928932,
        "var": 30786.7421875
    },
    "melbands_skewness": {
        "dmean": 1.69527161121,
        "dmean2": 2.51845836639,
        "dvar": 9.47064971924,
        "dvar2": 21.1440505981,
        "max": 55.0169448853,
        "mean": 4.10166978836,
        "median": 2.62218046188,
        "min": -1.40398097038,
        "var": 21.8243598938
    },
    "melbands_spread": {
        "dmean": 11.9492559433,
        "dmean2": 18.6573963165,
        "dvar": 407.287475586,
        "dvar2": 959.795593262,
        "max": 253.226348877,
        "mean": 26.4426021576,
        "median": 17.3259658813,
        "min": 0.0425671860576,
        "var": 862.23614502
    },
    "pitch_salience": {
        "dmean": 0.098449125886,
        "dmean2": 0.149467080832,
        "dvar": 0.0127871166915,
        "dvar2": 0.0287441499531,
        "max": 0.931709468365,
        "mean": 0.505554676056,
        "median": 0.5554074049,
        "min": 0.00782070122659,
        "var": 0.0374462418258
    },
    "silence_rate_20dB": {
        "dmean": 0,
        "dmean2": 0,
        "dvar": 0,
        "dvar2": 0,
        "max": 1,
        "mean": 1,
        "median": 1,
        "min": 1,
        "var": 0
    },
    "silence_rate_30dB": {
        "dmean": 0.00770014710724,
        "dmean2": 0.0154020385817,
        "dvar": 0.00764123303816,
        "dvar2": 0.0219611097127,
        "max": 1,
        "mean": 0.995697438717,
        "median": 1,
        "min": 0,
        "var": 0.00428406149149
    },
    "silence_rate_60dB": {
        "dmean": 0.0353300869465,
        "dmean2": 0.0706681758165,
        "dvar": 0.03408446908,
        "dvar2": 0.0806297287345,
        "max": 1,
        "mean": 0.136548906565,
        "median": 0,
        "min": 0,
        "var": 0.117878720164
    },
    "spectral_centroid": {
        "dmean": 395.261383057,
        "dmean2": 600.586303711,
        "dvar": 289459.1875,
        "dvar2": 650793,
        "max": 11812.0517578,
        "mean": 1782.83032227,
        "median": 1483.26196289,
        "min": 122.812347412,
        "var": 2410186.25
    },
    "spectral_complexity": {
        "dmean": 5.9691991806,
        "dmean2": 8.82899188995,
        "dvar": 59.5495567322,
        "dvar2": 117.181610107,
        "max": 63,
        "mean": 19.0859375,
        "median": 16,
        "min": 0,
        "var": 209.391693115
    },
    "spectral_decrease": {
        "dmean": 2.42297559794e-09,
        "dmean2": 3.25620064245e-09,
        "dvar": 1.0903763313e-17,
        "dvar2": 2.16116320589e-17,
        "max": 1.68329659554e-28,
        "mean": -7.64958407728e-09,
        "median": -6.61091137388e-09,
        "min": -3.53140343634e-08,
        "var": 4.02137527475e-17
    },
    "spectral_energy": {
        "dmean": 0.00956134591252,
        "dmean2": 0.0130030298606,
        "dvar": 0.000162495227414,
        "dvar2": 0.000324632303091,
        "max": 0.133777245879,
        "mean": 0.0316370762885,
        "median": 0.0281347110868,
        "min": 9.93133399829e-21,
        "var": 0.000637709454168
    },
    "spectral_energyband_high": {
        "dmean": 0.00168180395849,
        "dmean2": 0.00261616776697,
        "dvar": 1.22035435197e-05,
        "dvar2": 2.99362345686e-05,
        "max": 0.0335238017142,
        "mean": 0.00268286094069,
        "median": 0.000977556686848,
        "min": 7.17607696503e-21,
        "var": 1.73479966179e-05
    },
    "spectral_energyband_low": {
        "dmean": 0.00649605691433,
        "dmean2": 0.00841701589525,
        "dvar": 0.000125068370835,
        "dvar2": 0.000224799310672,
        "max": 0.131044238806,
        "mean": 0.0154932839796,
        "median": 0.0068430476822,
        "min": 8.14692628879e-24,
        "var": 0.000445125770057
    },
    "spectral_energyband_middle_high": {
        "dmean": 0.00163817068096,
        "dmean2": 0.00249554077163,
        "dvar": 6.65351535645e-06,
        "dvar2": 1.52409866132e-05,
        "max": 0.0323575362563,
        "mean": 0.00342046329752,
        "median": 0.00237487535924,
        "min": 1.15905462257e-21,
        "var": 1.44791729326e-05
    },
    "spectral_energyband_middle_low": {
        "dmean": 0.00562557438388,
        "dmean2": 0.00840145070106,
        "dvar": 0.000132139888592,
        "dvar2": 0.000277457031189,
        "max": 0.130473524332,
        "mean": 0.0108203683048,
        "median": 0.00574064953253,
        "min": 1.67137840634e-22,
        "var": 0.000231953395996
    },
    "spectral_entropy": {
        "dmean": 0.217170909047,
        "dmean2": 0.324868708849,
        "dvar": 0.0764643773437,
        "dvar2": 0.163940086961,
        "max": 9.81809902191,
        "mean": 7.57798719406,
        "median": 7.94959926605,
        "min": 3.37202835083,
        "var": 1.29032063484
    },
    "spectral_flux": {
        "dmean": 0.0294927880168,
        "dmean2": 0.0451650358737,
        "dvar": 0.00156413565855,
        "dvar2": 0.00324185984209,
        "max": 0.378358781338,
        "mean": 0.0853406861424,
        "median": 0.074374563992,
        "min": 6.31671590035e-11,
        "var": 0.00383312208578
    },
    "spectral_kurtosis": {
        "dmean": 10.4922580719,
        "dmean2": 17.0699901581,
        "dvar": 2929.70043945,
        "dvar2": 7615.24169922,
        "max": 1306.49291992,
        "mean": 21.9121932983,
        "median": 2.15138244629,
        "min": -1.26202070713,
        "var": 7484.56933594
    },
    "spectral_rms": {
        "dmean": 0.000823382579256,
        "dmean2": 0.00108815159183,
        "dvar": 9.54894517236e-07,
        "dvar2": 1.79410028522e-06,
        "max": 0.011424289085,
        "mean": 0.00495274132118,
        "median": 0.00523913139477,
        "min": 3.11273294466e-12,
        "var": 6.33573290543e-06
    },
    "spectral_rolloff": {
        "dmean": 967.805480957,
        "dmean2": 1600.15979004,
        "dvar": 2657573,
        "dvar2": 5975497.5,
        "max": 19466.015625,
        "mean": 2091.28369141,
        "median": 818.26171875,
        "min": 43.06640625,
        "var": 9084646
    },
    "spectral_skewness": {
        "dmean": 0.454045683146,
        "dmean2": 0.708413422108,
        "dvar": 1.39157056808,
        "dvar2": 3.23372912407,
        "max": 30.424987793,
        "mean": 2.20182204247,
        "median": 1.18390083313,
        "min": -0.0969074070454,
        "var": 11.4683561325
    },
    "spectral_spread": {
        "dmean": 794408.875,
        "dmean2": 1169843.5,
        "dvar": 1.23970623898e+12,
        "dvar2": 2.61894019482e+12,
        "max": 50611816,
        "mean": 5938081,
        "median": 5818079,
        "min": 66931.8046875,
        "var": 2.36573425664e+13
    },
    "spectral_strongpeak": {
        "dmean": 0.294462412596,
        "dmean2": 0.487777709961,
        "dvar": 0.272679567337,
        "dvar2": 0.698535919189,
        "max": 7.44792127609,
        "mean": 0.539175748825,
        "median": 0.327825427055,
        "min": 0,
        "var": 0.387896567583
    },
    "zerocrossingrate": {
        "dmean": 0.0169763304293,
        "dmean2": 0.0198663007468,
        "dvar": 0.000438161485363,
        "dvar2": 0.000546110328287,
        "max": 0.8671875,
        "mean": 0.0752915069461,
        "median": 0.05859375,
        "min": 0.00146484375,
        "var": 0.00574787752703
    },
    "barkbands": {
        "dmean": [0.000646990316454, 0.00529537443072, 0.00188423437066, 0.00143766752444, 0.00306295766495, 0.00139032502193, 0.000803821953014, 0.000602671643719, 0.000489479745738, 0.000314303004416, 0.000275403115666, 0.000272157631116, 0.000214103289181, 0.000211527949432, 0.000204201263841, 0.000174468950718, 0.000184545046068, 0.000225554569624, 0.000226321484661, 0.000291436124826, 0.00035438980558, 0.000347065157257, 0.000352770875907, 0.000271884811809, 0.000248970289249, 0.000103131264041, 1.67407251865e-05],
        "dmean2": [0.000765002856497, 0.00684386864305, 0.00320921256207, 0.00236433441751, 0.00463710073382, 0.0022731309291, 0.00131484726444, 0.000972877081949, 0.000758325157221, 0.000494528212585, 0.000443368131528, 0.000451509957202, 0.000346456858097, 0.000339095422532, 0.000329287577188, 0.000283000292256, 0.000287986302283, 0.000359962810762, 0.000354500341928, 0.000457409973023, 0.000567891867831, 0.00055700505618, 0.000553115620278, 0.000426572136348, 0.00039940897841, 0.00016011876869, 2.79055238934e-05],
        "dvar": [2.0434738417e-06, 0.00010299479618, 4.23095116275e-05, 1.82865751412e-05, 8.85547779035e-05, 9.61753994488e-06, 2.83185886474e-06, 1.54920587647e-06, 1.45345029523e-06, 5.1640881793e-07, 2.30750728747e-07, 3.61031311513e-07, 1.62317391528e-07, 1.43455338275e-07, 1.55976366045e-07, 1.12396584484e-07, 1.20020573036e-07, 1.85326271662e-07, 1.88602683693e-07, 2.88841306428e-07, 5.45187731404e-07, 4.74649795024e-07, 6.60146270093e-07, 3.12317212092e-07, 4.39291909515e-07, 4.73537085099e-08, 1.4623213751e-09],
        "dvar2": [2.50620973929e-06, 0.00019994325703, 0.000112259949674, 4.82353352709e-05, 0.000186193254194, 2.5719160476e-05, 7.13233021088e-06, 3.63445860785e-06, 3.4768434034e-06, 1.18327625387e-06, 5.67191079881e-07, 9.37059326134e-07, 4.05785641533e-07, 3.36207762075e-07, 3.88109015148e-07, 2.76374123587e-07, 2.83550235736e-07, 4.52231375903e-07, 4.40027747572e-07, 6.90543288329e-07, 1.41727423397e-06, 1.17573461011e-06, 1.5452920934e-06, 7.51871141347e-07, 1.18374225622e-06, 1.15003096823e-07, 3.77501585547e-09],
        "max": [0.0421887524426, 0.105427831411, 0.0903272777796, 0.0861075073481, 0.11718261987, 0.0427364259958, 0.035058170557, 0.0169457551092, 0.0344579108059, 0.017819525674, 0.00702000595629, 0.0121238352731, 0.0132659049705, 0.00728690391406, 0.00997029896826, 0.00630461378023, 0.0065312734805, 0.00629327166826, 0.00644486490637, 0.00636288244277, 0.00824967771769, 0.00883748754859, 0.0104159042239, 0.00629558693618, 0.0118395667523, 0.00233742059208, 0.000796807697043],
        "mean": [0.00150517688598, 0.0113549046218, 0.00193996273447, 0.00162334181368, 0.0041733472608, 0.00197876943275, 0.00123036594596, 0.000897850492038, 0.000761397415772, 0.000459490867797, 0.000371576606994, 0.000329549337039, 0.00031280744588, 0.000299197738059, 0.000288353767246, 0.00025148189161, 0.000280304346234, 0.00032785179792, 0.000353513489245, 0.000450407911558, 0.00050788797671, 0.000526811461896, 0.000505250529386, 0.000396707415348, 0.000333455012878, 0.000155390487635, 2.19137455133e-05],
        "median": [0.000311386538669, 0.00372734526172, 0.000163813092513, 0.00028146978002, 0.0010633317288, 0.000622213818133, 0.000277972634649, 0.000235360043007, 0.000233166429098, 0.000176635410753, 0.000162979587913, 0.000114587455755, 0.000127740277094, 0.000112812776933, 0.000109050364699, 0.000100016884971, 0.000114142967504, 0.000118576033856, 0.000151137268404, 0.000172585219843, 0.000178233167389, 0.000160794676049, 0.000136589602334, 0.000118202377053, 8.55226826388e-05, 3.8707490603e-05, 2.62105004367e-06],
        "min": [7.760508395e-25, 1.89782026654e-24, 1.38112830514e-25, 8.28848856152e-25, 9.48282594418e-24, 5.88349147522e-24, 6.9793569288e-24, 6.17449792442e-24, 1.19095774477e-23, 1.4431370913e-23, 1.24974807704e-23, 1.75652896752e-23, 2.82921555778e-23, 2.40006402352e-23, 4.70460267121e-23, 6.84865308977e-23, 7.39634848776e-23, 8.14045510501e-23, 1.24558246548e-22, 1.42753253907e-22, 2.59702021946e-22, 3.04205010379e-22, 3.99564662304e-22, 5.93776890781e-22, 8.51733901917e-22, 1.37111194495e-21, 2.03717944324e-21],
        "var": [8.12482267065e-06, 0.000305372290313, 4.17058945459e-05, 1.7324637156e-05, 0.000127465144033, 1.26624590848e-05, 5.83769315199e-06, 3.17747571899e-06, 2.29128681895e-06, 7.52865503273e-07, 3.33235220751e-07, 3.92748091826e-07, 2.91960049026e-07, 2.65968083113e-07, 2.28153865578e-07, 1.76218676984e-07, 1.96155909293e-07, 2.85445594272e-07, 2.88031571927e-07, 4.43044655185e-07, 6.59574595829e-07, 6.78043306834e-07, 8.8660539177e-07, 4.38567951733e-07, 4.4861076276e-07, 7.44301331679e-08, 2.26463736652e-09]
    },
    "erbbands": {
        "dmean": [0.231662184, 0.944201588631, 1.7967697382, 3.71484279633, 8.78544044495, 10.2060136795, 11.303894043, 11.6854143143, 11.1820087433, 12.7341089249, 11.4648113251, 11.1356916428, 9.42052078247, 9.35109710693, 11.1611394882, 10.8057203293, 9.68051242828, 10.3535203934, 9.25488185883, 10.1360626221, 9.67377376556, 9.82794094086, 11.8205890656, 11.3703355789, 12.8363952637, 13.0307340622, 13.9779272079, 14.419216156, 12.9021959305, 11.6707792282, 9.63813686371, 6.44035673141, 4.29277324677, 3.10184907913, 1.67904675007, 0.573134243488, 0.163772076368, 0.0349091663957, 0.00271231099032, 5.41249246453e-05],
        "dmean2": [0.286604046822, 1.26229667664, 2.84740614891, 6.18290376663, 13.0248327255, 16.3602542877, 18.4725284576, 18.9215431213, 18.3995094299, 20.78865242, 18.6974411011, 17.3453521729, 14.6991004944, 14.620215416, 18.0724010468, 17.8151035309, 15.5949993134, 16.4486808777, 14.9713830948, 16.0771751404, 15.6225595474, 15.262301445, 18.7038822174, 17.9091796875, 20.0731239319, 20.4611759186, 22.8413162231, 22.8638935089, 20.7304229736, 18.5300064087, 15.1698722839, 10.0819253922, 6.78112316132, 4.98186683655, 2.73001480103, 0.894292712212, 0.255208194256, 0.0563707388937, 0.00449171895161, 8.55404505273e-05],
        "dvar": [0.191835954785, 4.57700920105, 31.0779037476, 129.867767334, 859.281555176, 1085.71398926, 839.419921875, 709.84753418, 634.86920166, 650.166870117, 638.29888916, 758.564575195, 391.642303467, 377.472198486, 493.972595215, 500.133575439, 319.189880371, 346.295257568, 263.82421875, 349.400421143, 327.57699585, 314.1824646, 516.745361328, 532.548156738, 606.335571289, 589.04498291, 817.073120117, 916.999450684, 645.170043945, 770.058288574, 423.095001221, 167.27696228, 85.9105606079, 80.7733306885, 16.2373123169, 1.63933587074, 0.112763501704, 0.0056965672411, 3.86746069125e-05, 1.16576535092e-08],
        "dvar2": [0.316419571638, 8.87331867218, 78.0289382935, 337.913146973, 1767.03149414, 2682.46557617, 2156.7331543, 1835.22729492, 1611.75927734, 1619.56994629, 1617.09997559, 1855.66052246, 958.052307129, 858.005310059, 1195.4486084, 1278.87915039, 782.157165527, 809.014038086, 661.673034668, 846.738037109, 793.636291504, 748.807983398, 1246.68249512, 1290.78527832, 1393.48059082, 1412.53466797, 2131.21972656, 2358.07250977, 1611.04260254, 1879.30944824, 997.063781738, 400.66229248, 211.998535156, 220.071777344, 43.4210700989, 4.07263374329, 0.271597296, 0.0144745921716, 9.99711992336e-05, 2.9589642736e-08],
        "max": [6.46628427505, 24.6198253632, 88.1573562622, 187.997650146, 374.33480835, 402.40713501, 558.49005127, 469.486907959, 510.402648926, 429.467956543, 682.162902832, 569.185974121, 340.452270508, 597.017456055, 397.894012451, 358.594360352, 621.653625488, 412.196868896, 234.449203491, 382.213684082, 347.94430542, 241.092010498, 407.89855957, 352.586364746, 331.958557129, 281.646697998, 333.028564453, 351.624053955, 290.748535156, 335.252960205, 214.170593262, 146.777709961, 103.931762695, 172.87852478, 59.7812004089, 13.8597183228, 4.08231687546, 1.15511667728, 0.141249015927, 0.00192274653818],
        "mean": [0.537934839725, 1.6916885376, 2.20448088646, 4.28947019577, 11.7245168686, 12.1904478073, 14.454126358, 17.0793056488, 17.1510429382, 20.6968250275, 17.7217159271, 16.8741760254, 13.987288475, 14.0209569931, 14.6263151169, 13.8871116638, 14.8172903061, 15.9964847565, 14.066652298, 14.8597345352, 14.6912851334, 15.6251277924, 17.6636352539, 17.2375621796, 20.2658195496, 20.4749488831, 20.0107326508, 20.7141475677, 19.2337207794, 16.8729076385, 13.7988100052, 9.34600448608, 6.07338571548, 4.03403806686, 2.23075914383, 0.836365878582, 0.248087510467, 0.0511433966458, 0.00363345630467, 0.000107229483547],
        "median": [0.160989761353, 0.483311891556, 0.343056201935, 0.844996929169, 1.97923803329, 3.61478543282, 4.31009817123, 5.00186491013, 4.37465381622, 4.80155658722, 5.04909133911, 5.61582946777, 6.12284231186, 5.79810523987, 6.36114406586, 5.45893764496, 6.50411605835, 7.08221244812, 6.60322380066, 6.01456546783, 6.36520576477, 7.05161857605, 7.00478839874, 7.70752811432, 7.66342306137, 7.66452741623, 7.33493709564, 7.0156493187, 5.90793800354, 4.49516391754, 3.82066321373, 2.81677150726, 1.77441549301, 0.994421958923, 0.570271849632, 0.210875272751, 0.0618609040976, 0.0113943843171, 0.000492224469781, 5.82744723943e-05],
        "min": [3.94316477987e-23, 5.74400548439e-22, 1.3468959094e-21, 2.62862832345e-21, 8.69308743436e-21, 2.73990136223e-20, 7.03810566223e-20, 4.46574876372e-20, 1.08271201954e-19, 2.43725949905e-19, 2.14924399855e-19, 3.27382085674e-19, 4.63922902382e-19, 8.06107410966e-19, 5.26163952477e-19, 9.42054699736e-19, 1.64105716233e-18, 2.28306563994e-18, 2.53475333249e-18, 2.13068077314e-18, 3.83799024284e-18, 4.52737828177e-18, 4.60458856092e-18, 6.02921732809e-18, 6.9234235585e-18, 8.38787941781e-18, 9.00800514251e-18, 8.66788501824e-18, 9.93107087731e-18, 1.23321702276e-17, 1.16206278103e-17, 9.9498611121e-18, 9.96815586571e-18, 7.71340544532e-18, 5.31287891762e-18, 3.67199163751e-18, 2.33846502749e-18, 1.01491121713e-18, 2.60781561106e-19, 2.58196431052e-20],
        "var": [0.734200537205, 10.1052074432, 37.0196342468, 129.575134277, 1476.65612793, 1023.68774414, 853.792602539, 1100.33630371, 1168.55383301, 1489.16662598, 1093.27697754, 1063.49609375, 518.040039062, 626.941467285, 621.52935791, 611.533874512, 583.205383301, 670.281799316, 429.741271973, 552.611083984, 528.145874023, 543.580078125, 850.594299316, 732.125793457, 956.419250488, 910.309509277, 979.432495117, 1127.37426758, 912.122924805, 955.742614746, 588.578735352, 238.832489014, 113.590568542, 75.3084487915, 18.0791320801, 2.33085942268, 0.185217544436, 0.00866785645485, 6.12984003965e-05, 2.08159285364e-08]
    },
    "gfcc": {
        "mean": [-56.3130645752, 68.2118530273, -87.5852355957, 35.9077377319, -58.0494651794, 12.102766037, -33.8971595764, 6.40581989288, -21.1460857391, 7.48547792435, -11.7959280014, 4.63636350632, -8.07482242584],
        "cov": [[52408.3007812, -6119.81054688, -6355.60009766, 1715.11401367, -693.083129883, 3360.78588867, 556.952636719, 2288.0456543, -387.706939697, 1245.14331055, -818.517089844, 1101.66479492, -545.876037598], [-6119.81054688, 4759.19628906, 474.96697998, -1160.61901855, -169.83795166, -1434.09191895, -319.59072876, -828.512634277, 83.9460220337, -405.739837646, 244.260391235, -397.425872803, 122.319160461], [-6355.60009766, 474.96697998, 2560.24267578, 309.366943359, 77.2850112915, -370.090942383, -192.285461426, -300.593322754, -6.21328258514, -146.773162842, 47.24949646, -131.526687622, 41.5496482849], [1715.11401367, -1160.61901855, 309.366943359, 1101.65209961, 195.500198364, 531.736206055, 136.193847656, 280.145355225, 29.5545902252, 90.7592773438, -20.0338020325, 81.5658798218, 27.8115100861], [-693.083129883, -169.83795166, 77.2850112915, 195.500198364, 550.951721191, 293.637878418, 235.994995117, 98.2130813599, 43.8539161682, -1.81143474579, -0.275123775005, 6.04064416885, -13.376698494], [3360.78588867, -1434.09191895, -370.090942383, 531.736206055, 293.637878418, 879.922912598, 380.792633057, 468.010314941, 43.3116455078, 172.48449707, -74.5968017578, 149.575714111, -33.3614196777], [556.952636719, -319.59072876, -192.285461426, 136.193847656, 235.994995117, 380.792633057, 436.000946045, 288.155700684, 146.830612183, 85.0358657837, 23.1868801117, 57.0021400452, 28.3115348816], [2288.0456543, -828.512634277, -300.593322754, 280.145355225, 98.2130813599, 468.010314941, 288.155700684, 424.714294434, 142.501861572, 176.039001465, -6.28953170776, 117.799804688, 8.60972499847], [-387.706939697, 83.9460220337, -6.21328258514, 29.5545902252, 43.8539161682, 43.3116455078, 146.830612183, 142.501861572, 213.777206421, 106.690818787, 90.4130249023, 27.2835865021, 51.7003669739], [1245.14331055, -405.739837646, -146.773162842, 90.7592773438, -1.81143474579, 172.48449707, 85.0358657837, 176.039001465, 106.690818787, 201.917053223, 62.0610618591, 94.9862823486, 2.70004630089], [-818.517089844, 244.260391235, 47.24949646, -20.0338020325, -0.275123775005, -74.5968017578, 23.1868801117, -6.28953170776, 90.4130249023, 62.0610618591, 139.428085327, 41.1820030212, 60.2231712341], [1101.66479492, -397.425872803, -131.526687622, 81.5658798218, 6.04064416885, 149.575714111, 57.0021400452, 117.799804688, 27.2835865021, 94.9862823486, 41.1820030212, 135.276687622, 40.399181366], [-545.876037598, 122.319160461, 41.5496482849, 27.8115100861, -13.376698494, -33.3614196777, 28.3115348816, 8.60972499847, 51.7003669739, 2.70004630089, 60.2231712341, 40.399181366, 101.637733459]],
        "icov": [[7.7871583926e-05, -0.000139343697811, 0.000129771637148, -0.000157416638103, 0.000159148810781, -0.000139851646964, 9.55804716796e-05, -0.000184339500265, 0.000185113414773, -0.000340014783433, 0.000605118984822, -0.000642512750346, 0.000351694325218], [-0.000139343697811, 0.000964732142165, -0.00016554009926, 0.000569880066905, -0.000424273806857, 0.000822450616397, -0.00043486544746, 0.000647598993964, -0.000644488551188, 0.00119775475468, -0.00220099510625, 0.00248196139, -0.00110366404988], [0.000129771637148, -0.00016554009926, 0.000751576910261, -0.00059131073067, 0.000117331932415, 8.27142139315e-05, 0.000126672282931, 0.000129411550006, -1.40401443787e-05, -0.000457596790511, 0.000978647381999, -0.000848921074066, 0.000523957191035], [-0.000157416638103, 0.000569880066905, -0.00059131073067, 0.00221173651516, -0.000581532425713, -0.000923690677155, 0.000874170684256, -0.000519488472492, -0.000162986209034, 0.00107075704727, -0.00234184367582, 0.00281533808447, -0.00215097307228], [0.000159148810781, -0.000424273806857, 0.000117331932415, -0.000581532425713, 0.00348792574368, -0.0018418735126, -0.00129031483084, 0.00144017313141, -0.000710269319825, 0.000471304316306, 0.000705011188984, -0.00199424428865, 0.00229213805869], [-0.000139851646964, 0.000822450616397, 8.27142139315e-05, -0.000923690677155, -0.0018418735126, 0.0071312431246, -0.00292560318485, -0.00311801908538, 0.00295081268996, -0.000957975338679, 0.000164586293977, 0.000386411673389, -7.12429100531e-05], [9.55804716796e-05, -0.00043486544746, 0.000126672282931, 0.000874170684256, -0.00129031483084, -0.00292560318485, 0.00783547200263, -0.00384835689329, -0.00225405488163, 0.0020667379722, -0.000871358322911, 0.00038559071254, -0.000786297605373], [-0.000184339500265, 0.000647598993964, 0.000129411550006, -0.000519488472492, 0.00144017313141, -0.00311801908538, -0.00384835689329, 0.0149402171373, -0.00798012595624, -0.00179796502925, 0.00402622204274, -0.00252071511932, 1.56282421813e-05], [0.000185113414773, -0.000644488551188, -1.40401443787e-05, -0.000162986209034, -0.000710269319825, 0.00295081268996, -0.00225405488163, -0.00798012595624, 0.017682056874, -0.00790569372475, -0.00380029529333, 0.00595709588379, -0.00490128900856], [-0.000340014783433, 0.00119775475468, -0.000457596790511, 0.00107075704727, 0.000471304316306, -0.000957975338679, 0.0020667379722, -0.00179796502925, -0.00790569372475, 0.0191826168448, -0.00995651539415, -0.00398819660768, 0.00694720307365], [0.000605118984822, -0.00220099510625, 0.000978647381999, -0.00234184367582, 0.000705011188984, 0.000164586293977, -0.000871358322911, 0.00402622204274, -0.00380029529333, -0.00995651539415, 0.0256174579263, -0.011795507744, -0.00210490752943], [-0.000642512750346, 0.00248196139, -0.000848921074066, 0.00281533808447, -0.00199424428865, 0.000386411673389, 0.00038559071254, -0.00252071511932, 0.00595709588379, -0.00398819660768, -0.011795507744, 0.0285052545369, -0.0141560724005], [0.000351694325218, -0.00110366404988, 0.000523957191035, -0.00215097307228, 0.00229213805869, -7.12429100531e-05, -0.000786297605373, 1.56282421813e-05, -0.00490128900856, 0.00694720307365, -0.00210490752943, -0.0141560724005, 0.023108959198]]
    },
    "melbands": {
        "dmean": [0.00169354875106, 0.000892602081876, 0.000766650133301, 0.000698595016729, 0.000405082915677, 0.000259011372691, 0.000167594102095, 0.000140219694003, 9.69894535956e-05, 6.85489794705e-05, 4.77000903629e-05, 3.86624997191e-05, 3.60433550668e-05, 3.103650306e-05, 2.6130455808e-05, 2.23046590691e-05, 2.08215860766e-05, 1.5140339201e-05, 1.72174768522e-05, 1.29750542328e-05, 1.1997592992e-05, 1.08636431833e-05, 1.10294840852e-05, 1.03696802398e-05, 9.5414052339e-06, 9.29509224079e-06, 1.0477365322e-05, 8.92443404155e-06, 8.76635385794e-06, 9.45493138715e-06, 8.39521908347e-06, 7.84755593486e-06, 6.67714175506e-06, 6.85706345394e-06, 5.97552343606e-06, 4.68523103336e-06, 3.77770084015e-06, 3.1366987514e-06, 2.77341518995e-06, 2.63900869868e-06],
        "dmean2": [0.00215380568989, 0.00128135969862, 0.00120852875989, 0.00107428058982, 0.000658635923173, 0.000421829608968, 0.000274596794043, 0.000227638229262, 0.000156990659889, 0.000106587380287, 7.46647710912e-05, 6.07313413639e-05, 5.82880966249e-05, 5.1035440265e-05, 4.31161824963e-05, 3.55082993337e-05, 3.3211264963e-05, 2.47917614615e-05, 2.77000763163e-05, 2.0905297788e-05, 1.94164986169e-05, 1.71938736457e-05, 1.73713451659e-05, 1.67148482433e-05, 1.52172633534e-05, 1.46799184222e-05, 1.64478569786e-05, 1.41880927913e-05, 1.44559653563e-05, 1.54356166604e-05, 1.34210995384e-05, 1.27438261188e-05, 1.08994463517e-05, 1.09452166726e-05, 9.52595837589e-06, 7.37112623028e-06, 5.96632389716e-06, 4.92937169838e-06, 4.53992197436e-06, 4.26679071097e-06],
        "dvar": [1.00567403933e-05, 5.04152376379e-06, 4.01745001e-06, 5.66016615267e-06, 1.20971606066e-06, 3.35010469144e-07, 1.30965844392e-07, 8.1316549938e-08, 5.44881615383e-08, 2.92378210531e-08, 1.06577200398e-08, 7.03455427242e-09, 4.52599469014e-09, 5.04340480489e-09, 2.59962362748e-09, 2.04277461613e-09, 1.51516132973e-09, 7.52624074174e-10, 1.32586075452e-09, 6.7886191113e-10, 5.63931290554e-10, 4.02923056031e-10, 4.33662744603e-10, 4.07176209416e-10, 3.92838817032e-10, 3.24759802384e-10, 4.24747237382e-10, 2.62822957842e-10, 3.1196545347e-10, 3.8906849964e-10, 3.01547120607e-10, 2.36451719315e-10, 1.90849724913e-10, 3.03181951766e-10, 1.69835936981e-10, 8.7489918088e-11, 5.71936976945e-11, 4.66571399571e-11, 4.22373351572e-11, 6.39286679149e-11],
        "dvar2": [1.81016876013e-05, 1.04574855868e-05, 9.83306290436e-06, 1.25645638036e-05, 3.04641002913e-06, 8.74514569205e-07, 3.30833501039e-07, 1.97635372956e-07, 1.34671665819e-07, 7.18267045841e-08, 2.60968242571e-08, 1.58841935161e-08, 1.11950946291e-08, 1.27922739068e-08, 6.77508671387e-09, 4.76273465111e-09, 3.48104678416e-09, 1.88228410636e-09, 3.25331250828e-09, 1.66948233016e-09, 1.38303446473e-09, 9.78538805541e-10, 1.03824682185e-09, 1.01484909365e-09, 9.60650781145e-10, 7.66801455665e-10, 1.01839425781e-09, 6.40868136337e-10, 8.15499168194e-10, 1.02676955827e-09, 7.69544317158e-10, 5.94266469367e-10, 4.87319740117e-10, 7.34779737055e-10, 4.07290728921e-10, 2.08183317807e-10, 1.36748598556e-10, 1.13467318874e-10, 1.10824752153e-10, 1.7597419355e-10],
        "max": [0.0402675531805, 0.0365307554603, 0.0295694489032, 0.0305173881352, 0.0182941406965, 0.00918741617352, 0.00749817723408, 0.00464352127165, 0.00759869767353, 0.00301293469965, 0.00182228290942, 0.00261471490376, 0.00103636761196, 0.00162638444453, 0.00105440756306, 0.00140845926944, 0.000916711345781, 0.00051657325821, 0.00110318535008, 0.000575266545638, 0.000424107536674, 0.000321310391882, 0.000356827804353, 0.000292240234558, 0.00032137116068, 0.000336782773957, 0.000288048060611, 0.000225154290092, 0.000234426363022, 0.000236946885707, 0.00024529689108, 0.000211071572267, 0.000159865783644, 0.000202719515073, 0.000138719609822, 0.000120541109936, 9.20902675716e-05, 8.09934499557e-05, 9.47201187955e-05, 0.000155482848641],
        "mean": [0.00385059788823, 0.00150609749835, 0.000956659205258, 0.000913991418201, 0.000515146180987, 0.000380521378247, 0.000257151899859, 0.000223509428906, 0.000147262835526, 0.000102477926703, 6.86557395966e-05, 5.66894486838e-05, 4.74423904961e-05, 3.7928148231e-05, 3.40077240253e-05, 3.28314235958e-05, 2.97255628539e-05, 2.14888823393e-05, 2.31682224694e-05, 1.80453880603e-05, 1.70785551745e-05, 1.62486212503e-05, 1.64276571013e-05, 1.4513440874e-05, 1.37014112624e-05, 1.37228234962e-05, 1.53997007146e-05, 1.32407649289e-05, 1.21261873574e-05, 1.26441327666e-05, 1.17462132039e-05, 1.11238623504e-05, 9.7148686109e-06, 9.35099888011e-06, 8.22648235044e-06, 6.63596574668e-06, 5.37407777301e-06, 4.34811454397e-06, 3.68770088244e-06, 3.29089721163e-06],
        "median": [0.00127599691041, 0.000362188846339, 0.000180616538273, 0.000213630526559, 0.00015472585801, 0.000116295545013, 6.28659327049e-05, 5.01578106196e-05, 3.75895324396e-05, 3.28867317876e-05, 2.81310021819e-05, 2.12952181755e-05, 2.07018674701e-05, 1.37855331559e-05, 1.35489335662e-05, 1.21700104501e-05, 1.17568197311e-05, 9.34911804507e-06, 8.02218710305e-06, 6.91711511536e-06, 6.50069341646e-06, 6.74694729241e-06, 5.94381162955e-06, 5.30381021235e-06, 5.49199057787e-06, 5.04098170495e-06, 5.25970699528e-06, 4.82104496768e-06, 4.35917991126e-06, 4.13347697759e-06, 4.00227600039e-06, 3.35321419698e-06, 2.78092647932e-06, 2.35617244471e-06, 2.2457236355e-06, 1.85793192031e-06, 1.59559772328e-06, 1.24172743199e-06, 9.90009993984e-07, 7.6882997746e-07],
        "min": [4.38435431183e-25, 8.30686704846e-25, 7.44864653423e-25, 1.46944079044e-24, 2.29130684707e-24, 9.73246689409e-25, 1.40500199714e-24, 2.54612193567e-24, 1.75510744017e-24, 2.17044487614e-24, 2.01267170902e-24, 2.95706719133e-24, 1.91289894831e-24, 1.26247948347e-24, 2.20747933184e-24, 2.35825037235e-24, 3.4393692546e-24, 3.17136460889e-24, 2.8531623772e-24, 2.97260715951e-24, 3.52043023464e-24, 4.11598116946e-24, 4.10038617823e-24, 4.02517184079e-24, 3.99157859357e-24, 3.6728144957e-24, 4.23839344929e-24, 4.20283633285e-24, 5.4279870169e-24, 4.09600484476e-24, 4.2605691182e-24, 4.82544677445e-24, 5.92782348594e-24, 5.84218711265e-24, 6.01473386959e-24, 6.09790544698e-24, 5.18126406347e-24, 5.6506650955e-24, 5.29500202879e-24, 6.0388769576e-24],
        "var": [3.45884764101e-05, 9.73657552095e-06, 5.07154163643e-06, 7.47275362301e-06, 1.22198093777e-06, 5.01440695189e-07, 2.50288309189e-07, 1.85407841968e-07, 9.44720923712e-08, 3.96148074344e-08, 1.37158115976e-08, 1.1569666114e-08, 5.80243941783e-09, 5.45193046264e-09, 3.30015481609e-09, 4.03967881368e-09, 2.82263079576e-09, 1.17870857519e-09, 1.85256054941e-09, 1.03602393331e-09, 8.41267777663e-10, 6.52200404794e-10, 7.53559659117e-10, 5.52312806601e-10, 5.11964415306e-10, 4.78947048688e-10, 6.11257156002e-10, 3.94052956931e-10, 3.71851410774e-10, 4.38502040234e-10, 3.71999514526e-10, 3.22458504343e-10, 2.49422676957e-10, 3.55946466746e-10, 2.21631019093e-10, 1.27989840948e-10, 8.02253541377e-11, 6.14234288432e-11, 4.76311524944e-11, 5.63173292722e-11]
    },
    "mfcc": {
        "mean": [-680.407836914, 92.1049804688, 20.0459136963, 25.0219421387, 3.68075323105, 8.6953792572, 0.735620439053, 1.22841358185, -1.97285616398, 1.11184370518, -0.257271707058, 1.61358368397, 0.240622088313],
        "cov": [[24331.0664062, -2209.00415039, -1555.96630859, -165.854919434, -568.039489746, 585.984436035, 579.10168457, 1045.32104492, 925.671691895, 867.320861816, 554.243103027, 372.63671875, 221.967041016], [-2209.00415039, 3659.07202148, -202.07661438, -270.396575928, -241.54498291, -466.207000732, -390.737731934, -430.730621338, -344.287384033, -219.665008545, -93.4585342407, -72.5493164062, -64.5585327148], [-1555.96630859, -202.07661438, 1178.88439941, 391.323913574, 248.620376587, 64.529083252, -11.4487714767, -83.1644668579, -50.2760047913, -65.428314209, -53.8821792603, -32.8384208679, -0.6059268713], [-165.854919434, -270.396575928, 391.323913574, 562.178588867, 234.955368042, 134.604690552, 63.9490585327, 45.1583404541, 33.4936218262, 23.0808906555, -4.06204414368, 12.8411445618, 19.7321376801], [-568.039489746, -241.54498291, 248.620376587, 234.955368042, 363.599975586, 191.798416138, 119.340194702, 65.4954147339, 25.0161705017, 2.62204408646, -5.49310255051, 2.13753700256, 2.56278586388], [585.984436035, -466.207000732, 64.529083252, 134.604690552, 191.798416138, 316.816986084, 247.426422119, 207.841751099, 149.61541748, 104.991325378, 62.0779838562, 49.9605293274, 34.2679405212], [579.10168457, -390.737731934, -11.4487714767, 63.9490585327, 119.340194702, 247.426422119, 311.559692383, 264.331726074, 189.464431763, 137.951171875, 72.1346054077, 49.9936599731, 37.1832847595], [1045.32104492, -430.730621338, -83.1644668579, 45.1583404541, 65.4954147339, 207.841751099, 264.331726074, 340.422973633, 256.648468018, 188.111068726, 100.832397461, 66.5364074707, 46.4908676147], [925.671691895, -344.287384033, -50.2760047913, 33.4936218262, 25.0161705017, 149.61541748, 189.464431763, 256.648468018, 268.133361816, 205.604019165, 114.863212585, 80.5785217285, 53.5987243652], [867.320861816, -219.665008545, -65.428314209, 23.0808906555, 2.62204408646, 104.991325378, 137.951171875, 188.111068726, 205.604019165, 227.203735352, 140.798294067, 95.0480880737, 63.3358917236], [554.243103027, -93.4585342407, -53.8821792603, -4.06204414368, -5.49310255051, 62.0779838562, 72.1346054077, 100.832397461, 114.863212585, 140.798294067, 143.686782837, 99.6165390015, 60.2160720825], [372.63671875, -72.5493164062, -32.8384208679, 12.8411445618, 2.13753700256, 49.9605293274, 49.9936599731, 66.5364074707, 80.5785217285, 95.0480880737, 99.6165390015, 125.20236969, 83.0561447144], [221.967041016, -64.5585327148, -0.6059268713, 19.7321376801, 2.56278586388, 34.2679405212, 37.1832847595, 46.4908676147, 53.5987243652, 63.3358917236, 60.2160720825, 83.0561447144, 105.722953796]],
