{
"lowlevel": {
    "average_loudness": 0.822496056557,
    "barkbands_crest": {
        "dmean": 2.66265630722,
        "dmean2": 3.91771292686,
        "dvar": 8.59892177582,
        "dvar2": 15.1403579712,
        "max": 26.7514572144,
        "mean": 10.8514184952,
        "median": 9.0538520813,
        "min": 1.93121647835,
        "var": 32.6795043945
    },
    "barkbands_flatness_db": {
        "dmean": 0.0237045157701,
        "dmean2": 0.0342350006104,
        "dvar": 0.00091124640312,
        "dvar2": 0.00155459775124,
        "max": 0.58331400156,
        "mean": 0.104882277548,
        "median": 0.0775522440672,
        "min": 0.0170379448682,
        "var": 0.00535065075383
    },
    "barkbands_kurtosis": {
        "dmean": 2.74870324135,
        "dmean2": 4.18494272232,
        "dvar": 143.78742981,
        "dvar2": 311.172027588,
        "max": 567.685058594,
        "mean": 3.30276060104,
        "median": -0.25089597702,
        "min": -1.88537824154,
        "var": 435.406066895
    },
    "barkbands_skewness": {
        "dmean": 0.513396799564,
        "dmean2": 0.74884134531,
        "dvar": 0.611024439335,
        "dvar2": 1.08991980553,
        "max": 17.7975349426,
        "mean": 0.866237282753,
        "median": 0.741538882256,
        "min": -12.5974702835,
        "var": 2.54462075233
    },
    "barkbands_spread": {
        "dmean": 6.86714076996,
        "dmean2": 10.6689224243,
        "dvar": 58.9552497864,
        "dvar2": 129.294342041,
        "max": 95.8708953857,
        "mean": 36.5718193054,
        "median": 37.5028114319,
        "min": 0.218543499708,
        "var": 244.06338501
    },
    "dissonance": {
        "dmean": 0.0127009414136,
        "dmean2": 0.0216325949878,
        "dvar": 0.000302509550238,
        "dvar2": 0.000819559383672,
        "max": 0.500000119209,
        "mean": 0.478296339512,
        "median": 0.484580934048,
        "min": 0.23210953176,
        "var": 0.000484411022626
    },
    "dynamic_complexity": 3.76049184799,
    "erbbands_crest": {
        "dmean": 2.97526264191,
        "dmean2": 4.76225948334,
        "dvar": 11.0136938095,
        "dvar2": 23.7446250916,
        "max": 35.1158599854,
        "mean": 10.9640932083,
        "median": 9.0086774826,
        "min": 2.10223007202,
        "var": 48.6275367737
    },
    "erbbands_flatness_db": {
        "dmean": 0.0185756403953,
        "dmean2": 0.0272058025002,
        "dvar": 0.000711563276127,
        "dvar2": 0.00120280776173,
        "max": 0.533402740955,
        "mean": 0.140717178583,
        "median": 0.120389722288,
        "min": 0.0318468362093,
        "var": 0.0038790574763
    },
    "erbbands_kurtosis": {
        "dmean": 1.94277322292,
        "dmean2": 3.04622864723,
        "dvar": 86.2616195679,
        "dvar2": 170.318023682,
        "max": 265.510040283,
        "mean": 2.53295969963,
        "median": 0.0189783573151,
        "min": -1.56841921806,
        "var": 167.051834106
    },
    "erbbands_skewness": {
        "dmean": 0.326084554195,
        "dmean2": 0.499002933502,
        "dvar": 0.289520263672,
        "dvar2": 0.567153632641,
        "max": 5.49644088745,
        "mean": -0.108218453825,
        "median": 0.00907423440367,
        "min": -12.1834812164,
        "var": 1.11722671986
    },
    "erbbands_spread": {
        "dmean": 6.79227685928,
        "dmean2": 10.2013311386,
        "dvar": 58.503528595,
        "dvar2": 116.035743713,
        "max": 159.029266357,
        "mean": 35.0473747253,
        "median": 35.1036949158,
        "min": 0.249579891562,
        "var": 230.3462677
    },
    "hfc": {
        "dmean": 13.0162220001,
        "dmean2": 20.6825199127,
        "dvar": 535.821228027,
        "dvar2": 1393.44873047,
        "max": 226.757080078,
        "mean": 35.720161438,
        "median": 28.075422287,
        "min": 1.13126213189e-16,
        "var": 1031.77685547
    },
    "melbands_crest": {
        "dmean": 3.66493701935,
        "dmean2": 5.72962331772,
        "dvar": 16.5179843903,
        "dvar2": 36.1371192932,
        "max": 38.3190689087,
        "mean": 16.6072788239,
        "median": 14.9300794601,
        "min": 1.72174310684,
        "var": 55.0499458313
    },
    "melbands_flatness_db": {
        "dmean": 0.0285223480314,
        "dmean2": 0.0411933101714,
        "dvar": 0.00114738813136,
        "dvar2": 0.00212003453635,
        "max": 0.699528872967,
        "mean": 0.158307373524,
        "median": 0.135921165347,
        "min": 0.00393878435716,
        "var": 0.00636643078178
    },
    "melbands_kurtosis": {
        "dmean": 7.1487827301,
        "dmean2": 10.7796201706,
        "dvar": 779.50793457,
        "dvar2": 1723.03735352,
        "max": 1010.33050537,
        "mean": 14.4807138443,
        "median": 3.84905004501,
        "min": -1.91156899929,
        "var": 3689.03613281
    },
    "melbands_skewness": {
        "dmean": 0.725544273853,
        "dmean2": 1.05201971531,
        "dvar": 1.06484341621,
        "dvar2": 1.94257581234,
        "max": 23.308795929,
        "mean": 2.26508355141,
        "median": 1.89993786812,
        "min": -7.94058275223,
        "var": 5.77521276474
    },
    "melbands_spread": {
        "dmean": 9.80577373505,
        "dmean2": 15.3765439987,
        "dvar": 129.473678589,
        "dvar2": 281.976074219,
        "max": 169.163879395,
        "mean": 39.8658866882,
        "median": 38.0974006653,
        "min": 0.103704430163,
        "var": 427.252044678
    },
    "pitch_salience": {
        "dmean": 0.0776822417974,
        "dmean2": 0.120946533978,
        "dvar": 0.00733783468604,
        "dvar2": 0.0154583035037,
        "max": 0.976569414139,
        "mean": 0.496303975582,
        "median": 0.506923139095,
        "min": 0.0402100346982,
        "var": 0.0251657944173
    },
    "silence_rate_20dB": {
        "dmean": 0,
        "dmean2": 0,
        "dvar": 0,
        "dvar2": 0,
        "max": 1,
        "mean": 1,
        "median": 1,
        "min": 1,
        "var": 0
    },
    "silence_rate_30dB": {
        "dmean": 0.000233372222283,
        "dmean2": 0.000466798926936,
        "dvar": 0.000233286176808,
        "dvar2": 0.000466592959128,
        "max": 1,
        "mean": 0.99801659584,
        "median": 1,
        "min": 0,
        "var": 0.00197942950763
    },
    "silence_rate_60dB": {
        "dmean": 0.0256709456444,
        "dmean2": 0.0513478815556,
        "dvar": 0.0250095818192,
        "dvar2": 0.0559406802058,
        "max": 1,
        "mean": 0.0891377925873,
        "median": 0,
        "min": 0,
        "var": 0.0811844468117
    },
    "spectral_centroid": {
        "dmean": 213.482437134,
        "dmean2": 331.872467041,
        "dvar": 59746.4140625,
        "dvar2": 124816,
        "max": 11330.0097656,
        "mean": 2122.15722656,
        "median": 2148.6809082,
        "min": 138.481674194,
        "var": 444555.90625
    },
    "spectral_complexity": {
        "dmean": 4.98226356506,
        "dmean2": 7.28136301041,
        "dvar": 31.7206172943,
        "dvar2": 56.5409812927,
        "max": 61,
        "mean": 24.1747760773,
        "median": 23,
        "min": 0,
        "var": 213.564849854
    },
    "spectral_decrease": {
        "dmean": 2.01347183371e-09,
        "dmean2": 3.0160089981e-09,
        "dvar": 7.79429957332e-18,
        "dvar2": 1.45835333434e-17,
        "max": 2.24565574113e-28,
        "mean": -7.45204520314e-09,
        "median": -6.27503160544e-09,
        "min": -7.0105286909e-08,
        "var": 3.65272833813e-17
    },
    "spectral_energy": {
        "dmean": 0.00842222385108,
        "dmean2": 0.0128275547177,
        "dvar": 0.00013250146003,
        "dvar2": 0.00026245272602,
        "max": 0.265803933144,
        "mean": 0.031365711242,
        "median": 0.0271311122924,
        "min": 1.02729054691e-20,
        "var": 0.000606001936831
    },
    "spectral_energyband_high": {
        "dmean": 0.00116682588123,
        "dmean2": 0.00184619962238,
        "dvar": 4.71161456517e-06,
        "dvar2": 1.19922933663e-05,
        "max": 0.0194500535727,
        "mean": 0.00253199134022,
        "median": 0.00160080043133,
        "min": 7.43996615968e-21,
        "var": 8.05518993729e-06
    },
    "spectral_energyband_low": {
        "dmean": 0.00564870471135,
        "dmean2": 0.00789550412446,
        "dvar": 9.4511633506e-05,
        "dvar2": 0.000158498980454,
        "max": 0.265077352524,
        "mean": 0.0157846715301,
        "median": 0.00851326622069,
        "min": 2.42774215501e-23,
        "var": 0.000370240886696
    },
    "spectral_energyband_middle_high": {
        "dmean": 0.00268965750001,
        "dmean2": 0.00435376400128,
        "dvar": 1.36898488563e-05,
        "dvar2": 3.49393594661e-05,
        "max": 0.0446019023657,
        "mean": 0.0083593185991,
        "median": 0.00710229994729,
        "min": 1.21459113712e-21,
        "var": 4.6173681767e-05
    },
    "spectral_energyband_middle_low": {
        "dmean": 0.00235123932362,
        "dmean2": 0.00380396191031,
        "dvar": 1.73591470229e-05,
        "dvar2": 4.56371890323e-05,
        "max": 0.0410541892052,
        "mean": 0.0053659225814,
        "median": 0.00351126585156,
        "min": 2.12855371939e-22,
        "var": 2.98381164612e-05
    },
    "spectral_entropy": {
        "dmean": 0.166207894683,
        "dmean2": 0.25401493907,
        "dvar": 0.0622347295284,
        "dvar2": 0.115159422159,
        "max": 9.82580089569,
        "mean": 7.8705534935,
        "median": 8.03340625763,
        "min": 4.17615318298,
        "var": 0.28988674283
    },
    "spectral_flux": {
        "dmean": 0.0273530073464,
        "dmean2": 0.0430142134428,
        "dvar": 0.000839898420963,
        "dvar2": 0.00194446032401,
        "max": 0.258921056986,
        "mean": 0.084486015141,
        "median": 0.0778872594237,
        "min": 6.4445469794e-11,
        "var": 0.00266781868413
    },
    "spectral_kurtosis": {
        "dmean": 1.18717980385,
        "dmean2": 1.93319714069,
        "dvar": 9.1392288208,
        "dvar2": 22.3741455078,
        "max": 56.3008880615,
        "mean": 3.41394400597,
        "median": 2.72558355331,
        "min": -1.22144424915,
        "var": 13.3565511703
    },
    "spectral_rms": {
        "dmean": 0.000718777941074,
        "dmean2": 0.00106820242945,
        "dvar": 7.78107789756e-07,
        "dvar2": 1.38852101372e-06,
        "max": 0.016103444621,
        "mean": 0.00499168317765,
        "median": 0.00514483964071,
        "min": 3.16580897781e-12,
        "var": 5.68382074562e-06
    },
    "spectral_rolloff": {
        "dmean": 765.727416992,
        "dmean2": 1271.8314209,
        "dvar": 1264993.5,
        "dvar2": 3015597.5,
        "max": 19422.9492188,
        "mean": 2400.22924805,
        "median": 2045.65429688,
        "min": 21.533203125,
        "var": 2790302.75
    },
    "spectral_skewness": {
        "dmean": 0.153407454491,
        "dmean2": 0.246783778071,
        "dvar": 0.0625434294343,
        "dvar2": 0.144517481327,
        "max": 5.72755479813,
        "mean": 1.37159097195,
        "median": 1.30395078659,
        "min": -0.0511731952429,
        "var": 0.163213908672
    },
    "spectral_spread": {
        "dmean": 562784.9375,
        "dmean2": 827017.3125,
        "dvar": 700719824896,
        "dvar2": 1.22206735565e+12,
        "max": 41608980,
        "mean": 5433805,
        "median": 5319305,
        "min": 868959.3125,
        "var": 3.66260125696e+12
    },
    "spectral_strongpeak": {
        "dmean": 0.662682294846,
        "dmean2": 1.16693246365,
        "dvar": 1.75059330463,
        "dvar2": 4.30812883377,
        "max": 10.2544555664,
        "mean": 1.14891052246,
        "median": 0.383752286434,
        "min": 0,
        "var": 2.9799053669
    },
    "zerocrossingrate": {
        "dmean": 0.0130678759888,
        "dmean2": 0.0152517091483,
        "dvar": 0.000185848868568,
        "dvar2": 0.000246764015174,
        "max": 0.5830078125,
        "mean": 0.0840136036277,
        "median": 0.08154296875,
        "min": 0.00146484375,
        "var": 0.00159812695347
    },
    "barkbands": {
        "dmean": [0.000615468597971, 0.00531728938222, 0.00164410495199, 0.0007438310422, 0.00077012181282, 0.000406492530601, 0.000363427039701, 0.000245150586125, 0.000394436268834, 0.000536355888471, 0.000524714996573, 0.000382661557524, 0.000673246395309, 0.000735242210794, 0.000586066395044, 0.000426237034844, 0.000396909890696, 0.000230927820667, 0.000245475588599, 0.000283024215605, 0.000256366532994, 0.000224319519475, 0.000226859250688, 0.000276470003882, 0.000175760345883, 8.82550739334e-05, 8.88498925633e-06],
        "dmean2": [0.000887268572114, 0.00780934654176, 0.00271897530183, 0.00130778772291, 0.00122654112056, 0.000657802447677, 0.000590025738347, 0.000395144947106, 0.000640656449832, 0.000864605826791, 0.000845472910441, 0.000617133104242, 0.00108681281563, 0.00119881029241, 0.000969847722445, 0.000721685995813, 0.00064465549076, 0.000383591774153, 0.000402290286729, 0.00044100228115, 0.00042094651144, 0.000358362623956, 0.000373061106075, 0.000474303786177, 0.000280863052467, 0.000140130941872, 1.31012338898e-05],
        "dvar": [9.82252117865e-07, 9.96303424472e-05, 1.78112659341e-05, 4.07494053434e-06, 2.08256142287e-06, 5.34775722372e-07, 5.0437029131e-07, 2.23284501999e-07, 5.81174276704e-07, 1.39043834224e-06, 1.43888644288e-06, 7.47787169075e-07, 2.05876972359e-06, 2.38296161115e-06, 1.50811024469e-06, 8.76440083175e-07, 5.9371768657e-07, 1.41373135421e-07, 1.54620181547e-07, 2.04376476631e-07, 1.54274346187e-07, 1.49450130493e-07, 2.14204462168e-07, 3.83438873541e-07, 1.23825088849e-07, 3.29760929674e-08, 7.82939213462e-10],
        "dvar2": [1.99325586436e-06, 0.000171761479578, 4.44560610049e-05, 1.13454161692e-05, 5.26069561602e-06, 1.32637285333e-06, 1.22432732041e-06, 5.5006319144e-07, 1.37882182116e-06, 3.20795402331e-06, 3.19736886922e-06, 1.69741383615e-06, 5.10616428073e-06, 5.92464766669e-06, 3.94582730223e-06, 2.28124758905e-06, 1.55367740717e-06, 3.53450246848e-07, 3.78766543463e-07, 4.46431300816e-07, 4.05300568218e-07, 3.49962533619e-07, 5.74858347591e-07, 1.06000402411e-06, 3.17462450994e-07, 8.29243163025e-08, 1.58332158495e-09],
        "max": [0.0261273216456, 0.237826764584, 0.0318154022098, 0.0267227645963, 0.0256395321339, 0.0180562287569, 0.0143297752365, 0.0105728087947, 0.0220581181347, 0.0328806675971, 0.0299554914236, 0.030390355736, 0.0289076715708, 0.0274707339704, 0.0226080790162, 0.0183055978268, 0.0133730042726, 0.00671121617779, 0.00567656895146, 0.00917596183717, 0.00458214152604, 0.0043514193967, 0.00514868367463, 0.00472538126633, 0.00317919277586, 0.00211140164174, 0.0013378681615],
        "mean": [0.00121240189765, 0.012273972854, 0.00193024531472, 0.000778958201408, 0.00132177129854, 0.000765470729675, 0.000650085683446, 0.000452409934951, 0.000749447091948, 0.00100062263664, 0.000894870026968, 0.00068779475987, 0.00114483002108, 0.0013797050342, 0.00102944392711, 0.000573254888877, 0.000764346448705, 0.000430448562838, 0.000476417568279, 0.000612503150478, 0.000589877250604, 0.000452519481769, 0.00039182670298, 0.000379099947168, 0.000275929225609, 0.00013217626838, 1.52593202074e-05],
        "median": [0.00027129414957, 0.00516388332471, 0.000460232811747, 0.000216648899368, 0.000518111919519, 0.000319621845847, 0.000253236008575, 0.000151588043082, 0.000299850711599, 0.000319842016324, 0.000237079089857, 0.000261326262262, 0.000319769838825, 0.000415978953242, 0.000348225585185, 0.000244472728809, 0.00036029482726, 0.000250723242061, 0.000266218004981, 0.000309448165353, 0.000387513195165, 0.00025599473156, 0.000214672458242, 0.000189191152458, 0.00014520228433, 6.31957591395e-05, 3.51245580532e-06],
        "min": [5.25568865254e-25, 1.09933368055e-23, 4.46765950253e-25, 3.01440850445e-24, 1.03163221771e-23, 1.92707044004e-23, 3.40574224413e-23, 1.464244327e-23, 4.39096577479e-23, 3.65867408509e-23, 2.24950124229e-23, 4.63094010206e-23, 6.63377747661e-23, 4.25656438693e-23, 8.97984223567e-23, 6.41756837297e-23, 9.61224110004e-23, 1.23323092319e-22, 1.46769123895e-22, 2.40565038935e-22, 3.14296724924e-22, 3.45274144091e-22, 5.08442133727e-22, 6.39123190455e-22, 1.07504631304e-21, 1.42694431389e-21, 1.99726696895e-21],
        "var": [3.99274858864e-06, 0.000304641376715, 1.65970650414e-05, 3.13460645884e-06, 4.07767174693e-06, 1.51548852045e-06, 1.25603526158e-06, 7.38790049581e-07, 2.06953382076e-06, 3.9910828491e-06, 4.5082597353e-06, 2.25331700676e-06, 5.20977755514e-06, 5.98779979555e-06, 3.59352202395e-06, 1.12994598567e-06, 1.39185181069e-06, 3.13143942776e-07, 3.47335344486e-07, 5.85570887779e-07, 4.12604833855e-07, 3.05200245521e-07, 2.6192981295e-07, 3.34137439495e-07, 1.50822287992e-07, 4.20929922029e-08, 1.86566673221e-09]
    },
    "erbbands": {
        "dmean": [0.252309024334, 1.08946824074, 1.73384511471, 2.40649700165, 2.22046899796, 3.10249829292, 2.709887743, 3.44085025787, 4.63567399979, 6.27397823334, 5.69026947021, 8.54595565796, 18.7137985229, 11.9100217819, 19.092792511, 18.8952026367, 28.9334545135, 41.3128318787, 22.9580936432, 30.9992370605, 22.672492981, 16.2661647797, 11.6642818451, 13.9642772675, 10.7177944183, 15.4110651016, 10.4107780457, 9.52369499207, 7.41258478165, 7.67538833618, 6.85165405273, 5.64838075638, 4.70978832245, 2.55999135971, 1.05038273335, 0.52543181181, 0.113978616893, 0.0199010893703, 0.00154936627951, 3.46258457284e-05],
        "dmean2": [0.307154357433, 1.60210514069, 2.62225627899, 4.19704341888, 3.59496164322, 5.00057315826, 4.25406455994, 5.72309970856, 7.70443582535, 10.0832004547, 9.05652809143, 13.8109712601, 30.2819347382, 18.9371414185, 30.7286663055, 30.487361908, 46.8039245605, 67.2674636841, 36.7562942505, 51.8014831543, 38.4863204956, 26.342010498, 19.241897583, 23.1731357574, 17.3361339569, 24.060426712, 16.6051521301, 15.8243684769, 11.8799695969, 12.6300125122, 11.3585157394, 9.52402305603, 8.12645530701, 4.20982456207, 1.70848500729, 0.862249076366, 0.174216523767, 0.02930351533, 0.00231796363369, 5.25299801666e-05],
        "dvar": [0.22164490819, 4.14222145081, 14.9657392502, 40.7915916443, 22.8885631561, 35.640750885, 25.3865852356, 42.9991340637, 93.432144165, 183.106582642, 125.458389282, 289.548217773, 1827.35839844, 555.133056641, 1839.25427246, 1835.73608398, 4074.40380859, 7854.05175781, 2980.94458008, 4424.97216797, 1793.69384766, 925.371337891, 336.144500732, 651.477905273, 284.192840576, 630.992553711, 253.845214844, 272.919769287, 153.871124268, 221.758529663, 188.979309082, 123.019950867, 138.379455566, 28.7310562134, 4.11389398575, 1.23451030254, 0.0465995147824, 0.00196704291739, 2.16492317122e-05, 5.17712939185e-09],
        "dvar2": [0.331243157387, 8.29417037964, 33.3409500122, 111.218132019, 60.4350624084, 88.2108154297, 59.9158096313, 109.438034058, 238.880584717, 420.667724609, 301.45803833, 699.185058594, 4296.82763672, 1272.30053711, 4087.08081055, 4220.78759766, 10235.5576172, 19772.9042969, 7080.57714844, 12083.5605469, 4785.56542969, 2500.77685547, 878.97076416, 1645.42370605, 685.920227051, 1388.57287598, 592.9765625, 738.465026855, 363.943939209, 573.418457031, 504.853607178, 330.921936035, 385.549713135, 74.2027130127, 10.7547931671, 3.24593353271, 0.105343587697, 0.00379187404178, 4.18358940806e-05, 1.02673904934e-08],
        "max": [13.5504112244, 34.4345245361, 38.225856781, 66.3122253418, 61.5878639221, 142.719055176, 132.027526855, 163.562561035, 221.608261108, 380.318969727, 289.380126953, 443.296966553, 1175.49890137, 531.903808594, 1258.74353027, 1514.6270752, 1416.04296875, 1602.49926758, 1434.97436523, 1268.87097168, 588.791137695, 597.392700195, 318.86114502, 513.179992676, 287.211914062, 463.62600708, 207.973297119, 228.365921021, 157.155212402, 159.177963257, 146.231414795, 87.2448883057, 91.7844009399, 45.43409729, 23.2502746582, 9.65618419647, 3.9561662674, 1.53757059574, 0.236978188157, 0.00308114895597],
        "mean": [0.497190177441, 2.14870834351, 2.64171767235, 2.49932360649, 3.2376203537, 5.0138053894, 4.76805686951, 6.1917309761, 7.68347024918, 11.9572105408, 11.1674051285, 17.0228595734, 36.0930290222, 22.5361480713, 35.1209373474, 37.1763725281, 51.6459388733, 82.6815795898, 46.6972312927, 49.9994125366, 38.3356590271, 33.7031021118, 23.9838428497, 27.7539920807, 22.8804836273, 32.9254188538, 24.2594680786, 20.5479850769, 16.0336837769, 14.0239858627, 11.4778242111, 8.50839519501, 5.86383152008, 3.58243656158, 1.70605921745, 0.726068377495, 0.203438177705, 0.0386084318161, 0.00267843203619, 9.00361992535e-05],
        "median": [0.184239909053, 0.770923316479, 1.01454377174, 0.827835142612, 1.3094227314, 1.73250377178, 2.05266451836, 2.45343136787, 3.27735471725, 3.71607708931, 4.82790851593, 7.62916755676, 12.1067552567, 10.3913888931, 12.7103214264, 14.9304332733, 18.8164310455, 25.4588356018, 20.0252952576, 19.8329238892, 19.9289455414, 18.8367118835, 15.2488222122, 15.3936853409, 13.9209222794, 16.4099178314, 14.6890497208, 12.7540054321, 9.14650726318, 7.97339916229, 6.35286140442, 4.32369661331, 2.68101668358, 1.73010790348, 0.923143744469, 0.345029830933, 0.106459364295, 0.0171705614775, 0.000722316326573, 6.75164701534e-05],
        "min": [2.15651549371e-22, 1.26940800857e-21, 1.344287443e-21, 4.39881078824e-21, 1.40441034689e-20, 5.23829862046e-20, 1.23833681063e-19, 1.51913826221e-19, 2.9190053519e-19, 5.57267804665e-19, 3.80251360374e-19, 8.64098768966e-19, 9.8071102111e-19, 1.67517887958e-18, 1.2023132242e-18, 1.48084189365e-18, 2.6330294203e-18, 2.35677115483e-18, 3.46813152798e-18, 4.45006791377e-18, 5.09630276733e-18, 6.00526135037e-18, 6.47806289926e-18, 6.81293745767e-18, 9.09042790029e-18, 9.52479202047e-18, 8.55276877393e-18, 1.21956672285e-17, 1.22465090577e-17, 1.31079241943e-17, 1.25672739828e-17, 1.17974302216e-17, 1.03985776431e-17, 1.03524499162e-17, 8.11952217476e-18, 4.81932092563e-18, 2.4531544466e-18, 1.1601852258e-18, 2.71999164188e-19, 3.09134487823e-20],
        "var": [0.671720802784, 9.67826747894, 19.6848068237, 30.0314083099, 28.3459320068, 72.5936889648, 60.399055481, 109.769271851, 174.597457886, 625.971618652, 378.092926025, 883.918395996, 5795.83642578, 1399.06091309, 5649.85400391, 5688.37109375, 9981.55371094, 20634.3828125, 8500.56933594, 8331.26660156, 2941.68066406, 2145.71606445, 792.692687988, 1588.80627441, 759.164428711, 1751.84521484, 766.138916016, 553.483337402, 358.935302734, 314.889312744, 228.60144043, 133.160217285, 107.545013428, 29.9266910553, 5.39867591858, 1.30921363831, 0.0879980698228, 0.00526314554736, 5.13327177032e-05, 1.39283446998e-08]
    },
    "gfcc": {
        "mean": [15.4769010544, 44.7752952576, -120.074798584, 33.2682418823, -49.9529685974, 28.2755184174, -32.1161689758, 12.9750585556, -21.6038627625, 10.8741130829, -16.4646873474, 4.65450954437, -10.5145940781],
        "cov": [[16837.90625, -769.52923584, 909.528076172, 1281.84875488, 86.9597320557, 991.92791748, 220.054901123, 549.692749023, -278.648406982, 371.9715271, -126.28477478, 197.894012451, -104.489761353], [-769.52923584, 1005.11962891, 235.787033081, 128.543228149, 214.894485474, -20.6967601776, 3.23721432686, -101.015487671, 48.4452934265, -116.686218262, -24.3553695679, -88.3133544922, 40.4500198364], [909.528076172, 235.787033081, 858.318237305, 369.053833008, 232.913589478, 254.451171875, 193.587524414, 190.914520264, 55.2920761108, 64.6277313232, -15.9842805862, 39.7013587952, 14.6217927933], [1281.84875488, 128.543228149, 369.053833008, 466.927764893, 163.180709839, 189.717315674, 93.8935470581, 129.386322021, 30.9058456421, 52.2592582703, -16.5020294189, 28.230463028, 19.2496891022], [86.9597320557, 214.894485474, 232.913589478, 163.180709839, 316.531585693, 159.354064941, 146.048370361, 52.2423591614, 82.4541397095, 23.0530281067, 26.8231964111, 2.84894633293, 30.0676193237], [991.92791748, -20.6967601776, 254.451171875, 189.717315674, 159.354064941, 277.795440674, 150.036331177, 99.1984634399, 18.1800384521, 73.6646118164, 15.7683267593, 8.09179878235, 0.571514725685], [220.054901123, 3.23721432686, 193.587524414, 93.8935470581, 146.048370361, 150.036331177, 285.071685791, 151.732177734, 86.6882476807, 72.2826461792, 58.7584838867, 46.0349769592, 22.7786369324], [549.692749023, -101.015487671, 190.914520264, 129.386322021, 52.2423591614, 99.1984634399, 151.732177734, 245.89906311, 93.8559951782, 65.0920944214, 18.2639884949, 79.6301422119, 23.9940471649], [-278.648406982, 48.4452934265, 55.2920761108, 30.9058456421, 82.4541397095, 18.1800384521, 86.6882476807, 93.8559951782, 155.513046265, 73.8874664307, 45.603263855, 26.1683540344, 41.0087547302], [371.9715271, -116.686218262, 64.6277313232, 52.2592582703, 23.0530281067, 73.6646118164, 72.2826461792, 65.0920944214, 73.8874664307, 168.099349976, 90.0433959961, 39.8703231812, 3.97527766228], [-126.28477478, -24.3553695679, -15.9842805862, -16.5020294189, 26.8231964111, 15.7683267593, 58.7584838867, 18.2639884949, 45.603263855, 90.0433959961, 127.509902954, 63.9479789734, 12.4715003967], [197.894012451, -88.3133544922, 39.7013587952, 28.230463028, 2.84894633293, 8.09179878235, 46.0349769592, 79.6301422119, 26.1683540344, 39.8703231812, 63.9479789734, 123.067939758, 46.4203224182], [-104.489761353, 40.4500198364, 14.6217927933, 19.2496891022, 30.0676193237, 0.571514725685, 22.7786369324, 23.9940471649, 41.0087547302, 3.97527766228, 12.4715003967, 46.4203224182, 87.9217987061]],
        "icov": [[0.000110459652205, -2.64680929831e-05, 8.49089410622e-05, -0.00019431381952, 6.81168094161e-05, -0.000309476832626, 6.77532734699e-05, -0.000122180659673, 0.000330002279952, -0.000372794253053, 0.000386979867471, -0.0003093907726, 0.000137773764436], [-2.64680929831e-05, 0.0020800086204, -0.000834133883473, -0.000650332891382, -0.000677923322655, 0.000942792044953, 6.68975844746e-05, 0.000888587674126, -0.00120148935821, 0.00264629349113, -0.00251178233884, 0.00248423055746, -0.00125597952865], [8.49089410622e-05, -0.000834133883473, 0.00256833597086, -0.000827716139611, -0.00050395168364, -0.000997188850306, -0.000363263039617, -0.000987254315987, 0.00103964388836, -0.00176998297684, 0.00233878707513, -0.00175008107908, 0.000968481821474], [-0.00019431381952, -0.000650332891382, -0.000827716139611, 0.00472059333697, -0.0013447154779, -0.000785679148976, 0.00104454858229, -0.00156824127771, 0.000896792276762, -0.00145328138024, 0.00130643916782, -0.000476578075904, -0.000491551531013], [6.81168094161e-05, -0.000677923322655, -0.00050395168364, -0.0013447154779, 0.00842647254467, -0.00440376950428, -0.00191543833353, 0.0033502925653, -0.00545654213056, 0.00358734023757, -0.00122344004922, -0.00108541816007, 0.000629415269941], [-0.000309476832626, 0.000942792044953, -0.000997188850306, -0.000785679148976, -0.00440376950428, 0.0112724760547, -0.00245088967495, -0.00210780464113, 0.0049579362385, -0.00317485583946, -0.00106116069946, 0.00472317775711, -0.00233289389871], [6.77532734699e-05, 6.68975844746e-05, -0.000363263039617, 0.00104454858229, -0.00191543833353, -0.00245088967495, 0.00846672616899, -0.00476983236149, 0.000151862157509, 0.0008170112269, -0.00390082062222, 0.00203688628972, -0.000969282118604], [-0.000122180659673, 0.000888587674126, -0.000987254315987, -0.00156824127771, 0.0033502925653, -0.00210780464113, -0.00476983236149, 0.0149389067665, -0.0100065451115, 0.00185765139759, 0.00601138966158, -0.00973613746464, 0.00485139293596], [0.000330002279952, -0.00120148935821, 0.00103964388836, 0.000896792276762, -0.00545654213056, 0.0049579362385, 0.000151862157509, -0.0100065451115, 0.0209734495729, -0.0100988782942, -0.000481958588352, 0.00613667769358, -0.00739654293284], [-0.000372794253053, 0.00264629349113, -0.00176998297684, -0.00145328138024, 0.00358734023757, -0.00317485583946, 0.0008170112269, 0.00185765139759, -0.0100988782942, 0.020792780444, -0.014933463186, 0.00510941306129, 0.000218101456994], [0.000386979867471, -0.00251178233884, 0.00233878707513, 0.00130643916782, -0.00122344004922, -0.00106116069946, -0.00390082062222, 0.00601138966158, -0.000481958588352, -0.014933463186, 0.0288931708783, -0.0186741929501, 0.00739693176001], [-0.0003093907726, 0.00248423055746, -0.00175008107908, -0.000476578075904, -0.00108541816007, 0.00472317775711, 0.00203688628972, -0.00973613746464, 0.00613667769358, 0.00510941306129, -0.0186741929501, 0.0283846817911, -0.0140761835501], [0.000137773764436, -0.00125597952865, 0.000968481821474, -0.000491551531013, 0.000629415269941, -0.00233289389871, -0.000969282118604, 0.00485139293596, -0.00739654293284, 0.000218101456994, 0.00739693176001, -0.0140761835501, 0.0206116158515]]
    },
    "melbands": {
        "dmean": [0.00172217702493, 0.000971626897808, 0.0003983368224, 0.000183786818525, 0.000102737256384, 7.94786174083e-05, 7.07970393705e-05, 6.30034192e-05, 5.03315786773e-05, 5.5172615248e-05, 9.34898562264e-05, 4.71105522593e-05, 7.53129643272e-05, 4.61041781818e-05, 6.29731439403e-05, 5.5585293012e-05, 8.69021532708e-05, 3.71886271751e-05, 3.74125920644e-05, 3.91605644836e-05, 2.81337452179e-05, 1.90421160369e-05, 1.42866510942e-05, 1.29414147523e-05, 1.21506618598e-05, 9.85103542916e-06, 7.9074416135e-06, 1.09817710836e-05, 6.85613713358e-06, 6.75481896906e-06, 6.35537799099e-06, 4.37293965661e-06, 5.03768569615e-06, 4.37366043116e-06, 4.19106390837e-06, 3.45275111613e-06, 3.71488567907e-06, 3.97302619604e-06, 2.13467887988e-06, 2.2836034077e-06],
        "dmean2": [0.00227495911531, 0.00131834449712, 0.000678091717418, 0.000294137775199, 0.000162296084454, 0.000131419874378, 0.000117032446724, 0.000101445722976, 8.05060190032e-05, 8.89443836058e-05, 0.000151463886141, 7.52294581616e-05, 0.000121020922961, 7.44651770219e-05, 0.000102624748251, 8.85944027686e-05, 0.000141985205119, 5.88315378991e-05, 6.21211511316e-05, 6.6379281634e-05, 4.75235647173e-05, 3.0205677831e-05, 2.37913918681e-05, 2.14826213778e-05, 2.03917061299e-05, 1.6239402612e-05, 1.26990598801e-05, 1.69997201738e-05, 1.08217636807e-05, 1.11819936137e-05, 1.05464023363e-05, 7.14664656698e-06, 8.08400181995e-06, 7.37003620088e-06, 6.95198286849e-06, 5.76634192839e-06, 6.31698276266e-06, 7.02201214153e-06, 3.47637205778e-06, 3.77004198526e-06],
        "dvar": [1.00556535472e-05, 3.01042769024e-06, 9.65928961705e-07, 1.22995018614e-07, 3.52442768303e-08, 2.24007852268e-08, 2.04728181075e-08, 1.7411059261e-08, 9.35947053193e-09, 1.12790097262e-08, 4.53682282853e-08, 9.5634291597e-09, 2.98340907534e-08, 1.0539273454e-08, 1.83981256896e-08, 1.16235838732e-08, 3.76812074876e-08, 7.67712204919e-09, 5.47545786489e-09, 7.74586794705e-09, 2.81550227577e-09, 1.23550081277e-09, 1.10361575434e-09, 4.96234775493e-10, 5.30429311585e-10, 2.66184491116e-10, 1.32207855774e-10, 3.31852600954e-10, 1.16926052174e-10, 1.18182991171e-10, 1.28551780332e-10, 5.16542399132e-11, 7.61696400398e-11, 7.83179007757e-11, 6.52822101932e-11, 4.58679309812e-11, 5.26819525504e-11, 1.13741530083e-10, 1.82740263893e-11, 2.10961994401e-11],
        "dvar2": [1.59924547916e-05, 5.77980517846e-06, 2.57002807302e-06, 3.08344652922e-07, 8.74843593124e-08, 5.65744890935e-08, 5.20751655131e-08, 4.09321394557e-08, 2.24018243955e-08, 2.73160551956e-08, 1.06839422642e-07, 2.1942723194e-08, 6.59883951926e-08, 2.36066775017e-08, 4.5700669915e-08, 2.86294241647e-08, 9.46290370507e-08, 1.80801826843e-08, 1.46631951026e-08, 2.05026253752e-08, 7.38835836955e-09, 3.15298920306e-09, 3.00934943631e-09, 1.24895394027e-09, 1.34172406518e-09, 6.52195519812e-10, 3.17707943287e-10, 7.146567782e-10, 2.63457533567e-10, 3.02826125287e-10, 3.46391387795e-10, 1.28940622068e-10, 1.70325142879e-10, 2.11116915616e-10, 1.73703759709e-10, 1.22775414835e-10, 1.41422262789e-10, 3.22831039679e-10, 4.66320072834e-11, 5.45495003335e-11],
        "max": [0.0872653350234, 0.0201737154275, 0.0107806781307, 0.00686399219558, 0.0039079929702, 0.00406995089725, 0.00302814785391, 0.00350192072801, 0.00216389191337, 0.00306357699446, 0.00598420249298, 0.00234568398446, 0.00442863581702, 0.00356925395317, 0.00274504395202, 0.00182296766434, 0.00356403621845, 0.00233526015654, 0.00123839103617, 0.00181996182073, 0.000721175572835, 0.000655439624097, 0.000894279859494, 0.000503993476741, 0.000467384117655, 0.000290953845251, 0.000204033174668, 0.000395252311137, 0.00015646967222, 0.000168711267179, 0.000157718954142, 7.64861324569e-05, 0.000142182325362, 0.000106739134935, 8.68601637194e-05, 6.37397970422e-05, 5.59181244171e-05, 8.50480937515e-05, 4.16073162341e-05, 3.68857981812e-05],
        "mean": [0.003870542394, 0.00189642922487, 0.000455915258499, 0.000300645420793, 0.000183077310794, 0.000145422396599, 0.000121646691696, 0.000120966869872, 9.54038332566e-05, 0.000109920445539, 0.000177845082362, 8.32449368318e-05, 0.000130572501803, 8.33761660033e-05, 0.000113331523607, 0.000100690907857, 0.000164988901815, 6.9453715696e-05, 6.19803467998e-05, 5.64170222788e-05, 4.6862380259e-05, 3.70632660633e-05, 2.64042882918e-05, 2.30139539781e-05, 2.19601279241e-05, 1.74924152816e-05, 1.66207737493e-05, 2.23734150495e-05, 1.49167562995e-05, 1.3329072317e-05, 1.21414468595e-05, 8.7290236479e-06, 9.26096890908e-06, 7.13626241122e-06, 6.80039192957e-06, 5.61607475902e-06, 5.00366013512e-06, 4.41262091044e-06, 3.15841703014e-06, 3.00184137814e-06],
        "median": [0.00165359082166, 0.000853607547469, 0.000169278908288, 0.000115395865578, 7.63093485148e-05, 5.73790166527e-05, 5.16334002896e-05, 3.96160648961e-05, 3.92031543015e-05, 4.83130024804e-05, 5.7004064729e-05, 3.52346178261e-05, 3.6384404666e-05, 3.00930987578e-05, 3.70052366634e-05, 3.47333661921e-05, 4.23646815761e-05, 2.57201027125e-05, 2.4047016268e-05, 2.03268664336e-05, 2.06233708013e-05, 1.93299201783e-05, 1.28031151689e-05, 1.20605509437e-05, 1.09669781523e-05, 9.25225049286e-06, 1.01245177575e-05, 9.62070043897e-06, 8.08920594864e-06, 7.36497577236e-06, 6.37463153907e-06, 4.88394607601e-06, 4.56315183328e-06, 3.90495370084e-06, 3.66236054106e-06, 2.69864426627e-06, 2.41631664721e-06, 1.83300528533e-06, 1.62025207828e-06, 1.36074208967e-06],
        "min": [3.57441040866e-24, 1.32141252069e-24, 1.15225638653e-24, 1.97050374098e-24, 4.40550022143e-24, 3.55284610695e-24, 5.43518300607e-24, 5.48215336209e-24, 2.90076618852e-24, 6.10144901017e-24, 4.95336766998e-24, 6.53472967907e-24, 3.40974003343e-24, 4.43471844607e-24, 5.2583641729e-24, 6.21740525235e-24, 3.8454799762e-24, 4.33454139414e-24, 6.85495514177e-24, 4.97206406786e-24, 4.58711848435e-24, 4.80181920705e-24, 5.20325711108e-24, 5.30752953439e-24, 5.16911166123e-24, 4.9198099215e-24, 7.26177307717e-24, 3.66099341503e-24, 4.56832978974e-24, 4.79368802327e-24, 6.20856330489e-24, 7.21137433166e-24, 5.01598271547e-24, 7.96049952422e-24, 6.78031627836e-24, 5.74041813942e-24, 7.38746070748e-24, 6.79095958969e-24, 6.81291437755e-24, 9.07757310881e-24],
        "var": [3.31822811859e-05, 6.68469328957e-06, 7.89012403857e-07, 2.21159126568e-07, 8.04001487609e-08, 6.01878724638e-08, 3.97287216458e-08, 5.97053073648e-08, 2.64786574888e-08, 3.82582072689e-08, 1.43234757388e-07, 2.23349267969e-08, 9.34269905883e-08, 3.1861326022e-08, 5.04163075732e-08, 3.02077687309e-08, 9.5014790702e-08, 2.19482974018e-08, 1.11856435225e-08, 1.17296856672e-08, 5.84429571404e-09, 2.79929857072e-09, 2.55908760849e-09, 1.11031761563e-09, 1.23467203128e-09, 6.02178085174e-10, 3.56675439184e-10, 9.24605114694e-10, 3.45876827179e-10, 2.79265471859e-10, 2.41051345551e-10, 1.07832923146e-10, 1.57867358075e-10, 9.30051521908e-11, 8.24390278265e-11, 5.69192644406e-11, 5.19408474564e-11, 7.85029749539e-11, 2.11713129666e-11, 2.17304525069e-11]
    },
    "mfcc": {
        "mean": [-625.801940918, 78.535987854, -5.58746099472, 14.40305233, 6.7541103363, 14.7381458282, 5.3459610939, 5.51286649704, 4.54872465134, 6.294672966, 1.69722628593, 2.93853640556, 0.586949825287],
        "cov": [[12601.9482422, -437.94619751, 827.499328613, 607.926086426, 256.589141846, 498.181274414, 533.896911621, 317.073303223, 197.571716309, 210.187408447, 125.338768005, 51.5329780579, 1.19044971466], [-437.94619751, 896.754821777, 133.953308105, 95.3154296875, 162.835632324, 85.994758606, 16.5532341003, 28.7808570862, 23.3428134918, -6.48778247833, -19.3886013031, -43.7296409607, -83.5100021362], [827.499328613, 133.953308105, 552.971618652, 208.072525024, 173.111816406, 128.298400879, 146.326705933, 119.131752014, 121.912506104, 83.4203338623, 57.0722694397, 25.2645702362, 22.4815216064], [607.926086426, 95.3154296875, 208.072525024, 277.114990234, 125.706344604, 89.2779312134, 76.6341094971, 81.0981521606, 84.0934677124, 48.3894004822, 39.1946525574, 36.7616539001, 25.7450447083], [256.589141846, 162.835632324, 173.111816406, 125.706344604, 218.460449219, 122.394470215, 69.4315414429, 61.1399230957, 64.3446578979, 36.6923904419, 20.9544029236, 6.17648553848, 6.26876497269], [498.181274414, 85.994758606, 128.298400879, 89.2779312134, 122.394470215, 212.252151489, 139.150741577, 47.4922332764, 44.5984802246, 63.140045166, 54.8294181824, 19.2421455383, -9.85908412933], [533.896911621, 16.5532341003, 146.326705933, 76.6341094971, 69.4315414429, 139.150741577, 201.170257568, 113.440414429, 70.1944503784, 69.0080490112, 69.3811645508, 46.9098472595, 22.7282943726], [317.073303223, 28.7808570862, 119.131752014, 81.0981521606, 61.1399230957, 47.4922332764, 113.440414429, 164.656295776, 117.191322327, 40.8828620911, 28.0234527588, 43.4032402039, 42.8208312988], [197.571716309, 23.3428134918, 121.912506104, 84.0934677124, 64.3446578979, 44.5984802246, 70.1944503784, 117.191322327, 167.866043091, 88.293510437, 29.6222267151, 29.009185791, 52.3924674988], [210.187408447, -6.48778247833, 83.4203338623, 48.3894004822, 36.6923904419, 63.140045166, 69.0080490112, 40.8828620911, 88.293510437, 133.686386108, 75.6958389282, 27.7068595886, 24.1563205719], [125.338768005, -19.3886013031, 57.0722694397, 39.1946525574, 20.9544029236, 54.8294181824, 69.3811645508, 28.0234527588, 29.6222267151, 75.6958389282, 126.279197693, 76.928314209, 20.9481048584], [51.5329780579, -43.7296409607, 25.2645702362, 36.7616539001, 6.17648553848, 19.2421455383, 46.9098472595, 43.4032402039, 29.009185791, 27.7068595886, 76.928314209, 137.11819458, 73.5116119385], [1.19044971466, -83.5100021362, 22.4815216064, 25.7450447083, 6.26876497269, -9.85908412933, 22.7282943726, 42.8208312988, 52.3924674988, 24.1563205719, 20.9481048584, 73.5116119385, 167.731552124]],
