{
"lowlevel": {
    "average_loudness": 0.886146664619,
    "barkbands_crest": {
        "dmean": 2.72408294678,
        "dmean2": 4.16368722916,
        "dvar": 8.69588851929,
        "dvar2": 18.4459915161,
        "max": 26.3143424988,
        "mean": 12.7578172684,
        "median": 11.5517044067,
        "min": 1.88893616199,
        "var": 52.2956047058
    },
    "barkbands_flatness_db": {
        "dmean": 0.0270832031965,
        "dmean2": 0.0378634892404,
        "dvar": 0.00102993019391,
        "dvar2": 0.00189180474263,
        "max": 0.550123393536,
        "mean": 0.135954782367,
        "median": 0.116956338286,
        "min": 0.0203167740256,
        "var": 0.0064893309027
    },
    "barkbands_kurtosis": {
        "dmean": 7.08042240143,
        "dmean2": 9.68476772308,
        "dvar": 713.401916504,
        "dvar2": 1293.59008789,
        "max": 738.510375977,
        "mean": 12.7783708572,
        "median": 0.38016474247,
        "min": -1.93411970139,
        "var": 2285.73754883
    },
    "barkbands_skewness": {
        "dmean": 0.796256661415,
        "dmean2": 1.08430433273,
        "dvar": 1.51190757751,
        "dvar2": 2.3410525322,
        "max": 24.263923645,
        "mean": 1.93729388714,
        "median": 1.12231087685,
        "min": -5.95307207108,
        "var": 9.11197280884
    },
    "barkbands_spread": {
        "dmean": 9.23982810974,
        "dmean2": 14.027677536,
        "dvar": 127.228790283,
        "dvar2": 276.539672852,
        "max": 108.538406372,
        "mean": 35.9360427856,
        "median": 34.7612457275,
        "min": 0.313097864389,
        "var": 409.431396484
    },
    "dissonance": {
        "dmean": 0.00832940265536,
        "dmean2": 0.0141292801127,
        "dvar": 8.31507422845e-05,
        "dvar2": 0.000229412893532,
        "max": 0.500000119209,
        "mean": 0.488146662712,
        "median": 0.490976929665,
        "min": 0.397746235132,
        "var": 0.000109340209747
    },
    "dynamic_complexity": 2.928358078,
    "erbbands_crest": {
        "dmean": 1.96176064014,
        "dmean2": 3.25635194778,
        "dvar": 4.07720947266,
        "dvar2": 10.2057113647,
        "max": 27.2441329956,
        "mean": 6.3586473465,
        "median": 5.48778772354,
        "min": 2.23797082901,
        "var": 9.08208465576
    },
    "erbbands_flatness_db": {
        "dmean": 0.0151434345171,
        "dmean2": 0.0220942236483,
        "dvar": 0.000252636469668,
        "dvar2": 0.000463550037239,
        "max": 0.358269959688,
        "mean": 0.13479116559,
        "median": 0.119395747781,
        "min": 0.0550503134727,
        "var": 0.00249347044155
    },
    "erbbands_kurtosis": {
        "dmean": 0.948215186596,
        "dmean2": 1.46216738224,
        "dvar": 1.69651019573,
        "dvar2": 4.11382007599,
        "max": 17.9215984344,
        "mean": 0.311828762293,
        "median": -0.0663800239563,
        "min": -1.90195548534,
        "var": 2.58235406876
    },
    "erbbands_skewness": {
        "dmean": 0.361554414034,
        "dmean2": 0.529649674892,
        "dvar": 0.1368804425,
        "dvar2": 0.296996355057,
        "max": 3.39550805092,
        "mean": -0.503245770931,
        "median": -0.499606251717,
        "min": -3.31963062286,
        "var": 0.425733178854
    },
    "erbbands_spread": {
        "dmean": 12.0133714676,
        "dmean2": 17.3948898315,
        "dvar": 201.230911255,
        "dvar2": 360.616210938,
        "max": 206.403289795,
        "mean": 50.7598953247,
        "median": 45.1156768799,
        "min": 3.04086017609,
        "var": 769.85144043
    },
    "hfc": {
        "dmean": 15.9304037094,
        "dmean2": 25.2714881897,
        "dvar": 501.697357178,
        "dvar2": 1244.99353027,
        "max": 208.645553589,
        "mean": 50.0626182556,
        "median": 47.757270813,
        "min": 1.12859411046e-16,
        "var": 1199.47607422
    },
    "melbands_crest": {
        "dmean": 3.77308130264,
        "dmean2": 5.81235027313,
        "dvar": 16.393497467,
        "dvar2": 37.4628067017,
        "max": 38.7394714355,
        "mean": 20.4224720001,
        "median": 20.9334011078,
        "min": 1.51760530472,
        "var": 102.0210495
    },
    "melbands_flatness_db": {
        "dmean": 0.0342287532985,
        "dmean2": 0.0482962653041,
        "dvar": 0.00167078594677,
        "dvar2": 0.0031047379598,
        "max": 0.635883152485,
        "mean": 0.180434823036,
        "median": 0.163343697786,
        "min": 0.00203410256654,
        "var": 0.011641446501
    },
    "melbands_kurtosis": {
        "dmean": 31.0179958344,
        "dmean2": 41.1657371521,
        "dvar": 10152.3076172,
        "dvar2": 18609.1796875,
        "max": 2772.60888672,
        "mean": 65.4224014282,
        "median": 9.40929031372,
        "min": -1.82701647282,
        "var": 33618.7773438
    },
    "melbands_skewness": {
        "dmean": 1.42332684994,
        "dmean2": 1.92774820328,
        "dvar": 4.82855129242,
        "dvar2": 7.82718086243,
        "max": 39.9792480469,
        "mean": 4.80998849869,
        "median": 3.0228729248,
        "min": -2.02326512337,
        "var": 29.4357528687
    },
    "melbands_spread": {
        "dmean": 13.2100200653,
        "dmean2": 20.960067749,
        "dvar": 362.195007324,
        "dvar2": 814.097961426,
        "max": 257.795227051,
        "mean": 38.5811729431,
        "median": 30.8824539185,
        "min": 0.134119704366,
        "var": 1060.36828613
    },
    "pitch_salience": {
        "dmean": 0.0875316858292,
        "dmean2": 0.130894005299,
        "dvar": 0.00945750717074,
        "dvar2": 0.0195823665708,
        "max": 0.970123410225,
        "mean": 0.464426875114,
        "median": 0.497845232487,
        "min": 0.00997575931251,
        "var": 0.0503219217062
    },
    "silence_rate_20dB": {
        "dmean": 0,
        "dmean2": 0,
        "dvar": 0,
        "dvar2": 0,
        "max": 1,
        "mean": 1,
        "median": 1,
        "min": 1,
        "var": 0
    },
    "silence_rate_30dB": {
        "dmean": 0.0913009867072,
        "dmean2": 0.182622149587,
        "dvar": 0.0829685553908,
        "dvar2": 0.182642236352,
        "max": 1,
        "mean": 0.848585307598,
        "median": 1,
        "min": 0,
        "var": 0.12849868834
    },
    "silence_rate_60dB": {
        "dmean": 0.00840057432652,
        "dmean2": 0.0168030075729,
        "dvar": 0.00832821242511,
        "dvar2": 0.0176325235516,
        "max": 1,
        "mean": 0.0518346577883,
        "median": 0,
        "min": 0,
        "var": 0.0491466037929
    },
    "spectral_centroid": {
        "dmean": 369.039916992,
        "dmean2": 560.588317871,
        "dvar": 182536.96875,
        "dvar2": 373381.5625,
        "max": 11489.8867188,
        "mean": 2542.33862305,
        "median": 2626.79931641,
        "min": 234.569763184,
        "var": 592956.6875
    },
    "spectral_complexity": {
        "dmean": 5.58328723907,
        "dmean2": 8.69533538818,
        "dvar": 35.604724884,
        "dvar2": 83.7948379517,
        "max": 60,
        "mean": 28.4694957733,
        "median": 30,
        "min": 0,
        "var": 208.932327271
    },
    "spectral_decrease": {
        "dmean": 3.20846416102e-09,
        "dmean2": 4.41203606982e-09,
        "dvar": 1.4455277335e-17,
        "dvar2": 3.04385392412e-17,
        "max": 6.99477048203e-26,
        "mean": -1.33669457725e-08,
        "median": -9.76437863898e-09,
        "min": -5.1128797196e-08,
        "var": 1.1645049987e-16
    },
    "spectral_energy": {
        "dmean": 0.0125063490123,
        "dmean2": 0.0174539089203,
        "dvar": 0.000204115392989,
        "dvar2": 0.000436594127677,
        "max": 0.193824633956,
        "mean": 0.054990708828,
        "median": 0.0434246882796,
        "min": 1.04717268919e-20,
        "var": 0.00168569514062
    },
    "spectral_energyband_high": {
        "dmean": 0.0018181912601,
        "dmean2": 0.00287894555368,
        "dvar": 7.53551921662e-06,
        "dvar2": 1.84597938642e-05,
        "max": 0.0257639903575,
        "mean": 0.00456977682188,
        "median": 0.00402895919979,
        "min": 7.39778398741e-21,
        "var": 1.59492046805e-05
    },
    "spectral_energyband_low": {
        "dmean": 0.0111761232838,
        "dmean2": 0.0151199381799,
        "dvar": 0.000274469930446,
        "dvar2": 0.000532672740519,
        "max": 0.190444976091,
        "mean": 0.0385876893997,
        "median": 0.0191224459559,
        "min": 1.00724631832e-23,
        "var": 0.00178714178037
    },
    "spectral_energyband_middle_high": {
        "dmean": 0.00218561431393,
        "dmean2": 0.00350077240728,
        "dvar": 7.76454635343e-06,
        "dvar2": 1.91333874682e-05,
        "max": 0.0361687541008,
        "mean": 0.00640289764851,
        "median": 0.00527441035956,
        "min": 1.15301575981e-21,
        "var": 2.67559153144e-05
    },
    "spectral_energyband_middle_low": {
        "dmean": 0.00419403193519,
        "dmean2": 0.00689096935093,
        "dvar": 5.98793303652e-05,
        "dvar2": 0.000154205132276,
        "max": 0.0780751407146,
        "mean": 0.00628252793103,
        "median": 0.003622924909,
        "min": 1.95041352842e-22,
        "var": 6.64982217131e-05
    },
    "spectral_entropy": {
        "dmean": 0.127648726106,
        "dmean2": 0.195105567575,
        "dvar": 0.0223435964435,
        "dvar2": 0.0504605025053,
        "max": 9.82080459595,
        "mean": 8.1522693634,
        "median": 8.20763969421,
        "min": 6.63635063171,
        "var": 0.0785555317998
    },
    "spectral_flux": {
        "dmean": 0.0297899357975,
        "dmean2": 0.0416058152914,
        "dvar": 0.00134032627102,
        "dvar2": 0.00193356676027,
        "max": 0.382701069117,
        "mean": 0.109824843705,
        "median": 0.0982604771852,
        "min": 6.63778268462e-11,
        "var": 0.00409131776541
    },
    "spectral_kurtosis": {
        "dmean": 0.85621970892,
        "dmean2": 1.35825562477,
        "dvar": 3.32093334198,
        "dvar2": 10.2882356644,
        "max": 81.404586792,
        "mean": 2.3815741539,
        "median": 1.77590656281,
        "min": -1.22059619427,
        "var": 10.3625421524
    },
    "spectral_rms": {
        "dmean": 0.000850801181514,
        "dmean2": 0.00118921557441,
        "dvar": 7.91706611381e-07,
        "dvar2": 1.58066006861e-06,
        "max": 0.0137512618676,
        "mean": 0.00666294014081,
        "median": 0.0065088821575,
        "min": 3.19629761027e-12,
        "var": 9.25473887037e-06
    },
    "spectral_rolloff": {
        "dmean": 990.948486328,
        "dmean2": 1643.28283691,
        "dvar": 2073389.625,
        "dvar2": 4590753.5,
        "max": 21662.4023438,
        "mean": 2792.55395508,
        "median": 2497.8515625,
        "min": 43.06640625,
        "var": 6698004.5
    },
    "spectral_skewness": {
        "dmean": 0.150134459138,
        "dmean2": 0.236214697361,
        "dvar": 0.0314429737628,
        "dvar2": 0.0834487229586,
        "max": 6.06384372711,
        "mean": 1.10100567341,
        "median": 1.05815625191,
        "min": -0.21871393919,
        "var": 0.140874579549
    },
    "spectral_spread": {
        "dmean": 685541.1875,
        "dmean2": 945691.8125,
        "dvar": 662935437312,
        "dvar2": 1.13289029222e+12,
        "max": 41918164,
        "mean": 5771148.5,
        "median": 5882764.5,
        "min": 806713.3125,
        "var": 3.65866621338e+12
    },
    "spectral_strongpeak": {
        "dmean": 0.323080331087,
        "dmean2": 0.541686058044,
        "dvar": 0.3539891541,
        "dvar2": 0.95424425602,
        "max": 9.09147834778,
        "mean": 0.679039061069,
        "median": 0.574025273323,
        "min": 0,
        "var": 0.466314792633
    },
    "zerocrossingrate": {
        "dmean": 0.0171349644661,
        "dmean2": 0.0192796066403,
        "dvar": 0.000381672929507,
        "dvar2": 0.000424756522989,
        "max": 0.78857421875,
        "mean": 0.0968804433942,
        "median": 0.08837890625,
        "min": 0.0029296875,
        "var": 0.00354293338023
    },
    "barkbands": {
        "dmean": [0.00103181798477, 0.0108933681622, 0.00313891004771, 0.00152747449465, 0.00167612044606, 0.000938082870562, 0.000719019386452, 0.000378340511816, 0.000427458726335, 0.000430072541349, 0.000358217017492, 0.000365997897461, 0.000326055771438, 0.000379914825317, 0.000445055833552, 0.00027342926478, 0.000355505093466, 0.00041811997653, 0.000434870045865, 0.000400620425353, 0.000396048650146, 0.000432957138401, 0.000511842488777, 0.000399538927013, 0.000265773414867, 8.56114857015e-05, 6.86438852426e-06],
        "dmean2": [0.00151680689305, 0.0153649263084, 0.00537838088349, 0.00267932913266, 0.00285231042653, 0.00162863894366, 0.00123612163588, 0.000635956705082, 0.000710735097528, 0.000724615470972, 0.000572821882088, 0.000588240975048, 0.00054726266535, 0.00064029393252, 0.00072151637869, 0.000449673156254, 0.000581091153435, 0.000674409035128, 0.000719720614143, 0.000663668906782, 0.000651945767459, 0.000705140759237, 0.000842914392706, 0.000620677485131, 0.000414181413362, 0.000137544760946, 1.14308932098e-05],
        "dvar": [3.25635323861e-06, 0.000342396233464, 8.33004596643e-05, 1.74638644239e-05, 1.46191869135e-05, 4.27129270975e-06, 2.87492889584e-06, 5.92619926465e-07, 7.10443032403e-07, 6.33569129604e-07, 3.89861241956e-07, 6.69961025324e-07, 6.45823206469e-07, 4.08762247162e-07, 5.22557513705e-07, 2.01258913535e-07, 3.1558559499e-07, 3.46973592968e-07, 3.84028311373e-07, 2.69824141697e-07, 2.81672839719e-07, 3.59013256457e-07, 7.80706329806e-07, 4.04926083775e-07, 1.54495964466e-07, 1.62999640452e-08, 1.84358348032e-10],
        "dvar2": [6.95792823535e-06, 0.000731293635909, 0.000222082511755, 4.8750982387e-05, 3.9919243136e-05, 1.15257380457e-05, 7.28992017685e-06, 1.46716627114e-06, 1.69464988176e-06, 1.62368735346e-06, 8.6630768692e-07, 1.52062284542e-06, 1.67408632024e-06, 1.11382803425e-06, 1.29895295231e-06, 5.08636617269e-07, 7.51642062369e-07, 8.13821372958e-07, 9.42591952935e-07, 6.73506804105e-07, 7.20785010344e-07, 8.75937701039e-07, 1.9299370706e-06, 9.35660523282e-07, 3.73799423414e-07, 4.14611349697e-08, 4.71833350169e-10],
        "max": [0.0408868268132, 0.160615101457, 0.0937198847532, 0.057338885963, 0.0348148830235, 0.0190538223833, 0.0333269573748, 0.0121163902804, 0.0238693784922, 0.0131097473204, 0.00981130078435, 0.0253742765635, 0.0229957569391, 0.0110262259841, 0.0178373530507, 0.00870172679424, 0.0128798950464, 0.00886187143624, 0.00917288009077, 0.00824199896306, 0.00843968987465, 0.00883869919926, 0.00788276456296, 0.00735601270571, 0.00408717757091, 0.00110453530215, 0.000351576076355],
        "mean": [0.00233826250769, 0.0325253345072, 0.00300839333795, 0.00146296224557, 0.00196594861336, 0.000916817982215, 0.000710335676558, 0.00044914582395, 0.000543254427612, 0.000598091981374, 0.00046586652752, 0.00057552405633, 0.000465631863335, 0.000562737404834, 0.000766076496802, 0.000457428133814, 0.000642862927634, 0.000771400751546, 0.000826226489153, 0.000791158701759, 0.000800231297035, 0.0009181877831, 0.000903265143279, 0.000799951143563, 0.000546387338545, 0.000170980521943, 8.16516148916e-06],
        "median": [0.000479967275169, 0.0117524936795, 0.00018644426018, 0.000314572942443, 0.000377203454264, 0.000229778845096, 0.000178880422027, 0.000128901767312, 0.000197298839339, 0.000252365396591, 0.000166069745319, 0.00023253368272, 0.000206458076718, 0.000284240639303, 0.000421161937993, 0.000294825236779, 0.000420108495746, 0.000526475778315, 0.000577854691073, 0.000592082040384, 0.000637373770587, 0.000681484641973, 0.000609860871918, 0.000569146708585, 0.000392608286347, 0.000128472980577, 2.42157875618e-06],
        "min": [3.12666498899e-26, 3.9848243665e-24, 1.20639807982e-24, 4.9141147402e-24, 1.65523512522e-23, 9.91855642062e-24, 1.29767248144e-23, 9.12841756074e-24, 2.4069310577e-23, 2.61007189158e-23, 2.11771981926e-23, 4.53664882024e-23, 4.69058682174e-23, 4.59377307828e-23, 6.53215262826e-23, 7.5144333922e-23, 1.24841201488e-22, 1.26680383357e-22, 1.3390571816e-22, 2.26859634625e-22, 3.88987691018e-22, 4.35908986199e-22, 4.85620147925e-22, 6.30967605629e-22, 9.28843351463e-22, 1.5333571819e-21, 2.26787276516e-21],
        "var": [1.05806329884e-05, 0.00151665648445, 6.90251472406e-05, 1.29110621856e-05, 1.55151865329e-05, 3.71888722839e-06, 2.74715330306e-06, 8.19829608645e-07, 1.05627725588e-06, 1.02723299733e-06, 6.42455688649e-07, 1.76213245595e-06, 1.12838006316e-06, 5.94544928845e-07, 1.14699901133e-06, 3.17405294936e-07, 6.51262325846e-07, 6.886653523e-07, 8.12803421013e-07, 5.67027370835e-07, 5.48061848349e-07, 8.22530978439e-07, 1.09656741643e-06, 7.54460131702e-07, 3.08398568905e-07, 2.88393096071e-08, 2.26119553637e-10]
    },
    "erbbands": {
        "dmean": [0.503047704697, 2.25329995155, 3.61823487282, 4.1527838707, 5.56808900833, 5.55009889603, 5.46149778366, 8.55547046661, 10.5776185989, 8.63879394531, 8.56761455536, 9.22397232056, 13.1768426895, 12.8517313004, 13.3361616135, 15.6466283798, 14.4436407089, 17.7417106628, 21.7841110229, 19.1884231567, 14.5646762848, 18.15051651, 22.275598526, 20.6011276245, 21.8495941162, 19.3811397552, 15.7793912888, 16.9308376312, 15.5319910049, 14.0289096832, 15.8324480057, 10.6013832092, 5.87376308441, 3.58899497986, 1.64265096188, 0.559787988663, 0.127702251077, 0.0187943764031, 0.000915089680348, 3.12383235723e-05],
        "dmean2": [0.626380324364, 3.43244504929, 5.91462850571, 7.06123304367, 9.26857566833, 9.72280597687, 9.77175998688, 14.7184476852, 17.968585968, 15.0661153793, 14.2829580307, 15.5885267258, 21.6426887512, 21.22772789, 21.5668773651, 24.866361618, 23.8625564575, 29.3982315063, 35.8208045959, 31.1950969696, 23.7030982971, 29.4116840363, 35.6176147461, 33.7556114197, 36.1110038757, 31.9690303802, 25.8365211487, 28.0189533234, 25.5157222748, 23.0193367004, 25.9312095642, 16.7767868042, 9.30823326111, 5.69627523422, 2.5061917305, 0.896322607994, 0.204031810164, 0.0301539320499, 0.00151295179967, 4.90770944452e-05],
        "dvar": [0.632513225079, 18.8666934967, 94.0361022949, 131.690856934, 167.607223511, 188.725814819, 234.382095337, 352.036376953, 745.482543945, 427.022644043, 276.079803467, 389.919433594, 653.41619873, 548.126586914, 663.711975098, 1439.94628906, 1055.56982422, 1030.89794922, 1478.69787598, 993.630249023, 544.885375977, 839.929260254, 1084.21972656, 745.439331055, 1135.4263916, 660.143310547, 445.920410156, 562.947998047, 451.440704346, 440.422241211, 813.345153809, 306.974212646, 85.5937652588, 28.6597805023, 5.34120798111, 0.677832126617, 0.0379096083343, 0.00101246114355, 3.09072993332e-06, 1.6248560275e-09],
        "dvar2": [1.03597164154, 47.5792617798, 237.46774292, 351.54510498, 439.964324951, 530.181518555, 667.690429688, 925.511474609, 1835.18029785, 1154.53991699, 685.8515625, 948.881591797, 1635.3704834, 1295.77307129, 1357.06359863, 3194.53979492, 2719.13720703, 2672.24584961, 3798.32495117, 2468.37475586, 1316.34655762, 2066.89990234, 2509.2097168, 1835.34521484, 2751.99804688, 1614.38232422, 1117.77807617, 1433.32141113, 1127.45410156, 1102.41259766, 1980.07299805, 730.944824219, 203.593200684, 70.4064025879, 11.8956251144, 1.70381069183, 0.0968185216188, 0.00256154779345, 7.80757363827e-06, 4.04224609341e-09],
        "max": [9.7708978653, 38.1798477173, 86.7844390869, 139.768569946, 205.743621826, 137.617462158, 181.024673462, 195.552886963, 692.41784668, 310.694030762, 266.975128174, 695.610595703, 492.390289307, 567.520385742, 456.704528809, 1299.5411377, 814.265136719, 829.156799316, 1088.21240234, 713.504882812, 466.286193848, 430.636413574, 578.557128906, 396.45413208, 520.907348633, 387.92590332, 320.376098633, 287.772735596, 445.26751709, 372.813964844, 249.3878479, 222.768463135, 103.25025177, 58.6606941223, 25.5537586212, 6.55018377304, 2.10897254944, 0.544668853283, 0.0397771149874, 0.000644534185994],
        "mean": [1.4987424612, 5.00854873657, 4.23383569717, 4.26291656494, 7.02811288834, 5.48606920242, 4.81384754181, 8.51863384247, 10.8238601685, 8.78356075287, 11.0301465988, 11.8739042282, 18.9919452667, 18.3723869324, 18.5640239716, 25.6826839447, 22.431804657, 27.4881649017, 38.5206604004, 33.9053955078, 27.773393631, 34.7227554321, 41.8175086975, 41.6470336914, 41.0699081421, 38.7806472778, 32.7428016663, 32.1200180054, 32.0976600647, 27.8134288788, 26.9060211182, 19.5564746857, 11.6501989365, 7.09495449066, 3.37750983238, 1.09490454197, 0.253818631172, 0.0332545004785, 0.00130059348885, 0.000110803412099],
        "median": [0.417764604092, 1.91422355175, 1.00415074825, 1.00116610527, 1.26388216019, 1.04647040367, 1.0450758934, 2.06950736046, 2.88425588608, 2.67868828773, 3.30771660805, 4.85479545593, 8.02291965485, 8.54127883911, 7.92557239532, 10.3073253632, 10.7586841583, 14.8966827393, 20.372549057, 22.1769218445, 18.8117179871, 24.5083045959, 28.3485107422, 29.8759117126, 28.8972511292, 28.5001068115, 25.8911914825, 25.781496048, 24.6623077393, 19.2995376587, 17.3105163574, 12.8330411911, 8.48868751526, 5.10167694092, 2.38217115402, 0.799145102501, 0.189302295446, 0.0226465631276, 0.000642058090307, 0.000111050729174],
        "min": [4.23083048202e-23, 1.09525892367e-21, 3.4468503034e-21, 1.80422082582e-20, 2.18814216686e-20, 5.77383570542e-20, 7.77771240484e-20, 8.97651812475e-20, 1.3709115031e-19, 2.00828673531e-19, 2.44447328947e-19, 6.04286249948e-19, 7.19165093419e-19, 9.99258374997e-19, 1.09121459613e-18, 2.23458251629e-18, 2.22567957136e-18, 2.64078444533e-18, 2.98299588899e-18, 4.16419967075e-18, 4.34501556239e-18, 7.41085503729e-18, 6.51066374156e-18, 5.94810978749e-18, 9.09997687328e-18, 1.07674340218e-17, 1.36748746133e-17, 1.36162887192e-17, 1.66715473133e-17, 1.2922305692e-17, 1.36407740925e-17, 1.36018651709e-17, 1.16198535692e-17, 9.45944309771e-18, 7.27898094095e-18, 5.04059049871e-18, 2.76281529918e-18, 9.40936868536e-19, 3.21327692276e-19, 3.35332073304e-20],
        "var": [3.56815314293, 42.7336959839, 94.296546936, 104.87437439, 219.276855469, 145.216415405, 164.96257019, 333.006164551, 735.26550293, 378.953063965, 443.91696167, 527.680053711, 1118.41894531, 1087.95373535, 980.098266602, 4092.37353516, 2407.20019531, 1481.85290527, 3381.23706055, 1599.50402832, 1059.01330566, 1556.49353027, 2183.66699219, 1693.73034668, 2141.73388672, 1408.67199707, 926.294311523, 938.222595215, 973.487060547, 875.765136719, 1087.21984863, 508.664459229, 153.172088623, 55.2619552612, 11.651845932, 1.2087635994, 0.0667493715882, 0.00157860771287, 4.08270034313e-06, 5.33659871849e-09]
    },
    "gfcc": {
        "mean": [24.6375312805, 23.263792038, -118.856651306, 52.4178161621, -52.6134567261, 32.9698371887, -31.6626434326, 21.4026927948, -20.706785202, 9.57805633545, -14.2997360229, 5.74380970001, -9.71368026733],
        "cov": [[17046.6660156, -331.254730225, 2264.25488281, 1498.26928711, -108.97731781, 518.874450684, -523.80847168, 218.594558716, -464.733062744, 156.933547974, -331.299713135, 58.3015975952, -310.49005127], [-331.254730225, 1295.67907715, 42.4495201111, -13.3808250427, 188.296737671, -201.062850952, 4.73132371902, -62.6781463623, 93.62059021, -41.052986145, 54.9640579224, -76.0035476685, -20.5630664825], [2264.25488281, 42.4495201111, 1891.51049805, 970.934997559, 676.780456543, 526.58203125, 243.137054443, 302.508361816, 43.1306114197, 151.471847534, 39.9513702393, 145.099441528, -12.8934354782], [1498.26928711, -13.3808250427, 970.934997559, 963.184692383, 549.763427734, 450.290679932, 269.886047363, 221.02545166, 98.3927078247, 69.3368759155, 45.696182251, 44.2079124451, 30.9707813263], [-108.97731781, 188.296737671, 676.780456543, 549.763427734, 772.766662598, 451.766326904, 343.089172363, 250.806732178, 147.910385132, 84.292678833, 77.8057098389, 53.0835609436, 32.8278656006], [518.874450684, -201.062850952, 526.58203125, 450.290679932, 451.766326904, 559.99005127, 342.113311768, 268.993652344, 115.847885132, 89.6354980469, 62.526058197, 70.0653152466, 38.1484336853], [-523.80847168, 4.73132371902, 243.137054443, 269.886047363, 343.089172363, 342.113311768, 402.671295166, 273.465240479, 194.053741455, 108.326286316, 122.839767456, 82.2268676758, 67.3320388794], [218.594558716, -62.6781463623, 302.508361816, 221.02545166, 250.806732178, 268.993652344, 273.465240479, 314.57232666, 173.162612915, 133.587677002, 94.0888519287, 83.6384963989, 34.6982307434], [-464.733062744, 93.62059021, 43.1306114197, 98.3927078247, 147.910385132, 115.847885132, 194.053741455, 173.162612915, 224.36907959, 131.724258423, 116.404083252, 54.8909187317, 47.2934036255], [156.933547974, -41.052986145, 151.471847534, 69.3368759155, 84.292678833, 89.6354980469, 108.326286316, 133.587677002, 131.724258423, 177.045440674, 108.48551178, 91.1404342651, 30.9637317657], [-331.299713135, 54.9640579224, 39.9513702393, 45.696182251, 77.8057098389, 62.526058197, 122.839767456, 94.0888519287, 116.404083252, 108.48551178, 155.197784424, 97.0046768188, 47.0908584595], [58.3015975952, -76.0035476685, 145.099441528, 44.2079124451, 53.0835609436, 70.0653152466, 82.2268676758, 83.6384963989, 54.8909187317, 91.1404342651, 97.0046768188, 139.051422119, 54.8170509338], [-310.49005127, -20.5630664825, -12.8934354782, 30.9707813263, 32.8278656006, 38.1484336853, 67.3320388794, 34.6982307434, 47.2934036255, 30.9637317657, 47.0908584595, 54.8170509338, 86.9587097168]],
        "icov": [[0.000165904566529, -0.000228603734286, 9.3918562925e-05, -0.000454882858321, 0.000399315875256, -0.00045730729471, 0.00064645439852, -0.000558866653591, 0.000597304606345, -0.000628061767202, 0.000509329838678, -0.000450647930847, 0.000393616355723], [-0.000228603734286, 0.00173202645965, -0.000603126536589, 0.000996578368358, -0.00139640888665, 0.00197020848282, -0.00122442445718, 0.00128227879759, -0.00202150386758, 0.002074863296, -0.00217747245915, 0.00198886264116, -0.000465737190098], [9.3918562925e-05, -0.000603126536589, 0.00192437437363, -0.00177388382144, -0.000147532351548, -0.000664045102894, 0.00102726393379, -0.00120756565593, 0.00177865696605, -0.0018296809867, 0.00188587675802, -0.0027218372561, 0.00152195943519], [-0.000454882858321, 0.000996578368358, -0.00177388382144, 0.00445295730606, -0.00175668066368, 0.000545656017493, -0.00177603389602, 0.00199940893799, -0.00268705165945, 0.00285613304004, -0.00272733508609, 0.00349911930971, -0.00252076308243], [0.000399315875256, -0.00139640888665, -0.000147532351548, -0.00175668066368, 0.00484021892771, -0.00308521022089, 0.000444813806098, -0.00109250913374, 0.00120046664961, -0.00152134650853, 0.00155704061035, -0.00109553604852, 0.00105333456304], [-0.00045730729471, 0.00197020848282, -0.000664045102894, 0.000545656017493, -0.00308521022089, 0.00869497749954, -0.00592072959989, 0.000534932943992, -0.000245674833423, 0.00148787733633, -0.00110543449409, 0.00196156650782, -0.000772611005232], [0.00064645439852, -0.00122442445718, 0.00102726393379, -0.00177603389602, 0.000444813806098, -0.00592072959989, 0.0149156022817, -0.00753674656153, -0.00107021816075, 0.00114441406913, -0.00159368524328, -0.00165198126342, -0.00122987490613], [-0.000558866653591, 0.00128227879759, -0.00120756565593, 0.00199940893799, -0.00109250913374, 0.000534932943992, -0.00753674656153, 0.0141452336684, -0.00696049816906, -0.00010943786765, 0.00125437916722, -0.00102068844717, 0.00157448893879], [0.000597304606345, -0.00202150386758, 0.00177865696605, -0.00268705165945, 0.00120046664961, -0.000245674833423, -0.00107021816075, -0.00696049816906, 0.0203938670456, -0.0115204909816, -0.00221137446351, 0.00403921166435, -0.00220194063149], [-0.000628061767202, 0.002074863296, -0.0018296809867, 0.00285613304004, -0.00152134650853, 0.00148787733633, 0.00114441406913, -0.00010943786765, -0.0115204909816, 0.0209670588374, -0.00786082446575, -0.00230968045071, 0.000551327655558], [0.000509329838678, -0.00217747245915, 0.00188587675802, -0.00272733508609, 0.00155704061035, -0.00110543449409, -0.00159368524328, 0.00125437916722, -0.00221137446351, -0.00786082446575, 0.0238640271127, -0.0142588699237, 0.0032523793634], [-0.000450647930847, 0.00198886264116, -0.0027218372561, 0.00349911930971, -0.00109553604852, 0.00196156650782, -0.00165198126342, -0.00102068844717, 0.00403921166435, -0.00230968045071, -0.0142588699237, 0.0255373865366, -0.0113000944257], [0.000393616355723, -0.000465737190098, 0.00152195943519, -0.00252076308243, 0.00105333456304, -0.000772611005232, -0.00122987490613, 0.00157448893879, -0.00220194063149, 0.000551327655558, 0.0032523793634, -0.0113000944257, 0.0205471087247]]
    },
    "melbands": {
        "dmean": [0.00351666449569, 0.00201160926372, 0.000738611328416, 0.00040414032992, 0.000198415858904, 0.000191834478755, 0.000158259601449, 8.9929337264e-05, 7.00811215211e-05, 6.01748433837e-05, 6.68950378895e-05, 5.34913378942e-05, 4.64905460831e-05, 4.3095118599e-05, 3.50053705915e-05, 3.3904776501e-05, 3.56456148438e-05, 3.65965497622e-05, 3.26089502778e-05, 2.25027943088e-05, 1.86747856787e-05, 2.09337176784e-05, 2.10303314816e-05, 2.05911201192e-05, 1.79233284143e-05, 1.76384164661e-05, 1.57871600095e-05, 1.39038293128e-05, 1.05271483335e-05, 1.07873893285e-05, 1.07820487756e-05, 9.37321965466e-06, 9.20540969673e-06, 7.97456868895e-06, 9.83270274446e-06, 8.32736077427e-06, 6.45697400614e-06, 4.38294455307e-06, 3.82003690902e-06, 2.96387815979e-06],
        "dmean2": [0.00466212397441, 0.0031021151226, 0.00123155128676, 0.00068849499803, 0.000352213683072, 0.000329872855218, 0.000268741743639, 0.000156050838996, 0.000116727402201, 0.000100898228993, 0.000110273213068, 8.87951682671e-05, 7.50344115659e-05, 6.91937966621e-05, 5.73516917939e-05, 5.68587383896e-05, 5.95449491811e-05, 6.08847549302e-05, 5.26266339875e-05, 3.7148987758e-05, 3.05732901325e-05, 3.43581450579e-05, 3.34688265866e-05, 3.37450655934e-05, 2.95320387522e-05, 2.92955082841e-05, 2.62870962615e-05, 2.31035119214e-05, 1.71869978658e-05, 1.80926945177e-05, 1.79250091605e-05, 1.55285779329e-05, 1.499890368e-05, 1.33111188916e-05, 1.62645792443e-05, 1.34563124448e-05, 1.03516740637e-05, 7.16063323125e-06, 6.08382833889e-06, 4.82161840409e-06],
        "dvar": [3.17896519846e-05, 1.92240695469e-05, 3.50689242623e-06, 8.76287117535e-07, 2.95739454259e-07, 1.79970882641e-07, 1.47392782424e-07, 4.33349605089e-08, 1.89049487176e-08, 1.56575463706e-08, 1.67400813211e-08, 9.62846780084e-09, 7.3036514614e-09, 8.23384027626e-09, 6.14825923506e-09, 7.19212289724e-09, 3.89813870072e-09, 4.30571489574e-09, 2.77655609615e-09, 1.42555189875e-09, 9.26007881485e-10, 1.21383025853e-09, 1.04311048688e-09, 9.04773811428e-10, 5.85804460496e-10, 7.58614782104e-10, 5.07755226753e-10, 3.57069762646e-10, 2.15165038564e-10, 2.39712888428e-10, 2.32424982038e-10, 1.65178246081e-10, 1.68587449556e-10, 1.51599607867e-10, 3.00008601295e-10, 2.34171876334e-10, 1.02425130877e-10, 4.54384134485e-11, 3.61227298074e-11, 1.83733583903e-11],
        "dvar2": [5.91746429563e-05, 4.53145294159e-05, 9.13395615498e-06, 2.38704365074e-06, 8.4163690417e-07, 4.70900459959e-07, 3.64491484106e-07, 1.15960752112e-07, 4.68638461371e-08, 3.76469486696e-08, 4.19458103806e-08, 2.31649721627e-08, 1.61018167688e-08, 1.82044797015e-08, 1.51212162791e-08, 1.84920434521e-08, 1.01642703143e-08, 1.14298783771e-08, 6.83915812871e-09, 3.68153152408e-09, 2.19362861209e-09, 3.05664227263e-09, 2.40451680789e-09, 2.146740119e-09, 1.45764345039e-09, 1.81472081806e-09, 1.30030430867e-09, 8.80188477659e-10, 5.35489819153e-10, 6.19549855863e-10, 5.8765098343e-10, 4.19634632598e-10, 4.07421429927e-10, 3.80912912323e-10, 7.52232498513e-10, 5.70605174222e-10, 2.43499720387e-10, 1.12885915893e-10, 8.38059205366e-11, 4.59952735621e-11],
        "max": [0.0612219460309, 0.0420081466436, 0.0208548251539, 0.00911426730454, 0.00662527279928, 0.00573940109462, 0.00894626043737, 0.00333168776706, 0.00259649590589, 0.00450059585273, 0.00246342713945, 0.00242527690716, 0.00151011301205, 0.0028215222992, 0.00224512652494, 0.0025797591079, 0.00133083330002, 0.00160917418543, 0.000877002428751, 0.000705929705873, 0.000804697803687, 0.000604860018939, 0.000726469326764, 0.000433768029325, 0.000364043866284, 0.000456861773273, 0.00033128389623, 0.000272625416983, 0.000214535859413, 0.000271611206699, 0.000221687820158, 0.00024868681794, 0.000147975573782, 0.000256691942923, 0.000170122191776, 0.00019989995053, 0.000115236573038, 8.75744226505e-05, 6.91394234309e-05, 5.48026437173e-05],
        "mean": [0.0107712345198, 0.00359081942588, 0.000838034786284, 0.00047030087444, 0.000178074929863, 0.000190961261978, 0.000162291806191, 9.40863319556e-05, 8.93258475116e-05, 7.6711330621e-05, 9.43366321735e-05, 7.28544036974e-05, 6.11120485701e-05, 6.65037878207e-05, 5.22160298715e-05, 4.89174090035e-05, 5.11886391905e-05, 5.99737468292e-05, 5.47277450096e-05, 3.63593826478e-05, 3.26472400047e-05, 3.62417849828e-05, 3.74054870917e-05, 3.64480838471e-05, 3.32559684466e-05, 3.07787668135e-05, 2.73781497526e-05, 2.5414457923e-05, 1.99820133275e-05, 1.92336956388e-05, 1.86830675375e-05, 1.79139697138e-05, 1.77843485289e-05, 1.43359675349e-05, 1.55908783199e-05, 1.36712287713e-05, 1.15659840958e-05, 8.19841352495e-06, 7.00115924701e-06, 5.64183665119e-06],
        "median": [0.00352482544258, 0.00170397420879, 0.000205064949114, 8.98102880456e-05, 3.49988913513e-05, 4.73961699754e-05, 4.3498526793e-05, 2.82136570604e-05, 2.54319402302e-05, 2.99990406347e-05, 3.86571191484e-05, 3.21640400216e-05, 2.36037303694e-05, 2.68482308456e-05, 2.21021564357e-05, 2.16765147343e-05, 2.58880281763e-05, 2.92267795885e-05, 3.17473823088e-05, 2.28882418014e-05, 2.03136078198e-05, 2.35300067288e-05, 2.36700034293e-05, 2.39512919507e-05, 2.28181561397e-05, 1.97925783141e-05, 1.95856700884e-05, 1.70873281604e-05, 1.47008695421e-05, 1.44554778672e-05, 1.40279562402e-05, 1.37024126161e-05, 1.11041717901e-05, 9.63110869634e-06, 9.88711326499e-06, 8.37094194139e-06, 7.1533377195e-06, 5.82202710575e-06, 4.87766010338e-06, 3.94293419959e-06],
        "min": [8.19665824962e-25, 2.03687120058e-24, 4.01478845913e-24, 2.64057856273e-24, 3.3012617982e-24, 1.99126656e-24, 1.71182796711e-24, 2.21071090054e-24, 2.38363532464e-24, 3.81605822545e-24, 3.50322951703e-24, 3.57606188897e-24, 2.76029944637e-24, 3.34948841521e-24, 6.57442713197e-24, 4.24663231259e-24, 4.92549090331e-24, 3.00191985024e-24, 5.43632330451e-24, 4.55445412084e-24, 3.42913930638e-24, 7.51661301488e-24, 5.97782425113e-24, 6.33308302663e-24, 4.45091533817e-24, 5.71633579371e-24, 6.41706831404e-24, 6.86879412863e-24, 9.0568402665e-24, 7.08028379301e-24, 7.42066465184e-24, 8.84228903294e-24, 7.68177445603e-24, 5.6896876779e-24, 7.55762431562e-24, 6.36417874022e-24, 7.46785983322e-24, 7.65848649324e-24, 6.38177586043e-24, 6.83782266063e-24],
        "var": [0.000171093284735, 2.94419369311e-05, 3.1294684959e-06, 9.18861417176e-07, 2.1028931485e-07, 1.68901422626e-07, 1.47464660927e-07, 4.12551308671e-08, 3.00695255362e-08, 2.19733760076e-08, 2.82111489724e-08, 1.80942727468e-08, 1.0890717661e-08, 2.15014175353e-08, 1.18478142852e-08, 1.28988828507e-08, 5.41683276012e-09, 8.65973248665e-09, 4.9808090985e-09, 2.08056682993e-09, 1.84825488247e-09, 2.0014687685e-09, 2.37357111743e-09, 1.75699021998e-09, 1.23850696365e-09, 1.42914358126e-09, 8.65067295575e-10, 7.24600601743e-10, 4.01581989884e-10, 3.97760907545e-10, 3.62358448802e-10, 3.15588999378e-10, 3.86679605002e-10, 2.70998140595e-10, 3.79292042219e-10, 3.08690545348e-10, 1.81669512767e-10, 7.61489066248e-11, 6.20920398431e-11, 3.50854692521e-11]
    },
    "mfcc": {
        "mean": [-609.886779785, 49.3892250061, 0.273694962263, 24.2100524902, 11.096950531, 13.9289655685, 8.59899711609, 12.6093378067, 6.51166820526, 7.78160762787, 4.26654911041, 2.82860422134, 1.84054362774],
        "cov": [[10871.78125, 344.970275879, 963.858520508, 406.262115479, 67.2329406738, 62.5683860779, -147.508926392, -168.60357666, -224.19732666, -33.5614624023, -126.029678345, -144.144973755, -216.567123413], [344.970275879, 1038.93566895, -48.3155097961, 108.667678833, 59.9751358032, -101.952293396, -76.79322052, -59.9334373474, -50.0186805725, -21.5027351379, 59.1776695251, 5.66095399857, -44.6022224426], [963.858520508, -48.3155097961, 1072.32788086, 490.269439697, 397.270294189, 282.141021729, 260.662597656, 186.709823608, 127.03327179, 70.8499679565, 63.9396057129, 98.5897293091, 110.921714783], [406.262115479, 108.667678833, 490.269439697, 603.438781738, 381.608459473, 262.331665039, 216.342178345, 176.873977661, 141.004013062, 92.9576950073, 80.3070526123, 90.3736801147, 84.6240386963], [67.2329406738, 59.9751358032, 397.270294189, 381.608459473, 500.409088135, 328.683349609, 290.348205566, 224.046508789, 171.91305542, 103.882217407, 103.483001709, 87.2454299927, 72.9500961304], [62.5683860779, -101.952293396, 282.141021729, 262.331665039, 328.683349609, 369.869445801, 282.568054199, 221.987197876, 169.236618042, 106.723060608, 86.8974075317, 91.7611694336, 83.6940383911], [-147.508926392, -76.79322052, 260.662597656, 216.342178345, 290.348205566, 282.568054199, 354.842315674, 277.518829346, 202.325042725, 120.332389832, 113.752601624, 122.394538879, 102.604820251], [-168.60357666, -59.9334373474, 186.709823608, 176.873977661, 224.046508789, 221.987197876, 277.518829346, 302.467987061, 206.545883179, 134.710449219, 122.766899109, 116.865081787, 100.424598694], [-224.19732666, -50.0186805725, 127.03327179, 141.004013062, 171.91305542, 169.236618042, 202.325042725, 206.545883179, 232.961120605, 141.94871521, 115.798110962, 109.709785461, 81.0379486084], [-33.5614624023, -21.5027351379, 70.8499679565, 92.9576950073, 103.882217407, 106.723060608, 120.332389832, 134.710449219, 141.94871521, 166.491378784, 117.303459167, 84.9854660034, 64.4998779297], [-126.029678345, 59.1776695251, 63.9396057129, 80.3070526123, 103.483001709, 86.8974075317, 113.752601624, 122.766899109, 115.798110962, 117.303459167, 165.36126709, 129.058837891, 84.6032791138], [-144.144973755, 5.66095399857, 98.5897293091, 90.3736801147, 87.2454299927, 91.7611694336, 122.394538879, 116.865081787, 109.709785461, 84.9854660034, 129.058837891, 175.116256714, 124.029060364], [-216.567123413, -44.6022224426, 110.921714783, 84.6240386963, 72.9500961304, 83.6940383911, 102.604820251, 100.424598694, 81.0379486084, 64.4998779297, 84.6032791138, 124.029060364, 158.536911011]],
