{
"lowlevel": {
    "average_loudness": 0.844633221626,
    "barkbands_crest": {
        "dmean": 2.41329813004,
        "dmean2": 3.65032291412,
        "dvar": 6.93912363052,
        "dvar2": 14.0436067581,
        "max": 26.1029281616,
        "mean": 11.5630912781,
        "median": 10.5458955765,
        "min": 2.68814945221,
        "var": 24.1402778625
    },
    "barkbands_flatness_db": {
        "dmean": 0.0213008373976,
        "dmean2": 0.0311362650245,
        "dvar": 0.000584028894082,
        "dvar2": 0.00102064781822,
        "max": 0.733289301395,
        "mean": 0.168045774102,
        "median": 0.148879721761,
        "min": 0.0297937560827,
        "var": 0.00672891037539
    },
    "barkbands_kurtosis": {
        "dmean": 4.95189476013,
        "dmean2": 7.24275970459,
        "dvar": 280.944152832,
        "dvar2": 472.867126465,
        "max": 474.709899902,
        "mean": 8.40189361572,
        "median": 3.18643045425,
        "min": -1.90188956261,
        "var": 574.524658203
    },
    "barkbands_skewness": {
        "dmean": 0.630213320255,
        "dmean2": 0.902893126011,
        "dvar": 0.862086415291,
        "dvar2": 1.40332067013,
        "max": 20.0701980591,
        "mean": 1.92923521996,
        "median": 1.69161534309,
        "min": -4.38575983047,
        "var": 3.21904802322
    },
    "barkbands_spread": {
        "dmean": 5.39773607254,
        "dmean2": 8.13458633423,
        "dvar": 53.4467086792,
        "dvar2": 109.818122864,
        "max": 123.574874878,
        "mean": 19.8666248322,
        "median": 16.7962856293,
        "min": 0.156349509954,
        "var": 230.517166138
    },
    "dissonance": {
        "dmean": 0.0195645540953,
        "dmean2": 0.0332163386047,
        "dvar": 0.000478202098748,
        "dvar2": 0.00133703055326,
        "max": 0.500000059605,
        "mean": 0.462884932756,
        "median": 0.471881836653,
        "min": 0.0999318957329,
        "var": 0.00118197663687
    },
    "dynamic_complexity": 3.63073039055,
    "erbbands_crest": {
        "dmean": 2.30916142464,
        "dmean2": 3.75959229469,
        "dvar": 4.98720788956,
        "dvar2": 12.1923561096,
        "max": 30.6683578491,
        "mean": 8.69530677795,
        "median": 7.50911617279,
        "min": 2.18364906311,
        "var": 20.0052490234
    },
    "erbbands_flatness_db": {
        "dmean": 0.0142976986244,
        "dmean2": 0.0219085719436,
        "dvar": 0.000205165109946,
        "dvar2": 0.000446161429863,
        "max": 0.603158891201,
        "mean": 0.170623198152,
        "median": 0.147559449077,
        "min": 0.0443682558835,
        "var": 0.00618159677833
    },
    "erbbands_kurtosis": {
        "dmean": 0.995828270912,
        "dmean2": 1.59657597542,
        "dvar": 2.6296505928,
        "dvar2": 6.38253259659,
        "max": 41.9961700439,
        "mean": 0.744424343109,
        "median": -0.12877702713,
        "min": -1.80968117714,
        "var": 9.99756717682
    },
    "erbbands_skewness": {
        "dmean": 0.365115046501,
        "dmean2": 0.563330471516,
        "dvar": 0.118918970227,
        "dvar2": 0.27338168025,
        "max": 4.76980447769,
        "mean": 0.377415716648,
        "median": 0.333023369312,
        "min": -3.21905517578,
        "var": 0.621732831001
    },
    "erbbands_spread": {
        "dmean": 8.21811580658,
        "dmean2": 12.6113128662,
        "dvar": 96.1482467651,
        "dvar2": 209.952911377,
        "max": 136.725280762,
        "mean": 39.8745574951,
        "median": 36.1501846313,
        "min": 0.415210932493,
        "var": 495.234405518
    },
    "hfc": {
        "dmean": 7.13115787506,
        "dmean2": 10.4253873825,
        "dvar": 193.385757446,
        "dvar2": 403.738739014,
        "max": 146.145095825,
        "mean": 17.6839580536,
        "median": 11.9333515167,
        "min": 1.1799203366e-16,
        "var": 399.754150391
    },
    "melbands_crest": {
        "dmean": 3.09469819069,
        "dmean2": 4.61027526855,
        "dvar": 10.0345869064,
        "dvar2": 20.9771957397,
        "max": 37.0466804504,
        "mean": 17.1348953247,
        "median": 16.3926963806,
        "min": 2.05717802048,
        "var": 40.3683395386
    },
    "melbands_flatness_db": {
        "dmean": 0.0265029706061,
        "dmean2": 0.0372143015265,
        "dvar": 0.000950573303271,
        "dvar2": 0.0015773907071,
        "max": 0.888338923454,
        "mean": 0.2390255481,
        "median": 0.221937924623,
        "min": 0.00864081922919,
        "var": 0.00999490823597
    },
    "melbands_kurtosis": {
        "dmean": 11.6578044891,
        "dmean2": 17.4792003632,
        "dvar": 1102.43884277,
        "dvar2": 2054.08300781,
        "max": 857.70715332,
        "mean": 22.3183078766,
        "median": 10.2590894699,
        "min": -1.63131725788,
        "var": 2200.50317383
    },
    "melbands_skewness": {
        "dmean": 0.854438960552,
        "dmean2": 1.25856912136,
        "dvar": 1.48768830299,
        "dvar2": 2.65858435631,
        "max": 21.3118839264,
        "mean": 3.0975856781,
        "median": 2.70132040977,
        "min": -2.12108850479,
        "var": 5.56221342087
    },
    "melbands_spread": {
        "dmean": 6.34972810745,
        "dmean2": 9.4065284729,
        "dvar": 93.0753173828,
        "dvar2": 192.24118042,
        "max": 165.833709717,
        "mean": 19.1458129883,
        "median": 14.0423612595,
        "min": 0.304584622383,
        "var": 288.631500244
    },
    "pitch_salience": {
        "dmean": 0.0702821165323,
        "dmean2": 0.109752081335,
        "dvar": 0.00625393167138,
        "dvar2": 0.0139007726684,
        "max": 0.952729105949,
        "mean": 0.513002514839,
        "median": 0.529143333435,
        "min": 0.0641291812062,
        "var": 0.0180147700012
    },
    "silence_rate_20dB": {
        "dmean": 0,
        "dmean2": 0,
        "dvar": 0,
        "dvar2": 0,
        "max": 1,
        "mean": 1,
        "median": 1,
        "min": 1,
        "var": 0
    },
    "silence_rate_30dB": {
        "dmean": 0.0282753780484,
        "dmean2": 0.0565557219088,
        "dvar": 0.0274736341089,
        "dvar2": 0.0535310097039,
        "max": 1,
        "mean": 0.952234625816,
        "median": 1,
        "min": 0,
        "var": 0.0454853177071
    },
    "silence_rate_60dB": {
        "dmean": 0.0154548650607,
        "dmean2": 0.0309124439955,
        "dvar": 0.0152191771194,
        "dvar2": 0.0359219945967,
        "max": 1,
        "mean": 0.0902625322342,
        "median": 0,
        "min": 0,
        "var": 0.0821116194129
    },
    "spectral_centroid": {
        "dmean": 256.094787598,
        "dmean2": 381.988372803,
        "dvar": 106956.90625,
        "dvar2": 208654.4375,
        "max": 11514.3886719,
        "mean": 1257.27172852,
        "median": 1095.17272949,
        "min": 163.156936646,
        "var": 526931.1875
    },
    "spectral_complexity": {
        "dmean": 4.25131702423,
        "dmean2": 6.13787651062,
        "dvar": 32.3784179688,
        "dvar2": 53.5575370789,
        "max": 65,
        "mean": 18.283870697,
        "median": 15,
        "min": 0,
        "var": 161.067733765
    },
    "spectral_decrease": {
        "dmean": 2.18268803032e-09,
        "dmean2": 3.1731359762e-09,
        "dvar": 1.58059028023e-17,
        "dvar2": 2.94084512244e-17,
        "max": -4.83377179865e-29,
        "mean": -8.15054423953e-09,
        "median": -5.73123193348e-09,
        "min": -4.51757529163e-08,
        "var": 6.22013152337e-17
    },
    "spectral_energy": {
        "dmean": 0.00869645550847,
        "dmean2": 0.0126158101484,
        "dvar": 0.000236553416471,
        "dvar2": 0.000445974117611,
        "max": 0.173486992717,
        "mean": 0.0323660075665,
        "median": 0.0231092777103,
        "min": 1.08846564231e-20,
        "var": 0.000937998702284
    },
    "spectral_energyband_high": {
        "dmean": 0.000410267617553,
        "dmean2": 0.000595730438363,
        "dvar": 7.32532726033e-07,
        "dvar2": 1.54956308052e-06,
        "max": 0.0120929488912,
        "mean": 0.000828533142339,
        "median": 0.000364310661098,
        "min": 7.42470047685e-21,
        "var": 1.60233093993e-06
    },
    "spectral_energyband_low": {
        "dmean": 0.00594397308305,
        "dmean2": 0.00860426109284,
        "dvar": 0.000211075748666,
        "dvar2": 0.000365930231055,
        "max": 0.149827122688,
        "mean": 0.0182062871754,
        "median": 0.00785320810974,
        "min": 1.04986405541e-22,
        "var": 0.000676402589306
    },
    "spectral_energyband_middle_high": {
        "dmean": 0.00254449062049,
        "dmean2": 0.00381016056053,
        "dvar": 3.7709967728e-05,
        "dvar2": 8.29928612802e-05,
        "max": 0.0608033463359,
        "mean": 0.0047437697649,
        "median": 0.00231966678984,
        "min": 1.86597345323e-21,
        "var": 5.60126536584e-05
    },
    "spectral_energyband_middle_low": {
        "dmean": 0.00422920193523,
        "dmean2": 0.00726239383221,
        "dvar": 9.65966028161e-05,
        "dvar2": 0.000278261548374,
        "max": 0.123673543334,
        "mean": 0.00947758089751,
        "median": 0.00721535598859,
        "min": 4.57346918698e-22,
        "var": 9.52384143602e-05
    },
    "spectral_entropy": {
        "dmean": 0.139520823956,
        "dmean2": 0.212904199958,
        "dvar": 0.0244593732059,
        "dvar2": 0.0534205809236,
        "max": 9.81125640869,
        "mean": 7.48164081573,
        "median": 7.66985321045,
        "min": 3.05892562866,
        "var": 0.407647579908
    },
    "spectral_flux": {
        "dmean": 0.0273205079138,
        "dmean2": 0.042080283165,
        "dvar": 0.00194622552954,
        "dvar2": 0.00407455582172,
        "max": 0.428296774626,
        "mean": 0.0784846842289,
        "median": 0.0627662837505,
        "min": 1.04329558881e-10,
        "var": 0.00427202135324
    },
    "spectral_kurtosis": {
        "dmean": 4.05273246765,
        "dmean2": 6.81462335587,
        "dvar": 300.668609619,
        "dvar2": 857.473327637,
        "max": 1114.31176758,
        "mean": 10.6865777969,
        "median": 3.2426276207,
        "min": -1.20366823673,
        "var": 1279.3729248
    },
    "spectral_rms": {
        "dmean": 0.00068656518124,
        "dmean2": 0.000961744051892,
        "dvar": 9.72454472503e-07,
        "dvar2": 1.6823715896e-06,
        "max": 0.0130098266527,
        "mean": 0.00498947687447,
        "median": 0.00474822474644,
        "min": 3.25870775676e-12,
        "var": 6.68161919748e-06
    },
    "spectral_rolloff": {
        "dmean": 399.921142578,
        "dmean2": 646.195251465,
        "dvar": 514376.875,
        "dvar2": 1040775.8125,
        "max": 18755.4199219,
        "mean": 1190.35876465,
        "median": 732.12890625,
        "min": 43.06640625,
        "var": 2949426.75
    },
    "spectral_skewness": {
        "dmean": 0.327526301146,
        "dmean2": 0.542956233025,
        "dvar": 0.291117310524,
        "dvar2": 0.816715419292,
        "max": 29.1372833252,
        "mean": 1.83256971836,
        "median": 1.35839354992,
        "min": -0.179075434804,
        "var": 2.67756295204
    },
    "spectral_spread": {
        "dmean": 448611.21875,
        "dmean2": 664573.75,
        "dvar": 355840294912,
        "dvar2": 622678900736,
        "max": 41545152,
        "mean": 4256751.5,
        "median": 4266318.5,
        "min": 73577.65625,
        "var": 3.68247229645e+12
    },
    "spectral_strongpeak": {
        "dmean": 0.241063505411,
        "dmean2": 0.40923756361,
        "dvar": 0.207382753491,
        "dvar2": 0.528960227966,
        "max": 5.7636089325,
        "mean": 0.544947981834,
        "median": 0.376301020384,
        "min": 0,
        "var": 0.326633960009
    },
    "zerocrossingrate": {
        "dmean": 0.00919827912003,
        "dmean2": 0.010469767265,
        "dvar": 0.000130532032927,
        "dvar2": 0.000157352595124,
        "max": 0.81005859375,
        "mean": 0.0521938726306,
        "median": 0.0419921875,
        "min": 0.001953125,
        "var": 0.00337338680401
    },
    "barkbands": {
        "dmean": [0.000644824001938, 0.00537493219599, 0.00208760402165, 0.00156006263569, 0.00160168122966, 0.000905617431272, 0.000702941033524, 0.000390672998037, 0.000566264323425, 0.000984489452094, 0.000330310722347, 0.000288681912934, 0.00032202291186, 0.000304848683299, 0.000270101387287, 0.000322924257489, 0.000269273208687, 0.000258081941865, 0.000213145642192, 0.000204289885005, 0.000136705333716, 0.000104879451101, 7.50206745579e-05, 4.93273655593e-05, 2.54869755736e-05, 8.81111827766e-06, 6.75418448282e-07],
        "dmean2": [0.0010119327344, 0.00779088772833, 0.00367107382044, 0.00284817395732, 0.00264805741608, 0.00146927451715, 0.00113665836398, 0.000631566217635, 0.000947338878177, 0.00167058466468, 0.000538696884178, 0.000490213627927, 0.000516338157468, 0.000505113275722, 0.00041331560351, 0.000506252225023, 0.000424136553193, 0.000425144622568, 0.000334139069309, 0.0003320107935, 0.000208137891605, 0.000159504867042, 0.000115537870442, 7.57204470574e-05, 3.93426998926e-05, 1.37678789542e-05, 1.13365251764e-06],
        "dvar": [3.02440253108e-06, 0.000214986997889, 7.08730367478e-05, 3.11769072141e-05, 1.31626893562e-05, 2.36208029492e-06, 1.42499277445e-06, 6.16828458533e-07, 1.29056411424e-06, 7.66667380958e-06, 4.50803554486e-07, 3.36936096801e-07, 7.21777269064e-07, 6.00857617883e-07, 3.81101614266e-07, 8.47464377784e-07, 3.94921869429e-07, 4.20470314566e-07, 1.89054659927e-07, 2.13339788502e-07, 9.13958828619e-08, 4.45432064566e-08, 2.6244123319e-08, 1.1982827175e-08, 4.38485159293e-09, 1.30360711115e-09, 6.0529168483e-12],
        "dvar2": [7.03052000972e-06, 0.000385808962164, 0.000205837059184, 9.23982661334e-05, 3.65927517123e-05, 6.35224114376e-06, 3.60797662324e-06, 1.38934683491e-06, 3.28218675349e-06, 2.06251152122e-05, 1.03953311736e-06, 8.82752146936e-07, 1.64679408954e-06, 1.60499973845e-06, 7.99237056981e-07, 1.93732307707e-06, 9.10854168978e-07, 1.09589711883e-06, 4.44774286734e-07, 5.42317081909e-07, 2.01891992901e-07, 9.78345511271e-08, 5.89147859387e-08, 2.60667913921e-08, 1.03541992758e-08, 3.46284023678e-09, 1.4871066184e-11],
        "max": [0.0410219877958, 0.145937740803, 0.0847958177328, 0.0716914385557, 0.066612444818, 0.0263875536621, 0.0200938768685, 0.018338765949, 0.0185365341604, 0.0277344174683, 0.011784219183, 0.00719312345609, 0.0180187523365, 0.0112965842709, 0.0143324621022, 0.0101778199896, 0.00656249234453, 0.00770793948323, 0.00601718854159, 0.00608883798122, 0.00335319736041, 0.00361075787805, 0.00325951864943, 0.00254446151666, 0.0019421040779, 0.00153767038137, 7.8626377217e-05],
        "mean": [0.00155489926692, 0.0132841225713, 0.00267221406102, 0.00171753892209, 0.00284724170342, 0.00175531639252, 0.00124588585459, 0.000705691869371, 0.000823639915325, 0.00121863337699, 0.000466291647172, 0.000408793945098, 0.000459430564661, 0.000428775383625, 0.000397619442083, 0.00038000009954, 0.00036396982614, 0.000321871833876, 0.000324233929859, 0.000291613221634, 0.000215821986785, 0.000185427808901, 0.000143010576721, 9.16475473787e-05, 4.80603412143e-05, 1.34989313665e-05, 7.0737439728e-07],
        "median": [0.00013779506844, 0.00435050902888, 0.000845740374643, 0.00050559657393, 0.00126806460321, 0.000926143606193, 0.000500902591739, 0.000250512181083, 0.00030163815245, 0.000405686092563, 0.000148612773046, 0.000156061098096, 0.000141880023875, 0.000103847953142, 0.000109066852019, 8.57049381011e-05, 0.000102282901935, 7.9257748439e-05, 9.93227513391e-05, 7.92896025814e-05, 7.30607571313e-05, 6.91417735652e-05, 3.72858885385e-05, 2.6513778721e-05, 1.30889557113e-05, 3.19770219903e-06, 8.12497091829e-08],
        "min": [1.70061434879e-23, 1.72834138966e-23, 4.23778350204e-23, 9.8705930465e-23, 1.12308183323e-22, 6.3813665994e-23, 5.10382718932e-23, 8.25569064387e-23, 3.18227562017e-23, 1.12026477938e-22, 1.41537928486e-22, 1.33955119786e-22, 3.73565144776e-23, 9.06144642533e-23, 1.5005156781e-22, 2.25172532517e-22, 1.25211057346e-22, 4.0633798612e-22, 3.51252573793e-22, 3.21908614193e-22, 3.35128155916e-22, 4.12430339958e-22, 5.15532188351e-22, 6.77576133238e-22, 1.31554695568e-21, 1.72610399712e-21, 2.49975031245e-21],
        "var": [1.10185937956e-05, 0.000497487490065, 4.51470514236e-05, 1.97152439796e-05, 1.8526419808e-05, 5.53336076337e-06, 3.46758292835e-06, 1.94279709831e-06, 2.13824318962e-06, 6.83986218064e-06, 7.72196983689e-07, 4.74482590107e-07, 9.15548696412e-07, 8.42018550884e-07, 6.3810341544e-07, 9.16140834306e-07, 5.07846607434e-07, 4.46792142839e-07, 3.16020191349e-07, 2.90298658001e-07, 1.50191397097e-07, 8.43123899585e-08, 5.87210635672e-08, 2.75838711872e-08, 9.673947865e-09, 1.81914960873e-09, 6.61439306104e-12]
    },
    "erbbands": {
        "dmean": [0.240283250809, 1.12041187286, 2.22056031227, 4.0368437767, 5.85809230804, 5.09407281876, 4.84584474564, 8.76959991455, 11.1729888916, 7.0330953598, 9.12530708313, 14.2143650055, 18.9894981384, 31.1238536835, 12.1277112961, 12.73828125, 14.1271047592, 14.5135583878, 13.1781263351, 15.8290224075, 16.762386322, 15.1433362961, 14.7919111252, 10.6617002487, 11.1654672623, 9.43287944794, 6.65938091278, 4.61272907257, 3.89796829224, 2.92514848709, 2.08681583405, 1.27798402309, 0.748867869377, 0.381147474051, 0.144038826227, 0.0529677793384, 0.0135546037927, 0.00206465832889, 0.000101129444374, 1.18724701679e-05],
        "dmean2": [0.320782244205, 1.63295435905, 3.8543651104, 7.31974840164, 10.1919193268, 8.22103309631, 7.66571521759, 14.3060331345, 18.1285476685, 11.342209816, 14.8022680283, 23.6662921906, 31.6524353027, 52.5684432983, 19.4239635468, 21.5166912079, 22.574131012, 22.8522224426, 20.9584712982, 23.5567474365, 26.5516796112, 23.7372627258, 23.9967975616, 17.3586273193, 17.2221508026, 14.9646577835, 10.1823577881, 7.05194568634, 5.94210243225, 4.47146606445, 3.24687623978, 1.98056483269, 1.15083026886, 0.5904494524, 0.22108207643, 0.0836306884885, 0.0212132986635, 0.00327508128248, 0.000167444712133, 1.73424705281e-05],
        "dvar": [0.420290827751, 9.87805461884, 70.6092300415, 243.770477295, 277.255432129, 119.081016541, 79.8649368286, 240.995407104, 375.178924561, 167.339263916, 369.029327393, 787.170715332, 1566.85107422, 8941.53027344, 550.008850098, 722.70880127, 1125.23156738, 1232.5546875, 832.432128906, 1908.56921387, 2486.99633789, 1312.7076416, 1242.55102539, 659.560913086, 530.207336426, 459.12802124, 230.435394287, 98.2232818604, 59.2690124512, 36.5436248779, 20.4223232269, 7.84037256241, 2.99185442924, 0.757750153542, 0.21475148201, 0.0536378324032, 0.00255110184662, 5.43208625459e-05, 1.55721295414e-07, 4.00806110523e-10],
        "dvar2": [0.696116983891, 22.0750217438, 198.518325806, 717.918762207, 802.410827637, 317.72555542, 207.245941162, 646.012084961, 955.324157715, 400.920135498, 820.597595215, 2004.6048584, 4105.87744141, 23299.390625, 1221.13781738, 1920.96289062, 2598.42407227, 2807.21704102, 1941.22045898, 4032.6550293, 5955.28662109, 2981.91625977, 3144.39404297, 1661.92529297, 1234.01342773, 1146.94213867, 521.798217773, 227.906234741, 129.726913452, 80.0235061646, 47.0750694275, 18.5276699066, 6.41140985489, 1.64117777348, 0.565060317516, 0.153263673186, 0.00630032271147, 0.000123576377518, 3.79913416282e-07, 8.22145351798e-10],
        "max": [6.41672229767, 33.0980834961, 82.8853225708, 158.844238281, 302.397796631, 162.806808472, 194.614151001, 259.287719727, 264.816894531, 380.416442871, 450.880310059, 494.490875244, 655.17791748, 1055.12878418, 515.65234375, 360.499908447, 521.162597656, 695.751586914, 381.489013672, 1018.84680176, 552.863769531, 366.363677979, 424.405273438, 305.142181396, 338.830322266, 242.970306396, 176.469833374, 114.345878601, 139.60168457, 106.92816925, 86.7169647217, 57.437374115, 46.0108985901, 22.2879505157, 15.3776493073, 10.0641374588, 2.1935005188, 0.262468248606, 0.0145106054842, 0.000434633897385],
        "mean": [0.551289856434, 2.33115720749, 3.13629245758, 4.72016334534, 8.71014213562, 9.01528930664, 9.59366798401, 15.9449834824, 20.448507309, 12.9707136154, 16.9367656708, 22.0249080658, 27.9423656464, 35.2346572876, 18.9764976501, 18.1140441895, 21.3269443512, 23.6416397095, 20.6072864532, 21.1247215271, 20.3333759308, 20.4837665558, 19.3965129852, 14.2994680405, 18.0039710999, 13.7215900421, 10.2134313583, 7.28680372238, 6.84337472916, 5.36903905869, 3.91226315498, 2.33866930008, 1.32598471642, 0.693083882332, 0.262206315994, 0.0821763649583, 0.0205736029893, 0.00292557338253, 0.000128359781229, 4.13753514295e-05],
        "median": [0.151833474636, 0.710963010788, 1.28661251068, 1.89610898495, 2.78565120697, 3.80473709106, 5.01828622818, 7.30987501144, 8.35938930511, 5.97936534882, 6.57393169403, 8.44700145721, 10.5918521881, 11.1326360703, 6.76357126236, 7.3568687439, 7.4586815834, 6.43956518173, 5.80179738998, 5.68910932541, 5.07605028152, 5.70072793961, 5.00716304779, 4.33269500732, 5.44586801529, 3.78832983971, 3.05363225937, 2.79555821419, 2.61309170723, 1.67856025696, 0.982353150845, 0.646265089512, 0.361199229956, 0.186635166407, 0.0668817311525, 0.0195898544043, 0.00509226787835, 0.000639680714812, 3.38432182616e-05, 3.04396999127e-05],
        "min": [4.53191022744e-22, 4.44214002738e-21, 4.22129427449e-20, 1.97067754704e-19, 4.7021872912e-19, 2.66766652277e-19, 3.02865021004e-19, 6.03957238859e-19, 8.07013122038e-19, 4.83943775133e-19, 2.19020675797e-18, 9.16614759997e-19, 2.56266798983e-18, 4.71217415293e-18, 5.66613673797e-18, 4.02660313894e-18, 1.50066351927e-18, 4.67582618246e-18, 6.27691490816e-18, 9.59761948314e-18, 1.30858839668e-17, 8.61043980624e-18, 1.56934542155e-17, 1.75738078014e-17, 2.08554864086e-17, 1.61696488592e-17, 1.26934173719e-17, 1.42050800151e-17, 1.57218430541e-17, 1.63961160217e-17, 1.4261755122e-17, 1.37116262479e-17, 1.17202410356e-17, 1.41627482201e-17, 1.00188876799e-17, 6.28889000189e-18, 3.29039564336e-18, 1.53165756323e-18, 3.41427948517e-19, 3.13929130384e-20],
        "var": [0.857140541077, 18.2574539185, 50.2312698364, 145.793304443, 295.151062012, 198.398452759, 186.711853027, 521.606933594, 904.709655762, 412.80859375, 1242.31567383, 1489.45751953, 2372.06542969, 7528.30761719, 1134.06323242, 895.943908691, 1578.18493652, 2456.74243164, 1428.18762207, 2496.0793457, 2516.36621094, 1650.02807617, 1474.12939453, 751.216552734, 996.546936035, 636.37322998, 367.156799316, 154.290130615, 112.915618896, 75.3735809326, 45.480140686, 16.9329547882, 6.62699079514, 1.76845788956, 0.386636435986, 0.0694476515055, 0.00373405939899, 7.74651707616e-05, 1.74123144348e-07, 1.49191614618e-09]
    },
    "gfcc": {
        "mean": [-49.3654403687, 113.670951843, -115.581825256, 33.8635406494, -55.9998207092, 13.0639925003, -29.0319862366, 7.02883815765, -17.8664646149, 1.16697382927, -10.8730487823, -0.215075850487, -5.69039869308],
        "cov": [[32189.59375, -2823.81860352, -1467.55273438, 3638.97509766, -1009.46862793, 1621.23352051, -722.947753906, 769.641723633, -425.030944824, 742.455505371, 71.7904663086, 798.328613281, -56.2829399109], [-2823.81860352, 2894.40185547, -368.864776611, -955.766235352, 589.848937988, -615.544799805, 328.540252686, -288.321685791, 232.453872681, -334.874023438, 71.0247650146, -276.512634277, 186.943740845], [-1467.55273438, -368.864776611, 1324.39685059, 169.074951172, -43.580783844, 256.783294678, -137.18862915, 56.1342964172, -67.6986999512, 56.2769851685, 5.79202222824, 75.0421981812, -67.3826751709], [3638.97509766, -955.766235352, 169.074951172, 1047.97424316, -78.6922836304, 339.622741699, -125.686973572, 141.948348999, -33.6684188843, 156.794387817, 25.3801860809, 150.720672607, -0.311331212521], [-1009.46862793, 589.848937988, -43.580783844, -78.6922836304, 454.9894104, -54.6794929504, 148.708969116, 5.21867132187, 94.8750305176, -38.980014801, 47.8459129333, -39.5656204224, 96.5354537964], [1621.23352051, -615.544799805, 256.783294678, 339.622741699, -54.6794929504, 441.01461792, -3.68382430077, 143.227767944, -34.1124572754, 116.960487366, 30.6529159546, 115.12550354, -6.15800714493], [-722.947753906, 328.540252686, -137.18862915, -125.686973572, 148.708969116, -3.68382430077, 298.137207031, 35.7458572388, 76.1878509521, -5.98587274551, 45.7212181091, -33.6544342041, 60.3911781311], [769.641723633, -288.321685791, 56.1342964172, 141.948348999, 5.21867132187, 143.227767944, 35.7458572388, 167.008255005, 23.6496868134, 76.3217391968, 24.283657074, 48.5317878723, 4.19029998779], [-425.030944824, 232.453872681, -67.6986999512, -33.6684188843, 94.8750305176, -34.1124572754, 76.1878509521, 23.6496868134, 137.129959106, -0.329379141331, 26.7646942139, -17.1135196686, 41.9017219543], [742.455505371, -334.874023438, 56.2769851685, 156.794387817, -38.980014801, 116.960487366, -5.98587274551, 76.3217391968, -0.329379141331, 141.478775024, 42.807975769, 51.5630874634, -12.7715930939], [71.7904663086, 71.0247650146, 5.79202222824, 25.3801860809, 47.8459129333, 30.6529159546, 45.7212181091, 24.283657074, 26.7646942139, 42.807975769, 104.491424561, 28.5093154907, 25.5187969208], [798.328613281, -276.512634277, 75.0421981812, 150.720672607, -39.5656204224, 115.12550354, -33.6544342041, 48.5317878723, -17.1135196686, 51.5630874634, 28.5093154907, 112.170578003, 12.4364719391], [-56.2829399109, 186.943740845, -67.3826751709, -0.311331212521, 96.5354537964, -6.15800714493, 60.3911781311, 4.19029998779, 41.9017219543, -12.7715930939, 25.5187969208, 12.4364719391, 95.7970657349]],
        "icov": [[0.000174159315065, -0.000473849009722, 0.0004149019951, -0.000601864070632, 0.000430113548646, -0.000480196176795, 0.000379185104975, -0.000675094954204, 0.000648900168017, -0.000507763121277, 0.000408865365898, -0.000626824679784, 0.000264027388766], [-0.000473849009722, 0.00255122501403, -0.0012072873069, 0.00210337340832, -0.00191591959447, 0.00175093288999, -0.00126689660829, 0.00273951026611, -0.00257597258314, 0.00274291704409, -0.00239000795409, 0.00273599475622, -0.00160340010189], [0.0004149019951, -0.0012072873069, 0.00193499831948, -0.00137391430326, 0.000819444423541, -0.00179773231503, 0.00136386521626, -0.00162570783868, 0.00166106875986, -0.0011518135434, 0.000885359186213, -0.00172070635017, 0.00133374973666], [-0.000601864070632, 0.00210337340832, -0.00137391430326, 0.00376542890444, -0.00188057112973, 0.00103697006125, -0.000680407683831, 0.00241924007423, -0.0026270262897, 0.00145677290857, -0.00160431815311, 0.00186431896873, -0.00159895524848], [0.000430113548646, -0.00191591959447, 0.000819444423541, -0.00188057112973, 0.00494206836447, -0.00126501300838, 0.000281821936369, -0.00250171776861, 0.00122331967577, -0.00130995886866, 0.000775887689088, -0.000853058998473, -0.0013735643588], [-0.000480196176795, 0.00175093288999, -0.00179773231503, 0.00103697006125, -0.00126501300838, 0.00637960759923, -0.00215248251334, -2.11708047573e-05, -0.000895284581929, 0.000853388104588, -0.00116014678497, -0.000201977003599, -0.00107677094638], [0.000379185104975, -0.00126689660829, 0.00136386521626, -0.000680407683831, 0.000281821936369, -0.00215248251334, 0.00636534765363, -0.00291815632954, 0.000519237131812, -0.00122099125292, -0.000447755097412, 0.000525549985468, -0.000994136440568], [-0.000675094954204, 0.00273951026611, -0.00162570783868, 0.00241924007423, -0.00250171776861, -2.11708047573e-05, -0.00291815632954, 0.013768164441, -0.00530410464853, -0.000444368051831, -0.00137243850622, 0.00152230542153, -0.000692537345458], [0.000648900168017, -0.00257597258314, 0.00166106875986, -0.0026270262897, 0.00122331967577, -0.000895284581929, 0.000519237131812, -0.00530410464853, 0.0133737940341, -0.00320358970203, 0.0011202795431, -0.00138590391725, -0.00121295463759], [-0.000507763121277, 0.00274291704409, -0.0011518135434, 0.00145677290857, -0.00130995886866, 0.000853388104588, -0.00122099125292, -0.000444368051831, -0.00320358970203, 0.0158382598311, -0.00715307705104, 0.00162372738123, 0.000915098062251], [0.000408865365898, -0.00239000795409, 0.000885359186213, -0.00160431815311, 0.000775887689088, -0.00116014678497, -0.000447755097412, -0.00137243850622, 0.0011202795431, -0.00715307705104, 0.015997974202, -0.00592930940911, 7.20996249584e-05], [-0.000626824679784, 0.00273599475622, -0.00172070635017, 0.00186431896873, -0.000853058998473, -0.000201977003599, 0.000525549985468, 0.00152230542153, -0.00138590391725, 0.00162372738123, -0.00592930940911, 0.0194515958428, -0.0065860459581], [0.000264027388766, -0.00160340010189, 0.00133374973666, -0.00159895524848, -0.0013735643588, -0.00107677094638, -0.000994136440568, -0.000692537345458, -0.00121295463759, 0.000915098062251, 7.20996249584e-05, -0.0065860459581, 0.0181160550565]]
    },
    "melbands": {
        "dmean": [0.00174932472873, 0.00116358441301, 0.000748197780922, 0.000399146403652, 0.000168896236573, 0.000191791230463, 0.000162984375493, 7.49713435653e-05, 7.56807494326e-05, 9.0098765213e-05, 9.96850940282e-05, 0.000136797738378, 4.01176221203e-05, 3.23633103108e-05, 3.47037712345e-05, 3.23612730426e-05, 2.93340563076e-05, 2.2877506126e-05, 2.02032842935e-05, 2.16808330151e-05, 2.06250024348e-05, 1.55406723934e-05, 1.67096532095e-05, 1.11367653517e-05, 8.79558319866e-06, 8.7456055553e-06, 7.89149908087e-06, 6.09827293374e-06, 4.51330379292e-06, 3.87752197639e-06, 2.44823172579e-06, 2.32163642977e-06, 2.10620305552e-06, 1.58160821684e-06, 1.30920341235e-06, 1.11324322916e-06, 7.04854357991e-07, 5.67983420297e-07, 4.68260253683e-07, 2.9738632179e-07],
        "dmean2": [0.0024015402887, 0.00182571692858, 0.00134674378205, 0.00066623382736, 0.000270206423011, 0.000312553165713, 0.0002642426698, 0.000121105331345, 0.000123055797303, 0.000150527994265, 0.00016756336845, 0.000232240912737, 6.50190195302e-05, 5.2515148127e-05, 5.9756457631e-05, 4.97381370224e-05, 4.78989131807e-05, 3.68948531104e-05, 3.08786038659e-05, 3.3248001273e-05, 3.35773875122e-05, 2.44215170824e-05, 2.72842371487e-05, 1.85530607268e-05, 1.45123831317e-05, 1.3668101019e-05, 1.26072554849e-05, 9.69957727648e-06, 7.27542237655e-06, 6.01086367169e-06, 3.87109412259e-06, 3.58595821126e-06, 3.28399437421e-06, 2.44870602728e-06, 2.05937294595e-06, 1.77380206878e-06, 1.11106044187e-06, 8.91787635737e-07, 7.20578668734e-07, 4.70563605859e-07],
        "dvar": [2.16960925172e-05, 1.28251476781e-05, 7.29151133783e-06, 9.0913584927e-07, 9.83764465445e-08, 1.10594015723e-07, 7.66526824236e-08, 1.87587918532e-08, 2.60281431963e-08, 3.15304227172e-08, 4.7937238179e-08, 1.81889632245e-07, 6.15088691092e-09, 3.35484040548e-09, 8.96065355249e-09, 6.82514844641e-09, 5.0748112379e-09, 2.84997558886e-09, 2.5838389206e-09, 3.22688342713e-09, 4.37649072538e-09, 1.33244515421e-09, 1.58082802404e-09, 9.07754538204e-10, 4.43331982236e-10, 3.40252770403e-10, 3.09544168076e-10, 2.02495922808e-10, 1.10588184443e-10, 6.84910878013e-11, 2.92542622071e-11, 2.02743308253e-11, 1.93014545319e-11, 1.11393594002e-11, 8.19294285193e-12, 5.96881615314e-12, 2.56251530412e-12, 1.90403812508e-12, 1.04515712491e-12, 4.79010440254e-13],
        "dvar2": [3.64219013136e-05, 3.32417403115e-05, 2.1412894057e-05, 2.54240671893e-06, 2.60954408304e-07, 2.96107771192e-07, 1.9470236623e-07, 4.39964402688e-08, 5.85319064328e-08, 8.01103681169e-08, 1.28384755271e-07, 4.78692868455e-07, 1.38927660487e-08, 8.38600655584e-09, 2.49245566408e-08, 1.46476866192e-08, 1.2545449124e-08, 6.92533452806e-09, 5.23816501286e-09, 6.98257229814e-09, 1.10958691124e-08, 3.06046565868e-09, 3.75787179152e-09, 2.41897524234e-09, 1.13237030863e-09, 7.85937204206e-10, 7.76502029343e-10, 5.08892206152e-10, 2.71625638648e-10, 1.43535780484e-10, 7.23876930619e-11, 4.52843630649e-11, 4.39752123604e-11, 2.49037925698e-11, 1.94120570313e-11, 1.51313735847e-11, 6.1038426917e-12, 4.27172099776e-12, 2.28144022771e-12, 1.08814248844e-12],
        "max": [0.045624088496, 0.0371265485883, 0.030551828444, 0.0173138063401, 0.0053518875502, 0.00547247333452, 0.00399187859148, 0.00460957176983, 0.00355737796053, 0.00340706203133, 0.00330301234499, 0.00457564555109, 0.00148062349763, 0.00107024773024, 0.001199942315, 0.00212182477117, 0.00139687745832, 0.000667286803946, 0.00134366843849, 0.00099305936601, 0.000748051854316, 0.000416267866967, 0.000554361904506, 0.000428876403021, 0.000227978773182, 0.000379530247301, 0.000288429728243, 0.000169711012859, 0.000131683103973, 0.000102944766695, 7.18589944881e-05, 7.28817103663e-05, 8.33684680401e-05, 6.03203079663e-05, 4.8231369874e-05, 4.63173055323e-05, 3.27426678268e-05, 3.66482199752e-05, 2.63424244622e-05, 1.65726760315e-05],
        "mean": [0.00431987503543, 0.00211107498035, 0.000948929111473, 0.000670504174195, 0.000338766811183, 0.000354450079612, 0.000301542313537, 0.000136135306093, 0.000136782371555, 0.000134754780447, 0.000139836309245, 0.000148176899529, 6.06991634413e-05, 4.93181323691e-05, 4.42626842414e-05, 4.6574667067e-05, 4.37785820395e-05, 3.2618005207e-05, 2.83284480247e-05, 2.74310532404e-05, 2.3266829885e-05, 2.0621890144e-05, 2.14412539208e-05, 1.37975839607e-05, 1.08578979052e-05, 1.35591371873e-05, 1.16856099339e-05, 8.37930383568e-06, 6.33693753116e-06, 5.78549133934e-06, 3.63375693269e-06, 3.90133800465e-06, 3.49383753928e-06, 2.79204664366e-06, 2.32388060795e-06, 1.87791499684e-06, 1.22024175653e-06, 9.4015143759e-07, 7.90069123013e-07, 5.15860278938e-07],
        "median": [0.00132581219077, 0.000824738119263, 0.000389185734093, 0.000268198316917, 0.000186014571227, 0.00016503574443, 0.000121920886158, 5.98308542976e-05, 5.22884110978e-05, 5.00090573041e-05, 5.07120857947e-05, 4.3127387471e-05, 2.00112481252e-05, 1.94775275304e-05, 1.63507884281e-05, 1.44354480653e-05, 1.05526441985e-05, 8.64718185767e-06, 7.52596679376e-06, 6.7958890213e-06, 5.30935631105e-06, 5.55930819246e-06, 5.41695044376e-06, 3.4099102777e-06, 3.02599755742e-06, 3.88012676922e-06, 3.25923815581e-06, 2.12457985072e-06, 1.62500771239e-06, 1.80729091426e-06, 1.31895899358e-06, 1.4522050833e-06, 1.12697944132e-06, 8.12891300939e-07, 5.26876704043e-07, 4.62006482849e-07, 3.24004531649e-07, 2.20892005132e-07, 2.19518128119e-07, 1.267616625e-07],
        "min": [4.20011081842e-24, 1.60884426642e-23, 4.41766524545e-23, 2.79040107689e-23, 1.11443776364e-23, 1.41757705134e-23, 1.13075811248e-23, 6.50240847006e-24, 1.64633551203e-23, 5.07845261055e-24, 1.36266002611e-23, 1.95418043391e-23, 2.07614700733e-23, 1.68979180826e-23, 4.27807630827e-24, 3.83349007931e-24, 9.18149527788e-24, 9.06451351653e-24, 1.23432040321e-23, 1.21190271178e-23, 1.63049250292e-23, 7.40698738147e-24, 1.44520280247e-23, 1.53379424871e-23, 1.29426231464e-23, 1.7830201789e-23, 9.47241140251e-24, 1.179900597e-23, 6.39166502074e-24, 9.86407926423e-24, 7.34601789982e-24, 9.25521196289e-24, 7.77722268125e-24, 9.45784114159e-24, 8.25315114284e-24, 7.41992627803e-24, 8.88714129743e-24, 7.28574577122e-24, 1.02898535272e-23, 1.29774600328e-23],
        "var": [5.00517926412e-05, 1.490224804e-05, 4.69942006021e-06, 1.16954470286e-06, 2.10670336287e-07, 2.50412767855e-07, 1.93205622168e-07, 4.76697330498e-08, 8.22558305913e-08, 5.6988046282e-08, 6.37330828113e-08, 1.47846819232e-07, 1.20484040522e-08, 6.32914787246e-09, 7.67236674193e-09, 9.95633619993e-09, 9.1469747332e-09, 4.09606348839e-09, 3.95260135733e-09, 4.07450428952e-09, 3.87201959384e-09, 1.69026936891e-09, 1.89201343481e-09, 8.99452623493e-10, 4.75689432289e-10, 6.39009734016e-10, 4.70033512112e-10, 2.58915167084e-10, 1.53570642314e-10, 1.14430409592e-10, 4.16607512377e-11, 3.76685384273e-11, 3.33430574817e-11, 2.20691971642e-11, 1.69817441359e-11, 1.13626807616e-11, 5.07526442747e-12, 3.76918114775e-12, 2.22460895191e-12, 1.05117488065e-12]
    },
    "mfcc": {
        "mean": [-673.755737305, 129.58454895, 3.78692817688, 23.8913917542, 0.998773515224, 7.78285980225, 0.650843858719, 5.36437368393, 0.902813315392, 2.56681036949, -0.308464705944, -0.395183563232, 0.47900095582],
        "cov": [[15226.8828125, -1394.78833008, -205.480300903, 1017.12329102, 57.9679260254, 637.211425781, 257.813720703, 361.315734863, -35.8562393188, 241.017105103, 136.437652588, 142.473114014, 182.274673462], [-1394.78833008, 2655.51147461, -360.646606445, -172.018814087, 58.2991294861, -105.658119202, 12.7458686829, -25.9100723267, 90.6824188232, -47.5919837952, -48.3150901794, -29.3884754181, -49.7804718018], [-205.480300903, -360.646606445, 1129.68225098, 6.71344232559, 154.691680908, 89.6348800659, -3.28403639793, 29.1362342834, -82.551109314, -14.8222131729, 11.7767896652, -9.16046905518, 39.5129966736], [1017.12329102, -172.018814087, 6.71344232559, 493.42767334, 138.589675903, 111.04839325, 30.0998287201, 22.0403499603, 25.5145626068, 27.1623363495, 21.6776580811, 21.9384994507, 38.7418251038], [57.9679260254, 58.2991294861, 154.691680908, 138.589675903, 315.886505127, 92.623298645, 25.8933963776, 40.2702560425, 18.7689380646, 14.823392868, -8.20369148254, 3.51484632492, 27.1371612549], [637.211425781, -105.658119202, 89.6348800659, 111.04839325, 92.623298645, 205.735046387, 87.782875061, 66.2112503052, 28.286403656, 30.5193958282, 24.8749637604, 29.399143219, 18.0538101196], [257.813720703, 12.7458686829, -3.28403639793, 30.0998287201, 25.8933963776, 87.782875061, 200.579162598, 63.6609153748, 39.8717002869, 51.2246704102, 40.2913627625, 44.7516708374, 8.67880916595], [361.315734863, -25.9100723267, 29.1362342834, 22.0403499603, 40.2702560425, 66.2112503052, 63.6609153748, 133.65222168, 52.8288154602, 30.7129135132, 19.3889942169, 24.234500885, 13.5118465424], [-35.8562393188, 90.6824188232, -82.551109314, 25.5145626068, 18.7689380646, 28.286403656, 39.8717002869, 52.8288154602, 133.326202393, 46.3081207275, 15.9358215332, 25.429775238, -3.16478419304], [241.017105103, -47.5919837952, -14.8222131729, 27.1623363495, 14.823392868, 30.5193958282, 51.2246704102, 30.7129135132, 46.3081207275, 101.779350281, 43.0422744751, 32.1036949158, 10.4516897202], [136.437652588, -48.3150901794, 11.7767896652, 21.6776580811, -8.20369148254, 24.8749637604, 40.2913627625, 19.3889942169, 15.9358215332, 43.0422744751, 93.3574295044, 39.672077179, 14.3092479706], [142.473114014, -29.3884754181, -9.16046905518, 21.9384994507, 3.51484632492, 29.399143219, 44.7516708374, 24.234500885, 25.429775238, 32.1036949158, 39.672077179, 80.1244888306, 26.2305698395], [182.274673462, -49.7804718018, 39.5129966736, 38.7418251038, 27.1371612549, 18.0538101196, 8.67880916595, 13.5118465424, -3.16478419304, 10.4516897202, 14.3092479706, 26.2305698395, 76.8824386597]],
