{
"lowlevel": {
    "average_loudness": 0.837570011616,
    "barkbands_crest": {
        "dmean": 2.68516874313,
        "dmean2": 4.1557226181,
        "dvar": 7.56138515472,
        "dvar2": 16.4890651703,
        "max": 25.0613288879,
        "mean": 9.54269886017,
        "median": 8.79961681366,
        "min": 1.74977958202,
        "var": 21.1549282074
    },
    "barkbands_flatness_db": {
        "dmean": 0.0218496024609,
        "dmean2": 0.0329822450876,
        "dvar": 0.000658547389321,
        "dvar2": 0.00129475980066,
        "max": 0.523207306862,
        "mean": 0.11550026387,
        "median": 0.0913092121482,
        "min": 0.00851961039007,
        "var": 0.00671875430271
    },
    "barkbands_kurtosis": {
        "dmean": 1.95718920231,
        "dmean2": 3.01428604126,
        "dvar": 31.6041355133,
        "dvar2": 58.40051651,
        "max": 313.873718262,
        "mean": 1.63320469856,
        "median": -0.168282270432,
        "min": -1.83373177052,
        "var": 56.4546661377
    },
    "barkbands_skewness": {
        "dmean": 0.541502118111,
        "dmean2": 0.804444909096,
        "dvar": 0.45557102561,
        "dvar2": 0.888170301914,
        "max": 16.2804203033,
        "mean": 1.06136524677,
        "median": 0.895115017891,
        "min": -2.38045144081,
        "var": 1.37254273891
    },
    "barkbands_spread": {
        "dmean": 7.83295202255,
        "dmean2": 12.2948188782,
        "dvar": 79.9678421021,
        "dvar2": 189.808151245,
        "max": 103.071266174,
        "mean": 37.6925315857,
        "median": 38.6206626892,
        "min": 0.6450111866,
        "var": 301.106811523
    },
    "dissonance": {
        "dmean": 0.00894282013178,
        "dmean2": 0.0154637778178,
        "dvar": 0.00011085368169,
        "dvar2": 0.000295322504826,
        "max": 0.499999880791,
        "mean": 0.487450391054,
        "median": 0.491026222706,
        "min": 0.278133839369,
        "var": 0.000164765515365
    },
    "dynamic_complexity": 3.08612918854,
    "erbbands_crest": {
        "dmean": 1.89285516739,
        "dmean2": 3.16828393936,
        "dvar": 4.02811717987,
        "dvar2": 10.2207450867,
        "max": 27.5391139984,
        "mean": 6.4234790802,
        "median": 5.38887882233,
        "min": 2.08969283104,
        "var": 11.1424999237
    },
    "erbbands_flatness_db": {
        "dmean": 0.0138115193695,
        "dmean2": 0.0209167022258,
        "dvar": 0.000187261481187,
        "dvar2": 0.00038736249553,
        "max": 0.588205516338,
        "mean": 0.147941023111,
        "median": 0.115771874785,
        "min": 0.0440314784646,
        "var": 0.00704972678795
    },
    "erbbands_kurtosis": {
        "dmean": 0.813819944859,
        "dmean2": 1.27198243141,
        "dvar": 2.09924674034,
        "dvar2": 4.59476709366,
        "max": 38.8316421509,
        "mean": 0.41044729948,
        "median": -0.0433080196381,
        "min": -1.76959228516,
        "var": 4.77076244354
    },
    "erbbands_skewness": {
        "dmean": 0.316185891628,
        "dmean2": 0.485405683517,
        "dvar": 0.101929321885,
        "dvar2": 0.21423240006,
        "max": 5.16765165329,
        "mean": -0.174737587571,
        "median": -0.203843295574,
        "min": -3.06249499321,
        "var": 0.508301854134
    },
    "erbbands_spread": {
        "dmean": 7.53610134125,
        "dmean2": 11.8082780838,
        "dvar": 83.8821716309,
        "dvar2": 191.752731323,
        "max": 165.818481445,
        "mean": 37.4613189697,
        "median": 36.4459114075,
        "min": 1.75751149654,
        "var": 268.556518555
    },
    "hfc": {
        "dmean": 11.4964923859,
        "dmean2": 16.9800434113,
        "dvar": 353.465209961,
        "dvar2": 798.800720215,
        "max": 237.759963989,
        "mean": 40.4515304565,
        "median": 35.9775657654,
        "min": 1.13594278302e-16,
        "var": 1214.59313965
    },
    "melbands_crest": {
        "dmean": 4.32211780548,
        "dmean2": 6.490421772,
        "dvar": 23.4737281799,
        "dvar2": 48.5833206177,
        "max": 37.8629608154,
        "mean": 18.3246898651,
        "median": 16.2636566162,
        "min": 1.00249004364,
        "var": 91.1525115967
    },
    "melbands_flatness_db": {
        "dmean": 0.0296353120357,
        "dmean2": 0.0439258106053,
        "dvar": 0.00123212102335,
        "dvar2": 0.00243536522612,
        "max": 0.587152421474,
        "mean": 0.171723976731,
        "median": 0.150668516755,
        "min": -0,
        "var": 0.00921448506415
    },
    "melbands_kurtosis": {
        "dmean": 8.60289573669,
        "dmean2": 12.78038311,
        "dvar": 865.742980957,
        "dvar2": 1434.39465332,
        "max": 1958.33605957,
        "mean": 13.7011127472,
        "median": 4.73727989197,
        "min": -1.86254096031,
        "var": 1830.28015137
    },
    "melbands_skewness": {
        "dmean": 0.898049652576,
        "dmean2": 1.31715297699,
        "dvar": 1.66108310223,
        "dvar2": 3.09832406044,
        "max": 38.4572410583,
        "mean": 2.64881491661,
        "median": 2.08574867249,
        "min": -1.28084826469,
        "var": 5.42756128311
    },
    "melbands_spread": {
        "dmean": 11.4409198761,
        "dmean2": 17.8148117065,
        "dvar": 212.386108398,
        "dvar2": 469.326782227,
        "max": 214.498077393,
        "mean": 37.5302391052,
        "median": 33.9076919556,
        "min": 0.350317955017,
        "var": 518.903198242
    },
    "pitch_salience": {
        "dmean": 0.0860576182604,
        "dmean2": 0.132499426603,
        "dvar": 0.00883696228266,
        "dvar2": 0.0184397920966,
        "max": 0.997582674026,
        "mean": 0.537025988102,
        "median": 0.569451510906,
        "min": 0.0219775028527,
        "var": 0.0266435164958
    },
    "silence_rate_20dB": {
        "dmean": 0,
        "dmean2": 0,
        "dvar": 0,
        "dvar2": 0,
        "max": 1,
        "mean": 1,
        "median": 1,
        "min": 1,
        "var": 0
    },
    "silence_rate_30dB": {
        "dmean": 0.0059604444541,
        "dmean2": 0.0119225038216,
        "dvar": 0.00592463091016,
        "dvar2": 0.0163884926587,
        "max": 1,
        "mean": 0.99634295702,
        "median": 1,
        "min": 0,
        "var": 0.00364365312271
    },
    "silence_rate_60dB": {
        "dmean": 0.0170685444027,
        "dmean2": 0.034141715616,
        "dvar": 0.016776073724,
        "dvar2": 0.0378540195525,
        "max": 1,
        "mean": 0.0709738582373,
        "median": 0,
        "min": 0,
        "var": 0.0659350082278
    },
    "spectral_centroid": {
        "dmean": 268.924102783,
        "dmean2": 418.498596191,
        "dvar": 89289.546875,
        "dvar2": 208631.890625,
        "max": 11566.4394531,
        "mean": 2225.43066406,
        "median": 2337.72998047,
        "min": 373.599853516,
        "var": 678308.6875
    },
    "spectral_complexity": {
        "dmean": 5.21863985062,
        "dmean2": 7.8506975174,
        "dvar": 33.2766914368,
        "dvar2": 63.3440284729,
        "max": 64,
        "mean": 30.9298381805,
        "median": 34,
        "min": 0,
        "var": 249.171920776
    },
    "spectral_decrease": {
        "dmean": 2.11156092611e-09,
        "dmean2": 3.0513649385e-09,
        "dvar": 9.68053110466e-18,
        "dvar2": 1.84593790933e-17,
        "max": 8.49434110311e-29,
        "mean": -8.56358628454e-09,
        "median": -7.00010227561e-09,
        "min": -3.86504481753e-08,
        "var": 4.8015816238e-17
    },
    "spectral_energy": {
        "dmean": 0.00808339845389,
        "dmean2": 0.0116065731272,
        "dvar": 0.000133451118018,
        "dvar2": 0.00025887042284,
        "max": 0.1482886374,
        "mean": 0.0359900183976,
        "median": 0.0315927714109,
        "min": 1.05335004816e-20,
        "var": 0.000777703127824
    },
    "spectral_energyband_high": {
        "dmean": 0.0010519749485,
        "dmean2": 0.00157535157632,
        "dvar": 3.10679956783e-06,
        "dvar2": 6.99969041307e-06,
        "max": 0.0307001657784,
        "mean": 0.00312964175828,
        "median": 0.00233658403158,
        "min": 7.37086103562e-21,
        "var": 1.07302148535e-05
    },
    "spectral_energyband_low": {
        "dmean": 0.00770984357223,
        "dmean2": 0.0111505128443,
        "dvar": 0.000172099404153,
        "dvar2": 0.000331487332005,
        "max": 0.134767636657,
        "mean": 0.0202637668699,
        "median": 0.0089098084718,
        "min": 2.09070275321e-23,
        "var": 0.000572956108954
    },
    "spectral_energyband_middle_high": {
        "dmean": 0.0024523420725,
        "dmean2": 0.00376045424491,
        "dvar": 1.19229707707e-05,
        "dvar2": 2.63931415247e-05,
        "max": 0.0434709116817,
        "mean": 0.00747941527516,
        "median": 0.00614403886721,
        "min": 1.48012863455e-21,
        "var": 4.12597983086e-05
    },
    "spectral_energyband_middle_low": {
        "dmean": 0.00295353564434,
        "dmean2": 0.00485792849213,
        "dvar": 3.78080258088e-05,
        "dvar2": 0.000101350698969,
        "max": 0.0979569256306,
        "mean": 0.00534100085497,
        "median": 0.00365125550888,
        "min": 2.57344173498e-22,
        "var": 4.00469652959e-05
    },
    "spectral_entropy": {
        "dmean": 0.0905167981982,
        "dmean2": 0.141088247299,
        "dvar": 0.00891188718379,
        "dvar2": 0.019678812474,
        "max": 9.80885791779,
        "mean": 8.01930332184,
        "median": 8.19015979767,
        "min": 5.28284454346,
        "var": 0.277443259954
    },
    "spectral_flux": {
        "dmean": 0.023609470576,
        "dmean2": 0.0365561395884,
        "dvar": 0.00103315839078,
        "dvar2": 0.00219463161193,
        "max": 0.363815367222,
        "mean": 0.0968398302794,
        "median": 0.0901665091515,
        "min": 6.65397945077e-11,
        "var": 0.00301599223167
    },
    "spectral_kurtosis": {
        "dmean": 2.89805984497,
        "dmean2": 5.02546739578,
        "dvar": 136.63760376,
        "dvar2": 391.177307129,
        "max": 305.173065186,
        "mean": 8.27190494537,
        "median": 2.57017183304,
        "min": -1.21931099892,
        "var": 962.571838379
    },
    "spectral_rms": {
        "dmean": 0.0006503292243,
        "dmean2": 0.000933989242185,
        "dvar": 6.30676083802e-07,
        "dvar2": 1.21275900256e-06,
        "max": 0.0120279602706,
        "mean": 0.00538141652942,
        "median": 0.00555177591741,
        "min": 3.20571152089e-12,
        "var": 6.15262160863e-06
    },
    "spectral_rolloff": {
        "dmean": 850.696838379,
        "dmean2": 1354.19897461,
        "dvar": 1601589.625,
        "dvar2": 3336305.75,
        "max": 19379.8828125,
        "mean": 2374.97143555,
        "median": 2088.72070312,
        "min": 43.06640625,
        "var": 3697358.5
    },
    "spectral_skewness": {
        "dmean": 0.252471476793,
        "dmean2": 0.42261877656,
        "dvar": 0.352120697498,
        "dvar2": 1.06977593899,
        "max": 13.5255250931,
        "mean": 1.45379698277,
        "median": 1.24209260941,
        "min": -0.146819725633,
        "var": 1.92233455181
    },
    "spectral_spread": {
        "dmean": 438510.5625,
        "dmean2": 663576.4375,
        "dvar": 331744116736,
        "dvar2": 653282443264,
        "max": 40916520,
        "mean": 4967227,
        "median": 5203729.5,
        "min": 242816.015625,
        "var": 5.17096393933e+12
    },
    "spectral_strongpeak": {
        "dmean": 0.286877661943,
        "dmean2": 0.50063431263,
        "dvar": 0.325792789459,
        "dvar2": 0.914183855057,
        "max": 11.54986763,
        "mean": 0.441445469856,
        "median": 0.284261196852,
        "min": 0,
        "var": 0.358181327581
    },
    "zerocrossingrate": {
        "dmean": 0.0149385491386,
        "dmean2": 0.0174022875726,
        "dvar": 0.000339243240887,
        "dvar2": 0.000426820653956,
        "max": 0.8076171875,
        "mean": 0.0847927555442,
        "median": 0.078125,
        "min": 0.005859375,
        "var": 0.00215942342766
    },
    "barkbands": {
        "dmean": [0.00217414344661, 0.00602438533679, 0.0015142087359, 0.000906113709789, 0.00101448025089, 0.000798643741291, 0.000567335519008, 0.000427658786066, 0.000478951318655, 0.00046447434579, 0.00049552321434, 0.000537669635378, 0.000456577632576, 0.000410669919802, 0.000463700678665, 0.000463628733996, 0.000453779910458, 0.000368703040294, 0.000288406445179, 0.000256327417446, 0.000277060986264, 0.00026528534363, 0.00020256251446, 0.000185392767889, 0.000175580120413, 0.000105765626358, 3.28569367412e-05],
        "dmean2": [0.00309169618413, 0.00870623253286, 0.00267991051078, 0.00155196746346, 0.00171031698119, 0.00135362055153, 0.00094855914358, 0.000709682994056, 0.000797180808149, 0.000771949125919, 0.000813508348074, 0.000894978817087, 0.00076875690138, 0.000675497052725, 0.000764398719184, 0.000765430973843, 0.000742674339563, 0.000602526939474, 0.000460736424429, 0.000415660411818, 0.000452462671092, 0.00041539708036, 0.000317985890433, 0.00028733999352, 0.000268712843535, 0.000162355936482, 4.87100551254e-05],
        "dvar": [2.04556927201e-05, 0.000111038185423, 1.95704906218e-05, 9.35652042244e-06, 6.02725094723e-06, 2.76500941254e-06, 1.02978788163e-06, 5.38270342076e-07, 7.1597492024e-07, 6.32454430161e-07, 8.29020677884e-07, 6.98543431099e-07, 5.22014431681e-07, 4.58848802509e-07, 5.57484042929e-07, 5.59045190585e-07, 4.36277645122e-07, 2.87698782131e-07, 1.66431206594e-07, 1.54740973812e-07, 1.6331318875e-07, 1.84476348863e-07, 1.33170459549e-07, 1.08948711386e-07, 1.17912058784e-07, 4.89098965772e-08, 5.75029224237e-09],
        "dvar2": [3.75810159312e-05, 0.000224102128414, 5.63782996323e-05, 2.55785307672e-05, 1.62853375514e-05, 7.2279581218e-06, 2.72997431239e-06, 1.33370576805e-06, 1.85437841083e-06, 1.54291126364e-06, 2.15733984987e-06, 1.80258734872e-06, 1.39739631777e-06, 1.20612128285e-06, 1.43514478168e-06, 1.3852096572e-06, 1.12228940452e-06, 7.16723718597e-07, 4.03057669018e-07, 4.05939772463e-07, 4.18947877279e-07, 4.48086382221e-07, 2.95891538826e-07, 2.57809091408e-07, 2.8466394042e-07, 1.17041558667e-07, 1.21441292578e-08],
        "max": [0.0514407083392, 0.118198335171, 0.0651109665632, 0.0483366027474, 0.0401989929378, 0.0249231103808, 0.016484297812, 0.0147236101329, 0.0165207348764, 0.0191351678222, 0.0121941519901, 0.02037727274, 0.0137965576723, 0.0144097507, 0.0126771554351, 0.015741866082, 0.0106911659241, 0.00840950477868, 0.00525082321838, 0.00586647028103, 0.00594289554283, 0.0122339930385, 0.00914250686765, 0.00598085997626, 0.0046201152727, 0.00289662764408, 0.00123097829055],
        "mean": [0.00480609806255, 0.0136980861425, 0.0016413788544, 0.000982249854133, 0.00122705544345, 0.00101564556826, 0.000714244844858, 0.000591050309595, 0.000633259420283, 0.000652466667816, 0.000683993392158, 0.000833400117699, 0.000760758586694, 0.000688899657689, 0.000790364574641, 0.000772452563979, 0.000817557680421, 0.000703558034729, 0.000590608280618, 0.000546109862626, 0.000631469825748, 0.000597366015427, 0.000495434913319, 0.000450952589745, 0.000381758523872, 0.000225905692787, 5.7899102103e-05],
        "median": [0.00107876851689, 0.00519418390468, 0.000581276312005, 0.000257195119048, 0.000439405295765, 0.000389710476156, 0.000311185722239, 0.000252646306762, 0.000325014611008, 0.00034402863821, 0.000321148894727, 0.000486117729452, 0.000446171325166, 0.000406623294111, 0.000474120111903, 0.000491058919579, 0.000544993556105, 0.000484292453621, 0.000405253405916, 0.000386943429476, 0.000467057921924, 0.000384447048418, 0.000309831375489, 0.000266258313786, 0.000197180910618, 0.000109998953121, 9.71213648882e-06],
        "min": [1.68760303479e-24, 1.23609829847e-24, 3.02513681555e-24, 4.19787203117e-24, 1.18355854502e-23, 1.50720995175e-23, 2.21003926436e-23, 1.00959128625e-23, 2.37720930315e-23, 1.8724058503e-23, 4.66088336876e-23, 4.28477247518e-23, 2.40478220059e-23, 7.2216410408e-23, 5.07558028911e-23, 7.27905370639e-23, 9.28236281976e-23, 1.57603251215e-22, 1.41706946668e-22, 2.2214628538e-22, 3.14239548286e-22, 4.07842602612e-22, 3.45810569506e-22, 6.8285920414e-22, 1.05304141043e-21, 1.31809261614e-21, 2.06451739898e-21],
        "var": [6.09976632404e-05, 0.000309566094074, 1.45566582432e-05, 8.47604405863e-06, 5.76723232371e-06, 3.26845838572e-06, 1.22362905586e-06, 1.04563866898e-06, 9.49310333453e-07, 1.00297256722e-06, 1.12279724362e-06, 1.21766663597e-06, 9.88893248177e-07, 8.11972768133e-07, 1.04291484604e-06, 9.20112597669e-07, 8.52518553529e-07, 6.02079580858e-07, 4.04257576747e-07, 3.26850425836e-07, 3.9139143837e-07, 4.64076009621e-07, 3.96650648327e-07, 3.28046866116e-07, 2.67001752263e-07, 9.97449518536e-08, 1.23440733191e-08]
    },
    "erbbands": {
        "dmean": [0.343594819307, 0.901831328869, 1.62328207493, 2.54632234573, 2.88032913208, 3.63574004173, 4.9651465416, 7.37512922287, 8.01831912994, 8.16927433014, 9.28688621521, 11.0774879456, 12.6064004898, 17.1228141785, 18.2395877838, 21.6362495422, 19.9459266663, 20.2846221924, 22.2238388062, 22.975353241, 24.7426719666, 23.470451355, 20.5543251038, 15.9720230103, 13.4559402466, 12.0602169037, 11.2526607513, 11.2233085632, 10.0505609512, 7.76632642746, 5.6352596283, 4.16741466522, 3.11909675598, 2.1068353653, 1.25070536137, 0.524310588837, 0.187234297395, 0.0511412806809, 0.00552699435502, 8.4472776507e-05],
        "dmean2": [0.480295062065, 1.4156999588, 2.84103322029, 4.35867500305, 4.80579566956, 6.17037248611, 8.52316951752, 12.4707527161, 13.3674535751, 13.737197876, 15.4481430054, 18.3880500793, 20.9059925079, 28.86561203, 29.7736797333, 35.9157562256, 33.1956176758, 33.3559799194, 36.5825042725, 37.442615509, 40.6126937866, 38.1921882629, 33.4354095459, 26.0177402496, 21.6118564606, 19.4130897522, 18.1230697632, 18.3985996246, 15.9572935104, 12.2921724319, 8.98653316498, 6.52650880814, 4.85687351227, 3.25506639481, 1.96341645718, 0.813827455044, 0.2880204916, 0.076158195734, 0.00823930837214, 0.000123437755974],
        "dvar": [0.367316544056, 4.01138210297, 19.7626991272, 75.3398666382, 66.3159484863, 80.6045684814, 104.277099609, 248.792877197, 178.106842041, 228.582122803, 264.499420166, 426.740966797, 504.746856689, 848.68170166, 905.185424805, 1146.58007812, 1045.2310791, 1090.41052246, 1099.02783203, 1534.06860352, 1429.87060547, 1232.78540039, 930.338378906, 554.463500977, 414.92388916, 365.93963623, 226.427459717, 318.024200439, 274.633911133, 185.033798218, 101.985290527, 59.6264038086, 34.8012580872, 15.6580257416, 6.7569103241, 1.13334286213, 0.158262565732, 0.0122963869944, 0.000159251430887, 3.24053068823e-08],
        "dvar2": [0.630946457386, 10.0352630615, 55.5894699097, 210.5259552, 178.433456421, 217.702529907, 281.764678955, 652.286315918, 463.160400391, 615.709228516, 645.424255371, 1079.48266602, 1264.44287109, 2255.61450195, 2259.04785156, 2938.34912109, 2720.32470703, 2814.75073242, 2849.34106445, 3809.32836914, 3496.5078125, 3062.18261719, 2315.48291016, 1423.16247559, 1028.6385498, 960.266601562, 567.87713623, 834.957397461, 685.452148438, 432.888580322, 236.914154053, 136.698760986, 87.6658782959, 37.4582672119, 16.91705513, 2.75050139427, 0.369431704283, 0.0260377079248, 0.00033847434679, 6.70590409868e-08],
        "max": [5.23351192474, 28.3947715759, 58.617931366, 131.795974731, 160.818084717, 178.453048706, 210.955047607, 199.062911987, 157.728973389, 239.295089722, 405.241088867, 415.565643311, 575.190917969, 474.488311768, 464.604553223, 594.145202637, 678.658874512, 729.732055664, 618.760559082, 655.464660645, 858.5703125, 648.24609375, 512.798217773, 389.299591064, 254.59211731, 345.561279297, 213.556594849, 286.005493164, 381.955749512, 430.20602417, 302.12802124, 226.123535156, 101.277893066, 52.0153083801, 35.0687789917, 13.8677225113, 5.88059902191, 1.51800763607, 0.160269916058, 0.00236988742836],
        "mean": [0.791643261909, 1.51577734947, 1.91317415237, 2.92254400253, 3.28616833687, 4.14885091782, 6.04069280624, 9.0154209137, 10.628736496, 10.6497440338, 13.2503461838, 14.8223209381, 18.2938728333, 24.919254303, 28.4279708862, 35.1182518005, 35.2225074768, 36.0925254822, 40.3758125305, 40.8009490967, 44.5967750549, 44.9728813171, 39.8315162659, 32.9023857117, 28.3803730011, 25.6355342865, 25.6100006104, 24.5018558502, 21.8666191101, 17.9384593964, 13.4755277634, 10.171631813, 7.17496871948, 4.57263612747, 2.50424957275, 1.09186422825, 0.389361828566, 0.103680275381, 0.00943073257804, 0.000200498994673],
        "median": [0.224639758468, 0.735708296299, 0.789507329464, 1.01723515987, 1.05792403221, 1.31121778488, 2.33624649048, 3.28302741051, 4.89480495453, 5.02625274658, 6.05922174454, 7.54226541519, 10.3321723938, 13.004650116, 14.9671869278, 20.724697113, 21.5189743042, 22.3431682587, 24.9334030151, 26.0559997559, 30.1872406006, 30.8915958405, 28.041387558, 22.8463420868, 19.9808006287, 18.1615562439, 18.5891036987, 17.724275589, 14.3345880508, 11.1701078415, 8.57476711273, 6.21897935867, 3.95131897926, 2.36848306656, 1.22731518745, 0.548248291016, 0.178665116429, 0.0334110595286, 0.00159302179236, 0.000100718993053],
        "min": [8.48825125635e-23, 4.02028432683e-22, 2.33634377128e-21, 1.64046281367e-20, 3.5468683948e-20, 4.21964411379e-20, 1.52428616905e-19, 1.60233311554e-19, 3.85599651721e-19, 2.15807544406e-19, 4.71575408723e-19, 4.7359703814e-19, 9.22046338092e-19, 9.84822108754e-19, 1.98537409083e-18, 1.84061210696e-18, 2.18686329393e-18, 3.72737965133e-18, 2.96386340821e-18, 3.72554868704e-18, 3.95067209461e-18, 6.17772147706e-18, 9.2672427193e-18, 9.06569768151e-18, 6.77264755799e-18, 1.08918370229e-17, 1.19085048614e-17, 1.3154884892e-17, 1.43441108781e-17, 1.17117185937e-17, 1.13253185414e-17, 1.20390050108e-17, 1.11593695669e-17, 1.06577440824e-17, 7.09493656338e-18, 4.42661196673e-18, 2.58885032416e-18, 8.81914843493e-19, 2.61384291429e-19, 2.82334029847e-20],
        "var": [1.16282498837, 5.93152332306, 16.5447616577, 61.9211959839, 58.8547897339, 78.4102096558, 123.711265564, 276.953796387, 233.198959351, 266.814758301, 543.03302002, 568.521057129, 727.905456543, 1232.27368164, 1566.80895996, 2075.14160156, 2034.86767578, 2027.36657715, 2448.56958008, 2785.54174805, 2619.8659668, 2530.85693359, 1945.19995117, 1217.8581543, 934.788635254, 744.873901367, 630.442016602, 648.922973633, 614.600158691, 494.576629639, 286.148132324, 171.825973511, 91.8404388428, 37.8862953186, 12.4322767258, 2.24449110031, 0.318594753742, 0.0292204134166, 0.000333081843564, 8.75423111779e-08]
    },
    "gfcc": {
        "mean": [15.6569519043, 62.9792976379, -126.18396759, 36.7230415344, -45.698184967, 20.3460502625, -24.7090702057, 10.7798967361, -13.1260251999, 8.62592220306, -10.0777664185, 7.48038005829, -7.17897224426],
        "cov": [[18023.2460938, -6862.54980469, 2084.83642578, 2211.08618164, -190.447097778, 1828.69335938, -728.028747559, 1163.57910156, -1015.96008301, 523.055603027, -901.949584961, 509.959503174, -583.803161621], [-6862.54980469, 5398.64794922, -1603.01318359, -959.260498047, 112.685928345, -1286.94128418, 414.731414795, -825.137390137, 579.644958496, -378.008575439, 548.532836914, -357.352996826, 384.250274658], [2084.83642578, -1603.01318359, 1454.06091309, 345.544952393, 338.745056152, 582.621154785, -51.3442497253, 402.244384766, -226.490875244, 148.764770508, -223.261322021, 155.201797485, -132.334686279], [2211.08618164, -959.260498047, 345.544952393, 1229.12939453, -137.089614868, 217.98487854, -23.2400188446, 57.1930122375, -37.8023643494, 37.4907188416, -95.0032958984, -2.72469949722, -68.3481750488], [-190.447097778, 112.685928345, 338.745056152, -137.089614868, 484.180664062, 139.616790771, 125.448486328, 103.068367004, -25.5409030914, 31.5820808411, -6.09004020691, 37.939743042, 9.49847507477], [1828.69335938, -1286.94128418, 582.621154785, 217.98487854, 139.616790771, 616.074951172, -21.5273017883, 313.900726318, -160.291244507, 108.957328796, -150.031829834, 102.95665741, -80.2560195923], [-728.028747559, 414.731414795, -51.3442497253, -23.2400188446, 125.448486328, -21.5273017883, 271.115997314, 6.41038656235, 125.968238831, -0.723332166672, 89.4751205444, -30.0139732361, 40.2083587646], [1163.57910156, -825.137390137, 402.244384766, 57.1930122375, 103.068367004, 313.900726318, 6.41038656235, 291.073760986, -71.6882553101, 100.264968872, -94.5559387207, 84.9464263916, -60.880897522], [-1015.96008301, 579.644958496, -226.490875244, -37.8023643494, -25.5409030914, -160.291244507, 125.968238831, -71.6882553101, 214.33543396, -1.08080887794, 109.930252075, -52.7998008728, 49.3513374329], [523.055603027, -378.008575439, 148.764770508, 37.4907188416, 31.5820808411, 108.957328796, -0.723332166672, 100.264968872, -1.08080887794, 117.632995605, 2.1383163929, 53.2280731201, -23.7135238647], [-901.949584961, 548.532836914, -223.261322021, -95.0032958984, -6.09004020691, -150.031829834, 89.4751205444, -94.5559387207, 109.930252075, 2.1383163929, 152.989807129, -8.87201690674, 58.2576713562], [509.959503174, -357.352996826, 155.201797485, -2.72469949722, 37.939743042, 102.95665741, -30.0139732361, 84.9464263916, -52.7998008728, 53.2280731201, -8.87201690674, 102.824829102, 3.48726511002], [-583.803161621, 384.250274658, -132.334686279, -68.3481750488, 9.49847507477, -80.2560195923, 40.2083587646, -60.880897522, 49.3513374329, -23.7135238647, 58.2576713562, 3.48726511002, 87.4335327148]],
        "icov": [[0.000161095405929, 6.61048852635e-06, 0.000112123059807, -0.000227003343753, 3.37636993208e-05, -5.69907970203e-05, 4.16349139414e-05, -0.000201174087124, 0.000345399603248, -0.000325299333781, 0.000361165613867, -0.000362017046427, 0.000314250064548], [6.61048852635e-06, 0.00101060443558, 8.45195390866e-05, 0.000283953064354, -0.000713736924808, 0.000766980287153, -1.19963960969e-05, 0.000314265489578, -0.000500049558468, 0.00116021384019, -0.00129040575121, 0.00167895155028, -0.00165167753585], [0.000112123059807, 8.45195390866e-05, 0.00179436779581, -0.000509496720042, -0.00102836848237, -0.000270702614216, 0.000148618899402, -0.000823917915113, 0.000373883551219, -0.000420116586611, 0.0010796188144, -0.00113817490637, 0.000917037774343], [-0.000227003343753, 0.000283953064354, -0.000509496720042, 0.00149492186029, 0.000380956102163, -0.000193504529307, -0.000483210606035, 0.001274235663, -0.000943908118643, 0.000462806259748, -0.000289260293357, 0.00105414795689, -0.000666706124321], [3.37636993208e-05, -0.000713736924808, -0.00102836848237, 0.000380956102163, 0.00404846901074, -0.000731439795345, -0.00204249564558, 2.982665319e-05, 0.00136376800947, -0.00119609828107, 0.0010490413988, -0.00106475467328, 0.000201630115043], [-5.69907970203e-05, 0.000766980287153, -0.000270702614216, -0.000193504529307, -0.000731439795345, 0.00532068498433, -0.000711804663297, -0.00326181179844, 0.0015519335866, 4.71309358545e-05, -0.000254311016761, 0.00160102231894, -0.00205035507679], [4.16349139414e-05, -1.19963960969e-05, 0.000148618899402, -0.000483210606035, -0.00204249564558, -0.000711804663297, 0.00806827936321, -0.0028869966045, -0.00302258413285, 0.00211750017479, -0.00446142908186, 0.00271612103097, -0.0008294476429], [-0.000201174087124, 0.000314265489578, -0.000823917915113, 0.001274235663, 2.982665319e-05, -0.00326181179844, -0.0028869966045, 0.0137232039124, -0.00311080017127, -0.00360374525189, 0.00537208141759, -0.00490407785401, 0.00230525527149], [0.000345399603248, -0.000500049558468, 0.000373883551219, -0.000943908118643, 0.00136376800947, 0.0015519335866, -0.00302258413285, -0.00311080017127, 0.0131049500778, -0.00478111952543, -0.00312656885944, 0.00459135090932, -0.00196140469052], [-0.000325299333781, 0.00116021384019, -0.000420116586611, 0.000462806259748, -0.00119609828107, 4.71309358545e-05, 0.00211750017479, -0.00360374525189, -0.00478111952543, 0.0193277485669, -0.0077853044495, -0.00293179228902, 0.00239012669772], [0.000361165613867, -0.00129040575121, 0.0010796188144, -0.000289260293357, 0.0010490413988, -0.000254311016761, -0.00446142908186, 0.00537208141759, -0.00312656885944, -0.0077853044495, 0.0221338756382, -0.00945872999728, 0.000217982509639], [-0.000362017046427, 0.00167895155028, -0.00113817490637, 0.00105414795689, -0.00106475467328, 0.00160102231894, 0.00271612103097, -0.00490407785401, 0.00459135090932, -0.00293179228902, -0.00945872999728, 0.0261983592063, -0.011902240105], [0.000314250064548, -0.00165167753585, 0.000917037774343, -0.000666706124321, 0.000201630115043, -0.00205035507679, -0.0008294476429, 0.00230525527149, -0.00196140469052, 0.00239012669772, 0.000217982509639, -0.011902240105, 0.0238285828382]]
    },
    "melbands": {
        "dmean": [0.00227409019135, 0.000872505770531, 0.000428637955338, 0.000226333999308, 0.000170248356881, 0.000160228155437, 0.000122500481666, 8.94853874343e-05, 7.60963521316e-05, 7.14134366717e-05, 6.45734835416e-05, 7.03917467035e-05, 6.35261676507e-05, 5.77200371481e-05, 5.62952009204e-05, 4.44926372438e-05, 3.97848016291e-05, 3.79012672056e-05, 3.61273632734e-05, 3.24567809002e-05, 3.16248660965e-05, 2.75949587376e-05, 2.20116344281e-05, 1.8052824089e-05, 1.37729621201e-05, 1.12320640255e-05, 1.0041871974e-05, 8.3467884906e-06, 7.58567239245e-06, 7.54015172788e-06, 6.93483070791e-06, 6.22847892373e-06, 5.52299206902e-06, 4.48340915682e-06, 3.68193718714e-06, 2.9123746117e-06, 2.76497848972e-06, 2.38045322476e-06, 2.14311717173e-06, 1.83973679668e-06],
        "dmean2": [0.00321288756095, 0.00142795976717, 0.000730172847398, 0.00038185052108, 0.000291445787298, 0.000270184245892, 0.000203681527637, 0.000149935629452, 0.000126430793898, 0.000118845091492, 0.000106970393972, 0.000119073134556, 0.000103299906186, 9.62025806075e-05, 9.35660209507e-05, 7.47111407691e-05, 6.60756413708e-05, 6.30844660918e-05, 5.9508929553e-05, 5.33304191777e-05, 5.24027636857e-05, 4.55346744275e-05, 3.61821475963e-05, 2.96164198517e-05, 2.27548243856e-05, 1.80261558853e-05, 1.65220499184e-05, 1.35967320603e-05, 1.24064508782e-05, 1.23811105368e-05, 1.14684917207e-05, 1.00675815702e-05, 8.94997265277e-06, 7.10686481398e-06, 5.94786433794e-06, 4.60700493932e-06, 4.42259442934e-06, 3.78141339752e-06, 3.36198036166e-06, 2.87726015813e-06],
        "dvar": [1.56123478519e-05, 4.43810904471e-06, 1.8926626808e-06, 3.73698128442e-07, 1.17456480098e-07, 1.11739510089e-07, 4.25524291359e-08, 2.54737049232e-08, 1.75592962393e-08, 1.7385890061e-08, 1.32391937413e-08, 1.45417535791e-08, 1.2253457804e-08, 8.29924395873e-09, 8.87171136554e-09, 4.8627093463e-09, 4.64588367777e-09, 3.44097572658e-09, 3.92696097862e-09, 3.05239167275e-09, 2.31939401019e-09, 1.75805003888e-09, 1.07552489137e-09, 6.89299617385e-10, 4.32870683742e-10, 2.68577826645e-10, 2.55701626539e-10, 1.61742549909e-10, 1.04307701365e-10, 1.2058291865e-10, 1.21845519785e-10, 1.00892877386e-10, 9.16536846418e-11, 6.17321263552e-11, 4.14646546265e-11, 4.14186532294e-11, 2.33376339087e-11, 2.09379198007e-11, 1.81866188775e-11, 1.16622345461e-11],
        "dvar2": [2.82778510154e-05, 1.16307610369e-05, 5.19160312251e-06, 1.00283773463e-06, 3.18167252544e-07, 2.92185518447e-07, 1.11093221733e-07, 6.79085161437e-08, 4.33854019377e-08, 4.46060646198e-08, 3.28165725705e-08, 3.88807279705e-08, 3.115217595e-08, 2.15506279488e-08, 2.29480221492e-08, 1.3004298971e-08, 1.21083623128e-08, 9.14398601282e-09, 1.02370441013e-08, 7.71241825959e-09, 5.75236214218e-09, 4.49451498241e-09, 2.679767519e-09, 1.7325019197e-09, 1.13457498951e-09, 6.62902621684e-10, 6.83201772933e-10, 4.2294906466e-10, 2.71729611034e-10, 3.05078046159e-10, 3.28387678161e-10, 2.54702536839e-10, 2.30252594768e-10, 1.4575210483e-10, 1.0212474616e-10, 9.74163319456e-11, 5.63783082719e-11, 5.55856506657e-11, 4.62079437213e-11, 2.82741764029e-11],
        "max": [0.035328514874, 0.0245408564806, 0.0200924910605, 0.010658217594, 0.00574553851038, 0.00443247379735, 0.00264051370323, 0.00298362737522, 0.00306163541973, 0.00258022383787, 0.00304870982654, 0.00220966991037, 0.00163499685004, 0.00277544371784, 0.00129644724075, 0.00131979573052, 0.00155842758249, 0.00107271166053, 0.00117989163846, 0.00137479451951, 0.00101505185012, 0.0007804853376, 0.000585815228987, 0.000502900162246, 0.000328869558871, 0.000193625324755, 0.000203675983357, 0.000260373577476, 0.000150039064465, 0.00021056967671, 0.000169613296748, 0.00019640949904, 0.000284663605271, 0.00022208369046, 0.000174243774381, 0.000270370597718, 8.56097176438e-05, 0.000104030543298, 7.55138753448e-05, 4.78342444694e-05],
        "mean": [0.00538746034727, 0.00127368851099, 0.000514774525072, 0.000264906790107, 0.000208684185054, 0.000199393965886, 0.000161895120982, 0.000117793897516, 0.000106013590994, 9.3343325716e-05, 9.11027600523e-05, 9.91138222162e-05, 9.39188685152e-05, 8.92956377356e-05, 8.99905862752e-05, 7.31376348995e-05, 6.50018264423e-05, 6.33452073089e-05, 5.89016563026e-05, 5.19800014445e-05, 5.27817137481e-05, 4.8275316658e-05, 3.94571725337e-05, 3.24579232256e-05, 2.60186807282e-05, 2.16165408347e-05, 1.87855548575e-05, 1.64660486917e-05, 1.58080929396e-05, 1.52757584146e-05, 1.38755676744e-05, 1.24836842588e-05, 1.11227518573e-05, 9.5960285762e-06, 7.91336151451e-06, 6.70324880048e-06, 6.04033130003e-06, 5.13113809575e-06, 4.3841846491e-06, 3.69143890566e-06],
        "median": [0.00177432619967, 0.000653607246932, 0.000194574997295, 8.48881682032e-05, 8.2510872744e-05, 7.40542964195e-05, 7.34092536732e-05, 5.45969232917e-05, 4.92055878567e-05, 4.67080026283e-05, 4.99160596519e-05, 5.01517461089e-05, 4.63622163807e-05, 5.18138331245e-05, 4.97617584188e-05, 4.36203699792e-05, 3.78432923753e-05, 3.81088211725e-05, 3.435229155e-05, 3.23813183059e-05, 3.48241992469e-05, 3.12289157591e-05, 2.58425025095e-05, 2.23292372539e-05, 1.72274521901e-05, 1.44221457958e-05, 1.24082216644e-05, 1.13316000352e-05, 1.12039397209e-05, 1.09958800749e-05, 9.70968176262e-06, 8.00855832495e-06, 6.72270789437e-06, 5.64710171602e-06, 4.90545789944e-06, 4.05991113439e-06, 3.46074421032e-06, 2.7867913559e-06, 2.23984716285e-06, 1.85334317848e-06],
        "min": [7.44596194196e-25, 1.01352543419e-24, 3.85584521407e-24, 1.86489321235e-24, 6.34974652996e-24, 4.07604114183e-24, 5.09382829846e-24, 2.02736660996e-24, 3.65046646068e-24, 3.19063549473e-24, 3.94732349679e-24, 3.26552758249e-24, 6.16206981529e-24, 4.83453326879e-24, 3.94384264805e-24, 4.59838933453e-24, 7.32624825668e-24, 2.99095981126e-24, 5.09922371262e-24, 6.18965273127e-24, 3.24109517974e-24, 4.04563410381e-24, 7.1011483751e-24, 7.69178904522e-24, 6.96218500461e-24, 4.86049349789e-24, 5.09363542197e-24, 6.12501544085e-24, 6.60341934796e-24, 7.7742857521e-24, 6.7026860544e-24, 7.9888038535e-24, 7.33165668705e-24, 5.46395197443e-24, 6.06698328279e-24, 6.85951396894e-24, 6.3361083082e-24, 7.66679714288e-24, 7.84703923795e-24, 8.24025247818e-24],
        "var": [4.93775260111e-05, 5.09363053425e-06, 1.61689445122e-06, 3.5313570379e-07, 1.30865089432e-07, 1.27843748032e-07, 5.5017309819e-08, 3.23461151197e-08, 3.35347927205e-08, 2.30322090289e-08, 1.93178575358e-08, 2.07134540631e-08, 1.92017122203e-08, 1.39944216215e-08, 1.53052095442e-08, 8.80223272048e-09, 7.51980699931e-09, 6.80498546402e-09, 6.77191858145e-09, 4.77196548943e-09, 3.9549772346e-09, 3.18651838249e-09, 2.23758900297e-09, 1.31375432755e-09, 8.48526970909e-10, 5.87315085454e-10, 4.49020237658e-10, 3.29009985922e-10, 2.59018556603e-10, 2.56226873052e-10, 2.27526580909e-10, 2.06762690302e-10, 1.91735294308e-10, 1.5701484557e-10, 1.00482303034e-10, 8.97140278733e-11, 6.176183176e-11, 5.00627768407e-11, 3.8566334154e-11, 2.55267595256e-11]
    },
    "mfcc": {
        "mean": [-615.33001709, 87.5590362549, -10.4434719086, 21.2190761566, 5.10680818558, 14.4817934036, 3.64091873169, 8.82033634186, 5.55251455307, 3.94516468048, 4.10864973068, 6.87609434128, 3.94137763977],
        "cov": [[10088.4707031, -3110.62695312, 477.833282471, 299.935424805, 697.65637207, 439.390563965, 344.222808838, 399.14364624, 176.584594727, 81.8680725098, -44.8124542236, -100.503257751, -93.6288909912], [-3110.62695312, 2756.17944336, -541.374206543, -99.2402877808, -344.182342529, -258.876922607, -284.769775391, -280.124420166, -161.953765869, -92.4449920654, -27.9855575562, 21.9337978363, 18.6520462036], [477.833282471, -541.374206543, 692.040588379, 95.9200057983, 238.469009399, 131.964248657, 181.719177246, 128.025344849, 101.58441925, 53.9664993286, 32.3798866272, -11.7752523422, -7.56845188141], [299.935424805, -99.2402877808, 95.9200057983, 572.732971191, 53.6476898193, 75.3462371826, -47.772693634, -11.650765419, 10.7562236786, -1.42251121998, 9.89443683624, 25.9012012482, -3.43665885925], [697.65637207, -344.182342529, 238.469009399, 53.6476898193, 362.411651611, 135.179641724, 161.18145752, 105.368766785, 74.1505661011, 30.616973877, 14.100320816, -11.9474496841, -8.9057559967], [439.390563965, -258.876922607, 131.964248657, 75.3462371826, 135.179641724, 209.805709839, 118.578605652, 88.9550170898, 63.3120155334, 38.6475982666, 14.8050498962, 4.2689614296, 0.573822915554], [344.222808838, -284.769775391, 181.719177246, -47.772693634, 161.18145752, 118.578605652, 254.514221191, 135.640808105, 85.2913131714, 61.2913475037, 40.7055969238, 4.08206415176, 16.494222641], [399.14364624, -280.124420166, 128.025344849, -11.650765419, 105.368766785, 88.9550170898, 135.640808105, 161.623855591, 91.2813949585, 47.6253433228, 22.9784221649, 4.19158744812, 5.29043197632], [176.584594727, -161.953765869, 101.58441925, 10.7562236786, 74.1505661011, 63.3120155334, 85.2913131714, 91.2813949585, 123.465682983, 65.4697418213, 38.4077568054, 14.599105835, 10.7187786102], [81.8680725098, -92.4449920654, 53.9664993286, -1.42251121998, 30.616973877, 38.6475982666, 61.2913475037, 47.6253433228, 65.4697418213, 98.9467468262, 55.1876869202, 16.9252929688, 17.3595333099], [-44.8124542236, -27.9855575562, 32.3798866272, 9.89443683624, 14.100320816, 14.8050498962, 40.7055969238, 22.9784221649, 38.4077568054, 55.1876869202, 91.567565918, 41.8920478821, 23.5356864929], [-100.503257751, 21.9337978363, -11.7752523422, 25.9012012482, -11.9474496841, 4.2689614296, 4.08206415176, 4.19158744812, 14.599105835, 16.9252929688, 41.8920478821, 69.9314193726, 35.8159980774], [-93.6288909912, 18.6520462036, -7.56845188141, -3.43665885925, -8.9057559967, 0.573822915554, 16.494222641, 5.29043197632, 10.7187786102, 17.3595333099, 23.5356864929, 35.8159980774, 67.34740448]],
