{
"lowlevel": {
    "average_loudness": 0.794316649437,
    "barkbands_crest": {
        "dmean": 2.75990462303,
        "dmean2": 4.35654783249,
        "dvar": 10.5942192078,
        "dvar2": 23.9976005554,
        "max": 26.923324585,
        "mean": 13.3087873459,
        "median": 11.9311790466,
        "min": 1.78154838085,
        "var": 43.7714729309
    },
    "barkbands_flatness_db": {
        "dmean": 0.0391159690917,
        "dmean2": 0.0564051009715,
        "dvar": 0.00193095370196,
        "dvar2": 0.00381655874662,
        "max": 0.826678812504,
        "mean": 0.158467486501,
        "median": 0.147745758295,
        "min": 0.015121396631,
        "var": 0.00685449084267
    },
    "barkbands_kurtosis": {
        "dmean": 17.4198818207,
        "dmean2": 25.4974498749,
        "dvar": 14530.8378906,
        "dvar2": 29736.6347656,
        "max": 10116.9257812,
        "mean": 23.6746692657,
        "median": 3.60903263092,
        "min": -1.88726878166,
        "var": 20568.90625
    },
    "barkbands_skewness": {
        "dmean": 1.13917040825,
        "dmean2": 1.64012038708,
        "dvar": 3.70452952385,
        "dvar2": 7.54500675201,
        "max": 96.8693695068,
        "mean": 2.77539610863,
        "median": 1.83378458023,
        "min": -7.15892791748,
        "var": 11.3975877762
    },
    "barkbands_spread": {
        "dmean": 7.33788824081,
        "dmean2": 11.5384292603,
        "dvar": 86.5266342163,
        "dvar2": 206.378814697,
        "max": 122.419998169,
        "mean": 18.7769489288,
        "median": 16.3441200256,
        "min": 0.0125302225351,
        "var": 187.358642578
    },
    "dissonance": {
        "dmean": 0.0177865289152,
        "dmean2": 0.0299376957119,
        "dvar": 0.000555193924811,
        "dvar2": 0.00140420673415,
        "max": 0.500000178814,
        "mean": 0.471447467804,
        "median": 0.481084495783,
        "min": 0.151985645294,
        "var": 0.00098848354537
    },
    "dynamic_complexity": 3.25638842583,
    "erbbands_crest": {
        "dmean": 2.21045160294,
        "dmean2": 3.59418654442,
        "dvar": 6.07751083374,
        "dvar2": 14.3898963928,
        "max": 34.4062805176,
        "mean": 7.00948286057,
        "median": 5.72005271912,
        "min": 1.96606230736,
        "var": 16.3838787079
    },
    "erbbands_flatness_db": {
        "dmean": 0.0245485119522,
        "dmean2": 0.0367090553045,
        "dvar": 0.000846070644911,
        "dvar2": 0.001689615543,
        "max": 0.507375061512,
        "mean": 0.140139430761,
        "median": 0.123623274267,
        "min": 0.0380879454315,
        "var": 0.00414689723402
    },
    "erbbands_kurtosis": {
        "dmean": 1.43290865421,
        "dmean2": 2.33609700203,
        "dvar": 67.4082336426,
        "dvar2": 141.280181885,
        "max": 501.76940918,
        "mean": 0.81104773283,
        "median": -0.186532735825,
        "min": -1.8356770277,
        "var": 68.4089126587
    },
    "erbbands_skewness": {
        "dmean": 0.448887884617,
        "dmean2": 0.698495864868,
        "dvar": 0.348624140024,
        "dvar2": 0.748566925526,
        "max": 16.0191764832,
        "mean": 0.175195768476,
        "median": 0.135448351502,
        "min": -7.21466064453,
        "var": 0.71866363287
    },
    "erbbands_spread": {
        "dmean": 11.9767847061,
        "dmean2": 18.1519298553,
        "dvar": 184.361907959,
        "dvar2": 416.532104492,
        "max": 187.394226074,
        "mean": 44.8713645935,
        "median": 41.4754486084,
        "min": 0.450706154108,
        "var": 650.511413574
    },
    "hfc": {
        "dmean": 11.9552717209,
        "dmean2": 18.5122947693,
        "dvar": 302.3855896,
        "dvar2": 736.107849121,
        "max": 351.045043945,
        "mean": 25.4918270111,
        "median": 18.7816295624,
        "min": 1.05886093194e-16,
        "var": 629.55090332
    },
    "melbands_crest": {
        "dmean": 3.73549795151,
        "dmean2": 5.62032651901,
        "dvar": 18.6551704407,
        "dvar2": 40.394821167,
        "max": 39.9912948608,
        "mean": 19.9053211212,
        "median": 17.9447021484,
        "min": 1.63280212879,
        "var": 105.589424133
    },
    "melbands_flatness_db": {
        "dmean": 0.0440199673176,
        "dmean2": 0.0639125779271,
        "dvar": 0.00249254563823,
        "dvar2": 0.00508076744154,
        "max": 0.968540966511,
        "mean": 0.228147208691,
        "median": 0.217794626951,
        "min": 0.0038285816554,
        "var": 0.0112304845825
    },
    "melbands_kurtosis": {
        "dmean": 48.0868797302,
        "dmean2": 71.2207336426,
        "dvar": 162342.546875,
        "dvar2": 430410.9375,
        "max": 28565.9101562,
        "mean": 72.5355148315,
        "median": 11.2607946396,
        "min": -1.93686318398,
        "var": 136939.34375
    },
    "melbands_skewness": {
        "dmean": 1.63254129887,
        "dmean2": 2.29033827782,
        "dvar": 8.28917884827,
        "dvar2": 16.6312217712,
        "max": 114.511070251,
        "mean": 4.84383821487,
        "median": 2.91741228104,
        "min": -3.20595860481,
        "var": 28.6006908417
    },
    "melbands_spread": {
        "dmean": 8.73779201508,
        "dmean2": 14.1970500946,
        "dvar": 253.562316895,
        "dvar2": 639.897094727,
        "max": 279.633605957,
        "mean": 20.2868862152,
        "median": 14.6251192093,
        "min": 0.00905430875719,
        "var": 526.611083984
    },
    "pitch_salience": {
        "dmean": 0.0990246459842,
        "dmean2": 0.154582247138,
        "dvar": 0.0137075772509,
        "dvar2": 0.0315877348185,
        "max": 0.949560642242,
        "mean": 0.454915583134,
        "median": 0.482741266489,
        "min": 0.00223490665667,
        "var": 0.04829448089
    },
    "silence_rate_20dB": {
        "dmean": 0,
        "dmean2": 0,
        "dvar": 0,
        "dvar2": 0,
        "max": 1,
        "mean": 1,
        "median": 1,
        "min": 1,
        "var": 0
    },
    "silence_rate_30dB": {
        "dmean": 0.0628435313702,
        "dmean2": 0.125698581338,
        "dvar": 0.058891300112,
        "dvar2": 0.126934915781,
        "max": 1,
        "mean": 0.735824882984,
        "median": 1,
        "min": 0,
        "var": 0.194389477372
    },
    "silence_rate_60dB": {
        "dmean": 0.0346280671656,
        "dmean2": 0.0692624822259,
        "dvar": 0.0334294810891,
        "dvar2": 0.0763808786869,
        "max": 1,
        "mean": 0.080883026123,
        "median": 0,
        "min": 0,
        "var": 0.074333794415
    },
    "spectral_centroid": {
        "dmean": 388.517730713,
        "dmean2": 606.724304199,
        "dvar": 222387.09375,
        "dvar2": 487470.34375,
        "max": 11565.7880859,
        "mean": 1554.84399414,
        "median": 1359.08422852,
        "min": 46.7962684631,
        "var": 1184756.625
    },
    "spectral_complexity": {
        "dmean": 6.18340063095,
        "dmean2": 9.30316066742,
        "dvar": 51.6277999878,
        "dvar2": 102.449371338,
        "max": 61,
        "mean": 21.0425033569,
        "median": 20,
        "min": 0,
        "var": 179.304000854
    },
    "spectral_decrease": {
        "dmean": 4.13933110011e-09,
        "dmean2": 5.85761794625e-09,
        "dvar": 3.30753428798e-17,
        "dvar2": 6.70372777925e-17,
        "max": 2.19353116941e-28,
        "mean": -1.5580393864e-08,
        "median": -1.04898090214e-08,
        "min": -6.28350065313e-08,
        "var": 2.08367828624e-16
    },
    "spectral_energy": {
        "dmean": 0.016063908115,
        "dmean2": 0.022782471031,
        "dvar": 0.000488953606691,
        "dvar2": 0.000992384273559,
        "max": 0.238800764084,
        "mean": 0.0611161291599,
        "median": 0.0422753319144,
        "min": 9.98985541104e-21,
        "var": 0.00304916757159
    },
    "spectral_energyband_high": {
        "dmean": 0.000907958485186,
        "dmean2": 0.00144640123472,
        "dvar": 2.71628482551e-06,
        "dvar2": 6.49175945e-06,
        "max": 0.045110180974,
        "mean": 0.00134004675783,
        "median": 0.000601183623075,
        "min": 7.02512458117e-21,
        "var": 4.97106748298e-06
    },
    "spectral_energyband_low": {
        "dmean": 0.0134271392599,
        "dmean2": 0.0181271973997,
        "dvar": 0.00045401987154,
        "dvar2": 0.000898776343092,
        "max": 0.228730782866,
        "mean": 0.0445145256817,
        "median": 0.0165682770312,
        "min": 1.65964611985e-23,
        "var": 0.00290667940862
    },
    "spectral_energyband_middle_high": {
        "dmean": 0.00279812351801,
        "dmean2": 0.00434125307947,
        "dvar": 1.77185684151e-05,
        "dvar2": 3.97855983465e-05,
        "max": 0.0906331166625,
        "mean": 0.00579119473696,
        "median": 0.00378957088105,
        "min": 1.27683647821e-21,
        "var": 4.58485774288e-05
    },
    "spectral_energyband_middle_low": {
        "dmean": 0.00745643442497,
        "dmean2": 0.0129405967891,
        "dvar": 0.000199639936909,
        "dvar2": 0.000546658586245,
        "max": 0.116074793041,
        "mean": 0.0105716120452,
        "median": 0.00615741405636,
        "min": 1.62980417445e-22,
        "var": 0.000182371630217
    },
    "spectral_entropy": {
        "dmean": 0.232559606433,
        "dmean2": 0.360070466995,
        "dvar": 0.08903875947,
        "dvar2": 0.190212279558,
        "max": 9.82371902466,
        "mean": 7.78912210464,
        "median": 7.90654993057,
        "min": 2.40180182457,
        "var": 0.312440484762
    },
    "spectral_flux": {
        "dmean": 0.0434917546809,
        "dmean2": 0.0663562715054,
        "dvar": 0.00359922344796,
        "dvar2": 0.00626576691866,
        "max": 0.468631058931,
        "mean": 0.107873924077,
        "median": 0.0817961618304,
        "min": 6.39090169674e-11,
        "var": 0.0071455440484
    },
    "spectral_kurtosis": {
        "dmean": 2.02453994751,
        "dmean2": 3.31478691101,
        "dvar": 16.2481231689,
        "dvar2": 41.6673355103,
        "max": 135.957336426,
        "mean": 4.62847566605,
        "median": 3.14474773407,
        "min": -1.25203573704,
        "var": 33.4781951904
    },
    "spectral_rms": {
        "dmean": 0.00113241933286,
        "dmean2": 0.00155623175669,
        "dvar": 2.04474054044e-06,
        "dvar2": 4.01611259804e-06,
        "max": 0.015263563022,
        "mean": 0.00671769399196,
        "median": 0.00642216671258,
        "min": 3.12189054989e-12,
        "var": 1.44982159327e-05
    },
    "spectral_rolloff": {
        "dmean": 592.476196289,
        "dmean2": 1001.81530762,
        "dvar": 1526081,
        "dvar2": 3475769.5,
        "max": 19487.5488281,
        "mean": 1435.28833008,
        "median": 861.328125,
        "min": 21.533203125,
        "var": 5357550.5
    },
    "spectral_skewness": {
        "dmean": 0.276069402695,
        "dmean2": 0.436573266983,
        "dvar": 0.138875067234,
        "dvar2": 0.334784954786,
        "max": 10.4694223404,
        "mean": 1.55681061745,
        "median": 1.43357539177,
        "min": -0.194083467126,
        "var": 0.402807712555
    },
    "spectral_spread": {
        "dmean": 824236.3125,
        "dmean2": 1241527.875,
        "dvar": 1.02662537216e+12,
        "dvar2": 2.1592941527e+12,
        "max": 43541160,
        "mean": 5315370.5,
        "median": 4994111,
        "min": 658211.8125,
        "var": 1.08052160184e+13
    },
    "spectral_strongpeak": {
        "dmean": 0.348169595003,
        "dmean2": 0.562906801701,
        "dvar": 0.681208372116,
        "dvar2": 1.6593515873,
        "max": 31.2057151794,
        "mean": 0.782222092152,
        "median": 0.613113045692,
        "min": 0,
        "var": 1.04497396946
    },
    "zerocrossingrate": {
        "dmean": 0.013332458213,
        "dmean2": 0.0160533804446,
        "dvar": 0.000329859700287,
        "dvar2": 0.000418058712967,
        "max": 0.62890625,
        "mean": 0.056860011071,
        "median": 0.0439453125,
        "min": 0,
        "var": 0.00356204039417
    },
    "barkbands": {
        "dmean": [0.00147076696157, 0.0115110268816, 0.0047125662677, 0.00240907608531, 0.00317784980871, 0.00131231138948, 0.00103077013046, 0.000647103763185, 0.000731021922547, 0.000605047971476, 0.000560901651625, 0.000630253285635, 0.000539460859727, 0.000451614498161, 0.000386023049941, 0.000273576792097, 0.00020978563407, 0.000231940299273, 0.000197590969037, 0.000182538671652, 0.000207141449209, 0.00016130192671, 0.000166744444869, 0.000152230422827, 0.000102103578683, 8.7511849415e-05, 2.22121834668e-05],
        "dmean2": [0.00206877687015, 0.0155117595568, 0.00857407599688, 0.00433006044477, 0.00577074661851, 0.00226378580555, 0.00174384436104, 0.00105453573633, 0.00116138567682, 0.000990426749922, 0.000906661909539, 0.00101044832263, 0.000878497841768, 0.00072760193143, 0.000612371542957, 0.000447424361482, 0.000340302591212, 0.000386627594708, 0.000330063630827, 0.000303293461911, 0.000343803723808, 0.000260845641606, 0.000272171862889, 0.00024473463418, 0.0001630524348, 0.00014054501662, 3.66664608009e-05],
        "dvar": [7.96608856035e-06, 0.000420373457018, 0.000146073420183, 3.57745229849e-05, 5.28593336639e-05, 8.72787222761e-06, 8.01709120424e-06, 3.76014440917e-06, 2.57955116467e-06, 1.55355053266e-06, 1.63383947438e-06, 2.08778965316e-06, 1.48608353356e-06, 1.0741684946e-06, 1.43545253195e-06, 2.81633077748e-07, 1.9989214195e-07, 1.56745926461e-07, 1.02764580845e-07, 1.05673542805e-07, 1.12803654417e-07, 7.60803473554e-08, 2.62509018967e-07, 2.91658324159e-07, 3.16128954125e-08, 3.57894514025e-08, 2.75038525288e-09],
        "dvar2": [1.58961938723e-05, 0.000867971044499, 0.000415752205299, 9.93655776256e-05, 0.000150412815856, 2.36614105233e-05, 2.25096209761e-05, 1.01784771687e-05, 6.10426786807e-06, 3.77220203518e-06, 3.55848737854e-06, 5.02374268763e-06, 3.73123475583e-06, 2.54950396084e-06, 2.51192295764e-06, 6.47561932965e-07, 4.87029637952e-07, 4.0505935317e-07, 2.66492207857e-07, 2.74676750678e-07, 3.01977053141e-07, 1.89538909012e-07, 5.6757113498e-07, 6.70404006087e-07, 7.84974929502e-08, 8.83023645315e-08, 6.7806418258e-09],
        "max": [0.0425212308764, 0.202562898397, 0.115236192942, 0.0631353631616, 0.0714791193604, 0.0503603182733, 0.0679209977388, 0.0835388824344, 0.0406707264483, 0.0501298829913, 0.0395397506654, 0.0501897893846, 0.0394572764635, 0.0378225184977, 0.0519789494574, 0.0151927368715, 0.0125253153965, 0.00800153147429, 0.00474404171109, 0.00590721936896, 0.00538417557254, 0.00452212337404, 0.0210671368986, 0.0226275939494, 0.00265260017477, 0.00313428952359, 0.00119868596084],
        "mean": [0.00393200712278, 0.035421423614, 0.00415783282369, 0.00213354942389, 0.00322561594658, 0.00160817336291, 0.00129705911968, 0.000896749668755, 0.00120828766376, 0.000816931889858, 0.000837752595544, 0.000900780491065, 0.000768917961977, 0.000635700998828, 0.000550601689611, 0.000378421944333, 0.000305044581182, 0.000303124368656, 0.000270746793831, 0.000258756510448, 0.000274138263194, 0.000231235375395, 0.000226141797611, 0.000202349125175, 0.000137241455377, 0.000111320448923, 2.62241428572e-05],
        "median": [0.000257585954387, 0.00849655643106, 0.000361092068488, 0.000427348801168, 0.00106614048127, 0.00067182717612, 0.000461737741716, 0.00037406681804, 0.000490656355396, 0.00039350008592, 0.000325552886352, 0.000404194550356, 0.000301246560412, 0.000263279711362, 0.000235537925619, 0.00018494867254, 0.000147914324771, 0.000152078297106, 0.000139718817081, 0.000134291301947, 0.000143713637954, 0.000107010811917, 8.19476845209e-05, 6.41549268039e-05, 3.80566052627e-05, 1.81690811587e-05, 1.54243491579e-06],
        "min": [4.33253108073e-25, 3.47436470208e-24, 9.97111408122e-25, 2.31205211394e-24, 6.98594549508e-24, 1.09051169127e-23, 5.02642683942e-24, 2.15471814513e-24, 1.54928605694e-23, 1.41191208341e-23, 2.11542060527e-23, 2.54807468195e-23, 2.43381149304e-23, 4.61979759955e-23, 4.34131013625e-23, 7.52651053712e-23, 5.90683268611e-23, 8.6717459827e-23, 1.31269711047e-22, 1.54358293969e-22, 2.35876125445e-22, 3.12431857744e-22, 3.93062656153e-22, 6.11562132231e-22, 9.27665083571e-22, 1.38253707424e-21, 1.86061434876e-21],
        "var": [3.88822772948e-05, 0.00221691629849, 0.000110725777631, 2.78411353065e-05, 3.69634690287e-05, 7.94606694399e-06, 7.42661768527e-06, 3.85965358873e-06, 5.9167487052e-06, 2.87203033622e-06, 3.82647067454e-06, 3.49438164449e-06, 2.44869397648e-06, 1.79063135874e-06, 2.74263356914e-06, 4.75959694768e-07, 2.82100302229e-07, 2.10593199768e-07, 1.45629101667e-07, 1.48390597587e-07, 1.42524029911e-07, 1.35341181817e-07, 4.34800057292e-07, 4.04592952918e-07, 6.2122410327e-08, 7.29301419256e-08, 5.86147486104e-09]
    },
    "erbbands": {
        "dmean": [0.58052277565, 2.10171985626, 5.23680734634, 6.91867446899, 9.13662528992, 11.4976491928, 9.95486927032, 11.5060873032, 14.0462083817, 13.8950777054, 14.1096324921, 15.7784290314, 17.3253936768, 22.5395298004, 22.4119434357, 22.5593185425, 23.5078029633, 22.310136795, 20.2300815582, 18.215139389, 14.1524438858, 11.9156961441, 12.0673666, 10.8774423599, 9.72360038757, 8.69091320038, 8.84833145142, 7.70833158493, 5.83082437515, 4.95341539383, 4.74090719223, 4.06146621704, 1.97500038147, 1.20239067078, 0.741224825382, 0.374348133802, 0.160116627812, 0.0450491458178, 0.00348596577533, 6.41635342618e-05],
        "dmean2": [0.744225800037, 3.22106122971, 9.29630756378, 12.4160871506, 16.5712585449, 20.9082431793, 17.7594394684, 19.6094322205, 24.0495128632, 22.6854839325, 22.6905097961, 25.2107563019, 28.3889694214, 35.6986236572, 35.9289779663, 36.5945205688, 38.0305099487, 36.0163841248, 31.9047813416, 28.6476783752, 22.7575092316, 19.3199672699, 19.9264335632, 18.3881797791, 16.0320320129, 14.402762413, 14.9262056351, 12.6842250824, 9.46685504913, 8.05943489075, 7.834836483, 6.46928262711, 3.20717287064, 1.9192751646, 1.19564259052, 0.605424523354, 0.257079452276, 0.0743328258395, 0.00578519934788, 0.000101958008599],
        "dvar": [1.32668066025, 15.7523832321, 164.557891846, 301.868164062, 485.246063232, 688.503845215, 508.235198975, 655.022827148, 1892.9576416, 1354.24084473, 1345.41772461, 1290.25756836, 1594.95690918, 2168.13867188, 2241.58325195, 2449.93164062, 2750.09130859, 3128.515625, 3053.33911133, 2131.67041016, 663.795410156, 648.548278809, 461.731231689, 348.239868164, 259.607116699, 234.281738281, 255.486419678, 148.897155762, 99.0844726562, 84.5214920044, 253.067993164, 449.624755859, 12.0962610245, 4.03698968887, 1.8173532486, 0.673453271389, 0.127841800451, 0.00968440901488, 7.52184569137e-05, 1.62962656702e-08],
        "dvar2": [2.30269575119, 41.6088829041, 460.640594482, 843.02154541, 1369.42163086, 1959.14501953, 1429.51196289, 1742.1661377, 5293.04541016, 3779.53344727, 3461.70629883, 3110.00097656, 3915.66992188, 4725.55224609, 5353.80126953, 6004.62792969, 6853.60791016, 7915.25488281, 6081.06884766, 4204.37988281, 1541.16943359, 1590.35107422, 1180.9083252, 923.43170166, 654.214111328, 607.304321289, 706.128967285, 386.811004639, 248.889831543, 209.172348022, 535.223510742, 950.177856445, 29.7307262421, 9.84171009064, 4.5524315834, 1.7334369421, 0.309325158596, 0.023816909641, 0.000192976673134, 4.06660234376e-08],
        "max": [11.7321100235, 37.434387207, 99.8243484497, 184.301330566, 228.110458374, 280.699554443, 372.177154541, 414.756408691, 882.928344727, 1099.34008789, 1400.2923584, 1050.02832031, 1681.28076172, 1665.31506348, 2182.97802734, 2041.40612793, 1846.08435059, 2197.28735352, 2767.57495117, 1887.77160645, 698.201171875, 694.527404785, 514.138427734, 268.28918457, 272.412994385, 272.758911133, 318.859436035, 185.371734619, 172.771774292, 151.152313232, 652.285095215, 980.511474609, 65.6157608032, 23.3969173431, 21.091999054, 15.7273082733, 7.18518209457, 1.76382851601, 0.20681515336, 0.00299742887728],
        "mean": [1.73967087269, 4.95691299438, 5.52710723877, 6.18142127991, 8.69226074219, 11.3818063736, 10.8689470291, 14.558303833, 16.6121139526, 20.9514274597, 20.7528133392, 25.3017692566, 26.4674472809, 34.0341796875, 35.2617149353, 33.6653289795, 35.4173240662, 32.1920471191, 29.9647731781, 26.5864906311, 20.001329422, 17.6439247131, 16.7656860352, 14.4776296616, 13.7682142258, 12.4956932068, 11.6453847885, 10.0169620514, 8.34344005585, 6.95305681229, 6.40536832809, 5.35798788071, 2.67433953285, 1.57007062435, 0.98087310791, 0.492162585258, 0.202147156, 0.0534781292081, 0.00412527192384, 0.000134765927214],
        "median": [0.163931146264, 1.44126355648, 1.03645706177, 1.25293684006, 2.5262029171, 3.10721826553, 4.27281475067, 5.52134180069, 6.10190868378, 8.47647762299, 9.08604049683, 10.4768657684, 12.2007017136, 16.4528217316, 16.9764232635, 16.6465301514, 15.0660228729, 13.8144006729, 13.7076005936, 11.8993310928, 10.3905611038, 8.62206935883, 8.83443641663, 7.45966148376, 7.26225757599, 6.51317882538, 5.81550073624, 5.03891086578, 3.89180994034, 3.09520316124, 2.17925453186, 1.50513243675, 0.912657499313, 0.498234182596, 0.234231859446, 0.0920096933842, 0.0300547275692, 0.00631490210071, 0.000264962989604, 7.14828420314e-05],
        "min": [9.04461907558e-23, 5.69297766964e-22, 3.30668862796e-21, 6.19403788283e-21, 1.72174187146e-20, 2.62518982896e-20, 4.02384464669e-20, 8.42582974053e-20, 9.40644072448e-20, 1.4837154157e-19, 7.65996453711e-20, 2.91681875165e-19, 5.02354644219e-19, 8.69653648671e-19, 8.69874195701e-19, 1.47401620603e-18, 1.59441865144e-18, 2.08460267711e-18, 2.06428650088e-18, 3.40068384122e-18, 4.23012017531e-18, 4.51433529788e-18, 5.67169663246e-18, 6.92376725205e-18, 8.10448320404e-18, 7.32408709975e-18, 1.08248262943e-17, 1.06141640718e-17, 1.0160900529e-17, 1.05420330952e-17, 1.15467490011e-17, 1.07209191745e-17, 1.01488981383e-17, 7.60329116217e-18, 5.70131714301e-18, 4.56648614037e-18, 2.21415487747e-18, 1.03700252295e-18, 2.32585791608e-19, 2.90879936485e-20],
        "var": [6.98355579376, 43.7713699341, 150.708908081, 220.884216309, 353.731750488, 493.549499512, 392.646270752, 670.547424316, 1413.21484375, 2064.12670898, 1611.51464844, 2641.24438477, 2908.77832031, 4910.79638672, 4544.61474609, 3807.76635742, 4796.44238281, 4866.50195312, 5243.89306641, 4403.39746094, 1085.57702637, 919.299560547, 659.93737793, 429.138641357, 386.022705078, 334.370300293, 295.176177979, 196.259140015, 172.069793701, 142.8543396, 422.840209961, 666.842041016, 20.7733688354, 7.03678035736, 3.7082464695, 1.33881723881, 0.260096281767, 0.0191439371556, 0.000153081098688, 4.24731076976e-08]
    },
    "gfcc": {
        "mean": [-7.94944906235, 69.9025802612, -110.865921021, 26.1307849884, -54.2581253052, 19.900434494, -28.2924404144, 10.1683330536, -19.1067352295, 8.10465526581, -11.5306663513, 4.90013980865, -8.49795055389],
        "cov": [[22071.8027344, 220.263626099, -44.6817359924, 1127.15551758, 13.5342445374, 702.280212402, -266.800109863, 316.826843262, -431.445892334, 221.102722168, -293.771759033, 287.355041504, -186.155212402], [220.263626099, 2577.13989258, -255.757003784, -111.657341003, 195.545211792, -97.1857376099, 44.7401504517, -273.709014893, 43.2265701294, -262.123565674, 87.4614105225, -250.306106567, 77.8734436035], [-44.6817359924, -255.757003784, 1610.00439453, 709.945007324, 656.592529297, 416.463806152, 397.419433594, 203.215698242, 94.4409103394, 112.401763916, 43.9380874634, 127.008049011, 34.0063743591], [1127.15551758, -111.657341003, 709.945007324, 845.703857422, 419.364471436, 283.546936035, 195.487258911, 119.467498779, 53.0535583496, 25.9764938354, 14.2684488297, 33.9499740601, 14.8036165237], [13.5342445374, 195.545211792, 656.592529297, 419.364471436, 701.194824219, 334.699310303, 275.475189209, 113.879051208, 115.274353027, 65.2096557617, 68.0055999756, 65.3524551392, 75.7139587402], [702.280212402, -97.1857376099, 416.463806152, 283.546936035, 334.699310303, 372.295776367, 225.583908081, 147.094924927, 65.4940872192, 96.5089797974, 40.3916397095, 81.8617248535, 34.1858558655], [-266.800109863, 44.7401504517, 397.419433594, 195.487258911, 275.475189209, 225.583908081, 374.039215088, 170.40461731, 119.329925537, 90.6241149902, 103.925109863, 73.4793167114, 52.234046936], [316.826843262, -273.709014893, 203.215698242, 119.467498779, 113.879051208, 147.094924927, 170.40461731, 225.927398682, 86.7967224121, 109.012443542, 45.7446060181, 92.4940948486, 22.5308837891], [-431.445892334, 43.2265701294, 94.4409103394, 53.0535583496, 115.274353027, 65.4940872192, 119.329925537, 86.7967224121, 180.71446228, 83.8381652832, 85.6338195801, 31.3920612335, 43.8903427124], [221.102722168, -262.123565674, 112.401763916, 25.9764938354, 65.2096557617, 96.5089797974, 90.6241149902, 109.012443542, 83.8381652832, 172.413513184, 71.6656188965, 84.6791992188, 24.654417038], [-293.771759033, 87.4614105225, 43.9380874634, 14.2684488297, 68.0055999756, 40.3916397095, 103.925109863, 45.7446060181, 85.6338195801, 71.6656188965, 132.802963257, 57.7781639099, 57.0178184509], [287.355041504, -250.306106567, 127.008049011, 33.9499740601, 65.3524551392, 81.8617248535, 73.4793167114, 92.4940948486, 31.3920612335, 84.6791992188, 57.7781639099, 143.592391968, 53.2113227844], [-186.155212402, 77.8734436035, 34.0063743591, 14.8036165237, 75.7139587402, 34.1858558655, 52.234046936, 22.5308837891, 43.8903427124, 24.654417038, 57.0178184509, 53.2113227844, 111.863929749]],
        "icov": [[8.96946294233e-05, -0.000148057792103, 8.64340181579e-05, -0.000218872752157, 0.000115794849989, -0.000195159766008, 0.000182283387403, -0.000167614707607, 0.000263984082267, -0.000371276197257, 0.00034220845555, -0.000438657123595, 0.000197418528842], [-0.000148057792103, 0.00103363767266, -4.72107167298e-05, 0.000557365070563, -0.000569056137465, 0.000181871320819, -0.000546565977857, 0.000762134674005, -0.00057864014525, 0.00174301478546, -0.0017587832408, 0.0020693987608, -0.000839091895614], [8.64340181579e-05, -4.72107167298e-05, 0.00153455347754, -0.00091046205489, -0.000645143212751, -3.28643036482e-05, -0.000829040305689, 0.000278221647022, 0.000369003537344, -0.000646151776891, 0.00106797763146, -0.0012044942705, 0.000634693482425], [-0.000218872752157, 0.000557365070563, -0.00091046205489, 0.00281219533645, -0.000846888928209, -0.000397452444304, 9.28095541894e-05, -0.00025534760789, -0.000656711577903, 0.00199975376017, -0.0016353452811, 0.00208072084934, -0.000484132702695], [0.000115794849989, -0.000569056137465, -0.000645143212751, -0.000846888928209, 0.00402198033407, -0.00231621949933, -0.000161058953381, 0.000536823703442, -0.000813632155769, -0.000405654573115, 0.00101628317498, -0.000912039598916, -0.000825806229841], [-0.000195159766008, 0.000181871320819, -3.28643036482e-05, -0.000397452444304, -0.00231621949933, 0.00761836394668, -0.00257872440852, -0.000654721574392, 0.00059716985561, -0.00167957367375, 0.00137363641988, -0.000327751244185, -0.000221660942771], [0.000182283387403, -0.000546565977857, -0.000829040305689, 9.28095541894e-05, -0.000161058953381, -0.00257872440852, 0.00807755906135, -0.00444197049364, 5.46885457879e-05, 0.0007089326391, -0.00374099775217, 0.000596102385316, 0.000389119843021], [-0.000167614707607, 0.000762134674005, 0.000278221647022, -0.00025534760789, 0.000536823703442, -0.000654721574392, -0.00444197049364, 0.0119447233155, -0.00372334755957, -0.00159035006072, 0.00282399635762, -0.00344043341465, 0.000653298106045], [0.000263984082267, -0.00057864014525, 0.000369003537344, -0.000656711577903, -0.000813632155769, 0.00059716985561, 5.46885457879e-05, -0.00372334755957, 0.0119587564841, -0.00453823711723, -0.00347289280035, 0.00261737359688, -0.00125728861894], [-0.000371276197257, 0.00174301478546, -0.000646151776891, 0.00199975376017, -0.000405654573115, -0.00167957367375, 0.0007089326391, -0.00159035006072, -0.00453823711723, 0.0159355327487, -0.00726462341845, -0.000137150622322, 0.000914213829674], [0.00034220845555, -0.0017587832408, 0.00106797763146, -0.0016353452811, 0.00101628317498, 0.00137363641988, -0.00374099775217, 0.00282399635762, -0.00347289280035, -0.00726462341845, 0.0208282452077, -0.00802615657449, -0.00207873270847], [-0.000438657123595, 0.0020693987608, -0.0012044942705, 0.00208072084934, -0.000912039598916, -0.000327751244185, 0.000596102385316, -0.00344043341465, 0.00261737359688, -0.000137150622322, -0.00802615657449, 0.0200048387051, -0.00736930547282], [0.000197418528842, -0.000839091895614, 0.000634693482425, -0.000484132702695, -0.000825806229841, -0.000221660942771, 0.000389119843021, 0.000653298106045, -0.00125728861894, 0.000914213829674, -0.00207873270847, -0.00736930547282, 0.0148933930323]]
    },
    "melbands": {
        "dmean": [0.00392039772123, 0.00253332266584, 0.00123812665697, 0.000742712290958, 0.000381691061193, 0.000255717808614, 0.000212375831325, 0.000149722807691, 0.000115246337373, 0.000100145902252, 8.82378153619e-05, 9.20979437069e-05, 7.69755788497e-05, 7.71483537392e-05, 5.89967166889e-05, 4.89509147883e-05, 4.20849937655e-05, 3.49371766788e-05, 3.01325690089e-05, 1.98434390768e-05, 1.67481357494e-05, 1.27857438201e-05, 1.23760064525e-05, 1.10123482955e-05, 8.98982125364e-06, 7.86147302279e-06, 6.35017249806e-06, 5.8744526541e-06, 5.87270778851e-06, 5.17110629517e-06, 4.46816648036e-06, 3.34394212587e-06, 3.296477189e-06, 2.71299427368e-06, 2.73567366094e-06, 3.1222243706e-06, 2.2298188469e-06, 1.39894484619e-06, 1.18205775834e-06, 1.03043760191e-06],
        "dmean2": [0.00515995500609, 0.00422094017267, 0.00221202988178, 0.0013494042214, 0.000682294776198, 0.000437097129179, 0.000360623962479, 0.000243548580329, 0.000184941673069, 0.000160104318638, 0.000145272599184, 0.000146531601786, 0.000123935766169, 0.000123486170196, 9.72706548055e-05, 8.00735942903e-05, 6.82663085172e-05, 5.59124491701e-05, 4.76135319332e-05, 3.23796375596e-05, 2.72968136414e-05, 2.08764195122e-05, 2.03831550607e-05, 1.85803928616e-05, 1.52888515004e-05, 1.29756872411e-05, 1.04586661109e-05, 9.8765731309e-06, 9.938266885e-06, 8.8389215307e-06, 7.37519485483e-06, 5.46091450815e-06, 5.43899977856e-06, 4.43478438683e-06, 4.56216776001e-06, 5.10860263603e-06, 3.5928642319e-06, 2.29842817134e-06, 1.9113460894e-06, 1.66566212556e-06],
        "dvar": [5.39229768037e-05, 2.96278194583e-05, 9.02211013454e-06, 3.01334625874e-06, 7.11467123438e-07, 3.34278809078e-07, 3.80469515449e-07, 1.6288522886e-07, 7.98057868678e-08, 4.85924189775e-08, 4.09593319262e-08, 3.53618858639e-08, 2.7976392758e-08, 3.53311300216e-08, 2.15413571425e-08, 1.40488651823e-08, 1.09518651925e-08, 8.79504646889e-09, 1.0544605189e-08, 1.92636395724e-09, 1.01622732451e-09, 8.10962741404e-10, 5.7603166681e-10, 3.56503715437e-10, 2.52795867572e-10, 1.78545914165e-10, 1.23439050648e-10, 1.18139206751e-10, 1.07840139596e-10, 9.08767436303e-11, 5.32554209065e-11, 3.49638651365e-11, 3.52667652026e-11, 2.74440765252e-11, 5.90510626508e-11, 2.6683300014e-10, 1.27190841193e-10, 6.51309388366e-12, 3.93574712751e-12, 3.38108686014e-12],
        "dvar2": [0.000101136269222, 7.98361288616e-05, 2.51519704761e-05, 8.57724444359e-06, 2.00658359972e-06, 8.91217780463e-07, 1.05861158772e-06, 4.56753525668e-07, 1.96698977106e-07, 1.16492444135e-07, 1.00762193256e-07, 7.73795392206e-08, 6.4263410593e-08, 8.77484680473e-08, 5.42311902052e-08, 3.70744430711e-08, 2.71876388069e-08, 1.91518250148e-08, 1.80545676187e-08, 4.60217597364e-09, 2.46476306032e-09, 2.01504768427e-09, 1.44269240998e-09, 9.37108057819e-10, 6.75837330544e-10, 4.6193215919e-10, 2.99636954137e-10, 3.1684591062e-10, 2.98403107779e-10, 2.47727616198e-10, 1.38758962653e-10, 8.88296589063e-11, 9.02136351733e-11, 6.86880691214e-11, 1.31481284193e-10, 5.36049538091e-10, 3.00571983969e-10, 1.65418911208e-11, 9.70779619885e-12, 8.37796585579e-12],
        "max": [0.0749594792724, 0.0468202643096, 0.0287761706859, 0.0172541663051, 0.0113195590675, 0.009038454853, 0.0137403989211, 0.0144638158381, 0.00925096590072, 0.00600314093754, 0.00815383903682, 0.00620412221178, 0.00536621641368, 0.00663566403091, 0.0048389271833, 0.00435925321653, 0.00426438823342, 0.00435313722119, 0.0041995504871, 0.00125933485106, 0.000683098274749, 0.000826309726108, 0.000739916809835, 0.000368482549675, 0.000254323007539, 0.000200386974029, 0.000252941797953, 0.00017723676865, 0.000214931045775, 0.000151801374159, 0.000122008066683, 0.000113045243779, 8.69430587045e-05, 0.000103285026853, 0.000308645743644, 0.00072902609827, 0.0005097319372, 5.37734522368e-05, 3.52111856046e-05, 2.29505876632e-05],
        "mean": [0.0120019717142, 0.00404630927369, 0.00116122374311, 0.00072733667912, 0.000416271359427, 0.000319009588566, 0.000262562622083, 0.000228507487918, 0.000168442347785, 0.000162692565937, 0.00013058699551, 0.000135087495437, 0.000119216703752, 0.000108013162389, 8.25885508675e-05, 7.00603195583e-05, 5.84473673371e-05, 4.82593168272e-05, 4.18159215769e-05, 2.80974018096e-05, 2.21305745072e-05, 1.78475202119e-05, 1.69616359926e-05, 1.40200572787e-05, 1.13174546641e-05, 1.05811204776e-05, 8.91276522452e-06, 8.011466889e-06, 7.51137622501e-06, 6.30620343145e-06, 5.62549530514e-06, 4.7084417929e-06, 4.36347727373e-06, 3.67544157598e-06, 3.55542624675e-06, 4.07020343118e-06, 2.8459578516e-06, 1.88566491488e-06, 1.5040635617e-06, 1.28482611217e-06],
        "median": [0.0021167085506, 0.00131659663748, 0.000286615948426, 0.000220402929699, 0.000157088332344, 0.000122375975479, 9.9349374068e-05, 9.26524735405e-05, 7.20600000932e-05, 6.75741612213e-05, 5.79033512622e-05, 6.34137468296e-05, 5.13922823302e-05, 4.5999269787e-05, 3.59133482561e-05, 2.8447528166e-05, 2.39484561462e-05, 2.0724355636e-05, 1.75351742655e-05, 1.3214572391e-05, 1.07937848952e-05, 8.26612267701e-06, 8.36876824906e-06, 6.97516134096e-06, 5.46308092453e-06, 5.35352455699e-06, 4.56090583612e-06, 4.02680916523e-06, 3.67369716514e-06, 2.92557228931e-06, 2.71185331258e-06, 2.1698879209e-06, 1.79986454896e-06, 1.61475043114e-06, 1.24941288959e-06, 1.02585761397e-06, 8.37332265746e-07, 6.30695978998e-07, 4.91794821755e-07, 3.82656850206e-07],
        "min": [1.20491847259e-24, 1.53797130664e-24, 1.60065389835e-24, 1.28647820993e-24, 1.66399045575e-24, 2.05658976498e-24, 1.16037554018e-24, 1.42735999153e-24, 7.16311685047e-25, 1.9802830524e-24, 2.20635481062e-24, 2.96844848204e-24, 2.64259548285e-24, 2.32031010712e-24, 3.79665698035e-24, 3.58231755594e-24, 3.02647827352e-24, 2.53833587853e-24, 3.29925493606e-24, 4.15416519272e-24, 4.19351436353e-24, 2.98026502675e-24, 5.23029492417e-24, 3.76382064517e-24, 4.9830170071e-24, 4.39388463903e-24, 4.2453618521e-24, 4.14411589365e-24, 5.60854031759e-24, 5.20388188892e-24, 5.10814415174e-24, 4.75859791248e-24, 6.11538857679e-24, 5.84329230678e-24, 6.21968387707e-24, 5.59681311138e-24, 6.95539922311e-24, 5.63049510545e-24, 6.80596135753e-24, 5.97816622233e-24],
        "var": [0.000288496376015, 4.14932401327e-05, 6.7998216764e-06, 2.06811887438e-06, 5.53416782623e-07, 3.25908899867e-07, 3.04786794914e-07, 2.29709385735e-07, 1.04590483829e-07, 1.07205003985e-07, 7.34128775548e-08, 7.93651295794e-08, 6.30585148542e-08, 5.40514584202e-08, 3.1647594767e-08, 1.88144912983e-08, 1.73060534792e-08, 1.27514869774e-08, 1.90396374222e-08, 3.39092420809e-09, 1.43647582718e-09, 1.04245523325e-09, 8.5028989405e-10, 4.44573738934e-10, 2.90608787035e-10, 2.41655362387e-10, 1.89288737462e-10, 1.49958781503e-10, 1.23465376811e-10, 9.86026885141e-11, 6.62703572574e-11, 6.00920146976e-11, 5.20137058424e-11, 4.4334921151e-11, 9.55436701977e-11, 4.31050334315e-10, 1.59774693476e-10, 1.0918072002e-11, 6.27826306568e-12, 5.2133770391e-12]
    },
    "mfcc": {
        "mean": [-646.728515625, 105.385635376, 1.06971347332, 14.7730808258, 0.343871027231, 10.470823288, 4.03099775314, 5.44879388809, 1.73979341984, 4.56500339508, 2.1299071312, 3.77626824379, 2.16111063957],
        "cov": [[12427.7783203, 531.213378906, 180.093490601, 348.557037354, 328.969024658, 370.884185791, 191.25189209, 141.129547119, 10.3429880142, -48.3112068176, -103.869850159, -79.0875930786, -97.4608688354], [531.213378906, 2125.54858398, -212.977172852, -51.0784416199, 49.2182617188, 50.7865562439, 17.2597484589, -52.3699798584, -61.8234062195, -50.3863487244, -43.9902992249, -35.796546936, -40.9325218201], [180.093490601, -212.977172852, 884.868835449, 442.453979492, 293.745269775, 285.838439941, 272.781860352, 208.45401001, 154.668014526, 95.4695968628, 89.0629119873, 65.609161377, 42.5977478027], [348.557037354, -51.0784416199, 442.453979492, 554.137329102, 329.1769104, 249.359329224, 205.441116333, 170.025360107, 116.073959351, 69.235496521, 53.4182662964, 38.5885505676, 15.8604755402], [328.969024658, 49.2182617188, 293.745269775, 329.1769104, 470.914581299, 299.210205078, 202.016143799, 147.693206787, 128.143325806, 79.0440750122, 48.4928703308, 27.4978122711, 12.7200183868], [370.884185791, 50.7865562439, 285.838439941, 249.359329224, 299.210205078, 354.587219238, 239.455871582, 157.77053833, 122.355758667, 90.9130935669, 70.8777694702, 55.0756988525, 36.5384941101], [191.25189209, 17.2597484589, 272.781860352, 205.441116333, 202.016143799, 239.455871582, 321.946777344, 189.473587036, 144.579544067, 77.6128540039, 90.078666687, 65.4544754028, 61.7605400085], [141.129547119, -52.3699798584, 208.45401001, 170.025360107, 147.693206787, 157.77053833, 189.473587036, 222.200576782, 127.752082825, 78.3466491699, 64.130859375, 63.4411582947, 44.9414329529], [10.3429880142, -61.8234062195, 154.668014526, 116.073959351, 128.143325806, 122.355758667, 144.579544067, 127.752082825, 170.068161011, 84.2674255371, 80.0973205566, 52.537525177, 57.7500762939], [-48.3112068176, -50.3863487244, 95.4695968628, 69.235496521, 79.0440750122, 90.9130935669, 77.6128540039, 78.3466491699, 84.2674255371, 124.246070862, 80.7872467041, 60.7255134583, 44.8283958435], [-103.869850159, -43.9902992249, 89.0629119873, 53.4182662964, 48.4928703308, 70.8777694702, 90.078666687, 64.130859375, 80.0973205566, 80.7872467041, 128.562820435, 77.8223266602, 61.1213989258], [-79.0875930786, -35.796546936, 65.609161377, 38.5885505676, 27.4978122711, 55.0756988525, 65.4544754028, 63.4411582947, 52.537525177, 60.7255134583, 77.8223266602, 106.560714722, 65.9906539917], [-97.4608688354, -40.9325218201, 42.5977478027, 15.8604755402, 12.7200183868, 36.5384941101, 61.7605400085, 44.9414329529, 57.7500762939, 44.8283958435, 61.1213989258, 65.9906539917, 108.158920288]],
