{
"lowlevel": {
    "average_loudness": 0.850460827351,
    "barkbands_crest": {
        "dmean": 2.79024934769,
        "dmean2": 4.27580738068,
        "dvar": 8.64211750031,
        "dvar2": 20.4100151062,
        "max": 25.5757484436,
        "mean": 9.35953903198,
        "median": 8.73638343811,
        "min": 1.68825030327,
        "var": 22.9657058716
    },
    "barkbands_flatness_db": {
        "dmean": 0.0232158396393,
        "dmean2": 0.0344389490783,
        "dvar": 0.00075422518421,
        "dvar2": 0.00168557057623,
        "max": 0.394616037607,
        "mean": 0.102500036359,
        "median": 0.0946854203939,
        "min": 0.00922125857323,
        "var": 0.00298250117339
    },
    "barkbands_kurtosis": {
        "dmean": 1.90850746632,
        "dmean2": 3.03660655022,
        "dvar": 19.349319458,
        "dvar2": 48.4205207825,
        "max": 134.433166504,
        "mean": 1.30084526539,
        "median": -0.35228395462,
        "min": -1.87435007095,
        "var": 34.4373245239
    },
    "barkbands_skewness": {
        "dmean": 0.591355085373,
        "dmean2": 0.885513186455,
        "dvar": 0.50144058466,
        "dvar2": 1.22526395321,
        "max": 9.55821704865,
        "mean": 0.919640421867,
        "median": 0.734377622604,
        "min": -2.72520279884,
        "var": 1.34407651424
    },
    "barkbands_spread": {
        "dmean": 9.76183795929,
        "dmean2": 15.4976978302,
        "dvar": 132.015716553,
        "dvar2": 351.396484375,
        "max": 121.787788391,
        "mean": 42.4642181396,
        "median": 38.8265991211,
        "min": 1.19325125217,
        "var": 510.120300293
    },
    "dissonance": {
        "dmean": 0.0107977828011,
        "dmean2": 0.018422447145,
        "dvar": 0.000203927920666,
        "dvar2": 0.000553323887289,
        "max": 0.500000059605,
        "mean": 0.481415659189,
        "median": 0.49031484127,
        "min": 0.156477198005,
        "var": 0.000996912363917
    },
    "dynamic_complexity": 3.92161989212,
    "erbbands_crest": {
        "dmean": 1.53926599026,
        "dmean2": 2.59801506996,
        "dvar": 3.14715313911,
        "dvar2": 8.12036132812,
        "max": 26.1352462769,
        "mean": 5.62593507767,
        "median": 4.77411937714,
        "min": 1.97103607655,
        "var": 8.0094575882
    },
    "erbbands_flatness_db": {
        "dmean": 0.0127478763461,
        "dmean2": 0.0195906795561,
        "dvar": 0.000161932766787,
        "dvar2": 0.000347232125932,
        "max": 0.367813140154,
        "mean": 0.133404329419,
        "median": 0.115265771747,
        "min": 0.0462767258286,
        "var": 0.00285550253466
    },
    "erbbands_kurtosis": {
        "dmean": 0.634006798267,
        "dmean2": 1.00622141361,
        "dvar": 0.829278111458,
        "dvar2": 1.98803842068,
        "max": 21.209236145,
        "mean": 0.132550269365,
        "median": -0.178055047989,
        "min": -1.83228063583,
        "var": 1.8390276432
    },
    "erbbands_skewness": {
        "dmean": 0.299394190311,
        "dmean2": 0.47311887145,
        "dvar": 0.0785968676209,
        "dvar2": 0.189731150866,
        "max": 3.40110182762,
        "mean": -0.168660312891,
        "median": -0.1893697083,
        "min": -3.27865314484,
        "var": 0.292335987091
    },
    "erbbands_spread": {
        "dmean": 7.97629785538,
        "dmean2": 12.3187131882,
        "dvar": 146.72833252,
        "dvar2": 323.358703613,
        "max": 177.502746582,
        "mean": 38.885597229,
        "median": 36.3871765137,
        "min": 2.81063079834,
        "var": 320.265716553
    },
    "hfc": {
        "dmean": 21.6676521301,
        "dmean2": 32.2185668945,
        "dvar": 1328.44262695,
        "dvar2": 3182.70703125,
        "max": 395.047698975,
        "mean": 53.3216056824,
        "median": 39.2825927734,
        "min": 1.24564096123e-16,
        "var": 2999.85839844
    },
    "melbands_crest": {
        "dmean": 4.43379974365,
        "dmean2": 6.94234371185,
        "dvar": 26.2936019897,
        "dvar2": 62.9263076782,
        "max": 38.3399581909,
        "mean": 18.3469543457,
        "median": 16.6773414612,
        "min": 1.6843162775,
        "var": 96.8760452271
    },
    "melbands_flatness_db": {
        "dmean": 0.0328957438469,
        "dmean2": 0.0481042526662,
        "dvar": 0.00153341912664,
        "dvar2": 0.00347177544609,
        "max": 0.529919087887,
        "mean": 0.153295025229,
        "median": 0.144682392478,
        "min": 0.00395369622856,
        "var": 0.00566529948264
    },
    "melbands_kurtosis": {
        "dmean": 9.94876670837,
        "dmean2": 15.3117618561,
        "dvar": 590.037109375,
        "dvar2": 1307.42626953,
        "max": 529.582763672,
        "mean": 13.6738891602,
        "median": 4.24477052689,
        "min": -1.78650510311,
        "var": 1006.2008667
    },
    "melbands_skewness": {
        "dmean": 1.02055311203,
        "dmean2": 1.53577029705,
        "dvar": 2.1269724369,
        "dvar2": 4.87258672714,
        "max": 19.5690479279,
        "mean": 2.6259868145,
        "median": 2.04156637192,
        "min": -1.54735171795,
        "var": 5.53540706635
    },
    "melbands_spread": {
        "dmean": 15.1975250244,
        "dmean2": 23.3056163788,
        "dvar": 367.585693359,
        "dvar2": 860.835327148,
        "max": 243.01663208,
        "mean": 44.185585022,
        "median": 38.183631897,
        "min": 0.79962438345,
        "var": 866.750183105
    },
    "pitch_salience": {
        "dmean": 0.0917197987437,
        "dmean2": 0.141516417265,
        "dvar": 0.0105846626684,
        "dvar2": 0.0261963792145,
        "max": 0.969762206078,
        "mean": 0.538560807705,
        "median": 0.569702088833,
        "min": 0.0658388733864,
        "var": 0.0287552978843
    },
    "silence_rate_20dB": {
        "dmean": 0,
        "dmean2": 0,
        "dvar": 0,
        "dvar2": 0,
        "max": 1,
        "mean": 1,
        "median": 1,
        "min": 1,
        "var": 0
    },
    "silence_rate_30dB": {
        "dmean": 0.00538804288954,
        "dmean2": 0.0107772024348,
        "dvar": 0.00535931251943,
        "dvar2": 0.0127325737849,
        "max": 1,
        "mean": 0.992125988007,
        "median": 1,
        "min": 0,
        "var": 0.00781150721014
    },
    "silence_rate_60dB": {
        "dmean": 0.0240389592946,
        "dmean2": 0.0480829030275,
        "dvar": 0.0234623551369,
        "dvar2": 0.0528235062957,
        "max": 1,
        "mean": 0.155304595828,
        "median": 0,
        "min": 0,
        "var": 0.131175130606
    },
    "spectral_centroid": {
        "dmean": 281.194335938,
        "dmean2": 424.946746826,
        "dvar": 118418.179688,
        "dvar2": 238335.6875,
        "max": 10487.0214844,
        "mean": 2406.45678711,
        "median": 2643.48168945,
        "min": 237.201217651,
        "var": 779873.25
    },
    "spectral_complexity": {
        "dmean": 6.41177082062,
        "dmean2": 9.59108829498,
        "dvar": 58.039894104,
        "dvar2": 119.732620239,
        "max": 62,
        "mean": 28.8952541351,
        "median": 31,
        "min": 0,
        "var": 304.202911377
    },
    "spectral_decrease": {
        "dmean": 1.64450442153e-09,
        "dmean2": 2.49410558872e-09,
        "dvar": 5.78065699865e-18,
        "dvar2": 1.38253726811e-17,
        "max": 3.54571286111e-29,
        "mean": -7.14632175658e-09,
        "median": -7.17512893544e-09,
        "min": -3.84563350053e-08,
        "var": 3.19024206235e-17
    },
    "spectral_energy": {
        "dmean": 0.0067888693884,
        "dmean2": 0.0104464404285,
        "dvar": 9.06110726646e-05,
        "dvar2": 0.000214211730054,
        "max": 0.148706719279,
        "mean": 0.0318083427846,
        "median": 0.0325679592788,
        "min": 1.11645132732e-20,
        "var": 0.00057876232313
    },
    "spectral_energyband_high": {
        "dmean": 0.0020537651144,
        "dmean2": 0.00311937159859,
        "dvar": 1.34488145704e-05,
        "dvar2": 3.26723748003e-05,
        "max": 0.0447179414332,
        "mean": 0.00473067956045,
        "median": 0.00329688331112,
        "min": 8.24588160659e-21,
        "var": 2.8878052035e-05
    },
    "spectral_energyband_low": {
        "dmean": 0.00632440019399,
        "dmean2": 0.00955598708242,
        "dvar": 0.000106229272205,
        "dvar2": 0.000256736006122,
        "max": 0.138597533107,
        "mean": 0.0166175682098,
        "median": 0.0104719549417,
        "min": 7.44621964309e-23,
        "var": 0.000358189252438
    },
    "spectral_energyband_middle_high": {
        "dmean": 0.00315612345003,
        "dmean2": 0.00492822285742,
        "dvar": 2.3011045414e-05,
        "dvar2": 5.44192516827e-05,
        "max": 0.0447465181351,
        "mean": 0.00676476955414,
        "median": 0.0048431889154,
        "min": 1.31173972363e-21,
        "var": 4.4304128096e-05
    },
    "spectral_energyband_middle_low": {
        "dmean": 0.00260302401148,
        "dmean2": 0.00418816460297,
        "dvar": 3.82523212465e-05,
        "dvar2": 9.760427929e-05,
        "max": 0.0741710290313,
        "mean": 0.0041257138364,
        "median": 0.00222648866475,
        "min": 3.36379958265e-22,
        "var": 4.1144037823e-05
    },
    "spectral_entropy": {
        "dmean": 0.0924329012632,
        "dmean2": 0.141942620277,
        "dvar": 0.0150047605857,
        "dvar2": 0.0303821898997,
        "max": 9.79199314117,
        "mean": 8.09502220154,
        "median": 8.32183837891,
        "min": 5.54609680176,
        "var": 0.265074580908
    },
    "spectral_flux": {
        "dmean": 0.0228348299861,
        "dmean2": 0.0345248617232,
        "dvar": 0.000967547879554,
        "dvar2": 0.00198952504434,
        "max": 0.380130708218,
        "mean": 0.0925170853734,
        "median": 0.0869219452143,
        "min": 1.05662263661e-10,
        "var": 0.00341107416898
    },
    "spectral_kurtosis": {
        "dmean": 1.02332365513,
        "dmean2": 1.72391593456,
        "dvar": 5.83410835266,
        "dvar2": 14.3503675461,
        "max": 179.766845703,
        "mean": 3.28946113586,
        "median": 2.36135601997,
        "min": -1.14095616341,
        "var": 15.8797979355
    },
    "spectral_rms": {
        "dmean": 0.000569660740439,
        "dmean2": 0.000869037176017,
        "dvar": 4.90099296258e-07,
        "dvar2": 1.12852410439e-06,
        "max": 0.0120449047536,
        "mean": 0.00500244647264,
        "median": 0.00563680939376,
        "min": 3.30033461497e-12,
        "var": 6.00805014983e-06
    },
    "spectral_rolloff": {
        "dmean": 1192.9642334,
        "dmean2": 1835.2253418,
        "dvar": 2458684,
        "dvar2": 5560537,
        "max": 19121.484375,
        "mean": 3390.06176758,
        "median": 2799.31640625,
        "min": 43.06640625,
        "var": 7116979
    },
    "spectral_skewness": {
        "dmean": 0.148312181234,
        "dmean2": 0.246117353439,
        "dvar": 0.037622269243,
        "dvar2": 0.086919143796,
        "max": 10.6717834473,
        "mean": 1.32445967197,
        "median": 1.23916244507,
        "min": 0.0508714877069,
        "var": 0.207398578525
    },
    "spectral_spread": {
        "dmean": 525578.0625,
        "dmean2": 799129.9375,
        "dvar": 651300896768,
        "dvar2": 1.17311039078e+12,
        "max": 39445400,
        "mean": 5576241.5,
        "median": 5895464,
        "min": 841205.125,
        "var": 3.67266968371e+12
    },
    "spectral_strongpeak": {
        "dmean": 0.259169667959,
        "dmean2": 0.447386145592,
        "dvar": 0.293852478266,
        "dvar2": 0.798894226551,
        "max": 7.9378657341,
        "mean": 0.431247502565,
        "median": 0.265850007534,
        "min": 0,
        "var": 0.343414098024
    },
    "zerocrossingrate": {
        "dmean": 0.0182561837137,
        "dmean2": 0.0214342307299,
        "dvar": 0.000403177022235,
        "dvar2": 0.000583554909099,
        "max": 0.84375,
        "mean": 0.108540795743,
        "median": 0.10302734375,
        "min": 0.00146484375,
        "var": 0.00364262913354
    },
    "barkbands": {
        "dmean": [0.00144419935532, 0.00517437374219, 0.00133688759524, 0.000962094636634, 0.000719841336831, 0.000411184388213, 0.000682696758304, 0.000348805508111, 0.000432604778325, 0.000397930591134, 0.000497014378197, 0.000514314859174, 0.000494370528031, 0.000413188507082, 0.000568167655729, 0.000421277160058, 0.000376106181648, 0.000469319784315, 0.000377081945771, 0.000399910059059, 0.000436138303485, 0.000396172195906, 0.000377477757866, 0.000380038371077, 0.000333130185027, 0.000253927370068, 8.70211370056e-05],
        "dmean2": [0.00189151486848, 0.00780517281964, 0.00228942441754, 0.00159113178961, 0.00128670735285, 0.000704955018591, 0.00113022921141, 0.000606056535617, 0.000706538732629, 0.000673375907354, 0.000850591401104, 0.000855529098772, 0.000824283226393, 0.000681716832332, 0.000954856688622, 0.000668084714562, 0.000617097597569, 0.000786441669334, 0.000610480899923, 0.000645550317131, 0.000700377044268, 0.000635153439362, 0.000607271620538, 0.000616240256932, 0.000523986003827, 0.000395558046876, 0.000141609561979],
        "dvar": [6.11108089288e-06, 8.10282363091e-05, 2.1108371584e-05, 1.22477340483e-05, 7.51529978515e-06, 1.22906021716e-06, 3.22946766573e-06, 5.53932522962e-07, 4.58155881233e-07, 6.49332946523e-07, 5.63642799989e-07, 6.90072511134e-07, 6.36655556718e-07, 4.54644009551e-07, 1.16447893106e-06, 5.70172574044e-07, 3.37321893085e-07, 7.1590591233e-07, 3.22220273574e-07, 3.60462024673e-07, 4.82916448163e-07, 4.05315375929e-07, 4.11119287946e-07, 5.21435765677e-07, 5.227030897e-07, 2.57440404994e-07, 4.15573708779e-08],
        "dvar2": [1.01724981505e-05, 0.000194094071048, 5.87696376897e-05, 3.12444717565e-05, 2.18861296162e-05, 3.43527744917e-06, 7.72932162363e-06, 1.54476686021e-06, 1.12437874122e-06, 1.70021723989e-06, 1.44843704675e-06, 1.72013869815e-06, 1.6199151105e-06, 1.16267460726e-06, 3.08768244395e-06, 1.34750655434e-06, 8.30332965052e-07, 1.94494964489e-06, 8.13986616777e-07, 9.28902977648e-07, 1.23433744648e-06, 1.01032901512e-06, 1.04949117485e-06, 1.37856227411e-06, 1.3470922795e-06, 6.21135143319e-07, 1.03376784466e-07],
        "max": [0.0435550175607, 0.137100547552, 0.0861731916666, 0.0461538434029, 0.042670764029, 0.0175059624016, 0.0296183079481, 0.00931649189442, 0.0110359173268, 0.0146375950426, 0.01563359797, 0.0115676326677, 0.013808448799, 0.0185620170087, 0.0155777446926, 0.0199375990778, 0.0120734721422, 0.0125491237268, 0.00670206313953, 0.00856396462768, 0.00889505725354, 0.00712123094127, 0.0107408631593, 0.0112212020904, 0.0119322594255, 0.00583654083312, 0.00286432006396],
        "mean": [0.00321823987179, 0.0114761888981, 0.00157633563504, 0.000967700500041, 0.000778976595029, 0.000459025119198, 0.000770245969761, 0.000401686877012, 0.000629607471637, 0.000472384068416, 0.000629349378869, 0.000691772904247, 0.000690025510266, 0.000625517044682, 0.000730445841327, 0.000645547581371, 0.000604196742643, 0.000707559171133, 0.000648501096293, 0.000738828734029, 0.000795149418991, 0.000778880785219, 0.000732184154913, 0.000755711807869, 0.000668814347591, 0.00047912451555, 0.000136232047225],
        "median": [0.00068648380693, 0.00549894105643, 0.000308674294502, 0.000117094794405, 0.000195278727915, 0.000129952735733, 0.000214844039874, 0.000149683444761, 0.000279834668618, 0.000219211899093, 0.00033052143408, 0.000346471497323, 0.000401373545174, 0.000326925539412, 0.000358972203685, 0.000318873149808, 0.00037385057658, 0.000393798400182, 0.000386928732041, 0.000464825949166, 0.000494122388773, 0.000468666956294, 0.000446199817816, 0.000496508611832, 0.000395821291022, 0.000234475039179, 2.71361459454e-05],
        "min": [2.36743902418e-24, 3.82091847638e-23, 8.0712256186e-24, 6.33846329466e-23, 3.0435815668e-23, 6.89696798031e-23, 4.8564173747e-23, 3.30670738392e-23, 7.27861825517e-23, 9.89347506146e-23, 7.45893923633e-23, 8.35798697062e-23, 7.55091789352e-23, 4.74296560812e-23, 2.3808109896e-22, 1.07255535536e-22, 7.87935098063e-23, 2.06564035826e-22, 2.32705737643e-22, 3.07187030819e-22, 6.60462673113e-22, 6.58752018774e-22, 5.86461512239e-22, 9.38498100175e-22, 1.42774534219e-21, 1.63047951512e-21, 2.31320654404e-21],
        "var": [2.52024310612e-05, 0.000210347381653, 1.62447486218e-05, 1.22868632388e-05, 4.86849330628e-06, 1.03709976429e-06, 3.45496391674e-06, 4.9417297987e-07, 8.0898394117e-07, 7.03850389527e-07, 7.61129570037e-07, 9.48436763792e-07, 8.68993708991e-07, 7.05144373114e-07, 1.2567658132e-06, 1.02309843442e-06, 5.76640161398e-07, 8.9589872232e-07, 5.76341392389e-07, 7.0611395131e-07, 8.79553226696e-07, 8.12635903458e-07, 7.71519069076e-07, 8.5638055225e-07, 8.04814931143e-07, 4.4741349825e-07, 6.77207196986e-08]
    },
    "erbbands": {
        "dmean": [0.274326056242, 0.831678450108, 1.44499075413, 2.52604055405, 2.49863672256, 2.57304024696, 2.81029582024, 3.43638730049, 5.97197294235, 12.0686750412, 8.67203140259, 9.15939617157, 10.4015722275, 16.5493469238, 16.4156799316, 20.9293022156, 21.2924919128, 20.7344493866, 25.9821929932, 28.1795902252, 21.018743515, 20.824634552, 24.8977470398, 21.4175987244, 18.2024726868, 19.4442577362, 18.3423137665, 16.7151107788, 14.5942907333, 12.8231611252, 10.4085969925, 8.32583522797, 6.19537258148, 4.0344748497, 2.40488791466, 1.29476439953, 0.408960551023, 0.131419807673, 0.0136820934713, 0.000209176476346],
        "dmean2": [0.393360733986, 1.27868330479, 2.36604404449, 4.19243574142, 4.29115915298, 4.52176189423, 4.8446354866, 5.96187591553, 10.0380983353, 19.9416732788, 14.8631105423, 14.9751653671, 17.1804904938, 28.5998477936, 27.3984394073, 34.6241760254, 35.2065010071, 34.3407402039, 42.253162384, 46.5530357361, 33.8709640503, 34.1041221619, 41.9883041382, 34.4689407349, 29.3817424774, 31.3465023041, 29.4102077484, 27.1733779907, 23.4462528229, 20.8235664368, 16.7976036072, 13.5164051056, 10.0368833542, 6.44726657867, 3.79997134209, 2.04626584053, 0.629227399826, 0.210977330804, 0.0221162773669, 0.000331782881403],
        "dvar": [0.227903842926, 2.9909260273, 20.9215698242, 70.8498916626, 82.7124938965, 85.5703582764, 76.9829177856, 92.0905456543, 170.023239136, 1246.66589355, 314.805938721, 217.746582031, 442.079833984, 705.161376953, 735.702880859, 1152.65380859, 1172.59606934, 986.851745605, 2139.08911133, 2943.10546875, 1362.79870605, 1034.29919434, 1971.23474121, 1252.84338379, 740.019348145, 892.235107422, 825.415344238, 750.898010254, 548.483398438, 465.13269043, 308.854766846, 252.449569702, 132.549423218, 73.5519866943, 26.1927947998, 7.45739507675, 0.566001653671, 0.0791489332914, 0.00105240440462, 2.29397585372e-07],
        "dvar2": [0.487075060606, 7.07124423981, 55.6450309753, 184.849151611, 224.905395508, 246.767303467, 220.702514648, 257.659698486, 429.579101562, 2915.58862305, 879.210571289, 545.958618164, 1115.37915039, 1926.55004883, 1788.69714355, 2911.29980469, 2923.81445312, 2486.71508789, 5348.17529297, 7738.68847656, 3203.12695312, 2531.38085938, 5328.82080078, 3243.56860352, 1855.01550293, 2333.91967773, 2082.10424805, 1962.82629395, 1350.14074707, 1189.34228516, 789.599060059, 663.374328613, 350.118255615, 194.587188721, 66.7993469238, 18.5304069519, 1.318328619, 0.193997263908, 0.0025888022501, 5.55090991838e-07],
        "max": [6.48148870468, 31.4681758881, 92.5820999146, 87.6045532227, 127.225273132, 132.305389404, 113.010643005, 175.306640625, 219.464202881, 642.201904297, 221.533874512, 254.844924927, 514.433776855, 448.332794189, 495.108428955, 427.931396484, 560.070068359, 607.854736328, 655.861328125, 1335.65795898, 1142.19665527, 624.386108398, 724.43548584, 466.401519775, 351.610900879, 462.441589355, 392.874359131, 381.55255127, 258.451721191, 303.086853027, 288.3956604, 257.115966797, 165.953659058, 132.777282715, 83.9987640381, 38.7840461731, 9.02354812622, 3.73224329948, 0.503564059734, 0.00714644370601],
        "mean": [0.622293889523, 1.40789806843, 1.8965818882, 2.83075809479, 2.55919480324, 2.84085536003, 3.16435813904, 3.73861956596, 6.91556739807, 13.6913986206, 11.1644649506, 12.9918889999, 13.831817627, 21.197933197, 22.860206604, 28.9841842651, 31.5630722046, 32.4580574036, 35.2944984436, 38.8507537842, 35.2212181091, 34.9555397034, 38.173992157, 35.2104644775, 33.1772117615, 35.4630012512, 33.3472709656, 30.3838157654, 28.1544723511, 24.1332206726, 20.4371833801, 16.3112316132, 12.1775960922, 7.80573225021, 4.61357402802, 2.33153295517, 0.798701882362, 0.232448235154, 0.0213860236108, 0.000387368228985],
        "median": [0.180935770273, 0.766449689865, 0.496029913425, 0.493912369013, 0.520655751228, 0.656326889992, 0.810704529285, 1.10913681984, 2.30151844025, 3.82009530067, 4.31427192688, 5.96996116638, 6.06622123718, 12.1548652649, 11.2930202484, 15.2930936813, 19.6379814148, 18.7435951233, 17.4851036072, 19.1338119507, 19.8926334381, 21.9716663361, 21.6406593323, 21.2273826599, 20.7361106873, 21.986289978, 20.3232460022, 19.1308078766, 16.9262733459, 14.5505857468, 12.6512823105, 10.3358097076, 7.89445018768, 4.79616260529, 2.58434724808, 1.1895198822, 0.383344262838, 0.0740772783756, 0.00403215922415, 0.000135972397402],
        "min": [9.91351023518e-22, 9.07734433284e-21, 1.22196362667e-20, 1.08493784624e-19, 1.24243755852e-19, 1.27523152164e-19, 2.28497089539e-19, 6.63379412523e-19, 9.62067921066e-19, 4.73478286023e-19, 9.45374692522e-19, 1.62026484026e-18, 2.75986660709e-18, 2.51860904168e-18, 3.900906841e-18, 3.10662030628e-18, 2.99703479834e-18, 3.192339172e-18, 1.42022014266e-17, 5.23889505646e-18, 5.3582080016e-18, 4.95505009721e-18, 1.18681657445e-17, 1.10472683959e-17, 1.19097051005e-17, 1.7171089957e-17, 2.69508264869e-17, 2.15099864509e-17, 2.58749275534e-17, 2.24161958991e-17, 1.47674304828e-17, 1.83304348707e-17, 1.60915249591e-17, 1.21860537355e-17, 1.1485781654e-17, 6.64389813641e-18, 2.89137508959e-18, 1.25992769803e-18, 3.35484759213e-19, 3.40140771473e-20],
        "var": [0.765828490257, 4.74365186691, 19.0051555634, 68.0104751587, 64.627532959, 61.4047622681, 57.6736869812, 75.6582107544, 190.049499512, 1329.8137207, 330.337127686, 340.44543457, 543.007446289, 786.842956543, 1058.84216309, 1575.27954102, 1701.81884766, 1599.65844727, 2709.50390625, 3557.48901367, 2536.19580078, 1865.25439453, 2546.03027344, 1875.88000488, 1427.82128906, 1720.9597168, 1552.82983398, 1290.2454834, 1076.54772949, 842.377319336, 591.39276123, 400.008636475, 227.188583374, 107.248176575, 40.3261070251, 11.0735273361, 1.19680786133, 0.141952186823, 0.00173895573243, 4.11799788935e-07]
    },
    "gfcc": {
        "mean": [14.2707109451, 29.9125270844, -121.551132202, 30.6209049225, -48.2682685852, 24.434425354, -25.4841556549, 16.0767555237, -18.25390625, 10.8134899139, -14.5132083893, 5.93044662476, -10.6618652344],
        "cov": [[17598.4980469, -4678.53271484, 1572.06066895, 1137.41137695, 506.466003418, 1439.60119629, 23.9727363586, 730.27722168, 10.082244873, 926.690612793, 161.041931152, 403.837097168, -567.238098145], [-4678.53271484, 5011.28759766, -402.949279785, 288.033752441, 201.415756226, -498.052276611, 260.938781738, -378.006896973, 193.039367676, -364.81338501, 23.8181095123, -399.079956055, 234.686721802], [1572.06066895, -402.949279785, 1540.36071777, 549.357849121, 549.563659668, 542.07208252, 165.897232056, 234.167160034, 46.2411766052, 134.971939087, 23.0179290771, 89.1953353882, -122.758651733], [1137.41137695, 288.033752441, 549.357849121, 663.251586914, 424.968383789, 315.421539307, 212.444091797, 96.8432769775, 69.8816680908, 58.2436408997, 45.8594093323, -13.6689348221, -32.8128395081], [506.466003418, 201.415756226, 549.563659668, 424.968383789, 519.672790527, 318.226715088, 263.396850586, 133.539871216, 100.895393372, 46.4665374756, 36.072013855, -0.533224344254, -15.0804710388], [1439.60119629, -498.052276611, 542.07208252, 315.421539307, 318.226715088, 470.545227051, 180.53994751, 199.335662842, 52.1231536865, 125.898780823, 50.0785675049, 71.664642334, -69.9624099731], [23.9727363586, 260.938781738, 165.897232056, 212.444091797, 263.396850586, 180.53994751, 304.059265137, 137.353668213, 121.557853699, 27.2964820862, 50.6671829224, -12.032664299, 21.6887607574], [730.27722168, -378.006896973, 234.167160034, 96.8432769775, 133.539871216, 199.335662842, 137.353668213, 229.753341675, 85.2911300659, 96.6459197998, 26.6711483002, 49.5364227295, -25.4750900269], [10.082244873, 193.039367676, 46.2411766052, 69.8816680908, 100.895393372, 52.1231536865, 121.557853699, 85.2911300659, 153.238021851, 71.3526229858, 59.484703064, 2.34955573082, 21.3862953186], [926.690612793, -364.81338501, 134.971939087, 58.2436408997, 46.4665374756, 125.898780823, 27.2964820862, 96.6459197998, 71.3526229858, 157.482376099, 70.943397522, 62.7937660217, -24.0053443909], [161.041931152, 23.8181095123, 23.0179290771, 45.8594093323, 36.072013855, 50.0785675049, 50.6671829224, 26.6711483002, 59.484703064, 70.943397522, 101.104759216, 46.3542251587, 22.0281181335], [403.837097168, -399.079956055, 89.1953353882, -13.6689348221, -0.533224344254, 71.664642334, -12.032664299, 49.5364227295, 2.34955573082, 62.7937660217, 46.3542251587, 104.973922729, 15.744811058], [-567.238098145, 234.686721802, -122.758651733, -32.8128395081, -15.0804710388, -69.9624099731, 21.6887607574, -25.4750900269, 21.3862953186, -24.0053443909, 22.0281181335, 15.744811058, 90.9161911011]],
        "icov": [[0.00013596410281, 4.99763482367e-05, 6.78514552419e-05, -0.000277794897556, 7.95372616267e-05, -0.000105570441519, 3.28781025019e-05, -3.01149393636e-05, 0.00017002155073, -0.00063339585904, 0.000208708050195, -0.000111684079457, 0.000387857842725], [4.99763482367e-05, 0.000603753374889, -0.000154947221745, -0.000321099883877, 2.96677189908e-05, 0.000205249889405, -2.46763902396e-05, 0.000488901510835, -0.000746502715629, 0.000760849099606, -0.00106814771425, 0.00199915398844, -0.00097696762532], [6.78514552419e-05, -0.000154947221745, 0.00167426967528, -0.000517541135196, -0.00132045615464, -0.000641880673356, 0.00102249439806, -0.000666053674649, 0.00013898598263, -0.000250457145739, 0.000841348606627, -0.0019707151223, 0.00179227208719], [-0.000277794897556, -0.000321099883877, -0.000517541135196, 0.00435907859355, -0.00221196888015, -0.000844266731292, -0.000257713807514, 0.000521663809195, 0.000794221821707, 0.000158045921125, -0.00131563807372, 0.00175882969052, -0.000969742890447], [7.95372616267e-05, 2.96677189908e-05, -0.00132045615464, -0.00221196888015, 0.00795978214592, -0.00219620461576, -0.00360815320164, 0.00172064604703, -0.00195951899514, 0.000359137920896, 0.00185391865671, 0.000131019609398, -0.00110455707181], [-0.000105570441519, 0.000205249889405, -0.000641880673356, -0.000844266731292, -0.00219620461576, 0.0085068475455, -0.00257337791845, -0.00218089064583, 0.00289288256317, -0.00176947517321, -0.000932388240471, -0.00255907699466, 0.00334625295363], [3.28781025019e-05, -2.46763902396e-05, 0.00102249439806, -0.000257713807514, -0.00360815320164, -0.00257337791845, 0.0123714543879, -0.00562696391717, -0.00370175507851, 0.00527931889519, -0.00522770918906, 0.00433803768829, -0.0027702760417], [-3.01149393636e-05, 0.000488901510835, -0.000666053674649, 0.000521663809195, 0.00172064604703, -0.00218089064583, -0.00562696391717, 0.0134026361629, -0.00508918100968, -0.00323439668864, 0.00637857755646, -0.00378103344701, 0.000996466143988], [0.00017002155073, -0.000746502715629, 0.00013898598263, 0.000794221821707, -0.00195951899514, 0.00289288256317, -0.00370175507851, -0.00508918100968, 0.0197110828012, -0.0104419225827, -0.00374090275727, 0.00430436199531, -0.0024124882184], [-0.00063339585904, 0.000760849099606, -0.000250457145739, 0.000158045921125, 0.000359137920896, -0.00176947517321, 0.00527931889519, -0.00323439668864, -0.0104419225827, 0.0252882447094, -0.0118645606562, -0.00113115587737, 0.00253908964805], [0.000208708050195, -0.00106814771425, 0.000841348606627, -0.00131563807372, 0.00185391865671, -0.000932388240471, -0.00522770918906, 0.00637857755646, -0.00374090275727, -0.0118645606562, 0.0276639852673, -0.0138667086139, 0.000791034428403], [-0.000111684079457, 0.00199915398844, -0.0019707151223, 0.00175882969052, 0.000131019609398, -0.00255907699466, 0.00433803768829, -0.00378103344701, 0.00430436199531, -0.00113115587737, -0.0138667086139, 0.0325183458626, -0.0155082894489], [0.000387857842725, -0.00097696762532, 0.00179227208719, -0.000969742890447, -0.00110455707181, 0.00334625295363, -0.0027702760417, 0.000996466143988, -0.0024124882184, 0.00253908964805, 0.000791034428403, -0.0155082894489, 0.0250748023391]]
    },
    "melbands": {
        "dmean": [0.00185266358312, 0.000768947415054, 0.0004266606702, 0.000172867148649, 9.92495261016e-05, 7.76280212449e-05, 0.000107104795461, 0.000116921793961, 7.63761927374e-05, 5.76765341975e-05, 5.32569320058e-05, 6.61843587295e-05, 6.26224500593e-05, 4.90374259243e-05, 6.28410780337e-05, 4.78843758174e-05, 3.89342021663e-05, 4.2841926188e-05, 4.3512089178e-05, 3.38935969921e-05, 2.50411903835e-05, 2.33883074543e-05, 2.16735497816e-05, 2.3879991204e-05, 1.81693831109e-05, 1.42155486174e-05, 1.38555751619e-05, 1.34370848173e-05, 1.22485789689e-05, 1.0989603652e-05, 9.87747534964e-06, 8.91130002856e-06, 7.97604479885e-06, 7.59728163757e-06, 6.3374286583e-06, 5.83343717153e-06, 5.27759584656e-06, 4.73360023534e-06, 4.00486169383e-06, 3.4276633869e-06],
        "dmean2": [0.00270972610451, 0.00117159215733, 0.000704490754288, 0.000303772190819, 0.000171974563273, 0.000134219764732, 0.000178819289431, 0.000192791354493, 0.000130545406137, 9.43151753745e-05, 8.81905361894e-05, 0.000114411013783, 0.000105888160761, 8.12846265035e-05, 0.000105549297587, 7.99965491751e-05, 6.50622459943e-05, 6.96700735716e-05, 7.36027650419e-05, 5.43965579709e-05, 4.14282585552e-05, 3.89250526496e-05, 3.61499660357e-05, 4.02235382353e-05, 2.96823654935e-05, 2.32080928981e-05, 2.272214806e-05, 2.19095927605e-05, 1.98532707145e-05, 1.79817379831e-05, 1.63761997101e-05, 1.44532459672e-05, 1.2935542145e-05, 1.24652315208e-05, 1.0336253581e-05, 9.35329353524e-06, 8.74975921761e-06, 7.75256830821e-06, 6.49305684419e-06, 5.51109224034e-06],
        "dvar": [9.91556589724e-06, 3.7824163428e-06, 2.00464614863e-06, 4.04005021437e-07, 1.05962875807e-07, 4.47061268005e-08, 6.01434919645e-08, 1.0508637871e-07, 2.36215491611e-08, 8.90155771316e-09, 1.19875274152e-08, 1.20498997447e-08, 1.02488932896e-08, 7.31945215549e-09, 1.18776775082e-08, 6.13947559458e-09, 3.55377838268e-09, 6.11224004743e-09, 6.64257093774e-09, 4.23047374909e-09, 2.06456673979e-09, 1.34265765173e-09, 1.29768473744e-09, 2.00284144825e-09, 8.87299789198e-10, 4.49462828067e-10, 4.37247515972e-10, 4.20791318456e-10, 3.66306207589e-10, 3.01536212666e-10, 2.62173810439e-10, 2.07579259337e-10, 1.64532873437e-10, 1.74594574909e-10, 1.10756633032e-10, 9.85775072682e-11, 1.03535596763e-10, 7.3400112377e-11, 5.79586587057e-11, 5.40092345847e-11],
        "dvar2": [2.2428255761e-05, 9.04817989067e-06, 5.21932452102e-06, 1.14759484404e-06, 3.05379671772e-07, 1.25207748169e-07, 1.47506000303e-07, 2.45350690875e-07, 6.5524375259e-08, 2.18093259008e-08, 3.01383593637e-08, 3.29049427705e-08, 2.56499266271e-08, 1.89512991966e-08, 2.98886533301e-08, 1.54199852886e-08, 9.14393005758e-09, 1.53226586974e-08, 1.78408612328e-08, 1.05077981871e-08, 5.00244157209e-09, 3.37813776952e-09, 3.31033223055e-09, 5.41316813596e-09, 2.29773178262e-09, 1.13385989486e-09, 1.12363363058e-09, 1.11390219271e-09, 9.28255639021e-10, 7.78683117986e-10, 6.95824509123e-10, 5.18428411311e-10, 4.24506874097e-10, 4.5233342072e-10, 2.86523610393e-10, 2.51243137406e-10, 2.79084921839e-10, 1.95475885478e-10, 1.52588525149e-10, 1.43686992859e-10],
        "max": [0.0401693023741, 0.0388738438487, 0.0161691233516, 0.0100236507133, 0.00432013627142, 0.00362344319001, 0.0046340120025, 0.00604785280302, 0.00184898159932, 0.00162488059141, 0.00256828102283, 0.00162306718994, 0.0019204657292, 0.00154466880485, 0.00152653024998, 0.00185206125025, 0.00121695571579, 0.00137185049243, 0.00124599493574, 0.00134622980841, 0.00132473034319, 0.000689312699251, 0.00115812988952, 0.000822637870442, 0.000390799134038, 0.000264597503701, 0.000282295979559, 0.000295362813631, 0.000292669283226, 0.000249433127465, 0.000235822008108, 0.000183040116099, 0.000136631148052, 0.000194887790713, 0.000173107662704, 0.000133945926791, 0.000164361990755, 0.000115922339319, 0.000115991853818, 0.000117515650345],
        "mean": [0.00428998656571, 0.00125610933173, 0.000487768498715, 0.000186582343304, 0.000114899979963, 8.54603567859e-05, 0.000123949037516, 0.000135065682116, 9.66187071754e-05, 8.18833723315e-05, 6.83182515786e-05, 8.29687487567e-05, 8.23107038741e-05, 6.59577417537e-05, 8.36113613332e-05, 6.75877963658e-05, 5.82482207392e-05, 5.50452677999e-05, 5.70182091906e-05, 4.6986137022e-05, 3.98505035264e-05, 3.67856700905e-05, 3.27112611558e-05, 3.43123974744e-05, 2.794233842e-05, 2.38591419475e-05, 2.43910108111e-05, 2.29790603044e-05, 2.09688278119e-05, 1.90651498997e-05, 1.7023374312e-05, 1.61084790307e-05, 1.45605927173e-05, 1.31017468448e-05, 1.18361276691e-05, 1.08981357698e-05, 9.58185955824e-06, 8.71185420692e-06, 7.55758446758e-06, 6.24085851086e-06],
        "median": [0.00168395438232, 0.000570286880247, 8.82027234184e-05, 4.57497735624e-05, 3.05552675854e-05, 2.48396609095e-05, 3.95469323848e-05, 4.03217600251e-05, 3.57646240445e-05, 3.70367342839e-05, 2.77380386251e-05, 4.64808326797e-05, 4.11231667385e-05, 3.26800654875e-05, 4.31513835792e-05, 3.77936739824e-05, 3.2521544199e-05, 2.48662963713e-05, 2.91415781248e-05, 2.04675397981e-05, 2.22228391067e-05, 2.28162953135e-05, 1.78651171154e-05, 1.84344644367e-05, 1.600318501e-05, 1.37315182656e-05, 1.50547666635e-05, 1.35241734824e-05, 1.2045303265e-05, 1.15383845696e-05, 1.04048303911e-05, 9.38736411626e-06, 8.52290031617e-06, 7.45902480048e-06, 7.1767008194e-06, 6.49167577649e-06, 5.99432996751e-06, 5.50153208678e-06, 4.60659884993e-06, 3.68138239537e-06],
        "min": [1.06444078499e-23, 7.88283537924e-24, 2.08220751012e-23, 8.28535323386e-24, 8.07911501652e-24, 1.39739877824e-23, 1.42601833634e-23, 4.73567243128e-24, 9.07000872159e-24, 1.00599510604e-23, 1.42923136681e-23, 1.08666922869e-23, 1.10233845174e-23, 1.09290359643e-23, 7.1606900185e-24, 6.70806135261e-24, 4.54856251317e-24, 2.27165545418e-23, 1.01507434286e-23, 6.87670324806e-24, 6.02472005979e-24, 4.61627714999e-24, 6.01548802062e-24, 1.29499705968e-23, 8.26647027037e-24, 8.81226735347e-24, 7.32340599084e-24, 1.22877415884e-23, 1.4541962901e-23, 1.83151524527e-23, 9.98305684368e-24, 1.4051472856e-23, 1.37393190181e-23, 1.26372629785e-23, 8.05167448993e-24, 9.8730107474e-24, 1.09211749653e-23, 1.10622674714e-23, 1.24084459844e-23, 9.08623085725e-24],
        "var": [3.16370133078e-05, 5.12175984113e-06, 1.92102265828e-06, 2.79933800584e-07, 7.86646126016e-08, 3.72325708042e-08, 6.73799362971e-08, 1.1458339344e-07, 2.69217554916e-08, 1.47300465159e-08, 1.46568508441e-08, 1.31694424255e-08, 1.40478464417e-08, 9.39573752134e-09, 1.58063375721e-08, 8.55070236838e-09, 5.54661072627e-09, 7.60593099614e-09, 7.52039941432e-09, 5.93162674534e-09, 3.46095441195e-09, 2.20444218435e-09, 1.93721305664e-09, 2.37334440989e-09, 1.26030363923e-09, 7.97574395417e-10, 7.9768253114e-10, 7.64083463167e-10, 6.46781461722e-10, 5.24754795173e-10, 4.23479140643e-10, 3.72785746716e-10, 3.04789943284e-10, 2.78181644386e-10, 2.06598127495e-10, 1.76552453213e-10, 1.46742076823e-10, 1.18333759458e-10, 9.60324805788e-11, 7.31722113456e-11]
    },
    "mfcc": {
        "mean": [-624.466918945, 67.0344161987, -11.5925197601, 14.3190793991, 3.07222223282, 11.9666662216, 7.08399248123, 8.07461452484, 7.09792804718, 5.94166946411, 4.33300018311, 6.0487909317, 3.853764534],
        "cov": [[11187.3505859, -2568.8190918, 866.067749023, 35.2505149841, 729.313903809, 609.003234863, 522.241271973, 418.493743896, 82.9277267456, 441.686248779, 446.055023193, 344.411712646, 155.793243408], [-2568.8190918, 3304.43530273, -102.349624634, 578.343688965, -64.8966827393, 52.7616958618, -68.5260696411, -95.7466125488, 78.9800033569, -57.6226959229, -49.0297431946, -65.4307098389, -48.7077598572], [866.067749023, -102.349624634, 898.839599609, 263.583221436, 425.727966309, 288.746185303, 232.613327026, 178.249221802, 83.038444519, 115.280265808, 130.293045044, 82.3316268921, 31.1601009369], [35.2505149841, 578.343688965, 263.583221436, 488.376373291, 255.241455078, 221.233673096, 175.145950317, 113.527198792, 112.193359375, 69.4109191895, 60.6420135498, 38.4852790833, 12.9886445999], [729.313903809, -64.8966827393, 425.727966309, 255.241455078, 405.451507568, 285.957183838, 218.962539673, 161.144348145, 97.2181167603, 102.536216736, 101.875267029, 66.8130264282, 37.7905464172], [609.003234863, 52.7616958618, 288.746185303, 221.233673096, 285.957183838, 322.177429199, 226.213806152, 151.729064941, 88.4712295532, 97.3993225098, 106.963516235, 63.0842018127, 31.7878417969], [522.241271973, -68.5260696411, 232.613327026, 175.145950317, 218.962539673, 226.213806152, 268.435974121, 187.961715698, 120.031593323, 102.966712952, 89.9091644287, 71.7460708618, 40.6032485962], [418.493743896, -95.7466125488, 178.249221802, 113.527198792, 161.144348145, 151.729064941, 187.961715698, 197.194702148, 127.04825592, 95.977432251, 74.4580917358, 63.9838294983, 41.1427612305], [82.9277267456, 78.9800033569, 83.038444519, 112.193359375, 97.2181167603, 88.4712295532, 120.031593323, 127.04825592, 151.071914673, 98.1842956543, 61.6034355164, 47.6490859985, 32.1439437866], [441.686248779, -57.6226959229, 115.280265808, 69.4109191895, 102.536216736, 97.3993225098, 102.966712952, 95.977432251, 98.1842956543, 137.852859497, 101.386802673, 63.4718437195, 36.1032714844], [446.055023193, -49.0297431946, 130.293045044, 60.6420135498, 101.875267029, 106.963516235, 89.9091644287, 74.4580917358, 61.6034355164, 101.386802673, 134.444488525, 78.9425354004, 41.9905166626], [344.411712646, -65.4307098389, 82.3316268921, 38.4852790833, 66.8130264282, 63.0842018127, 71.7460708618, 63.9838294983, 47.6490859985, 63.4718437195, 78.9425354004, 98.5889129639, 59.7224006653], [155.793243408, -48.7077598572, 31.1601009369, 12.9886445999, 37.7905464172, 31.7878417969, 40.6032485962, 41.1427612305, 32.1439437866, 36.1032714844, 41.9905166626, 59.7224006653, 76.8290328979]],
