{
"lowlevel": {
    "average_loudness": 0.862764239311,
    "barkbands_crest": {
        "dmean": 2.72580337524,
        "dmean2": 4.24932670593,
        "dvar": 7.62256622314,
        "dvar2": 16.8171234131,
        "max": 26.5503120422,
        "mean": 10.4071722031,
        "median": 9.4508934021,
        "min": 1.75716674328,
        "var": 28.6748008728
    },
    "barkbands_flatness_db": {
        "dmean": 0.0229885224253,
        "dmean2": 0.0351958796382,
        "dvar": 0.000883606960997,
        "dvar2": 0.00187226489652,
        "max": 0.812699437141,
        "mean": 0.112650163472,
        "median": 0.0966111421585,
        "min": 0.0166994277388,
        "var": 0.00532414391637
    },
    "barkbands_kurtosis": {
        "dmean": 4.26941394806,
        "dmean2": 7.07083511353,
        "dvar": 1119.98608398,
        "dvar2": 2984.68457031,
        "max": 1518.26293945,
        "mean": 3.6206612587,
        "median": -0.227208137512,
        "min": -1.89704430103,
        "var": 1101.15197754
    },
    "barkbands_skewness": {
        "dmean": 0.617579519749,
        "dmean2": 0.958157479763,
        "dvar": 0.990865945816,
        "dvar2": 2.45514798164,
        "max": 30.9443359375,
        "mean": 1.16278386116,
        "median": 0.891996920109,
        "min": -2.49896025658,
        "var": 2.16217541695
    },
    "barkbands_spread": {
        "dmean": 8.07898616791,
        "dmean2": 12.7206125259,
        "dvar": 86.2844619751,
        "dvar2": 211.337997437,
        "max": 120.738098145,
        "mean": 36.2025260925,
        "median": 36.0929489136,
        "min": 0.0579896904528,
        "var": 264.764038086
    },
    "dissonance": {
        "dmean": 0.0101786153391,
        "dmean2": 0.0174941662699,
        "dvar": 0.000158147828188,
        "dvar2": 0.000445637677331,
        "max": 0.5,
        "mean": 0.485050082207,
        "median": 0.488791942596,
        "min": 0.21697306633,
        "var": 0.000246417359449
    },
    "dynamic_complexity": 2.45013356209,
    "erbbands_crest": {
        "dmean": 1.89083433151,
        "dmean2": 3.16989445686,
        "dvar": 4.24347448349,
        "dvar2": 10.6574172974,
        "max": 28.7899360657,
        "mean": 6.03976202011,
        "median": 5.01241874695,
        "min": 2.27745270729,
        "var": 10.5288591385
    },
    "erbbands_flatness_db": {
        "dmean": 0.0131538175046,
        "dmean2": 0.020190782845,
        "dvar": 0.000228333679843,
        "dvar2": 0.000483930140035,
        "max": 0.545348227024,
        "mean": 0.141919612885,
        "median": 0.12148527801,
        "min": 0.0328648723662,
        "var": 0.00391675066203
    },
    "erbbands_kurtosis": {
        "dmean": 0.902173578739,
        "dmean2": 1.45938551426,
        "dvar": 31.1767902374,
        "dvar2": 86.6403656006,
        "max": 280.136993408,
        "mean": 0.198009386659,
        "median": -0.347409367561,
        "min": -1.7984790802,
        "var": 24.448097229
    },
    "erbbands_skewness": {
        "dmean": 0.32980298996,
        "dmean2": 0.504621267319,
        "dvar": 0.177974328399,
        "dvar2": 0.405908882618,
        "max": 13.1379413605,
        "mean": -0.211213454604,
        "median": -0.257801055908,
        "min": -2.16794753075,
        "var": 0.503142118454
    },
    "erbbands_spread": {
        "dmean": 10.1216058731,
        "dmean2": 15.6961364746,
        "dvar": 178.02482605,
        "dvar2": 407.828155518,
        "max": 151.461334229,
        "mean": 45.0833969116,
        "median": 42.3199195862,
        "min": 1.18002641201,
        "var": 436.772369385
    },
    "hfc": {
        "dmean": 10.8493642807,
        "dmean2": 17.3427600861,
        "dvar": 245.913757324,
        "dvar2": 621.217651367,
        "max": 157.186264038,
        "mean": 35.6731567383,
        "median": 30.8910560608,
        "min": 1.08511346082e-16,
        "var": 677.613525391
    },
    "melbands_crest": {
        "dmean": 3.98676490784,
        "dmean2": 6.06176185608,
        "dvar": 16.9016361237,
        "dvar2": 38.0715789795,
        "max": 39.9077262878,
        "mean": 17.2570438385,
        "median": 16.3002700806,
        "min": 1.63821387291,
        "var": 75.3913803101
    },
    "melbands_flatness_db": {
        "dmean": 0.0302392430604,
        "dmean2": 0.0459509305656,
        "dvar": 0.00149380613584,
        "dvar2": 0.00322611583397,
        "max": 0.985062360764,
        "mean": 0.155268192291,
        "median": 0.13923035562,
        "min": 0.00340466108173,
        "var": 0.00839470885694
    },
    "melbands_kurtosis": {
        "dmean": 41.5102958679,
        "dmean2": 59.9479827881,
        "dvar": 702277.0625,
        "dvar2": 1530111.25,
        "max": 53613.5117188,
        "mean": 46.7555046082,
        "median": 5.5316324234,
        "min": -1.59699940681,
        "var": 837111.5
    },
    "melbands_skewness": {
        "dmean": 1.15029776096,
        "dmean2": 1.75730156898,
        "dvar": 12.8842020035,
        "dvar2": 26.7899990082,
        "max": 193.861160278,
        "mean": 3.05983257294,
        "median": 2.28993606567,
        "min": -1.11160647869,
        "var": 23.3520832062
    },
    "melbands_spread": {
        "dmean": 11.3327817917,
        "dmean2": 17.8300704956,
        "dvar": 187.381561279,
        "dvar2": 452.15814209,
        "max": 194.854553223,
        "mean": 37.8435058594,
        "median": 35.3992156982,
        "min": 0.0111495796591,
        "var": 574.423583984
    },
    "pitch_salience": {
        "dmean": 0.085887350142,
        "dmean2": 0.13234525919,
        "dvar": 0.00821738038212,
        "dvar2": 0.0185155756772,
        "max": 0.943019449711,
        "mean": 0.550493061543,
        "median": 0.587167024612,
        "min": 0.00317261181772,
        "var": 0.0298869218677
    },
    "silence_rate_20dB": {
        "dmean": 0,
        "dmean2": 0,
        "dvar": 0,
        "dvar2": 0,
        "max": 1,
        "mean": 1,
        "median": 1,
        "min": 1,
        "var": 0
    },
    "silence_rate_30dB": {
        "dmean": 0.0066740824841,
        "dmean2": 0.0133498143405,
        "dvar": 0.00662969751284,
        "dvar2": 0.0163862388581,
        "max": 1,
        "mean": 0.994809687138,
        "median": 1,
        "min": 0,
        "var": 0.00516320578754
    },
    "silence_rate_60dB": {
        "dmean": 0.0121122235432,
        "dmean2": 0.0242274403572,
        "dvar": 0.0119643062353,
        "dvar2": 0.0278401821852,
        "max": 1,
        "mean": 0.0569698475301,
        "median": 0,
        "min": 0,
        "var": 0.0537251792848
    },
    "spectral_centroid": {
        "dmean": 340.310424805,
        "dmean2": 511.957397461,
        "dvar": 162745.15625,
        "dvar2": 349241.6875,
        "max": 11705.6640625,
        "mean": 2318.06762695,
        "median": 2326.83398438,
        "min": 48.4270095825,
        "var": 1516472.25
    },
    "spectral_complexity": {
        "dmean": 6.595723629,
        "dmean2": 10.1077871323,
        "dvar": 53.9253463745,
        "dvar2": 117.006233215,
        "max": 65,
        "mean": 30.8622093201,
        "median": 33,
        "min": 0,
        "var": 221.070220947
    },
    "spectral_decrease": {
        "dmean": 2.21059193173e-09,
        "dmean2": 3.27334492844e-09,
        "dvar": 8.36322695401e-18,
        "dvar2": 1.80797246989e-17,
        "max": 1.98627498696e-28,
        "mean": -8.21255952133e-09,
        "median": -6.64269128592e-09,
        "min": -3.58328122729e-08,
        "var": 4.07942515577e-17
    },
    "spectral_energy": {
        "dmean": 0.00870066694915,
        "dmean2": 0.0129650523886,
        "dvar": 0.000122829907923,
        "dvar2": 0.000265591777861,
        "max": 0.135808452964,
        "mean": 0.0342316478491,
        "median": 0.0287867374718,
        "min": 1.00931415121e-20,
        "var": 0.000646077212878
    },
    "spectral_energyband_high": {
        "dmean": 0.00107840704732,
        "dmean2": 0.00170873315074,
        "dvar": 2.39830819737e-06,
        "dvar2": 5.87396061746e-06,
        "max": 0.0168464928865,
        "mean": 0.00298959342763,
        "median": 0.00234767328948,
        "min": 7.16309572241e-21,
        "var": 7.28725626686e-06
    },
    "spectral_energyband_low": {
        "dmean": 0.00694288453087,
        "dmean2": 0.0101635567844,
        "dvar": 0.000135677488288,
        "dvar2": 0.00029282932519,
        "max": 0.135247334838,
        "mean": 0.0176396034658,
        "median": 0.00842448882759,
        "min": 1.4536144263e-23,
        "var": 0.000474388158182
    },
    "spectral_energyband_middle_high": {
        "dmean": 0.00261879502796,
        "dmean2": 0.00429202243686,
        "dvar": 1.28097835841e-05,
        "dvar2": 3.49408874172e-05,
        "max": 0.0300779175013,
        "mean": 0.00645347079262,
        "median": 0.00583616364747,
        "min": 1.1392240983e-21,
        "var": 2.13669700315e-05
    },
    "spectral_energyband_middle_low": {
        "dmean": 0.00454712891951,
        "dmean2": 0.0070666228421,
        "dvar": 7.0215370215e-05,
        "dvar2": 0.000160291980137,
        "max": 0.0880885347724,
        "mean": 0.00835538562387,
        "median": 0.00547620840371,
        "min": 1.69274227426e-22,
        "var": 0.000111445078801
    },
    "spectral_entropy": {
        "dmean": 0.109953425825,
        "dmean2": 0.170540288091,
        "dvar": 0.0300733204931,
        "dvar2": 0.0658773630857,
        "max": 9.81662940979,
        "mean": 8.07651615143,
        "median": 8.17389774323,
        "min": 3.65577602386,
        "var": 0.230818808079
    },
    "spectral_flux": {
        "dmean": 0.0248268190771,
        "dmean2": 0.0354326702654,
        "dvar": 0.000819008098915,
        "dvar2": 0.00158139178529,
        "max": 0.32384955883,
        "mean": 0.100214928389,
        "median": 0.0905538350344,
        "min": 6.38355757143e-11,
        "var": 0.00302251637913
    },
    "spectral_kurtosis": {
        "dmean": 1.81305897236,
        "dmean2": 3.02192735672,
        "dvar": 126.735404968,
        "dvar2": 324.138275146,
        "max": 776.441162109,
        "mean": 4.48655223846,
        "median": 1.8615026474,
        "min": -1.27806043625,
        "var": 712.112915039
    },
    "spectral_rms": {
        "dmean": 0.000713092740625,
        "dmean2": 0.00105591968168,
        "dvar": 6.42555562536e-07,
        "dvar2": 1.29498778279e-06,
        "max": 0.0115106925368,
        "mean": 0.00530193326995,
        "median": 0.00529949273914,
        "min": 3.13798769955e-12,
        "var": 5.28632745045e-06
    },
    "spectral_rolloff": {
        "dmean": 870.253967285,
        "dmean2": 1406.35522461,
        "dvar": 1260353.125,
        "dvar2": 2805238,
        "max": 19702.8808594,
        "mean": 2707.58447266,
        "median": 2390.18554688,
        "min": 43.06640625,
        "var": 6559297
    },
    "spectral_skewness": {
        "dmean": 0.19017778337,
        "dmean2": 0.311554521322,
        "dvar": 0.140180557966,
        "dvar2": 0.373876690865,
        "max": 23.1302471161,
        "mean": 1.16295361519,
        "median": 1.02425229549,
        "min": -0.0983238592744,
        "var": 1.19973838329
    },
    "spectral_spread": {
        "dmean": 551554.25,
        "dmean2": 845579.25,
        "dvar": 921035538432,
        "dvar2": 2.00443966259e+12,
        "max": 46399288,
        "mean": 5478414.5,
        "median": 5149926,
        "min": 124486.679688,
        "var": 1.8659602858e+13
    },
    "spectral_strongpeak": {
        "dmean": 0.274788498878,
        "dmean2": 0.458169907331,
        "dvar": 0.167269274592,
        "dvar2": 0.457144618034,
        "max": 6.35972547531,
        "mean": 0.535368859768,
        "median": 0.386576294899,
        "min": 0,
        "var": 0.239419817924
    },
    "zerocrossingrate": {
        "dmean": 0.0131026664749,
        "dmean2": 0.0154292043298,
        "dvar": 0.000211395963561,
        "dvar2": 0.000255341961747,
        "max": 0.84619140625,
        "mean": 0.0926855802536,
        "median": 0.08544921875,
        "min": 0.0009765625,
        "var": 0.00400661863387
    },
    "barkbands": {
        "dmean": [0.000642473984044, 0.00580688612536, 0.00244751828723, 0.00213402858935, 0.00189442653209, 0.000847563205753, 0.000775487627834, 0.000494659121614, 0.000737270514946, 0.000496124324854, 0.000447136728326, 0.000445623009, 0.000496297725476, 0.000430015003076, 0.000387245207094, 0.000382862897823, 0.000351777853211, 0.000342155166436, 0.000310517847538, 0.000317528960295, 0.000336703378707, 0.000302912580082, 0.00026317697484, 0.000168503465829, 9.37694276217e-05, 3.19553510053e-05, 2.92785193778e-06],
        "dmean2": [0.000754295557272, 0.00837104022503, 0.00387383857742, 0.00344072375447, 0.00320043973625, 0.00143656879663, 0.00131838454399, 0.000828903634101, 0.00118579657283, 0.000823129725177, 0.00077111995779, 0.000763903837651, 0.000852966040839, 0.000729748571757, 0.000651861773804, 0.000639510166366, 0.000594953191467, 0.000571670185309, 0.000505699135829, 0.000516734144185, 0.00055047951173, 0.000492259510793, 0.000424344150815, 0.000268566422164, 0.000150258478243, 5.10479439981e-05, 4.61236049887e-06],
        "dvar": [1.39059773119e-06, 0.000117043586215, 4.76728055219e-05, 4.0691196773e-05, 2.43605572905e-05, 2.04561729333e-06, 1.5792998056e-06, 7.44581313938e-07, 1.99584405891e-06, 7.69025632508e-07, 4.80460187191e-07, 4.466082828e-07, 5.78111894356e-07, 3.84017482702e-07, 2.74113432397e-07, 2.63256453081e-07, 2.03311628866e-07, 2.208851555e-07, 1.69163300257e-07, 1.66850895766e-07, 1.87979011912e-07, 1.79777487119e-07, 1.60642457558e-07, 6.81429881411e-08, 2.09395540907e-08, 3.32466787434e-09, 3.50116637071e-11],
        "dvar2": [2.01389570975e-06, 0.000238943073782, 0.000113500311272, 0.000100762648799, 6.49160210742e-05, 5.3567600844e-06, 4.25722100772e-06, 1.93619371203e-06, 4.45800196758e-06, 1.84519865343e-06, 1.29372267565e-06, 1.21463449432e-06, 1.60335969213e-06, 1.04124706013e-06, 7.17356272162e-07, 7.07080971551e-07, 5.54630730676e-07, 6.02439513386e-07, 4.43380713477e-07, 4.16184121832e-07, 4.73312269378e-07, 4.48045540224e-07, 4.10507112747e-07, 1.71504538571e-07, 5.37974571557e-08, 8.28387936025e-09, 7.85705181472e-11],
        "max": [0.0248249452561, 0.116684690118, 0.081392429769, 0.0650514289737, 0.0544911846519, 0.0190226510167, 0.0165126863867, 0.010465465486, 0.0256840586662, 0.0171390101314, 0.00649670884013, 0.00975003186613, 0.00885718688369, 0.0111355129629, 0.00674056867138, 0.00862196087837, 0.00501452153549, 0.00552525091916, 0.00479906611145, 0.00592256244272, 0.00613477220759, 0.00531691405922, 0.0057268072851, 0.00391979981214, 0.00204757554457, 0.00103230390232, 8.61606895342e-05],
        "mean": [0.00130897609051, 0.0127019025385, 0.0025352309458, 0.00242094579153, 0.00216820952483, 0.00112485489808, 0.000935671851039, 0.000560261367355, 0.00097058119718, 0.000644941639621, 0.000584914407227, 0.000618310587015, 0.000679927819874, 0.000666059320793, 0.000613239244558, 0.000648744578939, 0.000601446954533, 0.000595076940954, 0.000561054621357, 0.000642338651232, 0.000726079859305, 0.000694251037203, 0.000564960355405, 0.000387853709981, 0.000205792719498, 6.60503719701e-05, 4.05740865972e-06],
        "median": [0.000159758375958, 0.00277516525239, 0.000525553943589, 0.00035074679181, 0.000783431518357, 0.000409714702982, 0.000410915876273, 0.000212041632039, 0.00039232490235, 0.000282869470539, 0.000326069945004, 0.000336749828421, 0.000410331704188, 0.000404213642469, 0.000412664696341, 0.00045909587061, 0.000464986747829, 0.000429122708738, 0.000421870441642, 0.000494528096169, 0.000557127466891, 0.000515128078405, 0.000394169648644, 0.000268338073511, 0.000123314443044, 3.16998994094e-05, 7.24150481801e-07],
        "min": [2.58333087754e-25, 4.5230728396e-24, 7.39460561791e-25, 9.91091807769e-25, 7.71397654704e-24, 9.08239778211e-24, 9.43040219272e-24, 7.21620452698e-24, 9.72858293743e-24, 1.49757022926e-23, 1.43674037599e-23, 2.11297844968e-23, 2.3256032849e-23, 4.14288858385e-23, 3.24318767274e-23, 3.73682117071e-23, 6.85224398461e-23, 5.17902488179e-23, 1.08042742989e-22, 1.65192850429e-22, 2.19553192299e-22, 3.34958670728e-22, 4.01766859029e-22, 5.49434476562e-22, 9.18052542073e-22, 1.36846450251e-21, 1.94088136239e-21],
        "var": [5.31713521923e-06, 0.000347593828337, 4.76723653264e-05, 4.85245909658e-05, 2.04194639082e-05, 2.73765590464e-06, 1.81294876711e-06, 8.21570949938e-07, 2.95810355055e-06, 1.20566733131e-06, 5.52262463316e-07, 7.16547901902e-07, 6.66492496748e-07, 7.08867332833e-07, 4.1310121901e-07, 4.48524275498e-07, 3.0538893725e-07, 3.44379373018e-07, 2.80214777604e-07, 3.44544645259e-07, 4.37775071305e-07, 4.58761007849e-07, 3.67837799331e-07, 1.82610691013e-07, 5.63757112104e-08, 7.64035235079e-09, 5.99150937197e-11]
    },
    "erbbands": {
        "dmean": [0.237115219235, 1.22413420677, 2.64903020859, 4.93040084839, 6.83695363998, 6.20572090149, 5.91077661514, 7.62968730927, 9.36103153229, 13.1601295471, 10.861000061, 17.557510376, 14.9848327637, 15.1633234024, 17.5770664215, 17.6906700134, 22.3490352631, 21.4935855865, 20.3252334595, 19.6396560669, 19.8377571106, 19.2808761597, 18.9486370087, 15.3407773972, 15.5943880081, 14.7921323776, 14.4618225098, 13.0344438553, 11.4262361526, 9.10155391693, 7.40540790558, 4.44608688354, 2.42833304405, 1.27169144154, 0.577517271042, 0.214917570353, 0.0434244759381, 0.00681108469144, 0.000447481550509, 1.66932513821e-05],
        "dmean2": [0.315785348415, 1.73478734493, 4.00898981094, 7.85091590881, 11.042632103, 10.7523899078, 10.0109605789, 12.91431427, 16.342004776, 21.5236701965, 18.0259094238, 28.4188709259, 24.2242488861, 25.9456768036, 30.502286911, 30.2475833893, 38.4285011292, 36.2386436462, 34.6620101929, 32.8783302307, 32.9772567749, 32.5130767822, 31.8621788025, 24.8901786804, 25.456867218, 24.1142711639, 23.5058670044, 21.4458503723, 18.5529899597, 14.7757062912, 11.916311264, 7.20287513733, 3.88731384277, 2.07386350632, 0.930143594742, 0.345928668976, 0.0692279338837, 0.0107082901523, 0.000707752013113, 2.5984036256e-05],
        "dvar": [0.214615806937, 5.72080516815, 45.2024116516, 198.587692261, 380.258544922, 237.129470825, 115.226280212, 180.978530884, 270.5105896, 551.741882324, 371.726928711, 1360.92382812, 819.014099121, 502.743347168, 746.326171875, 716.822692871, 1185.53674316, 1052.45031738, 854.616455078, 641.022644043, 699.116638184, 636.062683105, 695.02130127, 435.539337158, 413.315460205, 367.34085083, 343.355407715, 310.990600586, 259.750152588, 167.65713501, 135.261688232, 45.6330184937, 14.661028862, 3.70041584969, 0.833310782909, 0.145139038563, 0.00630553252995, 0.000152525943122, 9.2804441465e-07, 5.4359333701e-10],
        "dvar2": [0.411811828613, 11.0465869904, 99.0191879272, 495.196655273, 917.119628906, 663.991882324, 311.109832764, 472.500152588, 754.984680176, 1303.97351074, 958.214904785, 3102.52026367, 2039.78320312, 1337.81640625, 2045.30444336, 1969.21875, 3255.07006836, 2892.7265625, 2336.55786133, 1666.09997559, 1860.8404541, 1737.29199219, 1899.56115723, 1117.36108398, 1062.99475098, 929.065917969, 883.752075195, 797.264465332, 649.158630371, 427.21774292, 348.01159668, 114.630432129, 37.5061454773, 9.52039051056, 2.13827204704, 0.367611676455, 0.0152853997424, 0.000356048432877, 2.15696945816e-06, 1.24784327316e-09],
        "max": [7.02564382553, 28.0721092224, 74.4780273438, 161.099914551, 232.841125488, 192.549972534, 126.516647339, 210.581848145, 183.792312622, 349.525604248, 293.55847168, 619.964477539, 821.399230957, 356.394989014, 287.437072754, 365.541778564, 422.332611084, 615.09387207, 370.375823975, 324.395629883, 401.152557373, 266.404266357, 288.383239746, 286.392822266, 226.370849609, 354.25692749, 269.124572754, 254.670440674, 228.524612427, 174.813537598, 190.183990479, 82.414276123, 61.9276161194, 24.9839019775, 11.4556369781, 6.64738702774, 1.88766217232, 0.145582854748, 0.0162028446794, 0.000282794382656],
        "mean": [0.528053998947, 2.17563891411, 3.14595627785, 5.75170755386, 8.0769739151, 6.94078111649, 7.64138174057, 9.61577224731, 11.1002388, 15.9194879532, 13.2305669785, 22.1449375153, 21.1494808197, 20.9107780457, 24.6212043762, 25.7943725586, 31.6409015656, 33.939956665, 32.1822471619, 34.3864479065, 35.2774200439, 35.0037727356, 33.6200714111, 28.9828205109, 29.1824436188, 30.2715873718, 29.8034496307, 27.9603233337, 25.3515377045, 20.3573322296, 15.535150528, 9.83286762238, 5.53992652893, 2.78518795967, 1.20748627186, 0.426052153111, 0.0939561203122, 0.0136622553691, 0.000673131318763, 6.26201290288e-05],
        "median": [0.0930984765291, 0.448036730289, 0.811448454857, 1.45902884007, 1.84200906754, 2.59527254105, 2.93985676765, 3.40000510216, 5.00902175903, 6.46461009979, 5.84193277359, 8.83610534668, 9.54323005676, 12.5334205627, 14.6851902008, 15.1165084839, 19.6313209534, 20.8707885742, 21.490776062, 25.0828437805, 26.2282600403, 27.6650180817, 24.7255935669, 22.053352356, 22.4358215332, 23.5381698608, 22.6582374573, 21.7768917084, 18.2761573792, 15.1292877197, 10.5702381134, 6.83817911148, 3.69353628159, 1.74147796631, 0.677588760853, 0.209077239037, 0.0442720577121, 0.00498615764081, 0.000172904576175, 5.07396034664e-05],
        "min": [1.06116609715e-22, 7.08123503305e-22, 1.26204951405e-21, 4.07350747207e-21, 8.83567511583e-21, 3.17967968971e-20, 3.62238287614e-20, 7.15380819665e-20, 1.18528635753e-19, 1.56430374537e-19, 2.12639093693e-19, 3.08012333311e-19, 4.79071939819e-19, 6.30797595375e-19, 7.14787912111e-19, 1.49943515606e-18, 1.71773463376e-18, 1.43425425437e-18, 1.63535499277e-18, 2.96982903479e-18, 2.77711290927e-18, 3.99908738945e-18, 2.93093707034e-18, 5.40357099998e-18, 6.99706538049e-18, 9.45947701212e-18, 8.65720942525e-18, 9.11428048043e-18, 1.12109674391e-17, 1.12347348197e-17, 1.10200103132e-17, 1.10205752775e-17, 9.60616095014e-18, 7.78281996078e-18, 6.92020913464e-18, 4.47859447797e-18, 2.25064388224e-18, 9.95026312188e-19, 2.42063756313e-19, 2.77387845213e-20],
        "var": [0.633258283138, 14.3772315979, 56.8590888977, 205.79876709, 439.653137207, 186.990722656, 138.267288208, 225.352478027, 275.690124512, 729.63470459, 417.989501953, 1704.14416504, 1260.14099121, 651.470092773, 979.589660645, 1030.44909668, 1380.61914062, 1840.72546387, 1238.30480957, 1147.74511719, 1225.98181152, 984.875, 1040.41796875, 770.243347168, 730.366210938, 762.251586914, 750.300231934, 672.05456543, 655.938903809, 407.885253906, 291.548187256, 115.689865112, 38.686126709, 10.0382833481, 2.10519599915, 0.31601986289, 0.0157230030745, 0.000358773220796, 1.51409324189e-06, 2.44487829981e-09]
    },
    "gfcc": {
        "mean": [8.49626731873, 55.1634292603, -129.5287323, 45.67811203, -60.6862487793, 22.7973098755, -33.9365844727, 8.92747783661, -20.4139347076, 4.71911907196, -15.5109806061, 1.92186415195, -9.65551280975],
        "cov": [[31009.6757812, -1246.79626465, -1393.5333252, 2015.69494629, -1553.296875, 1362.65979004, -942.536560059, 886.380004883, -392.191345215, 655.883789062, -426.893676758, 352.926574707, -474.500976562], [-1246.79626465, 2334.67114258, -459.236175537, -309.833526611, 199.844726562, -521.47668457, 106.380859375, -516.337097168, -36.3950920105, -355.60546875, 86.2149887085, -225.19770813, 150.648788452], [-1393.5333252, -459.236175537, 1798.16052246, 541.674987793, 392.710662842, 422.068908691, 175.58114624, 343.11605835, 148.135437012, 219.645492554, 40.6768226624, 126.034889221, -42.8796806335], [2015.69494629, -309.833526611, 541.674987793, 844.686950684, 126.531776428, 414.033203125, 37.333984375, 195.478378296, 75.2436447144, 139.652496338, 25.4880256653, 62.6682167053, -43.875743866], [-1553.296875, 199.844726562, 392.710662842, 126.531776428, 407.77255249, 101.680633545, 215.114044189, 34.9458580017, 85.9770355225, 10.4505252838, 57.3310813904, 2.03737473488, 24.854927063], [1362.65979004, -521.47668457, 422.068908691, 414.033203125, 101.680633545, 457.618682861, 123.299453735, 306.650970459, 107.925750732, 183.909240723, 21.3372650146, 101.838272095, -35.0402755737], [-942.536560059, 106.380859375, 175.58114624, 37.333984375, 215.114044189, 123.299453735, 305.862030029, 147.535720825, 127.7838974, 35.3608894348, 42.637046814, 11.528172493, 34.8983078003], [886.380004883, -516.337097168, 343.11605835, 195.478378296, 34.9458580017, 306.650970459, 147.535720825, 406.688903809, 167.779541016, 205.50881958, 13.6859226227, 95.4522018433, -19.2074661255], [-392.191345215, -36.3950920105, 148.135437012, 75.2436447144, 85.9770355225, 107.925750732, 127.7838974, 167.779541016, 186.529876709, 115.372283936, 65.8424758911, 30.3422241211, 19.9501342773], [655.883789062, -355.60546875, 219.645492554, 139.652496338, 10.4505252838, 183.909240723, 35.3608894348, 205.50881958, 115.372283936, 212.329086304, 69.6657333374, 103.568641663, -7.84094142914], [-426.893676758, 86.2149887085, 40.6768226624, 25.4880256653, 57.3310813904, 21.3372650146, 42.637046814, 13.6859226227, 65.8424758911, 69.6657333374, 123.133666992, 67.7666473389, 52.8589096069], [352.926574707, -225.19770813, 126.034889221, 62.6682167053, 2.03737473488, 101.838272095, 11.528172493, 95.4522018433, 30.3422241211, 103.568641663, 67.7666473389, 139.003295898, 46.3780059814], [-474.500976562, 150.648788452, -42.8796806335, -43.875743866, 24.854927063, -35.0402755737, 34.8983078003, -19.2074661255, 19.9501342773, -7.84094142914, 52.8589096069, 46.3780059814, 102.005615234]],
        "icov": [[0.000181307274033, -0.000440582633018, 0.000342369865393, -0.000398943695473, 0.000342358107446, -0.000425510981586, 0.000366591237253, -0.000590694253333, 0.000774509680923, -0.000817256048322, 0.00101702578831, -0.000901875027921, 0.000668891356327], [-0.000440582633018, 0.00213735550642, -0.000851189543027, 0.000751389830839, -0.000901363964658, 0.00161756935995, -0.00141413754318, 0.00207358412445, -0.00224193930626, 0.00273368228227, -0.00373061746359, 0.0037061329931, -0.00269436324015], [0.000342369865393, -0.000851189543027, 0.00168030301575, -0.00110572658014, -0.000567489129025, -0.000613768876065, 0.00114160811063, -0.00180003640708, 0.00159601203632, -0.00179840286728, 0.00240390794352, -0.00241492176428, 0.00168025260791], [-0.000398943695473, 0.000751389830839, -0.00110572658014, 0.00355593697168, -0.000907552835997, -0.0022512411233, 0.00044500324293, 0.00187528785318, -0.00211365916766, 0.00205339770764, -0.00271135894582, 0.00272653414868, -0.0015155011788], [0.000342358107446, -0.000901363964658, -0.000567489129025, -0.000907552835997, 0.00687353499234, -0.00174276961479, -0.00346194207668, 0.00167307257652, 0.000577604339924, -0.00114412931725, 0.000645627616905, -0.00118901103269, 0.00152590475045], [-0.000425510981586, 0.00161756935995, -0.000613768876065, -0.0022512411233, -0.00174276961479, 0.010542456992, -0.00294202263467, -0.00235104397871, 4.6453136747e-05, 0.000496019842103, -0.00202322704718, 9.83859899861e-06, 8.83235043148e-05], [0.000366591237253, -0.00141413754318, 0.00114160811063, 0.00044500324293, -0.00346194207668, -0.00294202263467, 0.0105660678819, -0.00554671185091, -0.0010166449938, 0.00225685536861, 0.000713568122592, -0.00118657399435, 0.000180716611794], [-0.000590694253333, 0.00207358412445, -0.00180003640708, 0.00187528785318, 0.00167307257652, -0.00235104397871, -0.00554671185091, 0.015544058755, -0.00928765814751, -0.00266570132226, 0.00414993660524, 2.07278590096e-05, -0.00269926083274], [0.000774509680923, -0.00224193930626, 0.00159601203632, -0.00211365916766, 0.000577604339924, 4.6453136747e-05, -0.0010166449938, -0.00928765814751, 0.0218927804381, -0.0109849823639, -0.00276964018121, 0.00541801471263, -0.00100451009348], [-0.000817256048322, 0.00273368228227, -0.00179840286728, 0.00205339770764, -0.00114412931725, 0.000496019842103, 0.00225685536861, -0.00266570132226, -0.0109849823639, 0.0265677254647, -0.0136148435995, -0.00372307561338, 0.00440194644034], [0.00101702578831, -0.00373061746359, 0.00240390794352, -0.00271135894582, 0.000645627616905, -0.00202322704718, 0.000713568122592, 0.00414993660524, -0.00276964018121, -0.0136148435995, 0.0309409778565, -0.0154387298971, 0.000250842131209], [-0.000901875027921, 0.0037061329931, -0.00241492176428, 0.00272653414868, -0.00118901103269, 9.83859899861e-06, -0.00118657399435, 2.07278590096e-05, 0.00541801471263, -0.00372307561338, -0.0154387298971, 0.0310967992991, -0.0162922199816], [0.000668891356327, -0.00269436324015, 0.00168025260791, -0.0015155011788, 0.00152590475045, 8.83235043148e-05, 0.000180716611794, -0.00269926083274, -0.00100451009348, 0.00440194644034, 0.000250842131209, -0.0162922199816, 0.0238492749631]]
    },
    "melbands": {
        "dmean": [0.00174916500691, 0.00132155651227, 0.000885660585482, 0.000462358177174, 0.000212723432924, 0.000167451333255, 0.000145449885167, 0.000136226270115, 9.70892724581e-05, 0.000108358282887, 7.6705495303e-05, 6.30354043096e-05, 6.22674269835e-05, 5.02798538946e-05, 5.32342673978e-05, 4.76835812151e-05, 4.12416666222e-05, 3.5641125578e-05, 2.87516722892e-05, 2.6875299227e-05, 2.46684594458e-05, 2.15137788473e-05, 2.00900194613e-05, 1.65255078173e-05, 1.31129709189e-05, 1.27520124806e-05, 1.19829792311e-05, 1.02470667116e-05, 9.68966560322e-06, 9.35994467e-06, 7.98235123511e-06, 7.41315716368e-06, 5.66611333852e-06, 5.38501171832e-06, 4.75252272736e-06, 3.62876539839e-06, 2.69847851087e-06, 1.93418713934e-06, 1.37188328608e-06, 1.06825837065e-06],
        "dmean2": [0.00244474131614, 0.00189525994938, 0.00136086763814, 0.000767618475948, 0.000360573554644, 0.000283319241134, 0.000252813653788, 0.00022374423861, 0.000161003263202, 0.000175100532942, 0.000124453814351, 0.000107488856884, 0.000107737854705, 8.64655667101e-05, 9.20401798794e-05, 8.18074768176e-05, 6.98155199643e-05, 6.11887080595e-05, 4.83236472064e-05, 4.54228102171e-05, 4.07617189921e-05, 3.62293867511e-05, 3.42781640938e-05, 2.7476959076e-05, 2.1348005248e-05, 2.10600192077e-05, 1.9546607291e-05, 1.67943908309e-05, 1.59359951795e-05, 1.53818909894e-05, 1.3148144717e-05, 1.21566108646e-05, 9.23719835555e-06, 8.80548941495e-06, 7.75168155087e-06, 5.94276889387e-06, 4.37678863818e-06, 3.14069188789e-06, 2.26131624004e-06, 1.75322759333e-06],
        "dvar": [1.08597860162e-05, 7.97305983724e-06, 5.63770072404e-06, 1.4914746771e-06, 1.62299727435e-07, 8.443769417e-08, 6.10187882444e-08, 5.71765816915e-08, 3.28716787124e-08, 4.59668925146e-08, 2.19048885697e-08, 9.25938614671e-09, 9.40714706132e-09, 5.88554227576e-09, 7.06425629105e-09, 5.0490225334e-09, 4.08454825518e-09, 2.68126365555e-09, 1.47619272362e-09, 1.35011646307e-09, 1.04314490379e-09, 7.56408824465e-10, 9.19196496696e-10, 5.28642130071e-10, 3.27788046706e-10, 2.97014746131e-10, 2.53715520815e-10, 1.79174106107e-10, 1.54509419148e-10, 1.50010143196e-10, 1.2052771281e-10, 1.10481061799e-10, 6.49617998283e-11, 6.07191588675e-11, 5.69953910456e-11, 3.13500683746e-11, 1.58180205045e-11, 9.67183104439e-12, 4.52658657085e-12, 2.60863791506e-12],
        "dvar2": [2.16160842683e-05, 1.5811616322e-05, 1.30543885462e-05, 3.90956074625e-06, 4.44487795903e-07, 2.2169386682e-07, 1.69930459037e-07, 1.37099490871e-07, 8.2869789253e-08, 1.04246517196e-07, 5.42064810816e-08, 2.43261677468e-08, 2.54227430219e-08, 1.62457034492e-08, 1.94396285735e-08, 1.38444686826e-08, 1.11302584926e-08, 7.37480965185e-09, 3.83348952582e-09, 3.62594620995e-09, 2.73054645561e-09, 2.03545935662e-09, 2.58578602974e-09, 1.40293976436e-09, 8.38787594937e-10, 7.98808408309e-10, 6.30285879044e-10, 4.60072785424e-10, 4.07499978206e-10, 3.832482387e-10, 3.16937975864e-10, 2.79676143355e-10, 1.6037232653e-10, 1.59576574177e-10, 1.4860006281e-10, 8.11453335081e-11, 3.96499048871e-11, 2.49402720698e-11, 1.20686316843e-11, 6.77225506576e-12],
        "max": [0.0443020574749, 0.029586147517, 0.0257047899067, 0.0139656644315, 0.00541494693607, 0.00421887869015, 0.00300311716273, 0.00341006903909, 0.00278318347409, 0.00341096520424, 0.00409509055316, 0.00162339222152, 0.00099140801467, 0.00123507343233, 0.00111030531116, 0.000789871206507, 0.00136988481972, 0.000642676022835, 0.000553291174583, 0.000602470885497, 0.000412444409449, 0.00033850321779, 0.000331292016199, 0.000264270667685, 0.000263120833552, 0.000216310814722, 0.00024499555002, 0.000280715001281, 0.000185017765034, 0.000157294751261, 0.000156527821673, 0.000142063538078, 0.000108319443825, 0.000126180442749, 0.000127346254885, 7.08461666363e-05, 5.31798832526e-05, 5.27580596099e-05, 4.02647128794e-05, 1.81840823643e-05],
        "mean": [0.00404165452346, 0.00207206350751, 0.0011097235838, 0.000540770357475, 0.000274366291706, 0.000216591652134, 0.000174579850864, 0.000162982367328, 0.000114799804578, 0.000138433533721, 0.000105121747765, 8.45698596095e-05, 8.42025619932e-05, 6.84723490849e-05, 7.06622231519e-05, 6.67545027682e-05, 6.22957595624e-05, 5.1917595556e-05, 4.57489295513e-05, 4.46619524155e-05, 4.0295348299e-05, 3.64046027244e-05, 3.25805267494e-05, 2.79934483842e-05, 2.28270491789e-05, 2.1115229174e-05, 2.13738603634e-05, 1.95858137886e-05, 1.84342970897e-05, 1.77361889655e-05, 1.57349022629e-05, 1.4901997929e-05, 1.23026129586e-05, 1.09006514322e-05, 9.33639876166e-06, 7.13475765224e-06, 5.61272554478e-06, 4.11150040236e-06, 2.9081293178e-06, 2.15982413465e-06],
        "median": [0.000839716638438, 0.000628101988696, 0.000281535583781, 0.000175617198693, 0.000108026448288, 7.80622358434e-05, 8.10045166872e-05, 6.71535235597e-05, 4.69967526442e-05, 5.48890893697e-05, 4.54899927718e-05, 4.70940976811e-05, 4.77164066979e-05, 3.65856321878e-05, 4.10580032622e-05, 4.09673084505e-05, 3.64884690498e-05, 3.22507767123e-05, 3.13123528031e-05, 3.10235409415e-05, 2.8519974876e-05, 2.79598971247e-05, 2.26904630836e-05, 2.03323488677e-05, 1.66425579664e-05, 1.53624241648e-05, 1.5229955352e-05, 1.47199189087e-05, 1.36167254823e-05, 1.2822509234e-05, 1.17862364277e-05, 1.0090527212e-05, 9.29903490032e-06, 7.75767330197e-06, 6.21665003564e-06, 4.79703157907e-06, 3.83840506402e-06, 2.68870780928e-06, 1.82389089787e-06, 1.29486852529e-06],
        "min": [1.21734825805e-24, 1.1728734635e-24, 7.5489472401e-25, 1.48317860589e-24, 1.20641770274e-24, 1.67050072758e-24, 1.89020342007e-24, 1.74759768157e-24, 1.76029597556e-24, 1.7968853165e-24, 2.10229321038e-24, 2.48066975193e-24, 2.28440608909e-24, 1.8848247692e-24, 2.35246190824e-24, 2.54080363266e-24, 2.50300851783e-24, 2.24013994825e-24, 3.59619480256e-24, 2.60029202795e-24, 2.25847406177e-24, 3.27765947435e-24, 2.7621804852e-24, 2.31515292895e-24, 4.04462317856e-24, 3.54085187132e-24, 5.0244176107e-24, 5.64003440594e-24, 4.9555737195e-24, 5.07078764357e-24, 4.04969160988e-24, 5.15799385006e-24, 5.08865021548e-24, 4.80860972172e-24, 5.11473745118e-24, 5.1876680363e-24, 5.61496716739e-24, 6.18476021594e-24, 6.30730423554e-24, 6.15633045777e-24],
        "var": [3.4044500353e-05, 1.5225054085e-05, 7.19485478839e-06, 1.39763176321e-06, 1.74244334517e-07, 1.07246805214e-07, 6.30138927704e-08, 7.37065164458e-08, 3.6006252202e-08, 6.2665179712e-08, 3.34695187121e-08, 1.22447918471e-08, 1.12526770124e-08, 9.78105951788e-09, 7.95680143995e-09, 6.19991880058e-09, 7.12025505223e-09, 3.75895004012e-09, 2.28374585909e-09, 2.18790252582e-09, 1.80456094512e-09, 1.20057119801e-09, 1.15132925416e-09, 8.1773199323e-10, 5.50059053861e-10, 4.34037111807e-10, 4.71184147255e-10, 3.44709621958e-10, 3.09271469545e-10, 2.96592778115e-10, 2.32248373311e-10, 2.61511035049e-10, 1.49158033147e-10, 1.29295449347e-10, 1.1050056703e-10, 6.65914337561e-11, 3.92024572526e-11, 2.25293082801e-11, 1.11918235096e-11, 6.39784059064e-12]
    },
    "mfcc": {
        "mean": [-611.002807617, 74.6249313354, -6.3199005127, 21.1291980743, 0.626273095608, 12.5529670715, -0.291866332293, 5.69419431686, 1.43105649948, 2.59234333038, -0.338232636452, 2.42981481552, -0.623150765896],
        "cov": [[11841.2539062, -610.106811523, 522.153625488, 607.881835938, 172.580871582, 432.423278809, 42.398639679, 272.01675415, 148.54536438, 283.00567627, 220.047073364, 217.274261475, 113.582527161], [-610.106811523, 1661.15026855, -337.674194336, 14.5556287766, -108.690635681, -80.6415481567, -41.7037849426, -153.504165649, -139.831893921, -177.787841797, -174.646377563, -145.748657227, -90.3830718994], [522.153625488, -337.674194336, 1047.6217041, 362.172332764, 347.72946167, 215.66003418, 167.758575439, 189.852355957, 170.221633911, 165.767715454, 157.03616333, 129.141464233, 86.3261947632], [607.881835938, 14.5556287766, 362.172332764, 449.11907959, 231.399887085, 218.90020752, 101.260452271, 87.7649993896, 53.1488113403, 51.3171615601, 57.2093391418, 47.4059410095, 29.8425579071], [172.580871582, -108.690635681, 347.72946167, 231.399887085, 284.770874023, 180.690170288, 120.310379028, 95.2135162354, 73.830368042, 75.6577529907, 77.305809021, 61.5496063232, 39.2174835205], [432.423278809, -80.6415481567, 215.66003418, 218.90020752, 180.690170288, 239.845306396, 126.98122406, 98.4747390747, 55.8374595642, 53.9285125732, 63.5390815735, 62.0866317749, 38.2742767334], [42.398639679, -41.7037849426, 167.758575439, 101.260452271, 120.310379028, 126.98122406, 192.063827515, 136.026168823, 109.304473877, 67.9138336182, 61.7171401978, 55.625831604, 42.6486129761], [272.01675415, -153.504165649, 189.852355957, 87.7649993896, 95.2135162354, 98.4747390747, 136.026168823, 190.235931396, 153.715911865, 115.36026001, 87.3843460083, 72.5534591675, 55.5855102539], [148.54536438, -139.831893921, 170.221633911, 53.1488113403, 73.830368042, 55.8374595642, 109.304473877, 153.715911865, 196.472183228, 146.020980835, 101.460975647, 73.7829437256, 56.5686683655], [283.00567627, -177.787841797, 165.767715454, 51.3171615601, 75.6577529907, 53.9285125732, 67.9138336182, 115.36026001, 146.020980835, 176.821655273, 126.515792847, 80.4668426514, 53.6786270142], [220.047073364, -174.646377563, 157.03616333, 57.2093391418, 77.305809021, 63.5390815735, 61.7171401978, 87.3843460083, 101.460975647, 126.515792847, 146.184997559, 103.962623596, 64.1382064819], [217.274261475, -145.748657227, 129.141464233, 47.4059410095, 61.5496063232, 62.0866317749, 55.625831604, 72.5534591675, 73.7829437256, 80.4668426514, 103.962623596, 120.26700592, 82.0905456543], [113.582527161, -90.3830718994, 86.3261947632, 29.8425579071, 39.2174835205, 38.2742767334, 42.6486129761, 55.5855102539, 56.5686683655, 53.6786270142, 64.1382064819, 82.0905456543, 100.607513428]],
