{
"lowlevel": {
    "average_loudness": 0.919625818729,
    "barkbands_crest": {
        "dmean": 3.03268194199,
        "dmean2": 4.68007612228,
        "dvar": 7.93674850464,
        "dvar2": 18.7317314148,
        "max": 26.8893871307,
        "mean": 12.4627809525,
        "median": 12.1463489532,
        "min": 2.12225413322,
        "var": 28.9599819183
    },
    "barkbands_flatness_db": {
        "dmean": 0.0307639054954,
        "dmean2": 0.0456117391586,
        "dvar": 0.00120116514154,
        "dvar2": 0.00272945361212,
        "max": 0.605411708355,
        "mean": 0.144631758332,
        "median": 0.121654003859,
        "min": 0.00967570953071,
        "var": 0.00807154271752
    },
    "barkbands_kurtosis": {
        "dmean": 9.00153160095,
        "dmean2": 14.1799974442,
        "dvar": 1130.81750488,
        "dvar2": 2924.95581055,
        "max": 1116.28405762,
        "mean": 10.3901634216,
        "median": 1.48297786713,
        "min": -1.91563665867,
        "var": 1485.1340332
    },
    "barkbands_skewness": {
        "dmean": 0.954719722271,
        "dmean2": 1.40431201458,
        "dvar": 1.80939483643,
        "dvar2": 4.26593589783,
        "max": 29.5493335724,
        "mean": 1.9998497963,
        "median": 1.48932945728,
        "min": -2.09092926979,
        "var": 4.9995341301
    },
    "barkbands_spread": {
        "dmean": 10.4976081848,
        "dmean2": 16.1384601593,
        "dvar": 138.363983154,
        "dvar2": 316.762359619,
        "max": 128.664138794,
        "mean": 35.0104026794,
        "median": 33.2555923462,
        "min": 0.0837583839893,
        "var": 549.798034668
    },
    "dissonance": {
        "dmean": 0.017371525988,
        "dmean2": 0.0294442884624,
        "dvar": 0.000677098403685,
        "dvar2": 0.00186928769108,
        "max": 0.499993920326,
        "mean": 0.469117611647,
        "median": 0.484377801418,
        "min": 0.124800547957,
        "var": 0.00207684398629
    },
    "dynamic_complexity": 2.44354772568,
    "erbbands_crest": {
        "dmean": 2.45358181,
        "dmean2": 4.04610443115,
        "dvar": 6.65835475922,
        "dvar2": 16.790555954,
        "max": 32.8189697266,
        "mean": 7.9448633194,
        "median": 6.25606822968,
        "min": 2.20184731483,
        "var": 26.7391738892
    },
    "erbbands_flatness_db": {
        "dmean": 0.0190392918885,
        "dmean2": 0.0288704168051,
        "dvar": 0.000387308420613,
        "dvar2": 0.000903555250261,
        "max": 0.551762163639,
        "mean": 0.142190858722,
        "median": 0.117234550416,
        "min": 0.043857216835,
        "var": 0.00632310146466
    },
    "erbbands_kurtosis": {
        "dmean": 2.00607395172,
        "dmean2": 3.26471352577,
        "dvar": 41.1881637573,
        "dvar2": 113.117050171,
        "max": 178.832382202,
        "mean": 1.48806154728,
        "median": -0.27289545536,
        "min": -1.91861772537,
        "var": 66.7219848633
    },
    "erbbands_skewness": {
        "dmean": 0.52751159668,
        "dmean2": 0.792620241642,
        "dvar": 0.378247022629,
        "dvar2": 0.855794787407,
        "max": 11.4606370926,
        "mean": -0.0315915048122,
        "median": -0.220798939466,
        "min": -3.32480692863,
        "var": 1.55199205875
    },
    "erbbands_spread": {
        "dmean": 13.5877151489,
        "dmean2": 21.0283813477,
        "dvar": 277.206512451,
        "dvar2": 678.047363281,
        "max": 210.6978302,
        "mean": 49.0667724609,
        "median": 46.4671783447,
        "min": 0.700235009193,
        "var": 734.430969238
    },
    "hfc": {
        "dmean": 15.3398246765,
        "dmean2": 22.3225784302,
        "dvar": 444.941864014,
        "dvar2": 984.239013672,
        "max": 242.91847229,
        "mean": 40.1980934143,
        "median": 30.4448242188,
        "min": 1.17081155604e-16,
        "var": 1369.44873047
    },
    "melbands_crest": {
        "dmean": 4.34172296524,
        "dmean2": 6.82580423355,
        "dvar": 16.7250080109,
        "dvar2": 40.4052009583,
        "max": 37.7309608459,
        "mean": 21.4897422791,
        "median": 21.4454689026,
        "min": 1.86745858192,
        "var": 66.8646240234
    },
    "melbands_flatness_db": {
        "dmean": 0.0389909446239,
        "dmean2": 0.056247536093,
        "dvar": 0.00173926749267,
        "dvar2": 0.00387373217382,
        "max": 0.649700164795,
        "mean": 0.209634944797,
        "median": 0.192669317126,
        "min": 0.0049182116054,
        "var": 0.0104689057916
    },
    "melbands_kurtosis": {
        "dmean": 27.7970638275,
        "dmean2": 43.7167663574,
        "dvar": 5287.60253906,
        "dvar2": 13447.5087891,
        "max": 1571.19775391,
        "mean": 38.0898933411,
        "median": 12.3892860413,
        "min": -1.8055126667,
        "var": 7400.19628906
    },
    "melbands_skewness": {
        "dmean": 1.53366804123,
        "dmean2": 2.28004384041,
        "dvar": 4.45738601685,
        "dvar2": 10.4616336823,
        "max": 30.9683589935,
        "mean": 4.12726163864,
        "median": 3.21166944504,
        "min": -2.41998624802,
        "var": 11.9197492599
    },
    "melbands_spread": {
        "dmean": 12.3220691681,
        "dmean2": 18.376367569,
        "dvar": 246.778091431,
        "dvar2": 520.265380859,
        "max": 188.837936401,
        "mean": 29.81224823,
        "median": 22.2887191772,
        "min": 0.256492048502,
        "var": 760.174560547
    },
    "pitch_salience": {
        "dmean": 0.0934303626418,
        "dmean2": 0.14725714922,
        "dvar": 0.00852277874947,
        "dvar2": 0.0207657627761,
        "max": 0.930908918381,
        "mean": 0.476496458054,
        "median": 0.494713544846,
        "min": 0.0337030291557,
        "var": 0.0266359075904
    },
    "silence_rate_20dB": {
        "dmean": 0,
        "dmean2": 0,
        "dvar": 0,
        "dvar2": 0,
        "max": 1,
        "mean": 1,
        "median": 1,
        "min": 1,
        "var": 0
    },
    "silence_rate_30dB": {
        "dmean": 0.00707058375701,
        "dmean2": 0.0141428923234,
        "dvar": 0.00702033191919,
        "dvar2": 0.0202817581594,
        "max": 1,
        "mean": 0.995977580547,
        "median": 1,
        "min": 0,
        "var": 0.00400588475168
    },
    "silence_rate_60dB": {
        "dmean": 0.0295014027506,
        "dmean2": 0.0588880777359,
        "dvar": 0.0286304373294,
        "dvar2": 0.0632265657187,
        "max": 1,
        "mean": 0.05862993747,
        "median": 0,
        "min": 0,
        "var": 0.0551904812455
    },
    "spectral_centroid": {
        "dmean": 408.812652588,
        "dmean2": 603.537902832,
        "dvar": 195421.734375,
        "dvar2": 405753.875,
        "max": 10615.8017578,
        "mean": 2003.41259766,
        "median": 2064.83203125,
        "min": 142.760696411,
        "var": 922881.375
    },
    "spectral_complexity": {
        "dmean": 6.16433000565,
        "dmean2": 9.00109767914,
        "dvar": 45.3694114685,
        "dvar2": 89.3245010376,
        "max": 60,
        "mean": 23.279132843,
        "median": 23,
        "min": 0,
        "var": 226.864151001
    },
    "spectral_decrease": {
        "dmean": 2.83009859992e-09,
        "dmean2": 4.26296731248e-09,
        "dvar": 1.07229432854e-17,
        "dvar2": 2.45415769261e-17,
        "max": 2.76276757008e-29,
        "mean": -9.59286694524e-09,
        "median": -9.01043950563e-09,
        "min": -3.75447086753e-08,
        "var": 4.35813042828e-17
    },
    "spectral_energy": {
        "dmean": 0.0111420480534,
        "dmean2": 0.0167482830584,
        "dvar": 0.000155729241669,
        "dvar2": 0.000355339376256,
        "max": 0.144297510386,
        "mean": 0.0398518405855,
        "median": 0.0388638451695,
        "min": 1.05153396666e-20,
        "var": 0.000668988504913
    },
    "spectral_energyband_high": {
        "dmean": 0.0015495265834,
        "dmean2": 0.00231134868227,
        "dvar": 5.48545904167e-06,
        "dvar2": 1.24750013129e-05,
        "max": 0.0246665775776,
        "mean": 0.00347844068892,
        "median": 0.00202821195126,
        "min": 7.61748445057e-21,
        "var": 1.51943695528e-05
    },
    "spectral_energyband_low": {
        "dmean": 0.00905722472817,
        "dmean2": 0.0139395697042,
        "dvar": 0.000164233584655,
        "dvar2": 0.000380375480745,
        "max": 0.13266594708,
        "mean": 0.024787787348,
        "median": 0.01859196648,
        "min": 5.23819165849e-23,
        "var": 0.000586545502301
    },
    "spectral_energyband_middle_high": {
        "dmean": 0.00235771620646,
        "dmean2": 0.00356021244079,
        "dvar": 1.01857704067e-05,
        "dvar2": 2.26204592764e-05,
        "max": 0.055849827826,
        "mean": 0.00488640088588,
        "median": 0.00343236792833,
        "min": 1.71592822155e-21,
        "var": 2.57681713265e-05
    },
    "spectral_energyband_middle_low": {
        "dmean": 0.00493860105053,
        "dmean2": 0.00788705423474,
        "dvar": 7.64353389968e-05,
        "dvar2": 0.000180215065484,
        "max": 0.123403377831,
        "mean": 0.00776888523251,
        "median": 0.00461641792208,
        "min": 2.59424393394e-22,
        "var": 9.64480932453e-05
    },
    "spectral_entropy": {
        "dmean": 0.178429156542,
        "dmean2": 0.273923426867,
        "dvar": 0.0624284297228,
        "dvar2": 0.15193271637,
        "max": 9.80161094666,
        "mean": 7.89141845703,
        "median": 8.10142326355,
        "min": 3.6902794838,
        "var": 0.524809360504
    },
    "spectral_flux": {
        "dmean": 0.0291165988892,
        "dmean2": 0.0440900214016,
        "dvar": 0.00104168360122,
        "dvar2": 0.00220089615323,
        "max": 0.362065702677,
        "mean": 0.105291604996,
        "median": 0.0989594757557,
        "min": 1.02544327196e-10,
        "var": 0.00324547174387
    },
    "spectral_kurtosis": {
        "dmean": 1.80012822151,
        "dmean2": 2.92424726486,
        "dvar": 22.9969043732,
        "dvar2": 62.3890762329,
        "max": 124.183700562,
        "mean": 4.03638792038,
        "median": 2.10015463829,
        "min": -1.21012914181,
        "var": 54.6582603455
    },
    "spectral_rms": {
        "dmean": 0.000875499797985,
        "dmean2": 0.00129554374143,
        "dvar": 7.60915952469e-07,
        "dvar2": 1.64017933457e-06,
        "max": 0.0118649937212,
        "mean": 0.00579878594726,
        "median": 0.0061575928703,
        "min": 3.20294680535e-12,
        "var": 5.25404266227e-06
    },
    "spectral_rolloff": {
        "dmean": 1025.54443359,
        "dmean2": 1646.47241211,
        "dvar": 2233295.5,
        "dvar2": 4902863,
        "max": 18927.6855469,
        "mean": 2246.63867188,
        "median": 1205.859375,
        "min": 43.06640625,
        "var": 6044905.5
    },
    "spectral_skewness": {
        "dmean": 0.246101647615,
        "dmean2": 0.385094434023,
        "dvar": 0.123926140368,
        "dvar2": 0.322219103575,
        "max": 9.27293872833,
        "mean": 1.33925020695,
        "median": 1.17197966576,
        "min": 0.0310417227447,
        "var": 0.562928855419
    },
    "spectral_spread": {
        "dmean": 779841.0625,
        "dmean2": 1155285.75,
        "dvar": 923297447936,
        "dvar2": 1.87137602355e+12,
        "max": 40861448,
        "mean": 5712069.5,
        "median": 5774451,
        "min": 655469.5,
        "var": 4.69352893645e+12
    },
    "spectral_strongpeak": {
        "dmean": 0.249455913901,
        "dmean2": 0.418732732534,
        "dvar": 0.209858566523,
        "dvar2": 0.561825037003,
        "max": 11.1662216187,
        "mean": 0.483384370804,
        "median": 0.330578625202,
        "min": 0,
        "var": 0.247668981552
    },
    "zerocrossingrate": {
        "dmean": 0.0170091874897,
        "dmean2": 0.0187067314982,
        "dvar": 0.000379522884032,
        "dvar2": 0.000407365849242,
        "max": 0.65478515625,
        "mean": 0.0810540914536,
        "median": 0.06787109375,
        "min": 0.001953125,
        "var": 0.00310837267898
    },
    "barkbands": {
        "dmean": [0.00115481053945, 0.00733555061743, 0.00313632539473, 0.00191055831965, 0.00188417721074, 0.00101717701182, 0.000958723423537, 0.000721581513062, 0.00055323773995, 0.000371828151401, 0.000361273327144, 0.000339698744938, 0.000289979274385, 0.00026618965785, 0.000319151120493, 0.000396392337279, 0.000485406519147, 0.000392982707126, 0.000363230094081, 0.000331403163727, 0.000370849476894, 0.000375312869437, 0.000312890042551, 0.000275114085525, 0.000256588653428, 0.000150912004756, 2.80989715975e-05],
        "dmean2": [0.00148863089271, 0.0108524113894, 0.00538885686547, 0.00325222429819, 0.00313707441092, 0.00174309220165, 0.00159956654534, 0.00121210084762, 0.000918081321288, 0.000620175967924, 0.000614161312114, 0.000574806821533, 0.000488239107653, 0.000447166647064, 0.000526476011146, 0.000632628798485, 0.000773365842178, 0.000632122042589, 0.000578937411774, 0.000531277270056, 0.000592397351284, 0.000595359771978, 0.00049170240527, 0.000419462710852, 0.000396992400056, 0.000232618578593, 4.57381247543e-05],
        "dvar": [3.42880707649e-06, 0.00012070316734, 6.99698721291e-05, 3.43796527886e-05, 2.3455311748e-05, 7.12610972187e-06, 4.06270328313e-06, 2.24432051255e-06, 1.3594479924e-06, 6.95862809152e-07, 6.44136719075e-07, 9.78503976512e-07, 4.44848950565e-07, 3.24092866322e-07, 4.70311164236e-07, 6.25386178399e-07, 8.64447656568e-07, 5.72629346607e-07, 4.2611986828e-07, 3.7158903865e-07, 4.17558311483e-07, 4.13861755533e-07, 2.61089411424e-07, 1.96753347836e-07, 2.00153138508e-07, 1.07712914144e-07, 9.37688682257e-09],
        "dvar2": [5.82640268476e-06, 0.0002501529234, 0.000189647355, 9.1442707344e-05, 6.19925704086e-05, 1.90879818547e-05, 1.02532812889e-05, 5.83094606554e-06, 3.15542411045e-06, 1.69451402598e-06, 1.86026568372e-06, 2.48411060966e-06, 1.18709374419e-06, 8.20528555323e-07, 1.17153604151e-06, 1.40799193105e-06, 2.11480050893e-06, 1.33828575599e-06, 9.60330794442e-07, 8.83605878244e-07, 1.017022214e-06, 1.01629518667e-06, 6.33158435903e-07, 4.67137738269e-07, 4.77947196487e-07, 2.43686088197e-07, 2.35901005396e-08],
        "max": [0.0263876635581, 0.126679584384, 0.0856398046017, 0.0839896947145, 0.0903074815869, 0.062095887959, 0.0325007326901, 0.0322024971247, 0.0426404364407, 0.0257297791541, 0.0246580727398, 0.0550466403365, 0.014896585606, 0.0102416491136, 0.0146596645936, 0.0165243949741, 0.0196324400604, 0.0153077580035, 0.0115905087441, 0.0111838467419, 0.0112160257995, 0.0120862629265, 0.00662677455693, 0.00710475957021, 0.00621632300317, 0.00490210112184, 0.00150491518434],
        "mean": [0.00282800383866, 0.017786540091, 0.00318259070627, 0.00188721960876, 0.00209060846828, 0.00106960441917, 0.00111300544813, 0.000830978853628, 0.000665783183649, 0.000444863748271, 0.000425276317401, 0.000397957657697, 0.0003475342819, 0.000331658491632, 0.000412351015257, 0.000550461001694, 0.000670012377668, 0.000561744498555, 0.000539157306775, 0.000523539667483, 0.00060793425655, 0.000664209364913, 0.000592856260482, 0.000552354205865, 0.000481150636915, 0.000265061738901, 2.93803550449e-05],
        "median": [0.00123901676852, 0.01116086822, 0.000573410536163, 0.000368108623661, 0.000438383431174, 0.000384412560379, 0.000313151802402, 0.000301558407955, 0.0002734210575, 0.000158084483701, 0.000188920341316, 0.000164623575984, 0.000141500000609, 0.00012727540161, 0.000156098918524, 0.000242338894168, 0.00027378636878, 0.000299893406918, 0.000291968899546, 0.000278498162515, 0.000330613402184, 0.000331154849846, 0.000275004538707, 0.000256159459241, 0.000187564684893, 7.21151009202e-05, 2.06855020224e-06],
        "min": [9.794299784e-24, 3.13015337135e-23, 2.42913662443e-24, 4.51529877316e-23, 2.25757302484e-23, 2.91333274274e-23, 1.11577344715e-22, 6.77654157893e-24, 3.10409414021e-23, 4.80498995457e-23, 8.46499689904e-23, 9.69259005422e-23, 1.28113358658e-22, 3.09887838123e-22, 9.76221617989e-23, 1.58573221962e-22, 1.25497508518e-22, 1.8542244997e-22, 3.17588256518e-22, 2.78521542085e-22, 3.72628785814e-22, 4.31236455772e-22, 5.53982101908e-22, 1.01520637924e-21, 1.10236356907e-21, 1.58729103401e-21, 2.67056815765e-21],
        "var": [1.31598699227e-05, 0.000399882963393, 5.48237585463e-05, 2.68564235739e-05, 2.20739202632e-05, 5.86742771702e-06, 5.2682335081e-06, 2.50728567153e-06, 1.70672126387e-06, 8.61076330239e-07, 6.82068389324e-07, 9.14217423542e-07, 4.49668306146e-07, 3.93494246964e-07, 6.12834526237e-07, 9.86158170235e-07, 1.28175588543e-06, 7.82777931363e-07, 6.60362616145e-07, 6.08308425853e-07, 6.66067421662e-07, 7.99561973963e-07, 5.71805117033e-07, 5.02898103605e-07, 4.83088683723e-07, 2.25770065754e-07, 8.88641960017e-09]
    },
    "erbbands": {
        "dmean": [0.370241135359, 1.22478866577, 3.1004049778, 5.17954874039, 6.32047748566, 6.58697938919, 6.69384241104, 9.00132751465, 10.6857690811, 20.4700660706, 11.0161437988, 13.7276268005, 10.4145402908, 12.0512485504, 15.2923526764, 12.7186775208, 12.5425748825, 12.808347702, 13.9439067841, 17.8537693024, 22.4254436493, 25.7575759888, 22.6159934998, 18.1134967804, 17.0709190369, 15.8438024521, 14.3807592392, 15.8304834366, 13.7160701752, 11.4618253708, 8.59949588776, 6.21479701996, 4.57725095749, 3.1280465126, 1.74508774281, 0.778240561485, 0.27472987771, 0.0545023679733, 0.00465880148113, 8.31223733258e-05],
        "dmean2": [0.523186147213, 1.84505975246, 5.1415886879, 8.65324306488, 10.6157426834, 10.9917402267, 11.5570116043, 15.3907089233, 18.0337181091, 33.6350326538, 18.6173629761, 22.82762146, 17.4188041687, 19.8182811737, 25.6315593719, 21.1882228851, 20.9959754944, 21.0089988708, 22.9340400696, 28.7331504822, 34.88073349, 40.8776054382, 36.0903587341, 29.0597782135, 27.0588874817, 25.424703598, 22.7882461548, 25.43542099, 21.9522132874, 18.091047287, 13.5395507812, 9.6406917572, 7.03380870819, 4.8661608696, 2.75392317772, 1.22681510448, 0.424070805311, 0.0826082229614, 0.00756175769493, 0.000129518855829],
        "dvar": [0.34057945013, 4.04663562775, 65.1452789307, 172.32749939, 417.902313232, 253.781173706, 363.050292969, 440.494781494, 587.961181641, 1696.25634766, 422.610473633, 1054.57226562, 404.322814941, 697.862182617, 922.757080078, 1483.95251465, 854.263977051, 666.488647461, 814.94152832, 1277.45629883, 1949.72290039, 2465.81860352, 1871.55541992, 1280.5213623, 893.46661377, 897.879455566, 656.691711426, 833.031982422, 589.877929688, 387.669647217, 199.963531494, 102.036231995, 55.2186508179, 27.9838466644, 10.2319431305, 2.58244943619, 0.388572961092, 0.0226746201515, 0.000282812805381, 5.8908913303e-08],
        "dvar2": [0.615310251713, 8.81757926941, 171.617507935, 437.617828369, 1125.74157715, 644.086975098, 980.417724609, 1185.91955566, 1528.12890625, 4393.44287109, 1131.20947266, 2486.73925781, 1004.03936768, 1654.98571777, 2483.86132812, 3731.76904297, 2256.70214844, 1650.38525391, 2068.27270508, 3027.6940918, 4279.29541016, 6024.42919922, 4348.51025391, 2927.80371094, 2056.18725586, 2140.55224609, 1553.84765625, 2056.10595703, 1493.88464355, 955.141540527, 484.378204346, 250.586502075, 128.638076782, 66.0761871338, 25.3375072479, 6.17210149765, 0.871512413025, 0.0518949590623, 0.00072579929838, 1.46011771562e-07],
        "max": [6.3854470253, 26.5736675262, 82.052772522, 170.133514404, 326.441894531, 397.256225586, 293.814575195, 486.993743896, 518.647705078, 619.569458008, 358.840667725, 1254.60546875, 461.895294189, 783.844482422, 716.992980957, 2195.22875977, 698.516540527, 406.963287354, 582.275512695, 611.101928711, 987.161010742, 1212.75891113, 964.493591309, 634.757202148, 487.167236328, 679.973632812, 470.04901123, 512.248535156, 462.658782959, 305.565856934, 215.340499878, 136.980499268, 114.931907654, 86.9940185547, 34.053653717, 25.2435913086, 7.59425115585, 2.08743906021, 0.299658864737, 0.00424456922337],
        "mean": [0.914735555649, 2.36788678169, 3.44076108932, 5.77327823639, 6.53132390976, 7.11167144775, 6.76239776611, 9.84488296509, 11.7081375122, 24.5443725586, 12.7517938614, 16.4530620575, 13.284409523, 15.4110565186, 18.9040203094, 15.6302452087, 15.8014221191, 16.8732032776, 18.9680347443, 24.969461441, 33.160736084, 37.0413360596, 33.0282936096, 27.2070579529, 26.6667633057, 25.0869827271, 23.3865203857, 25.6355285645, 23.626209259, 20.6026744843, 16.3271255493, 12.2141504288, 8.81139850616, 5.83616733551, 3.13069462776, 1.37228655815, 0.453779637814, 0.0782746449113, 0.00507074920461, 0.000149201528984],
        "median": [0.480382323265, 1.26651620865, 0.955145955086, 1.50874590874, 1.53674316406, 1.32924842834, 1.97805476189, 3.65798473358, 3.63112926483, 7.81878757477, 5.92315196991, 6.53950881958, 6.00705051422, 6.05986785889, 9.34390926361, 6.76747703552, 6.74216556549, 6.80186843872, 7.95450973511, 10.5703830719, 14.1852149963, 16.1624336243, 17.2693824768, 15.3872127533, 14.920378685, 13.6026477814, 12.6835336685, 13.2426452637, 11.7650356293, 9.7932472229, 7.48892974854, 5.57574176788, 3.91008758545, 2.2851228714, 1.1810901165, 0.421348154545, 0.10628940165, 0.0139480587095, 0.000490158912726, 8.32615696709e-05],
        "min": [5.62170402374e-22, 7.92303317507e-21, 8.58056421386e-21, 6.31190183049e-20, 1.17820039236e-19, 9.46336819897e-20, 6.35728755049e-20, 2.44028904804e-19, 1.03503559085e-18, 1.47790271414e-18, 3.03207732272e-19, 6.35411867326e-19, 1.24589747407e-18, 3.72509208335e-18, 1.554348575e-18, 5.0080756832e-18, 6.25702493674e-18, 1.020239439e-17, 1.07373502901e-17, 6.4039380038e-18, 8.57449798144e-18, 8.37122992644e-18, 1.01428018172e-17, 1.53877679657e-17, 1.45756536208e-17, 1.41203270896e-17, 1.23828383488e-17, 1.52572785697e-17, 1.68869203294e-17, 1.46174924162e-17, 1.54551567159e-17, 1.8800787965e-17, 1.79188843919e-17, 1.22875405248e-17, 8.48504584282e-18, 5.95380244447e-18, 2.90361343355e-18, 1.44588151865e-18, 3.23947140632e-19, 4.01558156473e-20],
        "var": [1.16647934914, 10.2814159393, 58.5688858032, 159.193161011, 320.625366211, 271.27154541, 294.566772461, 421.179718018, 615.066101074, 2035.23461914, 445.644104004, 1237.95361328, 539.939025879, 987.864562988, 1064.64916992, 1429.00073242, 884.195068359, 891.175354004, 1119.9588623, 1984.7746582, 3374.02319336, 3663.91870117, 2668.78857422, 1790.29736328, 1478.63818359, 1432.3359375, 1033.84228516, 1309.91809082, 1061.00427246, 736.791320801, 442.158325195, 247.672286987, 136.408203125, 67.2316665649, 22.4981384277, 5.56474685669, 0.744408071041, 0.031114583835, 0.00026110233739, 6.64511503601e-08]
    },
    "gfcc": {
        "mean": [14.1742668152, 52.1647415161, -104.400024414, 43.2177581787, -55.7265510559, 20.6037273407, -31.436422348, 20.1806678772, -15.4502744675, 8.90188312531, -12.4723148346, 7.32246923447, -9.43059921265],
        "cov": [[10553.7841797, -3588.06787109, 1376.96350098, 1796.44885254, 746.923278809, 1659.34191895, 43.760925293, 661.641540527, -452.871856689, 454.82232666, -660.167175293, 335.468597412, -367.434875488], [-3588.06787109, 2844.37109375, -714.870422363, -700.636901855, -177.658813477, -828.670532227, -74.3329238892, -451.091674805, 150.26071167, -342.735961914, 275.499206543, -248.890625, 158.919784546], [1376.96350098, -714.870422363, 1425.30297852, 752.031921387, 300.889465332, 470.356964111, 83.563873291, 170.193283081, -92.5843811035, 101.250198364, -133.680480957, 38.3026123047, -112.340003967], [1796.44885254, -700.636901855, 752.031921387, 1141.6373291, 421.131103516, 547.096313477, 80.9457321167, 186.991027832, -73.3199615479, 80.2122573853, -131.50378418, 22.1823101044, -61.3649139404], [746.923278809, -177.658813477, 300.889465332, 421.131103516, 483.459533691, 327.879425049, 105.938369751, 96.1700744629, -3.04598975182, 19.3496074677, -41.2735099792, -4.866147995, -35.2605819702], [1659.34191895, -828.670532227, 470.356964111, 547.096313477, 327.879425049, 720.244506836, 247.093688965, 277.11416626, -37.7769813538, 150.879959106, -64.4897613525, 57.1786613464, -72.8183670044], [43.760925293, -74.3329238892, 83.563873291, 80.9457321167, 105.938369751, 247.093688965, 334.546051025, 153.601577759, 51.6129760742, 67.2688446045, 50.431388855, 11.361158371, -8.88172340393], [661.641540527, -451.091674805, 170.193283081, 186.991027832, 96.1700744629, 277.11416626, 153.601577759, 281.548858643, 72.9431152344, 113.034393311, -9.44899845123, 38.8265762329, -38.4222183228], [-452.871856689, 150.26071167, -92.5843811035, -73.3199615479, -3.04598975182, -37.7769813538, 51.6129760742, 72.9431152344, 207.573532104, 68.4419326782, 63.2583351135, -2.83857560158, 9.11169528961], [454.82232666, -342.735961914, 101.250198364, 80.2122573853, 19.3496074677, 150.879959106, 67.2688446045, 113.034393311, 68.4419326782, 170.082550049, 30.156042099, 57.2755355835, -24.6479587555], [-660.167175293, 275.499206543, -133.680480957, -131.50378418, -41.2735099792, -64.4897613525, 50.431388855, -9.44899845123, 63.2583351135, 30.156042099, 172.249771118, 16.0755615234, 43.8497924805], [335.468597412, -248.890625, 38.3026123047, 22.1823101044, -4.866147995, 57.1786613464, 11.361158371, 38.8265762329, -2.83857560158, 57.2755355835, 16.0755615234, 116.805183411, 33.2255439758], [-367.434875488, 158.919784546, -112.340003967, -61.3649139404, -35.2605819702, -72.8183670044, -8.88172340393, -38.4222183228, 9.11169528961, -24.6479587555, 43.8497924805, 33.2255439758, 118.410667419]],
        "icov": [[0.000307511276333, -2.05784226637e-06, 0.000122926969198, -0.000158206719789, -9.15846321732e-05, -0.000328922673361, 0.000300958461594, -0.000252315861871, 0.000548605748918, -0.000550062744878, 0.000749795057345, -0.000633046205621, 0.000446028367151], [-2.05784226637e-06, 0.00121426198166, -5.51326011191e-05, 5.58158062631e-05, -0.000304437213344, 0.000661788217258, -0.000597322592512, 0.00103887193836, -0.000994868809357, 0.00149179960135, -0.00144080165774, 0.00158287247177, -0.000574330158997], [0.000122926969198, -5.51326011191e-05, 0.0012393159559, -0.000677997712046, -9.07067660592e-05, -0.000220946996706, 7.35230496502e-05, -0.000163283853908, 0.000580920313951, -0.000575593032409, 0.00059548090212, -0.000626999593806, 0.000860404223204], [-0.000158206719789, 5.58158062631e-05, -0.000677997712046, 0.00215450464748, -0.000870589283295, -0.000683087971993, 0.00044692622032, -0.000110831264465, -0.000127847626572, 0.000129247418954, 1.58103393915e-05, 0.000891961157322, -0.000993681722321], [-9.15846321732e-05, -0.000304437213344, -9.07067660592e-05, -0.000870589283295, 0.00394221954048, -0.00171629549004, -0.000146282400237, 0.000585415400565, -0.00122649385594, 0.00148199382238, -0.000109939879621, -0.00021874414233, 0.000389569700928], [-0.000328922673361, 0.000661788217258, -0.000220946996706, -0.000683087971993, -0.00171629549004, 0.00599398603663, -0.00265616201796, -0.00155461591203, 0.00143604038749, -0.00128093257081, -0.000795332773123, 0.00122010731138, -0.000426116923336], [0.000300958461594, -0.000597322592512, 7.35230496502e-05, 0.00044692622032, -0.000146282400237, -0.00265616201796, 0.00593663239852, -0.00240842602216, 0.000491360900924, -0.000594628159888, -0.000469339312986, -0.000403128738981, 0.000149060506374], [-0.000252315861871, 0.00103887193836, -0.000163283853908, -0.000110831264465, 0.000585415400565, -0.00155461591203, -0.00240842602216, 0.00945707317442, -0.00445227930322, 0.000713513523806, -0.000673387898132, 0.000427674385719, 0.000337212055456], [0.000548605748918, -0.000994868809357, 0.000580920313951, -0.000127847626572, -0.00122649385594, 0.00143604038749, 0.000491360900924, -0.00445227930322, 0.0104435887188, -0.00660240836442, 0.00121912953909, 0.000151074738824, -3.93160044041e-05], [-0.000550062744878, 0.00149179960135, -0.000575593032409, 0.000129247418954, 0.00148199382238, -0.00128093257081, -0.000594628159888, 0.000713513523806, -0.00660240836442, 0.0161955319345, -0.00550801493227, -0.0025632570032, 0.00229059811682], [0.000749795057345, -0.00144080165774, 0.00059548090212, 1.58103393915e-05, -0.000109939879621, -0.000795332773123, -0.000469339312986, -0.000673387898132, 0.00121912953909, -0.00550801493227, 0.0122669069096, -0.00351520185359, -0.000738701783121], [-0.000633046205621, 0.00158287247177, -0.000626999593806, 0.000891961157322, -0.00021874414233, 0.00122010731138, -0.000403128738981, 0.000427674385719, 0.000151074738824, -0.0025632570032, -0.00351520185359, 0.0169349238276, -0.00742295337841], [0.000446028367151, -0.000574330158997, 0.000860404223204, -0.000993681722321, 0.000389569700928, -0.000426116923336, 0.000149060506374, 0.000337212055456, -3.93160044041e-05, 0.00229059811682, -0.000738701783121, -0.00742295337841, 0.0137121723965]]
    },
    "melbands": {
        "dmean": [0.00251635885797, 0.00143533351365, 0.000892662501428, 0.000460633658804, 0.000240004068473, 0.000197439701878, 0.00017219161964, 0.000216535016079, 8.498862735e-05, 8.64725952852e-05, 5.26931798959e-05, 5.00725436723e-05, 4.98929657624e-05, 4.05183091061e-05, 3.0674655136e-05, 2.86056892946e-05, 2.44777838816e-05, 2.32588390645e-05, 2.55004142673e-05, 2.6403227821e-05, 2.85327441816e-05, 2.88383052975e-05, 2.5750407076e-05, 1.82113035407e-05, 1.53646324179e-05, 1.42349836096e-05, 1.17212603072e-05, 1.10661549115e-05, 9.50060621108e-06, 9.2674017651e-06, 9.99404528557e-06, 8.56532096805e-06, 7.13313011147e-06, 6.58108410789e-06, 5.47007084606e-06, 4.386647106e-06, 3.91253661292e-06, 3.48755770574e-06, 3.0639155284e-06, 2.68771327683e-06],
        "dmean2": [0.00365988211706, 0.00222822092474, 0.00146340113133, 0.000768468540628, 0.000410010135965, 0.00033783930121, 0.000287613889668, 0.000357293902198, 0.000144514531712, 0.000143539713463, 8.85799090611e-05, 8.29235141282e-05, 8.44414898893e-05, 6.78551732562e-05, 5.16253094247e-05, 4.81149909319e-05, 4.05320533901e-05, 3.87598593079e-05, 4.20702344854e-05, 4.28138300776e-05, 4.48924838565e-05, 4.64959157398e-05, 4.18207637267e-05, 2.93639332085e-05, 2.49685981544e-05, 2.262173075e-05, 1.90781956917e-05, 1.78797254193e-05, 1.52393013195e-05, 1.50974110511e-05, 1.61596544785e-05, 1.38250006785e-05, 1.15252569231e-05, 1.05135295598e-05, 8.72740201885e-06, 6.9635066211e-06, 6.20210676061e-06, 5.47601030121e-06, 4.76289369544e-06, 4.26643100582e-06],
        "dvar": [1.48595809151e-05, 9.13051735552e-06, 5.07590357302e-06, 1.61508990004e-06, 3.56752877906e-07, 2.22688242957e-07, 1.41713428548e-07, 1.88435151927e-07, 2.5919655755e-08, 4.04123241537e-08, 1.11564135707e-08, 1.2725648979e-08, 1.17031992986e-08, 1.83625914474e-08, 4.85696904917e-09, 4.70521221985e-09, 2.60707655464e-09, 2.48185649809e-09, 3.14195913731e-09, 2.62278065932e-09, 3.61274987704e-09, 3.4814526817e-09, 2.82513212824e-09, 1.2221040846e-09, 9.97857352303e-10, 6.6156868872e-10, 4.85922857507e-10, 4.57060306269e-10, 3.09064329684e-10, 2.76681927369e-10, 3.42615380511e-10, 2.3660526316e-10, 1.63596899916e-10, 1.28158497703e-10, 8.28109039674e-11, 5.19120059439e-11, 4.44467032623e-11, 3.45943933222e-11, 2.55657890691e-11, 2.13593188275e-11],
        "dvar2": [2.88056016871e-05, 2.26156425924e-05, 1.25862516143e-05, 4.24014615419e-06, 9.50478352024e-07, 5.9866454194e-07, 3.61191382581e-07, 4.8783448392e-07, 6.92350425879e-08, 9.37832851378e-08, 2.80552665544e-08, 2.98686622102e-08, 3.26131548434e-08, 4.84219420116e-08, 1.23404237939e-08, 1.3020612144e-08, 6.52612408558e-09, 6.43149400403e-09, 7.74195463293e-09, 6.38954134047e-09, 8.20233037047e-09, 8.64114646504e-09, 7.16175607707e-09, 2.85729417904e-09, 2.36492714301e-09, 1.53424017935e-09, 1.18280485406e-09, 1.10340370174e-09, 7.31695148914e-10, 7.06088687519e-10, 8.43037140097e-10, 6.02030869601e-10, 4.13920037134e-10, 3.19293563811e-10, 2.02109246006e-10, 1.28540608713e-10, 1.13132614388e-10, 8.46001532717e-11, 5.98982391464e-11, 5.2014354629e-11],
        "max": [0.0417835637927, 0.0331315994263, 0.0296855606139, 0.025759357959, 0.00811252370477, 0.0111577436328, 0.00761411059648, 0.00766883650795, 0.00314920023084, 0.00760364579037, 0.00239610904828, 0.00330920424312, 0.00348285166547, 0.00804984662682, 0.00120024313219, 0.00166875240393, 0.000883502652869, 0.0010256532114, 0.00117645773571, 0.0011521227425, 0.00138982979115, 0.0014739644248, 0.000998131697997, 0.000578966108151, 0.000539426459, 0.000503926537931, 0.000567632436287, 0.000508179946337, 0.000301130727166, 0.000258504383964, 0.000311623007292, 0.000296273588901, 0.000267140916549, 0.000175264765858, 0.000172020678292, 9.39338788157e-05, 0.00010999958613, 0.000108268832264, 6.34388488834e-05, 8.00913549028e-05],
        "mean": [0.00626496458426, 0.00220224121585, 0.00102537532803, 0.000503947027028, 0.000251378398389, 0.000212831932004, 0.000194143402041, 0.000261096371105, 9.31246468099e-05, 0.000103686099465, 6.5052699938e-05, 6.20199862169e-05, 6.03791195317e-05, 4.86612225359e-05, 3.5619315895e-05, 3.49748115696e-05, 3.05709327222e-05, 2.93508437608e-05, 3.24380780512e-05, 3.54300645995e-05, 3.98299634981e-05, 3.91466928704e-05, 3.45482949342e-05, 2.52494082815e-05, 2.15352720261e-05, 2.03505533136e-05, 1.77094407263e-05, 1.63682652783e-05, 1.4423499124e-05, 1.4076559637e-05, 1.53296477947e-05, 1.38408495332e-05, 1.1872876712e-05, 1.12416655611e-05, 9.65046820056e-06, 8.16610099719e-06, 7.16560316505e-06, 6.31263219475e-06, 5.48764455743e-06, 4.71696966997e-06],
        "median": [0.0037721733097, 0.0010951180011, 0.000300805579172, 0.000103232370748, 7.20699026715e-05, 7.81845155871e-05, 5.64951260458e-05, 8.65729089128e-05, 3.88854168705e-05, 4.02153600589e-05, 2.68202311418e-05, 2.22331873374e-05, 2.82264409179e-05, 2.22525814024e-05, 1.24455837067e-05, 1.50363084686e-05, 1.14213089546e-05, 1.16681139843e-05, 1.20584472825e-05, 1.56891710503e-05, 1.5559617168e-05, 1.57792928803e-05, 1.53229193529e-05, 1.3260925698e-05, 1.13756887004e-05, 1.0516414477e-05, 9.22154958971e-06, 8.43615998747e-06, 7.39667666494e-06, 7.30008832761e-06, 7.54130223868e-06, 6.57187683828e-06, 5.41651161257e-06, 5.18908427694e-06, 4.31003718404e-06, 3.59172008757e-06, 3.29543627231e-06, 2.83567624138e-06, 2.17975139094e-06, 1.7629336071e-06],
        "min": [8.05457907578e-24, 7.02420367126e-24, 1.43849937804e-23, 8.23622218782e-24, 2.21040975289e-24, 6.28643886459e-24, 1.89921639257e-23, 1.27553381011e-23, 2.44691636595e-24, 4.18174140338e-24, 5.71589837034e-24, 1.42807631667e-23, 7.14573716004e-24, 7.17387819511e-24, 2.03160997166e-23, 9.85299419079e-24, 2.21401433447e-23, 2.20013432684e-23, 8.9252685227e-24, 7.38184086239e-24, 1.11822469042e-23, 8.5845421428e-24, 7.97559989967e-24, 7.93448210271e-24, 1.33204764759e-23, 1.0563504642e-23, 1.10131766573e-23, 8.47637274661e-24, 8.17547122065e-24, 6.70060740591e-24, 9.36667327563e-24, 8.4158686929e-24, 1.04637784241e-23, 7.71167859522e-24, 7.25950825751e-24, 1.38474197834e-23, 1.00688154904e-23, 1.26248549854e-23, 1.09102523972e-23, 1.01391306072e-23],
        "var": [5.05365387653e-05, 1.28856745505e-05, 4.8754332056e-06, 1.45704495935e-06, 3.19789563719e-07, 2.00881714818e-07, 1.66733514106e-07, 2.24918295544e-07, 2.63882320439e-08, 4.89932219239e-08, 1.42519729351e-08, 1.74237211326e-08, 1.27687407314e-08, 1.52723824698e-08, 5.29791011061e-09, 4.54919835136e-09, 3.28968119412e-09, 3.12887848963e-09, 4.03412947492e-09, 3.92167187613e-09, 5.59506130315e-09, 4.68530769737e-09, 3.52999829367e-09, 1.64720792561e-09, 1.26857047089e-09, 9.89333615031e-10, 7.63284435656e-10, 6.76893430196e-10, 4.53711374027e-10, 3.9225239723e-10, 5.24226217991e-10, 4.03947764127e-10, 2.77021849904e-10, 2.28952995451e-10, 1.65005092922e-10, 1.17261617083e-10, 9.14500142279e-11, 7.30346894073e-11, 5.93734020282e-11, 4.65320663945e-11]
    },
    "mfcc": {
        "mean": [-630.222717285, 81.7323455811, 11.0101890564, 25.6219024658, 7.16151428223, 5.87938594818, 1.56655728817, 10.3983926773, 6.10669565201, 4.39179706573, 4.24672651291, 6.73237609863, 5.72001600266],
        "cov": [[9453.27636719, -2962.50976562, 489.842529297, 715.79864502, 855.669006348, 1157.86694336, 743.749572754, 595.305847168, 512.432617188, 296.380218506, 198.8334198, -59.1419181824, -247.660186768], [-2962.50976562, 2328.76245117, -468.455688477, -285.397766113, -339.058410645, -498.570678711, -345.326782227, -307.18447876, -273.621734619, -214.673873901, -147.945770264, -16.9545669556, 55.8845367432], [489.842529297, -468.455688477, 988.424133301, 375.806884766, 270.131378174, 271.359649658, 204.573226929, 130.989898682, 95.5891647339, 82.3486633301, 59.2785186768, 19.468580246, -31.9364337921], [715.79864502, -285.397766113, 375.806884766, 626.026855469, 345.418060303, 280.821350098, 151.826461792, 126.475639343, 91.1645812988, 51.9943466187, 22.3614444733, -4.03686237335, -52.5453948975], [855.669006348, -339.058410645, 270.131378174, 345.418060303, 514.598449707, 297.890258789, 175.284042358, 140.211227417, 100.67515564, 84.8526763916, 36.0129852295, -10.0225849152, -39.0585289001], [1157.86694336, -498.570678711, 271.359649658, 280.821350098, 297.890258789, 478.654571533, 311.772705078, 199.227264404, 154.084686279, 117.131408691, 87.5255584717, 28.34425354, -24.8531780243], [743.749572754, -345.326782227, 204.573226929, 151.826461792, 175.284042358, 311.772705078, 418.143493652, 221.420654297, 124.200042725, 127.48575592, 77.7327728271, 32.3561096191, -2.89673566818], [595.305847168, -307.18447876, 130.989898682, 126.475639343, 140.211227417, 199.227264404, 221.420654297, 237.798233032, 146.656936646, 117.138687134, 76.6567840576, 36.6044769287, 9.35835075378], [512.432617188, -273.621734619, 95.5891647339, 91.1645812988, 100.67515564, 154.084686279, 124.200042725, 146.656936646, 193.284240723, 117.393943787, 72.8864822388, 41.2425765991, 8.6759557724], [296.380218506, -214.673873901, 82.3486633301, 51.9943466187, 84.8526763916, 117.131408691, 127.48575592, 117.138687134, 117.393943787, 191.262878418, 109.246505737, 56.1493339539, 42.8742179871], [198.8334198, -147.945770264, 59.2785186768, 22.3614444733, 36.0129852295, 87.5255584717, 77.7327728271, 76.6567840576, 72.8864822388, 109.246505737, 145.55758667, 81.5217056274, 47.243976593], [-59.1419181824, -16.9545669556, 19.468580246, -4.03686237335, -10.0225849152, 28.34425354, 32.3561096191, 36.6044769287, 41.2425765991, 56.1493339539, 81.5217056274, 121.657958984, 74.0315475464], [-247.660186768, 55.8845367432, -31.9364337921, -52.5453948975, -39.0585289001, -24.8531780243, -2.89673566818, 9.35835075378, 8.6759557724, 42.8742179871, 47.243976593, 74.0315475464, 117.38583374]],
