{
"lowlevel": {
    "average_loudness": 0.765186369419,
    "barkbands_crest": {
        "dmean": 3.43788957596,
        "dmean2": 5.39279079437,
        "dvar": 11.3755054474,
        "dvar2": 25.4582061768,
        "max": 26.9056987762,
        "mean": 12.4880743027,
        "median": 11.5451221466,
        "min": 2.04050922394,
        "var": 34.5081748962
    },
    "barkbands_flatness_db": {
        "dmean": 0.0380120500922,
        "dmean2": 0.0552565343678,
        "dvar": 0.00191269605421,
        "dvar2": 0.00361041282304,
        "max": 0.655580282211,
        "mean": 0.159265100956,
        "median": 0.142259895802,
        "min": 0.0160498954356,
        "var": 0.00779648451135
    },
    "barkbands_kurtosis": {
        "dmean": 13.8713979721,
        "dmean2": 21.1742115021,
        "dvar": 29299.0742188,
        "dvar2": 69104.1796875,
        "max": 13504.9472656,
        "mean": 16.0307712555,
        "median": 3.59147882462,
        "min": -1.92678964138,
        "var": 24843.3769531
    },
    "barkbands_skewness": {
        "dmean": 1.10231661797,
        "dmean2": 1.61856031418,
        "dvar": 4.00805950165,
        "dvar2": 8.28195858002,
        "max": 109.928688049,
        "mean": 2.36596465111,
        "median": 1.96613800526,
        "min": -4.93712806702,
        "var": 8.08087348938
    },
    "barkbands_spread": {
        "dmean": 9.83207511902,
        "dmean2": 15.0575618744,
        "dvar": 138.196884155,
        "dvar2": 301.856750488,
        "max": 147.433181763,
        "mean": 26.1048984528,
        "median": 21.5777740479,
        "min": 0.0369769744575,
        "var": 393.368743896
    },
    "dissonance": {
        "dmean": 0.020008996129,
        "dmean2": 0.0326793529093,
        "dvar": 0.000577219296247,
        "dvar2": 0.00135601416696,
        "max": 0.500000059605,
        "mean": 0.461539685726,
        "median": 0.472636550665,
        "min": 0.0756163299084,
        "var": 0.00155429169536
    },
    "dynamic_complexity": 5.22084951401,
    "erbbands_crest": {
        "dmean": 2.97190380096,
        "dmean2": 4.69954872131,
        "dvar": 9.4556055069,
        "dvar2": 20.4948673248,
        "max": 28.7012348175,
        "mean": 8.99419212341,
        "median": 7.7738161087,
        "min": 2.20291686058,
        "var": 22.2187232971
    },
    "erbbands_flatness_db": {
        "dmean": 0.0209917146713,
        "dmean2": 0.0312923081219,
        "dvar": 0.000700145843439,
        "dvar2": 0.00136528827716,
        "max": 0.576489806175,
        "mean": 0.147225156426,
        "median": 0.120548829436,
        "min": 0.0333733558655,
        "var": 0.0069240052253
    },
    "erbbands_kurtosis": {
        "dmean": 1.51265275478,
        "dmean2": 2.40529203415,
        "dvar": 18.9725723267,
        "dvar2": 40.1366920471,
        "max": 182.719985962,
        "mean": 0.722739636898,
        "median": -0.526502251625,
        "min": -1.89108133316,
        "var": 25.6378097534
    },
    "erbbands_skewness": {
        "dmean": 0.519814252853,
        "dmean2": 0.774522840977,
        "dvar": 0.420094996691,
        "dvar2": 0.835105061531,
        "max": 12.5075349808,
        "mean": 0.324971079826,
        "median": 0.253259599209,
        "min": -4.60981464386,
        "var": 1.17343580723
    },
    "erbbands_spread": {
        "dmean": 13.6691446304,
        "dmean2": 20.434387207,
        "dvar": 226.259994507,
        "dvar2": 488.058776855,
        "max": 183.565704346,
        "mean": 57.2286224365,
        "median": 55.044883728,
        "min": 1.08636581898,
        "var": 970.250427246
    },
    "hfc": {
        "dmean": 10.9799699783,
        "dmean2": 17.2126712799,
        "dvar": 376.28427124,
        "dvar2": 935.474304199,
        "max": 232.308380127,
        "mean": 23.3697319031,
        "median": 15.8816404343,
        "min": 1.11179638832e-16,
        "var": 676.019348145
    },
    "melbands_crest": {
        "dmean": 4.31614494324,
        "dmean2": 6.7056889534,
        "dvar": 16.9668636322,
        "dvar2": 37.3061256409,
        "max": 39.9898529053,
        "mean": 17.7658748627,
        "median": 17.6289367676,
        "min": 1.59790718555,
        "var": 55.3310699463
    },
    "melbands_flatness_db": {
        "dmean": 0.0467161238194,
        "dmean2": 0.0664694979787,
        "dvar": 0.00281709502451,
        "dvar2": 0.00524656893685,
        "max": 0.788602113724,
        "mean": 0.223438754678,
        "median": 0.214838147163,
        "min": 0.00298930564895,
        "var": 0.0110746938735
    },
    "melbands_kurtosis": {
        "dmean": 32.6599731445,
        "dmean2": 49.1799850464,
        "dvar": 83455.78125,
        "dvar2": 186424.359375,
        "max": 22838.8710938,
        "mean": 49.4626159668,
        "median": 17.6745834351,
        "min": -1.89592337608,
        "var": 77906.1328125
    },
    "melbands_skewness": {
        "dmean": 1.55319654942,
        "dmean2": 2.284075737,
        "dvar": 6.64978027344,
        "dvar2": 13.4080257416,
        "max": 144.467193604,
        "mean": 4.41954183578,
        "median": 3.59629678726,
        "min": -2.5254547596,
        "var": 15.6752204895
    },
    "melbands_spread": {
        "dmean": 12.1006736755,
        "dmean2": 18.7629737854,
        "dvar": 371.551300049,
        "dvar2": 761.807250977,
        "max": 218.306381226,
        "mean": 25.3965320587,
        "median": 15.012386322,
        "min": 0.0371692888439,
        "var": 894.952575684
    },
    "pitch_salience": {
        "dmean": 0.103628493845,
        "dmean2": 0.157756224275,
        "dvar": 0.0109290573746,
        "dvar2": 0.0238048303872,
        "max": 0.923963665962,
        "mean": 0.490988910198,
        "median": 0.516225457191,
        "min": 0.0031472989358,
        "var": 0.0346947275102
    },
    "silence_rate_20dB": {
        "dmean": 0,
        "dmean2": 0,
        "dvar": 0,
        "dvar2": 0,
        "max": 1,
        "mean": 1,
        "median": 1,
        "min": 1,
        "var": 0
    },
    "silence_rate_30dB": {
        "dmean": 0.0136096505448,
        "dmean2": 0.0272221080959,
        "dvar": 0.0134237352759,
        "dvar2": 0.0328754745424,
        "max": 1,
        "mean": 0.987216472626,
        "median": 1,
        "min": 0,
        "var": 0.0126188257709
    },
    "silence_rate_60dB": {
        "dmean": 0.0525827407837,
        "dmean2": 0.105176322162,
        "dvar": 0.0498262234032,
        "dvar2": 0.101114079356,
        "max": 1,
        "mean": 0.189175263047,
        "median": 0,
        "min": 0,
        "var": 0.153380766511
    },
    "spectral_centroid": {
        "dmean": 421.008148193,
        "dmean2": 626.470703125,
        "dvar": 289284.65625,
        "dvar2": 561066.375,
        "max": 11642.5117188,
        "mean": 1479.10192871,
        "median": 1330.55419922,
        "min": 99.2375946045,
        "var": 963557.1875
    },
    "spectral_complexity": {
        "dmean": 4.82482719421,
        "dmean2": 7.47123098373,
        "dvar": 40.8525657654,
        "dvar2": 92.3173141479,
        "max": 56,
        "mean": 13.7541236877,
        "median": 11,
        "min": 0,
        "var": 120.176040649
    },
    "spectral_decrease": {
        "dmean": 2.97547564365e-09,
        "dmean2": 4.3606114275e-09,
        "dvar": 1.73767038963e-17,
        "dvar2": 3.80532926451e-17,
        "max": 1.50731498761e-28,
        "mean": -8.03885935596e-09,
        "median": -5.34002531083e-09,
        "min": -5.11065145758e-08,
        "var": 6.40387613069e-17
    },
    "spectral_energy": {
        "dmean": 0.0116273062304,
        "dmean2": 0.0170269552618,
        "dvar": 0.000258222018601,
        "dvar2": 0.000569736002944,
        "max": 0.195526942611,
        "mean": 0.0324601493776,
        "median": 0.0227829348296,
        "min": 1.01452207712e-20,
        "var": 0.000974373659119
    },
    "spectral_energyband_high": {
        "dmean": 0.00109122740105,
        "dmean2": 0.00170235941187,
        "dvar": 4.58609747511e-06,
        "dvar2": 1.07346504592e-05,
        "max": 0.0389503538609,
        "mean": 0.00191199232358,
        "median": 0.000897808698937,
        "min": 7.29158255937e-21,
        "var": 8.36990784592e-06
    },
    "spectral_energyband_low": {
        "dmean": 0.00816090777516,
        "dmean2": 0.0120228957385,
        "dvar": 0.000211506849155,
        "dvar2": 0.000467540317914,
        "max": 0.182762175798,
        "mean": 0.0171509422362,
        "median": 0.00473110564053,
        "min": 2.83597262475e-23,
        "var": 0.000655963842291
    },
    "spectral_energyband_middle_high": {
        "dmean": 0.00124058593065,
        "dmean2": 0.00204821233638,
        "dvar": 6.36310096525e-06,
        "dvar2": 1.72337677213e-05,
        "max": 0.0628842487931,
        "mean": 0.00219425628893,
        "median": 0.00136977958027,
        "min": 1.21784795883e-21,
        "var": 9.197552572e-06
    },
    "spectral_energyband_middle_low": {
        "dmean": 0.00751032028347,
        "dmean2": 0.0115855233744,
        "dvar": 0.000169403283508,
        "dvar2": 0.000355906639015,
        "max": 0.153648763895,
        "mean": 0.0129947038367,
        "median": 0.0062969205901,
        "min": 1.95064930317e-22,
        "var": 0.000321076135151
    },
    "spectral_entropy": {
        "dmean": 0.269125699997,
        "dmean2": 0.391768813133,
        "dvar": 0.130113556981,
        "dvar2": 0.243055894971,
        "max": 9.81142902374,
        "mean": 7.63552045822,
        "median": 7.82983875275,
        "min": 3.70989537239,
        "var": 0.552345752716
    },
    "spectral_flux": {
        "dmean": 0.0352029949427,
        "dmean2": 0.0537539348006,
        "dvar": 0.00169688742608,
        "dvar2": 0.0033667339012,
        "max": 0.370840489864,
        "mean": 0.0911773964763,
        "median": 0.0781055092812,
        "min": 6.61613958064e-11,
        "var": 0.00492505962029
    },
    "spectral_kurtosis": {
        "dmean": 2.84891629219,
        "dmean2": 4.56470680237,
        "dvar": 121.071311951,
        "dvar2": 272.646148682,
        "max": 510.426391602,
        "mean": 6.14889192581,
        "median": 2.06886458397,
        "min": -1.31527709961,
        "var": 403.905090332
    },
    "spectral_rms": {
        "dmean": 0.00100028107408,
        "dmean2": 0.00142465741374,
        "dvar": 1.43660395224e-06,
        "dvar2": 2.92295476356e-06,
        "max": 0.0138115165755,
        "mean": 0.00477695465088,
        "median": 0.00471457885578,
        "min": 3.14607324567e-12,
        "var": 8.84924611455e-06
    },
    "spectral_rolloff": {
        "dmean": 1008.58178711,
        "dmean2": 1636.51489258,
        "dvar": 2769584.5,
        "dvar2": 5522815.5,
        "max": 19487.5488281,
        "mean": 2063.27246094,
        "median": 710.595703125,
        "min": 21.533203125,
        "var": 7342260
    },
    "spectral_skewness": {
        "dmean": 0.307503074408,
        "dmean2": 0.478085786104,
        "dvar": 0.3146520257,
        "dvar2": 0.709804534912,
        "max": 18.2068805695,
        "mean": 1.49032127857,
        "median": 1.2037229538,
        "min": -0.180250555277,
        "var": 1.41823005676
    },
    "spectral_spread": {
        "dmean": 745412.5625,
        "dmean2": 1107402.625,
        "dvar": 1.14960406938e+12,
        "dvar2": 2.45160633958e+12,
        "max": 51403948,
        "mean": 6119206,
        "median": 6285617.5,
        "min": 178931.5625,
        "var": 7.3465987072e+12
    },
    "spectral_strongpeak": {
        "dmean": 0.336662709713,
        "dmean2": 0.552958726883,
        "dvar": 0.333532482386,
        "dvar2": 0.845709562302,
        "max": 14.3749580383,
        "mean": 0.645687103271,
        "median": 0.485600054264,
        "min": 0,
        "var": 0.498300373554
    },
    "zerocrossingrate": {
        "dmean": 0.0204655751586,
        "dmean2": 0.0226590596139,
        "dvar": 0.000594933226239,
        "dvar2": 0.000643902923912,
        "max": 0.81396484375,
        "mean": 0.0819493979216,
        "median": 0.0654296875,
        "min": 0,
        "var": 0.00452167261392
    },
    "barkbands": {
        "dmean": [0.000352735805791, 0.00559296226129, 0.00370929855853, 0.00357460533269, 0.00381789566018, 0.00104391388595, 0.00114991550799, 0.000530843215529, 0.000504859315697, 0.00023261611932, 0.000196722088731, 0.000189161815797, 0.000204203985049, 0.000135717476951, 0.000118402371299, 0.000116961571621, 0.00011179712601, 0.000168039492564, 0.000147710714373, 0.000186750359717, 0.000227858836297, 0.000267607509159, 0.00022666969744, 0.000182221687282, 0.000133356064907, 8.07384494692e-05, 4.3252701289e-05],
        "dmean2": [0.000535073922947, 0.00793739594519, 0.00573014467955, 0.00577002204955, 0.00589683838189, 0.00181837368291, 0.0019845853094, 0.00089487771038, 0.00084518577205, 0.000383120059269, 0.000319042912452, 0.000314926786814, 0.000350164307747, 0.000231902406085, 0.000202475930564, 0.000203473435249, 0.000188683552551, 0.00027568731457, 0.000250310491538, 0.000304365763441, 0.000359478784958, 0.000434092478827, 0.000368577253539, 0.000290533615043, 0.000205275369808, 0.00012762483675, 6.75268966006e-05],
        "dvar": [1.90631021724e-06, 0.000146252277773, 7.71147024352e-05, 7.67854653532e-05, 7.12060427759e-05, 6.77848720443e-06, 5.25597306478e-06, 1.39732594562e-06, 1.36411779295e-06, 3.24987723843e-07, 4.79018183341e-07, 3.44355299831e-07, 2.59912070533e-07, 8.43400442818e-08, 6.51339391311e-08, 7.75200490466e-08, 4.90735452274e-08, 1.41921987051e-07, 1.08175619573e-07, 1.8827476822e-07, 4.61967118781e-07, 5.22077357346e-07, 2.09279178875e-07, 1.45079411595e-07, 5.9178653089e-08, 2.40316175848e-08, 8.79489725492e-09],
        "dvar2": [4.21112599724e-06, 0.000322473963024, 0.00017622501764, 0.00019427856023, 0.000165387595189, 1.80059087143e-05, 1.40105748869e-05, 3.59390560334e-06, 3.54501662514e-06, 7.41332144116e-07, 9.38815105656e-07, 9.58604800871e-07, 7.05804893641e-07, 2.26102017109e-07, 1.78376993176e-07, 2.2057157878e-07, 1.30985014835e-07, 3.54778478595e-07, 2.91842098932e-07, 4.84007500745e-07, 1.04385185296e-06, 1.21151765597e-06, 5.43607768577e-07, 3.40092128681e-07, 1.35833246873e-07, 6.11970847331e-08, 2.14700719425e-08],
        "max": [0.0289664156735, 0.162034466863, 0.0932834520936, 0.124117486179, 0.140836745501, 0.0395440347493, 0.0350954756141, 0.0225313361734, 0.0188034977764, 0.0129897026345, 0.0605362504721, 0.0318883694708, 0.0105600515381, 0.00774923339486, 0.006821654737, 0.00491204345599, 0.00302692060359, 0.0073742470704, 0.00746195483953, 0.00992039870471, 0.0205563344061, 0.0235507450998, 0.00842405948788, 0.00820039678365, 0.00386860687286, 0.00197198987007, 0.00133389164694],
        "mean": [0.00053008843679, 0.0104064596817, 0.00446706451476, 0.00385977746919, 0.00511524546891, 0.00131723552477, 0.00118718692102, 0.000652496528346, 0.000790408463217, 0.000291917531285, 0.000276705628494, 0.000247335177846, 0.000243070840952, 0.000164217140991, 0.000154765119078, 0.000146886057337, 0.000144279954839, 0.000242752590566, 0.000192536041141, 0.00026164756855, 0.000344276195392, 0.000396599964006, 0.000320068967994, 0.000298889674013, 0.000230566278333, 0.000125897000544, 5.17644512001e-05],
        "median": [1.36652915899e-05, 0.000934403273277, 0.000400354299927, 0.000398431729991, 0.000841101282276, 0.000324815220665, 0.000286824913928, 0.000189235317521, 0.000158372684382, 8.56658007251e-05, 7.91307538748e-05, 8.32944206195e-05, 8.6129301053e-05, 5.91868483752e-05, 5.41528388567e-05, 5.26942167198e-05, 6.46169428364e-05, 8.24217422633e-05, 8.0352256191e-05, 9.21101018321e-05, 0.000119249365525, 0.000163016666193, 0.000124818776385, 9.36558644753e-05, 6.01506471867e-05, 3.35867371177e-05, 5.08003904542e-06],
        "min": [5.26310887543e-25, 7.46416086443e-24, 1.76840033807e-24, 2.06764505892e-24, 2.7927291632e-23, 1.18738144385e-23, 1.14861760783e-23, 1.35887917356e-23, 2.93892244387e-23, 2.59811433798e-23, 2.14415375933e-23, 2.99700311688e-23, 7.0315224072e-23, 3.37530925259e-23, 7.09689688813e-23, 5.6790816008e-23, 8.49788293246e-23, 1.01992646851e-22, 1.94534437136e-22, 1.94345299845e-22, 3.27696126934e-22, 3.46221054856e-22, 4.06619300229e-22, 6.53032032526e-22, 9.00636108873e-22, 1.35562876371e-21, 2.0469600058e-21],
        "var": [3.6384158193e-06, 0.000401803845307, 0.000105275372334, 8.07770047686e-05, 0.000126338592963, 7.65287313698e-06, 4.95620952279e-06, 1.69397787886e-06, 2.92507934319e-06, 5.106665526e-07, 2.09883091884e-06, 4.05184806596e-07, 2.57497958955e-07, 8.76756587331e-08, 7.35936112051e-08, 7.28599545141e-08, 5.36051096844e-08, 2.07371925853e-07, 1.08349681227e-07, 2.29181182476e-07, 7.60924933729e-07, 8.1571249666e-07, 2.50991234907e-07, 2.69021086297e-07, 1.58941077189e-07, 3.92308940889e-08, 1.11741256248e-08]
    },
    "erbbands": {
        "dmean": [0.181556344032, 1.23396611214, 3.65877795219, 8.37201499939, 13.9565820694, 12.4858322144, 9.85835361481, 8.39672660828, 12.3389158249, 17.2705860138, 11.2618370056, 11.6681690216, 7.77669000626, 7.68054199219, 6.97355413437, 7.31493759155, 8.95715904236, 7.64860725403, 6.1822104454, 5.39952754974, 6.37439203262, 6.52388477325, 8.81848239899, 8.20662021637, 7.05251598358, 9.08025455475, 9.09879398346, 9.69643974304, 9.67167568207, 8.12588214874, 5.99140119553, 4.27101802826, 2.85859584808, 1.68500089645, 0.882987201214, 0.351379156113, 0.149307832122, 0.0625567659736, 0.00706272851676, 0.000103914528154],
        "dmean2": [0.249767318368, 1.74643290043, 5.33971500397, 13.2449951172, 21.6152210236, 19.6799869537, 17.5783996582, 14.4213495255, 21.4473285675, 29.4878292084, 18.4632129669, 19.6014118195, 12.9152231216, 12.1402893066, 11.5723981857, 12.0784425735, 15.2159357071, 13.0788230896, 10.6105136871, 9.14184188843, 11.0947856903, 10.9120321274, 14.4446811676, 13.9275379181, 11.7692089081, 14.9225196838, 14.7859382629, 15.3813381195, 15.5468120575, 13.5189361572, 9.71179676056, 6.83279323578, 4.56969547272, 2.62167286873, 1.36810839176, 0.558828413486, 0.236535131931, 0.09811129421, 0.0111631732434, 0.000162338794325],
        "dvar": [0.219077110291, 6.7915520668, 68.4742889404, 406.061889648, 1004.22839355, 923.483032227, 899.198364258, 400.125488281, 648.846191406, 1071.29077148, 579.958129883, 810.272033691, 326.860137939, 529.798461914, 488.371887207, 358.956115723, 464.129089355, 308.751831055, 170.311096191, 131.891159058, 264.576507568, 167.227203369, 396.106140137, 407.161834717, 209.412704468, 467.538604736, 945.16784668, 858.009033203, 693.359680176, 313.022369385, 145.976074219, 74.2922821045, 35.8414573669, 10.701956749, 2.41213917732, 0.406380951405, 0.0858909785748, 0.0191097799689, 0.000239259374212, 4.48929391439e-08],
        "dvar2": [0.476374685764, 14.4539890289, 148.611175537, 1012.99145508, 2228.34741211, 2047.94128418, 2553.11938477, 1026.14880371, 1708.8626709, 2848.01269531, 1416.21716309, 2113.50146484, 797.268005371, 1021.88665771, 1296.81176758, 901.693847656, 1241.60681152, 832.553283691, 470.739624023, 362.397338867, 758.223937988, 444.215087891, 1002.50750732, 1114.02563477, 556.52355957, 1207.4017334, 2417.12866211, 1897.76245117, 1562.89624023, 822.710632324, 375.256713867, 176.177062988, 85.1270217896, 24.8421440125, 5.68840456009, 1.01499378681, 0.217558398843, 0.0478576906025, 0.000588933588006, 1.10574170264e-07],
        "max": [6.27683925629, 33.1626243591, 88.9934768677, 339.580169678, 307.513031006, 757.057434082, 365.401611328, 457.353149414, 504.145690918, 624.128479004, 522.873779297, 461.12979126, 417.827270508, 1894.29919434, 1319.06079102, 1040.67626953, 381.410705566, 393.62387085, 209.481506348, 309.777648926, 226.529281616, 203.463729858, 426.503875732, 559.213317871, 296.737060547, 589.99029541, 1158.42431641, 872.791809082, 824.251403809, 366.596313477, 230.602157593, 169.05632019, 133.352264404, 61.2590255737, 24.3634586334, 8.11170101166, 3.76179218292, 1.64889144897, 0.24097378552, 0.00314024882391],
        "mean": [0.328957259655, 2.20251178741, 5.06559419632, 9.50265216827, 17.7241439819, 16.3953170776, 10.332482338, 11.3134288788, 13.3770418167, 18.7788944244, 15.293337822, 17.9050216675, 11.2146749496, 11.350071907, 9.45259380341, 9.89834880829, 11.2676839828, 9.53851509094, 8.12814903259, 7.71922254562, 8.11549663544, 9.05076503754, 12.7964754105, 10.6936998367, 9.90372562408, 12.6576986313, 12.9468183517, 14.6143541336, 14.8854188919, 10.9767217636, 8.61115169525, 6.6470489502, 4.68201541901, 2.87523961067, 1.47884118557, 0.579172849655, 0.222926139832, 0.0805355533957, 0.00851102080196, 0.000161360338097],
        "median": [0.0153137799352, 0.286023795605, 0.839765489101, 1.87390267849, 2.43011713028, 2.42422866821, 2.247859478, 2.93561983109, 4.31056022644, 5.69793987274, 4.6807050705, 3.86066579819, 3.18685030937, 3.72323417664, 3.30736494064, 3.6729798317, 4.29037046432, 3.6042971611, 3.21035051346, 3.13031339645, 3.28858089447, 3.83352994919, 4.34508132935, 4.64892911911, 4.11333608627, 4.26918411255, 4.4169793129, 5.66758060455, 5.99951934814, 4.59482383728, 3.42399358749, 2.30569911003, 1.34205532074, 0.693369269371, 0.398938000202, 0.150362402201, 0.0573497489095, 0.0130326338112, 0.000819745357148, 7.40508403396e-05],
        "min": [1.91135166075e-22, 1.12102481216e-21, 1.88209681088e-21, 5.10837261848e-21, 5.30562045945e-20, 5.05758324419e-20, 1.02518755329e-19, 7.4536333806e-20, 1.23253219993e-19, 1.29015967601e-19, 2.73749452514e-19, 5.52639729138e-19, 6.3081191594e-19, 9.40774637738e-19, 9.99004533946e-19, 1.58125738071e-18, 2.24959873954e-18, 2.41900264065e-18, 3.11792745166e-18, 2.9806061642e-18, 2.89085313863e-18, 4.62572922943e-18, 6.50476015353e-18, 7.23768394887e-18, 1.02791145647e-17, 1.11146786527e-17, 1.19152017157e-17, 1.31326378694e-17, 1.48175129602e-17, 1.26493691771e-17, 1.20616838216e-17, 1.32657965773e-17, 1.06367899431e-17, 1.00560206447e-17, 6.92096352336e-18, 4.35041498384e-18, 2.71828961437e-18, 1.20086338338e-18, 2.64998010881e-19, 2.71622590214e-20],
        "var": [0.585693061352, 17.9168796539, 114.331985474, 430.213317871, 1564.25500488, 1933.94262695, 673.845153809, 512.538085938, 630.673522949, 1078.64746094, 878.737548828, 1625.99389648, 625.102233887, 2203.92114258, 801.228271484, 446.331298828, 493.113983154, 306.89251709, 174.603744507, 158.247497559, 223.955612183, 193.312545776, 561.362731934, 376.320037842, 244.43182373, 557.396911621, 1078.11608887, 1520.68762207, 1165.73791504, 342.942596436, 181.647109985, 119.399406433, 72.662902832, 26.0394897461, 6.46492528915, 0.858200013638, 0.130555287004, 0.0236752871424, 0.000305697147269, 6.30743883789e-08]
    },
    "gfcc": {
        "mean": [-48.4593963623, 56.9249801636, -98.9934158325, 27.4148349762, -62.369934082, 8.95493412018, -34.23595047, 3.20203256607, -21.0708770752, 3.36524176598, -16.5011100769, 0.703805029392, -16.0783824921],
        "cov": [[31407.921875, -2319.75366211, 4569.44189453, 3390.31835938, -652.937927246, 1656.52783203, 68.6856689453, 770.162597656, -644.561950684, 318.220611572, -698.023864746, 131.244735718, -744.746337891], [-2319.75366211, 3618.56567383, -203.014968872, 69.2631912231, 603.141967773, -250.431777954, 223.512039185, -354.248931885, 56.1568832397, -271.77142334, 87.1738128662, -288.239624023, 269.71383667], [4569.44189453, -203.014968872, 2638.48852539, 930.916687012, 186.222976685, 748.791137695, 93.1432037354, 306.84967041, -92.9354400635, 66.9942626953, -138.502609253, 52.6448783875, -194.230636597], [3390.31835938, 69.2631912231, 930.916687012, 1142.42883301, 161.646438599, 365.97052002, 138.718933105, 146.84803772, -41.1865768433, 12.0822582245, -68.1784286499, 2.24734282494, -70.9478530884], [-652.937927246, 603.141967773, 186.222976685, 161.646438599, 635.840454102, 186.4243927, 211.390640259, 58.7479782104, 105.612167358, -38.0651168823, 27.9906311035, -33.0318183899, 57.8625831604], [1656.52783203, -250.431777954, 748.791137695, 365.97052002, 186.4243927, 569.518554688, 165.369277954, 223.574981689, 36.9503288269, 106.12953949, 4.49107789993, 59.5791702271, -52.9807357788], [68.6856689453, 223.512039185, 93.1432037354, 138.718933105, 211.390640259, 165.369277954, 304.010498047, 90.6092224121, 111.048240662, 41.1049385071, 49.4413375854, -2.04149079323, 21.4415225983], [770.162597656, -354.248931885, 306.84967041, 146.84803772, 58.7479782104, 223.574981689, 90.6092224121, 290.30456543, 102.714614868, 116.891029358, 51.2173080444, 89.400604248, -24.5176506042], [-644.561950684, 56.1568832397, -92.9354400635, -41.1865768433, 105.612167358, 36.9503288269, 111.048240662, 102.714614868, 204.158706665, 88.804145813, 101.27419281, 42.8513679504, 36.4572944641], [318.220611572, -271.77142334, 66.9942626953, 12.0822582245, -38.0651168823, 106.12953949, 41.1049385071, 116.891029358, 88.804145813, 200.486877441, 94.8537139893, 62.9988059998, -7.20198774338], [-698.023864746, 87.1738128662, -138.502609253, -68.1784286499, 27.9906311035, 4.49107789993, 49.4413375854, 51.2173080444, 101.27419281, 94.8537139893, 186.812255859, 66.520149231, 41.5911216736], [131.244735718, -288.239624023, 52.6448783875, 2.24734282494, -33.0318183899, 59.5791702271, -2.04149079323, 89.400604248, 42.8513679504, 62.9988059998, 66.520149231, 146.973907471, 19.0396232605], [-744.746337891, 269.71383667, -194.230636597, -70.9478530884, 57.8625831604, -52.9807357788, 21.4415225983, -24.5176506042, 36.4572944641, -7.20198774338, 41.5911216736, 19.0396232605, 144.745697021]],
        "icov": [[6.79997028783e-05, -1.20258628158e-05, -2.60328542936e-05, -0.000142458506161, 9.48914821493e-05, -3.30397451762e-05, -3.74189730792e-05, -6.94017435308e-05, 0.000153307933942, -0.000158065115102, 0.000203770847293, -8.06994576124e-05, 0.000116867297038], [-1.20258628158e-05, 0.000633895164356, -0.000171387146111, -6.50487199891e-05, -0.000334378011758, 0.000247220363235, -0.000220639907639, 0.000504565716255, -0.000183836353244, 0.000622059626039, -0.00094500213163, 0.00117099331692, -0.00096784933703], [-2.60328542936e-05, -0.000171387146111, 0.000855997379404, -0.000267260969849, -4.37942690041e-05, -0.00081505975686, 0.000373610906536, -0.000326741370372, 0.000202012655791, -7.81267226557e-05, 0.000463185104309, -0.000413789559389, 0.000678108655848], [-0.000142458506161, -6.50487199891e-05, -0.000267260969849, 0.00165658083279, -0.000227123542572, -0.000177693131263, -0.000355863681762, -0.000146931997733, 0.00013962527737, 0.000329328730004, -0.00017710828979, 8.46110124257e-05, -8.38589694467e-05], [9.48914821493e-05, -0.000334378011758, -4.37942690041e-05, -0.000227123542572, 0.00292871845886, -0.00101619109046, -0.000860888219904, -0.000276969658444, -0.00098996644374, 0.00108325330075, 0.000251619436312, 0.000257701642113, -0.000323850108543], [-3.30397451762e-05, 0.000247220363235, -0.00081505975686, -0.000177693131263, -0.00101619109046, 0.00467415992171, -0.00155398703646, -0.00140430266038, 0.00130208407063, -0.00136482610833, 3.09794704663e-05, -0.000281124317553, -6.98319563526e-05], [-3.74189730792e-05, -0.000220639907639, 0.000373610906536, -0.000355863681762, -0.000860888219904, -0.00155398703646, 0.00598143553361, -0.000355024327291, -0.00243569421582, 0.000231522251852, -0.000348833942553, 0.000980368466116, -2.90434218186e-05], [-6.94017435308e-05, 0.000504565716255, -0.000326741370372, -0.000146931997733, -0.000276969658444, -0.00140430266038, -0.000355024327291, 0.00805612187833, -0.00322580384091, -0.00101962278131, 7.16079084668e-05, -0.00190800067503, 0.000198292735149], [0.000153307933942, -0.000183836353244, 0.000202012655791, 0.00013962527737, -0.00098996644374, 0.00130208407063, -0.00243569421582, -0.00322580384091, 0.011099007912, -0.00299313594587, -0.00175793294329, -0.000523720344063, -0.000212823870243], [-0.000158065115102, 0.000622059626039, -7.81267226557e-05, 0.000329328730004, 0.00108325330075, -0.00136482610833, 0.000231522251852, -0.00101962278131, -0.00299313594587, 0.0107854725793, -0.00495284423232, 0.00136294215918, -0.000521019217558], [0.000203770847293, -0.00094500213163, 0.000463185104309, -0.00017710828979, 0.000251619436312, 3.09794704663e-05, -0.000348833942553, 7.16079084668e-05, -0.00175793294329, -0.00495284423232, 0.0119823999703, -0.0050865621306, 0.000741010589991], [-8.06994576124e-05, 0.00117099331692, -0.000413789559389, 8.46110124257e-05, 0.000257701642113, -0.000281124317553, 0.000980368466116, -0.00190800067503, -0.000523720344063, 0.00136294215918, -0.0050865621306, 0.013033404015, -0.00383840803988], [0.000116867297038, -0.00096784933703, 0.000678108655848, -8.38589694467e-05, -0.000323850108543, -6.98319563526e-05, -2.90434218186e-05, 0.000198292735149, -0.000212823870243, -0.000521019217558, 0.000741010589991, -0.00383840803988, 0.010643709451]]
    },
    "melbands": {
        "dmean": [0.00155388587154, 0.00161988497712, 0.00155836017802, 0.000982659053989, 0.00037185268593, 0.000185727956705, 0.000207867022255, 0.000174877568497, 9.16639473871e-05, 7.3241222708e-05, 3.86152714782e-05, 3.15042670991e-05, 2.49709773925e-05, 2.02615065064e-05, 1.96019354917e-05, 2.14479641727e-05, 1.39844059959e-05, 1.02718213384e-05, 8.91609397513e-06, 7.69540474721e-06, 7.77649074735e-06, 6.68053144182e-06, 8.34560614749e-06, 7.7698214227e-06, 6.9643065217e-06, 5.53005975235e-06, 5.70577640246e-06, 6.28126144875e-06, 6.05004879617e-06, 5.29776934854e-06, 6.31034936305e-06, 5.86495616517e-06, 5.08955372425e-06, 4.66298206447e-06, 3.82641337637e-06, 3.07141999656e-06, 2.57832925854e-06, 2.21933146349e-06, 1.66531754076e-06, 1.43701572597e-06],
        "dmean2": [0.00216310354881, 0.00234063412063, 0.00237138778903, 0.00150691356976, 0.000644783780444, 0.000320302351611, 0.000360458740033, 0.000299153238302, 0.000149493804201, 0.00012292174506, 6.40860816929e-05, 4.98781701026e-05, 4.11450455431e-05, 3.35847034876e-05, 3.30095426762e-05, 3.6465433368e-05, 2.39669880102e-05, 1.77133606485e-05, 1.51081367221e-05, 1.31809529194e-05, 1.35803920784e-05, 1.12451452878e-05, 1.37792321766e-05, 1.27853199956e-05, 1.19286341942e-05, 9.36107335292e-06, 9.42239967117e-06, 1.0367500181e-05, 9.93944740912e-06, 8.53369874676e-06, 1.02402091215e-05, 9.454442079e-06, 8.43128873385e-06, 7.83762880019e-06, 6.29593705526e-06, 4.99429734191e-06, 4.13719590142e-06, 3.58328361472e-06, 2.66237793767e-06, 2.24710538532e-06],
        "dvar": [1.27778030219e-05, 1.09948532554e-05, 1.08441372504e-05, 4.87281295136e-06, 1.1060047882e-06, 1.96369725813e-07, 1.74510901729e-07, 1.06672260358e-07, 4.12850553744e-08, 3.29192069159e-08, 8.39711766787e-09, 8.08801292607e-09, 6.01749183815e-09, 4.24995771908e-09, 2.75783573755e-09, 2.72359867992e-09, 1.00124875058e-09, 4.6567733003e-10, 3.67901653586e-10, 2.71186018086e-10, 4.58194843178e-10, 1.75811878944e-10, 3.98031552162e-10, 2.93005703034e-10, 3.28097521374e-10, 1.29042818098e-10, 1.57799329159e-10, 2.52598747474e-10, 3.88452575661e-10, 3.12795928048e-10, 4.82189455031e-10, 3.02991493006e-10, 1.51637785661e-10, 1.00543462445e-10, 6.1428542808e-11, 3.63470711862e-11, 2.89780872909e-11, 2.40521959988e-11, 1.07138603544e-11, 8.01350305557e-12],
        "dvar2": [2.81476950477e-05, 2.20502897719e-05, 2.51895762631e-05, 1.12873976832e-05, 3.09763299811e-06, 5.05178945787e-07, 4.61927214701e-07, 2.82385144601e-07, 9.85857369074e-08, 8.50448031997e-08, 2.02410426198e-08, 1.58110076143e-08, 1.42018201643e-08, 1.19459730996e-08, 6.79028033801e-09, 7.32144034288e-09, 2.69510813666e-09, 1.28148924805e-09, 9.87431025834e-10, 7.54690199223e-10, 1.31491550981e-09, 4.72384464878e-10, 1.00514641055e-09, 7.45724093587e-10, 9.06960617719e-10, 3.41512512714e-10, 4.16792628188e-10, 6.5220118195e-10, 1.00311436935e-09, 7.78626052522e-10, 1.12985809597e-09, 6.84631684678e-10, 3.86942700104e-10, 2.67806082865e-10, 1.60220281487e-10, 9.29254173609e-11, 6.62910074056e-11, 5.78220527014e-11, 2.56697215567e-11, 1.88932602202e-11],
        "max": [0.049064386636, 0.0419232994318, 0.0466087348759, 0.0347681194544, 0.0119122918695, 0.00937827955931, 0.00696202367544, 0.00558373657987, 0.00458649266511, 0.00295382738113, 0.00219247140922, 0.00696074590087, 0.00469937501475, 0.00376202189364, 0.00205538584851, 0.00079234939767, 0.000688861415256, 0.00027324774419, 0.000512390455697, 0.000522876798641, 0.00030614901334, 0.000246109062573, 0.000468883750727, 0.000298077589832, 0.000554683327209, 0.000283162109554, 0.000412726250943, 0.000485629861942, 0.000774255604483, 0.000705735525116, 0.00077484967187, 0.000619976199232, 0.000360650446964, 0.00022228450689, 0.000160395225976, 0.000103567537735, 0.000114379603474, 0.000130742962938, 5.584792234e-05, 5.30960860488e-05],
        "mean": [0.00290793855675, 0.00279795960523, 0.00194017367903, 0.00130149861798, 0.000409527478041, 0.000248848606134, 0.000221523063374, 0.000194231775822, 0.000124065714772, 0.000112855865154, 5.37926571269e-05, 4.55804984085e-05, 3.38631689374e-05, 2.65371036221e-05, 2.49698059633e-05, 2.52041663771e-05, 1.66711433849e-05, 1.26908580569e-05, 1.18030457088e-05, 1.01202122096e-05, 9.15500640986e-06, 8.54583140608e-06, 1.1793658814e-05, 1.07076712084e-05, 8.38667165226e-06, 7.31370118956e-06, 7.63058233133e-06, 8.38419146021e-06, 8.0297659224e-06, 7.56578810979e-06, 9.00310533325e-06, 8.8779561338e-06, 6.80503535477e-06, 5.98009955866e-06, 5.21728270542e-06, 4.30315049016e-06, 3.98296970161e-06, 3.44753379977e-06, 2.71905855698e-06, 2.341615982e-06],
        "median": [0.000214424275327, 0.000550842261873, 0.00040452129906, 0.000192029066966, 8.47667542985e-05, 6.41050137347e-05, 6.69006403768e-05, 5.98066144448e-05, 3.08455310005e-05, 2.16669286601e-05, 1.39062285598e-05, 1.43125507748e-05, 1.06141742435e-05, 8.9025888883e-06, 8.72072814673e-06, 8.38370488054e-06, 5.7796537476e-06, 4.72840565635e-06, 4.06912204198e-06, 3.73211241822e-06, 3.45026774085e-06, 3.73391412722e-06, 3.5039111026e-06, 3.91147341361e-06, 3.33726529789e-06, 2.95871905109e-06, 2.68650501312e-06, 2.67891687145e-06, 2.61915988631e-06, 2.46044555752e-06, 3.14493649967e-06, 3.23638914779e-06, 2.79450500784e-06, 2.16906164496e-06, 2.02296337193e-06, 1.33338471642e-06, 1.32212653625e-06, 9.6422468232e-07, 6.52995936434e-07, 5.12900612648e-07],
        "min": [2.92188162837e-24, 1.12575726682e-24, 1.62700628993e-24, 5.31673199128e-24, 3.67276992506e-24, 2.20546438387e-24, 2.05930541865e-24, 1.32811566902e-24, 2.42128568349e-24, 3.31066620348e-24, 3.02825242169e-24, 3.26562500681e-24, 2.95127853e-24, 2.66672634351e-24, 4.35750671282e-24, 5.82063227728e-24, 3.29341480156e-24, 4.7733728828e-24, 4.32455047078e-24, 3.9871570282e-24, 2.88515305348e-24, 5.13513660533e-24, 4.28553696028e-24, 4.22338142627e-24, 4.99424368107e-24, 5.83399873646e-24, 7.55829405853e-24, 6.81981533275e-24, 4.92813753165e-24, 5.03460338271e-24, 5.83614759356e-24, 8.06812145094e-24, 5.26378443618e-24, 6.16104035181e-24, 6.97825804556e-24, 6.70445310283e-24, 7.76248044866e-24, 7.16823389534e-24, 8.31469807067e-24, 8.57694383456e-24],
        "var": [3.57485405402e-05, 2.54823335126e-05, 1.44519999594e-05, 8.57588838699e-06, 9.19736180549e-07, 2.44420533591e-07, 1.6584539253e-07, 1.11040066031e-07, 6.84255496708e-08, 6.89525663233e-08, 1.61304676283e-08, 3.14538866064e-08, 1.67855862543e-08, 5.02385866241e-09, 3.30567795359e-09, 2.79529421832e-09, 9.9338681725e-10, 4.64607408102e-10, 4.63938776285e-10, 3.12421477577e-10, 3.55901252913e-10, 1.91230295488e-10, 5.88950666014e-10, 3.77238101867e-10, 2.81459855422e-10, 1.48237477848e-10, 1.79075074214e-10, 2.87085855089e-10, 4.21356949332e-10, 4.06978006851e-10, 7.32338356624e-10, 4.97958174694e-10, 1.87936111118e-10, 1.02381339517e-10, 7.05736233342e-11, 4.97258657861e-11, 4.68031204071e-11, 4.33246841181e-11, 2.46426420936e-11, 1.85475176884e-11]
    },
    "mfcc": {
        "mean": [-688.89276123, 88.2802581787, 18.4576950073, 19.1598014832, -1.82870352268, 6.36140775681, -3.25981211662, 1.5705177784, -3.11460971832, -0.200530454516, 1.7210893631, 1.65740692616, -2.08664083481],
        "cov": [[18702.3007812, -189.633972168, 1846.27490234, 1412.39904785, 339.965393066, 659.082824707, 437.738830566, 431.221038818, 246.996749878, 238.441467285, 60.3795547485, -69.7725296021, -144.573867798], [-189.633972168, 2347.89868164, 199.820632935, 313.63961792, 200.110626221, 182.40397644, 117.562057495, -31.2032756805, 32.0803375244, -28.7532501221, -82.9758300781, -69.5847473145, -69.8467559814], [1846.27490234, 199.820632935, 1322.43359375, 422.078063965, 251.47076416, 289.643768311, 199.946868896, 178.124771118, 82.1346206665, 66.0027160645, 62.6088790894, -16.24949646, -1.7452852726], [1412.39904785, 313.63961792, 422.078063965, 693.267456055, 203.808380127, 201.18107605, 127.877037048, 126.214523315, 73.5880584717, 7.97650289536, 36.8448257446, 7.93854570389, -56.9137077332], [339.965393066, 200.110626221, 251.47076416, 203.808380127, 445.614349365, 195.00592041, 167.019622803, 148.709640503, 108.849853516, 84.3268890381, 36.6615066528, 21.4376602173, 3.3098320961], [659.082824707, 182.40397644, 289.643768311, 201.18107605, 195.00592041, 341.02520752, 195.252746582, 137.18611145, 107.667144775, 73.9664382935, 51.3217277527, 14.6092510223, 17.8302669525], [437.738830566, 117.562057495, 199.946868896, 127.877037048, 167.019622803, 195.252746582, 259.647094727, 137.509262085, 97.8610687256, 105.218765259, 49.4490356445, 35.6344032288, 39.2556495667], [431.221038818, -31.2032756805, 178.124771118, 126.214523315, 148.709640503, 137.18611145, 137.509262085, 252.215362549, 114.684631348, 76.7169113159, 81.2306213379, 48.777469635, 13.4917526245], [246.996749878, 32.0803375244, 82.1346206665, 73.5880584717, 108.849853516, 107.667144775, 97.8610687256, 114.684631348, 173.074035645, 96.0986938477, 44.2176399231, 21.8319129944, 19.2559356689], [238.441467285, -28.7532501221, 66.0027160645, 7.97650289536, 84.3268890381, 73.9664382935, 105.218765259, 76.7169113159, 96.0986938477, 203.623733521, 71.1126098633, 55.4771118164, 79.2783660889], [60.3795547485, -82.9758300781, 62.6088790894, 36.8448257446, 36.6615066528, 51.3217277527, 49.4490356445, 81.2306213379, 44.2176399231, 71.1126098633, 146.073867798, 100.341819763, 49.3622207642], [-69.7725296021, -69.5847473145, -16.24949646, 7.93854570389, 21.4376602173, 14.6092510223, 35.6344032288, 48.777469635, 21.8319129944, 55.4771118164, 100.341819763, 164.929626465, 86.066368103], [-144.573867798, -69.8467559814, -1.7452852726, -56.9137077332, 3.3098320961, 17.8302669525, 39.2556495667, 13.4917526245, 19.2559356689, 79.2783660889, 49.3622207642, 86.066368103, 146.386978149]],
