{
"lowlevel": {
    "average_loudness": 0.907542407513,
    "barkbands_crest": {
        "dmean": 3.17809081078,
        "dmean2": 4.87196493149,
        "dvar": 9.97555732727,
        "dvar2": 22.4507770538,
        "max": 26.6123504639,
        "mean": 15.1013565063,
        "median": 15.3686857224,
        "min": 2.23170185089,
        "var": 35.3826065063
    },
    "barkbands_flatness_db": {
        "dmean": 0.0466834232211,
        "dmean2": 0.0721273496747,
        "dvar": 0.0027164760977,
        "dvar2": 0.00625517359003,
        "max": 0.619437992573,
        "mean": 0.19352991879,
        "median": 0.167531266809,
        "min": 0.0228183250874,
        "var": 0.011797035113
    },
    "barkbands_kurtosis": {
        "dmean": 24.5727539062,
        "dmean2": 39.1339187622,
        "dvar": 4778.92773438,
        "dvar2": 11803.734375,
        "max": 2049.7265625,
        "mean": 27.4816532135,
        "median": 7.77528190613,
        "min": -1.91379702091,
        "var": 4626.30078125
    },
    "barkbands_skewness": {
        "dmean": 1.62554657459,
        "dmean2": 2.49867200851,
        "dvar": 4.92095851898,
        "dvar2": 11.2795658112,
        "max": 38.3231811523,
        "mean": 3.40971040726,
        "median": 2.70951318741,
        "min": -2.25832223892,
        "var": 9.88526916504
    },
    "barkbands_spread": {
        "dmean": 11.6733083725,
        "dmean2": 19.1791496277,
        "dvar": 219.035308838,
        "dvar2": 553.086914062,
        "max": 116.187347412,
        "mean": 21.3427963257,
        "median": 15.405626297,
        "min": 0.125961586833,
        "var": 416.423187256
    },
    "dissonance": {
        "dmean": 0.0185469985008,
        "dmean2": 0.0307892821729,
        "dvar": 0.000376983662136,
        "dvar2": 0.000969932123553,
        "max": 0.500000059605,
        "mean": 0.463256984949,
        "median": 0.474983513355,
        "min": 0.186922386289,
        "var": 0.00168807420414
    },
    "dynamic_complexity": 3.79910993576,
    "erbbands_crest": {
        "dmean": 3.14478063583,
        "dmean2": 5.25371789932,
        "dvar": 12.0646696091,
        "dvar2": 30.7844047546,
        "max": 30.9109573364,
        "mean": 8.08463001251,
        "median": 6.32225370407,
        "min": 1.97732079029,
        "var": 24.9030914307
    },
    "erbbands_flatness_db": {
        "dmean": 0.0214353613555,
        "dmean2": 0.0337412171066,
        "dvar": 0.000523395836353,
        "dvar2": 0.00129157246556,
        "max": 0.489109486341,
        "mean": 0.133459880948,
        "median": 0.108601562679,
        "min": 0.0417699292302,
        "var": 0.005859721452
    },
    "erbbands_kurtosis": {
        "dmean": 2.3864262104,
        "dmean2": 4.10512971878,
        "dvar": 34.1406822205,
        "dvar2": 104.629302979,
        "max": 243.978744507,
        "mean": 2.2551305294,
        "median": -0.367668867111,
        "min": -1.89108836651,
        "var": 158.748550415
    },
    "erbbands_skewness": {
        "dmean": 0.72055631876,
        "dmean2": 1.15393507481,
        "dvar": 0.731840312481,
        "dvar2": 1.87444794178,
        "max": 12.0934715271,
        "mean": 0.516958236694,
        "median": 0.279539346695,
        "min": -2.5966463089,
        "var": 1.67799210548
    },
    "erbbands_spread": {
        "dmean": 18.5241127014,
        "dmean2": 29.6720523834,
        "dvar": 449.680908203,
        "dvar2": 1135.32617188,
        "max": 197.741149902,
        "mean": 60.7173118591,
        "median": 56.411403656,
        "min": 0.693329632282,
        "var": 1200.0904541
    },
    "hfc": {
        "dmean": 15.0158433914,
        "dmean2": 25.1926879883,
        "dvar": 509.881286621,
        "dvar2": 1345.35412598,
        "max": 246.549591064,
        "mean": 27.3155136108,
        "median": 17.3312759399,
        "min": 1.19449287671e-16,
        "var": 855.668151855
    },
    "melbands_crest": {
        "dmean": 3.99677586555,
        "dmean2": 6.15967988968,
        "dvar": 15.6199464798,
        "dvar2": 36.079875946,
        "max": 36.4683456421,
        "mean": 21.3915958405,
        "median": 22.389705658,
        "min": 1.90124750137,
        "var": 55.6883583069
    },
    "melbands_flatness_db": {
        "dmean": 0.0565931126475,
        "dmean2": 0.0864367932081,
        "dvar": 0.00390018476173,
        "dvar2": 0.00904359016567,
        "max": 0.788994967937,
        "mean": 0.272276848555,
        "median": 0.252728193998,
        "min": 0.00783626455814,
        "var": 0.0190368518233
    },
    "melbands_kurtosis": {
        "dmean": 61.4036827087,
        "dmean2": 96.3569030762,
        "dvar": 13169.7353516,
        "dvar2": 31460.2402344,
        "max": 1649.86218262,
        "mean": 86.4469604492,
        "median": 33.733253479,
        "min": -1.66181385517,
        "var": 18562.6953125
    },
    "melbands_skewness": {
        "dmean": 2.22829556465,
        "dmean2": 3.4288122654,
        "dvar": 8.3068189621,
        "dvar2": 19.6383876801,
        "max": 31.7357616425,
        "mean": 5.97810077667,
        "median": 4.91544389725,
        "min": -1.05413019657,
        "var": 20.6965751648
    },
    "melbands_spread": {
        "dmean": 9.96876716614,
        "dmean2": 16.5127658844,
        "dvar": 295.160888672,
        "dvar2": 714.489257812,
        "max": 227.861801147,
        "mean": 16.0832328796,
        "median": 8.08744049072,
        "min": 0.162426501513,
        "var": 466.312408447
    },
    "pitch_salience": {
        "dmean": 0.105465456843,
        "dmean2": 0.16250731051,
        "dvar": 0.0113422758877,
        "dvar2": 0.0264293793589,
        "max": 0.928075253963,
        "mean": 0.428789407015,
        "median": 0.429633498192,
        "min": 0.00730213243514,
        "var": 0.0343126356602
    },
    "silence_rate_20dB": {
        "dmean": 0,
        "dmean2": 0,
        "dvar": 0,
        "dvar2": 0,
        "max": 1,
        "mean": 1,
        "median": 1,
        "min": 1,
        "var": 0
    },
    "silence_rate_30dB": {
        "dmean": 0.0860361903906,
        "dmean2": 0.172087073326,
        "dvar": 0.078630708158,
        "dvar2": 0.169122830033,
        "max": 1,
        "mean": 0.866262674332,
        "median": 1,
        "min": 0,
        "var": 0.115861803293
    },
    "silence_rate_60dB": {
        "dmean": 0.0220211669803,
        "dmean2": 0.0440460965037,
        "dvar": 0.0215393453836,
        "dvar2": 0.0498001761734,
        "max": 1,
        "mean": 0.0892719998956,
        "median": 0,
        "min": 0,
        "var": 0.0813047215343
    },
    "spectral_centroid": {
        "dmean": 554.029724121,
        "dmean2": 911.519348145,
        "dvar": 414085.625,
        "dvar2": 1036920.8125,
        "max": 11185.921875,
        "mean": 1331.85668945,
        "median": 1187.74560547,
        "min": 105.559127808,
        "var": 804103.25
    },
    "spectral_complexity": {
        "dmean": 6.34858322144,
        "dmean2": 10.5476741791,
        "dvar": 55.312702179,
        "dvar2": 139.179275513,
        "max": 53,
        "mean": 14.985918045,
        "median": 12,
        "min": 0,
        "var": 116.511497498
    },
    "spectral_decrease": {
        "dmean": 4.52151693864e-09,
        "dmean2": 6.84210199609e-09,
        "dvar": 3.75274473122e-17,
        "dvar2": 7.99093463243e-17,
        "max": 9.55816702649e-29,
        "mean": -1.35499211851e-08,
        "median": -1.16469980327e-08,
        "min": -5.88662487644e-08,
        "var": 1.27014072748e-16
    },
    "spectral_energy": {
        "dmean": 0.0173777490854,
        "dmean2": 0.0262819100171,
        "dvar": 0.00053427007515,
        "dvar2": 0.00114397879224,
        "max": 0.223450049758,
        "mean": 0.0536181889474,
        "median": 0.0471102260053,
        "min": 1.04736542874e-20,
        "var": 0.00186256377492
    },
    "spectral_energyband_high": {
        "dmean": 0.00149680662435,
        "dmean2": 0.0025714407675,
        "dvar": 5.69468193135e-06,
        "dvar2": 1.56365949806e-05,
        "max": 0.0262479204684,
        "mean": 0.00207549636252,
        "median": 0.000830524775665,
        "min": 7.66591732947e-21,
        "var": 8.55829875945e-06
    },
    "spectral_energyband_low": {
        "dmean": 0.0161640867591,
        "dmean2": 0.0238565709442,
        "dvar": 0.00060947786551,
        "dvar2": 0.00134281301871,
        "max": 0.221378341317,
        "mean": 0.039602547884,
        "median": 0.0295377988368,
        "min": 1.73940279727e-23,
        "var": 0.00165478792042
    },
    "spectral_energyband_middle_high": {
        "dmean": 0.00191237323452,
        "dmean2": 0.00327815976925,
        "dvar": 1.06546312963e-05,
        "dvar2": 2.81834672933e-05,
        "max": 0.0516757890582,
        "mean": 0.00263057439588,
        "median": 0.00136951392051,
        "min": 1.33608086621e-21,
        "var": 1.28092524392e-05
    },
    "spectral_energyband_middle_low": {
        "dmean": 0.0100938584656,
        "dmean2": 0.0173476096243,
        "dvar": 0.000522403046489,
        "dvar2": 0.00139365706127,
        "max": 0.156495988369,
        "mean": 0.0111262211576,
        "median": 0.00529538327828,
        "min": 2.43513182532e-22,
        "var": 0.000390759902075
    },
    "spectral_entropy": {
        "dmean": 0.321817427874,
        "dmean2": 0.508552789688,
        "dvar": 0.147016212344,
        "dvar2": 0.36037248373,
        "max": 9.8038110733,
        "mean": 7.68552446365,
        "median": 7.97216129303,
        "min": 3.57503223419,
        "var": 0.896632909775
    },
    "spectral_flux": {
        "dmean": 0.0441340021789,
        "dmean2": 0.0645640790462,
        "dvar": 0.00279159704223,
        "dvar2": 0.00511319283396,
        "max": 0.470053911209,
        "mean": 0.112317927182,
        "median": 0.0829157531261,
        "min": 6.80565187539e-11,
        "var": 0.00871365703642
    },
    "spectral_kurtosis": {
        "dmean": 3.24005627632,
        "dmean2": 5.38153171539,
        "dvar": 129.812408447,
        "dvar2": 367.108947754,
        "max": 307.846710205,
        "mean": 8.16118049622,
        "median": 1.93825721741,
        "min": -1.19753992558,
        "var": 729.83972168
    },
    "spectral_rms": {
        "dmean": 0.00114894949365,
        "dmean2": 0.00170633685775,
        "dvar": 1.854948664e-06,
        "dvar2": 3.7360728129e-06,
        "max": 0.0147648248821,
        "mean": 0.0064717810601,
        "median": 0.00677946861833,
        "min": 3.19659186274e-12,
        "var": 1.04263008325e-05
    },
    "spectral_rolloff": {
        "dmean": 951.689086914,
        "dmean2": 1629.25427246,
        "dvar": 3540080.5,
        "dvar2": 8446367,
        "max": 19186.0839844,
        "mean": 1337.88842773,
        "median": 236.865234375,
        "min": 64.599609375,
        "var": 5553311
    },
    "spectral_skewness": {
        "dmean": 0.346611827612,
        "dmean2": 0.558817327023,
        "dvar": 0.28349044919,
        "dvar2": 0.764977514744,
        "max": 14.6014242172,
        "mean": 1.68522763252,
        "median": 1.28357291222,
        "min": -0.0210652183741,
        "var": 2.63235044479
    },
    "spectral_spread": {
        "dmean": 860512.3125,
        "dmean2": 1356807,
        "dvar": 873580068864,
        "dvar2": 1.99463796736e+12,
        "max": 41224556,
        "mean": 6525722.5,
        "median": 6750002,
        "min": 278118.625,
        "var": 6.6303253545e+12
    },
    "spectral_strongpeak": {
        "dmean": 0.250133156776,
        "dmean2": 0.409844100475,
        "dvar": 0.202655866742,
        "dvar2": 0.521771073341,
        "max": 13.030213356,
        "mean": 0.580671966076,
        "median": 0.503693223,
        "min": 0,
        "var": 0.256808996201
    },
    "zerocrossingrate": {
        "dmean": 0.0183094628155,
        "dmean2": 0.0214060582221,
        "dvar": 0.000504672992975,
        "dvar2": 0.000568497285713,
        "max": 0.80029296875,
        "mean": 0.0589510537684,
        "median": 0.04345703125,
        "min": 0.001953125,
        "var": 0.00319745205343
    },
    "barkbands": {
        "dmean": [0.000603052147198, 0.0137971844524, 0.00608517229557, 0.00396037520841, 0.00420872122049, 0.00145251839422, 0.00182445161045, 0.000569830939639, 0.00052629126003, 0.000370186753571, 0.000319274200592, 0.000234545295825, 0.000204711715924, 0.000278236111626, 0.0002082286519, 0.000184065749636, 0.000182188101462, 0.000172902189661, 0.000165373247, 0.000216055152123, 0.000225711104576, 0.000216944448766, 0.000310500181513, 0.000294437981211, 0.000305938854581, 0.000129161766381, 5.3843018577e-06],
        "dmean2": [0.000804091629107, 0.0199179369956, 0.00997414067388, 0.00718374876305, 0.00766665954143, 0.00248147174716, 0.00334236095659, 0.00102778384462, 0.000951231806539, 0.000643346633296, 0.000541557266843, 0.000397071766201, 0.000349971611286, 0.000494720996358, 0.000363431114238, 0.000326834531734, 0.000317728787195, 0.000303740089294, 0.000290871714242, 0.000387723761378, 0.00040041122702, 0.000374655995984, 0.000552520912606, 0.00050183996791, 0.000506625336129, 0.000206724842428, 9.70267046796e-06],
        "dvar": [1.00314173324e-06, 0.000491675164085, 0.000261957990006, 0.000143714394653, 0.000153498753207, 9.88411557046e-06, 3.77629803552e-05, 2.71190810963e-06, 1.72522152297e-06, 6.13886754763e-07, 7.25637619325e-07, 3.53048761781e-07, 1.73838344608e-07, 7.12154076155e-07, 1.4874694898e-07, 1.12669880536e-07, 1.26820211221e-07, 1.05407195861e-07, 6.62925430106e-08, 1.23430481835e-07, 1.34342997171e-07, 1.04929831934e-07, 2.97519790138e-07, 2.14280717614e-07, 3.02094207427e-07, 4.55274218325e-08, 1.68427827241e-10],
        "dvar2": [1.72591273895e-06, 0.00110698479693, 0.000667577260174, 0.000410762819229, 0.000434407149442, 2.63668771368e-05, 0.000105976927443, 7.70991664467e-06, 4.86362750962e-06, 1.54465215019e-06, 1.69907934833e-06, 8.16593512809e-07, 4.28345373393e-07, 1.75999593921e-06, 4.02122878995e-07, 3.05150564373e-07, 3.3219123452e-07, 2.88984892904e-07, 1.77906912313e-07, 3.42614697502e-07, 3.71137531374e-07, 2.80711077494e-07, 8.61831097154e-07, 5.68435439163e-07, 7.83239158864e-07, 1.01420681631e-07, 4.67268113091e-10],
        "max": [0.0160402376205, 0.206361353397, 0.131976768374, 0.0860738009214, 0.0946754813194, 0.0371626392007, 0.0589789189398, 0.0358270928264, 0.0151432650164, 0.0281331948936, 0.0254079271108, 0.0252677369863, 0.0150741515681, 0.0495398715138, 0.00908353831619, 0.00562575599179, 0.0164689961821, 0.00750532094389, 0.00513215735555, 0.00413914211094, 0.00458433944732, 0.00271519599482, 0.00578362541273, 0.00446814158931, 0.00535574136302, 0.0022881089244, 0.000146537306136],
        "mean": [0.00150938017759, 0.0299479197711, 0.00640814425424, 0.00315581727773, 0.00379995396361, 0.0015755899949, 0.00144895596895, 0.00051241600886, 0.000488577701617, 0.000415343180066, 0.000360251025995, 0.000277339277091, 0.000235630184761, 0.000264229573077, 0.000235141298617, 0.000194092077436, 0.000215203501284, 0.000197398432647, 0.000190996943275, 0.000232901074924, 0.000254905055044, 0.000260948989308, 0.000370979105355, 0.000425095029641, 0.000455456145573, 0.000181168696145, 4.26659380537e-06],
        "median": [0.000528256583493, 0.0177939329296, 0.000979053555056, 0.000429159845226, 0.000997289898805, 0.000399913114961, 0.000317600410199, 0.00010941956134, 0.000114966343972, 0.000140340329381, 0.000103799960925, 0.000112004461698, 8.12808793853e-05, 7.97926768428e-05, 8.78002756508e-05, 7.62644485803e-05, 9.37397999223e-05, 9.00281447684e-05, 9.25204876694e-05, 0.000105050006823, 0.000108441170596, 0.000114881710033, 0.000126161350636, 0.000139950381708, 0.000120872820844, 4.27304803452e-05, 3.01928423596e-07],
        "min": [2.52787992166e-24, 7.48341459255e-24, 2.16967711726e-24, 1.37378509479e-24, 1.7571892441e-23, 3.76189811226e-23, 2.12215021988e-23, 1.61125060772e-23, 7.3342771252e-23, 5.84172263135e-23, 3.07565980665e-23, 4.6643256422e-23, 3.68836775619e-23, 1.00312328947e-22, 1.02837125606e-22, 8.21927871775e-23, 1.13455931764e-22, 7.65303372889e-23, 2.08070305771e-22, 2.76651752413e-22, 4.389021138e-22, 3.73614824081e-22, 6.64896450054e-22, 7.25154013128e-22, 1.16061598656e-21, 1.58041590296e-21, 2.33008862179e-21],
        "var": [4.73339559903e-06, 0.00119011371862, 0.000233878396102, 9.11758252187e-05, 9.95331865852e-05, 8.67058133736e-06, 2.2985988835e-05, 1.77161859938e-06, 1.23799475205e-06, 9.26949326185e-07, 1.26627412556e-06, 4.7187361929e-07, 2.03529737064e-07, 6.6254557396e-07, 1.59456277515e-07, 1.0847874421e-07, 1.71615198497e-07, 9.69364251091e-08, 7.07264575794e-08, 1.12282307896e-07, 1.350372969e-07, 1.2609393707e-07, 3.3156558743e-07, 4.0233561549e-07, 6.0435843352e-07, 1.02617221387e-07, 1.23367357996e-10]
    },
    "erbbands": {
        "dmean": [0.495483726263, 2.81978440285, 6.46699571609, 10.1187343597, 16.1504364014, 12.8023672104, 6.90982818604, 13.9372110367, 29.2508010864, 15.0571718216, 13.6269416809, 12.2871923447, 11.2947893143, 13.5983114243, 10.2101631165, 10.0939884186, 9.24849796295, 13.5767822266, 12.1816396713, 10.7540435791, 9.80291461945, 9.81369304657, 9.31594181061, 8.29927921295, 9.48118782043, 10.6559076309, 9.66048145294, 8.18487739563, 7.5307970047, 9.30003547668, 8.33700561523, 6.64430046082, 5.0753531456, 3.74499320984, 2.06666731834, 0.774002492428, 0.203541457653, 0.0248588155955, 0.000685093167704, 3.58152828994e-05],
        "dmean2": [0.671660542488, 4.1926651001, 10.1752157211, 17.5075149536, 29.646402359, 23.0183067322, 12.2045211792, 23.4140548706, 52.7352790833, 27.7581272125, 24.6917304993, 22.0295677185, 19.7246589661, 23.3443603516, 17.4782409668, 17.0520324707, 15.824962616, 23.849193573, 21.5178337097, 19.0803127289, 17.1307544708, 17.1504077911, 16.289276123, 14.633477211, 16.8298988342, 19.2055721283, 17.2361106873, 14.3397684097, 12.9202508926, 16.7131233215, 14.7542104721, 11.6054801941, 8.53104019165, 6.16363763809, 3.50004410744, 1.24063682556, 0.339307099581, 0.0425532311201, 0.00118750950787, 5.79408952035e-05],
        "dvar": [0.69291305542, 25.8991317749, 262.47958374, 804.921386719, 2605.77319336, 1216.03967285, 300.154174805, 939.180664062, 10046.5273438, 2016.79833984, 1405.03564453, 918.276306152, 654.30670166, 1042.66137695, 1000.81347656, 644.111755371, 311.986877441, 1499.390625, 691.997314453, 406.013641357, 311.699462891, 424.679443359, 326.320648193, 209.759353638, 214.421875, 327.080169678, 254.217971802, 165.094619751, 135.21862793, 241.124053955, 202.541915894, 114.126586914, 64.2452545166, 42.0026168823, 13.8611965179, 1.75424695015, 0.113331094384, 0.00203266763128, 1.88194621842e-06, 2.2432182778e-09],
        "dvar2": [1.27978014946, 59.2715072632, 627.322387695, 2194.5480957, 7427.00683594, 3486.65673828, 868.671264648, 2401.52954102, 27593.7441406, 5781.92382812, 3985.19702148, 2569.1730957, 1596.2121582, 2471.53149414, 2543.25439453, 1411.36279297, 776.772705078, 3737.20458984, 1858.11193848, 1099.22692871, 831.70300293, 1149.33044434, 893.68927002, 564.538757324, 577.620300293, 915.917480469, 712.54309082, 452.109222412, 362.724334717, 695.453063965, 589.232116699, 319.324615479, 165.666610718, 109.331298828, 35.8123550415, 3.96037888527, 0.271253883839, 0.00539835682139, 5.18390743309e-06, 5.74339686921e-09],
        "max": [9.01938819885, 48.715587616, 120.184288025, 188.311386108, 377.840698242, 297.311187744, 201.733779907, 358.53515625, 1056.34179688, 427.555236816, 683.396850586, 349.033630371, 1300.35620117, 1252.21655273, 1392.55517578, 1174.16894531, 532.975463867, 2317.89306641, 680.318969727, 483.628723145, 375.983276367, 981.752868652, 414.06149292, 401.747924805, 189.013427734, 177.63117981, 212.452484131, 205.613449097, 115.589614868, 165.510253906, 141.40788269, 109.991676331, 74.4280853271, 60.9089546204, 37.0433959961, 14.221862793, 3.89428091049, 0.410273879766, 0.0156980846077, 0.000524991191924],
        "mean": [1.15731585026, 5.49843502045, 7.92867422104, 9.6066532135, 13.0953245163, 12.0733909607, 7.6155667305, 15.1316986084, 23.1157665253, 13.2880153656, 12.3650226593, 11.8972043991, 12.6835536957, 15.5669984818, 11.630238533, 12.2769174576, 10.8912849426, 13.8923721313, 12.7273874283, 11.8394947052, 11.2490549088, 11.7038450241, 11.0041723251, 9.63739013672, 10.6117458344, 11.2183485031, 10.568365097, 9.61256599426, 9.12966823578, 10.5312929153, 10.3484477997, 8.93399906158, 7.22585296631, 5.43476915359, 2.97427248955, 1.12195408344, 0.271562814713, 0.027974974364, 0.000760647468269, 9.37445074669e-05],
        "median": [0.58514881134, 2.63006281853, 1.90836632252, 1.97593843937, 3.02295446396, 2.96257400513, 2.71831059456, 3.2699546814, 4.67530536652, 4.04940080643, 2.90981888771, 3.05071616173, 4.32863283157, 4.84364557266, 4.1356215477, 5.02513456345, 4.01214933395, 4.63967847824, 4.04241752625, 4.97553873062, 5.06247472763, 5.01982498169, 5.14873600006, 4.56638002396, 4.95847225189, 4.93834066391, 4.54582452774, 4.22492074966, 4.08706569672, 3.83223509789, 3.52924132347, 3.01242995262, 2.27935099602, 1.47262895107, 0.727526187897, 0.260802507401, 0.0651715472341, 0.00626623723656, 0.000183483687579, 7.91172133177e-05],
        "min": [2.50933574238e-22, 1.57702993525e-21, 4.15180569082e-21, 9.79063009142e-21, 2.42317390569e-20, 3.79599580826e-20, 2.10379895419e-19, 2.86752835141e-19, 3.23484565724e-19, 2.80159585274e-19, 5.49912514659e-19, 1.84401161248e-18, 2.41406747432e-18, 1.68987519073e-18, 1.03897059242e-18, 1.84927723747e-18, 2.19622449692e-18, 6.37526751017e-18, 5.68335615678e-18, 5.46307589171e-18, 5.15493250197e-18, 6.88026375568e-18, 3.85843525245e-18, 1.12907382558e-17, 1.10873461237e-17, 1.24735875066e-17, 1.56738053672e-17, 1.68465109021e-17, 1.18083820929e-17, 2.11959804185e-17, 1.78776990692e-17, 1.49314173849e-17, 1.17249377671e-17, 1.07630507918e-17, 8.90698819174e-18, 6.55258732296e-18, 3.25543547515e-18, 1.01411919169e-18, 3.27010991771e-19, 3.09522261047e-20],
        "var": [1.96329712868, 51.8248329163, 284.886016846, 589.681030273, 1593.23730469, 813.72064209, 218.38671875, 913.651977539, 6392.64746094, 1203.29760742, 937.798950195, 692.69354248, 1158.07385254, 2074.54443359, 959.380187988, 959.383300781, 364.809173584, 1399.76025391, 653.389343262, 379.282653809, 353.355773926, 539.264160156, 307.722595215, 216.80406189, 215.769760132, 281.291625977, 232.42930603, 189.291793823, 157.101013184, 261.728851318, 242.713775635, 181.689788818, 122.026748657, 82.7955093384, 27.3236999512, 4.15512704849, 0.217496708035, 0.00239577819593, 1.86126544577e-06, 5.84673776061e-09]
    },
    "gfcc": {
        "mean": [-24.7292366028, 69.1457290649, -82.1338882446, 43.4334640503, -52.5719451904, 26.5839157104, -35.1060256958, 14.9393005371, -22.5470237732, 7.32296228409, -13.4650325775, 3.67645096779, -8.11005020142],
        "cov": [[26580.3261719, -4749.04150391, -1890.20910645, 520.125183105, -1968.27502441, 1420.65026855, -1011.68365479, 1177.37219238, -381.161346436, 1189.52355957, -21.7150878906, 984.41595459, -288.02154541], [-4749.04150391, 3955.79956055, 782.918457031, 44.7567863464, 805.813049316, -562.715820312, 500.711669922, -470.751098633, 357.95199585, -392.402282715, 276.54901123, -404.40145874, 242.683380127], [-1890.20910645, 782.918457031, 2056.77416992, 882.339111328, 643.976745605, 263.892944336, 265.068328857, 41.2952804565, 99.8587188721, -27.7729377747, 87.6454772949, -38.2844200134, 49.1406288147], [520.125183105, 44.7567863464, 882.339111328, 849.379638672, 365.982299805, 364.245269775, 164.82951355, 110.050590515, 50.6200332642, 33.4394721985, 69.3804473877, 38.7307357788, 58.6315040588], [-1968.27502441, 805.813049316, 643.976745605, 365.982299805, 613.12286377, 114.035476685, 303.26184082, -21.71144104, 117.809295654, -91.9166107178, 67.483291626, -83.131942749, 78.865447998], [1420.65026855, -562.715820312, 263.892944336, 364.245269775, 114.035476685, 466.443328857, 84.1709289551, 220.617034912, 12.3209409714, 120.317619324, 20.8471698761, 101.056884766, -2.34687447548], [-1011.68365479, 500.711669922, 265.068328857, 164.82951355, 303.26184082, 84.1709289551, 298.883056641, 45.617099762, 126.916099548, -28.4124469757, 77.075920105, -37.3230438232, 65.1122360229], [1177.37219238, -470.751098633, 41.2952804565, 110.050590515, -21.71144104, 220.617034912, 45.617099762, 233.308761597, 44.5679588318, 127.346343994, 19.8052768707, 94.8073272705, -2.51388669014], [-381.161346436, 357.95199585, 99.8587188721, 50.6200332642, 117.809295654, 12.3209409714, 126.916099548, 44.5679588318, 157.596176147, 40.2593078613, 95.4585266113, -3.06222319603, 51.2807769775], [1189.52355957, -392.402282715, -27.7729377747, 33.4394721985, -91.9166107178, 120.317619324, -28.4124469757, 127.346343994, 40.2593078613, 187.183853149, 65.1413955688, 106.071044922, -13.1393995285], [-21.7150878906, 276.54901123, 87.6454772949, 69.3804473877, 67.483291626, 20.8471698761, 77.075920105, 19.8052768707, 95.4585266113, 65.1413955688, 157.882034302, 50.0464324951, 59.7965011597], [984.41595459, -404.40145874, -38.2844200134, 38.7307357788, -83.131942749, 101.056884766, -37.3230438232, 94.8073272705, -3.06222319603, 106.071044922, 50.0464324951, 146.028396606, 23.702009201], [-288.02154541, 242.683380127, 49.1406288147, 58.6315040588, 78.865447998, -2.34687447548, 65.1122360229, -2.51388669014, 51.2807769775, -13.1393995285, 59.7965011597, 23.702009201, 101.67099762]],
        "icov": [[0.000132293527713, -0.000234008024563, 0.000198311419808, -0.000339479680406, 0.000395161187043, -0.000274554855423, 0.000195135653485, -0.000393278809497, 0.000332620547852, -0.000457981048385, 0.000326757115545, -0.000495816057082, 0.000282157998299], [-0.000234008024563, 0.00163223699201, -0.000648936198559, 0.000886746565811, -0.00113720935769, 0.00107257487252, -0.000569078139961, 0.00152281520423, -0.00167259911541, 0.00169482210185, -0.00253077223897, 0.00302999396808, -0.00160298368428], [0.000198311419808, -0.000648936198559, 0.0014553925721, -0.00160772411618, -0.000109831533337, -7.05112761352e-05, 0.00054620654555, -0.000981071498245, 0.000737854046747, -0.000956604373641, 0.000834893959109, -0.00136213144287, 0.00137471198104], [-0.000339479680406, 0.000886746565811, -0.00160772411618, 0.00436512380838, -0.00165872252546, -0.00147874141112, -5.95115743636e-05, 0.0015772379702, -0.0007061510114, 0.00147631159052, -0.00186129589565, 0.00213620672002, -0.00234524579719], [0.000395161187043, -0.00113720935769, -0.000109831533337, -0.00165872252546, 0.0068749091588, -0.00221586646512, -0.00316969747655, 0.000540710578207, 0.00036133674439, -0.00060702097835, 0.00200133793987, -0.00141759263352, 0.000395597598981], [-0.000274554855423, 0.00107257487252, -7.05112761352e-05, -0.00147874141112, -0.00221586646512, 0.00775386439636, -0.00136426929384, -0.00360018503852, 0.00143286958337, 2.82528544631e-05, -0.00143800629303, 0.00103973655496, 0.000115679576993], [0.000195135653485, -0.000569078139961, 0.00054620654555, -5.95115743636e-05, -0.00316969747655, -0.00136426929384, 0.0108753088862, -0.00415289774537, -0.0030832819175, 0.00220754696056, -0.00170353904832, 0.000849752686918, -0.000314510747558], [-0.000393278809497, 0.00152281520423, -0.000981071498245, 0.0015772379702, 0.000540710578207, -0.00360018503852, -0.00415289774537, 0.0162338856608, -0.00683374935761, -0.00265840440989, 0.00365598546341, -0.00187362974975, -0.00123608729336], [0.000332620547852, -0.00167259911541, 0.000737854046747, -0.0007061510114, 0.00036133674439, 0.00143286958337, -0.0030832819175, -0.00683374935761, 0.0204915329814, -0.00730464793742, -0.00469050137326, 0.00419191457331, -0.00295440945774], [-0.000457981048385, 0.00169482210185, -0.000956604373641, 0.00147631159052, -0.00060702097835, 2.82528544631e-05, 0.00220754696056, -0.00265840440989, -0.00730464793742, 0.0202599894255, -0.00842309277505, -0.0037958980538, 0.00540162157267], [0.000326757115545, -0.00253077223897, 0.000834893959109, -0.00186129589565, 0.00200133793987, -0.00143800629303, -0.00170353904832, 0.00365598546341, -0.00469050137326, -0.00842309277505, 0.0209329985082, -0.0100921820849, -0.00144941383041], [-0.000495816057082, 0.00302999396808, -0.00136213144287, 0.00213620672002, -0.00141759263352, 0.00103973655496, 0.000849752686918, -0.00187362974975, 0.00419191457331, -0.0037958980538, -0.0100921820849, 0.0257094074041, -0.011340264231], [0.000282157998299, -0.00160298368428, 0.00137471198104, -0.00234524579719, 0.000395597598981, 0.000115679576993, -0.000314510747558, -0.00123608729336, -0.00295440945774, 0.00540162157267, -0.00144941383041, -0.011340264231, 0.0207002516836]]
    },
    "melbands": {
        "dmean": [0.00402178335935, 0.00314754270948, 0.00182961602695, 0.00110358477104, 0.00027899214183, 0.000329342175974, 0.000420747324824, 0.000144761943375, 0.000108226791781, 7.65621080063e-05, 5.58162500965e-05, 5.50256299903e-05, 3.70641064364e-05, 2.66458955593e-05, 2.27339423873e-05, 2.22433463932e-05, 2.68147650786e-05, 2.08857727557e-05, 1.5021379113e-05, 1.39903841045e-05, 1.17009094538e-05, 1.11592034955e-05, 8.90293085831e-06, 8.30651151773e-06, 6.78513242747e-06, 6.12225267105e-06, 7.64848118706e-06, 7.28491977497e-06, 5.59517229703e-06, 6.01684996582e-06, 4.61338504465e-06, 4.32472415923e-06, 4.49480876341e-06, 5.76621096116e-06, 5.09492065248e-06, 4.54801147498e-06, 3.86416058973e-06, 3.55641282113e-06, 3.8380476326e-06, 2.9947063922e-06],
        "dmean2": [0.00560700567439, 0.00477665569633, 0.003142174799, 0.00201611150987, 0.000497279921547, 0.000560026965104, 0.00075752689736, 0.000266885035671, 0.00019603286637, 0.000137190887472, 9.74354261416e-05, 9.46561922319e-05, 6.38618585072e-05, 4.41984993813e-05, 3.90957975469e-05, 3.81407844543e-05, 4.7298563004e-05, 3.71294881916e-05, 2.63510210061e-05, 2.49966215051e-05, 2.0468251023e-05, 1.95967513719e-05, 1.55802681547e-05, 1.46982665683e-05, 1.19763517432e-05, 1.07522264443e-05, 1.36375156217e-05, 1.32181412482e-05, 9.91677643469e-06, 1.07645655589e-05, 8.07960441307e-06, 7.38800963518e-06, 7.93915387476e-06, 1.04427736005e-05, 9.11817005544e-06, 7.89738533058e-06, 6.74337388773e-06, 5.90533954892e-06, 6.61880449115e-06, 4.86751378048e-06],
        "dvar": [4.02303739975e-05, 4.58022223029e-05, 2.56710627582e-05, 1.09381217044e-05, 5.10918653163e-07, 5.92943479205e-07, 1.96120640794e-06, 1.8071987995e-07, 8.45153849127e-08, 3.55898954751e-08, 1.61318673975e-08, 1.62669326897e-08, 9.68801661116e-09, 5.99589533579e-09, 2.02263428228e-09, 2.370880825e-09, 6.99756386169e-09, 2.5395354708e-09, 8.19792900231e-10, 6.8245326057e-10, 4.81703898991e-10, 5.49023104757e-10, 3.34537869628e-10, 2.35891500777e-10, 1.5463574865e-10, 9.05680114238e-11, 1.51986701002e-10, 1.78089251679e-10, 8.32393737271e-11, 1.15301143633e-10, 5.20774222357e-11, 4.60861696028e-11, 4.72360067727e-11, 1.11882510201e-10, 8.70735913927e-11, 5.6077288646e-11, 3.78738845841e-11, 2.98641979202e-11, 5.16768329517e-11, 2.53844358727e-11],
        "dvar2": [8.35082028061e-05, 0.000102824385976, 6.86655403115e-05, 3.11096773657e-05, 1.48661649746e-06, 1.54431870669e-06, 5.37738696949e-06, 5.20643766322e-07, 2.39637216737e-07, 9.9267580822e-08, 3.92942141048e-08, 3.91519172638e-08, 2.43009310452e-08, 1.4186162467e-08, 4.97740293426e-09, 5.76843328659e-09, 1.72743614968e-08, 6.76433309366e-09, 2.20565365971e-09, 1.88101823007e-09, 1.27985366749e-09, 1.46034973003e-09, 9.28343180107e-10, 6.48119224955e-10, 4.15808748544e-10, 2.4129551135e-10, 4.09121764244e-10, 5.0644882732e-10, 2.3479346245e-10, 3.17099235758e-10, 1.41982647861e-10, 1.2386769388e-10, 1.27895374846e-10, 3.29505422947e-10, 2.58327137459e-10, 1.54315379919e-10, 1.05151845564e-10, 7.34795418955e-11, 1.47441669984e-10, 6.09820527409e-11],
        "max": [0.0656232982874, 0.0581971108913, 0.0374023243785, 0.0246483832598, 0.00788623373955, 0.00888641085476, 0.0143914166838, 0.00477171968669, 0.00474010175094, 0.00213590404019, 0.00626855622977, 0.004765950609, 0.00348420860246, 0.00334485876374, 0.00103170739021, 0.00201253825799, 0.00536715565249, 0.0015678940108, 0.000760583265219, 0.000450091727544, 0.00050544081023, 0.00112397933844, 0.000361539801816, 0.000325724802678, 0.000394502421841, 0.000215958541958, 0.000160241572303, 0.0001340500894, 0.000162044540048, 0.00011492073827, 0.000141325741424, 6.85124759912e-05, 5.86985661357e-05, 0.000128592524561, 0.000100802702946, 7.8254219261e-05, 6.2620609242e-05, 6.76939962432e-05, 6.85911581968e-05, 5.34151804459e-05],
        "mean": [0.00914397463202, 0.00523262005299, 0.00178592524026, 0.000959767494351, 0.000303652050206, 0.000343450868968, 0.000339935009833, 0.000129615043988, 9.70203545876e-05, 7.36959045753e-05, 6.18021585979e-05, 6.16984689259e-05, 4.10517022829e-05, 3.26363915519e-05, 2.57274950854e-05, 2.49876084126e-05, 2.59906919382e-05, 2.05270353035e-05, 1.68051810761e-05, 1.44588138937e-05, 1.31720462377e-05, 1.27894618345e-05, 1.04170840132e-05, 9.08639594854e-06, 7.61518640502e-06, 7.04838384991e-06, 8.05470426712e-06, 7.32974604034e-06, 6.27034751233e-06, 6.28068437436e-06, 5.38692165719e-06, 5.07605773237e-06, 5.1592642194e-06, 6.20820173935e-06, 5.86116402701e-06, 6.00656858296e-06, 5.14151861353e-06, 4.9179952839e-06, 5.15218926012e-06, 4.33669038102e-06],
        "median": [0.00537525722757, 0.0022496690508, 0.000451209663879, 0.000243550224695, 0.00010074909369, 7.45965226088e-05, 7.33159758965e-05, 4.02747609769e-05, 2.13025468838e-05, 1.76132616616e-05, 2.01380080398e-05, 1.86405213753e-05, 1.31559927468e-05, 1.33373550852e-05, 9.94641413854e-06, 8.17148520582e-06, 8.11821155366e-06, 5.85321595281e-06, 6.54378163745e-06, 5.79347215535e-06, 5.69840085518e-06, 5.21976107848e-06, 4.2969209062e-06, 4.02175965064e-06, 3.38457562066e-06, 3.3519520457e-06, 3.52114670932e-06, 3.04541663354e-06, 2.7788951229e-06, 2.48842957262e-06, 2.26975771511e-06, 2.23491701945e-06, 2.05265018849e-06, 2.02846149477e-06, 1.96574387701e-06, 1.98795851247e-06, 1.74080878423e-06, 1.58786440352e-06, 1.42312546814e-06, 1.11551696591e-06],
        "min": [2.35807958397e-24, 1.88597512561e-24, 2.07460636198e-24, 2.16621875105e-24, 5.65071479374e-24, 6.8274799053e-24, 4.74732430128e-24, 3.22374063426e-24, 3.78803039192e-24, 1.28301371033e-23, 1.17908160161e-23, 6.94598890137e-24, 3.27411847496e-24, 4.62710899908e-24, 4.64844019238e-24, 6.53851226711e-24, 1.06866387296e-23, 9.82213789648e-24, 6.93174522887e-24, 5.91443336094e-24, 6.0811247978e-24, 6.6718881358e-24, 3.33098962698e-24, 3.73720092835e-24, 8.89962896556e-24, 7.67252348419e-24, 7.88493611584e-24, 8.21187241826e-24, 1.08676933514e-23, 6.51773564302e-24, 9.73840583342e-24, 5.23913687163e-24, 1.01038298705e-23, 1.17950932199e-23, 9.72118736644e-24, 1.11727797845e-23, 8.0006162567e-24, 6.82274831759e-24, 1.03692247672e-23, 8.05648417487e-24],
        "var": [0.000110434950329, 6.83733451297e-05, 1.9400004021e-05, 6.91770856065e-06, 3.53517748408e-07, 5.15210786034e-07, 1.25870019474e-06, 1.07315578646e-07, 5.64809532477e-08, 2.78963856459e-08, 2.82208603153e-08, 3.04873992718e-08, 1.14902904969e-08, 7.38703320735e-09, 2.50537146584e-09, 2.72742783913e-09, 6.51335918533e-09, 2.27398833097e-09, 8.46027026213e-10, 5.92166315982e-10, 5.53941670312e-10, 7.32427007932e-10, 3.25318522121e-10, 2.06857170282e-10, 1.58111315707e-10, 1.03355886349e-10, 1.40622416489e-10, 1.40964878659e-10, 8.17199155567e-11, 9.88011755743e-11, 6.3728335109e-11, 5.19076483185e-11, 5.32706864731e-11, 1.10213047022e-10, 8.59586291035e-11, 8.58738080645e-11, 6.05670999465e-11, 5.70484527673e-11, 7.39184477516e-11, 5.50770921925e-11]
    },
    "mfcc": {
        "mean": [-664.529541016, 93.8160934448, 29.7756538391, 23.7327289581, 13.9554691315, 12.1271619797, 6.80813312531, 6.90044498444, 3.06653165817, 3.94727611542, 0.382738113403, 2.49311256409, 2.12208890915],
        "cov": [[14758.3505859, -1601.28918457, -578.537597656, -371.548950195, -301.31036377, -122.224098206, -89.990737915, 15.3498382568, -0.295456409454, 120.353927612, 108.744239807, 232.596450806, 279.999053955], [-1601.28918457, 2519.01611328, 179.554824829, 322.377563477, 94.9120559692, 62.8380317688, -4.78667354584, -25.3992595673, -28.0521965027, 22.6936302185, 54.7946624756, -3.57031750679, -53.6724777222], [-578.537597656, 179.554824829, 1462.25073242, 643.205871582, 526.430603027, 344.661621094, 269.152923584, 172.56362915, 96.1685180664, 101.751251221, 63.1785202026, 35.3449249268, 100.370170593], [-371.548950195, 322.377563477, 643.205871582, 599.029541016, 360.805175781, 280.247344971, 208.187301636, 137.773162842, 85.5320892334, 67.473526001, 37.7550430298, 23.458272934, 42.6278381348], [-301.31036377, 94.9120559692, 526.430603027, 360.805175781, 406.14654541, 270.862548828, 213.509063721, 151.875579834, 96.0750808716, 74.2151031494, 40.6612586975, 18.8605556488, 45.4837684631], [-122.224098206, 62.8380317688, 344.661621094, 280.247344971, 270.862548828, 292.800415039, 209.416778564, 143.645248413, 94.2656402588, 73.0478439331, 47.6081962585, 30.9033641815, 36.5962219238], [-89.990737915, -4.78667354584, 269.152923584, 208.187301636, 213.509063721, 209.416778564, 236.531295776, 160.295791626, 103.274078369, 75.6831207275, 49.4347648621, 32.0735588074, 44.8069572449], [15.3498382568, -25.3992595673, 172.56362915, 137.773162842, 151.875579834, 143.645248413, 160.295791626, 174.457122803, 111.0259552, 68.526260376, 43.5571899414, 27.815782547, 35.3500289917], [-0.295456409454, -28.0521965027, 96.1685180664, 85.5320892334, 96.0750808716, 94.2656402588, 103.274078369, 111.0259552, 130.751556396, 74.802986145, 36.8370895386, 26.6263504028, 26.8324432373], [120.353927612, 22.6936302185, 101.751251221, 67.473526001, 74.2151031494, 73.0478439331, 75.6831207275, 68.526260376, 74.802986145, 117.930725098, 67.1859130859, 35.2188606262, 43.3020858765], [108.744239807, 54.7946624756, 63.1785202026, 37.7550430298, 40.6612586975, 47.6081962585, 49.4347648621, 43.5571899414, 36.8370895386, 67.1859130859, 104.468086243, 62.9517822266, 45.6599731445], [232.596450806, -3.57031750679, 35.3449249268, 23.458272934, 18.8605556488, 30.9033641815, 32.0735588074, 27.815782547, 26.6263504028, 35.2188606262, 62.9517822266, 91.490196228, 63.2515220642], [279.999053955, -53.6724777222, 100.370170593, 42.6278381348, 45.4837684631, 36.5962219238, 44.8069572449, 35.3500289917, 26.8324432373, 43.3020858765, 45.6599731445, 63.2515220642, 102.534004211]],
