{
"lowlevel": {
    "average_loudness": 0.812786400318,
    "barkbands_crest": {
        "dmean": 2.94987535477,
        "dmean2": 4.68989181519,
        "dvar": 9.63920593262,
        "dvar2": 21.4666175842,
        "max": 26.4697608948,
        "mean": 11.7741975784,
        "median": 11.9421691895,
        "min": 1.74932134151,
        "var": 28.1574268341
    },
    "barkbands_flatness_db": {
        "dmean": 0.0292779654264,
        "dmean2": 0.0430776327848,
        "dvar": 0.00133538316004,
        "dvar2": 0.00281019718386,
        "max": 0.855903804302,
        "mean": 0.126078769565,
        "median": 0.115367561579,
        "min": 0.0104266190901,
        "var": 0.00535348290578
    },
    "barkbands_kurtosis": {
        "dmean": 7.12859392166,
        "dmean2": 11.3009176254,
        "dvar": 1187.29187012,
        "dvar2": 3090.49438477,
        "max": 1867.51281738,
        "mean": 8.10049629211,
        "median": 1.87308573723,
        "min": -1.81357169151,
        "var": 1036.24047852
    },
    "barkbands_skewness": {
        "dmean": 0.888043701649,
        "dmean2": 1.33648872375,
        "dvar": 1.69522893429,
        "dvar2": 3.92964458466,
        "max": 35.4096183777,
        "mean": 1.95414602757,
        "median": 1.57655000687,
        "min": -1.92148447037,
        "var": 3.86832880974
    },
    "barkbands_spread": {
        "dmean": 9.04749107361,
        "dmean2": 13.98487854,
        "dvar": 114.239707947,
        "dvar2": 244.323394775,
        "max": 100.186126709,
        "mean": 31.0811786652,
        "median": 28.2616004944,
        "min": 0.0898334011436,
        "var": 385.881744385
    },
    "dissonance": {
        "dmean": 0.0122898016125,
        "dmean2": 0.0211331192404,
        "dvar": 0.000320200168062,
        "dvar2": 0.000898272381164,
        "max": 0.500000059605,
        "mean": 0.482858121395,
        "median": 0.490093648434,
        "min": 0.0325075462461,
        "var": 0.000618900347035
    },
    "dynamic_complexity": 4.00419616699,
    "erbbands_crest": {
        "dmean": 2.51745200157,
        "dmean2": 4.20384263992,
        "dvar": 7.46904993057,
        "dvar2": 18.9983730316,
        "max": 29.5001678467,
        "mean": 7.08247375488,
        "median": 5.66991472244,
        "min": 2.19275617599,
        "var": 17.4422302246
    },
    "erbbands_flatness_db": {
        "dmean": 0.0167332459241,
        "dmean2": 0.0257835593075,
        "dvar": 0.000310297531541,
        "dvar2": 0.000693773909006,
        "max": 0.591356098652,
        "mean": 0.130456909537,
        "median": 0.117786124349,
        "min": 0.0352201424539,
        "var": 0.00231314124539
    },
    "erbbands_kurtosis": {
        "dmean": 1.25930535793,
        "dmean2": 2.06392741203,
        "dvar": 12.9120988846,
        "dvar2": 27.9156742096,
        "max": 237.473251343,
        "mean": 0.762575030327,
        "median": 0.0265244245529,
        "min": -1.89571559429,
        "var": 24.1328678131
    },
    "erbbands_skewness": {
        "dmean": 0.427016109228,
        "dmean2": 0.668109059334,
        "dvar": 0.261149525642,
        "dvar2": 0.593439221382,
        "max": 11.7224378586,
        "mean": 0.0755345597863,
        "median": -0.0901328399777,
        "min": -2.30521655083,
        "var": 0.758623719215
    },
    "erbbands_spread": {
        "dmean": 9.99685287476,
        "dmean2": 15.3449678421,
        "dvar": 177.708770752,
        "dvar2": 382.188995361,
        "max": 183.553649902,
        "mean": 41.4460906982,
        "median": 38.2023162842,
        "min": 0.564383804798,
        "var": 444.95010376
    },
    "hfc": {
        "dmean": 12.6783542633,
        "dmean2": 19.0734386444,
        "dvar": 435.449645996,
        "dvar2": 1004.37011719,
        "max": 286.736633301,
        "mean": 35.1782150269,
        "median": 24.8797588348,
        "min": 1.14222657635e-16,
        "var": 1291.28430176
    },
    "melbands_crest": {
        "dmean": 4.50242376328,
        "dmean2": 7.14857006073,
        "dvar": 24.6110858917,
        "dvar2": 54.6953277588,
        "max": 38.1881942749,
        "mean": 21.6459770203,
        "median": 21.8570804596,
        "min": 1.72150218487,
        "var": 96.000541687
    },
    "melbands_flatness_db": {
        "dmean": 0.037681106478,
        "dmean2": 0.0553121268749,
        "dvar": 0.00210991292261,
        "dvar2": 0.00435583340004,
        "max": 1,
        "mean": 0.192684873939,
        "median": 0.188144207001,
        "min": 0.00651805149391,
        "var": 0.00886190496385
    },
    "melbands_kurtosis": {
        "dmean": 23.2329139709,
        "dmean2": 35.8655548096,
        "dvar": 3885.19091797,
        "dvar2": 8342.32714844,
        "max": 1277.63134766,
        "mean": 33.3360023499,
        "median": 10.7060203552,
        "min": -1.60851883888,
        "var": 5916.25097656
    },
    "melbands_skewness": {
        "dmean": 1.4141343832,
        "dmean2": 2.11803293228,
        "dvar": 4.19499254227,
        "dvar2": 8.70896911621,
        "max": 25.930305481,
        "mean": 3.87249302864,
        "median": 2.97682714462,
        "min": -1.42956376076,
        "var": 11.4922227859
    },
    "melbands_spread": {
        "dmean": 11.2421598434,
        "dmean2": 17.7868766785,
        "dvar": 243.275131226,
        "dvar2": 538.172729492,
        "max": 181.825561523,
        "mean": 29.4933414459,
        "median": 21.9403877258,
        "min": 0.140410155058,
        "var": 608.080078125
    },
    "pitch_salience": {
        "dmean": 0.0978937000036,
        "dmean2": 0.153136074543,
        "dvar": 0.0119168460369,
        "dvar2": 0.0257433373481,
        "max": 0.877366781235,
        "mean": 0.461678951979,
        "median": 0.468058288097,
        "min": 0.0218056421727,
        "var": 0.0371641777456
    },
    "silence_rate_20dB": {
        "dmean": 0,
        "dmean2": 0,
        "dvar": 0,
        "dvar2": 0,
        "max": 1,
        "mean": 1,
        "median": 1,
        "min": 1,
        "var": 0
    },
    "silence_rate_30dB": {
        "dmean": 0.0388109944761,
        "dmean2": 0.0776306912303,
        "dvar": 0.0373035408556,
        "dvar2": 0.0870846956968,
        "max": 1,
        "mean": 0.965231060982,
        "median": 1,
        "min": 0,
        "var": 0.0335605628788
    },
    "silence_rate_60dB": {
        "dmean": 0.0300616938621,
        "dmean2": 0.0601301342249,
        "dvar": 0.0291552003473,
        "dvar2": 0.0648057684302,
        "max": 1,
        "mean": 0.135935395956,
        "median": 0,
        "min": 0,
        "var": 0.11746789515
    },
    "spectral_centroid": {
        "dmean": 313.947296143,
        "dmean2": 479.161437988,
        "dvar": 134146.65625,
        "dvar2": 260247.921875,
        "max": 11118.8164062,
        "mean": 2066.83374023,
        "median": 2218.10766602,
        "min": 71.0153884888,
        "var": 741193.875
    },
    "spectral_complexity": {
        "dmean": 5.73909139633,
        "dmean2": 8.48373317719,
        "dvar": 42.0142631531,
        "dvar2": 80.895904541,
        "max": 62,
        "mean": 26.0505828857,
        "median": 27,
        "min": 0,
        "var": 284.078460693
    },
    "spectral_decrease": {
        "dmean": 2.70310285266e-09,
        "dmean2": 4.11676337464e-09,
        "dvar": 1.73976878141e-17,
        "dvar2": 3.81781704478e-17,
        "max": 1.21444195061e-28,
        "mean": -1.04382236188e-08,
        "median": -8.70269722952e-09,
        "min": -4.2029263625e-08,
        "var": 7.60293398559e-17
    },
    "spectral_energy": {
        "dmean": 0.0102396747097,
        "dmean2": 0.0155542269349,
        "dvar": 0.00023552463972,
        "dvar2": 0.00051950867055,
        "max": 0.163841202855,
        "mean": 0.0425871051848,
        "median": 0.0384696722031,
        "min": 9.90198443462e-21,
        "var": 0.00116858631372
    },
    "spectral_energyband_high": {
        "dmean": 0.00118938379455,
        "dmean2": 0.00179824873339,
        "dvar": 4.63133710582e-06,
        "dvar2": 1.09460661406e-05,
        "max": 0.03047969006,
        "mean": 0.00272617232986,
        "median": 0.00145237823017,
        "min": 7.25353871354e-21,
        "var": 1.18057087093e-05
    },
    "spectral_energyband_low": {
        "dmean": 0.00960103888065,
        "dmean2": 0.0145911285654,
        "dvar": 0.000280831533018,
        "dvar2": 0.000576276681386,
        "max": 0.140337839723,
        "mean": 0.0284656342119,
        "median": 0.0165136270225,
        "min": 2.62033938958e-23,
        "var": 0.000913818075787
    },
    "spectral_energyband_middle_high": {
        "dmean": 0.00237610773183,
        "dmean2": 0.00368652283214,
        "dvar": 1.21951024994e-05,
        "dvar2": 2.90282278002e-05,
        "max": 0.0455071665347,
        "mean": 0.00599342677742,
        "median": 0.00426661921665,
        "min": 1.27163459056e-21,
        "var": 3.59741279681e-05
    },
    "spectral_energyband_middle_low": {
        "dmean": 0.00508392555639,
        "dmean2": 0.00860214978456,
        "dvar": 0.000243846225203,
        "dvar2": 0.000654528150335,
        "max": 0.15135923028,
        "mean": 0.00593288755044,
        "median": 0.00250762072392,
        "min": 2.36752202812e-22,
        "var": 0.000200547045097
    },
    "spectral_entropy": {
        "dmean": 0.139379143715,
        "dmean2": 0.214328497648,
        "dvar": 0.0479183159769,
        "dvar2": 0.111496016383,
        "max": 9.7859954834,
        "mean": 8.00158405304,
        "median": 8.14100456238,
        "min": 2.79450583458,
        "var": 0.26024979353
    },
    "spectral_flux": {
        "dmean": 0.0309169180691,
        "dmean2": 0.047670442611,
        "dvar": 0.00184823840391,
        "dvar2": 0.00368831632659,
        "max": 0.424774199724,
        "mean": 0.10133831203,
        "median": 0.0883533284068,
        "min": 9.9508713769e-11,
        "var": 0.00523319141939
    },
    "spectral_kurtosis": {
        "dmean": 1.99359047413,
        "dmean2": 3.44391107559,
        "dvar": 806.703369141,
        "dvar2": 2422.56591797,
        "max": 1724.20654297,
        "mean": 5.04875564575,
        "median": 2.70009684563,
        "min": -1.19671058655,
        "var": 1702.53723145
    },
    "spectral_rms": {
        "dmean": 0.000778753252234,
        "dmean2": 0.00117059214972,
        "dvar": 1.03574802779e-06,
        "dvar2": 2.1247578843e-06,
        "max": 0.0126429852098,
        "mean": 0.00571046676487,
        "median": 0.00612628646195,
        "min": 3.10813007276e-12,
        "var": 8.9391360234e-06
    },
    "spectral_rolloff": {
        "dmean": 831.425109863,
        "dmean2": 1342.21801758,
        "dvar": 1722367.75,
        "dvar2": 3527968.75,
        "max": 19509.0820312,
        "mean": 1856.81774902,
        "median": 1162.79296875,
        "min": 21.533203125,
        "var": 3916599.75
    },
    "spectral_skewness": {
        "dmean": 0.178344145417,
        "dmean2": 0.285128563643,
        "dvar": 0.162025123835,
        "dvar2": 0.436415106058,
        "max": 33.5386962891,
        "mean": 1.39692819118,
        "median": 1.28899788857,
        "min": -0.0161524191499,
        "var": 1.33376657963
    },
    "spectral_spread": {
        "dmean": 509964.6875,
        "dmean2": 755559.4375,
        "dvar": 387367469056,
        "dvar2": 656902062080,
        "max": 40881012,
        "mean": 5285517.5,
        "median": 5272396,
        "min": 69898.71875,
        "var": 2.37902443315e+12
    },
    "spectral_strongpeak": {
        "dmean": 0.233160510659,
        "dmean2": 0.391938567162,
        "dvar": 0.180480480194,
        "dvar2": 0.489051133394,
        "max": 6.55567741394,
        "mean": 0.436244726181,
        "median": 0.333767354488,
        "min": 0,
        "var": 0.207413941622
    },
    "zerocrossingrate": {
        "dmean": 0.0166463647038,
        "dmean2": 0.0189603101462,
        "dvar": 0.000390376255382,
        "dvar2": 0.000437189242803,
        "max": 0.83154296875,
        "mean": 0.0724601522088,
        "median": 0.060546875,
        "min": 0.001953125,
        "var": 0.00238191126846
    },
    "barkbands": {
        "dmean": [0.0026092750486, 0.00718551781029, 0.00264291209169, 0.00249971193261, 0.0018777976511, 0.000660500023514, 0.000353764597094, 0.000439100607764, 0.000519668799825, 0.000447040860308, 0.000327389774611, 0.000535641040187, 0.000582490349188, 0.000387898238841, 0.000393075344618, 0.000357146345777, 0.000306372385239, 0.00030203469214, 0.000280067906715, 0.000259883498074, 0.000265146576567, 0.000248839671258, 0.000211695180042, 0.000227351512876, 0.000194702821318, 0.000104824765003, 2.78842198895e-05],
        "dmean2": [0.003776201047, 0.0108313793316, 0.00445462204516, 0.00438616797328, 0.00341584370472, 0.00115485873539, 0.000582953798585, 0.000742978707422, 0.000884800916538, 0.000750403734855, 0.000554980651941, 0.000903841049876, 0.00097337027546, 0.00065485824598, 0.000659633660689, 0.000594269542489, 0.000503593182657, 0.000498988316394, 0.000460677169031, 0.000426558748586, 0.000429592706496, 0.000396292482037, 0.00033729680581, 0.000358590099495, 0.000301858497551, 0.000160778930876, 4.38390416093e-05],
        "dvar": [2.66348415607e-05, 0.000178075948497, 8.35999453557e-05, 0.000108366031782, 5.6486504036e-05, 2.54754672824e-06, 4.82129166812e-07, 6.06192713803e-07, 1.28966678403e-06, 8.74599152212e-07, 3.64671251418e-07, 9.79823880698e-07, 1.27558291751e-06, 6.69537371323e-07, 5.36650134109e-07, 3.38747923934e-07, 1.97039611294e-07, 2.26260638669e-07, 1.70197949956e-07, 1.65241687e-07, 1.97309319105e-07, 1.83078540772e-07, 1.32557502752e-07, 2.08386950362e-07, 1.640981111e-07, 3.70399426686e-08, 3.28808358319e-09],
        "dvar2": [5.12800143042e-05, 0.000315603043418, 0.000215632957406, 0.000296292884741, 0.000161669129739, 6.97940640748e-06, 1.28398824017e-06, 1.66939184965e-06, 3.45927628587e-06, 2.22886865231e-06, 9.6946348549e-07, 2.61776813204e-06, 3.34993455908e-06, 1.82209430477e-06, 1.50576772739e-06, 9.00863085462e-07, 5.07403910888e-07, 6.07166612099e-07, 4.41417967068e-07, 4.28571183875e-07, 5.09112339842e-07, 4.54826533769e-07, 3.22682666365e-07, 5.15712031302e-07, 3.93257778342e-07, 8.33043856119e-08, 7.7055446468e-09],
        "max": [0.0505838878453, 0.133232012391, 0.0840880125761, 0.104578509927, 0.0858208984137, 0.0202155765146, 0.0124050881714, 0.010980848223, 0.0251901745796, 0.0222621876746, 0.0108535317704, 0.0233569294214, 0.0162501800805, 0.0141657944769, 0.0106199178845, 0.0087068490684, 0.00721497042105, 0.0122692072764, 0.00615492323413, 0.00530174933374, 0.00596237648278, 0.00573309697211, 0.00508965412155, 0.00892517901957, 0.00768627319485, 0.00215790094808, 0.000691725756042],
        "mean": [0.00653970846906, 0.0190042424947, 0.00246495404281, 0.00210123183206, 0.00148629420437, 0.000645659572911, 0.000431679189205, 0.000549966469407, 0.000594056444243, 0.000562136701774, 0.000435143738287, 0.000735215086024, 0.000789808633272, 0.00052933616098, 0.000575754209422, 0.000565203547012, 0.000546468945686, 0.0005490098265, 0.000529419747181, 0.000474957458209, 0.000526923220605, 0.000480773742311, 0.000430653803051, 0.000423519493779, 0.000364462903235, 0.000208349723835, 4.2129529902e-05],
        "median": [0.000905313179828, 0.00821620225906, 0.00051411241293, 0.000178156187758, 0.000275121448794, 0.000172759362613, 0.000162134587299, 0.000216663203901, 0.00023376540048, 0.000239531233092, 0.000185739801964, 0.000343562336639, 0.000327565910993, 0.000229924393352, 0.000274827587418, 0.000305204099277, 0.000353367358912, 0.000359477940947, 0.000340261525707, 0.000287680653855, 0.000298776954878, 0.000244474009378, 0.000194772175746, 0.000176182948053, 0.000131972672534, 6.79936638335e-05, 5.71122745896e-06],
        "min": [1.41367928961e-23, 1.32070019901e-23, 2.30703693074e-24, 7.452837555e-24, 4.99255930527e-23, 3.86597190039e-23, 2.57856384039e-23, 3.43618880409e-23, 7.63234096072e-23, 4.41598150073e-23, 2.87247227221e-23, 1.0327965133e-22, 4.01533924181e-23, 6.17798248081e-23, 1.06418282747e-22, 1.39927137626e-22, 1.05774023202e-22, 2.85534755346e-22, 2.12222238487e-22, 4.48319825587e-22, 3.89866090791e-22, 4.36355090196e-22, 6.56523669732e-22, 6.72104846435e-22, 9.90014024191e-22, 1.66402597026e-21, 2.33746781603e-21],
        "var": [9.43831837503e-05, 0.000494985608384, 6.4907122578e-05, 8.50970900501e-05, 3.3352713217e-05, 2.11422911889e-06, 5.50938523247e-07, 7.85400459336e-07, 1.23962524867e-06, 1.01349894521e-06, 5.29507474312e-07, 1.28775309349e-06, 1.6544047412e-06, 7.91529828348e-07, 7.87097860666e-07, 5.63421906463e-07, 4.14438886764e-07, 4.23127261229e-07, 3.7505614614e-07, 3.16762509556e-07, 4.04693764722e-07, 3.84391796615e-07, 3.29091790263e-07, 3.9806312202e-07, 3.336623422e-07, 9.75280798343e-08, 6.58548415799e-09]
    },
    "erbbands": {
        "dmean": [0.356137871742, 1.31099975109, 2.69197058678, 5.64143800735, 7.81220722198, 5.67644023895, 6.00028944016, 5.11250257492, 4.76017189026, 6.75850200653, 10.4635686874, 11.4686450958, 10.9406719208, 15.1757287979, 14.2248926163, 22.9509468079, 26.0124378204, 19.4104614258, 20.9207611084, 16.8990077972, 19.1237182617, 16.4345283508, 16.1535949707, 14.8755998611, 13.7221374512, 11.902381897, 10.8175153732, 10.5031232834, 9.19106197357, 7.48559045792, 6.14269304276, 4.89999246597, 3.78361392021, 2.38676834106, 1.31000554562, 0.563125431538, 0.182534262538, 0.0460149645805, 0.00463477522135, 7.4219686212e-05],
        "dmean2": [0.516054034233, 1.96061491966, 4.22501659393, 9.44107532501, 14.1671218872, 10.4393529892, 10.5244541168, 8.99809265137, 8.03508853912, 11.1159067154, 17.8352031708, 19.3442668915, 18.6107616425, 25.296245575, 23.7618541718, 38.4764175415, 43.2351799011, 32.518032074, 35.0414428711, 28.0419864655, 31.7697029114, 26.9989318848, 26.6063537598, 24.1663036346, 22.5954265594, 19.4468574524, 17.6820545197, 16.9278488159, 14.7387800217, 11.8188714981, 9.73454475403, 7.88018321991, 5.94297075272, 3.7457318306, 2.05536627769, 0.87573325634, 0.279028892517, 0.0715266540647, 0.00734763685614, 0.000115673370601],
        "dvar": [0.427964538336, 8.26100444794, 71.5469207764, 479.063873291, 1113.17041016, 510.029937744, 260.133880615, 160.784484863, 96.238861084, 204.552429199, 376.732513428, 567.684936523, 567.707458496, 987.730102539, 638.253234863, 1744.35644531, 2635.76538086, 1505.8684082, 1737.96081543, 848.782470703, 941.955810547, 579.717346191, 673.122741699, 523.544006348, 410.825714111, 333.376800537, 326.542785645, 309.411499023, 252.571533203, 170.471069336, 114.92074585, 85.299621582, 60.4848213196, 24.3688144684, 7.36443424225, 1.20701408386, 0.113146476448, 0.00796303432435, 9.57076554187e-05, 1.99742267171e-08],
        "dvar2": [0.753876328468, 14.0579404831, 167.492126465, 1181.359375, 3207.45288086, 1476.60131836, 730.468017578, 443.753204346, 261.909851074, 528.122131348, 1045.81921387, 1492.2442627, 1494.39343262, 2472.03637695, 1694.7454834, 4661.01708984, 6900.99560547, 4006.90917969, 4881.44238281, 2265.03857422, 2491.27709961, 1485.39794922, 1811.46020508, 1335.30969238, 1073.50952148, 858.282287598, 851.161437988, 786.102661133, 638.659606934, 422.297424316, 278.067077637, 213.537307739, 150.349746704, 59.2945785522, 17.4879989624, 2.83247661591, 0.254617571831, 0.0192071273923, 0.000223179711611, 4.64451943571e-08],
        "max": [5.7861866951, 32.9076843262, 87.4974822998, 203.223251343, 367.144439697, 263.673126221, 155.505355835, 190.690841675, 191.124694824, 298.033325195, 228.394119263, 546.552856445, 623.826965332, 850.538574219, 358.397857666, 973.389770508, 764.099243164, 637.354614258, 691.48223877, 659.967041016, 545.433044434, 452.807006836, 756.444335938, 414.892059326, 262.650512695, 258.21887207, 261.44720459, 241.45350647, 198.942184448, 168.671325684, 153.194854736, 172.246109009, 148.645721436, 98.662147522, 45.9740715027, 14.3070707321, 4.23630046844, 0.906617581844, 0.111137799919, 0.00171056878753],
        "mean": [1.03321707249, 2.34761047363, 3.032558918, 5.47554063797, 5.93178081512, 4.47699737549, 5.54847764969, 4.92043733597, 5.70445203781, 8.46146774292, 13.0810184479, 13.605260849, 13.6997022629, 20.2940559387, 20.3482398987, 33.2030906677, 36.6684761047, 28.1370773315, 32.1101951599, 27.3428096771, 32.3095817566, 30.7019691467, 29.8732051849, 28.6615562439, 25.6466903687, 22.476644516, 20.9921264648, 20.4657764435, 17.3808174133, 14.7248258591, 12.1809854507, 9.24740123749, 6.7996430397, 4.37375450134, 2.39411282539, 1.07909953594, 0.351193547249, 0.0808362141252, 0.00676899775863, 0.000169442500919],
        "median": [0.312995195389, 0.983134031296, 0.942820191383, 0.835296630859, 0.720636963844, 0.818572878838, 1.14202833176, 1.4178019762, 2.22151613235, 3.11731529236, 5.64437866211, 5.67292404175, 6.11954545975, 8.70448112488, 9.78775215149, 15.8345050812, 15.8349161148, 13.3256530762, 15.0492477417, 14.5357475281, 18.8408317566, 20.2257938385, 19.8414955139, 18.6730728149, 16.2320556641, 13.8487730026, 12.3464927673, 11.2552242279, 8.88652420044, 7.04200839996, 5.37642049789, 4.03402996063, 2.68652677536, 1.56270349026, 0.841931343079, 0.353331506252, 0.107433259487, 0.0206396952271, 0.000859612075146, 8.47692572279e-05],
        "min": [9.20349906977e-22, 9.90227887538e-22, 1.86490837741e-21, 1.34317200125e-20, 6.60274628868e-20, 1.63878942083e-19, 4.12477644955e-19, 2.76038261269e-19, 2.99712842485e-19, 5.51145892651e-19, 1.03636538708e-18, 1.22302158744e-18, 1.51952385762e-18, 1.36097328993e-18, 2.98611560067e-18, 3.07460965734e-18, 1.53892568908e-18, 2.57986631553e-18, 6.43869696032e-18, 4.31300243191e-18, 7.69466897726e-18, 8.21862172087e-18, 1.67937202354e-17, 1.0196394849e-17, 1.36228408169e-17, 1.81074269776e-17, 1.95688532879e-17, 1.56732974783e-17, 1.62121312011e-17, 1.62215627145e-17, 1.72937227916e-17, 1.6144050928e-17, 1.14985533227e-17, 1.15951233505e-17, 6.98335899774e-18, 5.0900153675e-18, 3.3690309479e-18, 1.42938226396e-18, 3.15430437346e-19, 3.41987678373e-20],
        "var": [1.5971249342, 16.4857368469, 72.9904937744, 455.702056885, 695.037963867, 295.659057617, 192.185516357, 130.021850586, 101.150810242, 242.140838623, 450.353057861, 586.901855469, 601.283508301, 1317.09814453, 906.687988281, 2444.85791016, 3434.44287109, 1970.8885498, 2617.52319336, 1330.53796387, 1691.41918945, 1257.91381836, 1230.80285645, 1127.11242676, 878.499816895, 684.061218262, 637.559997559, 639.595458984, 499.579467773, 380.8359375, 275.822631836, 173.307876587, 110.024421692, 47.8153533936, 14.7127914429, 2.82795095444, 0.286424785852, 0.0172785483301, 0.000179284499609, 5.11982634066e-08]
    },
    "gfcc": {
        "mean": [2.66215753555, 47.2110176086, -111.637901306, 38.3869285583, -47.1721343994, 26.0556774139, -24.6864318848, 16.8783931732, -17.5952281952, 7.68048334122, -15.4226865768, 6.67368412018, -12.4670467377],
        "cov": [[19053.6308594, -3219.03979492, -114.803108215, 1039.65991211, 870.410400391, 1593.49963379, 99.512840271, 840.549560547, -247.471176147, 822.522399902, 124.727928162, 181.445785522, -266.356506348], [-3219.03979492, 2400.38452148, -40.2815322876, -129.819244385, -394.956115723, -717.389526367, -162.908966064, -301.374176025, 126.695808411, -279.912719727, 34.8958053589, -65.6978378296, 125.94694519], [-114.803108215, -40.2815322876, 955.538085938, 325.919830322, 265.136688232, 167.141616821, 140.193161011, 59.5286369324, 37.7152633667, 30.8872718811, -3.50369858742, -13.8705501556, -18.9055271149], [1039.65991211, -129.819244385, 325.919830322, 561.473327637, 263.977020264, 217.000961304, 110.68510437, 108.411491394, 40.4586410522, 70.9141235352, 38.2819480896, 21.3311805725, 1.62232899666], [870.410400391, -394.956115723, 265.136688232, 263.977020264, 541.293823242, 440.944885254, 200.901672363, 197.676040649, 68.4015808105, 139.361236572, 89.2380828857, 25.7877864838, -4.9701628685], [1593.49963379, -717.389526367, 167.141616821, 217.000961304, 440.944885254, 597.383239746, 269.277526855, 259.767974854, 42.3371887207, 179.821563721, 68.1126327515, 44.1307296753, -20.4857463837], [99.512840271, -162.908966064, 140.193161011, 110.68510437, 200.901672363, 269.277526855, 280.315643311, 166.906967163, 96.193649292, 78.3479537964, 45.1824035645, 33.0024414062, 16.6669254303], [840.549560547, -301.374176025, 59.5286369324, 108.411491394, 197.676040649, 259.767974854, 166.906967163, 244.001037598, 103.486427307, 138.129058838, 61.0146102905, 42.7152633667, 3.78712797165], [-247.471176147, 126.695808411, 37.7152633667, 40.4586410522, 68.4015808105, 42.3371887207, 96.193649292, 103.486427307, 160.687744141, 84.7771530151, 63.1355171204, 23.0226154327, 24.1114501953], [822.522399902, -279.912719727, 30.8872718811, 70.9141235352, 139.361236572, 179.821563721, 78.3479537964, 138.129058838, 84.7771530151, 181.459625244, 87.8205184937, 52.029838562, 5.61027193069], [124.727928162, 34.8958053589, -3.50369858742, 38.2819480896, 89.2380828857, 68.1126327515, 45.1824035645, 61.0146102905, 63.1355171204, 87.8205184937, 127.756782532, 53.6396484375, 37.3869743347], [181.445785522, -65.6978378296, -13.8705501556, 21.3311805725, 25.7877864838, 44.1307296753, 33.0024414062, 42.7152633667, 23.0226154327, 52.029838562, 53.6396484375, 89.1924285889, 48.4051780701], [-266.356506348, 125.94694519, -18.9055271149, 1.62232899666, -4.9701628685, -20.4857463837, 16.6669254303, 3.78712797165, 24.1114501953, 5.61027193069, 37.3869743347, 48.4051780701, 77.9394607544]],
        "icov": [[0.000121332603157, -3.76503812731e-05, 6.91357636242e-05, -0.000199293936021, 0.000140147240018, -0.000285501708277, 0.000313953176374, -0.000362751365174, 0.000495832879096, -0.000496582244523, 0.000140113203088, -0.000130863496452, 0.000277212733636], [-3.76503812731e-05, 0.00118081166875, -8.89822695171e-05, -0.000105761566374, -5.49114483874e-05, 0.00105842074845, -0.000308457092615, 0.000625895685516, -0.0018290374428, 0.00199842336588, -0.00157174572814, 0.0012449354399, -0.00134319486097], [6.91357636242e-05, -8.89822695171e-05, 0.00154507812113, -0.000772399245761, -0.000722483266145, 0.000405030703405, -0.000677521748003, 0.000293946708553, 0.000446760765044, -0.000776357017457, 0.000818241678644, -0.000123145466205, 0.000563561974559], [-0.000199293936021, -0.000105761566374, -0.000772399245761, 0.00297868298367, -0.00105636578519, 0.000196257984499, -0.000222069269512, 0.000152916341904, -0.000630651949905, 0.000682344427332, 4.95125532325e-05, -0.00033194036223, -0.000406871229643], [0.000140147240018, -5.49114483874e-05, -0.000722483266145, -0.00105636578519, 0.00656203366816, -0.00536146294326, 0.00176412332803, -0.00043287166045, -0.00112295045983, 0.00102547334973, -0.00269570737146, 0.00164941197727, -0.000390244123992], [-0.000285501708277, 0.00105842074845, 0.000405030703405, 0.000196257984499, -0.00536146294326, 0.0118226278573, -0.00672326004133, -0.00205019372515, 0.0043764943257, -0.00270973308943, 3.83545884688e-05, 0.00103301706258, -0.000107793326606], [0.000313953176374, -0.000308457092615, -0.000677521748003, -0.000222069269512, 0.00176412332803, -0.00672326004133, 0.0115782516077, -0.00325702573173, -0.00454232655466, 0.00355640612543, 0.000267694384092, -0.00158890499733, -0.000553062884137], [-0.000362751365174, 0.000625895685516, 0.000293946708553, 0.000152916341904, -0.00043287166045, -0.00205019372515, -0.00325702573173, 0.0147445406765, -0.0072784293443, -0.00166023452766, 0.000902884523384, -0.00113598571625, -0.000125846592709], [0.000495832879096, -0.0018290374428, 0.000446760765044, -0.000630651949905, -0.00112295045983, 0.0043764943257, -0.00454232655466, -0.0072784293443, 0.020757496357, -0.0114038893953, 0.000386802683352, 0.00225957296789, -1.41904856719e-05], [-0.000496582244523, 0.00199842336588, -0.000776357017457, 0.000682344427332, 0.00102547334973, -0.00270973308943, 0.00355640612543, -0.00166023452766, -0.0114038893953, 0.0231104735285, -0.00952071603388, -0.00313325994648, 0.00192170217633], [0.000140113203088, -0.00157174572814, 0.000818241678644, 4.95125532325e-05, -0.00269570737146, 3.83545884688e-05, 0.000267694384092, 0.000902884523384, 0.000386802683352, -0.00952071603388, 0.0188696719706, -0.00601828005165, -0.00179503881373], [-0.000130863496452, 0.0012449354399, -0.000123145466205, -0.00033194036223, 0.00164941197727, 0.00103301706258, -0.00158890499733, -0.00113598571625, 0.00225957296789, -0.00313325994648, -0.00601828005165, 0.0257658213377, -0.0152989840135], [0.000277212733636, -0.00134319486097, 0.000563561974559, -0.000406871229643, -0.000390244123992, -0.000107793326606, -0.000553062884137, -0.000125846592709, -1.41904856719e-05, 0.00192170217633, -0.00179503881373, -0.0152989840135, 0.0263934582472]]
    },
    "melbands": {
        "dmean": [0.00250951270573, 0.00135301449336, 0.00103605899494, 0.00046893718536, 0.000213732317206, 0.000115375587484, 7.18117662473e-05, 7.76072847657e-05, 8.91542440513e-05, 7.23191333236e-05, 5.61623055546e-05, 6.41706574243e-05, 4.54831388197e-05, 6.20006539975e-05, 6.25432221568e-05, 5.23978887941e-05, 3.70105481124e-05, 3.55257252522e-05, 2.72207398666e-05, 2.42621317739e-05, 2.38860138779e-05, 1.86754696188e-05, 1.6699099433e-05, 1.46614902405e-05, 1.29031486722e-05, 1.13026826511e-05, 9.85247970675e-06, 8.17818545329e-06, 7.08894549462e-06, 7.10409130988e-06, 6.45026511847e-06, 5.5768441598e-06, 4.97820246892e-06, 4.17879709858e-06, 3.85513794754e-06, 3.42171256307e-06, 3.03186288875e-06, 2.82813493868e-06, 2.46584568231e-06, 1.98793054551e-06],
        "dmean2": [0.00365674076602, 0.00198370125145, 0.00171699828934, 0.000854556274135, 0.000379168486688, 0.000202738083317, 0.000119889773487, 0.000128132116515, 0.000152306602104, 0.000122483455925, 9.56320436671e-05, 0.000107070540253, 7.64243741287e-05, 0.000104441693111, 0.000105517428892, 8.78158534761e-05, 6.25750253676e-05, 5.9994890762e-05, 4.57928108517e-05, 4.02952755394e-05, 4.00731587433e-05, 3.07049194816e-05, 2.7966536436e-05, 2.40490153374e-05, 2.11404858419e-05, 1.88654194062e-05, 1.63187542057e-05, 1.34752544909e-05, 1.17265972222e-05, 1.1694951354e-05, 1.05484677988e-05, 9.08210768102e-06, 7.97396114649e-06, 6.73262866258e-06, 6.1373407334e-06, 5.65129721508e-06, 4.87849729325e-06, 4.49908020528e-06, 3.91717730963e-06, 3.16618275065e-06],
        "dvar": [1.98994675884e-05, 1.19508822536e-05, 1.57743234013e-05, 3.72850945496e-06, 3.90978698306e-07, 7.99901442861e-08, 2.06903294497e-08, 2.4864791115e-08, 3.15770094517e-08, 2.20913616289e-08, 1.46119250033e-08, 1.81482242567e-08, 6.72748523556e-09, 1.50385588427e-08, 1.22930856605e-08, 1.03400799034e-08, 6.07557737453e-09, 5.22531928837e-09, 2.4991173575e-09, 1.66273605995e-09, 1.51434886853e-09, 8.00161326087e-10, 6.86108891923e-10, 5.31484134481e-10, 4.08657330198e-10, 2.84508250292e-10, 2.38657649199e-10, 1.6068335551e-10, 1.43439121691e-10, 1.47668210992e-10, 1.11635589661e-10, 8.88460555126e-11, 7.85766521294e-11, 5.2220797131e-11, 4.55190017623e-11, 3.54553851556e-11, 3.49475587358e-11, 3.27195874561e-11, 2.78931287789e-11, 1.63803467318e-11],
        "dvar2": [3.53545474354e-05, 2.34299186559e-05, 4.00719109166e-05, 1.06936731754e-05, 1.11694544103e-06, 2.21139330847e-07, 5.56139454488e-08, 6.43269544298e-08, 8.61947171416e-08, 5.82518566716e-08, 3.86167329225e-08, 4.5480376798e-08, 1.78834476117e-08, 4.02247195552e-08, 3.28798037685e-08, 2.71398477025e-08, 1.64348534781e-08, 1.46659173694e-08, 6.86697498864e-09, 4.4342658434e-09, 4.03726874154e-09, 2.06951655812e-09, 1.87306370414e-09, 1.4046409591e-09, 1.05591480004e-09, 7.64864560576e-10, 6.368053862e-10, 4.19675350027e-10, 3.81540882222e-10, 3.80125791954e-10, 2.88106732915e-10, 2.29021329679e-10, 1.97777669242e-10, 1.33034763761e-10, 1.11052757268e-10, 9.104694082e-11, 8.75222394559e-11, 8.16123071901e-11, 6.99194521725e-11, 4.01012695272e-11],
        "max": [0.0390145555139, 0.0376698151231, 0.0384126342833, 0.0218765493482, 0.00665838411078, 0.00376425217837, 0.00281830038875, 0.00299346400425, 0.00281574879773, 0.00351634761319, 0.00314607191831, 0.00370236276649, 0.00122902099974, 0.0031432970427, 0.00171726185363, 0.00161894550547, 0.0014116227394, 0.00135918252636, 0.000897299789358, 0.000639845558908, 0.000821453344543, 0.000529747863766, 0.000795144413132, 0.000435821071733, 0.000364834704669, 0.000222447313718, 0.000203795643756, 0.000174094064278, 0.000207134216907, 0.000173771186383, 0.000148309816723, 0.000119125121273, 0.000113894282549, 8.78405553522e-05, 9.79028045549e-05, 8.10102937976e-05, 0.000123752120999, 0.000103171587398, 0.000102270641946, 7.73738938733e-05],
        "mean": [0.00725991651416, 0.00204593595117, 0.000981641351245, 0.000360426143743, 0.000193639891222, 0.000111926849058, 8.78263526829e-05, 9.72786874627e-05, 0.000108566098788, 8.36617473396e-05, 6.84215629008e-05, 8.28612610349e-05, 6.195284368e-05, 8.31908037071e-05, 8.77139464137e-05, 7.12076362106e-05, 4.96902612213e-05, 5.17663247592e-05, 3.95602291974e-05, 3.65380801668e-05, 3.82418766094e-05, 3.21697771142e-05, 2.83451681753e-05, 2.57182528003e-05, 2.29258639592e-05, 1.96514665731e-05, 1.66502668435e-05, 1.44777077367e-05, 1.28048823171e-05, 1.27412395159e-05, 1.16395631267e-05, 9.88014562608e-06, 8.98145390238e-06, 7.79271340434e-06, 7.16781596566e-06, 6.22952984486e-06, 5.41677900401e-06, 4.86153976453e-06, 4.22500761488e-06, 3.51754238181e-06],
        "median": [0.00273213582113, 0.000833114085253, 0.000154272536747, 5.48292155145e-05, 4.00364660891e-05, 3.19832834066e-05, 3.42365019605e-05, 3.59107471013e-05, 4.60544251837e-05, 3.3055752283e-05, 2.94672245218e-05, 3.38604659191e-05, 2.74361227639e-05, 3.73752918676e-05, 3.96491013817e-05, 3.03635097225e-05, 2.1317613573e-05, 2.27378914133e-05, 1.99763671844e-05, 1.83978936548e-05, 2.22200214921e-05, 1.99483729375e-05, 1.79865164682e-05, 1.64408156706e-05, 1.42182061609e-05, 1.20856475405e-05, 9.74604336079e-06, 8.65261245053e-06, 7.45056468077e-06, 6.94438676874e-06, 6.02438376518e-06, 4.96584289067e-06, 4.3101135816e-06, 3.59281830242e-06, 3.01863246932e-06, 2.68121493718e-06, 2.29825445786e-06, 1.91757112589e-06, 1.50561595547e-06, 1.2163975498e-06],
        "min": [6.33926414625e-24, 9.51631801999e-25, 3.46324610205e-24, 8.20275160847e-24, 1.24924573042e-23, 5.9627759405e-24, 5.08906831176e-24, 6.53050335677e-24, 9.36498353558e-24, 8.4441383123e-24, 7.7393029264e-24, 5.57692040593e-24, 6.86877992913e-24, 1.43898436972e-23, 2.37581357155e-24, 4.815467684e-24, 4.35739982216e-24, 1.02794681734e-23, 6.85304215407e-24, 7.40835053311e-24, 8.78734250431e-24, 7.28314095251e-24, 1.33569660259e-23, 1.26061708148e-23, 7.57787910823e-24, 8.73142962107e-24, 9.67885551255e-24, 1.3460196364e-23, 1.35084036539e-23, 1.00402831803e-23, 8.80945269776e-24, 9.38706848548e-24, 7.97316863036e-24, 9.54902636249e-24, 9.10608017534e-24, 1.12230373239e-23, 9.59472191928e-24, 7.99075233994e-24, 8.19031758288e-24, 9.99600599544e-24],
        "var": [7.03045516275e-05, 1.92648913071e-05, 1.42100834637e-05, 2.24245536629e-06, 2.63126537448e-07, 6.5170532082e-08, 2.28811529723e-08, 3.04026670506e-08, 3.49383633136e-08, 2.28304042338e-08, 1.5383433194e-08, 2.3304094654e-08, 9.72982405756e-09, 1.85703292743e-08, 1.71974399166e-08, 1.30488748695e-08, 7.20609838467e-09, 7.39485273016e-09, 3.3594242943e-09, 2.54084309148e-09, 2.55070853328e-09, 1.56134905005e-09, 1.12804432462e-09, 9.95551974192e-10, 7.83673403948e-10, 5.57375534616e-10, 4.1656364469e-10, 3.0204030943e-10, 2.50850118455e-10, 2.65659605425e-10, 2.16953580101e-10, 1.64939090164e-10, 1.48456372195e-10, 1.11852548057e-10, 1.01051077228e-10, 7.36571983961e-11, 6.47116596419e-11, 5.73807355797e-11, 4.68403649201e-11, 3.1817277979e-11]
    },
    "mfcc": {
        "mean": [-636.67779541, 80.6574172974, -1.89862155914, 21.874874115, 6.37462520599, 13.9467916489, 7.06582307816, 12.9551124573, 7.51798915863, 5.27037000656, 5.46732711792, 5.93762636185, 2.5620803833],
        "cov": [[12210.8466797, -2006.30078125, -567.353881836, -374.15802002, 808.029602051, 700.688476562, 905.071105957, 301.281921387, 177.477920532, 524.25402832, 391.226287842, 410.574523926, 229.489135742], [-2006.30078125, 1821.30444336, 72.8150253296, 181.713165283, -286.285430908, -326.01763916, -410.72177124, -144.488388062, -132.332580566, -175.790283203, -96.1707000732, -124.402549744, -72.0075912476], [-567.353881836, 72.8150253296, 610.151000977, 248.421508789, 85.4494171143, 70.6188201904, 40.3522644043, 29.1940822601, 45.856212616, 5.67779922485, -4.07972192764, -8.52963256836, -3.2275493145], [-374.15802002, 181.713165283, 248.421508789, 388.764007568, 110.588233948, 54.2599601746, -5.05634689331, 31.0336341858, 19.2972640991, 6.38439893723, 0.531122684479, 11.5758399963, 10.7545461655], [808.029602051, -286.285430908, 85.4494171143, 110.588233948, 383.4190979, 237.884262085, 232.242141724, 116.838310242, 75.0122833252, 116.547889709, 89.775718689, 90.6135559082, 64.3949203491], [700.688476562, -326.01763916, 70.6188201904, 54.2599601746, 237.884262085, 300.63861084, 259.754058838, 143.076629639, 108.249908447, 113.482727051, 84.5954284668, 81.1814727783, 59.9068717957], [905.071105957, -410.72177124, 40.3522644043, -5.05634689331, 232.242141724, 259.754058838, 336.441772461, 183.253799438, 121.516616821, 133.940811157, 102.701293945, 88.8409576416, 68.3157730103], [301.281921387, -144.488388062, 29.1940822601, 31.0336341858, 116.838310242, 143.076629639, 183.253799438, 179.669754028, 124.938346863, 95.4733200073, 73.6337585449, 60.6233673096, 50.7184066772], [177.477920532, -132.332580566, 45.856212616, 19.2972640991, 75.0122833252, 108.249908447, 121.516616821, 124.938346863, 158.417236328, 108.989906311, 74.4553985596, 57.0426979065, 45.9732131958], [524.25402832, -175.790283203, 5.67779922485, 6.38439893723, 116.547889709, 113.482727051, 133.940811157, 95.4733200073, 108.989906311, 152.693511963, 108.115608215, 81.4484024048, 55.9294281006], [391.226287842, -96.1707000732, -4.07972192764, 0.531122684479, 89.775718689, 84.5954284668, 102.701293945, 73.6337585449, 74.4553985596, 108.115608215, 125.417747498, 91.3207168579, 59.3825378418], [410.574523926, -124.402549744, -8.52963256836, 11.5758399963, 90.6135559082, 81.1814727783, 88.8409576416, 60.6233673096, 57.0426979065, 81.4484024048, 91.3207168579, 126.885848999, 79.1116256714], [229.489135742, -72.0075912476, -3.2275493145, 10.7545461655, 64.3949203491, 59.9068717957, 68.3157730103, 50.7184066772, 45.9732131958, 55.9294281006, 59.3825378418, 79.1116256714, 94.0631256104]],
