{
"lowlevel": {
    "average_loudness": 0.945730865002,
    "barkbands_crest": {
        "dmean": 3.08805370331,
        "dmean2": 4.64232683182,
        "dvar": 9.21829128265,
        "dvar2": 19.0814819336,
        "max": 26.9731731415,
        "mean": 11.5353040695,
        "median": 10.46941185,
        "min": 2.00016546249,
        "var": 25.9759883881
    },
    "barkbands_flatness_db": {
        "dmean": 0.0245398655534,
        "dmean2": 0.0372798293829,
        "dvar": 0.00112412415911,
        "dvar2": 0.00233983574435,
        "max": 0.798490762711,
        "mean": 0.102715611458,
        "median": 0.095789000392,
        "min": 0.0134838363156,
        "var": 0.00213144649751
    },
    "barkbands_kurtosis": {
        "dmean": 43.5726661682,
        "dmean2": 70.320892334,
        "dvar": 1184425.875,
        "dvar2": 2817079.75,
        "max": 65523.109375,
        "mean": 38.4155349731,
        "median": 2.13371443748,
        "min": -1.68904674053,
        "var": 1079517.625
    },
    "barkbands_skewness": {
        "dmean": 0.758565366268,
        "dmean2": 1.16318500042,
        "dvar": 20.3503055573,
        "dvar2": 42.476360321,
        "max": 232.577819824,
        "mean": 1.96646380424,
        "median": 1.63412857056,
        "min": -2.26249313354,
        "var": 27.3868808746
    },
    "barkbands_spread": {
        "dmean": 6.40574216843,
        "dmean2": 10.0777359009,
        "dvar": 46.274143219,
        "dvar2": 105.015609741,
        "max": 83.996307373,
        "mean": 27.2799987793,
        "median": 26.0808753967,
        "min": 0.00647106766701,
        "var": 131.434448242
    },
    "dissonance": {
        "dmean": 0.015338467434,
        "dmean2": 0.0257674548775,
        "dvar": 0.000180784772965,
        "dvar2": 0.000486652512336,
        "max": 0.500000119209,
        "mean": 0.47026014328,
        "median": 0.473417937756,
        "min": 0.360871076584,
        "var": 0.000342860439559
    },
    "dynamic_complexity": 3.10404133797,
    "erbbands_crest": {
        "dmean": 1.99903225899,
        "dmean2": 3.1888012886,
        "dvar": 4.20176887512,
        "dvar2": 9.83613014221,
        "max": 32.0004730225,
        "mean": 7.32467842102,
        "median": 6.46708726883,
        "min": 2.23370790482,
        "var": 11.7330160141
    },
    "erbbands_flatness_db": {
        "dmean": 0.0114320619032,
        "dmean2": 0.0172538720071,
        "dvar": 0.00016701995628,
        "dvar2": 0.00034965769737,
        "max": 0.408198028803,
        "mean": 0.110163070261,
        "median": 0.105106905103,
        "min": 0.0385204814374,
        "var": 0.000770636543166
    },
    "erbbands_kurtosis": {
        "dmean": 0.451803535223,
        "dmean2": 0.729343175888,
        "dvar": 0.300852268934,
        "dvar2": 0.77770960331,
        "max": 14.0139884949,
        "mean": -0.19066233933,
        "median": -0.330782651901,
        "min": -1.74111628532,
        "var": 0.613349080086
    },
    "erbbands_skewness": {
        "dmean": 0.244367539883,
        "dmean2": 0.37812897563,
        "dvar": 0.0660169273615,
        "dvar2": 0.151233524084,
        "max": 3.86147475243,
        "mean": 0.212188601494,
        "median": 0.211737155914,
        "min": -2.47443008423,
        "var": 0.212493285537
    },
    "erbbands_spread": {
        "dmean": 6.38845920563,
        "dmean2": 10.1022253036,
        "dvar": 49.850315094,
        "dvar2": 113.948043823,
        "max": 190.996871948,
        "mean": 46.4007301331,
        "median": 45.8893966675,
        "min": 4.479991436,
        "var": 170.238510132
    },
    "hfc": {
        "dmean": 8.71556568146,
        "dmean2": 13.450969696,
        "dvar": 130.372390747,
        "dvar2": 309.212615967,
        "max": 123.391517639,
        "mean": 31.8923072815,
        "median": 29.7125549316,
        "min": 1.12891002728e-16,
        "var": 464.903625488
    },
    "melbands_crest": {
        "dmean": 4.03652238846,
        "dmean2": 6.38209629059,
        "dvar": 18.569934845,
        "dvar2": 39.3217582703,
        "max": 39.9905891418,
        "mean": 17.4531574249,
        "median": 16.5606002808,
        "min": 1.58052623272,
        "var": 48.7200431824
    },
    "melbands_flatness_db": {
        "dmean": 0.0279301423579,
        "dmean2": 0.0427341870964,
        "dvar": 0.00115996890236,
        "dvar2": 0.00240570679307,
        "max": 0.788734257221,
        "mean": 0.175213694572,
        "median": 0.172850832343,
        "min": 0.00269679236226,
        "var": 0.00272521493025
    },
    "melbands_kurtosis": {
        "dmean": 96.40209198,
        "dmean2": 152.45401001,
        "dvar": 6225617.5,
        "dvar2": 14699053,
        "max": 154596.6875,
        "mean": 88.789932251,
        "median": 10.820526123,
        "min": -1.58495056629,
        "var": 5775376.5
    },
    "melbands_skewness": {
        "dmean": 1.08421933651,
        "dmean2": 1.67006218433,
        "dvar": 45.1548995972,
        "dvar2": 95.5533828735,
        "max": 328.266174316,
        "mean": 3.47290706635,
        "median": 2.95490217209,
        "min": -1.14409518242,
        "var": 59.4766387939
    },
    "melbands_spread": {
        "dmean": 7.26320648193,
        "dmean2": 11.6802415848,
        "dvar": 73.7580337524,
        "dvar2": 170.906341553,
        "max": 158.553436279,
        "mean": 23.6017742157,
        "median": 20.7065582275,
        "min": 0.00401426339522,
        "var": 268.911224365
    },
    "pitch_salience": {
        "dmean": 0.0894736945629,
        "dmean2": 0.141380399466,
        "dvar": 0.00841091200709,
        "dvar2": 0.0190747343004,
        "max": 0.935566425323,
        "mean": 0.492620557547,
        "median": 0.497404158115,
        "min": 0.00157748546917,
        "var": 0.0198111496866
    },
    "silence_rate_20dB": {
        "dmean": 0,
        "dmean2": 0,
        "dvar": 0,
        "dvar2": 0,
        "max": 1,
        "mean": 1,
        "median": 1,
        "min": 1,
        "var": 0
    },
    "silence_rate_30dB": {
        "dmean": 0.000448782666354,
        "dmean2": 0.000897666090168,
        "dvar": 0.000448595383205,
        "dvar2": 0.00134574971162,
        "max": 1,
        "mean": 0.999775648117,
        "median": 1,
        "min": 0,
        "var": 0.000224313131184
    },
    "silence_rate_60dB": {
        "dmean": 0.0118927406147,
        "dmean2": 0.0237881503999,
        "dvar": 0.0117543684319,
        "dvar2": 0.0274848956615,
        "max": 1,
        "mean": 0.0568768233061,
        "median": 0,
        "min": 0,
        "var": 0.0536421351135
    },
    "spectral_centroid": {
        "dmean": 246.998931885,
        "dmean2": 386.182617188,
        "dvar": 77086.734375,
        "dvar2": 176145.96875,
        "max": 10652.5361328,
        "mean": 1566.33666992,
        "median": 1492.44104004,
        "min": 494.635253906,
        "var": 346149.75
    },
    "spectral_complexity": {
        "dmean": 4.95523405075,
        "dmean2": 7.8171005249,
        "dvar": 28.362279892,
        "dvar2": 60.0706710815,
        "max": 60,
        "mean": 23.958940506,
        "median": 25,
        "min": 0,
        "var": 117.065589905
    },
    "spectral_decrease": {
        "dmean": 3.14648196387e-09,
        "dmean2": 5.06477260132e-09,
        "dvar": 1.36142033969e-17,
        "dvar2": 3.28199260503e-17,
        "max": -5.07916356066e-29,
        "mean": -1.11180327167e-08,
        "median": -1.16342553369e-08,
        "min": -3.92998913412e-08,
        "var": 4.51678135367e-17
    },
    "spectral_energy": {
        "dmean": 0.012258252129,
        "dmean2": 0.0197655614465,
        "dvar": 0.000203370960662,
        "dvar2": 0.00049030414084,
        "max": 0.155151426792,
        "mean": 0.0448547303677,
        "median": 0.0476199612021,
        "min": 1.04312443173e-20,
        "var": 0.000709666055627
    },
    "spectral_energyband_high": {
        "dmean": 0.000661296478938,
        "dmean2": 0.00097745063249,
        "dvar": 8.57983422975e-07,
        "dvar2": 1.68056953953e-06,
        "max": 0.0149012319744,
        "mean": 0.0018680858193,
        "median": 0.00135921034962,
        "min": 7.51102856756e-21,
        "var": 3.28879832523e-06
    },
    "spectral_energyband_low": {
        "dmean": 0.0105568859726,
        "dmean2": 0.0162315331399,
        "dvar": 0.000174724802491,
        "dvar2": 0.000393110356526,
        "max": 0.0992802008986,
        "mean": 0.0235828179866,
        "median": 0.019518788904,
        "min": 2.5546441578e-23,
        "var": 0.000434996996773
    },
    "spectral_energyband_middle_high": {
        "dmean": 0.00231474195607,
        "dmean2": 0.00369895459153,
        "dvar": 7.82099959906e-06,
        "dvar2": 1.91052367882e-05,
        "max": 0.0337465442717,
        "mean": 0.00752630690113,
        "median": 0.0071855885908,
        "min": 1.61679700671e-21,
        "var": 2.79700871033e-05
    },
    "spectral_energyband_middle_low": {
        "dmean": 0.00563588738441,
        "dmean2": 0.00967777799815,
        "dvar": 0.000111093344458,
        "dvar2": 0.000300399580738,
        "max": 0.120162956417,
        "mean": 0.0137010989711,
        "median": 0.0116158612072,
        "min": 2.92922759578e-22,
        "var": 0.00012890130165
    },
    "spectral_entropy": {
        "dmean": 0.127270951867,
        "dmean2": 0.194148138165,
        "dvar": 0.0206679124385,
        "dvar2": 0.0425349809229,
        "max": 9.79186058044,
        "mean": 7.8818526268,
        "median": 7.87821674347,
        "min": 6.19323968887,
        "var": 0.0733984783292
    },
    "spectral_flux": {
        "dmean": 0.0335720404983,
        "dmean2": 0.0547828488052,
        "dvar": 0.0011758566834,
        "dvar2": 0.00275531806983,
        "max": 0.370442271233,
        "mean": 0.10038883239,
        "median": 0.0937632024288,
        "min": 6.8298429412e-11,
        "var": 0.00320404488593
    },
    "spectral_kurtosis": {
        "dmean": 0.545751094818,
        "dmean2": 0.904648244381,
        "dvar": 0.370461940765,
        "dvar2": 0.994989991188,
        "max": 20.5318393707,
        "mean": 2.89171028137,
        "median": 2.89862847328,
        "min": -1.2355350256,
        "var": 1.25555050373
    },
    "spectral_rms": {
        "dmean": 0.000861037813593,
        "dmean2": 0.00136121665128,
        "dvar": 8.36667538806e-07,
        "dvar2": 1.93029177353e-06,
        "max": 0.0123031400144,
        "mean": 0.00616269279271,
        "median": 0.00681604724377,
        "min": 3.19011353792e-12,
        "var": 5.78192475587e-06
    },
    "spectral_rolloff": {
        "dmean": 528.514770508,
        "dmean2": 880.704345703,
        "dvar": 510538.28125,
        "dvar2": 1133244,
        "max": 18712.3535156,
        "mean": 1463.34521484,
        "median": 1098.19335938,
        "min": 21.533203125,
        "var": 3052324.25
    },
    "spectral_skewness": {
        "dmean": 0.100444100797,
        "dmean2": 0.161007001996,
        "dvar": 0.00937453098595,
        "dvar2": 0.0229075718671,
        "max": 2.73750257492,
        "mean": 1.3888771534,
        "median": 1.4180341959,
        "min": 0.0258842986077,
        "var": 0.0442636050284
    },
    "spectral_spread": {
        "dmean": 346504.28125,
        "dmean2": 526222,
        "dvar": 353939259392,
        "dvar2": 811292622848,
        "max": 40504096,
        "mean": 5764359.5,
        "median": 5660201,
        "min": 1439463,
        "var": 1.14740389478e+12
    },
    "spectral_strongpeak": {
        "dmean": 0.240179404616,
        "dmean2": 0.415904849768,
        "dvar": 0.19674089551,
        "dvar2": 0.543195366859,
        "max": 8.77912330627,
        "mean": 0.591815650463,
        "median": 0.50122243166,
        "min": 0,
        "var": 0.289581179619
    },
    "zerocrossingrate": {
        "dmean": 0.0116501068696,
        "dmean2": 0.0138438586146,
        "dvar": 0.000169830498635,
        "dvar2": 0.000203392526601,
        "max": 0.81689453125,
        "mean": 0.0685956850648,
        "median": 0.05859375,
        "min": 0,
        "var": 0.00484028970823
    },
    "barkbands": {
        "dmean": [0.000839678687043, 0.00952203013003, 0.00256452383474, 0.00257925735787, 0.00205783289857, 0.00104915443808, 0.000820035347715, 0.00063484639395, 0.000803500297479, 0.000650653382763, 0.000533165235538, 0.000633003539406, 0.000514771440066, 0.000494513486046, 0.000351626804331, 0.000265000766376, 0.000280836742604, 0.000221132504521, 0.000191575250938, 0.000230645004194, 0.000183462514542, 0.000129656837089, 0.000117354371469, 9.67624073382e-05, 0.000123634614283, 5.20512548974e-05, 1.13255719043e-05],
        "dmean2": [0.00119936547708, 0.0140222469345, 0.0040991557762, 0.00468420097604, 0.00342484703287, 0.00172982504591, 0.00133397825994, 0.0010177019285, 0.00125107739586, 0.00102008355316, 0.000868265400641, 0.00102082558442, 0.000810829515103, 0.000800469890237, 0.000568656309042, 0.000435047521023, 0.000464636657853, 0.000373188784579, 0.000326163310092, 0.000394225295167, 0.000294094177661, 0.00019711299683, 0.0001728253701, 0.00014019527589, 0.00019662201521, 7.93736253399e-05, 1.75657041837e-05],
        "dvar": [2.23100778385e-06, 0.000164854049217, 2.06269705814e-05, 4.43672579422e-05, 1.3163839867e-05, 2.70046939477e-06, 1.71818476247e-06, 9.32870591441e-07, 1.77592426098e-06, 1.13304793103e-06, 1.10957591914e-06, 1.12776865535e-06, 7.92409139194e-07, 6.2253326405e-07, 4.14652589598e-07, 2.34970940483e-07, 2.39167661675e-07, 1.09196946596e-07, 6.97076316669e-08, 1.22455617202e-07, 5.25481347324e-08, 3.35440191179e-08, 3.6424257388e-08, 2.2461358995e-08, 4.26316368873e-08, 6.14950268485e-09, 2.87618373562e-10],
        "dvar2": [4.15768681705e-06, 0.000347106426489, 4.87242105009e-05, 0.000126709084725, 3.4691318433e-05, 6.66062351229e-06, 4.30592535849e-06, 2.17882484321e-06, 3.9688952711e-06, 2.54289739132e-06, 2.86815156869e-06, 2.75244087788e-06, 1.8218021296e-06, 1.51858705522e-06, 9.68240101429e-07, 5.50402319277e-07, 5.71977466279e-07, 2.91425550358e-07, 1.90310259995e-07, 3.50689106199e-07, 1.19791550901e-07, 7.08766947355e-08, 6.92586112905e-08, 4.12754630474e-08, 1.1239485076e-07, 1.43342031578e-08, 7.02319535861e-10],
        "max": [0.0200622361153, 0.09438110888, 0.0514140576124, 0.0675065591931, 0.041827775538, 0.0272598285228, 0.015471259132, 0.0173803921789, 0.0247635748237, 0.0167408399284, 0.0211736243218, 0.0151909422129, 0.0151526387781, 0.0102118160576, 0.0142364762723, 0.0117073897272, 0.0121618285775, 0.00512809678912, 0.00400422886014, 0.00528061948717, 0.00308387167752, 0.00335284299217, 0.00347608490847, 0.00272945524193, 0.00223240768537, 0.000889753457159, 0.000218877481529],
        "mean": [0.0011583144078, 0.0158879905939, 0.00478836521506, 0.00307373888791, 0.00430622370914, 0.001993724145, 0.00135746353772, 0.00109835097101, 0.00175642839167, 0.00119561178144, 0.000878678401932, 0.00110156845767, 0.000842326437123, 0.00091132131638, 0.000643768114969, 0.000476675544633, 0.000544627895579, 0.000397995085223, 0.000340169121046, 0.000437373295426, 0.000446703779744, 0.000323135900544, 0.000309210066916, 0.000249548669672, 0.000219028777792, 9.88231040537e-05, 1.75544046215e-05],
        "median": [0.00018915507826, 0.00909729301929, 0.00200798735023, 0.000630515511148, 0.00295993126929, 0.00121583906002, 0.000741594063584, 0.000632260926068, 0.000944723375142, 0.000452026550192, 0.000331258866936, 0.000407596147852, 0.000350710266503, 0.000402400211897, 0.000312978256261, 0.00028286606539, 0.000323389307596, 0.000281490036286, 0.000250747136306, 0.000323885557009, 0.000333485484589, 0.00021004275186, 0.000176689529326, 0.000156382157002, 0.000122440804262, 5.8642894146e-05, 9.37037657422e-06],
        "min": [4.32952897195e-24, 1.02683752113e-23, 2.65487784993e-24, 3.13517305106e-23, 3.95590172804e-23, 6.62142139048e-23, 2.30735756325e-23, 1.71202632619e-23, 6.51509430005e-23, 6.50673048119e-23, 5.08314262529e-23, 7.84026828703e-23, 8.99725965337e-23, 1.12380973096e-22, 1.45310261335e-22, 1.95401805478e-22, 1.87652200028e-22, 2.11761897128e-22, 2.44754256373e-22, 3.07675089595e-22, 2.92671813458e-22, 5.27792626675e-22, 5.63787958505e-22, 7.43109446586e-22, 1.00437275679e-21, 1.48816355521e-21, 2.21105862412e-21],
        "var": [4.7549528972e-06, 0.000341959996149, 4.51954947494e-05, 3.76462521672e-05, 1.9893872377e-05, 5.96547215537e-06, 2.93174139188e-06, 1.84076338883e-06, 4.77237381347e-06, 2.79496885014e-06, 2.02592082132e-06, 2.51306323662e-06, 1.57313570526e-06, 1.58354066571e-06, 9.4830221542e-07, 4.96894983826e-07, 5.39465702332e-07, 1.71991146658e-07, 1.04915642396e-07, 1.79639258135e-07, 1.67942843632e-07, 1.14507123783e-07, 1.51174930352e-07, 8.09942690694e-08, 7.50518225345e-08, 1.32268276332e-08, 4.95431640157e-10]
    },
    "erbbands": {
        "dmean": [0.412618994713, 1.70623803139, 2.81633853912, 6.07922124863, 7.20994138718, 6.66491222382, 10.2131748199, 8.78720474243, 10.0807609558, 13.3480215073, 14.0899000168, 17.3966579437, 17.5006828308, 17.0051460266, 23.3199539185, 18.995759964, 22.1469268799, 16.8497028351, 21.1548938751, 17.7166805267, 14.696097374, 16.8074645996, 11.4261493683, 11.4540624619, 8.77263069153, 10.5648794174, 8.57553005219, 6.4869799614, 4.65428304672, 4.29473829269, 3.36179685593, 1.92175471783, 1.96430468559, 1.36699187756, 0.872034192085, 0.297273993492, 0.0867956131697, 0.0196327343583, 0.00194727629423, 3.8675378164e-05],
        "dmean2": [0.585441112518, 2.65788698196, 4.51864385605, 10.521739006, 13.0660705566, 10.7529268265, 16.4670639038, 14.6251373291, 16.5562763214, 21.5640945435, 22.4833621979, 27.1228733063, 27.4169788361, 26.8045845032, 37.2964286804, 30.4598464966, 35.4625663757, 27.4000434875, 34.1545944214, 29.0135917664, 24.410774231, 27.8723316193, 19.0821285248, 19.6965370178, 14.9361953735, 17.859167099, 13.9293060303, 10.2732896805, 7.25149488449, 6.55951690674, 4.91987895966, 2.82465028763, 2.89441299438, 2.15311264992, 1.42204463482, 0.457950592041, 0.13319785893, 0.0296212919056, 0.00305877742358, 6.01110550633e-05],
        "dvar": [0.397922575474, 5.23080205917, 23.9603443146, 185.244781494, 348.397857666, 111.305038452, 236.256530762, 195.228881836, 309.891693115, 471.832275391, 441.913635254, 899.946289062, 735.989318848, 700.731140137, 1415.83532715, 854.442626953, 1717.23706055, 744.700805664, 1294.04467773, 1368.28405762, 850.791748047, 837.59588623, 289.84274292, 289.769592285, 183.730651855, 277.209472656, 134.566299438, 67.1323928833, 41.1616783142, 43.9775047302, 32.0251159668, 8.98667812347, 11.9279098511, 5.01392459869, 2.38440179825, 0.183597221971, 0.018621057272, 0.000808721873909, 9.09433583729e-06, 2.49772980077e-09],
        "dvar2": [0.7160140872, 11.9144153595, 60.6042327881, 509.536529541, 991.411804199, 278.85546875, 557.367736816, 492.515380859, 752.348693848, 1166.42297363, 1013.55633545, 1999.4342041, 1688.72497559, 1587.36938477, 3601.80639648, 2111.80371094, 4014.56201172, 1790.31933594, 3104.22094727, 3394.29663086, 2060.32324219, 2047.54797363, 754.975952148, 806.829956055, 507.165893555, 796.673034668, 328.972290039, 157.696746826, 90.9775314331, 99.0837783813, 58.9331855774, 16.730298996, 24.3913154602, 12.4348487854, 6.58673095703, 0.430382668972, 0.0441808775067, 0.00188448932022, 2.26936153922e-05, 6.24838492058e-09],
        "max": [4.72906208038, 20.7298545837, 53.601852417, 147.097412109, 217.571334839, 179.905502319, 243.903396606, 244.366378784, 231.909881592, 347.118347168, 349.488067627, 533.128601074, 415.597717285, 606.252807617, 707.775085449, 482.621002197, 747.370239258, 483.261108398, 634.14666748, 974.365234375, 800.555236816, 562.838623047, 272.234039307, 206.317779541, 331.164123535, 253.338851929, 156.278427124, 123.122665405, 121.483085632, 117.280715942, 108.507270813, 54.8824157715, 56.9781723022, 25.9294891357, 21.8898181915, 5.31847906113, 1.52119469643, 0.394201338291, 0.042651604861, 0.000677568721585],
        "mean": [0.58532166481, 3.03813815117, 5.25954294205, 9.29273223877, 9.2282743454, 14.6030921936, 21.7684249878, 16.148815155, 17.3672103882, 22.8075504303, 28.1657047272, 37.0049514771, 35.3872413635, 35.1161193848, 42.5685806274, 36.894317627, 41.0406913757, 33.9701499939, 43.1666717529, 34.1405563354, 29.0483264923, 33.4815330505, 22.9981803894, 20.6030807495, 17.5978336334, 20.2740707397, 18.5835056305, 15.9145774841, 11.8098754883, 10.055431366, 8.72423458099, 5.60958814621, 4.19921112061, 2.53695392609, 1.46964836121, 0.540737867355, 0.162765458226, 0.0361419990659, 0.00295940227807, 0.000103459868114],
        "median": [0.187162473798, 2.02995157242, 3.2052693367, 2.86258220673, 3.66211652756, 9.25883102417, 13.0136318207, 9.48899269104, 9.29331588745, 12.8383140564, 17.4899120331, 21.2178459167, 18.9772911072, 19.6716041565, 22.36992836, 19.3612232208, 19.3640403748, 18.0830230713, 19.5761795044, 19.6290283203, 17.7847213745, 20.7828903198, 17.5301856995, 15.3466129303, 13.4656496048, 14.5591125488, 13.5888214111, 11.3828086853, 7.85895442963, 6.16982078552, 4.89381170273, 3.28316450119, 2.55236577988, 1.45672476292, 0.806050777435, 0.32060316205, 0.0924886465073, 0.0209705606103, 0.00157837674487, 9.25364511204e-05],
        "min": [2.04182206006e-22, 2.66406804477e-21, 4.74465992989e-21, 5.1183826348e-20, 1.08277257174e-19, 1.87311585894e-19, 1.45033286187e-19, 7.01156027315e-19, 4.35921235985e-19, 4.88445964111e-19, 7.24614455897e-19, 1.23884648313e-18, 2.2368775289e-18, 1.39527098986e-18, 3.12513695109e-18, 2.93748875438e-18, 3.59260918208e-18, 5.91115011695e-18, 6.59323125594e-18, 8.4895010376e-18, 9.9581172018e-18, 9.74336457117e-18, 1.40432917591e-17, 1.04630869775e-17, 1.66365757714e-17, 1.39197341367e-17, 1.33393321065e-17, 1.3311117803e-17, 1.69433290841e-17, 1.55653206298e-17, 1.54060354224e-17, 1.56095317792e-17, 1.09817201226e-17, 9.36188872499e-18, 8.17495981941e-18, 3.97052112058e-18, 2.64884821553e-18, 1.10242661574e-18, 2.9000916087e-19, 3.61676935709e-20],
        "var": [0.808134615421, 10.5320062637, 41.6857910156, 220.074081421, 276.984588623, 258.381439209, 584.004455566, 394.791534424, 576.525634766, 851.361572266, 967.54486084, 2257.22241211, 1763.66650391, 1903.07739258, 2840.89624023, 2051.79663086, 3502.21606445, 1912.92773438, 3828.01342773, 2898.19042969, 1921.97436523, 1873.7734375, 498.015258789, 395.214477539, 281.275146484, 403.684814453, 315.54385376, 227.953201294, 142.426589966, 133.792129517, 127.071975708, 42.9652366638, 28.0745506287, 9.64102649689, 3.659979105, 0.386953651905, 0.0379450805485, 0.00185160734691, 1.39337880682e-05, 5.69836222652e-09]
    },
    "gfcc": {
        "mean": [36.6183166504, 61.959980011, -103.327919006, 32.1681098938, -55.3133277893, 19.2679595947, -34.5575866699, 12.2555036545, -23.7488250732, 8.47099113464, -17.1355781555, 5.3078122139, -9.52791023254],
        "cov": [[23437.5585938, 1059.04199219, -636.594299316, 66.5589599609, -533.482299805, 415.13470459, -116.373031616, 146.214324951, -231.027938843, 24.0718975067, -349.060546875, 17.9899291992, -236.181594849], [1059.04199219, 744.297729492, 98.6121749878, 141.158248901, 44.389881134, 115.192680359, 75.5748291016, 37.8971061707, 36.2297668457, -57.4764328003, 1.37949895859, 4.94236326218, -31.1609306335], [-636.594299316, 98.6121749878, 385.677001953, 100.578704834, 85.3246688843, 61.3705177307, 61.6168022156, 1.76044070721, 3.30299544334, -19.5592575073, 9.99289798737, 7.90341806412, -32.0353775024], [66.5589599609, 141.158248901, 100.578704834, 189.552841187, 82.7092971802, 136.553909302, 81.871635437, 70.1892776489, 53.8783569336, 25.1157569885, 20.7779178619, 10.686047554, 12.3375253677], [-533.482299805, 44.389881134, 85.3246688843, 82.7092971802, 188.497375488, 98.7838134766, 107.998397827, 63.9632148743, 66.4742050171, 32.2342376709, 27.1898918152, 12.4962453842, 21.6572780609], [415.13470459, 115.192680359, 61.3705177307, 136.553909302, 98.7838134766, 262.745849609, 176.727157593, 108.362739563, 92.2852401733, 33.0535621643, 25.2675018311, 18.6679782867, 7.2823176384], [-116.373031616, 75.5748291016, 61.6168022156, 81.871635437, 107.998397827, 176.727157593, 194.964599609, 121.429481506, 95.2110671997, 30.6113548279, 40.2861938477, 16.7113761902, 7.90422153473], [146.214324951, 37.8971061707, 1.76044070721, 70.1892776489, 63.9632148743, 108.362739563, 121.429481506, 136.738128662, 86.8346710205, 46.7406692505, 29.8355045319, 21.1401691437, 15.2928848267], [-231.027938843, 36.2297668457, 3.30299544334, 53.8783569336, 66.4742050171, 92.2852401733, 95.2110671997, 86.8346710205, 127.059799194, 59.1556663513, 39.430606842, 18.9729862213, 24.736371994], [24.0718975067, -57.4764328003, -19.5592575073, 25.1157569885, 32.2342376709, 33.0535621643, 30.6113548279, 46.7406692505, 59.1556663513, 91.5813369751, 51.3207130432, 19.6386528015, 20.5328865051], [-349.060546875, 1.37949895859, 9.99289798737, 20.7779178619, 27.1898918152, 25.2675018311, 40.2861938477, 29.8355045319, 39.430606842, 51.3207130432, 86.6956558228, 46.5844230652, 21.112203598], [17.9899291992, 4.94236326218, 7.90341806412, 10.686047554, 12.4962453842, 18.6679782867, 16.7113761902, 21.1401691437, 18.9729862213, 19.6386528015, 46.5844230652, 69.3053817749, 41.6899871826], [-236.181594849, -31.1609306335, -32.0353775024, 12.3375253677, 21.6572780609, 7.2823176384, 7.90422153473, 15.2928848267, 24.736371994, 20.5328865051, 21.112203598, 41.6899871826, 87.5889358521]],
        "icov": [[9.05425767996e-05, -0.000191381201148, 0.00015384145081, 5.72106873733e-05, 0.00023076904472, -0.000274665071629, 4.09095309806e-06, -0.000126901679323, 0.000469707185403, -0.000814524188172, 0.000958614633419, -0.000745070516132, 0.000393694965169], [-0.000191381201148, 0.00231923139654, -0.000160425988724, -0.00171162479091, -0.000405767990742, 0.000542063091416, 4.30702930316e-05, 0.000493125000503, -0.00217511085793, 0.00430332077667, -0.00276547227986, 0.00102192931809, 0.000242393201916], [0.00015384145081, -0.000160425988724, 0.00442037545145, -0.00315260631032, -0.000653112598229, 0.00155004044063, -0.00356189324521, 0.00321270665154, 0.000802489172202, -0.0012268278515, 0.0031524784863, -0.00471969554201, 0.00375922350213], [5.72106873733e-05, -0.00171162479091, -0.00315260631032, 0.0143899135292, -0.00246898899786, -0.0090175550431, 0.0100001171231, -0.00816943217069, 0.00164024252445, 0.00030939586577, -0.0045055123046, 0.00618825713173, -0.00414569163695], [0.00023076904472, -0.000405767990742, -0.000653112598229, -0.00246898899786, 0.0101939318702, 0.00126759405248, -0.00666993157938, 0.00229050917551, 4.08119085478e-05, -0.00457433890551, 0.00427035428584, -0.00188432133291, -0.000908771471586], [-0.000274665071629, 0.000542063091416, 0.00155004044063, -0.0090175550431, 0.00126759405248, 0.0176588632166, -0.0179847124964, 0.0080514261499, -0.00262938044034, -0.00291735609062, 0.00658030854538, -0.00626779301092, 0.0025485958904], [4.09095309806e-06, 4.30702930316e-05, -0.00356189324521, 0.0100001171231, -0.00666993157938, -0.0179847124964, 0.037467084825, -0.0214763879776, -0.00319368834607, 0.0136838592589, -0.0176615081728, 0.013479411602, -0.00363648962229], [-0.000126901679323, 0.000493125000503, 0.00321270665154, -0.00816943217069, 0.00229050917551, 0.0080514261499, -0.0214763879776, 0.0288124755025, -0.00614822236821, -0.00869194511324, 0.0109057296067, -0.0110260397196, 0.00422406336293], [0.000469707185403, -0.00217511085793, 0.000802489172202, 0.00164024252445, 4.08119085478e-05, -0.00262938044034, -0.00319368834607, -0.00614822236821, 0.0222108662128, -0.0128056518734, 0.00444411858916, -0.00149993074592, -0.00150260166265], [-0.000814524188172, 0.00430332077667, -0.0012268278515, 0.00030939586577, -0.00457433890551, -0.00291735609062, 0.0136838592589, -0.00869194511324, -0.0128056518734, 0.0379427820444, -0.0282870735973, 0.0161139462143, -0.00563106453046], [0.000958614633419, -0.00276547227986, 0.0031524784863, -0.0045055123046, 0.00427035428584, 0.00658030854538, -0.0176615081728, 0.0109057296067, 0.00444411858916, -0.0282870735973, 0.0469975322485, -0.0328225009143, 0.0111459111795], [-0.000745070516132, 0.00102192931809, -0.00471969554201, 0.00618825713173, -0.00188432133291, -0.00626779301092, 0.013479411602, -0.0110260397196, -0.00149993074592, 0.0161139462143, -0.0328225009143, 0.0461998172104, -0.0199799332768], [0.000393694965169, 0.000242393201916, 0.00375922350213, -0.00414569163695, -0.000908771471586, 0.0025485958904, -0.00363648962229, 0.00422406336293, -0.00150260166265, -0.00563106453046, 0.0111459111795, -0.0199799332768, 0.0226948652416]]
    },
    "melbands": {
        "dmean": [0.00306998821907, 0.00155361823272, 0.00107399281114, 0.000441785465227, 0.000357480050297, 0.000195629312657, 0.000151036088937, 0.000148458129843, 0.00012234186579, 0.000105343853647, 9.3677881523e-05, 7.64909709687e-05, 8.40319917188e-05, 7.12828550604e-05, 6.28025081824e-05, 4.02494297305e-05, 3.34366050083e-05, 4.19477873947e-05, 2.4180397304e-05, 1.96146029339e-05, 1.74114029505e-05, 1.97214467335e-05, 1.1728593563e-05, 1.24891666928e-05, 9.75329203357e-06, 6.62733509671e-06, 8.18531407276e-06, 7.30320471121e-06, 6.50839001537e-06, 4.64940058009e-06, 3.67415486835e-06, 2.80304584521e-06, 3.14721705763e-06, 2.37465997088e-06, 2.17785850509e-06, 1.78990501354e-06, 1.21646019124e-06, 1.51567019202e-06, 1.28857743675e-06, 1.18698255847e-06],
        "dmean2": [0.00437817629427, 0.00254798098467, 0.00187175231986, 0.000758608977776, 0.00057534140069, 0.000322580133798, 0.000248605065281, 0.00023904608679, 0.000192385312403, 0.000164491575561, 0.000146569815115, 0.00011995992827, 0.000134736212203, 0.000115398455819, 0.000101081270259, 6.47466731607e-05, 5.41606459592e-05, 6.80825760355e-05, 3.93437148887e-05, 3.1952316931e-05, 2.89802501356e-05, 3.28956557496e-05, 1.89343409147e-05, 2.11540736927e-05, 1.67720027093e-05, 1.11538829515e-05, 1.38882651299e-05, 1.23520767374e-05, 1.06373199742e-05, 7.6393080235e-06, 5.85322322877e-06, 4.48168066214e-06, 4.87003126182e-06, 3.69688245883e-06, 3.25033693116e-06, 2.75168690678e-06, 1.84695329608e-06, 2.29184229283e-06, 1.92032393898e-06, 1.93349637811e-06],
        "dvar": [1.88969552255e-05, 5.01749855175e-06, 6.19348884356e-06, 8.12959569885e-07, 2.71072821079e-07, 9.3046573113e-08, 6.47354170269e-08, 5.03392207918e-08, 3.3673224209e-08, 3.10351531141e-08, 2.1193191202e-08, 1.41990819102e-08, 2.38519639595e-08, 1.77015166969e-08, 1.31269786152e-08, 4.15194145731e-09, 2.71315547806e-09, 5.4332058852e-09, 1.70384950593e-09, 1.33474620245e-09, 1.27813337691e-09, 1.22671517389e-09, 5.4163951102e-10, 3.96890020848e-10, 2.08420974923e-10, 8.43361006031e-11, 1.60369786895e-10, 1.33245664502e-10, 8.3978032861e-11, 3.93195302706e-11, 2.18913134148e-11, 1.44365084123e-11, 2.54078286188e-11, 1.26284113375e-11, 1.40329935172e-11, 9.77512688849e-12, 3.27063224594e-12, 7.2554124167e-12, 4.84316406424e-12, 3.93801831422e-12],
        "dvar2": [3.75158451789e-05, 1.30053149405e-05, 1.72251038748e-05, 2.23116308007e-06, 6.35648916614e-07, 2.32540671163e-07, 1.61255741205e-07, 1.23692728948e-07, 7.60073106676e-08, 6.9633628641e-08, 4.85228426328e-08, 3.17471773315e-08, 6.20304803078e-08, 4.34524700665e-08, 3.20460245007e-08, 9.80137659923e-09, 6.48178666296e-09, 1.32215536297e-08, 4.12202139088e-09, 3.24483173664e-09, 3.0865356937e-09, 3.01607516739e-09, 1.22258536628e-09, 1.05377229165e-09, 5.83762704842e-10, 2.28877014563e-10, 4.4910347663e-10, 3.83133358373e-10, 2.14910061969e-10, 9.89313908573e-11, 5.35478605901e-11, 3.62237427554e-11, 5.71842052877e-11, 2.98620329853e-11, 2.81367429356e-11, 2.15236422435e-11, 6.84079182189e-12, 1.53568303907e-11, 1.04279709867e-11, 1.03186547848e-11],
        "max": [0.0310794766992, 0.0234853010625, 0.0270289797336, 0.0101352278143, 0.00656052445993, 0.00527057889849, 0.00322649301961, 0.00328221730888, 0.00376018602401, 0.00286810635589, 0.00208402588032, 0.00268819276243, 0.00303190946579, 0.00209125527181, 0.00208392809145, 0.000943096354604, 0.000818730914034, 0.00106179341674, 0.000943774357438, 0.000951628491748, 0.000948083878029, 0.000744723831303, 0.000826524279546, 0.000347358378349, 0.000179728041985, 0.000195276399609, 0.000255785940681, 0.000173503460246, 0.000123574500321, 7.39114766475e-05, 9.23823463381e-05, 6.2145103584e-05, 8.78918654053e-05, 5.93487566221e-05, 8.19424094516e-05, 4.87229153805e-05, 3.0690778658e-05, 4.39248105977e-05, 3.01176823996e-05, 2.12124668906e-05],
        "mean": [0.00479228328913, 0.00324977561831, 0.00161134556402, 0.000779590569437, 0.000805442337878, 0.000368448003428, 0.000257809180766, 0.000254973652773, 0.000250902026892, 0.000224343180889, 0.000182987598237, 0.000152601671289, 0.00014729439863, 0.000115278635349, 0.000113252208394, 7.08871084498e-05, 6.31979492027e-05, 7.99901026767e-05, 4.44848483312e-05, 3.58265242539e-05, 3.14431017614e-05, 3.57783792424e-05, 2.32366910495e-05, 2.08808742173e-05, 1.6156318452e-05, 1.23349054775e-05, 1.4621322407e-05, 1.27781495394e-05, 1.2538829651e-05, 9.7210304375e-06, 8.60656291479e-06, 6.37633138467e-06, 6.59971055939e-06, 5.23445760336e-06, 5.03046339873e-06, 4.37836661149e-06, 3.17149738294e-06, 3.06070000988e-06, 2.4935309284e-06, 2.02209093914e-06],
        "median": [0.00228394102305, 0.0025991529692, 0.000603179214522, 0.000449447252322, 0.000522959628142, 0.00022352769156, 0.000149358616909, 0.000154091598233, 0.000155060333782, 0.000123657140648, 9.10215458134e-05, 7.78429821366e-05, 7.00994714862e-05, 3.64346124115e-05, 4.11836444982e-05, 3.25658547808e-05, 2.98210052279e-05, 2.86145332211e-05, 2.27971104323e-05, 2.10050420719e-05, 1.70268795046e-05, 1.96174587472e-05, 1.51725653268e-05, 1.29703730636e-05, 1.13993264677e-05, 9.31507565838e-06, 9.84513462754e-06, 8.10444180388e-06, 8.3588383859e-06, 6.50327501717e-06, 6.02177624387e-06, 4.08748383052e-06, 3.97983149014e-06, 3.07888194584e-06, 2.73428986475e-06, 2.27295777222e-06, 1.84348346011e-06, 1.79624453267e-06, 1.49331481225e-06, 1.12394923235e-06],
        "min": [3.06751264844e-24, 2.79569149367e-24, 1.33165637258e-23, 1.02465963394e-23, 5.7425847459e-24, 1.50629140211e-23, 6.45422484597e-24, 5.19473780773e-24, 6.96383135732e-24, 8.06335988652e-24, 1.13490191993e-23, 5.28010636274e-24, 8.61913448235e-24, 8.84847291358e-24, 6.18856213107e-24, 9.39060494892e-24, 1.07410582991e-23, 9.4140988044e-24, 1.21334624835e-23, 1.43192769338e-23, 9.91249165798e-24, 8.21791745937e-24, 1.03722066614e-23, 1.16496256913e-23, 8.26596934369e-24, 7.63507310158e-24, 1.20772971647e-23, 8.5157668825e-24, 9.79929406239e-24, 5.88376166008e-24, 8.20792890259e-24, 9.61363407062e-24, 9.34407477728e-24, 8.2686467376e-24, 8.13534975501e-24, 9.99882459545e-24, 1.00126020512e-23, 7.38000123876e-24, 8.46968241727e-24, 7.42036567356e-24],
        "var": [3.87255859096e-05, 9.85582755675e-06, 6.29370470051e-06, 9.72965153778e-07, 6.9593443186e-07, 1.9682921959e-07, 1.10212766913e-07, 9.07295003572e-08, 7.95596974967e-08, 7.9302026279e-08, 5.07982846898e-08, 3.87641065913e-08, 4.44699423952e-08, 3.61085277234e-08, 3.05126448552e-08, 9.12683617571e-09, 6.87385925957e-09, 1.5583898616e-08, 3.84047904589e-09, 2.83109402588e-09, 2.8710258615e-09, 2.67665400955e-09, 1.17950071932e-09, 6.49130971198e-10, 2.7319044249e-10, 1.35468400386e-10, 2.44863435084e-10, 1.91401949845e-10, 1.67112768068e-10, 1.00588266883e-10, 6.9559122351e-11, 4.26057626679e-11, 6.11391839933e-11, 3.77551497011e-11, 4.49461370899e-11, 3.35677458052e-11, 1.34194036092e-11, 1.58805694289e-11, 1.02216542522e-11, 6.46934849441e-12]
    },
    "mfcc": {
        "mean": [-603.809143066, 96.6609649658, 9.16353034973, 19.5446643829, 3.73274493217, 7.97628974915, 3.06058359146, 3.60068488121, 3.15744900703, 2.42574882507, 0.211053475738, 1.53899848461, -0.881744861603],
        "cov": [[11748.3066406, 1164.66906738, 152.300857544, 26.7973384857, -61.8512001038, 259.928100586, 171.465042114, 260.007446289, 145.552902222, 183.146820068, 36.4543495178, 7.9607167244, -51.0736122131], [1164.66906738, 602.892700195, 97.6690826416, 72.8249359131, 33.6357421875, 47.7070198059, 37.5584182739, 85.9169692993, 10.1758031845, 6.03874778748, -9.77311229706, 18.1065616608, 12.0389404297], [152.300857544, 97.6690826416, 288.088928223, 56.6002655029, 36.2976989746, 75.7312850952, 39.8981246948, 67.9025650024, -12.256731987, 24.9381599426, -6.25475406647, -1.62869751453, -4.34690332413], [26.7973384857, 72.8249359131, 56.6002655029, 104.094581604, 55.0625, 16.4239883423, 21.2722454071, 11.5065813065, 13.3623275757, 6.65354776382, 8.22114086151, 14.8279600143, 8.26853847504], [-61.8512001038, 33.6357421875, 36.2976989746, 55.0625, 88.7667160034, 56.5100631714, 28.8986721039, 23.2902984619, 32.2970199585, 18.0102386475, 13.3052062988, 19.6074619293, 5.72754907608], [259.928100586, 47.7070198059, 75.7312850952, 16.4239883423, 56.5100631714, 135.386627197, 72.0872497559, 81.9768218994, 52.343120575, 64.3987808228, 27.3691806793, 32.4954147339, 5.51267004013], [171.465042114, 37.5584182739, 39.8981246948, 21.2722454071, 28.8986721039, 72.0872497559, 112.43662262, 90.5144348145, 46.9002494812, 48.5293045044, 36.1238059998, 32.5874977112, 27.2529067993], [260.007446289, 85.9169692993, 67.9025650024, 11.5065813065, 23.2902984619, 81.9768218994, 90.5144348145, 163.265258789, 84.3376846313, 67.2217483521, 33.8846282959, 44.0887794495, 27.8036270142], [145.552902222, 10.1758031845, -12.256731987, 13.3623275757, 32.2970199585, 52.343120575, 46.9002494812, 84.3376846313, 125.013168335, 73.9638290405, 35.6040802002, 34.8212776184, 7.33285903931], [183.146820068, 6.03874778748, 24.9381599426, 6.65354776382, 18.0102386475, 64.3987808228, 48.5293045044, 67.2217483521, 73.9638290405, 113.905906677, 61.1045799255, 39.5315132141, 18.5251502991], [36.4543495178, -9.77311229706, -6.25475406647, 8.22114086151, 13.3052062988, 27.3691806793, 36.1238059998, 33.8846282959, 35.6040802002, 61.1045799255, 86.3591766357, 54.0602111816, 31.7491130829], [7.9607167244, 18.1065616608, -1.62869751453, 14.8279600143, 19.6074619293, 32.4954147339, 32.5874977112, 44.0887794495, 34.8212776184, 39.5315132141, 54.0602111816, 79.238243103, 41.0422439575], [-51.0736122131, 12.0389404297, -4.34690332413, 8.26853847504, 5.72754907608, 5.51267004013, 27.2529067993, 27.8036270142, 7.33285903931, 18.5251502991, 31.7491130829, 41.0422439575, 81.251663208]],
