{
"lowlevel": {
    "average_loudness": 0.897227585316,
    "barkbands_crest": {
        "dmean": 3.31313848495,
        "dmean2": 5.17510175705,
        "dvar": 9.96120166779,
        "dvar2": 22.9810256958,
        "max": 26.4550266266,
        "mean": 13.7704048157,
        "median": 13.6601829529,
        "min": 2.25384998322,
        "var": 32.5327606201
    },
    "barkbands_flatness_db": {
        "dmean": 0.0316241942346,
        "dmean2": 0.0470093004405,
        "dvar": 0.00117089168634,
        "dvar2": 0.00230638519861,
        "max": 0.650460422039,
        "mean": 0.148827403784,
        "median": 0.120429173112,
        "min": 0.0135090760887,
        "var": 0.0100536402315
    },
    "barkbands_kurtosis": {
        "dmean": 8.5567111969,
        "dmean2": 13.1266002655,
        "dvar": 481.585174561,
        "dvar2": 1057.22363281,
        "max": 375.719207764,
        "mean": 12.5753135681,
        "median": 3.19760155678,
        "min": -1.87183201313,
        "var": 958.750366211
    },
    "barkbands_skewness": {
        "dmean": 0.918629527092,
        "dmean2": 1.36745512486,
        "dvar": 1.2959676981,
        "dvar2": 2.63315582275,
        "max": 16.6266479492,
        "mean": 2.37146568298,
        "median": 1.76541781425,
        "min": -2.02791404724,
        "var": 4.61713552475
    },
    "barkbands_spread": {
        "dmean": 8.42635440826,
        "dmean2": 13.0204601288,
        "dvar": 95.245765686,
        "dvar2": 217.112503052,
        "max": 95.3664016724,
        "mean": 26.1145648956,
        "median": 22.3893413544,
        "min": 0.140808671713,
        "var": 385.14239502
    },
    "dissonance": {
        "dmean": 0.0179027672857,
        "dmean2": 0.0300717782229,
        "dvar": 0.000528657401446,
        "dvar2": 0.00137640046887,
        "max": 0.499999970198,
        "mean": 0.468570291996,
        "median": 0.479047209024,
        "min": 0.143025875092,
        "var": 0.00119923322927
    },
    "dynamic_complexity": 4.21572494507,
    "erbbands_crest": {
        "dmean": 2.44845890999,
        "dmean2": 3.94250798225,
        "dvar": 6.14760875702,
        "dvar2": 14.3842897415,
        "max": 31.7693252563,
        "mean": 7.91105079651,
        "median": 6.59332370758,
        "min": 2.22593140602,
        "var": 20.4969348907
    },
    "erbbands_flatness_db": {
        "dmean": 0.0160696338862,
        "dmean2": 0.0237619765103,
        "dvar": 0.000283204310108,
        "dvar2": 0.00061947084032,
        "max": 0.455029845238,
        "mean": 0.131995499134,
        "median": 0.113583892584,
        "min": 0.0471157468855,
        "var": 0.00357521674596
    },
    "erbbands_kurtosis": {
        "dmean": 0.911034941673,
        "dmean2": 1.478738904,
        "dvar": 4.07627630234,
        "dvar2": 10.7436819077,
        "max": 62.9869995117,
        "mean": 0.338447004557,
        "median": -0.365724205971,
        "min": -1.84027814865,
        "var": 8.58231639862
    },
    "erbbands_skewness": {
        "dmean": 0.378797233105,
        "dmean2": 0.599018931389,
        "dvar": 0.149194419384,
        "dvar2": 0.364030957222,
        "max": 6.35737991333,
        "mean": 0.253675252199,
        "median": 0.116005547345,
        "min": -2.64141392708,
        "var": 0.627729177475
    },
    "erbbands_spread": {
        "dmean": 10.3231010437,
        "dmean2": 15.2934188843,
        "dvar": 123.390975952,
        "dvar2": 267.096740723,
        "max": 174.67628479,
        "mean": 47.5389633179,
        "median": 44.9059524536,
        "min": 2.53348970413,
        "var": 515.426818848
    },
    "hfc": {
        "dmean": 12.1398124695,
        "dmean2": 18.4689769745,
        "dvar": 335.345306396,
        "dvar2": 765.25189209,
        "max": 178.957901001,
        "mean": 30.5137557983,
        "median": 19.2673339844,
        "min": 1.16787221936e-16,
        "var": 994.676574707
    },
    "melbands_crest": {
        "dmean": 4.28670692444,
        "dmean2": 6.70145988464,
        "dvar": 17.1487102509,
        "dvar2": 37.3724784851,
        "max": 38.7179336548,
        "mean": 20.6590766907,
        "median": 20.6426734924,
        "min": 2.77173852921,
        "var": 63.5142440796
    },
    "melbands_flatness_db": {
        "dmean": 0.0387362577021,
        "dmean2": 0.0574682988226,
        "dvar": 0.00171161093749,
        "dvar2": 0.00333721912466,
        "max": 0.826618015766,
        "mean": 0.222431525588,
        "median": 0.19155216217,
        "min": 0.00835429970175,
        "var": 0.0157250259072
    },
    "melbands_kurtosis": {
        "dmean": 22.9530715942,
        "dmean2": 34.4849357605,
        "dvar": 2516.51464844,
        "dvar2": 4975.24365234,
        "max": 1497.73425293,
        "mean": 40.2537193298,
        "median": 13.1723155975,
        "min": -1.59440243244,
        "var": 7143.22802734
    },
    "melbands_skewness": {
        "dmean": 1.35492157936,
        "dmean2": 2.02568697929,
        "dvar": 2.93640041351,
        "dvar2": 5.98871278763,
        "max": 32.8370895386,
        "mean": 4.25450277328,
        "median": 3.17087507248,
        "min": -1.0399428606,
        "var": 11.5408143997
    },
    "melbands_spread": {
        "dmean": 9.17549800873,
        "dmean2": 14.323507309,
        "dvar": 152.909759521,
        "dvar2": 357.030303955,
        "max": 199.589401245,
        "mean": 22.7820835114,
        "median": 16.3296203613,
        "min": 0.116163671017,
        "var": 457.933624268
    },
    "pitch_salience": {
        "dmean": 0.100407086313,
        "dmean2": 0.155588686466,
        "dvar": 0.009785505943,
        "dvar2": 0.0209508538246,
        "max": 0.899096012115,
        "mean": 0.444016188383,
        "median": 0.459130823612,
        "min": 0.0145125649869,
        "var": 0.0332847610116
    },
    "silence_rate_20dB": {
        "dmean": 0,
        "dmean2": 0,
        "dvar": 0,
        "dvar2": 0,
        "max": 1,
        "mean": 1,
        "median": 1,
        "min": 1,
        "var": 0
    },
    "silence_rate_30dB": {
        "dmean": 0.00316134141758,
        "dmean2": 0.00632339669392,
        "dvar": 0.00315128150396,
        "dvar2": 0.00696070119739,
        "max": 1,
        "mean": 0.996048748493,
        "median": 1,
        "min": 0,
        "var": 0.00393555592746
    },
    "silence_rate_60dB": {
        "dmean": 0.0435813479125,
        "dmean2": 0.0871725380421,
        "dvar": 0.0416782423854,
        "dvar2": 0.0958476141095,
        "max": 1,
        "mean": 0.112892299891,
        "median": 0,
        "min": 0,
        "var": 0.100159041584
    },
    "spectral_centroid": {
        "dmean": 343.96282959,
        "dmean2": 526.306518555,
        "dvar": 146766.390625,
        "dvar2": 325153.40625,
        "max": 11005.2529297,
        "mean": 1608.55786133,
        "median": 1600.24536133,
        "min": 93.6475219727,
        "var": 705817.8125
    },
    "spectral_complexity": {
        "dmean": 5.66218805313,
        "dmean2": 8.5889787674,
        "dvar": 44.6411857605,
        "dvar2": 86.0913162231,
        "max": 59,
        "mean": 21.5975379944,
        "median": 20,
        "min": 0,
        "var": 224.665756226
    },
    "spectral_decrease": {
        "dmean": 2.90119039903e-09,
        "dmean2": 4.44796866006e-09,
        "dvar": 1.36707850323e-17,
        "dvar2": 3.51492501116e-17,
        "max": 2.4288892577e-29,
        "mean": -9.44136502312e-09,
        "median": -9.73262181958e-09,
        "min": -3.6999622921e-08,
        "var": 4.43818331361e-17
    },
    "spectral_energy": {
        "dmean": 0.011299056001,
        "dmean2": 0.0173554662615,
        "dvar": 0.000210540019907,
        "dvar2": 0.000536375679076,
        "max": 0.140717819333,
        "mean": 0.0384015999734,
        "median": 0.0409375950694,
        "min": 1.05012719417e-20,
        "var": 0.000682828424033
    },
    "spectral_energyband_high": {
        "dmean": 0.00102903519291,
        "dmean2": 0.00154364435002,
        "dvar": 2.73191994893e-06,
        "dvar2": 5.99736131335e-06,
        "max": 0.017525209114,
        "mean": 0.00224911700934,
        "median": 0.00106298865285,
        "min": 7.50556626746e-21,
        "var": 8.57543363963e-06
    },
    "spectral_energyband_low": {
        "dmean": 0.00858718436211,
        "dmean2": 0.0127719584852,
        "dvar": 0.00016912985302,
        "dvar2": 0.00042410439346,
        "max": 0.138361603022,
        "mean": 0.0226833336055,
        "median": 0.0147436913103,
        "min": 1.42966965793e-22,
        "var": 0.000588217575569
    },
    "spectral_energyband_middle_high": {
        "dmean": 0.00237770355307,
        "dmean2": 0.00384946493432,
        "dvar": 1.47440905494e-05,
        "dvar2": 3.55548545485e-05,
        "max": 0.0489725954831,
        "mean": 0.00511646270752,
        "median": 0.003296259325,
        "min": 1.56682770445e-21,
        "var": 3.14829703711e-05
    },
    "spectral_energyband_middle_low": {
        "dmean": 0.00671551050618,
        "dmean2": 0.0105847790837,
        "dvar": 0.000134417132358,
        "dvar2": 0.000326901092194,
        "max": 0.104961253703,
        "mean": 0.00901545025408,
        "median": 0.0042429943569,
        "min": 2.81364470569e-22,
        "var": 0.000162997646839
    },
    "spectral_entropy": {
        "dmean": 0.161125510931,
        "dmean2": 0.24606692791,
        "dvar": 0.029863204807,
        "dvar2": 0.0700052604079,
        "max": 9.81561279297,
        "mean": 7.80241298676,
        "median": 8.01145172119,
        "min": 4.10950469971,
        "var": 0.474599182606
    },
    "spectral_flux": {
        "dmean": 0.036418966949,
        "dmean2": 0.0558839924634,
        "dvar": 0.00162222469226,
        "dvar2": 0.00337224267423,
        "max": 0.334473639727,
        "mean": 0.0970676392317,
        "median": 0.0864239037037,
        "min": 1.02475715413e-10,
        "var": 0.00409071519971
    },
    "spectral_kurtosis": {
        "dmean": 2.98516631126,
        "dmean2": 4.98456287384,
        "dvar": 171.160354614,
        "dvar2": 470.689147949,
        "max": 316.168426514,
        "mean": 6.68243026733,
        "median": 2.64699101448,
        "min": -1.22527730465,
        "var": 340.613922119
    },
    "spectral_rms": {
        "dmean": 0.000952044792939,
        "dmean2": 0.00141465256456,
        "dvar": 1.33250398449e-06,
        "dvar2": 2.98428903989e-06,
        "max": 0.0117168975994,
        "mean": 0.00554284034297,
        "median": 0.00631974032149,
        "min": 3.2008035545e-12,
        "var": 6.74178818372e-06
    },
    "spectral_rolloff": {
        "dmean": 803.041320801,
        "dmean2": 1291.36853027,
        "dvar": 1487639.875,
        "dvar2": 3247597.75,
        "max": 19013.8183594,
        "mean": 1690.4074707,
        "median": 861.328125,
        "min": 43.06640625,
        "var": 4256234.5
    },
    "spectral_skewness": {
        "dmean": 0.259839981794,
        "dmean2": 0.421543627977,
        "dvar": 0.356661349535,
        "dvar2": 0.988815069199,
        "max": 15.4068117142,
        "mean": 1.64327025414,
        "median": 1.31694340706,
        "min": -0.00667405407876,
        "var": 1.56286203861
    },
    "spectral_spread": {
        "dmean": 613072.6875,
        "dmean2": 862463.3125,
        "dvar": 489489367040,
        "dvar2": 875396923392,
        "max": 41559456,
        "mean": 5428318,
        "median": 5497658.5,
        "min": 272869.8125,
        "var": 3.25855739904e+12
    },
    "spectral_strongpeak": {
        "dmean": 0.329969853163,
        "dmean2": 0.538475871086,
        "dvar": 0.446001201868,
        "dvar2": 1.07973432541,
        "max": 11.8892650604,
        "mean": 0.669176578522,
        "median": 0.433521389961,
        "min": 0,
        "var": 0.828380763531
    },
    "zerocrossingrate": {
        "dmean": 0.0148180704564,
        "dmean2": 0.0160262770951,
        "dvar": 0.000260439148406,
        "dvar2": 0.000275873753708,
        "max": 0.75634765625,
        "mean": 0.0665195807815,
        "median": 0.05712890625,
        "min": 0.00146484375,
        "var": 0.00297853001393
    },
    "barkbands": {
        "dmean": [0.000665285275318, 0.00742737203836, 0.00226741842926, 0.00151288043708, 0.00362767069601, 0.00110705487896, 0.000700022559613, 0.000721776043065, 0.00064835808007, 0.000575371726882, 0.000462532741949, 0.000306479196297, 0.000482258299598, 0.000344666535966, 0.000285829883069, 0.000308464310365, 0.000308875838527, 0.00023633420642, 0.000239878572756, 0.000212805956835, 0.000243340138695, 0.000167012578459, 0.000154339562869, 0.000249302247539, 0.000175199907972, 0.000118141600979, 1.79744183697e-05],
        "dmean2": [0.000916817982215, 0.0109517835081, 0.00361538957804, 0.00267706089653, 0.00608127657324, 0.0018446521135, 0.00115214264952, 0.00110564182978, 0.0010793840047, 0.000933039234951, 0.000760264054406, 0.000492357416078, 0.00085131265223, 0.000577246421017, 0.000481803290313, 0.00051801285008, 0.000532526755705, 0.000392539659515, 0.000412121094996, 0.00035461151856, 0.000418580631958, 0.000251363962889, 0.000227830081712, 0.000375802395865, 0.000245653092861, 0.000178556801984, 2.74529102171e-05],
        "dvar": [2.06374897971e-06, 0.000147961225593, 3.49016991095e-05, 1.93842279259e-05, 7.76048691478e-05, 9.59037788562e-06, 2.25780740948e-06, 2.95859558719e-06, 2.06898698707e-06, 2.39795758716e-06, 1.4518077478e-06, 7.01970066075e-07, 1.59382295806e-06, 5.382062227e-07, 3.3246058706e-07, 3.97555368181e-07, 3.02489723936e-07, 1.36665178729e-07, 1.9139487506e-07, 1.16802787886e-07, 1.95326677499e-07, 6.63837553816e-08, 6.05725531955e-08, 2.15351377619e-07, 1.02168080218e-07, 4.5619632516e-08, 1.16446619014e-09],
        "dvar2": [3.53204882231e-06, 0.000365943618817, 8.71867014212e-05, 5.37254491064e-05, 0.000200494177989, 2.53279958997e-05, 5.17737089467e-06, 6.43363318886e-06, 5.20810726812e-06, 5.53214476895e-06, 3.20973049384e-06, 1.41710154367e-06, 4.3181212277e-06, 1.36645007842e-06, 8.65994195465e-07, 1.02041133232e-06, 8.10591018308e-07, 3.55756242243e-07, 5.32099079464e-07, 3.03351185948e-07, 5.58449983146e-07, 1.44661200352e-07, 1.22240365386e-07, 4.96310349263e-07, 1.8550097991e-07, 1.0960087593e-07, 2.68609712251e-09],
        "max": [0.0412135645747, 0.136257871985, 0.0570490509272, 0.05225469172, 0.0710345804691, 0.0879584625363, 0.0302521251142, 0.0447514653206, 0.0313487909734, 0.0398228950799, 0.0355660691857, 0.0339994728565, 0.0456004552543, 0.0218459069729, 0.0109354928136, 0.0197484251112, 0.0138904638588, 0.00396469794214, 0.00678346585482, 0.00527342176065, 0.00604464765638, 0.00385515741073, 0.00388866406865, 0.00528694596142, 0.00534362159669, 0.00272857723758, 0.000433384615462],
        "mean": [0.00184887391515, 0.0174477957189, 0.00286104832776, 0.00127210456412, 0.00331767112948, 0.00138529727701, 0.000930969137698, 0.00106152042281, 0.000799493747763, 0.000763692951296, 0.000647170178127, 0.000445424433565, 0.000533063488547, 0.000496813852806, 0.000419653661083, 0.000495340267662, 0.000459106988274, 0.000403127050959, 0.000395986629883, 0.000386641069781, 0.000420695723733, 0.000368610140868, 0.000328572408762, 0.000437328300904, 0.000301596272038, 0.000154452922288, 1.95424981939e-05],
        "median": [0.000231333091506, 0.00800697412342, 0.000378991418984, 0.000190538397874, 0.000487198849441, 0.000316792022204, 0.000233573955484, 0.000236068575759, 0.00025292855571, 0.000232089980273, 0.000233847007621, 0.000184795557288, 0.000179704889888, 0.000211400620174, 0.000182018295163, 0.000209350866498, 0.000226462710998, 0.00022514477314, 0.000212480517803, 0.000180586474016, 0.000209438774618, 0.000177047419129, 0.000155402842211, 0.000157104746904, 9.90643457044e-05, 4.59446346213e-05, 3.30320722242e-06],
        "min": [5.50813544264e-23, 7.50849042969e-23, 2.19216825165e-23, 8.79536443086e-24, 2.88982626549e-23, 4.00728465642e-23, 1.03782704774e-22, 4.53698077291e-23, 4.72477132021e-23, 9.88935846971e-23, 5.0939607482e-23, 7.97884338017e-23, 1.92129206546e-22, 1.25388178707e-22, 1.70693735293e-22, 2.37313417393e-22, 9.95349412348e-23, 9.79967445112e-23, 2.31956761545e-22, 4.5310272081e-22, 3.3364848005e-22, 3.31170724744e-22, 6.84855615454e-22, 7.83701881119e-22, 1.26135158041e-21, 1.62626565998e-21, 2.52678898067e-21],
        "var": [1.37345232361e-05, 0.000429775886005, 4.20254800702e-05, 1.33392595671e-05, 7.04237536411e-05, 1.05573335532e-05, 4.3978834583e-06, 5.71495047552e-06, 2.75278080153e-06, 3.97987514589e-06, 2.64677032646e-06, 1.30735668336e-06, 1.53432927164e-06, 8.70363635386e-07, 5.00235159961e-07, 9.33910655476e-07, 5.23283119946e-07, 2.37788114532e-07, 2.61477310914e-07, 2.45301578161e-07, 3.10304187678e-07, 2.33954921214e-07, 2.04865216347e-07, 5.38981396403e-07, 2.87529644538e-07, 6.58403322973e-08, 1.47240719617e-09]
    },
    "erbbands": {
        "dmean": [0.280508637428, 1.44655120373, 2.67486715317, 3.60946249962, 8.98807239532, 13.6045055389, 9.7608089447, 10.2909011841, 10.1038942337, 14.1073255539, 11.6505451202, 16.2896213531, 17.4159355164, 14.7507190704, 18.8808231354, 11.8102254868, 21.3188266754, 17.8945789337, 15.3846235275, 15.4849061966, 14.9702301025, 16.4607963562, 12.8736610413, 13.6415014267, 11.0380783081, 9.70973300934, 9.27740287781, 9.32671260834, 6.47404909134, 4.82863283157, 5.05969429016, 5.68991851807, 3.71741843224, 2.26594829559, 1.097397089, 0.60307765007, 0.187229290605, 0.0416470952332, 0.00281363306567, 5.65419686609e-05],
        "dmean2": [0.405252724886, 2.15078759193, 4.040371418, 6.08396100998, 14.2294006348, 24.6645698547, 16.9916763306, 16.6143932343, 16.3635463715, 21.9469776154, 18.3016624451, 26.9649124146, 28.3025970459, 24.0476665497, 30.9258098602, 19.1262722015, 37.4271850586, 29.9902992249, 25.7946224213, 26.288028717, 25.2407131195, 28.3593177795, 21.4099597931, 23.134355545, 19.0328083038, 16.1766738892, 15.7052459717, 15.9606256485, 10.1163873672, 7.33549022675, 7.62287855148, 8.96491527557, 5.48603487015, 3.23594594002, 1.56509208679, 0.918154001236, 0.27576559782, 0.0624655112624, 0.00426824390888, 8.32690784591e-05],
        "dvar": [0.25956377387, 6.59120750427, 39.1613388062, 102.747314453, 431.935272217, 1451.03381348, 903.556945801, 621.137634277, 499.261657715, 944.736938477, 905.406616211, 1303.34143066, 1896.20031738, 1561.81384277, 2655.32739258, 668.27557373, 3270.65112305, 1427.38317871, 871.157043457, 881.706237793, 808.724609375, 889.987609863, 412.368621826, 622.071533203, 364.004455566, 249.073867798, 262.983917236, 298.267883301, 107.907821655, 59.7996292114, 69.2514343262, 121.627006531, 46.9944534302, 18.8430233002, 3.4896838665, 1.18346965313, 0.114294797182, 0.00578900938854, 2.85324204015e-05, 7.9974826761e-09],
        "dvar2": [0.636102497578, 15.091334343, 94.6084899902, 269.376617432, 1014.98620605, 4057.64624023, 2376.66137695, 1522.80737305, 1086.36987305, 2041.39660645, 2204.17260742, 3258.65405273, 4638.17041016, 3570.97631836, 5943.69775391, 1493.5255127, 8895.33007812, 3566.03955078, 2243.73535156, 2320.32128906, 2145.2175293, 2405.34570312, 1056.4050293, 1694.89099121, 994.576416016, 649.622070312, 722.673400879, 854.852233887, 250.661132812, 130.293609619, 144.858856201, 296.687133789, 97.3627700806, 36.5940551758, 6.46439695358, 2.74730110168, 0.273304402828, 0.0138183794916, 6.4477462729e-05, 1.79590635696e-08],
        "max": [5.73051214218, 30.9937839508, 59.8333511353, 101.30506897, 200.678039551, 327.208129883, 673.926696777, 635.362182617, 540.43548584, 665.674621582, 1103.00805664, 723.174255371, 923.016906738, 1113.70410156, 1816.00134277, 748.574584961, 1999.00231934, 1194.93151855, 484.398345947, 590.862976074, 735.833740234, 530.130432129, 246.462280273, 501.463317871, 238.141677856, 289.863922119, 246.46572876, 273.841552734, 193.483581543, 123.25579071, 118.444412231, 115.570098877, 86.6138305664, 66.0074920654, 36.112663269, 16.5699443817, 3.95677876472, 0.776866853237, 0.0764381811023, 0.00131985463668],
        "mean": [0.702116549015, 3.0365998745, 4.08392953873, 3.73873901367, 8.4015045166, 10.8459539413, 9.56715679169, 13.7286090851, 14.1819677353, 20.656747818, 15.8552598953, 20.2965602875, 23.700460434, 20.593667984, 27.0803413391, 18.2064208984, 24.6123657227, 26.1553001404, 24.002576828, 24.4692192078, 25.2219982147, 25.5010128021, 22.7135467529, 22.1460094452, 18.4557189941, 17.6797981262, 17.3508167267, 15.9199380875, 13.7133483887, 10.1969966888, 10.0447216034, 9.78835964203, 6.62665700912, 3.87422251701, 1.85579288006, 0.826636850834, 0.245456546545, 0.0496169626713, 0.00311451568268, 0.000104749677121],
        "median": [0.183937355876, 1.29717540741, 0.767849087715, 0.868306934834, 1.11737656593, 1.52006351948, 2.12896823883, 2.89121580124, 3.4646692276, 4.62059497833, 5.30089998245, 6.47417640686, 7.40374135971, 8.48622131348, 10.2389631271, 8.60823059082, 9.2403087616, 11.811132431, 11.4105167389, 12.0629787445, 12.7671775818, 13.506149292, 12.6842813492, 11.2569446564, 10.3581447601, 8.37535858154, 8.89035606384, 7.42738056183, 6.42206192017, 4.89347743988, 4.46472358704, 3.60884571075, 2.28618478775, 1.24248754978, 0.630505979061, 0.239917904139, 0.0763358622789, 0.0142576992512, 0.000527057796717, 7.58181558922e-05],
        "min": [4.17687960314e-21, 9.76318126601e-21, 2.28522021279e-20, 3.15637129102e-20, 1.09209761143e-19, 5.10598138796e-20, 9.0527576816e-20, 5.14904576774e-19, 1.56875454575e-18, 8.92712549016e-19, 1.20390492649e-18, 1.09326217834e-18, 1.85141074306e-18, 3.42376218031e-18, 1.91267877026e-18, 4.47419346352e-18, 7.86215237179e-18, 4.61668194148e-18, 1.07098457076e-17, 9.94417259103e-18, 1.15032624619e-17, 5.87567647638e-18, 5.73243195534e-18, 8.38772969812e-18, 1.45860115765e-17, 2.1657312281e-17, 2.02011054804e-17, 8.08858148395e-18, 1.18265544238e-17, 1.42162552252e-17, 2.24863921003e-17, 1.74663802008e-17, 1.264495865e-17, 1.03863527408e-17, 1.07829254604e-17, 5.41367087526e-18, 3.07392123628e-18, 1.20356071596e-18, 3.45985842939e-19, 3.9648663459e-20],
        "var": [1.07005727291, 15.4997711182, 60.5241508484, 88.0107879639, 450.435455322, 998.732910156, 790.715026855, 942.635498047, 1162.45568848, 1950.86157227, 1105.13842773, 1825.52038574, 3078.5612793, 2557.20385742, 4606.01367188, 1193.89050293, 3090.32763672, 2322.18774414, 1447.84301758, 1493.06469727, 1661.72473145, 1345.86035156, 769.874145508, 965.208740234, 519.68762207, 508.911499023, 502.651672363, 460.341644287, 330.226654053, 186.867218018, 210.719650269, 259.569671631, 130.731506348, 49.6777648926, 9.68599796295, 1.92506790161, 0.16493140161, 0.00745248096064, 3.74851042579e-05, 1.40890108469e-08]
    },
    "gfcc": {
        "mean": [-23.1719055176, 65.4051513672, -102.51889801, 34.5788536072, -50.3065948486, 21.4951171875, -30.2406539917, 16.2066631317, -16.3103065491, 7.78413486481, -12.4998378754, 5.22505712509, -8.15658950806],
        "cov": [[37030.5351562, -6133.44921875, -1360.78491211, 1472.93530273, -987.747192383, 1958.92675781, -587.881347656, 924.084289551, -1252.29296875, 915.03302002, -474.568695068, 803.121154785, -490.849487305], [-6133.44921875, 3416.53173828, 692.516418457, -32.6861801147, 555.07635498, -428.193237305, 253.230941772, -259.471832275, 461.569030762, -361.516387939, 185.454864502, -317.5027771, 218.602523804], [-1360.78491211, 692.516418457, 1037.74047852, 267.682067871, 377.740875244, 45.7568817139, 99.6152267456, -0.943131804466, 73.9324493408, -60.6976966858, -9.77219104767, -57.7999572754, 6.77957057953], [1472.93530273, -32.6861801147, 267.682067871, 500.822906494, 237.555404663, 290.061340332, 123.387718201, 113.480888367, 7.15202569962, 41.9402961731, 1.01797509193, 17.131072998, 2.48208189011], [-987.747192383, 555.07635498, 377.740875244, 237.555404663, 434.17590332, 126.513534546, 213.455795288, 40.0466041565, 119.299407959, -24.7485313416, 50.4443321228, -34.0647125244, 42.9967918396], [1958.92675781, -428.193237305, 45.7568817139, 290.061340332, 126.513534546, 377.420166016, 155.622451782, 165.159713745, -49.0938224792, 78.4730224609, -1.56319952011, 63.0711212158, -18.021440506], [-587.881347656, 253.230941772, 99.6152267456, 123.387718201, 213.455795288, 155.622451782, 273.852996826, 104.033096313, 94.3458480835, -3.54044628143, 54.1134490967, -7.33817577362, 36.7327346802], [924.084289551, -259.471832275, -0.943131804466, 113.480888367, 40.0466041565, 165.159713745, 104.033096313, 169.448394775, 34.6466293335, 76.7422485352, 6.3969335556, 52.2525367737, -0.328896611929], [-1252.29296875, 461.569030762, 73.9324493408, 7.15202569962, 119.299407959, -49.0938224792, 94.3458480835, 34.6466293335, 196.016479492, 22.6000900269, 69.9328689575, -27.0225772858, 55.3183326721], [915.03302002, -361.516387939, -60.6976966858, 41.9402961731, -24.7485313416, 78.4730224609, -3.54044628143, 76.7422485352, 22.6000900269, 161.012084961, 49.3438148499, 78.9479446411, -16.2063941956], [-474.568695068, 185.454864502, -9.77219104767, 1.01797509193, 50.4443321228, -1.56319952011, 54.1134490967, 6.3969335556, 69.9328689575, 49.3438148499, 123.428520203, 48.7385749817, 48.4711647034], [803.121154785, -317.5027771, -57.7999572754, 17.131072998, -34.0647125244, 63.0711212158, -7.33817577362, 52.2525367737, -27.0225772858, 78.9479446411, 48.7385749817, 132.980178833, 36.6914100647], [-490.849487305, 218.602523804, 6.77957057953, 2.48208189011, 42.9967918396, -18.021440506, 36.7327346802, -0.328896611929, 55.3183326721, -16.2063941956, 48.4711647034, 36.6914100647, 109.306335449]],
        "icov": [[8.04675946711e-05, -0.000102032208815, 0.000108709697088, -0.000151132713654, 9.10423477762e-05, -0.000305264344206, 0.0002834906918, -0.000249092059676, 0.000360692414688, -0.000331190909492, 0.000309950555675, -0.000251178920735, 9.51553229243e-05], [-0.000102032208815, 0.00156472460367, -0.000548264652025, -3.760861091e-06, -0.00055108545348, 0.000990067492239, -0.000407310959417, 0.000963073165622, -0.00225825118832, 0.00279653770849, -0.00275775510818, 0.00227482570335, -0.00101680844091], [0.000108709697088, -0.000548264652025, 0.00190138153266, -0.000774208689108, -0.00137779559009, 0.000204762793146, 0.000885169953108, -0.000899149570614, 0.00106282194611, -0.0006822765572, 0.00142786686774, -0.00123889918905, 0.000903511303477], [-0.000151132713654, -3.760861091e-06, -0.000774208689108, 0.00555834081024, -0.00190200959332, -0.00392139190808, 0.00182489014696, -0.000165339151863, -0.000859852472786, 0.000278223160421, -0.000568469346035, 0.00154844392091, -0.00105273642112], [9.10423477762e-05, -0.00055108545348, -0.00137779559009, -0.00190200959332, 0.00788888521492, -0.00191941438243, -0.00397781422362, 0.00364622054622, -0.00241678021848, -0.000631576986052, 0.00145855557639, -0.00176893197931, 0.000644151354209], [-0.000305264344206, 0.000990067492239, 0.000204762793146, -0.00392139190808, -0.00191941438243, 0.0143436864018, -0.00591042498127, -0.0053553879261, 0.00586604187265, -0.00125914241653, -0.00203170790337, 0.00230377796106, -0.0012123110937], [0.0002834906918, -0.000407310959417, 0.000885169953108, 0.00182489014696, -0.00397781422362, -0.00591042498127, 0.0139321582392, -0.00729406252503, -0.000718357856385, 0.00382657768205, -0.00438054278493, 0.002055097837, 6.12264193478e-05], [-0.000249092059676, 0.000963073165622, -0.000899149570614, -0.000165339151863, 0.00364622054622, -0.0053553879261, -0.00729406252503, 0.0225055459887, -0.0114047583193, -0.00133569678292, 0.0069418377243, -0.00697253178805, 0.00205251644365], [0.000360692414688, -0.00225825118832, 0.00106282194611, -0.000859852472786, -0.00241678021848, 0.00586604187265, -0.000718357856385, -0.0114047583193, 0.0227644592524, -0.0116201117635, -0.0019266147865, 0.0081834718585, -0.00692175282165], [-0.000331190909492, 0.00279653770849, -0.0006822765572, 0.000278223160421, -0.000631576986052, -0.00125914241653, 0.00382657768205, -0.00133569678292, -0.0116201117635, 0.0232440624386, -0.0105995824561, -0.00478516658768, 0.00734047498554], [0.000309950555675, -0.00275775510818, 0.00142786686774, -0.000568469346035, 0.00145855557639, -0.00203170790337, -0.00438054278493, 0.0069418377243, -0.0019266147865, -0.0105995824561, 0.0247698705643, -0.012588548474, 6.08396912867e-05], [-0.000251178920735, 0.00227482570335, -0.00123889918905, 0.00154844392091, -0.00176893197931, 0.00230377796106, 0.002055097837, -0.00697253178805, 0.0081834718585, -0.00478516658768, -0.012588548474, 0.0280014947057, -0.0139397559687], [9.51553229243e-05, -0.00101680844091, 0.000903511303477, -0.00105273642112, 0.000644151354209, -0.0012123110937, 6.12264193478e-05, 0.00205251644365, -0.00692175282165, 0.00734047498554, 6.08396912867e-05, -0.0139397559687, 0.0203532222658]]
    },
    "melbands": {
        "dmean": [0.00223013944924, 0.00143344746903, 0.000751339306589, 0.000834677135572, 0.000404278747737, 0.000222365692025, 0.000146696911543, 0.000161418487551, 9.18075238587e-05, 0.000103691927507, 8.85388872121e-05, 6.26204200671e-05, 5.97167199885e-05, 4.03548474424e-05, 3.80964120268e-05, 4.90008824272e-05, 3.44054897141e-05, 2.66683437076e-05, 2.19910616579e-05, 2.51536803262e-05, 1.73548305611e-05, 1.92124880414e-05, 1.3618497178e-05, 1.13670703286e-05, 1.18618399938e-05, 8.68753613759e-06, 7.84481198934e-06, 6.90567321726e-06, 6.10236156717e-06, 6.544072221e-06, 5.31026353201e-06, 4.2537144509e-06, 3.17386547977e-06, 2.67655286734e-06, 2.91722381007e-06, 3.41181021213e-06, 3.63358685718e-06, 2.81032316707e-06, 2.23542338063e-06, 1.90892296814e-06],
        "dmean2": [0.00325974705629, 0.00211411505006, 0.00121466326527, 0.00140959245618, 0.000709388346877, 0.00036116730189, 0.00023941406107, 0.000248360651312, 0.000146025369759, 0.000172419691808, 0.000143710436532, 0.000101802841527, 9.89094332908e-05, 6.40562211629e-05, 6.63261598675e-05, 8.58530911501e-05, 5.73414399696e-05, 4.4784432248e-05, 3.7267429434e-05, 4.22431621701e-05, 2.93635966955e-05, 3.31106020894e-05, 2.30099940381e-05, 1.89086385944e-05, 2.01897746592e-05, 1.5068589164e-05, 1.33647517941e-05, 1.14910617413e-05, 1.03690781543e-05, 1.11444705908e-05, 9.17263150768e-06, 6.85445229465e-06, 4.84023757963e-06, 4.18388117396e-06, 4.46956573796e-06, 5.40119890502e-06, 5.69701069253e-06, 4.29657256973e-06, 3.2070151974e-06, 2.84262659989e-06],
        "dvar": [1.39898584166e-05, 7.65884396969e-06, 3.19368132295e-06, 4.29865576734e-06, 1.26718464344e-06, 2.96816466516e-07, 1.00141882342e-07, 1.31777639467e-07, 5.95886078258e-08, 5.52090106964e-08, 5.21304599488e-08, 2.85717689508e-08, 2.24530083415e-08, 1.3719755998e-08, 7.10816783211e-09, 1.83964985467e-08, 5.94279248034e-09, 2.80349610193e-09, 2.2427488755e-09, 2.90911295053e-09, 1.0714420462e-09, 1.28236932184e-09, 4.73238670473e-10, 3.30318689068e-10, 4.99049079838e-10, 2.78469608483e-10, 1.62218516397e-10, 1.41029229961e-10, 1.19890236627e-10, 1.26281332613e-10, 1.04017315594e-10, 5.06785412246e-11, 2.46401822557e-11, 1.93912334107e-11, 2.36875900839e-11, 3.37177646914e-11, 5.23605950264e-11, 2.62205240159e-11, 1.98914582722e-11, 1.40244274527e-11],
        "dvar2": [3.483020555e-05, 1.73267180799e-05, 8.04047976999e-06, 1.1352153706e-05, 3.26520739691e-06, 7.44627811855e-07, 2.2577150105e-07, 2.75090428659e-07, 1.43393947383e-07, 1.38056208243e-07, 1.25560447373e-07, 6.53647589388e-08, 5.1449113414e-08, 2.70663935709e-08, 1.94460056946e-08, 4.79630486439e-08, 1.47198129241e-08, 7.24381976624e-09, 6.01714633675e-09, 7.21172854767e-09, 2.85910473075e-09, 3.45968342863e-09, 1.22864307617e-09, 8.50137349406e-10, 1.36142563889e-09, 7.74055319841e-10, 4.24410367961e-10, 3.72945507809e-10, 3.28692184581e-10, 3.53294477007e-10, 3.00344416004e-10, 1.30294927625e-10, 5.33152896831e-11, 4.48596125524e-11, 5.12055432778e-11, 8.05955926997e-11, 1.28546076561e-10, 5.79956395408e-11, 3.62948733568e-11, 3.00322752778e-11],
        "max": [0.0381496064365, 0.0285495445132, 0.0203201081604, 0.0176182296127, 0.0220655314624, 0.0147928753868, 0.0069743739441, 0.007496106904, 0.00772345950827, 0.00489793065935, 0.00520363356918, 0.00415457366034, 0.00484249647707, 0.00470822118223, 0.00114253617357, 0.00625442154706, 0.00274253846146, 0.000921726226807, 0.000866550311912, 0.00184667308349, 0.000753583095502, 0.000710277119651, 0.000327802379616, 0.000222087706788, 0.000496129738167, 0.000250619545113, 0.000188846155652, 0.000276154023595, 0.00020466571732, 0.000228952703765, 0.00015049270587, 0.000164288445376, 7.43080599932e-05, 7.76305896579e-05, 6.99824086041e-05, 5.99869708822e-05, 7.96185195213e-05, 6.13211304881e-05, 8.12812868389e-05, 4.99734778714e-05],
        "mean": [0.00543762464076, 0.00283140130341, 0.000781386333983, 0.000734033819754, 0.000378573749913, 0.000297735794447, 0.000199715068447, 0.000238692533458, 0.000120043798233, 0.000127559178509, 0.000118447911518, 8.41374712763e-05, 8.39541098685e-05, 6.01920328336e-05, 4.66435885755e-05, 5.49616997887e-05, 4.8889167374e-05, 3.91333232983e-05, 3.03617907775e-05, 3.92673682654e-05, 2.68235708063e-05, 2.77612216451e-05, 2.19396733883e-05, 1.84698619705e-05, 1.80352053576e-05, 1.36775715873e-05, 1.24433263409e-05, 1.18009093057e-05, 1.07296245915e-05, 1.08702279249e-05, 8.48341915116e-06, 8.1676098489e-06, 6.35735796095e-06, 5.24238930666e-06, 5.44923568668e-06, 6.16170791545e-06, 5.96058043811e-06, 4.85401460537e-06, 3.79748053092e-06, 3.1005395158e-06],
        "median": [0.00214964756742, 0.000981357181445, 0.00017630799266, 0.000102881109342, 7.72917992435e-05, 6.45117252134e-05, 5.00621317769e-05, 4.88064615638e-05, 3.97308394895e-05, 3.74060364265e-05, 3.40195219906e-05, 3.09117458528e-05, 3.19965110975e-05, 2.45080755121e-05, 1.72653817572e-05, 1.82213625521e-05, 2.0038405637e-05, 1.72809232026e-05, 1.41226846608e-05, 1.50526193465e-05, 1.36057378768e-05, 1.36200051202e-05, 1.10134014903e-05, 1.03126458271e-05, 8.55148573464e-06, 7.60915645515e-06, 5.84296140005e-06, 5.21515903529e-06, 5.3619442042e-06, 4.89385820401e-06, 3.90900004277e-06, 3.62182458957e-06, 3.07393202092e-06, 2.46067793341e-06, 2.47098569162e-06, 2.44185594056e-06, 2.08331425711e-06, 1.66674021784e-06, 1.19186734082e-06, 9.31872079946e-07],
        "min": [3.19582351736e-23, 1.20698653061e-23, 8.17670736568e-24, 5.4814126217e-24, 3.08317212905e-24, 1.23794869006e-23, 2.1695022268e-23, 8.70283499098e-24, 9.63584366055e-24, 6.57554889218e-24, 1.03044316767e-23, 1.5186579012e-23, 6.50884518062e-24, 7.66926627751e-24, 1.62137200868e-23, 1.64369519458e-23, 7.16208314686e-24, 1.83929956692e-23, 1.32630063812e-23, 1.6707991931e-23, 1.18593467295e-23, 5.74010141177e-24, 4.14497732976e-24, 6.13653793766e-24, 6.51151508035e-24, 8.79786511993e-24, 1.20040908727e-23, 1.56595200574e-23, 1.25684758853e-23, 9.17391038028e-24, 3.34455764012e-24, 5.82552873692e-24, 7.97920183857e-24, 7.7278013344e-24, 1.29971010916e-23, 1.15297109451e-23, 1.06184811474e-23, 7.98250006601e-24, 1.05636963352e-23, 7.73812989023e-24],
        "var": [4.87991237605e-05, 1.66904919752e-05, 2.92229515253e-06, 3.69203053197e-06, 1.12960185561e-06, 4.20302342263e-07, 2.12258754573e-07, 2.86975449626e-07, 6.99203752674e-08, 7.85886911103e-08, 8.59951541088e-08, 4.60584317352e-08, 3.83862150954e-08, 2.58864574221e-08, 8.25896062651e-09, 2.01758876273e-08, 9.96937021824e-09, 4.33348734674e-09, 2.77316014596e-09, 7.27275351053e-09, 1.95982252649e-09, 1.96407290431e-09, 8.33443369874e-10, 5.31055532882e-10, 7.51512851949e-10, 3.41688427552e-10, 2.72754901998e-10, 2.59460147811e-10, 2.04558106565e-10, 2.298961993e-10, 1.41716902102e-10, 1.28084709505e-10, 7.35965247078e-11, 5.23345290715e-11, 6.34916633158e-11, 8.62437135596e-11, 1.04864422701e-10, 6.9076848408e-11, 5.10218013672e-11, 3.24503306171e-11]
    },
    "mfcc": {
        "mean": [-655.50958252, 91.0384521484, 10.297460556, 20.478427887, 8.80723381042, 9.52056503296, 4.8365945816, 8.89992332458, 5.76945781708, 5.89720678329, 2.34008145332, 4.97524356842, 1.14175617695],
        "cov": [[20735.4355469, -1656.65490723, -1075.73608398, -120.942237854, -76.2670211792, 224.788299561, 115.07497406, 35.3204650879, -76.0982818604, 22.6890087128, -19.4106311798, 120.137107849, -115.897224426], [-1656.65490723, 2074.03955078, 303.580993652, 253.394271851, 188.427398682, 13.1225118637, -56.0415496826, 60.5293426514, 78.3539733887, 31.1121635437, 21.8549480438, 15.0227613449, -1.76958024502], [-1075.73608398, 303.580993652, 634.578674316, 233.431762695, 211.647842407, 76.0757369995, 49.7170448303, 38.7099151611, 42.8773880005, 15.3392658234, 6.29436302185, -20.8083744049, -17.2723789215], [-120.942237854, 253.394271851, 233.431762695, 314.435882568, 217.193145752, 151.643798828, 99.1903152466, 88.7718200684, 79.9796905518, 54.8605079651, 38.4321975708, 29.263841629, 15.6118326187], [-76.2670211792, 188.427398682, 211.647842407, 217.193145752, 263.990478516, 151.693527222, 99.593421936, 77.5859680176, 70.5463485718, 40.0722351074, 30.2580871582, 24.4992408752, 13.4281826019], [224.788299561, 13.1225118637, 76.0757369995, 151.643798828, 151.693527222, 208.936828613, 168.859817505, 111.575408936, 72.3275680542, 56.2249717712, 42.850769043, 32.2112121582, 33.7000846863], [115.07497406, -56.0415496826, 49.7170448303, 99.1903152466, 99.593421936, 168.859817505, 234.265884399, 148.819000244, 76.4570083618, 52.5882034302, 40.7851104736, 26.3869991302, 40.3286552429], [35.3204650879, 60.5293426514, 38.7099151611, 88.7718200684, 77.5859680176, 111.575408936, 148.819000244, 170.658721924, 105.244728088, 58.0215034485, 34.6800117493, 20.1165771484, 25.7818012238], [-76.0982818604, 78.3539733887, 42.8773880005, 79.9796905518, 70.5463485718, 72.3275680542, 76.4570083618, 105.244728088, 128.764953613, 76.6687469482, 36.906627655, 19.0574932098, 12.3762378693], [22.6890087128, 31.1121635437, 15.3392658234, 54.8605079651, 40.0722351074, 56.2249717712, 52.5882034302, 58.0215034485, 76.6687469482, 101.818847656, 64.3516998291, 29.2803459167, 14.1050596237], [-19.4106311798, 21.8549480438, 6.29436302185, 38.4321975708, 30.2580871582, 42.850769043, 40.7851104736, 34.6800117493, 36.906627655, 64.3516998291, 88.3273849487, 53.2057533264, 27.3355693817], [120.137107849, 15.0227613449, -20.8083744049, 29.263841629, 24.4992408752, 32.2112121582, 26.3869991302, 20.1165771484, 19.0574932098, 29.2803459167, 53.2057533264, 83.3496780396, 53.4864387512], [-115.897224426, -1.76958024502, -17.2723789215, 15.6118326187, 13.4281826019, 33.7000846863, 40.3286552429, 25.7818012238, 12.3762378693, 14.1050596237, 27.3355693817, 53.4864387512, 98.1658782959]],
