{
"lowlevel": {
    "average_loudness": 0.787488877773,
    "barkbands_crest": {
        "dmean": 3.22263407707,
        "dmean2": 5.04417085648,
        "dvar": 10.4342756271,
        "dvar2": 23.8949890137,
        "max": 26.5869350433,
        "mean": 12.9159288406,
        "median": 12.0711088181,
        "min": 2.10970783234,
        "var": 37.5430679321
    },
    "barkbands_flatness_db": {
        "dmean": 0.0311183575541,
        "dmean2": 0.046516187489,
        "dvar": 0.00113895197865,
        "dvar2": 0.00247728265822,
        "max": 0.737690985203,
        "mean": 0.134014844894,
        "median": 0.116410568357,
        "min": 0.0161832552403,
        "var": 0.0048053492792
    },
    "barkbands_kurtosis": {
        "dmean": 9.77463912964,
        "dmean2": 14.8103542328,
        "dvar": 595.485107422,
        "dvar2": 1397.70776367,
        "max": 581.822937012,
        "mean": 15.8198566437,
        "median": 3.65753602982,
        "min": -1.93157434464,
        "var": 1460.68859863
    },
    "barkbands_skewness": {
        "dmean": 0.985290527344,
        "dmean2": 1.44937026501,
        "dvar": 1.56170248985,
        "dvar2": 3.39736270905,
        "max": 21.5970096588,
        "mean": 2.6752474308,
        "median": 1.93636679649,
        "min": -2.57947731018,
        "var": 6.59217166901
    },
    "barkbands_spread": {
        "dmean": 10.0272264481,
        "dmean2": 15.37641716,
        "dvar": 143.64982605,
        "dvar2": 320.015472412,
        "max": 113.585136414,
        "mean": 26.4432277679,
        "median": 23.309223175,
        "min": 0.110766232014,
        "var": 330.797149658
    },
    "dissonance": {
        "dmean": 0.0165447983891,
        "dmean2": 0.0276858191937,
        "dvar": 0.000270577613264,
        "dvar2": 0.000716856739018,
        "max": 0.500000178814,
        "mean": 0.46898663044,
        "median": 0.474369585514,
        "min": 0.254453480244,
        "var": 0.000525318377186
    },
    "dynamic_complexity": 3.39949011803,
    "erbbands_crest": {
        "dmean": 2.57801914215,
        "dmean2": 4.03060007095,
        "dvar": 7.06456184387,
        "dvar2": 15.0387477875,
        "max": 30.3575668335,
        "mean": 7.75937509537,
        "median": 6.44120073318,
        "min": 2.06262946129,
        "var": 18.4066371918
    },
    "erbbands_flatness_db": {
        "dmean": 0.0157286524773,
        "dmean2": 0.0230995174497,
        "dvar": 0.000272068282356,
        "dvar2": 0.0005504785222,
        "max": 0.483807981014,
        "mean": 0.115617886186,
        "median": 0.10990370065,
        "min": 0.0459994487464,
        "var": 0.00142728164792
    },
    "erbbands_kurtosis": {
        "dmean": 0.885886847973,
        "dmean2": 1.43379628658,
        "dvar": 2.63490271568,
        "dvar2": 6.57337665558,
        "max": 31.5216407776,
        "mean": -0.0984546989202,
        "median": -0.607502937317,
        "min": -1.85260629654,
        "var": 3.54423570633
    },
    "erbbands_skewness": {
        "dmean": 0.418731898069,
        "dmean2": 0.62604612112,
        "dvar": 0.205656439066,
        "dvar2": 0.450597286224,
        "max": 5.01291370392,
        "mean": 0.405194789171,
        "median": 0.393805801868,
        "min": -3.8352355957,
        "var": 0.563529014587
    },
    "erbbands_spread": {
        "dmean": 12.6775312424,
        "dmean2": 19.217634201,
        "dvar": 174.594543457,
        "dvar2": 398.551818848,
        "max": 172.834197998,
        "mean": 62.8582115173,
        "median": 58.9915542603,
        "min": 1.22048056126,
        "var": 697.348266602
    },
    "hfc": {
        "dmean": 11.2642555237,
        "dmean2": 17.0893268585,
        "dvar": 434.438354492,
        "dvar2": 1089.44018555,
        "max": 186.650253296,
        "mean": 21.6857147217,
        "median": 12.9585485458,
        "min": 1.14342248099e-16,
        "var": 636.619445801
    },
    "melbands_crest": {
        "dmean": 3.67139554024,
        "dmean2": 5.73827219009,
        "dvar": 12.7188339233,
        "dvar2": 28.3319664001,
        "max": 38.0717811584,
        "mean": 17.7352409363,
        "median": 16.9017467499,
        "min": 1.67228126526,
        "var": 66.3055725098
    },
    "melbands_flatness_db": {
        "dmean": 0.039484873414,
        "dmean2": 0.0576872378588,
        "dvar": 0.00177065294702,
        "dvar2": 0.00382548151538,
        "max": 0.905719876289,
        "mean": 0.197036698461,
        "median": 0.180093660951,
        "min": 0.00333223049529,
        "var": 0.00903608370572
    },
    "melbands_kurtosis": {
        "dmean": 28.6020584106,
        "dmean2": 42.9812202454,
        "dvar": 3401.68505859,
        "dvar2": 7451.57519531,
        "max": 1089.77001953,
        "mean": 56.7143592834,
        "median": 16.23711586,
        "min": -1.67916464806,
        "var": 10717.40625
    },
    "melbands_skewness": {
        "dmean": 1.39629936218,
        "dmean2": 2.06908512115,
        "dvar": 3.12410902977,
        "dvar2": 6.64646720886,
        "max": 28.3052253723,
        "mean": 4.87158489227,
        "median": 3.42735147476,
        "min": -0.653472900391,
        "var": 14.8060808182
    },
    "melbands_spread": {
        "dmean": 10.5160989761,
        "dmean2": 16.2080516815,
        "dvar": 269.912506104,
        "dvar2": 552.279418945,
        "max": 217.439849854,
        "mean": 23.0863952637,
        "median": 16.8508148193,
        "min": 0.147657677531,
        "var": 589.711914062
    },
    "pitch_salience": {
        "dmean": 0.092667914927,
        "dmean2": 0.141738668084,
        "dvar": 0.00877886265516,
        "dvar2": 0.0187972132117,
        "max": 0.946011722088,
        "mean": 0.492998540401,
        "median": 0.521791696548,
        "min": 0.036991328001,
        "var": 0.0368251800537
    },
    "silence_rate_20dB": {
        "dmean": 0,
        "dmean2": 0,
        "dvar": 0,
        "dvar2": 0,
        "max": 1,
        "mean": 1,
        "median": 1,
        "min": 1,
        "var": 0
    },
    "silence_rate_30dB": {
        "dmean": 0.0400887355208,
        "dmean2": 0.0801838189363,
        "dvar": 0.038482889533,
        "dvar2": 0.0999022945762,
        "max": 1,
        "mean": 0.970926105976,
        "median": 1,
        "min": 0,
        "var": 0.0282288976014
    },
    "silence_rate_60dB": {
        "dmean": 0.0516558401287,
        "dmean2": 0.103319860995,
        "dvar": 0.0489839725196,
        "dvar2": 0.103889137506,
        "max": 1,
        "mean": 0.121128097177,
        "median": 0,
        "min": 0,
        "var": 0.106437318027
    },
    "spectral_centroid": {
        "dmean": 403.986999512,
        "dmean2": 610.822021484,
        "dvar": 215314.53125,
        "dvar2": 460459,
        "max": 10784.2011719,
        "mean": 1427.76196289,
        "median": 1327.61010742,
        "min": 92.8011016846,
        "var": 546949.875
    },
    "spectral_complexity": {
        "dmean": 4.80224990845,
        "dmean2": 7.31732845306,
        "dvar": 37.1024780273,
        "dvar2": 82.7147979736,
        "max": 57,
        "mean": 13.3579969406,
        "median": 11,
        "min": 0,
        "var": 85.1010818481
    },
    "spectral_decrease": {
        "dmean": 3.04533842588e-09,
        "dmean2": 4.43589520671e-09,
        "dvar": 1.91315874181e-17,
        "dvar2": 3.99431819691e-17,
        "max": -3.41910433305e-29,
        "mean": -8.0517317258e-09,
        "median": -5.24047827355e-09,
        "min": -5.38220064072e-08,
        "var": 6.29097193277e-17
    },
    "spectral_energy": {
        "dmean": 0.0118951480836,
        "dmean2": 0.0171188693494,
        "dvar": 0.000279893371044,
        "dvar2": 0.000585149333347,
        "max": 0.206149220467,
        "mean": 0.0323560573161,
        "median": 0.0224123075604,
        "min": 1.05002266568e-20,
        "var": 0.000950342218857
    },
    "spectral_energyband_high": {
        "dmean": 0.00112843862735,
        "dmean2": 0.00171044527087,
        "dvar": 4.49313210993e-06,
        "dvar2": 1.08168687802e-05,
        "max": 0.018317013979,
        "mean": 0.00175749068148,
        "median": 0.000780210189987,
        "min": 7.92056294234e-21,
        "var": 6.56424208501e-06
    },
    "spectral_energyband_low": {
        "dmean": 0.00711299153045,
        "dmean2": 0.0106868427247,
        "dvar": 0.000173138076207,
        "dvar2": 0.000399767624913,
        "max": 0.192977845669,
        "mean": 0.0189106464386,
        "median": 0.00322127295658,
        "min": 3.80218997185e-23,
        "var": 0.000618720601778
    },
    "spectral_energyband_middle_high": {
        "dmean": 0.00118619180284,
        "dmean2": 0.00195688009262,
        "dvar": 6.58867975289e-06,
        "dvar2": 1.81272334885e-05,
        "max": 0.0255896057934,
        "mean": 0.00201967079192,
        "median": 0.00121464894619,
        "min": 1.23972098914e-21,
        "var": 6.79000459058e-06
    },
    "spectral_energyband_middle_low": {
        "dmean": 0.00745523255318,
        "dmean2": 0.011679649353,
        "dvar": 0.000272635341389,
        "dvar2": 0.000636762008071,
        "max": 0.143263116479,
        "mean": 0.0105999689549,
        "median": 0.00491581810638,
        "min": 2.8161940517e-22,
        "var": 0.000330326642143
    },
    "spectral_entropy": {
        "dmean": 0.21019347012,
        "dmean2": 0.309905916452,
        "dvar": 0.0567226968706,
        "dvar2": 0.122575744987,
        "max": 9.80439662933,
        "mean": 7.97091722488,
        "median": 8.02313232422,
        "min": 3.70337986946,
        "var": 0.169921964407
    },
    "spectral_flux": {
        "dmean": 0.0353031381965,
        "dmean2": 0.0530816912651,
        "dvar": 0.00198584841564,
        "dvar2": 0.00373344309628,
        "max": 0.377254396677,
        "mean": 0.0862473770976,
        "median": 0.0655032023787,
        "min": 1.02470615326e-10,
        "var": 0.00445004599169
    },
    "spectral_kurtosis": {
        "dmean": 0.821209073067,
        "dmean2": 1.29848277569,
        "dvar": 25.0209693909,
        "dvar2": 45.5229988098,
        "max": 521.30682373,
        "mean": 1.86146712303,
        "median": 1.50761222839,
        "min": -1.18978559971,
        "var": 38.5697784424
    },
    "spectral_rms": {
        "dmean": 0.00100350147113,
        "dmean2": 0.00140438799281,
        "dvar": 1.38410416639e-06,
        "dvar2": 2.68591838903e-06,
        "max": 0.0141817200929,
        "mean": 0.00491761369631,
        "median": 0.0046760737896,
        "min": 3.20064417678e-12,
        "var": 7.38387416277e-06
    },
    "spectral_rolloff": {
        "dmean": 1039.63513184,
        "dmean2": 1703.50720215,
        "dvar": 2709421.5,
        "dvar2": 5638297.5,
        "max": 18798.4863281,
        "mean": 1848.74621582,
        "median": 839.794921875,
        "min": 43.06640625,
        "var": 5371668
    },
    "spectral_skewness": {
        "dmean": 0.178648754954,
        "dmean2": 0.266008466482,
        "dvar": 0.0575911328197,
        "dvar2": 0.112286068499,
        "max": 18.7394924164,
        "mean": 1.19231247902,
        "median": 1.15220069885,
        "min": -0.0120754763484,
        "var": 0.17871530354
    },
    "spectral_spread": {
        "dmean": 678187.875,
        "dmean2": 1017342,
        "dvar": 571051802624,
        "dvar2": 1.07627393843e+12,
        "max": 40149328,
        "mean": 6919271.5,
        "median": 6755618.5,
        "min": 295876.1875,
        "var": 3.1264407552e+12
    },
    "spectral_strongpeak": {
        "dmean": 0.286806315184,
        "dmean2": 0.461961269379,
        "dvar": 0.161010637879,
        "dvar2": 0.38354191184,
        "max": 5.08226013184,
        "mean": 0.634448587894,
        "median": 0.471814990044,
        "min": 0,
        "var": 0.325455874205
    },
    "zerocrossingrate": {
        "dmean": 0.0188023485243,
        "dmean2": 0.0214381814003,
        "dvar": 0.000453135493444,
        "dvar2": 0.000486421195092,
        "max": 0.6005859375,
        "mean": 0.0757142677903,
        "median": 0.0673828125,
        "min": 0.00146484375,
        "var": 0.0026756695006
    },
    "barkbands": {
        "dmean": [0.00042805148405, 0.0058882497251, 0.00241674110293, 0.00247267796658, 0.00390750402585, 0.00113836803939, 0.000762559182476, 0.000563383160625, 0.000498667533975, 0.000222851827857, 0.000157388669322, 0.000185423719813, 0.000188783596968, 0.000164847238921, 0.0001440627384, 0.000150054518599, 0.000143337834743, 0.000104591570562, 0.000118365351227, 0.000109236243588, 0.000157613103511, 0.000235466155573, 0.000245171919232, 0.000247961754212, 0.000198513487703, 7.6013886428e-05, 9.65666458796e-06],
        "dmean2": [0.000646464934107, 0.00875561498106, 0.004007674288, 0.00419296324253, 0.00619245972484, 0.00190068292432, 0.00125020334963, 0.000960838922765, 0.000806272379123, 0.000367521337466, 0.00025886693038, 0.000308993738145, 0.000306055793772, 0.000274558842648, 0.000242046706262, 0.000255868770182, 0.000254187412793, 0.00018468440976, 0.000209344609175, 0.000178641770617, 0.000241321627982, 0.000366146647139, 0.000388099084375, 0.000386910076486, 0.000306834088406, 0.000114258880785, 1.57128397404e-05],
        "dvar": [1.17401089028e-06, 0.000131406268338, 6.37627817923e-05, 8.02174181445e-05, 9.95896552922e-05, 8.12763391878e-06, 2.60578735833e-06, 1.42927569868e-06, 1.01966759303e-06, 2.8842683264e-07, 1.54660341423e-07, 1.27119577087e-07, 1.14502647364e-07, 7.62190097703e-08, 6.035540423e-08, 1.06337495254e-07, 1.60916968639e-07, 9.45720586287e-08, 1.37772445896e-07, 5.0796817419e-08, 6.79648763935e-08, 1.76430958732e-07, 2.40650138039e-07, 2.36706156898e-07, 1.54391713636e-07, 2.06595327512e-08, 7.73374475571e-10],
        "dvar2": [2.37599533648e-06, 0.000287284929072, 0.000166547150002, 0.000217895954847, 0.000225951633183, 2.16672542592e-05, 6.52072048979e-06, 3.71947498934e-06, 2.48148285209e-06, 6.73523629757e-07, 3.5837086898e-07, 3.08604796828e-07, 2.75254620874e-07, 1.97115596734e-07, 1.59363878538e-07, 2.93113288308e-07, 4.62006426005e-07, 2.72825076308e-07, 4.01830675401e-07, 1.39791026754e-07, 1.61502029528e-07, 4.29698559401e-07, 5.9942038888e-07, 5.92988214976e-07, 3.5601223658e-07, 4.90503282435e-08, 1.98750527147e-09],
        "max": [0.0195775013417, 0.146936461329, 0.149699658155, 0.0973444506526, 0.11191842705, 0.0524736307561, 0.0313196107745, 0.0185657776892, 0.0216208826751, 0.0132598355412, 0.0107690049335, 0.0139974076301, 0.00825071521103, 0.00449970224872, 0.00531357247382, 0.00863120146096, 0.00490834377706, 0.00304521573707, 0.00540966400877, 0.00512398779392, 0.00490964157507, 0.00564651517197, 0.00580776669085, 0.00478624925017, 0.00404533417895, 0.00135363591835, 0.000652992050163],
        "mean": [0.00114893424325, 0.0136482901871, 0.00321098789573, 0.00234700506553, 0.00407329434529, 0.0015176506713, 0.00102862133645, 0.000753782573156, 0.000813433958683, 0.000279213680187, 0.000196666558622, 0.00024730945006, 0.00025354034733, 0.000226887888857, 0.000197147717699, 0.000190808132174, 0.000149606203195, 0.000113720918307, 0.000131972090458, 0.000150400170241, 0.000239666289417, 0.000323546904838, 0.000335419928888, 0.000367493892554, 0.000293154647807, 0.000107468862552, 9.98354516923e-06],
        "median": [2.86074791802e-05, 0.00120681012049, 0.000386487867218, 0.000322089705151, 0.000850556767546, 0.000685241189785, 0.000316634133924, 0.0001709976641, 0.000225516676437, 7.43833516026e-05, 5.63873618376e-05, 0.000106429419247, 0.000112537309178, 0.000109279368189, 9.8624281236e-05, 8.93208198249e-05, 6.26721521257e-05, 4.93879997521e-05, 6.03469052294e-05, 7.20566094969e-05, 0.000108410713437, 0.000131056120154, 0.000130131054902, 0.000140332733281, 9.81487683021e-05, 3.84081358789e-05, 1.6237379441e-06],
        "min": [2.3017829199e-24, 9.79519908543e-24, 2.03144304869e-23, 1.16729404753e-23, 5.5967466104e-23, 4.04038715327e-23, 2.9428333007e-23, 4.19999643359e-23, 6.63165512523e-23, 6.45070873514e-23, 2.61976557216e-23, 6.0424953048e-23, 9.52903836264e-23, 5.03916615418e-23, 2.04494759008e-22, 6.81922668474e-23, 2.01495547712e-22, 2.53481860019e-22, 1.22865287937e-22, 3.81352729146e-22, 7.36539106148e-22, 6.7307864158e-22, 7.18323512675e-22, 9.77289054079e-22, 1.05592755587e-21, 1.46584381506e-21, 2.26868823277e-21],
        "var": [6.32950695945e-06, 0.000410916021792, 8.59995125211e-05, 6.08536320215e-05, 0.00011964469013, 8.69906216394e-06, 3.76235902877e-06, 2.36998653236e-06, 2.68494659394e-06, 5.56541067454e-07, 3.01353026089e-07, 2.41788427502e-07, 1.79562704261e-07, 1.02000157653e-07, 8.61576765487e-08, 9.4200196088e-08, 1.03554874897e-07, 6.08613390796e-08, 8.52194830259e-08, 5.20749985355e-08, 1.10932575126e-07, 2.43650646325e-07, 2.95514070103e-07, 3.30958016548e-07, 2.45219979433e-07, 3.07356238238e-08, 7.02137847863e-10]
    },
    "erbbands": {
        "dmean": [0.214734598994, 1.24850821495, 2.53933930397, 4.93973970413, 13.1024713516, 14.0558662415, 9.52733230591, 10.2090425491, 10.118183136, 12.9874858856, 10.5715465546, 10.6854476929, 9.19251441956, 6.79982185364, 6.6196398735, 6.55568695068, 8.64850902557, 7.99137735367, 7.58170795441, 7.42519521713, 9.01487445831, 7.59147357941, 5.80124282837, 6.18664073944, 5.35832691193, 4.97867441177, 6.0001745224, 6.72844648361, 8.28072547913, 8.57838726044, 6.64282226562, 5.51493406296, 4.01382112503, 2.43204784393, 1.32049119473, 0.442828863859, 0.122074887156, 0.0214824471623, 0.00163281499408, 3.8181511627e-05],
        "dmean2": [0.314687043428, 1.86111009121, 3.93986487389, 8.18150901794, 20.6714820862, 24.0576438904, 16.3812847137, 16.9716377258, 16.7486476898, 21.7070713043, 17.8081092834, 17.3024921417, 15.3167057037, 10.9654436111, 10.8230552673, 10.9846944809, 13.9637174606, 13.1607732773, 12.7508792877, 12.5672006607, 15.4473028183, 13.3895759583, 10.2686138153, 11.0634975433, 9.15148639679, 8.09340763092, 9.34491348267, 10.3864688873, 13.0662336349, 13.416015625, 10.4908161163, 8.80125522614, 6.26876449585, 3.82690119743, 2.02303433418, 0.661913454533, 0.18608494103, 0.033720061183, 0.00267093675211, 5.88501097809e-05],
        "dvar": [0.190683677793, 6.2924618721, 48.3427848816, 276.593963623, 1766.30371094, 1632.24816895, 753.555480957, 596.749328613, 515.868286133, 864.507080078, 488.61239624, 454.967834473, 414.150970459, 317.265319824, 175.607543945, 143.450744629, 249.159973145, 204.433349609, 163.222763062, 207.986999512, 414.352874756, 428.452667236, 288.380615234, 488.654449463, 186.401794434, 97.9285507202, 109.022132874, 134.340026855, 227.632232666, 275.586120605, 168.484390259, 114.740409851, 62.0390853882, 24.161108017, 6.39166259766, 0.709790468216, 0.0596498213708, 0.00259845447727, 2.5814775654e-05, 7.03219749099e-09],
        "dvar2": [0.416182637215, 13.9666090012, 119.319747925, 713.520385742, 3937.17773438, 4387.50048828, 2045.02478027, 1574.05517578, 1305.04418945, 2168.03759766, 1268.06359863, 1096.49450684, 1039.06848145, 692.246887207, 411.480224609, 364.198028564, 582.821472168, 526.036193848, 430.236633301, 555.785705566, 1138.64746094, 1228.40136719, 832.696472168, 1426.79187012, 533.320678711, 266.436004639, 271.83605957, 326.857391357, 565.866699219, 673.662536621, 418.972412109, 291.712463379, 149.762863159, 57.2856216431, 14.3196249008, 1.61801075935, 0.143666043878, 0.00654083350673, 6.77092684782e-05, 1.78070251877e-08],
        "max": [7.29501676559, 32.571975708, 138.024993896, 232.687591553, 418.010925293, 604.052978516, 526.999389648, 530.473510742, 706.398925781, 579.24017334, 352.832305908, 432.710510254, 350.449798584, 474.58416748, 319.534484863, 356.04598999, 398.259399414, 346.851959229, 177.351974487, 283.448394775, 428.097686768, 263.800506592, 177.402816772, 291.159759521, 274.6277771, 264.191497803, 251.796035767, 160.447525024, 218.541168213, 175.137969971, 158.9480896, 105.809196472, 79.1787872314, 48.4341621399, 23.2834072113, 7.41399002075, 2.63678026199, 0.840351343155, 0.126466840506, 0.00180437299423],
        "mean": [0.532943785191, 2.47779154778, 3.91781330109, 5.8069024086, 12.7097253799, 13.063627243, 10.1500339508, 14.1367578506, 13.684346199, 18.3159408569, 15.1034202576, 17.4852619171, 12.5822505951, 9.5602684021, 9.57049369812, 8.92675495148, 11.8647327423, 11.2241888046, 10.5888986588, 10.34263134, 11.2244510651, 8.3850440979, 6.46011447906, 6.63781833649, 6.69270944595, 7.14838409424, 8.82628631592, 9.87864398956, 11.2923412323, 11.2428331375, 9.39561367035, 7.8842253685, 5.87610912323, 3.59181642532, 1.91898655891, 0.647696316242, 0.167392000556, 0.0267293192446, 0.0016915469896, 7.42593911127e-05],
        "median": [0.0210730917752, 0.329490542412, 0.705647230148, 0.996026873589, 1.68820881844, 2.95912337303, 3.57386422157, 6.25515174866, 5.31596660614, 5.2982749939, 4.29666137695, 5.05306386948, 4.09026908875, 2.83047771454, 3.81852984428, 4.47225475311, 5.23370170593, 5.6238026619, 5.57020044327, 5.13100385666, 5.07325744629, 3.78047442436, 2.93853664398, 3.00496339798, 3.18576812744, 3.55134272575, 3.97164511681, 4.29035234451, 4.61020946503, 4.25038385391, 3.85836052895, 3.02657699585, 2.04684948921, 1.18526935577, 0.655485570431, 0.235367998481, 0.0593130327761, 0.00791340041906, 0.000318918871926, 5.28291384398e-05],
        "min": [4.55674230656e-22, 1.93213558338e-21, 1.75301091421e-20, 3.77335690887e-20, 8.77447796767e-20, 2.52508074769e-19, 1.70471830059e-19, 3.89654542783e-19, 4.49875979713e-19, 5.64617769697e-19, 1.1524411609e-18, 1.68481925603e-18, 2.09073808251e-18, 1.22538887495e-18, 1.33387092395e-18, 3.2676570687e-18, 3.79355037802e-18, 2.50148309428e-18, 6.38463078112e-18, 8.04725223182e-18, 6.59092631717e-18, 1.17090732701e-17, 1.34649924221e-17, 7.1163795664e-18, 8.39362005126e-18, 2.00835548435e-17, 2.37713162658e-17, 3.1552576164e-17, 2.31995772983e-17, 2.26532873694e-17, 2.17890738808e-17, 1.71148697995e-17, 1.68955991084e-17, 9.19445247976e-18, 1.01268239964e-17, 5.65993288338e-18, 2.33587202307e-18, 1.42180001627e-18, 2.96915601997e-19, 3.13718167016e-20],
        "var": [0.814948379993, 15.1119813919, 81.9192886353, 262.246063232, 1947.82617188, 1300.30957031, 602.709838867, 709.322875977, 702.755310059, 1260.80065918, 811.354187012, 1340.43505859, 655.128723145, 689.280822754, 382.689727783, 204.513092041, 404.238891602, 275.896942139, 210.932449341, 266.146820068, 360.632049561, 279.82623291, 184.599090576, 289.979522705, 136.630004883, 110.03629303, 158.548171997, 201.325378418, 296.956970215, 341.05871582, 217.715560913, 149.163696289, 92.1825332642, 36.7433204651, 10.5833568573, 1.16830098629, 0.0798873826861, 0.00276573933661, 2.18512304855e-05, 8.59557669486e-09]
    },
    "gfcc": {
        "mean": [-3.04879426956, 52.3740844727, -95.4866790771, 35.2932090759, -69.154586792, 22.7133464813, -44.3173408508, 6.78942871094, -20.9295539856, 10.5192136765, -17.5258159637, 3.15481758118, -11.3821372986],
        "cov": [[7720.71533203, -690.960571289, 1234.28295898, 167.858703613, 122.95287323, 209.257705688, -214.487884521, 354.001037598, -169.335388184, 161.727981567, -91.9723587036, 194.376144409, -68.5691680908], [-690.960571289, 1349.06201172, 122.979988098, 161.336013794, 229.401199341, 32.3393707275, 231.857437134, -32.9938545227, 174.645843506, -54.2658615112, 62.0697097778, -92.7377624512, 36.0431060791], [1234.28295898, 122.979988098, 1364.94799805, 576.57611084, 572.020690918, 360.936340332, 167.97668457, 269.089294434, 90.1258239746, 117.396156311, 94.6645278931, 71.0960006714, 66.7603378296], [167.858703613, 161.336013794, 576.57611084, 532.00579834, 360.303070068, 274.143981934, 135.71774292, 117.810905457, 83.8957061768, 54.5118484497, 72.572593689, 18.2928848267, 53.2274169922], [122.95287323, 229.401199341, 572.020690918, 360.303070068, 441.458526611, 271.846801758, 186.208679199, 154.641189575, 120.466171265, 79.4160461426, 93.1460571289, 33.9671859741, 60.0696907043], [209.257705688, 32.3393707275, 360.936340332, 274.143981934, 271.846801758, 293.609954834, 153.937911987, 141.877105713, 78.9297637939, 72.9090118408, 74.7964859009, 43.7834434509, 52.5657043457], [-214.487884521, 231.857437134, 167.97668457, 135.71774292, 186.208679199, 153.937911987, 225.000045776, 107.760986328, 119.779151917, 39.9913253784, 62.2781867981, 16.8912334442, 50.406917572], [354.001037598, -32.9938545227, 269.089294434, 117.810905457, 154.641189575, 141.877105713, 107.760986328, 184.942901611, 91.0396728516, 76.8327789307, 51.224647522, 45.8437538147, 43.1130905151], [-169.335388184, 174.645843506, 90.1258239746, 83.8957061768, 120.466171265, 78.9297637939, 119.779151917, 91.0396728516, 163.81048584, 85.3613204956, 76.3367614746, 13.3281469345, 36.7302627563], [161.727981567, -54.2658615112, 117.396156311, 54.5118484497, 79.4160461426, 72.9090118408, 39.9913253784, 76.8327789307, 85.3613204956, 131.115921021, 89.2847595215, 47.7757034302, 17.218082428], [-91.9723587036, 62.0697097778, 94.6645278931, 72.572593689, 93.1460571289, 74.7964859009, 62.2781867981, 51.224647522, 76.3367614746, 89.2847595215, 136.490188599, 73.8108978271, 49.3709144592], [194.376144409, -92.7377624512, 71.0960006714, 18.2928848267, 33.9671859741, 43.7834434509, 16.8912334442, 45.8437538147, 13.3281469345, 47.7757034302, 73.8108978271, 112.326385498, 66.1664047241], [-68.5691680908, 36.0431060791, 66.7603378296, 53.2274169922, 60.0696907043, 52.5657043457, 50.406917572, 43.1130905151, 36.7302627563, 17.218082428, 49.3709144592, 66.1664047241, 103.670982361]],
        "icov": [[0.000238971741055, -0.000136857604957, -0.00024981162278, 6.03283478995e-05, 0.000300792889902, -0.000252711208304, 0.000368756125681, -0.000467058212962, 0.000237802756601, -0.000457132526208, 0.00075644190656, -0.00084693019744, 0.00047629151959], [-0.000136857604957, 0.00168489082716, -0.000111678353278, 6.56095144222e-05, -0.00088577758288, 0.00102808314841, -0.00138722965494, 0.00161061366089, -0.00189047609456, 0.00239503919147, -0.00216164602898, 0.00215298333205, -0.000714072200935], [-0.00024981162278, -0.000111678353278, 0.00268692430109, -0.00143263919745, -0.0027585872449, 0.00128916674294, 0.000237757718423, -0.00196102401242, 0.00182729831431, -0.000752654974349, 2.90371899609e-05, 9.731794853e-05, -7.48171369196e-05], [6.03283478995e-05, 6.56095144222e-05, -0.00143263919745, 0.00587534764782, -0.00155536097009, -0.00373392389156, 0.00145328859799, 0.00179516710341, -0.00161140249111, 0.00158861465752, -0.00101547327358, 0.00164193834644, -0.000992860179394], [0.000300792889902, -0.00088577758288, -0.0027585872449, -0.00155536097009, 0.0112729426473, -0.00455783260986, -0.00119023642037, -3.21702391375e-05, -0.00143906974699, -0.000390348985093, -9.28064764594e-05, -0.000540638808161, 0.000417112838477], [-0.000252711208304, 0.00102808314841, 0.00128916674294, -0.00373392389156, -0.00455783260986, 0.0138865755871, -0.00556926894933, -0.00331068015657, 0.00457939133048, -0.00247229542583, -0.0015773443738, 0.00144696340431, -0.00113732693717], [0.000368756125681, -0.00138722965494, 0.000237757718423, 0.00145328859799, -0.00119023642037, -0.00556926894933, 0.0141989719123, -0.0037933352869, -0.00587420864031, 0.0042201243341, -3.8413261791e-05, -0.00152812281158, 0.000388046202715], [-0.000467058212962, 0.00161061366089, -0.00196102401242, 0.00179516710341, -3.21702391375e-05, -0.00331068015657, -0.0037933352869, 0.0171826779842, -0.0074563678354, -0.00104222167283, 0.00277987471782, -0.00159998890013, -0.00161952874623], [0.000237802756601, -0.00189047609456, 0.00182729831431, -0.00161140249111, -0.00143906974699, 0.00457939133048, -0.00587420864031, -0.0074563678354, 0.0239675715566, -0.013792116195, -0.00170335557777, 0.00660256436095, -0.00466972962022], [-0.000457132526208, 0.00239503919147, -0.000752654974349, 0.00158861465752, -0.000390348985093, -0.00247229542583, 0.0042201243341, -0.00104222167283, -0.013792116195, 0.0281658079475, -0.0140887871385, -0.000571479729842, 0.00567807629704], [0.00075644190656, -0.00216164602898, 2.90371899609e-05, -0.00101547327358, -9.28064764594e-05, -0.0015773443738, -3.8413261791e-05, 0.00277987471782, -0.00170335557777, -0.0140887871385, 0.0276765376329, -0.0164424944669, 0.00172797893174], [-0.00084693019744, 0.00215298333205, 9.731794853e-05, 0.00164193834644, -0.000540638808161, 0.00144696340431, -0.00152812281158, -0.00159998890013, 0.00660256436095, -0.000571479729842, -0.0164424944669, 0.0320412032306, -0.0160902030766], [0.00047629151959, -0.000714072200935, -7.48171369196e-05, -0.000992860179394, 0.000417112838477, -0.00113732693717, 0.000388046202715, -0.00161952874623, -0.00466972962022, 0.00567807629704, 0.00172797893174, -0.0160902030766, 0.021744787693]]
    },
    "melbands": {
        "dmean": [0.00173961103428, 0.00129027629737, 0.00112925970461, 0.000926283188164, 0.000404843594879, 0.000221728056204, 0.000154791952809, 0.000141335840453, 8.13153092167e-05, 6.91303284839e-05, 4.63404030597e-05, 2.84066536551e-05, 2.29895122175e-05, 2.18663008127e-05, 1.83070933417e-05, 1.85872577276e-05, 1.48929020725e-05, 1.3298173144e-05, 1.07343630589e-05, 9.74910744844e-06, 1.10740002128e-05, 8.54569952935e-06, 6.8032964009e-06, 4.49355320598e-06, 5.30233774043e-06, 4.34879075328e-06, 3.75150898435e-06, 3.24684515363e-06, 4.05151422456e-06, 3.65317509932e-06, 4.23224537371e-06, 4.69992073704e-06, 4.9618893172e-06, 4.90267166242e-06, 4.04285219702e-06, 3.53703671863e-06, 3.44614045389e-06, 3.03064871332e-06, 2.39442920247e-06, 2.06495792554e-06],
        "dmean2": [0.00256651267409, 0.00195549731143, 0.00180598092265, 0.00147971662227, 0.000698461139109, 0.000367805914721, 0.000255795544945, 0.000237126267166, 0.000136354530696, 0.000111827590445, 7.72217463236e-05, 4.58038230136e-05, 3.75359340978e-05, 3.63162216672e-05, 3.04195000354e-05, 2.9863896998e-05, 2.47579064308e-05, 2.24479681492e-05, 1.81897612492e-05, 1.66385507328e-05, 1.91045983229e-05, 1.51457852553e-05, 1.21476132335e-05, 7.8395842138e-06, 9.56365602178e-06, 7.57418501962e-06, 6.30176236882e-06, 5.28946293343e-06, 6.39929112367e-06, 5.71031432628e-06, 6.62988077238e-06, 7.52785626901e-06, 7.70319820731e-06, 7.87174576544e-06, 6.52832795822e-06, 5.56880559088e-06, 5.55541419089e-06, 4.79308209833e-06, 3.85354678656e-06, 3.23954964188e-06],
        "dvar": [1.16632018035e-05, 8.2847154772e-06, 1.23986328617e-05, 6.18035755906e-06, 1.29698412366e-06, 2.84078055302e-07, 1.1384833698e-07, 9.35360304766e-08, 2.67074060645e-08, 1.90953741708e-08, 1.05692858909e-08, 5.89945292617e-09, 2.8910938088e-09, 1.97352534315e-09, 1.20610654797e-09, 1.06206110573e-09, 6.82903789073e-10, 5.01697239308e-10, 3.63465507691e-10, 4.53727000416e-10, 6.34394869969e-10, 5.53583900942e-10, 3.99369343151e-10, 1.32337085734e-10, 3.92573612507e-10, 1.37783201515e-10, 7.25487309117e-11, 4.10965116104e-11, 5.31851646057e-11, 3.9317934325e-11, 5.40789427128e-11, 7.61672461214e-11, 7.72217290113e-11, 1.00755390142e-10, 6.71826275167e-11, 4.21301118991e-11, 4.63808297324e-11, 3.66350387526e-11, 2.27254916274e-11, 1.79283549812e-11],
        "dvar2": [2.53882535617e-05, 1.97736208065e-05, 3.02992175421e-05, 1.4165392713e-05, 3.5520822621e-06, 7.50364279156e-07, 2.88699254725e-07, 2.38729313651e-07, 6.98536197774e-08, 4.66793323994e-08, 2.64612030065e-08, 1.27027428576e-08, 6.51633014215e-09, 4.71267869173e-09, 3.01934854896e-09, 2.61069033058e-09, 1.77640957499e-09, 1.31670030434e-09, 9.84810788474e-10, 1.25950239127e-09, 1.74548286935e-09, 1.58382407189e-09, 1.15522647004e-09, 3.73774428075e-10, 1.14808340612e-09, 3.98476862618e-10, 2.03134550847e-10, 1.10645763385e-10, 1.34419683717e-10, 9.68910923715e-11, 1.33016486714e-10, 1.92926452591e-10, 1.86025930771e-10, 2.5293608874e-10, 1.72961145406e-10, 1.00452417218e-10, 1.21938847908e-10, 8.91690263294e-11, 5.59769140762e-11, 4.26411649046e-11],
        "max": [0.0510490648448, 0.0522626452148, 0.0366055257618, 0.0252077970654, 0.01630631648, 0.0114579247311, 0.00970044080168, 0.00542380474508, 0.00271352054551, 0.00309700053185, 0.00180212943815, 0.00213533872738, 0.00153014273383, 0.00189831713215, 0.00105301220901, 0.00057729636319, 0.000582406530157, 0.000272831995972, 0.000494857667945, 0.000555797829293, 0.000421261356678, 0.000310762872687, 0.000203406176297, 0.000193645581021, 0.000268448260613, 0.000255267834291, 0.000118942924018, 0.000228058852372, 0.000197866160306, 0.000122311423183, 0.000110578512249, 0.00013391491666, 0.000140077638207, 0.000112826477562, 0.000116688694106, 7.42933989386e-05, 7.09541491233e-05, 7.44383141864e-05, 4.71733874292e-05, 4.27941886301e-05],
        "mean": [0.00421153381467, 0.0024943118915, 0.00127141561825, 0.000938732002396, 0.000414112233557, 0.0003061236348, 0.000213125997107, 0.000202052731765, 0.000116749528388, 0.000111804743938, 6.15451208432e-05, 3.87563559343e-05, 3.14697026624e-05, 2.95123209071e-05, 2.31956382777e-05, 2.51178480539e-05, 2.0092304112e-05, 1.74850101757e-05, 1.45532521856e-05, 1.24312227854e-05, 1.30249627546e-05, 8.80764946487e-06, 7.02995021129e-06, 5.11488042321e-06, 5.35418985237e-06, 5.07615095557e-06, 4.72429792353e-06, 4.59795683128e-06, 5.57387284061e-06, 5.3229077821e-06, 5.9114963733e-06, 6.20175114818e-06, 6.56882866679e-06, 6.1163641476e-06, 5.43956230104e-06, 4.99030193168e-06, 4.73833870274e-06, 4.27393206337e-06, 3.4394645354e-06, 2.92634354082e-06],
        "median": [0.000270076619927, 0.000463829841465, 0.000214521045564, 0.000179118258529, 0.000134260975756, 0.000137213486596, 8.3954364527e-05, 5.55614788027e-05, 3.21678817272e-05, 3.08870257868e-05, 1.84300661203e-05, 1.00020206446e-05, 1.09403135866e-05, 1.15422226372e-05, 9.87707244349e-06, 1.14309677883e-05, 9.9452190625e-06, 8.36909657664e-06, 7.06970058673e-06, 5.75778904022e-06, 5.5417749536e-06, 3.66395170204e-06, 2.88778505819e-06, 2.30702562476e-06, 2.27023315347e-06, 2.32526372201e-06, 2.08686356018e-06, 2.24173641072e-06, 2.29449346989e-06, 2.41392922362e-06, 2.39555902226e-06, 2.5035087674e-06, 2.47449361268e-06, 2.14561509893e-06, 2.1827315777e-06, 1.85215856163e-06, 1.85194789992e-06, 1.43335887515e-06, 1.16443789011e-06, 9.15291707315e-07],
        "min": [3.29596794988e-24, 6.77704881649e-24, 7.32880337715e-24, 1.26350707341e-23, 7.51677946453e-24, 8.67239994839e-24, 6.55169926043e-24, 6.16218065025e-24, 1.08224190463e-23, 1.00660978646e-23, 1.03507748883e-23, 4.93490359163e-24, 3.49178787846e-24, 7.30894064842e-24, 1.04876564549e-23, 6.45542273125e-24, 4.46591513386e-24, 7.74928201685e-24, 1.8515685628e-23, 4.12707452594e-24, 8.73093027212e-24, 1.24922064464e-23, 9.46517991459e-24, 1.48898537157e-23, 4.29599173386e-24, 4.6175259168e-24, 7.69559372136e-24, 1.5089740025e-23, 1.39085170605e-23, 1.59827779014e-23, 1.99796032088e-23, 1.38650934231e-23, 1.0924931521e-23, 1.2836938662e-23, 1.34509098934e-23, 9.53696704583e-24, 1.08997889462e-23, 1.11280474268e-23, 1.04784914689e-23, 6.75823211732e-24],
        "var": [4.24543977715e-05, 1.77553483809e-05, 1.23170757433e-05, 7.09020650902e-06, 9.99950657388e-07, 3.33857741452e-07, 1.57649182597e-07, 1.38744908895e-07, 4.52782416005e-08, 5.25921315386e-08, 1.67534892626e-08, 1.31312551943e-08, 6.2579368354e-09, 4.00265687261e-09, 1.67911229365e-09, 1.50914036823e-09, 8.8675111698e-10, 6.47071785043e-10, 5.16179654575e-10, 4.06301658984e-10, 5.40596234444e-10, 3.58843343928e-10, 2.54886695084e-10, 9.74929095787e-11, 2.28751739773e-10, 9.3433129289e-11, 6.13162576268e-11, 4.85528076077e-11, 7.12974193573e-11, 6.00529487249e-11, 7.60338458861e-11, 9.30488117112e-11, 1.07462948262e-10, 1.12108301809e-10, 7.80394082689e-11, 6.24614457378e-11, 5.49221987334e-11, 5.1686429442e-11, 3.26057202071e-11, 2.61471937851e-11]
    },
    "mfcc": {
        "mean": [-649.834472656, 84.4396057129, 24.9153728485, 14.590754509, 3.73336148262, 11.0898981094, -6.55702829361, -2.49198460579, -0.757375061512, 2.47297501564, 0.182635128498, 1.83604192734, -0.266624003649],
        "cov": [[5963.69580078, -276.166931152, 531.769287109, 41.2229576111, 153.0728302, -93.2720336914, -0.902559161186, 50.0208129883, 4.46208667755, -8.88034915924, -44.2398986816, -3.0525290966, -5.25386238098], [-276.166931152, 1080.24975586, 73.5657806396, 155.894607544, 33.8193969727, 99.8727798462, 42.5162277222, 78.7474899292, 79.4820861816, 67.677772522, 60.027545929, 54.0315704346, 7.62502479553], [531.769287109, 73.5657806396, 735.260559082, 357.385559082, 426.388641357, 198.850585938, 244.722808838, 162.219482422, 136.105331421, 116.991714478, 58.1390838623, 65.9325714111, 77.995262146], [41.2229576111, 155.894607544, 357.385559082, 336.24307251, 279.412078857, 178.131530762, 153.071594238, 113.878517151, 99.9480209351, 81.1789169312, 54.8858108521, 48.5573158264, 49.5617980957], [153.0728302, 33.8193969727, 426.388641357, 279.412078857, 418.390716553, 206.117645264, 212.204101562, 135.882461548, 119.246505737, 107.848152161, 69.9338378906, 63.5288238525, 79.6492156982], [-93.2720336914, 99.8727798462, 198.850585938, 178.131530762, 206.117645264, 228.365844727, 157.682312012, 105.581237793, 87.0182418823, 74.1519775391, 65.2390441895, 51.4464874268, 51.1703605652], [-0.902559161186, 42.5162277222, 244.722808838, 153.071594238, 212.204101562, 157.682312012, 209.766296387, 136.238815308, 100.971069336, 75.6258239746, 49.8538360596, 47.2099456787, 60.8921470642], [50.0208129883, 78.7474899292, 162.219482422, 113.878517151, 135.882461548, 105.581237793, 136.238815308, 154.001556396, 110.551643372, 67.1106033325, 31.5388641357, 29.3778629303, 41.9235992432], [4.46208667755, 79.4820861816, 136.105331421, 99.9480209351, 119.246505737, 87.0182418823, 100.971069336, 110.551643372, 147.10218811, 97.9939117432, 47.8217735291, 27.0849170685, 38.1335830688], [-8.88034915924, 67.677772522, 116.991714478, 81.1789169312, 107.848152161, 74.1519775391, 75.6258239746, 67.1106033325, 97.9939117432, 129.864761353, 80.1353759766, 47.0539741516, 38.7868118286], [-44.2398986816, 60.027545929, 58.1390838623, 54.8858108521, 69.9338378906, 65.2390441895, 49.8538360596, 31.5388641357, 47.8217735291, 80.1353759766, 114.934539795, 73.5047302246, 35.2237358093], [-3.0525290966, 54.0315704346, 65.9325714111, 48.5573158264, 63.5288238525, 51.4464874268, 47.2099456787, 29.3778629303, 27.0849170685, 47.0539741516, 73.5047302246, 101.642036438, 61.6771697998], [-5.25386238098, 7.62502479553, 77.995262146, 49.5617980957, 79.6492156982, 51.1703605652, 60.8921470642, 41.9235992432, 38.1335830688, 38.7868118286, 35.2237358093, 61.6771697998, 104.383102417]],
