{
"lowlevel": {
    "average_loudness": 0.899177193642,
    "barkbands_crest": {
        "dmean": 2.93059492111,
        "dmean2": 4.63963747025,
        "dvar": 9.1270647049,
        "dvar2": 20.0639095306,
        "max": 26.244852066,
        "mean": 11.623705864,
        "median": 10.1647338867,
        "min": 2.07684659958,
        "var": 37.3947906494
    },
    "barkbands_flatness_db": {
        "dmean": 0.030832329765,
        "dmean2": 0.0462672151625,
        "dvar": 0.0011257105507,
        "dvar2": 0.00233151903376,
        "max": 0.535803496838,
        "mean": 0.151433959603,
        "median": 0.115304797888,
        "min": 0.0144155910239,
        "var": 0.0117212235928
    },
    "barkbands_kurtosis": {
        "dmean": 5.36433553696,
        "dmean2": 8.11869335175,
        "dvar": 866.492492676,
        "dvar2": 1664.63830566,
        "max": 990.41583252,
        "mean": 7.25083875656,
        "median": 1.03633642197,
        "min": -1.93991553783,
        "var": 1681.01403809
    },
    "barkbands_skewness": {
        "dmean": 0.669808268547,
        "dmean2": 0.992145061493,
        "dvar": 1.01487576962,
        "dvar2": 1.87039220333,
        "max": 22.7025623322,
        "mean": 1.41699135303,
        "median": 1.00065517426,
        "min": -6.42111539841,
        "var": 3.94365501404
    },
    "barkbands_spread": {
        "dmean": 7.17668628693,
        "dmean2": 11.1333379745,
        "dvar": 65.7740020752,
        "dvar2": 146.706954956,
        "max": 91.248298645,
        "mean": 25.6046943665,
        "median": 23.7102813721,
        "min": 0.153130799532,
        "var": 277.388397217
    },
    "dissonance": {
        "dmean": 0.0248403213918,
        "dmean2": 0.0424122735858,
        "dvar": 0.00102367764339,
        "dvar2": 0.00284274457954,
        "max": 0.500000059605,
        "mean": 0.44737136364,
        "median": 0.466359198093,
        "min": 0.0594614557922,
        "var": 0.00327392132021
    },
    "dynamic_complexity": 3.9289958477,
    "erbbands_crest": {
        "dmean": 3.03289413452,
        "dmean2": 4.95543766022,
        "dvar": 11.3082008362,
        "dvar2": 26.2253093719,
        "max": 34.5099983215,
        "mean": 11.2281332016,
        "median": 9.16422080994,
        "min": 2.26090359688,
        "var": 51.5351219177
    },
    "erbbands_flatness_db": {
        "dmean": 0.0240146871656,
        "dmean2": 0.0355455316603,
        "dvar": 0.000819094537292,
        "dvar2": 0.00161525793374,
        "max": 0.50179952383,
        "mean": 0.177777007222,
        "median": 0.138816893101,
        "min": 0.0556534677744,
        "var": 0.00974908936769
    },
    "erbbands_kurtosis": {
        "dmean": 2.06876134872,
        "dmean2": 3.32286047935,
        "dvar": 53.9017066956,
        "dvar2": 124.771568298,
        "max": 248.654556274,
        "mean": 2.41795778275,
        "median": 0.166682720184,
        "min": -1.75130820274,
        "var": 83.1835098267
    },
    "erbbands_skewness": {
        "dmean": 0.404245883226,
        "dmean2": 0.611701846123,
        "dvar": 0.334200948477,
        "dvar2": 0.654561877251,
        "max": 12.1835241318,
        "mean": 0.499677836895,
        "median": 0.348080456257,
        "min": -9.52681446075,
        "var": 1.24185407162
    },
    "erbbands_spread": {
        "dmean": 9.32104587555,
        "dmean2": 13.7387247086,
        "dvar": 123.173362732,
        "dvar2": 249.662948608,
        "max": 129.950027466,
        "mean": 35.0018463135,
        "median": 33.484161377,
        "min": 0.349754661322,
        "var": 441.382415771
    },
    "hfc": {
        "dmean": 11.926815033,
        "dmean2": 17.3308258057,
        "dvar": 314.073974609,
        "dvar2": 663.038330078,
        "max": 140.030990601,
        "mean": 24.9375648499,
        "median": 15.1669139862,
        "min": 1.18294186194e-16,
        "var": 728.55657959
    },
    "melbands_crest": {
        "dmean": 3.92025780678,
        "dmean2": 6.16005468369,
        "dvar": 16.2073860168,
        "dvar2": 35.7532081604,
        "max": 37.758102417,
        "mean": 17.1286506653,
        "median": 15.4339103699,
        "min": 1.72291886806,
        "var": 70.3049621582
    },
    "melbands_flatness_db": {
        "dmean": 0.035388700664,
        "dmean2": 0.0521877482533,
        "dvar": 0.00157088600099,
        "dvar2": 0.00311085791327,
        "max": 0.646657049656,
        "mean": 0.198548972607,
        "median": 0.168030440807,
        "min": 0.00389076140709,
        "var": 0.0137334698811
    },
    "melbands_kurtosis": {
        "dmean": 11.102309227,
        "dmean2": 17.0444736481,
        "dvar": 1934.43933105,
        "dvar2": 3805.30102539,
        "max": 1336.20385742,
        "mean": 18.5602760315,
        "median": 4.95280456543,
        "min": -1.93687558174,
        "var": 4519.52539062
    },
    "melbands_skewness": {
        "dmean": 0.934058666229,
        "dmean2": 1.39315700531,
        "dvar": 1.82220315933,
        "dvar2": 3.5473947525,
        "max": 25.955537796,
        "mean": 2.55206298828,
        "median": 1.94296276569,
        "min": -5.94643640518,
        "var": 6.43721866608
    },
    "melbands_spread": {
        "dmean": 9.57452392578,
        "dmean2": 15.1965990067,
        "dvar": 151.477386475,
        "dvar2": 351.507995605,
        "max": 184.61428833,
        "mean": 29.4673080444,
        "median": 25.2286720276,
        "min": 0.141793876886,
        "var": 583.615600586
    },
    "pitch_salience": {
        "dmean": 0.0890434011817,
        "dmean2": 0.141212046146,
        "dvar": 0.00861328002065,
        "dvar2": 0.0204582437873,
        "max": 0.972161650658,
        "mean": 0.486967384815,
        "median": 0.500367581844,
        "min": 0.0654406994581,
        "var": 0.0261178314686
    },
    "silence_rate_20dB": {
        "dmean": 0,
        "dmean2": 0,
        "dvar": 0,
        "dvar2": 0,
        "max": 1,
        "mean": 1,
        "median": 1,
        "min": 1,
        "var": 0
    },
    "silence_rate_30dB": {
        "dmean": 0.000454081047792,
        "dmean2": 0.000908265239559,
        "dvar": 0.000453893124359,
        "dvar2": 0.00136164575815,
        "max": 1,
        "mean": 0.999772965908,
        "median": 1,
        "min": 0,
        "var": 0.000226944335736
    },
    "silence_rate_60dB": {
        "dmean": 0.066068790853,
        "dmean2": 0.132152587175,
        "dvar": 0.0617089606822,
        "dvar2": 0.142612367868,
        "max": 1,
        "mean": 0.128149822354,
        "median": 0,
        "min": 0,
        "var": 0.111724831164
    },
    "spectral_centroid": {
        "dmean": 269.686401367,
        "dmean2": 415.142333984,
        "dvar": 115793.601562,
        "dvar2": 256534.296875,
        "max": 11493.9355469,
        "mean": 1652.49694824,
        "median": 1549.63793945,
        "min": 152.973846436,
        "var": 546417.4375
    },
    "spectral_complexity": {
        "dmean": 5.41014862061,
        "dmean2": 7.90712976456,
        "dvar": 49.953754425,
        "dvar2": 88.7180557251,
        "max": 63,
        "mean": 18.006811142,
        "median": 15,
        "min": 0,
        "var": 191.126251221
    },
    "spectral_decrease": {
        "dmean": 2.47112819096e-09,
        "dmean2": 3.66023455989e-09,
        "dvar": 1.19824829323e-17,
        "dvar2": 2.22244620506e-17,
        "max": -3.35727205126e-29,
        "mean": -6.06940675496e-09,
        "median": -4.06521394325e-09,
        "min": -2.97585351916e-08,
        "var": 3.40155924646e-17
    },
    "spectral_energy": {
        "dmean": 0.0101397577673,
        "dmean2": 0.0149730611593,
        "dvar": 0.000196943728952,
        "dvar2": 0.000362604652764,
        "max": 0.118896469474,
        "mean": 0.0251692794263,
        "median": 0.0174768567085,
        "min": 1.10271859434e-20,
        "var": 0.000558452797122
    },
    "spectral_energyband_high": {
        "dmean": 0.000944291648921,
        "dmean2": 0.00138007826172,
        "dvar": 2.4546000077e-06,
        "dvar2": 5.18689785167e-06,
        "max": 0.0155888199806,
        "mean": 0.00165433401708,
        "median": 0.000624107720796,
        "min": 7.87860452888e-21,
        "var": 5.56235954718e-06
    },
    "spectral_energyband_low": {
        "dmean": 0.00563812861219,
        "dmean2": 0.00864986982197,
        "dvar": 0.000103818172647,
        "dvar2": 0.000212131097214,
        "max": 0.0908579677343,
        "mean": 0.0108522213995,
        "median": 0.00291768391617,
        "min": 7.11474660161e-23,
        "var": 0.000267971481662
    },
    "spectral_energyband_middle_high": {
        "dmean": 0.00271745305508,
        "dmean2": 0.00426645250991,
        "dvar": 1.44061577885e-05,
        "dvar2": 3.32983290718e-05,
        "max": 0.0446513928473,
        "mean": 0.00583161367103,
        "median": 0.00382712832652,
        "min": 1.65030387997e-21,
        "var": 3.81814352295e-05
    },
    "spectral_energyband_middle_low": {
        "dmean": 0.00514011038467,
        "dmean2": 0.0080406870693,
        "dvar": 9.59588287515e-05,
        "dvar2": 0.000239294895437,
        "max": 0.074214540422,
        "mean": 0.00806538388133,
        "median": 0.00469050370157,
        "min": 4.26290436736e-22,
        "var": 0.000108348154754
    },
    "spectral_entropy": {
        "dmean": 0.210357218981,
        "dmean2": 0.322568535805,
        "dvar": 0.0901308059692,
        "dvar2": 0.194004252553,
        "max": 9.79119682312,
        "mean": 7.555727005,
        "median": 7.91187763214,
        "min": 4.09871959686,
        "var": 1.00408351421
    },
    "spectral_flux": {
        "dmean": 0.0358914397657,
        "dmean2": 0.0563676506281,
        "dvar": 0.00162210327107,
        "dvar2": 0.00367358815856,
        "max": 0.313393056393,
        "mean": 0.0849013477564,
        "median": 0.0723801553249,
        "min": 6.77188236042e-11,
        "var": 0.00363613944501
    },
    "spectral_kurtosis": {
        "dmean": 2.11814069748,
        "dmean2": 3.45320940018,
        "dvar": 36.6085929871,
        "dvar2": 101.928482056,
        "max": 159.624984741,
        "mean": 5.95221853256,
        "median": 2.7375497818,
        "min": -1.22264444828,
        "var": 190.296585083
    },
    "spectral_rms": {
        "dmean": 0.00100552721415,
        "dmean2": 0.0014518648386,
        "dvar": 1.49469917687e-06,
        "dvar2": 2.54218616647e-06,
        "max": 0.0107701700181,
        "mean": 0.00432971073315,
        "median": 0.00412923609838,
        "min": 3.27997416553e-12,
        "var": 5.80905361858e-06
    },
    "spectral_rolloff": {
        "dmean": 712.676391602,
        "dmean2": 1167.49829102,
        "dvar": 1270001.25,
        "dvar2": 2869256.75,
        "max": 18776.953125,
        "mean": 2087.03881836,
        "median": 1399.65820312,
        "min": 43.06640625,
        "var": 4523821.5
    },
    "spectral_skewness": {
        "dmean": 0.248280018568,
        "dmean2": 0.389384031296,
        "dvar": 0.16338069737,
        "dvar2": 0.431844443083,
        "max": 9.87610149384,
        "mean": 1.61900377274,
        "median": 1.42051398754,
        "min": -0.0548826642334,
        "var": 1.00585854053
    },
    "spectral_spread": {
        "dmean": 682467.5625,
        "dmean2": 973827.125,
        "dvar": 809334341632,
        "dvar2": 1.46668270387e+12,
        "max": 40399904,
        "mean": 5326807,
        "median": 5505274,
        "min": 416812.3125,
        "var": 3.56941509427e+12
    },
    "spectral_strongpeak": {
        "dmean": 0.598324537277,
        "dmean2": 0.988775730133,
        "dvar": 0.850623548031,
        "dvar2": 2.13704657555,
        "max": 8.98238182068,
        "mean": 1.03591835499,
        "median": 0.54460144043,
        "min": 0,
        "var": 1.38701963425
    },
    "zerocrossingrate": {
        "dmean": 0.0137041350827,
        "dmean2": 0.0150276208296,
        "dvar": 0.000244962342549,
        "dvar2": 0.000290415191557,
        "max": 0.81787109375,
        "mean": 0.0788100361824,
        "median": 0.06982421875,
        "min": 0.001953125,
        "var": 0.00410029757768
    },
    "barkbands": {
        "dmean": [0.000373138289433, 0.00404008198529, 0.0021628185641, 0.00223012291826, 0.0012598320609, 0.000538019114174, 0.000546515395399, 0.00054728059331, 0.000693146081176, 0.000810665369499, 0.000439195311628, 0.000613418058492, 0.000522675283719, 0.000635019678157, 0.000259055756032, 0.000177469351911, 0.000226215328439, 0.000224746938329, 0.00018613661814, 0.000240432971623, 0.000163580698427, 0.000200391339604, 0.000169821738382, 0.000198278896278, 0.000143703378853, 7.25476566004e-05, 2.86067779598e-06],
        "dmean2": [0.000575752637815, 0.006257600151, 0.00376267661341, 0.00386973959394, 0.0020365815144, 0.000894700933713, 0.000898668367881, 0.000896981044207, 0.00104586395901, 0.00115643325262, 0.000671494111884, 0.00102054816671, 0.000869201903697, 0.00106666213833, 0.000437932030763, 0.00030381421675, 0.000388145592296, 0.000373247894458, 0.000304417219013, 0.000387811276596, 0.000263381778495, 0.000325412169332, 0.000262704765191, 0.000297155347653, 0.000211529855733, 0.000107576765004, 4.84710517412e-06],
        "dvar": [4.34298783603e-07, 6.84590486344e-05, 3.90083187085e-05, 3.77482938347e-05, 7.94559400674e-06, 8.81801383912e-07, 9.82715619102e-07, 1.12803274988e-06, 1.77698063908e-06, 5.71628697799e-06, 1.85474118553e-06, 2.36043661062e-06, 1.56455450906e-06, 2.76106902675e-06, 4.09319881101e-07, 1.05963380292e-07, 1.53883945586e-07, 1.85918096918e-07, 1.21539216025e-07, 2.08380683375e-07, 9.15121347589e-08, 1.19377787655e-07, 8.3333716816e-08, 1.1716713999e-07, 6.91934758379e-08, 1.75634333743e-08, 6.30611118879e-11],
        "dvar2": [9.93825551632e-07, 0.000133995141368, 0.000105582796095, 0.000100852186733, 1.98158395506e-05, 2.23337156058e-06, 2.47504749495e-06, 2.8045376439e-06, 3.92024230678e-06, 1.05344834083e-05, 4.0737791096e-06, 6.06148023508e-06, 3.95413871956e-06, 7.63389380154e-06, 1.11435088002e-06, 3.02855028167e-07, 4.40582908823e-07, 4.80124128899e-07, 2.90845207473e-07, 5.11703319717e-07, 2.19923123268e-07, 2.83012298041e-07, 1.94264885067e-07, 2.59938985891e-07, 1.52306398604e-07, 3.98074213592e-08, 1.65197300284e-10],
        "max": [0.00749903963879, 0.0825134664774, 0.0566883534193, 0.0576668083668, 0.0277339629829, 0.0151911759749, 0.0172748211771, 0.0141820777208, 0.0185149908066, 0.0538757070899, 0.0326300002635, 0.0322771705687, 0.0269611235708, 0.0237871408463, 0.0199154745787, 0.00421568099409, 0.00454380409792, 0.00630710879341, 0.00411431770772, 0.00476393476129, 0.00360709847882, 0.00371307786554, 0.00326877296902, 0.00266864034347, 0.00263599888422, 0.00123635411728, 0.000196161316126],
        "mean": [0.00052367139142, 0.00771344592795, 0.00180851086043, 0.00182066275738, 0.00139893277083, 0.000880338251591, 0.000919850484934, 0.000831299053971, 0.00124955293722, 0.00136565172579, 0.000748502905481, 0.000863106979523, 0.000710352149326, 0.000882018124685, 0.000389645108953, 0.00022742364672, 0.000345842534443, 0.000343872467056, 0.000301992928144, 0.000407889601775, 0.000274463294772, 0.00034541299101, 0.000264255242655, 0.00028434075648, 0.000180634189746, 8.41431683511e-05, 3.46230285686e-06],
        "median": [0.000113941001473, 0.00130940275267, 0.000220754562179, 0.000144205594552, 0.000286945258267, 0.000328470254317, 0.000292205717415, 0.000315605284413, 0.000487199984491, 0.000366778927855, 0.00019773512031, 0.000278553925455, 0.000241199959419, 0.000185735756531, 0.000170355400769, 7.49648097553e-05, 0.000131788328872, 0.000129682113766, 0.000102688543848, 0.000141219847137, 0.00010801175813, 0.000103061007394, 8.5794905317e-05, 7.92497739894e-05, 5.30875367986e-05, 2.44965704042e-05, 1.21993892321e-07],
        "min": [3.76052039627e-25, 2.39666277084e-23, 1.51712467115e-23, 1.03380584505e-23, 5.90546259249e-23, 9.55852409001e-23, 1.50496359143e-23, 6.11718717966e-23, 3.57510216079e-23, 7.7301691793e-23, 5.21420713153e-23, 5.42940838648e-23, 1.0265783961e-22, 2.71069488657e-23, 5.76427605421e-23, 1.32876248368e-22, 2.87189167058e-22, 8.58461156256e-23, 2.49646607624e-22, 3.85685178481e-22, 4.66434848762e-22, 3.94112434381e-22, 7.3969313613e-22, 6.61587576142e-22, 1.20094821059e-21, 1.68115634357e-21, 2.35826506725e-21],
        "var": [7.85401255143e-07, 0.000172795305843, 2.7770669476e-05, 2.8633090551e-05, 7.9807050497e-06, 1.79181688509e-06, 2.0552697606e-06, 1.70426392287e-06, 3.72062254428e-06, 1.04725004348e-05, 3.37205528922e-06, 3.57564567821e-06, 2.30420641856e-06, 4.0732297748e-06, 5.59884995255e-07, 1.37469015726e-07, 2.57801787029e-07, 2.84168606868e-07, 2.20107267523e-07, 3.7838324829e-07, 1.70362312701e-07, 2.95234713121e-07, 1.61073899108e-07, 2.01649896781e-07, 8.98365115631e-08, 2.0898646369e-08, 1.27640495395e-10]
    },
    "erbbands": {
        "dmean": [0.147739589214, 0.932073950768, 2.35710716248, 5.08170700073, 6.37214612961, 3.81174254417, 3.74204158783, 4.30071783066, 7.46678304672, 8.52414894104, 16.4004230499, 13.4134588242, 29.5291137695, 15.7750015259, 13.6194286346, 25.1780586243, 24.743019104, 30.8709945679, 17.647228241, 11.7385454178, 11.1078290939, 10.4468564987, 11.3297376633, 11.2566156387, 9.86398601532, 11.3665771484, 7.41413068771, 6.7704911232, 6.90149211884, 6.79624652863, 4.40323162079, 4.7201333046, 2.96076154709, 1.91179656982, 0.87770730257, 0.420983016491, 0.117232300341, 0.0112046878785, 0.000658529577777, 2.65372473223e-05],
        "dmean2": [0.212054356933, 1.43912923336, 3.95745515823, 8.68956279755, 10.479637146, 6.40245580673, 6.3483581543, 7.1687951088, 12.3307905197, 13.8676261902, 25.5656986237, 20.2627258301, 41.3784408569, 24.1571712494, 21.0308170319, 41.8193511963, 40.7680168152, 51.5608520508, 29.5724239349, 19.6722984314, 19.2255001068, 17.4822940826, 18.7653694153, 18.7178649902, 16.0569171906, 18.5991153717, 11.6420269012, 10.99264431, 10.9506521225, 11.0249023438, 6.61455488205, 7.2008972168, 4.47775030136, 2.8863928318, 1.27678966522, 0.624026238918, 0.177832633257, 0.0170742664486, 0.00106523814611, 3.87976651837e-05],
        "dvar": [0.0955930650234, 3.900421381, 42.9123306274, 179.377441406, 252.604019165, 76.4208755493, 53.0759277344, 60.0489006042, 168.681274414, 277.11605835, 1135.58007812, 643.55090332, 8876.39160156, 1890.45129395, 2605.38061523, 3785.24414062, 3092.11572266, 5819.34765625, 1931.89282227, 583.919433594, 352.738525391, 341.659332275, 500.28237915, 427.105285645, 371.619934082, 483.456115723, 173.336746216, 156.55657959, 134.3802948, 157.764038086, 52.6233673096, 74.4088821411, 24.3727798462, 13.5880794525, 2.34674096107, 0.580259442329, 0.0484022796154, 0.000466969882837, 3.03264891954e-06, 1.64952485004e-09],
        "dvar2": [0.163857519627, 8.06040096283, 113.137687683, 471.723358154, 639.825195312, 202.766525269, 139.419448853, 153.904052734, 437.823120117, 651.571533203, 2738.90795898, 1428.7857666, 16405.4238281, 4307.43798828, 5792.06933594, 9831.70019531, 7698.74316406, 15971.5771484, 5263.65576172, 1588.49060059, 1031.53393555, 903.296569824, 1280.52038574, 1099.89868164, 882.017578125, 1256.1998291, 390.678497314, 380.22052002, 305.073242188, 411.935699463, 114.069900513, 173.824447632, 54.1635246277, 31.3003520966, 4.94793272018, 1.26801228523, 0.115037128329, 0.00110295729246, 8.03132115834e-06, 3.68187502708e-09],
        "max": [2.9600455761, 20.2661075592, 57.17212677, 114.964347839, 175.553192139, 99.9537506104, 98.7718505859, 132.208267212, 190.316619873, 282.749328613, 504.825744629, 517.200378418, 2077.68994141, 1147.88427734, 1624.59338379, 1496.45410156, 1185.68359375, 1274.24169922, 941.624389648, 672.112426758, 220.77243042, 281.069274902, 384.009460449, 221.912872314, 246.745391846, 245.100036621, 148.796096802, 156.180969238, 117.987106323, 114.53326416, 80.455657959, 72.393119812, 43.4986305237, 37.6729621887, 14.6970529556, 6.19885873795, 2.06994056702, 0.209446772933, 0.0430795885623, 0.000587318907492],
        "mean": [0.296723365784, 1.42351400852, 2.14583420753, 4.35370206833, 5.83311223984, 4.33364009857, 5.05209922791, 6.95852851868, 12.800907135, 13.7468175888, 27.6353931427, 24.5224170685, 49.2368507385, 27.8986740112, 22.394618988, 37.9303970337, 37.0132293701, 45.4146575928, 25.778678894, 18.8644771576, 15.8054113388, 17.5286636353, 18.1892585754, 17.2590007782, 16.6393070221, 18.3933429718, 13.0221033096, 11.1784725189, 12.0687961578, 10.5720624924, 7.12532043457, 6.59934568405, 4.20030879974, 2.34410881996, 1.11755335331, 0.498142361641, 0.131371498108, 0.0135835213587, 0.000866931630298, 5.24759598193e-05],
        "median": [0.0429427847266, 0.263921737671, 0.439932703972, 0.57727432251, 0.621039748192, 0.960949897766, 1.673001647, 2.65782737732, 3.90799856186, 4.61188602448, 10.6750583649, 11.1716041565, 12.9479646683, 9.38598823547, 7.14855194092, 13.4824638367, 15.0397920609, 13.182513237, 9.41814613342, 8.38298988342, 6.58195400238, 7.0049571991, 6.4929523468, 6.55089855194, 5.68988990784, 6.3620839119, 5.25912189484, 3.99555873871, 3.64841389656, 3.05112099648, 2.35422134399, 1.79685032368, 1.24156045914, 0.633918762207, 0.34961438179, 0.144315034151, 0.0346372723579, 0.00327670760453, 0.000121528399177, 3.40586411767e-05],
        "min": [1.13500832464e-21, 4.06205376708e-21, 1.36644469548e-20, 3.69273297165e-20, 1.10203101661e-19, 1.44814018701e-19, 2.18356372217e-19, 7.63661103122e-19, 6.30783843498e-19, 1.15815542797e-18, 1.01602077652e-18, 8.46229237892e-19, 2.46981924081e-18, 2.11884857486e-18, 2.60808578892e-18, 3.06772213797e-18, 4.57774655004e-18, 1.90025120874e-18, 3.19526780496e-18, 5.12194826145e-18, 7.04421384822e-18, 1.49391796477e-17, 6.59832544775e-18, 8.48970369685e-18, 1.51497914122e-17, 1.74449479512e-17, 1.77623603133e-17, 2.01724684876e-17, 1.43120394314e-17, 1.93293216348e-17, 1.7908612463e-17, 1.49775029255e-17, 1.15551357853e-17, 1.14220821294e-17, 9.29731900637e-18, 6.49136024119e-18, 2.89508458105e-18, 1.14202199391e-18, 3.20910379657e-19, 3.70657596845e-20],
        "var": [0.296674251556, 6.88882446289, 33.7990188599, 138.672790527, 224.377868652, 72.7565765381, 70.805809021, 117.495300293, 375.386932373, 525.510192871, 1973.75048828, 1271.2791748, 16025.0117188, 3494.03833008, 4090.98706055, 6056.10693359, 4828.20068359, 8941.57519531, 2662.39501953, 910.579162598, 502.502716064, 654.213867188, 826.167053223, 685.943664551, 671.999389648, 792.453918457, 362.62612915, 290.147003174, 359.273864746, 282.4012146, 113.414474487, 115.976020813, 41.7392082214, 16.318819046, 3.24868822098, 0.719328939915, 0.0534491725266, 0.000599370803684, 6.21116896582e-06, 3.55421847509e-09]
    },
    "gfcc": {
        "mean": [-37.6285476685, 53.6596641541, -129.890136719, 18.7694549561, -69.3044433594, 20.7245330811, -32.6653137207, 15.8976993561, -19.8580207825, 8.58426475525, -15.6383905411, -0.542207837105, -11.6347522736],
        "cov": [[27063.1660156, -386.468353271, 2284.90576172, 2871.72216797, 452.046966553, 1800.63024902, -623.131896973, 438.708984375, -1027.93603516, 718.223815918, -33.1342658997, 839.976318359, -446.655914307], [-386.468353271, 1421.37304688, 308.474151611, -172.791427612, 366.98348999, 110.447273254, 130.889389038, -64.8548049927, 86.0697631836, 77.1444473267, 193.102355957, 30.1659374237, 53.7578659058], [2284.90576172, 308.474151611, 2169.37866211, 1104.33972168, 831.226928711, 821.265441895, 219.112518311, 250.492599487, -181.166656494, 98.438621521, -93.3199310303, 160.160446167, -145.557876587], [2871.72216797, -172.791427612, 1104.33972168, 1441.98461914, 441.773620605, 592.881896973, 160.617935181, 251.362640381, -37.1805686951, 20.6116809845, -150.882003784, -7.6281671524, -124.61113739], [452.046966553, 366.98348999, 831.226928711, 441.773620605, 580.787658691, 416.072692871, 196.417114258, 101.388664246, -2.7122695446, 86.1352233887, 52.6806335449, 81.6748199463, -31.5874595642], [1800.63024902, 110.447273254, 821.265441895, 592.881896973, 416.072692871, 627.215759277, 180.596389771, 133.351974487, -112.288513184, 90.0244293213, 46.4225578308, 141.061096191, -40.0055770874], [-623.131896973, 130.889389038, 219.112518311, 160.617935181, 196.417114258, 180.596389771, 310.368988037, 174.740722656, 105.349113464, -76.6434402466, -59.5696372986, -44.8827705383, 38.8867340088], [438.708984375, -64.8548049927, 250.492599487, 251.362640381, 101.388664246, 133.351974487, 174.740722656, 272.43359375, 115.922218323, -10.4980249405, -136.176193237, -57.0962905884, -7.06519126892], [-1027.93603516, 86.0697631836, -181.166656494, -37.1805686951, -2.7122695446, -112.288513184, 105.349113464, 115.922218323, 281.847442627, 69.0538406372, -13.9056129456, -159.838607788, -19.8094615936], [718.223815918, 77.1444473267, 98.438621521, 20.6116809845, 86.1352233887, 90.0244293213, -76.6434402466, -10.4980249405, 69.0538406372, 314.523620605, 219.16293335, 86.0477142334, -74.9904022217], [-33.1342658997, 193.102355957, -93.3199310303, -150.882003784, 52.6806335449, 46.4225578308, -59.5696372986, -136.176193237, -13.9056129456, 219.16293335, 346.15536499, 196.005462646, 22.5887012482], [839.976318359, 30.1659374237, 160.160446167, -7.6281671524, 81.6748199463, 141.061096191, -44.8827705383, -57.0962905884, -159.838607788, 86.0477142334, 196.005462646, 307.500244141, 92.9388656616], [-446.655914307, 53.7578659058, -145.557876587, -124.61113739, -31.5874595642, -40.0055770874, 38.8867340088, -7.06519126892, -19.8094615936, -74.9904022217, 22.5887012482, 92.9388656616, 153.511169434]],
        "icov": [[0.000107492574898, -0.000157217800734, 0.000167528225575, -0.000215534004383, 0.00014578277478, -0.000171163133928, 0.000194860214833, -0.000307542417431, 0.000439452531282, -0.000446408696007, 0.000462794851046, -0.000385128689231, 0.000277286308119], [-0.000157217800734, 0.0014434850309, -0.000573573750444, 0.000727629696485, -0.00109833630268, 0.000161553849466, 0.000128382482217, 0.000408367021009, -0.000868098286446, 0.00124798750039, -0.00215319846757, 0.0019330236828, -0.00146960432176], [0.000167528225575, -0.000573573750444, 0.00223087565973, -0.000815027218778, -0.00149968801998, -0.000528165954165, 0.000211665697861, -0.000791113416199, 0.00148252898362, -0.00137247273233, 0.00266260909848, -0.00223189638928, 0.00208604475483], [-0.000215534004383, 0.000727629696485, -0.000815027218778, 0.00220057484694, -0.000644611485768, -0.00131541443989, 0.0012174443109, -0.000141279204399, -0.00227030506358, 0.00251072784886, -0.00152858626097, 0.00105654855724, -0.000139974770718], [0.00014578277478, -0.00109833630268, -0.00149968801998, -0.000644611485768, 0.00709185702726, -0.00166519312188, -0.00280366349034, 0.0025348183699, -0.0014701357577, -0.00188022025395, 0.00199036044069, -0.00230507063679, 0.000710194115527], [-0.000171163133928, 0.000161553849466, -0.000528165954165, -0.00131541443989, -0.00166519312188, 0.00827731750906, -0.00560594722629, -0.00113759050146, 0.00684295548126, -0.00419686175883, -0.00138849869836, 0.00232216226868, -0.00130970496684], [0.000194860214833, 0.000128382482217, 0.000211665697861, 0.0012174443109, -0.00280366349034, -0.00560594722629, 0.0163627415895, -0.00874613411725, -0.00563772162423, 0.0111560216174, -0.00747712748125, 0.00230464711785, -0.00044716076809], [-0.000307542417431, 0.000408367021009, -0.000791113416199, -0.000141279204399, 0.0025348183699, -0.00113759050146, -0.00874613411725, 0.0192760229111, -0.0101351421326, -0.00534051796421, 0.013534723781, -0.00940781645477, 0.00121255160775], [0.000439452531282, -0.000868098286446, 0.00148252898362, -0.00227030506358, -0.0014701357577, 0.00684295548126, -0.00563772162423, -0.0101351421326, 0.0257310848683, -0.0127598457038, -0.00439192773774, 0.0146246282384, -0.0075326859951], [-0.000446408696007, 0.00124798750039, -0.00137247273233, 0.00251072784886, -0.00188022025395, -0.00419686175883, 0.0111560216174, -0.00534051796421, -0.0127598457038, 0.0231593344361, -0.01433368586, -0.00112908822484, 0.00690793758258], [0.000462794851046, -0.00215319846757, 0.00266260909848, -0.00152858626097, 0.00199036044069, -0.00138849869836, -0.00747712748125, 0.013534723781, -0.00439192773774, -0.01433368586, 0.0267913341522, -0.0178891532123, 0.00526854768395], [-0.000385128689231, 0.0019330236828, -0.00223189638928, 0.00105654855724, -0.00230507063679, 0.00232216226868, 0.00230464711785, -0.00940781645477, 0.0146246282384, -0.00112908822484, -0.0178891532123, 0.0278482120484, -0.01683396101], [0.000277286308119, -0.00146960432176, 0.00208604475483, -0.000139974770718, 0.000710194115527, -0.00130970496684, -0.00044716076809, 0.00121255160775, -0.0075326859951, 0.00690793758258, 0.00526854768395, -0.01683396101, 0.0214927401394]]
    },
    "melbands": {
        "dmean": [0.00116803788114, 0.00116779096425, 0.000930747075472, 0.000341877312167, 0.000131793392939, 0.000102323545434, 0.00011343305232, 9.21912942431e-05, 0.0001548807777, 8.22380534373e-05, 0.000146125006722, 5.96909085289e-05, 4.59447728645e-05, 4.62568386865e-05, 8.07620235719e-05, 5.40008404641e-05, 6.51623122394e-05, 3.24800384988e-05, 2.19722260226e-05, 1.370731934e-05, 1.47760820255e-05, 1.27407656692e-05, 9.83052359516e-06, 1.01016030385e-05, 9.50017602008e-06, 7.24181882106e-06, 8.3368668129e-06, 7.93181061454e-06, 5.14357861903e-06, 3.9232591007e-06, 4.23527353632e-06, 4.23920346293e-06, 4.05171431339e-06, 4.00271665058e-06, 2.396634045e-06, 3.13542682306e-06, 2.63505125986e-06, 2.03732497539e-06, 1.93276855498e-06, 1.57256738476e-06],
        "dmean2": [0.00176095555071, 0.00182557036169, 0.00155796494801, 0.00054890307365, 0.000225026014959, 0.000169818187715, 0.000186203789781, 0.000150662570377, 0.000237871980062, 0.000123872392578, 0.000205425327295, 9.32399198064e-05, 7.07210274413e-05, 7.53939675633e-05, 0.000134592337417, 8.94163895282e-05, 0.000109017935756, 5.46939518244e-05, 3.69969347958e-05, 2.34648014157e-05, 2.58146919805e-05, 2.16150347114e-05, 1.62693868333e-05, 1.66970021382e-05, 1.59540759341e-05, 1.19439355331e-05, 1.3501162357e-05, 1.3067204236e-05, 8.04004685051e-06, 6.30107524557e-06, 6.97212044543e-06, 6.71658244755e-06, 6.55482699585e-06, 6.63697937853e-06, 3.63729509445e-06, 4.82542009195e-06, 4.0555241867e-06, 3.10540258397e-06, 2.95535119221e-06, 2.40626445702e-06],
        "dvar": [5.69390294913e-06, 7.74672571424e-06, 5.64032143302e-06, 6.06914511536e-07, 7.24006099517e-08, 3.22497442085e-08, 3.88725638345e-08, 3.38238344e-08, 1.08474530691e-07, 2.40083739556e-08, 2.16855937651e-07, 2.71689728493e-08, 2.33388028903e-08, 1.93254461323e-08, 3.91755996532e-08, 2.48038141137e-08, 2.99555438232e-08, 9.10058162162e-09, 4.03921474046e-09, 6.81051659512e-10, 7.03289537718e-10, 5.03549812958e-10, 3.29721916437e-10, 4.36572639151e-10, 3.04386849059e-10, 1.92260596332e-10, 2.90736296149e-10, 2.32032754122e-10, 8.19208173519e-11, 5.71729157073e-11, 6.05761829586e-11, 5.03707978106e-11, 5.59667381883e-11, 5.54997020563e-11, 1.50003308386e-11, 3.16636959707e-11, 2.19891587577e-11, 1.07674928002e-11, 1.33159551094e-11, 9.63341385829e-12],
        "dvar2": [1.05618892121e-05, 1.85936260095e-05, 1.43302650031e-05, 1.51447977714e-06, 1.95874719111e-07, 8.25332193699e-08, 9.88313928474e-08, 7.87163330074e-08, 2.54001690791e-07, 5.22809706638e-08, 4.00695967073e-07, 6.26522407288e-08, 5.19305380919e-08, 4.81177586664e-08, 1.03176809318e-07, 6.21881284246e-08, 8.23492598556e-08, 2.48458782437e-08, 1.1099540842e-08, 1.96439797762e-09, 2.10305728388e-09, 1.38001210459e-09, 8.44616820928e-10, 1.1326862781e-09, 7.9021872379e-10, 4.65982252784e-10, 7.07146452505e-10, 6.10447470351e-10, 1.87510215688e-10, 1.35331912343e-10, 1.51683943184e-10, 1.18951265504e-10, 1.44265557833e-10, 1.47979767329e-10, 3.26422291974e-11, 7.09841074809e-11, 5.13317686968e-11, 2.3950905495e-11, 3.08858251474e-11, 2.24362039364e-11],
        "max": [0.0241647213697, 0.0257206019014, 0.0208584107459, 0.00788304489106, 0.00394324492663, 0.00295797502622, 0.00332231330685, 0.00324831693433, 0.00486292224377, 0.00347137311473, 0.0103222932667, 0.00431506568566, 0.00468964874744, 0.00377297960222, 0.00450903596357, 0.00373813486658, 0.00286720809527, 0.00213074614294, 0.00214312016033, 0.00035444230889, 0.000326309615048, 0.000323160726111, 0.000316482823109, 0.000261880544713, 0.000193227082491, 0.000198407709831, 0.000198912239284, 0.00018397027452, 9.80240147328e-05, 8.42039080453e-05, 9.37646182138e-05, 8.32301739138e-05, 8.29998971312e-05, 6.9629495556e-05, 4.61411800643e-05, 5.78702347411e-05, 3.98021984438e-05, 3.32001582137e-05, 4.05474202125e-05, 3.21429288306e-05],
        "mean": [0.00236069224775, 0.00138656154741, 0.000832034274936, 0.000362923718058, 0.000172731539351, 0.000170432467712, 0.000196935827262, 0.000142445234815, 0.000263331457973, 0.000149376515765, 0.000241106477915, 0.000104278238723, 7.59179383749e-05, 7.03880068613e-05, 0.00011527769675, 7.25642676116e-05, 9.02308893274e-05, 4.33310560766e-05, 3.2263185858e-05, 1.87937148439e-05, 1.93846644834e-05, 2.01085058507e-05, 1.57698978001e-05, 1.48544177137e-05, 1.38927534863e-05, 1.14468584798e-05, 1.28418696477e-05, 1.22514520626e-05, 8.66360733198e-06, 6.37325956632e-06, 6.60232808514e-06, 6.82747077008e-06, 6.50950869385e-06, 5.65557274967e-06, 3.89041861126e-06, 4.3690001803e-06, 3.69907024833e-06, 2.95553331853e-06, 2.44133866545e-06, 1.8444396801e-06],
        "median": [0.000401194323786, 0.000341854058206, 0.00010677438695, 5.81522472203e-05, 5.9561280068e-05, 6.61381345708e-05, 6.13346637692e-05, 4.0647588321e-05, 8.83985194378e-05, 6.82691170368e-05, 5.63742214581e-05, 3.16601035593e-05, 2.20193451241e-05, 2.52677127719e-05, 3.75641320716e-05, 1.99216265173e-05, 2.12775121327e-05, 1.17141844385e-05, 1.30060207084e-05, 6.39829613647e-06, 7.0539463195e-06, 7.52439063945e-06, 5.31631394551e-06, 5.42587258678e-06, 4.97095652463e-06, 4.15683643951e-06, 3.89108481613e-06, 4.13937686972e-06, 3.43348574461e-06, 2.42940359385e-06, 2.23096958507e-06, 2.03608169613e-06, 1.85610235803e-06, 1.60802937899e-06, 1.33808407554e-06, 1.22589631246e-06, 1.01104478745e-06, 9.04125613488e-07, 6.44543774797e-07, 4.8605795655e-07],
        "min": [8.04322500077e-24, 6.55078852052e-24, 6.32024352653e-24, 6.40673108074e-24, 8.79114323615e-24, 1.68085937846e-23, 8.34287775993e-24, 1.70145369679e-23, 7.60725313289e-24, 5.15063141123e-24, 1.27958232316e-23, 7.70975456347e-24, 9.98261981474e-24, 5.74323595058e-24, 1.28147629931e-23, 9.25043541011e-24, 2.54913065116e-24, 5.13860364901e-24, 4.32696714616e-24, 1.15566182017e-23, 8.11716177798e-24, 1.28780525147e-23, 1.00985792124e-23, 3.77492307355e-24, 7.23877778179e-24, 8.6860322537e-24, 1.37993655325e-23, 9.27820568056e-24, 9.87993221298e-24, 1.33583733538e-23, 1.03039244392e-23, 7.41460304465e-24, 7.84126950929e-24, 1.23128778523e-23, 9.31521666765e-24, 1.03838328934e-23, 7.79208955387e-24, 7.25610668929e-24, 8.77105016003e-24, 1.03311046416e-23],
        "var": [1.65023011505e-05, 8.74194483913e-06, 4.75651131637e-06, 6.02922796133e-07, 8.21428756126e-08, 6.70598510055e-08, 8.8034155965e-08, 6.35968149254e-08, 2.05009712317e-07, 4.79515058771e-08, 3.91933014043e-07, 4.98454042486e-08, 3.84859397684e-08, 2.83193681838e-08, 5.83655683783e-08, 3.60897516316e-08, 4.34694662488e-08, 1.1701912328e-08, 5.25662580131e-09, 9.29479215817e-10, 9.10666209109e-10, 9.11608843968e-10, 5.88841420068e-10, 5.80268555428e-10, 4.75103512088e-10, 3.28539334626e-10, 4.56866738885e-10, 3.69692304547e-10, 1.63989988256e-10, 9.9734477621e-11, 1.0605046008e-10, 1.19570395252e-10, 1.11828296623e-10, 8.53972725867e-11, 3.32065937247e-11, 5.19457220294e-11, 3.53174087198e-11, 1.99462980854e-11, 1.70647194292e-11, 1.08340489358e-11]
    },
    "mfcc": {
        "mean": [-673.400085449, 84.2716293335, -4.36844205856, 2.91061782837, -9.04023170471, 1.52120423317, -0.34261828661, 3.87012624741, 2.50313973427, 8.23650550842, 3.93054318428, 2.41905498505, -1.83583605289],
        "cov": [[18980.2753906, 151.665847778, 1072.24572754, 1234.03955078, 1291.4173584, 1131.39501953, 712.854797363, 138.256103516, -542.763244629, -409.232269287, -44.9687156677, 221.543823242, 223.812515259], [151.665847778, 1254.95690918, 145.357910156, -86.387840271, 195.407272339, 216.471984863, 210.384872437, 37.2013511658, -3.46180987358, 11.137383461, 101.118591309, 132.05305481, 91.1020126343], [1072.24572754, 145.357910156, 1226.39306641, 649.998657227, 661.634277344, 490.683166504, 424.203613281, 316.425750732, 204.30317688, 86.8723907471, 45.1866989136, -6.84631299973, -11.8355731964], [1234.03955078, -86.387840271, 649.998657227, 738.444763184, 488.436950684, 344.862854004, 239.295806885, 251.884811401, 193.259140015, 130.56690979, 52.3138084412, -4.7778377533, -19.7003974915], [1291.4173584, 195.407272339, 661.634277344, 488.436950684, 589.499450684, 448.08026123, 329.550170898, 184.742889404, 84.1808624268, 67.750793457, 87.1842041016, 59.2343254089, 28.1240081787], [1131.39501953, 216.471984863, 490.683166504, 344.862854004, 448.08026123, 488.050964355, 349.764404297, 160.806838989, -0.294143557549, 1.6583520174, 78.1433792114, 95.0222320557, 60.7225646973], [712.854797363, 210.384872437, 424.203613281, 239.295806885, 329.550170898, 349.764404297, 365.4559021, 227.208770752, 72.980682373, -18.3691864014, 9.96395587921, 57.8101921082, 54.9775276184], [138.256103516, 37.2013511658, 316.425750732, 251.884811401, 184.742889404, 160.806838989, 227.208770752, 313.7059021, 246.919662476, 72.0067214966, -47.40259552, -44.9420204163, -22.3467979431], [-542.763244629, -3.46180987358, 204.30317688, 193.259140015, 84.1808624268, -0.294143557549, 72.980682373, 246.919662476, 369.174560547, 216.589080811, -12.3334255219, -96.0121002197, -86.8309173584], [-409.232269287, 11.137383461, 86.8723907471, 130.56690979, 67.750793457, 1.6583520174, -18.3691864014, 72.0067214966, 216.589080811, 286.304901123, 139.613937378, -23.0847797394, -70.6129760742], [-44.9687156677, 101.118591309, 45.1866989136, 52.3138084412, 87.1842041016, 78.1433792114, 9.96395587921, -47.40259552, -12.3334255219, 139.613937378, 225.616287231, 113.146728516, 27.7543678284], [221.543823242, 132.05305481, -6.84631299973, -4.7778377533, 59.2343254089, 95.0222320557, 57.8101921082, -44.9420204163, -96.0121002197, -23.0847797394, 113.146728516, 176.993362427, 118.668060303], [223.812515259, 91.1020126343, -11.8355731964, -19.7003974915, 28.1240081787, 60.7225646973, 54.9775276184, -22.3467979431, -86.8309173584, -70.6129760742, 27.7543678284, 118.668060303, 149.371368408]],
