{
"lowlevel": {
    "average_loudness": 0.736884653568,
    "barkbands_crest": {
        "dmean": 3.49589467049,
        "dmean2": 5.12027025223,
        "dvar": 12.802485466,
        "dvar2": 23.3817901611,
        "max": 26.2715091705,
        "mean": 12.1979522705,
        "median": 10.905087471,
        "min": 2.09867191315,
        "var": 35.3123168945
    },
    "barkbands_flatness_db": {
        "dmean": 0.0383853279054,
        "dmean2": 0.053321942687,
        "dvar": 0.00167075789068,
        "dvar2": 0.00326323020272,
        "max": 0.685614585876,
        "mean": 0.139280766249,
        "median": 0.122094064951,
        "min": 0.0185002274811,
        "var": 0.00570910330862
    },
    "barkbands_kurtosis": {
        "dmean": 9.3948059082,
        "dmean2": 13.4499511719,
        "dvar": 1095.44165039,
        "dvar2": 2243.375,
        "max": 916.10760498,
        "mean": 12.3795280457,
        "median": 3.06434679031,
        "min": -1.85631763935,
        "var": 1857.26147461
    },
    "barkbands_skewness": {
        "dmean": 0.927478373051,
        "dmean2": 1.31128025055,
        "dvar": 1.9118052721,
        "dvar2": 3.56362438202,
        "max": 25.441450119,
        "mean": 2.29433989525,
        "median": 1.8256521225,
        "min": -3.53939294815,
        "var": 4.95016098022
    },
    "barkbands_spread": {
        "dmean": 9.14676952362,
        "dmean2": 14.0879249573,
        "dvar": 121.24684906,
        "dvar2": 275.732421875,
        "max": 133.936096191,
        "mean": 25.4870586395,
        "median": 23.3130683899,
        "min": 0.117428913713,
        "var": 232.342254639
    },
    "dissonance": {
        "dmean": 0.0192264020443,
        "dmean2": 0.0318888090551,
        "dvar": 0.000356985081453,
        "dvar2": 0.00091904529836,
        "max": 0.500000178814,
        "mean": 0.460496306419,
        "median": 0.465430110693,
        "min": 0.26331743598,
        "var": 0.000800201145466
    },
    "dynamic_complexity": 6.08324813843,
    "erbbands_crest": {
        "dmean": 2.55527257919,
        "dmean2": 3.99941778183,
        "dvar": 7.65651321411,
        "dvar2": 16.6979980469,
        "max": 29.4083061218,
        "mean": 9.34191989899,
        "median": 8.06739807129,
        "min": 2.24752664566,
        "var": 26.0009098053
    },
    "erbbands_flatness_db": {
        "dmean": 0.0192689765245,
        "dmean2": 0.0265999380499,
        "dvar": 0.000511655700393,
        "dvar2": 0.00085962418234,
        "max": 0.40480735898,
        "mean": 0.12876483798,
        "median": 0.113620139658,
        "min": 0.0512628704309,
        "var": 0.00267501501366
    },
    "erbbands_kurtosis": {
        "dmean": 0.889473795891,
        "dmean2": 1.3840764761,
        "dvar": 8.79275798798,
        "dvar2": 17.9018516541,
        "max": 180.039031982,
        "mean": 0.196390882134,
        "median": -0.479467153549,
        "min": -1.83887243271,
        "var": 15.5628080368
    },
    "erbbands_skewness": {
        "dmean": 0.378334611654,
        "dmean2": 0.583648920059,
        "dvar": 0.241355985403,
        "dvar2": 0.520671188831,
        "max": 10.0298061371,
        "mean": 0.516044318676,
        "median": 0.498038321733,
        "min": -2.43096232414,
        "var": 0.590198814869
    },
    "erbbands_spread": {
        "dmean": 9.80420780182,
        "dmean2": 14.5948991776,
        "dvar": 133.829620361,
        "dvar2": 294.196594238,
        "max": 178.232009888,
        "mean": 53.599571228,
        "median": 53.2795906067,
        "min": 1.41316640377,
        "var": 422.682373047
    },
    "hfc": {
        "dmean": 11.7726221085,
        "dmean2": 16.5510082245,
        "dvar": 300.845581055,
        "dvar2": 671.182495117,
        "max": 154.89515686,
        "mean": 21.0049495697,
        "median": 9.92739200592,
        "min": 1.17011950365e-16,
        "var": 673.352111816
    },
    "melbands_crest": {
        "dmean": 4.14834547043,
        "dmean2": 6.24742031097,
        "dvar": 19.7565364838,
        "dvar2": 36.7953910828,
        "max": 36.41223526,
        "mean": 16.9588108063,
        "median": 15.6382465363,
        "min": 2.19993138313,
        "var": 57.4859275818
    },
    "melbands_flatness_db": {
        "dmean": 0.0450557693839,
        "dmean2": 0.0625645667315,
        "dvar": 0.0024718339555,
        "dvar2": 0.00464504910633,
        "max": 0.834442794323,
        "mean": 0.19960680604,
        "median": 0.183389127254,
        "min": 0.00612221984193,
        "var": 0.00818698853254
    },
    "melbands_kurtosis": {
        "dmean": 20.2257881165,
        "dmean2": 29.967212677,
        "dvar": 2628.79736328,
        "dvar2": 5481.08496094,
        "max": 1207.0402832,
        "mean": 34.0479431152,
        "median": 13.7305831909,
        "min": -1.79748690128,
        "var": 4980.15429688
    },
    "melbands_skewness": {
        "dmean": 1.22623515129,
        "dmean2": 1.76872515678,
        "dvar": 2.729575634,
        "dvar2": 5.43446826935,
        "max": 28.1339206696,
        "mean": 3.86722636223,
        "median": 3.14576601982,
        "min": -1.4902869463,
        "var": 7.32497835159
    },
    "melbands_spread": {
        "dmean": 10.4612798691,
        "dmean2": 16.668264389,
        "dvar": 281.732208252,
        "dvar2": 680.316162109,
        "max": 241.809310913,
        "mean": 22.9199008942,
        "median": 18.0949268341,
        "min": 0.155857563019,
        "var": 431.794555664
    },
    "pitch_salience": {
        "dmean": 0.103113338351,
        "dmean2": 0.159167870879,
        "dvar": 0.0119732981548,
        "dvar2": 0.0252345949411,
        "max": 0.991836547852,
        "mean": 0.491299062967,
        "median": 0.496354877949,
        "min": 0.0329958312213,
        "var": 0.0280864108354
    },
    "silence_rate_20dB": {
        "dmean": 0,
        "dmean2": 0,
        "dvar": 0,
        "dvar2": 0,
        "max": 1,
        "mean": 1,
        "median": 1,
        "min": 1,
        "var": 0
    },
    "silence_rate_30dB": {
        "dmean": 0.0750616192818,
        "dmean2": 0.150140061975,
        "dvar": 0.069427266717,
        "dvar2": 0.160768717527,
        "max": 1,
        "mean": 0.901310622692,
        "median": 1,
        "min": 0,
        "var": 0.0889530107379
    },
    "silence_rate_60dB": {
        "dmean": 0.0952274277806,
        "dmean2": 0.190476194024,
        "dvar": 0.0861701220274,
        "dvar2": 0.168071076274,
        "max": 1,
        "mean": 0.230760619044,
        "median": 0,
        "min": 0,
        "var": 0.177487581968
    },
    "spectral_centroid": {
        "dmean": 342.113494873,
        "dmean2": 532.975097656,
        "dvar": 190012.78125,
        "dvar2": 413669.8125,
        "max": 11093.2246094,
        "mean": 1523.42016602,
        "median": 1395.38647461,
        "min": 88.8604125977,
        "var": 546945.875
    },
    "spectral_complexity": {
        "dmean": 5.56912374496,
        "dmean2": 7.94442558289,
        "dvar": 49.9609413147,
        "dvar2": 100.320533752,
        "max": 59,
        "mean": 13.8597517014,
        "median": 11,
        "min": 0,
        "var": 140.329406738
    },
    "spectral_decrease": {
        "dmean": 4.08712352851e-09,
        "dmean2": 5.98010618802e-09,
        "dvar": 4.08717848509e-17,
        "dvar2": 7.4914373182e-17,
        "max": 4.92375538339e-30,
        "mean": -8.38012148563e-09,
        "median": -2.78100587003e-09,
        "min": -4.63916762783e-08,
        "var": 1.1535217607e-16
    },
    "spectral_energy": {
        "dmean": 0.0162228289992,
        "dmean2": 0.0236736703664,
        "dvar": 0.000620126142167,
        "dvar2": 0.00114631082397,
        "max": 0.182403549552,
        "mean": 0.0335336625576,
        "median": 0.01180081442,
        "min": 1.05947473898e-20,
        "var": 0.00177758850623
    },
    "spectral_energyband_high": {
        "dmean": 0.000900421233382,
        "dmean2": 0.0012897249544,
        "dvar": 1.83577071766e-06,
        "dvar2": 3.87986028727e-06,
        "max": 0.0119065307081,
        "mean": 0.00148292758968,
        "median": 0.000539568427484,
        "min": 7.58400383061e-21,
        "var": 4.39575615019e-06
    },
    "spectral_energyband_low": {
        "dmean": 0.0122561622411,
        "dmean2": 0.0175679605454,
        "dvar": 0.000487079494633,
        "dvar2": 0.000824969727546,
        "max": 0.160631224513,
        "mean": 0.02163637802,
        "median": 0.00369404419325,
        "min": 5.69510873004e-23,
        "var": 0.00120893749408
    },
    "spectral_energyband_middle_high": {
        "dmean": 0.00188999355305,
        "dmean2": 0.002737067407,
        "dvar": 1.38004998007e-05,
        "dvar2": 3.01636573568e-05,
        "max": 0.0743093416095,
        "mean": 0.00313892541453,
        "median": 0.00135303928982,
        "min": 1.67380794646e-21,
        "var": 2.60275937762e-05
    },
    "spectral_energyband_middle_low": {
        "dmean": 0.00572614558041,
        "dmean2": 0.00914818141609,
        "dvar": 0.000129039646708,
        "dvar2": 0.000339034682838,
        "max": 0.109296873212,
        "mean": 0.008754003793,
        "median": 0.00384274916723,
        "min": 2.77950406789e-22,
        "var": 0.000165526522323
    },
    "spectral_entropy": {
        "dmean": 0.221594080329,
        "dmean2": 0.317209303379,
        "dvar": 0.0813026726246,
        "dvar2": 0.163544654846,
        "max": 9.79470348358,
        "mean": 7.85519504547,
        "median": 7.95496177673,
        "min": 3.86366081238,
        "var": 0.242449387908
    },
    "spectral_flux": {
        "dmean": 0.0438485257328,
        "dmean2": 0.0627555251122,
        "dvar": 0.00270926114172,
        "dvar2": 0.00489661470056,
        "max": 0.417627960443,
        "mean": 0.0929307565093,
        "median": 0.0674914717674,
        "min": 1.05434778963e-10,
        "var": 0.00708678783849
    },
    "spectral_kurtosis": {
        "dmean": 0.838571429253,
        "dmean2": 1.30367398262,
        "dvar": 2.68436098099,
        "dvar2": 6.07835865021,
        "max": 54.9700660706,
        "mean": 2.29423141479,
        "median": 2.0898270607,
        "min": -1.22643005848,
        "var": 4.26862001419
    },
    "spectral_rms": {
        "dmean": 0.00133113050833,
        "dmean2": 0.00183068751357,
        "dvar": 2.99327984976e-06,
        "dvar2": 5.02970397065e-06,
        "max": 0.0133399656042,
        "mean": 0.00450881384313,
        "median": 0.00339307961985,
        "min": 3.21501766182e-12,
        "var": 1.23863865156e-05
    },
    "spectral_rolloff": {
        "dmean": 945.163696289,
        "dmean2": 1553.92199707,
        "dvar": 2352638.5,
        "dvar2": 5149677.5,
        "max": 18884.6191406,
        "mean": 1759.19519043,
        "median": 882.861328125,
        "min": 64.599609375,
        "var": 5048665
    },
    "spectral_skewness": {
        "dmean": 0.175987780094,
        "dmean2": 0.269569337368,
        "dvar": 0.054396841675,
        "dvar2": 0.120964087546,
        "max": 6.27043819427,
        "mean": 1.29516816139,
        "median": 1.29557847977,
        "min": -0.00548897264525,
        "var": 0.12950091064
    },
    "spectral_spread": {
        "dmean": 676655.125,
        "dmean2": 1023978.6875,
        "dvar": 820074184704,
        "dvar2": 1.74838762701e+12,
        "max": 42155684,
        "mean": 6594147,
        "median": 6564479,
        "min": 1668935.125,
        "var": 1.38697546138e+12
    },
    "spectral_strongpeak": {
        "dmean": 0.33840996027,
        "dmean2": 0.544473230839,
        "dvar": 0.305653065443,
        "dvar2": 0.733683228493,
        "max": 9.94922637939,
        "mean": 0.580686151981,
        "median": 0.360920697451,
        "min": 0,
        "var": 0.520253002644
    },
    "zerocrossingrate": {
        "dmean": 0.0185390971601,
        "dmean2": 0.0207744669169,
        "dvar": 0.000412085093558,
        "dvar2": 0.000460973678855,
        "max": 0.65478515625,
        "mean": 0.0737885534763,
        "median": 0.0634765625,
        "min": 0.00244140625,
        "var": 0.00285760918632
    },
    "barkbands": {
        "dmean": [0.000548019015696, 0.010885797441, 0.00470483954996, 0.00181804597378, 0.00122350268066, 0.00112643197645, 0.000963916536421, 0.000759292277507, 0.000883080181666, 0.000681915902533, 0.000305206485791, 0.000222535556532, 0.000208074605325, 0.000134839239763, 0.00022480887128, 0.000200652066269, 0.000133396897581, 0.000115185248433, 0.00017125706654, 0.00014645876945, 0.000164454409969, 0.000159287883434, 0.000166287136381, 0.000165824443684, 0.000176279179868, 6.93313777447e-05, 4.35072297478e-06],
        "dmean2": [0.000698319869116, 0.0162786189467, 0.0082175238058, 0.00317916716449, 0.0021207688842, 0.00187690719031, 0.00153084739577, 0.00118429667782, 0.00135350297205, 0.00101123529021, 0.000472487270599, 0.000350620568497, 0.000324357213685, 0.000216625150642, 0.000354956719093, 0.000333782925736, 0.000213088074815, 0.000182978867088, 0.000286706839688, 0.000234829160036, 0.000253784615779, 0.000243146321736, 0.000254930928349, 0.000252510479186, 0.000268722767942, 0.000103875529021, 6.92082039677e-06],
        "dvar": [1.48361868924e-06, 0.000462789204903, 0.000148668390466, 2.40979425143e-05, 1.02234998849e-05, 6.42017812424e-06, 4.13698126067e-06, 3.07288814838e-06, 4.55663894172e-06, 4.70333179692e-06, 2.40210556512e-06, 6.13990209786e-07, 4.02612698736e-07, 7.83184006536e-08, 2.17873193264e-07, 1.63279310073e-07, 5.58857848887e-08, 3.2421155538e-08, 1.1445494863e-07, 5.41874207727e-08, 6.80716070178e-08, 6.78079530303e-08, 6.81224321397e-08, 8.14692526774e-08, 1.27826453422e-07, 1.49570507091e-08, 7.10171643714e-11],
        "dvar2": [2.29332158597e-06, 0.000854433805216, 0.000391536072129, 6.53430543025e-05, 2.82934961433e-05, 1.70176645042e-05, 1.022089873e-05, 7.097076832e-06, 1.02137055364e-05, 1.0217556337e-05, 5.47514309801e-06, 1.35337984375e-06, 8.61971784616e-07, 1.8886966302e-07, 4.80722349039e-07, 4.31036340842e-07, 1.31423760763e-07, 7.73700605805e-08, 3.08667779336e-07, 1.3042313185e-07, 1.62901983458e-07, 1.44801148849e-07, 1.53352090138e-07, 1.93218227196e-07, 3.14828753289e-07, 3.57846445809e-08, 1.73411021653e-10],
        "max": [0.0146325463429, 0.153858691454, 0.105384342372, 0.0587506368756, 0.0333904735744, 0.0390642471611, 0.0308046899736, 0.0330301336944, 0.0350753292441, 0.0642178654671, 0.0591833181679, 0.0369009710848, 0.026516398415, 0.00498705729842, 0.0259826052934, 0.00556538999081, 0.00528785120696, 0.00255634146743, 0.00405851798132, 0.00246893661097, 0.00276179355569, 0.00280523207039, 0.00296621164307, 0.00240671890788, 0.00569058069959, 0.00114163337275, 0.00012235120812],
        "mean": [0.000728817831259, 0.0157396271825, 0.00385596533306, 0.00188469851855, 0.00125839083921, 0.00138023891486, 0.00138810253702, 0.00108924077358, 0.00139822473284, 0.00104786513839, 0.000391298264731, 0.000254249665886, 0.000267492199782, 0.000171060921275, 0.000285639020149, 0.00025563465897, 0.000183305412065, 0.000168602709891, 0.000207323450013, 0.000214337473153, 0.000246107287239, 0.000263554422418, 0.000278013962088, 0.000258717860561, 0.000222824543016, 8.94302720553e-05, 4.89634658152e-06],
        "median": [5.86673158978e-05, 0.00186602876056, 0.00057052198099, 0.000309564115014, 0.000342154322425, 0.000309441413265, 0.000293093471555, 0.000151742700837, 0.000187614001334, 9.67552696238e-05, 5.38026324648e-05, 4.59284347016e-05, 7.21677715774e-05, 5.18250599271e-05, 9.83712961897e-05, 8.98631551536e-05, 6.76300915075e-05, 7.41066032788e-05, 8.106171299e-05, 9.19488957152e-05, 9.80511904345e-05, 8.21550929686e-05, 8.51253716974e-05, 7.57171947043e-05, 6.82370882714e-05, 3.11373405566e-05, 1.19533854104e-06],
        "min": [1.06274875723e-23, 2.59160181789e-23, 7.7765860705e-24, 1.94412971489e-23, 5.02940131835e-23, 3.76472665192e-23, 3.61813641643e-23, 2.41824048318e-23, 2.56561800185e-23, 5.65068071495e-23, 1.11853761576e-22, 1.96254535718e-23, 8.82421196975e-23, 1.23705077702e-22, 1.16125689503e-22, 2.60683642591e-22, 1.99820979026e-22, 2.27995518598e-22, 1.98998506335e-22, 2.60745438799e-22, 3.50056610173e-22, 4.89197259788e-22, 6.52250239815e-22, 9.85561062153e-22, 9.15397526567e-22, 1.552311856e-21, 2.52976448828e-21],
        "var": [3.16474188367e-06, 0.000905890366994, 0.000111833025585, 2.42113419517e-05, 8.1441776274e-06, 7.4071031122e-06, 7.7538397818e-06, 5.67281313124e-06, 9.61270779953e-06, 9.46563886828e-06, 3.74948285753e-06, 8.37109496388e-07, 6.32054479865e-07, 1.01734194402e-07, 3.29439785673e-07, 1.85625424365e-07, 8.88290045964e-08, 5.26920338473e-08, 1.11023666705e-07, 8.30164381682e-08, 1.17046496939e-07, 1.68685204471e-07, 1.84888406807e-07, 1.67498285464e-07, 1.43915002582e-07, 1.99138767698e-08, 8.25752452527e-11]
    },
    "erbbands": {
        "dmean": [0.403734058142, 2.44011974335, 4.74993038177, 6.43325376511, 4.27602434158, 3.8064687252, 6.57815361023, 10.3819637299, 14.431769371, 10.3627891541, 18.8296756744, 24.0653057098, 17.4009876251, 20.935092926, 10.3787918091, 9.84313964844, 9.66682910919, 6.5244512558, 11.6476869583, 9.90005207062, 10.4202775955, 6.24903774261, 6.49579620361, 8.1363697052, 7.35668182373, 7.64994192123, 6.51974725723, 6.18593597412, 5.88212871552, 5.72587871552, 4.63400030136, 3.34290671349, 2.98863792419, 2.12237930298, 1.18994784355, 0.423140823841, 0.104617670178, 0.0137783121318, 0.000742773001548, 3.40475235134e-05],
        "dmean2": [0.521970331669, 3.65649318695, 7.73296642303, 11.1643133163, 7.44277477264, 6.61297750473, 11.221241951, 17.3415660858, 22.6429328918, 16.6132736206, 29.0623130798, 36.4027328491, 25.9222755432, 30.8973522186, 16.1172962189, 15.1976594925, 14.9114999771, 10.257276535, 18.2562637329, 16.0867614746, 17.0692214966, 9.84121990204, 10.221953392, 13.4512825012, 12.0529232025, 12.2959728241, 10.2613382339, 9.45200824738, 9.11962985992, 8.95328426361, 7.03837919235, 4.96255779266, 4.69135522842, 3.28182482719, 1.82606971264, 0.642573237419, 0.156287297606, 0.0209321882576, 0.00115949194878, 4.91758873977e-05],
        "dvar": [0.626316189766, 24.0714263916, 128.015106201, 291.189788818, 138.849273682, 110.299537659, 233.266937256, 596.806152344, 830.434875488, 540.948120117, 1880.52368164, 3459.29199219, 2700.94873047, 5838.68896484, 2521.34765625, 1097.74377441, 872.334106445, 173.828094482, 640.960144043, 339.060821533, 391.194152832, 102.097946167, 112.53465271, 255.287643433, 154.749435425, 153.84135437, 111.923149109, 97.8151855469, 98.4978485107, 80.6072311401, 53.6443977356, 30.2979011536, 29.9000778198, 18.092830658, 5.81777572632, 0.551503002644, 0.0343920923769, 0.000586010864936, 1.9786334633e-06, 2.42734343736e-09],
        "dvar2": [0.9582015872, 49.8990249634, 314.027099609, 781.074829102, 384.407623291, 306.550384521, 619.170532227, 1604.49743652, 1996.0802002, 1354.91357422, 4332.31396484, 7595.69384766, 5943.46533203, 12477.5693359, 6048.203125, 2250.70483398, 1794.92797852, 406.290802002, 1389.68701172, 856.413879395, 1009.48461914, 234.972839355, 263.963226318, 680.797729492, 394.639404297, 370.321533203, 273.364135742, 225.130599976, 216.188018799, 194.060928345, 119.957267761, 63.7159881592, 75.3615341187, 44.8284988403, 14.2756500244, 1.3239274025, 0.0814505293965, 0.00141991616692, 4.73134059575e-06, 5.32969979261e-09],
        "max": [7.30009508133, 38.8005599976, 89.6194076538, 176.55809021, 137.270339966, 122.690361023, 184.533248901, 377.094482422, 470.729248047, 449.791687012, 813.412658691, 997.420227051, 1377.6583252, 2230.97485352, 2767.17602539, 1178.35559082, 1323.58325195, 260.523040771, 1434.00170898, 374.64755249, 272.718200684, 184.276992798, 174.189147949, 180.604980469, 155.049880981, 137.156204224, 142.680892944, 116.999557495, 109.054069519, 100.203544617, 83.1886367798, 58.9541130066, 51.9013137817, 62.2343406677, 37.8819503784, 6.95741128922, 2.07502198219, 0.262398660183, 0.0216367933899, 0.0005901697441],
        "mean": [0.555422186852, 3.10331964493, 4.5231628418, 6.48831558228, 4.30142736435, 3.92169427872, 7.09630918503, 12.8599004745, 21.2903270721, 15.0865039825, 27.7468605042, 39.5290336609, 27.542798996, 31.0223331451, 13.6459341049, 12.0296373367, 12.7017412186, 8.98184013367, 14.9666080475, 13.3219861984, 13.8183984756, 9.0818195343, 9.5323343277, 10.370303154, 9.79703807831, 11.0473051071, 9.63443946838, 9.4867067337, 9.33223438263, 9.08011341095, 7.72173929214, 5.64531469345, 4.32418060303, 2.71184182167, 1.45724844933, 0.546288609505, 0.134171769023, 0.0173946209252, 0.00090960925445, 6.22753796051e-05],
        "median": [0.0567342154682, 0.413532286882, 0.859559297562, 1.06892192364, 0.922560930252, 1.04004061222, 1.85819137096, 2.89953732491, 4.87625455856, 3.73215842247, 5.15712308884, 6.22565031052, 3.40493059158, 3.41791129112, 3.14671826363, 2.53553748131, 3.52470946312, 3.27266812325, 4.93790435791, 5.17322778702, 5.29054737091, 3.89034318924, 4.11719942093, 4.48664140701, 4.24751472473, 4.45583534241, 3.85949778557, 3.67926692963, 2.93554186821, 2.87417602539, 2.20053720474, 1.67221617699, 1.21733033657, 0.80107665062, 0.457552403212, 0.187631905079, 0.0471254847944, 0.00590027403086, 0.000287375733024, 2.69368738373e-05],
        "min": [8.73741025958e-22, 5.26143738251e-21, 1.17228278749e-20, 4.61777389743e-20, 7.05085652213e-20, 2.5898174534e-19, 1.15102414881e-19, 1.67171870553e-19, 6.27700631162e-19, 2.19593575919e-19, 7.12417832861e-19, 5.71249121572e-19, 1.07966860234e-18, 2.22686492117e-18, 5.26586403956e-18, 1.19931748621e-18, 3.30801190207e-18, 5.19580763194e-18, 4.43269588014e-18, 7.98044664401e-18, 1.50946697506e-17, 1.04207725533e-17, 9.99117961088e-18, 1.27914647442e-17, 1.12855419072e-17, 1.10458894858e-17, 1.32613165671e-17, 1.47328990009e-17, 1.50765065187e-17, 1.38669533962e-17, 1.89551729545e-17, 2.18463710275e-17, 1.50625784515e-17, 9.54577014798e-18, 6.72821968729e-18, 5.43995536641e-18, 2.69852496081e-18, 1.18388384695e-18, 3.40811802358e-19, 3.58776536751e-20],
        "var": [1.44845914841, 36.6533699036, 116.756393433, 268.255859375, 111.25592804, 89.9211425781, 220.156326294, 679.517333984, 1641.14086914, 951.799804688, 3438.89086914, 7544.74560547, 5769.17382812, 10503.5097656, 3532.09130859, 1658.64282227, 1420.54223633, 243.485992432, 1012.34344482, 450.352081299, 459.984619141, 174.792755127, 184.178390503, 258.70324707, 189.905883789, 232.183349609, 177.116348267, 189.570617676, 220.77166748, 190.665267944, 146.916824341, 82.9473648071, 47.5151863098, 20.997253418, 6.35067749023, 0.737703025341, 0.0454093925655, 0.000763086369261, 2.44069838118e-06, 5.54242518547e-09]
    },
    "gfcc": {
        "mean": [-45.285358429, 42.6360015869, -100.887504578, 35.3882446289, -64.7446289062, 20.0051326752, -40.0234947205, 17.6082057953, -20.5339336395, 12.2044019699, -17.7669963837, 3.4089884758, -11.5421876907],
        "cov": [[26380.8164062, 3547.23852539, 2379.08032227, 844.993713379, 291.71786499, 792.827392578, 748.212219238, 764.566894531, 308.570953369, 155.532104492, -379.591033936, 21.7705287933, -204.187316895], [3547.23852539, 2311.43505859, 1286.62719727, 503.529754639, 453.810882568, 171.804290771, 322.526641846, 100.787864685, 146.631271362, -42.0451850891, -26.6815071106, -52.9620285034, -2.58158946037], [2379.08032227, 1286.62719727, 1344.89746094, 774.687988281, 587.456420898, 321.165008545, 265.711364746, 87.0562744141, 119.226905823, 16.7132797241, 9.14203357697, -50.8910827637, -24.9917087555], [844.993713379, 503.529754639, 774.687988281, 863.271728516, 542.10736084, 354.369934082, 174.46232605, 32.4244384766, 43.7349853516, 3.55064797401, 29.6420001984, -34.8072547913, -22.365983963], [291.71786499, 453.810882568, 587.456420898, 542.10736084, 539.894775391, 331.718322754, 228.608337402, 57.9330596924, 31.6260509491, -31.1068649292, 8.87194252014, -34.9883842468, 6.33745241165], [792.827392578, 171.804290771, 321.165008545, 354.369934082, 331.718322754, 373.569976807, 248.615982056, 130.538909912, 34.8709716797, -34.115398407, -37.2175521851, -44.3931159973, -4.05279541016], [748.212219238, 322.526641846, 265.711364746, 174.46232605, 228.608337402, 248.615982056, 335.899017334, 202.207504272, 109.400588989, -38.7147140503, -59.7689971924, -52.0551109314, 10.5592823029], [764.566894531, 100.787864685, 87.0562744141, 32.4244384766, 57.9330596924, 130.538909912, 202.207504272, 219.474945068, 145.218048096, 37.7580566406, -34.3885612488, -45.6675682068, -7.95257425308], [308.570953369, 146.631271362, 119.226905823, 43.7349853516, 31.6260509491, 34.8709716797, 109.400588989, 145.218048096, 215.5990448, 132.590591431, 67.8730926514, -8.86401462555, -9.07534694672], [155.532104492, -42.0451850891, 16.7132797241, 3.55064797401, -31.1068649292, -34.115398407, -38.7147140503, 37.7580566406, 132.590591431, 206.89402771, 148.771530151, 54.1969451904, -18.1839351654], [-379.591033936, -26.6815071106, 9.14203357697, 29.6420001984, 8.87194252014, -37.2175521851, -59.7689971924, -34.3885612488, 67.8730926514, 148.771530151, 200.332962036, 115.605201721, 30.9422016144], [21.7705287933, -52.9620285034, -50.8910827637, -34.8072547913, -34.9883842468, -44.3931159973, -52.0551109314, -45.6675682068, -8.86401462555, 54.1969451904, 115.605201721, 147.604232788, 79.1502456665], [-204.187316895, -2.58158946037, -24.9917087555, -22.365983963, 6.33745241165, -4.05279541016, 10.5592823029, -7.95257425308, -9.07534694672, -18.1839351654, 30.9422016144, 79.1502456665, 115.499191284]],
        "icov": [[9.52205155045e-05, -0.000155583446031, -9.7043463029e-05, -3.40683436661e-05, 0.000280933221802, -0.000340518687153, 0.000191220082343, -0.000361518526915, 0.000204163967283, -0.000432706117863, 0.000745908590034, -0.000799630419351, 0.000363593542716], [-0.000155583446031, 0.00147716247011, -0.00126656191424, 0.000475504784845, -0.000373338581994, 0.00134197738953, -0.00140287901741, 0.00117007596418, -0.000774466258008, 0.00141129817348, -0.00151424354408, 0.00127610494383, -0.000455115310615], [-9.7043463029e-05, -0.00126656191424, 0.00372927659191, -0.00172009726521, -0.00168158533052, 0.000536897045095, 0.000124037323985, 0.00041815591976, -0.000612193252891, -0.000976054521743, 0.000988232204691, -6.65001934976e-05, -1.84056789294e-05], [-3.40683436661e-05, 0.000475504784845, -0.00172009726521, 0.00471671996638, -0.00268555316143, -0.00219067698345, 0.00197031744756, 0.000927290820982, -0.00168392376509, 0.00110663438682, -0.000413497531554, -0.000195014523342, 0.000732111686375], [0.000280933221802, -0.000373338581994, -0.00168158533052, -0.00268555316143, 0.0105805173516, -0.00460131419823, -0.00337894633412, 0.00237099872902, 0.00163208018057, -0.000608100788668, -0.00191934930626, 0.00184313405771, -0.00138182821684], [-0.000340518687153, 0.00134197738953, 0.000536897045095, -0.00219067698345, -0.00460131419823, 0.0133829694241, -0.00630207499489, -0.00328454258852, 0.0049886032939, -0.000606259098276, -0.0028049708344, 0.0030828290619, -0.000872608216014], [0.000191220082343, -0.00140287901741, 0.000124037323985, 0.00197031744756, -0.00337894633412, -0.00630207499489, 0.0185763258487, -0.0117814671248, -0.00454654125497, 0.00728016253561, 0.000647791370284, -0.00413653207943, 0.00161994434893], [-0.000361518526915, 0.00117007596418, 0.00041815591976, 0.000927290820982, 0.00237099872902, -0.00328454258852, -0.0117814671248, 0.0274886433035, -0.0125669464469, -0.00431292643771, 0.00679249688983, 0.00136172748171, -0.00203781737946], [0.000204163967283, -0.000774466258008, -0.000612193252891, -0.00168392376509, 0.00163208018057, 0.0049886032939, -0.00454654125497, -0.0125669464469, 0.0245363824069, -0.0120838936418, -0.0053595402278, 0.00800106674433, -0.00450079189613], [-0.000432706117863, 0.00141129817348, -0.000976054521743, 0.00110663438682, -0.000608100788668, -0.000606259098276, 0.00728016253561, -0.00431292643771, -0.0120838936418, 0.0282651893795, -0.0178925339133, 0.00120892038103, 0.00578469410539], [0.000745908590034, -0.00151424354408, 0.000988232204691, -0.000413497531554, -0.00191934930626, -0.0028049708344, 0.000647791370284, 0.00679249688983, -0.0053595402278, -0.0178925339133, 0.0348102636635, -0.0231467597187, 0.00513239903376], [-0.000799630419351, 0.00127610494383, -6.65001934976e-05, -0.000195014523342, 0.00184313405771, 0.0030828290619, -0.00413653207943, 0.00136172748171, 0.00800106674433, 0.00120892038103, -0.0231467597187, 0.03560840711, -0.0183402970433], [0.000363593542716, -0.000455115310615, -1.84056789294e-05, 0.000732111686375, -0.00138182821684, -0.000872608216014, 0.00161994434893, -0.00203781737946, -0.00450079189613, 0.00578469410539, 0.00513239903376, -0.0183402970433, 0.0209357626736]]
    },
    "melbands": {
        "dmean": [0.00317348539829, 0.00245601404458, 0.00103200564627, 0.00027640274493, 0.000215702719288, 0.000226239673793, 0.000218243309064, 0.000116082628665, 0.000151893153088, 0.000148848295794, 8.53797610034e-05, 8.81226660567e-05, 3.5363893403e-05, 2.91674296022e-05, 2.18828317884e-05, 1.89179336303e-05, 1.23213376355e-05, 1.88100184459e-05, 1.36341523103e-05, 1.51913318405e-05, 1.1876060853e-05, 6.7118453444e-06, 6.88223144607e-06, 5.84223926126e-06, 7.006010037e-06, 6.80976700096e-06, 4.32045408161e-06, 5.54140660824e-06, 4.17154433308e-06, 4.1378611968e-06, 3.49643664777e-06, 3.44587033396e-06, 3.57696399078e-06, 3.20478170579e-06, 2.76622859019e-06, 2.50047378358e-06, 1.96766291083e-06, 2.30628552345e-06, 1.76009052666e-06, 1.86161219062e-06],
        "dmean2": [0.0045225401409, 0.0035468172282, 0.00177866092417, 0.000478647096315, 0.000369863322703, 0.000377303658752, 0.00034318229882, 0.000184726945008, 0.00023324675567, 0.000226165866479, 0.000128070765641, 0.000130241824081, 5.54234466108e-05, 4.52311214758e-05, 3.34214746545e-05, 2.95879635814e-05, 1.98568886844e-05, 2.95638928947e-05, 2.17919860006e-05, 2.51315886999e-05, 1.94765198103e-05, 1.06579145722e-05, 1.0935262253e-05, 9.3513435786e-06, 1.17916551972e-05, 1.14885460789e-05, 6.90121669322e-06, 9.02533065528e-06, 6.70753115628e-06, 6.49261210128e-06, 5.41096642337e-06, 5.40382734471e-06, 5.69667963646e-06, 5.14476278113e-06, 4.3488994379e-06, 3.80454162041e-06, 2.98294617096e-06, 3.7286913539e-06, 2.70401324087e-06, 2.94409164781e-06],
        "dvar": [3.86308092857e-05, 2.45183273364e-05, 7.13395411367e-06, 5.43170472156e-07, 2.58345835391e-07, 2.7242424494e-07, 1.9639095683e-07, 6.57723688846e-08, 1.1652012688e-07, 1.36384088023e-07, 6.8980476442e-08, 1.03150419761e-07, 2.46047022756e-08, 1.2616426126e-08, 4.01626198965e-09, 3.73800457254e-09, 6.98452462533e-10, 1.57236745846e-09, 8.14704192997e-10, 9.09647246417e-10, 4.8941500852e-10, 1.28751898032e-10, 1.50444476321e-10, 8.71039768091e-11, 2.07888969928e-10, 1.63944427478e-10, 4.44397990629e-11, 8.37908700757e-11, 5.12406228559e-11, 4.36381104862e-11, 3.25124753509e-11, 3.7631252281e-11, 3.68632555037e-11, 2.64684506951e-11, 2.20870387951e-11, 1.69488034718e-11, 1.12548564218e-11, 2.06814027709e-11, 1.0995550824e-11, 1.48308674369e-11],
        "dvar2": [6.51874579489e-05, 5.20160756423e-05, 1.8889488274e-05, 1.50338303229e-06, 6.96169649927e-07, 7.28404529582e-07, 4.74844711107e-07, 1.61712236491e-07, 2.67418073463e-07, 3.02831068666e-07, 1.51948569282e-07, 2.19979952476e-07, 5.81802481747e-08, 2.90577464312e-08, 8.22219803354e-09, 8.40450731232e-09, 1.68807323675e-09, 3.46835271614e-09, 1.93165661244e-09, 2.36314368074e-09, 1.24804944157e-09, 2.99183677832e-10, 3.53848228496e-10, 2.10352554819e-10, 5.59121471344e-10, 4.38990260809e-10, 1.05940659023e-10, 2.04831457351e-10, 1.2751895373e-10, 1.05422857943e-10, 7.53059767322e-11, 8.54327511512e-11, 8.90410870036e-11, 6.55933848903e-11, 5.29942305316e-11, 3.57376732374e-11, 2.47581729423e-11, 5.41674968768e-11, 2.6615416468e-11, 3.7251691315e-11],
        "max": [0.0484479777515, 0.0396197214723, 0.0273474920541, 0.00709474319592, 0.00614076666534, 0.00797583442181, 0.00691982265562, 0.00510259065777, 0.00666884426028, 0.00665598129854, 0.00788155198097, 0.00904039107263, 0.00769458012655, 0.00531894760206, 0.00215546507388, 0.00275132479146, 0.000526409014128, 0.00207011518069, 0.00112910650205, 0.000498902692925, 0.000410948647186, 0.000237899032072, 0.000198248017114, 0.00012064522889, 0.000162874217494, 0.000149747225805, 7.84220392234e-05, 0.000122648358229, 0.000117673669592, 8.82243257365e-05, 7.66612283769e-05, 7.46456935303e-05, 8.00139459898e-05, 6.02939871897e-05, 6.84307451593e-05, 4.89558588015e-05, 3.52937131538e-05, 4.57999158243e-05, 4.58060749224e-05, 5.81784770475e-05],
        "mean": [0.0046681673266, 0.00301676779054, 0.00104214181192, 0.000284616166027, 0.00023159540433, 0.000280166801531, 0.000321759318467, 0.00016926486569, 0.00022391055245, 0.000240362307522, 0.00013107220002, 0.000128964908072, 4.47817874374e-05, 3.42991916114e-05, 2.7954183679e-05, 2.41655980062e-05, 1.57933427545e-05, 2.38076336245e-05, 1.68415153894e-05, 2.00943541131e-05, 1.50816658788e-05, 9.31297472562e-06, 9.13209350983e-06, 8.39156837174e-06, 8.19925026008e-06, 8.1092957771e-06, 6.07477068115e-06, 7.6344676927e-06, 5.83633573115e-06, 5.94097082285e-06, 5.25323002876e-06, 5.07023287355e-06, 5.5170298765e-06, 4.86840235681e-06, 4.42341024609e-06, 4.06391018259e-06, 3.23207586916e-06, 3.22307482747e-06, 2.43931867772e-06, 2.2516660465e-06],
        "median": [0.000532486941665, 0.000548785203137, 0.000192142557353, 6.95541457389e-05, 6.28307971056e-05, 6.15325698163e-05, 7.09143932909e-05, 3.94227281504e-05, 3.85797102354e-05, 3.10564937536e-05, 1.41351165439e-05, 1.23478312162e-05, 8.6554846348e-06, 6.47689921607e-06, 7.14800216883e-06, 6.47806746201e-06, 5.01697195432e-06, 7.48093680158e-06, 5.86154146731e-06, 7.26587086319e-06, 5.28156124346e-06, 3.72377030544e-06, 3.09438792101e-06, 3.57933095074e-06, 3.04260129269e-06, 2.97838823826e-06, 2.63385072685e-06, 2.91504306915e-06, 2.22989729082e-06, 2.23280630962e-06, 1.87816124253e-06, 1.49735365085e-06, 1.67415339547e-06, 1.47414618823e-06, 1.15872239803e-06, 1.17281331313e-06, 9.1777178568e-07, 8.67432163432e-07, 6.94627374287e-07, 6.51550578823e-07],
        "min": [9.04785277421e-24, 6.75008712847e-24, 8.19837106386e-24, 1.36104365011e-23, 4.97599693391e-24, 4.89666632026e-24, 8.55932383738e-24, 2.8228515802e-24, 5.45348181806e-24, 3.39502225552e-24, 5.80263559902e-24, 8.21440623948e-24, 1.76877098437e-23, 4.87797189453e-24, 3.74626375686e-24, 1.02051913971e-23, 9.71500269694e-24, 6.75467119919e-24, 1.02133497966e-23, 1.62942517412e-23, 1.69688997868e-23, 9.87207358064e-24, 1.21730972219e-23, 8.22723863983e-24, 1.082510354e-23, 7.1275957258e-24, 8.69460007199e-24, 6.17536488256e-24, 8.31094545934e-24, 7.12641558989e-24, 8.23830714719e-24, 8.07097791628e-24, 9.0785923171e-24, 6.84892903331e-24, 9.1655318886e-24, 1.61125612975e-23, 1.12665879679e-23, 1.06483174445e-23, 9.36550023947e-24, 7.4168497205e-24],
        "var": [8.50950964377e-05, 3.37976889568e-05, 6.56466954752e-06, 4.44175412895e-07, 2.31880463275e-07, 3.15756210512e-07, 3.87061561469e-07, 1.19333250836e-07, 2.16579280732e-07, 2.91960134291e-07, 1.43351087445e-07, 1.8695943993e-07, 3.62494354533e-08, 1.62981805829e-08, 6.22213081058e-09, 5.59630208841e-09, 8.75865491246e-10, 2.46807818627e-09, 1.01074659753e-09, 1.17228271534e-09, 5.84963188999e-10, 2.09993536449e-10, 2.30015256841e-10, 1.40121692027e-10, 1.95282567894e-10, 1.69467953559e-10, 6.65148838785e-11, 1.20326706932e-10, 7.43233599665e-11, 7.33438518252e-11, 6.05182085001e-11, 7.25005611102e-11, 7.62001364785e-11, 5.68500663212e-11, 5.02273847514e-11, 4.47871323361e-11, 2.76414377498e-11, 2.89788609775e-11, 1.52765213673e-11, 1.57685930285e-11]
    },
    "mfcc": {
        "mean": [-690.452453613, 76.814743042, 18.0689258575, 19.6143188477, 4.84871387482, 4.16466569901, -2.4594681263, 1.41413533688, 3.90900325775, 6.42156171799, 1.95714020729, 1.91160047054, 2.97802996635],
        "cov": [[20737.6679688, 2524.35449219, 1180.27050781, 139.609405518, -141.214492798, 237.771057129, 288.355651855, 681.235046387, 680.534973145, 551.288757324, 295.920776367, 93.3371505737, 39.6639862061], [2524.35449219, 1540.40209961, 605.849243164, 333.784576416, 175.342926025, 164.938400269, 160.722747803, 218.816513062, 214.186737061, 137.86882019, 87.5559234619, 36.3940467834, 5.67030239105], [1180.27050781, 605.849243164, 667.78918457, 462.09588623, 344.838012695, 292.262207031, 186.679382324, 162.714675903, 138.81149292, 122.942329407, 105.693946838, 68.2511978149, 40.7836723328], [139.609405518, 333.784576416, 462.09588623, 548.047546387, 393.301147461, 321.31842041, 195.353378296, 131.262527466, 77.6063232422, 56.2229003906, 62.3274497986, 57.3086891174, 42.2532043457], [-141.214492798, 175.342926025, 344.838012695, 393.301147461, 422.897827148, 323.073303223, 211.368026733, 106.025917053, 55.3585624695, 34.1883926392, 52.3182678223, 52.7929763794, 32.4892921448], [237.771057129, 164.938400269, 292.262207031, 321.31842041, 323.073303223, 338.232421875, 235.890548706, 153.689880371, 78.8317260742, 43.7197380066, 43.3601531982, 34.9786643982, 16.4968090057], [288.355651855, 160.722747803, 186.679382324, 195.353378296, 211.368026733, 235.890548706, 260.220947266, 198.959732056, 130.267456055, 48.7568817139, 21.6393089294, 1.71621668339, -21.4211406708], [681.235046387, 218.816513062, 162.714675903, 131.262527466, 106.025917053, 153.689880371, 198.959732056, 264.354553223, 200.030059814, 99.8623962402, 22.4812831879, -14.9467983246, -39.3367996216], [680.534973145, 214.186737061, 138.81149292, 77.6063232422, 55.3585624695, 78.8317260742, 130.267456055, 200.030059814, 242.901321411, 157.472366333, 67.4850769043, -3.09080243111, -41.9055099487], [551.288757324, 137.86882019, 122.942329407, 56.2229003906, 34.1883926392, 43.7197380066, 48.7568817139, 99.8623962402, 157.472366333, 194.591690063, 130.831283569, 44.8438720703, -5.88265609741], [295.920776367, 87.5559234619, 105.693946838, 62.3274497986, 52.3182678223, 43.3601531982, 21.6393089294, 22.4812831879, 67.4850769043, 130.831283569, 167.054336548, 106.242454529, 46.0749549866], [93.3371505737, 36.3940467834, 68.2511978149, 57.3086891174, 52.7929763794, 34.9786643982, 1.71621668339, -14.9467983246, -3.09080243111, 44.8438720703, 106.242454529, 152.751022339, 113.160621643], [39.6639862061, 5.67030239105, 40.7836723328, 42.2532043457, 32.4892921448, 16.4968090057, -21.4211406708, -39.3367996216, -41.9055099487, -5.88265609741, 46.0749549866, 113.160621643, 149.997634888]],
