{
"lowlevel": {
    "average_loudness": 0.826875567436,
    "barkbands_crest": {
        "dmean": 2.42246127129,
        "dmean2": 3.64058017731,
        "dvar": 7.49068021774,
        "dvar2": 16.4711818695,
        "max": 26.219543457,
        "mean": 14.1801748276,
        "median": 15.00806427,
        "min": 2.04954910278,
        "var": 32.856967926
    },
    "barkbands_flatness_db": {
        "dmean": 0.023402094841,
        "dmean2": 0.0324531234801,
        "dvar": 0.000729700434022,
        "dvar2": 0.00139369838871,
        "max": 0.714858114719,
        "mean": 0.161959692836,
        "median": 0.138860315084,
        "min": 0.0159760937095,
        "var": 0.00890474580228
    },
    "barkbands_kurtosis": {
        "dmean": 4.39653015137,
        "dmean2": 6.34825706482,
        "dvar": 124.116371155,
        "dvar2": 227.196304321,
        "max": 629.957519531,
        "mean": 7.92628765106,
        "median": 1.86494040489,
        "min": -1.89855539799,
        "var": 472.444213867
    },
    "barkbands_skewness": {
        "dmean": 0.665989995003,
        "dmean2": 0.919485270977,
        "dvar": 0.64830827713,
        "dvar2": 1.20802640915,
        "max": 17.3109397888,
        "mean": 1.99022603035,
        "median": 1.68678712845,
        "min": -4.22852611542,
        "var": 3.64896202087
    },
    "barkbands_spread": {
        "dmean": 7.8035697937,
        "dmean2": 11.7060680389,
        "dvar": 104.156799316,
        "dvar2": 227.420776367,
        "max": 113.929634094,
        "mean": 33.8637542725,
        "median": 30.2513103485,
        "min": 0.0659097582102,
        "var": 537.721862793
    },
    "dissonance": {
        "dmean": 0.012657918036,
        "dmean2": 0.0216070022434,
        "dvar": 0.000307059497572,
        "dvar2": 0.000876513600815,
        "max": 0.500000059605,
        "mean": 0.477234512568,
        "median": 0.489224463701,
        "min": 0.148336842656,
        "var": 0.00125935906544
    },
    "dynamic_complexity": 4.21496868134,
    "erbbands_crest": {
        "dmean": 2.14360046387,
        "dmean2": 3.52608323097,
        "dvar": 5.0169878006,
        "dvar2": 12.7004261017,
        "max": 32.5246315002,
        "mean": 7.37360143661,
        "median": 5.91685295105,
        "min": 2.32057833672,
        "var": 19.4778118134
    },
    "erbbands_flatness_db": {
        "dmean": 0.01322185155,
        "dmean2": 0.020236292854,
        "dvar": 0.000178967209649,
        "dvar2": 0.000394278293243,
        "max": 0.483682662249,
        "mean": 0.144854933023,
        "median": 0.128447443247,
        "min": 0.0357697531581,
        "var": 0.00354951503687
    },
    "erbbands_kurtosis": {
        "dmean": 1.02046716213,
        "dmean2": 1.60911774635,
        "dvar": 5.95676231384,
        "dvar2": 14.6320962906,
        "max": 102.218711853,
        "mean": 0.798653483391,
        "median": -0.0142236948013,
        "min": -1.8681794405,
        "var": 17.9910449982
    },
    "erbbands_skewness": {
        "dmean": 0.344220250845,
        "dmean2": 0.515524983406,
        "dvar": 0.126103669405,
        "dvar2": 0.274591803551,
        "max": 8.08940219879,
        "mean": -0.22030107677,
        "median": -0.259600758553,
        "min": -3.97490310669,
        "var": 0.758938193321
    },
    "erbbands_spread": {
        "dmean": 9.01615047455,
        "dmean2": 13.2213497162,
        "dvar": 151.189743042,
        "dvar2": 256.727325439,
        "max": 183.25088501,
        "mean": 43.4150085449,
        "median": 38.2094230652,
        "min": 0.773444890976,
        "var": 580.026550293
    },
    "hfc": {
        "dmean": 10.6771011353,
        "dmean2": 15.0912666321,
        "dvar": 361.592102051,
        "dvar2": 720.340698242,
        "max": 307.688537598,
        "mean": 39.7980728149,
        "median": 20.3586502075,
        "min": 1.14672935056e-16,
        "var": 2050.18676758
    },
    "melbands_crest": {
        "dmean": 3.34347939491,
        "dmean2": 4.98330163956,
        "dvar": 14.9863290787,
        "dvar2": 33.4706039429,
        "max": 39.8394393921,
        "mean": 24.7041053772,
        "median": 26.4612312317,
        "min": 2.30334186554,
        "var": 78.5389328003
    },
    "melbands_flatness_db": {
        "dmean": 0.029221791774,
        "dmean2": 0.0394741855562,
        "dvar": 0.00117703457363,
        "dvar2": 0.00219678878784,
        "max": 0.860015034676,
        "mean": 0.224449157715,
        "median": 0.205854728818,
        "min": 0.0070567666553,
        "var": 0.0139303132892
    },
    "melbands_kurtosis": {
        "dmean": 19.8366127014,
        "dmean2": 27.6074581146,
        "dvar": 3279.35693359,
        "dvar2": 6331.79931641,
        "max": 2309.54223633,
        "mean": 37.4626045227,
        "median": 14.3353157043,
        "min": -1.67737150192,
        "var": 7948.98486328
    },
    "melbands_skewness": {
        "dmean": 1.22796368599,
        "dmean2": 1.68219733238,
        "dvar": 2.91687560081,
        "dvar2": 5.25093650818,
        "max": 44.0205535889,
        "mean": 4.34314632416,
        "median": 3.56762933731,
        "min": -2.3758866787,
        "var": 12.5696249008
    },
    "melbands_spread": {
        "dmean": 10.2333173752,
        "dmean2": 14.6490058899,
        "dvar": 230.992980957,
        "dvar2": 403.149169922,
        "max": 229.358322144,
        "mean": 31.3685722351,
        "median": 20.4786128998,
        "min": 0.0236672814935,
        "var": 1004.04370117
    },
    "pitch_salience": {
        "dmean": 0.0806602686644,
        "dmean2": 0.118006117642,
        "dvar": 0.00803248118609,
        "dvar2": 0.0164848007262,
        "max": 0.880516827106,
        "mean": 0.397720783949,
        "median": 0.377308517694,
        "min": 0.00535793788731,
        "var": 0.0332867205143
    },
    "silence_rate_20dB": {
        "dmean": 0,
        "dmean2": 0,
        "dvar": 0,
        "dvar2": 0,
        "max": 1,
        "mean": 1,
        "median": 1,
        "min": 1,
        "var": 0
    },
    "silence_rate_30dB": {
        "dmean": 0.00314902281389,
        "dmean2": 0.00629862910137,
        "dvar": 0.00313900993206,
        "dvar2": 0.00755477696657,
        "max": 1,
        "mean": 0.99712908268,
        "median": 1,
        "min": 0,
        "var": 0.00286230561323
    },
    "silence_rate_60dB": {
        "dmean": 0.00370473274961,
        "dmean2": 0.00741015188396,
        "dvar": 0.00369094801135,
        "dvar2": 0.00976232159883,
        "max": 1,
        "mean": 0.0686238184571,
        "median": 0,
        "min": 0,
        "var": 0.0639054477215
    },
    "spectral_centroid": {
        "dmean": 279.916687012,
        "dmean2": 411.58972168,
        "dvar": 118179.804688,
        "dvar2": 195529.59375,
        "max": 11294.3583984,
        "mean": 2199.36206055,
        "median": 2273.08178711,
        "min": 65.7332077026,
        "var": 987832.1875
    },
    "spectral_complexity": {
        "dmean": 4.80966949463,
        "dmean2": 6.85050010681,
        "dvar": 32.381149292,
        "dvar2": 60.8245353699,
        "max": 62,
        "mean": 23.149471283,
        "median": 22,
        "min": 0,
        "var": 252.220962524
    },
    "spectral_decrease": {
        "dmean": 1.89784721272e-09,
        "dmean2": 2.61660648704e-09,
        "dvar": 6.63325480347e-18,
        "dvar2": 1.22765431586e-17,
        "max": 2.82559952989e-29,
        "mean": -9.14923337092e-09,
        "median": -7.55526485818e-09,
        "min": -3.69436179426e-08,
        "var": 4.60874133847e-17
    },
    "spectral_energy": {
        "dmean": 0.00722613139078,
        "dmean2": 0.0101206507534,
        "dvar": 9.43001869018e-05,
        "dvar2": 0.000178563452209,
        "max": 0.140511006117,
        "mean": 0.0381410047412,
        "median": 0.0350607074797,
        "min": 1.02945212172e-20,
        "var": 0.000735322886612
    },
    "spectral_energyband_high": {
        "dmean": 0.00112924573477,
        "dmean2": 0.00161504768766,
        "dvar": 4.60246656075e-06,
        "dvar2": 8.5907522589e-06,
        "max": 0.0450200848281,
        "mean": 0.00369046232663,
        "median": 0.0013396992581,
        "min": 7.99218595895e-21,
        "var": 2.40997433139e-05
    },
    "spectral_energyband_low": {
        "dmean": 0.00713988719508,
        "dmean2": 0.010033974424,
        "dvar": 0.000118163807201,
        "dvar2": 0.000218956411118,
        "max": 0.139368847013,
        "mean": 0.0257454123348,
        "median": 0.0161269009113,
        "min": 4.13153277335e-23,
        "var": 0.000596327590756
    },
    "spectral_energyband_middle_high": {
        "dmean": 0.00171896861866,
        "dmean2": 0.00256298715249,
        "dvar": 7.01672888681e-06,
        "dvar2": 1.62519445439e-05,
        "max": 0.0292715486139,
        "mean": 0.00490292301401,
        "median": 0.00296906102449,
        "min": 1.16142176065e-21,
        "var": 2.69868996838e-05
    },
    "spectral_energyband_middle_low": {
        "dmean": 0.0027610110119,
        "dmean2": 0.00412195455283,
        "dvar": 4.28021703556e-05,
        "dvar2": 8.37136612972e-05,
        "max": 0.10810340941,
        "mean": 0.00460349582136,
        "median": 0.002135632094,
        "min": 2.62174021722e-22,
        "var": 7.53102940507e-05
    },
    "spectral_entropy": {
        "dmean": 0.114231482148,
        "dmean2": 0.174780339003,
        "dvar": 0.019526893273,
        "dvar2": 0.0449386648834,
        "max": 9.79206848145,
        "mean": 7.93461990356,
        "median": 8.13868045807,
        "min": 3.38981747627,
        "var": 0.41267734766
    },
    "spectral_flux": {
        "dmean": 0.0184563267976,
        "dmean2": 0.0268279612064,
        "dvar": 0.00062987342244,
        "dvar2": 0.00121749506798,
        "max": 0.322875380516,
        "mean": 0.0826750919223,
        "median": 0.0739452391863,
        "min": 1.01461922197e-10,
        "var": 0.00318675138988
    },
    "spectral_kurtosis": {
        "dmean": 1.64852917194,
        "dmean2": 2.77468276024,
        "dvar": 23.8910293579,
        "dvar2": 65.4615936279,
        "max": 338.878723145,
        "mean": 4.23861980438,
        "median": 2.18292331696,
        "min": -1.23032677174,
        "var": 129.992874146
    },
    "spectral_rms": {
        "dmean": 0.000568982504774,
        "dmean2": 0.000791406957433,
        "dvar": 5.15876649843e-07,
        "dvar2": 9.58351506597e-07,
        "max": 0.0117082837969,
        "mean": 0.00557156372815,
        "median": 0.00584855256602,
        "min": 3.16913791217e-12,
        "var": 6.16833767708e-06
    },
    "spectral_rolloff": {
        "dmean": 747.913208008,
        "dmean2": 1153.45532227,
        "dvar": 1517134.25,
        "dvar2": 3006196.75,
        "max": 18346.2890625,
        "mean": 2202.53271484,
        "median": 1033.59375,
        "min": 21.533203125,
        "var": 7699500.5
    },
    "spectral_skewness": {
        "dmean": 0.186323553324,
        "dmean2": 0.304636716843,
        "dvar": 0.0748736783862,
        "dvar2": 0.203970938921,
        "max": 15.0277233124,
        "mean": 1.29466462135,
        "median": 1.14094519615,
        "min": -0.0336247719824,
        "var": 0.702055752277
    },
    "spectral_spread": {
        "dmean": 464789.96875,
        "dmean2": 678180,
        "dvar": 356599660544,
        "dvar2": 611619373056,
        "max": 41855276,
        "mean": 5223992,
        "median": 5339301,
        "min": 407301.78125,
        "var": 3.80887315251e+12
    },
    "spectral_strongpeak": {
        "dmean": 0.195929124951,
        "dmean2": 0.323062717915,
        "dvar": 0.257055640221,
        "dvar2": 0.673265278339,
        "max": 9.7545671463,
        "mean": 0.421850800514,
        "median": 0.274962633848,
        "min": 0,
        "var": 0.360320270061
    },
    "zerocrossingrate": {
        "dmean": 0.0135740563273,
        "dmean2": 0.0146403871477,
        "dvar": 0.000304113782477,
        "dvar2": 0.000296018493827,
        "max": 0.857421875,
        "mean": 0.0779957175255,
        "median": 0.0595703125,
        "min": 0.0009765625,
        "var": 0.00682887341827
    },
    "barkbands": {
        "dmean": [0.000946360873058, 0.00592617318034, 0.00225936295465, 0.00152421800885, 0.00111318379641, 0.000424572470365, 0.000291409320198, 0.000249030912528, 0.000385679508327, 0.000244218303123, 0.000277907412965, 0.000275992584648, 0.000410187756643, 0.000231341517065, 0.000199923641048, 0.000343521707691, 0.000263467198238, 0.000283370260149, 0.000301165913697, 0.000302709551761, 0.000287531322101, 0.000284819310764, 0.000253206701018, 0.000231431928114, 0.000197374494746, 0.000101041463495, 5.89740056967e-06],
        "dmean2": [0.0011979121482, 0.00850784219801, 0.00353039219044, 0.00244138855487, 0.00194185576402, 0.000736178073566, 0.000505175266881, 0.000411333632655, 0.000622747698799, 0.000397614348913, 0.000452016945928, 0.000450884283055, 0.000670850859024, 0.00037709454773, 0.000327334593749, 0.000554724421818, 0.000424431578722, 0.000448005826911, 0.000467567238957, 0.00047692519729, 0.000437666458311, 0.000433132139733, 0.000393468915718, 0.000366308871889, 0.00029696978163, 0.000154194087372, 1.02315516415e-05],
        "dvar": [2.82339169644e-06, 9.66268053162e-05, 5.31237310497e-05, 2.66889419436e-05, 1.45401436384e-05, 1.33547916903e-06, 5.11428822847e-07, 2.60141860053e-07, 5.18432671015e-07, 2.81459477947e-07, 3.44556895016e-07, 4.44443656988e-07, 7.78155651915e-07, 1.85592071489e-07, 1.30621941707e-07, 5.01481110859e-07, 2.64949619577e-07, 2.81932926782e-07, 3.50374335767e-07, 3.35673945528e-07, 2.82693832787e-07, 3.29916531427e-07, 2.37513020807e-07, 1.84392234814e-07, 1.8106288735e-07, 5.77243426392e-08, 3.54740764541e-10],
        "dvar2": [4.36564869233e-06, 0.000193283107365, 0.000118639487482, 5.80188279855e-05, 3.97943076678e-05, 3.75739909941e-06, 1.39862311244e-06, 6.51537959584e-07, 1.23838060517e-06, 6.8288534294e-07, 8.42391784772e-07, 1.10453981961e-06, 1.96897940441e-06, 4.71159808058e-07, 3.29853293124e-07, 1.20549873373e-06, 6.51234017823e-07, 6.54567031688e-07, 8.20876209673e-07, 8.27849646612e-07, 6.13139889083e-07, 6.71970951771e-07, 5.36507855031e-07, 4.00315769866e-07, 3.66113852124e-07, 1.25320596567e-07, 9.6490004875e-10],
        "max": [0.0327556058764, 0.126647815108, 0.0829679965973, 0.068588629365, 0.0896907970309, 0.0286380276084, 0.0120277525857, 0.0141658270732, 0.0152354426682, 0.0143598532304, 0.0103245321661, 0.0247619301081, 0.0168199818581, 0.00875264592469, 0.0119860069826, 0.0124359009787, 0.0134351616725, 0.0106912478805, 0.0128588667139, 0.0123333279043, 0.0109975775704, 0.0198529101908, 0.0106082297862, 0.00619804346934, 0.00665925582871, 0.00365503178909, 0.000308238406433],
        "mean": [0.00328645436093, 0.0192820057273, 0.00245287059806, 0.00161271321122, 0.00111005245708, 0.000503344344907, 0.000351545750163, 0.000331821356667, 0.000577056896873, 0.000343382853316, 0.000418673589593, 0.000427725928603, 0.000653724593576, 0.000393756083213, 0.000341368780937, 0.000529211829416, 0.000460112671135, 0.000528508913703, 0.000580766063649, 0.000636069511529, 0.000653464230709, 0.000641807098873, 0.000636746932287, 0.00066166248871, 0.000509962963406, 0.000209218778764, 7.01107092027e-06],
        "median": [0.00122610200197, 0.0107868881896, 0.000317483965773, 0.000169531966094, 0.000247664225753, 0.000159339804668, 0.000114868715173, 0.000130099680973, 0.000212315950193, 0.00013734328968, 0.000120755066746, 0.000140300428029, 0.000204240699532, 0.000161554373335, 0.000159593153512, 0.00022944585362, 0.000207480712561, 0.000249927863479, 0.000294363446301, 0.000329787260853, 0.000284205219941, 0.00023932766635, 0.000192523628357, 0.000182809410035, 0.000134108529892, 5.08253615408e-05, 3.76038542527e-07],
        "min": [3.75175225661e-24, 2.05663200848e-23, 1.96404371958e-23, 9.25456273037e-24, 4.96773511476e-23, 1.11351907201e-22, 2.86125183023e-23, 3.16833928787e-23, 2.50466776841e-23, 2.55630029238e-23, 6.97542051288e-23, 6.06446350328e-23, 7.51770369397e-23, 1.25518523773e-22, 9.94016552963e-23, 7.98662596632e-23, 1.10000910326e-22, 1.25429085879e-22, 3.40078441112e-22, 2.72342552386e-22, 5.62782861359e-22, 5.72351782005e-22, 6.17800721949e-22, 9.55646042988e-22, 1.20036770994e-21, 1.59823340567e-21, 2.39475855528e-21],
        "var": [1.97006993403e-05, 0.000410813547205, 6.01175670454e-05, 3.59119876521e-05, 1.15550310511e-05, 1.41642215112e-06, 6.00015084729e-07, 3.50699849605e-07, 1.02542708191e-06, 4.56172585928e-07, 6.18534272689e-07, 1.01031582744e-06, 1.58736509093e-06, 4.80053756746e-07, 3.75416192355e-07, 8.20692093839e-07, 6.14456610037e-07, 6.73476165503e-07, 7.99710107913e-07, 7.74211002863e-07, 8.13363101315e-07, 9.50954529344e-07, 8.88766692242e-07, 1.01067166725e-06, 7.43879297715e-07, 1.46569988146e-07, 4.45927156312e-10]
    },
    "erbbands": {
        "dmean": [0.255846947432, 1.07385087013, 2.34293365479, 3.84825563431, 4.23443889618, 3.43662810326, 2.83284687996, 3.9707865715, 3.9463262558, 4.98404073715, 5.18479299545, 9.16115474701, 8.15790653229, 6.75580072403, 12.3592567444, 11.0010957718, 18.0093040466, 12.8683996201, 9.41717433929, 13.9806575775, 16.1020565033, 14.2934579849, 15.0811729431, 14.0728597641, 14.6055603027, 14.0776853561, 12.4587774277, 11.2898254395, 10.2877874374, 9.36995315552, 7.04741191864, 5.5180182457, 3.82682657242, 2.46958112717, 1.39282143116, 0.613739967346, 0.154200419784, 0.0204052794725, 0.000728530168999, 2.54363167187e-05],
        "dmean2": [0.34957280755, 1.59708452225, 3.45462179184, 5.96409368515, 6.80895471573, 6.10215091705, 4.9754319191, 6.8188419342, 6.9290599823, 8.22689723969, 8.55512428284, 14.8342647552, 13.2429199219, 10.9131555557, 20.0782108307, 17.9195404053, 29.4248943329, 20.7193107605, 15.4275436401, 22.5763015747, 25.7077960968, 22.9602088928, 23.6176319122, 22.5244560242, 22.3853721619, 22.0684261322, 19.4411964417, 16.9293403625, 15.7478475571, 14.4428386688, 11.0047779083, 8.79611110687, 6.01192951202, 3.82177495956, 2.10610365868, 0.940770149231, 0.233593761921, 0.0332726761699, 0.00121789681725, 3.95893403038e-05],
        "dvar": [0.180974826217, 4.74471235275, 47.997089386, 124.930488586, 225.087127686, 146.020339966, 65.8339157104, 110.370773315, 99.2776031494, 112.02520752, 123.702659607, 293.210296631, 357.914581299, 202.595275879, 739.538513184, 681.744018555, 1470.44519043, 565.27130127, 265.8621521, 803.98034668, 1036.75830078, 614.0546875, 826.528137207, 767.071228027, 838.837341309, 743.44140625, 562.403442383, 468.956237793, 440.791503906, 352.477661133, 178.983139038, 102.457763672, 53.9428710938, 25.2912521362, 9.82682991028, 2.03266811371, 0.143095433712, 0.00330521212891, 5.03896853843e-06, 2.94119661959e-09],
        "dvar2": [0.329262584448, 9.34013652802, 96.8859863281, 285.970733643, 501.139648438, 415.19354248, 186.104431152, 307.596069336, 278.002593994, 273.19921875, 314.38458252, 692.651611328, 898.212036133, 472.988983154, 1784.39807129, 1700.5057373, 3702.02416992, 1439.64306641, 671.24810791, 1858.50427246, 2461.0847168, 1546.47753906, 1889.89660645, 1949.98095703, 1879.21069336, 1831.87927246, 1287.49255371, 1034.20141602, 872.928649902, 755.233703613, 401.573730469, 239.483901978, 116.899024963, 54.4038581848, 20.0498275757, 4.30172634125, 0.322431772947, 0.00861606840044, 1.36135467983e-05, 7.50048734233e-09],
        "max": [6.75296163559, 34.2498321533, 77.7833328247, 190.643676758, 224.169769287, 404.310638428, 124.569580078, 343.609832764, 186.968338013, 234.780654907, 308.848999023, 449.328704834, 725.889831543, 313.140075684, 660.334533691, 608.509460449, 735.438659668, 504.921325684, 309.573303223, 906.66418457, 707.975097656, 471.38079834, 563.976745605, 672.101806641, 717.090698242, 697.618286133, 767.945251465, 366.155822754, 754.52142334, 570.390441895, 243.700683594, 151.551452637, 120.777290344, 77.0265274048, 50.490322113, 18.4739570618, 7.65269088745, 0.908411204815, 0.0394035317004, 0.000937484554015],
        "mean": [0.971523702145, 2.6246278286, 3.05778622627, 4.44624471664, 4.76369094849, 3.31035661697, 3.06921553612, 4.78199243546, 4.62909030914, 6.92082357407, 7.24251365662, 13.6950187683, 12.2214775085, 10.5132284164, 20.0322818756, 17.7979354858, 29.4165153503, 23.5281181335, 17.4001483917, 24.2754573822, 27.1196632385, 26.9147090912, 28.9688072205, 27.9742488861, 28.9371585846, 29.8815174103, 27.6573390961, 25.1069812775, 22.6134090424, 21.5784339905, 17.9441452026, 14.9335050583, 10.3375997543, 6.31533908844, 3.19652915001, 1.3187738657, 0.301326006651, 0.0344840735197, 0.0011638632277, 9.12665927899e-05],
        "median": [0.498481035233, 1.17658233643, 0.535582780838, 0.645620763302, 0.691871345043, 0.770094752312, 0.95880651474, 1.42567825317, 1.57078742981, 2.63892483711, 3.20044994354, 5.1234869957, 4.92948150635, 4.81967496872, 5.96208095551, 6.60349273682, 9.6213350296, 9.39269065857, 9.26952171326, 10.911280632, 12.7828922272, 12.8477973938, 13.6585931778, 14.659160614, 14.9364280701, 15.3203144073, 12.4598712921, 10.5108861923, 8.55174255371, 7.47382879257, 5.22831296921, 4.14640522003, 2.75007247925, 1.68589282036, 0.817108154297, 0.32332187891, 0.0711963474751, 0.00631744973361, 0.000196670676814, 6.85454506311e-05],
        "min": [4.5062870155e-22, 4.89392362129e-21, 2.42216901049e-20, 1.83738139798e-20, 8.64064079079e-20, 1.71666110842e-19, 4.15819764822e-19, 1.09966631404e-18, 6.99058969366e-19, 2.96966809646e-19, 7.45053882038e-19, 5.71528398426e-19, 6.11271324932e-19, 1.49259747432e-18, 3.63887132579e-18, 2.1588588875e-18, 2.90037977774e-18, 5.85086726186e-18, 5.06933792013e-18, 5.70950623108e-18, 4.47796127121e-18, 6.76244511231e-18, 6.1097615587e-18, 1.37589244353e-17, 1.50149245764e-17, 1.33022132037e-17, 2.14592256854e-17, 2.29656936344e-17, 2.37751312228e-17, 1.36555566373e-17, 1.90808928271e-17, 1.53835989754e-17, 1.84379402262e-17, 1.5161977437e-17, 7.98736849138e-18, 4.21399015336e-18, 3.53725715062e-18, 1.75285920411e-18, 3.07482446581e-19, 3.09709636843e-20],
        "var": [1.21428668499, 13.6061687469, 65.4535598755, 182.21270752, 289.262329102, 108.289070129, 56.1398277283, 130.433502197, 93.0761795044, 181.014709473, 168.381118774, 606.217468262, 543.149719238, 318.001312256, 1496.70202637, 1453.41809082, 2983.29443359, 1499.45227051, 658.293762207, 2040.32519531, 1968.43066406, 1534.90270996, 2062.6315918, 1699.81494141, 1846.10668945, 1692.71899414, 1503.27954102, 1260.0567627, 1228.98693848, 1061.44787598, 713.34753418, 509.679901123, 260.748596191, 107.492416382, 32.5850486755, 5.61402750015, 0.333942353725, 0.00533490162343, 7.58701025916e-06, 9.2175094224e-09]
    },
    "gfcc": {
        "mean": [-21.1444301605, 60.5095329285, -113.300437927, 51.2006225586, -44.5817909241, 30.1197681427, -20.9268302917, 20.0578136444, -13.8291549683, 11.674241066, -8.65163230896, 3.67972373962, -7.36539030075],
        "cov": [[29259.1445312, -5712.94873047, -462.48449707, 1356.53735352, -1384.67736816, 1852.0859375, -1753.77844238, 1152.96484375, -1452.13720703, 575.03503418, -1130.2857666, 651.725646973, -636.104675293], [-5712.94873047, 5253.81835938, -633.487304688, -630.416625977, 591.419067383, -1182.6842041, 809.563293457, -708.889099121, 672.502197266, -346.894592285, 632.820800781, -303.436920166, 393.585205078], [-462.48449707, -633.487304688, 999.491821289, 273.823944092, 103.647148132, 169.384475708, -136.080551147, 72.5683288574, -136.306671143, 50.0064201355, -150.783035278, 13.6070976257, -95.3296661377], [1356.53735352, -630.416625977, 273.823944092, 578.208740234, 61.887386322, 260.974182129, -45.0214080811, 119.776153564, -75.9239654541, 25.7149753571, -109.928733826, 14.7248392105, -37.811882019], [-1384.67736816, 591.419067383, 103.647148132, 61.887386322, 401.92364502, -36.8763618469, 209.340911865, -36.0711555481, 122.204292297, -20.3114547729, 89.3188323975, -34.3374481201, 63.5255966187], [1852.0859375, -1182.6842041, 169.384475708, 260.974182129, -36.8763618469, 510.256378174, -112.610977173, 276.60848999, -111.514007568, 112.35987854, -125.382781982, 78.7938461304, -69.1552047729], [-1753.77844238, 809.563293457, -136.080551147, -45.0214080811, 209.340911865, -112.610977173, 363.408203125, -13.0988092422, 235.386016846, -20.4643535614, 164.379684448, -56.440990448, 101.780075073], [1152.96484375, -708.889099121, 72.5683288574, 119.776153564, -36.0711555481, 276.60848999, -13.0988092422, 291.967376709, 14.4453392029, 120.155250549, -57.3571243286, 69.1065826416, -18.3654899597], [-1452.13720703, 672.502197266, -136.306671143, -75.9239654541, 122.204292297, -111.514007568, 235.386016846, 14.4453392029, 308.870697021, 44.0303230286, 174.777481079, -42.4746780396, 82.4210281372], [575.03503418, -346.894592285, 50.0064201355, 25.7149753571, -20.3114547729, 112.35987854, -20.4643535614, 120.155250549, 44.0303230286, 164.979980469, 36.4944343567, 56.4481735229, -14.9596776962], [-1130.2857666, 632.820800781, -150.783035278, -109.928733826, 89.3188323975, -125.382781982, 164.379684448, -57.3571243286, 174.777481079, 36.4944343567, 223.339492798, 9.07874202728, 80.1569747925], [651.725646973, -303.436920166, 13.6070976257, 14.7248392105, -34.3374481201, 78.7938461304, -56.440990448, 69.1065826416, -42.4746780396, 56.4481735229, 9.07874202728, 113.138069153, 19.1049022675], [-636.104675293, 393.585205078, -95.3296661377, -37.811882019, 63.5255966187, -69.1552047729, 101.780075073, -18.3654899597, 82.4210281372, -14.9596776962, 80.1569747925, 19.1049022675, 117.753227234]],
        "icov": [[0.000139430732816, -0.000247872172622, 0.000309026654577, -0.000333849689923, 0.000184857854038, -0.000228721924941, 0.000353343406459, -0.000391773501178, 0.000452902662801, -0.000543152738828, 0.000462734635221, -0.000512314843945, 0.000506232841872], [-0.000247872172622, 0.00139695522375, -0.00052862544544, 0.000749293947592, -0.00086272630142, 0.00140006828588, -0.000866597169079, 0.00110484834295, -0.00120136037003, 0.00176237651613, -0.00186993100215, 0.00194801413454, -0.00196496583521], [0.000309026654577, -0.00052862544544, 0.00212920131162, -0.00117686518934, -0.000435585854575, -0.000242945287027, 0.00116704392713, -0.000892910407856, 0.00119360722601, -0.00187880243175, 0.00168052269146, -0.001172385877, 0.00169852224644], [-0.000333849689923, 0.000749293947592, -0.00117686518934, 0.00343443313614, -0.000865961308591, -0.000669868022669, -0.00109408516437, 0.00135539844632, -0.00126735318918, 0.00154173013289, -0.000481935363496, 0.00154939631466, -0.00176740717143], [0.000184857854038, -0.00086272630142, -0.000435585854575, -0.000865961308591, 0.00497879693285, -0.00169082754292, -0.0020769299008, 0.000794466468506, 0.000485403696075, -0.0010901032947, 0.00113846606109, -0.00149276724551, 0.000480630347738], [-0.000228721924941, 0.00140006828588, -0.000242945287027, -0.000669868022669, -0.00169082754292, 0.00759543431923, -0.000227875774726, -0.00435224268585, 0.0011483047856, 0.00115140737034, -0.00254911184311, 0.00211022747681, -0.000700581469573], [0.000353343406459, -0.000866597169079, 0.00116704392713, -0.00109408516437, -0.0020769299008, -0.000227875774726, 0.010270097293, -0.00439273798838, -0.00140414445195, 0.00124314031564, -0.0024177916348, 0.00214869063348, -0.000738651317079], [-0.000391773501178, 0.00110484834295, -0.000892910407856, 0.00135539844632, 0.000794466468506, -0.00435224268585, -0.00439273798838, 0.014555846341, -0.00597458705306, -0.00290278461762, 0.00524404319003, -0.00350271351635, -0.00220276857726], [0.000452902662801, -0.00120136037003, 0.00119360722601, -0.00126735318918, 0.000485403696075, 0.0011483047856, -0.00140414445195, -0.00597458705306, 0.0133949955925, -0.00508659984916, -0.00386132323183, 0.00443037366495, -0.000396535091568], [-0.000543152738828, 0.00176237651613, -0.00187880243175, 0.00154173013289, -0.0010901032947, 0.00115140737034, 0.00124314031564, -0.00290278461762, -0.00508659984916, 0.0168001074344, -0.00796757079661, -0.000699895143043, 0.00111822749022], [0.000462734635221, -0.00186993100215, 0.00168052269146, -0.000481935363496, 0.00113846606109, -0.00254911184311, -0.0024177916348, 0.00524404319003, -0.00386132323183, -0.00796757079661, 0.0184592716396, -0.00929818488657, 0.00138557166792], [-0.000512314843945, 0.00194801413454, -0.001172385877, 0.00154939631466, -0.00149276724551, 0.00211022747681, 0.00214869063348, -0.00350271351635, 0.00443037366495, -0.000699895143043, -0.00929818488657, 0.0227993633598, -0.0106487544253], [0.000506232841872, -0.00196496583521, 0.00169852224644, -0.00176740717143, 0.000480630347738, -0.000700581469573, -0.000738651317079, -0.00220276857726, -0.000396535091568, 0.00111822749022, 0.00138557166792, -0.0106487544253, 0.0194306727499]]
    },
    "melbands": {
        "dmean": [0.00188353355043, 0.00111823400948, 0.000661909696646, 0.00027026765747, 0.00010705931345, 8.58351486386e-05, 6.02554428042e-05, 5.51216762688e-05, 4.45982732344e-05, 5.93336117163e-05, 4.10605243815e-05, 2.80032272713e-05, 3.83897313441e-05, 3.20521357935e-05, 3.57056451321e-05, 4.22197263106e-05, 2.37035983446e-05, 1.61130410561e-05, 1.59206083481e-05, 2.61728437181e-05, 1.84784512385e-05, 1.64186694747e-05, 1.57266767928e-05, 1.32260347527e-05, 1.22300079965e-05, 1.26042868942e-05, 1.02373242044e-05, 1.06447960206e-05, 9.2778045655e-06, 7.9736510088e-06, 6.82194968249e-06, 6.33292847851e-06, 6.07649326412e-06, 5.3549229051e-06, 4.4311241254e-06, 4.23292703999e-06, 3.4808140299e-06, 3.12032830152e-06, 2.53871257883e-06, 2.18924856199e-06],
        "dmean2": [0.00263746385463, 0.0015947095817, 0.000992334564216, 0.00045602946193, 0.000188338308362, 0.000148023522343, 0.000105254286609, 9.02301690076e-05, 7.31815089239e-05, 9.61121913861e-05, 6.68865031912e-05, 4.52464446425e-05, 6.27017288934e-05, 5.22731788806e-05, 5.94369485043e-05, 6.76727067912e-05, 3.84165941796e-05, 2.65608341579e-05, 2.58743311861e-05, 4.24009776907e-05, 2.97179940389e-05, 2.67028117378e-05, 2.48602955253e-05, 2.1196086891e-05, 1.98785128305e-05, 1.97284534806e-05, 1.62343840202e-05, 1.71173287526e-05, 1.48712460941e-05, 1.22869814732e-05, 1.0482523976e-05, 9.79325795925e-06, 9.52383470576e-06, 8.3563154476e-06, 7.01580438545e-06, 6.76545960232e-06, 5.59865293326e-06, 4.97956352774e-06, 3.97883331971e-06, 3.4667127693e-06],
        "dvar": [8.95223183761e-06, 7.43466716813e-06, 3.71646797248e-06, 8.77493903317e-07, 9.69762794512e-08, 5.21238270323e-08, 2.29349375047e-08, 1.28283632606e-08, 9.37346822383e-09, 1.18102398972e-08, 8.91766926969e-09, 3.53021278876e-09, 7.00616231697e-09, 5.19040632696e-09, 8.9766922784e-09, 8.24077339701e-09, 2.01922722987e-09, 8.7284335315e-10, 9.10092279316e-10, 3.41736949849e-09, 1.65355873438e-09, 9.42813271898e-10, 1.00661756708e-09, 5.77590253403e-10, 6.39210961939e-10, 6.55949572437e-10, 3.98139965441e-10, 4.41122027794e-10, 3.34769933996e-10, 2.21059184846e-10, 1.65120903062e-10, 1.61808122456e-10, 1.73855166374e-10, 1.15970490155e-10, 7.20540849208e-11, 6.50579382033e-11, 4.056390987e-11, 3.62314379887e-11, 2.20777372079e-11, 2.07037928468e-11],
        "dvar2": [1.73894004547e-05, 1.25135329654e-05, 7.72794737713e-06, 2.29211127589e-06, 2.72175441296e-07, 1.45754540881e-07, 6.39257038415e-08, 3.09169898571e-08, 2.35139250293e-08, 2.8338474678e-08, 2.2335967742e-08, 8.25968804463e-09, 1.71232432677e-08, 1.2459373977e-08, 2.37510366929e-08, 1.98849647859e-08, 5.14724574074e-09, 2.18511586603e-09, 2.23522134135e-09, 8.16592837793e-09, 3.91659948917e-09, 2.3825055262e-09, 2.32365038322e-09, 1.4272093507e-09, 1.66387459366e-09, 1.51158841e-09, 9.60297175112e-10, 1.12154874277e-09, 8.31656410405e-10, 4.93619922715e-10, 3.78435394133e-10, 3.45745126973e-10, 3.86882165193e-10, 2.64475025213e-10, 1.6470361186e-10, 1.65909133654e-10, 9.63574636748e-11, 8.52096518345e-11, 4.80534501079e-11, 4.80933036451e-11],
        "max": [0.0411556996405, 0.0324059836566, 0.0260168388486, 0.0219737105072, 0.00700244866312, 0.0067459596321, 0.00269035738893, 0.0021356085781, 0.00239919289015, 0.00256959884427, 0.00350267370231, 0.00140268402174, 0.00144635315519, 0.00315975770354, 0.00214526848868, 0.00198838626966, 0.0010223640129, 0.000669806438964, 0.0010833555134, 0.00121506804135, 0.00118015974294, 0.00065607286524, 0.00086103961803, 0.000581584405154, 0.000641561637167, 0.000554525176995, 0.000424945465056, 0.000435610505519, 0.000628522830084, 0.00031677421066, 0.000265804614173, 0.000449741695775, 0.00052849430358, 0.000289439689368, 0.000177120542503, 0.000131376436912, 0.000101629040728, 9.53123671934e-05, 7.11653483449e-05, 6.97972718626e-05],
        "mean": [0.00676106428728, 0.00219706026837, 0.000808902375866, 0.000284138077404, 0.00011600414291, 0.00010328560893, 7.20331154298e-05, 7.68749741837e-05, 6.14538075752e-05, 8.76684716786e-05, 5.98745391471e-05, 4.07836487284e-05, 6.06999237789e-05, 5.06632422912e-05, 5.32900958206e-05, 6.76610798109e-05, 4.07130428357e-05, 2.74308822554e-05, 2.73544173979e-05, 3.92910333176e-05, 2.94841283903e-05, 2.80476597254e-05, 2.7322641472e-05, 2.36049272644e-05, 2.23414244829e-05, 2.24073683057e-05, 1.92668703676e-05, 2.02604878723e-05, 1.79445996764e-05, 1.58754683071e-05, 1.39071717058e-05, 1.26785562315e-05, 1.24792231873e-05, 1.15622415251e-05, 1.03009761006e-05, 9.79178184934e-06, 8.81118194229e-06, 7.53176072976e-06, 6.21088429398e-06, 4.98557119499e-06],
        "median": [0.00375690660439, 0.000778860412538, 0.000118816453323, 5.30512515979e-05, 3.45035041391e-05, 3.15333199978e-05, 2.46282797889e-05, 2.88344144792e-05, 2.47192801908e-05, 3.21428415191e-05, 2.29364086408e-05, 1.77248366526e-05, 1.76414505404e-05, 1.60310883075e-05, 1.62992364494e-05, 2.14394167415e-05, 1.52449292727e-05, 1.39679141284e-05, 1.18699372251e-05, 1.5313635231e-05, 1.30604075821e-05, 1.21696066344e-05, 1.19242959045e-05, 1.13590103865e-05, 1.10922774184e-05, 1.07156647573e-05, 9.64024002315e-06, 9.69150187302e-06, 7.98346445663e-06, 6.57775399304e-06, 5.65046229895e-06, 4.81943789055e-06, 4.51099140264e-06, 3.84638588002e-06, 2.96366897601e-06, 2.69141992248e-06, 2.48786864177e-06, 2.04533284887e-06, 1.61459342962e-06, 1.27193220578e-06],
        "min": [4.20889715119e-24, 1.09540862423e-23, 6.15941293176e-24, 7.93910403875e-24, 1.45730597979e-23, 2.39168884506e-23, 9.42365190996e-24, 3.48817607881e-24, 6.09782616646e-24, 3.61213097613e-24, 2.8105106402e-24, 5.24939521884e-24, 1.19641500562e-23, 7.98196364059e-24, 7.26990781083e-24, 5.36663967088e-24, 1.22933022689e-23, 8.44814099254e-24, 7.45678264839e-24, 6.48235957015e-24, 4.67471044382e-24, 7.43188619822e-24, 5.95733201139e-24, 5.59037718968e-24, 1.22530569521e-23, 1.09508069475e-23, 7.54373326394e-24, 9.67878767051e-24, 1.24986956162e-23, 1.55824010153e-23, 1.20256441304e-23, 1.34092864366e-23, 1.05598837705e-23, 7.59294556266e-24, 1.22597883022e-23, 8.31571727896e-24, 1.05637649661e-23, 1.38392487621e-23, 1.15930367543e-23, 1.32199235318e-23],
        "var": [5.12833939865e-05, 1.5707595594e-05, 5.73163742956e-06, 8.3034757381e-07, 8.56241086922e-08, 5.99510485699e-08, 2.32212773454e-08, 2.08292778581e-08, 1.37611264606e-08, 2.3674893157e-08, 1.36986777477e-08, 5.42352207589e-09, 1.31341852949e-08, 1.05079100976e-08, 1.70940879229e-08, 1.86822255444e-08, 5.0910764493e-09, 2.0525134925e-09, 2.84143975016e-09, 5.81784043163e-09, 3.21910786916e-09, 2.18592455248e-09, 2.29567143073e-09, 1.19341170279e-09, 1.26118104848e-09, 1.30473287729e-09, 8.1225143278e-10, 8.66690330614e-10, 7.14178161054e-10, 5.36889199765e-10, 4.15405931875e-10, 3.99615396329e-10, 4.16333828523e-10, 3.16575293757e-10, 2.4814333921e-10, 2.27742213976e-10, 1.81807888189e-10, 1.45168738142e-10, 9.65035829026e-11, 7.28880289458e-11]
    },
    "mfcc": {
        "mean": [-650.139160156, 81.0899200439, 3.27727937698, 27.7548828125, 11.2288141251, 15.815322876, 12.8687620163, 12.2252779007, 8.84007263184, 11.32513237, 8.25733947754, 7.29451179504, 3.90618085861],
        "cov": [[15365.4306641, -3897.28930664, 3.43885779381, -67.7171325684, 52.2573242188, 349.799194336, 18.696390152, 237.169998169, 40.537563324, -115.746536255, -234.276748657, 33.8977394104, -79.0869369507], [-3897.28930664, 3766.36328125, -487.048034668, 179.981445312, -150.633422852, -243.691558838, 4.01584482193, -193.361923218, -46.813911438, -3.06186175346, 35.3072967529, -55.8286323547, 95.6946182251], [3.43885779381, -487.048034668, 680.98046875, 120.758255005, 165.691558838, 77.495513916, -3.96964335442, 9.53152370453, 5.33114480972, 5.16741895676, -3.92545461655, -0.551181137562, -9.47945976257], [-67.7171325684, 179.981445312, 120.758255005, 398.731903076, 112.766395569, 99.6475296021, 70.6598587036, 35.1675643921, 47.4975547791, 8.83340167999, -20.7297744751, -26.9438076019, -1.32389545441], [52.2573242188, -150.633422852, 165.691558838, 112.766395569, 245.948776245, 117.426460266, 66.6609573364, 47.0292663574, 40.6201171875, 29.3216838837, 20.8194007874, 18.7700748444, -5.52523851395], [349.799194336, -243.691558838, 77.495513916, 99.6475296021, 117.426460266, 174.737487793, 86.4502410889, 71.9453201294, 45.7948493958, 25.9069671631, 6.8465719223, 18.0654411316, 4.36000823975], [18.696390152, 4.01584482193, -3.96964335442, 70.6598587036, 66.6609573364, 86.4502410889, 144.248580933, 75.6517181396, 51.9428100586, 37.853313446, 24.6307849884, 25.3570232391, 20.0424385071], [237.169998169, -193.361923218, 9.53152370453, 35.1675643921, 47.0292663574, 71.9453201294, 75.6517181396, 157.567123413, 90.8958892822, 58.5960273743, 23.9133110046, 19.6085319519, 8.58597755432], [40.537563324, -46.813911438, 5.33114480972, 47.4975547791, 40.6201171875, 45.7948493958, 51.9428100586, 90.8958892822, 138.079864502, 96.3486099243, 45.1827392578, 26.0175628662, 13.7360944748], [-115.746536255, -3.06186175346, 5.16741895676, 8.83340167999, 29.3216838837, 25.9069671631, 37.853313446, 58.5960273743, 96.3486099243, 152.869049072, 101.697021484, 51.8878860474, 18.7873039246], [-234.276748657, 35.3072967529, -3.92545461655, -20.7297744751, 20.8194007874, 6.8465719223, 24.6307849884, 23.9133110046, 45.1827392578, 101.697021484, 145.6197052, 79.7358703613, 20.5896091461], [33.8977394104, -55.8286323547, -0.551181137562, -26.9438076019, 18.7700748444, 18.0654411316, 25.3570232391, 19.6085319519, 26.0175628662, 51.8878860474, 79.7358703613, 106.533073425, 48.9442901611], [-79.0869369507, 95.6946182251, -9.47945976257, -1.32389545441, -5.52523851395, 4.36000823975, 20.0424385071, 8.58597755432, 13.7360944748, 18.7873039246, 20.5896091461, 48.9442901611, 89.9466705322]],
