{
"lowlevel": {
    "average_loudness": 0.953296661377,
    "barkbands_crest": {
        "dmean": 3.80230355263,
        "dmean2": 5.9834485054,
        "dvar": 12.0458183289,
        "dvar2": 28.2274971008,
        "max": 26.6001396179,
        "mean": 14.3507261276,
        "median": 13.8082866669,
        "min": 2.1483476162,
        "var": 32.3609619141
    },
    "barkbands_flatness_db": {
        "dmean": 0.0372975617647,
        "dmean2": 0.0567599087954,
        "dvar": 0.00242690043524,
        "dvar2": 0.0050449250266,
        "max": 0.832182645798,
        "mean": 0.137155517936,
        "median": 0.119993120432,
        "min": 0.0119507405907,
        "var": 0.00657826010138
    },
    "barkbands_kurtosis": {
        "dmean": 16.1223754883,
        "dmean2": 25.8717041016,
        "dvar": 10238.4130859,
        "dvar2": 23726.7871094,
        "max": 2931.45043945,
        "mean": 16.5216846466,
        "median": 3.33216094971,
        "min": -1.96040737629,
        "var": 10513.59375
    },
    "barkbands_skewness": {
        "dmean": 1.08001089096,
        "dmean2": 1.71852385998,
        "dvar": 4.39929151535,
        "dvar2": 10.6886692047,
        "max": 38.4046020508,
        "mean": 2.41673660278,
        "median": 2.03641843796,
        "min": -4.62781953812,
        "var": 6.46160411835
    },
    "barkbands_spread": {
        "dmean": 10.1053390503,
        "dmean2": 16.3909130096,
        "dvar": 106.854042053,
        "dvar2": 264.610595703,
        "max": 129.22265625,
        "mean": 29.9224033356,
        "median": 28.1055335999,
        "min": 0.0313103348017,
        "var": 290.988128662
    },
    "dissonance": {
        "dmean": 0.0150717515498,
        "dmean2": 0.0256061702967,
        "dvar": 0.000402971549192,
        "dvar2": 0.00108686345629,
        "max": 0.500000059605,
        "mean": 0.476587742567,
        "median": 0.482361197472,
        "min": 0.134743228555,
        "var": 0.000553835183382
    },
    "dynamic_complexity": 3.40610122681,
    "erbbands_crest": {
        "dmean": 2.54770755768,
        "dmean2": 4.16672945023,
        "dvar": 8.13411045074,
        "dvar2": 18.5783824921,
        "max": 33.8497200012,
        "mean": 7.91988992691,
        "median": 6.10930252075,
        "min": 2.02516508102,
        "var": 28.5089473724
    },
    "erbbands_flatness_db": {
        "dmean": 0.0198925435543,
        "dmean2": 0.0288168918341,
        "dvar": 0.0011217428837,
        "dvar2": 0.00189219752792,
        "max": 0.607037842274,
        "mean": 0.112416394055,
        "median": 0.0896025076509,
        "min": 0.0356278531253,
        "var": 0.0044651706703
    },
    "erbbands_kurtosis": {
        "dmean": 2.30774092674,
        "dmean2": 3.71970915794,
        "dvar": 258.170593262,
        "dvar2": 596.509338379,
        "max": 458.242156982,
        "mean": 1.56013596058,
        "median": -0.364705443382,
        "min": -1.8532782793,
        "var": 255.702346802
    },
    "erbbands_skewness": {
        "dmean": 0.446205228567,
        "dmean2": 0.691270589828,
        "dvar": 0.694943487644,
        "dvar2": 1.46574497223,
        "max": 17.1520442963,
        "mean": -0.11553106457,
        "median": -0.180613815784,
        "min": -8.64982318878,
        "var": 1.27421760559
    },
    "erbbands_spread": {
        "dmean": 12.5384473801,
        "dmean2": 18.9734554291,
        "dvar": 175.260177612,
        "dvar2": 380.775512695,
        "max": 179.584915161,
        "mean": 54.4530906677,
        "median": 55.1309890747,
        "min": 0.426256895065,
        "var": 557.11505127
    },
    "hfc": {
        "dmean": 11.8955411911,
        "dmean2": 18.3441143036,
        "dvar": 334.368255615,
        "dvar2": 828.268615723,
        "max": 173.859039307,
        "mean": 31.0246047974,
        "median": 23.9679603577,
        "min": 1.15956110562e-16,
        "var": 736.411804199
    },
    "melbands_crest": {
        "dmean": 4.44443178177,
        "dmean2": 7.03111982346,
        "dvar": 16.9995918274,
        "dvar2": 41.462562561,
        "max": 39.3067893982,
        "mean": 20.5053081512,
        "median": 20.1441726685,
        "min": 2.40209078789,
        "var": 46.6626739502
    },
    "melbands_flatness_db": {
        "dmean": 0.04422358796,
        "dmean2": 0.067531093955,
        "dvar": 0.00298096239567,
        "dvar2": 0.0064887101762,
        "max": 0.964560627937,
        "mean": 0.220082744956,
        "median": 0.205186501145,
        "min": 0.00779957743362,
        "var": 0.00841370318085
    },
    "melbands_kurtosis": {
        "dmean": 30.2571372986,
        "dmean2": 49.9948730469,
        "dvar": 12823.4472656,
        "dvar2": 31271.3417969,
        "max": 3010.92871094,
        "mean": 41.8131904602,
        "median": 21.2509231567,
        "min": -1.78185200691,
        "var": 12374.6416016
    },
    "melbands_skewness": {
        "dmean": 1.51301491261,
        "dmean2": 2.40449905396,
        "dvar": 4.60512304306,
        "dvar2": 10.6976642609,
        "max": 36.5306129456,
        "mean": 4.66083621979,
        "median": 4.20854473114,
        "min": -4.96152544022,
        "var": 8.76487922668
    },
    "melbands_spread": {
        "dmean": 9.27328109741,
        "dmean2": 15.4232444763,
        "dvar": 158.052047729,
        "dvar2": 396.011779785,
        "max": 200.455810547,
        "mean": 20.7031173706,
        "median": 16.6467151642,
        "min": 0.055836584419,
        "var": 323.512268066
    },
    "pitch_salience": {
        "dmean": 0.107467845082,
        "dmean2": 0.164085641503,
        "dvar": 0.0107795139775,
        "dvar2": 0.0248071476817,
        "max": 0.966735541821,
        "mean": 0.432616949081,
        "median": 0.442409276962,
        "min": 0.00709978537634,
        "var": 0.0268676690757
    },
    "silence_rate_20dB": {
        "dmean": 0,
        "dmean2": 0,
        "dvar": 0,
        "dvar2": 0,
        "max": 1,
        "mean": 1,
        "median": 1,
        "min": 1,
        "var": 0
    },
    "silence_rate_30dB": {
        "dmean": 0.00900406297296,
        "dmean2": 0.0180101040751,
        "dvar": 0.00892407074571,
        "dvar2": 0.0253723990172,
        "max": 1,
        "mean": 0.994729936123,
        "median": 1,
        "min": 0,
        "var": 0.00524213025346
    },
    "silence_rate_60dB": {
        "dmean": 0.0199846271425,
        "dmean2": 0.0399736426771,
        "dvar": 0.0195828266442,
        "dvar2": 0.0460575185716,
        "max": 1,
        "mean": 0.0512736067176,
        "median": 0,
        "min": 0,
        "var": 0.0486408211291
    },
    "spectral_centroid": {
        "dmean": 387.723693848,
        "dmean2": 614.633239746,
        "dvar": 189762.953125,
        "dvar2": 459659.1875,
        "max": 10945.28125,
        "mean": 1758.8717041,
        "median": 1762.10314941,
        "min": 57.2721443176,
        "var": 571190.5
    },
    "spectral_complexity": {
        "dmean": 5.55506753922,
        "dmean2": 8.66000461578,
        "dvar": 43.7052497864,
        "dvar2": 91.0171432495,
        "max": 60,
        "mean": 19.7969913483,
        "median": 19,
        "min": 0,
        "var": 157.591720581
    },
    "spectral_decrease": {
        "dmean": 4.32517754945e-09,
        "dmean2": 7.13142300768e-09,
        "dvar": 2.37563310619e-17,
        "dvar2": 6.09854126728e-17,
        "max": -6.4656254813e-29,
        "mean": -1.08739470761e-08,
        "median": -1.03658646111e-08,
        "min": -3.86718745915e-08,
        "var": 4.83062558947e-17
    },
    "spectral_energy": {
        "dmean": 0.0168901588768,
        "dmean2": 0.0278146825731,
        "dvar": 0.000371821515728,
        "dvar2": 0.000942600774579,
        "max": 0.156125307083,
        "mean": 0.0438548326492,
        "median": 0.0421006903052,
        "min": 1.0761585842e-20,
        "var": 0.000776704924647
    },
    "spectral_energyband_high": {
        "dmean": 0.00116148800589,
        "dmean2": 0.00180221849587,
        "dvar": 3.1207093798e-06,
        "dvar2": 7.8414541349e-06,
        "max": 0.0167500935495,
        "mean": 0.0024815837387,
        "median": 0.00179575418588,
        "min": 7.55741207417e-21,
        "var": 6.61171816319e-06
    },
    "spectral_energyband_low": {
        "dmean": 0.0134632596746,
        "dmean2": 0.0213318355381,
        "dvar": 0.000198843961698,
        "dvar2": 0.00050697196275,
        "max": 0.125553801656,
        "mean": 0.0289571601897,
        "median": 0.025270447135,
        "min": 4.86100507418e-23,
        "var": 0.000470312486868
    },
    "spectral_energyband_middle_high": {
        "dmean": 0.0017106133746,
        "dmean2": 0.00278914324008,
        "dvar": 5.7348502196e-06,
        "dvar2": 1.43354700413e-05,
        "max": 0.0247986000031,
        "mean": 0.00442163832486,
        "median": 0.00348499463871,
        "min": 1.59469365426e-21,
        "var": 1.41913369589e-05
    },
    "spectral_energyband_middle_low": {
        "dmean": 0.00748615758494,
        "dmean2": 0.012444187887,
        "dvar": 0.000225850439165,
        "dvar2": 0.000566919799894,
        "max": 0.119512967765,
        "mean": 0.00926698371768,
        "median": 0.00480504054576,
        "min": 4.44130103278e-22,
        "var": 0.000198270965484
    },
    "spectral_entropy": {
        "dmean": 0.19380132854,
        "dmean2": 0.289595007896,
        "dvar": 0.0986469164491,
        "dvar2": 0.19298094511,
        "max": 9.79639339447,
        "mean": 7.9493894577,
        "median": 8.12264251709,
        "min": 3.13155817986,
        "var": 0.31457644701
    },
    "spectral_flux": {
        "dmean": 0.0402242727578,
        "dmean2": 0.0642926320434,
        "dvar": 0.00191207253374,
        "dvar2": 0.0040150382556,
        "max": 0.36804702878,
        "mean": 0.111825726926,
        "median": 0.0990905314684,
        "min": 1.03738066748e-10,
        "var": 0.0042451871559
    },
    "spectral_kurtosis": {
        "dmean": 1.25070619583,
        "dmean2": 1.93351268768,
        "dvar": 10.5022516251,
        "dvar2": 24.3984622955,
        "max": 83.4985275269,
        "mean": 2.98037362099,
        "median": 1.82449626923,
        "min": -1.18854999542,
        "var": 15.9641475677
    },
    "spectral_rms": {
        "dmean": 0.00126704422291,
        "dmean2": 0.00204062811099,
        "dvar": 1.88659635114e-06,
        "dvar2": 4.47798129244e-06,
        "max": 0.0123416921124,
        "mean": 0.00607893057168,
        "median": 0.00640888791531,
        "min": 3.2402327349e-12,
        "var": 5.83174005442e-06
    },
    "spectral_rolloff": {
        "dmean": 844.412841797,
        "dmean2": 1458.54650879,
        "dvar": 1547631.375,
        "dvar2": 3704771.75,
        "max": 18970.7519531,
        "mean": 1370.66113281,
        "median": 839.794921875,
        "min": 21.533203125,
        "var": 2775474.75
    },
    "spectral_skewness": {
        "dmean": 0.204905882478,
        "dmean2": 0.305744677782,
        "dvar": 0.112381272018,
        "dvar2": 0.238034129143,
        "max": 7.0499548912,
        "mean": 1.31953895092,
        "median": 1.16604685783,
        "min": 0.0157570447773,
        "var": 0.282555341721
    },
    "spectral_spread": {
        "dmean": 652585.625,
        "dmean2": 902807.4375,
        "dvar": 586022780928,
        "dvar2": 1.00484415488e+12,
        "max": 40163536,
        "mean": 6370096,
        "median": 6617902,
        "min": 807058.625,
        "var": 2.51209292186e+12
    },
    "spectral_strongpeak": {
        "dmean": 0.224845930934,
        "dmean2": 0.390205621719,
        "dvar": 0.136513859034,
        "dvar2": 0.378111720085,
        "max": 6.30720758438,
        "mean": 0.431275188923,
        "median": 0.386390715837,
        "min": 0,
        "var": 0.137330204248
    },
    "zerocrossingrate": {
        "dmean": 0.0151148969308,
        "dmean2": 0.0180253311992,
        "dvar": 0.000261189386947,
        "dvar2": 0.000355692580342,
        "max": 0.65576171875,
        "mean": 0.070445291698,
        "median": 0.06494140625,
        "min": 0,
        "var": 0.00181960558984
    },
    "barkbands": {
        "dmean": [0.000885066809133, 0.0121579486877, 0.00383704970591, 0.00260574440472, 0.00435823854059, 0.000747743004467, 0.000521348731127, 0.000384809740353, 0.000311877316562, 0.000284507026663, 0.000363900559023, 0.000389241584344, 0.00029830110725, 0.000348207890056, 0.000274365011137, 0.000257272506133, 0.000244421535172, 0.000191282088053, 0.000224721516133, 0.000206045588129, 0.000353630864993, 0.000224340707064, 0.000212944854866, 0.000207917488297, 0.000169626291608, 8.85287809069e-05, 1.71563151525e-05],
        "dmean2": [0.00146228075027, 0.0188236851245, 0.00635028723627, 0.00438228109851, 0.00791933201253, 0.00128056597896, 0.000888686743565, 0.000628356297966, 0.000516597589012, 0.000464234588435, 0.000579129322432, 0.000629673653748, 0.000490204663947, 0.000574061821681, 0.000450170511613, 0.00043869658839, 0.000407733023167, 0.000330358045176, 0.000391042762203, 0.000345248583471, 0.000617288635112, 0.000364341773093, 0.000338577287039, 0.000322690815665, 0.00026781228371, 0.000123445512145, 2.68984294962e-05],
        "dvar": [1.41102350426e-06, 0.000176968213054, 4.26919141319e-05, 2.76305745501e-05, 0.000117586117995, 2.08023539017e-06, 9.31252088776e-07, 3.74309536255e-07, 3.03485080622e-07, 2.56174388369e-07, 3.93067068671e-07, 4.50129164165e-07, 3.05938186784e-07, 3.74249538027e-07, 2.45318744874e-07, 2.9405322266e-07, 1.94242701923e-07, 1.05703392705e-07, 1.43508373185e-07, 1.32360739258e-07, 3.51337206439e-07, 9.92453053072e-08, 9.99219835762e-08, 9.53275147708e-08, 6.58461871694e-08, 1.59935122923e-08, 1.29599964094e-09],
        "dvar2": [4.17372984884e-06, 0.00045066405437, 0.000109620930743, 6.30922877463e-05, 0.000329049827997, 5.72417729927e-06, 2.48369701694e-06, 9.08548656753e-07, 7.34882974029e-07, 6.08554330483e-07, 9.08661036192e-07, 1.09612562937e-06, 7.66633547755e-07, 9.24925529944e-07, 5.90493471009e-07, 7.940389537e-07, 5.02208592934e-07, 2.9088838005e-07, 3.88872393842e-07, 3.54852801365e-07, 9.77239324129e-07, 2.45886241146e-07, 2.53963207797e-07, 2.38660277319e-07, 1.61386111586e-07, 2.90565083105e-08, 3.09473291438e-09],
        "max": [0.0118748219684, 0.119496800005, 0.0520133003592, 0.0376969948411, 0.0852399095893, 0.0158513262868, 0.0112353079021, 0.0144614987075, 0.0118759749457, 0.00875425152481, 0.0173928011209, 0.0128753874451, 0.00830024853349, 0.00978438742459, 0.00838369689882, 0.0186684485525, 0.00932903029025, 0.00725102238357, 0.00521034328267, 0.00654846150428, 0.00546852312982, 0.0032397643663, 0.00314037920907, 0.00311348610558, 0.00279138004407, 0.00165548222139, 0.000741451920476],
        "mean": [0.00116649724077, 0.022015158087, 0.00462296977639, 0.00240306253545, 0.00396246882156, 0.00098355836235, 0.000666094769258, 0.000562002242077, 0.000454101216746, 0.000435066234786, 0.000568582559936, 0.000649703724775, 0.000451230240287, 0.000529504555743, 0.000412216380937, 0.000357749289833, 0.000373993505491, 0.000282360473648, 0.000317362515489, 0.000361590704415, 0.000502573384438, 0.000431199005106, 0.00040772149805, 0.000392330781324, 0.000329633505316, 0.000188910475117, 2.72205670626e-05],
        "median": [0.000678827054799, 0.0160159561783, 0.00204313150607, 0.000505847623572, 0.00112628377974, 0.000479720358271, 0.000267809664365, 0.000228550634347, 0.000175057459273, 0.00017188534548, 0.000204974523513, 0.000263191730483, 0.000192310573766, 0.000217554945266, 0.000180640272447, 0.000156633046572, 0.000162316995556, 0.000154021603521, 0.000175289358594, 0.000218216388021, 0.00031834890251, 0.000297095277347, 0.000274149002507, 0.000265751790721, 0.000213527382584, 0.000111736502731, 8.43085399538e-06],
        "min": [1.70309310753e-23, 3.00217615115e-23, 1.4248088548e-23, 1.41044811534e-23, 2.69743792129e-23, 1.03670825365e-22, 4.00927163927e-23, 1.00811280314e-22, 1.25990350946e-22, 7.44274739293e-23, 6.70077701101e-23, 6.28688883085e-23, 5.84086624395e-23, 9.63139842935e-23, 8.11768100622e-23, 1.62288378172e-22, 2.58192811127e-22, 2.04474766117e-22, 3.898830797e-22, 4.16977182754e-22, 4.64128194231e-22, 5.76827160314e-22, 7.67455486413e-22, 6.59657454388e-22, 1.27653375757e-21, 1.64133212072e-21, 2.09831931884e-21],
        "var": [1.92063816939e-06, 0.000390784320189, 4.33640016126e-05, 2.5828512662e-05, 7.67472592997e-05, 2.08365281651e-06, 1.20871015952e-06, 7.69965595282e-07, 5.52332210191e-07, 5.55570636607e-07, 8.91344939191e-07, 1.06245533971e-06, 6.06246942425e-07, 7.1068205898e-07, 4.9814968861e-07, 4.04261015774e-07, 3.74764994149e-07, 1.43220191262e-07, 1.77894776243e-07, 2.22562064778e-07, 3.79194062816e-07, 2.11381092186e-07, 1.99562620651e-07, 1.87667367868e-07, 1.44456961948e-07, 5.26493550979e-08, 2.46785925029e-09]
    },
    "erbbands": {
        "dmean": [0.46415579319, 2.52475142479, 3.895622015, 6.28235626221, 15.9833250046, 11.6831359863, 7.15874958038, 5.87828063965, 8.23674488068, 7.57525014877, 8.205991745, 6.90272903442, 9.58426189423, 7.47593641281, 15.3540153503, 16.7540340424, 13.4176540375, 16.3723297119, 14.5284757614, 13.2787246704, 12.895070076, 12.5674190521, 9.24337863922, 11.9530057907, 10.8481702805, 9.50922393799, 12.9522256851, 13.2916555405, 8.46516036987, 7.85613489151, 6.11719465256, 4.22584915161, 3.65927052498, 2.38767814636, 0.998570919037, 0.471043109894, 0.159770146012, 0.0308321975172, 0.00278528849594, 5.44808717677e-05],
        "dmean2": [0.728627860546, 3.82239222527, 5.99111366272, 10.0076675415, 28.6214141846, 21.2709693909, 12.5761575699, 10.1307020187, 13.9172878265, 12.7583141327, 13.3486213684, 11.4771690369, 15.5590610504, 12.3439083099, 24.3094749451, 26.9135303497, 21.8488178253, 26.7708873749, 24.3377685547, 22.0997562408, 21.7466640472, 21.1638011932, 15.7854747772, 21.1178283691, 18.5174217224, 15.9865694046, 22.5437316895, 23.0505504608, 14.1571302414, 12.2482481003, 10.0200862885, 6.50070714951, 5.8167591095, 3.85166597366, 1.56378316879, 0.714649021626, 0.204299792647, 0.0440120734274, 0.00436157546937, 8.35985920276e-05],
        "dvar": [0.261642873287, 8.16130065918, 35.8600578308, 130.734909058, 1540.69970703, 864.243713379, 239.131790161, 137.301635742, 246.444030762, 188.992233276, 181.891204834, 171.519790649, 311.806976318, 185.59274292, 772.544006348, 887.049255371, 582.28503418, 763.80291748, 753.429138184, 539.436767578, 533.600646973, 499.419281006, 232.162841797, 509.390197754, 341.385314941, 295.471862793, 540.801940918, 451.682312012, 160.135177612, 113.676582336, 105.843505859, 41.0600509644, 28.0301971436, 13.1312093735, 2.37206816673, 0.474844098091, 0.0520252995193, 0.0026556015946, 3.75967028958e-05, 8.18891798815e-09],
        "dvar2": [0.69345498085, 19.8505783081, 82.2430725098, 298.276916504, 4170.88476562, 2451.63964844, 673.72857666, 378.611755371, 645.554992676, 505.333526611, 439.101104736, 415.669586182, 733.491149902, 458.143005371, 1797.4777832, 2119.59936523, 1430.8770752, 1858.42614746, 1884.44763184, 1381.90551758, 1403.56787109, 1324.33569336, 615.101806641, 1459.69335938, 892.116516113, 795.960510254, 1488.9765625, 1259.78417969, 413.093353271, 279.48336792, 285.288146973, 101.85231781, 72.0530319214, 33.9933242798, 5.43736505508, 1.03284287453, 0.0849291086197, 0.00584190059453, 9.03109976207e-05, 1.90086684171e-08],
        "max": [4.80673027039, 27.4305152893, 47.5989379883, 109.26612854, 340.015716553, 269.726013184, 197.12322998, 146.413146973, 195.989517212, 349.741241455, 228.596862793, 369.741241455, 341.78302002, 298.497741699, 860.312561035, 663.753601074, 388.704315186, 525.41217041, 394.411254883, 472.284332275, 601.578918457, 381.691772461, 359.046630859, 554.606079102, 312.107727051, 277.430725098, 285.742645264, 213.117492676, 136.154190063, 131.680511475, 113.969299316, 72.2622909546, 49.3280525208, 42.0326347351, 18.7980918884, 7.4526848793, 3.76365113258, 0.838474690914, 0.130822181702, 0.00172779150307],
        "mean": [0.807486653328, 4.22850704193, 5.69899272919, 7.20669746399, 13.5403690338, 10.6537790298, 8.0881061554, 7.71041679382, 11.017334938, 10.3312034607, 12.188615799, 10.3729124069, 15.0929613113, 11.729467392, 24.9972953796, 29.4942092896, 22.7110443115, 26.8998775482, 22.1383743286, 21.7444324493, 20.1190032959, 19.723991394, 14.8077964783, 16.7686309814, 16.7062587738, 16.4458675385, 19.1986522675, 19.7770042419, 15.6358785629, 14.0373182297, 11.2201118469, 8.09651565552, 6.68289089203, 4.2790184021, 2.04006361961, 0.928296744823, 0.327366292477, 0.0636570379138, 0.00458238972351, 0.000133083332912],
        "median": [0.543798327446, 2.91107201576, 3.23872518539, 2.42045593262, 2.935100317, 3.08165431023, 3.20207047462, 3.73114919662, 4.24434804916, 4.20148038864, 5.09921741486, 4.37925338745, 5.81419658661, 5.7457242012, 10.2302150726, 11.9896717072, 11.1005992889, 12.6028518677, 10.2093963623, 11.3487710953, 10.053352356, 9.23488140106, 8.67314338684, 8.18757820129, 10.0581169128, 9.97242927551, 12.3394136429, 12.5967521667, 10.9288024902, 8.9214258194, 7.38243865967, 5.48384618759, 4.5099902153, 2.78588175774, 1.26550209522, 0.55966603756, 0.183269709349, 0.0330677628517, 0.00160788116045, 9.72390553216e-05],
        "min": [2.97573454335e-22, 8.38810497316e-21, 2.22239374501e-20, 2.16333789603e-20, 5.48497001835e-20, 6.27745428162e-20, 8.37192134603e-19, 5.41207110796e-19, 5.7872807508e-19, 5.34775419642e-19, 3.14915579453e-18, 2.5455259124e-18, 3.30413738808e-18, 1.48223714055e-18, 3.67857806314e-18, 2.47754552132e-18, 2.84422434711e-18, 3.42333142601e-18, 5.60758310395e-18, 6.472032339e-18, 8.27686598934e-18, 1.49786626327e-17, 1.09668217726e-17, 2.31588634685e-17, 1.29635348553e-17, 2.19334317869e-17, 1.48126855341e-17, 2.16450418838e-17, 1.79178520704e-17, 2.29236397721e-17, 2.11948852314e-17, 1.62666589471e-17, 9.55668231462e-18, 1.41890757247e-17, 8.87228796505e-18, 6.2453108185e-18, 2.87045196959e-18, 1.04863216537e-18, 3.1429277966e-19, 3.1878933347e-20],
        "var": [0.605697154999, 16.7043685913, 49.1580734253, 142.78036499, 1061.18017578, 558.208435059, 194.042541504, 138.465454102, 348.873016357, 298.16229248, 356.409515381, 312.16708374, 708.462646484, 334.783599854, 1740.9675293, 2235.73266602, 1219.13781738, 1564.13549805, 1133.65783691, 1053.98840332, 863.139160156, 939.176025391, 355.538482666, 629.894348145, 478.479187012, 458.880004883, 566.563842773, 562.323547363, 286.266601562, 245.014770508, 165.471343994, 83.8824691772, 53.0204925537, 24.2267875671, 5.88467741013, 1.24449586868, 0.178097739816, 0.00701887020841, 6.97269351804e-05, 1.91367703906e-08]
    },
    "gfcc": {
        "mean": [13.9213428497, 52.9000854492, -87.7637329102, 44.2526817322, -44.5062980652, 32.2729759216, -29.0335178375, 11.182258606, -21.790845871, 12.9041242599, -13.893409729, 6.82442331314, -10.9243526459],
        "cov": [[21170.6523438, -615.311828613, 1474.1973877, 607.540161133, -617.168273926, 635.469116211, -446.645111084, 745.435791016, -199.358551025, 60.2745552063, -499.563964844, 217.735519409, -322.111999512], [-615.311828613, 1187.66015625, -14.0715713501, -174.392440796, 179.593933105, 92.8991317749, 101.00705719, -158.809066772, 29.5504493713, -67.8974838257, 69.7032470703, -75.5137939453, 84.7347640991], [1474.1973877, -14.0715713501, 822.468017578, 198.9322052, 68.1322097778, 149.251159668, 20.9094867706, 120.035972595, -1.20255339146, 14.533952713, -27.3962345123, 45.9262123108, -29.4344329834], [607.540161133, -174.392440796, 198.9322052, 297.511627197, -18.6253051758, 35.0248413086, -27.895368576, 65.0878448486, -5.04294061661, 5.32910680771, -17.941411972, 14.0536174774, -10.8532953262], [-617.168273926, 179.593933105, 68.1322097778, -18.6253051758, 317.121398926, 140.703735352, 118.1016922, 1.10884404182, 101.413589478, 26.5706806183, 40.81432724, -5.77856206894, 48.61485672], [635.469116211, 92.8991317749, 149.251159668, 35.0248413086, 140.703735352, 366.542022705, 180.139694214, 26.5174388885, 39.5275497437, 29.6395397186, 22.1630020142, 18.2366638184, 14.16817379], [-446.645111084, 101.00705719, 20.9094867706, -27.895368576, 118.1016922, 180.139694214, 336.349578857, 98.9546356201, 68.3151168823, 28.3363075256, 78.8879852295, 34.1376647949, 62.5587310791], [745.435791016, -158.809066772, 120.035972595, 65.0878448486, 1.10884404182, 26.5174388885, 98.9546356201, 278.932373047, 108.058509827, 45.9160690308, 5.84977531433, 56.6957817078, 24.201292038], [-199.358551025, 29.5504493713, -1.20255339146, -5.04294061661, 101.413589478, 39.5275497437, 68.3151168823, 108.058509827, 183.544021606, 69.5567321777, 43.4147186279, 7.68265914917, 29.7881240845], [60.2745552063, -67.8974838257, 14.533952713, 5.32910680771, 26.5706806183, 29.6395397186, 28.3363075256, 45.9160690308, 69.5567321777, 106.699707031, 53.4298667908, 31.0509567261, -6.26900100708], [-499.563964844, 69.7032470703, -27.3962345123, -17.941411972, 40.81432724, 22.1630020142, 78.8879852295, 5.84977531433, 43.4147186279, 53.4298667908, 110.698043823, 47.3816299438, 27.3594036102], [217.735519409, -75.5137939453, 45.9262123108, 14.0536174774, -5.77856206894, 18.2366638184, 34.1376647949, 56.6957817078, 7.68265914917, 31.0509567261, 47.3816299438, 96.0109024048, 33.9398040771], [-322.111999512, 84.7347640991, -29.4344329834, -10.8532953262, 48.61485672, 14.16817379, 62.5587310791, 24.201292038, 29.7881240845, -6.26900100708, 27.3594036102, 33.9398040771, 110.723014832]],
        "icov": [[9.89739346551e-05, -0.000102599493403, -4.2588209908e-05, -3.48828652932e-05, 0.000180266113603, -0.000299716426525, 0.000227555588936, -0.000323187123286, 0.000146634047269, -0.000230520672631, 0.000502510287333, -0.000352276780177, 0.000184295902727], [-0.000102599493403, 0.00156999495812, -0.000354327872628, 0.000838246895, -0.000336975586833, -7.46429868741e-05, 6.67327549309e-06, 0.000740838295314, -0.000491891696583, 0.00171584542841, -0.00259875948541, 0.00231543276459, -0.00135830999352], [-4.2588209908e-05, -0.000354327872628, 0.00189940060955, -0.0010706189787, -0.000715314177796, -0.000320629071211, 0.000139153402415, -0.000737351074349, 0.000646594620775, -0.000234325663769, 0.000730822444893, -0.00121677503921, 0.000990068539977], [-3.48828652932e-05, 0.000838246895, -0.0010706189787, 0.00479972502217, 0.000136500952067, -0.000754823617171, 0.00111681292765, -0.000976077979431, 0.000454750203062, 0.000797238550149, -0.00192785542458, 0.00193636107724, -0.00113249837887], [0.000180266113603, -0.000336975586833, -0.000715314177796, 0.000136500952067, 0.00586812430993, -0.00174535461701, -0.000419872725615, 0.00119882437866, -0.00316653307527, -2.58044237853e-05, 0.000811460602563, 3.64306542906e-05, -0.00113367673475], [-0.000299716426525, -7.46429868741e-05, -0.000320629071211, -0.000754823617171, -0.00174535461701, 0.00598020199686, -0.00393129419535, 0.00250302022323, -0.000761647475883, -0.00103189249057, 0.00170898705255, -0.00116126588546, 0.000781321024988], [0.000227555588936, 6.67327549309e-06, 0.000139153402415, 0.00111681292765, -0.000419872725615, -0.00393129419535, 0.0077118887566, -0.00455539906397, 0.00210468657315, 0.0012557056034, -0.00513447914273, 0.00255237915553, -0.00187957135495], [-0.000323187123286, 0.000740838295314, -0.000737351074349, -0.000976077979431, 0.00119882437866, 0.00250302022323, -0.00455539906397, 0.0102620031685, -0.00699608027935, 0.000529544835445, 0.00394518952817, -0.00460243038833, 3.3374697523e-05], [0.000146634047269, -0.000491891696583, 0.000646594620775, 0.000454750203062, -0.00316653307527, -0.000761647475883, 0.00210468657315, -0.00699608027935, 0.0143148833886, -0.00676475092769, -0.00270074466243, 0.00546325929463, -0.00239419937134], [-0.000230520672631, 0.00171584542841, -0.000234325663769, 0.000797238550149, -2.58044237853e-05, -0.00103189249057, 0.0012557056034, 0.000529544835445, -0.00676475092769, 0.0203064084053, -0.0103700691834, -0.000700153585058, 0.00309696956538], [0.000502510287333, -0.00259875948541, 0.000730822444893, -0.00192785542458, 0.000811460602563, 0.00170898705255, -0.00513447914273, 0.00394518952817, -0.00270074466243, -0.0103700691834, 0.0273846294731, -0.0149966767058, 0.00288937636651], [-0.000352276780177, 0.00231543276459, -0.00121677503921, 0.00193636107724, 3.64306542906e-05, -0.00116126588546, 0.00255237915553, -0.00460243038833, 0.00546325929463, -0.000700153585058, -0.0149966767058, 0.0257100574672, -0.00891865137964], [0.000184295902727, -0.00135830999352, 0.000990068539977, -0.00113249837887, -0.00113367673475, 0.000781321024988, -0.00187957135495, 3.3374697523e-05, -0.00239419937134, 0.00309696956538, 0.00288937636651, -0.00891865137964, 0.0150511581451]]
    },
    "melbands": {
        "dmean": [0.00373388035223, 0.00211190758273, 0.00132638437208, 0.00107541226316, 0.000280754087726, 0.000138543648063, 0.000118708718219, 8.15375387901e-05, 6.85502309352e-05, 4.28902058047e-05, 4.79804184579e-05, 2.97589685943e-05, 4.84999363835e-05, 4.31605621998e-05, 3.84630220651e-05, 3.15081306326e-05, 3.38440331689e-05, 2.48778214882e-05, 2.27099735639e-05, 2.03480540222e-05, 1.55454526976e-05, 1.52699540195e-05, 9.60331999522e-06, 8.78611990629e-06, 1.03983720692e-05, 9.23283550947e-06, 7.36159427106e-06, 6.82200152369e-06, 7.62597073845e-06, 9.01663588593e-06, 7.92253922555e-06, 5.21779656992e-06, 4.35118363384e-06, 4.4699972932e-06, 3.9459096115e-06, 3.02746320813e-06, 2.66603956334e-06, 2.8331617159e-06, 2.30237765209e-06, 2.09016775443e-06],
        "dmean2": [0.0059063648805, 0.00313251139596, 0.0020907772705, 0.00195814087056, 0.000494831765536, 0.000236732812482, 0.000200378912268, 0.000136264046887, 0.0001118008513, 7.11629472789e-05, 7.80873378972e-05, 4.95946223964e-05, 7.69955877331e-05, 6.94631380611e-05, 6.18403864792e-05, 5.19455970789e-05, 5.53810532438e-05, 4.19209791289e-05, 3.74889241357e-05, 3.45805347024e-05, 2.61229997705e-05, 2.56563016592e-05, 1.64449229487e-05, 1.51292033479e-05, 1.8427730538e-05, 1.60610270541e-05, 1.25456408568e-05, 1.14659942483e-05, 1.313517987e-05, 1.56417136168e-05, 1.38600698847e-05, 8.80939296621e-06, 6.97434552421e-06, 6.99470911059e-06, 6.61342619424e-06, 4.93989864481e-06, 4.05158107242e-06, 4.51338974017e-06, 3.79562038688e-06, 3.41705003848e-06],
        "dvar": [1.67114740179e-05, 6.69981864121e-06, 5.91345451539e-06, 7.36217816666e-06, 3.83103753165e-07, 7.13769168215e-08, 4.98119696601e-08, 2.09679331675e-08, 1.31385320401e-08, 6.79160327977e-09, 7.85133114078e-09, 3.01405633785e-09, 7.19841786179e-09, 5.24298604532e-09, 4.49857928686e-09, 4.32326086042e-09, 3.55458573686e-09, 2.51580045685e-09, 1.92996774118e-09, 2.352561701e-09, 8.11502920417e-10, 8.10330968992e-10, 2.62304400422e-10, 2.01557937007e-10, 4.10431244546e-10, 2.75598932564e-10, 1.91536064786e-10, 1.80555750906e-10, 1.71715267006e-10, 2.40409830932e-10, 1.67714730992e-10, 6.27621843385e-11, 3.39352539125e-11, 3.80034753666e-11, 4.47205987519e-11, 2.41753700392e-11, 1.42849005194e-11, 1.55721303907e-11, 1.28113223155e-11, 1.05428261607e-11],
        "dvar2": [4.39835202997e-05, 1.40659403769e-05, 1.36588250825e-05, 2.05494961847e-05, 1.07966138785e-06, 1.95277280568e-07, 1.31519115598e-07, 5.47234968451e-08, 3.15190682443e-08, 1.63080215998e-08, 1.851539011e-08, 7.54898010769e-09, 1.66861671147e-08, 1.26780994592e-08, 1.04200470474e-08, 1.08104769581e-08, 8.63292726194e-09, 6.36681907196e-09, 4.63719196375e-09, 6.36394581477e-09, 2.08961470349e-09, 2.12613215922e-09, 6.97743363087e-10, 5.52421330902e-10, 1.17703979896e-09, 7.40169980862e-10, 5.08576181169e-10, 4.95172958193e-10, 4.65556121432e-10, 6.60959509347e-10, 4.75162076352e-10, 1.6490153687e-10, 8.32299576481e-11, 9.51537529326e-11, 1.21990292867e-10, 6.42617764557e-11, 3.37335437361e-11, 3.91448956583e-11, 3.42203591852e-11, 2.7472113126e-11],
        "max": [0.0373919829726, 0.0219378210604, 0.0191964954138, 0.0222263280302, 0.00759455608204, 0.0031021356117, 0.00268011097796, 0.00404331274331, 0.00188290618826, 0.00228712381795, 0.00168219173793, 0.0011073271744, 0.00234931567684, 0.00138162449002, 0.00152785866521, 0.00112639996223, 0.00120329239871, 0.000738222384825, 0.000806323892903, 0.00169953983277, 0.000593302771449, 0.000482565694256, 0.000280027918052, 0.000231069425354, 0.000496570428368, 0.000285335670924, 0.000368921464542, 0.000213354738662, 0.000165433259099, 0.000154922454385, 0.000185445373063, 0.000106705832877, 8.65785841597e-05, 8.21136127342e-05, 7.87264652899e-05, 5.91641473875e-05, 4.2500669224e-05, 3.75987983716e-05, 3.53457035089e-05, 3.81449062843e-05],
        "mean": [0.00664954166859, 0.00390949938446, 0.00145820481703, 0.000929051428102, 0.000312440562993, 0.000186760618817, 0.000158263123012, 0.000112408677523, 9.95075897663e-05, 6.34898460703e-05, 7.41582261981e-05, 4.31753178418e-05, 7.6501222793e-05, 7.27982551325e-05, 6.45988911856e-05, 4.81417082483e-05, 5.17743646924e-05, 3.45717053278e-05, 3.42419771187e-05, 2.84069137706e-05, 2.23306051339e-05, 2.2566457119e-05, 1.40970578286e-05, 1.27657767734e-05, 1.34544161483e-05, 1.23895079014e-05, 1.11945892058e-05, 1.09721113404e-05, 1.1224426089e-05, 1.25121841847e-05, 1.1217388419e-05, 9.08422771317e-06, 7.65082131693e-06, 7.64767992223e-06, 6.67486938255e-06, 5.4880888456e-06, 4.79034770251e-06, 4.93616471431e-06, 4.00350427299e-06, 3.48997377841e-06],
        "median": [0.00472706649452, 0.00290936464444, 0.000507361255586, 0.000233714148635, 0.000112411944428, 8.94975091796e-05, 6.3937244704e-05, 4.37816852354e-05, 3.88130865758e-05, 2.55464565271e-05, 2.74983503914e-05, 1.83744214155e-05, 2.77289782389e-05, 3.19895225402e-05, 2.76801220025e-05, 1.66838472069e-05, 2.21164627874e-05, 1.4520991499e-05, 1.40920437843e-05, 1.2119373423e-05, 1.02302783489e-05, 9.27448854782e-06, 7.5682064562e-06, 6.99345173416e-06, 5.98142196395e-06, 6.7430355557e-06, 6.15443696006e-06, 6.4321584432e-06, 7.1138565545e-06, 7.60630518926e-06, 6.78308697388e-06, 6.15946282778e-06, 4.89634112455e-06, 4.86340104544e-06, 4.26449287261e-06, 3.54625808541e-06, 3.05408821077e-06, 3.23273388858e-06, 2.67226528194e-06, 2.18292234422e-06],
        "min": [5.6832529395e-24, 1.22765224086e-23, 5.95822381865e-24, 2.39022349649e-24, 2.31750515439e-23, 1.48161141537e-23, 8.57970090342e-24, 6.7234835833e-24, 2.67094197675e-23, 1.66793704797e-23, 1.65119205531e-23, 5.77934684737e-24, 1.09266141613e-23, 7.85195384139e-24, 7.97959548016e-24, 4.30827666473e-24, 7.09571075688e-24, 9.61496093467e-24, 5.93845890867e-24, 1.45483368972e-23, 8.07084065448e-24, 1.74272248173e-23, 8.83248506961e-24, 1.06021974806e-23, 2.0840553379e-23, 9.86427332401e-24, 8.97290388846e-24, 1.66342444805e-23, 6.77200326214e-24, 1.52852450009e-23, 1.15761519754e-23, 9.02115772117e-24, 1.19868479511e-23, 1.37070688066e-23, 1.36060315018e-23, 1.02100097595e-23, 1.00185429626e-23, 6.22696940196e-24, 7.19312719006e-24, 1.43751345968e-23],
        "var": [3.65871201211e-05, 1.36781864057e-05, 6.26225255473e-06, 4.75658862342e-06, 3.09235048235e-07, 7.62967218293e-08, 6.66703954266e-08, 3.6447882934e-08, 2.58384424967e-08, 1.2744664879e-08, 1.76686398845e-08, 5.17499243458e-09, 1.63212856563e-08, 1.17959020329e-08, 1.03652508798e-08, 9.51000878047e-09, 6.97430646568e-09, 3.41467965015e-09, 4.41022152131e-09, 3.12948356118e-09, 1.31637190037e-09, 1.50570045321e-09, 3.62879976068e-10, 2.8816579678e-10, 4.85077089607e-10, 3.191093223e-10, 2.71672129237e-10, 2.50293424875e-10, 1.93918492375e-10, 2.61648785971e-10, 1.96233765348e-10, 1.03210377744e-10, 7.33191493629e-11, 7.53313453283e-11, 6.305789918e-11, 4.31854586813e-11, 3.10573095019e-11, 3.03072254793e-11, 2.01059047883e-11, 1.79693482316e-11]
    },
    "mfcc": {
        "mean": [-633.985412598, 85.5089263916, 21.7065162659, 24.1720180511, 14.6526079178, 22.3123207092, 10.8558320999, 6.43977069855, 5.54267406464, 3.79213500023, 3.54906439781, 5.81646823883, 3.94298315048],
        "cov": [[14201.1943359, -104.956130981, 768.929504395, 411.792510986, 74.15625, -274.25402832, -239.898162842, 118.071403503, 96.1305999756, 47.4514160156, 28.7321109772, -20.5971755981, -92.000579834], [-104.956130981, 1250.16442871, -29.9853744507, -101.894836426, 83.8619232178, 183.406982422, 86.6943893433, 13.0475921631, 13.1884336472, 10.1738395691, -3.00784873962, -1.97900605202, -5.68232154846], [768.929504395, -29.9853744507, 415.717224121, 161.41293335, 34.955116272, 6.55879497528, 18.0078296661, 26.5716495514, -7.52456235886, -20.0465049744, 12.0287094116, -0.283318996429, -3.29209947586], [411.792510986, -101.894836426, 161.41293335, 238.561401367, 62.3522033691, -63.6771316528, -23.6869163513, 12.3102264404, 13.4366788864, 0.174782335758, -2.57043600082, 1.48846268654, 7.03798246384], [74.15625, 83.8619232178, 34.955116272, 62.3522033691, 194.078918457, 84.4685287476, -18.6658306122, 0.260556548834, 18.6469154358, 53.8601837158, 11.7581853867, -16.3290462494, -5.68907642365], [-274.25402832, 183.406982422, 6.55879497528, -63.6771316528, 84.4685287476, 279.120605469, 125.953056335, 21.5174217224, -1.30355525017, 22.3639240265, 38.0064735413, 19.5507545471, 3.2042491436], [-239.898162842, 86.6943893433, 18.0078296661, -23.6869163513, -18.6658306122, 125.953056335, 196.507141113, 100.634300232, 53.6681861877, 6.23116207123, 15.4593791962, 52.6267776489, 41.44713974], [118.071403503, 13.0475921631, 26.5716495514, 12.3102264404, 0.260556548834, 21.5174217224, 100.634300232, 157.00213623, 105.604408264, 50.4529800415, 23.264421463, 43.2873382568, 50.855140686], [96.1305999756, 13.1884336472, -7.52456235886, 13.4366788864, 18.6469154358, -1.30355525017, 53.6681861877, 105.604408264, 153.85144043, 85.8971481323, 12.6994514465, 31.6462688446, 38.3801498413], [47.4514160156, 10.1738395691, -20.0465049744, 0.174782335758, 53.8601837158, 22.3639240265, 6.23116207123, 50.4529800415, 85.8971481323, 156.059844971, 63.6150627136, 5.29314613342, 4.73288583755], [28.7321109772, -3.00784873962, 12.0287094116, -2.57043600082, 11.7581853867, 38.0064735413, 15.4593791962, 23.264421463, 12.6994514465, 63.6150627136, 129.290374756, 60.5098953247, 15.1644411087], [-20.5971755981, -1.97900605202, -0.283318996429, 1.48846268654, -16.3290462494, 19.5507545471, 52.6267776489, 43.2873382568, 31.6462688446, 5.29314613342, 60.5098953247, 128.151275635, 80.5932617188], [-92.000579834, -5.68232154846, -3.29209947586, 7.03798246384, -5.68907642365, 3.2042491436, 41.44713974, 50.855140686, 38.3801498413, 4.73288583755, 15.1644411087, 80.5932617188, 116.640769958]],
