{
"lowlevel": {
    "average_loudness": 0.915387809277,
    "barkbands_crest": {
        "dmean": 2.47083592415,
        "dmean2": 3.71265673637,
        "dvar": 7.6822309494,
        "dvar2": 17.373008728,
        "max": 26.6051807404,
        "mean": 12.5304813385,
        "median": 11.9296731949,
        "min": 1.98287236691,
        "var": 30.2326793671
    },
    "barkbands_flatness_db": {
        "dmean": 0.0233562290668,
        "dmean2": 0.0323624163866,
        "dvar": 0.000974289665464,
        "dvar2": 0.00186906266026,
        "max": 0.514087498188,
        "mean": 0.121935218573,
        "median": 0.0922937467694,
        "min": 0.0157040897757,
        "var": 0.00753677869216
    },
    "barkbands_kurtosis": {
        "dmean": 6.01206493378,
        "dmean2": 8.06895637512,
        "dvar": 838.804199219,
        "dvar2": 1584.38134766,
        "max": 846.008605957,
        "mean": 7.52106523514,
        "median": 0.156925916672,
        "min": -1.88672721386,
        "var": 1406.7512207
    },
    "barkbands_skewness": {
        "dmean": 0.658652186394,
        "dmean2": 0.905129551888,
        "dvar": 1.3059823513,
        "dvar2": 2.26522707939,
        "max": 26.7098808289,
        "mean": 1.71004450321,
        "median": 1.12840259075,
        "min": -3.21596550941,
        "var": 4.47650671005
    },
    "barkbands_spread": {
        "dmean": 7.46666431427,
        "dmean2": 11.2368583679,
        "dvar": 79.7837295532,
        "dvar2": 175.758285522,
        "max": 107.125343323,
        "mean": 38.6426544189,
        "median": 39.4592247009,
        "min": 0.303510636091,
        "var": 399.301727295
    },
    "dissonance": {
        "dmean": 0.0120704416186,
        "dmean2": 0.02040197514,
        "dvar": 0.000226752585149,
        "dvar2": 0.00057166168699,
        "max": 0.5,
        "mean": 0.480185300112,
        "median": 0.486127436161,
        "min": 0.11709292233,
        "var": 0.000545677961782
    },
    "dynamic_complexity": 3.20098876953,
    "erbbands_crest": {
        "dmean": 1.79257357121,
        "dmean2": 2.86954092979,
        "dvar": 4.27605581284,
        "dvar2": 9.58503437042,
        "max": 29.6586990356,
        "mean": 6.24331378937,
        "median": 5.1033706665,
        "min": 2.14549803734,
        "var": 12.6310062408
    },
    "erbbands_flatness_db": {
        "dmean": 0.0131463743746,
        "dmean2": 0.0191855356097,
        "dvar": 0.000243014699663,
        "dvar2": 0.000502469250932,
        "max": 0.527590453625,
        "mean": 0.128988444805,
        "median": 0.113876238465,
        "min": 0.0454405993223,
        "var": 0.00298104598187
    },
    "erbbands_kurtosis": {
        "dmean": 0.729394733906,
        "dmean2": 1.17491865158,
        "dvar": 6.38576030731,
        "dvar2": 16.0636196136,
        "max": 69.6959991455,
        "mean": -0.0283632557839,
        "median": -0.483763217926,
        "min": -1.81548202038,
        "var": 6.10021018982
    },
    "erbbands_skewness": {
        "dmean": 0.295118272305,
        "dmean2": 0.455480068922,
        "dvar": 0.168651208282,
        "dvar2": 0.353187859058,
        "max": 7.5946187973,
        "mean": -0.0533275976777,
        "median": -0.0870498195291,
        "min": -3.05593776703,
        "var": 0.413665026426
    },
    "erbbands_spread": {
        "dmean": 8.23022460938,
        "dmean2": 12.295460701,
        "dvar": 101.289970398,
        "dvar2": 203.049514771,
        "max": 159.9972229,
        "mean": 45.82837677,
        "median": 43.6083488464,
        "min": 1.8430775404,
        "var": 392.242706299
    },
    "hfc": {
        "dmean": 13.0717029572,
        "dmean2": 19.9771308899,
        "dvar": 467.810302734,
        "dvar2": 1126.50097656,
        "max": 268.3777771,
        "mean": 42.8313827515,
        "median": 31.5691585541,
        "min": 1.09365969239e-16,
        "var": 1460.23217773
    },
    "melbands_crest": {
        "dmean": 3.29999160767,
        "dmean2": 5.19176197052,
        "dvar": 14.4673118591,
        "dvar2": 36.7019386292,
        "max": 39.3817367554,
        "mean": 22.4862213135,
        "median": 23.8581371307,
        "min": 1.62407946587,
        "var": 61.6802558899
    },
    "melbands_flatness_db": {
        "dmean": 0.0298186074942,
        "dmean2": 0.0419330261648,
        "dvar": 0.00154780293815,
        "dvar2": 0.00315283588134,
        "max": 0.664955556393,
        "mean": 0.182297304273,
        "median": 0.150969266891,
        "min": 0.00413259770721,
        "var": 0.0116044925526
    },
    "melbands_kurtosis": {
        "dmean": 15.4191865921,
        "dmean2": 19.669008255,
        "dvar": 1669.47814941,
        "dvar2": 2180.90332031,
        "max": 901.700378418,
        "mean": 28.8275260925,
        "median": 7.15028858185,
        "min": -1.36489439011,
        "var": 5594.51660156
    },
    "melbands_skewness": {
        "dmean": 0.998162031174,
        "dmean2": 1.36655473709,
        "dvar": 2.05442523956,
        "dvar2": 3.27577733994,
        "max": 23.8802394867,
        "mean": 3.58788275719,
        "median": 2.57116508484,
        "min": -1.07769834995,
        "var": 9.40470123291
    },
    "melbands_spread": {
        "dmean": 9.79653835297,
        "dmean2": 15.1611042023,
        "dvar": 163.627822876,
        "dvar2": 383.641387939,
        "max": 177.597976685,
        "mean": 34.2163467407,
        "median": 32.6148872375,
        "min": 0.293898403645,
        "var": 520.383361816
    },
    "pitch_salience": {
        "dmean": 0.0787312760949,
        "dmean2": 0.120201729238,
        "dvar": 0.00874015782028,
        "dvar2": 0.020620090887,
        "max": 0.917923331261,
        "mean": 0.447182774544,
        "median": 0.457263469696,
        "min": 0.0152391484007,
        "var": 0.0298605673015
    },
    "silence_rate_20dB": {
        "dmean": 0,
        "dmean2": 0,
        "dvar": 0,
        "dvar2": 0,
        "max": 1,
        "mean": 1,
        "median": 1,
        "min": 1,
        "var": 0
    },
    "silence_rate_30dB": {
        "dmean": 0.0260787103325,
        "dmean2": 0.0521636046469,
        "dvar": 0.0253990888596,
        "dvar2": 0.0586872249842,
        "max": 1,
        "mean": 0.970013022423,
        "median": 1,
        "min": 0,
        "var": 0.0290882717818
    },
    "silence_rate_60dB": {
        "dmean": 0.00355618773028,
        "dmean2": 0.00711321877316,
        "dvar": 0.00354363862425,
        "dvar2": 0.00801069941372,
        "max": 1,
        "mean": 0.041483938694,
        "median": 0,
        "min": 0,
        "var": 0.0397662185133
    },
    "spectral_centroid": {
        "dmean": 287.167419434,
        "dmean2": 434.647369385,
        "dvar": 117496.335938,
        "dvar2": 240525.671875,
        "max": 11603.4785156,
        "mean": 2261.36767578,
        "median": 2379.09423828,
        "min": 117.182632446,
        "var": 765881.3125
    },
    "spectral_complexity": {
        "dmean": 5.19914674759,
        "dmean2": 7.73515129089,
        "dvar": 31.4597702026,
        "dvar2": 61.6780471802,
        "max": 67,
        "mean": 29.6860256195,
        "median": 31,
        "min": 0,
        "var": 255.627853394
    },
    "spectral_decrease": {
        "dmean": 2.09679984486e-09,
        "dmean2": 2.94500313025e-09,
        "dvar": 7.49230916657e-18,
        "dvar2": 1.41587727901e-17,
        "max": 1.29084744336e-28,
        "mean": -9.72385816311e-09,
        "median": -8.79722428238e-09,
        "min": -3.3870289684e-08,
        "var": 4.43933474902e-17
    },
    "spectral_energy": {
        "dmean": 0.00818354170769,
        "dmean2": 0.0115228313953,
        "dvar": 0.000106922161649,
        "dvar2": 0.000205212723813,
        "max": 0.130302861333,
        "mean": 0.0405850075185,
        "median": 0.0373828560114,
        "min": 1.01596867383e-20,
        "var": 0.000700348406099
    },
    "spectral_energyband_high": {
        "dmean": 0.00133167905733,
        "dmean2": 0.0020388525445,
        "dvar": 5.30215038452e-06,
        "dvar2": 1.24473863252e-05,
        "max": 0.0287747513503,
        "mean": 0.00378882489167,
        "median": 0.0024378108792,
        "min": 7.32162440213e-21,
        "var": 1.63340737345e-05
    },
    "spectral_energyband_low": {
        "dmean": 0.00737994536757,
        "dmean2": 0.0101630045101,
        "dvar": 0.000144878315041,
        "dvar2": 0.00026362776407,
        "max": 0.128479138017,
        "mean": 0.0245362985879,
        "median": 0.0163856260478,
        "min": 2.04765603356e-23,
        "var": 0.000636691693217
    },
    "spectral_energyband_middle_high": {
        "dmean": 0.00191186356824,
        "dmean2": 0.00303108105436,
        "dvar": 6.30021713732e-06,
        "dvar2": 1.64316061273e-05,
        "max": 0.0269721280783,
        "mean": 0.00631761364639,
        "median": 0.00579587509856,
        "min": 1.15983091219e-21,
        "var": 2.23445840675e-05
    },
    "spectral_energyband_middle_low": {
        "dmean": 0.00365839991719,
        "dmean2": 0.00588582735509,
        "dvar": 4.57420246676e-05,
        "dvar2": 0.000108970925794,
        "max": 0.0826396942139,
        "mean": 0.00667206896469,
        "median": 0.00398970069364,
        "min": 1.63754649714e-22,
        "var": 6.3054394559e-05
    },
    "spectral_entropy": {
        "dmean": 0.125931084156,
        "dmean2": 0.187681630254,
        "dvar": 0.0480830408633,
        "dvar2": 0.0988426283002,
        "max": 9.8181180954,
        "mean": 8.03807067871,
        "median": 8.18903255463,
        "min": 4.8504152298,
        "var": 0.27399045229
    },
    "spectral_flux": {
        "dmean": 0.0229527391493,
        "dmean2": 0.0332680642605,
        "dvar": 0.000752948981244,
        "dvar2": 0.00138781056739,
        "max": 0.322492092848,
        "mean": 0.0954398587346,
        "median": 0.0846944972873,
        "min": 6.61985882777e-11,
        "var": 0.0032897843048
    },
    "spectral_kurtosis": {
        "dmean": 1.68811261654,
        "dmean2": 2.76798939705,
        "dvar": 54.508190155,
        "dvar2": 139.327423096,
        "max": 500.276306152,
        "mean": 4.32817268372,
        "median": 1.92348241806,
        "min": -1.23665785789,
        "var": 364.285736084
    },
    "spectral_rms": {
        "dmean": 0.000612833013292,
        "dmean2": 0.000868621922564,
        "dvar": 5.17906300956e-07,
        "dvar2": 1.034231218e-06,
        "max": 0.0112749608234,
        "mean": 0.00588540965691,
        "median": 0.00603912910447,
        "min": 3.14831537576e-12,
        "var": 4.95700260217e-06
    },
    "spectral_rolloff": {
        "dmean": 822.568908691,
        "dmean2": 1314.97729492,
        "dvar": 1364665.875,
        "dvar2": 3158555.75,
        "max": 19336.8164062,
        "mean": 2338.0625,
        "median": 1765.72265625,
        "min": 43.06640625,
        "var": 4428798
    },
    "spectral_skewness": {
        "dmean": 0.181261569262,
        "dmean2": 0.289925813675,
        "dvar": 0.139934331179,
        "dvar2": 0.352886527777,
        "max": 18.1594371796,
        "mean": 1.25530874729,
        "median": 1.10190415382,
        "min": -0.0531171560287,
        "var": 0.903232455254
    },
    "spectral_spread": {
        "dmean": 501456.03125,
        "dmean2": 772987.125,
        "dvar": 457238609920,
        "dvar2": 1.02605953434e+12,
        "max": 42179964,
        "mean": 5437709,
        "median": 5543381.5,
        "min": 176983.453125,
        "var": 4.78993973248e+12
    },
    "spectral_strongpeak": {
        "dmean": 0.168186917901,
        "dmean2": 0.282686114311,
        "dvar": 0.149228140712,
        "dvar2": 0.376301258802,
        "max": 10.0019187927,
        "mean": 0.452638208866,
        "median": 0.301888942719,
        "min": 0,
        "var": 0.23690661788
    },
    "zerocrossingrate": {
        "dmean": 0.0128567991778,
        "dmean2": 0.0146553842351,
        "dvar": 0.000197325047338,
        "dvar2": 0.000259445281699,
        "max": 0.748046875,
        "mean": 0.0810710042715,
        "median": 0.07763671875,
        "min": 0.00146484375,
        "var": 0.00243492657319
    },
    "barkbands": {
        "dmean": [0.000803035276476, 0.0067158867605, 0.00236515165307, 0.00142396579031, 0.00112956785597, 0.00085537013365, 0.000720445357729, 0.000621051993221, 0.000630224763881, 0.000546157825738, 0.000359791098163, 0.0004052259319, 0.000402376172133, 0.000360864039976, 0.00025057059247, 0.000287636095891, 0.000237863321672, 0.000237747473875, 0.00032359836041, 0.00034947716631, 0.000319505081279, 0.000286347523797, 0.000309354742058, 0.000265290058451, 0.000191746788914, 0.000148156352225, 1.93523101188e-05],
        "dmean2": [0.00113172875717, 0.00938294548541, 0.0038929823786, 0.00254318583757, 0.00194342026953, 0.00148134236224, 0.00117073801812, 0.000999227282591, 0.00104509899393, 0.000932586845011, 0.000600236933678, 0.000658802804537, 0.000659066485241, 0.000587484333664, 0.000414866488427, 0.000477859342936, 0.000405390775995, 0.000387519452488, 0.000553333084099, 0.000574793783017, 0.000505729345605, 0.000453213753644, 0.000499107991345, 0.000419003597926, 0.000299821753288, 0.000241081128479, 3.2303694752e-05],
        "dvar": [2.16078660742e-06, 0.000163862976478, 5.66815215279e-05, 2.14777010115e-05, 9.03455566004e-06, 5.22866457686e-06, 1.78030859388e-06, 1.53524274538e-06, 1.42076623888e-06, 1.1358631582e-06, 4.30504968563e-07, 3.44368288552e-07, 3.29006070388e-07, 2.21752429752e-07, 1.26967279357e-07, 1.51714061758e-07, 1.2213104128e-07, 9.33469337383e-08, 3.12324061724e-07, 2.30875826901e-07, 1.78678064344e-07, 1.91831219354e-07, 4.49262444135e-07, 2.54774505493e-07, 1.30681826249e-07, 9.90771056308e-08, 2.32556440771e-09],
        "dvar2": [4.10958136854e-06, 0.000257598410826, 0.0001401660993, 5.99515660724e-05, 2.42659552896e-05, 1.45579379023e-05, 4.44507031716e-06, 3.6533670027e-06, 3.51340895577e-06, 3.13801092489e-06, 1.08405345145e-06, 8.57880479543e-07, 8.8788578978e-07, 5.68050893435e-07, 3.43542154724e-07, 4.12979943576e-07, 3.3288804957e-07, 2.39418369574e-07, 8.89637476575e-07, 6.04615649991e-07, 4.42749808371e-07, 4.69587035923e-07, 1.12210977932e-06, 5.94381788233e-07, 3.18861395954e-07, 2.53791711202e-07, 5.80099879244e-09],
        "max": [0.0199494101107, 0.12580087781, 0.0648519396782, 0.0493655577302, 0.0672123879194, 0.0543202832341, 0.0256223492324, 0.0334267579019, 0.0221343822777, 0.0199564620852, 0.00970755983144, 0.00885235052556, 0.00979998800904, 0.0105459149927, 0.00571137201041, 0.00649500219151, 0.00626603048295, 0.00527006620541, 0.00964862573892, 0.0061206757091, 0.00674276007339, 0.00658497260883, 0.00788116734475, 0.00688172178343, 0.0054642111063, 0.00269640865736, 0.000776284607127],
        "mean": [0.00257445056923, 0.0190846547484, 0.00225624651648, 0.00119821773842, 0.00111059157643, 0.00106895330828, 0.00111824274063, 0.001047163154, 0.000961385201663, 0.000761766219512, 0.000528847042006, 0.000691030814778, 0.000728946411982, 0.00072223652387, 0.00047271719086, 0.000537347921636, 0.000430424988735, 0.000496753607877, 0.000615345372353, 0.000823516398668, 0.000816505984403, 0.000680196855683, 0.000618328689598, 0.000592619995587, 0.00042001370457, 0.000208975601709, 1.950026126e-05],
        "median": [0.00134803424589, 0.0115991504863, 0.000324045802699, 0.000209489080589, 0.000326215405948, 0.00032973557245, 0.000368301291019, 0.000445035344455, 0.000357526907464, 0.000443358439952, 0.000208723649848, 0.000416346796555, 0.000478040310554, 0.000498337787576, 0.000332149444148, 0.00039049363113, 0.000286508584395, 0.000375080184313, 0.000459847098682, 0.00057764374651, 0.000548362033442, 0.000415142305428, 0.000336546392646, 0.000345565902535, 0.000188098376384, 4.82680043206e-05, 2.04613979804e-06],
        "min": [4.66640018861e-25, 8.10134906113e-24, 4.34723258839e-24, 2.77561537806e-24, 1.46487715122e-23, 1.63706497644e-23, 1.0715719298e-23, 1.04483995808e-23, 3.41181363321e-23, 4.41995641306e-23, 2.23077352663e-23, 3.94589329197e-23, 3.86166535094e-23, 5.17882735102e-23, 5.51327250485e-23, 7.07950660725e-23, 8.44857344608e-23, 1.13739593524e-22, 1.21876662207e-22, 2.08202809159e-22, 2.77351730782e-22, 4.42159238436e-22, 4.03018509917e-22, 4.80259427866e-22, 9.28309702838e-22, 1.46950927934e-21, 2.11283718678e-21],
        "var": [9.33595765673e-06, 0.000529480981641, 4.81938404846e-05, 1.43598472278e-05, 7.74146155891e-06, 6.63680521029e-06, 3.89579827242e-06, 3.47220179719e-06, 3.50440404873e-06, 1.16428861929e-06, 7.85932229519e-07, 7.06440403064e-07, 7.03729085672e-07, 5.94833352352e-07, 2.54423525803e-07, 3.12487202336e-07, 2.23933412258e-07, 2.36750821614e-07, 4.05942131465e-07, 6.83790403855e-07, 6.54941970879e-07, 5.91756361246e-07, 7.16004137757e-07, 5.54755047233e-07, 3.09791005293e-07, 1.27534036665e-07, 2.31122210259e-09]
    },
    "erbbands": {
        "dmean": [0.308024913073, 1.34686017036, 2.3788189888, 4.09204959869, 3.92584562302, 3.88622879982, 4.46216201782, 8.02422332764, 9.6745595932, 11.6840667725, 12.6418981552, 13.4645957947, 15.1023130417, 17.0000343323, 15.518825531, 13.498333931, 16.8452091217, 16.8016319275, 15.4135150909, 10.923415184, 17.4348831177, 12.7778644562, 11.9903144836, 14.5468263626, 15.0096168518, 16.6942405701, 15.013250351, 11.6716346741, 10.1355867386, 9.9161233902, 9.17238998413, 6.21624326706, 4.2857542038, 2.38312649727, 1.31830859184, 0.704373300076, 0.266117870808, 0.0468860045075, 0.00315420841798, 6.1954910052e-05],
        "dmean2": [0.388573229313, 1.85333585739, 3.56278800964, 7.0792388916, 6.83779478073, 6.71872425079, 7.72526597977, 13.8522310257, 16.2103843689, 18.7810573578, 20.3352947235, 22.4850482941, 25.6560726166, 28.5889873505, 25.5177383423, 22.115064621, 27.5531749725, 27.3629932404, 25.3805198669, 17.7412376404, 29.0679244995, 21.5967292786, 19.4661769867, 24.6424045563, 25.135717392, 27.0895404816, 24.3983192444, 18.7581386566, 16.0045070648, 16.0487861633, 14.7231435776, 9.87676239014, 6.84906148911, 3.82614970207, 2.05873537064, 1.126085639, 0.441938668489, 0.0750346779823, 0.00529849762097, 9.97356401058e-05],
        "dvar": [0.307517081499, 8.33051967621, 46.3651046753, 171.520019531, 143.295684814, 119.214630127, 137.502227783, 494.934051514, 407.485839844, 489.493408203, 660.110046387, 761.278259277, 932.968200684, 895.651000977, 594.690551758, 360.589691162, 599.94342041, 590.528320312, 413.74810791, 312.006652832, 606.592773438, 366.366760254, 251.805328369, 575.874389648, 490.031860352, 511.942260742, 403.678771973, 274.437072754, 248.446929932, 301.379058838, 423.888397217, 137.691390991, 66.818572998, 21.2422103882, 5.92237854004, 1.99581110477, 0.347458094358, 0.0112683949992, 6.30231661489e-05, 1.74129937136e-08],
        "dvar2": [0.427424043417, 14.1219987869, 101.301826477, 462.437042236, 394.534545898, 324.132781982, 382.016723633, 1341.6348877, 1076.8972168, 1154.42358398, 1584.65612793, 1923.45031738, 2524.90942383, 2432.77685547, 1489.14746094, 904.887878418, 1590.36547852, 1553.95544434, 1074.15588379, 860.803100586, 1656.68310547, 1002.41046143, 643.328613281, 1610.03308105, 1364.48742676, 1322.54394531, 1045.55493164, 678.612121582, 600.808837891, 766.319335938, 1046.8885498, 311.607696533, 164.634399414, 53.8032417297, 14.0695562363, 5.06364345551, 0.907063603401, 0.0277338922024, 0.000161955293152, 4.38079439391e-08],
        "max": [6.44603347778, 31.136920929, 64.5244369507, 118.899551392, 216.289077759, 285.802398682, 338.572601318, 588.441101074, 420.473419189, 363.091796875, 829.178283691, 539.967651367, 569.07598877, 461.177246094, 358.783966064, 298.194213867, 391.860565186, 600.935668945, 292.481842041, 500.123016357, 417.943023682, 407.799530029, 339.681762695, 466.180084229, 336.081878662, 310.753417969, 373.203918457, 217.363876343, 269.232940674, 237.165222168, 255.158172607, 159.005462646, 110.249839783, 83.2028656006, 28.6151866913, 13.0453271866, 4.88729906082, 1.55467903614, 0.102665171027, 0.00167864526156],
        "mean": [0.925945520401, 2.75569176674, 2.80635309219, 3.77997732162, 3.5212225914, 3.71992325783, 4.77216243744, 10.4644412994, 14.3064641953, 20.6286640167, 21.6026077271, 20.9853458405, 22.2323646545, 25.8871517181, 26.7741374969, 25.5324192047, 32.1121368408, 34.0438041687, 32.3076438904, 22.8838710785, 32.3100585938, 25.0869083405, 26.6416358948, 29.3977355957, 32.9661216736, 39.8778762817, 36.1530342102, 28.6049575806, 24.5175952911, 20.7380428314, 17.9498977661, 13.597910881, 9.02975559235, 5.29199552536, 2.68500709534, 1.11698615551, 0.340993076563, 0.0571053251624, 0.00312523939647, 0.000120142787637],
        "median": [0.588225066662, 1.21206247807, 0.620864391327, 0.728700757027, 0.78882676363, 1.02092540264, 1.55464327335, 3.23988842964, 5.04492378235, 8.53153896332, 10.0182266235, 7.78570365906, 12.4628782272, 15.0895767212, 15.346414566, 17.8974094391, 21.6258640289, 24.1179351807, 23.9716510773, 15.0356483459, 22.9241333008, 17.8570480347, 20.890914917, 22.1363010406, 25.2541885376, 28.0993022919, 25.5742969513, 17.8953895569, 14.8802833557, 11.8340358734, 9.41209220886, 8.25743484497, 4.9512014389, 2.63951945305, 1.02373921871, 0.310476362705, 0.0721383988857, 0.00976418890059, 0.000363777420716, 7.22174008843e-05],
        "min": [1.65464407907e-22, 1.24255331534e-21, 4.63615992525e-21, 1.0731779875e-20, 1.96401612586e-20, 3.49869675635e-20, 6.43197420498e-20, 6.13083522557e-20, 1.67997021988e-19, 3.12697251656e-19, 3.39560795079e-19, 8.33995701921e-19, 8.12751118851e-19, 9.56098261983e-19, 9.82784762905e-19, 2.23407131867e-18, 2.11213248867e-18, 2.64582073449e-18, 3.75445823586e-18, 4.77582983697e-18, 4.17051808986e-18, 4.81258643467e-18, 6.03397030789e-18, 6.9816922288e-18, 6.89507194301e-18, 9.43203612248e-18, 8.69228932785e-18, 1.07936928704e-17, 1.45380235204e-17, 1.40835340959e-17, 1.33701040525e-17, 1.0995869047e-17, 9.50281383159e-18, 9.18281404854e-18, 6.40007755188e-18, 4.75022528829e-18, 2.73958062295e-18, 1.04360621597e-18, 2.86111072233e-19, 3.23820045623e-20],
        "var": [1.09700286388, 19.6462554932, 53.9260826111, 124.507987976, 107.853385925, 98.0317611694, 111.980499268, 728.782531738, 719.51373291, 1305.88476562, 1363.41113281, 1844.61621094, 1153.53259277, 1197.48010254, 1257.84924316, 755.31060791, 1299.82434082, 1386.17919922, 1005.49023438, 693.531982422, 1198.30065918, 674.857666016, 641.588989258, 880.478393555, 965.824157715, 1639.34753418, 1238.91748047, 915.51373291, 797.237854004, 617.724121094, 661.513183594, 304.885101318, 134.087188721, 46.7667732239, 14.0356941223, 3.05408000946, 0.399213194847, 0.0132564697415, 5.80614687351e-05, 2.28197567509e-08]
    },
    "gfcc": {
        "mean": [26.6164474487, 54.7467460632, -116.830635071, 42.5901794434, -55.0970497131, 29.8647003174, -22.8085613251, 20.8242473602, -14.3119182587, 14.9353551865, -7.32261705399, 4.29863452911, -7.96439981461],
        "cov": [[15876.0566406, -4759.02978516, -78.965385437, 849.312683105, -828.956970215, 1111.25927734, -884.665344238, 606.626831055, -750.478271484, 561.074890137, -663.767272949, 586.343688965, -426.684448242], [-4759.02978516, 3216.21704102, -133.390075684, -233.366012573, 445.3671875, -582.242004395, 428.351348877, -297.742797852, 408.777160645, -257.049987793, 357.228515625, -268.186187744, 238.352493286], [-78.965385437, -133.390075684, 788.688110352, 111.416984558, 190.294525146, 54.4308128357, -3.89611244202, 12.1404066086, -39.0576400757, 3.43065881729, -96.154548645, 56.2013511658, -39.5347671509], [849.312683105, -233.366012573, 111.416984558, 479.078735352, 99.6177978516, 239.503097534, 52.4597320557, 80.0082931519, -4.01900053024, 16.8212242126, -9.72652053833, 6.26561737061, -12.6444511414], [-828.956970215, 445.3671875, 190.294525146, 99.6177978516, 448.685791016, 61.1806793213, 229.33782959, 31.4674415588, 111.359291077, -11.4060468674, 80.0252304077, -15.9879236221, 25.8953113556], [1111.25927734, -582.242004395, 54.4308128357, 239.503097534, 61.1806793213, 361.485290527, 46.5538253784, 154.053131104, -28.1393852234, 70.3036575317, -25.9205493927, 48.8581695557, -38.047328949], [-884.665344238, 428.351348877, -3.89611244202, 52.4597320557, 229.33782959, 46.5538253784, 268.336242676, 56.5228843689, 139.992004395, -4.95378017426, 100.393226624, -28.394651413, 54.4932365417], [606.626831055, -297.742797852, 12.1404066086, 80.0082931519, 31.4674415588, 154.053131104, 56.5228843689, 162.222457886, 38.7717666626, 84.8249969482, -0.220217809081, 45.6999664307, -2.22979331017], [-750.478271484, 408.777160645, -39.0576400757, -4.01900053024, 111.359291077, -28.1393852234, 139.992004395, 38.7717666626, 173.447937012, 30.1549987793, 98.6225204468, -22.2792758942, 49.794670105], [561.074890137, -257.049987793, 3.43065881729, 16.8212242126, -11.4060468674, 70.3036575317, -4.95378017426, 84.8249969482, 30.1549987793, 128.703384399, 28.2999954224, 60.2242584229, -3.34726047516], [-663.767272949, 357.228515625, -96.154548645, -9.72652053833, 80.0252304077, -25.9205493927, 100.393226624, -0.220217809081, 98.6225204468, 28.2999954224, 153.55418396, 3.20485448837, 58.7131843567], [586.343688965, -268.186187744, 56.2013511658, 6.26561737061, -15.9879236221, 48.8581695557, -28.394651413, 45.6999664307, -22.2792758942, 60.2242584229, 3.20485448837, 122.079750061, 34.7644004822], [-426.684448242, 238.352493286, -39.5347671509, -12.6444511414, 25.8953113556, -38.047328949, 54.4932365417, -2.22979331017, 49.794670105, -3.34726047516, 58.7131843567, 34.7644004822, 105.29712677]],
        "icov": [[0.000212359969737, -9.31986724027e-05, 0.000258585670963, -0.000327175948769, 5.17920598213e-05, -0.000155326182721, 0.000267260475084, -0.000307785754558, 0.000394740753109, -0.000559120147955, 0.000669477623887, -0.000934391340706, 0.000646349799354], [-9.31986724027e-05, 0.0015795242507, -0.00030675335438, 0.000128235420561, -0.000662501435727, 0.00140866904985, -0.000430482788943, 0.000965325336438, -0.00176854559686, 0.00173124065623, -0.00186722935177, 0.00237926002592, -0.00199071713723], [0.000258585670963, -0.00030675335438, 0.00228690286167, -0.000795001105871, -0.00112742627971, -1.42282760862e-05, 0.000607649446465, 6.66383712087e-05, 0.000266029761406, -0.00108787161298, 0.00284941494465, -0.00292135518976, 0.0016797411954], [-0.000327175948769, 0.000128235420561, -0.000795001105871, 0.00395124219358, -0.000381945370464, -0.00255212653428, 0.000156417372636, 0.000831929384731, -0.000897649326362, 0.0012404875597, -0.00122353306506, 0.00254594371654, -0.00202602846548], [5.17920598213e-05, -0.000662501435727, -0.00112742627971, -0.000381945370464, 0.00549942953512, -0.00100723165087, -0.00407186895609, 0.000721020391211, 0.0002958344121, -0.000185998520465, -0.000319733429933, -0.00174743903335, 0.00225588795729], [-0.000155326182721, 0.00140866904985, -1.42282760862e-05, -0.00255212653428, -0.00100723165087, 0.00950593873858, -0.0020900554955, -0.00527744321153, 0.00214211782441, 0.00151912216097, -0.0025490692351, 0.00106059538666, 0.000628967769444], [0.000267260475084, -0.000430482788943, 0.000607649446465, 0.000156417372636, -0.00407186895609, -0.0020900554955, 0.013509998098, -0.00489396927878, -0.00416243076324, 0.0033892809879, -0.00182883266825, 0.000871343014296, -0.00173655839171], [-0.000307785754558, 0.000965325336438, 6.66383712087e-05, 0.000831929384731, 0.000721020391211, -0.00527744321153, -0.00489396927878, 0.0205405913293, -0.00640620244667, -0.00708969356492, 0.00473783025518, -0.000273131357972, -0.00217147055082], [0.000394740753109, -0.00176854559686, 0.000266029761406, -0.000897649326362, 0.0002958344121, 0.00214211782441, -0.00416243076324, -0.00640620244667, 0.0196756236255, -0.00745739182457, -0.00216163345613, 0.00230297935195, -0.000781913346145], [-0.000559120147955, 0.00173124065623, -0.00108787161298, 0.0012404875597, -0.000185998520465, 0.00151912216097, 0.0033892809879, -0.00708969356492, -0.00745739182457, 0.0230743642896, -0.00943913031369, -0.00360315199941, 0.0029593759682], [0.000669477623887, -0.00186722935177, 0.00284941494465, -0.00122353306506, -0.000319733429933, -0.0025490692351, -0.00182883266825, 0.00473783025518, -0.00216163345613, -0.00943913031369, 0.0197432003915, -0.00597278121859, -0.000247785734246], [-0.000934391340706, 0.00237926002592, -0.00292135518976, 0.00254594371654, -0.00174743903335, 0.00106059538666, 0.000871343014296, -0.000273131357972, 0.00230297935195, -0.00360315199941, -0.00597278121859, 0.0256699416786, -0.0159552283585], [0.000646349799354, -0.00199071713723, 0.0016797411954, -0.00202602846548, 0.00225588795729, 0.000628967769444, -0.00173655839171, -0.00217147055082, -0.000781913346145, 0.0029593759682, -0.000247785734246, -0.0159552283585, 0.0234045851976]]
    },
    "melbands": {
        "dmean": [0.00216669635847, 0.00118449749425, 0.000677319709212, 0.000275197933661, 0.000155862187967, 0.000175432156539, 0.000148134349729, 0.000131273074658, 9.78993848548e-05, 8.86096531758e-05, 7.74399886723e-05, 7.25559948478e-05, 5.12752849318e-05, 5.19175009686e-05, 3.79274461011e-05, 3.63755789294e-05, 3.2772328268e-05, 2.923201464e-05, 1.74039651029e-05, 1.55424295372e-05, 2.1390584152e-05, 1.36188273245e-05, 1.36984508572e-05, 1.30816579258e-05, 1.26908089442e-05, 1.33715984703e-05, 1.19351852845e-05, 1.17789268188e-05, 1.12988927867e-05, 8.45666363603e-06, 7.25987001715e-06, 6.24519725534e-06, 6.07302854405e-06, 5.93312825004e-06, 5.87907743466e-06, 4.4316138883e-06, 3.92021001971e-06, 3.16393857247e-06, 2.8709914659e-06, 1.93481560018e-06],
        "dmean2": [0.00290199462324, 0.00161800079513, 0.00114665203728, 0.00047733305837, 0.000267964060185, 0.000302224420011, 0.00024642815697, 0.00021035822283, 0.000158271854161, 0.00014783347433, 0.00013142953685, 0.000122247103718, 8.43840971356e-05, 8.44147361931e-05, 6.36535987724e-05, 5.87918766541e-05, 5.33165330125e-05, 4.7998761147e-05, 2.87220882456e-05, 2.56260300375e-05, 3.58393044735e-05, 2.31751182582e-05, 2.26362553803e-05, 2.16419284698e-05, 2.172017048e-05, 2.29876459343e-05, 1.93992000277e-05, 1.93258711079e-05, 1.87565656233e-05, 1.36868511618e-05, 1.17533827506e-05, 1.00038014352e-05, 9.71450299403e-06, 9.8016435004e-06, 9.60728539212e-06, 7.06075843482e-06, 6.30486511e-06, 5.11534926773e-06, 4.6665049922e-06, 3.15555848829e-06],
        "dvar": [1.52832417371e-05, 7.38628705221e-06, 4.15517797592e-06, 6.09112476013e-07, 1.52642897433e-07, 2.31012094787e-07, 8.69508056667e-08, 5.66648203915e-08, 3.73921444918e-08, 2.99148688043e-08, 2.4292750922e-08, 1.6899193156e-08, 7.91211451912e-09, 6.20356654935e-09, 2.99632141321e-09, 2.88490431544e-09, 2.15575046703e-09, 1.50787271558e-09, 6.66129096327e-10, 4.59489002402e-10, 9.17851239457e-10, 4.58004106862e-10, 3.35942468288e-10, 3.15781484295e-10, 4.61984644984e-10, 5.20803844495e-10, 2.62605825974e-10, 2.59745752684e-10, 2.43394693289e-10, 1.4593597164e-10, 1.06672469469e-10, 9.00610905297e-11, 9.39780822606e-11, 1.18220377932e-10, 1.73083422594e-10, 7.64588670155e-11, 5.22693763272e-11, 3.39868966304e-11, 3.38698340208e-11, 1.32441679151e-11],
        "dvar2": [2.22336493607e-05, 1.2045740732e-05, 1.08828589873e-05, 1.67109476479e-06, 4.14118943581e-07, 6.34149103007e-07, 2.2819379808e-07, 1.37141995538e-07, 9.13489017762e-08, 7.58257954203e-08, 6.56912320096e-08, 4.5895131251e-08, 1.97654443923e-08, 1.55855133244e-08, 7.99510146976e-09, 7.73893482631e-09, 5.58070833989e-09, 3.87477694375e-09, 1.80973380726e-09, 1.24761412312e-09, 2.4981028357e-09, 1.25716448363e-09, 9.02421859461e-10, 8.12276246265e-10, 1.29654575964e-09, 1.48273837652e-09, 7.05971836545e-10, 6.79949485605e-10, 6.59582832796e-10, 3.74479613985e-10, 2.67843858204e-10, 2.23313131875e-10, 2.34652464126e-10, 3.12730952245e-10, 4.3421349849e-10, 1.78771691894e-10, 1.21723645052e-10, 8.41041680744e-11, 8.88772111463e-11, 3.40232668428e-11],
        "max": [0.0417703688145, 0.0278969630599, 0.0195902474225, 0.0176311321557, 0.0106762126088, 0.0125134764239, 0.00599497836083, 0.00448864512146, 0.00580480135977, 0.00330317113549, 0.00286745256744, 0.00212616799399, 0.00135606806725, 0.00119025225285, 0.00100288866088, 0.0011731046252, 0.0010098577477, 0.000680126075167, 0.000451715401141, 0.000541189394426, 0.000506196636707, 0.00050451757852, 0.000366165710147, 0.000398137228331, 0.000390100060031, 0.00038792041596, 0.000230403558817, 0.000207737393794, 0.000298041821225, 0.000215475010918, 0.000126677419757, 0.00014534710499, 0.000166313679074, 0.000128178100567, 0.000148703111336, 0.000133309004013, 0.000102631260233, 7.84932781244e-05, 8.75187542988e-05, 6.44849860691e-05],
        "mean": [0.00655887741596, 0.00215796404518, 0.00064820057014, 0.000255551101873, 0.000166726735188, 0.000226655451115, 0.0002246730146, 0.000239794302615, 0.000165320263477, 0.000133418870973, 0.000112248213554, 0.000106813000457, 8.20746281534e-05, 8.62157612573e-05, 6.67803324177e-05, 6.69638757245e-05, 6.3303137722e-05, 5.71106938878e-05, 3.23946624121e-05, 3.03366796288e-05, 3.76608077204e-05, 2.37224976445e-05, 2.57717583736e-05, 2.4820179533e-05, 2.315078018e-05, 2.44982074946e-05, 2.58186901192e-05, 2.58035506704e-05, 2.37028143601e-05, 1.85595981748e-05, 1.59996288858e-05, 1.37051483762e-05, 1.30846074171e-05, 1.08660506157e-05, 1.05992139652e-05, 9.04763510334e-06, 7.96192489361e-06, 6.27531653663e-06, 5.61558044865e-06, 4.10001666751e-06],
        "median": [0.00408943882212, 0.000816303130705, 0.000132701199618, 6.72905516694e-05, 5.42016641703e-05, 7.10722160875e-05, 8.12034413684e-05, 0.00010330160876, 7.21918841009e-05, 4.83284275106e-05, 6.34891111986e-05, 6.09040289419e-05, 4.13469169871e-05, 4.92708131787e-05, 4.17491464759e-05, 4.35038637079e-05, 4.2460669647e-05, 3.66657732229e-05, 2.0594769012e-05, 2.14417559619e-05, 2.55970608123e-05, 1.49589641296e-05, 1.84028594958e-05, 1.77783658728e-05, 1.66039244505e-05, 1.8028267732e-05, 1.85401459021e-05, 1.75731438503e-05, 1.64648972714e-05, 1.15632283268e-05, 9.71932968241e-06, 8.18835815153e-06, 7.39783945392e-06, 6.15092585576e-06, 5.3434550864e-06, 5.27015436091e-06, 4.68798816655e-06, 3.49183619619e-06, 2.85205396722e-06, 1.97294798454e-06],
        "min": [2.41131546772e-24, 2.78801982136e-24, 2.34469557263e-24, 2.4293123432e-24, 2.7100981133e-24, 1.74801853886e-24, 3.00228962879e-24, 3.28293912317e-24, 2.24892194228e-24, 5.77551416667e-24, 3.65100959142e-24, 3.30869523451e-24, 3.10555980433e-24, 4.08919697515e-24, 5.12089214396e-24, 4.42367518225e-24, 3.34348123942e-24, 3.77564606457e-24, 3.87141062302e-24, 5.29188405606e-24, 4.47987599973e-24, 3.94338274214e-24, 4.56635605975e-24, 5.07106808362e-24, 5.35049760461e-24, 3.81483982978e-24, 5.6584337977e-24, 5.15855788561e-24, 4.97247664212e-24, 5.34903268991e-24, 4.3379382292e-24, 8.27736759491e-24, 5.6161331038e-24, 6.34047623103e-24, 6.33060679225e-24, 5.88545337229e-24, 6.31184058017e-24, 6.64353016398e-24, 6.99089086409e-24, 7.21044110921e-24],
        "var": [5.50844051759e-05, 1.59077808348e-05, 3.25802830048e-06, 4.85064106215e-07, 1.31506610046e-07, 3.2567450603e-07, 1.63594052083e-07, 1.52653470309e-07, 7.78943771707e-08, 6.85384975441e-08, 3.00786027196e-08, 2.1682406981e-08, 1.48314427406e-08, 1.22480985354e-08, 6.41765662834e-09, 6.1282761088e-09, 5.10999065284e-09, 3.89978316306e-09, 1.36516498106e-09, 1.02215502729e-09, 1.75780989764e-09, 7.40893568718e-10, 7.06033564946e-10, 7.11572911705e-10, 6.28452567764e-10, 6.72743583063e-10, 6.80177913992e-10, 7.33167027089e-10, 5.72547731448e-10, 3.96282950899e-10, 3.12371489786e-10, 2.55717585995e-10, 2.4986573921e-10, 1.88312671012e-10, 2.51613396784e-10, 1.45659401207e-10, 1.09468337173e-10, 6.52122383871e-11, 6.06460021091e-11, 2.86130754507e-11]
    },
    "mfcc": {
        "mean": [-607.481506348, 78.9787063599, 3.50257134438, 19.265083313, 2.21116518974, 12.5870313644, 10.1309480667, 9.26843261719, 6.72990179062, 12.6146650314, 7.35996294022, 9.52959537506, 5.67746734619],
        "cov": [[10328.4101562, -2734.30175781, -198.235458374, -125.500144958, -102.729019165, 194.14831543, -44.4770278931, -35.2561225891, -19.542591095, -94.8511047363, -103.535850525, -80.1003952026, -50.3381652832], [-2734.30175781, 1887.5949707, 57.3935050964, 155.133132935, 66.1584396362, -74.6643676758, -27.0176849365, 12.7059078217, -1.41833722591, 27.7144947052, 54.0872344971, 31.6262893677, 36.2268486023], [-198.235458374, 57.3935050964, 449.615142822, 126.019577026, 104.680641174, 47.9690475464, -3.38404297829, 16.2439250946, 25.3789768219, -41.6914825439, 2.40189814568, -32.0923957825, 0.861945331097], [-125.500144958, 155.133132935, 126.019577026, 249.116531372, 121.19618988, 100.534004211, 50.4624862671, 56.2647399902, 43.1248435974, 21.3840103149, 14.1120538712, 1.97152757645, 3.8255212307], [-102.729019165, 66.1584396362, 104.680641174, 121.19618988, 211.87739563, 125.659584045, 99.2506942749, 77.3728942871, 40.8115577698, 36.0291290283, 26.4769420624, 27.221616745, 23.056936264], [194.14831543, -74.6643676758, 47.9690475464, 100.534004211, 125.659584045, 175.572296143, 117.073455811, 93.8211746216, 50.2876434326, 46.9626655579, 22.7272548676, 28.3457889557, 20.4535140991], [-44.4770278931, -27.0176849365, -3.38404297829, 50.4624862671, 99.2506942749, 117.073455811, 175.699874878, 107.269554138, 56.7005081177, 70.7638397217, 29.9169521332, 47.2481117249, 26.5224246979], [-35.2561225891, 12.7059078217, 16.2439250946, 56.2647399902, 77.3728942871, 93.8211746216, 107.269554138, 133.829666138, 76.1628417969, 58.2781982422, 26.0284252167, 27.3496780396, 23.8832511902], [-19.542591095, -1.41833722591, 25.3789768219, 43.1248435974, 40.8115577698, 50.2876434326, 56.7005081177, 76.1628417969, 109.497718811, 60.5960540771, 39.4717788696, 24.8818721771, 27.1517505646], [-94.8511047363, 27.7144947052, -41.6914825439, 21.3840103149, 36.0291290283, 46.9626655579, 70.7638397217, 58.2781982422, 60.5960540771, 119.431816101, 56.8923416138, 55.0882034302, 26.9470081329], [-103.535850525, 54.0872344971, 2.40189814568, 14.1120538712, 26.4769420624, 22.7272548676, 29.9169521332, 26.0284252167, 39.4717788696, 56.8923416138, 87.130027771, 57.1339263916, 31.8476734161], [-80.1003952026, 31.6262893677, -32.0923957825, 1.97152757645, 27.221616745, 28.3457889557, 47.2481117249, 27.3496780396, 24.8818721771, 55.0882034302, 57.1339263916, 91.1007080078, 51.3622703552], [-50.3381652832, 36.2268486023, 0.861945331097, 3.8255212307, 23.056936264, 20.4535140991, 26.5224246979, 23.8832511902, 27.1517505646, 26.9470081329, 31.8476734161, 51.3622703552, 74.4455871582]],
