{
"lowlevel": {
    "average_loudness": 0.772130072117,
    "barkbands_crest": {
        "dmean": 2.15482664108,
        "dmean2": 3.38890600204,
        "dvar": 5.90865564346,
        "dvar2": 13.2965154648,
        "max": 25.8149471283,
        "mean": 12.255197525,
        "median": 11.7368659973,
        "min": 2.20362615585,
        "var": 28.8519687653
    },
    "barkbands_flatness_db": {
        "dmean": 0.0181276146322,
        "dmean2": 0.027228852734,
        "dvar": 0.000490454665851,
        "dvar2": 0.00102161406539,
        "max": 0.496215939522,
        "mean": 0.167075976729,
        "median": 0.130960419774,
        "min": 0.0132256876677,
        "var": 0.0106801623479
    },
    "barkbands_kurtosis": {
        "dmean": 3.49674510956,
        "dmean2": 5.31018924713,
        "dvar": 105.03755188,
        "dvar2": 204.848526001,
        "max": 419.230712891,
        "mean": 6.34051036835,
        "median": 2.20929288864,
        "min": -1.90962445736,
        "var": 288.839630127
    },
    "barkbands_skewness": {
        "dmean": 0.52552819252,
        "dmean2": 0.788534462452,
        "dvar": 0.443686038256,
        "dvar2": 0.923350214958,
        "max": 16.9873657227,
        "mean": 1.79682743549,
        "median": 1.57214844227,
        "min": -2.94631910324,
        "var": 2.40705513954
    },
    "barkbands_spread": {
        "dmean": 5.83375930786,
        "dmean2": 8.89344406128,
        "dvar": 68.9945144653,
        "dvar2": 152.631942749,
        "max": 117.702072144,
        "mean": 26.2522029877,
        "median": 21.9031448364,
        "min": 0.47177785635,
        "var": 439.056213379
    },
    "dissonance": {
        "dmean": 0.0194037556648,
        "dmean2": 0.032949205488,
        "dvar": 0.000519570079632,
        "dvar2": 0.00147672730964,
        "max": 0.499999970198,
        "mean": 0.459461659193,
        "median": 0.475127667189,
        "min": 0.137579604983,
        "var": 0.00205331249163
    },
    "dynamic_complexity": 3.89173197746,
    "erbbands_crest": {
        "dmean": 2.24561452866,
        "dmean2": 3.669506073,
        "dvar": 4.7463517189,
        "dvar2": 11.7955503464,
        "max": 32.0738296509,
        "mean": 8.51311302185,
        "median": 7.19416427612,
        "min": 2.27357149124,
        "var": 22.7224082947
    },
    "erbbands_flatness_db": {
        "dmean": 0.0130088720471,
        "dmean2": 0.019448723644,
        "dvar": 0.000162014286616,
        "dvar2": 0.000330154696712,
        "max": 0.434098780155,
        "mean": 0.153594076633,
        "median": 0.130911961198,
        "min": 0.0428468696773,
        "var": 0.00498839793727
    },
    "erbbands_kurtosis": {
        "dmean": 0.981256484985,
        "dmean2": 1.53932702541,
        "dvar": 2.47583508492,
        "dvar2": 5.68277788162,
        "max": 39.5752639771,
        "mean": 0.992537260056,
        "median": 0.026998758316,
        "min": -1.83841335773,
        "var": 10.6764764786
    },
    "erbbands_skewness": {
        "dmean": 0.341325879097,
        "dmean2": 0.514789044857,
        "dvar": 0.113645076752,
        "dvar2": 0.239791274071,
        "max": 4.89527177811,
        "mean": 0.236920207739,
        "median": 0.227390885353,
        "min": -3.38389134407,
        "var": 0.852319896221
    },
    "erbbands_spread": {
        "dmean": 7.99947881699,
        "dmean2": 11.9495306015,
        "dvar": 103.628982544,
        "dvar2": 216.89515686,
        "max": 155.539352417,
        "mean": 41.549621582,
        "median": 41.690196991,
        "min": 1.74750494957,
        "var": 585.68536377
    },
    "hfc": {
        "dmean": 8.33550643921,
        "dmean2": 12.3782634735,
        "dvar": 231.828445435,
        "dvar2": 522.516967773,
        "max": 247.935897827,
        "mean": 32.5220947266,
        "median": 15.419878006,
        "min": 1.12375874347e-16,
        "var": 1558.82287598
    },
    "melbands_crest": {
        "dmean": 3.07169604301,
        "dmean2": 4.73778963089,
        "dvar": 13.0565605164,
        "dvar2": 30.8993778229,
        "max": 38.3658409119,
        "mean": 19.8861198425,
        "median": 18.8926563263,
        "min": 1.71052825451,
        "var": 76.0347976685
    },
    "melbands_flatness_db": {
        "dmean": 0.0227617342025,
        "dmean2": 0.0334619507194,
        "dvar": 0.000775612599682,
        "dvar2": 0.00153985258657,
        "max": 0.650529026985,
        "mean": 0.245236411691,
        "median": 0.209681838751,
        "min": 0.00432005664334,
        "var": 0.0170273296535
    },
    "melbands_kurtosis": {
        "dmean": 11.3093156815,
        "dmean2": 17.2627773285,
        "dvar": 1458.19384766,
        "dvar2": 2735.57666016,
        "max": 1884.52246094,
        "mean": 22.6227817535,
        "median": 10.5203704834,
        "min": -1.75938105583,
        "var": 3692.34692383
    },
    "melbands_skewness": {
        "dmean": 0.813698410988,
        "dmean2": 1.23166155815,
        "dvar": 1.44516050816,
        "dvar2": 2.9772772789,
        "max": 39.0644035339,
        "mean": 3.32735919952,
        "median": 2.83193635941,
        "min": -1.30322635174,
        "var": 6.54071855545
    },
    "melbands_spread": {
        "dmean": 7.01154375076,
        "dmean2": 10.4971847534,
        "dvar": 122.161613464,
        "dvar2": 248.679840088,
        "max": 178.062850952,
        "mean": 23.571269989,
        "median": 15.5815124512,
        "min": 0.237516134977,
        "var": 584.371398926
    },
    "pitch_salience": {
        "dmean": 0.0684789270163,
        "dmean2": 0.108882524073,
        "dvar": 0.00640013581142,
        "dvar2": 0.0158503837883,
        "max": 0.979795336723,
        "mean": 0.480192393064,
        "median": 0.499779313803,
        "min": 0.0176435615867,
        "var": 0.0267956294119
    },
    "silence_rate_20dB": {
        "dmean": 0,
        "dmean2": 0,
        "dvar": 0,
        "dvar2": 0,
        "max": 1,
        "mean": 1,
        "median": 1,
        "min": 1,
        "var": 0
    },
    "silence_rate_30dB": {
        "dmean": 0.0113102858886,
        "dmean2": 0.0226229857653,
        "dvar": 0.0111833065748,
        "dvar2": 0.0283037293702,
        "max": 1,
        "mean": 0.990718007088,
        "median": 1,
        "min": 0,
        "var": 0.00919573754072
    },
    "silence_rate_60dB": {
        "dmean": 0.00213401624933,
        "dmean2": 0.0042684879154,
        "dvar": 0.00212958827615,
        "dvar2": 0.00446433434263,
        "max": 1,
        "mean": 0.0503574088216,
        "median": 0,
        "min": 0,
        "var": 0.0478222966194
    },
    "spectral_centroid": {
        "dmean": 240.918502808,
        "dmean2": 355.295379639,
        "dvar": 117899.6875,
        "dvar2": 219453.625,
        "max": 11855.2373047,
        "mean": 1532.38317871,
        "median": 1331.77709961,
        "min": 170.355163574,
        "var": 1176702.125
    },
    "spectral_complexity": {
        "dmean": 3.74733257294,
        "dmean2": 5.63034915924,
        "dvar": 21.2645759583,
        "dvar2": 43.0467948914,
        "max": 60,
        "mean": 20.6483516693,
        "median": 16,
        "min": 0,
        "var": 206.928741455
    },
    "spectral_decrease": {
        "dmean": 2.03255079434e-09,
        "dmean2": 3.04656744277e-09,
        "dvar": 9.01788085184e-18,
        "dvar2": 2.01285451971e-17,
        "max": 1.78113732746e-28,
        "mean": -8.57466098125e-09,
        "median": -6.6040208857e-09,
        "min": -3.61524250536e-08,
        "var": 4.1799573787e-17
    },
    "spectral_energy": {
        "dmean": 0.00788920279592,
        "dmean2": 0.0118191409856,
        "dvar": 0.00013067421969,
        "dvar2": 0.000289933261229,
        "max": 0.142385169864,
        "mean": 0.0353127419949,
        "median": 0.0278739742935,
        "min": 1.01868899945e-20,
        "var": 0.000683171965647
    },
    "spectral_energyband_high": {
        "dmean": 0.000782594433986,
        "dmean2": 0.00114395329729,
        "dvar": 2.45706019086e-06,
        "dvar2": 5.11188727614e-06,
        "max": 0.0260282475501,
        "mean": 0.00261680572294,
        "median": 0.000618608260993,
        "min": 7.2768370956e-21,
        "var": 1.69374561665e-05
    },
    "spectral_energyband_low": {
        "dmean": 0.0060987053439,
        "dmean2": 0.00941230077296,
        "dvar": 0.00013885908993,
        "dvar2": 0.000332277588313,
        "max": 0.131874442101,
        "mean": 0.0198632404208,
        "median": 0.0123014608398,
        "min": 2.3717281398e-23,
        "var": 0.000502306444105
    },
    "spectral_energyband_middle_high": {
        "dmean": 0.00139374297578,
        "dmean2": 0.00218760850839,
        "dvar": 5.54577627554e-06,
        "dvar2": 1.46660167957e-05,
        "max": 0.0367833152413,
        "mean": 0.00406930502504,
        "median": 0.00228034914471,
        "min": 1.12795689265e-21,
        "var": 2.13661023736e-05
    },
    "spectral_energyband_middle_low": {
        "dmean": 0.00398676563054,
        "dmean2": 0.00632834527642,
        "dvar": 5.82835054956e-05,
        "dvar2": 0.000144893172546,
        "max": 0.0933124646544,
        "mean": 0.00946416612715,
        "median": 0.00635391520336,
        "min": 9.64094238412e-23,
        "var": 0.000108218810055
    },
    "spectral_entropy": {
        "dmean": 0.124569274485,
        "dmean2": 0.187137201428,
        "dvar": 0.0183943845332,
        "dvar2": 0.0382930748165,
        "max": 9.81029129028,
        "mean": 7.57178115845,
        "median": 7.7993016243,
        "min": 4.82088518143,
        "var": 0.645642697811
    },
    "spectral_flux": {
        "dmean": 0.0206951182336,
        "dmean2": 0.0312647745013,
        "dvar": 0.000852850964293,
        "dvar2": 0.00187997240573,
        "max": 0.358115762472,
        "mean": 0.0805836617947,
        "median": 0.0724957957864,
        "min": 6.60633422966e-11,
        "var": 0.00313754403032
    },
    "spectral_kurtosis": {
        "dmean": 2.82435154915,
        "dmean2": 4.79316139221,
        "dvar": 34.3892021179,
        "dvar2": 98.773765564,
        "max": 129.311950684,
        "mean": 8.56551742554,
        "median": 3.02616119385,
        "min": -1.26184427738,
        "var": 210.479827881
    },
    "spectral_rms": {
        "dmean": 0.000595469202381,
        "dmean2": 0.000881784420926,
        "dvar": 5.67196252632e-07,
        "dvar2": 1.15049112992e-06,
        "max": 0.0117861088365,
        "mean": 0.00541509920731,
        "median": 0.00521479826421,
        "min": 3.1525275012e-12,
        "var": 5.12811493536e-06
    },
    "spectral_rolloff": {
        "dmean": 608.76550293,
        "dmean2": 963.989135742,
        "dvar": 1292616.125,
        "dvar2": 2793369.5,
        "max": 19358.3496094,
        "mean": 1759.09191895,
        "median": 602.9296875,
        "min": 43.06640625,
        "var": 5838495
    },
    "spectral_skewness": {
        "dmean": 0.254903763533,
        "dmean2": 0.412832975388,
        "dvar": 0.12103445828,
        "dvar2": 0.335963398218,
        "max": 9.19470024109,
        "mean": 1.87230312824,
        "median": 1.37111473083,
        "min": -0.0662459954619,
        "var": 1.70077180862
    },
    "spectral_spread": {
        "dmean": 478247.21875,
        "dmean2": 694950.8125,
        "dvar": 534863675392,
        "dvar2": 863646580736,
        "max": 42832792,
        "mean": 4991229,
        "median": 5113312,
        "min": 619114.1875,
        "var": 7.66958003814e+12
    },
    "spectral_strongpeak": {
        "dmean": 0.282466709614,
        "dmean2": 0.488693654537,
        "dvar": 0.384749352932,
        "dvar2": 1.01292443275,
        "max": 9.47557830811,
        "mean": 0.553001821041,
        "median": 0.290374547243,
        "min": 0,
        "var": 0.550594866276
    },
    "zerocrossingrate": {
        "dmean": 0.0113711385056,
        "dmean2": 0.0125907883048,
        "dvar": 0.000269147043582,
        "dvar2": 0.000271662662271,
        "max": 0.85009765625,
        "mean": 0.0661333799362,
        "median": 0.05224609375,
        "min": 0.001953125,
        "var": 0.00404975935817
    },
    "barkbands": {
        "dmean": [0.000743510259781, 0.00482291169465, 0.00200206739828, 0.00108734867536, 0.00171905430034, 0.000898329657502, 0.00107582216151, 0.000673483649734, 0.000476159591926, 0.000346161454218, 0.000260598724708, 0.000248186523095, 0.00022822295432, 0.000242881957092, 0.00019433486159, 0.000191011829884, 0.000195847300347, 0.000250273587881, 0.000204792086151, 0.000213595776586, 0.000190177175682, 0.000167545076692, 0.000167584366864, 0.000183886309969, 0.000168313228642, 8.41031869641e-05, 1.92259558389e-05],
        "dmean2": [0.000908906164113, 0.00711877224967, 0.00344266393222, 0.00164493895136, 0.00292971683666, 0.00144870288204, 0.00171109836083, 0.0011077640811, 0.000776459637564, 0.000570905511267, 0.000429635460023, 0.000416921888245, 0.000376763287932, 0.000400318531319, 0.000326169654727, 0.000306419096887, 0.000309194641886, 0.000409456406487, 0.000319628423313, 0.000339423277183, 0.00029968257877, 0.000265321723418, 0.000256534200162, 0.00029061184614, 0.000266811141046, 0.000121502263937, 3.24582288158e-05],
        "dvar": [2.1230416678e-06, 8.8341148512e-05, 6.45921609248e-05, 1.22701503642e-05, 1.90707505681e-05, 2.53507937487e-06, 4.31271473644e-06, 1.76709340849e-06, 1.26098916553e-06, 9.38335801948e-07, 3.45459056916e-07, 3.83961321404e-07, 4.77410651456e-07, 5.21970889622e-07, 2.70678015113e-07, 1.84402978221e-07, 1.5819607313e-07, 3.96686658632e-07, 1.73510713353e-07, 1.9066698087e-07, 1.50732461179e-07, 1.11517110213e-07, 1.34655692818e-07, 1.71925208292e-07, 1.53302408989e-07, 3.83270304383e-08, 4.53653070664e-09],
        "dvar2": [2.87503121399e-06, 0.000193135434529, 0.000171136605786, 2.47090465564e-05, 5.40939727216e-05, 6.37264338366e-06, 9.96322978608e-06, 4.50306879429e-06, 3.16974478665e-06, 2.39762334786e-06, 9.0153508836e-07, 1.05801802874e-06, 1.3153639884e-06, 1.33239882416e-06, 7.47838896586e-07, 4.58605654785e-07, 3.60702472335e-07, 1.08341112082e-06, 4.0934713752e-07, 4.57000425058e-07, 3.81119917847e-07, 2.78520559505e-07, 3.18367682439e-07, 4.15225372308e-07, 3.67056287587e-07, 8.0246621792e-08, 1.29008919103e-08],
        "max": [0.0245880838484, 0.122109763324, 0.0959479808807, 0.0636141449213, 0.0638987571001, 0.0188049264252, 0.0565852485597, 0.021295638755, 0.0256857201457, 0.0295349135995, 0.0159569885582, 0.0166566893458, 0.0189363267273, 0.0237306710333, 0.013081414625, 0.0101192053407, 0.00875495094806, 0.0159578919411, 0.01066225674, 0.00850477814674, 0.00720560597256, 0.00564989121631, 0.0059857997112, 0.00725480355322, 0.00748505024239, 0.0040612607263, 0.000974657712504],
        "mean": [0.00240476755425, 0.0148302810267, 0.00203423970379, 0.00144415989053, 0.00245285849087, 0.00151824590284, 0.00207983562723, 0.0010739674326, 0.000702277407981, 0.000539977103472, 0.000403909158194, 0.00038845842937, 0.000340879370924, 0.000382743339287, 0.000290997821139, 0.000335754506523, 0.000370747206034, 0.000444538542069, 0.00043481666944, 0.000447102676844, 0.000440272764536, 0.000423449761001, 0.000422960874857, 0.000481790746562, 0.000390300701838, 0.000209732097574, 2.35913794313e-05],
        "median": [0.00102627382148, 0.0079740555957, 0.000566502101719, 0.000406899634982, 0.000978285679594, 0.000802254886366, 0.000671186717227, 0.000428094965173, 0.00027905931347, 0.000179013164598, 0.000169568389538, 0.000141143857036, 0.000109997279651, 0.00010305889009, 8.64104367793e-05, 9.70469554886e-05, 0.000112209520012, 0.000180884089787, 0.000138259099913, 0.00013331399532, 0.000123520178022, 0.000114954455057, 8.09331177152e-05, 7.07188810338e-05, 5.20150861121e-05, 1.86302495422e-05, 5.09196922849e-07],
        "min": [1.03441604868e-24, 8.02258761063e-24, 1.7053995396e-24, 3.63049541149e-25, 9.24386183219e-24, 1.4877397602e-23, 1.02968956885e-23, 7.23289366829e-24, 1.19062034896e-23, 2.02066357996e-23, 1.93699746567e-23, 2.89410914911e-23, 2.93373394793e-23, 3.58477548875e-23, 5.85067967361e-23, 5.20063367525e-23, 1.15084153294e-22, 9.00965360482e-23, 1.42420253631e-22, 1.81491638121e-22, 2.77817499504e-22, 3.312092464e-22, 4.78092420649e-22, 6.08788270097e-22, 9.73626619021e-22, 1.40786311913e-21, 2.13332303358e-21],
        "var": [1.22973378893e-05, 0.000343985506333, 4.91854952998e-05, 1.93815594685e-05, 1.85934677575e-05, 4.08301912103e-06, 1.70156545209e-05, 3.65546088688e-06, 1.79721484983e-06, 2.01300372282e-06, 5.24216773101e-07, 6.1751558178e-07, 6.80113544149e-07, 1.00979855233e-06, 3.90182663068e-07, 4.22795693567e-07, 4.25076279953e-07, 5.48377727227e-07, 5.45047100786e-07, 4.9417047876e-07, 4.48050911928e-07, 4.44700958724e-07, 5.56964607767e-07, 7.78486537456e-07, 5.83364965223e-07, 1.9396881612e-07, 4.72122474449e-09]
    },
    "erbbands": {
        "dmean": [0.228486061096, 0.888475656509, 2.10675787926, 2.83225536346, 4.48071575165, 6.59207487106, 6.64242744446, 7.99206495285, 15.2444629669, 14.6053133011, 12.1020994186, 11.2314939499, 10.8308153152, 9.26864719391, 10.1119585037, 10.1132564545, 10.7763881683, 11.3743944168, 9.98336696625, 10.0841274261, 8.9692363739, 10.5706138611, 13.1715078354, 10.6736392975, 10.4285402298, 9.75535392761, 8.37522220612, 7.19304990768, 5.86794519424, 5.57669353485, 4.79031085968, 4.18677568436, 3.14696335793, 2.11441755295, 1.07172906399, 0.412183880806, 0.155128285289, 0.038748241961, 0.00282554700971, 4.99344241689e-05],
        "dmean2": [0.324900001287, 1.3482323885, 3.52014327049, 4.45995283127, 7.36527729034, 11.3932361603, 10.8094882965, 12.8846530914, 24.4434432983, 23.5090732574, 20.1470222473, 18.3442401886, 17.7920150757, 15.5961427689, 16.4539146423, 16.8802928925, 17.8249378204, 18.642539978, 16.7236442566, 16.5731163025, 14.3621397018, 16.6080608368, 21.3648681641, 16.9216690063, 16.3470211029, 15.5505933762, 13.268327713, 11.4553251266, 9.36940479279, 8.37939071655, 7.27407932281, 6.60753822327, 5.00840187073, 3.36971545219, 1.67793524265, 0.590927243233, 0.235445529222, 0.0632784888148, 0.00475328695029, 8.07256510598e-05],
        "dvar": [0.211825981736, 3.71362495422, 65.0301132202, 52.9176216125, 185.225906372, 263.569030762, 165.412109375, 214.586227417, 852.4921875, 810.807617188, 602.133117676, 834.210083008, 930.648620605, 549.830566406, 556.216674805, 708.141479492, 1211.76647949, 1260.47058105, 579.159240723, 530.609191895, 430.949127197, 423.425720215, 924.351135254, 712.298034668, 430.425354004, 472.550201416, 339.73449707, 188.287322998, 131.914550781, 137.575836182, 109.868385315, 87.4709854126, 52.3675537109, 26.4923858643, 5.6638417244, 0.875888288021, 0.149291217327, 0.0154807819054, 8.42059234856e-05, 1.87451600908e-08],
        "dvar2": [0.395368665457, 8.24128341675, 166.704147339, 117.554878235, 465.033935547, 746.030578613, 422.080963135, 537.321228027, 1961.26245117, 1996.02819824, 1590.74157715, 2058.37573242, 2296.11425781, 1480.1418457, 1422.21984863, 1956.84179688, 3397.04785156, 3138.98754883, 1601.8927002, 1383.43774414, 1061.60461426, 964.691040039, 2425.79882812, 1892.80224609, 1005.68200684, 1142.69030762, 849.589233398, 474.598022461, 336.141326904, 318.629821777, 254.51725769, 212.990478516, 127.952110291, 63.944694519, 12.6231622696, 1.68227994442, 0.341805368662, 0.0439572110772, 0.000232977923588, 5.10847648627e-08],
        "max": [5.91326570511, 31.4700984955, 99.4345626831, 118.811737061, 209.31930542, 206.314498901, 163.565444946, 205.883834839, 679.749938965, 722.665344238, 358.946655273, 729.858398438, 1062.28369141, 628.326843262, 635.912841797, 780.79473877, 1006.12310791, 1336.55908203, 466.361236572, 561.512634277, 698.61151123, 427.149108887, 864.538696289, 890.02130127, 462.281799316, 510.04977417, 441.038787842, 218.75112915, 166.278442383, 229.541107178, 189.972229004, 210.556686401, 136.77973938, 99.9781265259, 51.8495635986, 19.1810340881, 8.11469936371, 1.71699404716, 0.13912281394, 0.00190620194189],
        "mean": [0.743261873722, 2.05029797554, 2.45874333382, 3.79734873772, 6.08749914169, 8.87178325653, 9.97756099701, 14.4074621201, 29.2488803864, 27.1746387482, 18.7664489746, 16.766664505, 17.4913406372, 14.3746128082, 16.4776096344, 16.5939693451, 16.9054031372, 18.7851734161, 16.042886734, 17.6523017883, 17.7542209625, 21.1897335052, 24.3793468475, 21.6004066467, 23.6957607269, 20.6192245483, 18.3179893494, 16.9227676392, 14.7394361496, 13.3962249756, 12.2522592545, 10.6532964706, 7.55657196045, 4.60537433624, 2.58755850792, 1.069206357, 0.363584518433, 0.0642786547542, 0.00375284696929, 0.000120965989481],
        "median": [0.396141797304, 0.847691357136, 0.809507608414, 1.27035176754, 2.23935747147, 3.12321305275, 4.0489654541, 7.66630887985, 9.82209300995, 10.757267952, 8.32594203949, 6.84020042419, 6.1631321907, 6.043197155, 7.35759830475, 6.35527706146, 5.67201948166, 5.91613483429, 5.4718337059, 5.32239151001, 5.80237770081, 7.02899169922, 9.76166629791, 7.69031238556, 7.32697963715, 6.07334661484, 5.05471086502, 4.78814792633, 3.96621489525, 3.19462800026, 2.23223924637, 1.63784992695, 1.03915834427, 0.613035976887, 0.336095660925, 0.114762611687, 0.0278428364545, 0.00350385834463, 0.000134357847855, 4.68962716695e-05],
        "min": [2.98524151633e-22, 6.31228068567e-22, 1.91356622682e-21, 4.0331711081e-21, 1.16112190767e-20, 4.03548172081e-20, 8.69478234682e-20, 1.23231377255e-19, 1.68249286226e-19, 2.54673711161e-19, 2.23810284188e-19, 2.75919741797e-19, 5.7402333025e-19, 1.02207801335e-18, 9.71101663934e-19, 1.46612097388e-18, 1.72232207404e-18, 1.8993698478e-18, 3.37501394527e-18, 4.1856712115e-18, 3.84401418565e-18, 6.12970405609e-18, 5.77610998682e-18, 5.99762233742e-18, 6.79457983834e-18, 8.6720937132e-18, 1.02823223711e-17, 1.13587507002e-17, 1.21278905307e-17, 1.18055506537e-17, 1.39038439971e-17, 1.21216618607e-17, 1.09765461079e-17, 9.28561770943e-18, 7.93988087959e-18, 4.38345340468e-18, 2.78535204176e-18, 1.00378315635e-18, 2.52455471252e-19, 3.11198949686e-20],
        "var": [0.959702253342, 9.82310199738, 53.6497268677, 83.6603317261, 213.289871216, 268.802062988, 240.52293396, 368.038696289, 3041.51635742, 2534.8425293, 882.560852051, 1194.55407715, 2084.94580078, 780.220336914, 887.000732422, 1188.18347168, 1631.2454834, 2364.53100586, 928.996398926, 1030.95385742, 1033.65087891, 1199.36035156, 1546.52600098, 1305.86340332, 1497.34802246, 1098.32434082, 842.771057129, 644.234191895, 514.92364502, 528.01373291, 478.975982666, 371.129608154, 204.221878052, 85.3194503784, 25.5068206787, 4.86925458908, 0.619881272316, 0.0223174076527, 0.000101121651824, 3.53533415876e-08]
    },
    "gfcc": {
        "mean": [-20.6572265625, 92.7247314453, -95.2374801636, 33.8747749329, -56.3519668579, 13.4895362854, -28.7096614838, 14.5189208984, -15.8063869476, 8.82660293579, -6.01962995529, 5.7001991272, -6.2465672493],
        "cov": [[21082.4746094, -7812.10058594, -1010.63232422, 1457.02807617, -900.918273926, 1105.5880127, -1417.80969238, 812.942382812, -890.010803223, 831.302734375, -990.41015625, 618.543640137, -865.738342285], [-7812.10058594, 5910.78808594, 293.775817871, -756.256469727, 519.417297363, -670.867858887, 802.029785156, -452.680114746, 543.114257812, -496.512969971, 618.753356934, -401.653289795, 491.674560547], [-1010.63232422, 293.775817871, 887.239074707, 58.5352325439, 161.663406372, 120.552070618, 114.717025757, 5.13099336624, 51.7649230957, 9.99315452576, 32.0699005127, 1.45032155514, 27.0661754608], [1457.02807617, -756.256469727, 58.5352325439, 604.684020996, 12.6390695572, 164.339996338, -116.3722229, 115.642608643, -64.3318023682, 55.5719261169, -113.799987793, 50.2250404358, -50.6630477905], [-900.918273926, 519.417297363, 161.663406372, 12.6390695572, 303.267089844, 2.13910531998, 165.136032104, 12.7925949097, 117.603286743, -18.8226184845, 67.9343032837, -33.5205383301, 55.8247337341], [1105.5880127, -670.867858887, 120.552070618, 164.339996338, 2.13910531998, 294.660736084, 4.30654621124, 107.722694397, -36.2991294861, 81.1867675781, -59.0278358459, 55.4332313538, -58.0595321655], [-1417.80969238, 802.029785156, 114.717025757, -116.3722229, 165.136032104, 4.30654621124, 339.740631104, 5.87741613388, 165.142272949, -40.0214538574, 138.142593384, -58.2084388733, 88.3119888306], [812.942382812, -452.680114746, 5.13099336624, 115.642608643, 12.7925949097, 107.722694397, 5.87741613388, 184.639633179, 32.9631118774, 71.3273239136, -31.8600177765, 41.3867454529, -39.81690979], [-890.010803223, 543.114257812, 51.7649230957, -64.3318023682, 117.603286743, -36.2991294861, 165.142272949, 32.9631118774, 231.729751587, 1.61475038528, 98.1932449341, -22.4468383789, 76.0087661743], [831.302734375, -496.512969971, 9.99315452576, 55.5719261169, -18.8226184845, 81.1867675781, -40.0214538574, 71.3273239136, 1.61475038528, 137.95350647, -9.92395687103, 48.0483703613, -38.1427650452], [-990.41015625, 618.753356934, 32.0699005127, -113.799987793, 67.9343032837, -59.0278358459, 138.142593384, -31.8600177765, 98.1932449341, -9.92395687103, 169.863708496, -16.4623966217, 74.7607040405], [618.543640137, -401.653289795, 1.45032155514, 50.2250404358, -33.5205383301, 55.4332313538, -58.2084388733, 41.3867454529, -22.4468383789, 48.0483703613, -16.4623966217, 101.953575134, -7.75836610794], [-865.738342285, 491.674560547, 27.0661754608, -50.6630477905, 55.8247337341, -58.0595321655, 88.3119888306, -39.81690979, 76.0087661743, -38.1427650452, 74.7607040405, -7.75836610794, 128.077102661]],
        "icov": [[0.000143771248986, -2.22543458221e-05, 0.000151745756739, -0.000102822661574, 7.46583318687e-05, -0.000236507738009, 0.000197761008167, -0.000193946820218, 0.000125960272271, -0.000418169714976, 0.000266804767307, -0.000277740764432, 0.000276253878837], [-2.22543458221e-05, 0.000855275779031, -0.000215620733798, 0.000141620621434, -0.00031261285767, 0.000640130834654, -0.000356096978066, 0.000533062499017, -0.000568817020394, 0.0015832335921, -0.00149538519327, 0.0013989956351, -0.000727757695131], [0.000151745756739, -0.000215620733798, 0.00156590808183, -0.000187521844055, -0.000495241663884, -0.00108118273783, 0.00015457108384, 0.000146794278407, 0.000210402780795, -0.000805588264484, 0.000573130615521, -0.000699504744262, 0.000371475296561], [-0.000102822661574, 0.000141620621434, -0.000187521844055, 0.00251536304131, -0.000771058665123, -0.000735927780624, 0.000859775522258, -0.000907861045562, 7.64652868384e-05, 0.000691620341968, 0.000310427334625, 0.000611635972746, -0.0010602340335], [7.46583318687e-05, -0.00031261285767, -0.000495241663884, -0.000771058665123, 0.00537998275831, -2.41488905885e-05, -0.00158015626948, -0.000318308128044, -0.000979191856459, -0.000652867835015, 0.000682830752339, -7.6914926467e-05, 0.000122522615129], [-0.000236507738009, 0.000640130834654, -0.00108118273783, -0.000735927780624, -2.41488905885e-05, 0.00748916948214, -0.00336525286548, -0.000836364051793, 0.000982669997029, -0.000450332532637, 0.000354905205313, -0.00081275170669, 0.000373514980311], [0.000197761008167, -0.000356096978066, 0.00015457108384, 0.000859775522258, -0.00158015626948, -0.00336525286548, 0.00874770432711, -0.00184564467054, -0.00204679160379, 0.00110710225999, -0.0031060166657, 0.00248115090653, -0.000923351966776], [-0.000193946820218, 0.000533062499017, 0.000146794278407, -0.000907861045562, -0.000318308128044, -0.000836364051793, -0.00184564467054, 0.010492445901, -0.00338159082457, -0.00103972270153, 0.000558081839699, -0.00126535701565, 0.00184142356738], [0.000125960272271, -0.000568817020394, 0.000210402780795, 7.64652868384e-05, -0.000979191856459, 0.000982669997029, -0.00204679160379, -0.00338159082457, 0.00945752393454, -0.00300290458836, -0.000129985754029, -0.000388920016121, -0.00220152153634], [-0.000418169714976, 0.0015832335921, -0.000805588264484, 0.000691620341968, -0.000652867835015, -0.000450332532637, 0.00110710225999, -0.00103972270153, -0.00300290458836, 0.0159143805504, -0.00617553666234, 0.000423102406785, 0.000685128674377], [0.000266804767307, -0.00149538519327, 0.000573130615521, 0.000310427334625, 0.000682830752339, 0.000354905205313, -0.0031060166657, 0.000558081839699, -0.000129985754029, -0.00617553666234, 0.0153046716005, -0.00438036862761, -0.00123673467897], [-0.000277740764432, 0.0013989956351, -0.000699504744262, 0.000611635972746, -7.6914926467e-05, -0.00081275170669, 0.00248115090653, -0.00126535701565, -0.000388920016121, 0.000423102406785, -0.00438036862761, 0.0176636613905, -0.00531362043694], [0.000276253878837, -0.000727757695131, 0.000371475296561, -0.0010602340335, 0.000122522615129, 0.000373514980311, -0.000923351966776, 0.00184142356738, -0.00220152153634, 0.000685128674377, -0.00123673467897, -0.00531362043694, 0.015206662938]]
    },
    "melbands": {
        "dmean": [0.00160335411783, 0.00102703738958, 0.000527251802851, 0.000391977024265, 0.000245175819146, 0.000185498953215, 0.00022305517632, 0.000159536633873, 9.73557180259e-05, 7.02228498994e-05, 5.50178847334e-05, 3.90095010516e-05, 3.25732180499e-05, 2.82023356704e-05, 2.64625723503e-05, 2.32171569223e-05, 2.35851694015e-05, 1.742745917e-05, 1.59740502568e-05, 1.54108638526e-05, 1.0709110029e-05, 1.22053361338e-05, 1.24937732835e-05, 1.17785948532e-05, 9.29196539801e-06, 8.44377154863e-06, 8.30347926239e-06, 7.12345445208e-06, 5.76599450142e-06, 5.14143039254e-06, 4.45165096608e-06, 3.71515784536e-06, 3.65367395716e-06, 3.25146356772e-06, 3.06480615109e-06, 2.72332499662e-06, 2.86301565211e-06, 2.39684891312e-06, 2.37940525949e-06, 1.77138224444e-06],
        "dmean2": [0.00231849355623, 0.00161243765615, 0.000822779082227, 0.000670294626616, 0.000402530888095, 0.000298380531603, 0.000356481323252, 0.000257757288637, 0.000162239535712, 0.00011458737572, 9.04188200366e-05, 6.56915653963e-05, 5.3680538258e-05, 4.69486076327e-05, 4.42071141151e-05, 3.87183645216e-05, 3.87059189961e-05, 2.93405955745e-05, 2.66513216047e-05, 2.5136369004e-05, 1.74552478711e-05, 1.93765572476e-05, 2.01049133466e-05, 1.93254418264e-05, 1.49524257722e-05, 1.32647601276e-05, 1.32106652018e-05, 1.15679831652e-05, 9.28428289626e-06, 8.24630387797e-06, 7.19455920262e-06, 6.05369768891e-06, 5.67872120882e-06, 5.08227685714e-06, 4.79127493236e-06, 4.13714678871e-06, 4.6541276788e-06, 3.86300189348e-06, 3.80092637897e-06, 2.84847328658e-06],
        "dvar": [9.68327276496e-06, 9.27085420699e-06, 2.01933471544e-06, 1.04878915863e-06, 2.44673600491e-07, 1.03769778548e-07, 1.80054044563e-07, 9.47398604012e-08, 4.04845081903e-08, 3.33544747377e-08, 2.43270132927e-08, 9.91473303458e-09, 5.46334222307e-09, 4.28966195898e-09, 4.57439597312e-09, 5.24051202433e-09, 6.18724849133e-09, 1.75061953822e-09, 1.87485937886e-09, 1.28554289436e-09, 6.92260748725e-10, 5.9925969742e-10, 9.9831964917e-10, 7.43825057103e-10, 5.62391688774e-10, 3.25791421618e-10, 2.82039114285e-10, 2.70511557598e-10, 1.61698321399e-10, 1.15799203559e-10, 6.74220540509e-11, 5.16566442399e-11, 6.57629783962e-11, 4.7249065771e-11, 4.54222007229e-11, 3.52365497891e-11, 4.47178613583e-11, 3.13719744627e-11, 3.52572172846e-11, 1.98138744995e-11],
        "dvar2": [1.97752233362e-05, 2.23053993977e-05, 4.390295544e-06, 2.96948792311e-06, 6.40101234239e-07, 2.60810111286e-07, 4.16935705516e-07, 2.3307515562e-07, 1.05979758303e-07, 8.22854175908e-08, 6.01760916652e-08, 2.66792241632e-08, 1.42227802868e-08, 1.13882885344e-08, 1.20086438571e-08, 1.44124783219e-08, 1.53292294414e-08, 4.77434047852e-09, 5.11559239413e-09, 3.21970872186e-09, 1.72807546051e-09, 1.38140843209e-09, 2.65508015573e-09, 1.97427119097e-09, 1.5052120661e-09, 7.7803669063e-10, 6.91707191525e-10, 6.73434252807e-10, 4.07925054846e-10, 2.9817701086e-10, 1.72047015523e-10, 1.3516010533e-10, 1.63151644972e-10, 1.14386479455e-10, 1.10968692568e-10, 7.98774033028e-11, 1.16849002696e-10, 8.00835300852e-11, 9.06255487321e-11, 4.89713374019e-11],
        "max": [0.0376347489655, 0.0376901440322, 0.022583918646, 0.0163134932518, 0.00547251338139, 0.00407941406593, 0.00907168257982, 0.00659400969744, 0.00316427787766, 0.00480089476332, 0.00522897066548, 0.00239612511359, 0.00204232009128, 0.00154117459897, 0.0016336577246, 0.00218200916424, 0.00306286569685, 0.000886837544385, 0.00118665536866, 0.000930982409045, 0.0008351818542, 0.000562897068448, 0.00106879987288, 0.000668633845635, 0.000762077688705, 0.000437843118561, 0.000318518694257, 0.000351509836037, 0.000298024126096, 0.000177944690222, 0.000136636401294, 0.000125128019135, 0.000153276705532, 0.000108397798613, 0.000110396184027, 0.00011230619566, 0.000138158677146, 0.00010709300841, 0.000116677947517, 9.63886704994e-05],
        "mean": [0.00519379181787, 0.00172555120662, 0.0007369723171, 0.000543009431567, 0.000371747359168, 0.00033881291165, 0.000428521132562, 0.000287614820991, 0.000144083009218, 0.000102687561593, 8.62388114911e-05, 5.83859073231e-05, 5.16418767802e-05, 4.57949354313e-05, 4.01403558499e-05, 3.40400110872e-05, 3.66299173038e-05, 2.59961325355e-05, 2.35801526287e-05, 2.60857050307e-05, 1.92268162209e-05, 2.22734834097e-05, 2.17530450755e-05, 2.05867509067e-05, 1.68511469383e-05, 1.72799136635e-05, 1.6494486772e-05, 1.31185070131e-05, 1.13145115392e-05, 1.05127528514e-05, 9.66338484432e-06, 8.34751335788e-06, 7.94745756139e-06, 7.21517608326e-06, 7.03118985257e-06, 6.81986148265e-06, 6.44978172204e-06, 5.46744786334e-06, 4.59730381408e-06, 3.64169045497e-06],
        "median": [0.00292119197547, 0.000698361487594, 0.000267528783297, 0.000215002641198, 0.00015384395374, 0.000182587493327, 0.000143700905028, 0.000106978135591, 5.87540926063e-05, 3.97659969167e-05, 2.8943617508e-05, 2.26578486036e-05, 2.27303407883e-05, 1.80367642315e-05, 1.41927985169e-05, 1.05078197521e-05, 9.77760100795e-06, 8.20852346806e-06, 6.6702946242e-06, 6.71828138366e-06, 5.89541286899e-06, 6.59680699755e-06, 7.59025942898e-06, 8.31479337648e-06, 5.42198677067e-06, 5.15985993843e-06, 4.76791547044e-06, 3.30074271915e-06, 2.92310232908e-06, 2.80413837572e-06, 2.61282343672e-06, 2.25536064136e-06, 1.93598862097e-06, 1.56606461132e-06, 1.23680331399e-06, 1.15553496016e-06, 9.1016835313e-07, 7.11312679869e-07, 5.66085134324e-07, 4.69085961186e-07],
        "min": [3.39667807456e-24, 8.20652788562e-25, 1.44899529071e-24, 1.56188661106e-24, 3.03631379128e-24, 2.86921510497e-24, 2.57956628539e-24, 3.3208780079e-24, 1.93927530154e-24, 1.8142167878e-24, 2.42105099737e-24, 3.37145345826e-24, 2.82935238571e-24, 2.85702049867e-24, 4.79925501467e-24, 2.75221815804e-24, 3.11889115919e-24, 5.15950294097e-24, 5.17639679169e-24, 3.16505096063e-24, 4.3586450391e-24, 5.79420267594e-24, 5.61144845332e-24, 3.4766433268e-24, 3.92638515621e-24, 5.47874508855e-24, 4.02784450154e-24, 4.55368340374e-24, 5.6605605667e-24, 7.02695442924e-24, 5.65232643657e-24, 6.43923569991e-24, 6.51613543867e-24, 5.6346133538e-24, 6.60021302281e-24, 7.18914186477e-24, 6.73771463403e-24, 6.91587965834e-24, 6.93099581101e-24, 7.47546918551e-24],
        "var": [4.2304789531e-05, 1.15230095616e-05, 3.04582044919e-06, 1.01663806618e-06, 3.47681691437e-07, 1.93257392311e-07, 6.59521049329e-07, 2.81010329672e-07, 5.7301637213e-08, 4.8106969075e-08, 5.46294955939e-08, 1.47128309536e-08, 8.24397705657e-09, 7.87193332741e-09, 7.29734006555e-09, 7.28169746722e-09, 1.14550822161e-08, 2.85728463112e-09, 2.80849143941e-09, 2.81834111604e-09, 1.35983635463e-09, 1.51890133804e-09, 1.52284618249e-09, 1.12881604064e-09, 9.30097998619e-10, 9.96372984119e-10, 7.34970473371e-10, 5.2985432708e-10, 3.51443568691e-10, 2.85817564061e-10, 2.17126136515e-10, 1.69203123734e-10, 1.87989374067e-10, 1.60185933962e-10, 1.63892191485e-10, 1.55290114101e-10, 1.43944189901e-10, 1.09974980511e-10, 8.79534986509e-11, 5.70437759528e-11]
    },
    "mfcc": {
        "mean": [-663.31640625, 119.318763733, 20.1054096222, 24.7043590546, 3.19992733002, 4.30853033066, 2.79776549339, 5.93640375137, 1.20562148094, 3.23486614227, 3.97878837585, 6.39610958099, 4.92352247238],
        "cov": [[15626.9619141, -5761.78466797, -1338.35693359, 255.853607178, 130.543243408, 98.1374588013, -262.0831604, -90.6098403931, -123.009162903, 127.579292297, 38.9997749329, -118.919776917, -247.310638428], [-5761.78466797, 4616.96533203, 301.839294434, -12.8411359787, -102.7135849, -76.9131622314, 127.682617188, 58.1438064575, 22.460483551, -11.522731781, 21.9370765686, 43.1850128174, 186.043487549], [-1338.35693359, 301.839294434, 741.586181641, 44.4666023254, 95.2911834717, 104.985427856, 84.9643936157, 47.5000495911, 49.6123733521, -3.56381583214, -8.12191200256, 26.1083278656, 45.6497077942], [255.853607178, -12.8411359787, 44.4666023254, 351.977203369, 124.345779419, 41.7327575684, 12.977437973, 33.5922889709, 40.0192947388, 16.033700943, -0.156634911895, 6.37272119522, 1.07582616806], [130.543243408, -102.7135849, 95.2911834717, 124.345779419, 204.738235474, 58.6870384216, 16.8997039795, 34.7699661255, 48.6310501099, 22.558681488, 7.61652898788, 12.4791231155, 11.8777313232], [98.1374588013, -76.9131622314, 104.985427856, 41.7327575684, 58.6870384216, 167.687606812, 70.1473693848, 40.3464660645, 35.312335968, 29.1534996033, 15.3693227768, 7.86876296997, 3.59617233276], [-262.0831604, 127.682617188, 84.9643936157, 12.977437973, 16.8997039795, 70.1473693848, 165.59072876, 54.4370613098, 23.2849788666, 47.7010040283, 24.320186615, 15.0137777328, 22.6263008118], [-90.6098403931, 58.1438064575, 47.5000495911, 33.5922889709, 34.7699661255, 40.3464660645, 54.4370613098, 140.461288452, 68.5570907593, 39.8089332581, 31.177280426, 35.3163719177, 18.00365448], [-123.009162903, 22.460483551, 49.6123733521, 40.0192947388, 48.6310501099, 35.312335968, 23.2849788666, 68.5570907593, 138.764846802, 58.7521400452, 23.3705787659, 44.7998046875, 29.2378292084], [127.579292297, -11.522731781, -3.56381583214, 16.033700943, 22.558681488, 29.1534996033, 47.7010040283, 39.8089332581, 58.7521400452, 137.416625977, 52.5386352539, 30.027469635, 34.5009765625], [38.9997749329, 21.9370765686, -8.12191200256, -0.156634911895, 7.61652898788, 15.3693227768, 24.320186615, 31.177280426, 23.3705787659, 52.5386352539, 86.7573699951, 32.4116287231, 14.5468902588], [-118.919776917, 43.1850128174, 26.1083278656, 6.37272119522, 12.4791231155, 7.86876296997, 15.0137777328, 35.3163719177, 44.7998046875, 30.027469635, 32.4116287231, 100.072120667, 55.7672843933], [-247.310638428, 186.043487549, 45.6497077942, 1.07582616806, 11.8777313232, 3.59617233276, 22.6263008118, 18.00365448, 29.2378292084, 34.5009765625, 14.5468902588, 55.7672843933, 113.141136169]],
