{
"lowlevel": {
    "average_loudness": 0.941201746464,
    "barkbands_crest": {
        "dmean": 3.12032961845,
        "dmean2": 5.0714764595,
        "dvar": 9.64140224457,
        "dvar2": 22.9825057983,
        "max": 25.5242404938,
        "mean": 9.09326553345,
        "median": 7.72439527512,
        "min": 1.84500789642,
        "var": 22.9674987793
    },
    "barkbands_flatness_db": {
        "dmean": 0.0252892263234,
        "dmean2": 0.0395001173019,
        "dvar": 0.000873195356689,
        "dvar2": 0.00200133142062,
        "max": 0.545234560966,
        "mean": 0.0887623652816,
        "median": 0.0769236981869,
        "min": 0.0111831342801,
        "var": 0.00250895484351
    },
    "barkbands_kurtosis": {
        "dmean": 3.23548078537,
        "dmean2": 5.26167917252,
        "dvar": 184.321594238,
        "dvar2": 470.401153564,
        "max": 765.27557373,
        "mean": 2.10583353043,
        "median": -0.401978611946,
        "min": -1.8974802494,
        "var": 173.079650879
    },
    "barkbands_skewness": {
        "dmean": 0.745909392834,
        "dmean2": 1.10613906384,
        "dvar": 0.985338687897,
        "dvar2": 2.09469294548,
        "max": 20.0315513611,
        "mean": 0.772958636284,
        "median": 0.634676575661,
        "min": -4.34589719772,
        "var": 2.37632250786
    },
    "barkbands_spread": {
        "dmean": 11.8810176849,
        "dmean2": 18.6889591217,
        "dvar": 177.39781189,
        "dvar2": 416.266845703,
        "max": 139.495697021,
        "mean": 45.4093360901,
        "median": 43.7215805054,
        "min": 0.125554054976,
        "var": 597.906433105
    },
    "dissonance": {
        "dmean": 0.0108980573714,
        "dmean2": 0.0187496524304,
        "dvar": 0.000142814446008,
        "dvar2": 0.000409000669606,
        "max": 0.500000059605,
        "mean": 0.483434587717,
        "median": 0.487922549248,
        "min": 0.386303424835,
        "var": 0.000240237539401
    },
    "dynamic_complexity": 2.27078056335,
    "erbbands_crest": {
        "dmean": 2.14039301872,
        "dmean2": 3.60464262962,
        "dvar": 5.03721761703,
        "dvar2": 12.8950433731,
        "max": 22.8814640045,
        "mean": 6.31661319733,
        "median": 5.40127801895,
        "min": 2.11678576469,
        "var": 9.57291793823
    },
    "erbbands_flatness_db": {
        "dmean": 0.0159402340651,
        "dmean2": 0.0246289521456,
        "dvar": 0.000261026172666,
        "dvar2": 0.0005692478735,
        "max": 0.360910862684,
        "mean": 0.120933063328,
        "median": 0.107282578945,
        "min": 0.0423638559878,
        "var": 0.00223744404502
    },
    "erbbands_kurtosis": {
        "dmean": 0.824535191059,
        "dmean2": 1.29185092449,
        "dvar": 1.27075648308,
        "dvar2": 2.96453094482,
        "max": 37.1200027466,
        "mean": 0.0535455606878,
        "median": -0.319490909576,
        "min": -1.83633756638,
        "var": 2.11585998535
    },
    "erbbands_skewness": {
        "dmean": 0.375691145658,
        "dmean2": 0.570964396,
        "dvar": 0.126025989652,
        "dvar2": 0.280631810427,
        "max": 5.62996482849,
        "mean": -0.240522503853,
        "median": -0.222659170628,
        "min": -2.84974694252,
        "var": 0.481987565756
    },
    "erbbands_spread": {
        "dmean": 11.6540765762,
        "dmean2": 17.6159667969,
        "dvar": 198.860977173,
        "dvar2": 414.559967041,
        "max": 170.455581665,
        "mean": 48.0690612793,
        "median": 44.3250350952,
        "min": 3.64551711082,
        "var": 547.263183594
    },
    "hfc": {
        "dmean": 41.0268325806,
        "dmean2": 65.9800033569,
        "dvar": 6014.60009766,
        "dvar2": 14565.9648438,
        "max": 690.452697754,
        "mean": 69.5470199585,
        "median": 44.7651290894,
        "min": 1.08305450902e-16,
        "var": 6883.91503906
    },
    "melbands_crest": {
        "dmean": 4.41402626038,
        "dmean2": 7.17421913147,
        "dvar": 17.7959327698,
        "dvar2": 43.3488426208,
        "max": 38.3679046631,
        "mean": 15.5187292099,
        "median": 14.7698383331,
        "min": 1.00436520576,
        "var": 58.5623397827
    },
    "melbands_flatness_db": {
        "dmean": 0.0354502797127,
        "dmean2": 0.0537387579679,
        "dvar": 0.0017157116672,
        "dvar2": 0.00372523441911,
        "max": 0.671690285206,
        "mean": 0.131533101201,
        "median": 0.11998231709,
        "min": 5.30664294729e-07,
        "var": 0.00510942703113
    },
    "melbands_kurtosis": {
        "dmean": 13.7006340027,
        "dmean2": 21.3375282288,
        "dvar": 1881.54467773,
        "dvar2": 4483.89941406,
        "max": 649.373474121,
        "mean": 15.7516326904,
        "median": 3.91418027878,
        "min": -1.87674319744,
        "var": 2183.37426758
    },
    "melbands_skewness": {
        "dmean": 1.14253222942,
        "dmean2": 1.70229363441,
        "dvar": 2.7545311451,
        "dvar2": 5.78281927109,
        "max": 20.1548862457,
        "mean": 2.62798380852,
        "median": 1.93416392803,
        "min": -2.540984869,
        "var": 6.54395198822
    },
    "melbands_spread": {
        "dmean": 21.4830303192,
        "dmean2": 33.3203659058,
        "dvar": 845.458374023,
        "dvar2": 1813.01330566,
        "max": 295.579498291,
        "mean": 54.3195343018,
        "median": 41.8638076782,
        "min": 0.29667571187,
        "var": 1915.44702148
    },
    "pitch_salience": {
        "dmean": 0.0964972004294,
        "dmean2": 0.154296845198,
        "dvar": 0.00945418328047,
        "dvar2": 0.0224085729569,
        "max": 0.997702181339,
        "mean": 0.5729367733,
        "median": 0.610468387604,
        "min": 0.0386823937297,
        "var": 0.0258138496429
    },
    "silence_rate_20dB": {
        "dmean": 0,
        "dmean2": 0,
        "dvar": 0,
        "dvar2": 0,
        "max": 1,
        "mean": 1,
        "median": 1,
        "min": 1,
        "var": 0
    },
    "silence_rate_30dB": {
        "dmean": 0,
        "dmean2": 0,
        "dvar": 0,
        "dvar2": 0,
        "max": 1,
        "mean": 1,
        "median": 1,
        "min": 1,
        "var": 0
    },
    "silence_rate_60dB": {
        "dmean": 0.0137028321624,
        "dmean2": 0.0274084676057,
        "dvar": 0.0135162901133,
        "dvar2": 0.0327922254801,
        "max": 1,
        "mean": 0.0426380373538,
        "median": 0,
        "min": 0,
        "var": 0.0408187359571
    },
    "spectral_centroid": {
        "dmean": 431.942779541,
        "dmean2": 646.99206543,
        "dvar": 222280.40625,
        "dvar2": 414490.90625,
        "max": 11780.2880859,
        "mean": 2564.27075195,
        "median": 2494.45996094,
        "min": 103.071754456,
        "var": 2343023.5
    },
    "spectral_complexity": {
        "dmean": 6.41394805908,
        "dmean2": 9.87379837036,
        "dvar": 46.9690361023,
        "dvar2": 102.582183838,
        "max": 64,
        "mean": 28.0501022339,
        "median": 29,
        "min": 0,
        "var": 200.500015259
    },
    "spectral_decrease": {
        "dmean": 2.1149733076e-09,
        "dmean2": 3.35684924302e-09,
        "dvar": 6.84961960912e-18,
        "dvar2": 1.72254373777e-17,
        "max": 2.08089050845e-28,
        "mean": -6.21822193736e-09,
        "median": -5.83152814926e-09,
        "min": -2.54677718914e-08,
        "var": 1.57376819084e-17
    },
    "spectral_energy": {
        "dmean": 0.0101360836998,
        "dmean2": 0.0161644332111,
        "dvar": 0.000142409000546,
        "dvar2": 0.000349987967638,
        "max": 0.107504889369,
        "mean": 0.0297771375626,
        "median": 0.0288713797927,
        "min": 9.8412367428e-21,
        "var": 0.000328621710651
    },
    "spectral_energyband_high": {
        "dmean": 0.00398275535554,
        "dmean2": 0.00634566880763,
        "dvar": 6.14177188254e-05,
        "dvar2": 0.000147122584167,
        "max": 0.0716684535146,
        "mean": 0.00628384854645,
        "median": 0.00345752062276,
        "min": 7.08542475536e-21,
        "var": 7.53733256715e-05
    },
    "spectral_energyband_low": {
        "dmean": 0.00497786235064,
        "dmean2": 0.00783686619252,
        "dvar": 6.32387673249e-05,
        "dvar2": 0.000162806361914,
        "max": 0.0913428962231,
        "mean": 0.0092541910708,
        "median": 0.00334583315998,
        "min": 8.04172616505e-24,
        "var": 0.000137013281346
    },
    "spectral_energyband_middle_high": {
        "dmean": 0.00288525735959,
        "dmean2": 0.0047775846906,
        "dvar": 1.75344775926e-05,
        "dvar2": 4.65129051008e-05,
        "max": 0.0555710978806,
        "mean": 0.00645089615136,
        "median": 0.00497449655086,
        "min": 1.04449566131e-21,
        "var": 3.22730702464e-05
    },
    "spectral_energyband_middle_low": {
        "dmean": 0.00598502438515,
        "dmean2": 0.00965071935207,
        "dvar": 0.000118076990475,
        "dvar2": 0.000291008473141,
        "max": 0.0862418115139,
        "mean": 0.00871774367988,
        "median": 0.00506087113172,
        "min": 1.34459435407e-22,
        "var": 0.000128930711071
    },
    "spectral_entropy": {
        "dmean": 0.147596240044,
        "dmean2": 0.226815402508,
        "dvar": 0.0323283597827,
        "dvar2": 0.070763476193,
        "max": 9.8241147995,
        "mean": 8.2074174881,
        "median": 8.30034828186,
        "min": 5.04165935516,
        "var": 0.214816465974
    },
    "spectral_flux": {
        "dmean": 0.0301418360323,
        "dmean2": 0.046588499099,
        "dvar": 0.00118893780746,
        "dvar2": 0.00218314444646,
        "max": 0.312975823879,
        "mean": 0.111987113953,
        "median": 0.104632660747,
        "min": 6.36062105763e-11,
        "var": 0.00322022801265
    },
    "spectral_kurtosis": {
        "dmean": 0.843148112297,
        "dmean2": 1.33912980556,
        "dvar": 1.40693187714,
        "dvar2": 3.94628405571,
        "max": 28.9720287323,
        "mean": 2.61027193069,
        "median": 1.8459353447,
        "min": -1.27141082287,
        "var": 7.20598888397
    },
    "spectral_rms": {
        "dmean": 0.000892252894118,
        "dmean2": 0.00139172980562,
        "dvar": 9.19668707411e-07,
        "dvar2": 2.14434089685e-06,
        "max": 0.0102412309498,
        "mean": 0.00506465183571,
        "median": 0.00530727766454,
        "min": 3.09858128739e-12,
        "var": 3.40020051226e-06
    },
    "spectral_rolloff": {
        "dmean": 1583.48242188,
        "dmean2": 2529.19384766,
        "dvar": 4063545,
        "dvar2": 8227925,
        "max": 19789.0136719,
        "mean": 4814.92822266,
        "median": 3832.91015625,
        "min": 43.06640625,
        "var": 14739242
    },
    "spectral_skewness": {
        "dmean": 0.157375752926,
        "dmean2": 0.238874524832,
        "dvar": 0.0255208965391,
        "dvar2": 0.0595499239862,
        "max": 3.62853217125,
        "mean": 1.21671044827,
        "median": 1.17040157318,
        "min": -0.0929581746459,
        "var": 0.197419196367
    },
    "spectral_spread": {
        "dmean": 780046.8125,
        "dmean2": 1174940,
        "dvar": 944723853312,
        "dvar2": 1.87382248243e+12,
        "max": 42967284,
        "mean": 7236763.5,
        "median": 6828083,
        "min": 1466818.875,
        "var": 2.73265763287e+13
    },
    "spectral_strongpeak": {
        "dmean": 0.613273024559,
        "dmean2": 1.08369219303,
        "dvar": 2.57774090767,
        "dvar2": 7.02418994904,
        "max": 19.3486824036,
        "mean": 0.789885163307,
        "median": 0.40826779604,
        "min": 0,
        "var": 2.01594471931
    },
    "zerocrossingrate": {
        "dmean": 0.0264334473759,
        "dmean2": 0.0312627851963,
        "dvar": 0.000922837352846,
        "dvar2": 0.00115966727026,
        "max": 0.8798828125,
        "mean": 0.147077053785,
        "median": 0.12890625,
        "min": 0.00341796875,
        "var": 0.00848913751543
    },
    "barkbands": {
        "dmean": [0.000303426728351, 0.00370907550678, 0.00153957377188, 0.00204639346339, 0.00302740046754, 0.000969617802184, 0.00064602564089, 0.000767464051023, 0.000818848900963, 0.000516102008987, 0.000566162983887, 0.000501149799675, 0.000496949942317, 0.000439181516413, 0.000390041357605, 0.000420184631366, 0.000358551624231, 0.000402660050895, 0.000474871194456, 0.00031470565591, 0.000366277410649, 0.000440495961811, 0.000689248088747, 0.000894345634151, 0.00115424674004, 0.000587968155742, 0.000113609843538],
        "dmean2": [0.000398795411456, 0.00548714026809, 0.00250333012082, 0.0034541587811, 0.00519927870482, 0.00166588567663, 0.0010845757788, 0.00129214057233, 0.00137018377427, 0.000869310111739, 0.000951067777351, 0.000841025728732, 0.000853850739077, 0.000721904390957, 0.000668850902002, 0.000707603583578, 0.000612329633441, 0.000678811920807, 0.00079598807497, 0.000519339286257, 0.000598659855314, 0.000696945760865, 0.00111910165288, 0.00141298829112, 0.00191322085448, 0.000977312098257, 0.000187727462617],
        "dvar": [3.46785270722e-07, 4.86785247631e-05, 1.39845215017e-05, 2.79748292087e-05, 6.18107806076e-05, 6.50107403999e-06, 1.70246789821e-06, 1.84402517789e-06, 1.90238279174e-06, 9.77521267487e-07, 1.23174720557e-06, 8.31115073652e-07, 6.38237793282e-07, 6.69952669341e-07, 4.72563840503e-07, 5.82002314786e-07, 3.23742938235e-07, 5.03611090608e-07, 6.05247123531e-07, 1.79693174118e-07, 2.56196528881e-07, 5.07685683715e-07, 1.67024222719e-06, 3.43293436345e-06, 8.37281004351e-06, 1.79744608886e-06, 4.37892921923e-08],
        "dvar2": [5.01551426169e-07, 0.000100223296613, 3.63924409612e-05, 7.48817037675e-05, 0.000162835640367, 1.79066373676e-05, 4.43995213573e-06, 4.84742349727e-06, 4.97284418088e-06, 2.3756315386e-06, 3.00397368846e-06, 2.16810144593e-06, 1.70452608472e-06, 1.60229603807e-06, 1.25165377085e-06, 1.54280007791e-06, 8.56794031279e-07, 1.34803792662e-06, 1.53815813064e-06, 4.62944456103e-07, 6.5501330937e-07, 1.25143390051e-06, 4.17876390202e-06, 7.87555291026e-06, 2.09012741834e-05, 4.44799661636e-06, 1.10240868878e-07],
        "max": [0.00655515119433, 0.0820566117764, 0.0375549197197, 0.044407017529, 0.0740176439285, 0.037457395345, 0.0183341447264, 0.0275269951671, 0.0150810973719, 0.0359029173851, 0.0421371795237, 0.0212718620896, 0.0131026366726, 0.0299427490681, 0.0146436514333, 0.0196232683957, 0.0120673011988, 0.0134320138022, 0.00823951978236, 0.00714684184641, 0.00768015393987, 0.00709900539368, 0.0122371176258, 0.0178965944797, 0.0271071624011, 0.0124131469056, 0.0019322282169],
        "mean": [0.000633077870589, 0.00622977688909, 0.00157397403382, 0.00177019310649, 0.00279325363226, 0.00113415147644, 0.000789809448179, 0.000957560201641, 0.0010627519805, 0.00062949990388, 0.000734768982511, 0.000673403672408, 0.000636693148408, 0.000582078529987, 0.000516074360348, 0.000601782812737, 0.000525815528817, 0.000632813200355, 0.000720103271306, 0.000629314163234, 0.000697039067745, 0.000780641217716, 0.000986923812889, 0.00131894485094, 0.00132061925251, 0.000692774832714, 0.000153277185746],
        "median": [3.49420151906e-05, 0.00121436652262, 0.000207665318158, 0.000364824896678, 0.000484577612951, 0.00036966719199, 0.000294052588288, 0.000356609351002, 0.000446949474281, 0.000297633116134, 0.00033754305332, 0.000325845147017, 0.000328398949932, 0.000341556500643, 0.000272865698207, 0.000350957096089, 0.000322213687468, 0.000386842351872, 0.000443561177235, 0.0004698826815, 0.00046815755195, 0.000432019936852, 0.000439105933765, 0.00056671036873, 0.000509075180162, 0.000270559219643, 4.11479995819e-05],
        "min": [1.92967247308e-25, 1.87825612166e-24, 8.0977582649e-25, 7.56100793726e-25, 1.26891629264e-24, 3.89140824697e-24, 4.55648228223e-24, 5.54565745382e-24, 1.18244325347e-23, 1.00156123444e-23, 1.00515560027e-23, 1.30621024413e-23, 2.2497484713e-23, 2.57635928971e-23, 3.7792041428e-23, 4.35177453393e-23, 6.81502931363e-23, 7.15251221304e-23, 1.11772818137e-22, 1.20908976e-22, 1.53209737735e-22, 3.01825957351e-22, 3.65677394005e-22, 4.79583001728e-22, 8.12947340391e-22, 1.23677839912e-21, 1.97718097996e-21],
        "var": [1.26397742406e-06, 8.80142542883e-05, 1.41237123898e-05, 2.11326041608e-05, 5.28122218384e-05, 6.10620418229e-06, 2.12199847738e-06, 2.48326546171e-06, 2.71113663075e-06, 1.21456787383e-06, 2.07182984013e-06, 1.13936857815e-06, 7.87500880506e-07, 7.8022588923e-07, 6.02021543727e-07, 8.18243165668e-07, 4.44501779384e-07, 7.66270488839e-07, 8.29560178772e-07, 3.78826371161e-07, 5.23217806858e-07, 9.22813171655e-07, 2.15388217839e-06, 4.3512090997e-06, 7.33687784304e-06, 1.67484211033e-06, 5.97068137154e-08]
    },
    "erbbands": {
        "dmean": [0.120216049254, 0.810604572296, 1.47504818439, 4.39057397842, 10.3100357056, 9.63285732269, 8.42176914215, 8.40105438232, 8.05050945282, 14.5802183151, 14.9627199173, 19.55834198, 16.5032138824, 16.3158912659, 24.0509319305, 18.8198623657, 22.8182983398, 19.5092544556, 21.410161972, 21.393705368, 19.3756961823, 20.3153629303, 20.6483631134, 25.3508434296, 18.8975009918, 14.9034957886, 15.1146888733, 14.3667201996, 15.3605928421, 19.9912548065, 19.5634899139, 16.2031402588, 18.0362873077, 14.3124980927, 6.72014904022, 3.23438405991, 0.932573974133, 0.211319252849, 0.0185523554683, 0.000336637109285],
        "dmean2": [0.170848935843, 1.2190349102, 2.37901258469, 7.17726516724, 17.7846164703, 17.3128395081, 15.120470047, 14.127954483, 13.6503419876, 24.1330833435, 25.5491409302, 32.8330574036, 27.7034282684, 27.566619873, 40.1760635376, 31.3626918793, 38.9431648254, 32.6000289917, 35.1431884766, 36.3816261292, 32.3516998291, 34.7168273926, 35.0750732422, 42.3795471191, 31.6044979095, 24.7237796783, 25.0941867828, 22.988489151, 24.9401016235, 32.165561676, 31.3717556, 25.3375740051, 28.9653816223, 23.6440830231, 11.0864620209, 5.40649986267, 1.542121768, 0.349048256874, 0.0304366126657, 0.000550897384528],
        "dvar": [0.0395119339228, 3.10295271873, 8.9497833252, 122.391448975, 699.36340332, 884.763366699, 822.203063965, 429.696990967, 299.980163574, 812.352905273, 731.722961426, 1236.58569336, 764.328491211, 1224.86340332, 1859.31384277, 1305.31604004, 1308.57592773, 1373.00280762, 1205.16247559, 1584.63000488, 1212.54724121, 1015.43963623, 1346.34729004, 1736.44396973, 734.611022949, 442.27947998, 468.084564209, 429.260345459, 635.939880371, 1381.60839844, 1195.6418457, 842.739807129, 1697.85290527, 1336.86889648, 238.14465332, 59.6652641296, 3.92492961884, 0.164246588945, 0.00120048620738, 4.28971617339e-07],
        "dvar2": [0.0756362974644, 6.42685413361, 21.8484573364, 300.215026855, 1877.84436035, 2463.81567383, 2358.73950195, 1120.6529541, 801.290100098, 2083.22851562, 1975.93554688, 3199.50976562, 1889.38244629, 2878.10253906, 4864.80126953, 3358.08666992, 3465.984375, 3379.79638672, 2899.14160156, 4259.87695312, 3169.39501953, 2744.91992188, 3615.60595703, 4541.86767578, 1924.77209473, 1168.03686523, 1236.6842041, 1089.56799316, 1665.82080078, 3523.36132812, 2852.3112793, 1932.37841797, 4006.04003906, 3305.56787109, 589.406555176, 149.923431396, 9.62244033813, 0.412896305323, 0.0029701187741, 1.05720175725e-06],
        "max": [2.91008138657, 22.0057144165, 35.3704872131, 84.2773284912, 214.288528442, 333.09777832, 355.60168457, 274.118682861, 272.221191406, 612.12677002, 358.177642822, 452.772705078, 400.831176758, 1404.09619141, 914.588500977, 1103.17468262, 629.99432373, 1571.19506836, 587.584838867, 1276.8215332, 745.91986084, 480.406158447, 683.194641113, 806.309020996, 327.764556885, 396.613098145, 345.014526367, 424.36416626, 282.648620605, 327.179260254, 340.881134033, 290.167999268, 393.294830322, 340.508789062, 151.805175781, 72.1738586426, 18.4114589691, 3.51601004601, 0.40373763442, 0.0062798038125],
        "mean": [0.238414347172, 1.12710428238, 1.87252187729, 4.29168653488, 9.21957397461, 8.01269340515, 7.51711893082, 10.466878891, 10.2787799835, 19.0591697693, 18.0100002289, 25.0677394867, 21.6279277802, 21.5352497101, 32.2466239929, 27.3995056152, 30.5292053223, 27.605550766, 30.7757282257, 30.2806491852, 30.41132164, 30.6163864136, 32.7963905334, 39.4747848511, 32.2562904358, 29.5987224579, 28.4181804657, 27.5133857727, 26.8580493927, 29.5553970337, 28.644405365, 25.7154598236, 23.3782215118, 16.4216346741, 7.92704916, 3.6215801239, 1.12144196033, 0.27989807725, 0.0250108279288, 0.000467516802019],
        "median": [0.0354140773416, 0.223553091288, 0.302719533443, 0.993804931641, 1.41730034351, 1.46921348572, 1.97788882256, 3.3599755764, 3.91736268997, 7.29145765305, 7.45611143112, 10.4889812469, 10.8526115417, 10.2027168274, 15.6189441681, 14.3866901398, 16.5280265808, 17.2308654785, 18.9929275513, 17.3612289429, 18.5930843353, 19.052066803, 19.8311882019, 23.0239982605, 23.7333221436, 22.0038566589, 19.4014549255, 18.1352043152, 15.3821029663, 14.4329891205, 12.5530166626, 11.0844612122, 9.26261997223, 6.1371717453, 3.241533041, 1.40111362934, 0.414190918207, 0.101163730025, 0.0065057631582, 0.000172521686181],
        "min": [8.80966285031e-23, 3.2415677942e-22, 1.85855508101e-21, 4.24955961763e-21, 1.28751122786e-20, 6.76196240073e-21, 3.43967160353e-20, 2.69619763e-20, 7.63821162571e-20, 1.05119262541e-19, 1.87668566027e-19, 3.00873919722e-19, 4.20149357396e-19, 6.43622462086e-19, 6.30072364773e-19, 7.5228778329e-19, 1.0647887605e-18, 1.65195319895e-18, 2.29751317652e-18, 2.90507195977e-18, 3.29384684767e-18, 4.09669097942e-18, 3.72983141467e-18, 4.81201981595e-18, 5.67330632593e-18, 5.25956505919e-18, 6.98694068979e-18, 8.07355326658e-18, 1.06484746964e-17, 1.06464902901e-17, 1.03917500943e-17, 1.0397652028e-17, 7.89511303766e-18, 7.23989665701e-18, 6.23570022055e-18, 3.78909807838e-18, 2.08112376225e-18, 9.33365994582e-19, 2.36066851969e-19, 2.72492163833e-20],
        "var": [0.120452918112, 4.56400966644, 13.8026666641, 112.65776825, 552.499145508, 602.927062988, 512.852905273, 536.103759766, 354.520233154, 1169.15478516, 822.881530762, 1672.3984375, 1031.02954102, 2104.98925781, 2730.8371582, 1896.85766602, 1664.49475098, 1641.41125488, 1635.44873047, 2055.58422852, 1839.10986328, 1368.28881836, 1901.83679199, 2906.12158203, 1071.25854492, 868.139282227, 875.245605469, 877.072387695, 1041.50256348, 1801.17199707, 1744.13867188, 1408.18408203, 1778.38378906, 1186.74462891, 220.870941162, 52.061882019, 3.91120839119, 0.192852348089, 0.00166793586686, 5.2157713526e-07]
    },
    "gfcc": {
        "mean": [27.0260868073, 14.3216352463, -105.015708923, 25.3481769562, -54.8546791077, 19.477180481, -34.0183372498, 14.5246744156, -24.8964824677, 7.27737665176, -17.1126422882, 2.71260619164, -14.9113893509],
        "cov": [[34674.359375, -600.000183105, -2014.60168457, 828.397460938, -1462.85229492, 715.907165527, -940.940185547, 424.442077637, -610.826538086, 201.03553772, -513.969665527, 205.40133667, -350.359924316], [-600.000183105, 1977.32202148, -528.800354004, -272.79876709, -73.3760986328, -373.650024414, -155.430557251, -233.303359985, -78.2572860718, -126.279556274, -33.4701194763, -146.431472778, -67.8078918457], [-2014.60168457, -528.800354004, 1532.46252441, 573.970153809, 400.067626953, 351.907470703, 220.453216553, 66.0536727905, 99.12084198, 62.8741493225, -25.2469997406, 25.0763683319, 46.7753944397], [828.397460938, -272.79876709, 573.970153809, 704.214233398, 226.216873169, 343.719177246, 146.779953003, 144.265319824, 35.6895980835, 66.2730560303, -12.3684282303, 23.3933410645, 17.6996231079], [-1462.85229492, -73.3760986328, 400.067626953, 226.216873169, 385.010040283, 186.727249146, 202.048706055, 77.996925354, 81.5657119751, 32.0546340942, 31.7311496735, 17.8906784058, 33.2531394958], [715.907165527, -373.650024414, 351.907470703, 343.719177246, 186.727249146, 395.957366943, 191.64402771, 159.505447388, 65.5191192627, 85.420463562, 11.2637929916, 50.5704307556, 33.9330253601], [-940.940185547, -155.430557251, 220.453216553, 146.779953003, 202.048706055, 191.64402771, 298.829193115, 188.958679199, 134.172241211, 92.6509399414, 78.6408538818, 62.9314727783, 52.1215896606], [424.442077637, -233.303359985, 66.0536727905, 144.265319824, 77.996925354, 159.505447388, 188.958679199, 280.176818848, 141.190567017, 121.137527466, 82.0462799072, 76.0410385132, 43.1349945068], [-610.826538086, -78.2572860718, 99.12084198, 35.6895980835, 81.5657119751, 65.5191192627, 134.172241211, 141.190567017, 179.752975464, 109.797935486, 86.1669769287, 61.6213569641, 42.7791137695], [201.03553772, -126.279556274, 62.8741493225, 66.2730560303, 32.0546340942, 85.420463562, 92.6509399414, 121.137527466, 109.797935486, 158.897323608, 91.8682556152, 71.9612045288, 35.7517089844], [-513.969665527, -33.4701194763, -25.2469997406, -12.3684282303, 31.7311496735, 11.2637929916, 78.6408538818, 82.0462799072, 86.1669769287, 91.8682556152, 146.225570679, 84.6689147949, 51.5086288452], [205.40133667, -146.431472778, 25.0763683319, 23.3933410645, 17.8906784058, 50.5704307556, 62.9314727783, 76.0410385132, 61.6213569641, 71.9612045288, 84.6689147949, 132.39263916, 61.9537010193], [-350.359924316, -67.8078918457, 46.7753944397, 17.6996231079, 33.2531394958, 33.9330253601, 52.1215896606, 43.1349945068, 42.7791137695, 35.7517089844, 51.5086288452, 61.9537010193, 90.256439209]],
        "icov": [[8.77009151736e-05, -4.64371514681e-05, 0.000116585542855, -0.000104556827864, 0.000202831390197, -0.000320296123391, 0.000399697979447, -0.000359166326234, 0.000298964761896, -0.000298860337352, 0.000469766440801, -0.000498783309013, 0.000303121982142], [-4.64371514681e-05, 0.00076801457908, 0.000228943841648, -0.000209652760532, -0.000349657348124, 0.000822452013381, -0.000495905347634, 0.000796170148533, -0.000480930670165, 0.000186283199582, -0.000429195526522, 0.000907674257178, -0.000179262497113], [0.000116585542855, 0.000228943841648, 0.00149241683539, -0.000999424839392, -0.00046771398047, -0.000336640019668, 0.000170363433426, 0.00068313383963, -0.000510666402988, -0.000629853224382, 0.00130882917438, -0.000612657051533, 8.62686574692e-05], [-0.000104556827864, -0.000209652760532, -0.000999424839392, 0.00345381791703, -0.000892679148819, -0.00173209735658, 0.000722391763702, -0.00131081603467, 0.00105665973388, -8.40544526e-05, -0.000518333516084, 0.000660658348352, -0.000158563212608], [0.000202831390197, -0.000349657348124, -0.00046771398047, -0.000892679148819, 0.00628619035706, -0.00173826201353, -0.0023830330465, 0.000726775615476, -0.000631325994618, 0.0011124414159, -0.000178111193236, -0.00036523010931, 0.000519370078109], [-0.000320296123391, 0.000822452013381, -0.000336640019668, -0.00173209735658, -0.00173826201353, 0.00842022430152, -0.00408865138888, 0.000614963762928, 0.000452855107142, -0.00132246711291, 0.000963610538747, 0.00096664839657, -0.00147358665708], [0.000399697979447, -0.000495905347634, 0.000170363433426, 0.000722391763702, -0.0023830330465, -0.00408865138888, 0.0125379255041, -0.00618691137061, -0.00046652671881, -0.000299321982311, 0.000335154589266, -0.00195157283451, 0.000568591814954], [-0.000359166326234, 0.000796170148533, 0.00068313383963, -0.00131081603467, 0.000726775615476, 0.000614963762928, -0.00618691137061, 0.0121845006943, -0.00581297976896, -0.000240101158852, -0.00180680130143, 0.00151635124348, -0.000801773217972], [0.000298964761896, -0.000480930670165, -0.000510666402988, 0.00105665973388, -0.000631325994618, 0.000452855107142, -0.00046652671881, -0.00581297976896, 0.0161656029522, -0.00711837643757, 0.000387153006159, -0.00147657538764, -8.32533914945e-05], [-0.000298860337352, 0.000186283199582, -0.000629853224382, -8.40544526e-05, 0.0011124414159, -0.00132246711291, -0.000299321982311, -0.000240101158852, -0.00711837643757, 0.0172292999923, -0.0079100811854, 0.000132242421387, 0.00067029701313], [0.000469766440801, -0.000429195526522, 0.00130882917438, -0.000518333516084, -0.000178111193236, 0.000963610538747, 0.000335154589266, -0.00180680130143, 0.000387153006159, -0.0079100811854, 0.0194945689291, -0.00877291057259, -0.000855976657476], [-0.000498783309013, 0.000907674257178, -0.000612657051533, 0.000660658348352, -0.00036523010931, 0.00096664839657, -0.00195157283451, 0.00151635124348, -0.00147657538764, 0.000132242421387, -0.00877291057259, 0.0192476790398, -0.00845073256642], [0.000303121982142, -0.000179262497113, 8.62686574692e-05, -0.000158563212608, 0.000519370078109, -0.00147358665708, 0.000568591814954, -0.000801773217972, -8.32533914945e-05, 0.00067029701313, -0.000855976657476, -0.00845073256642, 0.0185885950923]]
    },
    "melbands": {
        "dmean": [0.00102409743704, 0.000840414781123, 0.000896256184205, 0.000729401130229, 0.000318533013342, 0.000183371943422, 0.000122942001326, 0.000163351098308, 0.000125381280668, 0.00012562336633, 8.30024728202e-05, 6.71457164572e-05, 7.74594518589e-05, 5.8397770772e-05, 4.86906465085e-05, 5.34613973286e-05, 3.80093115382e-05, 3.74762312276e-05, 3.10127907142e-05, 3.27841189574e-05, 2.20366091526e-05, 2.20321780944e-05, 2.12222148548e-05, 1.92265997612e-05, 2.22899489017e-05, 1.85095796041e-05, 1.16603441711e-05, 1.05223534774e-05, 9.57722841122e-06, 9.76305000222e-06, 8.68507413543e-06, 9.09246864467e-06, 9.32264356379e-06, 1.29810841827e-05, 1.16362425615e-05, 1.09607053673e-05, 9.68850326899e-06, 1.18169755297e-05, 1.51227477545e-05, 1.15077591545e-05],
        "dmean2": [0.00149223743938, 0.00131408986636, 0.00143304385711, 0.00126556726173, 0.000574732956011, 0.000310216040816, 0.000207330362173, 0.00027114272234, 0.000214397601667, 0.000210046375287, 0.000139753246913, 0.000113506590424, 0.000129777676193, 9.85279984889e-05, 8.08731128927e-05, 9.19268204598e-05, 6.39614736428e-05, 6.14386080997e-05, 5.33707352588e-05, 5.58905994694e-05, 3.68229229935e-05, 3.767356975e-05, 3.64392763004e-05, 3.23648491758e-05, 3.73652219423e-05, 3.11594885716e-05, 1.93149771803e-05, 1.76372595888e-05, 1.59882365551e-05, 1.61654752446e-05, 1.39536059578e-05, 1.50507703438e-05, 1.4812988411e-05, 2.16003681999e-05, 1.88996946235e-05, 1.73538301169e-05, 1.52377569975e-05, 1.90399332496e-05, 2.48872402153e-05, 1.90867849597e-05],
        "dvar": [3.04281184071e-06, 2.83336680695e-06, 4.35965512224e-06, 3.70506359104e-06, 1.16549153972e-06, 2.03155337886e-07, 6.66011743533e-08, 9.95081421706e-08, 5.40646958314e-08, 5.19544549604e-08, 1.9816228658e-08, 2.11173354359e-08, 2.20178968391e-08, 1.01450581269e-08, 7.95703325451e-09, 7.6601445187e-09, 6.2288756375e-09, 3.98592581163e-09, 3.28268834338e-09, 3.71095421059e-09, 1.7756150994e-09, 1.17081122575e-09, 1.33257860302e-09, 1.4624522704e-09, 1.37094846586e-09, 9.95131754777e-10, 2.87791818154e-10, 2.20654022831e-10, 1.99357835795e-10, 1.86286847059e-10, 1.69731104172e-10, 2.29995134049e-10, 2.34049418735e-10, 7.77484687742e-10, 4.05011357785e-10, 4.02022831691e-10, 2.88181811747e-10, 6.44402309291e-10, 1.55975032889e-09, 8.09299627313e-10],
        "dvar2": [6.13493057244e-06, 6.40034431854e-06, 1.07297410068e-05, 9.92100467556e-06, 3.3353744584e-06, 5.42082887023e-07, 1.77408594482e-07, 2.55316962239e-07, 1.4612662369e-07, 1.3461199444e-07, 4.88779292596e-08, 5.0320320355e-08, 5.68310767335e-08, 2.62534491924e-08, 2.06675387915e-08, 2.04405363746e-08, 1.56427901743e-08, 9.27144405694e-09, 8.71692762416e-09, 1.00995087848e-08, 4.66458871529e-09, 3.12598746888e-09, 3.59204044287e-09, 3.95779187201e-09, 3.57734264433e-09, 2.52778109555e-09, 7.58694440606e-10, 5.8812449355e-10, 5.29929877757e-10, 4.79668360587e-10, 4.3312833875e-10, 6.21894369335e-10, 5.6694238193e-10, 2.0976134163e-09, 9.94498816631e-10, 9.53147227811e-10, 6.58632981487e-10, 1.513529857e-09, 3.88692278364e-09, 1.97869720608e-09],
        "max": [0.020809866488, 0.0196527950466, 0.0176243968308, 0.0166246928275, 0.012503513135, 0.00612813932821, 0.0034619756043, 0.00722933607176, 0.002811685903, 0.00291318399832, 0.00213969079778, 0.00592708401382, 0.00432041613385, 0.00212280265987, 0.00193276302889, 0.00112861406524, 0.00356862717308, 0.00114723958541, 0.00149543420412, 0.00188600213733, 0.000812798680272, 0.000621010607574, 0.000780988542829, 0.000815776351374, 0.000724442244973, 0.00036588544026, 0.000403659039875, 0.000272751261946, 0.000268023577519, 0.000234866951359, 0.000300981919281, 0.000166264959262, 0.000213171428186, 0.000261379376752, 0.000216143380385, 0.000205324977287, 0.000175700595719, 0.000254890823271, 0.000356660631951, 0.000263852271019],
        "mean": [0.00188994128257, 0.00119516195264, 0.000901266233996, 0.000649867928587, 0.000281457701931, 0.000228222692385, 0.000156718684593, 0.000213614926906, 0.000145301048178, 0.000160434094141, 0.000105005259684, 8.36665494717e-05, 0.000102069236164, 8.02387585281e-05, 6.61279264023e-05, 6.64472172502e-05, 4.9563961511e-05, 5.10504614795e-05, 3.97050644096e-05, 4.43416429334e-05, 3.30533257511e-05, 3.14078388328e-05, 2.98202030535e-05, 2.96291309496e-05, 3.26872359437e-05, 2.60334109043e-05, 2.10988146137e-05, 1.92674015125e-05, 1.73688786163e-05, 1.67348953255e-05, 1.57830727403e-05, 1.48770404849e-05, 1.54073786689e-05, 1.69708055182e-05, 1.64165903698e-05, 1.61308726092e-05, 1.5245393115e-05, 1.55646539497e-05, 1.68826481968e-05, 1.30060643642e-05],
        "median": [0.000335494900355, 0.000241218469455, 0.000217457258259, 0.000103946906165, 7.3467992479e-05, 7.43819982745e-05, 6.10736606177e-05, 8.00764173619e-05, 5.55625811103e-05, 6.56035917928e-05, 5.09869387315e-05, 3.64273655578e-05, 4.85435666633e-05, 4.09811400459e-05, 3.21697152685e-05, 3.22659107042e-05, 2.94327765005e-05, 2.92897566396e-05, 2.00097329071e-05, 2.4281853257e-05, 1.9287741452e-05, 1.86525176105e-05, 1.70231505763e-05, 1.74040014826e-05, 1.76049634319e-05, 1.56692949531e-05, 1.58981965797e-05, 1.35668324219e-05, 1.16654209705e-05, 1.07857431431e-05, 9.87400289887e-06, 8.29100099509e-06, 8.13623228169e-06, 7.42109477869e-06, 6.99606698618e-06, 6.74349030305e-06, 6.51530444884e-06, 6.3475395109e-06, 5.74794466957e-06, 4.74417083751e-06],
        "min": [8.99867341044e-25, 9.56163906507e-25, 1.3525343653e-24, 4.63843112522e-25, 7.77641281693e-25, 6.9154672813e-25, 1.15775474704e-24, 9.51516332484e-25, 1.47024227312e-24, 1.58346590112e-24, 2.03086264428e-24, 1.62160081779e-24, 1.93071418856e-24, 2.36914099158e-24, 1.59521933697e-24, 2.64353955214e-24, 2.94037114748e-24, 3.21888184273e-24, 3.11116249169e-24, 3.18173359384e-24, 3.67390194046e-24, 3.32942492138e-24, 4.10135411056e-24, 2.89571116784e-24, 3.54310485807e-24, 4.33155673891e-24, 3.36839228351e-24, 2.58180428378e-24, 3.93510719681e-24, 4.08180889834e-24, 4.61166744129e-24, 4.88235796117e-24, 5.04889241471e-24, 4.86651368988e-24, 4.53836530268e-24, 5.31774370539e-24, 5.52568191798e-24, 4.59840787276e-24, 6.3577321689e-24, 5.22414378127e-24],
        "var": [7.08635070623e-06, 4.87841725771e-06, 4.08747973779e-06, 2.98996064885e-06, 7.20714410818e-07, 2.36547862187e-07, 7.9611410797e-08, 1.44983417272e-07, 5.86590189755e-08, 7.12672090231e-08, 2.58596291047e-08, 3.40287833467e-08, 3.45562334303e-08, 1.41160336753e-08, 1.12060050128e-08, 9.12838338252e-09, 6.63761223763e-09, 5.19297138624e-09, 3.93145471733e-09, 4.83948747743e-09, 2.51189269385e-09, 1.55921253686e-09, 1.7439663047e-09, 1.96482985437e-09, 2.23220575357e-09, 1.19206489124e-09, 4.62534177625e-10, 4.13501344276e-10, 3.55175111544e-10, 3.2373087544e-10, 3.25402954582e-10, 3.36108918475e-10, 4.07711725492e-10, 7.6362693946e-10, 5.64142454973e-10, 6.20615947522e-10, 4.89586038377e-10, 7.12792824764e-10, 1.35835431792e-09, 7.33796468033e-10]
    },
    "mfcc": {
        "mean": [-607.580505371, 58.5959854126, 2.00248098373, 11.0259370804, 3.17127561569, 4.27976036072, 4.61333179474, 4.37183618546, 1.02557635307, 3.80467557907, 1.27512133121, 1.3750629425, -0.591248035431],
        "cov": [[9933.41796875, -37.7327575684, 413.019348145, 43.3996391296, 111.914520264, 81.1114501953, -19.6492214203, 112.515083313, 45.3310852051, 15.5797815323, -1.3322404623, -13.8470115662, -20.1097640991], [-37.7327575684, 1817.40856934, -501.427490234, -67.9277038574, -199.288787842, -200.357955933, -231.404891968, -191.110961914, -224.012069702, -92.430015564, -77.0681152344, -112.396522522, -111.1902771], [413.019348145, -501.427490234, 991.148803711, 326.944244385, 312.137969971, 301.443908691, 189.713348389, 111.65448761, 166.753005981, 76.430557251, 53.9383125305, 30.8129482269, 0.225717484951], [43.3996391296, -67.9277038574, 326.944244385, 367.582611084, 194.288391113, 157.282241821, 130.115188599, 90.2196273804, 90.8053970337, 58.8041725159, 39.426158905, 33.6508483887, 13.4075345993], [111.914520264, -199.288787842, 312.137969971, 194.288391113, 275.244750977, 191.547393799, 132.804885864, 92.3035430908, 93.8391036987, 50.0887870789, 26.7521324158, 20.3065891266, 5.64582872391], [81.1114501953, -200.357955933, 301.443908691, 157.282241821, 191.547393799, 292.608001709, 165.957519531, 102.92729187, 103.968986511, 54.1527175903, 27.2418422699, 31.0085544586, 11.2514734268], [-19.6492214203, -231.404891968, 189.713348389, 130.115188599, 132.804885864, 165.957519531, 240.559127808, 142.963897705, 134.223724365, 79.6483764648, 57.5774612427, 65.9082183838, 52.9353256226], [112.515083313, -191.110961914, 111.65448761, 90.2196273804, 92.3035430908, 102.92729187, 142.963897705, 188.50189209, 133.529205322, 79.6530990601, 60.4479446411, 62.413269043, 59.4761238098], [45.3310852051, -224.012069702, 166.753005981, 90.8053970337, 93.8391036987, 103.968986511, 134.223724365, 133.529205322, 192.946792603, 108.696327209, 75.7079849243, 71.621673584, 55.9186019897], [15.5797815323, -92.430015564, 76.430557251, 58.8041725159, 50.0887870789, 54.1527175903, 79.6483764648, 79.6530990601, 108.696327209, 132.084945679, 81.0785980225, 60.5152549744, 40.7766685486], [-1.3322404623, -77.0681152344, 53.9383125305, 39.426158905, 26.7521324158, 27.2418422699, 57.5774612427, 60.4479446411, 75.7079849243, 81.0785980225, 117.25730896, 80.3473739624, 56.4479484558], [-13.8470115662, -112.396522522, 30.8129482269, 33.6508483887, 20.3065891266, 31.0085544586, 65.9082183838, 62.413269043, 71.621673584, 60.5152549744, 80.3473739624, 137.498886108, 100.247444153], [-20.1097640991, -111.1902771, 0.225717484951, 13.4075345993, 5.64582872391, 11.2514734268, 52.9353256226, 59.4761238098, 55.9186019897, 40.7766685486, 56.4479484558, 100.247444153, 144.151901245]],
