{
"lowlevel": {
    "average_loudness": 0.911551833153,
    "barkbands_crest": {
        "dmean": 3.09389925003,
        "dmean2": 4.97540569305,
        "dvar": 8.90672016144,
        "dvar2": 21.9829044342,
        "max": 26.8326702118,
        "mean": 10.9565229416,
        "median": 9.91893959045,
        "min": 2.12972736359,
        "var": 28.3928813934
    },
    "barkbands_flatness_db": {
        "dmean": 0.0250874608755,
        "dmean2": 0.0393469892442,
        "dvar": 0.000917020312045,
        "dvar2": 0.00203551445156,
        "max": 0.740291059017,
        "mean": 0.110006354749,
        "median": 0.0831414163113,
        "min": 0.0131519520655,
        "var": 0.00808716844767
    },
    "barkbands_kurtosis": {
        "dmean": 3.36367750168,
        "dmean2": 5.57229042053,
        "dvar": 210.892364502,
        "dvar2": 557.45501709,
        "max": 437.003295898,
        "mean": 3.24437189102,
        "median": -0.102167010307,
        "min": -1.8394690752,
        "var": 279.980194092
    },
    "barkbands_skewness": {
        "dmean": 0.607623457909,
        "dmean2": 0.987866938114,
        "dvar": 0.798181951046,
        "dvar2": 1.97060275078,
        "max": 15.5866794586,
        "mean": 1.14228725433,
        "median": 0.839515686035,
        "min": -8.06591415405,
        "var": 1.90279614925
    },
    "barkbands_spread": {
        "dmean": 7.31999588013,
        "dmean2": 11.8485479355,
        "dvar": 62.372543335,
        "dvar2": 159.340866089,
        "max": 96.8790054321,
        "mean": 35.8886184692,
        "median": 36.7775382996,
        "min": 0.0510323867202,
        "var": 308.585784912
    },
    "dissonance": {
        "dmean": 0.0176201518625,
        "dmean2": 0.0303441733122,
        "dvar": 0.000627461064141,
        "dvar2": 0.00177153665572,
        "max": 0.500000059605,
        "mean": 0.471050739288,
        "median": 0.484038263559,
        "min": 0.0618414208293,
        "var": 0.00194832368288
    },
    "dynamic_complexity": 3.38812065125,
    "erbbands_crest": {
        "dmean": 2.72371506691,
        "dmean2": 4.45955657959,
        "dvar": 7.60726070404,
        "dvar2": 18.3525791168,
        "max": 34.2108573914,
        "mean": 9.28939151764,
        "median": 7.35922670364,
        "min": 2.19325947762,
        "var": 35.5519638062
    },
    "erbbands_flatness_db": {
        "dmean": 0.0160633791238,
        "dmean2": 0.0246945749968,
        "dvar": 0.000319750717608,
        "dvar2": 0.00069341348717,
        "max": 0.668163657188,
        "mean": 0.140608072281,
        "median": 0.115462213755,
        "min": 0.0409181714058,
        "var": 0.00630445359275
    },
    "erbbands_kurtosis": {
        "dmean": 1.12932837009,
        "dmean2": 1.86205375195,
        "dvar": 13.7843446732,
        "dvar2": 34.3231811523,
        "max": 115.244606018,
        "mean": 1.001978755,
        "median": -0.131858229637,
        "min": -1.90469074249,
        "var": 34.8298606873
    },
    "erbbands_skewness": {
        "dmean": 0.365481585264,
        "dmean2": 0.584149479866,
        "dvar": 0.211007997394,
        "dvar2": 0.500072836876,
        "max": 9.85392665863,
        "mean": 0.225110352039,
        "median": 0.101640827954,
        "min": -8.2914686203,
        "var": 0.806223928928
    },
    "erbbands_spread": {
        "dmean": 8.5411901474,
        "dmean2": 13.9785032272,
        "dvar": 122.118095398,
        "dvar2": 320.001220703,
        "max": 186.852920532,
        "mean": 39.4103507996,
        "median": 38.5497550964,
        "min": 0.218396440148,
        "var": 342.696716309
    },
    "hfc": {
        "dmean": 9.83001232147,
        "dmean2": 16.0186061859,
        "dvar": 177.556427002,
        "dvar2": 454.981079102,
        "max": 199.229995728,
        "mean": 40.6531219482,
        "median": 37.7727813721,
        "min": 1.06340989591e-16,
        "var": 878.440734863
    },
    "melbands_crest": {
        "dmean": 4.26199197769,
        "dmean2": 6.99717140198,
        "dvar": 16.868221283,
        "dvar2": 42.5843696594,
        "max": 39.7713432312,
        "mean": 16.0681190491,
        "median": 15.4896717072,
        "min": 1.69429194927,
        "var": 47.2430534363
    },
    "melbands_flatness_db": {
        "dmean": 0.0333814769983,
        "dmean2": 0.0526602678001,
        "dvar": 0.00155625294428,
        "dvar2": 0.00357779162005,
        "max": 0.889768540859,
        "mean": 0.167630732059,
        "median": 0.138706535101,
        "min": 0.00351854041219,
        "var": 0.011366575025
    },
    "melbands_kurtosis": {
        "dmean": 13.4333810806,
        "dmean2": 22.1796741486,
        "dvar": 26650.9023438,
        "dvar2": 66689.9765625,
        "max": 11153.1826172,
        "mean": 16.1521110535,
        "median": 4.46190452576,
        "min": -1.91170167923,
        "var": 22277.5957031
    },
    "melbands_skewness": {
        "dmean": 0.961570501328,
        "dmean2": 1.56144845486,
        "dvar": 3.03989124298,
        "dvar2": 7.57673311234,
        "max": 63.5879554749,
        "mean": 2.51103496552,
        "median": 1.9682571888,
        "min": -5.39983654022,
        "var": 5.70173931122
    },
    "melbands_spread": {
        "dmean": 11.073554039,
        "dmean2": 18.405921936,
        "dvar": 174.200149536,
        "dvar2": 456.331481934,
        "max": 176.310546875,
        "mean": 37.0259399414,
        "median": 35.8820495605,
        "min": 0.0196670256555,
        "var": 514.548278809
    },
    "pitch_salience": {
        "dmean": 0.0951603800058,
        "dmean2": 0.150131225586,
        "dvar": 0.00881465524435,
        "dvar2": 0.0216364860535,
        "max": 0.960306823254,
        "mean": 0.512274980545,
        "median": 0.520864129066,
        "min": 0.00680596660823,
        "var": 0.0228260755539
    },
    "silence_rate_20dB": {
        "dmean": 0,
        "dmean2": 0,
        "dvar": 0,
        "dvar2": 0,
        "max": 1,
        "mean": 1,
        "median": 1,
        "min": 1,
        "var": 0
    },
    "silence_rate_30dB": {
        "dmean": 0,
        "dmean2": 0,
        "dvar": 0,
        "dvar2": 0,
        "max": 1,
        "mean": 1,
        "median": 1,
        "min": 1,
        "var": 0
    },
    "silence_rate_60dB": {
        "dmean": 0.0115280551836,
        "dmean2": 0.0230588242412,
        "dvar": 0.0113939093426,
        "dvar2": 0.0251174662262,
        "max": 1,
        "mean": 0.0968007519841,
        "median": 0,
        "min": 0,
        "var": 0.0874404013157
    },
    "spectral_centroid": {
        "dmean": 319.449310303,
        "dmean2": 525.328613281,
        "dvar": 152892.6875,
        "dvar2": 387452.59375,
        "max": 11712.2949219,
        "mean": 2063.16601562,
        "median": 2144.89697266,
        "min": 39.3444137573,
        "var": 1000315.4375
    },
    "spectral_complexity": {
        "dmean": 5.32949066162,
        "dmean2": 8.39858818054,
        "dvar": 33.5038642883,
        "dvar2": 72.7142791748,
        "max": 61,
        "mean": 27.2172431946,
        "median": 29,
        "min": 0,
        "var": 237.39743042
    },
    "spectral_decrease": {
        "dmean": 1.84020076954e-09,
        "dmean2": 3.07804692845e-09,
        "dvar": 4.94515370836e-18,
        "dvar2": 1.37154321059e-17,
        "max": 2.2214034683e-28,
        "mean": -7.4698842667e-09,
        "median": -7.36411864821e-09,
        "min": -2.73496105763e-08,
        "var": 2.23261457089e-17
    },
    "spectral_energy": {
        "dmean": 0.00711366347969,
        "dmean2": 0.0118689453229,
        "dvar": 7.21464675735e-05,
        "dvar2": 0.000199711226742,
        "max": 0.103909417987,
        "mean": 0.0318804048002,
        "median": 0.0323010012507,
        "min": 1.00744677482e-20,
        "var": 0.000377313204808
    },
    "spectral_energyband_high": {
        "dmean": 0.000867440598086,
        "dmean2": 0.00140606507193,
        "dvar": 1.57496401698e-06,
        "dvar2": 4.04112279284e-06,
        "max": 0.0215191524476,
        "mean": 0.00295317661949,
        "median": 0.00245906575583,
        "min": 7.03443278644e-21,
        "var": 6.67429912937e-06
    },
    "spectral_energyband_low": {
        "dmean": 0.00638965470716,
        "dmean2": 0.00979995913804,
        "dvar": 7.86208329373e-05,
        "dvar2": 0.000180074071977,
        "max": 0.100349374115,
        "mean": 0.0136836953461,
        "median": 0.00866712350398,
        "min": 1.86628050314e-23,
        "var": 0.000227977114264
    },
    "spectral_energyband_middle_high": {
        "dmean": 0.00274322112091,
        "dmean2": 0.00447563827038,
        "dvar": 1.16179735414e-05,
        "dvar2": 2.99538787658e-05,
        "max": 0.0665752366185,
        "mean": 0.00891007389873,
        "median": 0.00783553719521,
        "min": 1.13323794407e-21,
        "var": 5.02498623973e-05
    },
    "spectral_energyband_middle_low": {
        "dmean": 0.00442546932027,
        "dmean2": 0.00749470666051,
        "dvar": 5.76531165279e-05,
        "dvar2": 0.000153736837092,
        "max": 0.0713966488838,
        "mean": 0.00698768254369,
        "median": 0.00496913166717,
        "min": 1.52256591813e-22,
        "var": 5.67725874134e-05
    },
    "spectral_entropy": {
        "dmean": 0.149935290217,
        "dmean2": 0.239104390144,
        "dvar": 0.0505266748369,
        "dvar2": 0.119397975504,
        "max": 9.82664012909,
        "mean": 7.88376092911,
        "median": 8.12520885468,
        "min": 2.98724412918,
        "var": 0.57824587822
    },
    "spectral_flux": {
        "dmean": 0.0260786358267,
        "dmean2": 0.0431281365454,
        "dvar": 0.000796631735284,
        "dvar2": 0.00199099839665,
        "max": 0.30001232028,
        "mean": 0.10210416466,
        "median": 0.105018541217,
        "min": 6.44585218534e-11,
        "var": 0.00279944087379
    },
    "spectral_kurtosis": {
        "dmean": 2.32629752159,
        "dmean2": 3.76054859161,
        "dvar": 159.278305054,
        "dvar2": 413.828704834,
        "max": 497.209228516,
        "mean": 7.5488114357,
        "median": 2.41578698158,
        "min": -1.25792193413,
        "var": 990.430847168
    },
    "spectral_rms": {
        "dmean": 0.00060316931922,
        "dmean2": 0.000995960319415,
        "dvar": 4.6190226044e-07,
        "dvar2": 1.25317365018e-06,
        "max": 0.0100685171783,
        "mean": 0.00515820179135,
        "median": 0.00561365950853,
        "min": 3.13508355561e-12,
        "var": 4.49572780781e-06
    },
    "spectral_rolloff": {
        "dmean": 861.538452148,
        "dmean2": 1466.74328613,
        "dvar": 1236223.625,
        "dvar2": 3218308.25,
        "max": 19487.5488281,
        "mean": 2583.00170898,
        "median": 2217.91992188,
        "min": 21.533203125,
        "var": 4882670
    },
    "spectral_skewness": {
        "dmean": 0.200959831476,
        "dmean2": 0.327120482922,
        "dvar": 0.222776696086,
        "dvar2": 0.576540529728,
        "max": 19.5035305023,
        "mean": 1.57547938824,
        "median": 1.27138316631,
        "min": -0.0754302442074,
        "var": 2.17206716537
    },
    "spectral_spread": {
        "dmean": 479510.15625,
        "dmean2": 754044.5625,
        "dvar": 467732791296,
        "dvar2": 989356883968,
        "max": 42203316,
        "mean": 5781241.5,
        "median": 5814830,
        "min": 177350.21875,
        "var": 1.0441002582e+13
    },
    "spectral_strongpeak": {
        "dmean": 0.580025672913,
        "dmean2": 1.02313625813,
        "dvar": 1.30654144287,
        "dvar2": 3.36878752708,
        "max": 11.7599658966,
        "mean": 0.924561321735,
        "median": 0.399862021208,
        "min": 0,
        "var": 2.04861879349
    },
    "zerocrossingrate": {
        "dmean": 0.012633969076,
        "dmean2": 0.0158019308001,
        "dvar": 0.000192575171241,
        "dvar2": 0.000271695957053,
        "max": 0.86962890625,
        "mean": 0.0948507264256,
        "median": 0.0908203125,
        "min": 0.0009765625,
        "var": 0.00397411547601
    },
    "barkbands": {
        "dmean": [0.000440601230366, 0.00563373602927, 0.00154321209993, 0.00128911796492, 0.00178580440115, 0.000997225986794, 0.000798203691375, 0.00059032230638, 0.00072632858064, 0.000791170401499, 0.000643121893518, 0.000657995289657, 0.000598025857471, 0.000584106659517, 0.000510504411068, 0.00035206094617, 0.000469984428491, 0.000307901238557, 0.000306898960844, 0.000258449348621, 0.00026338614407, 0.000207630771911, 0.000195409651496, 0.00017535914958, 0.000135585753014, 7.01082390151e-05, 1.80037732207e-05],
        "dmean2": [0.000625833694357, 0.00877789128572, 0.002496114932, 0.00229378719814, 0.00324775232002, 0.00173283950426, 0.00135923817288, 0.000993792084046, 0.00120285188314, 0.00127692357637, 0.0010420831386, 0.00107167440001, 0.000973327201791, 0.000959560275078, 0.000843364570756, 0.000589529401623, 0.000806746131275, 0.000508947414346, 0.000514481391292, 0.000426993065048, 0.000442988297436, 0.000346022890881, 0.000321481900755, 0.000286866154056, 0.000219115390792, 0.000111358043796, 2.93581688311e-05],
        "dvar": [8.12863675037e-07, 7.43818818592e-05, 6.76228182783e-06, 8.42694225867e-06, 1.80295810424e-05, 5.38578933629e-06, 6.6452585088e-06, 1.29779721192e-06, 1.58343345902e-06, 1.90896730601e-06, 1.83418808319e-06, 1.64199059327e-06, 1.48411186274e-06, 1.19595608794e-06, 9.19656429232e-07, 3.07577892045e-07, 6.37241726054e-07, 2.28614396747e-07, 2.10080401075e-07, 1.27127677274e-07, 1.5087279337e-07, 7.51830597778e-08, 8.8005641885e-08, 6.02231438052e-08, 3.66959262976e-08, 1.26923467292e-08, 8.52270198859e-10],
        "dvar2": [1.74598824287e-06, 0.000168117330759, 1.64357315953e-05, 2.33565260714e-05, 5.17859843967e-05, 1.37945653478e-05, 1.79409089469e-05, 3.49379774889e-06, 3.87038699046e-06, 4.18807258029e-06, 4.28037174061e-06, 3.75179820367e-06, 3.24180155076e-06, 2.73163982456e-06, 2.14673309529e-06, 7.88147929143e-07, 1.70169812463e-06, 5.54991515855e-07, 5.47639274373e-07, 3.33996069912e-07, 4.09209462759e-07, 1.96153948195e-07, 2.36666238607e-07, 1.53184714691e-07, 9.102383558e-08, 3.08602317034e-08, 2.17138862446e-09],
        "max": [0.0130352750421, 0.0872687548399, 0.0403028950095, 0.0247107483447, 0.0355457402766, 0.0367135368288, 0.0582077950239, 0.0265685319901, 0.0235151015222, 0.0294842068106, 0.0331781134009, 0.0253305360675, 0.0276322606951, 0.0281241033226, 0.0226984787732, 0.00942675024271, 0.0183627512306, 0.0114215658978, 0.0112608866766, 0.00557061750442, 0.00604408700019, 0.00443849200383, 0.00736673735082, 0.00444742571563, 0.00299731502309, 0.00170401483774, 0.00043066390208],
        "mean": [0.000596840982325, 0.0107039883733, 0.00190147536341, 0.00108982389793, 0.00158284767531, 0.00110075960401, 0.000987555948086, 0.000800583802629, 0.00110701064114, 0.00136977015063, 0.00105434190482, 0.00111426413059, 0.000995364156552, 0.000947174907196, 0.000832303601783, 0.000571529439185, 0.000709699350409, 0.000578258768655, 0.000607109279372, 0.000571586133447, 0.00059459550539, 0.000506116892211, 0.000504728115629, 0.000471547187772, 0.000364436942618, 0.00018302819808, 3.36718876497e-05],
        "median": [7.18594383216e-05, 0.00479641370475, 0.00061867327895, 0.000266648217803, 0.000604617875069, 0.000495173153467, 0.000434855406638, 0.000357201410225, 0.000501209171489, 0.000512750004418, 0.000318341597449, 0.000380632991437, 0.000379689969122, 0.000432650296716, 0.000433509063441, 0.000343099818565, 0.000411522458307, 0.000380365992896, 0.000432558183093, 0.000420483469497, 0.000485675496748, 0.000413165602367, 0.000383254839107, 0.000329052680172, 0.00025484804064, 0.000126771963551, 1.70370931301e-05],
        "min": [4.35579557491e-25, 5.96804513692e-24, 7.66925543068e-25, 1.38498958205e-24, 7.60141004017e-24, 7.28489222372e-24, 1.09236362114e-23, 1.0349698882e-23, 1.99406161252e-23, 1.84840333731e-23, 1.85337237215e-23, 2.81721382797e-23, 3.2288619587e-23, 2.68546143503e-23, 4.49875004909e-23, 5.9553470007e-23, 5.52427111914e-23, 1.12683100512e-22, 1.12935018509e-22, 1.39719623032e-22, 2.46273716073e-22, 3.30219219653e-22, 3.08890364529e-22, 6.16050940109e-22, 7.98076214233e-22, 1.26834697172e-21, 2.02038137602e-21],
        "var": [1.4938766526e-06, 0.000191151324543, 9.97447841655e-06, 6.01531564826e-06, 1.15223219836e-05, 4.80652533952e-06, 5.35178833161e-06, 1.90422429114e-06, 3.19094556289e-06, 6.42848544885e-06, 5.15695182912e-06, 5.01524255014e-06, 4.0381164581e-06, 3.23092126564e-06, 2.32888919527e-06, 5.46374735677e-07, 9.43729901337e-07, 5.07595643739e-07, 4.4801387844e-07, 3.5268013221e-07, 3.27786182197e-07, 2.32743943229e-07, 2.55461543475e-07, 2.33312761111e-07, 1.40268554105e-07, 4.08106508587e-08, 2.01434291469e-09]
    },
    "erbbands": {
        "dmean": [0.214929744601, 1.25667965412, 2.08833265305, 2.75081825256, 5.61440706253, 6.02181243896, 6.3927989006, 8.86692619324, 10.8551425934, 11.8307857513, 13.6784076691, 15.8574342728, 19.1070365906, 26.44739151, 25.0102672577, 26.4247398376, 26.3819484711, 27.4197216034, 27.7671337128, 22.8709125519, 21.0534591675, 22.4758796692, 16.0011234283, 15.5140256882, 14.5445671082, 13.0388555527, 11.0806903839, 10.1360673904, 7.74515295029, 6.71252584457, 5.53409910202, 4.06084823608, 2.92751836777, 1.77369022369, 0.888352334499, 0.375105470419, 0.126100540161, 0.0288190040737, 0.0029432720039, 4.50318402727e-05],
        "dmean2": [0.312608212233, 1.95599281788, 3.22691249847, 4.77831840515, 10.0510492325, 10.9951305389, 11.3491353989, 15.5321969986, 18.8432178497, 19.7669181824, 22.8827114105, 26.3546867371, 31.1738681793, 42.7369842529, 39.88123703, 42.8073768616, 42.5475120544, 44.5384216309, 45.7544593811, 37.4464454651, 35.1415557861, 38.8741264343, 26.5514087677, 25.9750823975, 24.203125, 21.5490264893, 18.2624340057, 17.2277412415, 12.8543977737, 11.1975383759, 9.08646678925, 6.67658042908, 4.8120508194, 2.8932197094, 1.4363900423, 0.601946592331, 0.201122000813, 0.0462370179594, 0.00479966076091, 7.23756893422e-05],
        "dvar": [0.125214889646, 3.78783893585, 10.5910778046, 29.6194934845, 200.492767334, 187.932678223, 141.092468262, 631.411193848, 1362.17199707, 954.779602051, 700.843322754, 767.760437012, 1102.42443848, 2343.41479492, 2348.38378906, 2584.51367188, 3228.40039062, 2526.71069336, 3011.21508789, 1861.46801758, 1134.63830566, 1368.7767334, 550.704467773, 469.828430176, 594.139221191, 359.521270752, 296.040100098, 217.65447998, 110.12121582, 89.071182251, 73.1004638672, 34.728099823, 16.609582901, 6.61231231689, 1.60380101204, 0.343321979046, 0.0418770164251, 0.00211527012289, 2.43037338805e-05, 4.83887019342e-09],
        "dvar2": [0.26383331418, 8.03395652771, 25.1538047791, 80.9833831787, 562.084899902, 540.989685059, 395.973388672, 1647.55517578, 3682.65869141, 2553.02441406, 1938.28649902, 1960.2947998, 2575.12084961, 5147.72900391, 5302.77880859, 5960.08984375, 6994.51660156, 5742.81103516, 6802.67773438, 4324.88037109, 2903.08544922, 3752.0559082, 1372.48364258, 1225.28466797, 1529.26098633, 953.006530762, 790.209594727, 594.660766602, 287.08807373, 236.544906616, 194.054626465, 90.733833313, 42.1593666077, 16.5481185913, 4.06063318253, 0.825384676456, 0.103698626161, 0.00529701076448, 6.32967930869e-05, 1.24063594953e-08],
        "max": [4.70269298553, 17.8895244598, 35.3770637512, 46.4928207397, 109.067016602, 128.057495117, 119.797996521, 434.116973877, 813.970458984, 741.211364746, 707.993713379, 472.726928711, 649.588928223, 1137.13439941, 971.432434082, 1274.70166016, 1429.98376465, 1069.8338623, 1226.53479004, 915.397705078, 621.809692383, 595.185668945, 470.727416992, 352.534210205, 784.922485352, 347.200317383, 284.503997803, 223.225402832, 197.415283203, 139.130142212, 240.91494751, 139.878097534, 60.2196044922, 39.2353477478, 19.3461208344, 9.06639575958, 2.97235012054, 0.68347120285, 0.0661478489637, 0.000952366797719],
        "mean": [0.356613606215, 2.15307044983, 2.72358942032, 2.94341111183, 4.59014987946, 5.32456350327, 6.75887680054, 9.51061058044, 12.2755670547, 16.6229782104, 19.514289856, 24.2092151642, 34.1514968872, 46.8328475952, 45.9046897888, 46.5916671753, 46.6709213257, 47.5876502991, 46.9204101562, 39.131313324, 34.8266067505, 35.9401931763, 32.2030258179, 31.0617656708, 29.9703502655, 28.3226833344, 24.6563816071, 22.2853145599, 18.5688400269, 16.0301399231, 14.1834135056, 10.4678230286, 7.58547258377, 4.59741306305, 2.28403162956, 0.96237719059, 0.308520436287, 0.0677198246121, 0.00523234717548, 0.000129847569042],
        "median": [0.122812137008, 0.899824619293, 1.19880771637, 1.11895942688, 1.33386909962, 1.87964749336, 3.01817131042, 4.09939622879, 5.46847295761, 7.27486419678, 9.45675468445, 11.7688808441, 15.2937231064, 19.2535629272, 18.2531547546, 19.8174705505, 19.9424591064, 23.4725837708, 24.2399806976, 21.8353652954, 22.3721199036, 23.0643577576, 22.4819202423, 22.7611503601, 22.0275745392, 20.7799358368, 19.3978824615, 18.1950321198, 15.0128650665, 12.6305942535, 10.6630382538, 7.45566892624, 5.16629076004, 3.17754936218, 1.57996487617, 0.663038611412, 0.211030378938, 0.0422793105245, 0.00248359912075, 0.000101178360637],
        "min": [1.38240388928e-22, 7.17373749388e-22, 9.68324363022e-22, 3.8509191469e-21, 2.03736071212e-20, 2.51990783156e-20, 4.95539154186e-20, 7.26099917181e-20, 1.25833777935e-19, 1.14563196519e-19, 3.33597210604e-19, 4.39355379695e-19, 5.72247838764e-19, 5.70191416062e-19, 8.82949853234e-19, 1.08671814572e-18, 1.2575652702e-18, 1.20764543722e-18, 3.41702748256e-18, 2.88297879279e-18, 3.84907156792e-18, 4.32972554236e-18, 6.02694630372e-18, 6.1080294425e-18, 6.33743102819e-18, 7.04693775398e-18, 9.33320541007e-18, 9.91971947776e-18, 1.16277655518e-17, 9.71654489416e-18, 1.00552910714e-17, 1.14623616893e-17, 1.05256673268e-17, 8.15070688385e-18, 6.31357513932e-18, 4.05136313621e-18, 2.11723598625e-18, 9.93491581959e-19, 2.58236584855e-19, 2.74559275259e-20],
        "var": [0.301414042711, 8.3808965683, 15.522105217, 27.4436988831, 130.320999146, 124.466758728, 120.604476929, 505.049468994, 993.250061035, 1098.33105469, 998.852294922, 1362.42346191, 3286.9543457, 7001.02783203, 6985.65039062, 7207.09667969, 8792.19140625, 6744.63085938, 7509.02294922, 4225.83935547, 1978.43334961, 1933.03466797, 1352.21386719, 1056.02807617, 1134.71508789, 922.303833008, 633.740783691, 479.573791504, 327.18145752, 238.516281128, 212.540206909, 117.068161011, 62.862739563, 23.3296890259, 5.62134838104, 1.11507999897, 0.122162334621, 0.00633095623925, 5.13268278155e-05, 1.51881121013e-08]
    },
    "gfcc": {
        "mean": [7.38091850281, 45.2568054199, -112.126647949, 24.2887554169, -55.5019989014, 23.9162845612, -29.5956726074, 13.3619766235, -20.5733375549, 9.34564876556, -16.1400547028, 5.33970308304, -11.067779541],
        "cov": [[37861.8398438, -2826.67700195, -491.814697266, 3293.78027344, -160.204162598, 1406.98486328, -472.852020264, 1304.57556152, -793.865112305, 398.659759521, -270.574768066, 566.388366699, -391.572540283], [-2826.67700195, 2099.01269531, 20.7583465576, -463.274932861, 103.267539978, -270.552612305, 31.5437335968, -200.506958008, 207.391647339, -141.756118774, 111.669509888, -152.960754395, 76.7335968018], [-491.814697266, 20.7583465576, 970.152832031, 379.024261475, 300.190002441, 193.571182251, 160.853057861, 92.8266143799, 60.2483177185, 51.6464576721, 6.69880390167, 36.7097511292, 5.31378650665], [3293.78027344, -463.274932861, 379.024261475, 998.340087891, 304.081054688, 315.449005127, 29.3352622986, 246.121643066, -84.3026580811, 31.5262203217, 14.4083051682, 73.2565231323, -42.0337142944], [-160.204162598, 103.267539978, 300.190002441, 304.081054688, 466.321289062, 168.201080322, 81.2050170898, 93.6189498901, 44.3097724915, 6.58168411255, 88.4561691284, 9.85394001007, -9.42775726318], [1406.98486328, -270.552612305, 193.571182251, 315.449005127, 168.201080322, 360.088775635, 159.023117065, 137.686904907, -4.68025398254, 69.071395874, -14.5267839432, 57.398147583, -16.1476306915], [-472.852020264, 31.5437335968, 160.853057861, 29.3352622986, 81.2050170898, 159.023117065, 259.381866455, 97.1494979858, 72.3428192139, 42.113986969, 6.33489274979, 23.1887531281, 20.5118160248], [1304.57556152, -200.506958008, 92.8266143799, 246.121643066, 93.6189498901, 137.686904907, 97.1494979858, 245.078308105, 65.6581878662, 68.5300445557, 39.9561386108, 53.9375038147, 3.59104585648], [-793.865112305, 207.391647339, 60.2483177185, -84.3026580811, 44.3097724915, -4.68025398254, 72.3428192139, 65.6581878662, 199.983200073, 72.2520446777, 49.8628616333, -2.50425982475, 26.9915370941], [398.659759521, -141.756118774, 51.6464576721, 31.5262203217, 6.58168411255, 69.071395874, 42.113986969, 68.5300445557, 72.2520446777, 160.27911377, 48.6720314026, 30.0808086395, -6.72714519501], [-270.574768066, 111.669509888, 6.69880390167, 14.4083051682, 88.4561691284, -14.5267839432, 6.33489274979, 39.9561386108, 49.8628616333, 48.6720314026, 163.238006592, 36.5723991394, 13.076710701], [566.388366699, -152.960754395, 36.7097511292, 73.2565231323, 9.85394001007, 57.398147583, 23.1887531281, 53.9375038147, -2.50425982475, 30.0808086395, 36.5723991394, 129.337158203, 44.8088417053], [-391.572540283, 76.7335968018, 5.31378650665, -42.0337142944, -9.42775726318, -16.1476306915, 20.5118160248, 3.59104585648, 26.9915370941, -6.72714519501, 13.076710701, 44.8088417053, 113.536064148]],
        "icov": [[7.79662295827e-05, -9.43564009503e-05, 9.03899926925e-05, -0.000156048932695, 0.000147887491039, -0.00023507118749, 0.000327134999679, -0.000422196753789, 0.000297718157526, -0.000229852419579, 0.000210929487366, -0.000246938987402, 0.000192530700588], [-9.43564009503e-05, 0.00100756098982, -0.000183894080692, 0.000262416375335, -0.000302374886815, 0.000431305117672, -0.000675916729961, 0.00121403927915, -0.00143731432036, 0.00135312334169, -0.00109951756895, 0.00116266089026, -0.000691028311849], [9.03899926925e-05, -0.000183894080692, 0.0017278190935, -0.000844270398375, -0.000649410998449, 0.000152903870912, -0.000581425323617, 0.000214841231355, -1.92737643374e-05, -0.000904869404621, 0.00105023081414, -0.000804968469311, 0.000256361905485], [-0.000156048932695, 0.000262416375335, -0.000844270398375, 0.00289166648872, -0.00100419856608, -0.000911969109438, 0.000942913640756, -0.00150801404379, 0.000800186477136, 0.00081334495917, -0.000459965987829, 0.000583184126299, -0.000260442437138], [0.000147887491039, -0.000302374886815, -0.000649410998449, -0.00100419856608, 0.00469768885523, -0.00246833544225, 0.000947194290347, -0.000606879533734, -0.000541341432836, 0.00156222237274, -0.00259595387615, 0.000762821582612, 0.000479314709082], [-0.00023507118749, 0.000431305117672, 0.000152903870912, -0.000911969109438, -0.00246833544225, 0.00848670769483, -0.00507061369717, 0.00103753537405, 0.000626167689916, -0.00224583246745, 0.00216380902566, -0.00131408171728, 0.000425765669206], [0.000327134999679, -0.000675916729961, -0.000581425323617, 0.000942913640756, 0.000947194290347, -0.00507061369717, 0.00918041914701, -0.00421415781602, 0.000175456414581, -0.000104093494883, 0.000744604447391, -0.000436170521425, -0.00016791796952], [-0.000422196753789, 0.00121403927915, 0.000214841231355, -0.00150801404379, -0.000606879533734, 0.00103753537405, -0.00421415781602, 0.0115710254759, -0.00551733514294, 0.00122147984803, -0.00229751993902, 0.000111513167212, -0.000747793063056], [0.000297718157526, -0.00143731432036, -1.92737643374e-05, 0.000800186477136, -0.000541341432836, 0.000626167689916, 0.000175456414581, -0.00551733514294, 0.0118187842891, -0.00587331596762, 0.00128474936355, 0.000113841473649, -0.000868374889251], [-0.000229852419579, 0.00135312334169, -0.000904869404621, 0.00081334495917, 0.00156222237274, -0.00224583246745, -0.000104093494883, 0.00122147984803, -0.00587331596762, 0.0125502869487, -0.00488789472729, 0.000866556016263, 0.000787591619883], [0.000210929487366, -0.00109951756895, 0.00105023081414, -0.000459965987829, -0.00259595387615, 0.00216380902566, 0.000744604447391, -0.00229751993902, 0.00128474936355, -0.00488789472729, 0.0113729927689, -0.00467720860615, 0.00122245773673], [-0.000246938987402, 0.00116266089026, -0.000804968469311, 0.000583184126299, 0.000762821582612, -0.00131408171728, -0.000436170521425, 0.000111513167212, 0.000113841473649, 0.000866556016263, -0.00467720860615, 0.0139787383378, -0.00638609519228], [0.000192530700588, -0.000691028311849, 0.000256361905485, -0.000260442437138, 0.000479314709082, 0.000425765669206, -0.00016791796952, -0.000747793063056, -0.000868374889251, 0.000787591619883, 0.00122245773673, -0.00638609519228, 0.0126174325123]]
    },
    "melbands": {
        "dmean": [0.00166976847686, 0.00127483904362, 0.000557481078431, 0.000425472535426, 0.000225285839406, 0.000196680281078, 0.000165069359355, 0.000126885555801, 0.000113695990876, 0.000100228608062, 9.86717059277e-05, 0.000112230431114, 9.16039789445e-05, 8.01554997452e-05, 6.32169249002e-05, 5.69607109355e-05, 5.36825173185e-05, 4.8235146096e-05, 3.30272632709e-05, 2.72564575425e-05, 2.74296962743e-05, 2.6111920306e-05, 1.99205624085e-05, 1.70739367604e-05, 1.33773164634e-05, 1.3170377315e-05, 9.67611322267e-06, 9.29921952775e-06, 7.89459772932e-06, 6.8693943831e-06, 6.53947518003e-06, 4.88705154567e-06, 4.49605477115e-06, 4.03034255214e-06, 3.56879218089e-06, 3.15445004162e-06, 2.57186707131e-06, 2.34544449995e-06, 1.88069009255e-06, 1.55082977926e-06],
        "dmean2": [0.00252575357445, 0.00189080636483, 0.000967309519183, 0.000771222170442, 0.000402815057896, 0.000343564344803, 0.000285526097286, 0.000212464336073, 0.000190440085134, 0.000166205121786, 0.000160888870596, 0.00018132950936, 0.000146836624481, 0.00012907749624, 0.000102489495475, 9.08093570615e-05, 8.67136113811e-05, 7.98154505901e-05, 5.4753589211e-05, 4.5303360821e-05, 4.59962029709e-05, 4.53457250842e-05, 3.36826597049e-05, 2.81250449916e-05, 2.24897739827e-05, 2.20928668568e-05, 1.59826340678e-05, 1.53238415805e-05, 1.30807948153e-05, 1.1513327081e-05, 1.11399986054e-05, 8.21662888484e-06, 7.52637470214e-06, 6.70248709866e-06, 5.90217814533e-06, 5.23519020135e-06, 4.2132364797e-06, 3.87725094697e-06, 3.07685741063e-06, 2.55630811807e-06],
        "dvar": [6.63469108986e-06, 3.52844699592e-06, 1.35543427859e-06, 1.09172503926e-06, 1.84868710562e-07, 2.83419439029e-07, 3.08531440396e-07, 8.8715772506e-08, 4.37906351181e-08, 2.96776452302e-08, 2.95071682643e-08, 4.25101980284e-08, 3.54881599662e-08, 2.55126693105e-08, 1.52952654986e-08, 1.29487771616e-08, 9.85367254458e-09, 9.71268310224e-09, 3.75356545845e-09, 2.19942641877e-09, 2.12321138449e-09, 2.02069250221e-09, 1.21342824677e-09, 9.26794585521e-10, 3.67988861605e-10, 4.26414681343e-10, 2.08299641424e-10, 1.82859172249e-10, 1.49607853883e-10, 1.23609705804e-10, 9.11330039211e-11, 4.9670705049e-11, 3.66082719694e-11, 3.30687872918e-11, 3.08184519571e-11, 2.2529703797e-11, 1.39374223967e-11, 1.05343589754e-11, 7.46481175484e-12, 4.9600644772e-12],
        "dvar2": [1.51563090185e-05, 7.73483225203e-06, 3.74249862034e-06, 3.10997302222e-06, 5.25864720657e-07, 7.33896001748e-07, 8.30202964153e-07, 2.36095857531e-07, 1.21061859204e-07, 7.42025747513e-08, 6.82171688027e-08, 9.22302376694e-08, 8.28479969073e-08, 5.63057582781e-08, 3.50401947458e-08, 2.67899284978e-08, 2.20089564351e-08, 2.17019291426e-08, 8.81594797164e-09, 5.3566373559e-09, 5.38753175405e-09, 5.56072476954e-09, 3.07042191672e-09, 2.2114305942e-09, 9.65399649111e-10, 1.11338105402e-09, 5.3363707897e-10, 4.75012418288e-10, 3.8854869322e-10, 3.37470995593e-10, 2.49574444444e-10, 1.30673832865e-10, 9.63506496809e-11, 8.88006335131e-11, 8.19300530197e-11, 6.05406835774e-11, 3.63567127792e-11, 2.75505156883e-11, 1.87082346143e-11, 1.27162638058e-11],
        "max": [0.0311525575817, 0.0146323405206, 0.00931481644511, 0.00860154628754, 0.00420686416328, 0.00881834514439, 0.0116746174172, 0.00701691722497, 0.00522609939799, 0.00256655341946, 0.00367403286509, 0.00423214631155, 0.00475383736193, 0.00345981353894, 0.00256358995102, 0.00348565750755, 0.00195870199241, 0.00252694287337, 0.00227952026762, 0.000930414942559, 0.000940686324611, 0.000956718460657, 0.000987203442492, 0.000820049957838, 0.000292995158816, 0.000540383683983, 0.000292222044664, 0.00022257323144, 0.000201077345992, 0.000215181193198, 0.000113790702017, 0.000171187115484, 9.76273586275e-05, 8.76018748386e-05, 0.000165793724591, 8.08098338894e-05, 8.38497435325e-05, 4.26211045124e-05, 5.80303858442e-05, 3.29574322677e-05],
        "mean": [0.003084667027, 0.00197994755581, 0.000576041580644, 0.000360112666385, 0.000237939195358, 0.000214153769775, 0.000192892141058, 0.000180147631909, 0.000162203490618, 0.000152874039486, 0.000173004271346, 0.000192396793864, 0.000157483067596, 0.000135586422402, 0.000106038045487, 9.65186263784e-05, 8.63745735842e-05, 7.69018952269e-05, 5.59024229005e-05, 4.38430761278e-05, 4.11556102335e-05, 3.74524533981e-05, 3.26249682985e-05, 3.01731415675e-05, 2.39782966673e-05, 2.41595025727e-05, 1.88895191968e-05, 1.84091077244e-05, 1.58489383466e-05, 1.36874368764e-05, 1.25588030642e-05, 1.05337794594e-05, 9.54654387897e-06, 8.73942371982e-06, 8.24038852443e-06, 7.36909760235e-06, 6.05102604823e-06, 5.55939732294e-06, 4.4090065785e-06, 3.71951909983e-06],
        "median": [0.00127468490973, 0.00109195790719, 0.000219995650696, 0.000121586024761, 0.0001096263004, 9.51971451286e-05, 8.91344971023e-05, 8.0947902461e-05, 7.82541392255e-05, 7.04851845512e-05, 7.3125876952e-05, 7.19675299479e-05, 5.22294212715e-05, 4.44568358944e-05, 4.20995493187e-05, 3.85188104701e-05, 3.90976529161e-05, 3.48824469256e-05, 2.99858165818e-05, 2.5074750738e-05, 2.37211170315e-05, 2.23154020205e-05, 1.8248159904e-05, 1.75582918018e-05, 1.62600517797e-05, 1.61356474564e-05, 1.33763478516e-05, 1.26663890114e-05, 1.14840040624e-05, 1.04382825157e-05, 9.62203012023e-06, 7.98157998361e-06, 7.51041716285e-06, 6.42087798042e-06, 6.06815592619e-06, 5.17152238899e-06, 4.07534753322e-06, 3.58886381946e-06, 2.98469603877e-06, 2.48061292041e-06],
        "min": [2.75159219691e-24, 4.98812330374e-25, 1.0116513965e-24, 1.3899444174e-24, 1.87282619483e-24, 1.45902624877e-24, 1.87259722795e-24, 1.27343991689e-24, 2.34165549992e-24, 2.50561254768e-24, 2.83146534964e-24, 2.05862699827e-24, 2.66260967288e-24, 4.2048562112e-24, 2.9542018513e-24, 3.22468253418e-24, 1.71328676814e-24, 3.95185550269e-24, 3.27997813376e-24, 3.1809131785e-24, 2.77848466239e-24, 4.06442437614e-24, 3.99880455946e-24, 5.09111106707e-24, 3.78398747978e-24, 4.87373334489e-24, 3.74749161886e-24, 4.36882686681e-24, 4.87152413992e-24, 5.30126558437e-24, 4.88631962063e-24, 5.67720750395e-24, 5.04849561768e-24, 4.79661903596e-24, 5.0716415855e-24, 6.2964925024e-24, 5.6043037401e-24, 6.43271852554e-24, 5.42358320089e-24, 5.88615190862e-24],
        "var": [1.73805347004e-05, 6.48483501209e-06, 1.10237181161e-06, 6.95964104125e-07, 1.47809899431e-07, 2.33637521774e-07, 2.29732208368e-07, 1.09866775233e-07, 6.40233395188e-08, 5.68185924976e-08, 9.02674983649e-08, 1.30995445602e-07, 9.98367468696e-08, 8.00312918159e-08, 4.06576248224e-08, 3.64257459751e-08, 2.42901272429e-08, 2.52123228961e-08, 1.25578374366e-08, 4.02143429667e-09, 3.45952266834e-09, 2.47605203008e-09, 2.35905939228e-09, 1.89639237647e-09, 7.24287130272e-10, 8.22185541871e-10, 4.42866132655e-10, 4.33220848084e-10, 3.15820508634e-10, 2.17279069736e-10, 1.68097258335e-10, 1.28133489929e-10, 8.99170807256e-11, 8.07055325347e-11, 7.99704816257e-11, 6.09869585388e-11, 4.26574851831e-11, 3.63101042289e-11, 2.22055533683e-11, 1.61507057728e-11]
    },
    "mfcc": {
        "mean": [-625.645690918, 80.1104278564, 1.85174775124, 10.3702697754, 0.264352828264, 9.57674121857, 3.8415722847, 6.18857049942, 4.06535673141, 5.268658638, 2.39315128326, 2.58878040314, 0.691441357136],
        "cov": [[19237.4082031, -1060.39575195, -287.891876221, 1180.48852539, 1034.4263916, 298.610931396, 627.975097656, 573.943969727, 125.010734558, 188.729003906, 61.8365936279, 98.1457824707, 228.772689819], [-1060.39575195, 1444.3404541, 155.764663696, -80.9861068726, -133.360214233, -6.64141893387, -122.568328857, -43.7390327454, 17.0322856903, 5.68959140778, 13.6711578369, 11.278626442, -21.9013557434], [-287.891876221, 155.764663696, 537.975280762, 169.16418457, 134.112884521, 109.09349823, 92.1299667358, 73.7507019043, 60.9347991943, 55.0158004761, 46.9228286743, 21.804058075, 1.91411495209], [1180.48852539, -80.9861068726, 169.16418457, 452.588653564, 313.435028076, 121.320404053, 147.462585449, 121.299179077, 45.7491111755, 36.8793563843, 18.5178947449, 28.0490970612, 39.5513725281], [1034.4263916, -133.360214233, 134.112884521, 313.435028076, 421.533233643, 155.479354858, 163.716629028, 107.589660645, 34.4357757568, 54.0351257324, 33.8767967224, 45.9546127319, 52.3636207581], [298.610931396, -6.64141893387, 109.09349823, 121.320404053, 155.479354858, 236.619369507, 150.248352051, 102.983711243, 56.22996521, 49.0383644104, 46.7651176453, 10.5513362885, 11.5343055725], [627.975097656, -122.568328857, 92.1299667358, 147.462585449, 163.716629028, 150.248352051, 247.518112183, 135.173400879, 54.714389801, 46.9713249207, 35.0088500977, 39.3243980408, 31.0023670197], [573.943969727, -43.7390327454, 73.7507019043, 121.299179077, 107.589660645, 102.983711243, 135.173400879, 203.262939453, 104.437232971, 48.8036270142, 33.6748504639, 10.0481128693, 40.6205863953], [125.010734558, 17.0322856903, 60.9347991943, 45.7491111755, 34.4357757568, 56.22996521, 54.714389801, 104.437232971, 149.26348877, 79.4881896973, 24.9137306213, 2.41185379028, 14.1954774857], [188.729003906, 5.68959140778, 55.0158004761, 36.8793563843, 54.0351257324, 49.0383644104, 46.9713249207, 48.8036270142, 79.4881896973, 162.355712891, 81.4404296875, 15.8771886826, 7.57451200485], [61.8365936279, 13.6711578369, 46.9228286743, 18.5178947449, 33.8767967224, 46.7651176453, 35.0088500977, 33.6748504639, 24.9137306213, 81.4404296875, 155.061080933, 60.5177764893, 22.2540912628], [98.1457824707, 11.278626442, 21.804058075, 28.0490970612, 45.9546127319, 10.5513362885, 39.3243980408, 10.0481128693, 2.41185379028, 15.8771886826, 60.5177764893, 136.711639404, 68.2147674561], [228.772689819, -21.9013557434, 1.91411495209, 39.5513725281, 52.3636207581, 11.5343055725, 31.0023670197, 40.6205863953, 14.1954774857, 7.57451200485, 22.2540912628, 68.2147674561, 129.766082764]],
