{
"lowlevel": {
    "average_loudness": 0.919614672661,
    "barkbands_crest": {
        "dmean": 3.25040650368,
        "dmean2": 5.16360569,
        "dvar": 9.36183071136,
        "dvar2": 23.2143306732,
        "max": 26.3928756714,
        "mean": 10.8473320007,
        "median": 9.78189182281,
        "min": 1.95798528194,
        "var": 27.9567260742
    },
    "barkbands_flatness_db": {
        "dmean": 0.0254161581397,
        "dmean2": 0.0393996499479,
        "dvar": 0.000745330238715,
        "dvar2": 0.00171448208857,
        "max": 0.527060925961,
        "mean": 0.106407649815,
        "median": 0.0877244696021,
        "min": 0.0108659826219,
        "var": 0.00466302223504
    },
    "barkbands_kurtosis": {
        "dmean": 4.3318939209,
        "dmean2": 6.60334968567,
        "dvar": 285.238220215,
        "dvar2": 604.829406738,
        "max": 775.22467041,
        "mean": 5.40460681915,
        "median": 0.888662338257,
        "min": -1.88510453701,
        "var": 500.986450195
    },
    "barkbands_skewness": {
        "dmean": 0.665704369545,
        "dmean2": 1.02809429169,
        "dvar": 0.89080029726,
        "dvar2": 1.90165901184,
        "max": 24.6973209381,
        "mean": 1.50467538834,
        "median": 1.16383314133,
        "min": -2.29812717438,
        "var": 2.55902171135
    },
    "barkbands_spread": {
        "dmean": 7.60625505447,
        "dmean2": 12.0736541748,
        "dvar": 66.4925765991,
        "dvar2": 159.649154663,
        "max": 103.014572144,
        "mean": 32.366771698,
        "median": 32.4995918274,
        "min": 0.209143847227,
        "var": 368.847259521
    },
    "dissonance": {
        "dmean": 0.0161669310182,
        "dmean2": 0.0275444667786,
        "dvar": 0.000377177348128,
        "dvar2": 0.00105246109888,
        "max": 0.500000178814,
        "mean": 0.472264707088,
        "median": 0.482323944569,
        "min": 0.161236554384,
        "var": 0.000939822522923
    },
    "dynamic_complexity": 3.41587114334,
    "erbbands_crest": {
        "dmean": 2.46035146713,
        "dmean2": 4.00572919846,
        "dvar": 6.28770160675,
        "dvar2": 14.9243545532,
        "max": 32.1874275208,
        "mean": 7.91457509995,
        "median": 6.56874752045,
        "min": 2.09921741486,
        "var": 21.1946926117
    },
    "erbbands_flatness_db": {
        "dmean": 0.0148390755057,
        "dmean2": 0.022973453626,
        "dvar": 0.000210989484913,
        "dvar2": 0.000467083329568,
        "max": 0.440224528313,
        "mean": 0.126452863216,
        "median": 0.107694640756,
        "min": 0.0323788933456,
        "var": 0.00319215096533
    },
    "erbbands_kurtosis": {
        "dmean": 0.93312060833,
        "dmean2": 1.47731661797,
        "dvar": 3.05354309082,
        "dvar2": 7.38189601898,
        "max": 48.5402679443,
        "mean": 0.683477878571,
        "median": -0.157042503357,
        "min": -1.80310797691,
        "var": 8.70328521729
    },
    "erbbands_skewness": {
        "dmean": 0.342116624117,
        "dmean2": 0.537068903446,
        "dvar": 0.110258929431,
        "dvar2": 0.260435849428,
        "max": 5.25557947159,
        "mean": 0.34442615509,
        "median": 0.229961618781,
        "min": -3.78069615364,
        "var": 0.635828852654
    },
    "erbbands_spread": {
        "dmean": 8.6163520813,
        "dmean2": 13.5614070892,
        "dvar": 96.7938842773,
        "dvar2": 224.810302734,
        "max": 154.61126709,
        "mean": 40.748008728,
        "median": 39.4366760254,
        "min": 1.04766011238,
        "var": 384.110809326
    },
    "hfc": {
        "dmean": 12.7385883331,
        "dmean2": 21.2525253296,
        "dvar": 346.392486572,
        "dvar2": 896.727539062,
        "max": 255.676544189,
        "mean": 37.9112930298,
        "median": 33.334526062,
        "min": 1.11251901331e-16,
        "var": 1029.30627441
    },
    "melbands_crest": {
        "dmean": 4.6139550209,
        "dmean2": 7.62196111679,
        "dvar": 19.2057857513,
        "dvar2": 50.2030792236,
        "max": 37.3546333313,
        "mean": 16.6509895325,
        "median": 16.1851215363,
        "min": 1.57955873013,
        "var": 51.9522476196
    },
    "melbands_flatness_db": {
        "dmean": 0.0334311947227,
        "dmean2": 0.0522941499949,
        "dvar": 0.00128046190366,
        "dvar2": 0.00300920195878,
        "max": 0.654797434807,
        "mean": 0.174435585737,
        "median": 0.158656090498,
        "min": 0.00107087264769,
        "var": 0.00718940375373
    },
    "melbands_kurtosis": {
        "dmean": 11.7726268768,
        "dmean2": 18.2483711243,
        "dvar": 1165.85900879,
        "dvar2": 2607.65429688,
        "max": 671.13861084,
        "mean": 17.1403369904,
        "median": 6.14445114136,
        "min": -1.82770979404,
        "var": 1774.51086426
    },
    "melbands_skewness": {
        "dmean": 0.98388671875,
        "dmean2": 1.54130911827,
        "dvar": 2.0079331398,
        "dvar2": 4.64673566818,
        "max": 22.5057353973,
        "mean": 2.73774051666,
        "median": 2.15161728859,
        "min": -1.76870954037,
        "var": 5.00857400894
    },
    "melbands_spread": {
        "dmean": 10.1643638611,
        "dmean2": 16.3672637939,
        "dvar": 149.476394653,
        "dvar2": 356.847564697,
        "max": 224.885818481,
        "mean": 30.5589313507,
        "median": 25.9550514221,
        "min": 0.308615833521,
        "var": 497.140228271
    },
    "pitch_salience": {
        "dmean": 0.103956498206,
        "dmean2": 0.168577685952,
        "dvar": 0.0118689239025,
        "dvar2": 0.0290424674749,
        "max": 0.989379942417,
        "mean": 0.526693880558,
        "median": 0.5455327034,
        "min": 0.058364789933,
        "var": 0.025704851374
    },
    "silence_rate_20dB": {
        "dmean": 0,
        "dmean2": 0,
        "dvar": 0,
        "dvar2": 0,
        "max": 1,
        "mean": 1,
        "median": 1,
        "min": 1,
        "var": 0
    },
    "silence_rate_30dB": {
        "dmean": 0.000211059523281,
        "dmean2": 0.000422141310992,
        "dvar": 0.000210995858652,
        "dvar2": 0.000632957322523,
        "max": 1,
        "mean": 0.999894499779,
        "median": 1,
        "min": 0,
        "var": 0.000105508275738
    },
    "silence_rate_60dB": {
        "dmean": 0.0137188686058,
        "dmean2": 0.0274391844869,
        "dvar": 0.0135298650712,
        "dvar2": 0.0322820171714,
        "max": 1,
        "mean": 0.0744473189116,
        "median": 0,
        "min": 0,
        "var": 0.0689145177603
    },
    "spectral_centroid": {
        "dmean": 305.462524414,
        "dmean2": 482.588409424,
        "dvar": 117322.9375,
        "dvar2": 269214.5,
        "max": 11529.4726562,
        "mean": 1747.42443848,
        "median": 1811.99914551,
        "min": 127.614204407,
        "var": 730331
    },
    "spectral_complexity": {
        "dmean": 5.63951015472,
        "dmean2": 8.99783611298,
        "dvar": 38.0423583984,
        "dvar2": 86.3120727539,
        "max": 71,
        "mean": 27.2863922119,
        "median": 28,
        "min": 0,
        "var": 231.881072998
    },
    "spectral_decrease": {
        "dmean": 2.14001838472e-09,
        "dmean2": 3.40211014915e-09,
        "dvar": 5.75288689112e-18,
        "dvar2": 1.45192101246e-17,
        "max": 1.55666248872e-28,
        "mean": -8.19849876876e-09,
        "median": -8.31253732514e-09,
        "min": -2.96028694891e-08,
        "var": 2.90358328282e-17
    },
    "spectral_energy": {
        "dmean": 0.00859017204493,
        "dmean2": 0.0138344457373,
        "dvar": 9.03473992366e-05,
        "dvar2": 0.000232335994951,
        "max": 0.114854805171,
        "mean": 0.0343817062676,
        "median": 0.0360286608338,
        "min": 1.00954332224e-20,
        "var": 0.000477648369269
    },
    "spectral_energyband_high": {
        "dmean": 0.00106894050259,
        "dmean2": 0.00175550265703,
        "dvar": 2.80412973552e-06,
        "dvar2": 7.02184206602e-06,
        "max": 0.0319026857615,
        "mean": 0.00268601905555,
        "median": 0.00198531104252,
        "min": 7.21296405047e-21,
        "var": 8.08458753454e-06
    },
    "spectral_energyband_low": {
        "dmean": 0.00747490720823,
        "dmean2": 0.0113670928404,
        "dvar": 0.000103043596027,
        "dvar2": 0.000230621430092,
        "max": 0.108489096165,
        "mean": 0.0165399387479,
        "median": 0.011258113198,
        "min": 2.27432953487e-23,
        "var": 0.000316479243338
    },
    "spectral_energyband_middle_high": {
        "dmean": 0.00315745011903,
        "dmean2": 0.00539519125596,
        "dvar": 2.10147627513e-05,
        "dvar2": 5.64100373595e-05,
        "max": 0.0641537308693,
        "mean": 0.00732254981995,
        "median": 0.00552142923698,
        "min": 1.3329930753e-21,
        "var": 5.15308711329e-05
    },
    "spectral_energyband_middle_low": {
        "dmean": 0.00433812243864,
        "dmean2": 0.00733092566952,
        "dvar": 4.66906349175e-05,
        "dvar2": 0.000124013546156,
        "max": 0.072737686336,
        "mean": 0.00847734790295,
        "median": 0.0064648417756,
        "min": 1.91927005719e-22,
        "var": 5.84798326599e-05
    },
    "spectral_entropy": {
        "dmean": 0.135951668024,
        "dmean2": 0.219061404467,
        "dvar": 0.0227257292718,
        "dvar2": 0.0552032142878,
        "max": 9.8159236908,
        "mean": 7.89365816116,
        "median": 8.114361763,
        "min": 4.8963932991,
        "var": 0.320660293102
    },
    "spectral_flux": {
        "dmean": 0.0253058988601,
        "dmean2": 0.0378359146416,
        "dvar": 0.000718942494132,
        "dvar2": 0.00140230997931,
        "max": 0.3171184659,
        "mean": 0.103491000831,
        "median": 0.102038741112,
        "min": 6.58839441336e-11,
        "var": 0.00319095072336
    },
    "spectral_kurtosis": {
        "dmean": 1.31784629822,
        "dmean2": 2.20975828171,
        "dvar": 8.24636459351,
        "dvar2": 23.8061561584,
        "max": 157.627182007,
        "mean": 4.54751825333,
        "median": 2.7379899025,
        "min": -1.23639428616,
        "var": 53.3855133057
    },
    "spectral_rms": {
        "dmean": 0.000706414575689,
        "dmean2": 0.00113378930837,
        "dvar": 5.08383720899e-07,
        "dvar2": 1.27144164708e-06,
        "max": 0.010585530661,
        "mean": 0.00535789458081,
        "median": 0.00592873618007,
        "min": 3.13834396838e-12,
        "var": 4.83626172354e-06
    },
    "spectral_rolloff": {
        "dmean": 780.821350098,
        "dmean2": 1291.79663086,
        "dvar": 1144090.375,
        "dvar2": 2714444.75,
        "max": 19336.8164062,
        "mean": 2023.89367676,
        "median": 1485.79101562,
        "min": 43.06640625,
        "var": 3443908.75
    },
    "spectral_skewness": {
        "dmean": 0.178095653653,
        "dmean2": 0.290013790131,
        "dvar": 0.0502683110535,
        "dvar2": 0.132693514228,
        "max": 10.1346111298,
        "mean": 1.56265473366,
        "median": 1.36625158787,
        "min": -0.0870540738106,
        "var": 0.500999927521
    },
    "spectral_spread": {
        "dmean": 542368.125,
        "dmean2": 857113.9375,
        "dvar": 359260127232,
        "dvar2": 887157620736,
        "max": 41672556,
        "mean": 5523033.5,
        "median": 5725577,
        "min": 539665.625,
        "var": 4.24975138816e+12
    },
    "spectral_strongpeak": {
        "dmean": 0.31394341588,
        "dmean2": 0.538941502571,
        "dvar": 0.373415201902,
        "dvar2": 0.994388103485,
        "max": 13.0060920715,
        "mean": 0.54534971714,
        "median": 0.34807869792,
        "min": 0,
        "var": 0.477788895369
    },
    "zerocrossingrate": {
        "dmean": 0.0129424929619,
        "dmean2": 0.0158277750015,
        "dvar": 0.000185083234101,
        "dvar2": 0.000260641478235,
        "max": 0.60791015625,
        "mean": 0.0812643989921,
        "median": 0.0771484375,
        "min": 0.001953125,
        "var": 0.00222779531032
    },
    "barkbands": {
        "dmean": [0.000649097375572, 0.00691869901493, 0.00234960136004, 0.00104342703708, 0.00180294224992, 0.00106196349952, 0.000860399915837, 0.000820333894808, 0.00087574502686, 0.000823643116746, 0.000572142889723, 0.000624887703452, 0.000596595578827, 0.000486673874548, 0.00047739042202, 0.000440801028162, 0.000378134223865, 0.000328894529957, 0.000279505446088, 0.000289058254566, 0.000263415538939, 0.000261362030869, 0.00020554799994, 0.000184154530871, 0.000152675653226, 9.32256807573e-05, 3.35773147526e-05],
        "dmean2": [0.000955736963078, 0.0104288002476, 0.00400341814384, 0.00191604404245, 0.003165604081, 0.00188744848128, 0.00145544705447, 0.00132726016454, 0.00151041313075, 0.00139655766543, 0.000989852589555, 0.00108959595673, 0.00103432615288, 0.000807914999314, 0.000798806606326, 0.000764813681599, 0.000643713574391, 0.000555052654818, 0.000467177771498, 0.000488519202918, 0.000437633745605, 0.000449847342679, 0.000342902465491, 0.000302766333334, 0.000255180813838, 0.000148468461703, 5.37366940989e-05],
        "dvar": [1.57331169248e-06, 0.000100916789961, 3.00302235701e-05, 6.45944555799e-06, 1.72502586793e-05, 4.48368109573e-06, 1.64406162639e-06, 1.59516866916e-06, 3.09800384457e-06, 1.95268103198e-06, 1.36577477861e-06, 1.43733825553e-06, 1.09237168999e-06, 9.78292860054e-07, 8.83144537056e-07, 6.28408770353e-07, 4.411494956e-07, 3.0105792348e-07, 2.08401019108e-07, 2.37578873907e-07, 1.66638287169e-07, 2.07668861663e-07, 1.30849329594e-07, 8.11848295257e-08, 6.02526881721e-08, 2.95386985982e-08, 5.32788435592e-09],
        "dvar2": [3.17560898111e-06, 0.000208746787393, 7.86861419328e-05, 1.85376229638e-05, 4.70940904052e-05, 1.27616176542e-05, 4.37594235336e-06, 3.7470801999e-06, 8.77915590536e-06, 5.09788287673e-06, 3.60760282092e-06, 3.86769806937e-06, 2.86334898192e-06, 2.31921967497e-06, 2.20810829887e-06, 1.71179533481e-06, 1.18019283946e-06, 7.62792183195e-07, 5.43477710835e-07, 6.16641102624e-07, 4.25004088811e-07, 5.66284199977e-07, 3.14923909173e-07, 2.04222089906e-07, 1.56520158612e-07, 6.96246900134e-08, 1.32178596957e-08],
        "max": [0.0173413977027, 0.09867413342, 0.0440094135702, 0.0284238830209, 0.0640623494983, 0.0369632802904, 0.0243471302092, 0.0273410454392, 0.043889824301, 0.0296271257102, 0.0249405298382, 0.0401726216078, 0.0285227745771, 0.0216129589826, 0.0234652869403, 0.0187424924225, 0.0137578155845, 0.0158982984722, 0.0132546983659, 0.00850849226117, 0.0081394771114, 0.014539597556, 0.0150358621031, 0.0067885145545, 0.00456889765337, 0.00501318322495, 0.00184073438868],
        "mean": [0.00114413315896, 0.0127332163975, 0.00224400986917, 0.000892661279067, 0.00193906296045, 0.00135605433024, 0.00133805943187, 0.00133650749922, 0.00118175428361, 0.00119113991968, 0.000740895979106, 0.000786916236393, 0.000787283002865, 0.000768719590269, 0.000750426377635, 0.000613515498117, 0.000585717032664, 0.000544390699361, 0.000510951678734, 0.000504367169924, 0.000523566326592, 0.00046664493857, 0.000412032706663, 0.000413707835833, 0.000344658124959, 0.000211154198041, 6.01270585321e-05],
        "median": [0.000151731888764, 0.00677501875907, 0.000540531880688, 0.000246915238677, 0.000799320463557, 0.000740571238566, 0.000763628049754, 0.000713217479642, 0.000515519233886, 0.000566787668504, 0.000241089626797, 0.000337917706929, 0.000346270040609, 0.000338436919264, 0.000376007461455, 0.000313916156301, 0.000314769888064, 0.000299769104458, 0.00029458120116, 0.000285365589662, 0.000359554484021, 0.000302279833704, 0.000277523358818, 0.000285825284664, 0.0002133098169, 0.000124852362205, 2.09937788895e-05],
        "min": [3.75657219674e-24, 6.60279851443e-24, 1.28577720841e-24, 1.53311419144e-24, 1.51811358718e-23, 6.1666692688e-24, 2.36933300032e-23, 2.3092833305e-23, 2.37144178329e-23, 2.18755499307e-23, 2.66738610733e-23, 2.14468750262e-23, 4.21545936951e-23, 4.14300407309e-23, 6.99737167198e-23, 6.49364043887e-23, 8.66914400389e-23, 1.06645714502e-22, 1.74601386187e-22, 2.236701627e-22, 2.37442891555e-22, 3.2518694341e-22, 4.12465781901e-22, 6.37253249322e-22, 7.49620818094e-22, 1.21729623583e-21, 2.02354489758e-21],
        "var": [4.54132441519e-06, 0.000253503792919, 2.54278638749e-05, 4.37478593085e-06, 1.41080099638e-05, 4.04202410209e-06, 2.78798393083e-06, 3.51264748133e-06, 3.63329831998e-06, 3.21852871821e-06, 2.02534988603e-06, 1.8020303969e-06, 1.68783719801e-06, 2.0864781618e-06, 1.53760527155e-06, 8.72889188486e-07, 7.40421796763e-07, 5.69628468838e-07, 4.23204511435e-07, 4.54138785244e-07, 3.62162779766e-07, 3.3186768178e-07, 2.81693615989e-07, 2.24709964414e-07, 1.59539084166e-07, 7.50491793156e-08, 9.79759917641e-09]
    },
    "erbbands": {
        "dmean": [0.263643890619, 1.44922578335, 2.62713003159, 2.9936902523, 4.18137550354, 7.3912730217, 6.81862592697, 9.45472240448, 11.5170164108, 14.4281044006, 19.9966449738, 19.1634082794, 24.4687728882, 23.7016105652, 21.9081935883, 27.0835208893, 26.2151794434, 27.3580474854, 23.7824249268, 22.1615982056, 24.142534256, 19.9959163666, 17.8179206848, 15.0047187805, 13.6427726746, 14.3530397415, 11.1101417542, 10.3816003799, 10.1471157074, 7.28546476364, 5.87216997147, 4.32476043701, 3.07224369049, 1.91425836086, 1.04216372967, 0.439060002565, 0.178818538785, 0.0518790818751, 0.00551185430959, 8.38278938318e-05],
        "dmean2": [0.386859029531, 2.12022709846, 4.18110322952, 5.3089799881, 7.53994274139, 12.91020298, 11.8541593552, 16.8502445221, 19.968755722, 24.2151889801, 32.0591278076, 33.1155166626, 41.5040283203, 40.0526275635, 38.2879867554, 47.0197296143, 45.3914031982, 45.9831924438, 39.4089584351, 37.7244644165, 41.7406616211, 34.1774024963, 29.9083423615, 25.1034088135, 22.7243118286, 24.3340339661, 18.2855491638, 17.5365753174, 17.5106201172, 12.2458457947, 9.80349254608, 7.1022028923, 5.10757780075, 3.21043920517, 1.74043631554, 0.706696271896, 0.284978270531, 0.0822604671121, 0.00892267096788, 0.000135077469167],
        "dvar": [0.15898424387, 5.1710395813, 31.6639995575, 50.1674461365, 78.0946884155, 394.214752197, 167.023406982, 401.474731445, 324.825073242, 502.306152344, 1063.40478516, 1703.56628418, 1738.07983398, 1828.12768555, 2061.41162109, 2685.31738281, 2257.90209961, 2608.60058594, 2429.27709961, 1896.65771484, 1836.76171875, 1214.43408203, 886.785339355, 623.424377441, 525.616577148, 593.33972168, 340.351501465, 265.573059082, 335.012939453, 152.027191162, 107.3332901, 50.4862136841, 24.2472324371, 9.15027046204, 3.13332223892, 0.675381362438, 0.126726165414, 0.0111103327945, 0.000154426103109, 2.95316873178e-08],
        "dvar2": [0.349555075169, 9.94890403748, 77.418586731, 139.418869019, 222.535507202, 1056.00830078, 464.982757568, 1142.2130127, 877.724365234, 1289.06970215, 2440.80810547, 4948.16943359, 4568.73144531, 4711.30029297, 5687.67089844, 7097.07373047, 5892.10302734, 6552.00390625, 6046.74804688, 4834.74609375, 4965.46533203, 3274.58862305, 2239.265625, 1599.73132324, 1338.50561523, 1541.86279297, 856.945373535, 693.345214844, 926.484924316, 386.655029297, 265.61529541, 130.781799316, 61.9516372681, 23.951581955, 8.27861785889, 1.67263388634, 0.295543074608, 0.0263808779418, 0.00039285296225, 7.37189935762e-08],
        "max": [5.44764852524, 24.3587341309, 48.4071884155, 75.7844161987, 110.617233276, 360.398071289, 176.998031616, 380.392883301, 323.380371094, 574.396484375, 750.16796875, 1120.17126465, 731.379150391, 1025.83166504, 784.825012207, 1941.5447998, 1575.75488281, 1214.87109375, 1214.16760254, 1221.75231934, 1142.71875, 704.116149902, 760.955993652, 513.002807617, 821.910644531, 499.040588379, 371.038116455, 316.478973389, 647.4375, 366.710144043, 508.419372559, 308.400634766, 140.419311523, 63.5573730469, 48.2589912415, 37.4207344055, 14.1056251526, 2.71313881874, 0.343048006296, 0.00464261649176],
        "mean": [0.464860439301, 2.42393517494, 3.08729052544, 2.90411496162, 4.06492948532, 7.52824831009, 8.06886672974, 11.8252668381, 16.6777667999, 22.7462863922, 33.5071029663, 26.7866268158, 36.3695144653, 35.0371818542, 29.7347450256, 35.8170318604, 36.0576972961, 43.3635520935, 38.9661521912, 34.7148246765, 35.8255882263, 31.6695079803, 29.9158439636, 27.2459430695, 25.5435600281, 24.9524154663, 21.4227657318, 19.7877807617, 17.3027744293, 14.1035261154, 11.5676860809, 9.06968402863, 6.60364675522, 4.21596717834, 2.23495054245, 0.985660433769, 0.377971231937, 0.104590706527, 0.00967512652278, 0.000195234810235],
        "median": [0.206391856074, 0.969943225384, 1.01262331009, 0.953084230423, 1.55574119091, 2.61532330513, 3.83421611786, 6.30389404297, 9.85129451752, 12.3632698059, 17.3324451447, 13.200884819, 19.2214183807, 15.0935878754, 12.1252918243, 16.111284256, 17.0806674957, 20.4785442352, 19.7434635162, 17.7476062775, 19.52161026, 17.5243320465, 16.6379680634, 16.1173934937, 15.0324697495, 14.3198022842, 13.764134407, 13.4856233597, 11.1571035385, 9.22251987457, 7.80258464813, 6.1135559082, 4.53136444092, 2.65022802353, 1.34496855736, 0.590605080128, 0.216016039252, 0.0501806810498, 0.00321629364043, 0.000115703573101],
        "min": [2.44787552614e-22, 1.06259114598e-21, 1.97489027935e-21, 6.17096325959e-21, 1.35459347528e-20, 2.99845152609e-20, 3.83830738906e-20, 7.06964386179e-20, 1.57884687301e-19, 3.27570062468e-19, 3.81821581821e-19, 5.113323456e-19, 8.530682121e-19, 9.33551696629e-19, 1.5047197028e-18, 1.29362486484e-18, 2.19251728021e-18, 1.94456782365e-18, 2.11154022735e-18, 3.73408643174e-18, 4.2328424267e-18, 4.57174370034e-18, 4.75922625413e-18, 8.287324861e-18, 6.21004604103e-18, 1.01406511476e-17, 9.34550558578e-18, 1.16027350665e-17, 1.07889597429e-17, 1.21749149213e-17, 1.24425847773e-17, 1.10610169648e-17, 1.00555863749e-17, 7.72025863669e-18, 5.89740320235e-18, 4.35966782617e-18, 2.35710430182e-18, 1.08564001919e-18, 2.95327234275e-19, 2.63651606413e-20],
        "var": [0.386734247208, 12.0322628021, 34.7152366638, 38.1044235229, 59.053440094, 320.877685547, 149.737030029, 353.953063965, 443.0909729, 985.880126953, 2390.83691406, 1827.41418457, 2578.70849609, 3146.74194336, 2598.3215332, 3663.73461914, 3602.22314453, 5209.49902344, 4402.01220703, 3210.42529297, 2689.49536133, 2031.14648438, 1713.01123047, 1244.23669434, 1090.15844727, 1117.73693848, 686.780212402, 543.270202637, 476.102142334, 318.603729248, 212.314254761, 117.714797974, 58.3810081482, 23.6607265472, 7.31810760498, 1.56906211376, 0.290378630161, 0.0236764308065, 0.000262571207713, 6.14701818336e-08]
    },
    "gfcc": {
        "mean": [24.618303299, 60.5632743835, -105.152648926, 23.8173122406, -54.8943061829, 18.3402671814, -30.3359260559, 14.9026279449, -16.2516021729, 12.0485162735, -13.9514389038, 4.53921842575, -11.2486753464],
        "cov": [[19975.4042969, -3914.06616211, -556.92779541, 883.206054688, 174.72076416, 936.190917969, -82.9047470093, 622.633300781, -444.381286621, 188.417755127, -295.653900146, 492.41784668, -62.4254112244], [-3914.06616211, 2254.44897461, -232.285964966, -368.485137939, -139.867935181, -406.52947998, -30.184419632, -240.64491272, 176.46156311, -101.068443298, 72.2069473267, -235.103973389, 34.3232650757], [-556.92779541, -232.285964966, 839.533508301, 160.177368164, 186.045425415, 154.938034058, 84.3237915039, 101.604499817, -7.2307844162, 53.8464622498, -13.0463762283, 37.6585083008, -17.316110611], [883.206054688, -368.485137939, 160.177368164, 420.401733398, 127.17326355, 180.064346313, 65.0254440308, 80.452255249, -17.3619289398, 13.0218648911, 2.7103574276, 46.9162902832, 22.7534065247], [174.72076416, -139.867935181, 186.045425415, 127.17326355, 278.080932617, 121.42742157, 94.8807601929, 65.9775543213, 13.9016036987, 36.5170936584, 16.6385383606, 40.2822494507, 6.16108369827], [936.190917969, -406.52947998, 154.938034058, 180.064346313, 121.42742157, 305.63470459, 92.7604217529, 121.488815308, -6.94104671478, 51.3917808533, 16.1717472076, 67.0697555542, 20.5628948212], [-82.9047470093, -30.184419632, 84.3237915039, 65.0254440308, 94.8807601929, 92.7604217529, 166.325622559, 78.312538147, 49.9056015015, 27.4576950073, 29.57563591, 24.7666320801, 20.1242027283], [622.633300781, -240.64491272, 101.604499817, 80.452255249, 65.9775543213, 121.488815308, 78.312538147, 167.143051147, 39.6563186646, 60.4646873474, 12.4795742035, 45.0494918823, 11.0658874512], [-444.381286621, 176.46156311, -7.2307844162, -17.3619289398, 13.9016036987, -6.94104671478, 49.9056015015, 39.6563186646, 123.516868591, 48.5510482788, 46.8322372437, -9.23844432831, 12.8910751343], [188.417755127, -101.068443298, 53.8464622498, 13.0218648911, 36.5170936584, 51.3917808533, 27.4576950073, 60.4646873474, 48.5510482788, 114.241439819, 45.6923217773, 36.7606277466, 4.84427547455], [-295.653900146, 72.2069473267, -13.0463762283, 2.7103574276, 16.6385383606, 16.1717472076, 29.57563591, 12.4795742035, 46.8322372437, 45.6923217773, 94.2249679565, 31.8773384094, 24.1595802307], [492.41784668, -235.103973389, 37.6585083008, 46.9162902832, 40.2822494507, 67.0697555542, 24.7666320801, 45.0494918823, -9.23844432831, 36.7606277466, 31.8773384094, 103.45149231, 36.3023834229], [-62.4254112244, 34.3232650757, -17.316110611, 22.7534065247, 6.16108369827, 20.5628948212, 20.1242027283, 11.0658874512, 12.8910751343, 4.84427547455, 24.1595802307, 36.3023834229, 75.3288269043]],
        "icov": [[0.000109987246105, 6.73803515383e-05, 0.000196417691768, -0.0001189028917, -5.94040102442e-06, -0.000139562762342, 0.000156021415023, -0.00028706699959, 0.000192530977074, -0.000161551666679, 0.000379329023417, -0.000316014135024, 0.000188659323612], [6.73803515383e-05, 0.00113304168917, -2.66480697064e-06, 0.000386672036257, -0.00020915044297, 0.000537634652574, -0.000151092594024, 0.000591784191784, -0.000998369883746, 0.000578496372327, -0.000889311311767, 0.00203170580789, -0.00131430604961], [0.000196417691768, -2.66480697064e-06, 0.00188778585289, -0.000481644063257, -0.000685933220666, -0.000470732717076, 9.68655367615e-05, -0.000875606900081, 0.00075613608351, -0.000898716330994, 0.00127537362278, -0.000816625892185, 0.000943676102906], [-0.0001189028917, 0.000386672036257, -0.000481644063257, 0.00378188118339, -0.000887870672159, -0.00112208386417, -0.000105415434518, 0.000127312043332, -0.00029974951758, 0.00125125632621, -0.000999277108349, 0.0013022624189, -0.00147565850057], [-5.94040102442e-06, -0.00020915044297, -0.000685933220666, -0.000887870672159, 0.00558902043849, -0.000796460546553, -0.00221537193283, 0.000458819267806, 0.000129641746753, -0.000681618286762, 0.000303882348817, -0.00133313168772, 0.00105226191226], [-0.000139562762342, 0.000537634652574, -0.000470732717076, -0.00112208386417, -0.000796460546553, 0.00712283747271, -0.00190843082964, -0.00200106902048, 0.00146017759107, -0.000634266121779, -0.00146397459321, 0.0008729766123, -0.00136559060775], [0.000156021415023, -0.000151092594024, 9.68655367615e-05, -0.000105415434518, -0.00221537193283, -0.00190843082964, 0.0108202714473, -0.00344420410693, -0.00287246471271, 0.00216615502723, -0.00087855651509, -0.000650214904454, -0.000482909526909], [-0.00028706699959, 0.000591784191784, -0.000875606900081, 0.000127312043332, 0.000458819267806, -0.00200106902048, -0.00344420410693, 0.0134997908026, -0.00481578661129, -0.002695357427, 0.00223698373884, -0.000922223960515, -0.000577115395572], [0.000192530977074, -0.000998369883746, 0.00075613608351, -0.00029974951758, 0.000129641746753, 0.00146017759107, -0.00287246471271, -0.00481578661129, 0.0171621143818, -0.00585196306929, -0.00389521173202, 0.00367458583787, -0.00113776524086], [-0.000161551666679, 0.000578496372327, -0.000898716330994, 0.00125125632621, -0.000681618286762, -0.000634266121779, 0.00216615502723, -0.002695357427, -0.00585196306929, 0.0167946163565, -0.00624415185302, -0.00209174421616, 0.00199624150991], [0.000379329023417, -0.000889311311767, 0.00127537362278, -0.000999277108349, 0.000303882348817, -0.00146397459321, -0.00087855651509, 0.00223698373884, -0.00389521173202, -0.00624415185302, 0.0206184927374, -0.00826494861394, 3.38211575581e-05], [-0.000316014135024, 0.00203170580789, -0.000816625892185, 0.0013022624189, -0.00133313168772, 0.0008729766123, -0.000650214904454, -0.000922223960515, 0.00367458583787, -0.00209174421616, -0.00826494861394, 0.0233772154897, -0.010698270984], [0.000188659323612, -0.00131430604961, 0.000943676102906, -0.00147565850057, 0.00105226191226, -0.00136559060775, -0.000482909526909, -0.000577115395572, -0.00113776524086, 0.00199624150991, 3.38211575581e-05, -0.010698270984, 0.0204046666622]]
    },
    "melbands": {
        "dmean": [0.00208045169711, 0.00136292155366, 0.000520483183209, 0.000414908776293, 0.00025569961872, 0.000210677229916, 0.00017480738461, 0.000150498235598, 0.000161985008162, 0.000123761317809, 0.000124201484141, 0.000100146520708, 8.0343845184e-05, 7.10928507033e-05, 6.3366816903e-05, 5.96156096435e-05, 5.10378849867e-05, 3.94338203478e-05, 3.31804185407e-05, 2.96142279694e-05, 3.00474202959e-05, 2.23557963182e-05, 1.88565081771e-05, 1.70516777871e-05, 1.27855491883e-05, 1.16016517495e-05, 1.03044521893e-05, 9.79552532954e-06, 7.56511462896e-06, 6.87219653628e-06, 6.3718553065e-06, 5.96437530476e-06, 5.37771029485e-06, 4.04688262279e-06, 3.66684503206e-06, 3.17755893775e-06, 2.633524673e-06, 2.37499625655e-06, 1.97255940293e-06, 1.67417317698e-06],
        "dmean2": [0.00307921878994, 0.00202428153716, 0.000909436959773, 0.000734734756406, 0.000443671975518, 0.000374716648366, 0.000301331980154, 0.000252695492236, 0.000261450273683, 0.000214175903238, 0.000210765298107, 0.000169043094502, 0.000139051611768, 0.000123956066091, 0.000110037814011, 0.000103365309769, 8.52469165693e-05, 6.55797630316e-05, 5.58708088647e-05, 5.11384532729e-05, 5.18919805472e-05, 3.82746729883e-05, 3.21167462971e-05, 2.87836774078e-05, 2.15027012018e-05, 1.9391422029e-05, 1.75175373442e-05, 1.6596281057e-05, 1.25180613395e-05, 1.14990307338e-05, 1.08100839498e-05, 1.02860039988e-05, 9.27834480535e-06, 6.76793979437e-06, 6.12763733443e-06, 5.33396814717e-06, 4.34223738921e-06, 3.95309280066e-06, 3.31044225277e-06, 2.82650808003e-06],
        "dvar": [8.86788620846e-06, 5.6736444094e-06, 1.36167523124e-06, 9.42387771374e-07, 2.67851277158e-07, 1.84603706543e-07, 7.11605636639e-08, 5.24430525672e-08, 7.18581745218e-08, 6.7835664197e-08, 4.43583907384e-08, 3.40576349345e-08, 2.78512288787e-08, 1.94062668157e-08, 1.27632393543e-08, 1.06380921849e-08, 1.02508108668e-08, 7.79981768062e-09, 5.61170399038e-09, 3.04984104638e-09, 3.07040948222e-09, 1.6218497656e-09, 1.11231657218e-09, 9.83311876368e-10, 4.88638018936e-10, 4.25576490715e-10, 3.11741465975e-10, 2.79163969719e-10, 1.69639038927e-10, 1.28319813109e-10, 1.04977998516e-10, 1.12001428965e-10, 9.66977470318e-11, 5.24985402373e-11, 4.52611559343e-11, 4.49609412201e-11, 1.62290007821e-11, 1.49371990471e-11, 1.00662707336e-11, 6.98688546255e-12],
        "dvar2": [1.88414633158e-05, 1.19583219202e-05, 3.71734745386e-06, 2.60902470473e-06, 7.18332671568e-07, 5.24718757333e-07, 1.92976699509e-07, 1.36626923108e-07, 1.71887720057e-07, 1.95537580794e-07, 1.16706040387e-07, 8.72358754123e-08, 7.37285432706e-08, 5.31067279042e-08, 3.37976366893e-08, 2.79545826487e-08, 2.54941792122e-08, 1.97994509676e-08, 1.43115368445e-08, 8.23583246046e-09, 8.31354984854e-09, 4.39453229362e-09, 2.85913781539e-09, 2.48724463248e-09, 1.26187926774e-09, 1.10407349929e-09, 8.15850220715e-10, 7.25731086337e-10, 4.31461477657e-10, 3.33469168945e-10, 2.74740341588e-10, 3.0798258388e-10, 2.66797972603e-10, 1.25929711103e-10, 1.1578402126e-10, 1.20320337027e-10, 4.13445701286e-11, 3.85961401728e-11, 2.63032772646e-11, 1.87514188205e-11],
        "max": [0.0353084802628, 0.0273029860109, 0.0119717791677, 0.0145968543366, 0.00667001307011, 0.00786683242768, 0.0043465020135, 0.00520840287209, 0.00568246422336, 0.00653603626415, 0.00360846659169, 0.00452361255884, 0.00361736281775, 0.00386155559681, 0.00307231559418, 0.00290284305811, 0.00248105847277, 0.00234433379956, 0.00229936419055, 0.00124009943102, 0.00149323279038, 0.000736986403354, 0.000961149635259, 0.00120467541274, 0.000465193937998, 0.000847637827974, 0.000464875280159, 0.000383352627978, 0.000287272559945, 0.000244968105108, 0.000201229224331, 0.000279348692857, 0.000385901192203, 0.000315723475069, 0.000328824156895, 0.00049125123769, 8.32308505778e-05, 0.000136064714752, 7.58832829888e-05, 5.77901373617e-05],
        "mean": [0.00385594950058, 0.0022125816904, 0.000534875318408, 0.000419812189648, 0.000300906103803, 0.000267687457381, 0.000263359543169, 0.000242845417233, 0.000264014757704, 0.000167016114574, 0.000181820156286, 0.000142284246976, 0.00010531109001, 8.927257295e-05, 8.2705191744e-05, 8.15172024886e-05, 7.83694849815e-05, 6.05525310675e-05, 5.05586867803e-05, 4.25194812124e-05, 4.2197338189e-05, 3.31268711307e-05, 2.83878653136e-05, 2.69436641247e-05, 2.11175665754e-05, 1.9889754185e-05, 1.6961401343e-05, 1.60544732353e-05, 1.33726307467e-05, 1.21924713312e-05, 1.12392781375e-05, 9.64158243733e-06, 8.90153387445e-06, 7.52692449169e-06, 6.82694962961e-06, 5.91191883359e-06, 5.33210277354e-06, 4.75123988508e-06, 3.9714450395e-06, 3.46303727383e-06],
        "median": [0.00203951750882, 0.000927528715692, 0.00019605315174, 0.000155969028128, 0.000139246752951, 0.000144017103594, 0.000159466624609, 0.0001394196006, 0.00013556140766, 7.56245208322e-05, 9.44037819863e-05, 5.86110654694e-05, 3.61752718163e-05, 3.81534591725e-05, 3.75715244445e-05, 3.61180682376e-05, 3.43876890838e-05, 2.84889356408e-05, 2.43355298153e-05, 2.16689604713e-05, 2.15841337194e-05, 1.72043473867e-05, 1.43973866216e-05, 1.42700528158e-05, 1.14426784421e-05, 1.07088817458e-05, 9.5348650575e-06, 8.6839290816e-06, 7.94795141701e-06, 7.86081545812e-06, 7.23170251149e-06, 5.91173966313e-06, 5.49737978872e-06, 4.74847820442e-06, 4.40591884399e-06, 3.94465132558e-06, 3.38771951647e-06, 3.16731757266e-06, 2.51730034506e-06, 2.07862103707e-06],
        "min": [3.11803583676e-24, 1.16670358515e-24, 1.00068563828e-24, 2.93330393985e-24, 1.66266161955e-24, 1.52555098751e-24, 3.91692355852e-24, 3.53217085149e-24, 3.05739669062e-24, 3.1941555893e-24, 3.91109663744e-24, 3.65026569558e-24, 4.53603066883e-24, 2.95799173631e-24, 3.5742179266e-24, 5.59878802465e-24, 3.05832005231e-24, 1.92791235184e-24, 6.45541918138e-24, 4.20702084552e-24, 4.10443579569e-24, 5.00239340309e-24, 3.92670543374e-24, 4.88023355875e-24, 6.24602709814e-24, 4.21622724672e-24, 5.50418821933e-24, 6.50492059761e-24, 4.78825908252e-24, 5.82498955049e-24, 6.98401988561e-24, 5.97702197959e-24, 5.63974883829e-24, 5.58358864716e-24, 5.82838677998e-24, 5.96443412612e-24, 6.57897018192e-24, 6.69903993929e-24, 7.05825406337e-24, 5.80409578055e-24],
        "var": [2.29380020755e-05, 1.07363330244e-05, 1.09660243197e-06, 7.35952028208e-07, 2.45522414843e-07, 1.69415130813e-07, 1.01611739467e-07, 9.95069200371e-08, 1.48504497588e-07, 7.40077013006e-08, 6.55048708609e-08, 5.76025946941e-08, 4.00722370841e-08, 2.33292514196e-08, 1.7886192083e-08, 1.69749405643e-08, 1.99445189253e-08, 1.28116184328e-08, 8.40406499947e-09, 4.56782878189e-09, 4.21646939586e-09, 2.53189291755e-09, 1.80839831998e-09, 1.63916757945e-09, 8.66129001853e-10, 7.7449263669e-10, 5.40098965551e-10, 5.01912178485e-10, 3.10461378827e-10, 2.23077611938e-10, 1.99606220441e-10, 1.58576610176e-10, 1.33496005916e-10, 1.1408789885e-10, 8.26217566585e-11, 6.34831007207e-11, 4.18150236658e-11, 3.24710536237e-11, 2.22073817668e-11, 1.6862788943e-11]
    },
    "mfcc": {
        "mean": [-618.31072998, 98.789390564, 4.67439174652, 13.7730073929, 1.73225879669, 6.52259016037, 0.900470495224, 3.71216845512, 4.72222566605, 6.55456638336, 6.01025152206, 4.9939904213, 1.67079949379],
        "cov": [[12452.5771484, -2379.92724609, -115.52142334, 217.170806885, 421.494384766, 331.002410889, 479.433563232, 488.456359863, 191.951629639, 46.2708396912, -194.746017456, -60.8321495056, 116.987098694], [-2379.92724609, 1881.43969727, -149.135910034, -55.6440467834, -188.843215942, -177.160690308, -253.531707764, -217.450805664, -80.2534103394, -27.1082859039, 50.9788856506, 3.45680856705, -65.1552810669], [-115.52142334, -149.135910034, 503.82208252, 66.6223678589, 111.16859436, 67.9904327393, 88.7917633057, 50.2428703308, 58.027053833, 36.9784088135, 27.0773849487, 18.2545089722, 15.0760097504], [217.170806885, -55.6440467834, 66.6223678589, 242.37348938, 80.1479568481, 54.4275856018, 46.5569610596, 40.8672027588, 33.5592498779, 14.2583942413, 3.26033687592, -4.95763731003, 18.9567680359], [421.494384766, -188.843215942, 111.16859436, 80.1479568481, 206.509262085, 99.7827301025, 101.744926453, 64.1338500977, 45.3502159119, 28.8624477386, 14.0026483536, 10.5089492798, 26.8894996643], [331.002410889, -177.160690308, 67.9904327393, 54.4275856018, 99.7827301025, 161.651443481, 108.123321533, 68.6355285645, 40.7618789673, 19.1630458832, 9.43023872375, 10.5651893616, 24.3562259674], [479.433563232, -253.531707764, 88.7917633057, 46.5569610596, 101.744926453, 108.123321533, 180.204483032, 104.419754028, 62.7895927429, 33.9246635437, 15.3134813309, 13.6497278214, 33.9172134399], [488.456359863, -217.450805664, 50.2428703308, 40.8672027588, 64.1338500977, 68.6355285645, 104.419754028, 138.305145264, 68.7409515381, 30.7632274628, 5.2478313446, 10.8372879028, 28.8126163483], [191.951629639, -80.2534103394, 58.027053833, 33.5592498779, 45.3502159119, 40.7618789673, 62.7895927429, 68.7409515381, 106.996040344, 50.2029533386, 25.7441291809, 13.8019104004, 23.6253967285], [46.2708396912, -27.1082859039, 36.9784088135, 14.2583942413, 28.8624477386, 19.1630458832, 33.9246635437, 30.7632274628, 50.2029533386, 93.3332138062, 52.1222229004, 22.8079624176, 14.2979469299], [-194.746017456, 50.9788856506, 27.0773849487, 3.26033687592, 14.0026483536, 9.43023872375, 15.3134813309, 5.2478313446, 25.7441291809, 52.1222229004, 100.486984253, 46.0224266052, 17.3052902222], [-60.8321495056, 3.45680856705, 18.2545089722, -4.95763731003, 10.5089492798, 10.5651893616, 13.6497278214, 10.8372879028, 13.8019104004, 22.8079624176, 46.0224266052, 77.9190139771, 36.3024253845], [116.987098694, -65.1552810669, 15.0760097504, 18.9567680359, 26.8894996643, 24.3562259674, 33.9172134399, 28.8126163483, 23.6253967285, 14.2979469299, 17.3052902222, 36.3024253845, 74.6659317017]],
