{
"lowlevel": {
    "average_loudness": 0.924907982349,
    "barkbands_crest": {
        "dmean": 2.7764775753,
        "dmean2": 4.44170331955,
        "dvar": 6.89228057861,
        "dvar2": 15.5874137878,
        "max": 25.7168426514,
        "mean": 8.91404247284,
        "median": 7.95062875748,
        "min": 1.87236845493,
        "var": 20.1912059784
    },
    "barkbands_flatness_db": {
        "dmean": 0.0220375582576,
        "dmean2": 0.0329012721777,
        "dvar": 0.000727876438759,
        "dvar2": 0.0014918895904,
        "max": 0.820338308811,
        "mean": 0.0926516801119,
        "median": 0.0754261687398,
        "min": 0.0134884724393,
        "var": 0.00425524869934
    },
    "barkbands_kurtosis": {
        "dmean": 2.23351931572,
        "dmean2": 3.53722834587,
        "dvar": 132.775604248,
        "dvar2": 342.272247314,
        "max": 882.914916992,
        "mean": 1.68587779999,
        "median": -0.238275766373,
        "min": -1.91133391857,
        "var": 149.753662109
    },
    "barkbands_skewness": {
        "dmean": 0.544353187084,
        "dmean2": 0.810762286186,
        "dvar": 0.503214359283,
        "dvar2": 1.20705974102,
        "max": 24.0758171082,
        "mean": 0.957695066929,
        "median": 0.803877294064,
        "min": -7.89137554169,
        "var": 1.59336018562
    },
    "barkbands_spread": {
        "dmean": 8.30634593964,
        "dmean2": 13.0962457657,
        "dvar": 78.145324707,
        "dvar2": 183.801467896,
        "max": 113.713485718,
        "mean": 39.1196289062,
        "median": 38.5025939941,
        "min": 0.182650238276,
        "var": 300.281860352
    },
    "dissonance": {
        "dmean": 0.0126093151048,
        "dmean2": 0.0215541999787,
        "dvar": 0.000262091314653,
        "dvar2": 0.000711998378392,
        "max": 0.500000059605,
        "mean": 0.480468541384,
        "median": 0.486144125462,
        "min": 0.140874758363,
        "var": 0.000561731052585
    },
    "dynamic_complexity": 2.41065144539,
    "erbbands_crest": {
        "dmean": 2.2116856575,
        "dmean2": 3.64004921913,
        "dvar": 5.37185144424,
        "dvar2": 13.119187355,
        "max": 33.0713272095,
        "mean": 6.85907459259,
        "median": 5.74410867691,
        "min": 1.99879181385,
        "var": 14.8735294342
    },
    "erbbands_flatness_db": {
        "dmean": 0.014712555334,
        "dmean2": 0.0229351501912,
        "dvar": 0.000299853534671,
        "dvar2": 0.000608330999967,
        "max": 0.625304937363,
        "mean": 0.124164894223,
        "median": 0.107929877937,
        "min": 0.042266972363,
        "var": 0.00345350848511
    },
    "erbbands_kurtosis": {
        "dmean": 0.754712402821,
        "dmean2": 1.25293576717,
        "dvar": 4.565117836,
        "dvar2": 13.1131572723,
        "max": 92.100769043,
        "mean": -0.0252895355225,
        "median": -0.401296138763,
        "min": -1.84062278271,
        "var": 4.99305868149
    },
    "erbbands_skewness": {
        "dmean": 0.343312352896,
        "dmean2": 0.545986890793,
        "dvar": 0.145852386951,
        "dvar2": 0.367854624987,
        "max": 6.98462200165,
        "mean": -0.171756342053,
        "median": -0.180998831987,
        "min": -5.53022146225,
        "var": 0.406713068485
    },
    "erbbands_spread": {
        "dmean": 9.47003555298,
        "dmean2": 14.4130315781,
        "dvar": 105.998893738,
        "dvar2": 245.329406738,
        "max": 177.544082642,
        "mean": 47.1974411011,
        "median": 44.5123748779,
        "min": 1.08977925777,
        "var": 443.22076416
    },
    "hfc": {
        "dmean": 13.4831705093,
        "dmean2": 21.3699207306,
        "dvar": 333.745147705,
        "dvar2": 818.471313477,
        "max": 249.597824097,
        "mean": 44.2150917053,
        "median": 38.5894699097,
        "min": 1.06942998406e-16,
        "var": 1167.26074219
    },
    "melbands_crest": {
        "dmean": 4.18086147308,
        "dmean2": 6.74795150757,
        "dvar": 14.7225866318,
        "dvar2": 35.3801345825,
        "max": 36.8907928467,
        "mean": 14.6303768158,
        "median": 13.8180685043,
        "min": 1.55703270435,
        "var": 48.7415847778
    },
    "melbands_flatness_db": {
        "dmean": 0.0308479573578,
        "dmean2": 0.0457413308322,
        "dvar": 0.00129086815286,
        "dvar2": 0.00278392457403,
        "max": 1,
        "mean": 0.145551607013,
        "median": 0.131193310022,
        "min": 0.00279224314727,
        "var": 0.00670372694731
    },
    "melbands_kurtosis": {
        "dmean": 8.86518001556,
        "dmean2": 13.1623220444,
        "dvar": 613.83026123,
        "dvar2": 1341.57507324,
        "max": 771.752075195,
        "mean": 13.4005279541,
        "median": 4.87118196487,
        "min": -1.8767272234,
        "var": 1159.12915039
    },
    "melbands_skewness": {
        "dmean": 0.889300227165,
        "dmean2": 1.3094804287,
        "dvar": 1.3482080698,
        "dvar2": 2.94466948509,
        "max": 23.0281257629,
        "mean": 2.60028505325,
        "median": 2.10342049599,
        "min": -2.60470223427,
        "var": 4.70150661469
    },
    "melbands_spread": {
        "dmean": 12.1661653519,
        "dmean2": 18.961517334,
        "dvar": 192.243423462,
        "dvar2": 465.089904785,
        "max": 214.9818573,
        "mean": 41.2624473572,
        "median": 36.6559906006,
        "min": 0.316473811865,
        "var": 714.711730957
    },
    "pitch_salience": {
        "dmean": 0.0913131162524,
        "dmean2": 0.145088851452,
        "dvar": 0.00814973656088,
        "dvar2": 0.0190816093236,
        "max": 0.960282862186,
        "mean": 0.559779584408,
        "median": 0.578495919704,
        "min": 0.0317903123796,
        "var": 0.0221662055701
    },
    "silence_rate_20dB": {
        "dmean": 0,
        "dmean2": 0,
        "dvar": 0,
        "dvar2": 0,
        "max": 1,
        "mean": 1,
        "median": 1,
        "min": 1,
        "var": 0
    },
    "silence_rate_30dB": {
        "dmean": 0.000167168167536,
        "dmean2": 0.000334364303853,
        "dvar": 0.000167124104337,
        "dvar2": 0.000501370232087,
        "max": 1,
        "mean": 0.999916434288,
        "median": 1,
        "min": 0,
        "var": 8.35660903249e-05
    },
    "silence_rate_60dB": {
        "dmean": 0.00702106300741,
        "dmean2": 0.0140433004126,
        "dvar": 0.00697072967887,
        "dvar2": 0.016689164564,
        "max": 1,
        "mean": 0.0467195995152,
        "median": 0,
        "min": 0,
        "var": 0.0445363670588
    },
    "spectral_centroid": {
        "dmean": 333.493133545,
        "dmean2": 528.700866699,
        "dvar": 129558.117188,
        "dvar2": 320265.6875,
        "max": 11937.9150391,
        "mean": 2286.59619141,
        "median": 2156.56176758,
        "min": 109.903335571,
        "var": 1997242
    },
    "spectral_complexity": {
        "dmean": 5.51738548279,
        "dmean2": 8.82521152496,
        "dvar": 35.7991065979,
        "dvar2": 84.0612792969,
        "max": 62,
        "mean": 29.1157550812,
        "median": 31,
        "min": 0,
        "var": 201.145629883
    },
    "spectral_decrease": {
        "dmean": 1.90729765315e-09,
        "dmean2": 2.91200441538e-09,
        "dvar": 4.82252749127e-18,
        "dvar2": 1.10082205079e-17,
        "max": 1.08723819878e-11,
        "mean": -7.74127073555e-09,
        "median": -7.48075912327e-09,
        "min": -3.17427470975e-08,
        "var": 2.41102617936e-17
    },
    "spectral_energy": {
        "dmean": 0.00754675222561,
        "dmean2": 0.0116793289781,
        "dvar": 7.00839518686e-05,
        "dvar2": 0.000164269993547,
        "max": 0.121716208756,
        "mean": 0.0332277305424,
        "median": 0.03356519714,
        "min": 9.90959142664e-21,
        "var": 0.000400352408178
    },
    "spectral_energyband_high": {
        "dmean": 0.00135636318009,
        "dmean2": 0.00214227451943,
        "dvar": 3.92748779632e-06,
        "dvar2": 9.45707961364e-06,
        "max": 0.0303807891905,
        "mean": 0.00362575799227,
        "median": 0.00285785249434,
        "min": 6.78790630671e-21,
        "var": 1.28230776681e-05
    },
    "spectral_energyband_low": {
        "dmean": 0.00677385320887,
        "dmean2": 0.00949073396623,
        "dvar": 8.42502122396e-05,
        "dvar2": 0.000177355759661,
        "max": 0.115652196109,
        "mean": 0.0147922923788,
        "median": 0.00726162642241,
        "min": 8.86292484536e-24,
        "var": 0.00028264237335
    },
    "spectral_energyband_middle_high": {
        "dmean": 0.00246211094782,
        "dmean2": 0.0040018055588,
        "dvar": 8.67076960276e-06,
        "dvar2": 2.20187394007e-05,
        "max": 0.0570679008961,
        "mean": 0.00719344057143,
        "median": 0.00600081309676,
        "min": 9.53065748387e-22,
        "var": 3.14148928737e-05
    },
    "spectral_energyband_middle_low": {
        "dmean": 0.00430305814371,
        "dmean2": 0.00703776394948,
        "dvar": 3.01149630104e-05,
        "dvar2": 7.30980464141e-05,
        "max": 0.0617129616439,
        "mean": 0.00861569866538,
        "median": 0.00674999412149,
        "min": 1.5407883526e-22,
        "var": 5.34021710337e-05
    },
    "spectral_entropy": {
        "dmean": 0.125083073974,
        "dmean2": 0.196189120412,
        "dvar": 0.0279790330678,
        "dvar2": 0.0596039257944,
        "max": 9.8311290741,
        "mean": 8.04864406586,
        "median": 8.14286994934,
        "min": 3.39670944214,
        "var": 0.283441275358
    },
    "spectral_flux": {
        "dmean": 0.0255624502897,
        "dmean2": 0.0429174378514,
        "dvar": 0.000683933962137,
        "dvar2": 0.00182401039638,
        "max": 0.338820785284,
        "mean": 0.105587802827,
        "median": 0.10661906004,
        "min": 6.28976107309e-11,
        "var": 0.00225120130926
    },
    "spectral_kurtosis": {
        "dmean": 1.70715820789,
        "dmean2": 2.82475876808,
        "dvar": 385.006072998,
        "dvar2": 876.601074219,
        "max": 1288.82189941,
        "mean": 4.1340470314,
        "median": 2.08952140808,
        "min": -1.256772995,
        "var": 550.355285645
    },
    "spectral_rms": {
        "dmean": 0.000635404780041,
        "dmean2": 0.00098308280576,
        "dvar": 4.22025010494e-07,
        "dvar2": 9.79667561296e-07,
        "max": 0.0108971334994,
        "mean": 0.00532848667353,
        "median": 0.00572245894,
        "min": 3.10932377935e-12,
        "var": 4.024658665e-06
    },
    "spectral_rolloff": {
        "dmean": 1040.25048828,
        "dmean2": 1654.3972168,
        "dvar": 1743274.125,
        "dvar2": 3870804.25,
        "max": 19659.8144531,
        "mean": 3221.36572266,
        "median": 2583.984375,
        "min": 64.599609375,
        "var": 9093014
    },
    "spectral_skewness": {
        "dmean": 0.172883704305,
        "dmean2": 0.277894020081,
        "dvar": 0.229023963213,
        "dvar2": 0.461082220078,
        "max": 30.5266590118,
        "mean": 1.28402459621,
        "median": 1.16850936413,
        "min": -0.0959919989109,
        "var": 0.903296887875
    },
    "spectral_spread": {
        "dmean": 581621.125,
        "dmean2": 895335.5,
        "dvar": 541778509824,
        "dvar2": 1.1295073239e+12,
        "max": 42897668,
        "mean": 6368650.5,
        "median": 5896286,
        "min": 131241.84375,
        "var": 2.61548283003e+13
    },
    "spectral_strongpeak": {
        "dmean": 0.579143643379,
        "dmean2": 1.01134598255,
        "dvar": 2.20357775688,
        "dvar2": 5.6225438118,
        "max": 36.229549408,
        "mean": 0.824595689774,
        "median": 0.40591108799,
        "min": 0,
        "var": 3.26780509949
    },
    "zerocrossingrate": {
        "dmean": 0.0159930884838,
        "dmean2": 0.0189291331917,
        "dvar": 0.000265472423052,
        "dvar2": 0.000375242554583,
        "max": 0.83251953125,
        "mean": 0.108193293214,
        "median": 0.0966796875,
        "min": 0.00341796875,
        "var": 0.00521461898461
    },
    "barkbands": {
        "dmean": [0.000433963577962, 0.00518286554143, 0.00278915883973, 0.00151450606063, 0.00117735587992, 0.00149468344171, 0.00107668736018, 0.000848847383168, 0.000902128173038, 0.000556533166673, 0.000485951110022, 0.00051330513088, 0.000490591162816, 0.000494383915793, 0.000488364079501, 0.000354446470737, 0.00037146001705, 0.000351290975232, 0.000308269751258, 0.000353359559085, 0.000312171119731, 0.00036063476, 0.00027526440681, 0.000272946694167, 0.000211229431443, 0.000112601082947, 2.5215682399e-05],
        "dmean2": [0.000541849934962, 0.00737964827567, 0.00410283729434, 0.00246520969085, 0.00200435775332, 0.00243843207136, 0.00182343658525, 0.00145511620212, 0.00149921991397, 0.000928813358769, 0.000819277367555, 0.000870900985319, 0.000816152140033, 0.000822282745503, 0.000800101610366, 0.000585852365475, 0.00063005532138, 0.000578128558118, 0.000516000087373, 0.000591094489209, 0.000510778161697, 0.000591615505982, 0.000453706190456, 0.00043209004798, 0.000334010808729, 0.000172196712811, 4.07827064919e-05],
        "dvar": [1.10768723971e-06, 6.77503412589e-05, 2.55934101006e-05, 8.49718981044e-06, 3.13820760312e-06, 8.2604265117e-06, 4.03366084356e-06, 2.39390351453e-06, 2.46686772698e-06, 7.8826809613e-07, 7.61584885822e-07, 6.52394760436e-07, 8.75521209309e-07, 9.65818003351e-07, 1.07792004655e-06, 3.81379948067e-07, 3.64173558864e-07, 2.89461581815e-07, 2.5350104238e-07, 3.12531085456e-07, 2.28886094078e-07, 6.44748013201e-07, 2.45725345849e-07, 2.64184762955e-07, 1.31685439442e-07, 4.67524365888e-08, 2.75535239069e-09],
        "dvar2": [1.38644293202e-06, 0.000135648282594, 5.77278915443e-05, 1.85059452633e-05, 8.49552179716e-06, 1.98142952286e-05, 1.01428204289e-05, 6.1212563196e-06, 6.50541051073e-06, 2.08853521144e-06, 2.00089402824e-06, 1.73564183115e-06, 2.17018828153e-06, 2.35668494497e-06, 2.46243689617e-06, 9.46155694237e-07, 9.71474491962e-07, 7.2187015121e-07, 6.35505728042e-07, 7.83571692864e-07, 5.3305120673e-07, 1.51473443566e-06, 5.33426145921e-07, 6.19813363301e-07, 3.15483958957e-07, 1.02002516655e-07, 6.55436283026e-09],
        "max": [0.0339448079467, 0.110809028149, 0.0496516674757, 0.0320432111621, 0.0297038983554, 0.0406874790788, 0.0381495654583, 0.0288249999285, 0.0248189195991, 0.011215781793, 0.0174177903682, 0.0209424961358, 0.027911093086, 0.033169798553, 0.0392534807324, 0.0137238427997, 0.0128248110414, 0.010749056004, 0.0160392336547, 0.0126341739669, 0.0229514520615, 0.017561847344, 0.0194378104061, 0.0149323875085, 0.0047597582452, 0.00515231257305, 0.00208132877015],
        "mean": [0.000792832113802, 0.0095874806866, 0.00352641986683, 0.00163551268633, 0.00155221461318, 0.00166954169981, 0.00125125341583, 0.00101779866964, 0.00130041129887, 0.000799638393801, 0.000672360300086, 0.000771094288211, 0.000744036224205, 0.000731802429073, 0.000776413711719, 0.0005618458963, 0.000602459069341, 0.000696897448506, 0.000602713786066, 0.000682132027578, 0.000699886237271, 0.000709232641384, 0.000576528371312, 0.000598666374572, 0.000419179472374, 0.000211194390431, 3.81865975214e-05],
        "median": [5.84112458455e-05, 0.00326972245239, 0.000846088980325, 0.000413876783568, 0.000844502821565, 0.000581324100494, 0.000575490237679, 0.000531339319423, 0.000714413705282, 0.000398217875045, 0.000320392515277, 0.000420957570896, 0.000385347666452, 0.00032755790744, 0.000393990892917, 0.000316866702633, 0.000358414807124, 0.00048823756515, 0.000421026197728, 0.000485205440782, 0.000536967883818, 0.000472371670185, 0.000373375136405, 0.000383251317544, 0.0002573824313, 0.000110131870315, 1.18858197311e-05],
        "min": [1.93029518016e-26, 7.87843373261e-25, 6.77754925013e-25, 5.47205742162e-25, 7.0882402441e-24, 7.38833713195e-24, 4.49742381613e-24, 3.12663718164e-24, 1.06332218023e-23, 7.746677987e-24, 1.17738910054e-23, 1.53449475719e-23, 3.06935586139e-23, 2.56497082036e-23, 2.55876674489e-23, 4.48613805648e-23, 5.32307624734e-23, 7.52886702241e-23, 1.04208052263e-22, 1.56375922486e-22, 2.26631281481e-22, 2.90232100181e-22, 3.59287519698e-22, 5.54689375663e-22, 7.92038765113e-22, 1.27907497516e-21, 1.90787410945e-21],
        "var": [4.13095631302e-06, 0.000176957022632, 4.1419891204e-05, 9.8413138403e-06, 3.90146260543e-06, 9.87074145087e-06, 4.32316164733e-06, 2.61161244453e-06, 3.25688779412e-06, 1.34773347327e-06, 1.1060401448e-06, 1.5208294144e-06, 1.39013354783e-06, 1.62851426921e-06, 1.99337591766e-06, 6.40527957785e-07, 5.75386195578e-07, 6.10664642409e-07, 5.49818821582e-07, 6.46891180622e-07, 5.89165892961e-07, 1.2452893543e-06, 8.4566232772e-07, 7.58358282837e-07, 2.81066974139e-07, 1.00172535156e-07, 4.91281149095e-09]
    },
    "erbbands": {
        "dmean": [0.165966525674, 1.18548679352, 3.12639188766, 3.94010281563, 3.91388487816, 4.4866065979, 6.74557113647, 15.3812541962, 14.2442121506, 17.6635189056, 18.703119278, 19.422700882, 17.3289051056, 19.0500392914, 16.6442012787, 21.0076236725, 20.995475769, 22.5625228882, 24.0083446503, 19.5375919342, 18.7092285156, 20.5750179291, 18.7779426575, 16.8278026581, 15.4911966324, 16.369852066, 13.8587312698, 11.6858949661, 12.3463020325, 11.8217515945, 7.31984186172, 5.65833044052, 4.852455616, 2.94567203522, 1.22952306271, 0.54284119606, 0.207160070539, 0.049969997257, 0.00395549181849, 6.5986700065e-05],
        "dmean2": [0.248464137316, 1.66668713093, 4.5953001976, 5.98576593399, 6.35184669495, 7.73929643631, 11.2150287628, 25.1274814606, 23.7776813507, 30.4272651672, 31.6519756317, 32.4598617554, 29.0346488953, 31.5741424561, 28.1648540497, 35.4218788147, 35.0157432556, 37.4002304077, 39.5963783264, 32.1041793823, 30.9179897308, 34.8320083618, 30.786485672, 27.9500904083, 25.700138092, 27.7906703949, 22.8536224365, 19.0856361389, 20.2613296509, 19.5007038116, 12.022192955, 9.06564617157, 7.75621843338, 4.74766921997, 1.92594146729, 0.842771470547, 0.319243311882, 0.0775723233819, 0.00637500314042, 0.000104955142888],
        "dvar": [0.0813382342458, 3.88405323029, 30.6464176178, 48.6127662659, 36.5116424561, 51.0532112122, 130.808837891, 1089.75146484, 655.998352051, 1192.67797852, 1108.42797852, 1288.42272949, 799.875610352, 1040.99755859, 777.315368652, 1144.32116699, 1760.29174805, 2022.43920898, 2820.22460938, 1205.17712402, 1061.54089355, 1086.70739746, 926.637084961, 667.263427734, 689.872558594, 737.275939941, 578.948669434, 302.905273438, 501.731750488, 562.296203613, 139.391113281, 72.7177581787, 112.641937256, 28.5981121063, 4.07868480682, 0.98160815239, 0.19968162477, 0.00974453892559, 6.22949228273e-05, 1.44567291471e-08],
        "dvar2": [0.170841708779, 7.31998682022, 64.9841003418, 107.392730713, 91.1550598145, 138.771118164, 313.979217529, 2627.08276367, 1584.77233887, 3169.41137695, 2825.31933594, 3423.30908203, 2154.19116211, 2702.46386719, 2115.2355957, 2991.77856445, 4418.25195312, 5087.7578125, 6510.625, 2767.79418945, 2613.47583008, 2875.98120117, 2336.33813477, 1647.5723877, 1724.79345703, 1909.89416504, 1320.27197266, 747.479248047, 1222.25537109, 1324.15930176, 329.02734375, 174.241760254, 263.776031494, 70.8435440063, 9.43083953857, 2.24334144592, 0.450206011534, 0.0222167670727, 0.000146135265823, 3.29995266668e-08],
        "max": [3.94289684296, 23.3406543732, 58.6998748779, 80.9865264893, 113.975868225, 86.3493728638, 222.260848999, 486.564605713, 374.081848145, 826.222351074, 729.084350586, 646.184387207, 467.624511719, 617.718078613, 543.690551758, 1060.57556152, 1364.98046875, 882.773132324, 2533.26000977, 1240.44921875, 650.442871094, 836.54083252, 719.148986816, 724.598083496, 1045.89367676, 612.557067871, 1421.17004395, 610.496704102, 422.197418213, 514.446533203, 342.139312744, 145.381286621, 338.72555542, 66.5177459717, 31.9511604309, 19.5668716431, 17.1386528015, 3.18033504486, 0.213452219963, 0.00270777218975],
        "mean": [0.27560672164, 2.09214901924, 4.59480047226, 4.83198165894, 4.85121631622, 5.31336927414, 7.8067317009, 16.4372577667, 16.7238235474, 20.756690979, 25.3455619812, 27.2405147552, 25.6886310577, 28.9519882202, 25.0625896454, 33.3855476379, 34.2649726868, 36.6003303528, 41.1680488586, 33.7258872986, 32.5131797791, 35.2523956299, 37.4234008789, 33.5969581604, 32.0081062317, 30.5590763092, 29.8028526306, 26.2548236847, 24.589138031, 22.5586891174, 15.5591936111, 12.2104330063, 10.23828125, 5.55273008347, 2.47258543968, 1.03067111969, 0.367854148149, 0.0858459323645, 0.00601312983781, 0.000149032086483],
        "median": [0.0730146318674, 0.673764467239, 1.25143933296, 1.57076323032, 2.05959844589, 2.70530414581, 3.15489935875, 5.13462257385, 7.48659133911, 10.0416383743, 13.7149543762, 15.3642578125, 14.6852197647, 15.6270837784, 13.9766426086, 18.4995956421, 19.4391860962, 18.7433185577, 21.7185382843, 20.3528747559, 19.8559341431, 22.3633995056, 26.0825843811, 24.8648071289, 22.8696975708, 21.1364498138, 21.7962703705, 20.3924617767, 17.0104579926, 14.1985120773, 10.3898134232, 8.2499332428, 6.0925617218, 3.30986905098, 1.50154054165, 0.575906097889, 0.177239045501, 0.0365575477481, 0.0018397619715, 9.41840771702e-05],
        "min": [2.06141266334e-23, 3.07010250246e-22, 9.55818607889e-22, 3.56115026584e-21, 7.68348280058e-21, 2.52979651729e-20, 3.8725895018e-20, 6.4323360965e-20, 8.2075761972e-20, 1.39119991708e-19, 1.64050711307e-19, 3.77637030199e-19, 4.85150683345e-19, 5.73299960804e-19, 7.56735119853e-19, 8.737269962e-19, 1.60547753924e-18, 1.35463801701e-18, 2.30270104653e-18, 2.47569780663e-18, 2.67208268497e-18, 3.69396858562e-18, 4.44950336301e-18, 4.94155754065e-18, 5.52347248413e-18, 8.71308382127e-18, 8.34070199875e-18, 9.87646951225e-18, 1.01010424311e-17, 1.0639986169e-17, 1.03390835047e-17, 9.89252177922e-18, 9.45459747368e-18, 8.20127078034e-18, 6.3298317199e-18, 4.02509105278e-18, 2.27793980848e-18, 9.70912653164e-19, 2.29984644623e-19, 2.51459190366e-20],
        "var": [0.193731293082, 10.567574501, 60.7012710571, 68.2573928833, 45.8651390076, 56.8877105713, 179.87399292, 1221.38024902, 777.116821289, 1198.33190918, 1423.17126465, 1482.84802246, 1139.4050293, 1696.35351562, 1131.27941895, 3223.25146484, 2703.95629883, 3381.76806641, 5548.72363281, 2267.18237305, 1941.43615723, 1761.32775879, 1815.55859375, 1381.2322998, 1631.59399414, 1325.97741699, 1317.39746094, 735.186523438, 1010.45916748, 1293.23681641, 408.149383545, 193.547653198, 309.930603027, 52.8578033447, 9.53881549835, 2.06872868538, 0.394485920668, 0.0190694015473, 0.0001159001622, 3.28703073649e-08]
    },
    "gfcc": {
        "mean": [24.3872127533, 45.2492523193, -109.512168884, 33.904838562, -55.8166313171, 20.015581131, -31.3289337158, 13.6891088486, -20.6962165833, 8.46340847015, -15.3472623825, 3.50701808929, -13.7189979553],
        "cov": [[37600.6992188, -649.635559082, -1872.3338623, 1877.83984375, -1409.13977051, 849.651428223, -901.419921875, 834.883789062, -518.841003418, 467.586456299, -833.620422363, 114.849319458, -496.097991943], [-649.635559082, 1873.06787109, -435.200927734, -161.845657349, 43.8445854187, -240.616516113, 124.56162262, -147.091629028, 117.550506592, -110.753189087, 92.4163970947, -128.385559082, 82.8409729004], [-1872.3338623, -435.200927734, 1253.73193359, 343.348205566, 293.501739502, 187.265594482, 94.2341537476, 94.6839447021, 46.6378250122, 57.7404251099, -27.6956882477, 26.8297557831, -6.6863951683], [1877.83984375, -161.845657349, 343.348205566, 680.408325195, 146.773605347, 181.964202881, 27.0757637024, 115.151863098, 1.92155539989, 48.4613723755, -124.47215271, -48.3387031555, -43.8257484436], [-1409.13977051, 43.8445854187, 293.501739502, 146.773605347, 394.265411377, 101.600364685, 142.303070068, 20.7450275421, 55.0479202271, -12.0038528442, -2.46282434464, -30.7074508667, -13.7286472321], [849.651428223, -240.616516113, 187.265594482, 181.964202881, 101.600364685, 271.090118408, 54.6544494629, 88.2145080566, -1.17699790001, 42.0573768616, -31.3672180176, 13.2523412704, -34.7529296875], [-901.419921875, 124.56162262, 94.2341537476, 27.0757637024, 142.303070068, 54.6544494629, 204.836486816, 43.1843986511, 65.270652771, -2.46834135056, 29.7669944763, -13.4087524414, 15.8217477798], [834.883789062, -147.091629028, 94.6839447021, 115.151863098, 20.7450275421, 88.2145080566, 43.1843986511, 158.702575684, 40.7792854309, 51.6555099487, -24.4808769226, 16.4394607544, -6.95951223373], [-518.841003418, 117.550506592, 46.6378250122, 1.92155539989, 55.0479202271, -1.17699790001, 65.270652771, 40.7792854309, 134.22442627, 46.2706718445, 29.7658252716, 2.38065195084, 33.9347953796], [467.586456299, -110.753189087, 57.7404251099, 48.4613723755, -12.0038528442, 42.0573768616, -2.46834135056, 51.6555099487, 46.2706718445, 116.506782532, 32.4181442261, 34.0964736938, 5.78540754318], [-833.620422363, 92.4163970947, -27.6956882477, -124.47215271, -2.46282434464, -31.3672180176, 29.7669944763, -24.4808769226, 29.7658252716, 32.4181442261, 142.507400513, 57.6724395752, 33.2072296143], [114.849319458, -128.385559082, 26.8297557831, -48.3387031555, -30.7074508667, 13.2523412704, -13.4087524414, 16.4394607544, 2.38065195084, 34.0964736938, 57.6724395752, 106.95664978, 29.1794319153], [-496.097991943, 82.8409729004, -6.6863951683, -43.8257484436, -13.7286472321, -34.7529296875, 15.8217477798, -6.95951223373, 33.9347953796, 5.78540754318, 33.2072296143, 29.1794319153, 94.7169113159]],
        "icov": [[9.43509367062e-05, -0.000125227801618, 0.000174659391632, -0.000223876370001, 0.000240206645685, -0.000225955664064, 0.00019335289835, -0.000337355944794, 0.000274224497844, -0.000351901049726, 0.000460768060293, -0.000449853163445, 0.000307563255774], [-0.000125227801618, 0.00108845462091, 4.08353516832e-05, 5.66154121771e-05, -0.000330534181558, 0.000677723495755, -0.00057838705834, 0.000880675856024, -0.00120098027401, 0.00123799580615, -0.00150030327495, 0.00174936663825, -0.000874989375006], [0.000174659391632, 4.08353516832e-05, 0.00152354955208, -0.000837936997414, -0.000283257424599, -0.00048844597768, 0.000303395936498, -0.000563999870792, 0.000270680844551, -0.000682871264871, 0.000748653837945, -0.00106882804539, 0.000298070866847], [-0.000223876370001, 5.66154121771e-05, -0.000837936997414, 0.0031185944099, -0.00115324859507, -0.000269557582214, -0.000141405587783, -0.00011116614769, 0.000132384433527, -0.000614266959019, 0.000804171082564, 0.00162974640261, -0.0008828160353], [0.000240206645685, -0.000330534181558, -0.000283257424599, -0.00115324859507, 0.00523501541466, -0.00155730475672, -0.0017713586567, 0.000407339219237, -0.000833395810332, 0.000477229070384, 0.000673266942613, -0.000666403211653, 0.00174551282544], [-0.000225955664064, 0.000677723495755, -0.00048844597768, -0.000269557582214, -0.00155730475672, 0.00688998680562, -0.001969788922, -0.000822865520604, 0.000773586798459, -0.000598736864049, -0.000450151943369, -0.000107903440949, 0.000585921341553], [0.00019335289835, -0.00057838705834, 0.000303395936498, -0.000141405587783, -0.0017713586567, -0.001969788922, 0.00940564833581, -0.00341112539172, -0.00177298660856, 0.00178351334762, -0.00191984151024, 0.00102395063732, -0.000442776217824], [-0.000337355944794, 0.000880675856024, -0.000563999870792, -0.00011116614769, 0.000407339219237, -0.000822865520604, -0.00341112539172, 0.012369370088, -0.00398019934073, -0.00125941692386, 0.00139334169216, -0.000826859439258, -0.000123515157611], [0.000274224497844, -0.00120098027401, 0.000270680844551, 0.000132384433527, -0.000833395810332, 0.000773586798459, -0.00177298660856, -0.00398019934073, 0.0147376060486, -0.00727375363931, 0.00150846107863, 0.000224204341066, -0.00269995233975], [-0.000351901049726, 0.00123799580615, -0.000682871264871, -0.000614266959019, 0.000477229070384, -0.000598736864049, 0.00178351334762, -0.00125941692386, -0.00727375363931, 0.0172135587782, -0.00696171680465, 0.000830554694403, -5.98638944211e-05], [0.000460768060293, -0.00150030327495, 0.000748653837945, 0.000804171082564, 0.000673266942613, -0.000450151943369, -0.00191984151024, 0.00139334169216, 0.00150846107863, -0.00696171680465, 0.0169307366014, -0.00965967401862, 0.0014308008831], [-0.000449853163445, 0.00174936663825, -0.00106882804539, 0.00162974640261, -0.000666403211653, -0.000107903440949, 0.00102395063732, -0.000826859439258, 0.000224204341066, 0.000830554694403, -0.00965967401862, 0.0196962151676, -0.00638780323789], [0.000307563255774, -0.000874989375006, 0.000298070866847, -0.0008828160353, 0.00174551282544, 0.000585921341553, -0.000442776217824, -0.000123515157611, -0.00269995233975, -5.98638944211e-05, 0.0014308008831, -0.00638780323789, 0.015516653657]]
    },
    "melbands": {
        "dmean": [0.00141754362267, 0.00146719196346, 0.000634623400401, 0.000273137062322, 0.000229598124861, 0.000324226974044, 0.000218395536649, 0.00019121915102, 0.000157091664732, 0.00012401722779, 8.8593318651e-05, 7.92397840996e-05, 6.01053543505e-05, 5.24493480043e-05, 6.29675705568e-05, 4.67727586511e-05, 4.41796510131e-05, 4.07026527682e-05, 3.83037004212e-05, 2.47767875408e-05, 2.25502226385e-05, 2.4058699637e-05, 1.83264946827e-05, 1.83839365491e-05, 1.49538682308e-05, 1.17862145999e-05, 1.28840301841e-05, 1.1699841707e-05, 9.95523078018e-06, 8.37309926283e-06, 7.0914625212e-06, 6.98983103575e-06, 9.09659320314e-06, 6.4373521127e-06, 4.63107289761e-06, 3.93383197661e-06, 3.65296409655e-06, 3.97061785407e-06, 2.98227951134e-06, 2.50682501246e-06],
        "dmean2": [0.00207857787609, 0.00213243043981, 0.000954623101279, 0.000455431290902, 0.000383303646231, 0.000530087738298, 0.000364731880836, 0.000329849077389, 0.000264627597062, 0.000206910670386, 0.000148397433804, 0.000131095701363, 0.000101438796264, 8.92393800314e-05, 0.000106920189864, 7.71908380557e-05, 7.30673928047e-05, 6.72074893373e-05, 6.26912296866e-05, 4.1349165258e-05, 3.74550763809e-05, 4.08631567552e-05, 3.05880930682e-05, 3.02563221339e-05, 2.50561697612e-05, 1.9749497369e-05, 2.15488325921e-05, 1.98368416022e-05, 1.65309775184e-05, 1.37532233566e-05, 1.17012832561e-05, 1.15473985716e-05, 1.4810160792e-05, 1.08108615677e-05, 7.64623928262e-06, 6.47544038657e-06, 5.87663635088e-06, 6.39959762339e-06, 4.83208623336e-06, 4.06827348343e-06],
        "dvar": [5.55585711481e-06, 5.53903828404e-06, 1.093389983e-06, 1.69831110952e-07, 1.39951879419e-07, 4.382292218e-07, 1.48375917775e-07, 1.30751374172e-07, 7.74827739747e-08, 5.18863103594e-08, 2.08404014046e-08, 1.74450924817e-08, 1.05962856267e-08, 7.91327892102e-09, 1.33204913766e-08, 7.88603315982e-09, 7.63823493344e-09, 8.16852008256e-09, 6.77139100347e-09, 2.18002949026e-09, 1.69922753646e-09, 1.61299096302e-09, 9.07582453635e-10, 8.78841610596e-10, 5.94132631981e-10, 4.62643923171e-10, 5.0711762567e-10, 4.05711297891e-10, 3.50100753943e-10, 1.58482366119e-10, 1.37857322779e-10, 1.1343271461e-10, 9.97017912674e-10, 1.60318133768e-10, 7.14590261963e-11, 3.52048078189e-11, 3.32252558799e-11, 1.2000332672e-10, 2.63545487517e-11, 2.12606494909e-11],
        "dvar2": [1.1642860045e-05, 1.08621716208e-05, 2.22819448936e-06, 4.54012393902e-07, 3.48924714899e-07, 1.05757976598e-06, 3.63271851711e-07, 3.44326338109e-07, 1.97502018295e-07, 1.38144812922e-07, 5.58436319409e-08, 4.54939836914e-08, 2.8369104399e-08, 2.1075754475e-08, 3.46953399344e-08, 2.02458920739e-08, 1.87295974285e-08, 1.90916153997e-08, 1.49029766305e-08, 5.33040944717e-09, 4.18117762635e-09, 4.20012113977e-09, 2.30868479889e-09, 2.17549089854e-09, 1.48054635218e-09, 1.17328469162e-09, 1.26038979253e-09, 1.05954856e-09, 7.75928987728e-10, 3.93684140843e-10, 3.35462824186e-10, 2.85693163571e-10, 2.2474222483e-09, 3.56618068409e-10, 1.60030919072e-10, 8.95698584746e-11, 7.96803109604e-11, 2.86087292745e-10, 6.35520039372e-11, 5.40032775442e-11],
        "max": [0.0326827615499, 0.0306459888816, 0.011714222841, 0.00812246371061, 0.00722248712555, 0.0095979096368, 0.00571047188714, 0.00746284099296, 0.00513261975721, 0.00357564934529, 0.00228717061691, 0.00227784062736, 0.00259138294496, 0.00234353519045, 0.00256668706425, 0.00179004005622, 0.00201734970324, 0.00397749338299, 0.00413320446387, 0.00119571154937, 0.000810296041891, 0.000903501000721, 0.000614874181338, 0.000456343055703, 0.000662827864289, 0.000945210573263, 0.000788269564509, 0.000522979476955, 0.00123740977142, 0.00037100026384, 0.000412932888139, 0.000174723143573, 0.000771155231632, 0.000515172781888, 0.000318189355312, 0.000104850405478, 9.9684111774e-05, 0.000385787745472, 5.97755897616e-05, 6.1702397943e-05],
        "mean": [0.00257479655556, 0.0026279904414, 0.00085969310021, 0.000354481453542, 0.000267826864729, 0.000353704061126, 0.000259247346548, 0.00022342603188, 0.000215089938138, 0.000171654464793, 0.000127998107928, 0.000117819574371, 8.58586427057e-05, 7.90957419667e-05, 9.20297243283e-05, 7.18781811884e-05, 6.62252423353e-05, 6.40671132714e-05, 5.97426187596e-05, 3.82140424335e-05, 3.659108188e-05, 3.70893649233e-05, 3.22840169247e-05, 3.38214413205e-05, 2.63837664534e-05, 2.24599116336e-05, 2.30612386076e-05, 1.97112985916e-05, 1.92301267816e-05, 1.69341328728e-05, 1.42949347719e-05, 1.28265164676e-05, 1.57403392222e-05, 1.14243875942e-05, 9.19030389923e-06, 7.67541587265e-06, 7.29075645722e-06, 7.92002083472e-06, 5.50513959752e-06, 4.39148334408e-06],
        "median": [0.00084401172353, 0.000863783759996, 0.000348381407093, 0.000190386534086, 0.000114032416604, 0.000117200703244, 0.000119187337987, 0.000109903405246, 0.000110022592708, 9.49537061388e-05, 6.99000083841e-05, 6.09543458268e-05, 4.41895172116e-05, 4.31094922533e-05, 4.64764707431e-05, 3.58382676495e-05, 3.08044582198e-05, 2.89619165414e-05, 2.97341612168e-05, 2.07060056709e-05, 2.07066259463e-05, 2.1015492166e-05, 2.12769009522e-05, 2.2309983251e-05, 1.82530475286e-05, 1.50527166625e-05, 1.47024520629e-05, 1.24395028251e-05, 1.3385200873e-05, 1.1668694242e-05, 1.03976608443e-05, 8.48149829835e-06, 8.63370587467e-06, 6.80116727381e-06, 5.70306610825e-06, 5.09778101332e-06, 4.71574730909e-06, 4.36992968389e-06, 3.10123141389e-06, 2.55080021816e-06],
        "min": [2.39961823822e-25, 4.63999109766e-25, 7.88301109801e-25, 1.00801198672e-24, 1.39251334294e-24, 1.3385407617e-24, 1.11795878513e-24, 1.72307594033e-24, 1.0264377067e-24, 1.80361844154e-24, 1.94411989357e-24, 1.95797584094e-24, 1.7907174103e-24, 1.66147497553e-24, 1.97028739587e-24, 1.76169127329e-24, 1.64438124719e-24, 2.87153889198e-24, 2.79139535718e-24, 3.19089838262e-24, 2.51016309181e-24, 2.88294424295e-24, 2.38950366091e-24, 2.91459235639e-24, 2.59811851894e-24, 2.37953403679e-24, 4.53659352109e-24, 5.3328811573e-24, 4.57244646037e-24, 4.5950485086e-24, 4.30793272138e-24, 4.79675748105e-24, 5.49090537941e-24, 5.68282695461e-24, 5.07530229453e-24, 5.07281462166e-24, 5.67238164736e-24, 5.46682658357e-24, 5.94304376825e-24, 5.70473796068e-24],
        "var": [1.30089374579e-05, 1.55315119628e-05, 1.77000049462e-06, 2.06314865636e-07, 1.8247679634e-07, 5.02999455421e-07, 1.73319037344e-07, 1.34099636284e-07, 1.07652638803e-07, 5.97993619067e-08, 3.05117282551e-08, 2.9098758958e-08, 1.55828487891e-08, 1.79067782824e-08, 2.11187369814e-08, 1.26415962143e-08, 1.25755317271e-08, 1.58985518084e-08, 1.25553230035e-08, 3.37055250377e-09, 2.94088575714e-09, 2.40038677823e-09, 1.61672253363e-09, 1.68455349669e-09, 1.04521358235e-09, 9.77836478455e-10, 1.05676978279e-09, 6.75470512856e-10, 7.17680692652e-10, 3.59978463704e-10, 2.75941158812e-10, 2.20957654951e-10, 1.776847669e-09, 4.96528096416e-10, 2.2157846391e-10, 7.65297131222e-11, 8.10570430221e-11, 3.16030535075e-10, 5.27261602434e-11, 3.50332540755e-11]
    },
    "mfcc": {
        "mean": [-604.592163086, 78.6288986206, 3.29224824905, 18.6846046448, 2.00115823746, 7.89029932022, 3.25845098495, 5.6620388031, 2.61178517342, 4.30002784729, 4.04214000702, 3.17474150658, 0.424400508404],
        "cov": [[12296.703125, 10.4883937836, 332.104492188, 329.85446167, 111.545158386, 96.3419036865, -11.6351919174, 133.553970337, 238.014831543, 225.867202759, 88.8677825928, 29.581237793, -98.0663833618], [10.4883937836, 1513.57006836, -271.702392578, 54.5546264648, -106.452125549, -51.4856452942, -51.4965934753, -8.70292282104, -5.36588716507, 5.2561674118, 21.5631656647, -9.38217735291, 14.6553649902], [332.104492188, -271.702392578, 735.680847168, 182.762832642, 199.044555664, 116.468406677, 92.9534301758, 37.6457672119, 84.5354690552, 32.1027183533, 24.5349559784, 49.1970214844, -10.6572065353], [329.85446167, 54.5546264648, 182.762832642, 389.368804932, 156.762451172, 110.900970459, 61.8439216614, 43.5919723511, 80.0149765015, 56.2897949219, 25.629989624, -1.06322014332, -21.2090892792], [111.545158386, -106.452125549, 199.044555664, 156.762451172, 280.529541016, 139.108413696, 86.7998428345, 58.035861969, 72.8128585815, 36.9126815796, 33.8779220581, 12.8798084259, -13.1014709473], [96.3419036865, -51.4856452942, 116.468406677, 110.900970459, 139.108413696, 197.247360229, 100.973899841, 58.8381538391, 59.0573806763, 35.3913536072, 35.4803619385, 16.9244747162, -5.7232170105], [-11.6351919174, -51.4965934753, 92.9534301758, 61.8439216614, 86.7998428345, 100.973899841, 163.973800659, 78.8768539429, 39.7576332092, 27.6665630341, 29.1438865662, 26.9635448456, -2.55486941338], [133.553970337, -8.70292282104, 37.6457672119, 43.5919723511, 58.035861969, 58.8381538391, 78.8768539429, 126.625740051, 60.5386123657, 29.4603309631, 25.4595737457, 16.5873680115, -2.52862095833], [238.014831543, -5.36588716507, 84.5354690552, 80.0149765015, 72.8128585815, 59.0573806763, 39.7576332092, 60.5386123657, 147.693588257, 73.7466125488, 21.8340244293, 3.47986364365, -7.16465616226], [225.867202759, 5.2561674118, 32.1027183533, 56.2897949219, 36.9126815796, 35.3913536072, 27.6665630341, 29.4603309631, 73.7466125488, 112.462493896, 44.2140274048, -1.48541688919, -7.9614276886], [88.8677825928, 21.5631656647, 24.5349559784, 25.629989624, 33.8779220581, 35.4803619385, 29.1438865662, 25.4595737457, 21.8340244293, 44.2140274048, 96.1461181641, 45.7760505676, 8.14924716949], [29.581237793, -9.38217735291, 49.1970214844, -1.06322014332, 12.8798084259, 16.9244747162, 26.9635448456, 16.5873680115, 3.47986364365, -1.48541688919, 45.7760505676, 105.40385437, 42.4228096008], [-98.0663833618, 14.6553649902, -10.6572065353, -21.2090892792, -13.1014709473, -5.7232170105, -2.55486941338, -2.52862095833, -7.16465616226, -7.9614276886, 8.14924716949, 42.4228096008, 90.2083511353]],
