{
"lowlevel": {
    "average_loudness": 0.845710337162,
    "barkbands_crest": {
        "dmean": 3.15628933907,
        "dmean2": 4.98323392868,
        "dvar": 8.72923660278,
        "dvar2": 20.0260810852,
        "max": 26.5756072998,
        "mean": 10.3072328568,
        "median": 9.0441942215,
        "min": 1.815346241,
        "var": 28.7441043854
    },
    "barkbands_flatness_db": {
        "dmean": 0.0246743410826,
        "dmean2": 0.0367387682199,
        "dvar": 0.00103780219797,
        "dvar2": 0.00209009950049,
        "max": 0.781684041023,
        "mean": 0.114639908075,
        "median": 0.0870651081204,
        "min": 0.00841380935162,
        "var": 0.00653366371989
    },
    "barkbands_kurtosis": {
        "dmean": 6.15670490265,
        "dmean2": 9.39520168304,
        "dvar": 2023.23059082,
        "dvar2": 4974.29785156,
        "max": 2534.82543945,
        "mean": 6.42548942566,
        "median": 0.282628297806,
        "min": -1.89529871941,
        "var": 2342.06005859
    },
    "barkbands_skewness": {
        "dmean": 0.655627012253,
        "dmean2": 0.975523591042,
        "dvar": 1.48676681519,
        "dvar2": 3.04188656807,
        "max": 28.9611358643,
        "mean": 1.22795677185,
        "median": 0.853817403316,
        "min": -6.52543878555,
        "var": 4.02655887604
    },
    "barkbands_spread": {
        "dmean": 7.21979522705,
        "dmean2": 11.1380834579,
        "dvar": 73.7576446533,
        "dvar2": 162.288391113,
        "max": 127.366699219,
        "mean": 30.8913078308,
        "median": 29.3352108002,
        "min": 0.0683667138219,
        "var": 353.228088379
    },
    "dissonance": {
        "dmean": 0.0156367793679,
        "dmean2": 0.0268616843969,
        "dvar": 0.000409706786741,
        "dvar2": 0.00116142746992,
        "max": 0.500000059605,
        "mean": 0.476826697588,
        "median": 0.4856569767,
        "min": 0.225360870361,
        "var": 0.000730602012482
    },
    "dynamic_complexity": 3.45614123344,
    "erbbands_crest": {
        "dmean": 2.48186182976,
        "dmean2": 4.03419828415,
        "dvar": 6.38803529739,
        "dvar2": 15.0583305359,
        "max": 29.6248970032,
        "mean": 7.93891382217,
        "median": 6.68587064743,
        "min": 1.95853662491,
        "var": 18.160490036
    },
    "erbbands_flatness_db": {
        "dmean": 0.0164081975818,
        "dmean2": 0.0250504594296,
        "dvar": 0.000307527749101,
        "dvar2": 0.000651886919513,
        "max": 0.463754832745,
        "mean": 0.147975355387,
        "median": 0.123572774231,
        "min": 0.0421823821962,
        "var": 0.00562780350447
    },
    "erbbands_kurtosis": {
        "dmean": 1.11564183235,
        "dmean2": 1.80399608612,
        "dvar": 16.5162601471,
        "dvar2": 36.0259094238,
        "max": 337.425689697,
        "mean": 0.895083725452,
        "median": 0.0742676258087,
        "min": -1.83024215698,
        "var": 22.5568027496
    },
    "erbbands_skewness": {
        "dmean": 0.37128379941,
        "dmean2": 0.574485599995,
        "dvar": 0.19075037539,
        "dvar2": 0.434286564589,
        "max": 13.9593830109,
        "mean": 0.194644570351,
        "median": 0.083559922874,
        "min": -3.65208125114,
        "var": 0.663764417171
    },
    "erbbands_spread": {
        "dmean": 8.05433368683,
        "dmean2": 12.4830417633,
        "dvar": 97.438621521,
        "dvar2": 222.13269043,
        "max": 185.699417114,
        "mean": 35.5343589783,
        "median": 33.6592788696,
        "min": 0.890364050865,
        "var": 343.057434082
    },
    "hfc": {
        "dmean": 10.2258653641,
        "dmean2": 15.769613266,
        "dvar": 266.820465088,
        "dvar2": 575.480163574,
        "max": 414.438720703,
        "mean": 34.0108451843,
        "median": 26.1359539032,
        "min": 1.03048036512e-16,
        "var": 1094.16552734
    },
    "melbands_crest": {
        "dmean": 4.17699241638,
        "dmean2": 6.725025177,
        "dvar": 17.0565738678,
        "dvar2": 41.209312439,
        "max": 38.4600868225,
        "mean": 15.0202131271,
        "median": 13.5062246323,
        "min": 1.22269308567,
        "var": 51.4068069458
    },
    "melbands_flatness_db": {
        "dmean": 0.0315448790789,
        "dmean2": 0.0472351610661,
        "dvar": 0.0015438334085,
        "dvar2": 0.00316602783278,
        "max": 0.915677905083,
        "mean": 0.171947270632,
        "median": 0.150595188141,
        "min": 0.000198718669708,
        "var": 0.00839650630951
    },
    "melbands_kurtosis": {
        "dmean": 12.7902393341,
        "dmean2": 18.7657337189,
        "dvar": 2978.53686523,
        "dvar2": 6160.21582031,
        "max": 1691.6932373,
        "mean": 17.6861515045,
        "median": 3.93499946594,
        "min": -1.74581646919,
        "var": 4861.77001953
    },
    "melbands_skewness": {
        "dmean": 0.921782672405,
        "dmean2": 1.38639831543,
        "dvar": 2.17210292816,
        "dvar2": 4.36699724197,
        "max": 29.4090957642,
        "mean": 2.39573574066,
        "median": 1.71811270714,
        "min": -4.06010961533,
        "var": 6.52376174927
    },
    "melbands_spread": {
        "dmean": 10.0476169586,
        "dmean2": 15.8165979385,
        "dvar": 144.971954346,
        "dvar2": 338.53894043,
        "max": 230.358444214,
        "mean": 34.0315971375,
        "median": 30.5549297333,
        "min": 0.0549104623497,
        "var": 586.415771484
    },
    "pitch_salience": {
        "dmean": 0.0936813727021,
        "dmean2": 0.146672189236,
        "dvar": 0.00907396152616,
        "dvar2": 0.0204313136637,
        "max": 0.993842065334,
        "mean": 0.547915995121,
        "median": 0.575845658779,
        "min": 0.00767315970734,
        "var": 0.0262549333274
    },
    "silence_rate_20dB": {
        "dmean": 0,
        "dmean2": 0,
        "dvar": 0,
        "dvar2": 0,
        "max": 1,
        "mean": 1,
        "median": 1,
        "min": 1,
        "var": 0
    },
    "silence_rate_30dB": {
        "dmean": 0,
        "dmean2": 0,
        "dvar": 0,
        "dvar2": 0,
        "max": 1,
        "mean": 1,
        "median": 1,
        "min": 1,
        "var": 0
    },
    "silence_rate_60dB": {
        "dmean": 0.018662519753,
        "dmean2": 0.0373271107674,
        "dvar": 0.0183142796159,
        "dvar2": 0.0437164977193,
        "max": 1,
        "mean": 0.157067477703,
        "median": 0,
        "min": 0,
        "var": 0.132386818528
    },
    "spectral_centroid": {
        "dmean": 305.226379395,
        "dmean2": 472.202301025,
        "dvar": 127811.382812,
        "dvar2": 269000.28125,
        "max": 11831.9755859,
        "mean": 1920.82067871,
        "median": 1903.5645752,
        "min": 49.7228660583,
        "var": 1400934.5
    },
    "spectral_complexity": {
        "dmean": 5.10075521469,
        "dmean2": 7.93523311615,
        "dvar": 34.0928993225,
        "dvar2": 73.2660369873,
        "max": 66,
        "mean": 26.9446258545,
        "median": 28,
        "min": 0,
        "var": 253.55770874
    },
    "spectral_decrease": {
        "dmean": 1.36204547641e-09,
        "dmean2": 2.09980433041e-09,
        "dvar": 2.81844319537e-18,
        "dvar2": 6.36520030853e-18,
        "max": 1.9401317518e-28,
        "mean": -6.58969456779e-09,
        "median": -6.54248388798e-09,
        "min": -2.56985703828e-08,
        "var": 2.19557408481e-17
    },
    "spectral_energy": {
        "dmean": 0.00523442169651,
        "dmean2": 0.00812387652695,
        "dvar": 4.14066089434e-05,
        "dvar2": 9.60771067184e-05,
        "max": 0.0981288552284,
        "mean": 0.0279558692127,
        "median": 0.028398303315,
        "min": 9.76559091422e-21,
        "var": 0.000371180853108
    },
    "spectral_energyband_high": {
        "dmean": 0.000824339920655,
        "dmean2": 0.00125040404964,
        "dvar": 2.11987025978e-06,
        "dvar2": 4.34617504652e-06,
        "max": 0.0373655334115,
        "mean": 0.00217587500811,
        "median": 0.00130771251861,
        "min": 7.03547645573e-21,
        "var": 7.57067027735e-06
    },
    "spectral_energyband_low": {
        "dmean": 0.00507287681103,
        "dmean2": 0.00733568705618,
        "dvar": 5.75364720135e-05,
        "dvar2": 0.000116805094876,
        "max": 0.09603305161,
        "mean": 0.0121235437691,
        "median": 0.00555934198201,
        "min": 1.27867623753e-23,
        "var": 0.000238590146182
    },
    "spectral_energyband_middle_high": {
        "dmean": 0.00277893361636,
        "dmean2": 0.00436925468966,
        "dvar": 1.55357392941e-05,
        "dvar2": 3.67730099242e-05,
        "max": 0.0690162107348,
        "mean": 0.00766762252897,
        "median": 0.00571622233838,
        "min": 1.09560566906e-21,
        "var": 5.5017604609e-05
    },
    "spectral_energyband_middle_low": {
        "dmean": 0.00388821261004,
        "dmean2": 0.00629004836082,
        "dvar": 3.4637592762e-05,
        "dvar2": 8.36006074678e-05,
        "max": 0.0701902732253,
        "mean": 0.00685241492465,
        "median": 0.00454294821247,
        "min": 1.71815003252e-22,
        "var": 5.49562100787e-05
    },
    "spectral_entropy": {
        "dmean": 0.138912811875,
        "dmean2": 0.21588267386,
        "dvar": 0.0308018680662,
        "dvar2": 0.0666879788041,
        "max": 9.82368087769,
        "mean": 7.83099222183,
        "median": 8.02962589264,
        "min": 3.62302613258,
        "var": 0.380357861519
    },
    "spectral_flux": {
        "dmean": 0.0208328440785,
        "dmean2": 0.0312383268028,
        "dvar": 0.000514276034664,
        "dvar2": 0.0010056826286,
        "max": 0.313768088818,
        "mean": 0.0970340371132,
        "median": 0.0990267172456,
        "min": 6.22613349766e-11,
        "var": 0.00299220927991
    },
    "spectral_kurtosis": {
        "dmean": 1.97399497032,
        "dmean2": 3.38031601906,
        "dvar": 22.6852493286,
        "dvar2": 69.8553619385,
        "max": 96.6699371338,
        "mean": 5.87938594818,
        "median": 3.490483284,
        "min": -1.25950455666,
        "var": 71.1610488892
    },
    "spectral_rms": {
        "dmean": 0.000482141593238,
        "dmean2": 0.000750541454181,
        "dvar": 2.98119061881e-07,
        "dvar2": 6.74197281114e-07,
        "max": 0.00978445075452,
        "mean": 0.0047520394437,
        "median": 0.00526361679658,
        "min": 3.08664964248e-12,
        "var": 4.69231963507e-06
    },
    "spectral_rolloff": {
        "dmean": 718.310302734,
        "dmean2": 1143.15332031,
        "dvar": 1119294,
        "dvar2": 2456216.25,
        "max": 19595.2148438,
        "mean": 2321.7331543,
        "median": 1851.85546875,
        "min": 43.06640625,
        "var": 5765896.5
    },
    "spectral_skewness": {
        "dmean": 0.207785397768,
        "dmean2": 0.345222115517,
        "dvar": 0.102288730443,
        "dvar2": 0.304359525442,
        "max": 7.38587808609,
        "mean": 1.63028275967,
        "median": 1.43741869926,
        "min": -0.109260238707,
        "var": 0.57008677721
    },
    "spectral_spread": {
        "dmean": 513549.65625,
        "dmean2": 764199.125,
        "dvar": 473694404608,
        "dvar2": 916346896384,
        "max": 43478688,
        "mean": 5195791.5,
        "median": 4907914,
        "min": 727104,
        "var": 1.54523182039e+13
    },
    "spectral_strongpeak": {
        "dmean": 0.464478224516,
        "dmean2": 0.79512232542,
        "dvar": 0.818887650967,
        "dvar2": 2.12217617035,
        "max": 17.8670845032,
        "mean": 0.758224487305,
        "median": 0.403138011694,
        "min": 0,
        "var": 1.26440989971
    },
    "zerocrossingrate": {
        "dmean": 0.0134976515546,
        "dmean2": 0.0159970633686,
        "dvar": 0.000247365940595,
        "dvar2": 0.000297555001453,
        "max": 0.85595703125,
        "mean": 0.0827740430832,
        "median": 0.0732421875,
        "min": 0.001953125,
        "var": 0.00391289079562
    },
    "barkbands": {
        "dmean": [0.000325960281771, 0.00472169509158, 0.00208730902523, 0.00164912489709, 0.00126317737158, 0.000785819953308, 0.000707702303771, 0.000639546662569, 0.000823222449981, 0.000595910882112, 0.000661320460495, 0.000587800750509, 0.000560126325581, 0.000546227267478, 0.000498910492752, 0.000387781503377, 0.00036933508818, 0.000383185979445, 0.00030447577592, 0.000258459709585, 0.000205234668101, 0.000169906998053, 0.000132706743898, 0.000147674945765, 0.000137294147862, 0.000106132109067, 4.18952004111e-05],
        "dmean2": [0.000447690690635, 0.00684085814282, 0.00337752862833, 0.00296296458691, 0.00221943156794, 0.00134256493766, 0.00117272080388, 0.0010602142429, 0.00134005630389, 0.000969932472799, 0.00107498117723, 0.000983147532679, 0.000917944707908, 0.000915404001717, 0.000813799386378, 0.000632143463008, 0.00059857883025, 0.000616223958787, 0.000498160778079, 0.000426223239629, 0.000328061927576, 0.000271732133115, 0.000208185549127, 0.000230187695706, 0.00021907890914, 0.000161453266628, 5.90247800574e-05],
        "dvar": [7.44071257941e-07, 6.32513765595e-05, 2.35329371208e-05, 1.7027836293e-05, 6.02923046245e-06, 2.43762838181e-06, 3.10297832584e-06, 3.17433909913e-06, 2.42728742705e-06, 1.32099194161e-06, 1.94027006728e-06, 1.3019398466e-06, 1.17111960662e-06, 1.54170913902e-06, 1.55265047397e-06, 6.4234330921e-07, 4.38881869513e-07, 6.00034752551e-07, 2.94106314414e-07, 1.79040199555e-07, 1.15207946294e-07, 8.6574921454e-08, 6.18075972625e-08, 1.02430917082e-07, 1.23865802948e-07, 7.22931758901e-08, 1.34178597122e-08],
        "dvar2": [1.22845335682e-06, 0.000111177658255, 5.50012773601e-05, 4.66720193799e-05, 1.64123230206e-05, 6.39242307443e-06, 8.08394452179e-06, 7.62836725698e-06, 5.58370129511e-06, 3.16112618748e-06, 4.33945979239e-06, 3.41558848049e-06, 2.7605235573e-06, 3.94116887037e-06, 3.61014053851e-06, 1.55047223416e-06, 1.04393018319e-06, 1.43725083035e-06, 7.04540980223e-07, 4.56848567865e-07, 2.77604783605e-07, 2.03702285262e-07, 1.33804050506e-07, 2.12834464719e-07, 2.40841643517e-07, 1.39884193118e-07, 2.31309531529e-08],
        "max": [0.0236587468535, 0.0947743654251, 0.0502023175359, 0.0469665788114, 0.0465385988355, 0.0549665242434, 0.0445629358292, 0.0608214512467, 0.032439686358, 0.0253813788295, 0.0413133762777, 0.0268522948027, 0.0396027043462, 0.0595354288816, 0.0661624446511, 0.0261292457581, 0.0158444978297, 0.0314439535141, 0.0191681087017, 0.00895969569683, 0.00965434592217, 0.00928776990622, 0.00908450689167, 0.0114634921774, 0.0199062582105, 0.0116531960666, 0.00239408062771],
        "mean": [0.000544454844203, 0.00886411778629, 0.00198281067424, 0.00130694871768, 0.00144080328755, 0.000984962796792, 0.000897970108781, 0.00075887364801, 0.00120002427138, 0.000889166840352, 0.000938798824791, 0.000855784863234, 0.000856799772009, 0.000793200277258, 0.000762027862947, 0.000629695947282, 0.000620810489636, 0.000644272775389, 0.000566598784644, 0.000505241274368, 0.000422512966907, 0.000364742765669, 0.000303450739011, 0.000294572644634, 0.000247451564064, 0.000201375733013, 7.84394578659e-05],
        "median": [4.43822573288e-05, 0.00261945929378, 0.000298852042761, 0.000194036387256, 0.000550960481633, 0.000421423115768, 0.000336744589731, 0.000274672464002, 0.000564888992812, 0.00037084124051, 0.000363576575182, 0.000402823265176, 0.000429584208177, 0.000360325793736, 0.000353525945684, 0.000323764630593, 0.000308358197799, 0.000328144145897, 0.000316249701427, 0.000310557836201, 0.000271499418886, 0.000216388012632, 0.000158100214321, 0.000125852835481, 0.000105689359771, 6.8294495577e-05, 1.11561903395e-05],
        "min": [3.70638900747e-25, 1.65329823504e-24, 2.34532044908e-25, 1.26551432998e-24, 4.02198208172e-24, 6.53151901518e-24, 6.5161953921e-24, 1.29529244865e-24, 2.44127601047e-24, 8.82362537279e-24, 1.24940231931e-23, 1.117544219e-23, 1.72479135781e-23, 3.18494954309e-23, 5.40552041609e-23, 4.58278992567e-23, 5.47256728214e-23, 6.60848975143e-23, 1.05241485293e-22, 1.40884486599e-22, 2.57762863001e-22, 3.53840390971e-22, 3.72601648999e-22, 5.6082482024e-22, 8.04910147809e-22, 1.19580286849e-21, 1.9265014252e-21],
        "var": [2.16544162868e-06, 0.000188237361726, 2.32836573559e-05, 1.26553668451e-05, 6.18180229139e-06, 3.40154770129e-06, 4.08698952015e-06, 3.47407194567e-06, 4.08957112086e-06, 2.81613188235e-06, 3.91180628867e-06, 2.01601051231e-06, 2.15387626668e-06, 2.09809672924e-06, 2.69199381364e-06, 1.10894461613e-06, 8.90696526312e-07, 1.08607321181e-06, 7.08646211933e-07, 4.03666660986e-07, 2.69574940148e-07, 2.22172062081e-07, 1.91505662883e-07, 2.54049268733e-07, 2.56455024328e-07, 1.721316778e-07, 4.15481906657e-08]
    },
    "erbbands": {
        "dmean": [0.152132466435, 1.09878444672, 2.13976716995, 4.27398586273, 4.6342215538, 4.36412620544, 4.9999537468, 6.94757843018, 8.49881744385, 11.5516109467, 15.3131008148, 17.6329421997, 18.3174057007, 24.4005088806, 20.6639289856, 21.9188766479, 24.1406173706, 26.4519615173, 24.0678367615, 23.1216850281, 20.032705307, 20.8679256439, 20.6919021606, 17.2486133575, 14.8516807556, 11.2786073685, 9.32975959778, 7.57620620728, 6.19690513611, 4.60287380219, 3.88574028015, 3.10213255882, 2.50855255127, 1.58895027637, 0.997174680233, 0.465715616941, 0.207525998354, 0.0636810213327, 0.00702320225537, 0.000102625890577],
        "dmean2": [0.213795274496, 1.53987395763, 3.14443826675, 7.35546159744, 8.22846317291, 7.6133351326, 8.54386138916, 11.8835315704, 14.1561698914, 18.9864444733, 25.2093677521, 28.5651702881, 29.8183879852, 39.1037635803, 33.9571914673, 36.5226020813, 39.348739624, 43.5744018555, 39.3320770264, 37.5760307312, 32.3260307312, 33.6334495544, 33.3667984009, 27.9378910065, 24.5152416229, 18.4685554504, 15.2584600449, 12.0450944901, 9.98197364807, 7.1838259697, 6.12718343735, 4.96054935455, 3.92382740974, 2.51201248169, 1.60466182232, 0.73731803894, 0.31594851613, 0.0908252969384, 0.010156606324, 0.000147473212564],
        "dvar": [0.0703100785613, 3.76792621613, 19.3766651154, 111.158531189, 98.5871658325, 77.4406661987, 98.7168579102, 204.709960938, 396.116638184, 833.956542969, 1322.33630371, 1299.99731445, 1330.3359375, 2591.07446289, 1479.3092041, 1758.24255371, 2260.98974609, 3558.60644531, 3392.40893555, 2488.09155273, 1476.97839355, 1463.09362793, 1804.2130127, 1015.25305176, 763.841918945, 346.034912109, 229.834014893, 185.725387573, 116.32258606, 78.8602218628, 51.031539917, 38.3351135254, 32.8381538391, 16.9555206299, 6.30342531204, 1.5219129324, 0.298653125763, 0.0272392835468, 0.000398517877329, 7.65272503145e-08],
        "dvar2": [0.130874529481, 6.46376800537, 40.9855041504, 291.85748291, 269.533508301, 211.755615234, 266.795684814, 530.053344727, 1002.24420166, 1920.828125, 3178.58398438, 2995.81079102, 3206.45532227, 5631.89599609, 3702.32714844, 4647.01220703, 5399.09179688, 8950.40917969, 7623.71533203, 6193.60498047, 3566.22338867, 3446.54077148, 4366.68652344, 2431.42163086, 1845.53759766, 866.29309082, 571.43170166, 439.791992188, 276.557617188, 173.338699341, 112.618392944, 85.6046295166, 70.5820465088, 32.9388008118, 12.7635993958, 3.23789572716, 0.583904325962, 0.0461529046297, 0.000735977548175, 1.38729745913e-07],
        "max": [3.86456036568, 23.4813995361, 54.9631347656, 116.109046936, 141.994567871, 211.528488159, 269.430145264, 598.995788574, 547.63684082, 889.264343262, 1729.21826172, 910.365539551, 711.65802002, 1567.00878906, 909.013122559, 976.629577637, 1659.0513916, 3376.36816406, 3262.03173828, 1640.88952637, 875.864440918, 887.260742188, 1776.91894531, 921.766479492, 1253.27001953, 600.272155762, 638.170349121, 518.030090332, 312.440795898, 404.032043457, 178.383575439, 191.582717896, 245.924285889, 222.141601562, 133.055297852, 64.7876586914, 23.2068080902, 3.18430042267, 0.395041525364, 0.00531414430588],
        "mean": [0.291500896215, 1.81281590462, 2.54802060127, 3.7486987114, 4.38164186478, 4.92789745331, 6.08262443542, 8.51502227783, 10.9342603683, 14.9511194229, 19.9488639832, 25.856546402, 27.7230739594, 37.8588638306, 32.5105133057, 33.4888496399, 38.8609085083, 41.704826355, 39.1472892761, 38.2467727661, 34.8311462402, 36.6140632629, 35.6711540222, 31.6028289795, 27.3190612793, 22.9522762299, 19.3543663025, 15.3966608047, 13.2009344101, 10.4256715775, 8.66100597382, 6.31811332703, 4.78997421265, 3.00208878517, 1.67106950283, 0.802802860737, 0.383818775415, 0.126464828849, 0.0129104666412, 0.000228085336857],
        "median": [0.0688543915749, 0.50167298317, 0.686644256115, 0.71746891737, 1.26076126099, 1.82345354557, 2.65646958351, 3.49379563332, 4.5202498436, 5.45162534714, 8.52375602722, 12.3847103119, 12.8322153091, 15.8972396851, 15.6622114182, 17.2317676544, 20.8159866333, 20.540145874, 18.9916477203, 20.1945495605, 19.2485790253, 19.1762619019, 18.6663799286, 17.2225322723, 15.4377145767, 14.3645009995, 12.8169088364, 9.81518936157, 7.89671039581, 5.78719377518, 4.32498979568, 2.69093990326, 1.99468517303, 1.23518764973, 0.707991957664, 0.315460056067, 0.115621738136, 0.0272796917707, 0.00169962609652, 7.72064668126e-05],
        "min": [4.19167552876e-23, 5.36702337282e-22, 1.61723654738e-21, 5.48025411951e-21, 3.7662607655e-21, 1.55007572185e-20, 4.4426012775e-20, 5.62863771982e-20, 7.61302397606e-20, 1.96554527908e-19, 7.77616854978e-20, 1.23743608849e-19, 4.06043989247e-19, 3.38909933184e-19, 8.43068735867e-19, 5.25676588e-19, 1.00534745828e-18, 1.95090009803e-18, 1.9843727887e-18, 1.71350257095e-18, 3.41753805979e-18, 3.31685466961e-18, 4.02412407864e-18, 4.93143119559e-18, 5.95277053665e-18, 7.22726726342e-18, 9.55856249615e-18, 1.04084773407e-17, 1.15300374712e-17, 1.08319408747e-17, 9.84587044703e-18, 1.00066131467e-17, 9.74375748196e-18, 8.13306973883e-18, 5.46214655429e-18, 3.96144819004e-18, 2.04863231459e-18, 8.55507877919e-19, 2.20407676738e-19, 2.61499789753e-20],
        "var": [0.229763567448, 9.55131053925, 26.3120574951, 90.271987915, 83.4927444458, 78.7457733154, 117.978225708, 283.435119629, 552.584899902, 1266.89660645, 1603.35510254, 2070.25024414, 2410.54589844, 6068.80371094, 2760.99902344, 2668.51342773, 4049.44262695, 5239.14892578, 5677.37158203, 4386.37060547, 2809.37817383, 3019.3203125, 3196.90185547, 2251.13623047, 1747.73620605, 826.419555664, 546.031005859, 403.077606201, 286.29888916, 218.747711182, 156.347320557, 100.432525635, 73.8765640259, 38.2970809937, 11.707025528, 2.74537086487, 0.703638851643, 0.0889013409615, 0.00114365492482, 2.382394797e-07]
    },
    "gfcc": {
        "mean": [-3.98285675049, 59.9489860535, -120.137588501, 19.9334163666, -52.040725708, 13.9139413834, -29.10414505, 10.7456579208, -21.2138519287, 5.52326154709, -15.9125089645, 3.94242477417, -12.5923910141],
        "cov": [[30887.3730469, -3414.97363281, 450.205535889, 2191.29467773, 455.079650879, 1910.20800781, -382.389770508, 876.982421875, -706.888916016, 822.659423828, -487.438171387, 628.999694824, -192.002746582], [-3414.97363281, 2530.40795898, -807.549194336, -675.020385742, -387.342254639, -651.792785645, 11.7883825302, -279.310821533, 105.895332336, -338.719818115, 99.9681625366, -221.139434814, -17.278181076], [450.205535889, -807.549194336, 1325.40393066, 581.73828125, 451.740600586, 443.111236572, 126.481658936, 184.89074707, 13.8720273972, 175.598953247, 0.987924218178, 144.569702148, -3.50322842598], [2191.29467773, -675.020385742, 581.73828125, 828.090270996, 390.137451172, 495.747009277, 79.9188919067, 186.0809021, -10.8144779205, 196.276779175, -6.30911302567, 103.723266602, 25.5588264465], [455.079650879, -387.342254639, 451.740600586, 390.137451172, 486.168121338, 363.2605896, 159.891082764, 142.052780151, 61.3112792969, 113.962898254, 53.9742088318, 84.0016479492, 26.606388092], [1910.20800781, -651.792785645, 443.111236572, 495.747009277, 363.2605896, 588.40612793, 141.005020142, 210.544525146, 11.6737031937, 180.959396362, 10.8806600571, 108.801429749, 34.298412323], [-382.389770508, 11.7883825302, 126.481658936, 79.9188919067, 159.891082764, 141.005020142, 252.81211853, 119.591270447, 82.7313690186, 35.005531311, 63.5335426331, 39.4209671021, 32.782371521], [876.982421875, -279.310821533, 184.89074707, 186.0809021, 142.052780151, 210.544525146, 119.591270447, 231.117614746, 73.9358825684, 107.905220032, 32.8198127747, 76.8323287964, 22.6967105865], [-706.888916016, 105.895332336, 13.8720273972, -10.8144779205, 61.3112792969, 11.6737031937, 82.7313690186, 73.9358825684, 175.00340271, 58.9732551575, 74.1533966064, 8.07169628143, 32.7843780518], [822.659423828, -338.719818115, 175.598953247, 196.276779175, 113.962898254, 180.959396362, 35.005531311, 107.905220032, 58.9732551575, 185.213745117, 50.3154602051, 67.1480560303, 24.4380435944], [-487.438171387, 99.9681625366, 0.987924218178, -6.30911302567, 53.9742088318, 10.8806600571, 63.5335426331, 32.8198127747, 74.1533966064, 50.3154602051, 131.714355469, 37.511882782, 32.6694374084], [628.999694824, -221.139434814, 144.569702148, 103.723266602, 84.0016479492, 108.801429749, 39.4209671021, 76.8323287964, 8.07169628143, 67.1480560303, 37.511882782, 129.653182983, 38.9470405579], [-192.002746582, -17.278181076, -3.50322842598, 25.5588264465, 26.606388092, 34.298412323, 32.782371521, 22.6967105865, 32.7843780518, 24.4380435944, 32.6694374084, 38.9470405579, 89.588470459]],
        "icov": [[7.77068125899e-05, -2.02986102522e-05, 0.000124951067846, -0.000114789720101, 5.5725526181e-05, -0.000160295807291, 0.000158043520059, -0.000232672071434, 0.000265605136519, -0.000216044005356, 0.000227450102102, -0.000320746825309, 0.000264424365014], [-2.02986102522e-05, 0.000842094246764, 0.000140091098729, -0.000101758749224, 0.000208648358239, 0.000323478394421, -0.000409940985264, 0.000441527867224, -0.00073967105709, 0.00126992189325, -0.000987799023278, 0.000578885315917, 3.85733219446e-05], [0.000124951067846, 0.000140091098729, 0.00157396262512, -0.000669408356771, -0.000629239075352, -0.000144084275234, 2.85287023871e-05, -0.000183137599379, 0.000211119666346, -0.000389940163586, 0.000734161178116, -0.00133212830406, 0.00116583646741], [-0.000114789720101, -0.000101758749224, -0.000669408356771, 0.00336913135834, -0.0012943779584, -0.00104540295433, 0.000470315950224, -0.000272332399618, 0.000707940547727, -0.00126438518055, 0.000335796474246, 0.000994902569801, -0.00104060268495], [5.5725526181e-05, 0.000208648358239, -0.000629239075352, -0.0012943779584, 0.00574492197484, -0.00230654678307, -0.00134744425304, 0.000999379553832, -0.00160467601381, 0.00153683382086, -0.00149028620217, -0.000691571854986, 0.000933206931222], [-0.000160295807291, 0.000323478394421, -0.000144084275234, -0.00104540295433, -0.00230654678307, 0.00631710374728, -0.00158150563948, -0.00141424697358, 0.00141590938438, -0.00186849164311, 0.000652509683277, 0.000965216546319, -0.00145101244561], [0.000158043520059, -0.000409940985264, 2.85287023871e-05, 0.000470315950224, -0.00134744425304, -0.00158150563948, 0.00791163742542, -0.00361140584573, -0.000591486925259, 0.0017402342055, -0.00146250892431, -0.000239818866248, -0.000468556740088], [-0.000232672071434, 0.000441527867224, -0.000183137599379, -0.000272332399618, 0.000999379553832, -0.00141424697358, -0.00361140584573, 0.0110706211999, -0.00464387284592, -0.000655974028632, 0.000799151195679, -0.00255707208999, 0.00111704238225], [0.000265605136519, -0.00073967105709, 0.000211119666346, 0.000707940547727, -0.00160467601381, 0.00141590938438, -0.000591486925259, -0.00464387284592, 0.0128058344126, -0.00528177851811, -0.00182826421224, 0.00253558740951, -0.00212076259777], [-0.000216044005356, 0.00126992189325, -0.000389940163586, -0.00126438518055, 0.00153683382086, -0.00186849164311, 0.0017402342055, -0.000655974028632, -0.00528177851811, 0.0147105306387, -0.00546020735055, -0.00065070821438, 0.000109785120003], [0.000227450102102, -0.000987799023278, 0.000734161178116, 0.000335796474246, -0.00149028620217, 0.000652509683277, -0.00146250892431, 0.000799151195679, -0.00182826421224, -0.00546020735055, 0.014821767807, -0.004698314704, -0.00044857931789], [-0.000320746825309, 0.000578885315917, -0.00133212830406, 0.000994902569801, -0.000691571854986, 0.000965216546319, -0.000239818866248, -0.00255707208999, 0.00253558740951, -0.00065070821438, -0.004698314704, 0.0155548714101, -0.00613956479356], [0.000264424365014, 3.85733219446e-05, 0.00116583646741, -0.00104060268495, 0.000933206931222, -0.00145101244561, -0.000468556740088, 0.00111704238225, -0.00212076259777, 0.000109785120003, -0.00044857931789, -0.00613956479356, 0.0158243626356]]
    },
    "melbands": {
        "dmean": [0.00131591083482, 0.00107181456406, 0.000705986807588, 0.000312549527735, 0.000171473264345, 0.000152503474965, 0.000135701047839, 0.000128434592625, 0.000133375593578, 0.00011494463979, 9.31524773478e-05, 9.77868403425e-05, 7.60513867135e-05, 6.6183754825e-05, 5.614249676e-05, 5.99590894126e-05, 5.13822560606e-05, 4.11303408328e-05, 4.12355584558e-05, 2.85308469756e-05, 2.39009950747e-05, 2.38307929976e-05, 2.11963742913e-05, 1.76536686922e-05, 1.51608919623e-05, 1.18796142488e-05, 1.10805458462e-05, 7.65818822401e-06, 6.64977278575e-06, 5.18030719832e-06, 4.69259475722e-06, 3.89701608583e-06, 3.48630351255e-06, 2.57353190136e-06, 2.57285478256e-06, 2.03463332582e-06, 2.10119992516e-06, 1.8757646103e-06, 1.58342174927e-06, 1.4430114561e-06],
        "dmean2": [0.00187123578507, 0.00144688121509, 0.00118611508515, 0.000551668403205, 0.000293226446956, 0.00026006900589, 0.000224518837058, 0.000209568956052, 0.000219378911424, 0.00018650428683, 0.000151915257447, 0.000156666108523, 0.000124294965644, 0.000110558175948, 9.25230851863e-05, 9.80385593721e-05, 8.54104728205e-05, 6.80387965986e-05, 6.71185625833e-05, 4.67383542855e-05, 3.88551561628e-05, 3.86937354051e-05, 3.45790431311e-05, 2.84635443677e-05, 2.48459728027e-05, 1.95117227122e-05, 1.8680748326e-05, 1.26371269289e-05, 1.09833454189e-05, 8.38253254187e-06, 7.58992473493e-06, 6.38968867861e-06, 5.58033298148e-06, 4.04893899031e-06, 4.08670803154e-06, 3.23959397974e-06, 3.42214730154e-06, 2.97524502457e-06, 2.4907299121e-06, 2.33955438489e-06],
        "dvar": [4.67831068818e-06, 3.47409218193e-06, 2.60191927737e-06, 3.90309281784e-07, 1.07238157909e-07, 9.64057704778e-08, 9.98303946176e-08, 1.03703875709e-07, 9.48133447309e-08, 5.39401376898e-08, 3.44568746868e-08, 4.00366744202e-08, 2.21452225446e-08, 1.7614063097e-08, 1.46815679614e-08, 1.46718299732e-08, 1.55491495235e-08, 1.03998285539e-08, 1.15811138457e-08, 4.23776258529e-09, 2.08826755888e-09, 1.94312455015e-09, 1.95991889385e-09, 1.30010380239e-09, 8.25473023269e-10, 5.23980081546e-10, 4.37504227291e-10, 1.72104275276e-10, 1.19376758478e-10, 7.58288709601e-11, 7.76435790661e-11, 4.52574297483e-11, 4.63955818208e-11, 2.70733192809e-11, 2.36795860697e-11, 1.40609242999e-11, 1.92446909103e-11, 1.87963394849e-11, 1.32371101927e-11, 1.57747166024e-11],
        "dvar2": [8.36524941406e-06, 5.96825384491e-06, 6.59814259052e-06, 1.07012567696e-06, 2.91509820727e-07, 2.48262637115e-07, 2.56755981809e-07, 2.29707069366e-07, 2.22685656581e-07, 1.25151132124e-07, 8.33261140087e-08, 8.7911402602e-08, 5.3025381419e-08, 4.56010162964e-08, 3.83986993313e-08, 3.38130945465e-08, 3.94662720282e-08, 2.42687860919e-08, 2.72194480289e-08, 1.04413615531e-08, 5.07900166369e-09, 4.62500571174e-09, 4.86450124626e-09, 3.05891956209e-09, 2.01209093831e-09, 1.2393609472e-09, 1.13595277629e-09, 4.31468721862e-10, 2.98170682589e-10, 1.91755972212e-10, 1.83725673564e-10, 1.08688037737e-10, 1.11511397338e-10, 5.90106782883e-11, 5.35019563375e-11, 3.30613904309e-11, 4.41037657783e-11, 4.17115196549e-11, 2.82795419027e-11, 3.23642501687e-11],
        "max": [0.0270008463413, 0.0227704253048, 0.0168934091926, 0.012363081798, 0.00763177732006, 0.0124779092148, 0.00742604257539, 0.010934795253, 0.0142173357308, 0.00627658702433, 0.00348499068059, 0.00579502619803, 0.00404840288684, 0.00404426967725, 0.00420508068055, 0.005502469372, 0.0076710563153, 0.00426384201273, 0.00452318042517, 0.00223507592455, 0.000972477428149, 0.00115690764505, 0.00167441717349, 0.00119249965064, 0.000943826686125, 0.00118988542818, 0.000505701464135, 0.000535162980668, 0.000461427262053, 0.000209632169572, 0.00032319733873, 0.000198899710085, 0.000297829916235, 0.000300806073938, 0.000106250598037, 0.000101093530247, 0.000170276078279, 0.000184294898645, 0.000129897220177, 0.000227046301006],
        "mean": [0.00256260042079, 0.00175207119901, 0.000668827095069, 0.000334050535457, 0.000212660117541, 0.000190428152564, 0.000176667002961, 0.000164025172126, 0.000170707149664, 0.000166821351741, 0.000135921873152, 0.000149345898535, 0.000114459908218, 9.56478979788e-05, 8.18354164949e-05, 9.06477507669e-05, 7.50401377445e-05, 6.13564698142e-05, 6.1234277382e-05, 4.45926416432e-05, 3.8623540604e-05, 3.83908118238e-05, 3.39101716236e-05, 2.93652792607e-05, 2.52951977018e-05, 2.07867906283e-05, 1.79158578248e-05, 1.47116343214e-05, 1.28420351757e-05, 9.77511263045e-06, 8.63680725161e-06, 7.47915464672e-06, 6.92525509294e-06, 5.31759133082e-06, 5.20243474966e-06, 4.20405012846e-06, 3.7250222249e-06, 3.41480767929e-06, 2.88385831482e-06, 2.46750619226e-06],
        "median": [0.000735040404834, 0.000592886703089, 0.000150544859935, 0.000120729433547, 9.51497277129e-05, 7.98931578174e-05, 7.22611293895e-05, 5.84009176237e-05, 7.08749284968e-05, 7.6548771176e-05, 5.94090597588e-05, 6.1017995904e-05, 5.02700240759e-05, 4.4662541768e-05, 3.99066811951e-05, 4.29895226262e-05, 3.45823791577e-05, 2.73385794571e-05, 2.78038169199e-05, 2.25738094741e-05, 2.01691855182e-05, 1.87735495274e-05, 1.6846042854e-05, 1.46694192154e-05, 1.30176367747e-05, 1.12500993055e-05, 9.6636449598e-06, 8.84266501089e-06, 8.25518509373e-06, 5.89896126257e-06, 5.22388154423e-06, 4.38668803326e-06, 3.67131724488e-06, 2.75581442111e-06, 2.44957254836e-06, 1.95556935978e-06, 1.46631259668e-06, 1.40494876177e-06, 1.15031900805e-06, 9.59119802246e-07],
        "min": [6.7353841417e-25, 8.2123703867e-25, 1.07063058208e-24, 7.70646452046e-25, 1.45498412549e-24, 1.30608939064e-24, 1.16366410408e-24, 1.66462686928e-24, 6.88711266214e-25, 5.1533147216e-25, 1.95010340354e-24, 9.88133579375e-25, 2.10311658395e-24, 1.38991345461e-24, 1.54100556151e-24, 2.12549853999e-24, 3.00965167319e-24, 2.50800358508e-24, 2.73619540698e-24, 2.13191927611e-24, 3.50336717326e-24, 2.75452242075e-24, 2.11627222006e-24, 3.18645394028e-24, 2.96360073456e-24, 3.91303013552e-24, 3.79532893301e-24, 4.40066292636e-24, 4.15369029846e-24, 5.86223482927e-24, 4.69339658651e-24, 4.45152354993e-24, 5.8447134397e-24, 5.2247141277e-24, 5.18540755538e-24, 4.70064897924e-24, 5.63663796531e-24, 5.8577253059e-24, 5.95949191255e-24, 6.18327873516e-24],
        "var": [1.56400583364e-05, 8.25908864499e-06, 2.33977721109e-06, 3.69198602357e-07, 1.27229185409e-07, 1.35699934845e-07, 1.40724722542e-07, 1.57115366051e-07, 1.20949366078e-07, 8.80196182607e-08, 6.18991293777e-08, 9.41798887766e-08, 4.26435633472e-08, 2.73688609553e-08, 1.97878726738e-08, 2.86154975271e-08, 2.04809129656e-08, 1.53986103868e-08, 2.09486525904e-08, 6.49670894859e-09, 3.74366759814e-09, 3.66725161349e-09, 3.26469096201e-09, 2.32819896695e-09, 1.63292568356e-09, 1.16723442023e-09, 7.22315152135e-10, 3.74360376032e-10, 2.57578153251e-10, 1.58448559828e-10, 1.46927525702e-10, 9.87381981732e-11, 1.01467882707e-10, 6.71282890385e-11, 6.263664587e-11, 3.87263068835e-11, 4.11866790673e-11, 3.84547185761e-11, 3.00234767603e-11, 3.10381269297e-11]
    },
    "mfcc": {
        "mean": [-638.245605469, 98.2687988281, -9.62061595917, 11.0001373291, -0.950677335262, 4.73946666718, 2.49508666992, 5.02632427216, 1.20858621597, 2.43282461166, 2.30123519897, 1.20968985558, -1.19577336311],
        "cov": [[14885.9375, -2644.83007812, 449.884124756, 1119.52209473, 1109.94311523, 1261.84411621, 824.99822998, 459.815795898, 543.940429688, 369.764801025, 28.4556713104, 231.879455566, 373.710906982], [-2644.83007812, 1942.4354248, -235.877716064, -387.452026367, -414.695129395, -466.645843506, -283.829406738, -127.212371826, -212.517272949, -136.702407837, 13.4372167587, -93.9169845581, -134.873321533], [449.884124756, -235.877716064, 640.539306641, 260.108673096, 253.816146851, 206.842971802, 144.423675537, 109.714431763, 77.1843719482, 74.0297317505, 30.5316982269, 48.4459075928, 76.529548645], [1119.52209473, -387.452026367, 260.108673096, 473.124084473, 267.826965332, 278.378234863, 163.14213562, 103.137672424, 109.85824585, 79.7895126343, 19.3242359161, 57.6994018555, 79.1171722412], [1109.94311523, -414.695129395, 253.816146851, 267.826965332, 437.670562744, 317.027770996, 201.878753662, 134.184768677, 118.905158997, 100.02923584, 50.3310165405, 77.0756835938, 94.0818710327], [1261.84411621, -466.645843506, 206.842971802, 278.378234863, 317.027770996, 435.862915039, 245.317932129, 138.246841431, 140.558654785, 105.630363464, 31.5857105255, 63.7087249756, 91.2368011475], [824.99822998, -283.829406738, 144.423675537, 163.14213562, 201.878753662, 245.317932129, 281.335021973, 164.811203003, 113.46635437, 87.7723999023, 45.7722549438, 63.1611099243, 72.2963638306], [459.815795898, -127.212371826, 109.714431763, 103.137672424, 134.184768677, 138.246841431, 164.811203003, 204.262969971, 114.7628479, 68.1270446777, 46.3545303345, 49.5484466553, 60.5125808716], [543.940429688, -212.517272949, 77.1843719482, 109.85824585, 118.905158997, 140.558654785, 113.46635437, 114.7628479, 171.462936401, 93.0433120728, 36.2074508667, 55.2570381165, 55.7588729858], [369.764801025, -136.702407837, 74.0297317505, 79.7895126343, 100.02923584, 105.630363464, 87.7723999023, 68.1270446777, 93.0433120728, 142.704498291, 69.7580718994, 59.5249328613, 53.756023407], [28.4556713104, 13.4372167587, 30.5316982269, 19.3242359161, 50.3310165405, 31.5857105255, 45.7722549438, 46.3545303345, 36.2074508667, 69.7580718994, 113.838447571, 60.5316886902, 34.7425308228], [231.879455566, -93.9169845581, 48.4459075928, 57.6994018555, 77.0756835938, 63.7087249756, 63.1611099243, 49.5484466553, 55.2570381165, 59.5249328613, 60.5316886902, 102.495071411, 61.8664054871], [373.710906982, -134.873321533, 76.529548645, 79.1171722412, 94.0818710327, 91.2368011475, 72.2963638306, 60.5125808716, 55.7588729858, 53.756023407, 34.7425308228, 61.8664054871, 106.441856384]],
