{
"lowlevel": {
    "average_loudness": 0.930828690529,
    "barkbands_crest": {
        "dmean": 3.29634094238,
        "dmean2": 5.28235530853,
        "dvar": 9.59152889252,
        "dvar2": 22.930814743,
        "max": 26.6775169373,
        "mean": 10.2493257523,
        "median": 9.03320217133,
        "min": 1.89838433266,
        "var": 29.0107307434
    },
    "barkbands_flatness_db": {
        "dmean": 0.0242608711123,
        "dmean2": 0.0361262075603,
        "dvar": 0.000846795912366,
        "dvar2": 0.00185513019096,
        "max": 0.786847472191,
        "mean": 0.103430055082,
        "median": 0.0850310623646,
        "min": 0.0123885562643,
        "var": 0.00570298405364
    },
    "barkbands_kurtosis": {
        "dmean": 3.7527153492,
        "dmean2": 5.78650712967,
        "dvar": 756.857421875,
        "dvar2": 1780.11804199,
        "max": 2362.51904297,
        "mean": 3.38976979256,
        "median": -0.143661379814,
        "min": -1.90493929386,
        "var": 937.585449219
    },
    "barkbands_skewness": {
        "dmean": 0.666690766811,
        "dmean2": 0.994607448578,
        "dvar": 0.910348534584,
        "dvar2": 1.98572981358,
        "max": 38.5948905945,
        "mean": 1.07334113121,
        "median": 0.829558968544,
        "min": -8.13208675385,
        "var": 2.63193583488
    },
    "barkbands_spread": {
        "dmean": 8.9630317688,
        "dmean2": 14.1364326477,
        "dvar": 88.748008728,
        "dvar2": 210.894226074,
        "max": 140.680618286,
        "mean": 39.2384033203,
        "median": 37.2570266724,
        "min": 0.0755211859941,
        "var": 458.809692383
    },
    "dissonance": {
        "dmean": 0.0134639488533,
        "dmean2": 0.0231723468751,
        "dvar": 0.000342577521224,
        "dvar2": 0.000972584879491,
        "max": 0.500000119209,
        "mean": 0.4782102108,
        "median": 0.487122118473,
        "min": 0.0289477817714,
        "var": 0.000925270200241
    },
    "dynamic_complexity": 2.54896569252,
    "erbbands_crest": {
        "dmean": 2.31027245522,
        "dmean2": 3.7998688221,
        "dvar": 6.18219041824,
        "dvar2": 15.9575481415,
        "max": 34.7037620544,
        "mean": 7.48700809479,
        "median": 6.05412101746,
        "min": 2.22684621811,
        "var": 20.1770381927
    },
    "erbbands_flatness_db": {
        "dmean": 0.0159965418279,
        "dmean2": 0.0251173451543,
        "dvar": 0.000351525930455,
        "dvar2": 0.000771026650909,
        "max": 0.717722713947,
        "mean": 0.13195823133,
        "median": 0.110226616263,
        "min": 0.0401840470731,
        "var": 0.00466732960194
    },
    "erbbands_kurtosis": {
        "dmean": 0.975760042667,
        "dmean2": 1.63046777248,
        "dvar": 13.8877677917,
        "dvar2": 39.6145820618,
        "max": 265.31817627,
        "mean": 0.37981981039,
        "median": -0.182544112206,
        "min": -1.91718709469,
        "var": 12.7194805145
    },
    "erbbands_skewness": {
        "dmean": 0.354928851128,
        "dmean2": 0.565911114216,
        "dvar": 0.18024893105,
        "dvar2": 0.450340569019,
        "max": 13.9255857468,
        "mean": -0.118243031204,
        "median": -0.198372751474,
        "min": -6.83656215668,
        "var": 0.533666908741
    },
    "erbbands_spread": {
        "dmean": 9.77431106567,
        "dmean2": 15.4159088135,
        "dvar": 142.34664917,
        "dvar2": 338.894744873,
        "max": 198.225570679,
        "mean": 43.7854728699,
        "median": 40.9161911011,
        "min": 0.182267159224,
        "var": 482.571044922
    },
    "hfc": {
        "dmean": 16.30818367,
        "dmean2": 26.0832939148,
        "dvar": 584.786499023,
        "dvar2": 1565.19519043,
        "max": 262.741760254,
        "mean": 44.0203552246,
        "median": 31.530134201,
        "min": 1.03740571973e-16,
        "var": 1613.27893066
    },
    "melbands_crest": {
        "dmean": 4.5664229393,
        "dmean2": 7.45522689819,
        "dvar": 18.3509731293,
        "dvar2": 45.9196395874,
        "max": 39.9149360657,
        "mean": 16.0367565155,
        "median": 15.7220611572,
        "min": 1.00979328156,
        "var": 50.0278396606
    },
    "melbands_flatness_db": {
        "dmean": 0.0342234782875,
        "dmean2": 0.05082603544,
        "dvar": 0.00149008398876,
        "dvar2": 0.00332682998851,
        "max": 0.922934234142,
        "mean": 0.157938808203,
        "median": 0.143723905087,
        "min": 1.12172621414e-07,
        "var": 0.00858531985432
    },
    "melbands_kurtosis": {
        "dmean": 17.3592910767,
        "dmean2": 27.3480358124,
        "dvar": 115172.265625,
        "dvar2": 309214.4375,
        "max": 30915.7421875,
        "mean": 20.4174594879,
        "median": 4.97183990479,
        "min": -1.93000197411,
        "var": 77383.8046875
    },
    "melbands_skewness": {
        "dmean": 1.06355297565,
        "dmean2": 1.556448102,
        "dvar": 4.23695659637,
        "dvar2": 9.12500286102,
        "max": 137.876480103,
        "mean": 2.74489617348,
        "median": 2.09920573235,
        "min": -5.79114532471,
        "var": 8.56287002563
    },
    "melbands_spread": {
        "dmean": 13.5896072388,
        "dmean2": 21.3282222748,
        "dvar": 234.186737061,
        "dvar2": 565.326599121,
        "max": 236.771438599,
        "mean": 41.5407180786,
        "median": 35.313117981,
        "min": 0.0108866570517,
        "var": 868.984191895
    },
    "pitch_salience": {
        "dmean": 0.0993692204356,
        "dmean2": 0.152669340372,
        "dvar": 0.0087668877095,
        "dvar2": 0.0205412525684,
        "max": 0.99741178751,
        "mean": 0.539820611477,
        "median": 0.562547683716,
        "min": 0.00500332983211,
        "var": 0.026738718152
    },
    "silence_rate_20dB": {
        "dmean": 0,
        "dmean2": 0,
        "dvar": 0,
        "dvar2": 0,
        "max": 1,
        "mean": 1,
        "median": 1,
        "min": 1,
        "var": 0
    },
    "silence_rate_30dB": {
        "dmean": 0,
        "dmean2": 0,
        "dvar": 0,
        "dvar2": 0,
        "max": 1,
        "mean": 1,
        "median": 1,
        "min": 1,
        "var": 0
    },
    "silence_rate_60dB": {
        "dmean": 0.016788976267,
        "dmean2": 0.0335797257721,
        "dvar": 0.0165039822459,
        "dvar2": 0.0405706241727,
        "max": 1,
        "mean": 0.0552211999893,
        "median": 0,
        "min": 0,
        "var": 0.0521733760834
    },
    "spectral_centroid": {
        "dmean": 330.114898682,
        "dmean2": 523.051818848,
        "dvar": 128841.851562,
        "dvar2": 306685.75,
        "max": 11872.2441406,
        "mean": 2239.99487305,
        "median": 2257.64575195,
        "min": 52.9538612366,
        "var": 1682372.5
    },
    "spectral_complexity": {
        "dmean": 5.68143177032,
        "dmean2": 8.90517425537,
        "dvar": 37.7709884644,
        "dvar2": 89.1692352295,
        "max": 64,
        "mean": 27.5391731262,
        "median": 26,
        "min": 0,
        "var": 246.845535278
    },
    "spectral_decrease": {
        "dmean": 2.11981965315e-09,
        "dmean2": 3.3679212752e-09,
        "dvar": 5.78206734159e-18,
        "dvar2": 1.48265375006e-17,
        "max": 1.98998420767e-28,
        "mean": -6.7768222145e-09,
        "median": -6.39379260647e-09,
        "min": -3.24920357286e-08,
        "var": 1.94367558528e-17
    },
    "spectral_energy": {
        "dmean": 0.00881160609424,
        "dmean2": 0.0141477109864,
        "dvar": 9.5122071798e-05,
        "dvar2": 0.000255891791312,
        "max": 0.124842941761,
        "mean": 0.0295700952411,
        "median": 0.0288242250681,
        "min": 9.8496757622e-21,
        "var": 0.000337770063197
    },
    "spectral_energyband_high": {
        "dmean": 0.00150881160516,
        "dmean2": 0.00240175216459,
        "dvar": 5.36226707482e-06,
        "dvar2": 1.38057794175e-05,
        "max": 0.0265631265938,
        "mean": 0.0036107734777,
        "median": 0.00211898214184,
        "min": 6.84200181851e-21,
        "var": 1.608216553e-05
    },
    "spectral_energyband_low": {
        "dmean": 0.00668512191623,
        "dmean2": 0.00987357832491,
        "dvar": 8.64300236572e-05,
        "dvar2": 0.000192967447219,
        "max": 0.120045036077,
        "mean": 0.0134827103466,
        "median": 0.00848869793117,
        "min": 1.28348757908e-23,
        "var": 0.00024413682695
    },
    "spectral_energyband_middle_high": {
        "dmean": 0.00295729399659,
        "dmean2": 0.00485998904333,
        "dvar": 2.24997129408e-05,
        "dvar2": 5.9645910369e-05,
        "max": 0.0928884372115,
        "mean": 0.00697662355378,
        "median": 0.0051593137905,
        "min": 1.11959895554e-21,
        "var": 4.75631604786e-05
    },
    "spectral_energyband_middle_low": {
        "dmean": 0.00313619384542,
        "dmean2": 0.00503561180085,
        "dvar": 1.61710358952e-05,
        "dvar2": 3.82434409403e-05,
        "max": 0.0580862015486,
        "mean": 0.00611736811697,
        "median": 0.00461710989475,
        "min": 1.14467642719e-22,
        "var": 2.93874218187e-05
    },
    "spectral_entropy": {
        "dmean": 0.132649824023,
        "dmean2": 0.208108603954,
        "dvar": 0.0303029511124,
        "dvar2": 0.0718899741769,
        "max": 9.82504272461,
        "mean": 7.98954057693,
        "median": 8.18130302429,
        "min": 3.14110898972,
        "var": 0.375158458948
    },
    "spectral_flux": {
        "dmean": 0.0215485338122,
        "dmean2": 0.0344701260328,
        "dvar": 0.000491473649163,
        "dvar2": 0.00110613577999,
        "max": 0.280580997467,
        "mean": 0.104160711169,
        "median": 0.104550048709,
        "min": 6.36928634834e-11,
        "var": 0.00220210524276
    },
    "spectral_kurtosis": {
        "dmean": 2.18308162689,
        "dmean2": 3.71752524376,
        "dvar": 212.89881897,
        "dvar2": 639.544067383,
        "max": 716.140258789,
        "mean": 5.70760631561,
        "median": 2.19108724594,
        "min": -1.25931632519,
        "var": 809.54119873
    },
    "spectral_rms": {
        "dmean": 0.000805032206699,
        "dmean2": 0.00129086978268,
        "dvar": 6.77614195865e-07,
        "dvar2": 1.82732787835e-06,
        "max": 0.0110362125561,
        "mean": 0.00502734305337,
        "median": 0.00530294235796,
        "min": 3.09990965189e-12,
        "var": 3.57461999556e-06
    },
    "spectral_rolloff": {
        "dmean": 1038.83874512,
        "dmean2": 1633.87280273,
        "dvar": 1733698,
        "dvar2": 3789748,
        "max": 19681.3476562,
        "mean": 3202.82788086,
        "median": 2476.31835938,
        "min": 21.533203125,
        "var": 8935438
    },
    "spectral_skewness": {
        "dmean": 0.198226958513,
        "dmean2": 0.324126005173,
        "dvar": 0.203701794147,
        "dvar2": 0.561627447605,
        "max": 22.8271980286,
        "mean": 1.40149188042,
        "median": 1.19596123695,
        "min": -0.0868888124824,
        "var": 1.5367718935
    },
    "spectral_spread": {
        "dmean": 578700.375,
        "dmean2": 908975.1875,
        "dvar": 484386373632,
        "dvar2": 1.08256545997e+12,
        "max": 42947928,
        "mean": 6029667,
        "median": 5738996,
        "min": 132878.890625,
        "var": 1.87927594271e+13
    },
    "spectral_strongpeak": {
        "dmean": 0.438859730959,
        "dmean2": 0.759653925896,
        "dvar": 0.931229114532,
        "dvar2": 2.48307824135,
        "max": 19.1652946472,
        "mean": 0.661773204803,
        "median": 0.338164925575,
        "min": 0,
        "var": 1.26764655113
    },
    "zerocrossingrate": {
        "dmean": 0.0161235667765,
        "dmean2": 0.0191553719342,
        "dvar": 0.000272898963885,
        "dvar2": 0.000366252643289,
        "max": 0.857421875,
        "mean": 0.105320736766,
        "median": 0.0947265625,
        "min": 0.00146484375,
        "var": 0.00513534387574
    },
    "barkbands": {
        "dmean": [0.000335990916938, 0.0058779749088, 0.00236324127764, 0.000960180419497, 0.0013966197148, 0.00077745836461, 0.000735894369427, 0.000621156592388, 0.000607605557889, 0.000552878947929, 0.000473114254419, 0.00044725794578, 0.000391598819988, 0.000522566318978, 0.00052035076078, 0.000538244319614, 0.000416197231971, 0.00051887758309, 0.000378243479645, 0.000354840012733, 0.000304242013954, 0.000284629844828, 0.000327591551468, 0.000294310506433, 0.000276565639069, 0.00012339069508, 2.7713504096e-05],
        "dmean2": [0.000485073513119, 0.00905401725322, 0.00380888627842, 0.00167105172295, 0.00243488349952, 0.00135764188599, 0.00129651394673, 0.00108312349766, 0.00098388956394, 0.000885441084392, 0.000818329339381, 0.000755005050451, 0.000662424601614, 0.000919867714401, 0.000879671424627, 0.000894474913366, 0.00069164542947, 0.000914559757803, 0.000643680919893, 0.000613975396845, 0.000505894713569, 0.000459199509351, 0.000539606553502, 0.000473098654766, 0.00045024746214, 0.000193487067008, 4.49946091976e-05],
        "dvar": [3.67744661389e-07, 9.05559209059e-05, 2.26023657888e-05, 4.29356123277e-06, 7.10526001058e-06, 2.10331972994e-06, 1.92767902263e-06, 2.13366706703e-06, 1.77339870788e-06, 1.59001172051e-06, 7.18012245216e-07, 1.18720492992e-06, 4.71288899462e-07, 1.70023167811e-06, 2.87961006507e-06, 4.02337764172e-06, 7.89511375388e-07, 1.04198511508e-06, 3.6441906559e-07, 3.38822985668e-07, 2.05513003948e-07, 1.77479918761e-07, 3.22060515145e-07, 2.33422994711e-07, 2.38027880073e-07, 4.82662265711e-08, 2.79984635476e-09],
        "dvar2": [6.82592485646e-07, 0.000190007136553, 5.4542113503e-05, 1.11260014819e-05, 2.00939939532e-05, 5.85658654018e-06, 5.26126450495e-06, 6.01947522227e-06, 4.03523836212e-06, 3.16314981319e-06, 1.97243480216e-06, 3.29053841597e-06, 1.2505322502e-06, 4.76116156278e-06, 7.49966875446e-06, 1.00669731182e-05, 1.96561541088e-06, 3.14738781526e-06, 9.71197778199e-07, 9.80967115538e-07, 5.48621756025e-07, 4.38339355924e-07, 8.2849305727e-07, 5.76639138217e-07, 6.18449462308e-07, 1.14618025293e-07, 7.1295289672e-09],
        "max": [0.0142840249464, 0.113635912538, 0.0402074046433, 0.0309456810355, 0.0347823798656, 0.029137166217, 0.0315644852817, 0.0386138893664, 0.0456268526614, 0.0412242971361, 0.0149424867705, 0.0365838073194, 0.0129087073728, 0.0382264666259, 0.0887307077646, 0.0733836591244, 0.0280899591744, 0.0242180582136, 0.0183645356447, 0.00795248523355, 0.0114817880094, 0.0106087438762, 0.0108542563394, 0.0111265545711, 0.00638547167182, 0.00384498364292, 0.00110522122122],
        "mean": [0.000763680436648, 0.00993974599987, 0.00230337982066, 0.000856316357385, 0.00158259063028, 0.000958886055741, 0.000822627800517, 0.000721839838661, 0.000921742408536, 0.000799251603894, 0.00062183936825, 0.000636188662611, 0.000594070996158, 0.000655830895994, 0.000701572455, 0.000730917905457, 0.000670127454214, 0.000737382797524, 0.000646383967251, 0.000620765727945, 0.00063497206429, 0.00063742918428, 0.000609625771176, 0.000603311462328, 0.000515061372425, 0.000239090935793, 4.54544024251e-05],
        "median": [0.000127732695546, 0.00452655181289, 0.000631010276265, 0.000244131224463, 0.000706857186742, 0.000498467416037, 0.000390506960684, 0.000342886603903, 0.000402362609748, 0.000315674464218, 0.00026520062238, 0.000267866998911, 0.000306349131279, 0.000281657965388, 0.00029890544829, 0.000297862454318, 0.000312279269565, 0.000361471029464, 0.000340784434229, 0.00035173719516, 0.000405719387345, 0.000403927901061, 0.000320006423863, 0.000290082680294, 0.000215048363316, 8.87035421329e-05, 9.08070069272e-06],
        "min": [1.4003936443e-25, 1.85012573621e-24, 7.26497161232e-25, 3.0895828565e-25, 7.57943710851e-24, 5.5884436916e-24, 2.95262570721e-24, 5.65828943615e-24, 1.12158933995e-23, 1.04352429586e-23, 7.05163552038e-24, 1.8854545563e-23, 2.58897175563e-23, 2.39436592343e-23, 4.86152572238e-23, 5.59278211104e-23, 5.93849125196e-23, 8.68844963905e-23, 1.09826452159e-22, 1.17149769797e-22, 1.93948092602e-22, 3.08440499243e-22, 2.86767498816e-22, 5.26459666315e-22, 8.05606970735e-22, 1.06732057537e-21, 1.93304960181e-21],
        "var": [1.59925798471e-06, 0.000196323395357, 2.21839509322e-05, 3.77811466024e-06, 6.11673021922e-06, 2.00752538149e-06, 1.78170375875e-06, 1.91833123608e-06, 3.40040855917e-06, 2.90391994895e-06, 9.03355157789e-07, 1.69524389548e-06, 7.4732486155e-07, 1.58770660619e-06, 4.64619870399e-06, 4.61210493086e-06, 1.32324817059e-06, 1.20179925034e-06, 7.02859381363e-07, 5.40809139693e-07, 5.12398059982e-07, 5.25023892806e-07, 6.31610873825e-07, 6.16132012965e-07, 4.92485582981e-07, 1.23005563069e-07, 6.06767303069e-09]
    },
    "erbbands": {
        "dmean": [0.190027162433, 1.33720469475, 2.47937560081, 2.84012579918, 3.47165465355, 5.22715473175, 5.5026845932, 6.82917451859, 10.2334537506, 11.6723709106, 13.6843547821, 13.6961774826, 15.3795061111, 16.7715873718, 18.9289703369, 17.6647491455, 16.7720909119, 21.9373264313, 30.6800861359, 23.3849239349, 31.5236091614, 21.7013568878, 29.2899799347, 20.127286911, 17.5496406555, 17.765247345, 13.0605821609, 11.9591550827, 10.6371917725, 10.1124515533, 9.38358974457, 6.18512153625, 5.24270534515, 3.37443256378, 1.89965879917, 0.677595555782, 0.206003725529, 0.0486762709916, 0.00449174875394, 7.68857935327e-05],
        "dmean2": [0.293058007956, 1.94398963451, 3.68260121346, 4.58339929581, 5.94267320633, 9.2591714859, 9.49252223969, 12.0518121719, 18.2237071991, 20.2609138489, 23.545955658, 22.3057498932, 24.6226234436, 28.1904029846, 32.7041053772, 29.5234889984, 28.240852356, 37.634552002, 52.881111145, 39.9462089539, 52.983379364, 35.3705291748, 51.7905006409, 34.1954193115, 29.8115787506, 30.8653373718, 21.7591552734, 20.0559597015, 17.4984149933, 16.6760654449, 15.4030094147, 9.82968235016, 8.60835075378, 5.5565290451, 3.09087610245, 1.07294225693, 0.324823200703, 0.0771251097322, 0.0073480932042, 0.000124008933199],
        "dvar": [0.0970293655992, 5.08288478851, 20.6147651672, 29.6339454651, 45.5197257996, 114.242156982, 112.289634705, 173.756591797, 424.257415771, 579.562011719, 1001.47418213, 888.89074707, 1131.98083496, 975.947387695, 1212.20483398, 2113.46679688, 909.117553711, 1669.16064453, 11295.5556641, 4967.83740234, 18797.546875, 2095.18505859, 3855.53759766, 1029.41638184, 787.946228027, 898.420349121, 379.372253418, 331.017944336, 245.051895142, 247.912597656, 289.206237793, 107.491104126, 76.1485977173, 34.6559333801, 11.3086071014, 1.45418405533, 0.141192451119, 0.00790723785758, 7.37522495911e-05, 1.74045862167e-08],
        "dvar2": [0.237562820315, 9.82875537872, 45.1139564514, 69.4913711548, 123.441146851, 327.1875, 313.236114502, 484.369110107, 1166.52233887, 1592.05810547, 2772.34765625, 2151.56469727, 2211.38574219, 2449.08569336, 3388.50830078, 5907.47265625, 2428.64331055, 4593.14794922, 29201.2539062, 13991.2724609, 49920.5078125, 4991.99755859, 11979.4394531, 2761.48071289, 2173.75512695, 2611.78149414, 1020.81616211, 897.356079102, 635.350708008, 632.082763672, 731.038818359, 254.387176514, 197.412857056, 91.1181640625, 28.876241684, 3.4987051487, 0.335353314877, 0.0190352965146, 0.000187569501577, 4.36267306725e-08],
        "max": [3.84314775467, 28.3883304596, 47.4231376648, 60.8983573914, 99.1283874512, 149.655654907, 243.019241333, 273.900512695, 555.291320801, 766.394592285, 955.407165527, 1098.60290527, 1312.69812012, 660.991394043, 749.094238281, 1838.48718262, 615.548706055, 1033.84436035, 5347.51611328, 2511.34301758, 4993.20556641, 1785.43859863, 1709.40515137, 701.476989746, 734.272644043, 336.005950928, 374.941802979, 519.892272949, 321.826019287, 515.789794922, 389.908874512, 319.872680664, 166.849502563, 75.0968170166, 38.1722488403, 31.2704238892, 6.61937761307, 2.03582167625, 0.20201434195, 0.00290201092139],
        "mean": [0.331729531288, 2.00105214119, 3.0343477726, 2.98374247551, 3.69738411903, 5.56211137772, 6.6085524559, 8.04532527924, 10.7844619751, 14.0272493362, 17.0308685303, 20.4782466888, 25.1753787994, 24.5823040009, 26.2790927887, 27.0161037445, 26.8595180511, 33.4384155273, 39.1565170288, 33.788192749, 43.7437477112, 37.2028160095, 41.962387085, 34.2354927063, 32.0014686584, 30.3967247009, 26.5326366425, 24.4536323547, 22.8607120514, 19.8299388885, 17.2952384949, 13.1342658997, 9.78654289246, 6.26824712753, 3.37660717964, 1.27781152725, 0.3900578022, 0.0914627015591, 0.00714255822822, 0.000162726835697],
        "median": [0.149084806442, 0.633668541908, 0.989460110664, 1.04000020027, 1.44420218468, 2.27313685417, 3.1964673996, 4.05379295349, 4.69170475006, 7.30158424377, 8.40381240845, 9.52598571777, 10.6876363754, 11.7748661041, 12.6613769531, 12.8738822937, 15.3250675201, 16.4321975708, 15.559044838, 17.1782073975, 18.20819664, 17.7783889771, 19.4814376831, 19.2042179108, 17.2995948792, 16.8384456635, 16.3157501221, 15.4141340256, 14.3032569885, 11.2074327469, 8.88666725159, 6.52964305878, 4.48889923096, 2.7021021843, 1.31886696815, 0.485392928123, 0.137540861964, 0.0278179273009, 0.00136465742253, 7.70119877416e-05],
        "min": [5.30524735979e-23, 5.6515979393e-22, 8.33453735446e-22, 5.30071755639e-21, 5.04595400566e-21, 2.66153892389e-20, 2.83278178968e-20, 5.65984957078e-20, 4.77588074735e-20, 1.23744074138e-19, 2.05873324969e-19, 2.3937466969e-19, 3.94429184375e-19, 6.51757059628e-19, 9.62712294763e-19, 1.18158686978e-18, 1.51278243903e-18, 1.67991500558e-18, 1.49045280179e-18, 3.26254447213e-18, 3.33810390557e-18, 3.45049417617e-18, 4.84706456337e-18, 5.9031140573e-18, 7.49946014296e-18, 7.09457922136e-18, 6.09767562277e-18, 9.80091235356e-18, 1.08181964417e-17, 9.98082248243e-18, 1.03743834374e-17, 9.26314817527e-18, 9.50298092207e-18, 8.50823336975e-18, 5.64910674352e-18, 4.05537620295e-18, 1.66998377175e-18, 9.48774611635e-19, 2.50929323022e-19, 2.50416377338e-20],
        "var": [0.198460072279, 11.1314144135, 29.4483585358, 30.8362770081, 41.7224197388, 93.1864013672, 109.238082886, 155.323303223, 352.067687988, 547.474060059, 941.242858887, 1378.20654297, 3170.91870117, 1520.91906738, 1480.88647461, 3190.8671875, 1370.03137207, 2597.03466797, 19074.7597656, 4922.85693359, 19129.4003906, 4117.34814453, 4334.77246094, 1855.2442627, 1558.24633789, 1325.35449219, 898.98449707, 779.312805176, 671.292053223, 572.568969727, 545.676513672, 302.250671387, 168.098052979, 70.7681045532, 22.8856964111, 3.51035404205, 0.344946175814, 0.0199849102646, 0.000156274196343, 4.43775043379e-08]
    },
    "gfcc": {
        "mean": [18.2335147858, 47.539604187, -109.903511047, 34.1317596436, -55.3088035583, 21.0931377411, -31.8702354431, 15.6633195877, -19.7568473816, 7.60175943375, -13.4997196198, 4.74313640594, -10.5602827072],
        "cov": [[27676.1601562, -2574.15185547, -969.589538574, 1655.62524414, -826.344482422, 1238.84997559, -529.903137207, 683.917663574, -591.703918457, 459.654602051, -609.722045898, 374.253326416, -442.705810547], [-2574.15185547, 2886.00048828, -395.654174805, -389.289550781, -71.2305908203, -462.533752441, -13.2956991196, -237.216278076, 161.018035889, -171.145278931, 253.312545776, -150.612854004, 184.695297241], [-969.589538574, -395.654174805, 1147.28112793, 392.191101074, 221.416091919, 235.891876221, 126.13205719, 53.1907958984, -24.0600852966, 58.1085662842, -42.320980072, 33.7192573547, -45.8062286377], [1655.62524414, -389.289550781, 392.191101074, 726.492919922, 136.28968811, 281.203765869, 61.4271240234, 125.69418335, -30.0746421814, 60.0535545349, -66.0747451782, 34.8325462341, -50.6814308167], [-826.344482422, -71.2305908203, 221.416091919, 136.28968811, 390.198272705, 131.124526978, 113.485427856, 28.2597942352, 44.4678955078, 12.2946357727, -13.8896684647, -5.80025911331, -7.39198207855], [1238.84997559, -462.533752441, 235.891876221, 281.203765869, 131.124526978, 386.668243408, 110.184494019, 111.78755188, -10.113325119, 82.6900634766, -48.9518966675, 42.6910057068, -45.0565834045], [-529.903137207, -13.2956991196, 126.13205719, 61.4271240234, 113.485427856, 110.184494019, 219.866119385, 81.4971618652, 50.4842185974, 31.0482749939, 23.3370704651, 13.7744941711, 5.52595043182], [683.917663574, -237.216278076, 53.1907958984, 125.69418335, 28.2597942352, 111.78755188, 81.4971618652, 183.550430298, 44.2853889465, 42.586807251, -10.2660856247, 29.5614700317, -6.44807815552], [-591.703918457, 161.018035889, -24.0600852966, -30.0746421814, 44.4678955078, -10.113325119, 50.4842185974, 44.2853889465, 133.082946777, 38.2616157532, 34.40102005, 1.10893058777, 39.7277946472], [459.654602051, -171.145278931, 58.1085662842, 60.0535545349, 12.2946357727, 82.6900634766, 31.0482749939, 42.586807251, 38.2616157532, 122.345321655, 23.681022644, 35.0386238098, -5.44670963287], [-609.722045898, 253.312545776, -42.320980072, -66.0747451782, -13.8896684647, -48.9518966675, 23.3370704651, -10.2660856247, 34.40102005, 23.681022644, 131.472946167, 25.2455615997, 31.2463474274], [374.253326416, -150.612854004, 33.7192573547, 34.8325462341, -5.80025911331, 42.6910057068, 13.7744941711, 29.5614700317, 1.10893058777, 35.0386238098, 25.2455615997, 94.2668075562, 27.8255271912], [-442.705810547, 184.695297241, -45.8062286377, -50.6814308167, -7.39198207855, -45.0565834045, 5.52595043182, -6.44807815552, 39.7277946472, -5.44670963287, 31.2463474274, 27.8255271912, 104.091247559]],
        "icov": [[0.000124498459627, -0.000121465978737, 0.000217869528569, -0.000174090411747, 0.000178577654879, -0.000276786740869, 0.000343249441357, -0.000452682870673, 0.000545291404705, -0.000531699450221, 0.000590951589402, -0.000539324129932, 0.000333581730956], [-0.000121465978737, 0.000878713442944, -0.000142726799822, -1.5485458789e-05, -4.04101119784e-05, 0.000460565526737, -0.000571499345824, 0.00117609533481, -0.00133450690191, 0.00141244963743, -0.00192258448806, 0.00179642974399, -0.00116627244279], [0.000217869528569, -0.000142726799822, 0.00159807957243, -0.00082065036986, -6.76376585034e-05, -0.000535739294719, 9.52328991843e-05, -0.000355310126906, 0.00115470797755, -0.0011272225529, 0.00108670478221, -0.00111533841118, 0.000692019064445], [-0.000174090411747, -1.5485458789e-05, -0.00082065036986, 0.00259758438915, -0.000603525957558, -0.000688402564265, 0.000174621571205, -0.000658462755382, 9.97446477413e-06, 0.000360043632099, -0.000237557760556, 0.000454921711935, -0.000235488361795], [0.000178577654879, -4.04101119784e-05, -6.76376585034e-05, -0.000603525957558, 0.00398629717529, -0.00132627075072, -0.000860516563989, 0.000571673270315, -0.00109532848001, 0.000394016184146, 0.00083894940326, -0.000255376828136, 0.000552773417439], [-0.000276786740869, 0.000460565526737, -0.000535739294719, -0.000688402564265, -0.00132627075072, 0.00630120420828, -0.00247637275606, -4.46038029622e-05, 0.000205636868486, -0.00135112775024, 0.000112938447273, 0.000202864641324, -4.06140970881e-05], [0.000343249441357, -0.000571499345824, 9.52328991843e-05, 0.000174621571205, -0.000860516563989, -0.00247637275606, 0.00845553632826, -0.00393983442336, 0.000521484122146, -0.00103485304862, 7.38399903639e-05, -0.00118842232041, 0.00081720930757], [-0.000452682870673, 0.00117609533481, -0.000355310126906, -0.000658462755382, 0.000571673270315, -4.46038029622e-05, -0.00393983442336, 0.0114772869274, -0.00631539849564, 0.00294022797607, -0.00206229253672, 0.000781516253483, -0.000573281315155], [0.000545291404705, -0.00133450690191, 0.00115470797755, 9.97446477413e-06, -0.00109532848001, 0.000205636868486, 0.000521484122146, -0.00631539849564, 0.0165561903268, -0.00824778713286, 0.00266034156084, 2.28746898756e-06, -0.0027572917752], [-0.000531699450221, 0.00141244963743, -0.0011272225529, 0.000360043632099, 0.000394016184146, -0.00135112775024, -0.00103485304862, 0.00294022797607, -0.00824778713286, 0.0164349265397, -0.00634518731385, 4.53040920547e-05, 0.000492387160193], [0.000590951589402, -0.00192258448806, 0.00108670478221, -0.000237557760556, 0.00083894940326, 0.000112938447273, 7.38399903639e-05, -0.00206229253672, 0.00266034156084, -0.00634518731385, 0.0156066324562, -0.00760326627642, 0.00226433156058], [-0.000539324129932, 0.00179642974399, -0.00111533841118, 0.000454921711935, -0.000255376828136, 0.000202864641324, -0.00118842232041, 0.000781516253483, 2.28746898756e-06, 4.53040920547e-05, -0.00760326627642, 0.0202592201531, -0.00870122760534], [0.000333581730956, -0.00116627244279, 0.000692019064445, -0.000235488361795, 0.000552773417439, -4.06140970881e-05, 0.00081720930757, -0.000573281315155, -0.0027572917752, 0.000492387160193, 0.00226433156058, -0.00870122760534, 0.0159521419555]]
    },
    "melbands": {
        "dmean": [0.00161888101138, 0.00129915168509, 0.000461604242446, 0.000313404743792, 0.000196985376533, 0.000155679968884, 0.000152689855895, 0.000127333332784, 0.00010990336159, 8.73041135492e-05, 7.86659802543e-05, 7.11886750651e-05, 6.7412511271e-05, 5.49342476006e-05, 3.85535422538e-05, 4.17936535086e-05, 4.27347222285e-05, 5.37491359864e-05, 3.30876864609e-05, 3.05717221636e-05, 4.11821129092e-05, 2.3674174372e-05, 2.96914276987e-05, 2.44706061494e-05, 1.69271697814e-05, 1.54650806508e-05, 1.14981794468e-05, 1.31011565827e-05, 8.79907474882e-06, 8.35920491227e-06, 7.25719428374e-06, 6.3438919824e-06, 6.28888847132e-06, 6.08098434896e-06, 6.08123673373e-06, 4.54390692539e-06, 3.94522112401e-06, 3.98530846724e-06, 3.42258817909e-06, 2.86992531073e-06],
        "dmean2": [0.00251264753751, 0.00184978917241, 0.000723963719793, 0.000546773080714, 0.00034164916724, 0.000273831887171, 0.000271106226137, 0.000221508482355, 0.000188091711607, 0.000141578260809, 0.000126297876704, 0.00011945048027, 0.000116204835649, 9.3623304565e-05, 6.45946638542e-05, 7.07311628503e-05, 7.38629169064e-05, 9.43396516959e-05, 5.67303795833e-05, 5.13108243467e-05, 7.04631311237e-05, 3.94732160203e-05, 5.23403214174e-05, 4.29416941188e-05, 2.87796246994e-05, 2.64904720098e-05, 1.96501478058e-05, 2.30158784689e-05, 1.47795817611e-05, 1.40500169437e-05, 1.21535549624e-05, 1.04997234303e-05, 1.04122545963e-05, 1.02160020106e-05, 1.01328860183e-05, 7.31227919459e-06, 6.39773452349e-06, 6.61210015096e-06, 5.71040118302e-06, 4.75407432532e-06],
        "dvar": [6.60553678244e-06, 4.42601549366e-06, 6.82879147007e-07, 3.89723254557e-07, 1.32491877025e-07, 8.66676117539e-08, 8.87195881205e-08, 7.55499058869e-08, 6.59808847558e-08, 3.62572052381e-08, 3.04754443903e-08, 2.00173744247e-08, 1.5036345502e-08, 1.74224954463e-08, 6.40171071709e-09, 5.82107562153e-09, 6.8505179307e-09, 3.46055735179e-08, 8.76533423622e-09, 6.08616623765e-09, 3.75037814138e-08, 3.9700776e-09, 3.24186077982e-09, 2.10203077167e-09, 7.5336981098e-10, 7.10533853976e-10, 3.24080873249e-10, 5.21465592929e-10, 1.78505696335e-10, 1.67036856569e-10, 1.25156052189e-10, 9.19462908588e-11, 9.33788601998e-11, 9.50373807429e-11, 1.20992105224e-10, 6.54353515817e-11, 4.35121209896e-11, 4.31152683e-11, 3.57637496007e-11, 2.50487131037e-11],
        "dvar2": [1.47860646393e-05, 8.34247111925e-06, 1.48836795688e-06, 1.10077405679e-06, 3.68670072248e-07, 2.40947201746e-07, 2.4307345825e-07, 2.0947013013e-07, 1.79879293682e-07, 8.52376942362e-08, 5.99769123255e-08, 4.91140603742e-08, 4.15131573561e-08, 4.79774193707e-08, 1.7446502909e-08, 1.54733594826e-08, 1.92090556794e-08, 8.82960762283e-08, 2.58530619135e-08, 1.59987045834e-08, 1.03711016664e-07, 1.05848139142e-08, 9.65355351212e-09, 6.27591223434e-09, 1.98832061926e-09, 1.9180723676e-09, 9.12927844432e-10, 1.52178003532e-09, 4.82901052479e-10, 4.52658827088e-10, 3.40153349931e-10, 2.42585229682e-10, 2.36512892604e-10, 2.53081305912e-10, 3.14271136892e-10, 1.57747384599e-10, 1.07621807299e-10, 1.13869538798e-10, 9.55334977792e-11, 6.60736326763e-11],
        "max": [0.027777319774, 0.0256585404277, 0.0103814918548, 0.00787420477718, 0.0069355792366, 0.00580549053848, 0.00756805483252, 0.0084564704448, 0.0083078565076, 0.00615646177903, 0.00666246470064, 0.00297155766748, 0.00232132035308, 0.00377292465419, 0.0023493852932, 0.0012892135419, 0.00178108760156, 0.00806034822017, 0.00362326693721, 0.00269175483845, 0.00695422198623, 0.00240542483516, 0.00111267971806, 0.00109326362144, 0.000671217101626, 0.00101144728251, 0.000389457272831, 0.000257305277046, 0.000296800979413, 0.000283422850771, 0.000364247447578, 0.000240449691773, 0.000305673689581, 0.000256829254795, 0.000260413944488, 0.000153495406266, 0.000224535149755, 0.000138803283335, 7.98356486484e-05, 6.80102384649e-05],
        "mean": [0.00287490035407, 0.00202571647242, 0.000534585386049, 0.000338805111824, 0.000239568107645, 0.00018516513228, 0.00016554708418, 0.000152409862494, 0.000138298084494, 0.000130988570163, 0.000125921244035, 9.9414435681e-05, 9.0364846983e-05, 7.41763651604e-05, 6.04850647505e-05, 6.12113362877e-05, 6.06379544479e-05, 6.41747465124e-05, 4.5032651542e-05, 4.43857534265e-05, 5.30474862899e-05, 3.66684289475e-05, 4.07125698985e-05, 3.44953514286e-05, 2.66809929599e-05, 2.47680891334e-05, 2.06769545912e-05, 1.98961952265e-05, 1.64325592777e-05, 1.54311564984e-05, 1.37720608109e-05, 1.28702859001e-05, 1.21473494801e-05, 1.06732541099e-05, 1.02282019725e-05, 8.73581939231e-06, 7.77406785346e-06, 7.06753462509e-06, 5.93548111283e-06, 5.10646214025e-06],
        "median": [0.00141601171345, 0.000729274644982, 0.000215483189095, 0.000140175834531, 0.000116640585475, 9.41937614698e-05, 7.57501111366e-05, 8.01859350759e-05, 6.78125943523e-05, 5.71352356928e-05, 5.11142570758e-05, 4.39068753622e-05, 3.9581413148e-05, 3.1376574043e-05, 2.96372309094e-05, 3.10520299536e-05, 2.72885481536e-05, 2.24531650019e-05, 2.15006803046e-05, 2.12038394238e-05, 1.9787104975e-05, 1.72180989466e-05, 1.61549105542e-05, 1.73304870259e-05, 1.41120381159e-05, 1.22377168736e-05, 1.15356006063e-05, 1.03538650364e-05, 9.71305598796e-06, 9.58559030551e-06, 8.55424514157e-06, 8.01052192401e-06, 6.97587483955e-06, 5.8363602875e-06, 5.23189100932e-06, 4.30350701208e-06, 3.78185040972e-06, 3.26197096001e-06, 2.64243885795e-06, 2.09396375794e-06],
        "min": [6.24416834463e-25, 9.83286226327e-25, 1.16931737715e-24, 1.08834238295e-24, 1.0593558862e-24, 1.32280870588e-24, 6.32125829748e-25, 1.19002645503e-24, 1.64989804732e-24, 1.48282687253e-24, 1.98190790865e-24, 2.0901895203e-24, 2.08991775772e-24, 1.52719586111e-24, 1.64714699352e-24, 1.93006101173e-24, 2.92110400873e-24, 1.92589858717e-24, 3.40490037178e-24, 3.617343769e-24, 3.08014388925e-24, 2.92424998602e-24, 3.5580107793e-24, 3.0527102652e-24, 3.87606214135e-24, 4.41662079361e-24, 3.91477904014e-24, 3.93223692641e-24, 3.87905468519e-24, 3.25997242399e-24, 4.46291509583e-24, 4.17481836008e-24, 3.96986519716e-24, 4.85132062328e-24, 5.57273825984e-24, 5.23539490993e-24, 5.67258083474e-24, 6.08315611464e-24, 6.17459258773e-24, 5.91658340133e-24],
        "var": [1.45901276483e-05, 1.00853394542e-05, 8.31538500279e-07, 3.24996506151e-07, 1.31774015699e-07, 7.86491298754e-08, 7.66176881939e-08, 6.87675409949e-08, 6.22965998787e-08, 6.53444232057e-08, 8.32609785562e-08, 2.95447080134e-08, 1.88576088078e-08, 2.43348221574e-08, 9.21459442083e-09, 8.61720206302e-09, 9.63159507705e-09, 5.47018395025e-08, 9.92107196396e-09, 7.91810261802e-09, 3.43978072692e-08, 5.28616617146e-09, 4.05952116367e-09, 2.51619258762e-09, 1.30306831991e-09, 1.22962784399e-09, 6.13436301755e-10, 6.47907116846e-10, 3.81924103454e-10, 3.34141131431e-10, 2.76729167359e-10, 2.22812282513e-10, 2.23852061887e-10, 1.80329862154e-10, 2.00422248242e-10, 1.48646248088e-10, 1.09680403648e-10, 8.97925067633e-11, 6.58246859797e-11, 4.91191393115e-11]
    },
    "mfcc": {
        "mean": [-615.674133301, 80.2795028687, 4.23580503464, 17.7074012756, 3.89701128006, 6.80981445312, 2.94648456573, 7.29106712341, 2.98783016205, 4.50127410889, 3.16993665695, 3.3957297802, 0.550977051258],
        "cov": [[10712.2939453, -1607.3614502, 185.217102051, 343.510650635, 327.632171631, 453.341003418, 347.786132812, 291.851470947, 276.410919189, 123.602783203, 56.4007720947, 54.4173698425, 78.8080978394], [-1607.3614502, 2002.49450684, -118.50983429, -18.5583515167, -132.238922119, -173.182998657, -167.391769409, -106.536216736, -139.809463501, -47.8721237183, -5.58188915253, 3.03210115433, -42.7776107788], [185.217102051, -118.50983429, 716.98614502, 230.762237549, 99.7546157837, 147.199798584, 108.711883545, 49.4138259888, 35.6460075378, 27.2575473785, 14.4352779388, 19.3651580811, 28.5210018158], [343.510650635, -18.5583515167, 230.762237549, 393.080413818, 157.513122559, 109.432319641, 90.6305160522, 77.2548065186, 59.4614715576, 34.6056060791, 24.6343917847, 9.722905159, 11.986489296], [327.632171631, -132.238922119, 99.7546157837, 157.513122559, 292.925598145, 160.79296875, 90.596862793, 66.6316146851, 65.0081100464, 27.0503787994, 16.8677349091, 16.9593658447, 4.65386247635], [453.341003418, -173.182998657, 147.199798584, 109.432319641, 160.79296875, 289.330505371, 143.191101074, 73.9618759155, 75.6289367676, 45.5526542664, 30.4426212311, 30.2873668671, 27.6870975494], [347.786132812, -167.391769409, 108.711883545, 90.6305160522, 90.596862793, 143.191101074, 208.910293579, 108.620742798, 55.3557357788, 45.8260536194, 41.8050804138, 26.7854385376, 25.5953617096], [291.851470947, -106.536216736, 49.4138259888, 77.2548065186, 66.6316146851, 73.9618759155, 108.620742798, 159.118804932, 87.171005249, 38.2901535034, 28.0306415558, 24.1622467041, 22.9807224274], [276.410919189, -139.809463501, 35.6460075378, 59.4614715576, 65.0081100464, 75.6289367676, 55.3557357788, 87.171005249, 151.045730591, 70.6241836548, 12.4854354858, 12.1914243698, 20.0995063782], [123.602783203, -47.8721237183, 27.2575473785, 34.6056060791, 27.0503787994, 45.5526542664, 45.8260536194, 38.2901535034, 70.6241836548, 116.83480072, 47.4409484863, 5.18514823914, 14.7074632645], [56.4007720947, -5.58188915253, 14.4352779388, 24.6343917847, 16.8677349091, 30.4426212311, 41.8050804138, 28.0306415558, 12.4854354858, 47.4409484863, 109.368034363, 40.3845901489, -3.18751597404], [54.4173698425, 3.03210115433, 19.3651580811, 9.722905159, 16.9593658447, 30.2873668671, 26.7854385376, 24.1622467041, 12.1914243698, 5.18514823914, 40.3845901489, 95.4755477905, 40.6133537292], [78.8080978394, -42.7776107788, 28.5210018158, 11.986489296, 4.65386247635, 27.6870975494, 25.5953617096, 22.9807224274, 20.0995063782, 14.7074632645, -3.18751597404, 40.6133537292, 100.573219299]],
