{
"lowlevel": {
    "average_loudness": 0.347570419312,
    "barkbands_crest": {
        "dmean": 2.95986175537,
        "dmean2": 4.7789978981,
        "dvar": 8.6998090744,
        "dvar2": 22.2475318909,
        "max": 26.4875621796,
        "mean": 10.4037904739,
        "median": 9.53369522095,
        "min": 1.99700152874,
        "var": 22.7239665985
    },
    "barkbands_flatness_db": {
        "dmean": 0.0253152437508,
        "dmean2": 0.0402036160231,
        "dvar": 0.00109668460209,
        "dvar2": 0.00252904882655,
        "max": 0.693555653095,
        "mean": 0.115726321936,
        "median": 0.106696382165,
        "min": 0.0120100649074,
        "var": 0.00506817176938
    },
    "barkbands_kurtosis": {
        "dmean": 3.91951012611,
        "dmean2": 6.56902313232,
        "dvar": 626.424621582,
        "dvar2": 1800.87890625,
        "max": 1332.20495605,
        "mean": 4.33337402344,
        "median": 0.794999361038,
        "min": -1.95694196224,
        "var": 577.004333496
    },
    "barkbands_skewness": {
        "dmean": 0.64584839344,
        "dmean2": 1.06122124195,
        "dvar": 1.01537322998,
        "dvar2": 2.61461377144,
        "max": 34.7658996582,
        "mean": 1.20926713943,
        "median": 0.954946398735,
        "min": -4.8099770546,
        "var": 2.1736330986
    },
    "barkbands_spread": {
        "dmean": 7.19759988785,
        "dmean2": 11.9249286652,
        "dvar": 77.5793685913,
        "dvar2": 199.549728394,
        "max": 109.758300781,
        "mean": 33.1103630066,
        "median": 30.916053772,
        "min": 0.0751836150885,
        "var": 492.964538574
    },
    "dissonance": {
        "dmean": 0.0178401041776,
        "dmean2": 0.0303459074348,
        "dvar": 0.000460032286355,
        "dvar2": 0.00132830056828,
        "max": 0.5,
        "mean": 0.464635401964,
        "median": 0.478722929955,
        "min": 0.170432791114,
        "var": 0.00136107765138
    },
    "dynamic_complexity": 9.13647270203,
    "erbbands_crest": {
        "dmean": 2.10524630547,
        "dmean2": 3.40537571907,
        "dvar": 5.02723789215,
        "dvar2": 11.7213869095,
        "max": 33.7370376587,
        "mean": 8.58571720123,
        "median": 6.70490264893,
        "min": 2.02386021614,
        "var": 31.5556221008
    },
    "erbbands_flatness_db": {
        "dmean": 0.0153638795018,
        "dmean2": 0.0235839188099,
        "dvar": 0.000393788213842,
        "dvar2": 0.000788539357018,
        "max": 0.653684258461,
        "mean": 0.143786132336,
        "median": 0.119528479874,
        "min": 0.0508088469505,
        "var": 0.00383767415769
    },
    "erbbands_kurtosis": {
        "dmean": 1.37198984623,
        "dmean2": 2.15638709068,
        "dvar": 15.6448831558,
        "dvar2": 32.2720718384,
        "max": 151.693618774,
        "mean": 2.00151371956,
        "median": -0.0508991479874,
        "min": -1.9472411871,
        "var": 48.9546890259
    },
    "erbbands_skewness": {
        "dmean": 0.351792305708,
        "dmean2": 0.554095387459,
        "dvar": 0.183913484216,
        "dvar2": 0.406134724617,
        "max": 10.5195055008,
        "mean": 0.369868278503,
        "median": 0.0368488319218,
        "min": -8.46360588074,
        "var": 1.17787373066
    },
    "erbbands_spread": {
        "dmean": 9.05813884735,
        "dmean2": 14.2718849182,
        "dvar": 198.709625244,
        "dvar2": 438.510314941,
        "max": 227.392532349,
        "mean": 39.2507743835,
        "median": 38.4068641663,
        "min": 0.284506291151,
        "var": 653.636108398
    },
    "hfc": {
        "dmean": 8.62415504456,
        "dmean2": 14.3189582825,
        "dvar": 294.321746826,
        "dvar2": 786.087158203,
        "max": 189.092803955,
        "mean": 27.0669689178,
        "median": 11.1601753235,
        "min": 1.21512792279e-16,
        "var": 1183.59179688
    },
    "melbands_crest": {
        "dmean": 3.92617106438,
        "dmean2": 6.57198286057,
        "dvar": 15.9044389725,
        "dvar2": 43.4123268127,
        "max": 38.9024505615,
        "mean": 15.8955574036,
        "median": 15.1690864563,
        "min": 1.84848153591,
        "var": 42.8573646545
    },
    "melbands_flatness_db": {
        "dmean": 0.0322663933039,
        "dmean2": 0.0521229803562,
        "dvar": 0.0016817006981,
        "dvar2": 0.00400481559336,
        "max": 0.831436753273,
        "mean": 0.181033954024,
        "median": 0.17288608849,
        "min": 0.00885576661676,
        "var": 0.00776848243549
    },
    "melbands_kurtosis": {
        "dmean": 12.641289711,
        "dmean2": 20.4129390717,
        "dvar": 3021.15966797,
        "dvar2": 7575.21191406,
        "max": 2233.16113281,
        "mean": 17.0300045013,
        "median": 5.22010993958,
        "min": -1.85159790516,
        "var": 3969.63110352
    },
    "melbands_skewness": {
        "dmean": 0.96787750721,
        "dmean2": 1.56167924404,
        "dvar": 2.92080998421,
        "dvar2": 6.76848363876,
        "max": 41.0743598938,
        "mean": 2.471773386,
        "median": 1.93858766556,
        "min": -7.46266460419,
        "var": 6.69336080551
    },
    "melbands_spread": {
        "dmean": 10.2462110519,
        "dmean2": 17.5118522644,
        "dvar": 199.775619507,
        "dvar2": 528.731262207,
        "max": 224.945678711,
        "mean": 32.4461021423,
        "median": 24.7612342834,
        "min": 0.0791475996375,
        "var": 606.256774902
    },
    "pitch_salience": {
        "dmean": 0.0912303328514,
        "dmean2": 0.151251152158,
        "dvar": 0.00927589647472,
        "dvar2": 0.0245491191745,
        "max": 0.902811050415,
        "mean": 0.525638520718,
        "median": 0.538846850395,
        "min": 0.0140857500955,
        "var": 0.0199671089649
    },
    "silence_rate_20dB": {
        "dmean": 0,
        "dmean2": 0,
        "dvar": 0,
        "dvar2": 0,
        "max": 1,
        "mean": 1,
        "median": 1,
        "min": 1,
        "var": 0
    },
    "silence_rate_30dB": {
        "dmean": 0,
        "dmean2": 0,
        "dvar": 0,
        "dvar2": 0,
        "max": 1,
        "mean": 1,
        "median": 1,
        "min": 1,
        "var": 0
    },
    "silence_rate_60dB": {
        "dmean": 0.0159293934703,
        "dmean2": 0.0318622179329,
        "dvar": 0.0156757608056,
        "dvar2": 0.0357995219529,
        "max": 1,
        "mean": 0.380327165127,
        "median": 0,
        "min": 0,
        "var": 0.235683768988
    },
    "spectral_centroid": {
        "dmean": 279.381439209,
        "dmean2": 457.176635742,
        "dvar": 153827.8125,
        "dvar2": 368410.6875,
        "max": 11614.4121094,
        "mean": 1776.75085449,
        "median": 1841.875,
        "min": 53.9211502075,
        "var": 906435.875
    },
    "spectral_complexity": {
        "dmean": 4.31621980667,
        "dmean2": 6.93907403946,
        "dvar": 42.3204689026,
        "dvar2": 101.210594177,
        "max": 64,
        "mean": 18.9545841217,
        "median": 11,
        "min": 0,
        "var": 322.828430176
    },
    "spectral_decrease": {
        "dmean": 1.17291176771e-09,
        "dmean2": 1.92299220991e-09,
        "dvar": 3.61236142793e-18,
        "dvar2": 9.28917210452e-18,
        "max": 2.10001178773e-12,
        "mean": -4.01548971851e-09,
        "median": -3.30331850762e-09,
        "min": -2.76591745063e-08,
        "var": 1.66327426164e-17
    },
    "spectral_energy": {
        "dmean": 0.00484448019415,
        "dmean2": 0.00783424824476,
        "dvar": 6.01828105573e-05,
        "dvar2": 0.00015133227862,
        "max": 0.108006991446,
        "mean": 0.017610438168,
        "median": 0.014376765117,
        "min": 1.10167492505e-20,
        "var": 0.000322057836456
    },
    "spectral_energyband_high": {
        "dmean": 0.00082782341633,
        "dmean2": 0.00139938411303,
        "dvar": 2.88154865302e-06,
        "dvar2": 7.75234002504e-06,
        "max": 0.0193216372281,
        "mean": 0.00237967865542,
        "median": 0.000675229821354,
        "min": 8.35644188871e-21,
        "var": 1.05659319161e-05
    },
    "spectral_energyband_low": {
        "dmean": 0.00364082818851,
        "dmean2": 0.00612841499969,
        "dvar": 4.08039268223e-05,
        "dvar2": 0.000112088579044,
        "max": 0.0986015349627,
        "mean": 0.00722873304039,
        "median": 0.00299825705588,
        "min": 3.93278021491e-23,
        "var": 8.96705387277e-05
    },
    "spectral_energyband_middle_high": {
        "dmean": 0.00139914092142,
        "dmean2": 0.00239273137413,
        "dvar": 6.45874797556e-06,
        "dvar2": 1.78137088369e-05,
        "max": 0.0295736920089,
        "mean": 0.0039122896269,
        "median": 0.0013444495853,
        "min": 1.49187637639e-21,
        "var": 2.47844236583e-05
    },
    "spectral_energyband_middle_low": {
        "dmean": 0.00284125003964,
        "dmean2": 0.0047697336413,
        "dvar": 3.38057470799e-05,
        "dvar2": 8.77358033904e-05,
        "max": 0.0762852430344,
        "mean": 0.00470349891111,
        "median": 0.00238509709015,
        "min": 3.08902632894e-22,
        "var": 4.47424099548e-05
    },
    "spectral_entropy": {
        "dmean": 0.147599905729,
        "dmean2": 0.237353935838,
        "dvar": 0.040867716074,
        "dvar2": 0.0961102470756,
        "max": 9.79950237274,
        "mean": 7.73381233215,
        "median": 8.02614021301,
        "min": 4.00737905502,
        "var": 0.42787823081
    },
    "spectral_flux": {
        "dmean": 0.0170127842575,
        "dmean2": 0.0252866670489,
        "dvar": 0.000562620174605,
        "dvar2": 0.00114668905735,
        "max": 0.277312487364,
        "mean": 0.0649894997478,
        "median": 0.0611449033022,
        "min": 1.04960706793e-10,
        "var": 0.00316239497624
    },
    "spectral_kurtosis": {
        "dmean": 1.35828959942,
        "dmean2": 2.2788002491,
        "dvar": 5.96225738525,
        "dvar2": 16.017747879,
        "max": 103.269996643,
        "mean": 4.53252696991,
        "median": 2.59103012085,
        "min": -1.21186923981,
        "var": 22.024477005
    },
    "spectral_rms": {
        "dmean": 0.000475750304759,
        "dmean2": 0.000761815463193,
        "dvar": 4.26706662893e-07,
        "dvar2": 1.04416687918e-06,
        "max": 0.0102651193738,
        "mean": 0.00337371206842,
        "median": 0.00374514516443,
        "min": 3.27842158802e-12,
        "var": 5.79901052333e-06
    },
    "spectral_rolloff": {
        "dmean": 743.235351562,
        "dmean2": 1303.07495117,
        "dvar": 1351500.75,
        "dvar2": 3600586.75,
        "max": 18324.7558594,
        "mean": 2300.8659668,
        "median": 1270.45898438,
        "min": 21.533203125,
        "var": 3933512
    },
    "spectral_skewness": {
        "dmean": 0.185067117214,
        "dmean2": 0.304116398096,
        "dvar": 0.063666254282,
        "dvar2": 0.164243832231,
        "max": 8.34748363495,
        "mean": 1.56515586376,
        "median": 1.24772202969,
        "min": -0.317367881536,
        "var": 0.495756328106
    },
    "spectral_spread": {
        "dmean": 601361.25,
        "dmean2": 949407.0625,
        "dvar": 878879440896,
        "dvar2": 1.80279181312e+12,
        "max": 41689720,
        "mean": 5288424.5,
        "median": 5446906.5,
        "min": 988940.0625,
        "var": 3.13454048051e+12
    },
    "spectral_strongpeak": {
        "dmean": 0.229394569993,
        "dmean2": 0.403736561537,
        "dvar": 0.295858204365,
        "dvar2": 0.802430868149,
        "max": 11.1508760452,
        "mean": 0.38001742959,
        "median": 0.249017864466,
        "min": 0,
        "var": 0.323769539595
    },
    "zerocrossingrate": {
        "dmean": 0.0113345263526,
        "dmean2": 0.0143722882494,
        "dvar": 0.000214445200982,
        "dvar2": 0.000311402545776,
        "max": 0.77978515625,
        "mean": 0.0812886357307,
        "median": 0.0712890625,
        "min": 0.001953125,
        "var": 0.00226336694323
    },
    "barkbands": {
        "dmean": [0.000289934017928, 0.00291405105963, 0.00122446881142, 0.00115037010983, 0.00121561053675, 0.000459430360934, 0.000318065314787, 0.000371077243472, 0.0003960407048, 0.000234237304539, 0.000242571564741, 0.000204006937565, 0.000215628679143, 0.000149941100972, 0.000239738903474, 0.000203141040402, 0.000223486684263, 0.00026252376847, 0.000225319367019, 0.000262664456386, 0.000224505594815, 0.000195256798179, 0.00015956738207, 0.000143900935655, 0.000101019591966, 5.49203905393e-05, 1.58010952873e-05],
        "dmean2": [0.000476034503663, 0.00457799294963, 0.00212818104774, 0.00208678888157, 0.00214817910455, 0.000804943207186, 0.000529619457666, 0.000618972291704, 0.000637687975541, 0.000384814717108, 0.000390769913793, 0.000332860887283, 0.000368087901734, 0.000252714322414, 0.000410409265896, 0.000349540525349, 0.00036869008909, 0.000463816075353, 0.000390035798773, 0.000461176998215, 0.000382296653697, 0.00033722750959, 0.000267282535788, 0.000244956230745, 0.000163389981026, 8.76088306541e-05, 2.5267516321e-05],
        "dvar": [9.19078161132e-07, 3.08312410198e-05, 8.98476628208e-06, 9.16629232961e-06, 1.26684981296e-05, 2.12329541682e-06, 4.99909276641e-07, 6.4560475721e-07, 6.66569803798e-07, 2.32952828583e-07, 2.76430569102e-07, 1.78840863896e-07, 2.01998958005e-07, 1.03696763176e-07, 2.51408039276e-07, 1.46636665477e-07, 1.79834884761e-07, 2.86620320367e-07, 1.79845528692e-07, 2.67113790642e-07, 1.86925674939e-07, 1.53575356876e-07, 9.18019154028e-08, 7.6706491825e-08, 4.05869080566e-08, 1.45431755527e-08, 1.08523179332e-09],
        "dvar2": [2.45712521973e-06, 7.61439005146e-05, 2.47545558523e-05, 2.60188244283e-05, 3.33399148076e-05, 6.20917899141e-06, 1.34778883876e-06, 1.68188466887e-06, 1.63883385085e-06, 5.73645763779e-07, 6.80778271089e-07, 4.37536698428e-07, 5.24099618815e-07, 2.58414104337e-07, 6.62439106236e-07, 4.07100259281e-07, 4.61147266151e-07, 8.26858752134e-07, 5.03545379615e-07, 7.63466402987e-07, 5.17061550909e-07, 4.30656541539e-07, 2.43412046075e-07, 2.05784786544e-07, 1.00850513718e-07, 3.49502684571e-08, 2.58662136154e-09],
        "max": [0.0277618765831, 0.0811394751072, 0.0596441030502, 0.0338848866522, 0.0582877248526, 0.0301977582276, 0.0129681611434, 0.0177089646459, 0.0184945687652, 0.0143773974851, 0.0124500971287, 0.00912736356258, 0.00949947908521, 0.010108734481, 0.0117083033547, 0.00516347819939, 0.00704257562757, 0.0111613636836, 0.00857107900083, 0.0068766195327, 0.00604970240965, 0.00507495459169, 0.0037816921249, 0.00373386754654, 0.00257229851559, 0.00199476000853, 0.000512386206537],
        "mean": [0.000447203143267, 0.00506401574239, 0.00120478845201, 0.000918806472328, 0.00117055140436, 0.000606350891758, 0.000513404200319, 0.000577275408432, 0.000736079586204, 0.000410720036598, 0.000423692894401, 0.00036501896102, 0.00033146594069, 0.000254639569903, 0.000396197516238, 0.000319561106153, 0.000409489322919, 0.000422861689003, 0.000428640516475, 0.000498610315844, 0.000483884417918, 0.000444375997176, 0.00038352489355, 0.00040023541078, 0.000240351742832, 0.00012703637185, 3.16518562613e-05],
        "median": [3.59434416168e-05, 0.000922434846871, 0.000129909516545, 8.8505417807e-05, 0.00025195084163, 0.000270626391284, 0.000180341739906, 0.000135280482937, 0.00022893390269, 9.56690928433e-05, 9.68062086031e-05, 7.9114237451e-05, 6.01198262302e-05, 4.46736230515e-05, 6.61276499159e-05, 5.25845971424e-05, 8.62660235725e-05, 8.22803194751e-05, 0.000107915635454, 0.00012860672723, 0.000116962255561, 0.000119142074254, 8.01162968855e-05, 8.76811973285e-05, 4.80473827338e-05, 1.88228696061e-05, 1.75355535248e-06],
        "min": [6.88951513803e-24, 1.6285530095e-23, 1.31911995285e-23, 3.1245423615e-24, 1.57875080061e-23, 8.48012598903e-23, 6.28096984971e-23, 1.20592385609e-23, 1.16168086043e-22, 3.50899119931e-23, 1.00205151149e-22, 1.15953667338e-22, 8.49728529144e-23, 1.09384854135e-22, 8.10607528459e-23, 9.3922151718e-23, 2.14900856712e-22, 3.16253276674e-22, 2.53283092314e-22, 3.7865916674e-22, 4.38607723532e-22, 4.1787963963e-22, 5.56565274274e-22, 7.9852352992e-22, 1.89144924285e-21, 1.7419529069e-21, 2.45208766472e-21],
        "var": [1.70755447471e-06, 5.84606750635e-05, 9.00521536096e-06, 6.49945695841e-06, 1.08172216642e-05, 1.57750912422e-06, 9.01851706203e-07, 1.3842310409e-06, 1.78298182618e-06, 6.67645451813e-07, 6.79842969475e-07, 4.4315845571e-07, 3.75413691245e-07, 2.51306914834e-07, 4.77450214476e-07, 2.68058613528e-07, 4.57614788729e-07, 4.59181478618e-07, 4.27281577231e-07, 5.64309289075e-07, 5.20544062965e-07, 4.07019655313e-07, 3.01069661646e-07, 3.41097063483e-07, 1.17304033154e-07, 3.85466023545e-08, 3.07827718871e-09]
    },
    "erbbands": {
        "dmean": [0.10182094574, 0.619836091995, 1.10062372684, 2.90511655807, 3.45270586014, 4.72178173065, 4.12001991272, 3.85516571999, 4.05885219574, 5.09942436218, 9.27387142181, 9.31478309631, 8.13642692566, 8.66307830811, 7.23708677292, 8.53238296509, 9.8147726059, 7.60772371292, 8.77867507935, 12.4677152634, 10.3149938583, 12.3991527557, 12.5630683899, 12.9432010651, 11.8393030167, 12.5314445496, 9.87958717346, 8.51792240143, 7.27053070068, 6.31019496918, 4.3541893959, 3.8538980484, 2.07509279251, 1.24008917809, 0.695238292217, 0.29612877965, 0.0921162217855, 0.0243955254555, 0.00259535876103, 4.10022221331e-05],
        "dmean2": [0.158057540655, 0.974648475647, 1.857645154, 5.10850954056, 6.24041843414, 8.30704975128, 7.41397094727, 6.65259170532, 6.8903427124, 8.39354419708, 15.4211587906, 14.9442462921, 13.5552349091, 14.1483011246, 11.9823799133, 13.9845113754, 16.6473464966, 12.7825250626, 14.8076190948, 21.810087204, 17.7607574463, 20.2199897766, 21.9301528931, 22.6907272339, 20.6368770599, 22.2056999207, 16.8996238708, 14.5413360596, 12.5819120407, 10.861992836, 7.3289308548, 6.65338611603, 3.46775722504, 2.0353705883, 1.12377309799, 0.477029979229, 0.148752838373, 0.0386433824897, 0.00414613774046, 6.46910702926e-05],
        "dvar": [0.046536732465, 1.44918096066, 6.16565704346, 52.3802833557, 68.567779541, 293.420928955, 202.880157471, 137.970657349, 111.491325378, 100.680198669, 405.356964111, 419.053527832, 294.212219238, 399.899932861, 232.177810669, 329.848175049, 411.078277588, 211.929748535, 330.012695312, 654.40612793, 359.453948975, 599.598876953, 632.252990723, 662.537109375, 524.456115723, 659.193847656, 352.343841553, 273.094787598, 214.314071655, 149.742080688, 67.8387451172, 55.7025909424, 17.5449638367, 6.29271459579, 1.95565283298, 0.428341925144, 0.0402830094099, 0.00268301274627, 2.94580186164e-05, 6.78023726053e-09],
        "dvar2": [0.115297272801, 3.57195234299, 16.5654811859, 141.740509033, 196.103027344, 758.73815918, 577.140930176, 400.075134277, 319.125396729, 250.95993042, 1069.25805664, 1009.30883789, 730.66607666, 1017.29901123, 587.667236328, 818.278808594, 1058.87060547, 551.17791748, 836.941162109, 1834.89904785, 986.475585938, 1514.51806641, 1784.92407227, 1856.13623047, 1502.14855957, 1906.67382812, 973.24230957, 762.572631836, 602.170837402, 416.082733154, 179.755584717, 158.002502441, 44.6114730835, 15.9608230591, 4.86561346054, 1.03921854496, 0.0995040535927, 0.00646647531539, 7.10469830665e-05, 1.59426889468e-08],
        "max": [4.26912403107, 16.753736496, 43.5073661804, 86.0854568481, 92.0582199097, 313.461761475, 281.315155029, 214.65145874, 154.675720215, 198.858291626, 394.025085449, 539.87286377, 571.019470215, 447.290039062, 343.718719482, 433.833099365, 472.559051514, 236.920654297, 541.187255859, 395.712219238, 265.828704834, 364.241973877, 722.323120117, 592.213195801, 299.707427979, 289.565948486, 224.45475769, 243.091171265, 172.974182129, 140.505783081, 129.759292603, 98.5944137573, 74.6926574707, 32.0937805176, 20.7635364532, 13.9382324219, 3.05531787872, 0.780966818333, 0.0815154090524, 0.00116304075345],
        "mean": [0.193251565099, 0.940885186195, 1.37221693993, 2.66491961479, 3.02232694626, 4.44810342789, 4.1685218811, 5.12782335281, 6.39838790894, 8.84188747406, 15.5881166458, 17.7581119537, 14.5458679199, 15.3130264282, 13.3864450455, 15.7503948212, 16.2600021362, 13.9448623657, 16.7881011963, 20.3436050415, 18.6920528412, 23.3062171936, 21.8558425903, 22.9521999359, 22.8273658752, 23.1637039185, 20.5759124756, 18.3554935455, 15.628112793, 14.1118497849, 10.6683235168, 9.67461585999, 5.72072219849, 2.99111962318, 1.53549087048, 0.644512295723, 0.212475091219, 0.0565639622509, 0.00500427605584, 0.000103293306893],
        "median": [0.0191839449108, 0.199810087681, 0.269871592522, 0.338012516499, 0.653229296207, 0.797202467918, 1.34967088699, 2.11912536621, 2.5192027092, 3.29820418358, 4.17140722275, 5.70690059662, 4.0734128952, 3.95459508896, 3.29736804962, 3.60654592514, 3.57832574844, 2.71681690216, 3.69286823273, 3.96594762802, 3.94832515717, 5.26848697662, 4.34294128418, 5.59937000275, 5.64880084991, 6.0169210434, 4.97104883194, 4.49650478363, 4.25509643555, 3.46708893776, 2.05815839767, 1.9710726738, 1.28951883316, 0.614586174488, 0.289312601089, 0.103899747133, 0.0309176258743, 0.0060495370999, 0.000273930345429, 2.7591970138e-05],
        "min": [1.1066608289e-21, 1.25339481377e-21, 8.86935445301e-21, 2.03781533834e-20, 4.22227033146e-21, 4.09699713964e-20, 3.51787274165e-19, 7.70532233977e-19, 9.2114957091e-19, 7.70658689213e-19, 4.69542095379e-19, 2.60640082202e-18, 1.87711496701e-18, 1.44401829432e-18, 5.1517569556e-18, 4.79778238325e-18, 4.4924551299e-18, 4.31961077783e-18, 5.64248226758e-18, 4.46137175043e-18, 5.38817923673e-18, 1.18266818096e-17, 1.35561435897e-17, 1.70816502261e-17, 1.16589800394e-17, 1.73008117294e-17, 2.23843097409e-17, 1.49575596009e-17, 1.5076228586e-17, 1.4414805042e-17, 1.6185352056e-17, 1.86905363699e-17, 1.25371720531e-17, 1.53824012179e-17, 1.70138511944e-17, 6.38736585381e-18, 3.34525198683e-18, 1.47976697244e-18, 3.37351447362e-19, 3.60557527695e-20],
        "var": [0.0991875976324, 2.35592412949, 8.09775161743, 44.3014526367, 48.1811065674, 253.497421265, 136.164657593, 112.984947205, 134.020965576, 256.132171631, 879.287719727, 1154.59521484, 781.284729004, 912.679626465, 655.102478027, 824.539794922, 792.585449219, 508.242523193, 819.148498535, 1059.71435547, 781.813842773, 1489.63830566, 1234.55603027, 1334.33129883, 1203.54711914, 1235.9720459, 955.480957031, 737.300842285, 508.93182373, 417.967163086, 235.545410156, 207.259262085, 70.1023254395, 18.7021579742, 4.93679189682, 1.00686526299, 0.107674635947, 0.00819641165435, 8.06974931038e-05, 2.35816024485e-08]
    },
    "gfcc": {
        "mean": [-79.0320739746, 59.6169548035, -104.807090759, 26.0433769226, -60.0595932007, 17.1869239807, -29.4181747437, 15.3843002319, -19.6694412231, 6.4023194313, -15.7293653488, 4.08409070969, -12.0861558914],
        "cov": [[42061.59375, -5992.84912109, -190.179077148, 2358.73095703, 115.129760742, 1261.35095215, -485.92590332, 486.942199707, -109.137634277, 784.288391113, -206.554367065, 142.037750244, -417.191375732], [-5992.84912109, 2336.50195312, -83.9454574585, -773.77532959, -267.622283936, -468.342010498, -19.7939491272, -241.950622559, 2.32606315613, -218.146896362, 68.8364028931, -109.10030365, 54.8340148926], [-190.179077148, -83.9454574585, 800.201538086, 189.430160522, 71.0002212524, 31.0353870392, -13.5659160614, 54.7485923767, 17.8209266663, 26.1862869263, -45.3866500854, -8.42364120483, -34.1356582642], [2358.73095703, -773.77532959, 189.430160522, 872.407958984, 295.526733398, 320.184783936, 63.5855407715, 143.232574463, 62.8697853088, 66.0942382812, -8.22323608398, 15.9381542206, -15.8107194901], [115.129760742, -267.622283936, 71.0002212524, 295.526733398, 321.59664917, 161.575469971, 104.990028381, 60.8096084595, 32.9434280396, 27.3254718781, 10.110080719, 27.9293937683, 6.32754230499], [1261.35095215, -468.342010498, 31.0353870392, 320.184783936, 161.575469971, 325.062713623, 95.9272003174, 104.810325623, 38.7558364868, 65.4038467407, 5.07725524902, 35.9845733643, 10.5244350433], [-485.92590332, -19.7939491272, -13.5659160614, 63.5855407715, 104.990028381, 95.9272003174, 197.608795166, 86.8330688477, 51.7315330505, -3.50376296043, 25.7814216614, 30.258890152, 34.6467781067], [486.942199707, -241.950622559, 54.7485923767, 143.232574463, 60.8096084595, 104.810325623, 86.8330688477, 173.199508667, 72.5129470825, 48.7891769409, 11.6139717102, 34.2256622314, 8.85621166229], [-109.137634277, 2.32606315613, 17.8209266663, 62.8697853088, 32.9434280396, 38.7558364868, 51.7315330505, 72.5129470825, 140.117599487, 73.0997009277, 42.043838501, 17.5994262695, 18.5429573059], [784.288391113, -218.146896362, 26.1862869263, 66.0942382812, 27.3254718781, 65.4038467407, -3.50376296043, 48.7891769409, 73.0997009277, 151.049957275, 52.466217041, 37.4117355347, -10.2837553024], [-206.554367065, 68.8364028931, -45.3866500854, -8.22323608398, 10.110080719, 5.07725524902, 25.7814216614, 11.6139717102, 42.043838501, 52.466217041, 123.456062317, 53.2908706665, 20.1061687469], [142.037750244, -109.10030365, -8.42364120483, 15.9381542206, 27.9293937683, 35.9845733643, 30.258890152, 34.2256622314, 17.5994262695, 37.4117355347, 53.2908706665, 102.403533936, 37.4730415344], [-417.191375732, 54.8340148926, -34.1356582642, -15.8107194901, 6.32754230499, 10.5244350433, 34.6467781067, 8.85621166229, 18.5429573059, -10.2837553024, 20.1061687469, 37.4730415344, 90.0347366333]],
        "icov": [[4.57404785266e-05, 7.76371816755e-05, 4.11141518271e-05, -8.21494249976e-05, 0.000120549608255, -5.07246149937e-05, 7.29835373932e-05, -1.14598215077e-05, 7.33208944439e-05, -0.000128168307128, 4.38379393017e-05, -2.51995170402e-05, 0.00010728253983], [7.76371816755e-05, 0.00118649227079, -0.000150796069647, 0.000478094589198, 0.000199564659852, 0.000406813836889, -0.000177220805199, 0.000835501763504, -0.00111033744179, 0.00133344728965, -0.00124864222016, 0.00107110233512, -0.000197621819098], [4.11141518271e-05, -0.000150796069647, 0.00149256072473, -0.00048818718642, -9.80582117336e-05, 0.000226828997256, 0.000311971321935, -0.000568159739487, 0.000250986340689, -0.000673042261042, 0.000974205089733, -0.000472003273899, 0.000529048847966], [-8.21494249976e-05, 0.000478094589198, -0.00048818718642, 0.00298449257389, -0.00183287914842, -0.00145066273399, 0.00117402896285, -0.000568529008888, -0.00139012699947, 0.00183121557347, -0.00116618792526, 0.00121393229347, -0.000179653972737], [0.000120549608255, 0.000199564659852, -9.80582117336e-05, -0.00183287914842, 0.0060633760877, -0.000865282316227, -0.00265851221047, 0.00145015097223, 0.000238174485276, -0.000721519230865, 0.000424116296927, -0.00103012518957, 0.000835982500575], [-5.07246149937e-05, 0.000406813836889, 0.000226828997256, -0.00145066273399, -0.000865282316227, 0.00696294335648, -0.00246209441684, -0.000751031795517, 0.00119678513147, -0.00214569224045, 0.00066206138581, 0.000146161168232, -0.00108357623685], [7.29835373932e-05, -0.000177220805199, 0.000311971321935, 0.00117402896285, -0.00265851221047, -0.00246209441684, 0.0103250909597, -0.00420463271439, -0.0019885818474, 0.00341634382494, -0.00153356394731, -0.000214476152905, -0.0010829642415], [-1.14598215077e-05, 0.000835501763504, -0.000568159739487, -0.000568529008888, 0.00145015097223, -0.000751031795517, -0.00420463271439, 0.0119394650683, -0.0048691262491, 0.000304638175294, 0.00126189296134, -0.00233072717674, 0.00127814069856], [7.33208944439e-05, -0.00111033744179, 0.000250986340689, -0.00139012699947, 0.000238174485276, 0.00119678513147, -0.0019885818474, -0.0048691262491, 0.0154281714931, -0.00855025742203, -0.000718503782991, 0.00268266513012, -0.00315561238676], [-0.000128168307128, 0.00133344728965, -0.000673042261042, 0.00183121557347, -0.000721519230865, -0.00214569224045, 0.00341634382494, 0.000304638175294, -0.00855025742203, 0.0162284057587, -0.00545202801004, -0.00167618587147, 0.00314701558091], [4.38379393017e-05, -0.00124864222016, 0.000974205089733, -0.00116618792526, 0.000424116296927, 0.00066206138581, -0.00153356394731, 0.00126189296134, -0.000718503782991, -0.00545202801004, 0.0149077540264, -0.00736260414124, 0.00074745551683], [-2.51995170402e-05, 0.00107110233512, -0.000472003273899, 0.00121393229347, -0.00103012518957, 0.000146161168232, -0.000214476152905, -0.00233072717674, 0.00268266513012, -0.00167618587147, -0.00736260414124, 0.0183716434985, -0.00711394613609], [0.00010728253983, -0.000197621819098, 0.000529048847966, -0.000179653972737, 0.000835982500575, -0.00108357623685, -0.0010829642415, 0.00127814069856, -0.00315561238676, 0.00314701558091, 0.00074745551683, -0.00711394613609, 0.0160555709153]]
    },
    "melbands": {
        "dmean": [0.000852205150295, 0.000585327215958, 0.000491656013764, 0.000283173663775, 0.000159146584338, 8.58901694301e-05, 6.37618577457e-05, 5.78431536269e-05, 7.77877285145e-05, 6.02469117439e-05, 4.06911785831e-05, 3.42485946021e-05, 2.56480452663e-05, 2.01282618946e-05, 2.46725030593e-05, 2.32561160374e-05, 1.47338214447e-05, 1.33737721626e-05, 2.12291033677e-05, 1.64693665283e-05, 1.24403359223e-05, 1.50118830788e-05, 1.09933644126e-05, 1.22751871459e-05, 1.09602142402e-05, 9.04427633941e-06, 9.40507470659e-06, 8.94750701264e-06, 6.60014939058e-06, 6.09935386819e-06, 4.96306711284e-06, 4.59380134998e-06, 3.99176315113e-06, 3.63863182429e-06, 2.74463286587e-06, 2.25041389967e-06, 2.74790818366e-06, 1.71006445271e-06, 1.28678573219e-06, 1.07901041702e-06],
        "dmean2": [0.00133679178543, 0.000981546472758, 0.000859427906107, 0.000498536683153, 0.000284060719423, 0.000148740014993, 0.000107266212581, 9.53415365075e-05, 0.000128533283714, 9.6565556305e-05, 6.79068107274e-05, 5.59723994229e-05, 4.21877921326e-05, 3.28843489115e-05, 4.07462648582e-05, 3.94627750211e-05, 2.48282176472e-05, 2.23706592806e-05, 3.60476406058e-05, 2.86515805783e-05, 2.13910807361e-05, 2.43380109168e-05, 1.90620667126e-05, 2.18470559048e-05, 1.9154698748e-05, 1.573470945e-05, 1.64112916536e-05, 1.58187795023e-05, 1.13565502033e-05, 1.04440177893e-05, 8.51116783451e-06, 7.96034146333e-06, 6.96260303812e-06, 6.24222411716e-06, 4.63650576421e-06, 3.7690570025e-06, 4.77020421386e-06, 2.8800200198e-06, 2.1317023311e-06, 1.77948254532e-06],
        "dvar": [2.81482175524e-06, 1.33117441692e-06, 1.43563556776e-06, 5.99453699124e-07, 3.16722463367e-07, 7.02360480886e-08, 2.37679405046e-08, 1.30589254965e-08, 2.73105289494e-08, 1.83846502466e-08, 7.46433848064e-09, 5.9813252129e-09, 2.70707611882e-09, 1.74574821266e-09, 2.908682184e-09, 2.70181210738e-09, 8.98001284444e-10, 9.11497044509e-10, 2.17215800902e-09, 1.07596753729e-09, 5.65473778913e-10, 9.51397849391e-10, 4.68177885349e-10, 6.51508402782e-10, 4.67067107213e-10, 3.01381697376e-10, 3.39496597501e-10, 3.32764399369e-10, 1.59456198245e-10, 1.40735839649e-10, 8.99193844384e-11, 8.03471178479e-11, 6.94827251291e-11, 4.98187220643e-11, 2.62060702999e-11, 1.73102972928e-11, 3.06391891025e-11, 1.20524727351e-11, 6.07810633421e-12, 4.94410415386e-12],
        "dvar2": [6.96129973221e-06, 3.4675704228e-06, 3.86037754652e-06, 1.57501574449e-06, 8.6691954948e-07, 2.04871980714e-07, 6.65336301608e-08, 3.2350826018e-08, 7.11468786108e-08, 4.4237626895e-08, 1.85648172391e-08, 1.53434811523e-08, 6.92562318605e-09, 4.42057457306e-09, 6.91271662134e-09, 6.75620892565e-09, 2.31986541088e-09, 2.24360396928e-09, 5.5792428455e-09, 3.0289180053e-09, 1.52348877958e-09, 2.37696706762e-09, 1.3274367161e-09, 1.88888593655e-09, 1.293595564e-09, 8.57835524837e-10, 9.57513068833e-10, 9.63594981584e-10, 4.45407016825e-10, 3.8839273464e-10, 2.5296401085e-10, 2.24932378279e-10, 1.98331226442e-10, 1.38496963897e-10, 6.99785368541e-11, 4.57041904323e-11, 8.85551770802e-11, 3.15849048305e-11, 1.528936526e-11, 1.29629735765e-11],
        "max": [0.0294062215835, 0.0196044202894, 0.0123637057841, 0.0124805364758, 0.00930268876255, 0.00476687587798, 0.00206612912007, 0.00250470614992, 0.00302491174079, 0.00360763538629, 0.00281862309203, 0.00165367557202, 0.000943626859225, 0.000989167252555, 0.00143679394387, 0.00127140316181, 0.000515570223797, 0.00112467934377, 0.00126160483342, 0.000448776205303, 0.000447692029411, 0.000473835854791, 0.000651686103083, 0.000366304564523, 0.00056315906113, 0.000271037744824, 0.000282917724689, 0.000205375021324, 0.000135617592605, 0.000173715059645, 0.000127810897538, 0.000121875753393, 0.000131596214487, 8.27334588394e-05, 9.75985749392e-05, 6.24236272415e-05, 7.46638834244e-05, 5.76286620344e-05, 3.55075135303e-05, 3.13147320412e-05],
        "mean": [0.00156188476831, 0.00091204198543, 0.000462768628495, 0.000269568408839, 0.000159075891133, 0.000116148927191, 0.000103748359834, 9.86063387245e-05, 0.000129821462906, 0.000111270797788, 6.93990950822e-05, 5.91478783463e-05, 4.60817609564e-05, 3.69878762285e-05, 4.12389308622e-05, 3.50638802047e-05, 2.46852723649e-05, 2.3870894438e-05, 3.28589194396e-05, 2.46785657509e-05, 2.10194575629e-05, 2.6635138056e-05, 1.84538748726e-05, 1.91593771888e-05, 1.84207656275e-05, 1.62710839504e-05, 1.63614276971e-05, 1.52881366375e-05, 1.26808508867e-05, 1.22177743833e-05, 1.00049783214e-05, 8.95384073374e-06, 8.35957962408e-06, 7.50300796426e-06, 6.22267543804e-06, 5.37479490959e-06, 6.23105779596e-06, 4.22626953878e-06, 3.04673335449e-06, 2.32049910665e-06],
        "median": [0.000237746731727, 0.000292935525067, 7.31083709979e-05, 5.45713264728e-05, 4.79479094793e-05, 5.02862021676e-05, 3.95727693103e-05, 3.48014254996e-05, 3.33326825057e-05, 3.32862182404e-05, 1.68952083186e-05, 1.4295080291e-05, 1.12327834358e-05, 8.41092787596e-06, 9.22359231481e-06, 5.10222434968e-06, 4.06887738791e-06, 4.87500255986e-06, 5.32609146831e-06, 3.70720135834e-06, 3.88488251701e-06, 5.07838831254e-06, 3.61544198313e-06, 3.83771293855e-06, 4.20725245931e-06, 3.37467236022e-06, 4.11640394304e-06, 3.39857751896e-06, 2.81550205727e-06, 2.58834779743e-06, 2.31295052799e-06, 2.3092070478e-06, 1.97840654437e-06, 1.71173667241e-06, 1.12577663458e-06, 1.10701671474e-06, 1.09543339022e-06, 8.753265206e-07, 6.79336551457e-07, 4.28496264249e-07],
        "min": [6.98088416351e-24, 3.86659620491e-24, 2.9411329899e-24, 7.35189570243e-25, 1.05122144837e-23, 1.75916407849e-23, 1.35762977566e-23, 6.94256445618e-24, 4.29868293284e-24, 1.80501709192e-23, 9.07344421083e-24, 4.73944200312e-24, 1.51558576129e-23, 1.66670942263e-23, 1.08161720568e-23, 7.04754527659e-24, 8.4117200734e-24, 9.96369425276e-24, 5.67265143779e-24, 7.75566074613e-24, 5.41827968903e-24, 1.22121805466e-23, 9.47134328484e-24, 1.7578425787e-23, 1.34246234703e-23, 1.05632924385e-23, 6.62673689303e-24, 1.33185737434e-23, 1.53133536927e-23, 9.35589349136e-24, 8.85335990689e-24, 8.97482870907e-24, 7.07610361908e-24, 8.48673522346e-24, 9.51136772059e-24, 9.89512330743e-24, 1.22165697687e-23, 8.56746645964e-24, 9.97773439915e-24, 1.29539488224e-23],
        "var": [5.75080775889e-06, 2.19991170525e-06, 1.22235758226e-06, 5.29170506525e-07, 2.30949737556e-07, 5.60751942658e-08, 3.40470123206e-08, 3.3129524013e-08, 5.98124216822e-08, 4.99169949819e-08, 1.93503808532e-08, 1.38391129667e-08, 7.0939445429e-09, 4.45184600295e-09, 6.33463059785e-09, 5.133945713e-09, 1.97077487663e-09, 2.21373275267e-09, 3.96338295516e-09, 1.79384240795e-09, 1.15612175389e-09, 2.22300311492e-09, 9.05284514019e-10, 9.42796396508e-10, 9.35353794418e-10, 6.72428446258e-10, 6.63068988604e-10, 5.71329261678e-10, 3.77143011265e-10, 3.62221086458e-10, 2.20628862402e-10, 1.74640177319e-10, 1.58174084941e-10, 1.22319321338e-10, 8.52694304054e-11, 5.84046769281e-11, 9.81899700436e-11, 4.09346896657e-11, 2.00290149049e-11, 1.18329157237e-11]
    },
    "mfcc": {
        "mean": [-716.620483398, 91.0556564331, 9.43092632294, 14.7021970749, -1.09610390663, 4.1071100235, 2.00889348984, 7.1188211441, 3.71037554741, 4.79964160919, 2.56212544441, 3.12900972366, 1.80834066868],
        "cov": [[30779.8261719, -2945.07226562, -150.43989563, 1308.29406738, 543.057922363, 672.570129395, 220.190887451, 250.017440796, 189.078979492, 486.850189209, 27.8421459198, 124.580047607, -138.311447144], [-2945.07226562, 2595.13305664, -22.034286499, -408.889251709, -442.254272461, -377.278503418, -269.73236084, -198.381256104, -193.060134888, -180.787246704, -52.3304786682, -84.3788986206, 10.9663763046], [-150.43989563, -22.034286499, 555.291137695, 130.884277344, 108.451522827, 24.3843860626, -7.67964982986, 1.93599820137, 34.2712211609, 24.1279811859, 35.8103294373, 14.1215591431, -10.5212554932], [1308.29406738, -408.889251709, 130.884277344, 380.682739258, 206.099502563, 145.289474487, 72.7063827515, 82.4811172485, 55.8197784424, 65.796295166, 36.1394882202, 37.3552818298, 8.24941921234], [543.057922363, -442.254272461, 108.451522827, 206.099502563, 272.967285156, 161.734176636, 93.5953216553, 63.542640686, 60.2474441528, 52.1152496338, 32.1598625183, 42.1563110352, 7.05882787704], [672.570129395, -377.278503418, 24.3843860626, 145.289474487, 161.734176636, 229.182601929, 114.845550537, 77.4578704834, 61.1978645325, 52.5456504822, 25.2930278778, 26.6559753418, 9.09968090057], [220.190887451, -269.73236084, -7.67964982986, 72.7063827515, 93.5953216553, 114.845550537, 168.016098022, 106.711532593, 61.1083831787, 25.5155105591, 10.1053533554, 21.3822727203, 31.3252983093], [250.017440796, -198.381256104, 1.93599820137, 82.4811172485, 63.542640686, 77.4578704834, 106.711532593, 161.522613525, 87.9786071777, 38.5055198669, 12.6512346268, 27.1552066803, 26.3162441254], [189.078979492, -193.060134888, 34.2712211609, 55.8197784424, 60.2474441528, 61.1978645325, 61.1083831787, 87.9786071777, 139.536911011, 64.8115615845, 29.1988277435, 13.3274087906, 4.81904172897], [486.850189209, -180.787246704, 24.1279811859, 65.796295166, 52.1152496338, 52.5456504822, 25.5155105591, 38.5055198669, 64.8115615845, 112.600791931, 52.7780799866, 26.0194416046, 3.42865610123], [27.8421459198, -52.3304786682, 35.8103294373, 36.1394882202, 32.1598625183, 25.2930278778, 10.1053533554, 12.6512346268, 29.1988277435, 52.7780799866, 96.001335144, 53.0419807434, 24.8813400269], [124.580047607, -84.3788986206, 14.1215591431, 37.3552818298, 42.1563110352, 26.6559753418, 21.3822727203, 27.1552066803, 13.3274087906, 26.0194416046, 53.0419807434, 109.403877258, 59.9253768921], [-138.311447144, 10.9663763046, -10.5212554932, 8.24941921234, 7.05882787704, 9.09968090057, 31.3252983093, 26.3162441254, 4.81904172897, 3.42865610123, 24.8813400269, 59.9253768921, 109.578735352]],
