{
"lowlevel": {
    "average_loudness": 0.937934219837,
    "barkbands_crest": {
        "dmean": 2.79584050179,
        "dmean2": 4.49423027039,
        "dvar": 7.06467103958,
        "dvar2": 16.6931419373,
        "max": 26.7485961914,
        "mean": 8.98707008362,
        "median": 7.75472545624,
        "min": 1.89100623131,
        "var": 22.1363239288
    },
    "barkbands_flatness_db": {
        "dmean": 0.0184656139463,
        "dmean2": 0.0284507982433,
        "dvar": 0.00048522852012,
        "dvar2": 0.000956758914981,
        "max": 1,
        "mean": 0.100004278123,
        "median": 0.0777547061443,
        "min": 0.0125951329246,
        "var": 0.00452650291845
    },
    "barkbands_kurtosis": {
        "dmean": 3.32048511505,
        "dmean2": 5.44712924957,
        "dvar": 2820.68237305,
        "dvar2": 7479.69091797,
        "max": 3811.54174805,
        "mean": 2.53377461433,
        "median": -0.275803089142,
        "min": -1.87694466114,
        "var": 2233.64306641
    },
    "barkbands_skewness": {
        "dmean": 0.469833493233,
        "dmean2": 0.750406861305,
        "dvar": 1.02113604546,
        "dvar2": 2.30284786224,
        "max": 54.6613006592,
        "mean": 0.751201450825,
        "median": 0.649998247623,
        "min": -4.07176399231,
        "var": 1.9886623621
    },
    "barkbands_spread": {
        "dmean": 5.90647315979,
        "dmean2": 9.19469070435,
        "dvar": 39.0165519714,
        "dvar2": 92.5103683472,
        "max": 100.216186523,
        "mean": 33.8537101746,
        "median": 31.8245449066,
        "min": 0.0339025221765,
        "var": 314.056182861
    },
    "dissonance": {
        "dmean": 0.0140038309619,
        "dmean2": 0.024088524282,
        "dvar": 0.000269948475761,
        "dvar2": 0.000767771678511,
        "max": 0.500000238419,
        "mean": 0.478837907314,
        "median": 0.484640926123,
        "min": 0.206565901637,
        "var": 0.000470950151794
    },
    "dynamic_complexity": 2.51015925407,
    "erbbands_crest": {
        "dmean": 2.12815928459,
        "dmean2": 3.49835896492,
        "dvar": 5.25857591629,
        "dvar2": 12.3451890945,
        "max": 32.1175689697,
        "mean": 7.4650387764,
        "median": 5.98296928406,
        "min": 2.17817735672,
        "var": 20.695476532
    },
    "erbbands_flatness_db": {
        "dmean": 0.0146718146279,
        "dmean2": 0.0220082588494,
        "dvar": 0.000261954701273,
        "dvar2": 0.000516808184329,
        "max": 0.54753100872,
        "mean": 0.150929778814,
        "median": 0.121163912117,
        "min": 0.0446065105498,
        "var": 0.00564686860889
    },
    "erbbands_kurtosis": {
        "dmean": 0.780242741108,
        "dmean2": 1.24187386036,
        "dvar": 6.91495037079,
        "dvar2": 17.115032196,
        "max": 162.705627441,
        "mean": 0.316657394171,
        "median": -0.372557640076,
        "min": -1.7863702774,
        "var": 11.4577503204
    },
    "erbbands_skewness": {
        "dmean": 0.298340976238,
        "dmean2": 0.471723020077,
        "dvar": 0.101837180555,
        "dvar2": 0.244526281953,
        "max": 8.61214828491,
        "mean": 0.102923110127,
        "median": 0.0178480129689,
        "min": -3.37784457207,
        "var": 0.485077530146
    },
    "erbbands_spread": {
        "dmean": 6.87804937363,
        "dmean2": 10.7887954712,
        "dvar": 70.1345748901,
        "dvar2": 158.89680481,
        "max": 149.610626221,
        "mean": 37.0689277649,
        "median": 37.1920623779,
        "min": 0.712921500206,
        "var": 309.293823242
    },
    "hfc": {
        "dmean": 9.81939601898,
        "dmean2": 16.0076293945,
        "dvar": 196.34916687,
        "dvar2": 524.32421875,
        "max": 183.134872437,
        "mean": 40.4872589111,
        "median": 34.388759613,
        "min": 1.06590904015e-16,
        "var": 950.543518066
    },
    "melbands_crest": {
        "dmean": 3.94863462448,
        "dmean2": 6.42749786377,
        "dvar": 13.0364198685,
        "dvar2": 31.7542514801,
        "max": 34.6028442383,
        "mean": 13.4163475037,
        "median": 12.1975154877,
        "min": 1.48481655121,
        "var": 40.2143821716
    },
    "melbands_flatness_db": {
        "dmean": 0.0256753377616,
        "dmean2": 0.0403683967888,
        "dvar": 0.000878117338289,
        "dvar2": 0.00189297425095,
        "max": 1,
        "mean": 0.147062629461,
        "median": 0.131637334824,
        "min": 0.0020695743151,
        "var": 0.00599284889176
    },
    "melbands_kurtosis": {
        "dmean": 5.35290575027,
        "dmean2": 8.31662750244,
        "dvar": 910.019897461,
        "dvar2": 1609.35412598,
        "max": 1198.04675293,
        "mean": 7.84309625626,
        "median": 2.92235612869,
        "min": -1.78331816196,
        "var": 1669.69433594
    },
    "melbands_skewness": {
        "dmean": 0.633096456528,
        "dmean2": 1.00691783428,
        "dvar": 0.810734212399,
        "dvar2": 1.66669046879,
        "max": 22.1189861298,
        "mean": 1.82772696018,
        "median": 1.59226405621,
        "min": -3.90399217606,
        "var": 2.56726050377
    },
    "melbands_spread": {
        "dmean": 9.55146789551,
        "dmean2": 15.6206321716,
        "dvar": 120.197998047,
        "dvar2": 304.504364014,
        "max": 198.291229248,
        "mean": 38.8492164612,
        "median": 35.1837539673,
        "min": 0.145757287741,
        "var": 509.613098145
    },
    "pitch_salience": {
        "dmean": 0.0779760628939,
        "dmean2": 0.123710177839,
        "dvar": 0.00551995588467,
        "dvar2": 0.01312583033,
        "max": 0.967046916485,
        "mean": 0.582100391388,
        "median": 0.60032171011,
        "min": 0.0329226404428,
        "var": 0.0178489405662
    },
    "silence_rate_20dB": {
        "dmean": 0,
        "dmean2": 0,
        "dvar": 0,
        "dvar2": 0,
        "max": 1,
        "mean": 1,
        "median": 1,
        "min": 1,
        "var": 0
    },
    "silence_rate_30dB": {
        "dmean": 0,
        "dmean2": 0,
        "dvar": 0,
        "dvar2": 0,
        "max": 1,
        "mean": 1,
        "median": 1,
        "min": 1,
        "var": 0
    },
    "silence_rate_60dB": {
        "dmean": 0.00531776901335,
        "dmean2": 0.0106362281367,
        "dvar": 0.00528967054561,
        "dvar2": 0.0131151871756,
        "max": 1,
        "mean": 0.0463005006313,
        "median": 0,
        "min": 0,
        "var": 0.0441497340798
    },
    "spectral_centroid": {
        "dmean": 276.668457031,
        "dmean2": 443.323822021,
        "dvar": 90616.9375,
        "dvar2": 217107.8125,
        "max": 11925.8476562,
        "mean": 2071.41552734,
        "median": 1987.88354492,
        "min": 62.5756340027,
        "var": 1659864
    },
    "spectral_complexity": {
        "dmean": 4.74422836304,
        "dmean2": 7.66820144653,
        "dvar": 23.5351066589,
        "dvar2": 58.4797477722,
        "max": 64,
        "mean": 30.92237854,
        "median": 32,
        "min": 0,
        "var": 207.200164795
    },
    "spectral_decrease": {
        "dmean": 1.38807931815e-09,
        "dmean2": 2.13660866777e-09,
        "dvar": 2.30466973638e-18,
        "dvar2": 5.14343303709e-18,
        "max": 2.16947750811e-28,
        "mean": -6.45110587172e-09,
        "median": -6.81655887291e-09,
        "min": -2.7452868423e-08,
        "var": 1.28037351414e-17
    },
    "spectral_energy": {
        "dmean": 0.00546436198056,
        "dmean2": 0.0084791444242,
        "dvar": 3.50151312887e-05,
        "dvar2": 7.88735487731e-05,
        "max": 0.104438178241,
        "mean": 0.0280202105641,
        "median": 0.0304156001657,
        "min": 1.01193382575e-20,
        "var": 0.000233935264987
    },
    "spectral_energyband_high": {
        "dmean": 0.000885141722392,
        "dmean2": 0.0014312826097,
        "dvar": 1.94178915081e-06,
        "dvar2": 4.988488854e-06,
        "max": 0.023615129292,
        "mean": 0.00291657936759,
        "median": 0.00178053206764,
        "min": 6.97101614468e-21,
        "var": 9.98487030301e-06
    },
    "spectral_energyband_low": {
        "dmean": 0.00436850311235,
        "dmean2": 0.00640469184145,
        "dvar": 3.80971505365e-05,
        "dvar2": 8.08807017165e-05,
        "max": 0.102685011923,
        "mean": 0.00845151767135,
        "median": 0.00355117861181,
        "min": 1.16783410171e-23,
        "var": 0.00011387874838
    },
    "spectral_energyband_middle_high": {
        "dmean": 0.00242320029065,
        "dmean2": 0.00396067090333,
        "dvar": 8.06232128525e-06,
        "dvar2": 2.08995297726e-05,
        "max": 0.0467307902873,
        "mean": 0.0084292832762,
        "median": 0.00786624103785,
        "min": 1.21800356007e-21,
        "var": 3.10020514007e-05
    },
    "spectral_energyband_middle_low": {
        "dmean": 0.00348676764406,
        "dmean2": 0.00576604995877,
        "dvar": 1.86016495718e-05,
        "dvar2": 4.94151790917e-05,
        "max": 0.0602276958525,
        "mean": 0.00885549373925,
        "median": 0.00747623806819,
        "min": 1.58213160601e-22,
        "var": 4.41130323452e-05
    },
    "spectral_entropy": {
        "dmean": 0.11211527884,
        "dmean2": 0.173380672932,
        "dvar": 0.0215104799718,
        "dvar2": 0.0467523150146,
        "max": 9.82658100128,
        "mean": 7.92555332184,
        "median": 8.0794506073,
        "min": 3.33419537544,
        "var": 0.31604835391
    },
    "spectral_flux": {
        "dmean": 0.0172573216259,
        "dmean2": 0.0274744145572,
        "dvar": 0.000322441919707,
        "dvar2": 0.000735154491849,
        "max": 0.346148520708,
        "mean": 0.0972675904632,
        "median": 0.102012090385,
        "min": 6.41130759593e-11,
        "var": 0.00175948254764
    },
    "spectral_kurtosis": {
        "dmean": 2.11748123169,
        "dmean2": 3.62590551376,
        "dvar": 59.4158859253,
        "dvar2": 149.01159668,
        "max": 561.031799316,
        "mean": 5.019926548,
        "median": 2.76148033142,
        "min": -1.26207411289,
        "var": 87.2632217407
    },
    "spectral_rms": {
        "dmean": 0.000515181745868,
        "dmean2": 0.00079738907516,
        "dvar": 2.73420056374e-07,
        "dvar2": 6.04217063938e-07,
        "max": 0.0100941024721,
        "mean": 0.00493491115049,
        "median": 0.0054473625496,
        "min": 3.14205736082e-12,
        "var": 2.9834795896e-06
    },
    "spectral_rolloff": {
        "dmean": 765.302490234,
        "dmean2": 1271.3034668,
        "dvar": 1138476.875,
        "dvar2": 2825804.75,
        "max": 19530.6152344,
        "mean": 2938.34326172,
        "median": 2217.91992188,
        "min": 64.599609375,
        "var": 6764421.5
    },
    "spectral_skewness": {
        "dmean": 0.213036671281,
        "dmean2": 0.355075627565,
        "dvar": 0.155711635947,
        "dvar2": 0.389113008976,
        "max": 22.1741580963,
        "mean": 1.4443680048,
        "median": 1.31672549248,
        "min": -0.0947485938668,
        "var": 0.428533792496
    },
    "spectral_spread": {
        "dmean": 455884.3125,
        "dmean2": 692728.125,
        "dvar": 362125885440,
        "dvar2": 727623532544,
        "max": 42864448,
        "mean": 5378428,
        "median": 5328526,
        "min": 439710.40625,
        "var": 2.21797186273e+13
    },
    "spectral_strongpeak": {
        "dmean": 0.540853142738,
        "dmean2": 0.932135820389,
        "dvar": 0.810433030128,
        "dvar2": 2.05014491081,
        "max": 11.4752159119,
        "mean": 0.909945249557,
        "median": 0.428601920605,
        "min": 0,
        "var": 1.32035303116
    },
    "zerocrossingrate": {
        "dmean": 0.0119892992079,
        "dmean2": 0.0148912006989,
        "dvar": 0.000182494783076,
        "dvar2": 0.000249101489317,
        "max": 0.83837890625,
        "mean": 0.0992731750011,
        "median": 0.08935546875,
        "min": 0.00244140625,
        "var": 0.004346574191
    },
    "barkbands": {
        "dmean": [0.000162091164384, 0.00391290150583, 0.00158021599054, 0.0010129235452, 0.00155875412747, 0.000830759236123, 0.000823364011012, 0.000848696974572, 0.000952858768869, 0.000771934282966, 0.000555222330149, 0.000597450125497, 0.000486164208269, 0.000469063379569, 0.000456903129816, 0.000391834881157, 0.000349098118022, 0.000312463758746, 0.000340125727234, 0.000236302046687, 0.000260167580564, 0.000207658318686, 0.000164734126884, 0.000164976241649, 0.000153273605974, 7.9292585724e-05, 2.70457658189e-05],
        "dmean2": [0.000238780863583, 0.00554788950831, 0.00256271404214, 0.00183752295561, 0.00276242359541, 0.00138896144927, 0.00136772333644, 0.00136626814492, 0.00151184608694, 0.00126600044314, 0.00090419704793, 0.000994420144707, 0.000795982952695, 0.000785823736805, 0.000750720617361, 0.000648082059342, 0.000585083966143, 0.000534803897608, 0.000590283831116, 0.000393476919271, 0.000433379900642, 0.000340043246979, 0.000273644720437, 0.00027198108728, 0.000255524151726, 0.000127111416077, 4.34269059042e-05],
        "dvar": [9.2819654185e-08, 3.86145256925e-05, 1.04239388747e-05, 5.57143994229e-06, 7.81140442996e-06, 1.66952406744e-06, 1.4513179849e-06, 2.16851799451e-06, 2.11679730455e-06, 1.48440653902e-06, 9.12227790195e-07, 1.09384006919e-06, 6.09360313319e-07, 4.95060874073e-07, 6.88066506882e-07, 4.53226732589e-07, 2.83473866602e-07, 2.05557043387e-07, 2.74495448593e-07, 1.33800028834e-07, 1.57335392714e-07, 9.64558779515e-08, 6.73232847248e-08, 7.15251857741e-08, 6.79387426317e-08, 2.0068988249e-08, 2.69653432916e-09],
        "dvar2": [1.9627107406e-07, 7.66933299019e-05, 2.4394284992e-05, 1.5681496734e-05, 2.19841094804e-05, 4.25307462137e-06, 3.73418674826e-06, 5.12183896717e-06, 4.69600172437e-06, 3.63333583664e-06, 2.24077120947e-06, 2.52012455348e-06, 1.45440128563e-06, 1.24226687603e-06, 1.53219912136e-06, 1.13561191029e-06, 7.3806245382e-07, 5.67082281577e-07, 7.74330601416e-07, 3.24120009054e-07, 4.16872950382e-07, 2.48867451091e-07, 1.77056861617e-07, 1.87771448168e-07, 1.79232870323e-07, 5.01774728434e-08, 6.73861810796e-09],
        "max": [0.00443170499057, 0.0921420902014, 0.034524153918, 0.035093344748, 0.0287129189819, 0.0204255655408, 0.0188657399267, 0.055902056396, 0.0352289266884, 0.0228615030646, 0.0206693839282, 0.0365947522223, 0.030494607985, 0.0170469507575, 0.0218126792461, 0.0217530112714, 0.0103085814044, 0.00880668591708, 0.00787350069731, 0.0174559690058, 0.00900465808809, 0.00676113087684, 0.00443433411419, 0.00503318477422, 0.00312037672848, 0.00185663823504, 0.00121542182751],
        "mean": [0.000237101179664, 0.00635125860572, 0.00144301285036, 0.000820985878818, 0.00181880278978, 0.00131062581204, 0.00135075801518, 0.00146078830585, 0.00167374452576, 0.00132325442974, 0.000932686962187, 0.00098916166462, 0.000888274575118, 0.000809088640381, 0.000835458748043, 0.000699006370269, 0.000658045581076, 0.000611695868429, 0.00062091241125, 0.000555885548238, 0.00064012221992, 0.000579495506827, 0.000428189930972, 0.000390138826333, 0.000350439659087, 0.000193991683773, 4.73728723591e-05],
        "median": [3.63131803169e-05, 0.00142829027027, 0.000254398415564, 0.000212781640585, 0.000835438084323, 0.000687829742674, 0.000732719316147, 0.000679679040331, 0.000966713181697, 0.000707986531779, 0.000458273600088, 0.000534998893272, 0.000539301370736, 0.000542717985809, 0.000515146646649, 0.000463053322164, 0.000443030585302, 0.000393021531636, 0.000402606616262, 0.000377793621738, 0.000379535806132, 0.000313247146551, 0.000230569363339, 0.000221393755055, 0.000175692024641, 7.77073364588e-05, 8.15797466203e-06],
        "min": [1.34956745943e-25, 1.45253382491e-24, 3.16044918985e-25, 8.02653497199e-25, 5.84308680852e-24, 7.73510776411e-24, 8.06599625966e-24, 5.99679201716e-24, 1.37471729173e-23, 9.01725759286e-24, 1.19492894945e-23, 2.79143858675e-23, 2.16947650993e-23, 1.88992597769e-23, 3.39284594606e-23, 4.62708257224e-23, 6.39890518613e-23, 8.53169729739e-23, 1.31218302559e-22, 1.72356931761e-22, 2.10296016861e-22, 2.89038408481e-22, 3.78747771597e-22, 5.77573612057e-22, 8.0353750459e-22, 1.11684094635e-21, 1.92135598213e-21],
        "var": [2.13322479681e-07, 9.51790352701e-05, 1.00978013506e-05, 3.59660293725e-06, 7.32589660402e-06, 3.22855657942e-06, 3.14313751915e-06, 6.65190782456e-06, 5.03158480569e-06, 3.52931283487e-06, 2.0991560632e-06, 2.50561402027e-06, 1.4070025145e-06, 1.06629704533e-06, 1.65135770658e-06, 8.67345988809e-07, 5.96687186771e-07, 4.45216556955e-07, 4.71556944603e-07, 4.34033466945e-07, 5.50376739739e-07, 4.99375687468e-07, 2.79067023712e-07, 2.05174245593e-07, 1.85120654805e-07, 6.16180457769e-08, 5.79529046973e-09]
    },
    "erbbands": {
        "dmean": [0.138391554356, 0.829810619354, 1.62801551819, 2.56744885445, 4.6327996254, 5.4864563942, 4.90037441254, 7.66019964218, 11.1546897888, 14.3760662079, 17.9652709961, 21.9414024353, 22.4554710388, 24.1587333679, 19.8862037659, 23.8079395294, 22.3707447052, 23.0705928802, 22.4849376678, 20.7887134552, 19.7892990112, 16.7663612366, 16.6441192627, 16.0444774628, 16.5464439392, 11.3371591568, 10.195892334, 10.3771238327, 8.09656620026, 6.05147647858, 4.68122768402, 3.73541235924, 2.6707072258, 2.13347840309, 0.949288964272, 0.386774480343, 0.146484777331, 0.0415474250913, 0.00455257715657, 6.75085393596e-05],
        "dmean2": [0.193007022142, 1.17344021797, 2.46676969528, 4.39025020599, 8.30515098572, 9.68011379242, 8.50766372681, 12.770989418, 18.5469894409, 23.5960083008, 28.7050018311, 34.9285087585, 36.689201355, 39.2654953003, 32.2845611572, 39.8675308228, 36.6541595459, 38.3221435547, 37.2077980042, 34.253036499, 32.6851654053, 28.0220088959, 28.2018909454, 27.7245235443, 28.702627182, 18.9886932373, 17.2307758331, 17.3500556946, 13.4190835953, 10.1031723022, 7.68803215027, 6.1554889679, 4.48170423508, 3.68755412102, 1.51591730118, 0.62572991848, 0.233299851418, 0.0666115060449, 0.00734502961859, 0.000108463202196],
        "dvar": [0.0504208393395, 1.91616976261, 9.38499832153, 31.8014602661, 89.432434082, 95.7779846191, 67.3428497314, 156.901535034, 306.030029297, 560.976928711, 1081.20300293, 1418.57751465, 1180.5592041, 1650.3638916, 1174.40161133, 1490.18249512, 1267.4074707, 1232.90869141, 1453.26940918, 1266.69665527, 1165.49475098, 670.243103027, 626.619445801, 579.452087402, 659.797302246, 305.982421875, 259.214416504, 276.797149658, 152.602981567, 83.9483337402, 60.1345443726, 33.9496078491, 21.5111141205, 13.2536115646, 2.59080505371, 0.447951853275, 0.0718919485807, 0.00625315913931, 7.9385623394e-05, 1.5696198119e-08],
        "dvar2": [0.100974105299, 3.65384626389, 20.4158725739, 85.0181732178, 251.729766846, 268.502380371, 186.094528198, 391.306945801, 781.803894043, 1393.69006348, 2469.59814453, 3083.15527344, 2900.86499023, 3877.25317383, 2801.4831543, 3693.49926758, 3027.90234375, 3106.90551758, 3236.4909668, 2880.44311523, 3025.74658203, 1726.73937988, 1693.20080566, 1591.68286133, 1866.64440918, 752.380249023, 703.778808594, 711.796691895, 401.510955811, 224.514251709, 153.628082275, 88.1960678101, 58.4045944214, 37.4479255676, 6.15291500092, 1.12939345837, 0.177934259176, 0.015685049817, 0.000199308080482, 3.93706010016e-08],
        "max": [2.64132213593, 23.2928600311, 40.3641242981, 84.1460571289, 112.103569031, 141.489959717, 126.089073181, 183.508560181, 305.666320801, 483.713500977, 1529.53491211, 1068.43981934, 908.080627441, 971.035644531, 873.476928711, 943.622802734, 1276.35620117, 898.439086914, 1022.51721191, 1059.94128418, 1495.61889648, 597.690307617, 592.744018555, 356.879394531, 419.439697266, 853.788085938, 700.10534668, 475.573059082, 281.223052979, 180.45703125, 161.387527466, 74.6447525024, 105.676361084, 40.6438674927, 22.9401378632, 10.2578277588, 3.33619880676, 1.62840545177, 0.232406064868, 0.00317810592242],
        "mean": [0.207206010818, 1.31286489964, 1.87254369259, 2.34837293625, 4.53230285645, 6.34154367447, 6.7276673317, 11.7372589111, 18.2384929657, 24.8340549469, 33.1450691223, 39.0626602173, 40.0814285278, 43.4637870789, 38.3188972473, 40.7521476746, 42.70753479, 42.6690483093, 43.4979019165, 40.3146247864, 39.3884391785, 35.173324585, 34.5266036987, 31.501953125, 30.9795951843, 26.6463527679, 24.4212226868, 25.309091568, 21.7571563721, 16.0665874481, 12.0113763809, 8.91670417786, 6.0111374855, 4.35809230804, 2.20920276642, 0.949680268764, 0.337347000837, 0.0863309726119, 0.00770755624399, 0.000158779206686],
        "median": [0.0307022724301, 0.30978012085, 0.515978932381, 0.691354334354, 1.60132908821, 2.77383470535, 3.50178194046, 6.02015542984, 9.54968261719, 13.2830839157, 17.5338115692, 22.5150051117, 25.3046760559, 23.4097652435, 21.9213104248, 24.2739887238, 27.0699176788, 29.7605056763, 28.8485126495, 27.7922897339, 27.5639076233, 25.1867847443, 22.7389678955, 20.9648284912, 20.2331504822, 18.6492481232, 15.2500610352, 13.8724937439, 11.6688556671, 8.37880325317, 6.46260690689, 4.86520814896, 3.42255711555, 2.21210670471, 1.05978524685, 0.424062669277, 0.117421671748, 0.0233370102942, 0.00121782266069, 7.12963301339e-05],
        "min": [4.90972007498e-23, 2.89363797827e-22, 8.10777505896e-22, 4.10632125845e-21, 1.31014988491e-20, 2.10060400139e-20, 4.04516102645e-20, 8.49925106718e-20, 8.52472241393e-20, 1.1351721371e-19, 1.49894523249e-19, 3.13384948938e-19, 2.69535716926e-19, 4.81752625389e-19, 5.57331342476e-19, 1.21709928444e-18, 1.26674221871e-18, 1.5176901016e-18, 2.01080658594e-18, 2.03599175406e-18, 2.96635942571e-18, 4.40524175561e-18, 4.90247615184e-18, 5.66601059293e-18, 6.08678413564e-18, 8.37764884799e-18, 7.80906474726e-18, 7.89918690217e-18, 9.61766868682e-18, 1.04122211601e-17, 1.16060504064e-17, 1.07051373955e-17, 9.64318886308e-18, 7.77159346551e-18, 5.48663482273e-18, 3.42754012097e-18, 2.18023158016e-18, 9.10061008004e-19, 2.35784033747e-19, 2.74185072967e-20],
        "var": [0.121473088861, 4.34572601318, 11.8682146072, 24.3977947235, 68.3849487305, 93.9870300293, 93.9801025391, 280.152587891, 616.344848633, 1272.12231445, 3738.21972656, 3104.02685547, 2522.33911133, 3905.89599609, 3268.07006836, 2965.20556641, 3084.74291992, 2603.49438477, 3735.77050781, 2921.9140625, 2248.93115234, 1506.01123047, 1417.81542969, 1163.44152832, 1164.66369629, 949.983581543, 782.821960449, 960.610290527, 701.217346191, 395.839111328, 225.477081299, 109.786491394, 50.4291687012, 29.2524204254, 7.77894926071, 1.42466545105, 0.199774309993, 0.015284024179, 0.000160678449902, 3.92343828537e-08]
    },
    "gfcc": {
        "mean": [11.8781738281, 61.7832260132, -129.275772095, 18.8585147858, -55.6895866394, 12.2685956955, -31.0952644348, 11.9978437424, -19.2596035004, 6.20355558395, -15.0553188324, 2.17424273491, -10.8213376999],
        "cov": [[35282.6601562, -3024.73144531, -279.530273438, 1573.68530273, -1740.2401123, 1321.28833008, -990.583679199, 473.336456299, -883.526916504, 820.161743164, -613.708496094, 604.579711914, -481.862426758], [-3024.73144531, 3276.69262695, -1291.31359863, -436.332519531, 391.942626953, -578.551574707, 169.149093628, -196.425079346, 233.342407227, -346.104858398, 183.65953064, -330.550994873, 112.38457489], [-279.530273438, -1291.31359863, 1639.47241211, 474.314086914, 211.596481323, 456.922088623, 99.8027038574, 157.762741089, -42.1137199402, 202.594619751, -95.4110641479, 200.860565186, -18.1757087708], [1573.68530273, -436.332519531, 474.314086914, 500.583618164, 53.2373008728, 242.278305054, 17.5742015839, 99.3248062134, -4.01281881332, 103.56829071, -31.6241588593, 82.9966506958, -27.8855457306], [-1740.2401123, 391.942626953, 211.596481323, 53.2373008728, 440.757843018, 52.5943946838, 158.301147461, 26.3845329285, 99.6649551392, -9.29447650909, 19.9352035522, -8.50395488739, 52.4666404724], [1321.28833008, -578.551574707, 456.922088623, 242.278305054, 52.5943946838, 396.12399292, 72.8613052368, 141.343200684, -12.7467632294, 142.187759399, -38.2686233521, 111.076385498, -10.3985147476], [-990.583679199, 169.149093628, 99.8027038574, 17.5742015839, 158.301147461, 72.8613052368, 207.07875061, 83.2112197876, 97.4092559814, 16.7377223969, 43.3646812439, 8.25943470001, 32.8300285339], [473.336456299, -196.425079346, 157.762741089, 99.3248062134, 26.3845329285, 141.343200684, 83.2112197876, 184.004837036, 62.4028778076, 94.331817627, 8.23133087158, 62.1288223267, 10.5902051926], [-883.526916504, 233.342407227, -42.1137199402, -4.01281881332, 99.6649551392, -12.7467632294, 97.4092559814, 62.4028778076, 162.084060669, 33.6758537292, 61.3050231934, -9.28280735016, 29.526140213], [820.161743164, -346.104858398, 202.594619751, 103.56829071, -9.29447650909, 142.187759399, 16.7377223969, 94.331817627, 33.6758537292, 161.147338867, 27.0080909729, 85.9629592896, 0.253156155348], [-613.708496094, 183.65953064, -95.4110641479, -31.6241588593, 19.9352035522, -38.2686233521, 43.3646812439, 8.23133087158, 61.3050231934, 27.0080909729, 126.127815247, 25.0434074402, 33.8966941833], [604.579711914, -330.550994873, 200.860565186, 82.9966506958, -8.50395488739, 111.076385498, 8.25943470001, 62.1288223267, -9.28280735016, 85.9629592896, 25.0434074402, 135.042053223, 30.4503726959], [-481.862426758, 112.38457489, -18.1757087708, -27.8855457306, 52.4666404724, -10.3985147476, 32.8300285339, 10.5902051926, 29.526140213, 0.253156155348, 33.8966941833, 30.4503726959, 79.8269882202]],
        "icov": [[9.77066811174e-05, -0.000105260776763, 0.000189386555576, -0.000276513135759, 0.000246871059062, -0.000195854401682, 0.000148022270878, -8.89684743015e-05, 0.000344027532265, -0.00049843947636, 0.000509721285198, -0.000411059096223, 0.000262358924374], [-0.000105260776763, 0.00103295280132, 0.00031836758717, 0.000127731269458, -0.0010891132988, 0.000560448912438, -0.000390150235035, 9.17888028198e-05, -0.00057938444661, 0.00124633719679, -0.00133292179089, 0.00150122621562, -0.00083172385348], [0.000189386555576, 0.00031836758717, 0.00191308918875, -0.00121350993868, -0.000538449094165, -0.000508015044034, -0.000391072855564, 0.000213641047594, 0.000959684664849, -0.00128286750987, 0.00156650820281, -0.00141314871144, 0.000649854191579], [-0.000276513135759, 0.000127731269458, -0.00121350993868, 0.00417018681765, -0.000867087743245, -0.000902262981981, 0.000771183636971, -0.000414324022131, -0.00153425207827, 0.00170721998438, -0.00167073111515, 0.000615245080553, 0.000558484753128], [0.000246871059062, -0.0010891132988, -0.000538449094165, -0.000867087743245, 0.00533699057996, -0.00109918473754, -0.00169948348776, 0.00117557425983, -0.000640156271402, -0.00128912960645, 0.00255137472413, -0.00112212833483, -0.000924425083213], [-0.000195854401682, 0.000560448912438, -0.000508015044034, -0.000902262981981, -0.00109918473754, 0.00746941007674, -0.00309392483905, -0.00146370485891, 0.00184643513057, -0.00249893916771, 0.000963321072049, -0.000196360662812, -0.000249264907325], [0.000148022270878, -0.000390150235035, -0.000391072855564, 0.000771183636971, -0.00169948348776, -0.00309392483905, 0.0117010762915, -0.00412323419005, -0.00304558477364, 0.00309762661345, -0.00252690189518, 0.000369390007108, 0.000120623473777], [-8.89684743015e-05, 9.17888028198e-05, 0.000213641047594, -0.000414324022131, 0.00117557425983, -0.00146370485891, -0.00412323419005, 0.0122819561511, -0.00406755227596, -0.00316918618046, 0.00269270339049, -0.00222284253687, -0.000440252828412], [0.000344027532265, -0.00057938444661, 0.000959684664849, -0.00153425207827, -0.000640156271402, 0.00184643513057, -0.00304558477364, -0.00406755227596, 0.0153323700652, -0.00667708553374, -0.00146655470598, 0.00287941214629, -0.00109719799366], [-0.00049843947636, 0.00124633719679, -0.00128286750987, 0.00170721998438, -0.00128912960645, -0.00249893916771, 0.00309762661345, -0.00316918618046, -0.00667708553374, 0.0195421110839, -0.007052261848, -0.0025655226782, 0.0015900694998], [0.000509721285198, -0.00133292179089, 0.00156650820281, -0.00167073111515, 0.00255137472413, 0.000963321072049, -0.00252690189518, 0.00269270339049, -0.00146655470598, -0.007052261848, 0.0174291059375, -0.00736981863156, -0.000167772173882], [-0.000411059096223, 0.00150122621562, -0.00141314871144, 0.000615245080553, -0.00112212833483, -0.000196360662812, 0.000369390007108, -0.00222284253687, 0.00287941214629, -0.0025655226782, -0.00736981863156, 0.0211519300938, -0.00984268076718], [0.000262358924374, -0.00083172385348, 0.000649854191579, 0.000558484753128, -0.000924425083213, -0.000249264907325, 0.000120623473777, -0.000440252828412, -0.00109719799366, 0.0015900694998, -0.000167772173882, -0.00984268076718, 0.0204352512956]]
    },
    "melbands": {
        "dmean": [0.00115589168854, 0.000787212920841, 0.000458369933767, 0.0003902639437, 0.000171091858647, 0.000170012266608, 0.00016733330267, 0.000161761214258, 0.000147893617395, 0.000142391523696, 0.000114872367703, 0.000102254241938, 6.95272101439e-05, 7.12576293154e-05, 5.18936576555e-05, 5.07564182044e-05, 4.65313132736e-05, 3.75484523829e-05, 3.29973081534e-05, 3.02215230477e-05, 2.4316348572e-05, 1.97772951651e-05, 1.73739626916e-05, 1.58907878358e-05, 1.37487422762e-05, 1.5085758605e-05, 9.74788235908e-06, 7.99138069851e-06, 6.71450607115e-06, 7.35520097805e-06, 6.23939467914e-06, 5.16740192325e-06, 4.45040996055e-06, 3.44784211848e-06, 2.92538925351e-06, 2.68755957222e-06, 2.37603853748e-06, 1.88013007119e-06, 2.17492038246e-06, 1.92285801859e-06],
        "dmean2": [0.00160740537103, 0.00113025284372, 0.000765123753808, 0.000690712942742, 0.000296795391478, 0.000282938388409, 0.000277185783489, 0.000263863184955, 0.000236710955505, 0.000226569376537, 0.000188042191439, 0.000166577796335, 0.000113333240733, 0.000117284049338, 8.66126356414e-05, 8.2859522081e-05, 7.76634988142e-05, 6.25348038739e-05, 5.43371752428e-05, 4.97043511132e-05, 4.0498245653e-05, 3.32691015501e-05, 2.92172098852e-05, 2.7302894523e-05, 2.36635805777e-05, 2.64618865913e-05, 1.64104731084e-05, 1.34081483338e-05, 1.13491050797e-05, 1.2479774341e-05, 1.0342360838e-05, 8.70245366968e-06, 7.35875119062e-06, 5.84628605793e-06, 4.84750080432e-06, 4.46508329333e-06, 3.92938045479e-06, 3.15717124977e-06, 3.75583454115e-06, 3.34225092047e-06],
        "dvar": [3.33234243044e-06, 1.64948710335e-06, 9.12263999453e-07, 5.38126982974e-07, 7.63943432958e-08, 7.31413081212e-08, 6.4303314673e-08, 7.05396203671e-08, 6.67271038424e-08, 5.7202942827e-08, 3.03819867042e-08, 3.00295326383e-08, 1.46024374814e-08, 1.82520967229e-08, 5.98734839485e-09, 7.67678631775e-09, 5.60029356222e-09, 3.63869290254e-09, 4.41342162816e-09, 2.79231993083e-09, 1.79848325121e-09, 1.03073705127e-09, 6.93394341944e-10, 5.72721592373e-10, 4.35025099277e-10, 6.2532778955e-10, 2.47061343606e-10, 1.75762418508e-10, 1.30697425105e-10, 1.33727820484e-10, 1.051471063e-10, 6.58084212124e-11, 4.59546116438e-11, 2.91987649337e-11, 2.28814311248e-11, 1.91305582486e-11, 1.37065333042e-11, 9.85916036311e-12, 1.65437871735e-11, 9.80846653897e-12],
        "dvar2": [6.70153940519e-06, 3.2140796975e-06, 2.38132042796e-06, 1.50882829075e-06, 2.13354013567e-07, 1.82794906323e-07, 1.64518837664e-07, 1.75005240521e-07, 1.53805785885e-07, 1.24355608477e-07, 7.49901545305e-08, 7.05872906792e-08, 3.62680836474e-08, 4.03527629089e-08, 1.48036383152e-08, 1.80860730836e-08, 1.42289824367e-08, 8.13540612654e-09, 1.00816066606e-08, 6.56071375005e-09, 4.76578199127e-09, 2.68428546057e-09, 1.84632287237e-09, 1.58829260855e-09, 1.17843879099e-09, 1.77538972412e-09, 6.40149544484e-10, 4.2023146074e-10, 3.53407858533e-10, 3.62732316406e-10, 2.69005873132e-10, 1.77543868496e-10, 1.20576035267e-10, 8.13172723602e-11, 5.92336873995e-11, 5.03081708236e-11, 3.5721314795e-11, 2.67014275274e-11, 4.66704279389e-11, 2.82279494918e-11],
        "max": [0.0232449695468, 0.0221564508975, 0.0156006719917, 0.00722929509357, 0.00430146604776, 0.00387741974555, 0.00444911234081, 0.00568343373016, 0.0115055218339, 0.00705198897049, 0.00439051957801, 0.00421025091782, 0.0031143608503, 0.00531201064587, 0.00250696670264, 0.00388594553806, 0.00206247414462, 0.00153108919039, 0.00231800391339, 0.0015665194951, 0.00187731883489, 0.000835861428641, 0.000753183325287, 0.000372545531718, 0.00032127412851, 0.000374388881028, 0.000549558666535, 0.000633952382486, 0.000623098749202, 0.000186485543963, 0.000318196573062, 0.000200363341719, 0.000154354755068, 0.000102514277387, 0.000113832982606, 6.99631928001e-05, 7.51459083403e-05, 8.37490733829e-05, 5.38475833309e-05, 3.63816070603e-05],
        "mean": [0.00182187207974, 0.00126487656962, 0.000458427559352, 0.000425515579991, 0.00023812596919, 0.000267563620582, 0.000279489264358, 0.000280537031358, 0.000269458716502, 0.000245474482654, 0.000197770292289, 0.000176208544872, 0.000125450009364, 0.000121030199807, 9.02509200387e-05, 9.05692650122e-05, 7.83095965744e-05, 6.78130818415e-05, 5.90003182879e-05, 5.22058289789e-05, 4.46769263363e-05, 3.69932713511e-05, 3.34609358106e-05, 2.88033697871e-05, 2.48090655077e-05, 2.41935667873e-05, 1.96304263227e-05, 1.70818475453e-05, 1.47291575558e-05, 1.52360171342e-05, 1.4295433175e-05, 1.23374202303e-05, 1.09326101665e-05, 8.10525125416e-06, 6.99777274349e-06, 6.1103473854e-06, 5.18890874446e-06, 4.11682640333e-06, 3.98311885874e-06, 3.68692872144e-06],
        "median": [0.000356398028089, 0.000419833813794, 0.000153765096911, 0.000167832637089, 0.000130652129883, 0.000137524853926, 0.00015044977772, 0.000147499187733, 0.000143617959111, 0.00014037519577, 0.000121114091598, 9.01138264453e-05, 6.72034875606e-05, 6.31414732197e-05, 5.74814257561e-05, 5.45821603737e-05, 5.01225949847e-05, 4.37320341007e-05, 3.61529200745e-05, 3.29318390868e-05, 2.92627955787e-05, 2.45535411523e-05, 2.14798601519e-05, 1.80922543223e-05, 1.54595618369e-05, 1.45632056956e-05, 1.28462797875e-05, 1.14309259516e-05, 8.9924360509e-06, 8.59872670844e-06, 7.31652971808e-06, 6.40850657874e-06, 5.57077009944e-06, 4.10147413277e-06, 3.64572156286e-06, 3.30158809447e-06, 2.70026134785e-06, 2.30847695093e-06, 2.09443601307e-06, 1.73205739884e-06],
        "min": [9.47574493148e-25, 9.0225167313e-25, 9.1430635523e-25, 1.27945340357e-24, 1.28244032678e-24, 1.9969059294e-24, 1.85518529284e-24, 1.12362586327e-24, 1.12592884407e-24, 1.70045259286e-24, 1.06640997902e-24, 1.67451504351e-24, 1.67144104978e-24, 2.48256676519e-24, 1.73226676152e-24, 2.18445346809e-24, 2.23724995633e-24, 2.51828500647e-24, 2.15078685681e-24, 2.5137585226e-24, 2.71558996571e-24, 3.43800886397e-24, 3.74728848718e-24, 3.7035942705e-24, 3.89219631901e-24, 3.99464923465e-24, 4.44663773991e-24, 4.26783807701e-24, 4.64970591971e-24, 4.81591654585e-24, 4.19804479171e-24, 4.47419067918e-24, 4.86340045032e-24, 5.59767612521e-24, 4.92142235319e-24, 4.77699138778e-24, 5.75891061676e-24, 6.03685707925e-24, 6.38568229964e-24, 5.74520928613e-24],
        "var": [8.2839769675e-06, 3.47639456777e-06, 7.6650394476e-07, 4.77389676234e-07, 1.04787744704e-07, 1.39212303907e-07, 1.35700261694e-07, 1.62710890095e-07, 2.25659576358e-07, 1.24066261264e-07, 6.43065973804e-08, 7.09859975245e-08, 3.64084264959e-08, 4.52563000408e-08, 1.2427853413e-08, 1.57891868469e-08, 1.08147837352e-08, 9.22353660116e-09, 9.54010825893e-09, 5.81691494972e-09, 3.17525405968e-09, 2.04763694889e-09, 1.53931845048e-09, 1.05272002227e-09, 8.2728657258e-10, 8.51497927723e-10, 5.48978640325e-10, 4.64309424242e-10, 3.23075538544e-10, 3.41144446026e-10, 3.38081729279e-10, 2.3901622348e-10, 1.88701221315e-10, 1.07554097573e-10, 8.12555647767e-11, 5.59340108952e-11, 3.91904633745e-11, 2.38451047102e-11, 2.64374321046e-11, 2.2061588667e-11]
    },
    "mfcc": {
        "mean": [-614.727722168, 97.2679901123, -15.8980054855, 10.0994539261, -2.82888841629, 1.34657979012, -0.630594789982, 3.23080730438, 2.18330216408, 3.64771580696, 2.65022850037, 0.784459471703, -0.35632199049],
        "cov": [[13381.5761719, -1679.1451416, 1195.46447754, 277.549163818, -20.0880889893, 496.930908203, 132.259399414, 62.5310783386, 140.689239502, -2.9811706543, 3.06323051453, 150.726745605, 161.567687988], [-1679.1451416, 2679.60473633, -1015.73297119, -27.6513824463, -12.5326662064, -249.922119141, -73.1779785156, -37.0885925293, -63.6593589783, 29.9506549835, 28.3349399567, -53.2215461731, -64.8770751953], [1195.46447754, -1015.73297119, 1037.7076416, 213.282791138, 189.160171509, 281.964874268, 151.75163269, 110.013587952, 120.052879333, 21.801530838, 20.1212177277, 55.1617469788, 34.9658050537], [277.549163818, -27.6513824463, 213.282791138, 250.532836914, 135.468078613, 91.2308044434, 51.4972267151, 54.9449806213, 55.8607368469, 29.7060375214, 23.1615867615, 29.0209827423, 19.6752204895], [-20.0880889893, -12.5326662064, 189.160171509, 135.468078613, 254.262115479, 137.734420776, 79.5628662109, 57.8111839294, 78.685508728, 28.2804031372, 20.3189048767, 20.4959659576, 19.5932655334], [496.930908203, -249.922119141, 281.964874268, 91.2308044434, 137.734420776, 246.982070923, 117.632316589, 72.6295089722, 89.9348678589, 27.7799320221, 22.5394477844, 42.93151474, 30.5346183777], [132.259399414, -73.1779785156, 151.75163269, 51.4972267151, 79.5628662109, 117.632316589, 152.121536255, 82.861656189, 69.5157394409, 30.2223529816, 27.8213615417, 26.8221302032, 23.5370311737], [62.5310783386, -37.0885925293, 110.013587952, 54.9449806213, 57.8111839294, 72.6295089722, 82.861656189, 127.611740112, 81.5801773071, 43.7677001953, 32.3501853943, 28.5581359863, 25.0831432343], [140.689239502, -63.6593589783, 120.052879333, 55.8607368469, 78.685508728, 89.9348678589, 69.5157394409, 81.5801773071, 147.419876099, 65.5769271851, 40.1745910645, 27.0747241974, 20.6339550018], [-2.9811706543, 29.9506549835, 21.801530838, 29.7060375214, 28.2804031372, 27.7799320221, 30.2223529816, 43.7677001953, 65.5769271851, 106.629364014, 59.9861602783, 32.1400489807, 18.9212245941], [3.06323051453, 28.3349399567, 20.1212177277, 23.1615867615, 20.3189048767, 22.5394477844, 27.8213615417, 32.3501853943, 40.1745910645, 59.9861602783, 97.0556869507, 46.757396698, 30.8220367432], [150.726745605, -53.2215461731, 55.1617469788, 29.0209827423, 20.4959659576, 42.93151474, 26.8221302032, 28.5581359863, 27.0747241974, 32.1400489807, 46.757396698, 86.4333343506, 48.0706100464], [161.567687988, -64.8770751953, 34.9658050537, 19.6752204895, 19.5932655334, 30.5346183777, 23.5370311737, 25.0831432343, 20.6339550018, 18.9212245941, 30.8220367432, 48.0706100464, 91.6697692871]],
