{
"lowlevel": {
    "average_loudness": 0.72407990694,
    "barkbands_crest": {
        "dmean": 2.91381406784,
        "dmean2": 4.61417102814,
        "dvar": 9.16401386261,
        "dvar2": 21.511756897,
        "max": 26.5397052765,
        "mean": 12.6551017761,
        "median": 12.0766220093,
        "min": 1.9222522974,
        "var": 32.0137443542
    },
    "barkbands_flatness_db": {
        "dmean": 0.0265910606831,
        "dmean2": 0.0407441519201,
        "dvar": 0.000967580417637,
        "dvar2": 0.00216442206874,
        "max": 0.45160394907,
        "mean": 0.147039651871,
        "median": 0.133836373687,
        "min": 0.0151109546423,
        "var": 0.00704014161602
    },
    "barkbands_kurtosis": {
        "dmean": 4.86541223526,
        "dmean2": 7.44431304932,
        "dvar": 184.007965088,
        "dvar2": 394.039093018,
        "max": 552.966247559,
        "mean": 6.85453176498,
        "median": 1.76987886429,
        "min": -1.92226922512,
        "var": 352.269470215
    },
    "barkbands_skewness": {
        "dmean": 0.69558006525,
        "dmean2": 1.05331456661,
        "dvar": 0.849782705307,
        "dvar2": 1.84358513355,
        "max": 20.334356308,
        "mean": 1.72826898098,
        "median": 1.38124287128,
        "min": -3.02733612061,
        "var": 3.22470021248
    },
    "barkbands_spread": {
        "dmean": 7.21197509766,
        "dmean2": 11.3555335999,
        "dvar": 80.3931655884,
        "dvar2": 192.521377563,
        "max": 93.9282913208,
        "mean": 26.3953533173,
        "median": 22.3138160706,
        "min": 0.330053389072,
        "var": 343.365966797
    },
    "dissonance": {
        "dmean": 0.0174393132329,
        "dmean2": 0.0298631004989,
        "dvar": 0.000437311391579,
        "dvar2": 0.0012267587008,
        "max": 0.500000119209,
        "mean": 0.470213621855,
        "median": 0.481736660004,
        "min": 0.182408168912,
        "var": 0.0012164064683
    },
    "dynamic_complexity": 7.58131456375,
    "erbbands_crest": {
        "dmean": 2.72780990601,
        "dmean2": 4.37825393677,
        "dvar": 8.0706949234,
        "dvar2": 18.4403018951,
        "max": 32.2074241638,
        "mean": 9.62500953674,
        "median": 7.75863647461,
        "min": 2.0337934494,
        "var": 36.0325660706
    },
    "erbbands_flatness_db": {
        "dmean": 0.0156572014093,
        "dmean2": 0.0241707451642,
        "dvar": 0.000284420122625,
        "dvar2": 0.000644486979581,
        "max": 0.474200248718,
        "mean": 0.155333280563,
        "median": 0.113466434181,
        "min": 0.0461514443159,
        "var": 0.00889797601849
    },
    "erbbands_kurtosis": {
        "dmean": 1.05529272556,
        "dmean2": 1.674051404,
        "dvar": 4.0111207962,
        "dvar2": 9.1211605072,
        "max": 53.0855178833,
        "mean": 1.06654500961,
        "median": -0.0136964321136,
        "min": -1.87265348434,
        "var": 14.1447734833
    },
    "erbbands_skewness": {
        "dmean": 0.357992500067,
        "dmean2": 0.54838770628,
        "dvar": 0.1365455091,
        "dvar2": 0.303646057844,
        "max": 6.59273719788,
        "mean": 0.261508762836,
        "median": 0.137347325683,
        "min": -3.65147972107,
        "var": 0.779224932194
    },
    "erbbands_spread": {
        "dmean": 9.05517959595,
        "dmean2": 14.1489524841,
        "dvar": 135.216156006,
        "dvar2": 315.883544922,
        "max": 154.881347656,
        "mean": 39.6207809448,
        "median": 37.3628616333,
        "min": 0.9399061203,
        "var": 568.612854004
    },
    "hfc": {
        "dmean": 12.2415323257,
        "dmean2": 20.3663311005,
        "dvar": 557.046569824,
        "dvar2": 1505.81628418,
        "max": 322.876190186,
        "mean": 32.8897361755,
        "median": 21.2863330841,
        "min": 1.05050826063e-16,
        "var": 1440.51013184
    },
    "melbands_crest": {
        "dmean": 3.77881002426,
        "dmean2": 6.07203769684,
        "dvar": 15.9880437851,
        "dvar2": 39.5309028625,
        "max": 37.3455810547,
        "mean": 18.3538951874,
        "median": 19.0387573242,
        "min": 1.60581755638,
        "var": 67.4125976562
    },
    "melbands_flatness_db": {
        "dmean": 0.0323587842286,
        "dmean2": 0.0495506115258,
        "dvar": 0.00151779328007,
        "dvar2": 0.00349772861227,
        "max": 0.539810180664,
        "mean": 0.215084001422,
        "median": 0.207782447338,
        "min": 0.00316787301563,
        "var": 0.00911912694573
    },
    "melbands_kurtosis": {
        "dmean": 14.2708749771,
        "dmean2": 21.9877681732,
        "dvar": 1372.55627441,
        "dvar2": 3209.37255859,
        "max": 797.322570801,
        "mean": 22.8849887848,
        "median": 8.4429101944,
        "min": -1.68007791042,
        "var": 2159.3425293
    },
    "melbands_skewness": {
        "dmean": 1.04415237904,
        "dmean2": 1.60232710838,
        "dvar": 2.27602887154,
        "dvar2": 5.249335289,
        "max": 20.8090953827,
        "mean": 3.15357494354,
        "median": 2.58753085136,
        "min": -2.60321974754,
        "var": 7.19513177872
    },
    "melbands_spread": {
        "dmean": 8.02604961395,
        "dmean2": 12.9938144684,
        "dvar": 121.145385742,
        "dvar2": 304.5703125,
        "max": 178.690704346,
        "mean": 25.1485004425,
        "median": 19.0423202515,
        "min": 0.431022077799,
        "var": 526.725280762
    },
    "pitch_salience": {
        "dmean": 0.0890495479107,
        "dmean2": 0.140861451626,
        "dvar": 0.00927267968655,
        "dvar2": 0.0214359145612,
        "max": 0.968944549561,
        "mean": 0.489021956921,
        "median": 0.497018545866,
        "min": 0.0383503213525,
        "var": 0.0318912267685
    },
    "silence_rate_20dB": {
        "dmean": 0,
        "dmean2": 0,
        "dvar": 0,
        "dvar2": 0,
        "max": 1,
        "mean": 1,
        "median": 1,
        "min": 1,
        "var": 0
    },
    "silence_rate_30dB": {
        "dmean": 0.029835736379,
        "dmean2": 0.0596764720976,
        "dvar": 0.0289428513497,
        "dvar2": 0.0722003206611,
        "max": 1,
        "mean": 0.97427302599,
        "median": 1,
        "min": 0,
        "var": 0.0250663608313
    },
    "silence_rate_60dB": {
        "dmean": 0.00871605798602,
        "dmean2": 0.0174335762858,
        "dvar": 0.00864036846906,
        "dvar2": 0.0198128465563,
        "max": 1,
        "mean": 0.246291801333,
        "median": 0,
        "min": 0,
        "var": 0.185643807054
    },
    "spectral_centroid": {
        "dmean": 289.14855957,
        "dmean2": 453.100860596,
        "dvar": 123145.921875,
        "dvar2": 276288.8125,
        "max": 11819.0839844,
        "mean": 1738.77062988,
        "median": 1577.95019531,
        "min": 154.586685181,
        "var": 2106313.25
    },
    "spectral_complexity": {
        "dmean": 4.24488782883,
        "dmean2": 6.65090942383,
        "dvar": 32.0291748047,
        "dvar2": 68.6590270996,
        "max": 64,
        "mean": 20.7974529266,
        "median": 18,
        "min": 0,
        "var": 285.337097168
    },
    "spectral_decrease": {
        "dmean": 2.27469421077e-09,
        "dmean2": 3.37894534574e-09,
        "dvar": 1.27402035345e-17,
        "dvar2": 3.07400763529e-17,
        "max": 2.27609434167e-28,
        "mean": -8.87746942624e-09,
        "median": -7.02557212406e-09,
        "min": -5.0601165924e-08,
        "var": 7.10136938157e-17
    },
    "spectral_energy": {
        "dmean": 0.00877382326871,
        "dmean2": 0.013273912482,
        "dvar": 0.000184885182534,
        "dvar2": 0.000452848908026,
        "max": 0.19442383945,
        "mean": 0.0364886745811,
        "median": 0.030365942046,
        "min": 9.91374348558e-21,
        "var": 0.00113725871779
    },
    "spectral_energyband_high": {
        "dmean": 0.00107318616938,
        "dmean2": 0.00177065853495,
        "dvar": 4.57333999293e-06,
        "dvar2": 1.21149250845e-05,
        "max": 0.0304666943848,
        "mean": 0.00241187191568,
        "median": 0.00106419355143,
        "min": 6.93820114661e-21,
        "var": 1.08747481136e-05
    },
    "spectral_energyband_low": {
        "dmean": 0.00873002130538,
        "dmean2": 0.0130487447605,
        "dvar": 0.000255470455159,
        "dvar2": 0.000595948717091,
        "max": 0.189159244299,
        "mean": 0.02179681696,
        "median": 0.0112410727888,
        "min": 1.32195417231e-23,
        "var": 0.000768737751059
    },
    "spectral_energyband_middle_high": {
        "dmean": 0.00250427960418,
        "dmean2": 0.00424859346822,
        "dvar": 2.23070310312e-05,
        "dvar2": 6.34457537672e-05,
        "max": 0.0455613397062,
        "mean": 0.00583229819313,
        "median": 0.00307107972912,
        "min": 1.09867164955e-21,
        "var": 4.90452875965e-05
    },
    "spectral_energyband_middle_low": {
        "dmean": 0.0049496232532,
        "dmean2": 0.00824319105595,
        "dvar": 9.9208431493e-05,
        "dvar2": 0.000254488055361,
        "max": 0.105338849127,
        "mean": 0.00741317123175,
        "median": 0.00385613064282,
        "min": 1.18792872399e-22,
        "var": 0.000119872900541
    },
    "spectral_entropy": {
        "dmean": 0.164637848735,
        "dmean2": 0.258672207594,
        "dvar": 0.0432662256062,
        "dvar2": 0.105530649424,
        "max": 9.82439136505,
        "mean": 7.7367515564,
        "median": 7.98844480515,
        "min": 5.06618976593,
        "var": 0.557692587376
    },
    "spectral_flux": {
        "dmean": 0.0252657644451,
        "dmean2": 0.0368061698973,
        "dvar": 0.00120345398318,
        "dvar2": 0.00216160109267,
        "max": 0.371306300163,
        "mean": 0.0894263908267,
        "median": 0.0773141533136,
        "min": 6.31827576369e-11,
        "var": 0.00609313324094
    },
    "spectral_kurtosis": {
        "dmean": 2.75398254395,
        "dmean2": 4.76396560669,
        "dvar": 32.463973999,
        "dvar2": 100.602119446,
        "max": 99.9233779907,
        "mean": 6.34760808945,
        "median": 2.84207057953,
        "min": -1.26118052006,
        "var": 97.3250350952
    },
    "spectral_rms": {
        "dmean": 0.000619454600383,
        "dmean2": 0.000931808724999,
        "dvar": 6.92457433615e-07,
        "dvar2": 1.612125061e-06,
        "max": 0.0137725016102,
        "mean": 0.00498053571209,
        "median": 0.00544291362166,
        "min": 3.10997516802e-12,
        "var": 1.07935156848e-05
    },
    "spectral_rolloff": {
        "dmean": 702.156494141,
        "dmean2": 1195.49963379,
        "dvar": 1491332.625,
        "dvar2": 3758904,
        "max": 19767.4804688,
        "mean": 1912.69104004,
        "median": 1162.79296875,
        "min": 43.06640625,
        "var": 7816880
    },
    "spectral_skewness": {
        "dmean": 0.275147616863,
        "dmean2": 0.462976515293,
        "dvar": 0.160496667027,
        "dvar2": 0.483738213778,
        "max": 7.83728218079,
        "mean": 1.6738396883,
        "median": 1.401460886,
        "min": -0.0760732367635,
        "var": 0.726366400719
    },
    "spectral_spread": {
        "dmean": 638457.5,
        "dmean2": 995798.4375,
        "dvar": 900506386432,
        "dvar2": 2.10072908595e+12,
        "max": 43372080,
        "mean": 5941126.5,
        "median": 6013414,
        "min": 708646.0625,
        "var": 2.68516468982e+13
    },
    "spectral_strongpeak": {
        "dmean": 0.250014007092,
        "dmean2": 0.421921938658,
        "dvar": 0.420742332935,
        "dvar2": 1.09979510307,
        "max": 10.4606304169,
        "mean": 0.506320714951,
        "median": 0.330908954144,
        "min": 0,
        "var": 0.534629523754
    },
    "zerocrossingrate": {
        "dmean": 0.0122490581125,
        "dmean2": 0.0155071346089,
        "dvar": 0.000195813699975,
        "dvar2": 0.000266312534222,
        "max": 0.73828125,
        "mean": 0.0760868489742,
        "median": 0.06201171875,
        "min": 0.00244140625,
        "var": 0.00520789762959
    },
    "barkbands": {
        "dmean": [0.000386710511521, 0.00792001467198, 0.00347254355438, 0.001878160052, 0.00255367718637, 0.000778480141889, 0.000406721635954, 0.000532903184649, 0.000478116766317, 0.000673696747981, 0.000441301526735, 0.00057963427389, 0.000494940322824, 0.000304780463921, 0.000350585003616, 0.000222909438889, 0.000187222627574, 0.000231370271649, 0.000208440003917, 0.00019984068058, 0.000204704963835, 0.000191426821402, 0.000185059689102, 0.000193754021893, 0.000207015225897, 0.00014530660701, 3.34204596584e-05],
        "dmean2": [0.000542106165085, 0.0111995842308, 0.00582462735474, 0.00344180199318, 0.00434195436537, 0.00138901569881, 0.00067888724152, 0.00090496125631, 0.000783174764365, 0.00116880098358, 0.000728355546016, 0.000976822571829, 0.000854502723087, 0.000513960141689, 0.000595499295741, 0.000379088975023, 0.00031126360409, 0.000394310394768, 0.000359368917998, 0.000337614736054, 0.000342910265317, 0.000323022250086, 0.000306896952679, 0.000315750570735, 0.00034027613583, 0.000243792994297, 5.58862848266e-05],
        "dvar": [7.50631500068e-07, 0.000240602676058, 9.31604445213e-05, 3.1219322409e-05, 3.86616738979e-05, 5.71922964809e-06, 5.89428452713e-07, 1.23963320675e-06, 9.8259420156e-07, 2.24698851525e-06, 1.13594921913e-06, 1.43114164075e-06, 1.08953918243e-06, 3.75781638695e-07, 4.17195280988e-07, 1.92933143239e-07, 1.37318679094e-07, 2.19979654048e-07, 1.90913425513e-07, 1.43731170965e-07, 1.35215614705e-07, 1.43314437651e-07, 1.3583503744e-07, 1.52265968723e-07, 1.87428781828e-07, 1.03660809714e-07, 8.93595153428e-09],
        "dvar2": [1.26378222376e-06, 0.000500095484313, 0.000244347756961, 8.88943031896e-05, 9.68452659436e-05, 1.67929374584e-05, 1.5053254856e-06, 3.19155060424e-06, 2.47767957262e-06, 6.18816693532e-06, 2.59810576608e-06, 3.45458829543e-06, 2.83831400338e-06, 9.60596935329e-07, 1.12048712708e-06, 5.17954049428e-07, 3.60771821306e-07, 6.07260631114e-07, 5.27516704096e-07, 3.83653485869e-07, 3.61428021733e-07, 3.83421308925e-07, 3.59119269433e-07, 3.88338008861e-07, 4.91844218686e-07, 2.80826640164e-07, 2.43957796187e-08],
        "max": [0.0222590826452, 0.185381829739, 0.08166629076, 0.0677606761456, 0.09435646981, 0.0528238266706, 0.0189977623522, 0.0252115093172, 0.0202305149287, 0.0324259437621, 0.0262745246291, 0.0243442356586, 0.0221286844462, 0.0136555610225, 0.0115578444675, 0.00949644297361, 0.0107828779146, 0.0110124601051, 0.0124823339283, 0.00831449963152, 0.00875053741038, 0.00634723948315, 0.00745547143742, 0.00659665139392, 0.00651282817125, 0.0051551121287, 0.00216897553764],
        "mean": [0.000992825371213, 0.0166950300336, 0.00326154357754, 0.00150202109944, 0.00273297890089, 0.000903471140191, 0.000612429634202, 0.000717971066479, 0.000731759006158, 0.0008253545966, 0.00072668219218, 0.000908715068363, 0.000807080650702, 0.000484221847728, 0.000555987586267, 0.000365172163583, 0.00032862246735, 0.000386401399737, 0.000358651828719, 0.000374925148208, 0.000425886420999, 0.00036495301174, 0.000359846861102, 0.000372257491108, 0.000377548567485, 0.00025777699193, 5.87927133893e-05],
        "median": [0.000117259478429, 0.0076178452, 0.000288109440589, 0.000222242349992, 0.000637104618363, 0.000370925554307, 0.00026117550442, 0.000256538303802, 0.000255675637163, 0.000230295278016, 0.000119412768981, 0.000262597051915, 0.000211292426684, 0.000158984665177, 0.000250186945777, 0.000117949392006, 9.31293034228e-05, 0.000111687739263, 0.000114932554425, 0.000133570443722, 0.000167875026818, 0.000123661913676, 0.000136939692311, 0.000138968054671, 0.000123445744975, 7.9291392467e-05, 8.10091478343e-06],
        "min": [2.51019977384e-25, 1.49169317607e-24, 1.23251055908e-24, 3.25495694496e-25, 5.56707581626e-24, 8.42547307442e-24, 7.49037392345e-24, 7.43264113811e-24, 1.5030304089e-23, 1.5811520932e-23, 1.65908681747e-23, 1.87049759577e-23, 2.60230618706e-23, 1.94780880438e-23, 3.11582229306e-23, 4.92896859661e-23, 6.76935426722e-23, 6.53656961824e-23, 1.03645272582e-22, 1.58061270167e-22, 2.24769241579e-22, 3.21282851857e-22, 3.61640723333e-22, 5.52867700196e-22, 7.05840426249e-22, 1.24758203224e-21, 1.80299362584e-21],
        "var": [3.50642153535e-06, 0.000583819171879, 8.80318984855e-05, 2.21694444917e-05, 4.3224372348e-05, 4.08510413763e-06, 1.02032117866e-06, 1.75026150373e-06, 1.77161086867e-06, 2.60070146396e-06, 4.14920577896e-06, 4.00753833674e-06, 3.44026011589e-06, 8.01113401394e-07, 7.64615208482e-07, 3.66518406736e-07, 3.11017231525e-07, 4.60551376591e-07, 3.71610497041e-07, 3.05697511749e-07, 3.47458865235e-07, 2.96260907362e-07, 2.85838723357e-07, 3.26290603425e-07, 3.58749389306e-07, 1.75958362547e-07, 1.46912100263e-08]
    },
    "erbbands": {
        "dmean": [0.275265812874, 1.7019803524, 3.6032807827, 5.29376459122, 7.53949737549, 9.4267578125, 7.63617944717, 5.86550426483, 5.39533901215, 7.98849821091, 11.4313926697, 10.1006822586, 17.5425891876, 18.9329090118, 20.4184551239, 21.911901474, 21.4254608154, 17.4040203094, 18.2537631989, 14.926202774, 12.3723735809, 9.43497467041, 11.5618438721, 11.21322155, 9.88143253326, 9.44154644012, 8.82408428192, 8.15218830109, 7.04021024704, 6.40373134613, 5.06523990631, 4.16861963272, 3.22174477577, 2.4290626049, 1.48922038078, 0.783954560757, 0.24704875052, 0.05524122715, 0.00523836258799, 8.12617727206e-05],
        "dmean2": [0.3883869946, 2.35582947731, 5.46943426132, 9.37018203735, 13.3035974503, 16.218662262, 13.6822719574, 10.3574619293, 9.12178516388, 13.6830606461, 19.0562610626, 16.5731811523, 30.5213546753, 31.9128551483, 34.3792495728, 36.409160614, 36.7474784851, 29.3086948395, 31.0254116058, 25.7506027222, 20.8274440765, 15.6441926956, 19.6816959381, 19.2252502441, 16.8992576599, 15.9195489883, 14.5536680222, 13.8516864777, 11.8772563934, 10.7900781631, 8.40384292603, 6.80308198929, 5.29200029373, 4.02656078339, 2.44687438011, 1.31904900074, 0.415860146284, 0.0919132903218, 0.00875958241522, 0.000136682952871],
        "dvar": [0.315804928541, 12.4985952377, 79.3635940552, 233.650344849, 309.332824707, 789.019592285, 747.615661621, 242.703948975, 122.446434021, 239.902008057, 625.978271484, 449.453094482, 1473.03808594, 1647.18188477, 2060.88964844, 1922.17382812, 2188.5534668, 1223.8659668, 1195.83349609, 961.167358398, 610.695922852, 341.105285645, 529.367736816, 578.81652832, 382.025970459, 325.700439453, 235.830200195, 249.346603394, 181.540664673, 168.245574951, 107.005455017, 69.2342758179, 44.2945861816, 24.3151931763, 10.8618574142, 3.05009222031, 0.310269653797, 0.020154459402, 0.00019261125999, 4.10074179058e-08],
        "dvar2": [0.678018927574, 24.2324409485, 188.999420166, 645.929992676, 864.620239258, 2047.14135742, 2160.08569336, 702.09954834, 329.320770264, 643.713623047, 1559.49328613, 1119.26123047, 4075.95483398, 4253.85449219, 5104.58886719, 4646.05175781, 5542.37353516, 3141.20385742, 3185.79467773, 2629.47875977, 1644.96789551, 887.380126953, 1439.42541504, 1618.05932617, 1035.6270752, 862.736877441, 604.497131348, 686.716003418, 487.975067139, 458.100006104, 278.211181641, 179.055511475, 114.597358704, 64.0504074097, 28.5431919098, 8.21470832825, 0.833898365498, 0.0543159171939, 0.000520240631886, 1.10689221344e-07],
        "max": [7.36613035202, 42.1569404602, 95.5118484497, 185.191390991, 149.732070923, 480.99017334, 486.859832764, 320.457946777, 242.69078064, 283.844268799, 548.37487793, 417.077911377, 584.033630371, 1299.97729492, 960.907226562, 1148.24536133, 1102.92431641, 737.045837402, 708.323913574, 733.85925293, 630.860656738, 478.170898438, 517.888793945, 555.280151367, 520.670471191, 512.409790039, 392.52520752, 264.07522583, 202.065155029, 199.242385864, 299.464782715, 163.445968628, 113.397621155, 74.7813186646, 64.5548934937, 25.6467819214, 12.8779191971, 3.37340211868, 0.352528780699, 0.0047866073437],
        "mean": [0.601319134235, 3.21317481995, 4.3278632164, 4.7349896431, 6.97278022766, 9.6517572403, 7.73514509201, 7.13007211685, 8.20491886139, 10.9728622437, 16.956533432, 16.096206665, 22.0976257324, 28.7370872498, 34.3183441162, 36.033000946, 37.7030181885, 28.6051044464, 28.7013378143, 23.8415470123, 21.3116950989, 17.8257904053, 20.520029068, 19.6178264618, 18.1441402435, 17.9670524597, 18.1971931458, 15.144493103, 13.3354139328, 11.6525850296, 10.049870491, 8.07171726227, 5.99618911743, 4.40803480148, 2.55698871613, 1.2604238987, 0.441340684891, 0.112076967955, 0.0091405780986, 0.000192064835574],
        "median": [0.25923332572, 0.998828887939, 0.643242418766, 0.898696482182, 1.52238118649, 1.86324608326, 2.554728508, 2.97341942787, 3.5512919426, 4.59229564667, 6.62203025818, 6.28224229813, 6.67065811157, 8.60598945618, 7.86955165863, 13.2027807236, 10.9900913239, 10.0727863312, 13.9031906128, 8.83213043213, 7.0331196785, 5.62765979767, 6.2580704689, 6.38640546799, 6.01198339462, 6.628013134, 6.91048908234, 5.58094167709, 4.66802167892, 4.12900066376, 3.82331037521, 3.01636457443, 2.26255512238, 1.48161435127, 0.771262943745, 0.37044107914, 0.13867020607, 0.0288194939494, 0.00127321679611, 9.21007813304e-05],
        "min": [4.62496590065e-23, 2.70081437218e-22, 2.33369703566e-21, 3.53034303868e-21, 9.50714544042e-21, 2.18723307598e-20, 3.82868753703e-20, 6.60498807739e-20, 1.15419586947e-19, 9.95006963916e-20, 2.53569476742e-19, 4.19257656695e-19, 4.45784382512e-19, 4.50764578486e-19, 9.67384417658e-19, 1.04810876684e-18, 1.35859824759e-18, 9.4942632656e-19, 2.1127712789e-18, 2.43896023409e-18, 3.27882235261e-18, 4.46626452376e-18, 3.48901184139e-18, 5.82535163509e-18, 7.13026048426e-18, 7.33951567254e-18, 8.57073927274e-18, 9.59180771215e-18, 1.07291736098e-17, 9.41100340104e-18, 1.0566905589e-17, 9.74460782363e-18, 9.17550425347e-18, 7.49032145156e-18, 5.31372429621e-18, 3.89670889939e-18, 2.25778844799e-18, 8.44845054534e-19, 2.34597727502e-19, 2.6948405368e-20],
        "var": [0.761678397655, 28.4410877228, 106.682571411, 182.359207153, 249.303314209, 770.458984375, 488.263885498, 199.902084351, 199.159866333, 315.377746582, 972.569702148, 813.049804688, 1670.91625977, 2909.26269531, 5866.20507812, 4556.33642578, 7755.34423828, 2825.02197266, 1998.22546387, 1861.76367188, 1222.82531738, 829.991088867, 1156.28796387, 1175.87524414, 815.587097168, 707.530151367, 667.038696289, 475.805236816, 381.298828125, 309.118011475, 239.636672974, 152.812042236, 86.8618621826, 48.8727149963, 17.8748607635, 4.37385892868, 0.560786008835, 0.0407982841134, 0.000339535501553, 8.69812950555e-08]
    },
    "gfcc": {
        "mean": [-69.3016738892, 72.8654785156, -111.905387878, 18.5345726013, -50.0895195007, 17.4374694824, -25.7683544159, 7.1691403389, -18.0874443054, 5.42818641663, -14.1894664764, 3.2195250988, -9.4350643158],
        "cov": [[63097.5703125, -6304.81640625, 5497.53271484, 4026.5324707, -93.8678359985, 4109.21533203, -1149.89538574, 2685.55541992, -1766.34265137, 2104.23339844, -536.331054688, 975.199035645, -758.651367188], [-6304.81640625, 3971.64990234, -1305.08862305, -527.172119141, -38.6118392944, -964.994445801, 163.258026123, -755.321411133, 424.900909424, -533.223022461, 113.611160278, -348.823577881, 193.715240479], [5497.53271484, -1305.08862305, 2671.90087891, 808.649658203, 370.327301025, 860.14239502, -78.2350997925, 597.814331055, -219.94631958, 479.531982422, 12.6376342773, 112.51625824, -95.5230560303], [4026.5324707, -527.172119141, 808.649658203, 745.882751465, 212.306274414, 460.61026001, 28.4633731842, 242.776321411, -87.6076126099, 164.223907471, -9.05481529236, 72.4007415771, -41.984413147], [-93.8678359985, -38.6118392944, 370.327301025, 212.306274414, 425.397247314, 182.7943573, 150.896865845, 63.7038383484, 31.0922966003, 66.0093154907, 60.2538642883, 23.0189266205, 9.17807579041], [4109.21533203, -964.994445801, 860.14239502, 460.61026001, 182.7943573, 677.980163574, -13.709733963, 349.613342285, -137.163314819, 283.081420898, 19.0147647858, 111.627075195, -47.6536064148], [-1149.89538574, 163.258026123, -78.2350997925, 28.4633731842, 150.896865845, -13.709733963, 249.357833862, 2.18130898476, 82.3217010498, -46.4579544067, 45.5177574158, 4.29743051529, 18.7748451233], [2685.55541992, -755.321411133, 597.814331055, 242.776321411, 63.7038383484, 349.613342285, 2.18130898476, 367.849090576, -55.1837387085, 221.942840576, 14.0933771133, 84.8782501221, -35.9803695679], [-1766.34265137, 424.900909424, -219.94631958, -87.6076126099, 31.0922966003, -137.163314819, 82.3217010498, -55.1837387085, 220.389221191, -5.2009100914, 53.124874115, -23.3388690948, 46.5685806274], [2104.23339844, -533.223022461, 479.531982422, 164.223907471, 66.0093154907, 283.081420898, -46.4579544067, 221.942840576, -5.2009100914, 290.793243408, 64.5976715088, 80.0103378296, -20.2100391388], [-536.331054688, 113.611160278, 12.6376342773, -9.05481529236, 60.2538642883, 19.0147647858, 45.5177574158, 14.0933771133, 53.124874115, 64.5976715088, 126.272415161, 36.9864273071, 37.0571746826], [975.199035645, -348.823577881, 112.51625824, 72.4007415771, 23.0189266205, 111.627075195, 4.29743051529, 84.8782501221, -23.3388690948, 80.0103378296, 36.9864273071, 124.78338623, 25.6554794312], [-758.651367188, 193.715240479, -95.5230560303, -41.984413147, 9.17807579041, -47.6536064148, 18.7748451233, -35.9803695679, 46.5685806274, -20.2100391388, 37.0571746826, 25.6554794312, 97.8601379395]],
        "icov": [[6.84966580593e-05, -0.000137832554174, 7.1467969974e-05, -0.000220400528633, 9.38026059885e-05, -0.000132372413645, 0.000103855927591, -0.000240809400566, 0.000373942748411, -0.000372329173842, 0.000442044285592, -0.000480066926684, 0.000300962419715], [-0.000137832554174, 0.00103129912168, -0.000193328014575, 0.000209304678719, -0.000160473180586, 0.000571254349779, -0.000161493619089, 0.00115604756866, -0.0013969829306, 0.00125939864665, -0.00193251681048, 0.00255774427205, -0.00147354463115], [7.1467969974e-05, -0.000193328014575, 0.000968864478637, -0.000631340837572, -0.000439532741439, -0.000238454464125, 0.000468479993287, -0.00101350003388, 0.000931340968236, -0.00103184161708, 0.000611617229879, -2.36898504227e-05, 0.000192515188246], [-0.000220400528633, 0.000209304678719, -0.000631340837572, 0.00349536444992, -0.000774804619141, -0.00115545140579, -0.000442119140644, 0.000603444699664, -0.00142589141615, 0.00175981037319, -0.000518483226188, 0.000450973107945, -0.000302836473566], [9.38026059885e-05, -0.000160473180586, -0.000439532741439, -0.000774804619141, 0.00447440659627, -0.0010771175148, -0.00248614815064, 0.00111722759902, 0.000228821736528, -0.000906625355128, -0.000272940465948, -0.000183895725058, 8.24460148579e-05], [-0.000132372413645, 0.000571254349779, -0.000238454464125, -0.00115545140579, -0.0010771175148, 0.0057835620828, -0.000503014191054, -0.00111713760998, 0.00136390363332, -0.0017853716854, -0.000822637870442, 0.00123233126942, -0.00131167273503], [0.000103855927591, -0.000161493619089, 0.000468479993287, -0.000442119140644, -0.00248614815064, -0.000503014191054, 0.00792222470045, -0.00263644056395, -0.00216796738096, 0.00369452196173, -0.0018279539654, -0.001602214179, 0.00179829809349], [-0.000240809400566, 0.00115604756866, -0.00101350003388, 0.000603444699664, 0.00111722759902, -0.00111713760998, -0.00263644056395, 0.00947273243219, -0.00190842198208, -0.00200734427199, -0.000643742154352, 0.00148523703683, -0.00119778537191], [0.000373942748411, -0.0013969829306, 0.000931340968236, -0.00142589141615, 0.000228821736528, 0.00136390363332, -0.00216796738096, -0.00190842198208, 0.0110489660874, -0.00639084959403, 0.00255486276001, -0.00113134423736, -0.000929940491915], [-0.000372329173842, 0.00125939864665, -0.00103184161708, 0.00175981037319, -0.000906625355128, -0.0017853716854, 0.00369452196173, -0.00200734427199, -0.00639084959403, 0.0147966248915, -0.00838019791991, 0.000902642612346, 0.00117087189574], [0.000442044285592, -0.00193251681048, 0.000611617229879, -0.000518483226188, -0.000272940465948, -0.000822637870442, -0.0018279539654, -0.000643742154352, 0.00255486276001, -0.00838019791991, 0.017872126773, -0.00717033259571, -0.000468433543574], [-0.000480066926684, 0.00255774427205, -2.36898504227e-05, 0.000450973107945, -0.000183895725058, 0.00123233126942, -0.001602214179, 0.00148523703683, -0.00113134423736, 0.000902642612346, -0.00717033259571, 0.0198163464665, -0.0088987313211], [0.000300962419715, -0.00147354463115, 0.000192515188246, -0.000302836473566, 8.24460148579e-05, -0.00131167273503, 0.00179829809349, -0.00119778537191, -0.000929940491915, 0.00117087189574, -0.000468433543574, -0.0088987313211, 0.0172895323485]]
    },
    "melbands": {
        "dmean": [0.00229000439867, 0.00169268483296, 0.000904570799321, 0.000635530101135, 0.000286680675345, 0.000132972811116, 8.17420223029e-05, 9.33998308028e-05, 8.81264131749e-05, 6.61231460981e-05, 9.06141576706e-05, 8.04141163826e-05, 6.70529989293e-05, 7.26626749383e-05, 4.62297357444e-05, 4.8810543376e-05, 3.04498880723e-05, 3.02223543258e-05, 2.25272142416e-05, 1.71707488335e-05, 1.51747099153e-05, 1.06290463009e-05, 9.85307724477e-06, 1.29049203679e-05, 9.29330781219e-06, 8.61284297571e-06, 6.64377103021e-06, 6.83005237079e-06, 6.30367503618e-06, 5.29770204594e-06, 5.0484231906e-06, 4.16530292568e-06, 3.94087192035e-06, 3.79531866201e-06, 3.12332122121e-06, 2.8940150969e-06, 2.52613585872e-06, 2.35107972912e-06, 2.31983972299e-06, 1.98478574021e-06],
        "dmean2": [0.00322171091102, 0.0024605107028, 0.00156593415886, 0.00109178712592, 0.000511528400239, 0.000235423474805, 0.000137827475555, 0.000160258103278, 0.000146356018377, 0.000108573301986, 0.00015800568508, 0.000136205228046, 0.000111097629997, 0.000122665383969, 7.66012599343e-05, 8.47537448863e-05, 5.10332865815e-05, 5.16390755365e-05, 3.83472579415e-05, 2.94089568342e-05, 2.56446874118e-05, 1.78400296136e-05, 1.63349159266e-05, 2.20472393266e-05, 1.59632709256e-05, 1.48644921865e-05, 1.1186402844e-05, 1.15908615044e-05, 1.04830360215e-05, 8.91640502232e-06, 8.60847922013e-06, 7.01974886397e-06, 6.69148130328e-06, 6.43762905383e-06, 5.21690662936e-06, 4.78189713249e-06, 4.17538831243e-06, 3.9220585677e-06, 3.80113056053e-06, 3.30967827722e-06],
        "dvar": [1.98990583158e-05, 1.35395021061e-05, 5.76197862756e-06, 2.40104486693e-06, 1.00782688151e-06, 1.33632426014e-07, 2.63903814357e-08, 3.30585230301e-08, 3.62757148764e-08, 1.86893149845e-08, 3.96302155536e-08, 3.05814076285e-08, 2.47909834883e-08, 2.3677809935e-08, 1.00297681271e-08, 1.02738226815e-08, 3.95297217182e-09, 3.3779798958e-09, 1.76786241202e-09, 1.24819010683e-09, 9.51428269502e-10, 4.59291438215e-10, 3.95637883566e-10, 7.32578553375e-10, 4.17136492015e-10, 3.25338755935e-10, 1.79382800281e-10, 1.7569101729e-10, 1.27509044989e-10, 9.01166016809e-11, 9.68549893066e-11, 5.98900998239e-11, 7.44372202766e-11, 5.89155876862e-11, 4.32490744606e-11, 3.60856414194e-11, 2.38882611608e-11, 2.56217182887e-11, 1.94523824132e-11, 1.67329344825e-11],
        "dvar2": [4.22812154284e-05, 2.72832330666e-05, 1.53505261551e-05, 6.04007300353e-06, 2.8558770282e-06, 3.89055799133e-07, 6.95384656524e-08, 8.98360212886e-08, 9.01847272416e-08, 4.70576217992e-08, 1.09981549201e-07, 7.92477763412e-08, 5.77608076924e-08, 5.75137093506e-08, 2.31484200697e-08, 2.78336607096e-08, 9.84848735897e-09, 9.05616648339e-09, 4.85190643218e-09, 3.37954042529e-09, 2.54376142372e-09, 1.2030297869e-09, 1.00892338928e-09, 2.01817673684e-09, 1.15512188703e-09, 8.96194618516e-10, 4.78298456397e-10, 4.68014571542e-10, 3.29663102372e-10, 2.43614795004e-10, 2.65428373725e-10, 1.61409371979e-10, 2.04021369243e-10, 1.61760410622e-10, 1.13476728014e-10, 9.3924493183e-11, 6.25813914579e-11, 6.84244050309e-11, 4.86759556273e-11, 4.47528021585e-11],
        "max": [0.0533129684627, 0.0410041324794, 0.0253858529031, 0.0214068815112, 0.0163633897901, 0.00795413739979, 0.00420068297535, 0.0026672212407, 0.00391372479498, 0.0025073599536, 0.00307004363276, 0.00567998504266, 0.00388716952875, 0.0033993339166, 0.00258824927732, 0.00202575861476, 0.00168323563412, 0.00106119958218, 0.000688305066433, 0.000811043544672, 0.000753277388867, 0.000589656585362, 0.000566212576814, 0.0008131894283, 0.000542139576282, 0.000500351830851, 0.000401808792958, 0.000403854442993, 0.000256751285633, 0.000302774191368, 0.000153034154209, 0.000110972250695, 0.000172679676325, 0.000104927014036, 0.000219723428017, 0.000132283268613, 8.06945681688e-05, 9.70606124611e-05, 6.41503356746e-05, 6.56514021102e-05],
        "mean": [0.00497458782047, 0.00300117954612, 0.000862100161612, 0.000652886228636, 0.000292037933832, 0.000161355928867, 0.000126407219796, 0.00012736026838, 0.000134936824907, 0.000101484605693, 0.000111489433039, 0.000116388582683, 0.000115264047054, 0.000109579807031, 8.3253478806e-05, 7.55389919505e-05, 4.85168166051e-05, 4.45436562586e-05, 3.5685745388e-05, 2.69616084552e-05, 2.45246246777e-05, 1.81526229426e-05, 1.71579667949e-05, 2.0490730094e-05, 1.50536034198e-05, 1.40100146382e-05, 1.22712153825e-05, 1.16260825962e-05, 1.16780856843e-05, 9.9951212178e-06, 8.46301190904e-06, 7.58036412662e-06, 6.83681037117e-06, 6.42119357508e-06, 5.83033852308e-06, 5.41486178918e-06, 4.68155576527e-06, 4.15844533563e-06, 4.07444531447e-06, 3.54038138539e-06],
        "median": [0.00252231117338, 0.000756818859372, 0.000193404368474, 0.00012243380479, 9.28943336476e-05, 6.70965091558e-05, 5.59966174478e-05, 5.20008215972e-05, 5.34331702511e-05, 3.69622357539e-05, 3.11665826302e-05, 3.34610049322e-05, 2.12567338167e-05, 2.98911199934e-05, 2.65301059699e-05, 2.1676045435e-05, 1.5286339476e-05, 1.97808021767e-05, 1.58762504725e-05, 8.11965219327e-06, 7.33638444217e-06, 5.36025618203e-06, 4.98588997289e-06, 5.57457769901e-06, 4.75564502267e-06, 4.0335075937e-06, 4.07338711739e-06, 4.12641338698e-06, 4.03180683861e-06, 3.75873787561e-06, 2.78354264083e-06, 2.63571996584e-06, 2.07496941584e-06, 2.28540852731e-06, 2.14017154576e-06, 2.02304499908e-06, 1.68700034919e-06, 1.49431036789e-06, 1.47783475768e-06, 1.09207940113e-06],
        "min": [8.59242680754e-25, 1.44418570438e-24, 1.00641395174e-24, 1.06106347424e-24, 2.05950361995e-24, 1.64836657248e-24, 1.95108849359e-24, 1.047595252e-24, 2.08916202897e-24, 2.09271150861e-24, 1.90475928427e-24, 1.66686900919e-24, 2.64184290955e-24, 2.48274366725e-24, 2.59625167961e-24, 1.85908897103e-24, 1.42916845515e-24, 2.89603854512e-24, 2.48216858765e-24, 3.07413651624e-24, 3.03522930475e-24, 3.92724343688e-24, 2.36508151336e-24, 2.48341084636e-24, 3.94888544138e-24, 3.44354863968e-24, 3.37599690264e-24, 4.18142191472e-24, 3.54969066333e-24, 4.69413377703e-24, 4.55467145202e-24, 5.39998718793e-24, 5.48835380881e-24, 4.47725461494e-24, 5.66324506036e-24, 5.53695789576e-24, 5.59008097241e-24, 5.58669281482e-24, 5.62134865768e-24, 5.5334159103e-24],
        "var": [4.94868254464e-05, 2.92257645924e-05, 4.90555157739e-06, 2.6570544378e-06, 6.9342183906e-07, 1.06464405292e-07, 4.50806147967e-08, 4.27531432479e-08, 5.93683751049e-08, 3.35324159551e-08, 4.401321263e-08, 5.03045107791e-08, 8.97239900155e-08, 6.32707752857e-08, 3.79162337083e-08, 2.29807728402e-08, 9.04450825345e-09, 5.28345500683e-09, 3.18138337896e-09, 2.34842834068e-09, 1.77451342509e-09, 9.63776836116e-10, 8.80153505634e-10, 1.51889589795e-09, 7.86939902131e-10, 5.74068070858e-10, 3.73828773492e-10, 3.28433141794e-10, 3.04664904416e-10, 2.01684585699e-10, 1.67692998376e-10, 1.26919003085e-10, 1.2000414551e-10, 9.7423562273e-11, 9.01348370941e-11, 7.22906595696e-11, 5.20259391124e-11, 4.43359862712e-11, 4.07662965884e-11, 3.30662233705e-11]
    },
    "mfcc": {
        "mean": [-692.614196777, 101.0362854, 7.43930578232, 5.39241075516, 3.90946221352, 9.31987380981, 4.848051548, 4.93530750275, 3.91366672516, 3.58720231056, 2.839802742, 2.28514957428, -1.41258692741],
        "cov": [[31180.2402344, -1879.26599121, 1539.73168945, 2453.11694336, 1076.65869141, 1486.07849121, 1506.1607666, 672.802978516, 293.5887146, 772.780395508, 259.864074707, 355.862762451, 546.963867188], [-1879.26599121, 2492.26489258, 135.646270752, -52.4989356995, -6.72407817841, -125.786422729, -229.363021851, -167.874267578, -81.5412521362, -26.5941829681, 0.336590945721, -46.6557159424, -213.624145508], [1539.73168945, 135.646270752, 654.575744629, 324.889221191, 143.233718872, 145.472640991, 114.087173462, 32.7218742371, 30.6307468414, 100.37247467, 45.6293334961, 23.3258552551, 13.7415304184], [2453.11694336, -52.4989356995, 324.889221191, 543.897155762, 224.247680664, 219.068008423, 214.786407471, 104.671775818, 58.7360420227, 122.489830017, 53.7147102356, 52.7009353638, 48.1609382629], [1076.65869141, -6.72407817841, 143.233718872, 224.247680664, 243.658584595, 189.018600464, 129.165496826, 56.9474639893, 33.1206092834, 71.6221466064, 42.6317634583, 25.0937480927, 31.8059883118], [1486.07849121, -125.786422729, 145.472640991, 219.068008423, 189.018600464, 279.693847656, 201.147857666, 78.6463851929, 42.9107322693, 89.4664001465, 51.4002685547, 42.0676651001, 46.7428779602], [1506.1607666, -229.363021851, 114.087173462, 214.786407471, 129.165496826, 201.147857666, 273.774871826, 137.062866211, 44.5339736938, 81.3378219604, 34.6701049805, 51.5348396301, 50.25440979], [672.802978516, -167.874267578, 32.7218742371, 104.671775818, 56.9474639893, 78.6463851929, 137.062866211, 146.552429199, 67.5859069824, 34.5816459656, 11.4666080475, 25.7037696838, 33.7718353271], [293.5887146, -81.5412521362, 30.6307468414, 58.7360420227, 33.1206092834, 42.9107322693, 44.5339736938, 67.5859069824, 108.050743103, 56.3866004944, 27.6462268829, 15.4264278412, 35.4393844604], [772.780395508, -26.5941829681, 100.37247467, 122.489830017, 71.6221466064, 89.4664001465, 81.3378219604, 34.5816459656, 56.3866004944, 156.164871216, 72.686088562, 50.0405311584, 35.7908248901], [259.864074707, 0.336590945721, 45.6293334961, 53.7147102356, 42.6317634583, 51.4002685547, 34.6701049805, 11.4666080475, 27.6462268829, 72.686088562, 108.741836548, 65.2747268677, 39.7821464539], [355.862762451, -46.6557159424, 23.3258552551, 52.7009353638, 25.0937480927, 42.0676651001, 51.5348396301, 25.7037696838, 15.4264278412, 50.0405311584, 65.2747268677, 102.180152893, 58.8729362488], [546.963867188, -213.624145508, 13.7415304184, 48.1609382629, 31.8059883118, 46.7428779602, 50.25440979, 33.7718353271, 35.4393844604, 35.7908248901, 39.7821464539, 58.8729362488, 123.669593811]],
