{
"lowlevel": {
    "average_loudness": 0.965458631516,
    "barkbands_crest": {
        "dmean": 2.90846157074,
        "dmean2": 4.83405828476,
        "dvar": 6.52181577682,
        "dvar2": 17.4673976898,
        "max": 26.9665126801,
        "mean": 9.00314903259,
        "median": 8.11161422729,
        "min": 1.97500240803,
        "var": 17.9938850403
    },
    "barkbands_flatness_db": {
        "dmean": 0.0177598316222,
        "dmean2": 0.0285772550851,
        "dvar": 0.000328610854922,
        "dvar2": 0.000821235822514,
        "max": 0.832393288612,
        "mean": 0.085908934474,
        "median": 0.0665236264467,
        "min": 0.0119688687846,
        "var": 0.00550899328664
    },
    "barkbands_kurtosis": {
        "dmean": 2.69423437119,
        "dmean2": 4.28200626373,
        "dvar": 1271.28466797,
        "dvar2": 3495.02026367,
        "max": 2676.1965332,
        "mean": 2.45775270462,
        "median": -0.267690062523,
        "min": -1.76296758652,
        "var": 1431.23486328
    },
    "barkbands_skewness": {
        "dmean": 0.483292073011,
        "dmean2": 0.765482485294,
        "dvar": 0.503570914268,
        "dvar2": 1.19324576855,
        "max": 31.920747757,
        "mean": 0.709947228432,
        "median": 0.676779985428,
        "min": -34.2382125854,
        "var": 1.94940698147
    },
    "barkbands_spread": {
        "dmean": 6.65016078949,
        "dmean2": 10.7330589294,
        "dvar": 43.7474555969,
        "dvar2": 110.606002808,
        "max": 119.428764343,
        "mean": 38.1348800659,
        "median": 40.2665786743,
        "min": 0.0353565961123,
        "var": 272.711669922
    },
    "dissonance": {
        "dmean": 0.0132956858724,
        "dmean2": 0.022925587371,
        "dvar": 0.000345806562109,
        "dvar2": 0.00100306083914,
        "max": 0.500000119209,
        "mean": 0.480723321438,
        "median": 0.487073659897,
        "min": 0.116733111441,
        "var": 0.000573979981709
    },
    "dynamic_complexity": 1.2695389986,
    "erbbands_crest": {
        "dmean": 2.24473381042,
        "dmean2": 3.73217844963,
        "dvar": 5.54546880722,
        "dvar2": 13.9432458878,
        "max": 34.5576553345,
        "mean": 7.37019538879,
        "median": 5.96129989624,
        "min": 2.09317064285,
        "var": 21.2463474274
    },
    "erbbands_flatness_db": {
        "dmean": 0.0136328767985,
        "dmean2": 0.0215629357845,
        "dvar": 0.000191838218598,
        "dvar2": 0.00043903166079,
        "max": 0.649773776531,
        "mean": 0.131086245179,
        "median": 0.105782553554,
        "min": 0.0337440520525,
        "var": 0.00450444640592
    },
    "erbbands_kurtosis": {
        "dmean": 0.993786215782,
        "dmean2": 1.6445889473,
        "dvar": 17.9916114807,
        "dvar2": 50.6985206604,
        "max": 198.084686279,
        "mean": 0.850199103355,
        "median": -0.250022649765,
        "min": -1.78077840805,
        "var": 45.0821533203
    },
    "erbbands_skewness": {
        "dmean": 0.315287858248,
        "dmean2": 0.506211042404,
        "dvar": 0.110166929662,
        "dvar2": 0.287000179291,
        "max": 9.93494510651,
        "mean": 0.0775316357613,
        "median": 0.0210196748376,
        "min": -7.73266506195,
        "var": 0.509843945503
    },
    "erbbands_spread": {
        "dmean": 7.18615007401,
        "dmean2": 11.3466081619,
        "dvar": 57.5924911499,
        "dvar2": 136.671051025,
        "max": 133.556121826,
        "mean": 38.2552947998,
        "median": 38.6235542297,
        "min": 0.167145207524,
        "var": 291.108703613
    },
    "hfc": {
        "dmean": 9.72775650024,
        "dmean2": 15.8109807968,
        "dvar": 123.252563477,
        "dvar2": 322.764556885,
        "max": 163.49987793,
        "mean": 49.6185646057,
        "median": 50.2902984619,
        "min": 1.05287181343e-16,
        "var": 542.784973145
    },
    "melbands_crest": {
        "dmean": 4.20647716522,
        "dmean2": 6.90774583817,
        "dvar": 13.6647891998,
        "dvar2": 34.770866394,
        "max": 38.6900672913,
        "mean": 15.0624370575,
        "median": 14.2879524231,
        "min": 1.53204989433,
        "var": 46.4331130981
    },
    "melbands_flatness_db": {
        "dmean": 0.0254911370575,
        "dmean2": 0.0408969186246,
        "dvar": 0.000649629335385,
        "dvar2": 0.00163121917285,
        "max": 1,
        "mean": 0.142903327942,
        "median": 0.1265591681,
        "min": 0.00301022501662,
        "var": 0.00775161897764
    },
    "melbands_kurtosis": {
        "dmean": 5.50031518936,
        "dmean2": 9.02568340302,
        "dvar": 422.130157471,
        "dvar2": 1221.57983398,
        "max": 1638.09863281,
        "mean": 8.22491168976,
        "median": 3.57035636902,
        "min": -1.7390999794,
        "var": 951.965759277
    },
    "melbands_skewness": {
        "dmean": 0.717974424362,
        "dmean2": 1.13995993137,
        "dvar": 0.70109975338,
        "dvar2": 1.81685245037,
        "max": 25.5502471924,
        "mean": 1.9907553196,
        "median": 1.83761644363,
        "min": -9.17492675781,
        "var": 2.69052600861
    },
    "melbands_spread": {
        "dmean": 10.8379650116,
        "dmean2": 17.6140403748,
        "dvar": 122.216720581,
        "dvar2": 314.218322754,
        "max": 186.543395996,
        "mean": 40.2438659668,
        "median": 37.9312477112,
        "min": 0.0516403727233,
        "var": 435.083648682
    },
    "pitch_salience": {
        "dmean": 0.0837546363473,
        "dmean2": 0.136084139347,
        "dvar": 0.00557722849771,
        "dvar2": 0.0143457157537,
        "max": 0.95089250803,
        "mean": 0.559479057789,
        "median": 0.57216745615,
        "min": 0.0225168783218,
        "var": 0.0178838968277
    },
    "silence_rate_20dB": {
        "dmean": 0,
        "dmean2": 0,
        "dvar": 0,
        "dvar2": 0,
        "max": 1,
        "mean": 1,
        "median": 1,
        "min": 1,
        "var": 0
    },
    "silence_rate_30dB": {
        "dmean": 0,
        "dmean2": 0,
        "dvar": 0,
        "dvar2": 0,
        "max": 1,
        "mean": 1,
        "median": 1,
        "min": 1,
        "var": 0
    },
    "silence_rate_60dB": {
        "dmean": 0.000606464920565,
        "dmean2": 0.00121300341561,
        "dvar": 0.000606198853347,
        "dvar2": 0.0014545659069,
        "max": 1,
        "mean": 0.0180715583265,
        "median": 0,
        "min": 0,
        "var": 0.0177464280277
    },
    "spectral_centroid": {
        "dmean": 278.720275879,
        "dmean2": 448.227050781,
        "dvar": 85425.5703125,
        "dvar2": 214839.609375,
        "max": 11671.6035156,
        "mean": 2150.4206543,
        "median": 2173.03393555,
        "min": 55.6412239075,
        "var": 1171519.625
    },
    "spectral_complexity": {
        "dmean": 4.72727251053,
        "dmean2": 7.71021366119,
        "dvar": 19.0236606598,
        "dvar2": 48.7893638611,
        "max": 64,
        "mean": 35.9779243469,
        "median": 39,
        "min": 0,
        "var": 143.383575439
    },
    "spectral_decrease": {
        "dmean": 1.48294421187e-09,
        "dmean2": 2.38164377109e-09,
        "dvar": 1.94382708341e-18,
        "dvar2": 4.96395635086e-18,
        "max": 1.72576154525e-28,
        "mean": -8.63783178318e-09,
        "median": -8.78943939853e-09,
        "min": -2.35168400309e-08,
        "var": 9.30446088378e-18
    },
    "spectral_energy": {
        "dmean": 0.00549854524434,
        "dmean2": 0.00885830260813,
        "dvar": 2.58662239503e-05,
        "dvar2": 6.66207342874e-05,
        "max": 0.0897253453732,
        "mean": 0.0371016710997,
        "median": 0.0386062599719,
        "min": 9.93655961488e-21,
        "var": 0.000149431347381
    },
    "spectral_energyband_high": {
        "dmean": 0.000903503096197,
        "dmean2": 0.00148320104927,
        "dvar": 1.32820559884e-06,
        "dvar2": 3.53930022357e-06,
        "max": 0.0212719459087,
        "mean": 0.00346306804568,
        "median": 0.00338586722501,
        "min": 6.8549370169e-21,
        "var": 6.11056566413e-06
    },
    "spectral_energyband_low": {
        "dmean": 0.00626392196864,
        "dmean2": 0.0100430455059,
        "dvar": 5.31638943357e-05,
        "dvar2": 0.000134664980578,
        "max": 0.0837981328368,
        "mean": 0.0143011240289,
        "median": 0.0121581852436,
        "min": 1.6773700889e-23,
        "var": 0.00014962797286
    },
    "spectral_energyband_middle_high": {
        "dmean": 0.00331402453594,
        "dmean2": 0.00529477884993,
        "dvar": 1.24189391499e-05,
        "dvar2": 2.99208750221e-05,
        "max": 0.0655175000429,
        "mean": 0.0117087727413,
        "median": 0.0105934832245,
        "min": 1.03550471697e-21,
        "var": 4.44163379143e-05
    },
    "spectral_energyband_middle_low": {
        "dmean": 0.00433047581464,
        "dmean2": 0.0071561941877,
        "dvar": 3.48562571162e-05,
        "dvar2": 8.93204341992e-05,
        "max": 0.0678552240133,
        "mean": 0.00889056175947,
        "median": 0.00725780054927,
        "min": 1.44629935068e-22,
        "var": 4.62545940536e-05
    },
    "spectral_entropy": {
        "dmean": 0.0977017134428,
        "dmean2": 0.159027293324,
        "dvar": 0.0133515754715,
        "dvar2": 0.0322844721377,
        "max": 9.82856941223,
        "mean": 8.02008533478,
        "median": 8.18903446198,
        "min": 3.43934202194,
        "var": 0.329300105572
    },
    "spectral_flux": {
        "dmean": 0.02263193205,
        "dmean2": 0.0364647731185,
        "dvar": 0.000479186797747,
        "dvar2": 0.00118491076864,
        "max": 0.293338060379,
        "mean": 0.118091523647,
        "median": 0.117568083107,
        "min": 6.32180419124e-11,
        "var": 0.00168055237737
    },
    "spectral_kurtosis": {
        "dmean": 1.53750133514,
        "dmean2": 2.65194439888,
        "dvar": 42.5997238159,
        "dvar2": 138.674621582,
        "max": 366.213531494,
        "mean": 5.29735708237,
        "median": 2.49451971054,
        "min": -1.26968812943,
        "var": 214.56741333
    },
    "spectral_rms": {
        "dmean": 0.000446400023066,
        "dmean2": 0.000717057322618,
        "dvar": 1.64009250625e-07,
        "dvar2": 4.1696253561e-07,
        "max": 0.00935611687601,
        "mean": 0.00588621105999,
        "median": 0.00613715266809,
        "min": 3.11355173414e-12,
        "var": 1.5493110368e-06
    },
    "spectral_rolloff": {
        "dmean": 766.376037598,
        "dmean2": 1265.53735352,
        "dvar": 774333.1875,
        "dvar2": 1924552.875,
        "max": 19509.0820312,
        "mean": 2778.22705078,
        "median": 2390.18554688,
        "min": 43.06640625,
        "var": 4811856
    },
    "spectral_skewness": {
        "dmean": 0.161392003298,
        "dmean2": 0.268935769796,
        "dvar": 0.0857414975762,
        "dvar2": 0.254233837128,
        "max": 16.3851203918,
        "mean": 1.50712478161,
        "median": 1.27293384075,
        "min": -0.075921677053,
        "var": 1.00302445889
    },
    "spectral_spread": {
        "dmean": 437605.3125,
        "dmean2": 704553.125,
        "dvar": 287732629504,
        "dvar2": 647996702720,
        "max": 42965620,
        "mean": 5685261,
        "median": 5739277.5,
        "min": 346088.53125,
        "var": 1.48268573e+13
    },
    "spectral_strongpeak": {
        "dmean": 0.599518239498,
        "dmean2": 1.02990329266,
        "dvar": 1.22828936577,
        "dvar2": 3.08797645569,
        "max": 13.5889883041,
        "mean": 0.985662460327,
        "median": 0.386296600103,
        "min": 0,
        "var": 2.24622035027
    },
    "zerocrossingrate": {
        "dmean": 0.0108630359173,
        "dmean2": 0.0137903327122,
        "dvar": 0.000129985390231,
        "dvar2": 0.000179751703399,
        "max": 0.83203125,
        "mean": 0.0943627357483,
        "median": 0.08984375,
        "min": 0.00146484375,
        "var": 0.00295664183795
    },
    "barkbands": {
        "dmean": [0.000443563243607, 0.00496974540874, 0.00366338761523, 0.00207460066304, 0.00153509690426, 0.000724811747205, 0.00071615120396, 0.000817155523691, 0.00104975514114, 0.00105753133539, 0.00093023100635, 0.000803331437055, 0.000910875154659, 0.000596587953623, 0.000628406414762, 0.00059100438375, 0.000601527979597, 0.00039968220517, 0.000351651280653, 0.000325848377543, 0.000293009215966, 0.000274132471532, 0.000203608971788, 0.000174354965566, 0.000117323601444, 6.35841934127e-05, 2.22822509386e-05],
        "dmean2": [0.000692337634973, 0.00814297702163, 0.00607071211562, 0.00368533516303, 0.00262077851221, 0.00126522383653, 0.0012308357982, 0.00137861783151, 0.00173403706867, 0.0017269810196, 0.00148372957483, 0.0013232260244, 0.00150340504479, 0.0009790007025, 0.001053439104, 0.000988872023299, 0.0010144317057, 0.000665173050947, 0.000584321736824, 0.000543198199011, 0.000494750216603, 0.00046448392095, 0.000338974845363, 0.000286359572783, 0.000189981758012, 0.000100410965388, 3.59698242391e-05],
        "dvar": [6.41348151476e-07, 3.84939703508e-05, 3.69503541151e-05, 2.0404217139e-05, 9.01288785826e-06, 1.34522201733e-06, 1.23853897094e-06, 1.53237988343e-06, 2.11118526749e-06, 2.20961578634e-06, 2.70913801614e-06, 1.61017862865e-06, 2.25807821153e-06, 9.24896880861e-07, 1.0933277963e-06, 1.21540313103e-06, 9.10092808226e-07, 3.4928834225e-07, 2.55585803188e-07, 2.19130200207e-07, 1.46841244941e-07, 1.28600930793e-07, 6.61533334778e-08, 5.10380786523e-08, 3.21849924489e-08, 8.94908058768e-09, 1.03286257325e-09],
        "dvar2": [1.36961091357e-06, 0.000101154379081, 9.52459813561e-05, 5.69828553125e-05, 2.33328501054e-05, 3.87252885048e-06, 3.40151655109e-06, 3.95119423047e-06, 5.212805263e-06, 5.23533026353e-06, 6.03477519689e-06, 3.71312034986e-06, 5.30916940988e-06, 2.21157392843e-06, 2.89449326374e-06, 3.05342200591e-06, 2.38981215261e-06, 8.73580290772e-07, 6.45981913294e-07, 5.67065796986e-07, 4.01223331892e-07, 3.5385679098e-07, 1.73684156834e-07, 1.30807194409e-07, 7.85043781093e-08, 2.05698285072e-08, 2.62509991522e-09],
        "max": [0.0230540689081, 0.0729952156544, 0.0588641166687, 0.0557808615267, 0.0469433106482, 0.0158221237361, 0.0216151233763, 0.0205019786954, 0.0338037647307, 0.0481400750577, 0.0571848899126, 0.0363591574132, 0.0493182353675, 0.0264146160334, 0.0300753638148, 0.02525690943, 0.0187767986208, 0.0190311502665, 0.0144989192486, 0.0178717654198, 0.00819168798625, 0.00736662046984, 0.00367463636212, 0.00440580537543, 0.00653449492529, 0.00212611281313, 0.000786557153333],
        "mean": [0.000831752317026, 0.00871177203953, 0.0037891138345, 0.00178511440754, 0.00175930419937, 0.000971697445493, 0.000980273704045, 0.00112703151535, 0.00170467980206, 0.00173553579953, 0.00153815501835, 0.00133152655326, 0.00155806564726, 0.00101055123378, 0.00102389021777, 0.000963146565482, 0.00100966659375, 0.000752018531784, 0.000725260586478, 0.000733644643333, 0.000682969402988, 0.000661336351186, 0.000566671427805, 0.0005253207637, 0.000370678957552, 0.00020809446869, 4.44257238996e-05],
        "median": [0.000227484881179, 0.00595224136487, 0.00101842847653, 0.000472869171062, 0.000759618822485, 0.000574719742872, 0.000591360672843, 0.000625411514193, 0.00103171588853, 0.00103347410914, 0.000726850004867, 0.0007725704927, 0.000882774824277, 0.000622989377007, 0.000620990176685, 0.000584027729928, 0.000639641773887, 0.000548929092474, 0.000574279460125, 0.000599316554144, 0.000594372279011, 0.00058813317446, 0.000514599203598, 0.000452186563052, 0.000329449161654, 0.000183630821994, 2.89764975605e-05],
        "min": [2.4639804134e-25, 2.25307154786e-24, 8.05160349245e-25, 6.65063829377e-25, 2.1574649588e-24, 5.82249793332e-24, 7.55650965516e-24, 4.702394334e-24, 1.26373884074e-23, 1.19900223273e-23, 5.2611618681e-24, 1.90072011922e-23, 2.87944738033e-23, 2.88914374303e-23, 4.15324285655e-23, 5.60288142389e-23, 5.96228897666e-23, 8.53057395946e-23, 1.29316983694e-22, 1.59421670264e-22, 2.3567031479e-22, 2.65543833561e-22, 3.93291842334e-22, 4.82029959904e-22, 8.49675946831e-22, 1.32164690783e-21, 1.83052565398e-21],
        "var": [2.85440978587e-06, 8.38859850774e-05, 4.00375647587e-05, 1.50317555381e-05, 9.34751733439e-06, 1.52422160227e-06, 1.57459294314e-06, 2.20726724365e-06, 4.0724489736e-06, 4.63033802589e-06, 7.28474651623e-06, 3.43805936609e-06, 4.87562965645e-06, 1.84013504168e-06, 1.69755730894e-06, 1.9847175281e-06, 1.63248034823e-06, 6.65564300562e-07, 5.06362766828e-07, 4.91335526931e-07, 3.25484734276e-07, 2.98012110989e-07, 2.17107441358e-07, 2.0900458253e-07, 1.17651978826e-07, 3.66827137555e-08, 2.69242583784e-09]
    },
    "erbbands": {
        "dmean": [0.17496368289, 1.11118757725, 3.68085074425, 5.43243503571, 5.65939092636, 5.26424264908, 5.63115358353, 6.48319482803, 9.18465805054, 12.4162950516, 18.7702217102, 25.0778923035, 28.6326141357, 30.8709545135, 39.4688186646, 31.2965545654, 41.949005127, 28.8996353149, 31.7138462067, 28.4944934845, 30.4557723999, 30.4524383545, 23.1543807983, 18.8406467438, 15.9695634842, 15.3981361389, 13.4208774567, 10.5347156525, 10.1703195572, 7.78957509995, 5.87455749512, 4.15656280518, 2.90565013885, 1.59817028046, 0.799293577671, 0.350168675184, 0.113010883331, 0.0308497082442, 0.00369097781368, 5.04851450387e-05],
        "dmean2": [0.279351115227, 1.82232820988, 6.02971696854, 9.25651836395, 9.88152313232, 9.02159309387, 9.86235618591, 11.350522995, 15.7932071686, 21.1147041321, 31.6785087585, 41.3729553223, 46.4360923767, 50.5569000244, 62.5354003906, 51.3051338196, 68.9196853638, 47.2164077759, 53.0093841553, 47.4000854492, 50.8936271667, 51.5755081177, 38.4928359985, 31.4540805817, 26.4904308319, 25.5318183899, 22.6090068817, 17.7777309418, 17.2303943634, 13.0126714706, 9.74234008789, 6.86831951141, 4.75918197632, 2.61366629601, 1.30852365494, 0.566049873829, 0.179462462664, 0.0489713512361, 0.00601965654641, 8.14631639514e-05],
        "dvar": [0.0569890700281, 2.11662435532, 34.2618980408, 106.473846436, 151.277786255, 129.467529297, 100.196685791, 121.189338684, 229.058456421, 366.43927002, 796.687194824, 1288.53564453, 1767.20202637, 2359.23413086, 5199.37890625, 2261.55834961, 5131.44189453, 2073.52563477, 2521.15966797, 2559.42041016, 2862.33642578, 2445.76586914, 1237.51879883, 791.018615723, 548.434326172, 548.993774414, 331.48828125, 181.236572266, 181.389297485, 96.9952316284, 57.0468254089, 28.9543437958, 15.0586614609, 6.41626214981, 1.3827573061, 0.281360715628, 0.0270502865314, 0.00198485585861, 2.80877065961e-05, 4.69945860004e-09],
        "dvar2": [0.140440002084, 5.49121618271, 83.6837921143, 289.000396729, 416.031707764, 327.958129883, 276.707824707, 350.708618164, 626.902404785, 961.124694824, 2055.47338867, 3199.24145508, 4204.69335938, 5662.04101562, 11338.4912109, 5347.17822266, 11998.2832031, 4925.35205078, 6436.22900391, 6812.58349609, 7189.37890625, 6565.78808594, 3052.41894531, 2064.15893555, 1387.80725098, 1442.14880371, 891.972900391, 497.588134766, 505.296905518, 260.333709717, 151.779708862, 76.5568618774, 38.494178772, 16.1548843384, 3.36371064186, 0.67183226347, 0.0610261037946, 0.00468900054693, 7.14056877769e-05, 1.17159570934e-08],
        "max": [4.3054857254, 17.0275611877, 58.9139289856, 116.229667664, 139.544921875, 214.667663574, 145.102813721, 169.507629395, 308.829986572, 398.56338501, 538.106079102, 591.848083496, 791.188293457, 1883.65893555, 2805.15454102, 1366.52648926, 2500.88061523, 1214.18273926, 1113.91149902, 1878.09143066, 1467.19384766, 914.891113281, 1282.34118652, 692.5859375, 642.983581543, 1144.31860352, 324.951568604, 244.241638184, 265.564025879, 156.505706787, 130.263534546, 86.6293106079, 66.5794219971, 96.6536178589, 32.6607093811, 14.0653524399, 3.46585273743, 1.45358848572, 0.111131392419, 0.00159732101019],
        "mean": [0.303135961294, 1.74652516842, 4.30083370209, 5.55522489548, 5.54730176926, 5.90471935272, 6.68628406525, 8.54278087616, 12.7150249481, 17.9345836639, 27.9653167725, 41.1215744019, 48.1846656799, 53.5448608398, 69.8583755493, 57.5269355774, 74.8535995483, 53.6199684143, 55.2761688232, 51.4036369324, 53.4831085205, 53.3308334351, 44.7129554749, 39.149974823, 34.5233840942, 34.9829483032, 30.3787918091, 25.5385055542, 23.8117694855, 19.8955039978, 15.8682527542, 11.7507915497, 8.30290317535, 4.63166379929, 2.39739203453, 1.0622882843, 0.352012515068, 0.0854329615831, 0.00691296672449, 0.000160952549777],
        "median": [0.157491609454, 1.06295132637, 1.65634489059, 1.91552722454, 1.95691680908, 2.38862943649, 3.37858819962, 4.86703824997, 7.61061668396, 10.8077106476, 17.0332794189, 24.813999176, 29.3008499146, 32.9466171265, 34.8834991455, 37.3014602661, 43.3318023682, 35.4973487854, 36.3824653625, 33.7000617981, 34.7008743286, 35.8114128113, 32.8758773804, 30.1270866394, 28.040266037, 28.5819072723, 25.8027706146, 22.6114444733, 20.8837776184, 18.0562534332, 14.0289325714, 10.2111854553, 6.90690422058, 3.94283056259, 2.10462641716, 0.934300422668, 0.303573071957, 0.0695369467139, 0.00423051696271, 0.00013776528067],
        "min": [8.84619720764e-23, 6.08440464479e-22, 1.29094439091e-21, 6.40032533771e-21, 7.91123373443e-21, 1.26073602151e-20, 4.32131656642e-20, 4.35710472949e-20, 1.05227287159e-19, 1.41620416528e-19, 1.73030480639e-19, 3.27448544466e-19, 2.51857316272e-19, 4.26120464045e-19, 5.47777819992e-19, 1.06681876512e-18, 1.43955275978e-18, 2.13670864505e-18, 2.40574789852e-18, 2.83534332247e-18, 3.623348868e-18, 4.17324985383e-18, 5.22491074102e-18, 5.62574426789e-18, 6.86456469483e-18, 7.27592202705e-18, 7.30764440354e-18, 9.10439815365e-18, 9.45436586311e-18, 1.04145132776e-17, 1.08907459717e-17, 8.8734890313e-18, 1.04049188097e-17, 8.01979893447e-18, 6.18990874261e-18, 4.08435440776e-18, 2.13678950196e-18, 9.27719556323e-19, 2.27563021681e-19, 2.85931199224e-20],
        "var": [0.147878676653, 3.92123770714, 42.7016220093, 96.3825683594, 117.048423767, 141.423675537, 99.3143157959, 134.992889404, 286.813446045, 504.567565918, 1156.03051758, 2416.73046875, 3480.00415039, 4908.34130859, 14679.8515625, 4816.984375, 11395.0673828, 4339.88232422, 4265.13964844, 3987.68945312, 4833.17041016, 3937.24658203, 2325.38061523, 1919.14147949, 1044.59545898, 1226.42492676, 685.264160156, 441.12286377, 399.101715088, 267.027038574, 179.481414795, 101.892982483, 57.8211555481, 20.2748146057, 4.85265111923, 0.982765436172, 0.110067933798, 0.00730192754418, 6.90660817781e-05, 1.60813975469e-08]
    },
    "gfcc": {
        "mean": [55.3566474915, 49.0349731445, -116.301597595, 25.1652164459, -51.69688797, 27.2153358459, -26.8731822968, 16.3130702972, -20.5862751007, 7.83021259308, -15.7836914062, 3.88376116753, -12.6269273758],
        "cov": [[23164.4667969, -1824.33447266, -1573.72241211, 1165.39099121, -1033.49499512, 526.008789062, -608.944396973, 411.583679199, -471.423248291, 173.760147095, -673.680114746, 335.734008789, -467.709869385], [-1824.33447266, 1750.02856445, -283.597747803, -412.305877686, 71.4561309814, -99.4893798828, 57.4664535522, -102.345680237, 86.8791503906, -63.3909683228, 203.131118774, -174.815795898, 163.489929199], [-1573.72241211, -283.597747803, 1068.45751953, 304.636627197, 220.627914429, 95.992767334, 83.7378234863, 38.9429321289, -5.94616699219, 5.46133995056, -47.9680023193, 8.32622528076, -53.6110649109], [1165.39099121, -412.305877686, 304.636627197, 546.944519043, 54.5111579895, 81.65284729, -0.737888872623, 58.1163482666, -1.10333430767, 11.111905098, -99.0560150146, 66.1107406616, -73.5931243896], [-1033.49499512, 71.4561309814, 220.627914429, 54.5111579895, 267.549865723, 48.9972610474, 84.7526702881, 10.595495224, 50.664478302, -2.11409926414, 16.3852005005, -4.47315597534, 4.31644201279], [526.008789062, -99.4893798828, 95.992767334, 81.65284729, 48.9972610474, 183.074188232, 47.8303337097, 55.7022781372, 3.44752287865, 21.056968689, -10.3780593872, 17.1262798309, -12.7536211014], [-608.944396973, 57.4664535522, 83.7378234863, -0.737888872623, 84.7526702881, 47.8303337097, 145.981292725, 45.6194839478, 46.1388320923, 9.89164924622, 25.1201686859, -0.0599755123258, 13.3022241592], [411.583679199, -102.345680237, 38.9429321289, 58.1163482666, 10.595495224, 55.7022781372, 45.6194839478, 131.947616577, 37.1569824219, 27.9906482697, -10.5239696503, 19.8882789612, -0.349466323853], [-471.423248291, 86.8791503906, -5.94616699219, -1.10333430767, 50.664478302, 3.44752287865, 46.1388320923, 37.1569824219, 132.538757324, 35.6500358582, 33.0157737732, 6.86289453506, 29.843793869], [173.760147095, -63.3909683228, 5.46133995056, 11.111905098, -2.11409926414, 21.056968689, 9.89164924622, 27.9906482697, 35.6500358582, 87.8957977295, 35.1741485596, 20.5354270935, 1.3282982111], [-673.680114746, 203.131118774, -47.9680023193, -99.0560150146, 16.3852005005, -10.3780593872, 25.1201686859, -10.5239696503, 33.0157737732, 35.1741485596, 125.459831238, 10.6976222992, 47.9948005676], [335.734008789, -174.815795898, 8.32622528076, 66.1107406616, -4.47315597534, 17.1262798309, -0.0599755123258, 19.8882789612, 6.86289453506, 20.5354270935, 10.6976222992, 101.493179321, 16.5886631012], [-467.709869385, 163.489929199, -53.6110649109, -73.5931243896, 4.31644201279, -12.7536211014, 13.3022241592, -0.349466323853, 29.843793869, 1.3282982111, 47.9948005676, 16.5886631012, 94.4666290283]],
        "icov": [[0.000152484542923, -0.000135587033583, 0.000290959957056, -0.000254261860391, 0.000270980875939, -0.000429743435234, 0.000373327377019, -0.000404215825256, 0.000430889253039, -0.000523180293385, 0.000673324451782, -0.000499968940858, 0.000449131068308], [-0.000135587033583, 0.00139420223422, -6.521474279e-05, 0.00025071905111, -0.000462508789496, 0.00039754723548, -0.000430387357483, 0.000727334583644, -0.000872008851729, 0.00163226877339, -0.00233314931393, 0.00273549742997, -0.00183023267891], [0.000290959957056, -6.521474279e-05, 0.00195748824626, -0.00114159355871, -0.00050004379591, -0.00086406635819, 0.000309422030114, -0.00073958595749, 0.00135338352993, -0.00112740194891, 0.00109560810961, -0.000319913204294, 0.000722702010535], [-0.000254261860391, 0.00025071905111, -0.00114159355871, 0.00360160623677, -0.000680149474647, 0.000137811599416, -2.03536710615e-05, 0.000234270250075, -0.0013886638917, 0.000757259083912, 0.000714010384399, -0.00134725659154, 0.000820439658128], [0.000270980875939, -0.000462508789496, -0.00050004379591, -0.000680149474647, 0.00640703644603, -0.00170321296901, -0.00158835621551, 0.000498601526488, -0.00122336973436, 0.000244682974881, 0.000729806022719, -0.000980231328867, 0.0012156435987], [-0.000429743435234, 0.00039754723548, -0.00086406635819, 0.000137811599416, -0.00170321296901, 0.00851990841329, -0.00267489789985, -0.00110218208283, 0.000446728867246, -5.81934655202e-05, -0.00156273052562, 0.00112193764653, -0.0011414255714], [0.000373327377019, -0.000430387357483, 0.000309422030114, -2.03536710615e-05, -0.00158835621551, -0.00267489789985, 0.0115995686501, -0.00396028161049, -0.000874944613315, 8.87137284735e-05, -7.34182176529e-05, -0.000988036044873, 0.0013023490319], [-0.000404215825256, 0.000727334583644, -0.00073958595749, 0.000234270250075, 0.000498601526488, -0.00110218208283, -0.00396028161049, 0.0123111205176, -0.00360130262561, -0.000632225186564, 7.98913024482e-05, 0.00100326933898, -0.00213582278229], [0.000430889253039, -0.000872008851729, 0.00135338352993, -0.0013886638917, -0.00122336973436, 0.000446728867246, -0.000874944613315, -0.00360130262561, 0.0129307592288, -0.00606987113133, 0.00211947620846, -0.00121368642431, -0.00130857306067], [-0.000523180293385, 0.00163226877339, -0.00112740194891, 0.000757259083912, 0.000244682974881, -5.81934655202e-05, 8.87137284735e-05, -0.000632225186564, -0.00606987113133, 0.0197711065412, -0.00979462172836, 0.00159149966203, 0.000837422674522], [0.000673324451782, -0.00233314931393, 0.00109560810961, 0.000714010384399, 0.000729806022719, -0.00156273052562, -7.34182176529e-05, 7.98913024482e-05, 0.00211947620846, -0.00979462172836, 0.0192054007202, -0.00657276250422, -0.000819287379272], [-0.000499968940858, 0.00273549742997, -0.000319913204294, -0.00134725659154, -0.000980231328867, 0.00112193764653, -0.000988036044873, 0.00100326933898, -0.00121368642431, 0.00159149966203, -0.00657276250422, 0.0183926988393, -0.00763102993369], [0.000449131068308, -0.00183023267891, 0.000722702010535, 0.000820439658128, 0.0012156435987, -0.0011414255714, 0.0013023490319, -0.00213582278229, -0.00130857306067, 0.000837422674522, -0.000819287379272, -0.00763102993369, 0.0187832117081]]
    },
    "melbands": {
        "dmean": [0.00141925457865, 0.00154777243733, 0.0008933559875, 0.000376617506845, 0.000202631461434, 0.000142334596603, 0.000141625787364, 0.000141735799843, 0.00015975725546, 0.000158295762958, 0.000147329905303, 0.000131093154778, 0.000124228114146, 0.000103330537968, 9.55590148806e-05, 8.2339734945e-05, 5.76034144615e-05, 5.31158912054e-05, 4.57053392893e-05, 4.31764274254e-05, 3.73217335436e-05, 3.45385051332e-05, 3.00449592032e-05, 1.87661826203e-05, 1.65844212461e-05, 1.39360490721e-05, 1.13432161015e-05, 1.12586621981e-05, 9.36571632337e-06, 8.10472010926e-06, 6.50229685561e-06, 6.4705332079e-06, 5.60847911402e-06, 4.468615316e-06, 3.77440892407e-06, 3.40951532962e-06, 2.65312223746e-06, 2.39561336457e-06, 1.78241600679e-06, 1.41372288454e-06],
        "dmean2": [0.00230410462245, 0.00247037014924, 0.00149579322897, 0.000643132836558, 0.000353563285898, 0.000248889904469, 0.000243202564889, 0.00023989212059, 0.000267922936473, 0.000261235283688, 0.000239123517531, 0.000215213731281, 0.000198837675271, 0.000167190635693, 0.000157125890837, 0.000135591675644, 9.45160063566e-05, 8.88506183401e-05, 7.65748336562e-05, 7.19743984519e-05, 6.26376786386e-05, 5.85220950597e-05, 5.06417381985e-05, 3.12997908622e-05, 2.7811191103e-05, 2.32351703744e-05, 1.90429891518e-05, 1.87147597899e-05, 1.57283193403e-05, 1.38072155096e-05, 1.09790462375e-05, 1.09716047518e-05, 9.54501683736e-06, 7.4763684097e-06, 6.28457246421e-06, 5.7203437791e-06, 4.42101190856e-06, 3.98834572479e-06, 2.92664958579e-06, 2.34117783293e-06],
        "dvar": [3.32491913468e-06, 4.8160809456e-06, 2.81237657873e-06, 5.74124669583e-07, 1.40635350476e-07, 5.61086359596e-08, 5.17203702088e-08, 4.65571865504e-08, 5.16066336331e-08, 5.20268024218e-08, 4.62602578466e-08, 4.26401705056e-08, 4.70912731032e-08, 2.75506533143e-08, 2.27889564997e-08, 1.71440337482e-08, 9.47376488369e-09, 7.37325311917e-09, 6.29600904745e-09, 6.9145333903e-09, 4.37761205063e-09, 3.18542969779e-09, 2.36831798617e-09, 8.52077630675e-10, 6.61951438108e-10, 4.82303419425e-10, 3.05744096707e-10, 3.28818194895e-10, 1.55392115841e-10, 1.2679313155e-10, 6.83587075834e-11, 7.37067906709e-11, 5.59048710103e-11, 3.24929597117e-11, 2.32389732457e-11, 2.1137622902e-11, 1.19652048686e-11, 1.03282781633e-11, 6.57762169384e-12, 5.52510207724e-12],
        "dvar2": [8.55964844959e-06, 1.14598769869e-05, 7.47026842873e-06, 1.49263917137e-06, 3.80334000738e-07, 1.62409051541e-07, 1.41558189171e-07, 1.21085861338e-07, 1.31624446453e-07, 1.29226080503e-07, 1.09698660822e-07, 1.02014951153e-07, 1.0646296289e-07, 6.19308977434e-08, 5.40824380835e-08, 4.08375804284e-08, 2.21774794085e-08, 1.87338979885e-08, 1.6610970377e-08, 1.74148020449e-08, 1.10070521586e-08, 8.58399129555e-09, 6.17179063411e-09, 2.10046646743e-09, 1.73287517669e-09, 1.26076604712e-09, 7.70791208637e-10, 8.71530458912e-10, 4.16271433989e-10, 3.38769845509e-10, 1.85984352918e-10, 2.03165859136e-10, 1.53817111825e-10, 8.69042546259e-11, 6.20432039078e-11, 5.69974449582e-11, 3.17965861973e-11, 2.69522286434e-11, 1.71986001829e-11, 1.40990049496e-11],
        "max": [0.0272297058254, 0.0225992389023, 0.0193848572671, 0.0124640185386, 0.00572281470522, 0.00363091914915, 0.00429366668686, 0.00359999667853, 0.00441010342911, 0.00447821663693, 0.00486783729866, 0.00697459839284, 0.00793805997819, 0.00528950989246, 0.00445984862745, 0.00322202104144, 0.0027042212896, 0.00237633637153, 0.00254686432891, 0.00246390025131, 0.00229848339222, 0.00124760484323, 0.000940945174079, 0.00097229948733, 0.000639760750346, 0.000873173121363, 0.000579215935431, 0.00100187771022, 0.000246622134, 0.000298485450912, 0.000227628697758, 0.000160535782925, 0.000130612592329, 0.000112114619697, 8.08390177554e-05, 7.26476573618e-05, 6.46301268716e-05, 6.2562248786e-05, 4.9140133342e-05, 0.000102824349597],
        "mean": [0.00255543878302, 0.00230712466873, 0.000982078141533, 0.0004091609444, 0.000242779773544, 0.000190324019059, 0.000197429326363, 0.00020452485478, 0.000240367968217, 0.000254947546637, 0.000239308501477, 0.000215050516999, 0.000211908583879, 0.000176802117494, 0.000160308132763, 0.000140798452776, 9.63190905168e-05, 8.73370081536e-05, 7.38953312975e-05, 7.00126620359e-05, 6.0632090026e-05, 5.54762445972e-05, 5.03294577356e-05, 3.42080202245e-05, 3.13099371851e-05, 2.68453131866e-05, 2.27096716117e-05, 2.3387501642e-05, 1.95272550627e-05, 1.64401026268e-05, 1.4305818695e-05, 1.37324204843e-05, 1.21799121189e-05, 1.04974842543e-05, 9.19483773032e-06, 8.23238224257e-06, 6.79127742842e-06, 6.12980875303e-06, 4.65560333396e-06, 3.66275753549e-06],
        "median": [0.00163274328224, 0.00131773762405, 0.000370702357031, 0.000163023913046, 0.000121377917822, 0.000111801396997, 0.000118642463349, 0.000122770434245, 0.000146067759488, 0.000151562242536, 0.000141289812746, 0.000125306803966, 0.000106447332655, 9.7903306596e-05, 9.46298823692e-05, 8.27685726108e-05, 5.75269150431e-05, 5.60118933208e-05, 4.46289704996e-05, 4.13679736084e-05, 3.74524097424e-05, 3.50016707671e-05, 3.20941435348e-05, 2.42822643486e-05, 2.27809523494e-05, 2.04552507057e-05, 1.76479916263e-05, 1.83490046766e-05, 1.59523078764e-05, 1.35198133648e-05, 1.22416149679e-05, 1.15980838018e-05, 1.0224934158e-05, 9.23586958379e-06, 7.88243232819e-06, 6.86685325491e-06, 5.70839074499e-06, 4.8885308388e-06, 3.86625879401e-06, 3.01535555991e-06],
        "min": [1.17342606057e-24, 9.47038264948e-25, 1.65338865822e-24, 1.17160911669e-24, 1.28824259595e-24, 1.13078487459e-24, 1.62461357619e-24, 1.57048233531e-24, 1.59168188745e-24, 1.81215154995e-24, 1.15414334181e-24, 1.44235939278e-24, 1.14457909359e-24, 2.27067399288e-24, 2.32645730572e-24, 3.03234187662e-24, 3.23914373508e-24, 2.73941672049e-24, 3.28377728788e-24, 3.35212991595e-24, 3.03359320724e-24, 4.03689431384e-24, 2.96005145213e-24, 3.75921606407e-24, 4.18488185865e-24, 4.20185498989e-24, 3.64441353096e-24, 3.65299594318e-24, 3.57498746041e-24, 2.79145984656e-24, 4.72634493994e-24, 4.75244913615e-24, 4.59414368514e-24, 5.73529212126e-24, 5.81175483108e-24, 5.74616262453e-24, 4.69527999192e-24, 6.60467679224e-24, 6.20157281398e-24, 5.9702054325e-24],
        "var": [8.06795105746e-06, 7.86845885159e-06, 2.75467073152e-06, 5.47090678538e-07, 1.49389691728e-07, 6.27725995628e-08, 6.6522510167e-08, 6.62653008021e-08, 8.01084780733e-08, 9.60596082678e-08, 9.09624091605e-08, 8.75774688325e-08, 1.24447140593e-07, 6.38245083451e-08, 4.74454431298e-08, 3.48561961516e-08, 1.94655527253e-08, 1.20349339383e-08, 9.74355085503e-09, 1.12392415375e-08, 7.08786718207e-09, 5.08261033261e-09, 4.07390121637e-09, 1.56703183762e-09, 1.52181345303e-09, 7.92196475086e-10, 5.46013290137e-10, 6.45989817194e-10, 3.08244568759e-10, 2.41511283194e-10, 1.54720750101e-10, 1.47038325959e-10, 1.17479095896e-10, 8.21961110287e-11, 6.52139800494e-11, 5.63508649465e-11, 3.69942722289e-11, 3.42180728197e-11, 1.96153874393e-11, 1.47761039515e-11]
    },
    "mfcc": {
        "mean": [-579.723327637, 86.2077026367, -5.27769947052, 8.72094249725, 1.75830388069, 10.653678894, 7.33146810532, 9.65328407288, 5.72095966339, 5.98510408401, 3.00967335701, 4.79616355896, 1.14992630482],
        "cov": [[8502.34179688, -1094.32080078, 122.938713074, 544.589477539, 52.6341896057, 172.904510498, -142.334823608, 206.912704468, 59.488407135, 28.0953559875, -74.9531021118, -100.247749329, -61.7194023132], [-1094.32080078, 1558.12805176, -274.702331543, -326.256561279, -94.9640808105, -115.929450989, 29.9680290222, -117.982841492, -18.0206775665, -12.3683795929, 6.58439397812, 34.2111968994, 18.5140514374], [122.938713074, -274.702331543, 603.260314941, 208.694000244, 143.634033203, 107.957252502, 84.097946167, 61.5582199097, 20.0286140442, 38.0337905884, 14.0700931549, -19.3051509857, -18.8867321014], [544.589477539, -326.256561279, 208.694000244, 354.683807373, 117.309753418, 86.9051742554, 2.68934130669, 68.8218078613, 27.8718261719, 23.9694728851, 4.27150678635, -19.0926132202, -4.5123128891], [52.6341896057, -94.9640808105, 143.634033203, 117.309753418, 187.539215088, 81.366973877, 39.1756896973, 47.3750953674, 32.7920188904, 23.3231315613, 7.58933401108, 2.71964812279, 1.83434855938], [172.904510498, -115.929450989, 107.957252502, 86.9051742554, 81.366973877, 149.75769043, 44.3109664917, 53.5221366882, 19.7789611816, 26.2549571991, 11.4946184158, 2.03527116776, 0.0240544881672], [-142.334823608, 29.9680290222, 84.097946167, 2.68934130669, 39.1756896973, 44.3109664917, 141.697143555, 40.7797164917, 22.8058395386, 12.0487260818, 20.9055080414, 4.82447290421, 12.4071464539], [206.912704468, -117.982841492, 61.5582199097, 68.8218078613, 47.3750953674, 53.5221366882, 40.7797164917, 122.734329224, 56.3707962036, 22.3753051758, 9.36184215546, 3.96811628342, 11.5381813049], [59.488407135, -18.0206775665, 20.0286140442, 27.8718261719, 32.7920188904, 19.7789611816, 22.8058395386, 56.3707962036, 104.967895508, 47.6454772949, 18.5101013184, -2.42622566223, 9.10762310028], [28.0953559875, -12.3683795929, 38.0337905884, 23.9694728851, 23.3231315613, 26.2549571991, 12.0487260818, 22.3753051758, 47.6454772949, 89.1021194458, 36.9662017822, 10.4542942047, 2.05293512344], [-74.9531021118, 6.58439397812, 14.0700931549, 4.27150678635, 7.58933401108, 11.4946184158, 20.9055080414, 9.36184215546, 18.5101013184, 36.9662017822, 76.7066802979, 33.2162132263, 8.94025039673], [-100.247749329, 34.2111968994, -19.3051509857, -19.0926132202, 2.71964812279, 2.03527116776, 4.82447290421, 3.96811628342, -2.42622566223, 10.4542942047, 33.2162132263, 76.4082641602, 29.1764450073], [-61.7194023132, 18.5140514374, -18.8867321014, -4.5123128891, 1.83434855938, 0.0240544881672, 12.4071464539, 11.5381813049, 9.10762310028, 2.05293512344, 8.94025039673, 29.1764450073, 72.8137969971]],
