{
"lowlevel": {
    "average_loudness": 0.93216663599,
    "barkbands_crest": {
        "dmean": 3.47288680077,
        "dmean2": 5.64002990723,
        "dvar": 10.4484386444,
        "dvar2": 26.9964389801,
        "max": 26.5767478943,
        "mean": 9.33367443085,
        "median": 8.06318378448,
        "min": 1.8335698843,
        "var": 25.5356845856
    },
    "barkbands_flatness_db": {
        "dmean": 0.0248833075166,
        "dmean2": 0.0387349016964,
        "dvar": 0.000800267560408,
        "dvar2": 0.00167554814834,
        "max": 0.778527319431,
        "mean": 0.0884357839823,
        "median": 0.0630367770791,
        "min": 0.0087130703032,
        "var": 0.00829086545855
    },
    "barkbands_kurtosis": {
        "dmean": 5.37085199356,
        "dmean2": 9.04755592346,
        "dvar": 1803.64343262,
        "dvar2": 5160.47363281,
        "max": 2073.26147461,
        "mean": 5.62246179581,
        "median": -0.509741306305,
        "min": -1.89657115936,
        "var": 2335.52563477
    },
    "barkbands_skewness": {
        "dmean": 0.699759066105,
        "dmean2": 1.10465312004,
        "dvar": 1.29887628555,
        "dvar2": 3.31744527817,
        "max": 39.361743927,
        "mean": 0.954502463341,
        "median": 0.677353143692,
        "min": -5.13419675827,
        "var": 3.442456007
    },
    "barkbands_spread": {
        "dmean": 9.70527648926,
        "dmean2": 16.0448131561,
        "dvar": 101.770324707,
        "dvar2": 269.058197021,
        "max": 115.310646057,
        "mean": 43.3126296997,
        "median": 45.9942398071,
        "min": 0.0739161446691,
        "var": 352.043334961
    },
    "dissonance": {
        "dmean": 0.0108609739691,
        "dmean2": 0.0187205784023,
        "dvar": 0.00016328242782,
        "dvar2": 0.00045170087833,
        "max": 0.500000119209,
        "mean": 0.484834671021,
        "median": 0.48886308074,
        "min": 0.206478506327,
        "var": 0.000261871144176
    },
    "dynamic_complexity": 2.36106729507,
    "erbbands_crest": {
        "dmean": 2.04035687447,
        "dmean2": 3.41166973114,
        "dvar": 5.266933918,
        "dvar2": 13.6718645096,
        "max": 30.2122631073,
        "mean": 6.40451955795,
        "median": 5.12260723114,
        "min": 2.00714468956,
        "var": 14.7146816254
    },
    "erbbands_flatness_db": {
        "dmean": 0.0154167320579,
        "dmean2": 0.0241880491376,
        "dvar": 0.000299209263176,
        "dvar2": 0.00069543014979,
        "max": 0.544714689255,
        "mean": 0.117589607835,
        "median": 0.0961687043309,
        "min": 0.0258858278394,
        "var": 0.00394435646012
    },
    "erbbands_kurtosis": {
        "dmean": 1.05118119717,
        "dmean2": 1.7869399786,
        "dvar": 13.8795366287,
        "dvar2": 40.681552887,
        "max": 167.669006348,
        "mean": 0.547106683254,
        "median": -0.471372961998,
        "min": -1.83224081993,
        "var": 44.1848220825
    },
    "erbbands_skewness": {
        "dmean": 0.362305819988,
        "dmean2": 0.584902763367,
        "dvar": 0.177381575108,
        "dvar2": 0.440018028021,
        "max": 10.0189123154,
        "mean": -0.0761484354734,
        "median": -0.153698205948,
        "min": -5.00537204742,
        "var": 0.778925776482
    },
    "erbbands_spread": {
        "dmean": 9.24495697021,
        "dmean2": 14.6938705444,
        "dvar": 118.997756958,
        "dvar2": 292.190368652,
        "max": 177.998931885,
        "mean": 45.6809806824,
        "median": 44.9081993103,
        "min": 0.81350505352,
        "var": 348.253936768
    },
    "hfc": {
        "dmean": 15.9058246613,
        "dmean2": 26.1102275848,
        "dvar": 333.017700195,
        "dvar2": 926.534362793,
        "max": 194.675338745,
        "mean": 47.0359573364,
        "median": 42.8203735352,
        "min": 1.03582163577e-16,
        "var": 1019.45318604
    },
    "melbands_crest": {
        "dmean": 4.80121135712,
        "dmean2": 7.85348558426,
        "dvar": 19.9392032623,
        "dvar2": 50.488948822,
        "max": 39.9170074463,
        "mean": 15.3904237747,
        "median": 14.2552118301,
        "min": 1.4514875412,
        "var": 57.3587875366
    },
    "melbands_flatness_db": {
        "dmean": 0.0365826152265,
        "dmean2": 0.0565447881818,
        "dvar": 0.00145479512867,
        "dvar2": 0.003292911686,
        "max": 0.973258793354,
        "mean": 0.139209255576,
        "median": 0.119816996157,
        "min": 0.00213360181078,
        "var": 0.011673185043
    },
    "melbands_kurtosis": {
        "dmean": 35.3804855347,
        "dmean2": 57.9870147705,
        "dvar": 744602.0625,
        "dvar2": 1912877.375,
        "max": 68804.2421875,
        "mean": 36.0586738586,
        "median": 4.3236913681,
        "min": -1.82490003109,
        "var": 567622.875
    },
    "melbands_skewness": {
        "dmean": 1.15448737144,
        "dmean2": 1.78507101536,
        "dvar": 9.79516887665,
        "dvar2": 20.2876224518,
        "max": 189.636184692,
        "mean": 2.65887928009,
        "median": 2.02839231491,
        "min": -3.21251440048,
        "var": 16.0131950378
    },
    "melbands_spread": {
        "dmean": 15.5419864655,
        "dmean2": 25.6057720184,
        "dvar": 265.29776001,
        "dvar2": 704.562255859,
        "max": 237.707855225,
        "mean": 46.1012229919,
        "median": 42.7506713867,
        "min": 0.00594888813794,
        "var": 779.25012207
    },
    "pitch_salience": {
        "dmean": 0.101977057755,
        "dmean2": 0.160563439131,
        "dvar": 0.00953410100192,
        "dvar2": 0.022102182731,
        "max": 0.982193112373,
        "mean": 0.567099452019,
        "median": 0.595839619637,
        "min": 0.00427853921428,
        "var": 0.0241884477437
    },
    "silence_rate_20dB": {
        "dmean": 0,
        "dmean2": 0,
        "dvar": 0,
        "dvar2": 0,
        "max": 1,
        "mean": 1,
        "median": 1,
        "min": 1,
        "var": 0
    },
    "silence_rate_30dB": {
        "dmean": 0,
        "dmean2": 0,
        "dvar": 0,
        "dvar2": 0,
        "max": 1,
        "mean": 1,
        "median": 1,
        "min": 1,
        "var": 0
    },
    "silence_rate_60dB": {
        "dmean": 0.0066170389764,
        "dmean2": 0.0132350726053,
        "dvar": 0.0065736901015,
        "dvar2": 0.0144083304331,
        "max": 1,
        "mean": 0.0480451136827,
        "median": 0,
        "min": 0,
        "var": 0.0457345806062
    },
    "spectral_centroid": {
        "dmean": 344.29788208,
        "dmean2": 553.101196289,
        "dvar": 135228.71875,
        "dvar2": 320897.375,
        "max": 11836.7519531,
        "mean": 2475.2331543,
        "median": 2439.32641602,
        "min": 47.4501190186,
        "var": 1875627.25
    },
    "spectral_complexity": {
        "dmean": 6.70471477509,
        "dmean2": 10.4266805649,
        "dvar": 48.6439094543,
        "dvar2": 112.508628845,
        "max": 63,
        "mean": 31.7425556183,
        "median": 34,
        "min": 0,
        "var": 246.451843262
    },
    "spectral_decrease": {
        "dmean": 1.83740433979e-09,
        "dmean2": 3.05820213597e-09,
        "dvar": 3.4920409768e-18,
        "dvar2": 9.71735222244e-18,
        "max": 1.05034986547e-15,
        "mean": -6.4495058183e-09,
        "median": -6.35922825509e-09,
        "min": -2.33651764603e-08,
        "var": 1.27663234167e-17
    },
    "spectral_energy": {
        "dmean": 0.00756629928946,
        "dmean2": 0.0125876907259,
        "dvar": 5.62986788282e-05,
        "dvar2": 0.000157603397383,
        "max": 0.0905514061451,
        "mean": 0.0286082495004,
        "median": 0.0289306640625,
        "min": 9.91788342761e-21,
        "var": 0.000231277823332
    },
    "spectral_energyband_high": {
        "dmean": 0.00145436788443,
        "dmean2": 0.00239722407423,
        "dvar": 3.01655791191e-06,
        "dvar2": 8.42074950924e-06,
        "max": 0.0207083374262,
        "mean": 0.00385605427437,
        "median": 0.00342422956601,
        "min": 6.86971075345e-21,
        "var": 9.62324520515e-06
    },
    "spectral_energyband_low": {
        "dmean": 0.00622360315174,
        "dmean2": 0.00999492313713,
        "dvar": 5.82356951782e-05,
        "dvar2": 0.000146602789755,
        "max": 0.0807516649365,
        "mean": 0.0110461600125,
        "median": 0.00822420045733,
        "min": 9.61987790469e-24,
        "var": 0.000122283774544
    },
    "spectral_energyband_middle_high": {
        "dmean": 0.00295097474009,
        "dmean2": 0.00485204067081,
        "dvar": 1.21845223475e-05,
        "dvar2": 3.20993458445e-05,
        "max": 0.053306017071,
        "mean": 0.00742429541424,
        "median": 0.00672725308686,
        "min": 1.18498519997e-21,
        "var": 2.93608318316e-05
    },
    "spectral_energyband_middle_low": {
        "dmean": 0.00352500705048,
        "dmean2": 0.00571523513645,
        "dvar": 1.91216640815e-05,
        "dvar2": 4.80974595121e-05,
        "max": 0.0426406525075,
        "mean": 0.00685164146125,
        "median": 0.00557718984783,
        "min": 1.51024037669e-22,
        "var": 3.26130029862e-05
    },
    "spectral_entropy": {
        "dmean": 0.112714968622,
        "dmean2": 0.177589729428,
        "dvar": 0.0218793526292,
        "dvar2": 0.0512833632529,
        "max": 9.82272815704,
        "mean": 8.15850830078,
        "median": 8.29134368896,
        "min": 3.30757427216,
        "var": 0.307408422232
    },
    "spectral_flux": {
        "dmean": 0.0205343198031,
        "dmean2": 0.0327640473843,
        "dvar": 0.000434719666373,
        "dvar2": 0.0010037162574,
        "max": 0.260086029768,
        "mean": 0.106351360679,
        "median": 0.109372921288,
        "min": 6.33719951515e-11,
        "var": 0.00172675726935
    },
    "spectral_kurtosis": {
        "dmean": 1.1528621912,
        "dmean2": 1.93411982059,
        "dvar": 70.1566696167,
        "dvar2": 184.306625366,
        "max": 751.220153809,
        "mean": 3.58692622185,
        "median": 2.17150616646,
        "min": -1.42492246628,
        "var": 144.943710327
    },
    "spectral_rms": {
        "dmean": 0.000715976348147,
        "dmean2": 0.00118333869614,
        "dvar": 4.9655420753e-07,
        "dvar2": 1.37479401019e-06,
        "max": 0.00939908716828,
        "mean": 0.00499791931361,
        "median": 0.00531272403896,
        "min": 3.11062438828e-12,
        "var": 2.9311875096e-06
    },
    "spectral_rolloff": {
        "dmean": 1244.40625,
        "dmean2": 2095.66552734,
        "dvar": 2035073.25,
        "dvar2": 5164808.5,
        "max": 19659.8144531,
        "mean": 3624.19067383,
        "median": 3229.98046875,
        "min": 21.533203125,
        "var": 8651316
    },
    "spectral_skewness": {
        "dmean": 0.150660574436,
        "dmean2": 0.24957819283,
        "dvar": 0.100616946816,
        "dvar2": 0.246287763119,
        "max": 25.1231613159,
        "mean": 1.27561533451,
        "median": 1.20131134987,
        "min": -0.244300246239,
        "var": 0.581746816635
    },
    "spectral_spread": {
        "dmean": 573484.375,
        "dmean2": 914720.5625,
        "dvar": 578437709824,
        "dvar2": 1.36593853645e+12,
        "max": 42704540,
        "mean": 6543446,
        "median": 6216033,
        "min": 307881.4375,
        "var": 2.47628080087e+13
    },
    "spectral_strongpeak": {
        "dmean": 0.403771668673,
        "dmean2": 0.707929134369,
        "dvar": 0.684847295284,
        "dvar2": 1.82080316544,
        "max": 19.6418952942,
        "mean": 0.582490921021,
        "median": 0.277623057365,
        "min": 0,
        "var": 1.04146230221
    },
    "zerocrossingrate": {
        "dmean": 0.0164270158857,
        "dmean2": 0.0204582419246,
        "dvar": 0.000308382295771,
        "dvar2": 0.000451859086752,
        "max": 0.7490234375,
        "mean": 0.119648732245,
        "median": 0.1123046875,
        "min": 0.0009765625,
        "var": 0.00487860897556
    },
    "barkbands": {
        "dmean": [0.000379265809897, 0.0055392915383, 0.00182146672159, 0.000921224243939, 0.00132055813447, 0.000808830140159, 0.00070266466355, 0.000787581549957, 0.00108232407365, 0.000592912256252, 0.000438371003838, 0.000439932278823, 0.000528614211362, 0.000466548342956, 0.000495490909088, 0.000467782199848, 0.000352019065758, 0.000456904323073, 0.000483103562146, 0.000360271165846, 0.00035831038258, 0.000336832046742, 0.000292575481581, 0.000262082612608, 0.000203168092412, 0.000114625006972, 3.95013594243e-05],
        "dmean2": [0.000558454426937, 0.00919367931783, 0.00312481145374, 0.00162430491764, 0.00228842440993, 0.00138529180549, 0.00119608954992, 0.00136400840711, 0.00185140990652, 0.00100636901334, 0.000736060203053, 0.000721766846254, 0.000881655549165, 0.000792930193711, 0.000852360855788, 0.000803426315542, 0.000595677644014, 0.000768196652643, 0.000824196147732, 0.000602665415499, 0.000604491389822, 0.000571341079194, 0.000495524087455, 0.000439549563453, 0.000329843343934, 0.000184622695087, 6.32611045148e-05],
        "dvar": [5.28388909515e-07, 5.22658738191e-05, 1.01995801742e-05, 2.76653213405e-06, 5.54001053388e-06, 1.4935191075e-06, 1.13320322725e-06, 2.48158175964e-06, 2.36239088736e-06, 1.10875896553e-06, 5.68912923882e-07, 5.55129531676e-07, 7.21574508589e-07, 6.12459132299e-07, 9.25684560116e-07, 6.17394618985e-07, 2.33669084082e-07, 8.28277450182e-07, 9.4411052487e-07, 2.37299019545e-07, 1.95189144847e-07, 1.55444169536e-07, 1.40233680668e-07, 1.26453286953e-07, 7.36704848237e-08, 3.56996991968e-08, 3.71047748082e-09],
        "dvar2": [1.09924997105e-06, 0.000137475639349, 2.65665294137e-05, 7.61760611567e-06, 1.50498926814e-05, 3.89534807255e-06, 3.076171879e-06, 6.890912573e-06, 6.46264879833e-06, 2.97161477647e-06, 1.49555819462e-06, 1.30146520405e-06, 1.86388615475e-06, 1.78102993686e-06, 2.51650931204e-06, 1.65211747571e-06, 6.21739388862e-07, 2.2260028345e-06, 2.45051069214e-06, 6.32241892617e-07, 5.36514392024e-07, 4.31737873896e-07, 3.97244292571e-07, 3.52378179969e-07, 1.99839078618e-07, 9.78282415076e-08, 9.66465929508e-09],
        "max": [0.011011631228, 0.0744582638144, 0.0447857156396, 0.0232860650867, 0.0264495015144, 0.0163374133408, 0.0136928148568, 0.0219689272344, 0.0180912408978, 0.0266440995038, 0.0156951304525, 0.0144285093993, 0.0155377015471, 0.0189364310354, 0.0199301410466, 0.0130817256868, 0.0115164229646, 0.0380391031504, 0.034050732851, 0.0117259342223, 0.00638576643541, 0.00760792847723, 0.00669332174584, 0.0070244143717, 0.00588834006339, 0.00737602403387, 0.00159572996199],
        "mean": [0.000734798726626, 0.00808416400105, 0.00179970334284, 0.000836524588522, 0.00145126855932, 0.000974631053396, 0.000937734381296, 0.000955245574005, 0.00144446385093, 0.000848235678859, 0.00061336561339, 0.000640022743028, 0.000836280873045, 0.000686547602527, 0.000697055831552, 0.000705743441358, 0.000575472775381, 0.000773519044742, 0.000846554990858, 0.000690730230417, 0.000736771326046, 0.000704935402609, 0.000618571473751, 0.000573027413338, 0.000475850247312, 0.000277847895632, 8.91781819519e-05],
        "median": [0.00013328489149, 0.00488223647699, 0.000606781512033, 0.000319755112287, 0.000603218679316, 0.000490719627123, 0.000522565678693, 0.000402845151257, 0.000833167578094, 0.000368094304577, 0.000318157195579, 0.000353815121343, 0.000506801530719, 0.000416086375481, 0.000397111376515, 0.000430953456089, 0.000387199164834, 0.000521834299434, 0.000605522771366, 0.000499946647324, 0.000575717946049, 0.000587700109463, 0.000514199025929, 0.000484060961753, 0.000393239082769, 0.000214507890632, 5.08534030814e-05],
        "min": [2.78184328699e-25, 2.65718763466e-24, 3.7256261202e-25, 2.57104806673e-25, 8.65659512016e-24, 5.35784584394e-24, 7.27788319458e-24, 4.68085054267e-24, 3.57199452214e-24, 1.12881120377e-23, 1.41388754889e-23, 2.63059615907e-23, 2.8033324004e-23, 3.2165686659e-23, 3.47168249611e-23, 4.41568867556e-23, 4.49752005716e-23, 8.04098479357e-23, 1.07762880383e-22, 1.49682847912e-22, 2.51836056357e-22, 2.50879098659e-22, 3.79321835144e-22, 5.65926440512e-22, 8.62689804117e-22, 1.09356881758e-21, 1.88844606832e-21],
        "var": [1.62466824349e-06, 8.6276588263e-05, 1.00849929368e-05, 2.17734918806e-06, 5.19983814229e-06, 1.92178526959e-06, 1.57290776315e-06, 2.65755829787e-06, 3.17522017212e-06, 1.95413667825e-06, 8.62029935433e-07, 8.73591716299e-07, 1.1467046761e-06, 8.88492365902e-07, 1.02186288586e-06, 7.91906529685e-07, 4.01572151532e-07, 1.06544950995e-06, 1.3843035731e-06, 4.86489625473e-07, 4.54441959619e-07, 3.90839574038e-07, 3.02575159594e-07, 2.66926463155e-07, 1.93126695081e-07, 8.37172962065e-08, 1.1019603896e-08]
    },
    "erbbands": {
        "dmean": [0.183263644576, 1.19736611843, 2.02488684654, 2.54456830025, 3.54877185822, 4.84853076935, 5.59064054489, 7.5791182518, 9.29154491425, 13.0410413742, 17.511051178, 25.3155460358, 19.2460975647, 16.6923332214, 18.0059337616, 16.4996337891, 22.4676837921, 21.8600883484, 27.4076137543, 24.4198055267, 22.970998764, 18.7937297821, 21.5322914124, 28.1410923004, 20.4624214172, 16.8670368195, 14.6737203598, 14.8066492081, 12.6015834808, 10.2742414474, 8.1581735611, 5.9102101326, 4.31660747528, 2.63737130165, 1.38906502724, 0.578338742256, 0.202759668231, 0.0585200749338, 0.0067815319635, 9.95918526314e-05],
        "dmean2": [0.299841463566, 1.98844635487, 3.336332798, 4.32349872589, 6.04781675339, 8.51196575165, 9.9891204834, 12.9033288956, 15.9427518845, 22.2656440735, 30.5985393524, 43.414768219, 32.6362266541, 28.0162143707, 29.9069824219, 26.8799343109, 37.0070915222, 36.648223877, 47.6882820129, 41.7260398865, 39.0408325195, 31.4237289429, 36.132183075, 47.6324501038, 34.7526664734, 28.1928062439, 24.6810417175, 25.1702461243, 21.5246086121, 17.3835792542, 13.8229255676, 9.91580581665, 7.25885391235, 4.36421108246, 2.25134325027, 0.939255774021, 0.32984316349, 0.0928240939975, 0.0109436968341, 0.000159840274137],
        "dvar": [0.0754818990827, 2.76429843903, 10.8379554749, 19.1159801483, 41.0202674866, 80.8668823242, 90.7227706909, 153.586975098, 209.066741943, 500.745330811, 1309.19592285, 1320.73254395, 866.501159668, 952.330749512, 885.796630859, 852.733642578, 1296.08703613, 1444.50073242, 3047.85839844, 2599.14648438, 1074.9777832, 655.020385742, 1384.93115234, 4863.36376953, 998.818237305, 482.270965576, 374.175750732, 339.714141846, 223.980377197, 164.949462891, 109.376823425, 60.528591156, 41.9387817383, 15.1871194839, 3.10456752777, 0.743081450462, 0.128218799829, 0.00752251036465, 0.000103216611024, 1.98040108756e-08],
        "dvar2": [0.199884697795, 6.99825620651, 26.4623069763, 49.8548431396, 106.839553833, 228.720581055, 262.628143311, 386.115814209, 573.408691406, 1394.85424805, 3673.67871094, 3607.20678711, 2363.20141602, 2516.57446289, 2266.65283203, 1931.50878906, 3276.63769531, 4171.56396484, 8519.35644531, 6956.72851562, 2874.3515625, 1732.37548828, 3705.22192383, 13010.3183594, 2487.99755859, 1287.59155273, 1014.10412598, 950.375915527, 627.757385254, 463.557189941, 309.979309082, 168.804489136, 118.665153503, 41.635597229, 8.35353565216, 2.00646567345, 0.35597422719, 0.0194217618555, 0.000266418443061, 5.06725648108e-08],
        "max": [2.97926688194, 18.8309268951, 49.9492950439, 46.5635986328, 121.577430725, 120.370285034, 110.259269714, 204.941711426, 217.200302124, 440.737884521, 619.033081055, 504.863830566, 577.215576172, 578.45880127, 810.122497559, 637.476196289, 621.735656738, 1074.28222656, 1353.39599609, 1114.25817871, 686.217224121, 573.721191406, 1205.08886719, 2450.68041992, 1438.3223877, 434.611938477, 574.291137695, 254.008972168, 291.754119873, 176.31980896, 159.961349487, 132.136871338, 212.926483154, 115.759651184, 25.0236701965, 23.1314678192, 14.7433824539, 2.14688014984, 0.272688627243, 0.00360714783892],
        "mean": [0.29430142045, 1.53095495701, 2.33594512939, 2.61876583099, 3.71704339981, 4.91418838501, 5.74415159225, 9.18962860107, 12.3672742844, 17.6940727234, 21.2299041748, 33.757144928, 29.3019218445, 24.9704608917, 27.3606700897, 25.942653656, 37.1950912476, 36.1224594116, 38.1020317078, 37.7527313232, 37.0958366394, 32.9944114685, 38.5932579041, 48.3850669861, 37.3428955078, 32.43800354, 29.9975452423, 29.5424156189, 25.4899711609, 21.14204216, 17.0834197998, 12.7562589645, 9.13458156586, 5.78681850433, 3.13065266609, 1.34109532833, 0.473612517118, 0.147206410766, 0.0144301932305, 0.000260019558482],
        "median": [0.13544690609, 0.811110019684, 0.982129216194, 1.11780357361, 1.45089137554, 1.90030157566, 2.70330476761, 4.51715517044, 6.73345470428, 9.11258125305, 9.38684177399, 19.6749668121, 16.3183479309, 11.7747678757, 16.2252483368, 15.4184980392, 23.4653930664, 24.5275859833, 23.3822250366, 23.3471755981, 24.6734657288, 23.1895198822, 27.8299484253, 31.9406013489, 28.2102584839, 23.628200531, 22.9493560791, 22.7648468018, 20.9629058838, 17.6870384216, 14.0165195465, 10.8317499161, 7.54133987427, 4.69113302231, 2.53005766869, 1.03771591187, 0.36017036438, 0.097542591393, 0.00776802375913, 0.000175942404894],
        "min": [7.20703764772e-23, 4.27874721869e-22, 8.02412349126e-22, 7.02977504874e-21, 8.01567821147e-21, 1.82928375215e-20, 4.07109701606e-20, 6.67821488735e-20, 1.39782098089e-19, 1.55687798992e-19, 2.16990335134e-19, 1.77287449339e-19, 4.26396173683e-19, 5.23818585248e-19, 7.42961993968e-19, 1.3001671397e-18, 1.36497456935e-18, 1.73039887234e-18, 2.27381486556e-18, 2.65962182942e-18, 2.91684584181e-18, 2.91457853975e-18, 5.14169058113e-18, 6.01797925229e-18, 7.43653155068e-18, 8.35220973543e-18, 9.68532957939e-18, 9.44151726666e-18, 9.61849173153e-18, 1.00749333023e-17, 1.08850607593e-17, 9.92909391564e-18, 8.25192566669e-18, 7.39576560855e-18, 6.05265466357e-18, 4.06349746221e-18, 2.1978896115e-18, 9.50269120206e-19, 2.38176395175e-19, 2.66175751283e-20],
        "var": [0.158450976014, 3.81890392303, 13.5752973557, 17.2616710663, 39.9462356567, 68.597328186, 75.6268692017, 205.072875977, 277.681091309, 650.037841797, 1292.85021973, 1759.59191895, 1551.80993652, 1611.47399902, 1467.54931641, 1395.31152344, 2174.38378906, 2142.4987793, 2935.41381836, 2817.25195312, 1631.07763672, 1210.02026367, 2013.68432617, 6521.5625, 1605.85754395, 1039.56958008, 808.832397461, 760.625061035, 535.677185059, 354.543884277, 236.318969727, 128.390258789, 78.665435791, 31.3806705475, 8.52812385559, 1.82851970196, 0.261395275593, 0.0252406597137, 0.000301881314954, 6.9463673924e-08]
    },
    "gfcc": {
        "mean": [20.5142688751, 29.1927871704, -106.618202209, 31.3604831696, -52.23046875, 19.7616424561, -28.9709701538, 16.424238205, -18.5069179535, 9.49184608459, -15.270277977, 3.44702863693, -13.291932106],
        "cov": [[46832, -1356.7175293, -3378.35180664, 515.340026855, -2346.72167969, 775.937194824, -1091.07714844, 691.742919922, -738.520874023, 566.550292969, -747.246459961, 429.593322754, -566.196228027], [-1356.7175293, 1251.35009766, 168.071365356, 106.12021637, 195.312332153, -109.922836304, 40.3870315552, -99.0103683472, 25.2952404022, -72.7622680664, 74.6056213379, -77.4670257568, 51.0660057068], [-3378.35180664, 168.071365356, 1948.89257812, 340.988616943, 481.663513184, 214.381271362, 308.416900635, 30.6216812134, 197.252761841, 133.931137085, 35.0053215027, 122.460418701, 69.8024215698], [515.340026855, 106.12021637, 340.988616943, 449.471252441, 157.738922119, 134.660995483, 82.520324707, 63.5928115845, 32.1886291504, 36.5956420898, -3.13294029236, 45.6540641785, 28.8843975067], [-2346.72167969, 195.312332153, 481.663513184, 157.738922119, 429.862182617, 79.7730636597, 190.896377563, 4.76997947693, 105.068527222, 16.528547287, 65.473777771, 11.0080327988, 56.3387145996], [775.937194824, -109.922836304, 214.381271362, 134.660995483, 79.7730636597, 253.430221558, 118.857543945, 82.1932067871, 36.1888618469, 70.5727386475, -6.00302219391, 51.1983032227, 0.262902826071], [-1091.07714844, 40.3870315552, 308.416900635, 82.520324707, 190.896377563, 118.857543945, 235.158721924, 73.7652893066, 93.8899230957, 42.005607605, 41.6866111755, 30.4410476685, 34.0757598877], [691.742919922, -99.0103683472, 30.6216812134, 63.5928115845, 4.76997947693, 82.1932067871, 73.7652893066, 146.178222656, 60.5909919739, 54.1992912292, 10.0460577011, 35.7278671265, 4.02178859711], [-738.520874023, 25.2952404022, 197.252761841, 32.1886291504, 105.068527222, 36.1888618469, 93.8899230957, 60.5909919739, 136.175140381, 66.5914916992, 36.1704483032, 17.5557003021, 26.0129432678], [566.550292969, -72.7622680664, 133.931137085, 36.5956420898, 16.528547287, 70.5727386475, 42.005607605, 54.1992912292, 66.5914916992, 120.361946106, 38.6809997559, 48.4940299988, -0.476198911667], [-747.246459961, 74.6056213379, 35.0053215027, -3.13294029236, 65.473777771, -6.00302219391, 41.6866111755, 10.0460577011, 36.1704483032, 38.6809997559, 107.854225159, 38.3552207947, 27.6945056915], [429.593322754, -77.4670257568, 122.460418701, 45.6540641785, 11.0080327988, 51.1983032227, 30.4410476685, 35.7278671265, 17.5557003021, 48.4940299988, 38.3552207947, 112.592353821, 46.6476860046], [-566.196228027, 51.0660057068, 69.8024215698, 28.8843975067, 56.3387145996, 0.262902826071, 34.0757598877, 4.02178859711, 26.0129432678, -0.476198911667, 27.6945056915, 46.6476860046, 87.2769775391]],
        "icov": [[7.94612060417e-05, -0.00011743108189, 0.000149145780597, -9.9996876088e-05, 0.000110789093014, -0.000128244209918, 0.000165079400176, -0.000286785681965, 0.000355929514626, -0.000634362222627, 0.000690980814397, -0.000576525460929, 0.000354979332769], [-0.00011743108189, 0.00130619574338, -0.000311063311528, -0.000322591949953, -0.000146925100125, 0.000472400482977, -0.000359966681572, 0.000995704089291, -0.000736113579478, 0.0014562344877, -0.00218758522533, 0.00212551094592, -0.00119698827621], [0.000149145780597, -0.000311063311528, 0.00126670242753, -0.000499242974911, -0.000497044762596, -0.000150894906255, -0.000337051751558, 0.000396757212002, -5.95607853029e-05, -0.00180614436977, 0.00241674343124, -0.00244376459159, 0.00128348683938], [-9.9996876088e-05, -0.000322591949953, -0.000499242974911, 0.00364158768207, -0.00147951510735, -0.00100631034002, 0.00084365910152, -0.00151701865252, 0.000830499862786, 0.000302884203847, 0.000270653603366, 0.00013080755889, -0.000968946551438], [0.000110789093014, -0.000146925100125, -0.000497044762596, -0.00147951510735, 0.00627277465537, -0.00103431730531, -0.00255648605525, 0.00198758090846, -0.00216624420136, 0.00149813923053, -0.00213737506419, 0.00128796929494, -0.000803991279099], [-0.000128244209918, 0.000472400482977, -0.000150894906255, -0.00100631034002, -0.00103431730531, 0.00857899431139, -0.00403512176126, -0.00111405155621, 0.00252148485743, -0.00329610821791, 0.00206419965252, -0.000930109759793, 0.000686562736519], [0.000165079400176, -0.000359966681572, -0.000337051751558, 0.00084365910152, -0.00255648605525, -0.00403512176126, 0.0114877382293, -0.00423037493601, -0.00205865409225, 0.00126704247668, -0.000744984892663, -0.000380063371267, -0.000295906618703], [-0.000286785681965, 0.000995704089291, 0.000396757212002, -0.00151701865252, 0.00198758090846, -0.00111405155621, -0.00423037493601, 0.0146394409239, -0.00735837593675, 0.0022251137998, -0.00213399506174, -0.000570012954995, 0.000626212276984], [0.000355929514626, -0.000736113579478, -5.95607853029e-05, 0.000830499862786, -0.00216624420136, 0.00252148485743, -0.00205865409225, -0.00735837593675, 0.0208850502968, -0.0132813360542, 0.00377907557413, 0.00258422619663, -0.00383152696304], [-0.000634362222627, 0.0014562344877, -0.00180614436977, 0.000302884203847, 0.00149813923053, -0.00329610821791, 0.00126704247668, 0.0022251137998, -0.0132813360542, 0.0258659403771, -0.0119625963271, -0.000710353779141, 0.0030977758579], [0.000690980814397, -0.00218758522533, 0.00241674343124, 0.000270653603366, -0.00213737506419, 0.00206419965252, -0.000744984892663, -0.00213399506174, 0.00377907557413, -0.0119625963271, 0.0229342058301, -0.0112407114357, 0.00304172630422], [-0.000576525460929, 0.00212551094592, -0.00244376459159, 0.00013080755889, 0.00128796929494, -0.000930109759793, -0.000380063371267, -0.000570012954995, 0.00258422619663, -0.000710353779141, -0.0112407114357, 0.0254936311394, -0.014559562318], [0.000354979332769, -0.00119698827621, 0.00128348683938, -0.000968946551438, -0.000803991279099, 0.000686562736519, -0.000295906618703, 0.000626212276984, -0.00383152696304, 0.0030977758579, 0.00304172630422, -0.014559562318, 0.0223342478275]]
    },
    "melbands": {
        "dmean": [0.00154912122525, 0.0011376052862, 0.000431696709711, 0.000291757925879, 0.00020380593196, 0.000163820659509, 0.000140690390253, 0.000150644526002, 0.000151129541337, 0.000162080817972, 9.68394306256e-05, 7.10216336302e-05, 5.90063827985e-05, 5.17161461175e-05, 4.45521509391e-05, 5.73665565753e-05, 4.1054074245e-05, 4.74848675367e-05, 3.51292619598e-05, 3.49159527104e-05, 2.74681478913e-05, 2.12423874473e-05, 1.90176378965e-05, 2.27082855417e-05, 2.4723365641e-05, 1.77885704034e-05, 1.34381962198e-05, 1.18912175822e-05, 1.01704208646e-05, 9.13553958526e-06, 9.12637460715e-06, 8.03675993666e-06, 6.48954937787e-06, 5.93518370806e-06, 5.15649298904e-06, 4.27398663305e-06, 3.77705350729e-06, 3.43815281667e-06, 2.63828155767e-06, 2.27535247177e-06],
        "dmean2": [0.00255578244105, 0.00184572860599, 0.000710503838491, 0.000501488568261, 0.000363406987162, 0.000278494117083, 0.000241330606514, 0.000257466861513, 0.000265171722276, 0.000275894301012, 0.000164293553098, 0.000119319032819, 9.86729210126e-05, 8.48602721817e-05, 7.2428418207e-05, 9.5405303e-05, 6.91986060701e-05, 8.30574717838e-05, 5.98016667936e-05, 6.00092680543e-05, 4.69847473141e-05, 3.58182915079e-05, 3.21352163155e-05, 3.809723421e-05, 4.19807911385e-05, 3.03070773953e-05, 2.2781361622e-05, 1.99905953195e-05, 1.71340489032e-05, 1.5412331777e-05, 1.55957477546e-05, 1.38156610774e-05, 1.1025304957e-05, 1.00865181594e-05, 8.81169944478e-06, 7.17450757293e-06, 6.37187395114e-06, 5.83565679335e-06, 4.42833288616e-06, 3.79832181352e-06],
        "dvar": [4.27239274359e-06, 2.72192369266e-06, 4.85128737182e-07, 2.73486904234e-07, 1.29923364511e-07, 6.65009736167e-08, 4.62923708255e-08, 7.13619172643e-08, 9.82129222393e-08, 4.96571779252e-08, 2.30122818579e-08, 1.78793477801e-08, 9.89175852339e-09, 6.52068576912e-09, 1.01152375365e-08, 8.50988346457e-09, 5.63581759039e-09, 8.96510066184e-09, 4.31402114032e-09, 4.92495466631e-09, 1.56285728803e-09, 9.34932908869e-10, 6.81808609571e-10, 2.54726062465e-09, 4.1925432015e-09, 9.05304720078e-10, 4.05572575524e-10, 2.48910086986e-10, 2.01684224876e-10, 1.46868794904e-10, 1.34617289538e-10, 9.74215638716e-11, 6.08677622194e-11, 6.3133831496e-11, 4.43575627618e-11, 3.24803170471e-11, 2.48102458716e-11, 2.78237381052e-11, 1.39975904132e-11, 1.19008735158e-11],
        "dvar2": [1.13518590297e-05, 6.27383769825e-06, 1.20513436741e-06, 7.28097177216e-07, 3.79450028731e-07, 1.68632254827e-07, 1.26555050883e-07, 1.98703702381e-07, 2.76293292245e-07, 1.34819671871e-07, 6.26439913276e-08, 4.72158419029e-08, 2.58524099905e-08, 1.62543081217e-08, 2.21910845255e-08, 2.2356068996e-08, 1.63393547581e-08, 2.51796574702e-08, 1.15915579357e-08, 1.3041594471e-08, 4.23639923142e-09, 2.4680439914e-09, 1.80425963059e-09, 6.91356083493e-09, 1.11757501031e-08, 2.2272965694e-09, 1.06565201108e-09, 6.71158184584e-10, 5.51077627975e-10, 3.93188037684e-10, 3.76443071159e-10, 2.69804678599e-10, 1.68632746655e-10, 1.80007328487e-10, 1.25882818058e-10, 9.07466463085e-11, 6.94448734628e-11, 7.95232352191e-11, 3.90622534319e-11, 3.2487155327e-11],
        "max": [0.0202916376293, 0.0215999614447, 0.00832337979227, 0.00685697654262, 0.00446149799973, 0.00397581607103, 0.00306048453785, 0.00508189713582, 0.00555343739688, 0.00281839165837, 0.00300016719848, 0.00249530235305, 0.00220942753367, 0.00125358218793, 0.00243463809602, 0.00212001008913, 0.00222543859854, 0.00219468888827, 0.0014829543652, 0.00130949355662, 0.000841953966301, 0.000779653317295, 0.000657443189994, 0.00224752118811, 0.00242275511846, 0.00138159526978, 0.000638877390884, 0.000276391510852, 0.000557399820536, 0.000283952016616, 0.000158991402714, 0.000268698524451, 9.17034994927e-05, 0.000138648800203, 8.14540762804e-05, 0.000138886665809, 8.30616118037e-05, 0.000181675699423, 0.000128445637529, 0.000109022257675],
        "mean": [0.002416908741, 0.00154563831165, 0.000486784556415, 0.00031858595321, 0.000208068930078, 0.000201962626306, 0.000190501232282, 0.000200366295758, 0.000174120388692, 0.000218376328121, 0.000144332589116, 0.000101982419437, 8.60732106958e-05, 7.63822463341e-05, 6.5981883381e-05, 9.06555578695e-05, 6.29257410765e-05, 6.18134508841e-05, 5.15747124155e-05, 5.06675278302e-05, 4.16001930716e-05, 3.41425147781e-05, 3.18410930049e-05, 3.74405899493e-05, 4.00243043259e-05, 3.00164647342e-05, 2.29545985349e-05, 2.12982122321e-05, 1.90221653611e-05, 1.73238731804e-05, 1.71179071913e-05, 1.50112809933e-05, 1.24233101815e-05, 1.14162030513e-05, 9.99345229502e-06, 8.70399344421e-06, 7.49688433643e-06, 6.62778620608e-06, 5.51928724235e-06, 4.66431674795e-06],
        "median": [0.00136319966987, 0.000845184433274, 0.000228271266678, 0.000124894708279, 9.78973839665e-05, 0.000101651487057, 0.000105030485429, 9.81662378763e-05, 7.29996245354e-05, 0.000125636652228, 7.63559510233e-05, 4.43681856268e-05, 4.81897768623e-05, 4.34127141489e-05, 3.42372113664e-05, 5.32518897671e-05, 3.81113932235e-05, 3.54552539648e-05, 2.89325435006e-05, 2.90909774776e-05, 2.64751251962e-05, 2.23751721933e-05, 2.2375728804e-05, 2.40985791606e-05, 2.48813030339e-05, 2.17917004193e-05, 1.61877069331e-05, 1.48785766214e-05, 1.39872927321e-05, 1.32425284392e-05, 1.27562852867e-05, 1.19500527944e-05, 1.01165951492e-05, 9.2627496997e-06, 7.92963874119e-06, 7.0483069976e-06, 6.23698633717e-06, 5.27362317371e-06, 4.45612977273e-06, 3.68927703676e-06],
        "min": [8.15470071023e-25, 5.50692901794e-25, 1.4429956091e-24, 1.05192570394e-24, 1.32274323043e-24, 1.37331572256e-24, 1.98281687363e-24, 1.59007734437e-24, 2.02316632007e-24, 6.2126952597e-25, 1.97998920172e-24, 1.65082417002e-24, 2.41253662441e-24, 3.00500587411e-24, 1.92653283133e-24, 2.40297819403e-24, 2.74900118327e-24, 3.14997030671e-24, 2.56301933625e-24, 3.15600035947e-24, 2.97922589972e-24, 2.11183389139e-24, 3.34865261708e-24, 3.46004845437e-24, 4.02551617858e-24, 4.36232546966e-24, 5.30069484351e-24, 4.89831661728e-24, 4.99595708696e-24, 5.46185636543e-24, 4.53884138024e-24, 4.79165315656e-24, 5.31164383844e-24, 4.55185048543e-24, 5.1834559135e-24, 4.5740581032e-24, 5.53491316829e-24, 5.3061411392e-24, 5.38230842061e-24, 5.89093043356e-24],
        "var": [8.20871173346e-06, 4.16910461354e-06, 5.07764013946e-07, 2.60917971673e-07, 1.04667783773e-07, 9.07972577124e-08, 6.37115178392e-08, 8.95793306199e-08, 9.37044930538e-08, 7.12868342134e-08, 4.09157010495e-08, 3.00005496001e-08, 1.53388857171e-08, 1.09780611268e-08, 1.46367504783e-08, 1.37335174344e-08, 8.13288458801e-09, 8.49948023074e-09, 5.34607824676e-09, 5.59172352865e-09, 2.24490648293e-09, 1.60006230487e-09, 1.13382503386e-09, 3.06902903091e-09, 5.63275870391e-09, 1.34977051758e-09, 6.33238739223e-10, 5.06995334604e-10, 3.74700159789e-10, 2.99771152346e-10, 2.84264389805e-10, 2.19563783821e-10, 1.27169746955e-10, 1.16276877016e-10, 8.67236282787e-11, 6.64817784157e-11, 4.71863971507e-11, 4.58566934425e-11, 2.85413862683e-11, 2.22282470208e-11]
    },
    "mfcc": {
        "mean": [-606.141601562, 65.5788269043, 0.627206683159, 16.8900108337, 2.98427629471, 6.83774328232, 3.5931828022, 7.0381436348, 3.86739182472, 7.76693439484, 4.99316263199, 2.37476110458, -0.646920144558],
        "cov": [[15568.0048828, 721.830505371, 193.681869507, -91.7476501465, -309.614105225, -42.4195632935, -115.812347412, -8.8268404007, 111.603279114, 19.5820083618, 23.7533721924, 88.3463897705, 114.219039917], [721.830505371, 837.440734863, 26.1048851013, 78.4173660278, 18.7052993774, -11.868891716, -12.9438877106, -36.5335044861, -48.0315208435, 2.2930431366, -11.3187904358, -5.84052658081, -2.28796005249], [193.681869507, 26.1048851013, 1059.9864502, 281.294464111, 219.307373047, 262.717407227, 132.367767334, 96.1044082642, 198.935119629, 29.0916728973, 55.7904624939, 114.371810913, 150.440231323], [-91.7476501465, 78.4173660278, 281.294464111, 346.495605469, 170.08354187, 114.292503357, 77.3853225708, 65.2367401123, 73.554977417, 26.6227245331, 13.5851182938, 25.9896678925, 50.6731719971], [-309.614105225, 18.7052993774, 219.307373047, 170.08354187, 221.013320923, 133.147216797, 79.83644104, 53.884853363, 67.0662689209, 28.7851409912, 24.2803344727, 29.7831363678, 45.3474311829], [-42.4195632935, -11.868891716, 262.717407227, 114.292503357, 133.147216797, 226.154998779, 122.926368713, 72.7864532471, 96.4489364624, 29.8189544678, 42.1969871521, 49.3373527527, 51.590965271], [-115.812347412, -12.9438877106, 132.367767334, 77.3853225708, 79.83644104, 122.926368713, 160.455673218, 91.834564209, 65.4281539917, 29.0243034363, 33.6480560303, 43.3015937805, 36.9393615723], [-8.8268404007, -36.5335044861, 96.1044082642, 65.2367401123, 53.884853363, 72.7864532471, 91.834564209, 125.073822021, 86.1791992188, 30.8941020966, 26.2323226929, 28.9901638031, 33.682674408], [111.603279114, -48.0315208435, 198.935119629, 73.554977417, 67.0662689209, 96.4489364624, 65.4281539917, 86.1791992188, 158.48248291, 60.608707428, 38.326675415, 42.0855827332, 50.0791168213], [19.5820083618, 2.2930431366, 29.0916728973, 26.6227245331, 28.7851409912, 29.8189544678, 29.0243034363, 30.8941020966, 60.608707428, 98.2680587769, 58.9989891052, 23.2370738983, 11.0896120071], [23.7533721924, -11.3187904358, 55.7904624939, 13.5851182938, 24.2803344727, 42.1969871521, 33.6480560303, 26.2323226929, 38.326675415, 58.9989891052, 97.5872802734, 52.5852088928, 23.1575698853], [88.3463897705, -5.84052658081, 114.371810913, 25.9896678925, 29.7831363678, 49.3373527527, 43.3015937805, 28.9901638031, 42.0855827332, 23.2370738983, 52.5852088928, 93.5042266846, 62.5733375549], [114.219039917, -2.28796005249, 150.440231323, 50.6731719971, 45.3474311829, 51.590965271, 36.9393615723, 33.682674408, 50.0791168213, 11.0896120071, 23.1575698853, 62.5733375549, 110.541862488]],
