{
"lowlevel": {
    "average_loudness": 0.935445129871,
    "barkbands_crest": {
        "dmean": 3.17158961296,
        "dmean2": 4.73367452621,
        "dvar": 9.05414867401,
        "dvar2": 18.3390884399,
        "max": 26.6879119873,
        "mean": 10.8353061676,
        "median": 9.32189559937,
        "min": 2.18769717216,
        "var": 30.7260055542
    },
    "barkbands_flatness_db": {
        "dmean": 0.0222348961979,
        "dmean2": 0.0324031040072,
        "dvar": 0.000552275101654,
        "dvar2": 0.00107862136792,
        "max": 0.507409691811,
        "mean": 0.0964021980762,
        "median": 0.0858650356531,
        "min": 0.0157982073724,
        "var": 0.00249726185575
    },
    "barkbands_kurtosis": {
        "dmean": 2.41689133644,
        "dmean2": 3.62600111961,
        "dvar": 142.023117065,
        "dvar2": 263.885528564,
        "max": 706.251586914,
        "mean": 2.03417062759,
        "median": -0.224949598312,
        "min": -1.93797290325,
        "var": 205.517883301
    },
    "barkbands_skewness": {
        "dmean": 0.580193459988,
        "dmean2": 0.858821630478,
        "dvar": 0.565603971481,
        "dvar2": 1.02027070522,
        "max": 24.4509525299,
        "mean": 0.921310663223,
        "median": 0.704047262669,
        "min": -4.63023138046,
        "var": 1.978328228
    },
    "barkbands_spread": {
        "dmean": 8.67006111145,
        "dmean2": 13.474858284,
        "dvar": 93.633644104,
        "dvar2": 205.640274048,
        "max": 124.101707458,
        "mean": 39.5824775696,
        "median": 38.1966285706,
        "min": 0.317963451147,
        "var": 355.279510498
    },
    "dissonance": {
        "dmean": 0.0125050125644,
        "dmean2": 0.0213529877365,
        "dvar": 0.000234697756241,
        "dvar2": 0.000658015545923,
        "max": 0.500000119209,
        "mean": 0.479449778795,
        "median": 0.484313935041,
        "min": 0.178620755672,
        "var": 0.000400687014917
    },
    "dynamic_complexity": 1.6274330616,
    "erbbands_crest": {
        "dmean": 2.25542092323,
        "dmean2": 3.66055083275,
        "dvar": 4.96735811234,
        "dvar2": 11.899107933,
        "max": 31.1719284058,
        "mean": 7.45701694489,
        "median": 6.42156744003,
        "min": 2.35338044167,
        "var": 15.1960458755
    },
    "erbbands_flatness_db": {
        "dmean": 0.015337664634,
        "dmean2": 0.0225675161928,
        "dvar": 0.000287093484076,
        "dvar2": 0.000556929095183,
        "max": 0.467179119587,
        "mean": 0.127910152078,
        "median": 0.110837221146,
        "min": 0.0431979708374,
        "var": 0.00254101795144
    },
    "erbbands_kurtosis": {
        "dmean": 0.802153766155,
        "dmean2": 1.25751054287,
        "dvar": 2.16496682167,
        "dvar2": 5.07204294205,
        "max": 64.6423873901,
        "mean": 0.355426847935,
        "median": -0.129807949066,
        "min": -1.84452092648,
        "var": 5.65051317215
    },
    "erbbands_skewness": {
        "dmean": 0.315073013306,
        "dmean2": 0.483014017344,
        "dvar": 0.0973774418235,
        "dvar2": 0.214987635612,
        "max": 6.31398868561,
        "mean": -0.123823724687,
        "median": -0.14943574369,
        "min": -3.46866345406,
        "var": 0.427242785692
    },
    "erbbands_spread": {
        "dmean": 8.91462039948,
        "dmean2": 13.6731262207,
        "dvar": 93.606803894,
        "dvar2": 208.913192749,
        "max": 153.68548584,
        "mean": 41.0992088318,
        "median": 39.9785499573,
        "min": 1.75713157654,
        "var": 316.285552979
    },
    "hfc": {
        "dmean": 13.9766359329,
        "dmean2": 20.8033390045,
        "dvar": 309.509216309,
        "dvar2": 701.431884766,
        "max": 192.024810791,
        "mean": 46.0147323608,
        "median": 43.3808364868,
        "min": 1.01784686871e-16,
        "var": 808.964111328
    },
    "melbands_crest": {
        "dmean": 4.55354356766,
        "dmean2": 7.07005739212,
        "dvar": 17.9126930237,
        "dvar2": 41.0436172485,
        "max": 38.2253265381,
        "mean": 17.1185398102,
        "median": 16.3485183716,
        "min": 1.43749022484,
        "var": 63.9527626038
    },
    "melbands_flatness_db": {
        "dmean": 0.0305044371635,
        "dmean2": 0.0455220788717,
        "dvar": 0.0010640679393,
        "dvar2": 0.00219360529445,
        "max": 0.643993675709,
        "mean": 0.145985409617,
        "median": 0.136780276895,
        "min": 0.0032684749458,
        "var": 0.0043293540366
    },
    "melbands_kurtosis": {
        "dmean": 8.41420078278,
        "dmean2": 12.5203094482,
        "dvar": 714.438171387,
        "dvar2": 1169.38366699,
        "max": 1058.82836914,
        "mean": 12.9183893204,
        "median": 4.12156915665,
        "min": -1.75687336922,
        "var": 1643.08068848
    },
    "melbands_skewness": {
        "dmean": 0.88702082634,
        "dmean2": 1.31913506985,
        "dvar": 1.32220733166,
        "dvar2": 2.45668649673,
        "max": 26.3151359558,
        "mean": 2.47273540497,
        "median": 1.98202908039,
        "min": -3.10261034966,
        "var": 4.96136760712
    },
    "melbands_spread": {
        "dmean": 13.4512033463,
        "dmean2": 21.1526355743,
        "dvar": 260.827148438,
        "dvar2": 626.42755127,
        "max": 223.586837769,
        "mean": 42.9938659668,
        "median": 38.3226470947,
        "min": 0.381821781397,
        "var": 776.237548828
    },
    "pitch_salience": {
        "dmean": 0.0912687852979,
        "dmean2": 0.140222460032,
        "dvar": 0.00832383427769,
        "dvar2": 0.0183815900236,
        "max": 0.983625769615,
        "mean": 0.507991433144,
        "median": 0.528210639954,
        "min": 0.0304229930043,
        "var": 0.0251083858311
    },
    "silence_rate_20dB": {
        "dmean": 0,
        "dmean2": 0,
        "dvar": 0,
        "dvar2": 0,
        "max": 1,
        "mean": 1,
        "median": 1,
        "min": 1,
        "var": 0
    },
    "silence_rate_30dB": {
        "dmean": 0,
        "dmean2": 0,
        "dvar": 0,
        "dvar2": 0,
        "max": 1,
        "mean": 1,
        "median": 1,
        "min": 1,
        "var": 0
    },
    "silence_rate_60dB": {
        "dmean": 0.0048771337606,
        "dmean2": 0.00975518207997,
        "dvar": 0.00485282856971,
        "dvar2": 0.011346350424,
        "max": 1,
        "mean": 0.0375128947198,
        "median": 0,
        "min": 0,
        "var": 0.0361024737358
    },
    "spectral_centroid": {
        "dmean": 315.729492188,
        "dmean2": 497.605041504,
        "dvar": 124077.742188,
        "dvar2": 290198.25,
        "max": 11944.7900391,
        "mean": 2460.44897461,
        "median": 2259.45458984,
        "min": 157.286407471,
        "var": 2152274.5
    },
    "spectral_complexity": {
        "dmean": 5.29619216919,
        "dmean2": 8.12437820435,
        "dvar": 27.4267120361,
        "dvar2": 59.8183937073,
        "max": 59,
        "mean": 29.0483913422,
        "median": 31,
        "min": 0,
        "var": 146.542373657
    },
    "spectral_decrease": {
        "dmean": 2.26316787533e-09,
        "dmean2": 3.35893113323e-09,
        "dvar": 7.07449196736e-18,
        "dvar2": 1.29199440913e-17,
        "max": 1.56300807545e-25,
        "mean": -8.84640716237e-09,
        "median": -7.91479237705e-09,
        "min": -2.62258676997e-08,
        "var": 2.98934437611e-17
    },
    "spectral_energy": {
        "dmean": 0.00880757533014,
        "dmean2": 0.0129064563662,
        "dvar": 0.000100578807178,
        "dvar2": 0.000180089351488,
        "max": 0.101025387645,
        "mean": 0.0375620834529,
        "median": 0.0349950119853,
        "min": 9.76408841819e-21,
        "var": 0.000453090382507
    },
    "spectral_energyband_high": {
        "dmean": 0.00137492618524,
        "dmean2": 0.00210013776086,
        "dvar": 4.29824467574e-06,
        "dvar2": 9.75896000455e-06,
        "max": 0.0290535595268,
        "mean": 0.00327302957885,
        "median": 0.0024228123948,
        "min": 6.94802553197e-21,
        "var": 9.76879255177e-06
    },
    "spectral_energyband_low": {
        "dmean": 0.00782680045813,
        "dmean2": 0.0120532969013,
        "dvar": 0.000133958223159,
        "dvar2": 0.00026686800993,
        "max": 0.0887705311179,
        "mean": 0.0179829783738,
        "median": 0.00955295749009,
        "min": 1.5343461358e-23,
        "var": 0.000402822974138
    },
    "spectral_energyband_middle_high": {
        "dmean": 0.00284007820301,
        "dmean2": 0.00423565646634,
        "dvar": 1.16140845421e-05,
        "dvar2": 2.25670519285e-05,
        "max": 0.0555492043495,
        "mean": 0.00952981598675,
        "median": 0.00836893822998,
        "min": 1.09140928246e-21,
        "var": 4.97331529914e-05
    },
    "spectral_energyband_middle_low": {
        "dmean": 0.00441493326798,
        "dmean2": 0.00756494002417,
        "dvar": 6.20814607828e-05,
        "dvar2": 0.00017032030155,
        "max": 0.0617564991117,
        "mean": 0.00734201539308,
        "median": 0.00547915045172,
        "min": 1.43177926131e-22,
        "var": 5.43170499441e-05
    },
    "spectral_entropy": {
        "dmean": 0.129768416286,
        "dmean2": 0.195270895958,
        "dvar": 0.0196864735335,
        "dvar2": 0.0408221445978,
        "max": 9.82554531097,
        "mean": 8.08226490021,
        "median": 8.10236263275,
        "min": 4.77792072296,
        "var": 0.193420901895
    },
    "spectral_flux": {
        "dmean": 0.0316672846675,
        "dmean2": 0.0480546355247,
        "dvar": 0.00107569573447,
        "dvar2": 0.00213349657133,
        "max": 0.346027761698,
        "mean": 0.110966607928,
        "median": 0.103445902467,
        "min": 6.27540380771e-11,
        "var": 0.00290785054676
    },
    "spectral_kurtosis": {
        "dmean": 1.02431368828,
        "dmean2": 1.60255122185,
        "dvar": 11.4338741302,
        "dvar2": 27.6750221252,
        "max": 291.175170898,
        "mean": 3.03531193733,
        "median": 2.49054193497,
        "min": -1.43460631371,
        "var": 24.124294281
    },
    "spectral_rms": {
        "dmean": 0.00073198316386,
        "dmean2": 0.00106736749876,
        "dvar": 6.48504681067e-07,
        "dvar2": 1.14623333047e-06,
        "max": 0.00992780737579,
        "mean": 0.00572107499465,
        "median": 0.00584307080135,
        "min": 3.08641198536e-12,
        "var": 3.91510820918e-06
    },
    "spectral_rolloff": {
        "dmean": 1033.9630127,
        "dmean2": 1684.41101074,
        "dvar": 2057863,
        "dvar2": 4471331,
        "max": 19918.2128906,
        "mean": 3212.48168945,
        "median": 2433.25195312,
        "min": 43.06640625,
        "var": 10448366
    },
    "spectral_skewness": {
        "dmean": 0.160548970103,
        "dmean2": 0.246017947793,
        "dvar": 0.0547808855772,
        "dvar2": 0.132281467319,
        "max": 14.9742050171,
        "mean": 1.29871428013,
        "median": 1.29733431339,
        "min": -0.122975133359,
        "var": 0.207739934325
    },
    "spectral_spread": {
        "dmean": 622701.6875,
        "dmean2": 917423,
        "dvar": 673120911360,
        "dvar2": 1.27582417715e+12,
        "max": 42681088,
        "mean": 6619987,
        "median": 5878376.5,
        "min": 274213.3125,
        "var": 3.06889506161e+13
    },
    "spectral_strongpeak": {
        "dmean": 0.551717758179,
        "dmean2": 0.939392745495,
        "dvar": 1.17868447304,
        "dvar2": 2.9023411274,
        "max": 14.5411224365,
        "mean": 0.930859565735,
        "median": 0.439916074276,
        "min": 0,
        "var": 2.03469562531
    },
    "zerocrossingrate": {
        "dmean": 0.017541533336,
        "dmean2": 0.0207594875246,
        "dvar": 0.000344406143995,
        "dvar2": 0.000440797186457,
        "max": 0.72900390625,
        "mean": 0.108368717134,
        "median": 0.09423828125,
        "min": 0.00439453125,
        "var": 0.0060374904424
    },
    "barkbands": {
        "dmean": [0.00074183702236, 0.00699299573898, 0.00230953935534, 0.00141042424366, 0.00165315018967, 0.00079722161172, 0.000761978910305, 0.000570403411984, 0.000759704736993, 0.000637176330201, 0.000593249627855, 0.000600838975515, 0.000731453823391, 0.000575296522584, 0.0005160360015, 0.000521604844835, 0.000446536578238, 0.000474707281683, 0.000376944633899, 0.000335167424055, 0.000284607085632, 0.000309873314109, 0.000291448261123, 0.000286666618194, 0.000272909208434, 8.50506621646e-05, 1.66234785866e-05],
        "dmean2": [0.00103448471054, 0.0102632343769, 0.00409503141418, 0.00262382137589, 0.00303739611991, 0.00130992324557, 0.0012422746513, 0.00094407441793, 0.00122891867068, 0.00100723362993, 0.000934603798669, 0.000931860588025, 0.00114285480231, 0.000903143198229, 0.000802611175459, 0.00082301493967, 0.000718514376786, 0.000766784301959, 0.000593614939135, 0.000525347655639, 0.000468783167889, 0.000488699297421, 0.000457814836409, 0.000441766256699, 0.00040659235674, 0.000130753585836, 2.6761308618e-05],
        "dvar": [1.29279226257e-06, 0.000109425796836, 3.91019093513e-05, 1.74917659024e-05, 1.96933524421e-05, 1.5800218307e-06, 1.42792362112e-06, 8.30961539577e-07, 1.65728908996e-06, 2.24122300096e-06, 1.65935455243e-06, 1.70753196471e-06, 2.18173954636e-06, 1.22509322864e-06, 9.33327783059e-07, 7.82712504588e-07, 5.41869042081e-07, 5.4625689927e-07, 3.26353983837e-07, 1.86680011893e-07, 2.21393946731e-07, 2.60165222699e-07, 2.34086272144e-07, 2.17840167238e-07, 2.2339457928e-07, 2.10445882942e-08, 7.9721673707e-10],
        "dvar2": [2.5494507554e-06, 0.000193185711396, 0.000108275882667, 4.99600137118e-05, 5.6755317928e-05, 3.97584381062e-06, 3.3711753531e-06, 2.03917920771e-06, 3.9833585106e-06, 5.20217918165e-06, 3.56538862434e-06, 3.57560634257e-06, 4.4132198127e-06, 2.59239664047e-06, 2.03324907488e-06, 1.72463262516e-06, 1.27635485114e-06, 1.30971534418e-06, 7.23061873487e-07, 4.17067354874e-07, 6.00893372393e-07, 6.25805739674e-07, 5.27600718669e-07, 4.61036592014e-07, 4.83344535951e-07, 5.01665233799e-08, 1.99796978961e-09],
        "max": [0.0111344894394, 0.0801126807928, 0.0511475205421, 0.0315918028355, 0.0360366329551, 0.0194140188396, 0.02416417934, 0.0192860588431, 0.0280542131513, 0.0488442964852, 0.0352373458445, 0.0434657149017, 0.0371500141919, 0.0333547443151, 0.024772439152, 0.0175826512277, 0.0305943824351, 0.0153080653399, 0.0120841860771, 0.00705483462662, 0.0157177280635, 0.00674345344305, 0.00701090367511, 0.0071838167496, 0.00796551350504, 0.00229111034423, 0.000431378110079],
        "mean": [0.000986641272902, 0.0147530557588, 0.00183290941641, 0.000999930663966, 0.00140150939114, 0.00130031362642, 0.00126684585121, 0.000859392865095, 0.00123122916557, 0.000995275448076, 0.000988462707028, 0.000982658122666, 0.00127873197198, 0.000942963873968, 0.00086778763216, 0.000931674789172, 0.000756785157137, 0.00084452383453, 0.000715967151336, 0.000729239429347, 0.000544529408216, 0.000538961146958, 0.000525793526322, 0.000558978354093, 0.00052528094966, 0.000174656393938, 2.78991501546e-05],
        "median": [0.00015929627989, 0.00607927003875, 0.000245957897278, 0.000151947679115, 0.000447590166004, 0.000637742807157, 0.000592090887949, 0.000416297611082, 0.000635726901237, 0.000432201894, 0.000394747388782, 0.00043272721814, 0.000532781588845, 0.000434296031017, 0.000412074266933, 0.000495374377351, 0.000460461975308, 0.00051445531426, 0.000455634028185, 0.000542599707842, 0.000401222845539, 0.000274822028587, 0.000296020531096, 0.00030321200029, 0.000324157066643, 0.000112323279609, 1.19002861538e-05],
        "min": [4.50417587383e-25, 1.91558738627e-24, 1.63717628472e-25, 1.15806329026e-24, 2.48584467947e-24, 6.67448033273e-24, 7.08388888735e-24, 6.02623782817e-24, 1.29845266488e-23, 1.17077292413e-23, 1.15700398811e-23, 1.5604861463e-23, 1.85108262448e-23, 2.98190873678e-23, 2.25648676338e-23, 3.70147042028e-23, 6.29960653082e-23, 8.492317361e-23, 9.21351040886e-23, 1.55478791999e-22, 2.319671114e-22, 3.23128382479e-22, 3.48885637667e-22, 6.19877660184e-22, 8.41287616484e-22, 1.31176456328e-21, 1.80651641358e-21],
        "var": [2.41080579144e-06, 0.000333338335622, 2.61630375462e-05, 1.01456535049e-05, 1.18249708976e-05, 3.25218184116e-06, 3.14009093927e-06, 1.47995547195e-06, 2.98762802231e-06, 3.75310742129e-06, 3.74664114133e-06, 3.5934447169e-06, 6.11083942204e-06, 2.83594386019e-06, 1.96241285266e-06, 1.80571100827e-06, 1.04917182853e-06, 1.07597668375e-06, 7.60027546676e-07, 5.22645677847e-07, 3.09007390342e-07, 4.49257669288e-07, 4.26077150451e-07, 5.00559735883e-07, 4.56559831719e-07, 4.00650641552e-08, 1.64338609387e-09]
    },
    "erbbands": {
        "dmean": [0.329049855471, 1.50779652596, 2.64394879341, 3.67624759674, 5.77775526047, 5.05776882172, 4.93263626099, 7.83294153214, 9.87624359131, 11.1718072891, 11.5749530792, 17.9747772217, 17.8022594452, 24.4179553986, 18.857427597, 20.4074058533, 33.3741455078, 24.6501560211, 26.7329120636, 24.3487110138, 26.178144455, 24.5305786133, 27.0605716705, 20.4179058075, 17.3084068298, 15.2209119797, 11.6410255432, 11.9946126938, 11.2350893021, 11.3865680695, 7.18365383148, 6.4286441803, 4.75393152237, 3.23104691505, 2.04081940651, 0.521101772785, 0.136186316609, 0.0304447412491, 0.00271507748403, 4.9640701036e-05],
        "dmean2": [0.413566023111, 2.17501425743, 4.28490447998, 6.83119916916, 10.5510377884, 9.30708503723, 8.40965938568, 12.7361087799, 16.1444892883, 17.99426651, 19.0696392059, 29.1183776855, 28.067489624, 38.7822685242, 29.4270496368, 31.8493251801, 51.482219696, 37.8664054871, 40.6032943726, 37.4197158813, 40.8653068542, 39.2350502014, 43.7379264832, 32.0832443237, 26.9645404816, 23.7112865448, 18.7370738983, 20.0583591461, 17.7567977905, 18.1757125854, 11.1678323746, 10.0142936707, 7.31779241562, 4.88402748108, 3.07489871979, 0.798975765705, 0.211526960135, 0.0475145168602, 0.00437159417197, 7.67921592342e-05],
        "dvar": [0.193120062351, 5.89705944061, 38.4355201721, 121.849662781, 266.578277588, 174.988052368, 82.9984512329, 178.213012695, 260.992858887, 261.167449951, 359.780181885, 996.736328125, 1401.3392334, 3200.58666992, 1208.0670166, 2155.58251953, 4559.85351562, 2194.6159668, 2227.73120117, 1637.83605957, 1904.6451416, 1693.09851074, 1860.8269043, 1171.07739258, 692.567077637, 357.052978516, 244.029678345, 541.284301758, 320.383087158, 397.658081055, 130.883026123, 124.204536438, 54.4520072937, 30.731803894, 14.3102750778, 0.786456108093, 0.0561945736408, 0.0024831648916, 2.20075125981e-05, 5.87589488177e-09],
        "dvar2": [0.302384883165, 11.3165845871, 98.8640594482, 348.555664062, 755.67388916, 503.650787354, 223.353225708, 446.411834717, 647.741088867, 615.979003906, 887.11328125, 2407.98828125, 3286.92016602, 7357.38427734, 2596.31591797, 4488.48632812, 9194.53222656, 4529.76074219, 4600.10009766, 3656.65161133, 4127.16845703, 4016.14892578, 4710.80273438, 2444.53173828, 1547.11328125, 804.337890625, 605.574645996, 1503.05236816, 767.786071777, 954.555847168, 291.669403076, 275.923370361, 115.041679382, 65.0856018066, 32.4578285217, 1.82518422604, 0.135261550546, 0.00612552696839, 5.56945888093e-05, 1.42451401786e-08],
        "max": [3.97654128075, 21.0654907227, 50.1111488342, 89.3788375854, 131.518218994, 119.304779053, 165.590744019, 226.565444946, 261.234985352, 292.934326172, 276.621459961, 787.624023438, 1349.02124023, 1549.84716797, 805.04296875, 1705.77197266, 1722.14733887, 1522.56945801, 1424.27722168, 1038.92480469, 1244.42980957, 1774.48498535, 735.031494141, 931.580200195, 680.016784668, 363.398101807, 492.531280518, 827.745422363, 241.891052246, 287.382110596, 158.097473145, 193.515472412, 110.431739807, 136.147659302, 60.4679946899, 13.6030721664, 3.7089471817, 0.914655148983, 0.0774765685201, 0.00121614162344],
        "mean": [0.571858942509, 2.67581224442, 2.69756054878, 2.71399497986, 4.35604953766, 4.29916238785, 6.43696498871, 12.7477502823, 16.545873642, 19.1492385864, 18.9480953217, 29.0957393646, 29.5595550537, 42.3954582214, 35.8958625793, 36.6344299316, 59.970993042, 46.1613540649, 49.0507659912, 47.2893867493, 49.8067970276, 45.1347312927, 49.1140174866, 38.5868988037, 35.2543029785, 33.5440139771, 25.2462539673, 20.0647583008, 19.7325363159, 18.0492172241, 13.8288288116, 11.8502788544, 9.28226947784, 6.25114870071, 3.5624563694, 1.03030121326, 0.276956856251, 0.0617867149413, 0.00446233572438, 0.000133444016683],
        "median": [0.20727775991, 1.00229859352, 0.706582546234, 0.502521634102, 0.77198278904, 1.43061566353, 3.08823275566, 6.05734348297, 8.38831233978, 11.152220726, 10.6878509521, 14.9290857315, 14.6015806198, 18.4603481293, 18.5701847076, 19.1638298035, 26.558057785, 24.1817150116, 26.3633327484, 26.2983112335, 30.4030246735, 28.9847946167, 30.4306335449, 24.8968677521, 23.0912780762, 25.5131549835, 20.033493042, 13.3336086273, 10.2068033218, 9.154047966, 8.12271118164, 6.01909446716, 5.18250513077, 3.71218299866, 2.05562090874, 0.678293466568, 0.168527007103, 0.0331738628447, 0.00188077182975, 0.000106162915472],
        "min": [6.88496025516e-23, 1.77582876511e-22, 1.24757284359e-21, 2.73201822598e-21, 9.35854131246e-21, 9.67118327226e-21, 5.15112444677e-20, 5.07619416174e-20, 7.9399806841e-20, 1.55519984725e-19, 2.59372846673e-19, 3.4988801578e-19, 2.83071364428e-19, 5.5766397248e-19, 8.03347781347e-19, 9.96245266218e-19, 1.40089881655e-18, 1.70967561985e-18, 1.32571606049e-18, 3.00417605537e-18, 2.74272845877e-18, 4.50320144683e-18, 5.27203315256e-18, 5.76695102949e-18, 5.85276770932e-18, 7.8025134768e-18, 6.64623161292e-18, 8.40369262958e-18, 1.1218422818e-17, 9.93660306124e-18, 9.30033656125e-18, 1.02819782639e-17, 1.04559409642e-17, 7.78629163781e-18, 5.75257917993e-18, 4.14648849306e-18, 2.4699437315e-18, 9.33848137481e-19, 2.43871481994e-19, 2.44977163979e-20],
        "var": [0.61926484108, 13.3642482758, 33.8860855103, 70.6888275146, 162.347244263, 106.830993652, 94.3316192627, 359.732727051, 527.180053711, 562.822143555, 619.521179199, 1733.97839355, 2597.46289062, 7153.28515625, 3175.89160156, 4495.51025391, 12514.7744141, 5550.10351562, 5326.60351562, 4222.08154297, 4218.92822266, 3401.04174805, 3471.98266602, 2467.54125977, 1778.65136719, 1032.70251465, 525.688049316, 581.196960449, 576.779907227, 579.559265137, 282.044799805, 246.791244507, 133.384643555, 65.916519165, 24.8512020111, 1.48887503147, 0.108204588294, 0.00569896260276, 4.27566774306e-05, 1.36060602784e-08]
    },
    "gfcc": {
        "mean": [27.3612174988, 36.3234062195, -114.963752747, 28.7338638306, -53.2479476929, 22.1063232422, -32.4366035461, 20.8103885651, -19.1672592163, 13.9460344315, -10.7449016571, 7.63906812668, -8.50136089325],
        "cov": [[40708.1171875, 316.071868896, -2721.49194336, 1217.34277344, -1583.57495117, 1076.38476562, -986.953918457, 899.41595459, -483.380310059, 700.077026367, -330.014129639, 420.276977539, -352.545776367], [316.071868896, 1199.76757812, -273.614593506, 60.482749939, 193.150177002, -43.5873336792, 158.144454956, -16.4043273926, 36.3043708801, -70.0698852539, 34.774307251, -83.2654495239, 3.23944568634], [-2721.49194336, -273.614593506, 1289.60522461, 369.917053223, 298.511505127, 213.170272827, 204.457351685, 96.0679550171, 131.214141846, 25.5357227325, 55.8763656616, 30.8234977722, -12.4067363739], [1217.34277344, 60.482749939, 369.917053223, 535.427490234, 175.796875, 201.354736328, 111.200668335, 119.833183289, 73.9216384888, 28.5503501892, 30.9570178986, 19.2445697784, -43.8054885864], [-1583.57495117, 193.150177002, 298.511505127, 175.796875, 434.419372559, 158.353225708, 201.924972534, 36.8345718384, 126.56438446, -2.44822764397, 48.991481781, -8.59093952179, 0.375502169132], [1076.38476562, -43.5873336792, 213.170272827, 201.354736328, 158.353225708, 404.354675293, 151.150115967, 95.6205749512, 91.5176010132, 70.9397354126, 19.5685310364, 30.5909366608, -11.5727815628], [-986.953918457, 158.144454956, 204.457351685, 111.200668335, 201.924972534, 151.150115967, 287.685699463, 92.8742980957, 105.140014648, 18.8790283203, 70.6026763916, -4.28879165649, 0.684364020824], [899.41595459, -16.4043273926, 96.0679550171, 119.833183289, 36.8345718384, 95.6205749512, 92.8742980957, 236.597702026, 79.6502914429, 74.7770004272, 49.8311004639, 49.3121261597, 8.12580013275], [-483.380310059, 36.3043708801, 131.214141846, 73.9216384888, 126.56438446, 91.5176010132, 105.140014648, 79.6502914429, 186.542892456, 74.0205764771, 58.8287887573, 25.9973678589, 22.7400074005], [700.077026367, -70.0698852539, 25.5357227325, 28.5503501892, -2.44822764397, 70.9397354126, 18.8790283203, 74.7770004272, 74.0205764771, 160.034667969, 68.0317077637, 50.1300582886, 25.186624527], [-330.014129639, 34.774307251, 55.8763656616, 30.9570178986, 48.991481781, 19.5685310364, 70.6026763916, 49.8311004639, 58.8287887573, 68.0317077637, 112.932106018, 47.7273712158, 27.3575305939], [420.276977539, -83.2654495239, 30.8234977722, 19.2445697784, -8.59093952179, 30.5909366608, -4.28879165649, 49.3121261597, 25.9973678589, 50.1300582886, 47.7273712158, 94.7061538696, 40.0613174438], [-352.545776367, 3.23944568634, -12.4067363739, -43.8054885864, 0.375502169132, -11.5727815628, 0.684364020824, 8.12580013275, 22.7400074005, 25.186624527, 27.3575305939, 40.0613174438, 88.0678024292]],
        "icov": [[0.000128820596728, -0.000186339326319, 0.00027726314147, -0.000389758264646, 0.000372601964045, -0.000440991832875, 0.000352209899575, -0.000366301042959, 0.000315290410072, -0.000556522398256, 0.000586860463955, -0.000681806297507, 0.000544846465345], [-0.000186339326319, 0.0015492112143, 0.000135888185469, 0.000126766608446, -0.00104031641968, 0.00096978538204, -0.00110549468081, 0.000574726960622, -0.000486588833155, 0.00126381358132, -0.0014887007419, 0.00216562626883, -0.00139176135417], [0.00027726314147, 0.000135888185469, 0.00190269015729, -0.00158222729806, 0.000248800584814, -0.000815236475319, 0.00017962147831, -0.000638545607217, 0.0004779122537, -0.000955840281677, 0.00114536064211, -0.00139178731479, 0.000962562102359], [-0.000389758264646, 0.000126766608446, -0.00158222729806, 0.00442539621145, -0.00162834278308, 0.000264276488451, -0.000226557211136, -6.11054565525e-05, -0.000867242051754, 0.00197956827469, -0.0021748309955, 0.00147955911234, 0.000122824683785], [0.000372601964045, -0.00104031641968, 0.000248800584814, -0.00162834278308, 0.00574329402298, -0.00202203099616, -0.000565173802897, -5.97295838816e-05, -0.00104273797479, -0.00043628065032, 0.00121583859436, -0.0017853929894, 0.00130313122645], [-0.000440991832875, 0.00096978538204, -0.000815236475319, 0.000264276488451, -0.00202203099616, 0.0060744904913, -0.00365060172044, 0.00146725948434, -0.00114392803516, -0.000459508737549, 0.00119475147221, 0.000417045579525, -0.0012186266249], [0.000352209899575, -0.00110549468081, 0.00017962147831, -0.000226557211136, -0.000565173802897, -0.00365060172044, 0.00970525387675, -0.00344071374275, -0.000364499428542, 0.00112677575089, -0.00385622889735, 0.00169792084489, 0.00132536061574], [-0.000366301042959, 0.000574726960622, -0.000638545607217, -6.11054565525e-05, -5.97295838816e-05, 0.00146725948434, -0.00344071374275, 0.00789032969624, -0.0021706961561, -0.000280124106212, -0.000538543448783, -0.00101981090847, -0.000844251073431], [0.000315290410072, -0.000486588833155, 0.0004779122537, -0.000867242051754, -0.00104273797479, -0.00114392803516, -0.000364499428542, -0.0021706961561, 0.0104928631335, -0.00480471970513, 0.00084242480807, -0.00113357242662, -0.000108055493911], [-0.000556522398256, 0.00126381358132, -0.000955840281677, 0.00197956827469, -0.00043628065032, -0.000459508737549, 0.00112677575089, -0.000280124106212, -0.00480471970513, 0.0149650294334, -0.0095684081316, 0.00329792336561, -0.00303284265101], [0.000586860463955, -0.0014887007419, 0.00114536064211, -0.0021748309955, 0.00121583859436, 0.00119475147221, -0.00385622889735, -0.000538543448783, 0.00084242480807, -0.0095684081316, 0.0226064343005, -0.0116315241903, 0.00250262534246], [-0.000681806297507, 0.00216562626883, -0.00139178731479, 0.00147955911234, -0.0017853929894, 0.000417045579525, 0.00169792084489, -0.00101981090847, -0.00113357242662, 0.00329792336561, -0.0116315241903, 0.0247968696058, -0.0104429544881], [0.000544846465345, -0.00139176135417, 0.000962562102359, 0.000122824683785, 0.00130313122645, -0.0012186266249, 0.00132536061574, -0.000844251073431, -0.000108055493911, -0.00303284265101, 0.00250262534246, -0.0104429544881, 0.0185540299863]]
    },
    "melbands": {
        "dmean": [0.00231403391808, 0.00145823217463, 0.000712061533704, 0.000391216715798, 0.000179871029104, 0.000166742669535, 0.000154071240104, 0.000125685197418, 9.47820881265e-05, 0.000117733172374, 9.12663454073e-05, 9.98903633445e-05, 6.58874560031e-05, 6.42847589916e-05, 6.5422616899e-05, 8.1058969954e-05, 4.86295430164e-05, 4.88579753437e-05, 4.2590952944e-05, 3.77052492695e-05, 3.11839357892e-05, 2.81728298432e-05, 2.82563396468e-05, 2.05353826459e-05, 1.81196210178e-05, 1.43105817187e-05, 1.33490193548e-05, 1.08361828097e-05, 8.2224551079e-06, 7.0854803198e-06, 7.74302043283e-06, 6.69503060635e-06, 6.4091477725e-06, 6.65365269015e-06, 4.14083888245e-06, 4.44972056357e-06, 3.98374004362e-06, 3.53243444806e-06, 3.20216508953e-06, 2.78329594039e-06],
        "dmean2": [0.00299654575065, 0.00210402999073, 0.00129870162345, 0.000721141055692, 0.000311221549055, 0.000271263648756, 0.000251021061558, 0.000203543400858, 0.000155526184244, 0.000190688442672, 0.000144178600749, 0.000158825932886, 0.000103004553239, 0.000100473138446, 0.000101533951238, 0.000125012622448, 7.58481910452e-05, 7.52468913561e-05, 6.63729151711e-05, 5.90105482843e-05, 4.89438571094e-05, 4.52908934676e-05, 4.60721603304e-05, 3.30079092237e-05, 2.87601687887e-05, 2.25211479119e-05, 2.1082272724e-05, 1.70881430677e-05, 1.33294697662e-05, 1.16931259981e-05, 1.31790520754e-05, 1.0707988622e-05, 1.01487767097e-05, 1.07242103695e-05, 6.53518281979e-06, 7.01301178196e-06, 6.28529960522e-06, 5.55667156732e-06, 4.87093802803e-06, 4.33218247053e-06],
        "dvar": [9.06030436454e-06, 7.38509470466e-06, 4.22187804361e-06, 1.19078379157e-06, 1.26851034565e-07, 7.50684421291e-08, 5.95313593976e-08, 3.22215889526e-08, 2.42203075373e-08, 4.34363300883e-08, 3.84033818079e-08, 5.35676782931e-08, 1.55973118865e-08, 1.95937026604e-08, 2.46262334969e-08, 3.15824806307e-08, 1.011004791e-08, 8.26685653266e-09, 7.02899205507e-09, 4.91956431148e-09, 2.81554446424e-09, 2.51442622279e-09, 2.15582462992e-09, 1.040637021e-09, 9.90383108856e-10, 5.4795618043e-10, 4.15136036658e-10, 1.86385129552e-10, 1.14099681092e-10, 1.40091341305e-10, 2.29644817051e-10, 1.11917045076e-10, 1.23479823588e-10, 1.37599556749e-10, 4.21336229794e-11, 5.82554490758e-11, 4.88656927422e-11, 2.95818647356e-11, 2.63707979065e-11, 2.44620174811e-11],
        "dvar2": [1.49726174641e-05, 1.67105772562e-05, 1.19098040159e-05, 3.41974600815e-06, 3.49085979678e-07, 1.8925722145e-07, 1.44821896697e-07, 7.69553309965e-08, 6.00488974101e-08, 1.04216937302e-07, 8.95173002391e-08, 1.24227042875e-07, 3.32848060225e-08, 4.51593891171e-08, 5.21487031335e-08, 6.26170191254e-08, 2.11259347793e-08, 1.73542105131e-08, 1.56256465544e-08, 1.07784607906e-08, 6.06901862099e-09, 5.63015589705e-09, 5.55524604096e-09, 2.49300180499e-09, 2.10013229029e-09, 1.22770515976e-09, 9.39315625281e-10, 4.42774372722e-10, 2.83591011785e-10, 3.80796200128e-10, 6.33747831991e-10, 2.70667654956e-10, 2.95538649109e-10, 3.37879141332e-10, 9.66133284486e-11, 1.29265473325e-10, 1.09747037846e-10, 6.4840889602e-11, 5.57284045299e-11, 5.4152866219e-11],
        "max": [0.0269312281162, 0.0226458813995, 0.0157671421766, 0.00905168987811, 0.00677665835246, 0.00455224374309, 0.00420247437432, 0.00372862583026, 0.00260878587142, 0.00523050548509, 0.00671780575067, 0.00714654661715, 0.00359102222137, 0.00502361683175, 0.00531379226595, 0.00451718410477, 0.00349328713492, 0.0024419198744, 0.00194306892809, 0.00163057283498, 0.00162256660406, 0.0025587901473, 0.000774744490627, 0.000754164415412, 0.000814695609733, 0.000800159818027, 0.000400868593715, 0.00024098661379, 0.000231562618865, 0.000465256976895, 0.000388798245694, 0.000134834161145, 0.000162214724696, 0.000177271285793, 0.000116823670396, 0.000125261867652, 0.000123703983263, 9.69391767285e-05, 7.40139657864e-05, 0.000132539178594],
        "mean": [0.0045483908616, 0.00216523325071, 0.000541927001905, 0.000308523041895, 0.000222680566367, 0.00027529586805, 0.000262486253632, 0.000213090650504, 0.000152436492499, 0.00018725307018, 0.000144225254189, 0.000168082566233, 0.000119646116218, 0.00010822868353, 0.000103934995423, 0.000137096212711, 8.09284319985e-05, 8.10283454484e-05, 6.9466252171e-05, 6.55335315969e-05, 5.429131852e-05, 4.62488424091e-05, 4.76184868603e-05, 3.60719604942e-05, 3.09195092996e-05, 2.61503228103e-05, 2.50262564805e-05, 2.19243975152e-05, 1.66413337865e-05, 1.27137309391e-05, 1.12779371193e-05, 1.11542567538e-05, 1.05054514279e-05, 9.80633649306e-06, 7.61709634389e-06, 7.81567905506e-06, 7.08635798219e-06, 6.62777938487e-06, 5.77283071834e-06, 5.07975755681e-06],
        "median": [0.00181257340591, 0.000828458694741, 0.000103677462903, 8.05606905487e-05, 0.00010755504627, 0.000135611335281, 0.000128945044708, 0.000121287695947, 8.22378060548e-05, 9.18391888263e-05, 6.47641863907e-05, 7.06466089468e-05, 5.92406613578e-05, 5.01327340316e-05, 4.20018513978e-05, 5.23148373759e-05, 3.72014619643e-05, 3.96332616219e-05, 3.20310573443e-05, 3.11142830469e-05, 3.1736875826e-05, 2.66892438958e-05, 2.74868070846e-05, 2.21646405407e-05, 1.85677363334e-05, 1.61109492183e-05, 1.61712650879e-05, 1.61580537679e-05, 1.28712672449e-05, 9.03030741028e-06, 6.79704180584e-06, 5.73960733163e-06, 4.86051294502e-06, 4.90820912091e-06, 4.5941933422e-06, 4.02662772103e-06, 3.35836898557e-06, 3.53469317815e-06, 3.35001527674e-06, 2.94731444228e-06],
        "min": [7.34775714091e-25, 9.01569505662e-25, 8.36340668169e-25, 4.70595022313e-25, 1.42272908219e-24, 1.21917999307e-24, 1.3098385507e-24, 1.39959238349e-24, 1.3952069085e-24, 1.85067261403e-24, 9.40254554201e-25, 1.90926801878e-24, 2.1948788566e-24, 1.48602945059e-24, 2.5544467848e-24, 2.1455630199e-24, 2.49956356225e-24, 1.61999864129e-24, 1.93965809629e-24, 2.71171882803e-24, 2.99841671618e-24, 3.41451027532e-24, 3.6476896703e-24, 3.56140958651e-24, 3.72085730812e-24, 3.14763961716e-24, 4.53481345646e-24, 3.85149425174e-24, 3.82827610315e-24, 3.69295845334e-24, 3.39570738122e-24, 5.16144274994e-24, 3.82354451544e-24, 5.42004752632e-24, 4.55804974885e-24, 5.40004319705e-24, 5.424804752e-24, 6.25950478671e-24, 5.754377822e-24, 5.93649306729e-24],
        "var": [3.285816274e-05, 1.09732682176e-05, 2.55356485468e-06, 7.06876221557e-07, 1.18455425024e-07, 1.54111447159e-07, 1.29086259903e-07, 6.82796468254e-08, 4.13439664726e-08, 7.76388162649e-08, 6.9204716624e-08, 1.15128671041e-07, 3.88681975494e-08, 3.80187969995e-08, 4.88178208968e-08, 8.65788081228e-08, 2.34901342822e-08, 1.82701036522e-08, 1.37050220061e-08, 1.18784813097e-08, 5.68320768224e-09, 4.91104623634e-09, 3.69815267298e-09, 2.00104532944e-09, 1.92660443155e-09, 1.26311272552e-09, 9.71209890288e-10, 4.67272776028e-10, 2.45713727143e-10, 1.89916249393e-10, 2.2771766417e-10, 1.90727322824e-10, 2.07451708589e-10, 1.83587964275e-10, 8.51049924977e-11, 1.1438230918e-10, 9.40943087335e-11, 7.28267376959e-11, 5.42946278215e-11, 4.81740342062e-11]
    },
    "mfcc": {
        "mean": [-599.532897949, 73.4809417725, -4.23244714737, 13.0796661377, 4.52772855759, 3.69191765785, 5.00361728668, 4.96530151367, 4.27700805664, 6.44266366959, 3.99979114532, 5.94303274155, 5.12000322342],
        "cov": [[11581.6533203, 767.617004395, 242.020614624, 285.772796631, 205.261016846, 246.640869141, 91.0526809692, 141.712783813, 124.316383362, 178.41444397, 183.8256073, 178.15512085, 131.663131714], [767.617004395, 1027.48486328, -225.691665649, 80.3784255981, 16.8062362671, 10.0761833191, 81.35597229, 44.1301689148, 31.8095626831, 41.3640861511, -0.254023015499, 17.8872718811, 25.7485980988], [242.020614624, -225.691665649, 765.48828125, 223.178726196, 177.203903198, 160.2215271, 112.83416748, 127.144180298, 75.952796936, 76.5079040527, 88.489402771, 40.7035369873, 24.6921520233], [285.772796631, 80.3784255981, 223.178726196, 396.249328613, 159.734146118, 65.1270370483, 100.156257629, 109.39188385, 35.4717178345, 63.2765541077, 67.1453857422, 38.1792984009, 8.03600215912], [205.261016846, 16.8062362671, 177.203903198, 159.734146118, 275.212036133, 170.546875, 76.4474945068, 110.306465149, 78.0424728394, 61.4376335144, 64.3381195068, 41.7778549194, 20.2595500946], [246.640869141, 10.0761833191, 160.2215271, 65.1270370483, 170.546875, 335.787353516, 126.491958618, 107.888916016, 81.2508468628, 78.0266799927, 63.7068748474, 43.3242835999, 26.8805484772], [91.0526809692, 81.35597229, 112.83416748, 100.156257629, 76.4474945068, 126.491958618, 211.020401001, 128.616897583, 58.885509491, 75.6500091553, 59.5872306824, 38.9214401245, 26.7780342102], [141.712783813, 44.1301689148, 127.144180298, 109.39188385, 110.306465149, 107.888916016, 128.616897583, 206.971069336, 94.8675308228, 69.6407928467, 74.5542907715, 45.8750228882, 16.194606781], [124.316383362, 31.8095626831, 75.952796936, 35.4717178345, 78.0424728394, 81.2508468628, 58.885509491, 94.8675308228, 130.890991211, 79.4189682007, 53.5686416626, 43.7913131714, 28.2959785461], [178.41444397, 41.3640861511, 76.5079040527, 63.2765541077, 61.4376335144, 78.0266799927, 75.6500091553, 69.6407928467, 79.4189682007, 136.088775635, 85.0945281982, 49.2085037231, 33.1836967468], [183.8256073, -0.254023015499, 88.489402771, 67.1453857422, 64.3381195068, 63.7068748474, 59.5872306824, 74.5542907715, 53.5686416626, 85.0945281982, 127.37663269, 74.1196746826, 31.4556846619], [178.15512085, 17.8872718811, 40.7035369873, 38.1792984009, 41.7778549194, 43.3242835999, 38.9214401245, 45.8750228882, 43.7913131714, 49.2085037231, 74.1196746826, 109.538169861, 55.1172370911], [131.663131714, 25.7485980988, 24.6921520233, 8.03600215912, 20.2595500946, 26.8805484772, 26.7780342102, 16.194606781, 28.2959785461, 33.1836967468, 31.4556846619, 55.1172370911, 96.5025482178]],
