{
"lowlevel": {
    "average_loudness": 0.837904453278,
    "barkbands_crest": {
        "dmean": 2.63858032227,
        "dmean2": 4.10152101517,
        "dvar": 6.41603040695,
        "dvar2": 13.9721984863,
        "max": 26.0739212036,
        "mean": 10.1320400238,
        "median": 8.90325546265,
        "min": 2.07461929321,
        "var": 23.393579483
    },
    "barkbands_flatness_db": {
        "dmean": 0.0206570476294,
        "dmean2": 0.0300970021635,
        "dvar": 0.000556316808797,
        "dvar2": 0.00107578281313,
        "max": 0.465070664883,
        "mean": 0.130758136511,
        "median": 0.114943653345,
        "min": 0.00765761733055,
        "var": 0.00712059531361
    },
    "barkbands_kurtosis": {
        "dmean": 2.66210913658,
        "dmean2": 3.83467149734,
        "dvar": 45.2188987732,
        "dvar2": 80.8738250732,
        "max": 171.576004028,
        "mean": 3.32702422142,
        "median": 0.525730013847,
        "min": -1.77294754982,
        "var": 92.1820907593
    },
    "barkbands_skewness": {
        "dmean": 0.511032760143,
        "dmean2": 0.749113321304,
        "dvar": 0.435741007328,
        "dvar2": 0.780856192112,
        "max": 11.8660945892,
        "mean": 1.25918996334,
        "median": 0.972154796124,
        "min": -2.1923122406,
        "var": 1.68181705475
    },
    "barkbands_spread": {
        "dmean": 5.15747117996,
        "dmean2": 7.47979068756,
        "dvar": 37.5033073425,
        "dvar2": 68.7221298218,
        "max": 102.965614319,
        "mean": 26.1055870056,
        "median": 22.3848762512,
        "min": 1.04859554768,
        "var": 305.214477539
    },
    "dissonance": {
        "dmean": 0.0187855567783,
        "dmean2": 0.0319046527147,
        "dvar": 0.000386462546885,
        "dvar2": 0.00108182185795,
        "max": 0.500000178814,
        "mean": 0.466389328241,
        "median": 0.475972115993,
        "min": 0.230058416724,
        "var": 0.000922303064726
    },
    "dynamic_complexity": 3.41627907753,
    "erbbands_crest": {
        "dmean": 2.50064897537,
        "dmean2": 4.07814884186,
        "dvar": 5.88355875015,
        "dvar2": 14.2965917587,
        "max": 30.7765655518,
        "mean": 8.65572452545,
        "median": 7.68229818344,
        "min": 2.1421020031,
        "var": 19.2380714417
    },
    "erbbands_flatness_db": {
        "dmean": 0.0141038298607,
        "dmean2": 0.0214990396053,
        "dvar": 0.000200626367587,
        "dvar2": 0.000439442606876,
        "max": 0.517504394054,
        "mean": 0.159080177546,
        "median": 0.12762182951,
        "min": 0.0471596159041,
        "var": 0.00856402330101
    },
    "erbbands_kurtosis": {
        "dmean": 0.824474573135,
        "dmean2": 1.32589876652,
        "dvar": 1.13802623749,
        "dvar2": 2.83966517448,
        "max": 20.8195762634,
        "mean": 0.640026569366,
        "median": 0.0256210565567,
        "min": -1.84633708,
        "var": 3.20515990257
    },
    "erbbands_skewness": {
        "dmean": 0.316485345364,
        "dmean2": 0.491630315781,
        "dvar": 0.0903554707766,
        "dvar2": 0.212257683277,
        "max": 3.83005976677,
        "mean": 0.256986707449,
        "median": 0.203039169312,
        "min": -2.72037124634,
        "var": 0.451574355364
    },
    "erbbands_spread": {
        "dmean": 6.86563825607,
        "dmean2": 10.3521814346,
        "dvar": 64.4709091187,
        "dvar2": 128.933639526,
        "max": 136.806243896,
        "mean": 34.1284637451,
        "median": 31.5579338074,
        "min": 2.52306246758,
        "var": 378.936706543
    },
    "hfc": {
        "dmean": 7.9852309227,
        "dmean2": 12.8288993835,
        "dvar": 195.003662109,
        "dvar2": 504.162963867,
        "max": 175.910308838,
        "mean": 32.4411315918,
        "median": 24.8666782379,
        "min": 1.11641523252e-16,
        "var": 892.386169434
    },
    "melbands_crest": {
        "dmean": 3.4782345295,
        "dmean2": 5.62532138824,
        "dvar": 12.0108423233,
        "dvar2": 27.8933525085,
        "max": 30.805524826,
        "mean": 13.7251234055,
        "median": 12.3432693481,
        "min": 1.0093985796,
        "var": 34.0547866821
    },
    "melbands_flatness_db": {
        "dmean": 0.0272781345993,
        "dmean2": 0.0400264263153,
        "dvar": 0.00104119605385,
        "dvar2": 0.00205799425021,
        "max": 0.561723470688,
        "mean": 0.201164901257,
        "median": 0.188244819641,
        "min": 1.12173404432e-06,
        "var": 0.00870661251247
    },
    "melbands_kurtosis": {
        "dmean": 7.18779754639,
        "dmean2": 9.93172264099,
        "dvar": 396.725952148,
        "dvar2": 665.584777832,
        "max": 455.118804932,
        "mean": 11.8790874481,
        "median": 3.83974218369,
        "min": -1.78573930264,
        "var": 855.898193359
    },
    "melbands_skewness": {
        "dmean": 0.719453215599,
        "dmean2": 1.04314017296,
        "dvar": 0.950218617916,
        "dvar2": 1.59700286388,
        "max": 16.8096389771,
        "mean": 2.23237347603,
        "median": 1.75794100761,
        "min": -2.11828637123,
        "var": 4.14761257172
    },
    "melbands_spread": {
        "dmean": 6.59693813324,
        "dmean2": 10.252207756,
        "dvar": 69.535194397,
        "dvar2": 152.226882935,
        "max": 180.78086853,
        "mean": 26.5482387543,
        "median": 23.6280384064,
        "min": 0.687672972679,
        "var": 303.690093994
    },
    "pitch_salience": {
        "dmean": 0.0803614556789,
        "dmean2": 0.126610308886,
        "dvar": 0.00646898476407,
        "dvar2": 0.0144393891096,
        "max": 0.997325778008,
        "mean": 0.550406873226,
        "median": 0.573531985283,
        "min": 0.052995428443,
        "var": 0.0189197119325
    },
    "silence_rate_20dB": {
        "dmean": 0,
        "dmean2": 0,
        "dvar": 0,
        "dvar2": 0,
        "max": 1,
        "mean": 1,
        "median": 1,
        "min": 1,
        "var": 0
    },
    "silence_rate_30dB": {
        "dmean": 0.000323493732139,
        "dmean2": 0.000647039792966,
        "dvar": 0.000323365500662,
        "dvar2": 0.000808286597021,
        "max": 1,
        "mean": 0.999757409096,
        "median": 1,
        "min": 0,
        "var": 0.000242527908995
    },
    "silence_rate_60dB": {
        "dmean": 0.00614638114348,
        "dmean2": 0.0122937560081,
        "dvar": 0.00610896432772,
        "dvar2": 0.0142469294369,
        "max": 1,
        "mean": 0.0430211871862,
        "median": 0,
        "min": 0,
        "var": 0.0411697626114
    },
    "spectral_centroid": {
        "dmean": 239.779800415,
        "dmean2": 374.884124756,
        "dvar": 88431.171875,
        "dvar2": 181330.09375,
        "max": 11732.8974609,
        "mean": 1468.5078125,
        "median": 1460.12121582,
        "min": 188.342010498,
        "var": 777538.625
    },
    "spectral_complexity": {
        "dmean": 4.13635253906,
        "dmean2": 6.56146860123,
        "dvar": 19.7690372467,
        "dvar2": 44.1293716431,
        "max": 62,
        "mean": 24.6229991913,
        "median": 23,
        "min": 0,
        "var": 174.194396973
    },
    "spectral_decrease": {
        "dmean": 1.60651159042e-09,
        "dmean2": 2.42160380637e-09,
        "dvar": 4.48188045295e-18,
        "dvar2": 8.52100586559e-18,
        "max": 2.06185365392e-28,
        "mean": -7.54551088278e-09,
        "median": -6.33994812205e-09,
        "min": -2.7912514966e-08,
        "var": 3.7158954893e-17
    },
    "spectral_energy": {
        "dmean": 0.006167861633,
        "dmean2": 0.00944919977337,
        "dvar": 6.33000818198e-05,
        "dvar2": 0.000127384832012,
        "max": 0.108341649175,
        "mean": 0.0314210951328,
        "median": 0.0267729721963,
        "min": 1.01914984568e-20,
        "var": 0.000602001207881
    },
    "spectral_energyband_high": {
        "dmean": 0.000571560638491,
        "dmean2": 0.000916670134757,
        "dvar": 1.13889075237e-06,
        "dvar2": 2.81919892586e-06,
        "max": 0.0158618912101,
        "mean": 0.00182392483111,
        "median": 0.000983415637165,
        "min": 7.33430676113e-21,
        "var": 4.76354580314e-06
    },
    "spectral_energyband_low": {
        "dmean": 0.00534193357453,
        "dmean2": 0.00780078209937,
        "dvar": 9.43021077546e-05,
        "dvar2": 0.000156216468895,
        "max": 0.104317672551,
        "mean": 0.0131191406399,
        "median": 0.00577871128917,
        "min": 1.76430760937e-23,
        "var": 0.000374812661903
    },
    "spectral_energyband_middle_high": {
        "dmean": 0.00244017946534,
        "dmean2": 0.00396991940215,
        "dvar": 1.37194156196e-05,
        "dvar2": 3.61223028449e-05,
        "max": 0.0587471276522,
        "mean": 0.00805658474565,
        "median": 0.00523358024657,
        "min": 1.1436779691e-21,
        "var": 7.38706730772e-05
    },
    "spectral_energyband_middle_low": {
        "dmean": 0.00484133465216,
        "dmean2": 0.00786469038576,
        "dvar": 8.90954834176e-05,
        "dvar2": 0.000218270055484,
        "max": 0.0968375355005,
        "mean": 0.00947154685855,
        "median": 0.00688453996554,
        "min": 1.36145767587e-22,
        "var": 0.0001014231093
    },
    "spectral_entropy": {
        "dmean": 0.136884361506,
        "dmean2": 0.212435483932,
        "dvar": 0.0282618124038,
        "dvar2": 0.0617400668561,
        "max": 9.81965923309,
        "mean": 7.63287401199,
        "median": 7.88089752197,
        "min": 5.54104471207,
        "var": 0.445341676474
    },
    "spectral_flux": {
        "dmean": 0.0235053896904,
        "dmean2": 0.0323554463685,
        "dvar": 0.000759760907385,
        "dvar2": 0.00105803960469,
        "max": 0.363172024488,
        "mean": 0.0938331931829,
        "median": 0.0862261131406,
        "min": 6.4135856348e-11,
        "var": 0.00345479673706
    },
    "spectral_kurtosis": {
        "dmean": 3.3296277523,
        "dmean2": 5.64609718323,
        "dvar": 64.6610031128,
        "dvar2": 191.98991394,
        "max": 187.289367676,
        "mean": 9.56495761871,
        "median": 3.90501928329,
        "min": -1.32846260071,
        "var": 244.05607605
    },
    "spectral_rms": {
        "dmean": 0.00053061300423,
        "dmean2": 0.000828477961477,
        "dvar": 3.35312648758e-07,
        "dvar2": 7.38419998925e-07,
        "max": 0.0102810095996,
        "mean": 0.00505819916725,
        "median": 0.00511077046394,
        "min": 3.15324047255e-12,
        "var": 5.06930609845e-06
    },
    "spectral_rolloff": {
        "dmean": 514.350097656,
        "dmean2": 830.413635254,
        "dvar": 735548.5,
        "dvar2": 1539912.75,
        "max": 19487.5488281,
        "mean": 1807.09960938,
        "median": 1442.72460938,
        "min": 64.599609375,
        "var": 3099152
    },
    "spectral_skewness": {
        "dmean": 0.285682529211,
        "dmean2": 0.473264783621,
        "dvar": 0.237392902374,
        "dvar2": 0.693971097469,
        "max": 10.193318367,
        "mean": 2.00700759888,
        "median": 1.60325407982,
        "min": -0.0870940461755,
        "var": 1.04698705673
    },
    "spectral_spread": {
        "dmean": 465231.78125,
        "dmean2": 712089.125,
        "dvar": 445596041216,
        "dvar2": 861902471168,
        "max": 42341756,
        "mean": 4982612,
        "median": 5508569.5,
        "min": 365573.375,
        "var": 9.34302292378e+12
    },
    "spectral_strongpeak": {
        "dmean": 0.495765447617,
        "dmean2": 0.854410231113,
        "dvar": 0.69594091177,
        "dvar2": 1.71444106102,
        "max": 10.4827756882,
        "mean": 0.949659943581,
        "median": 0.469130665064,
        "min": 0,
        "var": 1.53378212452
    },
    "zerocrossingrate": {
        "dmean": 0.0110535183921,
        "dmean2": 0.012976931408,
        "dvar": 0.000188965816051,
        "dvar2": 0.000209915771848,
        "max": 0.65087890625,
        "mean": 0.0762724429369,
        "median": 0.0625,
        "min": 0.0029296875,
        "var": 0.00262278947048
    },
    "barkbands": {
        "dmean": [0.000163422126207, 0.00471881125122, 0.00235369685106, 0.00213219504803, 0.00224347040057, 0.00107184960507, 0.000817633932456, 0.000553287100047, 0.000619239115622, 0.000539079657756, 0.000916338700335, 0.000431092077633, 0.000776858301833, 0.000364551553503, 0.000426751299528, 0.000224339979468, 0.000238172229729, 0.000250901270192, 0.000231355661526, 0.000140285454108, 0.000140563788591, 0.000106166917249, 8.93694159458e-05, 0.000103588507045, 0.000127135892399, 8.25500246719e-05, 4.03979684052e-05],
        "dmean2": [0.000248115509748, 0.00663780840114, 0.0039859842509, 0.00380905601196, 0.00394477788359, 0.00185850623529, 0.00140988698695, 0.000882860913407, 0.00100701616611, 0.000891348347068, 0.00145802809857, 0.000710137363058, 0.00125781260431, 0.000614805903751, 0.000701830082107, 0.000381077843485, 0.000397381518269, 0.000427538878284, 0.000398144184146, 0.000235192797845, 0.000239715154748, 0.000177539113793, 0.000149345825776, 0.000167641948792, 0.000201770846616, 0.000127986495499, 6.4785584982e-05],
        "dvar": [1.08826050393e-07, 8.07182805147e-05, 5.56587256142e-05, 3.99848468078e-05, 2.70049240498e-05, 4.64210461359e-06, 2.02811497729e-06, 1.18431717056e-06, 1.09709696972e-06, 6.79853826568e-07, 3.09088159156e-06, 5.50496395135e-07, 2.10904863707e-06, 7.02859097146e-07, 5.41639622043e-07, 1.67121982031e-07, 1.49239710368e-07, 1.85661079399e-07, 1.97011900127e-07, 4.96972809572e-08, 6.02218008794e-08, 2.96986026882e-08, 2.59922643409e-08, 3.96169141936e-08, 7.10980643248e-08, 2.44829188034e-08, 6.00124971939e-09],
        "dvar2": [2.45638034357e-07, 0.000122878278489, 0.000144708697917, 0.000107419400592, 7.60891489335e-05, 1.27375460579e-05, 5.61208617e-06, 2.62438197751e-06, 2.65449830295e-06, 1.67520931882e-06, 7.19251966075e-06, 1.34749541303e-06, 5.46163482795e-06, 1.96716337086e-06, 1.39881115047e-06, 4.47123227332e-07, 3.93172172153e-07, 5.19191132753e-07, 5.48432922187e-07, 1.37794486932e-07, 1.68643211396e-07, 8.2060083173e-08, 6.91474326686e-08, 9.87348158787e-08, 1.58862732746e-07, 5.14398159623e-08, 1.59543560585e-08],
        "max": [0.00420149462298, 0.0945021063089, 0.0741070955992, 0.0651624500751, 0.04793933779, 0.0544082969427, 0.0161265172064, 0.025761326775, 0.0205997545272, 0.0165779870003, 0.0354881286621, 0.0149661814794, 0.0274641383439, 0.0283484309912, 0.0195510201156, 0.0139239579439, 0.0125937378034, 0.00583721138537, 0.00602978514507, 0.00360452383757, 0.0033635168802, 0.00281466636807, 0.00218318449333, 0.00320860161446, 0.00636380072683, 0.00366061762907, 0.0014566507889],
        "mean": [0.00027800159296, 0.00988876726478, 0.00201740954071, 0.00194093142636, 0.00271433847956, 0.00161320902407, 0.00111859419849, 0.00091341586085, 0.000940418976825, 0.000799596542493, 0.00221591559239, 0.000630539201666, 0.00137966719922, 0.000527773867361, 0.000777034671046, 0.000394298171159, 0.000441588752437, 0.00043607110274, 0.000415833725128, 0.000303177570459, 0.000310321891448, 0.000257178297034, 0.000219514520722, 0.000251625693636, 0.000287114147795, 0.000241838206421, 0.000106858969957],
        "median": [1.86499746633e-05, 0.00276513257995, 0.000441998941824, 0.000499350950122, 0.00140381674282, 0.0007986552082, 0.000631932984106, 0.000431533990195, 0.000510044686962, 0.000423913123086, 0.000591002928559, 0.000290284573566, 0.00055466091726, 0.000262773333816, 0.000373264017981, 0.000219144436414, 0.000248433963861, 0.000264844973572, 0.000235474348301, 0.000190252831089, 0.000155122688739, 0.000148047343828, 0.00010354227561, 0.000117000425234, 0.000122167664813, 0.000100942183053, 2.08276069316e-05],
        "min": [3.61848944155e-25, 4.62234388478e-24, 1.94156990069e-24, 6.65731255007e-25, 8.01923337406e-24, 1.53079326405e-23, 1.55932588968e-23, 1.32468662871e-23, 1.8425663977e-23, 1.41808791766e-23, 3.0698197116e-23, 2.33361637621e-23, 4.08285058917e-23, 4.52322934961e-23, 5.48135834807e-23, 6.72521592185e-23, 4.98298916031e-23, 1.06739784587e-22, 1.17730762698e-22, 1.54963785735e-22, 2.36874002936e-22, 3.26208625567e-22, 4.30858004486e-22, 6.03711388503e-22, 8.94769003222e-22, 1.38740938211e-21, 2.13338119472e-21],
        "var": [2.72372773225e-07, 0.000278830470052, 4.17003902839e-05, 2.92543700198e-05, 2.07620323636e-05, 5.70978500036e-06, 2.1751152417e-06, 2.75414959106e-06, 1.78631705694e-06, 1.15514865229e-06, 1.84274831554e-05, 9.45514216255e-07, 5.43321402802e-06, 8.03708985586e-07, 1.30439809709e-06, 2.8868871027e-07, 3.70785102177e-07, 2.95099141567e-07, 2.97534199944e-07, 1.32044505108e-07, 1.48846126535e-07, 9.23734049252e-08, 7.71243904296e-08, 1.13744540897e-07, 2.08116659905e-07, 1.12577403399e-07, 2.55189753773e-08]
    },
    "erbbands": {
        "dmean": [0.133861258626, 1.13544523716, 2.44449448586, 4.94616127014, 8.28904819489, 7.05817317963, 7.30135202408, 9.81920433044, 10.3801307678, 11.0450792313, 12.2944574356, 15.8602666855, 13.7073812485, 27.7215747833, 34.93957901, 16.5511703491, 32.4304885864, 22.4154167175, 24.9237670898, 11.6041154861, 11.1321487427, 11.7346811295, 13.0627441406, 11.4804134369, 12.005437851, 6.33631086349, 5.91951847076, 5.38756275177, 4.0238275528, 2.99732398987, 2.52411460876, 2.04493236542, 1.95443749428, 1.57654559612, 0.878081321716, 0.390554457903, 0.160148158669, 0.0542357005179, 0.00689436029643, 9.35749267228e-05],
        "dmean2": [0.182790130377, 1.54380095005, 3.70833826065, 8.40830516815, 14.3819160461, 12.3620853424, 12.8205451965, 16.8093452454, 17.8714256287, 18.7292442322, 19.5933265686, 25.4174499512, 22.9667854309, 43.3515586853, 56.7568740845, 27.8556137085, 52.6034698486, 37.1179466248, 40.8258171082, 19.2109050751, 18.7797966003, 19.5772457123, 21.7912998199, 19.6801071167, 20.7739963531, 10.6603107452, 10.1002655029, 9.23679256439, 6.74312210083, 4.9862742424, 4.20611524582, 3.31617426872, 3.21165156364, 2.54065823555, 1.3793618679, 0.61068457365, 0.252961069345, 0.086337223649, 0.0111381961033, 0.000150454827235],
        "dvar": [0.0537522248924, 5.14790344238, 44.7793807983, 210.613082886, 512.706481934, 204.086776733, 183.864578247, 427.318267822, 357.370849609, 341.415771484, 728.393920898, 720.060668945, 579.342712402, 1961.79162598, 5496.4921875, 783.943603516, 3538.29003906, 2216.02587891, 1883.38989258, 360.042663574, 352.594390869, 417.203918457, 423.316589355, 451.191833496, 614.260498047, 103.165184021, 101.632026672, 97.3901824951, 42.4735984802, 25.7602729797, 20.416595459, 13.4466323853, 16.1178646088, 11.4690637589, 3.20069336891, 0.545770823956, 0.0922359824181, 0.0101575497538, 0.000177818277734, 3.04361229553e-08],
        "dvar2": [0.100960165262, 7.15201377869, 106.308265686, 545.356140137, 1396.10693359, 575.190490723, 522.509277344, 1153.63171387, 990.963134766, 898.909667969, 1599.13977051, 1707.96606445, 1484.89501953, 4460.13769531, 13646.3408203, 2111.42114258, 9244.29394531, 6068.98974609, 4900.3125, 946.059631348, 923.696960449, 1101.35510254, 1142.80957031, 1265.26855469, 1717.0871582, 285.533660889, 285.412231445, 273.550506592, 116.118041992, 69.8380203247, 54.3907279968, 34.0690422058, 40.3549308777, 25.9996414185, 7.16120815277, 1.18302023411, 0.198339134455, 0.0253607518971, 0.000474753906019, 8.03995234833e-08],
        "max": [2.60648441315, 25.3712425232, 72.5814743042, 154.740905762, 221.348007202, 172.921951294, 177.118225098, 653.398803711, 226.944366455, 461.260803223, 681.05279541, 542.164306641, 533.561218262, 890.800720215, 1459.22412109, 496.715179443, 1198.09570312, 1677.71569824, 1062.99682617, 413.058013916, 414.664855957, 733.41015625, 379.458312988, 268.973052979, 410.230651855, 170.404052734, 148.980484009, 115.151626587, 98.3277053833, 85.7798690796, 61.0248413086, 51.0305023193, 67.700592041, 77.4290237427, 47.6503295898, 18.2331352234, 7.03811120987, 1.85338938236, 0.276356935501, 0.00356932147406],
        "mean": [0.264062643051, 2.24511408806, 2.87978124619, 4.70130586624, 8.49527931213, 8.60325527191, 9.60692691803, 14.7184009552, 14.6337251663, 17.1180229187, 21.0231609344, 25.3828163147, 21.0522861481, 52.1541061401, 81.7755508423, 28.8663825989, 58.6435127258, 40.4731254578, 46.9808158875, 23.5780563354, 21.7559204102, 23.4823360443, 25.3339519501, 21.1236343384, 20.8088302612, 13.9957036972, 12.9080591202, 11.4239912033, 9.5949344635, 7.45634317398, 6.10241937637, 5.10290050507, 4.32868242264, 3.33068394661, 1.96437716484, 1.03129911423, 0.438233405352, 0.159066662192, 0.0175730660558, 0.000289430550765],
        "median": [0.0571683198214, 0.490513771772, 0.7969789505, 1.35319423676, 2.91089248657, 4.40887641907, 4.59651136398, 6.82120847702, 8.63255500793, 10.1708984375, 9.52362251282, 14.4079818726, 12.5100402832, 23.5305194855, 20.7188644409, 14.5086555481, 25.0083961487, 23.2886390686, 22.6510429382, 15.0694389343, 13.3099946976, 14.3289089203, 15.827703476, 12.5824718475, 12.081328392, 8.84700393677, 6.92026233673, 5.81800174713, 5.71109437943, 3.69534564018, 2.80418944359, 2.32101869583, 1.96592855453, 1.38186264038, 0.811208367348, 0.443180203438, 0.178093194962, 0.0475004464388, 0.003372753039, 0.000124429207062],
        "min": [1.36207475442e-22, 9.10275711456e-22, 2.32905040511e-21, 9.24375546218e-21, 9.30319291284e-21, 2.97670863132e-20, 3.7212839506e-20, 1.08451637187e-19, 1.55224810493e-19, 2.06508871098e-19, 3.14213189376e-19, 3.24331159231e-19, 6.63524892913e-19, 6.98852484406e-19, 9.84186420453e-19, 1.24147681408e-18, 1.7728230014e-18, 2.28462384142e-18, 2.42079741579e-18, 4.05380290543e-18, 3.62811508269e-18, 3.86054704456e-18, 6.16195582817e-18, 7.15175063657e-18, 7.27031374249e-18, 8.02244343089e-18, 8.36515014893e-18, 8.61803249708e-18, 1.10768152874e-17, 9.15190975367e-18, 1.15813871892e-17, 1.00444186095e-17, 1.06832609499e-17, 8.85286990017e-18, 7.09311759321e-18, 4.52947766617e-18, 2.50657128902e-18, 1.03232967627e-18, 2.65927374148e-19, 2.50523749259e-20],
        "var": [0.178284943104, 16.9545688629, 49.6881980896, 163.147140503, 392.897338867, 177.31149292, 207.528915405, 564.99798584, 351.865875244, 454.270141602, 1736.25073242, 1258.70385742, 828.199401855, 6382.16259766, 27167.3710938, 1450.10620117, 9310.47753906, 3177.44360352, 4992.31982422, 756.209106445, 742.634338379, 1061.97949219, 932.765563965, 726.11517334, 809.66607666, 278.554077148, 254.647262573, 207.422409058, 128.666702271, 85.3210525513, 59.9788970947, 43.2428474426, 38.8843383789, 31.2504520416, 9.10252571106, 2.19275665283, 0.378387242556, 0.049958717078, 0.000701389042661, 1.46275951352e-07]
    },
    "gfcc": {
        "mean": [2.14789390564, 78.5209884644, -113.837921143, 1.75710880756, -47.2922019958, 7.00541877747, -34.7714271545, 5.06822347641, -27.9985237122, 3.16894459724, -15.803352356, 2.32742190361, -12.951584816],
        "cov": [[22027.578125, -5539.26806641, 2516.3359375, 3202.14672852, 0.690535306931, 2069.92236328, 574.149658203, 1192.44226074, 32.6068344116, 912.193908691, -2.49765086174, 1013.3293457, -93.414024353], [-5539.26806641, 3460.74658203, -1335.74121094, -1228.18518066, -36.7957191467, -969.036132812, -281.054382324, -510.898071289, -95.1194076538, -439.768005371, -21.6216487885, -487.575897217, -1.92824697495], [2516.3359375, -1335.74121094, 1777.28942871, 967.241516113, 31.2251472473, 747.842224121, 205.453201294, 437.393249512, 107.776184082, 263.626617432, -92.2287521362, 274.965881348, -69.3305969238], [3202.14672852, -1228.18518066, 967.241516113, 1022.3939209, 88.8172454834, 545.542053223, 205.557769775, 360.474700928, 73.8541870117, 218.860290527, -21.5653915405, 226.381256104, -34.9662132263], [0.690535306931, -36.7957191467, 31.2251472473, 88.8172454834, 317.747924805, 111.117538452, 111.022918701, 36.4980583191, 56.152256012, 48.0111961365, 49.8907852173, 24.7461490631, 15.0823326111], [2069.92236328, -969.036132812, 747.842224121, 545.542053223, 111.117538452, 610.530212402, 220.684692383, 271.438995361, 58.9841537476, 184.932922363, -3.52367687225, 184.813095093, -9.80708122253], [574.149658203, -281.054382324, 205.453201294, 205.557769775, 111.022918701, 220.684692383, 236.177078247, 133.561569214, 72.2997894287, 89.3611602783, 39.8223114014, 78.8576965332, 25.6996860504], [1192.44226074, -510.898071289, 437.393249512, 360.474700928, 36.4980583191, 271.438995361, 133.561569214, 286.379669189, 89.5835418701, 120.188858032, 21.2674045563, 125.592338562, 6.72599506378], [32.6068344116, -95.1194076538, 107.776184082, 73.8541870117, 56.152256012, 58.9841537476, 72.2997894287, 89.5835418701, 136.063446045, 67.0802993774, 43.8383598328, 45.583404541, 29.3487625122], [912.193908691, -439.768005371, 263.626617432, 218.860290527, 48.0111961365, 184.932922363, 89.3611602783, 120.188858032, 67.0802993774, 155.605209351, 45.6811676025, 90.776473999, 9.986743927], [-2.49765086174, -21.6216487885, -92.2287521362, -21.5653915405, 49.8907852173, -3.52367687225, 39.8223114014, 21.2674045563, 43.8383598328, 45.6811676025, 108.981750488, 39.1041641235, 40.4363975525], [1013.3293457, -487.575897217, 274.965881348, 226.381256104, 24.7461490631, 184.813095093, 78.8576965332, 125.592338562, 45.583404541, 90.776473999, 39.1041641235, 166.615005493, 37.5430183411], [-93.414024353, -1.92824697495, -69.3305969238, -34.9662132263, 15.0823326111, -9.80708122253, 25.6996860504, 6.72599506378, 29.3487625122, 9.986743927, 40.4363975525, 37.5430183411, 76.9822692871]],
        "icov": [[0.000120999597129, 3.34761571139e-05, 0.000188173711649, -0.000307961192448, 0.000107816391392, -0.000185378579772, 0.000119808937598, -5.21779147675e-05, 0.000195209882804, -0.000284456065856, 0.00011673552217, -0.000318210950354, 0.000153427215992], [3.34761571139e-05, 0.000826582370792, -0.000162895579706, 0.000357087003067, -0.000242291062023, 0.000671243120451, -0.000336843950208, -0.000186790188309, -0.000134673144203, 0.00100146431942, -0.000354045536369, 0.00119581876788, -0.000137219714816], [0.000188173711649, -0.000162895579706, 0.00222054379992, -0.00125604716595, 0.00051273725694, -0.00172016234137, 0.000884060573298, -0.000433165667346, -0.000612070725765, -0.00121918437071, 0.00198717671447, -0.00176320318133, 0.0012842908036], [-0.000307961192448, 0.000357087003067, -0.00125604716595, 0.00388485193253, -0.000856727303471, 0.00062419322785, -0.000821758818347, -0.00150017440319, 0.000322690728353, 0.000212685510633, 0.00027146647335, 0.000289435964078, 0.000487004988827], [0.000107816391392, -0.000242291062023, 0.00051273725694, -0.000856727303471, 0.00448860321194, -0.00142950948793, -0.00115905643906, 0.00119963276666, -0.00120086257812, -8.18065309431e-05, -0.00142789096572, 9.12464238354e-05, 0.000591966032516], [-0.000185378579772, 0.000671243120451, -0.00172016234137, 0.00062419322785, -0.00142950948793, 0.00715122744441, -0.00330628501251, -0.00141941895708, 0.00203720945865, -0.00108317227568, 0.0008892918122, -0.000160693874932, -7.98286127974e-05], [0.000119808937598, -0.000336843950208, 0.000884060573298, -0.000821758818347, -0.00115905643906, -0.00330628501251, 0.00896362960339, -0.00136702496093, -0.00153897947166, -0.000838291249238, -0.000501511036418, -9.53876588028e-05, -0.00150179071352], [-5.21779147675e-05, -0.000186790188309, -0.000433165667346, -0.00150017440319, 0.00119963276666, -0.00141941895708, -0.00136702496093, 0.00974690262228, -0.00389384990558, 9.11475945031e-05, -0.000847795803566, -0.00175031356048, 0.000821004214231], [0.000195209882804, -0.000134673144203, -0.000612070725765, 0.000322690728353, -0.00120086257812, 0.00203720945865, -0.00153897947166, -0.00389384990558, 0.0137192178518, -0.00468204077333, -0.00108141358942, 0.000305746158119, -0.00302638486028], [-0.000284456065856, 0.00100146431942, -0.00121918437071, 0.000212685510633, -8.18065309431e-05, -0.00108317227568, -0.000838291249238, 9.11475945031e-05, -0.00468204077333, 0.0179874170572, -0.00701337726787, 0.000685088452883, 0.00162975897547], [0.00011673552217, -0.000354045536369, 0.00198717671447, 0.00027146647335, -0.00142789096572, 0.0008892918122, -0.000501511036418, -0.000847795803566, -0.00108141358942, -0.00701337726787, 0.0181357879192, -0.00470400322229, -0.00322970352136], [-0.000318210950354, 0.00119581876788, -0.00176320318133, 0.000289435964078, 9.12464238354e-05, -0.000160693874932, -9.53876588028e-05, -0.00175031356048, 0.000305746158119, 0.000685088452883, -0.00470400322229, 0.017969045788, -0.00816402863711], [0.000153427215992, -0.000137219714816, 0.0012842908036, 0.000487004988827, 0.000591966032516, -7.98286127974e-05, -0.00150179071352, 0.000821004214231, -0.00302638486028, 0.00162975897547, -0.00322970352136, -0.00816402863711, 0.0214743465185]]
    },
    "melbands": {
        "dmean": [0.00126250286121, 0.00116951740347, 0.000923638173845, 0.000549273390789, 0.000255402439507, 0.000212139013456, 0.000165297678905, 0.000114457507152, 9.56350922934e-05, 0.000105721672298, 6.84946353431e-05, 0.000109830354631, 0.000110413006041, 6.55330732116e-05, 3.21307015838e-05, 9.85370497801e-05, 3.84874583688e-05, 4.14770292991e-05, 2.34067865676e-05, 1.7413894966e-05, 1.40804177136e-05, 1.35023210532e-05, 1.30904745674e-05, 1.17333747767e-05, 9.69030134002e-06, 1.04706441562e-05, 6.54791165289e-06, 4.39901123173e-06, 4.19301159127e-06, 3.80346273232e-06, 3.17026569974e-06, 2.60234924099e-06, 2.12612872019e-06, 1.75557431703e-06, 1.61715558988e-06, 1.48328331306e-06, 1.33694186388e-06, 1.46242177834e-06, 1.50879577632e-06, 1.38070311095e-06],
        "dmean2": [0.00173323089257, 0.00162119034212, 0.00154998747166, 0.000954401039053, 0.000448330858489, 0.000364828360034, 0.000283767847577, 0.000191712664673, 0.000152916880324, 0.000169952647411, 0.000115196526167, 0.000172057829332, 0.000178045971552, 0.000107403844595, 5.34422069904e-05, 0.000158651353559, 6.44437241135e-05, 6.79467193549e-05, 3.85231833206e-05, 2.9353715945e-05, 2.39826131292e-05, 2.27971104323e-05, 2.16198513954e-05, 2.0036346541e-05, 1.66054360307e-05, 1.82204094017e-05, 1.11445715447e-05, 7.44658063923e-06, 7.15516262062e-06, 6.5472308961e-06, 5.39382790521e-06, 4.37466451331e-06, 3.55999941348e-06, 2.94043729809e-06, 2.74321314464e-06, 2.46526019509e-06, 2.18913555727e-06, 2.43173940362e-06, 2.46778108703e-06, 2.24942618843e-06],
        "dvar": [4.94860205436e-06, 6.79540289639e-06, 6.55703979646e-06, 1.73680507487e-06, 2.15070116383e-07, 1.93848393337e-07, 8.48635224315e-08, 3.49810314049e-08, 4.33245332943e-08, 3.18817967582e-08, 1.48989620641e-08, 3.0060395062e-08, 4.95181495808e-08, 1.33431443672e-08, 2.86126966564e-09, 3.74922741742e-08, 7.81450371079e-09, 5.17335374539e-09, 1.56892154823e-09, 1.17940179845e-09, 6.10856309979e-10, 6.02172256503e-10, 4.23337725985e-10, 4.61319898948e-10, 2.93598839685e-10, 4.59050963908e-10, 1.28237004349e-10, 5.36382917249e-11, 5.21978710255e-11, 4.41863594325e-11, 3.0065647888e-11, 1.79510850629e-11, 1.30687752287e-11, 9.07062532723e-12, 8.46135401328e-12, 7.06407068257e-12, 5.82208847105e-12, 8.78955241923e-12, 9.83067967308e-12, 9.04323924772e-12],
        "dvar2": [7.86786586104e-06, 1.25334954646e-05, 1.61522420967e-05, 4.83429539599e-06, 6.11781388216e-07, 5.26691565028e-07, 2.35118505998e-07, 8.87634143965e-08, 9.60016564022e-08, 7.57415392627e-08, 3.81870677302e-08, 6.84407766016e-08, 1.19961981682e-07, 3.35785088623e-08, 7.6022734774e-09, 9.67356115211e-08, 2.17491038512e-08, 1.34550361963e-08, 4.05972233608e-09, 3.18022963519e-09, 1.58614621437e-09, 1.56390433936e-09, 1.12282283471e-09, 1.29110644398e-09, 8.15261080866e-10, 1.29427835116e-09, 3.49035217395e-10, 1.48822815182e-10, 1.46617704089e-10, 1.24919199984e-10, 8.41097677617e-11, 4.92031450305e-11, 3.68161577613e-11, 2.49600860813e-11, 2.325748448e-11, 1.84563822558e-11, 1.50457563075e-11, 2.27995435031e-11, 2.3667684132e-11, 2.05214439192e-11],
        "max": [0.0241177547723, 0.0311986021698, 0.0250522140414, 0.0121995918453, 0.00615602266043, 0.0129590788856, 0.00354710267857, 0.00454086065292, 0.00504545820877, 0.00338022550568, 0.0027696499601, 0.00327453319915, 0.00514775840566, 0.00226075388491, 0.00168084027246, 0.00377963087521, 0.00309971743263, 0.00148267718032, 0.00101356208324, 0.0013291912619, 0.000551541568711, 0.00103337015025, 0.00051116157556, 0.000322347157635, 0.000238199703745, 0.000297566613881, 0.00017737755843, 0.000117798328574, 0.000101040350273, 7.38639282645e-05, 6.34990792605e-05, 6.72269088682e-05, 6.5055959567e-05, 5.89800292801e-05, 4.66256460641e-05, 3.46259075741e-05, 3.23468702845e-05, 4.53355532954e-05, 6.90632077749e-05, 7.42058909964e-05],
        "mean": [0.00264400569722, 0.00210096873343, 0.000938353827223, 0.00063586269971, 0.000342405139236, 0.000318425678415, 0.000234921419178, 0.000184475153219, 0.000157525690156, 0.000161916541401, 9.7790871223e-05, 0.000192026098375, 0.000264622940449, 0.000123830439406, 5.15744795848e-05, 0.000171353400219, 5.78538893024e-05, 7.468558033e-05, 4.23992823926e-05, 2.96401467494e-05, 2.46320196311e-05, 2.45893043029e-05, 2.47453481279e-05, 1.98149791686e-05, 1.65221936186e-05, 1.62322758115e-05, 1.20902714116e-05, 8.65709171194e-06, 8.25875031296e-06, 7.31088266548e-06, 6.28087218502e-06, 5.64716947338e-06, 4.57554415334e-06, 3.974662377e-06, 3.53526093022e-06, 3.25809855894e-06, 3.07339632855e-06, 3.00813212561e-06, 2.98321583614e-06, 2.75852084997e-06],
        "median": [0.000704667996615, 0.000585708301514, 0.000305769615807, 0.000290505238809, 0.000181727780728, 0.000151362168253, 0.00013792036043, 0.000111242341518, 6.8134686444e-05, 8.70226358529e-05, 5.37462838111e-05, 8.67820126587e-05, 6.98645744706e-05, 4.36572154285e-05, 3.18823804264e-05, 6.11467548879e-05, 3.11213807436e-05, 3.32864947268e-05, 2.3460972443e-05, 1.57113136083e-05, 1.3894512449e-05, 1.38778605105e-05, 1.42686285471e-05, 1.16702394735e-05, 8.97571135283e-06, 8.28763859317e-06, 7.06567334419e-06, 4.90614820592e-06, 4.16879993281e-06, 3.42196494785e-06, 3.15118882099e-06, 3.24475740854e-06, 2.43143017542e-06, 1.87011403341e-06, 1.60403465088e-06, 1.38567895647e-06, 1.3559567833e-06, 1.33431387894e-06, 1.28872375171e-06, 1.09096640699e-06],
        "min": [2.06732024544e-24, 1.56851323988e-24, 3.00011217548e-24, 1.27720544581e-24, 1.34869517649e-24, 2.70925048226e-24, 2.77615180348e-24, 2.35713275366e-24, 2.41417863838e-24, 2.23271854207e-24, 3.30609061302e-24, 2.50644282378e-24, 3.94106270222e-24, 2.77527892888e-24, 2.72107747938e-24, 3.70020571848e-24, 4.35275777017e-24, 3.74360411232e-24, 5.12059395454e-24, 3.96771791777e-24, 3.91341312749e-24, 2.90309707528e-24, 5.05478481125e-24, 4.97634442713e-24, 5.14970804954e-24, 4.74169222885e-24, 4.69928622203e-24, 5.08125582778e-24, 4.1954541725e-24, 5.4044541128e-24, 4.96254370003e-24, 5.46168005502e-24, 6.17130540434e-24, 4.43170499741e-24, 5.7486502974e-24, 4.99136197219e-24, 6.30722771603e-24, 6.78869398117e-24, 5.99489638441e-24, 7.97130691863e-24],
        "var": [1.84657128557e-05, 1.5715493646e-05, 5.68451923755e-06, 1.35889331432e-06, 2.28059647611e-07, 2.44672804683e-07, 8.8035186252e-08, 5.28393542254e-08, 1.00655093149e-07, 5.41782796404e-08, 2.04938537252e-08, 8.51054053896e-08, 2.70216617082e-07, 4.4037918201e-08, 4.14185352682e-09, 9.56846051281e-08, 8.76201600164e-09, 1.35526745382e-08, 3.17278736617e-09, 1.85856663393e-09, 1.13467513163e-09, 1.43646394779e-09, 1.02176012096e-09, 6.50151377179e-10, 4.92528295926e-10, 5.50683831868e-10, 2.43763509378e-10, 1.22076085352e-10, 1.13587951545e-10, 9.0757859561e-11, 6.44127598481e-11, 4.76875310074e-11, 3.27904925435e-11, 2.62372536891e-11, 2.10585906352e-11, 1.83932938325e-11, 1.65815607772e-11, 1.87063559087e-11, 2.27529783209e-11, 2.38573241024e-11]
    },
    "mfcc": {
        "mean": [-642.692687988, 123.783843994, -9.19609832764, 3.98013448715, 2.6098754406, -0.00370818935335, 2.23457074165, -0.611792623997, -3.45185852051, -3.49793577194, 0.162252023816, -3.83713150024, -2.43896460533],
        "cov": [[12896.8984375, -3932.1472168, 1443.04553223, 1277.95483398, 638.677734375, 1117.78894043, 896.812866211, 806.073181152, 606.485900879, 526.739685059, 284.752227783, 469.261657715, 422.777526855], [-3932.1472168, 2953.46801758, -854.843017578, -481.270355225, -240.195465088, -536.501647949, -356.166320801, -372.207366943, -296.841156006, -268.460296631, -109.992713928, -253.547149658, -200.615966797], [1443.04553223, -854.843017578, 1242.66418457, 431.426116943, 183.185012817, 354.105651855, 198.522476196, 289.726379395, 276.661804199, 169.678421021, 110.025817871, 132.665786743, 116.413360596], [1277.95483398, -481.270355225, 431.426116943, 507.839630127, 178.249862671, 189.387710571, 169.468521118, 177.93951416, 157.278182983, 107.478942871, 94.2938613892, 90.2105712891, 61.6637229919], [638.677734375, -240.195465088, 183.185012817, 178.249862671, 225.41267395, 146.490158081, 99.351272583, 104.035980225, 76.3193359375, 71.2132568359, 48.8400230408, 60.7633552551, 42.0508308411], [1117.78894043, -536.501647949, 354.105651855, 189.387710571, 146.490158081, 353.460906982, 204.099349976, 156.890136719, 144.657196045, 110.674888611, 50.6901168823, 88.6819152832, 66.2477722168], [896.812866211, -356.166320801, 198.522476196, 169.468521118, 99.351272583, 204.099349976, 240.433380127, 155.143859863, 107.836685181, 100.867546082, 59.1616249084, 57.7825584412, 60.5569229126], [806.073181152, -372.207366943, 289.726379395, 177.93951416, 104.035980225, 156.890136719, 155.143859863, 221.73890686, 142.918121338, 87.1679534912, 63.1722145081, 73.2573623657, 72.4853134155], [606.485900879, -296.841156006, 276.661804199, 157.278182983, 76.3193359375, 144.657196045, 107.836685181, 142.918121338, 171.401702881, 96.6982498169, 52.5916252136, 69.3414916992, 56.3058700562], [526.739685059, -268.460296631, 169.678421021, 107.478942871, 71.2132568359, 110.674888611, 100.867546082, 87.1679534912, 96.6982498169, 142.050537109, 70.1138153076, 47.9231872559, 52.6165390015], [284.752227783, -109.992713928, 110.025817871, 94.2938613892, 48.8400230408, 50.6901168823, 59.1616249084, 63.1722145081, 52.5916252136, 70.1138153076, 98.1337661743, 47.2486763, 33.1959381104], [469.261657715, -253.547149658, 132.665786743, 90.2105712891, 60.7633552551, 88.6819152832, 57.7825584412, 73.2573623657, 69.3414916992, 47.9231872559, 47.2486763, 113.600097656, 61.4377174377], [422.777526855, -200.615966797, 116.413360596, 61.6637229919, 42.0508308411, 66.2477722168, 60.5569229126, 72.4853134155, 56.3058700562, 52.6165390015, 33.1959381104, 61.4377174377, 101.577964783]],
