{
"lowlevel": {
    "average_loudness": 0.941918253899,
    "barkbands_crest": {
        "dmean": 2.71655917168,
        "dmean2": 4.30486440659,
        "dvar": 7.33631944656,
        "dvar2": 16.63621521,
        "max": 26.8082675934,
        "mean": 9.01652812958,
        "median": 7.93266916275,
        "min": 1.63791894913,
        "var": 19.0334186554
    },
    "barkbands_flatness_db": {
        "dmean": 0.0214017815888,
        "dmean2": 0.0330370180309,
        "dvar": 0.000752304622438,
        "dvar2": 0.00176741671748,
        "max": 0.662372887135,
        "mean": 0.0937820598483,
        "median": 0.0756471604109,
        "min": 0.0132893119007,
        "var": 0.00427824445069
    },
    "barkbands_kurtosis": {
        "dmean": 2.37063908577,
        "dmean2": 4.13382673264,
        "dvar": 646.583740234,
        "dvar2": 1904.29296875,
        "max": 1343.18640137,
        "mean": 1.24824142456,
        "median": -0.513184309006,
        "min": -1.96439099312,
        "var": 381.355499268
    },
    "barkbands_skewness": {
        "dmean": 0.482254892588,
        "dmean2": 0.750118255615,
        "dvar": 0.872818470001,
        "dvar2": 2.34177994728,
        "max": 33.5448265076,
        "mean": 0.676759958267,
        "median": 0.6141949296,
        "min": -8.58154582977,
        "var": 1.37027239799
    },
    "barkbands_spread": {
        "dmean": 7.57598829269,
        "dmean2": 11.6953525543,
        "dvar": 66.5736160278,
        "dvar2": 153.980987549,
        "max": 142.274169922,
        "mean": 40.656211853,
        "median": 40.2892684937,
        "min": 0.170677989721,
        "var": 333.979827881
    },
    "dissonance": {
        "dmean": 0.0172988343984,
        "dmean2": 0.0293460730463,
        "dvar": 0.000538232154213,
        "dvar2": 0.0014848735882,
        "max": 0.500000059605,
        "mean": 0.471474766731,
        "median": 0.481664657593,
        "min": 0.123262144625,
        "var": 0.00113288511056
    },
    "dynamic_complexity": 1.8814842701,
    "erbbands_crest": {
        "dmean": 2.15682435036,
        "dmean2": 3.51209831238,
        "dvar": 5.1778087616,
        "dvar2": 12.5120859146,
        "max": 29.9797210693,
        "mean": 7.49043416977,
        "median": 6.33848047256,
        "min": 2.1931347847,
        "var": 16.8822383881
    },
    "erbbands_flatness_db": {
        "dmean": 0.016959046945,
        "dmean2": 0.025120543316,
        "dvar": 0.000385801598895,
        "dvar2": 0.000817051273771,
        "max": 0.523256659508,
        "mean": 0.134625986218,
        "median": 0.117742843926,
        "min": 0.0361778624356,
        "var": 0.00396358221769
    },
    "erbbands_kurtosis": {
        "dmean": 0.9086997509,
        "dmean2": 1.46334636211,
        "dvar": 9.45837593079,
        "dvar2": 21.742647171,
        "max": 160.216110229,
        "mean": 0.464537411928,
        "median": -0.206114292145,
        "min": -1.86080801487,
        "var": 12.5868701935
    },
    "erbbands_skewness": {
        "dmean": 0.327495276928,
        "dmean2": 0.506072282791,
        "dvar": 0.177541732788,
        "dvar2": 0.407211363316,
        "max": 7.57672357559,
        "mean": -0.060420487076,
        "median": -0.0659494251013,
        "min": -6.48850440979,
        "var": 0.522251665592
    },
    "erbbands_spread": {
        "dmean": 7.83503437042,
        "dmean2": 12.115322113,
        "dvar": 83.5763244629,
        "dvar2": 193.986801147,
        "max": 173.79045105,
        "mean": 40.6092987061,
        "median": 40.0496826172,
        "min": 0.940131962299,
        "var": 267.422454834
    },
    "hfc": {
        "dmean": 10.5257921219,
        "dmean2": 16.7336006165,
        "dvar": 146.412399292,
        "dvar2": 367.809753418,
        "max": 195.793304443,
        "mean": 43.5983276367,
        "median": 42.3517723083,
        "min": 1.04857755491e-16,
        "var": 750.681945801
    },
    "melbands_crest": {
        "dmean": 3.79134845734,
        "dmean2": 6.05046129227,
        "dvar": 12.2754888535,
        "dvar2": 29.9324550629,
        "max": 39.8106117249,
        "mean": 14.5522689819,
        "median": 14.2043447495,
        "min": 1.60073924065,
        "var": 35.0972251892
    },
    "melbands_flatness_db": {
        "dmean": 0.0282035730779,
        "dmean2": 0.0421852916479,
        "dvar": 0.00111072021537,
        "dvar2": 0.00262299762107,
        "max": 0.777973711491,
        "mean": 0.136480465531,
        "median": 0.122564338148,
        "min": 0.00276022544131,
        "var": 0.00505583034828
    },
    "melbands_kurtosis": {
        "dmean": 8.20978164673,
        "dmean2": 13.8281736374,
        "dvar": 26424.9199219,
        "dvar2": 72658.140625,
        "max": 13984.2460938,
        "mean": 9.154504776,
        "median": 3.3030371666,
        "min": -1.88702785969,
        "var": 19561.6855469
    },
    "melbands_skewness": {
        "dmean": 0.720482707024,
        "dmean2": 1.09122812748,
        "dvar": 1.67065417767,
        "dvar2": 4.10993766785,
        "max": 78.9613647461,
        "mean": 2.00189900398,
        "median": 1.73306369781,
        "min": -3.28284668922,
        "var": 3.12008213997
    },
    "melbands_spread": {
        "dmean": 11.8016862869,
        "dmean2": 18.4088668823,
        "dvar": 189.445739746,
        "dvar2": 451.802276611,
        "max": 258.152587891,
        "mean": 46.8437995911,
        "median": 42.9360351562,
        "min": 0.0234083067626,
        "var": 762.053100586
    },
    "pitch_salience": {
        "dmean": 0.0774006024003,
        "dmean2": 0.119452252984,
        "dvar": 0.00581221748143,
        "dvar2": 0.0140434000641,
        "max": 0.969574689865,
        "mean": 0.536469817162,
        "median": 0.542007446289,
        "min": 0.0150533039123,
        "var": 0.0177833065391
    },
    "silence_rate_20dB": {
        "dmean": 0,
        "dmean2": 0,
        "dvar": 0,
        "dvar2": 0,
        "max": 1,
        "mean": 1,
        "median": 1,
        "min": 1,
        "var": 0
    },
    "silence_rate_30dB": {
        "dmean": 0,
        "dmean2": 0,
        "dvar": 0,
        "dvar2": 0,
        "max": 1,
        "mean": 1,
        "median": 1,
        "min": 1,
        "var": 0
    },
    "silence_rate_60dB": {
        "dmean": 0.0191187188029,
        "dmean2": 0.038240917027,
        "dvar": 0.0187537875026,
        "dvar2": 0.0444289967418,
        "max": 1,
        "mean": 0.0524351373315,
        "median": 0,
        "min": 0,
        "var": 0.0496834889054
    },
    "spectral_centroid": {
        "dmean": 295.746185303,
        "dmean2": 462.063049316,
        "dvar": 138492.515625,
        "dvar2": 314563,
        "max": 12074.4033203,
        "mean": 2425.69995117,
        "median": 2336.38549805,
        "min": 38.8652420044,
        "var": 2140263.25
    },
    "spectral_complexity": {
        "dmean": 5.52512741089,
        "dmean2": 8.96640300751,
        "dvar": 30.8778686523,
        "dvar2": 74.5478668213,
        "max": 62,
        "mean": 26.5496578217,
        "median": 27,
        "min": 0,
        "var": 170.570343018
    },
    "spectral_decrease": {
        "dmean": 1.49602341626e-09,
        "dmean2": 2.26303953355e-09,
        "dvar": 2.81766275046e-18,
        "dvar2": 6.40596831861e-18,
        "max": 8.76718973099e-20,
        "mean": -6.05550187771e-09,
        "median": -5.88742432583e-09,
        "min": -2.28244427802e-08,
        "var": 1.22558371735e-17
    },
    "spectral_energy": {
        "dmean": 0.00608775531873,
        "dmean2": 0.00932646449655,
        "dvar": 4.32971173723e-05,
        "dvar2": 9.90182088572e-05,
        "max": 0.0887782275677,
        "mean": 0.0268093794584,
        "median": 0.0270051304251,
        "min": 9.86630500056e-21,
        "var": 0.000212385566556
    },
    "spectral_energyband_high": {
        "dmean": 0.00107662763912,
        "dmean2": 0.00171427172609,
        "dvar": 1.85774877082e-06,
        "dvar2": 4.59347666038e-06,
        "max": 0.0329057052732,
        "mean": 0.00352384126745,
        "median": 0.00314696133137,
        "min": 7.02484266122e-21,
        "var": 8.24731432658e-06
    },
    "spectral_energyband_low": {
        "dmean": 0.00481856195256,
        "dmean2": 0.00691288383678,
        "dvar": 4.77082867292e-05,
        "dvar2": 0.000103257072624,
        "max": 0.0815992951393,
        "mean": 0.00958463549614,
        "median": 0.00477291084826,
        "min": 1.48202004532e-23,
        "var": 0.000136076429044
    },
    "spectral_energyband_middle_high": {
        "dmean": 0.00238398043439,
        "dmean2": 0.00359389558434,
        "dvar": 6.74157899994e-06,
        "dvar2": 1.37770675792e-05,
        "max": 0.0296212192625,
        "mean": 0.00834367796779,
        "median": 0.00798184331506,
        "min": 9.20334155003e-22,
        "var": 2.93280427286e-05
    },
    "spectral_energyband_middle_low": {
        "dmean": 0.00229564053006,
        "dmean2": 0.00356741156429,
        "dvar": 7.29767407393e-06,
        "dvar2": 1.65427572938e-05,
        "max": 0.0438357181847,
        "mean": 0.00589794339612,
        "median": 0.00513985566795,
        "min": 1.36814860474e-22,
        "var": 1.83013908099e-05
    },
    "spectral_entropy": {
        "dmean": 0.171945542097,
        "dmean2": 0.261253446341,
        "dvar": 0.0530371777713,
        "dvar2": 0.112357482314,
        "max": 9.82125663757,
        "mean": 7.98771905899,
        "median": 8.11128425598,
        "min": 4.38103199005,
        "var": 0.355188012123
    },
    "spectral_flux": {
        "dmean": 0.0219049826264,
        "dmean2": 0.0365818664432,
        "dvar": 0.000418032286689,
        "dvar2": 0.0011283820495,
        "max": 0.236546650529,
        "mean": 0.0941600352526,
        "median": 0.0989049002528,
        "min": 6.40534361662e-11,
        "var": 0.0014747614041
    },
    "spectral_kurtosis": {
        "dmean": 1.21427130699,
        "dmean2": 1.92946088314,
        "dvar": 13.8992919922,
        "dvar2": 33.4243049622,
        "max": 108.183494568,
        "mean": 3.32442355156,
        "median": 2.32841491699,
        "min": -1.67277145386,
        "var": 33.404209137
    },
    "spectral_rms": {
        "dmean": 0.000584450783208,
        "dmean2": 0.000887337897439,
        "dvar": 3.48298925701e-07,
        "dvar2": 7.5373452546e-07,
        "max": 0.00930660590529,
        "mean": 0.00483942264691,
        "median": 0.00513288099319,
        "min": 3.10252539805e-12,
        "var": 2.73546947938e-06
    },
    "spectral_rolloff": {
        "dmean": 921.632629395,
        "dmean2": 1503.66833496,
        "dvar": 1480726.5,
        "dvar2": 3147697,
        "max": 19616.7480469,
        "mean": 3667.04931641,
        "median": 3208.44726562,
        "min": 43.06640625,
        "var": 9112776
    },
    "spectral_skewness": {
        "dmean": 0.172012299299,
        "dmean2": 0.27339181304,
        "dvar": 0.0879160761833,
        "dvar2": 0.212229475379,
        "max": 8.71125030518,
        "mean": 1.30398368835,
        "median": 1.22155237198,
        "min": -0.749913811684,
        "var": 0.328342944384
    },
    "spectral_spread": {
        "dmean": 651806.75,
        "dmean2": 989577.375,
        "dvar": 1.03335356006e+12,
        "dvar2": 2.09308522906e+12,
        "max": 50658896,
        "mean": 6652924,
        "median": 5938588.5,
        "min": 603978.8125,
        "var": 2.7935402623e+13
    },
    "spectral_strongpeak": {
        "dmean": 0.68646723032,
        "dmean2": 1.19640219212,
        "dvar": 1.80546379089,
        "dvar2": 4.55733156204,
        "max": 19.2090797424,
        "mean": 1.03705978394,
        "median": 0.473068445921,
        "min": 0,
        "var": 2.45628261566
    },
    "zerocrossingrate": {
        "dmean": 0.015644736588,
        "dmean2": 0.0183013211936,
        "dvar": 0.000343072169926,
        "dvar2": 0.000441968732048,
        "max": 0.615234375,
        "mean": 0.120157636702,
        "median": 0.11181640625,
        "min": 0.00341796875,
        "var": 0.00552295753732
    },
    "barkbands": {
        "dmean": [0.000102413563582, 0.00410841172561, 0.00172094616573, 0.000789863290265, 0.000858796061948, 0.000528518925421, 0.000524317438249, 0.00065264274599, 0.000608336355072, 0.000583319808356, 0.000435770605691, 0.000740546092857, 0.000456089270301, 0.000512076308951, 0.000362741178833, 0.000396032875869, 0.000339225924108, 0.000343218271155, 0.000372827606043, 0.000406969367759, 0.00034733969369, 0.000219644978642, 0.000235549552599, 0.000215783773456, 0.000222004862735, 8.77211568877e-05, 2.04602329177e-05],
        "dmean2": [0.000156228066771, 0.00571222743019, 0.00255756080151, 0.00133861589711, 0.00146908580791, 0.000872742792126, 0.000856226717588, 0.00103641254827, 0.000954456219915, 0.000922067614738, 0.000679422693793, 0.00114374223631, 0.000719337374903, 0.000805354036856, 0.000576969760004, 0.000631410279311, 0.00054853700567, 0.000552544486709, 0.000588517170399, 0.000636077078525, 0.000553718826268, 0.000356733624358, 0.000382335914765, 0.000357297365554, 0.000348598754499, 0.000140078860568, 3.31937299052e-05],
        "dvar": [3.06922771642e-08, 4.53442771686e-05, 9.81211906037e-06, 2.71832050203e-06, 2.35237166635e-06, 9.23424579469e-07, 8.56566998664e-07, 1.47533194195e-06, 1.13211785902e-06, 1.16892044844e-06, 9.35606010444e-07, 1.21818175103e-06, 6.0741302832e-07, 7.70846213527e-07, 4.60631213173e-07, 4.26789881658e-07, 2.66652421033e-07, 3.05135301915e-07, 5.20595449416e-07, 5.20812193372e-07, 2.08097958421e-07, 9.16453117839e-08, 1.95114523649e-07, 1.37625605134e-07, 2.08816970826e-07, 1.96056788582e-08, 1.13387488287e-09],
        "dvar2": [6.35667660731e-08, 9.53452981776e-05, 1.95753837033e-05, 6.74850980431e-06, 6.21162507741e-06, 2.14735473492e-06, 1.9926915229e-06, 3.5131936329e-06, 2.34351432482e-06, 2.48631931754e-06, 1.84617886134e-06, 2.59375019596e-06, 1.3481347878e-06, 1.60022364071e-06, 1.00079455478e-06, 1.00166573702e-06, 6.02250622705e-07, 7.29208807115e-07, 1.17325168958e-06, 1.11880456188e-06, 5.01262888974e-07, 2.29463338997e-07, 4.66290856593e-07, 3.43805908187e-07, 4.33078554352e-07, 4.85614535251e-08, 2.81700418547e-09],
        "max": [0.00233353464864, 0.0790720582008, 0.0431604646146, 0.025081384927, 0.0197940468788, 0.0243363473564, 0.0193663425744, 0.0198249220848, 0.0294188559055, 0.0265080165118, 0.0243708230555, 0.0203082691878, 0.0158032160252, 0.0183464288712, 0.0178738962859, 0.0150005752221, 0.0112713808194, 0.0142643461004, 0.0166923701763, 0.0311615504324, 0.0103871794418, 0.00679317116737, 0.0170243382454, 0.0097237592563, 0.00891351141036, 0.00213772966526, 0.000523864931893],
        "mean": [0.000182754884008, 0.0067214188166, 0.00223330641165, 0.000767018005718, 0.00110300607048, 0.000827123236377, 0.000827404786833, 0.00111590628512, 0.00111366587225, 0.000984320417047, 0.000733344466425, 0.00141697318759, 0.00077160197543, 0.000872970558703, 0.000632341427263, 0.000711721309926, 0.000596300582401, 0.00060410698643, 0.000667652173433, 0.000862332526594, 0.000832485791761, 0.000520926900208, 0.000516900792718, 0.000477943191072, 0.000473197957035, 0.000199619113118, 4.29901847383e-05],
        "median": [3.08451926685e-05, 0.00194465112872, 0.000713016837835, 0.000164072596817, 0.000350374670234, 0.000411777611589, 0.000333673437126, 0.00045332958689, 0.000492535182275, 0.0004279226996, 0.000247057323577, 0.000709096319042, 0.000400868826546, 0.000452770269476, 0.00032613350777, 0.000413403380662, 0.00033686804818, 0.000336903292919, 0.000347756955307, 0.000514601415489, 0.000665750645567, 0.000410353619372, 0.000359925616067, 0.00032009347342, 0.000302466767607, 0.000128347062855, 1.91756862478e-05],
        "min": [6.33020693838e-26, 2.58892197851e-24, 7.52013803984e-25, 3.90434477695e-25, 8.02918406552e-24, 5.15535195489e-24, 5.18423925238e-24, 6.20259714986e-24, 1.15038852168e-23, 1.22770675115e-23, 8.57505609041e-24, 8.7168806594e-24, 2.72963953898e-23, 2.96591253088e-23, 3.87878205486e-23, 4.89088680973e-23, 6.0680783795e-23, 7.46705693059e-23, 1.02994613797e-22, 1.08003994141e-22, 2.12626362463e-22, 2.83003407986e-22, 3.56759277295e-22, 5.07836036116e-22, 8.60620539921e-22, 1.24386406137e-21, 1.81844409144e-21],
        "var": [9.70176472492e-08, 0.000104165912489, 1.45140893437e-05, 2.71430121757e-06, 3.20519166053e-06, 1.78749769475e-06, 1.80952395112e-06, 2.84208795165e-06, 3.21818924931e-06, 2.97697556562e-06, 3.07567324853e-06, 4.02888554163e-06, 1.39491965001e-06, 1.80922177151e-06, 1.23671054553e-06, 1.04011087387e-06, 6.80636333072e-07, 6.31079160485e-07, 1.13652413347e-06, 1.57363854214e-06, 6.85423174218e-07, 2.52600131034e-07, 3.67913116861e-07, 2.83491743858e-07, 3.94485255129e-07, 4.74183572408e-08, 3.66073127367e-09]
    },
    "erbbands": {
        "dmean": [0.104596167803, 0.984160542488, 2.00342059135, 2.10620570183, 2.42202234268, 3.11917948723, 3.7548160553, 4.75587797165, 7.40283250809, 8.69894981384, 14.5017366409, 12.7541751862, 15.4384832382, 14.9548892975, 20.2909851074, 24.0903930664, 20.3681583405, 18.8542785645, 22.7861995697, 18.4625015259, 20.8069705963, 20.5822753906, 18.6169261932, 17.5068435669, 18.2424583435, 17.3415870667, 15.9509000778, 12.6412706375, 8.33734130859, 7.41484642029, 6.83643817902, 4.61124753952, 3.76335191727, 2.81479763985, 1.53066587448, 0.498115062714, 0.149165600538, 0.0345643162727, 0.00338686048053, 5.45723378309e-05],
        "dmean2": [0.162968307734, 1.33574032784, 2.80630254745, 3.26184463501, 3.99839520454, 5.47192907333, 6.25676822662, 7.81111001968, 12.0389909744, 14.2447977066, 22.8791351318, 20.0382843018, 24.2998218536, 23.4793834686, 31.1358184814, 36.9392280579, 31.5975151062, 29.4449996948, 35.9130859375, 29.1243114471, 33.1521759033, 33.1101799011, 29.7927246094, 27.5460510254, 28.4623317719, 26.897228241, 25.071144104, 20.412109375, 13.5498924255, 12.1694450378, 11.1394557953, 7.63021755219, 6.21176481247, 4.54243040085, 2.4246160984, 0.790090620518, 0.240238398314, 0.0564984194934, 0.00546525372192, 8.75112818903e-05],
        "dvar": [0.0363350734115, 2.68163013458, 11.1980924606, 16.2106876373, 22.8558101654, 35.1964607239, 48.7264442444, 79.0130615234, 183.947998047, 246.667877197, 660.730957031, 504.336212158, 780.669128418, 760.66192627, 1569.9251709, 1283.81604004, 1147.56652832, 1152.08166504, 1474.35351562, 1091.81555176, 1276.04748535, 1011.00610352, 1011.40112305, 924.584838867, 1398.24414062, 895.75, 594.285888672, 281.119384766, 133.669921875, 159.441665649, 162.909164429, 65.3413848877, 40.1604537964, 30.2064990997, 12.6212739944, 0.749577045441, 0.054221983999, 0.00279976474121, 3.25241053361e-05, 6.85407020029e-09],
        "dvar2": [0.0892803221941, 5.25886583328, 22.3873462677, 35.9503707886, 59.4473800659, 95.5772018433, 118.494163513, 186.580383301, 418.214416504, 595.684082031, 1572.12255859, 1069.38464355, 1617.44665527, 1673.39648438, 3185.11474609, 2793.12182617, 2451.60083008, 2325.52587891, 3244.98706055, 2348.21459961, 2981.95825195, 2330.33203125, 2389.97729492, 2118.23193359, 3022.36157227, 1899.18151855, 1427.83691406, 713.74786377, 337.492156982, 385.059173584, 396.034729004, 158.793273926, 101.677513123, 67.355506897, 28.0375175476, 1.81028580666, 0.134163379669, 0.00707960594445, 8.09255070635e-05, 1.70152052448e-08],
        "max": [2.08675146103, 20.3398399353, 43.883682251, 96.4346313477, 78.8368988037, 77.8570556641, 164.831008911, 196.272201538, 275.714904785, 346.176696777, 414.043457031, 461.666564941, 791.665527344, 887.088317871, 1172.55651855, 665.203063965, 724.389038086, 836.610595703, 754.202331543, 1091.4765625, 993.352783203, 798.291503906, 979.960205078, 635.26361084, 1217.38305664, 785.452392578, 1113.08581543, 344.488372803, 228.473678589, 356.681030273, 452.502075195, 204.584472656, 124.550865173, 103.368812561, 75.0903091431, 14.3280677795, 3.44461727142, 0.734854161739, 0.110629782081, 0.0014361818321],
        "mean": [0.161893576384, 1.58332633972, 3.03038907051, 2.57163596153, 2.80955553055, 3.53585243225, 5.51818132401, 7.63854551315, 12.2630052567, 14.4701051712, 26.6074962616, 23.6819381714, 28.5474395752, 28.3684253693, 38.9111328125, 48.9397010803, 39.5422782898, 35.6195678711, 41.7150268555, 35.4434165955, 38.7545585632, 38.3700637817, 33.6780090332, 33.6171417236, 35.6052894592, 37.9470710754, 37.3555335999, 29.050031662, 19.4746608734, 16.3638648987, 14.7258453369, 10.2543029785, 8.00116539001, 5.82026052475, 3.0613052845, 1.08010494709, 0.332364827394, 0.0785432457924, 0.00700049893931, 0.000151373242261],
        "median": [0.0387379899621, 0.434148013592, 1.04446065426, 0.947796821594, 0.795819699764, 1.08443391323, 1.93749821186, 3.84395074844, 5.2596321106, 6.7945857048, 12.4592523575, 11.3602819443, 14.6839570999, 15.1817026138, 17.7113819122, 27.3838176727, 23.1609592438, 21.7348899841, 24.1161575317, 20.9848442078, 23.8589725494, 22.727640152, 19.6297740936, 19.0359077454, 19.319108963, 23.868303299, 27.028842926, 23.4611740112, 15.2200927734, 11.7690629959, 10.0832910538, 6.92300653458, 5.15810871124, 3.64693832397, 1.92603838444, 0.70910179615, 0.204527869821, 0.0426584891975, 0.00306171621196, 0.000101598037872],
        "min": [7.07267065419e-23, 2.18744086068e-22, 1.06410424431e-21, 4.98888783302e-21, 1.12266737959e-20, 2.33116524906e-20, 4.487341732e-20, 5.90791780531e-20, 1.1607118555e-19, 1.13126900783e-19, 2.04586593827e-19, 3.45038902083e-19, 2.65713263616e-19, 6.35740981812e-19, 6.30809744591e-19, 7.93448859257e-19, 1.29604798705e-18, 1.86180530143e-18, 2.50721504233e-18, 2.66199811253e-18, 4.13153141323e-18, 3.92690099175e-18, 4.79108015233e-18, 5.82902018111e-18, 5.50639451321e-18, 6.32685014738e-18, 8.10579428531e-18, 9.4269150473e-18, 9.45064106881e-18, 1.04162271958e-17, 9.67655319309e-18, 8.65349455712e-18, 9.20256215848e-18, 8.31252905427e-18, 5.297025174e-18, 3.98670532286e-18, 2.05576405903e-18, 8.73322401482e-19, 2.49084606859e-19, 2.76217707763e-20],
        "var": [0.0629881173372, 6.41319990158, 22.2588691711, 20.1211605072, 28.0707187653, 38.185333252, 101.510551453, 153.529891968, 426.754058838, 463.448577881, 1336.15319824, 1379.01708984, 2291.70629883, 2781.07666016, 4880.76171875, 4279.60839844, 2964.78149414, 2802.39697266, 3378.13867188, 3145.84863281, 2991.37524414, 2708.92382812, 1927.87023926, 2172.20141602, 3457.26171875, 2720.83544922, 1767.11120605, 777.001281738, 366.736358643, 331.125305176, 297.004058838, 135.128219604, 81.3044815063, 56.2793769836, 19.9833927155, 1.49941062927, 0.13899230957, 0.00909986160696, 9.94180154521e-05, 2.48034162098e-08]
    },
    "gfcc": {
        "mean": [19.8133678436, 27.7123641968, -117.176773071, 22.0005435944, -57.7597923279, 20.661026001, -30.3698959351, 14.2696037292, -22.413728714, 11.5148067474, -16.6856708527, 4.19030332565, -12.8485136032],
        "cov": [[36378.6289062, -142.281906128, -1921.96887207, 1712.02062988, -1142.96838379, 1108.62121582, -672.278198242, 863.942626953, -485.679534912, 469.45401001, -576.097717285, 94.1472396851, -477.687469482], [-142.281906128, 1206.19128418, -120.365859985, -37.4369888306, 103.93661499, -70.604637146, 30.6116027832, -175.04246521, -61.8964385986, -103.122520447, 0.83661532402, -57.2262420654, 22.493976593], [-1921.96887207, -120.365859985, 1448.47045898, 597.141113281, 423.357330322, 268.979553223, 144.086730957, 184.697052002, 94.8242797852, 34.1712226868, 16.6183643341, 32.4343147278, 6.09925031662], [1712.02062988, -37.4369888306, 597.141113281, 766.29107666, 259.142852783, 251.817764282, 104.377990723, 224.961898804, 54.6982727051, 70.1913223267, -22.7956027985, -2.31798768044, -48.8116569519], [-1142.96838379, 103.93661499, 423.357330322, 259.142852783, 471.820159912, 213.134506226, 165.220199585, 88.4276657104, 104.629371643, -6.2044210434, 14.9288339615, -5.99537134171, -12.5306949615], [1108.62121582, -70.604637146, 268.979553223, 251.817764282, 213.134506226, 387.760528564, 109.95930481, 138.48135376, 75.4945755005, 61.6880073547, -13.1982183456, 22.3925647736, -26.4066047668], [-672.278198242, 30.6116027832, 144.086730957, 104.377990723, 165.220199585, 109.95930481, 266.535064697, 119.600860596, 78.8946533203, 25.641248703, 42.7607955933, -7.9185962677, -5.33303642273], [863.942626953, -175.04246521, 184.697052002, 224.961898804, 88.4276657104, 138.48135376, 119.600860596, 282.388031006, 95.0471191406, 86.9548339844, 29.0306549072, 37.9449653625, -18.2407836914], [-485.679534912, -61.8964385986, 94.8242797852, 54.6982727051, 104.629371643, 75.4945755005, 78.8946533203, 95.0471191406, 163.365753174, 78.3224105835, 48.4194068909, 34.0521850586, 15.7177057266], [469.45401001, -103.122520447, 34.1712226868, 70.1913223267, -6.2044210434, 61.6880073547, 25.641248703, 86.9548339844, 78.3224105835, 159.625061035, 71.1210479736, 47.1160049438, 22.0046710968], [-576.097717285, 0.83661532402, 16.6183643341, -22.7956027985, 14.9288339615, -13.1982183456, 42.7607955933, 29.0306549072, 48.4194068909, 71.1210479736, 138.484268188, 75.4869918823, 45.693157196], [94.1472396851, -57.2262420654, 32.4343147278, -2.31798768044, -5.99537134171, 22.3925647736, -7.9185962677, 37.9449653625, 34.0521850586, 47.1160049438, 75.4869918823, 137.119293213, 62.2009391785], [-477.687469482, 22.493976593, 6.09925031662, -48.8116569519, -12.5306949615, -26.4066047668, -5.33303642273, -18.2407836914, 15.7177057266, 22.0046710968, 45.693157196, 62.2009391785, 106.294052124]],
        "icov": [[0.000109755346784, -9.93977300823e-05, 0.000264933041763, -0.00033585660276, 0.000278822291875, -0.000377153162844, 0.000246730720391, -0.000320086139254, 0.00038253882667, -0.000315406679874, 0.000425698613981, -0.000354013376636, 0.000274360965705], [-9.93977300823e-05, 0.00114955555182, -3.31575138262e-05, 3.23407693941e-05, -0.00062551535666, 0.000426420330768, -0.000484239892103, 0.000984600977972, -0.000167081467225, 0.000716045149602, -0.0008398728678, 0.000727265141904, -0.000684412894771], [0.000264933041763, -3.31575138262e-05, 0.00188041082583, -0.00159888889175, -7.46287041693e-05, -0.000944580358919, 0.000649037479889, -0.000716640730388, 0.00094576535048, -0.000435990630649, 0.00080406939378, -0.000869933632202, 0.000135447349749], [-0.00033585660276, 3.23407693941e-05, -0.00159888889175, 0.00384806422517, -0.00154994742479, 0.000760098802857, -0.000399250071496, -0.000686487357598, -3.13093405566e-05, -0.00035871838918, -0.0004115011252, 0.00110031978693, -0.000177184629138], [0.000278822291875, -0.00062551535666, -7.46287041693e-05, -0.00154994742479, 0.00572836585343, -0.00269884429872, -0.000611320661847, -1.67912057805e-05, -0.00178124301601, 0.00175759696867, -0.000181372524821, -0.000199471673113, 0.000743438082282], [-0.000377153162844, 0.000426420330768, -0.000944580358919, 0.000760098802857, -0.00269884429872, 0.00612462079152, -0.00180797104258, 0.000738132162951, -0.000968924316112, -0.00120696600061, 0.00134146260098, -0.000937837408856, 0.000222690898227], [0.000246730720391, -0.000484239892103, 0.000649037479889, -0.000399250071496, -0.000611320661847, -0.00180797104258, 0.00730347679928, -0.00346805737354, -0.000151470550918, 0.000849788368214, -0.00226244074292, 0.00221716356464, -0.00023761644843], [-0.000320086139254, 0.000984600977972, -0.000716640730388, -0.000686487357598, -1.67912057805e-05, 0.000738132162951, -0.00346805737354, 0.00876655522734, -0.00316784530878, -0.000539235130418, -0.000321304920362, -0.00129361334257, 0.00106601195876], [0.00038253882667, -0.000167081467225, 0.00094576535048, -3.13093405566e-05, -0.00178124301601, -0.000968924316112, -0.000151470550918, -0.00316784530878, 0.0128510557115, -0.00594641780481, 0.00175320589915, -0.00188754487317, 0.000365542800864], [-0.000315406679874, 0.000716045149602, -0.000435990630649, -0.00035871838918, 0.00175759696867, -0.00120696600061, 0.000849788368214, -0.000539235130418, -0.00594641780481, 0.0145236812532, -0.00806191004813, 0.00305203394964, -0.00229895347729], [0.000425698613981, -0.0008398728678, 0.00080406939378, -0.0004115011252, -0.000181372524821, 0.00134146260098, -0.00226244074292, -0.000321304920362, 0.00175320589915, -0.00806191004813, 0.0178866442293, -0.00909292977303, 0.00104061991442], [-0.000354013376636, 0.000727265141904, -0.000869933632202, 0.00110031978693, -0.000199471673113, -0.000937837408856, 0.00221716356464, -0.00129361334257, -0.00188754487317, 0.00305203394964, -0.00909292977303, 0.0166269987822, -0.00773054268211], [0.000274360965705, -0.000684412894771, 0.000135447349749, -0.000177184629138, 0.000743438082282, 0.000222690898227, -0.00023761644843, 0.00106601195876, 0.000365542800864, -0.00229895347729, 0.00104061991442, -0.00773054268211, 0.0155087998137]]
    },
    "melbands": {
        "dmean": [0.00106383033562, 0.00101150467526, 0.000334233161993, 0.000191578641534, 0.000131726803374, 0.000105958817585, 0.00010820733587, 0.000108580105007, 0.000118644231407, 8.22310539661e-05, 8.21630601422e-05, 6.68897628202e-05, 6.16456673015e-05, 7.90848644101e-05, 6.66059058858e-05, 4.5583514293e-05, 3.75529489247e-05, 4.40304575022e-05, 3.0447707104e-05, 2.64639038505e-05, 2.50559151027e-05, 2.40711524384e-05, 1.77058464033e-05, 1.6410718672e-05, 1.53899582074e-05, 1.54752269736e-05, 1.4914003259e-05, 1.25269461932e-05, 1.23613208416e-05, 8.71262454893e-06, 7.29525800125e-06, 5.4471643125e-06, 4.42589498562e-06, 4.52118138128e-06, 4.30682575825e-06, 3.57516364602e-06, 2.858013886e-06, 2.90315620077e-06, 2.54247743214e-06, 2.5633637506e-06],
        "dmean2": [0.00154639885295, 0.00144635140896, 0.000507425284013, 0.000324375811033, 0.00022237682424, 0.000173420645297, 0.000176481626113, 0.000175461784238, 0.000186775476323, 0.000128951927763, 0.000129398016725, 0.000105168655864, 9.50463145273e-05, 0.000120735086966, 0.000103002756077, 7.09921878297e-05, 5.90819545323e-05, 6.98418589309e-05, 4.80354501633e-05, 4.23332094215e-05, 4.00013741455e-05, 3.89590495615e-05, 2.86950471491e-05, 2.62258909061e-05, 2.44139519054e-05, 2.44161128649e-05, 2.3654092729e-05, 1.97135559574e-05, 1.97461340576e-05, 1.4051591279e-05, 1.19056576295e-05, 8.89008879312e-06, 7.26390953787e-06, 7.42288511901e-06, 7.0495170803e-06, 5.94636048845e-06, 4.75154774904e-06, 4.85695773023e-06, 4.17040382672e-06, 4.17511864725e-06],
        "dvar": [3.32696095029e-06, 2.49775621342e-06, 3.56344173724e-07, 1.34112468686e-07, 5.51659553594e-08, 3.60356864348e-08, 3.64580934331e-08, 3.8189874374e-08, 4.22320454163e-08, 2.24547704875e-08, 2.21712337378e-08, 1.49868704113e-08, 1.74112280149e-08, 1.75459309304e-08, 1.49509489233e-08, 6.5849898867e-09, 4.70161509725e-09, 6.22494278346e-09, 3.71505293195e-09, 2.25016272282e-09, 2.19363238685e-09, 1.52524493036e-09, 8.85866158207e-10, 8.2049206318e-10, 7.91773036024e-10, 1.19403720245e-09, 9.45812983488e-10, 4.97641428066e-10, 4.82187401118e-10, 1.32204427961e-10, 9.98472693414e-11, 5.65851844547e-11, 4.67653034353e-11, 7.18111750619e-11, 7.74996039565e-11, 3.42044899349e-11, 2.83034550658e-11, 2.58531043795e-11, 2.05719365154e-11, 2.80133624631e-11],
        "dvar2": [7.57872385293e-06, 4.64785489385e-06, 7.34348247988e-07, 3.51332545279e-07, 1.39070579053e-07, 8.46461958304e-08, 8.43577936394e-08, 9.18846225773e-08, 9.99394984547e-08, 4.58583606644e-08, 4.59446169998e-08, 3.29105276364e-08, 3.46600401713e-08, 3.66440708888e-08, 3.35963612486e-08, 1.42138230075e-08, 9.56742507441e-09, 1.34948274777e-08, 7.6070394428e-09, 5.14941778107e-09, 5.13370812527e-09, 3.61032848062e-09, 2.06796313407e-09, 1.93212290611e-09, 1.83020165689e-09, 2.71577804689e-09, 2.01373406838e-09, 1.1185675719e-09, 1.19678900123e-09, 3.26858262678e-10, 2.55607063293e-10, 1.45084347314e-10, 1.18352799783e-10, 1.75759670706e-10, 1.95668453662e-10, 8.16445314133e-11, 7.16694273373e-11, 6.70312486073e-11, 5.1803433071e-11, 6.32376442877e-11],
        "max": [0.0200802050531, 0.0193916801363, 0.0138289388269, 0.00549512775615, 0.00496336072683, 0.00445468258113, 0.00354923331179, 0.00383237749338, 0.00389133230783, 0.00342554389499, 0.00405797129497, 0.00330571550876, 0.00349894631654, 0.00307904183865, 0.00247610593215, 0.00210265466012, 0.00194661889691, 0.00168785417918, 0.00186197226867, 0.00134618196171, 0.00136044842657, 0.000880519161001, 0.000788870675024, 0.00099912751466, 0.000576731690671, 0.00108747684862, 0.00105008587707, 0.000772140163463, 0.00120668578893, 0.00027150195092, 0.000190576392924, 0.000146882608533, 0.00016069834237, 0.000274426012766, 0.000354868097929, 0.000125699589262, 0.000173134030774, 0.000127261417219, 7.87697863416e-05, 0.000108473061118],
        "mean": [0.00168528885115, 0.00184573896695, 0.000459460366983, 0.000225112351472, 0.000189948288607, 0.000175196313648, 0.000176579473191, 0.000182548872544, 0.000218217392103, 0.000146962149302, 0.0001477204205, 0.000121664685139, 0.000110722598038, 0.000148815204739, 0.000120662349218, 7.73295178078e-05, 6.51631635264e-05, 7.26411308278e-05, 5.24313327332e-05, 4.58246358903e-05, 4.25083162554e-05, 4.07008446928e-05, 3.03004871967e-05, 2.78247007373e-05, 2.69182637567e-05, 2.68154290097e-05, 2.65208891506e-05, 2.49167223956e-05, 2.57258179772e-05, 1.92076749954e-05, 1.51123440446e-05, 1.13779997264e-05, 9.18117893889e-06, 9.01168095879e-06, 8.5683495854e-06, 7.45933402868e-06, 5.851939477e-06, 5.71278769712e-06, 5.07974573338e-06, 4.89632566314e-06],
        "median": [0.000469362421427, 0.00067030324135, 0.000182701274753, 7.10375170456e-05, 6.65841944283e-05, 8.90970841283e-05, 7.82329007052e-05, 7.3749863077e-05, 9.91421911749e-05, 6.47336783004e-05, 7.11678658263e-05, 6.09989256191e-05, 4.81353345094e-05, 6.96357601555e-05, 4.83401126985e-05, 3.6846169678e-05, 3.56266609742e-05, 3.62615173799e-05, 2.54127025983e-05, 2.58693071373e-05, 2.35999868892e-05, 2.10887737921e-05, 1.75709101313e-05, 1.53187702381e-05, 1.41210475704e-05, 1.29496484078e-05, 1.3290357856e-05, 1.49829447764e-05, 1.65069086506e-05, 1.47572982314e-05, 1.18739690151e-05, 8.4794646682e-06, 6.63413356961e-06, 6.10372444498e-06, 5.73731040276e-06, 4.94603136758e-06, 3.7894756133e-06, 3.4949757719e-06, 3.26403414874e-06, 2.89847753265e-06],
        "min": [1.1808455932e-24, 8.44026737184e-25, 1.02214945882e-24, 9.76175828558e-25, 1.47458830506e-24, 1.15428859083e-24, 1.71984693543e-24, 1.00962254486e-24, 1.62793162377e-24, 1.54138579246e-24, 1.28757088089e-24, 2.25704661796e-24, 1.83963783047e-24, 9.21813944465e-25, 2.44895517696e-24, 2.59428761317e-24, 2.8292577224e-24, 3.46686815689e-24, 2.89561630732e-24, 2.67239608406e-24, 3.54333007786e-24, 3.70279909871e-24, 2.94893442982e-24, 2.78503694107e-24, 4.19591881157e-24, 2.95149901663e-24, 3.89548389683e-24, 3.78534865927e-24, 4.10291566072e-24, 3.93849180452e-24, 4.71461891701e-24, 4.16340788152e-24, 4.60896362053e-24, 5.55700087921e-24, 5.10734700779e-24, 4.80358388889e-24, 4.4618008298e-24, 5.621326964e-24, 4.2696110419e-24, 6.33922785865e-24],
        "var": [6.59078568788e-06, 6.86010207573e-06, 5.39377424502e-07, 1.53833667582e-07, 1.13321746653e-07, 7.29031128799e-08, 8.08714659684e-08, 7.65689591731e-08, 9.42828677353e-08, 6.27215754889e-08, 6.51787317452e-08, 4.91925113977e-08, 4.88134155319e-08, 6.03107892516e-08, 4.21418206997e-08, 1.66876681362e-08, 1.09447819696e-08, 1.30569093315e-08, 1.07725162124e-08, 5.14094455895e-09, 4.84276974078e-09, 3.70110386783e-09, 1.6517532897e-09, 1.56040480537e-09, 1.66579128269e-09, 2.49473353087e-09, 2.33974306596e-09, 1.24129007073e-09, 1.12933562502e-09, 3.80337428219e-10, 2.27790633578e-10, 1.39305553204e-10, 9.83330569748e-11, 1.23651061612e-10, 1.15813990342e-10, 7.28368268477e-11, 4.97416760559e-11, 4.67101739232e-11, 3.64348967663e-11, 4.68611954796e-11]
    },
    "mfcc": {
        "mean": [-612.209411621, 67.983039856, -5.32790136337, 8.12309741974, -3.36968636513, 6.08247613907, 3.99898791313, 2.41535329819, 4.15937042236, 3.33149003983, 1.27517712116, 4.93138790131, 2.15323996544],
        "cov": [[12120.7851562, -2.33402347565, 603.82434082, 755.796936035, 464.069061279, 417.782775879, 329.739746094, 339.304229736, 406.123413086, 407.852294922, 212.50894165, 186.454650879, 69.0201950073], [-2.33402347565, 1071.72424316, -117.614883423, -51.0179138184, -25.8724822998, 23.2580280304, -3.63109230995, -58.9032554626, -65.7788925171, -97.9636993408, -83.6496963501, -64.3615036011, -23.8121776581], [603.82434082, -117.614883423, 817.204772949, 369.668273926, 298.629821777, 186.102478027, 156.022506714, 137.909378052, 125.452980042, 110.840827942, 62.3532066345, 34.3601303101, 43.4765281677], [755.796936035, -51.0179138184, 369.668273926, 530.069335938, 226.422866821, 103.302223206, 152.610900879, 123.988952637, 102.356872559, 120.347518921, 64.0220413208, 43.4477462769, 31.6828022003], [464.069061279, -25.8724822998, 298.629821777, 226.422866821, 401.82989502, 212.929733276, 116.820549011, 152.412994385, 113.462593079, 87.6107711792, 73.8483963013, 29.7676639557, 34.7140731812], [417.782775879, 23.2580280304, 186.102478027, 103.302223206, 212.929733276, 294.1769104, 122.561294556, 104.442245483, 97.40965271, 70.0419158936, 45.6499977112, 37.7253684998, 27.1710643768], [329.739746094, -3.63109230995, 156.022506714, 152.610900879, 116.820549011, 122.561294556, 227.468795776, 133.421859741, 93.975189209, 83.5810928345, 58.2119560242, 50.1998062134, 34.0988960266], [339.304229736, -58.9032554626, 137.909378052, 123.988952637, 152.412994385, 104.442245483, 133.421859741, 228.540786743, 118.564002991, 77.2939300537, 72.9842529297, 45.8865089417, 38.7799491882], [406.123413086, -65.7788925171, 125.452980042, 102.356872559, 113.462593079, 97.40965271, 93.975189209, 118.564002991, 180.809295654, 109.693313599, 67.0280990601, 49.635471344, 32.0350151062], [407.852294922, -97.9636993408, 110.840827942, 120.347518921, 87.6107711792, 70.0419158936, 83.5810928345, 77.2939300537, 109.693313599, 163.807861328, 90.9144973755, 55.8051528931, 32.7398948669], [212.50894165, -83.6496963501, 62.3532066345, 64.0220413208, 73.8483963013, 45.6499977112, 58.2119560242, 72.9842529297, 67.0280990601, 90.9144973755, 128.928604126, 73.2993850708, 36.1630821228], [186.454650879, -64.3615036011, 34.3601303101, 43.4477462769, 29.7676639557, 37.7253684998, 50.1998062134, 45.8865089417, 49.635471344, 55.8051528931, 73.2993850708, 127.948631287, 62.9875679016], [69.0201950073, -23.8121776581, 43.4765281677, 31.6828022003, 34.7140731812, 27.1710643768, 34.0988960266, 38.7799491882, 32.0350151062, 32.7398948669, 36.1630821228, 62.9875679016, 114.999473572]],
