{
"lowlevel": {
    "average_loudness": 0.865328788757,
    "barkbands_crest": {
        "dmean": 2.59482884407,
        "dmean2": 4.14958429337,
        "dvar": 7.3210439682,
        "dvar2": 17.7135944366,
        "max": 26.5013542175,
        "mean": 8.89539051056,
        "median": 7.78763103485,
        "min": 1.90022456646,
        "var": 19.2484436035
    },
    "barkbands_flatness_db": {
        "dmean": 0.0182595476508,
        "dmean2": 0.0276337172836,
        "dvar": 0.000463713979116,
        "dvar2": 0.00100446736906,
        "max": 0.550439178944,
        "mean": 0.0866516232491,
        "median": 0.0717191547155,
        "min": 0.00962274055928,
        "var": 0.00305551686324
    },
    "barkbands_kurtosis": {
        "dmean": 1.53990650177,
        "dmean2": 2.40049576759,
        "dvar": 59.0815544128,
        "dvar2": 138.07824707,
        "max": 494.232696533,
        "mean": 1.0317132473,
        "median": -0.312765836716,
        "min": -1.92091572285,
        "var": 76.4000778198
    },
    "barkbands_skewness": {
        "dmean": 0.438918322325,
        "dmean2": 0.665434479713,
        "dvar": 0.357387810946,
        "dvar2": 0.789129197598,
        "max": 21.6546039581,
        "mean": 0.802805244923,
        "median": 0.709784030914,
        "min": -3.22442173958,
        "var": 1.04622852802
    },
    "barkbands_spread": {
        "dmean": 7.27584314346,
        "dmean2": 11.3948612213,
        "dvar": 66.2189941406,
        "dvar2": 156.75038147,
        "max": 135.637405396,
        "mean": 39.7817077637,
        "median": 39.1098327637,
        "min": 0.257444530725,
        "var": 318.831542969
    },
    "dissonance": {
        "dmean": 0.0140510518104,
        "dmean2": 0.0237819608301,
        "dvar": 0.000251577410381,
        "dvar2": 0.00066507793963,
        "max": 0.500000238419,
        "mean": 0.475149899721,
        "median": 0.481416940689,
        "min": 0.133426740766,
        "var": 0.000608354923315
    },
    "dynamic_complexity": 2.53881430626,
    "erbbands_crest": {
        "dmean": 2.33405256271,
        "dmean2": 3.76156640053,
        "dvar": 5.46987009048,
        "dvar2": 13.106095314,
        "max": 33.6637763977,
        "mean": 7.99351406097,
        "median": 6.86600112915,
        "min": 2.114787817,
        "var": 17.9921417236
    },
    "erbbands_flatness_db": {
        "dmean": 0.0136993303895,
        "dmean2": 0.0207117367536,
        "dvar": 0.00020758016035,
        "dvar2": 0.000413635309087,
        "max": 0.53359913826,
        "mean": 0.129061281681,
        "median": 0.111110851169,
        "min": 0.0427726320922,
        "var": 0.00349121727049
    },
    "erbbands_kurtosis": {
        "dmean": 0.76088398695,
        "dmean2": 1.19806396961,
        "dvar": 3.565731287,
        "dvar2": 8.29553127289,
        "max": 121.329292297,
        "mean": 0.291845589876,
        "median": -0.239771485329,
        "min": -1.86009907722,
        "var": 8.82651996613
    },
    "erbbands_skewness": {
        "dmean": 0.292321920395,
        "dmean2": 0.446635365486,
        "dvar": 0.100378796458,
        "dvar2": 0.221925333142,
        "max": 9.24976825714,
        "mean": 0.0644457861781,
        "median": 0.0185909233987,
        "min": -3.30522441864,
        "var": 0.535247564316
    },
    "erbbands_spread": {
        "dmean": 8.14405918121,
        "dmean2": 12.6797914505,
        "dvar": 99.9358062744,
        "dvar2": 228.947555542,
        "max": 176.521652222,
        "mean": 41.9570007324,
        "median": 40.5955047607,
        "min": 1.29876101017,
        "var": 326.216278076
    },
    "hfc": {
        "dmean": 11.3916015625,
        "dmean2": 18.3444480896,
        "dvar": 288.836425781,
        "dvar2": 757.547607422,
        "max": 249.619735718,
        "mean": 45.155506134,
        "median": 40.8778305054,
        "min": 1.05873460491e-16,
        "var": 997.751525879
    },
    "melbands_crest": {
        "dmean": 3.60468506813,
        "dmean2": 5.77865552902,
        "dvar": 13.8457336426,
        "dvar2": 33.6175689697,
        "max": 39.3325042725,
        "mean": 14.1233196259,
        "median": 12.8401985168,
        "min": 1.53021705151,
        "var": 43.7684173584
    },
    "melbands_flatness_db": {
        "dmean": 0.0254926942289,
        "dmean2": 0.0386342220008,
        "dvar": 0.000941565493122,
        "dvar2": 0.00211517489515,
        "max": 0.697895467281,
        "mean": 0.137240290642,
        "median": 0.128238022327,
        "min": 0.00278589408845,
        "var": 0.00373386126012
    },
    "melbands_kurtosis": {
        "dmean": 6.29496335983,
        "dmean2": 9.7627363205,
        "dvar": 1355.12609863,
        "dvar2": 3241.88525391,
        "max": 3936.57080078,
        "mean": 8.94769001007,
        "median": 3.43993926048,
        "min": -1.74559962749,
        "var": 1488.43273926
    },
    "melbands_skewness": {
        "dmean": 0.693495333195,
        "dmean2": 1.05367302895,
        "dvar": 1.19719314575,
        "dvar2": 2.62437295914,
        "max": 57.0989341736,
        "mean": 2.08858013153,
        "median": 1.71448910236,
        "min": -2.08651018143,
        "var": 3.22397828102
    },
    "melbands_spread": {
        "dmean": 10.9220075607,
        "dmean2": 17.3668937683,
        "dvar": 185.259063721,
        "dvar2": 448.786651611,
        "max": 220.840835571,
        "mean": 42.1582756042,
        "median": 38.9809341431,
        "min": 0.18837583065,
        "var": 535.085693359
    },
    "pitch_salience": {
        "dmean": 0.0732489824295,
        "dmean2": 0.114415086806,
        "dvar": 0.00592710683122,
        "dvar2": 0.0142817460001,
        "max": 0.965130090714,
        "mean": 0.541295111179,
        "median": 0.550748705864,
        "min": 0.0263098329306,
        "var": 0.0151144815609
    },
    "silence_rate_20dB": {
        "dmean": 0,
        "dmean2": 0,
        "dvar": 0,
        "dvar2": 0,
        "max": 1,
        "mean": 1,
        "median": 1,
        "min": 1,
        "var": 0
    },
    "silence_rate_30dB": {
        "dmean": 0,
        "dmean2": 0,
        "dvar": 0,
        "dvar2": 0,
        "max": 1,
        "mean": 1,
        "median": 1,
        "min": 1,
        "var": 0
    },
    "silence_rate_60dB": {
        "dmean": 0.00892328750342,
        "dmean2": 0.0178473871201,
        "dvar": 0.00884067080915,
        "dvar2": 0.0209827199578,
        "max": 1,
        "mean": 0.0623235926032,
        "median": 0,
        "min": 0,
        "var": 0.0584471225739
    },
    "spectral_centroid": {
        "dmean": 280.602355957,
        "dmean2": 442.318878174,
        "dvar": 99318.3515625,
        "dvar2": 225864.171875,
        "max": 11884.6171875,
        "mean": 2269.4621582,
        "median": 2156.51635742,
        "min": 104.907348633,
        "var": 1674231.375
    },
    "spectral_complexity": {
        "dmean": 4.81984996796,
        "dmean2": 7.72072505951,
        "dvar": 29.868434906,
        "dvar2": 70.8246841431,
        "max": 70,
        "mean": 27.9418182373,
        "median": 29,
        "min": 0,
        "var": 183.805267334
    },
    "spectral_decrease": {
        "dmean": 1.62957614069e-09,
        "dmean2": 2.60497445836e-09,
        "dvar": 4.4828300563e-18,
        "dvar2": 1.11805205751e-17,
        "max": 1.89703946996e-11,
        "mean": -6.87907641961e-09,
        "median": -6.742267189e-09,
        "min": -3.2006798989e-08,
        "var": 1.82099328535e-17
    },
    "spectral_energy": {
        "dmean": 0.0064874952659,
        "dmean2": 0.010492307134,
        "dvar": 6.85363484081e-05,
        "dvar2": 0.000174645872903,
        "max": 0.12911516428,
        "mean": 0.0300591774285,
        "median": 0.0299917645752,
        "min": 9.78150525529e-21,
        "var": 0.000323350221151
    },
    "spectral_energyband_high": {
        "dmean": 0.00108050683048,
        "dmean2": 0.00173849612474,
        "dvar": 2.53234088632e-06,
        "dvar2": 6.48609739073e-06,
        "max": 0.0238608215004,
        "mean": 0.00346863921732,
        "median": 0.0028394984547,
        "min": 7.06593188879e-21,
        "var": 8.90481442184e-06
    },
    "spectral_energyband_low": {
        "dmean": 0.00505368318409,
        "dmean2": 0.00781632680446,
        "dvar": 6.3363208028e-05,
        "dvar2": 0.000145326572238,
        "max": 0.117356643081,
        "mean": 0.0106722814962,
        "median": 0.00653424486518,
        "min": 1.20266830602e-23,
        "var": 0.000159676594194
    },
    "spectral_energyband_middle_high": {
        "dmean": 0.00242888391949,
        "dmean2": 0.00384802487679,
        "dvar": 9.20892125578e-06,
        "dvar2": 2.32948386838e-05,
        "max": 0.0610902011395,
        "mean": 0.00832987297326,
        "median": 0.0074782371521,
        "min": 1.19132749018e-21,
        "var": 3.6392302718e-05
    },
    "spectral_energyband_middle_low": {
        "dmean": 0.00325516238809,
        "dmean2": 0.00534141110256,
        "dvar": 3.14928329317e-05,
        "dvar2": 8.17830223241e-05,
        "max": 0.109560929239,
        "mean": 0.00823728181422,
        "median": 0.00656233262271,
        "min": 1.25261468713e-22,
        "var": 5.54362595722e-05
    },
    "spectral_entropy": {
        "dmean": 0.114680483937,
        "dmean2": 0.174741759896,
        "dvar": 0.0190325211734,
        "dvar2": 0.0393530540168,
        "max": 9.82839107513,
        "mean": 8.02957439423,
        "median": 8.1101436615,
        "min": 3.91099405289,
        "var": 0.239570900798
    },
    "spectral_flux": {
        "dmean": 0.0194252841175,
        "dmean2": 0.0301404576749,
        "dvar": 0.000487223733217,
        "dvar2": 0.00108725496102,
        "max": 0.352262705564,
        "mean": 0.0915788784623,
        "median": 0.0897648334503,
        "min": 6.25404172894e-11,
        "var": 0.00204530195333
    },
    "spectral_kurtosis": {
        "dmean": 0.916533768177,
        "dmean2": 1.49647438526,
        "dvar": 8.46236801147,
        "dvar2": 19.5764465332,
        "max": 130.684783936,
        "mean": 3.18695664406,
        "median": 2.42711234093,
        "min": -1.26572370529,
        "var": 22.8311462402
    },
    "spectral_rms": {
        "dmean": 0.000559938547667,
        "dmean2": 0.000896418234333,
        "dvar": 3.97084960468e-07,
        "dvar2": 9.77169861471e-07,
        "max": 0.011223458685,
        "mean": 0.00507023651153,
        "median": 0.00540927518159,
        "min": 3.08916347364e-12,
        "var": 3.61870252163e-06
    },
    "spectral_rolloff": {
        "dmean": 968.344360352,
        "dmean2": 1581.99475098,
        "dvar": 1712530.625,
        "dvar2": 3913862.75,
        "max": 19638.28125,
        "mean": 3259.27416992,
        "median": 2605.51757812,
        "min": 43.06640625,
        "var": 7573207
    },
    "spectral_skewness": {
        "dmean": 0.138960108161,
        "dmean2": 0.222449019551,
        "dvar": 0.0473934262991,
        "dvar2": 0.105612032115,
        "max": 9.49190711975,
        "mean": 1.31981301308,
        "median": 1.25937342644,
        "min": -0.103491961956,
        "var": 0.266006499529
    },
    "spectral_spread": {
        "dmean": 586093.1875,
        "dmean2": 903180.5625,
        "dvar": 535403659264,
        "dvar2": 1.23643468186e+12,
        "max": 44657480,
        "mean": 6518605,
        "median": 6145084,
        "min": 589152.6875,
        "var": 2.18683020411e+13
    },
    "spectral_strongpeak": {
        "dmean": 0.694939672947,
        "dmean2": 1.20201528072,
        "dvar": 1.44319140911,
        "dvar2": 3.54927277565,
        "max": 20.0628070831,
        "mean": 1.1626663208,
        "median": 0.45541113615,
        "min": 0,
        "var": 2.60133695602
    },
    "zerocrossingrate": {
        "dmean": 0.01503186021,
        "dmean2": 0.0187151953578,
        "dvar": 0.00026369097759,
        "dvar2": 0.000374585448299,
        "max": 0.80908203125,
        "mean": 0.116078786552,
        "median": 0.107421875,
        "min": 0.00341796875,
        "var": 0.00415920233354
    },
    "barkbands": {
        "dmean": [0.000292130513117, 0.00429445086047, 0.00153924152255, 0.000908505287953, 0.00101747107692, 0.00102899991907, 0.000710238993634, 0.000676890136674, 0.000689129868988, 0.000543760543223, 0.000635150296148, 0.000530393153895, 0.000444836565293, 0.00052518263692, 0.000426026526839, 0.00037957704626, 0.000373707473045, 0.000303232052829, 0.000310367759084, 0.000317444762914, 0.000280241278233, 0.00024575178395, 0.000208223878872, 0.000203719959245, 0.000190721388208, 0.000153565284563, 4.7102697863e-05],
        "dmean2": [0.000418937357608, 0.00654331268743, 0.00264930631965, 0.00161531777121, 0.00174228847027, 0.00170559983235, 0.00117799616419, 0.00104737526271, 0.00104415009264, 0.00082982936874, 0.000999828102067, 0.000848204130307, 0.000721646298189, 0.000833758036606, 0.000698200485203, 0.000608357833698, 0.000599870516453, 0.000504044233821, 0.000531321449671, 0.000524089671671, 0.000463885226054, 0.000406354753068, 0.000341217237292, 0.000333418080118, 0.000305782246869, 0.000243316870183, 7.63562929933e-05],
        "dvar": [2.99080170407e-07, 5.14542407473e-05, 1.28569499793e-05, 5.19759896633e-06, 3.27822635882e-06, 1.6325564502e-05, 1.42594751651e-06, 1.29809029659e-06, 1.86903594113e-06, 1.69750137502e-06, 1.43887405102e-06, 9.0346890147e-07, 7.63610387366e-07, 8.92131708952e-07, 5.55296253424e-07, 5.11558994276e-07, 4.41584319333e-07, 3.38900036922e-07, 3.64587208423e-07, 2.33107215308e-07, 1.51279735405e-07, 1.19830502854e-07, 1.10843977552e-07, 1.11442624018e-07, 8.55725517113e-08, 6.6098685636e-08, 9.97424809412e-09],
        "dvar2": [5.51780146907e-07, 0.000113600632176, 3.48248213413e-05, 1.45484191307e-05, 9.06278546609e-06, 4.25822581747e-05, 3.54573512595e-06, 2.76768082585e-06, 3.92736455979e-06, 3.46233855453e-06, 3.26226586367e-06, 2.13032649299e-06, 1.8371194983e-06, 2.0222346393e-06, 1.35851234973e-06, 1.15819852908e-06, 1.05789251847e-06, 8.24857124826e-07, 9.82351593848e-07, 5.7335563497e-07, 3.96711072881e-07, 3.15676146556e-07, 2.80915145368e-07, 2.88860178443e-07, 2.17533482783e-07, 1.62082741895e-07, 2.52024090486e-08],
        "max": [0.014069641009, 0.114649020135, 0.0445558875799, 0.032486256212, 0.0328330993652, 0.1022451967, 0.034470692277, 0.0451835505664, 0.0446195602417, 0.0604064129293, 0.0492589324713, 0.0364279821515, 0.0265262797475, 0.0237352680415, 0.017942879349, 0.0278676133603, 0.0144211091101, 0.0180890802294, 0.0185877922922, 0.0217133164406, 0.0104849394411, 0.00558034796268, 0.00696998974308, 0.00609404966235, 0.00515042198822, 0.00403058156371, 0.00158441765234],
        "mean": [0.000591975578573, 0.00801962800324, 0.00160710443743, 0.000878082821146, 0.0014633955434, 0.00143809965812, 0.0012565740617, 0.00137134781107, 0.0014779974008, 0.00111215317156, 0.0012152394047, 0.000973444548436, 0.000758145179134, 0.000937732867897, 0.000720642798115, 0.000684908591211, 0.000693542533554, 0.000536638428457, 0.000553062593099, 0.000700560689438, 0.000693108420819, 0.000573827070184, 0.000465890130727, 0.000465365941636, 0.000458514899947, 0.000336109806085, 7.59421818657e-05],
        "median": [9.84483485809e-05, 0.00395598448813, 0.000433438981418, 0.000269798678346, 0.000692385365255, 0.000663264363538, 0.000640579208266, 0.000664566527121, 0.000572829623707, 0.000378898956114, 0.000490042672027, 0.00046138477046, 0.00035243871389, 0.000469932623673, 0.000406995997764, 0.00036021694541, 0.00036305678077, 0.00029099432868, 0.000336837780196, 0.00049918377772, 0.000549894524738, 0.000436211063061, 0.000299560313579, 0.000290038413368, 0.000306744856061, 0.000199300935492, 2.16744829231e-05],
        "min": [3.5195956198e-25, 8.8744968432e-25, 8.19363444717e-25, 9.19352205403e-25, 4.42246901393e-24, 5.30623540808e-24, 5.13710836316e-24, 6.57341541786e-24, 1.56685320043e-23, 1.12258433021e-23, 9.48894198278e-24, 1.58050222959e-23, 1.40506540184e-23, 1.40155575967e-23, 3.76491692517e-23, 2.54235528261e-23, 5.0550323558e-23, 7.54819285241e-23, 1.00030781335e-22, 1.57917432425e-22, 2.17235228659e-22, 2.74345678484e-22, 3.74215898225e-22, 5.00549334245e-22, 8.12881555702e-22, 1.12832837672e-21, 1.88257280324e-21],
        "var": [1.14974568532e-06, 0.000116865820019, 1.19323231047e-05, 3.81100562663e-06, 4.5582819439e-06, 1.38902278195e-05, 3.58528404831e-06, 4.75777369502e-06, 8.15363273432e-06, 7.36941774448e-06, 5.03929732076e-06, 2.32036359193e-06, 1.66005418123e-06, 2.26196675612e-06, 1.09748327759e-06, 1.13682165193e-06, 1.07577750441e-06, 7.37036032206e-07, 7.40633254281e-07, 6.27857900781e-07, 4.32932154126e-07, 3.00891628058e-07, 2.69952607823e-07, 2.74132645472e-07, 2.35240690927e-07, 1.5315610824e-07, 1.64268882941e-08]
    },
    "erbbands": {
        "dmean": [0.154776751995, 0.932078897953, 1.84109377861, 2.23482251167, 3.31833696365, 3.60636138916, 4.91760492325, 9.92739772797, 9.44841003418, 13.4376478195, 13.4733629227, 14.036564827, 17.5695552826, 17.4617195129, 23.5298614502, 19.5774822235, 20.1515083313, 25.0344047546, 19.1979904175, 21.2437438965, 17.4006195068, 21.0713062286, 16.3901596069, 15.8142385483, 15.5867967606, 14.0869226456, 12.9406242371, 10.2837352753, 9.22045612335, 7.80938196182, 5.65545129776, 4.90182113647, 3.17761135101, 2.05457878113, 1.52695608139, 0.794603824615, 0.263500452042, 0.0747859850526, 0.00764678046107, 0.000111478701001],
        "dmean2": [0.232028901577, 1.44459199905, 3.08752679825, 3.79989695549, 5.81106948853, 6.17626571655, 8.34627819061, 16.3089008331, 15.8893241882, 21.3030223846, 20.7263641357, 21.4750747681, 26.711774826, 27.4022598267, 37.1313896179, 31.3464698792, 32.3201446533, 39.3105659485, 30.7603359222, 34.4216461182, 28.0305023193, 33.7655563354, 26.7263126373, 26.8258342743, 26.7255764008, 23.4282016754, 21.393819809, 17.0520401001, 15.2953567505, 12.8379631042, 9.21980476379, 8.10402011871, 5.19270038605, 3.35425162315, 2.44484376907, 1.25811421871, 0.422237813473, 0.120700128376, 0.0123981079087, 0.000180051472853],
        "dvar": [0.0677305459976, 2.81953048706, 17.3780498505, 24.3474769592, 48.5117988586, 48.8740272522, 214.336166382, 1584.19250488, 270.136566162, 555.417053223, 575.582214355, 847.454284668, 1665.83996582, 1321.54553223, 1896.49841309, 1191.76757812, 1461.73632812, 2129.17211914, 1179.43579102, 1362.28869629, 947.664916992, 1501.29125977, 1064.3079834, 827.521789551, 844.499816895, 471.058685303, 370.997497559, 204.107559204, 173.751998901, 137.838577271, 84.3378143311, 67.0638122559, 27.5985889435, 11.0079269409, 5.26870250702, 1.59721589088, 0.231258019805, 0.0230284258723, 0.00026940961834, 5.21277669918e-08],
        "dvar2": [0.148768693209, 6.1297621727, 46.1562461853, 63.5763511658, 136.595214844, 136.447647095, 595.808227539, 3996.05615234, 720.709350586, 1234.2902832, 1271.33972168, 1789.89404297, 3398.5703125, 2890.89355469, 4402.01074219, 2878.94628906, 3541.63696289, 4711.85302734, 2870.47045898, 3355.76953125, 2227.93676758, 3650.55444336, 2532.24291992, 2244.74438477, 2328.98120117, 1196.86962891, 977.332824707, 539.940673828, 462.959014893, 358.568267822, 209.951675415, 175.379074097, 72.1180496216, 28.5706748962, 13.2124538422, 3.93513059616, 0.575532674789, 0.0577863492072, 0.00067894870881, 1.31227750444e-07],
        "max": [3.10919451714, 28.7422428131, 54.904750824, 64.6979751587, 83.9367980957, 135.85244751, 346.330108643, 997.446166992, 474.199493408, 993.122253418, 680.154907227, 1280.01928711, 1947.71911621, 1576.84985352, 1231.69348145, 1156.66174316, 1462.21435547, 1268.72338867, 1035.72875977, 952.049377441, 1140.24401855, 993.073974609, 966.63470459, 570.02746582, 611.913452148, 820.428710938, 650.625366211, 320.690551758, 222.642868042, 253.038818359, 207.252944946, 174.992034912, 110.131004333, 56.3435974121, 40.7650794983, 19.9229774475, 7.20428419113, 2.1373167038, 0.297887027264, 0.00417315354571],
        "mean": [0.278790295124, 1.56595540047, 2.2193312645, 2.53440856934, 3.84863352776, 4.99971151352, 6.8972659111, 13.8698453903, 16.1313476562, 27.2660274506, 28.8707695007, 30.136428833, 38.0314331055, 35.9559898376, 45.0254249573, 38.1018562317, 38.2332878113, 47.8211936951, 38.3848152161, 39.6369628906, 34.3429374695, 40.8443031311, 31.3057479858, 29.0609436035, 29.0913085938, 31.4666385651, 30.8788032532, 25.151227951, 21.0468101501, 17.4501152039, 12.670955658, 10.6055202484, 7.07490682602, 4.45549249649, 3.65763068199, 1.84841275215, 0.521668791771, 0.133529469371, 0.0121113369241, 0.00022947769321],
        "median": [0.12230810523, 0.555941700935, 0.671025574207, 0.974961042404, 1.50512647629, 2.25469493866, 3.32006168365, 5.94538402557, 8.5102481842, 13.6281318665, 14.4545269012, 12.7991676331, 14.2778053284, 15.7823429108, 19.9240150452, 20.2120246887, 20.4042167664, 25.5355758667, 24.2706184387, 24.2888679504, 22.2749919891, 21.7137393951, 17.7794532776, 17.7871589661, 17.9663391113, 23.1465759277, 24.201965332, 19.4453773499, 15.6533489227, 12.5751008987, 7.90823936462, 6.51433849335, 4.38815402985, 2.48186922073, 2.46671867371, 1.17379522324, 0.276752710342, 0.051186773926, 0.00318577047437, 0.000111786430352],
        "min": [5.41466804715e-23, 1.69541872154e-22, 9.93641017307e-22, 3.22453319492e-21, 5.64335127575e-21, 1.21415799821e-20, 1.93974516034e-20, 5.36853788479e-20, 6.98036005442e-20, 9.90523580373e-20, 1.53832251932e-19, 3.54026348686e-19, 4.87858097189e-19, 7.20218249435e-19, 8.03279900838e-19, 9.11822489118e-19, 1.1215765707e-18, 9.65196938528e-19, 2.36177807908e-18, 2.80844857882e-18, 2.48270795553e-18, 3.88905996027e-18, 4.2884446803e-18, 5.25616038379e-18, 5.15605870837e-18, 6.38332838524e-18, 8.36114163169e-18, 9.85520766179e-18, 1.01889998544e-17, 1.12484519557e-17, 1.08665252961e-17, 8.35627946405e-18, 9.0791592188e-18, 7.4320763559e-18, 5.92043025624e-18, 4.08144231842e-18, 2.21916573083e-18, 8.54117904297e-19, 2.39659943604e-19, 2.6555761149e-20],
        "var": [0.157983496785, 5.97953605652, 19.5557765961, 22.516462326, 44.1450004578, 62.8764152527, 185.239379883, 1446.68811035, 533.364135742, 1936.88427734, 2169.0012207, 3268.7590332, 7220.31347656, 4407.828125, 5966.16113281, 3070.75927734, 3290.76416016, 5431.64257812, 2730.92651367, 2783.58325195, 2020.78430176, 3821.69433594, 2345.08374023, 1494.65124512, 1499.83178711, 1155.6842041, 964.599853516, 568.485961914, 422.473358154, 321.780273438, 212.242004395, 150.335067749, 65.4573516846, 27.6818771362, 14.7665700912, 4.25922393799, 0.441543668509, 0.0398923456669, 0.000438193819718, 9.64226813949e-08]
    },
    "gfcc": {
        "mean": [27.6570987701, 33.8626327515, -113.386108398, 20.5348358154, -58.749042511, 17.1854419708, -32.7800292969, 12.607626915, -21.7844486237, 14.0158853531, -18.4584693909, 5.97172403336, -13.2771129608],
        "cov": [[33095.8710938, 56.8377914429, 10.6298141479, 1448.14697266, -443.864746094, 1192.61437988, -264.361236572, 838.785949707, -470.154327393, 657.307800293, -524.033203125, 411.243103027, -301.8253479], [56.8377914429, 1006.15014648, -310.365631104, -42.0484275818, -46.1286773682, -96.1445922852, -85.5665588379, -115.285110474, -23.2803592682, -60.8568344116, -9.71755313873, -60.9431419373, 22.1619186401], [10.6298141479, -310.365631104, 1606.35888672, 482.682037354, 468.039154053, 373.45614624, 297.827178955, 228.984405518, 67.3199386597, 126.17729187, 7.23110198975, 104.416900635, 4.99057388306], [1448.14697266, -42.0484275818, 482.682037354, 650.906005859, 222.094696045, 130.468017578, 105.489532471, 170.974105835, 19.1990146637, 55.1758575439, 29.4496669769, 39.6428833008, 26.0322780609], [-443.864746094, -46.1286773682, 468.039154053, 222.094696045, 416.168395996, 186.947891235, 171.737686157, 116.344329834, 83.4383926392, 6.28787469864, 9.49877643585, 33.4401893616, 10.9627799988], [1192.61437988, -96.1445922852, 373.45614624, 130.468017578, 186.947891235, 382.316955566, 149.397079468, 110.650413513, 46.6467437744, 78.9317398071, -28.1735267639, 53.7282333374, -16.2516269684], [-264.361236572, -85.5665588379, 297.827178955, 105.489532471, 171.737686157, 149.397079468, 250.041854858, 143.13508606, 71.4993515015, 34.1771354675, 27.4552574158, 32.8963279724, 1.81781208515], [838.785949707, -115.285110474, 228.984405518, 170.974105835, 116.344329834, 110.650413513, 143.13508606, 239.698562622, 66.550491333, 43.5503768921, 21.2045669556, 39.865978241, -3.15594267845], [-470.154327393, -23.2803592682, 67.3199386597, 19.1990146637, 83.4383926392, 46.6467437744, 71.4993515015, 66.550491333, 134.447479248, 34.7240943909, 33.9335289001, 21.0258655548, 12.3185987473], [657.307800293, -60.8568344116, 126.17729187, 55.1758575439, 6.28787469864, 78.9317398071, 34.1771354675, 43.5503768921, 34.7240943909, 173.905258179, 27.5033721924, 44.0026054382, 13.9882316589], [-524.033203125, -9.71755313873, 7.23110198975, 29.4496669769, 9.49877643585, -28.1735267639, 27.4552574158, 21.2045669556, 33.9335289001, 27.5033721924, 124.141555786, 38.0206222534, 31.3473300934], [411.243103027, -60.9431419373, 104.416900635, 39.6428833008, 33.4401893616, 53.7282333374, 32.8963279724, 39.865978241, 21.0258655548, 44.0026054382, 38.0206222534, 108.915168762, 38.064037323], [-301.8253479, 22.1619186401, 4.99057388306, 26.0322780609, 10.9627799988, -16.2516269684, 1.81781208515, -3.15594267845, 12.3185987473, 13.9882316589, 31.3473300934, 38.064037323, 100.766311646]],
        "icov": [[8.6313324573e-05, -5.84024346608e-05, 0.000103257509181, -0.000199690635782, 0.000157011701958, -0.000280009931885, 0.000275029568002, -0.000406027742429, 0.0003331869666, -0.000226973774261, 0.000352319009835, -0.000422423880082, 0.000278676045127], [-5.84024346608e-05, 0.00118177512195, 0.000154642460984, -3.94591734221e-05, -0.000275367783615, 0.000160754891112, -0.000174077053089, 0.000738718314096, -0.000304250832414, 0.000272399600362, -0.000254660757491, 0.000769363658037, -0.00056216964731], [0.000103257509181, 0.000154642460984, 0.00138219539076, -0.000713068468031, -0.000694751623087, -0.000604063447099, -0.000253297010204, -0.000330576527631, 0.000867435068358, -0.000764294352848, 0.00065179169178, -0.000924541265704, 0.000509945792146], [-0.000199690635782, -3.94591734221e-05, -0.000713068468031, 0.00300104916096, -0.00126692070626, 0.000642979692202, 0.000174371220055, -0.000810157333035, 0.000307117938064, 0.000121371384012, -0.00141041551251, 0.00147324835416, -0.00128856685478], [0.000157011701958, -0.000275367783615, -0.000694751623087, -0.00126692070626, 0.00554884690791, -0.00164453324396, -0.000987562001683, -0.000203079951461, -0.00167139014229, 0.00138172809966, 0.000777995912358, -0.000666773645207, 5.74720761506e-05], [-0.000280009931885, 0.000160754891112, -0.000604063447099, 0.000642979692202, -0.00164453324396, 0.00577091705054, -0.00244414480403, 0.00119740678929, -0.000996023416519, -0.000902693369426, 0.00102371606044, -0.000447411759524, 0.00027859795955], [0.000275029568002, -0.000174077053089, -0.000253297010204, 0.000174371220055, -0.000987562001683, -0.00244414480403, 0.00949882622808, -0.0048198858276, 8.23371010483e-05, -0.00034791676444, -0.000603399646934, -0.000429826468462, 0.000608821341302], [-0.000406027742429, 0.000738718314096, -0.000330576527631, -0.000810157333035, -0.000203079951461, 0.00119740678929, -0.0048198858276, 0.0101594431326, -0.00380365084857, 0.000968762033153, -0.00115231436212, 0.000527145399246, -4.27662453149e-05], [0.0003331869666, -0.000304250832414, 0.000867435068358, 0.000307117938064, -0.00167139014229, -0.000996023416519, 8.23371010483e-05, -0.00380365084857, 0.0123253045604, -0.00272911391221, -0.000711381435394, -0.00115912850015, 0.000374444585759], [-0.000226973774261, 0.000272399600362, -0.000764294352848, 0.000121371384012, 0.00138172809966, -0.000902693369426, -0.00034791676444, 0.000968762033153, -0.00272911391221, 0.00844473298639, -0.00207905145362, -0.000317562866258, -0.00106448517181], [0.000352319009835, -0.000254660757491, 0.00065179169178, -0.00141041551251, 0.000777995912358, 0.00102371606044, -0.000603399646934, -0.00115231436212, -0.000711381435394, -0.00207905145362, 0.0125655829906, -0.00509477453306, -0.000110254673928], [-0.000422423880082, 0.000769363658037, -0.000924541265704, 0.00147324835416, -0.000666773645207, -0.000447411759524, -0.000429826468462, 0.000527145399246, -0.00115912850015, -0.000317562866258, -0.00509477453306, 0.0161763783544, -0.00608450453728], [0.000278676045127, -0.00056216964731, 0.000509945792146, -0.00128856685478, 5.74720761506e-05, 0.00027859795955, 0.000608821341302, -4.27662453149e-05, 0.000374444585759, -0.00106448517181, -0.000110254673928, -0.00608450453728, 0.0136509928852]]
    },
    "melbands": {
        "dmean": [0.00125547091011, 0.000999124255031, 0.000395515293349, 0.000252901838394, 0.000164163429872, 0.000215026710066, 0.000141672397149, 0.000150365638547, 0.000116860261187, 9.165143274e-05, 9.07503854251e-05, 7.16257636668e-05, 7.86863602116e-05, 5.39646862308e-05, 5.96864992986e-05, 4.88268888148e-05, 5.13744271302e-05, 3.29811955453e-05, 3.73685616069e-05, 3.08113558276e-05, 1.91978124349e-05, 2.39504279307e-05, 1.69613831531e-05, 1.54233985086e-05, 1.36390162879e-05, 1.23803811221e-05, 1.21824150483e-05, 1.01948462543e-05, 9.73284659267e-06, 7.32399621484e-06, 6.20339324087e-06, 5.84536883252e-06, 5.10259087605e-06, 4.53695656688e-06, 3.50610730493e-06, 3.43862143382e-06, 3.16372165798e-06, 2.6040722787e-06, 1.82464225418e-06, 1.88387650724e-06],
        "dmean2": [0.00187184882816, 0.0015899365535, 0.00066553382203, 0.000436056725448, 0.000278083258308, 0.000354958203388, 0.000237588392338, 0.000236193678575, 0.00017955560179, 0.000139710013173, 0.000137863637065, 0.00011162890587, 0.000124406913528, 8.59068823047e-05, 9.54975475906e-05, 7.81913331593e-05, 8.08596669231e-05, 5.30016586708e-05, 6.14012751612e-05, 4.9225625844e-05, 3.12263000524e-05, 3.86943429476e-05, 2.72348752333e-05, 2.56875282503e-05, 2.31855046877e-05, 2.11272108572e-05, 2.05846426979e-05, 1.69965296664e-05, 1.61880197993e-05, 1.21913271869e-05, 1.03258917079e-05, 9.77338459052e-06, 8.44214264362e-06, 7.49604805605e-06, 5.72181716052e-06, 5.74063096792e-06, 5.23741937286e-06, 4.28360681326e-06, 2.99976841234e-06, 3.09887946059e-06],
        "dvar": [4.17726232627e-06, 3.92461288357e-06, 7.18394801424e-07, 2.25475403681e-07, 1.94802240117e-07, 6.97540144756e-07, 5.76922474238e-08, 6.63973693804e-08, 4.65587071119e-08, 3.90936989447e-08, 4.50145307695e-08, 2.26461978059e-08, 2.23946674538e-08, 1.08216458017e-08, 1.2394734128e-08, 1.09986517671e-08, 1.00201047459e-08, 4.06184152979e-09, 4.25894919331e-09, 3.87477339103e-09, 1.26006149959e-09, 1.93610949495e-09, 1.11706000006e-09, 1.04160713388e-09, 6.05086647454e-10, 6.34003516353e-10, 5.03514008265e-10, 2.22398974237e-10, 2.32566660374e-10, 9.84723344533e-11, 7.45128195256e-11, 7.05966188286e-11, 5.39372851938e-11, 5.30295564405e-11, 3.40960870648e-11, 3.68747220258e-11, 2.77069686638e-11, 1.9970610235e-11, 8.06792480046e-12, 9.53571423212e-12],
        "dvar2": [9.34893796511e-06, 9.71215467871e-06, 1.86073430086e-06, 6.26259861747e-07, 5.37652454113e-07, 1.78013613095e-06, 1.5252264518e-07, 1.44568417682e-07, 1.01393972329e-07, 8.17331695657e-08, 9.22368741385e-08, 4.8554120724e-08, 5.16960341201e-08, 2.56277150612e-08, 2.90608479503e-08, 2.54605350136e-08, 2.20671108053e-08, 9.79730696571e-09, 1.03769091098e-08, 8.70708394274e-09, 3.04371061688e-09, 4.79397899156e-09, 2.54495668983e-09, 2.51776666182e-09, 1.64670299618e-09, 1.64652824708e-09, 1.23556243015e-09, 5.79508108167e-10, 6.03854632963e-10, 2.63800870037e-10, 1.98232458226e-10, 1.89684074003e-10, 1.4115771052e-10, 1.37538591627e-10, 8.44306569103e-11, 9.74118632979e-11, 7.29207041972e-11, 5.29294177931e-11, 2.13142489769e-11, 2.49678454994e-11],
        "max": [0.0286118499935, 0.0269935168326, 0.012171392329, 0.00739842047915, 0.010246722959, 0.0209462624043, 0.00608800724149, 0.0105321565643, 0.0070702736266, 0.00869305245578, 0.0101955253631, 0.00579350721091, 0.00541323330253, 0.00541426613927, 0.00255677290261, 0.00287338579074, 0.00290696532466, 0.00185079465155, 0.00134703388903, 0.00242681312375, 0.00132963748183, 0.00115134660155, 0.000867817085236, 0.00119335553609, 0.000471467181342, 0.000985215650871, 0.00106856541242, 0.000367600470781, 0.000401050172513, 0.000202865892788, 0.000175423425389, 0.000196710112505, 0.000135810652864, 0.000163446631632, 0.000155823770911, 0.000132882225444, 0.000128165251226, 9.84856305877e-05, 5.98333863309e-05, 5.08016673848e-05],
        "mean": [0.00234617851675, 0.00152187340427, 0.000473983091069, 0.000333021598635, 0.000239483939367, 0.000305508438032, 0.000246424751822, 0.000304193119518, 0.000244514667429, 0.000192552281078, 0.000191185710719, 0.000143580109579, 0.000150411826326, 0.000100617296994, 0.00010348437354, 8.38825144456e-05, 9.15554919629e-05, 5.99170489295e-05, 6.03289154242e-05, 5.41856097698e-05, 3.42147359333e-05, 4.32138622273e-05, 3.13783093588e-05, 2.63197762251e-05, 2.31106732826e-05, 2.15208492591e-05, 2.12807408388e-05, 2.09398949664e-05, 2.04710213438e-05, 1.63367203641e-05, 1.36172366183e-05, 1.2070203411e-05, 1.06392753878e-05, 9.25501717575e-06, 7.30363399271e-06, 6.6799761953e-06, 6.46792159387e-06, 5.33516913492e-06, 3.75402987629e-06, 3.73254647457e-06],
        "median": [0.00122247589752, 0.000558856932912, 0.000202698429348, 0.000142460019561, 0.000119864373119, 0.000139143463457, 0.000129908701638, 0.000146730613778, 0.000108086009277, 7.63859425206e-05, 6.59505967633e-05, 5.59868676646e-05, 6.43471576041e-05, 5.11307443958e-05, 4.51207670267e-05, 3.40394835803e-05, 4.35911861132e-05, 3.31265327986e-05, 3.15605138894e-05, 2.54237602348e-05, 2.12763516174e-05, 2.15583531826e-05, 1.67843536474e-05, 1.35748050525e-05, 1.36865965032e-05, 1.20831336972e-05, 1.27731036628e-05, 1.50069154188e-05, 1.48090994117e-05, 1.25663500512e-05, 1.00896431832e-05, 8.60091131472e-06, 7.63290154282e-06, 6.19973980065e-06, 4.3901072786e-06, 3.78428103431e-06, 3.88974422094e-06, 3.2037244182e-06, 2.06958293347e-06, 1.95037182493e-06],
        "min": [5.79669241957e-25, 5.0438706248e-25, 8.25376783486e-25, 1.05610568067e-24, 5.52352566531e-25, 1.0535000731e-24, 1.01315397931e-24, 1.04861761574e-24, 1.25541986862e-24, 2.16318360872e-24, 1.92202883e-24, 2.44342743138e-24, 2.00001601352e-24, 1.58525977082e-24, 1.73307771053e-24, 1.91384124266e-24, 1.55163063043e-24, 2.69540183185e-24, 2.21946015684e-24, 2.26616644167e-24, 2.58507884539e-24, 2.79471725045e-24, 3.53046612307e-24, 2.60133470485e-24, 3.8731058851e-24, 3.8492736083e-24, 4.02931217725e-24, 3.14747533688e-24, 4.7838797212e-24, 3.06712334558e-24, 4.88048402208e-24, 4.71136841565e-24, 4.35381326606e-24, 5.28048028281e-24, 4.83167522573e-24, 4.70782564133e-24, 4.50449950402e-24, 5.15027445167e-24, 4.7862707586e-24, 4.97837771612e-24],
        "var": [9.6525045592e-06, 6.47201477477e-06, 6.88711338626e-07, 2.76316285408e-07, 1.82938876492e-07, 6.26073415333e-07, 1.23606270108e-07, 2.4816230848e-07, 1.91289672102e-07, 1.55784803724e-07, 1.96941314812e-07, 7.93975090119e-08, 7.64743859349e-08, 2.59387942236e-08, 3.20814841359e-08, 2.55300669494e-08, 2.50368561439e-08, 9.04290331505e-09, 8.3719076116e-09, 8.79861516978e-09, 2.38802422281e-09, 4.54446258402e-09, 2.49718112855e-09, 2.19863061091e-09, 1.03641351057e-09, 1.57789636912e-09, 9.50170386815e-10, 5.12863695956e-10, 5.30651300679e-10, 2.49214704429e-10, 1.85244070083e-10, 1.55187404594e-10, 1.20897236666e-10, 1.08132051924e-10, 7.9158818389e-11, 6.86827608676e-11, 6.00885591284e-11, 4.0544644031e-11, 2.02721069098e-11, 2.13594506665e-11]
    },
    "mfcc": {
        "mean": [-608.629760742, 77.4066390991, -3.21641254425, 10.7965984344, -4.24760818481, 7.06029129028, -0.798463225365, 0.829096317291, 3.13403844833, 4.1949930191, 1.59589612484, 4.45366191864, 1.6834089756],
        "cov": [[12049.5146484, 397.027679443, 1015.61505127, 812.425415039, 468.044921875, 548.387084961, 482.450164795, 327.625549316, 370.978149414, 239.00378418, 120.520149231, 190.883056641, 148.660339355], [397.027679443, 947.723815918, -165.979919434, -84.2514419556, -63.8394775391, 13.6051273346, -84.974571228, -63.3662033081, -39.2747001648, -39.046131134, -51.3103561401, -22.4058933258, -30.926235199], [1015.61505127, -165.979919434, 837.410705566, 280.645812988, 234.753814697, 218.652404785, 220.000930786, 135.938430786, 125.529281616, 94.443572998, 69.6423416138, 39.9087715149, 61.5168685913], [812.425415039, -84.2514419556, 280.645812988, 495.261108398, 182.26184082, 42.2558250427, 134.989349365, 87.3864974976, 73.6100921631, 54.2678451538, 50.5146217346, 29.5960597992, 38.4412345886], [468.044921875, -63.8394775391, 234.753814697, 182.26184082, 301.252075195, 129.363143921, 120.129150391, 118.860702515, 89.9657440186, 47.083278656, 42.9440460205, 22.5827312469, 19.3394813538], [548.387084961, 13.6051273346, 218.652404785, 42.2558250427, 129.363143921, 291.011413574, 106.640419006, 64.2138061523, 91.768913269, 45.2129631042, 28.1773509979, 37.0239982605, 37.9651985168], [482.450164795, -84.974571228, 220.000930786, 134.989349365, 120.129150391, 106.640419006, 226.588546753, 136.920608521, 86.7197341919, 72.9655990601, 53.2322616577, 29.900390625, 33.7219924927], [327.625549316, -63.3662033081, 135.938430786, 87.3864974976, 118.860702515, 64.2138061523, 136.920608521, 238.49671936, 107.329399109, 65.4640274048, 64.2270507812, 27.3028259277, 22.5918102264], [370.978149414, -39.2747001648, 125.529281616, 73.6100921631, 89.9657440186, 91.768913269, 86.7197341919, 107.329399109, 159.562011719, 75.830406189, 44.4296188354, 28.8421058655, 24.1595783234], [239.00378418, -39.046131134, 94.443572998, 54.2678451538, 47.083278656, 45.2129631042, 72.9655990601, 65.4640274048, 75.830406189, 125.228820801, 64.7839431763, 26.0771598816, 17.0010719299], [120.520149231, -51.3103561401, 69.6423416138, 50.5146217346, 42.9440460205, 28.1773509979, 53.2322616577, 64.2270507812, 44.4296188354, 64.7839431763, 116.342079163, 49.1558609009, 19.6437664032], [190.883056641, -22.4058933258, 39.9087715149, 29.5960597992, 22.5827312469, 37.0239982605, 29.900390625, 27.3028259277, 28.8421058655, 26.0771598816, 49.1558609009, 105.587005615, 47.5404510498], [148.660339355, -30.926235199, 61.5168685913, 38.4412345886, 19.3394813538, 37.9651985168, 33.7219924927, 22.5918102264, 24.1595783234, 17.0010719299, 19.6437664032, 47.5404510498, 101.985580444]],
