{
"lowlevel": {
    "average_loudness": 0.941848754883,
    "barkbands_crest": {
        "dmean": 3.07397627831,
        "dmean2": 5.0121216774,
        "dvar": 7.88827800751,
        "dvar2": 19.4157772064,
        "max": 26.5686683655,
        "mean": 10.2197818756,
        "median": 8.92229557037,
        "min": 1.83269333839,
        "var": 28.2442932129
    },
    "barkbands_flatness_db": {
        "dmean": 0.0231269430369,
        "dmean2": 0.0365470349789,
        "dvar": 0.000694824557286,
        "dvar2": 0.00165151676629,
        "max": 0.641983985901,
        "mean": 0.0884562507272,
        "median": 0.0714448541403,
        "min": 0.00888552609831,
        "var": 0.0044684545137
    },
    "barkbands_kurtosis": {
        "dmean": 4.97429513931,
        "dmean2": 8.16118907928,
        "dvar": 624.937255859,
        "dvar2": 1676.82702637,
        "max": 1054.24560547,
        "mean": 6.22846841812,
        "median": 0.0789988040924,
        "min": -1.82809627056,
        "var": 1227.78149414
    },
    "barkbands_skewness": {
        "dmean": 0.657535016537,
        "dmean2": 1.03578007221,
        "dvar": 0.87321972847,
        "dvar2": 2.23144435883,
        "max": 24.9218158722,
        "mean": 1.34248960018,
        "median": 0.975975215435,
        "min": -2.47916603088,
        "var": 3.22286629677
    },
    "barkbands_spread": {
        "dmean": 8.18561840057,
        "dmean2": 13.2402105331,
        "dvar": 64.6706085205,
        "dvar2": 164.751785278,
        "max": 129.894287109,
        "mean": 36.3497276306,
        "median": 38.2920036316,
        "min": 0.083966113627,
        "var": 216.629348755
    },
    "dissonance": {
        "dmean": 0.0107910279185,
        "dmean2": 0.0184320900589,
        "dvar": 0.000128983112518,
        "dvar2": 0.000344618078088,
        "max": 0.500000059605,
        "mean": 0.484633952379,
        "median": 0.487978756428,
        "min": 0.241009190679,
        "var": 0.000182349365787
    },
    "dynamic_complexity": 2.88423609734,
    "erbbands_crest": {
        "dmean": 2.52245092392,
        "dmean2": 4.17282342911,
        "dvar": 6.74002933502,
        "dvar2": 16.6952857971,
        "max": 29.2499713898,
        "mean": 7.30699729919,
        "median": 6.2742767334,
        "min": 2.09036064148,
        "var": 14.706404686
    },
    "erbbands_flatness_db": {
        "dmean": 0.0162739902735,
        "dmean2": 0.0255494266748,
        "dvar": 0.000313671043841,
        "dvar2": 0.000720335170627,
        "max": 0.437280476093,
        "mean": 0.113031089306,
        "median": 0.105890080333,
        "min": 0.0245954226702,
        "var": 0.00165028381161
    },
    "erbbands_kurtosis": {
        "dmean": 0.859645068645,
        "dmean2": 1.43805134296,
        "dvar": 7.44089174271,
        "dvar2": 23.5558795929,
        "max": 149.81362915,
        "mean": 0.340882331133,
        "median": -0.169942855835,
        "min": -1.80455863476,
        "var": 9.78973865509
    },
    "erbbands_skewness": {
        "dmean": 0.351822048426,
        "dmean2": 0.567856609821,
        "dvar": 0.139533400536,
        "dvar2": 0.369575291872,
        "max": 10.6749792099,
        "mean": 0.0773583054543,
        "median": 0.0352171361446,
        "min": -4.52114295959,
        "var": 0.404773890972
    },
    "erbbands_spread": {
        "dmean": 8.74781894684,
        "dmean2": 13.9092359543,
        "dvar": 81.9850692749,
        "dvar2": 199.462295532,
        "max": 156.865371704,
        "mean": 42.0077095032,
        "median": 40.2536888123,
        "min": 2.43285632133,
        "var": 278.760345459
    },
    "hfc": {
        "dmean": 11.4435634613,
        "dmean2": 18.1047859192,
        "dvar": 201.564559937,
        "dvar2": 510.342315674,
        "max": 181.939163208,
        "mean": 40.9023323059,
        "median": 41.8125610352,
        "min": 1.09693115862e-16,
        "var": 567.717102051
    },
    "melbands_crest": {
        "dmean": 4.34646463394,
        "dmean2": 7.07428216934,
        "dvar": 15.5860395432,
        "dvar2": 38.4219360352,
        "max": 39.9577484131,
        "mean": 16.2333202362,
        "median": 15.3423175812,
        "min": 1.79710376263,
        "var": 55.9270324707
    },
    "melbands_flatness_db": {
        "dmean": 0.0318370871246,
        "dmean2": 0.0496729426086,
        "dvar": 0.00111179111991,
        "dvar2": 0.002640879713,
        "max": 0.790275990963,
        "mean": 0.152548447251,
        "median": 0.137536510825,
        "min": 0.00384884909727,
        "var": 0.00710419658571
    },
    "melbands_kurtosis": {
        "dmean": 24.3748970032,
        "dmean2": 40.1884918213,
        "dvar": 441526.84375,
        "dvar2": 1121631.25,
        "max": 57346.96875,
        "mean": 27.4929332733,
        "median": 5.63028144836,
        "min": -1.79518938065,
        "var": 345262.875
    },
    "melbands_skewness": {
        "dmean": 1.02716863155,
        "dmean2": 1.62721323967,
        "dvar": 5.17016649246,
        "dvar2": 10.284913063,
        "max": 203.592605591,
        "mean": 2.81696796417,
        "median": 2.24688911438,
        "min": -2.16097259521,
        "var": 11.6805639267
    },
    "melbands_spread": {
        "dmean": 11.3011779785,
        "dmean2": 18.1910953522,
        "dvar": 146.8775177,
        "dvar2": 363.651947021,
        "max": 209.045181274,
        "mean": 36.6555900574,
        "median": 34.7902488708,
        "min": 0.00922040082514,
        "var": 466.138549805
    },
    "pitch_salience": {
        "dmean": 0.0896864458919,
        "dmean2": 0.14496126771,
        "dvar": 0.00688605569303,
        "dvar2": 0.0171081200242,
        "max": 0.974116027355,
        "mean": 0.545832872391,
        "median": 0.564749479294,
        "min": 0.00294523779303,
        "var": 0.0245374012738
    },
    "silence_rate_20dB": {
        "dmean": 0,
        "dmean2": 0,
        "dvar": 0,
        "dvar2": 0,
        "max": 1,
        "mean": 1,
        "median": 1,
        "min": 1,
        "var": 0
    },
    "silence_rate_30dB": {
        "dmean": 0,
        "dmean2": 0,
        "dvar": 0,
        "dvar2": 0,
        "max": 1,
        "mean": 1,
        "median": 1,
        "min": 1,
        "var": 0
    },
    "silence_rate_60dB": {
        "dmean": 0.0067075509578,
        "dmean2": 0.0134163871408,
        "dvar": 0.00666324514896,
        "dvar2": 0.0153471156955,
        "max": 1,
        "mean": 0.0511641278863,
        "median": 0,
        "min": 0,
        "var": 0.0485516190529
    },
    "spectral_centroid": {
        "dmean": 329.487121582,
        "dmean2": 515.876647949,
        "dvar": 112811.25,
        "dvar2": 262062.375,
        "max": 11678.5283203,
        "mean": 2039.58996582,
        "median": 2101.54443359,
        "min": 66.3612289429,
        "var": 592333.5
    },
    "spectral_complexity": {
        "dmean": 6.0622844696,
        "dmean2": 9.43900299072,
        "dvar": 37.3186683655,
        "dvar2": 82.1773681641,
        "max": 78,
        "mean": 31.8984375,
        "median": 35,
        "min": 0,
        "var": 176.855041504
    },
    "spectral_decrease": {
        "dmean": 2.09346562308e-09,
        "dmean2": 3.36323524586e-09,
        "dvar": 4.8297156908e-18,
        "dvar2": 1.22067382139e-17,
        "max": 1.68150355476e-28,
        "mean": -8.2068769558e-09,
        "median": -8.03598343424e-09,
        "min": -2.68340443199e-08,
        "var": 1.93331547898e-17
    },
    "spectral_energy": {
        "dmean": 0.00825298391283,
        "dmean2": 0.0132743930444,
        "dvar": 7.31801264919e-05,
        "dvar2": 0.000184089658433,
        "max": 0.10615260154,
        "mean": 0.0346846356988,
        "median": 0.034892231226,
        "min": 1.00795180736e-20,
        "var": 0.000312190706609
    },
    "spectral_energyband_high": {
        "dmean": 0.000873630458955,
        "dmean2": 0.00140217947774,
        "dvar": 1.19868809634e-06,
        "dvar2": 3.0985779631e-06,
        "max": 0.0129508245736,
        "mean": 0.00256350170821,
        "median": 0.00254272483289,
        "min": 7.10783941125e-21,
        "var": 3.04474110635e-06
    },
    "spectral_energyband_low": {
        "dmean": 0.00720001431182,
        "dmean2": 0.0115821743384,
        "dvar": 7.76948436396e-05,
        "dvar2": 0.00019714901282,
        "max": 0.0804473906755,
        "mean": 0.015381555073,
        "median": 0.0104676503688,
        "min": 2.5014743017e-23,
        "var": 0.000215932494029
    },
    "spectral_energyband_middle_high": {
        "dmean": 0.00325801060535,
        "dmean2": 0.00519513245672,
        "dvar": 1.63213117048e-05,
        "dvar2": 4.06127765018e-05,
        "max": 0.0481243096292,
        "mean": 0.00927711091936,
        "median": 0.00828215759248,
        "min": 1.11648794056e-21,
        "var": 4.32682427345e-05
    },
    "spectral_energyband_middle_low": {
        "dmean": 0.00432884087786,
        "dmean2": 0.00697134062648,
        "dvar": 3.572283822e-05,
        "dvar2": 8.2780563389e-05,
        "max": 0.0794776082039,
        "mean": 0.00850161351264,
        "median": 0.00667653232813,
        "min": 1.44365938033e-22,
        "var": 5.9841768234e-05
    },
    "spectral_entropy": {
        "dmean": 0.129035741091,
        "dmean2": 0.203214257956,
        "dvar": 0.0278100520372,
        "dvar2": 0.0670598745346,
        "max": 9.82688713074,
        "mean": 8.07499504089,
        "median": 8.13544559479,
        "min": 3.76638579369,
        "var": 0.100010894239
    },
    "spectral_flux": {
        "dmean": 0.022549957037,
        "dmean2": 0.0354754813015,
        "dvar": 0.000520498666447,
        "dvar2": 0.00113937188871,
        "max": 0.315190762281,
        "mean": 0.113155424595,
        "median": 0.111788973212,
        "min": 6.55923509951e-11,
        "var": 0.00213036919013
    },
    "spectral_kurtosis": {
        "dmean": 0.808101534843,
        "dmean2": 1.34020793438,
        "dvar": 6.69977474213,
        "dvar2": 19.5706310272,
        "max": 146.158111572,
        "mean": 3.25825572014,
        "median": 2.93178081512,
        "min": -1.23762011528,
        "var": 6.56258153915
    },
    "spectral_rms": {
        "dmean": 0.000694285030477,
        "dmean2": 0.00110517442226,
        "dvar": 4.69669060976e-07,
        "dvar2": 1.13458690976e-06,
        "max": 0.0101766157895,
        "mean": 0.0055254753679,
        "median": 0.00583448354155,
        "min": 3.1358691685e-12,
        "var": 3.30778470925e-06
    },
    "spectral_rolloff": {
        "dmean": 788.037902832,
        "dmean2": 1303.57849121,
        "dvar": 922322.75,
        "dvar2": 2156704.5,
        "max": 19422.9492188,
        "mean": 2262.13208008,
        "median": 2153.3203125,
        "min": 21.533203125,
        "var": 3037159
    },
    "spectral_skewness": {
        "dmean": 0.134010627866,
        "dmean2": 0.218498557806,
        "dvar": 0.0469010546803,
        "dvar2": 0.128869637847,
        "max": 10.9158668518,
        "mean": 1.41133964062,
        "median": 1.39053440094,
        "min": -0.0961255356669,
        "var": 0.100947402418
    },
    "spectral_spread": {
        "dmean": 537152.375,
        "dmean2": 844351.8125,
        "dvar": 466302959616,
        "dvar2": 1.03540156006e+12,
        "max": 42419480,
        "mean": 5765409,
        "median": 5746039,
        "min": 1420985,
        "var": 4.89697312768e+12
    },
    "spectral_strongpeak": {
        "dmean": 0.493059009314,
        "dmean2": 0.873461902142,
        "dvar": 0.945725739002,
        "dvar2": 2.58787631989,
        "max": 12.8168077469,
        "mean": 0.67748850584,
        "median": 0.36639726162,
        "min": 0,
        "var": 1.11072480679
    },
    "zerocrossingrate": {
        "dmean": 0.0134590826929,
        "dmean2": 0.0169533491135,
        "dvar": 0.000222116126679,
        "dvar2": 0.000285153044388,
        "max": 0.83154296875,
        "mean": 0.0927558019757,
        "median": 0.09326171875,
        "min": 0,
        "var": 0.0023605315946
    },
    "barkbands": {
        "dmean": [0.000489670142997, 0.0059967986308, 0.00242368271574, 0.00178046000656, 0.00157900992781, 0.000878821127117, 0.00101777247619, 0.000978229567409, 0.000868804869242, 0.000821643858217, 0.000592769414652, 0.000734058965463, 0.000761731062084, 0.000686478160787, 0.000596727477387, 0.000503551214933, 0.000471874285722, 0.000490958802402, 0.000467316043796, 0.000314772070851, 0.000227136333706, 0.000160222654813, 0.000155664936756, 0.000178954156581, 0.000135904992931, 9.37928271014e-05, 4.32334272773e-05],
        "dmean2": [0.00079688266851, 0.00960735138506, 0.0040690312162, 0.00310448324308, 0.00273908418603, 0.00149126513861, 0.00168494449463, 0.00168943614699, 0.00148548802827, 0.00137525086757, 0.000986266531982, 0.00121636944823, 0.00125859410036, 0.00111401046161, 0.000968267209828, 0.000832035206258, 0.000786325894296, 0.000815379491542, 0.000761427625548, 0.000510246900376, 0.000371823087335, 0.000264935748419, 0.000254445505561, 0.000293125456665, 0.000223419774557, 0.000152369815623, 7.04093108652e-05],
        "dvar": [7.48361173919e-07, 6.6604843596e-05, 2.26803731493e-05, 1.94244039449e-05, 9.07788671611e-06, 2.59342004938e-06, 3.28553937834e-06, 3.91157755075e-06, 2.14693613998e-06, 2.00608769774e-06, 1.09883342247e-06, 1.51413235017e-06, 1.75190609752e-06, 1.50949767885e-06, 1.29581871988e-06, 6.75299816066e-07, 6.67233848617e-07, 9.08984929993e-07, 8.79801064002e-07, 2.16459099533e-07, 8.20706844706e-08, 3.99334183498e-08, 3.80674407552e-08, 5.87345425629e-08, 3.22688151755e-08, 1.83191382064e-08, 4.65673499761e-09],
        "dvar2": [1.8252657128e-06, 0.000161844422109, 5.90791569266e-05, 5.20231806149e-05, 2.50505872827e-05, 6.88026830176e-06, 7.8136972661e-06, 1.06244960989e-05, 5.56736313229e-06, 5.05336902279e-06, 2.80340418612e-06, 3.71876149075e-06, 4.32035176345e-06, 3.71868873117e-06, 3.09534289045e-06, 1.74060141944e-06, 1.72026011569e-06, 2.37304470829e-06, 2.14746160054e-06, 5.09636777224e-07, 2.05165122225e-07, 1.05062156308e-07, 9.66722666362e-08, 1.48528428667e-07, 8.28481887538e-08, 4.87918043746e-08, 1.15808083123e-08],
        "max": [0.0164491720498, 0.0746359154582, 0.0598564147949, 0.0692392662168, 0.0569623187184, 0.0285600926727, 0.0250416919589, 0.0369269251823, 0.0227821692824, 0.0203739944845, 0.0167569983751, 0.0258013308048, 0.0263755787164, 0.0269339419901, 0.0217886790633, 0.0131204957142, 0.0233472064137, 0.0218911878765, 0.0209722295403, 0.0101022003219, 0.00473023438826, 0.00314008118585, 0.00462445477024, 0.00420256657526, 0.00381203345023, 0.00270087411627, 0.000918325968087],
        "mean": [0.000697002396919, 0.011218264699, 0.00260265101679, 0.00165777071379, 0.00194544054102, 0.00109837891068, 0.00129536679015, 0.0011166674085, 0.00107834488153, 0.0010365403723, 0.000792342878412, 0.00104563939385, 0.00107482331805, 0.0010660206899, 0.00100097595714, 0.00083178729983, 0.000743726734072, 0.000756950874347, 0.000768997822888, 0.000604439585004, 0.000492386170663, 0.000368245673599, 0.000370119611034, 0.000414717476815, 0.00031999044586, 0.000216634973185, 7.03766272636e-05],
        "median": [0.000213293882553, 0.00560158584267, 0.00085522106383, 0.000488643883727, 0.00101616536267, 0.000593998236582, 0.000632770650554, 0.000494009756949, 0.000578893173952, 0.000505866366439, 0.000400022807298, 0.000525572395418, 0.000551337434445, 0.000521362177096, 0.000427134917118, 0.000459175615106, 0.000472024548799, 0.000471836567158, 0.0004886664683, 0.000458738446468, 0.00042278561159, 0.000321458035614, 0.000332634634105, 0.000364929845091, 0.000284907786408, 0.00017920632672, 2.52864556387e-05],
        "min": [8.65014578783e-25, 1.65921508626e-24, 1.85115638298e-24, 1.86963111095e-24, 8.99674326502e-24, 1.56016776203e-23, 8.60375958331e-24, 7.26292954726e-24, 1.72478662465e-23, 1.04960933222e-23, 2.1859917863e-23, 3.14387229358e-23, 4.38068565502e-23, 2.69409567541e-23, 3.24408224101e-23, 3.26176755587e-23, 6.92932768573e-23, 1.23499670944e-22, 1.22849157309e-22, 1.51594907907e-22, 2.66614286255e-22, 3.74602553665e-22, 4.58007996758e-22, 6.48998870708e-22, 9.34651387209e-22, 1.27046652107e-21, 2.11507134183e-21],
        "var": [1.585186169e-06, 0.000172088693944, 2.33412574744e-05, 1.55707675731e-05, 9.0319363153e-06, 2.8952674711e-06, 4.68780945084e-06, 4.28551675213e-06, 2.42318992605e-06, 2.49212507697e-06, 1.53127723479e-06, 2.53969187725e-06, 2.52862400885e-06, 2.68538360615e-06, 2.99854877994e-06, 1.18784998904e-06, 8.97238692232e-07, 1.24267251067e-06, 1.26145528156e-06, 4.11553770618e-07, 1.71632422052e-07, 8.72044907396e-08, 9.21400200582e-08, 1.30480046323e-07, 6.92006736358e-08, 3.61527909831e-08, 1.06086286422e-08]
    },
    "erbbands": {
        "dmean": [0.22744564712, 1.24398076534, 2.48774719238, 4.38151979446, 5.67210626602, 5.09344911575, 6.07586240768, 7.70659255981, 12.9181499481, 19.0099029541, 19.7863292694, 18.9575004578, 24.0242576599, 22.7079048157, 23.2684421539, 28.5114498138, 32.2147903442, 33.6940116882, 29.4775295258, 30.2291679382, 25.6247749329, 25.9024505615, 26.1629695892, 24.3701496124, 20.5357494354, 14.6196546555, 11.596619606, 7.29081058502, 6.04317140579, 4.95215845108, 4.47861385345, 3.99848246574, 2.99226117134, 1.70724630356, 0.93343681097, 0.427494108677, 0.175511315465, 0.061515815556, 0.00710648251697, 9.96382077574e-05],
        "dmean2": [0.363748371601, 2.01127505302, 4.0599193573, 7.39481163025, 9.85706996918, 8.8420085907, 10.6177663803, 13.0235929489, 21.1993865967, 32.7973098755, 34.0400619507, 32.4714393616, 39.8410949707, 38.0443344116, 38.3900489807, 47.1491889954, 52.5186271667, 54.7398376465, 46.6558914185, 49.2628936768, 42.1886367798, 42.9063224792, 43.5661697388, 39.8297042847, 33.6465492249, 23.7936458588, 18.9398994446, 12.0525979996, 9.97058391571, 8.16962337494, 7.32932662964, 6.53883504868, 4.94272232056, 2.81188488007, 1.53773581982, 0.693707466125, 0.286504775286, 0.100142940879, 0.0116095365956, 0.000161286545335],
        "dvar": [0.112664043903, 3.07983541489, 18.6072101593, 97.0937347412, 148.85697937, 102.247207642, 141.249832153, 217.732421875, 609.38470459, 1518.25939941, 1473.80908203, 1098.64941406, 1772.75085449, 1557.48962402, 1654.78808594, 2379.22412109, 3220.84204102, 3739.34716797, 2645.82470703, 3693.98803711, 1633.75585938, 2004.98754883, 2477.65722656, 2567.41113281, 1755.26184082, 469.118377686, 239.19744873, 78.3823852539, 58.8974685669, 36.824886322, 32.9031791687, 29.634431839, 16.6805267334, 5.00476884842, 1.5475358963, 0.303324818611, 0.0617448166013, 0.0105424374342, 0.000128035695525, 2.26885390475e-08],
        "dvar2": [0.264722108841, 7.55199956894, 46.5896720886, 248.884384155, 396.210876465, 288.470062256, 401.810760498, 563.05670166, 1400.39916992, 4118.33691406, 3942.3972168, 2875.70361328, 4316.97265625, 3921.76831055, 4266.26367188, 5973.71728516, 8020.57861328, 9022.83203125, 5959.53369141, 9398.04394531, 4185.98779297, 5201.75585938, 6522.98242188, 6261.57275391, 4377.38427734, 1099.10583496, 586.604858398, 206.101745605, 152.068878174, 97.6734771729, 81.8978881836, 74.6851730347, 42.6175117493, 12.8007392883, 4.01206636429, 0.792340874672, 0.164731383324, 0.0281569454819, 0.00032121676486, 5.76231755645e-08],
        "max": [3.57536768913, 16.737985611, 51.4757537842, 148.803451538, 165.577667236, 246.274505615, 212.560119629, 255.600204468, 384.099975586, 906.019958496, 703.817199707, 472.842315674, 625.839477539, 744.174926758, 761.730773926, 1236.41906738, 1335.96166992, 1698.93933105, 858.133911133, 1492.88110352, 736.617797852, 1269.75744629, 1312.94641113, 1453.3338623, 984.026428223, 499.770294189, 261.570159912, 118.80292511, 113.346786499, 101.819923401, 137.608215332, 152.440414429, 67.6699676514, 43.9742050171, 23.5901870728, 7.73756313324, 4.23976039886, 2.38837552071, 0.152077749372, 0.00204343092628],
        "mean": [0.407802343369, 2.1635351181, 3.23469233513, 4.61136579514, 6.06351709366, 6.2347445488, 7.18969535828, 9.76749134064, 16.3674926758, 23.2534828186, 23.6072406769, 23.5853404999, 31.2674980164, 31.7984657288, 34.4844856262, 42.4940490723, 48.7372512817, 54.9944725037, 52.2884750366, 52.1488952637, 45.5722160339, 43.2387428284, 41.3102645874, 40.5894050598, 35.7957878113, 28.6104278564, 24.1086292267, 15.9151411057, 13.5100479126, 11.5735712051, 10.470076561, 8.92027378082, 6.6828379631, 3.91450452805, 2.10056853294, 0.989045143127, 0.378288567066, 0.119795851409, 0.0112614193931, 0.000211382590351],
        "median": [0.164997473359, 1.10662662983, 1.48552143574, 1.83617210388, 2.33322143555, 3.23943948746, 3.94051456451, 5.31186246872, 8.30626964569, 10.2220544815, 11.9793281555, 13.0463552475, 16.0889053345, 17.6390895844, 18.9616527557, 22.9115600586, 26.9638748169, 29.5661315918, 25.7122116089, 24.9208126068, 27.4009113312, 28.4532222748, 26.2311935425, 25.6756439209, 24.4001121521, 21.9492301941, 19.6136016846, 13.9295654297, 11.4739465714, 10.3548402786, 9.36135578156, 7.77569198608, 5.75097846985, 3.45359325409, 1.84801256657, 0.861470282078, 0.294374316931, 0.0782243311405, 0.00363610708155, 0.000132667759317],
        "min": [4.80685671502e-23, 5.80784641973e-22, 2.99384047885e-21, 9.03846361287e-21, 1.52551168883e-20, 2.62924042903e-20, 8.9039052379e-20, 8.34232133405e-20, 1.0526383174e-19, 8.54349295149e-20, 1.5317080471e-19, 4.05636396e-19, 3.72163524387e-19, 7.25317559418e-19, 9.34675731684e-19, 1.72760114071e-18, 1.7690343074e-18, 1.31119087233e-18, 3.09423720571e-18, 3.01151955805e-18, 3.39151392375e-18, 4.14907756838e-18, 6.50645546019e-18, 8.33463959204e-18, 5.99830434783e-18, 8.79582835231e-18, 9.83517169299e-18, 9.95772263664e-18, 1.25195688225e-17, 1.1965031903e-17, 1.1750882287e-17, 1.31507192104e-17, 9.72683502098e-18, 9.39802328287e-18, 6.90534759417e-18, 4.55175694879e-18, 2.31188730082e-18, 9.80478169767e-19, 2.53230642884e-19, 2.93261602726e-20],
        "var": [0.307379037142, 6.72678470612, 24.445898056, 87.322883606, 136.546386719, 96.6652603149, 123.589202881, 263.307739258, 868.10357666, 1913.39562988, 1530.68713379, 1180.87731934, 2283.37402344, 2098.52661133, 2547.29394531, 3751.15454102, 4674.39013672, 6388.47998047, 6264.69091797, 8075.91748047, 2967.91748047, 2756.20629883, 3246.19799805, 3707.83984375, 2363.39990234, 890.505126953, 486.938049316, 160.485443115, 126.976707458, 83.7647476196, 77.5716629028, 64.7444000244, 35.1249008179, 10.8956832886, 3.11858177185, 0.676514387131, 0.120431341231, 0.0194994583726, 0.000280818610918, 5.42339790854e-08]
    },
    "gfcc": {
        "mean": [41.6154441833, 43.1862487793, -106.830604553, 29.7488975525, -46.6848335266, 22.4474430084, -30.2769031525, 17.0994701385, -21.2511234283, 10.3541955948, -13.8532657623, 5.23068904877, -13.5007429123],
        "cov": [[25680.8125, -1671.50402832, -978.979125977, -38.0738792419, -1114.91894531, 130.245910645, -915.016357422, 346.286315918, -496.70098877, 352.0184021, -504.997741699, 120.646018982, -457.456481934], [-1671.50402832, 1205.90930176, 236.55116272, 256.412261963, 167.413742065, -45.4454460144, 139.469100952, -33.8836288452, 72.6212844849, -77.0089263916, 79.0688171387, -32.9885673523, 73.1101150513], [-978.979125977, 236.55116272, 905.754699707, 200.164657593, 186.530044556, 14.4933519363, 112.197189331, 23.9460315704, 31.282869339, -15.067399025, 20.7760810852, 23.9891624451, -5.50763511658], [-38.0738792419, 256.412261963, 200.164657593, 314.684509277, 113.151123047, 52.6037635803, 42.8891792297, 28.5472373962, 16.6114692688, -3.73397707939, 18.745218277, -8.53148937225, 12.530090332], [-1114.91894531, 167.413742065, 186.530044556, 113.151123047, 348.780883789, 113.846313477, 122.083343506, -11.6582260132, 64.3977508545, 7.18394708633, 30.7441692352, 1.80741262436, 33.4372024536], [130.245910645, -45.4454460144, 14.4933519363, 52.6037635803, 113.846313477, 206.843521118, 44.3975067139, 24.9234027863, 30.3857288361, 44.8478164673, 2.12414717674, 10.9213953018, 13.9269399643], [-915.016357422, 139.469100952, 112.197189331, 42.8891792297, 122.083343506, 44.3975067139, 208.898590088, 60.8528289795, 55.1750030518, -12.0121879578, 56.311542511, 11.6019554138, 30.7214183807], [346.286315918, -33.8836288452, 23.9460315704, 28.5472373962, -11.6582260132, 24.9234027863, 60.8528289795, 144.219436646, 34.6279563904, 28.6984710693, 19.7420749664, 27.9996643066, 0.22280625999], [-496.70098877, 72.6212844849, 31.282869339, 16.6114692688, 64.3977508545, 30.3857288361, 55.1750030518, 34.6279563904, 134.91557312, 57.0641059875, 42.2694740295, 1.36735856533, 30.6724624634], [352.0184021, -77.0089263916, -15.067399025, -3.73397707939, 7.18394708633, 44.8478164673, -12.0121879578, 28.6984710693, 57.0641059875, 116.598251343, 30.0208263397, 12.6467370987, 3.03207540512], [-504.997741699, 79.0688171387, 20.7760810852, 18.745218277, 30.7441692352, 2.12414717674, 56.311542511, 19.7420749664, 42.2694740295, 30.0208263397, 103.696258545, 34.2759132385, 26.675825119], [120.646018982, -32.9885673523, 23.9891624451, -8.53148937225, 1.80741262436, 10.9213953018, 11.6019554138, 27.9996643066, 1.36735856533, 12.6467370987, 34.2759132385, 77.1576461792, 29.5876960754], [-457.456481934, 73.1101150513, -5.50763511658, 12.530090332, 33.4372024536, 13.9269399643, 30.7214183807, 0.22280625999, 30.6724624634, 3.03207540512, 26.675825119, 29.5876960754, 81.4198532104]],
        "icov": [[7.52689084038e-05, -2.48309220297e-06, 6.32274095551e-05, -0.000124774494907, 0.000141055643326, -7.10106323822e-05, 0.000116836861707, -0.000156901878654, 0.000168944723555, -0.000300689745927, 0.00035333292908, -0.000336943485308, 0.000313402386382], [-2.48309220297e-06, 0.0013606955763, -7.48980601202e-05, -0.000959936995059, -9.27833025344e-05, 0.000523314927705, -0.000361790822353, 0.000488890393171, -0.000616673321929, 0.000957494834438, -0.000831078155898, 0.000857824983541, -0.000852133322041], [6.32274095551e-05, -7.48980601202e-05, 0.0015778678935, -0.000957714859396, -0.00042029315955, 0.000506553100422, -0.000601069419645, 0.000177828507731, -0.000114602000394, -0.000397832685849, 0.000994854024611, -0.00164356187452, 0.00131819187663], [-0.000124774494907, -0.000959936995059, -0.000957714859396, 0.0053536798805, -0.00126208062284, -0.00108676799573, 0.001310383901, -0.00188316870481, 0.000920877559111, 0.000628064211924, -0.00165333470795, 0.00242874165997, -0.00122406054288], [0.000141055643326, -9.27833025344e-05, -0.00042029315955, -0.00126208062284, 0.00581151805818, -0.00244247191586, -0.00236928765662, 0.00231328420341, -0.00135437969584, -0.000331476272549, 0.00114255852532, -0.00117772712838, 0.000536624051165], [-7.10106323822e-05, 0.000523314927705, 0.000506553100422, -0.00108676799573, -0.00244247191586, 0.00753994844854, -0.00146613852121, -8.04089213489e-05, 0.000360000733053, -0.0028408751823, 0.00185936503112, -0.000780056463555, -0.000756133405957], [0.000116836861707, -0.000361790822353, -0.000601069419645, 0.001310383901, -0.00236928765662, -0.00146613852121, 0.0105432001874, -0.00533784087747, -0.00080952240387, 0.00380469299853, -0.00451847631484, 0.00249119079672, -0.00126238889061], [-0.000156901878654, 0.000488890393171, 0.000177828507731, -0.00188316870481, 0.00231328420341, -8.04089213489e-05, -0.00533784087747, 0.0119187543169, -0.00310225551948, -0.00130225380417, 0.00171721621882, -0.00479881977662, 0.00242493511178], [0.000168944723555, -0.000616673321929, -0.000114602000394, 0.000920877559111, -0.00135437969584, 0.000360000733053, -0.00080952240387, -0.00310225551948, 0.014346851036, -0.00724536553025, -0.00146603840403, 0.00392530160025, -0.0039189918898], [-0.000300689745927, 0.000957494834438, -0.000397832685849, 0.000628064211924, -0.000331476272549, -0.0028408751823, 0.00380469299853, -0.00130225380417, -0.00724536553025, 0.0169311854988, -0.00637755915523, 0.0015090625966, 0.000157340284204], [0.00035333292908, -0.000831078155898, 0.000994854024611, -0.00165333470795, 0.00114255852532, 0.00185936503112, -0.00451847631484, 0.00171721621882, -0.00146603840403, -0.00637755915523, 0.0189926326275, -0.00980308838189, 0.0020957228262], [-0.000336943485308, 0.000857824983541, -0.00164356187452, 0.00242874165997, -0.00117772712838, -0.000780056463555, 0.00249119079672, -0.00479881977662, 0.00392530160025, 0.0015090625966, -0.00980308838189, 0.0242369417101, -0.0105888331309], [0.000313402386382, -0.000852133322041, 0.00131819187663, -0.00122406054288, 0.000536624051165, -0.000756133405957, -0.00126238889061, 0.00242493511178, -0.0039189918898, 0.000157340284204, 0.0020957228262, -0.0105888331309, 0.0200960431248]]
    },
    "melbands": {
        "dmean": [0.00179510726593, 0.00125043839216, 0.000742740288842, 0.000382409285521, 0.000208008059417, 0.000173176216776, 0.00019589457952, 0.000213376086322, 0.000162227690453, 0.000119961383461, 0.000123669407913, 9.69041429926e-05, 8.00626221462e-05, 7.74358777562e-05, 7.95525193098e-05, 7.8477030911e-05, 6.64867911837e-05, 5.35353829036e-05, 4.51705673186e-05, 3.97573276132e-05, 3.11753356073e-05, 3.05174417008e-05, 2.37650929193e-05, 2.57227566181e-05, 2.1071638912e-05, 1.82628373295e-05, 1.29241061586e-05, 1.0235150512e-05, 8.75838850334e-06, 5.87969952903e-06, 4.14209034716e-06, 3.82269490729e-06, 3.27900147568e-06, 2.90223738375e-06, 2.75919455817e-06, 2.8374397516e-06, 2.57091869571e-06, 2.37549488702e-06, 1.83888505489e-06, 1.4736368712e-06],
        "dmean2": [0.00287263165228, 0.00202945922501, 0.00122625508811, 0.000659153156448, 0.00036368102883, 0.000292289390927, 0.000321956438711, 0.000369643996237, 0.000278982595773, 0.000205659860512, 0.000205434203963, 0.000162587879458, 0.00013301501167, 0.000127419174532, 0.00013062133803, 0.000128850137116, 0.00010759790166, 8.54411046021e-05, 7.35298744985e-05, 6.54425457469e-05, 5.1647923101e-05, 5.11365760758e-05, 3.9600799937e-05, 4.31568951171e-05, 3.46760243701e-05, 3.02653243125e-05, 2.10777216125e-05, 1.69149388967e-05, 1.44175483001e-05, 9.77471245278e-06, 6.915202448e-06, 6.33373156234e-06, 5.47305353393e-06, 4.8366800911e-06, 4.55071085526e-06, 4.71562270832e-06, 4.23709207098e-06, 3.9499518607e-06, 3.04922423311e-06, 2.43935414801e-06],
        "dvar": [6.23565620117e-06, 3.31876003656e-06, 2.52408449342e-06, 5.51429309326e-07, 1.68808099943e-07, 1.02032629457e-07, 1.30319293135e-07, 1.92859900494e-07, 9.65012745269e-08, 4.2183025073e-08, 4.68098981798e-08, 2.81704775063e-08, 2.05832844102e-08, 1.88257320843e-08, 1.91514839543e-08, 2.16266329289e-08, 1.56116204408e-08, 9.30514332254e-09, 7.70266517236e-09, 5.48264900146e-09, 2.53141596573e-09, 2.67783262231e-09, 2.47206854986e-09, 3.3208420458e-09, 2.20095675019e-09, 1.65007330022e-09, 5.463615671e-10, 2.36962671707e-10, 1.55082238718e-10, 6.32661284472e-11, 2.70322184776e-11, 2.5447368171e-11, 1.65763184429e-11, 1.30509648227e-11, 1.23358415496e-11, 1.64279267273e-11, 1.17275286704e-11, 1.07090959364e-11, 6.0464177068e-12, 3.62235718851e-12],
        "dvar2": [1.4874100998e-05, 8.08955337561e-06, 6.20824130237e-06, 1.48354172325e-06, 4.84763120312e-07, 2.65381999043e-07, 2.9808944646e-07, 5.29305452801e-07, 2.57707171158e-07, 1.0976879139e-07, 1.13957703718e-07, 7.14986398975e-08, 5.35788444722e-08, 4.51403074919e-08, 4.87574318697e-08, 5.31506998414e-08, 3.79314073484e-08, 2.14823234757e-08, 1.89930489114e-08, 1.41570204448e-08, 6.51807141594e-09, 6.85963286173e-09, 6.51813625296e-09, 9.21852727487e-09, 5.49804157757e-09, 4.17641521366e-09, 1.31626320954e-09, 5.81589165716e-10, 3.76124048573e-10, 1.69488381663e-10, 7.19299966812e-11, 6.58331167358e-11, 4.4079753736e-11, 3.42328214387e-11, 3.12390113777e-11, 4.09938784307e-11, 3.0081832858e-11, 2.76579783381e-11, 1.55474157854e-11, 9.39135835071e-12],
        "max": [0.0254573635757, 0.0195748917758, 0.0249170847237, 0.0130074685439, 0.00821399968117, 0.00553260464221, 0.00565251661465, 0.0103899044916, 0.00641516502947, 0.00271339947358, 0.00330469035544, 0.00308110867627, 0.00261177588254, 0.00237299920991, 0.00276543572545, 0.0030158450827, 0.00313695310615, 0.00162177893799, 0.00169281905983, 0.00138152495492, 0.00100360857323, 0.00108494318556, 0.00147654872853, 0.00137759209611, 0.00145545857958, 0.000959852477536, 0.000534027640242, 0.000309725292027, 0.000253865204286, 0.000195510205231, 9.41347534535e-05, 8.38624328026e-05, 7.11323082214e-05, 6.78501819493e-05, 7.42638439988e-05, 0.000140478106914, 7.55635119276e-05, 5.75302401558e-05, 4.00146091124e-05, 3.87959444197e-05],
        "mean": [0.00336741167121, 0.00211316579953, 0.000850410375278, 0.000452053034678, 0.000256664818153, 0.000220505462494, 0.000253361737123, 0.000255538005149, 0.000189968501218, 0.000148024293594, 0.000157550995937, 0.000129585561808, 0.000111959510832, 0.000110585402581, 0.000112116649689, 0.000110049360956, 0.000100426579593, 8.51160584716e-05, 7.37778173061e-05, 6.33288073004e-05, 5.05007919855e-05, 4.66878118459e-05, 3.54392686859e-05, 3.78917684429e-05, 3.22763371514e-05, 2.8459538953e-05, 2.21794944082e-05, 1.81015420821e-05, 1.63517070177e-05, 1.14903232316e-05, 8.26356335892e-06, 7.76250635681e-06, 6.8185067903e-06, 6.27509552942e-06, 5.97879125053e-06, 5.84790359426e-06, 5.32222520633e-06, 4.91357741339e-06, 3.86298688682e-06, 3.12900715471e-06],
        "median": [0.0015723843826, 0.00136886630207, 0.000372148439055, 0.000207430290175, 0.000149242987391, 0.000123044213979, 0.000130959422677, 0.000111677916721, 9.71937697614e-05, 7.92830032879e-05, 7.83607392805e-05, 6.85461709509e-05, 5.86717578699e-05, 5.5590950069e-05, 5.71360942558e-05, 5.35014551133e-05, 4.96038665005e-05, 3.85844505217e-05, 3.15307006531e-05, 3.05265166389e-05, 2.97361639241e-05, 2.83824319922e-05, 2.2583097234e-05, 2.20222100324e-05, 1.94929816644e-05, 1.79208745976e-05, 1.52186312334e-05, 1.33067433126e-05, 1.21930006571e-05, 9.46799445956e-06, 6.98185704096e-06, 6.27599820291e-06, 5.78919343752e-06, 5.44297381566e-06, 5.22004893355e-06, 4.90763250127e-06, 4.48187438451e-06, 4.07345578424e-06, 3.29460158355e-06, 2.67099449047e-06],
        "min": [5.29740509632e-25, 1.46996380522e-24, 1.9985120502e-24, 1.11435447965e-24, 4.15606950295e-24, 2.57110437167e-24, 1.68784915939e-24, 1.19367552836e-24, 8.33090758455e-25, 2.13491852527e-24, 1.76190722396e-24, 2.68250730871e-24, 2.54922117295e-24, 3.43314316991e-24, 4.30881742889e-24, 3.82383678841e-24, 1.60833454395e-24, 4.7527812466e-24, 3.28278568972e-24, 3.84596630895e-24, 3.67212345355e-24, 3.0655874334e-24, 4.40309498453e-24, 5.70656180709e-24, 5.83531455645e-24, 4.18753992547e-24, 4.55253876657e-24, 4.31036596284e-24, 5.32381004575e-24, 5.12415290052e-24, 5.33798153748e-24, 6.66888888664e-24, 5.47878887033e-24, 6.42393810923e-24, 5.06477257917e-24, 7.76706373052e-24, 7.10182600661e-24, 6.45355273648e-24, 6.64876267836e-24, 7.5810313964e-24],
        "var": [1.70828734554e-05, 6.01040483161e-06, 2.55294639828e-06, 5.60868897992e-07, 1.47327895661e-07, 1.21543095588e-07, 1.90518619547e-07, 2.36089491068e-07, 9.87589103829e-08, 4.6840643364e-08, 6.02160170615e-08, 3.68688120034e-08, 2.87842958357e-08, 3.28042233377e-08, 2.91781194761e-08, 3.0095534953e-08, 2.47765097328e-08, 1.96811154041e-08, 1.65282880715e-08, 1.01792982932e-08, 4.08416900299e-09, 3.74118380719e-09, 2.64364308222e-09, 4.27327195851e-09, 2.85107870646e-09, 1.998260446e-09, 8.32871549505e-10, 3.95350641114e-10, 3.02977587463e-10, 1.05935128725e-10, 4.9268027158e-11, 4.93670417046e-11, 3.33461626367e-11, 2.76454536347e-11, 2.61119771638e-11, 3.38273541123e-11, 2.39187072926e-11, 2.09671325441e-11, 1.18799588222e-11, 7.53920537111e-12]
    },
    "mfcc": {
        "mean": [-596.972717285, 81.1980819702, -0.134162098169, 16.0018787384, 8.23948097229, 8.0804271698, 7.56939697266, 6.94081020355, 3.13807916641, 6.87380170822, 3.36639451981, 5.02053403854, 2.15918374062],
        "cov": [[11814.9287109, 373.96270752, -217.01373291, -115.128089905, -77.1565933228, -163.852661133, -178.842758179, -154.275482178, -98.0035324097, 7.12751960754, -69.1581954956, -32.8310813904, -72.6888198853], [373.96270752, 719.00012207, 187.730529785, 193.509170532, 44.9334259033, 15.7782335281, 27.8951950073, 34.1435699463, 1.95703935623, -5.19233226776, 1.59846138954, -6.99565124512, -1.3246370554], [-217.01373291, 187.730529785, 576.813476562, 220.013702393, 83.4172744751, 32.7320976257, 53.7171707153, 56.9523239136, 21.6666183472, 5.78509044647, 23.8764667511, 11.8049325943, 11.4256563187], [-115.128089905, 193.509170532, 220.013702393, 300.668029785, 89.8452835083, 22.1138324738, 56.7975158691, 49.7601051331, 12.9188966751, 10.5007295609, 8.49919033051, 8.01254844666, 3.35093975067], [-77.1565933228, 44.9334259033, 83.4172744751, 89.8452835083, 210.691452026, 131.195632935, 39.1310501099, 20.2366275787, 38.4396247864, 25.5968799591, 11.9491052628, 21.0857048035, 8.56780719757], [-163.852661133, 15.7782335281, 32.7320976257, 22.1138324738, 131.195632935, 200.971008301, 58.3207511902, 10.8018350601, 44.2355918884, 28.1466312408, 12.8721704483, 17.5889949799, 10.2933731079], [-178.842758179, 27.8951950073, 53.7171707153, 56.7975158691, 39.1310501099, 58.3207511902, 144.773635864, 83.5920715332, 23.6566200256, 16.9159946442, 15.2831068039, 17.9918060303, 13.6289186478], [-154.275482178, 34.1435699463, 56.9523239136, 49.7601051331, 20.2366275787, 10.8018350601, 83.5920715332, 126.837211609, 43.3051376343, 7.18496131897, 16.1621799469, 12.3538608551, 11.2976942062], [-98.0035324097, 1.95703935623, 21.6666183472, 12.9188966751, 38.4396247864, 44.2355918884, 23.6566200256, 43.3051376343, 97.1994094849, 49.2877349854, 19.9071407318, 15.3853845596, 10.742556572], [7.12751960754, -5.19233226776, 5.78509044647, 10.5007295609, 25.5968799591, 28.1466312408, 16.9159946442, 7.18496131897, 49.2877349854, 93.3142547607, 42.7548332214, 21.7855167389, 14.6130475998], [-69.1581954956, 1.59846138954, 23.8764667511, 8.49919033051, 11.9491052628, 12.8721704483, 15.2831068039, 16.1621799469, 19.9071407318, 42.7548332214, 81.9422836304, 38.4562530518, 21.0041885376], [-32.8310813904, -6.99565124512, 11.8049325943, 8.01254844666, 21.0857048035, 17.5889949799, 17.9918060303, 12.3538608551, 15.3853845596, 21.7855167389, 38.4562530518, 80.4449996948, 38.3751029968], [-72.6888198853, -1.3246370554, 11.4256563187, 3.35093975067, 8.56780719757, 10.2933731079, 13.6289186478, 11.2976942062, 10.742556572, 14.6130475998, 21.0041885376, 38.3751029968, 71.5125350952]],
