{
"lowlevel": {
    "average_loudness": 0.941645205021,
    "barkbands_crest": {
        "dmean": 3.47088241577,
        "dmean2": 5.7569861412,
        "dvar": 8.95614147186,
        "dvar2": 23.6074733734,
        "max": 25.2206859589,
        "mean": 10.5186843872,
        "median": 10.3856716156,
        "min": 1.89235854149,
        "var": 23.2236728668
    },
    "barkbands_flatness_db": {
        "dmean": 0.0226533804089,
        "dmean2": 0.036610275507,
        "dvar": 0.00054255273426,
        "dvar2": 0.001289190026,
        "max": 0.690213322639,
        "mean": 0.0863990858197,
        "median": 0.0712380111217,
        "min": 0.0106791788712,
        "var": 0.00466736406088
    },
    "barkbands_kurtosis": {
        "dmean": 2.8034491539,
        "dmean2": 4.67460489273,
        "dvar": 189.62550354,
        "dvar2": 505.608978271,
        "max": 621.366882324,
        "mean": 4.25552463531,
        "median": -0.501132011414,
        "min": -1.88191711903,
        "var": 686.76184082
    },
    "barkbands_skewness": {
        "dmean": 0.552186906338,
        "dmean2": 0.880887687206,
        "dvar": 0.396115720272,
        "dvar2": 1.02688229084,
        "max": 16.8955764771,
        "mean": 1.08957827091,
        "median": 0.873418629169,
        "min": -2.23951482773,
        "var": 2.38918328285
    },
    "barkbands_spread": {
        "dmean": 8.83559608459,
        "dmean2": 14.4796171188,
        "dvar": 64.9303665161,
        "dvar2": 165.154541016,
        "max": 98.2135467529,
        "mean": 47.7991294861,
        "median": 50.2095680237,
        "min": 0.11937623471,
        "var": 321.808624268
    },
    "dissonance": {
        "dmean": 0.0093387728557,
        "dmean2": 0.0160309616476,
        "dvar": 0.000106557359686,
        "dvar2": 0.000293665216304,
        "max": 0.500000059605,
        "mean": 0.486293017864,
        "median": 0.490231156349,
        "min": 0.292114794254,
        "var": 0.000218861052417
    },
    "dynamic_complexity": 2.64790511131,
    "erbbands_crest": {
        "dmean": 1.64355063438,
        "dmean2": 2.74632143974,
        "dvar": 3.20749187469,
        "dvar2": 8.01835727692,
        "max": 29.5012073517,
        "mean": 5.58603715897,
        "median": 4.64934635162,
        "min": 2.26782226562,
        "var": 8.96854496002
    },
    "erbbands_flatness_db": {
        "dmean": 0.0126709230244,
        "dmean2": 0.0200220625848,
        "dvar": 0.00017307708913,
        "dvar2": 0.000399784388719,
        "max": 0.45916891098,
        "mean": 0.108476780355,
        "median": 0.0969520509243,
        "min": 0.0333075299859,
        "var": 0.00146608066279
    },
    "erbbands_kurtosis": {
        "dmean": 0.680044054985,
        "dmean2": 1.13292372227,
        "dvar": 4.33899927139,
        "dvar2": 11.4231071472,
        "max": 118.94278717,
        "mean": 0.0620252564549,
        "median": -0.238986968994,
        "min": -1.77461194992,
        "var": 5.60833740234
    },
    "erbbands_skewness": {
        "dmean": 0.30329850316,
        "dmean2": 0.493436962366,
        "dvar": 0.103059530258,
        "dvar2": 0.25194683671,
        "max": 9.93782424927,
        "mean": -0.306123018265,
        "median": -0.323446005583,
        "min": -2.72971439362,
        "var": 0.332985550165
    },
    "erbbands_spread": {
        "dmean": 7.67450857162,
        "dmean2": 12.2416124344,
        "dvar": 58.3325843811,
        "dvar2": 139.368865967,
        "max": 139.954116821,
        "mean": 45.0673522949,
        "median": 44.6973381042,
        "min": 3.15179228783,
        "var": 217.285171509
    },
    "hfc": {
        "dmean": 13.2350788116,
        "dmean2": 22.2383174896,
        "dvar": 212.044433594,
        "dvar2": 555.715576172,
        "max": 179.226226807,
        "mean": 54.3415679932,
        "median": 57.389541626,
        "min": 1.11122199411e-16,
        "var": 954.63104248
    },
    "melbands_crest": {
        "dmean": 4.7225112915,
        "dmean2": 7.72762584686,
        "dvar": 16.3947296143,
        "dvar2": 40.7584037781,
        "max": 39.3099708557,
        "mean": 18.5213909149,
        "median": 18.7394618988,
        "min": 1.70839416981,
        "var": 57.3163909912
    },
    "melbands_flatness_db": {
        "dmean": 0.0326401591301,
        "dmean2": 0.0519441887736,
        "dvar": 0.00100421195384,
        "dvar2": 0.00240403506905,
        "max": 0.819187581539,
        "mean": 0.146389305592,
        "median": 0.1341214329,
        "min": 0.00353164924309,
        "var": 0.00757581414655
    },
    "melbands_kurtosis": {
        "dmean": 11.8202590942,
        "dmean2": 19.7095088959,
        "dvar": 2633.09204102,
        "dvar2": 7939.17919922,
        "max": 1906.69665527,
        "mean": 22.9567813873,
        "median": 6.84502696991,
        "min": -1.76312482357,
        "var": 9598.15234375
    },
    "melbands_skewness": {
        "dmean": 0.962096393108,
        "dmean2": 1.53362512589,
        "dvar": 1.24620687962,
        "dvar2": 3.45493674278,
        "max": 35.4081001282,
        "mean": 3.01714849472,
        "median": 2.60929560661,
        "min": -1.26409852505,
        "var": 7.49802875519
    },
    "melbands_spread": {
        "dmean": 13.6302204132,
        "dmean2": 22.0960464478,
        "dvar": 173.452835083,
        "dvar2": 426.917755127,
        "max": 173.823165894,
        "mean": 43.8828201294,
        "median": 40.2731018066,
        "min": 0.0186732895672,
        "var": 619.804992676
    },
    "pitch_salience": {
        "dmean": 0.100108593702,
        "dmean2": 0.156371355057,
        "dvar": 0.00760787166655,
        "dvar2": 0.0193972662091,
        "max": 0.934867978096,
        "mean": 0.493882000446,
        "median": 0.490392714739,
        "min": 0.00592688191682,
        "var": 0.022829208523
    },
    "silence_rate_20dB": {
        "dmean": 0,
        "dmean2": 0,
        "dvar": 0,
        "dvar2": 0,
        "max": 1,
        "mean": 1,
        "median": 1,
        "min": 1,
        "var": 0
    },
    "silence_rate_30dB": {
        "dmean": 0.000231213867664,
        "dmean2": 0.000462481199065,
        "dvar": 0.000231150450418,
        "dvar2": 0.000693468027748,
        "max": 1,
        "mean": 0.999884426594,
        "median": 1,
        "min": 0,
        "var": 0.000115577720862
    },
    "silence_rate_60dB": {
        "dmean": 0.00393063575029,
        "dmean2": 0.00786218047142,
        "dvar": 0.00391499884427,
        "dvar2": 0.01080572512,
        "max": 1,
        "mean": 0.0344468839467,
        "median": 0,
        "min": 0,
        "var": 0.0332623533905
    },
    "spectral_centroid": {
        "dmean": 272.664428711,
        "dmean2": 441.319152832,
        "dvar": 81954.5859375,
        "dvar2": 190866.15625,
        "max": 11788.6044922,
        "mean": 2493.13549805,
        "median": 2606.73022461,
        "min": 40.0969581604,
        "var": 786624.125
    },
    "spectral_complexity": {
        "dmean": 5.68624258041,
        "dmean2": 9.25031757355,
        "dvar": 32.1405830383,
        "dvar2": 77.8236465454,
        "max": 62,
        "mean": 36.0656585693,
        "median": 41,
        "min": 0,
        "var": 215.985092163
    },
    "spectral_decrease": {
        "dmean": 2.30269359136e-09,
        "dmean2": 3.45614670216e-09,
        "dvar": 4.89118555007e-18,
        "dvar2": 1.10014996654e-17,
        "max": 2.08493423911e-28,
        "mean": -8.49825454452e-09,
        "median": -7.90331267098e-09,
        "min": -3.03700851134e-08,
        "var": 2.46851175778e-17
    },
    "spectral_energy": {
        "dmean": 0.00895553082228,
        "dmean2": 0.0134523194283,
        "dvar": 7.06797582097e-05,
        "dvar2": 0.000159774994245,
        "max": 0.116923220456,
        "mean": 0.0370031036437,
        "median": 0.0362393818796,
        "min": 1.0056659939e-20,
        "var": 0.000415527552832
    },
    "spectral_energyband_high": {
        "dmean": 0.00129958870821,
        "dmean2": 0.00218985578977,
        "dvar": 2.31190756494e-06,
        "dvar2": 5.96197560299e-06,
        "max": 0.0277182124555,
        "mean": 0.00470110587776,
        "median": 0.00490653887391,
        "min": 6.9212003232e-21,
        "var": 9.72737689153e-06
    },
    "spectral_energyband_low": {
        "dmean": 0.00887506175786,
        "dmean2": 0.0135004045442,
        "dvar": 9.54275456024e-05,
        "dvar2": 0.000205323565751,
        "max": 0.109481140971,
        "mean": 0.0190945174545,
        "median": 0.0143880359828,
        "min": 1.54395477717e-23,
        "var": 0.000285307120066
    },
    "spectral_energyband_middle_high": {
        "dmean": 0.00262248935178,
        "dmean2": 0.00430778414011,
        "dvar": 7.93884555605e-06,
        "dvar2": 1.99061105377e-05,
        "max": 0.0439007990062,
        "mean": 0.00826488621533,
        "median": 0.00745447771624,
        "min": 1.25632195474e-21,
        "var": 3.22473169945e-05
    },
    "spectral_energyband_middle_low": {
        "dmean": 0.00253448286094,
        "dmean2": 0.00405578548089,
        "dvar": 9.76892897597e-06,
        "dvar2": 2.1765990823e-05,
        "max": 0.0351755321026,
        "mean": 0.00560887344182,
        "median": 0.00451885955408,
        "min": 1.60613090045e-22,
        "var": 2.10906237044e-05
    },
    "spectral_entropy": {
        "dmean": 0.0938665345311,
        "dmean2": 0.151252761483,
        "dvar": 0.016260754317,
        "dvar2": 0.0350963659585,
        "max": 9.81508731842,
        "mean": 8.17833137512,
        "median": 8.28782176971,
        "min": 3.61681079865,
        "var": 0.147867038846
    },
    "spectral_flux": {
        "dmean": 0.022208975628,
        "dmean2": 0.0360882878304,
        "dvar": 0.000442452903371,
        "dvar2": 0.00108760537114,
        "max": 0.258610457182,
        "mean": 0.113811351359,
        "median": 0.114332959056,
        "min": 6.40516945039e-11,
        "var": 0.00195172743406
    },
    "spectral_kurtosis": {
        "dmean": 0.752162218094,
        "dmean2": 1.24762070179,
        "dvar": 2.79519152641,
        "dvar2": 7.63695478439,
        "max": 57.1855163574,
        "mean": 2.78532075882,
        "median": 2.24125289917,
        "min": -1.26341533661,
        "var": 6.90743207932
    },
    "spectral_rms": {
        "dmean": 0.000745227443986,
        "dmean2": 0.00111740187276,
        "dvar": 4.37308699475e-07,
        "dvar2": 9.81437096925e-07,
        "max": 0.0106804231182,
        "mean": 0.00568666029721,
        "median": 0.00594604853541,
        "min": 3.13231146749e-12,
        "var": 3.76267189495e-06
    },
    "spectral_rolloff": {
        "dmean": 1073.67724609,
        "dmean2": 1719.15539551,
        "dvar": 1227802,
        "dvar2": 2857206,
        "max": 19552.1484375,
        "mean": 3378.54467773,
        "median": 3208.44726562,
        "min": 43.06640625,
        "var": 5011259
    },
    "spectral_skewness": {
        "dmean": 0.123187147081,
        "dmean2": 0.199777811766,
        "dvar": 0.0261035822332,
        "dvar2": 0.0674506276846,
        "max": 7.13198328018,
        "mean": 1.21706497669,
        "median": 1.17381286621,
        "min": -0.081883482635,
        "var": 0.110458791256
    },
    "spectral_spread": {
        "dmean": 432552.65625,
        "dmean2": 689295.9375,
        "dvar": 390100942848,
        "dvar2": 839496368128,
        "max": 42548868,
        "mean": 5894810.5,
        "median": 6050255,
        "min": 1042425.8125,
        "var": 7.87806106419e+12
    },
    "spectral_strongpeak": {
        "dmean": 0.313387423754,
        "dmean2": 0.537334561348,
        "dvar": 0.540839135647,
        "dvar2": 1.47111356258,
        "max": 17.3303718567,
        "mean": 0.502834022045,
        "median": 0.331691563129,
        "min": 0,
        "var": 0.549808442593
    },
    "zerocrossingrate": {
        "dmean": 0.0159689411521,
        "dmean2": 0.01906905137,
        "dvar": 0.000225056952331,
        "dvar2": 0.000307809677906,
        "max": 0.64111328125,
        "mean": 0.108676023781,
        "median": 0.10693359375,
        "min": 0.0009765625,
        "var": 0.00283587165177
    },
    "barkbands": {
        "dmean": [0.000826728413813, 0.00754480157048, 0.0035233667586, 0.00124790298287, 0.00121025880799, 0.000577411556151, 0.000585122441407, 0.000482770381495, 0.000756210298277, 0.000564412621316, 0.00061582174385, 0.000557746388949, 0.00047455803724, 0.000480386428535, 0.000434131972725, 0.000412937690271, 0.00039664588985, 0.000445414392743, 0.000393302558223, 0.000383408420021, 0.000370038091205, 0.000347259163391, 0.000267662515398, 0.000255502935033, 0.000186032004422, 0.000116250208521, 4.65835109935e-05],
        "dmean2": [0.00108366610948, 0.0115080969408, 0.00531306816265, 0.00209702877328, 0.00212246761657, 0.000984977930784, 0.000988849787973, 0.000785827636719, 0.00129878788721, 0.000941288890317, 0.00103062542621, 0.000915308832191, 0.000796233012807, 0.000795121130068, 0.000726911996026, 0.000690198212396, 0.000659815443214, 0.000736187037546, 0.000653673545457, 0.000640676065814, 0.000630744907539, 0.000592770695221, 0.000442356511485, 0.000424961850513, 0.000311976211378, 0.000194722306333, 7.68011595937e-05],
        "dvar": [2.58153431787e-06, 8.13507213024e-05, 3.82773941965e-05, 7.05828961145e-06, 6.49221419735e-06, 7.97372535999e-07, 8.98406710803e-07, 6.29173769084e-07, 1.33963612825e-06, 8.04595174486e-07, 1.06026800495e-06, 7.61431977025e-07, 5.96611698711e-07, 6.28255122592e-07, 4.26059841629e-07, 3.75719906742e-07, 2.23649038844e-07, 3.18822117151e-07, 2.39776085209e-07, 2.04100203405e-07, 1.8745640773e-07, 1.93517678326e-07, 9.41926927567e-08, 9.41563342849e-08, 5.4287276896e-08, 2.22702034591e-08, 4.1948520213e-09],
        "dvar2": [4.08886899095e-06, 0.000170116123627, 7.25525387679e-05, 1.76787380042e-05, 1.76764660864e-05, 2.1116049993e-06, 2.26859151553e-06, 1.54192150603e-06, 3.56677401214e-06, 1.97130088964e-06, 2.54170277003e-06, 1.95382631318e-06, 1.5809711158e-06, 1.53004259573e-06, 1.06572281311e-06, 9.58776126936e-07, 5.65316724987e-07, 7.75886007887e-07, 6.12713051851e-07, 5.27769202563e-07, 5.02310001593e-07, 5.24077904629e-07, 2.44819716499e-07, 2.42616835067e-07, 1.43228689353e-07, 5.73263143622e-08, 1.11198481534e-08],
        "max": [0.0222493074834, 0.08092905581, 0.0898751169443, 0.032060354948, 0.0280935689807, 0.0124064721167, 0.0191663745791, 0.0148055581376, 0.0189014393836, 0.0183151252568, 0.022701613605, 0.0225527361035, 0.0111079476774, 0.0190057437867, 0.0173058826476, 0.0133354701102, 0.00733611825854, 0.0125400274992, 0.010874947533, 0.00890437047929, 0.00913269072771, 0.0149060683325, 0.00669780699536, 0.00493574840948, 0.00344643602148, 0.0018174611032, 0.000736011890694],
        "mean": [0.00166555144824, 0.0130568323657, 0.00382443750277, 0.00106911279727, 0.00115656247362, 0.000717309652828, 0.000776185421273, 0.000670179200824, 0.00102251756471, 0.000810712226667, 0.000825231254566, 0.000900320126675, 0.000706641119905, 0.000759251590353, 0.000706996070221, 0.000702678982634, 0.000745561555959, 0.000891546835192, 0.000868459988851, 0.000950542336795, 0.00088982708985, 0.000884536595549, 0.000764998374507, 0.000704524631146, 0.000509604054969, 0.00032599378028, 9.71338449745e-05],
        "median": [0.000155096247909, 0.00753050018102, 0.000822192756459, 0.00025540983188, 0.000476837158203, 0.000390191329643, 0.000365063606296, 0.000332619034452, 0.000523584312759, 0.000428983767051, 0.000388890242903, 0.000479785288917, 0.00041133974446, 0.000418009323766, 0.000451271014754, 0.000496418506373, 0.000592163414694, 0.00072772661224, 0.000754365406465, 0.000908814778086, 0.000837005558424, 0.00084762123879, 0.000730272149667, 0.000654788862448, 0.000485769589432, 0.000303771405015, 6.62755046505e-05],
        "min": [2.82240195414e-26, 4.23761484358e-24, 9.63432470888e-25, 3.51063376549e-24, 8.8902896413e-24, 1.02479437139e-23, 5.71584788324e-24, 1.20153155745e-23, 2.07820861642e-23, 6.40288420053e-24, 2.13666210509e-23, 2.82439372439e-23, 4.3034839403e-23, 3.62031745906e-23, 5.20354993625e-23, 7.18232168893e-23, 7.39552554806e-23, 1.03840348418e-22, 1.42599457585e-22, 1.67738637099e-22, 2.70834199848e-22, 3.43032466455e-22, 3.64994505518e-22, 5.95557671699e-22, 8.80822447289e-22, 1.38688542701e-21, 2.01415793243e-21],
        "var": [1.12714105853e-05, 0.000193798172404, 5.30496290594e-05, 5.96851987211e-06, 4.92262279295e-06, 9.61846239989e-07, 1.48538890699e-06, 1.0128987924e-06, 2.05122114494e-06, 1.46581737681e-06, 1.77423214609e-06, 1.37817494306e-06, 8.54435370456e-07, 1.12856491796e-06, 8.09424193449e-07, 7.23669302261e-07, 4.82363077481e-07, 6.96478934969e-07, 5.2738374734e-07, 4.95006247547e-07, 4.29762906151e-07, 5.11189000463e-07, 3.36471600804e-07, 3.19815541161e-07, 1.59229841756e-07, 6.88988919251e-08, 1.05359507785e-08]
    },
    "erbbands": {
        "dmean": [0.263645887375, 1.61746156216, 3.84687781334, 4.36944770813, 3.72912168503, 4.23508691788, 3.52616667747, 5.18703174591, 7.96688222885, 7.69976520538, 12.7051076889, 15.2336921692, 18.0361022949, 22.0165367126, 19.424238205, 19.7528324127, 20.2239685059, 22.748758316, 21.63646698, 19.8066978455, 22.9254875183, 21.728597641, 23.9495334625, 21.2044429779, 18.3343372345, 17.3453483582, 16.595993042, 13.9160881042, 12.6364450455, 10.2912387848, 7.91267871857, 5.89870595932, 4.19448804855, 2.3367202282, 1.29668605328, 0.593546926975, 0.216478526592, 0.0620289295912, 0.0078284945339, 0.000107697742351],
        "dmean2": [0.4049654603, 2.42318940163, 5.26376008987, 7.01070022583, 6.27627849579, 7.4223074913, 5.98452758789, 8.90135860443, 13.5387897491, 12.8819389343, 20.6433773041, 26.5724925995, 30.886505127, 36.7493782043, 32.9568252563, 32.5431785583, 33.7412109375, 37.5080299377, 36.0609703064, 33.0474662781, 38.0854415894, 35.8591041565, 39.27759552, 35.3670196533, 30.5951156616, 28.9261035919, 28.1475124359, 23.7118816376, 21.4546127319, 17.4579391479, 13.1337308884, 9.88758850098, 6.96617507935, 3.87368130684, 2.19474315643, 0.998955488205, 0.360598266125, 0.102785468102, 0.012925173156, 0.000177221489139],
        "dvar": [0.139141723514, 4.26438951492, 31.9997787476, 83.6677703857, 55.5822906494, 104.061500549, 38.3558349609, 69.3569107056, 155.390777588, 172.350067139, 393.493164062, 574.563415527, 757.350830078, 1315.12109375, 1039.62866211, 848.561706543, 1099.47680664, 1379.72351074, 1176.34912109, 758.416015625, 1141.95495605, 704.194274902, 1039.4276123, 651.854309082, 469.285339355, 437.652709961, 419.099273682, 258.763366699, 266.718078613, 158.963928223, 84.5531311035, 48.2182769775, 28.5083122253, 8.67230606079, 2.67893695831, 0.57011783123, 0.0779669210315, 0.00714886188507, 0.000120916658489, 2.11126529592e-08],
        "dvar2": [0.298178255558, 8.26816272736, 60.1392745972, 201.677932739, 140.533950806, 278.782623291, 101.415206909, 183.416320801, 402.888519287, 444.161590576, 961.090148926, 1553.78149414, 1981.63024902, 3246.51611328, 2703.22314453, 2107.19189453, 2889.39941406, 3439.8581543, 2824.57275391, 1933.4486084, 2871.3894043, 1796.87194824, 2477.12890625, 1660.73400879, 1237.0255127, 1141.85827637, 1129.26831055, 691.92401123, 715.14239502, 425.396728516, 222.03956604, 126.34778595, 74.0970306396, 22.2219257355, 7.21237754822, 1.48839938641, 0.204999938607, 0.0189186781645, 0.00032236755942, 5.62458737363e-08],
        "max": [3.68681025505, 21.0926933289, 86.3703918457, 102.628509521, 77.7491073608, 155.288925171, 112.341712952, 148.302352905, 223.25177002, 250.019241333, 417.350341797, 348.308654785, 471.458831787, 842.015991211, 863.711853027, 742.589599609, 568.13482666, 693.690612793, 799.308959961, 644.991821289, 858.761474609, 482.595947266, 795.033935547, 632.421508789, 437.697509766, 489.818389893, 556.011657715, 309.725799561, 637.103759766, 258.325622559, 187.723831177, 105.537445068, 99.7396621704, 61.2188835144, 22.3471469879, 10.3710021973, 3.02178359032, 1.18699061871, 0.133640676737, 0.00179444742389],
        "mean": [0.46818369627, 2.50938463211, 4.79918289185, 4.15361785889, 3.53398966789, 4.02971410751, 4.29155778885, 6.33194303513, 10.4702625275, 10.9704723358, 19.0527496338, 20.2748470306, 25.4083652496, 33.3788871765, 29.1521320343, 33.5897521973, 33.1559562683, 37.3885993958, 37.3388137817, 36.4891242981, 41.3041763306, 43.7948608398, 48.7632446289, 46.8944282532, 42.1446495056, 43.1186676025, 39.9708938599, 33.4472808838, 31.9201564789, 26.6576309204, 21.8268604279, 15.7416067123, 11.2119827271, 6.29853010178, 3.32414317131, 1.54938483238, 0.576933085918, 0.161479890347, 0.0155455237255, 0.000283769331872],
        "median": [0.160947367549, 1.38667702675, 1.50162696838, 1.17337024212, 1.17718482018, 1.52073836327, 2.19184875488, 3.40597057343, 5.15446472168, 6.09708452225, 9.91252422333, 10.860909462, 14.0581169128, 17.5076408386, 17.2669143677, 19.8218097687, 20.4775905609, 21.8616390228, 23.3934764862, 27.0463600159, 30.4016551971, 35.7492904663, 38.7171821594, 40.8542022705, 37.6711883545, 40.9799118042, 37.950553894, 31.6409397125, 30.3628787994, 25.2198524475, 20.469121933, 14.4479379654, 10.3666143417, 5.85777044296, 3.18866801262, 1.45396614075, 0.522941350937, 0.133908599615, 0.0100877992809, 0.000227671858738],
        "min": [1.18717179618e-22, 7.11416675729e-22, 1.83658733691e-21, 1.08660182021e-20, 2.15584027926e-20, 2.36033225138e-20, 5.57667591395e-20, 9.92580093547e-20, 7.80953494774e-20, 1.11981914795e-19, 3.71555210594e-19, 4.66981350998e-19, 5.33841325935e-19, 8.95329748475e-19, 1.33062351627e-18, 1.09983474869e-18, 1.98289606451e-18, 2.05426500097e-18, 2.56299989605e-18, 3.81595249696e-18, 4.34599990732e-18, 4.36566695356e-18, 6.16637586777e-18, 7.53085412875e-18, 7.04461916672e-18, 8.29376280771e-18, 1.00922801069e-17, 9.98757144905e-18, 1.12447494953e-17, 9.17977167825e-18, 1.2439908848e-17, 1.26802122606e-17, 1.07809708326e-17, 8.19553593715e-18, 6.19184351806e-18, 3.7986027972e-18, 2.43601236918e-18, 9.31298249845e-19, 2.58920482276e-19, 2.57530986868e-20],
        "var": [0.413950502872, 9.08786296844, 57.5207862854, 79.9876251221, 48.4644126892, 82.1511764526, 41.9752464294, 82.0500564575, 237.689361572, 261.104003906, 729.139953613, 748.914916992, 1189.43774414, 2352.60864258, 1538.25439453, 1669.00756836, 1643.66394043, 2454.23657227, 2279.88623047, 1533.23962402, 2332.94580078, 1549.5435791, 2250.24780273, 1522.78356934, 1104.98303223, 1006.61749268, 917.659301758, 618.370605469, 682.61151123, 438.714599609, 285.814727783, 160.020599365, 85.3426208496, 25.851764679, 6.96512985229, 1.55420982838, 0.228144705296, 0.0217759311199, 0.000285352085484, 6.18627353788e-08]
    },
    "gfcc": {
        "mean": [48.9494400024, 30.6309928894, -105.733932495, 39.1006965637, -46.7162208557, 24.5192871094, -23.7068309784, 18.9635181427, -17.9263191223, 9.75710391998, -14.1626625061, 6.57686471939, -13.4398403168],
        "cov": [[24140.0820312, -3044.77880859, -1226.72521973, 26.2773284912, -1240.87255859, 603.970703125, -677.027709961, 415.187011719, -547.66229248, 328.209655762, -481.909790039, 381.361816406, -276.749328613], [-3044.77880859, 1824.71923828, -181.358139038, 85.3154449463, 228.627960205, -144.871063232, 199.853256226, -67.4931869507, 170.89352417, -84.8574066162, 213.337036133, -92.1030960083, 94.5288085938], [-1226.72521973, -181.358139038, 693.553710938, 119.600128174, 130.277679443, -11.5756254196, 13.1843852997, -29.4443912506, 8.12539863586, -4.4785618782, -44.0838775635, -26.3465862274, -28.845785141], [26.2773284912, 85.3154449463, 119.600128174, 259.502471924, 90.4326934814, 57.944393158, 2.34188437462, 0.334716081619, -3.58598780632, -9.43985366821, -12.8856525421, -26.1413459778, -21.4825534821], [-1240.87255859, 228.627960205, 130.277679443, 90.4326934814, 239.892227173, 44.2903404236, 92.3885803223, 3.20695996284, 61.9404907227, -7.34395837784, 42.8256340027, -25.4404582977, 7.11730051041], [603.970703125, -144.871063232, -11.5756254196, 57.944393158, 44.2903404236, 154.681716919, 38.6931838989, 62.7445602417, 5.23839616776, 27.1281719208, -8.87940692902, 13.4429779053, -12.6672496796], [-677.027709961, 199.853256226, 13.1843852997, 2.34188437462, 92.3885803223, 38.6931838989, 158.999176025, 40.6828536987, 69.8754882812, 14.9574117661, 52.2118606567, -4.73731136322, 22.7183036804], [415.187011719, -67.4931869507, -29.4443912506, 0.334716081619, 3.20695996284, 62.7445602417, 40.6828536987, 123.536216736, 60.1260910034, 52.0151748657, 20.9825515747, 35.5964546204, 10.3946466446], [-547.66229248, 170.89352417, 8.12539863586, -3.58598780632, 61.9404907227, 5.23839616776, 69.8754882812, 60.1260910034, 140.579650879, 58.3343544006, 72.2030181885, 12.419470787, 39.0905761719], [328.209655762, -84.8574066162, -4.4785618782, -9.43985366821, -7.34395837784, 27.1281719208, 14.9574117661, 52.0151748657, 58.3343544006, 110.13999176, 52.8057746887, 49.965461731, 21.55626297], [-481.909790039, 213.337036133, -44.0838775635, -12.8856525421, 42.8256340027, -8.87940692902, 52.2118606567, 20.9825515747, 72.2030181885, 52.8057746887, 124.213600159, 52.4013595581, 51.0118560791], [381.361816406, -92.1030960083, -26.3465862274, -26.1413459778, -25.4404582977, 13.4429779053, -4.73731136322, 35.5964546204, 12.419470787, 49.965461731, 52.4013595581, 102.761940002, 55.4789352417], [-276.749328613, 94.5288085938, -28.845785141, -21.4825534821, 7.11730051041, -12.6672496796, 22.7183036804, 10.3946466446, 39.0905761719, 21.55626297, 51.0118560791, 55.4789352417, 91.611000061]],
        "icov": [[0.000106656669232, 5.50061167814e-06, 0.000153525877977, -0.000157010945259, 0.000373136426788, -0.000299513165373, 0.000113712267193, -9.81035045697e-05, 8.99347578525e-05, -0.000273582729278, 0.000387735955883, -0.000480799993966, 0.000341841107002], [5.50061167814e-06, 0.00152457843069, 0.000537600193638, -0.000870300049428, -0.000363640952855, 0.00135243358091, -0.000817564199679, -1.69380728039e-05, -0.000468039070256, 0.00167261937167, -0.00285621220246, 0.00229090405628, -0.00116218905896], [0.000153525877977, 0.000537600193638, 0.00239410880022, -0.00123134721071, -0.00092824670719, 0.00114481034689, -0.000505812640768, 0.000563583918847, -0.000616887933575, -0.000656565767713, 0.00174855149817, -0.00140069902409, 0.000958379823714], [-0.000157010945259, -0.000870300049428, -0.00123134721071, 0.00606032460928, -0.001998441061, -0.00249518523924, 0.00196236604825, -0.000142963399412, 0.000817610183731, -0.000413956586272, 7.79939000495e-05, 0.00117662153207, -0.000210511876503], [0.000373136426788, -0.000363640952855, -0.00092824670719, -0.001998441061, 0.00999070517719, -0.00425234716386, -0.00197054143064, 0.00175521767233, -0.00247459416278, 0.0014662448084, -0.0011566709727, -0.000745778961573, 0.00147348886821], [-0.000299513165373, 0.00135243358091, 0.00114481034689, -0.00249518523924, -0.00425234716386, 0.0140943704173, -0.00384218944237, -0.00491835083812, 0.00275163748302, -0.00100522744469, 0.000171691572177, 0.000826017349027, -0.000268290168606], [0.000113712267193, -0.000817564199679, -0.000505812640768, 0.00196236604825, -0.00197054143064, -0.00384218944237, 0.0121724819764, -0.0029447847046, -0.000974366266746, 0.000483340001665, -0.00253202510066, 0.00283859041519, -0.00158172147349], [-9.81035045697e-05, -1.69380728039e-05, 0.000563583918847, -0.000142963399412, 0.00175521767233, -0.00491835083812, -0.0029447847046, 0.0183760579675, -0.0100547708571, -0.000784580071922, 0.00483119022101, -0.0082484735176, 0.00447389809415], [8.99347578525e-05, -0.000468039070256, -0.000616887933575, 0.000817610183731, -0.00247459416278, 0.00275163748302, -0.000974366266746, -0.0100547708571, 0.0215992294252, -0.00824294891208, -0.00619588093832, 0.0102864950895, -0.00734887039289], [-0.000273582729278, 0.00167261937167, -0.000656565767713, -0.000413956586272, 0.0014662448084, -0.00100522744469, 0.000483340001665, -0.000784580071922, -0.00824294891208, 0.0212473347783, -0.00867054890841, -0.00296440091915, 0.00200107111596], [0.000387735955883, -0.00285621220246, 0.00174855149817, 7.79939000495e-05, -0.0011566709727, 0.000171691572177, -0.00253202510066, 0.00483119022101, -0.00619588093832, -0.00867054890841, 0.0287225898355, -0.0175926499069, 0.00422503706068], [-0.000480799993966, 0.00229090405628, -0.00140069902409, 0.00117662153207, -0.000745778961573, 0.000826017349027, 0.00283859041519, -0.0082484735176, 0.0102864950895, -0.00296440091915, -0.0175926499069, 0.0356722027063, -0.0190757364035], [0.000341841107002, -0.00116218905896, 0.000958379823714, -0.000210511876503, 0.00147348886821, -0.000268290168606, -0.00158172147349, 0.00447389809415, -0.00734887039289, 0.00200107111596, 0.00422503706068, -0.0190757364035, 0.0249974541366]]
    },
    "melbands": {
        "dmean": [0.00218843272887, 0.00182541075628, 0.000653006776702, 0.000298885075608, 0.000126507598907, 0.000116145129141, 0.000120579257782, 8.70045842021e-05, 0.00011250168609, 0.00010042640497, 9.26256834646e-05, 8.86523412191e-05, 7.15067872079e-05, 6.07647307334e-05, 5.5343760323e-05, 5.0050795835e-05, 4.34688081441e-05, 3.74276532966e-05, 3.5842993384e-05, 2.71419448836e-05, 2.89200470434e-05, 2.48725718848e-05, 2.32911697822e-05, 2.14342435356e-05, 1.88110698218e-05, 1.58893162734e-05, 1.43475344885e-05, 1.27196099129e-05, 1.21888297144e-05, 9.50368121266e-06, 8.58968633111e-06, 8.08128697827e-06, 7.36844231142e-06, 5.69504891246e-06, 4.94135338158e-06, 4.69702899863e-06, 3.69560552826e-06, 3.3618832731e-06, 2.61523018708e-06, 2.04310163099e-06],
        "dmean2": [0.00331328460015, 0.0024930764921, 0.000965730461758, 0.000519058201462, 0.000213744526263, 0.000199110916583, 0.000204782016226, 0.000143630968523, 0.000183866824955, 0.000175391687662, 0.000157750793733, 0.000147291837493, 0.00012114304991, 0.000100387114799, 9.15036507649e-05, 8.29582422739e-05, 7.20606694813e-05, 6.23158703092e-05, 5.96064164711e-05, 4.56662746728e-05, 4.80792150483e-05, 4.14408641518e-05, 3.82444341085e-05, 3.56340715371e-05, 3.15104880428e-05, 2.64771624643e-05, 2.42276819336e-05, 2.13274579437e-05, 2.06521053769e-05, 1.62098040164e-05, 1.45945650729e-05, 1.37809693115e-05, 1.26297918541e-05, 9.56272106123e-06, 8.23002392281e-06, 7.89273235569e-06, 6.19931915935e-06, 5.64044557905e-06, 4.34336470789e-06, 3.41132567883e-06],
        "dvar": [7.23113134882e-06, 5.25984114574e-06, 1.44827959048e-06, 4.02976127134e-07, 5.16863245537e-08, 3.27245821552e-08, 3.4916830316e-08, 1.99710346038e-08, 3.14953148006e-08, 2.58578847223e-08, 2.00853502719e-08, 2.05985166701e-08, 1.36927509331e-08, 1.00611297071e-08, 8.78877504107e-09, 7.96870391895e-09, 5.08402431265e-09, 4.14910727997e-09, 2.92870461216e-09, 1.74854597468e-09, 1.77451875416e-09, 9.59639478992e-10, 9.40112321324e-10, 7.9596307323e-10, 5.47678624674e-10, 4.16439716044e-10, 3.39334144117e-10, 2.20296947351e-10, 2.42019737584e-10, 1.24134952317e-10, 1.04414782376e-10, 1.39087782958e-10, 8.71929611845e-11, 4.6311173646e-11, 3.42847972234e-11, 3.10699070638e-11, 1.93097621226e-11, 1.88834902576e-11, 1.08267015145e-11, 6.98420401374e-12],
        "dvar2": [1.57819558808e-05, 9.45835927268e-06, 3.0670491924e-06, 1.0763113778e-06, 1.36559222597e-07, 8.68676721666e-08, 9.04141330693e-08, 5.09568920393e-08, 7.66935386309e-08, 7.00361084682e-08, 5.188731933e-08, 5.11646263135e-08, 3.45393580403e-08, 2.59967425364e-08, 2.18048032963e-08, 2.06537560388e-08, 1.28185968507e-08, 9.7040127045e-09, 7.37246397264e-09, 4.51768888965e-09, 4.47033476902e-09, 2.4682620392e-09, 2.30251995248e-09, 2.00322025634e-09, 1.39490363704e-09, 1.07424946716e-09, 8.84764428388e-10, 5.81715398074e-10, 6.56465271032e-10, 3.35254074502e-10, 2.80261341912e-10, 3.78392400746e-10, 2.38843389511e-10, 1.2414434758e-10, 9.15460138251e-11, 8.13339465222e-11, 5.16680274953e-11, 5.0344020619e-11, 2.76592256043e-11, 1.84421002775e-11],
        "max": [0.0227963253856, 0.0325526222587, 0.0151168480515, 0.00665727071464, 0.00410688482225, 0.00293922657147, 0.00301653379574, 0.00324345333502, 0.00410560891032, 0.00212394725531, 0.00258187367581, 0.00312400981784, 0.00235760561191, 0.00274082808755, 0.00173543347046, 0.00127251481172, 0.00123920245096, 0.00183507916518, 0.00114919047337, 0.00129744852893, 0.00107871682849, 0.000539812142961, 0.000652884307783, 0.000735293142498, 0.000542744819541, 0.000472363986773, 0.000364745035768, 0.000282499851892, 0.000508147641085, 0.000181046038051, 0.000198193505639, 0.000491770391818, 0.000174969740328, 0.000128769795992, 0.000141790471389, 8.4446692199e-05, 7.27329825168e-05, 9.37922886806e-05, 5.28930358996e-05, 5.95051133132e-05],
        "mean": [0.0039031249471, 0.00288329948671, 0.000718461640645, 0.000272582983598, 0.000153736022185, 0.000144945224747, 0.000162102311151, 0.000123044825159, 0.000166827783687, 0.000129404608742, 0.000127576277009, 0.000133962748805, 0.00010107014532, 9.3856586318e-05, 8.5594401753e-05, 7.39334573154e-05, 6.78237847751e-05, 5.89545270486e-05, 5.69333096792e-05, 4.52760396001e-05, 4.80215712741e-05, 4.48004539066e-05, 4.41727024736e-05, 4.12198314734e-05, 3.78874829039e-05, 3.22185333061e-05, 2.96982943837e-05, 2.85584756057e-05, 2.66822498816e-05, 2.06354034162e-05, 1.86515426321e-05, 1.83593347174e-05, 1.66364316101e-05, 1.37780334626e-05, 1.24615989989e-05, 1.15584944069e-05, 8.89869988896e-06, 8.14937266114e-06, 6.48250397717e-06, 4.94384130434e-06],
        "median": [0.00190770090558, 0.0012952578254, 0.00022828305373, 9.8852753581e-05, 8.06071984698e-05, 7.89833065937e-05, 7.92968348833e-05, 6.5549305873e-05, 8.34530364955e-05, 6.70394219924e-05, 6.75106784911e-05, 6.84086044203e-05, 5.51945231564e-05, 4.83083931613e-05, 4.51353735116e-05, 3.74398150598e-05, 3.7993897422e-05, 3.3468077163e-05, 3.62460632459e-05, 3.17713202094e-05, 3.39121688739e-05, 3.44830477843e-05, 3.47774184775e-05, 3.27732814185e-05, 3.16887708323e-05, 2.72000997938e-05, 2.53436319326e-05, 2.59793068835e-05, 2.42175647145e-05, 1.87544974324e-05, 1.70265793713e-05, 1.68729220604e-05, 1.51290851136e-05, 1.26704189825e-05, 1.14175636554e-05, 1.01556779555e-05, 7.96453969087e-06, 7.3175392572e-06, 5.78609478907e-06, 4.51806818091e-06],
        "min": [1.44134748145e-24, 1.13906170181e-24, 2.90584605832e-24, 2.49649666827e-24, 1.94040869744e-24, 2.20242470559e-24, 1.17759095032e-24, 1.44145200552e-24, 3.26028717949e-24, 2.49800358981e-24, 1.89670107013e-24, 3.174218116e-24, 2.89019900226e-24, 2.84437071962e-24, 2.38778808566e-24, 3.48079273516e-24, 3.46862495013e-24, 3.36335461777e-24, 3.75946613297e-24, 4.75926489438e-24, 3.83119725508e-24, 3.97850480179e-24, 4.76917022633e-24, 4.71434557671e-24, 5.37606734756e-24, 5.08044014561e-24, 4.16747051518e-24, 4.62207764422e-24, 4.73352041873e-24, 5.3482024138e-24, 5.53279823221e-24, 6.35122524973e-24, 5.61434081183e-24, 3.98035034188e-24, 6.62236897019e-24, 6.58787799927e-24, 7.00364201177e-24, 6.48711916242e-24, 7.23689871511e-24, 6.49682412371e-24],
        "var": [2.0152559955e-05, 1.29633135657e-05, 1.85444810086e-06, 3.11980016932e-07, 5.43078684245e-08, 3.9565179577e-08, 5.59127144584e-08, 3.18600790195e-08, 6.14697626133e-08, 3.27414362289e-08, 3.27432729819e-08, 3.80311320214e-08, 2.07521466677e-08, 1.68199605355e-08, 1.56425521425e-08, 1.18344685163e-08, 8.61640181427e-09, 7.42588213143e-09, 5.15060261108e-09, 3.11284442667e-09, 3.48952688967e-09, 1.91190641097e-09, 1.90704385616e-09, 1.56882573599e-09, 1.15146903124e-09, 7.98985821948e-10, 6.65211885575e-10, 4.88754536843e-10, 4.73760142228e-10, 2.61318300332e-10, 2.20503712511e-10, 2.7799304525e-10, 1.91678367623e-10, 1.22399854141e-10, 9.77622427456e-11, 9.41130715026e-11, 5.48121999178e-11, 4.85089295121e-11, 3.03684542791e-11, 1.72119003078e-11]
    },
    "mfcc": {
        "mean": [-589.067565918, 65.9997177124, 2.07785344124, 22.3997001648, 6.03783845901, 11.5334672928, 8.96127319336, 12.4363536835, 6.50243234634, 7.96112918854, 5.27780628204, 5.67880868912, 2.96355104446],
        "cov": [[11436.4746094, -912.25201416, -213.791046143, -260.894042969, -252.548034668, -15.9898843765, -89.4692611694, -14.420545578, 24.6788959503, 14.8826742172, -66.2980422974, -36.4260139465, -28.6737651825], [-912.25201416, 1185.18273926, -133.01008606, 120.703041077, -9.73822593689, -29.037946701, 29.0186634064, 36.4550285339, -30.6561088562, 8.66732883453, 56.9804573059, 43.4068489075, 16.4267425537], [-213.791046143, -133.01008606, 421.464050293, 122.615608215, 100.026596069, 40.2151908875, 9.09182071686, -10.2119417191, 27.2273788452, -1.04781496525, -4.77228879929, -7.5532245636, 14.0661430359], [-260.894042969, 120.703041077, 122.615608215, 200.589569092, 90.8581466675, 49.6994400024, 26.8881340027, 8.87664031982, 1.41523993015, -0.630964457989, 8.22438621521, 2.51408171654, 7.15132427216], [-252.548034668, -9.73822593689, 100.026596069, 90.8581466675, 172.168075562, 64.3860549927, 29.4836082458, 27.5766105652, 21.1470890045, 18.8519287109, 13.3487453461, 16.7391376495, 10.2880315781], [-15.9898843765, -29.037946701, 40.2151908875, 49.6994400024, 64.3860549927, 110.669075012, 60.6054725647, 23.6268596649, 19.719121933, 16.9129142761, 11.1878519058, 5.10696744919, 6.55000019073], [-89.4692611694, 29.0186634064, 9.09182071686, 26.8881340027, 29.4836082458, 60.6054725647, 98.3455429077, 51.5597381592, 21.4574298859, 16.5675487518, 16.1886539459, 12.9383163452, 9.89357948303], [-14.420545578, 36.4550285339, -10.2119417191, 8.87664031982, 27.5766105652, 23.6268596649, 51.5597381592, 89.3355789185, 41.9229164124, 23.5113582611, 15.4914140701, 19.0615653992, 12.3383703232], [24.6788959503, -30.6561088562, 27.2273788452, 1.41523993015, 21.1470890045, 19.719121933, 21.4574298859, 41.9229164124, 81.6418304443, 45.677898407, 22.8953170776, 16.2782268524, 15.932097435], [14.8826742172, 8.66732883453, -1.04781496525, -0.630964457989, 18.8519287109, 16.9129142761, 16.5675487518, 23.5113582611, 45.677898407, 81.1697692871, 47.0460205078, 22.4434013367, 14.2289209366], [-66.2980422974, 56.9804573059, -4.77228879929, 8.22438621521, 13.3487453461, 11.1878519058, 16.1886539459, 15.4914140701, 22.8953170776, 47.0460205078, 80.2857818604, 47.7065010071, 25.6022872925], [-36.4260139465, 43.4068489075, -7.5532245636, 2.51408171654, 16.7391376495, 5.10696744919, 12.9383163452, 19.0615653992, 16.2782268524, 22.4434013367, 47.7065010071, 78.2165756226, 45.4988021851], [-28.6737651825, 16.4267425537, 14.0661430359, 7.15132427216, 10.2880315781, 6.55000019073, 9.89357948303, 12.3383703232, 15.932097435, 14.2289209366, 25.6022872925, 45.4988021851, 74.7207870483]],
