{
"lowlevel": {
    "average_loudness": 0.927467763424,
    "barkbands_crest": {
        "dmean": 2.59507989883,
        "dmean2": 4.20249176025,
        "dvar": 5.88636159897,
        "dvar2": 16.0943107605,
        "max": 26.8265380859,
        "mean": 7.86035776138,
        "median": 6.9567656517,
        "min": 1.98146390915,
        "var": 15.9920816422
    },
    "barkbands_flatness_db": {
        "dmean": 0.0146464314312,
        "dmean2": 0.0236896071583,
        "dvar": 0.000345230451785,
        "dvar2": 0.000812496931758,
        "max": 0.56266438961,
        "mean": 0.0706184431911,
        "median": 0.051939830184,
        "min": 0.0105683784932,
        "var": 0.00307817058638
    },
    "barkbands_kurtosis": {
        "dmean": 2.11287522316,
        "dmean2": 3.57549142838,
        "dvar": 521.013122559,
        "dvar2": 1396.96154785,
        "max": 1161.11047363,
        "mean": 2.52648305893,
        "median": -0.715941429138,
        "min": -1.93723642826,
        "var": 1440.54699707
    },
    "barkbands_skewness": {
        "dmean": 0.357830613852,
        "dmean2": 0.580679535866,
        "dvar": 0.302868098021,
        "dvar2": 0.783144414425,
        "max": 13.3102045059,
        "mean": 0.479961246252,
        "median": 0.463192611933,
        "min": -5.56897735596,
        "var": 1.11724328995
    },
    "barkbands_spread": {
        "dmean": 5.76823663712,
        "dmean2": 9.66517925262,
        "dvar": 39.3590431213,
        "dvar2": 102.809524536,
        "max": 118.859306335,
        "mean": 40.8282699585,
        "median": 44.9009246826,
        "min": 0.0711832717061,
        "var": 261.173126221
    },
    "dissonance": {
        "dmean": 0.0116915460676,
        "dmean2": 0.0202827975154,
        "dvar": 0.000269557611318,
        "dvar2": 0.000777340377681,
        "max": 0.5,
        "mean": 0.483463048935,
        "median": 0.488634347916,
        "min": 0.15330503881,
        "var": 0.000440994044766
    },
    "dynamic_complexity": 3.17249250412,
    "erbbands_crest": {
        "dmean": 2.11594343185,
        "dmean2": 3.59814095497,
        "dvar": 4.86262559891,
        "dvar2": 12.6454219818,
        "max": 33.7747993469,
        "mean": 6.94606018066,
        "median": 5.6910443306,
        "min": 2.33429861069,
        "var": 17.2786159515
    },
    "erbbands_flatness_db": {
        "dmean": 0.0111315799877,
        "dmean2": 0.0180571451783,
        "dvar": 0.000187386278412,
        "dvar2": 0.000406176404795,
        "max": 0.571051716805,
        "mean": 0.1249627918,
        "median": 0.103214733303,
        "min": 0.0325672216713,
        "var": 0.00329567561857
    },
    "erbbands_kurtosis": {
        "dmean": 0.666646301746,
        "dmean2": 1.08250188828,
        "dvar": 5.60491275787,
        "dvar2": 9.6342458725,
        "max": 176.075485229,
        "mean": 0.577603459358,
        "median": -0.236860513687,
        "min": -1.66169953346,
        "var": 54.9468803406
    },
    "erbbands_skewness": {
        "dmean": 0.254669398069,
        "dmean2": 0.419648766518,
        "dvar": 0.0850570946932,
        "dvar2": 0.220842048526,
        "max": 8.0462064743,
        "mean": 0.0402653925121,
        "median": 0.0378892756999,
        "min": -4.54873561859,
        "var": 0.285500228405
    },
    "erbbands_spread": {
        "dmean": 5.46810626984,
        "dmean2": 8.99811649323,
        "dvar": 31.8977012634,
        "dvar2": 84.4878387451,
        "max": 108.426925659,
        "mean": 36.7652282715,
        "median": 37.6856231689,
        "min": 0.203912094235,
        "var": 162.878372192
    },
    "hfc": {
        "dmean": 7.8159737587,
        "dmean2": 13.0757398605,
        "dvar": 83.6708145142,
        "dvar2": 216.460174561,
        "max": 175.215301514,
        "mean": 45.6867866516,
        "median": 51.6613883972,
        "min": 1.06529242664e-16,
        "var": 872.825317383
    },
    "melbands_crest": {
        "dmean": 3.63606214523,
        "dmean2": 5.87902784348,
        "dvar": 11.6452493668,
        "dvar2": 31.6484928131,
        "max": 38.2786483765,
        "mean": 12.5719671249,
        "median": 11.8497982025,
        "min": 1.45027518272,
        "var": 33.5759887695
    },
    "melbands_flatness_db": {
        "dmean": 0.0202008318156,
        "dmean2": 0.032288569957,
        "dvar": 0.000582452630624,
        "dvar2": 0.00135672010947,
        "max": 0.699760019779,
        "mean": 0.11369997263,
        "median": 0.101277448237,
        "min": 0.00223839050159,
        "var": 0.00455698883161
    },
    "melbands_kurtosis": {
        "dmean": 3.83462452888,
        "dmean2": 6.41240549088,
        "dvar": 334.69921875,
        "dvar2": 947.184875488,
        "max": 756.393371582,
        "mean": 5.81006908417,
        "median": 2.29398202896,
        "min": -1.66611087322,
        "var": 495.441650391
    },
    "melbands_skewness": {
        "dmean": 0.523063778877,
        "dmean2": 0.848227024078,
        "dvar": 0.546428561211,
        "dvar2": 1.45266103745,
        "max": 16.8873138428,
        "mean": 1.60956203938,
        "median": 1.50504660606,
        "min": -8.15133571625,
        "var": 2.37796854973
    },
    "melbands_spread": {
        "dmean": 9.51267242432,
        "dmean2": 15.619137764,
        "dvar": 100.049339294,
        "dvar2": 257.219207764,
        "max": 238.571380615,
        "mean": 50.7296791077,
        "median": 48.7924690247,
        "min": 0.0668893605471,
        "var": 650.966369629
    },
    "pitch_salience": {
        "dmean": 0.0708381980658,
        "dmean2": 0.116132877767,
        "dvar": 0.00469320314005,
        "dvar2": 0.0135882003233,
        "max": 0.898781597614,
        "mean": 0.595886766911,
        "median": 0.603607296944,
        "min": 0.0299576763064,
        "var": 0.0140249943361
    },
    "silence_rate_20dB": {
        "dmean": 0,
        "dmean2": 0,
        "dvar": 0,
        "dvar2": 0,
        "max": 1,
        "mean": 1,
        "median": 1,
        "min": 1,
        "var": 0
    },
    "silence_rate_30dB": {
        "dmean": 0,
        "dmean2": 0,
        "dvar": 0,
        "dvar2": 0,
        "max": 1,
        "mean": 1,
        "median": 1,
        "min": 1,
        "var": 0
    },
    "silence_rate_60dB": {
        "dmean": 0.0069598229602,
        "dmean2": 0.013921847567,
        "dvar": 0.00691248010844,
        "dvar2": 0.0178383681923,
        "max": 1,
        "mean": 0.09394274652,
        "median": 0,
        "min": 0,
        "var": 0.0851142555475
    },
    "spectral_centroid": {
        "dmean": 213.237747192,
        "dmean2": 353.838897705,
        "dvar": 56290.3164062,
        "dvar2": 134738.859375,
        "max": 11757.3486328,
        "mean": 2578.12158203,
        "median": 2352.42480469,
        "min": 83.8987045288,
        "var": 3056501
    },
    "spectral_complexity": {
        "dmean": 3.82632088661,
        "dmean2": 6.38569831848,
        "dvar": 14.433760643,
        "dvar2": 37.5188407898,
        "max": 62,
        "mean": 35.0706939697,
        "median": 42,
        "min": 0,
        "var": 279.335113525
    },
    "spectral_decrease": {
        "dmean": 1.07866138244e-09,
        "dmean2": 1.79785364374e-09,
        "dvar": 1.29947096382e-18,
        "dvar2": 3.59900122026e-18,
        "max": 1.94024146225e-18,
        "mean": -6.05956529398e-09,
        "median": -7.00295110789e-09,
        "min": -1.95420106763e-08,
        "var": 1.14490382912e-17
    },
    "spectral_energy": {
        "dmean": 0.00435297098011,
        "dmean2": 0.00732429651543,
        "dvar": 2.05522901524e-05,
        "dvar2": 5.75163976464e-05,
        "max": 0.0757900327444,
        "mean": 0.0270141139627,
        "median": 0.0318910367787,
        "min": 9.93178636269e-21,
        "var": 0.000225352298003
    },
    "spectral_energyband_high": {
        "dmean": 0.000727484410163,
        "dmean2": 0.00122033501975,
        "dvar": 8.99411418231e-07,
        "dvar2": 2.38827919929e-06,
        "max": 0.0170569494367,
        "mean": 0.00334104383364,
        "median": 0.00379699934274,
        "min": 6.79714827291e-21,
        "var": 6.50868742014e-06
    },
    "spectral_energyband_low": {
        "dmean": 0.0033104068134,
        "dmean2": 0.00524401012808,
        "dvar": 2.0592879082e-05,
        "dvar2": 5.46857045265e-05,
        "max": 0.0700073242188,
        "mean": 0.0081779640168,
        "median": 0.00694061815739,
        "min": 1.07214724606e-23,
        "var": 6.1733466282e-05
    },
    "spectral_energyband_middle_high": {
        "dmean": 0.00229500792921,
        "dmean2": 0.00380551721901,
        "dvar": 5.59646832698e-06,
        "dvar2": 1.51611038746e-05,
        "max": 0.036091811955,
        "mean": 0.0100387716666,
        "median": 0.0100801289082,
        "min": 1.15191615082e-21,
        "var": 3.83868791687e-05
    },
    "spectral_energyband_middle_low": {
        "dmean": 0.00219239038415,
        "dmean2": 0.00368585414253,
        "dvar": 5.77582613914e-06,
        "dvar2": 1.62096530403e-05,
        "max": 0.0362679734826,
        "mean": 0.00606985902414,
        "median": 0.00572323007509,
        "min": 1.38879227421e-22,
        "var": 1.84560194612e-05
    },
    "spectral_entropy": {
        "dmean": 0.0792028680444,
        "dmean2": 0.133086249232,
        "dvar": 0.0161331947893,
        "dvar2": 0.0352435186505,
        "max": 9.82768630981,
        "mean": 8.13579845428,
        "median": 8.26837539673,
        "min": 3.74248385429,
        "var": 0.305793195963
    },
    "spectral_flux": {
        "dmean": 0.0135854128748,
        "dmean2": 0.0222925711423,
        "dvar": 0.000200845461222,
        "dvar2": 0.000516296830028,
        "max": 0.213211908937,
        "mean": 0.0938268974423,
        "median": 0.105518043041,
        "min": 6.35742014587e-11,
        "var": 0.00177349778824
    },
    "spectral_kurtosis": {
        "dmean": 1.10379326344,
        "dmean2": 1.90560030937,
        "dvar": 91.659828186,
        "dvar2": 248.638244629,
        "max": 569.325744629,
        "mean": 3.62056112289,
        "median": 2.5017285347,
        "min": -1.27473759651,
        "var": 94.2442398071
    },
    "spectral_rms": {
        "dmean": 0.000424210447818,
        "dmean2": 0.000711686559953,
        "dvar": 2.04530635983e-07,
        "dvar2": 5.72831879708e-07,
        "max": 0.00859892461449,
        "mean": 0.00474913185462,
        "median": 0.00557792140171,
        "min": 3.11280385148e-12,
        "var": 3.80096730623e-06
    },
    "spectral_rolloff": {
        "dmean": 679.39630127,
        "dmean2": 1131.2310791,
        "dvar": 769782.4375,
        "dvar2": 1902105.375,
        "max": 19702.8808594,
        "mean": 3758.64599609,
        "median": 3122.31445312,
        "min": 43.06640625,
        "var": 11272250
    },
    "spectral_skewness": {
        "dmean": 0.125070542097,
        "dmean2": 0.210384115577,
        "dvar": 0.100822374225,
        "dvar2": 0.242858186364,
        "max": 17.5628986359,
        "mean": 1.35435783863,
        "median": 1.29919075966,
        "min": -0.0938407704234,
        "var": 0.389289259911
    },
    "spectral_spread": {
        "dmean": 408270.59375,
        "dmean2": 680099.5625,
        "dvar": 543095193600,
        "dvar2": 1.21521333862e+12,
        "max": 43348492,
        "mean": 6733293,
        "median": 5810744,
        "min": 213213.28125,
        "var": 4.68371426509e+13
    },
    "spectral_strongpeak": {
        "dmean": 0.424857348204,
        "dmean2": 0.748876214027,
        "dvar": 0.600484728813,
        "dvar2": 1.64468836784,
        "max": 9.66142654419,
        "mean": 0.712041318417,
        "median": 0.306299000978,
        "min": 0,
        "var": 0.994176089764
    },
    "zerocrossingrate": {
        "dmean": 0.0107496790588,
        "dmean2": 0.0141954580322,
        "dvar": 0.000195873857592,
        "dvar2": 0.00026186084142,
        "max": 0.85791015625,
        "mean": 0.127321317792,
        "median": 0.115234375,
        "min": 0.001953125,
        "var": 0.00772685138509
    },
    "barkbands": {
        "dmean": [0.000112392146548, 0.00303976610303, 0.00150739646051, 0.000435184454545, 0.00063056324143, 0.000504883995745, 0.000741455471143, 0.000648618733976, 0.000821121793706, 0.000789466081187, 0.000716422626283, 0.000790802238043, 0.000815547828097, 0.000568490591832, 0.00058182363864, 0.000398834235966, 0.00046059890883, 0.000384451996069, 0.000306488043861, 0.000294782686979, 0.000242340480327, 0.000205702919629, 0.000160377472639, 0.000140533724334, 0.000122060919239, 6.10239876551e-05, 1.71954634425e-05],
        "dmean2": [0.000174782733666, 0.00485853850842, 0.00252544903196, 0.000745481927879, 0.00106865318958, 0.000863905530423, 0.00128119508736, 0.00112034520134, 0.00140371336602, 0.00135252682958, 0.00121256767306, 0.00133419956546, 0.0013615633361, 0.000950747635216, 0.000991053297184, 0.000667786691338, 0.000784455914982, 0.000652682036161, 0.000519762630574, 0.000502364011481, 0.000410624197684, 0.000349376903614, 0.000273676851066, 0.000238962835283, 0.000205745745916, 0.00010423988715, 2.82847395283e-05],
        "dvar": [3.7429057187e-08, 1.61121060955e-05, 7.958338756e-06, 8.22600100037e-07, 1.17411252631e-06, 6.63090986563e-07, 1.13597445761e-06, 7.85933650604e-07, 1.43056024626e-06, 1.33214052767e-06, 1.31435956519e-06, 1.33980518058e-06, 1.6636475948e-06, 6.81890071519e-07, 8.54570657793e-07, 3.63594210739e-07, 4.82154007386e-07, 3.05120465782e-07, 1.6864777308e-07, 2.44140835548e-07, 1.03308849475e-07, 7.32479037424e-08, 4.52863559985e-08, 3.98897377352e-08, 2.51541116825e-08, 6.9047341178e-09, 4.9526588386e-10],
        "dvar2": [7.99193600187e-08, 4.0043858462e-05, 2.2757514671e-05, 2.38425650423e-06, 3.1916658827e-06, 1.80173105946e-06, 3.32721424456e-06, 2.13718158193e-06, 3.88761145587e-06, 3.61988327313e-06, 3.63506228496e-06, 3.74431783712e-06, 4.42392092737e-06, 1.82648693681e-06, 2.35374386648e-06, 9.61401269706e-07, 1.34278388941e-06, 8.15611372218e-07, 4.62584495153e-07, 6.98246026332e-07, 2.87529815068e-07, 1.97555451109e-07, 1.22132917113e-07, 1.04807455159e-07, 6.31427994335e-08, 1.85513986395e-08, 1.29103006064e-09],
        "max": [0.00272700609639, 0.0676987096667, 0.0482487529516, 0.0124425990507, 0.0128376446664, 0.031564693898, 0.010622497648, 0.0147006725892, 0.0209611933678, 0.0159235615283, 0.0176951661706, 0.0224131736904, 0.0156067758799, 0.00989155843854, 0.0125430682674, 0.00894979666919, 0.00861454196274, 0.01397871878, 0.0101158330217, 0.0124269016087, 0.00643040100113, 0.00572579586878, 0.00465874327347, 0.00452620442957, 0.00339443702251, 0.00140120403375, 0.000300955987768],
        "mean": [0.000130426691612, 0.00563847785816, 0.00205295346677, 0.000544999435078, 0.00094697001623, 0.000808889803011, 0.00105077726766, 0.000925027125049, 0.00132226420101, 0.00119731284212, 0.0010357456049, 0.00129321706481, 0.0012875123648, 0.000938065932132, 0.00100347981788, 0.000766552169807, 0.000865855370648, 0.000801644346211, 0.000729797582608, 0.000710338819772, 0.000682668585796, 0.000611030962318, 0.000527770607732, 0.000488181860419, 0.000405809056247, 0.000199093992705, 4.92778563057e-05],
        "median": [4.32697488577e-05, 0.00345656648278, 0.000537926447578, 0.000211724793189, 0.000512149068527, 0.000584309513215, 0.000656481017359, 0.000617841433268, 0.000817062507849, 0.000696161645465, 0.000637723424006, 0.000857551931404, 0.000737294962164, 0.000652015325613, 0.000683072663378, 0.000572149583604, 0.000667501764838, 0.000694829213899, 0.000649270892609, 0.000622528081294, 0.000655027572066, 0.000611622817814, 0.000568933784962, 0.000537036277819, 0.000436207570601, 0.000209825433558, 4.55822300864e-05],
        "min": [1.56495705492e-25, 2.58780258488e-24, 1.37715392529e-24, 2.13447370633e-25, 5.9318316882e-24, 9.08619456964e-24, 2.40366647517e-24, 3.44061683812e-24, 1.4832077543e-23, 9.38149360546e-24, 8.15565976787e-24, 1.21619663945e-23, 3.16032130563e-23, 3.33165558336e-23, 4.28981518963e-23, 3.82052846354e-23, 6.60237134625e-23, 8.76585519543e-23, 1.26268863022e-22, 1.27735197673e-22, 2.03847224112e-22, 2.96565075528e-22, 3.95674631408e-22, 5.51424778937e-22, 8.04893234631e-22, 1.3138216096e-21, 1.98068074558e-21],
        "var": [5.75914853584e-08, 3.95609204134e-05, 1.10885166578e-05, 9.77719196271e-07, 1.86364775345e-06, 8.63505363213e-07, 1.53922837853e-06, 1.09053269171e-06, 2.73008186014e-06, 2.42387568505e-06, 1.71123554082e-06, 2.03181434699e-06, 2.7620039873e-06, 1.03707668586e-06, 1.34983383759e-06, 6.78456956393e-07, 8.1562188825e-07, 5.47618014934e-07, 4.12761806956e-07, 4.96274253692e-07, 3.29585787995e-07, 2.81562250848e-07, 1.91868139154e-07, 1.62641029533e-07, 1.15423226532e-07, 2.85980075176e-08, 2.24678098348e-09]
    },
    "erbbands": {
        "dmean": [0.0927382782102, 0.70579713583, 1.51764142513, 1.39989173412, 1.64933145046, 2.30178570747, 3.02934288979, 4.88527917862, 8.16731452942, 13.7727642059, 14.1074581146, 18.0796585083, 25.8074531555, 23.6115036011, 26.3522491455, 31.7819824219, 35.2574920654, 29.3416042328, 25.9239387512, 24.7398490906, 21.3444862366, 24.250875473, 20.9011726379, 16.2267818451, 15.5241765976, 13.1222639084, 11.4678630829, 9.53258991241, 7.94905519485, 5.87324523926, 4.71729326248, 3.21471095085, 2.48200297356, 1.64392900467, 0.826419472694, 0.333781450987, 0.11300740391, 0.0256367065012, 0.00302232359536, 4.35283363913e-05],
        "dmean2": [0.139132276177, 1.13459920883, 2.50232315063, 2.36483597755, 2.8170311451, 3.94569063187, 5.15216779709, 8.38769721985, 13.9774808884, 23.7923431396, 24.2233200073, 30.9468135834, 44.4023628235, 40.0556488037, 44.878780365, 53.7249145508, 58.6866950989, 48.681854248, 44.2797470093, 41.5798912048, 35.8109054565, 41.1483726501, 35.3785552979, 27.425447464, 26.2834300995, 22.4586772919, 19.6034679413, 16.2460136414, 13.531375885, 9.91857051849, 8.05174064636, 5.44499874115, 4.2141122818, 2.77427887917, 1.39899301529, 0.566012263298, 0.19442564249, 0.0427595190704, 0.00498321745545, 7.20952666597e-05],
        "dvar": [0.0186827201396, 0.890662670135, 7.48423433304, 9.03846931458, 9.19571399689, 18.0286998749, 26.4189071655, 67.0249099731, 128.385650635, 478.107574463, 393.084594727, 795.458374023, 1792.16625977, 1193.66674805, 2042.89111328, 2061.21533203, 3054.4206543, 1759.99499512, 1684.13134766, 1334.77429199, 1129.39929199, 1438.46142578, 1088.01403809, 434.368164062, 399.634796143, 348.153503418, 335.446746826, 179.108978271, 117.623695374, 67.5219573975, 38.6352577209, 18.5888290405, 13.9973134995, 4.86339330673, 1.20994079113, 0.207320764661, 0.0241051800549, 0.00113961182069, 1.54764147737e-05, 2.92224044962e-09],
        "dvar2": [0.0390070527792, 2.30730414391, 21.4523715973, 24.6346569061, 25.892911911, 48.1328392029, 70.3951797485, 179.683853149, 360.157226562, 1409.64550781, 1073.75585938, 2150.48925781, 5018.44921875, 3274.49560547, 5751.78466797, 5680.48339844, 8101.31640625, 4560.7578125, 4505.18359375, 3528.69140625, 3025.88891602, 3972.60302734, 2888.47875977, 1181.99926758, 1060.97924805, 969.009887695, 983.471740723, 498.300354004, 318.291625977, 185.673629761, 102.806129456, 47.6776161194, 37.2186393738, 12.6070480347, 3.06218695641, 0.559410870075, 0.0647934824228, 0.00297217094339, 4.11084729421e-05, 7.63118990221e-09],
        "max": [1.93793451786, 16.2196369171, 40.3185577393, 62.024066925, 46.8232192993, 73.8201904297, 119.551361084, 301.74822998, 145.770889282, 299.283721924, 255.144134521, 602.959777832, 774.676513672, 626.072875977, 952.546020508, 576.49609375, 670.050598145, 513.587524414, 724.648864746, 715.604309082, 581.881347656, 565.633972168, 933.358642578, 440.910003662, 388.571502686, 400.571899414, 403.293762207, 273.374420166, 224.797058105, 163.490753174, 146.946502686, 117.944923401, 88.8012924194, 48.6024742126, 22.2628707886, 9.38195800781, 2.80098342896, 0.440106570721, 0.0570808164775, 0.000816723972093],
        "mean": [0.149402454495, 1.30556535721, 2.49220228195, 2.2653670311, 2.28102731705, 3.13567256927, 4.52846622467, 7.31894922256, 12.2891998291, 19.2125301361, 21.8194389343, 29.1104202271, 39.0054397583, 38.9664421082, 42.5435218811, 55.414680481, 60.1096382141, 52.9333686829, 47.8740081787, 49.0714454651, 44.5968704224, 48.8167915344, 44.173286438, 39.62682724, 36.8053245544, 32.8837242126, 29.2506427765, 26.1658401489, 22.1509838104, 18.0736675262, 14.9736528397, 10.6559391022, 7.95450878143, 5.24798965454, 2.51776957512, 1.00877475739, 0.337430477142, 0.0873318612576, 0.00802959501743, 0.000166638885275],
        "median": [0.071150302887, 0.775208890438, 1.02507245541, 0.860665440559, 1.10024118423, 1.6368997097, 2.95068144798, 5.05833101273, 8.45425796509, 12.1798229218, 14.8170185089, 18.0567417145, 22.9930953979, 25.0295562744, 27.7493305206, 38.1943321228, 37.0226974487, 39.3506126404, 34.2593765259, 37.0030670166, 35.5765266418, 38.5562744141, 38.4150352478, 35.9761199951, 32.7604675293, 29.0584411621, 27.3682479858, 25.0275421143, 21.3382759094, 18.6695423126, 16.0138969421, 11.430598259, 8.67116737366, 5.58240604401, 2.61058616638, 1.04865241051, 0.342399954796, 0.0896151587367, 0.0070788632147, 0.000172593252501],
        "min": [7.57357460981e-23, 3.39843019774e-22, 1.72027516068e-21, 3.41401147542e-21, 4.96810451623e-21, 1.72247874076e-20, 3.54175635399e-20, 7.26675066201e-20, 7.33820872717e-20, 1.79466398169e-19, 2.00187156191e-19, 3.46607805211e-19, 3.28350171334e-19, 6.10895578138e-19, 8.25516221763e-19, 8.94277264543e-19, 1.54714010955e-18, 1.72590242192e-18, 2.61233170701e-18, 2.77008849151e-18, 3.75748447613e-18, 4.01603507943e-18, 5.06536042216e-18, 4.97859041667e-18, 5.25172545494e-18, 7.21462794366e-18, 7.88797033307e-18, 7.85940447779e-18, 9.60675982891e-18, 9.99785661278e-18, 1.06611032628e-17, 1.04341894228e-17, 9.0085345381e-18, 8.00097395809e-18, 5.98274673487e-18, 3.54664978647e-18, 2.22006859846e-18, 9.57044349809e-19, 2.33637034769e-19, 2.65855315731e-20],
        "var": [0.0421927757561, 2.0833170414, 11.9877490997, 14.7943887711, 12.7771282196, 23.9590415955, 35.5421524048, 81.043838501, 186.862808228, 574.704162598, 596.38861084, 1409.69226074, 2701.44042969, 2334.22387695, 2807.2355957, 3425.69213867, 5149.95410156, 2858.61181641, 2730.88378906, 2579.07788086, 2063.84790039, 2516.35595703, 1827.19909668, 1106.53308105, 1054.72155762, 916.555419922, 747.223999023, 529.992980957, 385.126800537, 241.135101318, 159.896224976, 78.4382095337, 46.7336997986, 20.142950058, 4.766269207, 0.763201892376, 0.0872468873858, 0.00591313326731, 6.18992053205e-05, 1.86965962712e-08]
    },
    "gfcc": {
        "mean": [-8.35708141327, 38.1606178284, -117.209335327, 23.0792675018, -49.8641014099, 22.5746383667, -28.5426979065, 15.7788267136, -20.1670646667, 9.14791202545, -12.9251270294, 4.79979133606, -12.47382164],
        "cov": [[80905.5703125, 118.430709839, -5767.03808594, 1803.00927734, -3419.15478516, 1050.47241211, -1548.54125977, 1366.52819824, -1029.77258301, 885.729492188, -1119.04541016, 644.875366211, -975.305175781], [118.430709839, 1144.11901855, -621.920959473, -123.752716064, -120.981071472, -190.932846069, -25.3304424286, -169.261413574, -58.069732666, -133.073806763, 50.1517753601, -65.1648483276, 53.7773017883], [-5767.03808594, -621.920959473, 1360.29833984, 102.156005859, 398.598419189, 113.825973511, 207.110275269, 76.0317153931, 164.660049438, 35.242225647, 23.4481697083, 22.9889278412, 14.8689756393], [1803.00927734, -123.752716064, 102.156005859, 408.569030762, 8.81592845917, 139.526107788, 9.21284389496, 89.1204986572, 51.9513473511, 49.0037078857, -26.4893875122, 25.8656578064, -33.7978935242], [-3419.15478516, -120.981071472, 398.598419189, 8.81592845917, 332.618041992, 60.8051185608, 92.9415206909, -23.1211395264, 82.2196273804, -7.33998584747, 56.3870811462, -16.4946403503, 36.0435676575], [1050.47241211, -190.932846069, 113.825973511, 139.526107788, 60.8051185608, 204.108001709, 11.3566541672, 95.5536346436, 6.11374473572, 45.5903205872, -13.7190856934, 27.8698635101, -24.4293174744], [-1548.54125977, -25.3304424286, 207.110275269, 9.21284389496, 92.9415206909, 11.3566541672, 133.214492798, 16.1174201965, 54.3337593079, -9.03649616241, 19.0093078613, 6.05367612839, 23.3284416199], [1366.52819824, -169.261413574, 76.0317153931, 89.1204986572, -23.1211395264, 95.5536346436, 16.1174201965, 156.652114868, 24.3474197388, 68.3163909912, -19.9761791229, 43.3019828796, -21.1905174255], [-1029.77258301, -58.069732666, 164.660049438, 51.9513473511, 82.2196273804, 6.11374473572, 54.3337593079, 24.3474197388, 116.237060547, 45.6230964661, 34.5469551086, 2.85924100876, 13.035941124], [885.729492188, -133.073806763, 35.242225647, 49.0037078857, -7.33998584747, 45.5903205872, -9.03649616241, 68.3163909912, 45.6230964661, 122.622772217, 27.1126556396, 35.2582511902, -18.0762557983], [-1119.04541016, 50.1517753601, 23.4481697083, -26.4893875122, 56.3870811462, -13.7190856934, 19.0093078613, -19.9761791229, 34.5469551086, 27.1126556396, 88.0839309692, 17.0598926544, 23.0662612915], [644.875366211, -65.1648483276, 22.9889278412, 25.8656578064, -16.4946403503, 27.8698635101, 6.05367612839, 43.3019828796, 2.85924100876, 35.2582511902, 17.0598926544, 74.979598999, 18.9490947723], [-975.305175781, 53.7773017883, 14.8689756393, -33.7978935242, 36.0435676575, -24.4293174744, 23.3284416199, -21.1905174255, 13.035941124, -18.0762557983, 23.0662612915, 18.9490947723, 70.674331665]],
        "icov": [[8.02645736258e-05, -5.70913834963e-05, 0.000246067036642, -0.0001611457119, 0.000249669974437, -0.000231391604757, 0.000188567428268, -0.000104443795863, 4.99234447489e-05, -0.000375367410015, 0.000766308687162, -0.00071444909554, 0.000557625899091], [-5.70913834963e-05, 0.0017516935477, 0.000592020107433, -0.000181938768947, 3.96348332288e-05, 0.000796390464529, -0.000831177516375, 0.000324294669554, -7.32279731892e-05, 0.00159638980404, -0.0020671042148, 0.0014626957709, -0.00100136862602], [0.000246067036642, 0.000592020107433, 0.00257241213694, -0.000638796424028, -0.000858201587107, -0.000147686994751, -0.000811761361547, -0.000490757985972, -0.000584825815167, -0.000632249051705, 0.00285941245966, -0.00289112352766, 0.00239407783374], [-0.0001611457119, -0.000181938768947, -0.000638796424028, 0.00419207569212, 0.000146375765326, -0.00231102760881, 0.000194298045244, 0.000446815189207, -0.00315260258503, 0.00131890038028, -0.000142794713611, 7.83852083259e-05, 0.000194535707124], [0.000249669974437, 3.96348332288e-05, -0.000858201587107, 0.000146375765326, 0.00876385811716, -0.00479651708156, -0.000377399293939, 0.00202273065224, -0.00239058979787, 0.000294325844152, -0.00151206343435, 0.00123556237668, -0.00105215026997], [-0.000231391604757, 0.000796390464529, -0.000147686994751, -0.00231102760881, -0.00479651708156, 0.0117949899286, -0.000766810087953, -0.00478721316904, 0.00432030111551, -0.000104908613139, -0.00195208273362, 0.00125473749358, -5.53159115952e-05], [0.000188567428268, -0.000831177516375, -0.000811761361547, 0.000194298045244, -0.000377399293939, -0.000766810087953, 0.0134870326146, -0.00291298143566, -0.00454328488559, 0.00310025550425, 0.00104366871528, -0.00293386797421, 0.000177503490704], [-0.000104443795863, 0.000324294669554, -0.000490757985972, 0.000446815189207, 0.00202273065224, -0.00478721316904, -0.00291298143566, 0.01507162489, -0.00266815652139, -0.00420925347134, 0.00369236757979, -0.00400591222569, 0.000707526342012], [4.99234447489e-05, -7.32279731892e-05, -0.000584825815167, -0.00315260258503, -0.00239058979787, 0.00432030111551, -0.00454328488559, -0.00266815652139, 0.0197829194367, -0.00837825983763, -0.00281793903559, 0.00526370620355, -0.00351119181141], [-0.000375367410015, 0.00159638980404, -0.000632249051705, 0.00131890038028, 0.000294325844152, -0.000104908613139, 0.00310025550425, -0.00420925347134, -0.00837825983763, 0.0210733842105, -0.0105930287391, -0.00120078842156, 0.00261169322766], [0.000766308687162, -0.0020671042148, 0.00285941245966, -0.000142794713611, -0.00151206343435, -0.00195208273362, 0.00104366871528, 0.00369236757979, -0.00281793903559, -0.0105930287391, 0.0285631176084, -0.0135771753266, 0.00446550548077], [-0.00071444909554, 0.0014626957709, -0.00289112352766, 7.83852083259e-05, 0.00123556237668, 0.00125473749358, -0.00293386797421, -0.00400591222569, 0.00526370620355, -0.00120078842156, -0.0135771753266, 0.0314753055573, -0.016041636467], [0.000557625899091, -0.00100136862602, 0.00239407783374, 0.000194535707124, -0.00105215026997, -5.53159115952e-05, 0.000177503490704, 0.000707526342012, -0.00351119181141, 0.00261169322766, 0.00446550548077, -0.016041636467, 0.027026232332]]
    },
    "melbands": {
        "dmean": [0.000821424415335, 0.000731674314011, 0.000224115487072, 0.000141541313496, 0.000101269368315, 0.000106022002001, 0.000130748114316, 0.000147479018779, 0.000120544435049, 0.000119605698274, 0.000131263863295, 9.66492880252e-05, 8.94801269169e-05, 8.40653301566e-05, 8.90215160325e-05, 8.51915538078e-05, 5.72686985834e-05, 4.28722087236e-05, 4.76888817502e-05, 3.03173746943e-05, 2.71763692581e-05, 2.95362751785e-05, 2.15921409108e-05, 1.8742553948e-05, 1.43866136568e-05, 1.27507273646e-05, 1.21212351587e-05, 9.40473728406e-06, 8.69024825079e-06, 6.39514473733e-06, 5.91867683397e-06, 5.38262747796e-06, 4.246100616e-06, 3.43193096342e-06, 3.17422654916e-06, 2.64187133325e-06, 2.17526735469e-06, 1.98100451598e-06, 1.74384217644e-06, 1.49536674598e-06],
        "dmean2": [0.0012757537188, 0.00116224947851, 0.000378127559088, 0.00024007303, 0.000171610416146, 0.000181214694749, 0.000223971277592, 0.000254821759881, 0.000206167838769, 0.000204736439628, 0.000226046598982, 0.000164541910635, 0.00015220225032, 0.000142544478877, 0.000150170497363, 0.000141502707265, 9.57918236963e-05, 7.32127591618e-05, 8.06993994047e-05, 5.0405098591e-05, 4.57845708297e-05, 5.01307185914e-05, 3.68935288861e-05, 3.17857775372e-05, 2.43589875026e-05, 2.17298729694e-05, 2.06285094464e-05, 1.60387044161e-05, 1.49019288074e-05, 1.08618469312e-05, 1.01003233794e-05, 9.19217018236e-06, 7.18540741218e-06, 5.87394424656e-06, 5.43555097465e-06, 4.50205743618e-06, 3.71374994756e-06, 3.39438224728e-06, 2.92956383419e-06, 2.54020983448e-06],
        "dvar": [1.21541324916e-06, 1.26059535432e-06, 2.01734266625e-07, 6.38883008719e-08, 2.92760553577e-08, 2.93358972669e-08, 3.1244603349e-08, 5.00992989316e-08, 2.91814910014e-08, 3.44720341161e-08, 4.5490860856e-08, 1.99533864986e-08, 2.24029452767e-08, 1.7837775701e-08, 1.97444496308e-08, 2.08404919988e-08, 7.11151759702e-09, 4.74385686289e-09, 6.185813195e-09, 2.05676342624e-09, 1.90712312609e-09, 2.23114637876e-09, 1.1817218315e-09, 8.00562005576e-10, 3.54179019446e-10, 3.32448735207e-10, 3.7346123416e-10, 1.95094704281e-10, 2.90436397155e-10, 6.41882103025e-11, 6.77415207262e-11, 5.91648535719e-11, 3.29769336838e-11, 2.2268683425e-11, 1.77689529757e-11, 1.21356900223e-11, 8.39007249093e-12, 9.61170466135e-12, 5.33428769905e-12, 4.30442660682e-12],
        "dvar2": [2.86601948574e-06, 3.58243823939e-06, 5.52257063191e-07, 1.75338598751e-07, 7.67772334598e-08, 7.78911228849e-08, 8.87342253009e-08, 1.45312512245e-07, 7.98704249405e-08, 9.41693940604e-08, 1.2723617715e-07, 5.49120962035e-08, 6.25825009593e-08, 4.98698078388e-08, 5.56208270552e-08, 5.29265058447e-08, 1.85391488827e-08, 1.27018928708e-08, 1.72876806204e-08, 5.34871302804e-09, 5.11262054914e-09, 6.08629813215e-09, 3.37327099587e-09, 2.12887152351e-09, 9.77407710323e-10, 9.11113018365e-10, 9.95504345624e-10, 5.52602741344e-10, 8.67219185352e-10, 1.83511039697e-10, 1.87452636746e-10, 1.59749810602e-10, 9.26103568832e-11, 6.17355888632e-11, 4.85323760346e-11, 3.23245388789e-11, 2.20638802367e-11, 2.61832829723e-11, 1.41302291048e-11, 1.13029125989e-11],
        "max": [0.0187035072595, 0.0152644645423, 0.00895615015179, 0.00303591578268, 0.00355326617137, 0.00638435967267, 0.00217531831004, 0.00362685415894, 0.00198987033218, 0.00355417933315, 0.00376007263549, 0.0023634696845, 0.00272021489218, 0.00309179606847, 0.00236666272394, 0.00213605724275, 0.00112643977627, 0.00109217711724, 0.00107053969987, 0.000845662725624, 0.00067845050944, 0.000708764768206, 0.000611735798884, 0.000829363707453, 0.000410643959185, 0.000366970169125, 0.000709554704372, 0.000235609186348, 0.000409342203056, 0.00013553534518, 0.000149979954585, 0.000166452606209, 8.16781757749e-05, 9.6058465715e-05, 8.55451871757e-05, 8.14962622826e-05, 6.63944520056e-05, 8.38530759211e-05, 5.72853641643e-05, 4.94630985486e-05],
        "mean": [0.00149371812586, 0.00149798416533, 0.000392817426473, 0.000196925713681, 0.000156830355991, 0.00016659105313, 0.000197758054128, 0.000208009121707, 0.000183632320841, 0.000187905650819, 0.000192620413145, 0.000153086730279, 0.000137175360578, 0.000136909482535, 0.000143276920426, 0.000131301218062, 9.3639951956e-05, 7.19250165275e-05, 7.98123510322e-05, 5.61197557545e-05, 5.0539856602e-05, 5.2935716667e-05, 4.12116969528e-05, 3.73576694983e-05, 3.14252793032e-05, 2.73484965874e-05, 2.48742981057e-05, 2.10645557672e-05, 1.91584040294e-05, 1.55325760716e-05, 1.47454611579e-05, 1.2768340639e-05, 1.12015868581e-05, 9.44852945395e-06, 8.81133382791e-06, 7.51189509174e-06, 6.16123497821e-06, 5.61223714612e-06, 5.0424409892e-06, 4.25762755185e-06],
        "median": [0.000871324911714, 0.0010295381071, 0.000178467365913, 9.93367066258e-05, 0.000103679703898, 0.000117581112136, 0.000133490204462, 0.000137215305585, 0.000118450690934, 0.000112964458822, 0.000112038367661, 9.21221217141e-05, 8.67227572598e-05, 9.23871339182e-05, 8.65667898324e-05, 7.22983313608e-05, 6.59072975395e-05, 4.90331367473e-05, 5.24123679497e-05, 4.08489031543e-05, 3.86382926081e-05, 3.86844330933e-05, 3.37395213137e-05, 3.21017869283e-05, 2.72061897704e-05, 2.29339329962e-05, 2.05595260923e-05, 1.77678957698e-05, 1.6214160496e-05, 1.46087686517e-05, 1.37119677674e-05, 1.15229449875e-05, 1.07699288492e-05, 9.42790757108e-06, 9.0444500529e-06, 7.67520305089e-06, 6.2340200202e-06, 5.85317320656e-06, 5.2331556617e-06, 4.30935369877e-06],
        "min": [1.00949179117e-24, 6.84239608173e-25, 7.14661634552e-25, 4.94966288335e-25, 1.34987629848e-24, 1.96229445997e-24, 6.9558175166e-25, 1.64422288336e-24, 1.37716408187e-24, 2.01406917611e-24, 1.52033356009e-24, 2.35333498005e-24, 1.99606204544e-24, 2.45455451166e-24, 1.54546203398e-24, 2.59354746443e-24, 3.01539103071e-24, 3.17938673265e-24, 3.3326892278e-24, 2.7570294207e-24, 3.53604849727e-24, 3.45932073018e-24, 3.34081488956e-24, 3.50522927942e-24, 3.52129719277e-24, 4.01119638099e-24, 3.75500039139e-24, 3.66571435312e-24, 4.30145262347e-24, 4.48459890997e-24, 3.764504982e-24, 4.45961095193e-24, 4.36249980792e-24, 4.4480726779e-24, 5.46233954274e-24, 5.85902613754e-24, 5.75124919965e-24, 5.60451712698e-24, 4.63409909556e-24, 6.29983332833e-24],
        "var": [3.10116888613e-06, 2.81973598248e-06, 3.56496883569e-07, 9.18280491646e-08, 4.26907824647e-08, 3.87681353686e-08, 4.65601317501e-08, 6.20218614245e-08, 4.51435866466e-08, 6.03102989771e-08, 6.79963818584e-08, 4.04084481431e-08, 2.95203257394e-08, 2.50293865633e-08, 3.07215231032e-08, 3.46161641573e-08, 1.04626254327e-08, 7.09740621829e-09, 9.5405212619e-09, 3.81039910735e-09, 3.1409161938e-09, 3.50462636689e-09, 1.82556447736e-09, 1.27745503065e-09, 7.82037212765e-10, 7.01516456036e-10, 6.48256781588e-10, 4.38174052597e-10, 4.69244088031e-10, 1.74185138535e-10, 1.81767836893e-10, 1.45983378164e-10, 1.01923844364e-10, 6.8040288681e-11, 5.94544066757e-11, 4.20593039563e-11, 2.82198379248e-11, 2.49956218917e-11, 1.93249739128e-11, 1.44456391293e-11]
    },
    "mfcc": {
        "mean": [-616.484436035, 74.4154586792, -10.394733429, 8.81063842773, 1.79059016705, 6.37987565994, 5.51157283783, 6.62113332748, 3.24270606041, 4.38146209717, 3.14545464516, 5.40452289581, 2.19124603271],
        "cov": [[25758.1796875, 1523.38195801, 260.251708984, 533.145141602, 22.7477722168, 331.554962158, 70.977180481, 301.872497559, 276.802642822, 307.479736328, 434.228973389, 100.154548645, 133.112213135], [1523.38195801, 1131.67199707, -383.657104492, -16.6879673004, -126.320526123, -71.6811752319, -40.6059341431, -49.2901039124, -85.3919677734, -52.4940681458, -70.3776473999, 2.38878536224, -23.886516571], [260.251708984, -383.657104492, 537.775512695, 104.007392883, 98.102973938, 68.8184280396, 50.947013855, 102.429473877, 94.3635406494, 59.7452316284, 64.1534576416, 12.7240018845, 33.3426170349], [533.145141602, -16.6879673004, 104.007392883, 195.252212524, 41.9343032837, 58.6741294861, 3.30712008476, 50.49269104, 33.1071662903, 29.9243412018, 25.2103500366, 22.8223819733, 34.8552970886], [22.7477722168, -126.320526123, 98.102973938, 41.9343032837, 176.996948242, 76.1016921997, 50.2751121521, 29.2858028412, 37.5563583374, 29.4543113708, 20.1957912445, 24.5136127472, 7.00966358185], [331.554962158, -71.6811752319, 68.8184280396, 58.6741294861, 76.1016921997, 110.781959534, 40.593536377, 39.5252113342, 23.7255153656, 27.2956886292, 20.0726184845, 9.72934341431, 15.9869813919], [70.977180481, -40.6059341431, 50.947013855, 3.30712008476, 50.2751121521, 40.593536377, 87.0992965698, 45.4315567017, 23.0762214661, 7.49869585037, 9.94596862793, 12.2083148956, 3.19843053818], [301.872497559, -49.2901039124, 102.429473877, 50.49269104, 29.2858028412, 39.5252113342, 45.4315567017, 105.534980774, 52.0145759583, 18.0920276642, 9.04884052277, 6.23911190033, 15.0431623459], [276.802642822, -85.3919677734, 94.3635406494, 33.1071662903, 37.5563583374, 23.7255153656, 23.0762214661, 52.0145759583, 86.207321167, 38.0144767761, 21.1215209961, 6.64449548721, 19.1918716431], [307.479736328, -52.4940681458, 59.7452316284, 29.9243412018, 29.4543113708, 27.2956886292, 7.49869585037, 18.0920276642, 38.0144767761, 76.7805023193, 43.0487251282, 14.8089370728, 7.83723831177], [434.228973389, -70.3776473999, 64.1534576416, 25.2103500366, 20.1957912445, 20.0726184845, 9.94596862793, 9.04884052277, 21.1215209961, 43.0487251282, 93.825378418, 32.415019989, 16.2402534485], [100.154548645, 2.38878536224, 12.7240018845, 22.8223819733, 24.5136127472, 9.72934341431, 12.2083148956, 6.23911190033, 6.64449548721, 14.8089370728, 32.415019989, 81.1854171753, 34.4510345459], [133.112213135, -23.886516571, 33.3426170349, 34.8552970886, 7.00966358185, 15.9869813919, 3.19843053818, 15.0431623459, 19.1918716431, 7.83723831177, 16.2402534485, 34.4510345459, 80.5308914185]],
