{
"lowlevel": {
    "average_loudness": 0.862921237946,
    "barkbands_crest": {
        "dmean": 3.31392717361,
        "dmean2": 5.62581062317,
        "dvar": 10.5525941849,
        "dvar2": 28.6400814056,
        "max": 25.4529304504,
        "mean": 9.19449043274,
        "median": 8.03492832184,
        "min": 1.73854219913,
        "var": 22.8585147858
    },
    "barkbands_flatness_db": {
        "dmean": 0.0226874873042,
        "dmean2": 0.0368953943253,
        "dvar": 0.000587383750826,
        "dvar2": 0.0014152477961,
        "max": 0.754202663898,
        "mean": 0.0944268852472,
        "median": 0.0676976889372,
        "min": 0.00821023341268,
        "var": 0.00788054801524
    },
    "barkbands_kurtosis": {
        "dmean": 2.26311516762,
        "dmean2": 3.79452753067,
        "dvar": 43.0243034363,
        "dvar2": 112.061882019,
        "max": 262.242401123,
        "mean": 1.72189354897,
        "median": -0.183738231659,
        "min": -1.90512049198,
        "var": 79.0114364624
    },
    "barkbands_skewness": {
        "dmean": 0.564674317837,
        "dmean2": 0.915672361851,
        "dvar": 0.457499444485,
        "dvar2": 1.07228636742,
        "max": 14.4137001038,
        "mean": 1.12486588955,
        "median": 0.932625591755,
        "min": -2.24360632896,
        "var": 1.2104934454
    },
    "barkbands_spread": {
        "dmean": 8.81779670715,
        "dmean2": 14.0509052277,
        "dvar": 88.9450759888,
        "dvar2": 213.030883789,
        "max": 114.331886292,
        "mean": 41.7583961487,
        "median": 43.4750480652,
        "min": 0.159510433674,
        "var": 385.809661865
    },
    "dissonance": {
        "dmean": 0.0136244231835,
        "dmean2": 0.0237834565341,
        "dvar": 0.000385053514037,
        "dvar2": 0.00114569067955,
        "max": 0.500000119209,
        "mean": 0.480500102043,
        "median": 0.487083703279,
        "min": 0.117142818868,
        "var": 0.000603395339567
    },
    "dynamic_complexity": 2.79255604744,
    "erbbands_crest": {
        "dmean": 2.20488667488,
        "dmean2": 3.7021150589,
        "dvar": 5.02597093582,
        "dvar2": 13.1869401932,
        "max": 29.2382602692,
        "mean": 6.35869836807,
        "median": 5.32989358902,
        "min": 2.07475113869,
        "var": 11.837887764
    },
    "erbbands_flatness_db": {
        "dmean": 0.0121401622891,
        "dmean2": 0.0195004120469,
        "dvar": 0.000136930742883,
        "dvar2": 0.000334400800057,
        "max": 0.49535369873,
        "mean": 0.11832113564,
        "median": 0.0935758426785,
        "min": 0.025837065652,
        "var": 0.00525800418109
    },
    "erbbands_kurtosis": {
        "dmean": 0.634710967541,
        "dmean2": 1.03671348095,
        "dvar": 3.71649765968,
        "dvar2": 9.25975704193,
        "max": 145.43939209,
        "mean": -0.0449086800218,
        "median": -0.497643947601,
        "min": -1.83391618729,
        "var": 19.7572059631
    },
    "erbbands_skewness": {
        "dmean": 0.316809862852,
        "dmean2": 0.500970363617,
        "dvar": 0.0862624570727,
        "dvar2": 0.210193455219,
        "max": 8.3658618927,
        "mean": -0.0117031866685,
        "median": -0.0441718176007,
        "min": -2.70876908302,
        "var": 0.363586872816
    },
    "erbbands_spread": {
        "dmean": 10.7113876343,
        "dmean2": 16.5106239319,
        "dvar": 150.103134155,
        "dvar2": 320.619445801,
        "max": 173.761764526,
        "mean": 50.851020813,
        "median": 48.0845565796,
        "min": 0.639513909817,
        "var": 563.647399902
    },
    "hfc": {
        "dmean": 14.3995494843,
        "dmean2": 23.4680900574,
        "dvar": 333.062225342,
        "dvar2": 861.919494629,
        "max": 183.096191406,
        "mean": 51.1711463928,
        "median": 49.0603942871,
        "min": 1.05061632351e-16,
        "var": 1232.51635742
    },
    "melbands_crest": {
        "dmean": 4.29764270782,
        "dmean2": 7.33408212662,
        "dvar": 15.850233078,
        "dvar2": 43.0763282776,
        "max": 36.8235206604,
        "mean": 15.176035881,
        "median": 13.9367294312,
        "min": 1.54575312138,
        "var": 47.8023338318
    },
    "melbands_flatness_db": {
        "dmean": 0.0320798978209,
        "dmean2": 0.0516075603664,
        "dvar": 0.00105572410394,
        "dvar2": 0.0025334963575,
        "max": 0.934742212296,
        "mean": 0.159662947059,
        "median": 0.131387546659,
        "min": 0.00265947682783,
        "var": 0.0124584948644
    },
    "melbands_kurtosis": {
        "dmean": 10.8316745758,
        "dmean2": 17.6277599335,
        "dvar": 612.020202637,
        "dvar2": 1444.81884766,
        "max": 534.474609375,
        "mean": 15.1956205368,
        "median": 5.95187091827,
        "min": -1.44924271107,
        "var": 930.141723633
    },
    "melbands_skewness": {
        "dmean": 1.00021541119,
        "dmean2": 1.60421860218,
        "dvar": 1.69342064857,
        "dvar2": 3.82713484764,
        "max": 19.2471923828,
        "mean": 2.89465880394,
        "median": 2.28917908669,
        "min": -0.546843230724,
        "var": 4.50176954269
    },
    "melbands_spread": {
        "dmean": 11.6486320496,
        "dmean2": 19.0503616333,
        "dvar": 161.961837769,
        "dvar2": 393.814147949,
        "max": 161.391098022,
        "mean": 37.8759307861,
        "median": 34.8860588074,
        "min": 0.210199311376,
        "var": 586.000976562
    },
    "pitch_salience": {
        "dmean": 0.091096766293,
        "dmean2": 0.147788822651,
        "dvar": 0.00745801161975,
        "dvar2": 0.019067177549,
        "max": 0.966468334198,
        "mean": 0.579288840294,
        "median": 0.609469652176,
        "min": 0.0750702694058,
        "var": 0.0192981120199
    },
    "silence_rate_20dB": {
        "dmean": 0,
        "dmean2": 0,
        "dvar": 0,
        "dvar2": 0,
        "max": 1,
        "mean": 1,
        "median": 1,
        "min": 1,
        "var": 0
    },
    "silence_rate_30dB": {
        "dmean": 0.000171880368725,
        "dmean2": 0.000343790277839,
        "dvar": 0.000171835257788,
        "dvar2": 0.000515505031217,
        "max": 1,
        "mean": 0.999914050102,
        "median": 1,
        "min": 0,
        "var": 8.59215288074e-05
    },
    "silence_rate_60dB": {
        "dmean": 0.00395324872807,
        "dmean2": 0.00790717639029,
        "dvar": 0.00393743533641,
        "dvar2": 0.00973477493972,
        "max": 1,
        "mean": 0.0500128902495,
        "median": 0,
        "min": 0,
        "var": 0.0475124791265
    },
    "spectral_centroid": {
        "dmean": 364.797088623,
        "dmean2": 572.507751465,
        "dvar": 162687.09375,
        "dvar2": 347207.46875,
        "max": 12035.4150391,
        "mean": 2036.79748535,
        "median": 2120.88061523,
        "min": 82.3472824097,
        "var": 1418887.5
    },
    "spectral_complexity": {
        "dmean": 5.99071836472,
        "dmean2": 9.429479599,
        "dvar": 37.3262062073,
        "dvar2": 83.2950134277,
        "max": 64,
        "mean": 31.6385669708,
        "median": 35,
        "min": 0,
        "var": 232.826721191
    },
    "spectral_decrease": {
        "dmean": 2.31646679616e-09,
        "dmean2": 3.91116028453e-09,
        "dvar": 6.55328008672e-18,
        "dvar2": 1.95615889878e-17,
        "max": 1.53066255485e-28,
        "mean": -8.0150650561e-09,
        "median": -8.10775180327e-09,
        "min": -3.31200809001e-08,
        "var": 1.98733715586e-17
    },
    "spectral_energy": {
        "dmean": 0.00910067278892,
        "dmean2": 0.0154089061543,
        "dvar": 9.76005394477e-05,
        "dvar2": 0.000293645018246,
        "max": 0.128826022148,
        "mean": 0.034891884774,
        "median": 0.0364186353981,
        "min": 9.93413219521e-21,
        "var": 0.000349310459569
    },
    "spectral_energyband_high": {
        "dmean": 0.0014039974194,
        "dmean2": 0.00226334389299,
        "dvar": 3.10242853629e-06,
        "dvar2": 7.80503251008e-06,
        "max": 0.019009321928,
        "mean": 0.00437390385196,
        "median": 0.00388336204924,
        "min": 6.88279458585e-21,
        "var": 1.15047787403e-05
    },
    "spectral_energyband_low": {
        "dmean": 0.0077243312262,
        "dmean2": 0.0127072706819,
        "dvar": 0.000114898299216,
        "dvar2": 0.000294731900794,
        "max": 0.11878246069,
        "mean": 0.014009940438,
        "median": 0.00825197901577,
        "min": 9.58868871108e-24,
        "var": 0.000215421561734
    },
    "spectral_energyband_middle_high": {
        "dmean": 0.00241624005139,
        "dmean2": 0.0038940361701,
        "dvar": 7.44056251278e-06,
        "dvar2": 1.7884081899e-05,
        "max": 0.0321156829596,
        "mean": 0.00708124693483,
        "median": 0.00628531817347,
        "min": 1.04093965306e-21,
        "var": 3.098363959e-05
    },
    "spectral_energyband_middle_low": {
        "dmean": 0.00613597873598,
        "dmean2": 0.0100683644414,
        "dvar": 7.50629696995e-05,
        "dvar2": 0.000191945771803,
        "max": 0.0746693536639,
        "mean": 0.0103433374316,
        "median": 0.007358728908,
        "min": 1.66426048283e-22,
        "var": 0.000102312929812
    },
    "spectral_entropy": {
        "dmean": 0.116213046014,
        "dmean2": 0.18719369173,
        "dvar": 0.0173539817333,
        "dvar2": 0.0424445681274,
        "max": 9.821641922,
        "mean": 8.07487201691,
        "median": 8.26738452911,
        "min": 3.02810430527,
        "var": 0.426811724901
    },
    "spectral_flux": {
        "dmean": 0.0237109772861,
        "dmean2": 0.0373557172716,
        "dvar": 0.000613588257693,
        "dvar2": 0.00139759865124,
        "max": 0.314868092537,
        "mean": 0.115931518376,
        "median": 0.117476724088,
        "min": 6.07078623482e-11,
        "var": 0.00264028762467
    },
    "spectral_kurtosis": {
        "dmean": 3.97980260849,
        "dmean2": 6.8454990387,
        "dvar": 362.547729492,
        "dvar2": 1079.66027832,
        "max": 325.866882324,
        "mean": 9.27169513702,
        "median": 1.91929531097,
        "min": -1.28179514408,
        "var": 1255.47546387
    },
    "spectral_rms": {
        "dmean": 0.000739094743039,
        "dmean2": 0.00124890136067,
        "dvar": 5.49813705675e-07,
        "dvar2": 1.65370215655e-06,
        "max": 0.0112108839676,
        "mean": 0.00551719171926,
        "median": 0.00596073595807,
        "min": 3.11317139602e-12,
        "var": 3.60145259037e-06
    },
    "spectral_rolloff": {
        "dmean": 1161.85144043,
        "dmean2": 1950.33227539,
        "dvar": 1994143.875,
        "dvar2": 4850468,
        "max": 19573.6816406,
        "mean": 3114.08129883,
        "median": 2691.65039062,
        "min": 43.06640625,
        "var": 6999645
    },
    "spectral_skewness": {
        "dmean": 0.253186732531,
        "dmean2": 0.427935212851,
        "dvar": 0.564085364342,
        "dvar2": 1.68781673908,
        "max": 14.9504003525,
        "mean": 1.5541844368,
        "median": 1.19490158558,
        "min": -0.106055483222,
        "var": 2.74239754677
    },
    "spectral_spread": {
        "dmean": 512453.03125,
        "dmean2": 800015.5,
        "dvar": 407021158400,
        "dvar2": 846746419200,
        "max": 42513168,
        "mean": 6457477,
        "median": 6508212,
        "min": 228813.421875,
        "var": 1.52615801324e+13
    },
    "spectral_strongpeak": {
        "dmean": 0.361712545156,
        "dmean2": 0.629645943642,
        "dvar": 0.44081735611,
        "dvar2": 1.17504906654,
        "max": 9.72318840027,
        "mean": 0.531445026398,
        "median": 0.336424380541,
        "min": 0,
        "var": 0.460564404726
    },
    "zerocrossingrate": {
        "dmean": 0.0149305127561,
        "dmean2": 0.0188317093998,
        "dvar": 0.000244463270064,
        "dvar2": 0.00033439550316,
        "max": 0.81005859375,
        "mean": 0.110091418028,
        "median": 0.1103515625,
        "min": 0.00146484375,
        "var": 0.00386389321648
    },
    "barkbands": {
        "dmean": [0.000628769339528, 0.00507962098345, 0.00390597200021, 0.00152729742695, 0.00428817421198, 0.00104977900628, 0.000782496004831, 0.000811010890175, 0.000780979753472, 0.000591283314861, 0.000489053374622, 0.000667256652378, 0.000433245761087, 0.000485088588903, 0.000452277599834, 0.000326155452058, 0.000308352842694, 0.000264504691586, 0.00028309476329, 0.000306354544591, 0.000304517074255, 0.000330512732035, 0.000313954486046, 0.000285809481284, 0.000245222327067, 0.000172873857082, 4.1808012611e-05],
        "dmean2": [0.000867936469149, 0.00727324699983, 0.00617640186101, 0.00256645772606, 0.00743141118437, 0.00189609942026, 0.00139117043, 0.00136464519892, 0.00133990740869, 0.000998180592433, 0.000821795372758, 0.00107672146987, 0.000722428725567, 0.000818210944999, 0.000749172759242, 0.00053740828298, 0.000515191117302, 0.00043465589988, 0.000470666971523, 0.000509356381372, 0.000502593640704, 0.000540343404282, 0.000517034088261, 0.00046344124712, 0.000404305523261, 0.000286183203571, 6.91006862326e-05],
        "dvar": [1.88922399502e-06, 6.65166298859e-05, 4.88207988383e-05, 5.63918683838e-06, 6.27457848168e-05, 4.72020292364e-06, 1.87403986729e-06, 1.65140647823e-06, 1.36544861107e-06, 1.12471639113e-06, 5.84140650517e-07, 9.95294954009e-07, 3.96240665168e-07, 6.25366112672e-07, 7.55262760777e-07, 2.1811652573e-07, 1.82317975828e-07, 1.14288724262e-07, 1.25938726114e-07, 1.42462468489e-07, 1.38068926958e-07, 1.59309195169e-07, 1.4515913449e-07, 1.24796784462e-07, 1.095533122e-07, 6.0391300849e-08, 3.40317130032e-09],
        "dvar2": [3.29369527208e-06, 0.000155862711836, 0.000113832924399, 1.46042793858e-05, 0.000167471036548, 1.3567670976e-05, 5.32024250788e-06, 4.32815204476e-06, 3.71750866179e-06, 2.97227506962e-06, 1.45600438373e-06, 2.30786645261e-06, 1.03929312445e-06, 1.41949715271e-06, 1.76231617388e-06, 5.40070402621e-07, 4.72244607863e-07, 3.0249927363e-07, 3.19540760074e-07, 3.80909625619e-07, 3.59270273975e-07, 4.14888347677e-07, 3.713584249e-07, 3.12896702326e-07, 2.78777548601e-07, 1.55981979333e-07, 8.81702977296e-09],
        "max": [0.0198590680957, 0.116795256734, 0.0712892711163, 0.0365314558148, 0.0682860910892, 0.0291245598346, 0.0198804270476, 0.0232004225254, 0.0183052681386, 0.0274354573339, 0.0148867294192, 0.0177013482898, 0.0111377174035, 0.0163185875863, 0.0164469070733, 0.00971323344857, 0.00785993412137, 0.00503005832434, 0.00728797027841, 0.00433715106919, 0.00585580756888, 0.00472627626732, 0.0060534318909, 0.00517853815109, 0.00330682564527, 0.00233065965585, 0.000718233990483],
        "mean": [0.00128852436319, 0.00798746198416, 0.00396641669795, 0.00166289694607, 0.00431342376396, 0.00105563970283, 0.000867498049047, 0.00111769337673, 0.00105918163899, 0.000845600385219, 0.00070596212754, 0.00103463698179, 0.000682671845425, 0.000703843601514, 0.000701879151165, 0.00057368085254, 0.000552325043827, 0.000543189235032, 0.00058054208057, 0.000634729804005, 0.000685109407641, 0.00077115627937, 0.000776775705162, 0.000717122748028, 0.000606839486863, 0.00037839091965, 7.87988101365e-05],
        "median": [0.000174306842382, 0.00348840560764, 0.00130765512586, 0.000867675873451, 0.00138523883652, 0.000498260022141, 0.000399759504944, 0.000569605792407, 0.000588403723668, 0.000409185042372, 0.000382284168154, 0.000504352676217, 0.000426965852967, 0.00040086946683, 0.000397478142986, 0.000380989309633, 0.000398247997509, 0.000425606936915, 0.000468183337944, 0.000538374006283, 0.00057666253997, 0.000647657725494, 0.000653427094221, 0.000563302019145, 0.000458390859421, 0.00027769812732, 5.27675110789e-05],
        "min": [3.83286165299e-25, 2.8940916364e-24, 5.52772782874e-25, 9.27481712854e-25, 7.40443778302e-24, 8.90622857589e-24, 1.01791471543e-23, 7.54343113022e-24, 1.36049255188e-23, 7.3621043514e-24, 8.00071959748e-24, 2.37780536645e-23, 2.48724687973e-23, 2.41277935691e-23, 4.021639085e-23, 4.50832682047e-23, 6.77022075204e-23, 7.79788373722e-23, 1.32034641067e-22, 1.85091999292e-22, 2.56225025998e-22, 2.74726527907e-22, 3.67952418368e-22, 5.64075028144e-22, 8.78042526702e-22, 1.31750757164e-21, 1.91676973415e-21],
        "var": [7.61841101848e-06, 0.000124516300275, 5.05465977767e-05, 5.54753387405e-06, 5.82328939345e-05, 3.48049297827e-06, 2.03156946554e-06, 2.74618582807e-06, 2.025526328e-06, 1.73856312813e-06, 1.02968749616e-06, 2.16417993215e-06, 7.38179153359e-07, 1.12633642857e-06, 1.19861260828e-06, 4.56875227428e-07, 3.45244956179e-07, 2.70149286052e-07, 2.96020715496e-07, 3.07620553031e-07, 3.68758634295e-07, 4.34665651028e-07, 4.30337934176e-07, 4.10829272823e-07, 3.16775270903e-07, 1.36541501661e-07, 7.74681474525e-09]
    },
    "erbbands": {
        "dmean": [0.178930029273, 1.06692922115, 3.57594418526, 5.33156585693, 10.0829124451, 16.7894687653, 8.45283699036, 9.58944988251, 11.4766931534, 13.8954124451, 17.1234550476, 18.489408493, 17.0930500031, 17.6988563538, 22.3644714355, 27.2294540405, 20.0929679871, 20.8295001984, 25.6831359863, 16.8639297485, 15.9634876251, 16.63539505, 14.441649437, 13.495054245, 15.4009084702, 13.8639678955, 12.7447843552, 12.2986135483, 11.6475162506, 11.3244876862, 8.56739807129, 6.62586545944, 4.83247280121, 3.04943609238, 1.72603499889, 0.811779439449, 0.338204056025, 0.0723702684045, 0.00668119918555, 0.000104654340248],
        "dmean2": [0.271117180586, 1.5623446703, 5.49422073364, 8.93454647064, 16.7299880981, 29.8785743713, 15.1704282761, 17.4680595398, 20.7162418365, 23.8082180023, 28.7937583923, 31.5087718964, 29.0441036224, 29.7369632721, 36.8344612122, 43.6361656189, 33.3738632202, 35.3402633667, 41.9317016602, 27.4784889221, 26.3038139343, 27.8720111847, 23.7608795166, 22.1977005005, 26.0661830902, 23.026386261, 20.9852085114, 20.216501236, 19.0470733643, 18.4911956787, 14.2220697403, 10.9562988281, 7.85688400269, 5.03067779541, 2.84323000908, 1.32950854301, 0.569280862808, 0.119466394186, 0.0110496515408, 0.000171804014826],
        "dvar": [0.110509283841, 2.99446868896, 36.3885421753, 82.8603286743, 334.079498291, 1106.56896973, 239.831466675, 404.460693359, 414.58416748, 788.708679199, 723.079650879, 814.858398438, 850.570983887, 1053.25219727, 1207.56298828, 1816.38635254, 851.033447266, 945.435974121, 2164.11303711, 700.437194824, 442.695159912, 530.875549316, 373.963043213, 284.480041504, 395.218719482, 306.420532227, 261.293884277, 234.832824707, 202.886901855, 185.651855469, 111.478439331, 68.4960861206, 38.2454032898, 15.7089366913, 5.7112121582, 1.26273810863, 0.254076451063, 0.0104392860085, 8.79336657817e-05, 2.00770866599e-08],
        "dvar2": [0.273600965738, 6.66035175323, 84.0857696533, 214.795852661, 819.013000488, 3053.34008789, 674.411193848, 1163.37097168, 1170.08435059, 2289.32177734, 1797.56860352, 2200.41040039, 2287.85107422, 2772.1328125, 3007.34472656, 4071.11987305, 2222.90942383, 2363.47607422, 4922.54296875, 1663.17407227, 1141.81201172, 1361.08166504, 991.380859375, 727.394958496, 1039.97814941, 810.14440918, 684.438537598, 614.926940918, 528.89276123, 471.817016602, 291.925964355, 174.863006592, 97.0268249512, 40.6113815308, 14.5385169983, 3.22105979919, 0.667565464973, 0.0272989328951, 0.000227478070883, 5.20593843589e-08],
        "max": [4.59271144867, 24.7233543396, 55.733089447, 127.94052887, 228.611633301, 259.640655518, 201.866333008, 266.174041748, 224.168579102, 540.02331543, 572.647033691, 488.971984863, 620.692077637, 682.309204102, 726.900817871, 886.54119873, 507.645812988, 511.115631104, 1020.77954102, 600.329528809, 284.509460449, 419.768371582, 352.201416016, 331.723937988, 377.092987061, 213.766494751, 226.294296265, 298.74029541, 208.766937256, 161.085845947, 199.047058105, 145.813644409, 106.678741455, 45.6660842896, 29.3801708221, 11.7839860916, 6.60490989685, 1.28824317455, 0.129243448377, 0.00180854497012],
        "mean": [0.295687735081, 1.54844808578, 4.2999663353, 5.50730276108, 11.2538433075, 14.856347084, 8.29247283936, 9.42322826385, 11.8607282639, 17.872636795, 23.7956466675, 26.1386547089, 24.9218177795, 26.5802078247, 34.9230079651, 43.7424736023, 33.4693145752, 33.9269485474, 42.6280593872, 31.0132369995, 30.437543869, 31.2716178894, 29.9056968689, 28.7570762634, 30.3829841614, 29.2416858673, 28.6843338013, 27.3045806885, 26.7980747223, 26.7914161682, 21.066444397, 15.9623422623, 11.4955406189, 7.32773780823, 4.00737190247, 1.84452235699, 0.667638421059, 0.153401270509, 0.0124359633774, 0.000253997102845],
        "median": [0.103116743267, 0.692015647888, 1.66608202457, 2.78045320511, 4.25722503662, 3.90374565125, 3.42218017578, 4.29467916489, 5.52019166946, 8.4852180481, 12.6007680893, 14.4727773666, 13.5538520813, 14.1904354095, 20.3165950775, 22.4078731537, 22.3425350189, 21.8337802887, 23.6933479309, 20.9451389313, 22.2118358612, 23.5840492249, 23.3483295441, 23.053445816, 24.9497928619, 24.8407726288, 23.7837047577, 23.1187343597, 22.5796813965, 22.1361942291, 17.7783336639, 12.7537374496, 8.64957714081, 5.48098278046, 2.96106815338, 1.34698069096, 0.477652609348, 0.114726141095, 0.00804704800248, 0.000199157540919],
        "min": [4.68481551536e-23, 5.03056523529e-22, 1.11306622799e-21, 5.24719396244e-21, 7.9357615783e-21, 2.64960829758e-20, 6.38793653089e-20, 1.2053254541e-19, 1.07706431466e-19, 1.62847719278e-19, 2.45195203618e-19, 3.05232567014e-19, 3.5239165885e-19, 7.20854506423e-19, 1.17353395633e-18, 8.70294196657e-19, 1.46161480409e-18, 1.73185874272e-18, 2.06586682944e-18, 3.26888522512e-18, 3.6898562572e-18, 4.52751269862e-18, 5.57551579314e-18, 6.13665568195e-18, 5.74620368536e-18, 9.23308098718e-18, 6.87596696599e-18, 9.85358225188e-18, 1.00593608001e-17, 9.5113379278e-18, 9.629087088e-18, 1.03225167314e-17, 9.18973755027e-18, 7.23510397254e-18, 5.62209391985e-18, 4.52470772917e-18, 2.36117857993e-18, 1.03499991869e-18, 2.44450043134e-19, 2.79094583773e-20],
        "var": [0.226393967867, 5.29408073425, 45.2225456238, 72.4415206909, 412.037689209, 836.340026855, 207.044067383, 290.655303955, 348.075592041, 1014.17553711, 1242.96032715, 1244.61047363, 1265.78112793, 1692.89599609, 2171.87646484, 3990.67456055, 1617.65368652, 1841.35888672, 4466.11621094, 1428.61877441, 951.61126709, 1038.36352539, 836.658752441, 724.691955566, 780.181213379, 660.902160645, 681.199279785, 583.147827148, 533.707824707, 543.943603516, 320.589294434, 201.963882446, 114.439193726, 47.0456886292, 14.7661705017, 3.22153449059, 0.467744916677, 0.0239668302238, 0.00020324056095, 5.52199885817e-08]
    },
    "gfcc": {
        "mean": [33.8965950012, 49.6016540527, -98.7011566162, 28.5790939331, -51.0251731873, 22.8296928406, -29.7566051483, 9.7998418808, -23.1818904877, 4.67053604126, -18.3068637848, 2.06755852699, -15.6622467041],
        "cov": [[32010.9941406, -6142.78222656, -681.917480469, 1837.99414062, -1696.91918945, 1291.33642578, -1132.7520752, 853.871887207, -798.550109863, 747.944335938, -714.522338867, 679.826477051, -490.863006592], [-6142.78222656, 4600.61816406, -341.952697754, -997.750610352, 462.279998779, -652.571472168, 395.784515381, -424.784210205, 349.768066406, -382.276550293, 283.775421143, -395.392028809, 173.091583252], [-681.917480469, -341.952697754, 882.588439941, 113.614212036, 188.991088867, 145.009857178, -3.03038454056, 50.6140861511, -37.7972183228, 29.6571331024, -6.44022035599, 30.397895813, -18.3190097809], [1837.99414062, -997.750610352, 113.614212036, 613.61315918, -78.8642272949, 244.324142456, -60.5260620117, 120.495529175, -73.4616622925, 83.9413986206, -73.7713317871, 79.3689498901, -56.1972427368], [-1696.91918945, 462.279998779, 188.991088867, -78.8642272949, 345.662567139, 30.2651844025, 138.055999756, -13.0256748199, 68.8954772949, -32.4676742554, 53.4399337769, -41.1971969604, 24.0043525696], [1291.33642578, -652.571472168, 145.009857178, 244.324142456, 30.2651844025, 304.507507324, 37.7537689209, 143.095153809, -22.0921096802, 86.231590271, -29.7891082764, 71.119468689, -36.2045783997], [-1132.7520752, 395.784515381, -3.03038454056, -60.5260620117, 138.055999756, 37.7537689209, 221.126052856, 56.4842338562, 116.68573761, -1.95275938511, 72.797492981, -21.999168396, 33.4823112488], [853.871887207, -424.784210205, 50.6140861511, 120.495529175, -13.0256748199, 143.095153809, 56.4842338562, 195.285217285, 55.252872467, 93.0389938354, -0.994159817696, 53.6261444092, -17.3088264465], [-798.550109863, 349.768066406, -37.7972183228, -73.4616622925, 68.8954772949, -22.0921096802, 116.68573761, 55.252872467, 162.371566772, 40.5847358704, 75.5885620117, -14.7978725433, 31.7403888702], [747.944335938, -382.276550293, 29.6571331024, 83.9413986206, -32.4676742554, 86.231590271, -1.95275938511, 93.0389938354, 40.5847358704, 127.311714172, 27.0603694916, 60.0601043701, -4.87163305283], [-714.522338867, 283.775421143, -6.44022035599, -73.7713317871, 53.4399337769, -29.7891082764, 72.797492981, -0.994159817696, 75.5885620117, 27.0603694916, 104.564186096, 16.7419185638, 37.8987045288], [679.826477051, -395.392028809, 30.397895813, 79.3689498901, -41.1971969604, 71.119468689, -21.999168396, 53.6261444092, -14.7978725433, 60.0601043701, 16.7419185638, 96.8259277344, 16.7263278961], [-490.863006592, 173.091583252, -18.3190097809, -56.1972427368, 24.0043525696, -36.2045783997, 33.4823112488, -17.3088264465, 31.7403888702, -4.87163305283, 37.8987045288, 16.7263278961, 67.9096069336]],
        "icov": [[9.13658295758e-05, -0.000115413764433, 9.34066192713e-05, -5.01596587128e-05, 0.000222372065764, -0.000271808210528, 0.000267603900284, -0.00025772373192, 0.000295776961138, -0.000419388554292, 0.000407633662689, -0.000406589126214, 0.000221453519771], [-0.000115413764433, 0.00115065276623, -5.32738977199e-06, 0.000499135407154, -0.000503578223288, 0.000435593334259, -0.000430851388955, 0.000904105836526, -0.00152306526434, 0.0023342918139, -0.00249274726957, 0.00288174324669, -0.000941683596466], [9.34066192713e-05, -5.32738977199e-06, 0.00162794173229, -8.30962599139e-05, -0.00100232067052, -0.000627666187938, 0.00100891606417, -0.000721014046576, 0.000822245725431, -0.000334943993948, -0.000222475762712, -0.000109790365968, 0.000140439791721], [-5.01596587128e-05, 0.000499135407154, -8.30962599139e-05, 0.00298591097817, 0.000175560227945, -0.00164985004812, 0.000162016804097, 0.000347335706465, -0.00061754474882, 0.000734685163479, -0.000160542142112, 0.000546990253497, 0.000176947563887], [0.000222372065764, -0.000503578223288, -0.00100232067052, 0.000175560227945, 0.00607511401176, -0.00241899467073, -0.00156587047968, 0.000867994036525, -0.000193275074707, -0.000230417383136, 0.00037815986434, 9.84427242656e-05, 0.000160546740517], [-0.000271808210528, 0.000435593334259, -0.000627666187938, -0.00164985004812, -0.00241899467073, 0.0106375673786, -0.00503609143198, -0.00197154842317, 0.00270652258769, -0.00231806980446, 0.00180142011959, -0.00247591710649, 0.00207038596272], [0.000267603900284, -0.000430851388955, 0.00100891606417, 0.000162016804097, -0.00156587047968, -0.00503609143198, 0.0146584585309, -0.00549318222329, -0.00389186525717, 0.00490523921326, -0.00567808840424, 0.00313770142384, -0.0027531425003], [-0.00025772373192, 0.000904105836526, -0.000721014046576, 0.000347335706465, 0.000867994036525, -0.00197154842317, -0.00549318222329, 0.0162470862269, -0.00803931802511, -0.00275995419361, 0.00496198656037, -0.00390809774399, 0.00317008863203], [0.000295776961138, -0.00152306526434, 0.000822245725431, -0.00061754474882, -0.000193275074707, 0.00270652258769, -0.00389186525717, -0.00803931802511, 0.0222383104265, -0.0108613967896, -0.00358277535997, 0.00476421741769, -0.003235346172], [-0.000419388554292, 0.0023342918139, -0.000334943993948, 0.000734685163479, -0.000230417383136, -0.00231806980446, 0.00490523921326, -0.00275995419361, -0.0108613967896, 0.0265978556126, -0.0120739964768, -1.3670678527e-05, 0.000986255938187], [0.000407633662689, -0.00249274726957, -0.000222475762712, -0.000160542142112, 0.00037815986434, 0.00180142011959, -0.00567808840424, 0.00496198656037, -0.00358277535997, -0.0120739964768, 0.0311408862472, -0.016751350835, 0.00155353732407], [-0.000406589126214, 0.00288174324669, -0.000109790365968, 0.000546990253497, 9.84427242656e-05, -0.00247591710649, 0.00313770142384, -0.00390809774399, 0.00476421741769, -1.3670678527e-05, -0.016751350835, 0.0355671904981, -0.0153984148055], [0.000221453519771, -0.000941683596466, 0.000140439791721, 0.000176947563887, 0.000160546740517, 0.00207038596272, -0.0027531425003, 0.00317008863203, -0.003235346172, 0.000986255938187, 0.00155353732407, -0.0153984148055, 0.0266317389905]]
    },
    "melbands": {
        "dmean": [0.0014938324457, 0.00148531689774, 0.000916819204576, 0.0010568673024, 0.000372719980078, 0.00021127666696, 0.00017055949138, 0.000157375121489, 0.000139693627716, 0.000117691532068, 8.66794362082e-05, 7.46148289181e-05, 6.97925497661e-05, 8.11560385046e-05, 5.57675812161e-05, 4.34722023783e-05, 4.24068930442e-05, 4.51401865575e-05, 2.90134375973e-05, 2.44041893893e-05, 1.92810566659e-05, 1.86466240848e-05, 1.64744524227e-05, 1.26605145851e-05, 1.17882900668e-05, 1.18761554404e-05, 1.16219680422e-05, 9.88430292637e-06, 8.97548306966e-06, 8.0735744632e-06, 7.93052640802e-06, 7.2232119237e-06, 7.07643221176e-06, 6.76329409544e-06, 5.41921190234e-06, 5.07353752255e-06, 4.17931460106e-06, 3.80592882721e-06, 2.88358046419e-06, 2.79716255136e-06],
        "dmean2": [0.0021627433598, 0.00240212841891, 0.00144291063771, 0.00183438614476, 0.000669393921271, 0.000384421902709, 0.000306393980281, 0.000267679075478, 0.000235504281591, 0.000200464375666, 0.000147338738316, 0.000125482911244, 0.000116224357043, 0.000130223561428, 9.14901975193e-05, 7.20075986465e-05, 7.25664722268e-05, 7.3117633292e-05, 4.73262116429e-05, 4.0099814214e-05, 3.19846294587e-05, 3.14271965181e-05, 2.76169394056e-05, 2.08383171412e-05, 1.95505890588e-05, 1.98649031518e-05, 1.98707075469e-05, 1.64479297382e-05, 1.48748158608e-05, 1.33969906528e-05, 1.31331826196e-05, 1.19281212392e-05, 1.17124045573e-05, 1.11003801067e-05, 9.02502779354e-06, 8.57195936987e-06, 6.88441969032e-06, 6.24622998657e-06, 4.75140313938e-06, 4.68699863632e-06],
        "dvar": [6.3959309955e-06, 5.41562394574e-06, 1.84587929652e-06, 4.05522769142e-06, 4.52894539649e-07, 1.9502525106e-07, 8.72168968158e-08, 9.1042473116e-08, 4.66317331416e-08, 3.33667848906e-08, 2.20791118721e-08, 2.00678300644e-08, 1.17389111765e-08, 1.5404644671e-08, 6.22101170578e-09, 4.25921253822e-09, 4.1889336444e-09, 6.91548462939e-09, 3.26283355889e-09, 1.55324775264e-09, 6.68752386801e-10, 7.38871019923e-10, 5.44780609513e-10, 2.61154181613e-10, 2.3185761644e-10, 2.40171937893e-10, 2.25711727087e-10, 1.5994128244e-10, 1.38324823817e-10, 1.01794274399e-10, 1.03034206167e-10, 8.27458448982e-11, 7.75211908555e-11, 6.84151346686e-11, 4.55519684472e-11, 4.31946318991e-11, 2.71698809284e-11, 2.35022175332e-11, 1.30419720162e-11, 1.39633287571e-11],
        "dvar2": [1.53328091983e-05, 1.29598120111e-05, 4.42214832219e-06, 1.08539388748e-05, 1.26747272589e-06, 5.60499131552e-07, 2.45673533072e-07, 2.61374594857e-07, 1.17049026471e-07, 9.01918397744e-08, 5.93465507848e-08, 5.25806918006e-08, 2.90469852615e-08, 3.55853977396e-08, 1.54908050831e-08, 1.10594804426e-08, 1.05380619786e-08, 1.51858117192e-08, 7.10084702149e-09, 3.7976013445e-09, 1.73575098739e-09, 1.91201543487e-09, 1.46655010358e-09, 6.88950341221e-10, 5.97734362007e-10, 6.18501805327e-10, 6.13885164924e-10, 4.25598445375e-10, 3.69115238374e-10, 2.68123939717e-10, 2.70090561028e-10, 2.16883025428e-10, 2.04056743724e-10, 1.75464281993e-10, 1.20700366368e-10, 1.13800281698e-10, 6.9931581359e-11, 5.94271923338e-11, 3.39338938893e-11, 3.71136142652e-11],
        "max": [0.0344269573689, 0.0263471677899, 0.018524825573, 0.0174624156207, 0.00681520067155, 0.00584969948977, 0.00355070456862, 0.00630427803844, 0.00431262375787, 0.00319604063407, 0.00340700964443, 0.00289602763951, 0.00219252193347, 0.00249663088471, 0.00139765220229, 0.00146123254672, 0.00116390374023, 0.00179542135447, 0.00147261947859, 0.00092989159748, 0.000381806341466, 0.000574544887058, 0.000342011073371, 0.000237075888435, 0.000297937047435, 0.000297470833175, 0.000216894492041, 0.000163453310961, 0.000150778112584, 0.000129844775074, 0.000178257963853, 0.000135279362439, 0.000108169508167, 0.000105752442323, 0.000123710284242, 0.000117496158055, 8.65188339958e-05, 8.24497037684e-05, 4.63401374873e-05, 4.4062777306e-05],
        "mean": [0.00245599704795, 0.00221910048276, 0.00110029336065, 0.001041110605, 0.000351998722181, 0.000208518613363, 0.000180784860277, 0.000206450858968, 0.000189044745639, 0.000161679621669, 0.000122492972878, 0.000106292871351, 0.000103987084003, 0.000126462822664, 8.61752851051e-05, 6.69825967634e-05, 6.21134240646e-05, 7.03872501617e-05, 4.60948176624e-05, 4.11533437727e-05, 3.40240148944e-05, 3.21710285789e-05, 2.98504455714e-05, 2.50090706686e-05, 2.28363696806e-05, 2.22194175876e-05, 2.06163113035e-05, 1.93589294213e-05, 1.82990188478e-05, 1.64239518199e-05, 1.58067850862e-05, 1.50377227328e-05, 1.51589374582e-05, 1.47009477587e-05, 1.23178779177e-05, 1.07217038021e-05, 9.44524981605e-06, 8.44733131089e-06, 6.59092665956e-06, 6.06327421337e-06],
        "median": [0.00097446993459, 0.000996777554974, 0.000611320487224, 0.000325214059558, 0.000135344365845, 9.65496728895e-05, 8.4375446022e-05, 0.00010044483497, 0.000101216202893, 8.61894004629e-05, 6.38710844214e-05, 5.20619032613e-05, 5.76071288378e-05, 6.16131146671e-05, 5.12696860824e-05, 4.09988206229e-05, 3.62207174476e-05, 3.65182168025e-05, 2.82128548861e-05, 2.53126490861e-05, 2.42610931309e-05, 2.32538368437e-05, 2.16194275708e-05, 1.91935614566e-05, 1.74024444277e-05, 1.73492444446e-05, 1.66769805219e-05, 1.57205031428e-05, 1.4596096662e-05, 1.31104088723e-05, 1.281691857e-05, 1.23037852973e-05, 1.22329329315e-05, 1.17520221465e-05, 1.01533951238e-05, 8.48312720336e-06, 7.26753660274e-06, 6.13896872892e-06, 5.00984106111e-06, 4.36155187344e-06],
        "min": [9.07150597959e-25, 7.74019128239e-25, 8.39975936436e-25, 9.99483414256e-25, 2.25111122851e-24, 2.5758426647e-24, 1.86840699604e-24, 1.69243934379e-24, 2.08360055959e-24, 1.78493505986e-24, 1.30145207181e-24, 2.20259608562e-24, 1.87545132671e-24, 2.52249081839e-24, 2.30142359375e-24, 2.7458814356e-24, 2.64492676404e-24, 1.89395110101e-24, 3.70813061513e-24, 4.17804164574e-24, 2.8350771493e-24, 4.30642875806e-24, 3.52593214502e-24, 3.64069207964e-24, 4.01468432949e-24, 3.01794792612e-24, 4.06035819261e-24, 4.77486816865e-24, 3.94561482407e-24, 4.88259777488e-24, 5.76031163373e-24, 4.13135527965e-24, 5.13471062044e-24, 4.58378751917e-24, 4.3721542821e-24, 6.46943526751e-24, 4.85969240964e-24, 6.13533571364e-24, 5.84275864238e-24, 5.45773141176e-24],
        "var": [1.27604189402e-05, 8.38554024085e-06, 2.18509239858e-06, 3.67717279914e-06, 3.68224988279e-07, 1.40142873306e-07, 7.89972389725e-08, 1.22542331837e-07, 7.61138068128e-08, 5.05022121899e-08, 3.23687672221e-08, 3.11227630334e-08, 2.13320952014e-08, 3.35679004593e-08, 1.09653539582e-08, 7.80328068828e-09, 7.57284368547e-09, 1.39597045035e-08, 5.12730879976e-09, 3.10582293217e-09, 1.28479671346e-09, 1.24924215417e-09, 1.00086172683e-09, 5.92777549269e-10, 5.17987541748e-10, 4.84294326863e-10, 3.72708780505e-10, 3.21917187351e-10, 3.06432601516e-10, 2.43636028019e-10, 2.17698761795e-10, 1.85473150727e-10, 1.90373466991e-10, 1.77855966066e-10, 1.17803933275e-10, 9.83906359164e-11, 7.63920385283e-11, 6.64894736491e-11, 3.80666227706e-11, 3.5304346252e-11]
    },
    "mfcc": {
        "mean": [-602.3828125, 82.9683227539, 11.8443593979, 13.8776330948, 4.87307548523, 12.5890731812, 5.34019422531, 7.32486486435, 2.22733831406, 3.694034338, 1.53342413902, 1.50200796127, -0.184714213014],
        "cov": [[14229.1865234, -3023.27636719, -124.541061401, 507.856964111, 180.533065796, 175.686447144, 70.1636276245, 127.896224976, 10.8808794022, 60.6407394409, 25.6933441162, -26.0603866577, -2.24559664726], [-3023.27636719, 2863.06616211, 72.9068603516, -285.810302734, -148.015136719, -102.047485352, -104.282562256, -89.5788269043, -21.6614532471, -33.0054626465, -13.9997310638, 21.0043087006, -5.9355635643], [-124.541061401, 72.9068603516, 493.490234375, 47.7024803162, 121.175598145, 80.5127716064, 57.9809761047, 19.4511928558, 7.60424232483, -1.11769175529, 1.91339409351, 3.24198532104, -4.4117398262], [507.856964111, -285.810302734, 47.7024803162, 251.151184082, 85.9511947632, 52.9893226624, 32.7654418945, 30.1115779877, 11.4170417786, 10.1930780411, 2.22603964806, 0.355472236872, 1.26160287857], [180.533065796, -148.015136719, 121.175598145, 85.9511947632, 187.31854248, 92.0619277954, 62.8404579163, 36.7340011597, 19.9125156403, 11.4453611374, 11.1446247101, 1.26082730293, 3.18035721779], [175.686447144, -102.047485352, 80.5127716064, 52.9893226624, 92.0619277954, 154.84147644, 85.5025787354, 54.2701416016, 29.1284599304, 19.9043464661, 15.7475309372, 9.38959598541, 16.2787017822], [70.1636276245, -104.282562256, 57.9809761047, 32.7654418945, 62.8404579163, 85.5025787354, 127.864547729, 79.6772079468, 44.0134391785, 28.4283847809, 23.3191127777, 20.6525421143, 17.4348907471], [127.896224976, -89.5788269043, 19.4511928558, 30.1115779877, 36.7340011597, 54.2701416016, 79.6772079468, 119.503898621, 67.1333389282, 43.4628677368, 34.7502059937, 27.5345001221, 24.3702869415], [10.8808794022, -21.6614532471, 7.60424232483, 11.4170417786, 19.9125156403, 29.1284599304, 44.0134391785, 67.1333389282, 100.069320679, 63.8435821533, 41.3153800964, 33.4354629517, 21.7307682037], [60.6407394409, -33.0054626465, -1.11769175529, 10.1930780411, 11.4453611374, 19.9043464661, 28.4283847809, 43.4628677368, 63.8435821533, 92.4471817017, 59.907333374, 36.933052063, 27.3688659668], [25.6933441162, -13.9997310638, 1.91339409351, 2.22603964806, 11.1446247101, 15.7475309372, 23.3191127777, 34.7502059937, 41.3153800964, 59.907333374, 85.10912323, 49.4801139832, 32.2501564026], [-26.0603866577, 21.0043087006, 3.24198532104, 0.355472236872, 1.26082730293, 9.38959598541, 20.6525421143, 27.5345001221, 33.4354629517, 36.933052063, 49.4801139832, 73.4009780884, 45.5220184326], [-2.24559664726, -5.9355635643, -4.4117398262, 1.26160287857, 3.18035721779, 16.2787017822, 17.4348907471, 24.3702869415, 21.7307682037, 27.3688659668, 32.2501564026, 45.5220184326, 71.292175293]],
