{
"lowlevel": {
    "average_loudness": 0.920988500118,
    "barkbands_crest": {
        "dmean": 2.76296544075,
        "dmean2": 4.55406141281,
        "dvar": 6.4619717598,
        "dvar2": 16.9249916077,
        "max": 26.6259250641,
        "mean": 8.34235477448,
        "median": 7.24079656601,
        "min": 1.8308686018,
        "var": 19.8028812408
    },
    "barkbands_flatness_db": {
        "dmean": 0.0168586540967,
        "dmean2": 0.0264166109264,
        "dvar": 0.000367430271581,
        "dvar2": 0.00076317921048,
        "max": 0.599741637707,
        "mean": 0.0759190768003,
        "median": 0.0559994876385,
        "min": 0.00759837077931,
        "var": 0.00346320937388
    },
    "barkbands_kurtosis": {
        "dmean": 1.64701592922,
        "dmean2": 2.51514792442,
        "dvar": 53.8446044922,
        "dvar2": 120.208496094,
        "max": 736.991943359,
        "mean": 1.67299199104,
        "median": -0.654035210609,
        "min": -1.87537956238,
        "var": 423.753540039
    },
    "barkbands_skewness": {
        "dmean": 0.446738898754,
        "dmean2": 0.695211470127,
        "dvar": 0.298297375441,
        "dvar2": 0.611363351345,
        "max": 24.689912796,
        "mean": 0.803780376911,
        "median": 0.616424500942,
        "min": -2.95327472687,
        "var": 1.80043447018
    },
    "barkbands_spread": {
        "dmean": 7.15471792221,
        "dmean2": 11.2778110504,
        "dvar": 52.761932373,
        "dvar2": 116.383468628,
        "max": 104.017402649,
        "mean": 42.2250862122,
        "median": 43.9639472961,
        "min": 0.155604153872,
        "var": 358.778747559
    },
    "dissonance": {
        "dmean": 0.0108069274575,
        "dmean2": 0.0186821594834,
        "dvar": 0.000123510355479,
        "dvar2": 0.000349851936335,
        "max": 0.500000119209,
        "mean": 0.483133971691,
        "median": 0.487539947033,
        "min": 0.33296200633,
        "var": 0.000247412390308
    },
    "dynamic_complexity": 2.33760070801,
    "erbbands_crest": {
        "dmean": 1.94035577774,
        "dmean2": 3.22572803497,
        "dvar": 4.05695581436,
        "dvar2": 10.2673225403,
        "max": 33.8188972473,
        "mean": 6.58692312241,
        "median": 5.28379249573,
        "min": 2.17175221443,
        "var": 15.6253423691
    },
    "erbbands_flatness_db": {
        "dmean": 0.0113936495036,
        "dmean2": 0.0179153028876,
        "dvar": 0.000114437934826,
        "dvar2": 0.000258883141214,
        "max": 0.451452940702,
        "mean": 0.119153134525,
        "median": 0.10066151619,
        "min": 0.0500547140837,
        "var": 0.00255664996803
    },
    "erbbands_kurtosis": {
        "dmean": 0.564895868301,
        "dmean2": 0.920784235001,
        "dvar": 0.557751655579,
        "dvar2": 1.33213353157,
        "max": 35.1277008057,
        "mean": -0.0692159160972,
        "median": -0.412234425545,
        "min": -1.86860561371,
        "var": 1.77653264999
    },
    "erbbands_skewness": {
        "dmean": 0.277386128902,
        "dmean2": 0.447343856096,
        "dvar": 0.0685196891427,
        "dvar2": 0.166070267558,
        "max": 3.83492732048,
        "mean": -0.0652910470963,
        "median": -0.110091164708,
        "min": -3.13410973549,
        "var": 0.305150717497
    },
    "erbbands_spread": {
        "dmean": 7.75682115555,
        "dmean2": 12.3091163635,
        "dvar": 67.5624237061,
        "dvar2": 152.72454834,
        "max": 142.91645813,
        "mean": 43.444770813,
        "median": 43.562210083,
        "min": 1.20842313766,
        "var": 281.077880859
    },
    "hfc": {
        "dmean": 11.594918251,
        "dmean2": 19.1922035217,
        "dvar": 184.676208496,
        "dvar2": 484.144714355,
        "max": 180.22958374,
        "mean": 47.4982643127,
        "median": 46.1549453735,
        "min": 1.05081511155e-16,
        "var": 1030.00305176
    },
    "melbands_crest": {
        "dmean": 3.96056985855,
        "dmean2": 6.52841615677,
        "dvar": 12.9009532928,
        "dvar2": 33.2386245728,
        "max": 38.7936477661,
        "mean": 13.6541175842,
        "median": 12.6956291199,
        "min": 1.50842368603,
        "var": 39.0483016968
    },
    "melbands_flatness_db": {
        "dmean": 0.0245906710625,
        "dmean2": 0.0386503599584,
        "dvar": 0.000674988841638,
        "dvar2": 0.00148926151451,
        "max": 0.738399207592,
        "mean": 0.125902548432,
        "median": 0.108168885112,
        "min": 0.00241330219433,
        "var": 0.00524833705276
    },
    "melbands_kurtosis": {
        "dmean": 5.59222555161,
        "dmean2": 8.61855220795,
        "dvar": 397.296447754,
        "dvar2": 879.84967041,
        "max": 1080.47973633,
        "mean": 8.85570526123,
        "median": 3.58286333084,
        "min": -1.80624699593,
        "var": 801.999816895
    },
    "melbands_skewness": {
        "dmean": 0.681357264519,
        "dmean2": 1.06272161007,
        "dvar": 0.813011825085,
        "dvar2": 1.6806460619,
        "max": 26.8997783661,
        "mean": 2.14364647865,
        "median": 1.85012817383,
        "min": -2.71607637405,
        "var": 2.85796761513
    },
    "melbands_spread": {
        "dmean": 11.4979953766,
        "dmean2": 18.8288059235,
        "dvar": 133.595397949,
        "dvar2": 336.871154785,
        "max": 179.356445312,
        "mean": 45.3805580139,
        "median": 43.9609832764,
        "min": 0.247370004654,
        "var": 552.62322998
    },
    "pitch_salience": {
        "dmean": 0.0794102102518,
        "dmean2": 0.128816753626,
        "dvar": 0.00565704097971,
        "dvar2": 0.0138510102406,
        "max": 0.978389263153,
        "mean": 0.591645419598,
        "median": 0.615213274956,
        "min": 0.0184630844742,
        "var": 0.0175724346191
    },
    "silence_rate_20dB": {
        "dmean": 0,
        "dmean2": 0,
        "dvar": 0,
        "dvar2": 0,
        "max": 1,
        "mean": 1,
        "median": 1,
        "min": 1,
        "var": 0
    },
    "silence_rate_30dB": {
        "dmean": 0,
        "dmean2": 0,
        "dvar": 0,
        "dvar2": 0,
        "max": 1,
        "mean": 1,
        "median": 1,
        "min": 1,
        "var": 0
    },
    "silence_rate_60dB": {
        "dmean": 0.00844409689307,
        "dmean2": 0.0168890748173,
        "dvar": 0.00837743747979,
        "dvar2": 0.0204513706267,
        "max": 1,
        "mean": 0.0428437404335,
        "median": 0,
        "min": 0,
        "var": 0.0410035476089
    },
    "spectral_centroid": {
        "dmean": 286.708374023,
        "dmean2": 461.899597168,
        "dvar": 87733.9296875,
        "dvar2": 198283.96875,
        "max": 11810.2314453,
        "mean": 2227.6809082,
        "median": 2262.4609375,
        "min": 126.487495422,
        "var": 1088613.25
    },
    "spectral_complexity": {
        "dmean": 5.32134485245,
        "dmean2": 8.60936164856,
        "dvar": 30.1961097717,
        "dvar2": 69.8039093018,
        "max": 65,
        "mean": 34.0686454773,
        "median": 38,
        "min": 0,
        "var": 227.181930542
    },
    "spectral_decrease": {
        "dmean": 1.59363289232e-09,
        "dmean2": 2.56284482525e-09,
        "dvar": 2.81387426326e-18,
        "dvar2": 7.01161300592e-18,
        "max": 2.32173478875e-28,
        "mean": -6.32783514476e-09,
        "median": -6.34946850653e-09,
        "min": -2.659809617e-08,
        "var": 1.09430758987e-17
    },
    "spectral_energy": {
        "dmean": 0.00650784140453,
        "dmean2": 0.0105482330546,
        "dvar": 4.46214507974e-05,
        "dvar2": 0.000113435533422,
        "max": 0.101774483919,
        "mean": 0.0281908940524,
        "median": 0.0290795378387,
        "min": 9.88484386293e-21,
        "var": 0.000201681817998
    },
    "spectral_energyband_high": {
        "dmean": 0.00112499389797,
        "dmean2": 0.00183941947762,
        "dvar": 2.00936779038e-06,
        "dvar2": 5.21388847119e-06,
        "max": 0.0226749591529,
        "mean": 0.00396522786468,
        "median": 0.00363529194146,
        "min": 6.92693969649e-21,
        "var": 1.03582278825e-05
    },
    "spectral_energyband_low": {
        "dmean": 0.00471786642447,
        "dmean2": 0.00742708425969,
        "dvar": 4.3438620196e-05,
        "dvar2": 0.000104971062683,
        "max": 0.097770512104,
        "mean": 0.0089173540473,
        "median": 0.0060351700522,
        "min": 2.01721089355e-23,
        "var": 9.7196920251e-05
    },
    "spectral_energyband_middle_high": {
        "dmean": 0.00255426997319,
        "dmean2": 0.00427830265835,
        "dvar": 8.66454138304e-06,
        "dvar2": 2.36585037783e-05,
        "max": 0.047848045826,
        "mean": 0.00795928388834,
        "median": 0.00714641809464,
        "min": 1.10141865254e-21,
        "var": 2.94429955829e-05
    },
    "spectral_energyband_middle_low": {
        "dmean": 0.00360077945516,
        "dmean2": 0.00602813577279,
        "dvar": 2.40494391619e-05,
        "dvar2": 6.11594077782e-05,
        "max": 0.0581461749971,
        "mean": 0.00823022797704,
        "median": 0.00677281012759,
        "min": 1.28582573124e-22,
        "var": 4.27736376878e-05
    },
    "spectral_entropy": {
        "dmean": 0.0873514711857,
        "dmean2": 0.138101935387,
        "dvar": 0.00943169556558,
        "dvar2": 0.0204587820917,
        "max": 9.82313251495,
        "mean": 8.10525894165,
        "median": 8.25051498413,
        "min": 5.58216381073,
        "var": 0.198723018169
    },
    "spectral_flux": {
        "dmean": 0.0179957002401,
        "dmean2": 0.0290382932872,
        "dvar": 0.000369303044863,
        "dvar2": 0.000845631002448,
        "max": 0.275981873274,
        "mean": 0.101075589657,
        "median": 0.105542622507,
        "min": 6.36150715438e-11,
        "var": 0.00172178226057
    },
    "spectral_kurtosis": {
        "dmean": 0.9080966115,
        "dmean2": 1.55644524097,
        "dvar": 4.33050251007,
        "dvar2": 12.7791471481,
        "max": 66.3296890259,
        "mean": 3.24743795395,
        "median": 2.21072912216,
        "min": -1.27797055244,
        "var": 16.3588066101
    },
    "spectral_rms": {
        "dmean": 0.000596521247644,
        "dmean2": 0.000962199817877,
        "dvar": 3.43011066661e-07,
        "dvar2": 8.50972298849e-07,
        "max": 0.00996454618871,
        "mean": 0.00500326277688,
        "median": 0.00532637583092,
        "min": 3.10543886613e-12,
        "var": 2.47062803282e-06
    },
    "spectral_rolloff": {
        "dmean": 865.779174805,
        "dmean2": 1415.15319824,
        "dvar": 916938.625,
        "dvar2": 2193023.25,
        "max": 19724.4140625,
        "mean": 3560.34326172,
        "median": 3445.3125,
        "min": 43.06640625,
        "var": 6033115
    },
    "spectral_skewness": {
        "dmean": 0.134809374809,
        "dmean2": 0.224942117929,
        "dvar": 0.0297334864736,
        "dvar2": 0.0843821391463,
        "max": 5.85479259491,
        "mean": 1.31139624119,
        "median": 1.20654368401,
        "min": -0.092048086226,
        "var": 0.208311617374
    },
    "spectral_spread": {
        "dmean": 435374.71875,
        "dmean2": 708312.3125,
        "dvar": 298937352192,
        "dvar2": 697401278464,
        "max": 42537200,
        "mean": 5894496,
        "median": 5971008,
        "min": 962414.5625,
        "var": 1.1698361598e+13
    },
    "spectral_strongpeak": {
        "dmean": 0.448521345854,
        "dmean2": 0.782585918903,
        "dvar": 0.658305108547,
        "dvar2": 1.75830566883,
        "max": 10.455280304,
        "mean": 0.673574209213,
        "median": 0.345992267132,
        "min": 0,
        "var": 0.837268292904
    },
    "zerocrossingrate": {
        "dmean": 0.0123800998554,
        "dmean2": 0.0154234925285,
        "dvar": 0.000148255581735,
        "dvar2": 0.000202233990422,
        "max": 0.84912109375,
        "mean": 0.116109669209,
        "median": 0.118408203125,
        "min": 0.00244140625,
        "var": 0.00370230595581
    },
    "barkbands": {
        "dmean": [0.000209095946047, 0.0035708672367, 0.0017870060401, 0.00132870709058, 0.00197051349096, 0.000890341179911, 0.000834245467559, 0.000616046541836, 0.00065919739427, 0.00062432908453, 0.00056281988509, 0.000610604998656, 0.000454056978924, 0.000453152082628, 0.000435187714174, 0.000456485053292, 0.000331598334014, 0.000322178879287, 0.000371350703062, 0.000328918977175, 0.000325400702422, 0.000293009186862, 0.000246252137003, 0.000222141898121, 0.000171912324731, 7.8296623542e-05, 3.25630135194e-05],
        "dmean2": [0.000299000006635, 0.00555049302056, 0.00295109138824, 0.00234788749367, 0.00345430057496, 0.0015724102268, 0.00143048644532, 0.00104308791924, 0.00109954853542, 0.00103738438338, 0.000933219213039, 0.00102534447797, 0.00076077011181, 0.000764898140915, 0.000739365757909, 0.000780052621849, 0.000569241121411, 0.000546915689483, 0.000646714936011, 0.000556681887247, 0.000554082274903, 0.000497877947055, 0.00041175170918, 0.000359338650014, 0.000281769840512, 0.000126464277855, 5.19537534274e-05],
        "dvar": [1.9340600943e-07, 2.97836413665e-05, 1.58028960868e-05, 7.5437187661e-06, 1.31006472657e-05, 2.00959470931e-06, 1.55181589889e-06, 9.80732238531e-07, 9.87329485724e-07, 1.03466459223e-06, 8.41387929995e-07, 1.40262545756e-06, 5.61862691484e-07, 5.65197581182e-07, 4.26994688496e-07, 5.53661777758e-07, 2.33767408986e-07, 2.31037944332e-07, 2.63773756615e-07, 1.74453774093e-07, 1.64441075867e-07, 1.62421997629e-07, 1.23096569382e-07, 8.41722069822e-08, 6.56724239434e-08, 1.35706796911e-08, 2.2872375105e-09],
        "dvar2": [3.59705381925e-07, 7.01536628185e-05, 4.11636610806e-05, 2.09952795558e-05, 3.64586376236e-05, 5.75112062506e-06, 4.16610828324e-06, 2.56435987467e-06, 2.49149547926e-06, 2.48113633461e-06, 2.07601465263e-06, 3.95102233597e-06, 1.41556802191e-06, 1.48828337387e-06, 1.15460818506e-06, 1.4693924868e-06, 6.43313285309e-07, 6.25344739547e-07, 7.67949700275e-07, 4.81915435557e-07, 4.62458842776e-07, 4.56832594864e-07, 3.22346153325e-07, 2.11437438224e-07, 1.67130849604e-07, 3.40948602684e-08, 5.53860557417e-09],
        "max": [0.0105746593326, 0.0918411910534, 0.050667334348, 0.0258193835616, 0.0480385422707, 0.0402662493289, 0.0228310432285, 0.0247982777655, 0.0207121577114, 0.0298291165382, 0.0286354012787, 0.0263038966805, 0.0327466875315, 0.0225671697408, 0.0157877095044, 0.0131659088656, 0.0115482443944, 0.0142921488732, 0.010989241302, 0.00697317579761, 0.00781069463119, 0.0102246180177, 0.0113845868036, 0.00511238304898, 0.00496365269646, 0.00295271980576, 0.000658200646285],
        "mean": [0.000362801249139, 0.00600848672912, 0.00187407853082, 0.00116374576464, 0.00246079894714, 0.0011477045482, 0.00119248521514, 0.000879954895936, 0.00101285404526, 0.00103132682852, 0.000880377891008, 0.00100147735793, 0.000743028533179, 0.0007714581443, 0.000702271994669, 0.000696837261785, 0.000585295900237, 0.000629746180493, 0.00072997942334, 0.000715025118552, 0.000815311912447, 0.00069830333814, 0.00065260817064, 0.000641097838525, 0.000490491336677, 0.00023886958661, 6.45312102279e-05],
        "median": [8.10857818578e-05, 0.00277474150062, 0.000663834449369, 0.000302501255646, 0.00102252257057, 0.000717666232958, 0.000650824978948, 0.000483913783683, 0.00058232259471, 0.00056477158796, 0.000500261608977, 0.000523191876709, 0.000481158494949, 0.000477253284771, 0.000483310810523, 0.000429834559327, 0.000425698468462, 0.000468431971967, 0.000589946343098, 0.000592817901634, 0.000704052450601, 0.00059873808641, 0.000554634258151, 0.000527410651557, 0.000384989893064, 0.000196898181457, 3.30941184075e-05],
        "min": [3.61002028018e-25, 1.53417027898e-24, 5.70191620522e-25, 9.78967705909e-25, 4.05804012484e-24, 5.3492760535e-24, 8.68407035663e-24, 5.28621372387e-24, 1.08967423654e-23, 1.37754456921e-23, 8.13302419306e-24, 2.7696811719e-23, 2.17616226388e-23, 2.90260707433e-23, 4.99086609422e-23, 4.8502077772e-23, 5.73296963587e-23, 1.01427368059e-22, 1.26523128669e-22, 2.10089941149e-22, 2.17220536913e-22, 2.92410113586e-22, 3.70219667719e-22, 4.98154680703e-22, 8.86216488832e-22, 1.17257718786e-21, 1.88769320471e-21],
        "var": [6.71980274092e-07, 6.38175115455e-05, 1.36782018672e-05, 5.93117511016e-06, 1.43982852023e-05, 2.02527212423e-06, 2.54727297033e-06, 1.5097987216e-06, 1.91232061297e-06, 2.25948815569e-06, 1.62146420735e-06, 2.49911431638e-06, 9.84865664577e-07, 1.00907811884e-06, 6.49996025004e-07, 8.08501056326e-07, 4.09498056797e-07, 4.74527837468e-07, 5.02314549067e-07, 4.24592855097e-07, 5.06899539232e-07, 4.11294877267e-07, 3.62792945907e-07, 3.53964452415e-07, 2.36758140204e-07, 5.59757999952e-08, 6.79922651514e-09]
    },
    "erbbands": {
        "dmean": [0.114771582186, 0.801891982555, 1.9083096981, 3.39979481697, 4.36839866638, 8.3800573349, 7.13407850266, 7.79613447189, 11.3712930679, 12.4446144104, 13.2173786163, 15.2965841293, 18.1349639893, 19.7916259766, 22.0736846924, 23.6633930206, 20.1055812836, 22.4509487152, 20.1909713745, 24.1271095276, 22.3369159698, 17.7042922974, 17.0920791626, 18.7466659546, 18.2081356049, 15.5083312988, 14.0939893723, 12.2667398453, 10.8615179062, 9.12778377533, 6.90882539749, 5.19300937653, 3.67788028717, 2.36564087868, 1.11757540703, 0.429106920958, 0.137650161982, 0.0427989736199, 0.00541437603533, 7.63307471061e-05],
        "dmean2": [0.173715218902, 1.24969756603, 3.07008218765, 5.82606458664, 7.49715518951, 14.8204622269, 12.7353038788, 13.7169122696, 19.7719707489, 21.0510292053, 22.2745037079, 25.5652332306, 29.913974762, 32.7826728821, 36.9368019104, 39.5640983582, 33.7316856384, 37.6935768127, 33.8971138, 40.9649848938, 38.8311347961, 30.3572597504, 28.9714050293, 32.3263435364, 31.804769516, 26.3149089813, 24.0775203705, 20.8952636719, 18.4738998413, 15.440117836, 11.5729265213, 8.50540828705, 5.991355896, 3.90881633759, 1.83687949181, 0.701071679592, 0.22220210731, 0.0669876262546, 0.00870190002024, 0.000121070552268],
        "dvar": [0.0372250936925, 1.6855173111, 18.2582931519, 45.026638031, 61.7880706787, 261.447937012, 153.571411133, 165.943435669, 282.774169922, 361.281951904, 474.886474609, 579.679992676, 930.487976074, 971.106933594, 1515.69555664, 2114.83154297, 1088.1776123, 1543.68933105, 881.501464844, 1786.97143555, 1111.62780762, 666.390380859, 689.587890625, 894.527099609, 604.8125, 403.241638184, 340.738525391, 242.474151611, 227.031616211, 160.791870117, 103.213768005, 47.0809440613, 24.3611831665, 12.732216835, 3.12073636055, 0.468366295099, 0.0372355803847, 0.00372680113651, 6.63177270326e-05, 1.17486322893e-08],
        "dvar2": [0.0878152698278, 3.75623774529, 46.7451438904, 119.338798523, 164.490264893, 741.135986328, 440.613800049, 472.217315674, 809.04107666, 942.876342773, 1222.50585938, 1468.56872559, 2186.33740234, 2267.17651367, 4033.6184082, 5985.97509766, 2722.15844727, 4102.15234375, 2339.47753906, 4655.58789062, 3160.26782227, 1792.49475098, 1837.97619629, 2621.50976562, 1749.36901855, 1118.19104004, 960.001464844, 679.682189941, 641.206481934, 434.542572021, 270.077758789, 119.897377014, 62.7830886841, 33.3129272461, 8.28121948242, 1.21034908295, 0.0934648290277, 0.00850227102637, 0.000162921220181, 2.8157055354e-08],
        "max": [3.18405199051, 24.1629009247, 55.9276275635, 70.8123931885, 146.964233398, 262.936981201, 291.49307251, 449.448822021, 269.997802734, 408.733886719, 631.243286133, 474.571411133, 989.793762207, 1317.66564941, 1367.98364258, 1087.203125, 1429.68737793, 1209.47192383, 781.488037109, 905.744262695, 573.073364258, 705.770690918, 951.47454834, 820.215515137, 546.802185059, 311.284912109, 377.201568604, 268.528289795, 393.766265869, 302.320617676, 355.580474854, 119.138404846, 111.986274719, 66.5559997559, 39.8510513306, 17.1751995087, 4.04370307922, 0.914448559284, 0.131689056754, 0.00168800167739],
        "mean": [0.191871374846, 1.24645340443, 2.3231754303, 3.37734985352, 5.30439329147, 9.57443141937, 8.07716464996, 10.0260400772, 15.8623838425, 18.2908172607, 19.9369926453, 23.8755321503, 30.6245365143, 34.2383918762, 36.264793396, 40.795211792, 35.3999214172, 40.023235321, 36.7499084473, 39.0641822815, 36.6049995422, 32.9103164673, 33.8834991455, 37.1606826782, 36.6218833923, 34.0591011047, 33.5131072998, 30.0118770599, 25.2512531281, 22.5589389801, 17.7418079376, 14.0106716156, 10.2288169861, 6.29379844666, 3.0701174736, 1.20727694035, 0.404445886612, 0.110598526895, 0.0104824714363, 0.000203312883968],
        "median": [0.0721800178289, 0.547509670258, 1.01403403282, 1.13462924957, 2.05602312088, 3.47572565079, 4.22013092041, 6.11180305481, 8.97153186798, 10.3214874268, 11.6202583313, 13.7713756561, 17.3999977112, 21.0078334808, 21.5884933472, 22.8164215088, 24.1649894714, 26.3429374695, 26.5180568695, 25.242767334, 25.1552314758, 24.5413131714, 25.8184986115, 29.0747909546, 29.8460159302, 28.2489280701, 28.6589279175, 25.889503479, 21.4387626648, 19.4326057434, 14.9411945343, 11.5319271088, 8.3388710022, 4.82910776138, 2.40863132477, 0.983877778053, 0.329318910837, 0.0770520195365, 0.00508365500718, 0.000141033495311],
        "min": [6.27906333067e-23, 3.32233831565e-22, 1.73353509209e-21, 5.28515420163e-21, 9.68183726162e-21, 1.7170366355e-20, 3.06220194816e-20, 5.86525338028e-20, 1.41237031239e-19, 2.31216471652e-19, 2.26779552394e-19, 2.53364413499e-19, 3.19055220338e-19, 6.22303742954e-19, 9.93296780925e-19, 1.25455154104e-18, 1.46018347144e-18, 1.40582643486e-18, 2.30027720054e-18, 2.90105868623e-18, 3.80086100028e-18, 3.91628661013e-18, 5.4045772652e-18, 5.46135825117e-18, 7.28029036786e-18, 8.99680511701e-18, 8.41216378623e-18, 8.6693971044e-18, 1.06241390428e-17, 9.71071906111e-18, 1.02186542793e-17, 1.04960989286e-17, 8.8811429335e-18, 9.06477372077e-18, 5.53193247385e-18, 3.96282006908e-18, 2.16706059007e-18, 1.03524373017e-18, 2.58350813327e-19, 2.64829676395e-20],
        "var": [0.0824562311172, 3.28329467773, 17.7347393036, 40.0330696106, 68.792640686, 270.396240234, 141.068450928, 166.200256348, 422.851257324, 583.587646484, 752.480895996, 1065.55505371, 2054.39306641, 2235.88208008, 2551.72290039, 3853.57446289, 1982.37817383, 2594.7175293, 1494.78503418, 2603.84960938, 1591.96960449, 1243.94177246, 1339.16760254, 1566.79724121, 1163.38684082, 953.098510742, 902.971313477, 700.517333984, 551.211425781, 429.381744385, 281.432312012, 172.90222168, 91.9837417603, 39.9617881775, 9.95637130737, 1.52693212032, 0.160195067525, 0.0151963634416, 0.000187416488188, 4.34598277366e-08]
    },
    "gfcc": {
        "mean": [42.7731895447, 42.6296195984, -112.587013245, 28.6669387817, -56.3734703064, 19.8991699219, -32.6964797974, 11.8870620728, -22.5491161346, 8.42598819733, -14.7930183411, 4.44656944275, -11.309015274],
        "cov": [[24624.2753906, -2052.42382812, 89.19921875, 1281.55126953, -1099.17431641, 607.207763672, -442.049835205, 245.336853027, -703.491455078, 230.740859985, -472.49798584, 302.11315918, -408.913085938], [-2052.42382812, 1861.76574707, -476.251922607, -217.447692871, 78.3453903198, -133.291793823, 35.6988372803, -120.83429718, 132.75730896, -57.9747276306, 137.638305664, -114.859848022, 98.9268951416], [89.19921875, -476.251922607, 789.767883301, 257.089141846, 157.494537354, 130.637939453, 81.5817565918, 47.7977714539, -5.99587583542, 25.5476856232, -44.4889030457, 43.6567192078, -40.2527008057], [1281.55126953, -217.447692871, 257.089141846, 382.916381836, 49.8521232605, 132.673355103, 20.7900981903, 47.5137290955, -23.3141365051, 31.9210643768, -25.8012447357, 28.9580039978, -34.3915863037], [-1099.17431641, 78.3453903198, 157.494537354, 49.8521232605, 258.367889404, 77.1024246216, 84.4146957397, 21.215801239, 63.0714683533, 3.06968283653, 36.5125007629, 0.446027159691, 21.0104484558], [607.207763672, -133.291793823, 130.637939453, 132.673355103, 77.1024246216, 191.519790649, 85.8179092407, 66.6054229736, 8.09829902649, 31.6061897278, 5.35643148422, 29.9188556671, -10.948797226], [-442.049835205, 35.6988372803, 81.5817565918, 20.7900981903, 84.4146957397, 85.8179092407, 151.251480103, 71.5064620972, 60.5000991821, 22.1691551208, 39.4813613892, 21.2671279907, 13.8420381546], [245.336853027, -120.83429718, 47.7977714539, 47.5137290955, 21.215801239, 66.6054229736, 71.5064620972, 138.949386597, 62.8903045654, 54.4655990601, 12.8970823288, 27.8662261963, 2.40960741043], [-703.491455078, 132.75730896, -5.99587583542, -23.3141365051, 63.0714683533, 8.09829902649, 60.5000991821, 62.8903045654, 144.65246582, 59.4620857239, 50.6944160461, 2.27014756203, 25.2802295685], [230.740859985, -57.9747276306, 25.5476856232, 31.9210643768, 3.06968283653, 31.6061897278, 22.1691551208, 54.4655990601, 59.4620857239, 101.047058105, 43.728679657, 25.7873287201, 0.958458781242], [-472.49798584, 137.638305664, -44.4889030457, -25.8012447357, 36.5125007629, 5.35643148422, 39.4813613892, 12.8970823288, 50.6944160461, 43.728679657, 102.704368591, 29.5221786499, 23.7413959503], [302.11315918, -114.859848022, 43.6567192078, 28.9580039978, 0.446027159691, 29.9188556671, 21.2671279907, 27.8662261963, 2.27014756203, 25.7873287201, 29.5221786499, 81.3774261475, 24.1324291229], [-408.913085938, 98.9268951416, -40.2527008057, -34.3915863037, 21.0104484558, -10.948797226, 13.8420381546, 2.40960741043, 25.2802295685, 0.958458781242, 23.7413959503, 24.1324291229, 72.9412918091]],
        "icov": [[0.000111618086521, -5.35064173164e-05, 8.49752832437e-05, -0.000228328630328, 0.000357029901352, -0.000360805366654, 0.000250996963587, -0.000163295073435, 0.000334039097652, -0.00036110644578, 0.000428817584179, -0.000487136072479, 0.000348872563336], [-5.35064173164e-05, 0.00107169756666, 0.000397342519136, -0.000162416137755, -0.00017029135779, 0.00031528424006, -0.000637710560113, 0.00101901579183, -0.0010666513117, 0.00102072989102, -0.00156568863895, 0.00188422785141, -0.00118453707546], [8.49752832437e-05, 0.000397342519136, 0.00242211157456, -0.00127998471726, -0.00111963658128, 0.000329431495629, -0.00124008348212, 0.000840497785248, 0.000166322628502, -0.000972693436779, 0.00181171286386, -0.00134549173526, 0.00106073566712], [-0.000228328630328, -0.000162416137755, -0.00127998471726, 0.00494493357837, -0.000894235970918, -0.00191452133004, 0.00122712249868, -0.000569600611925, 0.000100659628515, -0.000150531006511, -0.000232233098359, 0.000166011843248, 0.000309318536893], [0.000357029901352, -0.00017029135779, -0.00111963658128, -0.000894235970918, 0.00807904358953, -0.00364544079639, -7.01598255546e-05, 0.000677850912325, -0.00202960125171, 0.00182353204582, -0.00135659461375, 0.000637565739453, -0.000780343601946], [-0.000360805366654, 0.00031528424006, 0.000329431495629, -0.00191452133004, -0.00364544079639, 0.0126072550192, -0.00642798747867, -0.00109171832446, 0.0023076061625, -0.00187793723308, 0.000446668360382, 7.1695081715e-05, 8.29578057164e-05], [0.000250996963587, -0.000637710560113, -0.00124008348212, 0.00122712249868, -7.01598255546e-05, -0.00642798747867, 0.0158900078386, -0.0060442276299, -0.00214594695717, 0.00394523376599, -0.00358907436021, -0.0014300349867, 0.000739042065106], [-0.000163295073435, 0.00101901579183, 0.000840497785248, -0.000569600611925, 0.000677850912325, -0.00109171832446, -0.0060442276299, 0.015895659104, -0.0060403412208, -0.00343200960197, 0.00317523023114, -0.00149430963211, -0.000239973393036], [0.000334039097652, -0.0010666513117, 0.000166322628502, 0.000100659628515, -0.00202960125171, 0.0023076061625, -0.00214594695717, -0.0060403412208, 0.017894744873, -0.00952047202736, 0.000356225995347, 0.00184564385563, -0.00180717580952], [-0.00036110644578, 0.00102072989102, -0.000972693436779, -0.000150531006511, 0.00182353204582, -0.00187793723308, 0.00394523376599, -0.00343200960197, -0.00952047202736, 0.0231342986226, -0.0106691215187, 0.00076198251918, 0.000757236150093], [0.000428817584179, -0.00156568863895, 0.00181171286386, -0.000232233098359, -0.00135659461375, 0.000446668360382, -0.00358907436021, 0.00317523023114, 0.000356225995347, -0.0106691215187, 0.0228119622916, -0.0106647722423, 0.00257191737182], [-0.000487136072479, 0.00188422785141, -0.00134549173526, 0.000166011843248, 0.000637565739453, 7.1695081715e-05, -0.0014300349867, -0.00149430963211, 0.00184564385563, 0.00076198251918, -0.0106647722423, 0.0252080447972, -0.0113212428987], [0.000348872563336, -0.00118453707546, 0.00106073566712, 0.000309318536893, -0.000780343601946, 8.29578057164e-05, 0.000739042065106, -0.000239973393036, -0.00180717580952, 0.000757236150093, 0.00257191737182, -0.0113212428987, 0.0216329712421]]
    },
    "melbands": {
        "dmean": [0.000987999606878, 0.00094728852855, 0.00055593054276, 0.000457615678897, 0.000269728712738, 0.000173917287611, 0.000172631305759, 0.000134785906994, 0.000110998691525, 9.69860629993e-05, 9.23843545024e-05, 8.18259431981e-05, 7.28487284505e-05, 7.38201852073e-05, 5.17068401678e-05, 4.7023393563e-05, 4.52011845482e-05, 3.41761842719e-05, 3.46492015524e-05, 3.3092819649e-05, 2.72789311566e-05, 2.00828344532e-05, 1.75636723725e-05, 1.59052488016e-05, 1.66128047567e-05, 1.45777539728e-05, 1.34745732794e-05, 1.07461082735e-05, 9.73146234173e-06, 9.72455654846e-06, 7.17116017768e-06, 6.70644385536e-06, 6.08748814557e-06, 5.41190775039e-06, 4.59618058812e-06, 3.63617414223e-06, 3.37563460562e-06, 2.96426128443e-06, 2.47398429565e-06, 2.12427107726e-06],
        "dmean2": [0.0015197416069, 0.00148720038123, 0.00093003292568, 0.000796686275862, 0.000482139847009, 0.00030622803024, 0.000298349797959, 0.000227982105571, 0.000186515957466, 0.000161629272043, 0.000152627355419, 0.000135683148983, 0.000121871562442, 0.000123513105791, 8.65184047143e-05, 7.9008321336e-05, 7.62385025155e-05, 5.74568693992e-05, 5.87674658163e-05, 5.61697706871e-05, 4.76575223729e-05, 3.45398839272e-05, 2.97361457342e-05, 2.7079731808e-05, 2.87460734398e-05, 2.55629292951e-05, 2.32300408243e-05, 1.82771946129e-05, 1.66307090694e-05, 1.67426605913e-05, 1.22293586173e-05, 1.14349759315e-05, 1.04261298475e-05, 9.14261636353e-06, 7.75452008384e-06, 6.04523620495e-06, 5.53828385819e-06, 4.91507717015e-06, 4.10393795391e-06, 3.54797248292e-06],
        "dvar": [2.3144093575e-06, 3.2706238926e-06, 1.11813312742e-06, 7.27558301605e-07, 2.26296208439e-07, 7.75807933451e-08, 6.34398418242e-08, 4.11327789607e-08, 3.24496554072e-08, 2.28822525372e-08, 2.43791493659e-08, 1.64792890445e-08, 1.42845939521e-08, 2.30564651815e-08, 7.93844900926e-09, 6.94035184878e-09, 6.42835740194e-09, 2.5039759155e-09, 3.10475334331e-09, 3.51500517581e-09, 1.74152192667e-09, 9.19925358112e-10, 7.22167492473e-10, 5.9290633514e-10, 7.43047234852e-10, 4.14684314665e-10, 3.20672155496e-10, 2.03313615943e-10, 1.77330955475e-10, 1.5800069586e-10, 9.19677181632e-11, 8.72635505522e-11, 7.3206780915e-11, 5.66287745862e-11, 4.88496326723e-11, 2.41577174931e-11, 1.98696770842e-11, 1.59665648758e-11, 1.42957512148e-11, 1.12487918286e-11],
        "dvar2": [5.60316721021e-06, 7.7990025602e-06, 2.91067613034e-06, 2.00242084247e-06, 6.41471558538e-07, 2.20957957708e-07, 1.77977469207e-07, 1.08242282693e-07, 8.30051689604e-08, 5.74831098277e-08, 5.73996175035e-08, 3.84988929625e-08, 3.73531356956e-08, 6.50893383636e-08, 2.11836077568e-08, 1.70804987931e-08, 1.68971165948e-08, 6.67003297039e-09, 8.30253821249e-09, 9.02514862844e-09, 5.01336083758e-09, 2.50202325525e-09, 1.91103377567e-09, 1.62535784831e-09, 2.18094298177e-09, 1.19467202797e-09, 9.11193731579e-10, 5.64000235403e-10, 5.03003694252e-10, 4.51631676501e-10, 2.58658372498e-10, 2.47129233744e-10, 2.02776281877e-10, 1.52440879364e-10, 1.27815563689e-10, 6.4973200431e-11, 5.12773920547e-11, 4.27694060723e-11, 3.82160587897e-11, 3.05093762754e-11],
        "max": [0.0229913946241, 0.0227173268795, 0.0104204593226, 0.0112056555226, 0.00966189242899, 0.00932508707047, 0.00453268550336, 0.00389149738476, 0.00511473789811, 0.00307317171246, 0.00492284307256, 0.0051905233413, 0.00347307627089, 0.00388699537143, 0.00261395075358, 0.0044883354567, 0.0027081517037, 0.00119493005332, 0.00166974274907, 0.00118363706861, 0.000931986491196, 0.000809387071058, 0.000746017787606, 0.000705075799488, 0.000742082076613, 0.000561702996492, 0.000359043770004, 0.00023261475144, 0.000284437293885, 0.000372343463823, 0.000160639887326, 0.000191577913938, 0.000266090908553, 0.000149720246554, 0.000257414387306, 9.32109396672e-05, 6.92826652084e-05, 9.04693733901e-05, 0.000107626721729, 6.62345482851e-05],
        "mean": [0.00168888410553, 0.00140741048381, 0.00061301299138, 0.000568464281969, 0.000310822419124, 0.000226255331654, 0.00024622521596, 0.000196932902327, 0.00016144294932, 0.000150959109305, 0.000151719897985, 0.000136219896376, 0.000115519185783, 0.000119459837151, 8.68471615831e-05, 7.58189489716e-05, 7.47631347622e-05, 5.80727864872e-05, 5.40571491001e-05, 5.03400915477e-05, 4.1132359911e-05, 3.42006678693e-05, 3.09139541059e-05, 2.99315943266e-05, 3.00405827147e-05, 2.69839238172e-05, 2.55282575381e-05, 2.16261323658e-05, 2.03354611585e-05, 2.09259269468e-05, 1.59460432769e-05, 1.4270630345e-05, 1.31234419314e-05, 1.24525513456e-05, 1.05243834696e-05, 8.8908309408e-06, 8.37191237224e-06, 7.45423312765e-06, 6.0065967773e-06, 5.10674726684e-06],
        "median": [0.000746566569433, 0.00071473303251, 0.000242915906711, 0.000214699073695, 0.000159723102115, 0.000140220916364, 0.000140742049553, 0.000111759982246, 9.08161819098e-05, 8.41988876346e-05, 8.34139282233e-05, 8.02685681265e-05, 6.80704251863e-05, 5.91762145632e-05, 5.09684614372e-05, 4.72731408081e-05, 4.50220686616e-05, 3.96005998482e-05, 3.50896225427e-05, 3.009116881e-05, 2.7309592042e-05, 2.4146927899e-05, 2.17597480514e-05, 2.21105328819e-05, 2.2439427994e-05, 2.12310260395e-05, 2.03777563001e-05, 1.70699240698e-05, 1.66957761394e-05, 1.68694350577e-05, 1.34386791615e-05, 1.17414092529e-05, 1.08671029011e-05, 1.0393334378e-05, 8.51842196425e-06, 7.22983304513e-06, 6.65636343911e-06, 5.95842539042e-06, 4.52581571153e-06, 3.82877760785e-06],
        "min": [8.40979564722e-25, 9.66659207813e-25, 1.19561711226e-24, 9.75010681001e-25, 1.103831371e-24, 1.14341167806e-24, 2.3936832432e-24, 1.95708758356e-24, 1.19361074316e-24, 1.43359406344e-24, 1.46267759008e-24, 1.76692773198e-24, 1.62797718049e-24, 2.86628034519e-24, 2.74154802544e-24, 2.39379210601e-24, 2.46718752741e-24, 3.10143702002e-24, 3.76103162744e-24, 3.4140476084e-24, 3.73723406051e-24, 3.79691099356e-24, 2.87374178606e-24, 4.20645641555e-24, 3.31172446039e-24, 4.5839342473e-24, 4.84946206699e-24, 5.30195149893e-24, 4.00329830561e-24, 4.88674757767e-24, 4.81305455849e-24, 5.30999275257e-24, 5.15625598948e-24, 4.7411565923e-24, 5.0716364579e-24, 5.1325392808e-24, 5.79731709879e-24, 4.95643870548e-24, 6.11848091154e-24, 6.59782908515e-24],
        "var": [5.20111188962e-06, 4.49104891231e-06, 1.08576546154e-06, 8.42289693992e-07, 2.12967961488e-07, 8.00456945171e-08, 9.90710802284e-08, 6.59180443563e-08, 5.041001927e-08, 4.55541133704e-08, 5.30810986277e-08, 3.7466293179e-08, 2.4897740758e-08, 3.98603283713e-08, 1.4570581186e-08, 1.18832206297e-08, 1.06508935005e-08, 4.31597957373e-09, 4.72146810537e-09, 5.1623070263e-09, 2.26976815121e-09, 1.53173607131e-09, 1.30758248673e-09, 1.08385311837e-09, 1.17357701335e-09, 7.1997918738e-10, 5.9827215404e-10, 4.3221889956e-10, 3.82783665875e-10, 3.8874642394e-10, 2.16048276491e-10, 1.89391891059e-10, 1.62176883034e-10, 1.40404673998e-10, 1.1124728222e-10, 7.2404499063e-11, 6.59619581178e-11, 5.089650576e-11, 3.83533899084e-11, 2.85193639538e-11]
    },
    "mfcc": {
        "mean": [-593.149353027, 79.0286178589, 0.429066568613, 14.4634485245, 1.16750955582, 7.85881137848, 3.16575813293, 3.81662082672, 1.18752121925, 3.94139885902, 0.823292791843, 1.24285984039, 1.38537633419],
        "cov": [[10285.1191406, -1181.91113281, 620.783081055, 236.466796875, 63.8299789429, 117.301254272, 119.133865356, 100.70388031, 42.0563163757, -51.0901947021, -23.8648777008, 23.9437351227, -84.8574295044], [-1181.91113281, 1534.49145508, -319.671020508, -64.0038604736, -96.2047729492, -37.3355636597, -93.7081298828, -66.219291687, -58.0044441223, 29.3697280884, -3.09241461754, -22.2778606415, 35.6271400452], [620.783081055, -319.671020508, 462.274597168, 146.620285034, 114.502761841, 96.0587081909, 79.1617507935, 55.3822593689, 48.749080658, 11.558886528, 16.9919052124, 13.9912729263, -16.7627277374], [236.466796875, -64.0038604736, 146.620285034, 195.127502441, 92.6141052246, 61.3374710083, 30.6043872833, 26.6029682159, 20.2609615326, 13.2179746628, 13.3208665848, 11.1370172501, 4.01168394089], [63.8299789429, -96.2047729492, 114.502761841, 92.6141052246, 158.016525269, 85.0173492432, 48.9706268311, 27.8794536591, 29.3806171417, 15.2918586731, 13.1997156143, 12.9123630524, 5.12249898911], [117.301254272, -37.3355636597, 96.0587081909, 61.3374710083, 85.0173492432, 143.843093872, 76.4361343384, 48.559135437, 23.808801651, 16.835483551, 16.309179306, 14.7218885422, 7.66575145721], [119.133865356, -93.7081298828, 79.1617507935, 30.6043872833, 48.9706268311, 76.4361343384, 128.566055298, 70.3307189941, 28.5805416107, 9.42074012756, 17.550201416, 22.8547267914, 9.25830078125], [100.70388031, -66.219291687, 55.3822593689, 26.6029682159, 27.8794536591, 48.559135437, 70.3307189941, 109.436592102, 52.4680404663, 23.9529800415, 17.5453681946, 20.6883983612, 12.8662719727], [42.0563163757, -58.0044441223, 48.749080658, 20.2609615326, 29.3806171417, 23.808801651, 28.5805416107, 52.4680404663, 95.6041717529, 51.2585792542, 23.5078868866, 14.8838739395, 13.0311479568], [-51.0901947021, 29.3697280884, 11.558886528, 13.2179746628, 15.2918586731, 16.835483551, 9.42074012756, 23.9529800415, 51.2585792542, 95.9934997559, 47.9906654358, 21.951335907, 11.0418577194], [-23.8648777008, -3.09241461754, 16.9919052124, 13.3208665848, 13.1997156143, 16.309179306, 17.550201416, 17.5453681946, 23.5078868866, 47.9906654358, 85.5602722168, 47.7330741882, 20.5528392792], [23.9437351227, -22.2778606415, 13.9912729263, 11.1370172501, 12.9123630524, 14.7218885422, 22.8547267914, 20.6883983612, 14.8838739395, 21.951335907, 47.7330741882, 87.6418228149, 48.7873268127], [-84.8574295044, 35.6271400452, -16.7627277374, 4.01168394089, 5.12249898911, 7.66575145721, 9.25830078125, 12.8662719727, 13.0311479568, 11.0418577194, 20.5528392792, 48.7873268127, 81.7166213989]],
