{
"lowlevel": {
    "average_loudness": 0.899384856224,
    "barkbands_crest": {
        "dmean": 2.87818169594,
        "dmean2": 4.53723669052,
        "dvar": 8.10827445984,
        "dvar2": 20.2499790192,
        "max": 26.6370182037,
        "mean": 12.1640491486,
        "median": 11.9030284882,
        "min": 1.98583471775,
        "var": 29.6145935059
    },
    "barkbands_flatness_db": {
        "dmean": 0.0240557789803,
        "dmean2": 0.03767683357,
        "dvar": 0.000791879952885,
        "dvar2": 0.00180694076698,
        "max": 0.4437674582,
        "mean": 0.110356703401,
        "median": 0.0937859266996,
        "min": 0.00923002045602,
        "var": 0.0038869434502
    },
    "barkbands_kurtosis": {
        "dmean": 4.19292449951,
        "dmean2": 6.62471199036,
        "dvar": 199.750228882,
        "dvar2": 460.915771484,
        "max": 1156.52282715,
        "mean": 4.77953195572,
        "median": 1.09751057625,
        "min": -1.90281438828,
        "var": 307.475006104
    },
    "barkbands_skewness": {
        "dmean": 0.693144917488,
        "dmean2": 1.08950996399,
        "dvar": 0.818483114243,
        "dvar2": 1.85880470276,
        "max": 30.323261261,
        "mean": 1.51973974705,
        "median": 1.23462295532,
        "min": -2.53632903099,
        "var": 2.39005947113
    },
    "barkbands_spread": {
        "dmean": 7.66205024719,
        "dmean2": 12.2926998138,
        "dvar": 74.9727859497,
        "dvar2": 179.903015137,
        "max": 122.897766113,
        "mean": 30.4124717712,
        "median": 30.8461990356,
        "min": 0.177275419235,
        "var": 252.27293396
    },
    "dissonance": {
        "dmean": 0.0147822517902,
        "dmean2": 0.0254947841167,
        "dvar": 0.000306870235363,
        "dvar2": 0.000905096123461,
        "max": 0.500000059605,
        "mean": 0.478366404772,
        "median": 0.484319746494,
        "min": 0.263707518578,
        "var": 0.000459875038359
    },
    "dynamic_complexity": 3.32464528084,
    "erbbands_crest": {
        "dmean": 2.68253469467,
        "dmean2": 4.50160074234,
        "dvar": 7.21508026123,
        "dvar2": 18.8827075958,
        "max": 32.469165802,
        "mean": 7.79877185822,
        "median": 6.63541173935,
        "min": 2.22965621948,
        "var": 18.3558158875
    },
    "erbbands_flatness_db": {
        "dmean": 0.0157004352659,
        "dmean2": 0.0240113139153,
        "dvar": 0.00033191460534,
        "dvar2": 0.000720476324204,
        "max": 0.526568353176,
        "mean": 0.129608526826,
        "median": 0.106463819742,
        "min": 0.0368257947266,
        "var": 0.00503858644515
    },
    "erbbands_kurtosis": {
        "dmean": 1.28121840954,
        "dmean2": 2.0942633152,
        "dvar": 22.7202606201,
        "dvar2": 66.6910018921,
        "max": 196.060943604,
        "mean": 1.04520559311,
        "median": 0.0273289680481,
        "min": -1.81855618954,
        "var": 31.050994873
    },
    "erbbands_skewness": {
        "dmean": 0.377186179161,
        "dmean2": 0.612275600433,
        "dvar": 0.2039616853,
        "dvar2": 0.535110414028,
        "max": 11.6025438309,
        "mean": 0.324474751949,
        "median": 0.222646698356,
        "min": -4.26732444763,
        "var": 0.620708525181
    },
    "erbbands_spread": {
        "dmean": 8.69699668884,
        "dmean2": 13.2818622589,
        "dvar": 91.9160690308,
        "dvar2": 198.975570679,
        "max": 143.654541016,
        "mean": 37.9004936218,
        "median": 36.2138175964,
        "min": 0.360219806433,
        "var": 339.203582764
    },
    "hfc": {
        "dmean": 12.0175504684,
        "dmean2": 19.6876182556,
        "dvar": 287.224334717,
        "dvar2": 776.597045898,
        "max": 234.379180908,
        "mean": 37.9972496033,
        "median": 35.9250526428,
        "min": 1.08424154628e-16,
        "var": 737.971008301
    },
    "melbands_crest": {
        "dmean": 3.83787584305,
        "dmean2": 6.17767810822,
        "dvar": 14.8046617508,
        "dvar2": 37.6955909729,
        "max": 38.1671066284,
        "mean": 18.576374054,
        "median": 19.2509384155,
        "min": 1.58372914791,
        "var": 68.0768203735
    },
    "melbands_flatness_db": {
        "dmean": 0.0310667213053,
        "dmean2": 0.049153983593,
        "dvar": 0.00142040778883,
        "dvar2": 0.00340155465528,
        "max": 0.564470171928,
        "mean": 0.171775475144,
        "median": 0.163861840963,
        "min": 0.00328058586456,
        "var": 0.00531741091982
    },
    "melbands_kurtosis": {
        "dmean": 11.4341611862,
        "dmean2": 17.5605163574,
        "dvar": 652.18762207,
        "dvar2": 1326.64160156,
        "max": 762.090576172,
        "mean": 17.5809268951,
        "median": 6.1616692543,
        "min": -1.88907206059,
        "var": 1363.70300293
    },
    "melbands_skewness": {
        "dmean": 0.995643556118,
        "dmean2": 1.5366153717,
        "dvar": 1.53433823586,
        "dvar2": 3.31596660614,
        "max": 21.5913467407,
        "mean": 2.84748339653,
        "median": 2.24633216858,
        "min": -2.63774871826,
        "var": 5.4284119606
    },
    "melbands_spread": {
        "dmean": 9.58514690399,
        "dmean2": 15.7598295212,
        "dvar": 138.179168701,
        "dvar2": 353.942352295,
        "max": 181.340957642,
        "mean": 29.4400062561,
        "median": 25.0122871399,
        "min": 0.308250278234,
        "var": 475.789001465
    },
    "pitch_salience": {
        "dmean": 0.0846066176891,
        "dmean2": 0.134507611394,
        "dvar": 0.00746217230335,
        "dvar2": 0.0184536930174,
        "max": 0.934744179249,
        "mean": 0.491216123104,
        "median": 0.483719497919,
        "min": 0.036250796169,
        "var": 0.028838917613
    },
    "silence_rate_20dB": {
        "dmean": 0,
        "dmean2": 0,
        "dvar": 0,
        "dvar2": 0,
        "max": 1,
        "mean": 1,
        "median": 1,
        "min": 1,
        "var": 0
    },
    "silence_rate_30dB": {
        "dmean": 0.00420922320336,
        "dmean2": 0.00841896701604,
        "dvar": 0.0041918233037,
        "dvar2": 0.0116928946227,
        "max": 1,
        "mean": 0.997400343418,
        "median": 1,
        "min": 0,
        "var": 0.00259347190149
    },
    "silence_rate_60dB": {
        "dmean": 0.0229031257331,
        "dmean2": 0.0458090864122,
        "dvar": 0.0223737377673,
        "dvar2": 0.0521207749844,
        "max": 1,
        "mean": 0.102067343891,
        "median": 0,
        "min": 0,
        "var": 0.0916570425034
    },
    "spectral_centroid": {
        "dmean": 343.732727051,
        "dmean2": 545.193725586,
        "dvar": 162975.390625,
        "dvar2": 377651.84375,
        "max": 12000.2734375,
        "mean": 1931.77954102,
        "median": 1931.88366699,
        "min": 133.69190979,
        "var": 1229291.625
    },
    "spectral_complexity": {
        "dmean": 5.24580621719,
        "dmean2": 8.25900745392,
        "dvar": 33.6654129028,
        "dvar2": 78.020980835,
        "max": 62,
        "mean": 27.6083183289,
        "median": 30,
        "min": 0,
        "var": 216.460327148
    },
    "spectral_decrease": {
        "dmean": 2.55975551866e-09,
        "dmean2": 4.07593381269e-09,
        "dvar": 9.34680674088e-18,
        "dvar2": 2.39785134288e-17,
        "max": 2.17517994593e-28,
        "mean": -1.02178612238e-08,
        "median": -1.09380415836e-08,
        "min": -3.26225517711e-08,
        "var": 5.1082409688e-17
    },
    "spectral_energy": {
        "dmean": 0.00987439323217,
        "dmean2": 0.0156080042943,
        "dvar": 0.000130763481138,
        "dvar2": 0.000334240292432,
        "max": 0.124722510576,
        "mean": 0.0420111939311,
        "median": 0.0459364280105,
        "min": 1.00862550719e-20,
        "var": 0.000801704649348
    },
    "spectral_energyband_high": {
        "dmean": 0.000922021863516,
        "dmean2": 0.00150410679635,
        "dvar": 1.74768445049e-06,
        "dvar2": 4.62166462967e-06,
        "max": 0.0199267994612,
        "mean": 0.00230177864432,
        "median": 0.00201833504252,
        "min": 7.09227888377e-21,
        "var": 4.07364859711e-06
    },
    "spectral_energyband_low": {
        "dmean": 0.00943423714489,
        "dmean2": 0.0155796166509,
        "dvar": 0.000202414332307,
        "dvar2": 0.000559935288038,
        "max": 0.119660280645,
        "mean": 0.0228990521282,
        "median": 0.019163005054,
        "min": 1.41673549453e-23,
        "var": 0.0005566549371
    },
    "spectral_energyband_middle_high": {
        "dmean": 0.00337281567045,
        "dmean2": 0.00560660939664,
        "dvar": 1.96807050088e-05,
        "dvar2": 5.22146110598e-05,
        "max": 0.0535442642868,
        "mean": 0.00876655615866,
        "median": 0.0071200625971,
        "min": 1.15977032767e-21,
        "var": 5.40946057299e-05
    },
    "spectral_energyband_middle_low": {
        "dmean": 0.00596025492996,
        "dmean2": 0.0101932007819,
        "dvar": 0.000136712449603,
        "dvar2": 0.000371902948245,
        "max": 0.0963097065687,
        "mean": 0.00901759136468,
        "median": 0.00582900037989,
        "min": 1.58128430629e-22,
        "var": 0.000128610307002
    },
    "spectral_entropy": {
        "dmean": 0.153182640672,
        "dmean2": 0.239828258753,
        "dvar": 0.0396827943623,
        "dvar2": 0.0916552841663,
        "max": 9.82224559784,
        "mean": 7.99878406525,
        "median": 8.1291847229,
        "min": 4.74207162857,
        "var": 0.2454084903
    },
    "spectral_flux": {
        "dmean": 0.028790878132,
        "dmean2": 0.0428475067019,
        "dvar": 0.00114368542563,
        "dvar2": 0.00183130451478,
        "max": 0.329323321581,
        "mean": 0.1092973575,
        "median": 0.101445823908,
        "min": 6.3127225669e-11,
        "var": 0.00456236721948
    },
    "spectral_kurtosis": {
        "dmean": 1.33355283737,
        "dmean2": 2.20465326309,
        "dvar": 17.7527370453,
        "dvar2": 54.3459892273,
        "max": 111.28490448,
        "mean": 4.58177661896,
        "median": 3.27356147766,
        "min": -1.2756844759,
        "var": 49.4652252197
    },
    "spectral_rms": {
        "dmean": 0.000730299332645,
        "dmean2": 0.00115561613347,
        "dvar": 6.03579280778e-07,
        "dvar2": 1.53750784193e-06,
        "max": 0.0110308881849,
        "mean": 0.00583223579451,
        "median": 0.0066944770515,
        "min": 3.13691694148e-12,
        "var": 6.9713873927e-06
    },
    "spectral_rolloff": {
        "dmean": 679.276245117,
        "dmean2": 1142.18115234,
        "dvar": 1046001.75,
        "dvar2": 2405071,
        "max": 19659.8144531,
        "mean": 2077.98681641,
        "median": 1485.79101562,
        "min": 43.06640625,
        "var": 6380639.5
    },
    "spectral_skewness": {
        "dmean": 0.172318413854,
        "dmean2": 0.27691924572,
        "dvar": 0.093634173274,
        "dvar2": 0.265240341425,
        "max": 7.773645401,
        "mean": 1.592872262,
        "median": 1.48819673061,
        "min": -0.130019202828,
        "var": 0.344100058079
    },
    "spectral_spread": {
        "dmean": 562423.8125,
        "dmean2": 856452.75,
        "dvar": 513058734080,
        "dvar2": 1.0929069097e+12,
        "max": 42751032,
        "mean": 6063765.5,
        "median": 5805374.5,
        "min": 574953.125,
        "var": 1.43085461832e+13
    },
    "spectral_strongpeak": {
        "dmean": 0.365456342697,
        "dmean2": 0.633736729622,
        "dvar": 0.492678105831,
        "dvar2": 1.35448169708,
        "max": 11.772898674,
        "mean": 0.691289484501,
        "median": 0.474459588528,
        "min": 0,
        "var": 0.65707051754
    },
    "zerocrossingrate": {
        "dmean": 0.0134439496323,
        "dmean2": 0.0167166050524,
        "dvar": 0.000193974992726,
        "dvar2": 0.000259660853771,
        "max": 0.837890625,
        "mean": 0.0869374871254,
        "median": 0.0751953125,
        "min": 0.0029296875,
        "var": 0.00401659077033
    },
    "barkbands": {
        "dmean": [0.000796560896561, 0.00757936388254, 0.00361879775301, 0.00234445277601, 0.00260019139387, 0.000879982486367, 0.000636110256892, 0.000577989616431, 0.000992960529402, 0.000564994115848, 0.000680511409882, 0.000999297131784, 0.00102518382482, 0.00068427430233, 0.000346985238139, 0.000400319666369, 0.000523619411979, 0.00033349567093, 0.000251854246017, 0.000256228406215, 0.000191656712559, 0.000179278533324, 0.000164220255101, 0.000139802024933, 0.00015592687123, 0.000119250842545, 4.79917034681e-05],
        "dmean2": [0.00113921263255, 0.0112661737949, 0.00657331151888, 0.00427060527727, 0.00463031698018, 0.0014806475956, 0.00105180009268, 0.000962896971032, 0.00163549010176, 0.000917456636671, 0.00112571637146, 0.00167394964956, 0.00173500762321, 0.00114838313311, 0.000581423460972, 0.000679167278577, 0.000948410364799, 0.000569315918256, 0.000423686084105, 0.000445457699243, 0.000324803433614, 0.000299105391605, 0.000272714300081, 0.00022252969211, 0.000253410136793, 0.000191232844372, 7.81955750426e-05],
        "dvar": [2.72859233519e-06, 0.000135712019983, 0.000110667468107, 4.8325779062e-05, 3.72436879843e-05, 2.47018010668e-06, 1.05017875285e-06, 9.8953557881e-07, 2.95813288176e-06, 1.19932656162e-06, 1.27185671772e-06, 3.16322348226e-06, 3.42816338161e-06, 1.16748537948e-06, 3.1384846011e-07, 3.31101858819e-07, 1.05299227471e-06, 2.6900818284e-07, 1.36978755449e-07, 1.65664388874e-07, 6.71595969948e-08, 5.73791432146e-08, 5.83093040518e-08, 4.39792948725e-08, 5.36850919275e-08, 3.73406230381e-08, 6.15885831223e-09],
        "dvar2": [5.07043478137e-06, 0.000316397839924, 0.000303867942421, 0.000134849236929, 0.000107002721052, 6.68431266604e-06, 2.65553876488e-06, 2.53630378211e-06, 8.50045489642e-06, 2.8567942536e-06, 2.98435224977e-06, 8.50879860081e-06, 9.3817961897e-06, 3.14053841066e-06, 8.01933310868e-07, 8.77020966072e-07, 3.01384102386e-06, 6.9982900186e-07, 3.5798996123e-07, 4.51393219691e-07, 1.84026703209e-07, 1.51947972427e-07, 1.48908327446e-07, 1.04639454435e-07, 1.37246630061e-07, 9.52505558871e-08, 1.54753170278e-08],
        "max": [0.0216295905411, 0.104578323662, 0.0729267075658, 0.0522184185684, 0.0524135455489, 0.0299674179405, 0.0158260762691, 0.0199102424085, 0.0289128646255, 0.0270788036287, 0.0331788696349, 0.0326210297644, 0.0448959060013, 0.0172187276185, 0.0153137659654, 0.00978170055896, 0.00831300765276, 0.00984086468816, 0.006806332618, 0.00665201293305, 0.00408260850236, 0.00375090865418, 0.00331278750673, 0.00545291882008, 0.00396606232971, 0.00679632509127, 0.00221366621554],
        "mean": [0.00166638253722, 0.0178982950747, 0.00247787847184, 0.00161892222241, 0.00269932020456, 0.00122863519937, 0.000915275420994, 0.000786742137279, 0.00155939965043, 0.000873232202139, 0.000975991366431, 0.00142679025885, 0.00144620542414, 0.00103397539351, 0.00055990263354, 0.000659276323859, 0.000618508725893, 0.000566488946788, 0.000468622514745, 0.000459918053821, 0.000399634271162, 0.000378841592465, 0.000319987535477, 0.0003104674106, 0.000318229140248, 0.000249177828664, 9.50756657403e-05],
        "median": [0.000173175343662, 0.00778974406421, 0.000171966297785, 0.000114565133117, 0.000773555133492, 0.00051250460092, 0.000425874924986, 0.000407067127526, 0.000843435642309, 0.000395668670535, 0.000450618361356, 0.000664891442284, 0.000644621963147, 0.00056118570501, 0.000345252512489, 0.000399417884182, 0.000327934831148, 0.000377391814254, 0.0003455732367, 0.000344175728969, 0.000327465619193, 0.000308982271235, 0.000251403980656, 0.000247890595347, 0.00024263341038, 0.000176444038516, 6.2760685978e-05],
        "min": [2.13163257448e-25, 2.88199839872e-24, 2.65854925789e-25, 8.16091989239e-25, 5.02362717207e-24, 6.36731367346e-24, 5.27661092007e-24, 5.9361680566e-24, 1.02054651319e-23, 8.5258579912e-24, 1.68651708887e-23, 1.98271337508e-23, 2.21377057645e-23, 2.81657863717e-23, 3.72322404861e-23, 3.98663480228e-23, 5.55995981758e-23, 7.24185039501e-23, 1.20867475606e-22, 1.65916608222e-22, 2.19127257897e-22, 2.9622380799e-22, 3.56809234278e-22, 5.8502954668e-22, 7.67228546908e-22, 1.16598791476e-21, 1.90196207028e-21],
        "var": [9.96175458567e-06, 0.00042555393884, 7.16287831892e-05, 3.03906817862e-05, 2.90655443678e-05, 3.75937247554e-06, 2.06808249459e-06, 1.39362407481e-06, 4.78526771985e-06, 2.78652169072e-06, 2.45339697358e-06, 4.8499409786e-06, 5.16828549735e-06, 1.98510588234e-06, 5.05489197167e-07, 6.36132597265e-07, 8.38969810957e-07, 4.578879782e-07, 2.55249830161e-07, 2.44884262202e-07, 1.39747939443e-07, 1.27855358301e-07, 1.03808176277e-07, 1.00075332909e-07, 1.08836822221e-07, 8.1895713322e-08, 1.38076448053e-08]
    },
    "erbbands": {
        "dmean": [0.335776567459, 1.40571761131, 3.37763571739, 6.44023561478, 8.68315887451, 8.95476055145, 7.11020088196, 7.18154001236, 7.19447469711, 10.076918602, 14.0101394653, 21.1133842468, 20.3314647675, 22.9630374908, 27.1184577942, 34.1176986694, 43.1748390198, 36.4825668335, 20.8525505066, 17.9264335632, 26.1743507385, 24.7970600128, 20.2756328583, 12.2930517197, 13.7514848709, 10.8514204025, 8.80952167511, 7.60886621475, 6.3654923439, 5.31025028229, 4.80665826797, 3.26885819435, 2.39736628532, 1.66108572483, 1.21170520782, 0.558204174042, 0.222232446074, 0.0702592656016, 0.00772259151563, 0.000110468565254],
        "dmean2": [0.463639527559, 2.15743803978, 5.76785993576, 11.3157777786, 15.8634195328, 15.4897098541, 12.3829498291, 12.1750278473, 11.7929458618, 16.8231716156, 23.4518737793, 34.8361701965, 33.0925941467, 37.640537262, 45.1640281677, 57.0511665344, 72.5745620728, 61.580909729, 34.5005187988, 30.2792892456, 45.2721862793, 44.0650482178, 35.0003967285, 20.4690704346, 23.62541008, 18.8341083527, 15.1167640686, 12.9313106537, 10.582783699, 8.9027929306, 7.95425415039, 5.2510342598, 3.92560648918, 2.71144580841, 1.97373199463, 0.90455019474, 0.357612371445, 0.114082284272, 0.0125746168196, 0.000177712383447],
        "dvar": [0.293631374836, 5.09206724167, 78.3289413452, 327.938934326, 588.733459473, 379.675323486, 218.208587646, 163.757751465, 153.454269409, 245.023773193, 666.640563965, 1618.82727051, 1197.55114746, 1446.15148926, 2032.29711914, 3872.24755859, 6326.9609375, 3588.85058594, 974.053466797, 784.297851562, 1598.78320312, 1916.6463623, 1099.890625, 294.856170654, 502.048126221, 282.177490234, 148.413345337, 116.923347473, 71.1838760376, 50.2981033325, 56.1466178894, 28.2293338776, 11.6601915359, 5.62522649765, 3.41556334496, 0.775915443897, 0.135558217764, 0.0126653853804, 0.000157660440891, 3.05270724255e-08],
        "dvar2": [0.617314398289, 11.3269462585, 210.023178101, 870.769287109, 1683.46020508, 1066.08227539, 611.6171875, 448.424102783, 387.444824219, 621.915405273, 1878.74389648, 4651.71337891, 3000.01757812, 3546.90722656, 5100.63378906, 10419.8603516, 17196.4746094, 9837.53320312, 2549.62133789, 1956.91040039, 4409.10449219, 5411.46386719, 2910.5871582, 757.539001465, 1321.81591797, 786.276306152, 412.976348877, 323.520355225, 184.984573364, 135.152099609, 139.164291382, 67.5699539185, 29.2009887695, 14.4136152267, 8.73848438263, 1.98048257828, 0.345545619726, 0.0322236046195, 0.000394278933527, 7.62670424592e-08],
        "max": [6.02471113205, 23.1051235199, 65.270980835, 127.363258362, 197.266616821, 194.123733521, 288.813842773, 233.405441284, 266.429016113, 266.61730957, 506.827972412, 846.360290527, 822.615478516, 805.71887207, 1287.99645996, 1332.23815918, 1970.15808105, 1051.0546875, 640.584777832, 870.977905273, 596.776611328, 427.100738525, 589.460632324, 372.378265381, 385.78515625, 421.940368652, 268.538360596, 158.299911499, 189.997253418, 94.5370254517, 109.605827332, 154.611816406, 64.0770721436, 54.1465644836, 32.722869873, 24.675775528, 13.8016147614, 3.41932940483, 0.321278840303, 0.00463676918298],
        "mean": [0.748650968075, 3.07682919502, 3.093542099, 4.7764749527, 7.01223325729, 10.1328516006, 8.82201099396, 9.9482460022, 11.1223745346, 14.938990593, 20.3420391083, 32.0728607178, 34.7213821411, 36.8930969238, 41.5342178345, 51.2260551453, 64.4451599121, 58.6342773438, 37.0099868774, 30.4944801331, 40.3109474182, 34.4857406616, 32.9217910767, 24.8551425934, 23.6970291138, 20.360660553, 18.1271286011, 14.765039444, 13.8280162811, 11.0806617737, 8.94906902313, 6.58920955658, 5.23107624054, 3.56364369392, 2.28109455109, 1.07622635365, 0.453552812338, 0.152527168393, 0.01530609373, 0.000273848796496],
        "median": [0.232110694051, 1.11888432503, 0.652571558952, 0.429687023163, 1.22004330158, 2.58374977112, 3.15227127075, 4.41137599945, 5.82800531387, 7.93274688721, 11.5711898804, 17.4751014709, 17.4346065521, 19.1873474121, 22.4067077637, 25.5806484222, 30.289768219, 32.9143371582, 24.0343399048, 20.8249874115, 24.4529266357, 20.8613052368, 21.137430191, 18.9705448151, 16.8957977295, 15.7340984344, 14.53241539, 12.0248661041, 11.2909669876, 9.04200172424, 6.81766033173, 5.06387901306, 4.11882305145, 2.83083963394, 1.64025998116, 0.749517798424, 0.316508948803, 0.106682226062, 0.010044850409, 0.000208644443774],
        "min": [8.3240596408e-23, 4.13832063745e-22, 1.36757290036e-21, 3.69928296579e-21, 8.08482857197e-21, 2.01055763689e-20, 3.30085809516e-20, 7.25360818379e-20, 6.18867970732e-20, 1.8669883893e-19, 2.30304582575e-19, 2.49093835092e-19, 3.89270524183e-19, 9.25555031455e-19, 9.05688738081e-19, 1.0406398429e-18, 8.78209798132e-19, 1.51132660115e-18, 1.80361562688e-18, 2.94306705364e-18, 3.11183381888e-18, 3.97399858788e-18, 4.46682411144e-18, 6.41745785732e-18, 7.26606203415e-18, 7.75157652186e-18, 7.90916766345e-18, 9.34776875193e-18, 1.02189578546e-17, 1.11888196782e-17, 1.01399116481e-17, 1.0672548961e-17, 8.98161725379e-18, 8.12651846838e-18, 5.73009682448e-18, 3.92218771662e-18, 2.24372430962e-18, 9.54897402529e-19, 2.30742471311e-19, 2.63050850337e-20],
        "var": [0.981516122818, 14.0933246613, 60.9060211182, 231.02166748, 374.358428955, 377.486358643, 244.029083252, 237.020172119, 293.442810059, 452.337677002, 839.566650391, 2234.02050781, 3028.23510742, 2945.75585938, 3634.66015625, 5960.21826172, 9716.39746094, 6146.30273438, 1866.87023926, 1254.49963379, 2422.02099609, 1939.60180664, 1671.34997559, 651.086975098, 732.903564453, 442.449127197, 306.759338379, 199.469619751, 172.864151001, 108.460037231, 92.3031234741, 51.186756134, 27.5695972443, 12.8210363388, 6.25024795532, 1.52556824684, 0.287251591682, 0.030232379213, 0.000367884087609, 7.87860869877e-08]
    },
    "gfcc": {
        "mean": [20.1953029633, 35.1202354431, -113.583129883, 9.61364364624, -48.435459137, 19.9512519836, -27.1824302673, 12.802819252, -19.5080394745, 11.0669059753, -13.8410396576, 8.17985725403, -10.5749807358],
        "cov": [[32272.1972656, -422.855895996, 1273.84655762, 2669.63671875, 8.0068397522, 851.179626465, -493.802154541, 552.478515625, -512.927062988, 416.891876221, -121.17376709, 630.54510498, -239.071029663], [-422.855895996, 1232.0135498, -89.1239318848, 7.63565778732, 109.717857361, -57.2297210693, 65.4796981812, -49.2237052917, 112.236717224, -42.593914032, 39.8032188416, -116.903236389, 40.2855987549], [1273.84655762, -89.1239318848, 1484.48950195, 847.96661377, 410.088897705, 333.507019043, 97.9878387451, 144.780700684, -30.9596157074, 54.6474914551, 23.1207351685, 88.2141723633, -38.3537445068], [2669.63671875, 7.63565778732, 847.96661377, 957.104858398, 386.968841553, 381.33303833, 116.143966675, 202.452896118, 13.8957195282, 107.764579773, 79.7921981812, 103.922065735, 9.71642684937], [8.0068397522, 109.717857361, 410.088897705, 386.968841553, 439.96697998, 285.896362305, 185.378936768, 120.936088562, 78.024230957, 73.3545227051, 76.3893737793, 37.4000282288, 26.8512859344], [851.179626465, -57.2297210693, 333.507019043, 381.33303833, 285.896362305, 462.526123047, 218.616500854, 179.41317749, 44.2656288147, 121.375144958, 90.9912872314, 75.0522766113, 16.7308692932], [-493.802154541, 65.4796981812, 97.9878387451, 116.143966675, 185.378936768, 218.616500854, 248.540649414, 149.321548462, 115.802230835, 71.0957489014, 83.1266860962, 33.485370636, 47.6315689087], [552.478515625, -49.2237052917, 144.780700684, 202.452896118, 120.936088562, 179.41317749, 149.321548462, 207.746398926, 109.749855042, 89.7813415527, 54.9875602722, 64.2564315796, 40.3819389343], [-512.927062988, 112.236717224, -30.9596157074, 13.8957195282, 78.024230957, 44.2656288147, 115.802230835, 109.749855042, 187.70300293, 79.1039505005, 62.9178848267, 13.7038764954, 55.3091201782], [416.891876221, -42.593914032, 54.6474914551, 107.764579773, 73.3545227051, 121.375144958, 71.0957489014, 89.7813415527, 79.1039505005, 127.736022949, 88.0057830811, 58.9229393005, 25.829536438], [-121.17376709, 39.8032188416, 23.1207351685, 79.7921981812, 76.3893737793, 90.9912872314, 83.1266860962, 54.9875602722, 62.9178848267, 88.0057830811, 129.869827271, 69.7624588013, 46.4384841919], [630.54510498, -116.903236389, 88.2141723633, 103.922065735, 37.4000282288, 75.0522766113, 33.485370636, 64.2564315796, 13.7038764954, 58.9229393005, 69.7624588013, 121.381317139, 50.7435722351], [-239.071029663, 40.2855987549, -38.3537445068, 9.71642684937, 26.8512859344, 16.7308692932, 47.6315689087, 40.3819389343, 55.3091201782, 25.829536438, 46.4384841919, 50.7435722351, 85.141456604]],
        "icov": [[8.54300524225e-05, -0.000124553436763, 0.000145539583173, -0.000338932964951, 0.000157391419634, -2.97409987979e-05, 0.000111062727228, -9.86493760138e-05, 0.000182899952051, -0.00047250741045, 0.000675664341543, -0.000755725428462, 0.000450329942396], [-0.000124553436763, 0.0014033941552, -0.000134948830237, 0.000162111566169, -0.000403392652515, 9.67613377725e-05, -0.000130645756144, 0.00065342662856, -0.00110558001325, 0.00182294799015, -0.0023943206761, 0.00296233035624, -0.00151610677131], [0.000145539583173, -0.000134948830237, 0.00183953123633, -0.00189587660134, -0.000318546372, 0.000220977977733, -0.000354692747351, 0.000433222885476, 8.0020428868e-05, -0.000542539230082, 0.00205136230215, -0.00256909080781, 0.00209241942503], [-0.000338932964951, 0.000162111566169, -0.00189587660134, 0.00505566736683, -0.00207726750523, -0.00121627328917, 0.00264503131621, -0.00304506649263, 0.000579452491365, 0.00211606919765, -0.00424042996019, 0.00361340306699, -0.00245985249057], [0.000157391419634, -0.000403392652515, -0.000318546372, -0.00207726750523, 0.00629824586213, -0.00189530488569, -0.00244921445847, 0.00237687025219, -0.00163190381136, -0.000270944496151, 0.00118125905283, -0.00113113527186, 0.000527542259078], [-2.97409987979e-05, 9.67613377725e-05, 0.000220977977733, -0.00121627328917, -0.00189530488569, 0.00833433680236, -0.00615089479834, -0.00119909283239, 0.00499088224024, -0.00588804809377, 0.00174521969166, -0.000130547748995, 0.000748840393499], [0.000111062727228, -0.000130645756144, -0.000354692747351, 0.00264503131621, -0.00244921445847, -0.00615089479834, 0.0175631660968, -0.00859536696225, -0.00334314163774, 0.00716763408855, -0.00786811113358, 0.00371900084428, -0.00178339635022], [-9.86493760138e-05, 0.00065342662856, 0.000433222885476, -0.00304506649263, 0.00237687025219, -0.00119909283239, -0.00859536696225, 0.0193018186837, -0.00794772990048, -0.00369603093714, 0.00781616941094, -0.00665836408734, 0.00108581176028], [0.000182899952051, -0.00110558001325, 8.0020428868e-05, 0.000579452491365, -0.00163190381136, 0.00499088224024, -0.00334314163774, -0.00794772990048, 0.018460329622, -0.0112755494192, 0.00118294800632, 0.00526891974732, -0.00617649592459], [-0.00047250741045, 0.00182294799015, -0.000542539230082, 0.00211606919765, -0.000270944496151, -0.00588804809377, 0.00716763408855, -0.00369603093714, -0.0112755494192, 0.031126908958, -0.0188830532134, 0.00217658351175, 0.00319426110946], [0.000675664341543, -0.0023943206761, 0.00205136230215, -0.00424042996019, 0.00118125905283, 0.00174521969166, -0.00786811113358, 0.00781616941094, 0.00118294800632, -0.0188830532134, 0.0317937135696, -0.0173101369292, 0.00235288147815], [-0.000755725428462, 0.00296233035624, -0.00256909080781, 0.00361340306699, -0.00113113527186, -0.000130547748995, 0.00371900084428, -0.00665836408734, 0.00526891974732, 0.00217658351175, -0.0173101369292, 0.0323570333421, -0.0175596810877], [0.000450329942396, -0.00151610677131, 0.00209241942503, -0.00245985249057, 0.000527542259078, 0.000748840393499, -0.00178339635022, 0.00108581176028, -0.00617649592459, 0.00319426110946, 0.00235288147815, -0.0175596810877, 0.0273448824883]]
    },
    "melbands": {
        "dmean": [0.00246850750409, 0.00155677704606, 0.00109773362055, 0.000671166286338, 0.000245445524342, 0.000157632181072, 0.000116971248644, 0.000113423979201, 0.000115613845992, 0.000147040031152, 0.000104264225229, 9.30816095206e-05, 8.69349532877e-05, 0.000111570880108, 8.86792404344e-05, 0.000115574694064, 6.65373590891e-05, 3.98393094656e-05, 3.01913260046e-05, 2.53824291576e-05, 3.4464901546e-05, 3.01234922517e-05, 2.13563143916e-05, 1.58590901265e-05, 1.01815348899e-05, 1.06823745227e-05, 1.10001865323e-05, 7.16975273463e-06, 6.71279212838e-06, 4.84762313135e-06, 4.69954920845e-06, 3.98421934733e-06, 3.51725770997e-06, 2.99705584439e-06, 2.96037546832e-06, 2.5434762847e-06, 2.01490820473e-06, 1.80412177997e-06, 1.60413776484e-06, 1.42227190736e-06],
        "dmean2": [0.00346140516922, 0.00253704492934, 0.00188088649884, 0.0011974015506, 0.000425578706199, 0.000265257782303, 0.000191645784071, 0.000188269623322, 0.000194138861843, 0.000242051915848, 0.000169615901541, 0.000152045860887, 0.000144624122186, 0.000186618897715, 0.000148017221363, 0.000195684071514, 0.000112642956083, 6.62653692416e-05, 5.0747039495e-05, 4.3237600039e-05, 6.04637207289e-05, 5.39867069165e-05, 3.7362529838e-05, 2.68214043899e-05, 1.69731101778e-05, 1.81892210094e-05, 1.90425143956e-05, 1.24805910673e-05, 1.16039573186e-05, 8.2382985056e-06, 8.06312345958e-06, 6.65147172185e-06, 5.93243476033e-06, 5.05830985276e-06, 4.93879042551e-06, 4.19854404754e-06, 3.25825999425e-06, 2.99446901408e-06, 2.66981078312e-06, 2.33764353652e-06],
        "dvar": [1.42159751704e-05, 9.85275983112e-06, 8.81701180333e-06, 2.61962918557e-06, 2.46825720751e-07, 7.59268914408e-08, 3.74662292302e-08, 3.06116625381e-08, 5.49110730219e-08, 7.40402157362e-08, 3.25378195498e-08, 2.35046613284e-08, 2.10563992908e-08, 4.07631794985e-08, 3.35058345513e-08, 5.20125240655e-08, 1.21443193279e-08, 4.41747349811e-09, 2.71149702691e-09, 1.53433432626e-09, 3.09541148269e-09, 2.99726954367e-09, 1.30144905963e-09, 6.49722164958e-10, 2.06392861135e-10, 2.70206246267e-10, 3.66681685016e-10, 1.15544164514e-10, 9.13631947874e-11, 4.50611353786e-11, 4.43456278643e-11, 2.89268123344e-11, 2.1439093556e-11, 1.61352702033e-11, 2.085931948e-11, 1.54096128219e-11, 1.14085763406e-11, 6.76903802108e-12, 5.30704343318e-12, 4.02263118648e-12],
        "dvar2": [3.26948065776e-05, 2.6030375011e-05, 2.25935928029e-05, 7.50648314352e-06, 7.00116061125e-07, 2.07466584357e-07, 9.46425231518e-08, 7.71352404172e-08, 1.61598933346e-07, 2.1168526132e-07, 8.07294426863e-08, 5.72827154599e-08, 5.00145276305e-08, 1.09463002218e-07, 8.73666863299e-08, 1.46954548086e-07, 3.25136646495e-08, 1.16153495711e-08, 6.9586332252e-09, 3.9761114401e-09, 8.63300186893e-09, 8.51704040628e-09, 3.55193496837e-09, 1.6534786873e-09, 5.36165500886e-10, 7.18260340093e-10, 9.47440570442e-10, 3.28773341884e-10, 2.56086485351e-10, 1.21153836963e-10, 1.24657520417e-10, 7.51125828202e-11, 5.68357444442e-11, 4.38563803329e-11, 5.23401356978e-11, 3.82022607992e-11, 2.74845441545e-11, 1.75582291762e-11, 1.37100018838e-11, 1.02792540105e-11],
        "max": [0.0381620079279, 0.0248245615512, 0.020857507363, 0.013420490548, 0.00758315436542, 0.00486746383831, 0.00374953006394, 0.00282954913564, 0.00501442281529, 0.00547615485266, 0.00414861598983, 0.00317646167241, 0.00546229397878, 0.00334349507466, 0.00502857705578, 0.00615970510989, 0.00194578326773, 0.00136242329609, 0.00135961081833, 0.000712958397344, 0.000678949931171, 0.000504319672473, 0.00064281601226, 0.000532635021955, 0.000358399644028, 0.000390711531509, 0.000388020882383, 0.00032084225677, 0.00020058795053, 0.000135705457069, 8.53678429849e-05, 0.000147299768287, 8.56672122609e-05, 5.76727143198e-05, 7.47467784095e-05, 6.09913004155e-05, 0.000117759343993, 5.28561249666e-05, 4.4226871978e-05, 4.71888597531e-05],
        "mean": [0.00578794581816, 0.00244540069252, 0.000872940057889, 0.000648445042316, 0.000326683861203, 0.000224994189921, 0.000179320239113, 0.000167989914189, 0.000165057805134, 0.000220766829443, 0.000172657135408, 0.000145637008245, 0.000130582338898, 0.000156767215231, 0.00012033166422, 0.000163795659319, 9.98932009679e-05, 6.27833942417e-05, 4.61962918052e-05, 4.0115788579e-05, 4.75826236652e-05, 3.71686546714e-05, 3.05823414237e-05, 2.62160865532e-05, 1.93372779904e-05, 1.80967945198e-05, 1.6432179109e-05, 1.27828589029e-05, 1.2399447769e-05, 9.04962325876e-06, 8.23396294436e-06, 7.99902045401e-06, 6.88830004947e-06, 5.87644626648e-06, 5.25126279172e-06, 4.4299581532e-06, 3.93147365685e-06, 3.76503885491e-06, 3.20285153066e-06, 2.91573428512e-06],
        "median": [0.00212769280188, 0.000821346708108, 8.91518138815e-05, 0.000150945867063, 0.00012609057012, 0.000102250109194, 9.30385431275e-05, 8.96860583453e-05, 9.07730063773e-05, 0.000115221977467, 8.12696307548e-05, 7.20007301425e-05, 6.94437039783e-05, 7.12784385541e-05, 5.19955065101e-05, 7.0676454925e-05, 5.44284121133e-05, 3.60568956239e-05, 2.65687485808e-05, 2.47768075496e-05, 2.64372283709e-05, 1.95332468138e-05, 1.86645411304e-05, 1.70785369846e-05, 1.42963172038e-05, 1.25178885355e-05, 1.06054085336e-05, 9.6355106507e-06, 9.30063833948e-06, 6.93770743965e-06, 6.43292423774e-06, 6.23503865427e-06, 5.45338753e-06, 4.66780511488e-06, 3.93084428651e-06, 3.20300864587e-06, 2.93468428936e-06, 2.87559032586e-06, 2.49215395343e-06, 2.27637019634e-06],
        "min": [1.20550972383e-24, 1.19993316749e-24, 9.41582502927e-25, 1.24901214871e-24, 1.13793905414e-24, 1.73649446433e-24, 1.37809030318e-24, 1.77813586772e-24, 1.76600101763e-24, 1.34530228573e-24, 1.58888547415e-24, 3.14432837351e-24, 2.02103067639e-24, 2.32415738175e-24, 2.48902004183e-24, 1.93948415246e-24, 2.09336153e-24, 2.03299532974e-24, 2.7251655538e-24, 3.3245383225e-24, 3.43953609868e-24, 2.84034279584e-24, 2.6633301001e-24, 3.4994406181e-24, 3.44880324217e-24, 4.07787129913e-24, 4.47191323775e-24, 4.70668337074e-24, 4.50258336088e-24, 4.38362747511e-24, 4.58372756575e-24, 5.02898669306e-24, 5.01393601585e-24, 5.29069760926e-24, 4.61601603703e-24, 5.27559486723e-24, 4.79374600454e-24, 4.75821452608e-24, 6.17032327251e-24, 6.01035845258e-24],
        "var": [4.80406815768e-05, 1.29094842123e-05, 6.76655463394e-06, 1.95899451683e-06, 2.88862196385e-07, 1.15600037986e-07, 7.32887883714e-08, 5.4611774658e-08, 6.37438120066e-08, 1.08694955259e-07, 8.1490028947e-08, 4.86227662577e-08, 3.85254210755e-08, 6.015630305e-08, 4.88892730743e-08, 7.62709575497e-08, 1.96015808029e-08, 7.40055750015e-09, 4.06696720745e-09, 2.54961740609e-09, 3.87930843004e-09, 2.76635447882e-09, 1.60420088324e-09, 1.05840947118e-09, 4.31590041483e-10, 4.34854874332e-10, 4.6286494082e-10, 1.84278745041e-10, 1.67359751058e-10, 8.52920442607e-11, 6.54510126652e-11, 6.46696515783e-11, 4.5157509676e-11, 3.2010012696e-11, 3.30031280082e-11, 2.4352228567e-11, 1.98580613758e-11, 1.51799562503e-11, 1.07148465447e-11, 8.9982144999e-12]
    },
    "mfcc": {
        "mean": [-618.581848145, 83.8398742676, -8.57297420502, 2.03131270409, 0.360076576471, 7.89715003967, 5.00161314011, 5.28132677078, 3.31392502785, 4.37171316147, 4.45503091812, 3.73444128036, 1.33573102951],
        "cov": [[14472.3134766, 149.932754517, 1250.60913086, 1538.55908203, 868.745788574, 610.266967773, 511.625183105, 374.937133789, 59.7895774841, -16.2138118744, 138.348052979, 226.366500854, 188.322311401], [149.932754517, 943.45300293, -2.2773630619, -57.0615386963, -15.4995775223, -28.0014724731, -49.0728721619, -32.2195739746, 3.84267759323, 38.9365196228, -2.93738698959, -23.15716362, -20.2238883972], [1250.60913086, -2.2773630619, 807.79473877, 509.679382324, 357.28112793, 231.542114258, 188.01071167, 133.770065308, 68.0186920166, 26.6464290619, 51.7674598694, 40.1327934265, 47.4771308899], [1538.55908203, -57.0615386963, 509.679382324, 584.573486328, 356.839324951, 199.841552734, 174.895721436, 131.778213501, 66.9386749268, 32.1715736389, 53.5460777283, 58.8494567871, 65.1678314209], [868.745788574, -15.4995775223, 357.28112793, 356.839324951, 391.766601562, 256.964477539, 204.35609436, 131.274291992, 88.8238830566, 63.5140266418, 75.688621521, 57.3710365295, 64.7869110107], [610.266967773, -28.0014724731, 231.542114258, 199.841552734, 256.964477539, 298.087005615, 241.320999146, 134.155151367, 77.1697463989, 72.9816894531, 93.3441696167, 66.7687911987, 54.8110313416], [511.625183105, -49.0728721619, 188.01071167, 174.895721436, 204.35609436, 241.320999146, 276.551849365, 162.830368042, 86.0317459106, 72.7262420654, 91.996055603, 66.7476043701, 59.9042396545], [374.937133789, -32.2195739746, 133.770065308, 131.778213501, 131.274291992, 134.155151367, 162.830368042, 172.158218384, 115.471748352, 78.2108078003, 66.0380020142, 54.8119926453, 53.0626678467], [59.7895774841, 3.84267759323, 68.0186920166, 66.9386749268, 88.8238830566, 77.1697463989, 86.0317459106, 115.471748352, 145.760772705, 106.20111084, 60.4414291382, 40.5522346497, 42.8772201538], [-16.2138118744, 38.9365196228, 26.6464290619, 32.1715736389, 63.5140266418, 72.9816894531, 72.7262420654, 78.2108078003, 106.20111084, 141.709655762, 90.7711486816, 45.8532371521, 36.7238311768], [138.348052979, -2.93738698959, 51.7674598694, 53.5460777283, 75.688621521, 93.3441696167, 91.996055603, 66.0380020142, 60.4414291382, 90.7711486816, 115.925445557, 70.1791687012, 38.4544410706], [226.366500854, -23.15716362, 40.1327934265, 58.8494567871, 57.3710365295, 66.7687911987, 66.7476043701, 54.8119926453, 40.5522346497, 45.8532371521, 70.1791687012, 95.7880401611, 65.3776855469], [188.322311401, -20.2238883972, 47.4771308899, 65.1678314209, 64.7869110107, 54.8110313416, 59.9042396545, 53.0626678467, 42.8772201538, 36.7238311768, 38.4544410706, 65.3776855469, 96.6506195068]],
