{
"lowlevel": {
    "average_loudness": 0.929227769375,
    "barkbands_crest": {
        "dmean": 3.08449101448,
        "dmean2": 4.99039840698,
        "dvar": 8.04858779907,
        "dvar2": 21.4551620483,
        "max": 25.8453807831,
        "mean": 9.35308647156,
        "median": 8.47539901733,
        "min": 2.15668988228,
        "var": 19.1710929871
    },
    "barkbands_flatness_db": {
        "dmean": 0.0191388670355,
        "dmean2": 0.0302773099393,
        "dvar": 0.000356750009814,
        "dvar2": 0.000898304802831,
        "max": 0.352673530579,
        "mean": 0.0846313610673,
        "median": 0.0722020044923,
        "min": 0.0138303153217,
        "var": 0.00209148856811
    },
    "barkbands_kurtosis": {
        "dmean": 1.53035151958,
        "dmean2": 2.55367279053,
        "dvar": 54.7994346619,
        "dvar2": 174.75340271,
        "max": 381.682800293,
        "mean": 0.795916795731,
        "median": -0.234563589096,
        "min": -1.83634388447,
        "var": 42.084072113
    },
    "barkbands_skewness": {
        "dmean": 0.467204362154,
        "dmean2": 0.750880539417,
        "dvar": 0.318284571171,
        "dvar2": 0.863848388195,
        "max": 17.5157222748,
        "mean": 0.829204678535,
        "median": 0.788162469864,
        "min": -4.9752907753,
        "var": 0.918011963367
    },
    "barkbands_spread": {
        "dmean": 6.76028585434,
        "dmean2": 10.8694887161,
        "dvar": 42.9519767761,
        "dvar2": 106.426116943,
        "max": 102.627853394,
        "mean": 36.4639816284,
        "median": 37.1033096313,
        "min": 0.838257431984,
        "var": 219.083724976
    },
    "dissonance": {
        "dmean": 0.011136922054,
        "dmean2": 0.0193251688033,
        "dvar": 0.00013542927627,
        "dvar2": 0.000389219727367,
        "max": 0.500000059605,
        "mean": 0.483813166618,
        "median": 0.486938714981,
        "min": 0.261268079281,
        "var": 0.000178556234459
    },
    "dynamic_complexity": 1.90102207661,
    "erbbands_crest": {
        "dmean": 1.93484997749,
        "dmean2": 3.23597669601,
        "dvar": 3.7275493145,
        "dvar2": 9.5616607666,
        "max": 26.5995235443,
        "mean": 6.79119920731,
        "median": 5.74078369141,
        "min": 2.2658765316,
        "var": 11.9622430801
    },
    "erbbands_flatness_db": {
        "dmean": 0.0127140311524,
        "dmean2": 0.0201630499214,
        "dvar": 0.000153248824063,
        "dvar2": 0.000363481347449,
        "max": 0.366485774517,
        "mean": 0.13041318953,
        "median": 0.110421687365,
        "min": 0.0416386350989,
        "var": 0.00316003337502
    },
    "erbbands_kurtosis": {
        "dmean": 0.628258526325,
        "dmean2": 1.03402423859,
        "dvar": 0.954055786133,
        "dvar2": 2.52758789062,
        "max": 28.2077960968,
        "mean": 0.00299477390945,
        "median": -0.373249173164,
        "min": -1.67372512817,
        "var": 2.66973161697
    },
    "erbbands_skewness": {
        "dmean": 0.295784622431,
        "dmean2": 0.480885475874,
        "dvar": 0.0749308466911,
        "dvar2": 0.191056832671,
        "max": 3.23776960373,
        "mean": -0.0683137848973,
        "median": -0.0655079782009,
        "min": -3.57249951363,
        "var": 0.304209023714
    },
    "erbbands_spread": {
        "dmean": 7.26585054398,
        "dmean2": 11.5804958344,
        "dvar": 57.1299934387,
        "dvar2": 132.93637085,
        "max": 119.151779175,
        "mean": 39.2932891846,
        "median": 39.3317298889,
        "min": 2.52889370918,
        "var": 227.744873047
    },
    "hfc": {
        "dmean": 10.0519304276,
        "dmean2": 16.6817493439,
        "dvar": 135.987915039,
        "dvar2": 355.157531738,
        "max": 164.240982056,
        "mean": 39.7384109497,
        "median": 36.6010742188,
        "min": 1.0836393588e-16,
        "var": 525.45892334
    },
    "melbands_crest": {
        "dmean": 4.81132459641,
        "dmean2": 8.02810096741,
        "dvar": 17.0002689362,
        "dvar2": 47.5020980835,
        "max": 34.5650672913,
        "mean": 15.1079111099,
        "median": 14.3518733978,
        "min": 1.63321852684,
        "var": 43.9953575134
    },
    "melbands_flatness_db": {
        "dmean": 0.027336191386,
        "dmean2": 0.0433452613652,
        "dvar": 0.000716888927855,
        "dvar2": 0.00181313988287,
        "max": 0.476003110409,
        "mean": 0.137702330947,
        "median": 0.130112975836,
        "min": 0.00211308524013,
        "var": 0.00269466429017
    },
    "melbands_kurtosis": {
        "dmean": 4.99688434601,
        "dmean2": 8.133644104,
        "dvar": 182.09715271,
        "dvar2": 534.817565918,
        "max": 437.192993164,
        "mean": 7.23192644119,
        "median": 4.12639904022,
        "min": -1.85247981548,
        "var": 199.659896851
    },
    "melbands_skewness": {
        "dmean": 0.699467241764,
        "dmean2": 1.11002373695,
        "dvar": 0.621182560921,
        "dvar2": 1.56156897545,
        "max": 13.6776895523,
        "mean": 2.07466959953,
        "median": 1.96135187149,
        "min": -2.33090305328,
        "var": 2.01958656311
    },
    "melbands_spread": {
        "dmean": 10.6775484085,
        "dmean2": 17.4680500031,
        "dvar": 119.115646362,
        "dvar2": 306.085083008,
        "max": 162.63848877,
        "mean": 39.1240158081,
        "median": 36.7643966675,
        "min": 0.555915415287,
        "var": 376.924346924
    },
    "pitch_salience": {
        "dmean": 0.0929420739412,
        "dmean2": 0.151749491692,
        "dvar": 0.00742080574855,
        "dvar2": 0.0190982446074,
        "max": 0.982035696507,
        "mean": 0.558174490929,
        "median": 0.569882333279,
        "min": 0.0977863222361,
        "var": 0.0169092565775
    },
    "silence_rate_20dB": {
        "dmean": 0,
        "dmean2": 0,
        "dvar": 0,
        "dvar2": 0,
        "max": 1,
        "mean": 1,
        "median": 1,
        "min": 1,
        "var": 0
    },
    "silence_rate_30dB": {
        "dmean": 0.000479348091176,
        "dmean2": 0.000958772783633,
        "dvar": 0.000478988542454,
        "dvar2": 0.00143672060221,
        "max": 1,
        "mean": 0.999760329723,
        "median": 1,
        "min": 0,
        "var": 0.000239563916693
    },
    "silence_rate_60dB": {
        "dmean": 0.00223695766181,
        "dmean2": 0.00447427295148,
        "dvar": 0.00223264819942,
        "dvar2": 0.00605358136818,
        "max": 1,
        "mean": 0.0303562860936,
        "median": 0,
        "min": 0,
        "var": 0.0294347982854
    },
    "spectral_centroid": {
        "dmean": 294.417816162,
        "dmean2": 475.507995605,
        "dvar": 89066.90625,
        "dvar2": 209769.171875,
        "max": 11851.8769531,
        "mean": 2161.48974609,
        "median": 2176.97265625,
        "min": 174.276031494,
        "var": 691936.125
    },
    "spectral_complexity": {
        "dmean": 5.20715808868,
        "dmean2": 8.40540122986,
        "dvar": 23.4862232208,
        "dvar2": 56.8444824219,
        "max": 61,
        "mean": 34.0742912292,
        "median": 36,
        "min": 0,
        "var": 156.044540405
    },
    "spectral_decrease": {
        "dmean": 2.05226791117e-09,
        "dmean2": 3.34892091836e-09,
        "dvar": 4.86517609647e-18,
        "dvar2": 1.25288870121e-17,
        "max": 2.26128081076e-28,
        "mean": -7.8460500319e-09,
        "median": -7.80624809238e-09,
        "min": -2.9368871779e-08,
        "var": 1.60704517058e-17
    },
    "spectral_energy": {
        "dmean": 0.00810992717743,
        "dmean2": 0.0132618416101,
        "dvar": 7.19975359971e-05,
        "dvar2": 0.000185155746294,
        "max": 0.112276099622,
        "mean": 0.0332172103226,
        "median": 0.0335552543402,
        "min": 1.00592537642e-20,
        "var": 0.000263420050032
    },
    "spectral_energyband_high": {
        "dmean": 0.000882333726622,
        "dmean2": 0.00147333310451,
        "dvar": 1.20864490327e-06,
        "dvar2": 3.17691819873e-06,
        "max": 0.0153485182673,
        "mean": 0.00263148965314,
        "median": 0.00222070934251,
        "min": 7.09373129661e-21,
        "var": 4.64604636363e-06
    },
    "spectral_energyband_low": {
        "dmean": 0.00737887201831,
        "dmean2": 0.0119500458241,
        "dvar": 8.58919956954e-05,
        "dvar2": 0.000221998940106,
        "max": 0.108719028533,
        "mean": 0.0131976651028,
        "median": 0.00944674573839,
        "min": 1.73730553167e-23,
        "var": 0.000183313473826
    },
    "spectral_energyband_middle_high": {
        "dmean": 0.00251451134682,
        "dmean2": 0.00406298227608,
        "dvar": 6.72336727803e-06,
        "dvar2": 1.66708814504e-05,
        "max": 0.0381184332073,
        "mean": 0.00927598681301,
        "median": 0.00881406944245,
        "min": 1.1821371218e-21,
        "var": 2.82858654828e-05
    },
    "spectral_energyband_middle_low": {
        "dmean": 0.00432333396748,
        "dmean2": 0.00754501018673,
        "dvar": 3.52429960913e-05,
        "dvar2": 9.95773807517e-05,
        "max": 0.0740973949432,
        "mean": 0.00853904802352,
        "median": 0.00689173676074,
        "min": 1.41158644163e-22,
        "var": 4.97073233419e-05
    },
    "spectral_entropy": {
        "dmean": 0.0960369855165,
        "dmean2": 0.154120802879,
        "dvar": 0.0106957377866,
        "dvar2": 0.0258567463607,
        "max": 9.82221603394,
        "mean": 8.00902557373,
        "median": 8.0834274292,
        "min": 6.38697147369,
        "var": 0.116257078946
    },
    "spectral_flux": {
        "dmean": 0.0205980539322,
        "dmean2": 0.0320727042854,
        "dvar": 0.000453433807706,
        "dvar2": 0.000959857483394,
        "max": 0.377435296774,
        "mean": 0.109924919903,
        "median": 0.109977796674,
        "min": 6.43228942332e-11,
        "var": 0.00190232635941
    },
    "spectral_kurtosis": {
        "dmean": 1.01661705971,
        "dmean2": 1.74558484554,
        "dvar": 3.18782758713,
        "dvar2": 9.68299293518,
        "max": 49.5501937866,
        "mean": 3.42700624466,
        "median": 2.81641721725,
        "min": -1.27131271362,
        "var": 7.44754600525
    },
    "spectral_rms": {
        "dmean": 0.000677021918818,
        "dmean2": 0.00110108789522,
        "dvar": 4.21224655156e-07,
        "dvar2": 1.06597963168e-06,
        "max": 0.0104660242796,
        "mean": 0.0054608383216,
        "median": 0.0057216109708,
        "min": 3.13271544122e-12,
        "var": 2.58623231275e-06
    },
    "spectral_rolloff": {
        "dmean": 733.311401367,
        "dmean2": 1220.39099121,
        "dvar": 672134.625,
        "dvar2": 1704533.75,
        "max": 19982.8125,
        "mean": 2537.375,
        "median": 2411.71875,
        "min": 64.599609375,
        "var": 3106438.75
    },
    "spectral_skewness": {
        "dmean": 0.153147339821,
        "dmean2": 0.255160391331,
        "dvar": 0.0303110163659,
        "dvar2": 0.0858138799667,
        "max": 4.53705358505,
        "mean": 1.28325760365,
        "median": 1.25811374187,
        "min": -0.0811371132731,
        "var": 0.106017142534
    },
    "spectral_spread": {
        "dmean": 424271.375,
        "dmean2": 669691.0625,
        "dvar": 319360860160,
        "dvar2": 668123004928,
        "max": 42953036,
        "mean": 5057974.5,
        "median": 5073845,
        "min": 878041,
        "var": 7.95310764851e+12
    },
    "spectral_strongpeak": {
        "dmean": 0.498612552881,
        "dmean2": 0.866419196129,
        "dvar": 1.00611042976,
        "dvar2": 2.60983514786,
        "max": 15.1197214127,
        "mean": 0.922610580921,
        "median": 0.35585474968,
        "min": 0,
        "var": 2.37800979614
    },
    "zerocrossingrate": {
        "dmean": 0.0116005511954,
        "dmean2": 0.0145943267271,
        "dvar": 0.000123641220853,
        "dvar2": 0.000172503103386,
        "max": 0.8466796875,
        "mean": 0.0924946218729,
        "median": 0.0908203125,
        "min": 0.00537109375,
        "var": 0.00214318977669
    },
    "barkbands": {
        "dmean": [0.000469289923785, 0.00646253256127, 0.00265484489501, 0.000779678113759, 0.00224351719953, 0.00138052436523, 0.00092316174414, 0.000778604357038, 0.000877455633599, 0.000525587704033, 0.000690610671882, 0.000542011810467, 0.000540826877113, 0.000420772004873, 0.000462004041765, 0.000359016907169, 0.000467879202915, 0.000446591584478, 0.000379738252377, 0.000361804122804, 0.000258705724264, 0.000232284917729, 0.000152602427988, 0.00014528054453, 9.25191707211e-05, 6.32926166872e-05, 2.0062956537e-05],
        "dmean2": [0.000716461450793, 0.0103696556762, 0.00462859496474, 0.00141011597589, 0.00402564601973, 0.00241269241087, 0.00160660478286, 0.00133595580701, 0.00147277978249, 0.000884738110472, 0.00113494007383, 0.000901147490367, 0.000877196027432, 0.000696913863067, 0.000762252311688, 0.000594024313614, 0.000799160916358, 0.000743109208997, 0.000631881412119, 0.000609010865446, 0.0004305903567, 0.000386194820749, 0.000255608349107, 0.000236879568547, 0.000154492765432, 0.000105699400592, 3.20083854604e-05],
        "dvar": [7.27305803139e-07, 7.86060991231e-05, 2.35222323681e-05, 3.99466944145e-06, 1.52134161908e-05, 5.82001121074e-06, 1.91680601347e-06, 1.3190028767e-06, 1.37327754146e-06, 6.13951328887e-07, 1.02569379123e-06, 6.8059057412e-07, 6.54868301808e-07, 3.84056392022e-07, 3.64620859727e-07, 2.72998050832e-07, 4.20338380991e-07, 3.93148212652e-07, 3.29979599201e-07, 3.08517314807e-07, 1.10909326168e-07, 9.72857066017e-08, 4.38052474294e-08, 4.67108165481e-08, 2.10582964399e-08, 1.63304711975e-08, 1.67529035089e-09],
        "dvar2": [1.46970933201e-06, 0.000199906105991, 6.54773612041e-05, 1.19712831292e-05, 4.44631841674e-05, 1.39985122587e-05, 5.32534659214e-06, 3.56695841219e-06, 3.62037644663e-06, 1.59842682024e-06, 2.51548112828e-06, 1.69278177964e-06, 1.54547797138e-06, 9.62185822573e-07, 9.37834101933e-07, 6.63284993152e-07, 1.10703467726e-06, 9.90836042547e-07, 8.10197661849e-07, 7.99827205356e-07, 3.03889351017e-07, 2.60121339579e-07, 1.18581610309e-07, 1.18014774841e-07, 5.43293765531e-08, 4.30426183584e-08, 4.01344335543e-09],
        "max": [0.0154991690069, 0.102642573416, 0.0496183559299, 0.0351973287761, 0.0417875945568, 0.0581896416843, 0.0240391101688, 0.0228759758174, 0.0200265329331, 0.0140751507133, 0.0195558127016, 0.0184080600739, 0.0165844131261, 0.0145519049838, 0.0152961611748, 0.0127530330792, 0.0141282230616, 0.012278014794, 0.0134073011577, 0.0139166135341, 0.00695220381021, 0.00589696643874, 0.00434696022421, 0.00487162917852, 0.00212579756044, 0.00158510520123, 0.000731061620172],
        "mean": [0.000926588079892, 0.00965238269418, 0.00233014672995, 0.000701623037457, 0.0023129240144, 0.0016625339631, 0.00119950459339, 0.00102643866558, 0.00137702084612, 0.000809948076494, 0.00136059813667, 0.00102393166162, 0.00110614066944, 0.000734263274353, 0.000869326875545, 0.000635578355286, 0.000803856004495, 0.000905404041987, 0.000778438523412, 0.000744241755456, 0.000589262985159, 0.000541973276995, 0.000368083303329, 0.000347945722751, 0.000226255942835, 0.000138274510391, 4.45544683316e-05],
        "median": [0.00020524385036, 0.00511684454978, 0.000480784161482, 0.000225091047469, 0.00096493458841, 0.000972840120085, 0.000713857240044, 0.000603541964665, 0.000877408427186, 0.000480216171127, 0.000679839984514, 0.000575581914745, 0.00057476980146, 0.000472365121823, 0.000635945587419, 0.000424357887823, 0.000557458144613, 0.000630936527159, 0.000535701052286, 0.000575192621909, 0.000484394957311, 0.000436521950178, 0.000272160163149, 0.000232168924413, 0.000145990474266, 6.82554891682e-05, 1.26865852508e-05],
        "min": [1.02937118459e-24, 1.04445952991e-24, 7.62796250659e-25, 2.66101148999e-25, 1.51652987002e-23, 4.08840416994e-24, 6.38927398334e-24, 8.52280115519e-24, 1.18137979009e-23, 1.05976457532e-23, 1.29802667999e-23, 2.20763118757e-23, 2.65039372789e-23, 3.06415789911e-23, 4.36106005788e-23, 6.16024320786e-23, 7.92523807285e-23, 4.77246521945e-23, 1.33868357708e-22, 1.63425587431e-22, 2.15187598184e-22, 2.80739415053e-22, 4.40829761686e-22, 5.09748689334e-22, 8.77253716284e-22, 1.23185075739e-21, 1.93095862816e-21],
        "var": [2.87666989607e-06, 0.000135784051963, 2.01507427846e-05, 2.82122050521e-06, 1.35508498715e-05, 7.03000978319e-06, 2.31515241467e-06, 1.82362964551e-06, 2.32608067563e-06, 1.11231588562e-06, 3.77941410079e-06, 1.92277911992e-06, 2.63216065832e-06, 8.0946529124e-07, 7.63155526329e-07, 5.48375624021e-07, 7.16738725259e-07, 9.56925191531e-07, 8.30642647998e-07, 5.80123582949e-07, 2.70172478167e-07, 2.53417596241e-07, 1.26764589936e-07, 1.3749335892e-07, 6.40603801116e-08, 3.6999214359e-08, 4.86014295475e-09]
    },
    "erbbands": {
        "dmean": [0.243430510163, 1.3152474165, 2.90487790108, 2.50866031647, 4.87005567551, 8.66875457764, 10.2013845444, 11.9447278976, 12.00963974, 15.3208141327, 17.8372554779, 19.2499275208, 17.0982627869, 21.1951274872, 21.358045578, 22.7458152771, 23.5908355713, 20.1240272522, 20.9438819885, 21.2656421661, 20.1598911285, 23.8078384399, 22.6515712738, 23.0613460541, 16.9823913574, 16.8051986694, 12.3767929077, 9.66724777222, 8.21416759491, 6.31402349472, 4.12038326263, 3.63438749313, 2.26786088943, 1.15673291683, 0.665020883083, 0.353074908257, 0.0999043062329, 0.0291815940291, 0.00327847665176, 5.10599711561e-05],
        "dmean2": [0.386524736881, 2.06322240829, 4.77833604813, 4.41658401489, 8.807554245, 15.6393728256, 18.3883800507, 21.0192279816, 21.1457939148, 26.3663902283, 30.181640625, 32.3505249023, 28.7529792786, 35.239944458, 34.8421630859, 37.2631721497, 38.4729881287, 33.5282859802, 34.4085884094, 34.7697906494, 34.0454788208, 40.2889785767, 37.7031517029, 38.17445755, 28.547334671, 28.3913421631, 21.018781662, 15.8669366837, 13.6843729019, 10.655175209, 6.95164251328, 5.79614448547, 3.8170375824, 1.93464910984, 1.11264383793, 0.605834007263, 0.164802581072, 0.0465043596923, 0.00519220158458, 8.05516610853e-05],
        "dvar": [0.138236165047, 3.54576873779, 23.5942783356, 28.7690238953, 93.2162780762, 238.788208008, 313.004180908, 545.670410156, 408.395812988, 605.622741699, 661.359924316, 690.653564453, 671.511413574, 922.671081543, 1066.1472168, 1217.10583496, 1251.41625977, 946.281066895, 786.547729492, 771.893981934, 827.763427734, 1086.6184082, 1040.0246582, 1140.49719238, 710.532165527, 645.092224121, 275.162750244, 160.220504761, 122.347061157, 82.8734893799, 32.3326339722, 32.3054161072, 10.5106267929, 2.70978927612, 1.3407984972, 0.559837818146, 0.0351025164127, 0.00340876961127, 4.24184981966e-05, 8.6198781446e-09],
        "dvar2": [0.372799068689, 8.43534946442, 63.5776100159, 83.9358901978, 277.842132568, 703.791015625, 893.234802246, 1272.9642334, 1161.42834473, 1657.49121094, 1735.7253418, 1845.421875, 1820.9642334, 2391.01318359, 2476.37451172, 2938.00439453, 3022.63818359, 2393.234375, 1958.83105469, 1893.05810547, 2139.07836914, 2804.23803711, 2675.98120117, 2719.44799805, 1765.26416016, 1722.13439941, 771.214904785, 425.860900879, 329.834228516, 226.341781616, 86.6933517456, 78.105796814, 28.0313854218, 6.94825553894, 3.57769107819, 1.53953373432, 0.0892052575946, 0.00821338128299, 0.000100718250906, 2.02901038193e-08],
        "max": [4.41855812073, 26.1862277985, 46.5170898438, 102.555229187, 107.077522278, 175.775314331, 205.229263306, 576.041137695, 342.867889404, 542.005187988, 820.256225586, 449.673614502, 667.864929199, 513.388122559, 679.410522461, 853.723327637, 892.272033691, 818.734680176, 702.596130371, 547.745239258, 594.130859375, 845.911560059, 774.71081543, 837.021789551, 900.452270508, 668.400512695, 366.760437012, 307.672149658, 263.038787842, 191.743606567, 129.899627686, 123.072250366, 52.2393951416, 22.4810066223, 14.5911245346, 8.703789711, 2.88860321045, 1.21429467201, 0.101987294853, 0.00146085117012],
        "mean": [0.345205515623, 1.87448227406, 3.02857661247, 2.47584867477, 4.84367322922, 8.40196895599, 10.2820606232, 14.4279279709, 15.2487258911, 20.6162052155, 25.8100090027, 29.9501438141, 27.6443843842, 38.9627876282, 45.2023849487, 48.2661933899, 49.5516242981, 37.3301429749, 41.2813987732, 42.9703559875, 37.0744056702, 44.6992645264, 46.7948493958, 48.833732605, 35.8652229309, 34.5555610657, 27.2199115753, 22.1006946564, 18.870388031, 14.5531930923, 9.92250061035, 8.28523445129, 5.16628503799, 2.79333257675, 1.4905436039, 0.67774438858, 0.235242143273, 0.0711200833321, 0.00715053081512, 0.000150171399582],
        "median": [0.14954739809, 0.91600894928, 0.921574175358, 0.839714348316, 1.7728754282, 3.36740207672, 4.97351837158, 8.09593772888, 9.07831668854, 12.0179100037, 16.4469528198, 19.5858268738, 17.4525241852, 23.8539619446, 25.6899223328, 26.9405479431, 27.9815483093, 24.8777160645, 30.8153419495, 31.5515975952, 26.2392044067, 32.3788452148, 34.6774368286, 32.5601196289, 27.0415687561, 26.8992729187, 22.6298694611, 17.1908092499, 15.6157989502, 11.2842988968, 7.38807058334, 5.31670427322, 3.52261614799, 1.87892103195, 0.889304578304, 0.341365754604, 0.112421289086, 0.0287067126483, 0.00179542170372, 8.26398172649e-05],
        "min": [1.18208559972e-22, 2.02420029584e-22, 1.48921045567e-21, 7.99535331753e-21, 1.87042112422e-20, 3.78560112064e-20, 3.24541340655e-20, 4.33459281525e-20, 1.14997905781e-19, 1.58151026534e-19, 3.48946244803e-19, 2.46473482008e-19, 4.93302341487e-19, 6.67827162677e-19, 7.5181463598e-19, 9.43307671569e-19, 1.42952081671e-18, 1.6424022614e-18, 2.60742383764e-18, 2.8007870252e-18, 3.43645774835e-18, 4.64875214742e-18, 3.91064854708e-18, 6.4819990382e-18, 8.09518569396e-18, 7.21242185296e-18, 7.64007009375e-18, 1.02640582232e-17, 9.61276846887e-18, 1.19101526052e-17, 1.2279961896e-17, 8.8951073966e-18, 9.8742956816e-18, 8.63134266032e-18, 5.78163720767e-18, 4.32680269966e-18, 2.43249478362e-18, 1.03246316254e-18, 2.45199132726e-19, 2.79440028614e-20],
        "var": [0.220126420259, 6.10346364975, 25.3342037201, 23.1849861145, 77.2379226685, 198.205291748, 253.514175415, 634.344970703, 407.016845703, 758.001037598, 1027.14953613, 1102.91711426, 1077.65563965, 2102.81738281, 3503.36035156, 4573.29394531, 4408.01660156, 1998.99597168, 1748.26696777, 1753.38525391, 1474.94372559, 2051.3347168, 2136.67749023, 3371.27954102, 1349.40356445, 1182.59814453, 582.647949219, 410.801361084, 292.845733643, 190.802688599, 94.0260848999, 87.9055252075, 29.0528106689, 9.01113319397, 3.19286465645, 0.930633723736, 0.102980040014, 0.0102952066809, 0.000128499188577, 2.99802849213e-08]
    },
    "gfcc": {
        "mean": [45.1346511841, 55.2282562256, -124.312942505, 31.5853424072, -54.1711921692, 15.8322582245, -29.1322727203, 13.0875911713, -18.8823471069, 8.7802362442, -11.9413814545, 7.05185556412, -9.46321201324],
        "cov": [[18202.9882812, -967.905944824, 477.967407227, 493.112854004, -662.772277832, 627.42791748, -84.9155426025, 437.855041504, -500.325195312, 234.46572876, -201.919586182, 308.858398438, -319.55090332], [-967.905944824, 1125.35754395, -525.79473877, -38.4550628662, 4.74011611938, -166.273864746, 53.2711753845, -113.235076904, 80.3365936279, -97.2616577148, 75.3765869141, -65.4860534668, 95.8592300415], [477.967407227, -525.79473877, 1301.58776855, 166.550796509, 152.76725769, 286.475891113, 11.0062303543, 169.690185547, -17.1241569519, 123.545890808, -127.129257202, 0.577265322208, -137.707687378], [493.112854004, -38.4550628662, 166.550796509, 280.486236572, 39.36901474, 104.401153564, 26.6590194702, 68.2983016968, 4.91539335251, 21.4232063293, -23.7626571655, -17.0859985352, -30.506942749], [-662.772277832, 4.74011611938, 152.76725769, 39.36901474, 244.062408447, 70.5227432251, 68.5616149902, 34.6529045105, 41.3841781616, 14.877822876, -0.0980181992054, -9.5452413559, -6.9304394722], [627.42791748, -166.273864746, 286.475891113, 104.401153564, 70.5227432251, 233.934143066, 78.485458374, 90.8238601685, 15.81731987, 60.1059570312, -23.9468021393, 12.8214054108, -38.6002159119], [-84.9155426025, 53.2711753845, 11.0062303543, 26.6590194702, 68.5616149902, 78.485458374, 169.27696228, 57.6157836914, 58.281085968, 18.7145328522, 33.0448875427, 12.0002412796, 18.6237621307], [437.855041504, -113.235076904, 169.690185547, 68.2983016968, 34.6529045105, 90.8238601685, 57.6157836914, 155.426879883, 50.8088645935, 57.2841567993, -6.71992349625, 17.9815406799, -15.4022140503], [-500.325195312, 80.3365936279, -17.1241569519, 4.91539335251, 41.3841781616, 15.81731987, 58.281085968, 50.8088645935, 146.70211792, 56.8454856873, 31.6936969757, -2.92928147316, 28.0534915924], [234.46572876, -97.2616577148, 123.545890808, 21.4232063293, 14.877822876, 60.1059570312, 18.7145328522, 57.2841567993, 56.8454856873, 111.081848145, 26.8701992035, 21.2778530121, -8.87244987488], [-201.919586182, 75.3765869141, -127.129257202, -23.7626571655, -0.0980181992054, -23.9468021393, 33.0448875427, -6.71992349625, 31.6936969757, 26.8701992035, 106.86895752, 40.9260520935, 36.761302948], [308.858398438, -65.4860534668, 0.577265322208, -17.0859985352, -9.5452413559, 12.8214054108, 12.0002412796, 17.9815406799, -2.92928147316, 21.2778530121, 40.9260520935, 90.9887619019, 30.4547595978], [-319.55090332, 95.8592300415, -137.707687378, -30.506942749, -6.9304394722, -38.6002159119, 18.6237621307, -15.4022140503, 28.0534915924, -8.87244987488, 36.761302948, 30.4547595978, 91.1083297729]],
        "icov": [[0.000111750305223, -6.0857481003e-05, 0.000102942081867, -0.000102080572105, 0.000300472078379, -0.000230601726798, -2.31246158364e-05, -0.000276238424703, 0.000478631758597, -0.00036011589691, 0.000313362572342, -0.000465475255623, 0.000307287409669], [-6.0857481003e-05, 0.00147546629887, 0.000164482291439, -0.000233142229263, -0.000237753367401, 0.000498227542266, -0.000414741196437, 0.000721363292541, -0.00114261126146, 0.00122223456856, -0.000960290723015, 0.00142196891829, -0.000812584825326], [0.000102942081867, 0.000164482291439, 0.00162392482162, -0.000230108737014, -0.000443237804575, -0.00102126575075, 0.000326696230331, -0.000699284195434, 0.00077693403, -0.00145911576692, 0.00165242992807, -0.000854536716361, 0.00115165044554], [-0.000102080572105, -0.000233142229263, -0.000230108737014, 0.00478044850752, -0.000388383778045, -0.00166783505119, 0.00063786591636, -0.00143954984378, 6.39817881165e-05, 0.000727124745026, -0.000673713628203, 0.00167694617994, -0.000207358592888], [0.000300472078379, -0.000237753367401, -0.000443237804575, -0.000388383778045, 0.00611132150516, -0.00133415602613, -0.00154235295486, -0.000274259626167, -3.35539698426e-05, 0.000175746754394, 0.000194619642571, -0.00057670933893, 0.000814268540125], [-0.000230601726798, 0.000498227542266, -0.00102126575075, -0.00166783505119, -0.00133415602613, 0.0100616337731, -0.00423722621053, -0.000136729780934, 0.000380431301892, -0.00254277791828, 0.00166296062525, -0.000514523941092, 0.000705541635398], [-2.31246158364e-05, -0.000414741196437, 0.000326696230331, 0.00063786591636, -0.00154235295486, -0.00423722621053, 0.0107100345194, -0.0027464274317, -0.00248674256727, 0.00322768604383, -0.00355925410986, 0.000630270806141, -0.00119798770174], [-0.000276238424703, 0.000721363292541, -0.000699284195434, -0.00143954984378, -0.000274259626167, -0.000136729780934, -0.0027464274317, 0.0125639652833, -0.00447035999969, -0.00137024419382, 0.00154584739357, -0.00162630877458, 0.000502717855852], [0.000478631758597, -0.00114261126146, 0.00077693403, 6.39817881165e-05, -3.35539698426e-05, 0.000380431301892, -0.00248674256727, -0.00447035999969, 0.0155088799074, -0.00914134643972, 0.00120156293269, 0.00172803504393, -0.00274016987532], [-0.00036011589691, 0.00122223456856, -0.00145911576692, 0.000727124745026, 0.000175746754394, -0.00254277791828, 0.00322768604383, -0.00137024419382, -0.00914134643972, 0.0204198844731, -0.0078369518742, 0.000476775778225, 0.00133972789627], [0.000313362572342, -0.000960290723015, 0.00165242992807, -0.000673713628203, 0.000194619642571, 0.00166296062525, -0.00355925410986, 0.00154584739357, 0.00120156293269, -0.0078369518742, 0.0188506059349, -0.00862781144679, 0.000234524268308], [-0.000465475255623, 0.00142196891829, -0.000854536716361, 0.00167694617994, -0.00057670933893, -0.000514523941092, 0.000630270806141, -0.00162630877458, 0.00172803504393, 0.000476775778225, -0.00862781144679, 0.0208317190409, -0.00849227141589], [0.000307287409669, -0.000812584825326, 0.00115165044554, -0.000207358592888, 0.000814268540125, 0.000705541635398, -0.00119798770174, 0.000502717855852, -0.00274016987532, 0.00133972789627, 0.000234524268308, -0.00849227141589, 0.0189889445901]]
    },
    "melbands": {
        "dmean": [0.00192904961295, 0.00136884395033, 0.000471053906949, 0.00049435015535, 0.000359395897249, 0.000263363646809, 0.000183803524124, 0.000164170589414, 0.000152925829752, 0.000121748147649, 8.6527899839e-05, 8.47632909426e-05, 8.69667783263e-05, 5.15687643201e-05, 7.65863223933e-05, 4.52232889074e-05, 3.99952259613e-05, 3.50258524122e-05, 3.84045306419e-05, 2.67752893706e-05, 2.63302572421e-05, 2.88818409899e-05, 2.20161255129e-05, 2.23110673687e-05, 2.0448502255e-05, 1.40925130836e-05, 1.34738638735e-05, 1.1892441762e-05, 9.10534436116e-06, 6.84869974066e-06, 5.94481343796e-06, 5.38731865163e-06, 4.50094103144e-06, 3.46291858477e-06, 2.55088957601e-06, 2.67462746706e-06, 2.2275567062e-06, 1.851580123e-06, 1.24944710933e-06, 9.97520032797e-07],
        "dmean2": [0.00304993661121, 0.00215792097151, 0.000821286870632, 0.000886403373443, 0.0006506559439, 0.000461949355667, 0.000322982552461, 0.000282488559606, 0.000258005369687, 0.000204399242648, 0.00014558978728, 0.000141182303196, 0.000142832024721, 8.52875964483e-05, 0.000123609017464, 7.5506963185e-05, 6.66981504764e-05, 5.77194805373e-05, 6.36774129816e-05, 4.39093419118e-05, 4.54025393992e-05, 4.9328788009e-05, 3.67401917174e-05, 3.7181260268e-05, 3.38045683748e-05, 2.38911979977e-05, 2.23861752602e-05, 2.03243616852e-05, 1.55496018124e-05, 1.15465036288e-05, 9.7905540315e-06, 8.91696709004e-06, 7.67425080994e-06, 5.83088285566e-06, 4.34768026025e-06, 4.43332783107e-06, 3.5431987726e-06, 3.1393901736e-06, 2.09951076613e-06, 1.68014889823e-06],
        "dvar": [7.38032849767e-06, 3.93803111365e-06, 8.90084209004e-07, 7.84630515227e-07, 3.93427882273e-07, 2.45551632361e-07, 9.1112553946e-08, 6.73319391353e-08, 4.80713993056e-08, 2.7221375376e-08, 1.70185092685e-08, 1.51676164961e-08, 1.83689099487e-08, 5.94636118123e-09, 1.88492474962e-08, 4.97299623703e-09, 3.97969257548e-09, 2.53842946663e-09, 2.79302025952e-09, 1.65397417984e-09, 1.54398505092e-09, 1.66745928176e-09, 1.12073672565e-09, 1.14248577265e-09, 9.87773973726e-10, 4.91016560744e-10, 6.20213769231e-10, 2.96865032556e-10, 1.61116731068e-10, 8.54463722e-11, 6.04760894141e-11, 5.32518022733e-11, 4.12630901669e-11, 2.59831184346e-11, 1.30989386005e-11, 1.66574080918e-11, 1.23831474588e-11, 7.16481127899e-12, 2.99762428421e-12, 2.16621013661e-12],
        "dvar2": [1.93934083654e-05, 9.66320385487e-06, 2.61305967797e-06, 2.28790258916e-06, 1.13798671464e-06, 5.75452133944e-07, 2.58915918039e-07, 1.84654666668e-07, 1.24630062714e-07, 7.28102094172e-08, 4.60577140871e-08, 3.92670109761e-08, 4.43865033617e-08, 1.43089495808e-08, 4.21504147141e-08, 1.28039125968e-08, 1.00865191754e-08, 6.16985795787e-09, 7.2982722088e-09, 3.95819244048e-09, 4.15606082882e-09, 4.44121228682e-09, 2.85048251669e-09, 2.88107160351e-09, 2.30862018391e-09, 1.26491239705e-09, 1.52171630852e-09, 8.00960076042e-10, 4.48784648333e-10, 2.35960667672e-10, 1.59322277593e-10, 1.40415984395e-10, 1.1433801822e-10, 7.09666422849e-11, 3.62092959783e-11, 4.31349261865e-11, 2.98838349899e-11, 1.95661646607e-11, 7.80026303965e-12, 5.65008716896e-12],
        "max": [0.0303284786642, 0.0214890278876, 0.016872830689, 0.0107190283015, 0.00620316108689, 0.0121089238673, 0.00494605395943, 0.00588225061074, 0.00795870088041, 0.00247564050369, 0.00333461887203, 0.00228984560817, 0.00285249995068, 0.00173961021937, 0.00328554073349, 0.00191378616728, 0.00181642221287, 0.00125510792714, 0.0011579846032, 0.00125715974718, 0.000609025824815, 0.00104504555929, 0.000761333096307, 0.000819938606583, 0.000882879190613, 0.000602087122388, 0.000691991881467, 0.000419703952502, 0.000346577697201, 0.000260208878899, 0.00015111148241, 0.000184051168617, 0.000149208834046, 0.000119291056762, 0.000101809833723, 7.46748628444e-05, 7.422312774e-05, 4.17228875449e-05, 2.46148047154e-05, 1.91225553863e-05],
        "mean": [0.00289319921285, 0.00193146744277, 0.000492635124829, 0.000502044684254, 0.000364416453522, 0.000322040024912, 0.000239966684603, 0.00022190589516, 0.000219496927457, 0.000188160163816, 0.000134082089062, 0.000148800216266, 0.000177303620148, 9.31316826609e-05, 0.000170566985616, 8.00425259513e-05, 6.75399496686e-05, 6.22533698333e-05, 7.05013226252e-05, 4.77126268379e-05, 4.24133504566e-05, 4.84911179228e-05, 3.98350275645e-05, 4.45043442596e-05, 3.99040509365e-05, 2.60664146481e-05, 2.55277882388e-05, 2.22341896006e-05, 1.80541464943e-05, 1.39990461321e-05, 1.24952484839e-05, 1.13428659461e-05, 9.17467696127e-06, 7.46763043935e-06, 5.57935391043e-06, 5.58052488486e-06, 4.80024891658e-06, 3.84433633371e-06, 2.7941910048e-06, 2.19948378799e-06],
        "median": [0.00147193332668, 0.000888289476279, 0.00018404336879, 0.000195794884348, 0.000179213573574, 0.0001858399919, 0.000146544116433, 0.000130969652673, 0.000136737638968, 0.000120940298075, 8.10160272522e-05, 8.97645659279e-05, 9.00471932255e-05, 5.92086762481e-05, 6.90914457664e-05, 5.05698262714e-05, 4.1905339458e-05, 4.17992960138e-05, 4.8691923439e-05, 3.14312819683e-05, 2.80740841845e-05, 3.30226466758e-05, 2.85391088255e-05, 2.95189456665e-05, 2.47332627623e-05, 1.87014466064e-05, 1.73846892721e-05, 1.6957110347e-05, 1.4344007468e-05, 1.07637060864e-05, 9.22262552194e-06, 8.80407787918e-06, 7.34284003556e-06, 5.47284344066e-06, 4.12017743656e-06, 3.60965100299e-06, 2.97490851153e-06, 2.56487533079e-06, 1.88298031389e-06, 1.42359704114e-06],
        "min": [1.37823624245e-24, 1.22487142728e-24, 1.95402187287e-24, 2.06424526563e-24, 1.33855032664e-24, 8.68757132132e-25, 1.70763319925e-24, 1.52652118782e-24, 1.78806387943e-24, 1.21752299074e-24, 2.45268609461e-24, 2.98397819503e-24, 1.85968534987e-24, 3.20202960443e-24, 2.94523703876e-24, 3.43651278926e-24, 2.68936093225e-24, 4.13287896448e-24, 3.63924570317e-24, 2.65005771259e-24, 4.14477183149e-24, 4.16169250348e-24, 3.54075010826e-24, 2.71680658644e-24, 4.67685456776e-24, 4.38242130679e-24, 4.72936785493e-24, 4.03448237162e-24, 3.9603704673e-24, 5.39384077818e-24, 5.07169798905e-24, 4.89301271098e-24, 5.15895941581e-24, 6.03109208375e-24, 5.70603563687e-24, 5.96141278885e-24, 4.72590751657e-24, 6.18085890433e-24, 6.82178196298e-24, 5.54177191944e-24],
        "var": [1.27786170196e-05, 6.46852413411e-06, 7.67831920712e-07, 7.06710238774e-07, 3.08656723291e-07, 2.9251560818e-07, 9.45275289155e-08, 8.49835473105e-08, 7.67439374272e-08, 4.40608154406e-08, 2.7417703663e-08, 3.21530251313e-08, 6.74009115187e-08, 1.36042341836e-08, 1.16753732016e-07, 9.39694899671e-09, 7.93974308522e-09, 5.41889288996e-09, 5.44733769203e-09, 3.40913919317e-09, 2.27388508023e-09, 2.83858625494e-09, 1.96950078468e-09, 2.78244716156e-09, 2.93540391993e-09, 8.51750059372e-10, 1.05686259744e-09, 5.13208420205e-10, 3.03690655956e-10, 1.77253059452e-10, 1.46088141584e-10, 1.22153495652e-10, 7.61564283858e-11, 5.67717713118e-11, 3.17817404338e-11, 3.99072407065e-11, 3.17000176109e-11, 1.69096178032e-11, 9.03270253733e-12, 6.06149679061e-12]
    },
    "mfcc": {
        "mean": [-589.105224609, 88.8827285767, -10.541844368, 19.6707515717, -1.12061703205, 6.54869508743, 2.02512955666, 6.00563144684, 2.11571311951, 3.68683338165, 2.67420005798, 3.67133116722, 1.78876852989],
        "cov": [[7689.78466797, -262.840667725, 735.171630859, 166.969009399, 81.143371582, 142.312011719, 225.929992676, 152.783370972, 10.3355569839, 90.1794967651, 88.4442062378, 130.508575439, 6.59013366699], [-262.840667725, 898.156799316, -288.837158203, 21.5213813782, -65.9934616089, -40.377040863, -48.4174308777, -24.6472702026, -8.13988399506, -41.1015815735, -13.8059873581, -27.5814914703, 14.1229667664], [735.171630859, -288.837158203, 854.272216797, 55.3306350708, 201.670288086, 116.531997681, 102.831092834, 55.9745597839, 80.6632766724, 111.61138916, 70.2028427124, 36.5866928101, -16.0782661438], [166.969009399, 21.5213813782, 55.3306350708, 182.814178467, 53.9662704468, 27.4544963837, 27.6571731567, 29.5388813019, 19.6852073669, 20.1308898926, 10.0340509415, -0.20682528615, 3.60599899292], [81.143371582, -65.9934616089, 201.670288086, 53.9662704468, 193.530685425, 65.0601501465, 55.8117675781, 32.4114646912, 46.4828681946, 47.8444099426, 25.7158889771, 10.2893896103, 3.05932402611], [142.312011719, -40.377040863, 116.531997681, 27.4544963837, 65.0601501465, 149.205535889, 67.7093429565, 41.1295166016, 38.4740905762, 40.7244186401, 27.2485218048, 18.9267959595, 6.28088665009], [225.929992676, -48.4174308777, 102.831092834, 27.6571731567, 55.8117675781, 67.7093429565, 137.413848877, 64.4519958496, 30.8650360107, 28.9851169586, 22.4689788818, 19.1951904297, 14.4388084412], [152.783370972, -24.6472702026, 55.9745597839, 29.5388813019, 32.4114646912, 41.1295166016, 64.4519958496, 108.628585815, 54.8930892944, 26.0488929749, 25.5601825714, 18.0234966278, 12.9177627563], [10.3355569839, -8.13988399506, 80.6632766724, 19.6852073669, 46.4828681946, 38.4740905762, 30.8650360107, 54.8930892944, 118.445167542, 72.2879257202, 34.7173805237, 12.1919488907, 11.1580114365], [90.1794967651, -41.1015815735, 111.61138916, 20.1308898926, 47.8444099426, 40.7244186401, 28.9851169586, 26.0488929749, 72.2879257202, 117.67073822, 59.0069389343, 24.9509735107, 8.20021820068], [88.4442062378, -13.8059873581, 70.2028427124, 10.0340509415, 25.7158889771, 27.2485218048, 22.4689788818, 25.5601825714, 34.7173805237, 59.0069389343, 92.5534973145, 44.7509384155, 16.2667179108], [130.508575439, -27.5814914703, 36.5866928101, -0.20682528615, 10.2893896103, 18.9267959595, 19.1951904297, 18.0234966278, 12.1919488907, 24.9509735107, 44.7509384155, 81.6549987793, 34.5425071716], [6.59013366699, 14.1229667664, -16.0782661438, 3.60599899292, 3.05932402611, 6.28088665009, 14.4388084412, 12.9177627563, 11.1580114365, 8.20021820068, 16.2667179108, 34.5425071716, 67.116104126]],
