{
"lowlevel": {
    "average_loudness": 0.969484627247,
    "barkbands_crest": {
        "dmean": 2.75727653503,
        "dmean2": 4.42889881134,
        "dvar": 6.76256275177,
        "dvar2": 16.9265098572,
        "max": 25.6521320343,
        "mean": 7.90855789185,
        "median": 6.95058917999,
        "min": 1.84436404705,
        "var": 16.055524826
    },
    "barkbands_flatness_db": {
        "dmean": 0.0169187448919,
        "dmean2": 0.0261150673032,
        "dvar": 0.000370626541553,
        "dvar2": 0.000834417296574,
        "max": 0.502903878689,
        "mean": 0.0595628991723,
        "median": 0.050215434283,
        "min": 0.00902916397899,
        "var": 0.00133022875525
    },
    "barkbands_kurtosis": {
        "dmean": 1.20140695572,
        "dmean2": 1.92462563515,
        "dvar": 34.6607322693,
        "dvar2": 80.650642395,
        "max": 213.004882812,
        "mean": 0.0572479590774,
        "median": -0.945731759071,
        "min": -1.86610972881,
        "var": 39.9542617798
    },
    "barkbands_skewness": {
        "dmean": 0.452799528837,
        "dmean2": 0.702568054199,
        "dvar": 0.286258012056,
        "dvar2": 0.632957696915,
        "max": 13.7646741867,
        "mean": 0.547633171082,
        "median": 0.483898282051,
        "min": -2.26392221451,
        "var": 0.920365035534
    },
    "barkbands_spread": {
        "dmean": 8.70244598389,
        "dmean2": 13.773223877,
        "dvar": 70.2171936035,
        "dvar2": 164.361495972,
        "max": 108.907691956,
        "mean": 52.8709526062,
        "median": 53.3005867004,
        "min": 0.477044224739,
        "var": 298.573272705
    },
    "dissonance": {
        "dmean": 0.00887694396079,
        "dmean2": 0.0151844331995,
        "dvar": 0.000112955363875,
        "dvar2": 0.000320178223774,
        "max": 0.500000119209,
        "mean": 0.487088650465,
        "median": 0.489663004875,
        "min": 0.210943341255,
        "var": 0.000139850264532
    },
    "dynamic_complexity": 1.43788933754,
    "erbbands_crest": {
        "dmean": 1.9618127346,
        "dmean2": 3.26858639717,
        "dvar": 4.63067150116,
        "dvar2": 11.5236663818,
        "max": 28.7346935272,
        "mean": 5.99454498291,
        "median": 5.00828075409,
        "min": 2.14143872261,
        "var": 10.2534532547
    },
    "erbbands_flatness_db": {
        "dmean": 0.0127318929881,
        "dmean2": 0.0199243742973,
        "dvar": 0.000181431008969,
        "dvar2": 0.000409095489886,
        "max": 0.408753186464,
        "mean": 0.100901558995,
        "median": 0.0937100425363,
        "min": 0.0427052006125,
        "var": 0.00117976951879
    },
    "erbbands_kurtosis": {
        "dmean": 0.706784725189,
        "dmean2": 1.12905168533,
        "dvar": 1.59128904343,
        "dvar2": 4.08150053024,
        "max": 44.7979125977,
        "mean": 0.0889726430178,
        "median": -0.245460271835,
        "min": -1.87735056877,
        "var": 3.37428069115
    },
    "erbbands_skewness": {
        "dmean": 0.287729203701,
        "dmean2": 0.460662066936,
        "dvar": 0.0767734125257,
        "dvar2": 0.188018128276,
        "max": 4.79455804825,
        "mean": -0.280935794115,
        "median": -0.293436646461,
        "min": -3.55084896088,
        "var": 0.264494299889
    },
    "erbbands_spread": {
        "dmean": 9.62766361237,
        "dmean2": 15.1405773163,
        "dvar": 119.388664246,
        "dvar2": 273.109039307,
        "max": 171.089859009,
        "mean": 45.2021026611,
        "median": 42.9524650574,
        "min": 3.38200569153,
        "var": 299.910064697
    },
    "hfc": {
        "dmean": 15.0595340729,
        "dmean2": 23.7632083893,
        "dvar": 278.168243408,
        "dvar2": 640.04864502,
        "max": 242.511169434,
        "mean": 59.8087806702,
        "median": 56.3526535034,
        "min": 1.07154525032e-16,
        "var": 1100.37158203
    },
    "melbands_crest": {
        "dmean": 4.17731332779,
        "dmean2": 6.75736999512,
        "dvar": 14.5659809113,
        "dvar2": 35.6510925293,
        "max": 36.9066619873,
        "mean": 14.6135501862,
        "median": 13.6149501801,
        "min": 1.60772025585,
        "var": 49.5509376526
    },
    "melbands_flatness_db": {
        "dmean": 0.0266035143286,
        "dmean2": 0.0409590229392,
        "dvar": 0.000800062145572,
        "dvar2": 0.00188498897478,
        "max": 0.637879312038,
        "mean": 0.111566774547,
        "median": 0.102902553976,
        "min": 0.00320699857548,
        "var": 0.00288073741831
    },
    "melbands_kurtosis": {
        "dmean": 5.97644996643,
        "dmean2": 9.30727863312,
        "dvar": 335.330810547,
        "dvar2": 674.330749512,
        "max": 577.533874512,
        "mean": 7.87996816635,
        "median": 3.2820725441,
        "min": -1.64637243748,
        "var": 546.38684082
    },
    "melbands_skewness": {
        "dmean": 0.775803804398,
        "dmean2": 1.21257352829,
        "dvar": 0.894865393639,
        "dvar2": 1.92023193836,
        "max": 18.6798992157,
        "mean": 2.20042395592,
        "median": 1.89016997814,
        "min": -1.18189358711,
        "var": 2.55802202225
    },
    "melbands_spread": {
        "dmean": 14.3426961899,
        "dmean2": 23.0131492615,
        "dvar": 177.257217407,
        "dvar2": 439.977142334,
        "max": 164.745803833,
        "mean": 54.8977508545,
        "median": 52.6922912598,
        "min": 0.397867083549,
        "var": 669.071166992
    },
    "pitch_salience": {
        "dmean": 0.0829803869128,
        "dmean2": 0.131288439035,
        "dvar": 0.00627304846421,
        "dvar2": 0.0158101320267,
        "max": 0.885026812553,
        "mean": 0.590839087963,
        "median": 0.609385967255,
        "min": 0.0692570656538,
        "var": 0.0159475710243
    },
    "silence_rate_20dB": {
        "dmean": 0,
        "dmean2": 0,
        "dvar": 0,
        "dvar2": 0,
        "max": 1,
        "mean": 1,
        "median": 1,
        "min": 1,
        "var": 0
    },
    "silence_rate_30dB": {
        "dmean": 0,
        "dmean2": 0,
        "dvar": 0,
        "dvar2": 0,
        "max": 1,
        "mean": 1,
        "median": 1,
        "min": 1,
        "var": 0
    },
    "silence_rate_60dB": {
        "dmean": 0.000585223140661,
        "dmean2": 0.00117061752826,
        "dvar": 0.000584799214266,
        "dvar2": 0.00116928562056,
        "max": 1,
        "mean": 0.0400819182396,
        "median": 0,
        "min": 0,
        "var": 0.0384724475443
    },
    "spectral_centroid": {
        "dmean": 317.845092773,
        "dmean2": 502.537719727,
        "dvar": 112920.195312,
        "dvar2": 242186.0625,
        "max": 11883.0947266,
        "mean": 2817.42724609,
        "median": 2604.18359375,
        "min": 171.625518799,
        "var": 2627858.5
    },
    "spectral_complexity": {
        "dmean": 5.74396467209,
        "dmean2": 9.14983940125,
        "dvar": 31.5673713684,
        "dvar2": 72.5807495117,
        "max": 62,
        "mean": 35.5500297546,
        "median": 39,
        "min": 0,
        "var": 193.08203125
    },
    "spectral_decrease": {
        "dmean": 1.6596624075e-09,
        "dmean2": 2.63470401052e-09,
        "dvar": 2.6628310834e-18,
        "dvar2": 6.43967510139e-18,
        "max": 1.85801551565e-28,
        "mean": -6.66108812553e-09,
        "median": -6.76076883366e-09,
        "min": -1.63020779098e-08,
        "var": 7.41564193149e-18
    },
    "spectral_energy": {
        "dmean": 0.00674489606172,
        "dmean2": 0.0107488967478,
        "dvar": 4.41772572231e-05,
        "dvar2": 0.00010354238475,
        "max": 0.063608288765,
        "mean": 0.0305653214455,
        "median": 0.0315572805703,
        "min": 1.00259759004e-20,
        "var": 0.000141720374813
    },
    "spectral_energyband_high": {
        "dmean": 0.0014761533821,
        "dmean2": 0.0023214656394,
        "dvar": 2.62686467067e-06,
        "dvar2": 6.1392815951e-06,
        "max": 0.0209653507918,
        "mean": 0.00493965251371,
        "median": 0.00439991010353,
        "min": 7.12735731942e-21,
        "var": 1.06519255496e-05
    },
    "spectral_energyband_low": {
        "dmean": 0.00526560284197,
        "dmean2": 0.007997373119,
        "dvar": 3.29389040417e-05,
        "dvar2": 7.5642070442e-05,
        "max": 0.0553276613355,
        "mean": 0.0107196662575,
        "median": 0.0087825730443,
        "min": 1.78739220381e-23,
        "var": 7.71297127358e-05
    },
    "spectral_energyband_middle_high": {
        "dmean": 0.00255977548659,
        "dmean2": 0.0039867348969,
        "dvar": 6.55682651995e-06,
        "dvar2": 1.46355996549e-05,
        "max": 0.0326481647789,
        "mean": 0.00869195535779,
        "median": 0.00827819015831,
        "min": 1.04817405029e-21,
        "var": 3.004035716e-05
    },
    "spectral_energyband_middle_low": {
        "dmean": 0.00323775224388,
        "dmean2": 0.00531207257882,
        "dvar": 1.82466446859e-05,
        "dvar2": 4.8172314564e-05,
        "max": 0.0430933535099,
        "mean": 0.00681656133384,
        "median": 0.00564859434962,
        "min": 1.12414042146e-22,
        "var": 2.91387696052e-05
    },
    "spectral_entropy": {
        "dmean": 0.0924912840128,
        "dmean2": 0.145505815744,
        "dvar": 0.0149071272463,
        "dvar2": 0.0340048000216,
        "max": 9.82595825195,
        "mean": 8.27668571472,
        "median": 8.2742729187,
        "min": 5.23039388657,
        "var": 0.146634608507
    },
    "spectral_flux": {
        "dmean": 0.0188630800694,
        "dmean2": 0.0306886471808,
        "dvar": 0.000324987136992,
        "dvar2": 0.000801056332421,
        "max": 0.219749033451,
        "mean": 0.107585273683,
        "median": 0.110455617309,
        "min": 6.40102415517e-11,
        "var": 0.00117502396461
    },
    "spectral_kurtosis": {
        "dmean": 0.644072592258,
        "dmean2": 1.03265559673,
        "dvar": 1.93600594997,
        "dvar2": 4.87277460098,
        "max": 64.1753921509,
        "mean": 2.5093870163,
        "median": 2.36962270737,
        "min": -1.27715623379,
        "var": 3.95180749893
    },
    "spectral_rms": {
        "dmean": 0.000611231778748,
        "dmean2": 0.00096471386496,
        "dvar": 3.72705756035e-07,
        "dvar2": 8.54825600527e-07,
        "max": 0.00787761807442,
        "mean": 0.00527044804767,
        "median": 0.00554865691811,
        "min": 3.12752926855e-12,
        "var": 2.04221373679e-06
    },
    "spectral_rolloff": {
        "dmean": 1196.82897949,
        "dmean2": 1932.80212402,
        "dvar": 1811074.25,
        "dvar2": 4270123,
        "max": 19745.9472656,
        "mean": 4750.79345703,
        "median": 4005.17578125,
        "min": 64.599609375,
        "var": 11335591
    },
    "spectral_skewness": {
        "dmean": 0.120851442218,
        "dmean2": 0.192015826702,
        "dvar": 0.0252930242568,
        "dvar2": 0.0605320073664,
        "max": 6.53531551361,
        "mean": 1.19671773911,
        "median": 1.22693824768,
        "min": -0.0992024093866,
        "var": 0.123982571065
    },
    "spectral_spread": {
        "dmean": 604119.5,
        "dmean2": 960694.5625,
        "dvar": 690920488960,
        "dvar2": 1.5911935017e+12,
        "max": 44319356,
        "mean": 7432546.5,
        "median": 6362729,
        "min": 1135434.125,
        "var": 4.12035632333e+13
    },
    "spectral_strongpeak": {
        "dmean": 0.429309278727,
        "dmean2": 0.753500640392,
        "dvar": 0.970387279987,
        "dvar2": 2.40945339203,
        "max": 11.354886055,
        "mean": 0.58267891407,
        "median": 0.242464676499,
        "min": 0,
        "var": 1.27209675312
    },
    "zerocrossingrate": {
        "dmean": 0.0165902040899,
        "dmean2": 0.0204180013388,
        "dvar": 0.000279408035567,
        "dvar2": 0.00037662719842,
        "max": 0.763671875,
        "mean": 0.143284335732,
        "median": 0.1298828125,
        "min": 0.001953125,
        "var": 0.0064677093178
    },
    "barkbands": {
        "dmean": [0.000401461758884, 0.00448257941753, 0.00164942350239, 0.000796432839707, 0.00157058658078, 0.000950312649366, 0.000734801637009, 0.000518758839462, 0.000657663389575, 0.000475937791634, 0.000524117436726, 0.000483281328343, 0.00048470243928, 0.000485161144752, 0.000671703310218, 0.000470669852803, 0.00043523038039, 0.000445671059424, 0.000427744787885, 0.00044552233885, 0.000364741921658, 0.000315246084938, 0.000292446959065, 0.000289276300464, 0.000272585108178, 0.00021784027922, 7.35272988095e-05],
        "dmean2": [0.000547594914678, 0.00704438658431, 0.00275470525958, 0.00138057162985, 0.00269428570755, 0.00163517019246, 0.0012149058748, 0.000868991075549, 0.00109153334051, 0.000803807983175, 0.000880143838003, 0.000798438326456, 0.000803776143584, 0.000802708964329, 0.00105903157964, 0.000780298432801, 0.000707974657416, 0.000726458209101, 0.000708028499503, 0.000730455329176, 0.000591831165366, 0.000519387191162, 0.00048236415023, 0.000478706875583, 0.000438506191131, 0.000339150574291, 0.000117710704217],
        "dvar": [4.29761456644e-07, 3.07343252643e-05, 5.40118116987e-06, 1.70856435489e-06, 7.34348441256e-06, 2.30992418437e-06, 1.3259973457e-06, 7.08930656401e-07, 8.82391077539e-07, 5.69124495087e-07, 6.4262513888e-07, 5.56497127491e-07, 5.44112708667e-07, 6.12139331224e-07, 1.25352732994e-06, 4.06588867463e-07, 4.15485800431e-07, 3.09752408612e-07, 2.61507693722e-07, 2.86894731971e-07, 1.76540908114e-07, 1.31296772565e-07, 1.17828008683e-07, 1.35390919809e-07, 1.55403213853e-07, 1.38145964002e-07, 1.71188734299e-08],
        "dvar2": [6.6091121198e-07, 7.08213920007e-05, 1.40543634188e-05, 4.62621574115e-06, 1.89559377759e-05, 6.10604411122e-06, 3.29560953105e-06, 1.80580173037e-06, 2.26531437875e-06, 1.42764611155e-06, 1.60483887157e-06, 1.4226610574e-06, 1.4004441482e-06, 1.53129474256e-06, 2.59950047621e-06, 9.94710262603e-07, 9.89600721368e-07, 7.47288765979e-07, 6.79422328176e-07, 7.09282346634e-07, 4.42763649744e-07, 3.36468190199e-07, 3.11736812364e-07, 3.53099210315e-07, 3.80090682484e-07, 3.31308910972e-07, 4.30533546592e-08],
        "max": [0.00867353379726, 0.0459657981992, 0.0312275700271, 0.0193926990032, 0.0287355706096, 0.0215416252613, 0.0156590156257, 0.013116334565, 0.0180835463107, 0.0174717660993, 0.0174901038408, 0.0199888814241, 0.0133733861148, 0.0127281900495, 0.0194756127894, 0.0159364268184, 0.0214799251407, 0.010463568382, 0.00813385657966, 0.00815462321043, 0.00728041911498, 0.00622789654881, 0.00474992673844, 0.00527474284172, 0.00755495810881, 0.00872822571546, 0.0030821042601],
        "mean": [0.000846108712722, 0.00728560518473, 0.00211780867539, 0.000888506881893, 0.00185167777818, 0.00112371926662, 0.000998993869871, 0.000713327084668, 0.00102320965379, 0.000662184727844, 0.000734806002583, 0.000755809422117, 0.000740364193916, 0.000829939381219, 0.00120167050045, 0.000804946874268, 0.000810101628304, 0.000865738024004, 0.000903357169591, 0.00101738679223, 0.000887943082489, 0.000747985672206, 0.000685446022544, 0.000682048324961, 0.000676194438711, 0.000546477036551, 0.00016399010201],
        "median": [0.000199372385396, 0.00498007191345, 0.0011076235678, 0.000427780731115, 0.000844590482302, 0.000551835284568, 0.000529849901795, 0.000382108759368, 0.000663937069476, 0.000384858460166, 0.000400305551011, 0.000475068518426, 0.000450947729405, 0.00047724720207, 0.000567937328015, 0.000591971096583, 0.000580805761274, 0.000663984799758, 0.000744430464692, 0.000861425534822, 0.000789322773926, 0.000631230708677, 0.000558998435736, 0.000527458381839, 0.000519106513821, 0.000365462852642, 0.000101767363958],
        "min": [3.1603954487e-25, 1.28104512766e-24, 1.10714939392e-25, 5.06487108817e-25, 3.61214320348e-24, 6.52926839502e-24, 3.94273548176e-24, 7.7172684636e-24, 1.21438044499e-23, 1.90272319483e-23, 1.36019783345e-23, 1.2183628515e-23, 1.981108832e-23, 2.09864027163e-23, 3.35608281906e-23, 3.97327844052e-23, 6.01232737051e-23, 5.95498349359e-23, 1.25256167568e-22, 1.460757972e-22, 2.00299129708e-22, 2.93638212243e-22, 3.5727066111e-22, 5.6642924152e-22, 8.9220769177e-22, 1.25190292003e-21, 1.93663337797e-21],
        "var": [1.94294329958e-06, 5.41271438124e-05, 7.68837890064e-06, 1.78727111688e-06, 8.43542056828e-06, 2.52300560533e-06, 1.9307688035e-06, 1.04336049844e-06, 1.45917692862e-06, 8.10567826193e-07, 1.12035468192e-06, 9.02064755337e-07, 8.6764794105e-07, 1.30099078888e-06, 3.64413040188e-06, 7.27934263978e-07, 8.5755704049e-07, 6.63562843783e-07, 5.88930561207e-07, 7.04761987436e-07, 4.27119061897e-07, 3.60782934195e-07, 3.27679941847e-07, 3.63781396118e-07, 4.0600872353e-07, 3.38920870036e-07, 3.62297178924e-08]
    },
    "erbbands": {
        "dmean": [0.162166237831, 0.965103268623, 1.83921778202, 2.26465654373, 3.74954652786, 5.96742534637, 6.64067316055, 7.90483474731, 9.37668037415, 11.8228006363, 12.0292110443, 15.3802232742, 14.4998321533, 15.233420372, 19.4767780304, 19.0145397186, 20.2843170166, 23.7686882019, 37.6527519226, 24.5655384064, 25.1917285919, 23.2119445801, 22.5242843628, 20.9282608032, 22.1624927521, 21.1400184631, 16.1734104156, 14.3566999435, 11.8163309097, 9.48992824554, 8.16842460632, 6.77416276932, 4.60702371597, 3.28820896149, 1.95096027851, 1.08741188049, 0.39479392767, 0.117329277098, 0.011042073369, 0.000165703269886],
        "dmean2": [0.243201211095, 1.57474672794, 3.03441739082, 3.78176546097, 6.33245182037, 10.4317626953, 11.6970033646, 13.5663204193, 15.5562400818, 19.4497184753, 20.2617931366, 25.59100914, 24.3738708496, 25.3309593201, 32.7028694153, 31.4177818298, 33.3489570618, 39.0759315491, 58.0723876953, 40.6703414917, 41.4518585205, 37.3660812378, 36.2374038696, 34.8040542603, 36.9250106812, 34.6689338684, 26.2425518036, 23.5399742126, 19.6343536377, 15.431678772, 13.4432516098, 11.2192754745, 7.62738752365, 5.3996515274, 3.14693307877, 1.70860922337, 0.624358952045, 0.184318065643, 0.0177831351757, 0.000261374487309],
        "dvar": [0.0500850975513, 1.6708278656, 6.5748167038, 10.190987587, 39.9666786194, 119.285331726, 153.676940918, 154.321136475, 206.699371338, 449.004455566, 369.568939209, 545.623535156, 468.646636963, 615.827880859, 678.411499023, 985.144042969, 944.192260742, 1359.19995117, 5287.54003906, 1123.31555176, 1116.44226074, 1205.03186035, 827.427307129, 724.863952637, 713.672668457, 659.82232666, 360.460174561, 307.050170898, 185.633758545, 122.09034729, 92.5958633423, 74.8904342651, 37.8898353577, 23.5810012817, 8.08143138885, 3.43689370155, 0.497554838657, 0.0482873730361, 0.00034678686643, 7.36575955784e-08],
        "dvar2": [0.0981346443295, 4.17497205734, 17.1552009583, 26.963300705, 103.705825806, 318.755004883, 417.852752686, 403.246673584, 521.615112305, 1069.3951416, 954.439147949, 1404.41650391, 1238.92956543, 1494.02453613, 1754.56726074, 2546.48071289, 2430.08129883, 3371.69091797, 10477.1386719, 2880.86035156, 2732.2253418, 2945.6171875, 2024.93273926, 1878.17675781, 1826.56420898, 1674.39453125, 917.404174805, 765.043823242, 476.3878479, 308.545288086, 245.80027771, 199.138198853, 98.1026763916, 60.1883773804, 19.3822097778, 8.65885829926, 1.20508825779, 0.116293437779, 0.000862202607095, 1.76956930886e-07],
        "max": [2.0923306942, 11.3377819061, 36.6593971252, 37.6444969177, 87.0899810791, 111.636070251, 210.328964233, 163.918869019, 249.856445312, 382.257385254, 364.247924805, 569.493041992, 406.390197754, 483.9425354, 508.867095947, 941.193359375, 639.810668945, 581.395019531, 1318.64501953, 591.237060547, 762.827880859, 1084.53381348, 608.547546387, 485.625030518, 430.316955566, 401.523864746, 279.507904053, 297.377044678, 262.555145264, 162.028030396, 135.316955566, 177.775421143, 91.8001403809, 113.575279236, 57.85131073, 58.2910270691, 12.4359378815, 4.43881225586, 0.566216647625, 0.0081118280068],
        "mean": [0.287764459848, 1.30457305908, 2.46505713463, 3.01388025284, 4.50431728363, 6.34555721283, 7.1828956604, 9.41966629028, 12.3234519958, 16.5113525391, 17.7317276001, 23.6372356415, 21.6523761749, 23.6328792572, 30.0278968811, 31.6468772888, 33.7439918518, 42.7267875671, 68.6048965454, 45.2482528687, 46.7770576477, 46.888458252, 46.6493301392, 44.1644477844, 47.3879814148, 48.2131729126, 38.7516403198, 33.8808479309, 27.3510513306, 22.6506309509, 18.7983531952, 15.4098186493, 10.6115188599, 7.62608575821, 4.73079204559, 2.55758500099, 0.948622524738, 0.282765209675, 0.0251873098314, 0.000444333971245],
        "median": [0.13258472085, 0.846440970898, 1.46052837372, 1.92621135712, 2.12128162384, 2.60473632812, 3.35601639748, 4.55334091187, 6.60336112976, 8.19079017639, 10.4093055725, 15.0449523926, 14.0198078156, 14.2727127075, 19.577123642, 21.111000061, 22.3892402649, 26.2116546631, 28.730682373, 32.2671699524, 35.4265670776, 34.8155326843, 36.6271438599, 36.4961967468, 39.5297279358, 40.6046028137, 34.1601295471, 29.943944931, 22.8558177948, 18.7970485687, 15.2887420654, 11.8092975616, 8.07657623291, 5.83545970917, 3.51475715637, 1.75160932541, 0.618337631226, 0.181575194001, 0.0161173362285, 0.000311492942274],
        "min": [6.49773304925e-23, 1.10474756983e-22, 8.10983442768e-22, 5.12935747976e-21, 8.57291360099e-21, 1.68238826915e-20, 2.47093938553e-20, 5.9591958947e-20, 6.69499372909e-20, 1.70173902867e-19, 2.8458120169e-19, 3.16135763915e-19, 4.81217956521e-19, 8.37207023854e-19, 7.2967705974e-19, 7.75253884311e-19, 1.37834098086e-18, 1.49806948087e-18, 1.4881183947e-18, 2.45289347112e-18, 3.00932132557e-18, 3.61220219566e-18, 4.29948092403e-18, 5.51181668212e-18, 6.71814959051e-18, 7.29667764298e-18, 7.10039099234e-18, 9.95948370417e-18, 9.60187946329e-18, 1.11426878154e-17, 9.61891442083e-18, 9.95592434599e-18, 9.48034098871e-18, 8.53504560213e-18, 5.85585102505e-18, 4.16194229486e-18, 2.29074539154e-18, 8.65910036013e-19, 2.40118899597e-19, 2.58968407052e-20],
        "var": [0.13053548336, 2.17044377327, 9.32982444763, 13.1192598343, 46.8052940369, 116.127197266, 143.315048218, 176.455352783, 283.1328125, 717.693603516, 547.875244141, 852.439453125, 673.027160645, 990.207885742, 1215.79748535, 1502.55737305, 1539.41430664, 2901.04223633, 15433.2558594, 2044.98254395, 2233.48852539, 2527.01953125, 1817.48718262, 1523.67700195, 1618.08251953, 1577.01159668, 821.770263672, 680.122741699, 492.809143066, 335.832641602, 250.866699219, 191.336227417, 92.91381073, 53.4224243164, 20.8223304749, 7.48252677917, 1.11096835136, 0.108148276806, 0.000792884267867, 1.93215868194e-07]
    },
    "gfcc": {
        "mean": [40.7043952942, 19.4017562866, -98.1788787842, 30.9247093201, -45.8182525635, 18.843667984, -27.9687366486, 15.2042589188, -20.6289844513, 11.2819690704, -17.3500347137, 5.34030103683, -13.3956890106],
        "cov": [[54550.1015625, 248.660797119, -4032.56176758, 1448.84753418, -1891.85070801, 720.085754395, -1429.78051758, 577.370361328, -955.322143555, 579.337585449, -697.554260254, 380.564819336, -538.268676758], [248.660797119, 727.319152832, -317.852661133, 83.7938919067, -34.0822067261, -74.1942901611, 67.6913528442, -32.175655365, -29.8330879211, -27.8454933167, -13.4218111038, -90.0273132324, -29.6324386597], [-4032.56176758, -317.852661133, 904.473571777, -14.7150421143, 198.760559082, 2.76894426346, 69.8125762939, -29.9792137146, 66.0234832764, -52.496635437, 54.4966812134, 51.7237014771, 64.2011642456], [1448.84753418, 83.7938919067, -14.7150421143, 291.10269165, 59.2421607971, 53.0911331177, 16.6373767853, 38.6268692017, -31.8270187378, 20.4761009216, -21.9947605133, -13.338927269, -24.0580768585], [-1891.85070801, -34.0822067261, 198.760559082, 59.2421607971, 310.055328369, 53.9042320251, 102.956115723, 10.7751197815, 57.2153587341, 8.73026943207, 23.8222332001, -30.6184864044, 2.8106148243], [720.085754395, -74.1942901611, 2.76894426346, 53.0911331177, 53.9042320251, 172.420593262, 48.2892379761, 66.3094100952, 29.4237785339, 48.524520874, -3.34116411209, 9.77164745331, -12.2385950089], [-1429.78051758, 67.6913528442, 69.8125762939, 16.6373767853, 102.956115723, 48.2892379761, 208.243179321, 58.5999450684, 66.935005188, 25.1173152924, 34.8039932251, -27.0551490784, 10.0731620789], [577.370361328, -32.175655365, -29.9792137146, 38.6268692017, 10.7751197815, 66.3094100952, 58.5999450684, 123.740402222, 54.5133857727, 51.9535293579, 10.9866676331, 16.9091720581, -1.85354375839], [-955.322143555, -29.8330879211, 66.0234832764, -31.8270187378, 57.2153587341, 29.4237785339, 66.935005188, 54.5133857727, 130.80329895, 61.3461380005, 42.8612670898, 8.26696491241, 18.1294975281], [579.337585449, -27.8454933167, -52.496635437, 20.4761009216, 8.73026943207, 48.524520874, 25.1173152924, 51.9535293579, 61.3461380005, 105.361495972, 39.9489250183, 21.9342842102, 6.28660917282], [-697.554260254, -13.4218111038, 54.4966812134, -21.9947605133, 23.8222332001, -3.34116411209, 34.8039932251, 10.9866676331, 42.8612670898, 39.9489250183, 85.4590377808, 42.502243042, 26.7869262695], [380.564819336, -90.0273132324, 51.7237014771, -13.338927269, -30.6184864044, 9.77164745331, -27.0551490784, 16.9091720581, 8.26696491241, 21.9342842102, 42.502243042, 91.0009155273, 41.6472015381], [-538.268676758, -29.6324386597, 64.2011642456, -24.0580768585, 2.8106148243, -12.2385950089, 10.0731620789, -1.85354375839, 18.1294975281, 6.28660917282, 26.7869262695, 41.6472015381, 71.7180862427]],
        "icov": [[0.000111370805826, -9.4680208349e-06, 0.000280918407952, -0.000369347108062, 0.00027308013523, -0.000215534280869, 0.000335538352374, -0.000263634166913, 0.000500094785821, -0.000720812997315, 0.000827714568004, -0.000920077378396, 0.000517074018717], [-9.4680208349e-06, 0.00236644828692, 0.000936432857998, -0.00108329893555, 0.000388492888305, 0.000810828758404, -0.00116939772852, 0.000894165190402, -0.000607078894973, 0.00130336009897, -0.00135039864108, 0.00181866623461, -0.000496994180139], [0.000280918407952, 0.000936432857998, 0.00277778296731, -0.00156917993445, -4.89094963996e-05, -0.000387392559787, 0.000163040996995, 0.000435632187873, -0.000302657688735, 0.000599096587393, 0.00134443445131, -0.00315829738975, 0.000762334733736], [-0.000369347108062, -0.00108329893555, -0.00156917993445, 0.00634857453406, -0.00233703898266, 0.000175288892933, -0.00066114438232, -0.00136288849171, 0.00180236203596, -0.000421085453127, -0.00105988176074, 0.00240267743357, -0.000924260355532], [0.00027308013523, 0.000388492888305, -4.89094963996e-05, -0.00233703898266, 0.00608914485201, -0.00201781629585, -0.000475196487969, 0.00076838437235, -0.000585693458561, -0.000690357119311, 4.20715696237e-05, 0.000783264811616, 0.000711534987204], [-0.000215534280869, 0.000810828758404, -0.000387392559787, 0.000175288892933, -0.00201781629585, 0.0100219445303, -0.00283848820254, -0.00168320781086, -0.000194204156287, -0.00236440682784, 0.00251901755109, -0.00162422668654, 0.00152612559032], [0.000335538352374, -0.00116939772852, 0.000163040996995, -0.00066114438232, -0.000475196487969, -0.00283848820254, 0.010870764032, -0.0056645590812, 0.000754317443352, -0.00041955470806, -0.0029651070945, 0.00391782121733, -0.00179312634282], [-0.000263634166913, 0.000894165190402, 0.000435632187873, -0.00136288849171, 0.00076838437235, -0.00168320781086, -0.0056645590812, 0.0172326825559, -0.0071670319885, -0.000238769629505, 0.00236417283304, -0.00413472577929, 0.0018179807812], [0.000500094785821, -0.000607078894973, -0.000302657688735, 0.00180236203596, -0.000585693458561, -0.000194204156287, 0.000754317443352, -0.0071670319885, 0.019868068397, -0.011870325543, 0.00120299018454, -0.000298766681226, -0.000180993956747], [-0.000720812997315, 0.00130336009897, 0.000599096587393, -0.000421085453127, -0.000690357119311, -0.00236440682784, -0.00041955470806, -0.000238769629505, -0.011870325543, 0.0268070437014, -0.0147847244516, 0.00711979111657, -0.00383417867124], [0.000827714568004, -0.00135039864108, 0.00134443445131, -0.00105988176074, 4.20715696237e-05, 0.00251901755109, -0.0029651070945, 0.00236417283304, 0.00120299018454, -0.0147847244516, 0.0335586480796, -0.0224993042648, 0.00652417819947], [-0.000920077378396, 0.00181866623461, -0.00315829738975, 0.00240267743357, 0.000783264811616, -0.00162422668654, 0.00391782121733, -0.00413472577929, -0.000298766681226, 0.00711979111657, -0.0224993042648, 0.0380995348096, -0.017755497247], [0.000517074018717, -0.000496994180139, 0.000762334733736, -0.000924260355532, 0.000711534987204, 0.00152612559032, -0.00179312634282, 0.0018179807812, -0.000180993956747, -0.00383417867124, 0.00652417819947, -0.017755497247, 0.0254136491567]]
    },
    "melbands": {
        "dmean": [0.00129011727404, 0.00098256173078, 0.000386836152757, 0.000358162156772, 0.000235555853578, 0.000180263567017, 0.000143801167724, 0.000122016048408, 0.000103052043414, 9.57667798502e-05, 7.39096212783e-05, 6.25137254247e-05, 7.36135189072e-05, 5.16125764989e-05, 5.32571066287e-05, 4.67332429253e-05, 4.53416614619e-05, 6.68598222546e-05, 3.49248839484e-05, 3.38935496984e-05, 3.0934534152e-05, 2.73943005595e-05, 2.55555805779e-05, 2.19265766646e-05, 1.83714837476e-05, 1.78125483217e-05, 1.7054271666e-05, 1.52753746079e-05, 1.1730229744e-05, 9.85844235402e-06, 9.10805920284e-06, 7.66851371736e-06, 6.12604389971e-06, 5.79582138016e-06, 5.35230537935e-06, 4.7505504881e-06, 4.47119646196e-06, 3.54053736373e-06, 3.23693507198e-06, 2.95399286188e-06],
        "dmean2": [0.00198746030219, 0.00159339606762, 0.000638612196781, 0.000613531505223, 0.000415447953856, 0.000307712878566, 0.000238116161199, 0.000200575654162, 0.000173255903064, 0.000159376228112, 0.000124303842313, 0.000103996295366, 0.000123653706396, 8.6146123067e-05, 8.81889282027e-05, 7.71539562265e-05, 7.46873847675e-05, 0.000102392761619, 5.78339786443e-05, 5.63799294468e-05, 5.08576631546e-05, 4.46016929345e-05, 4.05651808251e-05, 3.63613180525e-05, 3.06679285131e-05, 2.96309353871e-05, 2.84335219476e-05, 2.51090386882e-05, 1.92217339645e-05, 1.61354546435e-05, 1.51221947817e-05, 1.28378887894e-05, 1.0110353287e-05, 9.55633640842e-06, 8.97629797691e-06, 7.90909052739e-06, 7.49812033973e-06, 5.93600771026e-06, 5.35592835149e-06, 4.89581088914e-06],
        "dvar": [2.71102067018e-06, 1.70701343905e-06, 2.8650714512e-07, 3.96850651896e-07, 1.85973348721e-07, 7.76502275812e-08, 4.66136818034e-08, 4.4205155092e-08, 2.50172114136e-08, 2.05641264017e-08, 1.21919434548e-08, 1.09042002094e-08, 1.14090381587e-08, 7.57353113556e-09, 6.50211928743e-09, 5.51596635034e-09, 5.4238795677e-09, 1.8240617905e-08, 2.22889173784e-09, 2.2426049906e-09, 1.77516157329e-09, 1.91978277719e-09, 1.50005163846e-09, 7.80995879079e-10, 6.17359774413e-10, 5.25233301296e-10, 4.86493123564e-10, 3.75391745466e-10, 2.13540268801e-10, 1.31127234071e-10, 1.36168396003e-10, 8.10800662721e-11, 6.39124655977e-11, 4.77915970687e-11, 4.24986018599e-11, 4.28820902398e-11, 3.22459940694e-11, 2.22157726243e-11, 2.07746979342e-11, 1.94017787947e-11],
        "dvar2": [5.68971245229e-06, 4.33298373537e-06, 7.5254422427e-07, 1.02019430415e-06, 4.98504050483e-07, 2.02087448997e-07, 1.17560063018e-07, 1.05752093305e-07, 6.53272635986e-08, 5.28657793097e-08, 3.22136770592e-08, 2.64384585336e-08, 2.89391746122e-08, 1.94938944986e-08, 1.64446856132e-08, 1.41433957879e-08, 1.35177433691e-08, 3.60650034281e-08, 5.51992851427e-09, 5.57844170856e-09, 4.33961000468e-09, 4.67248018055e-09, 3.32286953508e-09, 2.03450856162e-09, 1.59781099462e-09, 1.37835143299e-09, 1.20605869736e-09, 9.66560387283e-10, 5.40688993578e-10, 3.43507611245e-10, 3.44823114506e-10, 2.08195946594e-10, 1.66549718461e-10, 1.2423091722e-10, 1.14247562799e-10, 1.15826057079e-10, 8.62791435519e-11, 5.81778514253e-11, 5.49393724958e-11, 5.00695665484e-11],
        "max": [0.0151074668393, 0.0150680672377, 0.00778773473576, 0.00705748796463, 0.00637121824548, 0.00375631847419, 0.00357317109592, 0.00355056347325, 0.00277893338352, 0.00336187123321, 0.0020450365264, 0.00232451315969, 0.00251750624739, 0.00227653631009, 0.00124668725766, 0.00131257309113, 0.00122006318998, 0.00242168596014, 0.000881548970938, 0.00101246242411, 0.000870555406436, 0.00139908667188, 0.00106787111145, 0.000475517415907, 0.000427750404924, 0.000405115453759, 0.000462723226519, 0.000310034316499, 0.000266181043116, 0.000165134071722, 0.000175760156708, 0.000192362247617, 0.000152011707542, 9.5341281849e-05, 8.32012083265e-05, 0.00014731149713, 8.32190708024e-05, 6.20967839495e-05, 9.33018964133e-05, 8.58218045323e-05],
        "mean": [0.00225930754095, 0.00147205824032, 0.000555037462618, 0.000418355833972, 0.000256480416283, 0.000217248234549, 0.000193150321138, 0.000172248954186, 0.000150526670041, 0.000146388803842, 0.000106142586446, 9.29169982555e-05, 0.000105841114419, 8.10092678876e-05, 8.2892140199e-05, 7.37660157029e-05, 7.47997837607e-05, 0.000116569441161, 6.20148857706e-05, 5.68829818803e-05, 5.37176892976e-05, 4.87602919748e-05, 4.5349534048e-05, 4.04377933592e-05, 3.45880398527e-05, 3.46188389813e-05, 3.31950177497e-05, 3.20132458e-05, 2.51215114986e-05, 2.12108843698e-05, 1.90698592633e-05, 1.58734819706e-05, 1.3366150597e-05, 1.24046655401e-05, 1.10300097731e-05, 1.00471143014e-05, 9.19630656426e-06, 7.50290200813e-06, 6.74368129694e-06, 6.37466564513e-06],
        "median": [0.00139792379923, 0.00100133079104, 0.00038238678826, 0.000183055657544, 0.000120419739687, 0.000105970233562, 0.000106351173599, 8.87393398443e-05, 8.78175487742e-05, 9.40432146308e-05, 6.64988037897e-05, 5.37324303878e-05, 6.13133743173e-05, 4.9502687034e-05, 5.19444802194e-05, 4.57695678051e-05, 4.44352263003e-05, 4.3272619223e-05, 4.12209701608e-05, 4.10529901274e-05, 3.9166508941e-05, 3.36314333254e-05, 3.06679867208e-05, 3.11113872158e-05, 2.63757247012e-05, 2.77757335425e-05, 2.64169138973e-05, 2.61783206952e-05, 2.15180698433e-05, 1.7902098989e-05, 1.59524061019e-05, 1.27421753859e-05, 1.08485073724e-05, 9.9201743069e-06, 8.83762822923e-06, 7.56888766773e-06, 6.93917263561e-06, 5.58557530894e-06, 4.99919678987e-06, 4.81340521219e-06],
        "min": [9.03174147351e-25, 4.29126527374e-25, 9.15171637036e-25, 1.28891657899e-24, 7.78095566966e-25, 1.51169789976e-24, 8.88103156972e-25, 1.66335009791e-24, 2.36469536595e-24, 1.84289188171e-24, 2.24734362883e-24, 2.55008122855e-24, 2.15029934077e-24, 1.63225694811e-24, 2.41695680927e-24, 2.49913363306e-24, 2.46754922014e-24, 1.90233176205e-24, 3.30354278951e-24, 2.55937479887e-24, 3.11358370302e-24, 2.88005681482e-24, 4.13461643063e-24, 2.58737226126e-24, 3.82943651754e-24, 4.6809570389e-24, 4.26623156178e-24, 3.59593447846e-24, 3.35783693017e-24, 4.53456378198e-24, 4.82689236206e-24, 5.12378292475e-24, 5.67326004398e-24, 4.87861954934e-24, 4.69867406597e-24, 4.94077823879e-24, 5.1366930279e-24, 5.75847516554e-24, 5.58431952679e-24, 6.35838021814e-24],
        "var": [5.99266013523e-06, 2.49778281614e-06, 3.87956930581e-07, 4.60226800669e-07, 1.78105423743e-07, 9.10048854053e-08, 6.49090878824e-08, 7.16555277336e-08, 3.7816587195e-08, 3.2131140415e-08, 1.73094782951e-08, 1.69221063828e-08, 2.02413996675e-08, 1.29201733756e-08, 1.01777297701e-08, 8.59938431574e-09, 1.02536557023e-08, 5.14214306691e-08, 4.58735982534e-09, 3.70116537418e-09, 3.3862588289e-09, 3.6268743564e-09, 2.7724673668e-09, 1.50265988541e-09, 1.17035892089e-09, 1.00206121179e-09, 1.00184283092e-09, 8.06029520906e-10, 4.15951939559e-10, 2.81541401304e-10, 2.60837573762e-10, 1.88282694991e-10, 1.37516206755e-10, 1.15209328189e-10, 9.37900729303e-11, 9.7834615409e-11, 7.14139511415e-11, 4.8811291814e-11, 4.33124057453e-11, 4.0307104876e-11]
    },
    "mfcc": {
        "mean": [-586.672607422, 62.6432609558, 2.36279511452, 20.034444809, 5.80378818512, 9.16398334503, 5.63561201096, 5.43046760559, 5.29027223587, 6.53808832169, 2.70470905304, 3.33945083618, 1.99582564831],
        "cov": [[13786.2041016, 1116.27648926, -22.950094223, 388.404418945, 145.13885498, 145.200515747, 42.449306488, 40.8707809448, 44.3865280151, 58.6655006409, 31.0750732422, 41.0030479431, 20.9734897614], [1116.27648926, 618.075195312, -147.535812378, 113.095603943, -61.1115074158, 10.8419065475, 25.3905143738, -8.42079925537, -7.07612800598, 42.8620567322, -10.812081337, -8.43302154541, 3.0601041317], [-22.950094223, -147.535812378, 437.248657227, 30.7133846283, 60.828502655, 12.6175136566, -9.41901111603, 38.2720451355, 0.617362856865, -44.9757652283, -17.5352420807, -7.78793954849, 13.4356880188], [388.404418945, 113.095603943, 30.7133846283, 244.144226074, 52.476978302, 37.9075737, 64.0391082764, 21.8539600372, 20.0711479187, 19.0598449707, -3.01933503151, 1.78965306282, 6.07260894775], [145.13885498, -61.1115074158, 60.828502655, 52.476978302, 188.1978302, 65.6944351196, 23.6337985992, 23.3017024994, 19.5790576935, 2.25326871872, 23.6027565002, 5.68852233887, -15.5332145691], [145.200515747, 10.8419065475, 12.6175136566, 37.9075737, 65.6944351196, 123.778785706, 62.2292251587, 24.1109733582, 34.5412483215, 35.5767707825, 30.7306900024, 12.8799104691, 1.08889591694], [42.449306488, 25.3905143738, -9.41901111603, 64.0391082764, 23.6337985992, 62.2292251587, 122.6092453, 49.6764183044, 36.7376289368, 33.9232025146, 23.2164363861, 16.6156024933, 8.16640949249], [40.8707809448, -8.42079925537, 38.2720451355, 21.8539600372, 23.3017024994, 24.1109733582, 49.6764183044, 82.7113113403, 41.8129234314, 21.3156776428, 20.3368282318, 17.1495246887, 12.3417243958], [44.3865280151, -7.07612800598, 0.617362856865, 20.0711479187, 19.5790576935, 34.5412483215, 36.7376289368, 41.8129234314, 96.6327285767, 58.7489585876, 36.5859680176, 26.4518814087, 10.7377185822], [58.6655006409, 42.8620567322, -44.9757652283, 19.0598449707, 2.25326871872, 35.5767707825, 33.9232025146, 21.3156776428, 58.7489585876, 100.413520813, 54.9896125793, 30.077413559, 15.0204916], [31.0750732422, -10.812081337, -17.5352420807, -3.01933503151, 23.6027565002, 30.7306900024, 23.2164363861, 20.3368282318, 36.5859680176, 54.9896125793, 87.0781326294, 48.516078949, 12.5780668259], [41.0030479431, -8.43302154541, -7.78793954849, 1.78965306282, 5.68852233887, 12.8799104691, 16.6156024933, 17.1495246887, 26.4518814087, 30.077413559, 48.516078949, 80.4061660767, 38.9826850891], [20.9734897614, 3.0601041317, 13.4356880188, 6.07260894775, -15.5332145691, 1.08889591694, 8.16640949249, 12.3417243958, 10.7377185822, 15.0204916, 12.5780668259, 38.9826850891, 68.1740188599]],
