{
"lowlevel": {
    "average_loudness": 0.922744333744,
    "barkbands_crest": {
        "dmean": 3.3859744072,
        "dmean2": 5.32033729553,
        "dvar": 10.3714160919,
        "dvar2": 22.0310726166,
        "max": 26.5702972412,
        "mean": 10.9965829849,
        "median": 9.5659160614,
        "min": 2.17300105095,
        "var": 32.0615081787
    },
    "barkbands_flatness_db": {
        "dmean": 0.0268497820944,
        "dmean2": 0.037909489125,
        "dvar": 0.000733709137421,
        "dvar2": 0.00136577174999,
        "max": 0.40748873353,
        "mean": 0.114391095936,
        "median": 0.0993790477514,
        "min": 0.0178795401007,
        "var": 0.00396239571273
    },
    "barkbands_kurtosis": {
        "dmean": 3.55982041359,
        "dmean2": 5.49831628799,
        "dvar": 115.264122009,
        "dvar2": 255.337585449,
        "max": 273.029907227,
        "mean": 3.68548154831,
        "median": 0.388280630112,
        "min": -1.82633721828,
        "var": 184.212890625
    },
    "barkbands_skewness": {
        "dmean": 0.690030813217,
        "dmean2": 1.00578904152,
        "dvar": 0.809640645981,
        "dvar2": 1.58659517765,
        "max": 15.8099651337,
        "mean": 1.15360867977,
        "median": 0.869766771793,
        "min": -3.96298241615,
        "var": 2.79015803337
    },
    "barkbands_spread": {
        "dmean": 8.23372077942,
        "dmean2": 12.7228336334,
        "dvar": 77.442527771,
        "dvar2": 174.584793091,
        "max": 105.208236694,
        "mean": 31.1333446503,
        "median": 29.6002483368,
        "min": 1.54393064976,
        "var": 238.387954712
    },
    "dissonance": {
        "dmean": 0.0185753256083,
        "dmean2": 0.0309274755418,
        "dvar": 0.00047526799608,
        "dvar2": 0.00117574853357,
        "max": 0.500000059605,
        "mean": 0.47229206562,
        "median": 0.482055604458,
        "min": 0.19419708848,
        "var": 0.000964077597018
    },
    "dynamic_complexity": 2.21882748604,
    "erbbands_crest": {
        "dmean": 3.3837325573,
        "dmean2": 5.54996347427,
        "dvar": 10.2598638535,
        "dvar2": 25.6912212372,
        "max": 33.3129692078,
        "mean": 9.39151573181,
        "median": 8.16735363007,
        "min": 2.47765231133,
        "var": 23.9857730865
    },
    "erbbands_flatness_db": {
        "dmean": 0.0209050197154,
        "dmean2": 0.0319972224534,
        "dvar": 0.000413843867136,
        "dvar2": 0.000906822329853,
        "max": 0.440927892923,
        "mean": 0.146478295326,
        "median": 0.134135589004,
        "min": 0.0501044988632,
        "var": 0.00320196663961
    },
    "erbbands_kurtosis": {
        "dmean": 1.16670644283,
        "dmean2": 1.86933863163,
        "dvar": 3.46422719955,
        "dvar2": 8.38073444366,
        "max": 57.6781387329,
        "mean": 0.642611384392,
        "median": -0.0258345603943,
        "min": -1.83850347996,
        "var": 7.50064897537
    },
    "erbbands_skewness": {
        "dmean": 0.460158199072,
        "dmean2": 0.709752738476,
        "dvar": 0.202455043793,
        "dvar2": 0.461700797081,
        "max": 7.11561918259,
        "mean": 0.247218951583,
        "median": 0.207723498344,
        "min": -4.09127855301,
        "var": 0.756346046925
    },
    "erbbands_spread": {
        "dmean": 10.7741127014,
        "dmean2": 16.5665302277,
        "dvar": 159.194213867,
        "dvar2": 337.76348877,
        "max": 186.882095337,
        "mean": 40.8400421143,
        "median": 36.6229934692,
        "min": 1.86175858974,
        "var": 493.613861084
    },
    "hfc": {
        "dmean": 13.2171974182,
        "dmean2": 19.6818771362,
        "dvar": 230.425628662,
        "dvar2": 528.15057373,
        "max": 183.754486084,
        "mean": 35.7559204102,
        "median": 33.0036277771,
        "min": 1.06404338391e-16,
        "var": 544.371398926
    },
    "melbands_crest": {
        "dmean": 4.50081825256,
        "dmean2": 6.62693548203,
        "dvar": 15.3183698654,
        "dvar2": 34.2399635315,
        "max": 35.0064849854,
        "mean": 15.5204334259,
        "median": 14.9250955582,
        "min": 1.60761582851,
        "var": 50.4618339539
    },
    "melbands_flatness_db": {
        "dmean": 0.0343265011907,
        "dmean2": 0.0469738841057,
        "dvar": 0.00120791548397,
        "dvar2": 0.00215395609848,
        "max": 0.502455770969,
        "mean": 0.156441912055,
        "median": 0.137036308646,
        "min": 0.0028279311955,
        "var": 0.00639753695577
    },
    "melbands_kurtosis": {
        "dmean": 16.0119152069,
        "dmean2": 23.9190006256,
        "dvar": 3326.52172852,
        "dvar2": 6453.77783203,
        "max": 1122.87744141,
        "mean": 21.3991966248,
        "median": 4.43714237213,
        "min": -1.83403170109,
        "var": 6326.94482422
    },
    "melbands_skewness": {
        "dmean": 1.10790407658,
        "dmean2": 1.58931326866,
        "dvar": 2.89511394501,
        "dvar2": 5.30083656311,
        "max": 26.5271587372,
        "mean": 2.62252807617,
        "median": 1.85971069336,
        "min": -2.95800185204,
        "var": 9.19685840607
    },
    "melbands_spread": {
        "dmean": 12.3498182297,
        "dmean2": 18.9370937347,
        "dvar": 217.672637939,
        "dvar2": 473.11541748,
        "max": 247.706481934,
        "mean": 38.3984565735,
        "median": 32.8268051147,
        "min": 0.546465396881,
        "var": 824.672424316
    },
    "pitch_salience": {
        "dmean": 0.0938099697232,
        "dmean2": 0.138792008162,
        "dvar": 0.00818626955152,
        "dvar2": 0.0162104722112,
        "max": 0.878537833691,
        "mean": 0.53294801712,
        "median": 0.570683836937,
        "min": 0.0298047978431,
        "var": 0.0318131223321
    },
    "silence_rate_20dB": {
        "dmean": 0,
        "dmean2": 0,
        "dvar": 0,
        "dvar2": 0,
        "max": 1,
        "mean": 1,
        "median": 1,
        "min": 1,
        "var": 0
    },
    "silence_rate_30dB": {
        "dmean": 0,
        "dmean2": 0,
        "dvar": 0,
        "dvar2": 0,
        "max": 1,
        "mean": 1,
        "median": 1,
        "min": 1,
        "var": 0
    },
    "silence_rate_60dB": {
        "dmean": 0.0232596769929,
        "dmean2": 0.0465270839632,
        "dvar": 0.0227190665901,
        "dvar2": 0.0530047900975,
        "max": 1,
        "mean": 0.0621262453496,
        "median": 0,
        "min": 0,
        "var": 0.0582673847675
    },
    "spectral_centroid": {
        "dmean": 349.668426514,
        "dmean2": 526.463562012,
        "dvar": 142017.875,
        "dvar2": 283664.25,
        "max": 11893.5527344,
        "mean": 2215.52758789,
        "median": 2050.37402344,
        "min": 195.11479187,
        "var": 2158457.5
    },
    "spectral_complexity": {
        "dmean": 6.72503757477,
        "dmean2": 9.80691242218,
        "dvar": 42.7505874634,
        "dvar2": 86.5810775757,
        "max": 61,
        "mean": 23.2581386566,
        "median": 22,
        "min": 0,
        "var": 181.602386475
    },
    "spectral_decrease": {
        "dmean": 2.21687113111e-09,
        "dmean2": 3.38342376338e-09,
        "dvar": 5.4743615304e-18,
        "dvar2": 1.21073979582e-17,
        "max": 1.53217826171e-28,
        "mean": -7.64170060563e-09,
        "median": -6.36971364543e-09,
        "min": -2.68774638101e-08,
        "var": 3.10364816362e-17
    },
    "spectral_energy": {
        "dmean": 0.00899713020772,
        "dmean2": 0.0137492995709,
        "dvar": 8.25362003525e-05,
        "dvar2": 0.000187912664842,
        "max": 0.103787884116,
        "mean": 0.0320847667754,
        "median": 0.0278905089945,
        "min": 9.81619352664e-21,
        "var": 0.000476555695059
    },
    "spectral_energyband_high": {
        "dmean": 0.000989430118352,
        "dmean2": 0.00147291528992,
        "dvar": 1.6399407059e-06,
        "dvar2": 3.62557352673e-06,
        "max": 0.0140648968518,
        "mean": 0.00225289817899,
        "median": 0.00188091874588,
        "min": 7.01238729221e-21,
        "var": 3.38302220371e-06
    },
    "spectral_energyband_low": {
        "dmean": 0.00580743746832,
        "dmean2": 0.0081118196249,
        "dvar": 9.7882191767e-05,
        "dvar2": 0.000183649273822,
        "max": 0.0955807641149,
        "mean": 0.0142542356625,
        "median": 0.00282135372981,
        "min": 1.2491522504e-23,
        "var": 0.000417694711359
    },
    "spectral_energyband_middle_high": {
        "dmean": 0.00421380158514,
        "dmean2": 0.00649423571303,
        "dvar": 2.4958533686e-05,
        "dvar2": 5.71278396819e-05,
        "max": 0.0642827749252,
        "mean": 0.00937253143638,
        "median": 0.00736469589174,
        "min": 1.20183405721e-21,
        "var": 7.04718040652e-05
    },
    "spectral_energyband_middle_low": {
        "dmean": 0.00396361993626,
        "dmean2": 0.00630400609225,
        "dvar": 2.743524783e-05,
        "dvar2": 6.29739442957e-05,
        "max": 0.0569913946092,
        "mean": 0.00684185652062,
        "median": 0.00467993505299,
        "min": 1.55002294768e-22,
        "var": 4.73618638352e-05
    },
    "spectral_entropy": {
        "dmean": 0.168438330293,
        "dmean2": 0.250069707632,
        "dvar": 0.0315668918192,
        "dvar2": 0.0671458467841,
        "max": 9.82129478455,
        "mean": 7.97543287277,
        "median": 8.01569461823,
        "min": 5.47650766373,
        "var": 0.217682465911
    },
    "spectral_flux": {
        "dmean": 0.0291935373098,
        "dmean2": 0.0460490323603,
        "dvar": 0.000808632234111,
        "dvar2": 0.00195328099653,
        "max": 0.283116817474,
        "mean": 0.109431646764,
        "median": 0.106864564121,
        "min": 6.33427893471e-11,
        "var": 0.00227912818082
    },
    "spectral_kurtosis": {
        "dmean": 0.945023536682,
        "dmean2": 1.52166497707,
        "dvar": 2.99551939964,
        "dvar2": 6.82454919815,
        "max": 60.6267776489,
        "mean": 2.88431620598,
        "median": 2.62023901939,
        "min": -1.2621576786,
        "var": 7.11255073547
    },
    "spectral_rms": {
        "dmean": 0.000821802183054,
        "dmean2": 0.00123629893642,
        "dvar": 6.19214119979e-07,
        "dvar2": 1.3276393247e-06,
        "max": 0.0100626274943,
        "mean": 0.00516430148855,
        "median": 0.00521634472534,
        "min": 3.09463630936e-12,
        "var": 4.63222795588e-06
    },
    "spectral_rolloff": {
        "dmean": 955.369384766,
        "dmean2": 1519.36462402,
        "dvar": 1867434.875,
        "dvar2": 3786846.25,
        "max": 19530.6152344,
        "mean": 2955.79345703,
        "median": 2196.38671875,
        "min": 64.599609375,
        "var": 10002603
    },
    "spectral_skewness": {
        "dmean": 0.169326141477,
        "dmean2": 0.267466515303,
        "dvar": 0.0390245206654,
        "dvar2": 0.0897489786148,
        "max": 5.22379875183,
        "mean": 1.30338799953,
        "median": 1.29721546173,
        "min": -0.0933313891292,
        "var": 0.155074551702
    },
    "spectral_spread": {
        "dmean": 780033.3125,
        "dmean2": 1165929.625,
        "dvar": 1.04975210906e+12,
        "dvar2": 2.0462689321e+12,
        "max": 42674428,
        "mean": 6622257,
        "median": 5711677,
        "min": 1194586.875,
        "var": 2.76247053599e+13
    },
    "spectral_strongpeak": {
        "dmean": 0.669352412224,
        "dmean2": 1.11754500866,
        "dvar": 1.07867407799,
        "dvar2": 2.83020925522,
        "max": 14.2447147369,
        "mean": 1.14890623093,
        "median": 0.638846278191,
        "min": 0,
        "var": 1.98612880707
    },
    "zerocrossingrate": {
        "dmean": 0.0182649157941,
        "dmean2": 0.0201753135771,
        "dvar": 0.000447245402029,
        "dvar2": 0.000494840031024,
        "max": 0.8388671875,
        "mean": 0.105469316244,
        "median": 0.09130859375,
        "min": 0.0087890625,
        "var": 0.00660041999072
    },
    "barkbands": {
        "dmean": [0.000127866922412, 0.00529701029882, 0.00216789566912, 0.000843468587846, 0.000870921532623, 0.000767835532315, 0.000954117567744, 0.00108419533353, 0.00137364666443, 0.00155535049271, 0.001092111459, 0.000893554184586, 0.000655070878565, 0.000497662171256, 0.000557797029614, 0.000639994279481, 0.000451438361779, 0.000415177259129, 0.000420986791141, 0.000285426474875, 0.000319387880154, 0.000212850151001, 0.000135103589855, 0.000158463328262, 0.000145581710967, 9.2396963737e-05, 1.50917085193e-05],
        "dmean2": [0.000190237347852, 0.00721267610788, 0.00299654901028, 0.00150551763363, 0.00142774614505, 0.00124885933474, 0.00156329327729, 0.00186953472439, 0.00229304796085, 0.0025512969587, 0.00178027013317, 0.00141599285416, 0.00104321260005, 0.000790130521636, 0.000892905169167, 0.00104639970232, 0.000748264545109, 0.000682631041855, 0.000666743202601, 0.000452617270639, 0.000496246735565, 0.000331299030222, 0.000209153906326, 0.000242825874011, 0.000217516862904, 0.000133949331939, 2.26520187425e-05],
        "dvar": [8.76142536299e-08, 8.91052623047e-05, 2.98731029034e-05, 6.41654924038e-06, 3.46393085238e-06, 2.09768086279e-06, 3.63755930266e-06, 5.25838686372e-06, 9.39875189943e-06, 8.96747042134e-06, 5.64053880225e-06, 3.98982228944e-06, 2.17831347982e-06, 9.94449692371e-07, 1.12335862923e-06, 1.65276662756e-06, 8.06479988569e-07, 1.20427262118e-06, 7.40749840134e-07, 1.54246876605e-07, 1.45554395203e-07, 7.10106746737e-08, 3.61526133474e-08, 5.47402976281e-08, 6.33816270579e-08, 2.8033451116e-08, 7.9014639276e-10],
        "dvar2": [2.03855321956e-07, 0.000170224055182, 5.58229985472e-05, 1.73889402504e-05, 8.87789519766e-06, 5.07797176397e-06, 9.1105739557e-06, 1.33676840051e-05, 2.33823338931e-05, 2.11842070712e-05, 1.26515824377e-05, 9.30440000957e-06, 5.00859960084e-06, 2.2511392217e-06, 2.58396335084e-06, 3.93707387047e-06, 2.05671085496e-06, 3.23505878441e-06, 1.74338015313e-06, 3.73652682129e-07, 3.35558667075e-07, 1.6465476449e-07, 8.26323258707e-08, 1.32072017323e-07, 1.44043937667e-07, 5.6664031689e-08, 1.63105151607e-09],
        "max": [0.00551387900487, 0.0874895751476, 0.0449577793479, 0.0176102295518, 0.0162836201489, 0.0209789127111, 0.0299499593675, 0.0489853546023, 0.0548751056194, 0.0499577075243, 0.0576044283807, 0.0365561246872, 0.0389341674745, 0.0204085037112, 0.0208899118006, 0.0473624281585, 0.0133642759174, 0.0471983216703, 0.0286199916154, 0.00584529945627, 0.00527585996315, 0.00267411395907, 0.00209717289545, 0.00290182372555, 0.00315138022415, 0.00219722744077, 0.000345070409821],
        "mean": [0.000194912121515, 0.0111290970817, 0.00253197946586, 0.000641137012281, 0.000944552128203, 0.00100131845102, 0.00107433646917, 0.00110356311779, 0.00160273315851, 0.00194745033514, 0.0014060040703, 0.00115733663552, 0.000858443614561, 0.00069027353311, 0.000741082476452, 0.000785334035754, 0.000543621659745, 0.000568952818867, 0.000674416834954, 0.000478854606627, 0.000624025880825, 0.000389012391679, 0.000243727612542, 0.00029937340878, 0.000267347757472, 0.000162832744536, 2.29976431001e-05],
        "median": [3.08327762468e-05, 0.00175734353252, 0.000206629658351, 7.15845671948e-05, 0.000234648468904, 0.0002919191611, 0.000329229602357, 0.000321407744195, 0.000499499845318, 0.000582909269724, 0.000395397772081, 0.000381323858164, 0.000304642308038, 0.000256631639786, 0.000283723755274, 0.000257585023064, 0.000200786365895, 0.000236471183598, 0.000290155061521, 0.000319565879181, 0.000471212231787, 0.000264728267211, 0.000154718931299, 0.000213157909457, 0.000180669419933, 0.000104718426883, 1.12191655717e-05],
        "min": [2.17804939666e-25, 1.43790765347e-24, 1.15114912164e-24, 4.72429518348e-25, 8.20973854951e-24, 9.27887857891e-24, 7.72083805919e-24, 7.69240041242e-24, 1.5619567408e-23, 1.70521924544e-23, 1.03689944198e-23, 1.71122326579e-23, 2.27743070486e-23, 2.40674031113e-23, 4.21217991696e-23, 6.28199726215e-23, 7.33077205843e-23, 7.71516125835e-23, 1.18060443448e-22, 1.86048351145e-22, 1.82745485198e-22, 3.02256965706e-22, 3.49899645786e-22, 6.0150671791e-22, 7.76098271734e-22, 1.28997301915e-21, 1.84661912327e-21],
        "var": [1.75782361111e-07, 0.000314194505336, 4.39214782091e-05, 4.25466942033e-06, 3.21386391988e-06, 3.48089724866e-06, 4.19374100602e-06, 6.1279088186e-06, 1.1482348782e-05, 1.49240268001e-05, 1.22505234685e-05, 5.78329672862e-06, 3.3233029626e-06, 1.81400127985e-06, 1.71254305315e-06, 3.07221534968e-06, 1.01978173461e-06, 1.32715615564e-06, 1.42272426729e-06, 2.9386450251e-07, 3.67084851405e-07, 1.51356545075e-07, 6.93434856203e-08, 9.06421959712e-08, 9.94547093569e-08, 4.74736800982e-08, 1.24973698057e-09]
    },
    "erbbands": {
        "dmean": [0.156136378646, 1.22732019424, 2.58965396881, 2.62108659744, 2.32009649277, 3.07481575012, 4.31445980072, 6.92029905319, 12.3179321289, 17.4811420441, 23.5233097076, 28.6868801117, 40.7120666504, 53.3929748535, 38.1522331238, 31.9695491791, 28.5880565643, 23.4086685181, 28.1699142456, 28.0385723114, 33.2679519653, 24.307554245, 22.7576942444, 19.3770675659, 21.4110546112, 13.1413164139, 12.5070905685, 12.5829524994, 7.98223018646, 4.94981813431, 3.9226706028, 3.49569559097, 2.56123661995, 1.96162641048, 0.84683072567, 0.449593544006, 0.163765653968, 0.034584723413, 0.00266678305343, 4.856266969e-05],
        "dmean2": [0.212130919099, 1.63309288025, 3.23212695122, 4.23779678345, 3.75064897537, 4.99669265747, 7.31362533569, 10.9825286865, 19.9522209167, 29.0775260925, 40.3718109131, 48.1762313843, 65.9628372192, 86.5076675415, 60.4342842102, 50.0817070007, 45.1706237793, 37.0259780884, 44.4072570801, 45.1382102966, 54.6387252808, 39.5108680725, 37.501247406, 30.6851425171, 33.7179336548, 20.7422847748, 19.7155818939, 19.5995597839, 12.3483419418, 7.70495462418, 6.05108070374, 5.35538196564, 4.00852823257, 3.07015872002, 1.2396992445, 0.670859098434, 0.236604869366, 0.0503957942128, 0.00401869416237, 7.14283596608e-05],
        "dvar": [0.104735702276, 4.84333181381, 32.65366745, 53.6316337585, 29.1159954071, 45.5896263123, 76.0917358398, 200.052383423, 700.926147461, 1507.83605957, 2642.22631836, 4927.07080078, 6023.67626953, 10893.6894531, 6389.20898438, 5236.99658203, 4233.05615234, 1985.87011719, 3239.40063477, 2990.2800293, 4299.25634766, 2134.53637695, 4356.72705078, 1438.36132812, 2130.21191406, 309.550506592, 254.528778076, 234.088058472, 94.784362793, 46.8052825928, 31.9975395203, 23.2739219666, 15.2270441055, 11.8634243011, 1.95898067951, 0.606664121151, 0.0888007879257, 0.00417939992622, 2.67645245913e-05, 6.89699497514e-09],
        "dvar2": [0.213564857841, 8.20921039581, 55.6899185181, 134.532363892, 71.3272705078, 120.974647522, 200.145874023, 459.954437256, 1727.44995117, 3783.32836914, 6899.02246094, 12651.0830078, 14379.9677734, 24866.4042969, 15054.4365234, 12615.1142578, 9713.11914062, 4454.82421875, 7429.99072266, 6688.08886719, 11061.6074219, 5397.27880859, 11923.7978516, 3527.7902832, 4939.15771484, 754.986938477, 614.505004883, 535.90802002, 220.906326294, 110.959060669, 72.942565918, 53.5810279846, 37.5363349915, 28.7581863403, 3.95922231674, 1.29634749889, 0.168246433139, 0.00864147674292, 5.66289454582e-05, 1.40704079499e-08],
        "max": [3.47070980072, 21.8342952728, 52.2771682739, 59.5320701599, 63.0678977966, 65.0606079102, 109.294120789, 250.619018555, 524.594787598, 836.785949707, 893.677856445, 1321.85510254, 1300.01049805, 2674.27490234, 1413.47741699, 1692.76550293, 1886.9987793, 1217.31286621, 1217.38574219, 1826.32141113, 1115.95959473, 701.183654785, 2994.61010742, 1047.89758301, 1914.2857666, 339.21496582, 269.275939941, 229.759796143, 115.533073425, 71.3087387085, 66.4432373047, 55.6242408752, 51.3420677185, 42.2875747681, 16.3137130737, 12.5406227112, 3.59001016617, 0.716510057449, 0.0697395130992, 0.00107123027556],
        "mean": [0.272385030985, 2.60202717781, 3.84668064117, 2.39650225639, 2.3280646801, 3.28591418266, 4.85204744339, 9.30705165863, 14.4919786453, 19.3845558167, 24.9898414612, 33.2977867126, 52.5787391663, 70.6340560913, 53.0099830627, 43.9638328552, 39.7099266052, 35.7686386108, 40.3423538208, 39.3931312561, 40.7495803833, 31.3121528625, 31.1083297729, 30.5208568573, 34.6538238525, 22.9795894623, 23.2271938324, 24.2503757477, 15.0287742615, 8.6548538208, 6.99428749084, 6.5427904129, 4.70386266708, 3.38581228256, 1.6097779274, 0.786415159702, 0.279463887215, 0.056996203959, 0.00401818705723, 0.000110667228],
        "median": [0.0488432869315, 0.386586010456, 0.433325409889, 0.388182550669, 0.463753402233, 0.768023371696, 1.32694387436, 2.63490819931, 4.39586257935, 6.66466426849, 8.06736755371, 11.7216892242, 18.7932224274, 23.0359420776, 19.4835720062, 17.5586509705, 16.1434745789, 15.2304992676, 16.3544464111, 15.8868484497, 15.2455272675, 13.4962100983, 13.6538772583, 13.7461395264, 15.8045482635, 15.6562767029, 17.3763237, 17.8239364624, 10.6652793884, 5.54768610001, 4.45302248001, 4.51565599442, 3.30991125107, 2.33583259583, 0.989444673061, 0.539639353752, 0.16455693543, 0.0330382734537, 0.00195643398911, 8.47087940201e-05],
        "min": [8.31602714352e-23, 5.99784804948e-22, 1.84063700801e-21, 4.95160573653e-21, 8.88092609586e-21, 2.06592122303e-20, 4.16025642322e-20, 6.52015812063e-20, 1.53811714588e-19, 1.14174369933e-19, 2.31161774334e-19, 3.67043870931e-19, 3.60421514646e-19, 6.54781645537e-19, 7.68418167126e-19, 9.88531290018e-19, 1.27799621774e-18, 1.67721974095e-18, 2.5149390481e-18, 3.89761135344e-18, 4.3415505028e-18, 4.75038038465e-18, 4.89170088359e-18, 6.52730413394e-18, 6.89677965738e-18, 7.56518212417e-18, 9.77391483273e-18, 9.56009691619e-18, 1.0041324954e-17, 1.14495155744e-17, 1.13760139596e-17, 1.04210364239e-17, 9.323770588e-18, 7.21000483121e-18, 5.39322007539e-18, 4.14975833803e-18, 2.27822146348e-18, 9.7318264356e-19, 2.42546312803e-19, 2.69318698337e-20],
        "var": [0.228805795312, 18.6751041412, 69.9351043701, 46.1982765198, 27.1335391998, 41.6434516907, 85.5856552124, 367.440155029, 810.459472656, 1811.12121582, 2773.18701172, 5282.81005859, 10104.7050781, 22977.0292969, 10467.9560547, 7085.41845703, 6344.01904297, 4285.78271484, 5178.20019531, 5945.66650391, 5636.08300781, 2937.52099609, 4264.05664062, 2670.96020508, 4014.94555664, 626.215515137, 536.176940918, 564.578613281, 215.847671509, 84.5093688965, 59.4451560974, 43.973739624, 22.7767963409, 15.7344636917, 3.80882191658, 1.00329732895, 0.155670508742, 0.0065546091646, 3.94853377657e-05, 1.29330652854e-08]
    },
    "gfcc": {
        "mean": [5.25580406189, 27.8980140686, -120.155639648, 17.987285614, -61.5276794434, 21.8795108795, -27.8526210785, 18.3121986389, -22.6566314697, 11.6215896606, -16.4046573639, 6.06896209717, -8.16529369354],
        "cov": [[36667.6132812, 1015.75994873, -2248.25830078, 1318.77941895, -882.782104492, 1071.89758301, -169.635650635, 754.988952637, -520.070678711, 566.820068359, -515.661376953, 316.682678223, -243.332565308], [1015.75994873, 1194.79919434, 309.226715088, 395.789154053, 371.162139893, 246.312072754, 209.005584717, 60.2371864319, 55.466796875, 15.9094667435, 1.65498054028, -39.3035202026, 19.4635677338], [-2248.25830078, 309.226715088, 1872.55688477, 623.946899414, 739.76373291, 320.84552002, 311.661804199, 97.49974823, 74.9706268311, 74.8660049438, 3.02074432373, -10.7179365158, -64.2002105713], [1318.77941895, 395.789154053, 623.946899414, 887.757629395, 491.82043457, 256.640655518, 287.446228027, 161.54258728, 23.2958297729, 51.266368866, -10.5302200317, -17.0444393158, -70.7338485718], [-882.782104492, 371.162139893, 739.76373291, 491.82043457, 817.390441895, 388.798065186, 311.472930908, 65.5062026978, 116.541351318, 59.8810539246, -40.8375778198, -25.1359367371, -35.7602539062], [1071.89758301, 246.312072754, 320.84552002, 256.640655518, 388.798065186, 489.243438721, 237.85635376, 59.0247535706, 74.0791091919, 105.857505798, -45.9085044861, -17.1673564911, -9.42374515533], [-169.635650635, 209.005584717, 311.661804199, 287.446228027, 311.472930908, 237.85635376, 374.189117432, 139.609771729, 70.9463119507, 63.8319587708, 29.2828102112, -8.18979644775, 2.46467757225], [754.988952637, 60.2371864319, 97.49974823, 161.54258728, 65.5062026978, 59.0247535706, 139.609771729, 226.265426636, 73.6965255737, 52.2555503845, 35.1911201477, 18.0439090729, -2.01154112816], [-520.070678711, 55.466796875, 74.9706268311, 23.2958297729, 116.541351318, 74.0791091919, 70.9463119507, 73.6965255737, 174.917724609, 81.2383422852, 30.409204483, 11.9031982422, 20.2872180939], [566.820068359, 15.9094667435, 74.8660049438, 51.266368866, 59.8810539246, 105.857505798, 63.8319587708, 52.2555503845, 81.2383422852, 164.231658936, 58.6288986206, 16.2991485596, 14.637087822], [-515.661376953, 1.65498054028, 3.02074432373, -10.5302200317, -40.8375778198, -45.9085044861, 29.2828102112, 35.1911201477, 30.409204483, 58.6288986206, 145.243347168, 41.5785255432, 26.6444149017], [316.682678223, -39.3035202026, -10.7179365158, -17.0444393158, -25.1359367371, -17.1673564911, -8.18979644775, 18.0439090729, 11.9031982422, 16.2991485596, 41.5785255432, 106.952224731, 45.1588134766], [-243.332565308, 19.4635677338, -64.2002105713, -70.7338485718, -35.7602539062, -9.42374515533, 2.46467757225, -2.01154112816, 20.2872180939, 14.637087822, 26.6444149017, 45.1588134766, 115.687004089]],
        "icov": [[0.000130283064209, -0.000173355641891, 0.000215953128645, -0.000248219846981, 0.000267076306045, -0.00037849121145, 0.000327541580191, -0.000589992618188, 0.000748089631088, -0.000866994261742, 0.000817234977148, -0.000778450339567, 0.000399919721531], [-0.000173355641891, 0.00135661032982, -0.000235818995861, -9.35544157983e-05, -0.000534450577106, 0.000132802393637, -0.000424114317866, 0.00086908612866, -0.00121996493544, 0.0017014342593, -0.00155721569899, 0.00168302643578, -0.00121083995327], [0.000215953128645, -0.000235818995861, 0.00124983955175, -0.000655843236018, -0.000301396445138, -0.000514186453074, 0.000510908779688, -0.00098284566775, 0.00142673507798, -0.00159313541371, 0.00116836570669, -0.00138066406362, 0.000844703579787], [-0.000248219846981, -9.35544157983e-05, -0.000655843236018, 0.00290162558667, -0.00147871347144, 0.000928648631088, -0.00107430981006, -0.000185717624845, -7.46413934394e-05, 0.00103757157922, -0.00128134782426, 0.00106880208477, 0.000301740044961], [0.000267076306045, -0.000534450577106, -0.000301396445138, -0.00147871347144, 0.00438800035045, -0.00219352380373, -0.000517905165907, 0.000257349514868, -0.000665755709633, -0.000705944665242, 0.00216233870015, -0.00181906227954, 0.00119163386989], [-0.00037849121145, 0.000132802393637, -0.000514186453074, 0.000928648631088, -0.00219352380373, 0.00607599364594, -0.0029047136195, 0.00212607439607, -0.00156296475325, -0.000910478061996, 0.000503487652168, 0.00168594601564, -0.00100503955036], [0.000327541580191, -0.000424114317866, 0.000510908779688, -0.00107430981006, -0.000517905165907, -0.0029047136195, 0.0071454863064, -0.00429658219218, 0.00221414142288, -0.00131317612249, -0.000143855679198, -0.000445738056442, -0.000251686171396], [-0.000589992618188, 0.00086908612866, -0.00098284566775, -0.000185717624845, 0.000257349514868, 0.00212607439607, -0.00429658219218, 0.0103470291942, -0.00640455260873, 0.00368889002129, -0.00360680790618, 0.00219456665218, -0.000891547941137], [0.000748089631088, -0.00121996493544, 0.00142673507798, -7.46413934394e-05, -0.000665755709633, -0.00156296475325, 0.00221414142288, -0.00640455260873, 0.0141526339576, -0.00904418155551, 0.00473404442891, -0.00426277145743, 0.00126936007291], [-0.000866994261742, 0.0017014342593, -0.00159313541371, 0.00103757157922, -0.000705944665242, -0.000910478061996, -0.00131317612249, 0.00368889002129, -0.00904418155551, 0.0173531044275, -0.0103227188811, 0.00583415385336, -0.00306930229999], [0.000817234977148, -0.00155721569899, 0.00116836570669, -0.00128134782426, 0.00216233870015, 0.000503487652168, -0.000143855679198, -0.00360680790618, 0.00473404442891, -0.0103227188811, 0.0164558496326, -0.00825948920101, 0.00240562506951], [-0.000778450339567, 0.00168302643578, -0.00138066406362, 0.00106880208477, -0.00181906227954, 0.00168594601564, -0.000445738056442, 0.00219456665218, -0.00426277145743, 0.00583415385336, -0.00825948920101, 0.0176620986313, -0.00739333732054], [0.000399919721531, -0.00121083995327, 0.000844703579787, 0.000301740044961, 0.00119163386989, -0.00100503955036, -0.000251686171396, -0.000891547941137, 0.00126936007291, -0.00306930229999, 0.00240562506951, -0.00739333732054, 0.0131162069738]]
    },
    "melbands": {
        "dmean": [0.00140465109143, 0.00124122656416, 0.000406564708101, 0.000195496468223, 0.000143516008393, 0.000158811890287, 0.000186638790183, 0.000201155547984, 0.000192542909645, 0.000193396015675, 0.000209791571251, 0.000223790571908, 0.000141366268508, 0.000108826636279, 6.88565705786e-05, 6.43374805804e-05, 4.43402968813e-05, 4.83207695652e-05, 4.10258217016e-05, 4.24035606557e-05, 4.01413162763e-05, 2.64840000455e-05, 2.42205860559e-05, 2.06864478969e-05, 1.64222328749e-05, 1.79839389602e-05, 1.26623908727e-05, 8.9518216555e-06, 8.08503318694e-06, 9.17158831726e-06, 7.43162172512e-06, 5.16883710588e-06, 3.68622454516e-06, 2.67116115538e-06, 2.38098277805e-06, 2.40026020037e-06, 2.11789665627e-06, 1.77971401172e-06, 2.1049966108e-06, 1.59200601502e-06],
        "dmean2": [0.00192696996965, 0.00167927786242, 0.000611650757492, 0.000311959389364, 0.00024285724794, 0.000252756115515, 0.00030219097971, 0.000337159377523, 0.000330023700371, 0.000324790365994, 0.000341467035469, 0.000363501399988, 0.000226099218708, 0.000172786370968, 0.0001099366782, 0.000102957106719, 7.0535686973e-05, 7.64708311181e-05, 6.61747326376e-05, 6.91506356816e-05, 6.68486463837e-05, 4.3588817789e-05, 4.02523437515e-05, 3.4358468838e-05, 2.6174060622e-05, 2.86500599032e-05, 2.00874037546e-05, 1.44297018778e-05, 1.29819181893e-05, 1.46168767969e-05, 1.16378205348e-05, 8.07516425994e-06, 5.75528201807e-06, 4.25551934313e-06, 3.76215166398e-06, 3.73849138668e-06, 3.29870226778e-06, 2.82926907857e-06, 3.397476803e-06, 2.4974203825e-06],
        "dvar": [6.94524032951e-06, 6.05984860158e-06, 1.02746241737e-06, 1.76756103087e-07, 8.53779056342e-08, 1.01313347045e-07, 1.46441294646e-07, 1.93425535144e-07, 1.88524836631e-07, 2.1701038122e-07, 1.60804987104e-07, 1.95909152012e-07, 9.28895076413e-08, 6.20180173883e-08, 2.78613772053e-08, 2.02922318948e-08, 7.34617211506e-09, 1.07679225536e-08, 6.56430998447e-09, 9.00833985185e-09, 6.8274497167e-09, 2.72878608598e-09, 3.20933546405e-09, 4.62475702179e-09, 1.21005272469e-09, 1.72913239282e-09, 4.86271467537e-10, 1.67201127943e-10, 1.16019117924e-10, 1.49711812392e-10, 8.56696935614e-11, 4.31537826306e-11, 2.28136624175e-11, 1.53067211683e-11, 1.21799610328e-11, 1.23440346486e-11, 8.0567844063e-12, 5.92491247037e-12, 1.68445882243e-11, 6.96231440556e-12],
        "dvar2": [1.40317097248e-05, 8.91345189302e-06, 2.3200771011e-06, 4.38548966031e-07, 2.27529341146e-07, 2.39486809051e-07, 3.59645355275e-07, 4.79401421671e-07, 4.84657903144e-07, 5.54436553557e-07, 3.84202564874e-07, 4.48260038866e-07, 2.14836603618e-07, 1.41231865314e-07, 6.76066633787e-08, 4.85699374053e-08, 1.62237476786e-08, 2.51591192324e-08, 1.56536028584e-08, 1.90338003137e-08, 1.78999393086e-08, 6.92321444618e-09, 8.43477376833e-09, 1.28692514423e-08, 2.99881297572e-09, 3.89943100032e-09, 1.12772968741e-09, 4.17927581431e-10, 2.79668704861e-10, 3.72292419115e-10, 1.9457063738e-10, 1.03459851797e-10, 5.41628374096e-11, 3.79763928637e-11, 2.89021809957e-11, 2.87271630095e-11, 1.85761683813e-11, 1.461372863e-11, 4.31439155235e-11, 1.64647896012e-11],
        "max": [0.0269246734679, 0.0234647542238, 0.00850808061659, 0.00323697319254, 0.00344241876155, 0.00500978296623, 0.00705111352727, 0.0107451202348, 0.00722482521087, 0.00729081453755, 0.00649184640497, 0.0107639990747, 0.00581207545474, 0.00437382841483, 0.00376264937222, 0.00231226230972, 0.00257462495938, 0.00219663884491, 0.00162612018175, 0.00493909185752, 0.00122132443357, 0.000970293011051, 0.00121916248463, 0.00313570769504, 0.00103956856765, 0.00160172500182, 0.000515069987159, 0.000299870880553, 0.000193978528841, 0.000218466593651, 0.000165364530403, 8.78699211171e-05, 6.17395126028e-05, 4.82823343191e-05, 4.30722575402e-05, 4.62343523395e-05, 3.17457561323e-05, 3.00029842037e-05, 5.01109607285e-05, 3.75891031581e-05],
        "mean": [0.0028352024965, 0.00263315509073, 0.000415392423747, 0.000206570912269, 0.00016292957298, 0.00021125699277, 0.000220681438805, 0.000219274414121, 0.000204275915166, 0.000222386282985, 0.000264770234935, 0.000288454233669, 0.000188304358744, 0.000141433149111, 8.9049070084e-05, 8.55653415783e-05, 6.27797780908e-05, 6.51241571177e-05, 5.30896577402e-05, 5.52943711227e-05, 4.48170139862e-05, 3.2214618841e-05, 2.87306538667e-05, 2.76991813735e-05, 2.36575288e-05, 2.72184806818e-05, 1.99574678845e-05, 1.41213540701e-05, 1.3733499145e-05, 1.57852500706e-05, 1.33299154186e-05, 8.9529885372e-06, 6.15228555034e-06, 4.29761485066e-06, 3.90982540921e-06, 4.20367587139e-06, 3.86376723327e-06, 3.25349992636e-06, 3.27540510625e-06, 2.71874750979e-06],
        "median": [0.000483682728373, 0.000358040473657, 7.29253297322e-05, 4.2204548663e-05, 4.66607962153e-05, 6.0505928559e-05, 7.11374741513e-05, 7.30979663786e-05, 6.03740299994e-05, 7.08084116923e-05, 8.79610161064e-05, 8.48425988806e-05, 5.93505756115e-05, 4.56385023426e-05, 3.35888180416e-05, 3.09514689434e-05, 2.38067659666e-05, 2.29478318943e-05, 2.0185181711e-05, 1.81868017535e-05, 1.53415239765e-05, 1.16424789667e-05, 1.12980214908e-05, 1.10537803266e-05, 9.8013342722e-06, 1.12625384645e-05, 1.03919901449e-05, 9.3312601166e-06, 9.52468144533e-06, 1.0862228919e-05, 9.04252920009e-06, 6.00601651968e-06, 3.98403517465e-06, 2.55375402958e-06, 2.34995695791e-06, 2.72598776974e-06, 2.71326871371e-06, 2.31696321862e-06, 2.21064101424e-06, 1.85904877981e-06],
        "min": [7.69313129205e-25, 1.08306687565e-24, 1.21172683524e-24, 8.74812132618e-25, 1.75728292133e-24, 1.43689209367e-24, 2.29010107318e-24, 9.0362616465e-25, 1.72585075857e-24, 2.03187396396e-24, 1.62523766378e-24, 2.41301467411e-24, 1.98006887667e-24, 2.11297734527e-24, 2.21947869507e-24, 2.41742401214e-24, 2.21482520459e-24, 3.09919428847e-24, 3.69271982292e-24, 2.39975589445e-24, 4.05394120357e-24, 4.43315847363e-24, 4.24932942802e-24, 3.4009308237e-24, 4.64649407253e-24, 3.7684619083e-24, 3.86253396568e-24, 3.96578520855e-24, 4.10775019478e-24, 4.37641058112e-24, 5.01511496847e-24, 4.63254898388e-24, 4.96393840611e-24, 5.02837729801e-24, 5.68688564396e-24, 5.58389630291e-24, 5.6412267692e-24, 5.84609000198e-24, 5.77111547826e-24, 5.46700210512e-24],
        "var": [2.08757319342e-05, 2.11154783756e-05, 1.11326221486e-06, 1.72383366248e-07, 8.98339536093e-08, 1.73745206666e-07, 1.73885325694e-07, 2.40802251028e-07, 2.05616672133e-07, 2.39542458758e-07, 2.67914515462e-07, 3.93607024307e-07, 1.73175706664e-07, 9.50161833657e-08, 3.55382745454e-08, 3.20773025919e-08, 1.53493946442e-08, 1.65857017009e-08, 9.21569665024e-09, 2.23828688917e-08, 7.21925896841e-09, 3.95282206966e-09, 3.70811048533e-09, 4.13572243119e-09, 2.03077332728e-09, 3.03256930678e-09, 9.9493513428e-10, 2.70588024209e-10, 2.24047655428e-10, 3.06186215271e-10, 1.91231891433e-10, 8.84256209921e-11, 4.47634568301e-11, 2.46039924545e-11, 2.07192422941e-11, 2.15113673402e-11, 1.52569866463e-11, 1.01661856017e-11, 1.78229323661e-11, 1.01012939333e-11]
    },
    "mfcc": {
        "mean": [-624.637512207, 68.5864562988, -6.7667889595, 3.605727911, -6.74440002441, 2.98025679588, 6.06072330475, 3.50694394112, 8.21993541718, 3.53186774254, 1.41500926018, 3.34041190147, 0.963071346283],
        "cov": [[11500.8925781, 1057.36437988, 98.2767868042, 737.164001465, 162.261795044, 527.962341309, 454.725524902, 379.677185059, 379.330078125, 251.10446167, 146.823013306, 166.797439575, 89.7238922119], [1057.36437988, 1017.29956055, 222.135421753, 181.08531189, 245.136779785, 270.265594482, 185.375167847, 127.599746704, 143.812393188, 90.9818725586, 58.3738594055, 25.4668941498, 17.0699539185], [98.2767868042, 222.135421753, 925.034362793, 410.766418457, 325.773712158, 246.779891968, 249.728759766, 128.482772827, 87.5197067261, 105.138725281, 87.0185165405, 16.9488296509, 30.0228500366], [737.164001465, 181.08531189, 410.766418457, 759.432312012, 312.863189697, 220.980270386, 285.205535889, 213.050506592, 106.582901001, 111.001724243, 101.999649048, 31.4338569641, 23.7013912201], [162.261795044, 245.136779785, 325.773712158, 312.863189697, 485.439819336, 344.948608398, 185.926422119, 142.016601562, 143.09538269, 95.5038070679, 65.3228530884, 45.8270797729, 37.1575775146], [527.962341309, 270.265594482, 246.779891968, 220.980270386, 344.948608398, 550.422607422, 266.937774658, 148.820541382, 190.295913696, 116.028167725, 86.0958099365, 58.1264801025, 34.1900367737], [454.725524902, 185.375167847, 249.728759766, 285.205535889, 185.926422119, 266.937774658, 359.866577148, 162.161712646, 132.087051392, 115.016487122, 82.3710250854, 46.7533226013, 23.2572460175], [379.677185059, 127.599746704, 128.482772827, 213.050506592, 142.016601562, 148.820541382, 162.161712646, 229.118347168, 122.641548157, 70.2286682129, 69.938659668, 31.4104270935, 14.2683095932], [379.330078125, 143.812393188, 87.5197067261, 106.582901001, 143.09538269, 190.295913696, 132.087051392, 122.641548157, 229.173675537, 100.933799744, 67.0546722412, 52.4529914856, 24.5460338593], [251.10446167, 90.9818725586, 105.138725281, 111.001724243, 95.5038070679, 116.028167725, 115.016487122, 70.2286682129, 100.933799744, 175.20350647, 84.5782089233, 50.7235488892, 32.6699256897], [146.823013306, 58.3738594055, 87.0185165405, 101.999649048, 65.3228530884, 86.0958099365, 82.3710250854, 69.938659668, 67.0546722412, 84.5782089233, 155.583023071, 57.8157691956, 26.1734142303], [166.797439575, 25.4668941498, 16.9488296509, 31.4338569641, 45.8270797729, 58.1264801025, 46.7533226013, 31.4104270935, 52.4529914856, 50.7235488892, 57.8157691956, 124.186775208, 55.1498756409], [89.7238922119, 17.0699539185, 30.0228500366, 23.7013912201, 37.1575775146, 34.1900367737, 23.2572460175, 14.2683095932, 24.5460338593, 32.6699256897, 26.1734142303, 55.1498756409, 102.926132202]],
