{
"lowlevel": {
    "average_loudness": 0.941656768322,
    "barkbands_crest": {
        "dmean": 2.46167373657,
        "dmean2": 4.17805242538,
        "dvar": 6.14615726471,
        "dvar2": 17.432767868,
        "max": 26.7984867096,
        "mean": 7.45463132858,
        "median": 6.41306018829,
        "min": 1.87875258923,
        "var": 16.3963241577
    },
    "barkbands_flatness_db": {
        "dmean": 0.0153417950496,
        "dmean2": 0.0253285132349,
        "dvar": 0.000407168001402,
        "dvar2": 0.000950005021878,
        "max": 0.553082227707,
        "mean": 0.0700829029083,
        "median": 0.047891125083,
        "min": 0.0118491668254,
        "var": 0.00342065514997
    },
    "barkbands_kurtosis": {
        "dmean": 2.14927315712,
        "dmean2": 3.4547894001,
        "dvar": 229.552536011,
        "dvar2": 516.349304199,
        "max": 615.695068359,
        "mean": 2.35836911201,
        "median": -0.638339757919,
        "min": -1.94645154476,
        "var": 716.945678711
    },
    "barkbands_skewness": {
        "dmean": 0.383359313011,
        "dmean2": 0.623214542866,
        "dvar": 0.341234207153,
        "dvar2": 0.857248187065,
        "max": 18.9139633179,
        "mean": 0.751507818699,
        "median": 0.625331640244,
        "min": -6.13910293579,
        "var": 1.3420894146
    },
    "barkbands_spread": {
        "dmean": 6.23046875,
        "dmean2": 10.3519744873,
        "dvar": 41.4386672974,
        "dvar2": 103.831596375,
        "max": 123.028007507,
        "mean": 41.8239059448,
        "median": 44.9995727539,
        "min": 0.114891372621,
        "var": 247.470489502
    },
    "dissonance": {
        "dmean": 0.0128468209878,
        "dmean2": 0.0222547799349,
        "dvar": 0.000260571599938,
        "dvar2": 0.000725612742826,
        "max": 0.499999970198,
        "mean": 0.481068074703,
        "median": 0.486444175243,
        "min": 0.105913698673,
        "var": 0.000483128038468
    },
    "dynamic_complexity": 3.2694375515,
    "erbbands_crest": {
        "dmean": 2.12815403938,
        "dmean2": 3.57830500603,
        "dvar": 5.16533327103,
        "dvar2": 13.1818284988,
        "max": 33.7733764648,
        "mean": 6.72596263885,
        "median": 5.31296825409,
        "min": 2.06360244751,
        "var": 18.2006454468
    },
    "erbbands_flatness_db": {
        "dmean": 0.0107991350815,
        "dmean2": 0.0175903197378,
        "dvar": 0.00019379951118,
        "dvar2": 0.00041497653001,
        "max": 0.554995656013,
        "mean": 0.116482511163,
        "median": 0.0975140929222,
        "min": 0.0518818087876,
        "var": 0.0029273328837
    },
    "erbbands_kurtosis": {
        "dmean": 0.645113408566,
        "dmean2": 1.08415150642,
        "dvar": 13.7622079849,
        "dvar2": 31.9443855286,
        "max": 201.007873535,
        "mean": 0.324037194252,
        "median": -0.574989676476,
        "min": -1.75629460812,
        "var": 77.5012359619
    },
    "erbbands_skewness": {
        "dmean": 0.26456040144,
        "dmean2": 0.432823032141,
        "dvar": 0.0876161456108,
        "dvar2": 0.218525409698,
        "max": 7.35688018799,
        "mean": 0.025916878134,
        "median": -0.00763944396749,
        "min": -4.79861783981,
        "var": 0.308481276035
    },
    "erbbands_spread": {
        "dmean": 6.51596879959,
        "dmean2": 10.8451967239,
        "dvar": 42.2191009521,
        "dvar2": 108.086227417,
        "max": 183.35635376,
        "mean": 44.4049606323,
        "median": 45.3727684021,
        "min": 0.21698872745,
        "var": 240.622634888
    },
    "hfc": {
        "dmean": 9.201171875,
        "dmean2": 15.3286724091,
        "dvar": 101.454704285,
        "dvar2": 276.452728271,
        "max": 165.220932007,
        "mean": 48.9082336426,
        "median": 55.2629585266,
        "min": 1.06967066053e-16,
        "var": 895.394592285
    },
    "melbands_crest": {
        "dmean": 3.74283146858,
        "dmean2": 6.2191400528,
        "dvar": 11.3632831573,
        "dvar2": 32.0698509216,
        "max": 35.4167938232,
        "mean": 12.4026260376,
        "median": 11.4309940338,
        "min": 1.56343519688,
        "var": 28.1039905548
    },
    "melbands_flatness_db": {
        "dmean": 0.0212975628674,
        "dmean2": 0.0348321832716,
        "dvar": 0.000679625605699,
        "dvar2": 0.00159694522154,
        "max": 0.7251060009,
        "mean": 0.120200052857,
        "median": 0.0993786007166,
        "min": 0.0028508012183,
        "var": 0.00514067010954
    },
    "melbands_kurtosis": {
        "dmean": 5.03706169128,
        "dmean2": 8.3072013855,
        "dvar": 455.725646973,
        "dvar2": 1282.94787598,
        "max": 788.512329102,
        "mean": 8.72139072418,
        "median": 3.43009233475,
        "min": -1.67085933685,
        "var": 1078.2253418
    },
    "melbands_skewness": {
        "dmean": 0.567445576191,
        "dmean2": 0.932640850544,
        "dvar": 0.635287165642,
        "dvar2": 1.66443371773,
        "max": 22.5896492004,
        "mean": 2.00778460503,
        "median": 1.77385473251,
        "min": -8.04192352295,
        "var": 2.99315309525
    },
    "melbands_spread": {
        "dmean": 9.17670917511,
        "dmean2": 15.0004482269,
        "dvar": 86.0505981445,
        "dvar2": 216.961044312,
        "max": 218.346923828,
        "mean": 45.6749458313,
        "median": 45.0394744873,
        "min": 0.258924990892,
        "var": 480.064819336
    },
    "pitch_salience": {
        "dmean": 0.0757522732019,
        "dmean2": 0.127938717604,
        "dvar": 0.005331678316,
        "dvar2": 0.0157429035753,
        "max": 0.906985402107,
        "mean": 0.605022370815,
        "median": 0.627486169338,
        "min": 0.0373781211674,
        "var": 0.0137797389179
    },
    "silence_rate_20dB": {
        "dmean": 0,
        "dmean2": 0,
        "dvar": 0,
        "dvar2": 0,
        "max": 1,
        "mean": 1,
        "median": 1,
        "min": 1,
        "var": 0
    },
    "silence_rate_30dB": {
        "dmean": 0,
        "dmean2": 0,
        "dvar": 0,
        "dvar2": 0,
        "max": 1,
        "mean": 1,
        "median": 1,
        "min": 1,
        "var": 0
    },
    "silence_rate_60dB": {
        "dmean": 0.00493339914829,
        "dmean2": 0.0098684206605,
        "dvar": 0.00490949861705,
        "dvar2": 0.0133911659941,
        "max": 1,
        "mean": 0.0567247606814,
        "median": 0,
        "min": 0,
        "var": 0.0535089559853
    },
    "spectral_centroid": {
        "dmean": 245.054244995,
        "dmean2": 401.72845459,
        "dvar": 63319.5,
        "dvar2": 157931.046875,
        "max": 11757.5019531,
        "mean": 2222.83618164,
        "median": 2227.25170898,
        "min": 116.362136841,
        "var": 997602.875
    },
    "spectral_complexity": {
        "dmean": 4.14635753632,
        "dmean2": 6.8917760849,
        "dvar": 17.1489391327,
        "dvar2": 43.7228813171,
        "max": 61,
        "mean": 35.1989479065,
        "median": 41,
        "min": 0,
        "var": 240.166397095
    },
    "spectral_decrease": {
        "dmean": 1.13239295718e-09,
        "dmean2": 1.89279680818e-09,
        "dvar": 1.48774492266e-18,
        "dvar2": 4.08905196646e-18,
        "max": 1.73176984483e-28,
        "mean": -6.52188747452e-09,
        "median": -7.44758699156e-09,
        "min": -1.9132670559e-08,
        "var": 1.01672772643e-17
    },
    "spectral_energy": {
        "dmean": 0.00458827754483,
        "dmean2": 0.00770991155878,
        "dvar": 2.27485415962e-05,
        "dvar2": 6.33272284176e-05,
        "max": 0.0749043226242,
        "mean": 0.0290512442589,
        "median": 0.0339153185487,
        "min": 1.00633864361e-20,
        "var": 0.000198548732442
    },
    "spectral_energyband_high": {
        "dmean": 0.000912124000024,
        "dmean2": 0.00152805983089,
        "dvar": 1.27235409764e-06,
        "dvar2": 3.4198137655e-06,
        "max": 0.0173755064607,
        "mean": 0.00397856580094,
        "median": 0.00444234907627,
        "min": 6.88642238676e-21,
        "var": 8.18782973511e-06
    },
    "spectral_energyband_low": {
        "dmean": 0.00362349976785,
        "dmean2": 0.00605902308598,
        "dvar": 2.84571015072e-05,
        "dvar2": 7.83644791227e-05,
        "max": 0.0658396929502,
        "mean": 0.00818449724466,
        "median": 0.00747275492176,
        "min": 1.47372091305e-23,
        "var": 5.87383874517e-05
    },
    "spectral_energyband_middle_high": {
        "dmean": 0.00226685963571,
        "dmean2": 0.00382312596776,
        "dvar": 4.9396162467e-06,
        "dvar2": 1.37075576276e-05,
        "max": 0.0291925147176,
        "mean": 0.00892658811063,
        "median": 0.00882860831916,
        "min": 1.23234108809e-21,
        "var": 2.88098435703e-05
    },
    "spectral_energyband_middle_low": {
        "dmean": 0.00318917632103,
        "dmean2": 0.00541075551882,
        "dvar": 1.32988270707e-05,
        "dvar2": 3.90653367504e-05,
        "max": 0.0419431366026,
        "mean": 0.00878100749105,
        "median": 0.00839232187718,
        "min": 2.05849252115e-22,
        "var": 3.47411478288e-05
    },
    "spectral_entropy": {
        "dmean": 0.0891427621245,
        "dmean2": 0.148952141404,
        "dvar": 0.0207606703043,
        "dvar2": 0.0445514917374,
        "max": 9.82227325439,
        "mean": 8.08190250397,
        "median": 8.25832366943,
        "min": 3.73123502731,
        "var": 0.246145755053
    },
    "spectral_flux": {
        "dmean": 0.0150769762695,
        "dmean2": 0.0247905831784,
        "dvar": 0.000233913626289,
        "dvar2": 0.000602351210546,
        "max": 0.235203936696,
        "mean": 0.10089648515,
        "median": 0.108764827251,
        "min": 6.35510810643e-11,
        "var": 0.00158563826699
    },
    "spectral_kurtosis": {
        "dmean": 1.02536642551,
        "dmean2": 1.77708172798,
        "dvar": 112.331336975,
        "dvar2": 325.366333008,
        "max": 580.975830078,
        "mean": 3.35904884338,
        "median": 2.16241264343,
        "min": -1.2466378212,
        "var": 100.467071533
    },
    "spectral_rms": {
        "dmean": 0.000437565409811,
        "dmean2": 0.000734605127946,
        "dvar": 2.25665189646e-07,
        "dvar2": 6.39737265828e-07,
        "max": 0.0085485316813,
        "mean": 0.00503936596215,
        "median": 0.00575222726911,
        "min": 3.13335880679e-12,
        "var": 2.94741289508e-06
    },
    "spectral_rolloff": {
        "dmean": 774.448547363,
        "dmean2": 1291.25976562,
        "dvar": 747585.0625,
        "dvar2": 1825023.625,
        "max": 19358.3496094,
        "mean": 3429.39331055,
        "median": 3337.64648438,
        "min": 64.599609375,
        "var": 4955445.5
    },
    "spectral_skewness": {
        "dmean": 0.125881746411,
        "dmean2": 0.210000574589,
        "dvar": 0.132943615317,
        "dvar2": 0.340415596962,
        "max": 19.7065620422,
        "mean": 1.31509590149,
        "median": 1.21621656418,
        "min": -0.102934002876,
        "var": 0.391841292381
    },
    "spectral_spread": {
        "dmean": 404673.625,
        "dmean2": 670927.375,
        "dvar": 377400918016,
        "dvar2": 865287405568,
        "max": 42492104,
        "mean": 6025321.5,
        "median": 6075299,
        "min": 278963.09375,
        "var": 1.21404160737e+13
    },
    "spectral_strongpeak": {
        "dmean": 0.438167095184,
        "dmean2": 0.77999663353,
        "dvar": 0.779297113419,
        "dvar2": 2.20485138893,
        "max": 17.0971755981,
        "mean": 0.672835528851,
        "median": 0.29532456398,
        "min": 0,
        "var": 0.90153002739
    },
    "zerocrossingrate": {
        "dmean": 0.0105125401169,
        "dmean2": 0.0136751672253,
        "dvar": 0.000134773508762,
        "dvar2": 0.000185058350326,
        "max": 0.783203125,
        "mean": 0.116925299168,
        "median": 0.119140625,
        "min": 0.00390625,
        "var": 0.00288884830661
    },
    "barkbands": {
        "dmean": [0.00011855923367, 0.00299529638141, 0.00202631880529, 0.00085339078214, 0.00125013431534, 0.000832713325508, 0.00105736847036, 0.000805136864074, 0.000837509753183, 0.000858617539052, 0.000810831144918, 0.000638032564893, 0.000443286553491, 0.000502912618686, 0.00050721236039, 0.000473717576824, 0.000382915284717, 0.000300964136841, 0.000331872754032, 0.00031025800854, 0.000307398819132, 0.000262495217612, 0.000214607847738, 0.000169485501829, 0.000136825197842, 7.65870063333e-05, 1.8660324713e-05],
        "dmean2": [0.000190309467143, 0.00499398820102, 0.00337188085541, 0.0015081675956, 0.00214255833998, 0.00140438578092, 0.00180211034603, 0.00137767917477, 0.00142814568244, 0.00149083056021, 0.00139262969606, 0.00108743458986, 0.000745946483221, 0.000844555615913, 0.000858410086948, 0.000795826374087, 0.000655260169879, 0.000505400763359, 0.000562218949199, 0.000524804287124, 0.000522911373992, 0.000440112926299, 0.000366070278687, 0.000287324510282, 0.000231151425396, 0.000130470711156, 3.0950672226e-05],
        "dvar": [4.53911717102e-08, 1.6917969333e-05, 1.35891068567e-05, 3.6941230519e-06, 4.40058147433e-06, 1.16490593882e-06, 1.86131774171e-06, 1.0542404425e-06, 1.29021714201e-06, 1.41550697208e-06, 1.58231011937e-06, 8.9219253141e-07, 5.14260477757e-07, 5.38016820428e-07, 6.24764652457e-07, 5.526309792e-07, 3.99356963499e-07, 1.9658864403e-07, 1.65628676996e-07, 2.60846348965e-07, 1.43288133359e-07, 1.29468119781e-07, 8.34566051822e-08, 5.30328136961e-08, 2.88948420746e-08, 9.90465132134e-09, 5.30633648133e-10],
        "dvar2": [1.11666494718e-07, 4.72907377116e-05, 3.84295017284e-05, 1.09173570308e-05, 1.24365124066e-05, 3.27475413542e-06, 5.50415461475e-06, 2.84840348286e-06, 3.5538503198e-06, 3.87292038795e-06, 4.2612236939e-06, 2.50104312727e-06, 1.41383236496e-06, 1.4297877442e-06, 1.63180459367e-06, 1.44945704506e-06, 1.12561508558e-06, 4.99349368965e-07, 4.45520470294e-07, 7.53709343826e-07, 3.8722086515e-07, 3.51879293703e-07, 2.29541896601e-07, 1.34902705895e-07, 7.1372220134e-08, 2.56094061513e-08, 1.42616995991e-09],
        "max": [0.00283924583346, 0.057837497443, 0.0512247756124, 0.0295762009919, 0.035832952708, 0.0213969554752, 0.0110111366957, 0.0157557688653, 0.0254486054182, 0.0148282665759, 0.0198439322412, 0.0117978677154, 0.00978056527674, 0.0101516572759, 0.0121503528208, 0.01401657518, 0.0106991231441, 0.00789260677993, 0.00608481513336, 0.0104051595554, 0.00736187072471, 0.0100866863504, 0.00625086575747, 0.00688118673861, 0.00425852416083, 0.00217083282769, 0.000268793664873],
        "mean": [0.000137268856633, 0.00482098571956, 0.00265010539442, 0.000983796082437, 0.00185392447747, 0.00140363199171, 0.00154942646623, 0.001192576834, 0.0013581130188, 0.00129560963251, 0.001186978654, 0.00103827496059, 0.000694452901371, 0.000805081275757, 0.000852584373206, 0.000870515475981, 0.00068076280877, 0.00063083023997, 0.0007605755236, 0.000718546973076, 0.000826560193673, 0.00077002675971, 0.00067338719964, 0.000559605134185, 0.000437682349002, 0.00025107289548, 4.88785735797e-05],
        "median": [3.606305836e-05, 0.0032697613351, 0.000856217229739, 0.000441436190158, 0.00109080574475, 0.00108023406938, 0.0010206263978, 0.000851549266372, 0.000889464281499, 0.00074237480294, 0.000726042431779, 0.000683041289449, 0.000403085548896, 0.000544023001567, 0.000586290843785, 0.00065315735992, 0.000511459074914, 0.000534111401066, 0.000665979459882, 0.000608264876064, 0.000783343799412, 0.000738163944334, 0.000718234980013, 0.000604667002335, 0.00046905875206, 0.000270044314675, 4.53028624179e-05],
        "min": [9.5313221544e-25, 3.85453570496e-24, 4.38278447863e-25, 4.76046987941e-25, 8.30154302621e-24, 7.37423387668e-24, 3.01060599767e-24, 1.07948956893e-23, 1.72324771479e-23, 2.17115978133e-23, 3.09720612233e-23, 2.41666433909e-23, 4.79236060702e-23, 4.16630828641e-23, 5.79224211993e-23, 5.00875430411e-23, 8.96905377393e-23, 1.16235461075e-22, 1.45033718256e-22, 1.43540284655e-22, 2.5903869721e-22, 2.97110689596e-22, 3.92123495158e-22, 5.30337832743e-22, 8.66335174536e-22, 1.32935325846e-21, 1.91533691031e-21],
        "var": [7.01054645447e-08, 2.77678391285e-05, 1.8197861209e-05, 3.59031469088e-06, 5.96667405262e-06, 1.82565133855e-06, 2.69339489023e-06, 1.62291109973e-06, 2.50861239692e-06, 2.65964899882e-06, 2.27825853472e-06, 1.29384193315e-06, 8.16637680146e-07, 7.97768564098e-07, 9.93553953776e-07, 8.7497005552e-07, 5.66889184483e-07, 3.4559462847e-07, 4.14542483895e-07, 5.14669977747e-07, 4.41026230646e-07, 4.34205418287e-07, 2.83613559304e-07, 1.94177331991e-07, 1.22601164776e-07, 4.04926652209e-08, 2.01905336894e-09]
    },
    "erbbands": {
        "dmean": [0.0844915062189, 0.713636040688, 2.00728821754, 2.43603301048, 3.3249771595, 4.75234937668, 6.0813999176, 7.69649553299, 12.2262887955, 19.3609275818, 15.7559967041, 18.5245838165, 25.0315170288, 25.6430873871, 32.2627296448, 22.5727138519, 19.6837921143, 22.875295639, 26.4137401581, 23.1547470093, 22.9113349915, 19.2821292877, 15.5546922684, 16.4676208496, 16.6559486389, 14.2915430069, 14.0691328049, 11.6007118225, 10.3067016602, 8.05562210083, 6.05485916138, 4.1056470871, 2.82102322578, 1.74889719486, 0.964800715446, 0.413284420967, 0.148640781641, 0.0302998870611, 0.0031152786687, 4.65303637611e-05],
        "dmean2": [0.133379265666, 1.18839037418, 3.33236789703, 4.1673078537, 5.71003103256, 8.20107746124, 10.355547905, 13.0514612198, 20.6692886353, 33.2458229065, 26.7702713013, 31.6771869659, 42.9555549622, 43.7191543579, 55.7475852966, 38.4220542908, 33.0023345947, 38.0901527405, 44.8138656616, 38.5339012146, 38.7066192627, 32.6567382812, 26.0844726562, 27.8929042816, 28.3916358948, 24.4406223297, 24.1406764984, 19.6731128693, 17.3994655609, 13.6936502457, 10.3122034073, 6.96014451981, 4.77106142044, 2.95504140854, 1.63057410717, 0.706098139286, 0.252137541771, 0.050876237452, 0.0052248025313, 7.83685609349e-05],
        "dvar": [0.0166281927377, 0.961775243282, 12.1329174042, 25.1323375702, 38.8926582336, 66.0012207031, 90.5038299561, 97.2112350464, 239.53288269, 766.819091797, 466.477386475, 750.600219727, 1470.94787598, 1333.22558594, 3009.51318359, 1015.54327393, 959.674133301, 1037.47668457, 1700.18041992, 1113.87060547, 1468.20080566, 1017.92492676, 741.301025391, 400.0078125, 484.491516113, 385.355560303, 411.764801025, 240.464172363, 237.501556396, 150.937225342, 65.593170166, 28.9585208893, 15.9093694687, 4.96408939362, 1.46756696701, 0.285035461187, 0.0412636511028, 0.00157461117487, 1.52667562361e-05, 3.12336445596e-09],
        "dvar2": [0.0441512800753, 2.66562986374, 34.9011726379, 71.3848648071, 112.31350708, 183.470153809, 245.714920044, 268.817749023, 653.641052246, 2306.40844727, 1260.93652344, 2079.45727539, 4114.03808594, 3572.98779297, 8386.32128906, 2811.86352539, 2579.79663086, 2694.53564453, 4351.99365234, 2888.83398438, 3997.78808594, 2841.48706055, 1899.95361328, 1099.67431641, 1288.70544434, 1080, 1210.67810059, 636.615234375, 642.875549316, 417.197906494, 177.82131958, 75.2002944946, 41.3957595825, 12.6388092041, 3.64849281311, 0.72543656826, 0.110241256654, 0.00403628917411, 4.11736327806e-05, 8.23355783552e-09],
        "max": [2.19934463501, 14.7895879745, 43.9437866211, 84.2322311401, 113.519439697, 105.128067017, 133.395721436, 168.787841797, 219.150970459, 283.983520508, 313.059570312, 760.101989746, 510.038116455, 563.784729004, 940.849304199, 424.277526855, 523.554077148, 510.773834229, 741.149597168, 625.656982422, 682.74206543, 441.048706055, 529.63494873, 358.153625488, 416.190246582, 344.75390625, 452.356018066, 370.234771729, 479.599639893, 316.674682617, 202.076950073, 140.711425781, 126.042068481, 48.8321685791, 36.4274330139, 12.3952436447, 4.76480865479, 0.588229179382, 0.0527966916561, 0.000802889000624],
        "mean": [0.122588224709, 1.14227831364, 2.98519802094, 3.46437430382, 4.26754331589, 6.31867980957, 9.14703178406, 12.1849536896, 19.0361347198, 27.2593917847, 25.1911964417, 30.1323070526, 39.1433448792, 43.3915977478, 50.3094482422, 40.8348007202, 33.570514679, 39.3108291626, 45.8066444397, 45.8867492676, 44.9987297058, 37.3839187622, 32.7008361816, 39.4235954285, 37.0579872131, 34.3029670715, 34.4143638611, 31.4092502594, 27.751367569, 23.9979839325, 18.6975078583, 12.7792606354, 8.72485637665, 5.37868261337, 2.85728502274, 1.26666343212, 0.431453049183, 0.0984889790416, 0.00784752890468, 0.000175066335942],
        "median": [0.0673534050584, 0.803607106209, 1.29260706902, 1.45956754684, 2.17005300522, 3.49920797348, 6.07109594345, 8.72847747803, 13.1161117554, 18.3818016052, 18.222990036, 19.7027206421, 23.544757843, 27.8275871277, 31.7555198669, 27.9807472229, 20.9184341431, 28.0828399658, 32.2869338989, 34.5529708862, 35.6095046997, 28.9494857788, 27.8626022339, 35.3923072815, 32.5338554382, 29.3516044617, 32.2505722046, 29.4785079956, 25.8455543518, 23.9794902802, 19.9044837952, 13.6112289429, 9.30162811279, 5.71729564667, 2.97836208344, 1.33827531338, 0.442772269249, 0.101950719953, 0.00708628026769, 0.000185078301001],
        "min": [1.00705938984e-22, 6.35066501649e-22, 2.57321691593e-21, 7.58542473949e-21, 2.39669475568e-20, 3.75543681638e-20, 5.70521913491e-20, 7.62188062472e-20, 1.26871359691e-19, 1.79893029495e-19, 4.6829408663e-19, 4.89731868072e-19, 5.27604797707e-19, 8.90298835989e-19, 1.33923901594e-18, 1.05938830507e-18, 2.62480724501e-18, 2.11511116606e-18, 3.03103833217e-18, 3.21311877617e-18, 3.69980972151e-18, 5.32933898463e-18, 6.91826443302e-18, 7.22597686166e-18, 8.08161083292e-18, 6.37500653469e-18, 1.03205207446e-17, 1.04483888052e-17, 1.13019291824e-17, 1.273390869e-17, 1.06447846437e-17, 1.13074522673e-17, 9.07669091185e-18, 8.73431589323e-18, 6.55009544136e-18, 4.17694652399e-18, 2.40079639537e-18, 9.24654335165e-19, 2.28006028598e-19, 2.89720300352e-20],
        "var": [0.028335403651, 1.53507769108, 17.4490585327, 33.3735580444, 45.2064094543, 81.5486068726, 123.213546753, 148.547088623, 410.092498779, 949.631225586, 717.968017578, 1322.90991211, 2342.62255859, 2844.07202148, 4226.42724609, 1746.85009766, 1593.8659668, 1676.69799805, 2797.48706055, 2166.57421875, 2184.82299805, 1551.24279785, 1098.50439453, 1028.66369629, 1068.35388184, 975.861633301, 912.125305176, 719.223388672, 608.01965332, 417.566253662, 224.658721924, 101.710357666, 51.1582984924, 19.233833313, 5.70733261108, 1.09817290306, 0.132158666849, 0.00680378032848, 5.28710152139e-05, 1.73237726386e-08]
    },
    "gfcc": {
        "mean": [40.864025116, 42.3218193054, -111.994041443, 26.6930885315, -58.2014045715, 19.0703887939, -32.6248626709, 13.22224617, -22.7254943848, 7.96668624878, -16.8941707611, 5.71608781815, -12.0010652542],
        "cov": [[32577.5019531, -1776.54101562, -1285.11584473, 741.626220703, -1483.08959961, 57.472328186, -538.679016113, 473.469451904, -230.313415527, 561.960693359, -699.601379395, 392.991455078, -426.480010986], [-1776.54101562, 1163.54040527, -372.585968018, -124.984870911, -29.3392276764, -186.900146484, 49.9101715088, -181.955703735, -9.76590919495, -148.467300415, 82.9644546509, -65.720161438, 86.4135284424], [-1285.11584473, -372.585968018, 787.001647949, 137.486022949, 177.292922974, 157.527679443, 62.7422409058, 116.470748901, 50.0058479309, 51.8839988708, -18.2196426392, 24.5999011993, -39.0692138672], [741.626220703, -124.984870911, 137.486022949, 400.257904053, 56.1368522644, 118.31211853, 28.0522098541, 71.5312347412, 61.8654556274, 40.3461151123, -3.43088531494, 16.4734115601, -16.4802036285], [-1483.08959961, -29.3392276764, 177.292922974, 56.1368522644, 253.213806152, 100.822441101, 46.4514465332, 19.4108219147, 39.5087814331, 2.41095399857, 44.7176818848, -6.11311101913, 14.669172287], [57.472328186, -186.900146484, 157.527679443, 118.31211853, 100.822441101, 175.920837402, 30.6020622253, 78.9132385254, 14.2469387054, 30.6147861481, 2.33275675774, 16.8458938599, -13.2442903519], [-538.679016113, 49.9101715088, 62.7422409058, 28.0522098541, 46.4514465332, 30.6020622253, 112.628257751, 35.9415512085, 27.6700172424, -3.14994525909, 15.2197122574, 15.3038520813, 19.7874317169], [473.469451904, -181.955703735, 116.470748901, 71.5312347412, 19.4108219147, 78.9132385254, 35.9415512085, 147.121047974, 40.1710472107, 67.1513748169, -5.83726358414, 34.2910003662, -9.70557975769], [-230.313415527, -9.76590919495, 50.0058479309, 61.8654556274, 39.5087814331, 14.2469387054, 27.6700172424, 40.1710472107, 102.238479614, 53.3087730408, 31.4924125671, 7.96659564972, 6.4117231369], [561.960693359, -148.467300415, 51.8839988708, 40.3461151123, 2.41095399857, 30.6147861481, -3.14994525909, 67.1513748169, 53.3087730408, 129.232681274, 32.3447647095, 34.4700737, -14.449139595], [-699.601379395, 82.9644546509, -18.2196426392, -3.43088531494, 44.7176818848, 2.33275675774, 15.2197122574, -5.83726358414, 31.4924125671, 32.3447647095, 91.0262069702, 22.364025116, 20.0220489502], [392.991455078, -65.720161438, 24.5999011993, 16.4734115601, -6.11311101913, 16.8458938599, 15.3038520813, 34.2910003662, 7.96659564972, 34.4700737, 22.364025116, 75.2348098755, 24.4918670654], [-426.480010986, 86.4135284424, -39.0692138672, -16.4802036285, 14.669172287, -13.2442903519, 19.7874317169, -9.70557975769, 6.4117231369, -14.449139595, 20.0220489502, 24.4918670654, 69.0767593384]],
        "icov": [[0.000108188993181, -2.18855147978e-05, 0.000254317215877, -0.000197668850888, 0.000298239116091, -0.000168357088114, 0.000224220188102, -2.10808466363e-05, 7.54665088607e-05, -0.000461042538518, 0.000939273799304, -0.000855418795254, 0.000556815997697], [-2.18855147978e-05, 0.00177113956306, 0.000342866696883, -0.00013457670866, 0.000132204906549, 0.00108359695878, -0.00119860179257, 0.000558274041396, -0.000230617413763, 0.00149968790356, -0.00218100962229, 0.00172267411835, -0.00123100855853], [0.000254317215877, 0.000342866696883, 0.00260554580018, -0.000572983233724, -0.000571731186938, -0.000562497996725, -0.000165077493875, -0.000384916609619, -0.00020879159274, -0.000907158246264, 0.00296694156714, -0.00269580353051, 0.00241045281291], [-0.000197668850888, -0.00013457670866, -0.000572983233724, 0.00391696253791, -0.000140333329909, -0.00227587833069, -0.000218030414544, 0.000273772573564, -0.00262043531984, 0.00115778017789, -0.000805695017334, 0.000744045537431, -0.000292133452604], [0.000298239116091, 0.000132204906549, -0.000571731186938, -0.000140333329909, 0.00860266853124, -0.00485352100804, -0.000291367730824, 0.00136983406264, -0.00171659945045, 0.000141957920277, -0.00137800199445, 0.000801699992735, -0.000858223065734], [-0.000168357088114, 0.00108359695878, -0.000562497996725, -0.00227587833069, -0.00485352100804, 0.0134968012571, -0.00133559957612, -0.00470799952745, 0.00373902567662, 0.000971448316704, -0.00253514409997, 0.00135921221226, 0.000192501582205], [0.000224220188102, -0.00119860179257, -0.000165077493875, -0.000218030414544, -0.000291367730824, -0.00133559957612, 0.0133173139766, -0.00374597776681, -0.00245397095568, 0.00199100910686, 0.00163903587963, -0.00390285719186, -0.0002440053795], [-2.10808466363e-05, 0.000558274041396, -0.000384916609619, 0.000273772573564, 0.00136983406264, -0.00470799952745, -0.00374597776681, 0.0148326475173, -0.00309970602393, -0.00478430185467, 0.0037092238199, -0.00281430222094, 0.000192269973923], [7.54665088607e-05, -0.000230617413763, -0.00020879159274, -0.00262043531984, -0.00171659945045, 0.00373902567662, -0.00245397095568, -0.00309970602393, 0.0179514829069, -0.00707251066342, -0.00250218855217, 0.00385513901711, -0.00242724595591], [-0.000461042538518, 0.00149968790356, -0.000907158246264, 0.00115778017789, 0.000141957920277, 0.000971448316704, 0.00199100910686, -0.00478430185467, -0.00707251066342, 0.0196846406907, -0.0106617780402, -0.000408785854233, 0.00196343590505], [0.000939273799304, -0.00218100962229, 0.00296694156714, -0.000805695017334, -0.00137800199445, -0.00253514409997, 0.00163903587963, 0.0037092238199, -0.00250218855217, -0.0106617780402, 0.0285515543073, -0.013995340094, 0.00456007709727], [-0.000855418795254, 0.00172267411835, -0.00269580353051, 0.000744045537431, 0.000801699992735, 0.00135921221226, -0.00390285719186, -0.00281430222094, 0.00385513901711, -0.000408785854233, -0.013995340094, 0.0307249650359, -0.0152512760833], [0.000556815997697, -0.00123100855853, 0.00241045281291, -0.000292133452604, -0.000858223065734, 0.000192501582205, -0.0002440053795, 0.000192269973923, -0.00242724595591, 0.00196343590505, 0.00456007709727, -0.0152512760833, 0.025785850361]]
    },
    "melbands": {
        "dmean": [0.000773100997321, 0.000886230205651, 0.000413964444306, 0.000275806960417, 0.000206531854928, 0.000167835198226, 0.000190469552763, 0.000205063231988, 0.000129973355797, 0.000121505014249, 0.00012863324082, 0.000106840103399, 0.000107622414362, 7.77553941589e-05, 5.97735233896e-05, 4.30069121649e-05, 4.68293073936e-05, 4.56141788163e-05, 3.61865058949e-05, 3.69448316633e-05, 2.739816955e-05, 2.35369170696e-05, 1.6903548385e-05, 1.46748125189e-05, 1.48413346324e-05, 1.39016392495e-05, 1.18395937534e-05, 1.04878154161e-05, 9.95930440695e-06, 8.65209403855e-06, 6.97884843248e-06, 6.94386926625e-06, 5.39682287126e-06, 4.80490416521e-06, 4.13386305809e-06, 3.33784146278e-06, 2.69259612651e-06, 2.32930642596e-06, 1.83630788797e-06, 1.55894451837e-06],
        "dmean2": [0.00126551999711, 0.00146355957258, 0.000703648431227, 0.000471705629025, 0.000354007439455, 0.000283156521618, 0.000322067586239, 0.000351549475454, 0.000221331793, 0.000208151090192, 0.000221059512114, 0.000183024487342, 0.000185286815395, 0.000133413559524, 0.000101618177723, 7.21493415767e-05, 7.79799738666e-05, 7.75240187068e-05, 6.08062509855e-05, 6.18727208348e-05, 4.65564044134e-05, 4.00849166908e-05, 2.90467705781e-05, 2.45792725764e-05, 2.52501067735e-05, 2.37573203776e-05, 2.01283237402e-05, 1.80339557119e-05, 1.71211213456e-05, 1.47419323184e-05, 1.1845327208e-05, 1.18072048281e-05, 9.1015945145e-06, 8.19981414679e-06, 7.02174702383e-06, 5.67345341551e-06, 4.57918986285e-06, 3.97490930482e-06, 3.10284463012e-06, 2.65116636911e-06],
        "dvar": [1.21760058391e-06, 1.97577901417e-06, 6.54587609006e-07, 2.3345938871e-07, 1.09838630635e-07, 4.47908625745e-08, 5.41500995155e-08, 7.87936684787e-08, 3.22245661266e-08, 3.11175156753e-08, 3.79766476044e-08, 2.37047181884e-08, 3.04592013833e-08, 1.57156812008e-08, 8.71543104353e-09, 5.54224044436e-09, 4.33575531034e-09, 5.22714982409e-09, 3.7589549251e-09, 3.33430594246e-09, 2.30297314552e-09, 1.65105251693e-09, 9.02137919923e-10, 4.44283498879e-10, 3.38538308498e-10, 3.70391106674e-10, 3.77521874872e-10, 2.34812225219e-10, 3.24327509293e-10, 1.04099152909e-10, 9.06678898627e-11, 1.3765255602e-10, 5.87001142138e-11, 4.95894228458e-11, 3.162963641e-11, 1.7688765383e-11, 1.28683383394e-11, 1.11493852345e-11, 5.76341882205e-12, 4.24714170083e-12],
        "dvar2": [3.42858129443e-06, 5.60467287869e-06, 1.8881402184e-06, 6.65141783429e-07, 3.00371937101e-07, 1.22702616068e-07, 1.51776191615e-07, 2.33142401385e-07, 8.65563265506e-08, 8.60306954564e-08, 1.06197035166e-07, 6.39230961497e-08, 8.32284854368e-08, 4.36697646933e-08, 2.50672709257e-08, 1.47275542872e-08, 1.11966036442e-08, 1.35426736492e-08, 1.0152858998e-08, 8.48685832722e-09, 6.38943475906e-09, 4.51623760611e-09, 2.60588595147e-09, 1.10765752126e-09, 9.38467747957e-10, 9.75794445246e-10, 1.00966046634e-09, 6.73422873021e-10, 9.72115610232e-10, 2.88837703755e-10, 2.45886339068e-10, 3.72107566982e-10, 1.63699984124e-10, 1.39117231623e-10, 8.83232861848e-11, 4.75779173004e-11, 3.37253176774e-11, 2.9497893711e-11, 1.5228507691e-11, 1.09511956795e-11],
        "max": [0.0181991420686, 0.0168180409819, 0.0122576616704, 0.00931023433805, 0.00472625950351, 0.00383167853579, 0.00293444166891, 0.00346165080555, 0.00241083349101, 0.00455917743966, 0.00260187475942, 0.00216230540536, 0.00301868631504, 0.00166571419686, 0.00123282254208, 0.00110297929496, 0.00115862477105, 0.00111039041076, 0.00111481512431, 0.00132212147582, 0.000823188282084, 0.000556240149308, 0.000427427468821, 0.00044905213872, 0.000301458843751, 0.000371643138351, 0.000621778715868, 0.000279604893876, 0.000468604033813, 0.00015661319776, 0.00020639692957, 0.000403476238716, 0.000148096733028, 0.000191128419829, 0.000141002557939, 0.00010519103671, 9.85810474958e-05, 8.62112065079e-05, 7.01062745065e-05, 4.81392016809e-05],
        "mean": [0.00123984832317, 0.00159403553698, 0.000626304361504, 0.000378299067961, 0.000320521998219, 0.000279736646917, 0.000298611470498, 0.000293507589959, 0.0002038924722, 0.000193404906895, 0.000194806969375, 0.000171864550794, 0.00016453563876, 0.000123259291286, 9.41413309192e-05, 6.55993280816e-05, 7.41801559343e-05, 7.29139283067e-05, 6.13350639469e-05, 6.57912387396e-05, 4.88496370963e-05, 4.04591737606e-05, 2.99725215882e-05, 2.99277689919e-05, 3.20725230267e-05, 2.84891229967e-05, 2.32452239288e-05, 2.27154996537e-05, 2.15789368667e-05, 2.00226622837e-05, 1.72558247868e-05, 1.59952360264e-05, 1.42214639709e-05, 1.28489291455e-05, 1.11551007649e-05, 9.08445508685e-06, 7.35401135898e-06, 6.3802326622e-06, 5.16622321811e-06, 4.31128273704e-06],
        "median": [0.000847033632454, 0.0010113872122, 0.000308091635816, 0.00020437000785, 0.000220367597649, 0.000206399243325, 0.000207346456591, 0.000200481328648, 0.000138502946356, 0.0001209036418, 0.000114719136036, 0.000102577258076, 0.000104511913378, 8.04726296337e-05, 5.51574121346e-05, 3.69872468582e-05, 5.01037065987e-05, 4.93614752486e-05, 4.22376615461e-05, 4.68641446787e-05, 3.68249238818e-05, 2.88919090963e-05, 2.32320708164e-05, 2.52670688496e-05, 2.76784139714e-05, 2.3600357963e-05, 1.93158593902e-05, 1.87959085451e-05, 1.80621682375e-05, 1.86735487659e-05, 1.59204719239e-05, 1.41412183439e-05, 1.33309767989e-05, 1.26215581986e-05, 1.14314098028e-05, 9.15659074963e-06, 7.56448662287e-06, 6.53284996588e-06, 5.28604596184e-06, 4.43006820205e-06],
        "min": [1.2570166217e-24, 1.21707393167e-24, 2.2068415378e-24, 2.60151949552e-24, 1.67766042916e-24, 1.55528078845e-24, 1.9034087544e-24, 2.56467890238e-24, 3.85057720094e-24, 2.29564854028e-24, 2.87483238626e-24, 2.88524692793e-24, 4.15685836385e-24, 3.14641629112e-24, 2.47993985838e-24, 4.27013642326e-24, 3.50675256983e-24, 3.75516329116e-24, 3.38858870041e-24, 3.2030265274e-24, 3.75877469639e-24, 4.54581885495e-24, 4.18677394153e-24, 4.49746286475e-24, 5.39955449772e-24, 5.25080806872e-24, 4.75754912191e-24, 3.37784559817e-24, 5.91755882784e-24, 5.54293903914e-24, 5.87567386365e-24, 5.96978694179e-24, 4.16167357082e-24, 6.39473645068e-24, 6.93578971873e-24, 5.51625108586e-24, 6.37953194559e-24, 5.9371265226e-24, 6.5283264951e-24, 6.69933497327e-24],
        "var": [2.06582353712e-06, 3.36478569807e-06, 9.15056716622e-07, 2.89729086944e-07, 1.51677639337e-07, 7.45389598933e-08, 9.17961102687e-08, 1.03390959794e-07, 4.99736181325e-08, 5.60126629523e-08, 5.98842291311e-08, 5.10018161037e-08, 4.40563034942e-08, 2.13036113195e-08, 1.3499911411e-08, 8.20745604813e-09, 6.88510359836e-09, 7.93955301504e-09, 5.39349453987e-09, 5.46363221332e-09, 3.10834602502e-09, 2.26443086504e-09, 1.11509246281e-09, 7.83915210523e-10, 7.58984264326e-10, 7.56966378468e-10, 5.7098603623e-10, 4.99344676719e-10, 5.47957568209e-10, 2.63278371326e-10, 2.41035330584e-10, 2.45293008128e-10, 1.60426116835e-10, 1.21829088484e-10, 8.72497976645e-11, 5.50473867877e-11, 3.65998585605e-11, 2.96431872104e-11, 1.86217690573e-11, 1.36131982423e-11]
    },
    "mfcc": {
        "mean": [-593.286193848, 78.8601150513, 0.146961197257, 13.5743694305, -0.955140173435, 5.90212106705, 1.38884973526, 5.25435113907, 2.63790440559, 3.37728834152, -1.61867320538, 1.89555418491, 2.57650494576],
        "cov": [[15328.4960938, -41.9440917969, 386.283599854, 228.35949707, -219.094863892, 48.45936203, -262.826934814, -9.28301048279, 82.4795150757, 82.9720993042, 219.175292969, -151.65675354, 50.1709747314], [-41.9440917969, 949.078552246, -274.416870117, -26.6082191467, -138.968383789, -83.6884536743, -61.1040039062, -53.5233306885, -81.0581283569, -59.3648414612, -86.8026351929, -16.4124126434, -14.6571788788], [386.283599854, -274.416870117, 457.774963379, 84.8448791504, 75.3945770264, 48.0291213989, 41.6069717407, 73.6896438599, 71.9459152222, 45.4655265808, 47.6164474487, 9.37946224213, 22.3629055023], [228.35949707, -26.6082191467, 84.8448791504, 199.576843262, 42.0933265686, 59.5650444031, 9.51491737366, 47.7086105347, 28.3494319916, 28.5366477966, 19.67070961, 27.5241355896, 37.7186660767], [-219.094863892, -138.968383789, 75.3945770264, 42.0933265686, 181.914077759, 72.3168869019, 55.127040863, 27.4328155518, 31.3381023407, 31.0079593658, 20.8742904663, 26.2750377655, -3.30964922905], [48.45936203, -83.6884536743, 48.0291213989, 59.5650444031, 72.3168869019, 108.036453247, 42.618976593, 35.0225372314, 16.350276947, 22.1104164124, 16.4255714417, 8.60632991791, 15.2012586594], [-262.826934814, -61.1040039062, 41.6069717407, 9.51491737366, 55.127040863, 42.618976593, 99.273147583, 48.743144989, 24.8868255615, 6.53867769241, 6.62576770782, 15.1705121994, 3.60821580887], [-9.28301048279, -53.5233306885, 73.6896438599, 47.7086105347, 27.4328155518, 35.0225372314, 48.743144989, 103.851928711, 48.1593551636, 12.1376743317, 1.67285811901, 8.00857448578, 15.769903183], [82.4795150757, -81.0581283569, 71.9459152222, 28.3494319916, 31.3381023407, 16.350276947, 24.8868255615, 48.1593551636, 85.9648132324, 34.8294372559, 15.3328838348, 9.05564308167, 16.9607925415], [82.9720993042, -59.3648414612, 45.4655265808, 28.5366477966, 31.0079593658, 22.1104164124, 6.53867769241, 12.1376743317, 34.8294372559, 78.2996292114, 40.0854568481, 19.2667388916, 4.9110789299], [219.175292969, -86.8026351929, 47.6164474487, 19.67070961, 20.8742904663, 16.4255714417, 6.62576770782, 1.67285811901, 15.3328838348, 40.0854568481, 91.7428665161, 32.5419845581, 12.1262760162], [-151.65675354, -16.4124126434, 9.37946224213, 27.5241355896, 26.2750377655, 8.60632991791, 15.1705121994, 8.00857448578, 9.05564308167, 19.2667388916, 32.5419845581, 93.0152206421, 37.3277206421], [50.1709747314, -14.6571788788, 22.3629055023, 37.7186660767, -3.30964922905, 15.2012586594, 3.60821580887, 15.769903183, 16.9607925415, 4.9110789299, 12.1262760162, 37.3277206421, 87.8179092407]],
