{
"lowlevel": {
    "average_loudness": 0.863035678864,
    "barkbands_crest": {
        "dmean": 2.78285121918,
        "dmean2": 4.37634849548,
        "dvar": 6.79878520966,
        "dvar2": 15.7023983002,
        "max": 25.914604187,
        "mean": 9.77836990356,
        "median": 8.85334968567,
        "min": 1.90177059174,
        "var": 22.5633869171
    },
    "barkbands_flatness_db": {
        "dmean": 0.0187678877264,
        "dmean2": 0.0282252822071,
        "dvar": 0.000408807187341,
        "dvar2": 0.000878876307979,
        "max": 0.529794335365,
        "mean": 0.0987335294485,
        "median": 0.078679472208,
        "min": 0.015479888767,
        "var": 0.00398138258606
    },
    "barkbands_kurtosis": {
        "dmean": 1.76293230057,
        "dmean2": 2.77750635147,
        "dvar": 24.336145401,
        "dvar2": 62.7290649414,
        "max": 275.77154541,
        "mean": 1.89311480522,
        "median": 0.0763437747955,
        "min": -1.91673827171,
        "var": 39.2403488159
    },
    "barkbands_skewness": {
        "dmean": 0.466536611319,
        "dmean2": 0.719962418079,
        "dvar": 0.282538592815,
        "dvar2": 0.656430959702,
        "max": 14.8548803329,
        "mean": 0.96717852354,
        "median": 0.877707958221,
        "min": -7.59461545944,
        "var": 1.15720582008
    },
    "barkbands_spread": {
        "dmean": 6.4451341629,
        "dmean2": 10.1122150421,
        "dvar": 54.8241157532,
        "dvar2": 127.408805847,
        "max": 143.743438721,
        "mean": 33.7025794983,
        "median": 34.7285423279,
        "min": 0.454494327307,
        "var": 348.427947998
    },
    "dissonance": {
        "dmean": 0.0146732144058,
        "dmean2": 0.0249629337341,
        "dvar": 0.000324749707943,
        "dvar2": 0.00087518338114,
        "max": 0.500000059605,
        "mean": 0.476006686687,
        "median": 0.484098225832,
        "min": 0.146418124437,
        "var": 0.000704199832398
    },
    "dynamic_complexity": 3.11377215385,
    "erbbands_crest": {
        "dmean": 1.94752383232,
        "dmean2": 3.19203400612,
        "dvar": 4.40326547623,
        "dvar2": 10.8020439148,
        "max": 29.3911762238,
        "mean": 6.98764038086,
        "median": 5.35995340347,
        "min": 1.92289805412,
        "var": 18.9371528625
    },
    "erbbands_flatness_db": {
        "dmean": 0.0143682388589,
        "dmean2": 0.021462822333,
        "dvar": 0.000308584916638,
        "dvar2": 0.000596804660745,
        "max": 0.454569935799,
        "mean": 0.141119077802,
        "median": 0.112591311336,
        "min": 0.0428508967161,
        "var": 0.00477127777413
    },
    "erbbands_kurtosis": {
        "dmean": 0.84315353632,
        "dmean2": 1.31478834152,
        "dvar": 3.84160780907,
        "dvar2": 8.55629920959,
        "max": 55.1235923767,
        "mean": 0.646026492119,
        "median": -0.426636338234,
        "min": -1.86565732956,
        "var": 15.3633642197
    },
    "erbbands_skewness": {
        "dmean": 0.301021128893,
        "dmean2": 0.477878212929,
        "dvar": 0.111130163074,
        "dvar2": 0.255600959063,
        "max": 5.90036439896,
        "mean": 0.208074614406,
        "median": 0.0323186591268,
        "min": -4.10991191864,
        "var": 0.652028977871
    },
    "erbbands_spread": {
        "dmean": 6.74793052673,
        "dmean2": 10.6690950394,
        "dvar": 56.6061668396,
        "dvar2": 130.959686279,
        "max": 145.208618164,
        "mean": 39.4817276001,
        "median": 41.0619316101,
        "min": 1.36107134819,
        "var": 310.170043945
    },
    "hfc": {
        "dmean": 13.3354663849,
        "dmean2": 22.4451293945,
        "dvar": 515.708496094,
        "dvar2": 1459.2244873,
        "max": 189.524353027,
        "mean": 39.4083175659,
        "median": 30.7847938538,
        "min": 1.05687913954e-16,
        "var": 1169.55773926
    },
    "melbands_crest": {
        "dmean": 3.73235797882,
        "dmean2": 6.1270980835,
        "dvar": 12.1136255264,
        "dvar2": 29.4644756317,
        "max": 39.6030883789,
        "mean": 14.5341587067,
        "median": 14.3664321899,
        "min": 1.60410583019,
        "var": 39.0987892151
    },
    "melbands_flatness_db": {
        "dmean": 0.0265420991927,
        "dmean2": 0.0394308082759,
        "dvar": 0.000737930822652,
        "dvar2": 0.00167513312772,
        "max": 0.663062751293,
        "mean": 0.144034788013,
        "median": 0.1325519979,
        "min": 0.00238809525035,
        "var": 0.00510791596025
    },
    "melbands_kurtosis": {
        "dmean": 4.92288541794,
        "dmean2": 7.68455266953,
        "dvar": 259.209991455,
        "dvar2": 671.925537109,
        "max": 1044.17504883,
        "mean": 8.43617630005,
        "median": 4.75833034515,
        "min": -1.83685541153,
        "var": 286.515899658
    },
    "melbands_skewness": {
        "dmean": 0.650261163712,
        "dmean2": 1.00419080257,
        "dvar": 0.606820583344,
        "dvar2": 1.34889638424,
        "max": 22.9942760468,
        "mean": 2.12526369095,
        "median": 1.93394494057,
        "min": -4.64761829376,
        "var": 2.16573500633
    },
    "melbands_spread": {
        "dmean": 10.5399198532,
        "dmean2": 16.6890563965,
        "dvar": 176.493560791,
        "dvar2": 429.721130371,
        "max": 224.633666992,
        "mean": 37.8365135193,
        "median": 32.5565795898,
        "min": 0.536605894566,
        "var": 763.34979248
    },
    "pitch_salience": {
        "dmean": 0.0801125764847,
        "dmean2": 0.123474948108,
        "dvar": 0.00557965924963,
        "dvar2": 0.0132860504091,
        "max": 0.95228344202,
        "mean": 0.564464151859,
        "median": 0.576119661331,
        "min": 0.0316650643945,
        "var": 0.0193093158305
    },
    "silence_rate_20dB": {
        "dmean": 0,
        "dmean2": 0,
        "dvar": 0,
        "dvar2": 0,
        "max": 1,
        "mean": 1,
        "median": 1,
        "min": 1,
        "var": 0
    },
    "silence_rate_30dB": {
        "dmean": 0.000180326387635,
        "dmean2": 0.000360685313353,
        "dvar": 0.000180281422217,
        "dvar2": 0.000540847948287,
        "max": 1,
        "mean": 0.999909818172,
        "median": 1,
        "min": 0,
        "var": 9.01438179426e-05
    },
    "silence_rate_60dB": {
        "dmean": 0.0187539439648,
        "dmean2": 0.0375112704933,
        "dvar": 0.018401639536,
        "dvar2": 0.0415119752288,
        "max": 1,
        "mean": 0.09114677459,
        "median": 0,
        "min": 0,
        "var": 0.0828330293298
    },
    "spectral_centroid": {
        "dmean": 277.97177124,
        "dmean2": 446.438995361,
        "dvar": 94632.5,
        "dvar2": 227253.15625,
        "max": 11830.3505859,
        "mean": 2132.46142578,
        "median": 2045.92651367,
        "min": 145.664215088,
        "var": 2262841.75
    },
    "spectral_complexity": {
        "dmean": 5.06104040146,
        "dmean2": 7.99585199356,
        "dvar": 34.0723152161,
        "dvar2": 76.0930709839,
        "max": 63,
        "mean": 29.0790653229,
        "median": 30,
        "min": 0,
        "var": 272.385467529
    },
    "spectral_decrease": {
        "dmean": 1.83230797202e-09,
        "dmean2": 2.89085910765e-09,
        "dvar": 4.45184428414e-18,
        "dvar2": 1.15568836179e-17,
        "max": 2.23392875369e-28,
        "mean": -6.96133417577e-09,
        "median": -6.80033895861e-09,
        "min": -3.56155958059e-08,
        "var": 2.25389677e-17
    },
    "spectral_energy": {
        "dmean": 0.00770353665575,
        "dmean2": 0.0123613420874,
        "dvar": 7.83046125434e-05,
        "dvar2": 0.000210843092646,
        "max": 0.135362386703,
        "mean": 0.029848145321,
        "median": 0.0296683050692,
        "min": 9.87890577242e-21,
        "var": 0.000397674622945
    },
    "spectral_energyband_high": {
        "dmean": 0.00129211484455,
        "dmean2": 0.00219011772424,
        "dvar": 5.79416018809e-06,
        "dvar2": 1.64135126397e-05,
        "max": 0.0201417058706,
        "mean": 0.00302941305563,
        "median": 0.00190569937695,
        "min": 7.05232622174e-21,
        "var": 1.10604551082e-05
    },
    "spectral_energyband_low": {
        "dmean": 0.0050588590093,
        "dmean2": 0.00720943231136,
        "dvar": 5.77546379645e-05,
        "dvar2": 0.000131322260131,
        "max": 0.134083732963,
        "mean": 0.0110749974847,
        "median": 0.00482651265338,
        "min": 1.43515586998e-23,
        "var": 0.000189400481759
    },
    "spectral_energyband_middle_high": {
        "dmean": 0.00265711313114,
        "dmean2": 0.00443928176537,
        "dvar": 1.26637887661e-05,
        "dvar2": 3.37910096277e-05,
        "max": 0.0604516901076,
        "mean": 0.00765832187608,
        "median": 0.00651244446635,
        "min": 1.04562808692e-21,
        "var": 3.65845153283e-05
    },
    "spectral_energyband_middle_low": {
        "dmean": 0.00322801969014,
        "dmean2": 0.00517743593082,
        "dvar": 1.57372414833e-05,
        "dvar2": 4.04203892685e-05,
        "max": 0.0875444188714,
        "mean": 0.00872232858092,
        "median": 0.00774429691955,
        "min": 1.3872941958e-22,
        "var": 4.77566536574e-05
    },
    "spectral_entropy": {
        "dmean": 0.121378570795,
        "dmean2": 0.19020421803,
        "dvar": 0.0252798572183,
        "dvar2": 0.0569708049297,
        "max": 9.82503795624,
        "mean": 7.98019552231,
        "median": 8.16773986816,
        "min": 4.30341005325,
        "var": 0.355348020792
    },
    "spectral_flux": {
        "dmean": 0.0193764213473,
        "dmean2": 0.0316459983587,
        "dvar": 0.000496840453707,
        "dvar2": 0.00114698556717,
        "max": 0.252666950226,
        "mean": 0.0934730544686,
        "median": 0.0986394509673,
        "min": 6.41146441493e-11,
        "var": 0.00218779500574
    },
    "spectral_kurtosis": {
        "dmean": 1.2480379343,
        "dmean2": 2.11570334435,
        "dvar": 5.60956192017,
        "dvar2": 15.66817379,
        "max": 72.5015335083,
        "mean": 3.80693268776,
        "median": 2.34618544579,
        "min": -1.28643262386,
        "var": 20.4368534088
    },
    "spectral_rms": {
        "dmean": 0.000692455039825,
        "dmean2": 0.00109647144563,
        "dvar": 5.72276121602e-07,
        "dvar2": 1.45786157191e-06,
        "max": 0.0114917736501,
        "mean": 0.00493749370798,
        "median": 0.00538002699614,
        "min": 3.10450601858e-12,
        "var": 4.7411781452e-06
    },
    "spectral_rolloff": {
        "dmean": 880.09564209,
        "dmean2": 1398.79370117,
        "dvar": 1335988.5,
        "dvar2": 3031089.25,
        "max": 19638.28125,
        "mean": 3058.95263672,
        "median": 2196.38671875,
        "min": 21.533203125,
        "var": 9650079
    },
    "spectral_skewness": {
        "dmean": 0.170549362898,
        "dmean2": 0.280818581581,
        "dvar": 0.0499471910298,
        "dvar2": 0.130177527666,
        "max": 7.49583482742,
        "mean": 1.41257309914,
        "median": 1.23470950127,
        "min": -0.0919696167111,
        "var": 0.386791020632
    },
    "spectral_spread": {
        "dmean": 499217.96875,
        "dmean2": 780054.875,
        "dvar": 510952538112,
        "dvar2": 1.13660198912e+12,
        "max": 43051420,
        "mean": 5986947.5,
        "median": 5592791,
        "min": 1111090.5,
        "var": 2.81001443983e+13
    },
    "spectral_strongpeak": {
        "dmean": 0.385551869869,
        "dmean2": 0.647892057896,
        "dvar": 0.418663680553,
        "dvar2": 1.09599101543,
        "max": 10.0406827927,
        "mean": 0.766523659229,
        "median": 0.445320487022,
        "min": 0,
        "var": 0.796365737915
    },
    "zerocrossingrate": {
        "dmean": 0.0139764836058,
        "dmean2": 0.0160299353302,
        "dvar": 0.000353860901669,
        "dvar2": 0.000345635227859,
        "max": 0.859375,
        "mean": 0.104003861547,
        "median": 0.08984375,
        "min": 0.00439453125,
        "var": 0.00718719651923
    },
    "barkbands": {
        "dmean": [0.000174514847458, 0.00466225249693, 0.00165390700568, 0.000782527669799, 0.0014139788691, 0.000752654217649, 0.00091392401373, 0.000755041954108, 0.000833380850963, 0.000769235601183, 0.000655708368868, 0.000405332946684, 0.000527401803993, 0.000498355948366, 0.000420827593189, 0.000341385981301, 0.000303260341752, 0.000320398830809, 0.000282937020529, 0.000312521558953, 0.000280763953924, 0.0002951209608, 0.000270482647466, 0.000280580163235, 0.000158561073476, 6.29063724773e-05, 1.97466633836e-05],
        "dmean2": [0.000259728927631, 0.00681212404743, 0.00262881652452, 0.00135836843401, 0.00249110837467, 0.00122689176351, 0.00144461006857, 0.00122942600865, 0.0013750649523, 0.00125675543677, 0.00104875070974, 0.000686186365783, 0.000881432264578, 0.000856434518937, 0.000735468987841, 0.000588535098359, 0.000517096428666, 0.00054701406043, 0.000484163465444, 0.00053725251928, 0.000476871558931, 0.000505237956531, 0.00047067378182, 0.000490812642965, 0.00026445867843, 0.000100598663266, 3.08043599944e-05],
        "dvar": [1.66995832274e-07, 6.23413870926e-05, 1.14356944323e-05, 3.05576986648e-06, 7.05890352037e-06, 1.30328271553e-06, 1.89016293461e-06, 1.76770197413e-06, 1.71196859355e-06, 3.23319113704e-06, 1.20590607366e-06, 3.96666536062e-07, 7.81382482273e-07, 5.95627739131e-07, 3.89445659721e-07, 2.47806781317e-07, 1.88610826513e-07, 2.1114207982e-07, 1.72168057588e-07, 2.30564054959e-07, 1.77327294182e-07, 2.49989625445e-07, 2.74938741995e-07, 3.32203597964e-07, 7.57610081337e-08, 1.24473888974e-08, 1.40951272876e-09],
        "dvar2": [2.97633931723e-07, 0.000132590066642, 2.6794434234e-05, 7.99368990556e-06, 2.00814793061e-05, 3.22045207213e-06, 4.37195649283e-06, 4.64996173832e-06, 4.32156502939e-06, 8.30570752441e-06, 2.65503081209e-06, 9.88638930721e-07, 1.90792820831e-06, 1.562258376e-06, 1.10047608359e-06, 6.81749497744e-07, 5.14488817771e-07, 5.78156175379e-07, 4.84735949158e-07, 6.48963975891e-07, 4.8240246997e-07, 6.98807298249e-07, 7.82241158959e-07, 9.57361407927e-07, 1.98968592713e-07, 2.92877260222e-08, 3.23985394068e-09],
        "max": [0.00859216228127, 0.129529669881, 0.0344646498561, 0.0487240105867, 0.0420496761799, 0.0147120244801, 0.0258743241429, 0.0277203153819, 0.0241866074502, 0.0574664324522, 0.0234170053154, 0.0149146160111, 0.0180968046188, 0.0209509730339, 0.00740016810596, 0.00631758477539, 0.00619969330728, 0.00700557650998, 0.00565582793206, 0.00664092693478, 0.00507537974045, 0.00661025196314, 0.00470639578998, 0.00536841340363, 0.0041771219112, 0.00162926188204, 0.000737163354643],
        "mean": [0.000400266755605, 0.00848345085979, 0.00180213351268, 0.000820276676677, 0.00171193177812, 0.00123786751647, 0.00178933667485, 0.00131497974508, 0.00141145428643, 0.00132804783061, 0.00114978477359, 0.000647541193757, 0.000835143669974, 0.000755998655222, 0.000624003703706, 0.000563152250834, 0.000554265396204, 0.000579203595407, 0.00055528600933, 0.000585888628848, 0.000601917214226, 0.000594164361246, 0.000486766744871, 0.000473072403111, 0.000346341985278, 0.000159348855959, 3.65077503375e-05],
        "median": [3.15960023727e-05, 0.00152029539458, 0.000269290059805, 0.00018668253324, 0.000651012524031, 0.000703195226379, 0.000920498743653, 0.000636882323306, 0.000795938016381, 0.000558562751394, 0.000631281989627, 0.000408788386267, 0.000456314970506, 0.000464926240966, 0.000398469099309, 0.0003527617082, 0.000362642109394, 0.000389857043047, 0.000368228473235, 0.000348060129909, 0.000376321258955, 0.000346834189259, 0.000290836498607, 0.000245163682848, 0.000186154982657, 7.71274935687e-05, 6.77002299199e-06],
        "min": [1.42702336979e-25, 2.63746867583e-24, 7.21087350359e-25, 8.72555891821e-25, 4.2510400729e-24, 7.87370036996e-24, 6.9475358576e-24, 3.82721902954e-24, 1.17782013414e-23, 1.43246932528e-23, 9.10053053887e-24, 1.73913395348e-23, 2.64060207079e-23, 3.39349407418e-23, 3.85792772797e-23, 5.03295971213e-23, 6.29499705878e-23, 1.00516984709e-22, 9.052744974e-23, 1.44798347405e-22, 2.42694988623e-22, 2.98830027716e-22, 3.69432952515e-22, 5.65356996534e-22, 7.51005881138e-22, 1.23289705201e-21, 1.84772903163e-21],
        "var": [8.92460775503e-07, 0.00015700350923, 1.42950757436e-05, 4.02707200919e-06, 8.29169493954e-06, 2.67501036433e-06, 6.08304117122e-06, 3.9489405026e-06, 3.62711762136e-06, 7.36431184123e-06, 3.11626922667e-06, 6.92221703957e-07, 1.49197956034e-06, 9.60186298471e-07, 5.16306329246e-07, 4.19712449684e-07, 3.88806085994e-07, 4.0010135649e-07, 3.70288972817e-07, 4.47033869477e-07, 4.27956479143e-07, 4.65524806259e-07, 3.54717855089e-07, 4.00398675993e-07, 1.86631311294e-07, 4.54036950259e-08, 3.86076104419e-09]
    },
    "erbbands": {
        "dmean": [0.135311096907, 1.07418358326, 1.82548069954, 1.97150015831, 4.00535392761, 4.94851732254, 5.00249910355, 6.79202890396, 11.1389799118, 15.6021032333, 14.3920955658, 19.342880249, 24.0172176361, 22.9364624023, 21.1653652191, 15.5362291336, 22.9156017303, 23.8100509644, 21.0982666016, 20.7272396088, 15.8361101151, 16.8320331573, 17.4297847748, 15.7484798431, 13.7197656631, 14.9263439178, 13.2723369598, 10.4391260147, 11.3188247681, 9.74237823486, 7.44832372665, 6.5914888382, 4.09316492081, 2.04902458191, 1.13524878025, 0.349940478802, 0.114932306111, 0.0322407484055, 0.00319133978337, 5.38989734196e-05],
        "dmean2": [0.206953555346, 1.51521575451, 2.6282184124, 3.164965868, 6.94061946869, 8.78096103668, 8.55612945557, 11.0291891098, 17.9304828644, 24.7725563049, 23.7769126892, 31.9178543091, 39.6426086426, 36.5950584412, 34.970790863, 26.2553253174, 38.160736084, 41.0193405151, 36.1208648682, 36.6511268616, 27.1640834808, 28.830368042, 29.8824901581, 26.9448680878, 23.5179424286, 25.8445472717, 23.1134319305, 17.4037265778, 19.48005867, 16.7951869965, 12.9981546402, 11.4345388412, 7.13796567917, 3.45566701889, 1.8952101469, 0.573320448399, 0.183884724975, 0.0511680059135, 0.00502640940249, 8.53578094393e-05],
        "dvar": [0.0641622170806, 3.55957889557, 11.6347837448, 14.6647281647, 71.203704834, 85.697517395, 67.5243835449, 112.880859375, 303.663818359, 535.862487793, 772.174987793, 1014.37652588, 2801.41967773, 1796.39221191, 1217.57763672, 557.842468262, 1409.65148926, 1416.04504395, 1004.9576416, 1185.07531738, 491.848083496, 627.975280762, 656.258300781, 535.994506836, 400.717712402, 572.870544434, 470.171905518, 229.505020142, 392.640472412, 289.565887451, 210.112472534, 176.702804565, 63.0999984741, 11.4817705154, 4.38031148911, 0.373347967863, 0.0440985225141, 0.00382786616683, 3.94207818317e-05, 8.97211371864e-09],
        "dvar2": [0.155294910073, 6.9609541893, 25.8079242706, 34.680809021, 193.085342407, 241.968643188, 173.469024658, 277.284912109, 728.377441406, 1320.26782227, 2067.52441406, 2556.43212891, 7177.75341797, 4109.64746094, 2958.15014648, 1435.98706055, 3423.35498047, 3830.32055664, 2685.20825195, 3394.41723633, 1344.84729004, 1711.17382812, 1803.85144043, 1494.57897949, 1115.23303223, 1627.20336914, 1331.35778809, 603.274902344, 1095.64746094, 824.633483887, 601.534362793, 506.221740723, 181.004440308, 31.0666160583, 11.5598955154, 0.950283885002, 0.103485696018, 0.00856262259185, 9.34961572057e-05, 2.12525286258e-08],
        "max": [2.85284042358, 31.1952838898, 48.8712158203, 74.9200134277, 273.987701416, 183.336273193, 150.890380859, 163.58694458, 405.328735352, 358.883544922, 681.717712402, 629.383422852, 1490.74743652, 913.452026367, 715.007324219, 499.634246826, 828.929382324, 789.368835449, 855.113464355, 369.865936279, 368.391021729, 398.751800537, 448.267333984, 361.153930664, 273.577911377, 253.823684692, 290.45602417, 229.247680664, 268.471221924, 152.530212402, 133.624328613, 120.406089783, 78.2177810669, 45.4905204773, 33.053565979, 8.49755001068, 2.68798112869, 1.01952540874, 0.108784794807, 0.00154346425552],
        "mean": [0.256206423044, 1.80970346928, 2.50438070297, 2.48874020576, 4.6239991188, 5.6856880188, 6.73679637909, 11.7162618637, 21.1668567657, 31.4336853027, 26.2576465607, 33.0177001953, 41.8633384705, 42.8116989136, 36.2917938232, 26.7974662781, 39.0404205322, 38.9408416748, 35.7409744263, 32.6731643677, 29.8738288879, 31.8481330872, 32.1363449097, 30.3993225098, 27.4788818359, 27.277759552, 24.830083847, 23.3405170441, 21.8140068054, 18.2318878174, 13.4200706482, 10.7985744476, 7.09039163589, 4.24944067001, 2.29041457176, 0.829308450222, 0.271046131849, 0.0697547495365, 0.00567741459236, 0.000134010508191],
        "median": [0.0358530059457, 0.387351095676, 0.581354141235, 0.773407936096, 1.28539633751, 2.15476560593, 3.46499109268, 6.49695682526, 11.5391902924, 17.7187080383, 14.6242513657, 18.4729232788, 19.5526885986, 21.9680328369, 21.9425735474, 17.9858894348, 23.0667228699, 25.8129653931, 24.4606609344, 21.188791275, 21.0398788452, 21.5081634521, 21.3937568665, 20.2408981323, 17.5915699005, 16.2261123657, 15.1874732971, 14.2766151428, 12.2782821655, 10.441028595, 7.91504049301, 5.54245281219, 3.80797195435, 2.3901386261, 1.15233421326, 0.426059961319, 0.11732557416, 0.0222323462367, 0.00102340173908, 6.99650045135e-05],
        "min": [5.89803657148e-23, 4.86292636069e-22, 1.35567975568e-21, 4.17334833356e-21, 4.02734732037e-21, 1.74943707391e-20, 3.02697600941e-20, 8.30323898881e-20, 1.15586044121e-19, 1.02715314122e-19, 2.30355221538e-19, 2.37489163183e-19, 2.96636945528e-19, 4.57296720386e-19, 6.04026360139e-19, 9.58503186216e-19, 1.13583034023e-18, 1.81745911482e-18, 2.61477995483e-18, 2.40320493852e-18, 3.67989203954e-18, 4.3133014577e-18, 5.66856534025e-18, 6.40496867084e-18, 5.99874895741e-18, 7.20281580451e-18, 6.86418956843e-18, 9.56893616822e-18, 9.04798112715e-18, 1.15348036858e-17, 1.08749799092e-17, 9.93349947959e-18, 9.14630395066e-18, 7.76446151427e-18, 5.79562317747e-18, 3.82889249687e-18, 2.15720142434e-18, 9.00958505748e-19, 2.5169141486e-19, 2.57078250885e-20],
        "var": [0.168314933777, 8.45721340179, 19.4880638123, 23.6960697174, 113.119895935, 90.2204742432, 87.9973754883, 267.580474854, 803.379638672, 1543.47729492, 1528.82507324, 2184.13793945, 6184.30957031, 4728.95800781, 2551.1340332, 985.40045166, 2936.90527344, 2026.63977051, 1739.44677734, 1380.00671387, 982.555725098, 1276.34143066, 1271.12145996, 1122.56530762, 920.517578125, 984.969604492, 801.378479004, 653.222167969, 652.17010498, 465.852020264, 272.882324219, 211.939956665, 84.9597091675, 26.3449478149, 9.38167190552, 1.19250822067, 0.143289059401, 0.0115327574313, 9.75239672698e-05, 2.81927299284e-08]
    },
    "gfcc": {
        "mean": [-1.88543426991, 48.0672988892, -122.878005981, 19.130525589, -63.9085617065, 16.5468139648, -33.9056968689, 13.0447845459, -19.6209506989, 9.1976852417, -14.3029336929, 3.25793671608, -11.4620161057],
        "cov": [[48326.2421875, 419.756835938, -1469.03125, 1948.52819824, -1266.86193848, 1210.29138184, -792.986999512, 920.071472168, -660.460754395, 577.822631836, -567.905334473, 594.222045898, -542.872192383], [419.756835938, 2032.78100586, -371.210968018, -304.059692383, -117.418525696, -304.546966553, -50.4289627075, -214.771194458, -14.7472038269, -71.6921691895, 57.1096725464, -192.080825806, 42.6374931335], [-1469.03125, -371.210968018, 1400.03564453, 476.043579102, 506.376556396, 233.018386841, 219.95249939, 132.289382935, 67.7585983276, 45.3017692566, 11.5847949982, 121.771247864, -3.22662734985], [1948.52819824, -304.059692383, 476.043579102, 825.286254883, 340.463623047, 270.489013672, 118.362869263, 137.407653809, 65.6886367798, 111.50692749, 10.5102853775, 139.517745972, -28.5378761292], [-1266.86193848, -117.418525696, 506.376556396, 340.463623047, 453.778778076, 150.546661377, 170.020553589, 72.7803649902, 87.8617706299, 54.0920906067, 47.2359161377, 71.3518447876, 16.2379493713], [1210.29138184, -304.546966553, 233.018386841, 270.489013672, 150.546661377, 289.395263672, 87.2538986206, 156.940658569, 15.6783723831, 44.1674461365, -10.8397960663, 82.4798202515, -18.3873138428], [-792.986999512, -50.4289627075, 219.95249939, 118.362869263, 170.020553589, 87.2538986206, 192.560775757, 89.2937088013, 89.2222747803, 44.6457138062, 36.4017791748, 36.7731552124, 10.3337669373], [920.071472168, -214.771194458, 132.289382935, 137.407653809, 72.7803649902, 156.940658569, 89.2937088013, 212.845123291, 59.8925590515, 64.4846801758, 6.65252351761, 75.1952514648, -5.49296569824], [-660.460754395, -14.7472038269, 67.7585983276, 65.6886367798, 87.8617706299, 15.6783723831, 89.2222747803, 59.8925590515, 138.430267334, 77.4283370972, 55.2063903809, 27.6062793732, 16.5222587585], [577.822631836, -71.6921691895, 45.3017692566, 111.50692749, 54.0920906067, 44.1674461365, 44.6457138062, 64.4846801758, 77.4283370972, 131.36529541, 53.5467681885, 54.7612037659, 2.48352861404], [-567.905334473, 57.1096725464, 11.5847949982, 10.5102853775, 47.2359161377, -10.8397960663, 36.4017791748, 6.65252351761, 55.2063903809, 53.5467681885, 94.8792114258, 42.8948554993, 32.4760437012], [594.222045898, -192.080825806, 121.771247864, 139.517745972, 71.3518447876, 82.4798202515, 36.7731552124, 75.1952514648, 27.6062793732, 54.7612037659, 42.8948554993, 127.231079102, 29.0144805908], [-542.872192383, 42.6374931335, -3.22662734985, -28.5378761292, 16.2379493713, -18.3873138428, 10.3337669373, -5.49296569824, 16.5222587585, 2.48352861404, 32.4760437012, 29.0144805908, 82.9280853271]],
        "icov": [[8.11195131973e-05, -0.000156757538207, 7.28399536456e-05, -0.000190574981389, 0.000284454610664, -0.00022059881303, 0.000200319249416, -0.000204571144423, 0.000375548464945, -0.000564382993616, 0.000604405242484, -0.000540582172107, 0.000300278683426], [-0.000156757538207, 0.00100339134224, -5.33689235453e-05, 0.000228817152674, -0.0005887724692, 0.000878562859725, -0.000587836431805, 0.000364236475434, -0.000389791937778, 0.0011874033371, -0.00209844647907, 0.00226862658747, -0.000987795181572], [7.28399536456e-05, -5.33689235453e-05, 0.00139304017648, -0.000301301130094, -0.00100321066566, -4.45905643573e-05, -0.000370140594896, -0.000255273305811, 0.000690331216902, -0.000300709478324, 0.00106583617162, -0.00106755725574, 0.000498130684718], [-0.000190574981389, 0.000228817152674, -0.000301301130094, 0.00309194624424, -0.00202394253574, -0.000937337987125, 6.80797966197e-05, 0.00126165198162, -0.00137396622449, -2.69645297521e-05, 0.000215416657738, -0.000743652344681, 0.00040102674393], [0.000284454610664, -0.0005887724692, -0.00100321066566, -0.00202394253574, 0.00698486110196, -0.00204594898969, -0.00180262548383, 0.000744319229852, 8.66812697495e-05, -0.00116454518866, 0.000450175662991, -0.00125383050181, 0.000161907824804], [-0.00022059881303, 0.000878562859725, -4.45905643573e-05, -0.000937337987125, -0.00204594898969, 0.00969499256462, -0.0019207005389, -0.00451062945649, 0.00238589895889, 0.00142162886914, -0.0010618744418, 0.000761319126468, -9.7757736512e-05], [0.000200319249416, -0.000587836431805, -0.000370140594896, 6.80797966197e-05, -0.00180262548383, -0.0019207005389, 0.0120238158852, -0.00301826605573, -0.00423700083047, 0.000254208425758, 9.14871197892e-05, -0.000378609809559, 0.000784674659371], [-0.000204571144423, 0.000364236475434, -0.000255273305811, 0.00126165198162, 0.000744319229852, -0.00451062945649, -0.00301826605573, 0.012041663751, -0.0046460381709, -0.000497125613037, 0.00215147132985, -0.00288220029324, 3.20391591231e-05], [0.000375548464945, -0.000389791937778, 0.000690331216902, -0.00137396622449, 8.66812697495e-05, 0.00238589895889, -0.00423700083047, -0.0046460381709, 0.0194099638611, -0.00934212468565, -0.00176686060149, 0.00138272938784, -0.000434053305071], [-0.000564382993616, 0.0011874033371, -0.000300709478324, -2.69645297521e-05, -0.00116454518866, 0.00142162886914, 0.000254208425758, -0.000497125613037, -0.00934212468565, 0.0201489869505, -0.0102168107405, 0.00127699645236, 0.000964682374615], [0.000604405242484, -0.00209844647907, 0.00106583617162, 0.000215416657738, 0.000450175662991, -0.0010618744418, 9.14871197892e-05, 0.00215147132985, -0.00176686060149, -0.0102168107405, 0.027395837009, -0.0123873259872, -0.000778009183705], [-0.000540582172107, 0.00226862658747, -0.00106755725574, -0.000743652344681, -0.00125383050181, 0.000761319126468, -0.000378609809559, -0.00288220029324, 0.00138272938784, 0.00127699645236, -0.0123873259872, 0.0228644125164, -0.00819443166256], [0.000300278683426, -0.000987795181572, 0.000498130684718, 0.00040102674393, 0.000161907824804, -9.7757736512e-05, 0.000784674659371, 3.20391591231e-05, -0.000434053305071, 0.000964682374615, -0.000778009183705, -0.00819443166256, 0.0177698805928]]
    },
    "melbands": {
        "dmean": [0.00125955429394, 0.000960229546763, 0.000350895948941, 0.000336454133503, 0.000175803608727, 0.000152939188411, 0.000172621425008, 0.000173901105882, 0.000122282712255, 0.000127334496938, 0.000123814228573, 9.47111911955e-05, 7.14689231245e-05, 4.62643984065e-05, 4.59300717921e-05, 6.36971599306e-05, 4.67301542812e-05, 3.65505511581e-05, 3.45028711308e-05, 2.86366466753e-05, 1.78920454346e-05, 1.89197253349e-05, 1.82935546036e-05, 1.43201559695e-05, 1.38084014907e-05, 1.0864633623e-05, 1.02508411146e-05, 1.09181346488e-05, 9.64097398537e-06, 6.958418453e-06, 6.3595298343e-06, 6.7938894972e-06, 6.48565946904e-06, 5.51687708139e-06, 4.66592337034e-06, 4.25032749263e-06, 4.02832074542e-06, 3.07880350192e-06, 2.41421525971e-06, 1.69224824731e-06],
        "dmean2": [0.00187241111416, 0.00135991815478, 0.000547168077901, 0.000591646239627, 0.000302330590785, 0.000248195079621, 0.000275193538982, 0.000276672857581, 0.000201365663088, 0.000210453974432, 0.000204314535949, 0.000151307176566, 0.000116850838822, 7.78147441451e-05, 7.7742501162e-05, 0.000106060368125, 8.03725415608e-05, 6.22387378826e-05, 6.05182467552e-05, 4.96561042382e-05, 3.06474867102e-05, 3.22159357893e-05, 3.18354541378e-05, 2.43788235821e-05, 2.36834330281e-05, 1.87398927665e-05, 1.74356664502e-05, 1.90952923731e-05, 1.69681388797e-05, 1.1739403817e-05, 1.06071629489e-05, 1.16742048704e-05, 1.11624067358e-05, 9.57567135629e-06, 8.16396550363e-06, 7.43402461012e-06, 6.96165943737e-06, 5.3875373851e-06, 4.19717616751e-06, 2.85645910481e-06],
        "dvar": [4.65606990474e-06, 2.67680388788e-06, 4.47189393071e-07, 4.19486241299e-07, 7.95296486444e-08, 5.22119343316e-08, 6.75833007335e-08, 6.88078500843e-08, 5.42519948965e-08, 4.41615455316e-08, 7.72939117155e-08, 3.1767321218e-08, 1.27319639276e-08, 5.40686384554e-09, 5.52638201867e-09, 1.33777104949e-08, 5.44940181868e-09, 3.5104517071e-09, 2.85112511378e-09, 1.96620164594e-09, 6.47303044499e-10, 8.134158902e-10, 8.36050673136e-10, 4.12393286187e-10, 4.23262563887e-10, 2.61369287324e-10, 2.24877422239e-10, 3.16424580982e-10, 2.7282370807e-10, 1.05813476037e-10, 8.44190203853e-11, 1.2427345264e-10, 1.3364785667e-10, 9.39481617501e-11, 7.67071892116e-11, 6.80788203589e-11, 6.12105852116e-11, 3.49171073999e-11, 1.92276021493e-11, 7.19703116547e-12],
        "dvar2": [1.04892733361e-05, 5.05841308041e-06, 1.03294382825e-06, 1.17937509003e-06, 2.13153725781e-07, 1.30075065385e-07, 1.59989113513e-07, 1.73129492964e-07, 1.42141345805e-07, 1.09966123318e-07, 1.98199529677e-07, 7.48903516978e-08, 3.03304794613e-08, 1.35374920163e-08, 1.37257876176e-08, 3.25871738482e-08, 1.45380880667e-08, 9.054890171e-09, 8.02599764427e-09, 5.47121459249e-09, 1.76569103782e-09, 2.2137354172e-09, 2.34638997121e-09, 1.11095532773e-09, 1.18947962591e-09, 7.37069016932e-10, 6.18747220127e-10, 9.00101382317e-10, 7.80908449016e-10, 2.91149243603e-10, 2.2039180203e-10, 3.42571054857e-10, 3.81523035387e-10, 2.67092792328e-10, 2.19351245501e-10, 1.95929009128e-10, 1.72943409593e-10, 1.00229685662e-10, 5.49237114122e-11, 1.92956553513e-11],
        "max": [0.0329241044819, 0.0231801196933, 0.0207097567618, 0.0113953296095, 0.00479780277237, 0.00315364613198, 0.0052298232913, 0.0038940764498, 0.00636650947854, 0.00413777213544, 0.00806823465973, 0.00398488854989, 0.00206513213925, 0.00216905539855, 0.00174140697345, 0.00248990929686, 0.00168969866354, 0.00191778759472, 0.000741143012419, 0.00047517058556, 0.000446859718068, 0.000502218434121, 0.000611560535617, 0.000272474630037, 0.000326499866787, 0.000233010563534, 0.000262288725935, 0.000221413982217, 0.000208027297049, 0.000157847636729, 0.000115208553325, 0.000135630049044, 0.000154891517013, 9.42030383158e-05, 8.58076964505e-05, 8.30352728372e-05, 7.95506421127e-05, 5.60140251764e-05, 4.22304328822e-05, 4.32460801676e-05],
        "mean": [0.00235681748018, 0.00175441696774, 0.00049533310812, 0.000393870286644, 0.000236994907027, 0.000265460694209, 0.000337424367899, 0.000340912287356, 0.000212324230233, 0.000209550969885, 0.000209637422813, 0.000173855834873, 0.000125052698422, 7.60678667575e-05, 7.17835064279e-05, 9.53951384872e-05, 7.00364616932e-05, 5.81471358601e-05, 4.87518591399e-05, 4.33228815382e-05, 3.21069201163e-05, 3.37858073181e-05, 3.00584142678e-05, 2.62120938714e-05, 2.46244289883e-05, 1.9853363483e-05, 1.89436268556e-05, 1.81224368134e-05, 1.58695474965e-05, 1.41945156429e-05, 1.30401685965e-05, 1.22570754684e-05, 1.1597444427e-05, 9.52364644036e-06, 7.89108071331e-06, 7.04660624251e-06, 6.28396401225e-06, 5.00030091644e-06, 4.23659730586e-06, 3.41965164807e-06],
        "median": [0.000387211708585, 0.000531561090611, 0.000172551604919, 0.000127877894556, 0.000125708553242, 0.000152920430992, 0.000180964270839, 0.000183914380614, 0.000112325084046, 0.000112175024697, 9.19154335861e-05, 8.37848929223e-05, 7.44965655031e-05, 4.85614509671e-05, 4.25784455729e-05, 4.6607125114e-05, 4.2354586185e-05, 3.71193891624e-05, 2.96036159853e-05, 2.49906879617e-05, 2.21733353101e-05, 2.13333787542e-05, 1.87463629118e-05, 1.77373403858e-05, 1.55615780386e-05, 1.25548322103e-05, 1.12980378617e-05, 1.01048735814e-05, 9.21095488593e-06, 8.48438048706e-06, 7.58744363338e-06, 6.82379413774e-06, 6.13332849753e-06, 5.44520662515e-06, 4.55557983514e-06, 3.78513595933e-06, 3.08508333546e-06, 2.69843690148e-06, 2.26697784456e-06, 1.92057314052e-06],
        "min": [5.02381580844e-25, 9.19488481124e-25, 8.87192614272e-25, 5.58163217351e-25, 1.29146243035e-24, 1.99283797092e-24, 1.39434409188e-24, 1.03289443461e-24, 1.77836128472e-24, 1.31598653817e-24, 1.28680608025e-24, 1.37774419046e-24, 1.19622197136e-24, 1.63224787621e-24, 2.15281482098e-24, 2.83387512249e-24, 2.79295276582e-24, 3.29473141041e-24, 2.75699648576e-24, 3.2146732698e-24, 3.61904652526e-24, 3.80943534372e-24, 3.17653894478e-24, 5.31038639416e-24, 3.8876473526e-24, 2.98609963922e-24, 3.82649012206e-24, 3.95198211487e-24, 3.3791969169e-24, 4.11778174448e-24, 4.51109950878e-24, 4.71534506348e-24, 4.92127049747e-24, 5.56283253345e-24, 4.92196785051e-24, 4.79660956963e-24, 5.57022337127e-24, 5.66180893908e-24, 6.04677858285e-24, 5.97546279601e-24],
        "var": [1.22377614389e-05, 6.89892658556e-06, 8.86563270797e-07, 5.08493542384e-07, 9.92215802853e-08, 1.21346374726e-07, 1.97131754476e-07, 1.87064372881e-07, 1.02872100172e-07, 9.38012760798e-08, 1.69901525737e-07, 8.41291054599e-08, 2.92737230012e-08, 9.61159152268e-09, 9.75858771568e-09, 2.4069416682e-08, 7.89078669072e-09, 6.03672978272e-09, 3.42997474867e-09, 2.85034329472e-09, 1.23747501135e-09, 1.61136959331e-09, 1.29911492674e-09, 8.09821043557e-10, 8.17362288963e-10, 5.16986342625e-10, 4.75480432804e-10, 4.87659079784e-10, 3.75654507501e-10, 2.58798926733e-10, 2.16873741188e-10, 2.10679293455e-10, 2.07509148753e-10, 1.33899238919e-10, 9.75250505353e-11, 8.51131734536e-11, 7.41623498723e-11, 4.34118227477e-11, 2.98903610196e-11, 1.72629150558e-11]
    },
    "mfcc": {
        "mean": [-623.998168945, 84.5841369629, -6.68478918076, 6.07011604309, -5.95665788651, 1.93234741688, -2.01197314262, 1.96635961533, 1.26116359234, 3.38377046585, 3.37791132927, 1.69479680061, -0.197645664215],
        "cov": [[17741.7460938, 404.194396973, 960.084472656, 1054.17578125, 627.549743652, 599.803649902, 391.940948486, 427.880584717, 270.302337646, 236.724639893, 110.472702026, 282.126220703, 232.875747681], [404.194396973, 1841.03198242, -223.972427368, -134.218978882, -242.451202393, -164.2918396, -92.7941513062, -168.26991272, -81.2193908691, -73.8567810059, 3.07637310028, -40.2691307068, -95.738899231], [960.084472656, -223.972427368, 625.003356934, 263.670654297, 255.777633667, 166.994918823, 139.26776123, 130.879089355, 91.5626831055, 46.2335243225, 18.4273376465, 40.6169013977, 61.3412017822], [1054.17578125, -134.218978882, 263.670654297, 523.987365723, 275.933380127, 233.694366455, 115.586784363, 106.827529907, 74.5501785278, 76.9155197144, 51.6517333984, 83.4628829956, 85.65625], [627.549743652, -242.451202393, 255.777633667, 275.933380127, 331.633880615, 193.152191162, 130.452804565, 130.013702393, 71.4407806396, 58.0630531311, 22.216173172, 51.1504440308, 63.5770149231], [599.803649902, -164.2918396, 166.994918823, 233.694366455, 193.152191162, 219.909545898, 110.501296997, 92.5308837891, 54.7641105652, 52.4792060852, 35.1663017273, 46.2302322388, 49.2919540405], [391.940948486, -92.7941513062, 139.26776123, 115.586784363, 130.452804565, 110.501296997, 152.062423706, 113.151359558, 68.0970458984, 35.8297080994, 23.9068279266, 37.8273086548, 33.958782196], [427.880584717, -168.26991272, 130.879089355, 106.827529907, 130.013702393, 92.5308837891, 113.151359558, 175.393997192, 93.4993362427, 45.5329055786, 30.9094676971, 48.5888557434, 50.5287322998], [270.302337646, -81.2193908691, 91.5626831055, 74.5501785278, 71.4407806396, 54.7641105652, 68.0970458984, 93.4993362427, 118.844917297, 61.7166671753, 43.7880554199, 39.4828681946, 32.7467803955], [236.724639893, -73.8567810059, 46.2335243225, 76.9155197144, 58.0630531311, 52.4792060852, 35.8297080994, 45.5329055786, 61.7166671753, 98.79322052, 57.3722991943, 39.1482963562, 29.8855323792], [110.472702026, 3.07637310028, 18.4273376465, 51.6517333984, 22.216173172, 35.1663017273, 23.9068279266, 30.9094676971, 43.7880554199, 57.3722991943, 99.794921875, 58.7087745667, 28.5661716461], [282.126220703, -40.2691307068, 40.6169013977, 83.4628829956, 51.1504440308, 46.2302322388, 37.8273086548, 48.5888557434, 39.4828681946, 39.1482963562, 58.7087745667, 103.517967224, 65.085105896], [232.875747681, -95.738899231, 61.3412017822, 85.65625, 63.5770149231, 49.2919540405, 33.958782196, 50.5287322998, 32.7467803955, 29.8855323792, 28.5661716461, 65.085105896, 105.00604248]],
