{
"lowlevel": {
    "average_loudness": 0.913058459759,
    "barkbands_crest": {
        "dmean": 3.35244679451,
        "dmean2": 5.54690504074,
        "dvar": 10.5787343979,
        "dvar2": 26.5342578888,
        "max": 26.7807559967,
        "mean": 9.25796699524,
        "median": 8.15556621552,
        "min": 1.65336883068,
        "var": 25.3837928772
    },
    "barkbands_flatness_db": {
        "dmean": 0.0199332498014,
        "dmean2": 0.0326363779604,
        "dvar": 0.000464325770736,
        "dvar2": 0.00107343541458,
        "max": 0.498591542244,
        "mean": 0.0710821226239,
        "median": 0.0598690211773,
        "min": 0.00519132101908,
        "var": 0.00242000701837
    },
    "barkbands_kurtosis": {
        "dmean": 2.43200850487,
        "dmean2": 3.76011872292,
        "dvar": 1061.51013184,
        "dvar2": 2267.60205078,
        "max": 2417.55932617,
        "mean": 1.84043514729,
        "median": -0.321905374527,
        "min": -1.83693730831,
        "var": 1165.10803223
    },
    "barkbands_skewness": {
        "dmean": 0.538529098034,
        "dmean2": 0.857238709927,
        "dvar": 0.614956200123,
        "dvar2": 1.24127817154,
        "max": 46.1917495728,
        "mean": 0.928441107273,
        "median": 0.77283513546,
        "min": -2.13836860657,
        "var": 1.78440833092
    },
    "barkbands_spread": {
        "dmean": 8.76288127899,
        "dmean2": 14.3366117477,
        "dvar": 86.5672531128,
        "dvar2": 223.762359619,
        "max": 138.534301758,
        "mean": 45.3179473877,
        "median": 47.0954856873,
        "min": 0.151550889015,
        "var": 404.041809082
    },
    "dissonance": {
        "dmean": 0.0100086554885,
        "dmean2": 0.0172487404197,
        "dvar": 0.000122487588669,
        "dvar2": 0.000348215777194,
        "max": 0.500000059605,
        "mean": 0.484723418951,
        "median": 0.489492177963,
        "min": 0.357471674681,
        "var": 0.000255571532762
    },
    "dynamic_complexity": 2.65827703476,
    "erbbands_crest": {
        "dmean": 1.77767503262,
        "dmean2": 2.98160123825,
        "dvar": 3.67136979103,
        "dvar2": 9.21391582489,
        "max": 29.1528186798,
        "mean": 5.84256267548,
        "median": 4.65102481842,
        "min": 2.15609931946,
        "var": 11.9587144852
    },
    "erbbands_flatness_db": {
        "dmean": 0.0109562128782,
        "dmean2": 0.0174289308488,
        "dvar": 0.000100290511909,
        "dvar2": 0.000237769199884,
        "max": 0.317667841911,
        "mean": 0.102524161339,
        "median": 0.0871158391237,
        "min": 0.0419387631118,
        "var": 0.00185136089567
    },
    "erbbands_kurtosis": {
        "dmean": 0.516593575478,
        "dmean2": 0.820779919624,
        "dvar": 0.453281641006,
        "dvar2": 1.0222619772,
        "max": 17.056476593,
        "mean": -0.093155130744,
        "median": -0.325482606888,
        "min": -1.63661563396,
        "var": 1.2412365675
    },
    "erbbands_skewness": {
        "dmean": 0.268630474806,
        "dmean2": 0.434109777212,
        "dvar": 0.0536640845239,
        "dvar2": 0.136180177331,
        "max": 2.17462348938,
        "mean": -0.121609501541,
        "median": -0.173297986388,
        "min": -1.68087017536,
        "var": 0.236898839474
    },
    "erbbands_spread": {
        "dmean": 8.44498062134,
        "dmean2": 13.1974992752,
        "dvar": 76.6907730103,
        "dvar2": 180.595367432,
        "max": 131.536193848,
        "mean": 45.8581848145,
        "median": 45.2344512939,
        "min": 2.97726798058,
        "var": 299.482910156
    },
    "hfc": {
        "dmean": 16.3283576965,
        "dmean2": 27.5045833588,
        "dvar": 514.083679199,
        "dvar2": 1381.73815918,
        "max": 232.817459106,
        "mean": 58.2309989929,
        "median": 57.3764343262,
        "min": 1.09790458477e-16,
        "var": 1859.90283203
    },
    "melbands_crest": {
        "dmean": 4.67880725861,
        "dmean2": 7.67089128494,
        "dvar": 18.2683639526,
        "dvar2": 47.0886573792,
        "max": 39.8778800964,
        "mean": 15.2685546875,
        "median": 14.7072143555,
        "min": 1.55548739433,
        "var": 57.468952179
    },
    "melbands_flatness_db": {
        "dmean": 0.0302299056202,
        "dmean2": 0.0488568358123,
        "dvar": 0.00100660219323,
        "dvar2": 0.00234592915513,
        "max": 0.588495373726,
        "mean": 0.131761848927,
        "median": 0.127142041922,
        "min": 0.00321660493501,
        "var": 0.00451117381454
    },
    "melbands_kurtosis": {
        "dmean": 7.92030572891,
        "dmean2": 12.664525032,
        "dvar": 711.956237793,
        "dvar2": 1270.8269043,
        "max": 1649.31848145,
        "mean": 11.6670446396,
        "median": 4.73932170868,
        "min": -1.61435246468,
        "var": 1201.94067383
    },
    "melbands_skewness": {
        "dmean": 0.904228389263,
        "dmean2": 1.44290423393,
        "dvar": 1.31986248493,
        "dvar2": 3.00195741653,
        "max": 37.6487884521,
        "mean": 2.57214927673,
        "median": 2.14776873589,
        "min": -1.82259583473,
        "var": 3.76552557945
    },
    "melbands_spread": {
        "dmean": 13.8585643768,
        "dmean2": 22.8473091125,
        "dvar": 226.912017822,
        "dvar2": 576.129760742,
        "max": 209.463973999,
        "mean": 43.6972122192,
        "median": 38.0127792358,
        "min": 0.368933796883,
        "var": 751.319396973
    },
    "pitch_salience": {
        "dmean": 0.0990899130702,
        "dmean2": 0.159460291266,
        "dvar": 0.0087520275265,
        "dvar2": 0.0208090692759,
        "max": 0.943180680275,
        "mean": 0.559220671654,
        "median": 0.580475747585,
        "min": 0.0103975264356,
        "var": 0.022944604978
    },
    "silence_rate_20dB": {
        "dmean": 0,
        "dmean2": 0,
        "dvar": 0,
        "dvar2": 0,
        "max": 1,
        "mean": 1,
        "median": 1,
        "min": 1,
        "var": 0
    },
    "silence_rate_30dB": {
        "dmean": 0.000313038035529,
        "dmean2": 0.000626174092758,
        "dvar": 0.000312957010465,
        "dvar2": 0.000938936835155,
        "max": 1,
        "mean": 0.999843478203,
        "median": 1,
        "min": 0,
        "var": 0.000156450434588
    },
    "silence_rate_60dB": {
        "dmean": 0.00563468458131,
        "dmean2": 0.0112711330876,
        "dvar": 0.00560348853469,
        "dvar2": 0.0127091417089,
        "max": 1,
        "mean": 0.0887323915958,
        "median": 0,
        "min": 0,
        "var": 0.0808593258262
    },
    "spectral_centroid": {
        "dmean": 315.425445557,
        "dmean2": 499.305725098,
        "dvar": 118669.570312,
        "dvar2": 279560.96875,
        "max": 11627.9560547,
        "mean": 2351.80224609,
        "median": 2365.94970703,
        "min": 144.995758057,
        "var": 1582234.375
    },
    "spectral_complexity": {
        "dmean": 4.98732185364,
        "dmean2": 8.04101467133,
        "dvar": 23.9016036987,
        "dvar2": 55.7229957581,
        "max": 64,
        "mean": 33.9269180298,
        "median": 38,
        "min": 0,
        "var": 229.20199585
    },
    "spectral_decrease": {
        "dmean": 2.08071493368e-09,
        "dmean2": 3.31324612191e-09,
        "dvar": 5.75797529266e-18,
        "dvar2": 1.41166990754e-17,
        "max": 1.87194155396e-28,
        "mean": -7.74735386955e-09,
        "median": -7.44871542224e-09,
        "min": -3.21129647318e-08,
        "var": 2.59673087386e-17
    },
    "spectral_energy": {
        "dmean": 0.0079110013321,
        "dmean2": 0.012711180374,
        "dvar": 8.09402772575e-05,
        "dvar2": 0.000197789151571,
        "max": 0.123691938818,
        "mean": 0.0345220901072,
        "median": 0.035504989326,
        "min": 1.01865967654e-20,
        "var": 0.000453144632047
    },
    "spectral_energyband_high": {
        "dmean": 0.00157899339683,
        "dmean2": 0.00265828031115,
        "dvar": 4.9291020332e-06,
        "dvar2": 1.31813667394e-05,
        "max": 0.0228265132755,
        "mean": 0.00492129055783,
        "median": 0.00453189015388,
        "min": 6.94950217861e-21,
        "var": 1.705941213e-05
    },
    "spectral_energyband_low": {
        "dmean": 0.00833193119615,
        "dmean2": 0.0130818309262,
        "dvar": 0.000117705531011,
        "dvar2": 0.000261672888882,
        "max": 0.117878884077,
        "mean": 0.0157975051552,
        "median": 0.00873264111578,
        "min": 1.57823977651e-23,
        "var": 0.000309407827444
    },
    "spectral_energyband_middle_high": {
        "dmean": 0.00250033894554,
        "dmean2": 0.00415831338614,
        "dvar": 8.74107990967e-06,
        "dvar2": 2.33759019466e-05,
        "max": 0.0311960410327,
        "mean": 0.00756722688675,
        "median": 0.00700340792537,
        "min": 1.14746864139e-21,
        "var": 2.65987364401e-05
    },
    "spectral_energyband_middle_low": {
        "dmean": 0.00463387649506,
        "dmean2": 0.00776282884181,
        "dvar": 5.97452599322e-05,
        "dvar2": 0.000152437773068,
        "max": 0.0779380202293,
        "mean": 0.00720780529082,
        "median": 0.00491969007999,
        "min": 1.29392196849e-22,
        "var": 6.30048307357e-05
    },
    "spectral_entropy": {
        "dmean": 0.0967262014747,
        "dmean2": 0.157961174846,
        "dvar": 0.010873622261,
        "dvar2": 0.0278725717217,
        "max": 9.81866168976,
        "mean": 8.19497013092,
        "median": 8.32612991333,
        "min": 5.88322782516,
        "var": 0.197970673442
    },
    "spectral_flux": {
        "dmean": 0.0249467846006,
        "dmean2": 0.0411058887839,
        "dvar": 0.000807225354947,
        "dvar2": 0.00217234902084,
        "max": 0.347015827894,
        "mean": 0.113547541201,
        "median": 0.113273262978,
        "min": 6.20834009202e-11,
        "var": 0.00334349856712
    },
    "spectral_kurtosis": {
        "dmean": 0.694141864777,
        "dmean2": 1.17063176632,
        "dvar": 1.52861046791,
        "dvar2": 4.5338344574,
        "max": 57.0359230042,
        "mean": 2.91458463669,
        "median": 2.24788737297,
        "min": -1.27350771427,
        "var": 5.84510421753
    },
    "spectral_rms": {
        "dmean": 0.000642377999611,
        "dmean2": 0.00102780049201,
        "dvar": 4.42834817704e-07,
        "dvar2": 1.04107914467e-06,
        "max": 0.0109852198511,
        "mean": 0.00539424270391,
        "median": 0.00588549207896,
        "min": 3.15248196471e-12,
        "var": 4.58216618426e-06
    },
    "spectral_rolloff": {
        "dmean": 1276.06115723,
        "dmean2": 2120.57666016,
        "dvar": 2448246.75,
        "dvar2": 6151624,
        "max": 19724.4140625,
        "mean": 3790.93994141,
        "median": 3079.24804688,
        "min": 21.533203125,
        "var": 9903827
    },
    "spectral_skewness": {
        "dmean": 0.11456169188,
        "dmean2": 0.189940452576,
        "dvar": 0.0155628398061,
        "dvar2": 0.0429163910449,
        "max": 5.7510304451,
        "mean": 1.32672190666,
        "median": 1.27192091942,
        "min": -0.0603079758584,
        "var": 0.132437050343
    },
    "spectral_spread": {
        "dmean": 466773.5,
        "dmean2": 745351.75,
        "dvar": 519691960320,
        "dvar2": 1.10685192192e+12,
        "max": 42779100,
        "mean": 6747669.5,
        "median": 6666576,
        "min": 1341056.5,
        "var": 1.99715580805e+13
    },
    "spectral_strongpeak": {
        "dmean": 0.33849850297,
        "dmean2": 0.576540112495,
        "dvar": 0.308312147856,
        "dvar2": 0.827943742275,
        "max": 7.99250268936,
        "mean": 0.543129920959,
        "median": 0.341961145401,
        "min": 0,
        "var": 0.447375178337
    },
    "zerocrossingrate": {
        "dmean": 0.0169542655349,
        "dmean2": 0.021357871592,
        "dvar": 0.000314733188134,
        "dvar2": 0.000444307777798,
        "max": 0.83154296875,
        "mean": 0.124867498875,
        "median": 0.1181640625,
        "min": 0,
        "var": 0.0057439035736
    },
    "barkbands": {
        "dmean": [0.000643728941213, 0.00659703696147, 0.00354980747215, 0.00215593609028, 0.00263996748254, 0.000638075347524, 0.000553002581, 0.00051640329184, 0.000510242651217, 0.00062939390773, 0.000630377966445, 0.000554821686819, 0.000443674507551, 0.000454125867691, 0.000403174402891, 0.000351135153323, 0.000352381059201, 0.000336352590239, 0.00033383918344, 0.000292529119179, 0.000307626003632, 0.000322171894368, 0.000333204719936, 0.000307433278067, 0.000298532744637, 0.000264134752797, 7.86107484601e-05],
        "dmean2": [0.0010599445086, 0.0101795755327, 0.00582269905135, 0.00387645256706, 0.00481116306037, 0.00111708976328, 0.00095218437491, 0.000874562945683, 0.000874779361766, 0.00106810312718, 0.00106324383523, 0.000946718151681, 0.000750838778913, 0.000775944849011, 0.000681713281665, 0.000598127255216, 0.000594018783886, 0.000569795724005, 0.00056657026289, 0.000494976527989, 0.00051464518765, 0.000552039011382, 0.000550456927158, 0.000509787816554, 0.000503877585288, 0.000455453788163, 0.000131738837808],
        "dvar": [1.83175029633e-06, 9.47439839365e-05, 4.09949316236e-05, 2.00951508305e-05, 3.74592091248e-05, 1.26460076899e-06, 7.70769474912e-07, 7.68197764955e-07, 6.23360051577e-07, 8.56676876992e-07, 1.09881557364e-06, 6.04298861617e-07, 4.8576100653e-07, 4.14439369933e-07, 3.98296123194e-07, 2.2406645428e-07, 2.41227695597e-07, 1.96248493012e-07, 1.84632355626e-07, 1.30729901571e-07, 1.43563269717e-07, 1.88865598716e-07, 2.25825630196e-07, 1.95116996338e-07, 1.78485166202e-07, 1.93529274384e-07, 1.25862005262e-08],
        "dvar2": [4.33371224062e-06, 0.000208533834666, 8.94401819096e-05, 5.62018758501e-05, 0.000105383827758, 3.53002883458e-06, 2.1594903501e-06, 2.07916400541e-06, 1.70555279055e-06, 2.20339597945e-06, 2.86072872768e-06, 1.59834462465e-06, 1.25396252315e-06, 1.09530037662e-06, 1.05036281184e-06, 6.09437336152e-07, 6.67933363729e-07, 5.43917849427e-07, 4.91688922466e-07, 3.51671161525e-07, 3.97259668716e-07, 5.21670813214e-07, 5.68240750454e-07, 5.01289491694e-07, 4.76975458241e-07, 5.32599187864e-07, 3.37719967547e-08],
        "max": [0.0393053553998, 0.11639610678, 0.0592380687594, 0.0374252200127, 0.0693892464042, 0.0162640307099, 0.0144272400066, 0.0132977887988, 0.0132164210081, 0.0203330814838, 0.0143643729389, 0.0157527066767, 0.0187728386372, 0.0109679279849, 0.0122961625457, 0.00705593079329, 0.0114780506119, 0.00738773820922, 0.00617443164811, 0.00457282364368, 0.00439605908468, 0.00422945758328, 0.00824607536197, 0.00612508226186, 0.00552280806005, 0.00390562368557, 0.00129514723085],
        "mean": [0.000950142974034, 0.0102999825031, 0.00372188165784, 0.00175027712248, 0.00217542867176, 0.000802480673883, 0.00076094083488, 0.00069155858364, 0.000775473832618, 0.000935232150368, 0.000863057852257, 0.000826364965178, 0.000696444418281, 0.000717232062016, 0.000646353233606, 0.000601276115049, 0.00066099059768, 0.00067739613587, 0.000709998654202, 0.000678893120494, 0.000755220185965, 0.000754729029723, 0.000788932025898, 0.000776362372562, 0.000759919639677, 0.000559924112167, 0.000185572556802],
        "median": [0.000258981192019, 0.00356066087261, 0.000944625353441, 0.000488967401907, 0.000709763611667, 0.000459451170173, 0.000430069980212, 0.000361288548447, 0.000457957503386, 0.000540903653018, 0.000469428749057, 0.000519494875334, 0.000450645224191, 0.000478709174786, 0.000427159800893, 0.000430209853221, 0.000489738420583, 0.000528786913492, 0.000568405957893, 0.000578222796321, 0.000657457043417, 0.000638610625174, 0.000636639364529, 0.000624593405519, 0.000674868933856, 0.000443910306785, 0.000140816890053],
        "min": [4.56844782305e-25, 2.20612406881e-24, 1.41997783118e-24, 1.50092846929e-24, 1.08255263694e-23, 1.84481118029e-24, 4.03916189451e-24, 8.35233699104e-24, 2.11766270573e-23, 1.19485124665e-23, 9.88600407537e-24, 2.71056582893e-23, 2.14967341909e-23, 2.51362985938e-23, 4.50034323257e-23, 6.1395498086e-23, 5.79112319962e-23, 6.93453290553e-23, 1.36591795854e-22, 1.8189138234e-22, 1.93356308084e-22, 3.21914293991e-22, 3.57660749672e-22, 5.34916154245e-22, 8.86488816238e-22, 1.17100875567e-21, 1.8311759278e-21],
        "var": [4.28241492045e-06, 0.000195960936253, 4.73750587844e-05, 1.38831510412e-05, 2.43659796979e-05, 1.18658215342e-06, 9.93258026938e-07, 9.76056185209e-07, 9.37012032409e-07, 1.42792066526e-06, 1.49107336256e-06, 9.28250358356e-07, 7.46183729916e-07, 6.62469403778e-07, 5.94468360759e-07, 3.88283694974e-07, 4.55330564364e-07, 3.99684978447e-07, 4.35452648162e-07, 3.39769343327e-07, 4.2434234615e-07, 4.85257260152e-07, 6.14025339019e-07, 5.95681683535e-07, 5.02674367908e-07, 3.30194154685e-07, 3.4431039353e-08]
    },
    "erbbands": {
        "dmean": [0.236823871732, 1.4326376915, 3.80735993385, 5.57197999954, 8.85431098938, 8.45328712463, 5.87284946442, 5.40363359451, 7.07728815079, 9.22248649597, 11.3283205032, 11.0677776337, 16.7852306366, 22.0775623322, 23.0772342682, 20.9225940704, 19.6771621704, 22.3257522583, 20.2124824524, 19.3847808838, 18.1453170776, 19.4181194305, 17.4446907043, 17.7041950226, 15.7646064758, 13.4638204575, 12.8930854797, 12.5135536194, 11.3741197586, 10.3210172653, 9.97573375702, 7.06754970551, 5.11518144608, 3.54979133606, 2.23450040817, 1.22974085808, 0.491761624813, 0.136579230428, 0.0124912997708, 0.000181198571227],
        "dmean2": [0.377111196518, 2.18863964081, 6.03321647644, 9.5292596817, 15.882891655, 15.5190849304, 10.5950193405, 9.47015476227, 12.2124662399, 15.9285469055, 19.024356842, 19.0218524933, 28.7950210571, 37.3569908142, 38.7268791199, 35.5800704956, 32.9901733398, 38.057888031, 34.4069061279, 33.1793403625, 30.6142444611, 32.710811615, 29.5534763336, 30.189748764, 26.6441688538, 22.7709331512, 21.7646007538, 21.2714214325, 19.3692493439, 17.4361362457, 16.6477336884, 11.6091060638, 8.58254718781, 6.00636100769, 3.77791619301, 2.1171336174, 0.849909186363, 0.232594847679, 0.0207761544734, 0.000302862375975],
        "dvar": [0.157560944557, 4.39871120453, 45.0261383057, 108.222831726, 372.035644531, 452.888336182, 150.784790039, 91.3206939697, 125.57459259, 240.065444946, 367.610961914, 322.774017334, 566.121520996, 1062.13659668, 1497.92163086, 847.158996582, 1036.0592041, 1118.69616699, 971.297363281, 974.951416016, 581.223205566, 855.382873535, 546.937927246, 568.610046387, 409.073791504, 291.157196045, 302.267486572, 243.421035767, 229.649795532, 192.030563354, 224.607971191, 99.8727493286, 54.2705841064, 24.2646446228, 10.1322240829, 3.65222859383, 0.698397874832, 0.0522621944547, 0.000286412832793, 6.29474925518e-08],
        "dvar2": [0.353271186352, 9.87263679504, 93.7583084106, 295.663543701, 1037.33422852, 1283.23547363, 429.946044922, 248.629241943, 351.97958374, 653.493164062, 978.499633789, 880.391540527, 1549.15637207, 2657.30371094, 3827.80517578, 2259.33544922, 2651.57519531, 2939.4934082, 2588.18286133, 2693.60888672, 1573.13586426, 2348.27197266, 1504.09216309, 1560.14526367, 1082.1697998, 783.556762695, 827.028198242, 678.820922852, 635.078125, 505.15447998, 570.98260498, 253.062301636, 143.018310547, 66.1551437378, 26.992351532, 10.0368251801, 1.93217611313, 0.144041195512, 0.000761624018196, 1.67859781186e-07],
        "max": [4.13492250443, 24.4025993347, 64.3005371094, 93.4839172363, 148.999252319, 281.531951904, 159.371246338, 190.549545288, 159.67539978, 273.750335693, 358.157745361, 332.267456055, 377.596923828, 739.871520996, 713.787658691, 578.981140137, 961.736328125, 738.296264648, 647.716918945, 480.151428223, 322.991241455, 787.554870605, 308.355285645, 447.716674805, 265.139862061, 217.599884033, 224.849075317, 218.71156311, 164.613479614, 184.88999939, 266.695617676, 136.349014282, 112.726242065, 58.6831283569, 41.5978507996, 18.9876995087, 7.32407712936, 2.58313465118, 0.225613340735, 0.00300081027672],
        "mean": [0.368450373411, 2.01700925827, 4.42892885208, 5.23211765289, 7.133207798, 6.83671379089, 5.96874809265, 6.85570764542, 9.88565063477, 12.4496488571, 16.3185501099, 17.3284339905, 25.322095871, 33.6292190552, 34.9644546509, 33.1034660339, 32.9711227417, 36.7170143127, 34.6805953979, 32.6911010742, 35.1937446594, 38.0919265747, 36.5051689148, 37.6319465637, 35.1118927002, 31.7960281372, 29.9602508545, 29.7741661072, 26.9656600952, 24.6731700897, 22.4632873535, 17.2897949219, 12.383307457, 8.79057502747, 5.22517347336, 2.57395195961, 0.992424368858, 0.307051748037, 0.02985169366, 0.000491201877594],
        "median": [0.0953640192747, 0.754039049149, 1.42089939117, 1.91797792912, 1.87774300575, 2.19605112076, 2.89108037949, 3.81868076324, 5.77459430695, 7.1924033165, 8.98225784302, 10.3480758667, 15.8577041626, 19.5518951416, 21.0773620605, 22.1130504608, 22.2555541992, 25.3793678284, 24.1258354187, 22.5430641174, 26.7312240601, 28.3192253113, 28.736289978, 30.5378417969, 29.061088562, 27.4197711945, 25.0481586456, 25.6806411743, 23.1713867188, 20.2344779968, 17.5937671661, 13.8553924561, 9.88505554199, 7.64361763, 4.48084259033, 2.05009317398, 0.754364013672, 0.233702227473, 0.022226780653, 0.000395880982978],
        "min": [1.03067763291e-22, 6.85348571478e-22, 2.30886081659e-21, 5.14377942221e-21, 9.54874600132e-21, 1.54432245451e-20, 2.45040640397e-20, 2.49214428978e-20, 1.07247533634e-19, 2.16313740167e-19, 2.64982604642e-19, 3.86222854764e-19, 4.91833889105e-19, 4.09706357258e-19, 6.94727903378e-19, 1.11572447467e-18, 1.17760192718e-18, 1.84470168791e-18, 2.91929657117e-18, 3.59526732698e-18, 3.44256482282e-18, 3.44410275837e-18, 3.94118970965e-18, 5.40433076538e-18, 6.74902327969e-18, 8.91853646027e-18, 8.26567754437e-18, 9.44008376266e-18, 1.15433956109e-17, 1.14183407915e-17, 1.13297497479e-17, 1.07246481047e-17, 9.35150264522e-18, 8.57730625962e-18, 6.6227620174e-18, 3.98303346812e-18, 2.23736597905e-18, 8.63585658492e-19, 2.13626243281e-19, 2.64481420432e-20],
        "var": [0.320510804653, 7.88612747192, 58.0984153748, 90.3214111328, 257.730224609, 283.074859619, 106.797561646, 96.0264282227, 167.631912231, 279.074554443, 506.70211792, 521.830627441, 794.75769043, 1893.92272949, 2303.95922852, 1318.90551758, 1643.13171387, 1756.53369141, 1466.81237793, 1393.93188477, 1122.16589355, 1625.23474121, 1128.06066895, 1205.45483398, 973.281677246, 758.603820801, 737.910461426, 677.666442871, 615.302246094, 538.635192871, 537.37097168, 300.900482178, 153.61000061, 67.9855651855, 25.4088172913, 6.76439666748, 1.10590755939, 0.0970000773668, 0.00090076145716, 2.0670515255e-07]
    },
    "gfcc": {
        "mean": [43.2979316711, 31.5114479065, -100.040924072, 26.8379840851, -46.3484458923, 21.2171230316, -27.7978992462, 14.2480278015, -22.4457359314, 6.60025310516, -17.1806983948, 5.31346464157, -13.7694301605],
        "cov": [[33983.3945312, -2079.58349609, -986.547363281, 795.632324219, -802.165527344, 891.663146973, -596.401245117, 427.683532715, -773.68560791, 315.536865234, -585.845581055, 320.489440918, -570.815734863], [-2079.58349609, 1906.7644043, -597.450561523, -124.30255127, -105.804382324, -253.226898193, -24.7899055481, -78.5831985474, 99.2735824585, -79.552444458, 100.221412659, -124.27759552, 103.862487793], [-986.547363281, -597.450561523, 781.686828613, 184.448959351, 267.922943115, 136.028381348, 110.717842102, 27.9030284882, 19.3818740845, 29.0754623413, -2.18160557747, 22.6548442841, -25.0272712708], [795.632324219, -124.30255127, 184.448959351, 243.131393433, 108.667350769, 115.537399292, 32.9540748596, 36.0668563843, 9.78916358948, 15.4004945755, -1.08520913124, -1.84355163574, -19.3734397888], [-802.165527344, -105.804382324, 267.922943115, 108.667350769, 262.480773926, 104.089164734, 105.311759949, 30.4009532928, 50.1844329834, 26.826467514, 27.7181625366, 1.76473689079, 2.36004757881], [891.663146973, -253.226898193, 136.028381348, 115.537399292, 104.089164734, 188.67817688, 58.1112785339, 55.194316864, 5.26276874542, 34.5859222412, 3.05241680145, 27.9461116791, -21.1069774628], [-596.401245117, -24.7899055481, 110.717842102, 32.9540748596, 105.311759949, 58.1112785339, 128.359344482, 63.6775016785, 55.3893203735, 20.8837509155, 33.9681015015, 13.6619682312, 12.5555105209], [427.683532715, -78.5831985474, 27.9030284882, 36.0668563843, 30.4009532928, 55.194316864, 63.6775016785, 118.224998474, 52.754699707, 47.1439094543, 11.3963823318, 28.0057525635, -2.37702965736], [-773.68560791, 99.2735824585, 19.3818740845, 9.78916358948, 50.1844329834, 5.26276874542, 55.3893203735, 52.754699707, 120.374031067, 46.657169342, 59.6454811096, 3.48247742653, 31.0873088837], [315.536865234, -79.552444458, 29.0754623413, 15.4004945755, 26.826467514, 34.5859222412, 20.8837509155, 47.1439094543, 46.657169342, 85.2445144653, 41.7074203491, 33.2962646484, 3.8404686451], [-585.845581055, 100.221412659, -2.18160557747, -1.08520913124, 27.7181625366, 3.05241680145, 33.9681015015, 11.3963823318, 59.6454811096, 41.7074203491, 97.2021560669, 28.3769130707, 34.2319869995], [320.489440918, -124.27759552, 22.6548442841, -1.84355163574, 1.76473689079, 27.9461116791, 13.6619682312, 28.0057525635, 3.48247742653, 33.2962646484, 28.3769130707, 77.9406433105, 23.545255661], [-570.815734863, 103.862487793, -25.0272712708, -19.3734397888, 2.36004757881, -21.1069774628, 12.5555105209, -2.37702965736, 31.0873088837, 3.8404686451, 34.2319869995, 23.545255661, 71.8477630615]],
        "icov": [[9.73288770183e-05, -1.26360164359e-05, 0.000176135392394, -0.000353206385626, 0.000245479401201, -0.000352514907718, 0.000262252026005, -0.000288795301458, 0.000504324503709, -0.000566177768633, 0.000398533622501, -0.000323330488754, 0.000318759732181], [-1.26360164359e-05, 0.0011803911766, 0.000891108589713, -0.000409971078625, -0.000513873237651, 0.00111867522355, -0.000301787455101, -3.98445299652e-05, -0.000262909394223, 0.000914949807338, -0.00144584930968, 0.00180716172326, -0.00104845594615], [0.000176135392394, 0.000891108589713, 0.00331354211085, -0.00202028336935, -0.00172487390228, 0.000560529122595, -0.00082238309551, 0.000618999940343, 0.000580474792514, -0.000902166182641, 0.000872122938745, -0.000732391432393, 0.000727719860151], [-0.000353206385626, -0.000409971078625, -0.00202028336935, 0.00854332093149, -0.00209886836819, -0.00271146278828, 0.00205939519219, -0.001433716272, -0.00145263934974, 0.00306964293122, -0.00237040570937, 0.00269166659564, -0.00103675329592], [0.000245479401201, -0.000513873237651, -0.00172487390228, -0.00209886836819, 0.0103645231575, -0.00371492072009, -0.00506982300431, 0.00299887382425, -0.000555675360374, -0.00338833662681, 0.00213763979264, 8.83305183379e-05, 0.000453840184491], [-0.000352514907718, 0.00111867522355, 0.000560529122595, -0.00271146278828, -0.00371492072009, 0.0130857964978, -0.00354101881385, -0.000663267972413, 0.000447104830528, 0.000568738440052, -0.00186736870091, -0.000453809392639, 0.000424031342845], [0.000262252026005, -0.000301787455101, -0.00082238309551, 0.00205939519219, -0.00506982300431, -0.00354101881385, 0.0211080722511, -0.0116286417469, -0.000111906520033, 0.00528825167567, -0.00473127048463, 0.000112490030006, -0.000175373614184], [-0.000288795301458, -3.98445299652e-05, 0.000618999940343, -0.001433716272, 0.00299887382425, -0.000663267972413, -0.0116286417469, 0.0232172925025, -0.0103997914121, -0.00569537375122, 0.00842780340463, -0.00628519942984, 0.00294762919657], [0.000504324503709, -0.000262909394223, 0.000580474792514, -0.00145263934974, -0.000555675360374, 0.000447104830528, -0.000111906520033, -0.0103997914121, 0.0248821843415, -0.00939643569291, -0.00690042134374, 0.00801298394799, -0.00557964900509], [-0.000566177768633, 0.000914949807338, -0.000902166182641, 0.00306964293122, -0.00338833662681, 0.000568738440052, 0.00528825167567, -0.00569537375122, -0.00939643569291, 0.0290702357888, -0.0112395966426, -0.00367801194079, 0.00293070916086], [0.000398533622501, -0.00144584930968, 0.000872122938745, -0.00237040570937, 0.00213763979264, -0.00186736870091, -0.00473127048463, 0.00842780340463, -0.00690042134374, -0.0112395966426, 0.0264248531312, -0.0102733001113, -0.000229191922699], [-0.000323330488754, 0.00180716172326, -0.000732391432393, 0.00269166659564, 8.83305183379e-05, -0.000453809392639, 0.000112490030006, -0.00628519942984, 0.00801298394799, -0.00367801194079, -0.0102733001113, 0.0285383742303, -0.0128024239093], [0.000318759732181, -0.00104845594615, 0.000727719860151, -0.00103675329592, 0.000453840184491, 0.000424031342845, -0.000175373614184, 0.00294762919657, -0.00557964900509, 0.00293070916086, -0.000229191922699, -0.0128024239093, 0.0247404519469]]
    },
    "melbands": {
        "dmean": [0.00193783920258, 0.00177840283141, 0.000963941216469, 0.000648385612294, 0.000229941157158, 0.000119703909149, 0.000110022723675, 0.000102258498373, 9.13001131266e-05, 7.29364764993e-05, 8.68911811267e-05, 9.20858656173e-05, 8.20057030069e-05, 6.4855274104e-05, 4.97756482218e-05, 4.56065645267e-05, 4.42125165137e-05, 3.48972753272e-05, 3.14405551762e-05, 2.62027842837e-05, 2.25437634072e-05, 2.31498943322e-05, 1.7401709556e-05, 1.7411495719e-05, 1.57446411322e-05, 1.35259660965e-05, 1.16751161841e-05, 9.48590604821e-06, 9.03507134353e-06, 8.04709179647e-06, 7.95624509919e-06, 7.15514443073e-06, 6.60904788674e-06, 6.05334935244e-06, 6.69978089718e-06, 5.25713949173e-06, 4.39057703261e-06, 3.88544640373e-06, 3.48422872776e-06, 3.17181502396e-06],
        "dmean2": [0.00304360757582, 0.00273037631996, 0.00160404737107, 0.0011766073294, 0.000417191506131, 0.000209335878026, 0.00018929761427, 0.000176014407771, 0.000153264743858, 0.000125324630062, 0.000149137064, 0.000155920613906, 0.00013867598318, 0.000111030240078, 8.31292418297e-05, 7.73298161221e-05, 7.5809082773e-05, 5.9788559156e-05, 5.28356686118e-05, 4.5243275963e-05, 3.80203237e-05, 3.92581168853e-05, 2.93476987281e-05, 2.94849487545e-05, 2.69671854767e-05, 2.30317382375e-05, 1.97042736545e-05, 1.61790958373e-05, 1.53782311827e-05, 1.3625018255e-05, 1.3607506844e-05, 1.22159153761e-05, 1.12641091619e-05, 1.02166868601e-05, 1.13162959678e-05, 8.67257404025e-06, 7.28628310753e-06, 6.53806273476e-06, 5.96250538365e-06, 5.37037203685e-06],
        "dvar": [9.1331639851e-06, 7.13503686711e-06, 2.92575100502e-06, 2.31425565289e-06, 2.57619831245e-07, 4.39713687683e-08, 2.98500246743e-08, 2.90314332574e-08, 2.26776624146e-08, 1.34086182157e-08, 1.51221897227e-08, 1.84395734237e-08, 2.01787226928e-08, 9.12781406015e-09, 6.62205534852e-09, 4.82349449271e-09, 4.32536362283e-09, 2.86166157437e-09, 2.53962095798e-09, 1.58900537173e-09, 9.89750503777e-10, 1.3218179884e-09, 5.37744515583e-10, 6.06946659598e-10, 4.84037809834e-10, 3.18333331917e-10, 2.20678086915e-10, 1.55005466795e-10, 1.61403265753e-10, 1.06354758334e-10, 1.0317828536e-10, 9.30277174738e-11, 8.26362381301e-11, 6.74148376012e-11, 1.09615538868e-10, 5.73181502261e-11, 3.87687833225e-11, 3.22462716251e-11, 2.58955201032e-11, 1.9028507936e-11],
        "dvar2": [2.04041571124e-05, 1.43419292726e-05, 7.68681366026e-06, 6.51043455946e-06, 7.33260321795e-07, 1.2080823808e-07, 8.40661869006e-08, 7.91477035023e-08, 6.02590901622e-08, 3.66986121492e-08, 4.13174063851e-08, 4.58623645727e-08, 5.32626742711e-08, 2.42086812818e-08, 1.633861757e-08, 1.2492900936e-08, 1.15160503356e-08, 7.58206031293e-09, 6.58960441768e-09, 4.44363434937e-09, 2.71061906254e-09, 3.63151153593e-09, 1.49211865086e-09, 1.69244673831e-09, 1.33646227418e-09, 8.54745496603e-10, 5.92704774149e-10, 4.24123014486e-10, 4.43098863157e-10, 2.91599633329e-10, 2.91683760478e-10, 2.60663768348e-10, 2.25134466625e-10, 1.7586460066e-10, 2.84733708833e-10, 1.46193918082e-10, 9.97917096179e-11, 8.53465492723e-11, 7.06560712715e-11, 5.23956850129e-11],
        "max": [0.0343598425388, 0.0268710665405, 0.0149442600086, 0.0171879548579, 0.00658164545894, 0.00387303438038, 0.00279642664827, 0.00265459343791, 0.00264398800209, 0.00224047596566, 0.00201807660051, 0.00329110352322, 0.0020390173886, 0.00134367134888, 0.00254129688255, 0.00127844500821, 0.001262124395, 0.000943471910432, 0.00131184048951, 0.000638856319711, 0.000492663879413, 0.000873172597494, 0.000276461534668, 0.000454046443338, 0.000444289064035, 0.000212583167013, 0.000183384021511, 0.000167698715813, 0.000152543798322, 0.000136433765874, 0.00010036004096, 0.000136184564326, 0.000100366516563, 0.000116409290058, 0.000195574612007, 0.000114749571367, 7.99108165666e-05, 9.88951287582e-05, 6.58036151435e-05, 5.84885565331e-05],
        "mean": [0.00304948398843, 0.00246454891749, 0.000985840568319, 0.00051881885156, 0.000224907766096, 0.000154339199071, 0.000154696652316, 0.000137991621159, 0.000130824031658, 0.000110839027911, 0.00012777739903, 0.000135859838338, 0.00011618922872, 9.71298577497e-05, 7.72640269133e-05, 7.11348911864e-05, 6.77301504766e-05, 5.51890771021e-05, 4.88085024699e-05, 4.07238185289e-05, 4.05868813687e-05, 4.09844433307e-05, 3.23902313539e-05, 3.28772075591e-05, 3.0158294976e-05, 2.63922956947e-05, 2.41388115683e-05, 2.01059137908e-05, 1.86106790352e-05, 1.77754827746e-05, 1.6950585632e-05, 1.53127239173e-05, 1.41981035995e-05, 1.34942538352e-05, 1.32358154588e-05, 1.19153419291e-05, 9.93085996015e-06, 8.79621711647e-06, 7.73179181124e-06, 7.35028106646e-06],
        "median": [0.000998720643111, 0.00103336689062, 0.000373114889953, 0.000149983214214, 0.000105026949313, 8.88668582775e-05, 9.06159402803e-05, 7.89227779023e-05, 7.21978140064e-05, 6.47247070447e-05, 7.78258981882e-05, 7.63821371947e-05, 6.70601439197e-05, 5.91215648456e-05, 4.70996528747e-05, 4.50428888144e-05, 4.38396236859e-05, 3.64356383216e-05, 3.10759787681e-05, 2.75836755463e-05, 2.9283342883e-05, 2.84512479993e-05, 2.44449947786e-05, 2.5041965273e-05, 2.31377962336e-05, 2.03511153813e-05, 1.96893597604e-05, 1.6599027731e-05, 1.47717209984e-05, 1.47017562995e-05, 1.42129192682e-05, 1.26615177578e-05, 1.15642451419e-05, 1.07382984424e-05, 9.88492411125e-06, 9.55404721026e-06, 7.65485492593e-06, 6.75804221828e-06, 6.30263957646e-06, 6.2988992795e-06],
        "min": [1.57137917155e-24, 1.21330712084e-24, 9.47035010896e-25, 2.09650099919e-24, 7.69060151373e-25, 4.43537339783e-25, 1.43539345516e-24, 2.36204045457e-24, 2.25386100041e-24, 2.33802240102e-24, 1.94316655517e-24, 1.32428525628e-24, 1.89064498496e-24, 2.38771373552e-24, 2.08352029299e-24, 2.46024693195e-24, 2.18131991536e-24, 3.986905776e-24, 2.92253618571e-24, 3.55672611932e-24, 2.90746578697e-24, 2.99164888126e-24, 3.50423215924e-24, 2.79824405034e-24, 4.20048158305e-24, 4.18997119478e-24, 3.69766795295e-24, 5.18387913737e-24, 4.46844027761e-24, 4.62195418749e-24, 5.2554615592e-24, 6.11355802506e-24, 4.9206090376e-24, 6.42654766111e-24, 5.22319399274e-24, 4.74054601396e-24, 5.2954516795e-24, 5.46190843025e-24, 7.01869742214e-24, 6.59251610696e-24],
        "var": [1.87782388821e-05, 1.20980321299e-05, 2.8232141176e-06, 1.50391940679e-06, 1.73900829736e-07, 4.51822721459e-08, 3.98516561972e-08, 3.40583881098e-08, 3.15530677142e-08, 2.19911822086e-08, 2.12250199638e-08, 3.32817542414e-08, 2.59424339788e-08, 1.38896574242e-08, 1.09095674716e-08, 7.40891925588e-09, 6.54070886341e-09, 4.11065936845e-09, 3.75573083744e-09, 2.17766427113e-09, 1.6747199183e-09, 2.34305885805e-09, 9.80281300578e-10, 1.07138087291e-09, 8.77117989351e-10, 6.6100547258e-10, 4.68895089423e-10, 3.47834372416e-10, 3.22309456902e-10, 2.69660904717e-10, 2.35469699295e-10, 2.14652171038e-10, 1.89602597511e-10, 1.75471220887e-10, 2.12539666422e-10, 1.49774442848e-10, 1.05527114824e-10, 8.34792859838e-11, 5.91793558602e-11, 4.96613861145e-11]
    },
    "mfcc": {
        "mean": [-595.028991699, 75.6459274292, 2.60659408569, 15.225279808, 5.9253911972, 9.47549438477, 7.11761283875, 8.73409557343, 4.39923763275, 3.86730384827, 1.58942556381, 2.4215092659, 0.717668473721],
        "cov": [[11559.6171875, -1179.86364746, 604.994445801, 139.559707642, 281.558135986, 362.256652832, 336.116790771, 206.366867065, 30.8394050598, 42.6137886047, 150.979354858, -107.250404358, 13.9640741348], [-1179.86364746, 1456.30725098, -325.956665039, 35.7391700745, -129.584838867, -139.069610596, -120.645439148, -73.3568496704, -15.7487125397, -6.11315202713, -57.9169578552, 53.5401000977, -0.784634053707], [604.994445801, -325.956665039, 356.725311279, 99.6559906006, 126.709411621, 97.383354187, 79.7668228149, 49.0270042419, 21.6189098358, 22.4615688324, 39.9816246033, -21.040178299, -4.94346475601], [139.559707642, 35.7391700745, 99.6559906006, 158.77293396, 86.1930770874, 47.4592514038, 43.9918365479, 28.7460155487, 25.963640213, 24.4931602478, 23.6283988953, 6.1828327179, 5.99719285965], [281.558135986, -129.584838867, 126.709411621, 86.1930770874, 172.110015869, 114.395980835, 77.7175216675, 40.469203949, 32.1883850098, 33.8790588379, 35.7415885925, 12.8313627243, 11.3347978592], [362.256652832, -139.069610596, 97.383354187, 47.4592514038, 114.395980835, 142.58164978, 86.8120193481, 42.4348869324, 18.7833137512, 17.333568573, 26.3626747131, 7.61819458008, 9.25618839264], [336.116790771, -120.645439148, 79.7668228149, 43.9918365479, 77.7175216675, 86.8120193481, 120.140487671, 64.0466842651, 30.8791599274, 21.3581695557, 32.7809066772, 8.3856010437, 13.5456914902], [206.366867065, -73.3568496704, 49.0270042419, 28.7460155487, 40.469203949, 42.4348869324, 64.0466842651, 90.8457794189, 46.7755241394, 24.9596481323, 24.0594768524, 13.9360351562, 17.0794315338], [30.8394050598, -15.7487125397, 21.6189098358, 25.963640213, 32.1883850098, 18.7833137512, 30.8791599274, 46.7755241394, 81.419380188, 42.9237556458, 21.5471515656, 16.6011066437, 16.6761341095], [42.6137886047, -6.11315202713, 22.4615688324, 24.4931602478, 33.8790588379, 17.333568573, 21.3581695557, 24.9596481323, 42.9237556458, 71.63671875, 41.6194534302, 22.0123004913, 19.2071056366], [150.979354858, -57.9169578552, 39.9816246033, 23.6283988953, 35.7415885925, 26.3626747131, 32.7809066772, 24.0594768524, 21.5471515656, 41.6194534302, 78.6907653809, 37.5144233704, 17.9855499268], [-107.250404358, 53.5401000977, -21.040178299, 6.1828327179, 12.8313627243, 7.61819458008, 8.3856010437, 13.9360351562, 16.6011066437, 22.0123004913, 37.5144233704, 77.6502761841, 40.5042495728], [13.9640741348, -0.784634053707, -4.94346475601, 5.99719285965, 11.3347978592, 9.25618839264, 13.5456914902, 17.0794315338, 16.6761341095, 19.2071056366, 17.9855499268, 40.5042495728, 67.0211868286]],
