{
"lowlevel": {
    "average_loudness": 0.946508646011,
    "barkbands_crest": {
        "dmean": 2.93360352516,
        "dmean2": 4.85712051392,
        "dvar": 7.45338344574,
        "dvar2": 20.0203495026,
        "max": 25.9750442505,
        "mean": 8.61515045166,
        "median": 7.73154163361,
        "min": 1.81283020973,
        "var": 17.1266670227
    },
    "barkbands_flatness_db": {
        "dmean": 0.0170645974576,
        "dmean2": 0.0284126736224,
        "dvar": 0.000284643523628,
        "dvar2": 0.000739408540539,
        "max": 0.341342300177,
        "mean": 0.0725455805659,
        "median": 0.0615445449948,
        "min": 0.0115266861394,
        "var": 0.00171623809729
    },
    "barkbands_kurtosis": {
        "dmean": 1.03487086296,
        "dmean2": 1.74289250374,
        "dvar": 4.54671478271,
        "dvar2": 11.4350814819,
        "max": 117.473129272,
        "mean": 0.110262401402,
        "median": -0.558925271034,
        "min": -1.83537745476,
        "var": 6.57236766815
    },
    "barkbands_skewness": {
        "dmean": 0.427374362946,
        "dmean2": 0.704853355885,
        "dvar": 0.19014801085,
        "dvar2": 0.489551067352,
        "max": 10.4180421829,
        "mean": 0.768756210804,
        "median": 0.720034360886,
        "min": -2.20929813385,
        "var": 0.554426848888
    },
    "barkbands_spread": {
        "dmean": 7.09573411942,
        "dmean2": 11.6592283249,
        "dvar": 48.5032119751,
        "dvar2": 126.808311462,
        "max": 96.4120407104,
        "mean": 41.9024162292,
        "median": 44.0799407959,
        "min": 1.30945551395,
        "var": 216.080322266
    },
    "dissonance": {
        "dmean": 0.010042973794,
        "dmean2": 0.0172496531159,
        "dvar": 0.00012912384409,
        "dvar2": 0.000347530003637,
        "max": 0.500000059605,
        "mean": 0.484507977962,
        "median": 0.488409519196,
        "min": 0.254078149796,
        "var": 0.000248167518293
    },
    "dynamic_complexity": 2.04538750648,
    "erbbands_crest": {
        "dmean": 1.80083394051,
        "dmean2": 3.01083064079,
        "dvar": 3.21907091141,
        "dvar2": 8.47025966644,
        "max": 28.3603458405,
        "mean": 6.03450393677,
        "median": 5.2112455368,
        "min": 2.09112334251,
        "var": 8.80101966858
    },
    "erbbands_flatness_db": {
        "dmean": 0.0114209149033,
        "dmean2": 0.0180382970721,
        "dvar": 0.000120074560982,
        "dvar2": 0.000276886479696,
        "max": 0.433530062437,
        "mean": 0.119416601956,
        "median": 0.103753194213,
        "min": 0.045567382127,
        "var": 0.00223329453729
    },
    "erbbands_kurtosis": {
        "dmean": 0.594109237194,
        "dmean2": 0.974024415016,
        "dvar": 0.748065710068,
        "dvar2": 1.88080096245,
        "max": 22.2968597412,
        "mean": 0.0162331648171,
        "median": -0.311197519302,
        "min": -1.61870026588,
        "var": 1.86152541637
    },
    "erbbands_skewness": {
        "dmean": 0.260451942682,
        "dmean2": 0.421064794064,
        "dvar": 0.0587465241551,
        "dvar2": 0.144532755017,
        "max": 4.34823465347,
        "mean": -0.149533301592,
        "median": -0.17052590847,
        "min": -2.69195818901,
        "var": 0.279955983162
    },
    "erbbands_spread": {
        "dmean": 7.80553293228,
        "dmean2": 12.6029043198,
        "dvar": 65.1870803833,
        "dvar2": 165.061035156,
        "max": 124.860656738,
        "mean": 41.7939147949,
        "median": 41.1159973145,
        "min": 2.36332893372,
        "var": 218.527770996
    },
    "hfc": {
        "dmean": 11.0095043182,
        "dmean2": 18.5903625488,
        "dvar": 160.03414917,
        "dvar2": 422.871582031,
        "max": 151.547393799,
        "mean": 46.901599884,
        "median": 49.1511917114,
        "min": 1.06302409887e-16,
        "var": 634.389038086
    },
    "melbands_crest": {
        "dmean": 4.15764093399,
        "dmean2": 7.02354049683,
        "dvar": 12.8013458252,
        "dvar2": 35.3124961853,
        "max": 31.885597229,
        "mean": 14.316037178,
        "median": 13.9023780823,
        "min": 1.00429046154,
        "var": 35.1806488037
    },
    "melbands_flatness_db": {
        "dmean": 0.0257213469595,
        "dmean2": 0.0427190102637,
        "dvar": 0.000621018232778,
        "dvar2": 0.00161448598374,
        "max": 0.390272498131,
        "mean": 0.126309901476,
        "median": 0.119913771749,
        "min": 8.19722814072e-08,
        "var": 0.00245594838634
    },
    "melbands_kurtosis": {
        "dmean": 4.52675437927,
        "dmean2": 7.52594661713,
        "dvar": 72.3725280762,
        "dvar2": 182.472457886,
        "max": 381.55557251,
        "mean": 6.7488617897,
        "median": 3.90840601921,
        "min": -1.66081488132,
        "var": 121.25881958
    },
    "melbands_skewness": {
        "dmean": 0.681041002274,
        "dmean2": 1.11803483963,
        "dvar": 0.566793322563,
        "dvar2": 1.47192060947,
        "max": 16.082775116,
        "mean": 2.159678936,
        "median": 1.96351075172,
        "min": -1.45964980125,
        "var": 1.63617682457
    },
    "melbands_spread": {
        "dmean": 11.6098279953,
        "dmean2": 19.3235626221,
        "dvar": 137.119720459,
        "dvar2": 354.332794189,
        "max": 170.629379272,
        "mean": 43.5289077759,
        "median": 40.8101463318,
        "min": 1.22196793556,
        "var": 447.579223633
    },
    "pitch_salience": {
        "dmean": 0.0858036652207,
        "dmean2": 0.14231300354,
        "dvar": 0.0057929540053,
        "dvar2": 0.0158980991691,
        "max": 0.997722506523,
        "mean": 0.584016978741,
        "median": 0.599430441856,
        "min": 0.0740718469024,
        "var": 0.0142827583477
    },
    "silence_rate_20dB": {
        "dmean": 0,
        "dmean2": 0,
        "dvar": 0,
        "dvar2": 0,
        "max": 1,
        "mean": 1,
        "median": 1,
        "min": 1,
        "var": 0
    },
    "silence_rate_30dB": {
        "dmean": 0,
        "dmean2": 0,
        "dvar": 0,
        "dvar2": 0,
        "max": 1,
        "mean": 1,
        "median": 1,
        "min": 1,
        "var": 0
    },
    "silence_rate_60dB": {
        "dmean": 0.0017092556227,
        "dmean2": 0.00341880344786,
        "dvar": 0.00170672382228,
        "dvar2": 0.00357790174894,
        "max": 1,
        "mean": 0.0377713218331,
        "median": 0,
        "min": 0,
        "var": 0.0363445281982
    },
    "spectral_centroid": {
        "dmean": 296.198455811,
        "dmean2": 481.914031982,
        "dvar": 92206.625,
        "dvar2": 226713.359375,
        "max": 11750.0976562,
        "mean": 2254.84863281,
        "median": 2259.125,
        "min": 331.181427002,
        "var": 835124.5
    },
    "spectral_complexity": {
        "dmean": 5.28091621399,
        "dmean2": 8.69145298004,
        "dvar": 25.7924003601,
        "dvar2": 65.7101669312,
        "max": 66,
        "mean": 36.3753204346,
        "median": 40,
        "min": 0,
        "var": 173.772705078
    },
    "spectral_decrease": {
        "dmean": 1.75476400077e-09,
        "dmean2": 2.91556334631e-09,
        "dvar": 3.43868596613e-18,
        "dvar2": 9.34252111813e-18,
        "max": 1.62141429975e-28,
        "mean": -7.58631557574e-09,
        "median": -7.85148479565e-09,
        "min": -2.6197927383e-08,
        "var": 1.31793057452e-17
    },
    "spectral_energy": {
        "dmean": 0.00688165146858,
        "dmean2": 0.0115001359954,
        "dvar": 5.01122704009e-05,
        "dvar2": 0.000134941190481,
        "max": 0.0998047068715,
        "mean": 0.0328866690397,
        "median": 0.0349406376481,
        "min": 1.00626594218e-20,
        "var": 0.000227506970987
    },
    "spectral_energyband_high": {
        "dmean": 0.0010742766317,
        "dmean2": 0.00181995274033,
        "dvar": 1.79445873982e-06,
        "dvar2": 4.75140222989e-06,
        "max": 0.0152350878343,
        "mean": 0.00351683446206,
        "median": 0.00359123945236,
        "min": 7.12104037372e-21,
        "var": 5.8366867961e-06
    },
    "spectral_energyband_low": {
        "dmean": 0.00720745418221,
        "dmean2": 0.0120744509622,
        "dvar": 8.07350879768e-05,
        "dvar2": 0.00022575003095,
        "max": 0.0976502746344,
        "mean": 0.0121133700013,
        "median": 0.00791828613728,
        "min": 1.06639455679e-23,
        "var": 0.00015172843996
    },
    "spectral_energyband_middle_high": {
        "dmean": 0.00265471753664,
        "dmean2": 0.00435785204172,
        "dvar": 7.26189455236e-06,
        "dvar2": 1.85937478818e-05,
        "max": 0.0355926938355,
        "mean": 0.00930549670011,
        "median": 0.0089952852577,
        "min": 1.16188240493e-21,
        "var": 2.82652563328e-05
    },
    "spectral_energyband_middle_low": {
        "dmean": 0.00445481948555,
        "dmean2": 0.00760851614177,
        "dvar": 2.67729610641e-05,
        "dvar2": 7.41117692087e-05,
        "max": 0.0549536049366,
        "mean": 0.00899689458311,
        "median": 0.00757327163592,
        "min": 1.67569454834e-22,
        "var": 4.2472514906e-05
    },
    "spectral_entropy": {
        "dmean": 0.0902004912496,
        "dmean2": 0.148075520992,
        "dvar": 0.00843225419521,
        "dvar2": 0.0206793602556,
        "max": 9.82712173462,
        "mean": 8.10765075684,
        "median": 8.19742584229,
        "min": 6.17489624023,
        "var": 0.109981201589
    },
    "spectral_flux": {
        "dmean": 0.0210871398449,
        "dmean2": 0.0331357754767,
        "dvar": 0.000423893681727,
        "dvar2": 0.00103534618393,
        "max": 0.269484043121,
        "mean": 0.114423759282,
        "median": 0.115647926927,
        "min": 6.4002893263e-11,
        "var": 0.00199854490347
    },
    "spectral_kurtosis": {
        "dmean": 0.753228664398,
        "dmean2": 1.26739728451,
        "dvar": 1.41196751595,
        "dvar2": 3.97618985176,
        "max": 44.8956413269,
        "mean": 3.09532427788,
        "median": 2.45910692215,
        "min": -1.25349700451,
        "var": 5.4923915863
    },
    "spectral_rms": {
        "dmean": 0.000580612162594,
        "dmean2": 0.000964879116509,
        "dvar": 3.09676863708e-07,
        "dvar2": 8.06047694368e-07,
        "max": 0.00986764673144,
        "mean": 0.00542616704479,
        "median": 0.00583852920681,
        "min": 3.13324583293e-12,
        "var": 2.64123377747e-06
    },
    "spectral_rolloff": {
        "dmean": 855.85760498,
        "dmean2": 1441.43029785,
        "dvar": 866023,
        "dvar2": 2218726.75,
        "max": 19616.7480469,
        "mean": 3053.16845703,
        "median": 2820.84960938,
        "min": 64.599609375,
        "var": 4070207
    },
    "spectral_skewness": {
        "dmean": 0.115589953959,
        "dmean2": 0.190791741014,
        "dvar": 0.0151155339554,
        "dvar2": 0.0401607006788,
        "max": 4.49370002747,
        "mean": 1.28650939465,
        "median": 1.2462644577,
        "min": -0.0963805839419,
        "var": 0.0989687293768
    },
    "spectral_spread": {
        "dmean": 444791.84375,
        "dmean2": 703502.125,
        "dvar": 344394694656,
        "dvar2": 742965772288,
        "max": 42586760,
        "mean": 5597827.5,
        "median": 5664631,
        "min": 958313.9375,
        "var": 1.00383651267e+13
    },
    "spectral_strongpeak": {
        "dmean": 0.388332694769,
        "dmean2": 0.67634510994,
        "dvar": 0.516041815281,
        "dvar2": 1.40440535545,
        "max": 12.8590526581,
        "mean": 0.595305323601,
        "median": 0.363252818584,
        "min": 0,
        "var": 0.636726081371
    },
    "zerocrossingrate": {
        "dmean": 0.0116490609944,
        "dmean2": 0.0151039166376,
        "dvar": 0.000140497402754,
        "dvar2": 0.000214105690247,
        "max": 0.8515625,
        "mean": 0.104977674782,
        "median": 0.1015625,
        "min": 0.01220703125,
        "var": 0.00312909041531
    },
    "barkbands": {
        "dmean": [0.000296060316032, 0.00549137359485, 0.00337466457859, 0.00186653272249, 0.00264542596415, 0.000690639193635, 0.000723742705304, 0.000615912897047, 0.00076109461952, 0.000643585808575, 0.000600280996878, 0.000623970292509, 0.000449701503385, 0.000576832680963, 0.000588351336773, 0.000493296189234, 0.000449119921541, 0.000367748958524, 0.000424094381742, 0.000397757336032, 0.000323447544361, 0.00026518382947, 0.000198454072233, 0.000214848230826, 0.000139848183608, 6.87143983669e-05, 1.84633863682e-05],
        "dmean2": [0.000449492537882, 0.00865443516523, 0.00585406832397, 0.0034079477191, 0.00479099387303, 0.00117122312076, 0.00121581810527, 0.00103873864282, 0.00124766037334, 0.00107019941788, 0.000997769646347, 0.00101969880052, 0.00074191542808, 0.000965308747254, 0.00100361707155, 0.000830115459394, 0.000750791106839, 0.000619231839664, 0.000709156040102, 0.000671233225148, 0.000555088103283, 0.000444446050096, 0.000330912240315, 0.000367314176401, 0.000225985582802, 0.000113288289867, 3.02627377096e-05],
        "dvar": [2.17257593249e-07, 6.61711965222e-05, 3.13162308885e-05, 1.03535212475e-05, 1.71108149516e-05, 8.77522097653e-07, 1.10748419502e-06, 7.46365060422e-07, 1.27365751723e-06, 1.08658775844e-06, 1.08147003175e-06, 7.94032530393e-07, 5.40223368262e-07, 7.49872015149e-07, 5.78973299525e-07, 4.45711805241e-07, 3.68529526895e-07, 2.196035922e-07, 3.35307476007e-07, 2.35837404716e-07, 1.97601309537e-07, 1.38987559239e-07, 6.5443970243e-08, 6.57316334696e-08, 3.85338196907e-08, 8.72254268813e-09, 8.45304604091e-10],
        "dvar2": [4.5852459607e-07, 0.000154529378051, 8.75593686942e-05, 3.033338362e-05, 4.99380403198e-05, 2.43480303652e-06, 2.94008896162e-06, 1.95133566194e-06, 3.10329642161e-06, 2.68778580903e-06, 2.71164390142e-06, 1.89288255115e-06, 1.2697208831e-06, 1.9546475869e-06, 1.53449104801e-06, 1.15005661883e-06, 9.70399923972e-07, 5.8454156715e-07, 8.68576648827e-07, 6.24979577424e-07, 5.2815954632e-07, 3.55909946848e-07, 1.67798063444e-07, 1.74622186933e-07, 9.51972651819e-08, 2.23067750937e-08, 2.12170370162e-09],
        "max": [0.00886532198638, 0.0960161015391, 0.0514277368784, 0.0291907545179, 0.0463118292391, 0.0224860217422, 0.016406737268, 0.023303989321, 0.0199452061206, 0.0167051982135, 0.0186126027256, 0.0172380972654, 0.0171713139862, 0.0183854978532, 0.0141485761851, 0.011888592504, 0.0128694046289, 0.00992290582508, 0.0132240718231, 0.00748464511707, 0.00728752091527, 0.0065726544708, 0.00386056932621, 0.00373183493502, 0.00514042889699, 0.00165660900529, 0.000685071689077],
        "mean": [0.000438135612058, 0.00778699526563, 0.00300500891171, 0.00165654544253, 0.00279394071549, 0.00101409910712, 0.00111014791764, 0.000924774503801, 0.00122606358491, 0.00097943120636, 0.000904356129467, 0.00107855466194, 0.000748624326661, 0.000949245935772, 0.000981340417638, 0.000898446538486, 0.000876400270499, 0.000748568272684, 0.000863650115207, 0.000811954261735, 0.000739290670026, 0.000650604546536, 0.000525322859176, 0.00053838128224, 0.000401733705075, 0.000194333711988, 4.06718536397e-05],
        "median": [0.000126009414089, 0.00318782310933, 0.000799359171651, 0.000588274153415, 0.00125880795531, 0.000671411398798, 0.000651317299344, 0.000601218780503, 0.000777736422606, 0.000551783537958, 0.000526284507941, 0.000683307880536, 0.000478849513456, 0.000623729312792, 0.000680917175487, 0.000656480318867, 0.000624840438832, 0.000593268079683, 0.000702772755176, 0.000690871383995, 0.000660271965899, 0.000611585215665, 0.000515363761224, 0.000499849324115, 0.000374790630303, 0.000175717461389, 2.35197749134e-05],
        "min": [1.92848979802e-25, 5.50520861091e-24, 1.30164139843e-24, 1.17007281007e-24, 1.11678320489e-23, 4.83262106995e-24, 1.02195108003e-23, 8.09361664654e-24, 1.45183380947e-23, 1.71897603299e-23, 1.36149266974e-23, 1.63157324236e-23, 1.58513520968e-23, 2.67447796687e-23, 3.71982468919e-23, 6.27842656215e-23, 8.284982627e-23, 1.06344988103e-22, 1.20718122149e-22, 1.87078666596e-22, 2.33385066789e-22, 3.22232993797e-22, 4.63881817193e-22, 5.69494363723e-22, 8.59019089175e-22, 1.32385804077e-21, 1.9484578602e-21],
        "var": [5.17060186667e-07, 0.000111867353553, 2.74944250123e-05, 7.74820182414e-06, 1.57673111971e-05, 1.29548163841e-06, 1.88107321719e-06, 1.15046771043e-06, 2.25167514145e-06, 1.77640333732e-06, 1.64477364706e-06, 1.67312646226e-06, 9.44518887991e-07, 1.23894994886e-06, 1.06900733954e-06, 8.10071469459e-07, 7.70278347773e-07, 4.9636417998e-07, 5.99074496677e-07, 4.49176155826e-07, 3.97320775392e-07, 3.01547686377e-07, 1.69991338339e-07, 1.92750192696e-07, 1.2063482302e-07, 2.96484987672e-08, 2.46476195009e-09]
    },
    "erbbands": {
        "dmean": [0.184391304851, 1.18619060516, 3.26730418205, 4.79351043701, 8.2971496582, 8.74896335602, 5.44982385635, 5.6743888855, 8.54379844666, 12.5194826126, 15.4420337677, 15.13676548, 18.8990631104, 19.8647327423, 21.8482761383, 23.2169284821, 20.1946029663, 24.7333564758, 25.3362216949, 31.8453598022, 25.1546821594, 24.696187973, 19.3473014832, 20.2624378204, 20.2772502899, 19.7750282288, 14.8376150131, 11.8801584244, 10.3954324722, 7.49105787277, 5.53406572342, 4.57308530807, 3.58383774757, 1.8541367054, 0.992323637009, 0.374957799911, 0.122077487409, 0.0289734657854, 0.00305265979841, 4.74131047667e-05],
        "dmean2": [0.293766975403, 1.86122250557, 5.48428297043, 8.34707164764, 14.8806819916, 15.8518953323, 9.48232460022, 9.66932201385, 14.400261879, 21.1116065979, 25.7353801727, 24.9074325562, 31.1540298462, 32.7470283508, 36.1985588074, 37.907787323, 32.9967346191, 41.2136383057, 42.5819091797, 54.4083976746, 42.4525184631, 41.2960586548, 32.5976715088, 33.8986282349, 33.8142127991, 33.6619682312, 25.387878418, 20.1451339722, 17.47615242, 12.4395151138, 9.28985404968, 7.69833087921, 6.1225566864, 3.0530872345, 1.63275325298, 0.614339292049, 0.202530175447, 0.0474292188883, 0.00502028083429, 7.80164918979e-05],
        "dvar": [0.0832454562187, 3.09240460396, 26.1419563293, 60.2348670959, 176.616729736, 201.788208008, 60.998878479, 63.3422470093, 179.540740967, 357.30645752, 447.287353516, 528.702697754, 980.455505371, 991.948608398, 1450.74609375, 1217.77148438, 1113.80871582, 1471.42358398, 1287.19104004, 1865.99963379, 1175.83666992, 1161.31506348, 639.453063965, 662.741088867, 906.266906738, 626.319519043, 383.972686768, 319.084869385, 224.796707153, 99.837097168, 53.9910964966, 32.9204406738, 18.2383937836, 5.86891698837, 2.37452054024, 0.260753512383, 0.0278112385422, 0.0019436905859, 2.34145954892e-05, 4.7475894327e-09],
        "dvar2": [0.198444694281, 7.22019433975, 71.3340530396, 168.679748535, 515.213989258, 583.127258301, 170.255950928, 173.358764648, 473.646789551, 949.142333984, 1164.83422852, 1306.39978027, 2380.29296875, 2404.69360352, 3657.12963867, 2914.63427734, 2609.12182617, 3797.96166992, 3362.40576172, 4956.1875, 3042.51806641, 3034.86157227, 1687.72668457, 1749.97680664, 2267.6171875, 1676.24645996, 1029.72070312, 838.816650391, 576.949707031, 253.338653564, 139.703460693, 85.7079544067, 49.4022598267, 14.832485199, 5.97571134567, 0.662213742733, 0.0718835443258, 0.0048474771902, 5.86039022892e-05, 1.18199539045e-08],
        "max": [4.0778298378, 20.6800365448, 45.1356697083, 74.2596130371, 126.984268188, 207.678665161, 140.260345459, 179.403244019, 209.606018066, 329.918701172, 634.283508301, 544.032348633, 667.583435059, 646.193481445, 872.699829102, 759.324645996, 812.814086914, 1054.1262207, 885.876525879, 1186.50561523, 669.108947754, 735.169311523, 533.645812988, 520.395935059, 798.144348145, 380.541809082, 414.746490479, 375.376678467, 291.970153809, 201.094467163, 123.148376465, 125.550018311, 53.2570228577, 59.817565918, 46.6432571411, 8.98075389862, 3.78567266464, 0.751920163631, 0.109780602157, 0.00146729347762],
        "mean": [0.258098244667, 1.60983562469, 3.41056060791, 4.96088027954, 8.40307807922, 8.89935970306, 7.27511930466, 8.24572563171, 12.9757556915, 18.9986839294, 24.8934326172, 24.8572368622, 30.3893566132, 32.7954444885, 37.1274185181, 42.6207313538, 37.0401382446, 43.9734458923, 46.8944892883, 55.9951934814, 50.1558609009, 50.614692688, 41.0334396362, 44.2834968567, 41.6107406616, 38.9084854126, 32.1216468811, 27.4390068054, 24.2883472443, 18.9679336548, 14.2901544571, 11.2295837402, 8.8558549881, 4.97228479385, 2.64074015617, 1.01601982117, 0.33267468214, 0.0777342244983, 0.00649347063154, 0.00015427825565],
        "median": [0.0997903943062, 0.618869900703, 1.22732210159, 1.99196314812, 3.31417179108, 4.07963562012, 4.43579912186, 5.58241176605, 7.7118396759, 11.4368257523, 16.4765510559, 16.2220039368, 18.311214447, 20.7987995148, 23.7916908264, 27.6045131683, 25.2890911102, 30.2676067352, 34.4813461304, 39.8015594482, 37.6201019287, 37.2535858154, 33.250617981, 36.1575164795, 34.4715423584, 32.0697898865, 28.077703476, 24.5733089447, 22.0509757996, 17.9509601593, 13.9809036255, 10.4250583649, 8.02638244629, 4.59322738647, 2.38729858398, 0.924181461334, 0.297935903072, 0.0599161982536, 0.00357456202619, 0.000127817998873],
        "min": [1.32153008068e-22, 5.13402238663e-22, 1.76362540246e-21, 7.40767461184e-21, 1.38416380893e-20, 3.35426197411e-20, 3.49538641831e-20, 4.18071363375e-20, 1.00692941535e-19, 1.79463735682e-19, 3.0559750876e-19, 2.13779000276e-19, 6.81370745943e-19, 6.79868534251e-19, 9.95360803348e-19, 8.78704245343e-19, 9.93170946074e-19, 1.56586561746e-18, 1.92279539595e-18, 2.02155104172e-18, 4.03593828574e-18, 5.49731951471e-18, 5.16241641856e-18, 6.90899918298e-18, 8.0716664676e-18, 9.6619608999e-18, 1.00545548807e-17, 9.48336185231e-18, 1.02716575314e-17, 1.32344083817e-17, 1.11666049157e-17, 1.0200406675e-17, 1.06162129982e-17, 7.41523992172e-18, 6.87519810161e-18, 4.39305738519e-18, 2.4664962495e-18, 9.44131233266e-19, 2.50664961268e-19, 2.5025918071e-20],
        "var": [0.139609083533, 5.08923864365, 27.1767559052, 56.0810241699, 158.021362305, 173.943191528, 79.3090744019, 84.5616378784, 275.035247803, 562.042297363, 770.884460449, 890.744506836, 1611.74072266, 1632.91162109, 2319.39990234, 2654.14770508, 2071.50854492, 2583.58032227, 2376.8671875, 3318.03662109, 2288.99291992, 2460.07421875, 1462.75964355, 1406.42663574, 1560.79321289, 1098.49926758, 770.687133789, 587.398376465, 463.176208496, 244.934860229, 129.558364868, 86.5088043213, 54.8895072937, 17.7150669098, 6.11635303497, 0.80501139164, 0.0911096036434, 0.00647587841377, 6.5648004238e-05, 1.72920682218e-08]
    },
    "gfcc": {
        "mean": [48.9949798584, 44.9781494141, -117.67615509, 33.0994148254, -52.9129257202, 18.7391395569, -34.700138092, 14.0737390518, -24.3874835968, 6.93651437759, -18.4719657898, 2.20681810379, -11.8589782715],
        "cov": [[25176.0605469, -1361.1685791, 42.7655105591, 786.253967285, -606.831481934, 1158.15820312, -316.459991455, 543.575195312, -349.838165283, 478.165802002, -507.698028564, 301.761779785, -487.738220215], [-1361.1685791, 1244.47888184, -542.023498535, -113.883651733, -81.5983047485, -286.984222412, -55.5207138062, -69.9209060669, -12.3135585785, -104.732093811, 85.8531494141, -99.5430374146, 114.620758057], [42.7655105591, -542.023498535, 849.940246582, 252.538223267, 207.518463135, 276.999786377, 103.384178162, 96.8058700562, 77.1261672974, 63.2735328674, -35.6597518921, 51.1860733032, -98.0491638184], [786.253967285, -113.883651733, 252.538223267, 451.053070068, 130.859176636, 212.229125977, 47.9737358093, 67.0569992065, 73.5848617554, 11.3120727539, 19.9347782135, 27.5462665558, -41.1711463928], [-606.831481934, -81.5983047485, 207.518463135, 130.859176636, 260.626922607, 108.868507385, 87.0213928223, 41.6449241638, 53.6483917236, 25.0174751282, 20.9814834595, 14.6220912933, -10.9854450226], [1158.15820312, -286.984222412, 276.999786377, 212.229125977, 108.868507385, 340.334289551, 123.345672607, 96.5077209473, 58.6359329224, 57.3298530579, 14.9454908371, 58.3902702332, -47.7080917358], [-316.459991455, -55.5207138062, 103.384178162, 47.9737358093, 87.0213928223, 123.345672607, 178.961791992, 77.3079681396, 75.6956710815, 33.9840240479, 42.5368118286, 32.2203826904, 7.49533843994], [543.575195312, -69.9209060669, 96.8058700562, 67.0569992065, 41.6449241638, 96.5077209473, 77.3079681396, 137.411651611, 64.9756774902, 62.2036361694, 10.3008031845, 36.0876502991, -3.31297540665], [-349.838165283, -12.3135585785, 77.1261672974, 73.5848617554, 53.6483917236, 58.6359329224, 75.6956710815, 64.9756774902, 139.944030762, 37.0173377991, 48.9841842651, 20.1040000916, 3.50234723091], [478.165802002, -104.732093811, 63.2735328674, 11.3120727539, 25.0174751282, 57.3298530579, 33.9840240479, 62.2036361694, 37.0173377991, 128.213500977, 29.6464595795, 42.981502533, 0.0150031959638], [-507.698028564, 85.8531494141, -35.6597518921, 19.9347782135, 20.9814834595, 14.9454908371, 42.5368118286, 10.3008031845, 48.9841842651, 29.6464595795, 111.525924683, 39.3522071838, 34.4292564392], [301.761779785, -99.5430374146, 51.1860733032, 27.5462665558, 14.6220912933, 58.3902702332, 32.2203826904, 36.0876502991, 20.1040000916, 42.981502533, 39.3522071838, 87.3788299561, 24.5026512146], [-487.738220215, 114.620758057, -98.0491638184, -41.1711463928, -10.9854450226, -47.7080917358, 7.49533843994, -3.31297540665, 3.50234723091, 0.0150031959638, 34.4292564392, 24.5026512146, 88.3202362061]],
        "icov": [[0.000132778906845, -5.3288993513e-05, 0.000240019275225, -0.000184590986464, 0.000334110896802, -0.000535126717295, 0.000384860992199, -0.000419360323576, 0.00032614034717, -0.000409038475482, 0.000652466784231, -0.00060081994161, 0.000586403999478], [-5.3288993513e-05, 0.00162708095741, 0.000508547469508, -0.000261356297415, -0.000265045615379, 0.000951019232161, -0.000185498502105, -0.000640325481072, 9.35995412874e-05, 0.000915299286135, -0.00191380945034, 0.00234638457187, -0.00139945850242], [0.000240019275225, 0.000508547469508, 0.00280806329101, -0.000769391830545, -0.000531851546839, -0.00136895210017, 0.000601461739279, -0.000854490150232, 4.8434096243e-05, -0.000728992861696, 0.00194010313135, -0.00167182879522, 0.00224122405052], [-0.000184590986464, -0.000261356297415, -0.000769391830545, 0.00429759128019, -0.00156254868489, -0.0017725242069, 0.00163562933449, -0.000241057336098, -0.00179324846249, 0.00192167691421, -0.00157385750208, 0.000645386171527, -0.00032539665699], [0.000334110896802, -0.000265045615379, -0.000531851546839, -0.00156254868489, 0.00670276721939, -0.00128076050896, -0.00127593288198, -0.000282593333395, 0.000745974190067, -0.00168969738297, 0.00132929964457, -0.000463073054561, 0.00069076847285], [-0.000535126717295, 0.000951019232161, -0.00136895210017, -0.0017725242069, -0.00128076050896, 0.0099015366286, -0.00546008534729, 0.000462546769995, 0.000164517172379, 0.00114675727673, -0.00288932211697, 0.000368958688341, 0.000151775544509], [0.000384860992199, -0.000185498502105, 0.000601461739279, 0.00163562933449, -0.00127593288198, -0.00546008534729, 0.0130181526765, -0.00505458237603, -0.00195861398242, 0.000672198249958, -0.000768426980358, -0.000790204619989, -9.88486590359e-06], [-0.000419360323576, -0.000640325481072, -0.000854490150232, -0.000241057336098, -0.000282593333395, 0.000462546769995, -0.00505458237603, 0.0163605865091, -0.00528078339994, -0.00394979352131, 0.00330369733274, -0.0016547391424, -0.00190718716476], [0.00032614034717, 9.35995412874e-05, 4.8434096243e-05, -0.00179324846249, 0.000745974190067, 0.000164517172379, -0.00195861398242, -0.00528078339994, 0.0135133238509, -0.00155474420171, -0.00354920979589, 0.000984957790934, 0.00162191665731], [-0.000409038475482, 0.000915299286135, -0.000728992861696, 0.00192167691421, -0.00168969738297, 0.00114675727673, 0.000672198249958, -0.00394979352131, -0.00155474420171, 0.0136908274144, -0.00537294102833, -0.000541668094229, -0.00085205124924], [0.000652466784231, -0.00191380945034, 0.00194010313135, -0.00157385750208, 0.00132929964457, -0.00288932211697, -0.000768426980358, 0.00330369733274, -0.00354920979589, -0.00537294102833, 0.020803866908, -0.0107230292633, 0.00130750355311], [-0.00060081994161, 0.00234638457187, -0.00167182879522, 0.000645386171527, -0.000463073054561, 0.000368958688341, -0.000790204619989, -0.0016547391424, 0.000984957790934, -0.000541668094229, -0.0107230292633, 0.0256571453065, -0.0107484431937], [0.000586403999478, -0.00139945850242, 0.00224122405052, -0.00032539665699, 0.00069076847285, 0.000151775544509, -9.88486590359e-06, -0.00190718716476, 0.00162191665731, -0.00085205124924, 0.00130750355311, -0.0107484431937, 0.0212186705321]]
    },
    "melbands": {
        "dmean": [0.00157856778242, 0.00147071201354, 0.000785574258771, 0.000670634733979, 0.000206774173421, 0.000129742693389, 0.000131518725539, 0.000132036831928, 0.000136547343573, 9.73031201283e-05, 9.83175486908e-05, 8.38516934891e-05, 7.79753245297e-05, 6.6309592512e-05, 6.39910649625e-05, 4.37142080045e-05, 5.05250391143e-05, 4.46585399914e-05, 4.97598739457e-05, 3.75126910512e-05, 3.13254240609e-05, 2.94086985377e-05, 2.14089177462e-05, 1.84012369573e-05, 1.80948973139e-05, 1.72029540408e-05, 1.49678589878e-05, 1.39906924232e-05, 1.06680254248e-05, 8.94363165571e-06, 7.10787571734e-06, 6.6348461587e-06, 5.30082434125e-06, 4.37959488409e-06, 3.61650450031e-06, 3.24505776916e-06, 2.99840689877e-06, 2.86340969069e-06, 2.17594401875e-06, 1.56331520884e-06],
        "dmean2": [0.00249641248956, 0.00243052025326, 0.00131058553234, 0.00121179700363, 0.000362298684195, 0.000220263958909, 0.000221074136789, 0.000222674047109, 0.000226511358051, 0.000159756920766, 0.0001623575954, 0.000138368806802, 0.000129399428261, 0.000108786654891, 0.000104111568362, 7.21011529095e-05, 8.44667883939e-05, 7.47327212594e-05, 8.51809527376e-05, 6.32144874544e-05, 5.30578836333e-05, 4.92055150971e-05, 3.63617691619e-05, 3.0810952012e-05, 3.03871711367e-05, 2.88448682113e-05, 2.5034229111e-05, 2.39571436396e-05, 1.81253599294e-05, 1.54423541971e-05, 1.20119484563e-05, 1.11398112494e-05, 8.92441858014e-06, 7.24419487597e-06, 6.10009328739e-06, 5.46476394447e-06, 5.09469919052e-06, 4.89347075927e-06, 3.68930659533e-06, 2.58586260315e-06],
        "dvar": [5.8271339185e-06, 4.09857011618e-06, 1.39643782404e-06, 1.14756267067e-06, 8.59580353563e-08, 3.12368833022e-08, 3.86833498567e-08, 3.64372105821e-08, 3.51574911406e-08, 2.24129017568e-08, 2.64011035256e-08, 1.72112724073e-08, 1.88536120049e-08, 1.00003179071e-08, 1.03534132379e-08, 5.07224662272e-09, 6.57271170823e-09, 4.73559547132e-09, 4.23145873896e-09, 2.80696421662e-09, 1.88465576478e-09, 1.73298564388e-09, 8.73661476497e-10, 6.07288497267e-10, 5.44303380146e-10, 7.14651282596e-10, 4.03901023738e-10, 3.2269609207e-10, 1.99143909696e-10, 1.57522897504e-10, 1.30269531273e-10, 9.93080409573e-11, 5.39056577153e-11, 3.39920938619e-11, 2.34303930424e-11, 1.81477558675e-11, 1.37796189389e-11, 1.20360900066e-11, 7.26640666041e-12, 4.7696720705e-12],
        "dvar2": [1.38130353662e-05, 1.09271486508e-05, 3.71750547856e-06, 3.35420236297e-06, 2.41413886215e-07, 8.58193871522e-08, 1.02579214456e-07, 9.66076427744e-08, 9.17107456644e-08, 5.38490425583e-08, 6.41783017841e-08, 4.25536406112e-08, 4.73442547388e-08, 2.42580373566e-08, 2.45626008422e-08, 1.21580372436e-08, 1.70886504947e-08, 1.23105934335e-08, 1.13166809257e-08, 7.19762782708e-09, 4.95588947658e-09, 4.59473037395e-09, 2.22571894248e-09, 1.59951230039e-09, 1.45265910412e-09, 1.83383375152e-09, 1.03778297067e-09, 8.71204497432e-10, 5.31066302045e-10, 4.31509633581e-10, 3.41813910509e-10, 2.54192139559e-10, 1.41813019661e-10, 8.64528656996e-11, 6.12143599699e-11, 4.7582354723e-11, 3.62782755225e-11, 3.30876472054e-11, 1.89766691944e-11, 1.23925227719e-11],
        "max": [0.0302645899355, 0.0179274603724, 0.011726366356, 0.0123818404973, 0.00494832824916, 0.00408104434609, 0.00302267307416, 0.00335708749481, 0.00484529649839, 0.00336810341105, 0.00326700601727, 0.00238046399318, 0.00267536169849, 0.00202862010337, 0.00270893471316, 0.00166562665254, 0.00217358558439, 0.0014983532019, 0.0010613851482, 0.00143268320244, 0.00086344970623, 0.000846535724122, 0.000789205776528, 0.000600078492425, 0.000454876892036, 0.000698190066032, 0.000388224783819, 0.00028029672103, 0.000274012883892, 0.000215679829125, 0.000254794198554, 0.000235748724663, 0.00012370479817, 9.56279691309e-05, 7.51166589907e-05, 7.3023220466e-05, 7.48917227611e-05, 4.58604445157e-05, 3.2415446185e-05, 6.88441868988e-05],
        "mean": [0.00223742402159, 0.00193673034664, 0.000951145077124, 0.000681956997141, 0.000268582807621, 0.000192930572666, 0.000204966243473, 0.000201804403332, 0.000215350839426, 0.000155091824126, 0.000153433473315, 0.000132656496135, 0.000124667494674, 0.000110563480121, 0.000110451015644, 7.16455906513e-05, 8.37732004584e-05, 7.43166965549e-05, 7.97007232904e-05, 6.55270996504e-05, 5.66373564652e-05, 5.47255513084e-05, 3.91150460928e-05, 3.57503195119e-05, 3.58645920642e-05, 3.20577710227e-05, 2.79004743788e-05, 2.51064557233e-05, 2.08711226151e-05, 1.76279481821e-05, 1.50606247189e-05, 1.41921082104e-05, 1.15205029942e-05, 1.01823989098e-05, 8.30633052828e-06, 7.40754148865e-06, 6.66835194352e-06, 6.55600433674e-06, 5.09336041432e-06, 3.86734245694e-06],
        "median": [0.000912904622965, 0.000890594441444, 0.000436793488916, 0.00028549178387, 0.000166647689184, 0.000132570319693, 0.000123760459246, 0.00012477421842, 0.000136925518746, 9.79289761744e-05, 8.8885135483e-05, 7.92447317508e-05, 7.6152580732e-05, 6.86074490659e-05, 6.49923895253e-05, 4.36403497588e-05, 5.44823924429e-05, 5.01034373883e-05, 5.36885127076e-05, 4.56406487501e-05, 3.98596166633e-05, 3.73844413843e-05, 2.89495219477e-05, 2.72713259619e-05, 2.78505485767e-05, 2.52790814557e-05, 2.22249836952e-05, 1.99149108084e-05, 1.72857289726e-05, 1.49187962961e-05, 1.30614280351e-05, 1.23069066831e-05, 1.04123082565e-05, 9.20154616324e-06, 7.78698813519e-06, 6.68807615511e-06, 5.95512119617e-06, 5.62493278267e-06, 4.61163108412e-06, 3.45620128428e-06],
        "min": [1.51642603621e-24, 1.22406028106e-24, 2.08062970942e-24, 2.15756494692e-24, 9.83384143687e-25, 8.42286904458e-25, 1.63289937671e-24, 2.17829147835e-24, 1.8191463796e-24, 1.55788649463e-24, 3.51383456861e-24, 2.30532963852e-24, 2.46605866746e-24, 1.42308229466e-24, 4.2044586253e-24, 1.95593841044e-24, 2.38154642096e-24, 2.68308317717e-24, 2.51500176738e-24, 3.30342820746e-24, 4.30315301316e-24, 3.98730770063e-24, 3.83616431777e-24, 4.80032194905e-24, 5.04421210296e-24, 3.20266720125e-24, 6.05910611222e-24, 5.98056041518e-24, 5.64248026918e-24, 5.56542118051e-24, 5.16922565163e-24, 5.76197060821e-24, 4.50918415451e-24, 6.31345182857e-24, 5.89531650019e-24, 6.31244366433e-24, 5.98531606314e-24, 6.06137605947e-24, 5.62360440544e-24, 5.94431343987e-24],
        "var": [9.66564130067e-06, 5.85148245591e-06, 1.61812749866e-06, 1.03239904092e-06, 1.00603919861e-07, 4.42704859438e-08, 6.29964844734e-08, 5.83959369749e-08, 6.15688051653e-08, 3.77278048802e-08, 4.32960796104e-08, 2.82204268842e-08, 2.91053474655e-08, 1.86688620119e-08, 2.21542997281e-08, 8.69280736282e-09, 1.07823598938e-08, 7.68857066902e-09, 7.48806172624e-09, 4.95626073516e-09, 3.39704708807e-09, 3.39398331661e-09, 1.56935386908e-09, 1.33275390723e-09, 1.06032027603e-09, 1.08386877251e-09, 6.86021794927e-10, 5.31113042435e-10, 3.73630099082e-10, 2.69826910815e-10, 2.1036766773e-10, 1.85187226664e-10, 1.03982995825e-10, 7.83484041533e-11, 4.83023586406e-11, 4.12134458505e-11, 3.30400325155e-11, 3.32674061909e-11, 1.88484904767e-11, 1.19488863248e-11]
    },
    "mfcc": {
        "mean": [-584.706359863, 79.6026992798, -5.88068723679, 17.9039421082, 4.68797206879, 5.95301151276, 3.87870001793, 3.76903319359, 3.94488477707, 2.89978432655, 0.54309129715, -0.0739239156246, 0.442461550236],
        "cov": [[10154.3623047, -394.725830078, 685.419433594, 180.483459473, 222.473632812, 509.454650879, 188.579650879, 332.069793701, 139.959152222, 297.71673584, 70.3975601196, 169.541381836, 9.69056510925], [-394.725830078, 1072.96594238, -399.953857422, -33.1933898926, -158.796325684, -237.702102661, -53.4079360962, -139.552902222, -23.1374320984, -108.670021057, -11.8635730743, -79.8504486084, -3.53772521019], [685.419433594, -399.953857422, 562.218078613, 114.472206116, 174.623809814, 196.665969849, 58.9110984802, 150.797546387, 31.3888072968, 122.136535645, 24.684381485, 71.8108444214, 3.44674372673], [180.483459473, -33.1933898926, 114.472206116, 211.964828491, 125.251289368, 62.1760063171, 29.2264976501, 53.0385131836, 26.2668228149, 43.0130348206, 15.2121963501, 23.8757362366, 12.0104541779], [222.473632812, -158.796325684, 174.623809814, 125.251289368, 228.801452637, 129.836364746, 49.8945236206, 81.1467895508, 21.7608222961, 66.1235275269, 10.0935459137, 38.0812683105, 10.6147232056], [509.454650879, -237.702102661, 196.665969849, 62.1760063171, 129.836364746, 229.293411255, 97.9853515625, 116.012413025, 31.0842933655, 81.0994262695, 28.1671123505, 61.3686027527, 24.0839748383], [188.579650879, -53.4079360962, 58.9110984802, 29.2264976501, 49.8945236206, 97.9853515625, 129.646270752, 70.5453186035, 35.8047637939, 34.509223938, 23.7118034363, 30.6748008728, 25.1566581726], [332.069793701, -139.552902222, 150.797546387, 53.0385131836, 81.1467895508, 116.012413025, 70.5453186035, 178.259735107, 48.4773292542, 83.6650161743, 18.761259079, 54.100856781, 25.7217845917], [139.959152222, -23.1374320984, 31.3888072968, 26.2668228149, 21.7608222961, 31.0842933655, 35.8047637939, 48.4773292542, 99.7193374634, 46.104637146, 33.7516174316, 15.0648584366, 14.5935440063], [297.71673584, -108.670021057, 122.136535645, 43.0130348206, 66.1235275269, 81.0994262695, 34.509223938, 83.6650161743, 46.104637146, 127.529663086, 44.4710617065, 45.2039680481, 15.8158988953], [70.3975601196, -11.8635730743, 24.684381485, 15.2121963501, 10.0935459137, 28.1671123505, 23.7118034363, 18.761259079, 33.7516174316, 44.4710617065, 90.1242828369, 45.7670707703, 21.4561977386], [169.541381836, -79.8504486084, 71.8108444214, 23.8757362366, 38.0812683105, 61.3686027527, 30.6748008728, 54.100856781, 15.0648584366, 45.2039680481, 45.7670707703, 92.8412628174, 44.866859436], [9.69056510925, -3.53772521019, 3.44674372673, 12.0104541779, 10.6147232056, 24.0839748383, 25.1566581726, 25.7217845917, 14.5935440063, 15.8158988953, 21.4561977386, 44.866859436, 75.1868515015]],
