{
"lowlevel": {
    "average_loudness": 0.640194237232,
    "barkbands_crest": {
        "dmean": 2.9379389286,
        "dmean2": 4.72298383713,
        "dvar": 7.81320047379,
        "dvar2": 18.6512336731,
        "max": 26.6965026855,
        "mean": 10.6706600189,
        "median": 9.7185344696,
        "min": 2.02890443802,
        "var": 22.8453807831
    },
    "barkbands_flatness_db": {
        "dmean": 0.0230396650732,
        "dmean2": 0.035666089505,
        "dvar": 0.000577813421842,
        "dvar2": 0.00135563849472,
        "max": 0.497633457184,
        "mean": 0.124374635518,
        "median": 0.110675796866,
        "min": 0.00971046369523,
        "var": 0.0049833250232
    },
    "barkbands_kurtosis": {
        "dmean": 3.40254235268,
        "dmean2": 5.45100355148,
        "dvar": 308.432830811,
        "dvar2": 757.822937012,
        "max": 1663.44897461,
        "mean": 4.13556289673,
        "median": 0.861210823059,
        "min": -1.87505936623,
        "var": 342.366363525
    },
    "barkbands_skewness": {
        "dmean": 0.626134991646,
        "dmean2": 0.984846115112,
        "dvar": 0.645065069199,
        "dvar2": 1.49796581268,
        "max": 37.3063278198,
        "mean": 1.40323841572,
        "median": 1.13843393326,
        "min": -2.85425209999,
        "var": 2.01183700562
    },
    "barkbands_spread": {
        "dmean": 7.84677505493,
        "dmean2": 12.7479295731,
        "dvar": 101.759651184,
        "dvar2": 262.888580322,
        "max": 116.877876282,
        "mean": 31.1298408508,
        "median": 25.9733200073,
        "min": 0.17162387073,
        "var": 508.579986572
    },
    "dissonance": {
        "dmean": 0.0167718939483,
        "dmean2": 0.028170119971,
        "dvar": 0.000354980496923,
        "dvar2": 0.000944646832068,
        "max": 0.500000178814,
        "mean": 0.469054222107,
        "median": 0.481307446957,
        "min": 0.0948856621981,
        "var": 0.00105292105582
    },
    "dynamic_complexity": 3.96946620941,
    "erbbands_crest": {
        "dmean": 2.09328913689,
        "dmean2": 3.35341286659,
        "dvar": 5.28090667725,
        "dvar2": 12.2457103729,
        "max": 32.328212738,
        "mean": 8.08167266846,
        "median": 6.34980964661,
        "min": 2.00858616829,
        "var": 28.7774887085
    },
    "erbbands_flatness_db": {
        "dmean": 0.01361318212,
        "dmean2": 0.0206658933312,
        "dvar": 0.000206224503927,
        "dvar2": 0.000450470775831,
        "max": 0.483046203852,
        "mean": 0.148048698902,
        "median": 0.107423260808,
        "min": 0.0332421846688,
        "var": 0.00677910633385
    },
    "erbbands_kurtosis": {
        "dmean": 1.00197255611,
        "dmean2": 1.58175134659,
        "dvar": 5.06133556366,
        "dvar2": 11.7369155884,
        "max": 143.142364502,
        "mean": 0.776390016079,
        "median": -0.18741941452,
        "min": -1.76481711864,
        "var": 13.7479553223
    },
    "erbbands_skewness": {
        "dmean": 0.359705090523,
        "dmean2": 0.566479980946,
        "dvar": 0.1413115412,
        "dvar2": 0.326066821814,
        "max": 10.5671300888,
        "mean": 0.211352139711,
        "median": -0.00655519217253,
        "min": -3.32817959785,
        "var": 0.921895802021
    },
    "erbbands_spread": {
        "dmean": 8.69223976135,
        "dmean2": 13.7758150101,
        "dvar": 113.895965576,
        "dvar2": 268.898651123,
        "max": 162.566497803,
        "mean": 41.9793395996,
        "median": 40.068862915,
        "min": 1.41563153267,
        "var": 638.307617188
    },
    "hfc": {
        "dmean": 12.168296814,
        "dmean2": 20.032989502,
        "dvar": 490.209411621,
        "dvar2": 1355.51672363,
        "max": 253.981185913,
        "mean": 34.2092590332,
        "median": 18.8645133972,
        "min": 1.04671679558e-16,
        "var": 1489.76721191
    },
    "melbands_crest": {
        "dmean": 3.96830916405,
        "dmean2": 6.50120544434,
        "dvar": 14.4095363617,
        "dvar2": 37.7478370667,
        "max": 37.3772697449,
        "mean": 15.5505666733,
        "median": 14.8109426498,
        "min": 1.07912433147,
        "var": 42.6884498596
    },
    "melbands_flatness_db": {
        "dmean": 0.0309858135879,
        "dmean2": 0.0478732399642,
        "dvar": 0.00107820995618,
        "dvar2": 0.00261400057934,
        "max": 0.629335820675,
        "mean": 0.189280644059,
        "median": 0.184261873364,
        "min": 1.61848529387e-05,
        "var": 0.00592574942857
    },
    "melbands_kurtosis": {
        "dmean": 10.7831439972,
        "dmean2": 16.9864196777,
        "dvar": 681.3125,
        "dvar2": 1590.91394043,
        "max": 894.07635498,
        "mean": 16.665222168,
        "median": 6.83945417404,
        "min": -1.71980547905,
        "var": 1146.01403809
    },
    "melbands_skewness": {
        "dmean": 0.939915895462,
        "dmean2": 1.46926033497,
        "dvar": 1.51721143723,
        "dvar2": 3.60204958916,
        "max": 20.9479045868,
        "mean": 2.80103707314,
        "median": 2.31567430496,
        "min": -1.90149402618,
        "var": 4.9099521637
    },
    "melbands_spread": {
        "dmean": 10.2854146957,
        "dmean2": 16.8807315826,
        "dvar": 200.304641724,
        "dvar2": 523.229309082,
        "max": 193.895706177,
        "mean": 27.7148914337,
        "median": 21.3919181824,
        "min": 0.273757129908,
        "var": 482.912872314
    },
    "pitch_salience": {
        "dmean": 0.0879985913634,
        "dmean2": 0.142220780253,
        "dvar": 0.00727714970708,
        "dvar2": 0.01806213893,
        "max": 0.990844607353,
        "mean": 0.535026907921,
        "median": 0.554550766945,
        "min": 0.0221111476421,
        "var": 0.0186496675014
    },
    "silence_rate_20dB": {
        "dmean": 0,
        "dmean2": 0,
        "dvar": 0,
        "dvar2": 0,
        "max": 1,
        "mean": 1,
        "median": 1,
        "min": 1,
        "var": 0
    },
    "silence_rate_30dB": {
        "dmean": 0.00160910293926,
        "dmean2": 0.00321839074604,
        "dvar": 0.00160614342894,
        "dvar2": 0.00401256419718,
        "max": 1,
        "mean": 0.998735785484,
        "median": 1,
        "min": 0,
        "var": 0.00126275420189
    },
    "silence_rate_60dB": {
        "dmean": 0.0248261597008,
        "dmean2": 0.0496551729739,
        "dvar": 0.0242049302906,
        "dvar2": 0.0559183694422,
        "max": 1,
        "mean": 0.118836916983,
        "median": 0,
        "min": 0,
        "var": 0.104730121791
    },
    "spectral_centroid": {
        "dmean": 313.319335938,
        "dmean2": 504.633850098,
        "dvar": 148401.8125,
        "dvar2": 363787.78125,
        "max": 11890.3105469,
        "mean": 1707.11279297,
        "median": 1576.06298828,
        "min": 114.558113098,
        "var": 1390051.25
    },
    "spectral_complexity": {
        "dmean": 4.85822677612,
        "dmean2": 7.76540231705,
        "dvar": 36.0308647156,
        "dvar2": 84.3483581543,
        "max": 65,
        "mean": 23.53332901,
        "median": 18,
        "min": 0,
        "var": 250.619781494
    },
    "spectral_decrease": {
        "dmean": 1.59716839754e-09,
        "dmean2": 2.51669018958e-09,
        "dvar": 5.7897597077e-18,
        "dvar2": 1.45297417881e-17,
        "max": 1.47274466548e-28,
        "mean": -6.41943120883e-09,
        "median": -4.63976057574e-09,
        "min": -4.04946725041e-08,
        "var": 3.61083958104e-17
    },
    "spectral_energy": {
        "dmean": 0.00609068525955,
        "dmean2": 0.00968374591321,
        "dvar": 8.12650905573e-05,
        "dvar2": 0.000206882410566,
        "max": 0.153836593032,
        "mean": 0.0273313708603,
        "median": 0.0202513728291,
        "min": 9.94264472381e-21,
        "var": 0.000626794004347
    },
    "spectral_energyband_high": {
        "dmean": 0.00117956614122,
        "dmean2": 0.00196449039504,
        "dvar": 5.30580109626e-06,
        "dvar2": 1.47777382153e-05,
        "max": 0.0263987574726,
        "mean": 0.00281083630398,
        "median": 0.0010598259978,
        "min": 7.0733773221e-21,
        "var": 1.39331914397e-05
    },
    "spectral_energyband_low": {
        "dmean": 0.0062504382804,
        "dmean2": 0.00961707811803,
        "dvar": 0.000115735747386,
        "dvar2": 0.000276208680589,
        "max": 0.153096020222,
        "mean": 0.0134408492595,
        "median": 0.00370639632456,
        "min": 8.17733845441e-24,
        "var": 0.000367181346519
    },
    "spectral_energyband_middle_high": {
        "dmean": 0.00179166474845,
        "dmean2": 0.00289244647138,
        "dvar": 6.37904940959e-06,
        "dvar2": 1.62594915309e-05,
        "max": 0.0408731028438,
        "mean": 0.00444948207587,
        "median": 0.00321396440268,
        "min": 1.17992831126e-21,
        "var": 1.84076561709e-05
    },
    "spectral_energyband_middle_low": {
        "dmean": 0.00403790222481,
        "dmean2": 0.00672178342938,
        "dvar": 5.19959394296e-05,
        "dvar2": 0.000135841590236,
        "max": 0.0713446214795,
        "mean": 0.00757934246212,
        "median": 0.00486521562561,
        "min": 1.4615026567e-22,
        "var": 6.69988658046e-05
    },
    "spectral_entropy": {
        "dmean": 0.149551033974,
        "dmean2": 0.231242537498,
        "dvar": 0.0277140568942,
        "dvar2": 0.06292629987,
        "max": 9.8218536377,
        "mean": 7.69806194305,
        "median": 8.02242660522,
        "min": 3.53614830971,
        "var": 0.553475141525
    },
    "spectral_flux": {
        "dmean": 0.0202288515866,
        "dmean2": 0.0308404546231,
        "dvar": 0.000551012926735,
        "dvar2": 0.00110295438208,
        "max": 0.323916316032,
        "mean": 0.0864996686578,
        "median": 0.080846041441,
        "min": 6.2741423168e-11,
        "var": 0.00385123956949
    },
    "spectral_kurtosis": {
        "dmean": 2.13804793358,
        "dmean2": 3.56437325478,
        "dvar": 12.7650566101,
        "dvar2": 35.8256454468,
        "max": 105.03502655,
        "mean": 6.18087005615,
        "median": 2.85377550125,
        "min": -1.28436994553,
        "var": 46.9261131287
    },
    "spectral_rms": {
        "dmean": 0.000528957287315,
        "dmean2": 0.000834295584355,
        "dvar": 3.86052988688e-07,
        "dvar2": 9.45012800457e-07,
        "max": 0.0122508974746,
        "mean": 0.00452244654298,
        "median": 0.00444493349642,
        "min": 3.11450496469e-12,
        "var": 6.212253993e-06
    },
    "spectral_rolloff": {
        "dmean": 936.529846191,
        "dmean2": 1577.83081055,
        "dvar": 2019772.375,
        "dvar2": 5141938.5,
        "max": 19552.1484375,
        "mean": 2302.85449219,
        "median": 1399.65820312,
        "min": 43.06640625,
        "var": 5992805.5
    },
    "spectral_skewness": {
        "dmean": 0.227883949876,
        "dmean2": 0.372082561255,
        "dvar": 0.079702667892,
        "dvar2": 0.21538181603,
        "max": 7.97149372101,
        "mean": 1.72090315819,
        "median": 1.36669838428,
        "min": -0.115780770779,
        "var": 0.622843980789
    },
    "spectral_spread": {
        "dmean": 504180.90625,
        "dmean2": 792051.875,
        "dvar": 392656945152,
        "dvar2": 885797748736,
        "max": 43506912,
        "mean": 5472565,
        "median": 5775437.5,
        "min": 854395.875,
        "var": 1.49003079516e+13
    },
    "spectral_strongpeak": {
        "dmean": 0.306605964899,
        "dmean2": 0.512317597866,
        "dvar": 0.276077270508,
        "dvar2": 0.719945847988,
        "max": 12.3411369324,
        "mean": 0.641871631145,
        "median": 0.451618671417,
        "min": 0,
        "var": 0.428736418486
    },
    "zerocrossingrate": {
        "dmean": 0.0133928693831,
        "dmean2": 0.0169333126396,
        "dvar": 0.00024018631666,
        "dvar2": 0.000376537529519,
        "max": 0.68798828125,
        "mean": 0.0856238603592,
        "median": 0.07421875,
        "min": 0.0029296875,
        "var": 0.00345829292201
    },
    "barkbands": {
        "dmean": [0.000357122480636, 0.00544820306823, 0.00274897669442, 0.0020071961917, 0.00174358591903, 0.000728646642528, 0.000618037185632, 0.000454975903267, 0.000548844574951, 0.000298504775856, 0.000319631042657, 0.000358834455255, 0.000342261424521, 0.000218870991375, 0.000225371695706, 0.000267802854069, 0.000230528065003, 0.000260838860413, 0.000246450013947, 0.000221409281949, 0.000289028714178, 0.000216030384763, 0.00021516844572, 0.000243489455897, 0.000182041927474, 0.000127319828607, 4.42753225798e-05],
        "dmean2": [0.000519094930496, 0.00819440558553, 0.00436275964603, 0.00364227988757, 0.00302200228907, 0.00126203824766, 0.00102388451342, 0.000751567073166, 0.000877448997926, 0.000492418301292, 0.000518054759596, 0.000586759881116, 0.000551031844225, 0.000362407736247, 0.00037841842277, 0.000453827437013, 0.000385249120882, 0.000443423166871, 0.000418793904828, 0.000369682966266, 0.000502359122038, 0.000358550925739, 0.000361491373042, 0.000413501315052, 0.000301963678794, 0.000207843855605, 7.29354578652e-05],
        "dvar": [7.10892607003e-07, 0.000104977647425, 4.16498005507e-05, 2.99951188936e-05, 1.1856905985e-05, 1.52944153342e-06, 8.73298290571e-07, 7.24520987205e-07, 9.97453753371e-07, 3.27003220946e-07, 3.3800415622e-07, 5.37788139354e-07, 4.53832996072e-07, 1.30968615508e-07, 1.63246554052e-07, 2.11339994394e-07, 1.97985968953e-07, 3.14841742011e-07, 2.2857420845e-07, 1.9349346303e-07, 3.30128443693e-07, 1.73552848537e-07, 1.72033296053e-07, 2.33322765553e-07, 1.14700036136e-07, 6.52045315519e-08, 1.01033350575e-08],
        "dvar2": [1.46370246057e-06, 0.00022453602287, 9.95848458842e-05, 8.52246375871e-05, 3.29034701281e-05, 4.4167145461e-06, 2.36884034166e-06, 1.89178035725e-06, 2.40980261879e-06, 8.13498900243e-07, 8.23170807962e-07, 1.38254756621e-06, 1.05976505438e-06, 3.32963935534e-07, 4.31044469451e-07, 5.73188629005e-07, 5.20322089415e-07, 8.61843147959e-07, 6.15037208718e-07, 5.16198781497e-07, 9.45247563777e-07, 4.80243045331e-07, 4.766322661e-07, 6.46228386358e-07, 3.1287714819e-07, 1.70924863596e-07, 2.71868305646e-08],
        "max": [0.0141010275111, 0.150299996138, 0.0676736980677, 0.0469906702638, 0.0581602454185, 0.0167020987719, 0.0225095935166, 0.0198675654829, 0.0223581902683, 0.0135326376185, 0.0126298125833, 0.029040357098, 0.0115423006937, 0.00932759419084, 0.0166867878288, 0.00681075872853, 0.00870398804545, 0.0219229068607, 0.0127333477139, 0.011289707385, 0.00567963765934, 0.00721424911171, 0.00529027916491, 0.00522137386724, 0.00419861264527, 0.00338747631758, 0.00198117177933],
        "mean": [0.000712399662007, 0.00895054917783, 0.0028900639154, 0.00168761762325, 0.00218268088065, 0.000961597426794, 0.0010787731735, 0.000661939673591, 0.000899696955457, 0.000447012367658, 0.000524784438312, 0.000544959446415, 0.000511211750563, 0.00033995724516, 0.000349388603354, 0.000398256670451, 0.000360953301424, 0.000411531014834, 0.000402714271331, 0.000415506889112, 0.000495532702189, 0.000430164829595, 0.000436456582975, 0.000481968716485, 0.000404342717957, 0.00027204543585, 7.91497077444e-05],
        "median": [2.75171150861e-05, 0.00123032787815, 0.000316388439387, 0.000299051811453, 0.000690730172209, 0.000558227940928, 0.000668190594297, 0.000272729666904, 0.000466827361379, 0.000221958951443, 0.000254468643107, 0.000280968146399, 0.000254383776337, 0.000196143664652, 0.000161275936989, 0.000208113575354, 0.000113175330625, 0.000157894013682, 0.000142675387906, 0.000169756734977, 0.000193085463252, 0.00018058544083, 0.000145256752148, 0.00013057643082, 0.00010355503764, 7.15339847375e-05, 1.62940959854e-05],
        "min": [3.70237764977e-25, 1.95507342445e-24, 1.10457418215e-24, 6.48806096374e-25, 7.59788698737e-24, 7.194760921e-24, 5.05342481504e-24, 7.4098943339e-24, 9.36426015013e-24, 1.70835544085e-23, 1.14229528211e-23, 2.55101381991e-23, 3.03536510716e-23, 2.13460191595e-23, 4.04153573475e-23, 6.20321656345e-23, 6.48462912298e-23, 9.16006350481e-23, 1.46042513581e-22, 1.6635546732e-22, 2.35680386966e-22, 3.32097137748e-22, 3.37234452398e-22, 5.3125417357e-22, 8.62475334925e-22, 1.32295189834e-21, 2.00436606076e-21],
        "var": [2.76827245216e-06, 0.00024506272166, 4.51839441666e-05, 2.09469144465e-05, 1.31783854158e-05, 1.59228034136e-06, 1.59793967214e-06, 1.26792758692e-06, 1.83446911706e-06, 5.71390273763e-07, 7.54153916205e-07, 7.40772122754e-07, 7.19571687569e-07, 2.33163390817e-07, 2.78360914763e-07, 2.92730021556e-07, 3.43621280763e-07, 5.21781259977e-07, 3.74898064592e-07, 4.20517523025e-07, 5.07662718974e-07, 3.62317166491e-07, 3.87640653798e-07, 5.06248682086e-07, 3.42977671153e-07, 1.64606419162e-07, 1.93117877245e-08]
    },
    "erbbands": {
        "dmean": [0.180519118905, 1.17332315445, 2.78415417671, 5.08531713486, 6.40489292145, 5.74315738678, 6.17350721359, 6.0426735878, 7.74538183212, 9.21153736115, 10.120267868, 11.098947525, 10.8674297333, 11.2236471176, 12.273683548, 12.0271635056, 14.666270256, 11.3232336044, 10.5567998886, 12.6722822189, 14.4573144913, 12.8146104813, 12.7937660217, 15.1692123413, 10.7788438797, 10.7609777451, 12.3400373459, 9.84862041473, 8.05298042297, 7.07734203339, 6.1181397438, 5.59428691864, 3.78903746605, 2.32176494598, 1.26809680462, 0.541155457497, 0.249458432198, 0.0708206444979, 0.00742829963565, 0.000108696185634],
        "dmean2": [0.271963238716, 1.70520436764, 4.16888666153, 8.80347442627, 11.2071781158, 9.91616630554, 10.6117744446, 10.5537128448, 12.7794847488, 15.4336204529, 16.6313838959, 17.9320487976, 17.5111656189, 18.2859382629, 19.8130207062, 19.7357444763, 23.3839244843, 18.6396026611, 17.5242767334, 21.4171676636, 24.4399414062, 21.4049396515, 21.3130340576, 26.4698963165, 17.9099979401, 18.1547050476, 21.4730052948, 16.8841724396, 13.5042676926, 11.8658857346, 10.2500429153, 9.60640048981, 6.41018342972, 3.87689471245, 2.10543251038, 0.87675511837, 0.413164138794, 0.115591771901, 0.0122686997056, 0.000178247719305],
        "dvar": [0.137136146426, 5.29549407959, 38.4625091553, 173.714401245, 206.806762695, 129.210662842, 143.328201294, 112.794876099, 145.349243164, 273.757110596, 349.918060303, 474.152832031, 346.189880371, 460.240997314, 503.694854736, 801.156982422, 848.516601562, 339.527923584, 302.429748535, 471.894073486, 648.678344727, 595.916381836, 762.690246582, 1066.09558105, 391.647094727, 471.717071533, 647.020751953, 341.675872803, 247.892242432, 190.934341431, 135.796051025, 132.463882446, 55.7416915894, 19.3322372437, 5.57589244843, 1.0448101759, 0.265053123236, 0.0243456233293, 0.000267498660833, 5.49369723046e-08],
        "dvar2": [0.348979949951, 10.0768718719, 84.9102325439, 470.812744141, 585.635803223, 352.354248047, 399.742584229, 324.152313232, 391.843475342, 747.504699707, 884.414794922, 1184.77697754, 854.046569824, 1149.14855957, 1274.95751953, 2076.59594727, 1966.53637695, 855.489135742, 798.128417969, 1277.1151123, 1738.78051758, 1566.27661133, 2039.21582031, 3025.10742188, 1026.63806152, 1269.3404541, 1840.12182617, 955.521118164, 688.384033203, 528.947387695, 371.858917236, 371.765167236, 152.295059204, 53.0156860352, 15.1503429413, 2.66975641251, 0.706596374512, 0.0653023645282, 0.000721261778381, 1.47843394416e-07],
        "max": [5.37856245041, 32.1521530151, 74.7466506958, 112.697372437, 169.525222778, 167.592071533, 173.916061401, 174.957351685, 360.358398438, 447.658721924, 411.784942627, 655.046508789, 450.593078613, 662.583251953, 566.188842773, 1411.4296875, 496.700744629, 380.57220459, 401.987945557, 797.040527344, 419.286560059, 477.432250977, 1282.27294922, 651.860290527, 610.223266602, 544.463256836, 340.208953857, 225.188919067, 254.765197754, 297.937316895, 174.084381104, 139.927047729, 97.3709869385, 71.982635498, 31.3893585205, 16.9581642151, 7.44996595383, 2.97538661957, 0.275697529316, 0.00367805012502],
        "mean": [0.279689282179, 1.89275181293, 3.51499032974, 4.90555095673, 6.77359390259, 6.83180713654, 7.5282959938, 8.24104881287, 14.2299728394, 14.1182479858, 15.5625247955, 17.9990310669, 18.5243396759, 18.9126605988, 21.0844039917, 19.1511192322, 22.8607711792, 18.8731956482, 17.3713321686, 20.1675167084, 22.5635719299, 20.9959392548, 21.8762950897, 22.6510314941, 19.5485477448, 19.585565567, 20.5639057159, 18.135799408, 15.6859788895, 13.7238035202, 12.4067802429, 10.3625602722, 7.65982532501, 4.93992996216, 2.67869639397, 1.19216501713, 0.496318280697, 0.139127954841, 0.013026417233, 0.000235444138525],
        "median": [0.0340092666447, 0.237003356218, 0.522346615791, 1.00944280624, 1.5232436657, 2.18955564499, 3.61545300484, 5.0151348114, 8.74979686737, 7.50584888458, 7.12727642059, 9.92733001709, 9.90954971313, 10.1563606262, 11.8606348038, 10.3005714417, 11.811252594, 11.917596817, 9.49922943115, 10.6191711426, 10.8837118149, 7.0700378418, 8.71933174133, 8.40085411072, 7.62747716904, 7.75624704361, 8.17744731903, 6.84331607819, 6.54801177979, 5.35776090622, 3.78467988968, 2.89364361763, 1.98109173775, 1.23947739601, 0.675893902779, 0.317513287067, 0.123598188162, 0.0351824313402, 0.00254338979721, 7.63679781812e-05],
        "min": [8.98510677781e-23, 5.1839399901e-22, 1.24088067778e-21, 3.41669496565e-21, 6.28999931571e-21, 2.51941152319e-20, 4.27341634661e-20, 8.48168188022e-20, 1.22121326722e-19, 9.47201805248e-20, 2.63959072031e-19, 2.54080907005e-19, 4.2997977859e-19, 6.03662245573e-19, 1.12742959732e-18, 1.15564917411e-18, 1.278795998e-18, 1.47431088912e-18, 2.06963091482e-18, 2.88462364143e-18, 4.06933239425e-18, 4.32258242418e-18, 5.4331034158e-18, 5.44341670368e-18, 6.14967633198e-18, 7.18269629047e-18, 8.74307821746e-18, 9.69022814298e-18, 1.1083376484e-17, 7.67062862712e-18, 1.07143844476e-17, 9.84433189109e-18, 8.94889895184e-18, 8.19149102395e-18, 6.26629969936e-18, 4.18622087302e-18, 2.51189977973e-18, 9.15331492674e-19, 2.50941446388e-19, 2.75177592767e-20],
        "var": [0.24530518055, 13.5044116974, 54.8560676575, 142.645294189, 184.579544067, 146.848922729, 150.534713745, 115.442314148, 292.984649658, 413.787139893, 600.335144043, 750.760864258, 676.50958252, 994.168151855, 898.154418945, 1016.76300049, 1372.02929688, 642.302734375, 536.862182617, 730.178894043, 979.42388916, 1092.04956055, 1461.49926758, 1319.26123047, 838.580932617, 943.21282959, 938.906555176, 633.053894043, 488.531494141, 387.544067383, 320.597259521, 242.888092041, 130.264083862, 53.9782752991, 15.1293563843, 3.04069066048, 0.586493849754, 0.0516759380698, 0.000523830705788, 1.27729762767e-07]
    },
    "gfcc": {
        "mean": [-13.9692840576, 64.218132019, -109.774482727, 14.1112470627, -57.7358932495, 9.9458694458, -35.1121826172, 5.12923049927, -23.3195343018, 5.90934658051, -20.3170890808, 4.65738201141, -12.3420543671],
        "cov": [[25662.6386719, -3830.57861328, 1712.78369141, 2617.00366211, 433.593170166, 1700.42590332, 364.442962646, 1452.31799316, 34.4487533569, 371.627197266, -5.97042655945, 144.601989746, -350.674255371], [-3830.57861328, 2926.24902344, -1154.36328125, -1086.97546387, -279.844146729, -640.346618652, -182.140441895, -634.718811035, -57.7865486145, -58.80884552, 8.21256160736, -111.126296997, 53.0702018738], [1712.78369141, -1154.36328125, 1421.49987793, 838.123962402, 383.698028564, 384.059875488, 197.300369263, 360.86932373, -34.7318077087, 69.4492797852, 103.851226807, 49.7744178772, -50.7513237], [2617.00366211, -1086.97546387, 838.123962402, 976.498596191, 290.031219482, 416.913787842, 162.532287598, 365.490539551, 37.8437385559, 63.2039909363, 74.7205810547, 46.7482681274, -24.6947689056], [433.593170166, -279.844146729, 383.698028564, 290.031219482, 349.420013428, 207.683563232, 137.734466553, 128.721282959, 27.6117305756, 36.7268753052, 59.141002655, 34.9949607849, -12.8812799454], [1700.42590332, -640.346618652, 384.059875488, 416.913787842, 207.683563232, 432.354522705, 155.495697021, 235.369400024, 69.5006942749, 56.857509613, 36.0955848694, 35.3768844604, -4.36080169678], [364.442962646, -182.140441895, 197.300369263, 162.532287598, 137.734466553, 155.495697021, 224.634536743, 128.233001709, 64.7475738525, 47.9450721741, 39.7242546082, 29.4133548737, -1.68365454674], [1452.31799316, -634.718811035, 360.86932373, 365.490539551, 128.721282959, 235.369400024, 128.233001709, 309.678222656, 76.898147583, 51.8606681824, 42.1401901245, 23.4059791565, -4.51652479172], [34.4487533569, -57.7865486145, -34.7318077087, 37.8437385559, 27.6117305756, 69.5006942749, 64.7475738525, 76.898147583, 160.25239563, 46.1582221985, 3.45867204666, -1.21230280399, 14.6114139557], [371.627197266, -58.80884552, 69.4492797852, 63.2039909363, 36.7268753052, 56.857509613, 47.9450721741, 51.8606681824, 46.1582221985, 106.973266602, 44.8464355469, 26.1792984009, 3.69368910789], [-5.97042655945, 8.21256160736, 103.851226807, 74.7205810547, 59.141002655, 36.0955848694, 39.7242546082, 42.1401901245, 3.45867204666, 44.8464355469, 136.303161621, 17.9382724762, 21.6860427856], [144.601989746, -111.126296997, 49.7744178772, 46.7482681274, 34.9949607849, 35.3768844604, 29.4133548737, 23.4059791565, -1.21230280399, 26.1792984009, 17.9382724762, 101.85194397, 22.36652565], [-350.674255371, 53.0702018738, -50.7513237, -24.6947689056, -12.8812799454, -4.36080169678, -1.68365454674, -4.51652479172, 14.6114139557, 3.69368910789, 21.6860427856, 22.36652565, 83.5198364258]],
        "icov": [[8.15992534626e-05, -1.82913736353e-05, 8.80612788023e-05, -0.000156594149303, 0.000116558483569, -0.000221188587602, 0.000105479120975, -0.000289702642476, 0.000242047608481, -0.000239213055465, 0.00012172775314, -5.84789777349e-05, 0.000306618865579], [-1.82913736353e-05, 0.000914362317417, 0.000280664185993, 0.000320345105138, -0.00038040993968, 0.000572238466702, -0.000499308051076, 0.0012870891951, -0.000167588412296, -0.000206646494917, -0.000655715586618, 0.000764965661801, -0.000357936223736], [8.80612788023e-05, 0.000280664185993, 0.00200640480034, -0.00112688099034, -0.000870033924002, 0.00013111779117, -0.000292609620374, -0.000692536123097, 0.00148867454845, -0.000743003562093, -0.000220773727051, 0.000319581537042, 0.000650890171528], [-0.000156594149303, 0.000320345105138, -0.00112688099034, 0.00341714941896, -0.000600618310273, -0.000649176945444, 0.000302643224131, -0.000630831520539, -0.000449278799351, 0.000600340601522, -0.000621034065261, 0.000104057813587, -0.000504539988469], [0.000116558483569, -0.00038040993968, -0.000870033924002, -0.000600618310273, 0.00572443008423, -0.00190707016736, -0.00135907507502, 0.00020606268663, -0.000180715258466, 0.000528770848177, -0.000859060382936, -0.00111608020961, 0.00132206850685], [-0.000221188587602, 0.000572238466702, 0.00013111779117, -0.000649176945444, -0.00190707016736, 0.00633566034958, -0.00163708406035, -0.000330923561705, -0.000990248867311, -0.000153791203047, 0.000178115413291, 0.000482653296785, -0.0014142699074], [0.000105479120975, -0.000499308051076, -0.000292609620374, 0.000302643224131, -0.00135907507502, -0.00163708406035, 0.00806290097535, -0.00244747637771, -0.00137632410042, -0.00072752777487, -0.000189725629753, -0.00146298878826, 0.00112092739437], [-0.000289702642476, 0.0012870891951, -0.000692536123097, -0.000630831520539, 0.00020606268663, -0.000330923561705, -0.00244747637771, 0.0109162908047, -0.00361867551692, 0.000586538517382, -0.00192445877474, 0.0011114042718, -0.00127688632347], [0.000242047608481, -0.000167588412296, 0.00148867454845, -0.000449278799351, -0.000180715258466, -0.000990248867311, -0.00137632410042, -0.00361867551692, 0.0107017187402, -0.00459786690772, 0.0021805241704, 0.00175709789619, -0.0011140742572], [-0.000239213055465, -0.000206646494917, -0.000743003562093, 0.000600340601522, 0.000528770848177, -0.000153791203047, -0.00072752777487, 0.000586538517382, -0.00459786690772, 0.0146943153813, -0.00439512450248, -0.0031463841442, 0.00108182942495], [0.00012172775314, -0.000655715586618, -0.000220773727051, -0.000621034065261, -0.000859060382936, 0.000178115413291, -0.000189725629753, -0.00192445877474, 0.0021805241704, -0.00439512450248, 0.0106590250507, 8.39811327751e-05, -0.00259833154269], [-5.84789777349e-05, 0.000764965661801, 0.000319581537042, 0.000104057813587, -0.00111608020961, 0.000482653296785, -0.00146298878826, 0.0011114042718, 0.00175709789619, -0.0031463841442, 8.39811327751e-05, 0.012652233243, -0.00420127715915], [0.000306618865579, -0.000357936223736, 0.000650890171528, -0.000504539988469, 0.00132206850685, -0.0014142699074, 0.00112092739437, -0.00127688632347, -0.0011140742572, 0.00108182942495, -0.00259833154269, -0.00420127715915, 0.0157648008317]]
    },
    "melbands": {
        "dmean": [0.00154889584519, 0.00129607203417, 0.000869956391398, 0.000424478697823, 0.000217194916331, 0.000134354704642, 0.000118676769489, 9.95194932329e-05, 8.30115895951e-05, 7.51660190872e-05, 5.54214202566e-05, 4.55077206425e-05, 4.14221976826e-05, 4.2879510147e-05, 2.82222736132e-05, 3.85294988519e-05, 1.98041961994e-05, 1.79646322067e-05, 1.88138510566e-05, 1.76576122612e-05, 1.75587974809e-05, 1.41630525832e-05, 1.30283851831e-05, 1.21043312902e-05, 1.3453014617e-05, 8.44726491778e-06, 8.4222674559e-06, 7.14831458026e-06, 8.600691217e-06, 6.86106795911e-06, 5.83175051361e-06, 4.92347317049e-06, 4.36886102761e-06, 4.15904787587e-06, 3.69358986063e-06, 3.93260597775e-06, 3.40558290191e-06, 2.97958717965e-06, 2.32418142332e-06, 1.97248346012e-06],
        "dmean2": [0.0022857922595, 0.00189272803254, 0.00147215113975, 0.000740033283364, 0.00037023567711, 0.000233002094319, 0.000196306616999, 0.000165120465681, 0.000136765956995, 0.000120601049275, 8.92748794286e-05, 7.40557079553e-05, 6.68339052936e-05, 6.95304333931e-05, 4.70150844194e-05, 6.13579613855e-05, 3.31182018272e-05, 2.98351878882e-05, 3.15554862027e-05, 3.01294840028e-05, 2.97713377222e-05, 2.3873646569e-05, 2.17980596062e-05, 2.05691194424e-05, 2.36675459746e-05, 1.40591309901e-05, 1.41702448673e-05, 1.20985805552e-05, 1.49922898345e-05, 1.18169909911e-05, 9.97184633889e-06, 8.29555756354e-06, 7.32091666578e-06, 7.02825082044e-06, 6.18015383225e-06, 6.79021422911e-06, 5.80995219934e-06, 5.06927062816e-06, 3.8774173845e-06, 3.32742547471e-06],
        "dvar": [8.62089746079e-06, 6.64425851937e-06, 4.33814329881e-06, 7.57245061322e-07, 1.77204427132e-07, 5.27894030711e-08, 3.23012443459e-08, 3.08245056146e-08, 2.4593827419e-08, 2.07327133239e-08, 9.13878128728e-09, 7.72989139364e-09, 5.54333512426e-09, 7.2237082982e-09, 4.82513362599e-09, 6.85331169592e-09, 1.14779552529e-09, 9.48339407003e-10, 1.3014090916e-09, 9.62313895236e-10, 1.00962405103e-09, 7.53123396979e-10, 9.86447923346e-10, 6.25895557604e-10, 8.88847329072e-10, 2.52981052773e-10, 2.83567058723e-10, 2.08824416092e-10, 3.30440841356e-10, 1.52528045749e-10, 1.23468943403e-10, 9.64358523592e-11, 6.86619441859e-11, 7.15958958786e-11, 5.00756658361e-11, 7.28685722873e-11, 4.47286339911e-11, 3.35014377351e-11, 2.12049024173e-11, 1.34939767693e-11],
        "dvar2": [1.97625759029e-05, 1.3354395378e-05, 1.14187632789e-05, 2.13626140066e-06, 4.76923332826e-07, 1.5184028257e-07, 8.74954295682e-08, 8.34754843027e-08, 6.17817264015e-08, 5.10892306238e-08, 2.24702816354e-08, 1.9425906217e-08, 1.36036888421e-08, 1.85317539092e-08, 1.25739774148e-08, 1.56419392994e-08, 2.93830049181e-09, 2.4807325083e-09, 3.44537531838e-09, 2.63959520908e-09, 2.70990940798e-09, 2.01014516144e-09, 2.68872657472e-09, 1.71134784122e-09, 2.53954368645e-09, 6.43373354592e-10, 7.77780728711e-10, 5.58811608098e-10, 9.33342958476e-10, 4.31066987661e-10, 3.42436246026e-10, 2.68850636198e-10, 1.88791204891e-10, 2.0003614043e-10, 1.36507652404e-10, 2.05383529628e-10, 1.24691937331e-10, 9.18277259787e-11, 5.77416309211e-11, 3.72913644409e-11],
        "max": [0.0439658351243, 0.0302533041686, 0.0172159504145, 0.0152308195829, 0.00607726303861, 0.00362439942546, 0.00519950175658, 0.00408425647765, 0.00294312881306, 0.00425177067518, 0.00230983411893, 0.00273541593924, 0.00172304385342, 0.00308684119955, 0.00216034124605, 0.00156119745225, 0.000751663057599, 0.000850205600727, 0.00170192134101, 0.000528861593921, 0.000625868851785, 0.000538224354386, 0.0015338655794, 0.000533305748831, 0.000629245187156, 0.000656438351143, 0.000482587114675, 0.000354828953277, 0.000273988029221, 0.000140870703035, 0.000146546488395, 0.000163589109434, 0.000135003050673, 0.000193674233742, 0.000125925667817, 9.7089119663e-05, 9.89398249658e-05, 7.57453017286e-05, 5.71443524677e-05, 6.46986081847e-05],
        "mean": [0.00253576994874, 0.00213712174445, 0.000915560987778, 0.000499022426084, 0.000271707016509, 0.000192471867194, 0.000214640007471, 0.000154408495291, 0.000122810117318, 0.000121962060803, 9.18236037251e-05, 7.44945355109e-05, 7.1284302976e-05, 6.51195077808e-05, 3.94688177039e-05, 5.79279112571e-05, 3.0936429539e-05, 2.72462857538e-05, 2.86383492494e-05, 2.58351883531e-05, 2.59697062575e-05, 2.14643150684e-05, 2.03568833967e-05, 1.90759656107e-05, 1.8495189579e-05, 1.42427197716e-05, 1.43097222463e-05, 1.23872368931e-05, 1.28903811856e-05, 1.21058119475e-05, 9.92305376712e-06, 9.07408229978e-06, 7.83855102782e-06, 7.52094729251e-06, 7.21287096894e-06, 6.64494336888e-06, 6.23802725386e-06, 5.59226964469e-06, 4.63696824227e-06, 3.98029669668e-06],
        "median": [0.000351252965629, 0.000339128135238, 0.000203515694011, 0.000141986529343, 0.000126182043459, 0.00012381086708, 0.000137289142003, 7.84715521149e-05, 5.52657329536e-05, 6.41190417809e-05, 4.75265005662e-05, 3.90146233258e-05, 3.88629559893e-05, 3.31734590873e-05, 1.48061171785e-05, 2.82207547571e-05, 1.79545368155e-05, 1.44300420288e-05, 1.30784974317e-05, 1.33466319312e-05, 1.18998896141e-05, 6.62519323669e-06, 6.82470545144e-06, 7.29130715627e-06, 6.31525290373e-06, 5.10131940246e-06, 5.23795188201e-06, 4.67345125799e-06, 4.9449126891e-06, 4.25975395046e-06, 3.63635444955e-06, 3.78642971555e-06, 2.94074197882e-06, 2.73343266599e-06, 2.14280453292e-06, 1.88229751075e-06, 1.65276185271e-06, 1.4230972738e-06, 1.13994963158e-06, 9.93431285679e-07],
        "min": [6.4259504934e-25, 8.10065732872e-25, 6.06495886849e-25, 1.11665913679e-24, 1.35614981343e-24, 1.69892516093e-24, 1.79516224707e-24, 9.24232690608e-25, 2.34588379437e-24, 1.47440676845e-24, 1.84966267486e-24, 1.95530653285e-24, 2.80944686127e-24, 3.18376846055e-24, 2.05755572516e-24, 3.1338148298e-24, 2.40867889736e-24, 3.28664558613e-24, 3.32681813052e-24, 3.9036213915e-24, 3.60780565179e-24, 2.79306892559e-24, 3.6712860777e-24, 3.5201655718e-24, 3.33131266552e-24, 4.091083536e-24, 4.5569611208e-24, 5.0503454965e-24, 5.03558354238e-24, 4.3588781475e-24, 4.86527675598e-24, 4.90076563596e-24, 4.85346593051e-24, 3.90549217514e-24, 5.02466767961e-24, 5.43095668377e-24, 5.46786117464e-24, 5.5235709262e-24, 6.53688603035e-24, 6.62171894881e-24],
        "var": [1.87561399798e-05, 1.52086086018e-05, 4.0579357119e-06, 7.57858572342e-07, 2.09346637803e-07, 5.596170638e-08, 6.05185235258e-08, 5.09080422262e-08, 3.91638934616e-08, 3.58958374136e-08, 1.76885688319e-08, 1.60149831174e-08, 1.19577956426e-08, 1.04686321833e-08, 6.37408703597e-09, 1.11346194487e-08, 2.10092720998e-09, 1.52978374413e-09, 2.10865724881e-09, 1.23285393006e-09, 1.44582490424e-09, 1.21616472448e-09, 1.60558910611e-09, 1.06020736634e-09, 9.74839875489e-10, 4.92029417209e-10, 5.43736444758e-10, 3.96607829911e-10, 4.18187762197e-10, 3.03626845888e-10, 2.04096517464e-10, 1.72145978028e-10, 1.31079549992e-10, 1.26001986622e-10, 1.1341590167e-10, 1.0832748587e-10, 9.08318212312e-11, 7.26648186067e-11, 5.02960832705e-11, 3.60462042159e-11]
    },
    "mfcc": {
        "mean": [-658.890625, 108.911315918, -1.29408633709, 10.3771076202, -3.7024679184, 3.70167803764, -3.41822838783, -0.558495402336, 2.17579078674, -3.6476187706, 0.0273460075259, -1.99314081669, -1.58016335964],
        "cov": [[15454.1503906, -3874.20678711, 2016.60083008, 1258.81481934, 1362.99572754, 766.998474121, 1138.75415039, 1101.72424316, 490.948608398, 1092.50183105, 257.997497559, 664.475402832, 270.954742432], [-3874.20678711, 3169.71020508, -1098.9029541, -582.742492676, -651.018493652, -257.360839844, -453.393341064, -553.933959961, -223.549453735, -448.090698242, -58.8774147034, -180.154022217, -149.202072144], [2016.60083008, -1098.9029541, 967.805541992, 456.896026611, 405.304626465, 171.148468018, 337.050018311, 243.628646851, 59.4036178589, 246.30015564, -2.97687149048, 147.460693359, 43.1656608582], [1258.81481934, -582.742492676, 456.896026611, 447.58114624, 260.208740234, 111.000968933, 208.1118927, 159.071624756, 29.9057941437, 152.677108765, 1.37115240097, 100.54094696, 33.4643249512], [1362.99572754, -651.018493652, 405.304626465, 260.208740234, 395.800201416, 166.056762695, 218.759277344, 178.671676636, 66.1913070679, 154.791976929, 19.1691093445, 100.801094055, 53.7071342468], [766.998474121, -257.360839844, 171.148468018, 111.000968933, 166.056762695, 223.042938232, 140.575881958, 119.967247009, 70.9912719727, 73.4428787231, 47.8697128296, 59.8975715637, 43.523147583], [1138.75415039, -453.393341064, 337.050018311, 208.1118927, 218.759277344, 140.575881958, 305.872680664, 163.53894043, 37.0941619873, 152.015640259, 1.31574833393, 126.652160645, 37.4054107666], [1101.72424316, -553.933959961, 243.628646851, 159.071624756, 178.671676636, 119.967247009, 163.53894043, 250.245651245, 105.996742249, 138.91305542, 41.7119674683, 67.8350524902, 57.1564216614], [490.948608398, -223.549453735, 59.4036178589, 29.9057941437, 66.1913070679, 70.9912719727, 37.0941619873, 105.996742249, 167.890823364, 81.6738357544, 64.5093917847, 14.8521652222, 39.2912864685], [1092.50183105, -448.090698242, 246.30015564, 152.677108765, 154.791976929, 73.4428787231, 152.015640259, 138.91305542, 81.6738357544, 211.86920166, 52.6751937866, 92.8405761719, 42.3573455811], [257.997497559, -58.8774147034, -2.97687149048, 1.37115240097, 19.1691093445, 47.8697128296, 1.31574833393, 41.7119674683, 64.5093917847, 52.6751937866, 123.805702209, 31.2397708893, 22.6339569092], [664.475402832, -180.154022217, 147.460693359, 100.54094696, 100.801094055, 59.8975715637, 126.652160645, 67.8350524902, 14.8521652222, 92.8405761719, 31.2397708893, 135.471878052, 37.3883514404], [270.954742432, -149.202072144, 43.1656608582, 33.4643249512, 53.7071342468, 43.523147583, 37.4054107666, 57.1564216614, 39.2912864685, 42.3573455811, 22.6339569092, 37.3883514404, 93.4881820679]],
