{
"lowlevel": {
    "average_loudness": 0.934264361858,
    "barkbands_crest": {
        "dmean": 2.66928482056,
        "dmean2": 4.398188591,
        "dvar": 6.56363391876,
        "dvar2": 15.8572711945,
        "max": 26.2236289978,
        "mean": 8.04105377197,
        "median": 7.07407331467,
        "min": 1.88962161541,
        "var": 15.7125434875
    },
    "barkbands_flatness_db": {
        "dmean": 0.0157153904438,
        "dmean2": 0.0251073222607,
        "dvar": 0.000308302580379,
        "dvar2": 0.000670567445923,
        "max": 0.525745213032,
        "mean": 0.0727856084704,
        "median": 0.0639593377709,
        "min": 0.011240189895,
        "var": 0.00154312013183
    },
    "barkbands_kurtosis": {
        "dmean": 1.11226582527,
        "dmean2": 1.8779194355,
        "dvar": 118.654121399,
        "dvar2": 251.391281128,
        "max": 709.05871582,
        "mean": -0.0611167959869,
        "median": -0.893227815628,
        "min": -1.81351733208,
        "var": 121.28427124
    },
    "barkbands_skewness": {
        "dmean": 0.40967091918,
        "dmean2": 0.660359084606,
        "dvar": 0.309734016657,
        "dvar2": 0.699609518051,
        "max": 22.9670410156,
        "mean": 0.49253192544,
        "median": 0.442390829325,
        "min": -2.22601222992,
        "var": 0.750653684139
    },
    "barkbands_spread": {
        "dmean": 6.96632766724,
        "dmean2": 11.2479496002,
        "dvar": 48.5309371948,
        "dvar2": 121.045967102,
        "max": 133.203781128,
        "mean": 44.9379043579,
        "median": 45.8475875854,
        "min": 0.279270023108,
        "var": 278.936187744
    },
    "dissonance": {
        "dmean": 0.0102459192276,
        "dmean2": 0.017712328583,
        "dvar": 0.000125067090266,
        "dvar2": 0.000362042774213,
        "max": 0.500000059605,
        "mean": 0.484799623489,
        "median": 0.48868778348,
        "min": 0.339289218187,
        "var": 0.000204014242627
    },
    "dynamic_complexity": 1.7883285284,
    "erbbands_crest": {
        "dmean": 2.07578325272,
        "dmean2": 3.46882629395,
        "dvar": 5.01410961151,
        "dvar2": 12.4467344284,
        "max": 28.4065265656,
        "mean": 6.82639837265,
        "median": 5.69244194031,
        "min": 2.09756064415,
        "var": 13.6727428436
    },
    "erbbands_flatness_db": {
        "dmean": 0.0132591947913,
        "dmean2": 0.0208625718951,
        "dvar": 0.000187318248209,
        "dvar2": 0.000407492480008,
        "max": 0.401375979185,
        "mean": 0.123111248016,
        "median": 0.109632536769,
        "min": 0.0452445112169,
        "var": 0.00163133419119
    },
    "erbbands_kurtosis": {
        "dmean": 0.614871263504,
        "dmean2": 0.998797535896,
        "dvar": 0.75064355135,
        "dvar2": 1.78107297421,
        "max": 29.1846122742,
        "mean": 0.0152899874374,
        "median": -0.241783857346,
        "min": -1.77797698975,
        "var": 1.6167100668
    },
    "erbbands_skewness": {
        "dmean": 0.281726777554,
        "dmean2": 0.454537630081,
        "dvar": 0.0750519856811,
        "dvar2": 0.185035929084,
        "max": 3.75443053246,
        "mean": -0.264977693558,
        "median": -0.278607726097,
        "min": -3.25416111946,
        "var": 0.216043263674
    },
    "erbbands_spread": {
        "dmean": 7.29039478302,
        "dmean2": 11.3740634918,
        "dvar": 69.9248504639,
        "dvar2": 157.484359741,
        "max": 150.178359985,
        "mean": 39.4877815247,
        "median": 38.5549583435,
        "min": 2.93583488464,
        "var": 173.290054321
    },
    "hfc": {
        "dmean": 12.4450960159,
        "dmean2": 20.381444931,
        "dvar": 217.050201416,
        "dvar2": 579.585693359,
        "max": 186.563430786,
        "mean": 46.1326446533,
        "median": 40.8056907654,
        "min": 1.05361290108e-16,
        "var": 876.762023926
    },
    "melbands_crest": {
        "dmean": 3.73016142845,
        "dmean2": 6.36186790466,
        "dvar": 11.6181726456,
        "dvar2": 32.4803771973,
        "max": 39.7683143616,
        "mean": 13.544968605,
        "median": 13.4772691727,
        "min": 1.50679302216,
        "var": 31.1792545319
    },
    "melbands_flatness_db": {
        "dmean": 0.0237755030394,
        "dmean2": 0.0384153835475,
        "dvar": 0.00067536928691,
        "dvar2": 0.00155194220133,
        "max": 0.618886828423,
        "mean": 0.116192735732,
        "median": 0.113829292357,
        "min": 0.00299982749857,
        "var": 0.00255852704868
    },
    "melbands_kurtosis": {
        "dmean": 7.72801828384,
        "dmean2": 13.3418235779,
        "dvar": 47846.5742188,
        "dvar2": 132433.15625,
        "max": 15887.1455078,
        "mean": 7.2120552063,
        "median": 2.49613189697,
        "min": -1.72130000591,
        "var": 29730.8476562
    },
    "melbands_skewness": {
        "dmean": 0.644628286362,
        "dmean2": 1.03319740295,
        "dvar": 2.41376781464,
        "dvar2": 5.66230964661,
        "max": 108.335578918,
        "mean": 1.87021589279,
        "median": 1.69106316566,
        "min": -1.62475001812,
        "var": 3.08990859985
    },
    "melbands_spread": {
        "dmean": 12.7457103729,
        "dmean2": 21.0076694489,
        "dvar": 160.720443726,
        "dvar2": 403.118621826,
        "max": 177.975112915,
        "mean": 53.0054588318,
        "median": 49.2286071777,
        "min": 0.0404353439808,
        "var": 630.082763672
    },
    "pitch_salience": {
        "dmean": 0.073688827455,
        "dmean2": 0.121078014374,
        "dvar": 0.00516791176051,
        "dvar2": 0.0125240543857,
        "max": 0.96758890152,
        "mean": 0.569788217545,
        "median": 0.575484335423,
        "min": 0.0235615074635,
        "var": 0.0132298124954
    },
    "silence_rate_20dB": {
        "dmean": 0,
        "dmean2": 0,
        "dvar": 0,
        "dvar2": 0,
        "max": 1,
        "mean": 1,
        "median": 1,
        "min": 1,
        "var": 0
    },
    "silence_rate_30dB": {
        "dmean": 0,
        "dmean2": 0,
        "dvar": 0,
        "dvar2": 0,
        "max": 1,
        "mean": 1,
        "median": 1,
        "min": 1,
        "var": 0
    },
    "silence_rate_60dB": {
        "dmean": 0.00854124501348,
        "dmean2": 0.0170844104141,
        "dvar": 0.00846934411675,
        "dvar2": 0.0181414764374,
        "max": 1,
        "mean": 0.0593325085938,
        "median": 0,
        "min": 0,
        "var": 0.0558022744954
    },
    "spectral_centroid": {
        "dmean": 276.308258057,
        "dmean2": 448.672027588,
        "dvar": 92945.390625,
        "dvar2": 214063.140625,
        "max": 11741.1289062,
        "mean": 2618.14599609,
        "median": 2555.16210938,
        "min": 154.130172729,
        "var": 2107173
    },
    "spectral_complexity": {
        "dmean": 5.49157094955,
        "dmean2": 8.87557601929,
        "dvar": 30.7362918854,
        "dvar2": 70.1819229126,
        "max": 63,
        "mean": 33.0093269348,
        "median": 35,
        "min": 0,
        "var": 178.590026855
    },
    "spectral_decrease": {
        "dmean": 1.49381029768e-09,
        "dmean2": 2.35803288007e-09,
        "dvar": 2.0916091037e-18,
        "dvar2": 5.56323216105e-18,
        "max": 2.07669222192e-28,
        "mean": -5.96718185975e-09,
        "median": -5.95922644564e-09,
        "min": -2.1037189768e-08,
        "var": 8.86578963415e-18
    },
    "spectral_energy": {
        "dmean": 0.00626998627558,
        "dmean2": 0.00990238133818,
        "dvar": 3.53681607521e-05,
        "dvar2": 9.45816645981e-05,
        "max": 0.0836930051446,
        "mean": 0.0267058704048,
        "median": 0.0269143916667,
        "min": 9.91348418384e-21,
        "var": 0.000167261416209
    },
    "spectral_energyband_high": {
        "dmean": 0.00125933648087,
        "dmean2": 0.00207735877484,
        "dvar": 2.54743144978e-06,
        "dvar2": 6.81601022734e-06,
        "max": 0.0226816274226,
        "mean": 0.00369737483561,
        "median": 0.00297094602138,
        "min": 6.95606711693e-21,
        "var": 1.00609886431e-05
    },
    "spectral_energyband_low": {
        "dmean": 0.0040853889659,
        "dmean2": 0.00638357969001,
        "dvar": 2.40644822043e-05,
        "dvar2": 5.76810380153e-05,
        "max": 0.0672172009945,
        "mean": 0.00874118600041,
        "median": 0.00706484960392,
        "min": 1.08852123744e-23,
        "var": 6.73472459312e-05
    },
    "spectral_energyband_middle_high": {
        "dmean": 0.00261656637304,
        "dmean2": 0.00425402680412,
        "dvar": 7.67371511756e-06,
        "dvar2": 1.993283513e-05,
        "max": 0.0363976210356,
        "mean": 0.00862533226609,
        "median": 0.00816172361374,
        "min": 1.1297524158e-21,
        "var": 2.66385268333e-05
    },
    "spectral_energyband_middle_low": {
        "dmean": 0.00277810636908,
        "dmean2": 0.00455508194864,
        "dvar": 1.2096469618e-05,
        "dvar2": 3.20571380144e-05,
        "max": 0.0461822748184,
        "mean": 0.00636910647154,
        "median": 0.00530538102612,
        "min": 1.34998978401e-22,
        "var": 2.51045894402e-05
    },
    "spectral_entropy": {
        "dmean": 0.100010603666,
        "dmean2": 0.162341073155,
        "dvar": 0.0127752861008,
        "dvar2": 0.029299100861,
        "max": 9.82639122009,
        "mean": 8.10940551758,
        "median": 8.19072055817,
        "min": 6.16363382339,
        "var": 0.175415813923
    },
    "spectral_flux": {
        "dmean": 0.0180279966444,
        "dmean2": 0.0293301567435,
        "dvar": 0.000327825371642,
        "dvar2": 0.000844546768349,
        "max": 0.240639656782,
        "mean": 0.100218646228,
        "median": 0.10481531173,
        "min": 6.34146346545e-11,
        "var": 0.00151501549408
    },
    "spectral_kurtosis": {
        "dmean": 0.698224127293,
        "dmean2": 1.17556381226,
        "dvar": 0.787302017212,
        "dvar2": 2.18624281883,
        "max": 20.0631389618,
        "mean": 2.72024846077,
        "median": 2.43603134155,
        "min": -1.26865828037,
        "var": 2.33186507225
    },
    "spectral_rms": {
        "dmean": 0.000589324394241,
        "dmean2": 0.000919157231692,
        "dvar": 2.77901335721e-07,
        "dvar2": 7.19041736374e-07,
        "max": 0.00903613399714,
        "mean": 0.00487226899713,
        "median": 0.00512425042689,
        "min": 3.10993440202e-12,
        "var": 2.31556941799e-06
    },
    "spectral_rolloff": {
        "dmean": 818.763000488,
        "dmean2": 1378.20788574,
        "dvar": 956765.375,
        "dvar2": 2322024.75,
        "max": 19659.8144531,
        "mean": 3910.56298828,
        "median": 3509.91210938,
        "min": 21.533203125,
        "var": 8391290
    },
    "spectral_skewness": {
        "dmean": 0.120573654771,
        "dmean2": 0.198635146022,
        "dvar": 0.0150400176644,
        "dvar2": 0.0386176221073,
        "max": 2.5806658268,
        "mean": 1.19426620007,
        "median": 1.19891393185,
        "min": -0.0798421874642,
        "var": 0.0869649574161
    },
    "spectral_spread": {
        "dmean": 451264.96875,
        "dmean2": 701962.6875,
        "dvar": 453690490880,
        "dvar2": 920167120896,
        "max": 42751840,
        "mean": 6180531,
        "median": 5632528,
        "min": 1699115.125,
        "var": 3.03918051492e+13
    },
    "spectral_strongpeak": {
        "dmean": 0.541225731373,
        "dmean2": 0.962569653988,
        "dvar": 1.29883253574,
        "dvar2": 3.50205898285,
        "max": 17.1567497253,
        "mean": 0.75027436018,
        "median": 0.327778190374,
        "min": 0,
        "var": 1.64803373814
    },
    "zerocrossingrate": {
        "dmean": 0.0124525437132,
        "dmean2": 0.0159751437604,
        "dvar": 0.000168320199009,
        "dvar2": 0.000252703204751,
        "max": 0.662109375,
        "mean": 0.123185642064,
        "median": 0.1142578125,
        "min": 0,
        "var": 0.00520038697869
    },
    "barkbands": {
        "dmean": [0.000178497401066, 0.00381067767739, 0.00177428591996, 0.00104851764627, 0.00122205121443, 0.000713095476385, 0.000681896344759, 0.000581750588026, 0.000749628292397, 0.000428630126407, 0.000576103280764, 0.000673120783176, 0.000520047324244, 0.000457723101135, 0.000490918988362, 0.00047724074102, 0.000445528305136, 0.000416077265982, 0.000395232025767, 0.000454905384686, 0.000394786853576, 0.000294179306366, 0.000202085342607, 0.000230752018979, 0.000172525469679, 6.80729353917e-05, 2.66066326731e-05],
        "dmean2": [0.00025346595794, 0.00601006345823, 0.0029470496811, 0.00183294469025, 0.00217177602462, 0.00122272362933, 0.00115700112656, 0.000994662172161, 0.00124366371892, 0.000729483144823, 0.000965304265264, 0.00112317828462, 0.000862036424223, 0.000773073115852, 0.000790136691649, 0.000782412767876, 0.000727736740373, 0.000682195590343, 0.000656937598251, 0.000771113031078, 0.000661853875499, 0.000492530234624, 0.000341145409038, 0.00038712870446, 0.000290121999569, 0.000107778607344, 4.31159496657e-05],
        "dvar": [9.82172139175e-08, 2.77617818938e-05, 7.55437531552e-06, 3.07741333927e-06, 4.57978785562e-06, 1.72642864982e-06, 1.18451850994e-06, 8.82670462943e-07, 1.38418977258e-06, 6.09181597611e-07, 8.21952198748e-07, 1.37803283451e-06, 9.67995447354e-07, 9.43568579714e-07, 9.03878515146e-07, 5.73400257053e-07, 5.73583236019e-07, 3.74577865614e-07, 3.19542209581e-07, 3.88975337273e-07, 2.9591521411e-07, 1.49254944404e-07, 7.04482516767e-08, 1.02985595163e-07, 6.48845883688e-08, 1.18567511365e-08, 1.64748859e-09],
        "dvar2": [1.7896363147e-07, 6.2915700255e-05, 1.92080278794e-05, 8.22414494905e-06, 1.31374617922e-05, 4.77737330584e-06, 3.23457038576e-06, 2.3494794732e-06, 3.59844034392e-06, 1.66027689374e-06, 2.11874316847e-06, 3.36184689331e-06, 2.38759616877e-06, 2.5376434678e-06, 1.98477255253e-06, 1.44304920013e-06, 1.43590250445e-06, 9.31175804908e-07, 8.25702670681e-07, 1.07137384475e-06, 7.86199166214e-07, 3.95040785861e-07, 1.94304135448e-07, 2.73924058547e-07, 1.71923431935e-07, 2.76646225927e-08, 4.19551726694e-09],
        "max": [0.00504435412586, 0.0580828785896, 0.017171587795, 0.0246609784663, 0.0281174071133, 0.0203272420913, 0.0172017980367, 0.0185794588178, 0.0239837616682, 0.0245197024196, 0.0204715467989, 0.0262383148074, 0.0219260454178, 0.018781516701, 0.0220705978572, 0.0110725983977, 0.0179312881082, 0.0135678639635, 0.00971489120275, 0.0121372779831, 0.0103147691116, 0.00718388101086, 0.0037236076314, 0.00448288349435, 0.00324718654156, 0.00170358084142, 0.000841371016577],
        "mean": [0.000348094414221, 0.00583715178072, 0.00192942412104, 0.00108068843838, 0.00137350719888, 0.000897872785572, 0.00091482285643, 0.000798769411631, 0.00114918220788, 0.000612121715676, 0.000819912995212, 0.00108999270014, 0.000828634714708, 0.000717273098417, 0.000907413428649, 0.000815244275145, 0.000798937573563, 0.000820412882604, 0.000820900662802, 0.00090843817452, 0.000895786157344, 0.000675225397572, 0.000474584841868, 0.000527018913999, 0.00042471109191, 0.000177469555638, 6.2295999669e-05],
        "median": [3.87727886846e-05, 0.00236643361859, 0.000773848849349, 0.000383964128559, 0.000743213749956, 0.000453023909358, 0.000460599956568, 0.000433922396041, 0.00063541950658, 0.000328310095938, 0.000451539235655, 0.000617717101704, 0.000465041928692, 0.000399626616854, 0.000431825552369, 0.000471442413982, 0.000484459131258, 0.00056616665097, 0.000627418863587, 0.000694872054737, 0.000662568490952, 0.000513933831826, 0.000351818307536, 0.000365756772226, 0.00031766097527, 0.00011779491615, 4.03440462833e-05],
        "min": [5.73074266181e-25, 2.61869299743e-24, 3.88638660496e-25, 1.01236097689e-24, 4.07746345805e-24, 6.3806032187e-24, 2.59027881927e-24, 3.65208244225e-24, 1.13665256005e-23, 1.24190167205e-23, 1.01182265821e-23, 2.40009147588e-23, 2.88448062845e-23, 3.08548112492e-23, 3.76861478955e-23, 4.20116457882e-23, 5.08206030813e-23, 4.519124433e-23, 8.1130481839e-23, 1.44989971185e-22, 2.52554210082e-22, 2.96200281002e-22, 3.83752254693e-22, 5.55243370589e-22, 8.41630120956e-22, 1.19658945748e-21, 1.85718627481e-21],
        "var": [3.95276799736e-07, 5.67964561924e-05, 7.70153746998e-06, 3.89855995309e-06, 4.02462637794e-06, 1.80933523097e-06, 1.78642198989e-06, 1.26740189899e-06, 2.43561976276e-06, 8.901719184e-07, 1.27469365907e-06, 2.67677683041e-06, 1.65625840509e-06, 1.20463528219e-06, 2.93475022772e-06, 1.09697884909e-06, 1.07459561605e-06, 9.31607871735e-07, 6.42778331894e-07, 7.80773177667e-07, 7.49375772102e-07, 4.09814305158e-07, 2.17164966898e-07, 2.9459823736e-07, 1.96701890331e-07, 4.2431025804e-08, 5.34069899416e-09]
    },
    "erbbands": {
        "dmean": [0.108077913523, 0.877761304379, 1.75737524033, 2.87328481674, 3.54442238808, 4.1616897583, 5.55708312988, 5.5251994133, 7.97602844238, 11.4315814972, 14.2087535858, 16.2774486542, 13.2590169907, 18.6765003204, 19.1623935699, 25.6138935089, 23.1675510406, 19.5838680267, 21.4239349365, 24.0007572174, 26.4693336487, 25.8709163666, 23.5579013824, 19.3381404877, 21.4783267975, 19.0936431885, 18.7111148834, 13.2902259827, 12.1614589691, 7.5815782547, 5.89565515518, 5.15454435349, 3.7212562561, 2.40447545052, 1.12565612793, 0.371839940548, 0.120169125497, 0.0380291752517, 0.00477376580238, 7.02675315551e-05],
        "dmean2": [0.179628953338, 1.33349680901, 2.8208527565, 4.82808351517, 6.16157102585, 7.38701057434, 9.60524463654, 9.53473091125, 13.7134370804, 19.4427623749, 24.00066185, 27.0743045807, 22.5213546753, 31.3796215057, 31.7328529358, 43.1645736694, 38.2589302063, 32.8750114441, 35.1025772095, 38.699256897, 43.0315818787, 42.2150039673, 38.6213035583, 32.3662071228, 35.6020889282, 32.2535018921, 31.3933982849, 22.3274898529, 20.5522422791, 12.6896409988, 10.0826206207, 8.68245124817, 6.30833816528, 4.10929536819, 1.87828457355, 0.602467358112, 0.188817337155, 0.0602655522525, 0.00773692457005, 0.000113454574603],
        "dvar": [0.023358553648, 1.54996776581, 6.30751466751, 21.1682567596, 33.8598899841, 56.7915000916, 145.110061646, 90.3053665161, 176.259140015, 307.925476074, 495.16217041, 772.27911377, 437.032714844, 806.332519531, 968.00958252, 2235.67260742, 1759.08459473, 2020.62805176, 1882.10913086, 1724.85876465, 1941.16223145, 1946.97546387, 1287.02282715, 932.149536133, 855.034301758, 690.709960938, 709.774291992, 362.552856445, 257.143951416, 103.921821594, 62.9785346985, 51.2498130798, 28.0792598724, 13.6757030487, 2.51328659058, 0.303874731064, 0.0370246730745, 0.00396365765482, 4.86485514557e-05, 9.58097068349e-09],
        "dvar2": [0.0614333413541, 3.29625344276, 15.8330068588, 54.3342437744, 94.7317428589, 161.984146118, 387.884796143, 250.072784424, 487.844940186, 826.379150391, 1317.55493164, 2001.96044922, 1150.54736328, 2135.22924805, 2461.60424805, 5425.71044922, 4222.75683594, 5580.63769531, 4688.12060547, 3736.36206055, 4941.89501953, 4973.98291016, 3093.90258789, 2517.22045898, 2254.40795898, 1861.00012207, 1868.16247559, 999.85333252, 691.130126953, 283.048828125, 175.99508667, 135.678237915, 76.5431137085, 37.0558509827, 6.64292430878, 0.758466660976, 0.0853672325611, 0.00975824892521, 0.000126439874293, 2.45793323472e-08],
        "max": [1.38468539715, 15.0359697342, 20.6652011871, 59.5835990906, 66.1250839233, 98.2581253052, 183.045227051, 130.638870239, 234.639770508, 224.214736938, 354.47064209, 703.01776123, 471.629455566, 488.698669434, 912.094177246, 1160.93688965, 982.190002441, 1088.73046875, 1295.12353516, 1073.43579102, 691.346191406, 930.970397949, 918.008117676, 636.23638916, 643.875671387, 494.813873291, 701.547729492, 371.006500244, 293.139221191, 156.019775391, 111.826011658, 100.281921387, 85.884475708, 44.5723342896, 25.4655361176, 8.49393177032, 2.93289542198, 1.66061067581, 0.106198146939, 0.00152455212083],
        "mean": [0.157125249505, 1.32812964916, 2.37422537804, 3.30729579926, 3.90975642204, 4.61048364639, 6.454870224, 7.0694565773, 10.6706094742, 15.820810318, 21.0742168427, 24.8442001343, 20.5002059937, 28.3438453674, 31.5369243622, 42.2173652649, 39.5159568787, 34.2460594177, 40.8578262329, 46.9982948303, 48.1758308411, 49.926700592, 46.7902603149, 40.7468566895, 45.5040016174, 40.246295929, 39.9914093018, 30.4563331604, 26.2656936646, 17.817281723, 13.2866039276, 11.2117042542, 8.30420303345, 5.13011789322, 2.86734056473, 0.957131445408, 0.299756348133, 0.0952220708132, 0.0106604108587, 0.000195967382751],
        "median": [0.0619404278696, 0.435527175665, 1.35645961761, 1.47070658207, 1.90435004234, 2.34582304955, 2.7181429863, 3.61003613472, 5.59888601303, 8.31084918976, 11.7888498306, 13.8372135162, 11.9784097672, 16.8143997192, 20.1247444153, 24.8675270081, 24.0557746887, 21.622341156, 23.4487628937, 27.4540195465, 29.1797657013, 31.6258106232, 32.1321258545, 30.7865142822, 35.2658042908, 30.7846508026, 29.4843730927, 22.9091949463, 19.5368289948, 13.5262737274, 9.63670444489, 7.84231472015, 5.72552967072, 3.47307825089, 2.247651577, 0.693583488464, 0.194957852364, 0.0635489225388, 0.00658090692014, 0.000146812439198],
        "min": [7.26513441349e-23, 5.24539288571e-22, 1.84459539843e-21, 5.12131993377e-21, 7.58077992648e-21, 1.75345552379e-20, 1.95096912884e-20, 6.48808419238e-20, 5.18837923984e-20, 1.12715158709e-19, 1.57029304999e-19, 2.30281163024e-19, 4.40496527049e-19, 5.32490229802e-19, 8.8289370835e-19, 1.05152150725e-18, 1.6091997486e-18, 1.8730535102e-18, 2.83399005498e-18, 2.95694838509e-18, 3.51754502303e-18, 4.0844123104e-18, 5.07802455734e-18, 5.48589201454e-18, 5.06507049535e-18, 6.3822509825e-18, 9.54732359317e-18, 9.66813663036e-18, 9.26841897013e-18, 1.10393100912e-17, 1.0494452012e-17, 1.11767833731e-17, 9.41245758456e-18, 8.04413210655e-18, 5.89503208913e-18, 4.07138504294e-18, 2.25593783816e-18, 9.98386526631e-19, 2.30798486948e-19, 2.71247095452e-20],
        "var": [0.0393209718168, 3.41981959343, 8.36996269226, 27.3729991913, 30.5914707184, 50.6291275024, 145.689529419, 100.857910156, 236.473739624, 461.156860352, 768.010803223, 1308.5032959, 710.582702637, 1272.2479248, 1699.20251465, 4219.82958984, 3019.1027832, 2627.82104492, 4830.32617188, 4942.46972656, 3594.69750977, 3903.15087891, 3251.94458008, 1719.9876709, 1815.64294434, 1566.24084473, 1553.83776855, 896.573242188, 643.163208008, 305.296813965, 173.362915039, 131.53137207, 74.6328430176, 31.9596271515, 8.64308547974, 1.0913926363, 0.127052456141, 0.0127788474783, 0.000155834233738, 3.57861473788e-08]
    },
    "gfcc": {
        "mean": [30.9422512054, 36.0359230042, -117.114677429, 33.8032073975, -53.2216529846, 18.7769145966, -29.8494853973, 12.6809873581, -23.5912055969, 6.71129131317, -16.9190788269, 1.07692420483, -13.2027330399],
        "cov": [[38596.390625, -221.490280151, -2747.41235352, 1068.64807129, -1383.99743652, 782.539978027, -753.009399414, 704.044250488, -531.773620605, 394.304626465, -431.865631104, 295.114990234, -400.416870117], [-221.490280151, 1397.83239746, -561.412109375, 19.8021945953, -164.21836853, -156.462310791, -112.404525757, -119.769119263, -43.9590873718, -87.9552078247, 4.52213096619, -123.352523804, 14.6522073746], [-2747.41235352, -561.412109375, 1013.62701416, 8.85299015045, 316.537628174, 77.7507705688, 151.949462891, 39.8134117126, 75.6544265747, 35.8819923401, 16.8403186798, 55.6570930481, 22.406621933], [1068.64807129, 19.8021945953, 8.85299015045, 276.465484619, 54.6929512024, 112.022712708, 36.6173744202, 73.1158447266, 21.7787780762, 39.107334137, 14.0195598602, 9.08397102356, -7.03672647476], [-1383.99743652, -164.21836853, 316.537628174, 54.6929512024, 310.436218262, 100.640594482, 114.344718933, 57.166885376, 84.6214294434, 26.0041236877, 28.6361541748, 32.0778808594, 20.0340003967], [782.539978027, -156.462310791, 77.7507705688, 112.022712708, 100.640594482, 209.612686157, 95.955696106, 77.0422668457, 39.498046875, 57.7942314148, 18.1470756531, 38.6713562012, -0.527148902416], [-753.009399414, -112.404525757, 151.949462891, 36.6173744202, 114.344718933, 95.955696106, 180.284790039, 90.6213226318, 74.2515869141, 48.7093658447, 58.1044273376, 30.0949115753, 13.6137666702], [704.044250488, -119.769119263, 39.8134117126, 73.1158447266, 57.166885376, 77.0422668457, 90.6213226318, 174.401824951, 96.5566864014, 72.3204040527, 49.3406295776, 61.2529220581, 8.77836036682], [-531.773620605, -43.9590873718, 75.6544265747, 21.7787780762, 84.6214294434, 39.498046875, 74.2515869141, 96.5566864014, 150.445098877, 77.4962997437, 68.3948745728, 48.078792572, 31.1690979004], [394.304626465, -87.9552078247, 35.8819923401, 39.107334137, 26.0041236877, 57.7942314148, 48.7093658447, 72.3204040527, 77.4962997437, 138.572158813, 71.0551071167, 56.6801185608, 27.3389492035], [-431.865631104, 4.52213096619, 16.8403186798, 14.0195598602, 28.6361541748, 18.1470756531, 58.1044273376, 49.3406295776, 68.3948745728, 71.0551071167, 138.781570435, 76.7179794312, 32.5683822632], [295.114990234, -123.352523804, 55.6570930481, 9.08397102356, 32.0778808594, 38.6713562012, 30.0949115753, 61.2529220581, 48.078792572, 56.6801185608, 76.7179794312, 116.474945068, 44.5532646179], [-400.416870117, 14.6522073746, 22.406621933, -7.03672647476, 20.0340003967, -0.527148902416, 13.6137666702, 8.77836036682, 31.1690979004, 27.3389492035, 32.5683822632, 44.5532646179, 83.8428344727]],
        "icov": [[0.000117888739624, -1.14848116937e-05, 0.000192967636394, -0.000199834990781, 0.000305481895339, -0.000451157538919, 0.000536668929271, -0.000692936882842, 0.000554835889488, -0.000473532272736, 0.000616241071839, -0.000683499267325, 0.000478230271256], [-1.14848116937e-05, 0.00124265428167, 0.000597180449404, -0.000488795922138, -0.000130224841996, 0.00056286342442, 2.15829968511e-05, 0.000531530589797, -0.000496832362842, 0.00068529008422, -0.00113589945249, 0.00165394484065, -0.000973539892584], [0.000192967636394, 0.000597180449404, 0.00225449539721, -0.000589406176005, -0.00110806874, 0.000243070637225, -0.000314207311021, -0.000101158118923, 0.000753565924242, -0.00104197813198, 0.00166401977185, -0.00174862635322, 0.000835590821225], [-0.000199834990781, -0.000488795922138, -0.000589406176005, 0.00586859555915, -0.00107488292269, -0.00238861748949, 0.000999958487228, -0.00182813114952, 0.000608871632721, 0.000330538663547, -0.0023058145307, 0.00310846511275, -0.00103829265572], [0.000305481895339, -0.000130224841996, -0.00110806874, -0.00107488292269, 0.00743689388037, -0.00316031975672, -5.30106808583e-05, -0.000817102787551, -0.00176831090357, 0.000724905577954, 0.00178655399941, -0.00193722778931, 0.000741310301237], [-0.000451157538919, 0.00056286342442, 0.000243070637225, -0.00238861748949, -0.00316031975672, 0.0120895570144, -0.00696230353788, 0.0036495635286, -0.0010884864023, -0.00120607379358, 0.00135643954854, -0.00132575479802, 3.66126187146e-05], [0.000536668929271, 2.15829968511e-05, -0.000314207311021, 0.000999958487228, -5.30106808583e-05, -0.00696230353788, 0.0158365741372, -0.00899339746684, 0.00269599677995, -0.000621185521595, -0.00378247140907, 0.00340881710872, -7.56016306696e-05], [-0.000692936882842, 0.000531530589797, -0.000101158118923, -0.00182813114952, -0.000817102787551, 0.0036495635286, -0.00899339746684, 0.0193024929613, -0.0105854123831, 0.00126593001187, 0.000893029908184, -0.00360606284812, 0.00122061977163], [0.000554835889488, -0.000496832362842, 0.000753565924242, 0.000608871632721, -0.00176831090357, -0.0010884864023, 0.00269599677995, -0.0105854123831, 0.0188013967127, -0.00676923617721, -0.000711303204298, -0.000377114018193, -0.000633014773484], [-0.000473532272736, 0.00068529008422, -0.00104197813198, 0.000330538663547, 0.000724905577954, -0.00120607379358, -0.000621185521595, 0.00126593001187, -0.00676923617721, 0.0160703100264, -0.00749033410102, 0.00352018862031, -0.00397213548422], [0.000616241071839, -0.00113589945249, 0.00166401977185, -0.0023058145307, 0.00178655399941, 0.00135643954854, -0.00378247140907, 0.000893029908184, -0.000711303204298, -0.00749033410102, 0.0218587182462, -0.0163887552917, 0.00553037039936], [-0.000683499267325, 0.00165394484065, -0.00174862635322, 0.00310846511275, -0.00193722778931, -0.00132575479802, 0.00340881710872, -0.00360606284812, -0.000377114018193, 0.00352018862031, -0.0163887552917, 0.0286332014948, -0.012403392233], [0.000478230271256, -0.000973539892584, 0.000835590821225, -0.00103829265572, 0.000741310301237, 3.66126187146e-05, -7.56016306696e-05, 0.00122061977163, -0.000633014773484, -0.00397213548422, 0.00553037039936, -0.012403392233, 0.0197515990585]]
    },
    "melbands": {
        "dmean": [0.00102181266993, 0.000860286178067, 0.000456273410236, 0.000285255111521, 0.000178373404196, 0.000126169019495, 0.000126701401314, 0.000124081139802, 0.000125520076836, 0.00010358691361, 6.82557583787e-05, 7.48872189433e-05, 6.7683897214e-05, 6.96764909662e-05, 7.02206380083e-05, 5.34520404472e-05, 3.75442359655e-05, 3.75891322619e-05, 4.46260091849e-05, 3.08933922497e-05, 3.18467900797e-05, 2.935543489e-05, 2.37558215304e-05, 1.93400101125e-05, 1.7167558326e-05, 1.65009405464e-05, 1.82424792001e-05, 1.36633261718e-05, 1.32370378196e-05, 1.12318311949e-05, 7.63691696193e-06, 7.8534021668e-06, 5.64177207707e-06, 4.24660493081e-06, 3.94722746933e-06, 3.23702283822e-06, 3.28283135786e-06, 2.86220893031e-06, 2.30769524023e-06, 2.13084558709e-06],
        "dmean2": [0.00163311872166, 0.00131397193763, 0.000740732997656, 0.000505775795318, 0.000309693103191, 0.000217838023673, 0.000216795189772, 0.000210623635212, 0.000211820588447, 0.000172484040377, 0.000116126233479, 0.000126277809613, 0.000112935682409, 0.000115668073704, 0.000118223229947, 8.77582351677e-05, 6.3310166297e-05, 6.27179615549e-05, 7.18551891623e-05, 5.09011624672e-05, 5.17176958965e-05, 4.80813578179e-05, 3.93096597691e-05, 3.15797879011e-05, 2.89675499516e-05, 2.73052428383e-05, 3.09396164084e-05, 2.31593985518e-05, 2.22251183004e-05, 1.90022165043e-05, 1.29237259898e-05, 1.32480954562e-05, 9.56420626608e-06, 7.11926622898e-06, 6.84253518557e-06, 5.46071305507e-06, 5.54003963771e-06, 4.90665070174e-06, 3.86908914152e-06, 3.69355780094e-06],
        "dvar": [1.96888072423e-06, 1.20840684303e-06, 4.43999198296e-07, 2.63162093006e-07, 1.3828143608e-07, 4.71716816719e-08, 4.20837906745e-08, 3.56028735382e-08, 3.94653376645e-08, 3.19605852894e-08, 1.24053265438e-08, 1.33499096222e-08, 1.18341301203e-08, 1.70758500673e-08, 1.47779291026e-08, 1.30513120311e-08, 8.39678016007e-09, 7.26468041279e-09, 8.58128856862e-09, 2.59404098202e-09, 3.11020054156e-09, 2.92707547089e-09, 1.06039710346e-09, 1.00378483303e-09, 8.21322787559e-10, 5.98648963734e-10, 6.93461899015e-10, 4.08761025028e-10, 4.01475325207e-10, 2.59907179112e-10, 1.38374700587e-10, 1.14230576387e-10, 5.81019087009e-11, 3.4736134108e-11, 2.87786582759e-11, 2.03854069042e-11, 2.03362864742e-11, 1.64696641741e-11, 1.16635832936e-11, 1.08910441429e-11],
        "dvar2": [4.68749340143e-06, 2.78105767393e-06, 1.08503843421e-06, 7.50565277485e-07, 3.70430484509e-07, 1.30522792574e-07, 1.16473508172e-07, 9.56595869184e-08, 1.04618905539e-07, 8.29929973634e-08, 3.2819965412e-08, 3.57249518856e-08, 3.03806722002e-08, 4.27607389497e-08, 3.51658968611e-08, 3.16348582885e-08, 2.33777530667e-08, 1.82015966743e-08, 1.80067676325e-08, 6.13618977852e-09, 7.81320341758e-09, 7.58367857401e-09, 2.68695288241e-09, 2.44034237262e-09, 2.25238050433e-09, 1.50035495139e-09, 1.92782834141e-09, 1.10342157633e-09, 1.06527409116e-09, 6.85224266217e-10, 3.80327963567e-10, 3.05752145824e-10, 1.5689791133e-10, 9.38842545373e-11, 8.24581514181e-11, 5.47676869134e-11, 5.42274836146e-11, 4.54367862779e-11, 3.1440884618e-11, 2.97329591503e-11],
        "max": [0.0130481217057, 0.0137564269826, 0.00936715211719, 0.00623858952895, 0.00550117902458, 0.00314334384166, 0.00335004762746, 0.00261844741181, 0.00353582715616, 0.00460354052484, 0.00271579506807, 0.00248925504275, 0.00317074521445, 0.00252836383879, 0.00317025696859, 0.00302889873274, 0.00229440210387, 0.00199599540792, 0.00241763168015, 0.00115253194235, 0.00115862989333, 0.00119334284682, 0.000487826036988, 0.000718487543054, 0.000530834193341, 0.000589491217397, 0.000405207596486, 0.000386580417398, 0.000653146475088, 0.000299321895, 0.000230443823966, 0.000178543807124, 0.000132073400891, 9.6066542028e-05, 7.31131076463e-05, 6.30167778581e-05, 7.03943369444e-05, 6.7383836722e-05, 4.39148461737e-05, 3.43689134752e-05],
        "mean": [0.00156774010975, 0.00148420478217, 0.000585881003644, 0.000313822441967, 0.000214320345549, 0.000163379954756, 0.000172239582753, 0.000172917847522, 0.0001821636979, 0.000155640562298, 0.000100231474789, 0.000110920365842, 0.00010439165635, 0.000111712273792, 0.000105081453512, 8.50623328006e-05, 5.98195729253e-05, 6.21150829829e-05, 7.85481752246e-05, 5.2557712479e-05, 5.41156368854e-05, 5.13875711476e-05, 4.35991496488e-05, 3.73682887584e-05, 3.22357773257e-05, 3.20994877256e-05, 3.30484035658e-05, 2.52967565757e-05, 2.53882135439e-05, 2.26195588766e-05, 1.56438709382e-05, 1.55861198436e-05, 1.16050523502e-05, 9.23835068534e-06, 7.79884157964e-06, 6.95265362083e-06, 6.70091412758e-06, 5.98836504651e-06, 4.89421836392e-06, 4.16025977756e-06],
        "median": [0.000648577057291, 0.000836906721815, 0.000303159846226, 0.000162394309882, 9.97458118945e-05, 8.50902870297e-05, 9.15511627682e-05, 9.26698558033e-05, 9.61774785537e-05, 8.45148751978e-05, 5.41184344911e-05, 6.3482177211e-05, 6.46153785056e-05, 6.26864784863e-05, 5.88009643252e-05, 4.23825331382e-05, 3.54345174856e-05, 3.04996337945e-05, 3.49911169906e-05, 3.24473185174e-05, 3.01566324197e-05, 3.02250082314e-05, 2.89708823402e-05, 2.41181787715e-05, 2.27945565712e-05, 2.36307769228e-05, 2.4982744435e-05, 1.80748866114e-05, 1.82200328709e-05, 1.57762115123e-05, 1.12812003863e-05, 1.09371294457e-05, 8.85357530933e-06, 6.5835292844e-06, 5.4431384342e-06, 4.97863084092e-06, 4.55021563539e-06, 4.13653970099e-06, 3.26806411977e-06, 2.72775901067e-06],
        "min": [1.00755316549e-24, 1.07602826422e-24, 7.95789519855e-25, 8.15975582951e-25, 6.2733118247e-25, 1.60849961309e-24, 6.7886657794e-25, 1.27491380488e-24, 1.24171193128e-24, 1.19748119058e-24, 2.06022148337e-24, 1.99711399146e-24, 2.26885113255e-24, 3.21060077538e-24, 2.42745516741e-24, 2.3977774313e-24, 2.4527766164e-24, 3.36872833826e-24, 3.20196136796e-24, 2.39884574618e-24, 2.6402750485e-24, 3.05996206628e-24, 3.82524056639e-24, 3.34999091961e-24, 3.52244340767e-24, 3.20668250326e-24, 4.37906194262e-24, 3.3933770861e-24, 5.55763748996e-24, 4.06468193923e-24, 4.44372684317e-24, 4.30515514213e-24, 4.95616497075e-24, 5.21042982886e-24, 5.03055770955e-24, 5.23083963263e-24, 5.60671016029e-24, 4.47961173132e-24, 4.93168346142e-24, 5.85099908339e-24],
        "var": [3.82918187825e-06, 2.7884739211e-06, 6.59096485833e-07, 2.18008693764e-07, 1.39446171943e-07, 5.2687681773e-08, 5.94659432807e-08, 5.3344408002e-08, 6.23655580512e-08, 5.48826086799e-08, 1.97112850486e-08, 2.06885548693e-08, 1.93454372521e-08, 2.93364159631e-08, 2.79909215806e-08, 2.29928556195e-08, 9.70813474055e-09, 1.36886955104e-08, 2.43069759875e-08, 5.0816106878e-09, 5.61404833732e-09, 4.95500618314e-09, 2.24567253682e-09, 2.44106224123e-09, 1.32439625933e-09, 1.13892084652e-09, 1.17459830751e-09, 7.83088482947e-10, 7.41426198214e-10, 5.58582957666e-10, 2.79172740481e-10, 2.58631616123e-10, 1.29012342476e-10, 9.39660155241e-11, 6.5641866942e-11, 5.01267603814e-11, 5.01545333043e-11, 3.95858346103e-11, 2.90824152954e-11, 2.24644018665e-11]
    },
    "mfcc": {
        "mean": [-595.67755127, 71.3182907104, -6.34368181229, 18.9933795929, 0.421438872814, 7.85225963593, 5.61252593994, 4.55023241043, 3.38105654716, 3.12600803375, 0.601840496063, 4.00800800323, 1.04473555088],
        "cov": [[10867.4267578, 196.942779541, 184.370452881, 241.47618103, 176.14390564, 110.862930298, 183.79335022, 271.885437012, 169.571884155, 170.552902222, 202.700775146, 139.874526978, 132.217330933], [196.942779541, 1079.86328125, -221.532043457, 53.8586997986, -99.8620300293, -68.598526001, -97.3018722534, -86.5471878052, -76.5806427002, -41.4576797485, -74.9147644043, -12.8902864456, -42.7134628296], [184.370452881, -221.532043457, 391.837921143, 61.0118904114, 89.6673583984, 68.8509140015, 67.468132019, 33.7277336121, 44.9378623962, 16.9130840302, 18.3298110962, 9.57699489594, 16.5482997894], [241.47618103, 53.8586997986, 61.0118904114, 175.174438477, 68.2928314209, 29.1420650482, 38.134475708, 30.6175308228, 23.9698295593, 31.1937065125, 23.5588378906, 20.0742549896, 6.90355062485], [176.14390564, -99.8620300293, 89.6673583984, 68.2928314209, 191.34954834, 81.4783172607, 47.5773620605, 59.8649711609, 53.5456390381, 30.3635253906, 29.3873291016, 9.60663223267, 23.6403160095], [110.862930298, -68.598526001, 68.8509140015, 29.1420650482, 81.4783172607, 152.01625061, 78.554725647, 30.5654430389, 44.4240226746, 26.0911979675, 20.8059711456, 9.75067901611, 19.7286548615], [183.79335022, -97.3018722534, 67.468132019, 38.134475708, 47.5773620605, 78.554725647, 135.689788818, 71.0026931763, 42.4222984314, 31.4406356812, 43.6914329529, 28.4060840607, 22.4544277191], [271.885437012, -86.5471878052, 33.7277336121, 30.6175308228, 59.8649711609, 30.5654430389, 71.0026931763, 138.988510132, 57.1060714722, 36.6218452454, 53.511341095, 35.1559295654, 32.8256835938], [169.571884155, -76.5806427002, 44.9378623962, 23.9698295593, 53.5456390381, 44.4240226746, 42.4222984314, 57.1060714722, 119.524909973, 57.5371551514, 33.536403656, 21.985994339, 26.0212841034], [170.552902222, -41.4576797485, 16.9130840302, 31.1937065125, 30.3635253906, 26.0911979675, 31.4406356812, 36.6218452454, 57.5371551514, 100.647064209, 63.8653335571, 25.9875621796, 26.4201602936], [202.700775146, -74.9147644043, 18.3298110962, 23.5588378906, 29.3873291016, 20.8059711456, 43.6914329529, 53.511341095, 33.536403656, 63.8653335571, 117.990699768, 63.5604972839, 34.6267356873], [139.874526978, -12.8902864456, 9.57699489594, 20.0742549896, 9.60663223267, 9.75067901611, 28.4060840607, 35.1559295654, 21.985994339, 25.9875621796, 63.5604972839, 103.661003113, 55.0217552185], [132.217330933, -42.7134628296, 16.5482997894, 6.90355062485, 23.6403160095, 19.7286548615, 22.4544277191, 32.8256835938, 26.0212841034, 26.4201602936, 34.6267356873, 55.0217552185, 109.172264099]],
