{
"lowlevel": {
    "average_loudness": 0.659582674503,
    "barkbands_crest": {
        "dmean": 3.06547546387,
        "dmean2": 4.91857099533,
        "dvar": 8.1144323349,
        "dvar2": 19.6010913849,
        "max": 26.5032806396,
        "mean": 10.0317602158,
        "median": 8.78718662262,
        "min": 2.05048584938,
        "var": 23.8170967102
    },
    "barkbands_flatness_db": {
        "dmean": 0.0234652105719,
        "dmean2": 0.0353513136506,
        "dvar": 0.000713216955774,
        "dvar2": 0.00154099822976,
        "max": 0.722469508648,
        "mean": 0.108077697456,
        "median": 0.0944801941514,
        "min": 0.0123781478032,
        "var": 0.00361463916488
    },
    "barkbands_kurtosis": {
        "dmean": 3.61094284058,
        "dmean2": 5.88683605194,
        "dvar": 668.596984863,
        "dvar2": 1783.61486816,
        "max": 1254.01599121,
        "mean": 3.12115812302,
        "median": -0.276694774628,
        "min": -1.91566288471,
        "var": 602.253540039
    },
    "barkbands_skewness": {
        "dmean": 0.595250368118,
        "dmean2": 0.91784799099,
        "dvar": 0.983937144279,
        "dvar2": 2.43362784386,
        "max": 32.537689209,
        "mean": 0.784103512764,
        "median": 0.541863381863,
        "min": -7.16580867767,
        "var": 2.59124588966
    },
    "barkbands_spread": {
        "dmean": 7.77088975906,
        "dmean2": 12.0184221268,
        "dvar": 71.257019043,
        "dvar2": 163.855834961,
        "max": 117.831459045,
        "mean": 33.6948738098,
        "median": 32.7454338074,
        "min": 0.19811168313,
        "var": 274.88381958
    },
    "dissonance": {
        "dmean": 0.0151229994372,
        "dmean2": 0.0258892662823,
        "dvar": 0.000315800862154,
        "dvar2": 0.000884966982994,
        "max": 0.5,
        "mean": 0.478195726871,
        "median": 0.484862774611,
        "min": 0.00328391976655,
        "var": 0.00049517484149
    },
    "dynamic_complexity": 1.86726093292,
    "erbbands_crest": {
        "dmean": 3.32764291763,
        "dmean2": 5.43365240097,
        "dvar": 9.80652809143,
        "dvar2": 24.7682437897,
        "max": 31.969909668,
        "mean": 9.98003959656,
        "median": 8.89221572876,
        "min": 2.31365966797,
        "var": 24.2940483093
    },
    "erbbands_flatness_db": {
        "dmean": 0.019315386191,
        "dmean2": 0.028767010197,
        "dvar": 0.000381178950192,
        "dvar2": 0.00076919037383,
        "max": 0.620633363724,
        "mean": 0.156018584967,
        "median": 0.146506235003,
        "min": 0.0398310683668,
        "var": 0.00311401556246
    },
    "erbbands_kurtosis": {
        "dmean": 1.13508450985,
        "dmean2": 1.80780553818,
        "dvar": 3.50036263466,
        "dvar2": 8.95236301422,
        "max": 47.680683136,
        "mean": 0.724037587643,
        "median": 0.029926776886,
        "min": -1.84590554237,
        "var": 6.8107843399
    },
    "erbbands_skewness": {
        "dmean": 0.438234508038,
        "dmean2": 0.673986494541,
        "dvar": 0.182581856847,
        "dvar2": 0.432529777288,
        "max": 6.65349960327,
        "mean": 0.0749070942402,
        "median": 0.0379238091409,
        "min": -3.7786488533,
        "var": 0.681080698967
    },
    "erbbands_spread": {
        "dmean": 8.11224842072,
        "dmean2": 12.333987236,
        "dvar": 93.8680953979,
        "dvar2": 214.055435181,
        "max": 181.277618408,
        "mean": 35.3632698059,
        "median": 32.8413162231,
        "min": 0.853792786598,
        "var": 321.148742676
    },
    "hfc": {
        "dmean": 9.53818702698,
        "dmean2": 14.6523809433,
        "dvar": 134.094451904,
        "dvar2": 297.866119385,
        "max": 173.296035767,
        "mean": 37.1995048523,
        "median": 34.92527771,
        "min": 1.06842261042e-16,
        "var": 481.579742432
    },
    "melbands_crest": {
        "dmean": 4.1537065506,
        "dmean2": 6.68779087067,
        "dvar": 13.9941482544,
        "dvar2": 34.0815887451,
        "max": 39.9087753296,
        "mean": 14.8307628632,
        "median": 13.7638731003,
        "min": 1.58640122414,
        "var": 45.2263336182
    },
    "melbands_flatness_db": {
        "dmean": 0.0288718286902,
        "dmean2": 0.0435239896178,
        "dvar": 0.00103917473461,
        "dvar2": 0.00222923397087,
        "max": 0.907393991947,
        "mean": 0.145148307085,
        "median": 0.129891067743,
        "min": 0.00266438256949,
        "var": 0.00594864878803
    },
    "melbands_kurtosis": {
        "dmean": 9.61382579803,
        "dmean2": 15.5051860809,
        "dvar": 5774.00146484,
        "dvar2": 12482.7353516,
        "max": 5476.10058594,
        "mean": 12.2363557816,
        "median": 2.55135011673,
        "min": -1.87759566307,
        "var": 6222.93554688
    },
    "melbands_skewness": {
        "dmean": 0.831984937191,
        "dmean2": 1.28022384644,
        "dvar": 2.05970716476,
        "dvar2": 4.62582159042,
        "max": 58.3239898682,
        "mean": 2.00199127197,
        "median": 1.49869656563,
        "min": -3.78048324585,
        "var": 5.32620382309
    },
    "melbands_spread": {
        "dmean": 12.3965158463,
        "dmean2": 19.488368988,
        "dvar": 198.228225708,
        "dvar2": 460.33972168,
        "max": 294.81149292,
        "mean": 44.7391700745,
        "median": 40.79063797,
        "min": 0.0787164345384,
        "var": 774.874816895
    },
    "pitch_salience": {
        "dmean": 0.0840545743704,
        "dmean2": 0.133478343487,
        "dvar": 0.00653576664627,
        "dvar2": 0.0154013652354,
        "max": 0.94597452879,
        "mean": 0.544696629047,
        "median": 0.556211948395,
        "min": 0.0107585070655,
        "var": 0.0204167496413
    },
    "silence_rate_20dB": {
        "dmean": 0,
        "dmean2": 0,
        "dvar": 0,
        "dvar2": 0,
        "max": 1,
        "mean": 1,
        "median": 1,
        "min": 1,
        "var": 0
    },
    "silence_rate_30dB": {
        "dmean": 0.00205109082162,
        "dmean2": 0.00410256395116,
        "dvar": 0.00204670708627,
        "dvar2": 0.00539039075375,
        "max": 1,
        "mean": 0.99832201004,
        "median": 1,
        "min": 0,
        "var": 0.00167504826095
    },
    "silence_rate_60dB": {
        "dmean": 0.00596680957824,
        "dmean2": 0.011934732087,
        "dvar": 0.00593086425215,
        "dvar2": 0.0144021147862,
        "max": 1,
        "mean": 0.0375687517226,
        "median": 0,
        "min": 0,
        "var": 0.036150842905
    },
    "spectral_centroid": {
        "dmean": 309.458099365,
        "dmean2": 477.520690918,
        "dvar": 110792.195312,
        "dvar2": 249143.8125,
        "max": 11709.1210938,
        "mean": 2368.18725586,
        "median": 2284.73486328,
        "min": 104.59286499,
        "var": 1651606.125
    },
    "spectral_complexity": {
        "dmean": 5.37180662155,
        "dmean2": 8.30172538757,
        "dvar": 27.1458110809,
        "dvar2": 61.0345802307,
        "max": 58,
        "mean": 25.2865657806,
        "median": 25,
        "min": 0,
        "var": 130.393585205
    },
    "spectral_decrease": {
        "dmean": 1.71036118601e-09,
        "dmean2": 2.68557909244e-09,
        "dvar": 4.4050159353e-18,
        "dvar2": 1.07237076003e-17,
        "max": 2.80202945756e-28,
        "mean": -6.3991953958e-09,
        "median": -5.86606763164e-09,
        "min": -3.2440450326e-08,
        "var": 1.67905504793e-17
    },
    "spectral_energy": {
        "dmean": 0.00683267461136,
        "dmean2": 0.0107623646036,
        "dvar": 6.55725089018e-05,
        "dvar2": 0.000160334515385,
        "max": 0.123639389873,
        "mean": 0.0275262184441,
        "median": 0.0261833742261,
        "min": 9.85437631296e-21,
        "var": 0.000250476936344
    },
    "spectral_energyband_high": {
        "dmean": 0.0008287767414,
        "dmean2": 0.00126363104209,
        "dvar": 1.21649622997e-06,
        "dvar2": 2.63731635641e-06,
        "max": 0.0166692025959,
        "mean": 0.00236875121482,
        "median": 0.00184834992979,
        "min": 6.91738592197e-21,
        "var": 4.25434427598e-06
    },
    "spectral_energyband_low": {
        "dmean": 0.00462809531018,
        "dmean2": 0.00699911126867,
        "dvar": 6.75000846968e-05,
        "dvar2": 0.000156965048518,
        "max": 0.12018096447,
        "mean": 0.0100703844801,
        "median": 0.00417961552739,
        "min": 6.80193185602e-24,
        "var": 0.000235862476984
    },
    "spectral_energyband_middle_high": {
        "dmean": 0.0032300662715,
        "dmean2": 0.00502837402746,
        "dvar": 1.47282989928e-05,
        "dvar2": 3.32566014549e-05,
        "max": 0.0481865182519,
        "mean": 0.00985348317772,
        "median": 0.0083116684109,
        "min": 1.04286815922e-21,
        "var": 5.200171654e-05
    },
    "spectral_energyband_middle_low": {
        "dmean": 0.00337841152214,
        "dmean2": 0.00545030040666,
        "dvar": 2.77449817077e-05,
        "dvar2": 7.11988250259e-05,
        "max": 0.0698269531131,
        "mean": 0.00583584513515,
        "median": 0.00369068561122,
        "min": 1.45704123807e-22,
        "var": 3.97351832362e-05
    },
    "spectral_entropy": {
        "dmean": 0.149303287268,
        "dmean2": 0.22361895442,
        "dvar": 0.0318042002618,
        "dvar2": 0.0672504156828,
        "max": 9.82908248901,
        "mean": 7.91891956329,
        "median": 7.94944906235,
        "min": 3.84455084801,
        "var": 0.203355774283
    },
    "spectral_flux": {
        "dmean": 0.0252594277263,
        "dmean2": 0.0397762767971,
        "dvar": 0.00062483252259,
        "dvar2": 0.00149551499635,
        "max": 0.340426594019,
        "mean": 0.107489012182,
        "median": 0.105589948595,
        "min": 6.2164509651e-11,
        "var": 0.00189655297436
    },
    "spectral_kurtosis": {
        "dmean": 1.3677341938,
        "dmean2": 2.2364180088,
        "dvar": 86.6794433594,
        "dvar2": 224.881912231,
        "max": 588.398132324,
        "mean": 3.70147037506,
        "median": 2.90735149384,
        "min": -1.54248547554,
        "var": 95.9794692993
    },
    "spectral_rms": {
        "dmean": 0.000638465571683,
        "dmean2": 0.00100082380231,
        "dvar": 4.66646696395e-07,
        "dvar2": 1.089345119e-06,
        "max": 0.0109828859568,
        "mean": 0.00492771388963,
        "median": 0.00505418190733,
        "min": 3.10064907777e-12,
        "var": 2.57241481449e-06
    },
    "spectral_rolloff": {
        "dmean": 800.986938477,
        "dmean2": 1312.71557617,
        "dvar": 1485473.875,
        "dvar2": 3233964.5,
        "max": 19789.0136719,
        "mean": 3098.57104492,
        "median": 2648.58398438,
        "min": 21.533203125,
        "var": 7510995
    },
    "spectral_skewness": {
        "dmean": 0.182126984,
        "dmean2": 0.284733861685,
        "dvar": 0.162018150091,
        "dvar2": 0.37378975749,
        "max": 20.5426044464,
        "mean": 1.33120453358,
        "median": 1.29308283329,
        "min": -0.404448181391,
        "var": 0.342855632305
    },
    "spectral_spread": {
        "dmean": 613854,
        "dmean2": 892843.6875,
        "dvar": 704553680896,
        "dvar2": 1.23153652122e+12,
        "max": 42561072,
        "mean": 5710788,
        "median": 5052978,
        "min": 279077.375,
        "var": 2.1546236117e+13
    },
    "spectral_strongpeak": {
        "dmean": 0.892524659634,
        "dmean2": 1.53463613987,
        "dvar": 2.2499601841,
        "dvar2": 5.66121530533,
        "max": 18.0019111633,
        "mean": 1.38262033463,
        "median": 0.511643648148,
        "min": 0,
        "var": 3.7251021862
    },
    "zerocrossingrate": {
        "dmean": 0.0146357817575,
        "dmean2": 0.0171867255121,
        "dvar": 0.000294561847113,
        "dvar2": 0.000369852292351,
        "max": 0.8349609375,
        "mean": 0.10641117394,
        "median": 0.09765625,
        "min": 0.00244140625,
        "var": 0.00462218979374
    },
    "barkbands": {
        "dmean": [0.000258408341324, 0.0040648332797, 0.00167258491274, 0.000780906353611, 0.0009074054542, 0.000595193356276, 0.000653639435768, 0.000866216956638, 0.00106545747258, 0.00125691003632, 0.000778068322688, 0.000634886906482, 0.000711386383045, 0.000668360386044, 0.000685224949848, 0.000589859322645, 0.000527527765371, 0.00030343857361, 0.000548219075426, 0.00035634014057, 0.000292490265565, 0.000166501064086, 0.000142673146911, 0.00015628314577, 0.000145652753417, 6.36611221125e-05, 1.37184151754e-05],
        "dmean2": [0.000363932776963, 0.00608695065603, 0.0027792067267, 0.00136819889303, 0.00157411477994, 0.00098015461117, 0.00108615669888, 0.00140444131102, 0.00178754806984, 0.00206182687543, 0.00128491222858, 0.00103531288914, 0.00115060841199, 0.001078175148, 0.0010983760003, 0.000957313750405, 0.000865588488523, 0.000501174596138, 0.00086465140339, 0.000569332391024, 0.000452536216471, 0.000262236455455, 0.000227724201977, 0.000244235561695, 0.000219449502765, 9.74672511802e-05, 2.26915071835e-05],
        "dvar": [5.11634652867e-07, 6.49411231279e-05, 1.82144067367e-05, 4.93762627229e-06, 4.85608688905e-06, 2.01395778276e-06, 3.17364651892e-06, 4.72432020615e-06, 6.47869592285e-06, 6.61456442685e-06, 2.84256589111e-06, 1.78849984422e-06, 2.25145231525e-06, 2.44261582338e-06, 2.39587370743e-06, 1.67669372786e-06, 1.33162427574e-06, 2.75736965705e-07, 1.14355577807e-06, 4.07342184872e-07, 1.82566125773e-07, 6.49847535783e-08, 5.43399245601e-08, 1.04339839879e-07, 1.13367555343e-07, 1.96294465127e-08, 1.63583757651e-09],
        "dvar2": [8.84910946297e-07, 0.000147847822518, 4.68072357762e-05, 1.38064906423e-05, 1.35365762617e-05, 4.81326242152e-06, 7.66047560319e-06, 1.14908052637e-05, 1.66926220118e-05, 1.60301806318e-05, 6.93873835189e-06, 4.26900805905e-06, 5.45349985259e-06, 5.51367156731e-06, 5.52137407794e-06, 3.95202505388e-06, 3.24390975948e-06, 6.65263712563e-07, 2.6462103051e-06, 9.72805196398e-07, 3.92240906422e-07, 1.48807671962e-07, 1.31812910809e-07, 2.23576449798e-07, 2.21447834292e-07, 4.21735784073e-08, 4.3697361285e-09],
        "max": [0.024418098852, 0.109552264214, 0.0668037086725, 0.0399315804243, 0.0390068627894, 0.0281670223922, 0.0419817119837, 0.0366972871125, 0.0406379029155, 0.0438374951482, 0.0385903567076, 0.0332961678505, 0.034174259752, 0.029872527346, 0.0314590148628, 0.0252986941487, 0.036642126739, 0.014522632584, 0.0231372006238, 0.0133298682049, 0.00736571149901, 0.00555518548936, 0.0059651802294, 0.00780027126893, 0.0102281374857, 0.00471504824236, 0.00172080937773],
        "mean": [0.000458267924841, 0.00739058153704, 0.00181991164573, 0.000734671775717, 0.000950135872699, 0.000723092874978, 0.000777771871071, 0.00111228355672, 0.00119673204608, 0.00178227422293, 0.000972517707851, 0.000835025275592, 0.00102262885775, 0.000905697466806, 0.00100493128411, 0.000839670246933, 0.000773570442107, 0.000515300780535, 0.00100800977089, 0.000692441710271, 0.000631624832749, 0.000368631997844, 0.000296552432701, 0.000311846932163, 0.000272620440228, 0.000112258654553, 1.71455485543e-05],
        "median": [3.17919402733e-05, 0.00188017950859, 0.000377210672013, 0.000153457222041, 0.000297676073387, 0.000219703186303, 0.000233900442254, 0.000271609373158, 0.000407772778999, 0.000521338661201, 0.000293901830446, 0.000319677579682, 0.000353053270373, 0.000267302588327, 0.000337315199431, 0.00032611595816, 0.000386135972803, 0.000305320863845, 0.000461238611024, 0.000375998468371, 0.000407036481192, 0.000235096478718, 0.000186688528629, 0.000183158103027, 0.000138307135785, 5.15946303494e-05, 2.88346336674e-06],
        "min": [6.60725291614e-25, 2.02736720161e-24, 9.82963483609e-25, 7.88930719411e-25, 1.09262339303e-23, 8.70272297273e-24, 1.16984585479e-23, 6.56240607507e-24, 1.51611587582e-23, 6.18095317321e-24, 9.73199476084e-24, 1.88801961642e-23, 1.38363110441e-23, 2.8795972639e-23, 4.16108287177e-23, 4.54963252411e-23, 6.77560520103e-23, 8.16018735615e-23, 1.37858088e-22, 1.66391426756e-22, 2.03111273685e-22, 3.2351839531e-22, 3.88763326354e-22, 5.57763232134e-22, 8.14632549232e-22, 1.1843499713e-21, 1.9406477081e-21],
        "var": [1.92422589862e-06, 0.000172668689629, 1.85320095625e-05, 3.58395459443e-06, 4.19982234234e-06, 2.83262693301e-06, 3.82126063414e-06, 6.68557686367e-06, 6.59589477436e-06, 1.19700844152e-05, 4.24657855547e-06, 2.70293639915e-06, 4.37242215412e-06, 4.06900517191e-06, 5.06525975652e-06, 2.90405114356e-06, 1.90789933185e-06, 5.27096517544e-07, 2.53010898632e-06, 1.01295006516e-06, 5.09225401402e-07, 1.95286091298e-07, 1.37190454552e-07, 2.19094985709e-07, 2.41627247988e-07, 3.79250479909e-08, 1.73392999958e-09]
    },
    "erbbands": {
        "dmean": [0.148171886802, 0.890955865383, 1.86257982254, 2.2354388237, 2.74499154091, 3.10612201691, 3.64806056023, 5.48832321167, 8.30287742615, 12.6201257706, 19.7186794281, 23.8375205994, 29.6531677246, 41.7872543335, 26.3260250092, 26.4704685211, 30.6073818207, 32.3579750061, 34.4640655518, 30.2276325226, 30.5626983643, 25.1598129272, 16.095489502, 22.691078186, 26.9046649933, 16.7588214874, 13.9360151291, 9.11716556549, 6.66370916367, 5.18800640106, 3.87227368355, 3.32229948044, 2.71335792542, 1.97262489796, 0.884368419647, 0.357699304819, 0.102603934705, 0.0241149161011, 0.00220187800005, 3.83220321964e-05],
        "dmean2": [0.218632295728, 1.34914159775, 2.99032306671, 3.78480219841, 4.79179430008, 5.43348360062, 6.15272092819, 9.03580665588, 13.8047351837, 20.6752185822, 31.9468593597, 40.0813102722, 48.6917495728, 67.9552841187, 43.0161819458, 42.3617897034, 48.7183532715, 50.9466323853, 54.6208267212, 48.5966262817, 48.6039466858, 41.3196372986, 26.3837985992, 35.694229126, 42.5430679321, 26.4620227814, 21.8815174103, 14.2034101486, 10.4928979874, 8.22244548798, 6.23978376389, 5.29858875275, 4.22010087967, 3.02722406387, 1.32264173031, 0.545059382915, 0.157671287656, 0.038229227066, 0.00367338070646, 6.1859296693e-05],
        "dvar": [0.0994215905666, 3.35926938057, 19.8402709961, 36.3354911804, 51.4131202698, 58.1407394409, 65.8182754517, 217.416656494, 553.660339355, 1243.00158691, 2220.88110352, 3477.42675781, 4826.54541016, 7157.37451172, 3222.08325195, 3183.3215332, 4283.09960938, 5217.47314453, 6646.65820312, 4622.65234375, 4068.19067383, 3281.98095703, 799.115356445, 2087.41674805, 3018.9465332, 1009.92114258, 507.514587402, 173.007873535, 116.113449097, 70.097328186, 41.8808174133, 43.3986358643, 36.1961708069, 21.2946052551, 4.25770425797, 0.720577180386, 0.0512653887272, 0.00337856914848, 4.32570232078e-05, 8.17686274246e-09],
        "dvar2": [0.228660449386, 7.58759689331, 49.6274375916, 97.7601165771, 143.104354858, 163.180603027, 164.904190063, 518.640991211, 1348.38391113, 3051.44506836, 5512.54589844, 9089.40527344, 11964.6660156, 17557.6855469, 7785.61572266, 7415.28369141, 10280.6835938, 11954.5947266, 15473.9023438, 11261.2509766, 9460.12695312, 8216.38085938, 1993.61682129, 4607.67871094, 7181.28710938, 2247.03979492, 1142.10620117, 383.766204834, 265.783111572, 164.715393066, 105.208007812, 100.022171021, 77.9635162354, 44.1115570068, 8.25235748291, 1.50691866875, 0.113494291902, 0.00867328885943, 0.000115053459012, 2.13114965675e-08],
        "max": [4.22064399719, 27.4257831573, 60.6373062134, 121.498580933, 127.446739197, 118.806053162, 178.171966553, 352.626708984, 510.590087891, 764.844665527, 901.12677002, 882.368713379, 1192.26477051, 1223.55358887, 1398.74780273, 1652.00195312, 1672.04260254, 1623.99291992, 1885.27075195, 1448.46057129, 1697.75256348, 2275.06201172, 520.079833984, 1232.4387207, 1003.67468262, 860.386962891, 456.055786133, 218.520889282, 251.080078125, 272.564086914, 117.886131287, 135.925109863, 178.721405029, 122.903511047, 61.3579711914, 26.904592514, 7.57693815231, 1.60398960114, 0.288550794125, 0.00374959921464],
        "mean": [0.24794562161, 1.49630153179, 2.33175802231, 2.41688013077, 2.72264122963, 3.13889026642, 4.23070383072, 6.45198965073, 10.2979354858, 14.9064674377, 27.1301040649, 27.7353935242, 36.8833274841, 64.7260360718, 35.5980796814, 37.7186660767, 47.0737724304, 48.1897506714, 53.7625198364, 44.8751983643, 48.8144226074, 40.2928771973, 28.9897975922, 42.6244392395, 48.8449134827, 34.1962547302, 29.2741146088, 19.627779007, 14.269030571, 11.1989221573, 8.01735687256, 6.53621339798, 5.16014575958, 3.56065368652, 1.62972700596, 0.621316492558, 0.177510410547, 0.0378914438188, 0.00270511815324, 8.59732390381e-05],
        "median": [0.0398648940027, 0.395744919777, 0.70839458704, 0.706986606121, 0.680136203766, 0.939749956131, 1.35154736042, 1.89975059032, 3.12432837486, 4.72647428513, 7.61061954498, 10.353934288, 14.4606599808, 19.4817504883, 15.5407056808, 16.2401008606, 18.2137775421, 17.6988830566, 19.6136665344, 18.4536533356, 21.7836017609, 22.2134933472, 18.7625274658, 21.2427425385, 22.966217041, 18.6088104248, 18.2125663757, 13.0271663666, 8.88203430176, 7.03542375565, 5.01436519623, 3.91327190399, 2.89860677719, 1.84317398071, 0.791955471039, 0.288121759892, 0.0763955041766, 0.0136204278097, 0.000494871288538, 5.76931415708e-05],
        "min": [7.52038203452e-23, 2.66070893619e-22, 9.43001852233e-22, 3.79331781102e-21, 1.37846579466e-20, 3.51994851262e-20, 5.00353797715e-20, 8.04548240135e-20, 1.37079931673e-19, 1.50985044565e-19, 1.68994821527e-19, 3.48310142912e-19, 2.02445165393e-19, 7.3324732636e-19, 8.64116656747e-19, 1.0566222131e-18, 9.35478924059e-19, 1.74067462689e-18, 1.8738726258e-18, 2.8428894844e-18, 3.45820081114e-18, 4.13874360099e-18, 4.36178830367e-18, 5.52734038068e-18, 7.38875856159e-18, 8.29025556191e-18, 7.97672846716e-18, 9.32736551494e-18, 1.03160432159e-17, 1.12793943009e-17, 1.16113575972e-17, 9.66627133808e-18, 1.01842361212e-17, 8.13038057466e-18, 6.39491470408e-18, 3.8669576943e-18, 2.10378747706e-18, 9.23894569773e-19, 2.10213218526e-19, 2.71636807381e-20],
        "var": [0.233220070601, 7.96447706223, 24.5029563904, 30.6929855347, 41.684425354, 48.6286010742, 83.3873672485, 287.007629395, 684.180786133, 1420.28857422, 3606.53564453, 3405.88427734, 5655.98535156, 14845.4960938, 4170.57617188, 5174.19726562, 8868.15429688, 8987.79296875, 14191.4228516, 8037.17773438, 8636.03613281, 4739.07470703, 1255.58605957, 5030.79980469, 5951.77050781, 2704.28515625, 1260.51623535, 465.001495361, 315.033325195, 201.335205078, 102.581222534, 86.5737457275, 69.883026123, 41.2534790039, 9.10859107971, 1.34954369068, 0.096058242023, 0.00463210232556, 4.55079061794e-05, 1.08968878365e-08]
    },
    "gfcc": {
        "mean": [11.1585197449, 37.2761535645, -129.280181885, 29.2327690125, -56.7297286987, 23.9072589874, -28.1996574402, 19.1621341705, -22.7798233032, 8.93738460541, -15.8320856094, 1.93952596188, -9.82783794403],
        "cov": [[29391.3203125, 348.052642822, -1485.58813477, 1051.74755859, -927.449462891, 833.787536621, -702.024291992, 449.279541016, -611.894165039, 237.422622681, -611.275756836, 91.7394104004, -375.364959717], [348.052642822, 1487.33239746, 270.344116211, 230.580673218, 232.961685181, 12.9862356186, 105.142669678, -90.0898742676, 64.1092758179, -93.6644897461, 61.4082298279, -60.6661949158, 63.2123069763], [-1485.58813477, 270.344116211, 1656.51000977, 412.752227783, 438.901123047, 180.06539917, 131.005859375, 66.6339111328, 54.2548713684, -17.7541866302, 12.139497757, 27.3790664673, -62.4551429749], [1051.74755859, 230.580673218, 412.752227783, 646.279052734, 244.24671936, 189.950592041, 121.310089111, 90.8729324341, -12.0107154846, 0.462086647749, -22.6200065613, -6.42681312561, -38.6003799438], [-927.449462891, 232.961685181, 438.901123047, 244.24671936, 562.693969727, 229.676971436, 142.73576355, -16.4754199982, 101.865653992, -1.57102489471, 10.334982872, 22.2077579498, -8.69066619873], [833.787536621, 12.9862356186, 180.06539917, 189.950592041, 229.676971436, 393.592407227, 100.491363525, 39.9429359436, 59.319644928, 50.7500572205, -31.1269989014, 26.8094444275, -1.63771533966], [-702.024291992, 105.142669678, 131.005859375, 121.310089111, 142.73576355, 100.491363525, 306.713226318, 122.709213257, 58.2179298401, 13.7664728165, 41.0293197632, 10.0781908035, 20.7169532776], [449.279541016, -90.0898742676, 66.6339111328, 90.8729324341, -16.4754199982, 39.9429359436, 122.709213257, 249.46333313, 41.2230949402, 37.9106788635, 27.7032241821, 29.4348449707, -0.476043522358], [-611.894165039, 64.1092758179, 54.2548713684, -12.0107154846, 101.865653992, 59.319644928, 58.2179298401, 41.2230949402, 193.556304932, 76.202583313, 39.254611969, 18.8415870667, 35.4414901733], [237.422622681, -93.6644897461, -17.7541866302, 0.462086647749, -1.57102489471, 50.7500572205, 13.7664728165, 37.9106788635, 76.202583313, 154.595932007, 54.7065124512, 24.2876319885, 13.6639595032], [-611.275756836, 61.4082298279, 12.139497757, -22.6200065613, 10.334982872, -31.1269989014, 41.0293197632, 27.7032241821, 39.254611969, 54.7065124512, 150.518218994, 51.8733291626, 34.377117157], [91.7394104004, -60.6661949158, 27.3790664673, -6.42681312561, 22.2077579498, 26.8094444275, 10.0781908035, 29.4348449707, 18.8415870667, 24.2876319885, 51.8733291626, 120.94278717, 47.4337921143], [-375.364959717, 63.2123069763, -62.4551429749, -38.6003799438, -8.69066619873, -1.63771533966, 20.7169532776, -0.476043522358, 35.4414901733, 13.6639595032, 34.377117157, 47.4337921143, 119.66783905]],
        "icov": [[9.99125404633e-05, -0.000187427547644, 0.000127545994474, -0.00013440073235, 0.000179435344762, -0.000276015634881, 0.0003050545929, -0.000320456107147, 0.000337781617418, -0.000409805536037, 0.000489067228045, -0.000452769483672, 0.000376511685317], [-0.000187427547644, 0.0013403466437, -0.000297799066175, -0.000166582234669, -0.000426897720899, 0.000572849239688, -0.000706320803147, 0.00110474938992, -0.00115973153152, 0.00171398639213, -0.00177518965211, 0.00178091751877, -0.0014497586526], [0.000127545994474, -0.000297799066175, 0.00101278629154, -0.00048368514399, -0.000299259176245, -0.000267059804173, 0.000451754574897, -0.000589922245126, 0.000371631293092, -0.000400593009545, 0.000570096657611, -0.000872317934409, 0.00094167154748], [-0.00013440073235, -0.000166582234669, -0.00048368514399, 0.00275937491097, -0.000951576163061, -0.000238096516114, -0.000499587971717, -0.000661468831822, 0.000849467178341, -0.00015610877017, -0.000125821563415, 0.000723907782231, -0.000169012128026], [0.000179435344762, -0.000426897720899, -0.000299259176245, -0.000951576163061, 0.00416840938851, -0.00187847099733, -0.00057764997473, 0.00110020663124, -0.00136208953336, 0.000506990589201, 0.000425624690251, -0.00158495944925, 0.00155809673015], [-0.000276015634881, 0.000572849239688, -0.000267059804173, -0.000238096516114, -0.00187847099733, 0.00504932459444, -0.00157448777463, 0.000876061094459, -0.000958410440944, -0.000741005467717, 0.000815921288449, 5.31519472133e-05, -0.00106282043271], [0.0003050545929, -0.000706320803147, 0.000451754574897, -0.000499587971717, -0.00057764997473, -0.00157448777463, 0.00633601145819, -0.00373519165441, 0.000879433762748, -0.00042130946531, -1.07292917164e-05, 7.81364215072e-05, -1.08948343041e-05], [-0.000320456107147, 0.00110474938992, -0.000589922245126, -0.000661468831822, 0.00110020663124, 0.000876061094459, -0.00373519165441, 0.00761056831107, -0.00270562851802, 0.00127249525394, -0.00178578228224, -4.99155576108e-05, -0.000152383814566], [0.000337781617418, -0.00115973153152, 0.000371631293092, 0.000849467178341, -0.00136208953336, -0.000958410440944, 0.000879433762748, -0.00270562851802, 0.00993470288813, -0.0057182922028, 0.00202469178475, -0.000831712794024, -0.000676300842315], [-0.000409805536037, 0.00171398639213, -0.000400593009545, -0.00015610877017, 0.000506990589201, -0.000741005467717, -0.00042130946531, 0.00127249525394, -0.0057182922028, 0.0128699243069, -0.00645874999464, 0.00264105224051, -0.00131297879852], [0.000489067228045, -0.00177518965211, 0.000570096657611, -0.000125821563415, 0.000425624690251, 0.000815921288449, -1.07292917164e-05, -0.00178578228224, 0.00202469178475, -0.00645874999464, 0.0135017354041, -0.00668714847416, 0.00167537655216], [-0.000452769483672, 0.00178091751877, -0.000872317934409, 0.000723907782231, -0.00158495944925, 5.31519472133e-05, 7.81364215072e-05, -4.99155576108e-05, -0.000831712794024, 0.00264105224051, -0.00668714847416, 0.0151854977012, -0.00686423433945], [0.000376511685317, -0.0014497586526, 0.00094167154748, -0.000169012128026, 0.00155809673015, -0.00106282043271, -1.08948343041e-05, -0.000152383814566, -0.000676300842315, -0.00131297879852, 0.00167537655216, -0.00686423433945, 0.0134298847988]]
    },
    "melbands": {
        "dmean": [0.00120188575238, 0.000936775002629, 0.000378245633328, 0.000211602557101, 0.000125941369333, 0.000120334574603, 0.000128802887048, 0.000148249804624, 0.00016485733795, 0.000154400710016, 0.000154342400492, 0.000177816531505, 9.73507194431e-05, 7.11725006113e-05, 7.50455292291e-05, 7.04050471541e-05, 6.4813735662e-05, 5.96061836404e-05, 5.02620423504e-05, 4.35455403931e-05, 3.85046514566e-05, 3.02751195704e-05, 2.18931545533e-05, 1.37247807288e-05, 2.09386398637e-05, 2.45538176387e-05, 1.61553780345e-05, 1.21988550745e-05, 1.00336937976e-05, 8.54801146488e-06, 5.11699909111e-06, 3.90784816773e-06, 3.71387545783e-06, 3.05396042677e-06, 2.42101009462e-06, 2.27175837608e-06, 2.13165731111e-06, 2.01548596124e-06, 1.94743051907e-06, 1.7005686459e-06],
        "dmean2": [0.00177604286, 0.00145629968029, 0.000628313980997, 0.000367227068637, 0.000213690320379, 0.000198307432584, 0.00021357096557, 0.000241264526267, 0.000268698204309, 0.000259838445345, 0.000253083650023, 0.000289180636173, 0.000159402436111, 0.000115919669042, 0.00012048031931, 0.00011308764806, 0.000103227408545, 9.54372226261e-05, 8.02404611022e-05, 7.05132260919e-05, 6.23267842457e-05, 5.01767353853e-05, 3.59306541213e-05, 2.26953106903e-05, 3.32795752911e-05, 3.91170760849e-05, 2.60759825323e-05, 1.94857802853e-05, 1.60234394571e-05, 1.33481271405e-05, 8.11445715954e-06, 6.24551648798e-06, 5.89839692111e-06, 4.93592506245e-06, 3.9503820517e-06, 3.68872315448e-06, 3.41779809787e-06, 3.17166882269e-06, 3.0516928291e-06, 2.6392235668e-06],
        "dvar": [5.73413990423e-06, 3.90750074075e-06, 9.63123966358e-07, 2.86990882614e-07, 7.43952739413e-08, 9.75524798719e-08, 1.25240219973e-07, 1.62524955272e-07, 1.45481365621e-07, 1.47943865159e-07, 1.28619888073e-07, 1.32136577236e-07, 4.58850095697e-08, 2.25284342292e-08, 2.70255746671e-08, 2.31006680451e-08, 2.36912676144e-08, 2.15872297815e-08, 1.41289069333e-08, 1.03311998956e-08, 7.08596648025e-09, 5.80855319399e-09, 2.1655879312e-09, 5.87125681406e-10, 2.02316030595e-09, 2.74768230391e-09, 1.20882981403e-09, 5.99013949554e-10, 3.1887620322e-10, 1.89267573836e-10, 5.96758892302e-11, 3.99741038881e-11, 4.02226620067e-11, 2.80224888433e-11, 1.71669328058e-11, 1.85156161236e-11, 1.93621195466e-11, 1.89614296486e-11, 2.22508574066e-11, 1.56095778664e-11],
        "dvar2": [1.31702754516e-05, 9.29051748244e-06, 2.56293060374e-06, 7.99372173788e-07, 1.93198090415e-07, 2.33300667674e-07, 3.02071072156e-07, 3.96332154651e-07, 3.66503968507e-07, 3.86454701129e-07, 3.18009313105e-07, 3.24288663478e-07, 1.12082986448e-07, 5.36078772484e-08, 6.61186305706e-08, 5.4849465414e-08, 5.36164073139e-08, 5.11031288397e-08, 3.27980451686e-08, 2.48895855037e-08, 1.67321498878e-08, 1.45263783224e-08, 5.33376010026e-09, 1.43114731177e-09, 4.481460536e-09, 6.55126219939e-09, 2.98001268106e-09, 1.36501354664e-09, 7.83360376566e-10, 4.28411778275e-10, 1.40038342034e-10, 9.37037045179e-11, 9.29968116403e-11, 6.59454366114e-11, 4.42705039294e-11, 4.58029413009e-11, 4.55899415441e-11, 4.26922802665e-11, 4.83502474169e-11, 3.32494032307e-11],
        "max": [0.030999628827, 0.0291014909744, 0.0173675455153, 0.00979850348085, 0.00525514595211, 0.00691575929523, 0.00780284311622, 0.00839884299785, 0.00637853331864, 0.00597385223955, 0.00609798030928, 0.00539000332355, 0.00603684317321, 0.00292113632895, 0.00361563055776, 0.00261333608069, 0.00372733990662, 0.00334841688164, 0.00262540252879, 0.00237210444175, 0.00191851553973, 0.00329997157678, 0.00108120730147, 0.000622228719294, 0.0012080585584, 0.00105589616578, 0.000833152560517, 0.000644026673399, 0.00038167583989, 0.00025952688884, 0.000135158275953, 0.000123648162116, 0.000149759231135, 0.000199518326554, 8.91134041012e-05, 9.51475594775e-05, 9.18698569876e-05, 0.000120608819998, 0.000123577861814, 0.00012078803411],
        "mean": [0.00214375462383, 0.00151878967881, 0.000432783301221, 0.00021323900728, 0.000145303376485, 0.000144141595229, 0.000159316739882, 0.000175759239937, 0.000223158072913, 0.000171061547007, 0.000186006567674, 0.000269977434073, 0.000122758734506, 9.54304850893e-05, 0.000102026846434, 0.000100430632301, 8.73393582879e-05, 8.44076857902e-05, 6.90354063408e-05, 5.77754799451e-05, 5.63478643016e-05, 4.31189000665e-05, 3.28542737407e-05, 2.29416491493e-05, 3.5055763874e-05, 4.02902878704e-05, 2.69523570751e-05, 2.16937096411e-05, 1.81800623977e-05, 1.61746011145e-05, 9.56953681452e-06, 7.67932488088e-06, 7.34424293114e-06, 5.87886597714e-06, 4.63026208308e-06, 4.18552372139e-06, 3.88640091842e-06, 3.63513049706e-06, 3.39213943334e-06, 2.8905947147e-06],
        "median": [0.000468764628749, 0.000574424338993, 0.00013690686319, 5.97386606387e-05, 4.84438132844e-05, 4.25076650572e-05, 4.81735514768e-05, 5.26030053152e-05, 6.26329201623e-05, 5.95934907324e-05, 6.57236087136e-05, 7.37752925488e-05, 4.38568094978e-05, 3.78575750801e-05, 3.79841440008e-05, 3.43619431078e-05, 2.67395334959e-05, 2.70846903732e-05, 2.38153243117e-05, 2.15854233829e-05, 2.30023706536e-05, 2.11240912904e-05, 1.78868958756e-05, 1.31505503305e-05, 1.57052381837e-05, 1.66906193044e-05, 1.31442338898e-05, 1.09925276774e-05, 1.0630320503e-05, 9.51339825406e-06, 6.02164573138e-06, 4.61193212686e-06, 4.25690723205e-06, 3.54023586624e-06, 2.80580275103e-06, 2.40773010773e-06, 2.24845803132e-06, 2.02459159482e-06, 1.76847208877e-06, 1.43407385167e-06],
        "min": [7.87831589651e-25, 7.08316333253e-25, 9.47780385844e-25, 2.05955016274e-24, 1.62064885989e-24, 1.62832003916e-24, 2.1686583034e-24, 1.12658971229e-24, 1.27226471136e-24, 1.75827668886e-24, 5.02148472446e-25, 2.822478449e-24, 2.25280846275e-24, 2.11573895008e-24, 3.16614925223e-24, 1.65209827899e-24, 2.45251353128e-24, 2.10552675124e-24, 3.40092254066e-24, 3.76689996371e-24, 4.02851187786e-24, 3.42232473145e-24, 4.30988909642e-24, 3.53624413477e-24, 3.58250451598e-24, 4.00279737894e-24, 4.8553840458e-24, 4.62185360773e-24, 4.37640348137e-24, 4.39275499021e-24, 4.90207238405e-24, 4.68172302284e-24, 4.61964953036e-24, 5.36552224941e-24, 5.09544191344e-24, 5.62326992841e-24, 5.6991492756e-24, 5.75140499968e-24, 6.02870380736e-24, 6.46275755995e-24],
        "var": [1.50465029947e-05, 7.57579164201e-06, 8.62000831603e-07, 2.46176142582e-07, 8.54129709182e-08, 1.32370345796e-07, 1.57331044193e-07, 1.90210130313e-07, 2.35405124727e-07, 1.41996679304e-07, 1.52327459091e-07, 2.75131895933e-07, 5.91080713264e-08, 3.40837615909e-08, 4.28441495615e-08, 4.28217603599e-08, 3.79911426762e-08, 3.99127699779e-08, 2.49712055478e-08, 1.58083235391e-08, 1.33535769109e-08, 7.69903518716e-09, 3.04712521881e-09, 1.06394659749e-09, 4.34549551898e-09, 5.03718267097e-09, 2.05000949549e-09, 1.3759700046e-09, 5.84981008078e-10, 4.42556769009e-10, 1.2895685908e-10, 9.59393745004e-11, 1.06181091697e-10, 6.6349842287e-11, 3.94990047614e-11, 3.56094147225e-11, 3.46066057755e-11, 3.45829372084e-11, 3.94582075347e-11, 2.8593249296e-11]
    },
    "mfcc": {
        "mean": [-616.193908691, 71.5143890381, -12.4776306152, 11.1754398346, -1.41629397869, 5.29679679871, 7.70775175095, 6.24214506149, 6.74591255188, 6.7923283577, 1.79057359695, 2.29265499115, 1.74012088776],
        "cov": [[9373.51660156, 250.922897339, -56.7089157104, 256.605621338, 23.5522060394, 132.652450562, 161.769836426, 157.344787598, 144.642730713, 94.8940887451, 8.64125347137, 13.566239357, 13.1011400223], [250.922897339, 1179.46850586, 209.888839722, 172.535095215, 146.383911133, 113.626319885, 49.8811836243, 51.9704627991, 18.0519638062, 1.15622103214, 1.33755409718, 16.9147205353, 2.32484126091], [-56.7089157104, 209.888839722, 917.801147461, 316.252929688, 259.44708252, 120.468833923, 133.657791138, 116.288200378, 28.26030159, 66.986541748, 31.0390872955, -3.16519474983, 33.8792228699], [256.605621338, 172.535095215, 316.252929688, 531.969726562, 170.958450317, 96.2551651001, 162.598083496, 123.908676147, 41.7266349792, 49.2584190369, 36.8213577271, -2.18361997604, 25.1558647156], [23.5522060394, 146.383911133, 259.44708252, 170.958450317, 429.151641846, 253.169494629, 72.7090377808, 100.383087158, 48.4247550964, 32.8833694458, 25.8461399078, 29.0718345642, 20.6540756226], [132.652450562, 113.626319885, 120.468833923, 96.2551651001, 253.169494629, 409.522247314, 104.531852722, 84.7216796875, 91.5830841064, 39.8131637573, 36.5144004822, 24.5413131714, 17.4269294739], [161.769836426, 49.8811836243, 133.657791138, 162.598083496, 72.7090377808, 104.531852722, 250.295379639, 135.123306274, 54.8621406555, 53.1938743591, 39.8061408997, 15.3682985306, 19.3087215424], [157.344787598, 51.9704627991, 116.288200378, 123.908676147, 100.383087158, 84.7216796875, 135.123306274, 218.420898438, 89.9065551758, 42.7999916077, 37.3344764709, 9.49217891693, 20.3523845673], [144.642730713, 18.0519638062, 28.26030159, 41.7266349792, 48.4247550964, 91.5830841064, 54.8621406555, 89.9065551758, 181.015655518, 70.1353302002, 32.9526367188, 34.0226478577, 20.8093395233], [94.8940887451, 1.15622103214, 66.986541748, 49.2584190369, 32.8833694458, 39.8131637573, 53.1938743591, 42.7999916077, 70.1353302002, 142.884750366, 61.3152503967, 30.0517253876, 21.0225791931], [8.64125347137, 1.33755409718, 31.0390872955, 36.8213577271, 25.8461399078, 36.5144004822, 39.8061408997, 37.3344764709, 32.9526367188, 61.3152503967, 120.432220459, 49.4741744995, 32.1146087646], [13.566239357, 16.9147205353, -3.16519474983, -2.18361997604, 29.0718345642, 24.5413131714, 15.3682985306, 9.49217891693, 34.0226478577, 30.0517253876, 49.4741744995, 122.609870911, 55.0281867981], [13.1011400223, 2.32484126091, 33.8792228699, 25.1558647156, 20.6540756226, 17.4269294739, 19.3087215424, 20.3523845673, 20.8093395233, 21.0225791931, 32.1146087646, 55.0281867981, 110.380264282]],
