{
"lowlevel": {
    "average_loudness": 0.955695986748,
    "barkbands_crest": {
        "dmean": 3.31202363968,
        "dmean2": 5.59305334091,
        "dvar": 8.70980930328,
        "dvar2": 24.9678592682,
        "max": 26.6826095581,
        "mean": 8.9786901474,
        "median": 8.26238632202,
        "min": 1.83411335945,
        "var": 17.3895492554
    },
    "barkbands_flatness_db": {
        "dmean": 0.0195373892784,
        "dmean2": 0.0326983332634,
        "dvar": 0.000455822155345,
        "dvar2": 0.00113686313853,
        "max": 0.871003031731,
        "mean": 0.0749279037118,
        "median": 0.057125415653,
        "min": 0.0102757038549,
        "var": 0.00387632986531
    },
    "barkbands_kurtosis": {
        "dmean": 2.65599608421,
        "dmean2": 4.72467136383,
        "dvar": 1102.37695312,
        "dvar2": 3382.51489258,
        "max": 1861.78979492,
        "mean": 1.99961721897,
        "median": -0.469737172127,
        "min": -1.87949383259,
        "var": 1271.13696289
    },
    "barkbands_skewness": {
        "dmean": 0.536704838276,
        "dmean2": 0.899571597576,
        "dvar": 0.516693234444,
        "dvar2": 1.25532996655,
        "max": 28.8327732086,
        "mean": 0.902442216873,
        "median": 0.835690379143,
        "min": -2.83845901489,
        "var": 1.65265512466
    },
    "barkbands_spread": {
        "dmean": 7.87396526337,
        "dmean2": 13.361743927,
        "dvar": 62.7435455322,
        "dvar2": 171.593109131,
        "max": 97.5315093994,
        "mean": 44.9401092529,
        "median": 48.2780036926,
        "min": 0.0459560528398,
        "var": 278.500091553
    },
    "dissonance": {
        "dmean": 0.0100818304345,
        "dmean2": 0.0174401719123,
        "dvar": 0.000238728011027,
        "dvar2": 0.000701251672581,
        "max": 0.500000119209,
        "mean": 0.485729008913,
        "median": 0.489781320095,
        "min": 0.146286740899,
        "var": 0.000288484588964
    },
    "dynamic_complexity": 2.58713912964,
    "erbbands_crest": {
        "dmean": 1.38397097588,
        "dmean2": 2.33268976212,
        "dvar": 2.57816624641,
        "dvar2": 6.83669376373,
        "max": 29.4661369324,
        "mean": 5.25470495224,
        "median": 4.27010011673,
        "min": 2.02463555336,
        "var": 8.45186424255
    },
    "erbbands_flatness_db": {
        "dmean": 0.0115560432896,
        "dmean2": 0.018424924463,
        "dvar": 0.000182656847755,
        "dvar2": 0.000375368137611,
        "max": 0.530731856823,
        "mean": 0.107994265854,
        "median": 0.0889256000519,
        "min": 0.045320443809,
        "var": 0.00313727534376
    },
    "erbbands_kurtosis": {
        "dmean": 0.749444365501,
        "dmean2": 1.24813473225,
        "dvar": 38.7761688232,
        "dvar2": 104.156707764,
        "max": 426.985412598,
        "mean": 0.215727612376,
        "median": -0.245998859406,
        "min": -1.78240466118,
        "var": 28.3925704956
    },
    "erbbands_skewness": {
        "dmean": 0.269420415163,
        "dmean2": 0.446172297001,
        "dvar": 0.0880929753184,
        "dvar2": 0.209249675274,
        "max": 11.6969594955,
        "mean": -0.314616769552,
        "median": -0.336151689291,
        "min": -3.25963616371,
        "var": 0.325755268335
    },
    "erbbands_spread": {
        "dmean": 7.90525627136,
        "dmean2": 13.3105554581,
        "dvar": 61.4886894226,
        "dvar2": 161.857467651,
        "max": 144.718109131,
        "mean": 44.2232055664,
        "median": 44.6891593933,
        "min": 0.588537335396,
        "var": 222.352233887
    },
    "hfc": {
        "dmean": 11.7632236481,
        "dmean2": 20.0887241364,
        "dvar": 210.324737549,
        "dvar2": 579.926574707,
        "max": 199.456298828,
        "mean": 48.8591957092,
        "median": 53.2326622009,
        "min": 1.0247601134e-16,
        "var": 880.127990723
    },
    "melbands_crest": {
        "dmean": 4.68061876297,
        "dmean2": 7.91110467911,
        "dvar": 14.5820093155,
        "dvar2": 41.9346504211,
        "max": 39.9474563599,
        "mean": 15.2889690399,
        "median": 15.3055019379,
        "min": 1.54092288017,
        "var": 38.1981582642
    },
    "melbands_flatness_db": {
        "dmean": 0.0294208209962,
        "dmean2": 0.0489798076451,
        "dvar": 0.000856301514432,
        "dvar2": 0.00219934945926,
        "max": 1,
        "mean": 0.135244816542,
        "median": 0.12269090116,
        "min": 0.00205426849425,
        "var": 0.00562122650445
    },
    "melbands_kurtosis": {
        "dmean": 25.0154323578,
        "dmean2": 45.3295936584,
        "dvar": 908147.125,
        "dvar2": 2516454.5,
        "max": 69564.90625,
        "mean": 25.7250137329,
        "median": 5.6209192276,
        "min": -1.7784409523,
        "var": 780196.9375
    },
    "melbands_skewness": {
        "dmean": 0.903396964073,
        "dmean2": 1.51661002636,
        "dvar": 7.69256019592,
        "dvar2": 17.7514343262,
        "max": 221.97076416,
        "mean": 2.57159852982,
        "median": 2.34353423119,
        "min": -1.61597001553,
        "var": 14.2927751541
    },
    "melbands_spread": {
        "dmean": 13.4685983658,
        "dmean2": 22.9403247833,
        "dvar": 171.949935913,
        "dvar2": 473.199981689,
        "max": 158.815002441,
        "mean": 43.512298584,
        "median": 39.153503418,
        "min": 0.00798842310905,
        "var": 643.319335938
    },
    "pitch_salience": {
        "dmean": 0.0933877080679,
        "dmean2": 0.155203849077,
        "dvar": 0.00691327126697,
        "dvar2": 0.0189526248723,
        "max": 0.929223239422,
        "mean": 0.577063441277,
        "median": 0.589627981186,
        "min": 0.00247100065462,
        "var": 0.0165260452777
    },
    "silence_rate_20dB": {
        "dmean": 0,
        "dmean2": 0,
        "dvar": 0,
        "dvar2": 0,
        "max": 1,
        "mean": 1,
        "median": 1,
        "min": 1,
        "var": 0
    },
    "silence_rate_30dB": {
        "dmean": 0,
        "dmean2": 0,
        "dvar": 0,
        "dvar2": 0,
        "max": 1,
        "mean": 1,
        "median": 1,
        "min": 1,
        "var": 0
    },
    "silence_rate_60dB": {
        "dmean": 0.00450868578628,
        "dmean2": 0.00901856739074,
        "dvar": 0.00448891101405,
        "dvar2": 0.00999722070992,
        "max": 1,
        "mean": 0.070405729115,
        "median": 0,
        "min": 0,
        "var": 0.0654504597187
    },
    "spectral_centroid": {
        "dmean": 295.416992188,
        "dmean2": 505.872070312,
        "dvar": 90687.59375,
        "dvar2": 234433.578125,
        "max": 11927.4003906,
        "mean": 2490.84179688,
        "median": 2360.63964844,
        "min": 54.9691886902,
        "var": 2558370.5
    },
    "spectral_complexity": {
        "dmean": 4.6741809845,
        "dmean2": 7.86498689651,
        "dvar": 23.872253418,
        "dvar2": 61.6675186157,
        "max": 66,
        "mean": 36.9937667847,
        "median": 43,
        "min": 0,
        "var": 269.212799072
    },
    "spectral_decrease": {
        "dmean": 2.08989470174e-09,
        "dmean2": 3.47084050389e-09,
        "dvar": 4.56276879069e-18,
        "dvar2": 1.2596622351e-17,
        "max": 1.5161371912e-28,
        "mean": -7.93635379637e-09,
        "median": -8.43888336988e-09,
        "min": -2.4510494967e-08,
        "var": 1.80311311466e-17
    },
    "spectral_energy": {
        "dmean": 0.00806421972811,
        "dmean2": 0.0134670883417,
        "dvar": 6.68258508085e-05,
        "dvar2": 0.000183850308531,
        "max": 0.0934419855475,
        "mean": 0.0343852899969,
        "median": 0.0375598818064,
        "min": 9.33627609837e-21,
        "var": 0.000315022683935
    },
    "spectral_energyband_high": {
        "dmean": 0.00113802473061,
        "dmean2": 0.00192204315681,
        "dvar": 2.2851961603e-06,
        "dvar2": 6.24567383056e-06,
        "max": 0.0220563486218,
        "mean": 0.00398269901052,
        "median": 0.00413302425295,
        "min": 6.92594126364e-21,
        "var": 8.47107730806e-06
    },
    "spectral_energyband_low": {
        "dmean": 0.00795585848391,
        "dmean2": 0.012977537699,
        "dvar": 7.23134289728e-05,
        "dvar2": 0.000188546560821,
        "max": 0.0892098098993,
        "mean": 0.0154271777719,
        "median": 0.0129011441022,
        "min": 1.17721421008e-23,
        "var": 0.000170972707565
    },
    "spectral_energyband_middle_high": {
        "dmean": 0.00245038932189,
        "dmean2": 0.00416606431827,
        "dvar": 7.21824062566e-06,
        "dvar2": 2.04845036933e-05,
        "max": 0.0282190460712,
        "mean": 0.00794462300837,
        "median": 0.00808360986412,
        "min": 1.12850003285e-21,
        "var": 2.22894122999e-05
    },
    "spectral_energyband_middle_low": {
        "dmean": 0.00347511284053,
        "dmean2": 0.00587707338855,
        "dvar": 1.87702189578e-05,
        "dvar2": 5.00945861859e-05,
        "max": 0.0602787435055,
        "mean": 0.00795560516417,
        "median": 0.00731527572498,
        "min": 1.60427663556e-22,
        "var": 3.46542801708e-05
    },
    "spectral_entropy": {
        "dmean": 0.0847179591656,
        "dmean2": 0.13737270236,
        "dvar": 0.0125788403675,
        "dvar2": 0.0249084047973,
        "max": 9.82785606384,
        "mean": 8.15995121002,
        "median": 8.27471923828,
        "min": 3.14676856995,
        "var": 0.268765330315
    },
    "spectral_flux": {
        "dmean": 0.0183235462755,
        "dmean2": 0.030268041417,
        "dvar": 0.000311707874062,
        "dvar2": 0.000805561721791,
        "max": 0.311076581478,
        "mean": 0.1125696823,
        "median": 0.122548878193,
        "min": 6.24315252273e-11,
        "var": 0.00233468879014
    },
    "spectral_kurtosis": {
        "dmean": 1.00834441185,
        "dmean2": 1.65097951889,
        "dvar": 24.0238056183,
        "dvar2": 63.7100334167,
        "max": 250.542678833,
        "mean": 3.67511510849,
        "median": 2.44906783104,
        "min": -1.26799464226,
        "var": 94.3199462891
    },
    "spectral_rms": {
        "dmean": 0.000652697635815,
        "dmean2": 0.00108730373904,
        "dvar": 3.8123619106e-07,
        "dvar2": 1.03746049263e-06,
        "max": 0.00954792741686,
        "mean": 0.00543562276289,
        "median": 0.00605341140181,
        "min": 3.01803937744e-12,
        "var": 4.0005329538e-06
    },
    "spectral_rolloff": {
        "dmean": 973.20513916,
        "dmean2": 1630.41674805,
        "dvar": 1067558.25,
        "dvar2": 2854269.5,
        "max": 19573.6816406,
        "mean": 3426.35205078,
        "median": 2928.515625,
        "min": 21.533203125,
        "var": 9550815
    },
    "spectral_skewness": {
        "dmean": 0.132930576801,
        "dmean2": 0.221292212605,
        "dvar": 0.0646819248796,
        "dvar2": 0.172570645809,
        "max": 11.7208127975,
        "mean": 1.3087028265,
        "median": 1.22777116299,
        "min": -0.104109510779,
        "var": 0.461545079947
    },
    "spectral_spread": {
        "dmean": 470119.6875,
        "dmean2": 770952.1875,
        "dvar": 469213904896,
        "dvar2": 1.03545058099e+12,
        "max": 42982780,
        "mean": 6574495.5,
        "median": 5904497.5,
        "min": 267152.875,
        "var": 3.63072711557e+13
    },
    "spectral_strongpeak": {
        "dmean": 0.256686925888,
        "dmean2": 0.451921254396,
        "dvar": 0.219182580709,
        "dvar2": 0.608800113201,
        "max": 5.33189582825,
        "mean": 0.397321373224,
        "median": 0.267205715179,
        "min": 0,
        "var": 0.244153916836
    },
    "zerocrossingrate": {
        "dmean": 0.0126062808558,
        "dmean2": 0.01693286933,
        "dvar": 0.000161768330145,
        "dvar2": 0.000262854882749,
        "max": 0.685546875,
        "mean": 0.114505901933,
        "median": 0.107421875,
        "min": 0.0009765625,
        "var": 0.00586626911536
    },
    "barkbands": {
        "dmean": [0.000770897604525, 0.00664762174711, 0.00388819514774, 0.00150908972137, 0.00215836265124, 0.000894053780939, 0.000636213866528, 0.000617231591605, 0.000566982198507, 0.000541165238246, 0.000441736745415, 0.000472459912999, 0.00041148730088, 0.000419841846451, 0.000440297590103, 0.000434226385551, 0.00040585550596, 0.000458255439298, 0.000381637946703, 0.000368918350432, 0.000323390966514, 0.00029304146301, 0.000221863941988, 0.000198836671188, 0.000158958690008, 9.56758158281e-05, 3.71619571524e-05],
        "dmean2": [0.00124884140678, 0.0107883680612, 0.00662281410769, 0.00261168903671, 0.00389753933996, 0.00157812226098, 0.00113163259812, 0.00105803390034, 0.000961333629675, 0.000906230590772, 0.00075398752233, 0.000793231010903, 0.000701052893419, 0.000719573057722, 0.000755109416787, 0.000749155587982, 0.000695729453582, 0.000799698813353, 0.000662731006742, 0.000638971512672, 0.000553130230401, 0.000507323129568, 0.000376420037355, 0.00033461136627, 0.000265811569989, 0.000156365451403, 6.06598041486e-05],
        "dvar": [1.84866394193e-06, 6.23815358267e-05, 3.02883308905e-05, 5.34448599865e-06, 1.0140390259e-05, 1.4401180124e-06, 8.17844750145e-07, 7.27495717001e-07, 6.94559901149e-07, 7.42596057535e-07, 3.17254858828e-07, 4.34747107647e-07, 3.67745798258e-07, 2.70920025969e-07, 4.56447111219e-07, 3.23121724932e-07, 3.47782872723e-07, 3.34237711286e-07, 2.4023981382e-07, 2.1535704775e-07, 1.8911356392e-07, 1.4214857913e-07, 8.27107271562e-08, 6.67372006546e-08, 4.41828298392e-08, 1.78089809566e-08, 2.56841059532e-09],
        "dvar2": [4.42776490672e-06, 0.000164576485986, 8.16658939584e-05, 1.45095918924e-05, 2.86443664663e-05, 4.08181404055e-06, 2.30798877965e-06, 1.88894239272e-06, 1.8795460619e-06, 1.85764508842e-06, 8.54952020291e-07, 1.09486268229e-06, 9.9174224033e-07, 7.47501985643e-07, 1.33209221076e-06, 9.41123289522e-07, 9.84706275631e-07, 9.62625676948e-07, 6.84555743646e-07, 6.22581410425e-07, 5.360132036e-07, 3.99686967967e-07, 2.20223341785e-07, 1.77203332896e-07, 1.18228790313e-07, 4.54638175995e-08, 6.50533049651e-09],
        "max": [0.0164586212486, 0.0854287743568, 0.0556914173067, 0.0521583817899, 0.0468032285571, 0.0126401251182, 0.01028131973, 0.0112527571619, 0.0194826573133, 0.021950783208, 0.00768832955509, 0.013900202699, 0.0191017314792, 0.00801895838231, 0.0122854923829, 0.00847186241299, 0.0103726666421, 0.00716229528189, 0.00726303271949, 0.00689714448527, 0.00784043222666, 0.00483732158318, 0.00492272526026, 0.00335133285262, 0.00254022330046, 0.00202301819809, 0.00056286592735],
        "mean": [0.000931327638682, 0.00982505176216, 0.00387935806066, 0.00161530985497, 0.00237425463274, 0.00119612063281, 0.000805293559097, 0.000867419003043, 0.000883269589394, 0.000864834815729, 0.000654701376334, 0.000761434668675, 0.000690157990903, 0.000730771222152, 0.000713377783541, 0.000753891770728, 0.000740424147807, 0.000882780877873, 0.000844993744977, 0.000837447762024, 0.000821321737021, 0.000715398229659, 0.000611354829744, 0.000578745384701, 0.000451117521152, 0.000268906180281, 8.62491069711e-05],
        "median": [0.000275191356195, 0.00644387351349, 0.00152501172852, 0.000840659136884, 0.00133152573835, 0.000782212824561, 0.000498130335473, 0.000526528339833, 0.000623252999503, 0.000535257393494, 0.00045637175208, 0.000522365851793, 0.000510135083459, 0.000572629272938, 0.000522643094882, 0.000596999190748, 0.00059307704214, 0.00077438831795, 0.000779593829066, 0.000771020771936, 0.00075778941391, 0.00067269790452, 0.000575610552914, 0.000540210399777, 0.000445810903329, 0.000264234753558, 6.3631508965e-05],
        "min": [2.50491687096e-25, 7.47603874308e-25, 1.48471239801e-25, 8.3940647747e-25, 6.6161428855e-24, 6.97066683707e-24, 6.18145646647e-24, 6.40913276777e-24, 6.78719751204e-24, 1.50340606446e-23, 1.20711543049e-23, 2.19181279092e-23, 2.63425773585e-23, 3.51973075167e-23, 4.36062902428e-23, 3.69563947602e-23, 6.81311017282e-23, 6.19073678393e-23, 1.24682192373e-22, 1.53096772853e-22, 2.29149855605e-22, 2.96831622162e-22, 3.85528845182e-22, 5.54432446822e-22, 8.02055405344e-22, 1.22543041412e-21, 1.70395005659e-21],
        "var": [2.78198854176e-06, 0.000110533037514, 3.31636765623e-05, 5.5275613704e-06, 9.53939070314e-06, 1.78669063189e-06, 9.02109150047e-07, 1.15735599593e-06, 9.82387746262e-07, 1.30658111175e-06, 4.7253800517e-07, 7.54174493522e-07, 5.84618533139e-07, 4.87328463805e-07, 6.22977893272e-07, 5.05635796344e-07, 5.81984011205e-07, 5.62669583815e-07, 4.69946030535e-07, 4.75750795204e-07, 4.54948605011e-07, 3.37609236567e-07, 2.5470180276e-07, 2.41465983208e-07, 1.43247149254e-07, 5.53750112431e-08, 8.15283840438e-09]
    },
    "erbbands": {
        "dmean": [0.236052423716, 1.46834933758, 3.99031805992, 4.43205213547, 5.83649778366, 7.90572166443, 7.13594865799, 7.62044382095, 8.55305671692, 11.2421445847, 12.1269226074, 12.7364425659, 13.9306869507, 18.5272960663, 18.039106369, 17.4096984863, 17.8203639984, 20.2542190552, 19.7103004456, 22.2343273163, 23.7427520752, 21.5290756226, 25.2330722809, 20.4627761841, 18.6006717682, 17.3699436188, 14.9243392944, 12.3055276871, 10.8750371933, 8.77002620697, 6.25136709213, 4.74168682098, 3.29920482635, 2.08427000046, 1.04429519176, 0.469768673182, 0.173679724336, 0.0542629659176, 0.00643135188147, 9.55774885369e-05],
        "dmean2": [0.376195281744, 2.44220805168, 6.63719415665, 7.57685279846, 10.1997413635, 14.3421115875, 12.7892475128, 13.3630495071, 15.2319641113, 19.3720436096, 21.1571559906, 21.7234287262, 23.3856296539, 31.16314888, 30.7837753296, 29.5579662323, 30.3603820801, 34.6800765991, 33.8859481812, 38.5736656189, 41.0134506226, 36.9769363403, 43.908290863, 35.5950241089, 32.141582489, 30.1939373016, 25.6472454071, 21.0532722473, 18.8788452148, 15.1770868301, 10.4495668411, 8.03166484833, 5.53682851791, 3.50706720352, 1.73853611946, 0.773724555969, 0.284436941147, 0.0892998278141, 0.0105837220326, 0.000156942856847],
        "dvar": [0.0831020623446, 3.20235610008, 29.2381668091, 38.9611320496, 77.981590271, 145.984603882, 109.4088974, 106.961532593, 147.493789673, 249.370178223, 281.720733643, 369.592590332, 386.513427734, 837.071228027, 504.951904297, 531.314575195, 674.253234863, 636.640563965, 636.740356445, 1447.18115234, 1032.98046875, 941.634460449, 1041.22680664, 684.438293457, 536.162780762, 499.443115234, 390.531555176, 265.77355957, 193.768661499, 130.837554932, 63.9263000488, 37.2289199829, 17.9165058136, 7.86659622192, 1.879596591, 0.392995506525, 0.060494966805, 0.00594801548868, 7.83656796557e-05, 1.64729208052e-08],
        "dvar2": [0.213972404599, 8.63671588898, 78.890045166, 106.59563446, 212.972320557, 409.895446777, 308.258575439, 308.040100098, 417.371124268, 668.328063965, 753.194702148, 1018.57623291, 1005.91503906, 2112.09448242, 1353.265625, 1408.80895996, 1827.51245117, 1754.09204102, 1751.96533203, 4286.78710938, 3025.70776367, 2634.46728516, 2976.68212891, 1965.20446777, 1530.47729492, 1447.98095703, 1118.53967285, 753.688659668, 541.408874512, 365.508911133, 170.517623901, 100.600616455, 47.6949272156, 21.3085212708, 5.00972270966, 1.02426564693, 0.15531924367, 0.0151375401765, 0.000200808426598, 4.14857836972e-08],
        "max": [3.00458168983, 19.762878418, 54.2230377197, 101.809310913, 134.826797485, 190.221054077, 118.284683228, 120.021438599, 144.039260864, 214.733276367, 246.939147949, 536.682128906, 525.332214355, 677.76184082, 289.822021484, 354.559997559, 764.987243652, 384.577301025, 436.409729004, 907.483520508, 478.765136719, 459.277526855, 421.456878662, 430.669281006, 337.028320312, 312.707855225, 406.507293701, 209.085983276, 177.02305603, 152.876754761, 133.75692749, 77.8656921387, 55.654132843, 35.3959922791, 16.5169563293, 8.81296253204, 3.79199910164, 1.05506396294, 0.104071207345, 0.00179678341374],
        "mean": [0.32903906703, 2.00173354149, 4.58288908005, 5.15152978897, 6.76208162308, 8.00683116913, 8.29192829132, 10.2394952774, 11.2136650085, 15.9264144897, 17.2101211548, 20.0250644684, 23.9098834991, 29.9476127625, 29.226026535, 29.4620628357, 31.7468032837, 36.975353241, 36.2988967896, 39.0991859436, 43.1141548157, 42.4835929871, 49.1818008423, 44.0966949463, 41.684513092, 39.6736869812, 35.4829597473, 30.4627475739, 26.0102500916, 21.3886127472, 16.9962005615, 12.8934516907, 9.25854587555, 5.61941146851, 2.88136458397, 1.28903400898, 0.462575346231, 0.141153737903, 0.0139221521094, 0.00026552187046],
        "median": [0.168766498566, 1.2096016407, 2.26553678513, 2.77718997002, 3.76396465302, 4.12009382248, 4.9835062027, 6.58627319336, 7.10119724274, 9.9204864502, 11.5575389862, 14.3397960663, 16.9147815704, 18.9505023956, 21.9454498291, 21.8107414246, 24.4350204468, 29.4643669128, 29.3817939758, 30.4086170197, 34.4265670776, 35.4663009644, 42.94323349, 39.9891738892, 38.3925857544, 36.5214767456, 32.401599884, 28.1850814819, 24.2426261902, 20.0125713348, 15.8304958344, 11.9270706177, 8.55898666382, 5.35007095337, 2.83337664604, 1.26555216312, 0.441804766655, 0.122710980475, 0.00950487423688, 0.000226815900533],
        "min": [3.89270860528e-23, 3.86258610939e-22, 8.83049433179e-22, 4.43699842132e-21, 7.48596192539e-21, 2.3253513972e-20, 3.01231390993e-20, 8.68055031664e-20, 9.75762542342e-20, 1.70928317435e-19, 1.43454547364e-19, 2.03487257869e-19, 5.01771533586e-19, 5.7550082992e-19, 9.2146741506e-19, 1.37460160751e-18, 1.17523598384e-18, 2.10505037506e-18, 2.44742229175e-18, 2.93720730618e-18, 2.75646751516e-18, 4.14592063357e-18, 4.22081852932e-18, 6.24192599543e-18, 6.16662567632e-18, 7.09189253873e-18, 8.96481969709e-18, 8.75380095974e-18, 1.02616172132e-17, 9.57821382597e-18, 1.1026971038e-17, 9.81013045431e-18, 9.90922834605e-18, 7.63455693497e-18, 5.10332511714e-18, 4.05937520762e-18, 1.99734194673e-18, 9.6272480587e-19, 2.07858610138e-19, 2.70795425757e-20],
        "var": [0.153898894787, 5.06601905823, 36.293132782, 46.3255157471, 84.2907485962, 128.129653931, 105.532409668, 140.243881226, 170.194641113, 369.794555664, 389.602386475, 500.884887695, 712.346740723, 1376.92797852, 777.818359375, 882.357543945, 1119.86340332, 1180.00964355, 1125.05749512, 1928.58093262, 1658.44018555, 1707.93286133, 1759.77648926, 1297.8840332, 1109.34240723, 1077.10217285, 869.406494141, 635.771606445, 455.078216553, 315.013092041, 199.461654663, 120.384437561, 63.7185630798, 23.5110092163, 5.86528778076, 1.21586155891, 0.17381849885, 0.0185285974294, 0.00022505101515, 5.54621593096e-08]
    },
    "gfcc": {
        "mean": [25.0168323517, 42.1246566772, -103.16217804, 35.8889503479, -45.6823616028, 22.2926044464, -28.6880226135, 14.425321579, -21.2661209106, 6.23641300201, -16.3481216431, 4.31866645813, -12.387717247],
        "cov": [[53300.3632812, -354.550384521, -2973.32202148, 1768.80786133, -2124.41723633, 329.791534424, -1356.91650391, 496.043243408, -910.397155762, 559.980712891, -632.080566406, 406.091094971, -678.934814453], [-354.550384521, 1386.95739746, -448.404907227, -150.782791138, 93.1429672241, 121.838691711, 79.8661346436, -24.654094696, 42.0592460632, -131.660766602, -16.196264267, -117.896949768, 50.5317497253], [-2973.32202148, -448.404907227, 1035.9519043, 53.9575805664, 187.021713257, -90.1808319092, 45.6434669495, -52.2043037415, 9.91783428192, 46.1099815369, 37.8044624329, 35.499130249, 9.88820552826], [1768.80786133, -150.782791138, 53.9575805664, 419.105072021, -86.2856521606, -40.2585601807, -80.7580871582, 15.5419950485, -40.38463974, 71.8083953857, 14.2625389099, 31.4046344757, -36.0823173523], [-2124.41723633, 93.1429672241, 187.021713257, -86.2856521606, 325.762298584, 86.7164611816, 131.696472168, 2.88498926163, 59.8094367981, -53.3414878845, -7.63244390488, -34.7080001831, 40.4863891602], [329.791534424, 121.838691711, -90.1808319092, -40.2585601807, 86.7164611816, 183.460098267, 78.373916626, 47.8850440979, 8.01406669617, -26.2571811676, -26.2020664215, -17.5051841736, 12.1839075089], [-1356.91650391, 79.8661346436, 45.6434669495, -80.7580871582, 131.696472168, 78.373916626, 200.798919678, 36.8109550476, 63.4203643799, -16.7632675171, 46.288433075, -7.7130446434, 38.6869354248], [496.043243408, -24.654094696, -52.2043037415, 15.5419950485, 2.88498926163, 47.8850440979, 36.8109550476, 85.3218383789, 29.7421836853, 23.1150817871, 6.09646224976, 16.8007488251, -1.08969628811], [-910.397155762, 42.0592460632, 9.91783428192, -40.38463974, 59.8094367981, 8.01406669617, 63.4203643799, 29.7421836853, 90.512512207, 26.6104450226, 40.6374778748, -2.2291264534, 22.7222385406], [559.980712891, -131.660766602, 46.1099815369, 71.8083953857, -53.3414878845, -26.2571811676, -16.7632675171, 23.1150817871, 26.6104450226, 98.2210998535, 52.0439491272, 39.0954322815, -6.52059984207], [-632.080566406, -16.196264267, 37.8044624329, 14.2625389099, -7.63244390488, -26.2020664215, 46.288433075, 6.09646224976, 40.6374778748, 52.0439491272, 101.837341309, 40.9686737061, 26.3359298706], [406.091094971, -117.896949768, 35.499130249, 31.4046344757, -34.7080001831, -17.5051841736, -7.7130446434, 16.8007488251, -2.2291264534, 39.0954322815, 40.9686737061, 70.6571731567, 20.6676750183], [-678.934814453, 50.5317497253, 9.88820552826, -36.0823173523, 40.4863891602, 12.1839075089, 38.6869354248, -1.08969628811, 22.7222385406, -6.52059984207, 26.3359298706, 20.6676750183, 65.3226470947]],
        "icov": [[6.60042423988e-05, -7.17126458767e-05, 0.000141936616274, -0.000120156881167, 0.000126212296891, -0.000134444984724, -3.00402080029e-05, -0.000109408523713, 0.000385453749914, -0.000582010601647, 0.00065733527299, -0.000616029486991, 0.000354170624632], [-7.17126458767e-05, 0.00128050008789, 0.000254684826359, 7.74596846895e-05, -0.000161940552061, -0.000426820857683, 0.000442341930466, 0.000356613105396, -0.000818592438009, 0.00189731630962, -0.00206333585083, 0.00268011447042, -0.00134968606289], [0.000141936616274, 0.000254684826359, 0.00194020406343, -0.000378165394068, -0.00123285315931, 0.000718694995157, -0.000690996297635, 0.000774168118369, 0.00161672988907, -0.00248255766928, 0.00169580965303, -0.00169802340679, 0.000871201744303], [-0.000120156881167, 7.74596846895e-05, -0.000378165394068, 0.00347762135789, -0.000594400276896, 0.000609728973359, 0.000866276968736, -0.0013355363626, 0.00194830528926, -0.00150322646368, -0.0019718860276, 0.0018378761597, -0.000225503870752], [0.000126212296891, -0.000161940552061, -0.00123285315931, -0.000594400276896, 0.00734535558149, -0.00302064348944, -0.00194720039144, 0.001696981024, -0.00447639683262, 0.00255673285574, 0.00284599978477, -0.000910755479708, -0.000559231790248], [-0.000134444984724, -0.000426820857683, 0.000718694995157, 0.000609728973359, -0.00302064348944, 0.0109655717388, -0.00364425918087, -0.00509723555297, 0.00453425943851, -0.00223001930863, 0.00237461319193, 0.00217288336717, -0.00238372152671], [-3.00402080029e-05, 0.000442341930466, -0.000690996297635, 0.000866276968736, -0.00194720039144, -0.00364425918087, 0.0126449093223, -0.00443960772827, -0.00256817648187, 0.00557483546436, -0.00968705397099, 0.00442490214482, -0.00179234507959], [-0.000109408523713, 0.000356613105396, 0.000774168118369, -0.0013355363626, 0.001696981024, -0.00509723555297, -0.00443960772827, 0.0238237604499, -0.0115582644939, -0.00103210250381, 0.00663346331567, -0.010299148038, 0.00515946513042], [0.000385453749914, -0.000818592438009, 0.00161672988907, 0.00194830528926, -0.00447639683262, 0.00453425943851, -0.00256817648187, -0.0115582644939, 0.0314942449331, -0.0153366606683, -0.00279626413248, 0.00881967134774, -0.00542139867321], [-0.000582010601647, 0.00189731630962, -0.00248255766928, -0.00150322646368, 0.00255673285574, -0.00223001930863, 0.00557483546436, -0.00103210250381, -0.0153366606683, 0.0336810052395, -0.0168091971427, -0.000299511593767, 0.00310957012698], [0.00065733527299, -0.00206333585083, 0.00169580965303, -0.0019718860276, 0.00284599978477, 0.00237461319193, -0.00968705397099, 0.00663346331567, -0.00279626413248, -0.0168091971427, 0.0351009294391, -0.0195883456618, 0.00206404551864], [-0.000616029486991, 0.00268011447042, -0.00169802340679, 0.0018378761597, -0.000910755479708, 0.00217288336717, 0.00442490214482, -0.010299148038, 0.00881967134774, -0.000299511593767, -0.0195883456618, 0.042426135391, -0.0184607841074], [0.000354170624632, -0.00134968606289, 0.000871201744303, -0.000225503870752, -0.000559231790248, -0.00238372152671, -0.00179234507959, 0.00515946513042, -0.00542139867321, 0.00310957012698, 0.00206404551864, -0.0184607841074, 0.0289210863411]]
    },
    "melbands": {
        "dmean": [0.00192922691349, 0.00182944710832, 0.000681962585077, 0.000503137009218, 0.000261819979642, 0.000168007609318, 0.000130096377688, 0.000127791136038, 9.55551804509e-05, 8.45985850901e-05, 7.16948052286e-05, 7.80221016612e-05, 5.76191087021e-05, 5.85937414144e-05, 4.00121534767e-05, 4.46913800261e-05, 4.01294455514e-05, 3.34211435984e-05, 3.45468433807e-05, 3.06658039335e-05, 2.95947611448e-05, 2.43142840191e-05, 2.56192288361e-05, 2.16393691517e-05, 1.80086644832e-05, 1.49878878801e-05, 1.38132536449e-05, 1.23261779663e-05, 1.06882716864e-05, 8.75223395269e-06, 7.63391926739e-06, 6.85407530909e-06, 6.2980320763e-06, 4.92586195833e-06, 3.96810446546e-06, 3.62698551726e-06, 3.04622039948e-06, 2.64113873527e-06, 2.11103633774e-06, 1.88711419469e-06],
        "dmean2": [0.00308339227922, 0.00301293819211, 0.00111940933857, 0.000903902749997, 0.000471209816169, 0.000295142934192, 0.00023180480639, 0.000218390021473, 0.000167146223248, 0.000143753975863, 0.000120262448036, 0.000131043954752, 9.89899635897e-05, 9.72236884991e-05, 6.91844979883e-05, 7.55848304834e-05, 6.8850327807e-05, 5.72237040615e-05, 5.94548037043e-05, 5.3370007663e-05, 5.13220657012e-05, 4.1913248424e-05, 4.43980825366e-05, 3.76281386707e-05, 3.13526434184e-05, 2.60712804447e-05, 2.39251912717e-05, 2.14220835915e-05, 1.84419932339e-05, 1.50069799929e-05, 1.31583074108e-05, 1.18201041914e-05, 1.09843858809e-05, 8.50410651765e-06, 6.66317828291e-06, 6.08518575973e-06, 5.17691933055e-06, 4.48565378974e-06, 3.52152983396e-06, 3.2215250485e-06],
        "dvar": [5.26860549144e-06, 4.65155471829e-06, 8.53101937537e-07, 5.71023008433e-07, 1.47176393739e-07, 5.12042177547e-08, 3.39648558167e-08, 3.1933776512e-08, 1.67193388023e-08, 1.6977587336e-08, 1.04732560402e-08, 1.55636339372e-08, 5.17730347482e-09, 7.46803685558e-09, 3.32490701638e-09, 4.84295981096e-09, 2.63543253887e-09, 1.86382376199e-09, 2.80042855572e-09, 1.97794736145e-09, 1.69743974432e-09, 1.28949606548e-09, 1.19579057767e-09, 7.81404052574e-10, 5.42247580171e-10, 3.71691899481e-10, 2.96285745938e-10, 2.49774922967e-10, 1.91230295488e-10, 1.38365971458e-10, 1.02573692595e-10, 7.80374931342e-11, 6.61072169228e-11, 4.08936391694e-11, 2.59218115722e-11, 2.06121543445e-11, 1.53368324984e-11, 1.18291782619e-11, 7.51275170546e-12, 6.68659615524e-12],
        "dvar2": [1.38771429192e-05, 1.24764692373e-05, 2.25709823098e-06, 1.59878482009e-06, 4.1616647195e-07, 1.46796566014e-07, 9.59977697335e-08, 8.44137062472e-08, 4.52054216282e-08, 4.6312180757e-08, 2.70751758791e-08, 3.90091479119e-08, 1.41665204012e-08, 1.85372108774e-08, 9.38379063342e-09, 1.27307639985e-08, 7.22332504921e-09, 5.20392617887e-09, 8.12574896258e-09, 5.7022115918e-09, 4.96664798177e-09, 3.62634899886e-09, 3.28077209844e-09, 2.24730345444e-09, 1.55375456945e-09, 1.05374386994e-09, 8.47115433356e-10, 7.21719628505e-10, 5.54355839011e-10, 3.91571358671e-10, 2.92975393945e-10, 2.19095255827e-10, 1.90059246119e-10, 1.14755600855e-10, 6.94917179356e-11, 5.58114734983e-11, 4.22029008962e-11, 3.23589141593e-11, 2.01117126425e-11, 1.85847916917e-11],
        "max": [0.0224015247077, 0.0202266033739, 0.0187945440412, 0.00971096474677, 0.00541873602197, 0.00250953622162, 0.00228301691823, 0.00250339694321, 0.00183183001354, 0.00357043300755, 0.00293494970538, 0.00303979590535, 0.000875846948475, 0.00198324141093, 0.000822060683277, 0.00253516482189, 0.000778448302299, 0.000607523950748, 0.000901843130123, 0.000784243864473, 0.000616606324911, 0.000572663790081, 0.000732400105335, 0.000408926280215, 0.000420074851718, 0.000309953320539, 0.000223502560402, 0.000212727623875, 0.000255731021753, 0.000188689737115, 0.000147220707731, 0.000113454530947, 8.56933766045e-05, 8.76143967616e-05, 9.24298947211e-05, 6.65192201268e-05, 4.47456950496e-05, 4.90441088914e-05, 3.1566421967e-05, 3.88815788028e-05],
        "mean": [0.00283097219653, 0.00254367734306, 0.000957859156188, 0.000545188668184, 0.000304086279357, 0.000229208526434, 0.000170703890035, 0.000183316456969, 0.000133995825308, 0.000129516192828, 0.000119652046124, 0.000122312019812, 9.0268033091e-05, 9.43300547078e-05, 6.30012800684e-05, 7.40200848668e-05, 6.82520185364e-05, 5.75671256229e-05, 5.43549249414e-05, 5.16142099514e-05, 4.96613574796e-05, 4.26835395047e-05, 4.58568683825e-05, 4.10454376834e-05, 3.51357375621e-05, 3.131459016e-05, 2.81070970232e-05, 2.59058815573e-05, 2.25881140068e-05, 1.98905963771e-05, 1.67717316799e-05, 1.50081250467e-05, 1.32049754029e-05, 1.13036858238e-05, 9.80507957138e-06, 8.89113289304e-06, 7.52664118409e-06, 6.72760643283e-06, 5.47020727026e-06, 4.50442757938e-06],
        "median": [0.00168751738966, 0.00155653816182, 0.000609028211329, 0.000289208372124, 0.000189005557331, 0.000149390223669, 0.000109039683593, 0.000113908710773, 9.08986985451e-05, 8.99600054254e-05, 8.2827929873e-05, 7.39098031772e-05, 6.70867812005e-05, 6.33212184766e-05, 4.73321124446e-05, 5.37055311725e-05, 5.16322688782e-05, 4.4723838073e-05, 3.97103940486e-05, 3.96986797568e-05, 3.78375443688e-05, 3.34980577463e-05, 3.74448864022e-05, 3.56855889549e-05, 3.06060137518e-05, 2.82754263026e-05, 2.50769971899e-05, 2.30799341807e-05, 2.02231640287e-05, 1.76969315362e-05, 1.51781223394e-05, 1.36026774271e-05, 1.20397035062e-05, 1.03270731415e-05, 8.89217699296e-06, 7.95826326794e-06, 6.78575361235e-06, 5.97447615291e-06, 5.0704043133e-06, 4.1573875933e-06],
        "min": [5.17450500463e-25, 8.32627992926e-25, 8.89905408317e-25, 1.13346118382e-24, 8.61421810397e-25, 2.01244767252e-24, 1.52028869363e-24, 1.93230926531e-24, 1.23494705459e-24, 9.76389116825e-25, 2.03415692742e-24, 1.88909428163e-24, 2.55448090303e-24, 2.6073477971e-24, 2.94378454862e-24, 2.96608189932e-24, 2.81972847988e-24, 2.99074524109e-24, 3.90027780455e-24, 2.47496372379e-24, 2.3061802278e-24, 2.80973104841e-24, 3.66089362413e-24, 2.61108246184e-24, 4.00116956446e-24, 3.77657534272e-24, 4.04088989433e-24, 4.17230228822e-24, 3.22314997466e-24, 4.30573692705e-24, 3.97115853461e-24, 4.97831500168e-24, 4.64122605941e-24, 4.81532923891e-24, 5.28622989552e-24, 5.63003677726e-24, 5.37889068074e-24, 6.67242613894e-24, 5.85155838578e-24, 6.04639953519e-24],
        "var": [9.62495869317e-06, 7.6348096627e-06, 1.24344467167e-06, 5.44926820112e-07, 1.38803201821e-07, 6.67026256451e-08, 3.90964807195e-08, 5.05702182352e-08, 2.31020838015e-08, 2.26735359377e-08, 1.92369871144e-08, 2.57012597871e-08, 7.4731518751e-09, 1.2918940584e-08, 4.34534985772e-09, 7.85918263801e-09, 4.67422678341e-09, 3.1372324738e-09, 3.69033537062e-09, 2.79269318781e-09, 2.55636534163e-09, 2.01806349409e-09, 2.00981165044e-09, 1.27474597544e-09, 9.1685709025e-10, 6.94626745013e-10, 5.5505977592e-10, 5.01144681309e-10, 3.76672831814e-10, 2.92151358661e-10, 2.10674158674e-10, 1.65573832422e-10, 1.26475857565e-10, 9.39411673451e-11, 7.0371347638e-11, 5.96868734992e-11, 4.36504374313e-11, 3.59061322341e-11, 2.27498575534e-11, 1.63292816768e-11]
    },
    "mfcc": {
        "mean": [-600.968261719, 77.6927490234, 1.72620880604, 21.1083621979, 8.20937252045, 11.0064468384, 6.79364871979, 9.00674343109, 4.65454101562, 4.61323738098, 1.86215651035, 2.02831554413, 0.153705477715],
        "cov": [[18389.2070312, -150.234054565, 552.784057617, 941.27935791, -21.8922920227, -20.0815601349, -135.97555542, -140.106430054, -176.69342041, 18.7356472015, 86.2658233643, 121.61529541, 66.0904006958], [-150.234054565, 1292.82885742, -229.335998535, -160.451766968, 52.9141082764, 101.562637329, 71.4106063843, 114.071655273, 90.8595199585, 35.5538978577, -10.75025177, -45.7784919739, -54.8165512085], [552.784057617, -229.335998535, 505.375061035, 187.270294189, 49.5898513794, -3.95671153069, 3.67018222809, -69.1560745239, -55.8553314209, -13.9518823624, 3.14368534088, 5.24796438217, 15.2185125351], [941.27935791, -160.451766968, 187.270294189, 343.849121094, 46.7493782043, -11.20657444, -28.4737148285, -56.8440666199, -57.4272537231, -8.48151779175, 15.1376848221, 23.4643497467, 39.474029541], [-21.8922920227, 52.9141082764, 49.5898513794, 46.7493782043, 163.930038452, 59.9661254883, 26.9824142456, 21.90924263, 40.8492393494, 6.18704175949, -13.0292406082, -12.5140304565, -14.2218732834], [-20.0815601349, 101.562637329, -3.95671153069, -11.20657444, 59.9661254883, 110.365661621, 74.253036499, 47.1037635803, 44.7340431213, 24.8468513489, 3.54619455338, -8.0541973114, -12.0492630005], [-135.97555542, 71.4106063843, 3.67018222809, -28.4737148285, 26.9824142456, 74.253036499, 124.773536682, 78.1207199097, 48.9583625793, 24.5210094452, 11.5043516159, -1.6345603466, 2.4282708168], [-140.106430054, 114.071655273, -69.1560745239, -56.8440666199, 21.90924263, 47.1037635803, 78.1207199097, 108.682731628, 68.9764251709, 20.5568122864, 2.99944162369, 0.858520627022, 1.03391218185], [-176.69342041, 90.8595199585, -55.8553314209, -57.4272537231, 40.8492393494, 44.7340431213, 48.9583625793, 68.9764251709, 94.1644210815, 35.4697265625, 2.78934335709, -5.58447122574, -8.53054714203], [18.7356472015, 35.5538978577, -13.9518823624, -8.48151779175, 6.18704175949, 24.8468513489, 24.5210094452, 20.5568122864, 35.4697265625, 60.5007591248, 31.0148010254, 7.77843666077, 6.61013936996], [86.2658233643, -10.75025177, 3.14368534088, 15.1376848221, -13.0292406082, 3.54619455338, 11.5043516159, 2.99944162369, 2.78934335709, 31.0148010254, 62.2123527527, 34.8481674194, 17.9821128845], [121.61529541, -45.7784919739, 5.24796438217, 23.4643497467, -12.5140304565, -8.0541973114, -1.6345603466, 0.858520627022, -5.58447122574, 7.77843666077, 34.8481674194, 61.0420532227, 40.8668212891], [66.0904006958, -54.8165512085, 15.2185125351, 39.474029541, -14.2218732834, -12.0492630005, 2.4282708168, 1.03391218185, -8.53054714203, 6.61013936996, 17.9821128845, 40.8668212891, 73.0847473145]],
