{
"lowlevel": {
    "average_loudness": 0.939503788948,
    "barkbands_crest": {
        "dmean": 2.53338766098,
        "dmean2": 3.88893866539,
        "dvar": 6.66316795349,
        "dvar2": 14.638381958,
        "max": 26.0016365051,
        "mean": 7.68493652344,
        "median": 6.40814113617,
        "min": 1.97899258137,
        "var": 17.8573741913
    },
    "barkbands_flatness_db": {
        "dmean": 0.0170010458678,
        "dmean2": 0.026124984026,
        "dvar": 0.000366338848835,
        "dvar2": 0.000771839288063,
        "max": 0.41180190444,
        "mean": 0.0713489875197,
        "median": 0.058469619602,
        "min": 0.00979328993708,
        "var": 0.00220139836892
    },
    "barkbands_kurtosis": {
        "dmean": 0.940735220909,
        "dmean2": 1.47101485729,
        "dvar": 6.82036590576,
        "dvar2": 14.3330640793,
        "max": 75.6656799316,
        "mean": -0.027213525027,
        "median": -0.776306867599,
        "min": -1.78849077225,
        "var": 9.46818637848
    },
    "barkbands_skewness": {
        "dmean": 0.388238787651,
        "dmean2": 0.59182870388,
        "dvar": 0.215419694781,
        "dvar2": 0.424249947071,
        "max": 8.52091503143,
        "mean": 0.543585956097,
        "median": 0.45438426733,
        "min": -2.24405288696,
        "var": 0.678247570992
    },
    "barkbands_spread": {
        "dmean": 7.42005968094,
        "dmean2": 11.6281118393,
        "dvar": 52.9636650085,
        "dvar2": 126.593994141,
        "max": 134.570983887,
        "mean": 44.5083503723,
        "median": 45.8830795288,
        "min": 1.53639388084,
        "var": 308.170562744
    },
    "dissonance": {
        "dmean": 0.0108266016468,
        "dmean2": 0.018635481596,
        "dvar": 0.000108801417809,
        "dvar2": 0.000312733493047,
        "max": 0.5,
        "mean": 0.483608990908,
        "median": 0.486575365067,
        "min": 0.371716976166,
        "var": 0.000165004050359
    },
    "dynamic_complexity": 1.87445187569,
    "erbbands_crest": {
        "dmean": 2.07040953636,
        "dmean2": 3.47586369514,
        "dvar": 4.3504076004,
        "dvar2": 11.0715503693,
        "max": 34.501373291,
        "mean": 6.58050966263,
        "median": 5.70351314545,
        "min": 2.27808022499,
        "var": 11.2798480988
    },
    "erbbands_flatness_db": {
        "dmean": 0.0128667736426,
        "dmean2": 0.0202801190317,
        "dvar": 0.000185472148587,
        "dvar2": 0.000403986836318,
        "max": 0.452538102865,
        "mean": 0.120321109891,
        "median": 0.103165782988,
        "min": 0.0343728996813,
        "var": 0.00265499460511
    },
    "erbbands_kurtosis": {
        "dmean": 0.551742851734,
        "dmean2": 0.903402984142,
        "dvar": 1.1831741333,
        "dvar2": 3.01221466064,
        "max": 50.0460624695,
        "mean": -0.119350999594,
        "median": -0.365229725838,
        "min": -1.63739562035,
        "var": 1.47667074203
    },
    "erbbands_skewness": {
        "dmean": 0.266805499792,
        "dmean2": 0.429186999798,
        "dvar": 0.0558339655399,
        "dvar2": 0.143046349287,
        "max": 2.37779545784,
        "mean": -0.0288632344455,
        "median": -0.0413391888142,
        "min": -2.1908788681,
        "var": 0.229273036122
    },
    "erbbands_spread": {
        "dmean": 8.0118970871,
        "dmean2": 12.5820674896,
        "dvar": 79.6205291748,
        "dvar2": 171.107025146,
        "max": 141.106002808,
        "mean": 41.645942688,
        "median": 40.9883155823,
        "min": 1.3946325779,
        "var": 226.708221436
    },
    "hfc": {
        "dmean": 14.430888176,
        "dmean2": 22.9568271637,
        "dvar": 328.534332275,
        "dvar2": 791.169494629,
        "max": 202.663314819,
        "mean": 60.4923744202,
        "median": 59.4048042297,
        "min": 1.03396107496e-16,
        "var": 1282.8157959
    },
    "melbands_crest": {
        "dmean": 3.68431329727,
        "dmean2": 5.79147434235,
        "dvar": 13.2913503647,
        "dvar2": 29.8753585815,
        "max": 39.2380180359,
        "mean": 13.1457395554,
        "median": 11.6726350784,
        "min": 1.63472414017,
        "var": 44.8101997375
    },
    "melbands_flatness_db": {
        "dmean": 0.0235985796899,
        "dmean2": 0.0357313677669,
        "dvar": 0.000695372815244,
        "dvar2": 0.00139782193583,
        "max": 0.435165792704,
        "mean": 0.110410965979,
        "median": 0.100136190653,
        "min": 0.00279092928395,
        "var": 0.00285633909516
    },
    "melbands_kurtosis": {
        "dmean": 4.43556261063,
        "dmean2": 6.68089151382,
        "dvar": 222.838134766,
        "dvar2": 463.905517578,
        "max": 685.866455078,
        "mean": 5.9849653244,
        "median": 2.25777935982,
        "min": -1.517760396,
        "var": 287.485992432
    },
    "melbands_skewness": {
        "dmean": 0.621465027332,
        "dmean2": 0.932694733143,
        "dvar": 0.785512626171,
        "dvar2": 1.45958662033,
        "max": 21.9617767334,
        "mean": 1.86743354797,
        "median": 1.49815654755,
        "min": -3.06470298767,
        "var": 2.07705926895
    },
    "melbands_spread": {
        "dmean": 12.4080762863,
        "dmean2": 19.6192359924,
        "dvar": 173.252258301,
        "dvar2": 402.434509277,
        "max": 202.619155884,
        "mean": 52.1774787903,
        "median": 49.2729530334,
        "min": 1.05020606518,
        "var": 669.745178223
    },
    "pitch_salience": {
        "dmean": 0.0773418992758,
        "dmean2": 0.122165240347,
        "dvar": 0.00672174757347,
        "dvar2": 0.0149230072275,
        "max": 0.895713210106,
        "mean": 0.572578787804,
        "median": 0.595053553581,
        "min": 0.0655407682061,
        "var": 0.016327092424
    },
    "silence_rate_20dB": {
        "dmean": 0,
        "dmean2": 0,
        "dvar": 0,
        "dvar2": 0,
        "max": 1,
        "mean": 1,
        "median": 1,
        "min": 1,
        "var": 0
    },
    "silence_rate_30dB": {
        "dmean": 0,
        "dmean2": 0,
        "dvar": 0,
        "dvar2": 0,
        "max": 1,
        "mean": 1,
        "median": 1,
        "min": 1,
        "var": 0
    },
    "silence_rate_60dB": {
        "dmean": 0.00158453488257,
        "dmean2": 0.00316957221366,
        "dvar": 0.00158190983348,
        "dvar2": 0.0037938572932,
        "max": 1,
        "mean": 0.0270912554115,
        "median": 0,
        "min": 0,
        "var": 0.0263558011502
    },
    "spectral_centroid": {
        "dmean": 319.300231934,
        "dmean2": 504.625427246,
        "dvar": 109379.578125,
        "dvar2": 238027.546875,
        "max": 11905.2958984,
        "mean": 2514.48632812,
        "median": 2463.01757812,
        "min": 325.108978271,
        "var": 1358857.125
    },
    "spectral_complexity": {
        "dmean": 5.02044057846,
        "dmean2": 8.00855827332,
        "dvar": 23.1343040466,
        "dvar2": 51.5963096619,
        "max": 62,
        "mean": 33.8913192749,
        "median": 36,
        "min": 0,
        "var": 159.807037354
    },
    "spectral_decrease": {
        "dmean": 1.27191512878e-09,
        "dmean2": 1.96377780703e-09,
        "dvar": 2.07993613769e-18,
        "dvar2": 4.40882675638e-18,
        "max": 1.46669471767e-28,
        "mean": -6.72232358667e-09,
        "median": -6.67834321177e-09,
        "min": -2.13915711811e-08,
        "var": 1.18122855582e-17
    },
    "spectral_energy": {
        "dmean": 0.00518924184144,
        "dmean2": 0.00813881028444,
        "dvar": 3.13900782203e-05,
        "dvar2": 7.03053519828e-05,
        "max": 0.0817820578814,
        "mean": 0.0308584570885,
        "median": 0.0317058265209,
        "min": 9.65889107755e-21,
        "var": 0.000211270584259
    },
    "spectral_energyband_high": {
        "dmean": 0.00154923717491,
        "dmean2": 0.00247812201269,
        "dvar": 4.03284229833e-06,
        "dvar2": 9.92008062894e-06,
        "max": 0.0227953270078,
        "mean": 0.00505032856017,
        "median": 0.00476933270693,
        "min": 6.79176917555e-21,
        "var": 1.40944521263e-05
    },
    "spectral_energyband_low": {
        "dmean": 0.00397548265755,
        "dmean2": 0.00581034086645,
        "dvar": 4.33298555436e-05,
        "dvar2": 8.20248023956e-05,
        "max": 0.0792799964547,
        "mean": 0.00960251688957,
        "median": 0.0055572213605,
        "min": 1.46356685325e-23,
        "var": 0.000142336706631
    },
    "spectral_energyband_middle_high": {
        "dmean": 0.00267360103317,
        "dmean2": 0.00427595106885,
        "dvar": 7.35308321964e-06,
        "dvar2": 1.77312685992e-05,
        "max": 0.0343498103321,
        "mean": 0.0099666249007,
        "median": 0.00973895378411,
        "min": 1.09846546024e-21,
        "var": 2.79860505543e-05
    },
    "spectral_energyband_middle_low": {
        "dmean": 0.00338720274158,
        "dmean2": 0.00566310668364,
        "dvar": 2.61284403678e-05,
        "dvar2": 6.7453700467e-05,
        "max": 0.0498376823962,
        "mean": 0.00715219136328,
        "median": 0.00588272605091,
        "min": 1.61352738651e-22,
        "var": 3.37967358064e-05
    },
    "spectral_entropy": {
        "dmean": 0.104630701244,
        "dmean2": 0.169005095959,
        "dvar": 0.0137594398111,
        "dvar2": 0.0330843403935,
        "max": 9.82516384125,
        "mean": 8.14600086212,
        "median": 8.23108291626,
        "min": 5.50191688538,
        "var": 0.158735260367
    },
    "spectral_flux": {
        "dmean": 0.0206271335483,
        "dmean2": 0.0308921784163,
        "dvar": 0.000442768097855,
        "dvar2": 0.000850382493809,
        "max": 0.274343490601,
        "mean": 0.104205101728,
        "median": 0.102534905076,
        "min": 6.38944938625e-11,
        "var": 0.00196324009448
    },
    "spectral_kurtosis": {
        "dmean": 0.635059118271,
        "dmean2": 1.04365360737,
        "dvar": 0.757178425789,
        "dvar2": 1.99069559574,
        "max": 32.2920837402,
        "mean": 2.64985227585,
        "median": 2.30661177635,
        "min": -1.26601433754,
        "var": 2.73851180077
    },
    "spectral_rms": {
        "dmean": 0.000462415599031,
        "dmean2": 0.000729161547497,
        "dvar": 2.28998914054e-07,
        "dvar2": 5.15824922331e-07,
        "max": 0.00893237814307,
        "mean": 0.00525518599898,
        "median": 0.00556170055643,
        "min": 3.06974085908e-12,
        "var": 2.48878109232e-06
    },
    "spectral_rolloff": {
        "dmean": 1071.58813477,
        "dmean2": 1724.73913574,
        "dvar": 1565605.625,
        "dvar2": 3437362.25,
        "max": 19530.6152344,
        "mean": 4317.12939453,
        "median": 3940.57617188,
        "min": 43.06640625,
        "var": 8211931
    },
    "spectral_skewness": {
        "dmean": 0.117361411452,
        "dmean2": 0.192295953631,
        "dvar": 0.0156848859042,
        "dvar2": 0.0403315164149,
        "max": 4.1493730545,
        "mean": 1.26476144791,
        "median": 1.23872053623,
        "min": -0.100787654519,
        "var": 0.0902078151703
    },
    "spectral_spread": {
        "dmean": 507777.4375,
        "dmean2": 788169.875,
        "dvar": 613953634304,
        "dvar2": 1.15162821427e+12,
        "max": 45061408,
        "mean": 6475593,
        "median": 6183925,
        "min": 1771958.5,
        "var": 1.86321930813e+13
    },
    "spectral_strongpeak": {
        "dmean": 0.653566896915,
        "dmean2": 1.1477111578,
        "dvar": 1.48698866367,
        "dvar2": 3.91936850548,
        "max": 20.4548053741,
        "mean": 0.942705929279,
        "median": 0.440405160189,
        "min": 0,
        "var": 1.6774507761
    },
    "zerocrossingrate": {
        "dmean": 0.016251463443,
        "dmean2": 0.0196963064373,
        "dvar": 0.000295379693853,
        "dvar2": 0.000371090456611,
        "max": 0.86962890625,
        "mean": 0.138024002314,
        "median": 0.12939453125,
        "min": 0.01025390625,
        "var": 0.00512370467186
    },
    "barkbands": {
        "dmean": [0.000266066432232, 0.00347536266781, 0.00208686455153, 0.00131948105991, 0.00149526959285, 0.000589827715885, 0.000611349882092, 0.000559326726943, 0.000624305743258, 0.000780698203016, 0.000680814671796, 0.00068138865754, 0.000707828381564, 0.000649648718536, 0.000520700064953, 0.000431539869169, 0.00046513864072, 0.000330406066496, 0.000381701567676, 0.0003637157497, 0.000441396172391, 0.000342466519214, 0.000318303675158, 0.000293719756883, 0.00027349483571, 0.000177823239937, 6.23351734248e-05],
        "dmean2": [0.000338299374562, 0.0049841394648, 0.00355554744601, 0.00234767235816, 0.00249148043804, 0.00099479733035, 0.000984412501566, 0.000898468599189, 0.00101237301715, 0.00124504650012, 0.00111884623766, 0.00111404631753, 0.00116710877046, 0.00106960150879, 0.00085931783542, 0.000714721390978, 0.000769289152231, 0.000548333628103, 0.000639731064439, 0.000610065588262, 0.000736760499422, 0.000566231377888, 0.000525016977917, 0.000472973682918, 0.000427815422881, 0.000281179090962, 0.000102290505311],
        "dvar": [4.3697792762e-07, 4.20165961259e-05, 2.69498614216e-05, 1.07463702079e-05, 9.44094426814e-06, 9.21652656416e-07, 7.84713336088e-07, 6.95126004757e-07, 7.79498861903e-07, 1.39883445627e-06, 1.12289092158e-06, 1.23459858514e-06, 1.1586743085e-06, 1.15545435619e-06, 5.20096079981e-07, 4.34899760648e-07, 5.82600023336e-07, 1.90772894371e-07, 2.8241322525e-07, 2.52930817624e-07, 3.43377394074e-07, 1.85774140959e-07, 1.9854158495e-07, 1.62634748335e-07, 1.99222014885e-07, 7.85299718586e-08, 7.62390506281e-09],
        "dvar2": [6.27913152584e-07, 8.31731595099e-05, 7.01863755239e-05, 2.99616913253e-05, 2.1602741981e-05, 2.49253412221e-06, 1.8829085775e-06, 1.65231324445e-06, 1.82810174465e-06, 3.22553069054e-06, 2.83856115857e-06, 3.07408708977e-06, 2.93846824206e-06, 2.97835299534e-06, 1.28834824409e-06, 1.05766093839e-06, 1.45674778196e-06, 5.02695229443e-07, 7.35889898351e-07, 6.75373087233e-07, 9.0023905841e-07, 4.8109313866e-07, 5.09946062266e-07, 3.98053771278e-07, 4.62461201778e-07, 1.88466074746e-07, 1.9680129526e-08],
        "max": [0.0097437966615, 0.0693115592003, 0.0409446358681, 0.0264100413769, 0.0476469062269, 0.0127954566851, 0.0172312520444, 0.0126151069999, 0.0167752895504, 0.0198324210942, 0.0168426334858, 0.0252568162978, 0.0182936452329, 0.0237159617245, 0.0110422968864, 0.0141685083508, 0.0166379995644, 0.0100837917998, 0.00950509682298, 0.0090901684016, 0.00745170935988, 0.00607988610864, 0.00521183013916, 0.00587126798928, 0.00698351487517, 0.00469073094428, 0.0014978897525],
        "mean": [0.000422371871537, 0.00647961208597, 0.00198653317057, 0.00123541848734, 0.00178969360422, 0.000854523328599, 0.000948972650804, 0.000895289645996, 0.0010650587501, 0.00131831120234, 0.00107593915891, 0.00111223035492, 0.00113242841326, 0.00104096636642, 0.000932120601647, 0.000767795660067, 0.000841679167934, 0.000693648587912, 0.000807275471743, 0.000817598425783, 0.00101766292937, 0.00085142091848, 0.000738043454476, 0.000755326240323, 0.000702583580278, 0.000442115822807, 0.000133832087158],
        "median": [3.46453743987e-05, 0.00234959251247, 0.000397961528506, 0.000258411106188, 0.000782436109148, 0.000479832233395, 0.000541772926226, 0.000478709000163, 0.000646803644486, 0.000769654696342, 0.0005581509904, 0.000605452223681, 0.000714171212167, 0.000630959868431, 0.000622217194177, 0.000534065300599, 0.000587041140534, 0.00056863669306, 0.000624785898253, 0.000662755221128, 0.00085213535931, 0.000733487133402, 0.000619825266767, 0.000655023148283, 0.00056853168644, 0.000353608804289, 0.000100000150269],
        "min": [2.73882251101e-25, 2.45334439903e-24, 9.42605852736e-25, 7.86440778571e-25, 8.25460422463e-24, 9.67656229389e-24, 1.1661945332e-23, 4.87882701975e-24, 2.41049828671e-23, 1.02342901093e-23, 7.94425845591e-24, 2.91197968852e-23, 2.11719207131e-23, 3.78083834705e-23, 5.03200582152e-23, 7.39624940683e-23, 6.00965218541e-23, 1.00609129974e-22, 1.40074458978e-22, 1.52888299004e-22, 2.90153365552e-22, 3.4146395854e-22, 3.55133466524e-22, 6.48696099581e-22, 7.27231254286e-22, 1.32935679256e-21, 1.91272208254e-21],
        "var": [1.08242170427e-06, 9.47909138631e-05, 2.21567952394e-05, 8.32593013911e-06, 1.10085929919e-05, 1.22395647395e-06, 1.48971935232e-06, 1.37444487791e-06, 1.76580681455e-06, 2.80016411125e-06, 2.22128323912e-06, 2.34208596339e-06, 1.91191043086e-06, 2.050652256e-06, 1.05524463834e-06, 8.26792017961e-07, 9.68538984125e-07, 3.76935219037e-07, 5.62839147733e-07, 5.49635274183e-07, 7.51426739498e-07, 5.0950370678e-07, 4.29251514333e-07, 4.39270962715e-07, 4.98846304708e-07, 1.89626788938e-07, 1.87844140243e-08]
    },
    "erbbands": {
        "dmean": [0.123691104352, 0.811203658581, 2.06509971619, 3.65918540955, 3.805590868, 6.30193138123, 4.99691915512, 5.11145591736, 7.72717571259, 10.596578598, 11.4282617569, 14.9692163467, 18.2236709595, 23.3546619415, 28.932882309, 27.8804168701, 33.8811149597, 30.4755096436, 25.2354888916, 27.2373046875, 24.3346691132, 21.2201957703, 16.9684925079, 19.8694782257, 17.8962001801, 18.6723556519, 18.5257282257, 15.9121160507, 12.6989593506, 11.2073726654, 8.9987154007, 6.86906003952, 4.64341115952, 3.26051807404, 1.97488820553, 0.959541261196, 0.328139960766, 0.0878447145224, 0.0107783069834, 0.000156238835189],
        "dmean2": [0.16484156251, 1.20776283741, 3.36915707588, 6.34525823593, 6.66648721695, 10.2902593613, 8.45983791351, 8.66505908966, 12.6099491119, 16.9961566925, 18.4218940735, 23.9298629761, 29.6199760437, 37.4490013123, 47.0645713806, 45.2720527649, 55.5323410034, 50.2539215088, 41.4215240479, 45.2442398071, 40.3128585815, 35.0142364502, 28.0328884125, 33.0329475403, 29.6922645569, 31.1149654388, 30.7960720062, 26.6562175751, 20.9689159393, 18.4869117737, 14.8789520264, 11.1275930405, 7.53758049011, 5.24408054352, 3.13441514969, 1.52993714809, 0.511754870415, 0.142273947597, 0.017708003521, 0.000253546721069],
        "dvar": [0.0572435595095, 2.62731432915, 24.6254653931, 80.0906295776, 61.0020828247, 258.233032227, 92.2286300659, 74.4580764771, 136.813995361, 275.560821533, 311.991424561, 487.116729736, 794.036743164, 1328.35351562, 1964.58581543, 2476.96118164, 2808.140625, 2986.49365234, 1253.33703613, 1964.04187012, 1370.7734375, 1288.8515625, 524.599243164, 905.662658691, 577.67755127, 722.371948242, 661.367736816, 516.948486328, 262.292053223, 237.94090271, 155.041946411, 101.595191956, 38.3495903015, 33.7708473206, 11.0781612396, 2.70263147354, 0.415455073118, 0.0139154763892, 0.000304479064653, 6.2422550684e-08],
        "dvar2": [0.101437486708, 5.53824424744, 61.3980102539, 217.81539917, 169.830108643, 574.843688965, 249.244842529, 204.765914917, 338.896820068, 634.45501709, 748.692382812, 1087.32531738, 1845.22668457, 3107.2043457, 4992.22949219, 6158.12744141, 7255.94677734, 7636.41845703, 3135.86791992, 4653.0546875, 3344.33984375, 3358.7277832, 1333.3079834, 2406.60717773, 1495.80749512, 1932.66943359, 1737.8770752, 1378.34423828, 693.947875977, 610.992248535, 397.897003174, 252.907989502, 93.2439575195, 81.1432571411, 26.4780292511, 6.71661996841, 0.963444769382, 0.0354920998216, 0.000808508542832, 1.63795817798e-07],
        "max": [2.53340601921, 18.3778209686, 42.1709594727, 65.1877441406, 92.7555770874, 270.485839844, 135.730621338, 150.222625732, 229.001113892, 335.031829834, 338.3331604, 483.047332764, 542.909545898, 698.733886719, 861.37689209, 1293.07641602, 935.047363281, 1299.59777832, 595.501647949, 1210.88586426, 894.453308105, 868.346923828, 621.807189941, 569.377807617, 434.876922607, 457.272888184, 346.670562744, 289.650299072, 232.799560547, 244.0027771, 156.325271606, 124.779167175, 84.5300979614, 103.170265198, 77.6740341187, 25.4308433533, 16.1694164276, 1.71352386475, 0.46765050292, 0.00670959614217],
        "mean": [0.222599491477, 1.29273426533, 2.32619309425, 3.64912700653, 4.11176300049, 7.06699466705, 6.53724908829, 7.43812513351, 11.7954339981, 17.3307056427, 20.4129810333, 26.2191238403, 31.397819519, 40.998878479, 51.0829467773, 49.641292572, 56.0070953369, 52.0032043457, 47.7099838257, 49.2622032166, 46.5900421143, 42.2022628784, 37.2064323425, 43.1040382385, 39.5804710388, 41.874206543, 40.7502441406, 37.2242050171, 30.5003166199, 26.470697403, 20.6867675781, 16.2046489716, 11.8730840683, 7.97131156921, 4.85086965561, 2.21426796913, 0.76874268055, 0.218978062272, 0.0219981987029, 0.000390201894334],
        "median": [0.0496793612838, 0.446692287922, 0.673089623451, 0.89588367939, 1.52532017231, 2.52616834641, 3.39386224747, 4.11538696289, 6.90722370148, 10.0209770203, 12.5225152969, 16.0888137817, 19.4024085999, 24.9190692902, 31.7790679932, 29.3175411224, 35.9879608154, 30.3826942444, 33.2244567871, 33.0288467407, 33.5620689392, 31.7274894714, 31.1987304688, 34.7191162109, 31.9958057404, 33.5343322754, 33.8068962097, 30.9696044922, 26.0780715942, 22.3381576538, 17.4509391785, 13.6705684662, 10.0765514374, 6.39293575287, 3.81316995621, 1.70991063118, 0.593852162361, 0.172232165933, 0.0160114299506, 0.000315344601404],
        "min": [1.14068479101e-22, 5.80739657968e-22, 1.51658213679e-21, 6.43235354484e-21, 1.04390960708e-20, 2.99505168452e-20, 4.08970082503e-20, 8.98517508685e-20, 1.09711291088e-19, 3.03046561299e-19, 2.23699183492e-19, 5.58646456253e-19, 3.92078233676e-19, 6.86052743306e-19, 8.00994504203e-19, 1.25282294035e-18, 1.07267830578e-18, 2.22115117109e-18, 2.5474073347e-18, 3.0109457015e-18, 4.47376829268e-18, 4.26136650935e-18, 6.11349751994e-18, 6.72394109557e-18, 5.85667613771e-18, 7.518521693e-18, 1.08853238027e-17, 1.0333730819e-17, 1.11182173314e-17, 1.06593049722e-17, 1.09407722007e-17, 1.01154097312e-17, 1.12080979496e-17, 8.09601122021e-18, 5.08873695986e-18, 4.4299926539e-18, 2.30823943432e-18, 8.38099396639e-19, 2.59846381724e-19, 2.76981654296e-20],
        "var": [0.144151806831, 4.36526536942, 23.4248600006, 63.4437637329, 55.6685676575, 284.974060059, 98.284942627, 97.5305480957, 240.046737671, 538.625366211, 644.837280273, 1092.27160645, 1464.14038086, 2580.85668945, 3944.99975586, 4641.00585938, 4490.96337891, 5544.29541016, 2486.53320312, 3671.78369141, 2660.32299805, 2059.31152344, 1077.18811035, 1551.16101074, 1289.91467285, 1505.38500977, 1289.44055176, 1131.63439941, 658.59765625, 568.29901123, 331.088653564, 219.288253784, 110.95854187, 69.4794464111, 25.3692207336, 5.43466329575, 0.769269406796, 0.0429114028811, 0.000589969102293, 1.38198487321e-07]
    },
    "gfcc": {
        "mean": [50.6030578613, 15.3545207977, -116.846717834, 17.4393424988, -56.3081665039, 17.3533573151, -31.0750656128, 9.37901878357, -23.6855812073, 7.48477888107, -18.5247879028, 5.60892820358, -13.1914653778],
        "cov": [[31562.7285156, 77.6929016113, -606.719238281, 1252.96264648, -523.226989746, 954.25390625, -383.004241943, 793.190917969, -611.227783203, 494.919586182, -228.54246521, 137.173034668, -368.991668701], [77.6929016113, 859.320129395, -62.2861480713, 16.7732696533, 16.3303871155, -50.5361633301, -43.7756233215, -62.100151062, -0.961777687073, -4.60331583023, 33.018409729, -14.1728134155, 16.4784450531], [-606.719238281, -62.2861480713, 1456.73999023, 621.960205078, 527.880859375, 349.838226318, 212.38269043, 293.447723389, 29.184627533, 98.7373657227, 95.514251709, 16.3299274445, 6.27710485458], [1252.96264648, 16.7732696533, 621.960205078, 606.948364258, 314.5675354, 299.92791748, 126.21648407, 225.741043091, 4.50405359268, 57.9467391968, 18.5744972229, 1.04470813274, -19.3728904724], [-523.226989746, 16.3303871155, 527.880859375, 314.5675354, 375.098907471, 217.573165894, 145.659057617, 150.006225586, 48.5095825195, 51.4815750122, 49.7567100525, 9.24472045898, 10.4905014038], [954.25390625, -50.5361633301, 349.838226318, 299.92791748, 217.573165894, 327.23815918, 132.909484863, 181.399002075, 20.6464748383, 68.5070114136, 32.1880531311, 23.0759048462, 1.4453933239], [-383.004241943, -43.7756233215, 212.38269043, 126.21648407, 145.659057617, 132.909484863, 229.486801147, 109.711227417, 82.976348877, 54.70703125, 48.2461471558, 22.4260253906, 13.520113945], [793.190917969, -62.100151062, 293.447723389, 225.741043091, 150.006225586, 181.399002075, 109.711227417, 247.839202881, 52.7314720154, 80.4157791138, 45.9759216309, 24.8743534088, 13.6317739487], [-611.227783203, -0.961777687073, 29.184627533, 4.50405359268, 48.5095825195, 20.6464748383, 82.976348877, 52.7314720154, 136.785736084, 56.3421859741, 38.931968689, 29.7760696411, 25.2445354462], [494.919586182, -4.60331583023, 98.7373657227, 57.9467391968, 51.4815750122, 68.5070114136, 54.70703125, 80.4157791138, 56.3421859741, 126.579849243, 74.3231582642, 32.5018463135, 19.7683162689], [-228.54246521, 33.018409729, 95.514251709, 18.5744972229, 49.7567100525, 32.1880531311, 48.2461471558, 45.9759216309, 38.931968689, 74.3231582642, 120.525123596, 50.233089447, 38.4690895081], [137.173034668, -14.1728134155, 16.3299274445, 1.04470813274, 9.24472045898, 23.0759048462, 22.4260253906, 24.8743534088, 29.7760696411, 32.5018463135, 50.233089447, 99.8045196533, 53.0778846741], [-368.991668701, 16.4784450531, 6.27710485458, -19.3728904724, 10.4905014038, 1.4453933239, 13.520113945, 13.6317739487, 25.2445354462, 19.7683162689, 38.4690895081, 53.0778846741, 95.7453384399]],
        "icov": [[9.55195209826e-05, -6.31514558336e-05, 0.000129225460114, -0.000244015420321, 0.000310434959829, -0.000188319289009, 0.000109246015199, -0.000301378866425, 0.000565751921386, -0.000699345546309, 0.00044488417916, -0.00046750891488, 0.000393103429815], [-6.31514558336e-05, 0.00134800269734, 0.000114743241284, -0.000278658291791, -0.000505390227772, 0.00034135414171, 0.000247307791142, 0.00068706239108, -0.000578411913011, 0.000607071036939, -0.0011361715151, 0.000884363951627, -0.000628404901363], [0.000129225460114, 0.000114743241284, 0.00191504310351, -0.00126387178898, -0.00130517303478, 0.000231459503993, 2.15034633584e-05, -0.000817961990833, 0.0014044380514, -0.00100969453342, -0.00011492925114, -0.000499095069245, 0.000510950922035], [-0.000244015420321, -0.000278658291791, -0.00126387178898, 0.00545181566849, -0.00213275314309, -0.00141136068851, 4.34108442278e-05, -0.000963355589192, -0.000566680333577, 0.00154024735093, 0.000323511310853, 0.000711599248461, -1.35344307637e-05], [0.000310434959829, -0.000505390227772, -0.00130517303478, -0.00213275314309, 0.00901847612113, -0.00294648017734, -0.00086688704323, -0.000299048726447, -0.000135338428663, -0.000741079275031, 2.83923473035e-05, -8.31364595797e-05, 0.000382112222724], [-0.000188319289009, 0.00034135414171, 0.000231459503993, -0.00141136068851, -0.00294648017734, 0.00877055712044, -0.00230952631682, -0.00196667667478, 0.0014333355939, -0.000832856341731, 0.00059681100538, -0.000748475024011, -0.000319512124406], [0.000109246015199, 0.000247307791142, 2.15034633584e-05, 4.34108442278e-05, -0.00086688704323, -0.00230952631682, 0.00827554892749, -0.000991426757537, -0.00343037582934, 0.00029190958594, -0.00116116087884, -4.14779606217e-05, 0.000821977155283], [-0.000301378866425, 0.00068706239108, -0.000817961990833, -0.000963355589192, -0.000299048726447, -0.00196667667478, -0.000991426757537, 0.0101046022028, -0.00352355674841, -0.00012875518587, -0.00167762197088, 0.00188112107571, -0.0020703850314], [0.000565751921386, -0.000578411913011, 0.0014044380514, -0.000566680333577, -0.000135338428663, 0.0014333355939, -0.00343037582934, -0.00352355674841, 0.0159269664437, -0.00871486216784, 0.00427048793063, -0.00461016315967, 0.00149228842929], [-0.000699345546309, 0.000607071036939, -0.00100969453342, 0.00154024735093, -0.000741079275031, -0.000832856341731, 0.00029190958594, -0.00012875518587, -0.00871486216784, 0.0216941107064, -0.0121188592166, 0.00408387137577, -0.00192706892267], [0.00044488417916, -0.0011361715151, -0.00011492925114, 0.000323511310853, 2.83923473035e-05, 0.00059681100538, -0.00116116087884, -0.00167762197088, 0.00427048793063, -0.0121188592166, 0.019615245983, -0.00740534486249, -2.5907300369e-05], [-0.00046750891488, 0.000884363951627, -0.000499095069245, 0.000711599248461, -8.31364595797e-05, -0.000748475024011, -4.14779606217e-05, 0.00188112107571, -0.00461016315967, 0.00408387137577, -0.00740534486249, 0.0193555820733, -0.00940114445984], [0.000393103429815, -0.000628404901363, 0.000510950922035, -1.35344307637e-05, 0.000382112222724, -0.000319512124406, 0.000821977155283, -0.0020703850314, 0.00149228842929, -0.00192706892267, -2.5907300369e-05, -0.00940114445984, 0.0173994153738]]
    },
    "melbands": {
        "dmean": [0.000999221927486, 0.000948320899624, 0.000602125131991, 0.000355314143235, 0.000194522639504, 0.000113410947961, 0.000117587420391, 0.000116441566206, 9.5617644547e-05, 9.0248810011e-05, 9.45485298871e-05, 0.000100140947325, 9.91340493783e-05, 8.60949876369e-05, 7.69378821133e-05, 5.59717736905e-05, 6.50860820315e-05, 4.42406853836e-05, 3.39921352861e-05, 3.55376942025e-05, 3.0953597161e-05, 2.42638343479e-05, 2.15540530917e-05, 1.76696121343e-05, 1.76270859811e-05, 1.51804761117e-05, 1.25874657897e-05, 1.32929062602e-05, 1.32563964144e-05, 1.15750572149e-05, 1.00462111732e-05, 8.0904819697e-06, 7.10666017767e-06, 6.84462111167e-06, 5.94918901697e-06, 4.60555475001e-06, 4.41287556896e-06, 3.6826397718e-06, 3.25428754877e-06, 2.88517958325e-06],
        "dmean2": [0.00136165088043, 0.00143386085983, 0.001031271182, 0.000599132152274, 0.000322642183164, 0.000191251921933, 0.000191139930394, 0.000187393146916, 0.000152860840899, 0.000145732803503, 0.000153555054567, 0.000160276234965, 0.000162260243087, 0.000139955271152, 0.00012616434833, 9.24078703974e-05, 0.00010752871458, 7.29031526134e-05, 5.657543079e-05, 5.85935849813e-05, 5.14762759849e-05, 4.02314108214e-05, 3.54855073965e-05, 2.94107358059e-05, 2.93497359962e-05, 2.54236274486e-05, 2.09787122003e-05, 2.21304162551e-05, 2.22565704462e-05, 1.94242929865e-05, 1.69564500538e-05, 1.34294459713e-05, 1.17436165965e-05, 1.13562182378e-05, 9.93896264845e-06, 7.58479427532e-06, 7.21008700566e-06, 6.01282499701e-06, 5.24954157299e-06, 4.69582391815e-06],
        "dvar": [3.35344134328e-06, 3.96231416744e-06, 1.97162785298e-06, 5.65884079151e-07, 1.54083764414e-07, 3.42288757338e-08, 2.96740392258e-08, 2.99631572886e-08, 1.89245348281e-08, 1.66898903586e-08, 2.10237587339e-08, 2.59859938012e-08, 2.32101200481e-08, 1.88882758323e-08, 1.19633956075e-08, 7.20510850982e-09, 1.50108672159e-08, 3.98616828434e-09, 2.50217291331e-09, 3.12115555623e-09, 2.29745844571e-09, 1.85862536473e-09, 1.40604827781e-09, 6.6256827802e-10, 7.92647836256e-10, 4.70227301541e-10, 2.57246030033e-10, 3.83895359946e-10, 3.93374249841e-10, 3.08098685453e-10, 2.37515757062e-10, 1.16207751755e-10, 9.62090129786e-11, 1.04953296054e-10, 7.45515871259e-11, 3.95679287946e-11, 4.63052790556e-11, 2.38044150364e-11, 3.22005165587e-11, 2.39610189329e-11],
        "dvar2": [6.26395922154e-06, 8.82499443833e-06, 5.27459906152e-06, 1.322609819e-06, 3.89836657178e-07, 9.32106303253e-08, 7.32046245844e-08, 7.00446705082e-08, 4.5595015763e-08, 3.86281193698e-08, 4.86927476118e-08, 6.05649645991e-08, 5.84619073152e-08, 4.7277112003e-08, 3.01950002779e-08, 1.8191121498e-08, 3.87500662669e-08, 1.0138288431e-08, 6.29987528811e-09, 7.48155937202e-09, 5.70536151656e-09, 4.89953544403e-09, 3.24293725207e-09, 1.73477987531e-09, 2.11115946946e-09, 1.22147425508e-09, 6.82998102519e-10, 1.03964825637e-09, 1.049119569e-09, 8.24414481126e-10, 6.41906972021e-10, 3.14371279009e-10, 2.4419472e-10, 2.7568816674e-10, 1.95759908284e-10, 9.93117948989e-11, 1.14642684235e-10, 5.92559612489e-11, 7.7741625637e-11, 5.98515542682e-11],
        "max": [0.0196750871837, 0.0191419012845, 0.0110903391615, 0.010339403525, 0.00631341850385, 0.0029730105307, 0.00301072304137, 0.00298961694352, 0.00240427884273, 0.00263081141748, 0.00270603783429, 0.00312645244412, 0.00237820809707, 0.00276427902281, 0.0016148207942, 0.00154271500651, 0.0029627061449, 0.00129175314214, 0.000976826064289, 0.00156307616271, 0.00112751428969, 0.00105524936225, 0.00111149507575, 0.00060313398717, 0.000554087688215, 0.000489789585117, 0.000246502342634, 0.000371105590602, 0.000294032797683, 0.000314455042826, 0.00018644220836, 0.000175318971742, 0.000206477197935, 0.000157840157044, 0.000133829147671, 8.38811683934e-05, 9.97387542157e-05, 7.41904732422e-05, 0.000101201047073, 9.53098933678e-05],
        "mean": [0.00188808899838, 0.00142265728209, 0.000638763420284, 0.000400220626034, 0.000256240542512, 0.000167459511431, 0.000182195173693, 0.000192923980649, 0.000172990679857, 0.000155496047228, 0.00015759402595, 0.00016765917826, 0.000164050070453, 0.000142867764225, 0.000128101921291, 9.51851616264e-05, 0.000101665464172, 7.79277324909e-05, 6.03836888331e-05, 6.20106802671e-05, 5.38718704775e-05, 4.38742608821e-05, 3.82957259717e-05, 3.47467866959e-05, 3.46096494468e-05, 3.00667416013e-05, 2.69358242804e-05, 2.70308737527e-05, 2.52343743341e-05, 2.42392361542e-05, 2.08384408324e-05, 1.75159093487e-05, 1.55975030793e-05, 1.43348815982e-05, 1.23641284517e-05, 1.00950892374e-05, 9.78826210485e-06, 8.50927972351e-06, 7.41134681448e-06, 6.47608885629e-06],
        "median": [0.000592906610109, 0.000531547120772, 0.000187794386875, 0.000153572415002, 0.000128460495034, 9.3708789791e-05, 0.000107608415419, 0.000113369809696, 0.000107364139694, 9.63795318967e-05, 9.62023113971e-05, 9.55085197347e-05, 9.49978566496e-05, 7.7801378211e-05, 8.45728282002e-05, 6.23242958682e-05, 5.33094935236e-05, 5.19219611306e-05, 4.11849468946e-05, 4.08005653298e-05, 3.67415486835e-05, 3.12112751999e-05, 2.66294300673e-05, 2.64176724158e-05, 2.58802519966e-05, 2.27083401114e-05, 2.12616359931e-05, 2.07270004466e-05, 1.92816296476e-05, 1.9270923076e-05, 1.61693205882e-05, 1.42083699757e-05, 1.28933679662e-05, 1.13467885967e-05, 9.90465014183e-06, 8.48470517667e-06, 7.96277527115e-06, 7.01887984178e-06, 5.93067670707e-06, 4.89343346999e-06],
        "min": [1.04869216309e-24, 7.22429646493e-25, 1.08658075794e-24, 1.82515809134e-24, 1.70493628103e-24, 1.90854384447e-24, 1.72426869802e-24, 2.36319298035e-24, 1.8130549929e-24, 3.33270618831e-24, 1.59490625779e-24, 2.2266806007e-24, 1.74634497045e-24, 2.67239904228e-24, 2.26037659706e-24, 3.08151019634e-24, 3.73332841017e-24, 4.12650062964e-24, 3.34085512146e-24, 4.55097011666e-24, 4.4110498579e-24, 3.7229734275e-24, 4.47097528213e-24, 5.30680378236e-24, 4.93665801828e-24, 4.43546983608e-24, 4.46266778794e-24, 4.14775569787e-24, 5.6804359172e-24, 6.47784610248e-24, 4.67426000424e-24, 4.81840816302e-24, 3.66217867854e-24, 5.81550704798e-24, 5.59548743062e-24, 4.86699450061e-24, 6.22433776198e-24, 6.99605001442e-24, 6.70551964277e-24, 5.86552359038e-24],
        "var": [8.52263110573e-06, 5.58045712751e-06, 1.66617428476e-06, 6.19710021965e-07, 1.74018282451e-07, 4.68691361277e-08, 5.25317176425e-08, 5.97008025238e-08, 4.08814635477e-08, 3.7051364643e-08, 3.86861138679e-08, 5.05950943364e-08, 4.51859420991e-08, 3.65278829406e-08, 2.08727843898e-08, 1.28781154629e-08, 2.65228088381e-08, 7.21952986282e-09, 4.47379155943e-09, 6.06167116501e-09, 4.13991108061e-09, 2.73488409697e-09, 2.41694997349e-09, 1.1965199942e-09, 1.24150201231e-09, 8.73208005903e-10, 6.24294782536e-10, 7.13726966417e-10, 6.28738117125e-10, 5.54172596701e-10, 4.23253099235e-10, 2.53949222762e-10, 2.08017880698e-10, 2.04557287775e-10, 1.35403577239e-10, 8.36880634236e-11, 9.3039805027e-11, 6.17063344865e-11, 6.40275124586e-11, 4.72020929287e-11]
    },
    "mfcc": {
        "mean": [-584.719238281, 62.701084137, -8.90059566498, 6.31754016876, -3.7355363369, 6.66284227371, 1.48010468483, 3.26385068893, 1.89136564732, 1.84079432487, -0.661705672741, 1.66439700127, -0.149098932743],
        "cov": [[10348.5244141, 406.567077637, 918.440551758, 625.035217285, 525.133850098, 295.211212158, 540.87286377, 272.99822998, 139.047271729, 205.452301025, 275.703186035, 150.834609985, 75.7333145142], [406.567077637, 820.183227539, -153.567718506, -42.8909454346, -75.6672897339, -29.2920303345, -95.5957565308, -92.7225418091, -78.1925735474, -37.1786308289, -38.651725769, 9.98902797699, -40.7329483032], [918.440551758, -153.567718506, 829.841003418, 375.82220459, 416.175872803, 176.841156006, 305.36505127, 179.991867065, 139.227325439, 75.1137237549, 137.186889648, 61.0413322449, 89.2654724121], [625.035217285, -42.8909454346, 375.82220459, 364.084503174, 260.505584717, 125.194023132, 171.390213013, 122.891685486, 94.2290420532, 56.7506752014, 84.8540878296, 29.0433425903, 47.8507499695], [525.133850098, -75.6672897339, 416.175872803, 260.505584717, 406.227416992, 140.141433716, 218.021316528, 126.646362305, 102.079124451, 53.498134613, 88.9769134521, 39.2973556519, 60.7295341492], [295.211212158, -29.2920303345, 176.841156006, 125.194023132, 140.141433716, 197.856536865, 138.153823853, 89.9516601562, 69.0545349121, 47.7460327148, 55.8810119629, 32.6173553467, 36.9370040894], [540.87286377, -95.5957565308, 305.36505127, 171.390213013, 218.021316528, 138.153823853, 262.783325195, 141.471923828, 95.8845291138, 71.3005142212, 89.2916107178, 46.5946769714, 53.5629501343], [272.99822998, -92.7225418091, 179.991867065, 122.891685486, 126.646362305, 89.9516601562, 141.471923828, 171.464767456, 102.233818054, 53.9927864075, 60.2661094666, 34.0383491516, 47.2576408386], [139.047271729, -78.1925735474, 139.227325439, 94.2290420532, 102.079124451, 69.0545349121, 95.8845291138, 102.233818054, 148.540405273, 65.3221359253, 55.6323547363, 26.6865768433, 51.1469955444], [205.452301025, -37.1786308289, 75.1137237549, 56.7506752014, 53.498134613, 47.7460327148, 71.3005142212, 53.9927864075, 65.3221359253, 117.151252747, 65.3782501221, 31.8464889526, 25.9883975983], [275.703186035, -38.651725769, 137.186889648, 84.8540878296, 88.9769134521, 55.8810119629, 89.2916107178, 60.2661094666, 55.6323547363, 65.3782501221, 117.521362305, 53.2253608704, 45.6374740601], [150.834609985, 9.98902797699, 61.0413322449, 29.0433425903, 39.2973556519, 32.6173553467, 46.5946769714, 34.0383491516, 26.6865768433, 31.8464889526, 53.2253608704, 97.9307937622, 50.2816925049], [75.7333145142, -40.7329483032, 89.2654724121, 47.8507499695, 60.7295341492, 36.9370040894, 53.5629501343, 47.2576408386, 51.1469955444, 25.9883975983, 45.6374740601, 50.2816925049, 107.285522461]],
