{
"lowlevel": {
    "average_loudness": 0.882725894451,
    "barkbands_crest": {
        "dmean": 2.76624631882,
        "dmean2": 4.2041888237,
        "dvar": 6.68135309219,
        "dvar2": 14.3096761703,
        "max": 26.403049469,
        "mean": 10.7014274597,
        "median": 9.75585174561,
        "min": 1.91538894176,
        "var": 25.7835006714
    },
    "barkbands_flatness_db": {
        "dmean": 0.0206950195134,
        "dmean2": 0.03174463287,
        "dvar": 0.000508063996676,
        "dvar2": 0.00105443771463,
        "max": 0.469319552183,
        "mean": 0.0962842032313,
        "median": 0.0805806219578,
        "min": 0.00673957727849,
        "var": 0.00363780045882
    },
    "barkbands_kurtosis": {
        "dmean": 2.24257421494,
        "dmean2": 3.57114386559,
        "dvar": 142.595397949,
        "dvar2": 334.919036865,
        "max": 575.052978516,
        "mean": 2.1234228611,
        "median": 0.370199322701,
        "min": -1.91035866737,
        "var": 144.579223633
    },
    "barkbands_skewness": {
        "dmean": 0.466230213642,
        "dmean2": 0.731777906418,
        "dvar": 0.445795506239,
        "dvar2": 0.956719100475,
        "max": 21.081193924,
        "mean": 1.11002898216,
        "median": 0.95595741272,
        "min": -2.2714703083,
        "var": 1.32152354717
    },
    "barkbands_spread": {
        "dmean": 6.58626842499,
        "dmean2": 10.5175971985,
        "dvar": 46.4687995911,
        "dvar2": 118.355300903,
        "max": 104.667854309,
        "mean": 34.1831626892,
        "median": 34.712059021,
        "min": 0.373765558004,
        "var": 212.416885376
    },
    "dissonance": {
        "dmean": 0.0151106100529,
        "dmean2": 0.0256902370602,
        "dvar": 0.000241097761318,
        "dvar2": 0.000657432479784,
        "max": 0.500000178814,
        "mean": 0.477343142033,
        "median": 0.482042551041,
        "min": 0.306973844767,
        "var": 0.000371403351892
    },
    "dynamic_complexity": 3.57684731483,
    "erbbands_crest": {
        "dmean": 2.35562252998,
        "dmean2": 3.73918199539,
        "dvar": 5.75636720657,
        "dvar2": 12.757932663,
        "max": 29.864824295,
        "mean": 8.03483963013,
        "median": 6.91396188736,
        "min": 2.37665295601,
        "var": 18.1624088287
    },
    "erbbands_flatness_db": {
        "dmean": 0.0140235954896,
        "dmean2": 0.0207326430827,
        "dvar": 0.000233293598285,
        "dvar2": 0.000430907239206,
        "max": 0.514479756355,
        "mean": 0.127590537071,
        "median": 0.109055906534,
        "min": 0.0438785068691,
        "var": 0.00390524161048
    },
    "erbbands_kurtosis": {
        "dmean": 0.71022516489,
        "dmean2": 1.13420426846,
        "dvar": 1.46304428577,
        "dvar2": 3.54744982719,
        "max": 27.0123310089,
        "mean": 0.208197310567,
        "median": -0.280180573463,
        "min": -1.85351169109,
        "var": 2.93575835228
    },
    "erbbands_skewness": {
        "dmean": 0.297675937414,
        "dmean2": 0.462480217218,
        "dvar": 0.0911043360829,
        "dvar2": 0.206663131714,
        "max": 3.92422294617,
        "mean": 0.369915217161,
        "median": 0.337753415108,
        "min": -2.65802884102,
        "var": 0.336703300476
    },
    "erbbands_spread": {
        "dmean": 7.22182703018,
        "dmean2": 11.234336853,
        "dvar": 64.2327270508,
        "dvar2": 141.204879761,
        "max": 135.710784912,
        "mean": 40.1260261536,
        "median": 39.1834754944,
        "min": 3.32837700844,
        "var": 305.081481934
    },
    "hfc": {
        "dmean": 7.9899559021,
        "dmean2": 12.4232053757,
        "dvar": 135.929046631,
        "dvar2": 334.506500244,
        "max": 210.921661377,
        "mean": 34.2177467346,
        "median": 27.2469081879,
        "min": 1.07562351544e-16,
        "var": 774.360046387
    },
    "melbands_crest": {
        "dmean": 3.60619950294,
        "dmean2": 5.54654550552,
        "dvar": 11.8153591156,
        "dvar2": 26.5953960419,
        "max": 36.7949409485,
        "mean": 16.6981372833,
        "median": 16.2421722412,
        "min": 1.54266881943,
        "var": 56.2992248535
    },
    "melbands_flatness_db": {
        "dmean": 0.0260039307177,
        "dmean2": 0.0402200445533,
        "dvar": 0.000824741204269,
        "dvar2": 0.00176377221942,
        "max": 0.575832486153,
        "mean": 0.156235426664,
        "median": 0.146684378386,
        "min": 0.00250041647814,
        "var": 0.00478616682813
    },
    "melbands_kurtosis": {
        "dmean": 6.81811189651,
        "dmean2": 10.9938726425,
        "dvar": 400.817504883,
        "dvar2": 786.180114746,
        "max": 701.007080078,
        "mean": 10.8411092758,
        "median": 4.3755531311,
        "min": -1.79972362518,
        "var": 709.204101562
    },
    "melbands_skewness": {
        "dmean": 0.734692811966,
        "dmean2": 1.15852665901,
        "dvar": 1.00205338001,
        "dvar2": 2.18260455132,
        "max": 18.8135356903,
        "mean": 2.29765033722,
        "median": 1.86430287361,
        "min": -1.0643684864,
        "var": 3.29538965225
    },
    "melbands_spread": {
        "dmean": 7.98299264908,
        "dmean2": 12.8806858063,
        "dvar": 63.8056602478,
        "dvar2": 154.472412109,
        "max": 171.753234863,
        "mean": 34.1063766479,
        "median": 31.7268447876,
        "min": 0.3984336555,
        "var": 453.197814941
    },
    "pitch_salience": {
        "dmean": 0.0786520168185,
        "dmean2": 0.12138582021,
        "dvar": 0.00576433539391,
        "dvar2": 0.0129927918315,
        "max": 0.980458915234,
        "mean": 0.51829046011,
        "median": 0.524014949799,
        "min": 0.0430544055998,
        "var": 0.0205749217421
    },
    "silence_rate_20dB": {
        "dmean": 0,
        "dmean2": 0,
        "dvar": 0,
        "dvar2": 0,
        "max": 1,
        "mean": 1,
        "median": 1,
        "min": 1,
        "var": 0
    },
    "silence_rate_30dB": {
        "dmean": 0.00122605368961,
        "dmean2": 0.00245248316787,
        "dvar": 0.00122450001072,
        "dvar2": 0.00336594693363,
        "max": 1,
        "mean": 0.999233841896,
        "median": 1,
        "min": 0,
        "var": 0.000765505130403
    },
    "silence_rate_60dB": {
        "dmean": 0.0168582368642,
        "dmean2": 0.0337216444314,
        "dvar": 0.0165724940598,
        "dvar2": 0.0374956279993,
        "max": 1,
        "mean": 0.0910205319524,
        "median": 0,
        "min": 0,
        "var": 0.0827242285013
    },
    "spectral_centroid": {
        "dmean": 270.855499268,
        "dmean2": 429.290649414,
        "dvar": 110438.765625,
        "dvar2": 238022.015625,
        "max": 11648.109375,
        "mean": 2034.47607422,
        "median": 1933.67431641,
        "min": 148.946121216,
        "var": 1729130.125
    },
    "spectral_complexity": {
        "dmean": 4.61547899246,
        "dmean2": 7.24064970016,
        "dvar": 23.4618415833,
        "dvar2": 49.7564659119,
        "max": 55,
        "mean": 23.7609558105,
        "median": 24,
        "min": 0,
        "var": 157.337585449
    },
    "spectral_decrease": {
        "dmean": 1.90908844289e-09,
        "dmean2": 3.00993874269e-09,
        "dvar": 5.31074768677e-18,
        "dvar2": 1.31167212601e-17,
        "max": 1.9470429514e-28,
        "mean": -7.16037673598e-09,
        "median": -7.00649538388e-09,
        "min": -3.17125312677e-08,
        "var": 2.21574769646e-17
    },
    "spectral_energy": {
        "dmean": 0.00757303647697,
        "dmean2": 0.0118772741407,
        "dvar": 8.23470036266e-05,
        "dvar2": 0.000202489638468,
        "max": 0.135868400335,
        "mean": 0.0301285944879,
        "median": 0.0292710680515,
        "min": 1.00419782909e-20,
        "var": 0.000387425010558
    },
    "spectral_energyband_high": {
        "dmean": 0.000616782519501,
        "dmean2": 0.000967518950347,
        "dvar": 8.69801340286e-07,
        "dvar2": 2.14296574086e-06,
        "max": 0.0117028467357,
        "mean": 0.00218301732093,
        "median": 0.00160059973132,
        "min": 7.01361433064e-21,
        "var": 4.33090553997e-06
    },
    "spectral_energyband_low": {
        "dmean": 0.00528275314718,
        "dmean2": 0.00811470858753,
        "dvar": 5.74225086893e-05,
        "dvar2": 0.000135185851832,
        "max": 0.115953497589,
        "mean": 0.01279561501,
        "median": 0.00872242078185,
        "min": 1.06606907278e-23,
        "var": 0.000165079269209
    },
    "spectral_energyband_middle_high": {
        "dmean": 0.00233020214364,
        "dmean2": 0.0035864606034,
        "dvar": 8.83766551851e-06,
        "dvar2": 2.03362797038e-05,
        "max": 0.0551995895803,
        "mean": 0.00789557769895,
        "median": 0.00616088695824,
        "min": 1.01018392274e-21,
        "var": 4.50417719549e-05
    },
    "spectral_energyband_middle_low": {
        "dmean": 0.00391053734347,
        "dmean2": 0.0064756940119,
        "dvar": 4.16118346038e-05,
        "dvar2": 0.000107420353743,
        "max": 0.0773275643587,
        "mean": 0.00798472110182,
        "median": 0.00545022636652,
        "min": 1.92761229282e-22,
        "var": 6.49542198516e-05
    },
    "spectral_entropy": {
        "dmean": 0.124549306929,
        "dmean2": 0.194409385324,
        "dvar": 0.0237649343908,
        "dvar2": 0.0527616739273,
        "max": 9.83247375488,
        "mean": 7.98975563049,
        "median": 8.0757522583,
        "min": 5.46451377869,
        "var": 0.248086586595
    },
    "spectral_flux": {
        "dmean": 0.0231483336538,
        "dmean2": 0.0367714837193,
        "dvar": 0.000687239516992,
        "dvar2": 0.0013974205358,
        "max": 0.328014433384,
        "mean": 0.0891877487302,
        "median": 0.0848197340965,
        "min": 6.32407043399e-11,
        "var": 0.0022885450162
    },
    "spectral_kurtosis": {
        "dmean": 1.2422696352,
        "dmean2": 2.05021071434,
        "dvar": 13.9934968948,
        "dvar2": 34.2128143311,
        "max": 161.403656006,
        "mean": 4.0880522728,
        "median": 2.70715522766,
        "min": -1.28373849392,
        "var": 55.3055458069
    },
    "spectral_rms": {
        "dmean": 0.000656356511172,
        "dmean2": 0.00101471866947,
        "dvar": 5.02682269143e-07,
        "dvar2": 1.19142259791e-06,
        "max": 0.0115132331848,
        "mean": 0.00499447993934,
        "median": 0.00534388795495,
        "min": 3.13002423459e-12,
        "var": 4.44887155027e-06
    },
    "spectral_rolloff": {
        "dmean": 723.035095215,
        "dmean2": 1201.18847656,
        "dvar": 972938,
        "dvar2": 2368330.5,
        "max": 19681.3476562,
        "mean": 2395.95605469,
        "median": 1679.58984375,
        "min": 64.599609375,
        "var": 7764269.5
    },
    "spectral_skewness": {
        "dmean": 0.159998759627,
        "dmean2": 0.257815331221,
        "dvar": 0.0682472586632,
        "dvar2": 0.164654418826,
        "max": 9.20085144043,
        "mean": 1.47165000439,
        "median": 1.38227748871,
        "min": -0.100993931293,
        "var": 0.370477229357
    },
    "spectral_spread": {
        "dmean": 520644.625,
        "dmean2": 796112.8125,
        "dvar": 1.18652403712e+12,
        "dvar2": 2.21671771341e+12,
        "max": 42723964,
        "mean": 6404130,
        "median": 6022111,
        "min": 512592.8125,
        "var": 2.37868899369e+13
    },
    "spectral_strongpeak": {
        "dmean": 0.4857237041,
        "dmean2": 0.829948425293,
        "dvar": 0.94727653265,
        "dvar2": 2.27649760246,
        "max": 12.0004253387,
        "mean": 0.817797720432,
        "median": 0.360668599606,
        "min": 0,
        "var": 1.40214395523
    },
    "zerocrossingrate": {
        "dmean": 0.0127893015742,
        "dmean2": 0.0156282931566,
        "dvar": 0.000201696602744,
        "dvar2": 0.000269378884695,
        "max": 0.82275390625,
        "mean": 0.0996360853314,
        "median": 0.087890625,
        "min": 0.00439453125,
        "var": 0.00546691287309
    },
    "barkbands": {
        "dmean": [0.000435410562204, 0.00498672528192, 0.00103627739009, 0.00119196309242, 0.001416613115, 0.000629632384516, 0.000665985804517, 0.000719273870345, 0.00107355543878, 0.000904061773326, 0.000711653556209, 0.000601850624662, 0.000590509152971, 0.000345523178112, 0.000362454040442, 0.000280222651782, 0.000275230268016, 0.000256595463725, 0.000207812117878, 0.000212587445276, 0.000170193554368, 0.000149004874402, 0.000121877303172, 0.000108942389488, 0.00012842421711, 9.65191138675e-05, 4.47206402896e-05],
        "dmean2": [0.000566085684113, 0.00728029571474, 0.00175971642602, 0.00220794579946, 0.00248100282624, 0.00106671743561, 0.00109556864481, 0.00116597022861, 0.00169694772922, 0.00137744855601, 0.00107043178286, 0.000968124018982, 0.000944995379541, 0.000562839559279, 0.000581019034144, 0.000449066137662, 0.000437824695837, 0.000416907627368, 0.000335531658493, 0.000348544068402, 0.000278137769783, 0.000249588891165, 0.000201160699362, 0.000175974768354, 0.00020220670558, 0.000149278319441, 7.44463904994e-05],
        "dvar": [5.21021831901e-07, 5.32792473678e-05, 6.87136798661e-06, 1.00062534329e-05, 9.30985061132e-06, 3.61567549589e-06, 1.61255343301e-06, 1.67045868693e-06, 4.19386606154e-06, 2.94224832942e-06, 1.80400832051e-06, 1.36489268243e-06, 1.64653749835e-06, 3.84555221444e-07, 5.6676492477e-07, 3.19152434258e-07, 2.62947366991e-07, 2.33948341588e-07, 1.44885405007e-07, 1.32499167194e-07, 9.06934616296e-08, 4.80160196048e-08, 2.86009207429e-08, 2.30534080714e-08, 4.47475798637e-08, 2.85924723897e-08, 8.23587509302e-09],
        "dvar2": [9.64580181062e-07, 0.000118909185403, 1.82180046977e-05, 2.85456553684e-05, 2.52032677963e-05, 9.49337027123e-06, 3.90242439607e-06, 3.99292503062e-06, 9.70620476437e-06, 5.83385235586e-06, 3.58029569725e-06, 2.95197946798e-06, 3.94899825551e-06, 8.5184785803e-07, 1.23854977119e-06, 7.30730960186e-07, 5.54982193535e-07, 5.40275095773e-07, 3.44547942177e-07, 3.38950911782e-07, 2.37061115627e-07, 1.29919470737e-07, 7.40888808082e-08, 5.86351340814e-08, 1.10468256764e-07, 6.59249934643e-08, 2.23773639618e-08],
        "max": [0.0105808218941, 0.108492158353, 0.0202064439654, 0.0273507423699, 0.0353107526898, 0.0407725982368, 0.0188847184181, 0.0218538772315, 0.0294905491173, 0.0316298343241, 0.034804392606, 0.0343929044902, 0.0398028790951, 0.016906041652, 0.0234676115215, 0.0135383103043, 0.0160052534193, 0.0112599758431, 0.0100338896737, 0.00701168691739, 0.00644499016926, 0.00330481235869, 0.00195113150403, 0.00179067265708, 0.00262690405361, 0.00209089578129, 0.00108119880315],
        "mean": [0.000856746162754, 0.0105494819582, 0.000940431433264, 0.00096419302281, 0.00147848541383, 0.000868671166245, 0.0010555726476, 0.00115722930059, 0.00190366862807, 0.00175269180909, 0.00129288178869, 0.000994136673398, 0.000925984291825, 0.000563247769605, 0.000590063980781, 0.000470835715532, 0.000496273627505, 0.000446351914434, 0.000407387764426, 0.000430979329394, 0.0003991999547, 0.00036984871258, 0.000288699549856, 0.000294877158012, 0.000304950081045, 0.000242488022195, 8.32324440125e-05],
        "median": [0.000232481950661, 0.00637508928776, 0.000156567140948, 0.000167934573255, 0.000613733194768, 0.000464724726044, 0.000494052306749, 0.000564303074498, 0.000787658907939, 0.000717544171494, 0.000544363050722, 0.000449559971457, 0.000450751336757, 0.000298644357827, 0.000257730076555, 0.000228874312597, 0.00026119616814, 0.000241118599661, 0.000236419175053, 0.00024658231996, 0.000255542399827, 0.000265883572865, 0.000207495817449, 0.000208628131077, 0.000190110178664, 0.000126439903397, 2.27708296734e-05],
        "min": [1.19440505213e-25, 2.75408046142e-24, 1.22698291211e-24, 1.50591367578e-24, 5.4975109062e-24, 3.86850722046e-24, 5.6015798034e-24, 6.83685236172e-24, 1.02337465842e-23, 1.52416004824e-23, 1.00164509035e-23, 1.90726024944e-23, 2.73534931422e-23, 3.13628944702e-23, 5.16752171207e-23, 3.48803873812e-23, 6.95305851503e-23, 7.43837899679e-23, 1.25343320921e-22, 1.17269272758e-22, 1.67705075801e-22, 3.11859561246e-22, 4.55491719797e-22, 5.8025791008e-22, 8.1569292975e-22, 1.31374375849e-21, 1.79922971171e-21],
        "var": [1.69332781752e-06, 0.000145487181726, 5.41846293345e-06, 6.33320769339e-06, 7.44463295632e-06, 3.31274713972e-06, 2.8416711757e-06, 3.76585717277e-06, 9.88792271528e-06, 9.06987042981e-06, 5.54467123948e-06, 3.22462096847e-06, 2.90449452223e-06, 7.56260192247e-07, 1.19294725209e-06, 6.52049550354e-07, 6.30915053534e-07, 4.47133317039e-07, 3.07181579728e-07, 2.98875477256e-07, 2.21570246595e-07, 1.43305513234e-07, 8.58009983062e-08, 8.74135253071e-08, 1.15367626563e-07, 8.77497470242e-08, 1.46394798506e-08]
    },
    "erbbands": {
        "dmean": [0.220510616899, 0.924443423748, 1.03037846088, 2.79887986183, 5.03436374664, 4.35402774811, 4.6880736351, 5.21305322647, 7.34620380402, 12.9738407135, 15.9214916229, 23.8873844147, 28.2658882141, 27.6012783051, 21.6195201874, 21.1035079956, 25.9042129517, 17.6316566467, 16.2369918823, 15.6577301025, 15.0298662186, 14.7169885635, 14.7664880753, 11.4531354904, 10.5624799728, 8.69258403778, 7.78014183044, 6.08287763596, 5.86359834671, 4.3543214798, 3.43447160721, 2.46848487854, 1.86727309227, 1.42126274109, 0.965041279793, 0.467295646667, 0.184131473303, 0.0650335326791, 0.00682613719255, 9.54035785981e-05],
        "dmean2": [0.296367496252, 1.39907455444, 1.5379897356, 5.13830184937, 9.0578622818, 7.62112140656, 7.88656568527, 8.90590190887, 12.4009714127, 20.9600791931, 25.6175136566, 37.6617050171, 43.5871543884, 41.212978363, 34.0571365356, 34.1569480896, 41.4072113037, 28.3201904297, 26.7006797791, 24.8960018158, 24.192024231, 23.134519577, 23.7462749481, 18.3661708832, 17.1142845154, 14.4633388519, 12.8044338226, 10.0292816162, 9.74383831024, 7.23842668533, 5.68886852264, 4.03577518463, 3.02497172356, 2.26251411438, 1.55783748627, 0.740997314453, 0.290312737226, 0.104298882186, 0.0113167641684, 0.000155587855261],
        "dvar": [0.116398997605, 1.81616795063, 4.39738178253, 57.8546676636, 141.992904663, 89.434387207, 260.177734375, 160.381774902, 186.644424438, 652.89642334, 794.678527832, 2255.10986328, 3191.33618164, 2331.91455078, 1550.30236816, 1523.41687012, 2945.39526367, 1111.26147461, 776.645507812, 882.329528809, 743.383544922, 669.52331543, 918.581298828, 521.230773926, 343.487884521, 218.930648804, 251.743041992, 99.3447418213, 85.0780639648, 37.605140686, 23.4615726471, 11.7305288315, 7.64041852951, 4.9186501503, 2.65851163864, 0.63692855835, 0.109348848462, 0.0159203391522, 0.000160622599651, 3.00054168179e-08],
        "dvar2": [0.233175739646, 4.01689958572, 10.3641862869, 164.351760864, 396.923309326, 243.692123413, 677.455932617, 439.165618896, 482.700805664, 1579.28466797, 1816.13684082, 5070.13623047, 6661.06201172, 4670.33154297, 3233.2890625, 3379.66210938, 7101.38867188, 2525.80200195, 1849.38439941, 1871.95812988, 1785.13378906, 1449.30175781, 2051.52172852, 1200.44030762, 834.636169434, 569.540161133, 655.86151123, 249.7631073, 231.087249756, 101.116264343, 61.5100746155, 30.1118392944, 19.8084812164, 12.4127120972, 6.56623601913, 1.51141250134, 0.258094906807, 0.0414436198771, 0.000431486259913, 7.9049868873e-08],
        "max": [5.44768476486, 15.0711259842, 17.3625164032, 63.1180038452, 144.838653564, 98.8081207275, 363.961578369, 251.350341797, 241.724914551, 468.760620117, 569.422241211, 776.407531738, 1187.49304199, 1354.97180176, 955.837341309, 936.725585938, 1593.20812988, 883.280151367, 638.308837891, 933.020019531, 679.788146973, 558.700439453, 775.03918457, 696.952331543, 393.40032959, 228.622009277, 402.840179443, 192.287246704, 172.049087524, 103.762763977, 64.9016647339, 39.2843475342, 39.2965354919, 31.812046051, 18.0545845032, 10.2249898911, 4.21772956848, 1.43260920048, 0.152043685317, 0.00221668044105],
        "mean": [0.46407148242, 1.70714318752, 1.36141002178, 2.33996319771, 4.55321550369, 4.45490932465, 5.85014247894, 7.41797113419, 11.6039066315, 22.0272827148, 27.749786377, 43.2257156372, 56.924495697, 55.666809082, 41.4019241333, 37.230091095, 43.6323890686, 31.3558216095, 29.2744064331, 28.748632431, 27.6658420563, 28.0250663757, 26.4371089935, 21.7675876617, 21.9136199951, 18.4593849182, 17.3687477112, 14.2764310837, 13.7835197449, 10.475730896, 8.16294574738, 6.43183851242, 4.65280675888, 3.41769576073, 2.14108085632, 1.05530643463, 0.439863979816, 0.143149316311, 0.0131152449176, 0.00023053343466],
        "median": [0.228969603777, 0.977399766445, 0.466685533524, 0.526651144028, 1.22061979771, 2.00759553909, 3.05685853958, 3.96172356606, 6.01865386963, 10.5035820007, 14.8359165192, 18.6315727234, 24.811756134, 26.8078536987, 22.8406066895, 19.0986728668, 22.6152992249, 18.5243148804, 16.9124526978, 14.5883235931, 15.0406742096, 16.3469696045, 14.6784753799, 12.129327774, 13.0109348297, 11.5368242264, 11.3491373062, 9.44374465942, 9.8037071228, 7.4881067276, 5.9543466568, 4.50593137741, 3.33653402328, 2.20574951172, 1.28195047379, 0.593927979469, 0.211890116334, 0.0538276135921, 0.00354802748188, 0.000101697078208],
        "min": [8.43263530035e-23, 6.46879472823e-22, 2.01169840297e-21, 3.56788403302e-21, 1.44533284587e-20, 1.19603466486e-20, 3.96136698416e-20, 4.58908010058e-20, 9.83290984515e-20, 2.05591644121e-19, 3.57625333983e-19, 3.0308450821e-19, 5.39859685277e-19, 5.20352853578e-19, 9.96790171447e-19, 1.09170046134e-18, 1.54789553225e-18, 1.83790371084e-18, 2.10578511824e-18, 2.58815735361e-18, 3.145654339e-18, 4.12755226089e-18, 4.96735854472e-18, 6.59670582811e-18, 7.01468432753e-18, 7.41969346213e-18, 6.94670745197e-18, 7.37740716204e-18, 1.11230943883e-17, 1.18203373343e-17, 1.22755869378e-17, 1.09586831425e-17, 1.04985515191e-17, 7.89165459552e-18, 6.0033187167e-18, 4.01933966598e-18, 2.22409820882e-18, 9.28144520362e-19, 2.38637806861e-19, 2.58253041225e-20],
        "var": [0.349110305309, 4.11625289917, 5.59468603134, 36.4599304199, 103.733703613, 67.2984237671, 229.076934814, 157.49659729, 291.624267578, 1341.05480957, 1883.76879883, 5400.69335938, 9533.59570312, 7497.23876953, 4333.14599609, 3954.64355469, 5532.99316406, 2215.13671875, 1615.28796387, 2073.44116211, 1578.57910156, 1552.52941895, 1727.99621582, 998.831054688, 842.734375, 482.95098877, 457.818969727, 282.273132324, 218.604019165, 114.249923706, 68.0693511963, 43.1161460876, 22.5538330078, 13.786195755, 6.03050756454, 1.58968651295, 0.314333856106, 0.0365826934576, 0.000345118372934, 7.69336452322e-08]
    },
    "gfcc": {
        "mean": [1.51861214638, 44.5532035828, -112.100502014, 15.3319406509, -53.9635887146, 20.4044380188, -24.9570083618, 16.819152832, -18.7809295654, 9.40858745575, -14.0725479126, 8.4890165329, -8.75514030457],
        "cov": [[45203.3515625, 86.3849258423, -193.651077271, 1323.47412109, -791.357543945, 1276.82714844, -370.905548096, 1332.7409668, -700.232421875, 622.764282227, -644.750427246, 439.507446289, -374.198974609], [86.3849258423, 1310.79772949, -716.197998047, -114.711494446, -94.8799972534, -117.558982849, -39.022277832, -88.7117614746, 70.3410186768, -98.8841171265, 109.058525085, -67.8140792847, 102.639587402], [-193.651077271, -716.197998047, 1391.83105469, 442.436279297, 404.751068115, 236.290725708, 164.585998535, 177.018173218, 21.4610233307, 137.7552948, -60.3347702026, 55.7020492554, -74.4897155762], [1323.47412109, -114.711494446, 442.436279297, 653.327209473, 179.951461792, 248.677108765, 123.094055176, 103.792053223, 13.3720855713, 37.8966674805, -46.3083076477, 13.9141464233, -42.6854057312], [-791.357543945, -94.8799972534, 404.751068115, 179.951461792, 410.49899292, 155.781723022, 150.145629883, 71.6281967163, 42.7661399841, 34.9485168457, 10.6882581711, 21.7456607819, 16.0561714172], [1276.82714844, -117.558982849, 236.290725708, 248.677108765, 155.781723022, 296.23550415, 119.245910645, 147.373916626, 7.69361352921, 72.1699066162, -15.4472904205, 48.0530281067, -5.7705116272], [-370.905548096, -39.022277832, 164.585998535, 123.094055176, 150.145629883, 119.245910645, 242.638580322, 113.178527832, 89.6541671753, 33.0425949097, 26.5653610229, 23.3120861053, 30.756072998], [1332.7409668, -88.7117614746, 177.018173218, 103.792053223, 71.6281967163, 147.373916626, 113.178527832, 240.099212646, 66.7425765991, 100.222396851, -7.47215652466, 49.2269172668, 10.4759435654], [-700.232421875, 70.3410186768, 21.4610233307, 13.3720855713, 42.7661399841, 7.69361352921, 89.6541671753, 66.7425765991, 169.253723145, 63.6623725891, 58.6097221375, 8.95658493042, 35.8161277771], [622.764282227, -98.8841171265, 137.7552948, 37.8966674805, 34.9485168457, 72.1699066162, 33.0425949097, 100.222396851, 63.6623725891, 165.706878662, 50.2669296265, 50.6741828918, -9.38537216187], [-644.750427246, 109.058525085, -60.3347702026, -46.3083076477, 10.6882581711, -15.4472904205, 26.5653610229, -7.47215652466, 58.6097221375, 50.2669296265, 127.175422668, 39.064781189, 38.3835449219], [439.507446289, -67.8140792847, 55.7020492554, 13.9141464233, 21.7456607819, 48.0530281067, 23.3120861053, 49.2269172668, 8.95658493042, 50.6741828918, 39.064781189, 101.69707489, 35.1259880066], [-374.198974609, 102.639587402, -74.4897155762, -42.6854057312, 16.0561714172, -5.7705116272, 30.756072998, 10.4759435654, 35.8161277771, -9.38537216187, 38.3835449219, 35.1259880066, 105.685432434]],
        "icov": [[5.09222336404e-05, -6.96308852639e-05, 4.21862023359e-05, -8.31511424622e-05, 0.00011319656187, -8.24229500722e-05, 9.18293881114e-05, -0.000274262885796, 0.000252337398706, -0.000191847531823, 0.000245871662628, -0.000207368226256, 9.99100302579e-05], [-6.96308852639e-05, 0.00148911052383, 0.000679169024806, -0.000303080887534, -0.000543624977581, 0.000250067823799, 0.000357984041329, -0.000108860156615, -0.000628100300673, 0.000886663910933, -0.00166441907641, 0.00150932255201, -0.000939146266319], [4.21862023359e-05, 0.000679169024806, 0.00183859490789, -0.000894652679563, -0.00132675212808, 0.000630777620245, 0.000136508388096, -0.00071474572178, 0.000332902069204, -0.000819646229502, 0.000408471503761, -0.000242906957283, 0.0004382217885], [-8.31511424622e-05, -0.000303080887534, -0.000894652679563, 0.00298950169235, 0.000141853524838, -0.00215196423233, -0.000511472637299, 0.00112890696619, -0.00103764235973, 0.000845634669531, 0.000286997499643, 9.03385443962e-05, 0.000767176505178], [0.00011319656187, -0.000543624977581, -0.00132675212808, 0.000141853524838, 0.00498813576996, -0.00204112939537, -0.0014750774717, 0.000523352064192, 0.000365217973012, -0.000104329039459, 0.000201232527616, 4.80874587083e-06, -0.000648673798423], [-8.24229500722e-05, 0.000250067823799, 0.000630777620245, -0.00215196423233, -0.00204112939537, 0.00877354387194, -0.00180570327211, -0.00265846773982, 0.00240251119249, -0.00170746562071, 0.000235709303524, -0.000947139866184, -0.00011776068277], [9.18293881114e-05, 0.000357984041329, 0.000136508388096, -0.000511472637299, -0.0014750774717, -0.00180570327211, 0.00875250436366, -0.00324049266055, -0.0030102331657, 0.0027592042461, -0.00173458608333, 0.000272546370979, -0.000428714032751], [-0.000274262885796, -0.000108860156615, -0.00071474572178, 0.00112890696619, 0.000523352064192, -0.00265846773982, -0.00324049266055, 0.0114793013781, -0.0035137294326, -0.00334685714915, 0.00346859870479, -0.00122939841822, -0.00129025278147], [0.000252337398706, -0.000628100300673, 0.000332902069204, -0.00103764235973, 0.000365217973012, 0.00240251119249, -0.0030102331657, -0.0035137294326, 0.0129313357174, -0.00513162324205, -0.00169108773116, 0.00254166033119, -0.00244963471778], [-0.000191847531823, 0.000886663910933, -0.000819646229502, 0.000845634669531, -0.000104329039459, -0.00170746562071, 0.0027592042461, -0.00334685714915, -0.00513162324205, 0.0149471638724, -0.00685829343274, -0.00215503643267, 0.00394841004163], [0.000245871662628, -0.00166441907641, 0.000408471503761, 0.000286997499643, 0.000201232527616, 0.000235709303524, -0.00173458608333, 0.00346859870479, -0.00169108773116, -0.00685829343274, 0.0172442998737, -0.0065536480397, -0.0010865671793], [-0.000207368226256, 0.00150932255201, -0.000242906957283, 9.03385443962e-05, 4.80874587083e-06, -0.000947139866184, 0.000272546370979, -0.00122939841822, 0.00254166033119, -0.00215503643267, -0.0065536480397, 0.0187011957169, -0.00723279593512], [9.99100302579e-05, -0.000939146266319, 0.0004382217885, 0.000767176505178, -0.000648673798423, -0.00011776068277, -0.000428714032751, -0.00129025278147, -0.00244963471778, 0.00394841004163, -0.0010865671793, -0.00723279593512, 0.0156707223505]]
    },
    "melbands": {
        "dmean": [0.00161395117175, 0.000617514189798, 0.000530375633389, 0.000360850564903, 0.000153221379151, 0.000116668627015, 0.000119830518088, 0.000147506478243, 0.000138193237945, 0.000159758565133, 0.000145790152601, 0.000116344177513, 7.50399849494e-05, 6.98175135767e-05, 5.12478800374e-05, 6.81572928443e-05, 3.22555315506e-05, 2.71236349363e-05, 3.28292262566e-05, 2.02105311473e-05, 1.84055279533e-05, 1.76764569915e-05, 1.38740142575e-05, 1.22358660519e-05, 1.00981878859e-05, 8.5686069724e-06, 8.81176856637e-06, 6.31239299764e-06, 5.5609662013e-06, 4.66722076453e-06, 3.70767384084e-06, 4.20761489295e-06, 2.90290995508e-06, 2.60299202637e-06, 2.28479007092e-06, 1.84542648185e-06, 1.69448003362e-06, 1.44559771798e-06, 1.44334717334e-06, 1.25248868699e-06],
        "dmean2": [0.00228022132069, 0.000933045404963, 0.00095996906748, 0.000640558428131, 0.000257488223724, 0.000199058660655, 0.000200875743758, 0.000237866508542, 0.000220535555854, 0.000250640820013, 0.000224222516408, 0.000173479536898, 0.000115940456453, 0.000110677116027, 8.48351992317e-05, 0.00010835363355, 5.1969615015e-05, 4.50112238468e-05, 5.2464849432e-05, 3.16807563649e-05, 3.00818337564e-05, 2.78269271803e-05, 2.21563823288e-05, 1.98221769097e-05, 1.61339339684e-05, 1.39494422911e-05, 1.43960123751e-05, 1.04356695374e-05, 9.1632900876e-06, 7.58301212045e-06, 6.13964448348e-06, 6.97226323609e-06, 4.83955273012e-06, 4.3353475121e-06, 3.79925631933e-06, 3.06079641632e-06, 2.78989932667e-06, 2.37471635955e-06, 2.34602407545e-06, 2.00811700779e-06],
        "dvar": [5.85934321862e-06, 8.52533446505e-07, 1.85228952887e-06, 6.92754042575e-07, 2.03534511911e-07, 8.79166606182e-08, 4.97341510197e-08, 7.98559085524e-08, 6.56168239743e-08, 1.05426757102e-07, 8.21422574404e-08, 3.82433107404e-08, 1.75942318492e-08, 2.18998827961e-08, 1.05551540841e-08, 2.78376486307e-08, 4.32196456401e-09, 2.11858042221e-09, 5.58903323622e-09, 2.20853113575e-09, 1.25076538016e-09, 1.0425023067e-09, 7.37823413477e-10, 5.74204572779e-10, 4.63522220606e-10, 2.63070204509e-10, 3.11630971028e-10, 1.3173738489e-10, 1.37907948949e-10, 6.93338025881e-11, 3.93239364682e-11, 5.52628984241e-11, 1.74317001805e-11, 1.40489859329e-11, 1.10110792012e-11, 7.6053174175e-12, 5.68751903213e-12, 4.60312690742e-12, 5.23740772973e-12, 3.58643431793e-12],
        "dvar2": [1.27909779621e-05, 1.70250393694e-06, 5.20530511494e-06, 1.89715638044e-06, 5.29996441401e-07, 2.37072626419e-07, 1.25787963157e-07, 1.93907027324e-07, 1.49654340476e-07, 2.36923256125e-07, 1.70196386762e-07, 7.70334125377e-08, 3.67221737463e-08, 4.60501787813e-08, 2.44669635663e-08, 6.64644730364e-08, 9.43563094324e-09, 5.11913977874e-09, 1.1687038004e-08, 4.77371520091e-09, 2.96521096566e-09, 2.18678941621e-09, 1.65075597636e-09, 1.33625532861e-09, 1.04877329044e-09, 6.19792828171e-10, 7.55765061644e-10, 3.30292432293e-10, 3.56010332325e-10, 1.66827190951e-10, 1.03261448003e-10, 1.49565373975e-10, 4.73405169232e-11, 3.69612465634e-11, 2.93353050185e-11, 1.97895953097e-11, 1.47389132149e-11, 1.23124462015e-11, 1.36568317419e-11, 9.14520455891e-12],
        "max": [0.0377079099417, 0.00845813564956, 0.0115293860435, 0.00985273253173, 0.0100950971246, 0.00580853782594, 0.00377283757553, 0.0055244192481, 0.00461479602382, 0.00528795924038, 0.0059682209976, 0.00501067144796, 0.0030219827313, 0.00502069713548, 0.00198770547286, 0.00541191082448, 0.00200053560548, 0.000896025856491, 0.00253858463839, 0.0014147774782, 0.000985505175777, 0.000723498349544, 0.00060486322036, 0.000632256676909, 0.000722335709725, 0.000378832977731, 0.000340838421835, 0.000214743282413, 0.000268282921752, 0.000182524949196, 0.000114930531709, 0.000150199382915, 7.12143519195e-05, 4.65268421976e-05, 5.37668602192e-05, 3.47991881426e-05, 3.13153286697e-05, 3.0116401831e-05, 2.57186784438e-05, 2.54098904406e-05],
        "mean": [0.00344660761766, 0.00121769867837, 0.000468624260975, 0.000344730069628, 0.000195817512576, 0.000167394755408, 0.000190627368283, 0.000247535819653, 0.000232462887652, 0.00028229758027, 0.000286478694761, 0.000228419245104, 0.000143026642036, 0.000117098934425, 8.45813774504e-05, 0.000103312493593, 5.2278421208e-05, 4.39833966084e-05, 5.10445679538e-05, 3.3495372918e-05, 3.0857805541e-05, 3.07391201204e-05, 2.36835767282e-05, 2.06635741051e-05, 1.7212376406e-05, 1.57788599608e-05, 1.57447393576e-05, 1.15096809168e-05, 1.10178789328e-05, 9.74599424808e-06, 7.49742412154e-06, 8.40917618916e-06, 6.42750273983e-06, 5.48760544916e-06, 4.87947318106e-06, 3.98839893023e-06, 3.98396696255e-06, 3.28375926983e-06, 3.07701179736e-06, 2.82444648292e-06],
        "median": [0.00199161283672, 0.000681125442497, 0.000121299955936, 0.000119948163047, 0.000109822452941, 9.28720983211e-05, 9.74229042185e-05, 0.000120268377941, 0.000114611779281, 0.000112149806228, 0.000117013987619, 0.000106551909994, 7.45831202948e-05, 5.2670839068e-05, 4.10591310356e-05, 4.50595871371e-05, 2.82716246147e-05, 2.45168139372e-05, 2.00088616111e-05, 1.54068093252e-05, 1.56325149874e-05, 1.58045731951e-05, 1.32916838993e-05, 1.10442488221e-05, 8.6896961875e-06, 9.13071926334e-06, 7.73358078732e-06, 6.72654869049e-06, 7.22818549548e-06, 5.53045128981e-06, 4.88858131575e-06, 5.42105863133e-06, 4.55542794953e-06, 3.77219362235e-06, 3.48732464772e-06, 2.54294263868e-06, 2.61451918959e-06, 2.2333074412e-06, 2.067239393e-06, 1.74750425685e-06],
        "min": [8.91946881733e-25, 1.0073485547e-24, 1.18873449808e-24, 7.5933255964e-25, 1.27445764607e-24, 1.06077514558e-24, 1.30701285094e-24, 2.06213210448e-24, 2.8458677804e-24, 1.58283708037e-24, 2.50373249492e-24, 2.00190987133e-24, 2.02217136925e-24, 2.82009549742e-24, 2.16712791325e-24, 3.09942858016e-24, 2.33260687091e-24, 2.88386799907e-24, 3.45926077676e-24, 2.48678618496e-24, 3.71810773343e-24, 2.99499739859e-24, 3.84195021808e-24, 2.76103742575e-24, 4.41268713871e-24, 5.21259919635e-24, 3.39554763688e-24, 4.09321069944e-24, 4.55836332106e-24, 3.7504388032e-24, 4.33644649323e-24, 5.10348158936e-24, 5.1448892927e-24, 5.47884921819e-24, 5.92717977544e-24, 5.618479965e-24, 5.90917284199e-24, 6.0797557297e-24, 5.58498335324e-24, 6.32343525776e-24],
        "var": [1.66417466971e-05, 2.05049241231e-06, 1.23023778542e-06, 5.19503259966e-07, 1.82991897191e-07, 8.49498178468e-08, 8.11943010603e-08, 1.65961083098e-07, 1.48988760884e-07, 2.51447090704e-07, 2.50163850524e-07, 1.22193938523e-07, 5.33801269853e-08, 4.92351155401e-08, 2.53084895263e-08, 4.64887754958e-08, 8.26940471654e-09, 3.79641162951e-09, 1.12516209683e-08, 4.54504434089e-09, 2.44450482079e-09, 2.4411686006e-09, 1.35568367643e-09, 1.02583974648e-09, 8.10756739522e-10, 5.36237443338e-10, 6.22195961419e-10, 2.43184361537e-10, 2.16264797737e-10, 1.70076952521e-10, 8.72395905516e-11, 1.08620508421e-10, 4.42841423254e-11, 3.61620074163e-11, 2.63032356312e-11, 1.97074110503e-11, 1.79423646079e-11, 1.20045865609e-11, 1.15625946318e-11, 9.90703092479e-12]
    },
    "mfcc": {
        "mean": [-629.515258789, 87.8398590088, -2.81240773201, 5.34406852722, -2.80451130867, 4.9811797142, 5.72550678253, 8.39089679718, 6.04981327057, 4.37795352936, 3.76053714752, 2.74177980423, 2.36832118034],
        "cov": [[17041.0957031, 981.823303223, 974.278991699, 703.41418457, 369.220031738, 444.407043457, 445.674591064, 513.682922363, 460.652679443, 371.293457031, 209.5909729, 177.174057007, 44.7822227478], [981.823303223, 1155.97900391, -397.601623535, -103.631416321, -97.7874984741, -118.154701233, -42.2617492676, -22.0627918243, -36.2636146545, -42.8750228882, -2.17817926407, 2.5312371254, 14.0217599869], [974.278991699, -397.601623535, 651.852355957, 297.56149292, 187.835113525, 185.779647827, 109.567329407, 94.8940811157, 100.370079041, 90.5251312256, 65.0009613037, 51.7453346252, 20.1853256226], [703.41418457, -103.631416321, 297.56149292, 349.51574707, 183.718597412, 165.520111084, 98.8431167603, 91.247756958, 87.7937164307, 66.1624679565, 43.5955810547, 26.0356826782, 23.8382949829], [369.220031738, -97.7874984741, 187.835113525, 183.718597412, 265.660064697, 156.500320435, 111.760498047, 74.832069397, 65.2070236206, 42.8808517456, 21.3473987579, 23.308013916, 13.6853713989], [444.407043457, -118.154701233, 185.779647827, 165.520111084, 156.500320435, 220.532913208, 133.348937988, 92.5219650269, 67.3845214844, 47.8930397034, 29.5810470581, 31.113117218, 17.5124950409], [445.674591064, -42.2617492676, 109.567329407, 98.8431167603, 111.760498047, 133.348937988, 186.750427246, 116.539360046, 84.3694229126, 51.24269104, 35.1702461243, 37.618976593, 12.6775693893], [513.682922363, -22.0627918243, 94.8940811157, 91.247756958, 74.832069397, 92.5219650269, 116.539360046, 167.742965698, 114.383911133, 59.0750961304, 29.1613273621, 29.1064567566, 13.156662941], [460.652679443, -36.2636146545, 100.370079041, 87.7937164307, 65.2070236206, 67.3845214844, 84.3694229126, 114.383911133, 166.298355103, 98.6304702759, 40.554359436, 27.3223419189, 20.3828716278], [371.293457031, -42.8750228882, 90.5251312256, 66.1624679565, 42.8808517456, 47.8930397034, 51.24269104, 59.0750961304, 98.6304702759, 134.556549072, 70.6115875244, 35.2558555603, 23.2424087524], [209.5909729, -2.17817926407, 65.0009613037, 43.5955810547, 21.3473987579, 29.5810470581, 35.1702461243, 29.1613273621, 40.554359436, 70.6115875244, 116.928413391, 68.16355896, 25.7641735077], [177.174057007, 2.5312371254, 51.7453346252, 26.0356826782, 23.308013916, 31.113117218, 37.618976593, 29.1064567566, 27.3223419189, 35.2558555603, 68.16355896, 116.463264465, 50.6091194153], [44.7822227478, 14.0217599869, 20.1853256226, 23.8382949829, 13.6853713989, 17.5124950409, 12.6775693893, 13.156662941, 20.3828716278, 23.2424087524, 25.7641735077, 50.6091194153, 97.8364715576]],
