{
"lowlevel": {
    "average_loudness": 0.954368531704,
    "barkbands_crest": {
        "dmean": 3.11513805389,
        "dmean2": 5.03065919876,
        "dvar": 8.50230503082,
        "dvar2": 21.876537323,
        "max": 26.2445259094,
        "mean": 9.78007411957,
        "median": 8.7451467514,
        "min": 1.80268239975,
        "var": 24.9149513245
    },
    "barkbands_flatness_db": {
        "dmean": 0.0204784777015,
        "dmean2": 0.0319836512208,
        "dvar": 0.000454135792097,
        "dvar2": 0.00107354181819,
        "max": 0.533513486385,
        "mean": 0.088832244277,
        "median": 0.0755970627069,
        "min": 0.0127111999318,
        "var": 0.00301351910457
    },
    "barkbands_kurtosis": {
        "dmean": 1.85956370831,
        "dmean2": 3.0651679039,
        "dvar": 38.080406189,
        "dvar2": 104.771858215,
        "max": 274.961883545,
        "mean": 0.868558943272,
        "median": -0.454740762711,
        "min": -1.85570991039,
        "var": 30.8027439117
    },
    "barkbands_skewness": {
        "dmean": 0.554678320885,
        "dmean2": 0.870260775089,
        "dvar": 0.42156213522,
        "dvar2": 1.04377496243,
        "max": 13.2828359604,
        "mean": 0.871344268322,
        "median": 0.728510379791,
        "min": -2.48095083237,
        "var": 1.17317068577
    },
    "barkbands_spread": {
        "dmean": 9.06522941589,
        "dmean2": 14.4874763489,
        "dvar": 85.0129928589,
        "dvar2": 215.957122803,
        "max": 98.9186096191,
        "mean": 41.0101661682,
        "median": 41.1077041626,
        "min": 0.661047697067,
        "var": 308.386810303
    },
    "dissonance": {
        "dmean": 0.0094634052366,
        "dmean2": 0.0161855518818,
        "dvar": 9.54680435825e-05,
        "dvar2": 0.00025912822457,
        "max": 0.500000059605,
        "mean": 0.485867887735,
        "median": 0.488737106323,
        "min": 0.208287209272,
        "var": 0.000149214916746
    },
    "dynamic_complexity": 2.47073221207,
    "erbbands_crest": {
        "dmean": 1.98282909393,
        "dmean2": 3.34106707573,
        "dvar": 4.83707332611,
        "dvar2": 13.0495119095,
        "max": 31.6277751923,
        "mean": 6.17196846008,
        "median": 5.1182012558,
        "min": 2.12521672249,
        "var": 11.3499422073
    },
    "erbbands_flatness_db": {
        "dmean": 0.0128992628306,
        "dmean2": 0.0202273018658,
        "dvar": 0.000166922007338,
        "dvar2": 0.000396054238081,
        "max": 0.593055129051,
        "mean": 0.126340046525,
        "median": 0.103046655655,
        "min": 0.0429426915944,
        "var": 0.00422698678449
    },
    "erbbands_kurtosis": {
        "dmean": 0.612403035164,
        "dmean2": 0.991119027138,
        "dvar": 0.715572476387,
        "dvar2": 1.78035211563,
        "max": 24.5979862213,
        "mean": -0.0989321097732,
        "median": -0.399085283279,
        "min": -1.84250259399,
        "var": 1.40347504616
    },
    "erbbands_skewness": {
        "dmean": 0.305478215218,
        "dmean2": 0.490729302168,
        "dvar": 0.0901708900928,
        "dvar2": 0.235471352935,
        "max": 4.16028547287,
        "mean": -0.215514659882,
        "median": -0.218441918492,
        "min": -3.70304727554,
        "var": 0.247896909714
    },
    "erbbands_spread": {
        "dmean": 9.212433815,
        "dmean2": 14.4631891251,
        "dvar": 114.471321106,
        "dvar2": 246.77532959,
        "max": 132.167694092,
        "mean": 43.7136764526,
        "median": 42.2429122925,
        "min": 1.16404795647,
        "var": 366.822967529
    },
    "hfc": {
        "dmean": 14.0925521851,
        "dmean2": 23.0200099945,
        "dvar": 311.559936523,
        "dvar2": 840.619750977,
        "max": 207.946243286,
        "mean": 44.1216697693,
        "median": 41.5686187744,
        "min": 1.08750990232e-16,
        "var": 850.965332031
    },
    "melbands_crest": {
        "dmean": 4.40068769455,
        "dmean2": 7.25046300888,
        "dvar": 16.8834495544,
        "dvar2": 43.8844337463,
        "max": 36.7511100769,
        "mean": 16.2816829681,
        "median": 15.7182216644,
        "min": 1.48281311989,
        "var": 66.918838501
    },
    "melbands_flatness_db": {
        "dmean": 0.0296101327986,
        "dmean2": 0.0463750064373,
        "dvar": 0.00091768510174,
        "dvar2": 0.00218098983169,
        "max": 0.602677166462,
        "mean": 0.136782199144,
        "median": 0.133395165205,
        "min": 0.00279491115361,
        "var": 0.00373559026048
    },
    "melbands_kurtosis": {
        "dmean": 8.06109523773,
        "dmean2": 12.8164167404,
        "dvar": 392.713775635,
        "dvar2": 1005.97949219,
        "max": 666.635803223,
        "mean": 10.8921842575,
        "median": 4.40055179596,
        "min": -1.70331978798,
        "var": 451.804840088
    },
    "melbands_skewness": {
        "dmean": 0.902338147163,
        "dmean2": 1.39787101746,
        "dvar": 1.257152915,
        "dvar2": 2.95294332504,
        "max": 19.5721054077,
        "mean": 2.49225187302,
        "median": 2.09138917923,
        "min": -1.7311013937,
        "var": 3.62672662735
    },
    "melbands_spread": {
        "dmean": 12.8843011856,
        "dmean2": 20.4717769623,
        "dvar": 179.500518799,
        "dvar2": 434.722747803,
        "max": 167.545776367,
        "mean": 42.9353981018,
        "median": 38.3660202026,
        "min": 0.405371308327,
        "var": 648.095581055
    },
    "pitch_salience": {
        "dmean": 0.0926802381873,
        "dmean2": 0.147288233042,
        "dvar": 0.00788946077228,
        "dvar2": 0.0194689817727,
        "max": 0.930326759815,
        "mean": 0.536364555359,
        "median": 0.558912992477,
        "min": 0.0653909668326,
        "var": 0.023555053398
    },
    "silence_rate_20dB": {
        "dmean": 0,
        "dmean2": 0,
        "dvar": 0,
        "dvar2": 0,
        "max": 1,
        "mean": 1,
        "median": 1,
        "min": 1,
        "var": 0
    },
    "silence_rate_30dB": {
        "dmean": 0,
        "dmean2": 0,
        "dvar": 0,
        "dvar2": 0,
        "max": 1,
        "mean": 1,
        "median": 1,
        "min": 1,
        "var": 0
    },
    "silence_rate_60dB": {
        "dmean": 0.00309382006526,
        "dmean2": 0.00618811883032,
        "dvar": 0.00308430683799,
        "dvar2": 0.00754201272503,
        "max": 1,
        "mean": 0.071307040751,
        "median": 0,
        "min": 0,
        "var": 0.0662193670869
    },
    "spectral_centroid": {
        "dmean": 343.804046631,
        "dmean2": 546.026672363,
        "dvar": 128051.007812,
        "dvar2": 289681.28125,
        "max": 11753.4472656,
        "mean": 2410.12548828,
        "median": 2384.21533203,
        "min": 240.593231201,
        "var": 1346086.125
    },
    "spectral_complexity": {
        "dmean": 5.70160102844,
        "dmean2": 9.05956077576,
        "dvar": 33.5543708801,
        "dvar2": 77.324546814,
        "max": 69,
        "mean": 32.5969848633,
        "median": 34,
        "min": 0,
        "var": 193.067092896
    },
    "spectral_decrease": {
        "dmean": 1.60360069668e-09,
        "dmean2": 2.48098541711e-09,
        "dvar": 3.14930344627e-18,
        "dvar2": 7.65671379486e-18,
        "max": 1.82003954752e-28,
        "mean": -7.10219882905e-09,
        "median": -7.22342230475e-09,
        "min": -2.01611900508e-08,
        "var": 1.36304550144e-17
    },
    "spectral_energy": {
        "dmean": 0.00639202352613,
        "dmean2": 0.009990260005,
        "dvar": 4.97289547639e-05,
        "dvar2": 0.000123377380078,
        "max": 0.0813023969531,
        "mean": 0.0308071449399,
        "median": 0.0326778925955,
        "min": 9.95076466475e-21,
        "var": 0.000227430733503
    },
    "spectral_energyband_high": {
        "dmean": 0.00137068482582,
        "dmean2": 0.00225153821521,
        "dvar": 3.1438530641e-06,
        "dvar2": 8.39616768644e-06,
        "max": 0.0258286334574,
        "mean": 0.00352427735925,
        "median": 0.00309939030558,
        "min": 7.06265951705e-21,
        "var": 8.74261240824e-06
    },
    "spectral_energyband_low": {
        "dmean": 0.00563645502552,
        "dmean2": 0.00874684285372,
        "dvar": 5.68381947232e-05,
        "dvar2": 0.000134956804686,
        "max": 0.062613800168,
        "mean": 0.0130620254204,
        "median": 0.00859379023314,
        "min": 1.30869996804e-23,
        "var": 0.000176063054823
    },
    "spectral_energyband_middle_high": {
        "dmean": 0.0027452132199,
        "dmean2": 0.0045331614092,
        "dvar": 1.33813991852e-05,
        "dvar2": 3.610769636e-05,
        "max": 0.0568138584495,
        "mean": 0.00760200060904,
        "median": 0.00632720580325,
        "min": 1.09271790803e-21,
        "var": 3.24321190419e-05
    },
    "spectral_energyband_middle_low": {
        "dmean": 0.0045736390166,
        "dmean2": 0.00766451982781,
        "dvar": 5.62984787393e-05,
        "dvar2": 0.000143268916872,
        "max": 0.0751234591007,
        "mean": 0.00749035831541,
        "median": 0.00542853027582,
        "min": 1.55084879039e-22,
        "var": 6.23610394541e-05
    },
    "spectral_entropy": {
        "dmean": 0.111550822854,
        "dmean2": 0.179577842355,
        "dvar": 0.0143013047054,
        "dvar2": 0.0359771996737,
        "max": 9.8234834671,
        "mean": 8.09284496307,
        "median": 8.20615768433,
        "min": 5.18811035156,
        "var": 0.187477514148
    },
    "spectral_flux": {
        "dmean": 0.0208760667592,
        "dmean2": 0.0302523598075,
        "dvar": 0.000504495750647,
        "dvar2": 0.000961867102887,
        "max": 0.288396686316,
        "mean": 0.105394698679,
        "median": 0.102394938469,
        "min": 6.38988445489e-11,
        "var": 0.00246329256333
    },
    "spectral_kurtosis": {
        "dmean": 1.03870868683,
        "dmean2": 1.71500384808,
        "dvar": 15.194234848,
        "dvar2": 24.8459835052,
        "max": 450.727294922,
        "mean": 3.1194088459,
        "median": 2.36390137672,
        "min": -1.26918530464,
        "var": 38.2729072571
    },
    "spectral_rms": {
        "dmean": 0.00055935792625,
        "dmean2": 0.000873902696185,
        "dvar": 3.51261945752e-07,
        "dvar2": 8.76910746683e-07,
        "max": 0.00890614464879,
        "mean": 0.00520686339587,
        "median": 0.00564631493762,
        "min": 3.115776517e-12,
        "var": 2.94437563753e-06
    },
    "spectral_rolloff": {
        "dmean": 1069.08959961,
        "dmean2": 1740.12451172,
        "dvar": 1559949,
        "dvar2": 3762850.25,
        "max": 19444.4824219,
        "mean": 3223.12939453,
        "median": 2734.71679688,
        "min": 64.599609375,
        "var": 6729521.5
    },
    "spectral_skewness": {
        "dmean": 0.142920672894,
        "dmean2": 0.232881382108,
        "dvar": 0.0363628268242,
        "dvar2": 0.0804941877723,
        "max": 16.2851238251,
        "mean": 1.24444901943,
        "median": 1.22220897675,
        "min": -0.0824919044971,
        "var": 0.14335103333
    },
    "spectral_spread": {
        "dmean": 560016.5625,
        "dmean2": 868258.75,
        "dvar": 484034674688,
        "dvar2": 1.06463625216e+12,
        "max": 42964392,
        "mean": 5918684,
        "median": 5757402,
        "min": 284903.5625,
        "var": 1.84436968653e+13
    },
    "spectral_strongpeak": {
        "dmean": 0.415041148663,
        "dmean2": 0.713207066059,
        "dvar": 0.733772456646,
        "dvar2": 1.94041228294,
        "max": 16.2933120728,
        "mean": 0.651961684227,
        "median": 0.33724462986,
        "min": 0,
        "var": 1.06094110012
    },
    "zerocrossingrate": {
        "dmean": 0.0157470237464,
        "dmean2": 0.0192567054182,
        "dvar": 0.000244756956818,
        "dvar2": 0.000341664475854,
        "max": 0.64599609375,
        "mean": 0.109678201377,
        "median": 0.10009765625,
        "min": 0.0048828125,
        "var": 0.00369739229791
    },
    "barkbands": {
        "dmean": [0.000328682042891, 0.00448693567887, 0.0028609095607, 0.00173442845698, 0.00188231142238, 0.00108092755545, 0.00070455862442, 0.000618053309154, 0.000737140595447, 0.000549733696971, 0.000540490786079, 0.000520775269251, 0.000452638312709, 0.000510827230755, 0.000422088574851, 0.000465118006105, 0.000419422751293, 0.000419324758695, 0.000392082991311, 0.0003824341984, 0.000349275709596, 0.000272341421805, 0.000241333546001, 0.000242376103415, 0.000229173441767, 0.00013067839609, 2.88372975774e-05],
        "dmean2": [0.000444573699497, 0.00687835458666, 0.00475358217955, 0.00311008607969, 0.00341138569638, 0.00184150319546, 0.00118454929907, 0.00103844096884, 0.00119802809786, 0.000929932924919, 0.000906642118935, 0.000872203323524, 0.000759980466682, 0.000865985755809, 0.000704749312717, 0.000776261033025, 0.000699848867953, 0.000703231897205, 0.00065541814547, 0.000648240733426, 0.000581986329053, 0.000450078281574, 0.000400841759983, 0.000402157893404, 0.000376893527573, 0.00021399812249, 4.71739040222e-05],
        "dvar": [3.89526263689e-07, 3.83431797673e-05, 3.94145245082e-05, 1.98176112463e-05, 1.77973561222e-05, 1.09986876851e-05, 1.72805937382e-06, 1.13373266686e-06, 2.29169654631e-06, 1.06545746803e-06, 1.01683644971e-06, 7.25307245375e-07, 1.02890794551e-06, 8.6412762812e-07, 6.70100916977e-07, 6.05968239142e-07, 4.14942633142e-07, 3.83469711096e-07, 4.43699462949e-07, 3.51375064156e-07, 2.45669951937e-07, 1.20650184954e-07, 1.03883145641e-07, 1.0733210587e-07, 1.03049032418e-07, 4.32043698595e-08, 1.9676440477e-09],
        "dvar2": [5.98617248215e-07, 8.4567189333e-05, 9.43546328926e-05, 5.39511856914e-05, 5.0124268455e-05, 2.82929759123e-05, 4.51399682788e-06, 2.9465645639e-06, 5.60153284823e-06, 2.86902582047e-06, 2.36393293562e-06, 1.81816199074e-06, 2.85814803647e-06, 2.21221239372e-06, 1.51259064296e-06, 1.55506313604e-06, 1.11366239253e-06, 1.05418359908e-06, 1.34936669838e-06, 9.70696191871e-07, 6.49121602692e-07, 3.06907793401e-07, 2.74143104662e-07, 2.82260799622e-07, 2.67479947524e-07, 1.1419415813e-07, 4.98335728238e-09],
        "max": [0.0102652590722, 0.0591537728906, 0.0498343780637, 0.0483868047595, 0.0514779053628, 0.0668674856424, 0.0335130095482, 0.0209689289331, 0.0367392972112, 0.0417414717376, 0.0415820516646, 0.0131584471092, 0.047549277544, 0.0406212247908, 0.0463213734329, 0.0239310264587, 0.0212936960161, 0.0161772463471, 0.0200044605881, 0.0138827851042, 0.0112710464746, 0.00832235813141, 0.00577700091526, 0.00482812989503, 0.00422641541809, 0.00538234272972, 0.000928303401452],
        "mean": [0.00089379271958, 0.0089135505259, 0.00252794474363, 0.00133190955967, 0.00177342270035, 0.00128687371034, 0.000958792224992, 0.000845606555231, 0.00103248574305, 0.000792110164184, 0.00077522121137, 0.000748493068386, 0.000695637776516, 0.000760788680054, 0.000684549508151, 0.00074930198025, 0.000736380345188, 0.000732887885533, 0.000723712961189, 0.000708898995072, 0.000755228509661, 0.000610256218351, 0.000506081851199, 0.000523432448972, 0.00044753740076, 0.000244056267547, 4.8230856919e-05],
        "median": [0.000109168620838, 0.0042783850804, 0.000449267041404, 0.000248203548836, 0.000758192734793, 0.00060718995519, 0.000495370302815, 0.000424480735091, 0.000452780746855, 0.000444785866421, 0.000393502181396, 0.000395060633309, 0.000412890105508, 0.000452125968877, 0.000422996847192, 0.000458845606772, 0.000510366400704, 0.000534480961505, 0.000516851840075, 0.000522968359292, 0.000575306883547, 0.000492728780955, 0.000398297270294, 0.000415164395235, 0.000360657635611, 0.000178206712008, 2.66883871518e-05],
        "min": [2.14380174001e-25, 3.01835478113e-24, 4.25900086272e-25, 5.92268040866e-25, 9.92600642301e-24, 7.61418327595e-24, 1.80937554843e-24, 3.93452343974e-24, 6.1187096812e-24, 9.4862093686e-24, 1.06778113761e-23, 2.46304052508e-23, 2.77799671247e-23, 2.98187718234e-23, 4.05281265916e-23, 4.76326962565e-23, 7.0553699879e-23, 8.05565192661e-23, 1.04583865598e-22, 1.62489783828e-22, 2.26387857938e-22, 2.83249406371e-22, 3.71034807158e-22, 5.92056744867e-22, 7.92253890638e-22, 1.17558743058e-21, 1.9568956679e-21],
        "var": [2.79919686363e-06, 0.000111188535811, 3.68931760022e-05, 1.36616999953e-05, 1.22634155559e-05, 9.43548366195e-06, 2.27113127949e-06, 1.57583656346e-06, 3.41634722645e-06, 1.33181345063e-06, 1.8243337081e-06, 1.06448055703e-06, 1.13414807856e-06, 1.35468837925e-06, 1.33647006351e-06, 9.92728132587e-07, 7.06443699983e-07, 6.14273801602e-07, 6.74492639519e-07, 5.80025471209e-07, 5.87796421314e-07, 3.54559688276e-07, 2.52490963248e-07, 2.55704236451e-07, 1.97421357484e-07, 7.47189758954e-08, 3.91495147412e-09]
    },
    "erbbands": {
        "dmean": [0.15888749063, 0.967037498951, 2.74535250664, 4.67495155334, 6.13435649872, 6.21039247513, 6.20091199875, 10.0533561707, 10.5572414398, 12.1388025284, 12.2250328064, 17.0518093109, 16.9786968231, 17.2056770325, 22.628162384, 18.570646286, 19.9156188965, 23.0784835815, 22.2145004272, 23.6205310822, 23.2232112885, 22.0991039276, 22.0446071625, 22.3094940186, 17.1812438965, 17.8792190552, 15.4332809448, 13.5311002731, 10.1254472733, 8.08135795593, 6.82703065872, 5.47045707703, 3.97512507439, 2.75031065941, 1.60558760166, 0.701573908329, 0.225128889084, 0.0479847043753, 0.00469138473272, 7.55264409236e-05],
        "dmean2": [0.228791818023, 1.46202874184, 4.35101604462, 7.96106243134, 11.1557264328, 11.1859445572, 10.8177366257, 17.0861225128, 17.92461586, 20.2715454102, 20.6430778503, 27.9224243164, 27.9050102234, 29.3075237274, 37.6842575073, 31.2160358429, 33.3767814636, 38.7885437012, 37.6846389771, 39.2517127991, 38.6726951599, 36.9124488831, 36.7290649414, 37.3313369751, 28.8110980988, 30.319234848, 25.8896865845, 22.5987701416, 16.7523841858, 13.4833660126, 11.3790988922, 9.14807891846, 6.57465267181, 4.48953437805, 2.69239330292, 1.16795539856, 0.370689839125, 0.0773534476757, 0.00771143520251, 0.000123448087834],
        "dvar": [0.058691393584, 2.00545048714, 29.8546791077, 124.351890564, 255.280593872, 224.066772461, 134.515014648, 1268.19274902, 585.050842285, 576.548522949, 496.557556152, 1202.15209961, 1009.62426758, 852.399719238, 1684.35595703, 892.82019043, 1649.62963867, 2036.93615723, 1381.22851562, 1887.16540527, 1441.65136719, 1323.5144043, 1111.0501709, 1247.39208984, 1225.53845215, 803.315856934, 496.211395264, 369.331970215, 181.149917603, 108.751266479, 87.7170181274, 57.6256141663, 28.4558124542, 14.0193576813, 5.58407688141, 1.29643571377, 0.123714998364, 0.00525483721867, 5.62135937798e-05, 1.27370061165e-08],
        "dvar2": [0.123162403703, 4.23481178284, 67.0272903442, 319.052856445, 717.127258301, 623.23828125, 370.880462646, 3212.22558594, 1551.93554688, 1552.62304688, 1308.43884277, 3021.72583008, 2560.19555664, 2226.05297852, 3905.70068359, 2356.74047852, 4538.88818359, 4974.22265625, 3488.84594727, 4722.96679688, 3845.25952148, 3581.60424805, 3010.53369141, 3465.42602539, 3685.28588867, 2254.51611328, 1345.92150879, 986.639831543, 465.2137146, 282.280273438, 233.221237183, 153.961166382, 73.8759918213, 35.2084579468, 15.052485466, 3.48899698257, 0.32278072834, 0.0131243150681, 0.000145572121255, 3.27973843639e-08],
        "max": [3.09190630913, 13.7256374359, 47.9506797791, 97.8677902222, 171.692428589, 254.272171021, 275.93850708, 735.780639648, 416.076324463, 715.195617676, 537.029602051, 757.422363281, 977.916503906, 653.386474609, 1905.83691406, 559.04901123, 1647.06787109, 2418.89379883, 1339.8651123, 1228.60803223, 1037.38098145, 1462.6003418, 996.358520508, 884.844543457, 1336.6114502, 558.176452637, 417.361999512, 415.952941895, 366.720611572, 278.371826172, 150.118240356, 124.056411743, 79.1780166626, 47.7285614014, 33.6517601013, 29.9248199463, 8.09451580048, 1.414478302, 0.214060872793, 0.00299389427528],
        "mean": [0.361476033926, 1.56307947636, 2.89741754532, 4.10034704208, 4.97391176224, 5.93393325806, 7.18327522278, 11.8527069092, 13.5125923157, 17.2820491791, 17.4149150848, 24.0533618927, 26.4975013733, 25.0884094238, 34.7175331116, 28.8562812805, 32.4939689636, 36.9964332581, 36.3736076355, 40.9166412354, 40.4911842346, 40.8327293396, 40.084903717, 39.9539756775, 33.7967796326, 33.4436187744, 31.4434013367, 28.6814212799, 22.4779033661, 17.3533878326, 14.1291561127, 11.535900116, 8.38788223267, 5.44173955917, 2.9091501236, 1.25425302982, 0.411300778389, 0.0942998379469, 0.00758522609249, 0.000172336673131],
        "median": [0.137268260121, 0.731597065926, 0.760224223137, 0.912419319153, 1.4219827652, 2.46812152863, 3.3464422226, 5.46218013763, 6.89385223389, 9.42813682556, 8.93029022217, 11.4144115448, 14.3113155365, 14.0010433197, 18.2548351288, 17.6233654022, 20.1879577637, 22.902671814, 23.7983760834, 25.9782180786, 26.8998718262, 28.8935203552, 29.8196144104, 28.769235611, 24.0368347168, 24.6990280151, 24.5371437073, 21.2277393341, 17.7266159058, 14.1266393661, 11.2868700027, 9.04089736938, 6.59471893311, 4.28147602081, 2.27526092529, 0.913256645203, 0.295658648014, 0.0662877559662, 0.00389955192804, 0.000134515750688],
        "min": [1.43136627685e-22, 3.10891117733e-22, 1.38411944086e-21, 5.60366841677e-21, 9.57978304575e-21, 2.33218339207e-20, 2.56245512653e-20, 6.59608037617e-20, 3.87423707756e-20, 5.99350385685e-20, 1.70460779443e-19, 2.15549748398e-19, 3.15050864842e-19, 7.44907057479e-19, 6.4275449113e-19, 1.23169157763e-18, 1.70418407116e-18, 2.01975916171e-18, 2.09853239863e-18, 2.97519888453e-18, 3.00816182515e-18, 3.78391413748e-18, 4.42833002087e-18, 4.7099312527e-18, 6.83271948202e-18, 7.60399674724e-18, 7.830698829e-18, 1.04828764465e-17, 1.04391773219e-17, 1.08809471901e-17, 1.04368173756e-17, 1.10473866827e-17, 9.70617949391e-18, 6.47913409815e-18, 6.20059757049e-18, 3.99605039583e-18, 2.34060535733e-18, 9.7684250418e-19, 2.65988818158e-19, 2.72677439365e-20],
        "var": [0.273291289806, 4.23881006241, 34.7949638367, 102.703453064, 163.667388916, 161.331817627, 138.604827881, 1075.66625977, 606.496154785, 705.566040039, 661.903381348, 1651.84350586, 1653.7166748, 1221.61132812, 3053.08837891, 1229.67687988, 2100.84204102, 3248.23413086, 2218.32617188, 3469.7253418, 2389.60644531, 2122.93432617, 1772.28039551, 1934.32141113, 1871.74658203, 1278.37963867, 1004.18280029, 890.743713379, 519.920410156, 283.618774414, 196.815292358, 134.71257019, 66.4870300293, 29.2006206512, 9.08955097198, 2.0288131237, 0.215671285987, 0.0114493696019, 0.000104045109765, 2.77615814781e-08]
    },
    "gfcc": {
        "mean": [30.0244731903, 37.1381492615, -120.626037598, 31.9621162415, -53.842464447, 17.6705131531, -32.2782516479, 14.1248102188, -21.3007659912, 8.27654457092, -15.4216718674, 5.61066198349, -9.85063457489],
        "cov": [[30724.2910156, -291.459594727, 1517.25976562, 1335.25378418, -852.709411621, 940.865478516, -1025.5526123, 503.59185791, -588.093139648, 706.339477539, -120.969215393, 499.319396973, -564.801513672], [-291.459594727, 1520.48205566, -631.863464355, -63.5446662903, -98.5696563721, -286.884490967, -113.401847839, -244.334671021, -45.8080825806, -192.65020752, 90.8792724609, -61.2454376221, 74.6596069336], [1517.25976562, -631.863464355, 2046.50378418, 481.632171631, 311.716949463, 424.449188232, 23.2864398956, 266.630493164, 9.61373615265, 290.129669189, 1.56331300735, 139.755401611, -140.22845459], [1335.25378418, -63.5446662903, 481.632171631, 462.054229736, 158.68107605, 207.862442017, 31.5185680389, 117.4559021, 14.2706356049, 83.1487579346, -4.73374605179, 47.6268157959, -32.1989440918], [-852.709411621, -98.5696563721, 311.716949463, 158.68107605, 329.027008057, 163.271224976, 134.175308228, 98.0607910156, 71.3139877319, 54.8342399597, 22.3139953613, 24.869977951, 7.87868642807], [940.865478516, -286.884490967, 424.449188232, 207.862442017, 163.271224976, 308.419494629, 118.771194458, 179.797531128, 50.3191146851, 122.147331238, -5.22695207596, 49.6470222473, -28.3573169708], [-1025.5526123, -113.401847839, 23.2864398956, 31.5185680389, 134.175308228, 118.771194458, 238.785949707, 123.315330505, 113.514190674, 48.6965942383, 19.0503368378, 5.81146812439, 31.3533382416], [503.59185791, -244.334671021, 266.630493164, 117.4559021, 98.0607910156, 179.797531128, 123.315330505, 231.977920532, 99.8306732178, 127.64037323, 13.6337146759, 51.6287460327, -4.44147348404], [-588.093139648, -45.8080825806, 9.61373615265, 14.2706356049, 71.3139877319, 50.3191146851, 113.514190674, 99.8306732178, 152.675979614, 72.2479324341, 48.7498435974, 26.531211853, 31.6233081818], [706.339477539, -192.65020752, 290.129669189, 83.1487579346, 54.8342399597, 122.147331238, 48.6965942383, 127.64037323, 72.2479324341, 172.497848511, 50.5341682434, 65.0683898926, -9.1532793045], [-120.969215393, 90.8792724609, 1.56331300735, -4.73374605179, 22.3139953613, -5.22695207596, 19.0503368378, 13.6337146759, 48.7498435974, 50.5341682434, 108.022438049, 59.9813499451, 32.950252533], [499.319396973, -61.2454376221, 139.755401611, 47.6268157959, 24.869977951, 49.6470222473, 5.81146812439, 51.6287460327, 26.531211853, 65.0683898926, 59.9813499451, 103.473381042, 31.2399139404], [-564.801513672, 74.6596069336, -140.22845459, -32.1989440918, 7.87868642807, -28.3573169708, 31.3533382416, -4.44147348404, 31.6233081818, -9.1532793045, 32.950252533, 31.2399139404, 85.770652771]],
        "icov": [[0.000114260234113, -0.000114193935588, 0.000134452697239, -0.000200731810764, 0.000362249091268, -0.000455254252302, 0.000433532637544, -0.000205516756978, 0.000293713266728, -0.000412748049712, 0.00031858618604, -0.000685742415953, 0.000618396792561], [-0.000114193935588, 0.00123074825387, -1.33772937261e-05, -0.000364210194675, -0.00033017876558, 0.000818652391899, -0.000127167237224, 0.000428233353887, -0.000323446525726, 0.00131711352151, -0.0022475621663, 0.00185435498133, -0.00116438057739], [0.000134452697239, -1.33772937261e-05, 0.00123718311079, -0.000648970657494, -0.000299627281493, -0.000740267685615, 0.000855857273564, -0.00024305167608, 0.00076732900925, -0.00152179098222, 0.000782592687756, -0.0018436742248, 0.00205897749402], [-0.000200731810764, -0.000364210194675, -0.000648970657494, 0.00426562828943, -0.00155035953503, -0.00118450715672, 0.000189859987586, -0.000209603065741, -0.000563349109143, 0.000830660865176, 0.000483589217765, 0.000279960397165, -0.000785323383752], [0.000362249091268, -0.00033017876558, -0.000299627281493, -0.00155035953503, 0.00685972953215, -0.00330893718638, -0.000683256483171, 0.000264578062342, -0.000257625419181, 0.000257118575973, -0.000580248131882, -0.000995280803181, 0.00084813561989], [-0.000455254252302, 0.000818652391899, -0.000740267685615, -0.00118450715672, -0.00330893718638, 0.0123633947223, -0.00484544970095, -0.00273816403933, 0.00172688357998, -0.000912628136575, 0.000726197264157, 0.000613700714894, -0.000581042200793], [0.000433532637544, -0.000127167237224, 0.000855857273564, 0.000189859987586, -0.000683256483171, -0.00484544970095, 0.0121505390853, -0.00366306677461, -0.00333277718164, 0.000482544885017, -0.000343307707226, 0.00120347738266, -0.00076064869063], [-0.000205516756978, 0.000428233353887, -0.00024305167608, -0.000209603065741, 0.000264578062342, -0.00273816403933, -0.00366306677461, 0.0142110399902, -0.00539330253378, -0.0036956158001, 0.00349668227136, -0.00229381979443, 2.94435049e-05], [0.000293713266728, -0.000323446525726, 0.00076732900925, -0.000563349109143, -0.000257625419181, 0.00172688357998, -0.00333277718164, -0.00539330253378, 0.0167364105582, -0.0052388086915, -0.00337468739599, 0.000987046398222, -0.00100048445165], [-0.000412748049712, 0.00131711352151, -0.00152179098222, 0.000830660865176, 0.000257118575973, -0.000912628136575, 0.000482544885017, -0.0036956158001, -0.0052388086915, 0.0184007119387, -0.00804658047855, 0.00112085149158, -0.000155529385665], [0.00031858618604, -0.0022475621663, 0.000782592687756, 0.000483589217765, -0.000580248131882, 0.000726197264157, -0.000343307707226, 0.00349668227136, -0.00337468739599, -0.00804658047855, 0.0240260120481, -0.0148979835212, 0.00269703543745], [-0.000685742415953, 0.00185435498133, -0.0018436742248, 0.000279960397165, -0.000995280803181, 0.000613700714894, 0.00120347738266, -0.00229381979443, 0.000987046398222, 0.00112085149158, -0.0148979835212, 0.0295344516635, -0.0145815275609], [0.000618396792561, -0.00116438057739, 0.00205897749402, -0.000785323383752, 0.00084813561989, -0.000581042200793, -0.00076064869063, 2.94435049e-05, -0.00100048445165, -0.000155529385665, 0.00269703543745, -0.0145815275609, 0.0244528595358]]
    },
    "melbands": {
        "dmean": [0.00128245272208, 0.00121928798035, 0.000770577753428, 0.00045227931696, 0.000222608170589, 0.00022161428933, 0.000155558678671, 0.000135395341204, 9.87992680166e-05, 0.000113025002065, 8.66754053277e-05, 7.16171925887e-05, 7.43560449337e-05, 6.27287954558e-05, 4.19221869379e-05, 4.90991296829e-05, 4.65482989966e-05, 3.96911964344e-05, 3.28499008901e-05, 3.67599313904e-05, 2.74849262496e-05, 2.50102657446e-05, 2.25966759899e-05, 2.05028500204e-05, 1.95969914785e-05, 1.4558417206e-05, 1.25853903228e-05, 1.31060314743e-05, 1.08776885099e-05, 9.32799048314e-06, 8.12627695268e-06, 6.40659527562e-06, 5.44440081285e-06, 4.64420827484e-06, 4.2767242121e-06, 3.82462167181e-06, 3.55217252945e-06, 2.97325254905e-06, 2.69984820989e-06, 2.38951929532e-06],
        "dmean2": [0.00191786396317, 0.00181522790808, 0.00127340247855, 0.000824536429718, 0.000390399014577, 0.000376795302145, 0.000262994726654, 0.000226794843911, 0.000167689795489, 0.000184014381375, 0.000142861536006, 0.000122180601466, 0.000124148631585, 0.000104720726085, 7.04990816303e-05, 8.25425595394e-05, 7.84460717114e-05, 6.79057775415e-05, 5.47733543499e-05, 6.11131763435e-05, 4.60350274807e-05, 4.19340467488e-05, 3.7482863263e-05, 3.46263586835e-05, 3.2887521229e-05, 2.4431707061e-05, 2.12000122701e-05, 2.24016275752e-05, 1.84016935236e-05, 1.55368143169e-05, 1.36097050927e-05, 1.06531997517e-05, 9.08032507141e-06, 7.83262657933e-06, 7.17393231753e-06, 6.39939753455e-06, 5.96143854636e-06, 4.96286565976e-06, 4.4634398364e-06, 3.91454886994e-06],
        "dvar": [3.22830601363e-06, 4.10204711443e-06, 3.03025808535e-06, 1.1751085367e-06, 1.67160067122e-07, 5.72114629449e-07, 1.19569023127e-07, 6.2760349806e-08, 3.38354375629e-08, 5.62331479159e-08, 2.7176991324e-08, 1.53283288284e-08, 1.9723458422e-08, 1.10107531981e-08, 4.69974725803e-09, 1.49266181637e-08, 8.49942782821e-09, 4.70672167907e-09, 5.11026687633e-09, 4.11320577598e-09, 2.08884132213e-09, 1.68962699387e-09, 1.43781642148e-09, 9.79256453704e-10, 1.00078134668e-09, 8.14060430177e-10, 5.18800558069e-10, 4.98513785807e-10, 2.68421979088e-10, 1.73293990269e-10, 1.39308287128e-10, 7.59469639955e-11, 5.40629277457e-11, 3.935102591e-11, 3.64824906396e-11, 2.91755612725e-11, 2.59160384125e-11, 1.624717548e-11, 1.36258981528e-11, 1.10506812034e-11],
        "dvar2": [7.01636690792e-06, 8.86266661837e-06, 7.2760230978e-06, 3.31407591148e-06, 4.55891154161e-07, 1.45796775541e-06, 3.16753300922e-07, 1.67605207935e-07, 9.04904808863e-08, 1.37717833582e-07, 6.90336747766e-08, 4.04687234834e-08, 4.58894753308e-08, 2.71765969728e-08, 1.24540893154e-08, 4.19015719899e-08, 2.04760883804e-08, 1.26732322414e-08, 1.12639853e-08, 1.03035278087e-08, 5.70654590248e-09, 4.53070114759e-09, 3.88201737422e-09, 2.7079969378e-09, 2.75889444623e-09, 2.56129917275e-09, 1.31788413515e-09, 1.41404388199e-09, 7.46633310733e-10, 4.59133342456e-10, 3.7214584192e-10, 1.98070504442e-10, 1.38773520453e-10, 1.03517479311e-10, 9.84766782008e-11, 7.56194412643e-11, 7.00085683869e-11, 4.26136452514e-11, 3.47699889713e-11, 2.77600546716e-11],
        "max": [0.0191005747765, 0.0183894913644, 0.0181421712041, 0.0129208592698, 0.00913644116372, 0.0155371362343, 0.00589785678312, 0.00666145374998, 0.00470678275451, 0.00586859602481, 0.00547401187941, 0.00310366228223, 0.00627005938441, 0.00188681983855, 0.00142064888496, 0.00609247619286, 0.00512363342568, 0.00164201902226, 0.00441764201969, 0.00242214999162, 0.00126161403023, 0.00168918340933, 0.00113599398173, 0.00066034757765, 0.00078916613711, 0.0010035301093, 0.000935268006288, 0.000490323640406, 0.000280738342553, 0.000321165949572, 0.000280791893601, 0.000219859444769, 0.000161203628522, 0.000161663076142, 9.40198078752e-05, 0.000103756254248, 9.10095695872e-05, 8.05349554867e-05, 7.12604742148e-05, 4.64517033834e-05],
        "mean": [0.00278432131745, 0.00172975740861, 0.000742410833482, 0.000394711853005, 0.000257656269241, 0.000265215785475, 0.000204178591957, 0.000191836370504, 0.000137133611133, 0.000156418958795, 0.000131700682687, 9.95228692773e-05, 0.000110458895506, 9.20802776818e-05, 6.46732951282e-05, 7.34700588509e-05, 6.92117973813e-05, 5.92953037994e-05, 5.33415477548e-05, 5.77225800953e-05, 4.43762619398e-05, 4.29284482379e-05, 3.83082588087e-05, 3.41396771546e-05, 3.24814645865e-05, 2.5636070859e-05, 2.29819033848e-05, 2.21215923375e-05, 1.97310582735e-05, 1.84363834705e-05, 1.58511229529e-05, 1.29677555378e-05, 1.09482607513e-05, 9.18010391615e-06, 8.07432752481e-06, 7.76453453e-06, 6.80910397932e-06, 5.98120504947e-06, 5.21816400578e-06, 4.3949553401e-06],
        "median": [0.00128178787418, 0.000759629008826, 0.000195271350094, 0.000144384917803, 0.000125963357277, 0.000126171871671, 0.000105839470052, 0.000104017424746, 6.70651934342e-05, 6.95167982485e-05, 6.92910180078e-05, 5.38141321158e-05, 5.69070834899e-05, 4.94261475978e-05, 4.01358811359e-05, 4.19876741944e-05, 4.03631893278e-05, 3.65166961274e-05, 3.12921474688e-05, 3.47513268935e-05, 2.8294758522e-05, 2.88086084765e-05, 2.64293903456e-05, 2.39576256718e-05, 2.24431241804e-05, 1.75049535756e-05, 1.60252911883e-05, 1.5522367903e-05, 1.46314623635e-05, 1.33677767735e-05, 1.13854275696e-05, 9.80794629868e-06, 8.56222504808e-06, 7.15322221367e-06, 6.25531356491e-06, 5.91994648858e-06, 5.16460931976e-06, 4.55213012174e-06, 4.01992474508e-06, 3.35190679834e-06],
        "min": [1.23958812051e-24, 5.04858406871e-25, 8.23010891023e-25, 2.35006179894e-24, 9.73198371679e-25, 1.64786081403e-24, 3.58571522917e-25, 1.12405017182e-24, 1.61313397369e-24, 1.04505866976e-24, 1.36378815636e-24, 2.15824888933e-24, 1.63338146933e-24, 2.29816599264e-24, 3.05240694818e-24, 2.30102226077e-24, 3.02553006271e-24, 3.06884740109e-24, 3.77966254987e-24, 2.80812374432e-24, 2.92373229605e-24, 3.79868316958e-24, 3.8320212203e-24, 3.11116564713e-24, 3.25423050268e-24, 3.95080671212e-24, 4.75738385555e-24, 4.60043721744e-24, 4.39285990871e-24, 4.89839037577e-24, 4.52813693219e-24, 5.21125261078e-24, 3.73488877704e-24, 5.34840120675e-24, 4.80743155796e-24, 4.41186830109e-24, 5.97343897335e-24, 6.49981548426e-24, 5.16298300085e-24, 4.84958236827e-24],
        "var": [1.2302534742e-05, 6.90862043484e-06, 2.8935392038e-06, 7.705976941e-07, 1.69580133047e-07, 4.86294993607e-07, 1.26544975387e-07, 8.1700321175e-08, 4.36023519512e-08, 7.94234935597e-08, 4.27350883569e-08, 2.04589039043e-08, 3.54432785343e-08, 1.64415236981e-08, 7.03074132247e-09, 1.47705518927e-08, 1.36470044154e-08, 6.49276810094e-09, 1.06733759608e-08, 6.78975187185e-09, 3.26528537542e-09, 2.71049227507e-09, 2.0094674813e-09, 1.47318190979e-09, 1.46506495824e-09, 1.11160669558e-09, 9.35118982248e-10, 6.65568711256e-10, 4.4609943517e-10, 3.90443344322e-10, 3.01568187089e-10, 1.92225887985e-10, 1.26650273602e-10, 8.86605233674e-11, 6.836939348e-11, 7.20233248042e-11, 5.02695142457e-11, 3.64855819168e-11, 2.77069374388e-11, 2.09112172023e-11]
    },
    "mfcc": {
        "mean": [-600.874389648, 73.5921020508, -7.44970226288, 17.7300930023, 2.853505373, 6.03351211548, 2.43341875076, 4.65972280502, 3.04265332222, 2.70309686661, 0.595436930656, 2.46689653397, 0.70236903429],
        "cov": [[11459.7197266, 157.325531006, 1249.62939453, 396.983093262, 314.745330811, 338.112335205, 223.004989624, 120.537849426, 75.2138824463, 199.279693604, 338.800323486, 231.807510376, 151.682922363], [157.325531006, 1219.97338867, -434.599243164, 46.4752883911, -135.71836853, -97.8101959229, -125.459518433, -88.2714309692, -165.211242676, -125.537475586, -114.86025238, -50.7603721619, 7.91371583939], [1249.62939453, -434.599243164, 1049.93212891, 218.377929688, 285.150238037, 200.159851074, 181.097885132, 109.19405365, 159.152313232, 148.709732056, 168.443145752, 105.109329224, 47.8991317749], [396.983093262, 46.4752883911, 218.377929688, 280.598449707, 153.415252686, 104.214645386, 68.5163269043, 56.6153831482, 46.9739532471, 27.346534729, 40.0847511292, 38.6328315735, 24.6070251465], [314.745330811, -135.71836853, 285.150238037, 153.415252686, 266.417907715, 142.463897705, 115.046302795, 87.5116043091, 87.9518051147, 70.2346496582, 71.4519424438, 53.8335990906, 29.9825763702], [338.112335205, -97.8101959229, 200.159851074, 104.214645386, 142.463897705, 174.383926392, 114.255462646, 73.5915222168, 72.2208251953, 55.0097541809, 54.6016349792, 38.6624069214, 28.0852108002], [223.004989624, -125.459518433, 181.097885132, 68.5163269043, 115.046302795, 114.255462646, 163.729980469, 93.3125762939, 91.3855056763, 68.5735931396, 61.880897522, 42.6202964783, 25.6805782318], [120.537849426, -88.2714309692, 109.19405365, 56.6153831482, 87.5116043091, 73.5915222168, 93.3125762939, 133.658203125, 94.1976852417, 58.4988021851, 53.3402481079, 40.7309570312, 27.0098686218], [75.2138824463, -165.211242676, 159.152313232, 46.9739532471, 87.9518051147, 72.2208251953, 91.3855056763, 94.1976852417, 155.602737427, 97.3138809204, 68.3013153076, 46.7126197815, 24.4338264465], [199.279693604, -125.537475586, 148.709732056, 27.346534729, 70.2346496582, 55.0097541809, 68.5735931396, 58.4988021851, 97.3138809204, 126.195739746, 88.1239776611, 47.2762718201, 28.4163513184], [338.800323486, -114.86025238, 168.443145752, 40.0847511292, 71.4519424438, 54.6016349792, 61.880897522, 53.3402481079, 68.3013153076, 88.1239776611, 129.280151367, 72.5425186157, 36.6280174255], [231.807510376, -50.7603721619, 105.109329224, 38.6328315735, 53.8335990906, 38.6624069214, 42.6202964783, 40.7309570312, 46.7126197815, 47.2762718201, 72.5425186157, 97.8142318726, 51.2124519348], [151.682922363, 7.91371583939, 47.8991317749, 24.6070251465, 29.9825763702, 28.0852108002, 25.6805782318, 27.0098686218, 24.4338264465, 28.4163513184, 36.6280174255, 51.2124519348, 80.6385040283]],
