{
"lowlevel": {
    "average_loudness": 0.936556398869,
    "barkbands_crest": {
        "dmean": 2.76638531685,
        "dmean2": 4.39440917969,
        "dvar": 7.65183877945,
        "dvar2": 18.0482521057,
        "max": 26.0070953369,
        "mean": 9.67644405365,
        "median": 8.62579345703,
        "min": 2.00792312622,
        "var": 22.2628574371
    },
    "barkbands_flatness_db": {
        "dmean": 0.0198011342436,
        "dmean2": 0.0309392381459,
        "dvar": 0.000537062354852,
        "dvar2": 0.00125319475774,
        "max": 0.661352932453,
        "mean": 0.0931491106749,
        "median": 0.078818872571,
        "min": 0.0148914698511,
        "var": 0.00246808747761
    },
    "barkbands_kurtosis": {
        "dmean": 1.59199666977,
        "dmean2": 2.64191246033,
        "dvar": 73.9793014526,
        "dvar2": 209.487075806,
        "max": 418.653656006,
        "mean": 0.791415274143,
        "median": -0.310431838036,
        "min": -1.88168859482,
        "var": 50.411441803
    },
    "barkbands_skewness": {
        "dmean": 0.458846777678,
        "dmean2": 0.713399589062,
        "dvar": 0.351608812809,
        "dvar2": 0.839276432991,
        "max": 15.3743362427,
        "mean": 0.645120739937,
        "median": 0.618572294712,
        "min": -3.83555650711,
        "var": 1.08872210979
    },
    "barkbands_spread": {
        "dmean": 7.19697570801,
        "dmean2": 11.4441223145,
        "dvar": 59.3494644165,
        "dvar2": 141.269470215,
        "max": 107.715484619,
        "mean": 36.8636817932,
        "median": 36.8926696777,
        "min": 0.13028113544,
        "var": 263.985412598
    },
    "dissonance": {
        "dmean": 0.0121016111225,
        "dmean2": 0.0203827824444,
        "dvar": 0.000166876634466,
        "dvar2": 0.000447790313046,
        "max": 0.5,
        "mean": 0.479210823774,
        "median": 0.483812332153,
        "min": 0.192812129855,
        "var": 0.00034819211578
    },
    "dynamic_complexity": 1.94248425961,
    "erbbands_crest": {
        "dmean": 2.38089156151,
        "dmean2": 3.93983125687,
        "dvar": 6.38894462585,
        "dvar2": 16.125120163,
        "max": 33.0631217957,
        "mean": 8.31780910492,
        "median": 6.66450548172,
        "min": 2.37017989159,
        "var": 24.2374095917
    },
    "erbbands_flatness_db": {
        "dmean": 0.0146701671183,
        "dmean2": 0.0228916555643,
        "dvar": 0.000244402937824,
        "dvar2": 0.000564620248042,
        "max": 0.486038118601,
        "mean": 0.144475340843,
        "median": 0.127453878522,
        "min": 0.0518507026136,
        "var": 0.0029635517858
    },
    "erbbands_kurtosis": {
        "dmean": 0.926625192165,
        "dmean2": 1.49844515324,
        "dvar": 3.89337182045,
        "dvar2": 9.1931476593,
        "max": 52.6871452332,
        "mean": 0.446528017521,
        "median": -0.163983345032,
        "min": -1.82346737385,
        "var": 6.52186393738
    },
    "erbbands_skewness": {
        "dmean": 0.334769248962,
        "dmean2": 0.53492307663,
        "dvar": 0.148344442248,
        "dvar2": 0.356976658106,
        "max": 6.15192508698,
        "mean": -0.053262386471,
        "median": -0.0428590849042,
        "min": -4.19166040421,
        "var": 0.46205663681
    },
    "erbbands_spread": {
        "dmean": 7.34581184387,
        "dmean2": 11.7005338669,
        "dvar": 63.5907287598,
        "dvar2": 152.826171875,
        "max": 153.840698242,
        "mean": 38.468372345,
        "median": 38.3294563293,
        "min": 2.05641293526,
        "var": 249.916427612
    },
    "hfc": {
        "dmean": 10.1611223221,
        "dmean2": 16.2852840424,
        "dvar": 160.805709839,
        "dvar2": 415.742431641,
        "max": 150.171310425,
        "mean": 43.5097045898,
        "median": 42.4701385498,
        "min": 1.09061050613e-16,
        "var": 529.018310547
    },
    "melbands_crest": {
        "dmean": 3.7449016571,
        "dmean2": 5.93504667282,
        "dvar": 13.5709934235,
        "dvar2": 31.704750061,
        "max": 39.7942237854,
        "mean": 14.6964635849,
        "median": 13.6245994568,
        "min": 1.64915168285,
        "var": 47.6665000916
    },
    "melbands_flatness_db": {
        "dmean": 0.0262439046055,
        "dmean2": 0.040818233043,
        "dvar": 0.000913669180591,
        "dvar2": 0.00212348485366,
        "max": 0.820324540138,
        "mean": 0.131341353059,
        "median": 0.126982063055,
        "min": 0.002436500974,
        "var": 0.00329645490274
    },
    "melbands_kurtosis": {
        "dmean": 8.5735578537,
        "dmean2": 15.199801445,
        "dvar": 73750.65625,
        "dvar2": 221116.953125,
        "max": 19772.9433594,
        "mean": 8.72513484955,
        "median": 3.26182389259,
        "min": -1.91650390625,
        "var": 37089.1523438
    },
    "melbands_skewness": {
        "dmean": 0.670193374157,
        "dmean2": 1.04590857029,
        "dvar": 2.91093254089,
        "dvar2": 8.21173858643,
        "max": 106.521392822,
        "mean": 1.90097379684,
        "median": 1.74784874916,
        "min": -3.38374996185,
        "var": 3.50455212593
    },
    "melbands_spread": {
        "dmean": 11.4954547882,
        "dmean2": 18.2412204742,
        "dvar": 168.814498901,
        "dvar2": 407.582672119,
        "max": 169.739852905,
        "mean": 44.2063179016,
        "median": 39.7516365051,
        "min": 0.0183807909489,
        "var": 591.29486084
    },
    "pitch_salience": {
        "dmean": 0.0761291459203,
        "dmean2": 0.122155718505,
        "dvar": 0.00617129728198,
        "dvar2": 0.0148291578516,
        "max": 0.98388081789,
        "mean": 0.549061954021,
        "median": 0.554998397827,
        "min": 0.00880500674248,
        "var": 0.0169457234442
    },
    "silence_rate_20dB": {
        "dmean": 0,
        "dmean2": 0,
        "dvar": 0,
        "dvar2": 0,
        "max": 1,
        "mean": 1,
        "median": 1,
        "min": 1,
        "var": 0
    },
    "silence_rate_30dB": {
        "dmean": 0,
        "dmean2": 0,
        "dvar": 0,
        "dvar2": 0,
        "max": 1,
        "mean": 1,
        "median": 1,
        "min": 1,
        "var": 0
    },
    "silence_rate_60dB": {
        "dmean": 0.0116552310064,
        "dmean2": 0.0233126524836,
        "dvar": 0.0115207703784,
        "dvar2": 0.0240878183395,
        "max": 1,
        "mean": 0.0527255646884,
        "median": 0,
        "min": 0,
        "var": 0.0499430894852
    },
    "spectral_centroid": {
        "dmean": 297.124023438,
        "dmean2": 471.872528076,
        "dvar": 126951.539062,
        "dvar2": 283324.75,
        "max": 11938.0322266,
        "mean": 2321.91943359,
        "median": 2167.46020508,
        "min": 107.211601257,
        "var": 1821586.875
    },
    "spectral_complexity": {
        "dmean": 5.23677015305,
        "dmean2": 8.2007894516,
        "dvar": 27.7661056519,
        "dvar2": 62.2968292236,
        "max": 59,
        "mean": 31.3057327271,
        "median": 34,
        "min": 0,
        "var": 207.322433472
    },
    "spectral_decrease": {
        "dmean": 1.60724955567e-09,
        "dmean2": 2.54195819949e-09,
        "dvar": 3.03798127264e-18,
        "dvar2": 7.36272222463e-18,
        "max": 2.21803453535e-28,
        "mean": -7.43386019408e-09,
        "median": -7.54446105589e-09,
        "min": -2.56057024473e-08,
        "var": 1.53298719403e-17
    },
    "spectral_energy": {
        "dmean": 0.00640024757013,
        "dmean2": 0.0101879909635,
        "dvar": 4.57515161543e-05,
        "dvar2": 0.000112365771201,
        "max": 0.0990971773863,
        "mean": 0.0320037342608,
        "median": 0.0329359546304,
        "min": 9.94816760843e-21,
        "var": 0.000252265454037
    },
    "spectral_energyband_high": {
        "dmean": 0.00103774573654,
        "dmean2": 0.00165986840148,
        "dvar": 2.20766446546e-06,
        "dvar2": 5.5802274801e-06,
        "max": 0.01851885207,
        "mean": 0.00306124123745,
        "median": 0.00269719120115,
        "min": 6.99084262998e-21,
        "var": 5.87796739637e-06
    },
    "spectral_energyband_low": {
        "dmean": 0.00433331588283,
        "dmean2": 0.00655510555953,
        "dvar": 4.35748224845e-05,
        "dvar2": 9.63968486758e-05,
        "max": 0.0840656086802,
        "mean": 0.0105052478611,
        "median": 0.00699014216661,
        "min": 1.10437939267e-23,
        "var": 0.000150338077219
    },
    "spectral_energyband_middle_high": {
        "dmean": 0.00265353242867,
        "dmean2": 0.00416782172397,
        "dvar": 7.56889767217e-06,
        "dvar2": 1.80174283742e-05,
        "max": 0.0472771339118,
        "mean": 0.00964231975377,
        "median": 0.0093384347856,
        "min": 1.13398474922e-21,
        "var": 3.16609184665e-05
    },
    "spectral_energyband_middle_low": {
        "dmean": 0.00382600328885,
        "dmean2": 0.0061681647785,
        "dvar": 2.80146396108e-05,
        "dvar2": 6.71879242873e-05,
        "max": 0.0808329731226,
        "mean": 0.00935294758528,
        "median": 0.00709775276482,
        "min": 1.67404160075e-22,
        "var": 6.71392408549e-05
    },
    "spectral_entropy": {
        "dmean": 0.124780759215,
        "dmean2": 0.197302937508,
        "dvar": 0.0236009228975,
        "dvar2": 0.0571355558932,
        "max": 9.82652950287,
        "mean": 8.02529621124,
        "median": 8.12582302094,
        "min": 4.53106784821,
        "var": 0.220193326473
    },
    "spectral_flux": {
        "dmean": 0.0201718602329,
        "dmean2": 0.031823348254,
        "dvar": 0.000443092460046,
        "dvar2": 0.00101983977947,
        "max": 0.266818284988,
        "mean": 0.0962332487106,
        "median": 0.0954696312547,
        "min": 6.38812336362e-11,
        "var": 0.0015228735283
    },
    "spectral_kurtosis": {
        "dmean": 0.985462725163,
        "dmean2": 1.61549127102,
        "dvar": 24.9215450287,
        "dvar2": 62.4545021057,
        "max": 465.744781494,
        "mean": 3.04219007492,
        "median": 2.25591278076,
        "min": -1.26647925377,
        "var": 84.0662841797
    },
    "spectral_rms": {
        "dmean": 0.000569756084587,
        "dmean2": 0.000901824852917,
        "dvar": 3.55471314606e-07,
        "dvar2": 8.26971529477e-07,
        "max": 0.00983260758221,
        "mean": 0.0053137158975,
        "median": 0.00566856563091,
        "min": 3.11536994119e-12,
        "var": 2.98747136185e-06
    },
    "spectral_rolloff": {
        "dmean": 821.700744629,
        "dmean2": 1350.34558105,
        "dvar": 1177168.875,
        "dvar2": 2756807.25,
        "max": 19681.3476562,
        "mean": 3140.35180664,
        "median": 2497.8515625,
        "min": 21.533203125,
        "var": 7491765.5
    },
    "spectral_skewness": {
        "dmean": 0.15527741611,
        "dmean2": 0.246377751231,
        "dvar": 0.058159250766,
        "dvar2": 0.1375426054,
        "max": 18.4067630768,
        "mean": 1.25971436501,
        "median": 1.20053720474,
        "min": -0.120877221227,
        "var": 0.31534948945
    },
    "spectral_spread": {
        "dmean": 517989.3125,
        "dmean2": 810719.125,
        "dvar": 883770589184,
        "dvar2": 1.88018144051e+12,
        "max": 46558896,
        "mean": 5911911,
        "median": 5338526,
        "min": 325402.625,
        "var": 2.48772558848e+13
    },
    "spectral_strongpeak": {
        "dmean": 0.69106054306,
        "dmean2": 1.1884688139,
        "dvar": 1.59072184563,
        "dvar2": 3.96815919876,
        "max": 23.0956001282,
        "mean": 1.37677288055,
        "median": 0.462416887283,
        "min": 0,
        "var": 3.94949603081
    },
    "zerocrossingrate": {
        "dmean": 0.0134890731424,
        "dmean2": 0.0165512096137,
        "dvar": 0.000212824626942,
        "dvar2": 0.000290372932795,
        "max": 0.86767578125,
        "mean": 0.108951240778,
        "median": 0.0986328125,
        "min": 0.00244140625,
        "var": 0.00473579205573
    },
    "barkbands": {
        "dmean": [0.000318500067806, 0.00393622741103, 0.00106956704985, 0.000563776004128, 0.000942845537793, 0.00136598024983, 0.00132109248079, 0.000880449020769, 0.000575150595978, 0.00061444984749, 0.000481762079289, 0.00061951589305, 0.000572826247662, 0.000588305178098, 0.000564043293707, 0.000517193053383, 0.000583249260671, 0.000371700007236, 0.000335621181875, 0.000254179787589, 0.0003025009064, 0.000323039974319, 0.000250610435614, 0.000207593679079, 0.000129547304823, 3.30226430378e-05, 9.35076332098e-06],
        "dmean2": [0.000481247552671, 0.00598878134042, 0.00185239629354, 0.000995822600089, 0.00159599876497, 0.00220249639824, 0.00216296990402, 0.00143944867887, 0.000965314218774, 0.00100047478918, 0.00077651545871, 0.00100096117239, 0.000944797997363, 0.000969859713223, 0.000911671319045, 0.000836344319396, 0.000940966012422, 0.000623769883532, 0.000563060340937, 0.00041499332292, 0.000505577540025, 0.000529907119926, 0.000409593019867, 0.000330470444169, 0.000208921264857, 5.26844269189e-05, 1.51042586367e-05],
        "dvar": [3.30731637632e-07, 4.2457570089e-05, 6.22570223641e-06, 2.18088644033e-06, 3.89340266338e-06, 8.39330368763e-06, 6.97155655871e-06, 3.72062413589e-06, 8.54186055221e-07, 8.34524712445e-07, 5.99168572535e-07, 8.88522095011e-07, 7.78656215061e-07, 1.15706632187e-06, 9.28868189476e-07, 9.52973721269e-07, 1.0014180134e-06, 2.85040130166e-07, 2.12322575521e-07, 1.30617692662e-07, 2.21485080942e-07, 2.67079116156e-07, 1.29220026679e-07, 1.02286023207e-07, 4.58465549968e-08, 2.99733304843e-09, 3.01308450412e-10],
        "dvar2": [7.4430749919e-07, 9.27558648982e-05, 1.64267748914e-05, 6.1066480157e-06, 9.8573800642e-06, 1.88567519217e-05, 1.69071136042e-05, 9.09816117201e-06, 2.22062294597e-06, 2.21350001084e-06, 1.39818166645e-06, 2.19737330553e-06, 1.92733250515e-06, 3.10569998874e-06, 2.27556438404e-06, 2.12633676711e-06, 2.28600788432e-06, 7.58417456836e-07, 5.60487080747e-07, 3.18842580782e-07, 6.03004025379e-07, 6.84747249124e-07, 3.21772176903e-07, 2.44115483383e-07, 1.1122793353e-07, 7.34878202735e-09, 7.48078266e-10],
        "max": [0.0114515516907, 0.077345252037, 0.0410826131701, 0.0303725060076, 0.0381715595722, 0.0799233317375, 0.0414846166968, 0.0341724529862, 0.0158845670521, 0.0182726122439, 0.0148679818958, 0.0217865090817, 0.0171285234392, 0.020287996158, 0.0187901612371, 0.0201917476952, 0.0185280237347, 0.0125355552882, 0.00940581411123, 0.00729483505711, 0.00759857939556, 0.0084260860458, 0.00778412353247, 0.00560797331855, 0.00442571705207, 0.000884326233063, 0.000339978665579],
        "mean": [0.000534458085895, 0.00854661501944, 0.00110282679088, 0.000544909038581, 0.00124816887546, 0.00258895079605, 0.00212611444294, 0.00149169156794, 0.000869977055117, 0.00104107533116, 0.000745874131098, 0.00108221208211, 0.000941936974414, 0.00108589266893, 0.00110145588405, 0.000887950940523, 0.00131723005325, 0.000722298515029, 0.000712529988959, 0.000563769135624, 0.000643789302558, 0.0007045250386, 0.000542040215805, 0.000468433921924, 0.000298180239042, 7.47393205529e-05, 1.60011568369e-05],
        "median": [8.5547369963e-05, 0.00455911504105, 0.000327596644638, 0.000184058852028, 0.000513375678565, 0.000926095293835, 0.000924391031731, 0.000456237525214, 0.000430270680226, 0.000550210650545, 0.000363038328942, 0.00055302795954, 0.000519793131389, 0.000452614534879, 0.000536822481081, 0.000520107161719, 0.000577681232244, 0.000526945455931, 0.000522433547303, 0.000444111588877, 0.000535701285116, 0.000533741898835, 0.000412935158238, 0.000359252968337, 0.000236912936089, 5.38138847332e-05, 5.26099256604e-06],
        "min": [5.9552927813e-26, 2.00686648162e-24, 6.74354194954e-25, 1.00257885514e-25, 7.2315013288e-24, 8.33741647588e-24, 4.99749299914e-24, 4.6878619384e-24, 1.21805977114e-23, 1.30959816506e-23, 1.43233095908e-23, 2.38249025359e-23, 2.67383425637e-23, 3.07774050618e-23, 2.96090137087e-23, 5.40547308443e-23, 6.98492723342e-23, 8.9917395203e-23, 1.26421056379e-22, 1.34024173514e-22, 2.30976554539e-22, 2.84014689801e-22, 3.33143911993e-22, 5.20327301451e-22, 8.7271108916e-22, 1.24710735254e-21, 1.94796571197e-21],
        "var": [7.74640682266e-07, 0.000122326484416, 6.16696252109e-06, 1.59686351253e-06, 5.60556964047e-06, 1.96333912754e-05, 1.2484583749e-05, 8.01040732767e-06, 1.47849891619e-06, 1.78010952823e-06, 1.22055280372e-06, 2.11835913433e-06, 1.62115850344e-06, 3.14965177495e-06, 2.75447041531e-06, 2.20914125748e-06, 4.98700273965e-06, 5.91607943079e-07, 5.80228231684e-07, 3.08431111762e-07, 3.53078149828e-07, 5.10494828632e-07, 2.86846130848e-07, 2.27676537179e-07, 9.44147160453e-08, 6.16649042939e-09, 7.30579929886e-10]
    },
    "erbbands": {
        "dmean": [0.161904364824, 0.818003594875, 1.26983261108, 1.55453085899, 1.99587309361, 3.25942802429, 7.39020442963, 12.1054410934, 19.294631958, 17.2491970062, 18.3625469208, 12.7636070251, 18.2452964783, 18.6507587433, 18.2967185974, 27.2263641357, 24.7571525574, 31.5135936737, 26.8649864197, 24.0114459991, 28.2853336334, 28.9047660828, 19.3343868256, 17.9846973419, 15.3275976181, 11.9014949799, 12.7378940582, 12.089173317, 12.5308427811, 9.34274578094, 7.15877914429, 5.23008298874, 3.0249607563, 1.97641265392, 0.696182370186, 0.211025878787, 0.0456474795938, 0.0130868833512, 0.00154808850493, 2.6811429052e-05],
        "dmean2": [0.231878817081, 1.27694857121, 2.13442373276, 2.67300462723, 3.55400013924, 5.57332706451, 11.8435001373, 19.6451053619, 31.4779186249, 28.2108383179, 29.8251552582, 21.5390281677, 29.6198482513, 30.46342659, 29.144203186, 43.7848510742, 40.632144928, 51.6832504272, 43.8512039185, 38.5246772766, 45.5688285828, 46.7799949646, 32.2155075073, 30.2570743561, 25.5090942383, 19.5831108093, 21.2073326111, 19.9959506989, 20.5929508209, 15.4350986481, 11.6843996048, 8.44257354736, 4.79212188721, 3.18556475639, 1.12672936916, 0.339705914259, 0.0729503631592, 0.0206843540072, 0.00252787978388, 4.31614207628e-05],
        "dvar": [0.0708269923925, 2.03032398224, 7.52067518234, 15.121181488, 21.007396698, 59.5720176697, 318.045623779, 800.014770508, 1558.74230957, 1300.31896973, 1454.46655273, 450.575378418, 735.661621094, 922.378967285, 1013.85131836, 1873.90185547, 1488.74890137, 3244.97045898, 2405.25976562, 1171.05029297, 2081.57055664, 2450.66821289, 735.718566895, 621.335449219, 491.78302002, 282.899688721, 363.386138916, 348.340179443, 452.074493408, 186.357345581, 106.04045105, 72.5726699829, 21.2617397308, 13.3681764603, 0.880085408688, 0.122542999685, 0.00544805731624, 0.000486241769977, 9.28120789467e-06, 1.80755688195e-09],
        "dvar2": [0.14272493124, 4.74452161789, 19.4789447784, 41.3023223877, 59.4557266235, 157.11428833, 690.057373047, 1799.90979004, 3788.63354492, 3188.73583984, 3508.00708008, 1193.37023926, 1932.37268066, 2415.96508789, 2344.64624023, 4640.38330078, 3687.80908203, 8642.1796875, 6035.93261719, 2750.1394043, 4830.95849609, 5704.828125, 1999.68225098, 1648.80224609, 1276.19519043, 709.348937988, 968.98260498, 933.468811035, 1163.45043945, 483.177154541, 261.683319092, 179.960281372, 47.8729476929, 32.4561080933, 2.24039459229, 0.306317746639, 0.0132428389043, 0.00117719755508, 2.35130155488e-05, 4.56589210884e-09],
        "max": [3.52702474594, 19.0347366333, 47.7779350281, 90.4346008301, 61.8402099609, 150.158447266, 448.763000488, 1007.53430176, 689.331420898, 701.231872559, 646.435668945, 341.718017578, 508.265106201, 721.561218262, 723.346496582, 1040.94897461, 707.149658203, 1137.64746094, 1038.43591309, 739.724853516, 840.580810547, 1230.42858887, 595.067932129, 526.929443359, 628.561523438, 354.584869385, 279.708404541, 318.432006836, 431.470458984, 286.357849121, 270.96182251, 143.738510132, 125.204727173, 70.2265930176, 14.1841716766, 5.67157411575, 1.8572807312, 0.425315201283, 0.0590962730348, 0.000853301666211],
        "mean": [0.343933612108, 1.50265026093, 1.56033849716, 1.69538366795, 2.11500573158, 4.04647684097, 11.9264631271, 21.861869812, 33.6164016724, 27.379863739, 33.6254844666, 20.6793518066, 32.5754928589, 31.251745224, 31.3974304199, 48.8874130249, 44.0797996521, 60.8126831055, 52.3870697021, 51.9244537354, 58.8176345825, 66.6856079102, 39.8949127197, 38.2814674377, 33.0040550232, 26.3612194061, 26.6367073059, 25.4906578064, 26.0622444153, 20.1641292572, 15.2016105652, 11.0548830032, 6.86507892609, 4.18467187881, 1.65944719315, 0.462052434683, 0.110291458666, 0.029194124043, 0.00249717244878, 8.75122932484e-05],
        "median": [0.104515492916, 0.693327486515, 0.586785912514, 0.656786501408, 0.890587449074, 1.57212603092, 3.17255711555, 7.77005243301, 14.169629097, 11.9193191528, 12.1101121902, 11.4331207275, 18.5339889526, 17.0275192261, 17.2998867035, 25.0279846191, 26.3891983032, 29.2618350983, 29.4662666321, 32.2071609497, 35.6817626953, 32.648273468, 30.0414085388, 29.7790260315, 23.8026332855, 21.2115287781, 21.805683136, 20.4991073608, 19.5664768219, 15.2236042023, 11.5166816711, 8.23302459717, 5.14241790771, 3.0696721077, 1.37551307678, 0.352266669273, 0.0773054659367, 0.0158836171031, 0.000689096632414, 7.06990103936e-05],
        "min": [6.39548657851e-23, 3.75159123432e-22, 1.08369344025e-21, 5.61980692055e-21, 1.27763215488e-20, 2.36014839756e-20, 2.99388426126e-20, 7.93415358443e-20, 7.59102678788e-20, 1.90224140529e-19, 1.50716844176e-19, 2.63708358757e-19, 3.90290256933e-19, 5.83813219594e-19, 8.72435146878e-19, 1.1342443248e-18, 1.51131543421e-18, 1.83690158153e-18, 2.14862459537e-18, 1.89616679767e-18, 3.11771114393e-18, 4.47799394484e-18, 5.46993445976e-18, 6.33827309805e-18, 5.89537702344e-18, 6.60687394579e-18, 9.40169182889e-18, 8.54549537481e-18, 8.1760566609e-18, 1.16557044042e-17, 9.80678120001e-18, 8.85536302253e-18, 8.62210801596e-18, 6.98446245667e-18, 6.20545477504e-18, 3.71852013338e-18, 2.20407382055e-18, 9.30816106946e-19, 2.43409346525e-19, 2.58583800379e-20],
        "var": [0.230282336473, 4.46265220642, 8.82623195648, 12.6093225479, 16.3352470398, 72.1134185791, 832.738525391, 1766.66882324, 2934.03222656, 2272.22509766, 3816.10498047, 739.326293945, 1700.60559082, 1837.10681152, 2032.71337891, 4428.34863281, 3122.5559082, 8540.29589844, 5131.19238281, 4273.28222656, 5698.35546875, 11490.5273438, 1569.42053223, 1485.69311523, 1455.71325684, 633.367370605, 617.304199219, 593.365478516, 756.296875, 406.780822754, 232.988174438, 135.747161865, 54.0461921692, 22.8402843475, 2.26326012611, 0.219305813313, 0.014267350547, 0.00149721745402, 1.99957430596e-05, 5.63864643865e-09]
    },
    "gfcc": {
        "mean": [20.9602127075, 41.2286911011, -127.352928162, 30.712677002, -62.3973731995, 21.6716365814, -37.8449172974, 15.0882148743, -14.9915447235, 12.2846059799, -8.90135002136, 7.9169511795, -7.93911314011],
        "cov": [[38966.6054688, 734.780517578, -2483.76416016, 1479.59838867, -1492.30273438, 956.263061523, -625.739685059, 709.543395996, -177.773590088, 446.148193359, -592.458374023, 496.154632568, -254.940429688], [734.780517578, 790.388183594, -52.5276031494, 56.7309608459, 20.9460830688, -29.6947059631, 24.4625339508, -30.6742343903, 18.8657741547, 4.59292554855, 19.4697303772, -47.4165840149, 26.6166992188], [-2483.76416016, -52.5276031494, 1322.80493164, 345.109771729, 300.159454346, 82.9039077759, 281.054107666, 55.4414825439, 23.1271038055, 30.0064563751, -14.3294553757, 40.7668609619, -28.9001903534], [1479.59838867, 56.7309608459, 345.109771729, 636.058959961, 162.606170654, 139.401504517, 143.095001221, 115.852134705, 12.6800851822, 9.19466590881, -32.3080749512, 56.0316390991, -11.0385141373], [-1492.30273438, 20.9460830688, 300.159454346, 162.606170654, 367.653320312, 112.503044128, 164.493667603, 40.0421295166, 73.583480835, -16.9617576599, 15.5767669678, -2.1736562252, -4.50362300873], [956.263061523, -29.6947059631, 82.9039077759, 139.401504517, 112.503044128, 284.359313965, 111.062034607, 61.479549408, 44.9547729492, 33.3403320312, -1.79857695103, 29.1467323303, -21.275434494], [-625.739685059, 24.4625339508, 281.054107666, 143.095001221, 164.493667603, 111.062034607, 261.773864746, 95.912689209, 61.0431480408, 29.2906284332, 31.2325782776, 18.4549541473, -14.9121656418], [709.543395996, -30.6742343903, 55.4414825439, 115.852134705, 40.0421295166, 61.479549408, 95.912689209, 187.494171143, 64.2096633911, 39.9825935364, 8.16806316376, 21.6344528198, -15.0945978165], [-177.773590088, 18.8657741547, 23.1271038055, 12.6800851822, 73.583480835, 44.9547729492, 61.0431480408, 64.2096633911, 147.583679199, 40.8220062256, 11.5462846756, 22.7727203369, 19.9014492035], [446.148193359, 4.59292554855, 30.0064563751, 9.19466590881, -16.9617576599, 33.3403320312, 29.2906284332, 39.9825935364, 40.8220062256, 116.967559814, 49.4145202637, 24.0358295441, 9.70921039581], [-592.458374023, 19.4697303772, -14.3294553757, -32.3080749512, 15.5767669678, -1.79857695103, 31.2325782776, 8.16806316376, 11.5462846756, 49.4145202637, 137.025268555, 16.8878631592, 17.7210063934], [496.154632568, -47.4165840149, 40.7668609619, 56.0316390991, -2.1736562252, 29.1467323303, 18.4549541473, 21.6344528198, 22.7727203369, 24.0358295441, 16.8878631592, 113.952194214, 42.9392433167], [-254.940429688, 26.6166992188, -28.9001903534, -11.0385141373, -4.50362300873, -21.275434494, -14.9121656418, -15.0945978165, 19.9014492035, 9.70921039581, 17.7210063934, 42.9392433167, 101.734336853]],
        "icov": [[0.000110750239401, -0.000176993547939, 0.000215351319639, -0.000277544575511, 0.000350902962964, -0.000375685689505, 0.000257050298387, -0.000330026523443, 0.000241774992901, -0.000476370798424, 0.000543354428373, -0.000559309672099, 0.000420170719735], [-0.000176993547939, 0.00172287388705, -0.000190600287169, 5.06290198246e-05, -0.000457397953141, 0.000832625490148, -0.000842450652272, 0.00108723610174, -0.000767018587794, 0.000616873672698, -0.00105463131331, 0.00190037267748, -0.00127845141105], [0.000215351319639, -0.000190600287169, 0.00167222914752, -0.000933872710448, -3.29167560267e-05, -0.000172231899342, -0.000666275096592, -0.000117214687634, 0.000921481871046, -0.00173021340743, 0.00165500352159, -0.00147220352665, 0.00112866295967], [-0.000277544575511, 5.06290198246e-05, -0.000933872710448, 0.00322141963989, -0.00160607194994, 0.000305760157062, -0.000584997818805, -0.00064373773057, 0.000588750292081, 0.00116028485354, -0.000546231924091, 0.00019248361059, -0.00102493015584], [0.000350902962964, -0.000457397953141, -3.29167560267e-05, -0.00160607194994, 0.00648302119225, -0.00238418881781, -0.000909985217731, -7.01319004293e-05, -0.00189932342619, 0.00120645016432, 0.00029810401611, -0.000228276418056, 0.000760831811931], [-0.000375685689505, 0.000832625490148, -0.000172231899342, 0.000305760157062, -0.00238418881781, 0.0064394781366, -0.00240704696625, 0.00133867177647, -0.000931477639824, -7.23925841157e-05, -0.000837995961774, 0.000676778901834, -3.86652791349e-05], [0.000257050298387, -0.000842450652272, -0.000666275096592, -0.000584997818805, -0.000909985217731, -0.00240704696625, 0.00879671238363, -0.0035596115049, -7.12229084456e-05, -0.000787764089182, -0.000436106987763, -0.00145548582077, 0.00160882202908], [-0.000330026523443, 0.00108723610174, -0.000117214687634, -0.00064373773057, -7.01319004293e-05, 0.00133867177647, -0.0035596115049, 0.00980969984084, -0.00380467926152, 4.16167022195e-05, -0.00141350342892, 0.00143763888627, 0.000375683361199], [0.000241774992901, -0.000767018587794, 0.000921481871046, 0.000588750292081, -0.00189932342619, -0.000931477639824, -7.12229084456e-05, -0.00380467926152, 0.011413956061, -0.00450191041455, 0.00292881857604, -0.0024422260467, -0.00100416946225], [-0.000476370798424, 0.000616873672698, -0.00173021340743, 0.00116028485354, 0.00120645016432, -7.23925841157e-05, -0.000787764089182, 4.16167022195e-05, -0.00450191041455, 0.0154380733147, -0.00719426758587, 0.00199339236133, -0.00197267625481], [0.000543354428373, -0.00105463131331, 0.00165500352159, -0.000546231924091, 0.00029810401611, -0.000837995961774, -0.000436106987763, -0.00141350342892, 0.00292881857604, -0.00719426758587, 0.0126618584618, -0.00396320829168, 0.00119357567746], [-0.000559309672099, 0.00190037267748, -0.00147220352665, 0.00019248361059, -0.000228276418056, 0.000676778901834, -0.00145548582077, 0.00143763888627, -0.0024422260467, 0.00199339236133, -0.00396320829168, 0.0158405359834, -0.00787272769958], [0.000420170719735, -0.00127845141105, 0.00112866295967, -0.00102493015584, 0.000760831811931, -3.86652791349e-05, 0.00160882202908, 0.000375683361199, -0.00100416946225, -0.00197267625481, 0.00119357567746, -0.00787272769958, 0.0152431558818]]
    },
    "melbands": {
        "dmean": [0.001223184634, 0.000734265428036, 0.000264727859758, 0.000177051391802, 0.000231883866945, 0.000277763640042, 0.000291902630124, 0.000184884629562, 0.000140919582918, 8.33646699903e-05, 9.18930600164e-05, 7.68698664615e-05, 6.20949722361e-05, 6.94771879353e-05, 6.02691870881e-05, 6.3040322857e-05, 6.23655723757e-05, 4.28952480434e-05, 4.04952261306e-05, 3.77115538868e-05, 3.57778808393e-05, 3.66697568097e-05, 1.96069413505e-05, 1.9496816094e-05, 1.56078694999e-05, 1.35669170049e-05, 9.59022418101e-06, 8.55943471834e-06, 8.88859267434e-06, 7.64256128605e-06, 7.76509114075e-06, 7.84184157965e-06, 6.43323483018e-06, 5.37164987691e-06, 4.64467711936e-06, 3.70730572286e-06, 3.3420865293e-06, 2.31206718126e-06, 2.07949392461e-06, 1.68700694303e-06],
        "dmean2": [0.00179478491191, 0.00118201703299, 0.00045322891674, 0.000311319920002, 0.00037266095751, 0.000450471590739, 0.000476254994282, 0.000302133790683, 0.000229176075663, 0.000140772404848, 0.000149329149281, 0.000126076920424, 9.99079711619e-05, 0.000112303881906, 9.8021570011e-05, 0.000103155580291, 0.000102895610326, 7.0370042522e-05, 6.50848014629e-05, 6.0881517129e-05, 5.80037340114e-05, 5.94046250626e-05, 3.27214984281e-05, 3.29973554472e-05, 2.64034988504e-05, 2.28855369642e-05, 1.59121464094e-05, 1.41376549436e-05, 1.47437958731e-05, 1.2858122318e-05, 1.29414356707e-05, 1.29042764456e-05, 1.07023743112e-05, 8.96377150639e-06, 7.63599382481e-06, 6.07571746514e-06, 5.4241536418e-06, 3.75993954549e-06, 3.23709582517e-06, 2.77285084849e-06],
        "dvar": [3.98495558329e-06, 1.78851189503e-06, 4.11755763707e-07, 1.4248210789e-07, 2.8330291002e-07, 3.82996375947e-07, 3.38747099704e-07, 1.54324794721e-07, 7.85817206861e-08, 1.88817814717e-08, 1.86117130596e-08, 1.6471794595e-08, 1.04953965518e-08, 1.10912754536e-08, 9.04300279103e-09, 1.04031103731e-08, 1.30151978084e-08, 5.37370015152e-09, 4.76282080442e-09, 5.20211074218e-09, 3.12550874071e-09, 4.40296821225e-09, 9.0387752838e-10, 8.84296413872e-10, 4.79871420378e-10, 4.09993428097e-10, 1.78900685932e-10, 1.63800806252e-10, 1.69101246894e-10, 1.3021622669e-10, 1.45279815955e-10, 1.80819664797e-10, 9.31083266043e-11, 6.22969592579e-11, 4.71583709583e-11, 3.51176414337e-11, 2.83314916666e-11, 1.19452607528e-11, 1.46014676045e-11, 9.04148457492e-12],
        "dvar2": [8.43114685267e-06, 4.37924609287e-06, 1.11618294341e-06, 3.95481919213e-07, 6.20476896529e-07, 8.67011692662e-07, 8.22430763492e-07, 3.80373307962e-07, 1.88308476368e-07, 5.05189952094e-08, 4.88869673632e-08, 4.35665974408e-08, 2.47725555624e-08, 2.69963216226e-08, 2.24234089075e-08, 2.53309178078e-08, 3.5581571467e-08, 1.35315492145e-08, 1.1200062211e-08, 1.15563478786e-08, 7.4475234868e-09, 9.89050619182e-09, 2.25938068255e-09, 2.41932585077e-09, 1.28102317642e-09, 1.08837394652e-09, 4.71098937638e-10, 4.02086003382e-10, 4.34943830951e-10, 3.57420787411e-10, 3.90741883294e-10, 4.65855742871e-10, 2.44515768744e-10, 1.6204046438e-10, 1.16195088273e-10, 8.80414630089e-11, 7.09319894487e-11, 2.89518149038e-11, 3.12677453373e-11, 2.26785118462e-11],
        "max": [0.0234113615006, 0.0230796057731, 0.0131902489811, 0.00431117042899, 0.0123686389998, 0.0195454880595, 0.00926631595939, 0.0077000381425, 0.00460490211844, 0.00231109117158, 0.00250962725841, 0.00315076508559, 0.00230892235413, 0.00223586987704, 0.00216114963405, 0.0023828514386, 0.00201956415549, 0.00143226888031, 0.00191427930258, 0.00169228331652, 0.00117483281065, 0.00127387861721, 0.00115727377124, 0.000541877700016, 0.000549413671251, 0.000564783229493, 0.00023439853976, 0.000269555894192, 0.000191735976841, 0.000174529544893, 0.000200278445845, 0.0002773439046, 0.000161451869644, 0.000186102290172, 0.000169574122992, 0.000131718668854, 0.000108304309833, 8.83532411535e-05, 0.00010668579489, 6.23131927568e-05],
        "mean": [0.00266547477804, 0.00122074433602, 0.00029948700103, 0.00020018676878, 0.000365288491594, 0.000513860082719, 0.000513645645697, 0.000296409620205, 0.000254253653111, 0.00012747864821, 0.000160372001119, 0.00012198476179, 9.77672607405e-05, 0.000123583638924, 0.000102087251435, 0.000103560014395, 0.000114091904834, 7.79977272032e-05, 8.15514285932e-05, 6.74736802466e-05, 7.24563578842e-05, 8.12126309029e-05, 3.74183982785e-05, 3.48615285475e-05, 3.06292276946e-05, 2.60615506704e-05, 1.9428500309e-05, 1.71015744854e-05, 1.69876766449e-05, 1.49820480146e-05, 1.47588034451e-05, 1.50696287164e-05, 1.29136742544e-05, 1.05124572656e-05, 9.04140324565e-06, 7.35850562705e-06, 6.56151405565e-06, 4.85503278469e-06, 4.19967818743e-06, 3.32425543093e-06],
        "median": [0.00121387373656, 0.000587433692999, 0.000128631916596, 8.03617804195e-05, 0.000105027611426, 0.000181979106856, 0.000222917558858, 0.00012344183051, 9.20899910852e-05, 6.704533007e-05, 8.84483015398e-05, 6.16504839854e-05, 4.99017478433e-05, 6.47810957162e-05, 5.27573829459e-05, 5.51225202798e-05, 4.7504719987e-05, 3.9500038838e-05, 3.97075637011e-05, 3.99396885769e-05, 3.89708002331e-05, 3.30492111971e-05, 2.58605650743e-05, 2.42046698986e-05, 2.27738619287e-05, 1.7366861357e-05, 1.44652240124e-05, 1.31945207613e-05, 1.3071829926e-05, 1.21981329357e-05, 1.12784337034e-05, 1.09318953037e-05, 9.27827113628e-06, 7.65066306485e-06, 6.51576829114e-06, 5.3527419368e-06, 4.73422232972e-06, 3.56734926754e-06, 2.7992066407e-06, 2.413221182e-06],
        "min": [7.39595013272e-25, 5.84747139603e-25, 1.88169042761e-24, 1.56095861481e-24, 1.02785903684e-24, 1.92595499072e-24, 1.416690845e-24, 2.04808347784e-24, 1.56342183299e-24, 1.48289806723e-24, 1.6839738802e-24, 1.97201657898e-24, 2.73484270774e-24, 2.55624321829e-24, 2.0892012748e-24, 3.42891172001e-24, 2.50618388019e-24, 2.46057371758e-24, 2.3863004912e-24, 2.55298818098e-24, 3.04317569787e-24, 4.28322756998e-24, 3.67124308478e-24, 3.91308141148e-24, 4.31513462701e-24, 3.75978680493e-24, 3.99303561966e-24, 4.00314763318e-24, 5.21632695856e-24, 4.94232125072e-24, 4.89083782147e-24, 3.64907569891e-24, 5.02975307143e-24, 5.45787419558e-24, 4.70224326713e-24, 5.06250223748e-24, 4.15626277387e-24, 4.92641110956e-24, 5.99920711482e-24, 5.008187192e-24],
        "var": [1.23623158288e-05, 3.21111997437e-06, 3.48277382045e-07, 1.34152386977e-07, 7.1354696729e-07, 8.54244092352e-07, 6.48170441764e-07, 2.75271816008e-07, 2.13047172792e-07, 3.03177785099e-08, 4.25509369961e-08, 3.14811110513e-08, 1.9760683756e-08, 2.84160481812e-08, 2.05367900463e-08, 2.17989146734e-08, 3.51671580745e-08, 1.14967786402e-08, 1.84000974457e-08, 1.29433121998e-08, 9.75679537163e-09, 2.1041904219e-08, 2.58730192826e-09, 1.47108891735e-09, 1.14241849314e-09, 1.16020615337e-09, 3.84579951218e-10, 3.32561395089e-10, 2.99728158959e-10, 2.04361819134e-10, 2.28409402503e-10, 2.75660300142e-10, 1.87858881229e-10, 1.20637569379e-10, 9.44861341945e-11, 6.19648568567e-11, 5.27742329004e-11, 2.74040460463e-11, 3.22193903501e-11, 1.43127454333e-11]
    },
    "mfcc": {
        "mean": [-600.890991211, 71.5541381836, -7.85897827148, 10.1222028732, 1.02433621883, 5.22168302536, -4.01937437057, 3.07084083557, 1.69093430042, 3.20721840858, 3.79501891136, 6.75723600388, 5.3823890686],
        "cov": [[12961.6738281, 749.18560791, 367.246398926, 491.449188232, 65.4118881226, 289.569091797, 72.5283660889, 273.954193115, 162.032562256, 152.163360596, 271.977966309, 217.755874634, 93.4559631348], [749.18560791, 807.348999023, -43.1536407471, -22.1477851868, -16.2467212677, -10.9492902756, -18.3915100098, -66.8708267212, -4.98061800003, 18.2324562073, 2.74871039391, 31.6354236603, 9.64996147156], [367.246398926, -43.1536407471, 734.643920898, 321.157775879, 89.665397644, 143.858886719, 119.214820862, 109.554977417, 68.2368087769, 21.7426872253, 59.230430603, 13.0785417557, -12.192358017], [491.449188232, -22.1477851868, 321.157775879, 511.859008789, 131.14642334, 87.2664642334, 115.807151794, 125.47908783, 65.0591201782, 42.3233222961, 29.1536216736, 14.7022762299, 15.0540361404], [65.4118881226, -16.2467212677, 89.665397644, 131.14642334, 215.589157104, 112.253593445, 64.7011566162, 75.404914856, 52.6366844177, 27.3464870453, 15.4216003418, 20.6811580658, 19.0991172791], [289.569091797, -10.9492902756, 143.858886719, 87.2664642334, 112.253593445, 246.228881836, 98.6983032227, 91.9384689331, 51.2473373413, 22.1587123871, 39.9910087585, 26.2343387604, 4.58686542511], [72.5283660889, -18.3915100098, 119.214820862, 115.807151794, 64.7011566162, 98.6983032227, 190.747589111, 99.1039886475, 34.193775177, 48.7860298157, 55.5207481384, 24.6289215088, 6.89866447449], [273.954193115, -66.8708267212, 109.554977417, 125.47908783, 75.404914856, 91.9384689331, 99.1039886475, 186.269195557, 84.0386352539, 36.6522712708, 42.2867355347, 51.023311615, 33.753490448], [162.032562256, -4.98061800003, 68.2368087769, 65.0591201782, 52.6366844177, 51.2473373413, 34.193775177, 84.0386352539, 142.125076294, 45.5759506226, 28.4948482513, 35.2548675537, 49.4282226562], [152.163360596, 18.2324562073, 21.7426872253, 42.3233222961, 27.3464870453, 22.1587123871, 48.7860298157, 36.6522712708, 45.5759506226, 108.774215698, 59.6088676453, 26.8656864166, 13.0109138489], [271.977966309, 2.74871039391, 59.230430603, 29.1536216736, 15.4216003418, 39.9910087585, 55.5207481384, 42.2867355347, 28.4948482513, 59.6088676453, 113.006744385, 48.5265769958, 16.5605831146], [217.755874634, 31.6354236603, 13.0785417557, 14.7022762299, 20.6811580658, 26.2343387604, 24.6289215088, 51.023311615, 35.2548675537, 26.8656864166, 48.5265769958, 111.496772766, 47.5346908569], [93.4559631348, 9.64996147156, -12.192358017, 15.0540361404, 19.0991172791, 4.58686542511, 6.89866447449, 33.753490448, 49.4282226562, 13.0109138489, 16.5605831146, 47.5346908569, 107.809265137]],
