{
"lowlevel": {
    "average_loudness": 0.954485177994,
    "barkbands_crest": {
        "dmean": 3.09565234184,
        "dmean2": 5.04103422165,
        "dvar": 8.15787220001,
        "dvar2": 21.0703086853,
        "max": 26.398809433,
        "mean": 9.8005657196,
        "median": 8.64227390289,
        "min": 1.96189796925,
        "var": 24.0990848541
    },
    "barkbands_flatness_db": {
        "dmean": 0.0242646019906,
        "dmean2": 0.0380933247507,
        "dvar": 0.00134232919663,
        "dvar2": 0.00294049479999,
        "max": 0.975885510445,
        "mean": 0.0926993042231,
        "median": 0.0823449194431,
        "min": 0.0143607389182,
        "var": 0.00412809336558
    },
    "barkbands_kurtosis": {
        "dmean": 3.28117966652,
        "dmean2": 5.58594036102,
        "dvar": 1122.94592285,
        "dvar2": 3273.00830078,
        "max": 2382.37304688,
        "mean": 2.24336051941,
        "median": -0.121048927307,
        "min": -1.83052325249,
        "var": 691.465637207
    },
    "barkbands_skewness": {
        "dmean": 0.594709575176,
        "dmean2": 0.958164274693,
        "dvar": 1.03407943249,
        "dvar2": 2.68076634407,
        "max": 42.2161750793,
        "mean": 0.978920102119,
        "median": 0.801965355873,
        "min": -3.4423494339,
        "var": 1.69851446152
    },
    "barkbands_spread": {
        "dmean": 7.86309814453,
        "dmean2": 12.7717533112,
        "dvar": 78.7715988159,
        "dvar2": 206.719650269,
        "max": 103.36857605,
        "mean": 35.0907669067,
        "median": 33.0720901489,
        "min": 0.071707084775,
        "var": 228.649139404
    },
    "dissonance": {
        "dmean": 0.0120629230514,
        "dmean2": 0.0207326039672,
        "dvar": 0.000178158385097,
        "dvar2": 0.000481055438286,
        "max": 0.500000119209,
        "mean": 0.482417911291,
        "median": 0.487114310265,
        "min": 0.255277246237,
        "var": 0.000285886810161
    },
    "dynamic_complexity": 2.32026696205,
    "erbbands_crest": {
        "dmean": 2.32579922676,
        "dmean2": 3.84913706779,
        "dvar": 5.47651529312,
        "dvar2": 13.617389679,
        "max": 31.6809825897,
        "mean": 7.60433006287,
        "median": 6.30455207825,
        "min": 2.28575444221,
        "var": 17.3043498993
    },
    "erbbands_flatness_db": {
        "dmean": 0.0155521444976,
        "dmean2": 0.0246727373451,
        "dvar": 0.000342094135704,
        "dvar2": 0.000828133139294,
        "max": 0.526906549931,
        "mean": 0.128211960196,
        "median": 0.121919125319,
        "min": 0.052836664021,
        "var": 0.00146316026803
    },
    "erbbands_kurtosis": {
        "dmean": 1.48330295086,
        "dmean2": 2.44071507454,
        "dvar": 133.680709839,
        "dvar2": 362.88671875,
        "max": 668.393371582,
        "mean": 1.217659235,
        "median": 0.0380572080612,
        "min": -1.85804581642,
        "var": 170.68145752
    },
    "erbbands_skewness": {
        "dmean": 0.359342336655,
        "dmean2": 0.576017916203,
        "dvar": 0.266458272934,
        "dvar2": 0.674437701702,
        "max": 18.1580314636,
        "mean": 0.0483745001256,
        "median": -0.00350500363857,
        "min": -2.90225124359,
        "var": 0.764779806137
    },
    "erbbands_spread": {
        "dmean": 8.74701213837,
        "dmean2": 13.9491682053,
        "dvar": 121.639015198,
        "dvar2": 294.632904053,
        "max": 155.540222168,
        "mean": 37.4619216919,
        "median": 34.5244827271,
        "min": 0.493184924126,
        "var": 347.152923584
    },
    "hfc": {
        "dmean": 12.0855693817,
        "dmean2": 19.7212715149,
        "dvar": 312.155700684,
        "dvar2": 839.523681641,
        "max": 213.093444824,
        "mean": 39.1254310608,
        "median": 36.2610168457,
        "min": 1.09256529935e-16,
        "var": 647.942504883
    },
    "melbands_crest": {
        "dmean": 4.26997613907,
        "dmean2": 7.08671426773,
        "dvar": 15.6814203262,
        "dvar2": 41.5119247437,
        "max": 39.9730758667,
        "mean": 14.942606926,
        "median": 13.8602485657,
        "min": 1.01422011852,
        "var": 45.7291221619
    },
    "melbands_flatness_db": {
        "dmean": 0.0337752737105,
        "dmean2": 0.0534951239824,
        "dvar": 0.00210855668411,
        "dvar2": 0.00476310588419,
        "max": 1,
        "mean": 0.153232619166,
        "median": 0.144876018167,
        "min": 1.61789114372e-06,
        "var": 0.00601133471355
    },
    "melbands_kurtosis": {
        "dmean": 49.5702133179,
        "dmean2": 82.989440918,
        "dvar": 1762031.125,
        "dvar2": 4470107,
        "max": 103057.84375,
        "mean": 44.2655906677,
        "median": 3.70436954498,
        "min": -1.80209612846,
        "var": 1732799.75
    },
    "melbands_skewness": {
        "dmean": 1.00883793831,
        "dmean2": 1.62903404236,
        "dvar": 11.5421142578,
        "dvar2": 27.1070957184,
        "max": 193.629928589,
        "mean": 2.44456863403,
        "median": 1.88592767715,
        "min": -2.06393480301,
        "var": 16.3741378784
    },
    "melbands_spread": {
        "dmean": 11.705031395,
        "dmean2": 19.2173461914,
        "dvar": 187.756835938,
        "dvar2": 477.660705566,
        "max": 268.549163818,
        "mean": 37.749130249,
        "median": 34.1763877869,
        "min": 0.00210616737604,
        "var": 485.575378418
    },
    "pitch_salience": {
        "dmean": 0.0918195471168,
        "dmean2": 0.147400662303,
        "dvar": 0.00756587600335,
        "dvar2": 0.0185870844871,
        "max": 0.997523069382,
        "mean": 0.537670612335,
        "median": 0.555158257484,
        "min": 0.00333681027405,
        "var": 0.0219146180898
    },
    "silence_rate_20dB": {
        "dmean": 0,
        "dmean2": 0,
        "dvar": 0,
        "dvar2": 0,
        "max": 1,
        "mean": 1,
        "median": 1,
        "min": 1,
        "var": 0
    },
    "silence_rate_30dB": {
        "dmean": 0,
        "dmean2": 0,
        "dvar": 0,
        "dvar2": 0,
        "max": 1,
        "mean": 1,
        "median": 1,
        "min": 1,
        "var": 0
    },
    "silence_rate_60dB": {
        "dmean": 0.0034572170116,
        "dmean2": 0.00691497698426,
        "dvar": 0.00344497291371,
        "dvar2": 0.00796639639884,
        "max": 1,
        "mean": 0.0502828396857,
        "median": 0,
        "min": 0,
        "var": 0.0477592870593
    },
    "spectral_centroid": {
        "dmean": 317.263549805,
        "dmean2": 508.727142334,
        "dvar": 139585.171875,
        "dvar2": 332735.09375,
        "max": 11750.6083984,
        "mean": 2008.84020996,
        "median": 1886.87158203,
        "min": 20.6077861786,
        "var": 984468.1875
    },
    "spectral_complexity": {
        "dmean": 5.77795219421,
        "dmean2": 9.2608833313,
        "dvar": 44.2007827759,
        "dvar2": 101.53868866,
        "max": 67,
        "mean": 31.8127746582,
        "median": 33,
        "min": 0,
        "var": 194.113830566
    },
    "spectral_decrease": {
        "dmean": 2.033614388e-09,
        "dmean2": 3.33834715427e-09,
        "dvar": 4.26141779455e-18,
        "dvar2": 1.21758835498e-17,
        "max": 1.85892756385e-28,
        "mean": -8.61957971665e-09,
        "median": -8.90002116449e-09,
        "min": -2.47310509849e-08,
        "var": 1.71367685791e-17
    },
    "spectral_energy": {
        "dmean": 0.00806722883135,
        "dmean2": 0.0133225126192,
        "dvar": 6.51850277791e-05,
        "dvar2": 0.000185361204785,
        "max": 0.0956057086587,
        "mean": 0.0360811240971,
        "median": 0.0378210246563,
        "min": 9.84600272485e-21,
        "var": 0.000279899773886
    },
    "spectral_energyband_high": {
        "dmean": 0.00109635898843,
        "dmean2": 0.00180793507025,
        "dvar": 3.16904311148e-06,
        "dvar2": 8.62385240907e-06,
        "max": 0.0252685751766,
        "mean": 0.00250523281284,
        "median": 0.0014985720627,
        "min": 7.01132504367e-21,
        "var": 6.54037330605e-06
    },
    "spectral_energyband_low": {
        "dmean": 0.00772836990654,
        "dmean2": 0.012418564409,
        "dvar": 7.6909083873e-05,
        "dvar2": 0.000210014695767,
        "max": 0.0867992118001,
        "mean": 0.0157846845686,
        "median": 0.0117015670985,
        "min": 1.2784160712e-23,
        "var": 0.000210116631933
    },
    "spectral_energyband_middle_high": {
        "dmean": 0.00316399987787,
        "dmean2": 0.00518421968445,
        "dvar": 1.29906866277e-05,
        "dvar2": 3.47372260876e-05,
        "max": 0.041400488466,
        "mean": 0.00975599978119,
        "median": 0.00864402763546,
        "min": 1.21312196257e-21,
        "var": 4.24672361987e-05
    },
    "spectral_energyband_middle_low": {
        "dmean": 0.00400199182332,
        "dmean2": 0.00656028883532,
        "dvar": 3.07175832859e-05,
        "dvar2": 7.41207913961e-05,
        "max": 0.0691152215004,
        "mean": 0.00871504563838,
        "median": 0.00689553190023,
        "min": 1.02777702292e-22,
        "var": 5.48373318452e-05
    },
    "spectral_entropy": {
        "dmean": 0.127694249153,
        "dmean2": 0.208753928542,
        "dvar": 0.0531367026269,
        "dvar2": 0.129157707095,
        "max": 9.82755565643,
        "mean": 8.01003932953,
        "median": 8.06032562256,
        "min": 2.78372645378,
        "var": 0.17230053246
    },
    "spectral_flux": {
        "dmean": 0.0214848574251,
        "dmean2": 0.0335124842823,
        "dvar": 0.000464369513793,
        "dvar2": 0.000980249838904,
        "max": 0.270705193281,
        "mean": 0.108114928007,
        "median": 0.108032405376,
        "min": 6.39062830432e-11,
        "var": 0.00193799647968
    },
    "spectral_kurtosis": {
        "dmean": 1.55828917027,
        "dmean2": 2.51596140862,
        "dvar": 231.808242798,
        "dvar2": 564.77532959,
        "max": 822.705444336,
        "mean": 3.84661769867,
        "median": 2.94435763359,
        "min": -1.25610494614,
        "var": 221.848327637
    },
    "spectral_rms": {
        "dmean": 0.000655413721688,
        "dmean2": 0.00107752589975,
        "dvar": 3.94389815028e-07,
        "dvar2": 1.0780638604e-06,
        "max": 0.00965783931315,
        "mean": 0.00567449023947,
        "median": 0.00607441877946,
        "min": 3.09933155529e-12,
        "var": 3.00110536955e-06
    },
    "spectral_rolloff": {
        "dmean": 778.193786621,
        "dmean2": 1305.85925293,
        "dvar": 1113495.5,
        "dvar2": 2783868,
        "max": 19616.7480469,
        "mean": 2279.42871094,
        "median": 1808.7890625,
        "min": 21.533203125,
        "var": 4208898.5
    },
    "spectral_skewness": {
        "dmean": 0.1816829741,
        "dmean2": 0.293926477432,
        "dvar": 0.261609643698,
        "dvar2": 0.555121660233,
        "max": 24.2899436951,
        "mean": 1.39638626575,
        "median": 1.33085167408,
        "min": -0.119048409164,
        "var": 0.494877576828
    },
    "spectral_spread": {
        "dmean": 542379.9375,
        "dmean2": 841024.25,
        "dvar": 477838475264,
        "dvar2": 1.08515622912e+12,
        "max": 43115872,
        "mean": 5354837,
        "median": 5051800.5,
        "min": 137878.328125,
        "var": 9.53399587635e+12
    },
    "spectral_strongpeak": {
        "dmean": 0.602084875107,
        "dmean2": 1.06835031509,
        "dvar": 1.48317050934,
        "dvar2": 4.02450990677,
        "max": 11.3719644547,
        "mean": 0.848811984062,
        "median": 0.363023519516,
        "min": 0,
        "var": 1.82555794716
    },
    "zerocrossingrate": {
        "dmean": 0.0123138418421,
        "dmean2": 0.0154199954122,
        "dvar": 0.000211008678889,
        "dvar2": 0.000277242303127,
        "max": 0.87744140625,
        "mean": 0.0830261856318,
        "median": 0.07421875,
        "min": 0.0009765625,
        "var": 0.00259238737635
    },
    "barkbands": {
        "dmean": [0.000444222358055, 0.00671556172892, 0.0024108288344, 0.00127459666692, 0.00168148905504, 0.000916641205549, 0.000940632889979, 0.000783662195317, 0.000947680266108, 0.000563445209991, 0.000605202978477, 0.000802763272077, 0.000694529677276, 0.000755968445446, 0.000664781080559, 0.000451138941571, 0.00043165156967, 0.000384026381653, 0.000370390072931, 0.000330718583427, 0.000323551153997, 0.000246849318501, 0.000205337899388, 0.000183437325177, 0.000149450657773, 5.40849105164e-05, 1.38285513458e-05],
        "dmean2": [0.000674948212691, 0.0108118876815, 0.00400329288095, 0.00228019198403, 0.00290487147868, 0.00154781143647, 0.00157497159671, 0.00131893693469, 0.00154326728079, 0.000941398029681, 0.00098950706888, 0.00133315799758, 0.001155296457, 0.00124154076912, 0.00109881884418, 0.000735208042897, 0.000718823284842, 0.000633890391327, 0.000612801173702, 0.000543975504115, 0.000536133476999, 0.000412325956859, 0.000342453247868, 0.000304985063849, 0.000250468903687, 8.6746942543e-05, 2.29004526773e-05],
        "dvar": [8.46715863645e-07, 7.34744317015e-05, 1.7191079678e-05, 8.73097815202e-06, 1.30780354084e-05, 2.09047630051e-06, 2.18570880861e-06, 1.42531257552e-06, 1.80185190857e-06, 7.05620379904e-07, 9.25457641188e-07, 1.63396907737e-06, 1.20254435387e-06, 1.57319675509e-06, 1.10431233225e-06, 5.61679996736e-07, 5.18595129506e-07, 3.50101004187e-07, 3.32901436195e-07, 2.23579235126e-07, 2.26894627531e-07, 1.4731142528e-07, 1.36852193577e-07, 1.29273203697e-07, 7.68017329733e-08, 8.80254713564e-09, 8.93791152201e-10],
        "dvar2": [1.99613054974e-06, 0.000183673968422, 4.39573377662e-05, 2.46243835136e-05, 3.41435988958e-05, 5.13492022947e-06, 5.64018864679e-06, 3.74877322429e-06, 4.43811450168e-06, 1.73864748376e-06, 2.28879821407e-06, 4.23056690124e-06, 3.11794451591e-06, 3.88872740587e-06, 2.79596861219e-06, 1.34460367462e-06, 1.36817106977e-06, 9.15710756999e-07, 8.64510411702e-07, 5.81562915158e-07, 6.07474476055e-07, 3.98811351943e-07, 3.79753430479e-07, 3.63061928965e-07, 2.09799736695e-07, 2.1884863699e-08, 2.16150208843e-09],
        "max": [0.0169663261622, 0.0845281034708, 0.0460853278637, 0.0277757644653, 0.0598150976002, 0.0465485155582, 0.0347659289837, 0.0213463995606, 0.0323375016451, 0.0220149867237, 0.020929409191, 0.0200882870704, 0.0219523478299, 0.0230392329395, 0.0218281615525, 0.0172157287598, 0.0145387165248, 0.0108337560669, 0.00785827171057, 0.0064512938261, 0.00923244562, 0.00580561254174, 0.00821319688112, 0.00802559871227, 0.00285235606134, 0.0019059907645, 0.00143349613063],
        "mean": [0.000729693565518, 0.0116536971182, 0.00284708850086, 0.00111742678564, 0.00171755906194, 0.00130625104066, 0.00143555132672, 0.00110296881758, 0.0018129729433, 0.000943035818636, 0.0010194007773, 0.00136359094176, 0.00119008822367, 0.0012168737594, 0.00114093488082, 0.000721355550922, 0.000692143803462, 0.000658114149701, 0.000621958984993, 0.000623878615443, 0.000598562764935, 0.000466038938612, 0.000385094230296, 0.000340943224728, 0.000248940050369, 0.000104869221104, 2.21113332373e-05],
        "median": [0.000127084116684, 0.00656428933144, 0.00117201171815, 0.000382891419576, 0.000681015546434, 0.000718900002539, 0.000641906866804, 0.000631283037364, 0.000992360990494, 0.000517437583767, 0.000544511713088, 0.000705327605829, 0.000620619626716, 0.000583026499953, 0.000638440775219, 0.000431669992395, 0.0004455303133, 0.000454321532743, 0.00039452657802, 0.000412898225477, 0.00035974686034, 0.000260850123595, 0.000189830549061, 0.000168178434251, 0.000123423262266, 5.27361335116e-05, 6.82728750689e-06],
        "min": [5.63213652777e-25, 1.34263061106e-24, 1.15503110616e-24, 7.72816115358e-25, 9.11761095519e-24, 8.89065725048e-24, 1.18502156645e-23, 6.75175162498e-24, 9.31492636683e-24, 2.21161619731e-23, 1.28299312106e-23, 2.03468116493e-23, 3.6356425021e-23, 3.7692865835e-23, 4.58737920288e-23, 5.38678780949e-23, 7.0382157342e-23, 7.65026829811e-23, 1.29552417654e-22, 2.05115674582e-22, 2.65803312e-22, 2.34388826027e-22, 3.4461882156e-22, 5.62769633739e-22, 9.13605335564e-22, 1.29626169207e-21, 1.96630848244e-21],
        "var": [2.4125897653e-06, 0.000176665125764, 2.21346872422e-05, 5.90212493989e-06, 1.11737845145e-05, 3.74499677491e-06, 5.08736093252e-06, 2.07516723094e-06, 7.00127975506e-06, 1.77734773388e-06, 2.29660645346e-06, 3.85799967262e-06, 2.62757657765e-06, 3.44669319929e-06, 2.50749189945e-06, 9.79840820037e-07, 8.26144514576e-07, 5.43051385193e-07, 5.24462620888e-07, 4.44584742354e-07, 4.27516425816e-07, 2.78035344081e-07, 2.33822902374e-07, 1.89348639879e-07, 1.03279681696e-07, 1.83578681145e-08, 1.91313920261e-09]
    },
    "erbbands": {
        "dmean": [0.219075113535, 1.48851501942, 2.69961714745, 3.33927035332, 4.81462144852, 6.15374231339, 6.94371032715, 7.87238073349, 10.0603504181, 15.4587640762, 19.9497642517, 18.9534511566, 17.9554424286, 21.8253574371, 19.7614269257, 32.3284988403, 30.5015029907, 33.6538619995, 31.9021511078, 32.1960868835, 21.8789710999, 24.2570438385, 19.9339981079, 19.2747917175, 17.8934059143, 15.4376211166, 14.4147729874, 12.0514764786, 9.1151266098, 7.2626914978, 5.79762887955, 4.05591869354, 3.16384029388, 2.01237726212, 0.906163275242, 0.308902293444, 0.0921104773879, 0.0228963010013, 0.00226511317305, 3.97713120037e-05],
        "dmean2": [0.352824896574, 2.35203623772, 4.34726047516, 5.79238510132, 8.41002559662, 10.6635856628, 11.8899517059, 13.4704027176, 16.9420280457, 25.8498001099, 33.1890602112, 31.4614639282, 29.3865852356, 35.8151321411, 32.2905349731, 53.6880607605, 50.1209335327, 55.804523468, 52.3813056946, 52.4829368591, 36.1619300842, 39.9682540894, 32.954990387, 31.9281902313, 29.8505172729, 25.4365673065, 24.029920578, 20.1776695251, 15.2102184296, 12.1654891968, 9.66053390503, 6.71035718918, 5.36487436295, 3.39608168602, 1.51474308968, 0.504763782024, 0.148567989469, 0.0371222309768, 0.00378499296494, 6.59835059196e-05],
        "dvar": [0.105320185423, 3.81444430351, 16.6094398499, 48.5148239136, 114.611183167, 213.106719971, 217.850418091, 124.440597534, 221.325393677, 707.673034668, 903.85949707, 766.656494141, 672.216918945, 1075.23937988, 988.116516113, 2811.37524414, 2281.92578125, 3092.86303711, 2587.19311523, 3500.09448242, 1129.60876465, 1927.06799316, 973.60345459, 970.060058594, 800.735046387, 523.756591797, 461.9402771, 345.737030029, 208.432449341, 131.83821106, 126.126052856, 63.0264053345, 40.8534812927, 14.4922380447, 2.64277911186, 0.283993303776, 0.0266947932541, 0.00193244183902, 2.45063929469e-05, 5.23242293937e-09],
        "dvar2": [0.293670386076, 8.73639965057, 40.98412323, 131.954925537, 306.044586182, 558.904052734, 551.81628418, 330.15612793, 595.506225586, 1770.21630859, 2353.53564453, 1994.08947754, 1612.08374023, 2624.02270508, 2436.60375977, 7351.55566406, 5826.98779297, 8055.94042969, 6366.20751953, 8187.35693359, 2900.82885742, 4898.42236328, 2546.06152344, 2505.51977539, 2129.45092773, 1366.14428711, 1232.24304199, 936.905456543, 567.199645996, 358.83102417, 352.546661377, 176.255584717, 115.542877197, 40.0170822144, 7.11207056046, 0.742894172668, 0.0647254809737, 0.00463733728975, 6.04719898547e-05, 1.31797452951e-08],
        "max": [3.73124408722, 20.7916965485, 56.0660095215, 67.0673904419, 172.661743164, 330.951171875, 366.83795166, 208.673568726, 261.465820312, 610.888244629, 468.972717285, 479.387786865, 759.021057129, 947.208129883, 807.525024414, 999.515136719, 1170.50622559, 1181.98791504, 1135.72814941, 1478.5057373, 642.678405762, 947.944091797, 657.187011719, 514.639404297, 382.552337646, 342.890472412, 265.309204102, 395.423034668, 191.869125366, 187.687332153, 288.348480225, 230.699615479, 164.076553345, 47.7711791992, 18.5999851227, 7.34760904312, 3.9781024456, 1.92316699028, 0.212471291423, 0.0028895768337],
        "mean": [0.349639326334, 2.49481868744, 3.87375760078, 3.5890314579, 4.55195522308, 6.11341810226, 8.49956703186, 10.8220100403, 15.3477020264, 23.8346710205, 30.5419445038, 34.2484893799, 36.2322425842, 39.6406936646, 36.2106628418, 56.7981071472, 57.6504020691, 57.935962677, 58.2892112732, 58.293888092, 38.4436340332, 40.65675354, 35.6799125671, 33.0288352966, 30.6645355225, 29.0276679993, 26.4520969391, 21.722858429, 17.0119686127, 13.6608190536, 10.7728977203, 7.9094748497, 5.2387471199, 3.19997859001, 1.53338730335, 0.565157830715, 0.171982511878, 0.0430049449205, 0.00345718325116, 0.000104649378045],
        "median": [0.152934998274, 1.26795899868, 2.0414853096, 1.53531932831, 1.64191770554, 2.24501776695, 3.86237239838, 6.01822090149, 8.23291873932, 11.6908521652, 18.7819671631, 20.9994773865, 19.4434776306, 23.7238483429, 22.4738121033, 30.5173034668, 32.4758148193, 32.0380706787, 34.3046112061, 32.479057312, 26.1051292419, 27.1338272095, 24.8520240784, 21.8534145355, 20.135181427, 18.4241104126, 15.8635139465, 12.8760986328, 9.51394081116, 7.27731323242, 5.34449577332, 4.00986814499, 2.46564364433, 1.54303741455, 0.762239933014, 0.282170414925, 0.0843511521816, 0.0199314747006, 0.000935652991757, 7.63480275054e-05],
        "min": [8.22198167076e-23, 3.08238853774e-22, 2.66123046792e-21, 4.58065764096e-21, 8.3054248782e-21, 3.58239515588e-20, 5.12815596761e-20, 9.66297915924e-20, 1.12216653143e-19, 2.41543485557e-19, 1.89562822554e-19, 2.22502537489e-19, 6.02787398678e-19, 8.90292632134e-19, 9.13282669694e-19, 1.20079720893e-18, 1.74895966791e-18, 2.3497328818e-18, 2.89587081622e-18, 2.51848972088e-18, 4.07888674391e-18, 4.87536530726e-18, 5.23477983291e-18, 5.62025385657e-18, 6.09852885957e-18, 9.68960610316e-18, 9.81087491686e-18, 9.96098917288e-18, 8.60852322876e-18, 1.18186639479e-17, 9.51601563417e-18, 1.1219393928e-17, 9.20854267431e-18, 8.69457151916e-18, 6.43920691716e-18, 4.22684908957e-18, 2.34929943915e-18, 1.04087166027e-18, 2.49467229591e-19, 2.79782888515e-20],
        "var": [0.213788926601, 9.47616195679, 26.0244960785, 40.0018577576, 88.5410308838, 182.05305481, 266.665771484, 200.924865723, 452.695678711, 1423.32275391, 1485.21496582, 1787.26147461, 3121.66870117, 2800.68847656, 2302.02587891, 6786.08789062, 5513.99365234, 6258.85791016, 5975.36279297, 8670.15234375, 1935.98364258, 2898.41943359, 1567.56762695, 1469.9720459, 1221.7911377, 1011.15216064, 876.292663574, 580.828552246, 377.928924561, 251.49206543, 196.215179443, 101.597946167, 49.7465744019, 18.1334819794, 3.82507276535, 0.51129001379, 0.054484590888, 0.00465828506276, 4.82184404973e-05, 1.18148051342e-08]
    },
    "gfcc": {
        "mean": [41.844619751, 58.2119636536, -115.670837402, 33.354019165, -50.6480140686, 25.7912750244, -28.9506435394, 16.2264442444, -18.5806007385, 11.8752937317, -14.7643957138, 3.22695159912, -12.2282705307],
        "cov": [[18383.9199219, -336.991638184, -1457.0012207, 358.827819824, -461.993804932, 489.880767822, -189.687698364, 321.043792725, -219.521652222, 226.140609741, -180.096328735, 151.825820923, -209.210357666], [-336.991638184, 1211.38549805, -241.202362061, -164.300323486, -8.38345718384, -161.732513428, -0.104618951678, -75.3592071533, 19.674905777, -53.8393516541, 46.042930603, -71.5221405029, 28.8869533539], [-1457.0012207, -241.202362061, 666.382202148, 123.267066956, 119.96938324, 52.7803382874, 62.1425323486, -2.43314623833, 2.96624279022, -23.0704193115, 0.615828573704, 3.82648134232, 0.878539681435], [358.827819824, -164.300323486, 123.267066956, 358.390869141, 89.7389831543, 75.9219589233, 52.1292381287, 48.4948005676, 9.15577697754, -0.686532557011, 2.52338862419, 11.2182855606, -1.38663828373], [-461.993804932, -8.38345718384, 119.96938324, 89.7389831543, 284.075195312, 106.054374695, 97.197555542, 7.78290319443, 47.9952507019, 17.1742019653, 29.7183494568, -8.15127372742, 9.63492488861], [489.880767822, -161.732513428, 52.7803382874, 75.9219589233, 106.054374695, 222.135406494, 92.7283706665, 44.6854438782, 18.168674469, 30.726688385, 5.93085622787, 15.4038705826, -4.98074579239], [-189.687698364, -0.104618951678, 62.1425323486, 52.1292381287, 97.197555542, 92.7283706665, 191.082092285, 85.0566482544, 61.7919464111, 10.7330026627, 39.6558074951, 12.1074209213, 15.6564941406], [321.043792725, -75.3592071533, -2.43314623833, 48.4948005676, 7.78290319443, 44.6854438782, 85.0566482544, 135.131576538, 62.4807395935, 24.7990837097, 12.1090974808, 22.9861297607, 6.04086780548], [-219.521652222, 19.674905777, 2.96624279022, 9.15577697754, 47.9952507019, 18.168674469, 61.7919464111, 62.4807395935, 121.857704163, 49.9327468872, 33.8357925415, 5.75107717514, 18.4770030975], [226.140609741, -53.8393516541, -23.0704193115, -0.686532557011, 17.1742019653, 30.726688385, 10.7330026627, 24.7990837097, 49.9327468872, 90.5918884277, 42.6683540344, 17.4195861816, 1.16865468025], [-180.096328735, 46.042930603, 0.615828573704, 2.52338862419, 29.7183494568, 5.93085622787, 39.6558074951, 12.1090974808, 33.8357925415, 42.6683540344, 89.8286209106, 35.4204826355, 15.0726804733], [151.825820923, -71.5221405029, 3.82648134232, 11.2182855606, -8.15127372742, 15.4038705826, 12.1074209213, 22.9861297607, 5.75107717514, 17.4195861816, 35.4204826355, 71.9674530029, 28.3724632263], [-209.210357666, 28.8869533539, 0.878539681435, -1.38663828373, 9.63492488861, -4.98074579239, 15.6564941406, 6.04086780548, 18.4770030975, 1.16865468025, 15.0726804733, 28.3724632263, 66.3090133667]],
        "icov": [[0.000111060428026, -7.52047999413e-05, 0.000221161550144, -0.000166743106092, 0.000113873502414, -0.000285172602162, 0.000121404555102, -0.00028914413997, 0.000335309334332, -0.000433607638115, 0.000414949347032, -0.00040496015572, 0.000329620932462], [-7.52047999413e-05, 0.00137689884286, 0.000321561092278, 0.000412565976148, -0.000221039124881, 0.000797825166956, -0.000386788800824, 0.000645684776828, -0.000616397359408, 0.00159738375805, -0.00196550996043, 0.00214732764289, -0.00103661359753], [0.000221161550144, 0.000321561092278, 0.00235028006136, -0.000689937034622, -0.00035626735189, -0.000273127894616, -0.000354660092853, 0.000128561296151, 0.0003914188419, 5.24208917341e-05, 0.000550778524484, -0.000712908396963, 0.000685260514729], [-0.000166743106092, 0.000412565976148, -0.000689937034622, 0.00376877747476, -0.00113316462375, -2.94403052976e-05, 0.000251210120041, -0.0011218986474, 7.09564483259e-05, 0.00135949300602, -0.00114525877871, 0.000855504767969, -0.000561991415452], [0.000113873502414, -0.000221039124881, -0.00035626735189, -0.00113316462375, 0.00606945902109, -0.00249646767043, -0.00166846741922, 0.002242163755, -0.00173192517832, -0.00016521953512, -0.000713040994015, 0.00116773904301, -0.000295212812489], [-0.000285172602162, 0.000797825166956, -0.000273127894616, -2.94403052976e-05, -0.00249646767043, 0.00887603964657, -0.0042995242402, 0.000935277377721, 0.00120794621762, -0.0026737160515, 0.00218766881153, -0.00101309944876, 0.000361866405001], [0.000121404555102, -0.000386788800824, -0.000354660092853, 0.000251210120041, -0.00166846741922, -0.0042995242402, 0.0129854837433, -0.00730804773048, -0.0014661049936, 0.00475474912673, -0.00600913958624, 0.00268730614334, -0.00137849140447], [-0.00028914413997, 0.000645684776828, 0.000128561296151, -0.0011218986474, 0.002242163755, 0.000935277377721, -0.00730804773048, 0.0169217325747, -0.00762490136549, -2.30438727158e-05, 0.00365134864114, -0.00467436015606, 0.00200484204106], [0.000335309334332, -0.000616397359408, 0.0003914188419, 7.09564483259e-05, -0.00173192517832, 0.00120794621762, -0.0014661049936, -0.00762490136549, 0.0183583498001, -0.00969771109521, 0.000242342823185, 0.00305630499497, -0.00360151054338], [-0.000433607638115, 0.00159738375805, 5.24208917341e-05, 0.00135949300602, -0.00016521953512, -0.0026737160515, 0.00475474912673, -2.30438727158e-05, -0.00969771109521, 0.0242282040417, -0.0127239180729, 0.00300550810061, 0.000547915056814], [0.000414949347032, -0.00196550996043, 0.000550778524484, -0.00114525877871, -0.000713040994015, 0.00218766881153, -0.00600913958624, 0.00365134864114, 0.000242342823185, -0.0127239180729, 0.0264074634761, -0.0149053074419, 0.00402011023834], [-0.00040496015572, 0.00214732764289, -0.000712908396963, 0.000855504767969, 0.00116773904301, -0.00101309944876, 0.00268730614334, -0.00467436015606, 0.00305630499497, 0.00300550810061, -0.0149053074419, 0.0295967776328, -0.0128206852823], [0.000329620932462, -0.00103661359753, 0.000685260514729, -0.000561991415452, -0.000295212812489, 0.000361866405001, -0.00137849140447, 0.00200484204106, -0.00360151054338, 0.000547915056814, 0.00402011023834, -0.0128206852823, 0.0223304014653]]
    },
    "melbands": {
        "dmean": [0.00189595448319, 0.00145436299499, 0.000593689794187, 0.00038379279431, 0.000244139926508, 0.000173797248863, 0.000166217825608, 0.000161357660545, 0.000176379529876, 0.000122994722915, 9.25235653995e-05, 8.91155505087e-05, 7.44825883885e-05, 7.41370749893e-05, 9.49745444814e-05, 7.6219184848e-05, 6.36215045233e-05, 5.6291497458e-05, 5.8490459196e-05, 3.61720303772e-05, 2.6337129384e-05, 2.77517428913e-05, 2.10380167118e-05, 1.76319481398e-05, 1.65246547112e-05, 1.52811480802e-05, 1.2178176803e-05, 1.08465046651e-05, 1.00034494608e-05, 8.38080632093e-06, 6.93685524311e-06, 5.52514848096e-06, 5.02415196024e-06, 3.99013606511e-06, 3.6570145312e-06, 3.02656121676e-06, 2.50457287621e-06, 2.41191833084e-06, 2.03354215955e-06, 1.68484189089e-06],
        "dmean2": [0.00305190193467, 0.00229442422278, 0.00100729695987, 0.000662178266793, 0.000419067771873, 0.000295559089864, 0.000278565625194, 0.000269129377557, 0.000293123477604, 0.0002025377471, 0.000151739135617, 0.000146572012454, 0.0001213486903, 0.000124370853882, 0.000156012261868, 0.000126287195599, 0.000105807790533, 9.20707316254e-05, 9.6551302704e-05, 5.87245885981e-05, 4.38648821728e-05, 4.62774551124e-05, 3.46722408722e-05, 2.93626690109e-05, 2.74695048574e-05, 2.56910607277e-05, 2.01733437279e-05, 1.80156148417e-05, 1.67703128682e-05, 1.40322663356e-05, 1.17125928227e-05, 9.29694306251e-06, 8.47670526127e-06, 6.68992288411e-06, 6.13782822256e-06, 5.05155048813e-06, 4.16186185248e-06, 4.1113135012e-06, 3.47182276528e-06, 2.84552811536e-06],
        "dvar": [6.31016882835e-06, 3.41296117767e-06, 1.39912106079e-06, 7.09571452262e-07, 2.65977490699e-07, 6.11320629673e-08, 6.06261778557e-08, 7.05271290258e-08, 7.19732256016e-08, 3.18855484238e-08, 1.78123613637e-08, 1.80949797368e-08, 1.59223940699e-08, 1.4966946793e-08, 3.15330517253e-08, 1.58151767238e-08, 1.08545634703e-08, 1.01887831505e-08, 9.86147252746e-09, 4.89874896203e-09, 1.61656088515e-09, 2.46777132062e-09, 1.02784569744e-09, 8.01229194103e-10, 7.25022542003e-10, 6.10509420795e-10, 3.38391259458e-10, 2.5688495775e-10, 2.17946674597e-10, 1.56735693868e-10, 1.22313173478e-10, 8.08865890933e-11, 5.95111043777e-11, 4.22229716468e-11, 4.78900114009e-11, 3.52702103634e-11, 2.47182239954e-11, 2.48397483138e-11, 1.49009745515e-11, 9.87700286142e-12],
        "dvar2": [1.69984286913e-05, 7.84328858572e-06, 3.66721974387e-06, 1.87371460925e-06, 6.81629273913e-07, 1.58803715067e-07, 1.59569367497e-07, 1.76058648549e-07, 1.8618248987e-07, 8.02830157909e-08, 4.28315267698e-08, 4.38407390391e-08, 3.89198611117e-08, 4.0028972137e-08, 7.782112732e-08, 4.1816363705e-08, 2.8288196674e-08, 2.4129297671e-08, 2.47145237608e-08, 1.09169882023e-08, 4.22640544784e-09, 6.36217256655e-09, 2.74525246979e-09, 2.06807659886e-09, 1.88157178727e-09, 1.64702040895e-09, 8.79576800283e-10, 6.78481881788e-10, 5.79871928252e-10, 4.22582635551e-10, 3.32414762383e-10, 2.2185511761e-10, 1.62646160429e-10, 1.15481839369e-10, 1.3334623683e-10, 9.98796115259e-11, 6.91134302566e-11, 7.0825366405e-11, 4.16019337035e-11, 2.72790730976e-11],
        "max": [0.0259977206588, 0.025323279202, 0.0125097064301, 0.0157286301255, 0.00956907495856, 0.00587199022993, 0.00517853489146, 0.00611246097833, 0.00395010411739, 0.00351082812995, 0.00380614749156, 0.00406370591372, 0.00304295821115, 0.0026972333435, 0.00427131354809, 0.00228804978542, 0.00204228167422, 0.00221883621998, 0.00225673965178, 0.00149206153583, 0.000617942598183, 0.00115127942991, 0.000573452794924, 0.000592465163209, 0.00045640731696, 0.000281473563518, 0.000290395924821, 0.000248256721534, 0.000203101430088, 0.000216023559915, 0.00023916795908, 0.000132776578539, 0.000108476684545, 0.000135150447022, 0.000172918473254, 0.000193346029846, 0.000130070184241, 0.000147520404425, 6.05135028309e-05, 3.87336222047e-05],
        "mean": [0.00323060341179, 0.00257010711357, 0.000664697727188, 0.000380624347599, 0.000292912387522, 0.000244886818109, 0.000259555032244, 0.000250271463301, 0.0002623674809, 0.000227739306865, 0.000180229035323, 0.000157280883286, 0.000130224347231, 0.000119724754768, 0.000160724273883, 0.000131094726385, 0.000100568235212, 9.16568824323e-05, 9.65119397733e-05, 5.78183426114e-05, 4.2280073103e-05, 4.34517678514e-05, 3.49846632162e-05, 2.88866449409e-05, 2.65145590674e-05, 2.36720607063e-05, 2.06589375011e-05, 1.893960507e-05, 1.72304316948e-05, 1.41844193422e-05, 1.18588095575e-05, 9.63743059401e-06, 8.68357165018e-06, 7.09772530172e-06, 6.3079633037e-06, 5.48463685845e-06, 4.59760030935e-06, 3.80684241463e-06, 3.08677385874e-06, 2.58011300502e-06],
        "median": [0.00175433361437, 0.00152733991854, 0.000292770739179, 0.000141673037433, 0.000133137800731, 0.000137751630973, 0.000132146349642, 0.000129107487737, 0.000155236863066, 0.000129453052068, 9.24804771785e-05, 9.08576257643e-05, 7.30577448849e-05, 6.42487430014e-05, 7.27121077944e-05, 6.29950955044e-05, 5.26059448021e-05, 4.63197357021e-05, 5.05224597873e-05, 3.06692672893e-05, 2.67315153906e-05, 2.7129688533e-05, 2.29826364375e-05, 1.97261506401e-05, 1.67821253854e-05, 1.4332765204e-05, 1.33914563776e-05, 1.14319200293e-05, 1.03207603388e-05, 8.28161955724e-06, 6.73342537993e-06, 5.20990215591e-06, 4.77616049466e-06, 3.65244250133e-06, 3.06504739456e-06, 2.74060471384e-06, 2.28079534281e-06, 1.76670687324e-06, 1.43214015225e-06, 1.22589483453e-06],
        "min": [1.14703609949e-24, 1.24302065152e-24, 1.76673209447e-24, 1.85494705684e-24, 1.91965179487e-24, 2.19613334266e-24, 2.07469353111e-24, 2.3911665797e-24, 1.32673033066e-24, 1.24062606425e-24, 2.87079105184e-24, 3.40516779562e-24, 2.55261978294e-24, 1.5868073187e-24, 3.06260514475e-24, 3.57824032835e-24, 3.81761109814e-24, 4.11101923437e-24, 3.71140517675e-24, 2.65637944667e-24, 3.53894834996e-24, 3.82132978845e-24, 4.63073184278e-24, 4.44091455405e-24, 3.38061923311e-24, 4.17545536526e-24, 4.15705794566e-24, 5.26454213708e-24, 5.59163147852e-24, 5.16393594483e-24, 4.96050173358e-24, 4.45760724523e-24, 3.55663461145e-24, 5.9661617315e-24, 4.99357117715e-24, 4.92380550199e-24, 5.62169772863e-24, 5.43136531372e-24, 5.80471464193e-24, 6.70931327486e-24],
        "var": [1.43128254422e-05, 8.01745045464e-06, 1.25652672978e-06, 5.88752754993e-07, 2.94463234241e-07, 1.05483628943e-07, 1.37535963063e-07, 1.37383437959e-07, 1.17276499623e-07, 9.88928334777e-08, 8.07717484008e-08, 4.71770391641e-08, 3.92083627787e-08, 3.02394127516e-08, 6.94232085152e-08, 3.67956012326e-08, 2.0115692223e-08, 2.14812363453e-08, 2.1426277641e-08, 9.4747933943e-09, 2.61931476508e-09, 3.82996212522e-09, 1.64190616658e-09, 1.1542435896e-09, 1.05388120453e-09, 8.25960522199e-10, 5.65825719612e-10, 4.69486394206e-10, 3.94035748474e-10, 2.63466942707e-10, 1.90190252436e-10, 1.32940200515e-10, 1.02335313834e-10, 7.53347523252e-11, 7.11769879147e-11, 5.3007157691e-11, 3.6288548555e-11, 2.83208352603e-11, 1.7778743755e-11, 1.22016789034e-11]
    },
    "mfcc": {
        "mean": [-594.710693359, 91.4407043457, -3.45768165588, 16.5005111694, 4.59042978287, 11.9909362793, 5.92123031616, 6.47502851486, 5.68209600449, 8.25751495361, 4.97505617142, 5.33822154999, 1.72054433823],
        "cov": [[8902.41210938, 52.1546325684, -439.154907227, -4.42015028, -79.1154174805, 88.9414367676, 110.076263428, 125.832168579, 61.0580558777, 105.620140076, 80.1530227661, 52.0099334717, 36.4743270874], [52.1546325684, 1133.67456055, -196.448196411, -80.5429000854, -94.5811538696, -84.6035461426, -60.4176979065, -76.5938720703, -53.0558624268, -22.7064723969, -17.95154953, -10.1373634338, -12.6676797867], [-439.154907227, -196.448196411, 426.034423828, 91.1561965942, 49.623840332, 32.2867660522, 33.0104484558, 34.2672271729, 11.9826803207, -7.7794380188, -6.78899002075, -9.79665851593, -7.03356981277], [-4.42015028, -80.5429000854, 91.1561965942, 259.402893066, 76.7582931519, 26.5132904053, 34.9385604858, 42.120677948, 22.296049118, 2.4918692112, 6.81556797028, 17.6349449158, 15.0238418579], [-79.1154174805, -94.5811538696, 49.623840332, 76.7582931519, 176.419052124, 103.647628784, 46.0545501709, 18.2103729248, 20.2846240997, 18.7081699371, 16.0423812866, 5.69362306595, 1.56805956364], [88.9414367676, -84.6035461426, 32.2867660522, 26.5132904053, 103.647628784, 179.062774658, 89.5804748535, 38.2381248474, 24.4535713196, 30.5659122467, 28.2907543182, 8.69271278381, 2.83633136749], [110.076263428, -60.4176979065, 33.0104484558, 34.9385604858, 46.0545501709, 89.5804748535, 140.250228882, 80.281578064, 30.4370479584, 24.8316078186, 26.2932281494, 17.2788639069, 12.8944921494], [125.832168579, -76.5938720703, 34.2672271729, 42.120677948, 18.2103729248, 38.2381248474, 80.281578064, 133.528396606, 68.4863815308, 29.1677494049, 23.7780990601, 22.6312198639, 20.4385662079], [61.0580558777, -53.0558624268, 11.9826803207, 22.296049118, 20.2846240997, 24.4535713196, 30.4370479584, 68.4863815308, 100.532119751, 55.9102592468, 21.4503192902, 8.70576763153, 13.0027809143], [105.620140076, -22.7064723969, -7.7794380188, 2.4918692112, 18.7081699371, 30.5659122467, 24.8316078186, 29.1677494049, 55.9102592468, 99.680229187, 47.246307373, 9.00614070892, 11.320681572], [80.1530227661, -17.95154953, -6.78899002075, 6.81556797028, 16.0423812866, 28.2907543182, 26.2932281494, 23.7780990601, 21.4503192902, 47.246307373, 86.9220275879, 48.8784637451, 14.7627296448], [52.0099334717, -10.1373634338, -9.79665851593, 17.6349449158, 5.69362306595, 8.69271278381, 17.2788639069, 22.6312198639, 8.70576763153, 9.00614070892, 48.8784637451, 91.8594741821, 43.5853881836], [36.4743270874, -12.6676797867, -7.03356981277, 15.0238418579, 1.56805956364, 2.83633136749, 12.8944921494, 20.4385662079, 13.0027809143, 11.320681572, 14.7627296448, 43.5853881836, 73.8247299194]],
