{
"lowlevel": {
    "average_loudness": 0.796453654766,
    "barkbands_crest": {
        "dmean": 3.17383003235,
        "dmean2": 5.12973928452,
        "dvar": 8.99855613708,
        "dvar2": 23.2242088318,
        "max": 26.210067749,
        "mean": 12.9273834229,
        "median": 12.3774547577,
        "min": 2.60074710846,
        "var": 30.2066020966
    },
    "barkbands_flatness_db": {
        "dmean": 0.0235401522368,
        "dmean2": 0.0363627895713,
        "dvar": 0.000551618053578,
        "dvar2": 0.00127413263544,
        "max": 0.495157569647,
        "mean": 0.127439692616,
        "median": 0.113622553647,
        "min": 0.0189941581339,
        "var": 0.00380173046142
    },
    "barkbands_kurtosis": {
        "dmean": 3.51750421524,
        "dmean2": 5.54938697815,
        "dvar": 57.6360321045,
        "dvar2": 131.287353516,
        "max": 196.89289856,
        "mean": 5.67316102982,
        "median": 2.71377658844,
        "min": -1.90348601341,
        "var": 137.044113159
    },
    "barkbands_skewness": {
        "dmean": 0.604161143303,
        "dmean2": 0.952288866043,
        "dvar": 0.410962283611,
        "dvar2": 0.971881151199,
        "max": 13.0349760056,
        "mean": 1.63925600052,
        "median": 1.53356432915,
        "min": -3.03738689423,
        "var": 2.65441846848
    },
    "barkbands_spread": {
        "dmean": 5.46203613281,
        "dmean2": 8.87029933929,
        "dvar": 34.8387718201,
        "dvar2": 90.3463439941,
        "max": 114.724189758,
        "mean": 23.1496582031,
        "median": 22.7662467957,
        "min": 0.262219786644,
        "var": 158.094009399
    },
    "dissonance": {
        "dmean": 0.0171294659376,
        "dmean2": 0.0294309668243,
        "dvar": 0.000388720596675,
        "dvar2": 0.00111992075108,
        "max": 0.5,
        "mean": 0.473252058029,
        "median": 0.481172382832,
        "min": 0.274044185877,
        "var": 0.000683440885041
    },
    "dynamic_complexity": 4.86047506332,
    "erbbands_crest": {
        "dmean": 2.22421097755,
        "dmean2": 3.61373448372,
        "dvar": 5.01559734344,
        "dvar2": 11.788022995,
        "max": 32.9017753601,
        "mean": 8.25055885315,
        "median": 6.78081703186,
        "min": 2.17335224152,
        "var": 22.1273136139
    },
    "erbbands_flatness_db": {
        "dmean": 0.0144418980926,
        "dmean2": 0.0217180345207,
        "dvar": 0.000296165060718,
        "dvar2": 0.000610758259427,
        "max": 0.431095451117,
        "mean": 0.138634890318,
        "median": 0.105907797813,
        "min": 0.0281690731645,
        "var": 0.00610720226541
    },
    "erbbands_kurtosis": {
        "dmean": 0.964730501175,
        "dmean2": 1.54599153996,
        "dvar": 4.46050596237,
        "dvar2": 10.0574607849,
        "max": 64.0294723511,
        "mean": 0.934879899025,
        "median": -0.075945854187,
        "min": -1.63394010067,
        "var": 12.1456670761
    },
    "erbbands_skewness": {
        "dmean": 0.303165227175,
        "dmean2": 0.475744724274,
        "dvar": 0.11673860997,
        "dvar2": 0.265260517597,
        "max": 7.0504155159,
        "mean": 0.216513171792,
        "median": 0.16118684411,
        "min": -5.0000038147,
        "var": 0.514964699745
    },
    "erbbands_spread": {
        "dmean": 6.30483579636,
        "dmean2": 9.83161067963,
        "dvar": 43.3095741272,
        "dvar2": 105.37424469,
        "max": 108.451965332,
        "mean": 36.8373641968,
        "median": 37.357925415,
        "min": 1.30516719818,
        "var": 350.538269043
    },
    "hfc": {
        "dmean": 6.25410795212,
        "dmean2": 10.0227336884,
        "dvar": 73.9079360962,
        "dvar2": 183.805450439,
        "max": 139.214065552,
        "mean": 29.7415885925,
        "median": 29.3812675476,
        "min": 1.06273729881e-16,
        "var": 532.261779785
    },
    "melbands_crest": {
        "dmean": 4.08523607254,
        "dmean2": 6.68034696579,
        "dvar": 15.7114591599,
        "dvar2": 39.6439857483,
        "max": 36.3753433228,
        "mean": 18.6950683594,
        "median": 17.8035202026,
        "min": 1.00167655945,
        "var": 63.0194168091
    },
    "melbands_flatness_db": {
        "dmean": 0.0286030508578,
        "dmean2": 0.0450634732842,
        "dvar": 0.00084005529061,
        "dvar2": 0.00198611221276,
        "max": 0.641485214233,
        "mean": 0.204543977976,
        "median": 0.199683710933,
        "min": 1.68258992517e-07,
        "var": 0.00518558034673
    },
    "melbands_kurtosis": {
        "dmean": 9.06162929535,
        "dmean2": 14.3628616333,
        "dvar": 251.927047729,
        "dvar2": 607.997741699,
        "max": 350.578887939,
        "mean": 17.586769104,
        "median": 8.78971767426,
        "min": -1.90596294403,
        "var": 699.094177246
    },
    "melbands_skewness": {
        "dmean": 0.854390263557,
        "dmean2": 1.35317564011,
        "dvar": 0.822482347488,
        "dvar2": 2.03184270859,
        "max": 14.8659000397,
        "mean": 2.89309215546,
        "median": 2.58869934082,
        "min": -2.39349770546,
        "var": 5.27453279495
    },
    "melbands_spread": {
        "dmean": 6.45785951614,
        "dmean2": 10.6091089249,
        "dvar": 50.7551879883,
        "dvar2": 131.821533203,
        "max": 156.729934692,
        "mean": 23.4317989349,
        "median": 17.9812431335,
        "min": 0.378692686558,
        "var": 440.183410645
    },
    "pitch_salience": {
        "dmean": 0.0931600034237,
        "dmean2": 0.153630137444,
        "dvar": 0.00847194809467,
        "dvar2": 0.0230453424156,
        "max": 0.997631490231,
        "mean": 0.469978690147,
        "median": 0.474589169025,
        "min": 0.0454549789429,
        "var": 0.0231487154961
    },
    "silence_rate_20dB": {
        "dmean": 0,
        "dmean2": 0,
        "dvar": 0,
        "dvar2": 0,
        "max": 1,
        "mean": 1,
        "median": 1,
        "min": 1,
        "var": 0
    },
    "silence_rate_30dB": {
        "dmean": 0.109342999756,
        "dmean2": 0.218720450997,
        "dvar": 0.0973911061883,
        "dvar2": 0.203349307179,
        "max": 1,
        "mean": 0.83396345377,
        "median": 1,
        "min": 0,
        "var": 0.138470187783
    },
    "silence_rate_60dB": {
        "dmean": 0.00945328455418,
        "dmean2": 0.0189095493406,
        "dvar": 0.00936239957809,
        "dvar2": 0.0229590218514,
        "max": 1,
        "mean": 0.123345933855,
        "median": 0,
        "min": 0,
        "var": 0.108132705092
    },
    "spectral_centroid": {
        "dmean": 223.662643433,
        "dmean2": 359.533447266,
        "dvar": 67938.28125,
        "dvar2": 163922.5,
        "max": 11839.2978516,
        "mean": 1661.08789062,
        "median": 1506.51318359,
        "min": 119.528625488,
        "var": 1875732.75
    },
    "spectral_complexity": {
        "dmean": 3.50055146217,
        "dmean2": 5.68042850494,
        "dvar": 13.4394817352,
        "dvar2": 32.2443618774,
        "max": 64,
        "mean": 23.9031200409,
        "median": 26,
        "min": 0,
        "var": 206.561264038
    },
    "spectral_decrease": {
        "dmean": 3.81194498189e-09,
        "dmean2": 5.99854210748e-09,
        "dvar": 2.4627100784e-17,
        "dvar2": 6.22097657108e-17,
        "max": 2.51571926758e-28,
        "mean": -1.34632314186e-08,
        "median": -1.17809255684e-08,
        "min": -5.21103977746e-08,
        "var": 1.31333768726e-16
    },
    "spectral_energy": {
        "dmean": 0.0146034974605,
        "dmean2": 0.0230007953942,
        "dvar": 0.000356535456376,
        "dvar2": 0.000900540384464,
        "max": 0.199223518372,
        "mean": 0.0535109788179,
        "median": 0.0480746515095,
        "min": 9.98064656438e-21,
        "var": 0.00199755840003
    },
    "spectral_energyband_high": {
        "dmean": 0.000419573887484,
        "dmean2": 0.000679237418808,
        "dvar": 4.47085653832e-07,
        "dvar2": 1.13746011721e-06,
        "max": 0.0123279187828,
        "mean": 0.00152555573732,
        "median": 0.00125852681231,
        "min": 7.10354518065e-21,
        "var": 2.39960309045e-06
    },
    "spectral_energyband_low": {
        "dmean": 0.0138456402346,
        "dmean2": 0.0215013232082,
        "dvar": 0.000366603257135,
        "dvar2": 0.000908694870304,
        "max": 0.189036846161,
        "mean": 0.0348966047168,
        "median": 0.0203030519187,
        "min": 1.40190175406e-23,
        "var": 0.00145098171197
    },
    "spectral_energyband_middle_high": {
        "dmean": 0.0020571493078,
        "dmean2": 0.00326813361607,
        "dvar": 7.45512625144e-06,
        "dvar2": 1.78468580998e-05,
        "max": 0.041293989867,
        "mean": 0.00732439383864,
        "median": 0.00625329837203,
        "min": 1.12698340043e-21,
        "var": 3.70033085346e-05
    },
    "spectral_energyband_middle_low": {
        "dmean": 0.00508931418881,
        "dmean2": 0.00864645373076,
        "dvar": 7.01432945789e-05,
        "dvar2": 0.00019567241543,
        "max": 0.0899637937546,
        "mean": 0.0108659071848,
        "median": 0.0087777459994,
        "min": 1.49171640802e-22,
        "var": 0.000107436040707
    },
    "spectral_entropy": {
        "dmean": 0.127725183964,
        "dmean2": 0.198014780879,
        "dvar": 0.0255620852113,
        "dvar2": 0.0564593747258,
        "max": 9.81833744049,
        "mean": 7.79365491867,
        "median": 7.9811000824,
        "min": 5.36944293976,
        "var": 0.34957242012
    },
    "spectral_flux": {
        "dmean": 0.0280748419464,
        "dmean2": 0.0434310957789,
        "dvar": 0.00105045863893,
        "dvar2": 0.00217917375267,
        "max": 0.357074350119,
        "mean": 0.101116850972,
        "median": 0.0943367183208,
        "min": 6.29001989383e-11,
        "var": 0.00470610195771
    },
    "spectral_kurtosis": {
        "dmean": 1.95092785358,
        "dmean2": 3.23868513107,
        "dvar": 19.3715057373,
        "dvar2": 47.4751548767,
        "max": 128.195510864,
        "mean": 5.51226949692,
        "median": 3.1929090023,
        "min": -1.26639509201,
        "var": 42.1500587463
    },
    "spectral_rms": {
        "dmean": 0.000892571522854,
        "dmean2": 0.0014124403242,
        "dvar": 1.05411038476e-06,
        "dvar2": 2.68130497716e-06,
        "max": 0.013941463083,
        "mean": 0.00628432678059,
        "median": 0.00684851035476,
        "min": 3.12045137993e-12,
        "var": 1.27130770124e-05
    },
    "spectral_rolloff": {
        "dmean": 384.49307251,
        "dmean2": 654.029296875,
        "dvar": 424257.3125,
        "dvar2": 1069888.25,
        "max": 19681.3476562,
        "mean": 1489.99145508,
        "median": 990.52734375,
        "min": 43.06640625,
        "var": 7145674.5
    },
    "spectral_skewness": {
        "dmean": 0.203787833452,
        "dmean2": 0.338228791952,
        "dvar": 0.101932242513,
        "dvar2": 0.252663224936,
        "max": 9.13547039032,
        "mean": 1.68296098709,
        "median": 1.47734713554,
        "min": -0.0880562141538,
        "var": 0.460978776217
    },
    "spectral_spread": {
        "dmean": 463588.34375,
        "dmean2": 714942.0625,
        "dvar": 674522595328,
        "dvar2": 1.38317319373e+12,
        "max": 42191416,
        "mean": 5665165,
        "median": 5583504,
        "min": 658406.4375,
        "var": 2.5547629396e+13
    },
    "spectral_strongpeak": {
        "dmean": 0.351176291704,
        "dmean2": 0.602933108807,
        "dvar": 0.610694766045,
        "dvar2": 1.60593211651,
        "max": 10.8227539062,
        "mean": 0.72905677557,
        "median": 0.490337491035,
        "min": 0,
        "var": 0.826103210449
    },
    "zerocrossingrate": {
        "dmean": 0.0094436686486,
        "dmean2": 0.0120686870068,
        "dvar": 0.000132475281134,
        "dvar2": 0.000162923257449,
        "max": 0.85400390625,
        "mean": 0.066558085382,
        "median": 0.0537109375,
        "min": 0.00244140625,
        "var": 0.00582646764815
    },
    "barkbands": {
        "dmean": [0.00106794526801, 0.01314515993, 0.00334189785644, 0.00200283434242, 0.00204725260846, 0.000932851689868, 0.00106936215889, 0.00070580636384, 0.000865433015861, 0.000488394522108, 0.000620602688286, 0.000650937203318, 0.000342378218193, 0.000536741805263, 0.000416279217461, 0.000296698330203, 0.000226333198952, 0.000167713602423, 0.000146616483107, 0.00013859050523, 0.000138525661896, 9.48960223468e-05, 8.06619063951e-05, 7.49914906919e-05, 7.54727007006e-05, 4.19964635512e-05, 1.45641461131e-05],
        "dmean2": [0.00142995663919, 0.0200370941311, 0.00598755199462, 0.00361382961273, 0.00344187975861, 0.00160083232913, 0.00179312122054, 0.00112407770939, 0.00137421127874, 0.000791261903942, 0.00100248365197, 0.00104800018016, 0.00057131057838, 0.000850663869642, 0.000676308525726, 0.000480205664644, 0.000379693577997, 0.000271751458058, 0.000243565431447, 0.00022970228747, 0.000231218829867, 0.000158330076374, 0.00013316120021, 0.000125139791635, 0.000122674930026, 6.71198795317e-05, 2.31107987929e-05],
        "dvar": [3.5593739085e-06, 0.000344894739101, 6.98514704709e-05, 1.96043329197e-05, 1.6010055333e-05, 2.38695724875e-06, 2.96083362628e-06, 1.65637527516e-06, 1.78570735443e-06, 5.9512427697e-07, 1.00216459487e-06, 2.15122099689e-06, 3.98987452854e-07, 9.74404315457e-07, 7.97531413355e-07, 3.46979874166e-07, 2.18310518108e-07, 8.86012401224e-08, 5.83763402062e-08, 5.16214448965e-08, 4.82540976066e-08, 1.91721500897e-08, 1.46249972133e-08, 1.96141911601e-08, 2.49229614724e-08, 6.11008266205e-09, 5.68385005728e-10],
        "dvar2": [5.86851547268e-06, 0.000829926517326, 0.000197940884391, 5.70033371332e-05, 4.15686881752e-05, 6.61433796267e-06, 7.88617580838e-06, 3.46145930052e-06, 3.9738652049e-06, 1.35627112741e-06, 2.24579503083e-06, 5.32464491698e-06, 9.49425270846e-07, 2.19229332288e-06, 1.8171145939e-06, 8.22236586373e-07, 5.63285368571e-07, 2.11922724702e-07, 1.51102000245e-07, 1.31447634999e-07, 1.25078187807e-07, 5.05847737031e-08, 3.75573776523e-08, 5.29229637891e-08, 6.38640429429e-08, 1.56161217291e-08, 1.39205591498e-09],
        "max": [0.0249674133956, 0.171872988343, 0.0880424752831, 0.0378847084939, 0.0454639457166, 0.0239149406552, 0.0234214439988, 0.0341425389051, 0.0289064645767, 0.0169255118817, 0.0202338118106, 0.029128856957, 0.0219480246305, 0.0177984107286, 0.0232855472714, 0.011915194802, 0.0136931259185, 0.00710217421874, 0.00380297214724, 0.00412303349003, 0.00421245209873, 0.00220905966125, 0.00205719540827, 0.00354547565803, 0.0042338478379, 0.00132028060034, 0.000318522274029],
        "mean": [0.00235710549168, 0.0285348985344, 0.00299630081281, 0.00195264816284, 0.00262055639178, 0.00130984780844, 0.0017782303039, 0.00133439991623, 0.0016916784225, 0.000817873456981, 0.00104579294566, 0.00121748121455, 0.000627399189398, 0.00103038665839, 0.000798122258857, 0.000558508152608, 0.000431688938988, 0.000365990505088, 0.000321646046359, 0.000339541002177, 0.000337418779964, 0.000268663134193, 0.000227014752454, 0.000201273272978, 0.000193427462364, 0.000119636919408, 3.34649957949e-05],
        "median": [0.000506563228555, 0.0130932917818, 0.000726686324924, 0.000542208901607, 0.000965834129602, 0.000675450195558, 0.000853099045344, 0.000592170516029, 0.000917451165151, 0.000455538916867, 0.000527880038135, 0.000556945800781, 0.000381126999855, 0.000517154519912, 0.000353991199518, 0.000296738900943, 0.00024184070935, 0.000233337064856, 0.000217501888983, 0.000233985352679, 0.000246374576818, 0.000208121782634, 0.000179204158485, 0.000159245915711, 0.000130653919769, 7.98609326012e-05, 1.29332565848e-05],
        "min": [1.89161745324e-25, 2.14085292865e-24, 6.84751085862e-25, 1.33210553026e-25, 8.99963680682e-24, 1.09037190512e-23, 1.08060912033e-23, 6.89171290451e-24, 1.7079905138e-23, 9.70785009512e-24, 1.32639072604e-23, 2.22084287223e-23, 2.79306805784e-23, 4.05355860603e-23, 4.44819353139e-23, 5.79074643966e-23, 6.68020099425e-23, 8.88875404466e-23, 1.29692456242e-22, 1.90199084792e-22, 2.28009932664e-22, 3.24111290545e-22, 3.74499913395e-22, 4.99009578733e-22, 9.17418727046e-22, 1.27907386445e-21, 1.93009832801e-21],
        "var": [1.48468816406e-05, 0.00117176224012, 5.22607042512e-05, 1.51658841787e-05, 1.95576394617e-05, 3.22894265992e-06, 6.79325330566e-06, 5.64392348679e-06, 5.83091696171e-06, 1.30867238113e-06, 2.34650588027e-06, 5.13526811119e-06, 8.31644513255e-07, 2.62558228314e-06, 2.2756735234e-06, 7.70317740262e-07, 4.77589139791e-07, 2.34689451872e-07, 1.55291388637e-07, 1.66375784261e-07, 1.45105786942e-07, 8.49722709972e-08, 5.96496150251e-08, 5.09754869427e-08, 5.99818648084e-08, 1.94316278623e-08, 2.01310945691e-09]
    },
    "erbbands": {
        "dmean": [0.569262981415, 2.37272644043, 3.66445636749, 5.4602599144, 6.59389781952, 7.06563711166, 6.6227517128, 8.21929454803, 12.3848361969, 16.5040798187, 16.9600162506, 15.1847953796, 18.4350624084, 17.7129974365, 21.3275508881, 20.6928348541, 15.0157232285, 21.2916603088, 19.817232132, 21.5116138458, 16.6322574615, 13.6534128189, 8.98387050629, 7.84076881409, 7.21942615509, 5.99591732025, 6.3163485527, 4.87488365173, 3.74565458298, 2.85721302032, 2.23162388802, 1.69727623463, 1.21882760525, 0.924416720867, 0.557358920574, 0.219738423824, 0.0753141194582, 0.0215254630893, 0.00248568993993, 4.07719162467e-05],
        "dmean2": [0.794141411781, 3.88768339157, 6.2463927269, 9.87054347992, 11.1763048172, 11.8656692505, 11.7253704071, 14.0075206757, 20.7299461365, 27.0872592926, 26.9445610046, 24.6402835846, 29.365190506, 28.4982395172, 34.7529602051, 33.8068161011, 24.3134460449, 34.4252891541, 31.5108795166, 34.0227355957, 27.1469993591, 22.6886234283, 14.6040725708, 12.9043626785, 11.8719749451, 10.0886001587, 10.6745500565, 8.03878879547, 6.29354906082, 4.74843549728, 3.67660427094, 2.82617712021, 2.0403072834, 1.51934123039, 0.907157242298, 0.357984095812, 0.120870172977, 0.0336183719337, 0.00396702624857, 6.4368970925e-05],
        "dvar": [0.72172999382, 13.7076187134, 67.9050674438, 162.9112854, 184.327163696, 195.090835571, 172.827316284, 194.65385437, 505.916137695, 750.659545898, 759.767578125, 610.704833984, 777.352539062, 837.353942871, 1608.67382812, 1723.6895752, 856.068664551, 1334.58972168, 1573.45410156, 1920.40393066, 1366.47412109, 784.55847168, 302.894073486, 157.084182739, 158.900192261, 91.6742248535, 124.940490723, 56.2459526062, 32.4418869019, 16.7860374451, 12.1278190613, 8.37045764923, 4.74160575867, 2.66696381569, 2.70163273811, 0.173044517636, 0.0170695930719, 0.00134822761174, 1.64011162269e-05, 3.80380704712e-09],
        "dvar2": [1.37759590149, 35.3500518799, 184.677459717, 474.152923584, 496.576141357, 506.079498291, 493.647247314, 527.327941895, 1352.27770996, 1909.26647949, 1697.4486084, 1474.60876465, 1714.22583008, 1886.18896484, 4208.37011719, 4136.56201172, 1894.71569824, 3070.1015625, 3401.95898438, 4249.56738281, 3234.85522461, 1995.40307617, 724.642456055, 413.849121094, 411.35168457, 240.478256226, 330.738464355, 147.453231812, 85.650642395, 44.8239402771, 30.6233062744, 22.369720459, 12.7505712509, 6.86061143875, 6.7459821701, 0.449192911386, 0.0431150496006, 0.00332620041445, 4.10619031754e-05, 9.51580592101e-09],
        "max": [8.80759143829, 36.6678009033, 87.6329116821, 107.903533936, 220.196502686, 184.739852905, 159.333587646, 276.162780762, 319.996063232, 581.680847168, 617.281738281, 526.704650879, 547.652526855, 732.579467773, 890.243225098, 775.614013672, 1059.26831055, 901.203369141, 659.476867676, 962.774291992, 807.050415039, 625.839355469, 511.508880615, 199.665283203, 234.266494751, 179.384155273, 244.914154053, 118.133384705, 81.2604522705, 70.7830047607, 77.0465698242, 65.4314956665, 48.4523849487, 28.5656890869, 54.8945579529, 6.10801315308, 2.08604502678, 0.704965889454, 0.0565890111029, 0.000895021483302],
        "mean": [1.25666987896, 4.60348415375, 4.19172239304, 5.43628883362, 8.01304912567, 8.57804298401, 7.86856794357, 11.8993005753, 19.4400119781, 30.5564727783, 34.1486930847, 28.777217865, 35.796836853, 33.1484260559, 40.6788597107, 41.0398178101, 32.0363464355, 42.5882568359, 40.2463607788, 45.2462654114, 31.7926197052, 27.1741352081, 20.2296504974, 18.0398025513, 17.2350120544, 14.9446897507, 13.9546232224, 12.2890844345, 9.98802089691, 8.16909408569, 6.16436624527, 4.56840896606, 3.15821504593, 2.31006503105, 1.29123497009, 0.570606768131, 0.206634745002, 0.0596065185964, 0.00534141762182, 0.000143432363984],
        "median": [0.443434715271, 2.15291571617, 1.59920048714, 1.84183192253, 2.94778227806, 3.06083869934, 3.58235239983, 6.0432767868, 10.2188463211, 15.2062854767, 17.222869873, 17.0377731323, 20.2914428711, 20.9067115784, 23.5419387817, 21.1205177307, 19.6673908234, 25.1745643616, 22.0372447968, 21.7304992676, 17.8741188049, 15.4443616867, 13.284526825, 12.8909549713, 11.4392490387, 10.8228387833, 10.1365127563, 9.08344841003, 7.53446149826, 6.27400112152, 4.86001968384, 3.55591821671, 2.42910671234, 1.61138749123, 0.835283577442, 0.384298622608, 0.134409040213, 0.0328809916973, 0.00188274984248, 0.000110060398583],
        "min": [8.90408571413e-23, 6.57900604354e-22, 9.25799080432e-22, 3.16419343885e-21, 1.33037162361e-20, 2.95807574179e-20, 3.02607774296e-20, 7.42522037279e-20, 1.04487574434e-19, 1.59231233941e-19, 3.03101000123e-19, 3.4206821216e-19, 3.76719195761e-19, 4.7677222262e-19, 7.09703698175e-19, 1.27386579475e-18, 1.35943463059e-18, 1.75699738192e-18, 2.53040029452e-18, 3.29801294282e-18, 3.45987750624e-18, 4.19778320362e-18, 4.62965006553e-18, 6.42369107682e-18, 6.37522739191e-18, 8.72854630846e-18, 8.82968154605e-18, 1.02087951136e-17, 1.08314892341e-17, 1.06341346933e-17, 9.7674479347e-18, 1.08853337289e-17, 7.70362568893e-18, 8.21499287952e-18, 6.34409520879e-18, 4.38533813571e-18, 2.24707232315e-18, 9.95638219046e-19, 2.53095398854e-19, 2.71417895324e-20],
        "var": [2.83686733246, 33.6114807129, 65.5594100952, 118.759216309, 205.87562561, 223.507263184, 164.782653809, 289.211273193, 828.906982422, 2241.64770508, 2806.57958984, 1530.08996582, 2283.23461914, 1933.61755371, 3153.86987305, 5251.41162109, 2425.83154297, 3614.55078125, 4103.22851562, 6093.08056641, 2671.34814453, 1831.42932129, 731.374206543, 427.282043457, 468.311126709, 291.81362915, 273.462493896, 190.975952148, 120.275238037, 79.4247283936, 45.4369087219, 25.3671188354, 12.4231977463, 7.68962907791, 4.12003707886, 0.454823613167, 0.0582558214664, 0.00527335098013, 5.33282036486e-05, 2.0455681593e-08]
    },
    "gfcc": {
        "mean": [-26.0848865509, 76.6242980957, -108.569831848, 20.1911869049, -45.6583747864, 22.5394382477, -24.604516983, 14.7842969894, -15.0783891678, 10.7423734665, -14.1204118729, 4.03294372559, -9.50978183746],
        "cov": [[59370.9648438, -1237.40539551, -590.360778809, 2330.41064453, -1235.6673584, 1480.80480957, -925.411865234, 1033.43994141, -728.245361328, 880.353027344, -460.523406982, 470.949584961, -664.989074707], [-1237.40539551, 1429.4942627, -869.599914551, -399.86340332, -72.6408081055, -119.06829071, 125.61832428, -68.3051605225, 95.1591339111, -142.23197937, 21.5023441315, -174.096130371, 53.3740005493], [-590.360778809, -869.599914551, 1396.41625977, 461.480133057, 327.324798584, 204.135116577, 0.570439398289, 85.7179412842, -4.55681562424, 99.5575866699, 62.2611465454, 166.15272522, -9.32672405243], [2330.41064453, -399.86340332, 461.480133057, 621.349365234, 164.829193115, 171.95513916, -76.7740631104, 64.2539520264, -3.82391929626, 101.467453003, -12.485247612, 107.606201172, -17.5581531525], [-1235.6673584, -72.6408081055, 327.324798584, 164.829193115, 343.455505371, 142.140060425, 78.1842956543, 4.80217885971, 70.0948562622, 31.2116928101, 44.3594360352, 18.5884799957, 29.9241981506], [1480.80480957, -119.06829071, 204.135116577, 171.95513916, 142.140060425, 279.887451172, 48.9370880127, 66.0002059937, 4.38359069824, 62.2289581299, 10.349322319, 18.6605300903, -3.86293387413], [-925.411865234, 125.61832428, 0.570439398289, -76.7740631104, 78.1842956543, 48.9370880127, 180.590805054, 21.7596321106, 55.7741889954, -9.16843795776, 27.0385017395, -22.4397029877, 22.9703845978], [1033.43994141, -68.3051605225, 85.7179412842, 64.2539520264, 4.80217885971, 66.0002059937, 21.7596321106, 141.606643677, 48.2808799744, 34.6164512634, 14.9353322983, 30.1979408264, 5.00797224045], [-728.245361328, 95.1591339111, -4.55681562424, -3.82391929626, 70.0948562622, 4.38359069824, 55.7741889954, 48.2808799744, 133.10484314, 37.4898910522, 34.5099563599, -11.2377386093, 26.2133903503], [880.353027344, -142.23197937, 99.5575866699, 101.467453003, 31.2116928101, 62.2289581299, -9.16843795776, 34.6164512634, 37.4898910522, 122.328666687, 25.0332603455, 39.432434082, -8.75664806366], [-460.523406982, 21.5023441315, 62.2611465454, -12.485247612, 44.3594360352, 10.349322319, 27.0385017395, 14.9353322983, 34.5099563599, 25.0332603455, 90.9365539551, 31.3558692932, 19.7933826447], [470.949584961, -174.096130371, 166.15272522, 107.606201172, 18.5884799957, 18.6605300903, -22.4397029877, 30.1979408264, -11.2377386093, 39.432434082, 31.3558692932, 120.996070862, 20.0627861023], [-664.989074707, 53.3740005493, -9.32672405243, -17.5581531525, 29.9241981506, -3.86293387413, 22.9703845978, 5.00797224045, 26.2133903503, -8.75664806366, 19.7933826447, 20.0627861023, 68.2979736328]],
        "icov": [[5.09911769768e-05, -5.23786548001e-05, 7.84717994975e-05, -0.000154541470692, 0.000183919197298, -0.00022849648667, 9.01928578969e-05, -0.000324198044837, 0.000291805452434, -0.000253695849096, 9.34897980187e-05, -9.80017721304e-05, 0.000265500391833], [-5.23786548001e-05, 0.0016361111775, 0.000803192495368, 0.000137724375236, -0.000311187148327, 1.03747902358e-06, -0.000458710826933, 0.00070078560384, -0.00130922079552, 0.00167414708994, -0.00113427569158, 0.000847700168379, -0.000607359863352], [7.84717994975e-05, 0.000803192495368, 0.00192432885524, -0.000673419097438, -0.00101507815998, -0.000279800471617, -0.000126526647364, -0.000961477635428, 0.000710877473466, 0.000283833942376, -0.000777607318014, -0.000765520089772, 0.000981783494353], [-0.000154541470692, 0.000137724375236, -0.000673419097438, 0.00380970258266, -0.00175952771679, -0.000345845677657, 0.00144516595174, 0.000518928281963, -0.0012275549816, -0.000176013694727, 0.00165302830283, -0.00168085389305, -3.43551546393e-05], [0.000183919197298, -0.000311187148327, -0.00101507815998, -0.00175952771679, 0.00784462690353, -0.00383166805841, -0.000979294651188, 0.00259844469838, -0.00329633080401, 0.000896899146028, -0.000999187468551, 8.19250417408e-05, -0.000426310900366], [-0.00022849648667, 1.03747902358e-06, -0.000279800471617, -0.000345845677657, -0.00383166805841, 0.00853259116411, -0.00239364709705, -0.00258937757462, 0.00379706034437, -0.00274797878228, -0.000198831461603, 0.00264348159544, -0.00172495725565], [9.01928578969e-05, -0.000458710826933, -0.000126526647364, 0.00144516595174, -0.000979294651188, -0.00239364709705, 0.00884741544724, -0.00115241727326, -0.00200847443193, 0.000874105142429, -0.00029208813794, -6.70414447086e-05, -1.92491952475e-05], [-0.000324198044837, 0.00070078560384, -0.000961477635428, 0.000518928281963, 0.00259844469838, -0.00258937757462, -0.00115241727326, 0.0142494114116, -0.0092151099816, 0.00370637513697, -0.000569129944779, -0.00243236520328, -0.000752823485527], [0.000291805452434, -0.00130922079552, 0.000710877473466, -0.0012275549816, -0.00329633080401, 0.00379706034437, -0.00200847443193, -0.0092151099816, 0.0198695454746, -0.00935124605894, -0.00150306406431, 0.00474521936849, -0.00312733557075], [-0.000253695849096, 0.00167414708994, 0.000283833942376, -0.000176013694727, 0.000896899146028, -0.00274797878228, 0.000874105142429, 0.00370637513697, -0.00935124605894, 0.0168742742389, -0.00348270777613, -0.00324608827941, 0.00281636090949], [9.34897980187e-05, -0.00113427569158, -0.000777607318014, 0.00165302830283, -0.000999187468551, -0.000198831461603, -0.00029208813794, -0.000569129944779, -0.00150306406431, -0.00348270777613, 0.0166667066514, -0.00537725631148, -0.000438237126218], [-9.80017721304e-05, 0.000847700168379, -0.000765520089772, -0.00168085389305, 8.19250417408e-05, 0.00264348159544, -6.70414447086e-05, -0.00243236520328, 0.00474521936849, -0.00324608827941, -0.00537725631148, 0.0167098455131, -0.00742645189166], [0.000265500391833, -0.000607359863352, 0.000981783494353, -3.43551546393e-05, -0.000426310900366, -0.00172495725565, -1.92491952475e-05, -0.000752823485527, -0.00312733557075, 0.00281636090949, -0.000438237126218, -0.00742645189166, 0.0218475162983]]
    },
    "melbands": {
        "dmean": [0.0042293719016, 0.00200644414872, 0.000937407254241, 0.000512446567882, 0.000229897137615, 0.000184099160833, 0.000195160857402, 0.000174619301106, 0.00014672249381, 0.000104173792352, 9.50428293436e-05, 7.22711047274e-05, 8.18346816231e-05, 6.89063817845e-05, 5.84545523452e-05, 3.83684018743e-05, 4.00014978368e-05, 3.72422036889e-05, 4.00050885219e-05, 2.0572444555e-05, 2.05729775189e-05, 1.63450313266e-05, 9.72162797552e-06, 8.6951031335e-06, 6.84833730702e-06, 5.96428208155e-06, 6.10508232057e-06, 4.04271895604e-06, 4.80431936012e-06, 3.18440561387e-06, 2.90292859972e-06, 2.39246196543e-06, 2.06831987271e-06, 1.74895353666e-06, 1.50688197209e-06, 1.19602827908e-06, 1.14848751309e-06, 9.74162276179e-07, 8.17778470719e-07, 8.84340806806e-07],
        "dmean2": [0.00611970294267, 0.00329568423331, 0.00166962377261, 0.00085260119522, 0.000403825310059, 0.000313426775392, 0.000328376539983, 0.000281741202343, 0.000235641899053, 0.000167182108271, 0.000150871725054, 0.000116155184514, 0.000132516404847, 0.000111365014163, 9.48844171944e-05, 6.2251361669e-05, 6.47270062473e-05, 5.88671391597e-05, 6.49260473438e-05, 3.27008892782e-05, 3.36060547852e-05, 2.71497410722e-05, 1.62973465194e-05, 1.40958036354e-05, 1.13826263259e-05, 9.96772996587e-06, 1.01215100585e-05, 6.85007216816e-06, 8.20083005237e-06, 5.34694163434e-06, 4.80925064039e-06, 4.06145500165e-06, 3.44415434483e-06, 2.93402808893e-06, 2.49777781391e-06, 1.98647330762e-06, 1.91203730537e-06, 1.63554022947e-06, 1.37537119826e-06, 1.45744456859e-06],
        "dvar": [3.59505465894e-05, 1.26429958982e-05, 4.51301502835e-06, 1.00340821518e-06, 2.10572579817e-07, 9.57183772243e-08, 1.10038499201e-07, 7.98252344225e-08, 5.57916379762e-08, 2.70853366402e-08, 2.06462100749e-08, 1.2998793153e-08, 1.84738198072e-08, 3.22622604187e-08, 1.96317255785e-08, 4.11896072805e-09, 4.36154667938e-09, 7.2285439856e-09, 8.94384299954e-09, 1.57966650871e-09, 2.18706142086e-09, 1.11515996437e-09, 8.02101773889e-10, 2.73254668892e-10, 1.25211674362e-10, 1.10106632145e-10, 1.3093891249e-10, 4.18380954881e-11, 8.16577708229e-11, 2.28438361977e-11, 2.21247915821e-11, 1.41538343545e-11, 9.68649899874e-12, 6.87472821725e-12, 6.42368580203e-12, 3.00702843702e-12, 5.14522322317e-12, 3.8794783358e-12, 1.79655585113e-12, 2.73596379927e-12],
        "dvar2": [7.94224906713e-05, 3.31345290761e-05, 1.29496092995e-05, 2.57916008195e-06, 5.9387713236e-07, 2.61506016841e-07, 2.95684174034e-07, 1.93102309254e-07, 1.29677474092e-07, 6.18541875497e-08, 4.5050409625e-08, 2.95428055352e-08, 4.44568115654e-08, 8.35532532051e-08, 4.1174949672e-08, 9.4028100861e-09, 1.02133563828e-08, 1.54518779993e-08, 2.0410919177e-08, 3.39295236351e-09, 5.17611020712e-09, 2.77978795538e-09, 2.12675010935e-09, 6.32768060171e-10, 3.32088134769e-10, 2.90658663804e-10, 3.29207994199e-10, 1.12423285958e-10, 2.14500348039e-10, 6.01217686746e-11, 5.74128244946e-11, 3.79081349644e-11, 2.57707709339e-11, 1.87420894776e-11, 1.60929325421e-11, 8.07802436054e-12, 1.39130720833e-11, 1.0596752642e-11, 4.77520540471e-12, 7.05177409521e-12],
        "max": [0.0603477843106, 0.0446129515767, 0.0176788419485, 0.0123845497146, 0.00556603865698, 0.00553047889844, 0.00427052145824, 0.00523928087205, 0.00424147304147, 0.00321364449337, 0.00278226099908, 0.00268681207672, 0.00208877958357, 0.00408300058916, 0.00374467857182, 0.00131724833045, 0.00163652107585, 0.00149222509935, 0.00252525764517, 0.000995333772153, 0.000998323201202, 0.000743927026633, 0.0013316256227, 0.000361174985301, 0.000175868932274, 0.000183960088179, 0.000233998260228, 0.000107173815195, 0.000211192949791, 8.3982013166e-05, 9.31432514335e-05, 7.19170566299e-05, 6.54800678603e-05, 3.89172855648e-05, 6.4708518039e-05, 2.42526002694e-05, 6.34076204733e-05, 5.39892935194e-05, 1.54747049237e-05, 3.2924934203e-05],
        "mean": [0.00929646193981, 0.00347795407288, 0.00100799067877, 0.000639728561509, 0.000282533350401, 0.000269194977591, 0.000318661797792, 0.000331342307618, 0.000282236607745, 0.000194311505766, 0.000181215655175, 0.000131090200739, 0.000146844482515, 0.000116441704449, 0.000108600725071, 7.10875974619e-05, 7.73390056565e-05, 6.55198455206e-05, 7.35938956495e-05, 4.12244990002e-05, 3.4601725929e-05, 2.94507008221e-05, 1.82073708856e-05, 1.80571660167e-05, 1.405261537e-05, 1.25652595671e-05, 1.29310556076e-05, 8.87480837264e-06, 9.36839296628e-06, 7.25617474018e-06, 6.75771434544e-06, 5.56472923563e-06, 5.22075970366e-06, 4.34042112829e-06, 3.68060113942e-06, 3.05087269226e-06, 2.70987493423e-06, 2.26162728723e-06, 1.9506173885e-06, 1.98399584406e-06],
        "median": [0.00397922983393, 0.00178603606764, 0.000370505906176, 0.000230787030887, 0.000134403439006, 0.000142856297316, 0.000168338359799, 0.000165130448295, 0.000135224428959, 0.000108128937427, 9.92570421658e-05, 8.06800671853e-05, 7.96310487203e-05, 5.68924042454e-05, 3.93721202272e-05, 4.09716740251e-05, 4.47815837106e-05, 2.96251309919e-05, 2.94303135888e-05, 2.13245511986e-05, 1.74475753738e-05, 1.52540069394e-05, 1.08965987238e-05, 1.10189594125e-05, 9.59732278716e-06, 8.12850885268e-06, 7.81920971349e-06, 5.97458529228e-06, 6.38850269752e-06, 5.27232805325e-06, 4.74286298413e-06, 4.09224867326e-06, 3.70991324417e-06, 3.23159747495e-06, 2.76058335658e-06, 2.3051811695e-06, 2.03046010938e-06, 1.68770031905e-06, 1.41968178013e-06, 1.27570024233e-06],
        "min": [1.16850928776e-24, 5.84292262684e-25, 7.22293617291e-25, 1.62559008739e-24, 1.0225545389e-24, 1.67235632565e-24, 1.77046084276e-24, 1.84042274707e-24, 2.28557419488e-24, 2.30268616563e-24, 1.14565253607e-24, 1.50596781136e-24, 2.0803522276e-24, 2.42472413096e-24, 2.25349240515e-24, 2.55085411502e-24, 2.93077268242e-24, 3.83683839942e-24, 3.88951616409e-24, 4.0179407473e-24, 3.53609070133e-24, 3.49096627983e-24, 3.0171290885e-24, 4.53025265713e-24, 4.4652836507e-24, 4.81111553838e-24, 4.49820242185e-24, 4.66648538559e-24, 4.76155101328e-24, 3.73524376445e-24, 4.96742753789e-24, 5.31473420104e-24, 4.53645941474e-24, 6.16243624118e-24, 5.10000074061e-24, 5.31537988369e-24, 5.4165580001e-24, 5.1374818888e-24, 5.34902519573e-24, 5.49980964687e-24],
        "var": [0.000134109519422, 2.19504545385e-05, 3.62448736269e-06, 1.21741857129e-06, 2.06761967547e-07, 1.39544596323e-07, 1.99502039777e-07, 2.57988375552e-07, 1.95584505036e-07, 7.51143076627e-08, 6.11618915514e-08, 3.00839637646e-08, 4.22835846337e-08, 4.94625496117e-08, 8.0163374605e-08, 1.02418340475e-08, 1.17856435722e-08, 1.71878546951e-08, 2.32766073083e-08, 4.51212756047e-09, 3.86185261547e-09, 2.66315103303e-09, 1.07694353435e-09, 6.87368439944e-10, 2.88226303935e-10, 2.6984092738e-10, 3.27992161209e-10, 1.12230461036e-10, 1.50411808009e-10, 6.84117276717e-11, 6.39138256209e-11, 4.01517569193e-11, 3.68920831384e-11, 2.37712228374e-11, 1.88004733309e-11, 1.08139096636e-11, 1.07515411504e-11, 7.46372408322e-12, 4.73926280165e-12, 6.73892495626e-12]
    },
    "mfcc": {
        "mean": [-650.744934082, 110.81628418, -1.37349498272, 10.0493879318, 2.96596860886, 10.2889328003, 5.9819149971, 7.14015865326, 7.24487733841, 8.22733211517, 4.97564315796, 4.52649784088, 2.48499655724],
        "cov": [[24997.8945312, 641.669311523, 1357.73583984, 1310.29064941, 793.561157227, 693.833679199, 267.182342529, 322.235168457, 179.280807495, 255.371383667, 206.264358521, 128.491744995, 352.153167725], [641.669311523, 1662.89221191, -557.007019043, -295.338500977, -261.53994751, -83.5061187744, 23.5460357666, 55.9118270874, 42.8222007751, 98.2870635986, 25.3379077911, 14.374458313, -93.1349029541], [1357.73583984, -557.007019043, 717.277770996, 290.607757568, 267.937561035, 145.096923828, 71.8288803101, 41.4287147522, 10.4131193161, -21.3433685303, 19.8564929962, 18.9176273346, 86.1534957886], [1310.29064941, -295.338500977, 290.607757568, 373.073577881, 229.539077759, 123.032287598, 13.7921323776, 34.0113258362, 20.4109859467, 8.95260620117, 19.1895103455, 15.439748764, 70.3865814209], [793.561157227, -261.53994751, 267.937561035, 229.539077759, 325.347320557, 180.59185791, 62.0363845825, 43.694770813, 29.7466030121, 19.6519165039, 36.676071167, 12.6074304581, 64.7736663818], [693.833679199, -83.5061187744, 145.096923828, 123.032287598, 180.59185791, 239.048660278, 109.798706055, 36.2625465393, 39.6219139099, 32.3085517883, 56.3614654541, 2.45873403549, 14.7814264297], [267.182342529, 23.5460357666, 71.8288803101, 13.7921323776, 62.0363845825, 109.798706055, 136.909683228, 56.7252731323, 26.4881839752, 19.9561691284, 29.581413269, -1.23270559311, 0.796657800674], [322.235168457, 55.9118270874, 41.4287147522, 34.0113258362, 43.694770813, 36.2625465393, 56.7252731323, 110.836486816, 47.7090148926, 23.0004634857, 12.0751867294, 14.4741039276, 24.5148525238], [179.280807495, 42.8222007751, 10.4131193161, 20.4109859467, 29.7466030121, 39.6219139099, 26.4881839752, 47.7090148926, 96.606880188, 49.4966850281, 29.5496883392, 5.82211065292, 8.49930953979], [255.371383667, 98.2870635986, -21.3433685303, 8.95260620117, 19.6519165039, 32.3085517883, 19.9561691284, 23.0004634857, 49.4966850281, 107.839859009, 53.8307800293, 6.85712814331, -5.70008897781], [206.264358521, 25.3379077911, 19.8564929962, 19.1895103455, 36.676071167, 56.3614654541, 29.581413269, 12.0751867294, 29.5496883392, 53.8307800293, 95.7745895386, 27.5630683899, 5.83437776566], [128.491744995, 14.374458313, 18.9176273346, 15.439748764, 12.6074304581, 2.45873403549, -1.23270559311, 14.4741039276, 5.82211065292, 6.85712814331, 27.5630683899, 73.8403015137, 38.5010185242], [352.153167725, -93.1349029541, 86.1534957886, 70.3865814209, 64.7736663818, 14.7814264297, 0.796657800674, 24.5148525238, 8.49930953979, -5.70008897781, 5.83437776566, 38.5010185242, 98.7031936646]],
