{
"lowlevel": {
    "average_loudness": 0.88681268692,
    "barkbands_crest": {
        "dmean": 3.51694726944,
        "dmean2": 5.70995807648,
        "dvar": 9.35442829132,
        "dvar2": 23.9326400757,
        "max": 26.7989406586,
        "mean": 11.5064191818,
        "median": 10.9553442001,
        "min": 2.06462717056,
        "var": 25.9969291687
    },
    "barkbands_flatness_db": {
        "dmean": 0.0276996456087,
        "dmean2": 0.0437924079597,
        "dvar": 0.000918594829272,
        "dvar2": 0.0020379810594,
        "max": 0.762403607368,
        "mean": 0.10695105046,
        "median": 0.0848810374737,
        "min": 0.0109198940918,
        "var": 0.005199147854
    },
    "barkbands_kurtosis": {
        "dmean": 5.74807739258,
        "dmean2": 9.22892856598,
        "dvar": 1211.71008301,
        "dvar2": 3571.04296875,
        "max": 1560.51806641,
        "mean": 5.94923448563,
        "median": 0.547305941582,
        "min": -1.91138041019,
        "var": 1577.48278809
    },
    "barkbands_skewness": {
        "dmean": 0.769894480705,
        "dmean2": 1.2096683979,
        "dvar": 1.30371212959,
        "dvar2": 3.19595551491,
        "max": 35.3471336365,
        "mean": 1.56774032116,
        "median": 1.26729643345,
        "min": -5.29483127594,
        "var": 3.47921466827
    },
    "barkbands_spread": {
        "dmean": 9.97912502289,
        "dmean2": 16.3157405853,
        "dvar": 106.802108765,
        "dvar2": 264.379333496,
        "max": 112.141014099,
        "mean": 40.0338020325,
        "median": 41.4256896973,
        "min": 0.126310929656,
        "var": 403.472473145
    },
    "dissonance": {
        "dmean": 0.0105766542256,
        "dmean2": 0.0180139616132,
        "dvar": 0.000186862846022,
        "dvar2": 0.000514022482093,
        "max": 0.500000059605,
        "mean": 0.483591914177,
        "median": 0.489109367132,
        "min": 0.181508764625,
        "var": 0.000392106507206
    },
    "dynamic_complexity": 2.06813645363,
    "erbbands_crest": {
        "dmean": 1.91280782223,
        "dmean2": 3.20415520668,
        "dvar": 4.93493938446,
        "dvar2": 12.3516950607,
        "max": 31.1561222076,
        "mean": 6.01901817322,
        "median": 4.92862510681,
        "min": 2.07815957069,
        "var": 11.8032388687
    },
    "erbbands_flatness_db": {
        "dmean": 0.0130965998396,
        "dmean2": 0.0203731711954,
        "dvar": 0.000206370401429,
        "dvar2": 0.000440364878159,
        "max": 0.481171607971,
        "mean": 0.114514783025,
        "median": 0.0948731973767,
        "min": 0.0423948131502,
        "var": 0.0037879133597
    },
    "erbbands_kurtosis": {
        "dmean": 0.864758312702,
        "dmean2": 1.40027070045,
        "dvar": 7.22490358353,
        "dvar2": 17.820690155,
        "max": 164.095550537,
        "mean": 0.198874115944,
        "median": -0.213046550751,
        "min": -1.95196008682,
        "var": 7.40042686462
    },
    "erbbands_skewness": {
        "dmean": 0.331772238016,
        "dmean2": 0.521783053875,
        "dvar": 0.156165584922,
        "dvar2": 0.346330344677,
        "max": 11.7549200058,
        "mean": -0.307688981295,
        "median": -0.408061861992,
        "min": -3.04792618752,
        "var": 0.512857198715
    },
    "erbbands_spread": {
        "dmean": 10.4445714951,
        "dmean2": 16.6952419281,
        "dvar": 140.010818481,
        "dvar2": 336.609863281,
        "max": 201.800613403,
        "mean": 49.1689987183,
        "median": 47.1489639282,
        "min": 2.4208304882,
        "var": 453.577728271
    },
    "hfc": {
        "dmean": 11.9731483459,
        "dmean2": 19.3571205139,
        "dvar": 286.443389893,
        "dvar2": 702.92401123,
        "max": 211.581390381,
        "mean": 45.1611061096,
        "median": 43.0122642517,
        "min": 1.06601253699e-16,
        "var": 962.466186523
    },
    "melbands_crest": {
        "dmean": 4.75145196915,
        "dmean2": 7.78744220734,
        "dvar": 16.8942298889,
        "dvar2": 43.8656349182,
        "max": 39.9371452332,
        "mean": 18.961517334,
        "median": 18.9281730652,
        "min": 1.54462468624,
        "var": 56.3180351257
    },
    "melbands_flatness_db": {
        "dmean": 0.0368726290762,
        "dmean2": 0.0580713525414,
        "dvar": 0.00142600084655,
        "dvar2": 0.00328586017713,
        "max": 0.881072998047,
        "mean": 0.17547929287,
        "median": 0.158888250589,
        "min": 0.0033000272233,
        "var": 0.00782753713429
    },
    "melbands_kurtosis": {
        "dmean": 24.9530010223,
        "dmean2": 40.6805953979,
        "dvar": 49544.1757812,
        "dvar2": 124331.789062,
        "max": 16805.4394531,
        "mean": 31.8869915009,
        "median": 10.7844333649,
        "min": -1.80854511261,
        "var": 51125.046875
    },
    "melbands_skewness": {
        "dmean": 1.31968128681,
        "dmean2": 2.08948230743,
        "dvar": 4.56266784668,
        "dvar2": 10.6977272034,
        "max": 104.327735901,
        "mean": 3.70676207542,
        "median": 3.15137529373,
        "min": -2.35525751114,
        "var": 10.3039264679
    },
    "melbands_spread": {
        "dmean": 12.7824649811,
        "dmean2": 20.8529090881,
        "dvar": 208.969955444,
        "dvar2": 503.971221924,
        "max": 235.122070312,
        "mean": 33.7782936096,
        "median": 27.2967453003,
        "min": 0.0100805172697,
        "var": 690.32989502
    },
    "pitch_salience": {
        "dmean": 0.107263311744,
        "dmean2": 0.171969100833,
        "dvar": 0.00868948083371,
        "dvar2": 0.0216102618724,
        "max": 0.968650817871,
        "mean": 0.50011074543,
        "median": 0.516272485256,
        "min": 0.00396882882342,
        "var": 0.0245127938688
    },
    "silence_rate_20dB": {
        "dmean": 0,
        "dmean2": 0,
        "dvar": 0,
        "dvar2": 0,
        "max": 1,
        "mean": 1,
        "median": 1,
        "min": 1,
        "var": 0
    },
    "silence_rate_30dB": {
        "dmean": 0.00647605909035,
        "dmean2": 0.012953011319,
        "dvar": 0.00643203500658,
        "dvar2": 0.0177400931716,
        "max": 1,
        "mean": 0.995728850365,
        "median": 1,
        "min": 0,
        "var": 0.00425339350477
    },
    "silence_rate_60dB": {
        "dmean": 0.00344471237622,
        "dmean2": 0.0068898992613,
        "dvar": 0.00343253999017,
        "dvar2": 0.00849527586251,
        "max": 1,
        "mean": 0.0577982924879,
        "median": 0,
        "min": 0,
        "var": 0.0544606335461
    },
    "spectral_centroid": {
        "dmean": 346.944091797,
        "dmean2": 557.526000977,
        "dvar": 141485.859375,
        "dvar2": 321918.25,
        "max": 11800.1806641,
        "mean": 2325.27392578,
        "median": 2381.40722656,
        "min": 32.2932472229,
        "var": 1796567.625
    },
    "spectral_complexity": {
        "dmean": 5.59627962112,
        "dmean2": 8.9302740097,
        "dvar": 36.1686782837,
        "dvar2": 82.1144790649,
        "max": 63,
        "mean": 32.806350708,
        "median": 37,
        "min": 0,
        "var": 237.984710693
    },
    "spectral_decrease": {
        "dmean": 2.93731061696e-09,
        "dmean2": 4.65145699735e-09,
        "dvar": 8.97690894174e-18,
        "dvar2": 2.37328374781e-17,
        "max": 2.30703223956e-28,
        "mean": -1.04635171638e-08,
        "median": -1.0481025825e-08,
        "min": -3.5911181584e-08,
        "var": 3.53086246546e-17
    },
    "spectral_energy": {
        "dmean": 0.0110422540456,
        "dmean2": 0.0175444949418,
        "dvar": 0.000125334117911,
        "dvar2": 0.000331058196025,
        "max": 0.137003496289,
        "mean": 0.0435878187418,
        "median": 0.0447998680174,
        "min": 9.94060181388e-21,
        "var": 0.000542220950592
    },
    "spectral_energyband_high": {
        "dmean": 0.00126373639796,
        "dmean2": 0.00207045790739,
        "dvar": 3.43282408721e-06,
        "dvar2": 8.51314325701e-06,
        "max": 0.0244155395776,
        "mean": 0.00379742239602,
        "median": 0.00343144359067,
        "min": 6.77147740115e-21,
        "var": 9.92951481749e-06
    },
    "spectral_energyband_low": {
        "dmean": 0.0120810596272,
        "dmean2": 0.0191853530705,
        "dvar": 0.000165719000506,
        "dvar2": 0.000427374412538,
        "max": 0.131450712681,
        "mean": 0.0267375018448,
        "median": 0.0232311114669,
        "min": 1.37091813761e-23,
        "var": 0.000486495700898
    },
    "spectral_energyband_middle_high": {
        "dmean": 0.00201499136165,
        "dmean2": 0.00324532040395,
        "dvar": 5.97826056037e-06,
        "dvar2": 1.46905495058e-05,
        "max": 0.044953789562,
        "mean": 0.00635281065479,
        "median": 0.00586346723139,
        "min": 1.12656900233e-21,
        "var": 2.17890901695e-05
    },
    "spectral_energyband_middle_low": {
        "dmean": 0.00455437414348,
        "dmean2": 0.00760488538072,
        "dvar": 4.39344876213e-05,
        "dvar2": 0.000111081208161,
        "max": 0.0844789296389,
        "mean": 0.00775770237669,
        "median": 0.00563795957714,
        "min": 1.61863857409e-22,
        "var": 5.57559760637e-05
    },
    "spectral_entropy": {
        "dmean": 0.119801215827,
        "dmean2": 0.189269065857,
        "dvar": 0.0302919577807,
        "dvar2": 0.0637107342482,
        "max": 9.82631492615,
        "mean": 8.08919906616,
        "median": 8.2210521698,
        "min": 4.01174688339,
        "var": 0.265708476305
    },
    "spectral_flux": {
        "dmean": 0.0257135722786,
        "dmean2": 0.0407596006989,
        "dvar": 0.000664833176415,
        "dvar2": 0.00154338462744,
        "max": 0.350789129734,
        "mean": 0.119908131659,
        "median": 0.120477259159,
        "min": 6.2848615201e-11,
        "var": 0.00282104499638
    },
    "spectral_kurtosis": {
        "dmean": 1.71482217312,
        "dmean2": 2.94809865952,
        "dvar": 47.9825782776,
        "dvar2": 140.559997559,
        "max": 328.799407959,
        "mean": 4.16921567917,
        "median": 2.17536234856,
        "min": -1.27232205868,
        "var": 125.868927002
    },
    "spectral_rms": {
        "dmean": 0.000795564497821,
        "dmean2": 0.00125461642165,
        "dvar": 5.5423726053e-07,
        "dvar2": 1.42149815474e-06,
        "max": 0.0115612260997,
        "mean": 0.00616811076179,
        "median": 0.0066111413762,
        "min": 3.11418490821e-12,
        "var": 4.47931734016e-06
    },
    "spectral_rolloff": {
        "dmean": 1048.88244629,
        "dmean2": 1742.94445801,
        "dvar": 1592623.25,
        "dvar2": 3915802.5,
        "max": 19638.28125,
        "mean": 2577.84521484,
        "median": 2045.65429688,
        "min": 21.533203125,
        "var": 7939586
    },
    "spectral_skewness": {
        "dmean": 0.192026495934,
        "dmean2": 0.319570660591,
        "dvar": 0.16649711132,
        "dvar2": 0.475835055113,
        "max": 13.8341827393,
        "mean": 1.26268482208,
        "median": 1.14399266243,
        "min": -0.125630319118,
        "var": 0.54864358902
    },
    "spectral_spread": {
        "dmean": 534032.5625,
        "dmean2": 826673.375,
        "dvar": 474329284608,
        "dvar2": 1.04863878349e+12,
        "max": 43430732,
        "mean": 6126838,
        "median": 5818071,
        "min": 351672.90625,
        "var": 2.15132374303e+13
    },
    "spectral_strongpeak": {
        "dmean": 0.244501724839,
        "dmean2": 0.422949671745,
        "dvar": 0.224230811,
        "dvar2": 0.618758320808,
        "max": 11.6300792694,
        "mean": 0.441103667021,
        "median": 0.335732728243,
        "min": 0,
        "var": 0.247839719057
    },
    "zerocrossingrate": {
        "dmean": 0.0148380985484,
        "dmean2": 0.0184302460402,
        "dvar": 0.000225112817134,
        "dvar2": 0.000319566053804,
        "max": 0.81787109375,
        "mean": 0.0931057110429,
        "median": 0.0869140625,
        "min": 0.0009765625,
        "var": 0.00470657646656
    },
    "barkbands": {
        "dmean": [0.00149536679965, 0.0107410131022, 0.0039383918047, 0.00225475686602, 0.00237669772469, 0.000895019387826, 0.000796296575572, 0.000574630917981, 0.000395268230932, 0.000400835328037, 0.000359860248864, 0.000358539691661, 0.000310224626446, 0.000312748859869, 0.000335701217409, 0.000338372716215, 0.000359420257155, 0.000364379957318, 0.000424352154369, 0.000400746008381, 0.000337284553098, 0.000286151276669, 0.000248355820077, 0.000238018270466, 0.000197850531549, 0.000106871375465, 3.42006314895e-05],
        "dmean2": [0.00214320607483, 0.0169746037573, 0.00655581662431, 0.00405367836356, 0.00428970623761, 0.001588616753, 0.00133263273165, 0.000960342702456, 0.000668638094794, 0.000670260982588, 0.000590712123085, 0.000600664818194, 0.000520943372976, 0.000523543159943, 0.000562979024835, 0.000567756826058, 0.000602882995736, 0.000604476314038, 0.00070600642357, 0.000681154138874, 0.000567046634387, 0.000478533649584, 0.00041158136446, 0.000388215587009, 0.000322036910802, 0.000168882848811, 5.52173987671e-05],
        "dvar": [6.65957531965e-06, 0.000152085151058, 4.50839397672e-05, 2.18184322875e-05, 2.1278478016e-05, 2.46926424552e-06, 2.56445036939e-06, 1.1543055507e-06, 3.17550757245e-07, 4.64747586193e-07, 3.88865800005e-07, 3.41173745255e-07, 3.03842796257e-07, 2.9170374205e-07, 3.43673690395e-07, 2.61597023155e-07, 2.67661420139e-07, 2.77902728385e-07, 3.62717088365e-07, 3.59467321687e-07, 2.13613745359e-07, 1.56586011713e-07, 1.27499774294e-07, 1.52531995923e-07, 1.22862459762e-07, 3.43601165298e-08, 4.34025837492e-09],
        "dvar2": [1.2620461348e-05, 0.000372709386284, 0.00011538209219, 6.19577622274e-05, 6.00211824349e-05, 6.99038309904e-06, 6.26801102044e-06, 2.71360590887e-06, 8.03922091563e-07, 1.147408625e-06, 9.39596816352e-07, 8.78401692717e-07, 7.92740365796e-07, 7.7505939089e-07, 9.2591108114e-07, 6.78138405874e-07, 6.97851419318e-07, 7.07541857992e-07, 9.39182541515e-07, 9.91808747131e-07, 5.56768156912e-07, 4.15888337102e-07, 3.3336871752e-07, 3.68987542743e-07, 3.05728690364e-07, 8.26503949725e-08, 1.08427764545e-08],
        "max": [0.0613791383803, 0.124309241772, 0.0810080617666, 0.0668126568198, 0.058923009783, 0.0232748128474, 0.0401465147734, 0.0262743607163, 0.0129009345546, 0.0159731786698, 0.0127096548676, 0.0140632437542, 0.0204994957894, 0.0109991999343, 0.0153525909409, 0.0129261352122, 0.0104132080451, 0.0128434514627, 0.0119693679735, 0.0132961906493, 0.0111052086577, 0.00611762655899, 0.00629452848807, 0.0103035084903, 0.00571108609438, 0.00362590583973, 0.00117751827929],
        "mean": [0.00266495207325, 0.0188218355179, 0.00431609153748, 0.00193612498697, 0.00218419684097, 0.00101248768624, 0.00104016449768, 0.000792189384811, 0.000602582062129, 0.000606155022979, 0.000536002335139, 0.000562555680517, 0.00048215399147, 0.000497494416777, 0.000563602312468, 0.000585843052249, 0.000645372550935, 0.000700917909853, 0.000852134195156, 0.000839068961795, 0.000772165833041, 0.000659033481497, 0.000580882304348, 0.000574275793042, 0.000445471145213, 0.000257754145423, 5.636633432e-05],
        "median": [0.00074602861423, 0.0138215227053, 0.0014682454057, 0.000637861550786, 0.000894458498806, 0.000541617977433, 0.000518898712471, 0.000410873180954, 0.000364845560398, 0.000338168116286, 0.000270003918558, 0.000336850003805, 0.000281013839412, 0.000284322944935, 0.000352349714376, 0.000400396005716, 0.000478073314298, 0.000527081778273, 0.000644633662887, 0.000690943445079, 0.000671954301652, 0.000567396869883, 0.000483348791022, 0.000426209415309, 0.000307294074446, 0.000166487618117, 1.58514012583e-05],
        "min": [1.41120421263e-26, 2.49740977477e-24, 5.27090084902e-25, 5.99469798589e-25, 7.05151245808e-24, 3.57203475404e-24, 5.26758753461e-24, 6.0650781837e-24, 1.10785826926e-23, 1.3235121726e-23, 1.03374825821e-23, 1.2913553622e-23, 3.00962520691e-23, 2.51346845844e-23, 3.7784203306e-23, 4.93989084916e-23, 4.43759628954e-23, 8.8479005161e-23, 1.2766056512e-22, 1.51647389245e-22, 2.23501308601e-22, 2.88816189519e-22, 3.18124227549e-22, 5.48777487957e-22, 8.36208967841e-22, 1.22893795476e-21, 1.81187572e-21],
        "var": [2.28481239901e-05, 0.000350838090526, 5.02131297253e-05, 1.57461199706e-05, 1.5793426428e-05, 2.17957676796e-06, 3.73345596927e-06, 1.96078963199e-06, 6.07660354035e-07, 7.3148038382e-07, 6.90141348514e-07, 6.04664649018e-07, 4.57563601231e-07, 4.68074858873e-07, 6.09772200733e-07, 4.63380786186e-07, 4.79538584841e-07, 5.50977460989e-07, 7.90624028468e-07, 6.50032461635e-07, 4.72958078035e-07, 3.43183927498e-07, 2.94932448242e-07, 3.88588773603e-07, 2.6157434263e-07, 8.95403147183e-08, 8.68416805133e-09]
    },
    "erbbands": {
        "dmean": [0.445980072021, 2.15130758286, 4.15584564209, 6.09714174271, 7.07684612274, 8.4191160202, 7.51817512512, 7.46516370773, 10.5970182419, 11.7912368774, 11.3654279709, 9.21277141571, 10.9492387772, 13.1762866974, 13.2752399445, 14.1498031616, 13.7168674469, 14.6602134705, 15.9607276917, 16.6047706604, 18.7198390961, 18.6477355957, 19.290145874, 21.4523124695, 19.4861602783, 19.5107021332, 14.9303102493, 13.2234325409, 10.4603424072, 9.14177799225, 6.89605903625, 5.39138031006, 4.04080104828, 2.46668553352, 1.3500109911, 0.553108692169, 0.191626757383, 0.0510638691485, 0.0056274170056, 8.65097390488e-05],
        "dmean2": [0.694420039654, 3.4223074913, 6.68531656265, 10.5718517303, 12.765622139, 15.2454814911, 13.5056314468, 13.1792325974, 18.1068248749, 19.6691493988, 19.0698261261, 15.6516008377, 18.2007923126, 21.7490921021, 21.977394104, 23.6187210083, 22.9470787048, 24.5650844574, 26.5908031464, 27.800151825, 31.1874504089, 31.1516151428, 31.9674663544, 35.6178512573, 32.4797668457, 33.2574424744, 25.2215251923, 22.2825660706, 17.4889087677, 15.3769321442, 11.3746490479, 8.91422271729, 6.54285526276, 4.03925848007, 2.1921684742, 0.885134220123, 0.303118824959, 0.0799279585481, 0.00916363205761, 0.000137943876325],
        "dvar": [0.309957116842, 7.27814865112, 44.4942817688, 137.18812561, 193.891372681, 302.403900146, 215.746490479, 167.983154297, 452.454681396, 634.727294922, 447.64944458, 181.195144653, 346.233001709, 473.102142334, 539.0859375, 538.391662598, 599.118347168, 599.244018555, 751.024108887, 710.098815918, 832.8515625, 743.210571289, 789.995605469, 922.647888184, 881.669799805, 922.993896484, 450.242340088, 342.658325195, 209.910415649, 166.210189819, 102.557121277, 69.3287811279, 50.7800102234, 19.2372093201, 5.75618600845, 0.903502464294, 0.115980759263, 0.0085121775046, 0.000120865297504, 2.32503971631e-08],
        "dvar2": [0.754598021507, 17.3996181488, 110.475540161, 373.198577881, 551.901489258, 852.981384277, 604.138061523, 472.790130615, 1171.1796875, 1489.53869629, 1059.14770508, 470.156188965, 812.002746582, 1191.32397461, 1376.40063477, 1397.73815918, 1567.9576416, 1567.97314453, 1996.87390137, 1860.97998047, 2138.65869141, 1901.7902832, 2021.01599121, 2380.47045898, 2272.15332031, 2564.75927734, 1194.1427002, 899.858276367, 557.125244141, 443.592987061, 264.817077637, 176.520309448, 117.442504883, 48.4790039062, 14.4252405167, 2.2202706337, 0.281850755215, 0.0205846596509, 0.000310545990942, 5.80047405663e-08],
        "max": [6.30955648422, 28.5108757019, 83.7828674316, 167.918151855, 187.101165771, 272.527679443, 330.595855713, 204.766952515, 615.281555176, 741.151123047, 649.202270508, 278.87689209, 450.322479248, 500.682373047, 606.376647949, 511.492950439, 740.59588623, 650.011169434, 708.14654541, 495.167175293, 806.501586914, 489.902404785, 546.641601562, 799.319946289, 795.645874023, 709.797180176, 306.452148438, 488.419250488, 233.283996582, 217.999511719, 211.787857056, 120.940681458, 288.329711914, 100.414146423, 49.6127586365, 20.2465229034, 8.02065181732, 1.635212183, 0.248548164964, 0.00330220349133],
        "mean": [0.750722050667, 3.36099219322, 5.32057332993, 6.28241729736, 6.45681858063, 7.43934106827, 7.54686498642, 8.57573699951, 13.7159509659, 16.5434932709, 16.4530239105, 14.2859745026, 17.1496944427, 21.1193599701, 21.5453414917, 23.2773113251, 22.8206443787, 24.9287395477, 28.14610672, 30.2040691376, 34.4814987183, 35.710319519, 37.9069595337, 43.0111274719, 41.2220687866, 40.2254333496, 33.2734603882, 29.1020679474, 23.6958179474, 20.2509346008, 16.122379303, 12.3569107056, 9.4354352951, 5.4490237236, 2.92362499237, 1.27300214767, 0.442636668682, 0.109160877764, 0.00885368231684, 0.000208537356229],
        "median": [0.44501465559, 2.05630111694, 2.49072027206, 2.42505288124, 2.59011983871, 2.7442471981, 3.40537643433, 4.61298084259, 7.16435718536, 8.31509590149, 9.19250297546, 8.72191047668, 10.1661233902, 11.8357629776, 12.9004812241, 14.5006332397, 14.0822715759, 15.5018291473, 17.8937244415, 20.8378753662, 25.0494995117, 26.8846130371, 28.8277702332, 32.5866851807, 32.424621582, 32.8357620239, 28.3693962097, 24.9830665588, 20.2679328918, 17.2388973236, 13.1023483276, 9.44072532654, 6.61870479584, 3.79947853088, 1.96165657043, 0.854967713356, 0.272247672081, 0.0564503408968, 0.0024041312281, 0.000133408349939],
        "min": [3.72709577793e-23, 5.70976866867e-22, 7.54404016239e-22, 2.22418062477e-21, 1.16527162401e-20, 2.23858806732e-20, 2.05300799663e-20, 5.92834011915e-20, 9.31357419109e-20, 1.6157767392e-19, 2.46494497566e-19, 2.7588422473e-19, 5.23595970265e-19, 5.34316282703e-19, 7.64291104556e-19, 5.98816466449e-19, 1.45969357372e-18, 1.32361254019e-18, 2.19197878563e-18, 3.03634180067e-18, 3.03719710542e-18, 3.39707175028e-18, 5.0806413432e-18, 6.60540032352e-18, 6.54454133714e-18, 7.66911984968e-18, 8.38169624273e-18, 9.81110735461e-18, 1.06705174054e-17, 1.11023147841e-17, 9.67408405896e-18, 9.63709171479e-18, 8.77584035998e-18, 7.22030157548e-18, 6.78699293776e-18, 4.03252823366e-18, 1.97160773749e-18, 9.30287538534e-19, 2.01649120376e-19, 2.5833331975e-20],
        "var": [0.748585820198, 14.1222925186, 57.7848358154, 122.159385681, 139.543045044, 220.191116333, 172.960647583, 155.308074951, 575.944458008, 996.484680176, 726.810791016, 349.605041504, 556.319763184, 884.201293945, 885.319763184, 969.487670898, 941.153442383, 1022.22332764, 1476.07836914, 1283.01318359, 1496.98754883, 1400.14660645, 1535.72521973, 1993.91149902, 1858.54248047, 1547.15454102, 925.032348633, 695.285888672, 451.174835205, 341.880645752, 239.9269104, 159.733184814, 129.764831543, 39.6085357666, 11.8380899429, 2.15851402283, 0.282660007477, 0.0217366032302, 0.000223957977141, 5.49817080753e-08]
    },
    "gfcc": {
        "mean": [29.5703239441, 53.0478668213, -100.369567871, 45.2644767761, -47.2086372375, 21.3462162018, -26.7538146973, 15.7244443893, -17.570772171, 9.10131931305, -13.0924654007, 4.81216144562, -11.6574220657],
        "cov": [[34882.734375, -2911.00244141, -1101.12841797, 2026.48046875, -1245.04736328, 1186.97521973, -834.502746582, 1015.87567139, -903.389160156, 651.153747559, -535.033874512, 559.44342041, -437.523712158], [-2911.00244141, 3005.34326172, -902.703552246, -569.30871582, 75.3607406616, -461.297424316, 202.617294312, -396.020172119, 331.525054932, -290.21685791, 165.417602539, -288.480712891, 98.09740448], [-1101.12841797, -902.703552246, 1056.51794434, 227.084014893, 149.002960205, 149.872039795, -24.5208015442, 90.7548599243, -78.4281997681, 96.5478668213, -44.3764953613, 84.9232711792, -17.8893318176], [2026.48046875, -569.30871582, 227.084014893, 631.22088623, -91.1125488281, 177.792480469, -56.3695259094, 144.277328491, -65.7903747559, 70.747756958, -21.144323349, 60.6016540527, -25.6889648438], [-1245.04736328, 75.3607406616, 149.002960205, -91.1125488281, 305.807403564, -1.25346124172, 62.8758087158, -25.1882076263, 20.9726638794, -11.4660778046, -1.4464430809, -17.7891750336, 5.17165327072], [1186.97521973, -461.297424316, 149.872039795, 177.792480469, -1.25346124172, 241.000579834, 12.3785915375, 110.609260559, -47.0098648071, 66.9013519287, -23.0701885223, 49.5407104492, -22.6290607452], [-834.502746582, 202.617294312, -24.5208015442, -56.3695259094, 62.8758087158, 12.3785915375, 155.278381348, 10.2909879684, 66.5199584961, -15.8591775894, 46.81457901, -22.2381439209, 15.7517776489], [1015.87567139, -396.020172119, 90.7548599243, 144.277328491, -25.1882076263, 110.609260559, 10.2909879684, 182.738449097, -5.82189559937, 79.5903091431, -7.92013549805, 52.3251800537, -17.7621154785], [-903.389160156, 331.525054932, -78.4281997681, -65.7903747559, 20.9726638794, -47.0098648071, 66.5199584961, -5.82189559937, 157.632293701, 11.9891729355, 64.1497192383, -24.6128139496, 33.843132019], [651.153747559, -290.21685791, 96.5478668213, 70.747756958, -11.4660778046, 66.9013519287, -15.8591775894, 79.5903091431, 11.9891729355, 118.104179382, 13.8412160873, 54.4687652588, -4.16684484482], [-535.033874512, 165.417602539, -44.3764953613, -21.144323349, -1.4464430809, -23.0701885223, 46.81457901, -7.92013549805, 64.1497192383, 13.8412160873, 95.654045105, 12.5742902756, 32.2803878784], [559.44342041, -288.480712891, 84.9232711792, 60.6016540527, -17.7891750336, 49.5407104492, -22.2381439209, 52.3251800537, -24.6128139496, 54.4687652588, 12.5742902756, 96.2316055298, 23.0428466797], [-437.523712158, 98.09740448, -17.8893318176, -25.6889648438, 5.17165327072, -22.6290607452, 15.7517776489, -17.7621154785, 33.843132019, -4.16684484482, 32.2803878784, 23.0428466797, 72.5863876343]],
        "icov": [[9.22416875255e-05, -0.000123032237752, 0.000187057317817, -0.000163116434123, 0.000135201597004, -0.000255456543528, 0.000203537245397, -0.000225738171139, 0.000370046851458, -0.000393322785385, 0.00036570802331, -0.000444787117885, 0.000305415305775], [-0.000123032237752, 0.00129473023117, 0.000247536489042, 0.000225258438149, -0.000336380995577, 0.000884723151103, -0.000646171160042, 0.00127624068409, -0.00173215975519, 0.00140966416802, -0.00115700939205, 0.00198310078122, -0.000824798073154], [0.000187057317817, 0.000247536489042, 0.00191833265126, -0.000727858219761, -0.000614878139459, -0.000432897883002, 0.000172604923137, 0.00017720006872, 0.00054004881531, -0.00116418127436, 0.000929204747081, -0.000971123459749, 0.000499350077007], [-0.000163116434123, 0.000225258438149, -0.000727858219761, 0.00276395911351, 0.000386612809962, -0.000832648191135, 0.000680883764289, -0.000943578605074, -0.000399837532314, 0.00125841330737, -0.0015017373953, 0.00122524658218, -0.000617056735791], [0.000135201597004, -0.000336380995577, -0.000614878139459, 0.000386612809962, 0.00454289698973, -0.000612000236288, -0.00144989311229, 0.000215388587094, 0.000466437573778, -0.000860696309246, 0.00155996868853, -0.000460118812043, 0.000293150864309], [-0.000255456543528, 0.000884723151103, -0.000432897883002, -0.000832648191135, -0.000612000236288, 0.00867568794638, -0.0034939639736, -0.000751751940697, 0.000382225902285, -0.000940607627854, 0.000310897739837, 0.000756901747081, -0.00042504465091], [0.000203537245397, -0.000646171160042, 0.000172604923137, 0.000680883764289, -0.00144989311229, -0.0034939639736, 0.0121342446655, -0.00368103338405, -0.00161749275867, 0.00285898358561, -0.00419532554224, 0.00107798329554, 0.000305488792947], [-0.000225738171139, 0.00127624068409, 0.00017720006872, -0.000943578605074, 0.000215388587094, -0.000751751940697, -0.00368103338405, 0.0126175396144, -0.00351086910814, -0.00276905857027, 0.00150583148934, -0.00161461613607, 0.00158180471044], [0.000370046851458, -0.00173215975519, 0.00054004881531, -0.000399837532314, 0.000466437573778, 0.000382225902285, -0.00161749275867, -0.00351086910814, 0.0158563982695, -0.0074280151166, -0.00302489940077, 0.00332243414596, -0.00338803930208], [-0.000393322785385, 0.00140966416802, -0.00116418127436, 0.00125841330737, -0.000860696309246, -0.000940607627854, 0.00285898358561, -0.00276905857027, -0.0074280151166, 0.0203285217285, -0.00504137109965, -0.00411466369405, 0.00253105699085], [0.00036570802331, -0.00115700939205, 0.000929204747081, -0.0015017373953, 0.00155996868853, 0.000310897739837, -0.00419532554224, 0.00150583148934, -0.00302489940077, -0.00504137109965, 0.0209938082844, -0.00752998609096, -0.00109472125769], [-0.000444787117885, 0.00198310078122, -0.000971123459749, 0.00122524658218, -0.000460118812043, 0.000756901747081, 0.00107798329554, -0.00161461613607, 0.00332243414596, -0.00411466369405, -0.00752998609096, 0.026809701696, -0.0124744977802], [0.000305415305775, -0.000824798073154, 0.000499350077007, -0.000617056735791, 0.000293150864309, -0.00042504465091, 0.000305488792947, 0.00158180471044, -0.00338803930208, 0.00253105699085, -0.00109472125769, -0.0124744977802, 0.0229762438685]]
    },
    "melbands": {
        "dmean": [0.00336336577311, 0.00210339785554, 0.000985313206911, 0.000562442000955, 0.000281483778963, 0.000167813210282, 0.000162168638781, 0.000127771520056, 8.81736850715e-05, 5.79623338126e-05, 5.60699299967e-05, 5.45791408513e-05, 4.65174416604e-05, 4.1219052946e-05, 3.48982684955e-05, 3.11518087983e-05, 2.93222146865e-05, 2.70118780463e-05, 2.58208438026e-05, 2.32701586356e-05, 2.40391873376e-05, 2.17162341869e-05, 1.92553670786e-05, 1.78724949365e-05, 1.91446706594e-05, 1.67720208992e-05, 1.37957395054e-05, 1.42668868648e-05, 1.05035942397e-05, 9.25866879697e-06, 8.05619310995e-06, 6.56398924548e-06, 5.95171786699e-06, 5.30088709638e-06, 4.3822437874e-06, 3.82300822821e-06, 3.52109259438e-06, 3.20971275869e-06, 2.51162282439e-06, 2.16601051761e-06],
        "dmean2": [0.00523495255038, 0.00329976691864, 0.00167137058452, 0.00101589073893, 0.000508640252519, 0.000296263024211, 0.000274794962024, 0.000212510843994, 0.000148425810039, 9.84365469776e-05, 9.33418559725e-05, 9.04033659026e-05, 7.65583172324e-05, 6.90652595949e-05, 5.84414920013e-05, 5.23714479641e-05, 4.93032785016e-05, 4.51682826679e-05, 4.34282410424e-05, 3.89746492147e-05, 4.02105615649e-05, 3.65559717466e-05, 3.20768813253e-05, 2.9939763408e-05, 3.19123864756e-05, 2.81319917121e-05, 2.31448066188e-05, 2.45962892222e-05, 1.78687514563e-05, 1.56343485287e-05, 1.36160579132e-05, 1.10396113087e-05, 1.00421711977e-05, 8.96266919881e-06, 7.26352254787e-06, 6.37845732854e-06, 5.85860198044e-06, 5.24198276253e-06, 4.10659549743e-06, 3.57511385118e-06],
        "dvar": [1.5155534129e-05, 8.1654807218e-06, 3.27901352648e-06, 1.27033104036e-06, 2.99153811056e-07, 8.36922779968e-08, 1.0241334536e-07, 6.54283880408e-08, 2.46791085345e-08, 7.27829796432e-09, 9.16757247893e-09, 8.31125834821e-09, 6.70042821227e-09, 4.80502615474e-09, 3.81147602369e-09, 3.40455685865e-09, 2.50029730253e-09, 2.28067564834e-09, 2.17222106969e-09, 1.28648003361e-09, 1.4666622361e-09, 1.08201925197e-09, 8.608594948e-10, 7.17611803314e-10, 7.83054066034e-10, 6.20961004838e-10, 4.45290276874e-10, 5.17921427967e-10, 2.2963955737e-10, 1.62003216397e-10, 1.2941687999e-10, 8.39106839567e-11, 7.16204179296e-11, 5.58064983114e-11, 4.35799486775e-11, 3.08018922868e-11, 3.14211399954e-11, 3.4928743925e-11, 1.81835258656e-11, 1.4537623709e-11],
        "dvar2": [3.69626577594e-05, 1.95337470359e-05, 8.72947384778e-06, 3.58989018423e-06, 8.36866149712e-07, 2.35394026049e-07, 2.61118913158e-07, 1.52525402086e-07, 5.83679877764e-08, 1.87991737732e-08, 2.15781525981e-08, 2.11555128971e-08, 1.61771538387e-08, 1.23987131673e-08, 1.04292023906e-08, 8.72144756414e-09, 6.57830678819e-09, 6.01477179174e-09, 5.99401062118e-09, 3.38899286412e-09, 3.79988662758e-09, 2.82591305911e-09, 2.18764628634e-09, 1.83785697772e-09, 2.03503702778e-09, 1.62162283601e-09, 1.16940801487e-09, 1.46617773478e-09, 6.24256035753e-10, 4.34187769072e-10, 3.42262829189e-10, 2.26340557408e-10, 1.91791124649e-10, 1.51004611593e-10, 1.14770040693e-10, 7.97675120401e-11, 8.12995781807e-11, 8.11390399313e-11, 4.55540223598e-11, 3.75360575955e-11],
        "max": [0.0416985191405, 0.0353560596704, 0.0262762084603, 0.0157020259649, 0.0105025526136, 0.00450091948733, 0.00916764326394, 0.00661686295643, 0.00442041736096, 0.00187699310482, 0.00232101720758, 0.00232624891214, 0.00192993250675, 0.00179548305459, 0.00155722245108, 0.00243458966725, 0.00112234731205, 0.00123516144231, 0.00101959123276, 0.000683160673361, 0.00108895800076, 0.000570497068111, 0.000602829328272, 0.000815623381641, 0.000795076368377, 0.000583541812375, 0.00054030737374, 0.000552941171918, 0.000226549032959, 0.000262368528638, 0.000270419433946, 0.000155982852448, 0.00017343647778, 0.000164641503943, 0.000181973649887, 7.66088996897e-05, 8.98243088159e-05, 0.00027384981513, 7.72109196987e-05, 8.86144916876e-05],
        "mean": [0.00596860703081, 0.00340662710369, 0.00109830184374, 0.000508677738253, 0.000277654937236, 0.000194089807337, 0.000213004896068, 0.00018144279602, 0.000127253952087, 8.76356643857e-05, 8.51180739119e-05, 8.45579561428e-05, 7.16200083843e-05, 6.48431523587e-05, 5.4202057072e-05, 4.79801092297e-05, 4.62451025669e-05, 4.40187322965e-05, 4.26046135544e-05, 3.93605114368e-05, 4.08848645748e-05, 3.75359850295e-05, 3.45886001014e-05, 3.30545844918e-05, 3.50643822458e-05, 3.16664518323e-05, 2.74500562227e-05, 2.65427352133e-05, 2.09634108614e-05, 1.90324335563e-05, 1.60009003594e-05, 1.35108521135e-05, 1.22211849884e-05, 1.08323019958e-05, 9.37483036978e-06, 8.27329495223e-06, 7.29363136998e-06, 6.9243519647e-06, 5.36663264938e-06, 4.36078062194e-06],
        "median": [0.00420507322997, 0.0022018016316, 0.000470293336548, 0.000199474481633, 0.000125316961203, 0.000105300350697, 0.000110483073513, 9.2036294518e-05, 7.13324843673e-05, 5.16524705745e-05, 4.84480478917e-05, 4.56733978353e-05, 3.95567622036e-05, 3.85141684092e-05, 3.21436564263e-05, 2.75272759609e-05, 2.67951108981e-05, 2.61269560724e-05, 2.66611823463e-05, 2.63645197265e-05, 2.81900101982e-05, 2.67126779363e-05, 2.51977817243e-05, 2.42689511651e-05, 2.50791817962e-05, 2.3301498004e-05, 2.14112042158e-05, 2.08101719181e-05, 1.70082967088e-05, 1.56051901286e-05, 1.32438344735e-05, 1.11666577141e-05, 1.00802808447e-05, 8.94168260857e-06, 7.44307817513e-06, 6.21460867478e-06, 5.30985744263e-06, 4.6621871661e-06, 3.68903420167e-06, 2.95124209515e-06],
        "min": [4.83799518487e-25, 6.90739427601e-25, 8.08173797903e-25, 8.54761457775e-25, 9.34401699322e-25, 1.20613045876e-24, 1.27730454646e-24, 1.57153960614e-24, 1.14518385408e-24, 1.50667699732e-24, 2.32925618421e-24, 1.85616091656e-24, 2.59691491442e-24, 1.45510117273e-24, 3.04222097896e-24, 2.45808091712e-24, 2.28631059653e-24, 2.37696728062e-24, 3.26431628657e-24, 2.76518604525e-24, 2.91126967426e-24, 1.35715344172e-24, 3.70213921656e-24, 3.70690669744e-24, 3.91338670065e-24, 3.41963234918e-24, 3.94875291275e-24, 4.40169278427e-24, 3.65303814724e-24, 4.47630916514e-24, 3.71330672596e-24, 5.19435521019e-24, 4.50004993409e-24, 5.0714822356e-24, 5.42818068225e-24, 5.74105041144e-24, 4.74811986751e-24, 5.41637695652e-24, 4.65180034541e-24, 5.72152294859e-24],
        "var": [3.79057673854e-05, 1.47228411151e-05, 3.19379182656e-06, 9.27825340113e-07, 2.34706959645e-07, 7.76586048801e-08, 1.3887965622e-07, 1.11220828103e-07, 4.07498141897e-08, 1.40043612262e-08, 1.45802587781e-08, 1.47603422818e-08, 1.12308446987e-08, 8.22726953231e-09, 5.69383296067e-09, 4.99106622698e-09, 4.00555189017e-09, 4.11959177882e-09, 3.30946070548e-09, 2.22151563811e-09, 2.4095108131e-09, 1.816198969e-09, 1.52817192234e-09, 1.32224198257e-09, 1.5311431012e-09, 1.20200949194e-09, 8.63543458962e-10, 7.49521777976e-10, 4.08478112446e-10, 3.26667248807e-10, 2.33671332284e-10, 1.62412819305e-10, 1.34259978135e-10, 1.05682865237e-10, 8.71992894558e-11, 7.13633943605e-11, 6.22734364075e-11, 8.19621245873e-11, 3.88658966122e-11, 2.71946267588e-11]
    },
    "mfcc": {
        "mean": [-601.805358887, 81.4890289307, 9.33310317993, 28.8646411896, 8.8541727066, 12.1524600983, 6.53677892685, 9.32091331482, 4.92671632767, 7.28015851974, 3.62938690186, 4.98687553406, 4.04942798615],
        "cov": [[12388.5644531, -1588.98681641, 330.793701172, 761.422302246, 148.359420776, 182.041595459, 312.514923096, 213.150726318, 123.857475281, 39.8071975708, 43.9069137573, 102.306991577, 31.5068740845], [-1588.98681641, 1990.74914551, -316.497650146, -265.99420166, -144.841491699, -75.4069976807, -161.162567139, -54.5214004517, -60.0840034485, 30.4242362976, -16.0056476593, -14.6372480392, 18.4466896057], [330.793701172, -316.497650146, 547.059570312, 178.530822754, 116.571990967, 82.5325241089, 50.9922485352, 9.36803627014, 25.0477371216, 5.09551095963, 2.9109621048, 12.8650913239, -4.41533851624], [761.422302246, -265.99420166, 178.530822754, 391.246582031, 78.5567169189, 47.1734352112, 45.1103553772, 50.2339401245, 12.8079862595, 18.5330657959, 10.6384086609, 27.8606052399, 17.1915645599], [148.359420776, -144.841491699, 116.571990967, 78.5567169189, 200.188842773, 63.3229217529, 47.9921455383, 4.70805311203, 29.3238067627, -3.38874483109, 12.9649114609, -3.38173770905, -13.6795082092], [182.041595459, -75.4069976807, 82.5325241089, 47.1734352112, 63.3229217529, 128.107635498, 56.0853996277, 23.1675224304, 18.9793567657, 9.65014839172, 10.4772920609, 2.61223173141, -0.20075635612], [312.514923096, -161.162567139, 50.9922485352, 45.1103553772, 47.9921455383, 56.0853996277, 133.505004883, 55.1082000732, 22.6024951935, 10.4591550827, 11.5934486389, 9.00261974335, 0.188222840428], [213.150726318, -54.5214004517, 9.36803627014, 50.2339401245, 4.70805311203, 23.1675224304, 55.1082000732, 91.6300735474, 32.8412399292, 21.297914505, 12.5634632111, 19.1160030365, 13.2204866409], [123.857475281, -60.0840034485, 25.0477371216, 12.8079862595, 29.3238067627, 18.9793567657, 22.6024951935, 32.8412399292, 76.5166015625, 33.0957679749, 20.5780773163, 15.890832901, 7.63063097], [39.8071975708, 30.4242362976, 5.09551095963, 18.5330657959, -3.38874483109, 9.65014839172, 10.4591550827, 21.297914505, 33.0957679749, 77.8198013306, 35.3190994263, 23.4495410919, 17.1069126129], [43.9069137573, -16.0056476593, 2.9109621048, 10.6384086609, 12.9649114609, 10.4772920609, 11.5934486389, 12.5634632111, 20.5780773163, 35.3190994263, 72.1569290161, 34.9004020691, 13.586687088], [102.306991577, -14.6372480392, 12.8650913239, 27.8606052399, -3.38173770905, 2.61223173141, 9.00261974335, 19.1160030365, 15.890832901, 23.4495410919, 34.9004020691, 71.3909454346, 37.2740440369], [31.5068740845, 18.4466896057, -4.41533851624, 17.1915645599, -13.6795082092, -0.20075635612, 0.188222840428, 13.2204866409, 7.63063097, 17.1069126129, 13.586687088, 37.2740440369, 62.8759613037]],
