{
"lowlevel": {
    "average_loudness": 0.970082640648,
    "barkbands_crest": {
        "dmean": 2.92256975174,
        "dmean2": 4.55499982834,
        "dvar": 7.23190832138,
        "dvar2": 16.4434967041,
        "max": 26.2041168213,
        "mean": 8.74987125397,
        "median": 7.23284196854,
        "min": 1.82323253155,
        "var": 25.5599899292
    },
    "barkbands_flatness_db": {
        "dmean": 0.0198546238244,
        "dmean2": 0.0293846447021,
        "dvar": 0.000482847332023,
        "dvar2": 0.000921356549952,
        "max": 0.826841533184,
        "mean": 0.0742701515555,
        "median": 0.059904564172,
        "min": 0.0127377463505,
        "var": 0.00321182818152
    },
    "barkbands_kurtosis": {
        "dmean": 1.7719284296,
        "dmean2": 2.76512908936,
        "dvar": 61.4937095642,
        "dvar2": 162.84916687,
        "max": 320.27041626,
        "mean": 1.06437540054,
        "median": -0.686144948006,
        "min": -1.86566209793,
        "var": 84.6811599731
    },
    "barkbands_skewness": {
        "dmean": 0.487081348896,
        "dmean2": 0.733151733875,
        "dvar": 0.376659393311,
        "dvar2": 0.788367092609,
        "max": 17.2163639069,
        "mean": 0.681894779205,
        "median": 0.488238155842,
        "min": -3.27762007713,
        "var": 1.25468873978
    },
    "barkbands_spread": {
        "dmean": 7.8135843277,
        "dmean2": 12.2154588699,
        "dvar": 53.6527252197,
        "dvar2": 127.00932312,
        "max": 103.033233643,
        "mean": 42.9160881042,
        "median": 44.276473999,
        "min": 0.0518103912473,
        "var": 328.667297363
    },
    "dissonance": {
        "dmean": 0.011900559999,
        "dmean2": 0.0204883161932,
        "dvar": 0.000270791584626,
        "dvar2": 0.00076677830657,
        "max": 0.500000119209,
        "mean": 0.482318073511,
        "median": 0.48802921176,
        "min": 0.191335991025,
        "var": 0.000443502300186
    },
    "dynamic_complexity": 2.04445075989,
    "erbbands_crest": {
        "dmean": 1.90891420841,
        "dmean2": 3.17953705788,
        "dvar": 4.13238143921,
        "dvar2": 10.8867673874,
        "max": 27.3339519501,
        "mean": 6.33409786224,
        "median": 5.14908790588,
        "min": 2.20909547806,
        "var": 12.4772987366
    },
    "erbbands_flatness_db": {
        "dmean": 0.0121117625386,
        "dmean2": 0.0188972577453,
        "dvar": 0.000156990630785,
        "dvar2": 0.000335412390996,
        "max": 0.439885139465,
        "mean": 0.120001874864,
        "median": 0.104356274009,
        "min": 0.0521179884672,
        "var": 0.00226006424055
    },
    "erbbands_kurtosis": {
        "dmean": 0.81413936615,
        "dmean2": 1.25642991066,
        "dvar": 10.930855751,
        "dvar2": 13.6969060898,
        "max": 314.687805176,
        "mean": 0.447048127651,
        "median": -0.293189644814,
        "min": -1.84898865223,
        "var": 47.6358146667
    },
    "erbbands_skewness": {
        "dmean": 0.305918455124,
        "dmean2": 0.476533740759,
        "dvar": 0.0966305583715,
        "dvar2": 0.208542734385,
        "max": 14.1361265182,
        "mean": -0.0706269070506,
        "median": -0.14607308805,
        "min": -3.0955786705,
        "var": 0.523635029793
    },
    "erbbands_spread": {
        "dmean": 8.04144001007,
        "dmean2": 12.4675893784,
        "dvar": 85.6335983276,
        "dvar2": 181.41506958,
        "max": 156.253982544,
        "mean": 41.5202674866,
        "median": 40.9094543457,
        "min": 0.70258295536,
        "var": 306.674926758
    },
    "hfc": {
        "dmean": 14.7256326675,
        "dmean2": 24.6320362091,
        "dvar": 361.524047852,
        "dvar2": 947.512817383,
        "max": 193.089691162,
        "mean": 53.5082359314,
        "median": 51.3082199097,
        "min": 1.08975579694e-16,
        "var": 980.074768066
    },
    "melbands_crest": {
        "dmean": 4.62215709686,
        "dmean2": 7.39375495911,
        "dvar": 16.3865127563,
        "dvar2": 38.2278175354,
        "max": 39.2518196106,
        "mean": 14.4877052307,
        "median": 13.1019935608,
        "min": 1.00306785107,
        "var": 50.1479949951
    },
    "melbands_flatness_db": {
        "dmean": 0.0289037916809,
        "dmean2": 0.0434354767203,
        "dvar": 0.000904073007405,
        "dvar2": 0.00175124197267,
        "max": 0.970694839954,
        "mean": 0.121955268085,
        "median": 0.106593757868,
        "min": 2.45917107122e-07,
        "var": 0.00518293725327
    },
    "melbands_kurtosis": {
        "dmean": 8.2598733902,
        "dmean2": 12.3661355972,
        "dvar": 1925.99609375,
        "dvar2": 4783.83642578,
        "max": 2629.3581543,
        "mean": 11.1269512177,
        "median": 2.63540458679,
        "min": -1.75282621384,
        "var": 3513.34375
    },
    "melbands_skewness": {
        "dmean": 0.805814445019,
        "dmean2": 1.17925179005,
        "dvar": 1.18153941631,
        "dvar2": 2.25917100906,
        "max": 27.4230442047,
        "mean": 2.1354842186,
        "median": 1.61106777191,
        "min": -2.76995277405,
        "var": 4.03041648865
    },
    "melbands_spread": {
        "dmean": 12.6638755798,
        "dmean2": 20.1644630432,
        "dvar": 173.874664307,
        "dvar2": 403.210357666,
        "max": 189.848068237,
        "mean": 48.6359176636,
        "median": 47.4072990417,
        "min": 0.0215899199247,
        "var": 683.407653809
    },
    "pitch_salience": {
        "dmean": 0.0935111343861,
        "dmean2": 0.147015869617,
        "dvar": 0.00775915244594,
        "dvar2": 0.0166435725987,
        "max": 0.997642695904,
        "mean": 0.56580811739,
        "median": 0.599831581116,
        "min": 0.00844565127045,
        "var": 0.021889379248
    },
    "silence_rate_20dB": {
        "dmean": 0,
        "dmean2": 0,
        "dvar": 0,
        "dvar2": 0,
        "max": 1,
        "mean": 1,
        "median": 1,
        "min": 1,
        "var": 0
    },
    "silence_rate_30dB": {
        "dmean": 0,
        "dmean2": 0,
        "dvar": 0,
        "dvar2": 0,
        "max": 1,
        "mean": 1,
        "median": 1,
        "min": 1,
        "var": 0
    },
    "silence_rate_60dB": {
        "dmean": 0.000897531805094,
        "dmean2": 0.00179533218034,
        "dvar": 0.000896758050658,
        "dvar2": 0.0020913919434,
        "max": 1,
        "mean": 0.0409811548889,
        "median": 0,
        "min": 0,
        "var": 0.0393008589745
    },
    "spectral_centroid": {
        "dmean": 292.605041504,
        "dmean2": 463.097961426,
        "dvar": 103174.9375,
        "dvar2": 229135.21875,
        "max": 11760.2001953,
        "mean": 2423.33569336,
        "median": 2445.44067383,
        "min": 47.2437591553,
        "var": 1251449.25
    },
    "spectral_complexity": {
        "dmean": 5.48212432861,
        "dmean2": 8.59096336365,
        "dvar": 29.5134792328,
        "dvar2": 63.172908783,
        "max": 64,
        "mean": 36.4102592468,
        "median": 40,
        "min": 0,
        "var": 196.060623169
    },
    "spectral_decrease": {
        "dmean": 1.6498835631e-09,
        "dmean2": 2.60774712935e-09,
        "dvar": 2.87799957909e-18,
        "dvar2": 6.77037446566e-18,
        "max": 1.86558526292e-28,
        "mean": -7.6601773813e-09,
        "median": -7.57185780742e-09,
        "min": -2.54314134196e-08,
        "var": 1.33289278288e-17
    },
    "spectral_energy": {
        "dmean": 0.00676773907617,
        "dmean2": 0.0109016215429,
        "dvar": 4.61383788206e-05,
        "dvar2": 0.000112137320684,
        "max": 0.0999224334955,
        "mean": 0.0337646231055,
        "median": 0.0346222296357,
        "min": 1.01495973967e-20,
        "var": 0.000221912923735
    },
    "spectral_energyband_high": {
        "dmean": 0.00137477449607,
        "dmean2": 0.00230466620997,
        "dvar": 3.59247133019e-06,
        "dvar2": 9.41972393775e-06,
        "max": 0.0198497455567,
        "mean": 0.00436504231766,
        "median": 0.00391954928637,
        "min": 7.20891781249e-21,
        "var": 1.09897364382e-05
    },
    "spectral_energyband_low": {
        "dmean": 0.00607817759737,
        "dmean2": 0.00928655359894,
        "dvar": 6.03196167503e-05,
        "dvar2": 0.000121032331663,
        "max": 0.0916222184896,
        "mean": 0.0124408109114,
        "median": 0.00747537380084,
        "min": 2.41559779915e-23,
        "var": 0.000183545984328
    },
    "spectral_energyband_middle_high": {
        "dmean": 0.00340115441941,
        "dmean2": 0.00554593326524,
        "dvar": 1.46074708027e-05,
        "dvar2": 3.71878631995e-05,
        "max": 0.0430673323572,
        "mean": 0.00988092087209,
        "median": 0.00916796177626,
        "min": 1.15315611395e-21,
        "var": 3.77349279006e-05
    },
    "spectral_energyband_middle_low": {
        "dmean": 0.00443733017892,
        "dmean2": 0.00764278601855,
        "dvar": 4.2932551878e-05,
        "dvar2": 0.000116250361316,
        "max": 0.0590504668653,
        "mean": 0.00773533806205,
        "median": 0.00594109017402,
        "min": 2.06182466961e-22,
        "var": 4.80172529933e-05
    },
    "spectral_entropy": {
        "dmean": 0.100270599127,
        "dmean2": 0.160601601005,
        "dvar": 0.0146366860718,
        "dvar2": 0.0312067195773,
        "max": 9.82059669495,
        "mean": 8.13817501068,
        "median": 8.23666381836,
        "min": 2.84225082397,
        "var": 0.187702223659
    },
    "spectral_flux": {
        "dmean": 0.0249698217958,
        "dmean2": 0.0375358127058,
        "dvar": 0.000581600761507,
        "dvar2": 0.00115477037616,
        "max": 0.272105574608,
        "mean": 0.113475739956,
        "median": 0.111267998815,
        "min": 6.42254097127e-11,
        "var": 0.00214277859777
    },
    "spectral_kurtosis": {
        "dmean": 0.826895654202,
        "dmean2": 1.34458911419,
        "dvar": 10.6518211365,
        "dvar2": 18.4501113892,
        "max": 261.372650146,
        "mean": 3.04389500618,
        "median": 2.25912237167,
        "min": -1.24569356441,
        "var": 26.3285942078
    },
    "spectral_rms": {
        "dmean": 0.000569554220419,
        "dmean2": 0.000909419264644,
        "dvar": 3.01581366102e-07,
        "dvar2": 7.06840410203e-07,
        "max": 0.00987346470356,
        "mean": 0.00550957070664,
        "median": 0.0058118654415,
        "min": 3.14675173939e-12,
        "var": 2.58574800682e-06
    },
    "spectral_rolloff": {
        "dmean": 922.017944336,
        "dmean2": 1507.61657715,
        "dvar": 1130363.625,
        "dvar2": 2626976,
        "max": 19767.4804688,
        "mean": 3605.19091797,
        "median": 3380.71289062,
        "min": 43.06640625,
        "var": 6642567.5
    },
    "spectral_skewness": {
        "dmean": 0.128799811006,
        "dmean2": 0.203880086541,
        "dvar": 0.0383374616504,
        "dvar2": 0.0742825493217,
        "max": 14.101392746,
        "mean": 1.27844178677,
        "median": 1.20228815079,
        "min": -0.0820788443089,
        "var": 0.241632521152
    },
    "spectral_spread": {
        "dmean": 466728.8125,
        "dmean2": 729999.5625,
        "dvar": 470688366592,
        "dvar2": 962778955776,
        "max": 41945964,
        "mean": 5974663,
        "median": 5743775,
        "min": 589819.125,
        "var": 1.53965622723e+13
    },
    "spectral_strongpeak": {
        "dmean": 0.546416342258,
        "dmean2": 0.944156289101,
        "dvar": 0.877444267273,
        "dvar2": 2.24585127831,
        "max": 9.23208522797,
        "mean": 0.803238451481,
        "median": 0.363088935614,
        "min": 0,
        "var": 1.4087678194
    },
    "zerocrossingrate": {
        "dmean": 0.0142667964101,
        "dmean2": 0.0179143119603,
        "dvar": 0.000223193856073,
        "dvar2": 0.00029028908466,
        "max": 0.73583984375,
        "mean": 0.113805681467,
        "median": 0.111328125,
        "min": 0.0009765625,
        "var": 0.00386979267932
    },
    "barkbands": {
        "dmean": [0.000552455487195, 0.00539144827053, 0.00229106331244, 0.00157764623873, 0.00164312531706, 0.000927289074752, 0.000711023982149, 0.000615764234681, 0.000930870824959, 0.000656080490444, 0.000758048612624, 0.000877650047187, 0.000547243922483, 0.000769192236476, 0.000557185558137, 0.000557561812457, 0.000405662052799, 0.000410277221818, 0.000450225867098, 0.000402025150834, 0.000332617142703, 0.000312632269925, 0.000301988329738, 0.000330253998982, 0.000197795321583, 9.47376029217e-05, 2.362491432e-05],
        "dmean2": [0.000891206844244, 0.00810525286943, 0.00390711287037, 0.00294152856804, 0.00296770199202, 0.00156984804198, 0.00117749883793, 0.00100808159914, 0.0015123328194, 0.00107352086343, 0.00124702544417, 0.00148516951595, 0.000931140326429, 0.00125868641771, 0.000915722514037, 0.000926150125451, 0.00068008445669, 0.000694160000421, 0.000753639673349, 0.00066293484997, 0.000564364308957, 0.00053040595958, 0.000506681273691, 0.000567678245716, 0.00032937087235, 0.000158558250405, 3.93255359086e-05],
        "dvar": [9.29410589379e-07, 5.30989200342e-05, 2.42105816142e-05, 1.58839866344e-05, 9.71767713054e-06, 2.39715382122e-06, 9.44708801853e-07, 1.1173723351e-06, 2.76417131317e-06, 1.06679556211e-06, 1.50080541061e-06, 1.85693625099e-06, 8.51408117342e-07, 1.42061196584e-06, 7.42571330647e-07, 6.06264393355e-07, 2.69846907486e-07, 2.43729630256e-07, 3.22490933513e-07, 2.69439709655e-07, 2.01761992003e-07, 1.41114014696e-07, 1.50887387917e-07, 2.14788371977e-07, 7.97622874416e-08, 1.81149122369e-08, 1.55766888277e-09],
        "dvar2": [2.37762219513e-06, 0.000103017540823, 6.26478285994e-05, 4.55683002656e-05, 2.73068981187e-05, 5.94423454459e-06, 2.29174679589e-06, 2.36807773035e-06, 6.54105724607e-06, 2.62920298155e-06, 3.66210815628e-06, 4.63725154987e-06, 2.22277526518e-06, 3.44250565831e-06, 1.74622562099e-06, 1.58059071964e-06, 7.06810908468e-07, 6.36372590179e-07, 8.4409396095e-07, 6.98379722053e-07, 5.51407254079e-07, 3.76666662305e-07, 4.02117024123e-07, 5.76445529532e-07, 2.10821326618e-07, 4.7605642095e-08, 4.17074552672e-09],
        "max": [0.018019573763, 0.0886694416404, 0.0346645824611, 0.0317896828055, 0.0340550243855, 0.0497201867402, 0.0154926292598, 0.0222892928869, 0.0559037923813, 0.0276806280017, 0.032435964793, 0.0362758934498, 0.0148318251595, 0.0220231041312, 0.0138658285141, 0.015409393236, 0.0111972531304, 0.00751572521403, 0.0117442179471, 0.0139101110399, 0.00602498138323, 0.00570216262713, 0.00493634911254, 0.00464599020779, 0.0029714058619, 0.00136878108606, 0.000505850475747],
        "mean": [0.000744921562728, 0.00912729743868, 0.00203666952439, 0.00117109937128, 0.00165723019745, 0.00119087682106, 0.00108889152762, 0.000855636841152, 0.00156631262507, 0.000992806395516, 0.00116492889356, 0.00123544828966, 0.000775682216045, 0.00118362985086, 0.000921863305848, 0.000910917820875, 0.000695215945598, 0.000811090867501, 0.000887745060027, 0.000940765952691, 0.000777765817475, 0.000754091423005, 0.000794258085079, 0.000745008292142, 0.000472136103781, 0.000221640992095, 4.06995204685e-05],
        "median": [0.000170105573488, 0.00424182973802, 0.00057774054585, 0.000264360918663, 0.000819511245936, 0.000633923686109, 0.000570893229451, 0.000439934374299, 0.000773058563937, 0.000586945214309, 0.000560146174394, 0.000686082057655, 0.00048153847456, 0.000696302449796, 0.000520616304129, 0.000687165302224, 0.000545233138837, 0.000671407789923, 0.000762862968259, 0.000791451486293, 0.000712143606506, 0.000657742493786, 0.000647353124805, 0.000536394712981, 0.000363234023098, 0.000177873385837, 2.43014092121e-05],
        "min": [2.63397599417e-25, 2.10165798014e-24, 2.09029483323e-24, 1.15976594792e-24, 9.68606175691e-24, 1.07014661592e-23, 9.79893513068e-24, 1.02134144832e-23, 2.17833794226e-23, 1.99235925068e-23, 1.25571438984e-23, 3.07975462584e-23, 3.25061053831e-23, 1.61272167554e-23, 5.0375452028e-23, 5.86345669592e-23, 7.33668977739e-23, 9.51800630065e-23, 1.3074665209e-22, 1.90343452649e-22, 2.45568941429e-22, 3.02185021591e-22, 3.67843416724e-22, 5.40559753513e-22, 8.67660157935e-22, 1.31847359178e-21, 1.95948686772e-21],
        "var": [1.62035541962e-06, 0.000140939868288, 1.94363092305e-05, 9.61449768511e-06, 7.19802073945e-06, 3.23012886838e-06, 2.01482544071e-06, 2.12030067814e-06, 9.9254775705e-06, 1.74771480488e-06, 4.14047144659e-06, 2.80492258753e-06, 1.01806608654e-06, 2.45831461143e-06, 1.66630366039e-06, 9.06234333797e-07, 4.04790938546e-07, 4.50379133099e-07, 5.58218971491e-07, 6.29003011454e-07, 3.65669848179e-07, 3.60058834303e-07, 4.89210776777e-07, 5.14624161951e-07, 1.95634839883e-07, 4.03662170356e-08, 2.60900967497e-09]
    },
    "erbbands": {
        "dmean": [0.206352353096, 1.16566264629, 2.62567543983, 3.65818524361, 5.5788602829, 5.53948783875, 6.30049943924, 8.15879917145, 9.16338443756, 10.5129175186, 14.5887212753, 18.4222183228, 21.8326377869, 26.3586425781, 27.9347839355, 30.272397995, 24.8855686188, 28.9957275391, 33.5228004456, 26.3978614807, 29.2778873444, 23.6323928833, 22.5491428375, 22.1088867188, 19.3456287384, 17.0833568573, 16.9983692169, 11.7952070236, 11.7536916733, 10.6027555466, 9.16645622253, 7.13226461411, 5.38226795197, 2.56128144264, 1.29903757572, 0.554987847805, 0.152155727148, 0.038454618305, 0.00394262094051, 6.24406093266e-05],
        "dmean2": [0.310557544231, 1.72220182419, 4.31177711487, 6.48647785187, 10.2796764374, 9.97708034515, 10.9398164749, 13.7992515564, 15.3947734833, 17.26820755, 23.8370265961, 30.1504917145, 35.5759544373, 42.536529541, 47.3470230103, 51.4236755371, 41.9736633301, 47.5336685181, 54.3487701416, 42.6334495544, 48.6198806763, 39.7037849426, 37.9455337524, 36.9000473022, 32.3744163513, 28.5069656372, 28.2474498749, 19.9644584656, 19.7957038879, 18.1084671021, 15.3094205856, 12.1943340302, 9.25983333588, 4.26352548599, 2.18200755119, 0.932269096375, 0.251824647188, 0.063866019249, 0.00660941330716, 0.000104624858068],
        "dvar": [0.0847879424691, 2.97840762138, 29.7528705597, 72.4472961426, 157.070037842, 108.743431091, 124.110107422, 169.987197876, 167.225601196, 199.383972168, 617.320251465, 950.74432373, 1346.14807129, 1552.63745117, 2276.55493164, 2238.76733398, 1739.08557129, 1838.44384766, 2620.00024414, 1745.87463379, 1485.5925293, 990.57800293, 787.979675293, 738.037109375, 624.852783203, 573.424316406, 478.443237305, 238.601455688, 211.01473999, 190.185531616, 138.133560181, 103.203689575, 54.0659294128, 12.9332580566, 3.34881901741, 0.60775333643, 0.0479190088809, 0.00386652955785, 4.44675788458e-05, 1.02136814562e-08],
        "dvar2": [0.191458195448, 5.54950618744, 72.7980880737, 197.419906616, 449.695770264, 302.101837158, 320.171081543, 433.832458496, 414.037658691, 492.033172607, 1348.07312012, 2337.92773438, 3238.55200195, 3555.21362305, 6075.28027344, 5795.66845703, 4553.46826172, 4614.84033203, 6355.31396484, 3996.87841797, 3974.70825195, 2566.85839844, 2061.92089844, 1936.38415527, 1610.24377441, 1540.24975586, 1267.55859375, 638.621704102, 567.055969238, 514.099365234, 367.199768066, 281.485778809, 143.59274292, 34.4090881348, 8.82123947144, 1.60250258446, 0.125733181834, 0.010365174152, 0.00012150870316, 2.78352452199e-08],
        "max": [3.06809949875, 20.7049942017, 39.0770225525, 74.1489562988, 88.0757369995, 167.319625854, 388.935699463, 313.39666748, 243.740814209, 201.451171875, 480.545928955, 663.069091797, 1229.94055176, 1327.45910645, 773.911132812, 789.748901367, 680.074157715, 658.064575195, 1085.75878906, 1215.31555176, 696.037597656, 764.26184082, 486.517730713, 447.221740723, 575.446533203, 885.421447754, 252.785766602, 317.511413574, 235.883453369, 146.904998779, 177.882125854, 109.938041687, 83.3121871948, 41.6522293091, 21.8005142212, 7.18419790268, 2.69324493408, 0.778817296028, 0.10748232156, 0.00147381855641],
        "mean": [0.308542728424, 1.83973288536, 2.73016810417, 3.2143099308, 4.72350311279, 5.57874393463, 7.12390851974, 10.7040529251, 13.8642520905, 16.3668117523, 22.0756263733, 29.9158859253, 37.5726852417, 47.4465751648, 41.1388626099, 42.9176292419, 37.3861999512, 47.5403938293, 57.4395484924, 47.4727973938, 51.0052986145, 43.1103172302, 44.5215415955, 45.7505989075, 41.250202179, 40.4626312256, 39.2288780212, 28.048746109, 27.422246933, 24.4748840332, 23.2875556946, 16.4734954834, 11.9521379471, 6.10947799683, 2.92757630348, 1.21265542507, 0.356730014086, 0.0813935697079, 0.00653987005353, 0.000159133502166],
        "median": [0.14316290617, 0.645952701569, 0.986202001572, 0.97847533226, 1.67577266693, 2.61416459084, 3.82379150391, 5.49157619476, 8.1870880127, 9.50132369995, 12.3645687103, 16.3351516724, 20.6096954346, 26.8060379028, 25.7706985474, 25.4925842285, 24.4831848145, 32.4801330566, 35.0398330688, 32.0244178772, 40.5497741699, 35.0479125977, 36.7489852905, 38.989906311, 35.8196105957, 35.229675293, 34.3417663574, 25.4215011597, 23.5455055237, 20.5955924988, 18.8333015442, 12.3366661072, 8.32773017883, 4.5573091507, 2.26609802246, 0.970380067825, 0.279679179192, 0.060739390552, 0.00371738686226, 0.000128439205582],
        "min": [1.03782351364e-22, 4.69774317854e-22, 3.54309729131e-21, 4.08743787213e-21, 1.57515060352e-20, 2.72537949572e-20, 7.12994274351e-20, 1.03118280328e-19, 1.51146616203e-19, 1.94705171778e-19, 2.92395059949e-19, 4.10287529187e-19, 6.30101316095e-19, 7.76769434289e-19, 9.69259119119e-19, 1.19906922863e-18, 1.55536011349e-18, 1.88953653147e-18, 2.04436261506e-18, 2.14937153946e-18, 4.38370197246e-18, 4.71362420055e-18, 5.42991752967e-18, 6.34100279407e-18, 6.14246579858e-18, 9.30563713461e-18, 8.79214326268e-18, 9.79651754297e-18, 9.83802298456e-18, 1.0090686957e-17, 1.02209861015e-17, 8.65891259013e-18, 1.08134178193e-17, 6.98681826706e-18, 6.21528623021e-18, 3.96057013782e-18, 2.3558935162e-18, 9.30943285965e-19, 2.6259383628e-19, 2.74756279954e-20],
        "var": [0.181714311242, 7.02864360809, 28.5254478455, 51.5057220459, 100.936737061, 85.4334335327, 127.471908569, 267.110839844, 292.227783203, 405.381011963, 1115.4095459, 2220.18115234, 4627.49414062, 6036.04443359, 2655.24609375, 2979.19946289, 2145.12817383, 2888.13427734, 5004.58154297, 3655.42919922, 2211.99316406, 1480.51538086, 1397.52209473, 1361.12304688, 1166.40344238, 1157.17578125, 995.838562012, 488.246795654, 513.587585449, 426.396911621, 443.259124756, 248.988067627, 138.488265991, 34.0082550049, 7.49926137924, 1.26457083225, 0.10769033432, 0.00711052073166, 7.15686546755e-05, 1.85737452085e-08]
    },
    "gfcc": {
        "mean": [48.2499313354, 35.5758247375, -115.002250671, 30.8755207062, -55.2571105957, 23.0610580444, -30.7041549683, 16.0779914856, -21.0563812256, 8.8782081604, -14.9737262726, 6.52825164795, -10.5811805725],
        "cov": [[30642.9199219, -1390.51135254, -1044.14562988, 1515.72851562, -1095.89929199, 476.635467529, -1269.6706543, 574.854431152, -311.034301758, 429.938812256, -496.563323975, 352.352020264, -411.216674805], [-1390.51135254, 1005.77947998, -304.161010742, -144.570861816, 75.0554580688, -25.9826221466, 162.493133545, -90.1276016235, -1.74317848682, -77.2401580811, 35.4914627075, -69.2156600952, 60.2936515808], [-1044.14562988, -304.161010742, 744.985351562, 349.614929199, 157.696914673, 64.0784759521, 41.5368309021, 62.0916595459, 59.2390480042, 44.7931785583, 20.6825714111, 8.38220024109, -20.2033195496], [1515.72851562, -144.570861816, 349.614929199, 587.36706543, 58.9603233337, 128.651550293, -16.3192157745, 85.6084213257, 39.1542854309, 66.4947891235, 2.20382189751, -1.19440877438, -33.8504104614], [-1095.89929199, 75.0554580688, 157.696914673, 58.9603233337, 234.450042725, 63.9598503113, 112.732345581, 15.0154008865, 64.4650726318, 21.330488205, 25.9511985779, -2.79549455643, 20.1296977997], [476.635467529, -25.9826221466, 64.0784759521, 128.651550293, 63.9598503113, 186.04675293, 66.0502548218, 59.5997581482, 38.2909202576, 45.4173660278, 18.3077945709, 9.40499591827, 9.12759685516], [-1269.6706543, 162.493133545, 41.5368309021, -16.3192157745, 112.732345581, 66.0502548218, 207.315216064, 31.3033351898, 63.1382637024, 13.1682720184, 47.9708824158, -6.83352088928, 35.6008872986], [574.854431152, -90.1276016235, 62.0916595459, 85.6084213257, 15.0154008865, 59.5997581482, 31.3033351898, 139.920898438, 67.4477157593, 56.464225769, 10.1359186172, 30.0040416718, 7.43536424637], [-311.034301758, -1.74317848682, 59.2390480042, 39.1542854309, 64.4650726318, 38.2909202576, 63.1382637024, 67.4477157593, 116.089057922, 58.6847572327, 32.4077110291, 16.9988803864, 22.0340003967], [429.938812256, -77.2401580811, 44.7931785583, 66.4947891235, 21.330488205, 45.4173660278, 13.1682720184, 56.464225769, 58.6847572327, 97.4086685181, 34.0444259644, 23.7797279358, 2.66175556183], [-496.563323975, 35.4914627075, 20.6825714111, 2.20382189751, 25.9511985779, 18.3077945709, 47.9708824158, 10.1359186172, 32.4077110291, 34.0444259644, 86.9896697998, 26.9904842377, 28.5420837402], [352.352020264, -69.2156600952, 8.38220024109, -1.19440877438, -2.79549455643, 9.40499591827, -6.83352088928, 30.0040416718, 16.9988803864, 23.7797279358, 26.9904842377, 77.4636917114, 25.6755142212], [-411.216674805, 60.2936515808, -20.2033195496, -33.8504104614, 20.1296977997, 9.12759685516, 35.6008872986, 7.43536424637, 22.0340003967, 2.66175556183, 28.5420837402, 25.6755142212, 70.1142959595]],
        "icov": [[0.000147426428157, -4.25189282396e-05, 0.000378667609766, -0.000433113513282, 0.000248926255153, -0.000339909107424, 0.000489882251713, -0.000374966737581, 0.000417168892454, -0.000631558417808, 0.000749608152546, -0.000827443553135, 0.000455761997728], [-4.25189282396e-05, 0.00179741263855, 0.000863907509483, -0.000349435082171, -0.000636651471723, 0.000598379585426, -0.00133055634797, 0.000712497334462, -0.000326044828398, 0.00124522019178, -0.000943524355534, 0.0016147486167, -0.00116190838162], [0.000378667609766, 0.000863907509483, 0.00372171704657, -0.00263799913228, -0.00102460500784, 5.77212886128e-05, 0.000602289685048, -0.000972836453002, 0.000874872610439, -0.00074546324322, 0.00116559513845, -0.00180874625221, 0.00130199885461], [-0.000433113513282, -0.000349435082171, -0.00263799913228, 0.00449245003983, -0.000515235180501, -0.000917701574508, -5.86076396303e-08, 6.94662667229e-05, -0.000985426944681, 0.000955512747169, -0.00224475981668, 0.0029355539009, -0.000458658294519], [0.000248926255153, -0.000636651471723, -0.00102460500784, -0.000515235180501, 0.00819079950452, -0.0020892652683, -0.00181242916733, 0.00161969091278, -0.00233539799228, -0.00130184437148, 0.00254684290849, -0.00201602955349, 0.000617189682089], [-0.000339909107424, 0.000598379585426, 5.77212886128e-05, -0.000917701574508, -0.0020892652683, 0.00950348190963, -0.00392344361171, -0.000984073616564, 0.000994852511212, -0.000891353411134, -0.00127390597481, 0.00202012318186, -0.00197536917403], [0.000489882251713, -0.00133055634797, 0.000602289685048, -5.86076396303e-08, -0.00181242916733, -0.00392344361171, 0.0120795099065, -0.0034668946173, -0.00106282916386, 0.000302903325064, -0.00152103661094, -0.000141825497849, 0.000449792074505], [-0.000374966737581, 0.000712497334462, -0.000972836453002, 6.94662667229e-05, 0.00161969091278, -0.000984073616564, -0.0034668946173, 0.0148463025689, -0.00729370256886, -0.00116787920706, 0.00173208187334, -0.00176537269726, -0.000931790389586], [0.000417168892454, -0.000326044828398, 0.000874872610439, -0.000985426944681, -0.00233539799228, 0.000994852511212, -0.00106282916386, -0.00729370256886, 0.0205636359751, -0.00999583397061, 0.00147671601735, -0.00109254498966, -0.00192638172302], [-0.000631558417808, 0.00124522019178, -0.00074546324322, 0.000955512747169, -0.00130184437148, -0.000891353411134, 0.000302903325064, -0.00116787920706, -0.00999583397061, 0.0240493565798, -0.0103732142597, 0.0025682898704, 0.00144199933857], [0.000749608152546, -0.000943524355534, 0.00116559513845, -0.00224475981668, 0.00254684290849, -0.00127390597481, -0.00152103661094, 0.00173208187334, 0.00147671601735, -0.0103732142597, 0.0230660941452, -0.00967301800847, -0.00143461220432], [-0.000827443553135, 0.0016147486167, -0.00180874625221, 0.0029355539009, -0.00201602955349, 0.00202012318186, -0.000141825497849, -0.00176537269726, -0.00109254498966, 0.0025682898704, -0.00967301800847, 0.0247275829315, -0.00964197795838], [0.000455761997728, -0.00116190838162, 0.00130199885461, -0.000458658294519, 0.000617189682089, -0.00197536917403, 0.000449792074505, -0.000931790389586, -0.00192638172302, 0.00144199933857, -0.00143461220432, -0.00964197795838, 0.0227042213082]]
    },
    "melbands": {
        "dmean": [0.00162458629347, 0.00130936817732, 0.00066665437771, 0.00039151054807, 0.000220416681259, 0.000179532187758, 0.000142598379171, 0.000120302618598, 0.000122769997688, 0.000128279978526, 0.00011372215522, 0.00010647696763, 9.03771870071e-05, 0.000102934223833, 7.36867150408e-05, 5.80012710998e-05, 5.78537474212e-05, 6.36755939922e-05, 4.7353147238e-05, 3.65189662261e-05, 3.54747353413e-05, 2.74224858003e-05, 2.20729489229e-05, 1.9964072635e-05, 1.97559111257e-05, 1.69242630363e-05, 1.39586536534e-05, 1.26322302094e-05, 1.28976571432e-05, 9.57905376708e-06, 6.83765711074e-06, 7.04004150975e-06, 7.0739702096e-06, 6.23482173978e-06, 5.66448125028e-06, 5.07346749146e-06, 4.66790834253e-06, 4.2055207814e-06, 3.26289477925e-06, 2.08155006476e-06],
        "dmean2": [0.00238462490961, 0.00199606921524, 0.00116841110867, 0.000710641092155, 0.000384894548915, 0.000303676817566, 0.000238387772697, 0.000196105858777, 0.00020120118279, 0.000209816324059, 0.000185561264516, 0.000171836392838, 0.000151915824972, 0.000174228160176, 0.000124189580674, 9.7350210126e-05, 9.50814574026e-05, 0.000103897378722, 7.80329282861e-05, 6.0740931076e-05, 5.91287716816e-05, 4.61299787275e-05, 3.7584148231e-05, 3.35479235218e-05, 3.31526644004e-05, 2.84874422505e-05, 2.34912822634e-05, 2.11168917303e-05, 2.12984232348e-05, 1.65148576343e-05, 1.16079118015e-05, 1.18437646961e-05, 1.21335815493e-05, 1.07072091851e-05, 9.43601844483e-06, 8.70443091117e-06, 7.99626832304e-06, 7.21435390005e-06, 5.65446225664e-06, 3.42291536981e-06],
        "dvar": [4.53519533039e-06, 5.22090567756e-06, 2.29369015869e-06, 6.03219575623e-07, 1.40124370773e-07, 8.01287853847e-08, 3.73698973988e-08, 2.86664629812e-08, 4.58599238584e-08, 5.19281293521e-08, 3.68444865728e-08, 2.40090791692e-08, 2.17969251537e-08, 2.79301950457e-08, 1.71618577127e-08, 9.56509538241e-09, 7.81558462393e-09, 1.1652828924e-08, 6.87546064526e-09, 3.69455244176e-09, 2.22244023185e-09, 1.40887268518e-09, 7.99427635201e-10, 5.96971860833e-10, 6.20110296445e-10, 5.23752985426e-10, 3.22020909937e-10, 3.12228604082e-10, 2.77391026815e-10, 1.75252506951e-10, 8.32697591435e-11, 7.57765863946e-11, 7.78437730942e-11, 7.2295405773e-11, 5.23762734572e-11, 4.89435852957e-11, 4.26572145662e-11, 3.31020905131e-11, 2.04834448014e-11, 8.76034661479e-12],
        "dvar2": [9.60519992077e-06, 1.14326785479e-05, 6.17758314547e-06, 1.70222313045e-06, 3.7237680317e-07, 2.02432786978e-07, 9.19594995707e-08, 6.6866427062e-08, 1.025016374e-07, 1.27055898247e-07, 8.84042989924e-08, 5.59468098515e-08, 5.74248133489e-08, 7.04056191125e-08, 4.21091819192e-08, 2.47786697827e-08, 1.96572909061e-08, 2.7984352613e-08, 1.60125512849e-08, 9.29784693682e-09, 5.99038862958e-09, 3.65431995775e-09, 2.10849071536e-09, 1.57921109523e-09, 1.63252633634e-09, 1.36987332588e-09, 8.36948732541e-10, 8.56296256124e-10, 7.13934744656e-10, 4.82485662534e-10, 2.24762430889e-10, 2.04225913958e-10, 2.13804959848e-10, 1.97571611849e-10, 1.38818623263e-10, 1.36219896474e-10, 1.16067357114e-10, 8.71704652905e-11, 5.61745823469e-11, 2.33550505324e-11],
        "max": [0.0244308430701, 0.0196950789541, 0.0115762185305, 0.00623069889843, 0.0101271225139, 0.00603962317109, 0.00331947836094, 0.00284468312748, 0.00519393570721, 0.00630782591179, 0.00622846418992, 0.00490962527692, 0.00273912795819, 0.00496911117807, 0.00227831723168, 0.00196909415536, 0.00139438034967, 0.00235789292492, 0.00137203047052, 0.00149538728874, 0.000904975633603, 0.000939067453146, 0.000466977595352, 0.000404088583309, 0.000402248871978, 0.000463229400339, 0.000329507107381, 0.000603753142059, 0.000206451397389, 0.000167581369169, 0.000253839127254, 0.000125793347252, 0.000151419546455, 0.000102197227534, 0.00011387183622, 9.00739978533e-05, 7.67763194744e-05, 6.63920654915e-05, 4.14841160818e-05, 3.59970181307e-05],
        "mean": [0.00267664436251, 0.00181339879055, 0.000613561889622, 0.000371700443793, 0.00025074466248, 0.000238067441387, 0.000221326787141, 0.000183183437912, 0.00018161679327, 0.000207495497307, 0.000188492893358, 0.000188039150089, 0.000137305265525, 0.000140158837894, 9.30956812226e-05, 8.33172744024e-05, 8.99473307072e-05, 9.77436211542e-05, 7.7974247688e-05, 5.60785629204e-05, 5.82549946557e-05, 4.45776458946e-05, 3.87970030715e-05, 3.8449481508e-05, 3.7294386857e-05, 3.22214327753e-05, 2.74529556918e-05, 2.73140194622e-05, 2.71638782579e-05, 1.93714622583e-05, 1.47982173075e-05, 1.53167729877e-05, 1.48651888594e-05, 1.30092394102e-05, 1.33649400595e-05, 1.18900979942e-05, 9.57132760959e-06, 8.93413744052e-06, 6.4431624196e-06, 4.74786975246e-06],
        "median": [0.00133234751411, 0.000714237336069, 0.000206798242289, 0.000161229545483, 0.000136818460305, 0.00012749482994, 0.000128122788738, 0.000104656151962, 9.77031959337e-05, 0.00010185391875, 9.75012881099e-05, 0.000103889527963, 8.3317849203e-05, 7.55409855628e-05, 4.9445010518e-05, 5.10698664584e-05, 5.77373502892e-05, 5.34857535968e-05, 4.03798403568e-05, 3.85514649679e-05, 4.48228638561e-05, 3.34978612955e-05, 3.11083531415e-05, 3.14065728162e-05, 3.0359646189e-05, 2.67910399998e-05, 2.27228629228e-05, 2.23767001444e-05, 2.19077519432e-05, 1.67496800714e-05, 1.2815638911e-05, 1.27201547002e-05, 1.2401159438e-05, 1.04913015093e-05, 1.07946325443e-05, 8.97075005923e-06, 6.92584308126e-06, 6.05528884989e-06, 4.71942166769e-06, 3.44390264218e-06],
        "min": [1.13176414679e-24, 1.54116402394e-24, 9.09517082067e-25, 2.24318593742e-24, 2.0970581322e-24, 2.4296426787e-24, 2.14730936073e-24, 1.99536784785e-24, 2.18797474596e-24, 2.37455356346e-24, 2.48789630947e-24, 2.77590272064e-24, 2.52845657898e-24, 3.88344035739e-24, 2.97693287829e-24, 3.11582012369e-24, 3.01762094327e-24, 2.12639429155e-24, 3.00666228479e-24, 2.77225778883e-24, 5.32948747769e-24, 3.75564252416e-24, 4.22345557919e-24, 5.081481442e-24, 4.98336962793e-24, 4.17728118383e-24, 4.32203597664e-24, 5.62336932489e-24, 4.48840161396e-24, 5.02864196085e-24, 5.58742763876e-24, 4.93631841366e-24, 5.63361386703e-24, 5.42959116555e-24, 4.82959223851e-24, 6.5821769015e-24, 4.86200022221e-24, 5.9015492902e-24, 5.21956326042e-24, 5.94354114505e-24],
        "var": [1.19161786643e-05, 7.84868552728e-06, 1.69048644239e-06, 4.34642203118e-07, 1.36988631994e-07, 1.2227684465e-07, 7.20478894323e-08, 5.7316402291e-08, 7.68122490058e-08, 1.5221073113e-07, 1.22576537365e-07, 8.87359661306e-08, 3.33283374232e-08, 4.09647675781e-08, 2.19422435777e-08, 1.2196339938e-08, 1.18811698258e-08, 1.97961931292e-08, 1.527423521e-08, 5.40769917734e-09, 3.17621862145e-09, 1.98352356762e-09, 1.17357801255e-09, 1.08893305484e-09, 1.05000996786e-09, 8.4924400845e-10, 6.1012728203e-10, 5.95592408725e-10, 5.8718130358e-10, 2.65480248895e-10, 1.54403545505e-10, 1.74634168237e-10, 1.61024346634e-10, 1.39177572245e-10, 1.49787529602e-10, 1.31564592554e-10, 9.13535150304e-11, 8.56900175816e-11, 3.87163877347e-11, 2.26656367286e-11]
    },
    "mfcc": {
        "mean": [-583.209106445, 70.6748504639, -1.87865924835, 13.8396940231, 2.02011370659, 7.69648790359, 4.4760389328, 7.57396173477, 3.18467903137, 5.97203731537, 1.1514595747, 2.00333380699, 1.63030517101],
        "cov": [[11542.6572266, -60.577796936, 206.495010376, 429.367645264, 221.861816406, 67.3354034424, -149.932769775, 16.4167079926, -0.268375366926, 98.5108795166, 40.1541633606, 160.908203125, 6.27321243286], [-60.577796936, 842.365539551, -278.194793701, -105.580490112, -89.5828933716, -8.74463748932, 15.9559335709, 0.0709462687373, 5.96450471878, -27.8836193085, -2.96329760551, -67.4154281616, -16.6620292664], [206.495010376, -278.194793701, 479.454986572, 249.180297852, 134.644607544, 85.486946106, 56.876499176, 43.7576026917, 28.9703083038, 41.6361312866, 29.1657562256, 50.9695549011, 23.9436626434], [429.367645264, -105.580490112, 249.180297852, 341.358886719, 133.627227783, 81.3030319214, 35.5335464478, 38.370891571, 33.2070808411, 47.6434593201, 27.4276580811, 50.8289222717, 13.2887763977], [221.861816406, -89.5828933716, 134.644607544, 133.627227783, 165.417953491, 80.2913360596, 33.5866966248, 29.9202651978, 35.1375083923, 37.7186737061, 26.8101158142, 27.8065414429, 11.7953863144], [67.3354034424, -8.74463748932, 85.486946106, 81.3030319214, 80.2913360596, 162.153640747, 75.9088745117, 38.7289047241, 32.9860916138, 48.8021240234, 30.4677257538, 12.9163703918, 12.9067153931], [-149.932769775, 15.9559335709, 56.876499176, 35.5335464478, 33.5866966248, 75.9088745117, 112.604873657, 49.0332145691, 27.9623908997, 36.4520454407, 15.2361307144, 12.7754993439, 16.0707950592], [16.4167079926, 0.0709462687373, 43.7576026917, 38.370891571, 29.9202651978, 38.7289047241, 49.0332145691, 93.8099136353, 50.9749450684, 32.0270996094, 22.3028793335, 14.4011106491, 17.2691993713], [-0.268375366926, 5.96450471878, 28.9703083038, 33.2070808411, 35.1375083923, 32.9860916138, 27.9623908997, 50.9749450684, 102.596076965, 49.9997673035, 39.495929718, 13.7408895493, 15.8192720413], [98.5108795166, -27.8836193085, 41.6361312866, 47.6434593201, 37.7186737061, 48.8021240234, 36.4520454407, 32.0270996094, 49.9997673035, 112.268417358, 45.689289093, 28.2590694427, 15.2550077438], [40.1541633606, -2.96329760551, 29.1657562256, 27.4276580811, 26.8101158142, 30.4677257538, 15.2361307144, 22.3028793335, 39.495929718, 45.689289093, 81.0905380249, 31.4109535217, 19.9403438568], [160.908203125, -67.4154281616, 50.9695549011, 50.8289222717, 27.8065414429, 12.9163703918, 12.7754993439, 14.4011106491, 13.7408895493, 28.2590694427, 31.4109535217, 83.6154556274, 25.8580150604], [6.27321243286, -16.6620292664, 23.9436626434, 13.2887763977, 11.7953863144, 12.9067153931, 16.0707950592, 17.2691993713, 15.8192720413, 15.2550077438, 19.9403438568, 25.8580150604, 69.65574646]],
