{
"lowlevel": {
    "average_loudness": 0.86938637495,
    "barkbands_crest": {
        "dmean": 3.12405133247,
        "dmean2": 4.99725103378,
        "dvar": 9.01017093658,
        "dvar2": 20.3732833862,
        "max": 26.8949146271,
        "mean": 11.3907356262,
        "median": 10.5064373016,
        "min": 1.81973850727,
        "var": 28.9789562225
    },
    "barkbands_flatness_db": {
        "dmean": 0.0272754319012,
        "dmean2": 0.0411846339703,
        "dvar": 0.00123630149756,
        "dvar2": 0.00244434573688,
        "max": 0.956069588661,
        "mean": 0.128378972411,
        "median": 0.0958941802382,
        "min": 0.0113087398931,
        "var": 0.0111000193283
    },
    "barkbands_kurtosis": {
        "dmean": 6.11819791794,
        "dmean2": 9.54040241241,
        "dvar": 999.24621582,
        "dvar2": 2501.07910156,
        "max": 1336.5748291,
        "mean": 5.81147098541,
        "median": 0.277888059616,
        "min": -1.89492630959,
        "var": 997.81640625
    },
    "barkbands_skewness": {
        "dmean": 0.734099149704,
        "dmean2": 1.11470365524,
        "dvar": 1.50506651402,
        "dvar2": 3.32521867752,
        "max": 26.7453479767,
        "mean": 1.29966962337,
        "median": 0.959408462048,
        "min": -13.6752557755,
        "var": 3.64885354042
    },
    "barkbands_spread": {
        "dmean": 7.85108470917,
        "dmean2": 12.5155258179,
        "dvar": 88.5980377197,
        "dvar2": 208.863708496,
        "max": 92.9195785522,
        "mean": 33.4583892822,
        "median": 33.4196395874,
        "min": 0.0457738749683,
        "var": 386.252746582
    },
    "dissonance": {
        "dmean": 0.0142719615251,
        "dmean2": 0.0244060866535,
        "dvar": 0.000458570488263,
        "dvar2": 0.00127683510073,
        "max": 0.500000119209,
        "mean": 0.477496117353,
        "median": 0.486807048321,
        "min": 0.102115541697,
        "var": 0.000883184431586
    },
    "dynamic_complexity": 3.98960232735,
    "erbbands_crest": {
        "dmean": 2.37656641006,
        "dmean2": 3.879144907,
        "dvar": 6.33342599869,
        "dvar2": 14.8559036255,
        "max": 31.0143375397,
        "mean": 7.65405654907,
        "median": 6.06580686569,
        "min": 2.06056833267,
        "var": 22.0829925537
    },
    "erbbands_flatness_db": {
        "dmean": 0.0157450269908,
        "dmean2": 0.0244228560477,
        "dvar": 0.000400356686441,
        "dvar2": 0.000833050638903,
        "max": 0.643016517162,
        "mean": 0.151410281658,
        "median": 0.106716841459,
        "min": 0.0447580963373,
        "var": 0.010844187811
    },
    "erbbands_kurtosis": {
        "dmean": 1.54610645771,
        "dmean2": 2.50772953033,
        "dvar": 115.06375885,
        "dvar2": 274.76852417,
        "max": 512.775756836,
        "mean": 1.12173175812,
        "median": -0.178586483002,
        "min": -1.88985800743,
        "var": 129.280853271
    },
    "erbbands_skewness": {
        "dmean": 0.382445752621,
        "dmean2": 0.597743332386,
        "dvar": 0.306580901146,
        "dvar2": 0.634156405926,
        "max": 15.5139703751,
        "mean": -0.0315617918968,
        "median": -0.123071759939,
        "min": -5.70497751236,
        "var": 0.86858433485
    },
    "erbbands_spread": {
        "dmean": 9.00298404694,
        "dmean2": 13.6609134674,
        "dvar": 127.081497192,
        "dvar2": 271.32043457,
        "max": 179.607574463,
        "mean": 39.830696106,
        "median": 37.9739151001,
        "min": 0.341456413269,
        "var": 461.465789795
    },
    "hfc": {
        "dmean": 9.77647209167,
        "dmean2": 15.3469457626,
        "dvar": 185.604751587,
        "dvar2": 444.153320312,
        "max": 168.094207764,
        "mean": 36.5882301331,
        "median": 30.5406532288,
        "min": 1.07795748826e-16,
        "var": 1002.19238281
    },
    "melbands_crest": {
        "dmean": 4.24017095566,
        "dmean2": 6.8185968399,
        "dvar": 15.8384685516,
        "dvar2": 39.0722770691,
        "max": 39.7063026428,
        "mean": 17.4193782806,
        "median": 17.0327148438,
        "min": 1.0023676157,
        "var": 53.5386924744
    },
    "melbands_flatness_db": {
        "dmean": 0.0340002477169,
        "dmean2": 0.0516552701592,
        "dvar": 0.00182438653428,
        "dvar2": 0.00368596846238,
        "max": 1,
        "mean": 0.189829006791,
        "median": 0.165364682674,
        "min": 3.10632287892e-07,
        "var": 0.0123977838084
    },
    "melbands_kurtosis": {
        "dmean": 20.3223991394,
        "dmean2": 29.1781005859,
        "dvar": 33107.1445312,
        "dvar2": 43541.0078125,
        "max": 19778.3496094,
        "mean": 26.9979553223,
        "median": 5.32986211777,
        "min": -1.89574027061,
        "var": 73277.28125
    },
    "melbands_skewness": {
        "dmean": 1.11007404327,
        "dmean2": 1.64604222775,
        "dvar": 3.31680250168,
        "dvar2": 6.59087467194,
        "max": 100.239700317,
        "mean": 2.89964795113,
        "median": 2.15718460083,
        "min": -7.24620580673,
        "var": 9.87177085876
    },
    "melbands_spread": {
        "dmean": 10.2145137787,
        "dmean2": 16.6227340698,
        "dvar": 152.531326294,
        "dvar2": 370.869750977,
        "max": 182.514221191,
        "mean": 32.8055305481,
        "median": 26.8129463196,
        "min": 0.0102051431313,
        "var": 601.490905762
    },
    "pitch_salience": {
        "dmean": 0.09932192415,
        "dmean2": 0.151621446013,
        "dvar": 0.00975916069001,
        "dvar2": 0.0222406946123,
        "max": 0.998528540134,
        "mean": 0.500004947186,
        "median": 0.521591722965,
        "min": 0.0035985535942,
        "var": 0.0267836879939
    },
    "silence_rate_20dB": {
        "dmean": 0,
        "dmean2": 0,
        "dvar": 0,
        "dvar2": 0,
        "max": 1,
        "mean": 1,
        "median": 1,
        "min": 1,
        "var": 0
    },
    "silence_rate_30dB": {
        "dmean": 0.00241323024966,
        "dmean2": 0.00482680276036,
        "dvar": 0.00240773824044,
        "dvar2": 0.00636485777795,
        "max": 1,
        "mean": 0.998154699802,
        "median": 1,
        "min": 0,
        "var": 0.00184213067405
    },
    "silence_rate_60dB": {
        "dmean": 0.0147632900625,
        "dmean2": 0.0295286774635,
        "dvar": 0.0145440306515,
        "dvar2": 0.0343428105116,
        "max": 1,
        "mean": 0.134847402573,
        "median": 0,
        "min": 0,
        "var": 0.116669453681
    },
    "spectral_centroid": {
        "dmean": 315.942077637,
        "dmean2": 493.750183105,
        "dvar": 158207.078125,
        "dvar2": 337067.40625,
        "max": 11836.3222656,
        "mean": 2058.07202148,
        "median": 2169.37695312,
        "min": 29.1213588715,
        "var": 1656633.625
    },
    "spectral_complexity": {
        "dmean": 5.42990970612,
        "dmean2": 8.4779958725,
        "dvar": 43.7697715759,
        "dvar2": 94.0187759399,
        "max": 69,
        "mean": 27.1745204926,
        "median": 28,
        "min": 0,
        "var": 298.772155762
    },
    "spectral_decrease": {
        "dmean": 1.85790682838e-09,
        "dmean2": 3.09661296605e-09,
        "dvar": 5.84751097652e-18,
        "dvar2": 1.47328692224e-17,
        "max": 2.00982086431e-25,
        "mean": -7.92888599221e-09,
        "median": -8.54019788221e-09,
        "min": -3.48703821373e-08,
        "var": 3.43310195933e-17
    },
    "spectral_energy": {
        "dmean": 0.00715730525553,
        "dmean2": 0.0119770243764,
        "dvar": 8.33167068777e-05,
        "dvar2": 0.000215113046579,
        "max": 0.132437080145,
        "mean": 0.0332440659404,
        "median": 0.0373234339058,
        "min": 9.89054123095e-21,
        "var": 0.000559726147912
    },
    "spectral_energyband_high": {
        "dmean": 0.000888849026524,
        "dmean2": 0.00140766531695,
        "dvar": 1.73635385181e-06,
        "dvar2": 4.23706569563e-06,
        "max": 0.0186561923474,
        "mean": 0.00270317960531,
        "median": 0.00217131129466,
        "min": 6.69450032878e-21,
        "var": 7.06204582457e-06
    },
    "spectral_energyband_low": {
        "dmean": 0.00715364981443,
        "dmean2": 0.0111868483946,
        "dvar": 0.000112817695481,
        "dvar2": 0.000226740521612,
        "max": 0.130309790373,
        "mean": 0.0175330154598,
        "median": 0.0115543268621,
        "min": 9.48029606726e-24,
        "var": 0.000405052414862
    },
    "spectral_energyband_middle_high": {
        "dmean": 0.0022395462729,
        "dmean2": 0.00347388186492,
        "dvar": 7.25896597942e-06,
        "dvar2": 1.61659518199e-05,
        "max": 0.0433759726584,
        "mean": 0.00690116873011,
        "median": 0.00495743565261,
        "min": 1.03474094815e-21,
        "var": 4.03838093916e-05
    },
    "spectral_energyband_middle_low": {
        "dmean": 0.00485645560548,
        "dmean2": 0.00829875376076,
        "dvar": 0.000102305828477,
        "dvar2": 0.000272682867944,
        "max": 0.0766055062413,
        "mean": 0.00672104675323,
        "median": 0.00436437316239,
        "min": 1.41206038926e-22,
        "var": 8.37127809064e-05
    },
    "spectral_entropy": {
        "dmean": 0.149745464325,
        "dmean2": 0.233905240893,
        "dvar": 0.0641544535756,
        "dvar2": 0.134040981531,
        "max": 9.82255649567,
        "mean": 7.8072385788,
        "median": 8.13426303864,
        "min": 2.73014473915,
        "var": 0.631489396095
    },
    "spectral_flux": {
        "dmean": 0.0258256942034,
        "dmean2": 0.0414944253862,
        "dvar": 0.000991634908132,
        "dvar2": 0.00234286230989,
        "max": 0.341642618179,
        "mean": 0.100326597691,
        "median": 0.104893095791,
        "min": 6.29392857276e-11,
        "var": 0.00402174890041
    },
    "spectral_kurtosis": {
        "dmean": 3.31738114357,
        "dmean2": 5.63275098801,
        "dvar": 115.568496704,
        "dvar2": 319.801544189,
        "max": 316.099151611,
        "mean": 9.62969684601,
        "median": 2.82763147354,
        "min": -1.28698027134,
        "var": 707.342041016
    },
    "spectral_rms": {
        "dmean": 0.000592491822317,
        "dmean2": 0.000981126329862,
        "dvar": 4.70266996899e-07,
        "dvar2": 1.19499668472e-06,
        "max": 0.011366921477,
        "mean": 0.00511748809367,
        "median": 0.00603432767093,
        "min": 3.10633354976e-12,
        "var": 6.2445515141e-06
    },
    "spectral_rolloff": {
        "dmean": 759.226257324,
        "dmean2": 1278.14196777,
        "dvar": 1112731.5,
        "dvar2": 2651486.25,
        "max": 19832.0800781,
        "mean": 2312.90649414,
        "median": 1744.18945312,
        "min": 43.06640625,
        "var": 6078271.5
    },
    "spectral_skewness": {
        "dmean": 0.276569753885,
        "dmean2": 0.460344791412,
        "dvar": 0.336287528276,
        "dvar2": 0.920252382755,
        "max": 13.9415931702,
        "mean": 1.72489905357,
        "median": 1.3195476532,
        "min": -0.106362842023,
        "var": 2.18712854385
    },
    "spectral_spread": {
        "dmean": 471807.0625,
        "dmean2": 735992.25,
        "dvar": 521739763712,
        "dvar2": 1.07782347162e+12,
        "max": 42925124,
        "mean": 5416671.5,
        "median": 5534104.5,
        "min": 279741.625,
        "var": 1.99786925916e+13
    },
    "spectral_strongpeak": {
        "dmean": 0.31164431572,
        "dmean2": 0.530324518681,
        "dvar": 0.543766438961,
        "dvar2": 1.38772916794,
        "max": 14.0334329605,
        "mean": 0.579016387463,
        "median": 0.354202628136,
        "min": 0,
        "var": 0.80825984478
    },
    "zerocrossingrate": {
        "dmean": 0.0129550658166,
        "dmean2": 0.0158918425441,
        "dvar": 0.000227260243264,
        "dvar2": 0.00032194601954,
        "max": 0.798828125,
        "mean": 0.0848836898804,
        "median": 0.07421875,
        "min": 0.0009765625,
        "var": 0.00412665680051
    },
    "barkbands": {
        "dmean": [0.000576528196689, 0.00658463640139, 0.00287127890624, 0.00166157213971, 0.00224791863002, 0.00089801865397, 0.000687114777975, 0.000564281712286, 0.000531066500116, 0.000500240712427, 0.000481273047626, 0.000519699766301, 0.000390033936128, 0.000426251091994, 0.00042710150592, 0.000402120203944, 0.000405473459978, 0.000317093566991, 0.000321860250551, 0.000334205338731, 0.00024305608531, 0.00020093472267, 0.0001862829522, 0.000156061942107, 0.000136443704832, 8.87241403689e-05, 2.87456696242e-05],
        "dmean2": [0.000830881414004, 0.00932021811604, 0.00472560385242, 0.00304502039216, 0.00410545198247, 0.00161062984262, 0.00118818785995, 0.000940901751164, 0.000889411952812, 0.000818862288725, 0.00078619242413, 0.000856608094182, 0.000647566281259, 0.000687025662046, 0.000690634653438, 0.000653587980196, 0.000656279444229, 0.000513394828886, 0.000531643629074, 0.000551462289877, 0.000397894182242, 0.000328926718794, 0.000306337373331, 0.000254866259638, 0.000220424641157, 0.000142603894346, 4.84666234115e-05],
        "dvar": [1.45376213823e-06, 9.48637316469e-05, 3.99129639845e-05, 2.07827997656e-05, 3.48974572262e-05, 3.61639604307e-06, 1.55649252065e-06, 9.06650825527e-07, 7.7412482824e-07, 7.84762164585e-07, 6.24888173206e-07, 6.2785505861e-07, 4.72346386005e-07, 6.95457174515e-07, 7.25109657651e-07, 6.42234113002e-07, 4.83519727368e-07, 2.2854511883e-07, 2.33166204566e-07, 2.65044974412e-07, 1.3480602945e-07, 8.21510894866e-08, 8.54533297456e-08, 6.05403442933e-08, 4.93383929268e-08, 2.18072777614e-08, 2.59240717781e-09],
        "dvar2": [2.76367563856e-06, 0.000168574566487, 9.61661280598e-05, 5.814920587e-05, 9.94249567157e-05, 1.0306655895e-05, 4.34637058788e-06, 2.19964590542e-06, 2.04604657483e-06, 1.88977378457e-06, 1.59324167726e-06, 1.62713524787e-06, 1.21239804685e-06, 1.6651237047e-06, 1.63168226663e-06, 1.53416840476e-06, 1.16792205063e-06, 5.58887393254e-07, 5.8591939478e-07, 6.76799345456e-07, 3.43554034998e-07, 2.08569275628e-07, 2.3193773302e-07, 1.58773261205e-07, 1.24743905872e-07, 5.31757109457e-08, 6.99989888275e-09],
        "max": [0.0230279564857, 0.110515035689, 0.0612094774842, 0.0343798436224, 0.0495428815484, 0.0327617265284, 0.0219724122435, 0.02398147434, 0.017997963354, 0.0182178560644, 0.0156090371311, 0.0170062873513, 0.0146541921422, 0.0271233376116, 0.0313541516662, 0.0247695483267, 0.0131117552519, 0.00954835116863, 0.00954867713153, 0.00867321249098, 0.00589276524261, 0.00391946360469, 0.00534471683204, 0.00365572585724, 0.00303517654538, 0.0018769322196, 0.000537697866093],
        "mean": [0.00110177183524, 0.0132869845256, 0.00264714215882, 0.00117749604397, 0.00192935799714, 0.000992516987026, 0.000855687307194, 0.000795247149654, 0.000762206851505, 0.000727288017515, 0.000693869835231, 0.000772375846282, 0.00058669707505, 0.000675418996252, 0.000689420208801, 0.000649115361739, 0.000672282360028, 0.000586069189012, 0.000619937025476, 0.000652987509966, 0.000540811568499, 0.000478020694572, 0.000420281692641, 0.00037062849151, 0.000314538337989, 0.000197109169676, 4.88187542942e-05],
        "median": [9.96337694232e-05, 0.00646560359746, 0.000466362165753, 0.00017831409059, 0.000519014138263, 0.000429924053606, 0.000377650547307, 0.000352672795998, 0.000417253759224, 0.000332020455971, 0.000338034587912, 0.000427484686952, 0.000244617694989, 0.000283815781586, 0.000299447216094, 0.000291538221063, 0.000316463090712, 0.000364313455066, 0.000409576809034, 0.000417198578361, 0.000363357714377, 0.000352491973899, 0.000311318028253, 0.000262289948296, 0.000217188193346, 0.00011391092994, 1.53912878886e-05],
        "min": [5.90960503916e-25, 1.34900717098e-24, 6.13847084409e-25, 3.54607127089e-25, 4.00966480755e-24, 4.34541150299e-24, 5.74688324897e-24, 7.53659959478e-24, 8.860783088e-24, 1.34586454634e-23, 9.10507911085e-24, 1.82810215968e-23, 1.61994811475e-23, 3.21004320849e-23, 3.59664500548e-23, 4.99448160152e-23, 5.08645079239e-23, 9.29890365522e-23, 1.16887098048e-22, 1.42972191207e-22, 2.28999959411e-22, 3.15469868375e-22, 3.66327642583e-22, 5.70174021035e-22, 8.44647734799e-22, 1.29589535768e-21, 1.94977012085e-21],
        "var": [5.21713718626e-06, 0.000314599048579, 3.57074095518e-05, 1.27675175463e-05, 2.186761958e-05, 2.81016491499e-06, 1.77617357622e-06, 2.26542260862e-06, 1.14676413432e-06, 1.46246406985e-06, 1.02775391042e-06, 1.04915773136e-06, 8.41302494337e-07, 1.39712540204e-06, 1.69362124325e-06, 1.35202810725e-06, 1.00234410638e-06, 5.01251975038e-07, 5.25152302089e-07, 5.8743671616e-07, 3.60637841368e-07, 2.570348272e-07, 2.06376753908e-07, 1.62968177619e-07, 1.27176591036e-07, 5.54598180713e-08, 4.81869300017e-09]
    },
    "erbbands": {
        "dmean": [0.253197193146, 1.40578901768, 3.27877664566, 3.71697807312, 7.64731359482, 6.86322879791, 6.69858455658, 7.74874639511, 9.52342891693, 10.480307579, 11.9627456665, 11.2907657623, 14.8640651703, 16.7661724091, 17.6007118225, 19.3996963501, 17.5681915283, 18.3785839081, 19.3947792053, 21.2453460693, 19.505771637, 23.2598934174, 17.7620162964, 17.4559516907, 15.4867591858, 14.8416414261, 10.8842325211, 9.36413288116, 7.53106880188, 6.38212490082, 5.39684295654, 3.69984722137, 2.54256987572, 1.72664582729, 0.943972527981, 0.458709865808, 0.150812283158, 0.0459076650441, 0.00447287270799, 6.79512668285e-05],
        "dmean2": [0.376737833023, 1.91910541058, 5.11325740814, 6.29756259918, 14.1391887665, 12.3963441849, 12.0762195587, 13.9019508362, 16.7098560333, 17.86769104, 19.7316112518, 18.9785327911, 24.4650669098, 27.2264842987, 28.9013900757, 31.9198055267, 28.9276294708, 30.0501842499, 30.9221172333, 34.3831176758, 31.6251239777, 37.3279380798, 28.7047176361, 28.3065567017, 25.6486663818, 24.4836044312, 17.9311618805, 15.2458972931, 12.4000167847, 10.49634552, 8.98024272919, 6.05682182312, 4.1792974472, 2.81273627281, 1.52913796902, 0.731917738914, 0.245249539614, 0.0767433494329, 0.00751927122474, 0.000112749869004],
        "dvar": [0.175051167607, 4.53467512131, 47.8115234375, 71.254447937, 517.145568848, 287.656524658, 225.979324341, 268.770599365, 362.637268066, 313.385894775, 417.87979126, 368.156280518, 717.575134277, 699.13671875, 837.74810791, 972.016113281, 899.882080078, 1292.53234863, 1122.43444824, 1485.92602539, 1357.9354248, 1598.08349609, 777.924194336, 821.53302002, 529.143066406, 567.968688965, 273.824920654, 210.36505127, 125.234008789, 84.8902893066, 75.4524536133, 36.5089874268, 15.0460319519, 8.0485162735, 2.32138681412, 0.609798848629, 0.0591701045632, 0.00679603638127, 5.85074194532e-05, 1.22885257525e-08],
        "dvar2": [0.339770853519, 7.41403388977, 107.877502441, 181.595306396, 1474.69799805, 815.965698242, 641.43157959, 766.396728516, 1026.53234863, 846.047485352, 1019.61633301, 968.234313965, 1721.82092285, 1758.78491211, 2154.30908203, 2511.96166992, 2265.07739258, 3275.60522461, 2581.27905273, 3562.71630859, 3255.28369141, 3770.83300781, 1895.20532227, 2019.77148438, 1333.87451172, 1464.68811035, 700.274536133, 544.469421387, 321.970550537, 219.230285645, 204.955490112, 97.5450592041, 39.5216445923, 20.4518985748, 5.87143659592, 1.4857840538, 0.147770881653, 0.0181983690709, 0.000154775276314, 3.24068238911e-08],
        "max": [6.66071224213, 26.2333564758, 63.4843864441, 65.2953338623, 185.174819946, 187.875717163, 311.702850342, 288.374938965, 390.370727539, 315.754577637, 454.250457764, 477.991394043, 491.519470215, 641.468566895, 572.563110352, 608.752258301, 627.645202637, 1413.61364746, 743.301086426, 1017.15393066, 1162.92895508, 685.775390625, 659.08416748, 858.394775391, 582.760375977, 417.299957275, 257.946899414, 272.551696777, 184.778793335, 154.553253174, 173.186294556, 88.7708282471, 52.3062705994, 40.9689292908, 22.4189338684, 13.0796699524, 3.18672204018, 0.954764187336, 0.111786969006, 0.00165149790701],
        "mean": [0.47621807456, 2.57104325294, 3.65041208267, 3.36759996414, 5.57750654221, 6.33974838257, 6.66764068604, 8.68005371094, 11.5290184021, 14.2551622391, 17.9906272888, 16.4734191895, 22.0112934113, 25.5587234497, 27.3320159912, 29.8514595032, 28.4528636932, 30.8635063171, 34.6961860657, 37.8605651855, 35.2261314392, 39.8440513611, 32.9832344055, 33.6364364624, 30.9589977264, 29.2138309479, 23.3392124176, 20.6365222931, 17.2745571136, 14.6458921432, 11.8506479263, 8.4692401886, 5.80429029465, 3.83583688736, 2.08582353592, 0.960145711899, 0.334528356791, 0.090389341116, 0.00766930449754, 0.000169563034433],
        "median": [0.154550209641, 0.953627586365, 1.09979891777, 0.874743580818, 1.04629790783, 1.67756128311, 2.51214289665, 3.82621645927, 5.01773643494, 7.04729938507, 8.92185783386, 9.20355224609, 11.0264034271, 13.9134130478, 14.9286355972, 16.4643497467, 13.326880455, 14.4430942535, 16.7052459717, 17.1583766937, 18.0427017212, 19.7569274902, 20.6486530304, 20.8552627563, 21.1764717102, 19.3512496948, 16.7821731567, 13.2146034241, 12.4196205139, 10.6634836197, 8.7700138092, 5.97128629684, 4.14488887787, 2.66783905029, 1.34015345573, 0.578060269356, 0.18991304934, 0.040220707655, 0.00225736340508, 0.000108897591417],
        "min": [7.24929597978e-23, 2.80375403077e-22, 1.7674490933e-21, 5.1775330764e-21, 9.7735929173e-21, 1.70471842983e-20, 3.11056713395e-20, 5.44313729758e-20, 7.86399509755e-20, 1.34334428747e-19, 1.60221692251e-19, 2.40621411819e-19, 5.80805435791e-19, 6.12070639897e-19, 5.63689776447e-19, 1.20477594768e-18, 1.23220846212e-18, 1.82008748122e-18, 2.29040479993e-18, 2.50509973471e-18, 3.34503981501e-18, 3.26690330037e-18, 5.07515093189e-18, 5.62572813787e-18, 6.55930402953e-18, 7.40066086342e-18, 9.03198179974e-18, 8.29453870312e-18, 9.65730221869e-18, 1.08601626229e-17, 1.04711958291e-17, 1.07435847504e-17, 9.78271686163e-18, 7.84594624923e-18, 6.16864275624e-18, 4.33921826707e-18, 2.34362456656e-18, 9.68850078306e-19, 2.46689401997e-19, 2.65759204452e-20],
        "var": [0.49294129014, 14.3559064865, 53.3295936584, 57.9725532532, 303.286773682, 199.315643311, 160.084915161, 215.902923584, 359.265991211, 431.721008301, 959.137329102, 536.360107422, 1231.60424805, 1195.21679688, 1412.40905762, 1589.38867188, 1742.78051758, 2321.78271484, 2818.8503418, 3758.70068359, 2993.78540039, 3310.75439453, 1653.36437988, 1782.66882324, 1245.53027344, 1145.0456543, 645.238830566, 567.0703125, 352.81060791, 246.74118042, 170.193847656, 87.7080001831, 40.1473999023, 19.2910861969, 5.9150094986, 1.39958977699, 0.155657857656, 0.0134774791077, 0.000123100486235, 3.45799833212e-08]
    },
    "gfcc": {
        "mean": [-16.2723255157, 58.497592926, -118.634208679, 20.836397171, -49.2170944214, 14.8660993576, -28.3857097626, 12.9824695587, -20.6555175781, 6.96857738495, -13.1457271576, 5.9812169075, -10.9435062408],
        "cov": [[44614.5234375, -4838.44921875, 1851.9083252, 5380.99853516, -248.320251465, 2494.25561523, -359.931640625, 1836.86181641, -45.1268806458, 1293.52160645, -846.191894531, 632.726501465, -426.762176514], [-4838.44921875, 2750.43188477, -1289.86486816, -1290.97363281, -128.715270996, -821.878723145, -81.6143951416, -471.692626953, -71.1888046265, -394.450927734, 116.889312744, -196.513641357, 64.1306991577], [1851.9083252, -1289.86486816, 1776.82470703, 1303.55725098, 366.813049316, 697.419006348, 239.619857788, 335.154876709, 68.8913192749, 205.316146851, -109.285385132, 49.00989151, -87.2855529785], [5380.99853516, -1290.97363281, 1303.55725098, 1917.72229004, 339.665740967, 831.922912598, 200.225402832, 487.230987549, 25.9922771454, 213.875411987, -201.170471191, 55.1118927002, -106.662582397], [-248.320251465, -128.715270996, 366.813049316, 339.665740967, 385.43850708, 230.423660278, 194.545425415, 126.887687683, 88.5546264648, 29.2014160156, 14.3236637115, 6.11652231216, 3.8916478157], [2494.25561523, -821.878723145, 697.419006348, 831.922912598, 230.423660278, 654.874145508, 236.944702148, 298.395812988, 57.727481842, 164.379745483, -33.14012146, 46.4866790771, -47.3104476929], [-359.931640625, -81.6143951416, 239.619857788, 200.225402832, 194.545425415, 236.944702148, 273.923919678, 150.199996948, 83.5885391235, 46.36977005, 47.4864616394, 13.7509126663, 9.160779953], [1836.86181641, -471.692626953, 335.154876709, 487.230987549, 126.887687683, 298.395812988, 150.199996948, 300.921966553, 99.1960449219, 127.254829407, -11.5007705688, 56.4593429565, 1.77601969242], [-45.1268806458, -71.1888046265, 68.8913192749, 25.9922771454, 88.5546264648, 57.727481842, 83.5885391235, 99.1960449219, 165.924407959, 95.1257019043, 50.126083374, 29.2622795105, 33.4844436646], [1293.52160645, -394.450927734, 205.316146851, 213.875411987, 29.2014160156, 164.379745483, 46.36977005, 127.254829407, 95.1257019043, 190.324935913, 29.8161678314, 58.6602210999, -0.576407015324], [-846.191894531, 116.889312744, -109.285385132, -201.170471191, 14.3236637115, -33.14012146, 47.4864616394, -11.5007705688, 50.126083374, 29.8161678314, 138.740509033, 34.1135063171, 42.6567878723], [632.726501465, -196.513641357, 49.00989151, 55.1118927002, 6.11652231216, 46.4866790771, 13.7509126663, 56.4593429565, 29.2622795105, 58.6602210999, 34.1135063171, 108.957550049, 40.5890312195], [-426.762176514, 64.1306991577, -87.2855529785, -106.662582397, 3.8916478157, -47.3104476929, 9.160779953, 1.77601969242, 33.4844436646, -0.576407015324, 42.6567878723, 40.5890312195, 92.8229980469]],
        "icov": [[7.65137083363e-05, -5.78175895498e-05, 0.000125170176034, -0.000129108957481, 6.15580429439e-05, -0.000224419491133, 0.000363567611203, -0.000304019806208, 0.000144039848237, -0.00033669048571, 0.000264258385869, -0.000346632936271, 0.00019012359553], [-5.78175895498e-05, 0.00106623733882, 0.000335385848302, -0.000127641498693, -0.000162497104611, 0.0010744924657, -0.00123866018839, 0.000897371035535, -0.000514556129929, 0.00117797264829, -0.000707781582605, 0.00120890489779, -0.0001846596424], [0.000125170176034, 0.000335385848302, 0.00170953746419, -0.000970411289018, -0.000396727002226, -0.000380459387088, -0.000110289423901, 0.000442874239525, -4.31865919381e-05, -0.000716359412763, 0.000530551304109, -0.000429576000897, 0.000616510456894], [-0.000129108957481, -0.000127641498693, -0.000970411289018, 0.00256611104123, -0.000879353843629, -0.0011762942886, 0.000821844441816, -0.00173119350802, 0.000934724404942, 0.000110373141069, 0.00125913252123, 0.000353722105501, -0.000149680563482], [6.15580429439e-05, -0.000162497104611, -0.000396727002226, -0.000879353843629, 0.00542768090963, -0.000616810517386, -0.00214736443013, 0.000799979432486, -0.00275115901604, 0.00189012964256, -0.000289948977297, -0.000390940054785, -2.51850669883e-05], [-0.000224419491133, 0.0010744924657, -0.000380459387088, -0.0011762942886, -0.000616810517386, 0.00745861791074, -0.00506631517783, 0.000245094823185, 0.00147097127046, -0.000852827564813, -0.0015446417965, 0.00184253125917, 0.00020734978898], [0.000363567611203, -0.00123866018839, -0.000110289423901, 0.000821844441816, -0.00214736443013, -0.00506631517783, 0.0124941449612, -0.00549793895334, -0.000345922278939, 0.00022472794808, -0.00129532243591, -0.001140342094, 0.000968015869148], [-0.000304019806208, 0.000897371035535, 0.000442874239525, -0.00173119350802, 0.000799979432486, 0.000245094823185, -0.00549793895334, 0.0125534720719, -0.00491203460842, 0.00055132858688, 0.000317098805681, -0.00046975328587, -0.00136176135857], [0.000144039848237, -0.000514556129929, -4.31865919381e-05, 0.000934724404942, -0.00275115901604, 0.00147097127046, -0.000345922278939, -0.00491203460842, 0.0150511963293, -0.00856009591371, -6.12082440057e-05, 0.0016500253696, -0.00313160778023], [-0.00033669048571, 0.00117797264829, -0.000716359412763, 0.000110373141069, 0.00189012964256, -0.000852827564813, 0.00022472794808, 0.00055132858688, -0.00856009591371, 0.0161713920534, -0.00465833954513, -0.00162112375256, 0.00258269673213], [0.000264258385869, -0.000707781582605, 0.000530551304109, 0.00125913252123, -0.000289948977297, -0.0015446417965, -0.00129532243591, 0.000317098805681, -6.12082440057e-05, -0.00465833954513, 0.0144164981321, -0.00435682944953, -0.00173045578413], [-0.000346632936271, 0.00120890489779, -0.000429576000897, 0.000353722105501, -0.000390940054785, 0.00184253125917, -0.001140342094, -0.00046975328587, 0.0016500253696, -0.00162112375256, -0.00435682944953, 0.0176616199315, -0.00767542282119], [0.00019012359553, -0.0001846596424, 0.000616510456894, -0.000149680563482, -2.51850669883e-05, 0.00020734978898, 0.000968015869148, -0.00136176135857, -0.00313160778023, 0.00258269673213, -0.00173045578413, -0.00767542282119, 0.0175170823932]]
    },
    "melbands": {
        "dmean": [0.00198827777058, 0.001519833575, 0.000734387664124, 0.000543548900168, 0.000237959058722, 0.000173616237589, 0.000143005498103, 0.000118099305837, 9.95699883788e-05, 7.28338636691e-05, 7.68243990024e-05, 6.89958760631e-05, 5.79400257266e-05, 5.5698419601e-05, 5.17428306921e-05, 4.19284551754e-05, 3.72427966795e-05, 3.37175151799e-05, 3.78992990591e-05, 3.08475828206e-05, 2.26458996622e-05, 2.75190523098e-05, 1.84713535418e-05, 1.50415626194e-05, 1.56501173478e-05, 1.22653855215e-05, 1.30693379106e-05, 1.08919884951e-05, 7.80639220466e-06, 6.4930982262e-06, 5.51973835172e-06, 4.97480823469e-06, 4.14694295614e-06, 3.74157275473e-06, 3.44807358488e-06, 2.95050585919e-06, 2.34437811741e-06, 1.97173358174e-06, 1.65617746006e-06, 1.56531677931e-06],
        "dmean2": [0.00287991506048, 0.00225955969654, 0.00123180425726, 0.000992130022496, 0.000430394720752, 0.000311414041789, 0.00024975775159, 0.000199978705496, 0.000163917473401, 0.000122597586596, 0.000126376995468, 0.000112180416181, 9.50233734329e-05, 9.16049320949e-05, 8.64478570293e-05, 6.95379130775e-05, 6.1050268414e-05, 5.40801047464e-05, 6.11859068158e-05, 5.06879696331e-05, 3.70273301087e-05, 4.44241231889e-05, 3.0413035347e-05, 2.44821021624e-05, 2.55831218965e-05, 2.04423067771e-05, 2.17163160414e-05, 1.80427832674e-05, 1.29245254357e-05, 1.06768547994e-05, 9.01987732504e-06, 8.24354447104e-06, 6.88469208399e-06, 6.21754270469e-06, 5.76844286115e-06, 4.94989217259e-06, 3.83389260605e-06, 3.27383850163e-06, 2.71530552709e-06, 2.58004752141e-06],
        "dvar": [9.26346911001e-06, 7.881176316e-06, 3.01044633488e-06, 2.15365253098e-06, 2.94304413728e-07, 1.33792795509e-07, 7.73656552155e-08, 3.84576459567e-08, 2.97451716591e-08, 1.54437973521e-08, 1.92509421737e-08, 1.16801963657e-08, 8.78359429635e-09, 7.17978876352e-09, 8.66401528299e-09, 6.62250076999e-09, 6.05619554506e-09, 4.0813246116e-09, 7.10433312179e-09, 4.52935822182e-09, 1.92369076224e-09, 2.5913049484e-09, 7.97086618931e-10, 5.90417326141e-10, 7.07853275994e-10, 3.53132745268e-10, 4.49877468611e-10, 3.75059955315e-10, 1.4593126707e-10, 1.03143223129e-10, 7.11021866384e-11, 6.27759649818e-11, 3.49407620892e-11, 3.0205116186e-11, 3.15722899213e-11, 2.39883547054e-11, 1.43518721213e-11, 9.23106729944e-12, 6.20286157507e-12, 7.17187116986e-12],
        "dvar2": [1.70047005668e-05, 1.62421347341e-05, 7.67746951169e-06, 6.12093162999e-06, 8.37799120745e-07, 3.82108026997e-07, 2.18564267129e-07, 1.00121425817e-07, 7.41646601909e-08, 4.0573329585e-08, 4.62112552668e-08, 2.92105841737e-08, 2.2693006585e-08, 1.82116384195e-08, 2.28068568475e-08, 1.68199072448e-08, 1.52643373497e-08, 9.45001854546e-09, 1.56526471784e-08, 1.08528190879e-08, 4.66601823845e-09, 6.09735817392e-09, 2.01040895043e-09, 1.44764034093e-09, 1.74538161701e-09, 8.98898566692e-10, 1.13398668233e-09, 9.78413017272e-10, 3.76342845776e-10, 2.66337674137e-10, 1.84409348902e-10, 1.62038285567e-10, 9.13474296205e-11, 7.99393051754e-11, 8.65629096181e-11, 6.60876076086e-11, 3.78281780899e-11, 2.4745051494e-11, 1.60896435064e-11, 1.84033760453e-11],
        "max": [0.0421503297985, 0.0249681379646, 0.0139436917379, 0.0122837489471, 0.0103158466518, 0.00636782078072, 0.00539818173274, 0.00344273773953, 0.00347274472006, 0.00333880493417, 0.00244926777668, 0.00237995316274, 0.00181834655814, 0.00232375855558, 0.00168767850846, 0.0019133691676, 0.00324168335646, 0.00164899975061, 0.00325571000576, 0.00234129792079, 0.00138792861253, 0.000900148123037, 0.000531058991328, 0.000556635670364, 0.000795047963038, 0.000560458051041, 0.000437978014816, 0.000402318109991, 0.00019043253269, 0.000185625220183, 0.000163448930834, 0.000157612317707, 7.42322663427e-05, 9.18795121834e-05, 0.000135029142257, 6.76349955029e-05, 5.56991581107e-05, 3.60773992725e-05, 2.96372691082e-05, 5.00119567732e-05],
        "mean": [0.00398048199713, 0.00246267602779, 0.000666085630655, 0.000447640777566, 0.000241278787144, 0.000196549735847, 0.000177014968358, 0.000164137294632, 0.000145537269418, 0.000103574238892, 0.000110533030238, 0.000102743942989, 8.78829232533e-05, 8.42621157062e-05, 7.290890062e-05, 6.06758330832e-05, 5.79040170123e-05, 5.4347110563e-05, 5.91224998061e-05, 4.78695183119e-05, 3.79007760785e-05, 4.35208530689e-05, 3.1292445783e-05, 2.68089352176e-05, 2.75500115094e-05, 2.232544648e-05, 2.2595120754e-05, 1.89960701391e-05, 1.50173800648e-05, 1.29085156004e-05, 1.13095338747e-05, 1.00961806311e-05, 8.63055720401e-06, 7.79696529207e-06, 6.95641847415e-06, 5.90153467783e-06, 4.96365191793e-06, 4.12382223658e-06, 3.57467797585e-06, 3.14313865601e-06],
        "median": [0.00186991936062, 0.000985144404694, 0.000173560751136, 0.000100913966889, 9.1896916274e-05, 8.74044490047e-05, 7.89586338215e-05, 7.84036528785e-05, 7.06564605935e-05, 5.54599100724e-05, 5.26124640601e-05, 5.39015782124e-05, 4.66188175778e-05, 4.76333916595e-05, 3.18950478686e-05, 2.47663774644e-05, 2.45484261541e-05, 2.4357033908e-05, 2.35489278566e-05, 1.92591542145e-05, 1.85777789738e-05, 1.85589233297e-05, 1.77452711796e-05, 1.59471273946e-05, 1.55551242642e-05, 1.46357324411e-05, 1.33841849674e-05, 1.18233601825e-05, 1.02435351437e-05, 8.15596104076e-06, 7.06936771167e-06, 6.7949890763e-06, 6.12442181591e-06, 5.44455178897e-06, 5.02044576933e-06, 4.11789278587e-06, 3.22934170072e-06, 2.78907191387e-06, 2.51381266025e-06, 2.05207879844e-06],
        "min": [9.31388447879e-25, 7.44042512448e-25, 9.30192633355e-25, 1.10576970085e-24, 9.27874466977e-25, 1.12514018038e-24, 1.17316830027e-24, 1.79373342275e-24, 1.28941839313e-24, 1.26007316189e-24, 2.74349966732e-24, 2.06817201801e-24, 1.5123408214e-24, 2.21886831395e-24, 1.99860414971e-24, 2.23363026806e-24, 2.62671512119e-24, 2.77291431832e-24, 2.51616297064e-24, 2.42167833901e-24, 3.81038670997e-24, 2.31030932299e-24, 3.48152440365e-24, 4.70219514662e-24, 3.55675964591e-24, 3.97576666559e-24, 4.94413444751e-24, 4.20367015883e-24, 5.20072092327e-24, 4.4047279266e-24, 3.97783939762e-24, 4.22379084508e-24, 5.18447078305e-24, 5.19595186467e-24, 5.03693367782e-24, 6.13108848653e-24, 6.19753542387e-24, 5.83618900876e-24, 5.77932791471e-24, 5.72332983449e-24],
        "var": [2.92537442874e-05, 1.44389787238e-05, 2.44691182161e-06, 1.34990079914e-06, 2.06103507594e-07, 1.07909393421e-07, 7.96296433236e-08, 6.74366091857e-08, 5.81085188855e-08, 2.23050324877e-08, 3.33712080192e-08, 2.05225596517e-08, 1.48853720461e-08, 1.23862697876e-08, 1.327041943e-08, 1.10196527459e-08, 1.0206223422e-08, 8.87739393107e-09, 1.60287818574e-08, 9.28218213403e-09, 3.83647469349e-09, 5.01411223652e-09, 1.55128609958e-09, 1.14042075783e-09, 1.38303590802e-09, 7.09724001791e-10, 8.66195282168e-10, 6.11406369977e-10, 3.00631686212e-10, 2.32900504438e-10, 1.79500816988e-10, 1.43604947378e-10, 8.87543719075e-11, 7.44833569821e-11, 6.35472716115e-11, 4.58595626751e-11, 3.32133417991e-11, 2.16546641729e-11, 1.59528987242e-11, 1.44793482759e-11]
    },
    "mfcc": {
        "mean": [-643.750915527, 91.6077194214, -7.06713628769, 12.7072811127, 1.15205645561, 4.93912124634, 3.84006547928, 6.71461296082, 2.3080561161, 2.66863822937, 2.04320931435, 2.72480368614, 3.58561778069],
        "cov": [[20527.6152344, -2444.2019043, 1632.47119141, 2262.53491211, 1297.23510742, 1273.54736328, 828.47052002, 709.222839355, 801.844482422, 942.655944824, 411.40335083, 327.315093994, 143.156219482], [-2444.2019043, 2083.62963867, -639.267456055, -421.881408691, -371.731231689, -417.752349854, -293.824371338, -183.643585205, -220.142028809, -281.956176758, -121.553886414, -133.133224487, -43.4939308167], [1632.47119141, -639.267456055, 796.432739258, 517.320007324, 328.02041626, 345.343505859, 271.100311279, 171.006561279, 160.852859497, 187.44694519, 79.0486221313, 69.8843307495, 16.2582054138], [2262.53491211, -421.881408691, 517.320007324, 857.270080566, 424.029388428, 370.126159668, 301.713287354, 226.295623779, 207.894683838, 201.0259552, 70.8775634766, 33.1303024292, -9.15299510956], [1297.23510742, -371.731231689, 328.02041626, 424.029388428, 384.071502686, 275.903015137, 210.662857056, 180.531814575, 156.19644165, 141.884979248, 58.8422012329, 47.1764602661, 7.89098358154], [1273.54736328, -417.752349854, 345.343505859, 370.126159668, 275.903015137, 360.198669434, 263.23828125, 177.814559937, 153.9243927, 157.716598511, 82.0759124756, 69.3395462036, 27.7232303619], [828.47052002, -293.824371338, 271.100311279, 301.713287354, 210.662857056, 263.23828125, 333.556854248, 208.282333374, 142.482925415, 136.397842407, 74.5921020508, 69.6480636597, 23.7172794342], [709.222839355, -183.643585205, 171.006561279, 226.295623779, 180.531814575, 177.814559937, 208.282333374, 226.348876953, 147.009506226, 102.918235779, 59.9130096436, 58.6054458618, 25.6285667419], [801.844482422, -220.142028809, 160.852859497, 207.894683838, 156.19644165, 153.9243927, 142.482925415, 147.009506226, 193.67364502, 134.701171875, 66.43334198, 57.8443717957, 33.9085655212], [942.655944824, -281.956176758, 187.44694519, 201.0259552, 141.884979248, 157.716598511, 136.397842407, 102.918235779, 134.701171875, 195.615264893, 94.0798797607, 61.409488678, 33.3418769836], [411.40335083, -121.553886414, 79.0486221313, 70.8775634766, 58.8422012329, 82.0759124756, 74.5921020508, 59.9130096436, 66.43334198, 94.0798797607, 119.8331604, 70.4209747314, 29.2003707886], [327.315093994, -133.133224487, 69.8843307495, 33.1303024292, 47.1764602661, 69.3395462036, 69.6480636597, 58.6054458618, 57.8443717957, 61.409488678, 70.4209747314, 119.282112122, 56.1546592712], [143.156219482, -43.4939308167, 16.2582054138, -9.15299510956, 7.89098358154, 27.7232303619, 23.7172794342, 25.6285667419, 33.9085655212, 33.3418769836, 29.2003707886, 56.1546592712, 93.7084884644]],
