{
"lowlevel": {
    "average_loudness": 0.908658623695,
    "barkbands_crest": {
        "dmean": 4.15442705154,
        "dmean2": 6.84433078766,
        "dvar": 15.2102193832,
        "dvar2": 38.0839157104,
        "max": 26.7151489258,
        "mean": 12.3544721603,
        "median": 11.6096200943,
        "min": 2.28684663773,
        "var": 30.8946170807
    },
    "barkbands_flatness_db": {
        "dmean": 0.0503329671919,
        "dmean2": 0.0790926814079,
        "dvar": 0.00250193616375,
        "dvar2": 0.00622854987159,
        "max": 0.550975382328,
        "mean": 0.145202487707,
        "median": 0.135737195611,
        "min": 0.0155170429498,
        "var": 0.00517312856391
    },
    "barkbands_kurtosis": {
        "dmean": 16.7535648346,
        "dmean2": 25.3926391602,
        "dvar": 5242.55419922,
        "dvar2": 8800.49902344,
        "max": 3705.18188477,
        "mean": 21.1665744781,
        "median": 4.71860122681,
        "min": -1.9199655056,
        "var": 13980.0546875
    },
    "barkbands_skewness": {
        "dmean": 1.37474298477,
        "dmean2": 2.16024756432,
        "dvar": 3.23585319519,
        "dvar2": 6.52884721756,
        "max": 51.9910011292,
        "mean": 2.56924581528,
        "median": 1.99738383293,
        "min": -2.91932749748,
        "var": 9.657371521
    },
    "barkbands_spread": {
        "dmean": 12.4824333191,
        "dmean2": 20.8602695465,
        "dvar": 174.710388184,
        "dvar2": 457.183441162,
        "max": 101.937431335,
        "mean": 22.1051902771,
        "median": 18.4218273163,
        "min": 0.0643352940679,
        "var": 276.456420898
    },
    "dissonance": {
        "dmean": 0.026932766661,
        "dmean2": 0.0441132634878,
        "dvar": 0.000781430979259,
        "dvar2": 0.0019448591629,
        "max": 0.500000119209,
        "mean": 0.459658235312,
        "median": 0.470729351044,
        "min": 0.181650295854,
        "var": 0.00136682309676
    },
    "dynamic_complexity": 4.60626840591,
    "erbbands_crest": {
        "dmean": 3.86418938637,
        "dmean2": 6.27764225006,
        "dvar": 15.4157104492,
        "dvar2": 36.964099884,
        "max": 33.114616394,
        "mean": 9.30398654938,
        "median": 7.60544538498,
        "min": 2.14266729355,
        "var": 30.2785644531
    },
    "erbbands_flatness_db": {
        "dmean": 0.0295053645968,
        "dmean2": 0.0445607490838,
        "dvar": 0.000867156428285,
        "dvar2": 0.00198194850236,
        "max": 0.44605627656,
        "mean": 0.136464551091,
        "median": 0.120885260403,
        "min": 0.0412504933774,
        "var": 0.0030890640337
    },
    "erbbands_kurtosis": {
        "dmean": 3.46282196045,
        "dmean2": 5.62756156921,
        "dvar": 39.14220047,
        "dvar2": 93.8482818604,
        "max": 71.9673233032,
        "mean": 2.38815355301,
        "median": -0.123602867126,
        "min": -1.85678076744,
        "var": 45.401725769
    },
    "erbbands_skewness": {
        "dmean": 0.796157062054,
        "dmean2": 1.24254024029,
        "dvar": 0.650768876076,
        "dvar2": 1.53288388252,
        "max": 7.54556512833,
        "mean": 0.904168009758,
        "median": 0.699516415596,
        "min": -2.75847434998,
        "var": 1.42492640018
    },
    "erbbands_spread": {
        "dmean": 16.0848636627,
        "dmean2": 25.0592079163,
        "dvar": 208.431594849,
        "dvar2": 490.699401855,
        "max": 164.943222046,
        "mean": 46.7405014038,
        "median": 46.0460662842,
        "min": 1.36429858208,
        "var": 588.911193848
    },
    "hfc": {
        "dmean": 14.8351287842,
        "dmean2": 24.6555042267,
        "dvar": 472.801818848,
        "dvar2": 1258.82617188,
        "max": 160.389160156,
        "mean": 17.9135608673,
        "median": 9.57361698151,
        "min": 1.11855068199e-16,
        "var": 489.288635254
    },
    "melbands_crest": {
        "dmean": 4.71415233612,
        "dmean2": 7.66248369217,
        "dvar": 18.5189304352,
        "dvar2": 45.1172981262,
        "max": 34.8670959473,
        "mean": 16.690290451,
        "median": 16.6323814392,
        "min": 1.5891674757,
        "var": 41.0919113159
    },
    "melbands_flatness_db": {
        "dmean": 0.0635904669762,
        "dmean2": 0.0998367518187,
        "dvar": 0.00404717633501,
        "dvar2": 0.00987927243114,
        "max": 0.659451365471,
        "mean": 0.214785814285,
        "median": 0.204933255911,
        "min": 0.00306812254712,
        "var": 0.00880539044738
    },
    "melbands_kurtosis": {
        "dmean": 24.3837127686,
        "dmean2": 38.9743881226,
        "dvar": 2165.14599609,
        "dvar2": 4482.13623047,
        "max": 1046.26037598,
        "mean": 34.190536499,
        "median": 14.7460765839,
        "min": -1.80535030365,
        "var": 5063.58837891
    },
    "melbands_skewness": {
        "dmean": 1.61324882507,
        "dmean2": 2.53467917442,
        "dvar": 2.86554694176,
        "dvar2": 6.5120806694,
        "max": 24.5762081146,
        "mean": 3.60494017601,
        "median": 3.03315758705,
        "min": -2.23219919205,
        "var": 7.11013889313
    },
    "melbands_spread": {
        "dmean": 12.5711574554,
        "dmean2": 21.687707901,
        "dvar": 283.41595459,
        "dvar2": 712.426452637,
        "max": 203.106414795,
        "mean": 19.8628921509,
        "median": 13.7578210831,
        "min": 0.234116494656,
        "var": 429.624267578
    },
    "pitch_salience": {
        "dmean": 0.128261744976,
        "dmean2": 0.214580386877,
        "dvar": 0.0149187287316,
        "dvar2": 0.0394884049892,
        "max": 0.942267715931,
        "mean": 0.50622844696,
        "median": 0.505224466324,
        "min": 0.0236968509853,
        "var": 0.0285323373973
    },
    "silence_rate_20dB": {
        "dmean": 0,
        "dmean2": 0,
        "dvar": 0,
        "dvar2": 0,
        "max": 1,
        "mean": 1,
        "median": 1,
        "min": 1,
        "var": 0
    },
    "silence_rate_30dB": {
        "dmean": 0.101453103125,
        "dmean2": 0.202933013439,
        "dvar": 0.0911620035768,
        "dvar2": 0.181832239032,
        "max": 1,
        "mean": 0.907806098461,
        "median": 1,
        "min": 0,
        "var": 0.0836965814233
    },
    "silence_rate_60dB": {
        "dmean": 0.03778071329,
        "dmean2": 0.075571410358,
        "dvar": 0.0363580621779,
        "dvar2": 0.0799109712243,
        "max": 1,
        "mean": 0.149517893791,
        "median": 0,
        "min": 0,
        "var": 0.127157345414
    },
    "spectral_centroid": {
        "dmean": 523.234069824,
        "dmean2": 858.980834961,
        "dvar": 315661.40625,
        "dvar2": 766096.5625,
        "max": 11636.1054688,
        "mean": 1350.45031738,
        "median": 1136.73706055,
        "min": 95.5648956299,
        "var": 1010792.875
    },
    "spectral_complexity": {
        "dmean": 6.71360635757,
        "dmean2": 11.2220897675,
        "dvar": 65.8003845215,
        "dvar2": 162.221221924,
        "max": 60,
        "mean": 12.5379734039,
        "median": 10,
        "min": 0,
        "var": 107.562667847
    },
    "spectral_decrease": {
        "dmean": 6.43744346718e-09,
        "dmean2": 9.73731317799e-09,
        "dvar": 1.10751940134e-16,
        "dvar2": 2.51802937005e-16,
        "max": 2.3484936594e-28,
        "mean": -8.29761592769e-09,
        "median": -3.78776343624e-09,
        "min": -6.21905371645e-08,
        "var": 1.39287686033e-16
    },
    "spectral_energy": {
        "dmean": 0.0250391606241,
        "dmean2": 0.037579651922,
        "dvar": 0.00157926848624,
        "dvar2": 0.00354043371044,
        "max": 0.237403362989,
        "mean": 0.0329418964684,
        "median": 0.0153629276901,
        "min": 1.01442005279e-20,
        "var": 0.00207168818451
    },
    "spectral_energyband_high": {
        "dmean": 0.00105049437843,
        "dmean2": 0.00192037655506,
        "dvar": 3.26144481733e-06,
        "dvar2": 8.94697404874e-06,
        "max": 0.013715211302,
        "mean": 0.000962405116297,
        "median": 0.000407786457799,
        "min": 7.21679460756e-21,
        "var": 2.37124663727e-06
    },
    "spectral_energyband_low": {
        "dmean": 0.017889149487,
        "dmean2": 0.0284201428294,
        "dvar": 0.001645092736,
        "dvar2": 0.00403294945136,
        "max": 0.218091875315,
        "mean": 0.0183770880103,
        "median": 0.00539043126628,
        "min": 1.05774130487e-23,
        "var": 0.00152574502863
    },
    "spectral_energyband_middle_high": {
        "dmean": 0.00327929039486,
        "dmean2": 0.00587243633345,
        "dvar": 4.22778321081e-05,
        "dvar2": 0.000114880058391,
        "max": 0.059927418828,
        "mean": 0.00295540108345,
        "median": 0.000959997763857,
        "min": 1.29845192335e-21,
        "var": 3.48528701579e-05
    },
    "spectral_energyband_middle_low": {
        "dmean": 0.00853208173066,
        "dmean2": 0.0135423364118,
        "dvar": 0.000185192460776,
        "dvar2": 0.000461499381345,
        "max": 0.0994302928448,
        "mean": 0.0114600462839,
        "median": 0.00468455487862,
        "min": 1.89997388836e-22,
        "var": 0.000250782060903
    },
    "spectral_entropy": {
        "dmean": 0.353367805481,
        "dmean2": 0.553081452847,
        "dvar": 0.131313964725,
        "dvar2": 0.325518518686,
        "max": 9.81831741333,
        "mean": 7.75637245178,
        "median": 7.85283088684,
        "min": 5.33855295181,
        "var": 0.261821180582
    },
    "spectral_flux": {
        "dmean": 0.0523045398295,
        "dmean2": 0.0753821283579,
        "dvar": 0.00353936105967,
        "dvar2": 0.00678971642628,
        "max": 0.426093250513,
        "mean": 0.109535731375,
        "median": 0.0757810845971,
        "min": 6.38033029188e-11,
        "var": 0.00887128151953
    },
    "spectral_kurtosis": {
        "dmean": 1.46203172207,
        "dmean2": 2.39150571823,
        "dvar": 3.68264007568,
        "dvar2": 9.60909938812,
        "max": 39.6808242798,
        "mean": 3.30152487755,
        "median": 2.77182149887,
        "min": -1.25899541378,
        "var": 5.70641374588
    },
    "spectral_rms": {
        "dmean": 0.0017480768729,
        "dmean2": 0.00240484601818,
        "dvar": 4.30388399764e-06,
        "dvar2": 8.57953000377e-06,
        "max": 0.015218838118,
        "mean": 0.00463730655611,
        "median": 0.0038714625407,
        "min": 3.14591495215e-12,
        "var": 1.0633826605e-05
    },
    "spectral_rolloff": {
        "dmean": 1106.2232666,
        "dmean2": 2001.5612793,
        "dvar": 2619905.25,
        "dvar2": 6704784,
        "max": 19444.4824219,
        "mean": 1587.28161621,
        "median": 689.0625,
        "min": 64.599609375,
        "var": 5194409.5
    },
    "spectral_skewness": {
        "dmean": 0.307895809412,
        "dmean2": 0.482492953539,
        "dvar": 0.0934797152877,
        "dvar2": 0.233010053635,
        "max": 5.17387342453,
        "mean": 1.45130419731,
        "median": 1.39298832417,
        "min": -0.0758993551135,
        "var": 0.211263552308
    },
    "spectral_spread": {
        "dmean": 855481.75,
        "dmean2": 1303083.25,
        "dvar": 896875823104,
        "dvar2": 1.8216362967e+12,
        "max": 42674988,
        "mean": 6056772,
        "median": 5827152.5,
        "min": 1600626.625,
        "var": 7.53028195942e+12
    },
    "spectral_strongpeak": {
        "dmean": 0.447734057903,
        "dmean2": 0.744527757168,
        "dvar": 0.540586054325,
        "dvar2": 1.36628985405,
        "max": 6.8536362648,
        "mean": 0.628833651543,
        "median": 0.377309560776,
        "min": 0,
        "var": 0.596059799194
    },
    "zerocrossingrate": {
        "dmean": 0.0168302226812,
        "dmean2": 0.0207358580083,
        "dvar": 0.00026205193717,
        "dvar2": 0.000389542750781,
        "max": 0.8251953125,
        "mean": 0.0679191425443,
        "median": 0.05517578125,
        "min": 0.00244140625,
        "var": 0.00422699935734
    },
    "barkbands": {
        "dmean": [0.00040427345084, 0.0149137163535, 0.00342679396272, 0.000866002752446, 0.00179657794069, 0.00170676293783, 0.00193193880841, 0.00224691745825, 0.00211279978976, 0.00117623421829, 0.000708239211235, 0.000440798845375, 0.000377257645596, 0.000227587210247, 0.000157313217642, 0.000162843876751, 0.000173526874278, 0.000153115295689, 0.000182867923286, 0.000213974955841, 0.000195550805074, 0.000200918555493, 0.000284550304059, 0.000126261191326, 7.11386383045e-05, 0.000112729409011, 1.37468205139e-05],
        "dmean2": [0.000684601953253, 0.0238134339452, 0.00594769744202, 0.00144255231135, 0.00293805613182, 0.00281778466888, 0.00315441982821, 0.00371183548123, 0.00364626152441, 0.00205307360739, 0.00128363061231, 0.000795406696852, 0.000685149803758, 0.000423607853008, 0.000287612405373, 0.000297338556265, 0.000313796219416, 0.000281113112578, 0.000333839619998, 0.000393684924347, 0.000355698197382, 0.000369905377738, 0.000530804973096, 0.000229125551414, 0.000128056664835, 0.000194280495634, 2.55891536654e-05],
        "dvar": [1.08381800601e-06, 0.00123038806487, 5.09584133397e-05, 2.99274279314e-06, 1.17568924907e-05, 1.81829072972e-05, 1.7669157387e-05, 3.24340835505e-05, 3.61868915206e-05, 1.38260938911e-05, 6.01658439336e-06, 1.90032812952e-06, 9.59303292802e-07, 4.56087065004e-07, 9.71340980982e-08, 1.26219063645e-07, 1.18383091774e-07, 9.12597570846e-08, 1.32577454792e-07, 1.56657108619e-07, 1.41893721661e-07, 1.7622110704e-07, 3.04492630221e-07, 4.70345931092e-08, 2.28972307781e-08, 3.60808520838e-08, 1.10582143442e-09],
        "dvar2": [2.83395229417e-06, 0.00305475085042, 0.000140479314723, 7.58455007599e-06, 2.87400816887e-05, 4.70977684017e-05, 4.46751255367e-05, 8.33912927192e-05, 9.65726285358e-05, 3.74532537535e-05, 1.70235707628e-05, 5.26298708792e-06, 2.62622779701e-06, 1.30368357532e-06, 2.71275951036e-07, 3.51910756535e-07, 3.22186679114e-07, 2.54882564832e-07, 3.68476662516e-07, 4.37728914449e-07, 3.93956412381e-07, 4.91442847306e-07, 8.49690138693e-07, 1.29214527078e-07, 6.53908500681e-08, 9.50855891801e-08, 3.15812265228e-09],
        "max": [0.00982549134642, 0.18828099966, 0.0453083962202, 0.0240477025509, 0.0445000827312, 0.0464171469212, 0.051898881793, 0.0772503241897, 0.0856512188911, 0.0542031526566, 0.0383362472057, 0.0388740748167, 0.0193434190005, 0.0257357172668, 0.0037576102186, 0.00541425822303, 0.00540394987911, 0.00358623475768, 0.00645991042256, 0.00491487933323, 0.00411072466522, 0.00365252699703, 0.00455016223714, 0.00162555789575, 0.00173944910057, 0.00164265825879, 0.000351253140252],
        "mean": [0.000304845103528, 0.0135954758152, 0.0038792595733, 0.00106034078635, 0.00212334375829, 0.00200607650913, 0.00194435718004, 0.00212846905924, 0.00181615923066, 0.00096398673486, 0.000509240839165, 0.00033271414577, 0.000302244210616, 0.000172927917447, 0.000140677060699, 0.000139479103382, 0.000163369099027, 0.000137929964694, 0.0001651206112, 0.000184670338058, 0.000177494846866, 0.000167329038959, 0.000216416854528, 0.000118401003419, 7.20757379895e-05, 0.000109959684778, 9.6138810477e-06],
        "median": [1.15535958685e-05, 0.00202661892399, 0.00122843717691, 0.000249778182479, 0.00039183255285, 0.000423333462095, 0.00034732662607, 0.000303581589833, 0.00025448971428, 0.00013686643797, 6.1822218413e-05, 6.38161582174e-05, 7.8409568232e-05, 3.95946844947e-05, 4.36133923358e-05, 4.40423718828e-05, 6.32019291515e-05, 4.8414349294e-05, 5.72615608689e-05, 6.17700061412e-05, 6.97316791047e-05, 5.83172877668e-05, 6.474438851e-05, 4.81179813505e-05, 2.67426312348e-05, 2.57438132394e-05, 8.80041397977e-07],
        "min": [6.46545368931e-25, 4.81517304445e-24, 8.85919195556e-25, 2.76034579195e-24, 1.09809335455e-23, 8.47690365e-24, 1.36184529056e-23, 6.93083567224e-24, 1.31869586122e-23, 3.08907359748e-23, 1.36003627474e-23, 1.56832095503e-23, 3.63949182777e-23, 4.44916730129e-23, 2.73656542219e-23, 7.58957397115e-23, 6.37223285229e-23, 9.76699415262e-23, 1.31613263126e-22, 1.83388488877e-22, 2.65715312989e-22, 3.27794501044e-22, 4.39440760648e-22, 6.79688210493e-22, 9.75040964582e-22, 1.32724522017e-21, 1.99816240811e-21],
        "var": [8.24962285151e-07, 0.00109740567859, 4.29854044341e-05, 4.16742250309e-06, 1.69130835275e-05, 2.1080215447e-05, 1.909067214e-05, 3.17863850796e-05, 3.07938353217e-05, 1.1181597074e-05, 4.10363008996e-06, 1.25316182675e-06, 6.57981729546e-07, 2.75195759514e-07, 7.1551120584e-08, 8.8206405735e-08, 9.13088911147e-08, 6.83119480982e-08, 1.00171320128e-07, 1.13260043122e-07, 1.01927000173e-07, 1.15106921328e-07, 1.95285366544e-07, 3.56091831577e-08, 1.63239857187e-08, 3.41154731132e-08, 6.98816449152e-10]
    },
    "erbbands": {
        "dmean": [0.302710771561, 3.85087347031, 5.8658118248, 2.27196240425, 3.35823082924, 7.53577947617, 8.46625041962, 16.9385261536, 24.186920166, 42.2624931335, 43.9655075073, 52.7070579529, 38.9923820496, 32.6342163086, 28.203874588, 17.6832408905, 17.0207939148, 12.3675479889, 10.6394605637, 7.23913812637, 9.80322265625, 9.20037269592, 8.34565448761, 9.43822574615, 9.13827228546, 10.466958046, 7.99545049667, 7.41535758972, 6.83643388748, 8.74238395691, 7.81072664261, 2.94003129005, 2.00124692917, 0.822826206684, 0.523778855801, 0.355415046215, 0.27015453577, 0.0416596643627, 0.00236715259962, 5.93713921262e-05],
        "dmean2": [0.447690278292, 6.52917718887, 10.3224840164, 3.60061645508, 5.5489115715, 12.5885486603, 13.6211709976, 28.2999153137, 38.8126373291, 70.6796340942, 73.0081634521, 90.122833252, 67.5976028442, 56.9223899841, 51.3301086426, 31.7373123169, 30.8081283569, 22.8372974396, 19.7252311707, 13.1716299057, 17.7881622314, 16.8196430206, 15.339966774, 17.3895816803, 16.6019268036, 19.2858505249, 14.4935884476, 13.5520305634, 12.5973443985, 16.2858543396, 14.5060949326, 5.32765960693, 3.64649629593, 1.50518155098, 0.935809195042, 0.622044742107, 0.469083338976, 0.0733803212643, 0.00436540180817, 9.48895758484e-05],
        "dvar": [0.449665725231, 91.2802658081, 187.038513184, 16.3949222565, 52.302406311, 242.4712677, 366.843414307, 1878.04064941, 3106.61279297, 9149.70703125, 16437.4375, 24195.8554688, 14136.4736328, 11477.7099609, 9703.30859375, 3253.06176758, 1888.83337402, 1184.35302734, 520.054382324, 232.436645508, 437.636901855, 337.767669678, 265.965515137, 357.538330078, 322.769927979, 374.108551025, 209.195373535, 235.209945679, 217.891937256, 290.556396484, 241.916213989, 27.5310649872, 12.3089160919, 3.37767767906, 1.23180007935, 0.331873804331, 0.271236360073, 0.0058220862411, 3.17737358273e-05, 8.97367335995e-09],
        "dvar2": [0.968136072159, 241.723129272, 516.91784668, 37.166847229, 141.714172363, 600.728515625, 890.122558594, 4892.23632812, 7740.64111328, 24044.2363281, 43228.21875, 63789.7421875, 37995.0390625, 31338.0527344, 27345.7910156, 9015.04492188, 5198.5859375, 3367.43115234, 1468.04968262, 649.934814453, 1181.20410156, 934.098571777, 741.914733887, 1002.91387939, 893.50402832, 1047.12109375, 577.501464844, 656.06262207, 610.975646973, 802.559692383, 678.453308105, 75.7642745972, 33.9764442444, 9.66828632355, 3.50804781914, 0.900601446629, 0.728103518486, 0.0157188996673, 9.06638961169e-05, 2.25264731313e-08],
        "max": [4.13816547394, 49.9404182434, 81.7297515869, 63.8365097046, 125.012634277, 257.223266602, 276.149627686, 528.063049316, 775.906494141, 1247.30090332, 2003.6373291, 2256.94677734, 2054.76977539, 1776.78076172, 1911.56030273, 1783.21984863, 1039.01611328, 1282.10437012, 286.936920166, 237.913146973, 427.874938965, 243.256118774, 170.781661987, 243.06602478, 323.844116211, 240.853210449, 135.341506958, 168.123474121, 139.1065979, 152.508712769, 141.744476318, 42.6477661133, 33.377822876, 21.6038093567, 14.3757638931, 5.49889278412, 5.55049324036, 0.627507030964, 0.0632503479719, 0.00099250965286],
        "mean": [0.293467819691, 3.31418895721, 5.72147512436, 3.78971362114, 4.08040475845, 8.28255558014, 10.5226707458, 19.0233821869, 25.9733905792, 39.6731491089, 41.067905426, 46.6637840271, 32.8171005249, 26.2811965942, 20.5859260559, 13.87221241, 13.8950634003, 9.89063262939, 8.69599533081, 6.64327669144, 8.64872646332, 8.32658195496, 7.70136976242, 8.34543132782, 8.41142940521, 9.04277801514, 7.35150957108, 6.61763763428, 5.7546672821, 6.66730451584, 6.10933303833, 2.695053339, 1.84464633465, 0.784825921059, 0.539264023304, 0.391334563494, 0.245479941368, 0.0353781841695, 0.00171411235351, 7.31790569262e-05],
        "median": [0.0196756571531, 0.55010175705, 1.62997353077, 1.98143839836, 1.02223777771, 1.37915933132, 2.00827646255, 3.80278873444, 4.76027584076, 7.60180091858, 6.18379497528, 6.67428541183, 5.05575799942, 3.63611078262, 2.94523215294, 3.14287090302, 3.76485729218, 2.65010666847, 2.40406727791, 2.32891154289, 3.01256012917, 3.18543767929, 2.92474126816, 2.93672347069, 2.90012836456, 3.02012085915, 2.80543041229, 2.54468250275, 2.04396510124, 1.97961759567, 1.90624380112, 1.05266869068, 0.684830605984, 0.319670438766, 0.183214589953, 0.1143155545, 0.0495962500572, 0.00596457766369, 0.000188021018403, 3.32778545271e-05],
        "min": [1.65563968464e-22, 7.8144147277e-22, 1.89983414007e-21, 8.02820708969e-21, 1.77540343656e-20, 3.2653297185e-20, 1.26843132153e-19, 9.10975947309e-20, 2.45056159727e-19, 3.88634990979e-19, 3.90009403265e-19, 3.39887738216e-19, 9.53969719472e-19, 1.12784701334e-18, 1.2093358842e-18, 5.8544452316e-19, 1.42800180291e-18, 3.11999664396e-18, 3.20847353664e-18, 2.97984619201e-18, 5.08481322862e-18, 4.80717915501e-18, 5.76668136861e-18, 7.82766224897e-18, 9.06508308632e-18, 9.60344200747e-18, 1.00752228155e-17, 1.04064978975e-17, 1.14935381266e-17, 1.30681723756e-17, 1.27830051681e-17, 1.25697646236e-17, 1.10087722374e-17, 8.7911481644e-18, 6.58274343296e-18, 4.34174819897e-18, 2.18884253034e-18, 1.01196914248e-18, 2.53188068932e-19, 2.82867981394e-20],
        "var": [0.484903335571, 70.6418685913, 138.031295776, 27.7971172333, 68.0592880249, 299.20211792, 535.437988281, 2107.82568359, 3542.28442383, 8335.16992188, 15353.0605469, 20931.2421875, 11537.2607422, 9156.72949219, 6422.97460938, 2157.08789062, 1297.92529297, 735.609191895, 347.109619141, 169.256774902, 328.013336182, 243.595062256, 197.448486328, 260.311950684, 253.560333252, 268.762390137, 159.591720581, 160.479721069, 140.967147827, 187.220962524, 155.576538086, 20.4238891602, 9.12637329102, 2.25645494461, 0.906840264797, 0.336698889732, 0.223131746054, 0.00467635691166, 2.01955263037e-05, 1.00349621945e-08]
    },
    "gfcc": {
        "mean": [-38.8981781006, 61.3903656006, -95.2922973633, 26.3875789642, -67.0363616943, 12.6040611267, -31.0356006622, 14.2799806595, -21.173582077, 8.00555801392, -19.726600647, 3.12825894356, -20.2971229553],
        "cov": [[23881.8964844, 1097.44067383, 459.643890381, 631.162109375, -143.838638306, 474.408447266, -293.229766846, 245.942749023, -231.517211914, 335.318389893, -148.760574341, 444.96685791, -237.088272095], [1097.44067383, 1773.41845703, 741.157470703, 393.998931885, 231.559829712, -59.1430435181, 91.9294281006, 19.1162986755, 142.395568848, -22.0861225128, 100.873588562, -59.8965950012, 113.424057007], [459.643890381, 741.157470703, 1924.78417969, 633.089233398, 521.346008301, 256.311462402, 79.0820159912, 90.3375549316, 124.335090637, 103.779060364, 56.7537994385, 78.3181152344, -8.71585941315], [631.162109375, 393.998931885, 633.089233398, 745.164916992, 401.818023682, 262.823699951, 59.1721038818, -23.6737594604, 54.0678062439, 49.670009613, 95.6597976685, 69.4677581787, 56.9803924561], [-143.838638306, 231.559829712, 521.346008301, 401.818023682, 463.148986816, 232.984237671, 137.876571655, 32.9266700745, 63.1495666504, 45.0637435913, 80.124382019, 58.3204956055, 63.4077796936], [474.408447266, -59.1430435181, 256.311462402, 262.823699951, 232.984237671, 355.520904541, 140.108566284, 64.9957122803, 32.3459892273, 42.5280418396, 35.0834083557, 69.7810592651, 15.1574716568], [-293.229766846, 91.9294281006, 79.0820159912, 59.1721038818, 137.876571655, 140.108566284, 252.497375488, 113.552879333, 97.1954421997, 20.8877086639, 35.9880714417, 7.87999629974, 41.3191871643], [245.942749023, 19.1162986755, 90.3375549316, -23.6737594604, 32.9266700745, 64.9957122803, 113.552879333, 184.96736145, 89.2147445679, 48.934879303, -7.22150421143, -4.81325244904, -10.8054075241], [-231.517211914, 142.395568848, 124.335090637, 54.0678062439, 63.1495666504, 32.3459892273, 97.1954421997, 89.2147445679, 150.039154053, 59.4144821167, 49.6797904968, -4.67747449875, 18.1500091553], [335.318389893, -22.0861225128, 103.779060364, 49.670009613, 45.0637435913, 42.5280418396, 20.8877086639, 48.934879303, 59.4144821167, 106.832061768, 47.4618301392, 40.7995605469, -0.381905049086], [-148.760574341, 100.873588562, 56.7537994385, 95.6597976685, 80.124382019, 35.0834083557, 35.9880714417, -7.22150421143, 49.6797904968, 47.4618301392, 103.95450592, 48.8660049438, 50.7703285217], [444.96685791, -59.8965950012, 78.3181152344, 69.4677581787, 58.3204956055, 69.7810592651, 7.87999629974, -4.81325244904, -4.67747449875, 40.7995605469, 48.8660049438, 104.955879211, 40.7620162964], [-237.088272095, 113.424057007, -8.71585941315, 56.9803924561, 63.4077796936, 15.1574716568, 41.3191871643, -10.8054075241, 18.1500091553, -0.381905049086, 50.7703285217, 40.7620162964, 114.974647522]],
        "icov": [[7.96278836788e-05, -0.000168845057487, 8.61386433826e-05, -9.08642250579e-05, 0.000100964534795, -0.000116304727271, 9.325818246e-05, -0.000166871075635, 0.00020355777815, -0.000340392318321, 0.000436143367551, -0.000602072628681, 0.000280380481854], [-0.000168845057487, 0.00139315845445, -0.00060235185083, -0.000291805743473, 3.19885803037e-05, 0.000890887633432, -0.000428395171184, 9.75725270109e-05, -0.000647784676403, 0.00149880372919, -0.0019715714734, 0.00246591377072, -0.00149195443373], [8.61386433826e-05, -0.00060235185083, 0.00120094546583, -0.000375188072212, -0.000895807868801, -9.97840761556e-05, 0.000554790662136, -0.000371378584532, -0.000375077419449, -0.000711484113708, 0.00164324068464, -0.00186723633669, 0.00131495902315], [-9.08642250579e-05, -0.000291805743473, -0.000375188072212, 0.00368854519911, -0.00196954724379, -0.00183571968228, 0.00128025887534, 0.00136128894519, -0.000940992613323, 0.000237805288634, -0.00111253897194, 0.000891161616892, -0.000435244699474], [0.000100964534795, 3.19885803037e-05, -0.000895807868801, -0.00196954724379, 0.00641861697659, -0.0014480088139, -0.0019084677333, 2.95905174426e-05, 0.0012737630168, -0.00066449661972, -0.00125173362903, 0.000553200894501, -0.0014221414458], [-0.000116304727271, 0.000890887633432, -9.97840761556e-05, -0.00183571968228, -0.0014480088139, 0.00721568753943, -0.00341005111113, -0.000916476419661, 0.00102011475246, 0.000539431814104, 0.000188752310351, -0.00225540064275, 0.00132717436645], [9.325818246e-05, -0.000428395171184, 0.000554790662136, 0.00128025887534, -0.0019084677333, -0.00341005111113, 0.00995766744018, -0.0039220713079, -0.0035137583036, 0.00277613708749, -0.00103222299367, 0.000334749027388, -0.00152155337855], [-0.000166871075635, 9.75725270109e-05, -0.000371378584532, 0.00136128894519, 2.95905174426e-05, -0.000916476419661, -0.0039220713079, 0.0126107316464, -0.00555415870622, -0.00384887657128, 0.00542788859457, 0.000368124863598, -0.000107335668872], [0.00020355777815, -0.000647784676403, -0.000375077419449, -0.000940992613323, 0.0012737630168, 0.00102011475246, -0.0035137583036, -0.00555415870622, 0.017937740311, -0.00682339724153, -0.0059250802733, 0.00469911890104, -0.000503388757352], [-0.000340392318321, 0.00149880372919, -0.000711484113708, 0.000237805288634, -0.00066449661972, 0.000539431814104, 0.00277613708749, -0.00384887657128, -0.00682339724153, 0.0217993855476, -0.0092621287331, -0.00333558442071, 0.00300573254935], [0.000436143367551, -0.0019715714734, 0.00164324068464, -0.00111253897194, -0.00125173362903, 0.000188752310351, -0.00103222299367, 0.00542788859457, -0.0059250802733, -0.0092621287331, 0.0272251926363, -0.0110828885809, -0.00212146784179], [-0.000602072628681, 0.00246591377072, -0.00186723633669, 0.000891161616892, 0.000553200894501, -0.00225540064275, 0.000334749027388, 0.000368124863598, 0.00469911890104, -0.00333558442071, -0.0110828885809, 0.0257709417492, -0.00934634823352], [0.000280380481854, -0.00149195443373, 0.00131495902315, -0.000435244699474, -0.0014221414458, 0.00132717436645, -0.00152155337855, -0.000107335668872, -0.000503388757352, 0.00300573254935, -0.00212146784179, -0.00934634823352, 0.0165488272905]]
    },
    "melbands": {
        "dmean": [0.00345279858448, 0.00396796315908, 0.000399870827096, 0.00037500137114, 0.000315761630191, 0.000367996632122, 0.000376374810003, 0.000475666456623, 0.000352107686922, 0.000326986395521, 0.00019054391305, 0.000132529632538, 9.60469842539e-05, 5.77704886382e-05, 4.16262446379e-05, 3.43904139299e-05, 2.18920777115e-05, 1.84670425369e-05, 1.01335472209e-05, 9.86558734439e-06, 1.24928228615e-05, 1.00575289252e-05, 8.00744510343e-06, 7.41343001209e-06, 7.86944565334e-06, 6.79908680468e-06, 7.31254203856e-06, 6.83430289428e-06, 4.83327448819e-06, 5.11731468578e-06, 4.10499524151e-06, 3.66679682884e-06, 4.32905244452e-06, 5.31092155143e-06, 5.54398775421e-06, 2.26311453844e-06, 1.64632740507e-06, 1.57219074026e-06, 9.76594151325e-07, 6.22907975867e-07],
        "dmean2": [0.00526025472209, 0.0069083715789, 0.000638817960862, 0.000619587663095, 0.00051096547395, 0.000610953953583, 0.000606169807725, 0.000793652201537, 0.000588430848438, 0.00056257925462, 0.00033228576649, 0.000231300422456, 0.000174316024641, 0.00010477581236, 7.49573300709e-05, 6.27345798421e-05, 4.0532067942e-05, 3.43650826835e-05, 1.84285581781e-05, 1.79635626409e-05, 2.2559577701e-05, 1.83070114872e-05, 1.46543616211e-05, 1.35996724566e-05, 1.45282156154e-05, 1.23351237562e-05, 1.34606852953e-05, 1.25824135466e-05, 8.75137175171e-06, 9.36691503739e-06, 7.45526858736e-06, 6.7251235123e-06, 8.04818409961e-06, 9.93081357592e-06, 1.03474949356e-05, 4.13220777773e-06, 2.97720748677e-06, 2.86936028715e-06, 1.77323784101e-06, 1.14520832994e-06],
        "dvar": [6.11352224951e-05, 9.38543016673e-05, 4.88712259994e-07, 5.14436180765e-07, 4.51773786381e-07, 8.61729233748e-07, 7.28542033812e-07, 1.16119770155e-06, 1.06528193555e-06, 9.26487757624e-07, 3.51869005044e-07, 2.03327203963e-07, 1.02943964464e-07, 3.54702436312e-08, 1.3160235568e-08, 7.71645858322e-09, 4.85753615109e-09, 1.74326419966e-09, 4.36525898762e-10, 5.02987429485e-10, 7.7036027557e-10, 4.11473105588e-10, 2.51893422787e-10, 2.26717075669e-10, 2.61128035861e-10, 1.96126018204e-10, 2.24153640094e-10, 1.58077675949e-10, 7.81548159523e-11, 1.04158841274e-10, 7.33772903549e-11, 7.05314001648e-11, 8.92914076012e-11, 1.054084528e-10, 1.34838792909e-10, 1.8635653784e-11, 8.9271879819e-12, 7.72080403083e-12, 3.7163952471e-12, 2.42187780247e-12],
        "dvar2": [0.000140884061693, 0.000255145685514, 1.14817578378e-06, 1.27305861497e-06, 1.09872451048e-06, 2.23081838158e-06, 1.80940890004e-06, 3.0234893984e-06, 2.82414066533e-06, 2.44771536018e-06, 9.45014448916e-07, 5.53695201688e-07, 2.91116890594e-07, 9.87098900396e-08, 3.66671493168e-08, 2.10085300267e-08, 1.39276910005e-08, 4.94072116553e-09, 1.21097387673e-09, 1.42863976205e-09, 2.03879579885e-09, 1.12496345572e-09, 7.10885128541e-10, 6.33546604067e-10, 7.35905059113e-10, 5.43362688177e-10, 6.32938368383e-10, 4.4282200129e-10, 2.16005741072e-10, 2.90239055012e-10, 2.05062342107e-10, 1.99127284106e-10, 2.49787551754e-10, 2.91699664423e-10, 3.80787373855e-10, 5.20199959497e-11, 2.4528684639e-11, 2.12868993266e-11, 1.05210683915e-11, 6.9912140313e-12],
        "max": [0.0455660931766, 0.0535789653659, 0.00953058339655, 0.0103506986052, 0.0105573078617, 0.0109690157697, 0.0119637213647, 0.0141399847344, 0.0149959912524, 0.0145891010761, 0.0102050369605, 0.00796697195619, 0.00573195470497, 0.00443388102576, 0.00200416846201, 0.00214506173506, 0.00286631775089, 0.000635761301965, 0.000242331836489, 0.000465618650196, 0.00072251126403, 0.000265540089458, 0.000163236065418, 0.000221018548473, 0.000203392803087, 0.000299249222735, 0.000299048871966, 0.000145046011312, 9.96702146949e-05, 0.00011362911755, 0.000105925399112, 8.70617877808e-05, 9.62323756539e-05, 8.38480918901e-05, 9.87893654383e-05, 5.16530890309e-05, 2.19094326894e-05, 2.34539056692e-05, 2.7862337447e-05, 2.1767369617e-05],
        "mean": [0.00329639809206, 0.00366965658031, 0.000665708677843, 0.000440460833488, 0.00038477263297, 0.000419621792389, 0.000399029726395, 0.000447497121058, 0.000326474139001, 0.000283041968942, 0.0001574397902, 0.000106045030407, 6.92973699188e-05, 4.30401341873e-05, 3.29430622514e-05, 2.74891244771e-05, 1.71846913872e-05, 1.44291425386e-05, 9.11790630198e-06, 8.90212322702e-06, 1.08326530608e-05, 8.90521096153e-06, 7.55992778068e-06, 6.54248924548e-06, 6.71495899951e-06, 6.31696184428e-06, 6.12358371654e-06, 5.86793794355e-06, 4.46930653197e-06, 4.32447359344e-06, 3.7409313336e-06, 3.15941451845e-06, 3.34590822604e-06, 3.91444564229e-06, 4.20667856815e-06, 1.94593530978e-06, 1.51219137479e-06, 1.39945109368e-06, 9.30485100525e-07, 5.68948962609e-07],
        "median": [0.000396266783355, 0.00103508599568, 0.000376619689632, 8.64658795763e-05, 7.40225805202e-05, 8.36044127936e-05, 7.15305650374e-05, 8.21237408672e-05, 4.64693875983e-05, 3.97365329263e-05, 2.27715991059e-05, 1.38900122693e-05, 8.85445842869e-06, 8.21804587758e-06, 7.97687880549e-06, 7.15542182661e-06, 4.05781111112e-06, 3.54725398211e-06, 2.98563077195e-06, 2.82992732537e-06, 3.38662243848e-06, 3.18952629641e-06, 2.87643138108e-06, 2.18094737647e-06, 2.16910075324e-06, 2.12922850551e-06, 1.86730221685e-06, 1.88190188055e-06, 1.71539659277e-06, 1.36011647101e-06, 1.43109843975e-06, 1.08692051981e-06, 9.85351562122e-07, 1.0544918041e-06, 1.19137530419e-06, 6.90856325036e-07, 5.74393482111e-07, 4.90580987389e-07, 3.56940461188e-07, 2.08879413321e-07],
        "min": [1.66262907904e-24, 9.33093077688e-25, 2.16538946103e-24, 1.9630111401e-24, 4.05715738948e-24, 1.61957443134e-24, 3.24551457575e-24, 4.02425163454e-24, 3.52160563739e-24, 1.73906693974e-24, 4.4478951842e-24, 3.58007206338e-24, 3.54541030406e-24, 1.76373107037e-24, 1.39265908499e-24, 3.39181908582e-24, 4.99855086162e-24, 6.01827269961e-24, 2.40080409338e-24, 4.54063327778e-24, 5.42833253797e-24, 3.897975514e-24, 6.07180046191e-24, 4.48897906014e-24, 5.9903604342e-24, 4.73821887428e-24, 5.23847659505e-24, 5.80940915318e-24, 5.0981808385e-24, 6.7671068025e-24, 5.19167189982e-24, 5.44008025457e-24, 5.34375678817e-24, 6.59499470792e-24, 6.27358871488e-24, 6.71800178887e-24, 6.51270665475e-24, 6.18995249841e-24, 8.0563563794e-24, 6.01839102875e-24],
        "var": [6.13423326286e-05, 6.93305264576e-05, 8.32470675505e-07, 7.12858934548e-07, 6.59756096866e-07, 9.83945710686e-07, 8.31701356674e-07, 1.08829806322e-06, 1.0000230759e-06, 7.88423903941e-07, 2.8515790973e-07, 1.60893691259e-07, 6.96728150729e-08, 2.31122374572e-08, 8.86937989719e-09, 5.3372897213e-09, 2.92160939885e-09, 1.12187736878e-09, 3.21353721411e-10, 3.52074869259e-10, 5.97731475427e-10, 3.02056324397e-10, 1.86451118434e-10, 1.6793079427e-10, 1.849596587e-10, 1.53488832755e-10, 1.58070639911e-10, 1.13513587419e-10, 5.98107743888e-11, 7.24268700569e-11, 5.09027646423e-11, 4.55028410784e-11, 5.60060435528e-11, 6.72250380362e-11, 8.42590441863e-11, 1.29248825184e-11, 6.6310195182e-12, 5.63938739456e-12, 2.649910456e-12, 1.54341535212e-12]
    },
    "mfcc": {
        "mean": [-682.315795898, 99.0343780518, 17.987033844, 18.8260364532, -7.4072675705, 2.36405897141, -2.6750664711, 6.03352880478, -0.0827832743526, 6.05103683472, 1.52531003952, 4.76533794403, 0.772289276123],
        "cov": [[12668.6914062, 966.136413574, 351.809875488, 276.695648193, 179.797897339, 249.619903564, 83.5741653442, 173.600326538, 36.1538200378, 80.198059082, 46.1554107666, 105.41255188, 54.9926605225], [966.136413574, 1442.54821777, 619.602600098, 364.532806396, 180.678588867, -14.8957290649, 30.1663570404, 25.3196296692, 92.7698287964, 57.9571151733, 51.7093200684, 16.6268444061, 24.9736804962], [351.809875488, 619.602600098, 1186.14733887, 512.550048828, 457.36831665, 265.066833496, 107.098152161, 104.6040802, 58.7688941956, 84.7576370239, 58.0718650818, 56.9516220093, 56.5523529053], [276.695648193, 364.532806396, 512.550048828, 547.39276123, 366.626983643, 240.563446045, 106.885757446, 63.4504089355, 30.341506958, 51.4011955261, 29.1061325073, 28.9927845001, 42.524723053], [179.797897339, 180.678588867, 457.36831665, 366.626983643, 443.265533447, 276.084747314, 138.207870483, 80.2987289429, 31.1215114594, 28.1997089386, 35.0299377441, 40.034412384, 34.1862220764], [249.619903564, -14.8957290649, 265.066833496, 240.563446045, 276.084747314, 364.288543701, 175.695510864, 119.165237427, 31.7986106873, 23.8051280975, 28.6277942657, 42.2748680115, 39.9294471741], [83.5741653442, 30.1663570404, 107.098152161, 106.885757446, 138.207870483, 175.695510864, 189.580169678, 122.852165222, 74.3447113037, 43.1300201416, 32.4909858704, 21.5950202942, 25.1241283417], [173.600326538, 25.3196296692, 104.6040802, 63.4504089355, 80.2987289429, 119.165237427, 122.852165222, 162.732650757, 93.7699584961, 64.6013641357, 48.9776496887, 34.02709198, 18.0939044952], [36.1538200378, 92.7698287964, 58.7688941956, 30.341506958, 31.1215114594, 31.7986106873, 74.3447113037, 93.7699584961, 142.870407104, 82.326423645, 56.6164360046, 35.9731063843, 18.1320819855], [80.198059082, 57.9571151733, 84.7576370239, 51.4011955261, 28.1997089386, 23.8051280975, 43.1300201416, 64.6013641357, 82.326423645, 128.624725342, 66.5568847656, 27.941192627, 27.0137672424], [46.1554107666, 51.7093200684, 58.0718650818, 29.1061325073, 35.0299377441, 28.6277942657, 32.4909858704, 48.9776496887, 56.6164360046, 66.5568847656, 108.804786682, 58.7272949219, 19.9201107025], [105.41255188, 16.6268444061, 56.9516220093, 28.9927845001, 40.034412384, 42.2748680115, 21.5950202942, 34.02709198, 35.9731063843, 27.941192627, 58.7272949219, 103.486572266, 49.4773101807], [54.9926605225, 24.9736804962, 56.5523529053, 42.524723053, 34.1862220764, 39.9294471741, 25.1241283417, 18.0939044952, 18.1320819855, 27.0137672424, 19.9201107025, 49.4773101807, 81.5031509399]],
