{
"lowlevel": {
    "average_loudness": 0.95504206419,
    "barkbands_crest": {
        "dmean": 2.74490714073,
        "dmean2": 4.555580616,
        "dvar": 7.2441868782,
        "dvar2": 18.7961959839,
        "max": 26.1787757874,
        "mean": 7.64528751373,
        "median": 6.48932361603,
        "min": 1.65680229664,
        "var": 17.9141540527
    },
    "barkbands_flatness_db": {
        "dmean": 0.0172015111893,
        "dmean2": 0.0274799782783,
        "dvar": 0.000574835867155,
        "dvar2": 0.0011623831233,
        "max": 0.923904120922,
        "mean": 0.0719087570906,
        "median": 0.0548812635243,
        "min": 0.00710782269016,
        "var": 0.00328916334547
    },
    "barkbands_kurtosis": {
        "dmean": 1.6129168272,
        "dmean2": 2.80436062813,
        "dvar": 194.203216553,
        "dvar2": 539.936889648,
        "max": 596.79498291,
        "mean": 0.498025596142,
        "median": -0.727259635925,
        "min": -1.88986802101,
        "var": 130.348526001
    },
    "barkbands_skewness": {
        "dmean": 0.471238523722,
        "dmean2": 0.758980154991,
        "dvar": 0.473188459873,
        "dvar2": 1.23753559589,
        "max": 18.0962219238,
        "mean": 0.467347800732,
        "median": 0.43146660924,
        "min": -3.96056389809,
        "var": 0.858888208866
    },
    "barkbands_spread": {
        "dmean": 8.48757839203,
        "dmean2": 13.9128103256,
        "dvar": 83.3381652832,
        "dvar2": 224.476165771,
        "max": 110.389282227,
        "mean": 44.0174484253,
        "median": 44.463432312,
        "min": 0.113438665867,
        "var": 358.936737061
    },
    "dissonance": {
        "dmean": 0.0127823902294,
        "dmean2": 0.0220894105732,
        "dvar": 0.000276183505775,
        "dvar2": 0.000779880792834,
        "max": 0.500000238419,
        "mean": 0.481591612101,
        "median": 0.487726956606,
        "min": 0.206348314881,
        "var": 0.000455985631561
    },
    "dynamic_complexity": 1.63821399212,
    "erbbands_crest": {
        "dmean": 2.12562203407,
        "dmean2": 3.49570584297,
        "dvar": 5.38348436356,
        "dvar2": 13.1358060837,
        "max": 31.5394859314,
        "mean": 6.96404361725,
        "median": 5.42277574539,
        "min": 2.11908721924,
        "var": 20.0319004059
    },
    "erbbands_flatness_db": {
        "dmean": 0.0145029360428,
        "dmean2": 0.0231035780162,
        "dvar": 0.000241732675931,
        "dvar2": 0.000539078027941,
        "max": 0.486856341362,
        "mean": 0.123472616076,
        "median": 0.110507324338,
        "min": 0.0418013744056,
        "var": 0.00204741582274
    },
    "erbbands_kurtosis": {
        "dmean": 1.13363265991,
        "dmean2": 1.83868873119,
        "dvar": 71.9412307739,
        "dvar2": 165.674377441,
        "max": 427.993438721,
        "mean": 0.741455316544,
        "median": -0.296912193298,
        "min": -1.76154851913,
        "var": 89.4607620239
    },
    "erbbands_skewness": {
        "dmean": 0.349730044603,
        "dmean2": 0.559760570526,
        "dvar": 0.222136944532,
        "dvar2": 0.479236841202,
        "max": 15.5702028275,
        "mean": -0.000170053899637,
        "median": -0.0920124873519,
        "min": -4.01339149475,
        "var": 0.739284217358
    },
    "erbbands_spread": {
        "dmean": 8.10838508606,
        "dmean2": 13.0782613754,
        "dvar": 88.1047821045,
        "dvar2": 220.089736938,
        "max": 171.593917847,
        "mean": 39.9650154114,
        "median": 40.2558059692,
        "min": 0.568177819252,
        "var": 250.24005127
    },
    "hfc": {
        "dmean": 15.1772108078,
        "dmean2": 24.7286720276,
        "dvar": 399.365478516,
        "dvar2": 1067.85046387,
        "max": 233.767166138,
        "mean": 54.5182380676,
        "median": 52.7478256226,
        "min": 1.03964976147e-16,
        "var": 1133.39770508
    },
    "melbands_crest": {
        "dmean": 4.18807315826,
        "dmean2": 6.96312332153,
        "dvar": 16.7856063843,
        "dvar2": 44.9322509766,
        "max": 39.9305725098,
        "mean": 12.7094087601,
        "median": 11.6622610092,
        "min": 1.59116089344,
        "var": 38.3766059875
    },
    "melbands_flatness_db": {
        "dmean": 0.0266872327775,
        "dmean2": 0.0428310856223,
        "dvar": 0.00111093441956,
        "dvar2": 0.00239895796403,
        "max": 1,
        "mean": 0.115837201476,
        "median": 0.0997657552361,
        "min": 0.00316993310116,
        "var": 0.00545369274914
    },
    "melbands_kurtosis": {
        "dmean": 47.655632019,
        "dmean2": 74.7197341919,
        "dvar": 1537255.25,
        "dvar2": 2922544.75,
        "max": 89471.09375,
        "mean": 44.3608627319,
        "median": 2.39532661438,
        "min": -1.75429189205,
        "var": 1923265.125
    },
    "melbands_skewness": {
        "dmean": 0.827877402306,
        "dmean2": 1.33051669598,
        "dvar": 15.1598472595,
        "dvar2": 30.5799407959,
        "max": 217.100219727,
        "mean": 1.8713824749,
        "median": 1.53976726532,
        "min": -1.92356908321,
        "var": 21.0451221466
    },
    "melbands_spread": {
        "dmean": 14.669131279,
        "dmean2": 23.8085193634,
        "dvar": 298.753143311,
        "dvar2": 756.68927002,
        "max": 225.145339966,
        "mean": 54.5464363098,
        "median": 50.0973854065,
        "min": 0.00389441428706,
        "var": 899.905334473
    },
    "pitch_salience": {
        "dmean": 0.0821320042014,
        "dmean2": 0.135156586766,
        "dvar": 0.00676174415275,
        "dvar2": 0.0169399734586,
        "max": 0.941619455814,
        "mean": 0.604849278927,
        "median": 0.623309314251,
        "min": 0.00166312546935,
        "var": 0.0163142513484
    },
    "silence_rate_20dB": {
        "dmean": 0,
        "dmean2": 0,
        "dvar": 0,
        "dvar2": 0,
        "max": 1,
        "mean": 1,
        "median": 1,
        "min": 1,
        "var": 0
    },
    "silence_rate_30dB": {
        "dmean": 0,
        "dmean2": 0,
        "dvar": 0,
        "dvar2": 0,
        "max": 1,
        "mean": 1,
        "median": 1,
        "min": 1,
        "var": 0
    },
    "silence_rate_60dB": {
        "dmean": 0.0067017711699,
        "dmean2": 0.0134048257023,
        "dvar": 0.00665769912302,
        "dvar2": 0.0141859361902,
        "max": 1,
        "mean": 0.0435573421419,
        "median": 0,
        "min": 0,
        "var": 0.0416553989053
    },
    "spectral_centroid": {
        "dmean": 307.11630249,
        "dmean2": 493.022735596,
        "dvar": 119015.578125,
        "dvar2": 275719.6875,
        "max": 11860.0097656,
        "mean": 2508.3125,
        "median": 2432.00537109,
        "min": 25.5286655426,
        "var": 2141960.75
    },
    "spectral_complexity": {
        "dmean": 5.75471496582,
        "dmean2": 9.30658721924,
        "dvar": 36.4746513367,
        "dvar2": 92.4410476685,
        "max": 80,
        "mean": 34.5157966614,
        "median": 38,
        "min": 0,
        "var": 207.767379761
    },
    "spectral_decrease": {
        "dmean": 1.57421786717e-09,
        "dmean2": 2.58287458088e-09,
        "dvar": 2.72584590926e-18,
        "dvar2": 7.25790934203e-18,
        "max": 1.83985231108e-28,
        "mean": -6.44457553989e-09,
        "median": -6.49649001261e-09,
        "min": -2.44731843679e-08,
        "var": 9.49600861669e-18
    },
    "spectral_energy": {
        "dmean": 0.00663430895656,
        "dmean2": 0.0109671466053,
        "dvar": 4.71090679639e-05,
        "dvar2": 0.00012630954734,
        "max": 0.0931348204613,
        "mean": 0.0292683038861,
        "median": 0.0300957895815,
        "min": 9.77013152186e-21,
        "var": 0.000172903455677
    },
    "spectral_energyband_high": {
        "dmean": 0.00154108111747,
        "dmean2": 0.00251386896707,
        "dvar": 4.8095666898e-06,
        "dvar2": 1.24035141198e-05,
        "max": 0.024708263576,
        "mean": 0.00459326943383,
        "median": 0.00409733084962,
        "min": 6.67496343746e-21,
        "var": 1.33256135086e-05
    },
    "spectral_energyband_low": {
        "dmean": 0.00444069551304,
        "dmean2": 0.00731951044872,
        "dvar": 3.68544897356e-05,
        "dvar2": 9.40777536016e-05,
        "max": 0.0886597409844,
        "mean": 0.00841911416501,
        "median": 0.00544291175902,
        "min": 9.6520476524e-24,
        "var": 8.23977752589e-05
    },
    "spectral_energyband_middle_high": {
        "dmean": 0.0031130600255,
        "dmean2": 0.00509380921721,
        "dvar": 1.19112464745e-05,
        "dvar2": 3.08307025989e-05,
        "max": 0.0683823153377,
        "mean": 0.0094054248184,
        "median": 0.00898715574294,
        "min": 1.10670394488e-21,
        "var": 3.49029578501e-05
    },
    "spectral_energyband_middle_low": {
        "dmean": 0.00324936932884,
        "dmean2": 0.00528904655948,
        "dvar": 1.45648173202e-05,
        "dvar2": 3.68625551346e-05,
        "max": 0.0695051625371,
        "mean": 0.00760070886463,
        "median": 0.00660678185523,
        "min": 1.1507466172e-22,
        "var": 3.25792716467e-05
    },
    "spectral_entropy": {
        "dmean": 0.0995645299554,
        "dmean2": 0.156720265746,
        "dvar": 0.0244659222662,
        "dvar2": 0.0460816174746,
        "max": 9.82686042786,
        "mean": 8.14699077606,
        "median": 8.25624465942,
        "min": 2.42802834511,
        "var": 0.23995295167
    },
    "spectral_flux": {
        "dmean": 0.0182402711362,
        "dmean2": 0.030034840107,
        "dvar": 0.000318563223118,
        "dvar2": 0.000792421633378,
        "max": 0.284302502871,
        "mean": 0.108719222248,
        "median": 0.111202023923,
        "min": 6.26566368234e-11,
        "var": 0.0013358774595
    },
    "spectral_kurtosis": {
        "dmean": 0.850094795227,
        "dmean2": 1.4114023447,
        "dvar": 6.87677288055,
        "dvar2": 15.9864559174,
        "max": 175.739212036,
        "mean": 2.95152139664,
        "median": 2.21557593346,
        "min": -1.28270733356,
        "var": 13.2012910843
    },
    "spectral_rms": {
        "dmean": 0.000621712300926,
        "dmean2": 0.0010256790556,
        "dvar": 4.19340437929e-07,
        "dvar2": 1.10379528451e-06,
        "max": 0.00953222159296,
        "mean": 0.00512979133055,
        "median": 0.00541864801198,
        "min": 3.08736716748e-12,
        "var": 2.23956112677e-06
    },
    "spectral_rolloff": {
        "dmean": 967.538818359,
        "dmean2": 1591.27368164,
        "dvar": 1342416.5,
        "dvar2": 3209557,
        "max": 19767.4804688,
        "mean": 4182.26220703,
        "median": 3832.91015625,
        "min": 21.533203125,
        "var": 9613126
    },
    "spectral_skewness": {
        "dmean": 0.145540133119,
        "dmean2": 0.235877409577,
        "dvar": 0.0493982098997,
        "dvar2": 0.108205832541,
        "max": 12.386177063,
        "mean": 1.2810125351,
        "median": 1.20996701717,
        "min": -0.103284746408,
        "var": 0.253140956163
    },
    "spectral_spread": {
        "dmean": 496794.5,
        "dmean2": 795590.75,
        "dvar": 514051407872,
        "dvar2": 1.1984830464e+12,
        "max": 43888332,
        "mean": 6407177,
        "median": 5906451,
        "min": 1117067.25,
        "var": 2.71301361009e+13
    },
    "spectral_strongpeak": {
        "dmean": 0.610111117363,
        "dmean2": 1.08414888382,
        "dvar": 1.30820810795,
        "dvar2": 3.50344610214,
        "max": 23.4851341248,
        "mean": 0.7717192173,
        "median": 0.330666005611,
        "min": 0,
        "var": 1.50263702869
    },
    "zerocrossingrate": {
        "dmean": 0.0146274007857,
        "dmean2": 0.0186343062669,
        "dvar": 0.000276876904536,
        "dvar2": 0.000387367967051,
        "max": 0.88037109375,
        "mean": 0.130449905992,
        "median": 0.125,
        "min": 0.0009765625,
        "var": 0.00606241542846
    },
    "barkbands": {
        "dmean": [0.000235585815972, 0.00356661365367, 0.00170437700581, 0.00103085523006, 0.00102719198912, 0.0010537719354, 0.000851518125273, 0.000628560839687, 0.00104809505865, 0.00073283870006, 0.000814309692942, 0.00061356392689, 0.000680635916069, 0.000518599466886, 0.000571854587179, 0.000454154767795, 0.000468875601655, 0.000414270150941, 0.000448087957921, 0.000378432217985, 0.000421785051003, 0.000403319194447, 0.000332357769366, 0.000304440472974, 0.000203936215257, 0.000118204210594, 3.79514531232e-05],
        "dmean2": [0.00035684616887, 0.00588438846171, 0.00276886974461, 0.00179125915747, 0.0017759243492, 0.00181378959678, 0.00144577980973, 0.00105793459807, 0.00173262297176, 0.00119572738186, 0.00136691436637, 0.00102291733492, 0.00112818123307, 0.000869575014804, 0.000963407859672, 0.000771202670876, 0.000793352490291, 0.000695832597557, 0.000760806666221, 0.000630208232906, 0.000704653852154, 0.00067342253169, 0.000549215183128, 0.000497497909237, 0.0003340432595, 0.000190998878679, 6.28120615147e-05],
        "dvar": [2.10496736486e-07, 3.1260355172e-05, 1.04548525997e-05, 4.30343197877e-06, 3.61097727364e-06, 3.39906318914e-06, 1.70828241153e-06, 1.51986137098e-06, 2.62566959464e-06, 2.13881276068e-06, 1.66013876424e-06, 1.1597263665e-06, 1.03467459667e-06, 7.22893901184e-07, 1.26502573039e-06, 4.71822858117e-07, 5.00800979353e-07, 3.04013468622e-07, 3.94253760305e-07, 2.26836803563e-07, 2.91218782422e-07, 3.35765122372e-07, 2.66928168458e-07, 2.23885805894e-07, 8.81674537823e-08, 3.0039835508e-08, 4.27999991004e-09],
        "dvar2": [4.48992494739e-07, 7.92484352132e-05, 2.53546077147e-05, 1.15672082757e-05, 9.40073550737e-06, 9.45418287301e-06, 4.5933520596e-06, 3.96578707296e-06, 6.8636791184e-06, 4.48187165603e-06, 4.35243828178e-06, 3.04800619233e-06, 2.65192988991e-06, 1.80157383056e-06, 3.15578563459e-06, 1.21514517559e-06, 1.30433693357e-06, 7.88644570093e-07, 1.04510183974e-06, 5.9362690763e-07, 7.75404942033e-07, 8.79577839896e-07, 6.98425139944e-07, 5.47059869405e-07, 2.30216357977e-07, 7.50008908312e-08, 1.13909335298e-08],
        "max": [0.0119171729311, 0.0845788493752, 0.0388087555766, 0.0219544321299, 0.0222993642092, 0.0317064076662, 0.028380760923, 0.0360179878771, 0.0354788228869, 0.0682967603207, 0.0223321784288, 0.0365869887173, 0.0189755745232, 0.0283432099968, 0.0402146317065, 0.018283739686, 0.0140503169969, 0.0105278659612, 0.00948484335095, 0.00617092242464, 0.00594645179808, 0.0158244837075, 0.0073431939818, 0.0094899404794, 0.00643004570156, 0.00285945297219, 0.00124775501899],
        "mean": [0.000423791498179, 0.00554276257753, 0.00190452870447, 0.00101157324389, 0.00124219397549, 0.00136445614044, 0.00119275704492, 0.000840761407744, 0.00159996934235, 0.00108293129597, 0.00126823002938, 0.000975150440354, 0.00110430421773, 0.000835246522911, 0.000861901033204, 0.000743207463529, 0.000750912586227, 0.000753809988964, 0.000789182726294, 0.000821276451461, 0.000930358248297, 0.00086904480122, 0.00075537385419, 0.000719677074812, 0.000527859956492, 0.000290068564937, 6.69636865496e-05],
        "median": [0.000110730790766, 0.00278650200926, 0.000668778491672, 0.000307705893647, 0.000608127331361, 0.000660281453747, 0.000637928955257, 0.000457514484879, 0.00100123044103, 0.000528905191459, 0.000616982462816, 0.000544616836123, 0.000658591859974, 0.000528353499249, 0.000513691920787, 0.000499131856486, 0.000507786520757, 0.000571854587179, 0.000585046131164, 0.000696393661201, 0.000794829509687, 0.000700543518178, 0.000609883514699, 0.000570460571907, 0.000421386677772, 0.000208881829167, 3.44919462805e-05],
        "min": [3.1016206274e-25, 1.56475195108e-24, 7.50958702523e-25, 1.30665046796e-24, 5.08604697449e-24, 4.63299074599e-24, 4.57322743267e-24, 6.15534872038e-24, 1.78586465355e-23, 1.12756622349e-23, 1.59109426496e-23, 1.8256163012e-23, 1.82504753249e-23, 2.49823145229e-23, 3.21027923567e-23, 6.02985459765e-23, 6.12436328954e-23, 7.13033323092e-23, 1.08701965648e-22, 1.37924453291e-22, 2.14447886469e-22, 2.85373979182e-22, 3.43669563144e-22, 5.15480590537e-22, 8.11330592053e-22, 1.31259568189e-21, 1.90888203387e-21],
        "var": [6.24228789547e-07, 5.82343782298e-05, 1.17222589324e-05, 3.81450331588e-06, 3.83119913749e-06, 3.9739074964e-06, 2.94904293696e-06, 1.84474151865e-06, 3.70944235328e-06, 5.08876701133e-06, 3.46541401086e-06, 2.10117468669e-06, 2.12838745028e-06, 1.2568815464e-06, 1.92809261534e-06, 9.61524278864e-07, 7.58963608405e-07, 5.46804301393e-07, 6.1541982177e-07, 4.99374095853e-07, 6.2771505327e-07, 7.710299883e-07, 5.24646679878e-07, 5.11859070684e-07, 2.50610384001e-07, 8.78483916722e-08, 8.40340597108e-09]
    },
    "erbbands": {
        "dmean": [0.109287217259, 0.808853089809, 1.69314157963, 2.90577673912, 2.89254665375, 3.85159754753, 6.02381038666, 9.45770740509, 11.028014183, 14.1325883865, 14.8887615204, 24.2799434662, 22.447593689, 24.0223999023, 30.1465110779, 23.4005184174, 29.6608810425, 25.8555641174, 26.738948822, 29.0590171814, 22.6975326538, 25.04621315, 22.9588851929, 21.6739521027, 21.3709697723, 18.9384326935, 17.0667133331, 16.7655639648, 14.5682888031, 12.7029676437, 9.26537132263, 7.14356088638, 4.79764413834, 2.63352370262, 1.42167687416, 0.577805817127, 0.218804433942, 0.0598917864263, 0.00608136178926, 9.26395441638e-05],
        "dmean2": [0.180730104446, 1.31563639641, 2.66172766685, 4.90568256378, 4.98192405701, 6.62599945068, 10.3092241287, 16.3784942627, 19.0803413391, 23.7460765839, 25.0895462036, 40.1734008789, 36.8090248108, 39.8272323608, 49.3513679504, 38.6403656006, 48.6746101379, 42.955165863, 44.7357139587, 48.919593811, 38.2136917114, 42.2357368469, 38.6294136047, 36.2776985168, 36.7366867065, 31.5505275726, 28.6549968719, 27.8821029663, 24.4366798401, 21.3005771637, 15.2243614197, 11.7518157959, 7.87179231644, 4.36701011658, 2.30365133286, 0.938051402569, 0.356458842754, 0.0974635109305, 0.0100743323565, 0.000151978150825],
        "dvar": [0.0335944890976, 1.75754880905, 8.59111785889, 34.0318527222, 30.3745994568, 64.9607620239, 128.994491577, 283.58380127, 392.99105835, 411.802642822, 1149.4609375, 1415.25073242, 1890.24621582, 1406.22705078, 2288.37597656, 1609.56896973, 2052.36547852, 1771.42895508, 3573.02441406, 2076.59155273, 1204.48608398, 1473.27490234, 973.591308594, 992.688659668, 898.465576172, 586.435974121, 475.363372803, 492.641021729, 447.488952637, 354.249176025, 188.691970825, 129.059341431, 52.0913543701, 15.1151332855, 4.24522542953, 0.684019744396, 0.105458840728, 0.00949406716973, 0.000108421314508, 2.15083666433e-08],
        "dvar2": [0.0938139781356, 4.33411026001, 20.4438476562, 85.0701980591, 83.150352478, 167.157165527, 347.138366699, 794.825134277, 1081.20739746, 1049.44091797, 3073.87915039, 3707.07763672, 4177.70410156, 3483.27319336, 5561.71337891, 4211.24609375, 5152.84375, 4426.58544922, 9357.17675781, 5111.046875, 3167.25097656, 3879.43041992, 2551.15673828, 2552.00219727, 2489.81030273, 1535.69226074, 1254.12548828, 1297.52197266, 1185.02258301, 943.719238281, 492.781738281, 313.957061768, 132.373641968, 40.1333389282, 10.8735408783, 1.70110273361, 0.270324110985, 0.0246762428433, 0.000285919522867, 5.65392852536e-08],
        "max": [3.16885042191, 18.177646637, 40.9347839355, 65.9951095581, 83.2234191895, 121.863929749, 198.609527588, 334.58795166, 433.907409668, 390.274414062, 1131.0345459, 733.062988281, 1920.04980469, 845.718566895, 830.16607666, 1542.6036377, 845.768859863, 1594.90539551, 2190.68652344, 924.883728027, 883.54498291, 809.967590332, 566.191650391, 748.413757324, 503.459594727, 378.865783691, 259.482940674, 292.02645874, 450.490936279, 393.835601807, 233.62953186, 243.08354187, 134.34262085, 86.7891693115, 36.1701049805, 15.1192770004, 4.39840698242, 1.46300876141, 0.178999230266, 0.00240983604454],
        "mean": [0.172326207161, 1.1737486124, 2.24223852158, 3.11523127556, 3.35516762733, 4.37754821777, 7.36374330521, 11.9763126373, 14.8834962845, 19.8549003601, 21.5947685242, 36.9265823364, 35.213344574, 39.0696411133, 49.8797035217, 41.0532226562, 50.7989959717, 43.9158058167, 42.5030860901, 46.5722312927, 40.5894699097, 42.2379188538, 42.1049041748, 40.8484382629, 39.1722984314, 40.0325393677, 37.6915168762, 35.8101615906, 30.7499275208, 27.1050758362, 21.0063838959, 16.2884845734, 11.0245170593, 6.42529678345, 3.51108455658, 1.43651032448, 0.495146363974, 0.127619504929, 0.0104866269976, 0.000215110645513],
        "median": [0.0963738411665, 0.432401299477, 0.889675974846, 1.13855528831, 1.33977770805, 2.01571702957, 3.42685508728, 5.8774471283, 7.73449230194, 11.1789779663, 13.6914348602, 22.724319458, 19.24168396, 22.7128829956, 26.4993095398, 25.5977420807, 31.6995582581, 28.8146896362, 26.1887130737, 31.2020568848, 28.352180481, 29.5002746582, 31.52784729, 31.3721065521, 30.6633319855, 33.5627288818, 32.3042297363, 30.1427536011, 24.7965927124, 21.4190216064, 16.8211364746, 12.84233284, 8.57921218872, 5.02602005005, 2.68551421165, 1.05691194534, 0.34279602766, 0.0799841880798, 0.00496738962829, 0.000147559534525],
        "min": [6.19422922893e-23, 3.62388033357e-22, 1.80423197338e-21, 5.07820112485e-21, 6.49204585437e-21, 1.42397090655e-20, 1.92424844856e-20, 6.03589686324e-20, 8.30883602887e-20, 1.68579150344e-19, 1.73686176371e-19, 3.46582550353e-19, 3.77428839178e-19, 5.79288955234e-19, 8.44447956141e-19, 8.96889190724e-19, 1.1640592228e-18, 1.42195159712e-18, 1.90492250445e-18, 2.79727812504e-18, 4.15981726786e-18, 4.37871283259e-18, 4.48414692783e-18, 5.66031917672e-18, 6.80963287113e-18, 5.57691786428e-18, 7.79826094128e-18, 8.51049984463e-18, 9.7535430286e-18, 1.07895255345e-17, 9.69877788179e-18, 9.69342436886e-18, 9.19980351114e-18, 7.75972755962e-18, 6.26349845222e-18, 4.15297028034e-18, 2.13112207399e-18, 9.36071185377e-19, 2.30844214527e-19, 2.60327729755e-20],
        "var": [0.0550905503333, 3.27822971344, 12.3848619461, 33.6961174011, 32.7958946228, 62.6321754456, 139.313919067, 314.530792236, 574.751708984, 672.511108398, 1190.18444824, 2014.08349609, 4267.87011719, 2874.56347656, 4897.26513672, 2934.93652344, 4222.42138672, 3282.22680664, 4996.43017578, 3246.41381836, 2646.37036133, 2228.47167969, 1719.75268555, 1655.35229492, 1353.64379883, 1232.42004395, 1032.14245605, 992.572937012, 903.088256836, 747.988769531, 396.171813965, 272.223449707, 119.025093079, 38.8983955383, 11.8268861771, 2.13651919365, 0.2722684443, 0.022054772824, 0.000211845501326, 4.96334990885e-08]
    },
    "gfcc": {
        "mean": [39.2118492126, 31.9738559723, -111.8125, 27.6135215759, -56.534954071, 23.1635112762, -27.5602912903, 16.0223255157, -19.8318691254, 9.75263118744, -15.4713058472, 5.76012277603, -13.060172081],
        "cov": [[38065.2304688, -567.1328125, -3022.89355469, 959.821044922, -1715.71069336, 658.705322266, -1068.50354004, 450.040985107, -698.529602051, 410.959564209, -532.922729492, 258.010528564, -463.196563721], [-567.1328125, 1828.08178711, -151.140472412, -155.225341797, -29.435426712, -141.837173462, 62.4944763184, -106.672904968, -17.0690078735, -141.938156128, 72.5017623901, -45.0371665955, 44.705821991], [-3022.89355469, -151.140472412, 815.236938477, 65.8390655518, 217.987762451, -27.6717147827, 104.169975281, -27.73695755, 22.1407775879, -23.4534091949, 19.9451980591, -0.193998962641, 9.6992225647], [959.821044922, -155.225341797, 65.8390655518, 426.845855713, 71.0536651611, 85.4901123047, 8.28682231903, 52.9996643066, 23.0119132996, 43.0915336609, -15.3072223663, -3.52137088776, -16.9562568665], [-1715.71069336, -29.435426712, 217.987762451, 71.0536651611, 289.835693359, 50.1140289307, 87.147567749, 6.66077232361, 43.3920135498, 3.02504920959, 25.0163612366, -17.3661117554, 18.1344280243], [658.705322266, -141.837173462, -27.6717147827, 85.4901123047, 50.1140289307, 212.049911499, 85.4945144653, 83.4464263916, 12.5863656998, 33.8252487183, 0.75539547205, 4.57796096802, -11.0252733231], [-1068.50354004, 62.4944763184, 104.169975281, 8.28682231903, 87.147567749, 85.4945144653, 211.170898438, 92.1891555786, 60.5556488037, 1.83272314072, 36.6050071716, 2.17066001892, 20.7493362427], [450.040985107, -106.672904968, -27.73695755, 52.9996643066, 6.66077232361, 83.4464263916, 92.1891555786, 167.957443237, 63.2024230957, 39.7033805847, 8.16130065918, 13.5719747543, 4.41310548782], [-698.529602051, -17.0690078735, 22.1407775879, 23.0119132996, 43.3920135498, 12.5863656998, 60.5556488037, 63.2024230957, 140.872909546, 49.8394317627, 30.9983005524, 3.87028813362, 19.0026416779], [410.959564209, -141.938156128, -23.4534091949, 43.0915336609, 3.02504920959, 33.8252487183, 1.83272314072, 39.7033805847, 49.8394317627, 119.547691345, 43.5508003235, 23.9111003876, -0.821710705757], [-532.922729492, 72.5017623901, 19.9451980591, -15.3072223663, 25.0163612366, 0.75539547205, 36.6050071716, 8.16130065918, 30.9983005524, 43.5508003235, 112.998626709, 43.0765991211, 29.2609672546], [258.010528564, -45.0371665955, -0.193998962641, -3.52137088776, -17.3661117554, 4.57796096802, 2.17066001892, 13.5719747543, 3.87028813362, 23.9111003876, 43.0765991211, 86.8427734375, 36.0849571228], [-463.196563721, 44.705821991, 9.6992225647, -16.9562568665, 18.1344280243, -11.0252733231, 20.7493362427, 4.41310548782, 19.0026416779, -0.821710705757, 29.2609672546, 36.0849571228, 77.9570541382]],
        "icov": [[0.000114837901492, -9.94377041934e-05, 0.000215206629946, -0.000225961455726, 0.000321758416248, -0.000310409988742, 0.000430522457464, -0.000430792832049, 0.000505387899466, -0.000450579886092, 0.000512491737027, -0.000585133791901, 0.000405025028158], [-9.94377041934e-05, 0.000873243494425, 9.75051952992e-05, 0.000151587853907, -0.0001664658339, 0.000702556571923, -0.000964576436672, 0.000838163367007, -0.000530627323315, 0.00138741801493, -0.00142510130536, 0.00116941041779, -0.000585815811064], [0.000215206629946, 9.75051952992e-05, 0.00224972725846, -0.000713003450073, -0.00057066133013, 0.000454904162325, -0.000501756498124, -8.49379939609e-05, 0.00105844461359, -0.00044716699631, 0.000927842978854, -0.00163696554955, 0.00126996880863], [-0.000225961455726, 0.000151587853907, -0.000713003450073, 0.00332288932987, -0.00128129846416, -0.000392138725147, 0.00011027281289, 5.38551139471e-05, -0.00110421958379, 0.000122812401969, -0.000351303315256, 0.0010255840607, -0.000480268761748], [0.000321758416248, -0.0001664658339, -0.00057066133013, -0.00128129846416, 0.00644700601697, -0.00222161714919, 8.50176656968e-05, 0.000207916993531, 0.000260783039266, -0.000885926710907, 0.000273666402791, 0.000576972088311, -0.000491440936457], [-0.000310409988742, 0.000702556571923, 0.000454904162325, -0.000392138725147, -0.00222161714919, 0.00904002320021, -0.00464208843186, -0.000669224536978, 0.000916414137464, -0.000422198179876, -0.000528382370248, 0.000791018537711, 0.00028394284891], [0.000430522457464, -0.000964576436672, -0.000501756498124, 0.00011027281289, 8.50176656968e-05, -0.00464208843186, 0.0122241508216, -0.00638860883191, -0.000115545066365, 0.00101680250373, -0.000880015955772, -0.00081601756392, 0.000376245297957], [-0.000430792832049, 0.000838163367007, -8.49379939609e-05, 5.38551139471e-05, 0.000207916993531, -0.000669224536978, -0.00638860883191, 0.0133088584989, -0.00524494517595, 0.00041649187915, -0.000105592625914, 0.000513889826834, -0.00112936878577], [0.000505387899466, -0.000530627323315, 0.00105844461359, -0.00110421958379, 0.000260783039266, 0.000916414137464, -0.000115545066365, -0.00524494517595, 0.0138308145106, -0.00662906141952, 0.0018219636986, -0.000443256692961, -0.000588036666159], [-0.000450579886092, 0.00138741801493, -0.00044716699631, 0.000122812401969, -0.000885926710907, -0.000422198179876, 0.00101680250373, 0.00041649187915, -0.00662906141952, 0.0170406140387, -0.00854925066233, 0.00130223331507, 0.000863325025421], [0.000512491737027, -0.00142510130536, 0.000927842978854, -0.000351303315256, 0.000273666402791, -0.000528382370248, -0.000880015955772, -0.000105592625914, 0.0018219636986, -0.00854925066233, 0.0183643270284, -0.00924963876605, 0.000626546272542], [-0.000585133791901, 0.00116941041779, -0.00163696554955, 0.0010255840607, 0.000576972088311, 0.000791018537711, -0.00081601756392, 0.000513889826834, -0.000443256692961, 0.00130223331507, -0.00924963876605, 0.0224658492953, -0.0103602521122], [0.000405025028158, -0.000585815811064, 0.00126996880863, -0.000480268761748, -0.000491440936457, 0.00028394284891, 0.000376245297957, -0.00112936878577, -0.000588036666159, 0.000863325025421, 0.000626546272542, -0.0103602521122, 0.0201386976987]]
    },
    "melbands": {
        "dmean": [0.000971404078882, 0.000869802723173, 0.000469102902571, 0.000224259580136, 0.000198321213247, 0.000210368685657, 0.000167117934325, 0.000148375533172, 0.00013525832037, 0.000154249282787, 0.000115487542644, 9.99614203465e-05, 0.000112066503789, 7.17252842151e-05, 6.81394230924e-05, 6.45854452159e-05, 4.98780573253e-05, 4.62252428406e-05, 4.22266748501e-05, 3.65528248949e-05, 2.79974883597e-05, 2.80573094642e-05, 2.58976651821e-05, 2.05025316973e-05, 1.88977901416e-05, 1.86731449503e-05, 1.41558502946e-05, 1.34768752105e-05, 1.1441402421e-05, 1.16173650895e-05, 1.01427631307e-05, 9.12117866392e-06, 8.42871759232e-06, 7.39612414691e-06, 6.01544616075e-06, 4.87486158818e-06, 4.67272457172e-06, 3.83036467611e-06, 2.8743763778e-06, 2.26191218644e-06],
        "dmean2": [0.0015901158331, 0.0013679950498, 0.000776127562858, 0.000389324763091, 0.000336416065693, 0.000363087281585, 0.000286702212179, 0.000249162258115, 0.00022805428307, 0.000255489809206, 0.000189191836398, 0.000164998622495, 0.000185801458429, 0.000118668474897, 0.000112224646728, 0.000106771462015, 8.32769073895e-05, 7.79462498031e-05, 7.05503989593e-05, 6.18518242845e-05, 4.70186751045e-05, 4.73170039186e-05, 4.38018360001e-05, 3.45541302522e-05, 3.1596289773e-05, 3.21215084114e-05, 2.4003245926e-05, 2.25232997764e-05, 1.91636827367e-05, 1.96010587388e-05, 1.69212999026e-05, 1.5335084754e-05, 1.41333293868e-05, 1.23946883832e-05, 9.96347625914e-06, 8.11483641883e-06, 7.67996334616e-06, 6.35188689557e-06, 4.76888817502e-06, 3.80056371796e-06],
        "dvar": [2.30269461099e-06, 1.85047383638e-06, 7.49449782234e-07, 1.66204102925e-07, 1.36436852927e-07, 1.35497700171e-07, 8.13280252032e-08, 4.53769857245e-08, 8.863752754e-08, 5.48132028655e-08, 5.15965368209e-08, 2.63092587716e-08, 3.14021164627e-08, 1.49441152786e-08, 1.34609399183e-08, 1.09459508124e-08, 7.46621253711e-09, 9.40488664725e-09, 5.72583935821e-09, 3.58318308358e-09, 2.23108420627e-09, 2.02161731799e-09, 1.34758848525e-09, 8.0833700844e-10, 8.40244152034e-10, 7.51128381715e-10, 3.3369265684e-10, 3.06106529013e-10, 2.19323184614e-10, 2.59647775502e-10, 1.82013168426e-10, 1.68127373135e-10, 1.64840668893e-10, 1.42308831386e-10, 8.58641421853e-11, 4.97235412567e-11, 5.95701404871e-11, 3.47913399479e-11, 1.7209941805e-11, 1.17227972121e-11],
        "dvar2": [6.06737421549e-06, 4.45936802862e-06, 1.82811311333e-06, 4.44291913482e-07, 3.49468564309e-07, 3.78586861416e-07, 2.22661512339e-07, 1.16289832874e-07, 2.40701950815e-07, 1.43531806884e-07, 1.12789749096e-07, 6.21889029162e-08, 7.94966723561e-08, 3.83129368231e-08, 3.35400791585e-08, 2.80183503065e-08, 1.88461051209e-08, 2.48892177979e-08, 1.3137500865e-08, 9.08939590261e-09, 5.86986548257e-09, 5.16977882725e-09, 3.63703622774e-09, 2.10892547869e-09, 2.16696038891e-09, 2.05276551313e-09, 9.03097596705e-10, 8.01343047474e-10, 5.80733183764e-10, 6.87193024707e-10, 4.80699036132e-10, 4.41192721246e-10, 4.27040514062e-10, 3.76645714617e-10, 2.23692203649e-10, 1.30451344171e-10, 1.41735248538e-10, 8.92479007364e-11, 4.48214763915e-11, 3.18719911574e-11],
        "max": [0.0261954404414, 0.0191568862647, 0.0105915032327, 0.00515188882127, 0.00596413295716, 0.00720762135461, 0.00656507210806, 0.00416807318106, 0.0104185938835, 0.00396760832518, 0.00987567193806, 0.00465569039807, 0.00274134450592, 0.00313242524862, 0.00307324295864, 0.00232092663646, 0.00362650188617, 0.00297625106759, 0.0021614767611, 0.00165242189541, 0.00133432948496, 0.00104416476097, 0.000437529437477, 0.000537489773706, 0.000736805784982, 0.000428670668043, 0.00031905688229, 0.000281467568129, 0.000219632638618, 0.000209833437111, 0.000240601060796, 0.000202056369744, 0.00052258966025, 0.000264904345386, 0.000143095574458, 0.000138788731419, 0.000144918813021, 0.00010662402201, 7.04624690115e-05, 9.47790395003e-05],
        "mean": [0.00156152807176, 0.00135458819568, 0.000555591133889, 0.000265588925686, 0.000251527759247, 0.000271601660643, 0.000232481805142, 0.000208713114262, 0.000192020117538, 0.000230341305723, 0.000173551932676, 0.000153005472384, 0.000177465248271, 0.000115476716019, 0.000112274268758, 0.0001030901185, 7.91540951468e-05, 6.74459224683e-05, 6.50319852866e-05, 5.56651466468e-05, 4.57365385955e-05, 4.31701264461e-05, 4.16695220338e-05, 3.54806761607e-05, 3.26517911162e-05, 2.99441508105e-05, 2.67215527856e-05, 2.61140703515e-05, 2.31363046623e-05, 2.24885334319e-05, 2.01111561182e-05, 1.73897205968e-05, 1.65025630849e-05, 1.44815012391e-05, 1.24118596432e-05, 1.04887003545e-05, 9.76369119599e-06, 8.03293460194e-06, 6.34186835669e-06, 5.12814904141e-06],
        "median": [0.00089228519937, 0.000586908136029, 0.00022132905724, 0.000122946396004, 0.000123931124108, 0.00013474264415, 0.000122879151604, 0.000118622017908, 0.000119261618238, 0.00014089353499, 9.07783396542e-05, 8.33736849017e-05, 8.89886287041e-05, 6.35077813058e-05, 6.63059327053e-05, 6.04058332101e-05, 4.86350400024e-05, 3.85648454539e-05, 3.92817964894e-05, 3.78151307814e-05, 2.98919094348e-05, 2.85932019324e-05, 2.7749218134e-05, 2.63773272309e-05, 2.34958861256e-05, 2.10620619328e-05, 2.13741732296e-05, 2.08795136132e-05, 1.88345984498e-05, 1.79207872861e-05, 1.64675748238e-05, 1.36247108458e-05, 1.22738156279e-05, 1.1153799278e-05, 9.62844933383e-06, 8.29982855066e-06, 7.37942900741e-06, 6.07597939961e-06, 4.96797474625e-06, 3.90227251046e-06],
        "min": [4.55236837261e-25, 7.26695609054e-25, 9.33229945055e-25, 9.41025961559e-25, 7.84577784936e-25, 1.42804708937e-24, 1.39047058762e-24, 2.0764678765e-24, 1.27706512718e-24, 2.33048897659e-24, 1.89751773838e-24, 2.10041670751e-24, 2.45722224203e-24, 1.97627879445e-24, 3.0682271592e-24, 1.97912184915e-24, 2.09203801862e-24, 2.50396816712e-24, 2.57181789636e-24, 3.47776035384e-24, 3.58456502066e-24, 3.74944759948e-24, 4.47602320306e-24, 3.42191886252e-24, 3.89805006136e-24, 3.74845521246e-24, 3.65228202406e-24, 2.6915906476e-24, 3.51119030685e-24, 4.56294344748e-24, 3.98035349732e-24, 4.25134496764e-24, 5.07567818675e-24, 4.87181207415e-24, 4.5397592199e-24, 4.431049454e-24, 5.4161253099e-24, 5.50084739339e-24, 5.1299837659e-24, 5.42382853663e-24],
        "var": [4.27983559348e-06, 3.54620215148e-06, 8.49234083944e-07, 1.76929447093e-07, 1.55006176783e-07, 1.56407750751e-07, 1.28362941609e-07, 7.3017787372e-08, 8.7926515846e-08, 7.78486750619e-08, 1.17479743267e-07, 5.32749027116e-08, 6.63104771093e-08, 2.98113285169e-08, 2.40431692333e-08, 2.1248860449e-08, 1.26350618856e-08, 1.25649757265e-08, 9.69367608405e-09, 5.03795050122e-09, 4.29443458572e-09, 2.90124058111e-09, 2.13984208131e-09, 1.34930544515e-09, 1.27356036828e-09, 1.01738184544e-09, 6.10307637761e-10, 5.94139459853e-10, 4.39528469176e-10, 4.55003673627e-10, 3.4352765077e-10, 2.83458201356e-10, 4.55885079687e-10, 2.38158631705e-10, 1.56922558281e-10, 1.06343885087e-10, 1.13072815e-10, 6.95680457685e-11, 3.98484613362e-11, 2.69531289648e-11]
    },
    "mfcc": {
        "mean": [-589.952636719, 70.6269989014, -0.919571936131, 11.3792257309, -1.57427704334, 8.10742759705, 4.25126647949, 7.73746681213, 4.28621149063, 5.35221767426, 3.77958774567, 4.25581169128, 1.56858599186],
        "cov": [[11597.8388672, -313.329589844, 17.904510498, 268.675872803, 54.9555168152, 128.506195068, -32.8309822083, -31.3633937836, -15.7891397476, 81.9063186646, -23.8488445282, 53.948299408, 32.4307250977], [-313.329589844, 1666.19763184, -30.7533721924, -41.8092460632, -116.78868866, -78.7251663208, 3.82200670242, 10.0819587708, -78.8610534668, -108.627426147, -27.352558136, -20.1490688324, -9.72626399994], [17.904510498, -30.7533721924, 372.140136719, 111.211776733, 31.0006999969, 31.2743721008, 33.7359237671, 29.8375663757, 8.50560569763, -8.2528924942, -5.73002481461, 10.1258296967, 6.70623207092], [268.675872803, -41.8092460632, 111.211776733, 293.584442139, 94.3528213501, 50.6521072388, 9.67144012451, 15.9395618439, 18.52825737, 22.0539512634, 7.26450252533, 12.1139965057, 2.67963814735], [54.9555168152, -116.78868866, 31.0006999969, 94.3528213501, 178.977645874, 72.613899231, 24.6025886536, 3.35761022568, 18.0328979492, 21.7393798828, 4.3798084259, -1.43306052685, -0.0154316974804], [128.506195068, -78.7251663208, 31.2743721008, 50.6521072388, 72.613899231, 142.420379639, 58.5516090393, 22.58959198, 21.515460968, 28.6057300568, 19.8857192993, 10.6145677567, 4.96751832962], [-32.8309822083, 3.82200670242, 33.7359237671, 9.67144012451, 24.6025886536, 58.5516090393, 167.239929199, 77.987953186, 36.8982124329, 25.3389816284, 21.2914962769, 24.4085121155, 13.6532249451], [-31.3633937836, 10.0819587708, 29.8375663757, 15.9395618439, 3.35761022568, 22.58959198, 77.987953186, 142.787918091, 73.0130157471, 36.2152671814, 21.7575492859, 19.2823429108, 12.7782506943], [-15.7891397476, -78.8610534668, 8.50560569763, 18.52825737, 18.0328979492, 21.515460968, 36.8982124329, 73.0130157471, 123.375923157, 66.7339324951, 27.3932743073, 11.4518127441, 12.0533370972], [81.9063186646, -108.627426147, -8.2528924942, 22.0539512634, 21.7393798828, 28.6057300568, 25.3389816284, 36.2152671814, 66.7339324951, 118.341072083, 52.5259170532, 27.5553073883, 11.8856086731], [-23.8488445282, -27.352558136, -5.73002481461, 7.26450252533, 4.3798084259, 19.8857192993, 21.2914962769, 21.7575492859, 27.3932743073, 52.5259170532, 96.742980957, 42.2351226807, 17.3700752258], [53.948299408, -20.1490688324, 10.1258296967, 12.1139965057, -1.43306052685, 10.6145677567, 24.4085121155, 19.2823429108, 11.4518127441, 27.5553073883, 42.2351226807, 83.2140350342, 37.6483268738], [32.4307250977, -9.72626399994, 6.70623207092, 2.67963814735, -0.0154316974804, 4.96751832962, 13.6532249451, 12.7782506943, 12.0533370972, 11.8856086731, 17.3700752258, 37.6483268738, 84.1774139404]],
