{
"lowlevel": {
    "average_loudness": 0.877773821354,
    "barkbands_crest": {
        "dmean": 3.17851686478,
        "dmean2": 5.19296884537,
        "dvar": 8.67937850952,
        "dvar2": 21.792301178,
        "max": 26.1619224548,
        "mean": 10.0416231155,
        "median": 9.09896755219,
        "min": 1.89465010166,
        "var": 24.3984260559
    },
    "barkbands_flatness_db": {
        "dmean": 0.0221750121564,
        "dmean2": 0.0350871682167,
        "dvar": 0.00063826458063,
        "dvar2": 0.00150382216088,
        "max": 0.758001387119,
        "mean": 0.0916860029101,
        "median": 0.0767972916365,
        "min": 0.0114322137088,
        "var": 0.00338084646501
    },
    "barkbands_kurtosis": {
        "dmean": 2.45128154755,
        "dmean2": 4.06166315079,
        "dvar": 133.339904785,
        "dvar2": 369.421295166,
        "max": 574.544677734,
        "mean": 2.02056789398,
        "median": 0.00214576721191,
        "min": -1.91516661644,
        "var": 105.967170715
    },
    "barkbands_skewness": {
        "dmean": 0.57167673111,
        "dmean2": 0.914133191109,
        "dvar": 0.560677826405,
        "dvar2": 1.4327429533,
        "max": 18.9914836884,
        "mean": 1.1218354702,
        "median": 0.944994211197,
        "min": -3.86159324646,
        "var": 1.5016938448
    },
    "barkbands_spread": {
        "dmean": 7.73873376846,
        "dmean2": 12.5112771988,
        "dvar": 63.786403656,
        "dvar2": 166.881072998,
        "max": 102.509628296,
        "mean": 37.4049758911,
        "median": 38.2883110046,
        "min": 0.188455089927,
        "var": 257.490356445
    },
    "dissonance": {
        "dmean": 0.011347736232,
        "dmean2": 0.0194685254246,
        "dvar": 0.000180898481631,
        "dvar2": 0.000513878418133,
        "max": 0.500000119209,
        "mean": 0.482604473829,
        "median": 0.487644255161,
        "min": 0.23775935173,
        "var": 0.000353131094016
    },
    "dynamic_complexity": 3.06364560127,
    "erbbands_crest": {
        "dmean": 2.0487716198,
        "dmean2": 3.42838263512,
        "dvar": 4.51459980011,
        "dvar2": 11.6311283112,
        "max": 31.7257614136,
        "mean": 6.55282497406,
        "median": 5.47443580627,
        "min": 2.25169205666,
        "var": 13.5519962311
    },
    "erbbands_flatness_db": {
        "dmean": 0.0133091341704,
        "dmean2": 0.0207329653203,
        "dvar": 0.000194344916963,
        "dvar2": 0.000423831748776,
        "max": 0.439343810081,
        "mean": 0.120934687555,
        "median": 0.102063409984,
        "min": 0.0415932647884,
        "var": 0.00304260803387
    },
    "erbbands_kurtosis": {
        "dmean": 0.827146530151,
        "dmean2": 1.34091615677,
        "dvar": 16.6286067963,
        "dvar2": 44.8114318848,
        "max": 279.878417969,
        "mean": 0.284043073654,
        "median": -0.234570264816,
        "min": -1.92000353336,
        "var": 14.9928970337
    },
    "erbbands_skewness": {
        "dmean": 0.310077041388,
        "dmean2": 0.499261498451,
        "dvar": 0.131239771843,
        "dvar2": 0.322948038578,
        "max": 13.870423317,
        "mean": -0.109556943178,
        "median": -0.140941500664,
        "min": -3.80207586288,
        "var": 0.413891375065
    },
    "erbbands_spread": {
        "dmean": 8.87075328827,
        "dmean2": 13.8467998505,
        "dvar": 111.09122467,
        "dvar2": 246.998138428,
        "max": 207.137634277,
        "mean": 42.8531761169,
        "median": 40.6290473938,
        "min": 1.29458200932,
        "var": 371.659606934
    },
    "hfc": {
        "dmean": 8.90748596191,
        "dmean2": 15.1402387619,
        "dvar": 146.346313477,
        "dvar2": 415.346191406,
        "max": 132.087905884,
        "mean": 38.0928649902,
        "median": 37.2434234619,
        "min": 1.0759735121e-16,
        "var": 720.030090332
    },
    "melbands_crest": {
        "dmean": 4.62227106094,
        "dmean2": 7.61893558502,
        "dvar": 19.0246105194,
        "dvar2": 48.5153770447,
        "max": 39.6910591125,
        "mean": 16.0980434418,
        "median": 15.1185073853,
        "min": 1.00224685669,
        "var": 61.0146064758
    },
    "melbands_flatness_db": {
        "dmean": 0.0308233834803,
        "dmean2": 0.0490192212164,
        "dvar": 0.00118315464351,
        "dvar2": 0.00287176575512,
        "max": 0.881040275097,
        "mean": 0.152299329638,
        "median": 0.142413333058,
        "min": 2.0708804982e-07,
        "var": 0.00519876647741
    },
    "melbands_kurtosis": {
        "dmean": 11.8108243942,
        "dmean2": 19.3657531738,
        "dvar": 16107.3447266,
        "dvar2": 33126.7539062,
        "max": 12689.0791016,
        "mean": 15.8923044205,
        "median": 5.40430736542,
        "min": -1.80673062801,
        "var": 17165.6699219
    },
    "melbands_skewness": {
        "dmean": 0.967993736267,
        "dmean2": 1.54008567333,
        "dvar": 2.4368391037,
        "dvar2": 5.90091466904,
        "max": 82.2923049927,
        "mean": 2.73945021629,
        "median": 2.22647714615,
        "min": -3.44465517998,
        "var": 5.55924749374
    },
    "melbands_spread": {
        "dmean": 11.3983802795,
        "dmean2": 18.7340335846,
        "dvar": 159.537704468,
        "dvar2": 407.462554932,
        "max": 189.194061279,
        "mean": 37.1163291931,
        "median": 33.2196769714,
        "min": 0.0123356385157,
        "var": 569.324707031
    },
    "pitch_salience": {
        "dmean": 0.0994922146201,
        "dmean2": 0.15904417634,
        "dvar": 0.00921258702874,
        "dvar2": 0.0226645637304,
        "max": 0.997690498829,
        "mean": 0.534711301327,
        "median": 0.55799883604,
        "min": 0.00877170823514,
        "var": 0.0260602943599
    },
    "silence_rate_20dB": {
        "dmean": 0,
        "dmean2": 0,
        "dvar": 0,
        "dvar2": 0,
        "max": 1,
        "mean": 1,
        "median": 1,
        "min": 1,
        "var": 0
    },
    "silence_rate_30dB": {
        "dmean": 0.00337913935073,
        "dmean2": 0.00675865961239,
        "dvar": 0.00336773856543,
        "dvar2": 0.00750155420974,
        "max": 1,
        "mean": 0.993073165417,
        "median": 1,
        "min": 0,
        "var": 0.0068778176792
    },
    "silence_rate_60dB": {
        "dmean": 0.00777202052996,
        "dmean2": 0.0155449165031,
        "dvar": 0.00771224265918,
        "dvar2": 0.0187976304442,
        "max": 1,
        "mean": 0.0849805697799,
        "median": 0,
        "min": 0,
        "var": 0.0777421593666
    },
    "spectral_centroid": {
        "dmean": 317.546722412,
        "dmean2": 509.194549561,
        "dvar": 120663.257812,
        "dvar2": 288442.0625,
        "max": 11774.0947266,
        "mean": 2204.30102539,
        "median": 2161.40576172,
        "min": 37.6078491211,
        "var": 1693601.5
    },
    "spectral_complexity": {
        "dmean": 5.10475349426,
        "dmean2": 8.42083930969,
        "dvar": 29.5627002716,
        "dvar2": 74.4999389648,
        "max": 67,
        "mean": 30.1806602478,
        "median": 32,
        "min": 0,
        "var": 221.325485229
    },
    "spectral_decrease": {
        "dmean": 2.22526086446e-09,
        "dmean2": 3.47477535634e-09,
        "dvar": 7.99603982574e-18,
        "dvar2": 2.03263389708e-17,
        "max": 2.23518036742e-28,
        "mean": -8.05677657922e-09,
        "median": -7.52548068306e-09,
        "min": -4.21991614985e-08,
        "var": 3.63149725878e-17
    },
    "spectral_energy": {
        "dmean": 0.00852682255208,
        "dmean2": 0.0134206013754,
        "dvar": 0.000113569592941,
        "dvar2": 0.000288365816232,
        "max": 0.161135464907,
        "mean": 0.0338633023202,
        "median": 0.0334633849561,
        "min": 9.95995977892e-21,
        "var": 0.000583163520787
    },
    "spectral_energyband_high": {
        "dmean": 0.00083703326527,
        "dmean2": 0.0014233031543,
        "dvar": 1.35395703182e-06,
        "dvar2": 3.78662502953e-06,
        "max": 0.0141363022849,
        "mean": 0.00279817497358,
        "median": 0.0025724270381,
        "min": 6.93784329406e-21,
        "var": 5.26818030266e-06
    },
    "spectral_energyband_low": {
        "dmean": 0.00855545978993,
        "dmean2": 0.0130909029394,
        "dvar": 0.000148083738168,
        "dvar2": 0.000355543510523,
        "max": 0.1571264714,
        "mean": 0.0175148416311,
        "median": 0.00933209620416,
        "min": 8.75510964772e-24,
        "var": 0.000436616508523
    },
    "spectral_energyband_middle_high": {
        "dmean": 0.00224155699834,
        "dmean2": 0.00375872151926,
        "dvar": 7.83405448601e-06,
        "dvar2": 2.17288816202e-05,
        "max": 0.0394855588675,
        "mean": 0.00718434993178,
        "median": 0.00590582378209,
        "min": 1.0992079235e-21,
        "var": 3.21947518387e-05
    },
    "spectral_energyband_middle_low": {
        "dmean": 0.00409357761964,
        "dmean2": 0.00681139808148,
        "dvar": 4.54314831586e-05,
        "dvar2": 0.000112533838546,
        "max": 0.0916725024581,
        "mean": 0.00716470787302,
        "median": 0.00501618022099,
        "min": 1.33179107847e-22,
        "var": 5.80078958592e-05
    },
    "spectral_entropy": {
        "dmean": 0.105395033956,
        "dmean2": 0.167453810573,
        "dvar": 0.0184687692672,
        "dvar2": 0.0428081341088,
        "max": 9.82861709595,
        "mean": 8.04228496552,
        "median": 8.18432807922,
        "min": 4.14299631119,
        "var": 0.263119399548
    },
    "spectral_flux": {
        "dmean": 0.0230547506362,
        "dmean2": 0.0352234728634,
        "dvar": 0.00068270007614,
        "dvar2": 0.00140671641566,
        "max": 0.395742058754,
        "mean": 0.105836927891,
        "median": 0.102914094925,
        "min": 6.33015653784e-11,
        "var": 0.00315400585532
    },
    "spectral_kurtosis": {
        "dmean": 1.13814508915,
        "dmean2": 1.88822865486,
        "dvar": 12.3549776077,
        "dvar2": 30.1470985413,
        "max": 263.963409424,
        "mean": 4.00161790848,
        "median": 2.608959198,
        "min": -1.25894343853,
        "var": 52.0652694702
    },
    "spectral_rms": {
        "dmean": 0.000693670357578,
        "dmean2": 0.00108881643973,
        "dvar": 5.46613080132e-07,
        "dvar2": 1.34266144869e-06,
        "max": 0.0125381546095,
        "mean": 0.00525545189157,
        "median": 0.00571377296001,
        "min": 3.11721568697e-12,
        "var": 5.41759845873e-06
    },
    "spectral_rolloff": {
        "dmean": 840.12109375,
        "dmean2": 1418.20129395,
        "dvar": 1175564.625,
        "dvar2": 2931547.75,
        "max": 19638.28125,
        "mean": 2581.11694336,
        "median": 2153.3203125,
        "min": 43.06640625,
        "var": 6583745.5
    },
    "spectral_skewness": {
        "dmean": 0.151808828115,
        "dmean2": 0.247679650784,
        "dvar": 0.0478578433394,
        "dvar2": 0.118721850216,
        "max": 13.1569166183,
        "mean": 1.3963278532,
        "median": 1.28779959679,
        "min": -0.16265912354,
        "var": 0.423691272736
    },
    "spectral_spread": {
        "dmean": 494394.71875,
        "dmean2": 781596.6875,
        "dvar": 454608420864,
        "dvar2": 1.06315402445e+12,
        "max": 43234944,
        "mean": 5963450.5,
        "median": 5740846,
        "min": 387203.125,
        "var": 2.12748961055e+13
    },
    "spectral_strongpeak": {
        "dmean": 0.353996217251,
        "dmean2": 0.606613636017,
        "dvar": 0.668610990047,
        "dvar2": 1.73853373528,
        "max": 20.6238555908,
        "mean": 0.577773332596,
        "median": 0.341494172812,
        "min": 0,
        "var": 1.0738286972
    },
    "zerocrossingrate": {
        "dmean": 0.0132904015481,
        "dmean2": 0.0167911276221,
        "dvar": 0.000184317468666,
        "dvar2": 0.00026415407774,
        "max": 0.83251953125,
        "mean": 0.0967703461647,
        "median": 0.08984375,
        "min": 0.00146484375,
        "var": 0.00414970656857
    },
    "barkbands": {
        "dmean": [0.00080088712275, 0.00704337796196, 0.00336255016737, 0.00182316557039, 0.00179951579776, 0.000962699530646, 0.000734004715923, 0.000457557907794, 0.000680023629684, 0.000420440599555, 0.000423825025791, 0.000526669668034, 0.000500139431097, 0.000466048164526, 0.000410030072089, 0.000367532280507, 0.000368891080143, 0.00033779462683, 0.000330928625772, 0.000273345678579, 0.000307985203108, 0.000208211873542, 0.000155721849296, 0.000144706660649, 0.000123449382954, 6.26815672149e-05, 2.17268025153e-05],
        "dmean2": [0.00109392788727, 0.0110061010346, 0.0056443316862, 0.0033304609824, 0.00316172745079, 0.00167333078571, 0.00127855141181, 0.00078326073708, 0.00115623662714, 0.00071295798989, 0.000711469212547, 0.000889150600415, 0.000842452107463, 0.000804500421509, 0.000695906288456, 0.000622902298346, 0.000626281020232, 0.000576257822104, 0.000563646783121, 0.000461308460217, 0.000538061838597, 0.000354619551217, 0.000264424394118, 0.000241416593781, 0.000208001263672, 0.000100925535662, 3.51860398951e-05],
        "dvar": [3.73566263079e-06, 0.000124253696413, 4.54755427199e-05, 2.08471919905e-05, 1.44567193274e-05, 4.66915707875e-06, 1.87391856343e-06, 6.66284336148e-07, 1.03263062101e-06, 5.54712812573e-07, 4.79304105738e-07, 6.82316340317e-07, 8.15190333014e-07, 5.73442036966e-07, 4.43472885081e-07, 3.49977256064e-07, 4.08487238701e-07, 3.05294634018e-07, 2.76918370901e-07, 1.7839384725e-07, 2.39855637574e-07, 7.84845113344e-08, 4.32090097036e-08, 3.6671018222e-08, 2.9549713787e-08, 6.90041490614e-09, 9.98337523761e-10],
        "dvar2": [6.6447082645e-06, 0.000283888948616, 0.000120368458738, 5.9106892877e-05, 4.04159800382e-05, 1.20694576253e-05, 5.25832638232e-06, 1.78696541298e-06, 2.82497239823e-06, 1.47817581819e-06, 1.24078712815e-06, 1.75881029918e-06, 2.14772762774e-06, 1.5984807078e-06, 1.20647712265e-06, 9.50033040681e-07, 1.05016169982e-06, 7.98080066033e-07, 7.07139861333e-07, 4.42872504891e-07, 6.70165093197e-07, 2.18412097297e-07, 1.17560922774e-07, 9.65567323874e-08, 8.02766564334e-08, 1.7259543128e-08, 2.5631452516e-09],
        "max": [0.0302155371755, 0.147788107395, 0.0807171911001, 0.0637879222631, 0.0474744327366, 0.0453354567289, 0.0383549779654, 0.0157979745418, 0.0158068258315, 0.017766924575, 0.0206239037216, 0.0148936212063, 0.0221155621111, 0.0179346129298, 0.0152557436377, 0.0148836383596, 0.0222308877856, 0.0127753335983, 0.026836687699, 0.0118037061766, 0.00989515800029, 0.00501482980326, 0.00385198555887, 0.00441358936951, 0.00173832417931, 0.001442459994, 0.000600577041041],
        "mean": [0.00152609788347, 0.0122397085652, 0.00304862880148, 0.00139401305933, 0.00191909284331, 0.00112498900853, 0.000916531367693, 0.000612178468145, 0.00103464152198, 0.000613339245319, 0.000642694940325, 0.000808618497103, 0.000813640188426, 0.00072771467967, 0.000710200867616, 0.00066611985676, 0.000668769178446, 0.000641908263788, 0.000650406233035, 0.000585269823205, 0.000627378758509, 0.000506928307004, 0.000401345983846, 0.000392037822166, 0.000341180508258, 0.000199840593268, 5.00365604239e-05],
        "median": [0.000107832944195, 0.00438997521996, 0.000679473218042, 0.000270379299764, 0.000774101528805, 0.000547532399651, 0.000467102741823, 0.000329921022058, 0.000613730575424, 0.000294131430564, 0.00033536675619, 0.000440242263721, 0.000455362314824, 0.000402751669753, 0.000409674714319, 0.000417760922574, 0.000412632303778, 0.000432012137026, 0.000431203254266, 0.000405261700507, 0.000462020514533, 0.000415731803514, 0.000342070241459, 0.000337444012985, 0.000296820770018, 0.000160471507115, 2.62096946244e-05],
        "min": [4.06755541438e-26, 1.20257151279e-24, 2.74338878306e-25, 4.61814803223e-25, 3.15112934059e-24, 3.15838764978e-24, 3.96148078902e-24, 7.53681810925e-24, 7.74053828258e-24, 1.05216224389e-23, 1.22200959769e-23, 1.53043354348e-23, 2.22149573352e-23, 2.95332609737e-23, 3.49605672036e-23, 4.46285435354e-23, 6.22049577272e-23, 7.0054243641e-23, 9.04351656358e-23, 1.65648635328e-22, 2.34246755333e-22, 3.03439323052e-22, 3.74164098463e-22, 5.08088421119e-22, 7.93307960268e-22, 1.19232299478e-21, 1.80223611742e-21],
        "var": [1.29807631311e-05, 0.000304426357616, 4.10474822274e-05, 1.39467183544e-05, 1.22898054542e-05, 4.35835909229e-06, 1.87844671018e-06, 8.52879452395e-07, 1.69091629232e-06, 8.86812642875e-07, 8.83587176759e-07, 1.27705084196e-06, 1.4223683138e-06, 9.2471282187e-07, 8.84340408902e-07, 6.77172920405e-07, 7.94757511358e-07, 6.36119807496e-07, 7.38074731998e-07, 5.35643494004e-07, 4.43491018132e-07, 2.27789058727e-07, 1.37701690051e-07, 1.30768640361e-07, 9.60296802077e-08, 3.63995340535e-08, 3.60341534389e-09]
    },
    "erbbands": {
        "dmean": [0.25486984849, 1.50862753391, 3.55827331543, 4.87888145447, 5.88121795654, 6.29614877701, 6.29836797714, 8.45965099335, 9.7850446701, 10.1106443405, 11.7161245346, 14.3566274643, 12.4397039413, 15.1332435608, 16.345872879, 20.6431121826, 21.6674213409, 21.902545929, 21.0688419342, 18.927230835, 20.4002838135, 19.7264518738, 17.6682949066, 16.7643947601, 16.5544242859, 12.7579965591, 13.7408037186, 10.8798360825, 7.8535695076, 5.83810329437, 4.42088270187, 3.13390040398, 2.5612487793, 1.6134275198, 0.82641941309, 0.349509000778, 0.112241126597, 0.0304616130888, 0.00360770965926, 5.13924496772e-05],
        "dmean2": [0.392300784588, 2.28219747543, 5.6848320961, 8.5084438324, 10.4439229965, 11.0812997818, 11.0249109268, 14.7224369049, 17.1383476257, 17.4219684601, 19.7917308807, 24.5140514374, 21.270904541, 25.2699775696, 27.6831569672, 34.9097480774, 36.4650115967, 37.461265564, 36.0750083923, 32.0678634644, 34.6567497253, 33.3916168213, 29.7932033539, 28.5285053253, 28.2136898041, 21.7115631104, 23.9549217224, 18.9392166138, 13.3609848022, 9.86858558655, 7.48033905029, 5.2384314537, 4.31266260147, 2.75467681885, 1.36686301231, 0.572607696056, 0.182290002704, 0.0486811846495, 0.00589249981567, 8.29928685562e-05],
        "dvar": [0.243798166513, 5.99880743027, 45.0604743958, 120.335250854, 194.498031616, 178.812698364, 129.927093506, 457.489501953, 363.695983887, 349.862976074, 355.512756348, 507.508789062, 514.570739746, 600.704467773, 744.73260498, 1122.62109375, 1454.42883301, 1287.54833984, 1140.77160645, 981.688110352, 1113.56201172, 1156.91223145, 937.613098145, 706.309448242, 712.153198242, 356.547180176, 486.386566162, 280.781921387, 118.400512695, 72.2027282715, 33.6001625061, 19.4804363251, 12.0773077011, 5.39757490158, 1.22351825237, 0.223921522498, 0.0217154361308, 0.0017292847624, 2.83860044874e-05, 4.78229100764e-09],
        "dvar2": [0.603201508522, 12.3759794235, 114.289085388, 328.195953369, 544.604370117, 500.863800049, 358.253173828, 1186.44665527, 1008.19061279, 962.727783203, 935.151062012, 1393.0489502, 1416.3001709, 1563.8236084, 1951.96350098, 2910.74194336, 3864.05126953, 3516.9465332, 3148.0456543, 2603.63696289, 2967.86914062, 2924.61206055, 2402.24438477, 1758.51513672, 1842.59973145, 944.031433105, 1323.91418457, 802.058227539, 330.177947998, 197.711212158, 91.0119400024, 49.9870758057, 32.6606826782, 14.950802803, 3.24032306671, 0.572464823723, 0.0553028136492, 0.00437011243775, 7.34224304324e-05, 1.21821344123e-08],
        "max": [7.96982288361, 37.5438499451, 65.5145492554, 178.408432007, 258.037689209, 189.491500854, 234.151306152, 420.06741333, 521.792053223, 462.280792236, 420.055023193, 422.355377197, 718.020202637, 464.384613037, 819.684814453, 731.021362305, 1032.23034668, 1191.13110352, 575.510864258, 1048.92785645, 970.377990723, 1017.95050049, 863.046936035, 1191.40686035, 654.556274414, 406.207550049, 600.725830078, 333.932373047, 185.495834351, 256.113464355, 106.928688049, 149.589385986, 80.5565414429, 29.3194389343, 13.8996133804, 8.276471138, 2.25548744202, 0.687439620495, 0.10338948667, 0.00136390177067],
        "mean": [0.434387892485, 2.37294983864, 3.93287587166, 4.39096021652, 5.44915628433, 6.6124625206, 7.30256223679, 9.52684020996, 11.879576683, 13.3756465912, 17.3426380157, 22.0426597595, 19.0239200592, 24.4841518402, 26.1731872559, 33.222026825, 37.6529273987, 37.6456985474, 37.6760559082, 35.8479804993, 39.2209701538, 37.7447624207, 35.388004303, 33.9418106079, 33.2347412109, 26.9471111298, 26.4325428009, 22.7319469452, 18.5765457153, 14.5114078522, 11.2616796494, 8.44324684143, 6.37124061584, 4.11880159378, 2.23997759819, 0.986484110355, 0.345405369997, 0.0908779427409, 0.0079105021432, 0.000167819307535],
        "median": [0.114162027836, 0.767755329609, 1.13949096203, 1.1631013155, 1.63073956966, 2.60243201256, 3.59334778786, 4.59213161469, 6.07736444473, 7.082654953, 10.0035228729, 13.1840991974, 9.95823001862, 13.8363304138, 14.5886106491, 19.328496933, 22.5902576447, 22.0068054199, 21.8203353882, 22.9534091949, 24.7975730896, 24.9744129181, 24.3438816071, 23.0851154327, 21.8702793121, 19.016500473, 18.7550792694, 17.2833328247, 15.1625432968, 11.9073925018, 9.53960895538, 7.25202512741, 5.41922044754, 3.50649118423, 1.92414927483, 0.805773496628, 0.271733254194, 0.0631219670177, 0.00377002288587, 0.000130467567942],
        "min": [5.04820586907e-23, 4.63503466881e-22, 1.03339051925e-21, 4.05392130535e-21, 8.79185877717e-21, 1.16250606195e-20, 4.08667127603e-20, 4.00575717937e-20, 5.00008740615e-20, 1.18001954347e-19, 2.38770129909e-19, 2.02045133094e-19, 3.61503027447e-19, 4.98800714416e-19, 6.90733344802e-19, 9.23078556098e-19, 1.13354783872e-18, 1.245482643e-18, 2.37961209309e-18, 2.87432338165e-18, 4.06535903218e-18, 3.82968534949e-18, 4.59086480738e-18, 5.82726324949e-18, 6.71634840473e-18, 6.8753565067e-18, 8.60273213729e-18, 8.73559140574e-18, 1.04735599113e-17, 8.40079336153e-18, 1.03772628531e-17, 1.07395629983e-17, 7.73302120636e-18, 7.43553066214e-18, 5.23795744723e-18, 4.26585975444e-18, 2.19533176225e-18, 9.51889050039e-19, 2.23439216135e-19, 2.29498869884e-20],
        "var": [0.579918980598, 13.5904340744, 50.3675537109, 95.3204193115, 150.119567871, 150.064697266, 131.013717651, 399.657867432, 342.3984375, 398.995452881, 535.644714355, 804.841369629, 752.805236816, 1086.56054688, 1298.41455078, 2018.09069824, 2666.61132812, 2291.04882812, 2315.9831543, 2050.56982422, 2402.31665039, 2222.94067383, 2068.8996582, 2029.02990723, 1723.53186035, 895.655517578, 891.576965332, 526.964294434, 315.659454346, 196.221664429, 109.656455994, 65.667098999, 35.5302200317, 14.5939455032, 4.29367256165, 0.889363288879, 0.112667538226, 0.00900995824486, 9.53996932367e-05, 2.47563285427e-08]
    },
    "gfcc": {
        "mean": [20.6405334473, 47.4052276611, -110.006797791, 30.1170444489, -48.9817008972, 19.9599227905, -32.0259742737, 12.813577652, -20.8847351074, 9.47674942017, -14.9264669418, 5.33566236496, -13.0004682541],
        "cov": [[34430.4375, -1774.54382324, -1194.01123047, 1818.23400879, -675.205444336, 1163.78515625, -158.428833008, 1026.21936035, -445.717102051, 630.582702637, -516.883544922, 444.793670654, -302.734283447], [-1774.54382324, 1748.10144043, -443.223754883, -242.192840576, -70.6829299927, -345.735443115, -119.434501648, -245.777404785, 32.4671974182, -173.883087158, 49.4963531494, -154.963745117, -6.05154943466], [-1194.01123047, -443.223754883, 948.370605469, 232.150009155, 279.34487915, 159.96144104, 136.415039062, 96.3551864624, 53.2585372925, 44.963973999, -10.6446371078, 33.1587333679, -3.55650520325], [1818.23400879, -242.192840576, 232.150009155, 598.63873291, 134.006439209, 162.353729248, 139.829483032, 152.623458862, 11.9111995697, 83.7159957886, -34.6314468384, 57.2910423279, 13.6691398621], [-675.205444336, -70.6829299927, 279.34487915, 134.006439209, 300.219696045, 120.243652344, 124.586616516, 67.6887054443, 68.5183563232, 35.2982292175, 15.3409290314, 8.16196632385, 15.4249897003], [1163.78515625, -345.735443115, 159.96144104, 162.353729248, 120.243652344, 298.763793945, 115.464645386, 130.194442749, 28.4955711365, 69.8062286377, 3.45245218277, 46.1381340027, -6.29233026505], [-158.428833008, -119.434501648, 136.415039062, 139.829483032, 124.586616516, 115.464645386, 236.900482178, 129.746810913, 74.1734237671, 40.8995094299, 36.6316490173, 36.3457260132, 28.9205322266], [1026.21936035, -245.777404785, 96.3551864624, 152.623458862, 67.6887054443, 130.194442749, 129.746810913, 203.547271729, 71.256477356, 84.6875457764, 12.6482944489, 56.8719177246, 14.0791978836], [-445.717102051, 32.4671974182, 53.2585372925, 11.9111995697, 68.5183563232, 28.4955711365, 74.1734237671, 71.256477356, 131.711471558, 54.3991470337, 43.1155128479, 12.9337282181, 27.2048015594], [630.582702637, -173.883087158, 44.963973999, 83.7159957886, 35.2982292175, 69.8062286377, 40.8995094299, 84.6875457764, 54.3991470337, 123.805305481, 41.6029281616, 47.5227127075, 17.0613861084], [-516.883544922, 49.4963531494, -10.6446371078, -34.6314468384, 15.3409290314, 3.45245218277, 36.6316490173, 12.6482944489, 43.1155128479, 41.6029281616, 100.256790161, 36.4667663574, 28.2930736542], [444.793670654, -154.963745117, 33.1587333679, 57.2910423279, 8.16196632385, 46.1381340027, 36.3457260132, 56.8719177246, 12.9337282181, 47.5227127075, 36.4667663574, 97.2920227051, 42.9447631836], [-302.734283447, -6.05154943466, -3.55650520325, 13.6691398621, 15.4249897003, -6.29233026505, 28.9205322266, 14.0791978836, 27.2048015594, 17.0613861084, 28.2930736542, 42.9447631836, 79.7343215942]],
        "icov": [[9.43341219681e-05, -8.3486767835e-05, 0.00014834778267, -0.000170760540641, 0.000196252556634, -0.000303306471324, 0.000214144631173, -0.000407954968978, 0.000334226962877, -0.000425234669819, 0.000525898707565, -0.000408043357311, 0.000330297538312], [-8.3486767835e-05, 0.00123967858963, 0.000354249437805, -0.000230454330449, -0.000576217367779, 0.0010282874573, 1.46386555571e-05, 0.000888565147761, -0.00140513374936, 0.00185529072769, -0.00178370601498, 0.00144427525811, -0.000199694142793], [0.00014834778267, 0.000354249437805, 0.00198260182515, -0.000649047666229, -0.00116003176663, -0.000241883419221, 0.000300258863717, -0.000245304923737, -0.00010729587666, -1.67280109054e-06, 0.000735554087441, -0.000965898216236, 0.00122575799469], [-0.000170760540641, -0.000230454330449, -0.000649047666229, 0.00313807488419, -0.000761733215768, 0.000196686887648, -0.0014715398429, -0.00018920529692, 0.00108000996988, -0.00135882850736, 0.00134529161733, -0.000130225744215, -0.000987677020021], [0.000196252556634, -0.000576217367779, -0.00116003176663, -0.000761733215768, 0.00681529892609, -0.00244855205528, -0.00126208388247, 0.000247261166805, -0.000935361080337, -0.00130918330979, 0.00129275233485, 0.000396946503315, -0.000390573142795], [-0.000303306471324, 0.0010282874573, -0.000241883419221, 0.000196686887648, -0.00244855205528, 0.00736203370616, -0.00169770780485, -0.000370882451534, -0.000299535255181, 0.00073662790237, -0.0018744491972, 0.00052080565365, 0.000947085325606], [0.000214144631173, 1.46386555571e-05, 0.000300258863717, -0.0014715398429, -0.00126208388247, -0.00169770780485, 0.00998888257891, -0.00584319559857, -0.000905380526092, 0.00312757142819, -0.00284666358493, 0.000518050510436, -0.00103052041959], [-0.000407954968978, 0.000888565147761, -0.000245304923737, -0.00018920529692, 0.000247261166805, -0.000370882451534, -0.00584319559857, 0.0159801933914, -0.00662682764232, -0.00209696171805, 0.00185430678539, -0.00293180299923, 0.00139138998929], [0.000334226962877, -0.00140513374936, -0.00010729587666, 0.00108000996988, -0.000935361080337, -0.000299535255181, -0.000905380526092, -0.00662682764232, 0.0170974731445, -0.00710337096825, -0.000462809199234, 0.00276631116867, -0.00301102828234], [-0.000425234669819, 0.00185529072769, -1.67280109054e-06, -0.00135882850736, -0.00130918330979, 0.00073662790237, 0.00312757142819, -0.00209696171805, -0.00710337096825, 0.0204602889717, -0.00971490610391, 0.000259820197243, -0.000340685830452], [0.000525898707565, -0.00178370601498, 0.000735554087441, 0.00134529161733, 0.00129275233485, -0.0018744491972, -0.00284666358493, 0.00185430678539, -0.000462809199234, -0.00971490610391, 0.0220926199108, -0.00970649346709, 0.00159580318723], [-0.000408043357311, 0.00144427525811, -0.000965898216236, -0.000130225744215, 0.000396946503315, 0.00052080565365, 0.000518050510436, -0.00293180299923, 0.00276631116867, 0.000259820197243, -0.00970649346709, 0.0244918521494, -0.0119127444923], [0.000330297538312, -0.000199694142793, 0.00122575799469, -0.000987677020021, -0.000390573142795, 0.000947085325606, -0.00103052041959, 0.00139138998929, -0.00301102828234, -0.000340685830452, 0.00159580318723, -0.0119127444923, 0.0212331190705]]
    },
    "melbands": {
        "dmean": [0.0020431431476, 0.00171037833206, 0.000811799371149, 0.000444521137979, 0.00021945417393, 0.000187195968465, 0.00014986966562, 0.000104617465695, 0.000106142986624, 9.0973720944e-05, 6.38132914901e-05, 6.212486187e-05, 5.60594671697e-05, 5.60822627449e-05, 5.51217854081e-05, 5.22743503097e-05, 4.29368374171e-05, 3.69782974303e-05, 3.24334650941e-05, 2.43755039264e-05, 2.63509336946e-05, 2.28315584536e-05, 1.83241390914e-05, 1.64190623764e-05, 1.45208659887e-05, 1.39490066431e-05, 1.15241846288e-05, 8.67765811563e-06, 8.97086829355e-06, 8.25753886602e-06, 6.25617076366e-06, 5.15880810781e-06, 4.05603987019e-06, 3.35641630045e-06, 2.92077288577e-06, 2.41606494455e-06, 2.00135878003e-06, 2.04413595384e-06, 1.68415147073e-06, 1.44126488522e-06],
        "dmean2": [0.00315343402326, 0.00258990796283, 0.00138664548285, 0.000781175040174, 0.00038547834265, 0.000326084002154, 0.000261673791101, 0.000179607712198, 0.000179024005774, 0.000155518035172, 0.000109160195279, 0.00010367284267, 9.44171988522e-05, 9.51184192672e-05, 9.33360788622e-05, 8.76003250596e-05, 7.39455208532e-05, 6.36819677311e-05, 5.50293880224e-05, 4.13047600887e-05, 4.49424078397e-05, 3.87638356187e-05, 3.086999277e-05, 2.8137172194e-05, 2.46817489824e-05, 2.40298886638e-05, 1.93910200323e-05, 1.482036987e-05, 1.55691468535e-05, 1.44535015352e-05, 1.08710282802e-05, 8.87714031705e-06, 6.84255701344e-06, 5.70317388338e-06, 4.95530821354e-06, 4.06589060731e-06, 3.36308971782e-06, 3.45224270859e-06, 2.88368551082e-06, 2.4788769224e-06],
        "dvar": [1.17713925647e-05, 8.04009414423e-06, 3.16048112836e-06, 9.49708180542e-07, 1.55410404545e-07, 2.05302242762e-07, 8.30318853673e-08, 3.56494354037e-08, 2.70197162422e-08, 2.08051673667e-08, 1.33365363197e-08, 1.06108082321e-08, 9.22480580812e-09, 8.41424352416e-09, 8.94184282174e-09, 1.01813437681e-08, 5.18574516661e-09, 3.74277941972e-09, 2.89181367741e-09, 1.72343983529e-09, 2.03412997557e-09, 1.65479752123e-09, 1.01972552624e-09, 7.51193940385e-10, 5.63432578371e-10, 5.6264076731e-10, 4.2984413251e-10, 1.7883125536e-10, 2.0174549531e-10, 1.82204626387e-10, 8.51523782042e-11, 5.53273503401e-11, 3.24689580777e-11, 2.53592806476e-11, 1.5332412423e-11, 1.0923363776e-11, 7.70785778953e-12, 7.61517671838e-12, 6.76591551882e-12, 4.05103815077e-12],
        "dvar2": [2.80821095657e-05, 1.83264983207e-05, 8.35105038277e-06, 2.6381474072e-06, 4.35049514635e-07, 5.31258478986e-07, 2.29940127383e-07, 9.8026916362e-08, 7.12806809133e-08, 5.70328282379e-08, 3.65313788109e-08, 2.7636154698e-08, 2.37847750384e-08, 2.16181703649e-08, 2.35277646254e-08, 2.6170548395e-08, 1.42736906739e-08, 1.03784705274e-08, 7.82758480256e-09, 4.64490934604e-09, 5.41766276285e-09, 4.13667589072e-09, 2.60410470965e-09, 1.99916483368e-09, 1.37021749502e-09, 1.49809675776e-09, 9.95489246591e-10, 4.68363681172e-10, 5.26706456228e-10, 5.08514286235e-10, 2.41648451249e-10, 1.5614762261e-10, 8.78265168924e-11, 6.9921249346e-11, 4.21837911824e-11, 2.82433607751e-11, 2.03707918589e-11, 2.06655612761e-11, 1.81941770677e-11, 1.14328321116e-11],
        "max": [0.0503928437829, 0.0381403677166, 0.0254245679826, 0.0121580734849, 0.0066675725393, 0.00921235885471, 0.00803791452199, 0.00456400588155, 0.00313780410215, 0.00292585394345, 0.00349848018959, 0.00203824299388, 0.00340449530631, 0.0015902526211, 0.00217085122131, 0.00263573369011, 0.00202650018036, 0.00102588860318, 0.00112167571206, 0.00123952003196, 0.00143108156044, 0.00105843611527, 0.000957016600296, 0.000659813289531, 0.00113449641503, 0.000963827187661, 0.000726959202439, 0.000385498191463, 0.000582140288316, 0.000395790644689, 0.000158462513355, 0.000158770228154, 0.000143360128277, 0.000150952168042, 7.25157733541e-05, 8.9558896434e-05, 9.20884995139e-05, 4.73659856652e-05, 6.61627782392e-05, 2.48702162935e-05],
        "mean": [0.00367394345812, 0.0025094980374, 0.000793871295173, 0.000448084174423, 0.000259638152784, 0.000215472085983, 0.000186039644177, 0.00013989044237, 0.000154348832439, 0.000137753639137, 9.32581169764e-05, 9.6988362202e-05, 8.71775555424e-05, 8.49356656545e-05, 8.67251001182e-05, 8.40925058583e-05, 6.749197928e-05, 5.99437589699e-05, 5.4600481235e-05, 4.32236774941e-05, 4.63109572593e-05, 3.9739843487e-05, 3.33755342581e-05, 3.00308183796e-05, 2.71016087936e-05, 2.49467939284e-05, 2.23835450015e-05, 1.65291421581e-05, 1.63862132467e-05, 1.48894814629e-05, 1.24791085909e-05, 1.07056821435e-05, 9.18994555832e-06, 7.54792790758e-06, 6.65753350404e-06, 5.70063684791e-06, 4.93150309921e-06, 4.6517679948e-06, 3.81100608138e-06, 3.39680673278e-06],
        "median": [0.00120238482486, 0.000897652236745, 0.000234419218032, 0.000158761089551, 0.000133640089189, 0.000106109808257, 9.73593778326e-05, 7.55404325901e-05, 8.59329811647e-05, 8.04043738754e-05, 4.61176641693e-05, 5.27627707925e-05, 4.65419543616e-05, 4.55915069324e-05, 4.91599384986e-05, 4.56345296698e-05, 3.73657094315e-05, 3.17282538163e-05, 3.20689250657e-05, 2.67948180408e-05, 2.69718875643e-05, 2.43678077823e-05, 2.17949746002e-05, 1.92575789697e-05, 1.75069690158e-05, 1.57144313562e-05, 1.42917197081e-05, 1.11941735668e-05, 1.11179833766e-05, 1.04430455394e-05, 9.26226130105e-06, 8.26094492368e-06, 7.15889746061e-06, 5.97726830165e-06, 5.37582400284e-06, 4.71681687486e-06, 4.10509392168e-06, 3.82125608667e-06, 3.14753151542e-06, 2.83132499135e-06],
        "min": [5.57919163508e-25, 1.0514277355e-24, 9.48009155507e-25, 6.34619369766e-25, 1.54248842279e-24, 8.83818754788e-25, 7.5599528358e-25, 1.2397641351e-24, 1.57058212621e-24, 1.0032595928e-24, 1.53544931833e-24, 1.53488883266e-24, 2.13676781245e-24, 2.09876443834e-24, 2.11857332732e-24, 2.3856968154e-24, 2.14389556516e-24, 2.98745233846e-24, 3.09381386266e-24, 3.63842173795e-24, 4.26597912629e-24, 3.83635009452e-24, 3.02232492085e-24, 2.97482977511e-24, 4.25531885445e-24, 4.34752367806e-24, 3.93414833638e-24, 4.1205135698e-24, 4.45168881629e-24, 4.09301861181e-24, 4.14797302905e-24, 4.42729605381e-24, 5.010192082e-24, 4.45570490716e-24, 5.30305038217e-24, 5.33015327629e-24, 5.42141974986e-24, 4.74046831116e-24, 4.99676606382e-24, 5.43594938444e-24],
        "var": [3.05796493194e-05, 1.42269882417e-05, 2.75257411886e-06, 7.90072760992e-07, 1.52166407474e-07, 1.83213700211e-07, 7.99352193326e-08, 4.18956709325e-08, 4.20435988246e-08, 3.29974909619e-08, 1.94203266801e-08, 1.86277979708e-08, 1.65434084209e-08, 1.44378473621e-08, 1.73980456708e-08, 1.76792180895e-08, 8.27528978675e-09, 6.76363232088e-09, 5.42199529718e-09, 3.1248874599e-09, 4.16881063003e-09, 3.06433056707e-09, 1.96749261328e-09, 1.44701528537e-09, 1.58834800867e-09, 1.13496423371e-09, 1.28739063854e-09, 4.03668792837e-10, 3.99037192178e-10, 2.8697499932e-10, 1.67426322806e-10, 1.18338935873e-10, 8.52198103751e-11, 5.78577151467e-11, 4.20876493379e-11, 3.12532118241e-11, 2.36681525073e-11, 2.03004228011e-11, 1.42122823926e-11, 1.04729315498e-11]
    },
    "mfcc": {
        "mean": [-612.510070801, 84.5240249634, -2.35810470581, 17.2694301605, 6.02870130539, 9.53712749481, 3.8838429451, 5.09741210938, 2.24313354492, 3.80711531639, 3.51373243332, 3.95986175537, 1.03960204124],
        "cov": [[13362.4267578, -900.373413086, 467.697387695, 758.084411621, 333.453491211, 418.976257324, 464.20715332, 430.362426758, 514.356140137, 229.696151733, 245.065673828, 127.730064392, 187.366744995], [-900.373413086, 1423.48840332, -262.243408203, -110.530647278, -90.3064804077, -148.673065186, -175.28012085, -128.65953064, -146.479431152, -64.71484375, -45.6084136963, -30.92927742, -49.3043441772], [467.697387695, -262.243408203, 505.236358643, 150.872772217, 150.070281982, 102.932914734, 92.4538955688, 74.3961105347, 69.5788192749, 31.0536518097, 39.3003692627, 8.6900177002, 22.3094081879], [758.084411621, -110.530647278, 150.872772217, 420.739959717, 91.8053436279, 85.4929122925, 75.6324920654, 68.4090270996, 102.205726624, 19.7162132263, 36.9140510559, 13.6349935532, 50.4239311218], [333.453491211, -90.3064804077, 150.070281982, 91.8053436279, 218.355041504, 113.224098206, 69.2762145996, 48.1270256042, 65.0073699951, 43.1815452576, 34.9169692993, 13.6508550644, 21.1584701538], [418.976257324, -148.673065186, 102.932914734, 85.4929122925, 113.224098206, 176.967025757, 103.462516785, 70.3113327026, 63.3131484985, 41.0894088745, 33.8891487122, 17.8425636292, 23.8727741241], [464.20715332, -175.28012085, 92.4538955688, 75.6324920654, 69.2762145996, 103.462516785, 170.959411621, 108.141990662, 77.4253463745, 45.119758606, 49.5343780518, 28.2671127319, 33.1416778564], [430.362426758, -128.65953064, 74.3961105347, 68.4090270996, 48.1270256042, 70.3113327026, 108.141990662, 156.855270386, 96.9399337769, 49.8006286621, 42.9967308044, 33.7838935852, 38.9635276794], [514.356140137, -146.479431152, 69.5788192749, 102.205726624, 65.0073699951, 63.3131484985, 77.4253463745, 96.9399337769, 153.991943359, 68.4097900391, 50.825553894, 23.3788414001, 45.9030227661], [229.696151733, -64.71484375, 31.0536518097, 19.7162132263, 43.1815452576, 41.0894088745, 45.119758606, 49.8006286621, 68.4097900391, 111.18296814, 57.63123703, 31.0762424469, 11.87134552], [245.065673828, -45.6084136963, 39.3003692627, 36.9140510559, 34.9169692993, 33.8891487122, 49.5343780518, 42.9967308044, 50.825553894, 57.63123703, 99.7975463867, 45.8383750916, 29.8254852295], [127.730064392, -30.92927742, 8.6900177002, 13.6349935532, 13.6508550644, 17.8425636292, 28.2671127319, 33.7838935852, 23.3788414001, 31.0762424469, 45.8383750916, 81.737487793, 35.1756439209], [187.366744995, -49.3043441772, 22.3094081879, 50.4239311218, 21.1584701538, 23.8727741241, 33.1416778564, 38.9635276794, 45.9030227661, 11.87134552, 29.8254852295, 35.1756439209, 101.909973145]],
