{
"lowlevel": {
    "average_loudness": 0.753027439117,
    "barkbands_crest": {
        "dmean": 2.74490118027,
        "dmean2": 4.3568611145,
        "dvar": 7.69507074356,
        "dvar2": 18.577922821,
        "max": 26.5865650177,
        "mean": 11.1363162994,
        "median": 10.0724210739,
        "min": 1.8317450285,
        "var": 27.6410522461
    },
    "barkbands_flatness_db": {
        "dmean": 0.0221393350512,
        "dmean2": 0.0346684157848,
        "dvar": 0.000705024576746,
        "dvar2": 0.00154748966452,
        "max": 0.577713191509,
        "mean": 0.142933234572,
        "median": 0.104413643479,
        "min": 0.0130873061717,
        "var": 0.00979878380895
    },
    "barkbands_kurtosis": {
        "dmean": 3.69345903397,
        "dmean2": 5.68025016785,
        "dvar": 510.220092773,
        "dvar2": 1221.96289062,
        "max": 1073.34960938,
        "mean": 5.46755313873,
        "median": 0.391838908195,
        "min": -1.94145512581,
        "var": 691.081726074
    },
    "barkbands_skewness": {
        "dmean": 0.554322421551,
        "dmean2": 0.846505403519,
        "dvar": 0.750887572765,
        "dvar2": 1.60489439964,
        "max": 25.6558189392,
        "mean": 1.17512047291,
        "median": 0.913579702377,
        "min": -10.6117019653,
        "var": 3.09664654732
    },
    "barkbands_spread": {
        "dmean": 5.78576946259,
        "dmean2": 9.19149589539,
        "dvar": 49.1129188538,
        "dvar2": 119.767280579,
        "max": 136.944076538,
        "mean": 28.7254867554,
        "median": 25.8311233521,
        "min": 0.125982791185,
        "var": 340.817199707
    },
    "dissonance": {
        "dmean": 0.0219565425068,
        "dmean2": 0.0372513607144,
        "dvar": 0.00075172027573,
        "dvar2": 0.00208601518534,
        "max": 0.499999940395,
        "mean": 0.45759549737,
        "median": 0.47379475832,
        "min": 0.12948641181,
        "var": 0.00223492342047
    },
    "dynamic_complexity": 4.88508176804,
    "erbbands_crest": {
        "dmean": 2.55768084526,
        "dmean2": 4.09359788895,
        "dvar": 7.31769227982,
        "dvar2": 17.0819206238,
        "max": 34.9828643799,
        "mean": 10.9336633682,
        "median": 8.86561870575,
        "min": 2.19421219826,
        "var": 46.2395210266
    },
    "erbbands_flatness_db": {
        "dmean": 0.016038749367,
        "dmean2": 0.0244272369891,
        "dvar": 0.000369329121895,
        "dvar2": 0.000761520466767,
        "max": 0.608186125755,
        "mean": 0.175591289997,
        "median": 0.140811994672,
        "min": 0.0352049134672,
        "var": 0.0099610183388
    },
    "erbbands_kurtosis": {
        "dmean": 1.37565755844,
        "dmean2": 2.07468938828,
        "dvar": 16.0695743561,
        "dvar2": 31.1408672333,
        "max": 127.098571777,
        "mean": 2.11785650253,
        "median": -0.0192612409592,
        "min": -1.91595506668,
        "var": 67.6963272095
    },
    "erbbands_skewness": {
        "dmean": 0.357573211193,
        "dmean2": 0.548115551472,
        "dvar": 0.188233524561,
        "dvar2": 0.381545186043,
        "max": 9.55519676208,
        "mean": 0.392668634653,
        "median": 0.23310880363,
        "min": -5.77356004715,
        "var": 1.42568850517
    },
    "erbbands_spread": {
        "dmean": 6.55307340622,
        "dmean2": 10.3004026413,
        "dvar": 64.7854156494,
        "dvar2": 149.590332031,
        "max": 172.973831177,
        "mean": 33.9547348022,
        "median": 33.9735908508,
        "min": 0.311562508345,
        "var": 314.363952637
    },
    "hfc": {
        "dmean": 8.67162513733,
        "dmean2": 13.9176778793,
        "dvar": 208.980880737,
        "dvar2": 505.800476074,
        "max": 241.856414795,
        "mean": 32.6020317078,
        "median": 20.9546089172,
        "min": 1.05133325749e-16,
        "var": 1126.41027832
    },
    "melbands_crest": {
        "dmean": 3.53493762016,
        "dmean2": 5.67301702499,
        "dvar": 13.4580402374,
        "dvar2": 32.4856338501,
        "max": 39.9234161377,
        "mean": 15.2706832886,
        "median": 14.5280666351,
        "min": 1.54078602791,
        "var": 45.6030082703
    },
    "melbands_flatness_db": {
        "dmean": 0.0270503852516,
        "dmean2": 0.0422029942274,
        "dvar": 0.00108947372064,
        "dvar2": 0.00243845349178,
        "max": 0.702336549759,
        "mean": 0.185305610299,
        "median": 0.158776506782,
        "min": 0.00307601341046,
        "var": 0.00979333277792
    },
    "melbands_kurtosis": {
        "dmean": 10.5145120621,
        "dmean2": 17.7494659424,
        "dvar": 51866.2226562,
        "dvar2": 149957.375,
        "max": 17468.3984375,
        "mean": 13.4383516312,
        "median": 4.18732643127,
        "min": -1.95368218422,
        "var": 29556.8886719
    },
    "melbands_skewness": {
        "dmean": 0.753757894039,
        "dmean2": 1.1716324091,
        "dvar": 2.71905088425,
        "dvar2": 6.6043510437,
        "max": 111.878601074,
        "mean": 2.13222551346,
        "median": 1.82248938084,
        "min": -5.72032785416,
        "var": 4.78303575516
    },
    "melbands_spread": {
        "dmean": 9.20931529999,
        "dmean2": 14.8336734772,
        "dvar": 140.261825562,
        "dvar2": 336.921905518,
        "max": 209.266342163,
        "mean": 34.414024353,
        "median": 29.3103637695,
        "min": 0.0241010971367,
        "var": 764.672912598
    },
    "pitch_salience": {
        "dmean": 0.0751052051783,
        "dmean2": 0.120197989047,
        "dvar": 0.00640119984746,
        "dvar2": 0.0157650634646,
        "max": 0.976856172085,
        "mean": 0.498826801777,
        "median": 0.502471327782,
        "min": 0.00933772232383,
        "var": 0.0212762635201
    },
    "silence_rate_20dB": {
        "dmean": 0,
        "dmean2": 0,
        "dvar": 0,
        "dvar2": 0,
        "max": 1,
        "mean": 1,
        "median": 1,
        "min": 1,
        "var": 0
    },
    "silence_rate_30dB": {
        "dmean": 0.00467920443043,
        "dmean2": 0.00935925170779,
        "dvar": 0.00465809321031,
        "dvar2": 0.0099885975942,
        "max": 1,
        "mean": 0.992172062397,
        "median": 1,
        "min": 0,
        "var": 0.00776647916064
    },
    "silence_rate_60dB": {
        "dmean": 0.0233960226178,
        "dmean2": 0.0467962548137,
        "dvar": 0.0228501912206,
        "dvar2": 0.0509118661284,
        "max": 1,
        "mean": 0.213964372873,
        "median": 0,
        "min": 0,
        "var": 0.168174386024
    },
    "spectral_centroid": {
        "dmean": 260.115753174,
        "dmean2": 409.268859863,
        "dvar": 107948.054688,
        "dvar2": 239412.78125,
        "max": 12072.8251953,
        "mean": 2026.12219238,
        "median": 1827.16467285,
        "min": 97.3416976929,
        "var": 2924713.75
    },
    "spectral_complexity": {
        "dmean": 3.67299556732,
        "dmean2": 5.90208768845,
        "dvar": 24.8774681091,
        "dvar2": 58.5052986145,
        "max": 60,
        "mean": 19.4066944122,
        "median": 17,
        "min": 0,
        "var": 228.678115845
    },
    "spectral_decrease": {
        "dmean": 1.81526416121e-09,
        "dmean2": 2.91180679568e-09,
        "dvar": 8.05683098331e-18,
        "dvar2": 1.98849984093e-17,
        "max": 2.69853431569e-28,
        "mean": -6.0386731171e-09,
        "median": -4.41858771794e-09,
        "min": -4.11942799872e-08,
        "var": 3.49290877198e-17
    },
    "spectral_energy": {
        "dmean": 0.00721875205636,
        "dmean2": 0.011584719643,
        "dvar": 0.000122572571854,
        "dvar2": 0.000303662760416,
        "max": 0.156476929784,
        "mean": 0.0257484689355,
        "median": 0.0191743616015,
        "min": 9.48088730273e-21,
        "var": 0.000589329807553
    },
    "spectral_energyband_high": {
        "dmean": 0.000729241699446,
        "dmean2": 0.00116150744725,
        "dvar": 1.75780371592e-06,
        "dvar2": 4.16861075792e-06,
        "max": 0.0207515992224,
        "mean": 0.00220660725608,
        "median": 0.00102126714773,
        "min": 6.86367895888e-21,
        "var": 7.84705389378e-06
    },
    "spectral_energyband_low": {
        "dmean": 0.00490250252187,
        "dmean2": 0.00791480951011,
        "dvar": 0.000108616935904,
        "dvar2": 0.000251948629739,
        "max": 0.155030444264,
        "mean": 0.00993179343641,
        "median": 0.000935808056965,
        "min": 9.8642433473e-24,
        "var": 0.000310446659569
    },
    "spectral_energyband_middle_high": {
        "dmean": 0.00217541353777,
        "dmean2": 0.00345782539807,
        "dvar": 1.18595553431e-05,
        "dvar2": 2.92837994493e-05,
        "max": 0.0569736659527,
        "mean": 0.00701106432825,
        "median": 0.00477436743677,
        "min": 1.09950206133e-21,
        "var": 5.19112327311e-05
    },
    "spectral_energyband_middle_low": {
        "dmean": 0.00331699103117,
        "dmean2": 0.0054829721339,
        "dvar": 3.46339656971e-05,
        "dvar2": 9.14619522518e-05,
        "max": 0.0629827752709,
        "mean": 0.00715403119102,
        "median": 0.00536209344864,
        "min": 1.45369520566e-22,
        "var": 5.77204518777e-05
    },
    "spectral_entropy": {
        "dmean": 0.173634335399,
        "dmean2": 0.274679303169,
        "dvar": 0.0536107495427,
        "dvar2": 0.122338093817,
        "max": 9.82229709625,
        "mean": 7.54554271698,
        "median": 7.77969074249,
        "min": 3.86643385887,
        "var": 0.801586270332
    },
    "spectral_flux": {
        "dmean": 0.0220398791134,
        "dmean2": 0.0351571328938,
        "dvar": 0.000846750801429,
        "dvar2": 0.00191521726083,
        "max": 0.39708045125,
        "mean": 0.0769241303205,
        "median": 0.0756520330906,
        "min": 6.38092495509e-11,
        "var": 0.00339407823049
    },
    "spectral_kurtosis": {
        "dmean": 2.12816238403,
        "dmean2": 3.62433671951,
        "dvar": 28.0107917786,
        "dvar2": 80.4891357422,
        "max": 169.097106934,
        "mean": 6.07039403915,
        "median": 3.11101555824,
        "min": -1.27678751945,
        "var": 90.7811737061
    },
    "spectral_rms": {
        "dmean": 0.000645620457362,
        "dmean2": 0.00101088767406,
        "dvar": 7.43259079172e-07,
        "dvar2": 1.77108756816e-06,
        "max": 0.0123555827886,
        "mean": 0.00428392505273,
        "median": 0.0043251235038,
        "min": 3.04132305277e-12,
        "var": 6.76825857227e-06
    },
    "spectral_rolloff": {
        "dmean": 757.878601074,
        "dmean2": 1277.06469727,
        "dvar": 1589132.125,
        "dvar2": 3501003.25,
        "max": 19810.546875,
        "mean": 2902.03564453,
        "median": 1981.0546875,
        "min": 21.533203125,
        "var": 11505744
    },
    "spectral_skewness": {
        "dmean": 0.225327253342,
        "dmean2": 0.375739485025,
        "dvar": 0.143782630563,
        "dvar2": 0.397580593824,
        "max": 10.5255918503,
        "mean": 1.68254709244,
        "median": 1.44207143784,
        "min": -0.0796797648072,
        "var": 0.719430625439
    },
    "spectral_spread": {
        "dmean": 514854.09375,
        "dmean2": 812427.875,
        "dvar": 576581074944,
        "dvar2": 1.21124303667e+12,
        "max": 42745520,
        "mean": 6154205.5,
        "median": 5586194.5,
        "min": 644965.5,
        "var": 3.58931339674e+13
    },
    "spectral_strongpeak": {
        "dmean": 0.599231481552,
        "dmean2": 1.01404523849,
        "dvar": 1.66783797741,
        "dvar2": 4.17379617691,
        "max": 27.159992218,
        "mean": 1.10799181461,
        "median": 0.497532725334,
        "min": 0,
        "var": 2.63674640656
    },
    "zerocrossingrate": {
        "dmean": 0.0138816777617,
        "dmean2": 0.0168096274137,
        "dvar": 0.000367175554857,
        "dvar2": 0.000463504897198,
        "max": 0.8623046875,
        "mean": 0.10291992873,
        "median": 0.0849609375,
        "min": 0,
        "var": 0.0080539137125
    },
    "barkbands": {
        "dmean": [0.000416782015236, 0.00423481594771, 0.00137065560557, 0.000998242758214, 0.00118551775813, 0.000644953281153, 0.000685901613906, 0.000640527752694, 0.000576359743718, 0.000606840883847, 0.000495734391734, 0.000538543681614, 0.000485481170472, 0.000247247429797, 0.000465486402391, 0.000273149373243, 0.000333290110575, 0.000219192559598, 0.000269989279332, 0.000222469549044, 0.000212784754694, 0.000176713714609, 0.000145406738739, 0.000138304763823, 0.000134915084345, 8.17187174107e-05, 3.41557533829e-05],
        "dmean2": [0.000485430471599, 0.00655583897606, 0.00235882028937, 0.00179590343032, 0.00200904812664, 0.00105174886994, 0.00108427845407, 0.00101195310708, 0.000939533289056, 0.000960936304182, 0.000815438921563, 0.000842828361783, 0.000765632023104, 0.000402093835874, 0.00074718229007, 0.000449301151093, 0.000550955708604, 0.000373788701836, 0.000444343662821, 0.000370500201825, 0.000344768981449, 0.000293260934995, 0.00023692958348, 0.000221500537009, 0.000219958179514, 0.0001317896822, 5.50407094124e-05],
        "dvar": [1.23190113754e-06, 0.000104971790279, 1.99638616323e-05, 1.00684856079e-05, 5.2826458159e-06, 2.63577112491e-06, 2.09024778997e-06, 2.19870275942e-06, 1.91814069694e-06, 2.27671876019e-06, 1.7973394506e-06, 1.93573123397e-06, 9.6511735137e-07, 2.95041274967e-07, 7.49280047785e-07, 4.42285255531e-07, 5.58321175959e-07, 2.32402697975e-07, 3.10209657073e-07, 2.16793807795e-07, 1.6769324418e-07, 1.38346891276e-07, 8.58049418184e-08, 8.12927112293e-08, 9.00675090065e-08, 2.75995457599e-08, 5.72610225902e-09],
        "dvar2": [1.5377084992e-06, 0.000223331328016, 5.41474728379e-05, 2.86457234324e-05, 1.4115536942e-05, 6.14340387983e-06, 4.98341705679e-06, 5.07647428094e-06, 4.51277765023e-06, 5.50582262804e-06, 4.28379871664e-06, 4.09945914726e-06, 2.19015214498e-06, 6.90085869337e-07, 1.80324536814e-06, 1.20146853533e-06, 1.45589820022e-06, 6.29920577921e-07, 7.65752815823e-07, 5.67953861719e-07, 4.03105445912e-07, 3.59368243608e-07, 2.0644178278e-07, 2.01081149953e-07, 2.26159784233e-07, 6.90351953381e-08, 1.45384184691e-08],
        "max": [0.01884040609, 0.15208157897, 0.0753355920315, 0.0558171421289, 0.0411198921502, 0.0275542587042, 0.0346697494388, 0.0332907177508, 0.0329428948462, 0.0511136651039, 0.0334164537489, 0.0444488413632, 0.0243748221546, 0.0113262245432, 0.0166690777987, 0.0355633608997, 0.0186728853732, 0.0118646640331, 0.0109352506697, 0.0096121430397, 0.00759759172797, 0.00697816303, 0.00596807990223, 0.0070882034488, 0.00622202176601, 0.00389006081969, 0.00149326934479],
        "mean": [0.000684999220539, 0.00739077245817, 0.00136224611197, 0.000925780099351, 0.00155700440519, 0.000979726668447, 0.00133324682247, 0.00125814497005, 0.00100991956424, 0.00117570499424, 0.000769186299294, 0.000987500301562, 0.000796310487203, 0.00039272182039, 0.000793799816165, 0.000453429005574, 0.000549634278286, 0.000368274719222, 0.000502748298459, 0.000419682561187, 0.000461508810986, 0.000375910429284, 0.000324050197378, 0.000323911895975, 0.000288869836368, 0.000194546271814, 6.87063948135e-05],
        "median": [2.79627761302e-06, 0.000117840463645, 0.000148813502165, 0.000140114629176, 0.000565504538827, 0.00038991580368, 0.000482336210553, 0.000290244002827, 0.000264130241703, 0.000242212117882, 0.000147275641211, 0.000168633036083, 0.000315826619044, 0.000124819474877, 0.000355490134098, 0.000195065760636, 0.000170100101968, 0.000137465423904, 0.000143027573358, 0.000154833775014, 0.000185029901331, 0.000143990182551, 0.000105612649349, 0.000120053780847, 0.000109212734969, 6.57741184114e-05, 1.11554782052e-05],
        "min": [2.5109284841e-25, 3.1276974107e-24, 6.82321049147e-25, 3.96863546161e-25, 6.93940506825e-24, 4.95874809578e-24, 5.10185969133e-24, 5.79349033454e-24, 1.16790715023e-23, 1.62747290115e-23, 1.08298769373e-23, 1.84691743891e-23, 1.65283399039e-23, 1.8612734452e-23, 3.9836027365e-23, 5.10355203463e-23, 5.90706366459e-23, 8.74364465887e-23, 1.29644140089e-22, 1.45896732086e-22, 2.07881269454e-22, 3.13153394104e-22, 3.60171372078e-22, 5.27855180189e-22, 8.4593667041e-22, 1.18309041918e-21, 1.88643486428e-21],
        "var": [3.82182906833e-06, 0.000237068015849, 1.68525893969e-05, 7.9447772805e-06, 7.28170380171e-06, 3.56838290827e-06, 5.23038715983e-06, 6.46552007311e-06, 4.39558743892e-06, 6.63167793391e-06, 4.05421997129e-06, 5.76926777285e-06, 2.01174316317e-06, 5.37531491318e-07, 1.52129769049e-06, 7.17164823527e-07, 1.0238327377e-06, 3.89285332858e-07, 7.04981289346e-07, 4.17535233055e-07, 4.51623350273e-07, 3.22126822994e-07, 2.47725836289e-07, 2.07978857247e-07, 1.77927489631e-07, 7.10906604695e-08, 1.26335644168e-08]
    },
    "erbbands": {
        "dmean": [0.164723724127, 0.866589426994, 1.33069801331, 2.79810357094, 3.3757379055, 4.62771558762, 4.39035511017, 5.66532802582, 8.72642993927, 11.1283931732, 14.3009710312, 14.2866954803, 10.641658783, 21.632232666, 20.6639671326, 18.6403369904, 23.1108226776, 10.6315479279, 21.0883712769, 21.6254043579, 16.22123909, 15.5140094757, 12.6895980835, 11.5520439148, 13.4265222549, 11.4658603668, 9.46566963196, 7.6860742569, 6.55375480652, 4.90471029282, 4.20208930969, 3.00419211388, 2.37234210968, 1.52551853657, 1.06039261818, 0.445729523897, 0.14206109941, 0.0514795817435, 0.00485720718279, 7.19985473552e-05],
        "dmean2": [0.250191599131, 1.31844735146, 2.17223215103, 4.95445919037, 5.9383225441, 7.88846731186, 7.21446466446, 9.38522148132, 14.3548994064, 17.3073272705, 22.4257259369, 22.8945846558, 17.3249759674, 33.9642486572, 33.0852775574, 29.1771850586, 36.2020225525, 17.4556655884, 33.7501525879, 35.2308425903, 26.388999939, 25.8281784058, 21.4914722443, 19.567949295, 21.803730011, 18.9224452972, 15.2206850052, 12.7939786911, 10.7668161392, 8.02246189117, 6.84765195847, 4.8655872345, 3.8635597229, 2.47934126854, 1.74134981632, 0.723793447018, 0.230317637324, 0.0827876478434, 0.0078748324886, 0.000116056056868],
        "dvar": [0.158521533012, 4.98573589325, 16.5520420074, 81.8529968262, 70.6612167358, 85.2446365356, 137.973739624, 174.770614624, 378.334472656, 554.294921875, 1101.80944824, 1197.31433105, 787.688293457, 2208.74267578, 2052.7878418, 1902.6932373, 2285.69018555, 413.512359619, 2132.34228516, 1743.88342285, 1901.01879883, 1199.62231445, 748.202819824, 682.272583008, 848.455322266, 620.325683594, 378.153167725, 260.136566162, 188.778991699, 83.7355270386, 80.8904342651, 33.7617263794, 27.5245437622, 8.27292823792, 10.1092166901, 1.14195489883, 0.0578618757427, 0.0130337812006, 9.07225476112e-05, 1.75782730594e-08],
        "dvar2": [0.351998567581, 10.1814203262, 43.5774269104, 229.160369873, 196.217697144, 234.766799927, 306.199432373, 459.701263428, 990.244140625, 1169.31335449, 2543.6315918, 2709.74902344, 1960.82958984, 5305.18457031, 4736.96923828, 4074.59106445, 5134.84863281, 1033.58215332, 5005.34960938, 4246.91845703, 5175.15429688, 3210.47802734, 2052.57275391, 1839.36621094, 2105.5625, 1586.61621094, 905.810913086, 675.765686035, 481.17565918, 209.169906616, 194.745910645, 79.8894424438, 69.978263855, 21.0785198212, 25.3011054993, 2.87043595314, 0.146288335323, 0.0330250039697, 0.000228441771469, 4.42335412743e-08],
        "max": [6.24811649323, 36.6080741882, 78.693107605, 117.228164673, 161.000534058, 209.989486694, 206.977371216, 245.001098633, 605.195373535, 911.83605957, 891.450317383, 892.981323242, 935.758850098, 1030.73840332, 1032.55383301, 1114.96020508, 1173.28723145, 397.939758301, 1038.21496582, 798.248596191, 2419.82397461, 645.12310791, 736.829345703, 559.153137207, 681.801391602, 602.05682373, 344.293701172, 478.849639893, 259.021942139, 153.674255371, 221.905197144, 109.954597473, 143.479721069, 72.3683319092, 79.5325393677, 27.9617900848, 5.543841362, 2.36678409576, 0.19047087431, 0.00241943425499],
        "mean": [0.272567152977, 1.40396916866, 1.70458066463, 2.70442271233, 3.69783711433, 5.73443746567, 6.45801401138, 8.62010192871, 15.4708127975, 23.5755176544, 28.5320739746, 25.962305069, 19.4809589386, 44.1470794678, 39.7524108887, 35.7497367859, 39.1351318359, 18.7598686218, 36.6619415283, 35.9981536865, 28.5909919739, 27.4354915619, 23.6206111908, 21.8417778015, 25.4684295654, 21.9749279022, 19.5915679932, 15.8111276627, 14.0065813065, 10.8504476547, 9.27091121674, 6.65606451035, 5.29877328873, 3.2637450695, 2.05413532257, 0.928639411926, 0.341813415289, 0.111984089017, 0.0103910248727, 0.000188631049241],
        "median": [0.00175076571759, 0.0405092798173, 0.241375654936, 0.513539373875, 1.01087582111, 1.95306396484, 2.83335137367, 3.52928924561, 5.81379032135, 9.23669338226, 8.44123649597, 7.66848564148, 6.69289112091, 12.0179176331, 10.5008640289, 11.3282594681, 16.805524826, 8.58555221558, 14.0722122192, 16.8022251129, 12.974281311, 10.678519249, 9.89619827271, 7.94774389267, 7.90398788452, 8.38771438599, 7.98512268066, 5.83769893646, 5.35216426849, 4.13252639771, 3.02034020424, 2.42452049255, 1.82333040237, 1.29530858994, 0.686522483826, 0.310816794634, 0.111032366753, 0.0265718027949, 0.00185392820276, 6.59259967506e-05],
        "min": [4.0072830787e-23, 3.51674317765e-22, 1.33891248558e-21, 3.37611565776e-21, 6.10409895488e-21, 1.65823217188e-20, 2.93424583156e-20, 3.77741526375e-20, 7.39615337532e-20, 1.52090157863e-19, 1.4492245691e-19, 2.59737917667e-19, 4.61852314212e-19, 5.52703111853e-19, 1.01164767942e-18, 1.02171198593e-18, 1.23611161723e-18, 1.70619556761e-18, 2.14620674644e-18, 2.68775072654e-18, 3.50767841269e-18, 4.22655709482e-18, 4.79126709515e-18, 6.10437619932e-18, 6.05954921398e-18, 6.85952799208e-18, 7.53557567569e-18, 9.15164505588e-18, 1.1079740198e-17, 1.02534545949e-17, 9.14171475262e-18, 9.18115472423e-18, 8.4540414591e-18, 8.47435701495e-18, 5.63935883359e-18, 3.64193933868e-18, 2.17428104963e-18, 9.10841039321e-19, 2.33246812315e-19, 2.64786443283e-20],
        "var": [0.349087893963, 10.1729717255, 17.3780136108, 64.3473129272, 69.9385986328, 108.558532715, 179.157272339, 231.400817871, 784.035644531, 1616.61853027, 2884.90722656, 2897.27539062, 1523.88830566, 7531.96386719, 6156.90917969, 5251.92871094, 4853.20556641, 785.050048828, 4252.58886719, 3298.45629883, 3086.42138672, 2229.76293945, 1387.10974121, 1216.25732422, 1797.18212891, 1177.57836914, 921.975280762, 561.522705078, 449.778778076, 249.254699707, 216.14906311, 92.6072006226, 59.1675071716, 20.4850158691, 13.3379001617, 1.93132817745, 0.212783023715, 0.0292911697179, 0.000268306699581, 6.43747526397e-08]
    },
    "gfcc": {
        "mean": [-59.4023628235, 42.3523368835, -123.701309204, 3.8794696331, -61.1561775208, 8.48315143585, -36.5828323364, 4.36344194412, -21.4245204926, 7.50251531601, -17.2323379517, 1.6468026638, -11.1228179932],
        "cov": [[60927.0078125, -1316.29626465, 586.814697266, 3254.81591797, -856.721313477, 1682.08532715, -465.587158203, 1612.99072266, -1247.60290527, 708.412780762, -601.608642578, 1028.70849609, -846.805297852], [-1316.29626465, 3461.09423828, -86.8185195923, -72.1056365967, 384.988433838, -346.054473877, 89.4989776611, -340.778137207, -25.1610393524, -242.784515381, 196.15461731, -291.933685303, 66.694442749], [586.814697266, -86.8185195923, 2481.44189453, 947.79675293, 733.456176758, 375.849487305, 314.173034668, 295.468414307, -3.3296546936, 102.991767883, 64.1342391968, 174.952133179, -43.6429100037], [3254.81591797, -72.1056365967, 947.79675293, 1039.78967285, 526.142150879, 337.937164307, 246.272354126, 258.652862549, -40.2257995605, 65.2536621094, 49.5266532898, 152.040283203, -31.3710212708], [-856.721313477, 384.988433838, 733.456176758, 526.142150879, 822.072875977, 252.225845337, 339.191619873, 154.279205322, 10.766617775, -25.1397342682, 156.878936768, 73.5484466553, 19.0233402252], [1682.08532715, -346.054473877, 375.849487305, 337.937164307, 252.225845337, 417.974212646, 131.704559326, 158.477798462, -6.57464027405, 48.1879425049, 18.4591884613, 122.757865906, -9.6779050827], [-465.587158203, 89.4989776611, 314.173034668, 246.272354126, 339.191619873, 131.704559326, 433.509857178, 186.857147217, 55.6323890686, -5.90145206451, 138.045120239, 59.9708747864, 11.839173317], [1612.99072266, -340.778137207, 295.468414307, 258.652862549, 154.279205322, 158.477798462, 186.857147217, 331.358184814, 51.3249397278, 62.1323776245, 31.1825847626, 98.5214614868, -20.6870670319], [-1247.60290527, -25.1610393524, -3.3296546936, -40.2257995605, 10.766617775, -6.57464027405, 55.6323890686, 51.3249397278, 242.960876465, 95.95753479, 45.6618614197, -8.57542610168, 49.1563873291], [708.412780762, -242.784515381, 102.991767883, 65.2536621094, -25.1397342682, 48.1879425049, -5.90145206451, 62.1323776245, 95.95753479, 198.262130737, 44.4519386292, 38.6049308777, 10.4286365509], [-601.608642578, 196.15461731, 64.1342391968, 49.5266532898, 156.878936768, 18.4591884613, 138.045120239, 31.1825847626, 45.6618614197, 44.4519386292, 204.489929199, 37.5100746155, 9.66402626038], [1028.70849609, -291.933685303, 174.952133179, 152.040283203, 73.5484466553, 122.757865906, 59.9708747864, 98.5214614868, -8.57542610168, 38.6049308777, 37.5100746155, 188.068756104, 19.9077720642], [-846.805297852, 66.694442749, -43.6429100037, -31.3710212708, 19.0233402252, -9.6779050827, 11.839173317, -20.6870670319, 49.1563873291, 10.4286365509, 9.66402626038, 19.9077720642, 163.88494873]],
        "icov": [[5.72723256482e-05, -9.90737898974e-05, 6.93204565323e-05, -0.000186757490155, 0.00020830934227, -0.00016704419977, 8.17975815153e-05, -0.000300834275549, 0.000334591895808, -0.00030438642716, 0.000151450934936, -0.000192423074623, 0.000174486282049], [-9.90737898974e-05, 0.000670380250085, -0.000123170626466, 0.000188341451576, -0.000611478055362, 0.00060608779313, -9.88544270513e-05, 0.000856943952385, -0.000636177137494, 0.00101359048858, -0.000820034125354, 0.000950409041252, -0.000500178779475], [6.93204565323e-05, -0.000123170626466, 0.000784263655078, -0.000598536105826, -0.00018585374346, -0.000153510889504, 4.53116663266e-05, -0.000385208084481, 0.000422492827056, -0.000733354419935, 0.000531393336132, -0.000434846646385, 0.000404627149692], [-0.000186757490155, 0.000188341451576, -0.000598536105826, 0.00280153262429, -0.00146432267502, 1.44973375882e-06, -0.000399438169552, 0.000332167634042, -0.00042244195356, 0.000149828905705, 0.000184113348951, 7.88094694144e-05, -0.000327165733324], [0.00020830934227, -0.000611478055362, -0.00018585374346, -0.00146432267502, 0.00397701980546, -0.0016713552177, -0.000675230461638, -0.00100421789102, 0.00102168903686, 3.47369532392e-05, -0.000873991637491, -0.000254971178947, 0.000130927015562], [-0.00016704419977, 0.00060608779313, -0.000153510889504, 1.44973375882e-06, -0.0016713552177, 0.0048043821007, -0.000470567087177, 0.000553511839826, -0.000749075901695, 0.000306498463033, 0.000309451686917, -0.00075415923493, -0.000290261086775], [8.17975815153e-05, -9.88544270513e-05, 4.53116663266e-05, -0.000399438169552, -0.000675230461638, -0.000470567087177, 0.00525148119777, -0.00269665871747, -0.0003366455785, 0.00140020798426, -0.00241145514883, 0.000182078161743, -0.000138732008054], [-0.000300834275549, 0.000856943952385, -0.000385208084481, 0.000332167634042, -0.00100421789102, 0.000553511839826, -0.00269665871747, 0.0075273248367, -0.00273681548424, 0.000850869982969, 0.000208424869925, -0.000343092804542, 0.00014819430362], [0.000334591895808, -0.000636177137494, 0.000422492827056, -0.00042244195356, 0.00102168903686, -0.000749075901695, -0.0003366455785, -0.00273681548424, 0.00829372927547, -0.00506268534809, 0.000755380606279, 0.000100678480521, -0.000686845451128], [-0.00030438642716, 0.00101359048858, -0.000733354419935, 0.000149828905705, 3.47369532392e-05, 0.000306498463033, 0.00140020798426, 0.000850869982969, -0.00506268534809, 0.0106117185205, -0.00415043113753, 0.00123859685846, -0.00119402329437], [0.000151450934936, -0.000820034125354, 0.000531393336132, 0.000184113348951, -0.000873991637491, 0.000309451686917, -0.00241145514883, 0.000208424869925, 0.000755380606279, -0.00415043113753, 0.00937970355153, -0.00308515760116, 0.00147246860433], [-0.000192423074623, 0.000950409041252, -0.000434846646385, 7.88094694144e-05, -0.000254971178947, -0.00075415923493, 0.000182078161743, -0.000343092804542, 0.000100678480521, 0.00123859685846, -0.00308515760116, 0.00954456720501, -0.00263966224156], [0.000174486282049, -0.000500178779475, 0.000404627149692, -0.000327165733324, 0.000130927015562, -0.000290261086775, -0.000138732008054, 0.00014819430362, -0.000686845451128, -0.00119402329437, 0.00147246860433, -0.00263966224156, 0.00776431104168]]
    },
    "melbands": {
        "dmean": [0.00129840208683, 0.000746058940422, 0.000475097505841, 0.000294461118756, 0.00015551285469, 0.000126041923068, 0.000134083500598, 0.000125869497424, 0.00011539683328, 8.31424040371e-05, 5.67288079765e-05, 9.34639101615e-05, 7.49413156882e-05, 6.90265733283e-05, 5.04411691509e-05, 3.7215075281e-05, 1.97841054614e-05, 3.4808392229e-05, 2.69891625067e-05, 2.36975665757e-05, 2.05303513212e-05, 1.61832413141e-05, 1.81561881618e-05, 1.20481927297e-05, 9.93404864857e-06, 1.27797720779e-05, 8.55256166687e-06, 7.59394197303e-06, 7.17637203707e-06, 4.6377781473e-06, 5.19489776707e-06, 4.08214327763e-06, 3.63383310287e-06, 2.88306887342e-06, 2.93299990517e-06, 2.21338655138e-06, 1.78648770088e-06, 1.76056937562e-06, 1.74104218331e-06, 1.2677602399e-06],
        "dmean2": [0.00198853597976, 0.00117896229494, 0.000835369108245, 0.000506278825924, 0.000255675549852, 0.000207541466807, 0.000218111847062, 0.000197380839381, 0.000181292140041, 0.00013456751185, 9.21735918382e-05, 0.000146502134157, 0.000121010591101, 0.000107390951598, 7.95815649326e-05, 5.94125885982e-05, 3.25049841194e-05, 5.58374413231e-05, 4.39448667748e-05, 3.87311629311e-05, 3.33518037223e-05, 2.67800442089e-05, 3.00479314319e-05, 2.03523613891e-05, 1.69353861565e-05, 2.07656030398e-05, 1.41861000884e-05, 1.25798560475e-05, 1.16255605462e-05, 7.63860771258e-06, 8.6991385615e-06, 6.84676888341e-06, 5.91186790189e-06, 4.71284920422e-06, 4.82057112094e-06, 3.5835230392e-06, 2.94442088489e-06, 2.88590013042e-06, 2.85740316031e-06, 2.06808886105e-06],
        "dvar": [9.57031807047e-06, 3.75696890842e-06, 2.13123735193e-06, 3.69431774061e-07, 1.33510937417e-07, 8.80115891277e-08, 8.37597440295e-08, 6.62488375269e-08, 6.26568805728e-08, 3.93848367253e-08, 2.42240059123e-08, 4.34540368133e-08, 3.40824222178e-08, 3.47068045414e-08, 9.62371693447e-09, 4.84685447333e-09, 1.57264823386e-09, 5.70042679726e-09, 2.31822783192e-09, 1.98279836994e-09, 3.3110423292e-09, 1.4407376403e-09, 1.93098159684e-09, 6.56389276266e-10, 6.002611741e-10, 8.03566824192e-10, 3.55956125686e-10, 2.64291394325e-10, 2.46257569891e-10, 8.35692764989e-11, 1.30769464701e-10, 8.51471324004e-11, 5.56826286469e-11, 2.97010506467e-11, 5.0420768255e-11, 2.26111976365e-11, 1.2769950028e-11, 1.9068205348e-11, 1.56152313302e-11, 6.49429555272e-12],
        "dvar2": [2.05585984077e-05, 8.68072856974e-06, 5.94263383391e-06, 1.00207944342e-06, 3.07069115024e-07, 2.2612597661e-07, 2.13163431795e-07, 1.47262468886e-07, 1.46169838899e-07, 9.00787355818e-08, 6.0432434168e-08, 1.04060241313e-07, 7.85574059137e-08, 7.27992741645e-08, 2.16661106833e-08, 1.15207505758e-08, 3.84348775029e-09, 1.33977513528e-08, 5.87983661759e-09, 4.96644370074e-09, 8.84422490799e-09, 3.71650998865e-09, 5.13390263635e-09, 1.72005498733e-09, 1.62665325654e-09, 2.0228558828e-09, 9.47843137311e-10, 6.71760647108e-10, 6.09211348035e-10, 2.05215469617e-10, 3.36151634306e-10, 2.33618319134e-10, 1.24879939722e-10, 7.38213934426e-11, 1.19458734571e-10, 4.99439864465e-11, 3.1509364562e-11, 4.98285926409e-11, 4.0522248751e-11, 1.69343150613e-11],
        "max": [0.0458224229515, 0.0364355966449, 0.0183075424284, 0.0110628874972, 0.00587509479374, 0.00529422052205, 0.00798921752721, 0.00896301213652, 0.00659532751888, 0.00484039541334, 0.00556919490919, 0.0049604778178, 0.00380914029665, 0.00620187679306, 0.00247238064185, 0.00145370641258, 0.000973108573817, 0.00156882917508, 0.000849351345096, 0.00129894702695, 0.00300768413581, 0.000936810683925, 0.0010261448333, 0.0004813002015, 0.000525323092006, 0.000708672916517, 0.000310188159347, 0.000366273656255, 0.000293236458674, 0.000264406640781, 0.000326034292812, 0.000196848675841, 0.000162675773026, 0.000104264989204, 0.000195257365704, 9.30801907089e-05, 0.000101385725429, 0.000150063438923, 6.29504429526e-05, 9.22390536289e-05],
        "mean": [0.00226694904268, 0.00125255808234, 0.000484522635816, 0.000354892195901, 0.000233115468291, 0.000190184917301, 0.000247244664934, 0.000271045340924, 0.000227598138736, 0.000145756770507, 9.93748981273e-05, 0.000187416968402, 0.00013021324412, 0.000126475148136, 8.56067563291e-05, 6.24631647952e-05, 3.13614909828e-05, 5.85451489314e-05, 4.60121991637e-05, 3.9074835513e-05, 3.25019464071e-05, 2.66169736278e-05, 2.84803827526e-05, 1.91354902199e-05, 1.6491059796e-05, 2.19785433728e-05, 1.51610174726e-05, 1.33613675644e-05, 1.32316636154e-05, 9.24236519495e-06, 9.33739738684e-06, 7.96526819613e-06, 7.07152821633e-06, 5.81146287004e-06, 5.72377075514e-06, 4.45673140348e-06, 3.72593444808e-06, 3.79564153263e-06, 3.26959730046e-06, 2.54974361269e-06],
        "median": [2.33410264627e-05, 0.000129110791022, 0.000106315754238, 0.000111884306534, 0.000106852246972, 7.65912700444e-05, 9.48322340264e-05, 9.90803673631e-05, 6.63681785227e-05, 3.87429499824e-05, 2.8015294447e-05, 4.64307195216e-05, 2.98409686366e-05, 1.91408853425e-05, 3.38785757776e-05, 2.79976302409e-05, 1.08051681309e-05, 1.93059022422e-05, 2.20923902816e-05, 1.84678137884e-05, 1.15194088721e-05, 8.34835918795e-06, 8.58097973833e-06, 6.44331339572e-06, 5.21389029018e-06, 5.91357093072e-06, 5.16589443578e-06, 4.73650288768e-06, 4.83340318169e-06, 3.44509362549e-06, 3.14470571539e-06, 2.89030822387e-06, 2.53447933574e-06, 1.85168710232e-06, 1.64150878845e-06, 1.56662565587e-06, 1.2534914049e-06, 1.16330977562e-06, 1.09942459403e-06, 8.72406701546e-07],
        "min": [8.59719941602e-25, 7.43807382594e-25, 6.98359429515e-25, 8.4594504969e-25, 8.13163737559e-25, 9.13741136392e-25, 9.28013503712e-25, 1.72774047486e-24, 8.31919497226e-25, 1.62875736392e-24, 1.99220076853e-24, 1.66886226348e-24, 2.78232878158e-24, 2.22261698097e-24, 1.69656587518e-24, 2.86154205216e-24, 2.56977218282e-24, 2.82198856637e-24, 2.36301785323e-24, 2.76537813288e-24, 3.05054346151e-24, 3.52276684064e-24, 3.27693056687e-24, 3.51502417085e-24, 4.04029588207e-24, 3.64666139011e-24, 3.85661593117e-24, 3.96238640134e-24, 4.34583314914e-24, 4.2206425012e-24, 4.40881974812e-24, 4.67924047757e-24, 4.32072804526e-24, 5.18094260265e-24, 4.28801358909e-24, 5.17139265253e-24, 4.94389502823e-24, 5.30072718681e-24, 5.30173259003e-24, 5.54287948015e-24],
        "var": [2.22430935537e-05, 6.7986875365e-06, 1.74374235939e-06, 4.59229482885e-07, 1.82084960443e-07, 1.16125256966e-07, 1.88702202308e-07, 2.03410777999e-07, 1.62013321869e-07, 9.25341154812e-08, 4.62299567516e-08, 1.46805135159e-07, 8.776106597e-08, 1.05136550133e-07, 2.12431352509e-08, 9.81588854643e-09, 2.82674905705e-09, 1.14802762852e-08, 4.54270576711e-09, 3.64974650502e-09, 5.10142417198e-09, 2.64408472894e-09, 3.05421576918e-09, 1.16834464325e-09, 8.98229879365e-10, 1.55536394875e-09, 5.91447557596e-10, 4.71070182861e-10, 4.99205454751e-10, 2.03581498881e-10, 2.33828872931e-10, 1.58980162368e-10, 1.33401595326e-10, 8.28289312138e-11, 1.05058517441e-10, 5.23068047209e-11, 3.01602770536e-11, 3.44383965789e-11, 2.52998837158e-11, 1.39433698962e-11]
    },
    "mfcc": {
        "mean": [-684.69744873, 84.7504348755, -8.46917629242, -1.6790856123, -7.07352352142, 0.624146163464, -5.50376653671, -4.71124982834, -0.385955125093, 0.140475258231, -1.62979793549, 0.29899251461, 3.49824929237],
        "cov": [[26416.9375, -121.19380188, 1610.96105957, 2470.44287109, 1145.67126465, 680.984191895, 1133.99291992, 1056.04797363, 276.683135986, 432.484161377, 65.5602722168, 381.174713135, -120.161331177], [-121.19380188, 2282.0703125, 315.124664307, 77.6596984863, 102.596359253, 4.02482700348, -39.7805938721, -145.257720947, -157.393218994, -58.3217353821, -131.124176025, -1.88415527344, -117.15120697], [1610.96105957, 315.124664307, 947.843078613, 477.885528564, 315.916992188, 215.401168823, 176.104217529, 110.992507935, 58.2059516907, 132.16394043, -22.1475048065, 78.1446533203, -29.3014659882], [2470.44287109, 77.6596984863, 477.885528564, 793.300720215, 398.256408691, 206.110931396, 301.259490967, 252.595199585, 86.6202163696, 117.267730713, 13.028380394, 107.624389648, -10.1360931396], [1145.67126465, 102.596359253, 315.916992188, 398.256408691, 484.482269287, 268.228057861, 240.302322388, 194.840530396, 55.3538742065, 56.2186737061, 19.802947998, 62.2083930969, 6.84867811203], [680.984191895, 4.02482700348, 215.401168823, 206.110931396, 268.228057861, 325.260101318, 188.325866699, 132.163864136, 46.9571228027, 44.4959869385, 16.4648952484, 41.0640830994, 58.6433563232], [1133.99291992, -39.7805938721, 176.104217529, 301.259490967, 240.302322388, 188.325866699, 394.505950928, 261.310272217, 54.7691001892, 67.7345199585, 22.5875453949, 78.7647323608, 24.324344635], [1056.04797363, -145.257720947, 110.992507935, 252.595199585, 194.840530396, 132.163864136, 261.310272217, 363.005767822, 100.080886841, 43.8560371399, 52.9464530945, 66.0606842041, 26.9068241119], [276.683135986, -157.393218994, 58.2059516907, 86.6202163696, 55.3538742065, 46.9571228027, 54.7691001892, 100.080886841, 208.109512329, 69.901184082, 41.9932365417, 7.70671033859, 41.5284843445], [432.484161377, -58.3217353821, 132.16394043, 117.267730713, 56.2186737061, 44.4959869385, 67.7345199585, 43.8560371399, 69.901184082, 192.51385498, 67.2841567993, 39.1539115906, 13.4416065216], [65.5602722168, -131.124176025, -22.1475048065, 13.028380394, 19.802947998, 16.4648952484, 22.5875453949, 52.9464530945, 41.9932365417, 67.2841567993, 177.714080811, 75.69972229, 40.1644554138], [381.174713135, -1.88415527344, 78.1446533203, 107.624389648, 62.2083930969, 41.0640830994, 78.7647323608, 66.0606842041, 7.70671033859, 39.1539115906, 75.69972229, 202.815200806, 58.7005996704], [-120.161331177, -117.15120697, -29.3014659882, -10.1360931396, 6.84867811203, 58.6433563232, 24.324344635, 26.9068241119, 41.5284843445, 13.4416065216, 40.1644554138, 58.7005996704, 172.448867798]],
