{
"lowlevel": {
    "average_loudness": 0.863908886909,
    "barkbands_crest": {
        "dmean": 2.36425328255,
        "dmean2": 3.69670987129,
        "dvar": 5.65322303772,
        "dvar2": 13.1730527878,
        "max": 26.3360443115,
        "mean": 11.8213224411,
        "median": 11.0315418243,
        "min": 2.17565798759,
        "var": 24.5859375
    },
    "barkbands_flatness_db": {
        "dmean": 0.0322205349803,
        "dmean2": 0.0448570400476,
        "dvar": 0.00107143027708,
        "dvar2": 0.00222109165043,
        "max": 0.520349800587,
        "mean": 0.195212781429,
        "median": 0.193608760834,
        "min": 0.0243487991393,
        "var": 0.00577831175178
    },
    "barkbands_kurtosis": {
        "dmean": 3.79794287682,
        "dmean2": 5.80390644073,
        "dvar": 79.7670059204,
        "dvar2": 173.868530273,
        "max": 362.082763672,
        "mean": 6.19133996964,
        "median": 2.49724507332,
        "min": -1.88473165035,
        "var": 215.768295288
    },
    "barkbands_skewness": {
        "dmean": 0.575615525246,
        "dmean2": 0.864526867867,
        "dvar": 0.44115126133,
        "dvar2": 0.98232114315,
        "max": 15.0632514954,
        "mean": 1.52446591854,
        "median": 1.30078470707,
        "min": -3.01938652992,
        "var": 2.12884831429
    },
    "barkbands_spread": {
        "dmean": 4.73850679398,
        "dmean2": 6.9948387146,
        "dvar": 40.4473495483,
        "dvar2": 85.6937713623,
        "max": 83.2624053955,
        "mean": 14.2532167435,
        "median": 11.4396772385,
        "min": 0.219036355615,
        "var": 111.842124939
    },
    "dissonance": {
        "dmean": 0.028372079134,
        "dmean2": 0.0467637628317,
        "dvar": 0.000732895568945,
        "dvar2": 0.00194263167214,
        "max": 0.500000119209,
        "mean": 0.446226090193,
        "median": 0.453576475382,
        "min": 0.196219980717,
        "var": 0.00148998515215
    },
    "dynamic_complexity": 4.32485246658,
    "erbbands_crest": {
        "dmean": 3.15836286545,
        "dmean2": 4.97605228424,
        "dvar": 9.13131523132,
        "dvar2": 20.600271225,
        "max": 33.1370506287,
        "mean": 11.1099872589,
        "median": 9.73032951355,
        "min": 2.27634763718,
        "var": 32.1244316101
    },
    "erbbands_flatness_db": {
        "dmean": 0.0289091598243,
        "dmean2": 0.0399920679629,
        "dvar": 0.000906443980057,
        "dvar2": 0.0016610128805,
        "max": 0.556550979614,
        "mean": 0.217599347234,
        "median": 0.21225887537,
        "min": 0.0534681044519,
        "var": 0.00722019420937
    },
    "erbbands_kurtosis": {
        "dmean": 1.67860174179,
        "dmean2": 2.5702290535,
        "dvar": 6.99406766891,
        "dvar2": 15.5011615753,
        "max": 89.3582229614,
        "mean": 2.04128551483,
        "median": 0.907119750977,
        "min": -1.76919436455,
        "var": 17.5776844025
    },
    "erbbands_skewness": {
        "dmean": 0.444668889046,
        "dmean2": 0.661393523216,
        "dvar": 0.180668622255,
        "dvar2": 0.398919045925,
        "max": 7.60425710678,
        "mean": 0.723847985268,
        "median": 0.701505422592,
        "min": -3.78117704391,
        "var": 0.849045395851
    },
    "erbbands_spread": {
        "dmean": 7.4608039856,
        "dmean2": 10.9130277634,
        "dvar": 85.9760742188,
        "dvar2": 176.414871216,
        "max": 154.58454895,
        "mean": 24.2955055237,
        "median": 19.7259788513,
        "min": 0.779666900635,
        "var": 278.606689453
    },
    "hfc": {
        "dmean": 8.87609767914,
        "dmean2": 13.1358480453,
        "dvar": 202.97555542,
        "dvar2": 467.239074707,
        "max": 166.468597412,
        "mean": 19.7911548615,
        "median": 14.1418628693,
        "min": 1.08563815803e-16,
        "var": 378.205169678
    },
    "melbands_crest": {
        "dmean": 3.08573460579,
        "dmean2": 4.80607557297,
        "dvar": 9.67150306702,
        "dvar2": 23.5541801453,
        "max": 37.5835151672,
        "mean": 17.0186367035,
        "median": 16.1664199829,
        "min": 1.55428278446,
        "var": 54.7488250732
    },
    "melbands_flatness_db": {
        "dmean": 0.034928213805,
        "dmean2": 0.0490555800498,
        "dvar": 0.00132718426175,
        "dvar2": 0.00284365564585,
        "max": 0.550682604313,
        "mean": 0.257068574429,
        "median": 0.258108258247,
        "min": 0.00231914664619,
        "var": 0.00649727275595
    },
    "melbands_kurtosis": {
        "dmean": 6.89741563797,
        "dmean2": 10.7471094131,
        "dvar": 316.676330566,
        "dvar2": 740.428039551,
        "max": 973.710388184,
        "mean": 12.2456970215,
        "median": 4.88310813904,
        "min": -1.84160733223,
        "var": 962.756469727
    },
    "melbands_skewness": {
        "dmean": 0.719532668591,
        "dmean2": 1.07940244675,
        "dvar": 0.858486235142,
        "dvar2": 1.91154623032,
        "max": 25.0177822113,
        "mean": 2.09001278877,
        "median": 1.69256496429,
        "min": -3.58159708977,
        "var": 4.04134750366
    },
    "melbands_spread": {
        "dmean": 5.01101970673,
        "dmean2": 7.63997840881,
        "dvar": 44.2004432678,
        "dvar2": 101.401268005,
        "max": 161.925979614,
        "mean": 16.5873451233,
        "median": 13.8284645081,
        "min": 0.452103316784,
        "var": 194.521209717
    },
    "pitch_salience": {
        "dmean": 0.0728589147329,
        "dmean2": 0.117179371417,
        "dvar": 0.00586956227198,
        "dvar2": 0.0154827916995,
        "max": 0.980715632439,
        "mean": 0.51964700222,
        "median": 0.529207587242,
        "min": 0.0447434782982,
        "var": 0.0237636715174
    },
    "silence_rate_20dB": {
        "dmean": 0,
        "dmean2": 0,
        "dvar": 0,
        "dvar2": 0,
        "max": 1,
        "mean": 1,
        "median": 1,
        "min": 1,
        "var": 0
    },
    "silence_rate_30dB": {
        "dmean": 0.0108750378713,
        "dmean2": 0.0217522662133,
        "dvar": 0.0107590453699,
        "dvar2": 0.02974130027,
        "max": 1,
        "mean": 0.992045938969,
        "median": 1,
        "min": 0,
        "var": 0.00789093784988
    },
    "silence_rate_60dB": {
        "dmean": 0.0163125563413,
        "dmean2": 0.0326283983886,
        "dvar": 0.0160466209054,
        "dvar2": 0.0347890034318,
        "max": 1,
        "mean": 0.124144181609,
        "median": 0,
        "min": 0,
        "var": 0.108733527362
    },
    "spectral_centroid": {
        "dmean": 218.680389404,
        "dmean2": 323.96987915,
        "dvar": 84696.9921875,
        "dvar2": 176958.46875,
        "max": 11743.6367188,
        "mean": 1094.95275879,
        "median": 927.315795898,
        "min": 152.310043335,
        "var": 835544.6875
    },
    "spectral_complexity": {
        "dmean": 4.15708398819,
        "dmean2": 6.18449163437,
        "dvar": 28.3213615417,
        "dvar2": 57.2825012207,
        "max": 61,
        "mean": 16.144985199,
        "median": 15,
        "min": 0,
        "var": 100.918235779
    },
    "spectral_decrease": {
        "dmean": 2.53722198806e-09,
        "dmean2": 3.90134857753e-09,
        "dvar": 2.01292119046e-17,
        "dvar2": 5.29426065368e-17,
        "max": 2.02434929789e-28,
        "mean": -8.71393091018e-09,
        "median": -7.73778729979e-09,
        "min": -6.1605810231e-08,
        "var": 4.82967896398e-17
    },
    "spectral_energy": {
        "dmean": 0.0101995579898,
        "dmean2": 0.0156432520598,
        "dvar": 0.000316392310197,
        "dvar2": 0.000825867289677,
        "max": 0.23632504046,
        "mean": 0.0346834659576,
        "median": 0.030922729522,
        "min": 1.00237997045e-20,
        "var": 0.000753224536311
    },
    "spectral_energyband_high": {
        "dmean": 0.00050932954764,
        "dmean2": 0.000748804886825,
        "dvar": 1.4645219153e-06,
        "dvar2": 3.26991357724e-06,
        "max": 0.015161190182,
        "mean": 0.000584886292927,
        "median": 8.74657707755e-05,
        "min": 7.18899923872e-21,
        "var": 1.77894014541e-06
    },
    "spectral_energyband_low": {
        "dmean": 0.00421255128458,
        "dmean2": 0.00649687182158,
        "dvar": 0.000182708346983,
        "dvar2": 0.000501636473928,
        "max": 0.228055909276,
        "mean": 0.0141418911517,
        "median": 0.00291638821363,
        "min": 1.15583615843e-23,
        "var": 0.000403200130677
    },
    "spectral_energyband_middle_high": {
        "dmean": 0.00265476643108,
        "dmean2": 0.00409002415836,
        "dvar": 1.88949943549e-05,
        "dvar2": 4.39749637735e-05,
        "max": 0.0761949270964,
        "mean": 0.00596584565938,
        "median": 0.00330964010209,
        "min": 1.12679235725e-21,
        "var": 5.13775157742e-05
    },
    "spectral_energyband_middle_low": {
        "dmean": 0.00618531368673,
        "dmean2": 0.00989750679582,
        "dvar": 0.000100158787973,
        "dvar2": 0.000261197070358,
        "max": 0.104142777622,
        "mean": 0.0147072616965,
        "median": 0.0114609729499,
        "min": 1.64503512216e-22,
        "var": 0.000203483723453
    },
    "spectral_entropy": {
        "dmean": 0.255451261997,
        "dmean2": 0.358063697815,
        "dvar": 0.0742277577519,
        "dvar2": 0.147417783737,
        "max": 9.81715679169,
        "mean": 7.26068973541,
        "median": 7.26112222672,
        "min": 4.63521718979,
        "var": 0.388372987509
    },
    "spectral_flux": {
        "dmean": 0.0279064700007,
        "dmean2": 0.0419416427612,
        "dvar": 0.00142873660661,
        "dvar2": 0.00277981068939,
        "max": 0.429118782282,
        "mean": 0.080924205482,
        "median": 0.070395603776,
        "min": 6.41076358665e-11,
        "var": 0.00336671154946
    },
    "spectral_kurtosis": {
        "dmean": 4.78913402557,
        "dmean2": 7.75218725204,
        "dvar": 42.6245269775,
        "dvar2": 115.284263611,
        "max": 112.44493103,
        "mean": 10.4289054871,
        "median": 7.07589960098,
        "min": -1.26178693771,
        "var": 125.802215576
    },
    "spectral_rms": {
        "dmean": 0.000788773118984,
        "dmean2": 0.00117014034186,
        "dvar": 1.17291415336e-06,
        "dvar2": 2.84991392618e-06,
        "max": 0.0151842357591,
        "mean": 0.00521137565374,
        "median": 0.00549258757383,
        "min": 3.12718991327e-12,
        "var": 6.6792990765e-06
    },
    "spectral_rolloff": {
        "dmean": 337.380401611,
        "dmean2": 553.062194824,
        "dvar": 526847.5625,
        "dvar2": 1140314.625,
        "max": 19444.4824219,
        "mean": 1152.265625,
        "median": 861.328125,
        "min": 43.06640625,
        "var": 2609946.75
    },
    "spectral_skewness": {
        "dmean": 0.447707235813,
        "dmean2": 0.704044044018,
        "dvar": 0.233312338591,
        "dvar2": 0.611408472061,
        "max": 7.79136419296,
        "mean": 2.14810085297,
        "median": 2.00649261475,
        "min": -0.298127472401,
        "var": 0.84834253788
    },
    "spectral_spread": {
        "dmean": 724515.5,
        "dmean2": 989008.8125,
        "dvar": 938912645120,
        "dvar2": 1.58362121011e+12,
        "max": 42936620,
        "mean": 3804549.25,
        "median": 3080690,
        "min": 616381.75,
        "var": 1.07104373309e+13
    },
    "spectral_strongpeak": {
        "dmean": 0.435380846262,
        "dmean2": 0.725876152515,
        "dvar": 0.586496651173,
        "dvar2": 1.43790245056,
        "max": 12.6524829865,
        "mean": 0.936249196529,
        "median": 0.541759371758,
        "min": 0,
        "var": 1.14230680466
    },
    "zerocrossingrate": {
        "dmean": 0.00966261979192,
        "dmean2": 0.0106513174251,
        "dvar": 0.000179037946509,
        "dvar2": 0.000220683359657,
        "max": 0.8369140625,
        "mean": 0.0467821806669,
        "median": 0.03857421875,
        "min": 0.00244140625,
        "var": 0.00217376998626
    },
    "barkbands": {
        "dmean": [0.000219910943997, 0.00210330588743, 0.00191187101882, 0.00115730147809, 0.00157143874094, 0.00182145263534, 0.0017705737846, 0.00127285474446, 0.00126847426873, 0.000990457716398, 0.000780737551395, 0.000531849625986, 0.000451278610853, 0.000456360488897, 0.000304418150336, 0.000300228450214, 0.00015411899949, 0.00013920024503, 0.000115231661766, 0.000110435074021, 0.000113995563879, 8.86894995347e-05, 4.99966809002e-05, 7.28324157535e-05, 7.68708632677e-05, 6.20831706328e-05, 1.00690976979e-05],
        "dmean2": [0.000235544561292, 0.00299953017384, 0.003221900668, 0.00210493081249, 0.00255830865353, 0.00279720197432, 0.00283624045551, 0.00194903812371, 0.00199279701337, 0.00156438339036, 0.00122642167844, 0.000869838462677, 0.000728896004148, 0.000741699768696, 0.000501720467582, 0.000488328572828, 0.000248385535087, 0.000223971379455, 0.000184592136065, 0.000173757158336, 0.000179964627023, 0.000137235620059, 7.5495816418e-05, 0.000107524669147, 0.000114878523163, 8.92081370694e-05, 1.55408124556e-05],
        "dvar": [2.40375840121e-07, 3.38011777785e-05, 6.8283683504e-05, 2.10209145735e-05, 1.58779930644e-05, 1.41425780384e-05, 1.34753026941e-05, 6.11466384726e-06, 6.32034061709e-06, 7.67743222241e-06, 3.5283849229e-06, 1.7756917714e-06, 1.09071538645e-06, 1.58484090207e-06, 6.46806256555e-07, 7.56245924549e-07, 1.28961545443e-07, 1.12132234165e-07, 6.62405668095e-08, 7.90991947497e-08, 1.10681980914e-07, 4.96740568678e-08, 1.46786831579e-08, 3.09849959024e-08, 3.80536491207e-08, 2.31490808744e-08, 7.99354082925e-10],
        "dvar2": [2.67713659241e-07, 9.45153587963e-05, 0.000183447933523, 6.065407797e-05, 4.00884819101e-05, 3.16136647598e-05, 3.2806845411e-05, 1.33924631882e-05, 1.48262533912e-05, 1.92713105207e-05, 7.98720429884e-06, 4.45035539087e-06, 2.68610847343e-06, 3.83235328627e-06, 1.62653850566e-06, 1.77256811185e-06, 3.04635790371e-07, 2.66884399025e-07, 1.52459350033e-07, 1.90552071899e-07, 2.44986068765e-07, 1.09863073305e-07, 3.3607300054e-08, 6.83586165451e-08, 9.13552042903e-08, 5.16389278005e-08, 1.8829902082e-09],
        "max": [0.0115457894281, 0.151026338339, 0.107410505414, 0.0470117330551, 0.0745778530836, 0.0671332404017, 0.0946105569601, 0.0645866841078, 0.042298078537, 0.0717865228653, 0.0477117076516, 0.0305413622409, 0.0195915419608, 0.0354098752141, 0.0158221963793, 0.0231863576919, 0.0117596052587, 0.00531674548984, 0.0046923593618, 0.0040141758509, 0.00478247785941, 0.00315415672958, 0.00143655878492, 0.00160016352311, 0.00186680536717, 0.00142831297126, 0.000274175370578],
        "mean": [0.00134111987427, 0.0103001417592, 0.00201478670351, 0.000993978697807, 0.00267762085423, 0.00334379682317, 0.00296461046673, 0.00231024180539, 0.0020048127044, 0.00153305137064, 0.0012427441543, 0.000759755494073, 0.000602216168772, 0.000632169481833, 0.000379488337785, 0.000384380517062, 0.000214700688957, 0.00017656563432, 0.000152542444994, 0.000138216550113, 0.00012848355982, 0.000103116755781, 5.27098673047e-05, 7.67187884776e-05, 7.72707280703e-05, 6.90552697051e-05, 9.18048863241e-06],
        "median": [2.4694138574e-06, 0.00013546946866, 0.000141651486047, 7.67173914937e-05, 0.000508229015395, 0.0013176065404, 0.00113213248551, 0.00072759820614, 0.000761370640248, 0.000437146867625, 0.000438560382463, 0.000247277115704, 0.000247755873716, 0.000191169296158, 0.000133303794428, 0.000121470773593, 8.16490210127e-05, 6.4172592829e-05, 4.86609205836e-05, 3.96737814299e-05, 2.19035064219e-05, 1.28787942231e-05, 3.72262138626e-06, 4.450290362e-06, 2.44980810749e-06, 1.2381342458e-06, 3.79761750935e-08],
        "min": [4.78128841173e-25, 4.48903368876e-25, 1.56209082743e-24, 1.31529046703e-24, 5.34080368737e-24, 1.04846698275e-23, 1.19860661899e-23, 4.68529340729e-24, 2.34115504656e-23, 1.71645325582e-23, 1.37776024378e-23, 1.48914882355e-23, 2.59090288713e-23, 1.97035523791e-23, 5.83284952389e-23, 6.01278743419e-23, 8.79288851202e-23, 1.05402621176e-22, 1.63422495097e-22, 1.59965542527e-22, 2.66557715461e-22, 3.07196648611e-22, 4.85432790305e-22, 5.23450988688e-22, 9.5512410737e-22, 1.22358854382e-21, 1.94821572408e-21],
        "var": [6.23186497251e-06, 0.000228578122915, 5.03983210365e-05, 1.32498689709e-05, 3.31538540195e-05, 3.30932380166e-05, 3.13468553941e-05, 1.61582538567e-05, 1.11280314741e-05, 1.22553165056e-05, 7.63219304645e-06, 2.60654974227e-06, 1.34360823267e-06, 2.93785069516e-06, 8.10776896287e-07, 1.09445363705e-06, 2.35044623764e-07, 1.29561698259e-07, 9.24071414943e-08, 9.32560766387e-08, 1.27484170775e-07, 6.73971953802e-08, 1.65471512048e-08, 3.64146082177e-08, 4.05628028943e-08, 2.91909021399e-08, 8.01560151587e-10]
    },
    "erbbands": {
        "dmean": [0.0710754469037, 0.479237347841, 1.96095538139, 3.27249789238, 4.32125091553, 5.54104280472, 8.13341236115, 18.8111591339, 24.3092727661, 31.9722080231, 18.8249206543, 31.7300491333, 30.1115856171, 24.5982723236, 31.6888694763, 19.9171943665, 20.1353034973, 19.7250652313, 19.7628211975, 16.1609325409, 12.1715974808, 8.56752109528, 7.55520677567, 6.34486293793, 5.51061153412, 5.06868028641, 4.89340925217, 4.20398139954, 3.14044904709, 1.88572442532, 1.64320063591, 1.49351477623, 1.23387110233, 0.895420789719, 0.539634048939, 0.260777384043, 0.123239994049, 0.025240547955, 0.0014382727677, 3.56509444828e-05],
        "dmean2": [0.0747222900391, 0.75915068388, 3.21814036369, 5.94982242584, 7.36640548706, 9.09897136688, 13.0404090881, 28.8522815704, 39.0631561279, 49.3148918152, 29.6277313232, 49.4884490967, 47.6954345703, 37.8567810059, 50.3984832764, 32.0840950012, 32.2272262573, 31.8529777527, 31.8038673401, 26.1420574188, 19.5255508423, 13.6112852097, 12.1701955795, 10.3735952377, 8.60988998413, 7.96237564087, 7.77792453766, 6.6472697258, 4.94338083267, 2.90585207939, 2.46875452995, 2.24071478844, 1.82414650917, 1.34299123287, 0.814001500607, 0.377823114395, 0.180076405406, 0.0381595864892, 0.00217259908095, 5.27429183421e-05],
        "dvar": [0.0276701562107, 2.75410795212, 69.0478515625, 202.123382568, 172.736190796, 238.622375488, 338.149047852, 1662.75964355, 2572.66796875, 4015.85107422, 1432.22570801, 4352.51757812, 6512.48876953, 3241.95019531, 7365.51953125, 2153.84863281, 2026.0501709, 2229.15307617, 2833.54516602, 1759.93518066, 942.351745605, 394.754394531, 291.962249756, 234.483856201, 148.452362061, 179.703277588, 194.660980225, 141.911972046, 61.0018692017, 24.992401123, 15.5378656387, 13.1362037659, 9.1866350174, 5.21450996399, 1.93753445148, 0.419626533985, 0.0937764495611, 0.00432045198977, 1.60743766173e-05, 5.75743808184e-09],
        "dvar2": [0.0473392680287, 7.57603359222, 179.082839966, 582.467834473, 462.727996826, 588.459716797, 839.101379395, 3594.34082031, 6361.87158203, 9461.72558594, 3264.10693359, 10091.2412109, 16713.1972656, 7207.046875, 17966.7070312, 5198.02539062, 4960.65673828, 5444.33837891, 6811.90576172, 4292.37597656, 2195.69946289, 896.902893066, 683.852355957, 515.500976562, 335.496826172, 436.062438965, 443.682525635, 306.942199707, 131.610641479, 58.6463241577, 35.1924209595, 29.6672706604, 20.4571800232, 12.3755235672, 4.76644039154, 0.976289093494, 0.201936155558, 0.0101456474513, 3.72627546312e-05, 1.33468303076e-08],
        "max": [4.1753950119, 43.0543823242, 120.931922913, 146.268112183, 226.408538818, 389.467926025, 353.797729492, 798.137268066, 1231.86254883, 1251.18444824, 932.019165039, 1104.96203613, 1734.77893066, 1386.14575195, 2524.99584961, 1141.04284668, 909.529968262, 1252.10754395, 1573.67895508, 1166.14624023, 882.048156738, 615.955932617, 322.310668945, 227.442260742, 239.241409302, 199.646560669, 184.815536499, 187.885498047, 112.722564697, 80.8958435059, 45.8006095886, 44.9130210876, 33.4835510254, 21.2906646729, 13.5008926392, 6.56407737732, 2.85154771805, 0.661837458611, 0.0429558679461, 0.000777796492912],
        "mean": [0.469899922609, 1.56742858887, 2.59761595726, 2.93609976768, 5.67746591568, 9.13088607788, 14.3854188919, 34.7152938843, 41.5475845337, 57.7031173706, 34.0889205933, 50.2086105347, 47.2920227051, 41.5728340149, 48.9736557007, 31.7441158295, 29.8058948517, 28.5969905853, 27.9202423096, 22.1369075775, 16.3786411285, 12.4661626816, 10.0536899567, 8.19553375244, 7.71768045425, 6.38530683517, 5.35135602951, 4.99654722214, 3.74664163589, 1.99619460106, 1.74254441261, 1.54796004295, 1.30001223087, 0.898021280766, 0.541214704514, 0.28576374054, 0.136852502823, 0.0255555137992, 0.0013666281011, 6.52077651466e-05],
        "median": [0.00161366630346, 0.0653847157955, 0.251888811588, 0.388717621565, 0.541401565075, 1.82195615768, 4.59841632843, 14.1365127563, 16.9536590576, 22.3329257965, 15.1860408783, 19.4768047333, 18.1483211517, 14.5478391647, 19.1468467712, 11.8628330231, 13.37657547, 11.767950058, 9.77022075653, 7.92334079742, 6.15523529053, 4.86306095123, 3.83519697189, 2.87091398239, 2.41351127625, 1.87382435799, 1.15082299709, 0.744899511337, 0.505058705807, 0.201669096947, 0.120519608259, 0.101585581899, 0.0636357069016, 0.0321248322725, 0.0146290287375, 0.00648307427764, 0.00213681464083, 0.000293248653179, 3.09796305373e-05, 4.2008512537e-05],
        "min": [2.65656766888e-23, 2.67270795233e-22, 1.60558139888e-21, 1.23032130125e-20, 1.27809841332e-20, 1.65898115807e-20, 4.67770022476e-20, 8.89101091387e-20, 1.44361964496e-19, 1.12892744047e-19, 3.48955550585e-19, 6.36692808203e-19, 6.75117622403e-19, 7.57883453339e-19, 8.40802726278e-19, 8.62009103943e-19, 1.24015177414e-18, 1.42562438244e-18, 3.55779439087e-18, 3.46889915159e-18, 4.4356927555e-18, 5.90624369515e-18, 5.50036932962e-18, 7.20750012832e-18, 9.03859593592e-18, 7.39818842057e-18, 9.83058745804e-18, 9.48620239053e-18, 1.03109312397e-17, 1.09886957367e-17, 1.41409950244e-17, 1.00587412418e-17, 9.88340211297e-18, 9.27294199372e-18, 6.85603025886e-18, 3.70400807671e-18, 1.9899322696e-18, 9.22727211133e-19, 2.3711592378e-19, 2.82130336621e-20],
        "var": [0.613582134247, 7.90436315536, 61.6895217896, 120.706893921, 222.398483276, 493.196929932, 634.932922363, 4181.03857422, 5490.5625, 9440.03417969, 2884.21728516, 7505.99365234, 9052.02832031, 7572.984375, 12739.2275391, 3831.41162109, 2754.27514648, 3317.01098633, 4627.67578125, 2673.16040039, 1260.91015625, 758.248718262, 362.969482422, 297.915588379, 241.080322266, 207.028182983, 207.208328247, 184.964736938, 83.4794158936, 27.5154132843, 17.8781909943, 14.6675262451, 10.7655496597, 5.55577373505, 2.01186776161, 0.504836678505, 0.119012236595, 0.0046999482438, 1.67644793692e-05, 7.67659447121e-09]
    },
    "gfcc": {
        "mean": [-63.5977020264, 109.121765137, -139.767333984, -4.09428167343, -58.1149749756, -1.61755430698, -32.9265327454, 4.06475019455, -19.0834445953, 5.50008773804, -11.0687427521, 0.568232238293, -5.82082939148],
        "cov": [[28138.0605469, -2318.72900391, 1757.40808105, 2081.41479492, -1159.93103027, 1192.31018066, 73.4715652466, 1217.72595215, 239.388000488, 1404.05310059, 195.971435547, 758.505615234, -403.956817627], [-2318.72900391, 2801.53808594, -387.050170898, -108.615028381, 387.645874023, -417.772399902, 144.310134888, -321.268157959, 97.82006073, -377.471588135, 155.773574829, -251.885940552, 214.873657227], [1757.40808105, -387.050170898, 2320.7590332, 841.882080078, 381.863677979, 804.200439453, 7.95772171021, 455.860290527, 61.6256599426, 290.029937744, -30.9768714905, 220.601730347, -154.924194336], [2081.41479492, -108.615028381, 841.882080078, 1048.40356445, 283.412139893, 474.494506836, 277.406463623, 235.069381714, 204.65385437, 196.864883423, 106.581260681, 123.488822937, 27.8358669281], [-1159.93103027, 387.645874023, 381.863677979, 283.412139893, 626.497070312, 311.08114624, 255.47543335, 179.141281128, 128.03868103, 42.9919471741, 71.4263153076, 38.4551963806, 65.4764938354], [1192.31018066, -417.772399902, 804.200439453, 474.494506836, 311.08114624, 762.596130371, 230.097930908, 416.328399658, 159.279724121, 234.877700806, 70.8545303345, 152.287765503, -17.2498073578], [73.4715652466, 144.310134888, 7.95772171021, 277.406463623, 255.47543335, 230.097930908, 431.778320312, 190.322219849, 230.136947632, 124.936500549, 172.359985352, 78.5108337402, 114.41822052], [1217.72595215, -321.268157959, 455.860290527, 235.069381714, 179.141281128, 416.328399658, 190.322219849, 412.175598145, 176.897827148, 251.503768921, 101.327888489, 149.206756592, 19.7171344757], [239.388000488, 97.82006073, 61.6256599426, 204.65385437, 128.03868103, 159.279724121, 230.136947632, 176.897827148, 285.779266357, 172.794113159, 175.939804077, 80.2772293091, 99.4404678345], [1404.05310059, -377.471588135, 290.029937744, 196.864883423, 42.9919471741, 234.877700806, 124.936500549, 251.503768921, 172.794113159, 331.061065674, 150.474884033, 168.640579224, 28.7585144043], [195.971435547, 155.773574829, -30.9768714905, 106.581260681, 71.4263153076, 70.8545303345, 172.359985352, 101.327888489, 175.939804077, 150.474884033, 240.769439697, 109.800132751, 116.411170959], [758.505615234, -251.885940552, 220.601730347, 123.488822937, 38.4551963806, 152.287765503, 78.5108337402, 149.206756592, 80.2772293091, 168.640579224, 109.800132751, 186.559265137, 56.495388031], [-403.956817627, 214.873657227, -154.924194336, 27.8358669281, 65.4764938354, -17.2498073578, 114.41822052, 19.7171344757, 99.4404678345, 28.7585144043, 116.411170959, 56.495388031, 155.864105225]],
        "icov": [[9.69142929534e-05, -0.000130963308038, 0.000122229204862, -0.000290233409032, 0.000349121604813, -2.9905948395e-05, 1.64552784554e-05, -0.000321143568726, 0.000266411661869, -0.000379011005862, 0.000193179788766, -0.000313510478009, 0.000352937815478], [-0.000130963308038, 0.00105063710362, -0.000464755372377, 0.00048704596702, -0.00101599213667, 0.000544180453289, 1.86260713235e-05, 0.000504233408719, -0.000673549482599, 0.00151129497681, -0.00160085014068, 0.00176806631498, -0.00122154364362], [0.000122229204862, -0.000464755372377, 0.00141532707494, -0.00108762795571, 0.000121374658193, -0.000689258391503, 0.00102363573387, -0.000877043174114, 0.000427656428656, -0.000698833260685, 0.000786328397226, -0.00180379755329, 0.00171338871587], [-0.000290233409032, 0.00048704596702, -0.00108762795571, 0.00285066617653, -0.00100274314173, -0.000511173740961, -0.00113006867468, 0.00220110756345, -0.0015321825631, 0.000786751275882, -0.000374506111257, 0.00117161276285, -0.00141062156763], [0.000349121604813, -0.00101599213667, 0.000121374658193, -0.00100274314173, 0.00437325332314, -0.000970916473307, -0.00136955501512, -0.00146507809404, 0.00128363631666, -0.00121928751469, 0.0014870291343, -0.00112506665755, 0.000554493628442], [-2.9905948395e-05, 0.000544180453289, -0.000689258391503, -0.000511173740961, -0.000970916473307, 0.00461315922439, -0.000682777026668, -0.00310139195062, 0.000180650546099, 0.00107913115062, -0.000670402834658, 0.000425279635238, 0.000422639219323], [1.64552784554e-05, 1.86260713235e-05, 0.00102363573387, -0.00113006867468, -0.00136955501512, -0.000682777026668, 0.00646862527356, -0.00141847517807, -0.00226751202717, 0.00105490302667, -0.00156488979701, -0.000206964090466, -0.000337274046615], [-0.000321143568726, 0.000504233408719, -0.000877043174114, 0.00220110756345, -0.00146507809404, -0.00310139195062, -0.00141847517807, 0.0105727035552, -0.00315465521999, -0.00235761445947, 0.00128374050837, -0.000363509723684, -0.00119563774206], [0.000266411661869, -0.000673549482599, 0.000427656428656, -0.0015321825631, 0.00128363631666, 0.000180650546099, -0.00226751202717, -0.00315465521999, 0.0120319500566, -0.00474345777184, -0.00273817917332, 0.00289124296978, -0.00194188882597], [-0.000379011005862, 0.00151129497681, -0.000698833260685, 0.000786751275882, -0.00121928751469, 0.00107913115062, 0.00105490302667, -0.00235761445947, -0.00474345777184, 0.0134973404929, -0.00539086014032, -0.002847826574, 0.0018490513321], [0.000193179788766, -0.00160085014068, 0.000786328397226, -0.000374506111257, 0.0014870291343, -0.000670402834658, -0.00156488979701, 0.00128374050837, -0.00273817917332, -0.00539086014032, 0.0147279417142, -0.00565706100315, -0.00236428296193], [-0.000313510478009, 0.00176806631498, -0.00180379755329, 0.00117161276285, -0.00112506665755, 0.000425279635238, -0.000206964090466, -0.000363509723684, 0.00289124296978, -0.002847826574, -0.00565706100315, 0.0177424028516, -0.00805956684053], [0.000352937815478, -0.00122154364362, 0.00171338871587, -0.00141062156763, 0.000554493628442, 0.000422639219323, -0.000337274046615, -0.00119563774206, -0.00194188882597, 0.0018490513321, -0.00236428296193, -0.00805956684053, 0.0167671255767]]
    },
    "melbands": {
        "dmean": [0.00055688834982, 0.000875952420756, 0.000588037713896, 0.000338997429935, 0.000283363217022, 0.000408099382184, 0.000359686993761, 0.00034875961137, 0.00015476027329, 0.000203428644454, 0.000155048561282, 0.000107167987153, 0.000100016921351, 6.13634474576e-05, 5.63102257729e-05, 4.7338213335e-05, 3.92655092583e-05, 3.66429921996e-05, 2.33716891671e-05, 2.57981700997e-05, 1.23888585222e-05, 1.0222871424e-05, 6.63958962832e-06, 6.87870669935e-06, 5.249498372e-06, 4.26796441388e-06, 3.95058350477e-06, 3.42315661328e-06, 3.06975675812e-06, 2.89542094833e-06, 2.46306308327e-06, 1.88562523817e-06, 1.58136344908e-06, 7.51067318561e-07, 8.57973986967e-07, 1.06702873381e-06, 8.84413566382e-07, 8.57385828112e-07, 8.50825415455e-07, 7.24256778994e-07],
        "dmean2": [0.000706456776243, 0.00141994236037, 0.0010517333867, 0.000559471838642, 0.000452617532574, 0.000626292661764, 0.00057568406919, 0.000533385435119, 0.000244592229137, 0.000318883510772, 0.000246473238803, 0.000165377627127, 0.000158482638653, 9.9122953543e-05, 9.09507361939e-05, 7.64876167523e-05, 6.41280712443e-05, 5.92447831878e-05, 3.85336825275e-05, 4.18372474087e-05, 2.01321545319e-05, 1.63594559126e-05, 1.07314363049e-05, 1.12602538138e-05, 8.62776869326e-06, 6.83098187437e-06, 6.18776493866e-06, 5.49943615624e-06, 4.92462095281e-06, 4.66567416879e-06, 3.92861784348e-06, 3.00336091641e-06, 2.47654634222e-06, 1.17869581118e-06, 1.29257750814e-06, 1.63064453318e-06, 1.33429739435e-06, 1.27849193632e-06, 1.26717941384e-06, 1.09847383101e-06],
        "dvar": [1.76972991994e-06, 1.24637399495e-05, 5.53606241738e-06, 8.64127343903e-07, 4.06840086953e-07, 7.11649704499e-07, 5.47817535335e-07, 4.56061599152e-07, 1.0637334924e-07, 1.80201851663e-07, 1.77251749278e-07, 6.68846311669e-08, 6.42540243234e-08, 2.68680082627e-08, 2.25308287582e-08, 1.32082798032e-08, 1.03239896632e-08, 1.1606463346e-08, 4.00411881429e-09, 6.4602394545e-09, 1.14268194906e-09, 6.3989763488e-10, 2.06648628764e-10, 3.10228176481e-10, 1.6429277383e-10, 9.06417371715e-11, 8.29220789256e-11, 9.24020998605e-11, 7.39916947157e-11, 7.4547396034e-11, 5.01066688141e-11, 1.99014936475e-11, 2.11937516148e-11, 3.70115917081e-12, 4.25929994399e-12, 7.21498642081e-12, 4.61695178616e-12, 4.55482223119e-12, 4.53225824926e-12, 3.53398495363e-12],
        "dvar2": [4.21895583713e-06, 3.24297470797e-05, 1.5870849893e-05, 2.22037942876e-06, 1.00777481293e-06, 1.58647844728e-06, 1.35811819746e-06, 1.05128629002e-06, 2.41432474013e-07, 4.13246112885e-07, 4.52663812212e-07, 1.53936923653e-07, 1.53211246356e-07, 6.94441695259e-08, 5.73836800299e-08, 3.15405266349e-08, 2.5067999232e-08, 2.76432139401e-08, 9.82247438941e-09, 1.52236481199e-08, 2.77186562592e-09, 1.44271972147e-09, 4.91551244153e-10, 7.58217544305e-10, 3.65383751033e-10, 2.13407944094e-10, 1.87488150005e-10, 2.32351193841e-10, 1.67375724391e-10, 1.83208226368e-10, 1.06699253599e-10, 4.37947039744e-11, 5.02872778141e-11, 8.84957038205e-12, 9.67361607485e-12, 1.70957588363e-11, 1.04059044367e-11, 1.03011774458e-11, 1.03024004258e-11, 8.53605727769e-12],
        "max": [0.0307911690325, 0.0645868554711, 0.0243395902216, 0.0190058182925, 0.0142665728927, 0.0162122678012, 0.0160823259503, 0.0153968054801, 0.00625310465693, 0.00672845588997, 0.00907587539405, 0.00573662156239, 0.00667141005397, 0.00407269364223, 0.00386754493229, 0.00260989717208, 0.00246241013519, 0.00356837944128, 0.00138327933382, 0.002403866034, 0.00114420708269, 0.00088642409537, 0.00022217501828, 0.000312988762744, 0.00018110871315, 0.000158046255819, 0.000199992471607, 0.000153553613927, 0.000117524272355, 0.000116337549116, 0.000119143245684, 6.23081577942e-05, 8.9271023171e-05, 2.77590152109e-05, 2.70187447313e-05, 3.75823547074e-05, 2.16422140511e-05, 2.67884497589e-05, 2.66871084023e-05, 1.9347482521e-05],
        "mean": [0.00336080254056, 0.00161918555386, 0.000585872679949, 0.000532640959136, 0.000514596118592, 0.000754781649448, 0.000614300428424, 0.000628115492873, 0.000261677691014, 0.000316004996421, 0.000236675419728, 0.000173474210897, 0.000156625246746, 9.18287914828e-05, 8.08999757282e-05, 6.25777101959e-05, 5.3356106946e-05, 4.98832851008e-05, 2.90115713142e-05, 3.27955458488e-05, 1.55389552674e-05, 1.41316386362e-05, 8.85047211341e-06, 8.40097618493e-06, 6.41138194624e-06, 5.6028693507e-06, 5.27602514921e-06, 4.02318619308e-06, 3.31457522407e-06, 3.01510635836e-06, 2.97250494441e-06, 2.22213839152e-06, 1.70613827777e-06, 7.61080343636e-07, 9.0519239393e-07, 1.0814851521e-06, 9.11048971375e-07, 9.050129961e-07, 8.66407845024e-07, 7.17257421456e-07],
        "median": [2.32858183153e-05, 0.000306168280076, 8.24564704089e-05, 7.6927455666e-05, 0.000167743157363, 0.000321068393532, 0.000243342656177, 0.000224361516302, 0.000107301049866, 0.000114455309813, 7.86591990618e-05, 5.33846905455e-05, 5.86449968978e-05, 3.64129446098e-05, 2.6592912036e-05, 2.40299032157e-05, 1.8752496544e-05, 1.48537819769e-05, 9.51052788878e-06, 9.59857425187e-06, 5.86829219174e-06, 5.17676016898e-06, 3.41172335538e-06, 2.85260239252e-06, 2.07372454497e-06, 1.75633783783e-06, 1.43441525324e-06, 1.08962865397e-06, 7.12749965714e-07, 5.01950466969e-07, 3.70095847302e-07, 3.02359694615e-07, 1.89684925544e-07, 6.68747759391e-08, 6.42974313791e-08, 6.87916212883e-08, 5.82582657671e-08, 4.74138417417e-08, 3.22689750476e-08, 2.40965114529e-08],
        "min": [2.49032023251e-25, 1.062308987e-24, 2.09398749113e-24, 1.48811125452e-24, 1.451345899e-24, 2.39527319236e-24, 3.09566847465e-24, 9.9759606454e-25, 3.0276801031e-24, 4.04654405487e-24, 2.99522222394e-24, 2.26965084029e-24, 2.99755922438e-24, 3.06812283235e-24, 2.53172581579e-24, 1.79915901084e-24, 2.11610616484e-24, 3.14164742973e-24, 4.27435919568e-24, 3.9297914576e-24, 5.07566950928e-24, 5.07718372779e-24, 3.77606021654e-24, 4.86398341853e-24, 5.37277227556e-24, 5.35343216717e-24, 6.46534778473e-24, 4.50079028004e-24, 4.60573875715e-24, 4.3427447587e-24, 5.34413425812e-24, 5.46957891926e-24, 4.81007029768e-24, 5.38774682769e-24, 6.40972086357e-24, 7.04892736089e-24, 5.6422124509e-24, 6.18188639566e-24, 6.83860521065e-24, 6.37242470326e-24],
        "var": [2.65998351097e-05, 1.42915951074e-05, 3.54879102815e-06, 1.54624410698e-06, 8.41438009047e-07, 1.73943806203e-06, 1.23398274354e-06, 1.12617692594e-06, 1.99822466129e-07, 3.13635922566e-07, 2.54103156294e-07, 1.40824894856e-07, 1.19419070188e-07, 3.4477892541e-08, 3.62681831234e-08, 1.68315494875e-08, 1.58216053592e-08, 2.04796251069e-08, 5.4506150704e-09, 9.73474101329e-09, 1.2336824895e-09, 1.3130586618e-09, 2.66081573441e-10, 3.32829513949e-10, 2.0421793423e-10, 1.2958996376e-10, 1.31061023145e-10, 9.47664099971e-11, 7.89332349482e-11, 7.21655235569e-11, 7.27516935584e-11, 2.77895900735e-11, 2.35219812378e-11, 3.86474142619e-12, 4.90095073899e-12, 7.48010334228e-12, 5.16304924161e-12, 5.21846715146e-12, 5.08973765911e-12, 3.65374223932e-12]
    },
    "mfcc": {
        "mean": [-692.538024902, 141.989181519, -23.6925830841, 1.562972188, -10.816072464, -5.45242786407, -5.54249811172, -6.31529903412, -1.46655750275, -1.4086432457, -1.92565011978, 1.1250385046, -0.162228256464],
        "cov": [[14556.6845703, 93.9978942871, 998.963745117, 830.144775391, 111.488296509, 303.421325684, 280.46585083, 262.368774414, 305.959197998, 479.096466064, 599.446472168, 604.397949219, 337.525115967], [93.9978942871, 2303.40917969, -118.765975952, 272.432373047, 7.90806007385, -96.770072937, -54.0575675964, -68.2072372437, -74.0182266235, -65.2107315063, -63.8375053406, -30.1933631897, -25.7088623047], [998.963745117, -118.765975952, 1434.24084473, 394.99130249, 559.811462402, 399.962402344, 255.161773682, 265.295349121, 189.346405029, 129.41204834, 159.130889893, 157.332702637, 54.2345924377], [830.144775391, 272.432373047, 394.99130249, 672.48059082, 275.338287354, 269.202697754, 189.538772583, 154.540222168, 143.588134766, 94.4484100342, 107.235877991, 92.4792785645, 60.590007782], [111.488296509, 7.90806007385, 559.811462402, 275.338287354, 505.012939453, 302.386047363, 238.709823608, 215.322677612, 169.515350342, 123.08681488, 102.692131042, 88.2266921997, 51.7338829041], [303.421325684, -96.770072937, 399.962402344, 269.202697754, 302.386047363, 386.541870117, 256.957733154, 227.643066406, 185.307144165, 143.105682373, 134.887680054, 101.805297852, 71.150428772], [280.46585083, -54.0575675964, 255.161773682, 189.538772583, 238.709823608, 256.957733154, 313.647613525, 236.256362915, 175.916259766, 146.422348022, 126.746551514, 106.836860657, 83.7100219727], [262.368774414, -68.2072372437, 265.295349121, 154.540222168, 215.322677612, 227.643066406, 236.256362915, 277.258453369, 188.222702026, 148.704574585, 126.927825928, 100.296859741, 75.2921600342], [305.959197998, -74.0182266235, 189.346405029, 143.588134766, 169.515350342, 185.307144165, 175.916259766, 188.222702026, 219.059204102, 164.169998169, 124.001708984, 100.657676697, 79.2144851685], [479.096466064, -65.2107315063, 129.41204834, 94.4484100342, 123.08681488, 143.105682373, 146.422348022, 148.704574585, 164.169998169, 217.159881592, 154.948257446, 115.203041077, 93.2375183105], [599.446472168, -63.8375053406, 159.130889893, 107.235877991, 102.692131042, 134.887680054, 126.746551514, 126.927825928, 124.001708984, 154.948257446, 192.664749146, 148.343170166, 97.6522598267], [604.397949219, -30.1933631897, 157.332702637, 92.4792785645, 88.2266921997, 101.805297852, 106.836860657, 100.296859741, 100.657676697, 115.203041077, 148.343170166, 191.516967773, 127.067764282], [337.525115967, -25.7088623047, 54.2345924377, 60.590007782, 51.7338829041, 71.150428772, 83.7100219727, 75.2921600342, 79.2144851685, 93.2375183105, 97.6522598267, 127.067764282, 166.653045654]],
