{
"lowlevel": {
    "average_loudness": 0.887375950813,
    "barkbands_crest": {
        "dmean": 3.66271114349,
        "dmean2": 5.50895214081,
        "dvar": 12.2951288223,
        "dvar2": 23.9504699707,
        "max": 26.6003093719,
        "mean": 12.7327079773,
        "median": 11.857252121,
        "min": 2.31476783752,
        "var": 32.4469032288
    },
    "barkbands_flatness_db": {
        "dmean": 0.0405418798327,
        "dmean2": 0.0560990720987,
        "dvar": 0.0016900798073,
        "dvar2": 0.00337620452046,
        "max": 0.474860757589,
        "mean": 0.189205169678,
        "median": 0.182524964213,
        "min": 0.0160530451685,
        "var": 0.00684880046174
    },
    "barkbands_kurtosis": {
        "dmean": 12.1611814499,
        "dmean2": 18.7300739288,
        "dvar": 1278.64245605,
        "dvar2": 2882.28833008,
        "max": 859.458679199,
        "mean": 13.1801958084,
        "median": 2.51923251152,
        "min": -1.93617105484,
        "var": 1509.39733887
    },
    "barkbands_skewness": {
        "dmean": 1.16501712799,
        "dmean2": 1.700278759,
        "dvar": 2.64917063713,
        "dvar2": 5.53132629395,
        "max": 28.0551395416,
        "mean": 2.06320023537,
        "median": 1.43395972252,
        "min": -2.82693195343,
        "var": 6.38906812668
    },
    "barkbands_spread": {
        "dmean": 8.37239265442,
        "dmean2": 13.1436281204,
        "dvar": 162.709396362,
        "dvar2": 381.987701416,
        "max": 116.984451294,
        "mean": 16.8414077759,
        "median": 12.869764328,
        "min": 0.311053514481,
        "var": 223.140838623
    },
    "dissonance": {
        "dmean": 0.0247636176646,
        "dmean2": 0.0406902395189,
        "dvar": 0.00069825904211,
        "dvar2": 0.00180936022662,
        "max": 0.499999970198,
        "mean": 0.454160779715,
        "median": 0.466322690248,
        "min": 0.193502873182,
        "var": 0.00165471795481
    },
    "dynamic_complexity": 3.86814665794,
    "erbbands_crest": {
        "dmean": 2.94837498665,
        "dmean2": 4.68009805679,
        "dvar": 8.06744766235,
        "dvar2": 18.9019165039,
        "max": 32.2491531372,
        "mean": 10.2082586288,
        "median": 9.08014297485,
        "min": 2.35922718048,
        "var": 26.0584487915
    },
    "erbbands_flatness_db": {
        "dmean": 0.0276206899434,
        "dmean2": 0.0377927832305,
        "dvar": 0.00078548718011,
        "dvar2": 0.00150633067824,
        "max": 0.525911808014,
        "mean": 0.195239827037,
        "median": 0.185362100601,
        "min": 0.0342001467943,
        "var": 0.00867238733917
    },
    "erbbands_kurtosis": {
        "dmean": 1.82374358177,
        "dmean2": 2.78664803505,
        "dvar": 12.2504711151,
        "dvar2": 25.1784687042,
        "max": 75.7397918701,
        "mean": 1.64185678959,
        "median": 0.217978358269,
        "min": -1.82442462444,
        "var": 26.0924701691
    },
    "erbbands_skewness": {
        "dmean": 0.546953678131,
        "dmean2": 0.814530551434,
        "dvar": 0.336576044559,
        "dvar2": 0.727096676826,
        "max": 7.42091846466,
        "mean": 0.346667736769,
        "median": 0.23564645648,
        "min": -3.9766690731,
        "var": 1.21358597279
    },
    "erbbands_spread": {
        "dmean": 12.1816396713,
        "dmean2": 18.09025383,
        "dvar": 253.484985352,
        "dvar2": 548.619445801,
        "max": 172.623977661,
        "mean": 35.8325691223,
        "median": 28.2534675598,
        "min": 1.38115370274,
        "var": 778.614562988
    },
    "hfc": {
        "dmean": 13.1854133606,
        "dmean2": 20.7621021271,
        "dvar": 752.455688477,
        "dvar2": 1983.63977051,
        "max": 380.459350586,
        "mean": 18.5963439941,
        "median": 8.80617523193,
        "min": 1.08988172692e-16,
        "var": 770.597839355
    },
    "melbands_crest": {
        "dmean": 4.0847992897,
        "dmean2": 6.45950555801,
        "dvar": 16.939907074,
        "dvar2": 35.0245895386,
        "max": 37.2425804138,
        "mean": 16.0235385895,
        "median": 15.2230758667,
        "min": 1.48310005665,
        "var": 50.9511566162
    },
    "melbands_flatness_db": {
        "dmean": 0.0471393838525,
        "dmean2": 0.0653484836221,
        "dvar": 0.00243818690069,
        "dvar2": 0.00476830406114,
        "max": 0.578846871853,
        "mean": 0.24730271101,
        "median": 0.241270601749,
        "min": 0.00176580285188,
        "var": 0.0100164664909
    },
    "melbands_kurtosis": {
        "dmean": 26.8539276123,
        "dmean2": 41.0575256348,
        "dvar": 4603.39160156,
        "dvar2": 9872.43457031,
        "max": 1218.02038574,
        "mean": 34.4462547302,
        "median": 6.69306135178,
        "min": -1.80156517029,
        "var": 7418.47070312
    },
    "melbands_skewness": {
        "dmean": 1.45667386055,
        "dmean2": 2.09416747093,
        "dvar": 3.96745753288,
        "dvar2": 7.91196632385,
        "max": 27.6441040039,
        "mean": 3.28203511238,
        "median": 2.16190457344,
        "min": -1.56276893616,
        "var": 12.0797643661
    },
    "melbands_spread": {
        "dmean": 8.33781909943,
        "dmean2": 13.0536270142,
        "dvar": 134.212188721,
        "dvar2": 307.980499268,
        "max": 168.316864014,
        "mean": 19.8872051239,
        "median": 13.6639289856,
        "min": 0.291097998619,
        "var": 508.528411865
    },
    "pitch_salience": {
        "dmean": 0.101988904178,
        "dmean2": 0.154619336128,
        "dvar": 0.0109062958509,
        "dvar2": 0.022213216871,
        "max": 0.985083281994,
        "mean": 0.502509772778,
        "median": 0.527296960354,
        "min": 0.0453687347472,
        "var": 0.0284805912524
    },
    "silence_rate_20dB": {
        "dmean": 0,
        "dmean2": 0,
        "dvar": 0,
        "dvar2": 0,
        "max": 1,
        "mean": 1,
        "median": 1,
        "min": 1,
        "var": 0
    },
    "silence_rate_30dB": {
        "dmean": 0.0923201516271,
        "dmean2": 0.184665232897,
        "dvar": 0.0837998613715,
        "dvar2": 0.181065320969,
        "max": 1,
        "mean": 0.908367097378,
        "median": 1,
        "min": 0,
        "var": 0.0832406803966
    },
    "silence_rate_60dB": {
        "dmean": 0.0534485094249,
        "dmean2": 0.106911450624,
        "dvar": 0.0505939386785,
        "dvar2": 0.11248908937,
        "max": 1,
        "mean": 0.18245613575,
        "median": 0,
        "min": 0,
        "var": 0.149146333337
    },
    "spectral_centroid": {
        "dmean": 333.008636475,
        "dmean2": 508.127929688,
        "dvar": 153226.671875,
        "dvar2": 360825.4375,
        "max": 11531.8398438,
        "mean": 1366.38134766,
        "median": 1098.39135742,
        "min": 132.902389526,
        "var": 2241928.25
    },
    "spectral_complexity": {
        "dmean": 4.80847597122,
        "dmean2": 7.15469741821,
        "dvar": 39.2304878235,
        "dvar2": 81.967010498,
        "max": 55,
        "mean": 13.6885290146,
        "median": 11,
        "min": 0,
        "var": 106.568664551
    },
    "spectral_decrease": {
        "dmean": 5.1720530081e-09,
        "dmean2": 7.47950767988e-09,
        "dvar": 6.98839173002e-17,
        "dvar2": 1.5447469561e-16,
        "max": 1.73652424364e-28,
        "mean": -9.06003361223e-09,
        "median": -4.42113501364e-09,
        "min": -6.24624121315e-08,
        "var": 1.35851935111e-16
    },
    "spectral_energy": {
        "dmean": 0.0200433973223,
        "dmean2": 0.0286559611559,
        "dvar": 0.00100346887484,
        "dvar2": 0.00221330439672,
        "max": 0.240169718862,
        "mean": 0.0358814261854,
        "median": 0.0181825011969,
        "min": 1.0056632474e-20,
        "var": 0.00203347578645
    },
    "spectral_energyband_high": {
        "dmean": 0.000755232176743,
        "dmean2": 0.00127396453172,
        "dvar": 4.79298796563e-06,
        "dvar2": 1.25411170302e-05,
        "max": 0.0311063975096,
        "mean": 0.00070248299744,
        "median": 9.04619155335e-05,
        "min": 6.89243560207e-21,
        "var": 3.98818883696e-06
    },
    "spectral_energyband_low": {
        "dmean": 0.0165118295699,
        "dmean2": 0.0245566852391,
        "dvar": 0.000958592572715,
        "dvar2": 0.00206179148518,
        "max": 0.223888248205,
        "mean": 0.022878896445,
        "median": 0.00253610312939,
        "min": 8.38495007858e-24,
        "var": 0.00158607959747
    },
    "spectral_energyband_middle_high": {
        "dmean": 0.00255391094834,
        "dmean2": 0.00385875394568,
        "dvar": 1.94881286006e-05,
        "dvar2": 4.38671522716e-05,
        "max": 0.0903115049005,
        "mean": 0.00435103662312,
        "median": 0.00186629884411,
        "min": 1.15880612508e-21,
        "var": 3.65567357221e-05
    },
    "spectral_energyband_middle_low": {
        "dmean": 0.0059450273402,
        "dmean2": 0.00983595661819,
        "dvar": 0.000209301098948,
        "dvar2": 0.000572609598748,
        "max": 0.146703854203,
        "mean": 0.00900022871792,
        "median": 0.00467604026198,
        "min": 1.24106084099e-22,
        "var": 0.000197718109121
    },
    "spectral_entropy": {
        "dmean": 0.274758368731,
        "dmean2": 0.384312659502,
        "dvar": 0.0887396261096,
        "dvar2": 0.179861098528,
        "max": 9.82378864288,
        "mean": 7.41484689713,
        "median": 7.44262123108,
        "min": 4.94121408463,
        "var": 0.499042242765
    },
    "spectral_flux": {
        "dmean": 0.0498662628233,
        "dmean2": 0.0800694078207,
        "dvar": 0.00411485880613,
        "dvar2": 0.00940707977861,
        "max": 0.461440771818,
        "mean": 0.100205846131,
        "median": 0.0686786919832,
        "min": 6.38942371234e-11,
        "var": 0.0086492979899
    },
    "spectral_kurtosis": {
        "dmean": 3.30031895638,
        "dmean2": 5.47060394287,
        "dvar": 24.338098526,
        "dvar2": 69.3602752686,
        "max": 123.936408997,
        "mean": 6.78238868713,
        "median": 5.03402900696,
        "min": -1.28055274487,
        "var": 67.9186477661
    },
    "spectral_rms": {
        "dmean": 0.00138786353637,
        "dmean2": 0.00186038028914,
        "dvar": 2.98070131066e-06,
        "dvar2": 5.79578136239e-06,
        "max": 0.0153072504327,
        "mean": 0.00484936172143,
        "median": 0.00421177223325,
        "min": 3.13230734753e-12,
        "var": 1.14898275569e-05
    },
    "spectral_rolloff": {
        "dmean": 740.538513184,
        "dmean2": 1288.34484863,
        "dvar": 3226623.75,
        "dvar2": 8338801,
        "max": 19573.6816406,
        "mean": 1671.77600098,
        "median": 1012.06054688,
        "min": 64.599609375,
        "var": 8760348
    },
    "spectral_skewness": {
        "dmean": 0.377603799105,
        "dmean2": 0.588144958019,
        "dvar": 0.159532666206,
        "dvar2": 0.408007889986,
        "max": 8.829246521,
        "mean": 1.7626336813,
        "median": 1.69258022308,
        "min": -0.220962181687,
        "var": 0.699438750744
    },
    "spectral_spread": {
        "dmean": 915801.9375,
        "dmean2": 1339534,
        "dvar": 1.75872383386e+12,
        "dvar2": 3.44138684826e+12,
        "max": 48863600,
        "mean": 5114348,
        "median": 3749370.5,
        "min": 701528.4375,
        "var": 3.09416469463e+13
    },
    "spectral_strongpeak": {
        "dmean": 0.503262460232,
        "dmean2": 0.824034333229,
        "dvar": 0.805592417717,
        "dvar2": 2.02146911621,
        "max": 11.4604740143,
        "mean": 0.92435002327,
        "median": 0.566764712334,
        "min": 0,
        "var": 1.32337582111
    },
    "zerocrossingrate": {
        "dmean": 0.0157003942877,
        "dmean2": 0.0186971239746,
        "dvar": 0.000509254285134,
        "dvar2": 0.000769479374867,
        "max": 0.74560546875,
        "mean": 0.0620847307146,
        "median": 0.046875,
        "min": 0.001953125,
        "var": 0.00535700563341
    },
    "barkbands": {
        "dmean": [0.000475459324662, 0.0128751890734, 0.00657955091447, 0.00220908573829, 0.002462484641, 0.000728702172637, 0.00064305862179, 0.000531525409315, 0.000684094033204, 0.000413833389757, 0.000349778158125, 0.00044181861449, 0.000260238099145, 0.000443632452516, 0.000383285718272, 0.000366448715795, 0.000420753436629, 0.000223911119974, 0.000136728602229, 6.98777075741e-05, 8.82021413418e-05, 9.96789385681e-05, 9.63322454481e-05, 9.33787596296e-05, 8.3026374341e-05, 0.000216530941543, 7.6141594036e-05],
        "dmean2": [0.000755760760512, 0.0192565862089, 0.0116522042081, 0.00415800418705, 0.00413311552256, 0.00109083461575, 0.000956774398219, 0.000825237773824, 0.00097482604906, 0.000634607975371, 0.000536580279004, 0.000676629599184, 0.000407823303249, 0.000696491159033, 0.000623069703579, 0.000596052734181, 0.000692070403602, 0.000360674428521, 0.000216101150727, 0.000111262146675, 0.000146224876516, 0.000163068660186, 0.000162753334735, 0.000155859961524, 0.000142976903589, 0.000380721961847, 0.000135375972604],
        "dvar": [1.79420737823e-06, 0.000654563191347, 0.000419140065787, 6.10975475865e-05, 5.04260169691e-05, 2.54496080743e-06, 3.6728890791e-06, 2.34615959016e-06, 5.83787777941e-06, 1.43917145579e-06, 1.46044499161e-06, 2.79846176454e-06, 3.45573852201e-07, 1.18478556033e-06, 9.2258147788e-07, 6.13502493252e-07, 8.76160640928e-07, 2.75120555671e-07, 1.05750828538e-07, 2.92337603014e-08, 5.49044294473e-08, 6.2919347954e-08, 6.41665707235e-08, 6.57444019225e-08, 7.42886712146e-08, 7.795433703e-07, 9.44570857087e-08],
        "dvar2": [4.12961071561e-06, 0.00133777630981, 0.00114577682689, 0.000178295638761, 0.000133452384034, 5.2764571592e-06, 6.46916032565e-06, 4.97677774547e-06, 8.85735244083e-06, 2.74682815871e-06, 3.32986724061e-06, 5.4887659644e-06, 7.31808768251e-07, 2.59166972683e-06, 2.30448222283e-06, 1.52126233388e-06, 2.18687387132e-06, 6.694136232e-07, 2.33804598793e-07, 7.23785618106e-08, 1.37304851933e-07, 1.46003074519e-07, 1.54582735945e-07, 1.64965911154e-07, 1.99318222371e-07, 2.12674740396e-06, 2.58065057324e-07],
        "max": [0.0206902138889, 0.219219580293, 0.151602298021, 0.0659105628729, 0.0988424271345, 0.0343016944826, 0.0648123398423, 0.0582527443767, 0.108424380422, 0.0264716725796, 0.0380071699619, 0.0692850127816, 0.0201982520521, 0.0189377367496, 0.0181535799056, 0.00959593057632, 0.0158143751323, 0.0129473414272, 0.0106370206922, 0.00652865041047, 0.00457431236282, 0.00414674635977, 0.00510644773021, 0.00468708062544, 0.00432811444625, 0.0135654918849, 0.00433113100007],
        "mean": [0.000593533506617, 0.015661817044, 0.00567394308746, 0.00163095782045, 0.00281372782774, 0.00132423650939, 0.00103455234785, 0.000753629079554, 0.00122635962907, 0.000609047245234, 0.000484108604724, 0.00066042796243, 0.000351699651219, 0.000662616279442, 0.000430815591244, 0.000377009768272, 0.00043325839215, 0.000248954253038, 0.000165380086401, 8.25423048809e-05, 0.000101048848592, 0.000106581996079, 9.51877809712e-05, 8.76128760865e-05, 7.10536842234e-05, 0.000150753548951, 5.04515155626e-05],
        "median": [3.48955582012e-05, 0.000195578788407, 0.000257772975601, 0.000185019220226, 0.000850126962177, 0.000267219205853, 0.000323905493133, 0.000146696867887, 0.00032738270238, 0.000129536580062, 9.28048393689e-05, 0.000122739584185, 0.000102071950096, 0.000140921067214, 8.2720638602e-05, 7.60392722441e-05, 6.51775044389e-05, 4.2166604544e-05, 3.39884863934e-05, 1.64074226632e-05, 1.77909860213e-05, 1.62865817401e-05, 9.12016730581e-06, 5.97338066655e-06, 4.7084495236e-06, 2.89429158329e-06, 1.54977684019e-07],
        "min": [6.09183831776e-25, 1.45673352315e-24, 2.56072187748e-25, 3.19468180883e-25, 3.19218126767e-24, 6.7614972126e-24, 7.49902378328e-24, 7.03160003111e-24, 4.99467834343e-24, 1.3302911699e-23, 1.07516392905e-23, 3.32878886283e-23, 2.53296420908e-23, 3.44685073254e-23, 5.56664620261e-23, 6.69107907058e-23, 6.02010743231e-23, 8.97801523381e-23, 1.14680433215e-22, 1.59238705021e-22, 2.02819735938e-22, 2.81516992092e-22, 3.90890145842e-22, 5.69229962791e-22, 8.1535804883e-22, 1.28817557749e-21, 1.92780358843e-21],
        "var": [2.95594804811e-06, 0.000941203499679, 0.000278304039966, 3.41019804182e-05, 4.15832837461e-05, 8.02150225354e-06, 8.19637807581e-06, 5.07429513164e-06, 1.72561849467e-05, 2.77901835943e-06, 1.95373331735e-06, 5.34315586265e-06, 6.58537089748e-07, 2.61526429313e-06, 1.00524641766e-06, 6.943236599e-07, 9.74735257842e-07, 3.28137502947e-07, 1.54993585966e-07, 3.54838469718e-08, 6.51164810961e-08, 8.44469596473e-08, 7.6736519361e-08, 6.78237483953e-08, 5.40413225281e-08, 5.04176966842e-07, 6.06204650921e-08]
    },
    "erbbands": {
        "dmean": [0.374478310347, 2.99851322174, 7.1901102066, 7.75913333893, 7.65001916885, 9.15377902985, 4.84365224838, 6.44489049911, 8.81438732147, 11.068230629, 12.2401504517, 15.4043540955, 13.2398262024, 10.9918909073, 15.270111084, 16.0347537994, 11.9680719376, 19.4388046265, 19.450668335, 19.6009941101, 21.2058029175, 24.3086204529, 12.717962265, 9.47875785828, 5.30764770508, 3.45720624924, 3.09385538101, 3.70703697205, 3.65398859978, 3.29619646072, 2.69813919067, 2.37709069252, 1.33431482315, 0.855716824532, 0.662573993206, 0.510037779808, 0.451048344374, 0.171113595366, 0.0119905462489, 0.00019759083807],
        "dmean2": [0.556102693081, 4.43469953537, 12.2389411926, 14.1495094299, 13.7436094284, 15.1126337051, 7.38404035568, 9.64049911499, 12.8814086914, 16.8842735291, 18.4238967896, 21.6429843903, 19.6245212555, 16.7152786255, 23.0853328705, 24.5921630859, 18.4626655579, 30.4088973999, 31.2104454041, 31.0089759827, 34.2559814453, 39.7723731995, 20.8530693054, 14.6036424637, 8.56330966949, 5.54078006744, 5.01000499725, 6.22440099716, 5.94811630249, 5.35484457016, 4.60732030869, 4.06614303589, 2.18754220009, 1.42499053478, 1.15797317028, 0.880245089531, 0.795299828053, 0.304627180099, 0.0212467610836, 0.000339050428011],
        "dvar": [0.651876628399, 35.3669166565, 394.897644043, 712.939941406, 748.89074707, 441.009277344, 97.6438369751, 216.397079468, 671.917480469, 1566.39318848, 1312.68078613, 4040.39990234, 1239.43005371, 766.145629883, 3219.21118164, 2128.93530273, 716.73059082, 2045.30126953, 2582.87329102, 1990.20556641, 1906.17211914, 3219.84863281, 769.01776123, 708.77355957, 166.919998169, 66.0765151978, 49.3590126038, 116.923126221, 87.324256897, 83.9682159424, 53.1658439636, 42.1389846802, 13.5246944427, 6.12969970703, 5.92231559753, 3.54425311089, 3.56087374687, 0.506391823292, 0.00243532774039, 5.46479157038e-07],
        "dvar2": [1.38373470306, 72.410697937, 1020.93951416, 2042.89318848, 2083.40893555, 1159.13134766, 216.597320557, 449.603027344, 1196.01293945, 3125.90600586, 2612.78466797, 5885.46923828, 2282.87280273, 1634.47033691, 7270.13574219, 4493.69335938, 1519.58239746, 4541.58300781, 5944.74169922, 4722.31347656, 4649.11083984, 8098.65087891, 1943.14123535, 1672.68286133, 376.669311523, 162.683609009, 118.364318848, 302.063781738, 204.697616577, 194.121627808, 132.681335449, 107.192100525, 33.7931556702, 15.7277421951, 16.2417640686, 9.51794433594, 9.70460605621, 1.39335465431, 0.00667299656197, 1.49735797095e-06],
        "max": [8.06249523163, 52.0611801147, 154.923995972, 223.199905396, 331.114685059, 243.817749023, 206.780975342, 380.768707275, 1033.93994141, 1362.95483398, 1167.90356445, 3020.4128418, 1130.13867188, 717.479797363, 1715.44787598, 1516.9954834, 895.336853027, 1034.07409668, 1143.38317871, 549.56048584, 561.479064941, 1042.0736084, 646.335327148, 640.408447266, 415.690460205, 280.548370361, 162.777359009, 175.917678833, 196.082275391, 126.833267212, 160.967468262, 122.597648621, 61.4239044189, 26.594537735, 45.11353302, 27.6969432831, 28.8639640808, 10.6105880737, 0.747956573963, 0.011153829284],
        "mean": [0.43899205327, 3.52463316917, 6.73649930954, 6.58204603195, 6.40708971024, 11.3837633133, 7.79512214661, 11.8666563034, 14.883231163, 17.0679645538, 19.2756328583, 28.1543464661, 21.8368301392, 16.6269035339, 22.9770011902, 24.8884391785, 18.373840332, 29.7973213196, 25.2302303314, 22.501865387, 22.6865196228, 24.8661804199, 13.7660741806, 11.9174947739, 6.29561948776, 4.04911804199, 3.69850969315, 4.05392169952, 3.96157932281, 3.36241793633, 2.5869307518, 2.15470671654, 1.28434371948, 0.797968745232, 0.52347689867, 0.38399168849, 0.309724271297, 0.11281580478, 0.00802267435938, 0.000162395081134],
        "median": [0.00487714074552, 0.119074121118, 0.410214841366, 0.710528731346, 1.39784789085, 3.22741937637, 2.9196767807, 2.4849460125, 4.03540039062, 4.61107349396, 4.58406829834, 6.60465812683, 6.5326499939, 4.88446235657, 5.49648475647, 5.76452827454, 6.02107143402, 7.38466882706, 5.82993412018, 4.85184669495, 4.72984313965, 3.84593677521, 2.49372792244, 2.266040802, 1.37638163567, 0.816484510899, 0.700158834457, 0.679589390755, 0.627571105957, 0.401084125042, 0.238063842058, 0.149063810706, 0.0867588967085, 0.0581621751189, 0.0296765044332, 0.0145376846194, 0.00437884358689, 0.000740077870432, 4.2594052502e-05, 2.4250271963e-05],
        "min": [5.80457990449e-23, 3.67126247498e-22, 1.57089090609e-21, 3.57726372802e-21, 1.57668638065e-20, 9.22007337818e-21, 4.08880352793e-20, 5.41273033213e-20, 1.35831767827e-19, 9.7039271845e-20, 2.71260595298e-19, 1.31372734413e-19, 4.12885444997e-19, 6.38130293012e-19, 8.35031900735e-19, 1.28843068758e-18, 1.1655396693e-18, 1.95272940796e-18, 2.29154196647e-18, 2.75792231906e-18, 3.86901489249e-18, 4.16582963015e-18, 4.58975845331e-18, 5.71264083201e-18, 7.26662203542e-18, 9.04774207196e-18, 9.01932593637e-18, 9.52475479734e-18, 8.51576567641e-18, 1.13790861083e-17, 1.05858116291e-17, 1.11239207417e-17, 9.93116848462e-18, 8.09296057811e-18, 6.1119287719e-18, 3.57917163303e-18, 2.1201863327e-18, 9.10582235187e-19, 2.56436407197e-19, 2.63444148869e-20],
        "var": [0.876757860184, 50.5993804932, 312.832214355, 422.211090088, 494.847900391, 449.108032227, 194.753356934, 660.22467041, 1724.49377441, 2741.71411133, 2789.9050293, 12349.9121094, 2650.33691406, 1302.2767334, 4970.11083984, 4535.38818359, 1492.30859375, 5046.76904297, 3681.00927734, 2360.31787109, 2278.27685547, 3410.81542969, 872.670166016, 890.903564453, 221.860702515, 83.0585479736, 68.111907959, 126.968093872, 113.305496216, 110.127380371, 58.0888366699, 41.8520622253, 13.9957761765, 5.34509706497, 3.90655779839, 2.41455841064, 2.30235981941, 0.319554150105, 0.00155454012565, 3.63630363154e-07]
    },
    "gfcc": {
        "mean": [-79.7971801758, 93.694152832, -128.432098389, 14.382027626, -56.3901863098, 3.71087408066, -32.971950531, -2.52474284172, -15.3772907257, -1.79718339443, -14.8286237717, -0.633956611156, -10.2851133347],
        "cov": [[34606.625, 709.008239746, 998.15032959, 1929.75073242, 1082.01159668, 1285.11743164, -976.44519043, 1224.28271484, -824.382019043, 418.390930176, -884.094543457, 548.743835449, -516.691589355], [709.008239746, 2398.16357422, -1080.22692871, -302.667816162, -56.4763679504, -498.222930908, 136.435089111, -322.829711914, 132.440719604, -169.929107666, 166.261566162, -203.696212769, 81.1049575806], [998.15032959, -1080.22692871, 4790.11181641, 1384.43334961, 1577.70922852, 1067.74414062, 91.2317199707, 935.683105469, -257.965667725, 412.249053955, -361.501861572, 444.505950928, -172.435928345], [1929.75073242, -302.667816162, 1384.43334961, 1095.26049805, 625.037414551, 350.260986328, -60.9164428711, 350.982635498, -157.968673706, 85.46144104, -151.731384277, 122.986999512, -39.6535110474], [1082.01159668, -56.4763679504, 1577.70922852, 625.037414551, 1208.57421875, 370.460021973, 78.5829162598, 441.4871521, -61.7977561951, 150.070983887, -139.821884155, 165.787582397, -59.6771202087], [1285.11743164, -498.222930908, 1067.74414062, 350.260986328, 370.460021973, 588.165222168, 67.7454833984, 335.057159424, -45.6860198975, 167.870040894, -99.2602996826, 119.106811523, -45.4073295593], [-976.44519043, 136.435089111, 91.2317199707, -60.9164428711, 78.5829162598, 67.7454833984, 322.150665283, 48.1255455017, 125.979354858, 33.9679679871, 68.0008163452, -6.96309566498, 18.8097858429], [1224.28271484, -322.829711914, 935.683105469, 350.982635498, 441.4871521, 335.057159424, 48.1255455017, 425.52822876, -22.1080780029, 150.245864868, -99.3780517578, 126.476661682, -43.9295158386], [-824.382019043, 132.440719604, -257.965667725, -157.968673706, -61.7977561951, -45.6860198975, 125.979354858, -22.1080780029, 211.255523682, 39.5996818542, 89.0202484131, -27.3130302429, 41.6081085205], [418.390930176, -169.929107666, 412.249053955, 85.46144104, 150.070983887, 167.870040894, 33.9679679871, 150.245864868, 39.5996818542, 175.584579468, 12.0700740814, 74.9752731323, -14.6715745926], [-884.094543457, 166.261566162, -361.501861572, -151.731384277, -139.821884155, -99.2602996826, 68.0008163452, -99.3780517578, 89.0202484131, 12.0700740814, 160.395492554, 0.399362623692, 50.4562683105], [548.743835449, -203.696212769, 444.505950928, 122.986999512, 165.787582397, 119.106811523, -6.96309566498, 126.476661682, -27.3130302429, 74.9752731323, 0.399362623692, 168.021621704, 17.6141223907], [-516.691589355, 81.1049575806, -172.435928345, -39.6535110474, -59.6771202087, -45.4073295593, 18.8097858429, -43.9295158386, 41.6081085205, -14.6715745926, 50.4562683105, 17.6141223907, 90.1210098267]],
        "icov": [[7.78753092163e-05, -0.000139907177072, 0.000151776723214, -0.000140674412251, 5.30884390173e-05, -0.000215037158341, 0.000143754994497, -7.81326452852e-05, 4.07224433729e-05, -0.000188459569472, 0.000432413362432, -0.000517175241839, 0.000469125021482], [-0.000139907177072, 0.000879125727806, -0.000227671393077, 0.000257987878285, -0.000417486182414, 0.000778837071266, -0.00048551990767, 0.000236612395383, 1.91506442206e-05, 0.000415140821133, -0.00115613802336, 0.00154190487228, -0.00117811083328], [0.000151776723214, -0.000227671393077, 0.000990284257568, -0.000604718690738, -0.00024880093406, -0.000749732134864, -8.22635847726e-05, -6.01713400101e-05, 0.000329531379975, -0.000903619569726, 0.00151119672228, -0.00181935913861, 0.00135939207394], [-0.000140674412251, 0.000257987878285, -0.000604718690738, 0.0020514796488, -0.000490562058985, 0.000204801108339, 0.000220530579099, -0.000606646179222, 0.000659033132251, 0.000806913827546, -0.00112733419519, 0.0016042139614, -0.00171178812161], [5.30884390173e-05, -0.000417486182414, -0.00024880093406, -0.000490562058985, 0.0019589078147, -1.22042010844e-05, -0.000140308911796, -0.00100157409906, -0.000215958149056, -3.54647308995e-05, 0.000752110441681, -0.000930143636651, 0.000674919341691], [-0.000215037158341, 0.000778837071266, -0.000749732134864, 0.000204801108339, -1.22042010844e-05, 0.00482287071645, -0.00146784004755, -0.00122132245451, 0.000741034047678, -0.00145788805094, -0.000359072932042, 0.0019023156492, -0.00189550453797], [0.000143754994497, -0.00048551990767, -8.22635847726e-05, 0.000220530579099, -0.000140308911796, -0.00146784004755, 0.00544064491987, -0.00099497276824, -0.00253864447586, 0.00136203749571, -0.00166480452754, 2.29284960369e-05, 0.00106914143544], [-7.81326452852e-05, 0.000236612395383, -6.01713400101e-05, -0.000606646179222, -0.00100157409906, -0.00122132245451, -0.00099497276824, 0.00759767787531, -0.00122379593085, -0.00248756539077, 0.00281346659176, -0.00191415217705, 0.000548591779079], [4.07224433729e-05, 1.91506442206e-05, 0.000329531379975, 0.000659033132251, -0.000215958149056, 0.000741034047678, -0.00253864447586, -0.00122379593085, 0.00970820896327, -0.00356115750037, -0.00197571935132, 0.00254218373448, -0.00315224961378], [-0.000188459569472, 0.000415140821133, -0.000903619569726, 0.000806913827546, -3.54647308995e-05, -0.00145788805094, 0.00136203749571, -0.00248756539077, -0.00356115750037, 0.0132134146988, -0.00540233682841, -0.0007434329018, 0.00188229058404], [0.000432413362432, -0.00115613802336, 0.00151119672228, -0.00112733419519, 0.000752110441681, -0.000359072932042, -0.00166480452754, 0.00281346659176, -0.00197571935132, -0.00540233682841, 0.016555737704, -0.00661153579131, 6.9200168582e-06], [-0.000517175241839, 0.00154190487228, -0.00181935913861, 0.0016042139614, -0.000930143636651, 0.0019023156492, 2.29284960369e-05, -0.00191415217705, 0.00254218373448, -0.0007434329018, -0.00661153579131, 0.0158017594367, -0.0084049012512], [0.000469125021482, -0.00117811083328, 0.00135939207394, -0.00171178812161, 0.000674919341691, -0.00189550453797, 0.00106914143544, 0.000548591779079, -0.00315224961378, 0.00188229058404, 6.9200168582e-06, -0.0084049012512, 0.0196307245642]]
    },
    "melbands": {
        "dmean": [0.00349365407601, 0.00360527145676, 0.00131939840503, 0.000619582016952, 0.000207402510568, 0.000147777594975, 0.000130647356855, 0.000119023105071, 0.00010983573884, 9.12413888727e-05, 6.68994980515e-05, 4.62250354758e-05, 5.19808017998e-05, 5.09599303768e-05, 3.53409268428e-05, 2.55292070506e-05, 3.92612309952e-05, 3.33126445184e-05, 2.86267604679e-05, 2.58062591456e-05, 2.43673130171e-05, 2.87166512862e-05, 1.42199796755e-05, 1.03065385701e-05, 7.74304407969e-06, 5.02347393194e-06, 2.72077431873e-06, 2.23019151235e-06, 1.91178037312e-06, 1.89562524611e-06, 2.35678521676e-06, 2.0266336378e-06, 2.02541946237e-06, 1.71168153429e-06, 1.50169182689e-06, 1.77237711796e-06, 1.33430114602e-06, 8.74897295944e-07, 9.2744221547e-07, 6.66642961278e-07],
        "dmean2": [0.0051980279386, 0.00560763385147, 0.00239715818316, 0.00106023414992, 0.000318316830089, 0.000219884532271, 0.000191351122339, 0.000181359006092, 0.000161912830663, 0.000129399020807, 9.97416500468e-05, 7.08394290996e-05, 7.87330282037e-05, 7.80960690463e-05, 5.42285124538e-05, 4.01034703827e-05, 6.16960096522e-05, 5.36852239748e-05, 4.61894269392e-05, 4.2094001401e-05, 3.9378333895e-05, 4.71879247925e-05, 2.36372979998e-05, 1.66182653629e-05, 1.20467211673e-05, 8.0655581769e-06, 4.44881743533e-06, 3.60339845429e-06, 3.05841990667e-06, 3.12674592351e-06, 4.04179627367e-06, 3.2995355923e-06, 3.33902585226e-06, 2.77778326563e-06, 2.57936721937e-06, 3.03375963995e-06, 2.27827194976e-06, 1.41652401453e-06, 1.55747420649e-06, 1.11708766326e-06],
        "dvar": [4.98963345308e-05, 6.1693477619e-05, 1.95894499484e-05, 3.60116314368e-06, 1.40446928754e-07, 1.09942554616e-07, 1.32876010639e-07, 1.57679068025e-07, 1.13753593212e-07, 1.21907817174e-07, 3.26581286458e-08, 1.49065400024e-08, 3.42382975305e-08, 4.68180054725e-08, 7.49325490546e-09, 2.80721712542e-09, 9.46803613289e-09, 9.5005576739e-09, 4.738934134e-09, 3.63516505786e-09, 2.50101606092e-09, 5.08028685786e-09, 1.16693543717e-09, 5.25400611906e-10, 5.37303035397e-10, 1.64475280617e-10, 6.24376800262e-11, 2.60685882603e-11, 1.90740322842e-11, 2.19541780588e-11, 5.40360013679e-11, 2.74641941134e-11, 2.9770751836e-11, 2.25325383352e-11, 1.74824928839e-11, 2.32236781889e-11, 1.35090133524e-11, 5.68530682601e-12, 7.28525659938e-12, 3.96043571202e-12],
        "dvar2": [0.000102739402791, 0.000142435033922, 5.57074235985e-05, 9.65052822721e-06, 3.27376682208e-07, 2.30582330119e-07, 2.34980319647e-07, 3.18665428267e-07, 2.06115998935e-07, 1.81666820254e-07, 6.04171503937e-08, 3.12452712592e-08, 7.81612499168e-08, 9.12791406904e-08, 1.59500039842e-08, 6.2985749949e-09, 2.11239363779e-08, 2.11423998309e-08, 1.15918146193e-08, 8.9745189058e-09, 5.96388316509e-09, 1.2694690632e-08, 3.02902769533e-09, 1.28622001938e-09, 1.27847110676e-09, 3.73241049179e-10, 1.62674138049e-10, 6.41718900241e-11, 4.57407445253e-11, 5.34047424339e-11, 1.43848127854e-10, 6.4565158775e-11, 7.12095452049e-11, 5.06035144343e-11, 4.4341752492e-11, 6.04817376737e-11, 3.41517959745e-11, 1.4020661368e-11, 1.8875501856e-11, 1.02310972194e-11],
        "max": [0.0597528144717, 0.0620171800256, 0.0348713435233, 0.0257441457361, 0.00569945713505, 0.00785276759416, 0.015424576588, 0.012493592687, 0.00861180387437, 0.0163189787418, 0.00557495746762, 0.00343698100187, 0.00532930390909, 0.00956450402737, 0.00213677366264, 0.00103801081423, 0.00224561267532, 0.00204754411243, 0.00181941222399, 0.000729286170099, 0.000693258829415, 0.00146526412573, 0.00098047638312, 0.000484668038553, 0.000571682001464, 0.000483659707243, 0.000317832746077, 0.000150500476593, 0.000109236847493, 8.78705250216e-05, 0.000108419037133, 0.000106468789454, 8.99935112102e-05, 6.44575120532e-05, 0.000102045974927, 8.06841271697e-05, 6.94252303219e-05, 4.24967984145e-05, 3.89704291592e-05, 2.37719686993e-05],
        "mean": [0.00422874977812, 0.00405903626233, 0.00113452319056, 0.000655947427731, 0.000331384391757, 0.000272391189355, 0.000221679190872, 0.000179686117917, 0.000178600865183, 0.000165170960827, 0.000106720035546, 6.69527653372e-05, 7.46419173083e-05, 7.46674122638e-05, 5.47475392523e-05, 3.58207980753e-05, 5.84206209169e-05, 4.22663870268e-05, 3.29703907482e-05, 2.6680798328e-05, 2.57992433035e-05, 2.87395923806e-05, 1.43167580973e-05, 1.14376798592e-05, 9.55346604314e-06, 5.74203977521e-06, 3.11663643515e-06, 2.50467201113e-06, 2.23352617468e-06, 2.21289110414e-06, 2.4269268124e-06, 2.19255866796e-06, 2.0692000362e-06, 1.76810920038e-06, 1.4465432514e-06, 1.53472694819e-06, 1.21983737245e-06, 8.53663948419e-07, 8.49174796258e-07, 6.18177466549e-07],
        "median": [4.82033356093e-05, 0.000236429012148, 0.00013624013809, 0.000176304223714, 0.00012842284923, 5.70357660763e-05, 6.51449663565e-05, 4.27576524089e-05, 3.68053297279e-05, 4.221981726e-05, 2.87133261736e-05, 1.66883837664e-05, 1.61195457622e-05, 1.33792418637e-05, 1.15579232443e-05, 1.10794171633e-05, 1.25039696286e-05, 7.89209116192e-06, 6.52316066407e-06, 4.90929051011e-06, 5.00670967085e-06, 4.02105752073e-06, 2.18222317017e-06, 1.97190183826e-06, 1.68665815181e-06, 1.13782596145e-06, 6.48625359645e-07, 4.87875183808e-07, 4.34085393408e-07, 3.82973610158e-07, 3.83343206067e-07, 3.49122444732e-07, 2.68650239832e-07, 1.92194363535e-07, 1.29854981878e-07, 1.14724386435e-07, 7.55073585879e-08, 5.65667264141e-08, 5.21600824754e-08, 4.6814164989e-08],
        "min": [6.8763708418e-25, 9.89455710252e-25, 7.21461221125e-25, 8.26876013636e-25, 1.26008529063e-24, 1.26145090746e-24, 1.8730886883e-24, 1.12563400731e-24, 1.79158515729e-24, 6.89615941761e-25, 1.91441789998e-24, 2.14707171638e-24, 2.01828603208e-24, 2.95771267676e-24, 2.54838853026e-24, 2.62290176757e-24, 3.0736010769e-24, 3.25171857234e-24, 4.0213963525e-24, 2.83844104941e-24, 4.01885622038e-24, 2.71815080542e-24, 2.94396716992e-24, 4.32048389281e-24, 3.52290134142e-24, 4.55985860691e-24, 5.32717887625e-24, 5.24191878961e-24, 5.1156481911e-24, 4.80988767639e-24, 4.96225339922e-24, 4.10978663921e-24, 5.21905405071e-24, 5.62039374155e-24, 4.9922778397e-24, 6.96470541521e-24, 6.09377023812e-24, 6.56876981599e-24, 5.85669268698e-24, 6.11748536908e-24],
        "var": [7.04679041519e-05, 7.25782156223e-05, 1.18690340969e-05, 2.78883771898e-06, 2.58841538425e-07, 3.40895752515e-07, 3.44541490449e-07, 2.95051535204e-07, 2.70728207852e-07, 3.6539486814e-07, 6.90334047704e-08, 2.49736107349e-08, 4.74694736852e-08, 8.6859216708e-08, 1.84237283207e-08, 5.61740387539e-09, 2.10621262653e-08, 1.43097684813e-08, 5.72407188315e-09, 3.87987997286e-09, 3.16128412337e-09, 5.43893774463e-09, 1.15112608334e-09, 6.41593722595e-10, 6.58269327936e-10, 2.15735845854e-10, 6.36243766006e-11, 3.18904173902e-11, 2.52483086521e-11, 2.93184539146e-11, 5.3183350085e-11, 3.42098675776e-11, 3.76854901452e-11, 3.12514528145e-11, 1.93494751471e-11, 2.05625932947e-11, 1.3966989891e-11, 6.36223148817e-12, 6.31895143849e-12, 3.33902805578e-12]
    },
    "mfcc": {
        "mean": [-706.659973145, 126.472480774, -13.5903530121, 11.4854164124, -4.83730792999, 3.75811576843, -9.17527961731, -0.0423617325723, -2.26042246819, -2.9508895874, 0.508381962776, -1.3634108305, -3.61763143539],
        "cov": [[12144.6738281, 738.618896484, 669.704284668, 1295.33789062, 1728.33007812, 603.869628906, 536.753112793, 619.577941895, 414.37197876, 221.506286621, 10.5111427307, -46.7863883972, 85.5832977295], [738.618896484, 2176.53808594, -415.436187744, 115.576438904, -24.2838401794, -81.0845108032, -21.6389026642, -76.5590438843, -33.2615585327, -18.5358390808, 39.0275764465, -25.5238456726, 25.4478969574], [669.704284668, -415.436187744, 2289.26269531, 692.951049805, 1009.45806885, 502.786773682, 508.475280762, 397.726867676, 349.466674805, 148.307617188, 100.359733582, 79.5080490112, 77.8550109863], [1295.33789062, 115.576438904, 692.951049805, 1031.36279297, 802.846069336, 259.722045898, 281.741729736, 235.640869141, 178.535430908, 61.1567153931, -17.7909412384, -27.1457309723, 46.2958564758], [1728.33007812, -24.2838401794, 1009.45806885, 802.846069336, 1226.95666504, 380.871917725, 409.07522583, 348.938293457, 298.550506592, 135.365509033, 39.2980880737, -6.35567951202, 69.7707901001], [603.869628906, -81.0845108032, 502.786773682, 259.722045898, 380.871917725, 311.152740479, 218.390960693, 153.717971802, 139.361465454, 85.8428573608, 44.5671615601, 33.9657020569, 31.1032543182], [536.753112793, -21.6389026642, 508.475280762, 281.741729736, 409.07522583, 218.390960693, 322.702545166, 208.760375977, 165.212005615, 96.3728179932, 60.6309432983, 31.8118610382, 46.5467681885], [619.577941895, -76.5590438843, 397.726867676, 235.640869141, 348.938293457, 153.717971802, 208.760375977, 243.257339478, 172.112182617, 82.145942688, 44.204410553, 31.7061138153, 43.3424797058], [414.37197876, -33.2615585327, 349.466674805, 178.535430908, 298.550506592, 139.361465454, 165.212005615, 172.112182617, 216.364944458, 121.256195068, 64.6274414062, 34.249004364, 36.1888618469], [221.506286621, -18.5358390808, 148.307617188, 61.1567153931, 135.365509033, 85.8428573608, 96.3728179932, 82.145942688, 121.256195068, 160.528793335, 87.6899414062, 35.4355888367, 21.1529388428], [10.5111427307, 39.0275764465, 100.359733582, -17.7909412384, 39.2980880737, 44.5671615601, 60.6309432983, 44.204410553, 64.6274414062, 87.6899414062, 129.458084106, 72.5174484253, 26.7388076782], [-46.7863883972, -25.5238456726, 79.5080490112, -27.1457309723, -6.35567951202, 33.9657020569, 31.8118610382, 31.7061138153, 34.249004364, 35.4355888367, 72.5174484253, 110.209739685, 57.1822242737], [85.5832977295, 25.4478969574, 77.8550109863, 46.2958564758, 69.7707901001, 31.1032543182, 46.5467681885, 43.3424797058, 36.1888618469, 21.1529388428, 26.7388076782, 57.1822242737, 100.949073792]],
