{
"lowlevel": {
    "average_loudness": 0.933385550976,
    "barkbands_crest": {
        "dmean": 3.20846176147,
        "dmean2": 5.13397502899,
        "dvar": 9.55731105804,
        "dvar2": 23.435295105,
        "max": 26.875415802,
        "mean": 10.7971391678,
        "median": 9.90985393524,
        "min": 2.71231412888,
        "var": 20.3729152679
    },
    "barkbands_flatness_db": {
        "dmean": 0.0371213741601,
        "dmean2": 0.0550095885992,
        "dvar": 0.00156452227384,
        "dvar2": 0.00352163938805,
        "max": 0.647202134132,
        "mean": 0.166886180639,
        "median": 0.161863192916,
        "min": 0.0174580514431,
        "var": 0.00513867521659
    },
    "barkbands_kurtosis": {
        "dmean": 9.08460140228,
        "dmean2": 14.6647224426,
        "dvar": 426.62588501,
        "dvar2": 1062.86413574,
        "max": 414.789611816,
        "mean": 10.3378582001,
        "median": 3.39934873581,
        "min": -1.90861272812,
        "var": 494.544158936
    },
    "barkbands_skewness": {
        "dmean": 1.01860916615,
        "dmean2": 1.51919651031,
        "dvar": 1.64920938015,
        "dvar2": 3.86597084999,
        "max": 18.2359333038,
        "mean": 1.98484647274,
        "median": 1.62820899487,
        "min": -4.98074436188,
        "var": 4.01381111145
    },
    "barkbands_spread": {
        "dmean": 9.18731403351,
        "dmean2": 13.7402677536,
        "dvar": 163.058349609,
        "dvar2": 360.50213623,
        "max": 104.199798584,
        "mean": 18.9421634674,
        "median": 13.5733385086,
        "min": 0.0486206524074,
        "var": 282.950805664
    },
    "dissonance": {
        "dmean": 0.0238997917622,
        "dmean2": 0.0387092232704,
        "dvar": 0.000716261100024,
        "dvar2": 0.00189307355322,
        "max": 0.5,
        "mean": 0.455645442009,
        "median": 0.465023070574,
        "min": 0.158986821771,
        "var": 0.00129976775497
    },
    "dynamic_complexity": 4.63054132462,
    "erbbands_crest": {
        "dmean": 3.16402888298,
        "dmean2": 4.92210817337,
        "dvar": 8.79051971436,
        "dvar2": 19.6120853424,
        "max": 35.0580558777,
        "mean": 10.2557086945,
        "median": 9.06400203705,
        "min": 2.22381043434,
        "var": 27.5188941956
    },
    "erbbands_flatness_db": {
        "dmean": 0.0260070860386,
        "dmean2": 0.0342372842133,
        "dvar": 0.0006850278005,
        "dvar2": 0.00117941375356,
        "max": 0.697310209274,
        "mean": 0.167635768652,
        "median": 0.158180266619,
        "min": 0.040308021009,
        "var": 0.00577138923109
    },
    "erbbands_kurtosis": {
        "dmean": 1.72052776814,
        "dmean2": 2.60713791847,
        "dvar": 9.80822467804,
        "dvar2": 21.930273056,
        "max": 71.9509353638,
        "mean": 1.37646627426,
        "median": 0.134142398834,
        "min": -1.92981553078,
        "var": 18.6270141602
    },
    "erbbands_skewness": {
        "dmean": 0.532729446888,
        "dmean2": 0.79082608223,
        "dvar": 0.288722395897,
        "dvar2": 0.645018696785,
        "max": 6.47230672836,
        "mean": 0.494234025478,
        "median": 0.463590294123,
        "min": -7.07678031921,
        "var": 1.05933713913
    },
    "erbbands_spread": {
        "dmean": 13.6533241272,
        "dmean2": 18.9901409149,
        "dvar": 237.556671143,
        "dvar2": 459.263000488,
        "max": 169.086273193,
        "mean": 41.5030632019,
        "median": 34.8935585022,
        "min": 0.25163140893,
        "var": 751.943603516
    },
    "hfc": {
        "dmean": 17.3600502014,
        "dmean2": 27.0306911469,
        "dvar": 1172.63195801,
        "dvar2": 2887.95410156,
        "max": 256.352600098,
        "mean": 21.6007537842,
        "median": 8.54662895203,
        "min": 1.0725141766e-16,
        "var": 1205.00744629
    },
    "melbands_crest": {
        "dmean": 3.75106692314,
        "dmean2": 6.0158867836,
        "dvar": 12.5429420471,
        "dvar2": 30.6309490204,
        "max": 37.0271759033,
        "mean": 14.2992963791,
        "median": 13.4583826065,
        "min": 1.48323464394,
        "var": 30.1303730011
    },
    "melbands_flatness_db": {
        "dmean": 0.0467919707298,
        "dmean2": 0.0691707506776,
        "dvar": 0.00248688203283,
        "dvar2": 0.00580017222092,
        "max": 0.651142120361,
        "mean": 0.238899454474,
        "median": 0.238579213619,
        "min": 0.00354120833799,
        "var": 0.00735716102645
    },
    "melbands_kurtosis": {
        "dmean": 20.4784698486,
        "dmean2": 32.1520195007,
        "dvar": 1823.10168457,
        "dvar2": 4522.87011719,
        "max": 724.700561523,
        "mean": 27.6809406281,
        "median": 9.97241592407,
        "min": -1.81840348244,
        "var": 2622.8972168
    },
    "melbands_skewness": {
        "dmean": 1.28704690933,
        "dmean2": 1.86627089977,
        "dvar": 2.57561373711,
        "dvar2": 5.63066339493,
        "max": 21.8456687927,
        "mean": 3.19596982002,
        "median": 2.5740480423,
        "min": -4.70281171799,
        "var": 7.28853082657
    },
    "melbands_spread": {
        "dmean": 8.79253387451,
        "dmean2": 13.9120454788,
        "dvar": 181.949279785,
        "dvar2": 460.496307373,
        "max": 175.222457886,
        "mean": 19.8549499512,
        "median": 13.2458209991,
        "min": 0.193455561996,
        "var": 487.365081787
    },
    "pitch_salience": {
        "dmean": 0.103211380541,
        "dmean2": 0.166949808598,
        "dvar": 0.0115296477452,
        "dvar2": 0.0288103427738,
        "max": 0.992086470127,
        "mean": 0.537556827068,
        "median": 0.547084033489,
        "min": 0.0776303857565,
        "var": 0.0204532854259
    },
    "silence_rate_20dB": {
        "dmean": 0,
        "dmean2": 0,
        "dvar": 0,
        "dvar2": 0,
        "max": 1,
        "mean": 1,
        "median": 1,
        "min": 1,
        "var": 0
    },
    "silence_rate_30dB": {
        "dmean": 0.0644014254212,
        "dmean2": 0.128815561533,
        "dvar": 0.0602562874556,
        "dvar2": 0.132181599736,
        "max": 1,
        "mean": 0.944987654686,
        "median": 1,
        "min": 0,
        "var": 0.0519858710468
    },
    "silence_rate_60dB": {
        "dmean": 0.0335835628211,
        "dmean2": 0.0671737641096,
        "dvar": 0.032456908375,
        "dvar2": 0.0735321268439,
        "max": 1,
        "mean": 0.125037044287,
        "median": 0,
        "min": 0,
        "var": 0.109396845102
    },
    "spectral_centroid": {
        "dmean": 335.580688477,
        "dmean2": 511.641418457,
        "dvar": 176513.953125,
        "dvar2": 421697.1875,
        "max": 11705.9746094,
        "mean": 1224.87744141,
        "median": 911.566101074,
        "min": 182.924285889,
        "var": 1998955.25
    },
    "spectral_complexity": {
        "dmean": 5.41327524185,
        "dmean2": 8.34673500061,
        "dvar": 63.4507484436,
        "dvar2": 142.504501343,
        "max": 58,
        "mean": 13.9020242691,
        "median": 11,
        "min": 0,
        "var": 125.439361572
    },
    "spectral_decrease": {
        "dmean": 4.07238331945e-09,
        "dmean2": 5.70655966925e-09,
        "dvar": 5.48397518891e-17,
        "dvar2": 1.01020630066e-16,
        "max": 1.83538812584e-28,
        "mean": -7.09825087597e-09,
        "median": -4.12442080489e-09,
        "min": -5.7915876539e-08,
        "var": 8.54954690545e-17
    },
    "spectral_energy": {
        "dmean": 0.0165517255664,
        "dmean2": 0.0231375619769,
        "dvar": 0.000822110334411,
        "dvar2": 0.00150868820492,
        "max": 0.221111312509,
        "mean": 0.028749646619,
        "median": 0.0167575851083,
        "min": 1.00057382482e-20,
        "var": 0.00131816021167
    },
    "spectral_energyband_high": {
        "dmean": 0.0015958630247,
        "dmean2": 0.00260128942318,
        "dvar": 1.41132277349e-05,
        "dvar2": 3.54397088813e-05,
        "max": 0.0284144841135,
        "mean": 0.0012976716971,
        "median": 7.48142774682e-05,
        "min": 6.89675406648e-21,
        "var": 1.21341799968e-05
    },
    "spectral_energyband_low": {
        "dmean": 0.0115910349414,
        "dmean2": 0.0176013950258,
        "dvar": 0.000780785223469,
        "dvar2": 0.00162174680736,
        "max": 0.208618059754,
        "mean": 0.0141180763021,
        "median": 0.00427303742617,
        "min": 1.18280029192e-23,
        "var": 0.000901300867554
    },
    "spectral_energyband_middle_high": {
        "dmean": 0.00203993381001,
        "dmean2": 0.00320136267692,
        "dvar": 1.26530285343e-05,
        "dvar2": 3.1242667319e-05,
        "max": 0.0504260845482,
        "mean": 0.00395277095959,
        "median": 0.0016617620131,
        "min": 1.09886976092e-21,
        "var": 3.24327629642e-05
    },
    "spectral_energyband_middle_low": {
        "dmean": 0.00715734576806,
        "dmean2": 0.0119758201763,
        "dvar": 0.0001921269577,
        "dvar2": 0.000522022251971,
        "max": 0.106781296432,
        "mean": 0.0110087879002,
        "median": 0.00653113052249,
        "min": 1.3378977454e-22,
        "var": 0.000185160737601
    },
    "spectral_entropy": {
        "dmean": 0.303436338902,
        "dmean2": 0.421976447105,
        "dvar": 0.0995913147926,
        "dvar2": 0.208606436849,
        "max": 9.833319664,
        "mean": 7.43500757217,
        "median": 7.41990613937,
        "min": 3.93332362175,
        "var": 0.424710512161
    },
    "spectral_flux": {
        "dmean": 0.0416941046715,
        "dmean2": 0.05807216838,
        "dvar": 0.00264849909581,
        "dvar2": 0.00458898674697,
        "max": 0.449442923069,
        "mean": 0.092417344451,
        "median": 0.0650033801794,
        "min": 6.36163621781e-11,
        "var": 0.00671554077417
    },
    "spectral_kurtosis": {
        "dmean": 3.06848311424,
        "dmean2": 4.7550702095,
        "dvar": 23.8679027557,
        "dvar2": 61.8173141479,
        "max": 159.5730896,
        "mean": 6.23123645782,
        "median": 4.3298368454,
        "min": -1.28207528591,
        "var": 64.3203048706
    },
    "spectral_rms": {
        "dmean": 0.00127354753204,
        "dmean2": 0.0017048571026,
        "dvar": 2.91110450235e-06,
        "dvar2": 4.75906153952e-06,
        "max": 0.0146873537451,
        "mean": 0.00445836922154,
        "median": 0.00404337281361,
        "min": 3.1243714213e-12,
        "var": 8.17140880827e-06
    },
    "spectral_rolloff": {
        "dmean": 796.449645996,
        "dmean2": 1356.75219727,
        "dvar": 2582189.25,
        "dvar2": 6011253,
        "max": 19659.8144531,
        "mean": 1589.09411621,
        "median": 732.12890625,
        "min": 86.1328125,
        "var": 7808748
    },
    "spectral_skewness": {
        "dmean": 0.400310605764,
        "dmean2": 0.598449409008,
        "dvar": 0.18654191494,
        "dvar2": 0.452192574739,
        "max": 10.5537490845,
        "mean": 1.71425461769,
        "median": 1.59929704666,
        "min": -0.172137796879,
        "var": 0.659501314163
    },
    "spectral_spread": {
        "dmean": 981739.375,
        "dmean2": 1333101.125,
        "dvar": 1.56164712038e+12,
        "dvar2": 3.12693253734e+12,
        "max": 43288884,
        "mean": 5374365.5,
        "median": 4316338,
        "min": 646785.5,
        "var": 2.54437721375e+13
    },
    "spectral_strongpeak": {
        "dmean": 0.469246178865,
        "dmean2": 0.779440104961,
        "dvar": 0.797830879688,
        "dvar2": 1.92652618885,
        "max": 13.8167848587,
        "mean": 0.864879727364,
        "median": 0.415665596724,
        "min": 0,
        "var": 1.62444329262
    },
    "zerocrossingrate": {
        "dmean": 0.0154651654884,
        "dmean2": 0.0185423884541,
        "dvar": 0.000365896499716,
        "dvar2": 0.000486610544613,
        "max": 0.83447265625,
        "mean": 0.0592019669712,
        "median": 0.0419921875,
        "min": 0.00390625,
        "var": 0.00490697659552
    },
    "barkbands": {
        "dmean": [4.82833165734e-05, 0.00671978434548, 0.00629860954359, 0.00264551723376, 0.00219378317706, 0.00187147851102, 0.00100407423452, 0.000513786450028, 0.000625230604783, 0.000425160891609, 0.000339297170285, 0.000319609447615, 0.000400057790102, 0.000276663922705, 0.000226876349188, 0.000258925923845, 0.000195873115445, 0.000205061980523, 0.000151810687385, 0.000187023499166, 0.000165279750945, 0.000280474952888, 0.000473527732538, 0.000184278324014, 0.000290100637358, 0.000164237411809, 6.58907583784e-06],
        "dmean2": [7.8086843132e-05, 0.0108181526884, 0.0109760062769, 0.00465395348147, 0.00377443502657, 0.0031197136268, 0.00163293513469, 0.000808257784229, 0.000975186005235, 0.000658835633658, 0.000524607079569, 0.000541225308552, 0.000641395978164, 0.000421060773078, 0.000371128175175, 0.000415819726186, 0.00031218706863, 0.000332722993335, 0.000244048729655, 0.000303449487546, 0.00027422545827, 0.00047750127851, 0.000820349901915, 0.000302087777527, 0.000475969543913, 0.000263899535639, 1.14925260277e-05],
        "dvar": [1.52829944255e-08, 0.000302932021441, 0.000357497570803, 4.80652124679e-05, 2.07575303648e-05, 1.42405451697e-05, 4.64849699711e-06, 1.52420705035e-06, 1.90356286112e-06, 1.36118080718e-06, 7.10550466465e-07, 1.02950218661e-06, 1.5115158476e-06, 1.02054389117e-06, 5.70797283217e-07, 7.3176852311e-07, 1.41183434721e-07, 4.81488029891e-07, 9.77527037094e-08, 1.67919765204e-07, 1.31041616669e-07, 4.97967732827e-07, 1.99905480258e-06, 1.88997361761e-07, 6.0060551732e-07, 1.90071816064e-07, 3.72310099417e-10],
        "dvar2": [3.4415243988e-08, 0.000737208290957, 0.000974867958575, 0.000134440037073, 5.69979602005e-05, 3.8166759623e-05, 1.14481454148e-05, 3.21606921716e-06, 3.99877308155e-06, 3.17566377817e-06, 1.36054916311e-06, 2.76636296803e-06, 3.48495836988e-06, 2.11116685023e-06, 1.41234647799e-06, 1.54578401634e-06, 3.37345198886e-07, 1.32511740958e-06, 2.39015861325e-07, 3.95794529595e-07, 3.45220797726e-07, 1.31090985178e-06, 5.42567022421e-06, 4.68510734208e-07, 1.47266450767e-06, 4.69943586268e-07, 1.00109576184e-09],
        "max": [0.00391223654151, 0.142568290234, 0.147013366222, 0.0732929334044, 0.0528502799571, 0.0405085645616, 0.0306786112487, 0.0306774731725, 0.0259623993188, 0.0429473817348, 0.0257010310888, 0.0259389989078, 0.043901860714, 0.03202746436, 0.0188020989299, 0.0287061408162, 0.00720078777522, 0.0239706840366, 0.00391065515578, 0.00583346420899, 0.00401596352458, 0.00618196837604, 0.0118347331882, 0.00384072354063, 0.0060060066171, 0.00333370454609, 0.000223013295908],
        "mean": [6.50334186503e-05, 0.00729920202866, 0.00527898641303, 0.00256734690629, 0.00250704982318, 0.00236697332002, 0.00141654058825, 0.000824401678983, 0.0010297371773, 0.00073221110506, 0.000556419894565, 0.000382272381103, 0.000626163149718, 0.000380379584385, 0.000287955073873, 0.000320627557812, 0.000255884893704, 0.00028358362033, 0.000174520173459, 0.000187383411685, 0.000146178746945, 0.00021180982003, 0.000335930235451, 0.000149214363773, 0.000228390665143, 0.00013077382755, 4.70799068353e-06],
        "median": [1.04929558802e-05, 0.001610567444, 0.00105139799416, 0.000687986961566, 0.00100317201577, 0.000701510929503, 0.000443792785518, 0.000198566107429, 0.000222984293941, 0.000103191290691, 9.37463119044e-05, 8.24463713798e-05, 9.95690716081e-05, 7.12773398845e-05, 6.19891434326e-05, 6.7640808993e-05, 5.72209864913e-05, 5.38710664841e-05, 4.43980425189e-05, 2.89641866402e-05, 1.84925520443e-05, 8.13735914562e-06, 7.54214261178e-06, 5.58903138881e-06, 4.46508329333e-06, 2.6262512165e-06, 2.74447018001e-07],
        "min": [3.73008564951e-25, 1.8152969356e-24, 1.4531942987e-24, 8.27922634842e-25, 6.02701288401e-24, 6.23237704347e-24, 9.31621615441e-24, 8.20764491267e-24, 5.64010145912e-24, 1.18178621122e-23, 1.62076158811e-23, 2.43679638494e-23, 2.5625171474e-23, 3.02127699802e-23, 3.95140364316e-23, 4.72417462582e-23, 5.50014901483e-23, 7.71964261938e-23, 1.21867410446e-22, 1.43787557839e-22, 2.46855882799e-22, 2.92798813753e-22, 4.23351305086e-22, 6.00874972854e-22, 8.43879725066e-22, 1.21949959375e-21, 1.92195900003e-21],
        "var": [5.1822500069e-08, 0.000283366360236, 0.00024992445833, 3.33767275151e-05, 1.72605850821e-05, 1.73379703483e-05, 8.82342555997e-06, 4.56190173281e-06, 4.99194220538e-06, 2.95676341011e-06, 2.54919859799e-06, 1.09738834908e-06, 4.71730254503e-06, 1.79482037765e-06, 7.53489928229e-07, 1.03510808458e-06, 2.39606606556e-07, 7.20550190181e-07, 1.17134661082e-07, 1.81495536822e-07, 1.10081906257e-07, 3.78898363351e-07, 1.3994249457e-06, 1.64352698562e-07, 5.16590887401e-07, 1.6465028807e-07, 2.59642113365e-10]
    },
    "erbbands": {
        "dmean": [0.0880800262094, 1.83030581474, 6.73681879044, 8.00546550751, 7.48524618149, 7.03814554214, 12.3581151962, 16.678817749, 16.1641769409, 11.9399681091, 8.325715065, 15.3685150146, 14.4412765503, 9.92955112457, 13.4985103607, 13.3524990082, 18.7798652649, 12.9211444855, 12.4671239853, 12.8216295242, 12.2248296738, 10.8166618347, 11.5265216827, 8.21445941925, 8.25055503845, 8.29607582092, 7.91169786453, 5.82934474945, 7.35377168655, 17.701915741, 12.0748939514, 3.91576957703, 3.39854741096, 2.86897850037, 2.23685002327, 1.0882641077, 0.19230222702, 0.0205040462315, 0.00104127230588, 4.93844454468e-05],
        "dmean2": [0.147003918886, 2.92720293999, 11.1049909592, 13.7377185822, 13.0891933441, 12.1006412506, 21.3514766693, 26.79753685, 26.0048675537, 19.8644695282, 13.0442199707, 23.6871242523, 22.502664566, 15.5945692062, 21.0744228363, 22.4525203705, 29.8692588806, 19.932806015, 20.075920105, 20.4863739014, 19.702796936, 17.1962947845, 18.7034378052, 13.1906118393, 13.2740526199, 13.4683456421, 13.023765564, 9.72435665131, 11.9719142914, 31.9232254028, 20.5583934784, 6.36157798767, 5.53385019302, 4.7123003006, 3.63755273819, 1.75925970078, 0.308090239763, 0.0334345474839, 0.00180359499063, 7.48508246033e-05],
        "dvar": [0.0515963621438, 22.1991500854, 376.398803711, 418.890991211, 334.341949463, 208.739654541, 817.41003418, 1032.11877441, 1147.46777344, 742.649169922, 450.979888916, 1153.42150879, 1617.16845703, 593.79699707, 1024.66503906, 1724.13806152, 3415.99560547, 1449.97937012, 1868.60534668, 1093.13427734, 2132.54394531, 441.230651855, 2008.59228516, 291.335083008, 310.16519165, 343.207275391, 303.425231934, 164.075164795, 256.290710449, 3220.56787109, 1192.53747559, 78.6343460083, 70.3821258545, 54.3189468384, 36.846622467, 9.05677223206, 0.226679071784, 0.00249527720734, 9.19371541386e-06, 1.02003765434e-08],
        "dvar2": [0.136084288359, 51.8851928711, 971.029052734, 1136.3392334, 933.160217285, 572.605224609, 2288.61889648, 2593.55639648, 2732.37451172, 1882.40942383, 906.129577637, 2403.71704102, 3907.1875, 1372.32702637, 2120.52856445, 4775.3359375, 7705.66992188, 2801.91357422, 4346.43505859, 2525.56665039, 4348.9296875, 1036.77148438, 5581.59082031, 712.16784668, 747.570068359, 815.910766602, 766.000671387, 437.549438477, 635.613525391, 9033.87207031, 3152.51635742, 193.837738037, 173.072921753, 133.517425537, 89.0231399536, 22.518705368, 0.545462906361, 0.00621505733579, 2.47820898949e-05, 2.46321754105e-08],
        "max": [2.02774715424, 37.8939933777, 167.789398193, 187.254867554, 196.084915161, 159.964279175, 360.81729126, 467.936798096, 555.713562012, 575.532775879, 687.037963867, 635.608886719, 1666.99304199, 447.654388428, 1136.71057129, 1058.85559082, 2256.48632812, 1145.37207031, 1478.28088379, 617.622436523, 1938.95837402, 404.465942383, 1612.66918945, 490.113677979, 200.878860474, 384.357849121, 245.821548462, 122.466873169, 174.301986694, 491.17364502, 279.327087402, 89.8351593018, 66.2106246948, 63.2455368042, 47.6217536926, 23.5614414215, 3.75532460213, 0.41856855154, 0.0421872287989, 0.00100998440757],
        "mean": [0.103559546173, 1.99911129475, 6.14366531372, 7.94263362885, 7.63640260696, 8.0363779068, 13.1202917099, 23.3637924194, 23.9598026276, 18.3893890381, 13.3854217529, 25.8940830231, 26.0211791992, 17.340051651, 20.9413890839, 17.0151958466, 29.444978714, 20.269449234, 16.2756309509, 17.3767471313, 16.6559848785, 14.4353199005, 16.671333313, 10.2087936401, 9.11376285553, 8.34220790863, 7.24581193924, 5.01197242737, 6.18957185745, 11.678650856, 8.80007648468, 3.26087188721, 2.72899031639, 2.26594471931, 1.78961551189, 0.855907976627, 0.155762508512, 0.0166841391474, 0.000763223913964, 5.94963094045e-05],
        "median": [0.0223914198577, 0.450028389692, 1.41816091537, 2.26667022705, 2.82594323158, 2.9210627079, 4.52904701233, 7.14943790436, 7.91414546967, 6.07286930084, 4.29492425919, 5.86560726166, 5.55803585052, 3.47868299484, 4.77301216125, 4.13473796844, 5.02828836441, 4.36150312424, 4.08740949631, 4.06432342529, 3.9378349781, 3.59766221046, 3.15087151527, 2.77056455612, 1.95336711407, 1.38898169994, 0.99506098032, 0.536774992943, 0.319397747517, 0.278439074755, 0.197464138269, 0.140286386013, 0.0830740407109, 0.053399682045, 0.0295340195298, 0.012941586785, 0.00431897118688, 0.0010072340956, 4.78307811136e-05, 2.16944790736e-05],
        "min": [6.18123006339e-23, 4.49727304904e-22, 1.45795146996e-21, 6.19916494859e-21, 1.01095154877e-20, 1.26699609854e-20, 4.91291969481e-20, 5.50390469956e-20, 8.94346321199e-20, 1.68513143916e-19, 1.76455809706e-19, 1.58157631054e-19, 3.24341783332e-19, 6.45454563745e-19, 6.6518132209e-19, 1.25330694441e-18, 1.74495094387e-18, 1.94866195409e-18, 2.78236323141e-18, 2.93342750437e-18, 2.13506896629e-18, 3.33862089345e-18, 3.67944122611e-18, 6.58845594227e-18, 7.33674213595e-18, 6.75500544988e-18, 8.45003625058e-18, 1.07627281913e-17, 1.062564203e-17, 8.60582165688e-18, 1.02812735061e-17, 1.13266370672e-17, 9.30822455557e-18, 8.61086249553e-18, 6.25616301454e-18, 3.78918203721e-18, 2.34977072531e-18, 9.225408887e-19, 2.2762110527e-19, 2.64989328715e-20],
        "var": [0.0522139817476, 21.6441822052, 299.459075928, 315.522979736, 238.767486572, 183.04524231, 649.539672852, 1729.29736328, 2524.86376953, 1557.17260742, 1165.35510254, 3304.22265625, 3542.05395508, 1461.72766113, 2975.88989258, 1863.95996094, 11099.515625, 3718.015625, 2407.01757812, 1759.94372559, 2959.90771484, 695.812255859, 2937.02783203, 357.845794678, 367.844207764, 364.010437012, 276.031219482, 133.778839111, 234.989822388, 2009.02001953, 887.679992676, 71.1945800781, 61.3023643494, 46.5674514771, 32.7420883179, 7.70217514038, 0.205788508058, 0.00215248856694, 6.42119130134e-06, 1.03463246859e-08]
    },
    "gfcc": {
        "mean": [-72.1127166748, 99.5855178833, -104.255172729, 30.6725769043, -50.9470672607, 8.89178276062, -36.6750106812, 6.86524152756, -23.4206161499, 2.0684595108, -13.4475011826, -0.723024785519, -11.9369382858],
        "cov": [[39291.9921875, 379.259399414, -1015.69555664, 1178.74768066, -1342.41967773, 802.789916992, -1239.94042969, 612.334716797, -663.124145508, 354.285675049, -717.702575684, 410.175262451, -462.863983154], [379.259399414, 2198.30688477, -669.206481934, -228.809143066, 94.8746032715, -388.929656982, 199.147125244, -127.021766663, 127.954956055, -138.196456909, 204.172348022, -220.889907837, 167.381500244], [-1015.69555664, -669.206481934, 2247.66772461, 679.647094727, 36.0317115784, 484.167572021, -212.432388306, 99.9261779785, -63.4008216858, 143.100234985, -115.38584137, 182.660919189, -122.323005676], [1178.74768066, -228.809143066, 679.647094727, 950.659118652, -20.4319782257, 126.255355835, -161.323974609, -24.7418384552, -43.7108001709, 12.9721364975, -36.004322052, 7.39816188812, -16.2788734436], [-1342.41967773, 94.8746032715, 36.0317115784, -20.4319782257, 450.779174805, 93.4078445435, 140.921630859, 43.09349823, 62.2807731628, 1.13623726368, 23.3818721771, -33.1559829712, 7.55389976501], [802.789916992, -388.929656982, 484.167572021, 126.255355835, 93.4078445435, 450.690490723, -24.9276580811, 94.4819641113, -38.5754623413, 63.5585975647, -82.7060165405, 74.4640884399, -82.2152709961], [-1239.94042969, 199.147125244, -212.432388306, -161.323974609, 140.921630859, -24.9276580811, 264.481323242, 32.3118629456, 49.3935890198, -38.6870498657, 56.4034843445, -51.4646492004, 39.9599571228], [612.334716797, -127.021766663, 99.9261779785, -24.7418384552, 43.09349823, 94.4819641113, 32.3118629456, 172.057556152, 27.8711299896, 39.3337173462, -45.0977249146, 38.194770813, -32.9731636047], [-663.124145508, 127.954956055, -63.4008216858, -43.7108001709, 62.2807731628, -38.5754623413, 49.3935890198, 27.8711299896, 144.424072266, 29.2523975372, 34.6878585815, -34.9691238403, 26.8834323883], [354.285675049, -138.196456909, 143.100234985, 12.9721364975, 1.13623726368, 63.5585975647, -38.6870498657, 39.3337173462, 29.2523975372, 106.929527283, 2.3610970974, 34.0960884094, -28.5329036713], [-717.702575684, 204.172348022, -115.38584137, -36.004322052, 23.3818721771, -82.7060165405, 56.4034843445, -45.0977249146, 34.6878585815, 2.3610970974, 118.953330994, -1.98182725906, 35.7433013916], [410.175262451, -220.889907837, 182.660919189, 7.39816188812, -33.1559829712, 74.4640884399, -51.4646492004, 38.194770813, -34.9691238403, 34.0960884094, -1.98182725906, 122.29133606, 0.830008864403], [-462.863983154, 167.381500244, -122.323005676, -16.2788734436, 7.55389976501, -82.2152709961, 39.9599571228, -32.9731636047, 26.8834323883, -28.5329036713, 35.7433013916, 0.830008864403, 99.4659500122]],
        "icov": [[7.91629281593e-05, -0.000179693175596, 0.000202782466658, -0.00020148132171, 0.000162651078426, -0.000152655877173, 0.000143781246152, -0.000222346527153, 0.000240948153078, -0.000384601735277, 0.000479310809169, -0.000431740743807, 0.0002730852284], [-0.000179693175596, 0.00123059609905, -0.000539317028597, 0.000675357237924, -0.000415482034441, 0.000387693493394, 0.000122769037262, -8.5511492216e-05, -0.000369790272089, 0.00148498348426, -0.00260524591431, 0.00276969838887, -0.00174641259946], [0.000202782466658, -0.000539317028597, 0.00135168700945, -0.00105210312176, 0.000339360849466, -0.000801215064712, 0.000261494889855, -0.000224813891691, 0.000311358075123, -0.00141513103154, 0.00179946783464, -0.00234592356719, 0.00135654502083], [-0.00020148132171, 0.000675357237924, -0.00105210312176, 0.00218512583524, -0.000484865246108, 7.67166784499e-05, 0.000948377710301, -6.7872042564e-06, -2.22487997235e-05, 0.00152147142217, -0.00240488629788, 0.00310212443583, -0.0020125771407], [0.000162651078426, -0.000415482034441, 0.000339360849466, -0.000484865246108, 0.00336983450688, -0.0011922273552, -0.0010785626946, -0.000608385133091, -0.000346262793755, -0.000663978920784, 0.000636885408312, -0.000304555112962, 0.00046110295807], [-0.000152655877173, 0.000387693493394, -0.000801215064712, 7.67166784499e-05, -0.0011922273552, 0.00459286989644, -0.00149786262773, 0.000532806385309, -0.000148376318975, -0.000475578795886, 0.00151799444575, -0.00140901119448, 0.00169961294159], [0.000143781246152, 0.000122769037262, 0.000261494889855, 0.000948377710301, -0.0010785626946, -0.00149786262773, 0.00871193036437, -0.00472256960347, 0.00141890102532, 0.00234937970527, -0.00495808850974, 0.00474486825988, -0.00324984709732], [-0.000222346527153, -8.5511492216e-05, -0.000224813891691, -6.7872042564e-06, -0.000608385133091, 0.000532806385309, -0.00472256960347, 0.0123061807826, -0.00491617526859, -0.0012760508107, 0.00609451159835, -0.00637203268707, 0.00412080157548], [0.000240948153078, -0.000369790272089, 0.000311358075123, -2.22487997235e-05, -0.000346262793755, -0.000148376318975, 0.00141890102532, -0.00491617526859, 0.01296227891, -0.0057166707702, -0.00241228449158, 0.00548107037321, -0.00449548801407], [-0.000384601735277, 0.00148498348426, -0.00141513103154, 0.00152147142217, -0.000663978920784, -0.000475578795886, 0.00234937970527, -0.0012760508107, -0.0057166707702, 0.01773763448, -0.00671735033393, 0.000791235186625, 0.0015510879457], [0.000479310809169, -0.00260524591431, 0.00179946783464, -0.00240488629788, 0.000636885408312, 0.00151799444575, -0.00495808850974, 0.00609451159835, -0.00241228449158, -0.00671735033393, 0.021597309038, -0.0120962988585, 0.00471750134602], [-0.000431740743807, 0.00276969838887, -0.00234592356719, 0.00310212443583, -0.000304555112962, -0.00140901119448, 0.00474486825988, -0.00637203268707, 0.00548107037321, 0.000791235186625, -0.0120962988585, 0.023934232071, -0.0113146761432], [0.0002730852284, -0.00174641259946, 0.00135654502083, -0.0020125771407, 0.00046110295807, 0.00169961294159, -0.00324984709732, 0.00412080157548, -0.00449548801407, 0.0015510879457, 0.00471750134602, -0.0113146761432, 0.0197028908879]]
    },
    "melbands": {
        "dmean": [0.00136266008485, 0.00304796220735, 0.00138393964153, 0.000485406199005, 0.000412530644098, 0.000369271321688, 0.000224465533393, 0.000130700544105, 6.77339412505e-05, 0.0001011847271, 7.34516361263e-05, 4.2369178118e-05, 4.63641918031e-05, 3.09458991978e-05, 4.78067850054e-05, 3.72661597794e-05, 2.51946512435e-05, 2.14133688132e-05, 1.94479762285e-05, 1.90606060642e-05, 1.39868134283e-05, 1.20942959256e-05, 1.03570710053e-05, 9.9053431768e-06, 6.50320725981e-06, 6.30953263681e-06, 6.2385174715e-06, 5.3652479437e-06, 5.45054217582e-06, 3.70183715859e-06, 3.28233409164e-06, 3.49076185557e-06, 6.67706308377e-06, 1.12343986984e-05, 8.73997942108e-06, 3.03375077237e-06, 2.23207325689e-06, 2.33498531088e-06, 2.66621964329e-06, 2.32100728681e-06],
        "dmean2": [0.00223156390712, 0.00472211185843, 0.00236184149981, 0.000839598185848, 0.000706679769792, 0.000597319507506, 0.000363304337952, 0.000214557367144, 0.00010602149996, 0.000156769834575, 0.000114473681606, 6.61751109874e-05, 7.13741028449e-05, 5.2181789215e-05, 7.80996924732e-05, 6.01016909059e-05, 3.84376689908e-05, 3.40297228831e-05, 3.14815915772e-05, 3.00384144793e-05, 2.26467072935e-05, 1.9311599317e-05, 1.70097482624e-05, 1.60082963703e-05, 1.05211784103e-05, 1.03504980871e-05, 1.00534662124e-05, 8.82828771864e-06, 9.03829186427e-06, 6.14521422904e-06, 5.56945269636e-06, 5.70777956455e-06, 1.14933054647e-05, 2.05225169339e-05, 1.54287281475e-05, 4.75372098663e-06, 3.69641611542e-06, 3.81226959689e-06, 4.37853850599e-06, 3.85450539397e-06],
        "dvar": [1.24434900499e-05, 6.46139815217e-05, 1.17852923722e-05, 1.19370452012e-06, 8.02346164619e-07, 4.94557980346e-07, 2.19918035782e-07, 9.00945238413e-08, 3.6198528619e-08, 5.0237620286e-08, 4.13048866221e-08, 1.07889128742e-08, 1.35945450452e-08, 8.96867291544e-09, 2.14129549647e-08, 1.54347574721e-08, 6.79532030645e-09, 7.42149319777e-09, 4.35603109139e-09, 3.06809355699e-09, 3.08796521686e-09, 5.79141679058e-10, 1.30817501276e-09, 8.5603374389e-10, 1.97886804165e-10, 1.81254899978e-10, 2.01568040037e-10, 1.45391726436e-10, 1.50636988994e-10, 6.59390250735e-11, 5.52253000274e-11, 5.84915935131e-11, 3.24262450224e-10, 1.42122680291e-09, 7.29185767323e-10, 4.72805128382e-11, 2.63157100278e-11, 3.12945225289e-11, 5.24395700474e-11, 3.58753478313e-11],
        "dvar2": [3.15331017191e-05, 0.000149284533109, 3.17422927765e-05, 3.32175272888e-06, 2.22397557081e-06, 1.27613225231e-06, 5.3330342098e-07, 2.17362824628e-07, 7.10898930834e-08, 1.05676512874e-07, 9.93101352265e-08, 2.45880045213e-08, 2.59415475767e-08, 2.30792274181e-08, 5.538223391e-08, 3.47775426235e-08, 1.2789223014e-08, 1.68237779263e-08, 1.04863771e-08, 6.15430639783e-09, 6.15132655923e-09, 1.33917021916e-09, 3.62950713928e-09, 2.28648389111e-09, 4.80962603078e-10, 4.55794929577e-10, 4.72279715336e-10, 3.50954459938e-10, 3.79307085741e-10, 1.72716549396e-10, 1.47896042635e-10, 1.4453144237e-10, 8.65896354618e-10, 4.03313737962e-09, 1.98960470321e-09, 1.09227502043e-10, 6.69269084597e-11, 7.66910007721e-11, 1.31979122076e-10, 8.9564015926e-11],
        "max": [0.0295745544136, 0.0671882480383, 0.0291287340224, 0.0129459165037, 0.0103788571432, 0.00920769944787, 0.00717411516234, 0.00677968421951, 0.00656958669424, 0.00426870305091, 0.00831595435739, 0.00204539461993, 0.00410136766732, 0.00263166683726, 0.00442699203268, 0.00537611683831, 0.00255590886809, 0.00334338331595, 0.00177549012005, 0.00198134034872, 0.00222838600166, 0.000498425215483, 0.00131048203912, 0.00084737141151, 0.000452224921901, 0.000184639880899, 0.000218072775169, 0.000247531133937, 0.000164534561918, 9.16249191505e-05, 7.92140926933e-05, 0.000102088255517, 0.000166574653122, 0.000347329536453, 0.000222029397264, 6.52679664199e-05, 5.32822668902e-05, 4.29503561463e-05, 7.02945835656e-05, 5.45001457795e-05],
        "mean": [0.00151331408415, 0.00318756373599, 0.0013988224091, 0.000541705521755, 0.000458706286736, 0.000514480751008, 0.000327229761751, 0.000199583810172, 0.000104067214124, 0.000169641702087, 0.000129366890178, 7.08604056854e-05, 7.35705252737e-05, 3.86412102671e-05, 6.31206130493e-05, 5.92330834479e-05, 3.59083205694e-05, 2.63194797299e-05, 2.49409113167e-05, 2.36724754359e-05, 1.83865104191e-05, 1.54567787831e-05, 1.40209567689e-05, 1.36205226227e-05, 7.59754948376e-06, 6.77477419231e-06, 6.54627137919e-06, 5.20796447745e-06, 4.90641878059e-06, 3.31360001837e-06, 2.7451733331e-06, 3.05479443341e-06, 4.84569000037e-06, 7.19570607544e-06, 5.9382928157e-06, 2.64262143901e-06, 1.7890770323e-06, 1.86862166629e-06, 2.07581410905e-06, 1.80587665e-06],
        "median": [0.00033399037784, 0.000801548303571, 0.000460955663584, 0.000213956474909, 0.00016709434567, 0.000168888262124, 0.000107654188469, 5.25606046722e-05, 2.78969673673e-05, 3.54952571797e-05, 2.5025996365e-05, 1.18785183076e-05, 1.41137834362e-05, 1.01994673969e-05, 1.10886057882e-05, 9.24961022974e-06, 6.76866693539e-06, 5.3375256357e-06, 4.67919699076e-06, 4.79377558804e-06, 3.88498619941e-06, 3.61213051292e-06, 2.62238131654e-06, 2.54339056482e-06, 2.03456806958e-06, 1.4681089624e-06, 1.03948252672e-06, 8.5522003701e-07, 6.3872141709e-07, 4.12531164784e-07, 2.60972598198e-07, 1.78477748136e-07, 1.46329412587e-07, 1.4295098083e-07, 1.10004798159e-07, 9.73655502889e-08, 7.81111637593e-08, 5.81970667213e-08, 5.03489481218e-08, 4.32524238647e-08],
        "min": [1.07302556379e-24, 1.02233651747e-24, 1.17369555517e-24, 9.6972432686e-25, 1.61568376935e-24, 1.21562775241e-24, 1.49503449504e-24, 1.83404717324e-24, 1.25003037092e-24, 7.27940283651e-25, 1.65747762011e-24, 2.45943716623e-24, 1.78162204127e-24, 3.02758011499e-24, 2.67995494925e-24, 2.6785257305e-24, 2.79086208721e-24, 3.42629704054e-24, 2.92731845773e-24, 3.57203751506e-24, 1.51556558618e-24, 2.97128562028e-24, 2.79142099516e-24, 3.30370095612e-24, 4.54506864822e-24, 3.94452540716e-24, 3.96890318128e-24, 3.72152823432e-24, 4.69946174358e-24, 3.9213439406e-24, 5.34294031714e-24, 4.46410390922e-24, 3.8380828275e-24, 5.0512171878e-24, 4.97035539514e-24, 5.62778457938e-24, 5.71068242203e-24, 5.79763500974e-24, 6.55297918725e-24, 6.33327984742e-24],
        "var": [1.14414106065e-05, 6.28495181445e-05, 8.98475809663e-06, 9.11487290978e-07, 6.7762857725e-07, 7.75395335495e-07, 4.58069251863e-07, 2.21886608642e-07, 9.29889409917e-08, 1.46791933275e-07, 8.99965186818e-08, 2.49535947461e-08, 4.6036955581e-08, 1.00879722353e-08, 3.46296964437e-08, 4.94582863553e-08, 1.57093911213e-08, 9.19721276915e-09, 6.12599970751e-09, 4.73044359239e-09, 4.22806945011e-09, 9.06859476402e-10, 1.6008524506e-09, 1.57740553952e-09, 2.29447572053e-10, 2.06979863804e-10, 2.29792365691e-10, 1.49600373756e-10, 1.36331917977e-10, 5.60731842902e-11, 4.34705292596e-11, 5.52386504593e-11, 2.33846386699e-10, 8.56306303643e-10, 4.89853602126e-10, 4.83849904587e-11, 2.20507691967e-11, 2.7359363039e-11, 4.30480026625e-11, 2.98036872959e-11]
    },
    "mfcc": {
        "mean": [-703.389465332, 127.059318542, 6.67745828629, 25.7306461334, 7.77547216415, 4.37085962296, 1.02659320831, 1.93970441818, -3.3595097065, 0.406630247831, -1.5359967947, 0.614916563034, -0.391665309668],
        "cov": [[17469.0761719, 731.845947266, 147.482711792, 362.006896973, 82.3360900879, 92.2002334595, -193.009918213, 174.926132202, 54.2715682983, -27.9209365845, -25.1067905426, -63.2670555115, 72.8910446167], [731.845947266, 2117.86376953, -554.102416992, 7.21763038635, -128.979446411, -169.554244995, 52.0530052185, -37.4001312256, 15.8275365829, 69.9163589478, -12.2205371857, 60.313457489, -39.9204521179], [147.482711792, -554.102416992, 1666.45336914, 374.020751953, 349.525299072, 312.108428955, -5.54822158813, 56.8315696716, -12.6832275391, -36.4708213806, 35.7697944641, -21.0908927917, 52.9285964966], [362.006896973, 7.21763038635, 374.020751953, 686.195129395, 166.348220825, 80.8330688477, -3.66549777985, -29.9021720886, -3.64562392235, -12.5304079056, -32.443271637, 15.02780056, -0.0304550938308], [82.3360900879, -128.979446411, 349.525299072, 166.348220825, 364.35144043, 189.982940674, 50.1075057983, 63.8803787231, 44.434513092, 29.2532558441, 39.8145523071, 12.2012786865, 25.1177425385], [92.2002334595, -169.554244995, 312.108428955, 80.8330688477, 189.982940674, 251.951522827, 87.0638961792, 55.4646759033, 20.8160800934, 12.9203853607, 35.0810317993, 3.2903585434, -2.31375908852], [-193.009918213, 52.0530052185, -5.54822158813, -3.66549777985, 50.1075057983, 87.0638961792, 179.517181396, 84.5734634399, 31.378194809, 13.5934610367, 19.900932312, 12.6519346237, -18.0021495819], [174.926132202, -37.4001312256, 56.8315696716, -29.9021720886, 63.8803787231, 55.4646759033, 84.5734634399, 140.851226807, 64.3914794922, 18.3677825928, 25.8833656311, -1.9592102766, 7.14191293716], [54.2715682983, 15.8275365829, -12.6832275391, -3.64562392235, 44.434513092, 20.8160800934, 31.378194809, 64.3914794922, 114.704338074, 62.1871528625, 20.4683589935, 1.99375593662, -1.43843972683], [-27.9209365845, 69.9163589478, -36.4708213806, -12.5304079056, 29.2532558441, 12.9203853607, 13.5934610367, 18.3677825928, 62.1871528625, 101.754577637, 51.7568969727, 3.13257026672, -9.99348640442], [-25.1067905426, -12.2205371857, 35.7697944641, -32.443271637, 39.8145523071, 35.0810317993, 19.900932312, 25.8833656311, 20.4683589935, 51.7568969727, 90.0732345581, 36.0953598022, 4.19209051132], [-63.2670555115, 60.313457489, -21.0908927917, 15.02780056, 12.2012786865, 3.2903585434, 12.6519346237, -1.9592102766, 1.99375593662, 3.13257026672, 36.0953598022, 84.6818237305, 41.4830665588], [72.8910446167, -39.9204521179, 52.9285964966, -0.0304550938308, 25.1177425385, -2.31375908852, -18.0021495819, 7.14191293716, -1.43843972683, -9.99348640442, 4.19209051132, 41.4830665588, 93.4201049805]],
