{
"lowlevel": {
    "average_loudness": 0.837980687618,
    "barkbands_crest": {
        "dmean": 2.99352645874,
        "dmean2": 4.76667070389,
        "dvar": 7.83364057541,
        "dvar2": 19.9963035583,
        "max": 26.1692447662,
        "mean": 12.7511310577,
        "median": 12.1382446289,
        "min": 2.44589495659,
        "var": 28.1736660004
    },
    "barkbands_flatness_db": {
        "dmean": 0.0328334569931,
        "dmean2": 0.0481827184558,
        "dvar": 0.00126623129472,
        "dvar2": 0.00259311147965,
        "max": 0.505933940411,
        "mean": 0.186337709427,
        "median": 0.179336562753,
        "min": 0.0104396305978,
        "var": 0.0068380353041
    },
    "barkbands_kurtosis": {
        "dmean": 9.55934143066,
        "dmean2": 14.9347190857,
        "dvar": 781.594299316,
        "dvar2": 1754.35058594,
        "max": 770.528808594,
        "mean": 13.9795637131,
        "median": 2.62666702271,
        "min": -1.90628874302,
        "var": 1547.66577148
    },
    "barkbands_skewness": {
        "dmean": 0.930157363415,
        "dmean2": 1.41861116886,
        "dvar": 1.46621954441,
        "dvar2": 3.39066839218,
        "max": 22.0837669373,
        "mean": 2.12294840813,
        "median": 1.58433258533,
        "min": -3.71185731888,
        "var": 6.18585252762
    },
    "barkbands_spread": {
        "dmean": 8.23874855042,
        "dmean2": 12.6177196503,
        "dvar": 133.596435547,
        "dvar2": 279.775817871,
        "max": 135.884078979,
        "mean": 20.5541915894,
        "median": 16.8287239075,
        "min": 0.138078317046,
        "var": 279.667449951
    },
    "dissonance": {
        "dmean": 0.0198396053165,
        "dmean2": 0.0329905450344,
        "dvar": 0.000440170028014,
        "dvar2": 0.00116273155436,
        "max": 0.5,
        "mean": 0.461854189634,
        "median": 0.470691800117,
        "min": 0.296746522188,
        "var": 0.0011126876343
    },
    "dynamic_complexity": 5.25323534012,
    "erbbands_crest": {
        "dmean": 2.87290859222,
        "dmean2": 4.62852954865,
        "dvar": 7.67047262192,
        "dvar2": 17.8327484131,
        "max": 31.955739975,
        "mean": 10.2363595963,
        "median": 9.1524810791,
        "min": 2.42408418655,
        "var": 27.0478496552
    },
    "erbbands_flatness_db": {
        "dmean": 0.0227457135916,
        "dmean2": 0.0328065305948,
        "dvar": 0.0006184662343,
        "dvar2": 0.00109016266651,
        "max": 0.441549897194,
        "mean": 0.182413548231,
        "median": 0.182771101594,
        "min": 0.0384748503566,
        "var": 0.00515509117395
    },
    "erbbands_kurtosis": {
        "dmean": 1.40808570385,
        "dmean2": 2.27495741844,
        "dvar": 10.2170705795,
        "dvar2": 25.2201786041,
        "max": 101.987037659,
        "mean": 1.12112188339,
        "median": 0.0400576591492,
        "min": -1.86668848991,
        "var": 17.5023479462
    },
    "erbbands_skewness": {
        "dmean": 0.451904028654,
        "dmean2": 0.696948170662,
        "dvar": 0.271432965994,
        "dvar2": 0.620055794716,
        "max": 8.54950332642,
        "mean": 0.0917227640748,
        "median": -0.0260403659195,
        "min": -5.03358888626,
        "var": 1.06710362434
    },
    "erbbands_spread": {
        "dmean": 10.3475103378,
        "dmean2": 16.2920837402,
        "dvar": 199.206832886,
        "dvar2": 451.896697998,
        "max": 177.283248901,
        "mean": 36.543346405,
        "median": 32.5614814758,
        "min": 2.25638628006,
        "var": 538.12286377
    },
    "hfc": {
        "dmean": 13.2969322205,
        "dmean2": 20.3337860107,
        "dvar": 927.836242676,
        "dvar2": 2033.18334961,
        "max": 261.597442627,
        "mean": 23.1577720642,
        "median": 12.9136304855,
        "min": 1.12055748833e-16,
        "var": 1173.30114746
    },
    "melbands_crest": {
        "dmean": 3.64420080185,
        "dmean2": 5.71802806854,
        "dvar": 12.4249391556,
        "dvar2": 31.1340465546,
        "max": 39.6889724731,
        "mean": 18.3750152588,
        "median": 18.0840549469,
        "min": 1.69390809536,
        "var": 52.7082977295
    },
    "melbands_flatness_db": {
        "dmean": 0.0389382354915,
        "dmean2": 0.0571159459651,
        "dvar": 0.00176781602204,
        "dvar2": 0.00361288455315,
        "max": 0.644804179668,
        "mean": 0.262392222881,
        "median": 0.250713348389,
        "min": 0.00300888018683,
        "var": 0.010262414813
    },
    "melbands_kurtosis": {
        "dmean": 21.2750701904,
        "dmean2": 33.7166748047,
        "dvar": 5310.47558594,
        "dvar2": 13215.7910156,
        "max": 2372.04882812,
        "mean": 34.6672782898,
        "median": 8.87778663635,
        "min": -1.89880013466,
        "var": 7648.62890625
    },
    "melbands_skewness": {
        "dmean": 1.21516692638,
        "dmean2": 1.8991689682,
        "dvar": 3.31796646118,
        "dvar2": 8.22702598572,
        "max": 45.6679534912,
        "mean": 3.58833265305,
        "median": 2.7357301712,
        "min": -2.30555295944,
        "var": 11.1169376373
    },
    "melbands_spread": {
        "dmean": 8.87126922607,
        "dmean2": 13.7941379547,
        "dvar": 177.593978882,
        "dvar2": 434.237976074,
        "max": 216.699691772,
        "mean": 22.3960399628,
        "median": 15.7655096054,
        "min": 0.184531062841,
        "var": 608.665527344
    },
    "pitch_salience": {
        "dmean": 0.0855240002275,
        "dmean2": 0.136477783322,
        "dvar": 0.00704751396552,
        "dvar2": 0.0184560138732,
        "max": 0.988045930862,
        "mean": 0.463171333075,
        "median": 0.470871955156,
        "min": 0.0442294962704,
        "var": 0.0252620857209
    },
    "silence_rate_20dB": {
        "dmean": 0,
        "dmean2": 0,
        "dvar": 0,
        "dvar2": 0,
        "max": 1,
        "mean": 1,
        "median": 1,
        "min": 1,
        "var": 0
    },
    "silence_rate_30dB": {
        "dmean": 0.0508690141141,
        "dmean2": 0.101759590209,
        "dvar": 0.0482830405235,
        "dvar2": 0.100305743515,
        "max": 1,
        "mean": 0.897647798061,
        "median": 1,
        "min": 0,
        "var": 0.0918753519654
    },
    "silence_rate_60dB": {
        "dmean": 0.0173802450299,
        "dmean2": 0.0347678624094,
        "dvar": 0.017079167068,
        "dvar2": 0.0377960912883,
        "max": 1,
        "mean": 0.15977960825,
        "median": 0,
        "min": 0,
        "var": 0.134261190891
    },
    "spectral_centroid": {
        "dmean": 316.39251709,
        "dmean2": 486.706054688,
        "dvar": 153372.40625,
        "dvar2": 335363.40625,
        "max": 11661.9960938,
        "mean": 1468.80566406,
        "median": 1209.2956543,
        "min": 116.123718262,
        "var": 1641140.125
    },
    "spectral_complexity": {
        "dmean": 3.48579907417,
        "dmean2": 5.13928365707,
        "dvar": 27.7566776276,
        "dvar2": 53.0905380249,
        "max": 57,
        "mean": 14.81457901,
        "median": 13,
        "min": 0,
        "var": 115.260559082
    },
    "spectral_decrease": {
        "dmean": 4.02117317222e-09,
        "dmean2": 5.95342797283e-09,
        "dvar": 4.43118271864e-17,
        "dvar2": 1.07062185206e-16,
        "max": 2.5856079416e-17,
        "mean": -1.11354392374e-08,
        "median": -7.5896426921e-09,
        "min": -7.16727868166e-08,
        "var": 1.39461685129e-16
    },
    "spectral_energy": {
        "dmean": 0.0158295687288,
        "dmean2": 0.0234022475779,
        "dvar": 0.00064550479874,
        "dvar2": 0.00155816006009,
        "max": 0.272609978914,
        "mean": 0.0441282317042,
        "median": 0.0309468898922,
        "min": 1.00659229079e-20,
        "var": 0.00207377481274
    },
    "spectral_energyband_high": {
        "dmean": 0.00100859685335,
        "dmean2": 0.00161711242981,
        "dvar": 8.95617631613e-06,
        "dvar2": 2.07523789868e-05,
        "max": 0.0271282494068,
        "mean": 0.000969749176875,
        "median": 7.47863014112e-05,
        "min": 7.34542119281e-21,
        "var": 8.4586426965e-06
    },
    "spectral_energyband_low": {
        "dmean": 0.0129501763731,
        "dmean2": 0.0193715058267,
        "dvar": 0.000619711645413,
        "dvar2": 0.00148042209912,
        "max": 0.261419296265,
        "mean": 0.0290431734174,
        "median": 0.0117388926446,
        "min": 1.42667230203e-23,
        "var": 0.00178289506584
    },
    "spectral_energyband_middle_high": {
        "dmean": 0.00219909404404,
        "dmean2": 0.00324874604121,
        "dvar": 1.34422634801e-05,
        "dvar2": 2.95336867566e-05,
        "max": 0.0678724125028,
        "mean": 0.00593620631844,
        "median": 0.00327161815949,
        "min": 1.30890507503e-21,
        "var": 5.18425658811e-05
    },
    "spectral_energyband_middle_low": {
        "dmean": 0.00387079943903,
        "dmean2": 0.00622323388234,
        "dvar": 6.53325623716e-05,
        "dvar2": 0.000167009420693,
        "max": 0.138750240207,
        "mean": 0.00852574035525,
        "median": 0.00535536278039,
        "min": 1.98998367495e-22,
        "var": 0.000120135882753
    },
    "spectral_entropy": {
        "dmean": 0.256100416183,
        "dmean2": 0.373178184032,
        "dvar": 0.0925520732999,
        "dvar2": 0.181399181485,
        "max": 9.82373809814,
        "mean": 7.29154729843,
        "median": 7.26876926422,
        "min": 4.2959280014,
        "var": 0.513087511063
    },
    "spectral_flux": {
        "dmean": 0.0310536287725,
        "dmean2": 0.0482537187636,
        "dvar": 0.00177704694215,
        "dvar2": 0.00426528230309,
        "max": 0.448154419661,
        "mean": 0.0881106927991,
        "median": 0.0753906965256,
        "min": 6.59506060874e-11,
        "var": 0.00447730673477
    },
    "spectral_kurtosis": {
        "dmean": 3.05775141716,
        "dmean2": 5.14134025574,
        "dvar": 12.9401779175,
        "dvar2": 37.5996704102,
        "max": 40.1077156067,
        "mean": 6.75333929062,
        "median": 5.13364505768,
        "min": -1.26106715202,
        "var": 30.0414180756
    },
    "spectral_rms": {
        "dmean": 0.00104760937393,
        "dmean2": 0.00151927536353,
        "dvar": 1.9376657292e-06,
        "dvar2": 4.43012686446e-06,
        "max": 0.0163083095104,
        "mean": 0.00560127058998,
        "median": 0.00549473287538,
        "min": 3.13375367322e-12,
        "var": 1.16776336654e-05
    },
    "spectral_rolloff": {
        "dmean": 678.388977051,
        "dmean2": 1151.07348633,
        "dvar": 2342246.75,
        "dvar2": 5350963.5,
        "max": 19336.8164062,
        "mean": 1499.54040527,
        "median": 882.861328125,
        "min": 21.533203125,
        "var": 7101653
    },
    "spectral_skewness": {
        "dmean": 0.353844434023,
        "dmean2": 0.577235639095,
        "dvar": 0.130924403667,
        "dvar2": 0.34869363904,
        "max": 5.27961063385,
        "mean": 1.71568846703,
        "median": 1.6163738966,
        "min": -0.0719060748816,
        "var": 0.438870996237
    },
    "spectral_spread": {
        "dmean": 757037.5625,
        "dmean2": 1078538.375,
        "dvar": 1.96099820749e+12,
        "dvar2": 3.37909409382e+12,
        "max": 42625644,
        "mean": 4449059.5,
        "median": 3262600.5,
        "min": 1276306.875,
        "var": 1.94411988255e+13
    },
    "spectral_strongpeak": {
        "dmean": 0.460531592369,
        "dmean2": 0.788227319717,
        "dvar": 0.946824014187,
        "dvar2": 2.46146774292,
        "max": 15.9206953049,
        "mean": 0.837049722672,
        "median": 0.499273657799,
        "min": 0,
        "var": 1.37289631367
    },
    "zerocrossingrate": {
        "dmean": 0.0139634152874,
        "dmean2": 0.0166854094714,
        "dvar": 0.000480887509184,
        "dvar2": 0.000646205269732,
        "max": 0.75927734375,
        "mean": 0.0555333793163,
        "median": 0.04150390625,
        "min": 0.00048828125,
        "var": 0.00483256485313
    },
    "barkbands": {
        "dmean": [0.00165946444031, 0.00827070977539, 0.00590514391661, 0.0013693246292, 0.00161586899776, 0.000696195289493, 0.000697840412613, 0.000551964505576, 0.000296613317914, 0.000532883859705, 0.000620070495643, 0.00052411633078, 0.00027380141546, 0.00016090288409, 0.000421160890255, 0.000297417514957, 0.000429924170021, 0.00014256752911, 0.00020639639115, 0.000143044511788, 0.000127522755065, 0.00015709696163, 0.000119317839562, 0.000129740248667, 0.000179201189894, 0.00017067650333, 9.99207259156e-05],
        "dmean2": [0.0028760721907, 0.0128649771214, 0.00853987969458, 0.00236360542476, 0.00264335703105, 0.00113006134052, 0.0011265509529, 0.000725582765881, 0.000472504732898, 0.000844704685733, 0.00101194402669, 0.00080741464626, 0.000440240226453, 0.000257425941527, 0.000668582739308, 0.000481626600958, 0.000630826223642, 0.000227269512834, 0.000330987328198, 0.00023246294586, 0.000212662707781, 0.000270781863946, 0.000196080465685, 0.00021263754752, 0.000280453969026, 0.000270878721494, 0.00016433710698],
        "dvar": [3.70463603758e-05, 0.000346856395481, 0.000224561692448, 1.83332504093e-05, 1.92208080989e-05, 2.81785628431e-06, 2.1488085622e-06, 5.7661682149e-06, 3.409274143e-07, 1.43958141052e-06, 2.90590651275e-06, 2.44862303589e-06, 9.24826792925e-07, 5.26656606326e-07, 1.61435036716e-06, 2.44511670644e-06, 1.31997251174e-06, 1.45548412434e-07, 1.61972153023e-07, 2.33556917806e-07, 1.97698099669e-07, 3.64403774711e-07, 1.43474451875e-07, 1.65222814985e-07, 3.39616235578e-07, 3.06528534111e-07, 1.04209185281e-07],
        "dvar2": [0.000116032220831, 0.000955741386861, 0.000479472946608, 4.9503025366e-05, 4.99140660395e-05, 6.72219039188e-06, 5.38458471055e-06, 8.10888741398e-06, 7.92991272647e-07, 3.51955509359e-06, 7.68306654209e-06, 6.18789954387e-06, 2.29079273595e-06, 1.20762365441e-06, 4.58489557786e-06, 6.94376421961e-06, 2.63478113993e-06, 3.73889662342e-07, 3.95478565451e-07, 6.06793832958e-07, 5.27088559465e-07, 9.73400005932e-07, 3.49330235849e-07, 3.6440525264e-07, 7.74431327955e-07, 6.34905404695e-07, 2.48571438988e-07],
        "max": [0.136068195105, 0.215222477913, 0.225710377097, 0.071127384901, 0.124748304486, 0.0442743077874, 0.0346990786493, 0.0747959017754, 0.0147987473756, 0.0231341738254, 0.0331531949341, 0.0357794202864, 0.0264506097883, 0.0267536286265, 0.0331408418715, 0.0597452484071, 0.0289218351245, 0.00772264180705, 0.00606764061376, 0.0134359607473, 0.00643642665818, 0.00664802826941, 0.00335072888993, 0.00357868638821, 0.00643370207399, 0.0051151169464, 0.0025443197228],
        "mean": [0.00194719841238, 0.0169883687049, 0.00980874337256, 0.00173584267031, 0.00256911059842, 0.00120891665574, 0.00133890763391, 0.000954395974986, 0.000621087965555, 0.00102873751894, 0.000986154540442, 0.000941481383052, 0.000456785841379, 0.000226937379921, 0.000696178351063, 0.00040318374522, 0.000670562731102, 0.000207848468563, 0.000297271646559, 0.00017615800607, 0.00013192318147, 0.000126172380988, 0.000102303783933, 0.000121084478451, 0.000156445064931, 0.000150915817358, 7.55224318709e-05],
        "median": [0.000424567260779, 0.00378551497124, 0.00213555316441, 0.000337248144206, 0.000967393978499, 0.000447049649665, 0.000421437929617, 0.000133475565235, 0.000162888158229, 0.000226452437346, 0.000211843900615, 0.000136277987622, 0.000106302562926, 5.78957115067e-05, 0.00027188641252, 0.00010846479563, 0.000149423009134, 7.48437742004e-05, 0.000118432035379, 2.66716851911e-05, 1.91884500964e-05, 9.64741229836e-06, 4.51149662695e-06, 1.77284209713e-06, 1.03643128568e-06, 4.45358779189e-07, 3.51327287262e-08],
        "min": [3.23947357755e-25, 1.9450126869e-24, 1.67613161672e-24, 2.2195982075e-24, 1.13451443145e-23, 5.0919882804e-24, 1.23626565531e-23, 1.3699375835e-23, 1.07509545592e-23, 1.65296904338e-23, 1.28550035767e-23, 2.08247398733e-23, 3.80428139988e-23, 2.03548264761e-23, 6.00310905752e-23, 6.29449723651e-23, 7.65171159802e-23, 1.09140307254e-22, 1.60982100244e-22, 1.53349183099e-22, 3.01937634811e-22, 3.83951981652e-22, 3.89034845967e-22, 6.29128714061e-22, 8.13725901928e-22, 1.30514903689e-21, 2.07195435046e-21],
        "var": [3.43740575772e-05, 0.000865332200192, 0.000482998759253, 2.19857120101e-05, 3.20350300171e-05, 6.2871836235e-06, 6.2603699007e-06, 1.99759560928e-05, 1.31826880079e-06, 4.93362995257e-06, 5.62942204851e-06, 6.2499757405e-06, 1.19939613796e-06, 6.105351531e-07, 2.50800917456e-06, 1.75813636361e-06, 2.92183085548e-06, 1.73011244442e-07, 2.3807338323e-07, 2.33685312878e-07, 1.60757551271e-07, 2.56514994135e-07, 1.21588200841e-07, 1.66618633557e-07, 3.20145773003e-07, 3.15461988976e-07, 8.74980585763e-08]
    },
    "erbbands": {
        "dmean": [0.257480531931, 1.91510796547, 6.14995288849, 5.08125686646, 5.7090215683, 4.63488817215, 4.94348859787, 5.81306028366, 9.0754108429, 13.326010704, 7.60579061508, 6.89633655548, 7.87667560577, 25.7960262299, 19.6768836975, 20.6375541687, 12.8447113037, 7.76943874359, 19.8600654602, 16.4396495819, 16.0103263855, 18.4890270233, 8.74762058258, 6.49462842941, 11.9821834564, 6.64301300049, 6.53038978577, 4.15200901031, 5.34182167053, 4.7654914856, 3.40094399452, 3.23787283897, 2.02265095711, 2.07800412178, 1.24628412724, 0.696071445942, 0.3201187253, 0.127597689629, 0.017186883837, 0.000245611649007],
        "dmean2": [0.396348297596, 3.02158927917, 8.8887796402, 8.08961200714, 9.5441865921, 7.55650997162, 7.85172557831, 9.53480529785, 15.0891609192, 18.8049182892, 10.8060874939, 10.5925931931, 12.4004535675, 40.4844818115, 31.3408641815, 30.8155040741, 20.2297897339, 12.6241827011, 31.3579349518, 25.2779579163, 24.3665142059, 27.6787109375, 13.856593132, 10.353717804, 19.425737381, 10.5820970535, 10.8660554886, 6.976354599, 9.16200351715, 8.15278720856, 5.58766078949, 5.29980897903, 3.21632194519, 3.35072994232, 1.95717430115, 1.09831500053, 0.510595262051, 0.204935565591, 0.0284263901412, 0.000399661133997],
        "dvar": [0.358148723841, 19.7542419434, 227.89213562, 154.699768066, 327.722412109, 168.650680542, 109.340057373, 246.592788696, 286.512329102, 2017.5559082, 516.718017578, 215.314346313, 254.451751709, 3560.57104492, 2599.8137207, 3871.1105957, 1814.70385742, 999.794311523, 4133.62109375, 5693.61962891, 1850.61108398, 2164.06567383, 502.113128662, 263.196960449, 645.432678223, 418.086456299, 476.415435791, 231.710632324, 408.778381348, 324.949645996, 123.329086304, 106.198295593, 40.5653495789, 58.586227417, 14.9405851364, 5.13419675827, 1.07037293911, 0.162751764059, 0.00316046830267, 5.62623199585e-07],
        "dvar2": [0.91037094593, 55.683506012, 471.346099854, 391.432037354, 877.632507324, 413.983764648, 242.582946777, 642.099121094, 793.740966797, 3325.46411133, 728.993591309, 414.503509521, 615.660827637, 8181.74365234, 6383.26416016, 9502.12304688, 4512.42626953, 2810.23608398, 10321.4765625, 12111.546875, 4437.40576172, 4660.74023438, 1287.13415527, 666.693725586, 1651.15979004, 1041.34777832, 1258.88793945, 621.022521973, 1082.30761719, 863.978393555, 299.464996338, 242.738845825, 93.4476547241, 146.016052246, 31.7979373932, 10.9044818878, 2.24253869057, 0.359951406717, 0.00763902813196, 1.33413425374e-06],
        "max": [8.04665756226, 54.666053772, 218.649658203, 150.83934021, 445.947631836, 421.314056396, 285.204162598, 374.770568848, 354.614501953, 1081.67578125, 777.182739258, 357.871337891, 387.650085449, 946.639343262, 1204.86535645, 1486.09814453, 1252.4185791, 974.315612793, 2636.05957031, 3475.16723633, 973.307495117, 858.569396973, 457.554107666, 311.249053955, 493.972686768, 514.863464355, 322.648223877, 167.235458374, 195.19493103, 214.485534668, 124.825302124, 111.997383118, 69.2461624146, 102.207969666, 36.9554290771, 21.9633750916, 9.5490026474, 3.40475702286, 0.423853188753, 0.00568584771827],
        "mean": [0.595966637135, 3.46625208855, 10.83452034, 8.21158599854, 7.65441226959, 7.54477262497, 10.2386226654, 9.35105609894, 16.115020752, 24.889125824, 15.0525465012, 14.38144207, 16.2473392487, 51.6303520203, 37.2789497375, 37.1116256714, 23.5255050659, 12.5086479187, 33.325428009, 26.7057189941, 29.0456008911, 29.1160430908, 13.3680057526, 9.62794208527, 16.8164539337, 8.57558917999, 7.19941329956, 4.15201997757, 4.35424375534, 3.95948672295, 2.8762140274, 2.896951437, 1.80525124073, 1.71828019619, 1.12558352947, 0.61711794138, 0.279983609915, 0.104102291167, 0.0128036346287, 0.000226218238822],
        "median": [0.0941836759448, 0.847215294838, 3.28914356232, 2.21326589584, 2.05801343918, 3.2409992218, 3.41567063332, 3.97708559036, 6.791223526, 4.15897607803, 3.7032456398, 4.4323387146, 4.65417289734, 10.8933811188, 11.0386171341, 7.86767816544, 6.23440408707, 4.54183578491, 12.9500379562, 9.72971248627, 7.96354055405, 7.94952058792, 5.7270731926, 3.30404615402, 6.18786716461, 1.98810720444, 1.1637430191, 0.63017141819, 0.380185097456, 0.222442761064, 0.113240092993, 0.050338793546, 0.0248099640012, 0.0137710031122, 0.00615172833204, 0.00230986694805, 0.000759113812819, 0.000135066977236, 3.47048044205e-05, 4.1233291995e-05],
        "min": [7.20828278577e-23, 5.04706896273e-22, 2.54743254917e-21, 6.93973918556e-21, 1.73458401203e-20, 4.10945590138e-20, 5.78289850301e-20, 5.68184158908e-20, 1.53114026516e-19, 1.9484355651e-19, 2.78147985422e-19, 3.12005289225e-19, 5.19106550888e-19, 5.22093758574e-19, 9.16745247738e-19, 1.15348930213e-18, 2.224005151e-18, 1.52748795256e-18, 3.04855388164e-18, 3.14453061414e-18, 4.35502941089e-18, 4.46615037283e-18, 5.72664334542e-18, 8.17165109696e-18, 8.45438556624e-18, 8.10202565044e-18, 1.04605789659e-17, 1.22469358829e-17, 1.17085604181e-17, 1.31282099716e-17, 1.05465321305e-17, 1.18161931594e-17, 8.6241925111e-18, 8.61525647895e-18, 6.93969544192e-18, 4.14643844864e-18, 2.17915645216e-18, 8.47051455421e-19, 2.71335817035e-19, 2.75091902025e-20],
        "var": [1.25835132599, 38.0441322327, 512.945678711, 264.566467285, 425.046844482, 279.421966553, 418.143981934, 355.944610596, 602.943786621, 6707.7578125, 2069.85473633, 755.972900391, 846.409423828, 10893.5732422, 6006.60498047, 9828.33105469, 2609.38354492, 884.552062988, 5524.06542969, 7920.31787109, 3986.14233398, 4126.11083984, 588.177734375, 334.907989502, 849.303222656, 469.137573242, 418.262634277, 173.016921997, 293.563110352, 231.901412964, 104.230438232, 101.259986877, 38.4827690125, 47.6353683472, 15.2964429855, 5.20062971115, 1.08213949203, 0.152733162045, 0.00259089982137, 4.89115677738e-07]
    },
    "gfcc": {
        "mean": [-66.2926712036, 107.138572693, -117.290039062, 36.8850326538, -32.966217041, 13.8429756165, -24.5976257324, 10.9280080795, -16.2440128326, 1.08487975597, -8.74736309052, 0.846176087856, -4.32071590424],
        "cov": [[32427.5429688, 2204.93652344, -489.630889893, -640.942321777, -993.926879883, -442.715362549, -871.493164062, 13.4724769592, -810.094360352, 61.161567688, -519.798828125, 470.521362305, -242.603729248], [2204.93652344, 2980.44433594, -720.625488281, -286.253387451, -24.1714076996, -530.398376465, 156.723754883, -174.577026367, 141.419769287, -254.809082031, 238.446746826, -155.696716309, 176.277572632], [-489.630889893, -720.625488281, 1817.53601074, 180.900405884, 86.164276123, 159.973022461, -159.197433472, -36.995059967, -112.665283203, -2.13413381577, -189.615386963, 16.4521579742, -197.339691162], [-640.942321777, -286.253387451, 180.900405884, 755.398864746, 268.250579834, 125.014930725, 20.2595176697, 47.8738822937, 3.49440383911, 12.0458192825, -38.3260993958, -81.0644226074, -58.595703125], [-993.926879883, -24.1714076996, 86.164276123, 268.250579834, 527.823059082, 150.095779419, 158.316131592, 15.4470443726, 45.3077392578, -7.40512084961, 35.7426300049, -68.3743286133, -9.21834468842], [-442.715362549, -530.398376465, 159.973022461, 125.014930725, 150.095779419, 448.160461426, 104.630706787, 67.0756607056, -9.11819648743, 76.8023605347, -47.2447662354, 32.8098564148, -34.8337745667], [-871.493164062, 156.723754883, -159.197433472, 20.2595176697, 158.316131592, 104.630706787, 300.112762451, 59.2707061768, 78.7259063721, -3.31883907318, 72.4040756226, -7.20828723907, 37.1262550354], [13.4724769592, -174.577026367, -36.995059967, 47.8738822937, 15.4470443726, 67.0756607056, 59.2707061768, 160.004776001, 37.4999046326, 51.1162567139, 5.42784357071, 26.798740387, -7.50020265579], [-810.094360352, 141.419769287, -112.665283203, 3.49440383911, 45.3077392578, -9.11819648743, 78.7259063721, 37.4999046326, 153.025695801, 18.8788280487, 60.5935783386, -18.6407108307, 42.8318557739], [61.161567688, -254.809082031, -2.13413381577, 12.0458192825, -7.40512084961, 76.8023605347, -3.31883907318, 51.1162567139, 18.8788280487, 119.032600403, 3.6341714859, 39.1936912537, 6.61323738098], [-519.798828125, 238.446746826, -189.615386963, -38.3260993958, 35.7426300049, -47.2447662354, 72.4040756226, 5.42784357071, 60.5935783386, 3.6341714859, 119.558990479, -0.733136057854, 48.5927085876], [470.521362305, -155.696716309, 16.4521579742, -81.0644226074, -68.3743286133, 32.8098564148, -7.20828723907, 26.798740387, -18.6407108307, 39.1936912537, -0.733136057854, 122.406196594, 14.0814056396], [-242.603729248, 176.277572632, -197.339691162, -58.595703125, -9.21834468842, -34.8337745667, 37.1262550354, -7.50020265579, 42.8318557739, 6.61323738098, 48.5927085876, 14.0814056396, 107.77809906]],
        "icov": [[6.1602841015e-05, -0.000133830326376, 4.67873978778e-05, 4.26526457886e-06, -1.52701868501e-05, -5.53214294996e-06, 0.00012599551701, -0.000128818457597, 0.00026095379144, -0.00022280489793, 0.000339907739544, -0.000290043768473, 0.000184689066373], [-0.000133830326376, 0.000944619183429, -3.22466657963e-05, 9.79773030849e-05, 6.51430746075e-05, 0.000458226568298, -0.000554568483494, 0.000575334008317, -0.000737394730095, 0.00137613504194, -0.00135583640076, 0.00106963131111, -0.000787115714047], [4.67873978778e-05, -3.22466657963e-05, 0.000837600324303, -2.44548282353e-05, -0.000242751921178, -6.95723429089e-05, 0.000319624203257, 0.000247968826443, -5.90559575357e-05, -2.06409058592e-05, 0.000960351433605, -0.000638746656477, 0.00121750601102], [4.26526457886e-06, 9.79773030849e-05, -2.44548282353e-05, 0.00188023305964, -0.000882969237864, -9.89598192973e-05, 0.000351998285623, -0.000624743581284, 3.81742320315e-05, -7.12861001375e-05, 0.000307290494675, 0.00104713160545, 0.000268419040367], [-1.52701868501e-05, 6.51430746075e-05, -0.000242751921178, -0.000882969237864, 0.00320502533577, -0.000736774876714, -0.00130783126224, 0.000515751133207, -9.47875741986e-05, 0.000284929090412, -0.0012449384667, 0.00128909642808, -0.000129979103804], [-5.53214294996e-06, 0.000458226568298, -6.95723429089e-05, -9.89598192973e-05, -0.000736774876714, 0.00400580093265, -0.00184774701484, 9.11718088901e-05, 0.000318352831528, -0.00167807529215, 0.00162743846886, -0.000498089764733, 0.000239175627939], [0.00012599551701, -0.000554568483494, 0.000319624203257, 0.000351998285623, -0.00130783126224, -0.00184774701484, 0.00647868635133, -0.0022244118154, -0.000772693310864, 0.00145052513108, -0.00150175951421, -0.000944797298871, -0.000109725428047], [-0.000128818457597, 0.000575334008317, 0.000247968826443, -0.000624743581284, 0.000515751133207, 9.11718088901e-05, -0.0022244118154, 0.00942661147565, -0.00268953409977, -0.00208089128137, 9.43969553191e-06, -0.00109164963942, 0.00171412108466], [0.00026095379144, -0.000737394730095, -5.90559575357e-05, 3.81742320315e-05, -9.47875741986e-05, 0.000318352831528, -0.000772693310864, -0.00268953409977, 0.0113515052944, -0.00288854097016, -0.00161532976199, 0.00136009708513, -0.00190348678734], [-0.00022280489793, 0.00137613504194, -2.06409058592e-05, -7.12861001375e-05, 0.000284929090412, -0.00167807529215, 0.00145052513108, -0.00208089128137, -0.00288854097016, 0.0145675651729, -0.00346603174694, -0.00118031678721, -0.0020203080494], [0.000339907739544, -0.00135583640076, 0.000960351433605, 0.000307290494675, -0.0012449384667, 0.00162743846886, -0.00150175951421, 9.43969553191e-06, -0.00161532976199, -0.00346603174694, 0.0172720178962, -0.00313365203328, -0.000677612784784], [-0.000290043768473, 0.00106963131111, -0.000638746656477, 0.00104713160545, 0.00128909642808, -0.000498089764733, -0.000944797298871, -0.00109164963942, 0.00136009708513, -0.00118031678721, -0.00313365203328, 0.0134434299543, -0.00361546268687], [0.000184689066373, -0.000787115714047, 0.00121750601102, 0.000268419040367, -0.000129979103804, 0.000239175627939, -0.000109725428047, 0.00171412108466, -0.00190348678734, -0.0020203080494, -0.000677612784784, -0.00361546268687, 0.0152381537482]]
    },
    "melbands": {
        "dmean": [0.00232718093321, 0.00281014665961, 0.000910050410312, 0.000390154687921, 0.000172268933966, 0.000133129578899, 0.000140737436595, 0.000146927442984, 5.82138527534e-05, 4.35934707639e-05, 4.22562297899e-05, 0.000106128543848, 7.42679694667e-05, 5.99301347393e-05, 4.40941475972e-05, 2.27008367801e-05, 1.40997372e-05, 3.06091642415e-05, 2.79986597889e-05, 2.20320453082e-05, 2.17531924136e-05, 2.46090148721e-05, 1.09855418486e-05, 7.53293670641e-06, 5.10796462549e-06, 9.75793591351e-06, 5.77473701924e-06, 4.5544375098e-06, 4.41294469056e-06, 3.66524477613e-06, 2.05447736334e-06, 2.90698494609e-06, 3.58888814844e-06, 2.25351982408e-06, 1.87792511497e-06, 1.72970089807e-06, 2.24290920414e-06, 1.27831856389e-06, 1.5036169998e-06, 1.86489171483e-06],
        "dmean2": [0.00362226204015, 0.0041953669861, 0.0014425732661, 0.000635900185443, 0.000274667894701, 0.000216737244045, 0.000232857011724, 0.000200408205274, 8.457354852e-05, 6.81503806845e-05, 6.59568540868e-05, 0.000165983874467, 0.000119509815704, 9.36546421144e-05, 6.46048792987e-05, 3.71551541321e-05, 2.3323987989e-05, 4.81262904941e-05, 4.38540737377e-05, 3.52793867933e-05, 3.29735521518e-05, 3.65223968402e-05, 1.74275683094e-05, 1.20609538499e-05, 8.24830567581e-06, 1.56967362273e-05, 9.45034207689e-06, 7.2756206464e-06, 7.39043025533e-06, 6.24003587291e-06, 3.47919444721e-06, 4.98613462696e-06, 6.25571510682e-06, 3.79593575417e-06, 3.07277878164e-06, 2.82422183773e-06, 3.70151860807e-06, 2.05746027859e-06, 2.42232727032e-06, 3.04567493004e-06],
        "dvar": [2.78398256341e-05, 3.87426298403e-05, 4.78863148601e-06, 1.33561366056e-06, 1.20340942544e-07, 1.15198524497e-07, 7.44837507227e-08, 3.01286064541e-07, 2.2994003146e-08, 8.80287309712e-09, 7.53217488381e-09, 5.85879291748e-08, 3.55776208494e-08, 3.95007191401e-08, 1.40074600807e-08, 8.90958862243e-09, 4.60326488039e-09, 1.37471536377e-08, 9.26076459962e-09, 1.82964203788e-08, 3.62535002019e-09, 4.57661597508e-09, 7.75165431843e-10, 5.19581377922e-10, 1.89960422392e-10, 3.65999480723e-10, 3.78380382582e-10, 1.85489637539e-10, 2.01682753831e-10, 1.80649439852e-10, 5.65538761654e-11, 1.14888272507e-10, 2.15727838371e-10, 6.43308531445e-11, 3.56515927891e-11, 4.23044342612e-11, 5.01222813254e-11, 1.70682860207e-11, 2.29457165074e-11, 5.49508459569e-11],
        "dvar2": [7.57006928325e-05, 8.527598402e-05, 1.21000448416e-05, 3.41690702044e-06, 2.85080062667e-07, 2.93888604119e-07, 2.03130994691e-07, 4.6460687031e-07, 3.52686519989e-08, 1.78114181182e-08, 1.80333756816e-08, 1.34400934826e-07, 9.10728914505e-08, 1.03905335891e-07, 3.17598072286e-08, 2.28023058213e-08, 1.39605855765e-08, 3.29701457247e-08, 2.21033964465e-08, 4.94254805972e-08, 8.11102474074e-09, 9.59557855396e-09, 1.95159111094e-09, 1.32762012495e-09, 4.95835761338e-10, 9.07729502675e-10, 1.04934727574e-09, 4.59665500108e-10, 5.27676791151e-10, 4.9675391578e-10, 1.49383838632e-10, 3.02594171941e-10, 5.84665427183e-10, 1.68227959341e-10, 8.63052129763e-11, 1.05524741723e-10, 1.13333037399e-10, 4.03234702573e-11, 5.41964459422e-11, 1.405604938e-10],
        "max": [0.0602935701609, 0.0806043297052, 0.03175265342, 0.032225549221, 0.00763275008649, 0.00840705353767, 0.00641834409907, 0.0149770565331, 0.00502094067633, 0.00260722567327, 0.00230145966634, 0.00370974047109, 0.00362499966286, 0.00529983732849, 0.00293389707804, 0.00259514618665, 0.00225693685934, 0.00536869559437, 0.00310419220477, 0.0056647695601, 0.0017047484871, 0.00135301623959, 0.000584053806961, 0.000440027448349, 0.000266313320026, 0.000302057305817, 0.000728627783246, 0.00022649395396, 0.00022730929777, 0.000159016984981, 8.21676294436e-05, 0.000100167395431, 0.000170034603798, 8.91510644578e-05, 5.86225796724e-05, 9.55929572228e-05, 6.58003555145e-05, 4.79200280097e-05, 4.48309765488e-05, 0.000106803170638],
        "mean": [0.00496707111597, 0.00531306164339, 0.00148275413085, 0.000573119788896, 0.000349128706148, 0.000217708467972, 0.000255510502029, 0.000269876152743, 0.000112959845865, 8.96760029718e-05, 8.0251658801e-05, 0.000209527177503, 0.000127379767946, 0.000110364584543, 7.76249871706e-05, 3.5322340409e-05, 2.0321818738e-05, 4.77427274745e-05, 4.61509189336e-05, 3.01076779579e-05, 3.90478380723e-05, 3.69722583855e-05, 1.57952745212e-05, 1.00111064967e-05, 6.63448236082e-06, 1.35486798172e-05, 7.43680675441e-06, 5.54568487132e-06, 4.94601181344e-06, 3.52330175701e-06, 2.00290219254e-06, 2.37397125602e-06, 2.76052310255e-06, 1.92869038074e-06, 1.59862759119e-06, 1.44201021612e-06, 1.99895725927e-06, 1.13993417017e-06, 1.29366640067e-06, 1.5051708715e-06],
        "median": [0.00103183323517, 0.00188807502855, 0.000432659173384, 0.000202330556931, 0.000129595428007, 9.10311428015e-05, 9.93447247311e-05, 3.9369580918e-05, 2.99506336887e-05, 2.39739747485e-05, 2.05610049306e-05, 3.89831875509e-05, 3.49261026713e-05, 1.77364290721e-05, 1.54316912813e-05, 9.89083491731e-06, 5.33606407771e-06, 1.76666471816e-05, 1.72044110514e-05, 7.07286835677e-06, 7.46355999581e-06, 6.14141390542e-06, 5.93957656747e-06, 2.12746181205e-06, 1.60580509601e-06, 4.85719556309e-06, 2.40446024691e-06, 7.58929047606e-07, 7.63528930747e-07, 4.01763799118e-07, 2.9499011589e-07, 2.07877349112e-07, 1.49809466166e-07, 1.04151524738e-07, 6.53417657759e-08, 4.19646895011e-08, 2.41813662427e-08, 1.71579337405e-08, 1.44549971992e-08, 1.03494892656e-08],
        "min": [1.11384852399e-24, 1.33575351891e-24, 1.87725722654e-24, 1.48020785433e-24, 2.51408787203e-24, 1.02928391685e-24, 2.96823410909e-24, 2.67625992477e-24, 1.87505512132e-24, 1.64797934038e-24, 2.49772551634e-24, 1.68772589988e-24, 1.98126025385e-24, 2.37684974034e-24, 4.75184644642e-24, 4.15269751701e-24, 2.16301301755e-24, 3.81531866835e-24, 2.96788247434e-24, 3.85761502351e-24, 4.11986867601e-24, 4.17596575827e-24, 3.82511829295e-24, 5.18645397937e-24, 5.68255243101e-24, 3.16372508267e-24, 5.73873944342e-24, 4.59222399213e-24, 4.88136360199e-24, 6.35364468612e-24, 5.45912848442e-24, 5.74108906562e-24, 7.0442296942e-24, 7.01330476899e-24, 5.16830662867e-24, 6.38238131118e-24, 5.91158636193e-24, 5.15314472207e-24, 6.79102348743e-24, 6.05973562322e-24],
        "var": [7.68191021052e-05, 8.8601897005e-05, 7.80235768616e-06, 2.22451740228e-06, 3.81667121019e-07, 1.84977196227e-07, 1.68650529986e-07, 1.01678392639e-06, 9.20017413364e-08, 3.30650422598e-08, 2.41661552991e-08, 1.84503704759e-07, 7.24386808315e-08, 9.90107054122e-08, 3.05453582428e-08, 8.52334647305e-09, 3.41561756656e-09, 1.54163100063e-08, 1.74793193253e-08, 1.44310376982e-08, 1.00520711754e-08, 9.03337316061e-09, 1.00704089512e-09, 6.56146859068e-10, 2.15769901946e-10, 5.26123866695e-10, 3.13341547153e-10, 2.14955359068e-10, 1.91423085716e-10, 1.32428901178e-10, 4.27308154138e-11, 8.36584343467e-11, 1.4581684471e-10, 4.79706517564e-11, 3.03547464942e-11, 3.45197967433e-11, 4.77118934639e-11, 1.58884589513e-11, 2.04983200552e-11, 4.22952887991e-11]
    },
    "mfcc": {
        "mean": [-701.891479492, 137.100723267, -11.1064214706, 31.3003444672, 12.535487175, 11.0062036514, 7.37477588654, 10.0157804489, 4.44967937469, 5.72531843185, -1.96086919308, 0.222677752376, 7.01655435562],
        "cov": [[16265.8876953, 1960.71044922, 206.269241333, -185.345626831, -347.846160889, -370.002380371, -260.40524292, -247.203765869, -102.683700562, -589.257324219, -383.154998779, 124.00856781, 218.036422729], [1960.71044922, 2752.22241211, -421.880187988, 59.7723731995, -237.826522827, -219.92149353, -113.844329834, -27.8020439148, -95.8861312866, -86.120765686, -67.7674942017, 2.29792070389, 22.6764717102], [206.269241333, -421.880187988, 1170.38928223, 122.817749023, 245.556991577, 87.5592422485, -26.2130146027, -34.8368530273, -9.42323875427, -72.6271743774, -12.4431753159, 4.71696615219, -73.4639358521], [-185.345626831, 59.7723731995, 122.817749023, 572.569702148, 199.363845825, 55.3893623352, 47.9065589905, 40.0585174561, 11.2132263184, 36.7998733521, 4.50789546967, -9.793633461, 7.65856647491], [-347.846160889, -237.826522827, 245.556991577, 199.363845825, 370.742645264, 178.047866821, 93.5529098511, 40.0758361816, 26.744102478, 50.4013328552, 25.5732555389, -18.327457428, -18.4462356567], [-370.002380371, -219.92149353, 87.5592422485, 55.3893623352, 178.047866821, 306.909820557, 164.111801147, 70.1490402222, 68.1733169556, 42.8189315796, 25.0292987823, 36.3707199097, 19.2033576965], [-260.40524292, -113.844329834, -26.2130146027, 47.9065589905, 93.5529098511, 164.111801147, 224.489883423, 103.353553772, 61.7855873108, 59.6037788391, 32.2244491577, 28.6178359985, 30.7607498169], [-247.203765869, -27.8020439148, -34.8368530273, 40.0585174561, 40.0758361816, 70.1490402222, 103.353553772, 143.889724731, 62.2198677063, 23.4745578766, 43.4376373291, 49.9701652527, 24.3780841827], [-102.683700562, -95.8861312866, -9.42323875427, 11.2132263184, 26.744102478, 68.1733169556, 61.7855873108, 62.2198677063, 118.848548889, 43.0866546631, 19.6457386017, 52.0688171387, 25.4861335754], [-589.257324219, -86.120765686, -72.6271743774, 36.7998733521, 50.4013328552, 42.8189315796, 59.6037788391, 23.4745578766, 43.0866546631, 151.966690063, 53.6799659729, -39.1229171753, -11.6142959595], [-383.154998779, -67.7674942017, -12.4431753159, 4.50789546967, 25.5732555389, 25.0292987823, 32.2244491577, 43.4376373291, 19.6457386017, 53.6799659729, 112.941490173, 28.568145752, -16.982717514], [124.00856781, 2.29792070389, 4.71696615219, -9.793633461, -18.327457428, 36.3707199097, 28.6178359985, 49.9701652527, 52.0688171387, -39.1229171753, 28.568145752, 138.928115845, 65.1548614502], [218.036422729, 22.6764717102, -73.4639358521, 7.65856647491, -18.4462356567, 19.2033576965, 30.7607498169, 24.3780841827, 25.4861335754, -11.6142959595, -16.982717514, 65.1548614502, 110.313674927]],
