{
"lowlevel": {
    "average_loudness": 0.910790205002,
    "barkbands_crest": {
        "dmean": 3.07392215729,
        "dmean2": 4.68313312531,
        "dvar": 8.90615081787,
        "dvar2": 20.4868106842,
        "max": 25.9538841248,
        "mean": 12.2159881592,
        "median": 11.2689352036,
        "min": 2.22411489487,
        "var": 25.1939144135
    },
    "barkbands_flatness_db": {
        "dmean": 0.0359500274062,
        "dmean2": 0.0508479624987,
        "dvar": 0.00108361511957,
        "dvar2": 0.00233419402502,
        "max": 0.412837594748,
        "mean": 0.178509220481,
        "median": 0.175397098064,
        "min": 0.0144138485193,
        "var": 0.004274697043
    },
    "barkbands_kurtosis": {
        "dmean": 4.59010839462,
        "dmean2": 7.25815200806,
        "dvar": 71.090171814,
        "dvar2": 177.365280151,
        "max": 230.9715271,
        "mean": 6.35584306717,
        "median": 3.16239404678,
        "min": -1.86273241043,
        "var": 106.884353638
    },
    "barkbands_skewness": {
        "dmean": 0.719175815582,
        "dmean2": 1.10136151314,
        "dvar": 0.609216213226,
        "dvar2": 1.39227187634,
        "max": 13.6138725281,
        "mean": 1.88866853714,
        "median": 1.69399428368,
        "min": -4.04747676849,
        "var": 1.71085250378
    },
    "barkbands_spread": {
        "dmean": 6.07305669785,
        "dmean2": 9.39486026764,
        "dvar": 56.2420883179,
        "dvar2": 123.788246155,
        "max": 75.0921096802,
        "mean": 15.2297925949,
        "median": 13.1883459091,
        "min": 0.857173204422,
        "var": 104.461723328
    },
    "dissonance": {
        "dmean": 0.0241161994636,
        "dmean2": 0.0393133126199,
        "dvar": 0.000581204600167,
        "dvar2": 0.00149806821719,
        "max": 0.500000238419,
        "mean": 0.45407474041,
        "median": 0.461576253176,
        "min": 0.0445866957307,
        "var": 0.00110737199429
    },
    "dynamic_complexity": 4.66817617416,
    "erbbands_crest": {
        "dmean": 2.98823618889,
        "dmean2": 4.74339723587,
        "dvar": 7.73437595367,
        "dvar2": 19.3068237305,
        "max": 28.004360199,
        "mean": 9.48990440369,
        "median": 8.64406490326,
        "min": 2.24607253075,
        "var": 18.099357605
    },
    "erbbands_flatness_db": {
        "dmean": 0.0266281645745,
        "dmean2": 0.0372326672077,
        "dvar": 0.000644612126052,
        "dvar2": 0.00129314989317,
        "max": 0.407216250896,
        "mean": 0.182771995664,
        "median": 0.172906562686,
        "min": 0.0504952296615,
        "var": 0.00422390783206
    },
    "erbbands_kurtosis": {
        "dmean": 1.32829916477,
        "dmean2": 2.09379291534,
        "dvar": 4.55379676819,
        "dvar2": 11.342549324,
        "max": 65.2942810059,
        "mean": 0.941427409649,
        "median": 0.27324962616,
        "min": -1.83266115189,
        "var": 6.54668903351
    },
    "erbbands_skewness": {
        "dmean": 0.438634157181,
        "dmean2": 0.679863035679,
        "dvar": 0.180038690567,
        "dvar2": 0.419616639614,
        "max": 6.67019510269,
        "mean": 0.515405535698,
        "median": 0.471279293299,
        "min": -2.91725373268,
        "var": 0.544807553291
    },
    "erbbands_spread": {
        "dmean": 9.39939498901,
        "dmean2": 13.8971271515,
        "dvar": 100.220039368,
        "dvar2": 201.158096313,
        "max": 120.874320984,
        "mean": 31.3496780396,
        "median": 28.2169075012,
        "min": 2.18952083588,
        "var": 279.483062744
    },
    "hfc": {
        "dmean": 9.21142292023,
        "dmean2": 14.1728878021,
        "dvar": 197.592010498,
        "dvar2": 478.191986084,
        "max": 119.322135925,
        "mean": 16.9193687439,
        "median": 10.6131467819,
        "min": 1.15709729853e-16,
        "var": 313.295196533
    },
    "melbands_crest": {
        "dmean": 3.88610243797,
        "dmean2": 6.06287717819,
        "dvar": 13.7772922516,
        "dvar2": 33.1140480042,
        "max": 35.128742218,
        "mean": 16.9769325256,
        "median": 16.1531124115,
        "min": 1.84848427773,
        "var": 45.0495796204
    },
    "melbands_flatness_db": {
        "dmean": 0.0437850095332,
        "dmean2": 0.061281375587,
        "dvar": 0.00176780263428,
        "dvar2": 0.00368771818466,
        "max": 0.532279014587,
        "mean": 0.249042734504,
        "median": 0.24933873117,
        "min": 0.00526000466198,
        "var": 0.00644910661504
    },
    "melbands_kurtosis": {
        "dmean": 8.90136146545,
        "dmean2": 13.8828668594,
        "dvar": 220.8046875,
        "dvar2": 492.566131592,
        "max": 317.670318604,
        "mean": 15.0588140488,
        "median": 8.24839401245,
        "min": -1.74455869198,
        "var": 475.450134277
    },
    "melbands_skewness": {
        "dmean": 0.895898282528,
        "dmean2": 1.36352133751,
        "dvar": 0.926073312759,
        "dvar2": 2.07494735718,
        "max": 14.7964992523,
        "mean": 2.76922821999,
        "median": 2.45472764969,
        "min": -2.19177627563,
        "var": 3.06059837341
    },
    "melbands_spread": {
        "dmean": 6.80323457718,
        "dmean2": 10.7393074036,
        "dvar": 90.0197067261,
        "dvar2": 212.334075928,
        "max": 148.580200195,
        "mean": 16.148109436,
        "median": 13.0949401855,
        "min": 0.717507839203,
        "var": 169.300369263
    },
    "pitch_salience": {
        "dmean": 0.0918918848038,
        "dmean2": 0.142276868224,
        "dvar": 0.00954080279917,
        "dvar2": 0.0229532960802,
        "max": 0.954927146435,
        "mean": 0.509873449802,
        "median": 0.518770992756,
        "min": 0.0804084688425,
        "var": 0.0224940031767
    },
    "silence_rate_20dB": {
        "dmean": 0,
        "dmean2": 0,
        "dvar": 0,
        "dvar2": 0,
        "max": 1,
        "mean": 1,
        "median": 1,
        "min": 1,
        "var": 0
    },
    "silence_rate_30dB": {
        "dmean": 0.0560138113797,
        "dmean2": 0.112038366497,
        "dvar": 0.0528755486012,
        "dvar2": 0.106782823801,
        "max": 1,
        "mean": 0.940443098545,
        "median": 1,
        "min": 0,
        "var": 0.0560054145753
    },
    "silence_rate_60dB": {
        "dmean": 0.0314598120749,
        "dmean2": 0.0629256591201,
        "dvar": 0.0304652154446,
        "dvar2": 0.0697154924273,
        "max": 1,
        "mean": 0.115085832775,
        "median": 0,
        "min": 0,
        "var": 0.101841598749
    },
    "spectral_centroid": {
        "dmean": 296.630706787,
        "dmean2": 456.858306885,
        "dvar": 131512.203125,
        "dvar2": 286913.5625,
        "max": 11447.6425781,
        "mean": 1061.86193848,
        "median": 967.082214355,
        "min": 184.407089233,
        "var": 303046.59375
    },
    "spectral_complexity": {
        "dmean": 4.94993305206,
        "dmean2": 7.41448450089,
        "dvar": 36.1473426819,
        "dvar2": 73.9454345703,
        "max": 58,
        "mean": 15.4393405914,
        "median": 14,
        "min": 0,
        "var": 90.4225692749
    },
    "spectral_decrease": {
        "dmean": 3.49941520206e-09,
        "dmean2": 5.07144282125e-09,
        "dvar": 3.23043013611e-17,
        "dvar2": 7.05036939547e-17,
        "max": 1.32904068046e-28,
        "mean": -9.0915568407e-09,
        "median": -6.38087271909e-09,
        "min": -5.25096908177e-08,
        "var": 8.53461993498e-17
    },
    "spectral_energy": {
        "dmean": 0.0137475701049,
        "dmean2": 0.0199221223593,
        "dvar": 0.000482768489746,
        "dvar2": 0.00104906503111,
        "max": 0.202020019293,
        "mean": 0.0358482785523,
        "median": 0.0255775395781,
        "min": 1.06280365627e-20,
        "var": 0.00128568022046
    },
    "spectral_energyband_high": {
        "dmean": 0.000528491276782,
        "dmean2": 0.000839874381199,
        "dvar": 1.16050864563e-06,
        "dvar2": 2.82744508695e-06,
        "max": 0.00863541755825,
        "mean": 0.000506077427417,
        "median": 9.97037132038e-05,
        "min": 7.35207660401e-21,
        "var": 1.13210569452e-06
    },
    "spectral_energyband_low": {
        "dmean": 0.00983738526702,
        "dmean2": 0.0145546728745,
        "dvar": 0.00037167003029,
        "dvar2": 0.000863314722665,
        "max": 0.168104693294,
        "mean": 0.0205235052854,
        "median": 0.00844546128064,
        "min": 4.06757382442e-23,
        "var": 0.000803860719316
    },
    "spectral_energyband_middle_high": {
        "dmean": 0.00289086461999,
        "dmean2": 0.00451652053744,
        "dvar": 2.1389882022e-05,
        "dvar2": 4.91364626214e-05,
        "max": 0.0654518380761,
        "mean": 0.00543898390606,
        "median": 0.00255425623618,
        "min": 1.28569918533e-21,
        "var": 4.80944072478e-05
    },
    "spectral_energyband_middle_low": {
        "dmean": 0.00688031269237,
        "dmean2": 0.0116216596216,
        "dvar": 0.000240918365307,
        "dvar2": 0.000675545947161,
        "max": 0.129293888807,
        "mean": 0.0107824308798,
        "median": 0.00661517493427,
        "min": 3.11388112725e-22,
        "var": 0.000200548354769
    },
    "spectral_entropy": {
        "dmean": 0.295083403587,
        "dmean2": 0.41301381588,
        "dvar": 0.079818546772,
        "dvar2": 0.15580919385,
        "max": 9.81836032867,
        "mean": 7.37085199356,
        "median": 7.37145519257,
        "min": 5.29672002792,
        "var": 0.273713558912
    },
    "spectral_flux": {
        "dmean": 0.0361579358578,
        "dmean2": 0.0531260482967,
        "dvar": 0.00229786685668,
        "dvar2": 0.00376470037736,
        "max": 0.414435356855,
        "mean": 0.0932500958443,
        "median": 0.0740581080317,
        "min": 6.83102255317e-11,
        "var": 0.00634874589741
    },
    "spectral_kurtosis": {
        "dmean": 3.52921414375,
        "dmean2": 5.58545541763,
        "dvar": 19.3070907593,
        "dvar2": 54.2370986938,
        "max": 57.4858131409,
        "mean": 7.77752542496,
        "median": 6.24112510681,
        "min": -1.32869756222,
        "var": 43.407081604
    },
    "spectral_rms": {
        "dmean": 0.00103927834425,
        "dmean2": 0.00146828021389,
        "dvar": 1.8192938569e-06,
        "dvar2": 3.68470546164e-06,
        "max": 0.0140389706939,
        "mean": 0.00512791145593,
        "median": 0.00499536748976,
        "min": 3.22006462293e-12,
        "var": 8.67859580467e-06
    },
    "spectral_rolloff": {
        "dmean": 518.744262695,
        "dmean2": 879.587219238,
        "dvar": 1030694.8125,
        "dvar2": 2424156.5,
        "max": 19121.484375,
        "mean": 1099.18200684,
        "median": 818.26171875,
        "min": 64.599609375,
        "var": 1633778.25
    },
    "spectral_skewness": {
        "dmean": 0.396914899349,
        "dmean2": 0.603159666061,
        "dvar": 0.145236700773,
        "dvar2": 0.357575684786,
        "max": 5.67055225372,
        "mean": 1.96627056599,
        "median": 1.90588593483,
        "min": -0.0505066402256,
        "var": 0.411714315414
    },
    "spectral_spread": {
        "dmean": 846726,
        "dmean2": 1182077.25,
        "dvar": 1.06718350541e+12,
        "dvar2": 1.98463284838e+12,
        "max": 52009240,
        "mean": 4127020.75,
        "median": 3786758.25,
        "min": 1079597.5,
        "var": 3.47628188467e+12
    },
    "spectral_strongpeak": {
        "dmean": 0.38640755415,
        "dmean2": 0.645589411259,
        "dvar": 0.509263277054,
        "dvar2": 1.23199939728,
        "max": 9.4128780365,
        "mean": 0.734517335892,
        "median": 0.497184336185,
        "min": 0,
        "var": 0.730699539185
    },
    "zerocrossingrate": {
        "dmean": 0.0121521893889,
        "dmean2": 0.015065244399,
        "dvar": 0.000243979404331,
        "dvar2": 0.000329513568431,
        "max": 0.72265625,
        "mean": 0.0450939238071,
        "median": 0.037109375,
        "min": 0.0029296875,
        "var": 0.00114709080663
    },
    "barkbands": {
        "dmean": [0.000322982203215, 0.00658555701375, 0.0052717840299, 0.00245031900704, 0.00225168233737, 0.000981530058198, 0.000870126474183, 0.00107309175655, 0.000949299428612, 0.000844783557113, 0.000708240724634, 0.000861941778567, 0.000383412436349, 0.000362100021448, 0.000315049081109, 0.000274268619251, 0.000243155969656, 0.000158693481353, 0.000138750023325, 0.000109288012027, 9.12603354664e-05, 9.18603691389e-05, 9.38441226026e-05, 9.67249143287e-05, 7.27967199055e-05, 3.87074469472e-05, 5.65851587453e-06],
        "dmean2": [0.000400330347475, 0.00929189566523, 0.0091773448512, 0.00447770021856, 0.00386592466384, 0.00160566449631, 0.00143675273284, 0.00170042517129, 0.00152997567784, 0.00136365671642, 0.00115864351392, 0.00133145635482, 0.000626377004664, 0.00058771687327, 0.000527588475961, 0.000468384096166, 0.000407727231504, 0.000260248838458, 0.000226044008741, 0.000177419060492, 0.000150843610754, 0.00015156668087, 0.000148376057041, 0.0001547557913, 0.000118346273666, 6.5331121732e-05, 9.85529823083e-06],
        "dvar": [5.88534305734e-07, 0.000161196410772, 0.000271434488241, 7.00227974448e-05, 3.3909418562e-05, 3.53519089913e-06, 3.24459574585e-06, 6.18698095423e-06, 3.76668413082e-06, 5.23797780261e-06, 3.69682675228e-06, 4.1892299123e-06, 8.71241468303e-07, 7.32703142603e-07, 5.28576379111e-07, 2.84317223986e-07, 2.60389668938e-07, 8.45512317937e-08, 7.2378334437e-08, 4.12009875106e-08, 3.49397311084e-08, 4.09082936415e-08, 4.31584119553e-08, 5.27221004631e-08, 3.06987750776e-08, 6.82974521382e-09, 1.52618653826e-10],
        "dvar2": [1.08063579773e-06, 0.00035183673026, 0.000738987931982, 0.000201867267606, 9.46915533859e-05, 8.83863231138e-06, 8.08959794085e-06, 1.36545568239e-05, 8.83972279553e-06, 1.21794628285e-05, 9.38121593208e-06, 8.57843406266e-06, 2.16957073462e-06, 1.67839618825e-06, 1.30777061713e-06, 7.46204932511e-07, 6.78512662944e-07, 2.1718695109e-07, 1.8240763211e-07, 1.04526165501e-07, 9.14275446462e-08, 1.04297612324e-07, 1.03583296607e-07, 1.26100275111e-07, 7.52822160166e-08, 1.75364114341e-08, 4.04055733316e-10],
        "max": [0.0166665539145, 0.119230084121, 0.134102761745, 0.0810521394014, 0.0540324561298, 0.0480582751334, 0.0314382240176, 0.0518080331385, 0.0289468150586, 0.0515031926334, 0.0432017743587, 0.0409951508045, 0.0223500486463, 0.024099720642, 0.0173127818853, 0.0080511868, 0.005851295311, 0.00411860318854, 0.00348364026286, 0.00225232797675, 0.00199785316363, 0.00175035384018, 0.00171896314714, 0.00227512721904, 0.00149604305625, 0.000757708330639, 0.000143339188071],
        "mean": [0.000638771685772, 0.0134220169857, 0.00519349379465, 0.00214191921987, 0.00281192571856, 0.00145424762741, 0.00131629768293, 0.00145184691064, 0.00138091028202, 0.00103747413959, 0.000919435522519, 0.00127454020549, 0.000506554672029, 0.000439499272034, 0.000355113268597, 0.00031549076084, 0.000276311620837, 0.000182968520676, 0.000166536759934, 0.000118210089568, 9.08717702259e-05, 8.35763130453e-05, 8.66239788593e-05, 8.58900166349e-05, 6.19244965492e-05, 3.12140291499e-05, 4.57684018329e-06],
        "median": [1.56755122589e-05, 0.00247480440885, 0.000553849386051, 0.000162907119375, 0.000880660198163, 0.000667869695462, 0.000570965697989, 0.000419115443947, 0.000465685443487, 0.000222742994083, 0.000199794012588, 0.000326585053699, 0.000131108550704, 0.000113478585263, 9.0795372671e-05, 0.000117468647659, 7.50090184738e-05, 6.33380477666e-05, 4.5844954002e-05, 3.44620275428e-05, 2.29880843108e-05, 1.11947574624e-05, 9.28172630665e-06, 6.77772095514e-06, 5.24686356584e-06, 4.26837323175e-06, 1.10938344733e-06],
        "min": [5.28246554989e-25, 1.25774996652e-23, 4.77665020544e-24, 5.18128181284e-24, 5.23934812858e-23, 3.46733208599e-23, 3.06103842755e-23, 6.05705467943e-24, 5.80628195078e-23, 5.11586489119e-23, 5.30924025815e-23, 1.34264725603e-23, 3.00873221636e-23, 4.4331262881e-23, 7.80599196515e-23, 9.17743611521e-23, 8.12932143774e-23, 1.73580120548e-22, 1.35737945432e-22, 2.37252630927e-22, 3.6514844068e-22, 3.83199092804e-22, 5.98676663635e-22, 7.52380745789e-22, 1.05765027663e-21, 1.44094307349e-21, 2.15659233507e-21],
        "var": [2.226325023e-06, 0.000423255201895, 0.000195997650735, 4.16252951254e-05, 3.0182502087e-05, 5.57596194994e-06, 5.35492972631e-06, 1.12753950816e-05, 6.48099330647e-06, 7.48481443225e-06, 5.94800076215e-06, 9.18029854802e-06, 1.19601395454e-06, 1.0932051282e-06, 6.69013445531e-07, 3.08458908194e-07, 2.78456838032e-07, 9.74190115244e-08, 9.63600328419e-08, 4.45739019028e-08, 3.24084190595e-08, 3.75330451163e-08, 4.24049062531e-08, 4.87751989908e-08, 2.67558704081e-08, 5.40759614864e-09, 1.11760344035e-10]
    },
    "erbbands": {
        "dmean": [0.216708615422, 1.55170190334, 5.25905323029, 7.82605838776, 7.01587963104, 7.4147901535, 8.94812965393, 7.7971830368, 11.6550655365, 15.4954586029, 23.0913963318, 20.4636001587, 24.7895202637, 22.9012184143, 32.4031448364, 25.9587802887, 17.7758560181, 14.906624794, 17.559841156, 14.7926998138, 15.4932918549, 13.6593923569, 9.02332019806, 7.38412761688, 6.27200460434, 4.91435575485, 4.47181510925, 3.10166716576, 3.14887404442, 3.19557857513, 2.61150765419, 2.27682447433, 1.51417732239, 0.901442945004, 0.464087247849, 0.188676923513, 0.0653203651309, 0.0141723137349, 0.000816603715066, 2.70690234174e-05],
        "dmean2": [0.26435431838, 2.20773100853, 8.79168510437, 13.8588132858, 12.5792531967, 12.7171974182, 14.465508461, 12.719959259, 19.1289749146, 25.0419921875, 36.7160987854, 32.4885826111, 40.217414856, 36.8112220764, 50.9815216064, 40.350063324, 28.5599098206, 24.2851371765, 28.6677513123, 24.3293380737, 26.4521827698, 22.8637733459, 14.8809366226, 11.9340181351, 10.3007650375, 8.03278064728, 7.41060829163, 5.07909870148, 5.15361118317, 5.12966299057, 4.15371274948, 3.68216466904, 2.39968132973, 1.44873189926, 0.762300789356, 0.318777263165, 0.109982632101, 0.0239436179399, 0.00141505897045, 4.15787253587e-05],
        "dvar": [0.160389021039, 9.92906856537, 234.414810181, 655.783203125, 493.804321289, 363.51184082, 355.134490967, 255.036422729, 562.197937012, 1198.88500977, 2525.08789062, 1928.0333252, 4154.33007812, 2743.29956055, 5926.11474609, 3183.72924805, 1729.9173584, 1161.8404541, 1787.00939941, 1027.13537598, 891.830993652, 835.542785645, 276.289154053, 170.62197876, 165.007980347, 87.5397262573, 82.1817779541, 41.074420929, 46.6360778809, 51.6813201904, 34.3202590942, 29.7388286591, 13.1893587112, 4.68639039993, 1.24415695667, 0.182037502527, 0.0180515963584, 0.000818182888906, 3.32328295372e-06, 1.58313995247e-09],
        "dvar2": [0.288948565722, 21.4378108978, 613.422851562, 1838.26843262, 1410.17602539, 1004.38330078, 863.422241211, 616.823181152, 1396.68591309, 2894.43603516, 5977.17773438, 4435.54638672, 10118.6572266, 6512.82324219, 14026.4658203, 6996.36083984, 4213.58496094, 2847.47094727, 4365.79833984, 2522.73974609, 2356.34912109, 2175.33862305, 718.686889648, 415.044799805, 428.134979248, 221.999084473, 213.911026001, 105.613609314, 119.004432678, 128.114974976, 83.6114654541, 73.6865005493, 30.7646465302, 11.2798709869, 3.09040975571, 0.471206635237, 0.0459708683193, 0.00209302711301, 8.82829044713e-06, 3.78685571789e-09],
        "max": [5.20559406281, 30.3376483917, 127.883140564, 225.153961182, 201.460845947, 186.728088379, 297.54864502, 392.79776001, 533.175231934, 912.580932617, 849.067626953, 777.034423828, 1256.68823242, 1444.18908691, 1727.15258789, 1199.00366211, 1049.32189941, 869.21105957, 819.853088379, 1119.0324707, 491.869140625, 332.091949463, 202.909942627, 170.831512451, 158.051513672, 110.696128845, 100.831756592, 63.06873703, 59.1714172363, 65.5086975098, 52.0754585266, 60.5615463257, 31.2707862854, 20.8703613281, 10.4645423889, 3.76162004471, 1.66527163982, 0.296217650175, 0.020425260067, 0.000393739872379],
        "mean": [0.464174836874, 2.70234823227, 5.80387926102, 7.26489543915, 7.17107105255, 8.76334857941, 13.344244957, 11.9892339706, 17.5143356323, 23.8687400818, 33.1600418091, 30.1777153015, 31.9405593872, 30.9068832397, 48.1364440918, 38.9391212463, 25.579832077, 18.9389648438, 21.0183067322, 18.8371391296, 18.1838340759, 16.0855464935, 10.9982681274, 9.21373939514, 7.27362108231, 5.40686511993, 4.59397268295, 2.98839902878, 2.91404271126, 2.92975783348, 2.37908148766, 1.9787402153, 1.355235219, 0.78150331974, 0.387119948864, 0.151633426547, 0.0531067028642, 0.011856100522, 0.000674530863762, 5.33371603524e-05],
        "median": [0.0266316551715, 0.735043644905, 1.09588742256, 1.16106200218, 1.71519529819, 2.55575275421, 4.38313913345, 5.78693294525, 7.26886987686, 9.68365859985, 11.7933607101, 10.7046966553, 8.8420085907, 9.55006122589, 13.6759243011, 12.091383934, 7.68625879288, 6.01895427704, 5.95049667358, 5.87296962738, 7.04739904404, 4.70456647873, 3.88487458229, 3.15037846565, 2.10239028931, 1.67899954319, 1.2280985117, 0.659992516041, 0.418264776468, 0.342175930738, 0.247578114271, 0.165475353599, 0.103229351342, 0.0631700158119, 0.0345456376672, 0.0173501353711, 0.00784735847265, 0.00261704577133, 0.00016366224736, 3.77683863917e-05],
        "min": [1.7105696472e-22, 2.64668957787e-21, 8.16014966753e-21, 2.31118285959e-20, 2.61167625038e-20, 2.5433500655e-19, 1.49888345244e-19, 3.98986794453e-19, 3.59184672835e-19, 3.67479820963e-19, 3.83779311536e-19, 1.38746498982e-18, 1.21745455852e-18, 1.5567892748e-18, 2.19587832184e-18, 1.04868076224e-18, 1.68604968719e-18, 2.31425779366e-18, 3.31065722566e-18, 5.71637762043e-18, 5.14077406501e-18, 4.61024606272e-18, 8.21748352034e-18, 9.56995277319e-18, 6.54176407823e-18, 1.11740147996e-17, 1.10338581438e-17, 1.22529230162e-17, 1.1856745689e-17, 1.47589948949e-17, 1.80107047486e-17, 1.6124046392e-17, 1.21295895597e-17, 9.51808524006e-18, 8.2998475483e-18, 4.17356873196e-18, 2.69621402498e-18, 1.21620685996e-18, 2.8042213757e-19, 2.97050865414e-20],
        "var": [0.614825308323, 19.5981636047, 192.136810303, 430.632385254, 308.109436035, 321.774230957, 786.393249512, 434.137878418, 1056.13928223, 2012.40991211, 4048.16601562, 3444.36401367, 5590.16308594, 4401.80908203, 10314.1357422, 6227.22753906, 2614.67822266, 1495.72766113, 2297.14501953, 1639.79052734, 947.014953613, 925.804748535, 334.932434082, 232.997055054, 190.388809204, 94.2610931396, 78.6404037476, 37.6808662415, 43.2599983215, 48.9412231445, 32.8573379517, 26.2862586975, 12.5356464386, 4.23565292358, 1.05310475826, 0.142338395119, 0.0145435119048, 0.00065068306867, 2.43129943556e-06, 2.74381939391e-09]
    },
    "gfcc": {
        "mean": [-47.3471260071, 95.9726638794, -125.342353821, 3.66934323311, -56.1820220947, 1.6325378418, -34.8500823975, 7.06614351273, -22.0969982147, 1.600304842, -12.8118515015, 4.37047195435, -9.94754123688],
        "cov": [[18120.7753906, -232.513763428, 2440.78222656, 1839.73071289, 1306.32299805, 2067.43115234, 832.069641113, 1201.109375, 289.975616455, 474.024749756, -319.791778564, 108.528549194, -409.219696045], [-232.513763428, 3104.1940918, 539.907226562, 590.540893555, 1257.14331055, -19.7177639008, 441.091400146, -228.094070435, 239.82711792, -251.539733887, 168.623245239, -231.168640137, 45.4299240112], [2440.78222656, 539.907226562, 1936.29736328, 968.963439941, 771.295349121, 770.366455078, 407.27041626, 491.887145996, 222.68081665, 210.955947876, -26.4547138214, 73.2018508911, -110.952651978], [1839.73071289, 590.540893555, 968.963439941, 964.983886719, 615.193115234, 466.402740479, 294.616241455, 250.399505615, 171.110153198, 67.9759140015, 11.8386602402, -10.502114296, -57.3200340271], [1306.32299805, 1257.14331055, 771.295349121, 615.193115234, 1023.02404785, 414.470794678, 391.34487915, 147.229278564, 186.651657104, 5.51874780655, 37.6105880737, -49.633014679, -36.6958732605], [2067.43115234, -19.7177639008, 770.366455078, 466.402740479, 414.470794678, 673.112182617, 303.166259766, 322.501525879, 110.02381897, 144.070861816, -26.3371772766, 28.85912323, -76.6012268066], [832.069641113, 441.091400146, 407.27041626, 294.616241455, 391.34487915, 303.166259766, 363.285461426, 217.404464722, 142.021316528, 81.9914932251, 53.045917511, 11.6079816818, -10.2738275528], [1201.109375, -228.094070435, 491.887145996, 250.399505615, 147.229278564, 322.501525879, 217.404464722, 396.228607178, 151.840911865, 185.038665771, 21.9063091278, 93.5588989258, -21.2253112793], [289.975616455, 239.82711792, 222.68081665, 171.110153198, 186.651657104, 110.02381897, 142.021316528, 151.840911865, 204.972045898, 90.5677032471, 64.1968841553, 19.8004932404, 19.4138755798], [474.024749756, -251.539733887, 210.955947876, 67.9759140015, 5.51874780655, 144.070861816, 81.9914932251, 185.038665771, 90.5677032471, 194.593673706, 56.3640670776, 78.761100769, -9.52377223969], [-319.791778564, 168.623245239, -26.4547138214, 11.8386602402, 37.6105880737, -26.3371772766, 53.045917511, 21.9063091278, 64.1968841553, 56.3640670776, 138.253997803, 46.3867721558, 36.5618095398], [108.528549194, -231.168640137, 73.2018508911, -10.502114296, -49.633014679, 28.85912323, 11.6079816818, 93.5588989258, 19.8004932404, 78.761100769, 46.3867721558, 133.934051514, 43.6584358215], [-409.219696045, 45.4299240112, -110.952651978, -57.3200340271, -36.6958732605, -76.6012268066, -10.2738275528, -21.2253112793, 19.4138755798, -9.52377223969, 36.5618095398, 43.6584358215, 99.8123703003]],
        "icov": [[0.00010370752716, -0.000102568315924, 0.00011540207197, -0.000125460908748, 4.63000687887e-05, -0.000289480027277, 0.000140756659675, -0.000205564909265, 7.21146643627e-05, -0.000136276270496, 0.000350554706529, -0.000256659259321, 0.000250565528404], [-0.000102568315924, 0.00232218578458, -0.000974881811999, 0.000309870112687, -0.00210266909562, 0.00195889757015, -0.00197477196343, 0.00186635286082, -0.00111532874871, 0.00208100187592, -0.00276836147532, 0.00259388284758, -0.00116428686306], [0.00011540207197, -0.000974881811999, 0.0020464619156, -0.00112347560935, 0.000325676519424, -0.00148298079148, 0.00121151725762, -0.00142363202758, 0.000435562978964, -0.00132463464979, 0.00201880699024, -0.00206187553704, 0.00130138767418], [-0.000125460908748, 0.000309870112687, -0.00112347560935, 0.0028116197791, -0.000802188413218, -5.14416824444e-05, -7.37805166864e-05, 5.32762496732e-05, -0.000752732041292, 0.00125823088456, -0.00133703660686, 0.00110111525282, -0.000345704233041], [4.63000687887e-05, -0.00210266909562, 0.000325676519424, -0.000802188413218, 0.00471150036901, -0.00218783947639, -0.000394577044062, -5.36210827704e-05, -0.000386299565434, -0.000617068784777, 0.00214165262878, -0.00236981571652, 0.00131763413083], [-0.000289480027277, 0.00195889757015, -0.00148298079148, -5.14416824444e-05, -0.00218783947639, 0.00654081208631, -0.00353000266477, 0.00045668068924, 0.000466917117592, 0.000184409014764, -0.00123587017879, 0.00262758694589, -0.000577140424866], [0.000140756659675, -0.00197477196343, 0.00121151725762, -7.37805166864e-05, -0.000394577044062, -0.00353000266477, 0.010132631287, -0.00536711001769, 0.000619545578957, -0.0008426119457, -0.000508448749315, -7.47836675146e-05, -0.000154202818521], [-0.000205564909265, 0.00186635286082, -0.00142363202758, 5.32762496732e-05, -5.36210827704e-05, 0.00045668068924, -0.00536711001769, 0.0119035728276, -0.00497764116153, -0.00190267467406, 0.00101547688246, -0.00247906893492, 0.000564446381759], [7.21146643627e-05, -0.00111532874871, 0.000435562978964, -0.000752732041292, -0.000386299565434, 0.000466917117592, 0.000619545578957, -0.00497764116153, 0.0120459822938, -0.0044050225988, -0.00157382385805, 0.00343067571521, -0.00361060956493], [-0.000136276270496, 0.00208100187592, -0.00132463464979, 0.00125823088456, -0.000617068784777, 0.000184409014764, -0.0008426119457, -0.00190267467406, -0.0044050225988, 0.0161264073104, -0.00712843798101, -0.00164836179465, 0.00289523298852], [0.000350554706529, -0.00276836147532, 0.00201880699024, -0.00133703660686, 0.00214165262878, -0.00123587017879, -0.000508448749315, 0.00101547688246, -0.00157382385805, -0.00712843798101, 0.0171120110899, -0.00766701577231, 0.000887388305273], [-0.000256659259321, 0.00259388284758, -0.00206187553704, 0.00110111525282, -0.00236981571652, 0.00262758694589, -7.47836675146e-05, -0.00247906893492, 0.00343067571521, -0.00164836179465, -0.00766701577231, 0.0200592521578, -0.0100722471252], [0.000250565528404, -0.00116428686306, 0.00130138767418, -0.000345704233041, 0.00131763413083, -0.000577140424866, -0.000154202818521, 0.000564446381759, -0.00361060956493, 0.00289523298852, 0.000887388305273, -0.0100722471252, 0.0180289112031]]
    },
    "melbands": {
        "dmean": [0.0018071528757, 0.00232066842727, 0.00130055798218, 0.000512753380463, 0.000314327480737, 0.000178960413905, 0.000174745728145, 0.000192290433915, 0.000192821913515, 0.000122904486489, 0.000129292515339, 9.90724074654e-05, 0.000107481035229, 0.000104790145997, 5.35456019861e-05, 3.34154137818e-05, 2.93424418487e-05, 3.17546873703e-05, 2.35043589782e-05, 1.80112929229e-05, 1.87094519788e-05, 1.52050542965e-05, 9.79237665888e-06, 8.06172374723e-06, 5.98591441303e-06, 5.47443778487e-06, 3.85208795706e-06, 3.23283097714e-06, 3.12512224809e-06, 2.21302889258e-06, 1.66272491242e-06, 1.71098656665e-06, 1.94959739019e-06, 1.70800376509e-06, 1.45576996147e-06, 1.56218561642e-06, 1.31941953896e-06, 1.12883083148e-06, 8.67828930495e-07, 7.32420289751e-07],
        "dmean2": [0.00241000717506, 0.00356294517405, 0.00228418200277, 0.000898494967259, 0.000511677237228, 0.000291689502774, 0.000287860573735, 0.000305219291477, 0.000306609435938, 0.000196500172024, 0.000209525809623, 0.000158442737302, 0.000171800857061, 0.000162661497598, 8.5630628746e-05, 5.41607369087e-05, 4.79015216115e-05, 5.1651702961e-05, 3.89621818613e-05, 3.01428608509e-05, 3.21046463796e-05, 2.56714665738e-05, 1.62960350281e-05, 1.3454375221e-05, 9.7081228887e-06, 9.04561784409e-06, 6.39241170575e-06, 5.29114049641e-06, 5.17445414516e-06, 3.68801534023e-06, 2.75501520264e-06, 2.82008659269e-06, 3.20403205478e-06, 2.73078808277e-06, 2.32028833125e-06, 2.52506652032e-06, 2.16203170567e-06, 1.7951223299e-06, 1.3868144606e-06, 1.18465266041e-06],
        "dvar": [1.13441210488e-05, 3.21426196024e-05, 1.71446008608e-05, 2.22842936637e-06, 4.48313727475e-07, 1.27499760083e-07, 1.25399495232e-07, 1.79266223199e-07, 1.62218924515e-07, 6.97650079928e-08, 1.16171840148e-07, 5.34063033797e-08, 7.67637473587e-08, 7.11506160656e-08, 1.7628170923e-08, 6.30356611353e-09, 5.01866415092e-09, 6.37723385211e-09, 2.81891043841e-09, 1.59580848536e-09, 1.47993906019e-09, 1.10294307021e-09, 3.45418416092e-10, 2.55080012668e-10, 1.18609636002e-10, 1.34433034149e-10, 6.14070461147e-11, 3.92556785689e-11, 4.11925771271e-11, 2.40169394788e-11, 1.20468600373e-11, 1.37131426006e-11, 2.02500759217e-11, 1.48255279581e-11, 1.05566059366e-11, 1.35378114968e-11, 1.05309519785e-11, 7.55001703517e-12, 4.13881689337e-12, 3.29420150012e-12],
        "dvar2": [2.28038989007e-05, 7.76427114033e-05, 4.7576137149e-05, 6.29570786259e-06, 1.11870315322e-06, 3.09995755288e-07, 3.14357976094e-07, 4.09728016848e-07, 3.93221938566e-07, 1.63819095178e-07, 2.80345460624e-07, 1.25363996517e-07, 1.94272899989e-07, 1.46593620798e-07, 4.23937436267e-08, 1.50524019915e-08, 1.21618768389e-08, 1.51928514214e-08, 6.86713663711e-09, 4.0316114891e-09, 3.92623178413e-09, 2.87962187429e-09, 8.86676732037e-10, 6.66622312906e-10, 2.8954774689e-10, 3.40323130787e-10, 1.62784286051e-10, 9.93549340023e-11, 1.06881274664e-10, 6.37430871975e-11, 3.10307335383e-11, 3.53817253274e-11, 5.17343876072e-11, 3.62695810885e-11, 2.56426477274e-11, 3.34975276683e-11, 2.64314594517e-11, 1.76495953269e-11, 9.7351883499e-12, 8.08632414501e-12],
        "max": [0.0349176973104, 0.0501167997718, 0.0376715287566, 0.0147118074819, 0.00996307563037, 0.00901794806123, 0.0068271770142, 0.0105765853077, 0.00602689012885, 0.00534505490214, 0.00644787074998, 0.00554174790159, 0.00562155852094, 0.00498156715184, 0.00289473542944, 0.00163278996479, 0.00200739270076, 0.00197338755243, 0.00155695388094, 0.00107871985529, 0.000694448594004, 0.000436725065811, 0.000258436572039, 0.00029268162325, 0.000178922695341, 0.000226957447012, 9.21131068026e-05, 7.73416250013e-05, 7.36381334718e-05, 5.80933956371e-05, 3.54817639163e-05, 3.39164726029e-05, 4.86009266751e-05, 3.48401335941e-05, 2.96398175124e-05, 3.39228390658e-05, 3.88268344977e-05, 2.35343741224e-05, 1.82294115803e-05, 1.82714611583e-05],
        "mean": [0.00390043738298, 0.00326996063814, 0.00127058115322, 0.000557699357159, 0.000470344675705, 0.000276820064755, 0.000263615162112, 0.000288713607006, 0.000278595951386, 0.000176375819137, 0.000162584765349, 0.000128332103486, 0.000151933258167, 0.000152671840624, 7.33634078642e-05, 4.36203008576e-05, 3.53487266693e-05, 3.68748987967e-05, 2.67132818408e-05, 2.20174661081e-05, 2.05765336432e-05, 1.69706236193e-05, 1.18388161354e-05, 8.92774005479e-06, 7.26881125956e-06, 6.28202769803e-06, 4.21088680014e-06, 3.39182724929e-06, 3.16499199471e-06, 2.13558109863e-06, 1.54934093644e-06, 1.57702481829e-06, 1.73520209046e-06, 1.58383193138e-06, 1.33435378302e-06, 1.3701124999e-06, 1.12475743208e-06, 1.00583201856e-06, 7.66996322454e-07, 6.21408730694e-07],
        "median": [0.00046271388419, 0.00116941367742, 0.000237587606534, 0.000167554768268, 0.00015378522221, 0.000132915651193, 0.000112239955342, 0.000107273874164, 9.72872803686e-05, 5.73156612518e-05, 3.81665995519e-05, 3.55097108695e-05, 3.93573354813e-05, 3.55656811735e-05, 1.93986215891e-05, 1.08468238977e-05, 9.36839205679e-06, 8.79668095877e-06, 7.02439365341e-06, 7.53411541154e-06, 6.97334917277e-06, 4.35855645264e-06, 3.74497039957e-06, 2.92786467071e-06, 2.35767424783e-06, 1.62709591223e-06, 1.20853462704e-06, 9.5355301255e-07, 8.24676192224e-07, 4.79429388633e-07, 3.15473329238e-07, 2.33979861264e-07, 1.88506461996e-07, 1.85279816378e-07, 1.43057633295e-07, 1.15789056565e-07, 8.90000038112e-08, 7.35196650226e-08, 5.93675970606e-08, 5.04286816749e-08],
        "min": [3.29846627237e-24, 4.03560452626e-24, 6.41100749571e-24, 8.23514854813e-24, 7.75450190946e-24, 8.73979154667e-24, 4.9983161755e-24, 2.58965897181e-24, 5.03764246934e-24, 8.34515677908e-24, 6.18027356954e-24, 6.49189532078e-24, 7.40725086101e-24, 2.67179418318e-24, 6.64274051421e-24, 3.30100561562e-24, 3.98979695122e-24, 5.31542445433e-24, 7.652623679e-24, 5.50099885469e-24, 5.93483409281e-24, 4.71838927771e-24, 7.66408267251e-24, 6.46793012091e-24, 7.64929389712e-24, 4.10844951997e-24, 7.14544528151e-24, 7.69191526296e-24, 6.08420963837e-24, 8.32958939798e-24, 6.21012958822e-24, 6.55188188173e-24, 8.03493959468e-24, 8.12756369787e-24, 9.60707942536e-24, 9.58507257269e-24, 9.21739633768e-24, 6.58362012253e-24, 7.36930586261e-24, 8.53493935794e-24],
        "var": [3.74536211893e-05, 3.7209585571e-05, 1.14389831651e-05, 1.49006802985e-06, 9.74765953288e-07, 2.20907068638e-07, 2.20934893491e-07, 3.30311962671e-07, 2.48371151201e-07, 1.17713810255e-07, 1.59631511565e-07, 8.2061795581e-08, 1.2151403439e-07, 1.55048823558e-07, 2.70458677676e-08, 8.78480665989e-09, 6.45566045065e-09, 8.60647997314e-09, 3.77284381514e-09, 2.09889372549e-09, 1.47434642273e-09, 1.19203691362e-09, 4.21756296554e-10, 2.6849028556e-10, 1.59676827316e-10, 1.74132944175e-10, 6.48111217472e-11, 4.0727574091e-11, 3.90360278824e-11, 2.08752251596e-11, 1.07635497737e-11, 1.24984744776e-11, 1.82064797266e-11, 1.41686801181e-11, 1.01478235537e-11, 1.23151549722e-11, 8.92514794709e-12, 7.10751119418e-12, 3.91564818764e-12, 2.85910119364e-12]
    },
    "mfcc": {
        "mean": [-688.671264648, 135.512161255, -13.3690452576, 5.91566038132, -3.90025782585, -6.09739255905, -3.4334821701, 1.13097834587, -2.94876885414, -2.08460688591, -3.84310412407, 2.03627252579, 2.5706641674],
        "cov": [[12308.5566406, 89.2879333496, 992.86706543, 880.572387695, 723.064758301, 971.923156738, 752.804016113, 866.349731445, 668.121398926, 612.079772949, 395.31942749, 215.915084839, 206.888977051], [89.2879333496, 2554.64550781, 59.0798950195, 620.288269043, 705.718200684, 390.372589111, 367.140686035, 192.348556519, 152.466445923, 29.2647972107, 97.3849487305, 63.7667541504, 30.4908828735], [992.86706543, 59.0798950195, 1263.71630859, 523.54083252, 500.354675293, 405.711883545, 330.318847656, 348.797851562, 313.836242676, 224.396148682, 208.408569336, 194.552993774, 151.414978027], [880.572387695, 620.288269043, 523.54083252, 727.409484863, 516.584228516, 349.115661621, 292.654724121, 269.941314697, 227.122192383, 129.688827515, 154.1275177, 134.507019043, 95.1297302246], [723.064758301, 705.718200684, 500.354675293, 516.584228516, 706.697509766, 445.354003906, 330.495117188, 279.602905273, 237.057327271, 142.775497437, 151.07131958, 102.100112915, 77.686706543], [971.923156738, 390.372589111, 405.711883545, 349.115661621, 445.354003906, 475.680175781, 335.300933838, 255.453048706, 210.380126953, 149.209945679, 134.955932617, 72.5681915283, 67.9468078613], [752.804016113, 367.140686035, 330.318847656, 292.654724121, 330.495117188, 335.300933838, 373.548583984, 265.575805664, 195.821960449, 155.691726685, 139.016677856, 90.352180481, 81.4908676147], [866.349731445, 192.348556519, 348.797851562, 269.941314697, 279.602905273, 255.453048706, 265.575805664, 306.134002686, 231.014312744, 156.66255188, 135.07598877, 97.621887207, 90.976234436], [668.121398926, 152.466445923, 313.836242676, 227.122192383, 237.057327271, 210.380126953, 195.821960449, 231.014312744, 268.321899414, 171.334594727, 123.219032288, 92.1572723389, 84.2607879639], [612.079772949, 29.2647972107, 224.396148682, 129.688827515, 142.775497437, 149.209945679, 155.691726685, 156.66255188, 171.334594727, 202.547042847, 142.99697876, 73.3674316406, 73.4635925293], [395.31942749, 97.3849487305, 208.408569336, 154.1275177, 151.07131958, 134.955932617, 139.016677856, 135.07598877, 123.219032288, 142.99697876, 187.987716675, 108.963012695, 72.5506362915], [215.915084839, 63.7667541504, 194.552993774, 134.507019043, 102.100112915, 72.5681915283, 90.352180481, 97.621887207, 92.1572723389, 73.3674316406, 108.963012695, 153.197814941, 99.6184616089], [206.888977051, 30.4908828735, 151.414978027, 95.1297302246, 77.686706543, 67.9468078613, 81.4908676147, 90.976234436, 84.2607879639, 73.4635925293, 72.5506362915, 99.6184616089, 132.688919067]],
