{
"lowlevel": {
    "average_loudness": 0.769879519939,
    "barkbands_crest": {
        "dmean": 2.90461802483,
        "dmean2": 4.39947032928,
        "dvar": 8.50856208801,
        "dvar2": 18.7807559967,
        "max": 26.9743366241,
        "mean": 12.8820056915,
        "median": 12.0763912201,
        "min": 2.41753482819,
        "var": 28.9205875397
    },
    "barkbands_flatness_db": {
        "dmean": 0.0324282608926,
        "dmean2": 0.0466590709984,
        "dvar": 0.00137016910594,
        "dvar2": 0.00267182453535,
        "max": 0.642018854618,
        "mean": 0.233854204416,
        "median": 0.22468522191,
        "min": 0.0271319840103,
        "var": 0.0101873967797
    },
    "barkbands_kurtosis": {
        "dmean": 13.3651838303,
        "dmean2": 20.5072879791,
        "dvar": 18861.5351562,
        "dvar2": 48036.0117188,
        "max": 8643.24121094,
        "mean": 19.4810466766,
        "median": 4.13706827164,
        "min": -1.91761243343,
        "var": 21885.7363281
    },
    "barkbands_skewness": {
        "dmean": 0.975759625435,
        "dmean2": 1.40125727654,
        "dvar": 3.49676322937,
        "dvar2": 7.62231016159,
        "max": 87.9800796509,
        "mean": 2.26658535004,
        "median": 1.69051647186,
        "min": -6.97214984894,
        "var": 9.41760063171
    },
    "barkbands_spread": {
        "dmean": 5.38321018219,
        "dmean2": 8.27430534363,
        "dvar": 86.0887756348,
        "dvar2": 197.531326294,
        "max": 112.654258728,
        "mean": 12.4056749344,
        "median": 8.52840232849,
        "min": 0.0389938391745,
        "var": 155.318572998
    },
    "dissonance": {
        "dmean": 0.0327121801674,
        "dmean2": 0.0540214180946,
        "dvar": 0.00102010613773,
        "dvar2": 0.00266897119582,
        "max": 0.500000178814,
        "mean": 0.429234623909,
        "median": 0.443735420704,
        "min": 0.0870037078857,
        "var": 0.00327762239613
    },
    "dynamic_complexity": 5.67738771439,
    "erbbands_crest": {
        "dmean": 3.03397297859,
        "dmean2": 4.86536693573,
        "dvar": 8.73738956451,
        "dvar2": 21.1722373962,
        "max": 31.0872516632,
        "mean": 11.3144197464,
        "median": 10.2437419891,
        "min": 2.65061235428,
        "var": 28.0748081207
    },
    "erbbands_flatness_db": {
        "dmean": 0.0252367313951,
        "dmean2": 0.035852458328,
        "dvar": 0.000829090480693,
        "dvar2": 0.00153104867786,
        "max": 0.485838890076,
        "mean": 0.228288993239,
        "median": 0.222769081593,
        "min": 0.0569944381714,
        "var": 0.00997831206769
    },
    "erbbands_kurtosis": {
        "dmean": 1.95670509338,
        "dmean2": 3.10517787933,
        "dvar": 41.5921516418,
        "dvar2": 84.6304855347,
        "max": 320.004730225,
        "mean": 2.41611862183,
        "median": 0.774533390999,
        "min": -1.86988914013,
        "var": 85.0715484619
    },
    "erbbands_skewness": {
        "dmean": 0.532607614994,
        "dmean2": 0.812388718128,
        "dvar": 0.386138945818,
        "dvar2": 0.892778337002,
        "max": 13.5636816025,
        "mean": 0.689491331577,
        "median": 0.638323187828,
        "min": -5.57274770737,
        "var": 1.17117321491
    },
    "erbbands_spread": {
        "dmean": 9.05723381042,
        "dmean2": 13.6818399429,
        "dvar": 155.41569519,
        "dvar2": 346.729034424,
        "max": 169.970367432,
        "mean": 27.5332565308,
        "median": 20.2171401978,
        "min": 0.469485640526,
        "var": 468.158050537
    },
    "hfc": {
        "dmean": 7.48058128357,
        "dmean2": 11.0895996094,
        "dvar": 209.427352905,
        "dvar2": 496.735290527,
        "max": 147.218566895,
        "mean": 14.1379556656,
        "median": 5.88492107391,
        "min": 1.09908275466e-16,
        "var": 385.252105713
    },
    "melbands_crest": {
        "dmean": 3.69202256203,
        "dmean2": 5.89652824402,
        "dvar": 17.4061183929,
        "dvar2": 42.2116622925,
        "max": 39.7349243164,
        "mean": 17.2047157288,
        "median": 15.8852176666,
        "min": 1.66245567799,
        "var": 56.8653755188
    },
    "melbands_flatness_db": {
        "dmean": 0.0377156697214,
        "dmean2": 0.0535304397345,
        "dvar": 0.00199951371178,
        "dvar2": 0.00392938451841,
        "max": 0.755902707577,
        "mean": 0.303869992495,
        "median": 0.295030534267,
        "min": 0.00366545026191,
        "var": 0.0121363094077
    },
    "melbands_kurtosis": {
        "dmean": 21.9130401611,
        "dmean2": 32.8930244446,
        "dvar": 11418.5429688,
        "dvar2": 25549.640625,
        "max": 5691.46142578,
        "mean": 35.9221954346,
        "median": 7.30144739151,
        "min": -1.86663806438,
        "var": 23611.3476562
    },
    "melbands_skewness": {
        "dmean": 1.19420206547,
        "dmean2": 1.74115133286,
        "dvar": 3.89473032951,
        "dvar2": 8.47327423096,
        "max": 49.0819320679,
        "mean": 3.08392953873,
        "median": 2.16434335709,
        "min": -2.8897550106,
        "var": 12.9236917496
    },
    "melbands_spread": {
        "dmean": 6.90601158142,
        "dmean2": 10.7544078827,
        "dvar": 200.799026489,
        "dvar2": 456.202850342,
        "max": 242.482635498,
        "mean": 14.8897743225,
        "median": 9.40473079681,
        "min": 0.0343244597316,
        "var": 381.876617432
    },
    "pitch_salience": {
        "dmean": 0.0854422599077,
        "dmean2": 0.134804427624,
        "dvar": 0.0100167328492,
        "dvar2": 0.0227781478316,
        "max": 0.882896304131,
        "mean": 0.491315215826,
        "median": 0.514256715775,
        "min": 0.00311698159203,
        "var": 0.0308855418116
    },
    "silence_rate_20dB": {
        "dmean": 0,
        "dmean2": 0,
        "dvar": 0,
        "dvar2": 0,
        "max": 1,
        "mean": 1,
        "median": 1,
        "min": 1,
        "var": 0
    },
    "silence_rate_30dB": {
        "dmean": 0.0422942638397,
        "dmean2": 0.0845969691873,
        "dvar": 0.0405103862286,
        "dvar2": 0.0880092307925,
        "max": 1,
        "mean": 0.960901677608,
        "median": 1,
        "min": 0,
        "var": 0.0375674813986
    },
    "silence_rate_60dB": {
        "dmean": 0.0365087278187,
        "dmean2": 0.0730247423053,
        "dvar": 0.0351776182652,
        "dvar2": 0.0848431661725,
        "max": 1,
        "mean": 0.164572119713,
        "median": 0,
        "min": 0,
        "var": 0.137490347028
    },
    "spectral_centroid": {
        "dmean": 258.630493164,
        "dmean2": 395.030395508,
        "dvar": 193322.046875,
        "dvar2": 415934.96875,
        "max": 11399.4248047,
        "mean": 952.734863281,
        "median": 734.638000488,
        "min": 90.6750030518,
        "var": 711237.375
    },
    "spectral_complexity": {
        "dmean": 3.5766582489,
        "dmean2": 5.16739845276,
        "dvar": 26.5800247192,
        "dvar2": 49.3513298035,
        "max": 57,
        "mean": 11.1091165543,
        "median": 9,
        "min": 0,
        "var": 80.7455368042
    },
    "spectral_decrease": {
        "dmean": 3.21914273016e-09,
        "dmean2": 4.16669365677e-09,
        "dvar": 2.69743333056e-17,
        "dvar2": 5.56627304241e-17,
        "max": 1.60008631081e-28,
        "mean": -7.41801242654e-09,
        "median": -3.47881079499e-09,
        "min": -5.20673317794e-08,
        "var": 7.56120040758e-17
    },
    "spectral_energy": {
        "dmean": 0.0126220434904,
        "dmean2": 0.0164077244699,
        "dvar": 0.000407415034715,
        "dvar2": 0.000842954788823,
        "max": 0.199493050575,
        "mean": 0.0292798299342,
        "median": 0.0137986745685,
        "min": 1.03189925155e-20,
        "var": 0.00115620112047
    },
    "spectral_energyband_high": {
        "dmean": 0.00042653636774,
        "dmean2": 0.000668621330988,
        "dvar": 1.36074606871e-06,
        "dvar2": 3.41470013154e-06,
        "max": 0.0115090580657,
        "mean": 0.000428673316492,
        "median": 3.37709061569e-05,
        "min": 7.2101101158e-21,
        "var": 1.28216879602e-06
    },
    "spectral_energyband_low": {
        "dmean": 0.00888747256249,
        "dmean2": 0.0113661224023,
        "dvar": 0.00031577097252,
        "dvar2": 0.000662940612528,
        "max": 0.166185647249,
        "mean": 0.0156794097275,
        "median": 0.00148380873725,
        "min": 1.1118047826e-23,
        "var": 0.000706582795829
    },
    "spectral_energyband_middle_high": {
        "dmean": 0.00236424081959,
        "dmean2": 0.00345638208091,
        "dvar": 2.63751499006e-05,
        "dvar2": 5.56327431696e-05,
        "max": 0.0740095824003,
        "mean": 0.00471599865705,
        "median": 0.000920959108043,
        "min": 1.3597359901e-21,
        "var": 8.59378778841e-05
    },
    "spectral_energyband_middle_low": {
        "dmean": 0.00565172871575,
        "dmean2": 0.00918787810951,
        "dvar": 0.000161291085533,
        "dvar2": 0.000442565768026,
        "max": 0.107900835574,
        "mean": 0.0094235278666,
        "median": 0.00557282101363,
        "min": 1.63722173888e-22,
        "var": 0.000159856572282
    },
    "spectral_entropy": {
        "dmean": 0.25787371397,
        "dmean2": 0.373850911856,
        "dvar": 0.0957528203726,
        "dvar2": 0.186564102769,
        "max": 9.8217086792,
        "mean": 6.9366645813,
        "median": 7.05880594254,
        "min": 2.98151874542,
        "var": 0.78361082077
    },
    "spectral_flux": {
        "dmean": 0.0336141251028,
        "dmean2": 0.0509299747646,
        "dvar": 0.00210737646557,
        "dvar2": 0.00408104201779,
        "max": 0.43328127265,
        "mean": 0.0813378319144,
        "median": 0.056362207979,
        "min": 6.3847697962e-11,
        "var": 0.00662531284615
    },
    "spectral_kurtosis": {
        "dmean": 7.30785942078,
        "dmean2": 12.1689243317,
        "dvar": 131.264633179,
        "dvar2": 354.762634277,
        "max": 138.814544678,
        "mean": 17.2373409271,
        "median": 7.34174585342,
        "min": -1.22517430782,
        "var": 477.953277588
    },
    "spectral_rms": {
        "dmean": 0.00101238745265,
        "dmean2": 0.00129824655596,
        "dvar": 1.87445198208e-06,
        "dvar2": 3.68732526113e-06,
        "max": 0.0139508917928,
        "mean": 0.00444134930149,
        "median": 0.00366907613352,
        "min": 3.17290247895e-12,
        "var": 8.8402430265e-06
    },
    "spectral_rolloff": {
        "dmean": 434.170623779,
        "dmean2": 741.808654785,
        "dvar": 1000868.8125,
        "dvar2": 2322165.75,
        "max": 19487.5488281,
        "mean": 1019.20227051,
        "median": 624.462890625,
        "min": 43.06640625,
        "var": 2525229
    },
    "spectral_skewness": {
        "dmean": 0.605320811272,
        "dmean2": 0.970500707626,
        "dvar": 0.58759778738,
        "dvar2": 1.49810171127,
        "max": 10.0985898972,
        "mean": 2.64113020897,
        "median": 2.06993865967,
        "min": -0.52483612299,
        "var": 2.67265462875
    },
    "spectral_spread": {
        "dmean": 600600.125,
        "dmean2": 881403.3125,
        "dvar": 765209018368,
        "dvar2": 1.36156309094e+12,
        "max": 41783324,
        "mean": 3652995,
        "median": 3266194,
        "min": 589167.5,
        "var": 7.61817517261e+12
    },
    "spectral_strongpeak": {
        "dmean": 0.3872153759,
        "dmean2": 0.6357614398,
        "dvar": 0.652603447437,
        "dvar2": 1.5731524229,
        "max": 11.4743242264,
        "mean": 0.785024940968,
        "median": 0.489323735237,
        "min": 0,
        "var": 1.17651951313
    },
    "zerocrossingrate": {
        "dmean": 0.00945088453591,
        "dmean2": 0.0111546739936,
        "dvar": 0.000232448321185,
        "dvar2": 0.000284133478999,
        "max": 0.83837890625,
        "mean": 0.0395769327879,
        "median": 0.029541015625,
        "min": 0.0009765625,
        "var": 0.00217481818981
    },
    "barkbands": {
        "dmean": [0.000392635032767, 0.00625231442973, 0.00409282324836, 0.00170830322895, 0.00152831128798, 0.00158260634635, 0.00085512525402, 0.000561468186788, 0.000697342387866, 0.000553693505935, 0.00073646591045, 0.000584491470363, 0.000453011889476, 0.000291648233542, 0.000437693641288, 0.000206112876185, 0.000139438780025, 0.000115079907118, 8.3865445049e-05, 8.16993633634e-05, 9.12307950784e-05, 9.66375155258e-05, 8.96416313481e-05, 6.5626038122e-05, 3.57442331733e-05, 1.77682413778e-05, 2.44051057052e-06],
        "dmean2": [0.000512234459165, 0.00777345430106, 0.00679105706513, 0.00304049672559, 0.00249880529009, 0.00260062888265, 0.00139277533162, 0.000884750799742, 0.00115513696801, 0.00085155951092, 0.00113411503844, 0.000890749972314, 0.000670620705932, 0.000468667480163, 0.00071350595681, 0.000335372897098, 0.000222007845878, 0.000182208095794, 0.000126824161271, 0.000132510234835, 0.000145406607771, 0.000157872753334, 0.000142069387948, 0.00010423763888, 5.65893969906e-05, 2.76659375231e-05, 3.92094443669e-06],
        "dvar": [1.76670494056e-06, 0.000161437259521, 0.00020740677428, 4.08451342082e-05, 1.31509787025e-05, 1.20613121908e-05, 3.23360222865e-06, 1.6367630451e-06, 4.45718978881e-06, 2.6356183298e-06, 5.65554455534e-06, 4.42379905508e-06, 4.06343360737e-06, 1.31787498958e-06, 2.09815561902e-06, 4.82182031192e-07, 2.39646681166e-07, 9.44967695204e-08, 3.87988023931e-08, 4.90573022205e-08, 6.44889581736e-08, 8.75317311966e-08, 6.24338696298e-08, 3.72833746098e-08, 1.03124975226e-08, 2.59835419847e-09, 1.11851861107e-10],
        "dvar2": [2.82066116597e-06, 0.000290830095764, 0.000549045798834, 0.00011512394849, 3.41089107678e-05, 3.27446323354e-05, 8.48717354529e-06, 4.05874789067e-06, 1.18575871966e-05, 5.59804857403e-06, 1.1964451005e-05, 9.32527836994e-06, 8.11294739833e-06, 2.91333412861e-06, 5.33795764568e-06, 1.16995124699e-06, 5.50444894998e-07, 2.32064564898e-07, 7.93125067844e-08, 1.25205488644e-07, 1.63822718946e-07, 2.26045855811e-07, 1.53417460069e-07, 9.15526285894e-08, 2.54592293913e-08, 6.37561026195e-09, 2.76613176808e-10],
        "max": [0.0366425067186, 0.11957219243, 0.124036937952, 0.0704132020473, 0.0906426012516, 0.054659307003, 0.0540883764625, 0.0324961654842, 0.0432016439736, 0.0337555445731, 0.0579967685044, 0.0539434254169, 0.0670223906636, 0.0468239113688, 0.0260252263397, 0.010241271928, 0.0195749979466, 0.00681542931125, 0.00676176929846, 0.00404286663979, 0.00239702267572, 0.00722130900249, 0.00242392206565, 0.00203456915915, 0.00136223633308, 0.000681471137796, 0.000327552785166],
        "mean": [0.000740683521144, 0.0105342743918, 0.00355473626405, 0.00147992628627, 0.00237293960527, 0.00239591905847, 0.00127650739159, 0.000782248273026, 0.000888032023795, 0.000795242318418, 0.000928568013478, 0.000885403656866, 0.000714973954018, 0.000348965404555, 0.00047581124818, 0.000218091983697, 0.000145189362229, 0.000137416951475, 0.000128487605252, 9.30210590013e-05, 8.94528930075e-05, 9.0603789431e-05, 8.83535903995e-05, 6.05949571764e-05, 3.38639983966e-05, 1.78515620064e-05, 2.56011048805e-06],
        "median": [3.59019804819e-06, 0.000369099492673, 0.000124933168991, 0.000114587193821, 0.000865989830345, 0.00117843819316, 0.000519925146364, 0.000168210128322, 0.000114315815154, 0.000121858502098, 7.71461054683e-05, 6.28101042821e-05, 4.15508329752e-05, 2.87619750452e-05, 3.40402257279e-05, 1.58690163516e-05, 1.31583801704e-05, 1.75058012246e-05, 1.59015471581e-05, 1.32460845634e-05, 5.56972645427e-06, 4.11410837842e-06, 4.39184441348e-06, 2.03041645364e-06, 6.95031417308e-07, 3.8073872588e-07, 1.93087394962e-08],
        "min": [1.34700711276e-24, 2.18262114143e-24, 3.32886640786e-24, 2.00093030331e-24, 1.40101034124e-23, 9.30232904704e-24, 1.78151503229e-23, 1.36327581093e-23, 1.60443816272e-23, 8.20595359488e-24, 1.89539988351e-23, 2.23591327097e-23, 3.35046644496e-23, 4.68682174641e-23, 6.24949619286e-23, 4.89181735005e-23, 5.9666971314e-23, 7.9521502204e-23, 1.57920815061e-22, 1.96075808236e-22, 2.19025072011e-22, 3.87402017489e-22, 3.39059283309e-22, 5.65428334804e-22, 6.87042009717e-22, 1.36811452595e-21, 2.01960286497e-21],
        "var": [4.29213423558e-06, 0.000391340669012, 0.000155063375132, 2.91303767881e-05, 2.36925807258e-05, 1.27379216792e-05, 4.58095246358e-06, 2.92503955279e-06, 6.96620963936e-06, 4.7617859309e-06, 9.94141191768e-06, 1.11234521682e-05, 1.06814541141e-05, 2.06656159207e-06, 2.43202225647e-06, 5.43431667666e-07, 2.67030429768e-07, 1.15970493653e-07, 1.03623349901e-07, 5.26948404911e-08, 5.98598930424e-08, 7.72720980535e-08, 6.18919955286e-08, 3.39122401272e-08, 9.78305703114e-09, 2.61868216e-09, 1.18430182328e-10]
    },
    "erbbands": {
        "dmean": [0.189011454582, 1.51275014877, 4.26008176804, 5.71941137314, 3.91229224205, 6.12983322144, 10.2297687531, 13.3479375839, 12.8547668457, 10.2984790802, 13.8393888474, 17.5001354218, 14.5130348206, 23.2541885376, 24.1927204132, 23.3704547882, 21.6050930023, 16.2591686249, 20.4712696075, 16.6643486023, 9.72680091858, 7.34925794601, 6.48803949356, 4.64960289001, 4.37451124191, 3.80121564865, 3.67939209938, 3.55209946632, 3.38954567909, 2.75646710396, 2.96709561348, 1.76074242592, 0.840019106865, 0.416303873062, 0.247836798429, 0.104449115694, 0.0278501324356, 0.00517880637199, 0.000402401812607, 2.05269770959e-05],
        "dmean2": [0.231987178326, 1.83743917942, 6.56518507004, 9.93581485748, 6.72307491302, 9.86505889893, 17.2924823761, 21.6837482452, 20.5675373077, 16.5656642914, 21.869354248, 28.9004573822, 22.3491039276, 34.4459877014, 36.4834861755, 34.2665023804, 30.4891357422, 24.8500061035, 32.6258049011, 27.0820350647, 15.4581422806, 11.5884037018, 10.1649217606, 7.11551094055, 6.76508712769, 6.1633234024, 5.84288692474, 5.78086280823, 5.52006053925, 4.36806344986, 4.80863952637, 2.81221270561, 1.32225322723, 0.656149685383, 0.397354006767, 0.165571376681, 0.0432956218719, 0.00797246117145, 0.000634741212707, 2.80824951915e-05],
        "dvar": [0.163208737969, 9.80143356323, 170.598876953, 458.175476074, 129.234558105, 257.563262939, 565.144104004, 930.989135742, 797.78314209, 438.691833496, 1031.28515625, 2781.99462891, 1940.73193359, 4938.7734375, 6276.68017578, 7392.76123047, 9437.72753906, 3776.06591797, 4013.10205078, 3435.2590332, 1103.25073242, 617.560668945, 322.521820068, 112.82724762, 122.451156616, 111.691955566, 101.122131348, 104.95552063, 107.100563049, 58.9936485291, 76.495300293, 26.9660072327, 5.78578996658, 1.3114964962, 0.536215782166, 0.101998113096, 0.00591457355767, 0.000294901401503, 3.06827882923e-06, 1.48404866174e-09],
        "dvar2": [0.308729469776, 17.1041259766, 418.816925049, 1284.46484375, 362.239746094, 635.006347656, 1592.77282715, 2425.52319336, 2036.99694824, 1136.8449707, 2536.44897461, 7524.07666016, 4185.75097656, 9879.46386719, 13117.5869141, 14314.2089844, 18094.5273438, 8244.66308594, 9817.34375, 8877.02148438, 2665.88989258, 1413.62438965, 768.61517334, 233.06980896, 272.691131592, 288.618408203, 251.852508545, 274.132080078, 275.863098145, 146.192550659, 193.56237793, 67.5344619751, 13.9307756424, 3.18987774849, 1.33811938763, 0.251971781254, 0.0147013375536, 0.000721093034372, 7.31033878765e-06, 3.3541645017e-09],
        "max": [4.85652303696, 28.7869548798, 118.695549011, 204.999069214, 183.94631958, 467.53994751, 265.328826904, 644.25378418, 1034.07275391, 345.475158691, 887.003540039, 745.694030762, 1351.61962891, 1595.94274902, 2010.49194336, 2634.92626953, 3230.19091797, 2776.10986328, 1522.49938965, 1537.6763916, 512.819519043, 924.787719727, 424.146392822, 345.931732178, 343.719177246, 155.85723877, 107.24017334, 146.977249146, 276.256256104, 90.4856719971, 76.5816345215, 48.0230484009, 34.0122795105, 20.1744346619, 8.11337184906, 3.91292667389, 1.45463216305, 0.415370643139, 0.0501198656857, 0.000776047294494],
        "mean": [0.333536714315, 2.21716117859, 4.28951931, 4.9206700325, 4.42372894287, 10.1915102005, 13.6639518738, 20.7241725922, 20.7415447235, 14.4557151794, 19.2286224365, 22.7718296051, 21.9197826385, 36.682849884, 34.2815666199, 36.4058113098, 33.5295143127, 22.2662506104, 24.9510154724, 17.8176116943, 10.7364521027, 7.87220239639, 7.86613702774, 6.59178733826, 6.31245803833, 4.34663534164, 3.77706861496, 3.33950996399, 3.20366740227, 2.76800704002, 2.73533940315, 1.60160112381, 0.800662517548, 0.405685514212, 0.229574099183, 0.0994480252266, 0.0281951855868, 0.00568835483864, 0.000430400192272, 4.09266685892e-05],
        "median": [0.00602366728708, 0.100129820406, 0.238878726959, 0.452619612217, 1.14753961563, 2.97840642929, 5.82980918884, 9.46911144257, 8.89128684998, 5.31205415726, 4.4189081192, 3.7706143856, 4.15937232971, 4.45338249207, 3.14407157898, 3.25777196884, 2.6318860054, 2.16996192932, 2.25615477562, 1.68868970871, 0.952573895454, 0.801952123642, 1.04527425766, 0.80518257618, 0.849615335464, 0.662583231926, 0.374442219734, 0.179099708796, 0.151540011168, 0.138131141663, 0.124671027064, 0.0664466321468, 0.0237353257835, 0.00953669846058, 0.00448555499315, 0.00189420371316, 0.000601665175054, 0.00012095287093, 1.75527529791e-05, 1.72555264726e-05],
        "min": [4.94306017673e-23, 5.71785468227e-22, 3.03077482021e-21, 1.03427400308e-20, 2.45034824284e-20, 1.93250312946e-20, 7.41661123208e-20, 1.23512179223e-19, 2.07787731099e-19, 2.80642090065e-19, 3.67568613632e-19, 4.39675653689e-19, 4.8601488029e-19, 6.50073230093e-19, 1.42282117074e-18, 1.50786774542e-18, 1.5895479018e-18, 1.9571990784e-18, 2.18464479553e-18, 2.94398522412e-18, 3.35845647775e-18, 4.46202315517e-18, 6.36793993072e-18, 6.69608413408e-18, 9.6305677413e-18, 9.64333940995e-18, 8.73693888296e-18, 1.21990843116e-17, 1.43520898623e-17, 1.04795511804e-17, 1.03541241298e-17, 1.22055280486e-17, 1.00188330859e-17, 6.4531358115e-18, 6.41396963667e-18, 4.79636749081e-18, 2.37268093994e-18, 1.00229722977e-18, 2.79666301285e-19, 2.72145620392e-20],
        "var": [0.416580706835, 21.0218105316, 157.83052063, 303.216674805, 107.562026978, 649.790527344, 512.840820312, 1137.08911133, 1247.56970215, 600.631347656, 1831.5357666, 4052.43847656, 3803.37329102, 12571.6054688, 12657.9609375, 18903.1777344, 23466.5351562, 6343.47167969, 6669.42822266, 3230.77905273, 1242.15686035, 686.869262695, 419.636383057, 222.522491455, 260.103118896, 112.651557922, 97.4922943115, 91.567527771, 95.2277374268, 61.2577171326, 67.3747406006, 23.6954746246, 5.57670736313, 1.31914019585, 0.485032528639, 0.0952845215797, 0.00600576354191, 0.000330572220264, 3.44565387422e-06, 2.87664247978e-09]
    },
    "gfcc": {
        "mean": [-113.77646637, 122.669662476, -119.319107056, 3.69986462593, -59.8627700806, -2.54586076736, -33.3845939636, -3.38891339302, -19.7350654602, -0.369557887316, -6.70578622818, 0.232725918293, -6.64496898651],
        "cov": [[27652.0449219, -2024.33239746, 1902.43945312, 3866.79370117, 654.811401367, 2568.73999023, 385.301055908, 1350.42700195, 210.240127563, 828.554931641, 77.406867981, 453.098114014, -485.033721924], [-2024.33239746, 3235.19750977, -308.703613281, -1037.0637207, 10.4136066437, -1138.39929199, -60.4286956787, -703.068054199, -14.1350393295, -538.092041016, 70.7978820801, -371.099395752, 127.044517517], [1902.43945312, -308.703613281, 1855.2052002, 959.646057129, 224.759628296, 476.965881348, 105.962394714, 286.455047607, 74.1212692261, 196.717254639, -67.7363052368, 98.8909225464, -138.360992432], [3866.79370117, -1037.0637207, 959.646057129, 1604.28710938, 373.639923096, 872.385559082, 260.718902588, 502.008087158, 233.724121094, 280.590820312, 29.7446727753, 124.216308594, -133.03427124], [654.811401367, 10.4136066437, 224.759628296, 373.639923096, 614.539001465, 371.731201172, 269.130126953, 245.074691772, 152.394271851, 118.435096741, 80.4598922729, 45.355052948, -4.60955429077], [2568.73999023, -1138.39929199, 476.965881348, 872.385559082, 371.731201172, 1102.7722168, 378.26461792, 500.371368408, 125.497306824, 325.039611816, 78.2524032593, 127.105995178, -124.02571106], [385.301055908, -60.4286956787, 105.962394714, 260.718902588, 269.130126953, 378.26461792, 471.364501953, 229.184906006, 120.793251038, 110.470359802, 145.081314087, 34.2684249878, 1.50744140148], [1350.42700195, -703.068054199, 286.455047607, 502.008087158, 245.074691772, 500.371368408, 229.184906006, 460.965637207, 145.093399048, 218.792526245, 49.5537071228, 131.94329834, -38.8899803162], [210.240127563, -14.1350393295, 74.1212692261, 233.724121094, 152.394271851, 125.497306824, 120.793251038, 145.093399048, 270.495483398, 86.224319458, 67.3807754517, 37.7080459595, 43.3035011292], [828.554931641, -538.092041016, 196.717254639, 280.590820312, 118.435096741, 325.039611816, 110.470359802, 218.792526245, 86.224319458, 262.656494141, 78.0715484619, 96.5316696167, -30.9543819427], [77.406867981, 70.7978820801, -67.7363052368, 29.7446727753, 80.4598922729, 78.2524032593, 145.081314087, 49.5537071228, 67.3807754517, 78.0715484619, 203.805603027, 46.4488220215, 32.7265892029], [453.098114014, -371.099395752, 98.8909225464, 124.216308594, 45.355052948, 127.105995178, 34.2684249878, 131.94329834, 37.7080459595, 96.5316696167, 46.4488220215, 171.64276123, 48.9526176453], [-485.033721924, 127.044517517, -138.360992432, -133.03427124, -4.60955429077, -124.02571106, 1.50744140148, -38.8899803162, 43.3035011292, -30.9543819427, 32.7265892029, 48.9526176453, 153.490524292]],
        "icov": [[7.94901352492e-05, -0.000183795767953, 9.87580278888e-05, -0.000249459029874, 0.000131148684886, -0.000183568976354, 0.000148917271872, -0.000142187651363, 0.000202866518521, -0.00019973939925, 0.000114179289085, -0.000283798202872, 6.29011628916e-05], [-0.000183795767953, 0.00172385468613, -0.000703805184457, 0.00101785955485, -0.00108484423254, 0.00126007513609, -0.00080555502791, 0.0010847884696, -0.00117264105938, 0.00191946455743, -0.00147775467485, 0.00218379939906, -0.000154961657245], [9.87580278888e-05, -0.000703805184457, 0.00116207241081, -0.00100634002592, 0.000328366586473, -0.000312991585815, 0.000159789182362, -0.000238073262153, 0.000644606305286, -0.00115206022747, 0.00112988706678, -0.00138418201823, 0.000551339413505], [-0.000249459029874, 0.00101785955485, -0.00100634002592, 0.00258001731709, -0.000738125760108, -8.15048479126e-05, -0.000222225586185, 0.000221281065024, -0.00178410403896, 0.00159627641551, -0.000917552504689, 0.00137221661862, 0.000251721969107], [0.000131148684886, -0.00108484423254, 0.000328366586473, -0.000738125760108, 0.00322762364522, -0.0011485866271, -0.000215287116589, -0.00120157608762, 0.000144074481796, -0.000963018683251, 0.000744845019653, -0.00100620149169, -0.000237653541262], [-0.000183568976354, 0.00126007513609, -0.000312991585815, -8.15048479126e-05, -0.0011485866271, 0.00402599992231, -0.00195989385247, -0.000174098153366, -1.07962596303e-05, -0.000266277755145, -0.000447070371592, 0.00132943037897, 0.000838633393869], [0.000148917271872, -0.00080555502791, 0.000159789182362, -0.000222225586185, -0.000215287116589, -0.00195989385247, 0.00522807892412, -0.00217497465201, 0.000358614663128, 0.000363358703908, -0.00231781275943, 0.000655953888781, -0.000846680311952], [-0.000142187651363, 0.0010847884696, -0.000238073262153, 0.000221281065024, -0.00120157608762, -0.000174098153366, -0.00217497465201, 0.00779363512993, -0.00235226261429, -0.000818065891508, 0.00111436203588, -0.00213405094109, 0.00139092537574], [0.000202866518521, -0.00117264105938, 0.000644606305286, -0.00178410403896, 0.000144074481796, -1.07962596303e-05, 0.000358614663128, -0.00235226261429, 0.00704265711829, -0.00254787295125, 9.03166583157e-05, 0.000135673573823, -0.00252077914774], [-0.00019973939925, 0.00191946455743, -0.00115206022747, 0.00159627641551, -0.000963018683251, -0.000266277755145, 0.000363358703908, -0.000818065891508, -0.00254787295125, 0.0110333096236, -0.0044812229462, 0.000344764528563, 0.00145959435031], [0.000114179289085, -0.00147775467485, 0.00112988706678, -0.000917552504689, 0.000744845019653, -0.000447070371592, -0.00231781275943, 0.00111436203588, 9.03166583157e-05, -0.0044812229462, 0.009710656479, -0.00387294776738, 8.95306766324e-06], [-0.000283798202872, 0.00218379939906, -0.00138418201823, 0.00137221661862, -0.00100620149169, 0.00132943037897, 0.000655953888781, -0.00213405094109, 0.000135673573823, 0.000344764528563, -0.00387294776738, 0.0144308106974, -0.0060112751089], [6.29011628916e-05, -0.000154961657245, 0.000551339413505, 0.000251721969107, -0.000237653541262, 0.000838633393869, -0.000846680311952, 0.00139092537574, -0.00252077914774, 0.00145959435031, 8.95306766324e-06, -0.0060112751089, 0.011509295553]]
    },
    "melbands": {
        "dmean": [0.00166510522831, 0.00200223270804, 0.00093847385142, 0.00032434987952, 0.000343395135133, 0.0002988857741, 0.000193974483409, 0.000109729277028, 0.000115396884212, 0.000109066990262, 7.21686010365e-05, 9.29347224883e-05, 8.81176092662e-05, 7.10078820703e-05, 5.21126785316e-05, 5.02589464304e-05, 2.9454489777e-05, 3.23046042467e-05, 3.11534604407e-05, 1.7914979253e-05, 1.02525418697e-05, 7.82898951002e-06, 7.37098753234e-06, 5.18037131769e-06, 3.83270526072e-06, 3.41541749549e-06, 3.02889543491e-06, 2.54720202975e-06, 2.21085451813e-06, 2.23715414904e-06, 2.18349009629e-06, 1.8844166334e-06, 1.89562410924e-06, 1.35333868911e-06, 1.98406496565e-06, 1.23469055779e-06, 9.56129383667e-07, 6.14008456523e-07, 4.47730428732e-07, 3.24248304651e-07],
        "dmean2": [0.00206848792732, 0.00269565638155, 0.00161809741985, 0.00052968232194, 0.000576367368922, 0.000484719348606, 0.000311295967549, 0.000176174755325, 0.000185682205483, 0.000178668778972, 0.000111231362098, 0.000138369810884, 0.000134484478622, 0.000105764433101, 7.7101183706e-05, 7.37977024983e-05, 4.63250180474e-05, 5.16406871611e-05, 5.07493641635e-05, 2.93781158689e-05, 1.63143686223e-05, 1.24437992781e-05, 1.18407406262e-05, 8.1690504885e-06, 5.92168225921e-06, 5.34622449777e-06, 4.84731026518e-06, 4.20697733716e-06, 3.53781729245e-06, 3.60202307093e-06, 3.66165591004e-06, 3.09101210405e-06, 3.09887309413e-06, 2.12692134482e-06, 3.25499422615e-06, 1.96626433535e-06, 1.53073165166e-06, 9.75946250037e-07, 7.03448449713e-07, 5.16709405929e-07],
        "dvar": [1.14176491479e-05, 2.37906624534e-05, 1.1265710782e-05, 5.56018221687e-07, 6.58258329622e-07, 4.40796355861e-07, 1.66222378084e-07, 5.29781623015e-08, 7.99513628635e-08, 1.057261656e-07, 5.04179560323e-08, 7.71803243538e-08, 8.1193796575e-08, 6.14651156639e-08, 4.59712126144e-08, 4.97604020211e-08, 1.50497641016e-08, 9.56132861774e-09, 1.13707896432e-08, 3.5447682567e-09, 1.23128796048e-09, 7.22857607105e-10, 7.58469065332e-10, 1.63135727149e-10, 8.74691569175e-11, 8.34648669623e-11, 6.80900683059e-11, 5.51219209166e-11, 3.60504230634e-11, 4.16105067069e-11, 4.47431709738e-11, 3.93884196093e-11, 3.13976691868e-11, 1.32790662147e-11, 3.76896222565e-11, 1.14644752025e-11, 8.03458514997e-12, 3.13208595344e-12, 1.64432009675e-12, 8.12325846779e-13],
        "dvar2": [1.98476227524e-05, 5.04376730532e-05, 3.13862219627e-05, 1.42945941661e-06, 1.82596329523e-06, 1.15528814604e-06, 4.30004092777e-07, 1.38144471862e-07, 2.04867617981e-07, 2.78064476333e-07, 1.07924833515e-07, 1.54940991592e-07, 1.74106602913e-07, 1.29583710873e-07, 9.63721831226e-08, 9.79273977464e-08, 3.27784803744e-08, 2.29129870633e-08, 2.92307671401e-08, 8.59529869501e-09, 2.93453972233e-09, 1.66157332337e-09, 1.87293891507e-09, 3.88153620356e-10, 1.8178084038e-10, 1.95723215413e-10, 1.63045368873e-10, 1.45202030954e-10, 8.95069643403e-11, 1.06379578757e-10, 1.19926304998e-10, 1.02922982637e-10, 8.07719724438e-11, 3.21772608558e-11, 9.65550486787e-11, 2.8513334055e-11, 1.98966173398e-11, 7.56107676469e-12, 3.98700039997e-12, 1.99970378797e-12],
        "max": [0.0341166369617, 0.0455816239119, 0.0314342081547, 0.0149626024067, 0.0150701766834, 0.0128059657291, 0.0135598443449, 0.00369078223594, 0.00683151977137, 0.00570439686999, 0.00664275558665, 0.00657517043874, 0.00778587441891, 0.00694677093998, 0.00644732033834, 0.00660849362612, 0.00533423945308, 0.00286323251203, 0.00233331299387, 0.0010252459906, 0.000596318743192, 0.00072329811519, 0.00129032356199, 0.000269395823125, 0.000327579531586, 0.000291713251499, 0.000258414103882, 0.00011629320943, 9.88095926004e-05, 6.46663756925e-05, 0.000123038975289, 0.00022368383361, 6.71509333188e-05, 5.18221931998e-05, 5.58418141736e-05, 3.97476833314e-05, 2.79028699879e-05, 2.14442497963e-05, 2.75232650893e-05, 1.39924086398e-05],
        "mean": [0.00298361270688, 0.00255352654494, 0.000840044405777, 0.000491466606036, 0.000489142781589, 0.000469237769721, 0.000309836759698, 0.000153716318891, 0.000150202235091, 0.000142820877954, 0.000105243227154, 0.00014344752708, 0.000112704168714, 0.000113515568955, 6.33852687315e-05, 7.73727588239e-05, 3.55734991899e-05, 3.84728664358e-05, 3.27223642671e-05, 1.86791603483e-05, 1.08978065327e-05, 8.10818710306e-06, 7.79653601057e-06, 6.29362421023e-06, 5.17710759596e-06, 4.83535268359e-06, 3.82664256904e-06, 2.68267126557e-06, 2.28869180319e-06, 2.15881436816e-06, 1.93183268493e-06, 1.76346054559e-06, 1.7767006284e-06, 1.40003601246e-06, 1.76575326805e-06, 1.15834052394e-06, 8.65669051109e-07, 5.78762524128e-07, 4.31438280657e-07, 3.11930534735e-07],
        "median": [8.40705906739e-05, 0.000182513671461, 9.03873587959e-05, 0.000146318678162, 0.000213405961404, 0.000223692099098, 0.000136071321322, 5.01250142406e-05, 3.12559568556e-05, 1.84850396181e-05, 1.71482133737e-05, 1.59659903147e-05, 9.51165020524e-06, 8.22988295113e-06, 5.22947811987e-06, 4.41564634457e-06, 2.9799011827e-06, 3.03326487483e-06, 2.32861930272e-06, 1.40630402257e-06, 8.58971645812e-07, 7.08520587978e-07, 8.42989777539e-07, 8.13610540717e-07, 5.53347945242e-07, 5.65590823953e-07, 5.05359139424e-07, 3.77644227001e-07, 2.23387161213e-07, 1.18354648748e-07, 8.47552001915e-08, 7.63596830211e-08, 7.94939154503e-08, 6.97306745678e-08, 7.13172596534e-08, 5.72804879084e-08, 2.9210426078e-08, 1.66852167638e-08, 1.08483630967e-08, 6.68173250062e-09],
        "min": [6.04924426622e-25, 1.29430420315e-24, 1.95366254673e-24, 3.04155754693e-24, 2.17487709114e-24, 2.30840875985e-24, 3.3536796332e-24, 2.62184370788e-24, 3.03429687116e-24, 2.56348811685e-24, 2.26660228732e-24, 2.53491892752e-24, 3.89612405746e-24, 3.56206394663e-24, 5.25440961319e-24, 2.99550818602e-24, 2.75988312503e-24, 2.68969678978e-24, 4.18545733268e-24, 4.1459985102e-24, 3.41154731376e-24, 3.41625365792e-24, 5.38284721261e-24, 4.04259186173e-24, 5.10068586631e-24, 6.27085412855e-24, 6.3554279062e-24, 5.72410607362e-24, 5.44342739139e-24, 6.11155274064e-24, 6.926861391e-24, 7.36980757814e-24, 5.71107369704e-24, 5.2175256327e-24, 4.81816756045e-24, 6.96613877547e-24, 5.94967966618e-24, 7.11665580277e-24, 5.83943477695e-24, 4.92037514034e-24],
        "var": [3.02847201965e-05, 3.39258185704e-05, 7.6518554124e-06, 1.03587876765e-06, 7.36756135211e-07, 5.33271077074e-07, 2.54043868608e-07, 7.37615408752e-08, 1.1848212722e-07, 1.75691681648e-07, 9.76492771088e-08, 1.93520847347e-07, 1.38746059974e-07, 1.82558480333e-07, 7.18501311781e-08, 1.24341156038e-07, 2.30753283148e-08, 1.82925994352e-08, 1.17950813561e-08, 3.8920484613e-09, 1.40245348668e-09, 7.97658883389e-10, 7.51840423252e-10, 2.24266369364e-10, 1.63176347434e-10, 1.68960026525e-10, 1.07257161486e-10, 4.88942081267e-11, 3.50050162468e-11, 3.79593231847e-11, 3.54943366365e-11, 3.31260921471e-11, 2.85691366397e-11, 1.52150098076e-11, 3.16468344586e-11, 1.07519219222e-11, 7.13909487082e-12, 2.97318788513e-12, 1.62699931652e-12, 7.99008970966e-13]
    },
    "mfcc": {
        "mean": [-749.150939941, 148.924789429, 1.11873531342, 5.47664308548, -6.01426172256, -3.58476901054, -6.0221953392, -3.61660575867, -10.6628379822, -0.689356207848, -4.56500577927, -2.39685869217, 0.654505074024],
        "cov": [[18316.4960938, -1423.73999023, 529.031799316, 2008.27429199, 975.049682617, 1601.62548828, 934.715209961, 1070.1986084, 533.87713623, 902.346740723, 645.236938477, 488.667175293, 358.21585083], [-1423.73999023, 3052.05737305, -108.031394958, -382.320617676, -174.687530518, -579.226135254, -269.250213623, -385.618896484, -351.345825195, -252.391845703, -273.891784668, -259.040740967, -189.552581787], [529.031799316, -108.031394958, 1225.47802734, 484.096618652, 207.443511963, 252.323013306, 100.357460022, 82.6912994385, 126.208206177, 42.0479125977, 100.639808655, 94.691368103, -26.3889408112], [2008.27429199, -382.320617676, 484.096618652, 903.180419922, 415.72454834, 398.669433594, 240.544387817, 310.593719482, 248.814559937, 242.061294556, 209.114715576, 193.567886353, 101.022491455], [975.049682617, -174.687530518, 207.443511963, 415.72454834, 480.740844727, 310.238098145, 172.068771362, 208.726303101, 204.052749634, 158.350753784, 161.117660522, 123.463241577, 70.7490997314], [1601.62548828, -579.226135254, 252.323013306, 398.669433594, 310.238098145, 619.696838379, 407.836029053, 334.502288818, 235.891143799, 285.453063965, 253.580352783, 185.173156738, 120.11151886], [934.715209961, -269.250213623, 100.357460022, 240.544387817, 172.068771362, 407.836029053, 518.408752441, 313.955169678, 163.136917114, 242.230300903, 219.817886353, 160.355392456, 110.407669067], [1070.1986084, -385.618896484, 82.6912994385, 310.593719482, 208.726303101, 334.502288818, 313.955169678, 391.61730957, 237.161743164, 218.882415771, 194.402404785, 164.741195679, 117.792320251], [533.87713623, -351.345825195, 126.208206177, 248.814559937, 204.052749634, 235.891143799, 163.136917114, 237.161743164, 305.036743164, 172.737594604, 124.791183472, 126.92414093, 84.1474609375], [902.346740723, -252.391845703, 42.0479125977, 242.061294556, 158.350753784, 285.453063965, 242.230300903, 218.882415771, 172.737594604, 301.797088623, 203.733779907, 117.942520142, 94.3513870239], [645.236938477, -273.891784668, 100.639808655, 209.114715576, 161.117660522, 253.580352783, 219.817886353, 194.402404785, 124.791183472, 203.733779907, 270.114471436, 169.175247192, 84.2853393555], [488.667175293, -259.040740967, 94.691368103, 193.567886353, 123.463241577, 185.173156738, 160.355392456, 164.741195679, 126.92414093, 117.942520142, 169.175247192, 208.031906128, 103.372184753], [358.21585083, -189.552581787, -26.3889408112, 101.022491455, 70.7490997314, 120.11151886, 110.407669067, 117.792320251, 84.1474609375, 94.3513870239, 84.2853393555, 103.372184753, 160.049468994]],
