{
"lowlevel": {
    "average_loudness": 0.874482274055,
    "barkbands_crest": {
        "dmean": 2.86318850517,
        "dmean2": 4.60618448257,
        "dvar": 7.18606424332,
        "dvar2": 18.2386798859,
        "max": 25.8463993073,
        "mean": 11.2257709503,
        "median": 10.4422292709,
        "min": 2.9165289402,
        "var": 18.1951141357
    },
    "barkbands_flatness_db": {
        "dmean": 0.0306955184788,
        "dmean2": 0.0460707060993,
        "dvar": 0.000887407572009,
        "dvar2": 0.0021137050353,
        "max": 0.506065011024,
        "mean": 0.187367066741,
        "median": 0.179444670677,
        "min": 0.0321534834802,
        "var": 0.00502764247358
    },
    "barkbands_kurtosis": {
        "dmean": 5.34825611115,
        "dmean2": 8.92512893677,
        "dvar": 143.370803833,
        "dvar2": 394.483642578,
        "max": 267.207519531,
        "mean": 7.69766998291,
        "median": 3.70802092552,
        "min": -1.8490267992,
        "var": 199.216842651
    },
    "barkbands_skewness": {
        "dmean": 0.716943323612,
        "dmean2": 1.11757969856,
        "dvar": 0.766415834427,
        "dvar2": 1.90258586407,
        "max": 13.3813037872,
        "mean": 1.82441675663,
        "median": 1.67089557648,
        "min": -2.91880321503,
        "var": 2.43808364868
    },
    "barkbands_spread": {
        "dmean": 4.71697616577,
        "dmean2": 7.40386915207,
        "dvar": 41.3179473877,
        "dvar2": 93.5337371826,
        "max": 116.903030396,
        "mean": 13.8034687042,
        "median": 11.174654007,
        "min": 0.418623238802,
        "var": 118.614898682
    },
    "dissonance": {
        "dmean": 0.0287120547146,
        "dmean2": 0.0479910559952,
        "dvar": 0.000809643068351,
        "dvar2": 0.00215839757584,
        "max": 0.500000059605,
        "mean": 0.441748917103,
        "median": 0.454012215137,
        "min": 0.194748908281,
        "var": 0.00204295269214
    },
    "dynamic_complexity": 4.00674581528,
    "erbbands_crest": {
        "dmean": 2.62492609024,
        "dmean2": 4.16442489624,
        "dvar": 6.72098684311,
        "dvar2": 16.2633533478,
        "max": 32.499370575,
        "mean": 10.1159582138,
        "median": 9.13596153259,
        "min": 2.34829568863,
        "var": 23.4985351562
    },
    "erbbands_flatness_db": {
        "dmean": 0.0246911700815,
        "dmean2": 0.0329146459699,
        "dvar": 0.000605937966611,
        "dvar2": 0.00108302815352,
        "max": 0.472820013762,
        "mean": 0.196826785803,
        "median": 0.179163441062,
        "min": 0.0331770330667,
        "var": 0.0063965767622
    },
    "erbbands_kurtosis": {
        "dmean": 1.48919546604,
        "dmean2": 2.28412818909,
        "dvar": 6.70373487473,
        "dvar2": 15.4972763062,
        "max": 64.2030334473,
        "mean": 1.79157412052,
        "median": 0.510357141495,
        "min": -1.83982288837,
        "var": 17.9221496582
    },
    "erbbands_skewness": {
        "dmean": 0.413679242134,
        "dmean2": 0.627537369728,
        "dvar": 0.181559234858,
        "dvar2": 0.415384143591,
        "max": 5.73165893555,
        "mean": 0.607608556747,
        "median": 0.52075958252,
        "min": -2.71599793434,
        "var": 0.80885219574
    },
    "erbbands_spread": {
        "dmean": 8.92555236816,
        "dmean2": 12.8185129166,
        "dvar": 135.193984985,
        "dvar2": 238.27015686,
        "max": 130.108520508,
        "mean": 31.5689048767,
        "median": 26.0360069275,
        "min": 0.977076053619,
        "var": 487.545806885
    },
    "hfc": {
        "dmean": 6.63549947739,
        "dmean2": 9.4453792572,
        "dvar": 177.761627197,
        "dvar2": 403.168670654,
        "max": 160.507247925,
        "mean": 13.9717817307,
        "median": 8.17324638367,
        "min": 1.07505520927e-16,
        "var": 289.98135376
    },
    "melbands_crest": {
        "dmean": 3.5766646862,
        "dmean2": 5.84099626541,
        "dvar": 12.8928594589,
        "dvar2": 32.4941635132,
        "max": 33.1423416138,
        "mean": 14.7396717072,
        "median": 13.8325042725,
        "min": 1.62476825714,
        "var": 32.565032959
    },
    "melbands_flatness_db": {
        "dmean": 0.0352479629219,
        "dmean2": 0.0525170788169,
        "dvar": 0.00123215373605,
        "dvar2": 0.00294585176744,
        "max": 0.692385017872,
        "mean": 0.253793895245,
        "median": 0.250274717808,
        "min": 0.00387275358662,
        "var": 0.00690498529002
    },
    "melbands_kurtosis": {
        "dmean": 11.4881105423,
        "dmean2": 18.962808609,
        "dvar": 560.955627441,
        "dvar2": 1505.46789551,
        "max": 451.782196045,
        "mean": 17.5049114227,
        "median": 7.98509502411,
        "min": -1.73828136921,
        "var": 878.321594238
    },
    "melbands_skewness": {
        "dmean": 0.958274066448,
        "dmean2": 1.47616708279,
        "dvar": 1.41487693787,
        "dvar2": 3.39411020279,
        "max": 15.3736209869,
        "mean": 2.62681484222,
        "median": 2.2629532814,
        "min": -2.53019475937,
        "var": 4.44964170456
    },
    "melbands_spread": {
        "dmean": 4.9645075798,
        "dmean2": 7.78227138519,
        "dvar": 48.8542251587,
        "dvar2": 109.58769989,
        "max": 167.24369812,
        "mean": 15.7594518661,
        "median": 11.7612113953,
        "min": 0.50001257658,
        "var": 290.158996582
    },
    "pitch_salience": {
        "dmean": 0.0833091214299,
        "dmean2": 0.139648810029,
        "dvar": 0.00729224551469,
        "dvar2": 0.0207101721317,
        "max": 0.939462304115,
        "mean": 0.538543820381,
        "median": 0.544215679169,
        "min": 0.125752225518,
        "var": 0.0156117295846
    },
    "silence_rate_20dB": {
        "dmean": 0,
        "dmean2": 0,
        "dvar": 0,
        "dvar2": 0,
        "max": 1,
        "mean": 1,
        "median": 1,
        "min": 1,
        "var": 0
    },
    "silence_rate_30dB": {
        "dmean": 0.0615669712424,
        "dmean2": 0.123146623373,
        "dvar": 0.0577715821564,
        "dvar2": 0.12196855247,
        "max": 1,
        "mean": 0.917438745499,
        "median": 1,
        "min": 0,
        "var": 0.0757500603795
    },
    "silence_rate_60dB": {
        "dmean": 0.0267682485282,
        "dmean2": 0.0535420104861,
        "dvar": 0.0260522384197,
        "dvar2": 0.0595321655273,
        "max": 1,
        "mean": 0.115915171802,
        "median": 0,
        "min": 0,
        "var": 0.102479323745
    },
    "spectral_centroid": {
        "dmean": 202.355895996,
        "dmean2": 318.831665039,
        "dvar": 80029.046875,
        "dvar2": 192860.875,
        "max": 11722.9775391,
        "mean": 1039.09082031,
        "median": 831.066772461,
        "min": 132.750289917,
        "var": 1439490.5
    },
    "spectral_complexity": {
        "dmean": 3.54061555862,
        "dmean2": 5.1661863327,
        "dvar": 25.2356262207,
        "dvar2": 46.1611671448,
        "max": 57,
        "mean": 13.891702652,
        "median": 11,
        "min": 0,
        "var": 95.4956741333
    },
    "spectral_decrease": {
        "dmean": 4.65472327349e-09,
        "dmean2": 7.88638931937e-09,
        "dvar": 1.00627699422e-16,
        "dvar2": 2.79196935431e-16,
        "max": 1.77493210155e-28,
        "mean": -8.07472932962e-09,
        "median": -4.38106706468e-09,
        "min": -8.33073627859e-08,
        "var": 1.3092131662e-16
    },
    "spectral_energy": {
        "dmean": 0.0180559884757,
        "dmean2": 0.0304264184088,
        "dvar": 0.00148159044329,
        "dvar2": 0.00408834731206,
        "max": 0.318139255047,
        "mean": 0.0317430794239,
        "median": 0.0175078250468,
        "min": 1.00790035091e-20,
        "var": 0.00195531616919
    },
    "spectral_energyband_high": {
        "dmean": 0.000366159598343,
        "dmean2": 0.000538939260878,
        "dvar": 1.11064537123e-06,
        "dvar2": 2.46203694587e-06,
        "max": 0.013747564517,
        "mean": 0.000422756682383,
        "median": 7.02692341292e-05,
        "min": 7.06338087671e-21,
        "var": 1.32848958856e-06
    },
    "spectral_energyband_low": {
        "dmean": 0.0130533268675,
        "dmean2": 0.0232757981867,
        "dvar": 0.00123551604338,
        "dvar2": 0.00360501580872,
        "max": 0.292400598526,
        "mean": 0.0170606914908,
        "median": 0.00168248149566,
        "min": 1.01593585785e-23,
        "var": 0.00140505924355
    },
    "spectral_energyband_middle_high": {
        "dmean": 0.00145860214252,
        "dmean2": 0.00212507741526,
        "dvar": 7.50227354729e-06,
        "dvar2": 1.54709541675e-05,
        "max": 0.095352165401,
        "mean": 0.00382665148936,
        "median": 0.00197228929028,
        "min": 1.18499792272e-21,
        "var": 2.62213434326e-05
    },
    "spectral_energyband_middle_low": {
        "dmean": 0.00657941121608,
        "dmean2": 0.0102198524401,
        "dvar": 0.000266882969299,
        "dvar2": 0.000622110674158,
        "max": 0.205983683467,
        "mean": 0.0120190624148,
        "median": 0.00775214098394,
        "min": 1.59161005378e-22,
        "var": 0.000306966656353
    },
    "spectral_entropy": {
        "dmean": 0.249518558383,
        "dmean2": 0.354316115379,
        "dvar": 0.0734704956412,
        "dvar2": 0.147304087877,
        "max": 9.8223772049,
        "mean": 7.16104316711,
        "median": 7.24409866333,
        "min": 4.42574071884,
        "var": 0.524234354496
    },
    "spectral_flux": {
        "dmean": 0.0364170633256,
        "dmean2": 0.0597879812121,
        "dvar": 0.00329495593905,
        "dvar2": 0.00797798484564,
        "max": 0.516719400883,
        "mean": 0.0855362191796,
        "median": 0.0603630468249,
        "min": 6.34557198453e-11,
        "var": 0.00672450149432
    },
    "spectral_kurtosis": {
        "dmean": 4.13612222672,
        "dmean2": 6.53338193893,
        "dvar": 42.6992225647,
        "dvar2": 104.604034424,
        "max": 185.924713135,
        "mean": 10.0576534271,
        "median": 5.66925430298,
        "min": -1.26167714596,
        "var": 172.698348999
    },
    "spectral_rms": {
        "dmean": 0.00118039979134,
        "dmean2": 0.0018684141105,
        "dvar": 3.54350390808e-06,
        "dvar2": 8.65731090016e-06,
        "max": 0.017617598176,
        "mean": 0.00464599533007,
        "median": 0.00413289293647,
        "min": 3.13578915438e-12,
        "var": 9.38370885706e-06
    },
    "spectral_rolloff": {
        "dmean": 344.165252686,
        "dmean2": 584.88885498,
        "dvar": 638855.1875,
        "dvar2": 1400380.625,
        "max": 19702.8808594,
        "mean": 1194.00341797,
        "median": 796.728515625,
        "min": 64.599609375,
        "var": 5136471.5
    },
    "spectral_skewness": {
        "dmean": 0.411484271288,
        "dmean2": 0.628209590912,
        "dvar": 0.231848612428,
        "dvar2": 0.540988624096,
        "max": 11.5416965485,
        "mean": 2.21485114098,
        "median": 1.93192100525,
        "min": -0.0811066925526,
        "var": 1.34952664375
    },
    "spectral_spread": {
        "dmean": 739868.625,
        "dmean2": 989197.1875,
        "dvar": 855507468288,
        "dvar2": 1.47499004723e+12,
        "max": 42409308,
        "mean": 4599675,
        "median": 3832154.75,
        "min": 621080.9375,
        "var": 2.00456609464e+13
    },
    "spectral_strongpeak": {
        "dmean": 0.410735696554,
        "dmean2": 0.685698091984,
        "dvar": 0.392459154129,
        "dvar2": 0.890676856041,
        "max": 11.7275438309,
        "mean": 0.874684214592,
        "median": 0.516331136227,
        "min": 0,
        "var": 0.972500801086
    },
    "zerocrossingrate": {
        "dmean": 0.00899959728122,
        "dmean2": 0.0105805499479,
        "dvar": 0.000168153565028,
        "dvar2": 0.00021862257563,
        "max": 0.8056640625,
        "mean": 0.049414023757,
        "median": 0.0380859375,
        "min": 0.00341796875,
        "var": 0.00371335493401
    },
    "barkbands": {
        "dmean": [0.000558134168386, 0.00824677292258, 0.00510113174096, 0.00275973277166, 0.00293296878226, 0.00129607564304, 0.00052816135576, 0.000574467820115, 0.000873512472026, 0.000518652261235, 0.000349795096554, 0.000345485284925, 0.000198279856704, 0.000190558363101, 0.000130073720356, 0.000131842854898, 8.38758278405e-05, 0.000133827546961, 0.000133533641929, 0.000105706014438, 7.29712264729e-05, 6.5027794335e-05, 5.3784056945e-05, 6.4267347625e-05, 6.12389994785e-05, 2.15207674046e-05, 2.05740934689e-06],
        "dmean2": [0.000941545004025, 0.0149061335251, 0.00872773397714, 0.0045884186402, 0.00500806700438, 0.00211558397859, 0.000854034675285, 0.000890726514626, 0.00133501749951, 0.000798687979113, 0.000544750771951, 0.000518673623446, 0.000304293207591, 0.000299294857541, 0.000203985793632, 0.000206585551496, 0.000132867178763, 0.000217309818254, 0.000217232169234, 0.000173415755853, 0.000113634465379, 9.54395582085e-05, 8.21545909275e-05, 9.53567650868e-05, 9.18773221201e-05, 3.3003219869e-05, 3.5744451452e-06],
        "dvar": [3.91305729863e-06, 0.000605868175626, 0.000298317812849, 0.000126243859995, 7.16203794582e-05, 6.68327720632e-06, 1.30290789002e-06, 1.58254636062e-06, 5.21436822964e-06, 2.69488828053e-06, 1.87407727026e-06, 8.67193364229e-07, 2.60940453245e-07, 2.4736573323e-07, 8.0384587875e-08, 6.87771049002e-08, 3.27921121368e-08, 1.27504065972e-07, 1.81522835874e-07, 1.20332146025e-07, 5.88213566743e-08, 3.61777310331e-08, 2.38226931515e-08, 3.18300337199e-08, 3.42357395766e-08, 4.21662882388e-09, 9.40489353063e-11],
        "dvar2": [9.83366135188e-06, 0.00177958037239, 0.000793599057943, 0.000311404961394, 0.000201885341085, 1.7889055016e-05, 3.32090985466e-06, 3.64614743376e-06, 1.14687445603e-05, 5.73878696741e-06, 4.07349898524e-06, 1.63142317433e-06, 5.3877118944e-07, 5.75710032535e-07, 1.86776674127e-07, 1.62807523907e-07, 7.57686748898e-08, 3.33494767801e-07, 4.82169411953e-07, 3.2378159176e-07, 1.35565215942e-07, 7.71763808416e-08, 5.09753235178e-08, 7.0208820091e-08, 8.13347398321e-08, 9.88460069351e-09, 2.59000210168e-10],
        "max": [0.0242157112807, 0.223341435194, 0.173718452454, 0.154774367809, 0.119100302458, 0.0328906141222, 0.0291497502476, 0.0324078574777, 0.0502692647278, 0.0891698598862, 0.0468695275486, 0.0268150568008, 0.0163349881768, 0.0172307528555, 0.00532769830897, 0.00599745195359, 0.00487008830532, 0.00604023691267, 0.00724303815514, 0.00553756346926, 0.00455562165007, 0.00240715360269, 0.00195888197049, 0.00262137362733, 0.00387380807661, 0.000853123143315, 0.000171229461557],
        "mean": [0.000551993842237, 0.00995809584856, 0.00506948539987, 0.00284647592343, 0.00359041150659, 0.00203421339393, 0.000866731104907, 0.000924347084947, 0.00155500660185, 0.00106915307697, 0.000551546982024, 0.000647587003186, 0.000372370617697, 0.000311470212182, 0.000214143306948, 0.000209055666346, 0.000117399649753, 0.000187373429071, 0.000172835978447, 0.000123433914268, 8.63469831529e-05, 7.0212619903e-05, 6.06012108619e-05, 6.94393529557e-05, 6.07859328738e-05, 2.11913902604e-05, 1.41592909131e-06],
        "median": [4.37917769887e-05, 0.000803232076578, 0.000333072443027, 0.000392763526179, 0.00143160007428, 0.000985492486507, 0.000379918230465, 0.000312196207233, 0.000496461056173, 0.000305925728753, 7.0285066613e-05, 0.000181762792636, 0.000115457012726, 7.1563248639e-05, 6.87857100274e-05, 6.88624277245e-05, 3.71189671569e-05, 3.38532263413e-05, 2.73756195384e-05, 1.67283506016e-05, 1.34674992296e-05, 9.64507853496e-06, 8.70792064234e-06, 8.51375989441e-06, 6.02070213063e-06, 1.3281394331e-06, 1.70673430944e-08],
        "min": [2.79900076516e-25, 8.78489506335e-25, 1.83518234408e-24, 1.12178071761e-24, 7.25586372013e-24, 8.37969074293e-24, 8.78279708777e-24, 8.55861465142e-24, 2.22649821606e-23, 9.65149939407e-24, 1.04099954653e-23, 2.06441822339e-23, 2.64132545624e-23, 2.19629099651e-23, 3.9483289789e-23, 7.1399775288e-23, 6.5993351784e-23, 8.63404726668e-23, 1.0563459677e-22, 1.56963011704e-22, 2.61304129024e-22, 3.08985381247e-22, 4.15985161767e-22, 5.66752056024e-22, 9.10289544921e-22, 1.22383603157e-21, 1.92823777748e-21],
        "var": [3.54304552275e-06, 0.000623583502602, 0.000234507431742, 0.000104698228824, 5.49993128516e-05, 9.71447752818e-06, 2.30567934523e-06, 2.98004101751e-06, 1.13473379315e-05, 9.28242388909e-06, 3.54935218638e-06, 2.20447759602e-06, 6.08182631368e-07, 4.74495919889e-07, 1.59261404065e-07, 1.27293603214e-07, 4.94687242281e-08, 1.65878674352e-07, 1.85012069664e-07, 1.05476054557e-07, 6.99967444007e-08, 4.30299031962e-08, 2.96009243783e-08, 3.68040424803e-08, 3.40209709293e-08, 4.47910464274e-09, 6.00123353789e-11]
    },
    "erbbands": {
        "dmean": [0.279307126999, 1.87539196014, 5.87862443924, 6.90473556519, 8.82746982574, 10.3351678848, 11.2139577866, 12.1110982895, 8.71018981934, 6.88303184509, 13.4851989746, 17.7361049652, 17.961643219, 16.0902748108, 13.6695823669, 10.9307937622, 8.735704422, 8.87855052948, 7.6517496109, 6.1788983345, 6.87558555603, 4.94027042389, 7.45332670212, 6.68447828293, 5.90305662155, 4.91062259674, 3.6511900425, 2.36700749397, 2.23970580101, 2.0331223011, 1.5667526722, 1.26625132561, 1.23749101162, 0.811038792133, 0.336879968643, 0.128007024527, 0.0323232933879, 0.00535703031346, 0.00033047204488, 2.59842963715e-05],
        "dmean2": [0.454929351807, 3.43937540054, 10.2509422302, 11.306432724, 14.6544885635, 17.7099456787, 19.0275878906, 19.6437797546, 13.9119272232, 11.1787004471, 20.6665763855, 27.541891098, 26.7789936066, 24.1740264893, 20.7593078613, 16.1308040619, 13.0387582779, 13.7930879593, 11.9427757263, 9.67406749725, 10.8747024536, 7.78628396988, 12.1199769974, 10.7234783173, 9.51023864746, 7.94121646881, 5.80173635483, 3.60230183601, 3.34802961349, 3.04664087296, 2.39253354073, 1.93955647945, 1.83497667313, 1.24063885212, 0.497658133507, 0.194912925363, 0.049986705184, 0.00838558841497, 0.00055500282906, 4.23677156505e-05],
        "dvar": [0.998592615128, 28.23579216, 415.458099365, 448.698699951, 1006.54455566, 755.353027344, 760.387512207, 544.269470215, 279.223022461, 264.088684082, 873.330383301, 2629.36791992, 3137.75488281, 2170.3425293, 1414.74023438, 824.272705078, 479.625335693, 604.834716797, 334.120605469, 167.955566406, 183.137237549, 111.982833862, 385.724578857, 434.300994873, 336.643951416, 218.7996521, 153.778335571, 56.4008598328, 45.4252929688, 30.8581771851, 22.4709644318, 14.1677503586, 12.0881385803, 6.29523324966, 0.979142606258, 0.137556627393, 0.0110008222982, 0.000389914494008, 1.97973577087e-06, 3.19356074918e-09],
        "dvar2": [2.55076622963, 88.9810409546, 1146.98571777, 1097.52270508, 2561.68164062, 2107.18554688, 2147.31225586, 1409.4119873, 698.283813477, 714.231750488, 1951.98852539, 5985.03710938, 6903.50146484, 4298.52880859, 3060.37036133, 1631.8137207, 950.005981445, 1350.41320801, 788.562011719, 381.174316406, 444.935699463, 264.654083252, 1009.15631104, 1168.80761719, 888.570129395, 567.794067383, 387.956420898, 117.17489624, 97.2066726685, 60.1540489197, 50.59998703, 33.0553474426, 26.8945178986, 15.3529491425, 2.23011851311, 0.312067806721, 0.0270243249834, 0.00100384827238, 5.34899027116e-06, 8.29977686578e-09],
        "max": [10.1263856888, 46.1738891602, 202.647247314, 270.09487915, 447.324737549, 352.663574219, 399.714538574, 333.435089111, 408.271942139, 459.236846924, 511.072784424, 1079.21484375, 1940.70019531, 1933.56396484, 942.117248535, 904.337036133, 910.224060059, 1106.49084473, 553.755187988, 319.503692627, 335.313537598, 219.629837036, 355.196777344, 376.702636719, 300.241424561, 214.249526978, 208.676544189, 138.862991333, 86.3945922852, 72.1662445068, 59.7129058838, 46.7005081177, 60.1129684448, 51.0714988708, 17.5022163391, 4.95449447632, 1.59869265556, 0.299420505762, 0.0221998766065, 0.000588028633501],
        "mean": [0.300429582596, 2.14549851418, 6.01258516312, 7.9113535881, 9.76248645782, 11.9667634964, 14.5524625778, 19.4094028473, 15.7063875198, 11.9686374664, 23.2515850067, 31.9874153137, 35.4321098328, 31.8961162567, 24.8294944763, 21.6916751862, 18.1209850311, 15.6547336578, 13.7188959122, 10.1112756729, 11.476067543, 7.37642908096, 10.1851167679, 9.50720310211, 7.67428445816, 5.82135820389, 4.17571496964, 2.75407505035, 2.44504261017, 2.30464553833, 1.715508461, 1.38547885418, 1.29348945618, 0.802870571613, 0.336628109217, 0.128702506423, 0.0307691767812, 0.00452448846772, 0.000254827260505, 4.18974741478e-05],
        "median": [0.030303940177, 0.130506277084, 0.39507651329, 1.00801992416, 2.23625802994, 4.2144370079, 6.7439289093, 8.54634380341, 8.29284858704, 6.29352664948, 9.424949646, 10.0887346268, 11.9727935791, 10.567035675, 6.59469127655, 7.55243396759, 6.19996261597, 4.08690214157, 4.62417459488, 3.7177491188, 4.00282859802, 2.48061943054, 2.03766822815, 1.73279201984, 1.05761313438, 0.822147846222, 0.655896544456, 0.413963735104, 0.336567133665, 0.33045476675, 0.229543447495, 0.182419538498, 0.13862118125, 0.0843597650528, 0.0291812866926, 0.00944442674518, 0.0016404800117, 0.000163664633874, 1.65486380865e-05, 2.16287608055e-05],
        "min": [2.42900764568e-23, 3.0388699215e-22, 2.36083122547e-21, 4.92299045721e-21, 1.06775034174e-20, 3.01519223997e-20, 6.10153687602e-20, 6.1457968549e-20, 1.18718253983e-19, 2.21797572812e-19, 2.6190862054e-19, 4.85198970014e-19, 5.43143282116e-19, 6.92435889298e-19, 7.93406052661e-19, 1.06468443234e-18, 1.38528919461e-18, 1.31791843565e-18, 2.01749640915e-18, 3.3748590557e-18, 3.86417050923e-18, 4.45036942111e-18, 4.39003155851e-18, 6.15768716262e-18, 6.78642218314e-18, 9.08160188315e-18, 1.04106983206e-17, 9.8649220709e-18, 1.04358586733e-17, 1.01690151708e-17, 1.16309063566e-17, 1.02309792705e-17, 1.03709572553e-17, 7.66071652184e-18, 6.36065371029e-18, 4.04779467905e-18, 2.39573694515e-18, 1.0435750933e-18, 2.25705975357e-19, 2.68254398001e-20],
        "var": [0.973655641079, 25.8144035339, 313.464569092, 413.695007324, 834.847717285, 633.580810547, 662.586547852, 968.197875977, 567.566223145, 390.538024902, 1649.34545898, 5494.80419922, 8358.49609375, 5658.50830078, 3166.62841797, 2056.14526367, 1225.52539062, 1237.48730469, 665.912841797, 318.921081543, 368.549163818, 169.99041748, 474.276672363, 484.706298828, 358.538513184, 213.055175781, 158.133087158, 72.8104248047, 53.8832206726, 40.5516357422, 25.8411388397, 15.7013492584, 13.5058870316, 5.98045444489, 1.03814995289, 0.152264237404, 0.0107061462477, 0.000320049206493, 1.36563051001e-06, 3.88831811193e-09]
    },
    "gfcc": {
        "mean": [-75.7643432617, 111.91267395, -116.755699158, 9.01629447937, -62.9346580505, 11.0600709915, -39.8849487305, 6.46021270752, -23.8981552124, -2.32087635994, -12.8371686935, -1.82728612423, -4.65000963211],
        "cov": [[31967.0898438, 1354.34533691, -739.129455566, 3529.65600586, -281.039733887, 774.530395508, -503.607727051, 543.765014648, -1022.34674072, -266.149658203, -448.492370605, -290.40524292, -314.483856201], [1354.34533691, 1765.92419434, -439.52243042, -215.818359375, 233.706481934, -304.551300049, 168.09085083, -98.9348907471, 98.0858154297, -179.832504272, 102.206039429, -176.430862427, 117.397972107], [-739.129455566, -439.52243042, 1471.67089844, 822.124755859, 374.136810303, 512.925354004, 136.760253906, 205.768936157, 20.6680488586, 83.4592132568, -69.5669631958, 67.1001052856, -38.3703155518], [3529.65600586, -215.818359375, 822.124755859, 1564.70629883, 457.847930908, 374.79574585, 121.572067261, 286.514556885, -79.0808410645, 14.119969368, -65.7800827026, -28.111831665, -65.8664245605], [-281.039733887, 233.706481934, 374.136810303, 457.847930908, 619.976989746, 220.069320679, 192.083389282, 88.2781906128, 50.2869033813, -7.00440692902, 25.0577487946, -29.1207752228, 25.0672149658], [774.530395508, -304.551300049, 512.925354004, 374.79574585, 220.069320679, 694.086486816, 116.778205872, 151.020553589, -19.5543003082, 91.7042007446, -45.5268707275, 38.9004325867, -33.8105659485], [-503.607727051, 168.09085083, 136.760253906, 121.572067261, 192.083389282, 116.778205872, 306.527252197, 99.3313674927, 56.7704696655, -20.1073417664, 35.7261390686, -33.9146347046, 9.00759983063], [543.765014648, -98.9348907471, 205.768936157, 286.514556885, 88.2781906128, 151.020553589, 99.3313674927, 257.631896973, 64.6209182739, 29.9100818634, -7.61292219162, 26.1753196716, -5.2611951828], [-1022.34674072, 98.0858154297, 20.6680488586, -79.0808410645, 50.2869033813, -19.5543003082, 56.7704696655, 64.6209182739, 197.319717407, 54.3497200012, 27.9046287537, -1.97439777851, 28.6877098083], [-266.149658203, -179.832504272, 83.4592132568, 14.119969368, -7.00440692902, 91.7042007446, -20.1073417664, 29.9100818634, 54.3497200012, 152.901382446, 40.2894058228, 27.7911529541, -21.6179046631], [-448.492370605, 102.206039429, -69.5669631958, -65.7800827026, 25.0577487946, -45.5268707275, 35.7261390686, -7.61292219162, 27.9046287537, 40.2894058228, 121.968803406, 22.6927509308, 16.4468021393], [-290.40524292, -176.430862427, 67.1001052856, -28.111831665, -29.1207752228, 38.9004325867, -33.9146347046, 26.1753196716, -1.97439777851, 27.7911529541, 22.6927509308, 111.48538208, 26.9635124207], [-314.483856201, 117.397972107, -38.3703155518, -65.8664245605, 25.0672149658, -33.8105659485, 9.00759983063, -5.2611951828, 28.6877098083, -21.6179046631, 16.4468021393, 26.9635124207, 91.9765625]],
        "icov": [[0.000156010573846, -0.000372998707462, 0.000327940215357, -0.000519507215358, 0.000360115867807, -0.00028293178184, 0.000276635371847, -0.00030017294921, 0.000621731800493, -0.000283708970528, 0.000475982291391, -0.00024116714485, 0.00025286860182], [-0.000372998707462, 0.00203823111951, -0.000649852619972, 0.00130620459095, -0.00122220709454, 0.000729720573872, -0.000650025554933, 0.000798164808657, -0.00195108971093, 0.00188132433686, -0.00237237825058, 0.00241441186517, -0.00173481844831], [0.000327940215357, -0.000649852619972, 0.00201501999982, -0.00161164323799, 0.000452764361398, -0.00103302497882, 0.00025653000921, -0.000304149609292, 0.000812742335256, -0.000761773495469, 0.00169502198696, -0.00149823387619, 0.000795156287495], [-0.000519507215358, 0.00130620459095, -0.00161164323799, 0.00319923390634, -0.00202471530065, 0.00108952331357, -0.000462019699626, -0.000575508514885, -0.000824174960144, 0.000808380951639, -0.00160908664111, 0.00184896599967, -0.000667403219268], [0.000360115867807, -0.00122220709454, 0.000452764361398, -0.00202471530065, 0.00393926724792, -0.00131808849983, -0.000355066935299, 0.000154921872308, 0.000558824569453, -0.000220964371692, 0.000369034882169, -0.000406817125622, -0.000157209753525], [-0.00028293178184, 0.000729720573872, -0.00103302497882, 0.00108952331357, -0.00131808849983, 0.00322387716733, -0.00141145603266, -0.000246759678703, 0.000258518586634, -0.00163315830287, 0.000789557117969, -0.000169664490386, -0.00043701226241], [0.000276635371847, -0.000650025554933, 0.00025653000921, -0.000462019699626, -0.000355066935299, -0.00141145603266, 0.00629387050867, -0.00256458995864, 0.000247762043728, 0.00193515664432, -0.00216660974547, 0.00218153744936, 0.000491991871968], [-0.00030017294921, 0.000798164808657, -0.000304149609292, -0.000575508514885, 0.000154921872308, -0.000246759678703, -0.00256458995864, 0.00803806260228, -0.00443522492424, 0.000942919054069, -1.80647275556e-05, -0.00240594032221, 0.00030741179944], [0.000621731800493, -0.00195108971093, 0.000812742335256, -0.000824174960144, 0.000558824569453, 0.000258518586634, 0.000247762043728, -0.00443522492424, 0.0116044422612, -0.00607802951708, 0.00306009245105, 0.000520613975823, -0.00171805708669], [-0.000283708970528, 0.00188132433686, -0.000761773495469, 0.000808380951639, -0.000220964371692, -0.00163315830287, 0.00193515664432, 0.000942919054069, -0.00607802951708, 0.0138788679615, -0.00741693936288, 0.0011514503276, 0.00236055161804], [0.000475982291391, -0.00237237825058, 0.00169502198696, -0.00160908664111, 0.000369034882169, 0.000789557117969, -0.00216660974547, -1.80647275556e-05, 0.00306009245105, -0.00741693936288, 0.0156805962324, -0.00629399064928, 0.00095466937637], [-0.00024116714485, 0.00241441186517, -0.00149823387619, 0.00184896599967, -0.000406817125622, -0.000169664490386, 0.00218153744936, -0.00240594032221, 0.000520613975823, 0.0011514503276, -0.00629399064928, 0.017507083714, -0.00740862730891], [0.00025286860182, -0.00173481844831, 0.000795156287495, -0.000667403219268, -0.000157209753525, -0.00043701226241, 0.000491991871968, 0.00030741179944, -0.00171805708669, 0.00236055161804, 0.00095466937637, -0.00740862730891, 0.0167484804988]]
    },
    "melbands": {
        "dmean": [0.00226438441314, 0.00273284385912, 0.00128867151216, 0.000630758644547, 0.000429207429988, 0.000255833874689, 0.000128423052956, 8.95752236829e-05, 0.000112485715363, 0.000119826101582, 9.21599566936e-05, 6.96390416124e-05, 4.67803547508e-05, 4.35821857536e-05, 2.36760770349e-05, 1.8828026441e-05, 1.69228878804e-05, 1.3776410924e-05, 9.32397961151e-06, 8.4530456661e-06, 8.39344920678e-06, 4.90521870233e-06, 6.76030822433e-06, 6.28874204267e-06, 5.63050934943e-06, 5.14712519362e-06, 4.16397369918e-06, 3.04213699565e-06, 2.40733970713e-06, 1.79527023647e-06, 1.2771714637e-06, 1.22277458559e-06, 1.36487165037e-06, 1.04655396171e-06, 8.9872139597e-07, 8.15508713004e-07, 7.68711117871e-07, 8.50822971188e-07, 8.83207633251e-07, 6.20022490239e-07],
        "dmean2": [0.0039721801877, 0.00486709084362, 0.00209430372342, 0.00105838023592, 0.000729780877009, 0.000414049078245, 0.00020496743673, 0.000142356366268, 0.000172241241671, 0.000183889365871, 0.000137758586789, 0.000104315593489, 7.16821305105e-05, 6.55998592265e-05, 3.48851826857e-05, 2.88296159852e-05, 2.64502177743e-05, 2.17520118895e-05, 1.46032298289e-05, 1.32306495289e-05, 1.3556268641e-05, 7.78115827416e-06, 1.11529416245e-05, 1.01383484434e-05, 9.14428164833e-06, 8.38687446958e-06, 6.91135801389e-06, 4.91089076604e-06, 3.81503650715e-06, 2.85680403067e-06, 1.96051928469e-06, 1.86335819308e-06, 2.00439967557e-06, 1.57384727117e-06, 1.36821654451e-06, 1.29505895075e-06, 1.16938349493e-06, 1.26020290736e-06, 1.35517575472e-06, 9.5762050023e-07],
        "dvar": [5.65296322748e-05, 8.04381706985e-05, 1.72562140506e-05, 3.58993906957e-06, 1.1060695897e-06, 2.38873269609e-07, 6.09692207831e-08, 3.91592074322e-08, 6.84881058532e-08, 1.14078552826e-07, 8.21884995617e-08, 3.91000902766e-08, 2.31453647359e-08, 1.49140504391e-08, 4.41072778301e-09, 2.50609621943e-09, 2.1358725899e-09, 1.30218058558e-09, 4.45004949556e-10, 3.37771921544e-10, 3.12332409935e-10, 1.20280563287e-10, 3.17496695601e-10, 2.54146981238e-10, 3.12084857956e-10, 2.72129041523e-10, 2.02717051478e-10, 7.80145739676e-11, 6.33464392052e-11, 3.89624721375e-11, 1.60677166017e-11, 1.49613516021e-11, 1.44701247512e-11, 8.01712776027e-12, 7.30809076449e-12, 6.5559693091e-12, 4.99356502329e-12, 5.757625713e-12, 6.70612307005e-12, 3.88568907952e-12],
        "dvar2": [0.00015486968914, 0.000232623307966, 4.22687917307e-05, 9.64175160334e-06, 3.12463203045e-06, 6.22070615464e-07, 1.52906437734e-07, 9.94888793571e-08, 1.5159571376e-07, 2.54942534639e-07, 1.79369422426e-07, 7.74934392211e-08, 5.04473192109e-08, 2.83852958916e-08, 8.64563975966e-09, 5.18907228297e-09, 4.79533035502e-09, 3.10443404317e-09, 1.01736841174e-09, 7.78887565556e-10, 7.64684149335e-10, 2.85571399861e-10, 8.16367473622e-10, 6.53586074151e-10, 8.4651002874e-10, 7.28361759794e-10, 5.52811685317e-10, 2.00090360947e-10, 1.60221530487e-10, 9.46520778422e-11, 3.21805256054e-11, 3.30934689374e-11, 3.00743666082e-11, 1.60241264702e-11, 1.62834294659e-11, 1.5887758123e-11, 1.16222153429e-11, 1.27475738299e-11, 1.59919907178e-11, 9.58784700938e-12],
        "max": [0.0729879140854, 0.0825806334615, 0.0534061715007, 0.0275989156216, 0.0141012920067, 0.00666602095589, 0.00610280130059, 0.00568221369758, 0.00533646903932, 0.00683338101953, 0.011131413281, 0.00738687254488, 0.00362490047701, 0.0033968645148, 0.00176471262239, 0.00164633442182, 0.00186364678666, 0.00119742366951, 0.000444605801022, 0.000550636672415, 0.000527075782884, 0.000328013557009, 0.000383085309295, 0.000233302635024, 0.000317840633215, 0.00027658927138, 0.000245148548856, 0.000111499641207, 0.000117059535114, 0.000138486706419, 6.37480989099e-05, 4.61391573481e-05, 5.21209440194e-05, 3.61005331797e-05, 3.60747580999e-05, 3.25318105752e-05, 2.81590000668e-05, 4.78749534523e-05, 4.19457792304e-05, 4.55185290775e-05],
        "mean": [0.00266556022689, 0.00310961250216, 0.00147178408224, 0.000741151685361, 0.000545787857845, 0.000411068205722, 0.000231551690376, 0.000151781845489, 0.00019490775594, 0.000210405822145, 0.000179841415957, 0.000136137008667, 8.00122506917e-05, 7.85997544881e-05, 4.69975857413e-05, 3.56535965693e-05, 2.76795308309e-05, 2.30449695664e-05, 1.49573634189e-05, 1.26130107674e-05, 1.3300840692e-05, 6.92302819516e-06, 8.47858336783e-06, 9.06070181372e-06, 7.609997283e-06, 6.43553767077e-06, 4.90130105391e-06, 3.50471395905e-06, 2.65126595878e-06, 2.09914560401e-06, 1.42131409575e-06, 1.30192415781e-06, 1.47592186295e-06, 1.16011210594e-06, 9.76480237114e-07, 8.7706348495e-07, 8.24956487122e-07, 8.81030189248e-07, 8.88294891865e-07, 6.05057778102e-07],
        "median": [0.00026002060622, 0.000206477096071, 0.000240155524807, 0.000243910617428, 0.000243673304794, 0.000191541796084, 0.000121420351206, 6.90335873514e-05, 7.49235550757e-05, 6.29157802905e-05, 5.67810857319e-05, 4.27328704973e-05, 1.56198511831e-05, 2.08919482247e-05, 1.20618060464e-05, 1.00794532045e-05, 6.0152997321e-06, 6.92308276484e-06, 4.92360595672e-06, 4.35530910181e-06, 4.19726256951e-06, 2.1764203666e-06, 1.72688510247e-06, 1.77247898137e-06, 1.3185157286e-06, 9.19273531963e-07, 5.74136208797e-07, 4.99839188706e-07, 3.98188689132e-07, 3.3002348232e-07, 1.87676448604e-07, 1.71528995452e-07, 1.95939279024e-07, 1.69132476913e-07, 1.3243493413e-07, 1.04713734572e-07, 1.08771502028e-07, 9.11839777018e-08, 9.54377625817e-08, 6.19265634327e-08],
        "min": [4.4360399853e-25, 9.13633752701e-25, 1.29382023698e-24, 1.15939281671e-24, 1.97048579439e-24, 1.45495809308e-24, 1.73298975254e-24, 2.09045201377e-24, 1.88706612025e-24, 2.46064767329e-24, 2.34245461602e-24, 1.6306028054e-24, 2.27985850319e-24, 2.49328482109e-24, 1.88388681358e-24, 2.92678262396e-24, 1.77098326589e-24, 2.77927667874e-24, 3.08423551355e-24, 3.24766856045e-24, 3.40246831361e-24, 3.44958224231e-24, 3.88935089773e-24, 3.78697726261e-24, 3.91112700858e-24, 3.69186035896e-24, 5.08607103475e-24, 4.85670893769e-24, 5.00603044629e-24, 5.17293329788e-24, 5.29648193184e-24, 5.61270668646e-24, 5.15575900711e-24, 5.7262726801e-24, 5.52741820083e-24, 5.2680174638e-24, 5.32594036463e-24, 6.41909529214e-24, 5.0613445841e-24, 5.23890139665e-24],
        "var": [5.67210117879e-05, 6.54042669339e-05, 1.55386114784e-05, 2.91294509225e-06, 9.66377683653e-07, 4.13307418512e-07, 1.23084348047e-07, 6.68855335562e-08, 1.28858673065e-07, 2.44575602437e-07, 2.31977168141e-07, 1.10902824701e-07, 4.85434661357e-08, 3.7810035991e-08, 1.19119878406e-08, 6.15438100482e-09, 4.29632152077e-09, 2.3691972828e-09, 8.13492828655e-10, 5.54694179478e-10, 5.71176439479e-10, 1.72453079594e-10, 3.6500485967e-10, 3.57472829116e-10, 3.31138949594e-10, 2.74908429354e-10, 1.75986974993e-10, 7.7900359774e-11, 6.33802385575e-11, 4.30370357407e-11, 2.10171584997e-11, 1.69287188434e-11, 1.76665418405e-11, 1.02913033997e-11, 8.3539954468e-12, 7.19311069042e-12, 5.41393492537e-12, 6.40207201488e-12, 6.74736308492e-12, 3.57183813776e-12]
    },
    "mfcc": {
        "mean": [-706.441345215, 142.146255493, 1.4684458971, 4.29811573029, -1.61094117165, -3.72185564041, -2.14797091484, -0.290361315012, -2.73276782036, -0.952649056911, -4.7499294281, -4.22619867325, -2.09623765945],
        "cov": [[13827.5117188, 555.290588379, 587.682373047, 1888.41516113, 1030.37963867, 573.101135254, 722.715515137, 533.541931152, 148.80078125, 204.346511841, 60.4167480469, -151.550979614, -135.954849243], [555.290588379, 2098.96191406, -474.609649658, -75.5187759399, -69.6440429688, -157.382095337, -45.887638092, -70.3764953613, -39.4423942566, 15.4744625092, -96.9847488403, -106.916473389, -13.4167709351], [587.682373047, -474.609649658, 1032.71203613, 292.75604248, 330.293273926, 329.082366943, 181.156463623, 189.84727478, 172.346832275, 48.0269813538, 57.0262527466, 93.8759460449, 25.0477390289], [1888.41516113, -75.5187759399, 292.75604248, 931.990722656, 409.893981934, 137.269256592, 216.459518433, 202.762283325, 119.143966675, 101.252365112, 52.3387527466, 14.5629968643, 5.12608098984], [1030.37963867, -69.6440429688, 330.293273926, 409.893981934, 519.130737305, 304.273132324, 211.826660156, 160.97883606, 123.761734009, 73.0299835205, 45.2156295776, 34.2177009583, -1.39450418949], [573.101135254, -157.382095337, 329.082366943, 137.269256592, 304.273132324, 442.762115479, 243.572036743, 127.132797241, 104.678825378, 70.9664382935, 51.1332931519, 43.8085899353, -0.0415020026267], [722.715515137, -45.887638092, 181.156463623, 216.459518433, 211.826660156, 243.572036743, 329.007110596, 186.370788574, 82.1399078369, 73.2383117676, 52.5788841248, 27.64112854, 1.95711171627], [533.541931152, -70.3764953613, 189.84727478, 202.762283325, 160.97883606, 127.132797241, 186.370788574, 251.109436035, 141.671203613, 57.5966148376, 41.1480979919, 31.5967998505, 3.61749625206], [148.80078125, -39.4423942566, 172.346832275, 119.143966675, 123.761734009, 104.678825378, 82.1399078369, 141.671203613, 186.759246826, 91.5706329346, 30.2758674622, 28.9823112488, 15.8416795731], [204.346511841, 15.4744625092, 48.0269813538, 101.252365112, 73.0299835205, 70.9664382935, 73.2383117676, 57.5966148376, 91.5706329346, 152.931777954, 74.9086227417, 17.8325119019, 17.3553943634], [60.4167480469, -96.9847488403, 57.0262527466, 52.3387527466, 45.2156295776, 51.1332931519, 52.5788841248, 41.1480979919, 30.2758674622, 74.9086227417, 122.546188354, 60.3172988892, 10.9067611694], [-151.550979614, -106.916473389, 93.8759460449, 14.5629968643, 34.2177009583, 43.8085899353, 27.64112854, 31.5967998505, 28.9823112488, 17.8325119019, 60.3172988892, 114.195137024, 44.0624237061], [-135.954849243, -13.4167709351, 25.0477390289, 5.12608098984, -1.39450418949, -0.0415020026267, 1.95711171627, 3.61749625206, 15.8416795731, 17.3553943634, 10.9067611694, 44.0624237061, 92.411315918]],
