{
"lowlevel": {
    "average_loudness": 0.761352777481,
    "barkbands_crest": {
        "dmean": 2.78096556664,
        "dmean2": 4.16148614883,
        "dvar": 7.09349250793,
        "dvar2": 14.7506637573,
        "max": 25.6531009674,
        "mean": 10.8939285278,
        "median": 9.30592727661,
        "min": 2.24340367317,
        "var": 31.3375415802
    },
    "barkbands_flatness_db": {
        "dmean": 0.0300306323916,
        "dmean2": 0.0410558506846,
        "dvar": 0.000770550454035,
        "dvar2": 0.00144033308607,
        "max": 0.501197457314,
        "mean": 0.155940562487,
        "median": 0.144303798676,
        "min": 0.0208734106272,
        "var": 0.00509092397988
    },
    "barkbands_kurtosis": {
        "dmean": 6.87505722046,
        "dmean2": 9.80223846436,
        "dvar": 333.254608154,
        "dvar2": 567.485107422,
        "max": 472.401641846,
        "mean": 9.89581203461,
        "median": 1.93496513367,
        "min": -1.88857185841,
        "var": 821.365478516
    },
    "barkbands_skewness": {
        "dmean": 0.834464788437,
        "dmean2": 1.19029843807,
        "dvar": 1.09992384911,
        "dvar2": 2.02666211128,
        "max": 19.035484314,
        "mean": 1.84028661251,
        "median": 1.27827525139,
        "min": -2.72900104523,
        "var": 4.95118713379
    },
    "barkbands_spread": {
        "dmean": 7.12088251114,
        "dmean2": 10.7219715118,
        "dvar": 84.0752334595,
        "dvar2": 182.689071655,
        "max": 99.5982437134,
        "mean": 18.8267250061,
        "median": 15.7093200684,
        "min": 0.267673194408,
        "var": 193.756835938
    },
    "dissonance": {
        "dmean": 0.0221358500421,
        "dmean2": 0.0377060472965,
        "dvar": 0.00054818886565,
        "dvar2": 0.00149659288581,
        "max": 0.500000059605,
        "mean": 0.4661898911,
        "median": 0.47469830513,
        "min": 0.21564553678,
        "var": 0.000943490769714
    },
    "dynamic_complexity": 4.24784612656,
    "erbbands_crest": {
        "dmean": 3.38504266739,
        "dmean2": 5.47540855408,
        "dvar": 11.0216999054,
        "dvar2": 25.4749526978,
        "max": 31.5093364716,
        "mean": 10.207775116,
        "median": 8.92354774475,
        "min": 2.49945855141,
        "var": 27.7503566742
    },
    "erbbands_flatness_db": {
        "dmean": 0.0255586300045,
        "dmean2": 0.0369674041867,
        "dvar": 0.000611781491898,
        "dvar2": 0.00122411223128,
        "max": 0.524653792381,
        "mean": 0.18029679358,
        "median": 0.167507424951,
        "min": 0.0526229031384,
        "var": 0.0055865785107
    },
    "erbbands_kurtosis": {
        "dmean": 1.95708405972,
        "dmean2": 3.08280682564,
        "dvar": 10.3434944153,
        "dvar2": 23.3028774261,
        "max": 77.7782592773,
        "mean": 1.87706446648,
        "median": 0.488790035248,
        "min": -1.88862597942,
        "var": 22.4135951996
    },
    "erbbands_skewness": {
        "dmean": 0.529422938824,
        "dmean2": 0.808994650841,
        "dvar": 0.275152295828,
        "dvar2": 0.611026763916,
        "max": 6.78731822968,
        "mean": 0.572335660458,
        "median": 0.477052688599,
        "min": -2.66502451897,
        "var": 1.03105950356
    },
    "erbbands_spread": {
        "dmean": 10.6679363251,
        "dmean2": 16.2765426636,
        "dvar": 156.413345337,
        "dvar2": 346.584442139,
        "max": 155.298171997,
        "mean": 32.6447906494,
        "median": 26.569934845,
        "min": 0.761182427406,
        "var": 500.534698486
    },
    "hfc": {
        "dmean": 16.6330108643,
        "dmean2": 26.5655441284,
        "dvar": 1150.66833496,
        "dvar2": 2881.92504883,
        "max": 509.445159912,
        "mean": 24.3800487518,
        "median": 14.1739597321,
        "min": 1.08758719408e-16,
        "var": 1200.1887207
    },
    "melbands_crest": {
        "dmean": 3.58966588974,
        "dmean2": 5.44814395905,
        "dvar": 10.8633785248,
        "dvar2": 24.4440555573,
        "max": 34.8859634399,
        "mean": 15.2923784256,
        "median": 13.6320638657,
        "min": 1.11510813236,
        "var": 57.1527328491
    },
    "melbands_flatness_db": {
        "dmean": 0.0366203971207,
        "dmean2": 0.050109218806,
        "dvar": 0.00125668570399,
        "dvar2": 0.00240366114303,
        "max": 0.555681526661,
        "mean": 0.208407640457,
        "median": 0.196749448776,
        "min": 2.14022311411e-05,
        "var": 0.00790678709745
    },
    "melbands_kurtosis": {
        "dmean": 16.3626842499,
        "dmean2": 23.7462253571,
        "dvar": 2045.34997559,
        "dvar2": 3969.17602539,
        "max": 1135.42614746,
        "mean": 26.3516387939,
        "median": 5.4832816124,
        "min": -1.78838706017,
        "var": 5137.25
    },
    "melbands_skewness": {
        "dmean": 1.0546002388,
        "dmean2": 1.52112972736,
        "dvar": 2.11399435997,
        "dvar2": 4.11541986465,
        "max": 26.436794281,
        "mean": 2.89294052124,
        "median": 1.9193187952,
        "min": -1.34255504608,
        "var": 9.96954727173
    },
    "melbands_spread": {
        "dmean": 9.97388935089,
        "dmean2": 15.6046524048,
        "dvar": 303.781188965,
        "dvar2": 725.625427246,
        "max": 211.059432983,
        "mean": 23.6861133575,
        "median": 17.5828361511,
        "min": 0.358085393906,
        "var": 630.34942627
    },
    "pitch_salience": {
        "dmean": 0.0822545588017,
        "dmean2": 0.126617267728,
        "dvar": 0.00686165876687,
        "dvar2": 0.0154936248437,
        "max": 0.991635024548,
        "mean": 0.561456561089,
        "median": 0.601734995842,
        "min": 0.0506753847003,
        "var": 0.0312016513199
    },
    "silence_rate_20dB": {
        "dmean": 0,
        "dmean2": 0,
        "dvar": 0,
        "dvar2": 0,
        "max": 1,
        "mean": 1,
        "median": 1,
        "min": 1,
        "var": 0
    },
    "silence_rate_30dB": {
        "dmean": 0.0411486402154,
        "dmean2": 0.0823063403368,
        "dvar": 0.0394527167082,
        "dvar2": 0.0805941447616,
        "max": 1,
        "mean": 0.953905403614,
        "median": 1,
        "min": 0,
        "var": 0.0439710095525
    },
    "silence_rate_60dB": {
        "dmean": 0.0264055449516,
        "dmean2": 0.052816901356,
        "dvar": 0.0257087163627,
        "dvar2": 0.0599265955389,
        "max": 1,
        "mean": 0.113421343267,
        "median": 0,
        "min": 0,
        "var": 0.100559130311
    },
    "spectral_centroid": {
        "dmean": 347.232666016,
        "dmean2": 530.766113281,
        "dvar": 178743.875,
        "dvar2": 406540,
        "max": 11800.2041016,
        "mean": 1476.4239502,
        "median": 1224.64318848,
        "min": 192.68270874,
        "var": 1602949.625
    },
    "spectral_complexity": {
        "dmean": 5.08922863007,
        "dmean2": 7.50968313217,
        "dvar": 34.713684082,
        "dvar2": 73.9345169067,
        "max": 58,
        "mean": 16.7240924835,
        "median": 16,
        "min": 0,
        "var": 123.548721313
    },
    "spectral_decrease": {
        "dmean": 2.94289326241e-09,
        "dmean2": 4.25568336127e-09,
        "dvar": 3.09616747303e-17,
        "dvar2": 6.92361422363e-17,
        "max": 2.07380140107e-28,
        "mean": -7.48927142524e-09,
        "median": -4.5529335857e-09,
        "min": -6.00112812776e-08,
        "var": 7.54029722263e-17
    },
    "spectral_energy": {
        "dmean": 0.0122743435204,
        "dmean2": 0.0179414339364,
        "dvar": 0.000487636629259,
        "dvar2": 0.00110018230043,
        "max": 0.235941618681,
        "mean": 0.0304776206613,
        "median": 0.0191758424044,
        "min": 9.51239367522e-21,
        "var": 0.0011517793173
    },
    "spectral_energyband_high": {
        "dmean": 0.0014213535469,
        "dmean2": 0.00233223079704,
        "dvar": 1.47621140059e-05,
        "dvar2": 3.72350441467e-05,
        "max": 0.0678310990334,
        "mean": 0.00126918277238,
        "median": 0.000244611350354,
        "min": 6.89285727031e-21,
        "var": 1.28838382807e-05
    },
    "spectral_energyband_low": {
        "dmean": 0.00627090595663,
        "dmean2": 0.00876112934202,
        "dvar": 0.000267486087978,
        "dvar2": 0.000555175181944,
        "max": 0.178867250681,
        "mean": 0.0140591654927,
        "median": 0.00135835749097,
        "min": 1.49459969463e-23,
        "var": 0.000741337309591
    },
    "spectral_energyband_middle_high": {
        "dmean": 0.00340250856243,
        "dmean2": 0.00533664226532,
        "dvar": 2.80446547549e-05,
        "dvar2": 6.83903344907e-05,
        "max": 0.0828694403172,
        "mean": 0.00705137755722,
        "median": 0.0042762090452,
        "min": 1.09914774288e-21,
        "var": 6.70715307933e-05
    },
    "spectral_energyband_middle_low": {
        "dmean": 0.00615531951189,
        "dmean2": 0.0104382000864,
        "dvar": 0.000199905000045,
        "dvar2": 0.00056471908465,
        "max": 0.128162845969,
        "mean": 0.00935245491564,
        "median": 0.0054594730027,
        "min": 1.32649687516e-22,
        "var": 0.000172775122337
    },
    "spectral_entropy": {
        "dmean": 0.225500568748,
        "dmean2": 0.317951321602,
        "dvar": 0.0485591851175,
        "dvar2": 0.0973958596587,
        "max": 9.83315086365,
        "mean": 7.66371250153,
        "median": 7.66788291931,
        "min": 4.83786344528,
        "var": 0.30368322134
    },
    "spectral_flux": {
        "dmean": 0.0332766212523,
        "dmean2": 0.0490878298879,
        "dvar": 0.00231082760729,
        "dvar2": 0.00364570389502,
        "max": 0.473269373178,
        "mean": 0.0913030430675,
        "median": 0.0742912441492,
        "min": 6.35270447358e-11,
        "var": 0.00545048341155
    },
    "spectral_kurtosis": {
        "dmean": 2.38566350937,
        "dmean2": 3.83181881905,
        "dvar": 21.6634883881,
        "dvar2": 57.7142333984,
        "max": 127.809921265,
        "mean": 6.22663879395,
        "median": 4.73084926605,
        "min": -1.25308763981,
        "var": 72.8161773682
    },
    "spectral_rms": {
        "dmean": 0.00098795897793,
        "dmean2": 0.00140451372135,
        "dvar": 1.71158012563e-06,
        "dvar2": 3.68711880583e-06,
        "max": 0.0151719124988,
        "mean": 0.00469724740833,
        "median": 0.00432529067621,
        "min": 3.04637218229e-12,
        "var": 7.67032543081e-06
    },
    "spectral_rolloff": {
        "dmean": 868.913330078,
        "dmean2": 1441.25634766,
        "dvar": 2789610,
        "dvar2": 6263822,
        "max": 19853.6132812,
        "mean": 1920.62976074,
        "median": 1119.7265625,
        "min": 64.599609375,
        "var": 7609352.5
    },
    "spectral_skewness": {
        "dmean": 0.313299775124,
        "dmean2": 0.475065082312,
        "dvar": 0.119532324374,
        "dvar2": 0.290200978518,
        "max": 8.88395118713,
        "mean": 1.77566850185,
        "median": 1.7061393261,
        "min": -0.233668893576,
        "var": 0.610144555569
    },
    "spectral_spread": {
        "dmean": 803702.5,
        "dmean2": 1146597.75,
        "dvar": 946329419776,
        "dvar2": 1.83972541235e+12,
        "max": 42896824,
        "mean": 5327380.5,
        "median": 4643528,
        "min": 688552.6875,
        "var": 1.96171729469e+13
    },
    "spectral_strongpeak": {
        "dmean": 0.555006206036,
        "dmean2": 0.925518929958,
        "dvar": 0.816956281662,
        "dvar2": 2.12839436531,
        "max": 12.0520610809,
        "mean": 0.975999891758,
        "median": 0.615772247314,
        "min": 0,
        "var": 1.13873565197
    },
    "zerocrossingrate": {
        "dmean": 0.0167440883815,
        "dmean2": 0.0197518039495,
        "dvar": 0.000469934224384,
        "dvar2": 0.000618496036623,
        "max": 0.763671875,
        "mean": 0.0706065967679,
        "median": 0.0546875,
        "min": 0.0029296875,
        "var": 0.00482709379867
    },
    "barkbands": {
        "dmean": [0.000191616170923, 0.00431269826367, 0.00379958492704, 0.00204364722595, 0.00135929055978, 0.00101000501309, 0.00091693806462, 0.0011865835404, 0.000818443659227, 0.0015580765903, 0.000821643334348, 0.000703484169208, 0.000487260520458, 0.000310972740408, 0.000505220261402, 0.000342766870745, 0.000174440385308, 0.000137886134326, 0.000162493946846, 0.000141921453178, 0.000180471397471, 0.000391750829294, 0.000238609864027, 0.000196634675376, 0.000208916884731, 0.000147863916936, 1.76571993507e-05],
        "dmean2": [0.000203295552637, 0.00588696822524, 0.00660292804241, 0.00383018655702, 0.00239842222072, 0.0016515168827, 0.00147530098911, 0.00192829733714, 0.00135229760781, 0.00255189277232, 0.00137188576628, 0.0011587649351, 0.000775720283855, 0.00049356254749, 0.000823095324449, 0.000561739492696, 0.00029128359165, 0.000229122088058, 0.00027129278169, 0.000235662198975, 0.000299219827866, 0.000653728493489, 0.000391535722883, 0.000320393854054, 0.000349623151124, 0.000239441273152, 2.97161586786e-05],
        "dvar": [1.96656515072e-07, 0.000138114992296, 0.000196666442207, 7.48967577238e-05, 1.38859522849e-05, 4.71754765385e-06, 2.17964930016e-06, 4.41908605353e-06, 2.4540747745e-06, 9.27129258343e-06, 3.27110706166e-06, 2.45726823778e-06, 9.46274042235e-07, 4.95150231927e-07, 1.6441738353e-06, 1.33263324642e-06, 1.62549412153e-07, 8.37214670923e-08, 8.43936760475e-08, 8.7396415438e-08, 1.86499747201e-07, 1.46192348893e-06, 4.90996228564e-07, 3.12367831157e-07, 3.67052138017e-07, 1.67345888258e-07, 2.62040944499e-09],
        "dvar2": [2.30982834637e-07, 0.000292306824122, 0.000540949753486, 0.000218201748794, 3.87624786526e-05, 1.22990695672e-05, 5.30730494575e-06, 1.04979990283e-05, 6.1646519498e-06, 2.3740956749e-05, 9.1211477411e-06, 6.29587248113e-06, 2.09616882785e-06, 1.12332941171e-06, 3.93908021579e-06, 3.60489480045e-06, 4.24767875984e-07, 2.19602284801e-07, 2.11791757465e-07, 2.29482324698e-07, 4.83480448565e-07, 3.72529143533e-06, 1.25074336665e-06, 7.83024574957e-07, 9.48012882418e-07, 4.24565570256e-07, 6.79359546396e-09],
        "max": [0.00573548162356, 0.133645832539, 0.133370786905, 0.0824499577284, 0.0614951774478, 0.0415679551661, 0.0241399537772, 0.0273599028587, 0.0207973718643, 0.0436193272471, 0.0389777459204, 0.0326302684844, 0.0214950870723, 0.022833481431, 0.0348077900708, 0.0290013290942, 0.00694533297792, 0.00537347607315, 0.00749319558963, 0.00543814245611, 0.00607863161713, 0.0244519617409, 0.0152225736529, 0.0138093633577, 0.0109292445704, 0.00502011878416, 0.000549343356397],
        "mean": [0.000330551963998, 0.00919571239501, 0.00367621798068, 0.00140817184001, 0.00136671366636, 0.00129165430553, 0.0017159760464, 0.00178428494837, 0.00103344174568, 0.00234738644212, 0.0012415391393, 0.000869294570293, 0.00068369647488, 0.00043082179036, 0.00067684892565, 0.00045162049355, 0.000204766736715, 0.000178690286702, 0.000225218056585, 0.000193941028556, 0.000165815406945, 0.000312277057674, 0.000200035516173, 0.000179017079063, 0.000177032954525, 0.000123717647512, 1.31931647047e-05],
        "median": [1.95189090846e-06, 0.000317073252518, 0.000256210856605, 8.6091531557e-05, 0.000333967094775, 0.000365846964996, 0.000802884809673, 0.000678754178807, 0.000385648338124, 0.000787513679825, 0.000302255910356, 0.000206241689739, 0.000203503470402, 0.00013121504162, 0.000160141556989, 0.000100123732409, 6.98311487213e-05, 7.79706533649e-05, 0.000112487745355, 9.19586236705e-05, 3.58945217158e-05, 3.13223536068e-05, 2.37080475927e-05, 3.27796806232e-05, 2.76666578429e-05, 1.45355825225e-05, 5.75574745199e-07],
        "min": [2.17290651659e-25, 1.91228048136e-24, 1.65172916604e-25, 1.18758956508e-24, 6.58165073128e-24, 6.85801986638e-24, 3.70088808316e-24, 8.8703093723e-24, 6.03687837849e-24, 1.8142825788e-23, 1.4224903926e-23, 2.21230960605e-23, 2.71692594109e-23, 2.55369862912e-23, 3.38901839294e-23, 5.00101431645e-23, 6.73188842293e-23, 8.31414271259e-23, 8.73783106954e-23, 1.26683564044e-22, 2.44507904579e-22, 2.82424548165e-22, 3.12556510389e-22, 5.56065855902e-22, 8.42350622331e-22, 1.32045066653e-21, 1.90430204629e-21],
        "var": [7.32074056486e-07, 0.000402977748308, 0.00013897503959, 4.21233417001e-05, 1.0522086086e-05, 5.63482217331e-06, 5.57832890991e-06, 8.13534643385e-06, 3.39798111781e-06, 1.6743728338e-05, 6.78695869283e-06, 2.94724077321e-06, 1.7471238607e-06, 9.11970914785e-07, 2.65958169621e-06, 1.35420782499e-06, 1.67267387496e-07, 9.37205655305e-08, 1.26384890109e-07, 1.00174283091e-07, 1.57444674187e-07, 1.16703415642e-06, 4.30387984807e-07, 3.13004932195e-07, 3.15212901114e-07, 1.39573927527e-07, 1.98082950043e-09]
    },
    "erbbands": {
        "dmean": [0.150006860495, 1.06749165058, 3.69518780708, 6.26078605652, 5.07391929626, 4.42810153961, 5.84664916992, 9.02335262299, 12.8645687103, 18.3331851959, 21.8686542511, 19.8579177856, 33.631893158, 48.1181297302, 32.9533882141, 24.9813632965, 23.2141227722, 16.3448619843, 22.3374195099, 21.4691066742, 17.820356369, 9.65997219086, 7.59393978119, 7.71807861328, 7.98749256134, 6.41339635849, 6.39116716385, 7.90412282944, 13.7486658096, 11.0760879517, 6.65874433517, 4.87484121323, 2.89314603806, 1.89910364151, 1.64738750458, 0.881554484367, 0.220017418265, 0.0480148866773, 0.00236557261087, 6.07455331192e-05],
        "dmean2": [0.154692858458, 1.5163064003, 6.13830709457, 11.4979190826, 9.31936264038, 7.71112155914, 9.67076683044, 14.9741106033, 20.4375400543, 30.2456703186, 35.6829223633, 32.8095245361, 54.9125938416, 79.1729507446, 54.7169799805, 41.0179443359, 36.6992111206, 25.6285915375, 35.1760597229, 35.8700942993, 29.3658218384, 16.1352977753, 12.7054176331, 12.7142190933, 13.1245231628, 10.5154085159, 10.5991430283, 13.2541913986, 23.0181884766, 18.2869567871, 10.9553861618, 8.07748413086, 4.67165374756, 3.09833216667, 2.77701497078, 1.45945739746, 0.35557320714, 0.0786512643099, 0.00397448707372, 9.74972645054e-05],
        "dvar": [0.123382382095, 9.20380878448, 162.014175415, 673.723327637, 334.75189209, 126.480224609, 175.755859375, 375.134063721, 475.803009033, 936.716918945, 2202.31445312, 1485.6192627, 6909.27587891, 9058.54296875, 5431.33447266, 2778.95776367, 2129.0246582, 1498.16247559, 3684.55444336, 4031.15625, 4917.94238281, 590.808349609, 281.10357666, 201.114730835, 234.332901001, 161.148361206, 181.879806519, 457.950164795, 1754.80566406, 1112.81530762, 387.356811523, 199.806411743, 69.341796875, 28.0680656433, 23.4729385376, 6.54336643219, 0.35610383749, 0.017979092896, 4.60611918243e-05, 2.0978120574e-08],
        "dvar2": [0.127720907331, 22.0428180695, 421.823547363, 1932.1340332, 966.372924805, 346.686767578, 468.687438965, 987.768920898, 1144.94592285, 2342.03808594, 5196.44287109, 3729.52197266, 16882.3632812, 24394.4003906, 14519.9150391, 7275.93457031, 4663.82226562, 3386.12475586, 7997.00683594, 11042.1513672, 13601.5224609, 1574.12207031, 754.261169434, 530.095153809, 556.755432129, 416.559570312, 471.210876465, 1210.24084473, 4482.30078125, 2786.54711914, 987.504943848, 510.209289551, 173.433380127, 69.6713638306, 61.4819946289, 17.025554657, 0.902569115162, 0.0457236655056, 0.000119794080092, 5.37810294077e-08],
        "max": [3.79097914696, 34.4821357727, 123.721183777, 230.230529785, 207.845932007, 198.998001099, 353.746917725, 310.802520752, 362.58380127, 490.822723389, 706.611694336, 592.373413086, 1450.81555176, 1566.90588379, 1839.16918945, 975.36907959, 1015.91625977, 1171.58447266, 2186.48266602, 1359.30114746, 1843.46789551, 463.964477539, 296.914276123, 242.199996948, 522.525085449, 262.890472412, 214.121749878, 448.039093018, 800.30480957, 697.75769043, 412.060668945, 310.669830322, 242.713531494, 128.529647827, 77.2387466431, 36.0287017822, 6.76216697693, 1.22421371937, 0.074431553483, 0.00161956821103],
        "mean": [0.330813169479, 1.81128132343, 4.11979961395, 4.79906368256, 4.09752893448, 4.68128395081, 7.06464290619, 11.7016544342, 23.9575519562, 32.627456665, 30.5963859558, 25.9801483154, 50.8281478882, 74.4877548218, 51.8545799255, 34.2756729126, 34.0967025757, 24.0348567963, 34.1587562561, 26.2837524414, 22.9512996674, 11.8882980347, 9.86904335022, 10.8566732407, 11.2700223923, 9.04595661163, 6.77013969421, 6.86121797562, 10.9371166229, 9.01358509064, 5.5964012146, 4.26941537857, 2.67420816422, 1.75331735611, 1.34381139278, 0.712973058224, 0.184415459633, 0.0381839200854, 0.00182146567386, 7.38328089938e-05],
        "median": [0.00360908079892, 0.0938145369291, 0.429288834333, 0.482573956251, 0.58365637064, 1.10598421097, 1.90740799904, 3.44145941734, 9.95674514771, 15.2119398117, 12.0755443573, 10.4058561325, 16.8033256531, 25.4067764282, 13.769862175, 10.7612113953, 11.1591701508, 8.24413204193, 10.0155878067, 6.74922657013, 5.80899381638, 4.24036502838, 4.25586795807, 5.23114204407, 5.69868469238, 4.28460979462, 2.24200439453, 1.36349332333, 1.09751939774, 0.886395692825, 0.694660663605, 0.6935095191, 0.474815100431, 0.339362740517, 0.176194697618, 0.0784303098917, 0.022035241127, 0.00349737238139, 0.000140099058626, 3.13440832542e-05],
        "min": [7.62418413896e-23, 2.18561650939e-22, 1.53628482774e-21, 7.13976260522e-21, 1.22251042213e-20, 2.28329168643e-20, 3.11734775315e-20, 4.71043331256e-20, 1.52053865314e-19, 1.13102860847e-19, 2.20442650968e-19, 1.43228610735e-19, 4.99432525308e-19, 5.41337029851e-19, 1.10837714627e-18, 1.24779016671e-18, 1.39880791076e-18, 1.27287297122e-18, 2.15041916371e-18, 3.54175287725e-18, 2.94822886746e-18, 4.45445362538e-18, 5.97862778901e-18, 4.59419669089e-18, 5.57316990893e-18, 7.92318837483e-18, 9.01457543811e-18, 1.02162810982e-17, 1.1176301954e-17, 9.65341033391e-18, 1.11237238727e-17, 9.96845530509e-18, 1.14233642594e-17, 8.51928698428e-18, 5.97720503836e-18, 4.16737687148e-18, 2.20261922344e-18, 9.32225726107e-19, 2.52195348799e-19, 2.7780941652e-20],
        "var": [0.62799602747, 16.6247158051, 135.408996582, 397.459716797, 201.880630493, 107.008460999, 191.383361816, 448.037689209, 1219.14880371, 2174.015625, 3080.63110352, 2129.63354492, 11961.4238281, 16336.5546875, 11573.0849609, 3649.61083984, 4180.89208984, 2743.73583984, 7633.67138672, 3599.51074219, 3955.3605957, 561.061645508, 293.436645508, 255.850006104, 397.028594971, 204.839691162, 171.983642578, 362.319396973, 1388.39099121, 940.558288574, 336.405670166, 185.684234619, 70.7564315796, 27.9933643341, 19.1086196899, 5.1689453125, 0.298311203718, 0.0144057711586, 3.48793219018e-05, 1.80435719699e-08]
    },
    "gfcc": {
        "mean": [-47.6742210388, 64.4086761475, -128.925048828, -0.585091292858, -67.8719100952, 10.4751815796, -34.8911361694, 13.6952972412, -24.5411663055, 7.78331804276, -14.8995580673, 1.9202054739, -11.8336267471],
        "cov": [[32481.3417969, -840.441467285, 90.7371826172, 1540.80627441, -685.372802734, 1420.18115234, -548.721801758, 638.895690918, -729.981384277, 471.397186279, -586.960449219, 331.625549316, -344.302368164], [-840.441467285, 2679.08789062, 206.401596069, 262.888824463, 803.622375488, 105.424316406, 211.707580566, -91.6722412109, 2.9265127182, -184.882339478, 114.251358032, -179.450653076, 111.201576233], [90.7371826172, 206.401596069, 2358.00952148, 1265.0703125, 958.916381836, 815.545410156, 279.760070801, 110.91897583, 76.0693664551, 42.5451507568, -79.1330490112, 95.3837432861, -34.1144218445], [1540.80627441, 262.888824463, 1265.0703125, 1366.93798828, 836.613342285, 654.782104492, 236.823135376, 147.293792725, 6.81308221817, 4.28628444672, -50.1780319214, 46.5258331299, 16.3830013275], [-685.372802734, 803.622375488, 958.916381836, 836.613342285, 1181.53771973, 640.285644531, 336.209381104, 97.2870483398, 111.037055969, -0.738379657269, 29.1525993347, -21.8826847076, 57.8294639587], [1420.18115234, 105.424316406, 815.545410156, 654.782104492, 640.285644531, 767.580566406, 269.628417969, 151.939331055, 44.5060768127, 80.8409729004, -9.23132324219, 36.9305801392, -3.97277617455], [-548.721801758, 211.707580566, 279.760070801, 236.823135376, 336.209381104, 269.628417969, 334.995269775, 122.072723389, 63.7513542175, 18.9460411072, 79.3782501221, 3.30573010445, 39.1282424927], [638.895690918, -91.6722412109, 110.91897583, 147.293792725, 97.2870483398, 151.939331055, 122.072723389, 217.279571533, 94.5665664673, 71.410446167, 24.272026062, 21.8284282684, 12.8895072937], [-729.981384277, 2.9265127182, 76.0693664551, 6.81308221817, 111.037055969, 44.5060768127, 63.7513542175, 94.5665664673, 210.503189087, 80.7519073486, 32.9986763, 8.08880901337, 28.5228862762], [471.397186279, -184.882339478, 42.5451507568, 4.28628444672, -0.738379657269, 80.8409729004, 18.9460411072, 71.410446167, 80.7519073486, 137.700973511, 43.1290245056, 28.0456733704, -12.4520454407], [-586.960449219, 114.251358032, -79.1330490112, -50.1780319214, 29.1525993347, -9.23132324219, 79.3782501221, 24.272026062, 32.9986763, 43.1290245056, 132.569885254, 15.7691745758, 33.9319572449], [331.625549316, -179.450653076, 95.3837432861, 46.5258331299, -21.8826847076, 36.9305801392, 3.30573010445, 21.8284282684, 8.08880901337, 28.0456733704, 15.7691745758, 91.8332901001, 23.5572948456], [-344.302368164, 111.201576233, -34.1144218445, 16.3830013275, 57.8294639587, -3.97277617455, 39.1282424927, 12.8895072937, 28.5228862762, -12.4520454407, 33.9319572449, 23.5572948456, 87.8267211914]],
        "icov": [[9.4657894806e-05, -0.000138900242746, 0.000128360115923, -0.000162659707712, 0.000204839612707, -0.000260022119619, 0.000186396369827, -0.000345299049513, 0.00047766850912, -0.000590325857047, 0.000535954488441, -0.000418621784775, 0.000114539259812], [-0.000138900242746, 0.00092432909878, -0.00023934917408, 0.000328023801558, -0.000859972671606, 0.000488752790261, -8.82639724296e-05, 0.000567620387301, -0.000641552964225, 0.00165525043849, -0.00167151063215, 0.00188524730038, -0.000741489348002], [0.000128360115923, -0.00023934917408, 0.00128118868452, -0.000927233952098, 9.18666628422e-05, -0.000684101774823, -3.68287110177e-05, 0.000144168792758, 3.07066511596e-05, -0.000701397191733, 0.00122616265435, -0.00185973325279, 0.00129636505153], [-0.000162659707712, 0.000328023801558, -0.000927233952098, 0.00246505299583, -0.0013325746404, 0.00014497039956, 0.000118083662528, -0.000644230225589, 0.000317957572406, 0.00124375952873, -0.000626141089015, 0.000620105245616, -0.000798390421551], [0.000204839612707, -0.000859972671606, 9.18666628422e-05, -0.0013325746404, 0.00374070019461, -0.00216966657899, -0.000388290121919, 0.000372503389372, -0.000658977951389, -0.000640541256871, 0.000881404441316, 8.09149278211e-05, -0.000505790812895], [-0.000260022119619, 0.000488752790261, -0.000684101774823, 0.00014497039956, -0.00216966657899, 0.0050650103949, -0.00240188627504, 0.000175199762452, 0.000543546339031, -0.00157688744366, 0.000638891127892, 0.000337431934895, 3.37056226272e-05], [0.000186396369827, -8.82639724296e-05, -3.68287110177e-05, 0.000118083662528, -0.000388290121919, -0.00240188627504, 0.00771769788116, -0.00368397147395, 0.000450521794846, 0.0023087519221, -0.00393797177821, 0.000641778518911, -0.000414213864133], [-0.000345299049513, 0.000567620387301, 0.000144168792758, -0.000644230225589, 0.000372503389372, 0.000175199762452, -0.00368397147395, 0.0101123647764, -0.00468116858974, -0.000221596448682, -0.000642965256702, 0.00100059353281, -0.000507473247126], [0.00047766850912, -0.000641552964225, 3.07066511596e-05, 0.000317957572406, -0.000658977951389, 0.000543546339031, 0.000450521794846, -0.00468116858974, 0.0117256678641, -0.00883065722883, 0.00438146153465, -0.00077932421118, -0.00296153989621], [-0.000590325857047, 0.00165525043849, -0.000701397191733, 0.00124375952873, -0.000640541256871, -0.00157688744366, 0.0023087519221, -0.000221596448682, -0.00883065722883, 0.0213154796511, -0.0112854577601, 0.000986520084552, 0.00442542089149], [0.000535954488441, -0.00167151063215, 0.00122616265435, -0.000626141089015, 0.000881404441316, 0.000638891127892, -0.00393797177821, -0.000642965256702, 0.00438146153465, -0.0112854577601, 0.0180183649063, -0.00531505327672, -0.0024509136565], [-0.000418621784775, 0.00188524730038, -0.00185973325279, 0.000620105245616, 8.09149278211e-05, 0.000337431934895, 0.000641778518911, 0.00100059353281, -0.00077932421118, 0.000986520084552, -0.00531505327672, 0.0201317630708, -0.00829032808542], [0.000114539259812, -0.000741489348002, 0.00129636505153, -0.000798390421551, -0.000505790812895, 3.37056226272e-05, -0.000414213864133, -0.000507473247126, -0.00296153989621, 0.00442542089149, -0.0024509136565, -0.00829032808542, 0.018779784441]]
    },
    "melbands": {
        "dmean": [0.00115343823563, 0.00157702411525, 0.00103963597212, 0.0003295991919, 0.000200007300009, 0.000199519097805, 0.000196837994736, 0.000219259716687, 0.000173781154444, 0.00012014368258, 0.000172662519617, 0.000203310220968, 0.000111275476229, 8.89946677489e-05, 5.57210114494e-05, 4.22374323534e-05, 3.19002501783e-05, 3.46653832821e-05, 3.31545415975e-05, 2.56933944911e-05, 2.17869674088e-05, 1.02207031887e-05, 8.83893608261e-06, 6.30101203569e-06, 6.48987588647e-06, 6.81968640492e-06, 5.11143935e-06, 4.29192277807e-06, 3.76957541448e-06, 4.66853180114e-06, 4.31295484304e-06, 6.43253724775e-06, 1.0137312529e-05, 4.7740509217e-06, 3.78413142244e-06, 3.66025619769e-06, 2.74387139143e-06, 1.9064332264e-06, 1.97076610675e-06, 1.49258528381e-06],
        "dmean2": [0.00141612964217, 0.00241758278571, 0.00189478194807, 0.000590645999182, 0.000332864903612, 0.000328201596858, 0.000313229771564, 0.000360459234798, 0.000283983448753, 0.000199026966584, 0.000282293156488, 0.000334953860147, 0.000185175667866, 0.000147629893036, 9.06756467884e-05, 6.69534056215e-05, 5.03566225234e-05, 5.49176547793e-05, 5.42316411156e-05, 4.2549239879e-05, 3.65659980162e-05, 1.70811345015e-05, 1.4960363842e-05, 1.0502592886e-05, 1.07526411739e-05, 1.14869499157e-05, 8.41355449666e-06, 7.10114454705e-06, 6.33076615486e-06, 7.7545782915e-06, 7.34867444407e-06, 1.07232526716e-05, 1.70435523614e-05, 7.81137532613e-06, 6.21663866696e-06, 6.10990218775e-06, 4.54212568002e-06, 3.04325453726e-06, 3.23999324792e-06, 2.44315901909e-06],
        "dvar": [8.85529971129e-06, 2.33409500652e-05, 1.7642209059e-05, 9.74350427896e-07, 1.88678811242e-07, 1.78198305889e-07, 1.07474420474e-07, 1.3269912813e-07, 1.34232550408e-07, 5.42066267428e-08, 1.77044881866e-07, 1.69337894818e-07, 5.88776600807e-08, 4.20429699943e-08, 1.06954232137e-08, 7.94591681341e-09, 6.46903997037e-09, 9.03634589378e-09, 6.76810296696e-09, 4.19757029135e-09, 1.08175690627e-08, 6.93793966722e-10, 3.86328774526e-10, 1.71177821917e-10, 1.48364945329e-10, 1.56417795383e-10, 1.28241417485e-10, 7.58334992024e-11, 6.73553643415e-11, 1.40023465045e-10, 1.56130511297e-10, 3.85300735761e-10, 9.99069604823e-10, 2.01931929511e-10, 1.282932649e-10, 1.15351075913e-10, 6.4562209745e-11, 3.22445750656e-11, 3.14698406223e-11, 1.71189000475e-11],
        "dvar2": [1.38996119858e-05, 5.52924757358e-05, 5.03327319166e-05, 2.73351179203e-06, 5.02693865201e-07, 4.66506719476e-07, 2.57414058069e-07, 3.28995156451e-07, 3.18757656714e-07, 1.37185949711e-07, 4.3370917524e-07, 4.55162847857e-07, 1.59474240036e-07, 1.10068967274e-07, 2.60168331323e-08, 1.81669737032e-08, 1.45884948566e-08, 1.99775005427e-08, 1.74443464118e-08, 1.05731405853e-08, 3.03106908461e-08, 1.8425033721e-09, 1.02048192119e-09, 4.53924065003e-10, 3.94414279015e-10, 3.95855931368e-10, 3.12619513609e-10, 1.97719632333e-10, 1.7737107616e-10, 3.61689761474e-10, 4.22493123819e-10, 9.90852067062e-10, 2.54190957172e-09, 5.04572883475e-10, 3.30864863285e-10, 2.97456226317e-10, 1.64972605021e-10, 8.06286079569e-11, 7.87425680215e-11, 4.25919612079e-11],
        "max": [0.0319119431078, 0.0490692146122, 0.0376646965742, 0.0162681527436, 0.00925987027586, 0.00649340916425, 0.00553599139675, 0.00619257614017, 0.00536004919559, 0.0032316155266, 0.00737446267158, 0.00693263532594, 0.00540385674685, 0.00448171235621, 0.00218992889859, 0.00155329029076, 0.00269729504362, 0.00339835090563, 0.00170059548691, 0.00129885983188, 0.00283386837691, 0.000498240173329, 0.000357012380846, 0.000225568452151, 0.000217163396883, 0.000346649321727, 0.000369167333702, 0.000215720996493, 0.000148447914398, 0.000209998208447, 0.000341001141351, 0.000458993657958, 0.000442206277512, 0.000365710671758, 0.000245678849751, 0.000182845673407, 0.00020533928182, 0.000188344914932, 0.000139253606903, 9.59815151873e-05],
        "mean": [0.00269780051894, 0.00224479404278, 0.000825487542897, 0.000311887502903, 0.000244151422521, 0.000257076171692, 0.000367230823031, 0.000378265191102, 0.000235823201365, 0.000155233647092, 0.000254267186392, 0.00030565270572, 0.000173470572918, 0.000114263100841, 7.89172045188e-05, 5.74936566409e-05, 4.3871030357e-05, 5.13219674758e-05, 4.27753438998e-05, 3.27422167175e-05, 2.52184399869e-05, 1.16499040814e-05, 1.07351197585e-05, 7.98010114522e-06, 8.80047446117e-06, 8.64601406647e-06, 7.22058712199e-06, 5.75398144065e-06, 4.14238184021e-06, 4.19979733124e-06, 3.6789524529e-06, 5.26164512848e-06, 7.74579530116e-06, 4.01577563025e-06, 3.17704098052e-06, 3.00863257507e-06, 2.44984198616e-06, 1.80420192919e-06, 1.76633000137e-06, 1.37284439461e-06],
        "median": [6.15167664364e-05, 0.000246814335696, 0.000101394136436, 6.43143575871e-05, 6.9646310294e-05, 7.25150457583e-05, 0.000154583656695, 0.000175623339601, 8.81306477822e-05, 5.84410408919e-05, 7.76411907282e-05, 9.84955913736e-05, 4.4250387873e-05, 2.58592190221e-05, 2.75447910099e-05, 1.85274911928e-05, 1.20597178466e-05, 1.51135263877e-05, 1.07593623397e-05, 6.5979493229e-06, 6.29417854725e-06, 3.86646388506e-06, 3.70947054762e-06, 3.52091251443e-06, 3.98021165893e-06, 4.09416134062e-06, 3.35271261065e-06, 2.58717955148e-06, 1.51849985741e-06, 7.92780610936e-07, 7.5505482755e-07, 6.25278914868e-07, 5.33052798346e-07, 4.52172457699e-07, 4.11741780226e-07, 3.47398895428e-07, 4.29667295521e-07, 3.24700522469e-07, 3.03265210277e-07, 2.72717386451e-07],
        "min": [1.15617396839e-24, 1.0272796185e-24, 1.28429434712e-24, 9.46791252877e-25, 9.9068978453e-25, 8.77740088475e-25, 2.01903406943e-24, 1.44186773522e-24, 1.52423822436e-24, 8.08886435123e-25, 1.73863010801e-24, 1.75627337659e-24, 3.02603000331e-24, 3.25861617488e-24, 2.08910858365e-24, 2.67657428584e-24, 1.37616824359e-24, 3.07715134541e-24, 2.97377230707e-24, 4.01811587442e-24, 2.40887847917e-24, 3.31743423562e-24, 4.77059767014e-24, 3.99068363088e-24, 3.61878975104e-24, 3.59749050659e-24, 3.72726759183e-24, 4.54993749773e-24, 4.64460987826e-24, 6.24916558125e-24, 5.4196392908e-24, 5.66163341753e-24, 5.47933002891e-24, 4.13569638121e-24, 6.34993940645e-24, 6.07435361022e-24, 5.42543071313e-24, 7.01335762268e-24, 6.90489082593e-24, 6.57519232705e-24],
        "var": [3.68600522052e-05, 2.79456744465e-05, 1.06157476694e-05, 6.8801841735e-07, 2.08119445233e-07, 2.18727947754e-07, 2.80460795921e-07, 3.07244050646e-07, 1.85829605925e-07, 7.6236645441e-08, 3.03551132674e-07, 2.98722937941e-07, 1.28558085066e-07, 5.3816972212e-08, 1.87553848008e-08, 1.25233290404e-08, 1.18810818961e-08, 1.76784009653e-08, 8.48695247413e-09, 6.31365804082e-09, 7.40798800081e-09, 6.28868179753e-10, 4.45923853398e-10, 1.79976533676e-10, 1.83702011936e-10, 2.15747281151e-10, 1.89774113091e-10, 9.22316598095e-11, 6.51003626007e-11, 1.15879153495e-10, 1.17574408542e-10, 3.08255004855e-10, 7.80040365633e-10, 1.80224515867e-10, 1.09889437827e-10, 9.80179132304e-11, 6.16660264519e-11, 3.42424283373e-11, 3.0234124232e-11, 1.69025800301e-11]
    },
    "mfcc": {
        "mean": [-678.375244141, 104.603210449, -11.589507103, -6.59828901291, -12.7019586563, -7.23455476761, -1.63651502132, -0.960734665394, -1.1747200489, 3.12388658524, -0.677116751671, -1.42496371269, 3.71079730988],
        "cov": [[14480.2451172, 433.822753906, 373.310791016, 950.447875977, 457.306365967, 662.251708984, 462.480316162, 314.840148926, 154.295455933, 211.346359253, -97.3665618896, -92.8508071899, 85.0094299316], [433.822753906, 1941.91479492, 61.7207183838, 148.291259766, 366.947021484, 158.725296021, 276.14050293, 65.7608642578, 41.5742835999, 73.8841552734, -11.5771627426, -1.0493285656, 42.2086601257], [373.310791016, 61.7207183838, 1411.17272949, 658.581970215, 670.051452637, 630.419433594, 306.521484375, 288.611816406, 176.345809937, 44.1190261841, 65.1807861328, 40.8024749756, -31.4743366241], [950.447875977, 148.291259766, 658.581970215, 873.440612793, 646.168395996, 461.659637451, 353.177093506, 251.602645874, 175.068847656, 74.4890975952, 24.8976402283, 32.8158569336, 8.48167705536], [457.306365967, 366.947021484, 670.051452637, 646.168395996, 946.277587891, 688.475341797, 417.408294678, 304.352386475, 246.039886475, 136.460006714, 61.7472763062, 70.0788345337, 13.2626695633], [662.251708984, 158.725296021, 630.419433594, 461.659637451, 688.475341797, 725.44934082, 446.995758057, 285.522827148, 197.768280029, 120.806732178, 69.5873565674, 51.6311378479, 17.6602478027], [462.480316162, 276.14050293, 306.521484375, 353.177093506, 417.408294678, 446.995758057, 499.4375, 265.839874268, 131.200897217, 126.197463989, 48.0016441345, 42.9169158936, 46.7837142944], [314.840148926, 65.7608642578, 288.611816406, 251.602645874, 304.352386475, 285.522827148, 265.839874268, 253.549179077, 162.577957153, 91.227104187, 48.3385734558, 44.3485412598, 25.3779525757], [154.295455933, 41.5742835999, 176.345809937, 175.068847656, 246.039886475, 197.768280029, 131.200897217, 162.577957153, 208.428863525, 117.070129395, 61.3360519409, 61.5627403259, 25.633234024], [211.346359253, 73.8841552734, 44.1190261841, 74.4890975952, 136.460006714, 120.806732178, 126.197463989, 91.227104187, 117.070129395, 156.715270996, 83.316696167, 58.7356338501, 34.7119636536], [-97.3665618896, -11.5771627426, 65.1807861328, 24.8976402283, 61.7472763062, 69.5873565674, 48.0016441345, 48.3385734558, 61.3360519409, 83.316696167, 118.860862732, 78.9257659912, 24.3223743439], [-92.8508071899, -1.0493285656, 40.8024749756, 32.8158569336, 70.0788345337, 51.6311378479, 42.9169158936, 44.3485412598, 61.5627403259, 58.7356338501, 78.9257659912, 110.910072327, 48.8542938232], [85.0094299316, 42.2086601257, -31.4743366241, 8.48167705536, 13.2626695633, 17.6602478027, 46.7837142944, 25.3779525757, 25.633234024, 34.7119636536, 24.3223743439, 48.8542938232, 79.02003479]],
