{
"lowlevel": {
    "average_loudness": 0.800939500332,
    "barkbands_crest": {
        "dmean": 3.34369134903,
        "dmean2": 5.25613069534,
        "dvar": 8.80064964294,
        "dvar2": 20.145942688,
        "max": 26.0371818542,
        "mean": 11.3998661041,
        "median": 10.6656360626,
        "min": 2.20700550079,
        "var": 23.3309173584
    },
    "barkbands_flatness_db": {
        "dmean": 0.0325077958405,
        "dmean2": 0.0483811013401,
        "dvar": 0.00101281749085,
        "dvar2": 0.00218348065391,
        "max": 0.556498646736,
        "mean": 0.197242498398,
        "median": 0.177925780416,
        "min": 0.0239943508059,
        "var": 0.00948595628142
    },
    "barkbands_kurtosis": {
        "dmean": 4.48248386383,
        "dmean2": 7.22026395798,
        "dvar": 97.1682434082,
        "dvar2": 243.962905884,
        "max": 294.971343994,
        "mean": 5.00250530243,
        "median": 1.83237576485,
        "min": -1.95444536209,
        "var": 118.023780823
    },
    "barkbands_skewness": {
        "dmean": 0.771246314049,
        "dmean2": 1.17456531525,
        "dvar": 0.69201362133,
        "dvar2": 1.55927467346,
        "max": 12.157043457,
        "mean": 1.25965559483,
        "median": 1.13106763363,
        "min": -8.13179206848,
        "var": 2.10488605499
    },
    "barkbands_spread": {
        "dmean": 6.15237426758,
        "dmean2": 9.23353672028,
        "dvar": 65.8346710205,
        "dvar2": 134.889373779,
        "max": 113.614303589,
        "mean": 16.3926963806,
        "median": 12.1901292801,
        "min": 0.21137881279,
        "var": 200.159713745
    },
    "dissonance": {
        "dmean": 0.0336902178824,
        "dmean2": 0.0560487732291,
        "dvar": 0.00138370448258,
        "dvar2": 0.00373138790019,
        "max": 0.5,
        "mean": 0.436914145947,
        "median": 0.456645905972,
        "min": 0.118580795825,
        "var": 0.00365553726442
    },
    "dynamic_complexity": 4.41471290588,
    "erbbands_crest": {
        "dmean": 3.38714122772,
        "dmean2": 5.5024728775,
        "dvar": 9.93207168579,
        "dvar2": 23.5551929474,
        "max": 33.8173561096,
        "mean": 11.0328416824,
        "median": 9.81827068329,
        "min": 2.55435013771,
        "var": 30.4501533508
    },
    "erbbands_flatness_db": {
        "dmean": 0.0263107996434,
        "dmean2": 0.0377701185644,
        "dvar": 0.000657911063172,
        "dvar2": 0.00136555242352,
        "max": 0.566266238689,
        "mean": 0.226814121008,
        "median": 0.210849255323,
        "min": 0.0482436977327,
        "var": 0.00956673547626
    },
    "erbbands_kurtosis": {
        "dmean": 2.07632946968,
        "dmean2": 3.29540205002,
        "dvar": 18.4647083282,
        "dvar2": 46.652671814,
        "max": 132.676879883,
        "mean": 2.09230303764,
        "median": 0.414702177048,
        "min": -1.80431079865,
        "var": 29.4810810089
    },
    "erbbands_skewness": {
        "dmean": 0.552117288113,
        "dmean2": 0.847399532795,
        "dvar": 0.326012283564,
        "dvar2": 0.778429150581,
        "max": 9.76835727692,
        "mean": 0.603453040123,
        "median": 0.527501404285,
        "min": -4.95092439651,
        "var": 0.956385493279
    },
    "erbbands_spread": {
        "dmean": 8.72334671021,
        "dmean2": 13.2704048157,
        "dvar": 118.578079224,
        "dvar2": 259.864837646,
        "max": 158.671951294,
        "mean": 27.5146274567,
        "median": 22.9329776764,
        "min": 0.861322641373,
        "var": 401.068908691
    },
    "hfc": {
        "dmean": 9.99629402161,
        "dmean2": 14.424788475,
        "dvar": 221.343887329,
        "dvar2": 439.804504395,
        "max": 151.598861694,
        "mean": 20.2403964996,
        "median": 13.1789131165,
        "min": 1.07317248002e-16,
        "var": 504.775878906
    },
    "melbands_crest": {
        "dmean": 4.18715667725,
        "dmean2": 6.64773654938,
        "dvar": 13.835360527,
        "dvar2": 33.4958610535,
        "max": 34.6648979187,
        "mean": 14.7086009979,
        "median": 13.9772758484,
        "min": 1.50891304016,
        "var": 34.7101211548
    },
    "melbands_flatness_db": {
        "dmean": 0.0393604151905,
        "dmean2": 0.0567857995629,
        "dvar": 0.0015984470956,
        "dvar2": 0.00323996483348,
        "max": 0.703635513783,
        "mean": 0.252416759729,
        "median": 0.23449125886,
        "min": 0.00231161830015,
        "var": 0.0148451589048
    },
    "melbands_kurtosis": {
        "dmean": 8.11419391632,
        "dmean2": 13.0394878387,
        "dvar": 345.989440918,
        "dvar2": 825.066162109,
        "max": 388.804504395,
        "mean": 10.5601072311,
        "median": 4.68098640442,
        "min": -1.89776003361,
        "var": 517.078125
    },
    "melbands_skewness": {
        "dmean": 0.92223751545,
        "dmean2": 1.41246294975,
        "dvar": 1.14395272732,
        "dvar2": 2.58827829361,
        "max": 15.7413101196,
        "mean": 1.96571946144,
        "median": 1.68816244602,
        "min": -2.7014901638,
        "var": 3.23776054382
    },
    "melbands_spread": {
        "dmean": 8.94138908386,
        "dmean2": 13.5177059174,
        "dvar": 201.352935791,
        "dvar2": 416.681243896,
        "max": 256.218200684,
        "mean": 21.7123947144,
        "median": 14.8473205566,
        "min": 0.336142897606,
        "var": 612.729370117
    },
    "pitch_salience": {
        "dmean": 0.0926453173161,
        "dmean2": 0.145099654794,
        "dvar": 0.00764960795641,
        "dvar2": 0.0175125896931,
        "max": 0.912046849728,
        "mean": 0.54170948267,
        "median": 0.548498272896,
        "min": 0.0590977966785,
        "var": 0.0186004005373
    },
    "silence_rate_20dB": {
        "dmean": 0,
        "dmean2": 0,
        "dvar": 0,
        "dvar2": 0,
        "max": 1,
        "mean": 1,
        "median": 1,
        "min": 1,
        "var": 0
    },
    "silence_rate_30dB": {
        "dmean": 0.0102729378268,
        "dmean2": 0.0205479450524,
        "dvar": 0.0101682310924,
        "dvar2": 0.0304026883096,
        "max": 1,
        "mean": 0.994864046574,
        "median": 1,
        "min": 0,
        "var": 0.00510977488011
    },
    "silence_rate_60dB": {
        "dmean": 0.0521704107523,
        "dmean2": 0.104351326823,
        "dvar": 0.0494439713657,
        "dvar2": 0.115203879774,
        "max": 1,
        "mean": 0.142296075821,
        "median": 0,
        "min": 0,
        "var": 0.122050136328
    },
    "spectral_centroid": {
        "dmean": 297.224365234,
        "dmean2": 444.321472168,
        "dvar": 151013.765625,
        "dvar2": 296819.875,
        "max": 11625.9111328,
        "mean": 1222.24938965,
        "median": 1000.98168945,
        "min": 138.904891968,
        "var": 859089.4375
    },
    "spectral_complexity": {
        "dmean": 4.36559581757,
        "dmean2": 6.34528589249,
        "dvar": 29.4603118896,
        "dvar2": 55.6361427307,
        "max": 57,
        "mean": 15.7410879135,
        "median": 13,
        "min": 0,
        "var": 121.201560974
    },
    "spectral_decrease": {
        "dmean": 2.67737987336e-09,
        "dmean2": 3.85770837497e-09,
        "dvar": 1.4558186875e-17,
        "dvar2": 3.00773392462e-17,
        "max": 7.81081003217e-16,
        "mean": -6.62857191358e-09,
        "median": -4.68582550539e-09,
        "min": -4.50013040165e-08,
        "var": 4.14505234208e-17
    },
    "spectral_energy": {
        "dmean": 0.0107076792046,
        "dmean2": 0.0153380874544,
        "dvar": 0.000220799178351,
        "dvar2": 0.000451176339993,
        "max": 0.172267735004,
        "mean": 0.0268536806107,
        "median": 0.0191922597587,
        "min": 9.94152350634e-21,
        "var": 0.000654979492538
    },
    "spectral_energyband_high": {
        "dmean": 0.000611877068877,
        "dmean2": 0.000874002638739,
        "dvar": 1.93516757463e-06,
        "dvar2": 3.68976338905e-06,
        "max": 0.01378839463,
        "mean": 0.000816950167064,
        "median": 0.000116835683002,
        "min": 7.09045084693e-21,
        "var": 3.21413767779e-06
    },
    "spectral_energyband_low": {
        "dmean": 0.00553923845291,
        "dmean2": 0.00834666099399,
        "dvar": 0.00017564377049,
        "dvar2": 0.000415192946093,
        "max": 0.15017798543,
        "mean": 0.00903695914894,
        "median": 0.000647563952953,
        "min": 1.74140965941e-23,
        "var": 0.000284534704406
    },
    "spectral_energyband_middle_high": {
        "dmean": 0.00311078224331,
        "dmean2": 0.00477922381833,
        "dvar": 2.49566128332e-05,
        "dvar2": 5.48265052203e-05,
        "max": 0.0764560624957,
        "mean": 0.00578429596499,
        "median": 0.00284068915062,
        "min": 1.26767094948e-21,
        "var": 5.80923478992e-05
    },
    "spectral_energyband_middle_low": {
        "dmean": 0.00647096522152,
        "dmean2": 0.010530908592,
        "dvar": 9.63813363342e-05,
        "dvar2": 0.000250335986493,
        "max": 0.0931513160467,
        "mean": 0.0121882976964,
        "median": 0.00856740027666,
        "min": 1.92343940796e-22,
        "var": 0.000155069094035
    },
    "spectral_entropy": {
        "dmean": 0.26049810648,
        "dmean2": 0.378354460001,
        "dvar": 0.081752948463,
        "dvar2": 0.170829847455,
        "max": 9.81536483765,
        "mean": 7.19283008575,
        "median": 7.35006189346,
        "min": 3.93365859985,
        "var": 0.745894312859
    },
    "spectral_flux": {
        "dmean": 0.0323863700032,
        "dmean2": 0.0471547059715,
        "dvar": 0.00131601723842,
        "dvar2": 0.00237377360463,
        "max": 0.385839194059,
        "mean": 0.0914778262377,
        "median": 0.0796926021576,
        "min": 6.3359470448e-11,
        "var": 0.0040755616501
    },
    "spectral_kurtosis": {
        "dmean": 8.44422149658,
        "dmean2": 13.7537412643,
        "dvar": 455.323455811,
        "dvar2": 1194.35314941,
        "max": 623.318908691,
        "mean": 21.6541366577,
        "median": 5.44075298309,
        "min": -1.30551064014,
        "var": 2913.33544922
    },
    "spectral_rms": {
        "dmean": 0.00100414373446,
        "dmean2": 0.00139132549521,
        "dvar": 1.25878659674e-06,
        "dvar2": 2.3883292215e-06,
        "max": 0.0129640297964,
        "mean": 0.0044564367272,
        "median": 0.00432714167982,
        "min": 3.11432932394e-12,
        "var": 6.33893296254e-06
    },
    "spectral_rolloff": {
        "dmean": 617.821960449,
        "dmean2": 992.118530273,
        "dvar": 1370110.125,
        "dvar2": 2735339.5,
        "max": 19616.7480469,
        "mean": 1668.5333252,
        "median": 947.4609375,
        "min": 64.599609375,
        "var": 5808287.5
    },
    "spectral_skewness": {
        "dmean": 0.591376781464,
        "dmean2": 0.938228011131,
        "dvar": 0.821385383606,
        "dvar2": 2.18401503563,
        "max": 20.580915451,
        "mean": 2.52512955666,
        "median": 1.76474583149,
        "min": -0.632422804832,
        "var": 5.85070610046
    },
    "spectral_spread": {
        "dmean": 650332.5625,
        "dmean2": 960800.375,
        "dvar": 975153201152,
        "dvar2": 1.95040103629e+12,
        "max": 50699260,
        "mean": 3914925.75,
        "median": 3540157,
        "min": 166200.40625,
        "var": 9.43839615386e+12
    },
    "spectral_strongpeak": {
        "dmean": 0.604379713535,
        "dmean2": 0.988905251026,
        "dvar": 0.764951169491,
        "dvar2": 1.8489304781,
        "max": 13.1581726074,
        "mean": 1.05188512802,
        "median": 0.571915984154,
        "min": 0,
        "var": 1.41755270958
    },
    "zerocrossingrate": {
        "dmean": 0.0138991726562,
        "dmean2": 0.0153032494709,
        "dvar": 0.000392934482079,
        "dvar2": 0.000437730603153,
        "max": 0.77587890625,
        "mean": 0.0613682493567,
        "median": 0.0419921875,
        "min": 0.00341796875,
        "var": 0.00522448774427
    },
    "barkbands": {
        "dmean": [0.000104134138383, 0.00314171751961, 0.00276436028071, 0.00168531970121, 0.0013743560994, 0.00130678212736, 0.0014666771749, 0.00134722457733, 0.00178868486546, 0.000991173088551, 0.000925657979678, 0.000621572253294, 0.000663544808049, 0.000364731764421, 0.000294047524221, 0.000356748787453, 0.000222511502216, 0.000179941693204, 0.000144480800373, 0.000132215631311, 0.000107240062789, 0.000102570244053, 0.000139396637678, 0.000153602071805, 6.98539806763e-05, 1.63172044267e-05, 2.36937194131e-06],
        "dmean2": [0.000147624741658, 0.00458288984373, 0.00494074588642, 0.00307783251628, 0.00235928758048, 0.00206703110598, 0.00236287387088, 0.00219316082075, 0.00278478348628, 0.00162838434335, 0.00145555299241, 0.00101492460817, 0.00110322830733, 0.000590819807258, 0.00048679599422, 0.000595391786192, 0.000366724678315, 0.000290235679131, 0.000223916154937, 0.000210498372326, 0.000168945654877, 0.000151020009071, 0.000203527451959, 0.000222446644329, 9.9531156593e-05, 2.36405503529e-05, 4.04088223149e-06],
        "dvar": [9.79123200295e-08, 4.48260070698e-05, 9.36050419114e-05, 3.41192790074e-05, 7.52795358494e-06, 6.54246423437e-06, 9.58163855103e-06, 8.58085331856e-06, 1.0286989891e-05, 7.17090370017e-06, 6.93606034474e-06, 2.78751463156e-06, 2.40683584707e-06, 1.29934824145e-06, 6.92791559231e-07, 6.47019533062e-07, 4.13874261085e-07, 1.45749780245e-07, 8.06331001968e-08, 8.13830993707e-08, 5.56829888865e-08, 5.84984931606e-08, 1.36029157716e-07, 1.827271916e-07, 3.52909133028e-08, 2.1723232102e-09, 1.58365071057e-10],
        "dvar2": [1.66573187244e-07, 9.75196744548e-05, 0.000258853920968, 9.79885953711e-05, 2.05976193683e-05, 1.51483827722e-05, 2.16829503188e-05, 2.11552523979e-05, 2.23872666538e-05, 1.81285995495e-05, 1.54305853357e-05, 7.07094386598e-06, 6.04579690844e-06, 2.97280803352e-06, 1.75536160896e-06, 1.67378857441e-06, 1.0000723023e-06, 3.44544531572e-07, 1.85059789715e-07, 1.86896357945e-07, 1.31590383035e-07, 1.26372043496e-07, 2.64302002506e-07, 3.53812680487e-07, 6.89717580826e-08, 4.80318318452e-09, 4.18794554591e-10],
        "max": [0.0051800427027, 0.0650487840176, 0.105012565851, 0.0678263008595, 0.039833214134, 0.0485906787217, 0.0461498610675, 0.0621718280017, 0.053418610245, 0.0645399987698, 0.064631447196, 0.0381987281144, 0.0425691492856, 0.0289898514748, 0.0153268892318, 0.0162700843066, 0.0185388177633, 0.00806186255068, 0.00440705101937, 0.0049671693705, 0.00339423050173, 0.00364212458953, 0.00444491347298, 0.00485289655626, 0.00318564916961, 0.00139350921381, 0.000314897712087],
        "mean": [0.000195605942281, 0.00570200989023, 0.0023656594567, 0.00146584794857, 0.00185332691763, 0.00187754037324, 0.00226856395602, 0.00173972337507, 0.00256148446351, 0.00116279802751, 0.00119834532961, 0.000782830291428, 0.000862179382239, 0.00044818239985, 0.000348987377947, 0.00041647758917, 0.000270424759947, 0.000222457121708, 0.00021114097035, 0.000189873200725, 0.000140770906, 0.000131898908876, 0.000160824885825, 0.000169887120137, 8.56724291225e-05, 1.93010055227e-05, 1.83757686045e-06],
        "median": [2.87187526737e-06, 8.47517003422e-05, 8.45734903123e-05, 0.000168775644852, 0.000691346707754, 0.000591814867221, 0.000555200618692, 0.000552632089239, 0.000896299199667, 0.000281347893178, 0.000270144751994, 0.000215397289139, 0.000241795263719, 0.000110918685095, 8.00710113253e-05, 0.000106877945655, 5.62589993933e-05, 5.06007127115e-05, 5.06442884216e-05, 4.31074513472e-05, 2.76198916254e-05, 1.64923076227e-05, 9.45347801462e-06, 6.83302278048e-06, 4.12813187722e-06, 9.91704382614e-07, 1.77238561605e-08],
        "min": [1.96330439914e-24, 8.2245857006e-24, 1.91468847927e-24, 2.51567466574e-24, 1.73750716452e-23, 1.18060844189e-23, 1.07015355789e-23, 1.03093896675e-23, 2.7230594924e-23, 9.20352816297e-24, 1.20239741118e-23, 3.7609161382e-23, 4.14128309414e-23, 3.27849203815e-23, 6.59806542788e-23, 7.15743722944e-23, 8.38198916806e-23, 9.75356963328e-23, 1.63600499982e-22, 1.95537792476e-22, 2.31679057263e-22, 3.27846073615e-22, 4.02105627456e-22, 6.58917414507e-22, 9.80561021922e-22, 1.32572404391e-21, 1.94670676569e-21],
        "var": [3.6909224832e-07, 0.000108181768155, 6.22789812041e-05, 2.11168917303e-05, 9.7039164757e-06, 1.42314884215e-05, 2.32249985856e-05, 1.13915666589e-05, 1.91263661691e-05, 7.78947287472e-06, 9.62304511631e-06, 3.37282040164e-06, 3.54923781742e-06, 1.55028908466e-06, 7.75068599523e-07, 8.00785869615e-07, 5.55043982331e-07, 2.28113535172e-07, 1.38651671477e-07, 1.48493612073e-07, 8.26540826893e-08, 8.77688535184e-08, 1.94203877868e-07, 2.58496498873e-07, 5.59067458994e-08, 2.82293077802e-09, 1.15438714143e-10]
    },
    "erbbands": {
        "dmean": [0.079182676971, 0.773252367973, 2.83203434944, 4.6335606575, 5.2479391098, 4.52870368958, 6.14448547363, 12.8405370712, 16.4340209961, 28.8842716217, 26.100435257, 43.3800048828, 34.064868927, 33.078212738, 26.9291591644, 25.2099018097, 29.2034435272, 19.8250102997, 15.2429056168, 17.6014957428, 15.5067033768, 13.1341924667, 11.0558271408, 7.8712720871, 6.35503578186, 6.51297950745, 4.61881017685, 4.04068851471, 3.77814722061, 3.55493974686, 4.17880487442, 3.36650371552, 2.53083062172, 1.06824326515, 0.346164464951, 0.094927534461, 0.0255211573094, 0.00540472753346, 0.000386560568586, 1.84051677934e-05],
        "dmean2": [0.115774139762, 1.1232868433, 4.82325029373, 8.40141201019, 9.36683082581, 7.61589288712, 10.1077623367, 20.1521263123, 26.5829219818, 46.8390693665, 41.9388084412, 67.8402557373, 54.6693992615, 52.9478187561, 42.5103683472, 41.0728225708, 48.1784210205, 31.9394931793, 24.3761425018, 29.0133457184, 25.4498519897, 21.6578178406, 17.8882579803, 12.2796106339, 9.94906902313, 10.4008312225, 7.35838270187, 6.28366279602, 5.59187507629, 5.20203542709, 6.14661502838, 4.91610002518, 3.66984033585, 1.54175150394, 0.507629036903, 0.136582061648, 0.037618547678, 0.00844756420702, 0.00064722134266, 2.61277691607e-05],
        "dvar": [0.0324219614267, 2.92149615288, 83.8682250977, 263.205322266, 199.883361816, 74.1953735352, 141.604095459, 733.491516113, 1413.36791992, 3804.70336914, 4304.47558594, 5983.91894531, 7027.31298828, 8034.90039062, 3969.37011719, 4464.24511719, 4387.48974609, 3376.62915039, 1505.10766602, 1628.77844238, 1182.34545898, 1564.10375977, 521.824584961, 345.507598877, 146.911514282, 212.682617188, 105.462249756, 83.3927154541, 77.7836456299, 82.3939361572, 128.315643311, 86.9622955322, 54.2246398926, 8.47788238525, 0.935813128948, 0.0886820629239, 0.00521816080436, 0.000288393028313, 5.66472590435e-06, 1.34891731118e-09],
        "dvar2": [0.07078756392, 6.35124540329, 223.275909424, 744.866027832, 564.605529785, 195.697784424, 364.30682373, 1639.46728516, 3281.89819336, 9294.859375, 10447.2431641, 13087.7861328, 16972.8378906, 18786.3457031, 9351.89355469, 11342.5429688, 10937.3164062, 8237.73144531, 3446.20703125, 4080.84936523, 3029.58447266, 3803.05126953, 1256.53295898, 824.434265137, 348.120391846, 490.192169189, 246.391540527, 191.604095459, 163.979003906, 173.803710938, 261.040405273, 169.065093994, 109.97618103, 16.3413562775, 1.97057390213, 0.189863428473, 0.0119560742751, 0.000661026919261, 1.51026360982e-05, 3.10747405585e-09],
        "max": [2.27289438248, 17.1569652557, 96.3791351318, 181.694625854, 158.937866211, 133.481903076, 185.87651062, 585.833251953, 674.03704834, 934.849365234, 1467.08276367, 1349.5949707, 2551.00610352, 1798.46984863, 1269.19970703, 1499.48425293, 1774.1439209, 1687.54443359, 875.925537109, 717.978820801, 551.266845703, 1165.19921875, 512.709106445, 400.054260254, 221.81489563, 266.206573486, 161.45375061, 116.785614014, 145.618560791, 180.513885498, 156.940658569, 89.9579467773, 103.545379639, 40.32056427, 26.8181056976, 11.246588707, 1.68724954128, 0.257576942444, 0.0696506425738, 0.000907037116122],
        "mean": [0.155347436666, 1.30012738705, 2.72371053696, 4.18527412415, 5.39795398712, 6.384308815, 8.44428920746, 18.9563293457, 24.744354248, 44.0450820923, 35.3682632446, 62.448513031, 46.5261192322, 43.0780143738, 37.262878418, 33.8462905884, 39.9692611694, 26.2273845673, 20.536693573, 21.6944789886, 19.3051300049, 15.8871917725, 13.5558986664, 11.3670463562, 9.43194103241, 9.25518798828, 6.22679519653, 5.3424282074, 4.81496524811, 4.51195907593, 4.64808750153, 3.66708135605, 2.79775238037, 1.26872694492, 0.426257938147, 0.115708962083, 0.0303801260889, 0.0057469191961, 0.000326549285091, 3.98320225941e-05],
        "median": [0.00168945943005, 0.0238891392946, 0.128093063831, 0.500718712807, 1.28748655319, 2.15020728111, 3.13653373718, 5.56600761414, 7.12356948853, 13.8094120026, 13.4671077728, 23.2016830444, 16.0057868958, 11.2245349884, 11.4565448761, 10.860786438, 12.7313699722, 8.23839187622, 6.08513021469, 6.01249170303, 5.53940963745, 3.66061639786, 3.17022418976, 2.76407718658, 2.31100010872, 2.00072097778, 1.31144237518, 0.982261955738, 0.700468063354, 0.351983606815, 0.264500081539, 0.153964817524, 0.103349968791, 0.0565703772008, 0.0221250019968, 0.00613312330097, 0.00166777777486, 0.000196421489818, 1.93350042537e-05, 2.57321007666e-05],
        "min": [1.30118163452e-22, 2.01816761775e-21, 5.43696325057e-21, 6.67294395354e-21, 2.50997714057e-20, 4.11129573201e-20, 7.07022418069e-20, 1.184466027e-19, 1.54072677147e-19, 2.48369560918e-19, 2.82192743521e-19, 5.68384440014e-19, 3.65926453321e-19, 7.83284308794e-19, 1.05112311639e-18, 1.67494209913e-18, 2.05917659265e-18, 2.20337547332e-18, 1.96765091903e-18, 2.88199817017e-18, 3.32620284451e-18, 4.96049253205e-18, 6.20748384909e-18, 5.52497423054e-18, 8.8537731814e-18, 1.02983638847e-17, 8.09513854466e-18, 1.02097521616e-17, 1.00630889031e-17, 1.16434745388e-17, 1.12827964948e-17, 1.13659215289e-17, 1.16500911565e-17, 9.84009838072e-18, 6.1020348646e-18, 3.89558145222e-18, 2.65344341063e-18, 1.06075056814e-18, 2.74738372786e-19, 2.85468236575e-20],
        "var": [0.0951839238405, 6.01555395126, 63.93019104, 168.875030518, 147.574905396, 125.900337219, 208.945877075, 1769.60144043, 2919.34643555, 8604.57910156, 5523.94921875, 11325.9404297, 9174.54882812, 11257.9355469, 5694.01171875, 5585.43554688, 6627.66992188, 4239.27587891, 2128.32666016, 2045.03186035, 1562.31726074, 1866.63842773, 796.923095703, 541.158630371, 253.548446655, 386.931030273, 157.888748169, 127.270294189, 116.495269775, 117.918167114, 172.076812744, 119.240913391, 74.4567565918, 13.1833124161, 1.38884580135, 0.118796899915, 0.0065259844996, 0.000317304336932, 4.03285594075e-06, 2.2718757986e-09]
    },
    "gfcc": {
        "mean": [-81.5160217285, 110.550544739, -134.734024048, -1.35216808319, -65.6403045654, 1.84518587589, -34.0471572876, 5.44421577454, -19.0424575806, 0.162460967898, -13.1370067596, -3.86910533905, -8.60167694092],
        "cov": [[29800.7792969, -2374.015625, -2051.84765625, 3184.62182617, -1001.12982178, 1841.79052734, 59.7471122742, 974.735107422, -169.254425049, 864.661621094, 310.533905029, 499.153076172, -130.107498169], [-2374.015625, 5444.49121094, 499.076507568, -1204.75097656, 1354.07250977, -937.718811035, 228.980331421, -601.055786133, 173.546325684, -636.84552002, -101.095046997, -535.400817871, 88.5341873169], [-2051.84765625, 499.076507568, 1963.52307129, 454.126739502, 474.164428711, 372.678924561, 34.3361854553, 112.420295715, 107.796829224, -24.627073288, -122.414428711, -22.1361503601, -109.610496521], [3184.62182617, -1204.75097656, 454.126739502, 1559.23913574, -0.735869407654, 598.696594238, 148.06477356, 317.878814697, 0.689267933369, 268.092712402, -20.7090377808, 160.990036011, -52.2250556946], [-1001.12982178, 1354.07250977, 474.164428711, -0.735869407654, 969.824829102, 5.78002309799, 202.863647461, -22.4125823975, 103.574684143, -109.174362183, -19.5657653809, -92.0198135376, -0.867449700832], [1841.79052734, -937.718811035, 372.678924561, 598.696594238, 5.78002309799, 746.476257324, 108.218109131, 264.890838623, 26.2327156067, 192.06187439, 36.3396568298, 128.660644531, -54.8861656189], [59.7471122742, 228.980331421, 34.3361854553, 148.06477356, 202.863647461, 108.218109131, 337.670196533, 75.8950653076, 84.6447753906, 63.0188980103, 48.6277503967, 11.5964164734, 16.6775455475], [974.735107422, -601.055786133, 112.420295715, 317.878814697, -22.4125823975, 264.890838623, 75.8950653076, 328.241851807, 85.5930938721, 136.507751465, 49.7291030884, 102.189407349, -10.5978708267], [-169.254425049, 173.546325684, 107.796829224, 0.689267933369, 103.574684143, 26.2327156067, 84.6447753906, 85.5930938721, 198.115097046, 70.3766098022, 42.2959747314, 19.6824092865, 13.0268173218], [864.661621094, -636.84552002, -24.627073288, 268.092712402, -109.174362183, 192.06187439, 63.0188980103, 136.507751465, 70.3766098022, 278.597808838, 115.735626221, 134.162307739, -0.310036540031], [310.533905029, -101.095046997, -122.414428711, -20.7090377808, -19.5657653809, 36.3396568298, 48.6277503967, 49.7291030884, 42.2959747314, 115.735626221, 188.504165649, 96.8377838135, 40.6825218201], [499.153076172, -535.400817871, -22.1361503601, 160.990036011, -92.0198135376, 128.660644531, 11.5964164734, 102.189407349, 19.6824092865, 134.162307739, 96.8377838135, 196.564086914, 46.7440605164], [-130.107498169, 88.5341873169, -109.610496521, -52.2250556946, -0.867449700832, -54.8861656189, 16.6775455475, -10.5978708267, 13.0268173218, -0.310036540031, 40.6825218201, 46.7440605164, 113.947792053]],
        "icov": [[9.97523457045e-05, -0.000205802425626, 0.00024188052339, -0.000235222600168, 0.000171120787854, -0.000304238143144, 0.000229742625379, -0.000233874816331, 0.000135351117933, -0.000149840896484, 4.6099179599e-05, -0.000199569651159, 0.000247575488174], [-0.000205802425626, 0.00116106448695, -0.000686953193508, 0.000597463105805, -0.000980883603916, 0.00103784981184, -0.000797836051788, 0.00109516375232, -0.000856626429595, 0.00103136000689, -0.000774932210334, 0.00146802782547, -0.0010378130246], [0.00024188052339, -0.000686953193508, 0.00139826280065, -0.000745171972085, 0.000218677727389, -0.00118078617379, 0.000935091054998, -0.000593318778556, -7.95464948169e-05, -0.000260481494479, 0.000660084595438, -0.00102514703758, 0.00124755362049], [-0.000235222600168, 0.000597463105805, -0.000745171972085, 0.00176958460361, -0.000566300237551, 0.0003574261209, -0.000924855761696, 0.000122204684885, 0.000316905847285, -0.000549412448891, 0.00075622467557, 0.000337241421221, -0.000770036655013], [0.000171120787854, -0.000980883603916, 0.000218677727389, -0.000566300237551, 0.00242336397059, -0.00087227486074, -0.000226290168939, -0.000699717027601, 0.000122560857562, 4.45831319666e-05, 0.000142488512211, -0.000826269504614, 0.00074883911293], [-0.000304238143144, 0.00103784981184, -0.00118078617379, 0.0003574261209, -0.00087227486074, 0.00381881766953, -0.00133666605689, -0.000180858551175, 6.40397774987e-05, 0.00019077345496, -0.000499709043652, 0.000592383323237, -0.000185573357157], [0.000229742625379, -0.000797836051788, 0.000935091054998, -0.000924855761696, -0.000226290168939, -0.00133666605689, 0.0049502812326, -0.0010188149754, -0.000532962672878, -0.0011276921723, -0.000311264797347, 8.25410024845e-05, 2.81136690319e-05], [-0.000233874816331, 0.00109516375232, -0.000593318778556, 0.000122204684885, -0.000699717027601, -0.000180858551175, -0.0010188149754, 0.00670424383134, -0.00308320112526, 0.00103295908775, -0.000726288300939, -0.000202362629352, -0.0002548591292], [0.000135351117933, -0.000856626429595, -7.95464948169e-05, 0.000316905847285, 0.000122560857562, 6.40397774987e-05, -0.000532962672878, -0.00308320112526, 0.00859294459224, -0.00348600093275, 0.000531106372364, 8.11240461189e-05, -0.000502877286635], [-0.000149840896484, 0.00103136000689, -0.000260481494479, -0.000549412448891, 4.45831319666e-05, 0.00019077345496, -0.0011276921723, 0.00103295908775, -0.00348600093275, 0.0100427325815, -0.00426931027323, -0.00173236778937, 0.00153932312969], [4.6099179599e-05, -0.000774932210334, 0.000660084595438, 0.00075622467557, 0.000142488512211, -0.000499709043652, -0.000311264797347, -0.000726288300939, 0.000531106372364, -0.00426931027323, 0.0104832174256, -0.0041072415188, -0.000755560293328], [-0.000199569651159, 0.00146802782547, -0.00102514703758, 0.000337241421221, -0.000826269504614, 0.000592383323237, 8.25410024845e-05, -0.000202362629352, 8.11240461189e-05, -0.00173236778937, -0.0041072415188, 0.0131236892194, -0.00588313583285], [0.000247575488174, -0.0010378130246, 0.00124755362049, -0.000770036655013, 0.00074883911293, -0.000185573357157, 2.81136690319e-05, -0.0002548591292, -0.000502877286635, 0.00153932312969, -0.000755560293328, -0.00588313583285, 0.0133454566821]]
    },
    "melbands": {
        "dmean": [0.000779701804277, 0.0012628264958, 0.000821430468932, 0.000337222300004, 0.000210693586268, 0.000278463296127, 0.000261178007349, 0.000316762423608, 0.000208618876059, 0.000287701754132, 0.000170265149791, 0.000135140537168, 0.000107057072455, 6.45977415843e-05, 6.82472309563e-05, 7.18767551007e-05, 3.53356954292e-05, 2.64789778157e-05, 2.32723032241e-05, 2.96368361887e-05, 1.59617811732e-05, 1.47432692756e-05, 1.11720173663e-05, 7.96674248704e-06, 6.7229607339e-06, 5.71589134779e-06, 3.97734265789e-06, 4.73614272778e-06, 3.08927610604e-06, 2.41509451371e-06, 2.55469694821e-06, 2.16032162825e-06, 2.08638380172e-06, 2.03011677513e-06, 2.41452585215e-06, 2.41402858592e-06, 1.95255074686e-06, 1.99267810785e-06, 1.4364851495e-06, 7.20219759387e-07],
        "dmean2": [0.00113606313244, 0.00200119242072, 0.00146405387204, 0.000587757502217, 0.000345573644154, 0.000440782983787, 0.000421600416303, 0.000514572195243, 0.000333966920152, 0.00044855469605, 0.000274196092505, 0.000217520049773, 0.000167527439771, 0.000104871403892, 0.000112453410111, 0.00011845647532, 5.76205384277e-05, 4.22379707743e-05, 3.84390477848e-05, 4.96865395689e-05, 2.6292853363e-05, 2.43833783315e-05, 1.84779910342e-05, 1.28220872284e-05, 1.05544195321e-05, 9.03293221199e-06, 6.40781445327e-06, 7.58997657613e-06, 4.98068220622e-06, 3.80252208743e-06, 4.01437364417e-06, 3.22691948895e-06, 3.13807049679e-06, 2.98668169307e-06, 3.63025401384e-06, 3.58908482667e-06, 2.86466524813e-06, 2.91426772492e-06, 2.11356609725e-06, 1.06931827304e-06],
        "dvar": [2.72614329333e-06, 1.26114755403e-05, 7.17852617527e-06, 5.26525241185e-07, 1.5401418807e-07, 3.12362658406e-07, 3.06276660922e-07, 4.22977507242e-07, 3.10993897301e-07, 2.67012154609e-07, 1.79998863814e-07, 1.33910930344e-07, 8.40128961954e-08, 3.65943684244e-08, 2.51800624795e-08, 3.39027863561e-08, 1.34541062735e-08, 5.24003240798e-09, 4.7652086721e-09, 5.00370367362e-09, 1.5197743064e-09, 2.29712515676e-09, 6.22253304439e-10, 2.88319701447e-10, 2.89602120063e-10, 1.28763125162e-10, 7.35018504394e-11, 1.31335220477e-10, 4.88543788757e-11, 2.86761482615e-11, 3.86940236796e-11, 2.55392026971e-11, 2.67920460123e-11, 2.86796940363e-11, 4.3715989162e-11, 4.68094903117e-11, 2.92748186803e-11, 3.52425276462e-11, 1.6840142128e-11, 3.77817438793e-12],
        "dvar2": [5.77061518925e-06, 3.16120676871e-05, 2.00480444619e-05, 1.45148203501e-06, 3.98220976194e-07, 7.28872237232e-07, 7.10369761237e-07, 1.0436770026e-06, 7.38232131425e-07, 5.76485717829e-07, 4.30633548376e-07, 3.2094894209e-07, 1.88481138252e-07, 9.67595710222e-08, 6.08203833963e-08, 8.42489029651e-08, 3.28038964881e-08, 1.12576588052e-08, 1.19988783354e-08, 1.30779769236e-08, 3.91121712795e-09, 5.43450440205e-09, 1.5995098579e-09, 6.83955225789e-10, 7.07096103891e-10, 3.05446362647e-10, 1.86364298993e-10, 3.01065755659e-10, 1.16597412281e-10, 6.71239105965e-11, 9.09135960958e-11, 5.45378187056e-11, 5.99160651649e-11, 6.01839342251e-11, 8.97120641663e-11, 9.6818796036e-11, 5.72831990175e-11, 7.43760608657e-11, 3.35564007137e-11, 7.69634616454e-12],
        "max": [0.0196044463664, 0.0392705462873, 0.0275181718171, 0.0100697493181, 0.0057559623383, 0.0114949280396, 0.00873268209398, 0.00997235160321, 0.0120960138738, 0.00969481747597, 0.0127072827891, 0.00678196083754, 0.0069871773012, 0.00449564680457, 0.00297673605382, 0.00590819958597, 0.00358711485751, 0.00201845471747, 0.00154087611008, 0.00159714731853, 0.000735554844141, 0.0016965434188, 0.000722470518667, 0.000312057556584, 0.000354345567757, 0.000234564489801, 0.00012556592992, 0.000242626338149, 0.000147242681123, 7.54720967961e-05, 8.93218748388e-05, 9.60345059866e-05, 8.43449452077e-05, 0.000117748058983, 9.95959417196e-05, 7.20153038856e-05, 5.62658424315e-05, 8.80620573298e-05, 5.70695665374e-05, 2.65159214905e-05],
        "mean": [0.00151814613491, 0.00158126652241, 0.000774425454438, 0.000423293036874, 0.000302855361952, 0.000413491536165, 0.000399665761506, 0.000472469691886, 0.000271497498034, 0.000411592773162, 0.000223934752285, 0.000169213031768, 0.000140722899232, 8.2959937572e-05, 9.08900910872e-05, 8.91398376552e-05, 4.29976425949e-05, 3.38434110745e-05, 2.69334250333e-05, 3.40860096912e-05, 1.91445906239e-05, 1.71796382347e-05, 1.31645092551e-05, 9.84329290077e-06, 9.16128283279e-06, 7.81552716944e-06, 5.67357983527e-06, 6.40608277536e-06, 3.92460106013e-06, 3.31233991346e-06, 3.11262670039e-06, 2.74947956314e-06, 2.46591730502e-06, 2.51787673733e-06, 2.66639608526e-06, 2.5608010219e-06, 2.11761266655e-06, 2.1419029963e-06, 1.58235195613e-06, 8.66705192948e-07],
        "median": [1.94565254787e-05, 6.29203132121e-05, 0.000115138667752, 0.000146022561239, 0.000120333701489, 0.000123881880427, 0.000110868597403, 0.000151379193994, 8.81450250745e-05, 0.000141492186231, 7.00269665685e-05, 3.99632190238e-05, 3.56262171408e-05, 2.6444940886e-05, 2.48533524427e-05, 2.26166084758e-05, 1.12932157208e-05, 9.07685625862e-06, 5.87027989241e-06, 7.87422050053e-06, 5.08914399688e-06, 3.4920140024e-06, 2.6288389563e-06, 2.34133153754e-06, 1.90648370335e-06, 1.66666723089e-06, 1.28045985548e-06, 1.26377949528e-06, 8.55748226058e-07, 6.40273412955e-07, 4.60429447457e-07, 4.16287747385e-07, 2.22623938839e-07, 1.67260509443e-07, 1.51210599597e-07, 1.15613687512e-07, 8.19606995606e-08, 7.17392865113e-08, 5.51903127644e-08, 4.20300096948e-08],
        "min": [2.12141440987e-24, 3.40413083796e-24, 1.80975538495e-24, 2.7904514851e-24, 3.04694546692e-24, 2.56304753803e-24, 2.54114777323e-24, 3.08081106836e-24, 2.94310494495e-24, 3.40940910628e-24, 1.74653331099e-24, 2.67379414279e-24, 2.24450944881e-24, 4.3827620947e-24, 2.50230702327e-24, 3.66156967793e-24, 3.2941833493e-24, 1.12572778315e-24, 4.71837271163e-24, 4.52379306961e-24, 3.37169484969e-24, 4.03908931931e-24, 5.11256729483e-24, 4.88765910645e-24, 3.88949368155e-24, 6.4108390739e-24, 4.62816094509e-24, 6.22442493111e-24, 4.86594294902e-24, 4.8793689672e-24, 5.48296391667e-24, 5.94909551468e-24, 5.11749254789e-24, 5.68607351166e-24, 5.63427769349e-24, 4.93180810144e-24, 6.34800275293e-24, 6.54057592724e-24, 8.46280433904e-24, 7.62298223048e-24],
        "var": [7.84247822594e-06, 1.32191580633e-05, 4.770479336e-06, 5.68355687847e-07, 2.42448948029e-07, 7.45068405195e-07, 6.5395039428e-07, 8.67789424319e-07, 4.13678776567e-07, 5.21099309481e-07, 2.32470100059e-07, 1.76237577421e-07, 1.14880535307e-07, 4.09172962179e-08, 3.70615858003e-08, 4.95100245246e-08, 1.51086521072e-08, 7.4085604318e-09, 5.25732746226e-09, 5.82993742171e-09, 1.91105509195e-09, 2.71851541278e-09, 1.14970688525e-09, 4.19430185028e-10, 4.17621381921e-10, 1.99901858955e-10, 1.14155920827e-10, 2.31880875612e-10, 6.73198580214e-11, 4.55220479367e-11, 5.36554412012e-11, 3.89971770154e-11, 3.51025562784e-11, 3.98221039477e-11, 5.71666949889e-11, 6.00009208984e-11, 4.0238267579e-11, 4.55781731801e-11, 2.40547234909e-11, 5.73820895314e-12]
    },
    "mfcc": {
        "mean": [-705.80480957, 136.801177979, -11.9991960526, -1.09712302685, -13.4337453842, -6.41811180115, -6.73758172989, -2.41932916641, -2.36091113091, 0.116066135466, -1.56170010567, 0.327166855335, -1.53507733345],
        "cov": [[17404.3359375, -1682.8449707, -872.298950195, 936.271728516, 170.569259644, 681.439453125, 601.383544922, 555.381835938, 175.908752441, 434.866912842, 301.102416992, 435.612792969, 447.238983154], [-1682.8449707, 4220.16113281, -50.9944381714, 20.4531917572, 325.906585693, -0.581562697887, -54.9645233154, -123.057693481, 69.794708252, -91.7747344971, -111.596633911, -195.971176147, -196.119415283], [-872.298950195, -50.9944381714, 1483.76452637, 265.077972412, 363.403778076, 257.483032227, 78.8369674683, 144.068557739, 110.746284485, 82.6133651733, 47.4506759644, 4.00359869003, 2.93582773209], [936.271728516, 20.4531917572, 265.077972412, 813.395202637, 294.281799316, 233.566116333, 176.17980957, 140.758270264, 142.986022949, 103.487571716, 48.8032264709, 56.6968421936, 61.5036773682], [170.569259644, 325.906585693, 363.403778076, 294.281799316, 613.58605957, 244.026535034, 137.798110962, 165.375366211, 124.946083069, 102.017478943, 19.1404571533, -1.12812387943, 21.9283084869], [681.439453125, -0.581562697887, 257.483032227, 233.566116333, 244.026535034, 438.479248047, 209.107406616, 143.133804321, 103.543266296, 99.1273574829, 78.9191818237, 41.9176445007, 50.8372573853], [601.383544922, -54.9645233154, 78.8369674683, 176.17980957, 137.798110962, 209.107406616, 282.029296875, 149.226165771, 71.0072021484, 89.983581543, 59.2717552185, 35.8070793152, 45.1179199219], [555.381835938, -123.057693481, 144.068557739, 140.758270264, 165.375366211, 143.133804321, 149.226165771, 236.406738281, 124.739349365, 91.2639389038, 62.4641265869, 44.0776443481, 42.3433113098], [175.908752441, 69.794708252, 110.746284485, 142.986022949, 124.946083069, 103.543266296, 71.0072021484, 124.739349365, 175.057693481, 101.101860046, 51.8997497559, 26.5003490448, 24.6236019135], [434.866912842, -91.7747344971, 82.6133651733, 103.487571716, 102.017478943, 99.1273574829, 89.983581543, 91.2639389038, 101.101860046, 181.130401611, 93.9261627197, 40.5046463013, 40.8099899292], [301.102416992, -111.596633911, 47.4506759644, 48.8032264709, 19.1404571533, 78.9191818237, 59.2717552185, 62.4641265869, 51.8997497559, 93.9261627197, 162.312652588, 101.089584351, 53.4030990601], [435.612792969, -195.971176147, 4.00359869003, 56.6968421936, -1.12812387943, 41.9176445007, 35.8070793152, 44.0776443481, 26.5003490448, 40.5046463013, 101.089584351, 154.596984863, 94.5652160645], [447.238983154, -196.119415283, 2.93582773209, 61.5036773682, 21.9283084869, 50.8372573853, 45.1179199219, 42.3433113098, 24.6236019135, 40.8099899292, 53.4030990601, 94.5652160645, 144.090957642]],
