{
"lowlevel": {
    "average_loudness": 0.935975372791,
    "barkbands_crest": {
        "dmean": 2.66978859901,
        "dmean2": 4.08657979965,
        "dvar": 6.545337677,
        "dvar2": 14.0956125259,
        "max": 26.7873401642,
        "mean": 11.9309539795,
        "median": 10.7627696991,
        "min": 1.96892988682,
        "var": 27.656867981
    },
    "barkbands_flatness_db": {
        "dmean": 0.0321640856564,
        "dmean2": 0.0446456000209,
        "dvar": 0.00117754167877,
        "dvar2": 0.00223393668421,
        "max": 0.731476187706,
        "mean": 0.206173658371,
        "median": 0.200473085046,
        "min": 0.0313795432448,
        "var": 0.00831362325698
    },
    "barkbands_kurtosis": {
        "dmean": 5.8486905098,
        "dmean2": 8.46955680847,
        "dvar": 832.754943848,
        "dvar2": 1748.22912598,
        "max": 1578.89440918,
        "mean": 9.71082878113,
        "median": 2.70147871971,
        "min": -1.8998067379,
        "var": 1614.48791504
    },
    "barkbands_skewness": {
        "dmean": 0.670679032803,
        "dmean2": 0.972961485386,
        "dvar": 0.865548372269,
        "dvar2": 1.52223551273,
        "max": 29.7540550232,
        "mean": 1.72309112549,
        "median": 1.38782787323,
        "min": -3.85496258736,
        "var": 4.63322496414
    },
    "barkbands_spread": {
        "dmean": 4.8136048317,
        "dmean2": 7.40047264099,
        "dvar": 49.1366920471,
        "dvar2": 107.357971191,
        "max": 143.656204224,
        "mean": 13.6673707962,
        "median": 10.7628173828,
        "min": 0.0459621697664,
        "var": 129.417922974
    },
    "dissonance": {
        "dmean": 0.0313470736146,
        "dmean2": 0.0516941398382,
        "dvar": 0.000898453930859,
        "dvar2": 0.00237069581635,
        "max": 0.500000059605,
        "mean": 0.434630066156,
        "median": 0.444214463234,
        "min": 0.0621468275785,
        "var": 0.0024019156117
    },
    "dynamic_complexity": 2.50176286697,
    "erbbands_crest": {
        "dmean": 2.98692107201,
        "dmean2": 4.71900081635,
        "dvar": 7.30541658401,
        "dvar2": 16.897983551,
        "max": 30.9314975739,
        "mean": 11.0214710236,
        "median": 10.2177686691,
        "min": 2.48407506943,
        "var": 24.022808075
    },
    "erbbands_flatness_db": {
        "dmean": 0.0278217140585,
        "dmean2": 0.0378844998777,
        "dvar": 0.000883320579305,
        "dvar2": 0.00152947718743,
        "max": 0.562735795975,
        "mean": 0.228507265449,
        "median": 0.216270714998,
        "min": 0.0508821122348,
        "var": 0.00823737867177
    },
    "erbbands_kurtosis": {
        "dmean": 1.68871176243,
        "dmean2": 2.61703228951,
        "dvar": 12.6850404739,
        "dvar2": 27.112077713,
        "max": 166.648468018,
        "mean": 2.05376195908,
        "median": 0.768624663353,
        "min": -1.92862892151,
        "var": 34.8857498169
    },
    "erbbands_skewness": {
        "dmean": 0.45632019639,
        "dmean2": 0.704429686069,
        "dvar": 0.213624358177,
        "dvar2": 0.465556353331,
        "max": 10.6128969193,
        "mean": 0.71665173769,
        "median": 0.654433131218,
        "min": -2.93705224991,
        "var": 1.01987683773
    },
    "erbbands_spread": {
        "dmean": 7.9894490242,
        "dmean2": 12.0834388733,
        "dvar": 115.514099121,
        "dvar2": 255.706054688,
        "max": 172.387313843,
        "mean": 25.752790451,
        "median": 20.3306236267,
        "min": 0.431742846966,
        "var": 359.526245117
    },
    "hfc": {
        "dmean": 8.2954158783,
        "dmean2": 12.7910003662,
        "dvar": 185.731674194,
        "dvar2": 446.228088379,
        "max": 138.327011108,
        "mean": 20.1218070984,
        "median": 15.7265615463,
        "min": 1.05009407476e-16,
        "var": 309.287506104
    },
    "melbands_crest": {
        "dmean": 3.31025266647,
        "dmean2": 5.20538234711,
        "dvar": 10.6246976852,
        "dvar2": 25.6929855347,
        "max": 39.4422264099,
        "mean": 15.0501508713,
        "median": 14.2239217758,
        "min": 1.52302420139,
        "var": 43.1236495972
    },
    "melbands_flatness_db": {
        "dmean": 0.0354047901928,
        "dmean2": 0.0492183938622,
        "dvar": 0.00160827871878,
        "dvar2": 0.00300791230984,
        "max": 0.856650233269,
        "mean": 0.25780197978,
        "median": 0.258992314339,
        "min": 0.00157361326274,
        "var": 0.0114633459598
    },
    "melbands_kurtosis": {
        "dmean": 9.2947101593,
        "dmean2": 13.7557449341,
        "dvar": 974.907348633,
        "dvar2": 1592.3515625,
        "max": 1372.8815918,
        "mean": 17.772731781,
        "median": 5.4617395401,
        "min": -1.82870280743,
        "var": 3795.02807617
    },
    "melbands_skewness": {
        "dmean": 0.791487634182,
        "dmean2": 1.16746687889,
        "dvar": 1.14610040188,
        "dvar2": 2.24621868134,
        "max": 25.3332862854,
        "mean": 2.37788438797,
        "median": 1.88344466686,
        "min": -2.63199806213,
        "var": 5.73727178574
    },
    "melbands_spread": {
        "dmean": 5.9536356926,
        "dmean2": 9.19216346741,
        "dvar": 91.615737915,
        "dvar2": 207.707580566,
        "max": 198.164764404,
        "mean": 19.631734848,
        "median": 13.1770410538,
        "min": 0.0915622338653,
        "var": 662.377868652
    },
    "pitch_salience": {
        "dmean": 0.0800938680768,
        "dmean2": 0.126973703504,
        "dvar": 0.00850573647767,
        "dvar2": 0.0195959694684,
        "max": 0.98528945446,
        "mean": 0.531791210175,
        "median": 0.540789484978,
        "min": 0.011920651421,
        "var": 0.026441918686
    },
    "silence_rate_20dB": {
        "dmean": 0,
        "dmean2": 0,
        "dvar": 0,
        "dvar2": 0,
        "max": 1,
        "mean": 1,
        "median": 1,
        "min": 1,
        "var": 0
    },
    "silence_rate_30dB": {
        "dmean": 0.00434835115448,
        "dmean2": 0.00869775284082,
        "dvar": 0.00432958593592,
        "dvar2": 0.0127299362794,
        "max": 1,
        "mean": 0.997705340385,
        "median": 1,
        "min": 0,
        "var": 0.00228972663172
    },
    "silence_rate_60dB": {
        "dmean": 0.0231912061572,
        "dmean2": 0.046388015151,
        "dvar": 0.0226499158889,
        "dvar2": 0.0481097772717,
        "max": 1,
        "mean": 0.0775362327695,
        "median": 0,
        "min": 0,
        "var": 0.0715249702334
    },
    "spectral_centroid": {
        "dmean": 236.545669556,
        "dmean2": 365.094055176,
        "dvar": 125744.335938,
        "dvar2": 263164.5,
        "max": 11725.8525391,
        "mean": 1307.56848145,
        "median": 868.107421875,
        "min": 52.3339653015,
        "var": 3534973.25
    },
    "spectral_complexity": {
        "dmean": 4.01546096802,
        "dmean2": 6.05750179291,
        "dvar": 28.653470993,
        "dvar2": 56.9313468933,
        "max": 59,
        "mean": 14.9379224777,
        "median": 14,
        "min": 0,
        "var": 83.0612106323
    },
    "spectral_decrease": {
        "dmean": 2.30922014843e-09,
        "dmean2": 3.37757133373e-09,
        "dvar": 1.02876750568e-17,
        "dvar2": 1.97152427496e-17,
        "max": 2.14568745847e-28,
        "mean": -8.2044158134e-09,
        "median": -6.94355684061e-09,
        "min": -3.23254418788e-08,
        "var": 3.7496014449e-17
    },
    "spectral_energy": {
        "dmean": 0.00925432983786,
        "dmean2": 0.0135567802936,
        "dvar": 0.00016293018416,
        "dvar2": 0.000316308374749,
        "max": 0.124440707266,
        "mean": 0.0327904596925,
        "median": 0.027946010232,
        "min": 9.9314713232e-21,
        "var": 0.000578516162932
    },
    "spectral_energyband_high": {
        "dmean": 0.000447197264293,
        "dmean2": 0.000709893589374,
        "dvar": 1.31754666199e-06,
        "dvar2": 3.22910386785e-06,
        "max": 0.0139677319676,
        "mean": 0.000495811284054,
        "median": 7.86817545304e-05,
        "min": 6.86518630168e-21,
        "var": 1.37308654757e-06
    },
    "spectral_energyband_low": {
        "dmean": 0.00454923929647,
        "dmean2": 0.00624412717298,
        "dvar": 0.000119844953588,
        "dvar2": 0.000237545158598,
        "max": 0.103748366237,
        "mean": 0.0108608333394,
        "median": 0.00060200470034,
        "min": 4.0441198853e-24,
        "var": 0.000358761288226
    },
    "spectral_energyband_middle_high": {
        "dmean": 0.00282781757414,
        "dmean2": 0.00445287069306,
        "dvar": 1.72934487637e-05,
        "dvar2": 4.36657392129e-05,
        "max": 0.0423548445106,
        "mean": 0.00664295488968,
        "median": 0.00394733436406,
        "min": 1.161342092e-21,
        "var": 5.29346652911e-05
    },
    "spectral_energyband_middle_low": {
        "dmean": 0.00666900118813,
        "dmean2": 0.010975449346,
        "dvar": 0.000116071321827,
        "dvar2": 0.000313387135975,
        "max": 0.0860995426774,
        "mean": 0.0158794578165,
        "median": 0.0133113032207,
        "min": 1.25245502169e-22,
        "var": 0.000181140945642
    },
    "spectral_entropy": {
        "dmean": 0.257417529821,
        "dmean2": 0.368310809135,
        "dvar": 0.0852023214102,
        "dvar2": 0.161150500178,
        "max": 9.82427692413,
        "mean": 7.20748615265,
        "median": 7.20469522476,
        "min": 2.92189025879,
        "var": 0.699413776398
    },
    "spectral_flux": {
        "dmean": 0.0313469395041,
        "dmean2": 0.0446481257677,
        "dvar": 0.00143748731352,
        "dvar2": 0.00214145821519,
        "max": 0.371002554893,
        "mean": 0.0888464972377,
        "median": 0.0768287628889,
        "min": 6.24453891374e-11,
        "var": 0.00383662222885
    },
    "spectral_kurtosis": {
        "dmean": 5.51686954498,
        "dmean2": 8.9289484024,
        "dvar": 125.517051697,
        "dvar2": 312.513916016,
        "max": 449.282196045,
        "mean": 11.8428544998,
        "median": 6.62498617172,
        "min": -1.26827597618,
        "var": 389.502380371
    },
    "spectral_rms": {
        "dmean": 0.000801664369646,
        "dmean2": 0.00115432206076,
        "dvar": 9.99551957648e-07,
        "dvar2": 1.87163891496e-06,
        "max": 0.0110184196383,
        "mean": 0.0051729157567,
        "median": 0.00522153172642,
        "min": 3.11275441187e-12,
        "var": 5.23161361343e-06
    },
    "spectral_rolloff": {
        "dmean": 435.813842773,
        "dmean2": 727.755126953,
        "dvar": 909435.375,
        "dvar2": 2043941.375,
        "max": 19832.0800781,
        "mean": 1779.40551758,
        "median": 925.927734375,
        "min": 21.533203125,
        "var": 11876198
    },
    "spectral_skewness": {
        "dmean": 0.481874972582,
        "dmean2": 0.754669964314,
        "dvar": 0.395593702793,
        "dvar2": 0.961435258389,
        "max": 17.6911087036,
        "mean": 2.23471474648,
        "median": 2.06668233871,
        "min": -0.426893889904,
        "var": 1.66526579857
    },
    "spectral_spread": {
        "dmean": 768220.0625,
        "dmean2": 1115640.75,
        "dvar": 1.24348504474e+12,
        "dvar2": 2.71743267635e+12,
        "max": 42855108,
        "mean": 5012649.5,
        "median": 3593877.5,
        "min": 263020.1875,
        "var": 4.67074296054e+13
    },
    "spectral_strongpeak": {
        "dmean": 0.565008759499,
        "dmean2": 0.938523888588,
        "dvar": 0.594566822052,
        "dvar2": 1.48550879955,
        "max": 9.14439678192,
        "mean": 1.23734390736,
        "median": 0.89889973402,
        "min": 0,
        "var": 1.21685445309
    },
    "zerocrossingrate": {
        "dmean": 0.0103204334155,
        "dmean2": 0.0120775578544,
        "dvar": 0.000270629301667,
        "dvar2": 0.000300708343275,
        "max": 0.85693359375,
        "mean": 0.062107488513,
        "median": 0.03857421875,
        "min": 0,
        "var": 0.00857166200876
    },
    "barkbands": {
        "dmean": [9.91936612991e-05, 0.00333320931531, 0.00236609997228, 0.00132890744135, 0.00127911148593, 0.00208337348886, 0.00181149377022, 0.00140294176526, 0.00132816936821, 0.00111483689398, 0.000816803541966, 0.000783391529694, 0.000450002291473, 0.000520329806022, 0.000364465406165, 0.000174631990376, 0.000190924620256, 0.000103569240309, 0.00012332040933, 8.35851460579e-05, 8.70496733114e-05, 8.91355302883e-05, 7.71840495872e-05, 6.95681956131e-05, 6.77722418914e-05, 3.96294271923e-05, 7.01435328665e-06],
        "dmean2": [0.000135981113999, 0.00440212991089, 0.00396420015022, 0.00238246261142, 0.00225817924365, 0.00338588259183, 0.00286500784568, 0.00225429004058, 0.00209970609285, 0.00173322099727, 0.00131120276637, 0.00122608360834, 0.000736256886739, 0.000842638895847, 0.000603650638368, 0.000281901855487, 0.000310914532747, 0.000168526254129, 0.00020658269932, 0.000133247915073, 0.000141125972732, 0.000140910226037, 0.000122806595755, 0.000111278000986, 0.000110637964099, 6.74537586747e-05, 1.26037157315e-05],
        "dvar": [6.01967826697e-08, 7.3750888987e-05, 7.21140531823e-05, 2.52745066973e-05, 1.08732820081e-05, 1.01041960079e-05, 8.31355191622e-06, 8.49451225804e-06, 7.07760182195e-06, 3.75712124878e-06, 2.83973031401e-06, 3.14034105031e-06, 8.56851272601e-07, 9.97411461867e-07, 5.53819631932e-07, 1.11647366907e-07, 1.81257021836e-07, 5.22285290572e-08, 6.35773105273e-08, 4.7628311961e-08, 5.8066337516e-08, 5.88036179749e-08, 4.62968721138e-08, 4.08319635881e-08, 3.27265006206e-08, 1.35153950254e-08, 7.7669765064e-10],
        "dvar2": [1.2941507066e-07, 0.000147590180859, 0.000190648206626, 7.20566167729e-05, 3.1628558645e-05, 2.58175605268e-05, 1.88674621313e-05, 1.89201655303e-05, 1.6178628357e-05, 8.56795122672e-06, 6.93834454069e-06, 7.47405738366e-06, 2.18361856241e-06, 2.49877734859e-06, 1.43527893215e-06, 2.7970710903e-07, 4.60151881043e-07, 1.21877775427e-07, 1.65078802183e-07, 1.11028647609e-07, 1.47179633814e-07, 1.43189367918e-07, 1.11424313332e-07, 1.01779775719e-07, 8.21151573405e-08, 3.53981484125e-08, 2.14065143389e-09],
        "max": [0.00453452346846, 0.0918387323618, 0.0722520947456, 0.0462108179927, 0.0321034267545, 0.0409230329096, 0.045588683337, 0.0667147636414, 0.0488235726953, 0.0353939346969, 0.0269279312342, 0.0363260097802, 0.0218078382313, 0.0160849355161, 0.0140601405874, 0.00567853404209, 0.00538031291217, 0.00502167129889, 0.00335864513181, 0.00346886971965, 0.00495270779356, 0.00378945912234, 0.00392087642103, 0.00267627462745, 0.00177455798257, 0.00152829627041, 0.000352745817509],
        "mean": [0.000232170888921, 0.00768398167565, 0.00221703830175, 0.00117973121814, 0.00172946485691, 0.00439101364464, 0.00365608814172, 0.00230770697817, 0.00189670349937, 0.00188842904754, 0.00117420929018, 0.00110234483145, 0.000655837357044, 0.00082957703853, 0.000532983976882, 0.000235085361055, 0.000249076605542, 0.000135198031785, 0.000148363411427, 9.67685118667e-05, 9.74634967861e-05, 9.56590447458e-05, 8.11848512967e-05, 6.89672451699e-05, 6.59040888422e-05, 3.48232642864e-05, 4.6429795475e-06],
        "median": [2.34038998315e-06, 2.66888600891e-05, 7.56907757022e-05, 7.22525146557e-05, 0.000708548817784, 0.00208493648097, 0.00203014095314, 0.000641138642095, 0.000580208492465, 0.000543907110114, 0.000311164563755, 0.0002484623692, 0.000194901745999, 0.000282245804556, 0.000178948423127, 8.04529263405e-05, 7.15297355782e-05, 3.98651463911e-05, 3.84318846045e-05, 2.4209235562e-05, 1.55382113007e-05, 1.00003762782e-05, 8.53064557305e-06, 6.89951411914e-06, 5.36052993994e-06, 1.43640022543e-06, 3.61156153872e-08],
        "min": [1.99672232202e-25, 7.50492485728e-25, 7.0648198513e-25, 4.20601948521e-25, 5.47457043664e-24, 5.09097538299e-24, 6.43731876791e-24, 7.60887345319e-24, 1.52934665092e-23, 1.3791819289e-23, 1.3956511358e-23, 1.6159908729e-23, 2.19605591596e-23, 2.26261258385e-23, 3.16817173382e-23, 3.81008773169e-23, 5.49985618967e-23, 9.70931074997e-23, 1.27319221851e-22, 1.14033630382e-22, 1.81119977349e-22, 2.84890817655e-22, 3.82907428839e-22, 5.83447735415e-22, 8.50705782655e-22, 1.30380769567e-21, 1.89094416992e-21],
        "var": [3.33990897161e-07, 0.000234592167544, 5.52183337277e-05, 1.78989012056e-05, 9.94000583887e-06, 3.15429970215e-05, 2.54901806329e-05, 2.1471263608e-05, 1.3038022189e-05, 1.15983693831e-05, 5.37284677193e-06, 5.86100850342e-06, 1.40690951866e-06, 2.01914735953e-06, 1.00044189821e-06, 1.65440908972e-07, 2.25097821271e-07, 7.55975690936e-08, 7.99003174734e-08, 5.20786223035e-08, 5.7689515387e-08, 6.55489174051e-08, 6.2258614264e-08, 3.99873414381e-08, 3.27402176481e-08, 1.18582308417e-08, 4.9738896335e-10]
    },
    "erbbands": {
        "dmean": [0.0961844325066, 0.810532689095, 2.39775133133, 3.9733068943, 3.73699021339, 4.04637145996, 10.8580064774, 19.4114322662, 22.9064559937, 29.9435749054, 29.5566959381, 26.6453800201, 33.9313392639, 32.5202941895, 25.0992641449, 31.6398468018, 20.5019321442, 24.6670818329, 19.8530864716, 14.0240802765, 9.33339500427, 9.5765247345, 5.89585161209, 6.02822875977, 5.6281747818, 3.84326219559, 3.497590065, 3.40113115311, 3.21744227409, 2.69306278229, 2.1977763176, 1.64692497253, 1.07973718643, 0.828810214996, 0.428124457598, 0.187989145517, 0.0691617652774, 0.0147612448782, 0.00124345894437, 2.94729579764e-05],
        "dmean2": [0.122193917632, 1.06273126602, 3.87496447563, 6.9079246521, 6.72677612305, 7.13608407974, 18.1404628754, 30.6434383392, 36.3559989929, 48.5759811401, 46.3706550598, 42.1690826416, 52.7025642395, 51.9285087585, 40.6728248596, 49.9789161682, 33.3262329102, 39.9053955078, 32.208530426, 22.8343544006, 14.9580373764, 15.6095104218, 9.41988563538, 10.1598424911, 9.30986690521, 6.16297101974, 5.73837184906, 5.40464735031, 5.12090778351, 4.27678489685, 3.51906728745, 2.62986254692, 1.75354743004, 1.35734319687, 0.699211537838, 0.312468796968, 0.117933191359, 0.0262178909034, 0.00224306201562, 4.87523720949e-05],
        "dvar": [0.0506972372532, 4.86505889893, 67.8924484253, 199.068023682, 168.049911499, 107.604881287, 347.565063477, 984.521972656, 1391.54699707, 3028.8762207, 3743.76831055, 2810.32275391, 3734.92285156, 4359.82324219, 3318.23339844, 5213.36035156, 1573.43017578, 2291.76757812, 1507.21264648, 648.961608887, 355.888671875, 431.436340332, 159.278167725, 175.635604858, 149.211273193, 108.850669861, 92.9636306763, 82.5572662354, 81.3356552124, 53.2882804871, 40.401134491, 21.5084934235, 10.5078172684, 5.42519950867, 1.20928120613, 0.266052901745, 0.0455060265958, 0.00301697338, 2.46521813096e-05, 5.76166714339e-09],
        "dvar2": [0.110400922596, 9.73097801208, 171.221374512, 557.673706055, 486.244262695, 316.979919434, 895.433166504, 2428.29907227, 3227.37841797, 6925.86376953, 8318.71191406, 6308.94970703, 8366.56152344, 10804.2333984, 8638.48828125, 12552.5410156, 4104.05273438, 5704.53173828, 3885.359375, 1644.93762207, 894.399963379, 1085.2142334, 365.994140625, 468.921051025, 371.472625732, 254.74130249, 236.073074341, 203.594268799, 200.387420654, 129.709884644, 98.9349594116, 53.174697876, 26.4363574982, 13.7719507217, 3.02279281616, 0.684029698372, 0.115767709911, 0.00837218668312, 6.84097612975e-05, 1.55497001941e-08],
        "max": [2.6220459938, 23.6992988586, 74.0793685913, 124.874771118, 120.526626587, 136.406158447, 404.859924316, 448.907470703, 798.407714844, 1198.62524414, 1728.72668457, 977.355285645, 890.51171875, 1067.58532715, 1005.35620117, 1404.22058105, 763.592590332, 1040.97265625, 873.053039551, 400.174255371, 271.816375732, 241.252578735, 208.590087891, 183.920440674, 150.529281616, 148.630889893, 169.392379761, 174.982254028, 200.752914429, 83.2033081055, 131.167785645, 74.0067825317, 41.3827438354, 25.5871219635, 12.5737409592, 6.83309364319, 3.20662903786, 0.654941320419, 0.0600072033703, 0.000891144678462],
        "mean": [0.240312322974, 1.64325881004, 2.5657119751, 3.79057264328, 3.90400218964, 5.72847080231, 19.107925415, 40.3743896484, 48.7282333374, 56.4021110535, 48.176864624, 40.9844512939, 60.4376869202, 54.648639679, 37.4164237976, 47.1404724121, 34.0663299561, 42.3616371155, 31.9317111969, 21.1695671082, 12.9947118759, 12.8739356995, 8.38010883331, 7.74160337448, 6.50594615936, 4.47663927078, 3.80965185165, 3.97584676743, 3.49937796593, 2.73702120781, 2.32482171059, 1.69021499157, 1.01956999302, 0.805351495743, 0.414025038481, 0.167661368847, 0.0622511841357, 0.0107515901327, 0.000841845583636, 5.24457136635e-05],
        "median": [0.000477860914543, 0.010618057102, 0.119696810842, 0.311279773712, 0.581837296486, 2.47100353241, 6.9727602005, 17.5560150146, 27.3705158234, 28.9291801453, 14.8052806854, 15.682056427, 18.0408344269, 17.0688362122, 12.9244766235, 11.6514873505, 11.0286216736, 15.9217834473, 11.9202375412, 8.6334733963, 4.41162586212, 3.97376465797, 2.47273635864, 2.28917860985, 1.71784925461, 1.09021139145, 0.753719091415, 0.540735006332, 0.37845736742, 0.295673847198, 0.227126017213, 0.178842872381, 0.0984593182802, 0.0684525817633, 0.0311863385141, 0.00945787876844, 0.00210835062899, 0.000256524828728, 2.84753296e-05, 3.64225888916e-05],
        "min": [4.85018781902e-24, 2.12288023176e-22, 1.2158622003e-21, 3.38460960712e-21, 8.57837186212e-21, 2.03892686229e-20, 3.91528914664e-20, 6.61948635633e-20, 9.70867894938e-20, 1.29365283388e-19, 1.62473988737e-19, 2.97985224077e-19, 3.96926416795e-19, 5.9706025861e-19, 6.84595819753e-19, 7.81616040595e-19, 1.27284567426e-18, 1.74826111388e-18, 1.38876893665e-18, 3.19351625001e-18, 2.42895569137e-18, 3.66727918956e-18, 4.60585952393e-18, 5.45403067171e-18, 5.75275040632e-18, 6.77517666271e-18, 6.95172678393e-18, 7.7965660482e-18, 9.85724418046e-18, 1.01696198398e-17, 1.08869715465e-17, 1.04158400753e-17, 9.19189731885e-18, 7.45780911758e-18, 5.6145694714e-18, 3.77198288432e-18, 2.25398693269e-18, 9.57585119134e-19, 2.37909293385e-19, 2.56257387218e-20],
        "var": [0.209435716271, 12.8366718292, 59.9815979004, 140.420562744, 119.86366272, 102.186729431, 781.90435791, 3301.08178711, 4576.18994141, 7317.95214844, 9065.83496094, 5448.52001953, 10604.1455078, 9601.05664062, 5016.28173828, 10079.8027344, 2995.48291016, 4899.04589844, 2906.64648438, 1134.6295166, 491.072692871, 535.591430664, 245.197967529, 222.752243042, 163.766799927, 116.804229736, 86.9847335815, 95.8863754272, 89.865020752, 60.9888687134, 54.4900169373, 23.0324401855, 9.61504745483, 5.19846248627, 1.23859751225, 0.230864316225, 0.0466907657683, 0.00196808879264, 1.55304005602e-05, 4.65770844116e-09]
    },
    "gfcc": {
        "mean": [-82.7364044189, 101.545288086, -138.172332764, -8.21246433258, -68.4326171875, -3.05338048935, -40.6501846313, 0.428947120905, -16.7015609741, 4.84140920639, -7.83728122711, -1.8280428648, -4.92404413223],
        "cov": [[50305.0742188, 2235.9128418, -3760.99975586, 1085.62597656, -2387.53759766, 1514.95690918, -1339.7791748, 978.684020996, -890.90447998, 655.636901855, -679.918945312, 242.889877319, -617.885375977], [2235.9128418, 3349.76245117, -676.074829102, -424.916442871, 341.337249756, -561.498413086, 3.3771071434, -402.936065674, 173.940460205, -236.257003784, 219.919052124, -292.710021973, 145.543075562], [-3760.99975586, -676.074829102, 3117.74414062, 1140.53552246, 933.665283203, 981.071899414, 421.382354736, 640.169433594, 31.9294719696, 222.205108643, -137.061187744, 76.4472732544, -183.533630371], [1085.62597656, -424.916442871, 1140.53552246, 1195.58666992, 353.174224854, 677.493347168, 261.331848145, 455.909637451, 107.107261658, 152.153930664, -65.8151855469, 93.3365631104, -63.7991142273], [-2387.53759766, 341.337249756, 933.665283203, 353.174224854, 918.873596191, 403.272796631, 416.738372803, 312.013824463, 167.281585693, 28.8716335297, 16.7624073029, -33.9253730774, -45.6449661255], [1514.95690918, -561.498413086, 981.071899414, 677.493347168, 403.272796631, 1029.90722656, 397.417205811, 568.522399902, 19.8168373108, 196.597717285, -89.8734817505, 82.3124694824, -137.469039917], [-1339.7791748, 3.3771071434, 421.382354736, 261.331848145, 416.738372803, 397.417205811, 494.806304932, 291.155273438, 159.312408447, 44.7758102417, 42.2834205627, -6.56823205948, -18.9618358612], [978.684020996, -402.936065674, 640.169433594, 455.909637451, 312.013824463, 568.522399902, 291.155273438, 560.539978027, 99.4227676392, 160.292129517, -57.811630249, 78.8758926392, -96.0887298584], [-890.90447998, 173.940460205, 31.9294719696, 107.107261658, 167.281585693, 19.8168373108, 159.312408447, 99.4227676392, 279.347473145, 74.0495910645, 109.349189758, 24.9963436127, 67.7804031372], [655.636901855, -236.257003784, 222.205108643, 152.153930664, 28.8716335297, 196.597717285, 44.7758102417, 160.292129517, 74.0495910645, 207.939178467, 58.1927070618, 84.8944778442, 6.64029073715], [-679.918945312, 219.919052124, -137.061187744, -65.8151855469, 16.7624073029, -89.8734817505, 42.2834205627, -57.811630249, 109.349189758, 58.1927070618, 191.556564331, 45.6474380493, 91.1768112183], [242.889877319, -292.710021973, 76.4472732544, 93.3365631104, -33.9253730774, 82.3124694824, -6.56823205948, 78.8758926392, 24.9963436127, 84.8944778442, 45.6474380493, 140.1902771, 43.1680793762], [-617.885375977, 145.543075562, -183.533630371, -63.7991142273, -45.6449661255, -137.469039917, -18.9618358612, -96.0887298584, 67.7804031372, 6.64029073715, 91.1768112183, 43.1680793762, 175.58682251]],
        "icov": [[0.000129461215693, -0.000328329508193, 0.000307356443955, -0.00025167822605, 0.000291813863441, -0.000321037659887, 0.000338692450896, -0.000345200736774, 0.000359421450412, -0.00057851348538, 0.00052284495905, -0.00043167397962, 0.000347486580722], [-0.000328329508193, 0.00138798484113, -0.000672399299219, 0.000599633203819, -0.00113242026418, 0.000794708379544, -0.000478300440591, 0.000825413735583, -0.00101353041828, 0.00180406461004, -0.00217326660641, 0.00237047369592, -0.00119422795251], [0.000307356443955, -0.000672399299219, 0.00149751722347, -0.00106154882815, -6.75141782267e-05, -0.000811790290754, 0.00092364026932, -0.000724038283806, 0.00127545604482, -0.00190360483248, 0.00139395566657, -0.000959711847827, 0.000960660516284], [-0.00025167822605, 0.000599633203819, -0.00106154882815, 0.00226856535301, -0.000309260911308, -0.00021936482517, -0.000337694393238, 0.000332219322445, -0.00162432808429, 0.00164416735061, -0.000677375181112, 0.000418228300987, -0.000961031182669], [0.000291813863441, -0.00113242026418, -6.75141782267e-05, -0.000309260911308, 0.00350484391674, -0.000869192765094, -0.000541882880498, -0.00123967882246, 1.17105946629e-05, -0.000448027887614, 0.00112617854029, -0.000985544524156, 0.000946214888245], [-0.000321037659887, 0.000794708379544, -0.000811790290754, -0.00021936482517, -0.000869192765094, 0.00455560348928, -0.00293123954907, -0.000546863535419, 0.00108603585977, -0.000667529413477, -0.000411938002799, 0.000527003547177, -0.000301467633108], [0.000338692450896, -0.000478300440591, 0.00092364026932, -0.000337694393238, -0.000541882880498, -0.00293123954907, 0.0070609874092, -0.00260807829909, -0.0010325567564, 0.00119330431335, -0.00156227010302, 0.00145139079541, 0.000138430696097], [-0.000345200736774, 0.000825413735583, -0.000724038283806, 0.000332219322445, -0.00123967882246, -0.000546863535419, -0.00260807829909, 0.00743176136166, -0.00260203587823, -0.000809405872133, 0.00173121201806, -0.00172320974525, 0.00105963414535], [0.000359421450412, -0.00101353041828, 0.00127545604482, -0.00162432808429, 1.17105946629e-05, 0.00108603585977, -0.0010325567564, -0.00260203587823, 0.00878839101642, -0.00408481201157, -0.000651756941807, -0.000246009847615, -0.00067336554639], [-0.00057851348538, 0.00180406461004, -0.00190360483248, 0.00164416735061, -0.000448027887614, -0.000667529413477, 0.00119330431335, -0.000809405872133, -0.00408481201157, 0.0138244302943, -0.00709950737655, 0.000568611838389, -0.00127588759642], [0.00052284495905, -0.00217326660641, 0.00139395566657, -0.000677375181112, 0.00112617854029, -0.000411938002799, -0.00156227010302, 0.00173121201806, -0.000651756941807, -0.00709950737655, 0.0150723708794, -0.00676480121911, -4.22699704359e-05], [-0.00043167397962, 0.00237047369592, -0.000959711847827, 0.000418228300987, -0.000985544524156, 0.000527003547177, 0.00145139079541, -0.00172320974525, -0.000246009847615, 0.000568611838389, -0.00676480121911, 0.0171933788806, -0.00560577120632], [0.000347486580722, -0.00119422795251, 0.000960660516284, -0.000961031182669, 0.000946214888245, -0.000301467633108, 0.000138430696097, 0.00105963414535, -0.00067336554639, -0.00127588759642, -4.22699704359e-05, -0.00560577120632, 0.0108759189025]]
    },
    "melbands": {
        "dmean": [0.00088034447981, 0.00110059184954, 0.000673913629726, 0.00026286629145, 0.000327280373313, 0.000424226134783, 0.000354169751517, 0.000324303546222, 0.000251506367931, 0.000173067222931, 0.00017393566668, 0.00013540731743, 9.00307131815e-05, 7.3108189099e-05, 8.65103502292e-05, 3.74409355572e-05, 5.17286898685e-05, 3.50766313204e-05, 2.80605054286e-05, 1.43698243846e-05, 1.12148691187e-05, 1.14710574053e-05, 7.02757643012e-06, 4.49145591119e-06, 5.11091275257e-06, 4.98827694173e-06, 3.29507997776e-06, 2.46517697633e-06, 2.22623930313e-06, 2.18643572225e-06, 1.92788502318e-06, 1.85357146165e-06, 1.75017169113e-06, 1.42934845826e-06, 1.3985776377e-06, 1.0759416682e-06, 9.88005808722e-07, 7.76203421538e-07, 6.89713090196e-07, 7.30308101993e-07],
        "dmean2": [0.00111887603998, 0.00162134843413, 0.00115995982196, 0.000474956526887, 0.00054695084691, 0.000678519601934, 0.00056054367451, 0.000526685500517, 0.000392899761209, 0.000272135279374, 0.000270617863862, 0.000215648557059, 0.000144133548019, 0.000115034396003, 0.000139876952744, 6.11042996752e-05, 8.34384918562e-05, 5.70695265196e-05, 4.58778704342e-05, 2.34882900259e-05, 1.81633276952e-05, 1.89843631233e-05, 1.10987321023e-05, 7.33663409846e-06, 8.71398788149e-06, 8.31514080346e-06, 5.45095144844e-06, 3.95946744902e-06, 3.66954350284e-06, 3.62099876838e-06, 3.02355601889e-06, 2.9675161386e-06, 2.82181895273e-06, 2.28667249758e-06, 2.27550185627e-06, 1.70238467945e-06, 1.60201909694e-06, 1.26473264572e-06, 1.13297528515e-06, 1.19738137982e-06],
        "dvar": [4.43413728135e-06, 1.06264105852e-05, 5.44214935871e-06, 6.66751247991e-07, 3.21949016779e-07, 4.42992416083e-07, 3.0424820352e-07, 3.78760859121e-07, 2.81500973642e-07, 1.23448472777e-07, 1.00023100913e-07, 7.22089765759e-08, 3.53088438487e-08, 2.09483133062e-08, 4.70771865935e-08, 6.97164193042e-09, 1.0757346125e-08, 4.69941197068e-09, 3.60468344063e-09, 7.8812939508e-10, 6.27807528186e-10, 6.9973588035e-10, 2.44264913851e-10, 9.84580542096e-11, 1.36980482512e-10, 1.12983566947e-10, 6.25359000694e-11, 5.03430595822e-11, 3.98106651811e-11, 4.25503243751e-11, 2.69610982845e-11, 2.71410949271e-11, 2.57311307678e-11, 1.47365158271e-11, 1.84345004539e-11, 9.06923407901e-12, 8.41308533256e-12, 5.57045208571e-12, 4.17033638525e-12, 4.26201131679e-12],
        "dvar2": [8.48272338771e-06, 2.41566995101e-05, 1.51350486703e-05, 1.96275004782e-06, 8.42548899982e-07, 1.10326425329e-06, 7.04067815605e-07, 8.53483015817e-07, 6.32512239918e-07, 2.66254687631e-07, 2.23442654601e-07, 1.76710969413e-07, 8.88212241534e-08, 4.72569148258e-08, 1.2016214157e-07, 1.76331678148e-08, 2.68010182936e-08, 1.2059484078e-08, 9.4889349711e-09, 1.96399740915e-09, 1.59780222386e-09, 1.82717896369e-09, 5.28046384396e-10, 2.38917080564e-10, 3.74021646987e-10, 2.83443712945e-10, 1.52661563946e-10, 1.1936621136e-10, 1.00132721559e-10, 1.13050221962e-10, 6.50324863405e-11, 6.72094740972e-11, 6.39336569797e-11, 3.5869352627e-11, 4.72074983271e-11, 2.16460651487e-11, 2.13380719344e-11, 1.41121402758e-11, 1.05729982061e-11, 1.07057444507e-11],
        "max": [0.0238287691027, 0.0309560019523, 0.0200433414429, 0.00876438897103, 0.0112607674673, 0.0090751554817, 0.0102977743372, 0.0152380457148, 0.0119401747361, 0.00766270374879, 0.00490159261972, 0.00398230459541, 0.00326442299411, 0.00270252209157, 0.00486420374364, 0.00203716824763, 0.00201712269336, 0.00132347003091, 0.00100184697658, 0.000544852460735, 0.000345798034687, 0.000338148674928, 0.00040376954712, 0.000203837975278, 0.00017383483646, 0.000119660449855, 0.000155901681865, 0.000113880494609, 9.74069407675e-05, 0.000130988584715, 9.33963383432e-05, 0.000138048824738, 7.09150262992e-05, 4.65935263492e-05, 9.97118913801e-05, 5.0324422773e-05, 4.67859135824e-05, 3.12756055791e-05, 2.48120322794e-05, 2.53103971772e-05],
        "mean": [0.00218503270298, 0.00166759232525, 0.000651963171549, 0.000329309987137, 0.000578171573579, 0.000906412606128, 0.000756104418542, 0.000591727090068, 0.000387457985198, 0.000257957726717, 0.000303219188936, 0.000222557995585, 0.000131293825689, 0.000104528007796, 0.000123896053992, 6.05124005233e-05, 8.37644474814e-05, 5.1957242249e-05, 4.10509746871e-05, 1.9573386453e-05, 1.44070645547e-05, 1.42434746522e-05, 9.97554252535e-06, 5.80871756029e-06, 6.32173578197e-06, 5.5468467508e-06, 3.66692643183e-06, 2.77860863207e-06, 2.33976311392e-06, 2.35889433498e-06, 2.26498627853e-06, 2.01345233108e-06, 1.75000536728e-06, 1.4280179812e-06, 1.42399846936e-06, 1.16183025511e-06, 9.6377675618e-07, 7.18524688637e-07, 6.34521882148e-07, 7.18690387203e-07],
        "median": [5.73830220674e-06, 5.33666498086e-05, 7.36548172426e-05, 8.05067829788e-05, 0.000240464374656, 0.000434900750406, 0.000431877939263, 0.000277846993413, 9.6985779237e-05, 9.09054797376e-05, 7.91679485701e-05, 5.98030819674e-05, 3.85333260056e-05, 3.1128864066e-05, 2.40465305978e-05, 1.88086978596e-05, 2.81003667624e-05, 1.63757104019e-05, 1.36649450724e-05, 7.26335929357e-06, 4.14952046413e-06, 4.22323091698e-06, 2.5116969482e-06, 1.74001638698e-06, 1.70603152583e-06, 1.31891204092e-06, 9.38528273764e-07, 6.26414646376e-07, 4.84669385514e-07, 3.58252862043e-07, 2.80673873476e-07, 2.17623039589e-07, 1.67927154848e-07, 1.50029279666e-07, 1.24167925719e-07, 1.21984740531e-07, 9.48534193412e-08, 6.25253235853e-08, 5.62561695006e-08, 5.6022159356e-08],
        "min": [1.31687718678e-25, 6.1811304697e-25, 6.91628671057e-25, 9.7567874758e-25, 1.16497893799e-24, 1.38655724589e-24, 1.53822482682e-24, 1.48377261815e-24, 1.01170237664e-24, 1.98966852502e-24, 1.91448455873e-24, 1.96007973297e-24, 2.09077209408e-24, 1.83474630121e-24, 2.0645894062e-24, 2.57232217569e-24, 1.99665369112e-24, 2.04494696688e-24, 2.96317731347e-24, 2.44605788807e-24, 2.30514287571e-24, 2.64860502523e-24, 3.35216778128e-24, 3.04942544839e-24, 3.92180147992e-24, 4.20914722009e-24, 2.67248384483e-24, 4.64812543688e-24, 4.0540425722e-24, 4.02437627457e-24, 3.31501913796e-24, 4.81253075485e-24, 3.59663972011e-24, 5.56926096097e-24, 5.19757179053e-24, 5.12849597423e-24, 5.69302100965e-24, 5.82570938606e-24, 5.91617674354e-24, 5.57726158827e-24],
        "var": [1.76143494173e-05, 1.51206368173e-05, 3.87585259887e-06, 5.82309439778e-07, 6.74014927426e-07, 1.44818420722e-06, 9.9928763575e-07, 9.43519580687e-07, 6.55023654872e-07, 2.50558741755e-07, 2.88604951493e-07, 1.66622825759e-07, 6.05620584793e-08, 4.28524025153e-08, 8.3110258231e-08, 1.25550112529e-08, 2.20808189511e-08, 8.6607840899e-09, 6.40528075024e-09, 1.13760612042e-09, 7.96449683982e-10, 7.35591421108e-10, 4.86930717969e-10, 1.23762153303e-10, 1.65962965593e-10, 1.26464672068e-10, 6.44863884514e-11, 5.2778118681e-11, 3.73630223982e-11, 3.73674216569e-11, 3.30954777472e-11, 3.00460836766e-11, 2.74150788876e-11, 1.71022900702e-11, 2.34400988203e-11, 1.15042975146e-11, 8.00238261073e-12, 5.00526573313e-12, 3.74624723604e-12, 4.53507934331e-12]
    },
    "mfcc": {
        "mean": [-697.632324219, 136.93371582, -21.6537075043, -6.92880487442, -14.046002388, -9.95906066895, -14.1138029099, -10.7074813843, -7.50536441803, -1.19963943958, -1.43144404888, -1.09106135368, -0.167559340596],
        "cov": [[14486.7773438, 1120.93334961, 280.639526367, 365.742553711, 134.58013916, 512.890380859, 373.0625, 437.525787354, 266.7109375, 309.18145752, 194.9790802, 69.0464324951, 75.0054168701], [1120.93334961, 3187.69921875, -390.443328857, -15.1713590622, 117.318260193, -108.96043396, -100.08026886, -243.08682251, -162.508087158, -75.7606887817, -13.773683548, -26.6561222076, -53.5863761902], [280.639526367, -390.443328857, 1727.14428711, 618.625671387, 652.150878906, 469.125549316, 469.638824463, 397.390289307, 303.651397705, 266.973266602, 166.202911377, 72.0473098755, 92.1337509155], [365.742553711, -15.1713590622, 618.625671387, 697.367736816, 395.430847168, 242.574676514, 199.304733276, 221.255264282, 192.522079468, 136.832717896, 106.599884033, 72.4986724854, 66.9631195068], [134.58013916, 117.318260193, 652.150878906, 395.430847168, 651.97479248, 303.021972656, 341.239318848, 315.341766357, 247.299957275, 204.940170288, 153.646865845, 71.9616165161, 60.7134094238], [512.890380859, -108.96043396, 469.125549316, 242.574676514, 303.021972656, 435.941436768, 351.311126709, 283.96786499, 206.455810547, 190.177261353, 129.653106689, 75.4987258911, 57.3180541992], [373.0625, -100.08026886, 469.638824463, 199.304733276, 341.239318848, 351.311126709, 541.92590332, 386.297973633, 260.070373535, 237.965637207, 162.533004761, 76.6549987793, 55.9640045166], [437.525787354, -243.08682251, 397.390289307, 221.255264282, 315.341766357, 283.96786499, 386.297973633, 480.953521729, 308.922058105, 232.204833984, 181.315765381, 111.906387329, 74.3556671143], [266.7109375, -162.508087158, 303.651397705, 192.522079468, 247.299957275, 206.455810547, 260.070373535, 308.922058105, 316.176757812, 220.247894287, 136.178817749, 88.3069381714, 71.2933883667], [309.18145752, -75.7606887817, 266.973266602, 136.832717896, 204.940170288, 190.177261353, 237.965637207, 232.204833984, 220.247894287, 263.109039307, 157.941436768, 80.9050979614, 71.7468032837], [194.9790802, -13.773683548, 166.202911377, 106.599884033, 153.646865845, 129.653106689, 162.533004761, 181.315765381, 136.178817749, 157.941436768, 194.630630493, 116.773208618, 62.3014640808], [69.0464324951, -26.6561222076, 72.0473098755, 72.4986724854, 71.9616165161, 75.4987258911, 76.6549987793, 111.906387329, 88.3069381714, 80.9050979614, 116.773208618, 155.789474487, 90.6124649048], [75.0054168701, -53.5863761902, 92.1337509155, 66.9631195068, 60.7134094238, 57.3180541992, 55.9640045166, 74.3556671143, 71.2933883667, 71.7468032837, 62.3014640808, 90.6124649048, 136.107406616]],
