{
"lowlevel": {
    "average_loudness": 0.555929124355,
    "barkbands_crest": {
        "dmean": 2.39466571808,
        "dmean2": 3.75934624672,
        "dvar": 5.46594953537,
        "dvar2": 13.0660610199,
        "max": 25.9384441376,
        "mean": 11.4590997696,
        "median": 10.3256511688,
        "min": 2.51571989059,
        "var": 24.8718338013
    },
    "barkbands_flatness_db": {
        "dmean": 0.0249639339745,
        "dmean2": 0.0369004905224,
        "dvar": 0.000812143320218,
        "dvar2": 0.00164718704764,
        "max": 0.60226559639,
        "mean": 0.198122471571,
        "median": 0.169222831726,
        "min": 0.0201989673078,
        "var": 0.011450663209
    },
    "barkbands_kurtosis": {
        "dmean": 8.45929431915,
        "dmean2": 13.8827486038,
        "dvar": 1276.62915039,
        "dvar2": 3551.203125,
        "max": 952.543701172,
        "mean": 14.3495559692,
        "median": 3.69729948044,
        "min": -1.9194688797,
        "var": 2367.79150391
    },
    "barkbands_skewness": {
        "dmean": 0.699309647083,
        "dmean2": 1.08820235729,
        "dvar": 1.34631705284,
        "dvar2": 3.36192703247,
        "max": 27.7698936462,
        "mean": 2.04139971733,
        "median": 1.60093641281,
        "min": -3.74295759201,
        "var": 5.28769350052
    },
    "barkbands_spread": {
        "dmean": 4.15798568726,
        "dmean2": 6.27927494049,
        "dvar": 34.6499023438,
        "dvar2": 74.6820373535,
        "max": 102.09450531,
        "mean": 14.3919487,
        "median": 12.1799974442,
        "min": 0.17504748702,
        "var": 133.827407837
    },
    "dissonance": {
        "dmean": 0.0270160734653,
        "dmean2": 0.0450914502144,
        "dvar": 0.000779394700658,
        "dvar2": 0.00206382968463,
        "max": 0.500000059605,
        "mean": 0.43394356966,
        "median": 0.450546443462,
        "min": 0.140447705984,
        "var": 0.00305793015286
    },
    "dynamic_complexity": 7.09803962708,
    "erbbands_crest": {
        "dmean": 2.66744756699,
        "dmean2": 4.24475955963,
        "dvar": 6.46137714386,
        "dvar2": 15.9236755371,
        "max": 32.6716003418,
        "mean": 11.475107193,
        "median": 10.1683063507,
        "min": 2.38522958755,
        "var": 30.9633598328
    },
    "erbbands_flatness_db": {
        "dmean": 0.0189604330808,
        "dmean2": 0.0270805824548,
        "dvar": 0.000431714172009,
        "dvar2": 0.000824319431558,
        "max": 0.579483568668,
        "mean": 0.214855909348,
        "median": 0.193493708968,
        "min": 0.0506376177073,
        "var": 0.00963906385005
    },
    "erbbands_kurtosis": {
        "dmean": 1.78094565868,
        "dmean2": 2.73358511925,
        "dvar": 10.6901569366,
        "dvar2": 23.4745464325,
        "max": 84.2295303345,
        "mean": 2.69036746025,
        "median": 0.803020715714,
        "min": -1.88349473476,
        "var": 39.8023223877
    },
    "erbbands_skewness": {
        "dmean": 0.41564682126,
        "dmean2": 0.625993788242,
        "dvar": 0.206856712699,
        "dvar2": 0.455942034721,
        "max": 7.90595436096,
        "mean": 0.986575722694,
        "median": 0.902191162109,
        "min": -4.66521501541,
        "var": 1.13042891026
    },
    "erbbands_spread": {
        "dmean": 7.18282365799,
        "dmean2": 10.9749717712,
        "dvar": 119.749572754,
        "dvar2": 263.471191406,
        "max": 205.56741333,
        "mean": 29.2960929871,
        "median": 26.5701675415,
        "min": 0.735269546509,
        "var": 422.91897583
    },
    "hfc": {
        "dmean": 4.68756484985,
        "dmean2": 6.39240169525,
        "dvar": 66.4722824097,
        "dvar2": 135.01020813,
        "max": 114.139511108,
        "mean": 15.0172672272,
        "median": 7.42158269882,
        "min": 1.1576832071e-16,
        "var": 325.58972168
    },
    "melbands_crest": {
        "dmean": 3.08005857468,
        "dmean2": 4.89971733093,
        "dvar": 10.1383123398,
        "dvar2": 23.8885440826,
        "max": 39.0195121765,
        "mean": 15.4400415421,
        "median": 14.1616973877,
        "min": 1.55784106255,
        "var": 45.0086975098
    },
    "melbands_flatness_db": {
        "dmean": 0.0276085715741,
        "dmean2": 0.0396989174187,
        "dvar": 0.00106856762432,
        "dvar2": 0.00209508812986,
        "max": 0.665119826794,
        "mean": 0.254334151745,
        "median": 0.219252660871,
        "min": 0.00399299804121,
        "var": 0.0129674505442
    },
    "melbands_kurtosis": {
        "dmean": 17.9926395416,
        "dmean2": 28.9078865051,
        "dvar": 7931.30908203,
        "dvar2": 18245.7460938,
        "max": 2923.02197266,
        "mean": 33.7264518738,
        "median": 7.48446941376,
        "min": -1.89138245583,
        "var": 20742.3730469
    },
    "melbands_skewness": {
        "dmean": 0.843547642231,
        "dmean2": 1.29676866531,
        "dvar": 2.27404904366,
        "dvar2": 5.23084497452,
        "max": 36.5973510742,
        "mean": 2.71719431877,
        "median": 2.10328745842,
        "min": -2.18733310699,
        "var": 10.346198082
    },
    "melbands_spread": {
        "dmean": 4.78454256058,
        "dmean2": 7.15338611603,
        "dvar": 65.2103042603,
        "dvar2": 141.916671753,
        "max": 225.561355591,
        "mean": 16.4909324646,
        "median": 13.1091022491,
        "min": 0.087500333786,
        "var": 266.774017334
    },
    "pitch_salience": {
        "dmean": 0.0676509737968,
        "dmean2": 0.107837915421,
        "dvar": 0.00518564507365,
        "dvar2": 0.0121094705537,
        "max": 0.975787997246,
        "mean": 0.53395318985,
        "median": 0.556818544865,
        "min": 0.0262780990452,
        "var": 0.0226754974574
    },
    "silence_rate_20dB": {
        "dmean": 0,
        "dmean2": 0,
        "dvar": 0,
        "dvar2": 0,
        "max": 1,
        "mean": 1,
        "median": 1,
        "min": 1,
        "var": 0
    },
    "silence_rate_30dB": {
        "dmean": 0.0265065226704,
        "dmean2": 0.0530185364187,
        "dvar": 0.0258033312857,
        "dvar2": 0.060559488833,
        "max": 1,
        "mean": 0.976291537285,
        "median": 1,
        "min": 0,
        "var": 0.0231481194496
    },
    "silence_rate_60dB": {
        "dmean": 0.0397597849369,
        "dmean2": 0.0795278027654,
        "dvar": 0.0381822884083,
        "dvar2": 0.0829420238733,
        "max": 1,
        "mean": 0.267729580402,
        "median": 0,
        "min": 0,
        "var": 0.196045994759
    },
    "spectral_centroid": {
        "dmean": 176.707580566,
        "dmean2": 263.490570068,
        "dvar": 67281.1953125,
        "dvar2": 136039.125,
        "max": 11238.5107422,
        "mean": 1032.55297852,
        "median": 927.576843262,
        "min": 128.992034912,
        "var": 461186.15625
    },
    "spectral_complexity": {
        "dmean": 2.58417892456,
        "dmean2": 3.8191986084,
        "dvar": 12.4022598267,
        "dvar2": 25.695514679,
        "max": 56,
        "mean": 12.2553062439,
        "median": 9,
        "min": 0,
        "var": 96.5582046509
    },
    "spectral_decrease": {
        "dmean": 2.14703121948e-09,
        "dmean2": 3.32074523435e-09,
        "dvar": 2.13604007632e-17,
        "dvar2": 5.29074215822e-17,
        "max": 6.85763569112e-24,
        "mean": -5.73020475514e-09,
        "median": -2.98336533255e-09,
        "min": -4.99805530296e-08,
        "var": 5.33544597638e-17
    },
    "spectral_energy": {
        "dmean": 0.00839442759752,
        "dmean2": 0.0129070011899,
        "dvar": 0.000314805016387,
        "dvar2": 0.000771607796196,
        "max": 0.191866382957,
        "mean": 0.0229892134666,
        "median": 0.0121205514297,
        "min": 1.04139195687e-20,
        "var": 0.000823998183478
    },
    "spectral_energyband_high": {
        "dmean": 0.000264240748947,
        "dmean2": 0.000365818239516,
        "dvar": 4.28796994356e-07,
        "dvar2": 9.09997709186e-07,
        "max": 0.0154602890834,
        "mean": 0.000516179599799,
        "median": 9.58062446443e-05,
        "min": 7.18496915661e-21,
        "var": 9.57973156801e-07
    },
    "spectral_energyband_low": {
        "dmean": 0.00497279781848,
        "dmean2": 0.00826865620911,
        "dvar": 0.000260479195276,
        "dvar2": 0.00068344763713,
        "max": 0.167685061693,
        "mean": 0.00760332169011,
        "median": 0.000130267217173,
        "min": 2.29781991937e-23,
        "var": 0.000443049153546
    },
    "spectral_energyband_middle_high": {
        "dmean": 0.00143894786015,
        "dmean2": 0.00210460904054,
        "dvar": 6.46917442282e-06,
        "dvar2": 1.41304390127e-05,
        "max": 0.0525675266981,
        "mean": 0.00413980195299,
        "median": 0.00148961809464,
        "min": 1.26329906972e-21,
        "var": 4.16780312662e-05
    },
    "spectral_energyband_middle_low": {
        "dmean": 0.00425678212196,
        "dmean2": 0.00648576719686,
        "dvar": 6.4576342993e-05,
        "dvar2": 0.000145914949826,
        "max": 0.0907875150442,
        "mean": 0.0113746020943,
        "median": 0.00606088340282,
        "min": 1.92185322956e-22,
        "var": 0.000177719120984
    },
    "spectral_entropy": {
        "dmean": 0.189891114831,
        "dmean2": 0.27260068059,
        "dvar": 0.0548527017236,
        "dvar2": 0.108280450106,
        "max": 9.81869697571,
        "mean": 7.12253236771,
        "median": 7.35277080536,
        "min": 3.76194477081,
        "var": 0.657024562359
    },
    "spectral_flux": {
        "dmean": 0.0219568274915,
        "dmean2": 0.0349134504795,
        "dvar": 0.00129955238663,
        "dvar2": 0.00294948811643,
        "max": 0.379019618034,
        "mean": 0.0639959126711,
        "median": 0.04930094257,
        "min": 6.53525497607e-11,
        "var": 0.00375354685821
    },
    "spectral_kurtosis": {
        "dmean": 4.31168794632,
        "dmean2": 6.9977722168,
        "dvar": 91.3045883179,
        "dvar2": 235.664382935,
        "max": 246.520217896,
        "mean": 11.8452539444,
        "median": 5.66550254822,
        "min": -1.43051493168,
        "var": 395.487823486
    },
    "spectral_rms": {
        "dmean": 0.000702848425135,
        "dmean2": 0.00103427947033,
        "dvar": 1.36052221933e-06,
        "dvar2": 3.01490626953e-06,
        "max": 0.0136816194281,
        "mean": 0.00385686266236,
        "median": 0.00343873933889,
        "min": 3.18746331412e-12,
        "var": 7.55317023504e-06
    },
    "spectral_rolloff": {
        "dmean": 345.565551758,
        "dmean2": 573.798095703,
        "dvar": 690679.8125,
        "dvar2": 1589095.625,
        "max": 19315.2832031,
        "mean": 1264.61669922,
        "median": 882.861328125,
        "min": 43.06640625,
        "var": 2835114.25
    },
    "spectral_skewness": {
        "dmean": 0.371824383736,
        "dmean2": 0.588072419167,
        "dvar": 0.311906695366,
        "dvar2": 0.78371155262,
        "max": 13.0195446014,
        "mean": 2.31300210953,
        "median": 1.96195697784,
        "min": -0.390771925449,
        "var": 1.91401219368
    },
    "spectral_spread": {
        "dmean": 613777.5625,
        "dmean2": 876655.125,
        "dvar": 880208642048,
        "dvar2": 1.55997647667e+12,
        "max": 41576012,
        "mean": 4481562.5,
        "median": 4270003,
        "min": 340637.4375,
        "var": 6.02920504525e+12
    },
    "spectral_strongpeak": {
        "dmean": 0.4027325809,
        "dmean2": 0.660070776939,
        "dvar": 0.398689746857,
        "dvar2": 0.967281639576,
        "max": 8.86767673492,
        "mean": 0.99189209938,
        "median": 0.596313714981,
        "min": 0,
        "var": 1.36653470993
    },
    "zerocrossingrate": {
        "dmean": 0.00922046694905,
        "dmean2": 0.0106596192345,
        "dvar": 0.00015445543977,
        "dvar2": 0.000200699723791,
        "max": 0.85107421875,
        "mean": 0.0572930499911,
        "median": 0.048828125,
        "min": 0.00146484375,
        "var": 0.00364079978317
    },
    "barkbands": {
        "dmean": [0.000339504447766, 0.00377302244306, 0.00168336112984, 0.000755051616579, 0.00132844760083, 0.00130933837499, 0.00119879376143, 0.000884271867108, 0.000713345303666, 0.000840067281388, 0.000264456873992, 0.000284249690594, 0.000171707040863, 0.000150940482854, 0.000235228173551, 0.000139594791108, 9.79088945314e-05, 7.44341232348e-05, 9.74750873866e-05, 4.54618493677e-05, 6.52771050227e-05, 5.37129490112e-05, 3.79363737011e-05, 3.30544462486e-05, 7.5985721196e-05, 3.0890936614e-05, 5.36371726412e-06],
        "dmean2": [0.000519008317497, 0.0062930257991, 0.00289623322897, 0.00132852653041, 0.0021261672955, 0.00200045784004, 0.00181231461465, 0.00132371904328, 0.0010801613098, 0.00125252793077, 0.000401652941946, 0.00046267232392, 0.000272908102488, 0.000237428161199, 0.000366342894267, 0.000226147472858, 0.000156467882334, 0.000119955897389, 0.000157757996931, 7.24704586901e-05, 9.77399977273e-05, 8.29670971143e-05, 5.62969798921e-05, 4.88228797622e-05, 0.000109029046143, 4.60586743429e-05, 8.74658780958e-06],
        "dvar": [1.17954323287e-06, 0.000164072756888, 6.0415626649e-05, 1.01955520222e-05, 1.083467032e-05, 6.28322322882e-06, 6.92165940563e-06, 4.37758262706e-06, 3.05390085487e-06, 4.06879144066e-06, 6.64366780256e-07, 4.67050512043e-07, 1.87334890711e-07, 2.0771287268e-07, 5.25906102666e-07, 1.73978719431e-07, 6.52955165492e-08, 3.12610985986e-08, 8.68267520104e-08, 1.52464476599e-08, 4.92559699694e-08, 2.16805808861e-08, 1.02069792618e-08, 8.57439363955e-09, 5.71593616883e-08, 9.05620911595e-09, 3.3046534953e-10],
        "dvar2": [2.5943129458e-06, 0.000471013889182, 0.000164403012604, 2.88011833618e-05, 2.59439511865e-05, 1.45505573528e-05, 1.60746294569e-05, 9.87601379165e-06, 6.77329080645e-06, 9.12371251616e-06, 1.33604680741e-06, 1.16184753551e-06, 4.22985010573e-07, 4.49766361044e-07, 1.18551486139e-06, 4.30231494875e-07, 1.53654369228e-07, 7.98899932875e-08, 2.26157027328e-07, 3.9000088492e-08, 1.11995362317e-07, 4.81792099549e-08, 2.3503021751e-08, 1.97516616396e-08, 1.30149558686e-07, 2.15769784262e-08, 8.35833458002e-10],
        "max": [0.026273611933, 0.143664166331, 0.0983491539955, 0.0446430444717, 0.06085331738, 0.0490263625979, 0.0539165809751, 0.0474397428334, 0.0443216748536, 0.065649099648, 0.0492621362209, 0.0241873692721, 0.011635908857, 0.0210341643542, 0.0236701201648, 0.0133305946365, 0.00792305544019, 0.00389226037078, 0.0152352005243, 0.00406630383804, 0.00863332021981, 0.00479664560407, 0.00257234508172, 0.00163362023886, 0.00343313650228, 0.00138539634645, 0.000601660227403],
        "mean": [0.00047187221935, 0.00526936305687, 0.0015438538976, 0.000694057205692, 0.00219930964522, 0.0027809063904, 0.00228871754371, 0.00146891619079, 0.00126666820142, 0.00178524747025, 0.000517032109201, 0.000513642502483, 0.000267310242634, 0.000277018989436, 0.000419449148467, 0.000216298125451, 0.000152735621668, 0.000124718877487, 0.000169907681993, 8.13127189758e-05, 0.000111490975542, 9.36667565838e-05, 6.46573244012e-05, 5.25203358848e-05, 0.000102053665614, 4.86797653139e-05, 7.77618697612e-06],
        "median": [1.2426360172e-06, 1.65925630426e-05, 2.93969624181e-05, 3.79893790523e-05, 0.00046563782962, 0.00112482602708, 0.00075572472997, 0.000240035151364, 0.000232086458709, 0.0002864349226, 7.06469654688e-05, 8.90972005436e-05, 5.37703635928e-05, 4.17871779064e-05, 7.31051695766e-05, 4.87639226776e-05, 4.68435864605e-05, 3.81133795599e-05, 3.47923996742e-05, 1.72805521288e-05, 1.52512020577e-05, 1.27443563542e-05, 1.23886884467e-05, 9.10616381589e-06, 8.49592106533e-06, 2.8306421882e-06, 6.16284410171e-08],
        "min": [2.6312045286e-24, 3.20679136607e-24, 1.24423606924e-23, 4.73775502407e-24, 2.22040868319e-23, 1.68431143378e-23, 7.55064999636e-24, 2.35439497245e-23, 1.7623326172e-23, 2.16009300947e-23, 2.25946991977e-23, 5.12970214255e-23, 7.53028192333e-23, 4.86721972039e-23, 4.01690307967e-23, 7.46150650526e-23, 1.35570770028e-22, 1.1913636137e-22, 1.90461617702e-22, 1.77042033475e-22, 3.83382739623e-22, 3.81063841971e-22, 4.08745640089e-22, 6.43739326793e-22, 9.78122898989e-22, 1.48527316885e-21, 2.18970278364e-21],
        "var": [2.52629865827e-06, 0.000251860532444, 4.80093622173e-05, 7.66532230045e-06, 1.71232004504e-05, 1.76177072717e-05, 1.72438849404e-05, 9.42108636082e-06, 7.96233052824e-06, 2.0329545805e-05, 3.99441523768e-06, 2.18799846152e-06, 3.43791896285e-07, 8.2074348029e-07, 1.49448317188e-06, 2.97246600667e-07, 1.09536969717e-07, 5.33106430112e-08, 1.19227763662e-07, 2.5856021324e-08, 7.89303555848e-08, 4.39695533316e-08, 1.8075118291e-08, 1.36056446109e-08, 7.92550949313e-08, 1.38508440273e-08, 4.12193806865e-10]
    },
    "erbbands": {
        "dmean": [0.15304222703, 0.731394827366, 1.81882798672, 2.37576508522, 2.57105016708, 4.88192367554, 8.56101322174, 12.3505964279, 17.7123985291, 15.4046144485, 16.5623130798, 17.5430622101, 19.4693603516, 22.3581981659, 12.7390508652, 10.910697937, 7.67604732513, 7.45511007309, 10.7460231781, 9.86710453033, 7.47959041595, 4.56508874893, 4.20314836502, 3.65020751953, 5.20048046112, 2.30278944969, 2.03673481941, 2.96936607361, 1.79323101044, 1.34651470184, 1.13661515713, 0.67555475235, 0.600764632225, 0.554817974567, 0.747688651085, 0.211742088199, 0.0484843067825, 0.00991232693195, 0.000841640809085, 2.03689814953e-05],
        "dmean2": [0.261382222176, 1.18684196472, 3.02960562706, 4.17929935455, 4.39371681213, 7.88704442978, 13.183807373, 18.9242801666, 26.6876754761, 23.0496120453, 24.6912651062, 26.3854236603, 28.736246109, 33.291343689, 19.5381355286, 17.2485351562, 12.1163988113, 11.6928730011, 16.5641536713, 15.6725320816, 12.0671739578, 7.20954704285, 6.73801183701, 5.84490585327, 8.46068382263, 3.64959359169, 3.18241477013, 4.47884893417, 2.75556063652, 2.02346324921, 1.70916473866, 1.00876939297, 0.896638214588, 0.828362345695, 1.08894991875, 0.302688956261, 0.0752140805125, 0.0158184748143, 0.00136332341935, 3.08142953145e-05],
        "dvar": [0.317775666714, 6.33224439621, 63.6549568176, 103.929450989, 84.3561172485, 155.132843018, 339.127441406, 636.930847168, 1557.27246094, 1411.31286621, 1672.83398438, 1900.26342773, 3199.16870117, 2980.36010742, 1057.69995117, 764.174316406, 381.876312256, 492.34552002, 1063.94897461, 1140.40478516, 487.923339844, 165.929199219, 86.5641403198, 95.6322631836, 310.337158203, 36.865978241, 80.359992981, 76.5841064453, 29.553653717, 16.0788002014, 8.80046463013, 3.6058678627, 2.91621994972, 2.72568058968, 6.88167190552, 0.480901002884, 0.0224302150309, 0.00104530400131, 9.31351769395e-06, 2.42025288699e-09],
        "dvar2": [0.982774078846, 16.2773113251, 163.313491821, 291.513671875, 224.492233276, 381.736053467, 802.115478516, 1498.7421875, 3585.57275391, 3235.37207031, 3737.5168457, 4168.90917969, 7029.24658203, 6625.296875, 2258.87231445, 1785.02575684, 859.524047852, 1039.15661621, 2213.73242188, 2800.14013672, 1294.46813965, 383.216064453, 216.924301147, 216.219833374, 853.369628906, 92.1047210693, 195.968215942, 167.223876953, 67.8026657104, 35.3555030823, 21.1977005005, 8.31421470642, 6.95742559433, 6.41560983658, 15.9280691147, 1.10356998444, 0.0552331246436, 0.00273817358539, 2.33835307881e-05, 5.64816593496e-09],
        "max": [7.13186502457, 34.9719734192, 98.3040466309, 114.81803894, 162.767333984, 258.273834229, 341.528076172, 475.951629639, 679.676635742, 1167.15649414, 955.330993652, 1189.71972656, 2504.69580078, 1314.56726074, 1512.62670898, 1225.96936035, 596.344055176, 1257.69396973, 1394.21777344, 1032.89990234, 467.394470215, 427.08807373, 227.332504272, 381.130645752, 1074.61914062, 173.8621521, 439.814849854, 207.923477173, 196.550247192, 152.197753906, 84.3290939331, 31.1263751984, 32.3008613586, 28.288816452, 41.2018127441, 10.9847478867, 2.3856356144, 0.762914419174, 0.119585059583, 0.00155760860071],
        "mean": [0.189841091633, 1.01913440228, 1.90814387798, 2.12870168686, 2.97077727318, 7.65332221985, 16.7849769592, 26.0834007263, 36.4564056396, 28.5852470398, 28.7456607819, 32.3822517395, 47.2961807251, 42.5105323792, 25.253786087, 22.2002429962, 13.1590270996, 13.7932405472, 19.8274593353, 18.9103679657, 12.0263319016, 7.78601646423, 7.4992389679, 6.77002000809, 8.77780723572, 4.26448297501, 3.84335136414, 4.91787719727, 3.06786084175, 2.28320908546, 1.90844798088, 1.05536818504, 0.962553143501, 0.822740375996, 0.910368859768, 0.29590383172, 0.0767472907901, 0.0164535660297, 0.00123250717297, 4.82107861899e-05],
        "median": [0.000373135291738, 0.00506798410788, 0.0357457511127, 0.128443598747, 0.375724464655, 1.46414124966, 5.16506958008, 10.5354881287, 13.463801384, 7.49527168274, 5.86591768265, 7.10496377945, 6.75282287598, 8.92460441589, 5.48907327652, 4.61075639725, 3.07502746582, 2.86790418625, 3.81378507614, 3.36263918877, 2.97878265381, 2.51725912094, 2.32520318031, 1.98201835155, 1.45031809807, 0.889971911907, 0.716921806335, 0.521842241287, 0.452614814043, 0.376970469952, 0.359389662743, 0.203707665205, 0.147363126278, 0.103484354913, 0.0495446100831, 0.0172758288682, 0.00419531995431, 0.000513929117005, 2.72633242275e-05, 2.04636980925e-05],
        "min": [1.76720241334e-22, 8.65000396641e-22, 1.19793063714e-20, 2.48755860726e-20, 3.37613411584e-20, 5.09635798164e-20, 1.45462838494e-19, 1.4251052749e-19, 1.07708777298e-19, 2.41591462033e-19, 6.95523289235e-19, 5.49835121573e-19, 5.07510254182e-19, 1.02485578925e-18, 1.19018851418e-18, 1.84376821459e-18, 2.72504375086e-18, 3.12527695141e-18, 3.50141706904e-18, 3.25927462717e-18, 4.10842081409e-18, 7.8166359314e-18, 6.74739621543e-18, 7.55342292459e-18, 8.54244473271e-18, 8.09595993501e-18, 1.41925383027e-17, 1.3952435895e-17, 1.44138587474e-17, 1.51500312946e-17, 1.12661974614e-17, 8.99483063689e-18, 9.82834414422e-18, 9.80880448379e-18, 6.97924873727e-18, 4.39730164891e-18, 2.85005080055e-18, 1.14322078541e-18, 3.11990399974e-19, 2.99850128617e-20],
        "var": [0.400911390781, 9.72698974609, 60.4192390442, 75.5146179199, 82.3314361572, 230.842163086, 784.84954834, 1844.39257812, 4224.54052734, 3523.20410156, 3580.66796875, 4861.5, 21593.8105469, 10299.1132812, 4715.79443359, 4981.40087891, 731.59967041, 1401.59204102, 3317.07373047, 3638.58154297, 753.205810547, 286.994110107, 170.835754395, 171.141494751, 373.370574951, 67.6853485107, 99.4344482422, 144.60105896, 52.2662620544, 27.5903663635, 15.4469890594, 5.44176530838, 4.63357019424, 4.0097413063, 8.49803066254, 0.68812930584, 0.0310516376048, 0.0014001140371, 1.12322159111e-05, 5.0194102208e-09]
    },
    "gfcc": {
        "mean": [-111.853721619, 84.9665374756, -129.228378296, -9.23634052277, -73.8501663208, -6.00041294098, -45.4916534424, 4.57393407822, -22.1299419403, 3.70340561867, -9.92901039124, 6.15215492249, -2.99768137932],
        "cov": [[38596.9804688, -1809.90600586, 1446.984375, 2338.6315918, -696.871948242, 532.519104004, -548.30065918, 934.53527832, -577.383422852, 985.073913574, -656.700195312, 417.176055908, -668.02935791], [-1809.90600586, 2688.06201172, 353.024810791, -133.846420288, 509.928771973, -488.164123535, -23.8676204681, -438.198028564, 80.3010177612, -333.765960693, 154.27571106, -273.933898926, 41.1783409119], [1446.984375, 353.024810791, 2716.57226562, 1051.52038574, 1044.62780762, 798.646606445, 336.947052002, 378.358001709, 9.70076560974, 231.288955688, -219.414855957, 96.7455825806, -217.147781372], [2338.6315918, -133.846420288, 1051.52038574, 1227.49023438, 508.17401123, 460.702728271, 213.94468689, 240.100540161, 19.3834247589, 159.893783569, -142.84185791, 27.6980800629, -185.125289917], [-696.871948242, 509.928771973, 1044.62780762, 508.17401123, 1129.66845703, 554.107788086, 206.567977905, 131.976699829, -29.5506477356, 56.2961845398, -130.140472412, -12.2893791199, -138.355804443], [532.519104004, -488.164123535, 798.646606445, 460.702728271, 554.107788086, 879.157714844, 285.698059082, 346.288696289, -22.2166824341, 204.311264038, -143.341644287, 95.5634536743, -112.500869751], [-548.30065918, -23.8676204681, 336.947052002, 213.94468689, 206.567977905, 285.698059082, 377.613800049, 153.299209595, 95.8362884521, 94.9081726074, -43.126625061, 15.7705850601, -46.0815200806], [934.53527832, -438.198028564, 378.358001709, 240.100540161, 131.976699829, 346.288696289, 153.299209595, 367.92199707, 87.3326873779, 162.390548706, -44.7071266174, 89.4012069702, -45.5709114075], [-577.383422852, 80.3010177612, 9.70076560974, 19.3834247589, -29.5506477356, -22.2166824341, 95.8362884521, 87.3326873779, 244.886230469, 72.6479721069, 71.602722168, 7.65377855301, 42.7112350464], [985.073913574, -333.765960693, 231.288955688, 159.893783569, 56.2961845398, 204.311264038, 94.9081726074, 162.390548706, 72.6479721069, 232.577804565, -8.82097244263, 61.6838760376, -38.0674171448], [-656.700195312, 154.27571106, -219.414855957, -142.84185791, -130.140472412, -143.341644287, -43.126625061, -44.7071266174, 71.602722168, -8.82097244263, 193.184204102, 1.38544011116, 79.1217193604], [417.176055908, -273.933898926, 96.7455825806, 27.6980800629, -12.2893791199, 95.5634536743, 15.7705850601, 89.4012069702, 7.65377855301, 61.6838760376, 1.38544011116, 144.722213745, 27.2441635132], [-668.02935791, 41.1783409119, -217.147781372, -185.125289917, -138.355804443, -112.500869751, -46.0815200806, -45.5709114075, 42.7112350464, -38.0674171448, 79.1217193604, 27.2441635132, 148.73399353]],
        "icov": [[5.32023113919e-05, -9.34471900109e-05, 2.89478830382e-05, -0.000118658987049, 0.000135955182486, 1.47558002936e-05, 0.000157643095008, -0.000182162591955, 0.000214749379666, -0.000301920867059, 0.000168895538081, -0.000130035215989, 8.50853175507e-05], [-9.34471900109e-05, 0.00122292758897, -0.00039903371362, 0.000368054606952, -0.000942154205404, 0.000595057674218, -0.00057629897492, 0.00103018933441, -0.000946550280787, 0.00141355313826, -0.00107343576383, 0.00122798606753, -0.000192285937374], [2.89478830382e-05, -0.00039903371362, 0.000900505168829, -0.000467693054816, -0.000176000408828, -0.000206003998755, 0.000117037685413, -0.00051752635045, 0.00032083116821, -0.000601060106419, 0.000533589918632, -0.000713963527232, 0.000132196946652], [-0.000118658987049, 0.000368054606952, -0.000467693054816, 0.00170944037382, -0.000503822986502, -4.73779291497e-05, -0.00047338695731, 0.00035606068559, -0.000757900532335, 0.000652811548207, -0.000367359170923, 0.000466097699245, 0.000762721872889], [0.000135955182486, -0.000942154205404, -0.000176000408828, -0.000503822986502, 0.002667512279, -0.0014790877467, 0.000592107884586, -0.000271699245786, 0.000563264766242, -0.000680107856169, 0.000866543559823, -0.000544647627976, 0.000753217726015], [1.47558002936e-05, 0.000595057674218, -0.000206003998755, -4.73779291497e-05, -0.0014790877467, 0.0039066914469, -0.00140781712253, -0.00170489621814, 0.00150458898861, -0.000878909428138, 0.000145260288264, 0.00013798076543, -0.00059721164871], [0.000157643095008, -0.00057629897492, 0.000117037685413, -0.00047338695731, 0.000592107884586, -0.00140781712253, 0.00486432574689, -0.000774684536736, -0.0012475552503, -0.00101478002034, 0.00115687970538, -0.000255419639871, 0.000734816072509], [-0.000182162591955, 0.00103018933441, -0.00051752635045, 0.00035606068559, -0.000271699245786, -0.00170489621814, -0.000774684536736, 0.0075368382968, -0.00341872125864, 0.000539712898899, -0.000648287823424, -0.000898226106074, 0.000740392424632], [0.000214749379666, -0.000946550280787, 0.00032083116821, -0.000757900532335, 0.000563264766242, 0.00150458898861, -0.0012475552503, -0.00341872125864, 0.00856034643948, -0.00377735611983, -0.000769332575146, 0.000383190112188, -0.0021062665619], [-0.000301920867059, 0.00141355313826, -0.000601060106419, 0.000652811548207, -0.000680107856169, -0.000878909428138, -0.00101478002034, 0.000539712898899, -0.00377735611983, 0.010201189667, -0.00243337964639, -0.000339963415172, 0.0017935015494], [0.000168895538081, -0.00107343576383, 0.000533589918632, -0.000367359170923, 0.000866543559823, 0.000145260288264, 0.00115687970538, -0.000648287823424, -0.000769332575146, -0.00243337964639, 0.00895252730697, -0.00108802085742, -0.00251173018478], [-0.000130035215989, 0.00122798606753, -0.000713963527232, 0.000466097699245, -0.000544647627976, 0.00013798076543, -0.000255419639871, -0.000898226106074, 0.000383190112188, -0.000339963415172, -0.00108802085742, 0.0112986024469, -0.00383073929697], [8.50853175507e-05, -0.000192285937374, 0.000132196946652, 0.000762721872889, 0.000753217726015, -0.00059721164871, 0.000734816072509, 0.000740392424632, -0.0021062665619, 0.0017935015494, -0.00251173018478, -0.00383073929697, 0.012106330134]]
    },
    "melbands": {
        "dmean": [0.00114305736497, 0.000910322123673, 0.000406490144087, 0.000247285643127, 0.000287293485599, 0.000265890645096, 0.000262624555035, 0.000176618690602, 0.000122248893604, 0.0001142844485, 9.97306415229e-05, 9.88626488834e-05, 3.94624184992e-05, 3.82749531127e-05, 1.83268257388e-05, 1.69920149347e-05, 1.4526997802e-05, 1.77226593223e-05, 1.44335845107e-05, 1.14963240776e-05, 8.82807489688e-06, 5.0485000429e-06, 4.95449603477e-06, 3.7697955122e-06, 3.02727107737e-06, 4.64853610538e-06, 2.26677843784e-06, 1.44023670146e-06, 1.31639308165e-06, 1.24048665384e-06, 2.30531372836e-06, 1.14318879696e-06, 9.10466553705e-07, 7.19827539797e-07, 7.78212893238e-07, 4.70201513281e-07, 4.06244538453e-07, 4.48493011618e-07, 4.02166904223e-07, 4.97360701956e-07],
        "dmean2": [0.00195054174401, 0.00148360175081, 0.000709558662493, 0.000407569226809, 0.000442733900854, 0.000406609033234, 0.000396424264181, 0.00026276067365, 0.0001810733811, 0.000172826985363, 0.000147568207467, 0.000147285274579, 5.97911748628e-05, 6.17064506514e-05, 2.91257238132e-05, 2.69712381851e-05, 2.29770175793e-05, 2.74040212389e-05, 2.28786575462e-05, 1.83755983016e-05, 1.44524101415e-05, 8.0031932157e-06, 8.01448186394e-06, 6.17242449152e-06, 4.88863997816e-06, 7.60441207603e-06, 3.6835008359e-06, 2.2978740617e-06, 2.1052323973e-06, 1.95783081836e-06, 3.54617895937e-06, 1.7904546894e-06, 1.44608361552e-06, 1.08981794256e-06, 1.19856656511e-06, 7.09542746336e-07, 6.1733169332e-07, 6.87153146828e-07, 6.04092520007e-07, 7.68123697981e-07],
        "dvar": [1.61876978382e-05, 1.2587674064e-05, 2.79043706541e-06, 5.4524235793e-07, 3.62812812682e-07, 2.78486169236e-07, 3.35012373398e-07, 1.75694040649e-07, 8.98431977703e-08, 8.24286985335e-08, 8.10736580092e-08, 5.92585571724e-08, 1.41903653272e-08, 7.74529151926e-09, 2.22217022561e-09, 1.97105420874e-09, 2.15198125986e-09, 2.80700329647e-09, 2.39826114523e-09, 1.29102928348e-09, 7.02840563527e-10, 2.94460011929e-10, 1.12018061493e-10, 9.48920247934e-11, 7.57050533373e-11, 1.93396701431e-10, 7.52837722717e-11, 1.41651248023e-11, 2.99073162069e-11, 2.3989053799e-11, 5.05843214538e-11, 1.15540381082e-11, 9.87064509989e-12, 4.65787347928e-12, 3.7012749636e-12, 2.00610253236e-12, 1.44327876473e-12, 1.54777937428e-12, 1.42214885701e-12, 2.42035081213e-12],
        "dvar2": [4.91836071888e-05, 3.03160668409e-05, 7.76150682213e-06, 1.34395281748e-06, 8.53436461057e-07, 6.48243712931e-07, 7.74825480221e-07, 4.04189023584e-07, 1.99196762196e-07, 1.81905036811e-07, 1.78680366503e-07, 1.32561353894e-07, 2.88704242735e-08, 1.93829219342e-08, 5.13808373626e-09, 4.51691484216e-09, 4.4455714665e-09, 5.8040625639e-09, 5.63148061516e-09, 2.97727287268e-09, 1.88492310649e-09, 6.78484823879e-10, 2.78803841125e-10, 2.51485554603e-10, 1.6776950662e-10, 5.17462406258e-10, 2.09448333677e-10, 3.50343747069e-11, 7.50511666703e-11, 5.52808701593e-11, 1.13222507758e-10, 2.69291741684e-11, 2.27945457648e-11, 1.02652166281e-11, 9.05386529637e-12, 4.95614356846e-12, 3.38697668002e-12, 3.76850156983e-12, 3.41409127531e-12, 5.89664688605e-12],
        "max": [0.0460689514875, 0.0453287661076, 0.0183080825955, 0.0166324917227, 0.0108199426904, 0.0103299282491, 0.0107339276001, 0.0125602893531, 0.00701040169224, 0.00806314125657, 0.0124633284286, 0.00586038921028, 0.00730813108385, 0.00272494042292, 0.00133549806196, 0.00123470940161, 0.00273544713855, 0.00201583770104, 0.00144493265543, 0.00132060050964, 0.000534929393325, 0.000618224148639, 0.000274707941571, 0.000293490447802, 0.000370927067706, 0.000713250483386, 0.000533482350875, 0.000116462761071, 0.000273016717983, 0.000240544497501, 0.000148122009705, 0.000112063898996, 0.000177070061909, 8.17787222331e-05, 4.34830471931e-05, 4.57519927295e-05, 2.10860780498e-05, 2.1131378162e-05, 2.71625885944e-05, 2.91349078907e-05],
        "mean": [0.0015657232143, 0.00113581854384, 0.00038928783033, 0.000347801309545, 0.000570290139876, 0.000569344090763, 0.000536112871487, 0.000315715762554, 0.000213302279008, 0.000205958334845, 0.000236613414017, 0.000179505877895, 7.85595548223e-05, 6.8731198553e-05, 3.42548446497e-05, 2.67248615273e-05, 2.56172515947e-05, 3.20264334732e-05, 2.52327754424e-05, 2.07909015444e-05, 1.27279845401e-05, 7.71448230807e-06, 8.08490040072e-06, 5.98600308876e-06, 5.02472721564e-06, 7.52283858674e-06, 3.88005764762e-06, 2.50100674748e-06, 2.35803031501e-06, 2.08367123378e-06, 3.54000462721e-06, 1.88444869309e-06, 1.39376709285e-06, 1.16127341698e-06, 1.25543340346e-06, 7.15091630354e-07, 5.8328112118e-07, 6.93554397913e-07, 6.11194479916e-07, 7.06714217813e-07],
        "median": [5.12673886988e-06, 1.69445411302e-05, 2.58108484559e-05, 5.9328343923e-05, 0.000177406021976, 0.000228751974646, 0.000195611733943, 7.01516692061e-05, 4.0856502892e-05, 3.93828522647e-05, 3.14799181069e-05, 3.24416578223e-05, 1.29624704641e-05, 1.42911503644e-05, 6.87029933033e-06, 5.38993981536e-06, 4.02303612645e-06, 5.49057222088e-06, 4.62363914266e-06, 3.79031712328e-06, 3.22959886034e-06, 2.22596008825e-06, 2.38613779402e-06, 1.66869676832e-06, 1.40248141633e-06, 1.23662061924e-06, 6.47861725156e-07, 5.23013056863e-07, 4.5499680823e-07, 3.24906011429e-07, 2.84514726445e-07, 2.56718038827e-07, 2.02255066029e-07, 1.95943769654e-07, 2.1894069846e-07, 1.45361283899e-07, 1.04385129873e-07, 9.75475060727e-08, 9.3419004088e-08, 8.03969157914e-08],
        "min": [1.4983432735e-24, 4.45731497227e-24, 4.70191865087e-24, 3.41720384088e-24, 4.73377009321e-24, 3.64974662511e-24, 1.55287515712e-24, 3.11224835873e-24, 5.56792936376e-24, 2.31319753998e-24, 2.57000667172e-24, 3.92556355758e-24, 3.21324957308e-24, 5.15198233553e-24, 6.78152639099e-24, 7.94593005217e-24, 5.29464980239e-24, 5.21229430161e-24, 4.06002805432e-24, 4.18985089349e-24, 4.75938006807e-24, 7.45046229481e-24, 6.83236058772e-24, 5.58468240281e-24, 4.84758852234e-24, 7.73083056028e-24, 5.36869583683e-24, 3.92703596646e-24, 7.11857431249e-24, 7.74629302288e-24, 6.86111377886e-24, 8.3731495083e-24, 7.04398120302e-24, 6.81499302603e-24, 6.09130031462e-24, 5.59572842763e-24, 5.07428703054e-24, 6.29788247532e-24, 6.95358642075e-24, 7.80107704617e-24],
        "var": [2.35923980654e-05, 1.51230970005e-05, 2.16320017898e-06, 6.77050536524e-07, 8.51734853313e-07, 8.31264458157e-07, 8.90770365913e-07, 4.33484274254e-07, 1.98418561581e-07, 2.1505893244e-07, 5.37042296855e-07, 1.99335389084e-07, 8.14819784978e-08, 3.06623562096e-08, 8.38058156205e-09, 3.69576791392e-09, 6.51172360477e-09, 1.00929211655e-08, 5.71519986892e-09, 3.39616978984e-09, 9.66234425803e-10, 4.28498792004e-10, 2.17394824364e-10, 1.3930764875e-10, 1.21866045033e-10, 2.66907801416e-10, 7.84419890154e-11, 2.57656292135e-11, 3.54211937559e-11, 3.35828274911e-11, 8.87618867296e-11, 1.94573766821e-11, 1.6039390302e-11, 7.45627257853e-12, 6.77316059142e-12, 2.7040529104e-12, 1.94033612962e-12, 2.38944215976e-12, 2.09246422272e-12, 3.20962982754e-12]
    },
    "mfcc": {
        "mean": [-741.871704102, 119.267082214, -8.90533447266, -5.57437801361, -13.4779472351, -16.9837207794, -15.6259078979, -8.75831031799, -7.92970991135, -5.31657028198, -5.97713947296, -4.41052389145, 1.82738089561],
        "cov": [[23077.6484375, 365.556884766, 418.69821167, 1198.87158203, -76.9361724854, 295.845123291, 250.943725586, 246.526168823, 329.492797852, 289.343841553, 404.073059082, 54.1885185242, 44.4466323853], [365.556884766, 2278.50097656, 450.941192627, 214.29574585, 456.854797363, -14.6377954483, -11.0521745682, -124.702552795, -151.762039185, -86.4871902466, -86.5124969482, -56.769329071, -88.6470031738], [418.69821167, 450.941192627, 1474.88867188, 642.976989746, 613.701477051, 482.233032227, 356.697174072, 291.650848389, 288.002258301, 145.217498779, 210.92729187, 118.130096436, 13.3945522308], [1198.87158203, 214.29574585, 642.976989746, 887.158935547, 503.05569458, 433.153625488, 283.216064453, 237.262405396, 208.477416992, 95.3300476074, 174.476577759, 86.7947387695, 10.3319835663], [-76.9361724854, 456.854797363, 613.701477051, 503.05569458, 911.182434082, 542.245727539, 396.410095215, 253.571151733, 175.591018677, 107.265365601, 96.1306152344, 50.0561637878, -10.7901239395], [295.845123291, -14.6377954483, 482.233032227, 433.153625488, 542.245727539, 701.047363281, 451.803009033, 280.387756348, 265.250518799, 142.222930908, 178.350204468, 49.3368721008, 14.9298992157], [250.943725586, -11.0521745682, 356.697174072, 283.216064453, 396.410095215, 451.803009033, 460.316986084, 258.246734619, 198.470367432, 128.805679321, 131.082580566, 56.4681015015, 4.99538087845], [246.526168823, -124.702552795, 291.650848389, 237.262405396, 253.571151733, 280.387756348, 258.246734619, 304.245330811, 211.630111694, 106.464057922, 112.732398987, 74.8077697754, 37.9170951843], [329.492797852, -151.762039185, 288.002258301, 208.477416992, 175.591018677, 265.250518799, 198.470367432, 211.630111694, 296.620727539, 160.101608276, 143.466888428, 68.7315826416, 44.6845474243], [289.343841553, -86.4871902466, 145.217498779, 95.3300476074, 107.265365601, 142.222930908, 128.805679321, 106.464057922, 160.101608276, 210.897186279, 142.616394043, 68.1092453003, 33.6669273376], [404.073059082, -86.5124969482, 210.92729187, 174.476577759, 96.1306152344, 178.350204468, 131.082580566, 112.732398987, 143.466888428, 142.616394043, 220.863586426, 102.092193604, 32.8730392456], [54.1885185242, -56.769329071, 118.130096436, 86.7947387695, 50.0561637878, 49.3368721008, 56.4681015015, 74.8077697754, 68.7315826416, 68.1092453003, 102.092193604, 142.387069702, 60.2342796326], [44.4466323853, -88.6470031738, 13.3945522308, 10.3319835663, -10.7901239395, 14.9298992157, 4.99538087845, 37.9170951843, 44.6845474243, 33.6669273376, 32.8730392456, 60.2342796326, 115.224822998]],
