{
"lowlevel": {
    "average_loudness": 0.838750958443,
    "barkbands_crest": {
        "dmean": 3.77223801613,
        "dmean2": 5.94884777069,
        "dvar": 12.2270383835,
        "dvar2": 26.2046947479,
        "max": 26.83436203,
        "mean": 11.6718320847,
        "median": 10.4547252655,
        "min": 2.65083622932,
        "var": 29.5723724365
    },
    "barkbands_flatness_db": {
        "dmean": 0.0475865676999,
        "dmean2": 0.0690926387906,
        "dvar": 0.00240548583679,
        "dvar2": 0.00455723330379,
        "max": 0.909405112267,
        "mean": 0.187672317028,
        "median": 0.177369952202,
        "min": 0.0243905950338,
        "var": 0.00851504597813
    },
    "barkbands_kurtosis": {
        "dmean": 16.0630092621,
        "dmean2": 24.5718650818,
        "dvar": 8553.90820312,
        "dvar2": 19895.1425781,
        "max": 5159.33007812,
        "mean": 16.4772586823,
        "median": 2.11039233208,
        "min": -1.95406877995,
        "var": 8362.60546875
    },
    "barkbands_skewness": {
        "dmean": 1.17442882061,
        "dmean2": 1.69295823574,
        "dvar": 3.7725007534,
        "dvar2": 7.32870817184,
        "max": 68.6341323853,
        "mean": 1.98780322075,
        "median": 1.36888563633,
        "min": -5.23233604431,
        "var": 8.55637454987
    },
    "barkbands_spread": {
        "dmean": 8.54237270355,
        "dmean2": 13.7559041977,
        "dvar": 118.477165222,
        "dvar2": 281.45111084,
        "max": 123.956504822,
        "mean": 18.5587615967,
        "median": 14.2448101044,
        "min": 0.0624660626054,
        "var": 246.323699951
    },
    "dissonance": {
        "dmean": 0.0283131245524,
        "dmean2": 0.0476435087621,
        "dvar": 0.00107849494088,
        "dvar2": 0.00287149241194,
        "max": 0.500000059605,
        "mean": 0.456927597523,
        "median": 0.466296195984,
        "min": 0.118984252214,
        "var": 0.00156800285913
    },
    "dynamic_complexity": 4.33295154572,
    "erbbands_crest": {
        "dmean": 3.60771512985,
        "dmean2": 5.87133169174,
        "dvar": 12.761390686,
        "dvar2": 30.2496852875,
        "max": 32.9832420349,
        "mean": 10.1374464035,
        "median": 8.67357826233,
        "min": 2.28200364113,
        "var": 29.2014827728
    },
    "erbbands_flatness_db": {
        "dmean": 0.0364619195461,
        "dmean2": 0.0530929639935,
        "dvar": 0.00150304287672,
        "dvar2": 0.00302194687538,
        "max": 0.569236338139,
        "mean": 0.2000118047,
        "median": 0.182783916593,
        "min": 0.0279246214777,
        "var": 0.00870504882187
    },
    "erbbands_kurtosis": {
        "dmean": 2.11895990372,
        "dmean2": 3.43794870377,
        "dvar": 97.1037826538,
        "dvar2": 196.09336853,
        "max": 534.119262695,
        "mean": 1.44022369385,
        "median": 0.0519368648529,
        "min": -1.92390680313,
        "var": 126.711677551
    },
    "erbbands_skewness": {
        "dmean": 0.585350394249,
        "dmean2": 0.903184354305,
        "dvar": 0.4423417449,
        "dvar2": 0.969039678574,
        "max": 17.358915329,
        "mean": 0.335401982069,
        "median": 0.347016692162,
        "min": -7.87011814117,
        "var": 1.12934708595
    },
    "erbbands_spread": {
        "dmean": 11.9604578018,
        "dmean2": 18.5999603271,
        "dvar": 181.655334473,
        "dvar2": 398.019348145,
        "max": 209.358001709,
        "mean": 34.8765716553,
        "median": 29.3817405701,
        "min": 0.285307049751,
        "var": 539.324035645
    },
    "hfc": {
        "dmean": 13.1795921326,
        "dmean2": 21.1258945465,
        "dvar": 468.892700195,
        "dvar2": 1230.9251709,
        "max": 212.808151245,
        "mean": 16.0960655212,
        "median": 7.82955312729,
        "min": 1.07660931621e-16,
        "var": 507.716918945
    },
    "melbands_crest": {
        "dmean": 4.49912881851,
        "dmean2": 6.99102306366,
        "dvar": 17.9735660553,
        "dvar2": 36.9900817871,
        "max": 39.9764099121,
        "mean": 15.9969100952,
        "median": 14.4312648773,
        "min": 1.53248524666,
        "var": 57.9075431824
    },
    "melbands_flatness_db": {
        "dmean": 0.0545107536018,
        "dmean2": 0.0785172507167,
        "dvar": 0.00317966402508,
        "dvar2": 0.0059127942659,
        "max": 1,
        "mean": 0.24616907537,
        "median": 0.230998069048,
        "min": 0.00263851974159,
        "var": 0.0117956893519
    },
    "melbands_kurtosis": {
        "dmean": 35.4775238037,
        "dmean2": 55.2984085083,
        "dvar": 131321.03125,
        "dvar2": 329257.1875,
        "max": 20691.8671875,
        "mean": 40.1291885376,
        "median": 6.49847221375,
        "min": -1.89870941639,
        "var": 118409.671875
    },
    "melbands_skewness": {
        "dmean": 1.45917582512,
        "dmean2": 2.13236808777,
        "dvar": 9.97722053528,
        "dvar2": 20.7478637695,
        "max": 137.73248291,
        "mean": 3.06762599945,
        "median": 2.21865057945,
        "min": -5.76878929138,
        "var": 18.1280670166
    },
    "melbands_spread": {
        "dmean": 9.02108669281,
        "dmean2": 14.3071222305,
        "dvar": 135.368011475,
        "dvar2": 300.021392822,
        "max": 191.343475342,
        "mean": 21.3742179871,
        "median": 15.5608215332,
        "min": 0.030864873901,
        "var": 475.512939453
    },
    "pitch_salience": {
        "dmean": 0.116899341345,
        "dmean2": 0.185067787766,
        "dvar": 0.0125885596499,
        "dvar2": 0.0269075576216,
        "max": 0.964781880379,
        "mean": 0.524134933949,
        "median": 0.545295953751,
        "min": 0.0057320073247,
        "var": 0.0323230810463
    },
    "silence_rate_20dB": {
        "dmean": 0,
        "dmean2": 0,
        "dvar": 0,
        "dvar2": 0,
        "max": 1,
        "mean": 1,
        "median": 1,
        "min": 1,
        "var": 0
    },
    "silence_rate_30dB": {
        "dmean": 0.0594507865608,
        "dmean2": 0.118912793696,
        "dvar": 0.05591994524,
        "dvar2": 0.10723413527,
        "max": 1,
        "mean": 0.91026610136,
        "median": 1,
        "min": 0,
        "var": 0.0816851630807
    },
    "silence_rate_60dB": {
        "dmean": 0.100217044353,
        "dmean2": 0.200452998281,
        "dvar": 0.0901880338788,
        "dvar2": 0.191025331616,
        "max": 1,
        "mean": 0.232213631272,
        "median": 0,
        "min": 0,
        "var": 0.178300172091
    },
    "spectral_centroid": {
        "dmean": 333.941558838,
        "dmean2": 521.05078125,
        "dvar": 145305.09375,
        "dvar2": 313419.96875,
        "max": 11721.8730469,
        "mean": 1315.10168457,
        "median": 1093.58813477,
        "min": 36.3755683899,
        "var": 1341814.125
    },
    "spectral_complexity": {
        "dmean": 5.13692569733,
        "dmean2": 7.96923351288,
        "dvar": 35.1199531555,
        "dvar2": 82.532699585,
        "max": 58,
        "mean": 12.2089071274,
        "median": 10,
        "min": 0,
        "var": 92.4544830322
    },
    "spectral_decrease": {
        "dmean": 5.34757615966e-09,
        "dmean2": 7.47629513853e-09,
        "dvar": 9.94635452805e-17,
        "dvar2": 1.53061368198e-16,
        "max": 2.10630459852e-28,
        "mean": -8.5774782832e-09,
        "median": -3.46210793367e-09,
        "min": -8.17431953237e-08,
        "var": 2.10314058873e-16
    },
    "spectral_energy": {
        "dmean": 0.0210365559906,
        "dmean2": 0.0294703263789,
        "dvar": 0.00144692894537,
        "dvar2": 0.00223187170923,
        "max": 0.311265617609,
        "mean": 0.0338331311941,
        "median": 0.0143375014886,
        "min": 9.81641324649e-21,
        "var": 0.00309779332019
    },
    "spectral_energyband_high": {
        "dmean": 0.000742160133086,
        "dmean2": 0.00127942604013,
        "dvar": 2.73521072813e-06,
        "dvar2": 7.22070672055e-06,
        "max": 0.0144371688366,
        "mean": 0.000613823358435,
        "median": 6.95242197253e-05,
        "min": 7.01783101306e-21,
        "var": 2.17108754441e-06
    },
    "spectral_energyband_low": {
        "dmean": 0.0153165617958,
        "dmean2": 0.0212028585374,
        "dvar": 0.00143068050966,
        "dvar2": 0.00233667809516,
        "max": 0.293502420187,
        "mean": 0.0209306031466,
        "median": 0.00114476750605,
        "min": 1.41119138008e-23,
        "var": 0.00251509877853
    },
    "spectral_energyband_middle_high": {
        "dmean": 0.00262952549383,
        "dmean2": 0.00416794233024,
        "dvar": 2.19425983232e-05,
        "dvar2": 5.59188993066e-05,
        "max": 0.0865856409073,
        "mean": 0.00365334865637,
        "median": 0.00154161639512,
        "min": 1.22870349268e-21,
        "var": 2.96840207739e-05
    },
    "spectral_energyband_middle_low": {
        "dmean": 0.00910286977887,
        "dmean2": 0.0158738326281,
        "dvar": 0.000380724581191,
        "dvar2": 0.00106544408482,
        "max": 0.165947064757,
        "mean": 0.00993549637496,
        "median": 0.00448826979846,
        "min": 1.58090300248e-22,
        "var": 0.000294521538308
    },
    "spectral_entropy": {
        "dmean": 0.348516911268,
        "dmean2": 0.525389313698,
        "dvar": 0.152240097523,
        "dvar2": 0.329556792974,
        "max": 9.82588291168,
        "mean": 7.39821863174,
        "median": 7.41313314438,
        "min": 3.21030688286,
        "var": 0.443586140871
    },
    "spectral_flux": {
        "dmean": 0.0516128018498,
        "dmean2": 0.0747113749385,
        "dvar": 0.00396495871246,
        "dvar2": 0.00693304091692,
        "max": 0.58869856596,
        "mean": 0.106393963099,
        "median": 0.0752998441458,
        "min": 6.24619453382e-11,
        "var": 0.0111989146098
    },
    "spectral_kurtosis": {
        "dmean": 4.6192445755,
        "dmean2": 7.56373214722,
        "dvar": 50.6514816284,
        "dvar2": 130.450363159,
        "max": 95.3610687256,
        "mean": 7.77529239655,
        "median": 4.75678539276,
        "min": -1.26599574089,
        "var": 87.7365875244
    },
    "spectral_rms": {
        "dmean": 0.00156518700533,
        "dmean2": 0.00216132891364,
        "dvar": 3.8834004954e-06,
        "dvar2": 6.06956518823e-06,
        "max": 0.017426237464,
        "mean": 0.00443429080769,
        "median": 0.00374002754688,
        "min": 3.09467100383e-12,
        "var": 1.3345127627e-05
    },
    "spectral_rolloff": {
        "dmean": 725.702331543,
        "dmean2": 1246.08349609,
        "dvar": 2048378.75,
        "dvar2": 5060013.5,
        "max": 19509.0820312,
        "mean": 1629.80053711,
        "median": 1141.25976562,
        "min": 21.533203125,
        "var": 5879482.5
    },
    "spectral_skewness": {
        "dmean": 0.487288713455,
        "dmean2": 0.779003798962,
        "dvar": 0.322458356619,
        "dvar2": 0.824540674686,
        "max": 8.14143753052,
        "mean": 1.81962788105,
        "median": 1.67307043076,
        "min": -0.180406585336,
        "var": 0.749176383018
    },
    "spectral_spread": {
        "dmean": 1018178.0625,
        "dmean2": 1524722.5,
        "dvar": 1.91075804774e+12,
        "dvar2": 4.00440190566e+12,
        "max": 42378684,
        "mean": 4633808,
        "median": 3792634,
        "min": 628382.5,
        "var": 1.76678953288e+13
    },
    "spectral_strongpeak": {
        "dmean": 0.51980304718,
        "dmean2": 0.845679700375,
        "dvar": 0.843429088593,
        "dvar2": 2.11035728455,
        "max": 11.9355449677,
        "mean": 0.748264431953,
        "median": 0.415775805712,
        "min": 0,
        "var": 1.08263456821
    },
    "zerocrossingrate": {
        "dmean": 0.0147974975407,
        "dmean2": 0.0182029008865,
        "dvar": 0.000332288036589,
        "dvar2": 0.000443569530034,
        "max": 0.85986328125,
        "mean": 0.0613822713494,
        "median": 0.0498046875,
        "min": 0,
        "var": 0.0038326960057
    },
    "barkbands": {
        "dmean": [0.00114875251893, 0.0131135173142, 0.00556342350319, 0.00326125416905, 0.00269619026221, 0.00150838878471, 0.00125046551693, 0.000739473325666, 0.000848242256325, 0.000384361745091, 0.0006030924269, 0.000422079727286, 0.00034805337782, 0.000444117555162, 0.000558772764634, 0.000295283447485, 0.00016467703972, 0.00011209375225, 0.000127331892145, 0.000109756882011, 0.000101028148492, 9.33924384299e-05, 8.16965039121e-05, 8.755048475e-05, 0.000130138694658, 0.000192696141312, 2.17938668357e-05],
        "dmean2": [0.00178306770977, 0.0196393467486, 0.0103230141103, 0.00610799342394, 0.0047538401559, 0.00257160374895, 0.00215209252201, 0.00124047277495, 0.0014120665146, 0.000620531325694, 0.000994474277832, 0.000696032482665, 0.000551489938516, 0.000747705460526, 0.000926945416722, 0.000486374658067, 0.000279969506664, 0.000191425351659, 0.000224268515012, 0.000191484272364, 0.000174863744178, 0.000159174000146, 0.000143276454764, 0.000151862215716, 0.000228492644965, 0.000342904764693, 3.90503446397e-05],
        "dvar": [1.04830651253e-05, 0.00138707167935, 0.000379424425773, 0.000113265072287, 4.76069617434e-05, 6.85630038788e-06, 6.05490686212e-06, 2.58642558038e-06, 8.0230374806e-06, 1.01092359728e-06, 5.34332320967e-06, 2.07357356885e-06, 1.19270225696e-06, 1.55524730872e-06, 3.77454284717e-06, 1.0833603028e-06, 9.59049231142e-08, 5.80232786263e-08, 7.97240531369e-08, 7.38692875757e-08, 5.54501866645e-08, 4.21329140465e-08, 4.29541771041e-08, 4.17347401083e-08, 1.11572873607e-07, 3.0059038636e-07, 5.14159381737e-09],
        "dvar2": [2.26307147386e-05, 0.00278793275356, 0.00108614889905, 0.000326786335791, 0.000132844565087, 1.80559527507e-05, 1.57167887664e-05, 7.11497523298e-06, 2.1142879632e-05, 2.44921147896e-06, 1.45898129631e-05, 5.21501624462e-06, 2.73421869679e-06, 4.03922604164e-06, 1.01768473542e-05, 2.81953452941e-06, 2.41273426127e-07, 1.54082457016e-07, 2.20017440711e-07, 2.05112215212e-07, 1.50304089175e-07, 1.08810709776e-07, 1.17409314271e-07, 1.0937949213e-07, 2.97131975913e-07, 8.18899195565e-07, 1.41023663858e-08],
        "max": [0.0350245833397, 0.278971016407, 0.155715286732, 0.0901415199041, 0.0570389404893, 0.0287985708565, 0.0395894534886, 0.0316170714796, 0.0742616131902, 0.0234037600458, 0.054379530251, 0.0319887436926, 0.03068854101, 0.03562560305, 0.0774621814489, 0.030558437109, 0.00802490208298, 0.00432274211198, 0.00378576363437, 0.00364700588398, 0.00313022895716, 0.00196136068553, 0.00269815535285, 0.00181580067147, 0.00292102643289, 0.00613405182958, 0.000946616288275],
        "mean": [0.0012504105689, 0.0143763851374, 0.00412038108334, 0.00224242801778, 0.00226541305892, 0.0018822317943, 0.00140059820842, 0.000855661928654, 0.00103828276042, 0.000476015091408, 0.000630539783742, 0.000438783783466, 0.00040955163422, 0.000437339709606, 0.000589598726947, 0.000320247432683, 0.000192535415408, 0.000123769292259, 0.000122097757412, 0.000105323138996, 9.1301248176e-05, 8.21569628897e-05, 6.30276917946e-05, 6.75512565067e-05, 9.70357214101e-05, 0.000139102718094, 1.52516959133e-05],
        "median": [3.73475559172e-05, 0.000157115078764, 0.000190369260963, 0.000137807684951, 0.000498837209307, 0.000594083743636, 0.000462383701233, 0.000349619484041, 0.000239651169977, 0.000111149754957, 0.000107461062726, 9.60622783168e-05, 6.43925595796e-05, 9.59109893302e-05, 8.95148114068e-05, 5.96748177486e-05, 5.27519150637e-05, 4.32634551544e-05, 3.66454260075e-05, 2.57282335951e-05, 1.63796103152e-05, 1.02910871647e-05, 5.24741699337e-06, 3.62685545952e-06, 1.88963952041e-06, 7.26023358766e-07, 1.6015428983e-08],
        "min": [5.20439346521e-25, 1.65493314926e-24, 7.21471624228e-25, 2.10474558172e-24, 6.66553228348e-24, 4.98844634228e-24, 3.82258368286e-24, 1.36425873162e-23, 1.28683006162e-23, 1.44525881159e-23, 1.27842719414e-23, 1.91575770134e-23, 2.86904325162e-23, 2.0783539246e-23, 3.44363249559e-23, 5.67155460559e-23, 6.41119059032e-23, 1.26439294843e-22, 1.38004260771e-22, 1.6578436989e-22, 2.48414671948e-22, 2.61221002018e-22, 4.39391081343e-22, 5.73229146793e-22, 8.45653639739e-22, 1.40559493576e-21, 1.81568870759e-21],
        "var": [1.1954841284e-05, 0.00169186340645, 0.000223822629778, 6.70079461997e-05, 3.28999449266e-05, 8.10834444565e-06, 6.29703572486e-06, 2.49853360401e-06, 1.00689267128e-05, 1.16709020404e-06, 4.29002193414e-06, 1.85007945674e-06, 1.56320061251e-06, 1.40998133702e-06, 3.5743682929e-06, 1.0948211866e-06, 1.39947630373e-07, 5.82714285713e-08, 6.13853501363e-08, 5.47379777061e-08, 4.35525251419e-08, 3.70223816049e-08, 2.98268361121e-08, 3.24317745992e-08, 8.39100593453e-08, 2.10659791833e-07, 3.43031025807e-09]
    },
    "erbbands": {
        "dmean": [0.453789651394, 3.01003241539, 5.92873811722, 9.52878379822, 9.53769302368, 9.00818347931, 9.40136051178, 13.4371786118, 16.6085700989, 18.5025119781, 16.3762454987, 21.1749134064, 14.4899215698, 14.6656265259, 22.5678520203, 17.692522049, 16.1498737335, 22.1631393433, 21.4040145874, 24.0875015259, 14.75182724, 8.44130516052, 5.78312492371, 7.64854717255, 5.15743350983, 5.30510044098, 4.18691396713, 3.88677144051, 3.41418623924, 2.79533600807, 2.27915096283, 1.91975235939, 1.45204651356, 1.25557470322, 1.03906178474, 0.774744689465, 0.372943758965, 0.0678867176175, 0.00329465512186, 8.12634971226e-05],
        "dmean2": [0.666208744049, 4.72792816162, 10.4853067398, 17.7063827515, 17.3310852051, 15.8674602509, 16.0555515289, 23.177438736, 28.6248340607, 31.372095108, 27.1680088043, 35.6789588928, 23.5424213409, 23.6516971588, 38.0260543823, 28.9298496246, 25.4416408539, 36.5676574707, 35.4266319275, 39.4819374084, 24.602394104, 14.2642421722, 9.73809146881, 13.4567499161, 9.0640745163, 9.26601982117, 7.18161201477, 6.76258277893, 5.84906864166, 4.81391000748, 4.00279331207, 3.31790232658, 2.53455471992, 2.20127797127, 1.83080565929, 1.37497389317, 0.664905369282, 0.12145832181, 0.00586521113291, 0.000132894303533],
        "dvar": [1.63225769997, 80.5847702026, 384.748168945, 1029.87878418, 807.144592285, 519.691101074, 291.286682129, 636.746337891, 1009.6696167, 1458.40063477, 1255.55688477, 6778.0390625, 1624.51220703, 1546.02429199, 9857.18261719, 3895.64526367, 2195.125, 3651.79614258, 3382.76806641, 5088.6328125, 2123.81665039, 228.457061768, 135.859054565, 248.456497192, 165.346069336, 192.226745605, 82.5185394287, 92.3456497192, 56.7465667725, 41.5118293762, 34.7228546143, 20.6151771545, 12.3161211014, 10.1311264038, 7.70412635803, 4.49350786209, 1.22140312195, 0.0466062799096, 0.000119797048683, 4.01459097077e-08],
        "dvar2": [3.13331604004, 185.623092651, 1047.05615234, 2966.90942383, 2271.98071289, 1447.71459961, 778.112304688, 1694.36755371, 2708.17749023, 3802.79907227, 3363.69580078, 18090.7734375, 4008.72070312, 4024.60058594, 27251.8867188, 9503.95996094, 5050.87304688, 9379.09960938, 9033.98339844, 13425.4453125, 5682.45996094, 583.99432373, 359.886474609, 679.373840332, 459.881591797, 535.191955566, 220.800094604, 252.061233521, 146.905441284, 109.432319641, 95.1140670776, 54.2999534607, 32.6428489685, 26.8885612488, 20.6943130493, 12.1266813278, 3.34636378288, 0.128576904535, 0.000325261760736, 1.07112818171e-07],
        "max": [9.77326011658, 68.4165725708, 158.477279663, 268.901611328, 242.388000488, 229.835968018, 195.031173706, 341.02130127, 443.673950195, 583.871643066, 662.699157715, 2088.80053711, 965.511901855, 870.304626465, 2553.43432617, 1622.63049316, 1219.22937012, 1797.58166504, 2009.67004395, 2306.48852539, 1316.86828613, 317.235351562, 196.542022705, 206.039138794, 164.592193604, 178.110458374, 99.6969146729, 132.530303955, 75.9932174683, 77.0372848511, 66.4246520996, 46.1122512817, 33.8488197327, 35.1225318909, 29.0336494446, 21.5964851379, 14.1928443909, 2.79237937927, 0.215723738074, 0.00253679719754],
        "mean": [0.506749153137, 2.83469772339, 4.81991291046, 6.93701791763, 7.01725482941, 7.67444467545, 10.8493766785, 15.6739845276, 19.2315921783, 20.7436923981, 20.8518638611, 25.482624054, 17.6580371857, 17.9101028442, 22.4229507446, 19.3189258575, 19.688337326, 23.4858589172, 23.964056015, 26.8694210052, 16.1167488098, 10.374294281, 6.88667297363, 7.51910591125, 4.98853302002, 4.99942731857, 3.97761654854, 3.39375305176, 3.00847601891, 2.32359528542, 1.73971021175, 1.48450314999, 1.09914028645, 0.948604345322, 0.765910744667, 0.558416485786, 0.268364936113, 0.0486276037991, 0.0023723768536, 8.37504194351e-05],
        "median": [0.00459565687925, 0.0487634092569, 0.2375536412, 0.561312973499, 0.752235770226, 1.69804382324, 3.30552244186, 4.4122877121, 6.64947319031, 7.59939861298, 7.64587688446, 5.75161647797, 4.28222370148, 3.94308376312, 4.14369869232, 4.35653972626, 4.03305244446, 5.58961963654, 6.02419424057, 4.92170190811, 3.58919501305, 3.22391319275, 2.5565135479, 2.45053648949, 1.41610002518, 1.19104504585, 0.878429114819, 0.564261555672, 0.388287603855, 0.247344940901, 0.141400277615, 0.0909166932106, 0.0509417057037, 0.0257527865469, 0.0110343182459, 0.00411931797862, 0.00103083159775, 0.000126414044644, 2.01713228307e-05, 2.2891566914e-05],
        "min": [5.97516760426e-23, 4.53830290378e-22, 2.09411677281e-21, 7.37783552527e-21, 1.52748270513e-20, 2.01493119282e-20, 4.01932164895e-20, 5.35672244984e-20, 9.03161804707e-20, 2.32427231424e-19, 2.02660064331e-19, 3.54779005495e-19, 4.74444484677e-19, 6.60889805675e-19, 1.15777420111e-18, 1.12990555569e-18, 1.50022469996e-18, 1.21540159964e-18, 2.12000145784e-18, 2.75707776765e-18, 3.4580785952e-18, 4.46619586777e-18, 6.76809268794e-18, 6.30019632009e-18, 6.53331897777e-18, 7.92418926337e-18, 9.62195100085e-18, 9.19962235859e-18, 9.07551631538e-18, 1.0013786457e-17, 1.16023016238e-17, 9.22090240703e-18, 1.10864660036e-17, 8.8524629273e-18, 6.7697669015e-18, 4.27094443367e-18, 2.48623712161e-18, 9.88309295421e-19, 2.32058877557e-19, 2.7371807135e-20],
        "var": [2.09039330482, 78.1742095947, 260.307800293, 605.151611328, 520.165527344, 363.934906006, 306.838562012, 682.479309082, 1037.51806641, 1443.74938965, 1453.91162109, 8121.60546875, 1805.28491211, 1990.97375488, 7276.98339844, 3696.15356445, 2895.61376953, 3436.76953125, 3371.29760742, 5661.75195312, 1946.74487305, 334.866760254, 155.142700195, 204.22718811, 121.036056519, 137.954986572, 69.2577590942, 68.4385604858, 49.9231643677, 33.0585708618, 23.7928352356, 15.8118782043, 9.29075145721, 7.63437509537, 5.67529344559, 3.24113750458, 0.839793324471, 0.0312910117209, 8.22512156446e-05, 3.32681509008e-08]
    },
    "gfcc": {
        "mean": [-93.6538467407, 96.6259231567, -133.05015564, 14.1777915955, -54.1639175415, 1.01034021378, -34.7098808289, 2.04925847054, -14.7467136383, 6.4362578392, -10.6237955093, -2.18287873268, -7.80071258545],
        "cov": [[31473.3847656, 203.849090576, 2308.48876953, 1135.38891602, -831.427368164, 814.80645752, -1091.50085449, 747.77331543, -850.980163574, 449.256713867, -753.578308105, 454.33996582, -639.751220703], [203.849090576, 2864.4921875, -927.452697754, -182.043655396, 162.503204346, -521.620361328, 220.093826294, -221.452209473, 233.949966431, -381.141265869, 219.057159424, -292.506713867, 191.811737061], [2308.48876953, -927.452697754, 4044.83496094, 1102.76159668, 840.915283203, 1040.15112305, 18.0423908234, 581.848693848, -276.338104248, 409.793914795, -354.477966309, 311.896820068, -265.120697021], [1135.38891602, -182.043655396, 1102.76159668, 1232.57751465, 171.606674194, 457.343505859, 66.5648651123, 133.654083252, -15.5478172302, 44.0108261108, -31.4958324432, 22.1411876678, -8.29850578308], [-831.427368164, 162.503204346, 840.915283203, 171.606674194, 919.050292969, 382.114807129, 180.465530396, 218.408065796, 90.0358810425, 128.500335693, -23.845741272, 88.9619903564, 17.080286026], [814.80645752, -521.620361328, 1040.15112305, 457.343505859, 382.114807129, 812.180603027, 120.918800354, 232.515777588, -34.4911193848, 201.691390991, -52.9933815002, 79.3848648071, -87.1233139038], [-1091.50085449, 220.093826294, 18.0423908234, 66.5648651123, 180.465530396, 120.918800354, 360.509979248, 62.7504844666, 110.098709106, 6.74742794037, 84.7827606201, -19.3835144043, 54.1325492859], [747.77331543, -221.452209473, 581.848693848, 133.654083252, 218.408065796, 232.515777588, 62.7504844666, 277.607696533, 29.038433075, 135.16746521, -38.8646774292, 105.721351624, -18.6349468231], [-850.980163574, 233.949966431, -276.338104248, -15.5478172302, 90.0358810425, -34.4911193848, 110.098709106, 29.038433075, 249.246459961, 36.4750671387, 107.25718689, -40.4001235962, 82.0738677979], [449.256713867, -381.141265869, 409.793914795, 44.0108261108, 128.500335693, 201.691390991, 6.74742794037, 135.16746521, 36.4750671387, 258.717193604, 4.27793550491, 102.338500977, -37.3176841736], [-753.578308105, 219.057159424, -354.477966309, -31.4958324432, -23.845741272, -52.9933815002, 84.7827606201, -38.8646774292, 107.25718689, 4.27793550491, 215.849914551, 1.02257525921, 66.6720581055], [454.33996582, -292.506713867, 311.896820068, 22.1411876678, 88.9619903564, 79.3848648071, -19.3835144043, 105.721351624, -40.4001235962, 102.338500977, 1.02257525921, 185.661636353, 28.5704879761], [-639.751220703, 191.811737061, -265.120697021, -8.29850578308, 17.080286026, -87.1233139038, 54.1325492859, -18.6349468231, 82.0738677979, -37.3176841736, 66.6720581055, 28.5704879761, 160.402618408]],
        "icov": [[7.08808802301e-05, -0.000149504820001, 6.42765953671e-05, -8.74210018083e-05, 0.000161423959071, -0.000116843628348, 0.000176172310603, -0.000235710380366, 0.000107185274828, -0.000159353076015, 0.000240821595071, -0.00031137210317, 0.000259151653154], [-0.000149504820001, 0.000992715591565, -0.000230833640671, 0.000227252472541, -0.000694501795806, 0.000654516625218, -0.000462727504782, 0.000365563319065, -0.000215863401536, 0.000941148842685, -0.00114866334479, 0.00168426788878, -0.00101821811404], [6.42765953671e-05, -0.000230833640671, 0.000846453302074, -0.000580564606935, -0.000192529303604, -0.000249796401476, 0.000119163902127, -0.000745569413994, 0.000645260908641, -0.000622648571152, 0.000895540812053, -0.000908857851755, 0.000974031921942], [-8.74210018083e-05, 0.000227252472541, -0.000580564606935, 0.00150184391532, 0.000109825115942, -0.00050338980509, -8.66912814672e-05, 0.000374873168766, -0.00046287238365, 0.00084032479208, -0.000716017617378, 0.000925171480048, -0.00114944390953], [0.000161423959071, -0.000694501795806, -0.000192529303604, 0.000109825115942, 0.00239541078918, -0.00106539099943, -3.18902129948e-06, -0.000613354379311, -0.000798996014055, -0.000258699670667, 0.00114184839185, -0.00162456440739, 0.00042124374886], [-0.000116843628348, 0.000654516625218, -0.000249796401476, -0.00050338980509, -0.00106539099943, 0.00315274694003, -0.000985700055026, -0.000505773874465, 0.000894571887329, -0.000849630043376, -0.000990788103081, 0.00183718057815, -0.000158654205734], [0.000176172310603, -0.000462727504782, 0.000119163902127, -8.66912814672e-05, -3.18902129948e-06, -0.000985700055026, 0.00455149402842, -0.00156056531705, -0.000342837738572, 0.000201634757104, -0.000782627961598, 0.00030314057949, -0.000310284696752], [-0.000235710380366, 0.000365563319065, -0.000745569413994, 0.000374873168766, -0.000613354379311, -0.000505773874465, -0.00156056531705, 0.00897339917719, -0.00332919508219, -0.000113702255476, 0.00118558586109, -0.00314945774153, 0.000514769286383], [0.000107185274828, -0.000215863401536, 0.000645260908641, -0.00046287238365, -0.000798996014055, 0.000894571887329, -0.000342837738572, -0.00332919508219, 0.0100045325235, -0.00400869175792, -0.00244814087637, 0.00523531017825, -0.00393850309774], [-0.000159353076015, 0.000941148842685, -0.000622648571152, 0.00084032479208, -0.000258699670667, -0.000849630043376, 0.000201634757104, -0.000113702255476, -0.00400869175792, 0.00926194060594, -0.00158033275511, -0.00290325144306, 0.00211806572042], [0.000240821595071, -0.00114866334479, 0.000895540812053, -0.000716017617378, 0.00114184839185, -0.000990788103081, -0.000782627961598, 0.00118558586109, -0.00244814087637, -0.00158033275511, 0.00925211049616, -0.00462366081774, 0.00138220749795], [-0.00031137210317, 0.00168426788878, -0.000908857851755, 0.000925171480048, -0.00162456440739, 0.00183718057815, 0.00030314057949, -0.00314945774153, 0.00523531017825, -0.00290325144306, -0.00462366081774, 0.0160788819194, -0.00830391887575], [0.000259151653154, -0.00101821811404, 0.000974031921942, -0.00114944390953, 0.00042124374886, -0.000158654205734, -0.000310284696752, 0.000514769286383, -0.00393850309774, 0.00211806572042, 0.00138220749795, -0.00830391887575, 0.013482009992]]
    },
    "melbands": {
        "dmean": [0.00371748884209, 0.00314330775291, 0.00165667012334, 0.000649571011309, 0.000336869299645, 0.000300771149341, 0.000258363492321, 0.000189920610865, 0.000140092975926, 0.000130168045871, 6.94868649589e-05, 5.44129652553e-05, 7.62633644626e-05, 5.21528781974e-05, 3.60922786058e-05, 4.0399365389e-05, 4.51515043096e-05, 3.03571905533e-05, 5.06166616105e-05, 2.37054846366e-05, 1.62331070896e-05, 1.01824907688e-05, 5.21983793078e-06, 5.34238188266e-06, 6.60125670038e-06, 4.29862666351e-06, 3.43854981111e-06, 3.61151046491e-06, 2.71017074738e-06, 2.5159336019e-06, 2.15918521462e-06, 1.99523287847e-06, 1.776726549e-06, 1.48682704548e-06, 1.35184961891e-06, 1.18959803785e-06, 1.18920536352e-06, 9.92098080133e-07, 1.04499235931e-06, 1.06076890916e-06],
        "dmean2": [0.00548702990636, 0.00501764286309, 0.003063544631, 0.00115662429016, 0.000578169128858, 0.000516193918884, 0.000443583296146, 0.000321070605423, 0.000230183752137, 0.000219796958845, 0.000113146212243, 8.8178232545e-05, 0.000127615770907, 8.64398607519e-05, 5.90949966863e-05, 6.30824579275e-05, 7.56523004384e-05, 5.09231358592e-05, 8.38432315504e-05, 3.84386803489e-05, 2.77538747468e-05, 1.72673553607e-05, 8.70219082572e-06, 9.20697857509e-06, 1.16501760203e-05, 7.61335195421e-06, 6.02914269621e-06, 6.31115153737e-06, 4.68004736831e-06, 4.36871414422e-06, 3.78826757697e-06, 3.43642841472e-06, 3.04142281493e-06, 2.59345938503e-06, 2.38645179707e-06, 2.09742120205e-06, 2.05116430152e-06, 1.73470675691e-06, 1.82919905001e-06, 1.86520867373e-06],
        "dvar": [0.000108136897325, 8.49118659971e-05, 2.88400424324e-05, 3.14475460073e-06, 4.15663549802e-07, 3.00707540646e-07, 2.38094486349e-07, 1.58032108288e-07, 9.72127693899e-08, 2.67632259465e-07, 3.92799321958e-08, 2.04138590476e-08, 1.0976496867e-07, 3.96976638228e-08, 1.17154099755e-08, 2.00188683408e-08, 1.83957098443e-08, 5.81679326928e-09, 3.69137254097e-08, 6.66185551168e-09, 2.09291073361e-09, 3.43454348295e-10, 1.30188360092e-10, 1.35960923076e-10, 1.81974338376e-10, 1.21961454824e-10, 7.85443862727e-11, 8.49885647969e-11, 3.47849388183e-11, 3.22676746434e-11, 3.08609179878e-11, 2.02631314505e-11, 1.54534995911e-11, 1.31597649444e-11, 1.22900196964e-11, 1.05398953454e-11, 8.89751987365e-12, 6.00993560473e-12, 6.96593997762e-12, 7.46890570225e-12],
        "dvar2": [0.000203281917493, 0.000201502130949, 8.26570030767e-05, 8.80071183929e-06, 1.12637781058e-06, 7.98628548182e-07, 6.29827525245e-07, 4.1758619318e-07, 2.59192290741e-07, 7.18959086043e-07, 9.69850191268e-08, 5.31117620994e-08, 3.03432898363e-07, 1.03470590318e-07, 2.98002564847e-08, 4.49427659532e-08, 4.76911310443e-08, 1.51059253994e-08, 9.96160380851e-08, 1.68295137826e-08, 5.62650237512e-09, 8.72189376278e-10, 3.08745362609e-10, 3.75288411458e-10, 4.98050489739e-10, 3.39907407776e-10, 2.19784621058e-10, 2.35100161561e-10, 9.35551566772e-11, 8.72471261903e-11, 8.47807171689e-11, 5.25002610829e-11, 3.96373663059e-11, 3.53931224606e-11, 3.37165018127e-11, 2.9075021904e-11, 2.29002858343e-11, 1.59610328426e-11, 1.85951167658e-11, 1.98680186886e-11],
        "max": [0.079569272697, 0.0706544294953, 0.0425806678832, 0.0149391079322, 0.00670270901173, 0.00683039566502, 0.00761637603864, 0.00731485709548, 0.00677582668141, 0.014214290306, 0.00475201522931, 0.00321624940261, 0.00778123689815, 0.0037789628841, 0.00388010265306, 0.00413631554693, 0.00409513292834, 0.00161455990747, 0.00772116472945, 0.00228113750927, 0.00113518571015, 0.000428202474723, 0.000388166488847, 0.000176439367351, 0.000175726469024, 0.000172892061528, 0.000116904986498, 0.000119604163046, 7.51677216613e-05, 7.33401175239e-05, 8.74001198099e-05, 5.1690487453e-05, 3.87055588362e-05, 5.05634525325e-05, 4.20912692789e-05, 3.98015727114e-05, 4.7606696171e-05, 2.53108355537e-05, 2.92037475447e-05, 2.78573152173e-05],
        "mean": [0.00428392970935, 0.00300994724967, 0.0012173098512, 0.000512354017701, 0.000372802984202, 0.000362930557458, 0.000299811799778, 0.000212769227801, 0.000178517278982, 0.000153529137606, 8.17514228402e-05, 6.59623547108e-05, 7.62638082961e-05, 5.27140764461e-05, 4.03202138841e-05, 4.73848485854e-05, 4.44361103291e-05, 3.23953936459e-05, 5.2815204981e-05, 2.66331189778e-05, 1.64806424436e-05, 1.20371141747e-05, 6.27434701528e-06, 5.7439556258e-06, 6.27958661426e-06, 3.97144140152e-06, 3.2860993997e-06, 3.33921411766e-06, 2.55639315583e-06, 2.25087615036e-06, 1.81981761216e-06, 1.76364449089e-06, 1.50156881773e-06, 1.19972651191e-06, 1.02115393474e-06, 8.93488277143e-07, 9.21909247609e-07, 7.43834448258e-07, 7.85787449331e-07, 7.98836424565e-07],
        "median": [5.28805176145e-05, 0.00013878068421, 0.000118342999485, 9.13303083507e-05, 0.000118553871289, 0.000107681014924, 0.000104975188151, 7.95663218014e-05, 5.80893865845e-05, 3.17037738569e-05, 1.85675835382e-05, 1.30200778585e-05, 1.34424117277e-05, 1.01212453956e-05, 1.05937369881e-05, 5.95922347202e-06, 9.57533484325e-06, 8.21470712253e-06, 6.87273723088e-06, 4.95929680255e-06, 3.24640723193e-06, 3.21436027662e-06, 2.14029500967e-06, 2.09429481401e-06, 1.89640832104e-06, 1.06596417027e-06, 7.22849222257e-07, 7.54936763769e-07, 5.97719690631e-07, 3.78881622964e-07, 2.93758830594e-07, 2.25098517603e-07, 1.59081736228e-07, 1.12139531439e-07, 8.01809250106e-08, 6.39517665491e-08, 4.87388192028e-08, 3.32368372824e-08, 2.7423727289e-08, 1.87169941768e-08],
        "min": [8.12783851729e-25, 1.58015939064e-24, 1.51039046142e-24, 1.67815149507e-24, 1.57196105507e-24, 1.36638518507e-24, 1.24397961056e-24, 1.82433077347e-24, 1.4273506238e-24, 2.17479445796e-24, 2.47994459154e-24, 2.34450683766e-24, 2.23939072761e-24, 2.86210017125e-24, 3.14037302494e-24, 3.3209324393e-24, 1.15848010464e-24, 3.48422901327e-24, 3.01605525159e-24, 4.2723803381e-24, 3.61870021532e-24, 3.58856139001e-24, 3.8061244945e-24, 5.37660258968e-24, 3.61014265222e-24, 4.35415563169e-24, 4.60691179332e-24, 4.28468538493e-24, 5.00418214519e-24, 4.89524360962e-24, 4.79178568519e-24, 4.43191443998e-24, 4.28644375589e-24, 4.97277483154e-24, 5.19090709918e-24, 5.82154577821e-24, 5.14544346749e-24, 6.84349299282e-24, 6.73154574176e-24, 6.27339268294e-24],
        "var": [0.000143546640174, 7.89726327639e-05, 1.72578056663e-05, 2.10175085158e-06, 3.91913857811e-07, 3.36231209985e-07, 2.50862086659e-07, 1.52035028123e-07, 1.18286976658e-07, 3.10608072596e-07, 4.1738069001e-08, 2.72600022555e-08, 8.0784985812e-08, 3.1982491322e-08, 1.13504343702e-08, 2.64777302306e-08, 1.6258715263e-08, 6.17239237499e-09, 3.48923911986e-08, 7.63011254179e-09, 1.88515447697e-09, 5.03520725115e-10, 1.86862525453e-10, 1.1686390744e-10, 1.49346507383e-10, 8.69771962786e-11, 5.77569519988e-11, 6.18573456346e-11, 2.88308734525e-11, 2.58988178126e-11, 2.184322688e-11, 1.78554324104e-11, 1.33709527825e-11, 9.7649822256e-12, 8.3576201515e-12, 7.0323152683e-12, 7.19574486802e-12, 4.49535851252e-12, 5.17931747837e-12, 5.58481256033e-12]
    },
    "mfcc": {
        "mean": [-721.891418457, 127.276359558, -16.8641586304, 12.7810640335, -2.38643288612, 0.113584846258, -7.73340940475, -5.62528657913, -1.82414424419, 2.92959547043, 1.87879693508, 0.540666282177, 0.795573890209],
        "cov": [[14970.3125, 1070.84094238, 1524.05664062, 935.641235352, 255.077377319, 124.033950806, -31.6191997528, 80.0911712646, 44.5614585876, -158.431106567, -206.078826904, -3.50926852226, 24.1172599792], [1070.84094238, 2383.02124023, -259.617370605, 118.277801514, 116.875930786, -143.960800171, -9.5846824646, 54.5671463013, 44.2503967285, 1.27698624134, -20.2865905762, 11.429517746, -16.5392112732], [1524.05664062, -259.617370605, 1979.89587402, 715.550048828, 606.796691895, 527.22277832, 394.259918213, 221.390258789, 207.210693359, 97.4134750366, 69.8416213989, 52.7263031006, 23.2774333954], [935.641235352, 118.277801514, 715.550048828, 885.913574219, 320.96887207, 269.920196533, 168.809799194, 151.453292847, 127.501014709, 45.1566581726, 6.6638841629, 23.7609920502, 29.3768959045], [255.077377319, 116.875930786, 606.796691895, 320.96887207, 742.560791016, 360.126037598, 244.557510376, 179.169845581, 184.270996094, 119.63923645, 46.7123069763, 58.1870040894, 65.323638916], [124.033950806, -143.960800171, 527.22277832, 269.920196533, 360.126037598, 508.569793701, 299.603973389, 162.587982178, 138.624862671, 123.767921448, 83.9442214966, 74.468963623, 44.7495803833], [-31.6191997528, -9.5846824646, 394.259918213, 168.809799194, 244.557510376, 299.603973389, 341.092346191, 182.817718506, 118.464942932, 84.3118133545, 69.8070220947, 67.6119689941, 48.1643333435], [80.0911712646, 54.5671463013, 221.390258789, 151.453292847, 179.169845581, 162.587982178, 182.817718506, 212.388076782, 123.379684448, 57.8825836182, 21.7690391541, 41.4241905212, 43.3091926575], [44.5614585876, 44.2503967285, 207.210693359, 127.501014709, 184.270996094, 138.624862671, 118.464942932, 123.379684448, 212.386901855, 116.617828369, 38.6493148804, 24.9521541595, 43.6229171753], [-158.431106567, 1.27698624134, 97.4134750366, 45.1566581726, 119.63923645, 123.767921448, 84.3118133545, 57.8825836182, 116.617828369, 171.698898315, 94.3006591797, 43.4980430603, 19.3569450378], [-206.078826904, -20.2865905762, 69.8416213989, 6.6638841629, 46.7123069763, 83.9442214966, 69.8070220947, 21.7690391541, 38.6493148804, 94.3006591797, 150.210952759, 79.494682312, 21.3004455566], [-3.50926852226, 11.429517746, 52.7263031006, 23.7609920502, 58.1870040894, 74.468963623, 67.6119689941, 41.4241905212, 24.9521541595, 43.4980430603, 79.494682312, 132.005722046, 66.3503952026], [24.1172599792, -16.5392112732, 23.2774333954, 29.3768959045, 65.323638916, 44.7495803833, 48.1643333435, 43.3091926575, 43.6229171753, 19.3569450378, 21.3004455566, 66.3503952026, 124.666389465]],
