{
"lowlevel": {
    "average_loudness": 0.877609074116,
    "barkbands_crest": {
        "dmean": 2.91698169708,
        "dmean2": 4.2328543663,
        "dvar": 7.76399707794,
        "dvar2": 16.021484375,
        "max": 26.1833934784,
        "mean": 12.4965143204,
        "median": 11.1531562805,
        "min": 2.16438603401,
        "var": 35.8944625854
    },
    "barkbands_flatness_db": {
        "dmean": 0.0376287139952,
        "dmean2": 0.0525668598711,
        "dvar": 0.0013348092325,
        "dvar2": 0.0025685725268,
        "max": 0.572688341141,
        "mean": 0.168610185385,
        "median": 0.156824141741,
        "min": 0.017530625686,
        "var": 0.00647548073903
    },
    "barkbands_kurtosis": {
        "dmean": 7.14614200592,
        "dmean2": 10.5980548859,
        "dvar": 247.424514771,
        "dvar2": 501.5546875,
        "max": 422.075042725,
        "mean": 10.8621120453,
        "median": 3.24225831032,
        "min": -1.83619773388,
        "var": 552.100708008
    },
    "barkbands_skewness": {
        "dmean": 0.846644639969,
        "dmean2": 1.23146677017,
        "dvar": 0.937559962273,
        "dvar2": 1.78301525116,
        "max": 15.6006984711,
        "mean": 2.14569044113,
        "median": 1.61548316479,
        "min": -6.73663663864,
        "var": 4.31779098511
    },
    "barkbands_spread": {
        "dmean": 6.45161962509,
        "dmean2": 10.0548763275,
        "dvar": 58.3411750793,
        "dvar2": 136.371292114,
        "max": 112.25643158,
        "mean": 16.5611743927,
        "median": 13.7491359711,
        "min": 0.144430220127,
        "var": 144.360733032
    },
    "dissonance": {
        "dmean": 0.0250502508134,
        "dmean2": 0.0419111736119,
        "dvar": 0.000645380001515,
        "dvar2": 0.00169012125116,
        "max": 0.500000119209,
        "mean": 0.458174347878,
        "median": 0.467602014542,
        "min": 0.150920271873,
        "var": 0.00130960275419
    },
    "dynamic_complexity": 5.4249830246,
    "erbbands_crest": {
        "dmean": 3.04583406448,
        "dmean2": 4.88073539734,
        "dvar": 8.80619525909,
        "dvar2": 19.8455982208,
        "max": 33.7136993408,
        "mean": 9.37595939636,
        "median": 8.1284942627,
        "min": 2.21506357193,
        "var": 23.499786377
    },
    "erbbands_flatness_db": {
        "dmean": 0.0285944771022,
        "dmean2": 0.0400911383331,
        "dvar": 0.000842773762997,
        "dvar2": 0.00154885277152,
        "max": 0.523117899895,
        "mean": 0.168948307633,
        "median": 0.158169716597,
        "min": 0.0335498228669,
        "var": 0.0052359579131
    },
    "erbbands_kurtosis": {
        "dmean": 1.5520401001,
        "dmean2": 2.41587471962,
        "dvar": 7.18820285797,
        "dvar2": 14.9737300873,
        "max": 89.0641784668,
        "mean": 1.40831208229,
        "median": 0.30783033371,
        "min": -1.74291777611,
        "var": 15.0199480057
    },
    "erbbands_skewness": {
        "dmean": 0.45952424407,
        "dmean2": 0.70565778017,
        "dvar": 0.206946745515,
        "dvar2": 0.470948815346,
        "max": 7.25047636032,
        "mean": 0.501910448074,
        "median": 0.432913690805,
        "min": -3.25209403038,
        "var": 0.738077580929
    },
    "erbbands_spread": {
        "dmean": 9.71339035034,
        "dmean2": 14.5937900543,
        "dvar": 111.028717041,
        "dvar2": 228.005340576,
        "max": 147.074050903,
        "mean": 33.8169403076,
        "median": 30.1794624329,
        "min": 0.782828509808,
        "var": 412.659362793
    },
    "hfc": {
        "dmean": 7.76800823212,
        "dmean2": 11.5437870026,
        "dvar": 189.052734375,
        "dvar2": 434.608276367,
        "max": 186.63873291,
        "mean": 14.0164890289,
        "median": 7.19086360931,
        "min": 1.08991031428e-16,
        "var": 335.441741943
    },
    "melbands_crest": {
        "dmean": 3.70934772491,
        "dmean2": 5.51035833359,
        "dvar": 13.5369949341,
        "dvar2": 27.7460079193,
        "max": 36.5097770691,
        "mean": 16.6329078674,
        "median": 14.6898155212,
        "min": 1.69042158127,
        "var": 65.6037445068
    },
    "melbands_flatness_db": {
        "dmean": 0.0454687178135,
        "dmean2": 0.0636747032404,
        "dvar": 0.00201654038392,
        "dvar2": 0.00396874640137,
        "max": 0.72170984745,
        "mean": 0.24351271987,
        "median": 0.236312702298,
        "min": 0.00372845726088,
        "var": 0.0101301064715
    },
    "melbands_kurtosis": {
        "dmean": 15.0621595383,
        "dmean2": 22.1544380188,
        "dvar": 1080.21789551,
        "dvar2": 2166.28466797,
        "max": 907.53894043,
        "mean": 26.2332878113,
        "median": 7.91090297699,
        "min": -1.7415292263,
        "var": 2749.34716797
    },
    "melbands_skewness": {
        "dmean": 1.08381330967,
        "dmean2": 1.55288505554,
        "dvar": 1.68741691113,
        "dvar2": 3.12899851799,
        "max": 24.4599514008,
        "mean": 3.229855299,
        "median": 2.34522771835,
        "min": -2.38016653061,
        "var": 8.43371009827
    },
    "melbands_spread": {
        "dmean": 7.31477832794,
        "dmean2": 11.46804142,
        "dvar": 92.796913147,
        "dvar2": 213.569030762,
        "max": 179.085693359,
        "mean": 18.4864940643,
        "median": 13.8593502045,
        "min": 0.180976316333,
        "var": 371.563140869
    },
    "pitch_salience": {
        "dmean": 0.0894295051694,
        "dmean2": 0.135525882244,
        "dvar": 0.00900370348245,
        "dvar2": 0.0177450720221,
        "max": 0.956405639648,
        "mean": 0.498608708382,
        "median": 0.522894024849,
        "min": 0.0602384880185,
        "var": 0.037266407162
    },
    "silence_rate_20dB": {
        "dmean": 0,
        "dmean2": 0,
        "dvar": 0,
        "dvar2": 0,
        "max": 1,
        "mean": 1,
        "median": 1,
        "min": 1,
        "var": 0
    },
    "silence_rate_30dB": {
        "dmean": 0.0519962869585,
        "dmean2": 0.104003302753,
        "dvar": 0.049298658967,
        "dvar2": 0.0944151803851,
        "max": 1,
        "mean": 0.879616260529,
        "median": 1,
        "min": 0,
        "var": 0.105880282819
    },
    "silence_rate_60dB": {
        "dmean": 0.0561229735613,
        "dmean2": 0.112257532775,
        "dvar": 0.0529687851667,
        "dvar2": 0.114498540759,
        "max": 1,
        "mean": 0.204146891832,
        "median": 0,
        "min": 0,
        "var": 0.162471458316
    },
    "spectral_centroid": {
        "dmean": 324.829223633,
        "dmean2": 498.754638672,
        "dvar": 129941.101562,
        "dvar2": 295320.34375,
        "max": 11812.8203125,
        "mean": 1232.81921387,
        "median": 1058.02099609,
        "min": 104.795265198,
        "var": 695498.1875
    },
    "spectral_complexity": {
        "dmean": 4.783452034,
        "dmean2": 7.22554683685,
        "dvar": 37.4825515747,
        "dvar2": 80.2560195923,
        "max": 56,
        "mean": 13.8812665939,
        "median": 12,
        "min": 0,
        "var": 101.210281372
    },
    "spectral_decrease": {
        "dmean": 3.33482819137e-09,
        "dmean2": 4.54337589773e-09,
        "dvar": 3.59625506335e-17,
        "dvar2": 6.84892974049e-17,
        "max": 3.24186349271e-16,
        "mean": -8.64006288737e-09,
        "median": -3.99993904665e-09,
        "min": -6.10669275147e-08,
        "var": 1.36402943278e-16
    },
    "spectral_energy": {
        "dmean": 0.0130444644019,
        "dmean2": 0.0177821330726,
        "dvar": 0.000528611009941,
        "dvar2": 0.000999193987809,
        "max": 0.233313962817,
        "mean": 0.0338809080422,
        "median": 0.0162191130221,
        "min": 1.00008292866e-20,
        "var": 0.00202857190743
    },
    "spectral_energyband_high": {
        "dmean": 0.000424162863055,
        "dmean2": 0.000673712871503,
        "dvar": 8.54145696394e-07,
        "dvar2": 2.03190438697e-06,
        "max": 0.0123476898298,
        "mean": 0.000502105976921,
        "median": 7.8764212958e-05,
        "min": 7.13728671794e-21,
        "var": 1.14259808015e-06
    },
    "spectral_energyband_low": {
        "dmean": 0.0100167021155,
        "dmean2": 0.014120276086,
        "dvar": 0.000535574392416,
        "dvar2": 0.00109894969501,
        "max": 0.21787545085,
        "mean": 0.0226170849055,
        "median": 0.00293265748769,
        "min": 1.92256320437e-23,
        "var": 0.00161362509243
    },
    "spectral_energyband_middle_high": {
        "dmean": 0.00208719354123,
        "dmean2": 0.00326342578046,
        "dvar": 1.34159090521e-05,
        "dvar2": 3.11243529723e-05,
        "max": 0.0571193993092,
        "mean": 0.00373099511489,
        "median": 0.00157674727961,
        "min": 1.35755040363e-21,
        "var": 2.99860912492e-05
    },
    "spectral_energyband_middle_low": {
        "dmean": 0.00664956960827,
        "dmean2": 0.0114297075197,
        "dvar": 0.000342807092238,
        "dvar2": 0.000954544637352,
        "max": 0.137336477637,
        "mean": 0.00817476399243,
        "median": 0.0033345555421,
        "min": 2.12415831264e-22,
        "var": 0.000253696460277
    },
    "spectral_entropy": {
        "dmean": 0.273119807243,
        "dmean2": 0.404854893684,
        "dvar": 0.080470867455,
        "dvar2": 0.172675490379,
        "max": 9.81587696075,
        "mean": 7.49824047089,
        "median": 7.51207923889,
        "min": 5.06826543808,
        "var": 0.300494611263
    },
    "spectral_flux": {
        "dmean": 0.0351384989917,
        "dmean2": 0.0481349341571,
        "dvar": 0.00225546187721,
        "dvar2": 0.00302574876696,
        "max": 0.467347413301,
        "mean": 0.0868509933352,
        "median": 0.063830062747,
        "min": 6.52575840587e-11,
        "var": 0.00774349924177
    },
    "spectral_kurtosis": {
        "dmean": 2.87528300285,
        "dmean2": 4.69321012497,
        "dvar": 17.7436599731,
        "dvar2": 49.2490158081,
        "max": 95.5983734131,
        "mean": 6.59885263443,
        "median": 5.12093448639,
        "min": -1.25471580029,
        "var": 39.9372520447
    },
    "spectral_rms": {
        "dmean": 0.000982757424936,
        "dmean2": 0.00131063174922,
        "dvar": 1.7766504925e-06,
        "dvar2": 2.83378176391e-06,
        "max": 0.0150871919468,
        "mean": 0.00463634356856,
        "median": 0.0039778794162,
        "min": 3.12360489037e-12,
        "var": 1.15589000416e-05
    },
    "spectral_rolloff": {
        "dmean": 533.862243652,
        "dmean2": 892.066223145,
        "dvar": 1051253.125,
        "dvar2": 2570327.5,
        "max": 19573.6816406,
        "mean": 1245.95153809,
        "median": 796.728515625,
        "min": 64.599609375,
        "var": 4046536.25
    },
    "spectral_skewness": {
        "dmean": 0.349222511053,
        "dmean2": 0.541473031044,
        "dvar": 0.134327560663,
        "dvar2": 0.34009373188,
        "max": 7.74576568604,
        "mean": 1.82259261608,
        "median": 1.73933458328,
        "min": -0.0566712506115,
        "var": 0.439578682184
    },
    "spectral_spread": {
        "dmean": 807860.1875,
        "dmean2": 1199140.5,
        "dvar": 1.08748813107e+12,
        "dvar2": 2.34022869402e+12,
        "max": 42649796,
        "mean": 4445968.5,
        "median": 3916724.25,
        "min": 776319.25,
        "var": 7.59289085952e+12
    },
    "spectral_strongpeak": {
        "dmean": 0.353026837111,
        "dmean2": 0.577584445477,
        "dvar": 0.428439170122,
        "dvar2": 1.0023611784,
        "max": 9.34596633911,
        "mean": 0.643857717514,
        "median": 0.374702394009,
        "min": 0,
        "var": 0.718986809254
    },
    "zerocrossingrate": {
        "dmean": 0.0122790168971,
        "dmean2": 0.0150487553328,
        "dvar": 0.000198666253709,
        "dvar2": 0.000263326597633,
        "max": 0.71533203125,
        "mean": 0.0516702719033,
        "median": 0.04150390625,
        "min": 0.001953125,
        "var": 0.00351196993142
    },
    "barkbands": {
        "dmean": [0.000420476164436, 0.00774442357942, 0.0051978463307, 0.00258325156756, 0.00217458908446, 0.000972781039309, 0.000711328117177, 0.000813501770608, 0.000784685660619, 0.000731710460968, 0.000374558701878, 0.000328350113705, 0.000312563905027, 0.000247801275691, 0.000239429806243, 0.000195103799342, 0.000187730693142, 0.000142578966916, 0.000146514954395, 0.000105869963591, 8.87110290932e-05, 6.16882462054e-05, 5.93959084654e-05, 6.12531439401e-05, 5.49055330339e-05, 6.55988042126e-05, 1.41561122291e-05],
        "dmean2": [0.000449456303613, 0.00885388161987, 0.00924687180668, 0.00487348204479, 0.00401449622586, 0.00162548362277, 0.00119751924649, 0.00130169943441, 0.00123505620286, 0.00114286027383, 0.000589884293731, 0.000510564132128, 0.000514035113156, 0.000403213547543, 0.000410336710047, 0.000318202830385, 0.000313906639349, 0.00023893218895, 0.00024212115386, 0.000172700019903, 0.000145507437992, 0.000100756114989, 9.60671750363e-05, 0.000100307202956, 8.7332125986e-05, 0.000105567058199, 2.31965404964e-05],
        "dvar": [7.99944984919e-07, 0.000293201796012, 0.000356501026545, 0.000108696491225, 5.9330577642e-05, 5.59412410439e-06, 3.17055196319e-06, 3.98712472816e-06, 3.97172880184e-06, 4.15436034018e-06, 1.0632509202e-06, 1.07449648112e-06, 5.8674157799e-07, 3.84768583217e-07, 2.8844328881e-07, 2.11535947869e-07, 2.09561392239e-07, 1.16260892469e-07, 1.05184625454e-07, 5.88813229285e-08, 3.33970078259e-08, 1.91252844672e-08, 1.80790316051e-08, 2.04917380842e-08, 1.71551182149e-08, 3.83626463929e-08, 2.94547009005e-09],
        "dvar2": [9.82163669505e-07, 0.000396584742703, 0.000968504115008, 0.000315312907333, 0.000172121901414, 1.47963091877e-05, 8.73907720234e-06, 9.3622957138e-06, 9.19731701288e-06, 1.03281226984e-05, 2.49160143539e-06, 2.12940199162e-06, 1.47255298089e-06, 8.79943286236e-07, 7.62293552725e-07, 4.82953225855e-07, 5.24033225702e-07, 2.93129943429e-07, 2.67227562745e-07, 1.55675593305e-07, 8.32527931038e-08, 4.75896619889e-08, 4.40689795767e-08, 4.97126251275e-08, 3.99203301527e-08, 9.35452035833e-08, 7.38559258195e-09],
        "max": [0.0113926157355, 0.182040005922, 0.148053869605, 0.0879961326718, 0.0668210685253, 0.0395269133151, 0.0349334999919, 0.0462665557861, 0.0375757031143, 0.0627108365297, 0.0201845075935, 0.0310631226748, 0.0173141807318, 0.015818817541, 0.00695529952645, 0.0100544132292, 0.00566312531009, 0.00407981174067, 0.00465350225568, 0.00371412490495, 0.0021578266751, 0.00195663049817, 0.00196713535115, 0.0016569258878, 0.00219539669342, 0.00364893488586, 0.00161826913245],
        "mean": [0.000826685514767, 0.0167367514223, 0.00406459765509, 0.00172915728763, 0.00174229661934, 0.00114323303569, 0.000932919385377, 0.0011271686526, 0.00120385037735, 0.00107857352123, 0.000539832341019, 0.000468932645163, 0.000409434724133, 0.000298091559671, 0.000263756635832, 0.000239359927946, 0.000198412366444, 0.000157758273417, 0.000157666072482, 0.00012109123054, 0.000103536993265, 7.16921276762e-05, 6.80336670484e-05, 6.83637626935e-05, 5.81388776482e-05, 5.985448297e-05, 1.16802384582e-05],
        "median": [2.30577534239e-05, 0.00169931561686, 0.000408153602621, 0.00017254218983, 0.000366558844689, 0.000360396748874, 0.000303275475744, 0.000314393488225, 0.000327570189256, 0.000282300927211, 0.000128237486933, 9.40570607781e-05, 9.371960914e-05, 7.71465201979e-05, 6.3788247644e-05, 6.33881209069e-05, 5.24319402757e-05, 3.9764396206e-05, 3.87700056308e-05, 2.56659277511e-05, 1.65145029314e-05, 7.82880033512e-06, 5.28648888576e-06, 5.31310070073e-06, 3.62517039321e-06, 2.69026622846e-06, 1.6103419398e-07],
        "min": [3.20453172331e-25, 3.61952141953e-24, 1.63081875607e-24, 1.31105704498e-24, 2.03793505839e-23, 1.31017466461e-23, 1.37579803117e-23, 8.64580271411e-24, 2.44616489705e-23, 1.03467343428e-23, 1.31423501058e-23, 4.05799831521e-23, 2.27036819095e-23, 3.01806948958e-23, 5.62502443395e-23, 7.68212944343e-23, 5.75529439949e-23, 1.08101762406e-22, 1.05403081871e-22, 1.85413236074e-22, 2.52368165126e-22, 3.17196274689e-22, 4.0519700295e-22, 5.37607419487e-22, 8.57630290085e-22, 1.25636183954e-21, 1.9492424297e-21],
        "var": [2.82018368125e-06, 0.00105792901013, 0.000236065607169, 5.9979625803e-05, 3.41431550623e-05, 5.82420625506e-06, 3.42142243426e-06, 6.28773977951e-06, 7.32846092433e-06, 6.41286851533e-06, 1.98406678464e-06, 2.23271558752e-06, 1.02188460005e-06, 5.45523903384e-07, 3.28559252694e-07, 3.42610036341e-07, 2.0369942888e-07, 1.16567953512e-07, 1.12075916547e-07, 6.20596978251e-08, 4.22206269945e-08, 2.53191352328e-08, 2.49628353544e-08, 2.57175596374e-08, 2.08507238142e-08, 3.70026072005e-08, 2.56334642401e-09]
    },
    "erbbands": {
        "dmean": [0.293255090714, 1.75838720798, 5.30981636047, 7.67339754105, 8.14909267426, 6.53028059006, 7.33633804321, 7.84441232681, 10.3308124542, 13.607460022, 16.4131908417, 18.2793617249, 17.4784965515, 20.8240070343, 14.4699039459, 14.0703830719, 14.3710441589, 12.7716445923, 12.8166980743, 11.6515846252, 9.73344039917, 9.92163276672, 7.56847715378, 7.89828443527, 6.68363237381, 5.05906057358, 4.00974369049, 3.14866399765, 2.27335596085, 1.93873035908, 1.71679341793, 1.42625689507, 0.912397503853, 0.608843445778, 0.404529362917, 0.277402430773, 0.120636373758, 0.0284692961723, 0.00227921595797, 4.58929462184e-05],
        "dmean2": [0.315926641226, 2.13075423241, 8.83364772797, 13.9925374985, 15.2498407364, 12.0422973633, 12.899271965, 13.0494384766, 17.0220508575, 22.6949958801, 26.3955230713, 28.4809703827, 27.3266735077, 32.1218109131, 22.7478370667, 21.4136943817, 23.2869129181, 21.1108512878, 21.5409984589, 19.1467914581, 16.1983013153, 16.4766254425, 12.4954452515, 13.1785230637, 11.0371265411, 8.17387199402, 6.47098064423, 5.21193599701, 3.70092916489, 3.14166355133, 2.77684211731, 2.34743309021, 1.4743052721, 0.963305354118, 0.650682449341, 0.451713144779, 0.19096557796, 0.0458752289414, 0.00371149810962, 6.94318514434e-05],
        "dvar": [0.416341811419, 17.527261734, 320.051971436, 877.407104492, 994.019104004, 511.477508545, 381.055389404, 422.951446533, 618.428466797, 1459.59033203, 1731.44348145, 1833.47717285, 3687.61791992, 2543.37524414, 1655.75048828, 2139.26513672, 1124.6114502, 1086.10559082, 967.017333984, 742.193481445, 453.48059082, 644.53314209, 328.645874023, 275.81640625, 238.543487549, 132.552947998, 67.4207839966, 45.7791519165, 27.1269054413, 17.4581394196, 16.3580875397, 11.504076004, 4.19496059418, 2.01182460785, 1.01723003387, 0.62498909235, 0.139860257506, 0.00944443233311, 7.17563307262e-05, 1.67697482567e-08],
        "dvar2": [0.467110842466, 27.8571796417, 823.583374023, 2471.97045898, 2873.95043945, 1488.21643066, 1053.63574219, 1101.02648926, 1685.22912598, 3879.0168457, 3827.92358398, 4169.97216797, 9080.70703125, 5872.11865234, 3724.7734375, 4132.28222656, 2710.78344727, 2674.53369141, 2269.15527344, 1692.4230957, 1188.40429688, 1592.2947998, 814.848388672, 703.536437988, 606.854675293, 343.734741211, 170.627258301, 114.286651611, 66.8134918213, 42.6224327087, 41.3076553345, 28.5394954681, 9.96148109436, 4.70509386063, 2.37424659729, 1.5101402998, 0.344896525145, 0.0236487314105, 0.000177427733433, 4.00957809177e-08],
        "max": [6.81481599808, 46.3593444824, 160.263259888, 241.010147095, 269.697967529, 201.493179321, 202.588012695, 451.397155762, 386.556335449, 955.759887695, 1267.54577637, 707.342346191, 2129.35644531, 1208.45629883, 952.595947266, 1507.05737305, 784.173706055, 927.836181641, 1070.40026855, 647.050842285, 385.504943848, 354.273468018, 199.888656616, 209.857788086, 220.948074341, 215.966003418, 123.813858032, 68.589263916, 65.9090576172, 56.7813186646, 72.8628387451, 40.4390106201, 25.6260986328, 19.6653003693, 18.7195796967, 14.6345252991, 6.84683847427, 2.26930117607, 0.236419379711, 0.00316025968641],
        "mean": [0.613066971302, 3.19578075409, 5.04154157639, 5.56229734421, 5.72202301025, 5.41526460648, 7.52547550201, 9.4592628479, 13.9174346924, 18.1916847229, 24.6609268188, 29.0235710144, 25.8377571106, 32.7121772766, 22.3564357758, 21.5642604828, 20.0777626038, 15.4315490723, 15.3033771515, 14.1223344803, 11.3599128723, 10.6513729095, 8.56914997101, 8.89721107483, 7.09811782837, 5.94262456894, 4.80039262772, 3.5358850956, 2.62205767632, 2.20120120049, 1.92724597454, 1.59353995323, 1.01087319851, 0.664068758488, 0.409933686256, 0.256685882807, 0.108903162181, 0.0251739602536, 0.00190977484453, 6.91740642651e-05],
        "median": [0.0333270914853, 0.409891963005, 0.686581850052, 0.707232832909, 0.827780306339, 1.1913394928, 2.00419712067, 2.92716574669, 4.57881546021, 5.70083904266, 7.81841182709, 8.62112998962, 7.85462188721, 8.1995639801, 6.48785018921, 5.00311231613, 5.40802717209, 4.44651556015, 3.8780875206, 3.44922733307, 3.50519275665, 2.88665008545, 2.32810497284, 2.33035087585, 1.7433719635, 1.2958521843, 0.916174411774, 0.503627479076, 0.29910248518, 0.208173677325, 0.142679184675, 0.109645694494, 0.0850928351283, 0.0463456399739, 0.0228232853115, 0.0134785994887, 0.00442991312593, 0.000926051521674, 5.42795605725e-05, 2.63154943241e-05],
        "min": [8.54744359215e-23, 9.03183687835e-22, 2.87475353173e-21, 5.10282065329e-21, 2.43789804371e-20, 6.58625437522e-20, 1.04759749168e-19, 1.4320171444e-19, 1.8456429936e-19, 2.29764381936e-19, 1.91578868502e-19, 3.95021549091e-19, 7.54911651892e-19, 7.6082992238e-19, 9.85436910744e-19, 1.80280044039e-18, 1.46542138588e-18, 1.74294771922e-18, 2.84943930728e-18, 3.65493227815e-18, 4.56661724849e-18, 3.74908859292e-18, 6.16867584347e-18, 5.26416211545e-18, 8.34442100278e-18, 7.40445596807e-18, 1.00144912149e-17, 9.41263211967e-18, 1.17418627096e-17, 1.1297352392e-17, 1.03692648437e-17, 1.10222867142e-17, 9.91097204278e-18, 9.09007883007e-18, 6.19422910695e-18, 4.22383277547e-18, 2.59241898812e-18, 9.18014246196e-19, 2.79955530156e-19, 2.61226448566e-20],
        "var": [1.63335704803, 43.9576721191, 255.678955078, 526.100341797, 555.919189453, 299.279144287, 321.033599854, 445.635192871, 734.195495605, 1616.28198242, 3120.13256836, 3742.03271484, 4839.60546875, 5212.93652344, 3009.22436523, 4650.60058594, 2202.91699219, 1327.62219238, 1332.27172852, 1177.64501953, 494.990966797, 626.99395752, 333.788604736, 291.959320068, 242.430297852, 146.171890259, 85.2173156738, 56.7946548462, 35.3449249268, 24.2003955841, 21.0250453949, 14.6133899689, 5.25183963776, 2.54590129852, 1.15732944012, 0.621992528439, 0.132259383798, 0.00842093117535, 6.37355333311e-05, 1.94623286376e-08]
    },
    "gfcc": {
        "mean": [-69.0092468262, 97.9719085693, -115.146224976, 14.5876569748, -51.6059112549, 7.75370454788, -25.030040741, 13.3435401917, -18.649389267, 6.37386751175, -13.4806232452, 0.566641509533, -9.96551704407],
        "cov": [[24490.5175781, 107.30695343, 255.366348267, 1103.54296875, 52.4550094604, 1030.41015625, -445.299194336, 340.413208008, -459.391998291, 66.9917373657, -435.201324463, 63.9949951172, -270.529998779], [107.30695343, 2522.11767578, -335.398803711, 35.1811752319, 312.425720215, -191.620178223, 570.347961426, -102.650672913, 233.965698242, -66.1703643799, 286.021514893, -136.788955688, 269.139831543], [255.366348267, -335.398803711, 1692.45202637, 565.207458496, 450.062683105, 620.072143555, 37.5550765991, 280.769195557, 123.556228638, 154.55317688, -37.517665863, 85.0867538452, -82.6822357178], [1103.54296875, 35.1811752319, 565.207458496, 793.684265137, 245.762634277, 267.145477295, 104.212043762, 119.783462524, 79.2830734253, 27.000038147, -6.9933013916, 54.0679321289, -13.8447542191], [52.4550094604, 312.425720215, 450.062683105, 245.762634277, 614.867675781, 353.541656494, 270.686401367, 137.462905884, 131.598846436, 50.0297355652, 84.9186096191, 52.1669540405, 71.9366531372], [1030.41015625, -191.620178223, 620.072143555, 267.145477295, 353.541656494, 658.308898926, 125.12537384, 193.455490112, 53.5258712769, 112.70980072, -9.3988199234, 66.7877960205, -6.70068883896], [-445.299194336, 570.347961426, 37.5550765991, 104.212043762, 270.686401367, 125.12537384, 431.83770752, 54.3526763916, 137.790512085, 10.7937736511, 116.765541077, 0.351237624884, 102.393280029], [340.413208008, -102.650672913, 280.769195557, 119.783462524, 137.462905884, 193.455490112, 54.3526763916, 239.424819946, 92.3849716187, 55.7553710938, -1.00053143501, 36.5285835266, -20.8383541107], [-459.391998291, 233.965698242, 123.556228638, 79.2830734253, 131.598846436, 53.5258712769, 137.790512085, 92.3849716187, 207.275939941, 55.5753059387, 77.3140182495, 15.3819408417, 48.306892395], [66.9917373657, -66.1703643799, 154.55317688, 27.000038147, 50.0297355652, 112.70980072, 10.7937736511, 55.7553710938, 55.5753059387, 138.274749756, 55.2406616211, 25.2478237152, 14.2952384949], [-435.201324463, 286.021514893, -37.517665863, -6.9933013916, 84.9186096191, -9.3988199234, 116.765541077, -1.00053143501, 77.3140182495, 55.2406616211, 153.711135864, 31.7519893646, 68.263168335], [63.9949951172, -136.788955688, 85.0867538452, 54.0679321289, 52.1669540405, 66.7877960205, 0.351237624884, 36.5285835266, 15.3819408417, 25.2478237152, 31.7519893646, 90.9685821533, 17.4979000092], [-270.529998779, 269.139831543, -82.6822357178, -13.8447542191, 71.9366531372, -6.70068883896, 102.393280029, -20.8383541107, 48.306892395, 14.2952384949, 68.263168335, 17.4979000092, 123.64226532]],
        "icov": [[6.38377096038e-05, -0.000103186830529, 8.41870496515e-05, -0.000100119323179, 1.84165110113e-05, -0.000132056491566, 0.000111608416773, -0.000104480801383, 0.000182211253559, -0.000167502250406, 0.000235496496316, -0.000182028990821, 0.000125388425658], [-0.000103186830529, 0.00116844940931, -0.000159059403813, 4.90721140523e-06, -0.000205771604669, 0.000366222200682, -0.000659027078655, 0.000245718430961, -0.00056267058244, 0.00120382674504, -0.00191516114864, 0.00241809361614, -0.00135247269645], [8.41870496515e-05, -0.000159059403813, 0.0013699780684, -0.000609901559073, -0.000504727882799, -0.000724913785234, 0.000533242535312, -0.000311372015858, -0.000142196629895, -0.000929613073822, 0.000739353068639, -0.000432291999459, 0.000954585149884], [-0.000100119323179, 4.90721140523e-06, -0.000609901559073, 0.00197635102086, -0.00014490452304, 4.95256608701e-05, -0.000417948205722, 0.000238517081016, -0.000591379881371, 0.000565308844671, 0.000202356706723, -0.000742913573049, 0.00021612085402], [1.84165110113e-05, -0.000205771604669, -0.000504727882799, -0.00014490452304, 0.00370941124856, -0.00137453153729, -0.00103313638829, -0.000378904456738, -0.000277361803455, 0.00112908275332, -0.000852729426697, -0.000544705835637, -0.000780784001108], [-0.000132056491566, 0.000366222200682, -0.000724913785234, 4.95256608701e-05, -0.00137453153729, 0.00409510312602, -0.00130611506756, -0.000895620614756, 0.00100432988256, -0.00212991214357, 0.00131715857424, -0.000520497211255, -0.000412666006014], [0.000111608416773, -0.000659027078655, 0.000533242535312, -0.000417948205722, -0.00103313638829, -0.00130611506756, 0.00550365028903, -0.000621545012109, -0.00112307502422, 0.00143816880882, -0.00174103223253, 0.00106227630749, -0.00106030935422], [-0.000104480801383, 0.000245718430961, -0.000311372015858, 0.000238517081016, -0.000378904456738, -0.000895620614756, -0.000621545012109, 0.00780231272802, -0.00368858454749, -0.00074718130054, 0.0014353262959, -0.00172483036295, 0.0020357996691], [0.000182211253559, -0.00056267058244, -0.000142196629895, -0.000591379881371, -0.000277361803455, 0.00100432988256, -0.00112307502422, -0.00368858454749, 0.00979551300406, -0.00267287064344, -0.000989258638583, 3.88397747884e-05, -0.00099101732485], [-0.000167502250406, 0.00120382674504, -0.000929613073822, 0.000565308844671, 0.00112908275332, -0.00212991214357, 0.00143816880882, -0.00074718130054, -0.00267287064344, 0.0143281081691, -0.00834118388593, 0.00346919987351, -0.00213264417835], [0.000235496496316, -0.00191516114864, 0.000739353068639, 0.000202356706723, -0.000852729426697, 0.00131715857424, -0.00174103223253, 0.0014353262959, -0.000989258638583, -0.00834118388593, 0.0180867109448, -0.00874635390937, 5.54019134142e-05], [-0.000182028990821, 0.00241809361614, -0.000432291999459, -0.000742913573049, -0.000544705835637, -0.000520497211255, 0.00106227630749, -0.00172483036295, 3.88397747884e-05, 0.00346919987351, -0.00874635390937, 0.0200978834182, -0.0053475247696], [0.000125388425658, -0.00135247269645, 0.000954585149884, 0.00021612085402, -0.000780784001108, -0.000412666006014, -0.00106030935422, 0.0020357996691, -0.00099101732485, -0.00213264417835, 5.54019134142e-05, -0.0053475247696, 0.0149818202481]]
    },
    "melbands": {
        "dmean": [0.00230029504746, 0.00231375126168, 0.00131575076375, 0.000530143850483, 0.000254215497989, 0.000178953894647, 0.000153916611453, 0.000158348542755, 0.000140537391417, 0.000109459600935, 8.96017809282e-05, 8.95354387467e-05, 5.0226910389e-05, 3.60833255399e-05, 4.02444420615e-05, 2.6073812478e-05, 2.51017263508e-05, 2.11548049265e-05, 1.64437878993e-05, 1.55017514771e-05, 1.13145242722e-05, 1.0940167158e-05, 8.27533767733e-06, 6.76099716657e-06, 6.50152196613e-06, 5.93900085732e-06, 3.87398085877e-06, 3.25469113704e-06, 2.68617918664e-06, 2.22817993745e-06, 1.71847784713e-06, 1.39864687299e-06, 1.07915866465e-06, 1.11703923267e-06, 9.90469288809e-07, 9.54588699642e-07, 8.96505241599e-07, 6.9212183007e-07, 5.25495636339e-07, 5.26789051492e-07],
        "dmean2": [0.00251158350147, 0.00341577082872, 0.00236715632491, 0.000986458617263, 0.000452155829407, 0.000297490041703, 0.000253799720667, 0.000261716370005, 0.000225710784434, 0.000170340848854, 0.000140220596222, 0.000138576084282, 7.99017507234e-05, 5.53104728169e-05, 6.39077989035e-05, 4.35457804997e-05, 4.12970293837e-05, 3.54905459972e-05, 2.78455354419e-05, 2.50775992754e-05, 1.91530270968e-05, 1.82755538845e-05, 1.3834614947e-05, 1.12802899821e-05, 1.09106249511e-05, 9.85087990557e-06, 6.50179072181e-06, 5.28415012013e-06, 4.37872358816e-06, 3.66521635442e-06, 2.86107388092e-06, 2.26801762437e-06, 1.79071253115e-06, 1.8109381017e-06, 1.604164936e-06, 1.55772931976e-06, 1.49499499003e-06, 1.13234568744e-06, 8.33776994114e-07, 8.48765125738e-07],
        "dvar": [2.44020829996e-05, 4.53640277556e-05, 2.44156253757e-05, 3.80727556148e-06, 5.03210856095e-07, 2.10738420492e-07, 1.3888399053e-07, 1.86654816048e-07, 1.21849197399e-07, 7.08542557959e-08, 9.66571533922e-08, 4.92641447636e-08, 2.0474871576e-08, 1.10526361397e-08, 1.22329399943e-08, 4.24004253929e-09, 4.40644543076e-09, 3.06373126868e-09, 1.35213051866e-09, 1.43091782867e-09, 6.80598244429e-10, 8.4767692865e-10, 4.32389818394e-10, 2.34591845949e-10, 1.87373686011e-10, 2.38104619354e-10, 8.12779982207e-11, 5.73842327822e-11, 3.25551217928e-11, 2.05726494867e-11, 1.48679818457e-11, 1.11873505251e-11, 5.42025972716e-12, 5.95159728792e-12, 5.35613133706e-12, 5.30958697148e-12, 5.41528367287e-12, 2.54075731808e-12, 1.41522969559e-12, 1.66213234582e-12],
        "dvar2": [2.89718154818e-05, 0.00010349979857, 6.76514391671e-05, 1.10409091576e-05, 1.42216833865e-06, 5.52013830202e-07, 3.79182068855e-07, 4.85259249672e-07, 2.68769696277e-07, 1.64485712162e-07, 2.40008745322e-07, 1.13899531584e-07, 4.92967870969e-08, 2.21712159743e-08, 2.66702908647e-08, 1.09419788785e-08, 1.06380531051e-08, 6.79156197947e-09, 3.54889895249e-09, 3.10597103592e-09, 1.81158676948e-09, 2.13308326558e-09, 1.05229225333e-09, 5.93191940013e-10, 4.77694606094e-10, 5.88170401272e-10, 2.17174861428e-10, 1.4894904754e-10, 8.40456454432e-11, 5.16309078824e-11, 3.74423825278e-11, 2.73195441963e-11, 1.40737126814e-11, 1.42351295682e-11, 1.34650337755e-11, 1.36117271968e-11, 1.37434386788e-11, 6.19949187472e-12, 3.32816846998e-12, 3.98519628755e-12],
        "max": [0.0534356832504, 0.0653043240309, 0.038718290627, 0.016192542389, 0.00677603390068, 0.00917435344309, 0.00644122902304, 0.010598060675, 0.00966758839786, 0.00455709267408, 0.0110063832253, 0.00608253572136, 0.00283861579373, 0.00230985344388, 0.00307231629267, 0.0016408059746, 0.00186408706941, 0.00222134171054, 0.000481916766148, 0.000905275403056, 0.000312805059366, 0.000362819380825, 0.000323576736264, 0.000179132577614, 0.000173353226273, 0.000308477639919, 0.000146446138388, 0.000125376245705, 9.45046704146e-05, 6.33807430859e-05, 4.4336047722e-05, 4.46772683063e-05, 3.98190131818e-05, 2.97814221994e-05, 4.10875181842e-05, 3.58230608981e-05, 2.81148677459e-05, 2.01767070394e-05, 1.50625246533e-05, 1.79953276529e-05],
        "mean": [0.00498477648944, 0.0032226825133, 0.000987117760815, 0.000402386154747, 0.000255589227891, 0.00021543733601, 0.000207303892239, 0.000209758392884, 0.000215516862227, 0.000169904946233, 0.000127625040477, 0.000136771646794, 7.38196977181e-05, 5.37773848919e-05, 5.91608877585e-05, 3.17485355481e-05, 2.91016822302e-05, 2.4921462682e-05, 1.81494287972e-05, 1.94946314878e-05, 1.20259583127e-05, 1.12877842184e-05, 8.93508968147e-06, 7.55002838559e-06, 7.12155770088e-06, 5.91687330598e-06, 4.18609079134e-06, 3.79225366487e-06, 3.10571317641e-06, 2.45268302024e-06, 1.90535934053e-06, 1.55305053795e-06, 1.21858909097e-06, 1.22251412904e-06, 1.10026803668e-06, 1.03980073618e-06, 9.62849981079e-07, 7.41867381748e-07, 5.81641927511e-07, 5.5593631032e-07],
        "median": [0.000401010707719, 0.000447407190222, 0.000138020521263, 7.30942410883e-05, 7.22080731066e-05, 6.76731069689e-05, 6.85159611749e-05, 6.1982202169e-05, 6.52775488561e-05, 4.88195873913e-05, 3.44463951478e-05, 3.17446319968e-05, 1.92998923012e-05, 1.29710224428e-05, 1.37955321406e-05, 8.06116713647e-06, 7.72853491071e-06, 5.89749106439e-06, 4.23065284849e-06, 4.86310818815e-06, 3.39311145581e-06, 2.79690721072e-06, 2.41048928729e-06, 1.80944869044e-06, 1.78020445674e-06, 1.22145013393e-06, 8.97269103461e-07, 7.60890770835e-07, 5.7442588286e-07, 3.91706464598e-07, 2.25382493113e-07, 1.69461941368e-07, 1.29443208152e-07, 1.06535651412e-07, 8.26547505994e-08, 7.08555347728e-08, 6.18055793211e-08, 6.14159390011e-08, 4.78647805835e-08, 3.46552369024e-08],
        "min": [1.78269883641e-24, 1.96585695581e-24, 1.52675784609e-24, 3.53801039434e-24, 3.44199261154e-24, 3.01414502491e-24, 2.95723048553e-24, 1.40981069601e-24, 1.12948049308e-24, 2.92320513975e-24, 3.39422826702e-24, 2.68754635496e-24, 2.46644678702e-24, 4.78635003913e-24, 4.83945023881e-24, 2.37526077727e-24, 3.19760784184e-24, 4.37286583464e-24, 4.41246113006e-24, 4.97736521315e-24, 4.67486466613e-24, 3.06297334557e-24, 3.74876365707e-24, 4.62149073171e-24, 3.30259023997e-24, 4.74732745673e-24, 5.26775516755e-24, 4.15418530867e-24, 5.20467193311e-24, 3.90418858249e-24, 5.5544595638e-24, 6.03944769846e-24, 6.59172921821e-24, 5.11547188068e-24, 5.59407458074e-24, 5.76313812235e-24, 5.4443081546e-24, 6.44283251121e-24, 7.47146334983e-24, 7.00907489682e-24],
        "var": [9.75239963736e-05, 5.82633183512e-05, 1.5238441847e-05, 2.15658428715e-06, 3.7983940615e-07, 2.22079819423e-07, 1.63129712405e-07, 2.22458993449e-07, 2.32926552712e-07, 1.35646061494e-07, 1.27154251572e-07, 9.93875914901e-08, 3.51342777094e-08, 2.2088773477e-08, 2.51301432996e-08, 5.57757529052e-09, 5.40608136035e-09, 4.34333502497e-09, 1.55679968916e-09, 2.67579935986e-09, 6.28636975808e-10, 7.89188436823e-10, 4.28206414771e-10, 2.45551523559e-10, 1.96060195856e-10, 2.46223069711e-10, 7.8438221196e-11, 6.28864738061e-11, 3.9106849703e-11, 2.42766397263e-11, 1.82788333081e-11, 1.37510393697e-11, 7.0889470509e-12, 8.047533126e-12, 6.84017903083e-12, 6.54581076842e-12, 6.02899761365e-12, 2.94034826868e-12, 1.81964469534e-12, 1.94842297678e-12]
    },
    "mfcc": {
        "mean": [-707.059020996, 134.502044678, -6.1575551033, 14.8981409073, -2.81687641144, -0.417914956808, 3.40191864967, 3.69238615036, 4.18913698196, 5.73572492599, 1.9891320467, 3.02244639397, 0.685763418674],
        "cov": [[13619.2597656, 195.43862915, 231.769348145, 344.427490234, 498.419677734, 464.565368652, 202.412765503, 207.818130493, 78.1306838989, 79.2906570435, -106.427574158, -61.118144989, -110.395248413], [195.43862915, 2148.7668457, -212.059539795, 164.734451294, -50.8067741394, 68.518989563, 257.744873047, 45.6107940674, 143.979202271, 84.193977356, 45.8932495117, 85.5844802856, 78.0280609131], [231.769348145, -212.059539795, 1029.36425781, 270.394897461, 379.178192139, 291.675842285, 100.016265869, 157.436721802, 112.097503662, 130.308578491, 120.020378113, 52.8495101929, 26.8530044556], [344.427490234, 164.734451294, 270.394897461, 588.305786133, 170.20803833, 132.594741821, 77.844329834, 116.531684875, 80.9753799438, 14.9811668396, 51.1210784912, 54.43201828, 5.11647844315], [498.419677734, -50.8067741394, 379.178192139, 170.20803833, 494.489990234, 279.202087402, 150.754989624, 186.262374878, 126.155265808, 109.453720093, 75.2953643799, 52.7829856873, 49.0090522766], [464.565368652, 68.518989563, 291.675842285, 132.594741821, 279.202087402, 419.433105469, 238.504516602, 155.748382568, 128.669464111, 98.9465637207, 52.0074653625, 49.421043396, 55.2716064453], [202.412765503, 257.744873047, 100.016265869, 77.844329834, 150.754989624, 238.504516602, 284.692901611, 149.271331787, 108.880363464, 73.7751693726, 37.3137168884, 58.3091545105, 52.1654243469], [207.818130493, 45.6107940674, 157.436721802, 116.531684875, 186.262374878, 155.748382568, 149.271331787, 251.362640381, 134.401428223, 72.8141479492, 68.2944488525, 56.3839645386, 30.1950206757], [78.1306838989, 143.979202271, 112.097503662, 80.9753799438, 126.155265808, 128.669464111, 108.880363464, 134.401428223, 167.688919067, 95.408531189, 52.8267250061, 43.257106781, 31.4849758148], [79.2906570435, 84.193977356, 130.308578491, 14.9811668396, 109.453720093, 98.9465637207, 73.7751693726, 72.8141479492, 95.408531189, 158.130126953, 72.4251251221, 30.3072414398, 46.6321334839], [-106.427574158, 45.8932495117, 120.020378113, 51.1210784912, 75.2953643799, 52.0074653625, 37.3137168884, 68.2944488525, 52.8267250061, 72.4251251221, 112.729148865, 60.281375885, 25.2901649475], [-61.118144989, 85.5844802856, 52.8495101929, 54.43201828, 52.7829856873, 49.421043396, 58.3091545105, 56.3839645386, 43.257106781, 30.3072414398, 60.281375885, 102.642623901, 52.6072044373], [-110.395248413, 78.0280609131, 26.8530044556, 5.11647844315, 49.0090522766, 55.2716064453, 52.1654243469, 30.1950206757, 31.4849758148, 46.6321334839, 25.2901649475, 52.6072044373, 101.264518738]],
