{
"lowlevel": {
    "average_loudness": 0.888085007668,
    "barkbands_crest": {
        "dmean": 2.71498680115,
        "dmean2": 4.20088005066,
        "dvar": 6.29331970215,
        "dvar2": 13.6660451889,
        "max": 25.3960037231,
        "mean": 10.6874036789,
        "median": 9.57882213593,
        "min": 2.49762892723,
        "var": 23.5484657288
    },
    "barkbands_flatness_db": {
        "dmean": 0.0259764287621,
        "dmean2": 0.0371090471745,
        "dvar": 0.000645004329272,
        "dvar2": 0.00128219346516,
        "max": 0.487949460745,
        "mean": 0.174294546247,
        "median": 0.164651289582,
        "min": 0.0180152226239,
        "var": 0.00558631820604
    },
    "barkbands_kurtosis": {
        "dmean": 3.69858288765,
        "dmean2": 5.47124576569,
        "dvar": 55.5255317688,
        "dvar2": 103.459465027,
        "max": 233.490982056,
        "mean": 6.09124040604,
        "median": 2.8006734848,
        "min": -1.88378417492,
        "var": 160.283950806
    },
    "barkbands_skewness": {
        "dmean": 0.597477436066,
        "dmean2": 0.890297412872,
        "dvar": 0.432725846767,
        "dvar2": 0.845366895199,
        "max": 13.6572818756,
        "mean": 1.66688299179,
        "median": 1.45171952248,
        "min": -3.06773757935,
        "var": 2.0360519886
    },
    "barkbands_spread": {
        "dmean": 4.85650634766,
        "dmean2": 7.11605596542,
        "dvar": 40.2074928284,
        "dvar2": 83.9682769775,
        "max": 92.685798645,
        "mean": 14.7859077454,
        "median": 12.3157320023,
        "min": 0.43301564455,
        "var": 109.053192139
    },
    "dissonance": {
        "dmean": 0.025893330574,
        "dmean2": 0.043068151921,
        "dvar": 0.00064825580921,
        "dvar2": 0.00175278715324,
        "max": 0.5,
        "mean": 0.451480358839,
        "median": 0.460443019867,
        "min": 0.181433305144,
        "var": 0.00147538527381
    },
    "dynamic_complexity": 3.81731510162,
    "erbbands_crest": {
        "dmean": 2.93325805664,
        "dmean2": 4.76955747604,
        "dvar": 7.17145967484,
        "dvar2": 18.0886421204,
        "max": 30.4247550964,
        "mean": 9.6639289856,
        "median": 8.80034828186,
        "min": 2.32633805275,
        "var": 18.2279777527
    },
    "erbbands_flatness_db": {
        "dmean": 0.0220333691686,
        "dmean2": 0.0307150147855,
        "dvar": 0.000439573224867,
        "dvar2": 0.000742338132113,
        "max": 0.503000795841,
        "mean": 0.197787061334,
        "median": 0.184464022517,
        "min": 0.0548178069293,
        "var": 0.00604772614315
    },
    "erbbands_kurtosis": {
        "dmean": 1.28561794758,
        "dmean2": 2.00143051147,
        "dvar": 2.88777351379,
        "dvar2": 6.41075325012,
        "max": 49.633190155,
        "mean": 1.34556293488,
        "median": 0.604631900787,
        "min": -1.79088068008,
        "var": 8.00130367279
    },
    "erbbands_skewness": {
        "dmean": 0.410444378853,
        "dmean2": 0.631499290466,
        "dvar": 0.143055304885,
        "dvar2": 0.325123846531,
        "max": 5.81354141235,
        "mean": 0.684573471546,
        "median": 0.672537863255,
        "min": -2.73464465141,
        "var": 0.553991854191
    },
    "erbbands_spread": {
        "dmean": 8.65891838074,
        "dmean2": 12.4362897873,
        "dvar": 118.222488403,
        "dvar2": 241.970855713,
        "max": 155.546615601,
        "mean": 29.9225387573,
        "median": 24.8642578125,
        "min": 1.57573282719,
        "var": 405.174316406
    },
    "hfc": {
        "dmean": 7.57956218719,
        "dmean2": 11.0619411469,
        "dvar": 106.545379639,
        "dvar2": 220.937927246,
        "max": 152.489013672,
        "mean": 20.2129268646,
        "median": 15.3691387177,
        "min": 1.14686699341e-16,
        "var": 309.813201904
    },
    "melbands_crest": {
        "dmean": 3.51606082916,
        "dmean2": 5.5174446106,
        "dvar": 10.4167852402,
        "dvar2": 24.754573822,
        "max": 35.5563735962,
        "mean": 14.9749603271,
        "median": 13.5522909164,
        "min": 2.19307255745,
        "var": 46.0246124268
    },
    "melbands_flatness_db": {
        "dmean": 0.0298958849162,
        "dmean2": 0.0421893559396,
        "dvar": 0.000958259333856,
        "dvar2": 0.00190128211398,
        "max": 0.602361500263,
        "mean": 0.229547843337,
        "median": 0.220242649317,
        "min": 0.00756804924458,
        "var": 0.00805322825909
    },
    "melbands_kurtosis": {
        "dmean": 8.88762283325,
        "dmean2": 13.5323572159,
        "dvar": 582.27355957,
        "dvar2": 1344.0604248,
        "max": 500.917938232,
        "mean": 14.7621135712,
        "median": 6.0008392334,
        "min": -1.81644666195,
        "var": 1104.60900879
    },
    "melbands_skewness": {
        "dmean": 0.783649265766,
        "dmean2": 1.15841972828,
        "dvar": 1.12492191792,
        "dvar2": 2.38754439354,
        "max": 16.8128547668,
        "mean": 2.34283185005,
        "median": 1.88266694546,
        "min": -1.46833002567,
        "var": 4.31992912292
    },
    "melbands_spread": {
        "dmean": 6.08497285843,
        "dmean2": 9.2383108139,
        "dvar": 95.2327575684,
        "dvar2": 194.859634399,
        "max": 211.913101196,
        "mean": 17.7586269379,
        "median": 14.3244924545,
        "min": 0.457211464643,
        "var": 261.421508789
    },
    "pitch_salience": {
        "dmean": 0.0796043649316,
        "dmean2": 0.127459973097,
        "dvar": 0.00702103972435,
        "dvar2": 0.0165289975703,
        "max": 0.978368103504,
        "mean": 0.57641094923,
        "median": 0.606440424919,
        "min": 0.0763446465135,
        "var": 0.0221472531557
    },
    "silence_rate_20dB": {
        "dmean": 0,
        "dmean2": 0,
        "dvar": 0,
        "dvar2": 0,
        "max": 1,
        "mean": 1,
        "median": 1,
        "min": 1,
        "var": 0
    },
    "silence_rate_30dB": {
        "dmean": 0.0122149838135,
        "dmean2": 0.0244324542582,
        "dvar": 0.0120672620833,
        "dvar2": 0.0319816283882,
        "max": 1,
        "mean": 0.991857528687,
        "median": 1,
        "min": 0,
        "var": 0.00807630736381
    },
    "silence_rate_60dB": {
        "dmean": 0.019543973729,
        "dmean2": 0.0390919260681,
        "dvar": 0.0191615000367,
        "dvar2": 0.0430587790906,
        "max": 1,
        "mean": 0.09964376688,
        "median": 0,
        "min": 0,
        "var": 0.0897112935781
    },
    "spectral_centroid": {
        "dmean": 238.653991699,
        "dmean2": 355.093566895,
        "dvar": 102373.929688,
        "dvar2": 202146.25,
        "max": 11367.109375,
        "mean": 1052.41931152,
        "median": 951.046325684,
        "min": 180.256622314,
        "var": 328792.375
    },
    "spectral_complexity": {
        "dmean": 4.02972316742,
        "dmean2": 6.06291341782,
        "dvar": 22.1509933472,
        "dvar2": 47.3336372375,
        "max": 55,
        "mean": 17.1603050232,
        "median": 16,
        "min": 0,
        "var": 74.9150009155
    },
    "spectral_decrease": {
        "dmean": 2.22371276948e-09,
        "dmean2": 3.41139760884e-09,
        "dvar": 1.02444672775e-17,
        "dvar2": 2.28621388935e-17,
        "max": 6.11654285479e-29,
        "mean": -7.77815678532e-09,
        "median": -6.68739774667e-09,
        "min": -3.91698797841e-08,
        "var": 4.02659643877e-17
    },
    "spectral_energy": {
        "dmean": 0.00881894212216,
        "dmean2": 0.0134902745485,
        "dvar": 0.000153619417688,
        "dvar2": 0.00034109884291,
        "max": 0.150165140629,
        "mean": 0.0311898626387,
        "median": 0.0272671505809,
        "min": 1.0623813418e-20,
        "var": 0.000613652809989
    },
    "spectral_energyband_high": {
        "dmean": 0.000479014910525,
        "dmean2": 0.00069368298864,
        "dvar": 1.07051516807e-06,
        "dvar2": 2.20316314881e-06,
        "max": 0.0212873406708,
        "mean": 0.000685127568431,
        "median": 0.000217739725485,
        "min": 7.32816025988e-21,
        "var": 1.72301770363e-06
    },
    "spectral_energyband_low": {
        "dmean": 0.00483928574249,
        "dmean2": 0.00724642444402,
        "dvar": 0.000150064384798,
        "dvar2": 0.000352595205186,
        "max": 0.145168036222,
        "mean": 0.0107034901157,
        "median": 0.00132650346495,
        "min": 8.80086231805e-23,
        "var": 0.000398802483687
    },
    "spectral_energyband_middle_high": {
        "dmean": 0.00256384606473,
        "dmean2": 0.00389271927997,
        "dvar": 1.50315308929e-05,
        "dvar2": 3.31492556143e-05,
        "max": 0.0811798721552,
        "mean": 0.00626909453422,
        "median": 0.00381192727946,
        "min": 1.47433685565e-21,
        "var": 6.25385800959e-05
    },
    "spectral_energyband_middle_low": {
        "dmean": 0.00604147277772,
        "dmean2": 0.00982450600713,
        "dvar": 0.000101650119177,
        "dvar2": 0.000272667326499,
        "max": 0.0985098481178,
        "mean": 0.014605470933,
        "median": 0.0101416213438,
        "min": 3.70229108806e-22,
        "var": 0.00020038484945
    },
    "spectral_entropy": {
        "dmean": 0.200761288404,
        "dmean2": 0.281299263239,
        "dvar": 0.0417877957225,
        "dvar2": 0.0751956701279,
        "max": 9.80806541443,
        "mean": 7.39036512375,
        "median": 7.45320558548,
        "min": 4.32244873047,
        "var": 0.336505264044
    },
    "spectral_flux": {
        "dmean": 0.027815869078,
        "dmean2": 0.0414615012705,
        "dvar": 0.00123414816335,
        "dvar2": 0.00233103474602,
        "max": 0.422142505646,
        "mean": 0.0867970213294,
        "median": 0.0778709799051,
        "min": 1.0571778869e-10,
        "var": 0.00322338216938
    },
    "spectral_kurtosis": {
        "dmean": 3.82635569572,
        "dmean2": 6.36046981812,
        "dvar": 110.093002319,
        "dvar2": 331.388549805,
        "max": 367.337158203,
        "mean": 12.1514205933,
        "median": 4.94300127029,
        "min": -1.29495799541,
        "var": 1252.10144043
    },
    "spectral_rms": {
        "dmean": 0.000743415381294,
        "dmean2": 0.00111712678336,
        "dvar": 7.63436673878e-07,
        "dvar2": 1.59333751526e-06,
        "max": 0.0121038248762,
        "mean": 0.00498361280188,
        "median": 0.00515772216022,
        "min": 3.21942472681e-12,
        "var": 5.592861271e-06
    },
    "spectral_rolloff": {
        "dmean": 445.707397461,
        "dmean2": 726.161376953,
        "dvar": 863548.75,
        "dvar2": 1795650,
        "max": 19078.4179688,
        "mean": 1302.42272949,
        "median": 925.927734375,
        "min": 64.599609375,
        "var": 2456929
    },
    "spectral_skewness": {
        "dmean": 0.342983514071,
        "dmean2": 0.540571808815,
        "dvar": 0.230089634657,
        "dvar2": 0.6558624506,
        "max": 15.3831968307,
        "mean": 2.11075639725,
        "median": 1.78865754604,
        "min": -0.0287410151213,
        "var": 2.90237307549
    },
    "spectral_spread": {
        "dmean": 662823.4375,
        "dmean2": 891884.0625,
        "dvar": 846836334592,
        "dvar2": 1.19429450957e+12,
        "max": 53896500,
        "mean": 4251927.5,
        "median": 4006713.25,
        "min": 239850.796875,
        "var": 3.76716106138e+12
    },
    "spectral_strongpeak": {
        "dmean": 0.547018647194,
        "dmean2": 0.889471650124,
        "dvar": 0.63445597887,
        "dvar2": 1.57512974739,
        "max": 11.5728111267,
        "mean": 1.15313816071,
        "median": 0.713175475597,
        "min": 0,
        "var": 1.50152826309
    },
    "zerocrossingrate": {
        "dmean": 0.0118259591982,
        "dmean2": 0.0134783620015,
        "dvar": 0.000260138011072,
        "dvar2": 0.000309652183205,
        "max": 0.8408203125,
        "mean": 0.0535025037825,
        "median": 0.04345703125,
        "min": 0.00341796875,
        "var": 0.00235710130073
    },
    "barkbands": {
        "dmean": [0.00011522693967, 0.00319514400326, 0.00227533583529, 0.00125266727991, 0.00211830227636, 0.00180667894892, 0.00172077713069, 0.00113084027544, 0.00102777767461, 0.00125701189972, 0.000529093435034, 0.00050997157814, 0.000523798458744, 0.000465747725684, 0.000434736517491, 0.00020179207786, 0.00016662539565, 0.000157456262968, 0.000108538872155, 0.000109907254227, 8.67623602971e-05, 9.79953474598e-05, 0.000109908985905, 6.73071772326e-05, 7.30569809093e-05, 4.11443943449e-05, 4.94689447805e-06],
        "dmean2": [0.000155306945089, 0.0048050112091, 0.00370358908549, 0.0021496322006, 0.0034369090572, 0.00275853672065, 0.00271193264052, 0.00177633203566, 0.00160893867724, 0.00199435092509, 0.00083832081873, 0.000814580766018, 0.000820838031359, 0.000754290551413, 0.000694464135449, 0.000328615424223, 0.000267786119366, 0.000252509198617, 0.000170120620169, 0.000168749233126, 0.000133079112857, 0.000153133645654, 0.000165219098562, 0.000100882105471, 0.000106988998596, 6.09190428804e-05, 7.93842900748e-06],
        "dvar": [1.3345362504e-07, 9.5573872386e-05, 4.99439520354e-05, 1.86795805348e-05, 2.0965208023e-05, 9.81189259619e-06, 1.19223523143e-05, 4.47790307589e-06, 4.73806539958e-06, 7.10563836037e-06, 2.10586858884e-06, 2.01344460038e-06, 2.03101035368e-06, 1.170883138e-06, 1.43415138609e-06, 3.20706277535e-07, 1.90959482893e-07, 1.30472429305e-07, 4.46043273428e-08, 7.16886461305e-08, 4.67853205066e-08, 6.08849575201e-08, 9.64205426612e-08, 4.92000467034e-08, 3.700155915e-08, 1.1193033167e-08, 2.01509156583e-10],
        "dvar2": [3.53276277565e-07, 0.000206255645026, 0.000138297356898, 5.23422240803e-05, 5.33943348273e-05, 2.17024535232e-05, 2.74090798484e-05, 9.99973690341e-06, 1.03522252175e-05, 1.70647108462e-05, 4.99293855682e-06, 4.74481794299e-06, 4.91061564389e-06, 2.8442425446e-06, 3.49734227711e-06, 8.11139955204e-07, 4.38140347114e-07, 3.19519671166e-07, 1.08489572881e-07, 1.67430386e-07, 1.10112111429e-07, 1.429403369e-07, 2.05960148492e-07, 1.02716533945e-07, 8.0730551133e-08, 2.23767457896e-08, 4.77571870938e-10],
        "max": [0.0191307030618, 0.118616990745, 0.0786312744021, 0.0454023815691, 0.0666024014354, 0.0496830269694, 0.0591304413974, 0.0384835265577, 0.0784858763218, 0.0712431296706, 0.0503209866583, 0.0341495499015, 0.0613381713629, 0.0244678277522, 0.0364633686841, 0.0155141372234, 0.00987675599754, 0.00789283402264, 0.004981870763, 0.00758707011119, 0.0109002152458, 0.00514491368085, 0.00703646149486, 0.00723426043987, 0.0032627764158, 0.00418390566483, 0.000207815173781],
        "mean": [0.000342731043929, 0.0066993762739, 0.0028421333991, 0.00139295787085, 0.00329550285824, 0.00331792002544, 0.0026875436306, 0.00173447548877, 0.00166080018971, 0.00207427958958, 0.000797225045972, 0.000731613778044, 0.000775735126808, 0.000652511836961, 0.000595331075601, 0.000256708997767, 0.000222387112444, 0.000205403950531, 0.000150100939209, 0.000153423825395, 0.000120018368762, 0.000121643824968, 0.00013550411677, 8.30028948258e-05, 8.77307029441e-05, 4.87766665174e-05, 5.05785374116e-06],
        "median": [6.16423631072e-06, 0.000262301095063, 0.000214857369429, 0.000170538798557, 0.00127126183361, 0.0012958861189, 0.00109983119182, 0.000805286574177, 0.000608025933616, 0.000707994448021, 0.000333718460752, 0.000276888895314, 0.00029093271587, 0.000209550853469, 0.000164353434229, 9.00732411537e-05, 7.43369455449e-05, 7.64102951507e-05, 6.45713880658e-05, 5.69296244066e-05, 4.7665922466e-05, 3.42594175891e-05, 2.57021220023e-05, 1.66928639374e-05, 1.40016836667e-05, 4.81646429762e-06, 6.1085636105e-08],
        "min": [4.95205697758e-24, 2.44284047942e-23, 1.053001513e-24, 3.02256355127e-24, 3.81533838988e-23, 6.6022735275e-23, 1.6666477337e-23, 3.43630050679e-23, 4.9728005484e-23, 4.19982193756e-23, 5.81057714064e-23, 4.82451962623e-23, 1.15929092743e-22, 1.33979606028e-22, 1.21870061019e-22, 1.17968973448e-22, 1.61514877966e-22, 2.303819175e-22, 2.62343734102e-22, 2.45259682711e-22, 4.39401885582e-22, 4.29485411755e-22, 5.77386658333e-22, 7.48964283872e-22, 1.12798476153e-21, 1.5228192119e-21, 2.29534279515e-21],
        "var": [1.45907984006e-06, 0.000251723162364, 5.07318800373e-05, 1.73098360392e-05, 3.77088072128e-05, 2.64707632596e-05, 2.37518524955e-05, 8.85369445314e-06, 1.20353979582e-05, 2.326287904e-05, 3.4209729165e-06, 3.17768467539e-06, 3.20286471833e-06, 1.91516619452e-06, 2.28711337513e-06, 3.72028694073e-07, 2.75794320714e-07, 1.68776807641e-07, 6.13314838915e-08, 9.37356148256e-08, 5.76409533437e-08, 7.49194484229e-08, 1.42535014902e-07, 7.84050584457e-08, 4.93740301977e-08, 1.66082312347e-08, 2.47438874945e-10]
    },
    "erbbands": {
        "dmean": [0.107180371881, 0.825413286686, 2.44494867325, 3.58668589592, 4.71648836136, 7.19004392624, 14.3819408417, 13.9354829788, 26.6243457794, 17.1804714203, 25.973657608, 25.603931427, 25.5848693848, 37.0840530396, 21.6001319885, 21.3305778503, 22.6228790283, 24.6035442352, 24.6502819061, 14.1862564087, 9.77115631104, 8.47390651703, 8.24077796936, 7.03225278854, 5.07709360123, 5.39423084259, 3.77474570274, 3.48963427544, 3.54522395134, 2.89000844955, 3.5537211895, 1.70683300495, 1.04771077633, 0.669581830502, 0.579711914062, 0.235666111112, 0.06734380126, 0.0144907580689, 0.000725491496269, 2.22213147936e-05],
        "dmean2": [0.119859330356, 1.22979867458, 3.95775413513, 5.9816775322, 8.07361316681, 11.7021102905, 22.4549636841, 21.2965087891, 41.8336257935, 27.2643508911, 41.0891990662, 39.9406394958, 40.4734840393, 58.8804092407, 33.699306488, 34.0457687378, 35.1983451843, 39.5347290039, 39.1105117798, 22.3928451538, 15.7114934921, 13.4158782959, 13.0613241196, 11.3399686813, 7.87963914871, 8.36985874176, 5.90284347534, 5.27653312683, 5.55350923538, 4.50206232071, 5.38459014893, 2.52588057518, 1.5631172657, 0.973254024982, 0.868075609207, 0.342737466097, 0.100964747369, 0.0226817727089, 0.00116117496509, 3.31138398906e-05],
        "dvar": [0.0723701789975, 6.71774864197, 59.4350891113, 139.176177979, 198.302185059, 268.814941406, 818.224304199, 682.467102051, 2862.07983398, 1017.99615479, 2462.95239258, 3179.49047852, 2722.26123047, 8146.66552734, 2746.32055664, 3890.67016602, 4002.76269531, 3012.81445312, 4137.77880859, 1614.08959961, 615.493408203, 493.272888184, 388.631500244, 207.627029419, 121.129768372, 164.008468628, 158.604415894, 54.8538703918, 74.6482620239, 64.0969467163, 110.592681885, 29.2151165009, 12.9222106934, 3.19289660454, 2.7778813839, 0.280381917953, 0.04718484357, 0.00178487389348, 4.25699772677e-06, 1.49985923681e-09],
        "dvar2": [0.101836577058, 15.993314743, 161.697540283, 387.600769043, 556.337219238, 674.702636719, 1879.72937012, 1411.32568359, 6448.35205078, 2311.78613281, 5712.76464844, 6985.19238281, 6105.38916016, 19719.8925781, 6484.93115234, 9054.703125, 9387.22265625, 7270.84765625, 9773.5546875, 4014.20214844, 1513.32641602, 1153.72668457, 918.340454102, 502.557922363, 291.028442383, 389.914794922, 383.419921875, 121.949134827, 177.55796814, 150.965621948, 239.363616943, 59.1300201416, 27.5828952789, 6.51433992386, 6.34876966476, 0.57011204958, 0.0951184034348, 0.00399416778237, 9.90641638055e-06, 3.20573634305e-09],
        "max": [3.8388915062, 31.6894798279, 84.12134552, 129.736587524, 160.140197754, 327.530090332, 479.164215088, 557.860778809, 988.45880127, 658.10168457, 1073.15966797, 2046.36975098, 1183.88623047, 2557.109375, 1459.33630371, 1712.99597168, 2536.48535156, 942.473693848, 2054.76586914, 1265.47131348, 617.627502441, 674.8828125, 580.784118652, 233.712982178, 356.27432251, 325.815124512, 827.856018066, 122.981437683, 165.222137451, 206.510528564, 244.266891479, 197.018722534, 109.735313416, 55.0769081116, 27.0895957947, 8.75504684448, 10.9311170578, 0.994769871235, 0.0354960821569, 0.000920366088394],
        "mean": [0.247210606933, 1.30505907536, 3.11268496513, 4.37450313568, 5.83362579346, 10.8279027939, 24.3038806915, 26.6569728851, 44.3031730652, 27.9287395477, 42.1062164307, 42.6023368835, 43.0271072388, 61.3472061157, 36.1062927246, 32.9529037476, 35.7016792297, 36.6514778137, 36.4135856628, 19.878446579, 13.4739837646, 11.5311889648, 11.6069726944, 9.05045986176, 7.35216665268, 7.45144557953, 5.11670827866, 4.85919904709, 4.43391180038, 3.53545093536, 4.23632335663, 2.10242629051, 1.32450389862, 0.873550891876, 0.653857886791, 0.276167362928, 0.0805040448904, 0.0151723334566, 0.000795360421762, 5.2376613894e-05],
        "median": [0.00514119770378, 0.0638588517904, 0.296469897032, 0.694568872452, 1.50228965282, 3.7063369751, 7.69132518768, 10.3049821854, 17.2640514374, 14.4024982452, 19.9684848785, 16.5643310547, 17.7378559113, 21.4722499847, 16.8709602356, 14.1443605423, 14.4914464951, 13.6330337524, 10.7023925781, 6.9861869812, 5.4358124733, 4.01876354218, 4.39411497116, 3.68591117859, 3.26213860512, 2.76983261108, 2.09882545471, 1.80171060562, 1.26635742188, 0.908189058304, 0.727535545826, 0.399971604347, 0.249888733029, 0.165417253971, 0.0889021009207, 0.0297520849854, 0.00704813748598, 0.000756481429562, 3.9283582737e-05, 3.84920749639e-05],
        "min": [2.09871796497e-21, 1.50491648697e-21, 1.98081221399e-21, 7.06093891676e-21, 5.95972192988e-20, 7.396870696e-20, 2.38732312246e-19, 6.5700867424e-19, 3.5718555824e-19, 3.97447385484e-19, 5.84556906664e-19, 1.34919744333e-18, 1.21994457896e-18, 1.47401837738e-18, 2.88866607309e-18, 3.12409615108e-18, 5.32608609687e-18, 6.74479431881e-18, 8.20931759334e-18, 5.62183418513e-18, 5.49871041891e-18, 8.81114442853e-18, 1.06178135926e-17, 1.26573853844e-17, 1.26767099779e-17, 1.25113838704e-17, 1.37691715488e-17, 2.00443530999e-17, 1.59733754435e-17, 1.66209734907e-17, 1.48105679517e-17, 1.34228517058e-17, 1.31361095465e-17, 1.30653285286e-17, 7.80604801956e-18, 5.1723773275e-18, 2.93427184898e-18, 1.1724686511e-18, 3.27374873693e-19, 3.31685790078e-20],
        "var": [0.341439723969, 11.3811407089, 61.0516281128, 133.738769531, 190.599761963, 487.842041016, 2008.26403809, 1953.08032227, 6302.70751953, 1916.15429688, 5061.45361328, 8030.11914062, 6328.90234375, 26749.1933594, 4958.45068359, 6332.16845703, 6761.68066406, 5019.69726562, 7533.6484375, 2174.13183594, 780.439575195, 668.266235352, 576.775085449, 254.023468018, 164.041000366, 212.304000854, 165.152435303, 79.5592422485, 92.6177062988, 78.3800888062, 152.731674194, 47.0885734558, 20.5532970428, 5.3437128067, 3.14948296547, 0.383215010166, 0.0796528980136, 0.00203997129574, 5.73397164771e-06, 3.00490166083e-09]
    },
    "gfcc": {
        "mean": [-40.2483253479, 100.363296509, -132.805236816, 1.26671266556, -74.39427948, 2.52845215797, -38.8970756531, 0.107048146427, -24.7605819702, 3.14390397072, -12.7827415466, -0.361975908279, -8.67515277863],
        "cov": [[23077.40625, -3253.51538086, 85.4947433472, 1862.53173828, 7.9454164505, 1145.10949707, -394.290802002, 1278.72729492, -197.180160522, 937.931396484, -558.73260498, 651.796691895, -453.328887939], [-3253.51538086, 3610.74951172, 290.711883545, -175.106887817, 684.681884766, -296.405700684, 534.616210938, -399.334411621, 233.056289673, -298.895904541, 267.737762451, -309.916870117, 193.884002686], [85.4947433472, 290.711883545, 2059.85839844, 618.540649414, 536.166320801, 627.951965332, 136.808120728, 311.736328125, -28.362285614, 180.184890747, -98.270690918, 72.5020065308, -139.56652832], [1862.53173828, -175.106887817, 618.540649414, 1069.45703125, 334.946899414, 324.710174561, 181.019683838, 279.013305664, 119.931762695, 125.6223526, -5.78990793228, 113.000137329, -45.3760452271], [7.9454164505, 684.681884766, 536.166320801, 334.946899414, 637.317077637, 242.176864624, 263.687225342, 107.80381012, 112.253578186, 73.1679611206, 28.7645435333, 1.26331365108, 4.72636556625], [1145.10949707, -296.405700684, 627.951965332, 324.710174561, 242.176864624, 618.36907959, 107.427474976, 271.500518799, 42.7669372559, 200.79888916, -34.0997085571, 85.1985015869, -48.6263313293], [-394.290802002, 534.616210938, 136.808120728, 181.019683838, 263.687225342, 107.427474976, 352.139434814, 66.2077026367, 131.920898438, 33.840927124, 97.0158615112, 4.26117658615, 41.077255249], [1278.72729492, -399.334411621, 311.736328125, 279.013305664, 107.80381012, 271.500518799, 66.2077026367, 317.539611816, 62.7185211182, 154.308578491, -16.3108863831, 106.032546997, -23.7971000671], [-197.180160522, 233.056289673, -28.362285614, 119.931762695, 112.253578186, 42.7669372559, 131.920898438, 62.7185211182, 181.706344604, 44.810092926, 67.4788665771, 17.3671627045, 45.1263618469], [937.931396484, -298.895904541, 180.184890747, 125.6223526, 73.1679611206, 200.79888916, 33.840927124, 154.308578491, 44.810092926, 199.949142456, 20.0464687347, 86.6331863403, -20.2925281525], [-558.73260498, 267.737762451, -98.270690918, -5.78990793228, 28.7645435333, -34.0997085571, 97.0158615112, -16.3108863831, 67.4788665771, 20.0464687347, 170.650421143, 39.8898849487, 62.7900352478], [651.796691895, -309.916870117, 72.5020065308, 113.000137329, 1.26331365108, 85.1985015869, 4.26117658615, 106.032546997, 17.3671627045, 86.6331863403, 39.8898849487, 151.36807251, 23.6379375458], [-453.328887939, 193.884002686, -139.56652832, -45.3760452271, 4.72636556625, -48.6263313293, 41.077255249, -23.7971000671, 45.1263618469, -20.2925281525, 62.7900352478, 23.6379375458, 111.448242188]],
        "icov": [[0.000126205995912, -0.000199564048671, 0.000276812410448, -0.00025129923597, 9.30655514821e-05, -9.91287015495e-05, 0.000191779254237, -0.000384558516089, 0.000427785649663, -0.000524219241925, 0.000553257821593, -0.000541490619071, 0.00043935290887], [-0.000199564048671, 0.00139161280822, -0.000896552461199, 0.000660801539198, -0.00097865704447, 0.000543156347703, -0.000947019667365, 0.00135593814775, -0.00134080694988, 0.00159146240912, -0.00197970727459, 0.00246090558358, -0.00174325332046], [0.000276812410448, -0.000896552461199, 0.0017418920761, -0.000856538012158, -4.23773635703e-05, -0.00097278773319, 0.000786499062087, -0.00135913852137, 0.00182099477388, -0.0012736665085, 0.00167001050431, -0.00198106863536, 0.00202561961487], [-0.00025129923597, 0.000660801539198, -0.000856538012158, 0.00212022662163, -0.000766924757045, 0.000216905595153, -0.00073913478991, 0.000236980486079, -0.0017703777412, 0.00188583205454, -0.0011885620188, 0.000486159464344, -0.000304234214127], [9.30655514821e-05, -0.00097865704447, -4.23773635703e-05, -0.000766924757045, 0.00386505085044, -0.000661071855575, -0.0010980918305, -0.000287109985948, 0.000214251631405, -0.00148835009895, 0.00174161372706, -0.000944629253354, 0.000468236714369], [-9.91287015495e-05, 0.000543156347703, -0.00097278773319, 0.000216905595153, -0.000661071855575, 0.00398387480527, -0.000890125636943, -0.000914553122129, -0.000116952047392, -0.00154197437223, -0.000112020083179, 0.00135931232944, -0.00103759521153], [0.000191779254237, -0.000947019667365, 0.000786499062087, -0.00073913478991, -0.0010980918305, -0.000890125636943, 0.00659296941012, -0.00177716859616, -0.000935228774324, -0.000311543117277, -0.00123134255409, -0.000581809377763, 0.00109939067625], [-0.000384558516089, 0.00135593814775, -0.00135913852137, 0.000236980486079, -0.000287109985948, -0.000914553122129, -0.00177716859616, 0.00966517347842, -0.00354703562334, -0.000436928443378, -0.000227059936151, -0.000323471351294, -0.00164355698507], [0.000427785649663, -0.00134080694988, 0.00182099477388, -0.0017703777412, 0.000214251631405, -0.000116952047392, -0.000935228774324, -0.00354703562334, 0.0118979848921, -0.00414485717192, 0.00083615857875, -0.000659858691506, -0.000743963464629], [-0.000524219241925, 0.00159146240912, -0.0012736665085, 0.00188583205454, -0.00148835009895, -0.00154197437223, -0.000311543117277, -0.000436928443378, -0.00414485717192, 0.0139826936647, -0.00501175969839, -0.000421553151682, 0.000821017136332], [0.000553257821593, -0.00197970727459, 0.00167001050431, -0.0011885620188, 0.00174161372706, -0.000112020083179, -0.00123134255409, -0.000227059936151, 0.00083615857875, -0.00501175969839, 0.0139777828008, -0.00700852274895, -5.51614430151e-05], [-0.000541490619071, 0.00246090558358, -0.00198106863536, 0.000486159464344, -0.000944629253354, 0.00135931232944, -0.000581809377763, -0.000323471351294, -0.000659858691506, -0.000421553151682, -0.00700852274895, 0.0173893421888, -0.00753740081564], [0.00043935290887, -0.00174325332046, 0.00202561961487, -0.000304234214127, 0.000468236714369, -0.00103759521153, 0.00109939067625, -0.00164355698507, -0.000743963464629, 0.000821017136332, -5.51614430151e-05, -0.00753740081564, 0.0170571543276]]
    },
    "melbands": {
        "dmean": [0.000873884011526, 0.00118243694305, 0.000637452234514, 0.000409650820075, 0.000460906128865, 0.000321662781062, 0.000392819929402, 0.000190913793631, 0.000219232650124, 0.000150483407197, 0.000133367808303, 0.00016214432253, 7.1272275818e-05, 6.38640558464e-05, 5.1078870456e-05, 4.9191810831e-05, 4.93690567964e-05, 4.11356522818e-05, 2.63780275418e-05, 1.65966048371e-05, 1.1480629837e-05, 9.31310933083e-06, 8.83061602508e-06, 7.5757684499e-06, 5.89170349485e-06, 4.06678873333e-06, 3.60374633601e-06, 3.76782554667e-06, 2.57869214693e-06, 2.03067747861e-06, 2.15000113712e-06, 1.97906570065e-06, 2.05129867936e-06, 1.44770706356e-06, 2.14026817957e-06, 1.661285296e-06, 9.04159435322e-07, 7.69197811223e-07, 6.80577898038e-07, 5.28931423105e-07],
        "dmean2": [0.00115322507918, 0.00184779264964, 0.00107004062738, 0.000677888339851, 0.000719403615221, 0.000492232793476, 0.000616028613877, 0.00030186472577, 0.000347308145138, 0.000235413332121, 0.000211465288885, 0.000257956126006, 0.000112025845738, 0.000101358928077, 8.10274432297e-05, 7.75976877776e-05, 8.00042544142e-05, 6.53084644e-05, 4.16412331106e-05, 2.67940104095e-05, 1.87154055311e-05, 1.50745263454e-05, 1.40374531838e-05, 1.19941723824e-05, 9.65911567619e-06, 6.32756018604e-06, 5.66423022974e-06, 5.91425850871e-06, 4.0697550503e-06, 3.20745448334e-06, 3.30068087351e-06, 3.10353425448e-06, 3.2771390579e-06, 2.26744350584e-06, 3.27002476297e-06, 2.50443395089e-06, 1.38064285693e-06, 1.17311572012e-06, 1.00848660622e-06, 7.75480600623e-07],
        "dvar": [5.74241266804e-06, 1.26713002828e-05, 4.2407014007e-06, 1.03441504962e-06, 8.01889314062e-07, 3.37111202953e-07, 6.21439482984e-07, 1.25352229929e-07, 1.68992286831e-07, 1.05396793515e-07, 7.36067988782e-08, 1.57957131819e-07, 3.88624492587e-08, 2.94312876292e-08, 1.41632066075e-08, 2.51417517916e-08, 1.2701978136e-08, 1.13723110928e-08, 5.48580869619e-09, 2.50017873071e-09, 1.00550701099e-09, 6.96749991036e-10, 4.86875539885e-10, 3.10109049551e-10, 1.55220766795e-10, 7.90125118111e-11, 7.31376209595e-11, 9.10003600252e-11, 1.02457334283e-10, 2.05071949005e-11, 2.21655974825e-11, 2.17596184127e-11, 3.16179235571e-11, 1.77582479971e-11, 3.9473393304e-11, 2.76130299182e-11, 9.06004524875e-12, 8.23840041325e-12, 3.98056544323e-12, 2.06084216532e-12],
        "dvar2": [9.99701933324e-06, 3.32082672685e-05, 1.19137957881e-05, 2.7778949061e-06, 1.80863389687e-06, 7.03134844571e-07, 1.41035081924e-06, 2.7650452239e-07, 3.94309410012e-07, 2.33888485468e-07, 1.66591433981e-07, 3.82668446264e-07, 9.11189559361e-08, 6.92183590445e-08, 3.32962351024e-08, 6.19355162712e-08, 3.09808712018e-08, 2.6723517621e-08, 1.32517863349e-08, 6.32585139826e-09, 2.48853249118e-09, 1.65984492817e-09, 1.12258680129e-09, 7.35867533574e-10, 3.83286374861e-10, 1.90219048846e-10, 1.74344330639e-10, 2.20034296339e-10, 2.48341958109e-10, 4.89651617863e-11, 4.9043272915e-11, 5.19338669291e-11, 7.61091398238e-11, 4.22155400914e-11, 8.68801905418e-11, 5.81155124024e-11, 1.90796024813e-11, 1.8867490903e-11, 8.14936659821e-12, 4.3705750824e-12],
        "max": [0.0310622174293, 0.0385627448559, 0.0217448491603, 0.0129531435668, 0.0176497995853, 0.0112847527489, 0.0140944812447, 0.00735915219411, 0.0090649984777, 0.0111153312027, 0.00602100556716, 0.0114402202889, 0.00720806000754, 0.00391716510057, 0.00266590178944, 0.00842328928411, 0.00197885953821, 0.00301021966152, 0.00225506699644, 0.0015600908082, 0.000979811884463, 0.000782258168329, 0.000504921656102, 0.000410563603509, 0.000240109409788, 0.0002473006316, 0.000283675355604, 0.000303996406728, 0.000701323326211, 0.00014723392087, 7.01013559592e-05, 8.33436497487e-05, 0.000118834774185, 0.000109771310235, 0.000141717260703, 0.000153050976223, 0.000127977633383, 9.61475525401e-05, 5.09700948896e-05, 5.01075228385e-05],
        "mean": [0.00200194097124, 0.00165735487826, 0.000786871707533, 0.000572976481635, 0.000792999344412, 0.00061193224974, 0.000650392321404, 0.000303164124489, 0.000354993448127, 0.000244827679126, 0.000215995823964, 0.00026138999965, 0.000112520414405, 9.54052302404e-05, 7.72675048211e-05, 7.19401868992e-05, 6.82895042701e-05, 5.85572706768e-05, 3.54430048901e-05, 2.11085607589e-05, 1.47047476275e-05, 1.18111402116e-05, 1.19259339044e-05, 9.55434188654e-06, 7.02767738403e-06, 5.58140482099e-06, 4.89894955535e-06, 4.99577299706e-06, 3.33071170644e-06, 2.65743165073e-06, 2.8939589356e-06, 2.4752405352e-06, 2.35129164139e-06, 1.77742833785e-06, 2.52154404734e-06, 1.98001612262e-06, 1.0584217307e-06, 9.43830855249e-07, 8.39000506403e-07, 6.87633303187e-07],
        "median": [6.13145748503e-05, 0.00018327649741, 0.000162311043823, 0.000179951035534, 0.000260307744611, 0.000237171028857, 0.000256096740486, 0.000156068141223, 0.000158739800099, 9.11599272513e-05, 8.3348575572e-05, 8.39665008243e-05, 4.99583074998e-05, 4.13583584304e-05, 3.212242882e-05, 2.81011980405e-05, 2.26565280173e-05, 1.63277018146e-05, 1.06166944533e-05, 6.83106645738e-06, 5.49201786271e-06, 3.94729750042e-06, 3.98054999096e-06, 3.51773906004e-06, 2.67197674475e-06, 2.38862571678e-06, 1.95695429284e-06, 1.69427630681e-06, 1.27721216359e-06, 1.0572332485e-06, 9.95517439151e-07, 7.22576032786e-07, 5.40198982435e-07, 4.52150828778e-07, 4.33729411498e-07, 3.00737895031e-07, 2.00961324026e-07, 1.71436894902e-07, 1.47126456795e-07, 1.3173678326e-07],
        "min": [1.99007281624e-23, 1.12301153784e-24, 2.06580839352e-24, 7.6708203335e-24, 7.45855521884e-24, 1.42791049811e-23, 4.7312066897e-24, 5.05211570037e-24, 4.99372697718e-24, 7.78268712074e-24, 6.34115938458e-24, 5.76499983409e-24, 8.6339421904e-24, 5.24739624531e-24, 1.08936413532e-23, 1.08002504772e-23, 1.26451918195e-23, 1.31264253707e-23, 8.06740279866e-24, 8.39087047968e-24, 5.98720183514e-24, 9.09127483387e-24, 8.46322795735e-24, 1.19162630438e-23, 9.75332319314e-24, 1.06813912269e-23, 7.77668862242e-24, 8.21318744939e-24, 8.74248708438e-24, 7.81357970265e-24, 1.33932094514e-23, 9.47585951353e-24, 7.04198538493e-24, 1.08962635268e-23, 8.9877683945e-24, 6.09324367346e-24, 8.75102492596e-24, 8.83774124982e-24, 1.06467484002e-23, 1.05739452161e-23],
        "var": [2.18811419472e-05, 1.51056719915e-05, 3.88759826819e-06, 1.40453971653e-06, 2.12414306588e-06, 9.79390620159e-07, 1.3438627775e-06, 2.39601575913e-07, 3.64826718169e-07, 2.59888537357e-07, 1.69833697328e-07, 5.26527855982e-07, 6.45596927029e-08, 4.70630041605e-08, 2.37740760411e-08, 3.54029019434e-08, 2.05554737676e-08, 2.03777759111e-08, 7.98430743743e-09, 2.92891555453e-09, 1.17856469029e-09, 8.39466218761e-10, 7.80104203457e-10, 3.98857502582e-10, 1.78040471255e-10, 1.02397333668e-10, 9.45620109993e-11, 1.12134149188e-10, 1.00722201413e-10, 2.58876219073e-11, 3.16385667665e-11, 2.74819351304e-11, 3.57914600735e-11, 2.17772518768e-11, 5.2825042951e-11, 4.14556895756e-11, 1.3320634526e-11, 1.18321090772e-11, 6.42327900938e-12, 3.28427823132e-12]
    },
    "mfcc": {
        "mean": [-669.003540039, 130.117935181, -11.0252218246, -0.837255358696, -17.6588401794, -5.3330450058, -8.96858882904, -6.8614525795, -8.49608039856, -2.58156776428, -2.7546710968, -3.0988843441, -2.40709638596],
        "cov": [[11557.3730469, -557.015686035, 174.784057617, 438.808288574, 537.167480469, 579.085632324, 175.079818726, 327.646728516, 304.309936523, 375.990539551, 258.925689697, 120.18421936, 86.1313400269], [-557.015686035, 2220.265625, 79.9914703369, 337.788696289, 149.170013428, 195.676925659, 281.097503662, 62.4068222046, 103.937858582, 35.8838577271, 71.8575286865, 22.3231239319, 21.0017166138], [174.784057617, 79.9914703369, 1243.36950684, 422.658966064, 454.099243164, 337.194366455, 272.522460938, 244.829391479, 178.709350586, 102.670539856, 105.603149414, 90.8315505981, 47.0550117493], [438.808288574, 337.788696289, 422.658966064, 763.678955078, 326.942596436, 243.187011719, 190.782455444, 220.362380981, 159.605514526, 77.9264984131, 90.0639419556, 109.483131409, 70.3732299805], [537.167480469, 149.170013428, 454.099243164, 326.942596436, 491.882385254, 299.032348633, 196.576751709, 182.353912354, 162.438308716, 121.724395752, 83.6587982178, 67.898651123, 49.742023468], [579.085632324, 195.676925659, 337.194366455, 243.187011719, 299.032348633, 431.766235352, 229.728515625, 183.439682007, 161.686264038, 131.941253662, 120.297203064, 74.4309539795, 57.2140045166], [175.079818726, 281.097503662, 272.522460938, 190.782455444, 196.576751709, 229.728515625, 291.1355896, 157.749847412, 119.117706299, 102.766532898, 98.8554534912, 67.5233078003, 56.7295150757], [327.646728516, 62.4068222046, 244.829391479, 220.362380981, 182.353912354, 183.439682007, 157.749847412, 229.326934814, 141.708297729, 88.6536636353, 84.3350296021, 82.7021484375, 60.583946228], [304.309936523, 103.937858582, 178.709350586, 159.605514526, 162.438308716, 161.686264038, 119.117706299, 141.708297729, 210.440673828, 105.327964783, 81.1349487305, 50.9286804199, 44.3006591797], [375.990539551, 35.8838577271, 102.670539856, 77.9264984131, 121.724395752, 131.941253662, 102.766532898, 88.6536636353, 105.327964783, 160.978912354, 85.9271469116, 35.2350463867, 37.4996566772], [258.925689697, 71.8575286865, 105.603149414, 90.0639419556, 83.6587982178, 120.297203064, 98.8554534912, 84.3350296021, 81.1349487305, 85.9271469116, 134.118453979, 77.0126190186, 44.3142471313], [120.18421936, 22.3231239319, 90.8315505981, 109.483131409, 67.898651123, 74.4309539795, 67.5233078003, 82.7021484375, 50.9286804199, 35.2350463867, 77.0126190186, 127.4375, 71.3238143921], [86.1313400269, 21.0017166138, 47.0550117493, 70.3732299805, 49.742023468, 57.2140045166, 56.7295150757, 60.583946228, 44.3006591797, 37.4996566772, 44.3142471313, 71.3238143921, 96.4494094849]],
