{
"lowlevel": {
    "average_loudness": 0.918119549751,
    "barkbands_crest": {
        "dmean": 2.74952840805,
        "dmean2": 4.2797203064,
        "dvar": 7.53946399689,
        "dvar2": 15.7596168518,
        "max": 26.4941177368,
        "mean": 11.6605062485,
        "median": 10.0682678223,
        "min": 2.52847123146,
        "var": 29.5074806213
    },
    "barkbands_flatness_db": {
        "dmean": 0.0293693244457,
        "dmean2": 0.0417237170041,
        "dvar": 0.000825348834042,
        "dvar2": 0.00170982186683,
        "max": 0.621845185757,
        "mean": 0.187360793352,
        "median": 0.173936486244,
        "min": 0.0320558920503,
        "var": 0.00632913969457
    },
    "barkbands_kurtosis": {
        "dmean": 5.76320266724,
        "dmean2": 8.68503665924,
        "dvar": 180.402206421,
        "dvar2": 357.740203857,
        "max": 405.403137207,
        "mean": 9.0364484787,
        "median": 3.88055205345,
        "min": -1.93822979927,
        "var": 399.094543457
    },
    "barkbands_skewness": {
        "dmean": 0.707930982113,
        "dmean2": 1.05153918266,
        "dvar": 0.694153547287,
        "dvar2": 1.39803624153,
        "max": 17.8553676605,
        "mean": 1.98599529266,
        "median": 1.72618031502,
        "min": -2.26570987701,
        "var": 2.96531653404
    },
    "barkbands_spread": {
        "dmean": 5.56493186951,
        "dmean2": 8.35799407959,
        "dvar": 59.486038208,
        "dvar2": 131.621307373,
        "max": 82.9106674194,
        "mean": 13.5542135239,
        "median": 10.2931613922,
        "min": 0.132988929749,
        "var": 124.431518555
    },
    "dissonance": {
        "dmean": 0.0291987732053,
        "dmean2": 0.048817012459,
        "dvar": 0.000784322852269,
        "dvar2": 0.00214455486275,
        "max": 0.500000059605,
        "mean": 0.44482177496,
        "median": 0.457010447979,
        "min": 0.0943071097136,
        "var": 0.00215815310366
    },
    "dynamic_complexity": 4.1889705658,
    "erbbands_crest": {
        "dmean": 3.12256908417,
        "dmean2": 5.04074716568,
        "dvar": 9.01202392578,
        "dvar2": 21.705581665,
        "max": 28.944770813,
        "mean": 10.5361299515,
        "median": 9.31105804443,
        "min": 2.29426932335,
        "var": 25.2018623352
    },
    "erbbands_flatness_db": {
        "dmean": 0.0259387902915,
        "dmean2": 0.035754557699,
        "dvar": 0.000675552582834,
        "dvar2": 0.00123238866217,
        "max": 0.530430078506,
        "mean": 0.198322057724,
        "median": 0.18361723423,
        "min": 0.0464699827135,
        "var": 0.0070780958049
    },
    "erbbands_kurtosis": {
        "dmean": 1.66150438786,
        "dmean2": 2.64314341545,
        "dvar": 5.76372241974,
        "dvar2": 13.0500001907,
        "max": 43.2955627441,
        "mean": 1.84855210781,
        "median": 0.863691210747,
        "min": -1.84103727341,
        "var": 11.5335006714
    },
    "erbbands_skewness": {
        "dmean": 0.466619312763,
        "dmean2": 0.71889257431,
        "dvar": 0.210484236479,
        "dvar2": 0.472072064877,
        "max": 5.34458589554,
        "mean": 0.73570805788,
        "median": 0.680537223816,
        "min": -2.4884095192,
        "var": 0.766674816608
    },
    "erbbands_spread": {
        "dmean": 9.64463043213,
        "dmean2": 14.183681488,
        "dvar": 158.15447998,
        "dvar2": 314.29800415,
        "max": 167.955673218,
        "mean": 28.9701061249,
        "median": 23.214176178,
        "min": 2.11457920074,
        "var": 484.087493896
    },
    "hfc": {
        "dmean": 9.58675765991,
        "dmean2": 13.5635566711,
        "dvar": 217.066650391,
        "dvar2": 459.3175354,
        "max": 172.75843811,
        "mean": 20.8351402283,
        "median": 15.1129798889,
        "min": 1.07704990569e-16,
        "var": 465.97845459
    },
    "melbands_crest": {
        "dmean": 3.31512618065,
        "dmean2": 5.06131267548,
        "dvar": 9.6689081192,
        "dvar2": 21.2864608765,
        "max": 34.7180557251,
        "mean": 15.2578487396,
        "median": 13.7677555084,
        "min": 1.00255763531,
        "var": 46.2807769775
    },
    "melbands_flatness_db": {
        "dmean": 0.0334677770734,
        "dmean2": 0.0471361763775,
        "dvar": 0.00117966113612,
        "dvar2": 0.0023623413872,
        "max": 0.782307088375,
        "mean": 0.258374124765,
        "median": 0.24821934104,
        "min": -6.64403444262e-07,
        "var": 0.00896208919585
    },
    "melbands_kurtosis": {
        "dmean": 10.895406723,
        "dmean2": 16.4213256836,
        "dvar": 689.088256836,
        "dvar2": 1277.54846191,
        "max": 946.93145752,
        "mean": 18.3808708191,
        "median": 7.17066526413,
        "min": -1.72653913498,
        "var": 1843.97119141
    },
    "melbands_skewness": {
        "dmean": 0.875983297825,
        "dmean2": 1.30039584637,
        "dvar": 1.24917769432,
        "dvar2": 2.34680104256,
        "max": 24.0782012939,
        "mean": 2.60098671913,
        "median": 2.06565904617,
        "min": -1.55912709236,
        "var": 5.3638792038
    },
    "melbands_spread": {
        "dmean": 5.0851225853,
        "dmean2": 7.91566133499,
        "dvar": 55.4316368103,
        "dvar2": 130.022033691,
        "max": 162.494979858,
        "mean": 15.2491807938,
        "median": 11.1261291504,
        "min": 0.222597688437,
        "var": 334.297424316
    },
    "pitch_salience": {
        "dmean": 0.078222297132,
        "dmean2": 0.122838966548,
        "dvar": 0.00646424107254,
        "dvar2": 0.0139322783798,
        "max": 0.997652351856,
        "mean": 0.551780581474,
        "median": 0.578788518906,
        "min": 0.0387242697179,
        "var": 0.0259684249759
    },
    "silence_rate_20dB": {
        "dmean": 0,
        "dmean2": 0,
        "dvar": 0,
        "dvar2": 0,
        "max": 1,
        "mean": 1,
        "median": 1,
        "min": 1,
        "var": 0
    },
    "silence_rate_30dB": {
        "dmean": 0.0341065563262,
        "dmean2": 0.0682203397155,
        "dvar": 0.0329404808581,
        "dvar2": 0.0741621926427,
        "max": 1,
        "mean": 0.962402045727,
        "median": 1,
        "min": 0,
        "var": 0.0361813940108
    },
    "silence_rate_60dB": {
        "dmean": 0.015676304698,
        "dmean2": 0.0313559323549,
        "dvar": 0.0154291978106,
        "dvar2": 0.0348188132048,
        "max": 1,
        "mean": 0.138953611255,
        "median": 0,
        "min": 0,
        "var": 0.119647808373
    },
    "spectral_centroid": {
        "dmean": 208.220703125,
        "dmean2": 319.626586914,
        "dvar": 77670.625,
        "dvar2": 166041.390625,
        "max": 11660.7148438,
        "mean": 1029.20068359,
        "median": 802.784301758,
        "min": 115.512916565,
        "var": 1567902.875
    },
    "spectral_complexity": {
        "dmean": 3.28206753731,
        "dmean2": 4.97648286819,
        "dvar": 13.915678978,
        "dvar2": 29.9502277374,
        "max": 46,
        "mean": 15.4375133514,
        "median": 15,
        "min": 0,
        "var": 72.4725875854
    },
    "spectral_decrease": {
        "dmean": 2.92274116021e-09,
        "dmean2": 4.28453006407e-09,
        "dvar": 2.12609620731e-17,
        "dvar2": 4.70495865645e-17,
        "max": 1.93451862897e-28,
        "mean": -9.23965703947e-09,
        "median": -6.69827393551e-09,
        "min": -5.13193363361e-08,
        "var": 7.29096314843e-17
    },
    "spectral_energy": {
        "dmean": 0.0115578621626,
        "dmean2": 0.0168776847422,
        "dvar": 0.00031903013587,
        "dvar2": 0.000702663732227,
        "max": 0.195828288794,
        "mean": 0.0367624647915,
        "median": 0.0276467725635,
        "min": 9.70223647256e-21,
        "var": 0.00110387057066
    },
    "spectral_energyband_high": {
        "dmean": 0.000608258647844,
        "dmean2": 0.000895410077646,
        "dvar": 1.66974427884e-06,
        "dvar2": 3.55201723323e-06,
        "max": 0.0167062208056,
        "mean": 0.000658402917907,
        "median": 0.000139735871926,
        "min": 6.95821423223e-21,
        "var": 2.21670075007e-06
    },
    "spectral_energyband_low": {
        "dmean": 0.0073568560183,
        "dmean2": 0.0104407239705,
        "dvar": 0.000296291545965,
        "dvar2": 0.000649755005725,
        "max": 0.174760401249,
        "mean": 0.0167736727744,
        "median": 0.00066307967063,
        "min": 1.51197498716e-23,
        "var": 0.000838275416754
    },
    "spectral_energyband_middle_high": {
        "dmean": 0.00238054338843,
        "dmean2": 0.00346431904472,
        "dvar": 1.47043620018e-05,
        "dvar2": 3.06208748952e-05,
        "max": 0.0665373429656,
        "mean": 0.00529189314693,
        "median": 0.00274773337878,
        "min": 1.10488580351e-21,
        "var": 4.96890679642e-05
    },
    "spectral_energyband_middle_low": {
        "dmean": 0.00618419982493,
        "dmean2": 0.0098135676235,
        "dvar": 8.44955866341e-05,
        "dvar2": 0.000211820370168,
        "max": 0.101439550519,
        "mean": 0.0153166083619,
        "median": 0.0117528550327,
        "min": 1.35906597582e-22,
        "var": 0.000200590657187
    },
    "spectral_entropy": {
        "dmean": 0.245936959982,
        "dmean2": 0.346019357443,
        "dvar": 0.0631811618805,
        "dvar2": 0.125850945711,
        "max": 9.82554912567,
        "mean": 7.22201728821,
        "median": 7.26870727539,
        "min": 3.83936429024,
        "var": 0.530360519886
    },
    "spectral_flux": {
        "dmean": 0.0338970273733,
        "dmean2": 0.0505177155137,
        "dvar": 0.00199085194618,
        "dvar2": 0.00370613229461,
        "max": 0.430334478617,
        "mean": 0.0897375941277,
        "median": 0.0790125727654,
        "min": 6.41166356119e-11,
        "var": 0.00461487285793
    },
    "spectral_kurtosis": {
        "dmean": 5.49831342697,
        "dmean2": 8.99198150635,
        "dvar": 153.855529785,
        "dvar2": 474.367736816,
        "max": 529.802185059,
        "mean": 13.9776535034,
        "median": 7.15921545029,
        "min": -1.26403081417,
        "var": 745.696777344
    },
    "spectral_rms": {
        "dmean": 0.000877517217305,
        "dmean2": 0.00124808400869,
        "dvar": 1.29647435188e-06,
        "dvar2": 2.62241542259e-06,
        "max": 0.0138221560046,
        "mean": 0.00524928839877,
        "median": 0.00519350171089,
        "min": 3.07662098922e-12,
        "var": 8.31065881357e-06
    },
    "spectral_rolloff": {
        "dmean": 436.013275146,
        "dmean2": 752.253356934,
        "dvar": 1238557.375,
        "dvar2": 2904786.5,
        "max": 19444.4824219,
        "mean": 1315.38195801,
        "median": 796.728515625,
        "min": 64.599609375,
        "var": 6302178.5
    },
    "spectral_skewness": {
        "dmean": 0.465713083744,
        "dmean2": 0.726450502872,
        "dvar": 0.339564532042,
        "dvar2": 0.918692350388,
        "max": 19.2563800812,
        "mean": 2.47627592087,
        "median": 2.14797258377,
        "min": -0.066890463233,
        "var": 2.36071062088
    },
    "spectral_spread": {
        "dmean": 1032607.625,
        "dmean2": 1370381.25,
        "dvar": 1.65388969574e+12,
        "dvar2": 2.92682517709e+12,
        "max": 45174096,
        "mean": 4836873,
        "median": 3842296,
        "min": 253249.875,
        "var": 2.32489075343e+13
    },
    "spectral_strongpeak": {
        "dmean": 0.477999269962,
        "dmean2": 0.789781868458,
        "dvar": 0.532488942146,
        "dvar2": 1.29331469536,
        "max": 9.06980228424,
        "mean": 1.02143287659,
        "median": 0.677553296089,
        "min": 0,
        "var": 1.10669803619
    },
    "zerocrossingrate": {
        "dmean": 0.0123486388475,
        "dmean2": 0.0145872468129,
        "dvar": 0.00025811928208,
        "dvar2": 0.000331396819092,
        "max": 0.85791015625,
        "mean": 0.0539869330823,
        "median": 0.03857421875,
        "min": 0.001953125,
        "var": 0.00486924499273
    },
    "barkbands": {
        "dmean": [0.000122828729218, 0.00573972193524, 0.00256545306183, 0.00135522824712, 0.0021032425575, 0.00134832889307, 0.0010738465935, 0.00203338288702, 0.00122051080689, 0.00110199546907, 0.000565957161598, 0.000529446289875, 0.000379753415473, 0.00034370998037, 0.000271885597613, 0.000216031476157, 0.000235737767071, 0.000174838074599, 8.73818353284e-05, 5.91422140133e-05, 6.53850001981e-05, 7.17686853022e-05, 7.75001462898e-05, 8.17569743958e-05, 0.000155927817104, 0.000149965897435, 9.47718672251e-06],
        "dmean2": [0.000135920214234, 0.007622548379, 0.00455711456016, 0.00237690238282, 0.00344544276595, 0.00207199226134, 0.00171465694439, 0.00322405225597, 0.00192419672385, 0.00170871790033, 0.000906208821107, 0.000846350914799, 0.000596958736423, 0.000540137290955, 0.000437088077888, 0.00034571980359, 0.00036537728738, 0.000276481558103, 0.000140404808917, 9.65164290392e-05, 0.000111665183795, 0.000110261622467, 0.000122283687233, 0.000123713209177, 0.000231438723858, 0.000226573014515, 1.53466826305e-05],
        "dvar": [1.43551247334e-07, 0.000195436005015, 7.79124020482e-05, 1.80331335287e-05, 1.48920053107e-05, 4.0417044147e-06, 3.47566742676e-06, 1.92243787751e-05, 1.22874562294e-05, 6.21191566097e-06, 3.40289943779e-06, 2.0394695639e-06, 8.96651556559e-07, 9.59646627052e-07, 5.22023071881e-07, 3.5623088479e-07, 3.25034278603e-07, 1.75072571551e-07, 3.53535334341e-08, 2.91662640706e-08, 3.13534549434e-08, 2.55359147161e-08, 4.11521838828e-08, 3.91570473823e-08, 1.25006209828e-07, 1.40841436291e-07, 9.61712376402e-10],
        "dvar2": [1.84946784998e-07, 0.000382936821552, 0.000219636553084, 4.76057939522e-05, 3.76126590709e-05, 9.52333994064e-06, 8.48070521897e-06, 4.68809048471e-05, 2.95680456475e-05, 1.40681704579e-05, 7.99139252194e-06, 4.89705371365e-06, 2.08668120649e-06, 2.35749848798e-06, 1.25252120142e-06, 8.35945570543e-07, 6.88840088969e-07, 4.02051028914e-07, 8.09556794934e-08, 7.59504317216e-08, 8.64105302867e-08, 5.83697925549e-08, 1.01925991203e-07, 8.80115749169e-08, 2.45739585125e-07, 2.99038958929e-07, 2.25225815775e-09],
        "max": [0.00914713274688, 0.152869388461, 0.0778720006347, 0.0543267428875, 0.0477148666978, 0.0482222028077, 0.0392595715821, 0.0897547826171, 0.0824152305722, 0.049139752984, 0.0440231487155, 0.0394131690264, 0.0360448211432, 0.0253586769104, 0.0195512417704, 0.0217348244041, 0.0183801874518, 0.0099621322006, 0.0082742460072, 0.00625104224309, 0.00324089173228, 0.00177416589577, 0.0026661362499, 0.00498465262353, 0.00487576192245, 0.00434360746294, 0.000698512245435],
        "mean": [0.000242483656621, 0.0127688869834, 0.00271140690893, 0.00171482097358, 0.00349630252458, 0.00295783672482, 0.00181276130024, 0.00303365942091, 0.00179053051397, 0.00168896396644, 0.000751217477955, 0.000811339006759, 0.000526540912688, 0.000433169334428, 0.000375513394829, 0.000280600273982, 0.000310090486892, 0.000234656297835, 0.000126452185214, 7.7732882346e-05, 6.6335502197e-05, 7.59917529649e-05, 7.87166864029e-05, 8.1397840404e-05, 0.000164475219208, 0.000142253978993, 8.2194501374e-06],
        "median": [3.18471734317e-06, 5.93904987909e-05, 0.000123067657114, 0.000235960877035, 0.00160545541439, 0.00189667544328, 0.00086605217075, 0.00100421055686, 0.000534623861313, 0.00058610807173, 0.00017450422456, 0.000224253133638, 0.000132969784318, 9.84771177173e-05, 9.18839141377e-05, 7.65815930208e-05, 8.70343938004e-05, 6.13796873949e-05, 5.12399747095e-05, 2.80126405414e-05, 2.02341725526e-05, 1.5115876522e-05, 1.59114897542e-05, 1.09847842396e-05, 1.57642825798e-05, 8.73653698363e-06, 3.43791015212e-07],
        "min": [3.61594413254e-25, 2.52236085355e-24, 2.72016644364e-25, 1.4854751772e-24, 7.06669724164e-24, 6.94196492189e-24, 9.46507420723e-24, 4.81256704245e-24, 4.43743528302e-24, 1.1584332463e-23, 1.86564357685e-23, 1.9326331716e-23, 2.90979170391e-23, 2.75258245401e-23, 3.36273480976e-23, 4.89718791509e-23, 5.38615040988e-23, 8.22775171496e-23, 9.01895143499e-23, 1.13549459113e-22, 2.07346977119e-22, 3.39719073949e-22, 3.69922323955e-22, 5.64050188491e-22, 8.03165111756e-22, 1.25972438124e-21, 1.95712265789e-21],
        "var": [5.79383595323e-07, 0.000626970082521, 5.77379360038e-05, 1.92198185687e-05, 2.44461625698e-05, 1.18319603644e-05, 6.87114697939e-06, 3.55932788807e-05, 2.3205197067e-05, 1.2098344996e-05, 4.87971465191e-06, 4.1866369429e-06, 1.40659471981e-06, 1.1416449297e-06, 7.41617952826e-07, 4.62088394215e-07, 5.2617218671e-07, 2.63663565647e-07, 5.57808306212e-08, 2.88705859219e-08, 2.33875550038e-08, 2.90507173872e-08, 4.60555256154e-08, 4.76756163437e-08, 1.87856585399e-07, 1.65404983932e-07, 9.13279951664e-10]
    },
    "erbbands": {
        "dmean": [0.168631270528, 1.44076573849, 3.14452981949, 3.78170061111, 5.43787288666, 7.04723930359, 11.6749191284, 11.3389034271, 15.3973722458, 18.0729827881, 48.6233444214, 29.6206245422, 31.0568885803, 29.4061431885, 22.8292446136, 23.3195743561, 15.1586418152, 19.1941394806, 15.7104272842, 11.1168403625, 11.0758371353, 11.2568483353, 10.1033916473, 6.01858472824, 3.65668559074, 2.82491970062, 3.17054963112, 2.19973158836, 2.6589744091, 2.12189555168, 2.2455637455, 1.74188399315, 1.38627672195, 1.1813980341, 1.52561986446, 0.954969227314, 0.176487535238, 0.0240032691509, 0.00159365544096, 4.21077966166e-05],
        "dmean2": [0.171486750245, 2.05573177338, 5.40457725525, 6.64129400253, 9.31722927094, 11.6662817001, 17.9774494171, 17.6424331665, 24.0849704742, 28.592004776, 77.405670166, 47.2549209595, 47.8876609802, 46.3889579773, 35.648979187, 37.4470672607, 23.7603912354, 29.2324390411, 24.945016861, 17.5361213684, 17.1880874634, 17.4489307404, 15.8751392365, 9.44995307922, 5.89723491669, 4.60949516296, 5.51874542236, 3.47622680664, 4.11077070236, 3.33867502213, 3.53677868843, 2.65194058418, 2.11179471016, 1.77277171612, 2.2140378952, 1.43007314205, 0.268112421036, 0.0362430252135, 0.00255106692202, 6.1947015638e-05],
        "dvar": [0.167519256473, 13.2302417755, 102.395065308, 144.224395752, 204.198028564, 172.280212402, 357.77154541, 342.990478516, 672.487304688, 1200.55615234, 11824.4697266, 8878.35742188, 6639.25048828, 4430.60839844, 6126.50732422, 4060.86547852, 1291.26879883, 2802.66210938, 1835.87097168, 835.014038086, 765.646728516, 707.684082031, 598.851379395, 152.933013916, 89.8350601196, 51.4933815002, 114.800376892, 26.2421016693, 37.5768737793, 31.177022934, 32.2211914062, 18.7377204895, 10.4092521667, 6.80765342712, 12.9037885666, 6.26551198959, 0.162243887782, 0.00333296018653, 2.81912962237e-05, 8.55276649503e-09],
        "dvar2": [0.201419904828, 29.7177467346, 279.521881104, 392.492828369, 530.592956543, 444.917419434, 796.741943359, 841.48815918, 1587.66918945, 2920.61938477, 28778.3769531, 22028.0566406, 15047.6962891, 10595.5595703, 13876.3740234, 9845.21386719, 2930.13061523, 6669.5390625, 4364.36035156, 1974.33691406, 1683.45556641, 1510.42736816, 1386.62939453, 340.574707031, 206.194091797, 128.317581177, 327.21887207, 63.5012969971, 87.7684936523, 76.3751678467, 78.3274917603, 41.4779968262, 23.7659072876, 14.427315712, 24.8451709747, 13.280790329, 0.330949038267, 0.00693171145394, 6.60599616822e-05, 1.84436803607e-08],
        "max": [6.84477329254, 39.145198822, 93.1820373535, 139.88520813, 166.918823242, 268.364227295, 381.644287109, 421.14642334, 518.34954834, 547.398193359, 2442.55957031, 2576.31762695, 1832.74768066, 1460.36425781, 2173.91333008, 1746.40368652, 1225.8092041, 1439.32080078, 1438.08703613, 641.88079834, 1111.35253906, 756.880615234, 536.981872559, 246.269256592, 526.079406738, 152.804382324, 429.06463623, 112.018074036, 72.5861206055, 79.8541641235, 77.3894424438, 109.562400818, 59.1995315552, 36.0206260681, 47.7864227295, 30.0587882996, 5.0419921875, 0.8215726614, 0.12535597384, 0.00174260500353],
        "mean": [0.389466106892, 2.73246788979, 3.72972488403, 4.90120697021, 7.54494524002, 11.2635669708, 21.0972766876, 24.0751419067, 28.6956977844, 29.8136711121, 72.6176834106, 44.8628616333, 47.8784980774, 48.8684158325, 33.8167419434, 36.3772392273, 22.728515625, 27.2378826141, 22.1622066498, 15.7113161087, 15.4014110565, 15.2833051682, 13.9397239685, 8.69034671783, 5.62229824066, 3.78992390633, 3.21225953102, 2.40023851395, 2.7508790493, 2.24511933327, 2.28967428207, 1.82144653797, 1.31105077267, 1.15979969501, 1.60256910324, 0.924903869629, 0.170508816838, 0.0235076807439, 0.00142154982314, 7.26932485122e-05],
        "median": [0.00121232355013, 0.018825693056, 0.178423032165, 0.660527229309, 1.72200274467, 5.24113273621, 11.1675405502, 14.0115718842, 14.8825740814, 15.1299648285, 22.9671077728, 15.6425619125, 16.0429840088, 18.5124549866, 9.71058559418, 11.1494569778, 7.13308382034, 6.72174167633, 5.76031970978, 4.27014255524, 4.92449951172, 4.59804725647, 3.90906381607, 2.96430158615, 2.35516285896, 1.41664910316, 1.0226739645, 0.672691762447, 0.566166520119, 0.453331589699, 0.454652130604, 0.283236533403, 0.160934880376, 0.151958078146, 0.111963704228, 0.0470439493656, 0.0145609416068, 0.00197605858557, 8.15949169919e-05, 4.36230911873e-05],
        "min": [3.12088267799e-23, 4.36833505936e-22, 1.64006640917e-21, 3.55841588462e-21, 1.23176644394e-20, 1.74903188465e-20, 4.94143836202e-20, 7.57983335398e-20, 9.32406969134e-20, 1.20867566483e-19, 2.61508084177e-19, 1.42374934493e-19, 6.12308764516e-19, 7.75417872867e-19, 1.17979767812e-18, 9.76598796092e-19, 1.78802120439e-18, 1.81125112432e-18, 1.72983773369e-18, 3.40812122891e-18, 3.00838599109e-18, 4.33629749232e-18, 4.65390713699e-18, 5.09638838052e-18, 4.6495892542e-18, 6.02198446082e-18, 7.98346502606e-18, 8.93639611688e-18, 1.049450247e-17, 1.1243387956e-17, 1.18732570412e-17, 1.05570381515e-17, 9.67179607739e-18, 8.22075419248e-18, 6.4437832939e-18, 4.04523124633e-18, 2.31674057627e-18, 1.01085151808e-18, 2.34030281602e-19, 2.80419817587e-20],
        "var": [0.806579709053, 28.5575561523, 89.7252044678, 143.467346191, 241.888870239, 284.971191406, 844.184570312, 951.868896484, 1466.17480469, 1980.74523926, 22698.9121094, 14147.1767578, 11138.390625, 9168.84082031, 9959.62304688, 8267.71972656, 2243.9284668, 3822.95581055, 2540.57861328, 1177.75146484, 1175.49719238, 1091.93249512, 877.194091797, 261.25100708, 139.864517212, 58.9532356262, 74.0884933472, 27.0301017761, 39.551990509, 34.9701576233, 38.0438842773, 24.9841194153, 11.8839635849, 8.35743427277, 19.9571666718, 7.53547382355, 0.201858058572, 0.00400764355436, 2.67670748144e-05, 1.1660231003e-08]
    },
    "gfcc": {
        "mean": [-58.8329811096, 107.297996521, -112.357177734, -6.05953598022, -64.539642334, -0.723021328449, -41.9024925232, 5.79840755463, -27.6537456512, -0.0937785431743, -15.5748634338, 1.81245815754, -10.5956134796],
        "cov": [[36048.3789062, -2626.36547852, -628.709655762, 1589.70214844, -701.273620605, 1265.02233887, -1077.31726074, 1762.22302246, -492.256500244, 1071.62280273, -861.538635254, 817.611572266, -743.580688477], [-2626.36547852, 3106.26367188, -602.528198242, -527.581726074, 184.209411621, -476.181274414, 270.059082031, -545.519836426, 34.4308547974, -430.840393066, 234.971328735, -369.793395996, 214.365020752], [-628.709655762, -602.528198242, 1883.24780273, 553.275024414, 426.457641602, 626.745666504, 85.0793914795, 378.834411621, 140.337539673, 269.844207764, -46.6704521179, 197.513763428, -87.4674987793], [1589.70214844, -527.581726074, 553.275024414, 799.048522949, 281.037322998, 311.670806885, 96.1852035522, 317.750762939, 115.788314819, 160.665176392, -36.5452766418, 134.311019897, -25.216386795], [-701.273620605, 184.209411621, 426.457641602, 281.037322998, 673.279602051, 276.007781982, 201.268539429, 209.288513184, 172.797332764, 100.553199768, 35.8647689819, 44.683265686, 28.9277057648], [1265.02233887, -476.181274414, 626.745666504, 311.670806885, 276.007781982, 577.369689941, 121.971809387, 297.803710938, 104.291976929, 226.342544556, -29.5800590515, 144.486999512, -50.1917877197], [-1077.31726074, 270.059082031, 85.0793914795, 96.1852035522, 201.268539429, 121.971809387, 354.697662354, 49.0721740723, 112.939491272, 11.8798713684, 88.174987793, -12.7192726135, 67.1884841919], [1762.22302246, -545.519836426, 378.834411621, 317.750762939, 209.288513184, 297.803710938, 49.0721740723, 425.658599854, 105.955886841, 189.063827515, -35.8084754944, 147.266647339, -40.0777511597], [-492.256500244, 34.4308547974, 140.337539673, 115.788314819, 172.797332764, 104.291976929, 112.939491272, 105.955886841, 193.232040405, 68.9805221558, 41.8069114685, 30.9090709686, 31.0790328979], [1071.62280273, -430.840393066, 269.844207764, 160.665176392, 100.553199768, 226.342544556, 11.8798713684, 189.063827515, 68.9805221558, 230.91696167, -3.61668777466, 100.001777649, -42.4623680115], [-861.538635254, 234.971328735, -46.6704521179, -36.5452766418, 35.8647689819, -29.5800590515, 88.174987793, -35.8084754944, 41.8069114685, -3.61668777466, 149.912399292, 3.0059568882, 56.5172309875], [817.611572266, -369.793395996, 197.513763428, 134.311019897, 44.683265686, 144.486999512, -12.7192726135, 147.266647339, 30.9090709686, 100.001777649, 3.0059568882, 144.964416504, -6.20500087738], [-743.580688477, 214.365020752, -87.4674987793, -25.216386795, 28.9277057648, -50.1917877197, 67.1884841919, -40.0777511597, 31.0790328979, -42.4623680115, 56.5172309875, -6.20500087738, 110.940544128]],
        "icov": [[0.000120816017443, -0.000238639084273, 0.000266992283287, -0.000269051321084, 0.000270740856649, -0.000258043175563, 0.000241059518885, -0.000486850360176, 0.000423226912972, -0.000451207102742, 0.000457526446553, -0.000488271965878, 0.000359367782949], [-0.000238639084273, 0.00122704263777, -0.000551134813577, 0.000735793320928, -0.000953727692831, 0.000519509019796, -0.000576741644181, 0.00124612322543, -0.00102357054129, 0.00161315861624, -0.00161923025735, 0.00209646578878, -0.00110820820555], [0.000266992283287, -0.000551134813577, 0.00151993054897, -0.000881469692104, 0.000370544556063, -0.00132215837948, 0.00072123092832, -0.000941661070101, 0.000847225484904, -0.000959698169027, 0.000974958878942, -0.0014299780596, 0.00119934335817], [-0.000269051321084, 0.000735793320928, -0.000881469692104, 0.00270897359587, -0.00100168830249, 0.000622584775556, -0.000897344085388, 0.00032764711068, -0.00115331308916, 0.00120829837397, -0.000655463139992, 0.000747981306631, -0.00093828770332], [0.000270740856649, -0.000953727692831, 0.000370544556063, -0.00100168830249, 0.00339319021441, -0.0011957391398, 0.000123960810015, -0.00187048187945, -6.752837362e-05, -0.00112112297211, 0.00117203930859, -0.000694862101227, 0.000499270739965], [-0.000258043175563, 0.000519509019796, -0.00132215837948, 0.000622584775556, -0.0011957391398, 0.00541242165491, -0.0021893826779, 0.000476555491332, -0.000487909448566, -0.00132543058135, 0.000290882366244, -0.000681812874973, 6.73781032674e-05], [0.000241059518885, -0.000576741644181, 0.00072123092832, -0.000897344085388, 0.000123960810015, -0.0021893826779, 0.00563985854387, -0.00134337204508, -0.00047158729285, -7.40737668821e-05, -0.00132703001145, 0.00115844665561, -0.000984414829873], [-0.000486850360176, 0.00124612322543, -0.000941661070101, 0.00032764711068, -0.00187048187945, 0.000476555491332, -0.00134337204508, 0.00806652847677, -0.00296639534645, 0.00046313132043, -0.000602500571404, -0.00100914051291, -0.000649147143122], [0.000423226912972, -0.00102357054129, 0.000847225484904, -0.00115331308916, -6.752837362e-05, -0.000487909448566, -0.00047158729285, -0.00296639534645, 0.0101539930329, -0.00365499453619, 0.000799036526587, -0.00128589570522, -0.000491324288305], [-0.000451207102742, 0.00161315861624, -0.000959698169027, 0.00120829837397, -0.00112112297211, -0.00132543058135, -7.40737668821e-05, 0.00046313132043, -0.00365499453619, 0.0120793897659, -0.00405414775014, 0.000612222938798, 0.00102846126538], [0.000457526446553, -0.00161923025735, 0.000974958878942, -0.000655463139992, 0.00117203930859, 0.000290882366244, -0.00132703001145, -0.000602500571404, 0.000799036526587, -0.00405414775014, 0.0126699656248, -0.00527962995693, -0.00129835982807], [-0.000488271965878, 0.00209646578878, -0.0014299780596, 0.000747981306631, -0.000694862101227, -0.000681812874973, 0.00115844665561, -0.00100914051291, -0.00128589570522, 0.000612222938798, -0.00527962995693, 0.0180154442787, -0.00518255960196], [0.000359367782949, -0.00110820820555, 0.00119934335817, -0.00093828770332, 0.000499270739965, 6.73781032674e-05, -0.000984414829873, -0.000649147143122, -0.000491324288305, 0.00102846126538, -0.00129835982807, -0.00518255960196, 0.0154609847814]]
    },
    "melbands": {
        "dmean": [0.0015374913346, 0.00171342655085, 0.000686229206622, 0.00044517146307, 0.000379886419978, 0.000249520380748, 0.000236369261984, 0.00023406110995, 0.000369909306755, 0.000187563375221, 0.000159258110216, 0.000126139697386, 7.62791823945e-05, 6.78995420458e-05, 4.11183536926e-05, 3.79137927666e-05, 3.72908216377e-05, 2.63593847194e-05, 1.8318032744e-05, 1.66696445376e-05, 1.3783891518e-05, 1.25255328385e-05, 1.16706760309e-05, 8.58984822116e-06, 4.89721605845e-06, 3.07636514663e-06, 2.05597916647e-06, 1.94476638171e-06, 2.08224719245e-06, 1.69913994341e-06, 1.23036693367e-06, 1.84153043392e-06, 1.05774745407e-06, 1.23500853988e-06, 1.24763482745e-06, 1.27405417061e-06, 1.04515925159e-06, 9.4816073215e-07, 1.06990114546e-06, 9.57565589488e-07],
        "dmean2": [0.00177855335642, 0.00272591016255, 0.00120341707952, 0.000743313634302, 0.000592745374888, 0.000387490727007, 0.000371608766727, 0.000371431699023, 0.000588687194977, 0.000297199527267, 0.000245286646532, 0.000198208916117, 0.000121473283798, 0.000107945474156, 6.5904983785e-05, 5.84675144637e-05, 5.76925667701e-05, 4.21421573265e-05, 2.95212266792e-05, 2.68688872893e-05, 2.16608405026e-05, 1.96605560632e-05, 1.84200962394e-05, 1.35443533509e-05, 7.87576846051e-06, 4.98953841088e-06, 3.32890203936e-06, 3.21779498336e-06, 3.61874185728e-06, 2.9724376418e-06, 1.89049490018e-06, 2.89434342449e-06, 1.69970792285e-06, 1.97479539565e-06, 1.9728352072e-06, 2.0098755158e-06, 1.60425145168e-06, 1.45285139297e-06, 1.6859024754e-06, 1.44610964981e-06],
        "dvar": [1.30129237732e-05, 2.25336279982e-05, 4.4371236072e-06, 9.03744933112e-07, 3.63825421346e-07, 1.55251953515e-07, 1.55822590386e-07, 2.29363934068e-07, 6.58577562263e-07, 3.56681596259e-07, 1.6750453824e-07, 8.68681269139e-08, 6.78970906165e-08, 3.38065433425e-08, 1.03233626092e-08, 1.00157029337e-08, 1.18394014592e-08, 5.9440865563e-09, 2.82306644728e-09, 2.43596098848e-09, 1.24687360437e-09, 9.79510805799e-10, 1.07630682145e-09, 4.40027680959e-10, 1.10233482065e-10, 6.12293757363e-11, 2.91231656846e-11, 2.77896334416e-11, 8.27483290222e-11, 2.41285099539e-11, 8.66751549006e-12, 2.05855818503e-11, 5.85584532253e-12, 1.35135097556e-11, 1.10186703511e-11, 8.77409169625e-12, 7.97730371344e-12, 5.65557756876e-12, 5.60211295755e-12, 4.96636152342e-12],
        "dvar2": [2.06109580176e-05, 5.81522290304e-05, 1.218968373e-05, 2.33520472648e-06, 8.48784907248e-07, 3.79488653834e-07, 3.73392794017e-07, 5.59076795525e-07, 1.59856426762e-06, 8.6016240175e-07, 3.77781304906e-07, 2.0397160938e-07, 1.58628409963e-07, 8.11800759948e-08, 2.47515021812e-08, 2.24069349741e-08, 2.89488024663e-08, 1.41624756367e-08, 6.79138967286e-09, 5.8817706261e-09, 2.85621304386e-09, 2.12968909175e-09, 2.59376453648e-09, 1.00678398951e-09, 2.55746368527e-10, 1.3509260377e-10, 6.99068164467e-11, 7.02352342952e-11, 2.38877390091e-10, 6.78674130783e-11, 2.01642470082e-11, 4.9293007176e-11, 1.43062627717e-11, 3.44341187508e-11, 2.73593734473e-11, 2.03368120955e-11, 1.79654225524e-11, 1.31679554413e-11, 1.33287998694e-11, 1.06174695771e-11],
        "max": [0.048040650785, 0.0449037775397, 0.0257283803076, 0.0111929411069, 0.0109418928623, 0.00823691207916, 0.00734177511185, 0.00887472182512, 0.0184080153704, 0.016465222463, 0.00890307687223, 0.00665463833138, 0.00623465608805, 0.00458190543577, 0.00211277068593, 0.0039687436074, 0.0032224827446, 0.0030640559271, 0.00109484570567, 0.00142306869384, 0.00126012961846, 0.00102516775951, 0.00133969064336, 0.000530977442395, 0.000186774675967, 0.000469622958917, 0.000232385093113, 0.000122785946587, 0.000452352251159, 5.7707187807e-05, 6.62756647216e-05, 5.86735695833e-05, 3.0461787901e-05, 5.49991709704e-05, 4.6311000915e-05, 5.33667625859e-05, 8.24369635666e-05, 5.15689243912e-05, 2.7775475246e-05, 3.22926171066e-05],
        "mean": [0.00355099560693, 0.00258315959945, 0.000894957804121, 0.000675948511343, 0.000686116574798, 0.000535280560143, 0.000435689056758, 0.000372482347302, 0.00054749235278, 0.000275388738373, 0.00023961874831, 0.00020343135111, 0.000103800695797, 0.000105700768472, 5.98042606725e-05, 5.33759848622e-05, 4.89628291689e-05, 3.44485779351e-05, 2.45556184382e-05, 2.10377675103e-05, 1.78843656613e-05, 1.60858853633e-05, 1.48805074787e-05, 1.12356301543e-05, 6.53152528685e-06, 4.47372758572e-06, 3.00072497339e-06, 2.41071120399e-06, 2.08319647754e-06, 1.63717186297e-06, 1.33408298097e-06, 1.80218626156e-06, 1.14260080863e-06, 1.2531372704e-06, 1.27109399273e-06, 1.28844806113e-06, 1.06348284135e-06, 8.92641423889e-07, 9.4769933412e-07, 9.42577628393e-07],
        "median": [1.42782155308e-05, 7.47127051e-05, 0.00013388734078, 0.000240322668105, 0.000378527445719, 0.000323982327245, 0.000224976392929, 0.000178399583092, 0.000171243213117, 8.25718670967e-05, 7.57674133638e-05, 6.95995258866e-05, 2.56096718658e-05, 2.96976759273e-05, 1.78695918294e-05, 1.35876407512e-05, 1.03900947579e-05, 7.95851519797e-06, 5.8283440012e-06, 4.9183813644e-06, 5.59480213269e-06, 4.62118350697e-06, 3.7928527945e-06, 2.840975867e-06, 2.06764752875e-06, 1.73558316874e-06, 1.15216971608e-06, 8.12360326563e-07, 6.24883057299e-07, 4.4000807975e-07, 3.292892643e-07, 3.32832030381e-07, 2.25562473588e-07, 2.47585489888e-07, 2.6198202363e-07, 2.11894601421e-07, 1.42393787428e-07, 1.0507756798e-07, 1.10531757969e-07, 1.25855962096e-07],
        "min": [5.76324274503e-25, 1.07536157815e-24, 8.96203082139e-25, 1.04890101402e-24, 1.6513795281e-24, 1.47990996073e-24, 1.66403897069e-24, 1.32909405375e-24, 1.84612502813e-24, 8.24681895636e-25, 2.99608149069e-24, 2.42513315534e-24, 3.7024078237e-24, 2.13217447261e-24, 2.54871334374e-24, 3.35701690926e-24, 2.8485915199e-24, 2.09122687239e-24, 3.27838207094e-24, 2.95471717469e-24, 2.69575228331e-24, 2.99448069469e-24, 4.47909108312e-24, 3.84353070091e-24, 3.6645121291e-24, 3.15164762221e-24, 3.14836872186e-24, 2.77905895313e-24, 3.92947867425e-24, 4.15948605953e-24, 4.01478845913e-24, 4.66551035351e-24, 6.20595966947e-24, 5.94412371883e-24, 6.0842889189e-24, 6.33874310362e-24, 5.55205629906e-24, 5.36517909491e-24, 6.3930400053e-24, 5.44063127392e-24],
        "var": [5.43008718523e-05, 2.77445287793e-05, 4.09743597629e-06, 1.30842340695e-06, 8.10284291219e-07, 4.34923464354e-07, 3.38317590831e-07, 3.53902294137e-07, 1.2525680404e-06, 6.44124895643e-07, 2.8544206998e-07, 1.82417863925e-07, 9.75635074951e-08, 6.92735824259e-08, 1.77293806303e-08, 1.60364042046e-08, 1.43317020473e-08, 7.39611172307e-09, 3.6250613622e-09, 2.94683433211e-09, 1.75459080598e-09, 1.40463263243e-09, 1.30999755488e-09, 6.64104382597e-10, 1.64495667088e-10, 9.90437454274e-11, 3.88837156917e-11, 2.92862678553e-11, 4.98708817298e-11, 1.66455200318e-11, 9.46397040597e-12, 1.98235438481e-11, 6.89182218239e-12, 1.32790219792e-11, 1.22882754319e-11, 1.14539567067e-11, 9.89424167597e-12, 6.24711437094e-12, 5.69996654043e-12, 5.83643723628e-12]
    },
    "mfcc": {
        "mean": [-692.69708252, 146.54510498, 0.000667133252136, -0.697540223598, -6.89489507675, -11.311211586, -6.94325971603, -2.84785532951, -6.93467140198, -4.73715639114, -3.87079930305, -2.71593928337, -2.39106297493],
        "cov": [[15199.6152344, -1028.86608887, -112.76197052, 699.866088867, 746.70513916, 256.982940674, 34.4330787659, 524.913330078, 492.602172852, 422.004516602, 511.049194336, 258.917633057, 79.3360290527], [-1028.86608887, 2118.1965332, -179.67628479, -114.903106689, -91.3904647827, -93.2404556274, 88.445350647, -101.478935242, -108.189628601, -50.3468055725, -126.536102295, -93.2521286011, -21.8466396332], [-112.76197052, -179.67628479, 1196.98925781, 197.618331909, 267.232086182, 301.721252441, 114.630851746, 167.676940918, 129.22756958, 45.1690750122, 124.35193634, 131.486923218, 56.3692207336], [699.866088867, -114.903106689, 197.618331909, 509.011962891, 265.576751709, 89.3222351074, 97.6413955688, 155.757324219, 138.76260376, 91.9436798096, 71.5725021362, 84.4179000854, 32.5501785278], [746.70513916, -91.3904647827, 267.232086182, 265.576751709, 538.940612793, 221.323822021, 111.850906372, 209.515151978, 172.864517212, 151.717285156, 132.820571899, 84.5285110474, 53.1966362], [256.982940674, -93.2404556274, 301.721252441, 89.3222351074, 221.323822021, 350.353637695, 155.75819397, 134.326538086, 136.799468994, 109.657684326, 125.436569214, 66.1846237183, 49.2404632568], [34.4330787659, 88.445350647, 114.630851746, 97.6413955688, 111.850906372, 155.75819397, 241.627426147, 126.45488739, 91.7472229004, 83.1241912842, 71.5386734009, 53.0683555603, 38.1801109314], [524.913330078, -101.478935242, 167.676940918, 155.757324219, 209.515151978, 134.326538086, 126.45488739, 256.819732666, 156.456329346, 108.62953186, 104.885284424, 75.7169723511, 48.4187927246], [492.602172852, -108.189628601, 129.22756958, 138.76260376, 172.864517212, 136.799468994, 91.7472229004, 156.456329346, 211.239715576, 120.434013367, 96.9012298584, 64.83644104, 36.4078674316], [422.004516602, -50.3468055725, 45.1690750122, 91.9436798096, 151.717285156, 109.657684326, 83.1241912842, 108.62953186, 120.434013367, 185.817581177, 104.355705261, 41.1992034912, 42.2236061096], [511.049194336, -126.536102295, 124.35193634, 71.5725021362, 132.820571899, 125.436569214, 71.5386734009, 104.885284424, 96.9012298584, 104.355705261, 174.516311646, 81.8940353394, 36.0603752136], [258.917633057, -93.2521286011, 131.486923218, 84.4179000854, 84.5285110474, 66.1846237183, 53.0683555603, 75.7169723511, 64.83644104, 41.1992034912, 81.8940353394, 124.979858398, 52.7589950562], [79.3360290527, -21.8466396332, 56.3692207336, 32.5501785278, 53.1966362, 49.2404632568, 38.1801109314, 48.4187927246, 36.4078674316, 42.2236061096, 36.0603752136, 52.7589950562, 99.5304412842]],
