{
"lowlevel": {
    "average_loudness": 0.800606191158,
    "barkbands_crest": {
        "dmean": 2.5616953373,
        "dmean2": 4.00506019592,
        "dvar": 6.71832704544,
        "dvar2": 15.6278867722,
        "max": 26.8111171722,
        "mean": 12.9751291275,
        "median": 12.1974000931,
        "min": 2.24130034447,
        "var": 34.3024482727
    },
    "barkbands_flatness_db": {
        "dmean": 0.0255514960736,
        "dmean2": 0.0358605571091,
        "dvar": 0.000710199179593,
        "dvar2": 0.00132762244903,
        "max": 0.679357349873,
        "mean": 0.165498912334,
        "median": 0.153163850307,
        "min": 0.0155477663502,
        "var": 0.00698964623734
    },
    "barkbands_kurtosis": {
        "dmean": 5.63268852234,
        "dmean2": 8.1902141571,
        "dvar": 394.215179443,
        "dvar2": 841.539794922,
        "max": 1212.52001953,
        "mean": 11.8544340134,
        "median": 0.714197397232,
        "min": -1.91348934174,
        "var": 3677.25292969
    },
    "barkbands_skewness": {
        "dmean": 0.673769116402,
        "dmean2": 0.977037966251,
        "dvar": 0.781796276569,
        "dvar2": 1.61955857277,
        "max": 30.4392127991,
        "mean": 1.78680026531,
        "median": 1.16907036304,
        "min": -4.03699970245,
        "var": 6.74477767944
    },
    "barkbands_spread": {
        "dmean": 5.69459533691,
        "dmean2": 8.61723995209,
        "dvar": 45.9648666382,
        "dvar2": 100.703407288,
        "max": 134.542098999,
        "mean": 22.5864906311,
        "median": 21.6387081146,
        "min": 0.0982543230057,
        "var": 168.166793823
    },
    "dissonance": {
        "dmean": 0.0178698450327,
        "dmean2": 0.029895350337,
        "dvar": 0.000431157648563,
        "dvar2": 0.00114123965614,
        "max": 0.499987512827,
        "mean": 0.461871504784,
        "median": 0.470122665167,
        "min": 0.101676285267,
        "var": 0.00124181597494
    },
    "dynamic_complexity": 4.97170877457,
    "erbbands_crest": {
        "dmean": 2.71893930435,
        "dmean2": 4.2520813942,
        "dvar": 7.28522968292,
        "dvar2": 16.5541133881,
        "max": 34.5934906006,
        "mean": 11.588259697,
        "median": 10.0794467926,
        "min": 2.34840703011,
        "var": 35.5656929016
    },
    "erbbands_flatness_db": {
        "dmean": 0.018301576376,
        "dmean2": 0.0254697389901,
        "dvar": 0.00038859914639,
        "dvar2": 0.000684507656842,
        "max": 0.656391203403,
        "mean": 0.177927419543,
        "median": 0.162272274494,
        "min": 0.0420389175415,
        "var": 0.00523627735674
    },
    "erbbands_kurtosis": {
        "dmean": 1.16567909718,
        "dmean2": 1.79686701298,
        "dvar": 14.6761617661,
        "dvar2": 30.8523387909,
        "max": 182.793914795,
        "mean": 1.21065020561,
        "median": 0.028364777565,
        "min": -1.7612798214,
        "var": 50.2930908203
    },
    "erbbands_skewness": {
        "dmean": 0.362339705229,
        "dmean2": 0.542742788792,
        "dvar": 0.159507617354,
        "dvar2": 0.331497907639,
        "max": 9.65871906281,
        "mean": -0.0385287366807,
        "median": -0.205122768879,
        "min": -4.01027774811,
        "var": 1.0143225193
    },
    "erbbands_spread": {
        "dmean": 7.03144836426,
        "dmean2": 10.4627351761,
        "dvar": 66.1108169556,
        "dvar2": 143.397735596,
        "max": 150.696365356,
        "mean": 33.6610908508,
        "median": 30.7724533081,
        "min": 0.286090761423,
        "var": 289.14453125
    },
    "hfc": {
        "dmean": 7.66643667221,
        "dmean2": 11.0144767761,
        "dvar": 170.038040161,
        "dvar2": 364.503814697,
        "max": 311.124328613,
        "mean": 26.4576644897,
        "median": 23.2195854187,
        "min": 1.07602585609e-16,
        "var": 508.621917725
    },
    "melbands_crest": {
        "dmean": 3.00291967392,
        "dmean2": 4.73083543777,
        "dvar": 9.53962039948,
        "dvar2": 22.6767196655,
        "max": 35.1513252258,
        "mean": 17.5451831818,
        "median": 17.7782344818,
        "min": 1.63178992271,
        "var": 45.0061569214
    },
    "melbands_flatness_db": {
        "dmean": 0.029852245003,
        "dmean2": 0.0420021899045,
        "dvar": 0.00099605624564,
        "dvar2": 0.00191042968072,
        "max": 0.721564888954,
        "mean": 0.229359805584,
        "median": 0.216790273786,
        "min": 0.00420561432838,
        "var": 0.00957389269024
    },
    "melbands_kurtosis": {
        "dmean": 11.3824567795,
        "dmean2": 16.677854538,
        "dvar": 621.15814209,
        "dvar2": 1266.75366211,
        "max": 714.470214844,
        "mean": 22.6629066467,
        "median": 5.56951904297,
        "min": -1.75940942764,
        "var": 2544.11743164
    },
    "melbands_skewness": {
        "dmean": 0.907660543919,
        "dmean2": 1.32074785233,
        "dvar": 1.2646471262,
        "dvar2": 2.56863117218,
        "max": 20.5913696289,
        "mean": 3.01427078247,
        "median": 2.24593353271,
        "min": -3.15905809402,
        "var": 7.08496284485
    },
    "melbands_spread": {
        "dmean": 6.93980407715,
        "dmean2": 10.6856031418,
        "dvar": 72.1227798462,
        "dvar2": 168.148529053,
        "max": 213.576248169,
        "mean": 25.7289848328,
        "median": 22.7845001221,
        "min": 0.156210318208,
        "var": 374.796112061
    },
    "pitch_salience": {
        "dmean": 0.0671916157007,
        "dmean2": 0.104991197586,
        "dvar": 0.00512318499386,
        "dvar2": 0.0120418416336,
        "max": 0.969830751419,
        "mean": 0.406857997179,
        "median": 0.410674273968,
        "min": 0.0164932571352,
        "var": 0.0240487419069
    },
    "silence_rate_20dB": {
        "dmean": 0,
        "dmean2": 0,
        "dvar": 0,
        "dvar2": 0,
        "max": 1,
        "mean": 1,
        "median": 1,
        "min": 1,
        "var": 0
    },
    "silence_rate_30dB": {
        "dmean": 0.0756582468748,
        "dmean2": 0.151332765818,
        "dvar": 0.0699411705136,
        "dvar2": 0.152081370354,
        "max": 1,
        "mean": 0.891682803631,
        "median": 1,
        "min": 0,
        "var": 0.0965771749616
    },
    "silence_rate_60dB": {
        "dmean": 0.0139709832147,
        "dmean2": 0.0279449690133,
        "dvar": 0.0137772448361,
        "dvar2": 0.0286668930203,
        "max": 1,
        "mean": 0.13614872098,
        "median": 0,
        "min": 0,
        "var": 0.117621354759
    },
    "spectral_centroid": {
        "dmean": 231.237854004,
        "dmean2": 340.519836426,
        "dvar": 69563.2890625,
        "dvar2": 139878.46875,
        "max": 11497.3847656,
        "mean": 1618.14111328,
        "median": 1569.4621582,
        "min": 113.184997559,
        "var": 805939.5625
    },
    "spectral_complexity": {
        "dmean": 3.34916710854,
        "dmean2": 4.77472066879,
        "dvar": 17.6055774689,
        "dvar2": 30.4846572876,
        "max": 60,
        "mean": 17.897485733,
        "median": 17,
        "min": 0,
        "var": 128.477767944
    },
    "spectral_decrease": {
        "dmean": 3.74286024396e-09,
        "dmean2": 5.38617506152e-09,
        "dvar": 3.03512981563e-17,
        "dvar2": 6.37078758269e-17,
        "max": 2.44854394866e-17,
        "mean": -1.1582081072e-08,
        "median": -8.46362624429e-09,
        "min": -6.29900540616e-08,
        "var": 1.19263694811e-16
    },
    "spectral_energy": {
        "dmean": 0.0144516881555,
        "dmean2": 0.0207345038652,
        "dvar": 0.00043631932931,
        "dvar2": 0.000915116397664,
        "max": 0.240433678031,
        "mean": 0.0461132265627,
        "median": 0.034986872226,
        "min": 9.99197102239e-21,
        "var": 0.00177191453986
    },
    "spectral_energyband_high": {
        "dmean": 0.000454252498457,
        "dmean2": 0.000660525576677,
        "dvar": 1.24449229588e-06,
        "dvar2": 2.72817169389e-06,
        "max": 0.0234718378633,
        "mean": 0.000871197378729,
        "median": 0.000336967641488,
        "min": 7.04223526451e-21,
        "var": 2.25259759645e-06
    },
    "spectral_energyband_low": {
        "dmean": 0.0133150462061,
        "dmean2": 0.0195496939123,
        "dvar": 0.000503401039168,
        "dvar2": 0.00106085604057,
        "max": 0.237899407744,
        "mean": 0.0307519435883,
        "median": 0.0115218907595,
        "min": 1.24728959203e-23,
        "var": 0.00163490790874
    },
    "spectral_energyband_middle_high": {
        "dmean": 0.00263257836923,
        "dmean2": 0.00391521817073,
        "dvar": 1.62606356753e-05,
        "dvar2": 3.58754659828e-05,
        "max": 0.076386205852,
        "mean": 0.00862477999181,
        "median": 0.00684332754463,
        "min": 1.20925222749e-21,
        "var": 6.64761755615e-05
    },
    "spectral_energyband_middle_low": {
        "dmean": 0.00242834631354,
        "dmean2": 0.00375260342844,
        "dvar": 1.76269022631e-05,
        "dvar2": 4.5357766794e-05,
        "max": 0.073882818222,
        "mean": 0.00653013912961,
        "median": 0.00519775506109,
        "min": 2.19730124334e-22,
        "var": 3.57321368938e-05
    },
    "spectral_entropy": {
        "dmean": 0.175048068166,
        "dmean2": 0.236777678132,
        "dvar": 0.0382127165794,
        "dvar2": 0.0655299201608,
        "max": 9.81766223907,
        "mean": 7.38224840164,
        "median": 7.48090267181,
        "min": 3.10291481018,
        "var": 0.384104162455
    },
    "spectral_flux": {
        "dmean": 0.0280366484076,
        "dmean2": 0.0442335940897,
        "dvar": 0.00133056181949,
        "dvar2": 0.0032463343814,
        "max": 0.415934979916,
        "mean": 0.0807841643691,
        "median": 0.0736287236214,
        "min": 6.52041268201e-11,
        "var": 0.003471393371
    },
    "spectral_kurtosis": {
        "dmean": 2.10884189606,
        "dmean2": 3.49050140381,
        "dvar": 31.2457618713,
        "dvar2": 77.4757919312,
        "max": 313.42276001,
        "mean": 6.32422733307,
        "median": 4.79688739777,
        "min": -1.27233397961,
        "var": 129.165145874
    },
    "spectral_rms": {
        "dmean": 0.000939991849009,
        "dmean2": 0.00132438261062,
        "dvar": 1.32411992126e-06,
        "dvar2": 2.69934685093e-06,
        "max": 0.0153156602755,
        "mean": 0.00585526786745,
        "median": 0.00584239093587,
        "min": 3.12222101471e-12,
        "var": 1.07045116238e-05
    },
    "spectral_rolloff": {
        "dmean": 451.651306152,
        "dmean2": 755.938781738,
        "dvar": 710133.8125,
        "dvar2": 1709708.25,
        "max": 19444.4824219,
        "mean": 1579.26940918,
        "median": 1356.59179688,
        "min": 64.599609375,
        "var": 3129867.5
    },
    "spectral_skewness": {
        "dmean": 0.233188509941,
        "dmean2": 0.377257585526,
        "dvar": 0.0993069782853,
        "dvar2": 0.250718861818,
        "max": 13.9487495422,
        "mean": 1.63453006744,
        "median": 1.58247733116,
        "min": -0.100297771394,
        "var": 0.620361506939
    },
    "spectral_spread": {
        "dmean": 507629.8125,
        "dmean2": 744409.5625,
        "dvar": 675355885568,
        "dvar2": 1.3424319529e+12,
        "max": 42885724,
        "mean": 4346254.5,
        "median": 4001742.5,
        "min": 398853.78125,
        "var": 7.46099048448e+12
    },
    "spectral_strongpeak": {
        "dmean": 0.593824446201,
        "dmean2": 1.01126384735,
        "dvar": 1.40404522419,
        "dvar2": 3.64489865303,
        "max": 14.4956064224,
        "mean": 1.23349380493,
        "median": 0.729274749756,
        "min": 0,
        "var": 2.49365735054
    },
    "zerocrossingrate": {
        "dmean": 0.00990468449891,
        "dmean2": 0.0118235014379,
        "dvar": 0.000165301928064,
        "dvar2": 0.000222695554839,
        "max": 0.70166015625,
        "mean": 0.0590681284666,
        "median": 0.05322265625,
        "min": 0.0029296875,
        "var": 0.00234532542527
    },
    "barkbands": {
        "dmean": [0.000335936580086, 0.00909170135856, 0.00602124910802, 0.000501346890815, 0.000957534124609, 0.000310953939334, 0.00070566078648, 0.000517853186466, 0.000340098689776, 0.00065412116237, 0.000247147952905, 0.000748372811358, 0.000477110035717, 0.000358469842467, 0.000445112906164, 0.000637611956336, 0.000368586886907, 0.000226929449127, 0.000273615965853, 0.000133432637085, 0.000127047242131, 7.2428068961e-05, 6.12742878729e-05, 5.01308568346e-05, 7.02434408595e-05, 6.52574526612e-05, 2.0411251171e-05],
        "dmean2": [0.000565570488106, 0.0140279931948, 0.00882823392749, 0.000869883631822, 0.00161819288041, 0.000472624611575, 0.00100793933962, 0.000769723439589, 0.0004919472849, 0.000965730636381, 0.000368586013792, 0.00119209929835, 0.000730141997337, 0.000536524166819, 0.000683418475091, 0.000986843951978, 0.000598325568717, 0.000360448524589, 0.000439838244347, 0.000206593351322, 0.000196574648726, 0.000112898516818, 9.42141705309e-05, 7.42230622564e-05, 0.000103833488538, 9.93263238342e-05, 3.14986391459e-05],
        "dvar": [1.06466188754e-06, 0.000285783287836, 0.000178856935236, 2.72639613286e-06, 6.82407198838e-06, 4.33424816038e-07, 2.11970723285e-06, 1.16116677873e-06, 6.51995776479e-07, 2.52895642916e-06, 4.65139464723e-07, 3.93641812479e-06, 2.70754253506e-06, 1.20613788113e-06, 1.58022032792e-06, 1.69501731762e-06, 4.54066707789e-07, 1.55724151796e-07, 2.1069799061e-07, 8.66440359459e-08, 9.32057631076e-08, 8.29522761592e-08, 4.24183212999e-08, 1.52556545174e-08, 3.3800333199e-08, 7.5507493591e-08, 1.02461408247e-08],
        "dvar2": [2.65547964773e-06, 0.000687109946739, 0.0003499451268, 7.43617192711e-06, 1.8343258489e-05, 1.00294118965e-06, 4.00649923904e-06, 2.53378630077e-06, 1.3887060959e-06, 5.48855678062e-06, 1.00807608305e-06, 9.82566962193e-06, 5.66202515984e-06, 2.48950118475e-06, 3.3406536204e-06, 3.90501463698e-06, 1.13196017537e-06, 3.78503528964e-07, 5.38695417163e-07, 2.1540060402e-07, 2.29261630125e-07, 2.22472138489e-07, 1.01138596165e-07, 3.4193224252e-08, 7.34454985718e-08, 1.77299099846e-07, 2.45481661665e-08],
        "max": [0.0302301719785, 0.222102552652, 0.181712239981, 0.0285049211234, 0.0375455804169, 0.0166702810675, 0.0290043316782, 0.0234286300838, 0.0207770671695, 0.0315743088722, 0.0228904802352, 0.0367861539125, 0.0728421360254, 0.0387132279575, 0.047760758549, 0.0328081212938, 0.0115703754127, 0.00883692130446, 0.00983664020896, 0.00739447306842, 0.004281997215, 0.0118138184771, 0.00927059259266, 0.00226377043873, 0.00292156822979, 0.0128899281844, 0.00357983424328],
        "mean": [0.000375862611691, 0.0191890839487, 0.0109311295673, 0.000576045014895, 0.00117659312673, 0.000666742096655, 0.00170353276189, 0.00105295015965, 0.000745696772356, 0.00159032165539, 0.000454262160929, 0.0012295426568, 0.000886907917447, 0.000724629499018, 0.000857245002408, 0.00132951827254, 0.000639582343865, 0.000420549127739, 0.000577811384574, 0.000248710362939, 0.000246016337769, 0.000124563768622, 0.000102303099993, 7.5137548265e-05, 9.39236706472e-05, 7.43781638448e-05, 2.01902730623e-05],
        "median": [5.12942715432e-05, 0.00517692416906, 0.00247438391671, 0.000173857843038, 0.000352014380042, 0.000245728821028, 0.000392636022298, 0.000271437776973, 0.000161069008755, 0.000278784660622, 0.000101813304354, 0.000305533409119, 0.000165741919773, 0.000163543591043, 0.000280741311144, 0.000362387858331, 0.000290447293082, 0.000226813834161, 0.000294403871521, 0.000116854302178, 8.78795690369e-05, 4.66971905553e-05, 3.58401812264e-05, 1.90036844288e-05, 1.96625042008e-05, 1.08245812953e-05, 7.12532767011e-07],
        "min": [6.38334904629e-25, 7.74307920355e-24, 1.16855859157e-24, 3.29032443897e-24, 1.57981134521e-23, 7.98455978183e-24, 1.39749217938e-23, 1.31157094841e-23, 2.27900527123e-23, 2.71255123406e-23, 1.23805376633e-23, 2.70055644622e-23, 2.90376354442e-23, 3.37798443769e-23, 4.02959900708e-23, 5.58940073765e-23, 4.37723580851e-23, 1.28881267418e-22, 1.4303878369e-22, 1.98824729744e-22, 2.84445470964e-22, 3.71854616655e-22, 3.98275928642e-22, 6.57419209875e-22, 8.9423878772e-22, 1.18586014137e-21, 1.90760289276e-21],
        "var": [1.30303283186e-06, 0.000861700682435, 0.000482911535073, 2.35059474107e-06, 6.92722232998e-06, 1.48604817696e-06, 9.81002267508e-06, 4.22663697464e-06, 2.56507064478e-06, 1.14381600724e-05, 1.22978156014e-06, 7.37140862839e-06, 6.52615335639e-06, 3.34352921527e-06, 3.51642461283e-06, 5.73832539885e-06, 9.003855439e-07, 3.16691853186e-07, 5.93966205997e-07, 1.47060575273e-07, 1.8767138954e-07, 7.8804013981e-08, 5.12363413918e-08, 2.54013201584e-08, 4.78574477825e-08, 8.14376619473e-08, 1.05423305641e-08]
    },
    "erbbands": {
        "dmean": [0.18542277813, 2.39160132408, 7.23891735077, 2.88480615616, 2.66901803017, 3.3227288723, 2.40345859528, 2.70198512077, 7.44439744949, 11.4582242966, 11.1485748291, 8.96077632904, 13.6485443115, 18.5746955872, 13.0432281494, 32.6609230042, 23.4524497986, 17.6926841736, 23.1394023895, 21.9259243011, 35.4016265869, 16.105556488, 14.2211751938, 15.2372026443, 9.69199085236, 6.6211810112, 6.24387741089, 3.63861203194, 2.45246267319, 2.37296009064, 1.76834011078, 1.14096677303, 0.838210582733, 0.725230157375, 0.539481699467, 0.293587386608, 0.115798585117, 0.0348626151681, 0.00324276206084, 5.79455081606e-05],
        "dmean2": [0.294795513153, 3.67423081398, 10.61764431, 4.35652160645, 4.64399576187, 5.54152774811, 3.7666516304, 4.08949422836, 10.9009113312, 16.1781291962, 16.6361923218, 12.8364429474, 19.4655513763, 28.4117889404, 19.5387077332, 52.1605644226, 35.6319999695, 26.6221256256, 35.0018806458, 33.7062225342, 55.1661338806, 25.8164253235, 22.8263187408, 24.2550373077, 15.6094169617, 10.3268175125, 9.82500648499, 5.50612211227, 3.73982214928, 3.78816366196, 2.73111581802, 1.70808184147, 1.24548912048, 1.08944940567, 0.803588211536, 0.447580188513, 0.177081957459, 0.0528454035521, 0.00504689104855, 8.70604417287e-05],
        "dvar": [0.139974266291, 19.5393714905, 225.291564941, 44.0709533691, 72.4654159546, 79.3393173218, 30.404378891, 38.6028747559, 232.437103271, 774.937988281, 558.103637695, 443.712432861, 1323.90332031, 2867.03051758, 965.565368652, 7074.3203125, 6257.33007812, 2915.45703125, 5020.24267578, 2273.03295898, 5350.34716797, 807.364868164, 604.504882812, 733.618469238, 348.869598389, 204.504516602, 221.708816528, 81.1602630615, 38.405506134, 172.143676758, 32.2054862976, 7.7104268074, 4.99177265167, 3.77689838409, 2.0599861145, 0.959286212921, 0.317023068666, 0.0283135063946, 0.000306426227326, 6.18830640065e-08],
        "dvar2": [0.347481310368, 46.7400093079, 439.347198486, 100.675430298, 203.29510498, 208.890899658, 69.7274246216, 85.2127532959, 476.292175293, 1429.78063965, 1308.27648926, 977.841674805, 2698.57202148, 6684.48144531, 2193.68334961, 17359.1132812, 12640.7841797, 6209.19677734, 10254.3066406, 4955.86474609, 12627.0117188, 1972.31445312, 1545.51855469, 1818.12280273, 941.731079102, 518.301208496, 559.197814941, 189.200378418, 88.4050369263, 476.739044189, 76.5717163086, 17.3570861816, 11.5667066574, 8.34352397919, 4.54042673111, 2.23096084595, 0.740668416023, 0.0659494847059, 0.000757956004236, 1.51224014644e-07],
        "max": [4.5528087616, 58.1804237366, 201.106887817, 91.8792800903, 164.185562134, 159.023132324, 139.237930298, 206.377761841, 447.509979248, 726.124084473, 546.891540527, 594.74206543, 1041.26696777, 1103.25402832, 704.576843262, 1896.734375, 3775.16943359, 1966.62561035, 2624.51953125, 1205.28845215, 1875.31872559, 676.571472168, 422.672698975, 697.272827148, 572.418518066, 366.235137939, 264.246795654, 167.026977539, 128.60925293, 597.61895752, 257.578308105, 46.6252288818, 55.4554367065, 33.9158782959, 24.4515285492, 38.8131980896, 26.9364013672, 6.51146221161, 0.774074137211, 0.0113773271441],
        "mean": [0.365316987038, 5.011906147, 13.7522115707, 5.645632267, 2.83194923401, 4.04841756821, 4.83570432663, 5.92139291763, 18.2813663483, 25.5438251495, 24.138458252, 21.4936122894, 36.9714012146, 40.4849586487, 26.1315250397, 54.5346260071, 44.6347923279, 37.7032661438, 48.7739524841, 50.8665390015, 71.3056869507, 31.3219127655, 28.2214031219, 31.10663414, 20.1402244568, 12.8135204315, 12.0939807892, 6.82301044464, 4.3295583725, 3.7291893959, 2.98565912247, 1.80536854267, 1.19180119038, 0.962282001972, 0.692026972771, 0.343063414097, 0.132138669491, 0.0371634848416, 0.00319744786248, 0.000101840974821],
        "median": [0.0968906059861, 1.36118388176, 4.27883005142, 1.54777121544, 1.02313017845, 1.18209123611, 1.36611318588, 2.36222600937, 5.6031703949, 6.37714385986, 8.12921142578, 6.32383584976, 7.87918567657, 8.84681606293, 8.33118343353, 14.9754199982, 11.8127098083, 12.5943489075, 17.4696083069, 20.800239563, 27.5011940002, 18.0845222473, 14.7031764984, 16.3182907104, 10.2760124207, 6.34044647217, 4.96702671051, 2.35336232185, 1.59707546234, 1.26966965199, 1.10589623451, 0.495525062084, 0.289075016975, 0.206377133727, 0.139091908932, 0.0554624795914, 0.0180020984262, 0.00266921520233, 0.000131963781314, 5.43021014892e-05],
        "min": [2.9210698905e-22, 1.17130077305e-21, 2.47192970006e-21, 4.70499686185e-21, 1.56835867521e-20, 4.34478426201e-20, 6.48193397528e-20, 9.50094998687e-20, 2.08288640659e-19, 3.32996367286e-19, 2.90042273943e-19, 4.42685040155e-19, 7.83994288253e-19, 6.88628428637e-19, 8.02816938188e-19, 1.18175416706e-18, 1.51728033701e-18, 2.54992279095e-18, 2.10244889203e-18, 3.36042041132e-18, 3.42849365342e-18, 3.97607026172e-18, 6.48015442544e-18, 7.31010609304e-18, 7.20057662659e-18, 9.81258056328e-18, 1.10085381452e-17, 1.33237364433e-17, 1.18352927598e-17, 1.12249385197e-17, 1.0598199486e-17, 1.1468263623e-17, 1.00584409752e-17, 9.10174455825e-18, 6.74729819452e-18, 4.37462780114e-18, 2.43311537588e-18, 9.95317066173e-19, 2.38539760109e-19, 2.77995241352e-20],
        "var": [0.368525028229, 57.8249588013, 609.167114258, 102.332183838, 50.7816543579, 91.2737579346, 143.881744385, 130.469528198, 1115.9432373, 3055.28564453, 2170.7902832, 1890.81945801, 7732.21044922, 10441.7128906, 2494.88500977, 13419.7265625, 13921.2802734, 7219.43945312, 12169.9072266, 10746.1181641, 13542.0625, 1612.91699219, 1369.20336914, 1840.21386719, 794.457580566, 360.916687012, 421.772338867, 155.268768311, 62.0959587097, 128.828308105, 40.4360389709, 14.3421754837, 7.01181268692, 5.2829709053, 2.71694850922, 1.07806706429, 0.334433436394, 0.0309142582119, 0.000299722305499, 6.6806173038e-08]
    },
    "gfcc": {
        "mean": [-33.130897522, 78.8266677856, -128.711212158, 29.9882946014, -38.9666366577, 14.7801942825, -25.4703273773, 19.1541748047, -13.9942245483, 9.51676464081, -13.4199485779, 1.47934448719, -14.0124263763],
        "cov": [[29234.3398438, 146.286331177, 1731.39782715, 1547.28918457, 1006.44061279, 1593.73461914, -460.265563965, 612.927062988, -558.022888184, 222.603530884, -450.049194336, 266.342803955, -326.2371521], [146.286331177, 1251.59790039, 194.727172852, 62.4341201782, 305.944854736, -5.74804782867, 49.2578315735, -70.7063217163, 62.5922698975, -43.9031600952, 63.788318634, -55.8906822205, 54.671043396], [1731.39782715, 194.727172852, 2241.78393555, 566.524719238, 633.489562988, 589.664489746, -9.19421672821, 90.0411605835, -179.514724731, -12.7090988159, -143.175735474, 136.098190308, -74.7701339722], [1547.28918457, 62.4341201782, 566.524719238, 573.292663574, 250.463088989, 255.128295898, 39.9544143677, 66.1480789185, -50.3859176636, -24.0600337982, -57.5439682007, 8.16303348541, -32.376411438], [1006.44061279, 305.944854736, 633.489562988, 250.463088989, 552.845336914, 295.826416016, 42.2436141968, 49.3255996704, -16.4560146332, 10.2850599289, -32.9384536743, 37.995929718, -19.0119075775], [1593.73461914, -5.74804782867, 589.664489746, 255.128295898, 295.826416016, 436.043609619, 73.6803207397, 94.9061279297, -61.2312202454, 8.3451461792, -56.9818305969, 54.568687439, -42.0476455688], [-460.265563965, 49.2578315735, -9.19421672821, 39.9544143677, 42.2436141968, 73.6803207397, 264.094696045, 78.9876098633, 47.6721420288, -43.3037490845, -1.92232525349, -28.8879165649, 7.38235807419], [612.927062988, -70.7063217163, 90.0411605835, 66.1480789185, 49.3255996704, 94.9061279297, 78.9876098633, 181.228607178, 60.3291168213, 16.0750789642, -28.1944179535, 22.5988521576, -2.8014755249], [-558.022888184, 62.5922698975, -179.514724731, -50.3859176636, -16.4560146332, -61.2312202454, 47.6721420288, 60.3291168213, 190.192337036, 62.0071144104, 47.6341247559, -33.5613708496, 10.8621263504], [222.603530884, -43.9031600952, -12.7090988159, -24.0600337982, 10.2850599289, 8.3451461792, -43.3037490845, 16.0750789642, 62.0071144104, 151.366149902, 73.2090606689, 25.1298923492, -32.4892349243], [-450.049194336, 63.788318634, -143.175735474, -57.5439682007, -32.9384536743, -56.9818305969, -1.92232525349, -28.1944179535, 47.6341247559, 73.2090606689, 155.625366211, 43.8048210144, 3.31721043587], [266.342803955, -55.8906822205, 136.098190308, 8.16303348541, 37.995929718, 54.568687439, -28.8879165649, 22.5988521576, -33.5613708496, 25.1298923492, 43.8048210144, 129.127624512, 34.7281761169], [-326.2371521, 54.671043396, -74.7701339722, -32.376411438, -19.0119075775, -42.0476455688, 7.38235807419, -2.8014755249, 10.8621263504, -32.4892349243, 3.31721043587, 34.7281761169, 112.385742188]],
        "icov": [[6.39011850581e-05, -7.70291590015e-05, 7.30454266886e-05, -0.000113652946311, 3.21524566971e-05, -0.000191092738532, 0.000192121660803, -0.000258558633504, 0.000227907556109, -0.000179734313861, 0.000164213211974, -6.22235747869e-05, 9.40952231758e-05], [-7.70291590015e-05, 0.0013634278439, -0.000239931585384, 0.000213520659599, -0.00100904889405, 0.00053167284932, -0.000171128005604, 0.000589299888816, -0.000552021723706, 0.00095794670051, -0.00147949391976, 0.00135345896706, -0.000975095957983], [7.30454266886e-05, -0.000239931585384, 0.00104895047843, -0.000539780245163, -0.000407461891882, -0.000697308278177, 0.000300968065858, -0.000103530590422, 0.00043169039418, -0.000356608506991, 0.00107708468568, -0.00120166642591, 0.000713671674021], [-0.000113652946311, 0.000213520659599, -0.000539780245163, 0.00294508272782, -0.0005055241636, -0.000493937463034, -0.000100599798316, -0.000290324125672, -1.58002512762e-05, 0.000884182052687, -0.000944073311985, 0.00133139232639, -0.000341832666891], [3.21524566971e-05, -0.00100904889405, -0.000407461891882, -0.0005055241636, 0.0041695041582, -0.00202339352109, 3.45616790582e-05, 0.000338326237397, -0.00070916506229, -0.000580619554967, 0.00088933686493, -0.00091284874361, 0.000278474850347], [-0.000191092738532, 0.00053167284932, -0.000697308278177, -0.000493937463034, -0.00202339352109, 0.00656867865473, -0.00220233248547, -0.000519457273185, 0.000964956765529, -0.000842436682433, 0.000693133100867, -0.00124188640621, 0.000853944744449], [0.000192121660803, -0.000171128005604, 0.000300968065858, -0.000100599798316, 3.45616790582e-05, -0.00220233248547, 0.00658623827621, -0.00343208713457, -0.000223418857786, 0.00280282227322, -0.00243163364939, 0.00254416069947, -0.000406660314184], [-0.000258558633504, 0.000589299888816, -0.000103530590422, -0.000290324125672, 0.000338326237397, -0.000519457273185, -0.00343208713457, 0.0117834676057, -0.00609196117148, -0.000125435370137, 0.00410619005561, -0.00506594451144, 0.00118907273281], [0.000227907556109, -0.000552021723706, 0.00043169039418, -1.58002512762e-05, -0.00070916506229, 0.000964956765529, -0.000223418857786, -0.00609196117148, 0.0121997538954, -0.0053036371246, -0.00233864784241, 0.00546102272347, -0.0030141544994], [-0.000179734313861, 0.00095794670051, -0.000356608506991, 0.000884182052687, -0.000580619554967, -0.000842436682433, 0.00280282227322, -0.000125435370137, -0.0053036371246, 0.0142223453149, -0.00628838827834, -0.000657596101519, 0.00344198406674], [0.000164213211974, -0.00147949391976, 0.00107708468568, -0.000944073311985, 0.00088933686493, 0.000693133100867, -0.00243163364939, 0.00410619005561, -0.00233864784241, -0.00628838827834, 0.0155521202832, -0.00938189215958, 0.00316105294041], [-6.22235747869e-05, 0.00135345896706, -0.00120166642591, 0.00133139232639, -0.00091284874361, -0.00124188640621, 0.00254416069947, -0.00506594451144, 0.00546102272347, -0.000657596101519, -0.00938189215958, 0.0188915450126, -0.00844604894519], [9.40952231758e-05, -0.000975095957983, 0.000713671674021, -0.000341832666891, 0.000278474850347, 0.000853944744449, -0.000406660314184, 0.00118907273281, -0.0030141544994, 0.00344198406674, 0.00316105294041, -0.00844604894519, 0.0142476474866]]
    },
    "melbands": {
        "dmean": [0.00212910189293, 0.00344267999753, 0.000513734121341, 0.000238619410084, 8.83073953446e-05, 6.23882515356e-05, 0.000123693273054, 0.000121147568279, 8.62499364302e-05, 5.42733323528e-05, 6.98146468494e-05, 7.9047975305e-05, 3.53068717232e-05, 8.32627993077e-05, 6.1634076701e-05, 4.92489016324e-05, 3.50506197719e-05, 3.74990668206e-05, 2.84382022073e-05, 3.8983343984e-05, 4.51134146715e-05, 1.96634609892e-05, 1.74629312824e-05, 8.75421028468e-06, 1.45386620716e-05, 8.30309636513e-06, 5.1313172662e-06, 4.47574120699e-06, 4.38668121205e-06, 3.43373039868e-06, 1.92435595636e-06, 1.49690788476e-06, 1.43014506193e-06, 1.29419572659e-06, 1.11485644538e-06, 8.68646793606e-07, 6.67734923354e-07, 6.19749584985e-07, 5.77656692258e-07, 6.48687603189e-07],
        "dmean2": [0.00330327800475, 0.00505581405014, 0.000773539184593, 0.000406869192375, 0.000140315474709, 9.472828242e-05, 0.000179291164386, 0.000171719962964, 0.000128997751744, 7.80587070039e-05, 9.93015273707e-05, 0.000121018390928, 5.2572133427e-05, 0.000130827611429, 9.76949449978e-05, 7.43416385376e-05, 5.26352196175e-05, 5.64832880627e-05, 4.35989277321e-05, 5.97738544457e-05, 7.06109931343e-05, 3.19996725011e-05, 2.84618745354e-05, 1.37451388582e-05, 2.33166792896e-05, 1.34001902552e-05, 8.11746485851e-06, 7.0580326792e-06, 7.01958242644e-06, 5.28918417331e-06, 2.97127985505e-06, 2.29769079851e-06, 2.2950573566e-06, 2.06681761483e-06, 1.75906870936e-06, 1.32415959797e-06, 1.01032344446e-06, 9.34800141295e-07, 8.76899775903e-07, 9.86063014352e-07],
        "dvar": [1.65282472153e-05, 3.95662136725e-05, 1.28340116134e-06, 4.7399149139e-07, 3.90856591537e-08, 1.86716722084e-08, 5.98117395612e-08, 7.41572847573e-08, 3.46630244508e-08, 1.6845818962e-08, 3.50509452574e-08, 5.32070885129e-08, 8.21899082126e-09, 6.10461725614e-08, 2.86135701799e-08, 2.620203432e-08, 1.44173037953e-08, 1.17928911081e-08, 4.66628868878e-09, 7.34933403024e-09, 8.71095995336e-09, 1.52762391625e-09, 1.10343123527e-09, 2.18308537914e-10, 7.22342630155e-10, 2.21243620646e-10, 1.18199713905e-10, 1.05240621773e-10, 1.10121578523e-10, 5.9369884009e-11, 2.54026660818e-11, 1.28473351749e-11, 4.48751140414e-11, 4.08631462001e-11, 2.08307815441e-11, 4.61007404126e-12, 2.74634742031e-12, 2.75922275479e-12, 2.59804656087e-12, 3.13517809804e-12],
        "dvar2": [3.95766146539e-05, 8.14887607703e-05, 2.85392115984e-06, 1.28049327941e-06, 9.44217646293e-08, 4.22049595272e-08, 1.18378089553e-07, 1.38690424478e-07, 8.31042541449e-08, 3.63109151635e-08, 7.13107155548e-08, 1.22685975157e-07, 1.7450734191e-08, 1.47787844185e-07, 6.39195221197e-08, 5.72415963518e-08, 3.02239513417e-08, 2.37299282446e-08, 1.02576969141e-08, 1.60322723985e-08, 2.08581756311e-08, 3.74452069352e-09, 2.90641910539e-09, 5.34615185455e-10, 1.80874082378e-09, 5.88378734623e-10, 3.06312780696e-10, 2.73283562446e-10, 2.81379225475e-10, 1.4151786687e-10, 6.01270908063e-11, 2.92941330915e-11, 1.23246191031e-10, 1.1058977345e-10, 4.98139758609e-11, 1.07125211479e-11, 6.31758230799e-12, 6.57820456093e-12, 6.03878448982e-12, 7.02358353769e-12],
        "max": [0.0510542951524, 0.0763958394527, 0.0137187950313, 0.0101723261178, 0.00374121381901, 0.0040049222298, 0.00601885328069, 0.00696408096701, 0.00502134812996, 0.00338428607211, 0.00526289222762, 0.00490714469925, 0.00337188877165, 0.00511431088671, 0.00624870089814, 0.00505310902372, 0.00452663190663, 0.00364620471373, 0.0024183972273, 0.00303207780235, 0.00251134531572, 0.000870015646797, 0.000818273227196, 0.000306345667923, 0.000733710243367, 0.000360861507943, 0.000260694941971, 0.000343428109773, 0.000208366109291, 0.000141263066325, 9.92970526568e-05, 7.06720384187e-05, 0.000287922070129, 0.000264022964984, 0.000241050322074, 5.24841489096e-05, 3.27365778503e-05, 4.34216854046e-05, 4.56188572571e-05, 3.29757203872e-05],
        "mean": [0.00446903938428, 0.00721938628703, 0.000989288906567, 0.000255615712376, 0.000168590864632, 0.000136510003358, 0.000305089197354, 0.000264146481641, 0.000184961187188, 0.000125489314087, 0.000183755240869, 0.000168509446667, 6.96223796695e-05, 0.00013590810704, 0.000107096202555, 9.34983108891e-05, 6.82133904775e-05, 7.73288702476e-05, 5.73196193727e-05, 8.32606092445e-05, 8.41699002194e-05, 3.18278107443e-05, 3.20542203553e-05, 1.71970004885e-05, 2.77467370324e-05, 1.57790800586e-05, 1.00760807982e-05, 7.95368396211e-06, 7.86571672506e-06, 6.38186884316e-06, 3.14035833071e-06, 2.527674269e-06, 2.18240006689e-06, 1.91901290236e-06, 1.78239008619e-06, 1.37405902478e-06, 9.91449496723e-07, 8.56324504639e-07, 7.62070158089e-07, 8.29382202028e-07],
        "median": [0.00119983917102, 0.00246834289283, 0.000292870914564, 7.59357353672e-05, 5.05624302605e-05, 5.00125534018e-05, 8.79299332155e-05, 7.22263430362e-05, 5.52153869648e-05, 3.00867523038e-05, 3.34046999342e-05, 3.22338200931e-05, 1.79284179467e-05, 3.8688773202e-05, 2.69742540695e-05, 1.90061291505e-05, 1.6584437617e-05, 2.30914156418e-05, 1.97128756554e-05, 2.41393299802e-05, 3.05778012262e-05, 1.52448155859e-05, 1.23913814605e-05, 9.42620135902e-06, 1.31743781822e-05, 7.64896867622e-06, 4.69228416478e-06, 3.6689011722e-06, 3.07806340061e-06, 1.95192228603e-06, 1.05861977318e-06, 9.02289343685e-07, 7.41520466363e-07, 6.0309298533e-07, 6.55673375149e-07, 4.2145515522e-07, 2.47283651333e-07, 2.04592566888e-07, 1.62894451705e-07, 1.71587998921e-07],
        "min": [2.7523213016e-24, 2.05848559495e-24, 1.97901318356e-24, 1.39925820228e-24, 2.82338623068e-24, 1.86855845733e-24, 3.56056313876e-24, 3.76193250659e-24, 2.53710821375e-24, 3.17474980825e-24, 3.51631790274e-24, 2.82156041212e-24, 2.18452308507e-24, 3.07736216849e-24, 2.97521138658e-24, 2.12334258313e-24, 3.69537907303e-24, 3.17890473864e-24, 3.54508371565e-24, 4.61283968859e-24, 3.56876255901e-24, 2.86016351773e-24, 3.94730180311e-24, 4.82084258778e-24, 5.63191978824e-24, 4.54305113646e-24, 4.23926869047e-24, 4.66110062105e-24, 4.99235475364e-24, 4.80360361041e-24, 6.9656559926e-24, 6.7781563772e-24, 5.77070960932e-24, 5.95634277982e-24, 5.14614121496e-24, 6.23138741746e-24, 6.40349596217e-24, 7.10988027646e-24, 6.35194429644e-24, 5.93367841158e-24],
        "var": [4.96826323797e-05, 0.00011301835184, 2.9829000141e-06, 4.080599183e-07, 1.56780757266e-07, 6.54704521708e-08, 2.85940501499e-07, 2.8764057447e-07, 1.33980705641e-07, 7.15696657494e-08, 1.99104349008e-07, 1.9493265313e-07, 2.36690045341e-08, 1.05892169699e-07, 6.35011616623e-08, 6.99943001337e-08, 3.37287993091e-08, 3.18092041596e-08, 1.24802674861e-08, 3.23876463426e-08, 1.91871638577e-08, 2.37351582832e-09, 3.00626368244e-09, 4.9482468123e-10, 1.69918468185e-09, 4.79027317812e-10, 2.28264407376e-10, 1.56768181769e-10, 1.89604443257e-10, 1.44864911733e-10, 3.89642797194e-11, 2.09529338324e-11, 3.66191139911e-11, 3.2698208724e-11, 2.22974954472e-11, 7.60943998784e-12, 4.7372531245e-12, 3.62951877754e-12, 3.52052393314e-12, 4.12799698937e-12]
    },
    "mfcc": {
        "mean": [-670.44720459, 108.734893799, -19.0599365234, 24.5263462067, 8.92615795135, 6.27895689011, 4.34317302704, 8.96361351013, 6.89515256882, 9.3509683609, 5.3744020462, 7.06169843674, 7.82829523087],
        "cov": [[18416.6191406, 1343.97351074, 250.610076904, 998.796875, 929.887451172, 827.425231934, 535.157531738, 495.41317749, 240.732406616, 69.9607849121, -145.086807251, 65.0338821411, 158.483016968], [1343.97351074, 1357.47692871, 206.263244629, 244.078109741, 345.104034424, 188.421325684, 108.047164917, 83.8452682495, 25.8353042603, 8.99829864502, -3.05147767067, 1.63410663605, 69.2938690186], [250.610076904, 206.263244629, 1231.1776123, 301.587554932, 432.981750488, 348.983032227, 211.920318604, 186.705230713, 63.1839790344, 22.2544326782, -45.2116088867, -63.0530776978, -6.32540893555], [998.796875, 244.078109741, 301.587554932, 431.278198242, 251.698196411, 175.800933838, 114.343231201, 97.6290817261, 53.11743927, 25.6418132782, -11.4954509735, -17.8433704376, 11.6191635132], [929.887451172, 345.104034424, 432.981750488, 251.698196411, 526.070983887, 294.712677002, 132.6302948, 104.965888977, 47.0941696167, 14.6738948822, -3.98196411133, -1.37034368515, 53.8264274597], [827.425231934, 188.421325684, 348.983032227, 175.800933838, 294.712677002, 317.907592773, 165.895095825, 108.070953369, 43.7638473511, 25.4854431152, 0.109371587634, 3.87353038788, 29.2616500854], [535.157531738, 108.047164917, 211.920318604, 114.343231201, 132.6302948, 165.895095825, 215.959259033, 141.347900391, 58.225643158, 17.2346897125, -3.76710271835, -10.1177787781, -5.07131624222], [495.41317749, 83.8452682495, 186.705230713, 97.6290817261, 104.965888977, 108.070953369, 141.347900391, 229.878158569, 119.354141235, 49.872051239, -6.38675498962, -30.0150852203, -14.1983613968], [240.732406616, 25.8353042603, 63.1839790344, 53.11743927, 47.0941696167, 43.7638473511, 58.225643158, 119.354141235, 175.197296143, 81.2256011963, -2.09528374672, -26.0412998199, -25.9602298737], [69.9607849121, 8.99829864502, 22.2544326782, 25.6418132782, 14.6738948822, 25.4854431152, 17.2346897125, 49.872051239, 81.2256011963, 142.172897339, 73.5876846313, 1.75023686886, -17.4041576385], [-145.086807251, -3.05147767067, -45.2116088867, -11.4954509735, -3.98196411133, 0.109371587634, -3.76710271835, -6.38675498962, -2.09528374672, 73.5876846313, 141.690673828, 66.1296615601, 7.21837806702], [65.0338821411, 1.63410663605, -63.0530776978, -17.8433704376, -1.37034368515, 3.87353038788, -10.1177787781, -30.0150852203, -26.0412998199, 1.75023686886, 66.1296615601, 137.190719604, 83.4977722168], [158.483016968, 69.2938690186, -6.32540893555, 11.6191635132, 53.8264274597, 29.2616500854, -5.07131624222, -14.1983613968, -25.9602298737, -17.4041576385, 7.21837806702, 83.4977722168, 158.667617798]],
