{
"lowlevel": {
    "average_loudness": 0.769266366959,
    "barkbands_crest": {
        "dmean": 2.57197904587,
        "dmean2": 3.93658542633,
        "dvar": 6.46270275116,
        "dvar2": 13.3917131424,
        "max": 26.7655200958,
        "mean": 12.1085786819,
        "median": 11.2300682068,
        "min": 3.24793863297,
        "var": 24.3758068085
    },
    "barkbands_flatness_db": {
        "dmean": 0.0284901466221,
        "dmean2": 0.0406880155206,
        "dvar": 0.000818213447928,
        "dvar2": 0.00159643532243,
        "max": 0.44086420536,
        "mean": 0.208439320326,
        "median": 0.202772885561,
        "min": 0.0488636307418,
        "var": 0.00366044067778
    },
    "barkbands_kurtosis": {
        "dmean": 8.17522239685,
        "dmean2": 11.3720140457,
        "dvar": 589.339538574,
        "dvar2": 946.491455078,
        "max": 858.261230469,
        "mean": 13.3611774445,
        "median": 4.21044111252,
        "min": -1.93198108673,
        "var": 1465.4510498
    },
    "barkbands_skewness": {
        "dmean": 0.771492063999,
        "dmean2": 1.08910226822,
        "dvar": 1.13498914242,
        "dvar2": 1.85427105427,
        "max": 27.9550819397,
        "mean": 2.38240861893,
        "median": 1.90844607353,
        "min": -2.06417870522,
        "var": 4.61338281631
    },
    "barkbands_spread": {
        "dmean": 3.72747612,
        "dmean2": 5.67921352386,
        "dvar": 31.064447403,
        "dvar2": 63.327331543,
        "max": 86.4277191162,
        "mean": 11.8858251572,
        "median": 10.0204143524,
        "min": 0.434188574553,
        "var": 90.2901382446
    },
    "dissonance": {
        "dmean": 0.0276362709701,
        "dmean2": 0.0458445027471,
        "dvar": 0.000646020227578,
        "dvar2": 0.00176361831836,
        "max": 0.500000059605,
        "mean": 0.43790653348,
        "median": 0.444636553526,
        "min": 0.222238898277,
        "var": 0.0015928123612
    },
    "dynamic_complexity": 3.13831043243,
    "erbbands_crest": {
        "dmean": 2.62205147743,
        "dmean2": 4.18245887756,
        "dvar": 6.20783376694,
        "dvar2": 15.5657529831,
        "max": 29.8058853149,
        "mean": 10.1179504395,
        "median": 9.33040046692,
        "min": 2.83721256256,
        "var": 16.8386230469
    },
    "erbbands_flatness_db": {
        "dmean": 0.0224967934191,
        "dmean2": 0.0311412736773,
        "dvar": 0.000465892138891,
        "dvar2": 0.000864056695718,
        "max": 0.484949201345,
        "mean": 0.209803000093,
        "median": 0.21177560091,
        "min": 0.07325591892,
        "var": 0.00337793026119
    },
    "erbbands_kurtosis": {
        "dmean": 1.44251513481,
        "dmean2": 2.28509902954,
        "dvar": 6.55882740021,
        "dvar2": 15.9507188797,
        "max": 82.1095809937,
        "mean": 1.59138357639,
        "median": 0.532101988792,
        "min": -1.85628771782,
        "var": 15.2907447815
    },
    "erbbands_skewness": {
        "dmean": 0.405324220657,
        "dmean2": 0.622564911842,
        "dvar": 0.169862031937,
        "dvar2": 0.380126714706,
        "max": 6.86413240433,
        "mean": 0.818966627121,
        "median": 0.72178709507,
        "min": -2.95156097412,
        "var": 0.754013597965
    },
    "erbbands_spread": {
        "dmean": 8.5574760437,
        "dmean2": 12.8095588684,
        "dvar": 117.59437561,
        "dvar2": 258.612609863,
        "max": 148.450378418,
        "mean": 30.9330692291,
        "median": 27.2469062805,
        "min": 1.02950739861,
        "var": 313.935546875
    },
    "hfc": {
        "dmean": 4.88182401657,
        "dmean2": 7.04834413528,
        "dvar": 58.436504364,
        "dvar2": 132.052322388,
        "max": 102.952804565,
        "mean": 13.9440145493,
        "median": 10.5655794144,
        "min": 1.12818832874e-16,
        "var": 155.666870117
    },
    "melbands_crest": {
        "dmean": 3.04763364792,
        "dmean2": 4.76098966599,
        "dvar": 10.4475212097,
        "dvar2": 23.0746669769,
        "max": 36.0349960327,
        "mean": 15.1940231323,
        "median": 13.8660354614,
        "min": 1.7261608839,
        "var": 38.778629303
    },
    "melbands_flatness_db": {
        "dmean": 0.0319215767086,
        "dmean2": 0.044633153826,
        "dvar": 0.00115131901111,
        "dvar2": 0.00214894278906,
        "max": 0.548056364059,
        "mean": 0.260017722845,
        "median": 0.25137925148,
        "min": 0.00480126263574,
        "var": 0.00549103040248
    },
    "melbands_kurtosis": {
        "dmean": 13.1912164688,
        "dmean2": 19.6879463196,
        "dvar": 1164.77270508,
        "dvar2": 2312.30126953,
        "max": 728.468688965,
        "mean": 23.3677444458,
        "median": 9.86820697784,
        "min": -1.73867285252,
        "var": 2586.88256836
    },
    "melbands_skewness": {
        "dmean": 0.901234865189,
        "dmean2": 1.33138561249,
        "dvar": 1.38533854485,
        "dvar2": 2.73526501656,
        "max": 20.5637817383,
        "mean": 3.02143359184,
        "median": 2.5002887249,
        "min": -0.74643611908,
        "var": 4.95545625687
    },
    "melbands_spread": {
        "dmean": 4.31588840485,
        "dmean2": 6.6002497673,
        "dvar": 52.2331008911,
        "dvar2": 100.549484253,
        "max": 188.984786987,
        "mean": 13.6983757019,
        "median": 11.2862510681,
        "min": 0.335781037807,
        "var": 167.758758545
    },
    "pitch_salience": {
        "dmean": 0.0765604376793,
        "dmean2": 0.119982838631,
        "dvar": 0.00824021082371,
        "dvar2": 0.0185387227684,
        "max": 0.98140591383,
        "mean": 0.52928686142,
        "median": 0.544484853745,
        "min": 0.0197377819568,
        "var": 0.0225969217718
    },
    "silence_rate_20dB": {
        "dmean": 0,
        "dmean2": 0,
        "dvar": 0,
        "dvar2": 0,
        "max": 1,
        "mean": 1,
        "median": 1,
        "min": 1,
        "var": 0
    },
    "silence_rate_30dB": {
        "dmean": 0.0422285795212,
        "dmean2": 0.0844686627388,
        "dvar": 0.0404449738562,
        "dvar2": 0.084966763854,
        "max": 1,
        "mean": 0.936529576778,
        "median": 1,
        "min": 0,
        "var": 0.0594415552914
    },
    "silence_rate_60dB": {
        "dmean": 0.0207056254148,
        "dmean2": 0.0414168946445,
        "dvar": 0.0202755555511,
        "dvar2": 0.0446019135416,
        "max": 1,
        "mean": 0.0459003001451,
        "median": 0,
        "min": 0,
        "var": 0.0437925122678
    },
    "spectral_centroid": {
        "dmean": 180.870727539,
        "dmean2": 276.945861816,
        "dvar": 67117.359375,
        "dvar2": 129864.421875,
        "max": 11161.2294922,
        "mean": 886.948852539,
        "median": 801.857788086,
        "min": 153.734924316,
        "var": 290762.3125
    },
    "spectral_complexity": {
        "dmean": 2.7173409462,
        "dmean2": 4.10681200027,
        "dvar": 11.3432731628,
        "dvar2": 21.7081184387,
        "max": 45,
        "mean": 13.7259597778,
        "median": 13,
        "min": 0,
        "var": 54.2558135986
    },
    "spectral_decrease": {
        "dmean": 2.89636670203e-09,
        "dmean2": 3.87176912753e-09,
        "dvar": 3.0422852588e-17,
        "dvar2": 5.10139489118e-17,
        "max": 3.49230261078e-29,
        "mean": -8.17358625227e-09,
        "median": -4.41082770308e-09,
        "min": -6.17985733697e-08,
        "var": 1.0223074898e-16
    },
    "spectral_energy": {
        "dmean": 0.011240339838,
        "dmean2": 0.0150499735028,
        "dvar": 0.000446136051323,
        "dvar2": 0.000750107574277,
        "max": 0.239386275411,
        "mean": 0.0321138128638,
        "median": 0.0178071372211,
        "min": 1.063250043e-20,
        "var": 0.00150576559827
    },
    "spectral_energyband_high": {
        "dmean": 0.000199422400328,
        "dmean2": 0.000293113058433,
        "dvar": 1.67937002971e-07,
        "dvar2": 3.21224206346e-07,
        "max": 0.011746215634,
        "mean": 0.000311009120196,
        "median": 0.000115902221296,
        "min": 7.49312382315e-21,
        "var": 3.68388668903e-07
    },
    "spectral_energyband_low": {
        "dmean": 0.00767905358225,
        "dmean2": 0.0101527441293,
        "dvar": 0.000457951566204,
        "dvar2": 0.000825048133265,
        "max": 0.213974103332,
        "mean": 0.0152042256668,
        "median": 0.000410143402405,
        "min": 5.07038232684e-23,
        "var": 0.00122004235163
    },
    "spectral_energyband_middle_high": {
        "dmean": 0.00171553494874,
        "dmean2": 0.00257994886488,
        "dvar": 7.97082884674e-06,
        "dvar2": 1.86279685295e-05,
        "max": 0.0459087304771,
        "mean": 0.00434339838102,
        "median": 0.00242737447843,
        "min": 1.38993010194e-21,
        "var": 2.68224939646e-05
    },
    "spectral_energyband_middle_low": {
        "dmean": 0.00605918327346,
        "dmean2": 0.0101106762886,
        "dvar": 0.000207560049603,
        "dvar2": 0.000586063833907,
        "max": 0.173231989145,
        "mean": 0.0132502876222,
        "median": 0.00985980033875,
        "min": 2.28313461097e-22,
        "var": 0.000198011781322
    },
    "spectral_entropy": {
        "dmean": 0.247084930539,
        "dmean2": 0.356368303299,
        "dvar": 0.0665622875094,
        "dvar2": 0.133358597755,
        "max": 9.81873607635,
        "mean": 7.06580162048,
        "median": 7.07860279083,
        "min": 5.1124587059,
        "var": 0.271053671837
    },
    "spectral_flux": {
        "dmean": 0.0321945287287,
        "dmean2": 0.0472067818046,
        "dvar": 0.00221242825501,
        "dvar2": 0.00393038475886,
        "max": 0.506810486317,
        "mean": 0.0785582587123,
        "median": 0.059771746397,
        "min": 6.63839538895e-11,
        "var": 0.0051106819883
    },
    "spectral_kurtosis": {
        "dmean": 3.07280731201,
        "dmean2": 5.00135087967,
        "dvar": 14.2386226654,
        "dvar2": 35.2504005432,
        "max": 138.686096191,
        "mean": 6.86703109741,
        "median": 5.40891170502,
        "min": -1.21528828144,
        "var": 51.877658844
    },
    "spectral_rms": {
        "dmean": 0.000858159095515,
        "dmean2": 0.00116073910613,
        "dvar": 1.53762982791e-06,
        "dvar2": 2.53543475992e-06,
        "max": 0.0152822639793,
        "mean": 0.00486727524549,
        "median": 0.00416807131842,
        "min": 3.2207407314e-12,
        "var": 7.64032211009e-06
    },
    "spectral_rolloff": {
        "dmean": 290.843444824,
        "dmean2": 484.616394043,
        "dvar": 510914.6875,
        "dvar2": 1037060.4375,
        "max": 19164.5507812,
        "mean": 984.00189209,
        "median": 796.728515625,
        "min": 64.599609375,
        "var": 1495549.875
    },
    "spectral_skewness": {
        "dmean": 0.367676347494,
        "dmean2": 0.566175758839,
        "dvar": 0.132761761546,
        "dvar2": 0.291707992554,
        "max": 9.62740325928,
        "mean": 1.91265439987,
        "median": 1.81964230537,
        "min": -0.0674349218607,
        "var": 0.520589470863
    },
    "spectral_spread": {
        "dmean": 679453.9375,
        "dmean2": 949038.4375,
        "dvar": 793417416704,
        "dvar2": 1.33477367808e+12,
        "max": 40778052,
        "mean": 3982580,
        "median": 3631865.5,
        "min": 485501.8125,
        "var": 3.41673430221e+12
    },
    "spectral_strongpeak": {
        "dmean": 0.411373496056,
        "dmean2": 0.678787052631,
        "dvar": 0.386788159609,
        "dvar2": 0.927219808102,
        "max": 8.71059989929,
        "mean": 0.98748666048,
        "median": 0.698604941368,
        "min": 0,
        "var": 0.863076627254
    },
    "zerocrossingrate": {
        "dmean": 0.00820672977716,
        "dmean2": 0.0093994801864,
        "dvar": 0.000162395110237,
        "dvar2": 0.000168066762853,
        "max": 0.6982421875,
        "mean": 0.0412465967238,
        "median": 0.037109375,
        "min": 0.001953125,
        "var": 0.00119844765868
    },
    "barkbands": {
        "dmean": [0.000221911061089, 0.00634564831853, 0.00295906886458, 0.00138708483428, 0.00254158093594, 0.00161556887906, 0.00128057261463, 0.000645078369416, 0.00063306390075, 0.000470730738016, 0.000453678163467, 0.0004716081894, 0.00030655428418, 0.000295113684842, 0.000237633081269, 0.000135508351377, 0.000123722114949, 7.84750372986e-05, 5.4701584304e-05, 7.33529377612e-05, 3.98571064579e-05, 4.38463575847e-05, 4.60861483589e-05, 3.29866452375e-05, 1.48321632878e-05, 7.69750931795e-06, 6.04524245773e-07],
        "dmean2": [0.000264744914602, 0.00830972008407, 0.00514699192718, 0.00246708584018, 0.00435587810352, 0.00268160877749, 0.00206288229674, 0.00104582845233, 0.000982949975878, 0.000727771024685, 0.000716460694093, 0.000755857850891, 0.000472658488434, 0.000449356914032, 0.000392830872443, 0.000224544215598, 0.000202297611395, 0.00012157906167, 8.49371499498e-05, 0.000110299799417, 6.16626712144e-05, 6.8867317168e-05, 7.1182170359e-05, 4.92415747431e-05, 2.16543412535e-05, 1.12622583401e-05, 9.77181230155e-07],
        "dvar": [5.00609075971e-07, 0.000354711315595, 0.000158089635079, 2.82580749627e-05, 4.65379889647e-05, 8.63761033543e-06, 6.17015348325e-06, 1.32093828142e-06, 1.8789129399e-06, 1.00002455383e-06, 1.52951395194e-06, 1.47552054841e-06, 6.85969837377e-07, 5.37412347512e-07, 3.36465205919e-07, 1.61097034379e-07, 1.17245519959e-07, 2.90236314981e-08, 1.58639839043e-08, 5.07492252666e-08, 6.32658458954e-09, 8.56346726863e-09, 1.76167453958e-08, 1.53782018231e-08, 1.9412809138e-09, 4.0384712241e-10, 4.29893837542e-12],
        "dvar2": [5.98927101692e-07, 0.000671860936563, 0.000436902104411, 8.16324172774e-05, 0.000132847737405, 2.1941441446e-05, 1.53227192641e-05, 3.41153076988e-06, 4.21853246735e-06, 2.28797807722e-06, 4.01297802455e-06, 4.10107804782e-06, 1.46515594679e-06, 1.18161744922e-06, 8.91970273642e-07, 4.39665200247e-07, 2.94147582736e-07, 7.22096515915e-08, 3.64641081774e-08, 9.28114971543e-08, 1.3113093722e-08, 1.87687785314e-08, 3.48905082603e-08, 3.00114493257e-08, 3.6919720614e-09, 8.48708436862e-10, 1.04057751998e-11],
        "max": [0.00857832562178, 0.195110946894, 0.111793264747, 0.0633615106344, 0.0801361650229, 0.106560587883, 0.0410927794874, 0.0174042396247, 0.0379885286093, 0.0214276723564, 0.0205051153898, 0.0201426483691, 0.0251713078469, 0.0174149684608, 0.00941543094814, 0.00674679502845, 0.0054621770978, 0.00441174115986, 0.00284245074727, 0.0153797147796, 0.00225822371431, 0.00263326149434, 0.00389394490048, 0.00579003570601, 0.00158574583475, 0.000402939505875, 3.45245534845e-05],
        "mean": [0.000325877597788, 0.0114241186529, 0.00256865029223, 0.00167953141499, 0.00397015362978, 0.00288890348747, 0.00218979083002, 0.00117857079022, 0.00115591613576, 0.000896259152796, 0.000754780077841, 0.00080285675358, 0.000481711642351, 0.000523138034623, 0.000316541816574, 0.000176369489054, 0.000164902769029, 0.00013442330237, 9.84365178738e-05, 0.000145641941344, 6.29915812169e-05, 5.11861617269e-05, 5.34874197911e-05, 4.15973227064e-05, 1.88887261174e-05, 8.44754140417e-06, 5.45099226201e-07],
        "median": [5.3613490536e-07, 1.68623466834e-06, 6.59498036839e-05, 0.000472235580673, 0.00214730901644, 0.00154995953199, 0.000977275078185, 0.000454100430943, 0.00036976634874, 0.000296035257634, 0.000122324796394, 0.000145526690176, 9.38236480579e-05, 9.86324594123e-05, 8.0926285591e-05, 5.64337169635e-05, 4.30348009104e-05, 5.19359091413e-05, 3.22650412272e-05, 4.93273910251e-05, 2.34213621297e-05, 1.36670241773e-05, 1.02935464383e-05, 7.12266955816e-06, 2.62779053628e-06, 6.29312580713e-07, 1.16468807931e-08],
        "min": [9.64096731213e-24, 1.98839490909e-23, 5.04553660042e-24, 1.9593573336e-24, 1.77774191058e-23, 1.29078548908e-23, 2.45074628564e-23, 3.01319716909e-23, 2.04904285103e-23, 2.80839909622e-23, 4.31948235501e-23, 4.74333574166e-23, 3.92362785069e-23, 7.44518528868e-23, 7.70672233993e-23, 9.14328033128e-23, 7.99844878248e-23, 1.60667035509e-22, 2.03019664846e-22, 2.23424290533e-22, 3.73423074083e-22, 2.85651532003e-22, 6.56254371552e-22, 7.73800048549e-22, 1.03372171461e-21, 1.46529421251e-21, 2.13758333685e-21],
        "var": [1.28298518121e-06, 0.000844553112984, 0.000111035296868, 2.03614908969e-05, 4.01928882638e-05, 2.2768146664e-05, 1.12199222713e-05, 3.05548974211e-06, 4.43831822849e-06, 2.62885919255e-06, 3.03980255012e-06, 3.01407180814e-06, 1.80569702479e-06, 1.54993927026e-06, 4.66526074661e-07, 1.51965707573e-07, 1.49058621446e-07, 5.06264470346e-08, 3.24037543464e-08, 1.19768174045e-07, 1.31220332378e-08, 1.36663782513e-08, 3.05975333958e-08, 3.08568139928e-08, 3.86311782563e-09, 5.99021443559e-10, 4.58218445826e-12]
    },
    "erbbands": {
        "dmean": [0.144036278129, 1.6683909893, 3.56037735939, 4.01220798492, 5.17448139191, 9.70170593262, 14.0679044724, 12.0122385025, 14.9565734863, 20.1541576385, 15.655333519, 13.0341339111, 14.006980896, 13.6643667221, 15.3909702301, 17.3522071838, 13.8012685776, 14.0961942673, 11.9605789185, 10.9129734039, 6.97239160538, 6.97428894043, 4.03172874451, 3.30264925957, 2.90896916389, 3.30123209953, 2.1325275898, 1.3763012886, 1.52221417427, 1.77755284309, 1.13621509075, 0.759918808937, 0.510487139225, 0.205331549048, 0.0878668054938, 0.0456224791706, 0.0115946335718, 0.00194045063108, 8.3454840933e-05, 1.38060295285e-05],
        "dmean2": [0.168818339705, 2.18083977699, 5.68687391281, 7.06795024872, 9.00390434265, 16.4758319855, 23.9242763519, 19.6074142456, 24.0341625214, 32.8387832642, 24.9931163788, 20.4079246521, 21.4383125305, 20.8758792877, 24.5652084351, 27.7645187378, 20.846452713, 21.1204566956, 18.9296836853, 18.027671814, 11.389544487, 11.2443962097, 6.22358798981, 5.1212310791, 4.46591997147, 4.92588996887, 3.23613357544, 2.14565658569, 2.38939404488, 2.87281298637, 1.71514260769, 1.14168357849, 0.765087366104, 0.298936724663, 0.128972411156, 0.0676199942827, 0.0168176516891, 0.00284216925502, 0.00012872593652, 1.8566599465e-05],
        "dvar": [0.15701803565, 26.1358585358, 182.699325562, 248.043014526, 293.233154297, 585.571655273, 949.841369629, 486.311859131, 1046.20495605, 1900.88964844, 828.042541504, 1083.68945312, 730.042236328, 808.478210449, 1574.74194336, 2034.52832031, 1359.14147949, 1388.2565918, 807.36730957, 763.491577148, 386.652832031, 335.971984863, 89.953956604, 55.8398284912, 69.6571960449, 93.576385498, 22.1178474426, 8.52838039398, 10.588092804, 16.0456371307, 15.1326560974, 6.38235473633, 4.36012172699, 0.448419868946, 0.0656666606665, 0.0139557439834, 0.000932227878366, 3.1729501643e-05, 7.4489058477e-08, 6.52697673686e-10],
        "dvar2": [0.188585862517, 49.6694869995, 465.974121094, 709.860778809, 835.08203125, 1639.69763184, 2582.35009766, 1199.93713379, 2445.3046875, 4867.00585938, 2100.77807617, 2340.70629883, 1641.2520752, 1930.16699219, 4200.81542969, 5497.88623047, 2855.04272461, 3100.00708008, 1940.36120605, 2048.86352539, 1022.10491943, 824.024475098, 223.529022217, 136.875991821, 147.504455566, 165.616546631, 45.1423377991, 17.8987045288, 23.7711257935, 37.0341796875, 29.1232566833, 11.5274238586, 8.46991729736, 0.796879768372, 0.134973496199, 0.0303105134517, 0.0019392631948, 6.86681887601e-05, 1.73312216134e-07, 1.13141174207e-09],
        "max": [4.46852970123, 49.9594573975, 121.820358276, 159.350509644, 288.961608887, 388.787139893, 880.742858887, 550.684631348, 614.231994629, 1078.66333008, 403.051605225, 1079.05053711, 460.839508057, 499.26739502, 667.635742188, 770.851379395, 1203.15270996, 944.271179199, 610.56842041, 494.027954102, 251.643569946, 365.795043945, 236.196533203, 256.127441406, 498.335021973, 608.082763672, 209.376373291, 69.3958511353, 93.8935241699, 89.0127563477, 130.387695312, 104.433746338, 99.8504333496, 23.0292663574, 9.53317546844, 2.62420463562, 0.509517610073, 0.105474941432, 0.00497952150181, 0.00029530809843],
        "mean": [0.307864934206, 2.56174635887, 3.77725505829, 4.41553211212, 6.98842573166, 15.1265563965, 24.7519245148, 20.916891098, 26.1797409058, 33.1685028076, 30.7506065369, 23.0123939514, 27.4396858215, 27.8847179413, 26.4231395721, 30.8872032166, 25.228055954, 26.7759037018, 19.0316696167, 15.2858047485, 9.83966827393, 10.1141052246, 6.90607261658, 5.86134147644, 5.81149864197, 6.67470550537, 3.90412926674, 1.95779168606, 1.81172978878, 1.88804161549, 1.40417921543, 0.951644420624, 0.645091176033, 0.266699850559, 0.108811087906, 0.0490220822394, 0.0128513649106, 0.00205752090551, 9.39987439779e-05, 3.8522943214e-05],
        "median": [7.95743108029e-05, 0.00164755305741, 0.0769163817167, 1.11202812195, 2.68262290955, 7.90444278717, 12.3786773682, 11.1522045135, 11.752497673, 14.1511144638, 12.0744600296, 8.16773223877, 10.8901481628, 10.4940757751, 7.00341415405, 6.3092546463, 5.93579769135, 5.79798364639, 4.91117477417, 4.61574935913, 3.43486356735, 3.09610629082, 2.62919092178, 2.26552176476, 2.16471290588, 2.18132448196, 1.55181586742, 0.65454185009, 0.509318709373, 0.398848056793, 0.271306633949, 0.178158730268, 0.0970989838243, 0.0384673029184, 0.0145495515317, 0.00440364703536, 0.000879837665707, 9.88282845356e-05, 1.49916832015e-05, 2.23224196816e-05],
        "min": [6.61551326406e-22, 3.20273589526e-21, 4.48166092374e-21, 1.75592397937e-20, 2.28578017529e-20, 7.26507885244e-20, 1.63681155443e-19, 1.21953073016e-19, 2.44375803674e-19, 3.056342149e-19, 4.11163410058e-19, 5.5693010818e-19, 8.88081578357e-19, 1.26491332238e-18, 2.38259738792e-18, 2.14701076599e-18, 1.94263532294e-18, 2.90953852828e-18, 4.03980287356e-18, 5.44388323355e-18, 5.53092000478e-18, 4.95460590122e-18, 9.03687209153e-18, 8.06793091995e-18, 1.12943613069e-17, 1.02143785827e-17, 1.0277801829e-17, 1.56069261603e-17, 1.0105603505e-17, 1.35123973158e-17, 1.83554736279e-17, 1.33869346964e-17, 1.43324046181e-17, 9.40416840764e-18, 7.43530815056e-18, 4.67286198073e-18, 2.59982887205e-18, 1.29253567477e-18, 3.06437407275e-19, 2.88664449537e-20],
        "var": [0.6912099123, 48.7190513611, 165.374237061, 166.060882568, 260.64932251, 547.915283203, 1875.14318848, 932.918640137, 1844.40368652, 3216.45507812, 1999.86889648, 2126.55957031, 1848.18664551, 2044.18395996, 3177.04272461, 4346.70361328, 4181.28466797, 4302.74853516, 1611.21618652, 871.992614746, 400.157897949, 481.593597412, 154.010543823, 91.0006637573, 144.520584106, 243.14805603, 54.7318954468, 15.2990789413, 16.2611064911, 22.0425205231, 27.3268985748, 13.1444368362, 8.82135868073, 0.940803527832, 0.119467779994, 0.0198095049709, 0.0014050246682, 4.30635191151e-05, 9.19286193835e-08, 2.06344408227e-09]
    },
    "gfcc": {
        "mean": [-57.4106140137, 108.667541504, -135.446182251, 10.1217384338, -82.6176528931, -9.11587715149, -49.3330459595, -9.48668479919, -28.1680927277, -6.94948148727, -14.1215162277, -8.6438999176, -7.40403842926],
        "cov": [[11667.5195312, -50.2758483887, -25.822473526, 1073.06384277, 824.195495605, 978.229614258, 255.825119019, 431.2996521, -94.7923812866, 258.53793335, -145.582366943, 80.2766494751, -199.239395142], [-50.2758483887, 1265.94030762, -2.92557692528, 48.4590568542, 377.351531982, -54.3254051208, 261.719940186, -14.8510427475, 154.864532471, -66.189666748, 103.392555237, -60.0428085327, 100.580726624], [-25.822473526, -2.92557692528, 1767.92993164, 718.268249512, 580.475219727, 581.700012207, 183.752944946, 387.580871582, 217.493743896, 241.69859314, -86.6234436035, 171.907623291, -50.9481391907], [1073.06384277, 48.4590568542, 718.268249512, 817.68560791, 448.395965576, 294.446228027, 128.562072754, 215.621231079, 152.304641724, 72.7684326172, -69.794593811, 38.7331542969, -24.5315933228], [824.195495605, 377.351531982, 580.475219727, 448.395965576, 879.345092773, 447.443237305, 335.096954346, 321.956329346, 192.185806274, 224.619186401, 52.8535118103, 118.468132019, 36.3654174805], [978.229614258, -54.3254051208, 581.700012207, 294.446228027, 447.443237305, 534.511901855, 222.326446533, 246.520980835, 76.9012298584, 202.857223511, 21.3917503357, 103.364776611, -34.6609230042], [255.825119019, 261.719940186, 183.752944946, 128.562072754, 335.096954346, 222.326446533, 375.264892578, 195.717971802, 103.106063843, 142.410217285, 116.250816345, 92.709197998, 18.0341720581], [431.2996521, -14.8510427475, 387.580871582, 215.621231079, 321.956329346, 246.520980835, 195.717971802, 340.990661621, 135.406707764, 139.625045776, 26.2820339203, 110.047927856, 3.02492880821], [-94.7923812866, 154.864532471, 217.493743896, 152.304641724, 192.185806274, 76.9012298584, 103.106063843, 135.406707764, 216.736526489, 79.7031478882, 15.8576011658, 66.3500976562, 39.6726570129], [258.53793335, -66.189666748, 241.69859314, 72.7684326172, 224.619186401, 202.857223511, 142.410217285, 139.625045776, 79.7031478882, 223.920837402, 63.2431411743, 83.9918518066, -7.19823217392], [-145.582366943, 103.392555237, -86.6234436035, -69.794593811, 52.8535118103, 21.3917503357, 116.250816345, 26.2820339203, 15.8576011658, 63.2431411743, 160.65196228, 33.2743682861, 10.1893644333], [80.2766494751, -60.0428085327, 171.907623291, 38.7331542969, 118.468132019, 103.364776611, 92.709197998, 110.047927856, 66.3500976562, 83.9918518066, 33.2743682861, 169.942947388, 29.3415756226], [-199.239395142, 100.580726624, -50.9481391907, -24.5315933228, 36.3654174805, -34.6609230042, 18.0341720581, 3.02492880821, 39.6726570129, -7.19823217392, 10.1893644333, 29.3415756226, 115.087104797]],
        "icov": [[0.000186820427189, -0.000273100304184, 0.000395577488234, -0.000448562961537, 0.000208292811294, -0.000555000617169, 0.000335474527674, -0.000326024688547, 0.00043730752077, -0.000414443493355, 0.000354301038897, -0.000339432153851, 0.000243139802478], [-0.000273100304184, 0.00258417078294, -0.0010732676601, 0.0013662657002, -0.00190134998411, 0.00171928538475, -0.00238325097598, 0.00190599507187, -0.00223756884225, 0.00284985476173, -0.00135365652386, 0.00205210200511, -0.0009269444854], [0.000395577488234, -0.0010732676601, 0.00225263042375, -0.00179687328637, 0.000894429045729, -0.00220694276504, 0.00150023854803, -0.00132225162815, 0.000902027764823, -0.00175256584771, 0.00148972123861, -0.00162026507314, 0.000950024987105], [-0.000448562961537, 0.0013662657002, -0.00179687328637, 0.0038453261368, -0.00191108090803, 0.00146699836478, -0.0015328155132, 0.00111670722254, -0.00239436211996, 0.00275017227978, -0.000450611463748, 0.00187522755004, -0.000130688087665], [0.000208292811294, -0.00190134998411, 0.000894429045729, -0.00191108090803, 0.0045178681612, -0.00263987714425, 0.000672352907714, -0.00191672670189, 0.00110564532224, -0.00283772684634, 0.00101828167681, -0.00102429592516, -0.000654346717056], [-0.000555000617169, 0.00171928538475, -0.00220694276504, 0.00146699836478, -0.00263987714425, 0.00751567538828, -0.00279267388396, 0.000707935541868, -8.05306772236e-05, -2.36187752307e-05, -0.000639424717519, 0.00124334171414, 0.000154877401656], [0.000335474527674, -0.00238325097598, 0.00150023854803, -0.0015328155132, 0.000672352907714, -0.00279267388396, 0.00848370231688, -0.00334514072165, 0.00162024924066, -0.00272152293473, -0.0020986199379, -0.00241171242669, 0.000777961337008], [-0.000326024688547, 0.00190599507187, -0.00132225162815, 0.00111670722254, -0.00191672670189, 0.000707935541868, -0.00334514072165, 0.00823119562119, -0.00364861567505, 0.00170946330763, -0.000446596794063, -1.48239323607e-05, -4.28003004345e-05], [0.00043730752077, -0.00223756884225, 0.000902027764823, -0.00239436211996, 0.00110564532224, -8.05306772236e-05, 0.00162024924066, -0.00364861567505, 0.0102203637362, -0.00433572940528, 0.0016612727195, -0.00256952363998, -0.00121637689881], [-0.000414443493355, 0.00284985476173, -0.00175256584771, 0.00275017227978, -0.00283772684634, -2.36187752307e-05, -0.00272152293473, 0.00170946330763, -0.00433572940528, 0.0126970689744, -0.00410693557933, 0.000888854789082, 0.000299087405438], [0.000354301038897, -0.00135365652386, 0.00148972123861, -0.000450611463748, 0.00101828167681, -0.000639424717519, -0.0020986199379, -0.000446596794063, 0.0016612727195, -0.00410693557933, 0.0111557999626, -0.00188655091915, 0.000849837902933], [-0.000339432153851, 0.00205210200511, -0.00162026507314, 0.00187522755004, -0.00102429592516, 0.00124334171414, -0.00241171242669, -1.48239323607e-05, -0.00256952363998, 0.000888854789082, -0.00188655091915, 0.0107600027695, -0.0032570946496], [0.000243139802478, -0.0009269444854, 0.000950024987105, -0.000130688087665, -0.000654346717056, 0.000154877401656, 0.000777961337008, -4.28003004345e-05, -0.00121637689881, 0.000299087405438, 0.000849837902933, -0.0032570946496, 0.0116386106238]]
    },
    "melbands": {
        "dmean": [0.00149796193, 0.00188618036918, 0.000722974247765, 0.000497276661918, 0.000491966726258, 0.000283226690954, 0.000228846300161, 0.000197473913431, 0.000135159629281, 7.94018487795e-05, 7.32497428544e-05, 5.77482642257e-05, 6.11672876403e-05, 4.23809469794e-05, 5.10032150487e-05, 2.95457066386e-05, 2.70239797828e-05, 2.0570736524e-05, 1.81513059943e-05, 1.17274330478e-05, 7.90602280176e-06, 8.75550540513e-06, 3.74719479623e-06, 3.8475313886e-06, 2.72038596449e-06, 2.19889579967e-06, 2.4961152576e-06, 2.27474788517e-06, 1.6963484768e-06, 8.95569712611e-07, 7.89284513303e-07, 8.49597654451e-07, 9.26566428916e-07, 1.06715549464e-06, 6.39317761397e-07, 6.08210314113e-07, 4.35890086692e-07, 4.06048798141e-07, 2.44458988163e-07, 1.5986353219e-07],
        "dmean2": [0.00192385818809, 0.00262400764041, 0.00126617378555, 0.000850339245517, 0.000841150293127, 0.000462018535472, 0.000368744164007, 0.000321295665344, 0.000216477055801, 0.000123960329802, 0.000112308531243, 8.80891820998e-05, 9.77256640908e-05, 6.77271309542e-05, 7.92072241893e-05, 4.45675541414e-05, 4.06746003137e-05, 3.21444422298e-05, 3.02430707961e-05, 1.96587243408e-05, 1.30371590785e-05, 1.43576680784e-05, 5.78827166464e-06, 6.04387560088e-06, 4.26532869824e-06, 3.39217012879e-06, 3.85893463317e-06, 3.43052033713e-06, 2.59060334429e-06, 1.41138878007e-06, 1.22936091884e-06, 1.33804292091e-06, 1.48475362494e-06, 1.75243997091e-06, 9.75094280875e-07, 9.16546696317e-07, 6.60684861487e-07, 6.14918747033e-07, 3.65428405757e-07, 2.37415463289e-07],
        "dvar": [1.83625379577e-05, 3.77267206204e-05, 7.45538545743e-06, 1.8698481199e-06, 1.23467077628e-06, 2.55020438544e-07, 2.13105252556e-07, 1.6366617217e-07, 6.79043239415e-08, 3.73695812073e-08, 2.07273309627e-08, 1.38284752538e-08, 2.90211250586e-08, 1.49961199014e-08, 1.91254745374e-08, 6.90784185409e-09, 5.48187406579e-09, 2.63470845141e-09, 2.30133290202e-09, 1.1413500145e-09, 4.94842444798e-10, 5.84526205216e-10, 9.629394504e-11, 8.38396990721e-11, 3.91468697736e-11, 2.68911577034e-11, 9.19602519134e-11, 3.57452678568e-11, 1.57780403326e-11, 4.12054114787e-12, 3.05769016877e-12, 3.54050187605e-12, 4.46915768282e-12, 6.17054107463e-12, 4.98265925047e-12, 4.90479488621e-12, 2.33454271539e-12, 3.19167760797e-12, 7.69608172763e-13, 2.77307013073e-13],
        "dvar2": [3.02958214888e-05, 8.16255997051e-05, 2.11966344068e-05, 5.30529086973e-06, 3.44960085386e-06, 6.35597359633e-07, 5.03784519879e-07, 4.15249786556e-07, 1.71111580016e-07, 8.0595278007e-08, 4.68525129804e-08, 3.26435447562e-08, 7.77064599333e-08, 4.10162961373e-08, 4.93234537657e-08, 1.41076821336e-08, 1.21754588633e-08, 5.96630522764e-09, 6.1468830026e-09, 3.14634807097e-09, 1.29893573675e-09, 1.47743783874e-09, 2.32221492036e-10, 2.13384448999e-10, 9.61919016662e-11, 6.15535331039e-11, 1.65349192671e-10, 6.8205753545e-11, 3.39386574399e-11, 8.89955296957e-12, 6.46747412569e-12, 7.93400848492e-12, 1.03983098174e-11, 1.46421937075e-11, 1.00092512403e-11, 9.12707236178e-12, 4.72492401107e-12, 6.60779807607e-12, 1.3791067897e-12, 5.69127915368e-13],
        "max": [0.0496228598058, 0.0577386915684, 0.0282529331744, 0.0194563940167, 0.022800533101, 0.0130450157449, 0.0091839209199, 0.0101801166311, 0.00421940954402, 0.00585139123723, 0.00264899781905, 0.00197535823099, 0.00299668242224, 0.00270590535365, 0.00310031929985, 0.00243180687539, 0.00205897958949, 0.00141734431963, 0.000895107456017, 0.000649977126159, 0.000297611288261, 0.000473335152492, 0.000314868491841, 0.000294196564937, 0.000206384269404, 0.000145357233123, 0.000674734008498, 0.000329635135131, 0.000177807392902, 5.37364685442e-05, 5.5592674471e-05, 5.33057173016e-05, 5.83944711252e-05, 4.95079257234e-05, 7.60282709962e-05, 7.75905282353e-05, 6.54733667034e-05, 8.58899802552e-05, 3.45816843037e-05, 1.9041239284e-05],
        "mean": [0.00300772627816, 0.00257633673027, 0.00083430117229, 0.000752257299609, 0.000860189727973, 0.000506177602801, 0.000403459242079, 0.00033494856325, 0.000256480649114, 0.000137366514537, 0.000141027921927, 0.000116891875223, 9.99292460619e-05, 7.1879789175e-05, 8.42288136482e-05, 4.84945558128e-05, 4.93583902426e-05, 3.18020101986e-05, 2.37790973188e-05, 1.50280675371e-05, 1.02915309981e-05, 1.16231831271e-05, 5.93537333771e-06, 6.43719977234e-06, 4.46234707852e-06, 4.0136392272e-06, 4.66061101179e-06, 4.3746317715e-06, 2.98305826618e-06, 1.31432761918e-06, 1.01524574347e-06, 1.00529234714e-06, 1.01033128885e-06, 1.07695325369e-06, 7.89686907865e-07, 7.29589885395e-07, 5.3191894267e-07, 5.00723842833e-07, 3.0462578593e-07, 2.00762727331e-07],
        "median": [4.1541744622e-07, 1.85318040167e-05, 0.000237393018324, 0.000400856282795, 0.000467449106509, 0.000283345521893, 0.000185935059562, 0.00014091237972, 9.28864610614e-05, 4.51085434179e-05, 5.21014117112e-05, 4.26124970545e-05, 2.06566946872e-05, 1.27780622279e-05, 1.28424253489e-05, 9.29828820517e-06, 8.40066240926e-06, 6.31371131021e-06, 5.86415808357e-06, 4.52938274975e-06, 3.06317656396e-06, 3.01785348711e-06, 1.79104574727e-06, 2.36888104155e-06, 1.56664987117e-06, 1.24399412016e-06, 1.64057269103e-06, 1.20746904031e-06, 1.10591452085e-06, 4.14973726492e-07, 2.8362828175e-07, 2.73458226729e-07, 2.37818369442e-07, 1.89933402339e-07, 1.49758847101e-07, 1.25877903656e-07, 9.20948082239e-08, 6.98219935202e-08, 4.22476560402e-08, 2.48731559793e-08],
        "min": [8.52408542074e-24, 2.67397065042e-24, 3.05837349764e-24, 3.56818392954e-24, 6.20613952976e-24, 3.35667336034e-24, 3.79948070796e-24, 3.94679417112e-24, 3.18423211354e-24, 2.92408176144e-24, 4.31293488838e-24, 4.49805490486e-24, 8.35242297688e-24, 5.6903948917e-24, 6.31183821359e-24, 3.71051100292e-24, 5.4447175734e-24, 6.38811356895e-24, 4.96686429121e-24, 6.93578735214e-24, 5.75004027031e-24, 4.43482415343e-24, 7.84596086509e-24, 8.03738190805e-24, 4.82061460697e-24, 8.97451237585e-24, 7.02125806464e-24, 6.24968267958e-24, 5.93555511167e-24, 7.45314915506e-24, 8.01981318683e-24, 5.74403191123e-24, 5.05378887435e-24, 8.04522555203e-24, 9.75658434412e-24, 8.0562151733e-24, 8.34965880827e-24, 1.0291425727e-23, 8.08974176177e-24, 8.07107100187e-24],
        "var": [5.86080823268e-05, 5.29100689164e-05, 5.18135129823e-06, 1.67690427588e-06, 1.82035091711e-06, 5.39253335319e-07, 3.90598216882e-07, 2.94250810384e-07, 1.63822349464e-07, 7.65003349557e-08, 5.30617398908e-08, 3.55909364202e-08, 5.52359900041e-08, 2.89598016678e-08, 4.4580563241e-08, 1.72890981531e-08, 1.67875100487e-08, 6.0130367352e-09, 3.08724090736e-09, 1.05385811189e-09, 5.09959019457e-10, 7.67066354879e-10, 1.53050114249e-10, 1.33795904911e-10, 5.97953145332e-11, 5.85309856138e-11, 1.86953563741e-10, 9.74419503419e-11, 3.75058525903e-11, 7.48138617029e-12, 5.07733828939e-12, 5.31735593057e-12, 6.34303200242e-12, 7.59341201029e-12, 8.65658066063e-12, 8.94005963009e-12, 4.35552592257e-12, 6.11078592241e-12, 1.57979185289e-12, 5.02230798182e-13]
    },
    "mfcc": {
        "mean": [-692.813110352, 135.495620728, -8.58631038666, 7.5480632782, -18.7154941559, -11.6165084839, -17.9077968597, -14.2172145844, -17.1821746826, -6.12714481354, -13.7960624695, -9.25321006775, -7.14440727234],
        "cov": [[6968.51074219, 47.5836219788, -298.663879395, 221.904541016, 401.147491455, 504.469696045, 534.726623535, 339.120758057, 213.361251831, 324.404296875, 154.214614868, 232.87298584, 125.701873779], [47.5836219788, 1300.00964355, -108.04069519, 169.720123291, 126.139419556, 130.044326782, 163.117279053, 106.199821472, 134.537475586, 34.4437637329, 88.5776748657, 66.6716461182, 84.9818267822], [-298.663879395, -108.04069519, 1226.94250488, 414.455108643, 459.76663208, 327.961242676, 113.52368927, 232.751571655, 256.866668701, 134.18157959, 160.269821167, 48.5245666504, 62.9884338379], [221.904541016, 169.720123291, 414.455108643, 644.501708984, 411.166351318, 260.680786133, 145.813903809, 228.286712646, 269.537658691, 118.61391449, 140.886520386, 87.1952133179, 84.7814025879], [401.147491455, 126.139419556, 459.76663208, 411.166351318, 698.401245117, 373.624908447, 257.735565186, 259.258728027, 323.944458008, 200.406494141, 171.741394043, 124.496330261, 95.4172210693], [504.469696045, 130.044326782, 327.961242676, 260.680786133, 373.624908447, 453.583740234, 278.02734375, 187.793716431, 214.545730591, 142.527832031, 168.314758301, 123.232948303, 98.4167327881], [534.726623535, 163.117279053, 113.52368927, 145.813903809, 257.735565186, 278.02734375, 464.277008057, 201.442001343, 143.191726685, 165.16897583, 164.805984497, 163.523925781, 128.962631226], [339.120758057, 106.199821472, 232.751571655, 228.286712646, 259.258728027, 187.793716431, 201.442001343, 298.856414795, 222.365020752, 99.451751709, 144.582244873, 116.4168396, 109.929847717], [213.361251831, 134.537475586, 256.866668701, 269.537658691, 323.944458008, 214.545730591, 143.191726685, 222.365020752, 344.288146973, 125.465545654, 144.154220581, 103.583518982, 98.2125930786], [324.404296875, 34.4437637329, 134.18157959, 118.61391449, 200.406494141, 142.527832031, 165.16897583, 99.451751709, 125.465545654, 216.377548218, 101.474647522, 71.7091064453, 51.9956817627], [154.214614868, 88.5776748657, 160.269821167, 140.886520386, 171.741394043, 168.314758301, 164.805984497, 144.582244873, 144.154220581, 101.474647522, 222.412246704, 126.4557724, 93.1895751953], [232.87298584, 66.6716461182, 48.5245666504, 87.1952133179, 124.496330261, 123.232948303, 163.523925781, 116.4168396, 103.583518982, 71.7091064453, 126.4557724, 194.823440552, 116.654335022], [125.701873779, 84.9818267822, 62.9884338379, 84.7814025879, 95.4172210693, 98.4167327881, 128.962631226, 109.929847717, 98.2125930786, 51.9956817627, 93.1895751953, 116.654335022, 166.852432251]],
