{
"lowlevel": {
    "average_loudness": 0.854268848896,
    "barkbands_crest": {
        "dmean": 3.070520401,
        "dmean2": 4.61198711395,
        "dvar": 8.67302703857,
        "dvar2": 20.2547359467,
        "max": 26.3706378937,
        "mean": 12.9090852737,
        "median": 12.0360631943,
        "min": 2.19451904297,
        "var": 33.1250038147
    },
    "barkbands_flatness_db": {
        "dmean": 0.0295533426106,
        "dmean2": 0.0398951172829,
        "dvar": 0.000752088206355,
        "dvar2": 0.00147843011655,
        "max": 0.513175427914,
        "mean": 0.169263511896,
        "median": 0.164464205503,
        "min": 0.0123729528859,
        "var": 0.00542285619304
    },
    "barkbands_kurtosis": {
        "dmean": 9.12971878052,
        "dmean2": 13.2121171951,
        "dvar": 1613.91516113,
        "dvar2": 3242.5793457,
        "max": 1328.76843262,
        "mean": 11.6480464935,
        "median": 2.11764812469,
        "min": -1.87717103958,
        "var": 2572.07202148
    },
    "barkbands_skewness": {
        "dmean": 0.87836933136,
        "dmean2": 1.23926007748,
        "dvar": 1.69773077965,
        "dvar2": 3.14396619797,
        "max": 33.7036323547,
        "mean": 2.01552820206,
        "median": 1.44346940517,
        "min": -3.46365237236,
        "var": 6.0320186615
    },
    "barkbands_spread": {
        "dmean": 6.97382164001,
        "dmean2": 9.94569587708,
        "dvar": 88.7686157227,
        "dvar2": 188.077453613,
        "max": 104.902275085,
        "mean": 19.0052146912,
        "median": 15.7564001083,
        "min": 0.283898115158,
        "var": 213.245574951
    },
    "dissonance": {
        "dmean": 0.0220801178366,
        "dmean2": 0.0372610650957,
        "dvar": 0.000525125709828,
        "dvar2": 0.00139901519287,
        "max": 0.5,
        "mean": 0.461960405111,
        "median": 0.471565246582,
        "min": 0.129975363612,
        "var": 0.00121888029389
    },
    "dynamic_complexity": 4.81007194519,
    "erbbands_crest": {
        "dmean": 2.99779462814,
        "dmean2": 4.68860864639,
        "dvar": 8.05584621429,
        "dvar2": 18.5726146698,
        "max": 32.8264579773,
        "mean": 9.64695549011,
        "median": 8.41781425476,
        "min": 2.29436659813,
        "var": 24.8581085205
    },
    "erbbands_flatness_db": {
        "dmean": 0.020974362269,
        "dmean2": 0.0294750947505,
        "dvar": 0.000433332083048,
        "dvar2": 0.000793858955149,
        "max": 0.562230229378,
        "mean": 0.178313285112,
        "median": 0.151923149824,
        "min": 0.0433692745864,
        "var": 0.00780834630132
    },
    "erbbands_kurtosis": {
        "dmean": 1.31676709652,
        "dmean2": 2.00933289528,
        "dvar": 8.38503170013,
        "dvar2": 17.2682476044,
        "max": 202.669052124,
        "mean": 1.12334632874,
        "median": 0.198043107986,
        "min": -1.77967572212,
        "var": 16.7388629913
    },
    "erbbands_skewness": {
        "dmean": 0.422308385372,
        "dmean2": 0.62329185009,
        "dvar": 0.181812286377,
        "dvar2": 0.385184943676,
        "max": 10.9134473801,
        "mean": 0.320879608393,
        "median": 0.234615191817,
        "min": -4.03513717651,
        "var": 0.702251434326
    },
    "erbbands_spread": {
        "dmean": 9.05013656616,
        "dmean2": 13.4811124802,
        "dvar": 96.5377578735,
        "dvar2": 206.278060913,
        "max": 126.786491394,
        "mean": 33.9177207947,
        "median": 29.952999115,
        "min": 0.935751855373,
        "var": 401.127288818
    },
    "hfc": {
        "dmean": 12.6102380753,
        "dmean2": 18.5746517181,
        "dvar": 490.003082275,
        "dvar2": 1126.26086426,
        "max": 198.13117981,
        "mean": 21.6366939545,
        "median": 13.0629587173,
        "min": 1.11120981801e-16,
        "var": 745.671508789
    },
    "melbands_crest": {
        "dmean": 3.44454407692,
        "dmean2": 5.3702287674,
        "dvar": 11.3334302902,
        "dvar2": 26.3317317963,
        "max": 37.8624610901,
        "mean": 18.2979335785,
        "median": 17.9758529663,
        "min": 1.04087340832,
        "var": 64.7674102783
    },
    "melbands_flatness_db": {
        "dmean": 0.0347512103617,
        "dmean2": 0.0465389639139,
        "dvar": 0.00107421644498,
        "dvar2": 0.00215264363214,
        "max": 0.576176702976,
        "mean": 0.228259205818,
        "median": 0.225477322936,
        "min": 0.000115357783216,
        "var": 0.00667287409306
    },
    "melbands_kurtosis": {
        "dmean": 15.8709745407,
        "dmean2": 23.1446266174,
        "dvar": 1559.0369873,
        "dvar2": 3020.13208008,
        "max": 1294.24108887,
        "mean": 25.9522762299,
        "median": 7.46139431,
        "min": -1.8263001442,
        "var": 4274.203125
    },
    "melbands_skewness": {
        "dmean": 1.06913483143,
        "dmean2": 1.54817998409,
        "dvar": 1.82339537144,
        "dvar2": 3.73082184792,
        "max": 25.8834381104,
        "mean": 3.12603855133,
        "median": 2.36852169037,
        "min": -2.36498117447,
        "var": 8.10397052765
    },
    "melbands_spread": {
        "dmean": 7.66263246536,
        "dmean2": 11.6365814209,
        "dvar": 114.666252136,
        "dvar2": 272.893096924,
        "max": 158.124053955,
        "mean": 19.9471263885,
        "median": 15.6708278656,
        "min": 0.235900744796,
        "var": 301.936645508
    },
    "pitch_salience": {
        "dmean": 0.0866809114814,
        "dmean2": 0.132752433419,
        "dvar": 0.00788421276957,
        "dvar2": 0.0185927245766,
        "max": 0.996807277203,
        "mean": 0.46620079875,
        "median": 0.478943437338,
        "min": 0.0423036590219,
        "var": 0.0313962735236
    },
    "silence_rate_20dB": {
        "dmean": 0,
        "dmean2": 0,
        "dvar": 0,
        "dvar2": 0,
        "max": 1,
        "mean": 1,
        "median": 1,
        "min": 1,
        "var": 0
    },
    "silence_rate_30dB": {
        "dmean": 0.0459815301001,
        "dmean2": 0.0919720903039,
        "dvar": 0.043865095824,
        "dvar2": 0.0839128792286,
        "max": 1,
        "mean": 0.938206136227,
        "median": 1,
        "min": 0,
        "var": 0.057978361845
    },
    "silence_rate_60dB": {
        "dmean": 0.0282963253558,
        "dmean2": 0.05659821257,
        "dvar": 0.027492320165,
        "dvar2": 0.0636104270816,
        "max": 1,
        "mean": 0.175164550543,
        "median": 0,
        "min": 0,
        "var": 0.144475460052
    },
    "spectral_centroid": {
        "dmean": 305.844818115,
        "dmean2": 453.127197266,
        "dvar": 123990.109375,
        "dvar2": 267081.4375,
        "max": 11616.9580078,
        "mean": 1479.78161621,
        "median": 1362.75634766,
        "min": 128.690490723,
        "var": 821291.3125
    },
    "spectral_complexity": {
        "dmean": 4.98840618134,
        "dmean2": 7.19190311432,
        "dvar": 38.8084945679,
        "dvar2": 75.3146133423,
        "max": 59,
        "mean": 16.4812850952,
        "median": 15,
        "min": 0,
        "var": 138.798904419
    },
    "spectral_decrease": {
        "dmean": 2.86261725435e-09,
        "dmean2": 4.18286250081e-09,
        "dvar": 2.20609019737e-17,
        "dvar2": 4.0216512222e-17,
        "max": 1.20580391406e-28,
        "mean": -9.22368936784e-09,
        "median": -8.20559531434e-09,
        "min": -5.35469233398e-08,
        "var": 8.31026142134e-17
    },
    "spectral_energy": {
        "dmean": 0.0115969115868,
        "dmean2": 0.0169656183571,
        "dvar": 0.000336022669217,
        "dvar2": 0.00061580905458,
        "max": 0.205718621612,
        "mean": 0.0367748215795,
        "median": 0.0329505205154,
        "min": 1.01682792385e-20,
        "var": 0.00126828963403
    },
    "spectral_energyband_high": {
        "dmean": 0.000900321872905,
        "dmean2": 0.00135302590206,
        "dvar": 4.4206713028e-06,
        "dvar2": 1.03096499515e-05,
        "max": 0.0181188732386,
        "mean": 0.000972170848399,
        "median": 0.000243213959038,
        "min": 7.31568631161e-21,
        "var": 4.76928380522e-06
    },
    "spectral_energyband_low": {
        "dmean": 0.00782529916614,
        "dmean2": 0.0114317964762,
        "dvar": 0.000269456708338,
        "dvar2": 0.000457957969047,
        "max": 0.169853568077,
        "mean": 0.0225686132908,
        "median": 0.0143202394247,
        "min": 1.99023626822e-23,
        "var": 0.000860908592585
    },
    "spectral_energyband_middle_high": {
        "dmean": 0.00293438066728,
        "dmean2": 0.00439600460231,
        "dvar": 2.62742814812e-05,
        "dvar2": 5.63661997148e-05,
        "max": 0.100075900555,
        "mean": 0.00608565472066,
        "median": 0.00337585969828,
        "min": 1.27691695465e-21,
        "var": 6.69425498927e-05
    },
    "spectral_energyband_middle_low": {
        "dmean": 0.00565373664722,
        "dmean2": 0.00946550350636,
        "dvar": 0.00018941165763,
        "dvar2": 0.000531234603841,
        "max": 0.12308562547,
        "mean": 0.00839626323432,
        "median": 0.00409797253087,
        "min": 1.65671076843e-22,
        "var": 0.000178343281732
    },
    "spectral_entropy": {
        "dmean": 0.191413089633,
        "dmean2": 0.266294389963,
        "dvar": 0.0391568951309,
        "dvar2": 0.0765747651458,
        "max": 9.82218837738,
        "mean": 7.59577083588,
        "median": 7.64556598663,
        "min": 4.91863918304,
        "var": 0.268310427666
    },
    "spectral_flux": {
        "dmean": 0.0333531051874,
        "dmean2": 0.0478785149753,
        "dvar": 0.00205724895932,
        "dvar2": 0.00361332902685,
        "max": 0.458104401827,
        "mean": 0.0880135670304,
        "median": 0.0703598633409,
        "min": 6.41861216955e-11,
        "var": 0.00574432965368
    },
    "spectral_kurtosis": {
        "dmean": 2.25124168396,
        "dmean2": 3.73444747925,
        "dvar": 15.7296571732,
        "dvar2": 45.0652008057,
        "max": 89.2820129395,
        "mean": 5.66004419327,
        "median": 4.15793895721,
        "min": -1.25900387764,
        "var": 39.7506141663
    },
    "spectral_rms": {
        "dmean": 0.000869939220138,
        "dmean2": 0.00123931479175,
        "dvar": 1.12897737381e-06,
        "dvar2": 2.05341439141e-06,
        "max": 0.0141669008881,
        "mean": 0.00514554325491,
        "median": 0.0056698191911,
        "min": 3.14964634235e-12,
        "var": 9.40132213145e-06
    },
    "spectral_rolloff": {
        "dmean": 622.377258301,
        "dmean2": 1023.22558594,
        "dvar": 1395839.125,
        "dvar2": 3238323,
        "max": 19379.8828125,
        "mean": 1429.5255127,
        "median": 1055.12695312,
        "min": 43.06640625,
        "var": 3494882.25
    },
    "spectral_skewness": {
        "dmean": 0.270445913076,
        "dmean2": 0.423660486937,
        "dvar": 0.0999461188912,
        "dvar2": 0.265368580818,
        "max": 7.21874523163,
        "mean": 1.61771035194,
        "median": 1.53441476822,
        "min": -0.202952057123,
        "var": 0.392918527126
    },
    "spectral_spread": {
        "dmean": 585867.0625,
        "dmean2": 832516.375,
        "dvar": 572804038656,
        "dvar2": 1.07617045709e+12,
        "max": 41971484,
        "mean": 4613875,
        "median": 4418292,
        "min": 794739,
        "var": 9.03956293222e+12
    },
    "spectral_strongpeak": {
        "dmean": 0.359392702579,
        "dmean2": 0.592218875885,
        "dvar": 0.694563090801,
        "dvar2": 1.65464138985,
        "max": 16.1134052277,
        "mean": 0.79268938303,
        "median": 0.511581480503,
        "min": 0,
        "var": 1.20940136909
    },
    "zerocrossingrate": {
        "dmean": 0.0125730261207,
        "dmean2": 0.0143195418641,
        "dvar": 0.000236470092204,
        "dvar2": 0.000326377572492,
        "max": 0.8544921875,
        "mean": 0.0552921071649,
        "median": 0.04638671875,
        "min": 0.001953125,
        "var": 0.00231883046217
    },
    "barkbands": {
        "dmean": [0.000427371880505, 0.00777899101377, 0.00335160200484, 0.00218623760156, 0.00170521333348, 0.000511053425726, 0.000761094968766, 0.000868375005666, 0.000922893173993, 0.000483528652694, 0.000603270542342, 0.000715134374332, 0.000828919408377, 0.000485027674586, 0.000342920917319, 0.000299224309856, 0.000199612564757, 0.000156047390192, 0.000177399298991, 0.000203227566089, 0.000159228220582, 0.000138097399031, 0.000141028256621, 0.000133473586175, 0.00011808538693, 0.00013099941134, 1.4386838302e-05],
        "dmean2": [0.000614201067947, 0.0117926187813, 0.00601324345917, 0.00397710315883, 0.00291410111822, 0.000817711465061, 0.00124341936316, 0.00141714583151, 0.00142224470619, 0.000777983455919, 0.000954256975092, 0.00113137310836, 0.00131743145175, 0.000769390026107, 0.000561919936445, 0.000486803794047, 0.000315225566737, 0.000246713141678, 0.000283476198092, 0.000325403438183, 0.000250287586823, 0.000207288525417, 0.000219301116886, 0.000204827592825, 0.000176607180038, 0.000204794618185, 2.3293427148e-05],
        "dvar": [9.27669930206e-07, 0.000324429041939, 0.000155077257659, 7.08675506758e-05, 2.16537700908e-05, 1.18925026982e-06, 2.53905022873e-06, 3.05660842059e-06, 2.71821068054e-06, 1.31201022668e-06, 2.65588937509e-06, 4.78186120745e-06, 6.59439638184e-06, 1.87678028851e-06, 7.16311717497e-07, 5.762890396e-07, 2.11540935879e-07, 1.02467922147e-07, 9.96123716845e-08, 1.54547350917e-07, 1.16638851466e-07, 9.86961055105e-08, 1.18232051705e-07, 1.2232672475e-07, 9.62220241263e-08, 1.62770277257e-07, 2.88729040676e-09],
        "dvar2": [1.84171915407e-06, 0.000764060823712, 0.000440102041466, 0.000201422604732, 5.8474837715e-05, 2.77181061392e-06, 6.40215193926e-06, 7.38926337362e-06, 6.36752065475e-06, 3.20470871884e-06, 5.81615176998e-06, 1.06856005004e-05, 1.32990708153e-05, 3.9472147364e-06, 1.83091901818e-06, 1.50741038851e-06, 4.65654295567e-07, 2.30827481573e-07, 2.50849524264e-07, 3.84652565799e-07, 2.89811879384e-07, 2.21721506932e-07, 2.87098430363e-07, 2.93758574799e-07, 2.27105331874e-07, 3.85313768447e-07, 7.27534921197e-09],
        "max": [0.0223916471004, 0.157477736473, 0.108730129898, 0.078777641058, 0.0601607263088, 0.0249664448202, 0.0329276360571, 0.0682037994266, 0.0330965034664, 0.0283423345536, 0.0460352823138, 0.0748767852783, 0.0954864472151, 0.0810265466571, 0.0229706782848, 0.012094781734, 0.0106769194826, 0.0127225136384, 0.00702386768535, 0.00452032731846, 0.00397384446114, 0.00335726537742, 0.00368218868971, 0.00334096746519, 0.00339497975074, 0.00399487419054, 0.00093666248722],
        "mean": [0.00103405339178, 0.0161728262901, 0.00423543062061, 0.00198801071383, 0.00199717306532, 0.000689344888087, 0.00100319518242, 0.00106711057015, 0.00142603518907, 0.000681954319589, 0.000864684407134, 0.00105600408278, 0.00117554713506, 0.000703809258994, 0.000413331668824, 0.000375419273041, 0.000299892650219, 0.000219749883399, 0.000253776728641, 0.000275112193776, 0.000178516755113, 0.000150090316311, 0.000140928299516, 0.00012679756037, 0.000116512048407, 0.00011658918811, 1.28576948555e-05],
        "median": [1.77430392796e-05, 0.00420340383425, 0.000220609421376, 0.000103923041024, 0.000442197488155, 0.000215306950849, 0.000325772329234, 0.000275277125183, 0.000592812721152, 0.000203182222322, 0.00019452541892, 0.000259322900092, 0.000212128114072, 0.000191769126104, 0.000130799322505, 0.000122648663819, 9.11523238756e-05, 8.56719198055e-05, 0.00011700765026, 9.82537385426e-05, 5.50501572434e-05, 2.98348131764e-05, 2.43719496211e-05, 1.76240446308e-05, 1.39359290188e-05, 9.76998671831e-06, 1.33367234412e-06],
        "min": [2.27586469764e-25, 2.93146589394e-24, 2.62593572661e-24, 2.44463438856e-24, 1.40965341686e-23, 5.94899177947e-24, 1.45193541475e-23, 8.38871610054e-24, 1.74095133123e-23, 1.46308943463e-23, 1.93744979852e-23, 1.21836648026e-23, 3.29193675233e-23, 3.5309593978e-23, 3.13404687324e-23, 6.27161774591e-23, 7.10883077591e-23, 1.36279116634e-22, 1.46344918676e-22, 1.72636857475e-22, 2.36206386796e-22, 3.29240804939e-22, 3.77534087006e-22, 5.56683161648e-22, 9.27969621746e-22, 1.36489405495e-21, 2.08129668501e-21],
        "var": [4.96293841934e-06, 0.000589357747231, 0.000125682985527, 4.95655986015e-05, 2.80101976387e-05, 2.03678609978e-06, 3.99837381337e-06, 5.12778842676e-06, 5.07048889631e-06, 2.24569612328e-06, 5.16669160788e-06, 8.51362983667e-06, 1.50630376083e-05, 4.38596316599e-06, 8.19047386358e-07, 5.91985156007e-07, 4.22806778033e-07, 1.6885893217e-07, 1.46941175672e-07, 1.96751642534e-07, 1.19503113183e-07, 1.15797995193e-07, 1.17162990421e-07, 1.19709554269e-07, 1.00212147913e-07, 1.50814031485e-07, 2.3493926804e-09]
    },
    "erbbands": {
        "dmean": [0.242667943239, 1.7590521574, 3.44186401367, 6.3015203476, 6.26046895981, 5.82807350159, 3.66637992859, 5.00039672852, 8.68593883514, 16.2137775421, 18.3333415985, 22.4903888702, 15.0040159225, 14.8012943268, 26.0913143158, 28.2357845306, 39.106678009, 20.8923664093, 19.3012065887, 20.1728229523, 14.7561254501, 9.9536075592, 8.47903442383, 8.75142383575, 8.69199085236, 10.0579404831, 6.83979940414, 6.11475324631, 4.9513001442, 4.88356637955, 4.10066509247, 3.25855636597, 1.67239356041, 1.19711303711, 0.891301333904, 0.648143351078, 0.215759426355, 0.0410925932229, 0.002207076177, 5.37783707841e-05],
        "dmean2": [0.37071660161, 2.70774507523, 5.50226974487, 11.2663822174, 11.0167655945, 10.0657815933, 6.0133805275, 8.15126228333, 14.0323858261, 26.8842124939, 29.1234855652, 34.3021202087, 23.8311138153, 23.9200572968, 41.2369270325, 43.7034492493, 61.4979057312, 32.3313064575, 30.9841976166, 33.20703125, 23.3317317963, 15.4069318771, 13.3346500397, 13.8979082108, 13.7508640289, 16.1713600159, 10.738863945, 9.5361738205, 7.46017360687, 7.70095920563, 6.39587020874, 5.18190908432, 2.49135923386, 1.77293646336, 1.33044064045, 1.00640892982, 0.334925115108, 0.0653950795531, 0.00353500363417, 8.24461167213e-05],
        "dvar": [0.230887442827, 21.1684741974, 115.656768799, 549.797851562, 442.189147949, 217.470825195, 65.4173049927, 136.362640381, 370.802734375, 1083.87634277, 1244.44812012, 1642.90820312, 1089.31921387, 1159.29943848, 4315.74462891, 6745.59082031, 15432.5664062, 5780.13818359, 1662.23071289, 2610.20263672, 1262.39794922, 544.587219238, 288.818603516, 247.35848999, 250.976989746, 378.499816895, 180.28553772, 188.789962769, 131.655105591, 145.125061035, 106.859809875, 77.6184463501, 16.0933437347, 8.92961025238, 5.60436344147, 3.92095994949, 0.437708735466, 0.0206012204289, 6.00106104685e-05, 2.05149586208e-08],
        "dvar2": [0.529127597809, 49.3891143799, 302.695159912, 1559.75183105, 1233.1114502, 587.067138672, 165.599761963, 322.006469727, 909.797668457, 2740.79418945, 2847.57250977, 3750.97167969, 2555.76879883, 2874.00048828, 9846.32324219, 14434.9648438, 30096.7949219, 11569.8857422, 3907.42626953, 6990.86328125, 3138.86914062, 1124.2545166, 628.145019531, 621.607116699, 616.438537598, 945.946472168, 433.472747803, 468.135345459, 295.082519531, 363.656707764, 262.882720947, 192.533782959, 36.3886032104, 20.379119873, 13.0178146362, 9.34233665466, 1.03384780884, 0.0519650690258, 0.00014822097728, 4.95251271104e-08],
        "max": [4.17716550827, 38.6732978821, 109.21408844, 232.091445923, 219.744003296, 200.018859863, 120.446754456, 296.577209473, 457.660919189, 582.528869629, 1270.9074707, 923.499572754, 816.565612793, 720.180908203, 1741.85473633, 2956.47753906, 5038.01269531, 4699.1640625, 1431.78283691, 891.871032715, 831.91796875, 682.674133301, 712.268005371, 449.685699463, 282.092254639, 216.188461304, 159.13243103, 136.360671997, 145.610397339, 115.027938843, 126.637985229, 86.3309707642, 42.8033790588, 27.9974460602, 25.7198219299, 19.038816452, 7.21442365646, 2.0694668293, 0.11186209321, 0.00193335278891],
        "mean": [0.543536186218, 3.25333571434, 5.34995365143, 6.25938606262, 6.57762002945, 6.56418561935, 4.77710485458, 6.46535682678, 11.8606681824, 20.6586608887, 25.8078117371, 35.5294532776, 22.5520496368, 22.7416973114, 40.2019844055, 43.752532959, 56.8043899536, 31.642244339, 27.9656219482, 24.8827209473, 20.6410713196, 15.9577331543, 12.8634347916, 12.8617124557, 12.4513568878, 13.547794342, 8.45999145508, 6.52840566635, 5.42507171631, 4.77096557617, 4.09106826782, 2.98448872566, 1.71709835529, 1.22961449623, 0.864450752735, 0.567843914032, 0.195402756333, 0.0364160500467, 0.00200188509189, 8.04904921097e-05],
        "median": [0.0896756723523, 0.546864748001, 0.707858979702, 0.525969862938, 0.821090340614, 1.52234959602, 1.42403960228, 1.98249268532, 3.78006267548, 6.49676179886, 9.31179237366, 15.1043586731, 8.25520038605, 7.85331010818, 13.3888511658, 13.6829271317, 12.0056028366, 9.23766708374, 9.44134616852, 8.54067516327, 7.36376333237, 5.44671678543, 5.39176225662, 6.27973651886, 5.28343486786, 4.79574584961, 2.91380262375, 1.7493262291, 1.105073452, 0.889367640018, 0.657040178776, 0.419406205416, 0.26547306776, 0.165651127696, 0.0909071788192, 0.044392414391, 0.0172420740128, 0.00404768809676, 0.000215439577005, 4.54226137663e-05],
        "min": [4.7447941877e-23, 6.41197301412e-22, 3.57553545368e-21, 5.40024822516e-21, 1.66674389269e-20, 3.7181652212e-20, 4.42921581498e-20, 6.43094152169e-20, 1.38581988267e-19, 1.55360093297e-19, 1.65337623394e-19, 4.50637192672e-19, 5.13405518709e-19, 8.91206046326e-19, 1.08595134929e-18, 7.76338007901e-19, 1.68312074404e-18, 2.49995281014e-18, 2.5462641711e-18, 3.25555748429e-18, 4.17651266776e-18, 5.48358624859e-18, 6.8014719072e-18, 6.88196195748e-18, 8.37036055961e-18, 9.15139028425e-18, 8.80936516303e-18, 9.28732170149e-18, 1.01757343589e-17, 8.94286384209e-18, 1.12904859658e-17, 1.19686086319e-17, 8.86808506035e-18, 8.21448250908e-18, 5.99441204946e-18, 4.70705886802e-18, 2.46670904171e-18, 9.07610278644e-19, 2.47354351812e-19, 2.87574509833e-20],
        "var": [0.667580902576, 30.7344417572, 127.162391663, 402.618804932, 440.436889648, 247.245330811, 93.377784729, 217.918014526, 590.758605957, 1718.57299805, 2455.43017578, 3044.51757812, 1955.01464844, 2032.40515137, 7628.59277344, 12292.7529297, 35687.3554688, 13323.4199219, 2829.48583984, 2618.57324219, 1552.19262695, 1200.80419922, 508.789428711, 370.617828369, 370.395355225, 479.650909424, 207.548538208, 188.636505127, 155.168426514, 134.600967407, 104.680099487, 69.9269256592, 17.9979095459, 10.0179157257, 5.82521057129, 3.58419799805, 0.413529932499, 0.0171051546931, 5.11563303007e-05, 2.09192396738e-08]
    },
    "gfcc": {
        "mean": [-47.1603889465, 80.6847763062, -133.038208008, 13.835568428, -56.8251533508, 9.31938552856, -25.613609314, 9.34686183929, -20.6097679138, 4.97665452957, -14.0441732407, -2.00497961044, -13.1147861481],
        "cov": [[25567.7832031, -1157.5838623, 4383.72851562, 2750.53051758, 1564.23486328, 2509.97802734, 162.358718872, 1486.54711914, -24.2803497314, 1318.50634766, -304.083343506, 727.454528809, -458.010772705], [-1157.5838623, 1512.23339844, -680.515441895, -280.337554932, 71.370262146, -245.211257935, 168.67628479, -252.551269531, 54.9607048035, -224.932556152, 95.6781845093, -191.483612061, 95.2332382202], [4383.72851562, -680.515441895, 3368.49633789, 1365.43505859, 753.903442383, 1085.69714355, 106.533752441, 700.681274414, 49.0387954712, 457.773742676, -135.995559692, 297.21270752, -156.69758606], [2750.53051758, -280.337554932, 1365.43505859, 1006.38562012, 466.394561768, 518.70892334, 126.03440094, 347.465454102, 27.6132621765, 237.130111694, -26.3083457947, 137.603729248, -39.2308311462], [1564.23486328, 71.370262146, 753.903442383, 466.394561768, 861.193481445, 547.276306152, 315.901245117, 325.954681396, 127.773223877, 273.891967773, 78.7479019165, 155.197601318, 27.359128952], [2509.97802734, -245.211257935, 1085.69714355, 518.70892334, 547.276306152, 741.420349121, 198.822235107, 361.027862549, 77.6332473755, 279.06729126, 24.5357017517, 168.179458618, -30.0486888885], [162.358718872, 168.67628479, 106.533752441, 126.03440094, 315.901245117, 198.822235107, 343.534423828, 139.729782104, 91.2277603149, 102.425643921, 100.817932129, 43.2135696411, 54.7615737915], [1486.54711914, -252.551269531, 700.681274414, 347.465454102, 325.954681396, 361.027862549, 139.729782104, 364.455810547, 96.077255249, 211.355911255, 12.3126993179, 131.027099609, -5.09759092331], [-24.2803497314, 54.9607048035, 49.0387954712, 27.6132621765, 127.773223877, 77.6332473755, 91.2277603149, 96.077255249, 146.939849854, 88.6441955566, 60.9198265076, 35.7347640991, 34.3979415894], [1318.50634766, -224.932556152, 457.773742676, 237.130111694, 273.891967773, 279.06729126, 102.425643921, 211.355911255, 88.6441955566, 267.910919189, 75.0928573608, 128.634765625, 6.8181142807], [-304.083343506, 95.6781845093, -135.995559692, -26.3083457947, 78.7479019165, 24.5357017517, 100.817932129, 12.3126993179, 60.9198265076, 75.0928573608, 154.828308105, 60.1519317627, 65.6598968506], [727.454528809, -191.483612061, 297.21270752, 137.603729248, 155.197601318, 168.179458618, 43.2135696411, 131.027099609, 35.7347640991, 128.634765625, 60.1519317627, 156.968688965, 40.4238853455], [-458.010772705, 95.2332382202, -156.69758606, -39.2308311462, 27.359128952, -30.0486888885, 54.7615737915, -5.09759092331, 34.3979415894, 6.8181142807, 65.6598968506, 40.4238853455, 110.752616882]],
        "icov": [[0.000114714915981, -0.000208030469366, 0.000146887730807, -0.000239129061811, 0.000203445306397, -0.000287443777779, 5.79260777158e-05, -0.000112794608867, 0.000271170487395, -0.00061612285208, 0.000584474357311, -0.000559294247068, 0.00042565781041], [-0.000208030469366, 0.00174915627576, -0.00045701189083, 0.000569759984501, -0.00112506502774, 0.000644107931294, -0.000332768104272, 0.000801592250355, -0.00114403362386, 0.00242993235588, -0.00233520125039, 0.00288955820724, -0.00161953072529], [0.000146887730807, -0.00045701189083, 0.00127435754985, -0.00117460777983, 0.000488348770887, -0.00109114602674, 0.000358614575816, -0.000667392858304, 0.00038351531839, -0.00102959433571, 0.00168128008954, -0.00170816364698, 0.00133363704663], [-0.000239129061811, 0.000569759984501, -0.00117460777983, 0.00303181773052, -0.00100096454844, 0.000634507101495, -0.00017176901747, -0.000336991273798, 0.000308651127852, 0.00104944361374, -0.00156405731104, 0.00208161049522, -0.00157092697918], [0.000203445306397, -0.00112506502774, 0.000488348770887, -0.00100096454844, 0.00387140223756, -0.00186279171612, -0.0015308248112, -0.000255664053839, 0.000170218045241, -0.00262832664885, 0.00250683119521, -0.0026691108942, 0.00102548557334], [-0.000287443777779, 0.000644107931294, -0.00109114602674, 0.000634507101495, -0.00186279171612, 0.00528234103695, -0.000940055702813, -0.000662281818222, -0.000114682647109, 0.000682064797729, -0.00156986841466, 0.000707701430656, -6.79178265273e-05], [5.79260777158e-05, -0.000332768104272, 0.000358614575816, -0.00017176901747, -0.0015308248112, -0.000940055702813, 0.00662275869399, -0.00247182417661, 7.43660202716e-05, 0.00060797581682, -0.0033877142705, 0.00268201320432, -0.00132408074569], [-0.000112794608867, 0.000801592250355, -0.000667392858304, -0.000336991273798, -0.000255664053839, -0.000662281818222, -0.00247182417661, 0.0100742932409, -0.00416236137971, -0.00167548155878, 0.00322765787132, -0.00256330776028, -0.000232026563026], [0.000271170487395, -0.00114403362386, 0.00038351531839, 0.000308651127852, 0.000170218045241, -0.000114682647109, 7.43660202716e-05, -0.00416236137971, 0.0127893602476, -0.00453643361107, -0.00100462930277, 0.00123154581524, -0.00109123962466], [-0.00061612285208, 0.00242993235588, -0.00102959433571, 0.00104944361374, -0.00262832664885, 0.000682064797729, 0.00060797581682, -0.00167548155878, -0.00453643361107, 0.0161623172462, -0.00900620501488, 0.00117189821322, 5.98173101025e-05], [0.000584474357311, -0.00233520125039, 0.00168128008954, -0.00156405731104, 0.00250683119521, -0.00156986841466, -0.0033877142705, 0.00322765787132, -0.00100462930277, -0.00900620501488, 0.0199122615159, -0.00986986793578, -0.000307946611429], [-0.000559294247068, 0.00288955820724, -0.00170816364698, 0.00208161049522, -0.0026691108942, 0.000707701430656, 0.00268201320432, -0.00256330776028, 0.00123154581524, 0.00117189821322, -0.00986986793578, 0.0222422350198, -0.00979128386825], [0.00042565781041, -0.00161953072529, 0.00133363704663, -0.00157092697918, 0.00102548557334, -6.79178265273e-05, -0.00132408074569, -0.000232026563026, -0.00109123962466, 5.98173101025e-05, -0.000307946611429, -0.00979128386825, 0.0179762504995]]
    },
    "melbands": {
        "dmean": [0.00216134637594, 0.00161779858172, 0.00108310894575, 0.000425746984547, 0.00015589519171, 0.000111287095933, 0.000137200360768, 0.000185154451174, 0.000157009097165, 0.000128721585497, 7.62513664085e-05, 6.09049238847e-05, 9.07814173843e-05, 8.66105983732e-05, 8.9705150458e-05, 6.59546130919e-05, 4.05369828513e-05, 3.62569517165e-05, 2.61376062554e-05, 2.3921709726e-05, 1.70921684912e-05, 1.11863510028e-05, 9.43283976085e-06, 7.96594395069e-06, 7.324998478e-06, 7.03082969267e-06, 7.02381203155e-06, 6.72016312819e-06, 4.27483746535e-06, 4.07898869526e-06, 3.43592773788e-06, 2.88258024739e-06, 2.67072482529e-06, 2.80422295873e-06, 2.29996885537e-06, 2.5597023523e-06, 1.6932752942e-06, 1.17941954159e-06, 1.02052683815e-06, 1.03518584638e-06],
        "dmean2": [0.00329801626503, 0.0024071414955, 0.00191894487944, 0.000737413356546, 0.000259756314335, 0.000180248418474, 0.00022246138542, 0.000305341993226, 0.000246550829615, 0.000197621309781, 0.00012184879597, 9.88810061244e-05, 0.000141981829074, 0.000136516944622, 0.000142399774631, 0.000103406593553, 6.33853705949e-05, 5.86635906075e-05, 4.30685504398e-05, 3.93738882849e-05, 2.70380132861e-05, 1.74843280547e-05, 1.49834349941e-05, 1.25666410895e-05, 1.17881190818e-05, 1.12188363346e-05, 1.13763635454e-05, 1.08679314508e-05, 6.7933920036e-06, 6.53925553706e-06, 5.37995947525e-06, 4.39018140241e-06, 4.25393318437e-06, 4.46840067525e-06, 3.57973203791e-06, 4.16603097619e-06, 2.66946358352e-06, 1.7751553969e-06, 1.54815211317e-06, 1.53986070472e-06],
        "dvar": [2.18600252992e-05, 1.92706957023e-05, 1.56317037181e-05, 1.49570803387e-06, 1.22856761209e-07, 6.2083238106e-08, 8.53144541679e-08, 1.32225295602e-07, 8.03958712936e-08, 5.29933572579e-08, 2.94766593356e-08, 2.04036485485e-08, 5.73202072474e-08, 7.92098404645e-08, 7.61253247106e-08, 3.9753498271e-08, 2.29216947645e-08, 5.97759131082e-09, 4.53559723113e-09, 3.87183840544e-09, 1.58226631797e-09, 9.04829822179e-10, 3.52864959474e-10, 3.87974541383e-10, 1.92479254757e-10, 1.67149821761e-10, 1.93914981295e-10, 1.71016589778e-10, 6.46336456578e-11, 9.45216474535e-11, 5.85083162474e-11, 4.70249603146e-11, 4.30550074759e-11, 4.86832761604e-11, 3.34731270479e-11, 5.10410325116e-11, 1.95009338538e-11, 8.02836703367e-12, 6.75010351434e-12, 6.70634901778e-12],
        "dvar2": [5.11930848006e-05, 3.91350804421e-05, 4.41894335381e-05, 4.08412597608e-06, 3.21149315141e-07, 1.4605645049e-07, 2.12396386701e-07, 3.35476130431e-07, 1.84201979891e-07, 1.22144328429e-07, 6.95749591273e-08, 5.13582847361e-08, 1.24080401065e-07, 1.65885865044e-07, 1.65476819802e-07, 8.05430033779e-08, 4.59392381913e-08, 1.40447173891e-08, 1.19651568653e-08, 1.02838422222e-08, 3.85490395161e-09, 1.85455306667e-09, 7.90972010112e-10, 8.48426939815e-10, 4.97089369667e-10, 4.15997541969e-10, 4.88819595912e-10, 4.29774577038e-10, 1.56683069297e-10, 2.4159763079e-10, 1.42916636858e-10, 1.02272863789e-10, 1.09105426083e-10, 1.20704626849e-10, 8.19806098007e-11, 1.30510241503e-10, 4.72253972039e-11, 1.8143863148e-11, 1.58987007587e-11, 1.50395147724e-11],
        "max": [0.0419891476631, 0.0454437062144, 0.0377752259374, 0.0161338243634, 0.00547551037744, 0.00595388561487, 0.00710722152144, 0.00904163811356, 0.00826884340495, 0.00502840522677, 0.00429057842121, 0.00305776484311, 0.00687231775373, 0.0114976223558, 0.0114638712257, 0.00697141466662, 0.0106214433908, 0.00233731092885, 0.00130062247626, 0.000875332334545, 0.00102444074582, 0.000984977232292, 0.000394222181058, 0.000983064179309, 0.000441281328676, 0.000350314221578, 0.000170362647623, 0.000137374780024, 7.31782711227e-05, 0.000122714176541, 7.42117190384e-05, 9.08708243514e-05, 6.89504740876e-05, 6.86684361426e-05, 7.45776778786e-05, 8.08043259894e-05, 4.59813127236e-05, 3.09657152684e-05, 3.04896439047e-05, 2.57208012044e-05],
        "mean": [0.00466516800225, 0.00341833336279, 0.00110888539348, 0.000478161557112, 0.000193823230802, 0.000147014477989, 0.000187000099686, 0.00023341429187, 0.000232934864471, 0.000201023896807, 0.000108777079731, 8.91037707333e-05, 0.000134262561915, 0.000130378757603, 0.000126771701616, 9.26149223233e-05, 5.84428853472e-05, 5.09777237312e-05, 3.10303148581e-05, 2.88556566375e-05, 2.33414102695e-05, 1.66354093381e-05, 1.37375072882e-05, 1.08544927571e-05, 1.02362000689e-05, 9.82594428933e-06, 9.27019391384e-06, 8.70825715538e-06, 5.32434341949e-06, 4.35826359535e-06, 3.57035082743e-06, 3.09601387016e-06, 2.76382365882e-06, 2.66336633103e-06, 2.34299409385e-06, 2.287394409e-06, 1.57332374329e-06, 1.19767969409e-06, 1.05779929527e-06, 1.05532421912e-06],
        "median": [0.00109254720155, 0.000904370099306, 0.00011266166257, 8.95648918231e-05, 5.55099795747e-05, 4.58875911136e-05, 6.17004770902e-05, 7.11901011528e-05, 8.93602118595e-05, 8.45643808134e-05, 3.33064635925e-05, 2.76649043371e-05, 3.82799298677e-05, 3.11350195261e-05, 2.76557020698e-05, 1.86410379683e-05, 1.5307285139e-05, 1.46629445226e-05, 1.01084524431e-05, 9.35014031711e-06, 7.41159601603e-06, 5.04434092363e-06, 4.60639330413e-06, 3.84007898901e-06, 4.78308993479e-06, 4.18572608396e-06, 3.29621479978e-06, 2.90012144433e-06, 1.80926303983e-06, 1.19056755921e-06, 8.63701075104e-07, 5.97716280026e-07, 5.33575303052e-07, 4.58065557041e-07, 3.89934513123e-07, 2.99247687963e-07, 2.33201092215e-07, 1.89742934253e-07, 1.54469489644e-07, 1.31497600364e-07],
        "min": [8.98115774011e-25, 1.58454742942e-24, 1.41519989789e-24, 1.72213660421e-24, 1.89523339441e-24, 1.35410124027e-24, 2.43007753828e-24, 1.47134184661e-24, 1.7071403584e-24, 2.93949807568e-24, 2.19545571114e-24, 2.667141876e-24, 3.26371221633e-24, 3.11191269841e-24, 3.20252441743e-24, 2.4917345122e-24, 3.89259035503e-24, 3.58296639404e-24, 3.94787964373e-24, 4.61296038431e-24, 4.3859159606e-24, 4.26751385518e-24, 5.71411120596e-24, 6.84118399695e-24, 4.73810448945e-24, 4.92817697469e-24, 4.81589288003e-24, 5.19013559321e-24, 4.55755592192e-24, 5.72662056776e-24, 4.42947646535e-24, 5.20316126448e-24, 5.55703480023e-24, 4.88711084812e-24, 5.3145977281e-24, 5.27406605479e-24, 6.35971497079e-24, 5.27632653572e-24, 7.01847101906e-24, 5.78992862756e-24],
        "var": [4.71658022434e-05, 3.31960836775e-05, 1.13880978461e-05, 1.87513603578e-06, 1.44478661923e-07, 1.02168520755e-07, 1.36934914963e-07, 2.11208188716e-07, 1.7376804351e-07, 9.75128457981e-08, 5.20329948017e-08, 3.4117423553e-08, 1.11618540188e-07, 1.50084147776e-07, 1.46373537291e-07, 8.56741948496e-08, 5.56727499657e-08, 1.035165198e-08, 4.54315163267e-09, 3.75195785551e-09, 2.10274353485e-09, 1.93079130462e-09, 6.85408674261e-10, 6.20832607545e-10, 2.64148924956e-10, 2.48652570756e-10, 2.44643028058e-10, 2.11401646188e-10, 7.67507585264e-11, 8.77353883988e-11, 5.89024662379e-11, 5.51962503481e-11, 4.15209706894e-11, 4.48376370754e-11, 3.34012990877e-11, 4.32625012203e-11, 1.83733566556e-11, 8.78799637227e-12, 7.3085938343e-12, 7.58945684076e-12]
    },
    "mfcc": {
        "mean": [-680.378845215, 114.935058594, -15.7928285599, 9.00535774231, -7.76864385605, 0.819493830204, 3.0902671814, 2.32095193863, 0.172333046794, 6.269759655, 1.95122694969, 2.389087677, 2.32565331459],
        "cov": [[14441.8300781, -103.519355774, 1872.93713379, 1643.2520752, 1464.33813477, 1514.66589355, 854.041870117, 666.429626465, 634.49029541, 659.054748535, 531.218688965, 425.51385498, 277.540008545], [-103.519355774, 1290.9855957, -309.958709717, -80.5041046143, -27.935667038, 34.4086380005, 88.5297622681, -1.81315433979, 19.3739433289, 1.01230168343, 2.64559864998, -18.4074440002, -18.0034065247], [1872.93713379, -309.958709717, 1816.84057617, 711.13104248, 586.44329834, 440.047454834, 204.099075317, 301.266540527, 188.672302246, 207.7993927, 127.887886047, 71.3624801636, 35.0464057922], [1643.2520752, -80.5041046143, 711.13104248, 780.984558105, 412.55758667, 338.587738037, 264.154846191, 191.986907959, 172.958267212, 164.414932251, 100.154342651, 95.338104248, 67.8921432495], [1464.33813477, -27.935667038, 586.44329834, 412.55758667, 625.960571289, 411.292388916, 277.078308105, 247.772232056, 215.269744873, 191.243148804, 150.456283569, 126.389175415, 100.446769714], [1514.66589355, 34.4086380005, 440.047454834, 338.587738037, 411.292388916, 477.047515869, 312.43637085, 206.845275879, 175.489761353, 164.2862854, 142.255432129, 109.54637146, 84.0756378174], [854.041870117, 88.5297622681, 204.099075317, 264.154846191, 277.078308105, 312.43637085, 369.251647949, 201.223968506, 166.176116943, 155.45072937, 122.987014771, 101.258796692, 97.2645568848], [666.429626465, -1.81315433979, 301.266540527, 191.986907959, 247.772232056, 206.845275879, 201.223968506, 228.618225098, 157.649887085, 117.270805359, 88.333694458, 69.8225402832, 65.7848205566], [634.49029541, 19.3739433289, 188.672302246, 172.958267212, 215.269744873, 175.489761353, 166.176116943, 157.649887085, 200.697113037, 135.215621948, 90.7746200562, 71.3532409668, 67.053352356], [659.054748535, 1.01230168343, 207.7993927, 164.414932251, 191.243148804, 164.2862854, 155.45072937, 117.270805359, 135.215621948, 183.462982178, 119.607215881, 65.623840332, 57.7416419983], [531.218688965, 2.64559864998, 127.887886047, 100.154342651, 150.456283569, 142.255432129, 122.987014771, 88.333694458, 90.7746200562, 119.607215881, 151.92086792, 88.882270813, 45.3290290833], [425.51385498, -18.4074440002, 71.3624801636, 95.338104248, 126.389175415, 109.54637146, 101.258796692, 69.8225402832, 71.3532409668, 65.623840332, 88.882270813, 125.309837341, 85.9435958862], [277.540008545, -18.0034065247, 35.0464057922, 67.8921432495, 100.446769714, 84.0756378174, 97.2645568848, 65.7848205566, 67.053352356, 57.7416419983, 45.3290290833, 85.9435958862, 132.082305908]],
