{
"lowlevel": {
    "average_loudness": 0.768388450146,
    "barkbands_crest": {
        "dmean": 2.63676667213,
        "dmean2": 4.11990022659,
        "dvar": 8.37796783447,
        "dvar2": 18.5523777008,
        "max": 26.339553833,
        "mean": 15.1888437271,
        "median": 14.4529047012,
        "min": 2.58712983131,
        "var": 37.4902076721
    },
    "barkbands_flatness_db": {
        "dmean": 0.0278453398496,
        "dmean2": 0.0396236814559,
        "dvar": 0.000938873039559,
        "dvar2": 0.00190483708866,
        "max": 0.55052280426,
        "mean": 0.224214792252,
        "median": 0.21510733664,
        "min": 0.0388952977955,
        "var": 0.00683950167149
    },
    "barkbands_kurtosis": {
        "dmean": 8.82362556458,
        "dmean2": 13.4111118317,
        "dvar": 1849.90649414,
        "dvar2": 4268.47265625,
        "max": 1538.90759277,
        "mean": 16.7577285767,
        "median": 5.86969089508,
        "min": -1.88111495972,
        "var": 2211.70922852
    },
    "barkbands_skewness": {
        "dmean": 0.754227697849,
        "dmean2": 1.08177495003,
        "dvar": 1.08749783039,
        "dvar2": 2.12519288063,
        "max": 24.8242282867,
        "mean": 2.59251952171,
        "median": 2.01970458031,
        "min": -7.15267372131,
        "var": 5.73445606232
    },
    "barkbands_spread": {
        "dmean": 3.68496656418,
        "dmean2": 5.49942922592,
        "dvar": 29.7898769379,
        "dvar2": 64.2854003906,
        "max": 82.247505188,
        "mean": 11.2507810593,
        "median": 8.82588768005,
        "min": 0.0736558064818,
        "var": 88.7944412231
    },
    "dissonance": {
        "dmean": 0.0274864751846,
        "dmean2": 0.0461752302945,
        "dvar": 0.000859748572111,
        "dvar2": 0.0023664063774,
        "max": 0.500000119209,
        "mean": 0.442856103182,
        "median": 0.461465358734,
        "min": 0.121241495013,
        "var": 0.00295726768672
    },
    "dynamic_complexity": 6.06292724609,
    "erbbands_crest": {
        "dmean": 2.96385526657,
        "dmean2": 4.68633556366,
        "dvar": 8.80177783966,
        "dvar2": 19.8503761292,
        "max": 33.8055992126,
        "mean": 12.5151596069,
        "median": 11.5079460144,
        "min": 2.30066990852,
        "var": 42.3443145752
    },
    "erbbands_flatness_db": {
        "dmean": 0.0213443189859,
        "dmean2": 0.0299169477075,
        "dvar": 0.000601788342465,
        "dvar2": 0.00118518993258,
        "max": 0.498444527388,
        "mean": 0.229341223836,
        "median": 0.221765071154,
        "min": 0.0589293055236,
        "var": 0.0095039922744
    },
    "erbbands_kurtosis": {
        "dmean": 2.16548442841,
        "dmean2": 3.26799535751,
        "dvar": 23.4586601257,
        "dvar2": 48.6694297791,
        "max": 310.968292236,
        "mean": 4.28656291962,
        "median": 0.879969835281,
        "min": -1.88271439075,
        "var": 194.583709717
    },
    "erbbands_skewness": {
        "dmean": 0.438191264868,
        "dmean2": 0.651644170284,
        "dvar": 0.230566784739,
        "dvar2": 0.50417983532,
        "max": 13.8754711151,
        "mean": 1.01884877682,
        "median": 0.760567128658,
        "min": -3.01571583748,
        "var": 2.05379772186
    },
    "erbbands_spread": {
        "dmean": 6.32694864273,
        "dmean2": 9.36038303375,
        "dvar": 66.1519088745,
        "dvar2": 134.565124512,
        "max": 186.391555786,
        "mean": 28.2391624451,
        "median": 23.0267677307,
        "min": 0.578649163246,
        "var": 412.403015137
    },
    "hfc": {
        "dmean": 4.88307142258,
        "dmean2": 6.9224114418,
        "dvar": 84.2700195312,
        "dvar2": 182.500289917,
        "max": 212.649993896,
        "mean": 15.9874296188,
        "median": 11.2990865707,
        "min": 1.12482944606e-16,
        "var": 308.275085449
    },
    "melbands_crest": {
        "dmean": 2.95381450653,
        "dmean2": 4.59070491791,
        "dvar": 10.2340707779,
        "dvar2": 23.1279563904,
        "max": 36.7559928894,
        "mean": 18.6858329773,
        "median": 17.8079547882,
        "min": 1.71645998955,
        "var": 57.6520729065
    },
    "melbands_flatness_db": {
        "dmean": 0.0290095582604,
        "dmean2": 0.0407951436937,
        "dvar": 0.00113347440492,
        "dvar2": 0.00217861891724,
        "max": 0.671938598156,
        "mean": 0.266190767288,
        "median": 0.263796180487,
        "min": 0.00351976323873,
        "var": 0.00968695152551
    },
    "melbands_kurtosis": {
        "dmean": 14.9650115967,
        "dmean2": 22.0416488647,
        "dvar": 1926.25012207,
        "dvar2": 4011.94238281,
        "max": 1336.6940918,
        "mean": 32.9886550903,
        "median": 11.3458747864,
        "min": -1.9448928833,
        "var": 3805.77124023
    },
    "melbands_skewness": {
        "dmean": 0.950109601021,
        "dmean2": 1.36311733723,
        "dvar": 1.66302287579,
        "dvar2": 3.25599360466,
        "max": 29.838098526,
        "mean": 3.52245044708,
        "median": 2.53934597969,
        "min": -2.66167807579,
        "var": 9.50595474243
    },
    "melbands_spread": {
        "dmean": 4.38859558105,
        "dmean2": 6.70498228073,
        "dvar": 51.7740440369,
        "dvar2": 116.122520447,
        "max": 172.716552734,
        "mean": 13.8473463058,
        "median": 9.17879199982,
        "min": 0.128333583474,
        "var": 287.641967773
    },
    "pitch_salience": {
        "dmean": 0.0697644278407,
        "dmean2": 0.107609957457,
        "dvar": 0.00548387179151,
        "dvar2": 0.0124934818596,
        "max": 0.844956457615,
        "mean": 0.437257349491,
        "median": 0.467950314283,
        "min": 0.0128168808296,
        "var": 0.0330081321299
    },
    "silence_rate_20dB": {
        "dmean": 0,
        "dmean2": 0,
        "dvar": 0,
        "dvar2": 0,
        "max": 1,
        "mean": 1,
        "median": 1,
        "min": 1,
        "var": 0
    },
    "silence_rate_30dB": {
        "dmean": 0.0629823282361,
        "dmean2": 0.125980332494,
        "dvar": 0.0590156689286,
        "dvar2": 0.137495473027,
        "max": 1,
        "mean": 0.819041669369,
        "median": 1,
        "min": 0,
        "var": 0.148213908076
    },
    "silence_rate_60dB": {
        "dmean": 0.0276325624436,
        "dmean2": 0.0552720017731,
        "dvar": 0.0268683787435,
        "dvar2": 0.0616753138602,
        "max": 1,
        "mean": 0.207840695977,
        "median": 0,
        "min": 0,
        "var": 0.16465523839
    },
    "spectral_centroid": {
        "dmean": 199.121154785,
        "dmean2": 296.400634766,
        "dvar": 76177.4375,
        "dvar2": 149559.46875,
        "max": 11565.328125,
        "mean": 1236.12023926,
        "median": 1115.3092041,
        "min": 89.9553909302,
        "var": 656675
    },
    "spectral_complexity": {
        "dmean": 2.69180989265,
        "dmean2": 3.9696252346,
        "dvar": 12.2833786011,
        "dvar2": 22.5789413452,
        "max": 58,
        "mean": 12.5717487335,
        "median": 11,
        "min": 0,
        "var": 91.245880127
    },
    "spectral_decrease": {
        "dmean": 2.57219090471e-09,
        "dmean2": 3.59485552437e-09,
        "dvar": 2.17351565941e-17,
        "dvar2": 4.59181821575e-17,
        "max": 6.94619823959e-17,
        "mean": -1.00262136371e-08,
        "median": -4.33108660047e-09,
        "min": -5.26670902445e-08,
        "var": 1.33761497502e-16
    },
    "spectral_energy": {
        "dmean": 0.0100280363113,
        "dmean2": 0.0139913465828,
        "dvar": 0.000320881517837,
        "dvar2": 0.000680129800458,
        "max": 0.207736700773,
        "mean": 0.0392913594842,
        "median": 0.017850568518,
        "min": 1.02078150791e-20,
        "var": 0.0019751379732
    },
    "spectral_energyband_high": {
        "dmean": 0.000201604663744,
        "dmean2": 0.000294434867101,
        "dvar": 2.71194920742e-07,
        "dvar2": 6.05110244578e-07,
        "max": 0.00841111410409,
        "mean": 0.000381678168196,
        "median": 0.000127753592096,
        "min": 7.16900877132e-21,
        "var": 4.76867569432e-07
    },
    "spectral_energyband_low": {
        "dmean": 0.00632069678977,
        "dmean2": 0.00886157155037,
        "dvar": 0.000268693867838,
        "dvar2": 0.000548550393432,
        "max": 0.192220360041,
        "mean": 0.0246280692518,
        "median": 7.79828951636e-06,
        "min": 2.00541426758e-23,
        "var": 0.00175453559496
    },
    "spectral_energyband_middle_high": {
        "dmean": 0.00185135495849,
        "dmean2": 0.00271366699599,
        "dvar": 1.49203306137e-05,
        "dvar2": 3.14176395477e-05,
        "max": 0.0692473426461,
        "mean": 0.00519324513152,
        "median": 0.00233703805134,
        "min": 1.26041252038e-21,
        "var": 6.00061248406e-05
    },
    "spectral_energyband_middle_low": {
        "dmean": 0.00444495072588,
        "dmean2": 0.00668363086879,
        "dvar": 9.08889851416e-05,
        "dvar2": 0.000214169296669,
        "max": 0.173866733909,
        "mean": 0.0100014340132,
        "median": 0.00490836426616,
        "min": 1.51235389283e-22,
        "var": 0.000208898942219
    },
    "spectral_entropy": {
        "dmean": 0.192140936852,
        "dmean2": 0.277835100889,
        "dvar": 0.0574634373188,
        "dvar2": 0.128280177712,
        "max": 9.81622600555,
        "mean": 7.27872276306,
        "median": 7.43964862823,
        "min": 3.9905962944,
        "var": 0.602430343628
    },
    "spectral_flux": {
        "dmean": 0.0261228661984,
        "dmean2": 0.0413850322366,
        "dvar": 0.00156612577848,
        "dvar2": 0.00339610665105,
        "max": 0.409958481789,
        "mean": 0.0689142420888,
        "median": 0.0526125989854,
        "min": 6.35985014652e-11,
        "var": 0.00390811543912
    },
    "spectral_kurtosis": {
        "dmean": 3.18204832077,
        "dmean2": 5.38050603867,
        "dvar": 51.6402244568,
        "dvar2": 140.360214233,
        "max": 142.838058472,
        "mean": 7.25005531311,
        "median": 4.10680818558,
        "min": -1.25300598145,
        "var": 110.923339844
    },
    "spectral_rms": {
        "dmean": 0.000767333316617,
        "dmean2": 0.00102904334199,
        "dvar": 1.21461766867e-06,
        "dvar2": 2.30252976507e-06,
        "max": 0.0142362201586,
        "mean": 0.00502884760499,
        "median": 0.00417315075174,
        "min": 3.15576362785e-12,
        "var": 1.30436947074e-05
    },
    "spectral_rolloff": {
        "dmean": 309.124786377,
        "dmean2": 520.02532959,
        "dvar": 548486.3125,
        "dvar2": 1324332.75,
        "max": 19616.7480469,
        "mean": 1260.53625488,
        "median": 818.26171875,
        "min": 64.599609375,
        "var": 4774105.5
    },
    "spectral_skewness": {
        "dmean": 0.314101755619,
        "dmean2": 0.507627665997,
        "dvar": 0.21841815114,
        "dvar2": 0.589139044285,
        "max": 9.67614364624,
        "mean": 1.78747367859,
        "median": 1.53839993477,
        "min": -0.0785515978932,
        "var": 0.851278662682
    },
    "spectral_spread": {
        "dmean": 441852,
        "dmean2": 636842.4375,
        "dvar": 540948889600,
        "dvar2": 1.0270752768e+12,
        "max": 47837284,
        "mean": 4243431.5,
        "median": 4030766,
        "min": 516055.4375,
        "var": 7.39268309811e+12
    },
    "spectral_strongpeak": {
        "dmean": 0.480772733688,
        "dmean2": 0.753004193306,
        "dvar": 0.600897014141,
        "dvar2": 1.39446461201,
        "max": 10.8111867905,
        "mean": 1.28347802162,
        "median": 0.765853881836,
        "min": 0,
        "var": 1.80603265762
    },
    "zerocrossingrate": {
        "dmean": 0.00806612148881,
        "dmean2": 0.00959962233901,
        "dvar": 0.000138623392559,
        "dvar2": 0.000188004254596,
        "max": 0.74658203125,
        "mean": 0.0515769012272,
        "median": 0.0419921875,
        "min": 0.001953125,
        "var": 0.00408277055249
    },
    "barkbands": {
        "dmean": [0.000236511521507, 0.0057912520133, 0.0017869543517, 0.00051546812756, 0.000864088244271, 0.000776996079367, 0.0010835675057, 0.000714149558917, 0.0013027547393, 0.00104086799547, 0.000560616725124, 0.000576387159526, 0.000273927580565, 0.000238599241129, 0.000252262194408, 0.000105051105493, 0.000124137135572, 8.87355126906e-05, 8.47116898512e-05, 6.9299043389e-05, 5.52060701011e-05, 4.49920189567e-05, 4.12749686802e-05, 2.4258501071e-05, 1.77085985342e-05, 1.51437070599e-05, 9.43330974223e-07],
        "dmean2": [0.000344906351529, 0.00823243241757, 0.0031744975131, 0.000921482860576, 0.00128830980975, 0.00121708004735, 0.00172747287434, 0.00107024784666, 0.00194190395996, 0.00152183650061, 0.000862483982928, 0.000880851061083, 0.00044029331184, 0.000355481781298, 0.00038597517414, 0.000169228937011, 0.000199238667847, 0.000142882214277, 0.000134470130433, 0.000108678708784, 8.30279677757e-05, 6.94227201166e-05, 6.54891264276e-05, 3.64150982932e-05, 2.60712859017e-05, 2.34337403526e-05, 1.54219424076e-06],
        "dvar": [9.20223271805e-07, 0.000227918397286, 7.9875542724e-05, 6.81570645611e-06, 2.07052471524e-05, 3.51455628333e-06, 2.16014523176e-05, 7.44172984923e-06, 1.15424745672e-05, 7.1664103416e-06, 2.96183225146e-06, 3.20153230859e-06, 1.73331727638e-06, 7.29588180093e-07, 6.78428023093e-07, 5.31474348975e-08, 1.33829175297e-07, 5.98475295988e-08, 7.72493322643e-08, 3.5726113623e-08, 1.38942803929e-08, 1.1790819876e-08, 1.87723667722e-08, 4.44372538766e-09, 2.98352098582e-09, 3.79869735667e-09, 2.03916449698e-11],
        "dvar2": [2.31746662394e-06, 0.000471318344353, 0.000224225383135, 1.9396751668e-05, 3.98990741814e-05, 8.74487795954e-06, 5.63291105209e-05, 1.50357645907e-05, 2.40713634412e-05, 1.39544863487e-05, 7.27588712834e-06, 7.35221647119e-06, 4.31063244832e-06, 1.49457764564e-06, 1.42620888255e-06, 1.2929503157e-07, 3.44796575291e-07, 1.55481799879e-07, 1.96891150495e-07, 8.86144917445e-08, 3.2039444875e-08, 2.76274771949e-08, 5.00242514079e-08, 1.04341992824e-08, 6.73636346704e-09, 9.44835321093e-09, 5.12429612631e-11],
        "max": [0.0234332568944, 0.177892833948, 0.099212795496, 0.0339615941048, 0.14675667882, 0.0558546036482, 0.122942447662, 0.0951008275151, 0.0786109343171, 0.0657171085477, 0.0334149748087, 0.0488079972565, 0.0413364283741, 0.0322175212204, 0.0228460971266, 0.00609643105417, 0.008490011096, 0.00759277679026, 0.0083687948063, 0.00428453925997, 0.00167861918453, 0.00239815330133, 0.00293412944302, 0.00122251454741, 0.000774933432695, 0.00115497119259, 9.98086688924e-05],
        "mean": [0.000633321527857, 0.0220660977066, 0.00168526766356, 0.000447432306828, 0.00141663243994, 0.00135201285593, 0.00157120916992, 0.00120893493295, 0.00257340376265, 0.00191890401766, 0.00096151069738, 0.00107040302828, 0.000394289905671, 0.0003819843987, 0.00045813905308, 0.000168866288732, 0.000237451429712, 0.000153490676894, 0.00014682924666, 0.00012090952805, 9.63927959674e-05, 7.70472252043e-05, 6.68892971589e-05, 4.04215716117e-05, 2.55621926044e-05, 1.69822978933e-05, 8.13446774828e-07],
        "median": [2.12004522382e-07, 1.23871268443e-06, 1.75953300641e-06, 9.42018232308e-06, 0.000187063182238, 0.000474914093502, 0.000351507944288, 0.000234882958466, 0.0005187302595, 0.000289755320409, 0.000164076453075, 0.000191360071767, 7.55950022722e-05, 6.70428344165e-05, 0.000103382437374, 6.38194469502e-05, 5.835760021e-05, 5.7635261328e-05, 6.084839697e-05, 5.00086462125e-05, 3.80624987883e-05, 2.36202067754e-05, 1.2852020518e-05, 7.34136483516e-06, 3.51039329871e-06, 1.45818307828e-06, 1.77869061702e-08],
        "min": [7.88074115076e-25, 2.9483305568e-24, 1.44421479363e-24, 3.35442274017e-24, 4.5227722836e-24, 4.54022661999e-24, 1.79193919807e-23, 8.96140466305e-24, 2.7600239367e-23, 1.89008296101e-23, 1.21456661617e-23, 2.63631808276e-23, 4.59875426158e-23, 4.15430908095e-23, 5.31192364741e-23, 7.23216633854e-23, 7.77382347961e-23, 9.3269561801e-23, 1.94458151131e-22, 1.88693950807e-22, 3.32560255897e-22, 3.75691232201e-22, 5.03368634768e-22, 6.83815985133e-22, 7.91789308362e-22, 1.34779720508e-21, 2.12604138042e-21],
        "var": [3.38606696459e-06, 0.00149121950381, 5.64986221434e-05, 4.44812667411e-06, 4.19108255301e-05, 8.03464536148e-06, 2.58968939306e-05, 1.49568650158e-05, 3.66112653865e-05, 2.09613881452e-05, 6.10583583693e-06, 9.48071919993e-06, 1.96214091375e-06, 1.62284459293e-06, 1.5605628505e-06, 9.50754568407e-08, 3.91906468167e-07, 9.97478935005e-08, 9.40576825315e-08, 5.33378710088e-08, 2.65662620791e-08, 2.01137684286e-08, 2.17212061671e-08, 6.97355417856e-09, 4.0519019251e-09, 3.5234160034e-09, 1.72380981017e-11]
    },
    "erbbands": {
        "dmean": [0.19356508553, 1.23450362682, 2.00846982002, 1.85317730904, 1.77919971943, 3.32603788376, 4.8502163887, 6.70795154572, 11.6544981003, 16.0682125092, 20.4834842682, 26.950345993, 41.1377067566, 15.869096756, 20.8736381531, 23.2547016144, 12.5536546707, 12.0451755524, 11.629992485, 8.65762519836, 6.25892066956, 6.65354013443, 4.75316953659, 4.97677373886, 3.36087036133, 3.21722078323, 2.38634252548, 2.11534309387, 1.69381999969, 1.21285927296, 1.21622955799, 0.613512694836, 0.379593908787, 0.213323205709, 0.122960597277, 0.0621780306101, 0.0309978406876, 0.00432641524822, 0.000146223857882, 1.34954234454e-05],
        "dmean2": [0.279600292444, 1.76618802547, 3.25981068611, 3.35305738449, 2.7371160984, 5.18321371078, 7.4371509552, 10.4501543045, 18.9068622589, 25.3369960785, 30.5510540009, 39.8559379578, 60.3967132568, 24.7849826813, 31.5545902252, 35.0540847778, 19.7686080933, 17.4503803253, 17.8137359619, 13.2903022766, 9.91065979004, 10.6984624863, 7.63308095932, 7.95342826843, 5.2704167366, 5.04211711884, 3.60720562935, 3.24176955223, 2.64442968369, 1.86976313591, 1.96991610527, 0.93878775835, 0.580652415752, 0.317879319191, 0.18363186717, 0.0954969450831, 0.0490283630788, 0.00681195501238, 0.000232624093769, 1.907265505e-05],
        "dvar": [0.299543648958, 11.3062257767, 74.4864501953, 95.39453125, 44.4552154541, 340.594024658, 519.604736328, 341.155517578, 2277.43139648, 3128.4855957, 6200.74560547, 5545.18505859, 10061.9960938, 1785.57055664, 4140.48779297, 6049.88525391, 3076.56176758, 2346.60571289, 2305.19482422, 652.796875, 213.934921265, 463.069061279, 193.5340271, 211.831939697, 124.448059082, 88.5497817993, 25.2124671936, 24.0430183411, 16.2709884644, 9.32705116272, 21.6491012573, 2.85679197311, 1.29238128662, 0.420677125454, 0.154686659575, 0.0557070858777, 0.0178034473211, 0.000285630871076, 4.02146667966e-07, 6.1929078532e-10],
        "dvar2": [0.604793608189, 23.2301330566, 196.142654419, 273.862060547, 103.397529602, 658.852600098, 1181.83203125, 801.915283203, 6169.07373047, 7846.19873047, 12534.7382812, 11752.25, 19821.6152344, 4597.61181641, 9131.48144531, 12407.1132812, 7788.60058594, 4556.24804688, 5422.69091797, 1285.85986328, 530.465209961, 1175.38745117, 508.384307861, 534.770019531, 317.364501953, 225.125274658, 57.4581947327, 56.9145011902, 38.7538719177, 22.1030521393, 59.3996696472, 7.08161115646, 3.05537509918, 0.966285407543, 0.348875910044, 0.133050262928, 0.0457266382873, 0.000696425384376, 9.97675670078e-07, 1.37980982196e-09],
        "max": [9.27749824524, 39.9935455322, 97.3150863647, 106.152832031, 112.994743347, 630.890258789, 830.853088379, 553.785644531, 1061.72546387, 1503.17858887, 2347.07275391, 2092.97485352, 2548.22338867, 842.052001953, 1616.01745605, 2425.21923828, 1883.46533203, 1896.37133789, 1646.05944824, 811.588012695, 407.572662354, 562.186279297, 465.611816406, 360.765869141, 363.900970459, 197.672332764, 87.5420150757, 75.8746032715, 70.5370635986, 43.6588134766, 100.748580933, 31.8334922791, 20.4715633392, 9.43813419342, 6.18179130554, 4.43404483795, 2.37462329865, 0.305890113115, 0.0133145675063, 0.000461862247903],
        "mean": [0.719726741314, 4.50004816055, 3.42494654655, 1.61715614796, 2.54129481316, 5.30360078812, 6.98255062103, 12.3616714478, 18.063325882, 25.7124137878, 36.1017417908, 57.5886230469, 82.9758834839, 29.7886581421, 40.1010093689, 45.5222015381, 21.2533779144, 21.0829315186, 22.6549968719, 16.4307403564, 10.8292570114, 13.6837921143, 8.79446697235, 8.90895462036, 6.35981798172, 5.56739377975, 4.36888647079, 3.55451631546, 2.87141752243, 2.33303117752, 1.72108197212, 1.00883090496, 0.593276083469, 0.322378993034, 0.165288329124, 0.0759089514613, 0.0323610156775, 0.00444067828357, 0.000156766443979, 4.82889008708e-05],
        "median": [4.67100144306e-05, 0.000387122388929, 0.00334479962476, 0.032770216465, 0.226316928864, 0.724330246449, 1.65554285049, 3.78295087814, 5.36853647232, 6.29010915756, 7.73815631866, 12.4789085388, 14.5397720337, 9.38792991638, 7.41815757751, 9.22803878784, 5.76413297653, 4.42382192612, 4.96032857895, 5.21708202362, 4.4307308197, 3.39482951164, 3.34875702858, 3.5042309761, 2.80255007744, 2.37945866585, 1.78424191475, 1.30669152737, 0.922086894512, 0.54156178236, 0.333615064621, 0.192824035883, 0.100450120866, 0.0470673032105, 0.0200481377542, 0.00748630287126, 0.00255684694275, 0.000299226667266, 2.54715505434e-05, 2.39315577346e-05],
        "min": [1.1499649507e-22, 1.04681473567e-21, 3.06866276188e-21, 1.08521225372e-20, 1.27386832153e-20, 2.10543719186e-20, 4.27131059034e-20, 6.71814832389e-20, 1.73566790944e-19, 2.41840727741e-19, 2.78455541513e-19, 6.00387592624e-19, 5.60479333394e-19, 6.55338234692e-19, 1.01765766355e-18, 1.66923010681e-18, 2.15451991159e-18, 1.61925350856e-18, 2.64051437086e-18, 3.40446819252e-18, 3.21006751369e-18, 5.15251465304e-18, 4.84777966101e-18, 7.56890857283e-18, 8.74351827755e-18, 7.64674792284e-18, 1.05397848183e-17, 1.18652102282e-17, 1.29561390334e-17, 1.32850475517e-17, 1.40756692627e-17, 1.30948051098e-17, 1.19989578886e-17, 7.85597415979e-18, 7.12229059906e-18, 3.96527472755e-18, 2.51324105309e-18, 9.94111760623e-19, 2.70950428418e-19, 3.0045981889e-20],
        "var": [2.02235293388, 68.8970870972, 90.4153594971, 58.48046875, 66.2919464111, 685.17956543, 716.076538086, 950.76940918, 2666.53881836, 4998.62304688, 12254.8613281, 20716.6113281, 34540.6992188, 3394.84301758, 10847.8115234, 19481.3339844, 3832.81323242, 5060.33935547, 4666.72021484, 1696.12902832, 358.891693115, 1493.83447266, 312.549835205, 358.829986572, 163.001251221, 115.78024292, 52.9310798645, 39.3629264832, 27.2250022888, 18.6739521027, 19.3494033813, 4.22143650055, 1.76994359493, 0.589310646057, 0.196372672915, 0.057798910886, 0.0151976849884, 0.000266823568381, 3.62905808515e-07, 2.94141111468e-09]
    },
    "gfcc": {
        "mean": [-109.280532837, 76.9401016235, -151.496459961, -4.19129800797, -78.2283172607, -2.90929365158, -31.1206169128, 7.89231872559, -14.6792354584, 3.92138648033, -10.9211683273, 1.5357003212, -5.27851676941],
        "cov": [[40213.4726562, 2346.38720703, -252.826400757, 3745.32421875, 747.890930176, 2387.70727539, 391.823394775, 396.136810303, -975.757141113, -169.596588135, -310.600189209, 377.610931396, 46.4543762207], [2346.38720703, 2581.44042969, 168.935638428, 388.226257324, 805.731628418, -226.364517212, 349.737792969, -104.699356079, 149.161193848, -208.33052063, 244.246185303, -182.485610962, 157.423934937], [-252.826400757, 168.935638428, 2734.58886719, 1502.25390625, 860.687255859, 869.738525391, 320.486968994, 361.441864014, 139.142364502, 131.860244751, -138.836013794, 96.3777694702, -119.410980225], [3745.32421875, 388.226257324, 1502.25390625, 1731.69055176, 881.827209473, 867.147827148, 417.149169922, 339.083221436, 65.8596420288, 73.4156494141, -48.1124954224, 91.3001022339, -8.61332702637], [747.890930176, 805.731628418, 860.687255859, 881.827209473, 1287.97753906, 514.848999023, 551.476196289, 367.268005371, 207.411315918, 134.27003479, 154.53843689, 43.3986930847, 36.3846511841], [2387.70727539, -226.364517212, 869.738525391, 867.147827148, 514.848999023, 994.128479004, 431.793243408, 369.078125, 117.173484802, 144.77406311, -41.6094017029, 110.574981689, -62.4825401306], [391.823394775, 349.737792969, 320.486968994, 417.149169922, 551.476196289, 431.793243408, 556.148864746, 304.215270996, 223.603118896, 78.6287460327, 122.627685547, 23.0438404083, 24.1811103821], [396.136810303, -104.699356079, 361.441864014, 339.083221436, 367.268005371, 369.078125, 304.215270996, 452.788604736, 259.631561279, 163.727157593, 11.2671079636, 59.3162994385, -17.2988948822], [-975.757141113, 149.161193848, 139.142364502, 65.8596420288, 207.411315918, 117.173484802, 223.603118896, 259.631561279, 403.326263428, 127.395553589, 77.8455963135, -21.8816108704, 10.1843671799], [-169.596588135, -208.33052063, 131.860244751, 73.4156494141, 134.27003479, 144.77406311, 78.6287460327, 163.727157593, 127.395553589, 229.67980957, 70.7890777588, 61.8490486145, -13.6916847229], [-310.600189209, 244.246185303, -138.836013794, -48.1124954224, 154.53843689, -41.6094017029, 122.627685547, 11.2671079636, 77.8455963135, 70.7890777588, 209.536193848, 39.5534248352, 43.5113639832], [377.610931396, -182.485610962, 96.3777694702, 91.3001022339, 43.3986930847, 110.574981689, 23.0438404083, 59.3162994385, -21.8816108704, 61.8490486145, 39.5534248352, 128.029205322, 18.7555427551], [46.4543762207, 157.423934937, -119.410980225, -8.61332702637, 36.3846511841, -62.4825401306, 24.1811103821, -17.2988948822, 10.1843671799, -13.6916847229, 43.5113639832, 18.7555427551, 120.690513611]],
        "icov": [[0.000102720492578, -0.000300951098325, 0.000273137149634, -0.000310961011564, 0.000219162073336, -0.000357238342986, 0.000258656800725, -0.000290036579827, 0.000351466296706, -0.00019828612858, 0.000204866504646, -0.000327750574797, 0.000181570430868], [-0.000300951098325, 0.00187259586528, -0.000858164974488, 0.000676770985592, -0.00120770151261, 0.00144257210195, -0.000946239102632, 0.00123219634406, -0.00135549728293, 0.00159356091172, -0.0015833118232, 0.00213416409679, -0.00111602654215], [0.000273137149634, -0.000858164974488, 0.00159630074631, -0.00140151940286, 0.000293663702905, -0.00101735396311, 0.00081491220044, -0.000372997135855, 0.000438099697931, -0.000751583254896, 0.0013927994296, -0.00160660163965, 0.00128692493308], [-0.000310961011564, 0.000676770985592, -0.00140151940286, 0.00280956970528, -0.00112057209481, -1.41648015415e-05, -0.000425609265221, 0.000498860608786, -0.000577681697905, 0.000871099589858, -0.000485575030325, 0.00099074607715, -0.00129328551702], [0.000219162073336, -0.00120770151261, 0.000293663702905, -0.00112057209481, 0.00286376662552, -0.000694537593517, -0.000475158449262, -0.00169161509257, 0.00159072270617, -0.00128406204749, -0.000354919349775, -0.000323195068631, 0.000229606506764], [-0.000357238342986, 0.00144257210195, -0.00101735396311, -1.41648015415e-05, -0.000694537593517, 0.00485429121181, -0.00361339119263, 0.00128888851032, -0.00109836261254, -0.000254458223935, 0.00109340401832, -0.000512811646331, 0.000628802576102], [0.000258656800725, -0.000946239102632, 0.00081491220044, -0.000425609265221, -0.000475158449262, -0.00361339119263, 0.00772498175502, -0.00368626066484, 0.00029888888821, 0.00210303324275, -0.00374092138372, 0.00145010196138, -0.000556286948267], [-0.000290036579827, 0.00123219634406, -0.000372997135855, 0.000498860608786, -0.00169161509257, 0.00128888851032, -0.00368626066484, 0.00926260184497, -0.0048697758466, -0.00194786663633, 0.00404863897711, -0.00285928510129, 0.000589087954722], [0.000351466296706, -0.00135549728293, 0.000438099697931, -0.000577681697905, 0.00159072270617, -0.00109836261254, 0.00029888888821, -0.0048697758466, 0.00740407081321, -0.00232701306231, -0.00138621323276, 0.00262786983512, -0.000578458595555], [-0.00019828612858, 0.00159356091172, -0.000751583254896, 0.000871099589858, -0.00128406204749, -0.000254458223935, 0.00210303324275, -0.00194786663633, -0.00232701306231, 0.0102645168081, -0.00535680307075, 0.000260346190771, 0.00012271302694], [0.000204866504646, -0.0015833118232, 0.0013927994296, -0.000485575030325, -0.000354919349775, 0.00109340401832, -0.00374092138372, 0.00404863897711, -0.00138621323276, -0.00535680307075, 0.0137256393209, -0.00763745605946, 0.00108039658517], [-0.000327750574797, 0.00213416409679, -0.00160660163965, 0.00099074607715, -0.000323195068631, -0.000512811646331, 0.00145010196138, -0.00285928510129, 0.00262786983512, 0.000260346190771, -0.00763745605946, 0.0173807702959, -0.00518461270258], [0.000181570430868, -0.00111602654215, 0.00128692493308, -0.00129328551702, 0.000229606506764, 0.000628802576102, -0.000556286948267, 0.000589087954722, -0.000578458595555, 0.00012271302694, 0.00108039658517, -0.00518461270258, 0.0117835886776]]
    },
    "melbands": {
        "dmean": [0.00167600018904, 0.00111128145363, 0.00032030174043, 0.000170796163729, 0.000171855004737, 0.000151752246893, 0.000197951259906, 0.000165398305398, 0.000185948374565, 0.000181865063496, 0.000206088181585, 6.31469301879e-05, 6.99257070664e-05, 6.61946105538e-05, 4.90972888656e-05, 2.53680755122e-05, 2.4029161068e-05, 1.91622821148e-05, 1.8956432541e-05, 7.7944541772e-06, 8.12939106254e-06, 8.32181922306e-06, 4.50185552836e-06, 4.45010846306e-06, 4.44573743152e-06, 2.85758960672e-06, 2.65419316747e-06, 2.16037346945e-06, 1.65188964729e-06, 1.37421557156e-06, 1.27339944811e-06, 1.10933763153e-06, 7.23080518128e-07, 7.12507699063e-07, 8.00325665296e-07, 5.13922373102e-07, 3.36455030947e-07, 2.97320752907e-07, 2.09659077655e-07, 1.76814040742e-07],
        "dmean2": [0.00240381574258, 0.00162757269572, 0.000563086243346, 0.000262687331997, 0.000257085164776, 0.000236842315644, 0.000317450845614, 0.000258945423411, 0.00027862333809, 0.000266587769147, 0.000303696462652, 9.96604940156e-05, 0.000106876141217, 9.99842668534e-05, 7.29762614355e-05, 3.97856128984e-05, 3.48261783074e-05, 2.97683400277e-05, 2.89705894829e-05, 1.20041149785e-05, 1.30895505208e-05, 1.31064116431e-05, 7.2601537795e-06, 7.09001506038e-06, 7.17339253242e-06, 4.56190218756e-06, 4.31498165199e-06, 3.40801807397e-06, 2.52976292359e-06, 2.11464180211e-06, 2.00451563614e-06, 1.76886044301e-06, 1.12009445274e-06, 1.11704025585e-06, 1.31376918944e-06, 8.30910323657e-07, 5.13405439051e-07, 4.65279299533e-07, 3.17466486877e-07, 2.69457331115e-07],
        "dvar": [1.9550199795e-05, 1.25705400933e-05, 2.53154530583e-06, 5.00584576457e-07, 8.8331336201e-07, 1.56123277861e-07, 7.07877916284e-07, 2.91706442113e-07, 4.46462621539e-07, 2.58999250491e-07, 2.53352823165e-07, 2.81606915564e-08, 4.78291433126e-08, 4.20565697823e-08, 3.19417203798e-08, 1.12221201221e-08, 9.11065622944e-09, 6.89902490691e-09, 3.0884308444e-09, 4.28239638195e-10, 4.13398010268e-10, 7.2838229892e-10, 2.00952740559e-10, 1.62755517397e-10, 1.66979680083e-10, 9.84076431454e-11, 6.13815664963e-11, 3.76100643684e-11, 1.22090497434e-11, 8.12140892731e-12, 9.29999133259e-12, 7.19153426046e-12, 3.23257219603e-12, 3.06981046486e-12, 9.9846970969e-12, 2.61529274799e-12, 7.67892964926e-13, 8.2083997802e-13, 3.71472194368e-13, 3.05912982662e-13],
        "dvar2": [4.07756997447e-05, 2.77473045571e-05, 7.08882362233e-06, 9.84720145425e-07, 1.83953807209e-06, 3.73720638436e-07, 1.88412593616e-06, 7.23310108697e-07, 9.09584628062e-07, 5.29519809334e-07, 5.01220654314e-07, 7.22049904311e-08, 1.10716491974e-07, 1.01321795398e-07, 7.08180536435e-08, 2.46406539617e-08, 1.7423833043e-08, 1.70114660136e-08, 5.74233594008e-09, 9.9897301542e-10, 1.02726183115e-09, 1.77301218152e-09, 5.5658833098e-10, 4.12446354847e-10, 4.1993900024e-10, 2.55010734751e-10, 1.52774501383e-10, 9.67076418945e-11, 2.86545943223e-11, 1.86812926239e-11, 2.26033428086e-11, 1.75529209223e-11, 7.84766696071e-12, 7.34588258278e-12, 2.7574173847e-11, 6.94266866219e-12, 1.85530063535e-12, 1.98842786854e-12, 8.38503366133e-13, 7.27456831752e-13],
        "max": [0.0628815069795, 0.0406319648027, 0.0167801938951, 0.0204998794943, 0.0344028994441, 0.0126950563863, 0.020308105275, 0.0136392693967, 0.0168617777526, 0.0147363962606, 0.0126300435513, 0.0031320322305, 0.00469162594527, 0.00424987683073, 0.00539362803102, 0.00361108942889, 0.00420715147629, 0.00287707219832, 0.00189351604786, 0.000543924805243, 0.000540918845218, 0.000767647754401, 0.0003231895098, 0.000522854505107, 0.000320296472637, 0.000322601001244, 0.000263146182988, 0.000131334250909, 6.00496241532e-05, 4.41976117145e-05, 6.04636043136e-05, 6.34499301668e-05, 3.27328816638e-05, 2.70860582532e-05, 6.91201930749e-05, 2.9031862141e-05, 1.943159441e-05, 1.62571104738e-05, 1.15589309644e-05, 8.87538772076e-06],
        "mean": [0.00634907977656, 0.00333241606131, 0.00029329030076, 0.000293248915114, 0.000252379861195, 0.000276213337202, 0.000300184154185, 0.000269519106951, 0.00031456357101, 0.000380515120924, 0.000404207850806, 0.000107011983346, 0.000125922146253, 0.0001229258487, 8.67828348419e-05, 3.64578445442e-05, 3.94139206037e-05, 3.40701299137e-05, 3.26424851664e-05, 1.32519817271e-05, 1.23193558466e-05, 1.58858292707e-05, 7.83298582974e-06, 7.64641663409e-06, 7.32034413886e-06, 4.78985884911e-06, 4.39948644271e-06, 3.46150204678e-06, 2.83425993075e-06, 2.31744002122e-06, 1.97185499928e-06, 1.74111630713e-06, 1.24980022065e-06, 1.36661992656e-06, 1.0574673297e-06, 7.48926311189e-07, 5.5756686379e-07, 4.40562530457e-07, 3.24151642417e-07, 2.51745717605e-07],
        "median": [3.51797098119e-07, 7.52233574985e-07, 9.61750447459e-06, 3.33540665451e-05, 5.59832660656e-05, 9.14436386665e-05, 8.180673467e-05, 6.43934690743e-05, 5.97188845859e-05, 7.45979923522e-05, 6.53550669085e-05, 2.74909143627e-05, 2.02979426831e-05, 1.93075247807e-05, 1.74428387254e-05, 5.97763391852e-06, 7.17656303095e-06, 5.88238117416e-06, 7.82123152021e-06, 4.69589031127e-06, 4.4580760914e-06, 3.27308021042e-06, 2.39954101744e-06, 2.81693860416e-06, 2.66924007519e-06, 1.95218012777e-06, 1.74629860794e-06, 1.40853421726e-06, 1.12664599783e-06, 8.73751048402e-07, 6.81061351315e-07, 5.51666744286e-07, 3.45687340086e-07, 2.6646449669e-07, 1.93709922769e-07, 1.47804996686e-07, 1.00948085446e-07, 7.44285983956e-08, 5.05613755308e-08, 3.49016247014e-08],
        "min": [1.24820090387e-24, 2.14807001985e-24, 2.63380974174e-24, 9.74060005003e-25, 1.87244418894e-24, 1.72880129557e-24, 3.39563165057e-24, 2.54392495804e-24, 1.90990206573e-24, 3.61367083262e-24, 2.77643027137e-24, 2.29980623168e-24, 2.778658409e-24, 3.09722667215e-24, 2.79073409452e-24, 3.32129570975e-24, 2.17075351797e-24, 4.40896647625e-24, 4.18566440867e-24, 5.31406840243e-24, 2.24565625535e-24, 4.71107259281e-24, 3.81721430111e-24, 3.54134885369e-24, 5.03308048673e-24, 7.16357567169e-24, 5.10630768355e-24, 4.50682388268e-24, 5.27997028424e-24, 6.2451613233e-24, 6.22155939387e-24, 7.02326729337e-24, 6.01537403022e-24, 6.56782042189e-24, 7.34038543296e-24, 7.27431675443e-24, 7.05843629024e-24, 7.19578959562e-24, 6.02145023134e-24, 5.51426276195e-24],
        "var": [0.000129196690978, 4.43394310423e-05, 1.66265863299e-06, 1.31731087549e-06, 1.35811751534e-06, 4.03173515906e-07, 8.34093043522e-07, 5.0312962685e-07, 9.03136594843e-07, 9.29972543418e-07, 8.48192655667e-07, 5.14895681647e-08, 1.12136831376e-07, 1.16237494296e-07, 6.82866030388e-08, 1.7197242741e-08, 2.10867447947e-08, 1.26888242136e-08, 7.29113835973e-09, 8.58306148377e-10, 5.98752158965e-10, 2.27232099803e-09, 2.94241297993e-10, 2.76925343767e-10, 2.7306265582e-10, 1.14775050575e-10, 8.97325616589e-11, 4.6280985988e-11, 2.3309703126e-11, 1.571607601e-11, 1.3687197209e-11, 1.10879682172e-11, 5.42472707379e-12, 6.82217303483e-12, 8.38840889111e-12, 2.82322754584e-12, 1.25700708523e-12, 1.03816586404e-12, 5.53185318733e-13, 3.92078025862e-13]
    },
    "mfcc": {
        "mean": [-725.954345703, 107.475547791, -24.9995307922, -3.68904256821, -25.6646823883, -12.7042503357, -12.7166051865, -2.31381654739, -2.73996210098, 2.16077566147, -2.03748583794, -0.666680693626, 1.24246180058],
        "cov": [[20112.640625, 2021.90734863, 197.200302124, 1194.35888672, 572.958679199, 1324.79138184, 1029.21740723, 773.741210938, 403.1953125, 228.157302856, 70.8594894409, 116.753967285, -200.364227295], [2021.90734863, 2231.69799805, -21.2917442322, 447.421325684, 237.15562439, 76.1547927856, 215.935592651, 142.174545288, 50.4081764221, 65.9151000977, 41.5688018799, -33.9181442261, -3.28773856163], [197.200302124, -21.2917442322, 1459.40637207, 829.99609375, 614.513671875, 577.821594238, 339.579833984, 316.259063721, 281.012939453, 159.945266724, 85.4949188232, 115.930603027, 69.5736846924], [1194.35888672, 447.421325684, 829.99609375, 1096.21936035, 735.367431641, 583.015380859, 493.211853027, 357.673858643, 286.352722168, 176.038040161, 129.878555298, 120.205596924, 52.4210968018], [572.958679199, 237.15562439, 614.513671875, 735.367431641, 804.490966797, 531.234619141, 475.500427246, 384.462982178, 308.80859375, 237.582427979, 194.239822388, 164.38142395, 105.697814941], [1324.79138184, 76.1547927856, 577.821594238, 583.015380859, 531.234619141, 693.730163574, 511.665893555, 379.480560303, 289.711364746, 204.386245728, 155.23223877, 134.46031189, 75.8052215576], [1029.21740723, 215.935592651, 339.579833984, 493.211853027, 475.500427246, 511.665893555, 559.965637207, 369.594451904, 243.418930054, 179.789047241, 167.776535034, 126.89377594, 75.3724594116], [773.741210938, 142.174545288, 316.259063721, 357.673858643, 384.462982178, 379.480560303, 369.594451904, 444.953155518, 335.97543335, 253.770507812, 201.339981079, 158.139480591, 103.171684265], [403.1953125, 50.4081764221, 281.012939453, 286.352722168, 308.80859375, 289.711364746, 243.418930054, 335.97543335, 396.613464355, 287.877716064, 194.879150391, 147.562576294, 90.4813919067], [228.157302856, 65.9151000977, 159.945266724, 176.038040161, 237.582427979, 204.386245728, 179.789047241, 253.770507812, 287.877716064, 322.735656738, 220.082977295, 128.481491089, 99.9459609985], [70.8594894409, 41.5688018799, 85.4949188232, 129.878555298, 194.239822388, 155.23223877, 167.776535034, 201.339981079, 194.879150391, 220.082977295, 248.354660034, 165.506210327, 95.9586715698], [116.753967285, -33.9181442261, 115.930603027, 120.205596924, 164.38142395, 134.46031189, 126.89377594, 158.139480591, 147.562576294, 128.481491089, 165.506210327, 227.090515137, 150.567138672], [-200.364227295, -3.28773856163, 69.5736846924, 52.4210968018, 105.697814941, 75.8052215576, 75.3724594116, 103.171684265, 90.4813919067, 99.9459609985, 95.9586715698, 150.567138672, 204.195251465]],
