{
"lowlevel": {
    "average_loudness": 0.891250133514,
    "barkbands_crest": {
        "dmean": 3.59186959267,
        "dmean2": 5.93827104568,
        "dvar": 10.4518594742,
        "dvar2": 26.7140789032,
        "max": 25.6129188538,
        "mean": 10.7709941864,
        "median": 9.82950496674,
        "min": 2.12161278725,
        "var": 23.6432781219
    },
    "barkbands_flatness_db": {
        "dmean": 0.0303726457059,
        "dmean2": 0.0466237924993,
        "dvar": 0.000805360032246,
        "dvar2": 0.00183159683365,
        "max": 0.443347901106,
        "mean": 0.149452850223,
        "median": 0.142970845103,
        "min": 0.0246871300042,
        "var": 0.00334213417955
    },
    "barkbands_kurtosis": {
        "dmean": 3.92255377769,
        "dmean2": 6.48853349686,
        "dvar": 106.419151306,
        "dvar2": 272.227996826,
        "max": 336.642608643,
        "mean": 3.38142085075,
        "median": 0.682831048965,
        "min": -1.89072620869,
        "var": 111.022331238
    },
    "barkbands_skewness": {
        "dmean": 0.770745694637,
        "dmean2": 1.18446803093,
        "dvar": 0.838478803635,
        "dvar2": 1.97032296658,
        "max": 16.3835144043,
        "mean": 1.11139023304,
        "median": 0.871721982956,
        "min": -2.90911746025,
        "var": 2.03528094292
    },
    "barkbands_spread": {
        "dmean": 6.58781814575,
        "dmean2": 10.4893093109,
        "dvar": 49.3559684753,
        "dvar2": 122.294929504,
        "max": 78.4222640991,
        "mean": 20.2676525116,
        "median": 18.7385234833,
        "min": 0.686936795712,
        "var": 122.397994995
    },
    "dissonance": {
        "dmean": 0.0221695266664,
        "dmean2": 0.0371136926115,
        "dvar": 0.000496043357998,
        "dvar2": 0.00131606298964,
        "max": 0.5,
        "mean": 0.464152544737,
        "median": 0.472622334957,
        "min": 0.273176878691,
        "var": 0.000908955873456
    },
    "dynamic_complexity": 4.51054573059,
    "erbbands_crest": {
        "dmean": 3.52149176598,
        "dmean2": 5.66370916367,
        "dvar": 11.7592697144,
        "dvar2": 27.1320133209,
        "max": 31.978225708,
        "mean": 10.4500246048,
        "median": 9.16374206543,
        "min": 2.30050039291,
        "var": 28.7658882141
    },
    "erbbands_flatness_db": {
        "dmean": 0.0275510288775,
        "dmean2": 0.0397538170218,
        "dvar": 0.00080628239084,
        "dvar2": 0.00152513675857,
        "max": 0.497809231281,
        "mean": 0.193181246519,
        "median": 0.189409211278,
        "min": 0.0357281044126,
        "var": 0.00466512935236
    },
    "erbbands_kurtosis": {
        "dmean": 1.42727458477,
        "dmean2": 2.28613400459,
        "dvar": 4.59407377243,
        "dvar2": 11.2549600601,
        "max": 29.884765625,
        "mean": 1.04354512691,
        "median": 0.117336511612,
        "min": -1.84094834328,
        "var": 8.11322879791
    },
    "erbbands_skewness": {
        "dmean": 0.476567268372,
        "dmean2": 0.739415228367,
        "dvar": 0.220696046948,
        "dvar2": 0.510374546051,
        "max": 5.29007911682,
        "mean": 0.276994079351,
        "median": 0.224054157734,
        "min": -3.41059446335,
        "var": 0.685946941376
    },
    "erbbands_spread": {
        "dmean": 9.19293880463,
        "dmean2": 14.3240938187,
        "dvar": 109.59261322,
        "dvar2": 244.607620239,
        "max": 131.085708618,
        "mean": 29.4614753723,
        "median": 26.0425872803,
        "min": 2.58094286919,
        "var": 295.74118042
    },
    "hfc": {
        "dmean": 9.10821628571,
        "dmean2": 13.8289766312,
        "dvar": 172.232345581,
        "dvar2": 441.300537109,
        "max": 127.41217804,
        "mean": 18.5956382751,
        "median": 12.9070100784,
        "min": 1.05066780723e-16,
        "var": 343.202026367
    },
    "melbands_crest": {
        "dmean": 4.3703417778,
        "dmean2": 7.24434757233,
        "dvar": 14.32908535,
        "dvar2": 38.007900238,
        "max": 33.3939552307,
        "mean": 14.4281072617,
        "median": 13.7342453003,
        "min": 1.69283950329,
        "var": 38.2540740967
    },
    "melbands_flatness_db": {
        "dmean": 0.0363054312766,
        "dmean2": 0.055342849344,
        "dvar": 0.00117310532369,
        "dvar2": 0.00264706253074,
        "max": 0.516308069229,
        "mean": 0.19655816257,
        "median": 0.192379713058,
        "min": 0.00250045233406,
        "var": 0.00517207151279
    },
    "melbands_kurtosis": {
        "dmean": 9.25788211823,
        "dmean2": 15.3025751114,
        "dvar": 532.901550293,
        "dvar2": 1316.22131348,
        "max": 409.092224121,
        "mean": 10.4545307159,
        "median": 3.10715341568,
        "min": -1.80962598324,
        "var": 653.078979492
    },
    "melbands_skewness": {
        "dmean": 1.01961004734,
        "dmean2": 1.58496367931,
        "dvar": 1.55054688454,
        "dvar2": 3.61572551727,
        "max": 16.4265079498,
        "mean": 2.00209832191,
        "median": 1.52230393887,
        "min": -1.95753145218,
        "var": 3.89917230606
    },
    "melbands_spread": {
        "dmean": 9.61670875549,
        "dmean2": 15.2488975525,
        "dvar": 131.635101318,
        "dvar2": 300.140625,
        "max": 199.693252563,
        "mean": 27.2610244751,
        "median": 22.8721637726,
        "min": 0.537238538265,
        "var": 421.277648926
    },
    "pitch_salience": {
        "dmean": 0.0937282145023,
        "dmean2": 0.153438970447,
        "dvar": 0.00733685865998,
        "dvar2": 0.0190223902464,
        "max": 0.959939479828,
        "mean": 0.539630413055,
        "median": 0.545883715153,
        "min": 0.0983240753412,
        "var": 0.018483068794
    },
    "silence_rate_20dB": {
        "dmean": 0,
        "dmean2": 0,
        "dvar": 0,
        "dvar2": 0,
        "max": 1,
        "mean": 1,
        "median": 1,
        "min": 1,
        "var": 0
    },
    "silence_rate_30dB": {
        "dmean": 0.0330663919449,
        "dmean2": 0.0661413222551,
        "dvar": 0.0319759398699,
        "dvar2": 0.0912223905325,
        "max": 1,
        "mean": 0.981660842896,
        "median": 1,
        "min": 0,
        "var": 0.0180022921413
    },
    "silence_rate_60dB": {
        "dmean": 0.0526995621622,
        "dmean2": 0.105412736535,
        "dvar": 0.0499221310019,
        "dvar2": 0.105408072472,
        "max": 1,
        "mean": 0.187524214387,
        "median": 0,
        "min": 0,
        "var": 0.152354344726
    },
    "spectral_centroid": {
        "dmean": 341.670654297,
        "dmean2": 531.763977051,
        "dvar": 138405.21875,
        "dvar2": 317872.5625,
        "max": 11601.6621094,
        "mean": 1620.51501465,
        "median": 1411.45410156,
        "min": 283.725769043,
        "var": 1192982.125
    },
    "spectral_complexity": {
        "dmean": 5.46189594269,
        "dmean2": 7.8416223526,
        "dvar": 35.8524398804,
        "dvar2": 73.1492385864,
        "max": 61,
        "mean": 16.8672351837,
        "median": 16,
        "min": 0,
        "var": 130.301513672
    },
    "spectral_decrease": {
        "dmean": 3.8493892518e-09,
        "dmean2": 6.04114491765e-09,
        "dvar": 4.00385426588e-17,
        "dvar2": 1.01255139078e-16,
        "max": 1.43751483271e-28,
        "mean": -6.56673382338e-09,
        "median": -4.30012203623e-09,
        "min": -4.90149325572e-08,
        "var": 5.61488214568e-17
    },
    "spectral_energy": {
        "dmean": 0.0151743255556,
        "dmean2": 0.023726882413,
        "dvar": 0.000595234916545,
        "dvar2": 0.00150521215983,
        "max": 0.188586801291,
        "mean": 0.0264711603522,
        "median": 0.0176107250154,
        "min": 9.96449069304e-21,
        "var": 0.000861705571879
    },
    "spectral_energyband_high": {
        "dmean": 0.000463752192445,
        "dmean2": 0.000768302881625,
        "dvar": 1.25034546272e-06,
        "dvar2": 3.40297310686e-06,
        "max": 0.0223422739655,
        "mean": 0.000548361218534,
        "median": 0.000163884207723,
        "min": 7.08022498817e-21,
        "var": 1.2414259345e-06
    },
    "spectral_energyband_low": {
        "dmean": 0.00949558056891,
        "dmean2": 0.015402937308,
        "dvar": 0.00045827854774,
        "dvar2": 0.00114657310769,
        "max": 0.16316215694,
        "mean": 0.0108104636893,
        "median": 0.00198592338711,
        "min": 1.46543392924e-23,
        "var": 0.000479033129523
    },
    "spectral_energyband_middle_high": {
        "dmean": 0.00351015757769,
        "dmean2": 0.00518056005239,
        "dvar": 3.22442938341e-05,
        "dvar2": 7.27341248421e-05,
        "max": 0.0957657024264,
        "mean": 0.00717731798068,
        "median": 0.00373173644766,
        "min": 1.17912607128e-21,
        "var": 7.81248381827e-05
    },
    "spectral_energyband_middle_low": {
        "dmean": 0.00655287504196,
        "dmean2": 0.0111181586981,
        "dvar": 0.000150517676957,
        "dvar2": 0.000412774825236,
        "max": 0.0955476611853,
        "mean": 0.00896688271314,
        "median": 0.00450808508322,
        "min": 1.34503851431e-22,
        "var": 0.000154437002493
    },
    "spectral_entropy": {
        "dmean": 0.204321354628,
        "dmean2": 0.303112536669,
        "dvar": 0.041715387255,
        "dvar2": 0.0899442732334,
        "max": 9.81780433655,
        "mean": 7.57398271561,
        "median": 7.57545042038,
        "min": 5.44646263123,
        "var": 0.191697105765
    },
    "spectral_flux": {
        "dmean": 0.036877695471,
        "dmean2": 0.0562236197293,
        "dvar": 0.00235701259226,
        "dvar2": 0.00454042339697,
        "max": 0.425798743963,
        "mean": 0.099388115108,
        "median": 0.0845121070743,
        "min": 6.44067368882e-11,
        "var": 0.00548636261374
    },
    "spectral_kurtosis": {
        "dmean": 2.53918838501,
        "dmean2": 4.24917840958,
        "dvar": 22.0353660583,
        "dvar2": 58.0618743896,
        "max": 190.786743164,
        "mean": 5.71505641937,
        "median": 4.46926736832,
        "min": -1.25775122643,
        "var": 56.3188896179
    },
    "spectral_rms": {
        "dmean": 0.00126133987214,
        "dmean2": 0.00185911147855,
        "dvar": 2.40233248405e-06,
        "dvar2": 5.76958973397e-06,
        "max": 0.0135641852394,
        "mean": 0.00432819500566,
        "median": 0.00414502061903,
        "min": 3.11792453835e-12,
        "var": 7.09230425855e-06
    },
    "spectral_rolloff": {
        "dmean": 594.846923828,
        "dmean2": 999.965332031,
        "dvar": 764673.8125,
        "dvar2": 1788188.375,
        "max": 19422.9492188,
        "mean": 1795.80981445,
        "median": 1378.125,
        "min": 64.599609375,
        "var": 4267542.5
    },
    "spectral_skewness": {
        "dmean": 0.306961834431,
        "dmean2": 0.494264960289,
        "dvar": 0.119382508099,
        "dvar2": 0.319946974516,
        "max": 10.5441770554,
        "mean": 1.54333734512,
        "median": 1.52510881424,
        "min": -0.400321155787,
        "var": 0.366167187691
    },
    "spectral_spread": {
        "dmean": 629862.4375,
        "dmean2": 939786.8125,
        "dvar": 836004872192,
        "dvar2": 1.77702633472e+12,
        "max": 42855776,
        "mean": 4127406.75,
        "median": 3614452.75,
        "min": 479285.84375,
        "var": 1.37099875451e+13
    },
    "spectral_strongpeak": {
        "dmean": 0.749463498592,
        "dmean2": 1.24463438988,
        "dvar": 1.33822917938,
        "dvar2": 3.13753128052,
        "max": 12.4383163452,
        "mean": 1.11604976654,
        "median": 0.462485969067,
        "min": 0,
        "var": 2.24652886391
    },
    "zerocrossingrate": {
        "dmean": 0.0112267481163,
        "dmean2": 0.0134812556207,
        "dvar": 0.000183712661965,
        "dvar2": 0.000247508083703,
        "max": 0.705078125,
        "mean": 0.065647624433,
        "median": 0.05615234375,
        "min": 0.00537109375,
        "var": 0.00295673613437
    },
    "barkbands": {
        "dmean": [0.000424061756348, 0.00671228766441, 0.00294838310219, 0.00245341286063, 0.00210203649476, 0.000953503418714, 0.000776207190938, 0.00052922591567, 0.00148506893311, 0.00099614658393, 0.00129547214601, 0.000619713857304, 0.000521794252563, 0.000457995629404, 0.000322029140079, 0.000377367658075, 0.000292661541607, 0.000283964560367, 0.000215690495679, 0.000181910567335, 0.000146082529682, 6.72952155583e-05, 5.78350009164e-05, 4.90110251121e-05, 4.27231898357e-05, 1.81619070645e-05, 2.38264692598e-06],
        "dmean2": [0.000740489922464, 0.0110451113433, 0.0054754698649, 0.00451271282509, 0.00380209391005, 0.00157846172806, 0.00125980644953, 0.000847701681778, 0.00237344903871, 0.00156849529594, 0.00209847418591, 0.00093490461586, 0.000792107603047, 0.000713452755008, 0.000522014626767, 0.000589716481045, 0.000459925679024, 0.000441457930719, 0.000349259207724, 0.000296280748444, 0.000246572570177, 0.00010791697423, 9.77750314632e-05, 8.33151643747e-05, 7.30746396584e-05, 3.00226274703e-05, 4.26042925028e-06],
        "dvar": [8.40245434119e-07, 0.000219375186134, 9.87345993053e-05, 4.47834900115e-05, 3.42627354257e-05, 3.19022228723e-06, 2.81275742964e-06, 1.71442479768e-06, 1.30934977278e-05, 9.7296833701e-06, 1.23356094264e-05, 2.28106864597e-06, 1.73934836312e-06, 1.45659828377e-06, 4.8828405852e-07, 5.73587271901e-07, 4.02753869366e-07, 3.40042191738e-07, 1.65829391108e-07, 2.06444155992e-07, 1.25203158063e-07, 1.97940739355e-08, 2.45390943121e-08, 1.74785004248e-08, 1.69198379751e-08, 3.82857034964e-09, 1.00703813344e-10],
        "dvar2": [2.44436228058e-06, 0.000546574534383, 0.000283925241092, 0.000125596183352, 9.74100112217e-05, 8.35541686683e-06, 7.04968169885e-06, 4.17525507146e-06, 3.06829206238e-05, 2.18810964725e-05, 3.26773588313e-05, 4.47129332315e-06, 3.45953026226e-06, 3.28470650857e-06, 1.21522396057e-06, 1.27889177293e-06, 9.79568994808e-07, 7.77495813509e-07, 4.07357731547e-07, 5.22678078596e-07, 3.43029881833e-07, 5.10493158856e-08, 6.61811228042e-08, 4.73812278301e-08, 4.55072566297e-08, 1.05047748278e-08, 2.821213263e-10],
        "max": [0.0113459378481, 0.138924106956, 0.0786124244332, 0.0599534735084, 0.0611085183918, 0.0258039254695, 0.0414280928671, 0.0356599465013, 0.0515706278384, 0.0606781244278, 0.0680114254355, 0.0382761321962, 0.043767683208, 0.0327858068049, 0.0173863954842, 0.022227210924, 0.0188295487314, 0.0129301697016, 0.00920442026109, 0.0178300887346, 0.00593977514654, 0.00183886277955, 0.00166239205282, 0.00145170034375, 0.00144600181375, 0.000715538742952, 0.000174870190676],
        "mean": [0.000436516624177, 0.0073907263577, 0.00215890002437, 0.00164423591923, 0.0017272537807, 0.00119864172302, 0.00107038184069, 0.000695373630151, 0.00220678537153, 0.00137341034133, 0.00177796161734, 0.000822098343633, 0.000758287205826, 0.000599894206971, 0.000379005679861, 0.00052012730157, 0.000391977693653, 0.000394968432374, 0.000285456422716, 0.000234978302615, 0.000169153820025, 8.28974734759e-05, 5.27673582837e-05, 4.31200460298e-05, 3.72253489331e-05, 1.738935498e-05, 1.5743099766e-06],
        "median": [2.30399527936e-05, 0.00068701984128, 0.000234155420912, 0.000131950597279, 0.000386456318665, 0.000451594765764, 0.000405057129683, 0.000252375088166, 0.000356582313543, 0.000218711575144, 0.000386966945371, 0.000205573844141, 0.000210952392081, 0.000150284206029, 0.000134659305331, 0.000163355129189, 0.000142281103763, 0.000121508732263, 0.000107533349365, 6.93382389727e-05, 4.66907622467e-05, 2.60124506894e-05, 8.63344212121e-06, 5.43817941434e-06, 3.70665543414e-06, 1.17857371151e-06, 3.81193814292e-08],
        "min": [1.2163231333e-24, 2.92210310107e-24, 2.96579435952e-24, 1.14486495706e-24, 4.49642275164e-24, 1.00947264157e-23, 1.05552452684e-23, 1.11341216558e-23, 1.43345981903e-23, 2.06664123342e-23, 1.38472919879e-23, 3.48696146967e-23, 3.13325075481e-23, 2.43967320289e-23, 3.87767260088e-23, 6.52560192731e-23, 7.05320282923e-23, 8.10201738409e-23, 1.56277283318e-22, 1.9241389067e-22, 2.71739206322e-22, 3.13459547866e-22, 4.55562452221e-22, 5.88849905381e-22, 7.95401458271e-22, 1.34725769995e-21, 1.85835919107e-21],
        "var": [9.05867466372e-07, 0.000236684762058, 5.78837934881e-05, 2.75771271845e-05, 2.23901097343e-05, 4.22661378252e-06, 3.95981260226e-06, 2.19672347157e-06, 2.49194163189e-05, 1.56316782522e-05, 1.48931630974e-05, 3.88768239645e-06, 3.75507897843e-06, 2.72549527836e-06, 5.50259414922e-07, 1.1025248341e-06, 5.59024215363e-07, 5.83791972986e-07, 2.43611282258e-07, 2.87615165462e-07, 1.27973436292e-07, 2.22646256987e-08, 1.91821740714e-08, 1.34611948255e-08, 1.2708932573e-08, 3.0967834963e-09, 6.18263426566e-11]
    },
    "erbbands": {
        "dmean": [0.193627104163, 1.5433601141, 3.19395923615, 6.27929162979, 8.07521343231, 6.55374002457, 6.2208032608, 8.86512088776, 10.1616449356, 12.4767608643, 10.9410238266, 39.8095436096, 33.9419898987, 30.12292099, 48.3009414673, 21.1149044037, 22.1842594147, 25.4496936798, 16.0142784119, 18.3394069672, 17.3060512543, 16.0711212158, 15.5251502991, 12.5516901016, 9.5553188324, 9.27544975281, 7.64028739929, 4.07603216171, 2.45760774612, 1.96015799046, 1.61979174614, 1.05867469311, 0.847845315933, 0.524989962578, 0.259866982698, 0.0893160626292, 0.0324727222323, 0.00726540572941, 0.000362556136679, 2.34766866924e-05],
        "dmean2": [0.32154199481, 2.56975889206, 5.72648382187, 11.5533676147, 14.9674892426, 11.7092237473, 10.7762203217, 14.4772939682, 16.5446224213, 20.0288009644, 17.5472564697, 63.3244361877, 52.6556549072, 48.7549514771, 76.7114944458, 31.5808773041, 33.5097923279, 38.7426681519, 25.1924095154, 28.1296405792, 27.4295406342, 24.8397541046, 23.8565826416, 19.69257164, 15.5480117798, 15.2070093155, 12.9304494858, 6.71766090393, 3.96453499794, 3.23974442482, 2.74948096275, 1.77424764633, 1.45690906048, 0.889519155025, 0.444276928902, 0.148001611233, 0.0546767450869, 0.0124069247395, 0.000646011030767, 3.73525836039e-05],
        "dvar": [0.143572881818, 13.7135591507, 105.512138367, 304.367828369, 578.500854492, 297.031463623, 207.658157349, 259.505004883, 510.174255371, 727.391052246, 838.971313477, 10096.6474609, 8918.54003906, 7242.48339844, 14204.8261719, 2300.81738281, 2778.59692383, 4484.88037109, 1025.03649902, 1465.41723633, 1102.08520508, 1204.60705566, 1040.84741211, 600.942443848, 308.877960205, 588.588684082, 354.378265381, 85.619720459, 27.2969589233, 23.2769374847, 18.2462272644, 7.97906732559, 5.4473195076, 2.24084067345, 0.707688987255, 0.0866424813867, 0.0146225243807, 0.000676829717122, 2.54090605267e-06, 1.85630488758e-09],
        "dvar2": [0.367508679628, 34.4878845215, 296.348083496, 861.677124023, 1640.05749512, 838.155395508, 572.479370117, 642.671386719, 1222.93554688, 1795.35534668, 2071.25878906, 23828.9746094, 19874.5507812, 18501.7636719, 36386.5546875, 4394.25537109, 5984.00244141, 9979.81347656, 2372.85620117, 3406.63354492, 2629.96484375, 2852.34716797, 2361.65283203, 1374.43688965, 800.649475098, 1487.37768555, 988.31854248, 222.414627075, 70.8421478271, 62.1399383545, 49.1591339111, 21.3014221191, 14.8607435226, 5.97834825516, 1.91994512081, 0.236353605986, 0.0409086495638, 0.0018521908205, 7.1654490057e-06, 4.95036411863e-09],
        "max": [5.25958204269, 30.9525566101, 82.5400848389, 123.267440796, 212.724075317, 233.361709595, 191.249221802, 331.398895264, 570.367248535, 824.111938477, 946.486083984, 1462.92102051, 2029.84594727, 1629.89257812, 2638.67944336, 1403.89379883, 1801.70996094, 1969.63330078, 840.007751465, 808.926391602, 983.175415039, 1211.68334961, 832.617126465, 610.65411377, 231.571365356, 984.444580078, 310.618438721, 223.115524292, 66.3835601807, 54.1045761108, 43.6189842224, 28.5240859985, 23.2904090881, 15.0643806458, 8.93727493286, 3.71142649651, 1.35882902145, 0.340573072433, 0.0284537822008, 0.000532435486093],
        "mean": [0.216560512781, 1.62125122547, 2.67424893379, 4.37179231644, 5.45440101624, 5.80356550217, 6.64297580719, 11.7154130936, 14.017539978, 17.7967739105, 15.7829084396, 58.6871528625, 48.942741394, 42.714717865, 69.1498565674, 31.4587631226, 33.8627548218, 37.7865257263, 21.625837326, 26.2873306274, 23.5033874512, 22.7550830841, 22.2382793427, 17.5100097656, 12.6387081146, 11.6635198593, 8.75465774536, 5.08787536621, 3.04508376122, 2.08658266068, 1.47666466236, 0.95373415947, 0.740600943565, 0.469013094902, 0.225477844477, 0.0860706344247, 0.030105708167, 0.00581711856648, 0.000258459564066, 3.66752319678e-05],
        "median": [0.0134806083515, 0.163250014186, 0.370194524527, 0.470132112503, 0.676057100296, 1.31096744537, 2.29422354698, 4.49861621857, 5.58411836624, 6.86486148834, 6.11849212646, 9.19999504089, 10.9168357849, 10.62753582, 18.2726840973, 10.6752223969, 11.0003042221, 9.62420845032, 8.99131202698, 8.82148551941, 9.04164981842, 8.82652664185, 7.45346832275, 6.34309959412, 4.96856594086, 3.41500806808, 2.21734476089, 1.56207501888, 1.00541126728, 0.484506428242, 0.262784838676, 0.114808559418, 0.0983433946967, 0.0534816980362, 0.0202107205987, 0.00656259758398, 0.0019701118581, 0.000339299178449, 2.27110322157e-05, 2.32043967117e-05],
        "min": [1.37455390285e-22, 4.64531788092e-22, 4.78095651823e-21, 4.89126638435e-21, 1.434874181e-20, 1.80737816776e-20, 4.55908834103e-20, 7.92923444472e-20, 1.33433564436e-19, 2.05463263105e-19, 2.31441102887e-19, 3.95033594908e-19, 6.52608900562e-19, 6.71882932618e-19, 9.8787202707e-19, 1.63547007428e-18, 2.26754835204e-18, 1.89011514431e-18, 2.92406175188e-18, 3.48860528212e-18, 4.39451777256e-18, 4.37862060196e-18, 4.51694670707e-18, 7.40519960344e-18, 7.63561655333e-18, 9.13186716743e-18, 8.32188198545e-18, 1.16133593743e-17, 1.0040028762e-17, 1.16507247769e-17, 1.20784367106e-17, 1.16112120134e-17, 1.07630855334e-17, 6.88736840996e-18, 6.48881583363e-18, 4.50662101148e-18, 2.35784835079e-18, 9.47882807537e-19, 2.5020238636e-19, 2.68534702369e-20],
        "var": [0.174993857741, 13.383020401, 68.2645339966, 183.292831421, 346.4972229, 212.720291138, 183.35609436, 427.433135986, 787.913146973, 1045.69970703, 1065.76135254, 19092.1328125, 14117.703125, 9912.83105469, 18452.9277344, 4418.44042969, 5216.79345703, 11414.5361328, 1672.5123291, 2399.08837891, 1739.73925781, 1805.45263672, 1753.17150879, 1060.72473145, 414.436065674, 770.206359863, 360.145233154, 105.629623413, 30.6322917938, 20.8147544861, 14.3200244904, 6.49007892609, 4.06221818924, 1.7559773922, 0.520392477512, 0.0718150734901, 0.0106966393068, 0.000479714333778, 1.55528664436e-06, 2.04764605272e-09]
    },
    "gfcc": {
        "mean": [-53.3995933533, 91.5670318604, -146.797119141, 19.5218601227, -57.7147216797, 7.49942493439, -31.448923111, 8.60022354126, -21.8897018433, 2.80296778679, -11.5805950165, 2.25506806374, -7.49528503418],
        "cov": [[22197.5019531, 1816.5736084, 127.4115448, 1371.10571289, 91.272605896, 761.771484375, 309.463806152, 621.26373291, -319.48550415, 181.201095581, -402.799041748, 125.878326416, -13.7887372971], [1816.5736084, 1748.07751465, -184.609069824, -53.1587028503, 458.882843018, -136.635482788, 411.092163086, -2.30636096001, 144.829803467, -39.0582389832, 106.975860596, -28.117816925, 130.972198486], [127.4115448, -184.609069824, 1889.52661133, 647.153991699, 321.873168945, 668.674377441, 109.897270203, 300.829040527, 15.5837678909, 194.491134644, -51.45860672, 82.0721969604, -46.3812942505], [1371.10571289, -53.1587028503, 647.153991699, 819.782592773, 215.353851318, 248.530395508, 138.635635376, 146.842132568, -12.1590442657, 78.0928649902, -36.5406341553, 29.1558799744, -6.34852457047], [91.272605896, 458.882843018, 321.873168945, 215.353851318, 581.380249023, 138.237014771, 262.669128418, 70.8269958496, 32.4692192078, 43.791431427, 28.4131736755, 27.1400299072, 49.6198501587], [761.771484375, -136.635482788, 668.674377441, 248.530395508, 138.237014771, 614.402160645, 139.088562012, 202.713897705, 37.7617607117, 138.622070312, 3.45104455948, 64.0767745972, -19.5141620636], [309.463806152, 411.092163086, 109.897270203, 138.635635376, 262.669128418, 139.088562012, 431.453521729, 122.678871155, 67.2050552368, 37.0499458313, 19.543302536, 18.5695209503, 73.010559082], [621.26373291, -2.30636096001, 300.829040527, 146.842132568, 70.8269958496, 202.713897705, 122.678871155, 248.430267334, 75.4533843994, 62.2405090332, -6.66752767563, 38.5254325867, 14.5759019852], [-319.48550415, 144.829803467, 15.5837678909, -12.1590442657, 32.4692192078, 37.7617607117, 67.2050552368, 75.4533843994, 176.475357056, 45.6815109253, 46.9643592834, 5.82485151291, 32.7421035767], [181.201095581, -39.0582389832, 194.491134644, 78.0928649902, 43.791431427, 138.622070312, 37.0499458313, 62.2405090332, 45.6815109253, 143.828918457, 33.2308578491, 32.5216369629, -4.02268743515], [-402.799041748, 106.975860596, -51.45860672, -36.5406341553, 28.4131736755, 3.45104455948, 19.543302536, -6.66752767563, 46.9643592834, 33.2308578491, 141.353057861, 46.7514533997, 26.0300102234], [125.878326416, -28.117816925, 82.0721969604, 29.1558799744, 27.1400299072, 64.0767745972, 18.5695209503, 38.5254325867, 5.82485151291, 32.5216369629, 46.7514533997, 109.104484558, 43.4968643188], [-13.7887372971, 130.972198486, -46.3812942505, -6.34852457047, 49.6198501587, -19.5141620636, 73.010559082, 14.5759019852, 32.7421035767, -4.02268743515, 26.0300102234, 43.4968643188, 100.335739136]],
        "icov": [[0.000127662060549, -0.000352174101863, 0.000221701877308, -0.000284212670522, 0.000202712602913, -0.000259137450485, 0.000281464803265, -0.000422844925197, 0.000502568553202, -0.00031125775422, 0.000542187830433, -0.000329291447997, 9.33323972276e-05], [-0.000352174101863, 0.00202677818015, -0.000647361390293, 0.000933425209951, -0.00116710748989, 0.00102521688677, -0.00148144655395, 0.00136962905526, -0.00187912618276, 0.00122752098832, -0.00209282222204, 0.00155145779718, -0.000745840836316], [0.000221701877308, -0.000647361390293, 0.0015689508291, -0.000996265327558, -7.62729978305e-05, -0.00129357690457, 0.00102168810554, -0.00122047355399, 0.000976096140221, -0.000930955226067, 0.00137700338382, -0.000826082366984, 0.000402745354222], [-0.000284212670522, 0.000933425209951, -0.000996265327558, 0.00247383443639, -0.00080537435133, 0.000721215852536, -0.00100887846202, 0.000560229062103, -0.000712710665539, 0.000453090324299, -0.00103751325514, 0.000840652501211, -0.000214740328374], [0.000202712602913, -0.00116710748989, -7.62729978305e-05, -0.00080537435133, 0.00341085996479, -0.000471121165901, -0.000741296971682, -0.000206171229365, 0.0011327737011, -0.00067251897417, 0.000684558588546, -0.000799561559688, 2.84601155727e-05], [-0.000259137450485, 0.00102521688677, -0.00129357690457, 0.000721215852536, -0.000471121165901, 0.00410519121215, -0.00154774822295, -0.000273418991128, -0.000882325053681, -0.000698372256011, -0.00126269098837, -0.000164719938766, 0.000930066569708], [0.000281464803265, -0.00148144655395, 0.00102168810554, -0.00100887846202, -0.000741296971682, -0.00154774822295, 0.00544911809266, -0.00262135337107, 0.00136231060605, -0.0010471213609, 0.00140844949055, 0.000381074089091, -0.00215493980795], [-0.000422844925197, 0.00136962905526, -0.00122047355399, 0.000560229062103, -0.000206171229365, -0.000273418991128, -0.00262135337107, 0.00919091608375, -0.0049043931067, 0.0011207961943, -6.35557353235e-06, -0.0012152036652, 0.00042021551053], [0.000502568553202, -0.00187912618276, 0.000976096140221, -0.000712710665539, 0.0011327737011, -0.000882325053681, 0.00136231060605, -0.0049043931067, 0.0110437944531, -0.0036692332942, -0.000565991562326, 0.00187081738841, -0.00249772565439], [-0.00031125775422, 0.00122752098832, -0.000930955226067, 0.000453090324299, -0.00067251897417, -0.000698372256011, -0.0010471213609, 0.0011207961943, -0.0036692332942, 0.0115021625534, -0.00317209539935, -0.000905986875296, 0.00162331294268], [0.000542187830433, -0.00209282222204, 0.00137700338382, -0.00103751325514, 0.000684558588546, -0.00126269098837, 0.00140844949055, -6.35557353235e-06, -0.000565991562326, -0.00317209539935, 0.0130493203178, -0.00675091706216, 0.00136792962439], [-0.000329291447997, 0.00155145779718, -0.000826082366984, 0.000840652501211, -0.000799561559688, -0.000164719938766, 0.000381074089091, -0.0012152036652, 0.00187081738841, -0.000905986875296, -0.00675091706216, 0.017500936985, -0.0086188102141], [9.33323972276e-05, -0.000745840836316, 0.000402745354222, -0.000214740328374, 2.84601155727e-05, 0.000930066569708, -0.00215493980795, 0.00042021551053, -0.00249772565439, 0.00162331294268, 0.00136792962439, -0.0086188102141, 0.0170610044152]]
    },
    "melbands": {
        "dmean": [0.00182113901246, 0.00173713394906, 0.00115497712977, 0.000522592279594, 0.000225549563766, 0.000193396292161, 0.000152837703354, 0.000133001842187, 9.87757302937e-05, 0.000261423498159, 0.00017253216356, 0.00012373852951, 0.00017503577692, 7.19518284313e-05, 5.45923940081e-05, 5.9549438447e-05, 4.74103908346e-05, 2.69826578005e-05, 2.38078773691e-05, 2.99708790408e-05, 1.98535162781e-05, 1.79582184501e-05, 1.59560586326e-05, 1.31041842906e-05, 1.06201687231e-05, 8.15120347397e-06, 5.50639879293e-06, 6.98516578268e-06, 5.31057958142e-06, 3.52983647645e-06, 2.09619724956e-06, 1.50364337514e-06, 1.19503783935e-06, 1.06840991521e-06, 9.39109156661e-07, 8.25572612939e-07, 6.18065996605e-07, 6.33858576293e-07, 5.21878632753e-07, 4.13613491901e-07],
        "dmean2": [0.00297781219706, 0.00292259897105, 0.00212523457594, 0.000955504481681, 0.000390171830077, 0.000315858313115, 0.000248966854997, 0.000212784929317, 0.000160808747751, 0.000414126960095, 0.000269344309345, 0.000199712070753, 0.000282458291622, 0.000109912376502, 8.07567630545e-05, 8.95787234185e-05, 7.31147956685e-05, 4.25374819315e-05, 3.82499274565e-05, 4.54071778222e-05, 3.20293111145e-05, 2.82424152829e-05, 2.485537334e-05, 2.03716444958e-05, 1.68060996657e-05, 1.35058735395e-05, 8.86898214958e-06, 1.15813918455e-05, 9.12346877158e-06, 5.92085098106e-06, 3.46484216607e-06, 2.44776060754e-06, 1.93101595869e-06, 1.81677103228e-06, 1.62340006682e-06, 1.36474750434e-06, 1.05302558495e-06, 1.09895916012e-06, 8.89807608928e-07, 7.0081063086e-07],
        "dvar": [1.41869040817e-05, 2.38863558479e-05, 9.71269400907e-06, 2.29125589613e-06, 2.68575377049e-07, 1.19709639534e-07, 1.06503620145e-07, 8.05385695912e-08, 7.15039902843e-08, 4.33321332594e-07, 2.44275838668e-07, 1.22234311561e-07, 2.27451948831e-07, 2.52911025456e-08, 2.44677966776e-08, 2.72932663137e-08, 1.65488600601e-08, 3.50975848384e-09, 3.31182903324e-09, 4.27145563364e-09, 1.65294833376e-09, 1.65632774163e-09, 1.08300968193e-09, 8.81426709398e-10, 4.67739402765e-10, 2.43160463986e-10, 1.11833715899e-10, 4.62938742896e-10, 1.77249798172e-10, 6.87749024397e-11, 2.6529264896e-11, 1.07336214569e-11, 6.12392645274e-12, 8.90398432069e-12, 6.60117316711e-12, 4.71688313408e-12, 2.8943546778e-12, 3.14627534095e-12, 2.06464467918e-12, 1.43284299356e-12],
        "dvar2": [3.54002659151e-05, 6.34901734884e-05, 2.73605346592e-05, 6.45845875624e-06, 7.4964691521e-07, 2.9713109484e-07, 2.59560692939e-07, 1.9372639315e-07, 1.70534789845e-07, 1.02144463199e-06, 5.43380565432e-07, 3.04817973529e-07, 6.03606338245e-07, 5.37838573678e-08, 4.38836664785e-08, 5.50474972272e-08, 3.6303340778e-08, 7.86536880071e-09, 8.25509971492e-09, 9.11949715743e-09, 4.24082280404e-09, 3.98477162378e-09, 2.59983767847e-09, 2.02791450299e-09, 1.07180375686e-09, 6.31529439854e-10, 2.70180350315e-10, 1.18294363194e-09, 4.96408525397e-10, 1.82850540265e-10, 6.77108508151e-11, 2.79132914699e-11, 1.5633607256e-11, 2.44348239559e-11, 1.81009669059e-11, 1.23063920165e-11, 7.86761020916e-12, 8.64944661033e-12, 5.56935227103e-12, 3.81203532282e-12],
        "max": [0.0428995154798, 0.0384631305933, 0.0215220525861, 0.0162848737091, 0.00679745478556, 0.00640659406781, 0.00742078851908, 0.00749931531027, 0.00711346184835, 0.0096995299682, 0.01049461402, 0.0060374699533, 0.0106579801068, 0.00283752917312, 0.00586214894429, 0.00589246023446, 0.00420687068254, 0.00168244715314, 0.00172945321538, 0.00162538723089, 0.00083683693083, 0.0013219473185, 0.000554965867195, 0.000930668320507, 0.000607961788774, 0.000285377231194, 0.00022128612909, 0.000928131456021, 0.000220446963795, 0.000187078519957, 0.000163622724358, 5.35792496521e-05, 3.34144060616e-05, 3.44332293025e-05, 2.55378381553e-05, 2.2640602765e-05, 2.06973400054e-05, 2.03363997571e-05, 1.6489155314e-05, 1.17011923066e-05],
        "mean": [0.00205087661743, 0.00171098159626, 0.000803997565527, 0.000400000455556, 0.000244991213549, 0.000258223153651, 0.000212388797081, 0.000188193807844, 0.000132138302433, 0.000380436889827, 0.000237557498622, 0.000166771831573, 0.000244384893449, 0.000101229554275, 7.4099531048e-05, 8.74649340403e-05, 6.57808559481e-05, 3.41243903677e-05, 2.87241036858e-05, 4.28358871432e-05, 2.35139505094e-05, 2.39063701883e-05, 2.12193972402e-05, 1.80646911758e-05, 1.3877348465e-05, 1.01888290374e-05, 7.1720573942e-06, 8.21491448733e-06, 5.80237883696e-06, 4.1107978177e-06, 2.54009273704e-06, 1.78813365892e-06, 1.42602732467e-06, 1.01685930076e-06, 8.27232724987e-07, 7.68625341152e-07, 5.28850421233e-07, 5.4271214367e-07, 4.55955131429e-07, 3.71355582729e-07],
        "median": [0.000163157092175, 0.000257496431004, 9.39893361647e-05, 7.766422641e-05, 8.75823170645e-05, 0.000100012875919, 8.58049315866e-05, 7.05989950802e-05, 4.37230919488e-05, 5.51063239982e-05, 4.62563511974e-05, 3.06831607304e-05, 5.81868844165e-05, 3.08970265905e-05, 1.93810155906e-05, 2.12908089452e-05, 1.50912001118e-05, 1.24676298583e-05, 9.62542435445e-06, 1.22808896776e-05, 8.59883948578e-06, 8.59501415107e-06, 7.00284454069e-06, 5.49332980881e-06, 4.49265962743e-06, 3.75446688849e-06, 2.55781901615e-06, 1.94008339349e-06, 1.3550118183e-06, 1.05474862266e-06, 7.50534127292e-07, 5.46465514617e-07, 4.45335501809e-07, 1.68940957224e-07, 1.43920829032e-07, 1.09880581078e-07, 5.81634758134e-08, 7.85571714346e-08, 4.2846735937e-08, 4.79325095171e-08],
        "min": [1.36940405715e-24, 2.50995345202e-24, 8.32472883151e-25, 1.16641851054e-24, 1.69647988934e-24, 1.66885496652e-24, 2.04427249081e-24, 2.18876735395e-24, 1.81067460512e-24, 1.99243012984e-24, 2.99256534042e-24, 2.11789549858e-24, 2.65518037809e-24, 2.96714035344e-24, 3.37996960616e-24, 3.16966914959e-24, 2.90391926556e-24, 2.98218452255e-24, 3.77602156236e-24, 4.99427208007e-24, 4.4651554608e-24, 3.69202996406e-24, 3.34099041111e-24, 4.14386030272e-24, 5.47182835613e-24, 4.6902904467e-24, 5.117605355e-24, 4.84185350356e-24, 4.50113540669e-24, 5.66794548806e-24, 4.81515135078e-24, 4.51963458935e-24, 5.07366777473e-24, 5.55875491143e-24, 6.08588399565e-24, 6.61897371286e-24, 6.85324252474e-24, 6.0584738402e-24, 7.1539263251e-24, 4.48838386459e-24],
        "var": [1.64342691278e-05, 1.91127055587e-05, 5.92675496591e-06, 1.45408978369e-06, 2.36438026491e-07, 1.95092681565e-07, 1.60389660664e-07, 1.20474098253e-07, 9.44053653029e-08, 8.06919558727e-07, 3.79804788508e-07, 1.74095717398e-07, 2.66919414571e-07, 4.05144859883e-08, 4.98008070338e-08, 6.04843393148e-08, 3.82758145179e-08, 6.05172267854e-09, 3.76252451417e-09, 8.7388629666e-09, 1.89447679766e-09, 2.28941732239e-09, 1.56152568653e-09, 1.43447642653e-09, 7.85005893622e-10, 2.9978122762e-10, 1.6450493745e-10, 5.72407232724e-10, 1.75766803889e-10, 7.99256980044e-11, 3.05441609505e-11, 1.18701680429e-11, 6.68511643612e-12, 6.90748500065e-12, 4.87644169836e-12, 4.03848395697e-12, 2.20338157442e-12, 2.26167717367e-12, 1.59793500046e-12, 1.12466719965e-12]
    },
    "mfcc": {
        "mean": [-680.321472168, 120.490028381, -27.811170578, 13.5130796432, -6.06448745728, -1.08634138107, -0.241228610277, 1.59021866322, -1.02135622501, -1.55471837521, -0.60228651762, 0.159559026361, 1.15348803997],
        "cov": [[10857.4804688, 1405.00793457, 627.43951416, 1120.38305664, 263.148895264, 571.801147461, 552.676879883, 488.435852051, 557.987121582, 168.225021362, 11.5729837418, 122.379577637, -2.73697042465], [1405.00793457, 1673.57128906, -270.980010986, 143.989059448, 39.5825233459, 61.680973053, 210.214080811, 105.425354004, 167.639785767, 33.4497566223, 40.4830932617, 77.7936553955, 74.1570358276], [627.43951416, -270.980010986, 1284.94885254, 216.556045532, 323.991241455, 355.440734863, 173.582992554, 185.829711914, 141.676193237, 141.222473145, 123.990509033, 65.7340316772, 51.4723052979], [1120.38305664, 143.989059448, 216.556045532, 679.315856934, 173.175323486, 169.942398071, 192.343902588, 117.217597961, 141.262466431, 51.2767753601, 10.2873191833, 37.9218330383, 9.69957923889], [263.148895264, 39.5825233459, 323.991241455, 173.175323486, 386.333129883, 169.214294434, 125.2578125, 83.9156723022, 47.9260864258, 51.757648468, 35.394153595, 36.5956039429, 40.8828010559], [571.801147461, 61.680973053, 355.440734863, 169.942398071, 169.214294434, 382.004150391, 226.191299438, 128.568161011, 138.254928589, 76.7841110229, 77.1436309814, 64.4803085327, 54.1373023987], [552.676879883, 210.214080811, 173.582992554, 192.343902588, 125.2578125, 226.191299438, 325.084411621, 157.803390503, 137.412490845, 66.5241165161, 47.9215240479, 48.2223815918, 32.8286361694], [488.435852051, 105.425354004, 185.829711914, 117.217597961, 83.9156723022, 128.568161011, 157.803390503, 221.567382812, 147.330337524, 64.2691497803, 53.2956924438, 46.8787460327, 38.2783126831], [557.987121582, 167.639785767, 141.676193237, 141.262466431, 47.9260864258, 138.254928589, 137.412490845, 147.330337524, 240.315231323, 95.3654022217, 52.7777404785, 52.9055671692, 20.8991527557], [168.225021362, 33.4497566223, 141.222473145, 51.2767753601, 51.757648468, 76.7841110229, 66.5241165161, 64.2691497803, 95.3654022217, 130.411560059, 69.0485076904, 22.4011898041, 10.8075170517], [11.5729837418, 40.4830932617, 123.990509033, 10.2873191833, 35.394153595, 77.1436309814, 47.9215240479, 53.2956924438, 52.7777404785, 69.0485076904, 125.824996948, 62.4789352417, 24.2697677612], [122.379577637, 77.7936553955, 65.7340316772, 37.9218330383, 36.5956039429, 64.4803085327, 48.2223815918, 46.8787460327, 52.9055671692, 22.4011898041, 62.4789352417, 119.044769287, 65.3153533936], [-2.73697042465, 74.1570358276, 51.4723052979, 9.69957923889, 40.8828010559, 54.1373023987, 32.8286361694, 38.2783126831, 20.8991527557, 10.8075170517, 24.2697677612, 65.3153533936, 118.543167114]],
