{
"lowlevel": {
    "average_loudness": 0.920039176941,
    "barkbands_crest": {
        "dmean": 2.74562597275,
        "dmean2": 4.44208717346,
        "dvar": 8.15288162231,
        "dvar2": 20.1148509979,
        "max": 26.6777572632,
        "mean": 13.729675293,
        "median": 13.2474822998,
        "min": 3.02399086952,
        "var": 23.6698265076
    },
    "barkbands_flatness_db": {
        "dmean": 0.0267894119024,
        "dmean2": 0.0389575846493,
        "dvar": 0.000872341392096,
        "dvar2": 0.00176973233465,
        "max": 0.619794726372,
        "mean": 0.216008841991,
        "median": 0.212500959635,
        "min": 0.0315738134086,
        "var": 0.00452050520107
    },
    "barkbands_kurtosis": {
        "dmean": 6.9065489769,
        "dmean2": 10.6139335632,
        "dvar": 522.179260254,
        "dvar2": 1040.50500488,
        "max": 1368.34545898,
        "mean": 12.1735973358,
        "median": 2.90296697617,
        "min": -1.95070970058,
        "var": 2152.31958008
    },
    "barkbands_skewness": {
        "dmean": 0.771922826767,
        "dmean2": 1.14356982708,
        "dvar": 0.968705117702,
        "dvar2": 2.05991911888,
        "max": 30.980922699,
        "mean": 2.05226492882,
        "median": 1.57885909081,
        "min": -5.04651403427,
        "var": 4.93210458755
    },
    "barkbands_spread": {
        "dmean": 3.77733612061,
        "dmean2": 5.84939908981,
        "dvar": 30.3944797516,
        "dvar2": 67.6245803833,
        "max": 140.357254028,
        "mean": 13.2652463913,
        "median": 11.1999340057,
        "min": 0.0814547762275,
        "var": 134.583358765
    },
    "dissonance": {
        "dmean": 0.0289976280183,
        "dmean2": 0.048666536808,
        "dvar": 0.000766210199799,
        "dvar2": 0.00204144301824,
        "max": 0.500000178814,
        "mean": 0.44108787179,
        "median": 0.452047944069,
        "min": 0.174611523747,
        "var": 0.00189137214329
    },
    "dynamic_complexity": 3.37760591507,
    "erbbands_crest": {
        "dmean": 3.15768623352,
        "dmean2": 4.99541568756,
        "dvar": 10.5124454498,
        "dvar2": 24.585193634,
        "max": 33.951171875,
        "mean": 12.7398395538,
        "median": 11.3080873489,
        "min": 2.33190584183,
        "var": 39.0393333435
    },
    "erbbands_flatness_db": {
        "dmean": 0.0224176142365,
        "dmean2": 0.031518638134,
        "dvar": 0.000612973701209,
        "dvar2": 0.00110654486343,
        "max": 0.484478533268,
        "mean": 0.204870596528,
        "median": 0.201063409448,
        "min": 0.0269031301141,
        "var": 0.00472262501717
    },
    "erbbands_kurtosis": {
        "dmean": 1.79497671127,
        "dmean2": 2.74959826469,
        "dvar": 10.1743383408,
        "dvar2": 21.6253852844,
        "max": 110.795982361,
        "mean": 2.56255292892,
        "median": 0.648996591568,
        "min": -1.91032636166,
        "var": 46.3239326477
    },
    "erbbands_skewness": {
        "dmean": 0.462321728468,
        "dmean2": 0.696656405926,
        "dvar": 0.22920435667,
        "dvar2": 0.492255628109,
        "max": 7.78943490982,
        "mean": 0.327266544104,
        "median": 0.325158894062,
        "min": -4.24008893967,
        "var": 1.23192703724
    },
    "erbbands_spread": {
        "dmean": 7.29700469971,
        "dmean2": 10.8502979279,
        "dvar": 87.5058441162,
        "dvar2": 183.227035522,
        "max": 183.667724609,
        "mean": 28.1837520599,
        "median": 24.2322559357,
        "min": 0.718712151051,
        "var": 366.613708496
    },
    "hfc": {
        "dmean": 5.34178972244,
        "dmean2": 7.82933044434,
        "dvar": 74.9089813232,
        "dvar2": 161.70501709,
        "max": 105.591407776,
        "mean": 15.3418598175,
        "median": 11.1233377457,
        "min": 1.09311613546e-16,
        "var": 216.397354126
    },
    "melbands_crest": {
        "dmean": 2.95595049858,
        "dmean2": 4.75812101364,
        "dvar": 9.66993141174,
        "dvar2": 23.6093235016,
        "max": 34.2448272705,
        "mean": 17.3988933563,
        "median": 17.3443374634,
        "min": 1.47598576546,
        "var": 30.8956394196
    },
    "melbands_flatness_db": {
        "dmean": 0.0312462113798,
        "dmean2": 0.0446517206728,
        "dvar": 0.0012032102095,
        "dvar2": 0.00235031498596,
        "max": 0.793011367321,
        "mean": 0.310805767775,
        "median": 0.307003438473,
        "min": 0.00154092232697,
        "var": 0.00677512492985
    },
    "melbands_kurtosis": {
        "dmean": 11.9012832642,
        "dmean2": 18.2322769165,
        "dvar": 605.25201416,
        "dvar2": 1319.1862793,
        "max": 750.746398926,
        "mean": 22.4182949066,
        "median": 7.7088508606,
        "min": -1.87800228596,
        "var": 1699.36608887
    },
    "melbands_skewness": {
        "dmean": 0.912984073162,
        "dmean2": 1.35212695599,
        "dvar": 1.16138863564,
        "dvar2": 2.42557430267,
        "max": 19.9113197327,
        "mean": 2.96791005135,
        "median": 2.47714519501,
        "min": -4.49956321716,
        "var": 5.65184688568
    },
    "melbands_spread": {
        "dmean": 4.2821764946,
        "dmean2": 6.58393383026,
        "dvar": 38.7342605591,
        "dvar2": 81.0766448975,
        "max": 177.497970581,
        "mean": 14.1590442657,
        "median": 11.2926216125,
        "min": 0.255738377571,
        "var": 190.113815308
    },
    "pitch_salience": {
        "dmean": 0.0724445581436,
        "dmean2": 0.11868417263,
        "dvar": 0.00590600119904,
        "dvar2": 0.014611557126,
        "max": 0.961248040199,
        "mean": 0.446254998446,
        "median": 0.451487630606,
        "min": 0.06771504879,
        "var": 0.0155246295035
    },
    "silence_rate_20dB": {
        "dmean": 0,
        "dmean2": 0,
        "dvar": 0,
        "dvar2": 0,
        "max": 1,
        "mean": 1,
        "median": 1,
        "min": 1,
        "var": 0
    },
    "silence_rate_30dB": {
        "dmean": 0.0450614467263,
        "dmean2": 0.0901331529021,
        "dvar": 0.0430343784392,
        "dvar2": 0.0927025601268,
        "max": 1,
        "mean": 0.950278759003,
        "median": 1,
        "min": 0,
        "var": 0.0472485348582
    },
    "silence_rate_60dB": {
        "dmean": 0.0186618119478,
        "dmean2": 0.0373278707266,
        "dvar": 0.0183150973171,
        "dvar2": 0.0393474698067,
        "max": 1,
        "mean": 0.0762316510081,
        "median": 0,
        "min": 0,
        "var": 0.0704135149717
    },
    "spectral_centroid": {
        "dmean": 174.713668823,
        "dmean2": 265.835021973,
        "dvar": 62949.7734375,
        "dvar2": 131639.390625,
        "max": 11730.0458984,
        "mean": 863.238586426,
        "median": 736.187683105,
        "min": 88.4340209961,
        "var": 606499.5
    },
    "spectral_complexity": {
        "dmean": 2.50614476204,
        "dmean2": 3.95470571518,
        "dvar": 7.51499271393,
        "dvar2": 16.7374763489,
        "max": 51,
        "mean": 12.5023326874,
        "median": 12,
        "min": 0,
        "var": 35.5253334045
    },
    "spectral_decrease": {
        "dmean": 3.96272081815e-09,
        "dmean2": 6.06849681617e-09,
        "dvar": 5.06737229084e-17,
        "dvar2": 1.09464370644e-16,
        "max": 1.54675622731e-28,
        "mean": -1.06666320221e-08,
        "median": -8.79653150321e-09,
        "min": -6.7551169991e-08,
        "var": 8.96630365911e-17
    },
    "spectral_energy": {
        "dmean": 0.015331543982,
        "dmean2": 0.0234266035259,
        "dvar": 0.000743961136322,
        "dvar2": 0.00160983076785,
        "max": 0.258235067129,
        "mean": 0.0416499041021,
        "median": 0.0344321019948,
        "min": 1.0006255236e-20,
        "var": 0.00133138685487
    },
    "spectral_energyband_high": {
        "dmean": 0.000128656931338,
        "dmean2": 0.00019105944375,
        "dvar": 1.83377011354e-07,
        "dvar2": 4.0395019596e-07,
        "max": 0.00607869774103,
        "mean": 0.000176876710611,
        "median": 3.03204797092e-05,
        "min": 7.13796607233e-21,
        "var": 2.41346242547e-07
    },
    "spectral_energyband_low": {
        "dmean": 0.0102039761841,
        "dmean2": 0.0154085429385,
        "dvar": 0.000490474631079,
        "dvar2": 0.00100899569225,
        "max": 0.225462734699,
        "mean": 0.0239717327058,
        "median": 0.0175795517862,
        "min": 1.22291552556e-23,
        "var": 0.000818355765659
    },
    "spectral_energyband_middle_high": {
        "dmean": 0.00207027839497,
        "dmean2": 0.0030868051108,
        "dvar": 1.79002836376e-05,
        "dvar2": 3.90686727769e-05,
        "max": 0.0857823118567,
        "mean": 0.00510350801051,
        "median": 0.00222976435907,
        "min": 1.26435000915e-21,
        "var": 6.14002128714e-05
    },
    "spectral_energyband_middle_low": {
        "dmean": 0.00869887322187,
        "dmean2": 0.0146949449554,
        "dvar": 0.000345772918081,
        "dvar2": 0.000947199936491,
        "max": 0.157840594649,
        "mean": 0.0139294937253,
        "median": 0.00741292303428,
        "min": 1.50612593064e-22,
        "var": 0.000342121056747
    },
    "spectral_entropy": {
        "dmean": 0.219276890159,
        "dmean2": 0.322218209505,
        "dvar": 0.0620821006596,
        "dvar2": 0.128279209137,
        "max": 9.81774616241,
        "mean": 6.95554256439,
        "median": 6.94818305969,
        "min": 4.00175094604,
        "var": 0.315905123949
    },
    "spectral_flux": {
        "dmean": 0.0371716096997,
        "dmean2": 0.0564042814076,
        "dvar": 0.00279695657082,
        "dvar2": 0.00500960089266,
        "max": 0.470438420773,
        "mean": 0.0880227088928,
        "median": 0.062044095248,
        "min": 6.41751790598e-11,
        "var": 0.00596021767706
    },
    "spectral_kurtosis": {
        "dmean": 4.35151720047,
        "dmean2": 7.24036931992,
        "dvar": 37.3519554138,
        "dvar2": 97.1563568115,
        "max": 119.818824768,
        "mean": 10.9070043564,
        "median": 8.71555042267,
        "min": -1.2966145277,
        "var": 94.1702728271
    },
    "spectral_rms": {
        "dmean": 0.00104202853981,
        "dmean2": 0.0015425067395,
        "dvar": 2.33605624089e-06,
        "dvar2": 4.83345002067e-06,
        "max": 0.0158725120127,
        "mean": 0.00578335253522,
        "median": 0.00579588627443,
        "min": 3.12445208595e-12,
        "var": 7.18671799405e-06
    },
    "spectral_rolloff": {
        "dmean": 216.915039062,
        "dmean2": 366.869354248,
        "dvar": 244704.59375,
        "dvar2": 498059.8125,
        "max": 19530.6152344,
        "mean": 883.439208984,
        "median": 559.86328125,
        "min": 64.599609375,
        "var": 2806020.5
    },
    "spectral_skewness": {
        "dmean": 0.410736739635,
        "dmean2": 0.66141551733,
        "dvar": 0.209948539734,
        "dvar2": 0.526550531387,
        "max": 8.9899187088,
        "mean": 2.32164263725,
        "median": 2.2263982296,
        "min": -0.0704640671611,
        "var": 0.740686357021
    },
    "spectral_spread": {
        "dmean": 581598.875,
        "dmean2": 824975.9375,
        "dvar": 886234939392,
        "dvar2": 1.66477378355e+12,
        "max": 48584468,
        "mean": 3705733.5,
        "median": 2946479.5,
        "min": 692440.5,
        "var": 9.16756155597e+12
    },
    "spectral_strongpeak": {
        "dmean": 0.511554837227,
        "dmean2": 0.869089782238,
        "dvar": 1.11318862438,
        "dvar2": 2.57417964935,
        "max": 14.667640686,
        "mean": 1.00624167919,
        "median": 0.475967824459,
        "min": 0,
        "var": 2.32048726082
    },
    "zerocrossingrate": {
        "dmean": 0.00686466321349,
        "dmean2": 0.00787423644215,
        "dvar": 0.000115526527225,
        "dvar2": 0.000138003466418,
        "max": 0.69384765625,
        "mean": 0.0344962440431,
        "median": 0.02734375,
        "min": 0.00244140625,
        "var": 0.00175432313699
    },
    "barkbands": {
        "dmean": [0.00049577554455, 0.00833169464022, 0.00307563156821, 0.00312341935933, 0.00381933292374, 0.00102890585549, 0.000784712552559, 0.000951843394432, 0.000791320460849, 0.000697271956597, 0.000656684278511, 0.000365897576557, 0.000395851297071, 0.000321443920257, 0.000339060410624, 0.000168306258274, 9.65117724263e-05, 7.6377968071e-05, 6.05436143815e-05, 2.76660248346e-05, 2.09278568946e-05, 3.22882333421e-05, 1.71501978912e-05, 1.52176535266e-05, 2.17065917241e-05, 2.21556438191e-05, 5.33704542249e-06],
        "dmean2": [0.000850766838994, 0.0130882216617, 0.00540235824883, 0.00567980855703, 0.00663447100669, 0.0016702641733, 0.00123291264754, 0.00144852499943, 0.00120334804524, 0.0010563650867, 0.00109058723319, 0.000603982887696, 0.000576318998355, 0.000471139326692, 0.000490685051773, 0.000257364445133, 0.000151132873725, 0.000114633046906, 9.09618465812e-05, 4.32168744737e-05, 3.28343849105e-05, 5.55409205845e-05, 2.5482951969e-05, 2.11527767533e-05, 3.09600909532e-05, 3.28311216435e-05, 8.16110878077e-06],
        "dvar": [1.02013314063e-06, 0.000389574677683, 0.0001024021185, 0.000106052713818, 0.000130677901325, 6.76021727486e-06, 5.13385020895e-06, 5.22313257534e-06, 5.07189542986e-06, 6.24756376055e-06, 5.01666227137e-06, 1.15518946586e-06, 2.15331942854e-06, 1.57239105647e-06, 1.76998037205e-06, 3.72081132127e-07, 1.16247782955e-07, 5.29781409853e-08, 2.18238760397e-08, 5.74737812897e-09, 3.06596792399e-09, 2.19920579525e-08, 3.48794193528e-09, 2.41260722511e-09, 5.0045936284e-09, 8.60363691402e-09, 6.115155049e-10],
        "dvar2": [2.73219666269e-06, 0.000903839652892, 0.000287943665171, 0.00030350490124, 0.000357813958544, 1.46323027366e-05, 1.09036191134e-05, 1.16340952445e-05, 1.15751772682e-05, 1.23059653561e-05, 1.24815996969e-05, 2.89761442218e-06, 4.18192939833e-06, 2.77600952359e-06, 3.40350788974e-06, 7.55072164793e-07, 2.87108946395e-07, 1.05884396362e-07, 4.37005631682e-08, 1.44720315731e-08, 7.27522131427e-09, 6.23967224556e-08, 7.77467601409e-09, 4.55054838255e-09, 1.01925232698e-08, 1.9505987936e-08, 1.37553535229e-09],
        "max": [0.0198098160326, 0.212717652321, 0.115445539355, 0.102917969227, 0.125926554203, 0.0588434077799, 0.06957808882, 0.0554080419242, 0.0575999803841, 0.0936916023493, 0.0396869257092, 0.0369468927383, 0.0500655025244, 0.0463115535676, 0.0422028154135, 0.0225294269621, 0.0132019035518, 0.00770253501832, 0.00442860927433, 0.00295202364214, 0.00122168741655, 0.0024347959552, 0.000794650462922, 0.000643785228021, 0.000997995724902, 0.001290135202, 0.000363329570973],
        "mean": [0.000589831208345, 0.0176094211638, 0.00464038969949, 0.00282125268131, 0.00364228151739, 0.00186060310807, 0.00131933973171, 0.00203354586847, 0.00150655547623, 0.001460356405, 0.000866300717462, 0.000555889739189, 0.000747853191569, 0.000527887081262, 0.000589174334891, 0.000281516520772, 0.000149077139213, 0.000132769389893, 0.000110782610136, 4.53756510979e-05, 2.63006113528e-05, 3.24911998177e-05, 2.19063167606e-05, 2.15970976569e-05, 2.89051495201e-05, 2.35366169363e-05, 4.91705259265e-06],
        "median": [0.000191340484889, 0.01152253896, 0.00267978734337, 0.000584081280977, 0.000893493648618, 0.00057022110559, 0.000433182518464, 0.000307561916998, 0.000269494543318, 0.000214425017475, 0.000155280387844, 0.000158736656886, 0.000143515979289, 8.91674062586e-05, 6.60754740238e-05, 5.44988070033e-05, 3.65594860341e-05, 2.7981815947e-05, 2.48259075306e-05, 1.43689467222e-05, 6.64902700009e-06, 3.87954605685e-06, 2.45386468123e-06, 2.13700081986e-06, 1.63327661085e-06, 6.35594005871e-07, 6.34050536519e-08],
        "min": [9.07537041195e-25, 3.52400811327e-24, 1.84603430912e-24, 3.03331158389e-24, 1.53366582215e-23, 8.01106629711e-24, 5.27034420904e-24, 9.62122054595e-24, 1.86088832331e-23, 2.33976807132e-23, 2.91890020747e-23, 1.79493497624e-23, 3.08423535578e-23, 5.67712207031e-23, 6.29055293199e-23, 6.38685202259e-23, 9.38599011262e-23, 8.75768385863e-23, 1.74148996545e-22, 2.16634987551e-22, 2.27256917599e-22, 2.91880907825e-22, 4.0812411867e-22, 5.85618226242e-22, 9.30250729805e-22, 1.25453208614e-21, 2.0936664279e-21],
        "var": [1.30293494749e-06, 0.000542441557627, 7.43791315472e-05, 7.06050122972e-05, 9.34902418521e-05, 1.89874645002e-05, 1.23282179629e-05, 2.64890331891e-05, 1.39010953717e-05, 3.12810043397e-05, 6.85862460159e-06, 1.90915079656e-06, 5.64101492273e-06, 4.74652233606e-06, 5.06181140736e-06, 1.09945995064e-06, 1.90275898149e-07, 1.44661512991e-07, 6.91337262992e-08, 1.08661799558e-08, 3.73082409411e-09, 1.58704693831e-08, 4.48135661912e-09, 4.07134326252e-09, 7.43621342281e-09, 9.14957798415e-09, 6.22374374259e-10]
    },
    "erbbands": {
        "dmean": [0.243590414524, 1.9163030386, 3.4317574501, 7.21025943756, 13.0692825317, 12.1332798004, 8.4832983017, 10.0032682419, 10.2112321854, 18.7497634888, 15.0125188828, 18.2918567657, 20.4694976807, 16.8767223358, 28.2196445465, 13.8624744415, 17.0909290314, 15.798874855, 17.6899986267, 11.858543396, 7.36592626572, 5.01474046707, 4.40701055527, 3.67716193199, 2.14332342148, 1.28714621067, 0.857387065887, 0.795927226543, 0.997692406178, 0.957646131516, 0.479106426239, 0.316388726234, 0.283040821552, 0.224863559008, 0.174201607704, 0.107066161931, 0.0368958637118, 0.0104572800919, 0.000846244511195, 2.77647468465e-05],
        "dmean2": [0.385638475418, 3.03758025169, 5.74625825882, 13.1536026001, 23.40650177, 20.965177536, 14.1166601181, 15.7516002655, 16.1115322113, 29.081035614, 22.9626369476, 27.9228668213, 30.6271266937, 26.7047615051, 48.0095252991, 22.3513526917, 24.3739566803, 22.6430950165, 24.392364502, 17.616443634, 11.3466701508, 7.63737344742, 6.53783416748, 5.45438146591, 3.23276257515, 2.02219080925, 1.34720504284, 1.26614451408, 1.65965974331, 1.62842071056, 0.721247911453, 0.442601114511, 0.388361871243, 0.316028892994, 0.263802558184, 0.161030754447, 0.0545114576817, 0.0156330820173, 0.00129315594677, 4.12282970501e-05],
        "dvar": [0.393355220556, 20.3221874237, 102.676200867, 608.799865723, 1458.57861328, 1503.14978027, 382.185516357, 909.280944824, 1249.39001465, 2025.19775391, 1026.72497559, 3024.390625, 5815.58300781, 3622.42382812, 10795.6855469, 1783.78417969, 3113.63452148, 3382.00927734, 4089.73193359, 2736.0546875, 917.807556152, 225.528381348, 205.284805298, 85.5185394287, 28.3851222992, 16.174654007, 5.28855657578, 4.34811496735, 17.8302211761, 17.5763969421, 2.65883183479, 1.13055872917, 0.774591624737, 0.439561963081, 0.394882261753, 0.196370601654, 0.0217414833605, 0.00210503931157, 1.56233982125e-05, 4.55647741759e-09],
        "dvar2": [0.921435534954, 48.2671470642, 275.037963867, 1749.84240723, 4054.64697266, 4100.83105469, 972.213928223, 1856.90844727, 2500.45336914, 4593.48095703, 2227.43505859, 7023.87060547, 10086.1171875, 8380.81542969, 28962.0410156, 4320.78369141, 5921.05908203, 6402.56689453, 6631.53466797, 5865.57568359, 2101.68237305, 535.32824707, 409.732177734, 166.265991211, 60.2628097534, 44.1673583984, 12.8135643005, 10.4340867996, 49.2269325256, 48.7417869568, 5.82982778549, 2.24417185783, 1.44776380062, 0.839129328728, 0.8926025033, 0.46029523015, 0.0471511110663, 0.00463479897007, 3.54873591277e-05, 9.77381287015e-09],
        "max": [8.12100887299, 43.6999893188, 125.491294861, 235.076889038, 330.030883789, 419.106048584, 237.81842041, 749.20703125, 1252.12512207, 986.45501709, 605.473510742, 1596.52197266, 3585.62524414, 1695.37426758, 1878.45593262, 1825.71594238, 1878.64404297, 2329.13085938, 1790.24157715, 2238.72973633, 1005.9932251, 562.095153809, 406.807312012, 268.430664062, 130.517181396, 187.156829834, 50.0282478333, 37.4551277161, 68.752784729, 63.0420036316, 23.1906070709, 16.3615531921, 14.1704053879, 8.90324211121, 9.94581794739, 6.27686691284, 2.0877020359, 0.611340343952, 0.0578852668405, 0.00089579471387],
        "mean": [0.438191145658, 4.09425544739, 6.50306272507, 7.28833627701, 11.1710586548, 11.8972644806, 11.8239707947, 19.3225746155, 18.5733757019, 37.4091491699, 32.9697723389, 36.5316085815, 47.7888221741, 32.3890647888, 33.6744537354, 23.3866043091, 34.6116027832, 29.9704666138, 33.669631958, 21.5693569183, 12.9684638977, 8.7498254776, 7.98703718185, 7.08770132065, 3.94703602791, 2.14366412163, 1.17263031006, 1.01189613342, 1.06549990177, 0.957221150398, 0.622433006763, 0.441150099039, 0.395290434361, 0.309251219034, 0.207059457898, 0.113452211022, 0.0394679494202, 0.01032990776, 0.000799769826699, 5.9055058955e-05],
        "median": [0.184657618403, 2.76677536964, 3.74240159988, 2.74981927872, 2.15058779716, 2.87325644493, 4.19752454758, 4.94937515259, 7.00179290771, 7.7535367012, 7.02362346649, 8.40490627289, 8.86847305298, 5.95934391022, 7.7094502449, 7.43828058243, 7.95029067993, 6.63161230087, 4.61059713364, 4.01156711578, 3.16979169846, 2.31124353409, 1.99886000156, 1.61464369297, 1.0429725647, 0.699578046799, 0.369395643473, 0.229433909059, 0.144273102283, 0.103102363646, 0.0677357539535, 0.0478937365115, 0.0343336090446, 0.0215544383973, 0.00939085241407, 0.00333104049787, 0.00109239912126, 0.000209173653275, 2.99237362924e-05, 4.12066547142e-05],
        "min": [1.18458963355e-22, 3.97007768473e-22, 3.47167622309e-21, 6.0653696962e-21, 1.97013354654e-20, 4.41359276428e-20, 4.41432591772e-20, 8.82714998564e-20, 8.23929857369e-20, 1.712124669e-19, 2.4286345902e-19, 5.38653759341e-19, 4.12136045211e-19, 1.25617271164e-18, 1.06315352782e-18, 1.41533994248e-18, 1.44439672945e-18, 3.20073484842e-18, 3.14947074355e-18, 3.5936960974e-18, 3.24740231063e-18, 5.42049015223e-18, 5.23429634584e-18, 5.55675450967e-18, 7.83241109286e-18, 1.05892411199e-17, 9.09402779031e-18, 9.22530300788e-18, 9.50552863836e-18, 1.06017820052e-17, 1.19195138082e-17, 1.06559697799e-17, 1.08965784222e-17, 9.75501623727e-18, 6.51898724647e-18, 4.73517763218e-18, 2.1210056551e-18, 9.44467792378e-19, 2.48238245996e-19, 2.71271006142e-20],
        "var": [0.513994693756, 28.0989723206, 94.7364959717, 384.857452393, 996.719848633, 1119.62548828, 480.032653809, 2791.015625, 3307.83056641, 8284.65917969, 4555.22949219, 7710.45263672, 38999.5, 9757.00976562, 10356.5800781, 3160.96289062, 9396.17773438, 9440.31542969, 14275.8144531, 6870.30126953, 1904.20776367, 489.581420898, 538.290344238, 277.91897583, 71.2631378174, 25.9209194183, 6.37540245056, 5.47955036163, 13.9822530746, 13.8234062195, 3.56602954865, 1.7611798048, 1.31257927418, 0.737753987312, 0.480691313744, 0.204115703702, 0.024405721575, 0.00222795666195, 1.57154463523e-05, 5.99742744356e-09]
    },
    "gfcc": {
        "mean": [-58.270614624, 136.330734253, -105.253219604, 16.667098999, -37.2805023193, 12.0181627274, -25.7130508423, 7.52238225937, -15.9052457809, 3.83647918701, -7.99113512039, -1.58155119419, -8.61215019226],
        "cov": [[13993.3916016, -68.6679840088, 108.559410095, 561.344726562, -419.749938965, 870.349060059, -130.074371338, 673.22277832, -150.283554077, 115.058929443, -310.292694092, -86.6952972412, -297.472167969], [-68.6679840088, 1491.25097656, -579.139404297, -180.710037231, 283.250915527, -245.328094482, 146.957046509, -104.476669312, 187.921981812, -98.7567214966, 207.272323608, -93.8339080811, 114.773872375], [108.559410095, -579.139404297, 1825.78771973, 421.039001465, 1.58597195148, 611.655883789, 50.712726593, 250.738876343, -33.1579093933, 108.21031189, -149.524139404, 29.2122631073, -124.328399658], [561.344726562, -180.710037231, 421.039001465, 531.345336914, 122.601928711, 123.312026978, 18.8646469116, 115.230987549, 14.7329702377, 4.6130657196, -25.5728168488, -19.9315471649, -32.244846344], [-419.749938965, 283.250915527, 1.58597195148, 122.601928711, 407.617950439, 28.9500961304, 33.3837814331, -9.26743984222, 82.4662017822, -4.2855591774, 53.5137062073, -35.2841529846, 30.9774093628], [870.349060059, -245.328094482, 611.655883789, 123.312026978, 28.9500961304, 606.425048828, 73.95677948, 123.584701538, 3.15176963806, 68.3025741577, -72.590171814, -16.9271869659, -61.0114364624], [-130.074371338, 146.957046509, 50.712726593, 18.8646469116, 33.3837814331, 73.95677948, 252.798873901, 103.855476379, 42.4547538757, -9.86591529846, 37.835357666, -14.9858646393, 12.4682626724], [673.22277832, -104.476669312, 250.738876343, 115.230987549, -9.26743984222, 123.584701538, 103.855476379, 324.279998779, 85.1128311157, 34.7075080872, -38.840763092, -20.0916671753, -45.4816360474], [-150.283554077, 187.921981812, -33.1579093933, 14.7329702377, 82.4662017822, 3.15176963806, 42.4547538757, 85.1128311157, 205.490875244, 57.6964378357, 34.3063774109, -31.7565364838, 18.2101421356], [115.058929443, -98.7567214966, 108.21031189, 4.6130657196, -4.2855591774, 68.3025741577, -9.86591529846, 34.7075080872, 57.6964378357, 156.633972168, 45.2339286804, -0.681882321835, -35.5945663452], [-310.292694092, 207.272323608, -149.524139404, -25.5728168488, 53.5137062073, -72.590171814, 37.835357666, -38.840763092, 34.3063774109, 45.2339286804, 168.287277222, 29.2165718079, 12.1425514221], [-86.6952972412, -93.8339080811, 29.2122631073, -19.9315471649, -35.2841529846, -16.9271869659, -14.9858646393, -20.0916671753, -31.7565364838, -0.681882321835, 29.2165718079, 114.123786926, 38.8320350647], [-297.472167969, 114.773872375, -124.328399658, -32.244846344, 30.9774093628, -61.0114364624, 12.4682626724, -45.4816360474, 18.2101421356, -35.5945663452, 12.1425514221, 38.8320350647, 124.789047241]],
        "icov": [[0.000157337111887, -0.000298854662105, 0.000241296453169, -0.000332596246153, 0.000253823120147, -0.000360112375347, 0.000283943605609, -0.000433880806668, 0.000437247363152, -0.000429515523138, 0.000491313112434, -0.000353417359293, 0.000254664366366], [-0.000298854662105, 0.00218258611858, -0.00053948641289, 0.00122205389198, -0.00101851683576, 0.000841792440042, -0.000876897946, 0.00110515905544, -0.00200069858693, 0.00257614417933, -0.00301618315279, 0.00245826900937, -0.00123144802637], [0.000241296453169, -0.00053948641289, 0.0015142679913, -0.00117367238272, 0.000388842192478, -0.00133206020109, 0.000318209407851, -0.000868696894031, 0.000922457431443, -0.00133062794339, 0.00167492881883, -0.00155766087119, 0.000988180399872], [-0.000332596246153, 0.00122205389198, -0.00117367238272, 0.00360813015141, -0.00156747538131, 0.000989282270893, -0.00035205684253, 0.000203015326406, -0.00104473123793, 0.00200624670833, -0.00215635332279, 0.00188835326117, -0.000824969087262], [0.000253823120147, -0.00101851683576, 0.000388842192478, -0.00156747538131, 0.00395921105519, -0.00104016088881, 0.00066187226912, -0.000231063400861, -0.000179077294888, -0.000404588528909, 6.33238596492e-05, 0.000114224749268, -0.000248486670898], [-0.000360112375347, 0.000841792440042, -0.00133206020109, 0.000989282270893, -0.00104016088881, 0.00365276751108, -0.00155162101146, 0.000969389278907, -0.000817574677058, 6.26411638223e-05, -0.000267827388598, 0.00107027799822, -0.000321554369293], [0.000283943605609, -0.000876897946, 0.000318209407851, -0.00035205684253, 0.00066187226912, -0.00155162101146, 0.00638200109825, -0.00307407137007, 0.00108180544339, 0.000657458556816, -0.00163571059238, 0.000685739621986, -0.00099608162418], [-0.000433880806668, 0.00110515905544, -0.000868696894031, 0.000203015326406, -0.000231063400861, 0.000969389278907, -0.00307407137007, 0.00668532447889, -0.00402096612379, 0.00122346251737, 0.000207441466046, 7.42367046769e-05, 0.00130372343119], [0.000437247363152, -0.00200069858693, 0.000922457431443, -0.00104473123793, -0.000179077294888, -0.000817574677058, 0.00108180544339, -0.00402096612379, 0.0102609489113, -0.00563291553408, 0.00193632289302, 0.000477534427773, -0.00183842377737], [-0.000429515523138, 0.00257614417933, -0.00133062794339, 0.00200624670833, -0.000404588528909, 6.26411638223e-05, 0.000657458556816, 0.00122346251737, -0.00563291553408, 0.0133632132784, -0.00754650076851, 0.00284295831807, 0.000794026709627], [0.000491313112434, -0.00301618315279, 0.00167492881883, -0.00215635332279, 6.33238596492e-05, -0.000267827388598, -0.00163571059238, 0.000207441466046, 0.00193632289302, -0.00754650076851, 0.0146968690678, -0.00762335443869, 0.00365629652515], [-0.000353417359293, 0.00245826900937, -0.00155766087119, 0.00188835326117, 0.000114224749268, 0.00107027799822, 0.000685739621986, 7.42367046769e-05, 0.000477534427773, 0.00284295831807, -0.00762335443869, 0.0161069072783, -0.00724310846999], [0.000254664366366, -0.00123144802637, 0.000988180399872, -0.000824969087262, -0.000248486670898, -0.000321554369293, -0.00099608162418, 0.00130372343119, -0.00183842377737, 0.000794026709627, 0.00365629652515, -0.00724310846999, 0.0133966421708]]
    },
    "melbands": {
        "dmean": [0.00227381940931, 0.00191692181397, 0.0014330141712, 0.000931754009798, 0.000347180146491, 0.000215336025576, 0.000150241758092, 0.000217519220314, 0.000124239144498, 0.000116796021757, 0.000104711441963, 7.03762925696e-05, 8.65025358507e-05, 4.81032766402e-05, 3.94798189518e-05, 4.25032012572e-05, 3.09687529807e-05, 3.06610309053e-05, 2.37605545408e-05, 1.40574793477e-05, 8.13446786196e-06, 5.61683054912e-06, 4.76157993035e-06, 3.67063512385e-06, 3.31599107994e-06, 1.93795244741e-06, 1.36896335334e-06, 7.88529689544e-07, 5.50321090032e-07, 5.34693640475e-07, 4.55372656916e-07, 4.86159365209e-07, 8.20184027361e-07, 4.1166086362e-07, 2.83754786778e-07, 2.25872824444e-07, 1.97314236061e-07, 1.99205956619e-07, 2.11009080431e-07, 1.86746902386e-07],
        "dmean2": [0.00355509785004, 0.00301965000108, 0.0025902998168, 0.00164380448405, 0.000575713056605, 0.00034142693039, 0.000237070096773, 0.000333923206199, 0.000188937876374, 0.00017894647317, 0.000157469854457, 0.000111998437205, 0.000145599304233, 8.1496888015e-05, 5.92207506998e-05, 6.1280465161e-05, 4.51636660728e-05, 4.22356315539e-05, 3.49052897946e-05, 2.14022784348e-05, 1.26031445689e-05, 8.64550565893e-06, 7.40814084565e-06, 5.41466397408e-06, 5.00559826833e-06, 2.94796677736e-06, 2.11638121073e-06, 1.25942733575e-06, 8.77838829183e-07, 8.48206468618e-07, 7.38708251902e-07, 7.80973834935e-07, 1.47463765643e-06, 6.79876734466e-07, 4.38281318793e-07, 3.28249001313e-07, 2.91369929073e-07, 2.81769388266e-07, 2.88421972527e-07, 2.70729969998e-07],
        "dvar": [3.05953253701e-05, 2.26807460422e-05, 2.06495315069e-05, 8.67105063662e-06, 7.35552475817e-07, 3.66320875855e-07, 2.3489292289e-07, 2.81882705622e-07, 8.25047052899e-08, 1.34999993406e-07, 1.52340348336e-07, 6.65557990942e-08, 9.56115044914e-08, 2.40487594283e-08, 1.59441224667e-08, 2.72211284624e-08, 1.48506504871e-08, 1.42393901115e-08, 1.1239154496e-08, 2.25877427873e-09, 1.34470490298e-09, 2.77468936716e-10, 3.84824366817e-10, 1.34928207496e-10, 7.89131190948e-11, 2.54245149239e-11, 1.36704996281e-11, 6.10898050896e-12, 2.12124740516e-12, 2.04925334514e-12, 1.38254848108e-12, 2.45432298616e-12, 2.2917306941e-11, 3.24866847833e-12, 9.8191713007e-13, 5.07536992034e-13, 5.03214277973e-13, 3.99427317393e-13, 3.57377728756e-13, 3.42734521319e-13],
        "dvar2": [7.13300469215e-05, 5.43421047041e-05, 5.86932583246e-05, 2.40061490331e-05, 1.84809562143e-06, 7.62845786539e-07, 4.84583438265e-07, 6.35712353869e-07, 1.70781007114e-07, 3.16465673222e-07, 2.6775171591e-07, 1.57449449034e-07, 2.5163322448e-07, 6.51140013019e-08, 2.96798656763e-08, 5.28596295624e-08, 2.83004464308e-08, 2.29266223783e-08, 2.32734791439e-08, 4.43679804008e-09, 3.14094239506e-09, 6.32700725145e-10, 8.9324864172e-10, 2.7676516634e-10, 1.57328816641e-10, 5.1149577629e-11, 3.05177202953e-11, 1.72439059559e-11, 5.28435281644e-12, 4.86700740474e-12, 3.39865960895e-12, 6.2103733614e-12, 6.72217351227e-11, 8.82246966455e-12, 2.2159019411e-12, 9.76491131878e-13, 1.14057190342e-12, 7.87620186085e-13, 6.64526485054e-13, 6.98086553841e-13],
        "max": [0.0654251649976, 0.0579185709357, 0.0406196638942, 0.0327153503895, 0.0100729130208, 0.0144033879042, 0.0162803512067, 0.0125871812925, 0.00586486700922, 0.0110286576673, 0.017931073904, 0.00809257198125, 0.00594538450241, 0.00285996031016, 0.00580051448196, 0.00626513687894, 0.00497765606269, 0.00323249469511, 0.00424981769174, 0.00218663690612, 0.00118022342212, 0.000533224083483, 0.000813812133856, 0.000317508005537, 0.000269323674729, 0.000146529375343, 0.000109688975499, 0.000114144902909, 2.70852178801e-05, 3.59963996743e-05, 2.27184646064e-05, 2.9484526749e-05, 8.13935184851e-05, 3.31212904712e-05, 1.49444567796e-05, 8.752524991e-06, 1.22278734125e-05, 1.08137246571e-05, 1.06525149022e-05, 8.75177738635e-06],
        "mean": [0.00451856013387, 0.0043070265092, 0.00144443265162, 0.000824842485599, 0.000467347825179, 0.000410661537899, 0.000266735936748, 0.000441771524493, 0.000260291650193, 0.000227784199524, 0.000236471329117, 0.000128967192722, 0.000106480329123, 6.21096696705e-05, 7.42739503039e-05, 7.92685314082e-05, 5.25486939296e-05, 5.41299996257e-05, 3.96374089178e-05, 2.32623824559e-05, 1.25990754896e-05, 9.14328120416e-06, 7.51138213673e-06, 6.2441999944e-06, 5.90607623963e-06, 3.22900314131e-06, 2.15747854782e-06, 1.21691027744e-06, 7.33227352612e-07, 6.57551652239e-07, 5.51919811187e-07, 5.69226187963e-07, 6.96061476901e-07, 4.44276054168e-07, 3.54165479166e-07, 3.1318839433e-07, 2.56419667721e-07, 2.70097217481e-07, 2.85681579726e-07, 2.48250728418e-07],
        "median": [0.00265648216009, 0.00305971712805, 0.000506913405843, 0.000187415353139, 0.000154311070219, 0.000115347349492, 9.78675743681e-05, 7.79084366513e-05, 4.73352192785e-05, 4.4159580284e-05, 3.93213049392e-05, 2.03475592571e-05, 2.14808915189e-05, 1.83091433428e-05, 1.73914449988e-05, 1.23592944874e-05, 1.00207289506e-05, 6.70548070048e-06, 4.65531456939e-06, 4.65879566036e-06, 2.59537000602e-06, 2.10600342143e-06, 1.85265514574e-06, 1.2748834024e-06, 1.22705262129e-06, 6.73964564157e-07, 5.53792119717e-07, 3.72754584532e-07, 2.15575241214e-07, 1.58360592195e-07, 1.10982995238e-07, 8.22724288696e-08, 6.34793977383e-08, 5.2477290069e-08, 3.84915885832e-08, 3.31130820541e-08, 2.63935060474e-08, 2.41581332716e-08, 2.11161079733e-08, 1.68749938467e-08],
        "min": [1.19996393306e-24, 1.70214647444e-24, 1.4442533492e-24, 2.10683685198e-24, 1.59612721726e-24, 1.61587063078e-24, 1.2847500129e-24, 1.64583689277e-24, 1.7119857393e-24, 3.08472973491e-24, 1.77601974834e-24, 4.79868190723e-24, 3.86682418572e-24, 2.22754657276e-24, 3.49679280647e-24, 2.91228888255e-24, 5.69652276321e-24, 4.74416688551e-24, 6.07892032601e-24, 4.87473559267e-24, 3.00141635977e-24, 5.07430438548e-24, 3.90271538475e-24, 4.69563655705e-24, 3.44564345981e-24, 6.21728731764e-24, 5.64311411892e-24, 6.26505481761e-24, 5.07656486641e-24, 3.92808515146e-24, 5.0119445365e-24, 5.23402150309e-24, 4.97853588273e-24, 5.56160348816e-24, 6.24330000599e-24, 6.94756583432e-24, 6.1681432554e-24, 7.55425272411e-24, 7.15212772223e-24, 7.18424146083e-24],
        "var": [4.16170914832e-05, 2.91818578262e-05, 1.37157521749e-05, 5.75122203372e-06, 8.91629440503e-07, 1.09554935079e-06, 5.96909728756e-07, 1.29438626573e-06, 3.34145255465e-07, 3.35258562245e-07, 9.86915324575e-07, 1.71830350837e-07, 1.01846147516e-07, 2.46876457055e-08, 4.89731100117e-08, 7.19660064874e-08, 4.22208579209e-08, 4.44925234433e-08, 2.90699180283e-08, 8.30739477209e-09, 2.44335818245e-09, 6.67367439089e-10, 6.28043561601e-10, 3.25377391697e-10, 2.3319282616e-10, 6.19264223234e-11, 2.83664220585e-11, 8.97819145418e-12, 2.56633451469e-12, 2.48005067004e-12, 1.7460057922e-12, 2.58897374025e-12, 1.40800981985e-11, 2.72074225129e-12, 1.22887539988e-12, 8.209101259e-13, 6.65271711418e-13, 6.43291301304e-13, 6.15111531588e-13, 5.15538078807e-13]
    },
    "mfcc": {
        "mean": [-704.713745117, 170.181655884, -0.134494096041, 18.2906780243, 10.372013092, 8.34744262695, 6.50193071365, 4.56995677948, 1.2048612833, 4.64725780487, 4.81674051285, 1.79829978943, 1.38835740089],
        "cov": [[7203.6875, 15.9569406509, 132.789581299, 224.700775146, 44.6050758362, 134.064605713, 151.341415405, 327.953216553, 252.479431152, 216.662078857, 137.341766357, -30.2550811768, 28.3171787262], [15.9569406509, 1317.53479004, -383.459289551, 6.03487491608, 62.9356155396, -19.1394348145, 22.2787437439, 35.8002128601, 1.20442152023, 59.626865387, 56.4463615417, 58.8946342468, 25.190738678], [132.789581299, -383.459289551, 1411.0144043, 43.7956161499, 164.766616821, 296.588439941, 180.659362793, 159.481445312, 166.120285034, 53.4079017639, 60.7036781311, 71.7649459839, 18.1810894012], [224.700775146, 6.03487491608, 43.7956161499, 491.724517822, 131.26852417, -46.1602096558, 36.3708572388, 67.0545578003, 27.2370491028, 47.9622306824, 25.8396434784, 14.0230951309, -1.27908802032], [44.6050758362, 62.9356155396, 164.766616821, 131.26852417, 356.237243652, 148.900360107, 21.1944656372, 30.6765899658, 45.2320365906, 54.8591384888, 32.1038284302, 10.724029541, -12.7338266373], [134.064605713, -19.1394348145, 296.588439941, -46.1602096558, 148.900360107, 344.205108643, 112.776893616, 36.7229156494, 49.2715950012, 27.2471809387, 21.4634609222, 10.3967237473, -1.70875918865], [151.341415405, 22.2787437439, 180.659362793, 36.3708572388, 21.1944656372, 112.776893616, 213.277252197, 111.237220764, 30.485666275, 36.9039154053, 35.7221870422, 18.8374195099, 3.86050271988], [327.953216553, 35.8002128601, 159.481445312, 67.0545578003, 30.6765899658, 36.7229156494, 111.237220764, 212.579696655, 124.00668335, 40.6007537842, 31.0763015747, 31.7669219971, 11.4386434555], [252.479431152, 1.20442152023, 166.120285034, 27.2370491028, 45.2320365906, 49.2715950012, 30.485666275, 124.00668335, 206.823196411, 95.606803894, 17.2969913483, 23.3923015594, 15.8886108398], [216.662078857, 59.626865387, 53.4079017639, 47.9622306824, 54.8591384888, 27.2471809387, 36.9039154053, 40.6007537842, 95.606803894, 183.448318481, 91.472076416, 9.39324855804, 11.6502914429], [137.341766357, 56.4463615417, 60.7036781311, 25.8396434784, 32.1038284302, 21.4634609222, 35.7221870422, 31.0763015747, 17.2969913483, 91.472076416, 152.5259552, 69.1804351807, 8.77546787262], [-30.2550811768, 58.8946342468, 71.7649459839, 14.0230951309, 10.724029541, 10.3967237473, 18.8374195099, 31.7669219971, 23.3923015594, 9.39324855804, 69.1804351807, 136.85585022, 65.0259017944], [28.3171787262, 25.190738678, 18.1810894012, -1.27908802032, -12.7338266373, -1.70875918865, 3.86050271988, 11.4386434555, 15.8886108398, 11.6502914429, 8.77546787262, 65.0259017944, 119.48915863]],
