{
"lowlevel": {
    "average_loudness": 0.822312235832,
    "barkbands_crest": {
        "dmean": 2.77263474464,
        "dmean2": 4.29721832275,
        "dvar": 7.44664621353,
        "dvar2": 16.3471946716,
        "max": 26.2003059387,
        "mean": 12.4963331223,
        "median": 11.5073986053,
        "min": 2.3560693264,
        "var": 26.5563087463
    },
    "barkbands_flatness_db": {
        "dmean": 0.0279327295721,
        "dmean2": 0.0384211242199,
        "dvar": 0.000774429412559,
        "dvar2": 0.0014264882775,
        "max": 0.545694410801,
        "mean": 0.196535617113,
        "median": 0.183163300157,
        "min": 0.0329931937158,
        "var": 0.0069274213165
    },
    "barkbands_kurtosis": {
        "dmean": 4.94656610489,
        "dmean2": 7.45798683167,
        "dvar": 167.668060303,
        "dvar2": 353.024108887,
        "max": 488.124298096,
        "mean": 8.38331699371,
        "median": 4.02517127991,
        "min": -1.93350553513,
        "var": 330.02532959
    },
    "barkbands_skewness": {
        "dmean": 0.665751457214,
        "dmean2": 0.988777935505,
        "dvar": 0.619657993317,
        "dvar2": 1.27116429806,
        "max": 17.2671794891,
        "mean": 1.98581457138,
        "median": 1.78083252907,
        "min": -5.38641691208,
        "var": 2.43396544456
    },
    "barkbands_spread": {
        "dmean": 4.93665838242,
        "dmean2": 7.2996931076,
        "dvar": 46.7218704224,
        "dvar2": 99.9712524414,
        "max": 113.774246216,
        "mean": 14.0833396912,
        "median": 11.5256643295,
        "min": 0.331040322781,
        "var": 119.744346619
    },
    "dissonance": {
        "dmean": 0.0303464755416,
        "dmean2": 0.0499029867351,
        "dvar": 0.000854974030517,
        "dvar2": 0.00225375127047,
        "max": 0.5,
        "mean": 0.435058742762,
        "median": 0.446538150311,
        "min": 0.13913564384,
        "var": 0.00232309149578
    },
    "dynamic_complexity": 4.0193400383,
    "erbbands_crest": {
        "dmean": 3.19727134705,
        "dmean2": 5.1001663208,
        "dvar": 9.23038387299,
        "dvar2": 21.5388584137,
        "max": 31.3188648224,
        "mean": 10.960483551,
        "median": 9.83285331726,
        "min": 2.45430374146,
        "var": 26.8323001862
    },
    "erbbands_flatness_db": {
        "dmean": 0.0232329126447,
        "dmean2": 0.0322269052267,
        "dvar": 0.000552000419702,
        "dvar2": 0.0010007370729,
        "max": 0.534215509892,
        "mean": 0.202517494559,
        "median": 0.184905707836,
        "min": 0.0424521937966,
        "var": 0.00684915063903
    },
    "erbbands_kurtosis": {
        "dmean": 1.83328461647,
        "dmean2": 2.76982069016,
        "dvar": 10.6118898392,
        "dvar2": 22.0736598969,
        "max": 101.028007507,
        "mean": 2.25504183769,
        "median": 0.702489256859,
        "min": -1.77627003193,
        "var": 32.0784568787
    },
    "erbbands_skewness": {
        "dmean": 0.491327673197,
        "dmean2": 0.739884436131,
        "dvar": 0.252702206373,
        "dvar2": 0.533685803413,
        "max": 8.35945796967,
        "mean": 0.817751944065,
        "median": 0.736413419247,
        "min": -4.92266988754,
        "var": 0.955878674984
    },
    "erbbands_spread": {
        "dmean": 8.4022436142,
        "dmean2": 12.4087467194,
        "dvar": 105.124984741,
        "dvar2": 228.401123047,
        "max": 157.385513306,
        "mean": 30.450258255,
        "median": 27.1780586243,
        "min": 1.08908224106,
        "var": 358.97467041
    },
    "hfc": {
        "dmean": 6.89217758179,
        "dmean2": 9.72218990326,
        "dvar": 102.719482422,
        "dvar2": 205.675674438,
        "max": 108.10949707,
        "mean": 18.2073974609,
        "median": 13.8149175644,
        "min": 1.1098296837e-16,
        "var": 293.839050293
    },
    "melbands_crest": {
        "dmean": 3.36371088028,
        "dmean2": 4.98343610764,
        "dvar": 10.2607650757,
        "dvar2": 21.9720935822,
        "max": 35.1112327576,
        "mean": 16.5117397308,
        "median": 15.0440139771,
        "min": 1.51182329655,
        "var": 50.6278343201
    },
    "melbands_flatness_db": {
        "dmean": 0.0310207623988,
        "dmean2": 0.0419735237956,
        "dvar": 0.00104173400905,
        "dvar2": 0.00187405815814,
        "max": 0.650220155716,
        "mean": 0.254656165838,
        "median": 0.23935751617,
        "min": 0.00220396160148,
        "var": 0.00912479311228
    },
    "melbands_kurtosis": {
        "dmean": 8.97850894928,
        "dmean2": 13.6462240219,
        "dvar": 619.856933594,
        "dvar2": 1239.24267578,
        "max": 1203.79504395,
        "mean": 16.9629554749,
        "median": 9.03827667236,
        "min": -1.8452757597,
        "var": 1367.5670166
    },
    "melbands_skewness": {
        "dmean": 0.802700281143,
        "dmean2": 1.18389046192,
        "dvar": 0.909680426121,
        "dvar2": 1.86331272125,
        "max": 25.8264694214,
        "mean": 2.68912124634,
        "median": 2.3696911335,
        "min": -3.03116321564,
        "var": 3.82772016525
    },
    "melbands_spread": {
        "dmean": 5.58754301071,
        "dmean2": 8.57561397552,
        "dvar": 103.830429077,
        "dvar2": 232.426803589,
        "max": 190.522537231,
        "mean": 15.6147737503,
        "median": 12.0170555115,
        "min": 0.247226014733,
        "var": 281.134307861
    },
    "pitch_salience": {
        "dmean": 0.0778872072697,
        "dmean2": 0.121716812253,
        "dvar": 0.00638576736674,
        "dvar2": 0.0150580285117,
        "max": 0.970531404018,
        "mean": 0.52369004488,
        "median": 0.541604995728,
        "min": 0.0213888604194,
        "var": 0.0225451514125
    },
    "silence_rate_20dB": {
        "dmean": 0,
        "dmean2": 0,
        "dvar": 0,
        "dvar2": 0,
        "max": 1,
        "mean": 1,
        "median": 1,
        "min": 1,
        "var": 0
    },
    "silence_rate_30dB": {
        "dmean": 0.0399161987007,
        "dmean2": 0.079841196537,
        "dvar": 0.038318619132,
        "dvar2": 0.0791943520308,
        "max": 1,
        "mean": 0.915435492992,
        "median": 1,
        "min": 0,
        "var": 0.0774074271321
    },
    "silence_rate_60dB": {
        "dmean": 0.0273459032178,
        "dmean2": 0.0546978376806,
        "dvar": 0.0265980232507,
        "dvar2": 0.0587625727057,
        "max": 1,
        "mean": 0.11389195174,
        "median": 0,
        "min": 0,
        "var": 0.100922487676
    },
    "spectral_centroid": {
        "dmean": 233.218276978,
        "dmean2": 352.672485352,
        "dvar": 137623.625,
        "dvar2": 290521.125,
        "max": 11523.0576172,
        "mean": 996.767822266,
        "median": 856.63684082,
        "min": 199.996002197,
        "var": 561509.5625
    },
    "spectral_complexity": {
        "dmean": 3.68728637695,
        "dmean2": 5.34142017365,
        "dvar": 21.8638896942,
        "dvar2": 39.0976715088,
        "max": 55,
        "mean": 14.8475189209,
        "median": 13,
        "min": 0,
        "var": 91.4309234619
    },
    "spectral_decrease": {
        "dmean": 2.5009756488e-09,
        "dmean2": 3.33264638108e-09,
        "dvar": 1.34216837268e-17,
        "dvar2": 2.38340463348e-17,
        "max": 1.47752650879e-28,
        "mean": -9.23323284496e-09,
        "median": -5.84208637022e-09,
        "min": -4.79435193768e-08,
        "var": 9.47855212792e-17
    },
    "spectral_energy": {
        "dmean": 0.00980325043201,
        "dmean2": 0.0130861420184,
        "dvar": 0.000202482464374,
        "dvar2": 0.000358853780199,
        "max": 0.182262152433,
        "mean": 0.0364998355508,
        "median": 0.0235969610512,
        "min": 1.00656595672e-20,
        "var": 0.00142032129224
    },
    "spectral_energyband_high": {
        "dmean": 0.000487847166369,
        "dmean2": 0.000722252880223,
        "dvar": 1.28126760046e-06,
        "dvar2": 2.9889090456e-06,
        "max": 0.011748842895,
        "mean": 0.000621615035925,
        "median": 0.000172683838173,
        "min": 7.25598552026e-21,
        "var": 1.56026044351e-06
    },
    "spectral_energyband_low": {
        "dmean": 0.00586362695321,
        "dmean2": 0.0070385588333,
        "dvar": 0.000188710459042,
        "dvar2": 0.000314199569402,
        "max": 0.17592215538,
        "mean": 0.0172641109675,
        "median": 0.000891290837899,
        "min": 1.30856617723e-23,
        "var": 0.00104728480801
    },
    "spectral_energyband_middle_high": {
        "dmean": 0.00182271422818,
        "dmean2": 0.00267236959189,
        "dvar": 6.74189732308e-06,
        "dvar2": 1.40185693454e-05,
        "max": 0.0420656278729,
        "mean": 0.00451348116621,
        "median": 0.00256574037485,
        "min": 1.21151132317e-21,
        "var": 2.68198746198e-05
    },
    "spectral_energyband_middle_low": {
        "dmean": 0.00603896891698,
        "dmean2": 0.00957428198308,
        "dvar": 8.47628398333e-05,
        "dvar2": 0.000218735236558,
        "max": 0.103114254773,
        "mean": 0.0147187691182,
        "median": 0.0115530714393,
        "min": 1.7278569344e-22,
        "var": 0.000175427310751
    },
    "spectral_entropy": {
        "dmean": 0.235373482108,
        "dmean2": 0.318733125925,
        "dvar": 0.0627530813217,
        "dvar2": 0.112001627684,
        "max": 9.81960201263,
        "mean": 7.22142314911,
        "median": 7.33989143372,
        "min": 4.63630056381,
        "var": 0.505246281624
    },
    "spectral_flux": {
        "dmean": 0.0298865549266,
        "dmean2": 0.044587559998,
        "dvar": 0.00131945847534,
        "dvar2": 0.0024195027072,
        "max": 0.415492415428,
        "mean": 0.0838151350617,
        "median": 0.0746648162603,
        "min": 6.5287844575e-11,
        "var": 0.00370204378851
    },
    "spectral_kurtosis": {
        "dmean": 4.34908819199,
        "dmean2": 7.11654615402,
        "dvar": 129.366851807,
        "dvar2": 358.13192749,
        "max": 438.890380859,
        "mean": 13.0229196548,
        "median": 4.89132404327,
        "min": -1.24617350101,
        "var": 1393.14953613
    },
    "spectral_rms": {
        "dmean": 0.000790236343164,
        "dmean2": 0.00105132453609,
        "dvar": 8.43513646487e-07,
        "dvar2": 1.48242520481e-06,
        "max": 0.01333479397,
        "mean": 0.00517284031957,
        "median": 0.00479806493968,
        "min": 3.13371269038e-12,
        "var": 8.85130521056e-06
    },
    "spectral_rolloff": {
        "dmean": 387.780029297,
        "dmean2": 637.058410645,
        "dvar": 648838.5625,
        "dvar2": 1400659.625,
        "max": 19401.4160156,
        "mean": 1128.54833984,
        "median": 689.0625,
        "min": 64.599609375,
        "var": 3116367.5
    },
    "spectral_skewness": {
        "dmean": 0.383259564638,
        "dmean2": 0.590503633022,
        "dvar": 0.264564722776,
        "dvar2": 0.679064333439,
        "max": 16.7191963196,
        "mean": 2.21133565903,
        "median": 1.80728805065,
        "min": -0.0410276129842,
        "var": 3.32960534096
    },
    "spectral_spread": {
        "dmean": 668042.5,
        "dmean2": 943090.125,
        "dvar": 975719890944,
        "dvar2": 1.85979083162e+12,
        "max": 42317540,
        "mean": 4386260,
        "median": 4238153,
        "min": 227595.34375,
        "var": 6.2000857088e+12
    },
    "spectral_strongpeak": {
        "dmean": 0.4472438097,
        "dmean2": 0.715937435627,
        "dvar": 0.457267135382,
        "dvar2": 1.06533658504,
        "max": 7.81761217117,
        "mean": 0.979832649231,
        "median": 0.680146694183,
        "min": 0,
        "var": 0.939736843109
    },
    "zerocrossingrate": {
        "dmean": 0.0102381305769,
        "dmean2": 0.0112381149083,
        "dvar": 0.000190413265955,
        "dvar2": 0.000221548019908,
        "max": 0.8603515625,
        "mean": 0.0491110272706,
        "median": 0.03857421875,
        "min": 0.00244140625,
        "var": 0.00401851208881
    },
    "barkbands": {
        "dmean": [0.000276573293377, 0.00500687770545, 0.00190017628483, 0.000945741019677, 0.00210589007474, 0.00151875265874, 0.00193595734891, 0.00135179329664, 0.00124584208243, 0.000668498396408, 0.000395380164264, 0.000486505508889, 0.000424952973844, 0.000337887118803, 0.000238029620959, 0.000205135176657, 0.000155966234161, 9.98696923489e-05, 8.18370026536e-05, 0.000107088708319, 0.000111040266347, 0.000117263771244, 7.61686242186e-05, 6.17720434093e-05, 6.67166605126e-05, 3.25535147567e-05, 2.93528660222e-06],
        "dmean2": [0.000252882833593, 0.00545318331569, 0.00319985160604, 0.00170624663588, 0.00342698185705, 0.00246552494355, 0.00306667154655, 0.00211723637767, 0.00190352869686, 0.0010543334065, 0.000608639151324, 0.000771952152718, 0.000698095653206, 0.000530325924046, 0.000382524507586, 0.000329551228788, 0.000243384201895, 0.000154438559548, 0.000126357655972, 0.00017131131608, 0.000181191979209, 0.000184171178262, 0.000115939183161, 8.90179144335e-05, 0.000101745848951, 4.77497342217e-05, 4.58049225927e-06],
        "dvar": [5.17318937909e-07, 0.000167700374732, 4.50710649602e-05, 1.31803735712e-05, 1.65285637195e-05, 6.93367201166e-06, 1.23168929349e-05, 9.01635030459e-06, 6.53578263154e-06, 2.26701945394e-06, 9.84506186796e-07, 1.63412892107e-06, 9.81521111498e-07, 6.49613014048e-07, 2.28008431691e-07, 1.96551255272e-07, 1.07960261175e-07, 3.28838716257e-08, 3.70609960498e-08, 7.48015267504e-08, 1.06722652049e-07, 1.22644763678e-07, 3.00654185992e-08, 1.66136491231e-08, 2.57535130999e-08, 6.13044326414e-09, 8.84494838482e-11],
        "dvar2": [4.78947185911e-07, 0.000235223778873, 0.000119586402434, 3.81221434509e-05, 4.40749063273e-05, 1.74980887095e-05, 2.92972636089e-05, 2.10690704989e-05, 1.35487589432e-05, 5.1430079111e-06, 2.13288967643e-06, 3.76818911718e-06, 2.54358724305e-06, 1.53241774115e-06, 5.63817195598e-07, 4.87341822009e-07, 2.61131305024e-07, 7.20265660448e-08, 8.40828349169e-08, 1.85698453947e-07, 2.69036519285e-07, 2.88089921696e-07, 7.16547177149e-08, 3.68970809461e-08, 6.12799411215e-08, 1.25212462621e-08, 1.97182853379e-10],
        "max": [0.0105556501076, 0.171088054776, 0.0721342265606, 0.0396822243929, 0.0492062903941, 0.0416906252503, 0.0638936534524, 0.0680274516344, 0.0564582273364, 0.0302466135472, 0.0249188728631, 0.0343083813787, 0.0280387587845, 0.0177999474108, 0.00862142909318, 0.00756488507614, 0.00794060435146, 0.00265232776292, 0.00520018488169, 0.00572550855577, 0.00675338227302, 0.0043698088266, 0.00183164677583, 0.0012655952014, 0.00144774583168, 0.000923160929233, 0.000236116422457],
        "mean": [0.000614129588939, 0.013468997553, 0.00265775131993, 0.000979735283181, 0.00371037307195, 0.00244684983045, 0.00312973116525, 0.00215067248791, 0.00210550590418, 0.000974556955043, 0.000582301756367, 0.000737758062314, 0.000580820371397, 0.000503603427205, 0.000333586503984, 0.000298021390336, 0.000234357939917, 0.000163522621733, 0.000132856919663, 0.00015456971596, 0.000126215105411, 0.000131362699904, 9.30680689635e-05, 7.97549291747e-05, 7.24485289538e-05, 3.46744236595e-05, 2.60526030615e-06],
        "median": [1.72322063463e-06, 0.000112699330202, 9.04374683159e-05, 0.000129420950543, 0.00174539268482, 0.00114895205479, 0.00137349148281, 0.000630529073533, 0.000514348968863, 0.000276904203929, 0.000124295911519, 0.000180771632586, 0.000134869711474, 0.000125677499454, 0.000101905527117, 7.38906383049e-05, 6.38357669231e-05, 5.73447614443e-05, 5.08361699758e-05, 5.16675791005e-05, 3.05451612803e-05, 2.43819540628e-05, 2.32875245274e-05, 1.95116317627e-05, 1.31350352603e-05, 3.99456303057e-06, 6.22754612323e-08],
        "min": [8.25656040246e-25, 5.73954605369e-24, 4.99475131307e-24, 5.55625303907e-24, 1.45133556492e-23, 1.6902566051e-23, 1.12715798797e-23, 1.12020275914e-23, 2.28435090827e-23, 2.98668481624e-23, 3.93657779131e-23, 3.43316620464e-23, 4.87861592058e-23, 4.2182248003e-23, 6.85477212604e-23, 5.48250061866e-23, 5.56626565611e-23, 1.02006354098e-22, 1.39501278955e-22, 2.20618318604e-22, 2.4348286503e-22, 3.47365067252e-22, 4.77884413805e-22, 7.16408638024e-22, 9.61115916153e-22, 1.29364767208e-21, 2.09650804372e-21],
        "var": [2.69308020506e-06, 0.000858272833284, 5.89435585425e-05, 1.06287598101e-05, 2.75083075394e-05, 1.34677266033e-05, 2.3003156457e-05, 1.79795315489e-05, 1.74953838723e-05, 4.55127474197e-06, 2.13417661143e-06, 3.3233495742e-06, 1.73182354501e-06, 1.40677070704e-06, 3.46713619592e-07, 3.42540261045e-07, 2.09734068335e-07, 7.00510867091e-08, 6.44349356094e-08, 1.05927306038e-07, 1.1780308995e-07, 1.31568000938e-07, 3.58892151553e-08, 2.32462209482e-08, 2.74120726118e-08, 7.47778194921e-09, 8.97229651686e-11]
    },
    "erbbands": {
        "dmean": [0.217090398073, 1.05054020882, 2.14553070068, 2.67436766624, 4.19015884399, 8.16714286804, 11.0475025177, 13.376493454, 25.9754962921, 27.8494796753, 29.1400928497, 27.5635910034, 20.5675144196, 17.698507309, 16.1493244171, 15.872677803, 17.9377765656, 17.0099544525, 12.6883440018, 13.2008066177, 9.707862854, 8.86207103729, 5.79748725891, 4.0932302475, 4.09502458572, 5.06878805161, 5.20932674408, 3.80740571022, 3.73479104042, 3.66672277451, 2.09789466858, 1.39881026745, 1.01244449615, 0.923851788044, 0.373856514692, 0.196162804961, 0.0453476943076, 0.00711357453838, 0.000481425086036, 1.90301871044e-05],
        "dmean2": [0.191739618778, 1.3187571764, 3.48446440697, 4.71886205673, 7.2030248642, 13.2898273468, 17.4598922729, 21.7665214539, 41.7466087341, 43.3640213013, 45.5758018494, 42.1430892944, 31.8078575134, 27.6646060944, 24.9619369507, 25.0286560059, 28.711391449, 26.9175891876, 20.2256469727, 21.0612297058, 15.2057819366, 13.7806177139, 8.81867694855, 6.24806880951, 6.25495672226, 8.07854747772, 8.60595798492, 6.15209293365, 5.79610872269, 5.80794906616, 3.22919893265, 2.11074829102, 1.47459566593, 1.39825797081, 0.573423027992, 0.294313281775, 0.0664868727326, 0.01038398128, 0.000745582510717, 2.61753684754e-05],
        "dvar": [0.301895678043, 8.64828300476, 53.910949707, 99.9797592163, 151.40512085, 251.711898804, 435.367950439, 648.491455078, 2762.78833008, 2914.24633789, 4534.07275391, 3711.08251953, 2443.20019531, 1666.50292969, 1116.61474609, 1688.3326416, 1683.14648438, 2209.5144043, 735.441589355, 733.96105957, 425.54208374, 355.988677979, 109.146583557, 70.9592437744, 131.100540161, 161.539321899, 258.634643555, 125.581443787, 106.063285828, 115.758972168, 22.1197986603, 9.56604003906, 4.52320575714, 5.45946073532, 0.73083114624, 0.231296986341, 0.0120198568329, 0.000342390500009, 2.53478015111e-06, 1.14889953107e-09],
        "dvar2": [0.25961202383, 17.1315879822, 142.632873535, 277.819122314, 434.06552124, 659.301147461, 1019.36962891, 1640.54650879, 6646.79199219, 6814.69628906, 10582.1962891, 7639.96630859, 5351.27197266, 3686.93334961, 2506.27685547, 3965.66748047, 4087.75244141, 5510.35839844, 1851.28076172, 1780.06677246, 987.381591797, 890.852478027, 236.432373047, 165.685745239, 296.597351074, 392.259094238, 672.313049316, 313.878540039, 246.539306641, 277.77255249, 53.4993057251, 22.8479785919, 9.61491394043, 13.2385797501, 1.67014873028, 0.504954993725, 0.0238581877202, 0.000694745394867, 5.67498409509e-06, 2.33760677482e-09],
        "max": [8.26624584198, 38.059551239, 67.1971054077, 111.314468384, 189.58555603, 205.810073853, 311.193389893, 399.370910645, 1169.08215332, 1206.08178711, 1388.1015625, 1627.80603027, 1389.19689941, 1134.36853027, 709.051513672, 1354.42602539, 1416.98303223, 1284.49658203, 820.687316895, 437.618041992, 504.728118896, 539.191894531, 146.101150513, 270.652740479, 436.97076416, 263.022247314, 337.040527344, 229.858413696, 168.901535034, 130.406982422, 52.3246803284, 38.663394928, 20.4332027435, 22.256855011, 6.77273607254, 4.82736492157, 1.4676450491, 0.349032640457, 0.0395163819194, 0.000562508648727],
        "mean": [0.550786077976, 2.36920046806, 3.27558922768, 3.24068689346, 5.3796710968, 13.5573101044, 20.4440040588, 21.6397895813, 41.0752906799, 46.9548225403, 49.5502853394, 45.9819526672, 33.1114311218, 28.6563472748, 26.3382263184, 25.4867153168, 26.9824943542, 26.2028198242, 19.1615123749, 19.8896999359, 14.7443475723, 13.9406518936, 9.87822532654, 7.12863016129, 6.76165151596, 7.38121461868, 6.14491605759, 4.29695987701, 4.34236907959, 4.01497364044, 2.59804368019, 1.7264342308, 1.32689404488, 0.984657287598, 0.413007706404, 0.203200221062, 0.0497417636216, 0.0075156390667, 0.000449987972388, 5.12459482707e-05],
        "median": [0.0016447850503, 0.039007037878, 0.189030349255, 0.587665081024, 1.82766747475, 6.03657817841, 7.61841821671, 10.1279611588, 18.0347595215, 19.8770809174, 17.0674705505, 12.4394264221, 10.7301931381, 9.65569019318, 8.45112609863, 7.93653202057, 7.48938560486, 6.30044364929, 6.54788303375, 6.13740158081, 4.00727081299, 4.04969501495, 3.37608623505, 2.84392309189, 2.69012784958, 2.46459174156, 1.68802797794, 0.860793232918, 0.83252620697, 0.802146196365, 0.669838726521, 0.432571530342, 0.304987847805, 0.167015716434, 0.0729401186109, 0.0265416782349, 0.0054389340803, 0.000606491521467, 3.86426254408e-05, 3.12788688461e-05],
        "min": [1.30069607485e-22, 1.43314938018e-21, 5.1068632562e-21, 1.51850407964e-20, 3.24887690225e-20, 5.49116353319e-20, 9.30467165974e-20, 1.35801769605e-19, 1.90798307272e-19, 2.56865300345e-19, 2.34258092312e-19, 5.96492657614e-19, 1.04172934316e-18, 8.52898174785e-19, 1.62973729904e-18, 2.09834090632e-18, 2.2413999321e-18, 3.05680480145e-18, 3.71851434312e-18, 4.555570665e-18, 3.76707770329e-18, 4.22453008873e-18, 4.63512600119e-18, 4.56960626564e-18, 8.43561931968e-18, 1.10238600117e-17, 1.03354662439e-17, 1.1988897718e-17, 1.3931437088e-17, 1.21058105986e-17, 1.30318938883e-17, 1.11902308483e-17, 1.29984501489e-17, 8.25090327145e-18, 7.98042182859e-18, 4.10206269032e-18, 2.51207907113e-18, 1.06697272411e-18, 2.64005109802e-19, 2.97506234803e-20],
        "var": [1.8088041544, 25.2384777069, 70.0500640869, 105.767051697, 127.503875732, 425.044525146, 1155.07641602, 1150.50854492, 4696.39941406, 6059.09570312, 8564.72167969, 9152.515625, 5275.46679688, 3870.89355469, 2408.34521484, 3300.44580078, 3403.28295898, 4821.04394531, 1184.45544434, 1235.24658203, 748.042480469, 711.824707031, 252.380599976, 128.162719727, 222.124862671, 239.593933105, 248.960800171, 152.595748901, 128.112426758, 111.908828735, 26.7373390198, 11.8307743073, 6.49243783951, 5.66089248657, 0.819472670555, 0.257049828768, 0.0153933335096, 0.000423852034146, 2.55189888776e-06, 3.34082939091e-09]
    },
    "gfcc": {
        "mean": [-58.3010597229, 102.636962891, -122.202262878, 7.60100507736, -75.9211273193, -2.33363747597, -44.905002594, 2.40306401253, -20.8761806488, 1.62430763245, -11.3763856888, -2.06086468697, -8.15198326111],
        "cov": [[29243.453125, -1856.75024414, -528.723205566, 2170.94775391, 595.049865723, 2202.54174805, -150.116943359, 1560.9029541, -80.9622421265, 993.646179199, -530.451416016, 441.291137695, -364.168945312], [-1856.75024414, 2877.22851562, -11.4577245712, -488.383789062, 455.821411133, -328.089508057, 377.958618164, -361.510681152, 182.94708252, -269.924560547, 304.506622314, -162.882736206, 126.969535828], [-528.723205566, -11.4577245712, 1656.33520508, 490.707580566, 355.194763184, 477.506439209, 170.216049194, 330.602142334, 65.9011535645, 157.170257568, -69.8318023682, 97.3737564087, -69.9272766113], [2170.94775391, -488.383789062, 490.707580566, 940.421569824, 337.335327148, 382.153076172, 93.1285934448, 313.017700195, 105.41002655, 190.74671936, -51.3537864685, 102.90460968, -13.088514328], [595.049865723, 455.821411133, 355.194763184, 337.335327148, 726.88885498, 337.821502686, 314.224487305, 188.5675354, 183.260055542, 149.916793823, 98.2503814697, 75.8943557739, 21.3597049713], [2202.54174805, -328.089508057, 477.506439209, 382.153076172, 337.821502686, 803.784790039, 271.271972656, 373.96105957, 92.6433029175, 285.53918457, 36.9353218079, 114.571533203, -16.0746822357], [-150.116943359, 377.958618164, 170.216049194, 93.1285934448, 314.224487305, 271.271972656, 443.340454102, 146.396682739, 152.354110718, 116.967956543, 156.584075928, 64.1358184814, 56.3816070557], [1560.9029541, -361.510681152, 330.602142334, 313.017700195, 188.5675354, 373.96105957, 146.396682739, 407.869659424, 110.336166382, 195.160003662, -0.046659912914, 102.457595825, 0.0156544409692], [-80.9622421265, 182.94708252, 65.9011535645, 105.41002655, 183.260055542, 92.6433029175, 152.354110718, 110.336166382, 224.880737305, 90.2776184082, 70.8575820923, 41.4297523499, 57.0301704407], [993.646179199, -269.924560547, 157.170257568, 190.74671936, 149.916793823, 285.53918457, 116.967956543, 195.160003662, 90.2776184082, 247.040603638, 62.9997711182, 74.9579925537, 10.0905685425], [-530.451416016, 304.506622314, -69.8318023682, -51.3537864685, 98.2503814697, 36.9353218079, 156.584075928, -0.046659912914, 70.8575820923, 62.9997711182, 219.675811768, 47.028755188, 68.1290817261], [441.291137695, -162.882736206, 97.3737564087, 102.90460968, 75.8943557739, 114.571533203, 64.1358184814, 102.457595825, 41.4297523499, 74.9579925537, 47.028755188, 147.619155884, 38.2542457581], [-364.168945312, 126.969535828, -69.9272766113, -13.088514328, 21.3597049713, -16.0746822357, 56.3816070557, 0.0156544409692, 57.0301704407, 10.0905685425, 68.1290817261, 38.2542457581, 119.262184143]],
        "icov": [[0.000124269994558, -0.000276140141068, 0.000325966830133, -0.000279577740002, 0.000151023137732, -0.000294507393846, 0.000260994478595, -0.000403847749112, 0.000343771360349, -0.000473441294162, 0.000532601727173, -0.000501704809722, 0.000376155396225], [-0.000276140141068, 0.00162661739159, -0.000980663578957, 0.001014903537, -0.00110908027273, 0.000762282230426, -0.000960064702667, 0.00134690408595, -0.00135635072365, 0.00235276622698, -0.0022734797094, 0.002257110551, -0.00125919131096], [0.000325966830133, -0.000980663578957, 0.00177024165168, -0.00101992255077, 0.000405491970014, -0.001022463548, 0.000656693591736, -0.00143865088467, 0.00111932284199, -0.00136869912967, 0.00195401022211, -0.00184554792941, 0.0015009897761], [-0.000279577740002, 0.001014903537, -0.00101992255077, 0.00255944393575, -0.00125685031526, 0.000552867364604, -0.000299492676277, 0.000461731571704, -0.00112637912389, 0.00114435108844, -0.000980166136287, 0.00122997362632, -0.00120296422392], [0.000151023137732, -0.00110908027273, 0.000405491970014, -0.00125685031526, 0.00338864629157, -0.000848201219924, -0.00053736299742, -0.000373962539015, -0.000301549909636, -0.00138988764957, 0.00115360040218, -0.00159442378208, 0.0013888067333], [-0.000294507393846, 0.000762282230426, -0.001022463548, 0.000552867364604, -0.000848201219924, 0.00402811728418, -0.00190759683028, -0.000339720398188, 0.000417914328864, -0.00102246389724, -0.000784656323958, 0.00122061453294, -0.00070956669515], [0.000260994478595, -0.000960064702667, 0.000656693591736, -0.000299492676277, -0.00053736299742, -0.00190759683028, 0.00584596442059, -0.0016169998562, -0.000511604070198, -0.000445813348051, -0.00113973929547, -0.00113251979928, 0.000543581671081], [-0.000403847749112, 0.00134690408595, -0.00143865088467, 0.000461731571704, -0.000373962539015, -0.000339720398188, -0.0016169998562, 0.00771056860685, -0.00292439968325, 0.00011769059347, -0.00066383718513, 0.000365396612324, -0.00102485879324], [0.000343771360349, -0.00135635072365, 0.00111932284199, -0.00112637912389, -0.000301549909636, 0.000417914328864, -0.000511604070198, -0.00292439968325, 0.00925896968693, -0.00392713677138, 0.00211466336623, -0.00128062732983, -0.00151355506387], [-0.000473441294162, 0.00235276622698, -0.00136869912967, 0.00114435108844, -0.00138988764957, -0.00102246389724, -0.000445813348051, 0.00011769059347, -0.00392713677138, 0.0129627147689, -0.00619421014562, 0.00242808763869, -0.000764725496992], [0.000532601727173, -0.0022734797094, 0.00195401022211, -0.000980166136287, 0.00115360040218, -0.000784656323958, -0.00113973929547, -0.00066383718513, 0.00211466336623, -0.00619421014562, 0.0121172145009, -0.00490732910112, -0.0005237084697], [-0.000501704809722, 0.002257110551, -0.00184554792941, 0.00122997362632, -0.00159442378208, 0.00122061453294, -0.00113251979928, 0.000365396612324, -0.00128062732983, 0.00242808763869, -0.00490732910112, 0.0132001917809, -0.0049204044044], [0.000376155396225, -0.00125919131096, 0.0015009897761, -0.00120296422392, 0.0013888067333, -0.00070956669515, 0.000543581671081, -0.00102485879324, -0.00151355506387, -0.000764725496992, -0.0005237084697, -0.0049204044044, 0.0136867910624]]
    },
    "melbands": {
        "dmean": [0.00159356987569, 0.00114642723929, 0.000493907369673, 0.000425813836046, 0.000389205320971, 0.000305596768158, 0.000382496131351, 0.000305677385768, 0.000240847904934, 0.000165283519891, 0.000106439649244, 7.8649893112e-05, 5.68046780245e-05, 5.6376982684e-05, 4.36679620179e-05, 4.15706417698e-05, 3.10378309223e-05, 2.29196266446e-05, 1.70964376593e-05, 1.69461054611e-05, 1.09507063826e-05, 1.02532358142e-05, 6.53350161883e-06, 5.07389449922e-06, 3.37337792189e-06, 3.08091443912e-06, 3.45891180586e-06, 3.55016345566e-06, 3.38088079843e-06, 2.86019349005e-06, 2.0949582904e-06, 2.08132291846e-06, 2.62785260929e-06, 1.79702271907e-06, 1.31864851483e-06, 9.4400678563e-07, 8.23883624435e-07, 7.29670659894e-07, 7.42499821627e-07, 7.9052347246e-07],
        "dmean2": [0.00154759187717, 0.00165638083126, 0.000869195675477, 0.000705115904566, 0.000610816932749, 0.0004962827079, 0.000611760653555, 0.000475019565783, 0.000375618517864, 0.000253746489761, 0.000165047546034, 0.000123445337522, 8.75382102095e-05, 8.86976558832e-05, 6.92681060173e-05, 6.79534277879e-05, 4.91295577376e-05, 3.69477857021e-05, 2.72216020676e-05, 2.74353878922e-05, 1.71259853232e-05, 1.61234493135e-05, 1.01598079709e-05, 7.85288921179e-06, 5.27186602994e-06, 4.78340552945e-06, 5.43497799299e-06, 5.71563441554e-06, 5.61743854632e-06, 4.7488256314e-06, 3.41555937666e-06, 3.26350800606e-06, 4.20454307459e-06, 2.85235432784e-06, 2.06282084037e-06, 1.47466721501e-06, 1.24533823964e-06, 1.07804714844e-06, 1.07817345452e-06, 1.23400400298e-06],
        "dvar": [1.58824113896e-05, 1.08843814814e-05, 3.1504753224e-06, 8.46260263643e-07, 5.06063884131e-07, 3.06191680011e-07, 5.34560683718e-07, 3.24975644617e-07, 2.77227599099e-07, 1.3333790605e-07, 6.46393800707e-08, 3.20848840829e-08, 1.57820974067e-08, 2.3338905919e-08, 1.54843817768e-08, 1.11142934855e-08, 7.27361637587e-09, 2.74737033124e-09, 1.20574050744e-09, 1.42229739097e-09, 6.23711637893e-10, 5.43253164675e-10, 1.5151715993e-10, 9.62266100135e-11, 5.53453012586e-11, 6.10212574914e-11, 9.69094041126e-11, 8.13345016337e-11, 1.06039205194e-10, 7.7976874957e-11, 4.03750748112e-11, 3.41575309704e-11, 7.43798148073e-11, 2.25598081882e-11, 9.05542307805e-12, 4.79378299209e-12, 3.12284334676e-12, 2.34164684171e-12, 3.02673879883e-12, 4.31359028358e-12],
        "dvar2": [1.70266612258e-05, 2.75201400655e-05, 8.9277727966e-06, 2.33064179156e-06, 1.20660774883e-06, 7.75662499564e-07, 1.28457486426e-06, 7.65673917158e-07, 6.43354610474e-07, 2.77720829445e-07, 1.41542898291e-07, 7.22699411426e-08, 3.51844278157e-08, 4.98949148664e-08, 3.73344128946e-08, 3.02415479325e-08, 1.80788131132e-08, 6.91509960404e-09, 2.88135115767e-09, 3.57739615708e-09, 1.42120448743e-09, 1.39156686174e-09, 3.43903405753e-10, 2.18776205485e-10, 1.34201136315e-10, 1.35861127903e-10, 2.27501184558e-10, 2.0134588441e-10, 2.78808004461e-10, 1.97082086761e-10, 1.03155851916e-10, 8.33410493395e-11, 1.82325030074e-10, 5.36903022041e-11, 2.25017383199e-11, 1.16007490072e-11, 7.38116772564e-12, 5.10456607539e-12, 6.80019885888e-12, 1.07108133127e-11],
        "max": [0.0558670423925, 0.0357839725912, 0.0197424069047, 0.0119394389912, 0.0104885362089, 0.00825804565102, 0.0149305341765, 0.0122794779018, 0.00983064621687, 0.00888099055737, 0.00670869462192, 0.00425455905497, 0.00340497097932, 0.00425473740324, 0.00432202965021, 0.00215973192826, 0.00215307227336, 0.00175946601667, 0.000888031034265, 0.000615645432845, 0.000629855203442, 0.000641957623884, 0.000255503284279, 0.00016050740669, 0.000248802825809, 0.000259067659499, 0.00030289881397, 0.000166742800502, 0.000203078554478, 0.000189957892871, 0.000159263290698, 0.000130299187731, 0.000123476886074, 5.02280163346e-05, 3.93100854126e-05, 2.78153365798e-05, 2.22208291234e-05, 1.65358887898e-05, 2.0929843231e-05, 1.96876844711e-05],
        "mean": [0.00421207631007, 0.00216947426088, 0.000613826501649, 0.000650406815112, 0.00074284535367, 0.000500209163874, 0.000613330805209, 0.000511607853696, 0.000410796666984, 0.000271834171144, 0.000164536584634, 0.000121429169667, 8.80725492607e-05, 8.43830930535e-05, 6.26190376352e-05, 5.8149726101e-05, 4.60252085759e-05, 3.21790357702e-05, 2.43614267674e-05, 2.50633293035e-05, 1.5195794731e-05, 1.50770010805e-05, 1.00567303889e-05, 8.04194223747e-06, 5.44597105545e-06, 4.93778452437e-06, 5.0796825235e-06, 4.84681459056e-06, 3.97458416046e-06, 3.06585138787e-06, 2.3070779207e-06, 2.35672928284e-06, 2.74059925687e-06, 1.97004260372e-06, 1.57530644174e-06, 1.17451543247e-06, 1.00122338154e-06, 9.51142908434e-07, 8.80826519278e-07, 8.02590875537e-07],
        "median": [2.06711047213e-05, 9.31531831156e-05, 0.000139265539474, 0.000297613267321, 0.000302993779769, 0.000239737681113, 0.000283253932139, 0.000202075112611, 0.000122751327581, 6.52693852317e-05, 4.57053065475e-05, 3.80965648219e-05, 2.4892437068e-05, 1.8396129235e-05, 1.56588739628e-05, 1.25390288304e-05, 1.02585363493e-05, 9.39689380175e-06, 7.56170720706e-06, 6.20936680207e-06, 3.67888742403e-06, 3.82733742299e-06, 3.2778136756e-06, 2.62081061919e-06, 2.03874537874e-06, 1.84903365152e-06, 1.78162679276e-06, 1.46676825352e-06, 1.09588972919e-06, 6.41392261969e-07, 4.15683160782e-07, 4.21109859872e-07, 4.95312633575e-07, 3.9465820123e-07, 3.90600916944e-07, 2.88798617021e-07, 2.35861364217e-07, 2.1475699441e-07, 1.75578378503e-07, 1.19315728853e-07],
        "min": [1.40055114531e-24, 2.67942463751e-24, 3.35488580152e-24, 3.58240196406e-24, 3.40960947695e-24, 3.32865657086e-24, 2.56519580349e-24, 2.50494043818e-24, 1.49301382783e-24, 2.56947813492e-24, 4.89118531469e-24, 2.94965998464e-24, 5.03577089685e-24, 3.85645027038e-24, 5.41071530181e-24, 3.74175699451e-24, 4.26044329489e-24, 4.7765863077e-24, 4.70930751654e-24, 5.04582966225e-24, 1.92637072042e-24, 3.53084162086e-24, 3.73362581073e-24, 4.57054964432e-24, 2.243846214e-24, 4.40970327233e-24, 4.54218378389e-24, 6.42422407131e-24, 4.6233362718e-24, 5.2050939737e-24, 5.39715517728e-24, 7.42803419042e-24, 6.22610875471e-24, 7.16254857479e-24, 6.93103446519e-24, 5.78161087817e-24, 6.18903032002e-24, 9.16494576495e-24, 8.25426343672e-24, 5.65546452525e-24],
        "var": [9.31045942707e-05, 1.87400346476e-05, 2.91392052532e-06, 1.03886327452e-06, 1.34674905894e-06, 5.61442220715e-07, 9.40628012813e-07, 7.02065278801e-07, 5.64853507967e-07, 3.29716783654e-07, 1.40261363413e-07, 7.07642513476e-08, 3.36688614766e-08, 5.28522221543e-08, 2.68137476667e-08, 1.88696311909e-08, 1.53809356362e-08, 4.28946922426e-09, 1.87815785146e-09, 2.5125859171e-09, 9.80486025703e-10, 1.0025391628e-09, 3.0074950863e-10, 2.03044234204e-10, 8.62258250911e-11, 1.05680353357e-10, 1.55121041012e-10, 1.13060873164e-10, 1.00009042714e-10, 8.15901513018e-11, 4.85796715355e-11, 4.06249686669e-11, 6.79736961162e-11, 2.28121844331e-11, 1.03203010374e-11, 5.77177368399e-12, 3.94040529372e-12, 3.29062168139e-12, 3.80078434004e-12, 4.13866683979e-12]
    },
    "mfcc": {
        "mean": [-687.85736084, 129.918258667, 0.734535694122, 4.88141489029, -10.6487569809, -11.0019817352, -13.4219093323, -8.18464946747, -8.54138183594, -2.18445611, -3.95890212059, -1.62886953354, -0.386776804924],
        "cov": [[14607.28125, -374.773345947, 43.8135108948, 559.242126465, 774.243408203, 908.609741211, 646.102966309, 709.952209473, 716.694519043, 770.753051758, 427.423675537, 341.405792236, 282.25302124], [-374.773345947, 2253.46118164, -38.7039642334, -41.1388053894, 105.454689026, 84.6734085083, 209.934539795, 72.0605926514, -33.2358970642, -3.76716303825, 73.5514068604, 19.2471981049, 42.8073806763], [43.8135108948, -38.7039642334, 1065.41137695, 293.070373535, 294.928314209, 226.382629395, 171.42956543, 196.153335571, 163.544433594, 83.459854126, 84.0949707031, 71.8748245239, 31.3208866119], [559.242126465, -41.1388053894, 293.070373535, 608.811218262, 305.365570068, 157.435714722, 97.9195480347, 141.249343872, 161.860610962, 90.190284729, 52.8353233337, 91.1283111572, 77.2886886597], [774.243408203, 105.454689026, 294.928314209, 305.365570068, 479.894805908, 273.792297363, 179.766235352, 188.944717407, 185.377502441, 151.664169312, 105.775482178, 98.3724899292, 83.1677703857], [908.609741211, 84.6734085083, 226.382629395, 157.435714722, 273.792297363, 464.257965088, 300.414428711, 202.080627441, 188.921966553, 181.265594482, 168.609786987, 113.7629776, 98.6399307251], [646.102966309, 209.934539795, 171.42956543, 97.9195480347, 179.766235352, 300.414428711, 409.207794189, 211.625289917, 143.354263306, 165.657119751, 167.442657471, 120.404083252, 113.756988525], [709.952209473, 72.0605926514, 196.153335571, 141.249343872, 188.944717407, 202.080627441, 211.625289917, 287.109008789, 188.363311768, 126.275474548, 120.75566864, 100.864624023, 94.2023773193], [716.694519043, -33.2358970642, 163.544433594, 161.860610962, 185.377502441, 188.921966553, 143.354263306, 188.363311768, 268.849212646, 163.427703857, 117.73046875, 90.5765838623, 78.355430603], [770.753051758, -3.76716303825, 83.459854126, 90.190284729, 151.664169312, 181.265594482, 165.657119751, 126.275474548, 163.427703857, 241.974914551, 133.437210083, 78.2888870239, 68.6928787231], [427.423675537, 73.5514068604, 84.0949707031, 52.8353233337, 105.775482178, 168.609786987, 167.442657471, 120.75566864, 117.73046875, 133.437210083, 193.663391113, 102.848190308, 77.1100387573], [341.405792236, 19.2471981049, 71.8748245239, 91.1283111572, 98.3724899292, 113.7629776, 120.404083252, 100.864624023, 90.5765838623, 78.2888870239, 102.848190308, 156.577789307, 98.7198028564], [282.25302124, 42.8073806763, 31.3208866119, 77.2886886597, 83.1677703857, 98.6399307251, 113.756988525, 94.2023773193, 78.355430603, 68.6928787231, 77.1100387573, 98.7198028564, 137.472839355]],
