{
"lowlevel": {
    "average_loudness": 0.918412983418,
    "barkbands_crest": {
        "dmean": 2.97828698158,
        "dmean2": 4.55208110809,
        "dvar": 8.53360843658,
        "dvar2": 17.8505783081,
        "max": 26.8871574402,
        "mean": 10.8795289993,
        "median": 9.92507743835,
        "min": 2.00380825996,
        "var": 28.1651763916
    },
    "barkbands_flatness_db": {
        "dmean": 0.0282211173326,
        "dmean2": 0.0399114973843,
        "dvar": 0.000854191719554,
        "dvar2": 0.00168523425236,
        "max": 0.827164292336,
        "mean": 0.135403707623,
        "median": 0.120762199163,
        "min": 0.0161645635962,
        "var": 0.00630653183907
    },
    "barkbands_kurtosis": {
        "dmean": 7.84788179398,
        "dmean2": 12.3627996445,
        "dvar": 32066.5761719,
        "dvar2": 86696.796875,
        "max": 13497.7294922,
        "mean": 8.18974781036,
        "median": 0.558950901031,
        "min": -1.8798815012,
        "var": 22037.2011719
    },
    "barkbands_skewness": {
        "dmean": 0.741523444653,
        "dmean2": 1.08657801151,
        "dvar": 2.73594784737,
        "dvar2": 6.06421661377,
        "max": 109.078903198,
        "mean": 1.56330287457,
        "median": 1.13614571095,
        "min": -3.38850927353,
        "var": 5.12713813782
    },
    "barkbands_spread": {
        "dmean": 7.99283027649,
        "dmean2": 11.5637197495,
        "dvar": 93.2250442505,
        "dvar2": 186.850708008,
        "max": 126.561912537,
        "mean": 28.7410793304,
        "median": 24.8662929535,
        "min": 0.0367433317006,
        "var": 377.80859375
    },
    "dissonance": {
        "dmean": 0.0155953280628,
        "dmean2": 0.0257678907365,
        "dvar": 0.000320386257954,
        "dvar2": 0.000817031483166,
        "max": 0.500000119209,
        "mean": 0.471336036921,
        "median": 0.479503899813,
        "min": 0.220872119069,
        "var": 0.000748519494664
    },
    "dynamic_complexity": 3.43620920181,
    "erbbands_crest": {
        "dmean": 2.65892481804,
        "dmean2": 4.13458442688,
        "dvar": 8.40519523621,
        "dvar2": 17.4830474854,
        "max": 33.1979827881,
        "mean": 8.84724903107,
        "median": 6.90457105637,
        "min": 2.37753224373,
        "var": 33.7128334045
    },
    "erbbands_flatness_db": {
        "dmean": 0.0193396862596,
        "dmean2": 0.0267588887364,
        "dvar": 0.000407748913858,
        "dvar2": 0.000718366878573,
        "max": 0.44576138258,
        "mean": 0.163272187114,
        "median": 0.139432474971,
        "min": 0.0440248809755,
        "var": 0.00547592993826
    },
    "erbbands_kurtosis": {
        "dmean": 1.65379691124,
        "dmean2": 2.53151249886,
        "dvar": 46.5475158691,
        "dvar2": 92.2395706177,
        "max": 281.651184082,
        "mean": 1.81153964996,
        "median": -0.228285074234,
        "min": -1.83117902279,
        "var": 220.216812134
    },
    "erbbands_skewness": {
        "dmean": 0.424632549286,
        "dmean2": 0.619245111942,
        "dvar": 0.313351780176,
        "dvar2": 0.581276059151,
        "max": 15.7016706467,
        "mean": 0.124463304877,
        "median": -0.0691676586866,
        "min": -3.27149701118,
        "var": 2.01615142822
    },
    "erbbands_spread": {
        "dmean": 9.44809818268,
        "dmean2": 13.8668823242,
        "dvar": 112.044784546,
        "dvar2": 220.378997803,
        "max": 173.05569458,
        "mean": 41.5602798462,
        "median": 37.4637489319,
        "min": 0.885578632355,
        "var": 503.778045654
    },
    "hfc": {
        "dmean": 13.818780899,
        "dmean2": 18.7778244019,
        "dvar": 528.090515137,
        "dvar2": 1083.7767334,
        "max": 293.118011475,
        "mean": 30.080411911,
        "median": 18.9160270691,
        "min": 1.07122046613e-16,
        "var": 1179.37573242
    },
    "melbands_crest": {
        "dmean": 3.83225655556,
        "dmean2": 6.03816080093,
        "dvar": 13.4786252975,
        "dvar2": 32.4625053406,
        "max": 39.9896392822,
        "mean": 15.9126634598,
        "median": 15.3739337921,
        "min": 1.51415896416,
        "var": 42.2859954834
    },
    "melbands_flatness_db": {
        "dmean": 0.0351018719375,
        "dmean2": 0.0498276092112,
        "dvar": 0.00135587994009,
        "dvar2": 0.00276438565925,
        "max": 0.933489978313,
        "mean": 0.180640876293,
        "median": 0.172419935465,
        "min": 0.00272955698892,
        "var": 0.00785684492439
    },
    "melbands_kurtosis": {
        "dmean": 23.3819942474,
        "dmean2": 35.9452438354,
        "dvar": 154368.015625,
        "dvar2": 474945.75,
        "max": 27448.5332031,
        "mean": 64.3508605957,
        "median": 6.09256744385,
        "min": -1.91361343861,
        "var": 579488.5625
    },
    "melbands_skewness": {
        "dmean": 1.05659735203,
        "dmean2": 1.53794741631,
        "dvar": 5.58683443069,
        "dvar2": 13.7451639175,
        "max": 158.841430664,
        "mean": 3.26188206673,
        "median": 2.33694171906,
        "min": -2.19702100754,
        "var": 15.6541910172
    },
    "melbands_spread": {
        "dmean": 10.6528959274,
        "dmean2": 16.1954135895,
        "dvar": 187.913879395,
        "dvar2": 423.896057129,
        "max": 188.210891724,
        "mean": 30.6118144989,
        "median": 24.2053871155,
        "min": 0.00588478101417,
        "var": 666.076171875
    },
    "pitch_salience": {
        "dmean": 0.0876068547368,
        "dmean2": 0.13630656898,
        "dvar": 0.00804760958999,
        "dvar2": 0.0177718177438,
        "max": 0.972431778908,
        "mean": 0.519975543022,
        "median": 0.541735887527,
        "min": 0.00107970228419,
        "var": 0.0232668984681
    },
    "silence_rate_20dB": {
        "dmean": 0,
        "dmean2": 0,
        "dvar": 0,
        "dvar2": 0,
        "max": 1,
        "mean": 1,
        "median": 1,
        "min": 1,
        "var": 0
    },
    "silence_rate_30dB": {
        "dmean": 0.0285714287311,
        "dmean2": 0.0571490414441,
        "dvar": 0.0277522895485,
        "dvar2": 0.0588642545044,
        "max": 1,
        "mean": 0.970890581608,
        "median": 1,
        "min": 0,
        "var": 0.0282654948533
    },
    "silence_rate_60dB": {
        "dmean": 0.0415584407747,
        "dmean2": 0.0831258818507,
        "dvar": 0.0398342348635,
        "dvar2": 0.0865980535746,
        "max": 1,
        "mean": 0.111135154963,
        "median": 0,
        "min": 0,
        "var": 0.0987793877721
    },
    "spectral_centroid": {
        "dmean": 331.983673096,
        "dmean2": 498.430450439,
        "dvar": 128560.96875,
        "dvar2": 282177.1875,
        "max": 12068.4023438,
        "mean": 1759.8984375,
        "median": 1652.11975098,
        "min": 28.8874015808,
        "var": 1060381.375
    },
    "spectral_complexity": {
        "dmean": 5.01580095291,
        "dmean2": 7.39041042328,
        "dvar": 34.7039451599,
        "dvar2": 71.5312957764,
        "max": 58,
        "mean": 20.7598743439,
        "median": 19,
        "min": 0,
        "var": 177.740570068
    },
    "spectral_decrease": {
        "dmean": 2.37430941574e-09,
        "dmean2": 3.19753534761e-09,
        "dvar": 1.4376663744e-17,
        "dvar2": 2.07153074189e-17,
        "max": 1.83142227497e-28,
        "mean": -6.63468924245e-09,
        "median": -5.06647790388e-09,
        "min": -4.95579790538e-08,
        "var": 4.55077152852e-17
    },
    "spectral_energy": {
        "dmean": 0.00969820003957,
        "dmean2": 0.0128617947921,
        "dvar": 0.000214915635297,
        "dvar2": 0.000309192109853,
        "max": 0.188895747066,
        "mean": 0.02776918374,
        "median": 0.0214125905186,
        "min": 9.9744031279e-21,
        "var": 0.00072247342905
    },
    "spectral_energyband_high": {
        "dmean": 0.00122837850358,
        "dmean2": 0.0016776274424,
        "dvar": 5.74659270569e-06,
        "dvar2": 1.14458889584e-05,
        "max": 0.0284590497613,
        "mean": 0.00205816631205,
        "median": 0.000499908463098,
        "min": 7.16476220053e-21,
        "var": 1.16369128591e-05
    },
    "spectral_energyband_low": {
        "dmean": 0.00619745440781,
        "dmean2": 0.0085528427735,
        "dvar": 0.000239769404288,
        "dvar2": 0.000362104357919,
        "max": 0.18739823997,
        "mean": 0.0119066536427,
        "median": 0.00120725808665,
        "min": 1.98216290794e-23,
        "var": 0.000576754508074
    },
    "spectral_energyband_middle_high": {
        "dmean": 0.00228521740064,
        "dmean2": 0.00343290879391,
        "dvar": 1.08327649286e-05,
        "dvar2": 2.33577102335e-05,
        "max": 0.0582873672247,
        "mean": 0.00589186651632,
        "median": 0.0038040257059,
        "min": 1.22699813949e-21,
        "var": 3.89536035073e-05
    },
    "spectral_energyband_middle_low": {
        "dmean": 0.00411574868485,
        "dmean2": 0.00647455034778,
        "dvar": 4.12555855291e-05,
        "dvar2": 0.000101609235571,
        "max": 0.0615875981748,
        "mean": 0.00872985087335,
        "median": 0.00650483323261,
        "min": 1.64329596785e-22,
        "var": 6.81082092342e-05
    },
    "spectral_entropy": {
        "dmean": 0.18890491128,
        "dmean2": 0.262866526842,
        "dvar": 0.0459448024631,
        "dvar2": 0.0879032686353,
        "max": 9.82587718964,
        "mean": 7.78042650223,
        "median": 7.84514856339,
        "min": 4.44534158707,
        "var": 0.301450192928
    },
    "spectral_flux": {
        "dmean": 0.0268129017204,
        "dmean2": 0.0391228273511,
        "dvar": 0.00110826222226,
        "dvar2": 0.00212775799446,
        "max": 0.386473596096,
        "mean": 0.0872968286276,
        "median": 0.0738793537021,
        "min": 6.32925378774e-11,
        "var": 0.00360968522727
    },
    "spectral_kurtosis": {
        "dmean": 1.58650505543,
        "dmean2": 2.57048368454,
        "dvar": 4.66545391083,
        "dvar2": 13.3163366318,
        "max": 30.9333763123,
        "mean": 3.86338472366,
        "median": 3.04910707474,
        "min": -1.26077270508,
        "var": 10.3339509964
    },
    "spectral_rms": {
        "dmean": 0.000865339417942,
        "dmean2": 0.00114262837451,
        "dvar": 1.03857553313e-06,
        "dvar2": 1.54725034918e-06,
        "max": 0.0135752912611,
        "mean": 0.00462343078107,
        "median": 0.0045705945231,
        "min": 3.11947516429e-12,
        "var": 5.71588361709e-06
    },
    "spectral_rolloff": {
        "dmean": 913.055725098,
        "dmean2": 1409.7322998,
        "dvar": 2038368.625,
        "dvar2": 4139614.75,
        "max": 19444.4824219,
        "mean": 2457.37915039,
        "median": 1744.18945312,
        "min": 21.533203125,
        "var": 7183136
    },
    "spectral_skewness": {
        "dmean": 0.225102573633,
        "dmean2": 0.348839104176,
        "dvar": 0.0578815601766,
        "dvar2": 0.1470348984,
        "max": 4.48700475693,
        "mean": 1.3791834116,
        "median": 1.33347344398,
        "min": -0.116482362151,
        "var": 0.213968217373
    },
    "spectral_spread": {
        "dmean": 614405.875,
        "dmean2": 823277.4375,
        "dvar": 622022295552,
        "dvar2": 1.0973109289e+12,
        "max": 41927368,
        "mean": 5178283.5,
        "median": 4916957,
        "min": 1581813.5,
        "var": 1.0527910658e+13
    },
    "spectral_strongpeak": {
        "dmean": 0.478297054768,
        "dmean2": 0.782129824162,
        "dvar": 0.811818122864,
        "dvar2": 1.99234390259,
        "max": 13.7680339813,
        "mean": 0.858480393887,
        "median": 0.522112429142,
        "min": 0,
        "var": 1.1314573288
    },
    "zerocrossingrate": {
        "dmean": 0.0170015413314,
        "dmean2": 0.0179966446012,
        "dvar": 0.00036390175228,
        "dvar2": 0.000409313215641,
        "max": 0.69091796875,
        "mean": 0.0834737420082,
        "median": 0.06640625,
        "min": 0,
        "var": 0.00427490426227
    },
    "barkbands": {
        "dmean": [0.000350038259057, 0.00453427154571, 0.00299762981012, 0.00176506885327, 0.00140068563633, 0.000513661303557, 0.00100779021159, 0.000669350847602, 0.000520049536135, 0.000433829089161, 0.000348915840732, 0.000469682738185, 0.00045949529158, 0.000305058289086, 0.000411541201174, 0.000460239563836, 0.000271163211437, 0.000302808533888, 0.000227317257668, 0.000225431344006, 0.000205632502912, 0.000251694669714, 0.000212458253372, 0.000205476942938, 0.000167014834005, 0.000146795035107, 4.82213945361e-05],
        "dmean2": [0.000591889081988, 0.00625395495445, 0.00492046028376, 0.00301086693071, 0.00237559736706, 0.000811369274743, 0.0015571846161, 0.00102342455648, 0.00085411517648, 0.000683291757014, 0.000561398395803, 0.000732161221094, 0.000751459097955, 0.000490551115945, 0.000658276549075, 0.000719979521818, 0.000440784264356, 0.000490606413223, 0.000371244968846, 0.000356970675057, 0.000326507841237, 0.000369536370272, 0.000310634670313, 0.000276437698631, 0.00023252441315, 0.000226577176363, 7.59303147788e-05],
        "dvar": [6.5790680992e-07, 0.000151317304699, 0.000109727130621, 2.21652098844e-05, 1.17944000522e-05, 1.06225024865e-06, 3.11517783302e-06, 2.49145773523e-06, 1.46798970491e-06, 9.46549107539e-07, 5.45768557458e-07, 1.48748438278e-06, 1.18997900245e-06, 3.71699456991e-07, 6.58808346543e-07, 1.22040205497e-06, 2.77555528783e-07, 3.39614473432e-07, 1.58850212983e-07, 1.66123399481e-07, 1.82325877063e-07, 2.31562040653e-07, 2.04085452538e-07, 1.56571445586e-07, 1.12142728881e-07, 2.23383736397e-07, 3.54180791362e-08],
        "dvar2": [1.77315973815e-06, 0.000242172274739, 0.000275933503872, 6.03598164162e-05, 3.25794244418e-05, 2.55496502177e-06, 7.21298283679e-06, 5.19811374033e-06, 3.8115388179e-06, 2.08200208363e-06, 1.32072614178e-06, 3.37409483109e-06, 2.89651825369e-06, 9.09389996195e-07, 1.51923961766e-06, 2.72937722912e-06, 6.87446572556e-07, 8.00258760592e-07, 4.12092617808e-07, 3.9995470047e-07, 4.51763327192e-07, 4.84364761633e-07, 4.39768115257e-07, 2.86922329451e-07, 2.19023021941e-07, 5.1350201602e-07, 8.36189713027e-08],
        "max": [0.0118996491656, 0.140834122896, 0.122665569186, 0.046382561326, 0.0384691171348, 0.0265713781118, 0.0317366309464, 0.0331394262612, 0.0224116370082, 0.0236037671566, 0.0242541432381, 0.0297301188111, 0.0203888583928, 0.0106950355694, 0.0185043849051, 0.044443834573, 0.0179504789412, 0.0118450820446, 0.00595449050888, 0.0109961796552, 0.00516094779596, 0.00642153387889, 0.00588844250888, 0.0060216980055, 0.00394362211227, 0.00735058262944, 0.00313282129355],
        "mean": [0.000438885588665, 0.00745410425588, 0.00327957142144, 0.00208033435047, 0.00201320205815, 0.000896087614819, 0.00174506835174, 0.00107632565778, 0.00077806256013, 0.00070418685209, 0.000510715530254, 0.000734103552531, 0.000645085761789, 0.000461719144369, 0.000633366114926, 0.000733221822884, 0.0004614260979, 0.000516979605891, 0.000395418086555, 0.000371488160454, 0.000322532345308, 0.000426466052886, 0.000322210486047, 0.000334526353981, 0.000249425589573, 0.000145301557495, 3.93425616494e-05],
        "median": [2.2002204787e-05, 0.000193532716366, 0.000171223815414, 0.000382477359381, 0.000728467828594, 0.000401416415116, 0.000596788246185, 0.000302718748571, 0.000251911347732, 0.00020455167396, 0.000140395597555, 0.000244960130658, 0.000206282624276, 0.000199700079975, 0.000271999510005, 0.000271668483038, 0.000197080880753, 0.000231905913097, 0.000195599714061, 0.000170931089087, 0.000113001238788, 9.08618749236e-05, 6.32383162156e-05, 5.27190095454e-05, 3.47952918673e-05, 9.86453687801e-06, 3.05130299694e-07],
        "min": [5.78529584467e-25, 4.90270544492e-24, 1.88072880616e-24, 7.86238682268e-25, 1.4682307567e-23, 1.16322328861e-23, 1.17122423145e-23, 7.18904404602e-24, 2.61372636861e-23, 1.30961883322e-23, 1.69382288748e-23, 2.28296929728e-23, 2.03948201463e-23, 4.01915543532e-23, 4.6929231122e-23, 6.20662949127e-23, 8.29857817139e-23, 7.63886010724e-23, 1.6211566181e-22, 1.27725781829e-22, 3.05674008225e-22, 3.44575326925e-22, 4.0347539291e-22, 6.20425748119e-22, 8.9512655285e-22, 1.35648229858e-21, 2.09642302344e-21],
        "var": [1.00122736058e-06, 0.000288298615487, 9.91465494735e-05, 2.04378175113e-05, 1.22756073324e-05, 2.69272163678e-06, 8.06786465546e-06, 6.01157353231e-06, 2.13596490539e-06, 2.83874874185e-06, 1.13311955374e-06, 2.4909302283e-06, 1.73855926278e-06, 6.0102831867e-07, 1.09733889531e-06, 1.9665731088e-06, 5.66355197407e-07, 6.73722297506e-07, 2.85839291791e-07, 2.7043122941e-07, 2.76600161442e-07, 5.09251435687e-07, 3.50186780906e-07, 3.5704158563e-07, 2.09656221273e-07, 2.21144418333e-07, 3.18068273941e-08]
    },
    "erbbands": {
        "dmean": [0.119281969965, 1.15982425213, 3.39700222015, 4.3325214386, 5.90862941742, 4.18838977814, 3.20964622498, 4.8286485672, 11.6492786407, 15.0979166031, 14.3886232376, 12.8780632019, 9.58813381195, 15.2797040939, 12.796869278, 21.021692276, 20.4953517914, 14.4185152054, 20.532289505, 20.3227615356, 23.9256439209, 13.7797374725, 16.5596752167, 13.1879272461, 9.71584224701, 11.0983715057, 8.71630954742, 8.39901733398, 9.37229633331, 7.94716405869, 5.72219276428, 4.73875141144, 3.1314895153, 2.46075415611, 0.853105425835, 0.474276870489, 0.295001238585, 0.0940401703119, 0.00816352386028, 0.000129753272631],
        "dmean2": [0.178421035409, 1.53952670097, 5.30361366272, 7.47220659256, 9.59574985504, 7.12320661545, 5.15438270569, 7.67043924332, 18.3221282959, 22.8276062012, 22.097366333, 21.1283187866, 15.0677309036, 24.1354942322, 20.050327301, 32.6002464294, 33.2513275146, 23.2171192169, 32.5163993835, 31.8176441193, 38.0683860779, 21.7932987213, 26.4791221619, 21.7471694946, 15.6571683884, 17.5877628326, 13.6294689178, 13.3199443817, 14.2091808319, 11.5549583435, 8.49248027802, 6.42512655258, 4.28917837143, 3.46601629257, 1.20366740227, 0.711104214191, 0.457474142313, 0.149213016033, 0.0129466429353, 0.000199541260372],
        "dvar": [0.0945837497711, 10.6456947327, 127.87853241, 148.522766113, 196.92565918, 102.254592896, 51.4745941162, 92.9000930786, 456.316345215, 821.915588379, 1192.38244629, 879.308410645, 340.447509766, 1381.03161621, 673.782409668, 3252.82226562, 2178.1328125, 1179.05200195, 1473.7980957, 2260.01513672, 3320.12695312, 694.227844238, 1172.80004883, 510.526733398, 311.126617432, 407.666748047, 327.134979248, 277.971496582, 330.601654053, 279.180358887, 151.861465454, 86.1026153564, 36.2719497681, 24.6229076385, 3.12706446648, 1.70628035069, 0.951232016087, 0.122186109424, 0.0010522454977, 2.17564135596e-07],
        "dvar2": [0.212758347392, 17.8235664368, 290.087280273, 410.701629639, 494.449066162, 278.699829102, 115.203865051, 216.992919922, 1130.61364746, 1756.4453125, 2676.1875, 2312.26513672, 805.147094727, 3079.62963867, 1545.10229492, 7261.90039062, 5216.11230469, 3144.57617188, 3589.65722656, 4752.42285156, 7713.47363281, 1698.46350098, 2723.46630859, 1364.75842285, 742.162841797, 946.714904785, 826.903320312, 667.399353027, 731.641296387, 564.043151855, 339.272644043, 158.708312988, 67.799446106, 49.0189933777, 6.11292695999, 3.60387444496, 2.20770001411, 0.292404413223, 0.00253427098505, 5.18837623531e-07],
        "max": [3.70769906044, 39.0486412048, 135.121612549, 123.408760071, 156.861999512, 134.826629639, 225.25453186, 307.222381592, 432.836273193, 571.947265625, 647.360839844, 518.498718262, 351.303436279, 890.893310547, 1006.20294189, 1416.47839355, 1050.19262695, 972.30657959, 681.221618652, 2064.5534668, 1915.69042969, 1112.88867188, 833.784240723, 259.506256104, 414.387207031, 672.731201172, 376.114532471, 175.655548096, 204.542770386, 252.21647644, 149.941619873, 171.508880615, 81.8324279785, 57.0288085938, 25.1018600464, 19.5623035431, 15.6486730576, 5.65854024887, 0.579236865044, 0.00823374185711],
        "mean": [0.176583349705, 1.78151714802, 4.26547718048, 4.95802927017, 8.66727352142, 5.38438844681, 5.11270713806, 8.47729587555, 19.965171814, 26.4999332428, 24.2739219666, 19.8341369629, 15.9987468719, 25.4468326569, 21.1583538055, 33.1301765442, 30.4881801605, 23.4269866943, 32.4652709961, 34.0292816162, 40.6105384827, 25.6176948547, 28.997209549, 23.2621936798, 17.6934490204, 18.348947525, 14.0743970871, 13.2259521484, 15.00897789, 12.572599411, 8.70163726807, 7.47392416, 5.17158079147, 3.68712663651, 1.22255253792, 0.547572493553, 0.281280070543, 0.0787409394979, 0.00661620683968, 0.000137957773404],
        "median": [0.00458126561716, 0.0494995526969, 0.266473770142, 1.59712100029, 2.05529665947, 2.18059110641, 1.99248790741, 3.84198093414, 7.64592456818, 9.20128631592, 7.85623264313, 7.21286725998, 6.33896255493, 7.97008752823, 8.67284965515, 11.648724556, 11.6069221497, 11.0290765762, 16.1348953247, 15.9997444153, 15.4708786011, 12.159954071, 12.7653226852, 11.7512760162, 9.34757041931, 8.32134056091, 5.35512733459, 3.92008090019, 3.31095314026, 2.48122000694, 1.7337539196, 1.17513275146, 0.820120036602, 0.470614254475, 0.194003090262, 0.0589172057807, 0.016016246751, 0.0024228731636, 9.45819556364e-05, 3.63885119441e-05],
        "min": [6.54899449305e-23, 8.79785543271e-22, 4.07447924773e-21, 5.6013540882e-21, 1.76514930502e-20, 4.15465453639e-20, 3.27897949108e-20, 7.58484038162e-20, 1.13975536393e-19, 1.88399625667e-19, 2.37773273874e-19, 5.35322341123e-19, 8.25282801734e-19, 1.03055609764e-18, 1.33041454976e-18, 1.07214260294e-18, 1.47276654292e-18, 1.32883546197e-18, 2.18264136408e-18, 2.82945110817e-18, 4.16468150346e-18, 5.27169524928e-18, 4.34707565571e-18, 6.21683099001e-18, 8.50358461471e-18, 7.55376041428e-18, 1.04292437099e-17, 1.19561132416e-17, 1.13555726723e-17, 1.08383275362e-17, 1.20277156498e-17, 1.19805688364e-17, 9.09551257951e-18, 8.2973899947e-18, 6.49734861524e-18, 4.29460758945e-18, 2.26021870463e-18, 9.88784510683e-19, 2.61708442831e-19, 2.77001299835e-20],
        "var": [0.138664126396, 19.4396343231, 145.265716553, 114.342750549, 287.511047363, 101.024803162, 121.498970032, 245.848419189, 1014.66723633, 2246.44921875, 2701.26831055, 1321.63378906, 767.309692383, 3871.71899414, 1517.42407227, 5486.41552734, 3381.48095703, 1644.86889648, 2459.84155273, 3670.64526367, 5419.58740234, 1450.50366211, 2328.39575195, 905.143798828, 580.362609863, 685.421386719, 486.703643799, 470.888549805, 625.613647461, 541.089111328, 252.206710815, 189.226394653, 82.0285949707, 46.0169906616, 5.38622426987, 2.04686236382, 0.919550657272, 0.10786703229, 0.000912263349164, 1.97871514729e-07]
    },
    "gfcc": {
        "mean": [-20.5106506348, 58.3788833618, -133.251342773, 25.2403392792, -64.8209838867, 6.92544031143, -45.0139274597, 6.10941886902, -22.3297367096, 3.468957901, -15.1795969009, -1.50119578838, -13.4127178192],
        "cov": [[23656.0703125, -207.474060059, 454.68170166, 1785.81469727, 204.538467407, 1322.77587891, -190.281646729, 533.329956055, -627.376831055, -130.759979248, -740.512878418, 30.0703392029, -426.370452881], [-207.474060059, 1835.61035156, -734.639221191, -107.375862122, 157.783004761, -175.764801025, 137.762695312, 5.84379673004, 171.571670532, -65.5258407593, 233.608123779, -82.3325500488, 166.537322998], [454.68170166, -734.639221191, 2362.45410156, 1294.89904785, 823.518371582, 826.357849121, 282.169891357, 283.705322266, -69.4606246948, 147.861846924, -153.531494141, 249.030685425, -26.4558811188], [1785.81469727, -107.375862122, 1294.89904785, 1311.6015625, 618.604736328, 678.93963623, 223.94934082, 229.811172485, -52.3758621216, 45.1875190735, -105.675804138, 112.097763062, 16.5363349915], [204.538467407, 157.783004761, 823.518371582, 618.604736328, 695.752685547, 400.199066162, 254.521347046, 163.537155151, 20.6843986511, 43.3894920349, -4.94361209869, 104.04309082, 41.2353019714], [1322.77587891, -175.764801025, 826.357849121, 678.93963623, 400.199066162, 597.826171875, 190.594329834, 201.597488403, -42.1787567139, 47.8855514526, -65.6073913574, 84.7432556152, -13.5687837601], [-190.281646729, 137.762695312, 282.169891357, 223.94934082, 254.521347046, 190.594329834, 245.977294922, 124.654045105, 75.4887237549, 28.6572246552, 38.1819801331, 21.0527572632, 20.0556545258], [533.329956055, 5.84379673004, 283.705322266, 229.811172485, 163.537155151, 201.597488403, 124.654045105, 203.622817993, 51.3709754944, 51.6771278381, -2.63227772713, 42.9011917114, -6.22017526627], [-627.376831055, 171.571670532, -69.4606246948, -52.3758621216, 20.6843986511, -42.1787567139, 75.4887237549, 51.3709754944, 181.187683105, 74.8186416626, 92.026473999, -7.25785541534, 47.1022644043], [-130.759979248, -65.5258407593, 147.861846924, 45.1875190735, 43.3894920349, 47.8855514526, 28.6572246552, 51.6771278381, 74.8186416626, 135.309326172, 61.9837532043, 54.9781608582, 13.0019006729], [-740.512878418, 233.608123779, -153.531494141, -105.675804138, -4.94361209869, -65.6073913574, 38.1819801331, -2.63227772713, 92.026473999, 61.9837532043, 153.150146484, 28.2458267212, 61.1583938599], [30.0703392029, -82.3325500488, 249.030685425, 112.097763062, 104.04309082, 84.7432556152, 21.0527572632, 42.9011917114, -7.25785541534, 54.9781608582, 28.2458267212, 127.20690918, 36.7152061462], [-426.370452881, 166.537322998, -26.4558811188, 16.5363349915, 41.2353019714, -13.5687837601, 20.0556545258, -6.22017526627, 47.1022644043, 13.0019006729, 61.1583938599, 36.7152061462, 109.285667419]],
        "icov": [[8.12606376712e-05, -6.75954070175e-05, 0.000144704914419, -0.000130841508508, 5.12105143571e-05, -0.000189397338545, 0.000143429075251, -0.000133899200591, 9.76141091087e-05, -0.000171996376594, 0.000391186244087, -0.000196746143047, 0.000223660637857], [-6.75954070175e-05, 0.00124493602198, 0.000395918032154, -0.000247232877882, -0.000849584874231, 0.000495663436595, -5.70263036934e-05, -0.000418040988734, -0.000154498746269, 0.00113410956692, -0.00197552004829, 0.000995231093839, -0.000955965137109], [0.000144704914419, 0.000395918032154, 0.00200159708038, -0.00113244028762, -0.000834195583593, -0.000645571330097, -9.14506526897e-05, 0.000176641566213, -0.000146943668369, -0.00101634755265, 0.00155516620725, -0.00177246460225, 0.000787985278293], [-0.000130841508508, -0.000247232877882, -0.00113244028762, 0.00292762811296, -0.000548372627236, -0.00148021138739, 0.000375038740458, -5.70159900235e-05, 1.98777688638e-05, 0.000253681675531, 0.000108748579805, 0.00116888445336, -0.00139208929613], [5.12105143571e-05, -0.000849584874231, -0.000834195583593, -0.000548372627236, 0.0045064734295, -0.000581859028898, -0.00260472274385, 0.000578056322411, 0.000171740568476, -9.96438539005e-05, 0.00114174268674, -0.00170414906461, -1.48026765601e-05], [-0.000189397338545, 0.000495663436595, -0.000645571330097, -0.00148021138739, -0.000581859028898, 0.00671091256663, -0.00224905996583, -0.00249081966467, 0.00267312303185, -0.000900101091247, -0.00104376918171, 0.00120402278844, -0.000968237756751], [0.000143429075251, -5.70263036934e-05, -9.14506526897e-05, 0.000375038740458, -0.00260472274385, -0.00224905996583, 0.0109801469371, -0.00334679335356, -0.00328392675146, 0.00312420539558, -0.00296669406816, 0.00147094181739, 0.00127537024673], [-0.000133899200591, -0.000418040988734, 0.000176641566213, -5.70159900235e-05, 0.000578056322411, -0.00249081966467, -0.00334679335356, 0.0114178406075, -0.00431678490713, -0.00105884624645, 0.00279479962774, -0.00380549812689, 0.00260368734598], [9.76141091087e-05, -0.000154498746269, -0.000146943668369, 1.98777688638e-05, 0.000171740568476, 0.00267312303185, -0.00328392675146, -0.00431678490713, 0.0154605926946, -0.0079916967079, -0.00273093185388, 0.00667586643249, -0.00522552803159], [-0.000171996376594, 0.00113410956692, -0.00101634755265, 0.000253681675531, -9.96438539005e-05, -0.000900101091247, 0.00312420539558, -0.00105884624645, -0.0079916967079, 0.0185179058462, -0.00796642806381, -0.00475569022819, 0.00390573986806], [0.000391186244087, -0.00197552004829, 0.00155516620725, 0.000108748579805, 0.00114174268674, -0.00104376918171, -0.00296669406816, 0.00279479962774, -0.00273093185388, -0.00796642806381, 0.0202697701752, -0.0057683326304, -0.00224087876268], [-0.000196746143047, 0.000995231093839, -0.00177246460225, 0.00116888445336, -0.00170414906461, 0.00120402278844, 0.00147094181739, -0.00380549812689, 0.00667586643249, -0.00475569022819, -0.0057683326304, 0.0186281818897, -0.0079258820042], [0.000223660637857, -0.000955965137109, 0.000787985278293, -0.00139208929613, -1.48026765601e-05, -0.000968237756751, 0.00127537024673, 0.00260368734598, -0.00522552803159, 0.00390573986806, -0.00224087876268, -0.0079258820042, 0.0173849314451]]
    },
    "melbands": {
        "dmean": [0.00111421814654, 0.0015538042644, 0.0008042184636, 0.000362336344551, 0.000116639828775, 0.000107028106868, 0.000188575417269, 0.00016013084678, 0.000114372189273, 7.68640456954e-05, 4.93659426866e-05, 6.43826570013e-05, 4.41519841843e-05, 5.01210743096e-05, 5.17604494235e-05, 4.65615121357e-05, 2.63951751549e-05, 3.44183208654e-05, 2.95513600577e-05, 3.16628429573e-05, 2.83437439066e-05, 1.46137963384e-05, 1.78803402378e-05, 1.36750923048e-05, 1.15889006338e-05, 7.75616172177e-06, 7.02155193721e-06, 8.16214833321e-06, 6.02897898716e-06, 4.55831877844e-06, 5.34459377377e-06, 5.74074874748e-06, 5.09939491167e-06, 4.50149309472e-06, 3.37733831657e-06, 3.36791708833e-06, 2.85934447675e-06, 2.21561299441e-06, 2.2311955945e-06, 2.18369109461e-06],
        "dmean2": [0.00159182189964, 0.00230923434719, 0.0013398763258, 0.000603358668741, 0.000190121281776, 0.000169882085174, 0.000293837540084, 0.000241651490796, 0.000177978930878, 0.000125748803839, 7.78347312007e-05, 0.000101643599919, 7.01433891663e-05, 7.74464861024e-05, 8.26206014608e-05, 7.5554169598e-05, 4.29211577284e-05, 5.44637478015e-05, 4.71772873425e-05, 4.9169830163e-05, 4.56075285911e-05, 2.3512982807e-05, 2.86372833216e-05, 2.21015561692e-05, 1.93051946553e-05, 1.26512677525e-05, 1.1413428183e-05, 1.29546433527e-05, 9.59665612754e-06, 7.19813169781e-06, 8.56970018503e-06, 8.81383130036e-06, 7.67522760725e-06, 6.67041331326e-06, 5.22085701959e-06, 5.09090114065e-06, 3.82952839573e-06, 3.05524940813e-06, 3.21137281389e-06, 3.09012966682e-06],
        "dvar": [8.37340212456e-06, 2.29027882597e-05, 4.25300004281e-06, 7.93257527221e-07, 5.77338354901e-08, 4.37323848246e-08, 1.12824942278e-07, 9.52754461991e-08, 7.27410522927e-08, 3.17195514299e-08, 9.52628376183e-09, 2.49435938571e-08, 8.93134721736e-09, 1.76303291965e-08, 1.61014099831e-08, 1.3533075105e-08, 3.72475317256e-09, 4.52322534983e-09, 3.45077100228e-09, 6.51631371085e-09, 5.30840660318e-09, 9.79710867988e-10, 1.99940353163e-09, 6.82746414959e-10, 4.26657847941e-10, 1.95010188553e-10, 1.53235701905e-10, 2.43868564231e-10, 1.60263025073e-10, 9.46514949751e-11, 1.09258622982e-10, 1.20239818102e-10, 9.99712188032e-11, 9.60313287224e-11, 5.3227464103e-11, 4.9035619315e-11, 3.0236414067e-11, 1.83107071172e-11, 1.93116252156e-11, 1.92907564922e-11],
        "dvar2": [1.3826029317e-05, 4.33052809967e-05, 1.12753914436e-05, 2.11050701182e-06, 1.37482174978e-07, 1.03114658145e-07, 2.730490678e-07, 2.01589443805e-07, 1.71984211761e-07, 8.28011437193e-08, 2.25216840732e-08, 5.49871117528e-08, 2.05261816433e-08, 3.88758252257e-08, 4.12645846382e-08, 3.25599600615e-08, 9.69354907454e-09, 1.08684625744e-08, 7.98947752401e-09, 1.38219604651e-08, 1.245954806e-08, 2.43767495078e-09, 4.74447414689e-09, 1.65253521978e-09, 1.16173815012e-09, 4.67389627001e-10, 3.89658555422e-10, 5.60656743254e-10, 4.19691587039e-10, 2.29539123819e-10, 2.68841032769e-10, 2.6949495413e-10, 2.1606245959e-10, 1.97460672813e-10, 1.22749477249e-10, 1.08942369015e-10, 5.47504611093e-11, 3.46892306546e-11, 4.02530890564e-11, 3.93543218846e-11],
        "max": [0.0340196229517, 0.0540876090527, 0.0197614245117, 0.0102512799203, 0.00631152791902, 0.00594706041738, 0.00610717525706, 0.0053920163773, 0.00486674951389, 0.00343845901079, 0.00186490186024, 0.00393351353705, 0.00404626317322, 0.0032241824083, 0.0040918411687, 0.00217704102397, 0.00160143524408, 0.00120466842782, 0.00125791609753, 0.00444411998615, 0.0028237127699, 0.00159124331549, 0.00144312565681, 0.000659745186567, 0.000249662873102, 0.000309750670567, 0.000160993309692, 0.000630400434602, 0.000358000484994, 0.000119139614981, 0.000111582172394, 0.000122707366245, 0.000137557144626, 0.000145142519614, 8.32247969811e-05, 0.000109418935608, 8.25698080007e-05, 6.44122701488e-05, 5.74379555474e-05, 5.17564403708e-05],
        "mean": [0.0018567914376, 0.00235431012698, 0.00104645558167, 0.00051221245667, 0.000181326598977, 0.00018593306595, 0.000328588765115, 0.000279924133793, 0.000188351725228, 0.000115129587357, 7.91179991211e-05, 0.000104914834083, 6.83922189637e-05, 7.95738451416e-05, 7.5732365076e-05, 6.41576116323e-05, 3.98635056627e-05, 5.16091713507e-05, 4.51631603937e-05, 4.98756053275e-05, 4.59011789644e-05, 2.51895471592e-05, 2.82955006696e-05, 2.32141483139e-05, 1.86245160876e-05, 1.35337068059e-05, 1.15695211207e-05, 1.25038759506e-05, 9.1430174507e-06, 7.03185423845e-06, 7.97025677457e-06, 8.6998597908e-06, 7.95834603196e-06, 6.68005850457e-06, 4.97004475619e-06, 4.72789224659e-06, 4.48061609859e-06, 3.56578698302e-06, 3.43433680428e-06, 3.10588097818e-06],
        "median": [5.57591629331e-05, 0.000103535028757, 0.000360236532288, 0.000166878235177, 7.58836322348e-05, 8.29143464216e-05, 0.000124050784507, 9.44855855778e-05, 5.949158367e-05, 3.91321482311e-05, 2.72390698228e-05, 3.01591790048e-05, 2.31568046729e-05, 2.66294973699e-05, 2.64182199317e-05, 2.00393278647e-05, 1.74189699464e-05, 2.39387973124e-05, 1.86689849215e-05, 1.95946304302e-05, 1.60979216162e-05, 1.08846697913e-05, 1.12916504804e-05, 1.08543226816e-05, 9.01329985936e-06, 6.59771194478e-06, 5.84892177358e-06, 5.01927070218e-06, 3.358467211e-06, 2.49874460678e-06, 2.06416211768e-06, 1.93423579731e-06, 1.52713289481e-06, 1.27820646867e-06, 1.02984358819e-06, 7.73795477471e-07, 6.66836115215e-07, 5.66634184906e-07, 4.77506091556e-07, 3.70612838196e-07],
        "min": [1.11424936394e-24, 1.93854244976e-24, 1.50192371593e-24, 2.28112876646e-24, 1.23391453427e-24, 2.06092435844e-24, 2.03839646314e-24, 1.99916719918e-24, 1.5142020401e-24, 3.30785135056e-24, 3.87169895168e-24, 3.22716527666e-24, 2.9999453314e-24, 2.88488740457e-24, 3.56551047993e-24, 2.26848076235e-24, 1.84653996896e-24, 2.14209420128e-24, 4.03788867301e-24, 2.86294464685e-24, 4.41961373188e-24, 4.35465616394e-24, 4.44031659748e-24, 4.04920922143e-24, 3.95856042595e-24, 6.28512146688e-24, 4.78397320122e-24, 4.45801587518e-24, 5.18751578614e-24, 6.07667010027e-24, 5.20245207852e-24, 6.33153646482e-24, 6.19072084894e-24, 5.58372590896e-24, 6.91801826025e-24, 5.38045065318e-24, 6.92353476456e-24, 4.95321423653e-24, 5.02421763446e-24, 6.6548416405e-24],
        "var": [1.56867608894e-05, 3.62628306902e-05, 4.02568821301e-06, 8.81294511146e-07, 1.20820800475e-07, 1.13056977114e-07, 2.69748198889e-07, 2.54143714074e-07, 1.51799198989e-07, 4.77943515875e-08, 2.18888214221e-08, 7.18782402487e-08, 2.07998542834e-08, 3.03256797451e-08, 2.14576001412e-08, 1.94334290882e-08, 5.33759436649e-09, 7.17551529306e-09, 5.76778402817e-09, 1.03841690802e-08, 8.12347167312e-09, 1.9086434655e-09, 3.4100513524e-09, 1.36129996164e-09, 6.58387955266e-10, 3.65208668862e-10, 2.46987957864e-10, 3.80206921502e-10, 2.14150891464e-10, 1.42600500852e-10, 1.78929357442e-10, 2.14029738377e-10, 2.10871362039e-10, 1.63190197466e-10, 8.21007706264e-11, 8.12953940277e-11, 6.84036785548e-11, 4.02210834083e-11, 3.73327757597e-11, 3.40218443695e-11]
    },
    "mfcc": {
        "mean": [-650.34552002, 89.850982666, -13.9755144119, 13.3201446533, -1.26090085506, -2.51206803322, -8.83313274384, -3.79079270363, -4.82182168961, -0.801165044308, -0.836225628853, -0.10157918185, 0.599036633968],
        "cov": [[12618.4550781, -594.428344727, 1027.41748047, 686.637145996, 879.418395996, 790.554870605, 728.002624512, 602.559875488, 424.609191895, 25.2723045349, -60.3228340149, -114.956954956, -36.8682785034], [-594.428344727, 1557.00939941, -777.495666504, -102.510665894, -172.316207886, -204.003814697, -85.1119308472, -51.906539917, -76.9119720459, 35.7088890076, 18.8225364685, 63.8872032166, 61.3032188416], [1027.41748047, -777.495666504, 1499.22338867, 660.672607422, 698.69744873, 590.377563477, 437.164489746, 326.552429199, 285.676239014, 71.35887146, 28.9410209656, 28.2593135834, 113.692344666], [686.637145996, -102.510665894, 660.672607422, 694.427490234, 514.976867676, 409.951446533, 323.769073486, 250.405975342, 202.371643066, 75.9208145142, 12.1853675842, 24.4378471375, 90.9024963379], [879.418395996, -172.316207886, 698.69744873, 514.976867676, 616.070495605, 438.36239624, 359.12802124, 264.741760254, 211.277252197, 67.6465911865, 10.2788906097, 23.319683075, 100.478561401], [790.554870605, -204.003814697, 590.377563477, 409.951446533, 438.36239624, 442.288360596, 320.688446045, 226.080917358, 177.505233765, 62.2065734863, 20.1488819122, 19.3553886414, 75.2170715332], [728.002624512, -85.1119308472, 437.164489746, 323.769073486, 359.12802124, 320.688446045, 355.293151855, 247.242782593, 165.116592407, 62.098236084, 30.3038253784, 28.8501625061, 65.1890640259], [602.559875488, -51.906539917, 326.552429199, 250.405975342, 264.741760254, 226.080917358, 247.242782593, 250.55871582, 157.880767822, 59.1912460327, 36.0773468018, 25.0525360107, 43.6057052612], [424.609191895, -76.9119720459, 285.676239014, 202.371643066, 211.277252197, 177.505233765, 165.116592407, 157.880767822, 180.930603027, 82.8079833984, 40.4079399109, 34.7053718567, 55.7416229248], [25.2723045349, 35.7088890076, 71.35887146, 75.9208145142, 67.6465911865, 62.2065734863, 62.098236084, 59.1912460327, 82.8079833984, 105.475006104, 64.369972229, 40.352809906, 38.5589637756], [-60.3228340149, 18.8225364685, 28.9410209656, 12.1853675842, 10.2788906097, 20.1488819122, 30.3038253784, 36.0773468018, 40.4079399109, 64.369972229, 110.189300537, 64.9314956665, 27.0904598236], [-114.956954956, 63.8872032166, 28.2593135834, 24.4378471375, 23.319683075, 19.3553886414, 28.8501625061, 25.0525360107, 34.7053718567, 40.352809906, 64.9314956665, 98.3060302734, 66.6471099854], [-36.8682785034, 61.3032188416, 113.692344666, 90.9024963379, 100.478561401, 75.2170715332, 65.1890640259, 43.6057052612, 55.7416229248, 38.5589637756, 27.0904598236, 66.6471099854, 125.356613159]],
