{
"lowlevel": {
    "average_loudness": 0.808566689491,
    "barkbands_crest": {
        "dmean": 2.69466137886,
        "dmean2": 4.08258914948,
        "dvar": 7.0882358551,
        "dvar2": 14.2583255768,
        "max": 26.7665748596,
        "mean": 12.3665132523,
        "median": 11.3000421524,
        "min": 3.09109854698,
        "var": 26.9535980225
    },
    "barkbands_flatness_db": {
        "dmean": 0.0297639146447,
        "dmean2": 0.0423055663705,
        "dvar": 0.000897814868949,
        "dvar2": 0.00174601376057,
        "max": 0.414929181337,
        "mean": 0.204844564199,
        "median": 0.19974860549,
        "min": 0.0442310236394,
        "var": 0.00385797698982
    },
    "barkbands_kurtosis": {
        "dmean": 9.1494140625,
        "dmean2": 12.2208013535,
        "dvar": 595.745666504,
        "dvar2": 857.674377441,
        "max": 743.149108887,
        "mean": 15.1668710709,
        "median": 4.65549325943,
        "min": -1.95343780518,
        "var": 1678.09594727
    },
    "barkbands_skewness": {
        "dmean": 0.834296882153,
        "dmean2": 1.14465796947,
        "dvar": 1.24387323856,
        "dvar2": 1.84278297424,
        "max": 26.3287296295,
        "mean": 2.52551817894,
        "median": 1.99358618259,
        "min": -2.04574966431,
        "var": 5.4480881691
    },
    "barkbands_spread": {
        "dmean": 3.94765615463,
        "dmean2": 5.98424625397,
        "dvar": 31.909702301,
        "dvar2": 67.2756729126,
        "max": 82.2760848999,
        "mean": 12.1863880157,
        "median": 10.2719373703,
        "min": 0.507325708866,
        "var": 96.2990875244
    },
    "dissonance": {
        "dmean": 0.0272059235722,
        "dmean2": 0.0452158674598,
        "dvar": 0.000630609574728,
        "dvar2": 0.00165494368412,
        "max": 0.499999970198,
        "mean": 0.439071536064,
        "median": 0.446728259325,
        "min": 0.221218883991,
        "var": 0.00162183190696
    },
    "dynamic_complexity": 3.50220775604,
    "erbbands_crest": {
        "dmean": 2.58393955231,
        "dmean2": 4.10753250122,
        "dvar": 5.8017115593,
        "dvar2": 13.795633316,
        "max": 30.4796619415,
        "mean": 10.0068378448,
        "median": 9.22399806976,
        "min": 2.85585689545,
        "var": 17.1944580078
    },
    "erbbands_flatness_db": {
        "dmean": 0.0232947766781,
        "dmean2": 0.0320478267968,
        "dvar": 0.000496148713864,
        "dvar2": 0.000886118970811,
        "max": 0.424703031778,
        "mean": 0.20134781301,
        "median": 0.203561931849,
        "min": 0.0657423809171,
        "var": 0.00334747135639
    },
    "erbbands_kurtosis": {
        "dmean": 1.46104860306,
        "dmean2": 2.2865922451,
        "dvar": 5.04001903534,
        "dvar2": 11.5216312408,
        "max": 43.8601989746,
        "mean": 1.71916878223,
        "median": 0.595973730087,
        "min": -1.81332528591,
        "var": 12.6503400803
    },
    "erbbands_skewness": {
        "dmean": 0.416856557131,
        "dmean2": 0.639758944511,
        "dvar": 0.178959846497,
        "dvar2": 0.401077568531,
        "max": 4.83205747604,
        "mean": 0.862323820591,
        "median": 0.745822250843,
        "min": -3.20870780945,
        "var": 0.774347603321
    },
    "erbbands_spread": {
        "dmean": 8.98597431183,
        "dmean2": 13.2928562164,
        "dvar": 121.874275208,
        "dvar2": 255.040145874,
        "max": 137.679748535,
        "mean": 31.7371501923,
        "median": 27.9711589813,
        "min": 2.1778280735,
        "var": 323.822296143
    },
    "hfc": {
        "dmean": 5.15119552612,
        "dmean2": 7.37599277496,
        "dvar": 64.8942108154,
        "dvar2": 144.706832886,
        "max": 102.427124023,
        "mean": 13.6498336792,
        "median": 10.0478429794,
        "min": 1.12986465988e-16,
        "var": 169.560821533
    },
    "melbands_crest": {
        "dmean": 3.18792748451,
        "dmean2": 4.92517614365,
        "dvar": 11.0851945877,
        "dvar2": 23.606010437,
        "max": 36.1188697815,
        "mean": 15.5061206818,
        "median": 14.0171499252,
        "min": 1.68201684952,
        "var": 42.8200149536
    },
    "melbands_flatness_db": {
        "dmean": 0.0333272777498,
        "dmean2": 0.0461863838136,
        "dvar": 0.00123426888604,
        "dvar2": 0.0022972507868,
        "max": 0.550631463528,
        "mean": 0.258500218391,
        "median": 0.249470070004,
        "min": 0.00314711523242,
        "var": 0.00585221406072
    },
    "melbands_kurtosis": {
        "dmean": 15.2966470718,
        "dmean2": 22.3519325256,
        "dvar": 1606.82873535,
        "dvar2": 3140.61474609,
        "max": 766.228149414,
        "mean": 26.7836608887,
        "median": 10.9311294556,
        "min": -1.78030431271,
        "var": 3479.14526367
    },
    "melbands_skewness": {
        "dmean": 0.972629666328,
        "dmean2": 1.4124314785,
        "dvar": 1.59033620358,
        "dvar2": 2.95784282684,
        "max": 20.4753913879,
        "mean": 3.19571709633,
        "median": 2.61864256859,
        "min": -1.14587974548,
        "var": 5.77570724487
    },
    "melbands_spread": {
        "dmean": 4.51416110992,
        "dmean2": 6.88760662079,
        "dvar": 56.4848060608,
        "dvar2": 110.619987488,
        "max": 215.905639648,
        "mean": 13.8836517334,
        "median": 11.1396150589,
        "min": 0.347879648209,
        "var": 204.144897461
    },
    "pitch_salience": {
        "dmean": 0.0794420167804,
        "dmean2": 0.124511271715,
        "dvar": 0.00933633092791,
        "dvar2": 0.0205711703748,
        "max": 0.961812496185,
        "mean": 0.522282063961,
        "median": 0.54095441103,
        "min": 0.0238130763173,
        "var": 0.025203043595
    },
    "silence_rate_20dB": {
        "dmean": 0,
        "dmean2": 0,
        "dvar": 0,
        "dvar2": 0,
        "max": 1,
        "mean": 1,
        "median": 1,
        "min": 1,
        "var": 0
    },
    "silence_rate_30dB": {
        "dmean": 0.04535683617,
        "dmean2": 0.0907234251499,
        "dvar": 0.0432960316539,
        "dvar2": 0.0887323617935,
        "max": 1,
        "mean": 0.935840964317,
        "median": 1,
        "min": 0,
        "var": 0.0600405670702
    },
    "silence_rate_60dB": {
        "dmean": 0.0249355118722,
        "dmean2": 0.0498763844371,
        "dvar": 0.0243128798902,
        "dvar2": 0.0534128136933,
        "max": 1,
        "mean": 0.0806018263102,
        "median": 0,
        "min": 0,
        "var": 0.0741082876921
    },
    "spectral_centroid": {
        "dmean": 187.675720215,
        "dmean2": 285.070495605,
        "dvar": 65592.484375,
        "dvar2": 136533.8125,
        "max": 11671.2158203,
        "mean": 897.981628418,
        "median": 802.551635742,
        "min": 164.731674194,
        "var": 308770
    },
    "spectral_complexity": {
        "dmean": 2.79987096786,
        "dmean2": 4.18682146072,
        "dvar": 12.1617660522,
        "dvar2": 23.3128738403,
        "max": 49,
        "mean": 13.4673833847,
        "median": 12,
        "min": 0,
        "var": 62.8204307556
    },
    "spectral_decrease": {
        "dmean": 3.00353186766e-09,
        "dmean2": 4.00331723327e-09,
        "dvar": 2.94557163246e-17,
        "dvar2": 4.98537917068e-17,
        "max": 1.14378030317e-28,
        "mean": -8.25635826374e-09,
        "median": -4.20010115576e-09,
        "min": -5.57460246853e-08,
        "var": 9.92824059612e-17
    },
    "spectral_energy": {
        "dmean": 0.0116577651352,
        "dmean2": 0.0155715309083,
        "dvar": 0.000433781475294,
        "dvar2": 0.000736703572329,
        "max": 0.213517904282,
        "mean": 0.0323994420469,
        "median": 0.0170558914542,
        "min": 1.04557947794e-20,
        "var": 0.00146617228165
    },
    "spectral_energyband_high": {
        "dmean": 0.000216681641177,
        "dmean2": 0.000321469618939,
        "dvar": 1.97565952931e-07,
        "dvar2": 3.94518963276e-07,
        "max": 0.0120016559958,
        "mean": 0.000321150961099,
        "median": 0.000115704162454,
        "min": 7.57405504503e-21,
        "var": 4.01271421424e-07
    },
    "spectral_energyband_low": {
        "dmean": 0.00834815576673,
        "dmean2": 0.0111166844144,
        "dvar": 0.000439795519924,
        "dvar2": 0.000791497877799,
        "max": 0.207098931074,
        "mean": 0.016570225358,
        "median": 0.000409656990087,
        "min": 2.56244930536e-23,
        "var": 0.00117030821275
    },
    "spectral_energyband_middle_high": {
        "dmean": 0.00173252238892,
        "dmean2": 0.00255490466952,
        "dvar": 8.42891859065e-06,
        "dvar2": 1.84032305697e-05,
        "max": 0.0413219593465,
        "mean": 0.00417810631916,
        "median": 0.00215113256127,
        "min": 1.38753650863e-21,
        "var": 2.78810257441e-05
    },
    "spectral_energyband_middle_low": {
        "dmean": 0.00616956455633,
        "dmean2": 0.0103886509314,
        "dvar": 0.000213614737731,
        "dvar2": 0.000602526764851,
        "max": 0.149392902851,
        "mean": 0.0123791471124,
        "median": 0.00865367799997,
        "min": 2.47005526557e-22,
        "var": 0.00020492724434
    },
    "spectral_entropy": {
        "dmean": 0.253729909658,
        "dmean2": 0.368938118219,
        "dvar": 0.0711916461587,
        "dvar2": 0.142915248871,
        "max": 9.81836605072,
        "mean": 7.12284564972,
        "median": 7.13868093491,
        "min": 5.25088691711,
        "var": 0.264999955893
    },
    "spectral_flux": {
        "dmean": 0.0338823385537,
        "dmean2": 0.0487626455724,
        "dvar": 0.00230786809698,
        "dvar2": 0.00404816539958,
        "max": 0.47636282444,
        "mean": 0.079651452601,
        "median": 0.0595354028046,
        "min": 6.74345440599e-11,
        "var": 0.00547769898549
    },
    "spectral_kurtosis": {
        "dmean": 2.75126338005,
        "dmean2": 4.40158939362,
        "dvar": 10.5130519867,
        "dvar2": 27.7225704193,
        "max": 57.5762748718,
        "mean": 6.1083688736,
        "median": 5.14779567719,
        "min": -1.26059603691,
        "var": 20.4880943298
    },
    "spectral_rms": {
        "dmean": 0.000889857357834,
        "dmean2": 0.00118836725596,
        "dvar": 1.5845521375e-06,
        "dvar2": 2.56017233369e-06,
        "max": 0.0144329536706,
        "mean": 0.00482240505517,
        "median": 0.0040792026557,
        "min": 3.19386531111e-12,
        "var": 8.35349783301e-06
    },
    "spectral_rolloff": {
        "dmean": 298.467041016,
        "dmean2": 498.643829346,
        "dvar": 516936.53125,
        "dvar2": 1117687.25,
        "max": 19143.0175781,
        "mean": 1012.18182373,
        "median": 775.1953125,
        "min": 64.599609375,
        "var": 2254686.25
    },
    "spectral_skewness": {
        "dmean": 0.353174120188,
        "dmean2": 0.534476459026,
        "dvar": 0.121162161231,
        "dvar2": 0.268037497997,
        "max": 5.75206947327,
        "mean": 1.86730062962,
        "median": 1.81005311012,
        "min": -0.0621481090784,
        "var": 0.371925324202
    },
    "spectral_spread": {
        "dmean": 753767.75,
        "dmean2": 1036981.4375,
        "dvar": 851115966464,
        "dvar2": 1.5584058409e+12,
        "max": 42152832,
        "mean": 4247092,
        "median": 3851174.25,
        "min": 927349.875,
        "var": 3.58243631104e+12
    },
    "spectral_strongpeak": {
        "dmean": 0.387026578188,
        "dmean2": 0.634899318218,
        "dvar": 0.342907965183,
        "dvar2": 0.840104401112,
        "max": 9.91124153137,
        "mean": 0.90239572525,
        "median": 0.63458776474,
        "min": 0,
        "var": 0.749203562737
    },
    "zerocrossingrate": {
        "dmean": 0.00886201113462,
        "dmean2": 0.0101205911487,
        "dvar": 0.000172356143594,
        "dvar2": 0.000181079070899,
        "max": 0.888671875,
        "mean": 0.0439338199794,
        "median": 0.03759765625,
        "min": 0.001953125,
        "var": 0.00304583203979
    },
    "barkbands": {
        "dmean": [0.000240850320552, 0.00686768302694, 0.00321237719618, 0.00155395723414, 0.00244488846511, 0.00154007470701, 0.00123816833366, 0.000647733104415, 0.000682128709741, 0.000472741900012, 0.000499138084706, 0.000448872888228, 0.000286845403025, 0.000282053719275, 0.000211064922041, 0.000137689828989, 0.000131999855512, 7.40535906516e-05, 5.57235507586e-05, 6.56656411593e-05, 3.99285236199e-05, 4.55518165836e-05, 4.95867097925e-05, 3.72824324586e-05, 2.062411113e-05, 1.41123655339e-05, 1.42266230796e-06],
        "dmean2": [0.000286456139293, 0.00909010786563, 0.00557264732197, 0.00277770147659, 0.00422981753945, 0.00258668884635, 0.00198438670486, 0.00105039926711, 0.00104846060276, 0.000729063642211, 0.000781790935434, 0.000703212805092, 0.00044186951709, 0.000428311293945, 0.000345581414877, 0.000228000659263, 0.000214495856198, 0.000113991416583, 8.45642425702e-05, 9.99725743895e-05, 6.29432252026e-05, 7.16688373359e-05, 7.6992851973e-05, 5.52815290575e-05, 3.11086805596e-05, 2.10627767956e-05, 2.33715081777e-06],
        "dvar": [4.8855440582e-07, 0.000340783270076, 0.000150776380906, 3.15482102451e-05, 4.22411831096e-05, 9.44712701312e-06, 5.42461475561e-06, 1.49179686559e-06, 2.71510702987e-06, 1.13521139156e-06, 1.79628796104e-06, 1.27430178054e-06, 6.23871017069e-07, 4.87289071316e-07, 2.50507866895e-07, 1.46620578789e-07, 1.25131762729e-07, 2.10548751767e-08, 1.48699239588e-08, 3.93170829227e-08, 6.61804167024e-09, 9.1313472339e-09, 1.92979925373e-08, 1.76205734448e-08, 3.18257686871e-09, 1.19772491924e-09, 1.84687404259e-11],
        "dvar2": [5.705266517e-07, 0.000639861158561, 0.000414103007643, 9.12877803785e-05, 0.000119436466775, 2.57985593635e-05, 1.33348830786e-05, 3.78469826501e-06, 5.7459646996e-06, 2.55662030213e-06, 4.46717240266e-06, 3.41234658663e-06, 1.39057533488e-06, 1.11510257739e-06, 6.56820304812e-07, 3.94624123601e-07, 3.15846932608e-07, 4.78159805084e-08, 3.2410298445e-08, 8.29187527529e-08, 1.47394212391e-08, 2.02715373376e-08, 3.81961271501e-08, 3.44981643252e-08, 6.66575461494e-09, 2.58702304023e-09, 4.52554833885e-11],
        "max": [0.00712535111234, 0.198882892728, 0.108467012644, 0.0577083751559, 0.0701982527971, 0.100896522403, 0.0427281633019, 0.0249726194888, 0.0571593642235, 0.022439006716, 0.0215194039047, 0.0211483221501, 0.0235078837723, 0.0177121423185, 0.00874869525433, 0.00448880996555, 0.00567183736712, 0.00350388209336, 0.00498469360173, 0.0138117782772, 0.00184908125084, 0.00296472990885, 0.00496393116191, 0.00507557066157, 0.0017611499643, 0.00050496525364, 5.48435600649e-05],
        "mean": [0.000356537406333, 0.0124537795782, 0.00281143048778, 0.00177159847226, 0.00349657190964, 0.0026060868986, 0.00206042896025, 0.00110920739826, 0.00116254435852, 0.000858280109242, 0.000791732221842, 0.000768903351855, 0.000436575355707, 0.000467387988465, 0.000283634260995, 0.000177648675162, 0.000176093264599, 0.000127575243823, 9.76280207396e-05, 0.000130164451548, 6.26661494607e-05, 5.32835401827e-05, 5.5007989431e-05, 4.48976315965e-05, 2.39031505771e-05, 1.45304111356e-05, 1.23525398976e-06],
        "median": [5.52256778974e-07, 1.94781273422e-06, 6.30669892416e-05, 0.000401790020987, 0.00168322899844, 0.00132149690762, 0.000873163691722, 0.000385192950489, 0.000348973844666, 0.00025399934384, 0.00011981784337, 0.000135601832881, 8.28958945931e-05, 8.86593479663e-05, 7.0771042374e-05, 4.97639884998e-05, 4.07656152674e-05, 4.74483495054e-05, 2.88415722025e-05, 4.26774095104e-05, 2.23796541832e-05, 1.44703653859e-05, 1.09178990897e-05, 7.51039806346e-06, 3.28873215949e-06, 9.48573017467e-07, 1.78881158774e-08],
        "min": [5.96748267909e-24, 8.64116184541e-24, 3.76973039664e-24, 3.77140988151e-24, 1.19586225079e-23, 3.5307858484e-23, 2.86243669931e-23, 1.07133763811e-23, 3.57222692056e-23, 2.46398889366e-23, 2.58218124096e-23, 6.05212950526e-23, 6.09263782829e-23, 3.51949567112e-23, 8.97556850283e-23, 1.28147702506e-22, 9.68819578344e-23, 1.16223533498e-22, 1.96739650464e-22, 2.57357653553e-22, 3.37801826405e-22, 3.7372200819e-22, 5.3737007964e-22, 7.70102979342e-22, 1.03850758858e-21, 1.5303812704e-21, 2.22893852887e-21],
        "var": [1.27199871258e-06, 0.000815237755887, 0.000107908723294, 2.20714628085e-05, 3.6017059756e-05, 1.97264143935e-05, 1.02011999843e-05, 3.29252065967e-06, 5.67759479964e-06, 2.72218471764e-06, 3.45530224877e-06, 2.71479802905e-06, 1.41568409617e-06, 1.21061009395e-06, 3.60612858685e-07, 1.50879273519e-07, 1.63576757473e-07, 4.4761126361e-08, 3.37060157563e-08, 8.86164173153e-08, 1.22839374228e-08, 1.41306708556e-08, 3.30507461399e-08, 3.51219462402e-08, 5.66046676198e-09, 1.61561364287e-09, 1.8003792901e-11]
    },
    "erbbands": {
        "dmean": [0.156417474151, 1.81085824966, 3.88439059258, 4.47629404068, 5.4428062439, 9.14177799225, 13.1261348724, 11.8759288788, 14.9481811523, 18.7693557739, 15.8085365295, 14.4169406891, 13.9136791229, 13.7839689255, 17.3147392273, 16.3457603455, 12.9955425262, 13.6424198151, 10.7989177704, 10.499379158, 6.99572658539, 7.53687763214, 3.83878707886, 3.20431184769, 2.79176044464, 2.99319505692, 1.98660755157, 1.45658385754, 1.58801054955, 1.90060031414, 1.22136259079, 0.844793379307, 0.596753239632, 0.258494764566, 0.131939455867, 0.0787059962749, 0.0220892895013, 0.00420920457691, 0.000191296974663, 1.58175407705e-05],
        "dmean2": [0.182572335005, 2.38105487823, 6.13635063171, 7.92227649689, 9.55896663666, 15.6786231995, 22.6553325653, 19.7219600677, 24.0012187958, 30.2872562408, 25.1494293213, 22.3234481812, 21.3171463013, 21.1967506409, 26.9998378754, 25.3896331787, 19.6723213196, 20.5156097412, 16.9293708801, 17.2178726196, 11.4089069366, 12.1209888458, 5.8557844162, 4.88938045502, 4.20698356628, 4.54428720474, 3.03400802612, 2.29806160927, 2.49372029305, 3.09158682823, 1.8408036232, 1.26008319855, 0.887976944447, 0.392817974091, 0.198883369565, 0.119051106274, 0.0328587777913, 0.00637459382415, 0.000306787638692, 2.15760519495e-05],
        "dvar": [0.152089416981, 25.2404842377, 174.47076416, 266.007843018, 303.007781982, 524.41027832, 877.630249023, 594.659423828, 946.109924316, 1532.23913574, 923.329345703, 1688.05639648, 772.893066406, 809.787841797, 1984.09460449, 1632.09118652, 1247.81835938, 1338.80944824, 628.796264648, 638.863830566, 358.765960693, 387.126190186, 63.7012252808, 39.370677948, 52.5031433105, 92.0352325439, 18.0469875336, 10.4730787277, 11.4173583984, 19.3695602417, 15.8117141724, 7.38914060593, 5.71820449829, 0.695271015167, 0.120623417199, 0.036363273859, 0.00305765750818, 0.000130206186441, 3.1843669035e-07, 8.15779166441e-10],
        "dvar2": [0.179710552096, 47.7953681946, 443.147491455, 762.303833008, 857.212890625, 1457.9041748, 2475.96435547, 1544.65539551, 2242.65258789, 3689.66650391, 2325.49658203, 3408.41577148, 1730.79968262, 1884.91027832, 5004.58789062, 4253.77148438, 2733.43945312, 3154.27026367, 1511.49609375, 1692.65893555, 955.323791504, 962.778869629, 144.073928833, 87.685295105, 91.3358764648, 209.085174561, 40.3598365784, 23.1121635437, 25.7548427582, 47.1818618774, 29.9034118652, 13.7069501877, 11.8541259766, 1.44972372055, 0.257227182388, 0.0811100229621, 0.00659032911062, 0.000291563104838, 7.7457673342e-07, 1.48477197204e-09],
        "max": [4.11557149887, 51.3625068665, 116.973648071, 163.079330444, 273.576385498, 325.338745117, 799.806884766, 710.702270508, 526.959289551, 967.408813477, 661.251342773, 1574.5222168, 503.181213379, 437.451446533, 732.565673828, 837.590209961, 1158.99560547, 888.634033203, 587.874755859, 320.007446289, 236.461166382, 347.09588623, 204.48614502, 124.585914612, 508.333343506, 633.002441406, 135.943511963, 116.907020569, 90.7051925659, 139.149475098, 174.1927948, 100.95602417, 98.5124969482, 27.2508239746, 10.6951875687, 3.1524477005, 0.773846149445, 0.140359684825, 0.00716270692647, 0.000299975392409],
        "mean": [0.336832135916, 2.7887005806, 4.10407781601, 4.74117898941, 6.81098651886, 13.1345424652, 21.0855388641, 19.7109489441, 24.7125816345, 31.0609893799, 29.2374458313, 23.8595104218, 26.1543216705, 26.7229957581, 28.5218334198, 29.1448040009, 22.8662853241, 23.8322315216, 16.8821239471, 14.4883680344, 9.6942243576, 10.7878160477, 6.69828224182, 5.73446798325, 5.46975183487, 5.94914197922, 3.61320853233, 2.06331110001, 1.89740335941, 1.94500100613, 1.44332647324, 1.01012480259, 0.70613604784, 0.311815738678, 0.149316236377, 0.0790876746178, 0.0228717699647, 0.00415709521621, 0.000186418372323, 4.06284816563e-05],
        "median": [8.02075155661e-05, 0.0017209595535, 0.0741852670908, 1.00968563557, 2.29180645943, 5.96626472473, 9.62998008728, 9.98101997375, 10.6046533585, 11.8598136902, 10.1788644791, 7.58573150635, 9.7209815979, 9.17193412781, 6.49095678329, 5.9595246315, 5.25427627563, 5.04796361923, 4.32334852219, 4.09138345718, 3.01205182076, 2.88405132294, 2.44667696953, 2.05536651611, 1.88996136189, 1.9139906168, 1.39537549019, 0.664852440357, 0.534358978271, 0.419467896223, 0.285721361637, 0.187617465854, 0.104034177959, 0.0446976684034, 0.0192637480795, 0.00649259705096, 0.00128090579528, 0.000147273269249, 1.70779021573e-05, 2.19363319047e-05],
        "min": [2.21966450337e-22, 1.54306352843e-21, 2.64462627115e-21, 1.23556048876e-20, 2.79829546672e-20, 3.58326369552e-20, 1.7126857301e-19, 1.4575059395e-19, 2.20175652576e-19, 2.0792484921e-19, 6.1769898358e-19, 7.50304307579e-19, 8.71879591699e-19, 1.50947588793e-18, 1.13690898374e-18, 2.82879019086e-18, 3.20844810084e-18, 2.14537997942e-18, 4.68458892027e-18, 4.31384905127e-18, 5.57958304022e-18, 6.59211787084e-18, 7.57006083543e-18, 8.8917837849e-18, 8.88871659919e-18, 1.08680812229e-17, 1.44760676925e-17, 1.35894425724e-17, 1.36708412806e-17, 1.3960739134e-17, 1.57660376598e-17, 1.53705344848e-17, 1.2481686432e-17, 1.20702476225e-17, 6.64899356899e-18, 4.91569780675e-18, 2.75104183072e-18, 1.1753188053e-18, 2.76938001131e-19, 3.27449688302e-20],
        "var": [0.674729645252, 47.0993499756, 159.760971069, 175.806365967, 259.112060547, 484.103607178, 1445.85681152, 1007.97680664, 1659.38049316, 2931.44311523, 2170.46630859, 3133.51245117, 1849.00244141, 1964.99304199, 3975.203125, 3652.69458008, 3286.99511719, 3415.49511719, 1228.16687012, 769.836547852, 386.316650391, 556.495727539, 137.440826416, 85.5020141602, 127.938354492, 193.134567261, 44.1598625183, 16.3869838715, 17.0666046143, 23.6579761505, 29.0680236816, 14.5820760727, 10.7211036682, 1.248914361, 0.203901022673, 0.0469434373081, 0.0041302042082, 0.000156184483785, 3.35933521001e-07, 2.3349528977e-09]
    },
    "gfcc": {
        "mean": [-63.0148925781, 101.941970825, -130.385955811, 9.35125637054, -82.0135040283, -6.69125318527, -47.706817627, -6.85756731033, -27.8121070862, -4.22769021988, -14.4584751129, -5.29739427567, -7.76527404785],
        "cov": [[16497.6621094, 811.43762207, 209.490509033, 1013.63330078, 1330.16137695, 1240.28100586, 290.140228271, 722.997497559, -57.3476867676, 284.696868896, -279.973632812, -8.23647880554, -418.630554199], [811.43762207, 1334.55932617, -26.7132053375, 144.506729126, 438.49597168, 17.9419307709, 242.505569458, 31.0702953339, 147.060058594, -44.8009605408, 85.528427124, -80.8878250122, 78.3813247681], [209.490509033, -26.7132053375, 1948.70983887, 707.39239502, 788.032836914, 690.295410156, 259.385742188, 452.659820557, 237.71963501, 279.364990234, -82.4470825195, 184.610061646, -82.4309692383], [1013.63330078, 144.506729126, 707.39239502, 752.248596191, 536.089599609, 316.408355713, 167.242950439, 249.276031494, 165.733352661, 80.0408935547, -48.7312698364, 22.1398391724, -36.5445518494], [1330.16137695, 438.49597168, 788.032836914, 536.089599609, 1139.90600586, 580.617858887, 408.71774292, 422.70413208, 232.559707642, 256.957519531, 30.927772522, 114.55683136, -18.1400279999], [1240.28100586, 17.9419307709, 690.295410156, 316.408355713, 580.617858887, 593.272521973, 268.824859619, 291.061767578, 97.8581619263, 197.895568848, 13.1417608261, 102.339744568, -57.6810798645], [290.140228271, 242.505569458, 259.385742188, 167.242950439, 408.71774292, 268.824859619, 414.283508301, 233.166381836, 128.409057617, 153.442306519, 113.695640564, 114.391929626, 13.9725122452], [722.997497559, 31.0702953339, 452.659820557, 249.276031494, 422.70413208, 291.061767578, 233.166381836, 368.640655518, 150.172561646, 147.011871338, 16.8365898132, 108.710906982, -15.0128889084], [-57.3476867676, 147.060058594, 237.71963501, 165.733352661, 232.559707642, 97.8581619263, 128.409057617, 150.172561646, 227.095687866, 101.392402649, 23.1496524811, 65.8223953247, 33.0805854797], [284.696868896, -44.8009605408, 279.364990234, 80.0408935547, 256.957519531, 197.895568848, 153.442306519, 147.011871338, 101.392402649, 234.959991455, 62.1863899231, 91.2725524902, -12.0331411362], [-279.973632812, 85.528427124, -82.4470825195, -48.7312698364, 30.927772522, 13.1417608261, 113.695640564, 16.8365898132, 23.1496524811, 62.1863899231, 161.086791992, 42.5156517029, 22.0393791199], [-8.23647880554, -80.8878250122, 184.610061646, 22.1398391724, 114.55683136, 102.339744568, 114.391929626, 108.710906982, 65.8223953247, 91.2725524902, 42.5156517029, 190.195632935, 38.1868400574], [-418.630554199, 78.3813247681, -82.4309692383, -36.5445518494, -18.1400279999, -57.6810798645, 13.9725122452, -15.0128889084, 33.0805854797, -12.0331411362, 22.0393791199, 38.1868400574, 126.527946472]],
        "icov": [[0.000140624004416, -0.000251150951954, 0.000285547139356, -0.00025879876921, 0.000133578243549, -0.000446561170975, 0.000311403971864, -0.000346802844433, 0.000340986531228, -0.000342182494933, 0.000381838734029, -0.000290784606477, 0.000371726229787], [-0.000251150951954, 0.00193253217731, -0.000628324167337, 0.000734117289539, -0.00123784085736, 0.00129814364482, -0.00154227751773, 0.00137026514858, -0.0015369434841, 0.00186222745106, -0.00126563920639, 0.00168651388958, -0.00118781335186], [0.000285547139356, -0.000628324167337, 0.00183936068788, -0.00122694694437, 0.000418838579208, -0.00185752322432, 0.00111760082655, -0.000975822971668, 0.000485336029669, -0.00124437687919, 0.0014086846495, -0.00136581901461, 0.00107358652167], [-0.00025879876921, 0.000734117289539, -0.00122694694437, 0.00331162451766, -0.00122531305533, 0.000882038788404, -0.000861307082232, 0.000482890027342, -0.0018223344814, 0.00196573603898, -0.000579628744163, 0.00152321113274, -0.000470401282655], [0.000133578243549, -0.00123784085736, 0.000418838579208, -0.00122531305533, 0.00345576391555, -0.00212308368646, 3.94301969209e-05, -0.00152945576701, 0.000487637153128, -0.00188429222908, 0.00112752139103, -0.000407647312386, 8.94293698366e-05], [-0.000446561170975, 0.00129814364482, -0.00185752322432, 0.000882038788404, -0.00212308368646, 0.0069458084181, -0.00255143758841, 0.000506912649143, 0.000387352512917, 0.000165371442563, -0.000923650455661, 0.00106855877675, -0.000280262640445], [0.000311403971864, -0.00154227751773, 0.00111760082655, -0.000861307082232, 3.94301969209e-05, -0.00255143758841, 0.00758515065536, -0.00296824006364, 0.000696672534104, -0.00144276046194, -0.00220983522013, -0.00237901997752, 0.000901313207578], [-0.000346802844433, 0.00137026514858, -0.000975822971668, 0.000482890027342, -0.00152945576701, 0.000506912649143, -0.00296824006364, 0.00827976502478, -0.00317386398092, 0.00117128167767, -0.000113090100058, -0.000251691817539, -0.000133673325763], [0.000340986531228, -0.0015369434841, 0.000485336029669, -0.0018223344814, 0.000487637153128, 0.000387352512917, 0.000696672534104, -0.00317386398092, 0.00955825392157, -0.00397174945101, 0.00152654189151, -0.00154455623124, -0.00101334648207], [-0.000342182494933, 0.00186222745106, -0.00124437687919, 0.00196573603898, -0.00188429222908, 0.000165371442563, -0.00144276046194, 0.00117128167767, -0.00397174945101, 0.0107371686026, -0.00401384709403, 5.59437394259e-05, 0.000316664489219], [0.000381838734029, -0.00126563920639, 0.0014086846495, -0.000579628744163, 0.00112752139103, -0.000923650455661, -0.00220983522013, -0.000113090100058, 0.00152654189151, -0.00401384709403, 0.0112568438053, -0.00184570043348, 0.000584326277021], [-0.000290784606477, 0.00168651388958, -0.00136581901461, 0.00152321113274, -0.000407647312386, 0.00106855877675, -0.00237901997752, -0.000251691817539, -0.00154455623124, 5.59437394259e-05, -0.00184570043348, 0.0101022282615, -0.00411344831809], [0.000371726229787, -0.00118781335186, 0.00107358652167, -0.000470401282655, 8.94293698366e-05, -0.000280262640445, 0.000901313207578, -0.000133673325763, -0.00101334648207, 0.000316664489219, 0.000584326277021, -0.00411344831809, 0.0116370692849]]
    },
    "melbands": {
        "dmean": [0.00163012649864, 0.00206438428722, 0.000800986541435, 0.000487684854306, 0.000460333016235, 0.000276144972304, 0.000227217693464, 0.000186138378922, 0.000138157018228, 8.73986282386e-05, 7.25674472051e-05, 5.81490530749e-05, 6.91617678967e-05, 4.15202302975e-05, 4.73301042803e-05, 2.82599939965e-05, 2.58948075498e-05, 1.86605757335e-05, 1.65635065059e-05, 1.19734231703e-05, 7.8484235928e-06, 9.43957547861e-06, 3.68011001228e-06, 3.6889302919e-06, 2.63006086243e-06, 2.2168878786e-06, 2.28951580539e-06, 2.07940684049e-06, 1.53089899868e-06, 9.36257151807e-07, 8.29555972359e-07, 8.83997984147e-07, 9.60167199082e-07, 1.14738395496e-06, 6.81919800627e-07, 6.66275582262e-07, 4.82741256747e-07, 4.66811030719e-07, 2.94935233569e-07, 2.0224229047e-07],
        "dmean2": [0.00208426546305, 0.00288884108886, 0.00140974763781, 0.000837608764414, 0.000797592278104, 0.000458076450741, 0.000366006424883, 0.000300074811094, 0.00021901135915, 0.000135717462399, 0.000111243629362, 8.94550757948e-05, 0.000108872882265, 6.52856469969e-05, 7.3444818554e-05, 4.30337277066e-05, 3.91263747588e-05, 2.90184798359e-05, 2.72000470432e-05, 1.99935475393e-05, 1.29303307403e-05, 1.54504996317e-05, 5.70779684494e-06, 5.71681266592e-06, 4.06996332458e-06, 3.37318419952e-06, 3.49882998307e-06, 3.20203298543e-06, 2.35329162024e-06, 1.48232095398e-06, 1.30966225242e-06, 1.39291307732e-06, 1.54469080371e-06, 1.89548802609e-06, 1.03805575691e-06, 1.01944021935e-06, 7.2633383752e-07, 7.00949044585e-07, 4.49079379905e-07, 3.1287714819e-07],
        "dvar": [1.74927354237e-05, 3.65297819371e-05, 8.00399448053e-06, 1.76754372205e-06, 1.11685130832e-06, 2.99813081028e-07, 1.95325625896e-07, 1.36687489771e-07, 7.80460709393e-08, 5.84036925488e-08, 2.2024462254e-08, 1.42491876076e-08, 3.68034100973e-08, 1.4782789215e-08, 1.58370596637e-08, 6.41775610433e-09, 4.80765294242e-09, 2.20430362852e-09, 1.81108783526e-09, 1.05126041205e-09, 4.587328295e-10, 6.57318144359e-10, 7.80212283669e-11, 5.77632282284e-11, 2.88053539355e-11, 2.51102593579e-11, 6.85917295185e-11, 3.87683218861e-11, 1.11698332875e-11, 4.34080419179e-12, 4.37579790111e-12, 3.86189734705e-12, 4.86734480845e-12, 7.52283565303e-12, 5.27446402526e-12, 5.15827614997e-12, 2.74289271851e-12, 3.71147340292e-12, 1.22297094327e-12, 3.94111555457e-13],
        "dvar2": [2.83936969936e-05, 7.91036873125e-05, 2.28044063988e-05, 4.96419079354e-06, 3.17213562084e-06, 7.88947829733e-07, 4.69529226166e-07, 3.2593587207e-07, 1.94147204979e-07, 1.20360255096e-07, 4.9301103644e-08, 3.28275326922e-08, 9.23013416809e-08, 3.9926529638e-08, 3.87037886185e-08, 1.43047262924e-08, 1.11101874367e-08, 5.09556530304e-09, 4.79757078509e-09, 2.84007040108e-09, 1.22121868174e-09, 1.67493319214e-09, 1.76355749448e-10, 1.34632319182e-10, 6.54413329082e-11, 5.35590322093e-11, 1.14115591976e-10, 9.71768637781e-11, 2.52415397611e-11, 9.77852868123e-12, 1.02233135152e-11, 8.79413642602e-12, 1.16143830664e-11, 1.8632711693e-11, 1.0348382741e-11, 9.69261650108e-12, 5.44195938312e-12, 7.62206183585e-12, 2.61829663853e-12, 8.54094627054e-13],
        "max": [0.046236358583, 0.0537892132998, 0.0273006483912, 0.0172730274498, 0.0210547130555, 0.0147898783907, 0.00784545671195, 0.00858354195952, 0.00545813282952, 0.00865718908608, 0.00284617999569, 0.00217684381641, 0.00328768533655, 0.00265095778741, 0.00298982835375, 0.00232252269052, 0.00202636304311, 0.00144252530299, 0.000873698911164, 0.00037916059955, 0.000265939539531, 0.000443848693976, 0.000243170215981, 0.000153745728312, 0.00010539071809, 0.000190917286091, 0.00063452962786, 0.000334481679602, 0.000101024437754, 4.5127580961e-05, 9.90575208561e-05, 5.73843026359e-05, 8.54580503074e-05, 6.77069474477e-05, 0.000102666097519, 8.45816248329e-05, 6.04841443419e-05, 7.80107075116e-05, 3.87485706597e-05, 2.07328193937e-05],
        "mean": [0.00328430812806, 0.00280303880572, 0.000882716965862, 0.000679629971273, 0.000734708679374, 0.000470377271995, 0.00038139228127, 0.000314231583616, 0.000245462200837, 0.000142322576721, 0.000134218847961, 0.000111730849312, 0.000108535285108, 7.03428158886e-05, 7.84957228461e-05, 4.34475878137e-05, 4.37658709416e-05, 2.82080945908e-05, 2.17341112148e-05, 1.50630276039e-05, 1.00508550531e-05, 1.25080314319e-05, 5.91552907281e-06, 6.1717155404e-06, 4.38068582298e-06, 3.99311466026e-06, 4.19305661126e-06, 3.87932959711e-06, 2.70976579486e-06, 1.3502811953e-06, 1.07013022443e-06, 1.06050651993e-06, 1.03737033896e-06, 1.11053259388e-06, 8.08979507383e-07, 7.61758940371e-07, 5.67681070152e-07, 5.43984469914e-07, 3.43002625414e-07, 2.38777943196e-07],
        "median": [4.61247765315e-07, 1.89139191207e-05, 0.000211285296245, 0.000321751023876, 0.000367279892089, 0.000248844648013, 0.000167819162016, 0.00011837452621, 7.81863564043e-05, 4.29166502727e-05, 4.61041236122e-05, 3.74700284738e-05, 1.97902409127e-05, 1.23671261463e-05, 1.17656527436e-05, 8.04449882708e-06, 7.60111470299e-06, 5.64485435461e-06, 5.04493982589e-06, 4.00883573093e-06, 2.65836979452e-06, 2.87136754196e-06, 1.6690441953e-06, 2.1926671252e-06, 1.41692214584e-06, 1.10317955659e-06, 1.38469590638e-06, 1.03978334209e-06, 9.71028612184e-07, 4.05560626859e-07, 3.03976833038e-07, 2.88649999902e-07, 2.47728394243e-07, 2.00317472832e-07, 1.56643451987e-07, 1.31555282223e-07, 9.91926896177e-08, 7.48854773747e-08, 4.74409382889e-08, 2.99416562655e-08],
        "min": [3.22262301557e-24, 1.85326343046e-24, 2.8813542938e-24, 2.21957848598e-24, 5.19071658927e-24, 3.86566495462e-24, 4.31490427963e-24, 1.47943901077e-24, 4.53302431992e-24, 4.19237327623e-24, 4.33594635542e-24, 5.45786985685e-24, 3.42589472148e-24, 4.83110724587e-24, 8.0575428262e-24, 4.96014082971e-24, 3.33956927819e-24, 6.67506172322e-24, 6.05512275908e-24, 5.60980525605e-24, 5.97886554752e-24, 6.66765589704e-24, 6.88970209806e-24, 5.68461530228e-24, 6.46553395591e-24, 5.38522444495e-24, 7.55469211964e-24, 7.17005616403e-24, 8.14119915862e-24, 8.35222576165e-24, 5.00417820088e-24, 7.52658106128e-24, 5.46872773835e-24, 8.14029906833e-24, 7.66521389904e-24, 7.76573213331e-24, 8.6182012599e-24, 7.94659427305e-24, 8.61751337319e-24, 9.41762974581e-24],
        "var": [5.66971793887e-05, 5.10766185471e-05, 5.45843658983e-06, 1.568212042e-06, 1.44834052662e-06, 5.41355291261e-07, 3.55106948291e-07, 2.77236324564e-07, 1.78811717433e-07, 1.08973324586e-07, 5.31515844671e-08, 3.50480604538e-08, 6.92226294063e-08, 2.9026921311e-08, 3.76408912928e-08, 1.3258153686e-08, 1.29439916563e-08, 4.59931026597e-09, 2.47168085998e-09, 1.05580444387e-09, 4.85368412129e-10, 8.69447791541e-10, 1.4716491914e-10, 1.15191134409e-10, 5.67005435659e-11, 5.98020105658e-11, 1.47577616794e-10, 7.81945064254e-11, 2.88721650754e-11, 7.21093757622e-12, 5.75645434098e-12, 5.63053249858e-12, 6.43757226346e-12, 8.3284655214e-12, 9.35952010339e-12, 9.46837573623e-12, 4.89632206307e-12, 7.04509410879e-12, 2.10578169485e-12, 6.71473402054e-13]
    },
    "mfcc": {
        "mean": [-699.089599609, 131.588806152, -5.08082151413, 6.29984283447, -18.5358943939, -10.6631164551, -16.4547901154, -12.4713363647, -15.2175340652, -6.02900695801, -11.9213428497, -7.7468380928, -5.66213560104],
        "cov": [[9351.33691406, 660.133300781, -320.055877686, 499.844421387, 779.564819336, 707.044799805, 685.06451416, 552.65234375, 374.85043335, 433.572723389, 225.468811035, 281.654296875, 111.126342773], [660.133300781, 1359.2869873, -86.2098236084, 229.804946899, 239.577255249, 205.191223145, 215.437255859, 154.331420898, 178.271881104, 88.6054382324, 121.162712097, 96.5969009399, 84.4869003296], [-320.055877686, -86.2098236084, 1225.98193359, 363.632568359, 480.289398193, 337.211914062, 158.320648193, 249.622039795, 259.082641602, 146.020843506, 169.559814453, 62.1101417542, 71.6386413574], [499.844421387, 229.804946899, 363.632568359, 659.68548584, 471.189178467, 287.538726807, 196.779815674, 255.604705811, 290.67376709, 147.249343872, 160.106338501, 115.757148743, 89.1776885986], [779.564819336, 239.577255249, 480.289398193, 471.189178467, 845.060668945, 451.845123291, 340.695495605, 323.908966064, 372.997436523, 248.99029541, 205.146179199, 155.888885498, 107.301589966], [707.044799805, 205.191223145, 337.211914062, 287.538726807, 451.845123291, 488.54864502, 323.172607422, 238.317276001, 249.341522217, 167.681610107, 188.146209717, 143.837020874, 108.695205688], [685.06451416, 215.437255859, 158.320648193, 196.779815674, 340.695495605, 323.172607422, 492.361572266, 264.308135986, 191.938903809, 176.047485352, 181.147415161, 173.860794067, 135.535522461], [552.65234375, 154.331420898, 249.622039795, 255.604705811, 323.908966064, 238.317276001, 264.308135986, 356.288543701, 261.546020508, 118.482116699, 161.027023315, 134.364135742, 114.987060547], [374.85043335, 178.271881104, 259.082641602, 290.67376709, 372.997436523, 249.341522217, 191.938903809, 261.546020508, 363.304962158, 148.965591431, 162.734268188, 123.692939758, 104.191963196], [433.572723389, 88.6054382324, 146.020843506, 147.249343872, 248.99029541, 167.681610107, 176.047485352, 118.482116699, 148.965591431, 226.743423462, 123.533294678, 85.1455917358, 55.6016807556], [225.468811035, 121.162712097, 169.559814453, 160.106338501, 205.146179199, 188.146209717, 181.147415161, 161.027023315, 162.734268188, 123.533294678, 237.411468506, 142.327346802, 97.5519332886], [281.654296875, 96.5969009399, 62.1101417542, 115.757148743, 155.888885498, 143.837020874, 173.860794067, 134.364135742, 123.692939758, 85.1455917358, 142.327346802, 198.802108765, 120.131034851], [111.126342773, 84.4869003296, 71.6386413574, 89.1776885986, 107.301589966, 108.695205688, 135.535522461, 114.987060547, 104.191963196, 55.6016807556, 97.5519332886, 120.131034851, 163.635848999]],
