{
"lowlevel": {
    "average_loudness": 0.907935619354,
    "barkbands_crest": {
        "dmean": 3.18092632294,
        "dmean2": 4.9768371582,
        "dvar": 9.451379776,
        "dvar2": 20.8157806396,
        "max": 26.7523403168,
        "mean": 10.052485466,
        "median": 8.48662185669,
        "min": 1.82893514633,
        "var": 31.2283535004
    },
    "barkbands_flatness_db": {
        "dmean": 0.0311090908945,
        "dmean2": 0.0431133955717,
        "dvar": 0.000905547640286,
        "dvar2": 0.00168783043046,
        "max": 0.51800173521,
        "mean": 0.118760108948,
        "median": 0.108388729393,
        "min": 0.0167149212211,
        "var": 0.00403081160039
    },
    "barkbands_kurtosis": {
        "dmean": 4.84021282196,
        "dmean2": 7.06012296677,
        "dvar": 641.504699707,
        "dvar2": 1184.81054688,
        "max": 2252.99536133,
        "mean": 5.72139024734,
        "median": 0.20182800293,
        "min": -1.92430746555,
        "var": 1452.31604004
    },
    "barkbands_skewness": {
        "dmean": 0.793134689331,
        "dmean2": 1.12360584736,
        "dvar": 0.956146299839,
        "dvar2": 1.79459810257,
        "max": 44.9573822021,
        "mean": 1.27673506737,
        "median": 0.829393684864,
        "min": -4.63275337219,
        "var": 4.02915668488
    },
    "barkbands_spread": {
        "dmean": 10.6682682037,
        "dmean2": 15.4062643051,
        "dvar": 132.959320068,
        "dvar2": 254.195358276,
        "max": 116.168388367,
        "mean": 32.9247283936,
        "median": 29.4244804382,
        "min": 0.134851440787,
        "var": 403.369873047
    },
    "dissonance": {
        "dmean": 0.0160127133131,
        "dmean2": 0.0272337570786,
        "dvar": 0.000307653128402,
        "dvar2": 0.000832185090985,
        "max": 0.500000119209,
        "mean": 0.475693136454,
        "median": 0.48175534606,
        "min": 0.317100524902,
        "var": 0.000486792443553
    },
    "dynamic_complexity": 4.19553136826,
    "erbbands_crest": {
        "dmean": 2.86467719078,
        "dmean2": 4.39872932434,
        "dvar": 7.33102989197,
        "dvar2": 16.0984249115,
        "max": 31.8409080505,
        "mean": 8.72984409332,
        "median": 7.18540859222,
        "min": 2.3144505024,
        "var": 26.0972595215
    },
    "erbbands_flatness_db": {
        "dmean": 0.0231867898256,
        "dmean2": 0.0322041325271,
        "dvar": 0.000523092050571,
        "dvar2": 0.000865856942255,
        "max": 0.462283670902,
        "mean": 0.140247553587,
        "median": 0.126120179892,
        "min": 0.0475009158254,
        "var": 0.00340245873667
    },
    "erbbands_kurtosis": {
        "dmean": 1.13104665279,
        "dmean2": 1.7312541008,
        "dvar": 4.58661031723,
        "dvar2": 10.9722480774,
        "max": 84.7151641846,
        "mean": 0.606532335281,
        "median": -0.193176627159,
        "min": -1.81697273254,
        "var": 8.53549861908
    },
    "erbbands_skewness": {
        "dmean": 0.447029173374,
        "dmean2": 0.668319046497,
        "dvar": 0.189721748233,
        "dvar2": 0.399196386337,
        "max": 8.15457057953,
        "mean": -0.0748744904995,
        "median": -0.0886689573526,
        "min": -3.6647503376,
        "var": 0.608350336552
    },
    "erbbands_spread": {
        "dmean": 12.1528291702,
        "dmean2": 17.5293521881,
        "dvar": 154.516189575,
        "dvar2": 326.226623535,
        "max": 186.394927979,
        "mean": 45.009677887,
        "median": 43.0775527954,
        "min": 1.95014214516,
        "var": 585.634399414
    },
    "hfc": {
        "dmean": 21.3197250366,
        "dmean2": 29.782491684,
        "dvar": 1013.62005615,
        "dvar2": 2070.43847656,
        "max": 251.166931152,
        "mean": 36.4639015198,
        "median": 22.4426269531,
        "min": 1.07692933584e-16,
        "var": 1795.56506348
    },
    "melbands_crest": {
        "dmean": 4.01345872879,
        "dmean2": 6.11194086075,
        "dvar": 14.2602624893,
        "dvar2": 29.4903621674,
        "max": 39.2921638489,
        "mean": 15.139799118,
        "median": 13.3378200531,
        "min": 1.66420161724,
        "var": 57.3643608093
    },
    "melbands_flatness_db": {
        "dmean": 0.0393864698708,
        "dmean2": 0.0546016618609,
        "dvar": 0.00160112965386,
        "dvar2": 0.00305839534849,
        "max": 0.613019824028,
        "mean": 0.168526545167,
        "median": 0.159082472324,
        "min": 0.00258727814071,
        "var": 0.00762864015996
    },
    "melbands_kurtosis": {
        "dmean": 14.7039375305,
        "dmean2": 21.5107936859,
        "dvar": 3020.4831543,
        "dvar2": 4580.41699219,
        "max": 3769.20898438,
        "mean": 22.4551048279,
        "median": 4.64857292175,
        "min": -1.83951723576,
        "var": 7798.50634766
    },
    "melbands_skewness": {
        "dmean": 1.12505233288,
        "dmean2": 1.61574721336,
        "dvar": 2.35563230515,
        "dvar2": 4.27077817917,
        "max": 54.8622512817,
        "mean": 2.90172529221,
        "median": 2.05973982811,
        "min": -2.26656031609,
        "var": 8.98181819916
    },
    "melbands_spread": {
        "dmean": 15.7424268723,
        "dmean2": 23.8085250854,
        "dvar": 373.892547607,
        "dvar2": 831.079284668,
        "max": 252.490325928,
        "mean": 39.2909049988,
        "median": 32.3726921082,
        "min": 0.132045269012,
        "var": 999.533813477
    },
    "pitch_salience": {
        "dmean": 0.0892432034016,
        "dmean2": 0.134217530489,
        "dvar": 0.00815785117447,
        "dvar2": 0.016944475472,
        "max": 0.943556427956,
        "mean": 0.52757191658,
        "median": 0.550267457962,
        "min": 0.0162755195051,
        "var": 0.0317787155509
    },
    "silence_rate_20dB": {
        "dmean": 0,
        "dmean2": 0,
        "dvar": 0,
        "dvar2": 0,
        "max": 1,
        "mean": 1,
        "median": 1,
        "min": 1,
        "var": 0
    },
    "silence_rate_30dB": {
        "dmean": 0.0530889183283,
        "dmean2": 0.106190472841,
        "dvar": 0.0502675808966,
        "dvar2": 0.108970806003,
        "max": 1,
        "mean": 0.938824117184,
        "median": 1,
        "min": 0,
        "var": 0.0574388206005
    },
    "silence_rate_60dB": {
        "dmean": 0.0428520403802,
        "dmean2": 0.0857142880559,
        "dvar": 0.0410125479102,
        "dvar2": 0.0926462113857,
        "max": 1,
        "mean": 0.147107824683,
        "median": 0,
        "min": 0,
        "var": 0.125486284494
    },
    "spectral_centroid": {
        "dmean": 430.961395264,
        "dmean2": 644.464416504,
        "dvar": 217316.375,
        "dvar2": 449099.75,
        "max": 11917.8173828,
        "mean": 1996.92126465,
        "median": 1901.6574707,
        "min": 128.806838989,
        "var": 905100.6875
    },
    "spectral_complexity": {
        "dmean": 6.50160694122,
        "dmean2": 9.56761932373,
        "dvar": 56.6213722229,
        "dvar2": 114.846000671,
        "max": 57,
        "mean": 18.8655090332,
        "median": 18,
        "min": 0,
        "var": 165.208236694
    },
    "spectral_decrease": {
        "dmean": 3.13308112787e-09,
        "dmean2": 4.27523927371e-09,
        "dvar": 2.12301694476e-17,
        "dvar2": 3.65483003863e-17,
        "max": 3.26907369822e-17,
        "mean": -8.18143330861e-09,
        "median": -5.46115463962e-09,
        "min": -5.17078539986e-08,
        "var": 7.68042426537e-17
    },
    "spectral_energy": {
        "dmean": 0.0129798958078,
        "dmean2": 0.0174356531352,
        "dvar": 0.000303427514154,
        "dvar2": 0.000511290330905,
        "max": 0.197531700134,
        "mean": 0.0341860428452,
        "median": 0.0243035294116,
        "min": 1.00405388028e-20,
        "var": 0.00116496742703
    },
    "spectral_energyband_high": {
        "dmean": 0.00209827441722,
        "dmean2": 0.00301968003623,
        "dvar": 1.2675131984e-05,
        "dvar2": 2.58418276644e-05,
        "max": 0.029837846756,
        "mean": 0.0026217463892,
        "median": 0.000757510482799,
        "min": 7.31912347324e-21,
        "var": 1.94168878807e-05
    },
    "spectral_energyband_low": {
        "dmean": 0.00955862738192,
        "dmean2": 0.0138492314145,
        "dvar": 0.000375392497517,
        "dvar2": 0.000721795600839,
        "max": 0.189974561334,
        "mean": 0.0189408306032,
        "median": 0.00598655454814,
        "min": 2.58158580875e-23,
        "var": 0.000978842377663
    },
    "spectral_energyband_middle_high": {
        "dmean": 0.00312526617199,
        "dmean2": 0.0046095973812,
        "dvar": 1.87445857591e-05,
        "dvar2": 3.92295914935e-05,
        "max": 0.0863871797919,
        "mean": 0.00765574071556,
        "median": 0.00448695849627,
        "min": 1.07320767391e-21,
        "var": 8.74510151334e-05
    },
    "spectral_energyband_middle_low": {
        "dmean": 0.00405278336257,
        "dmean2": 0.0066745984368,
        "dvar": 5.65263399039e-05,
        "dvar2": 0.000149190440425,
        "max": 0.066785171628,
        "mean": 0.00599404703826,
        "median": 0.00371546670794,
        "min": 2.20029235146e-22,
        "var": 5.76392812945e-05
    },
    "spectral_entropy": {
        "dmean": 0.218920513988,
        "dmean2": 0.297886192799,
        "dvar": 0.0502833202481,
        "dvar2": 0.0886291638017,
        "max": 9.82198524475,
        "mean": 7.93601417542,
        "median": 8.00535774231,
        "min": 5.48589944839,
        "var": 0.212665736675
    },
    "spectral_flux": {
        "dmean": 0.0372065380216,
        "dmean2": 0.0560001730919,
        "dvar": 0.00161606713664,
        "dvar2": 0.00416791811585,
        "max": 0.378990978003,
        "mean": 0.101770691574,
        "median": 0.091401360929,
        "min": 6.51157877618e-11,
        "var": 0.00451581180096
    },
    "spectral_kurtosis": {
        "dmean": 1.39626944065,
        "dmean2": 2.15714406967,
        "dvar": 6.36697864532,
        "dvar2": 18.0082092285,
        "max": 57.6745491028,
        "mean": 3.06600165367,
        "median": 2.24710655212,
        "min": -1.24102795124,
        "var": 11.4820232391
    },
    "spectral_rms": {
        "dmean": 0.00107964558993,
        "dmean2": 0.00137966230977,
        "dvar": 1.28543069877e-06,
        "dvar2": 1.92075981431e-06,
        "max": 0.0138821415603,
        "mean": 0.00498757744208,
        "median": 0.00486936978996,
        "min": 3.12980002158e-12,
        "var": 8.47625778988e-06
    },
    "spectral_rolloff": {
        "dmean": 1278.08532715,
        "dmean2": 2018.01501465,
        "dvar": 3186374.5,
        "dvar2": 5698028,
        "max": 19379.8828125,
        "mean": 3043.08837891,
        "median": 1937.98828125,
        "min": 43.06640625,
        "var": 9511647
    },
    "spectral_skewness": {
        "dmean": 0.231584653258,
        "dmean2": 0.349167764187,
        "dvar": 0.0727589800954,
        "dvar2": 0.17626273632,
        "max": 5.67049026489,
        "mean": 1.29143238068,
        "median": 1.23022675514,
        "min": -0.182534635067,
        "var": 0.206994697452
    },
    "spectral_spread": {
        "dmean": 911541.875,
        "dmean2": 1233941.625,
        "dvar": 1.05055014093e+12,
        "dvar2": 1.71756394906e+12,
        "max": 41631308,
        "mean": 5991271,
        "median": 5821604,
        "min": 917834.75,
        "var": 6.81047123558e+12
    },
    "spectral_strongpeak": {
        "dmean": 0.720221340656,
        "dmean2": 1.20463764668,
        "dvar": 2.0586502552,
        "dvar2": 5.11772441864,
        "max": 18.6883602142,
        "mean": 1.11615133286,
        "median": 0.386570721865,
        "min": 0,
        "var": 3.55552721024
    },
    "zerocrossingrate": {
        "dmean": 0.0239888429642,
        "dmean2": 0.0249847695231,
        "dvar": 0.000568585353903,
        "dvar2": 0.000605038425419,
        "max": 0.63671875,
        "mean": 0.10152117908,
        "median": 0.0830078125,
        "min": 0.00244140625,
        "var": 0.00566811487079
    },
    "barkbands": {
        "dmean": [0.000467052712338, 0.00705579016358, 0.00591817405075, 0.0018604346551, 0.00137473794166, 0.000431937660323, 0.000469846330816, 0.000487246114062, 0.000469077349408, 0.000703500583768, 0.000668418186251, 0.000708427338395, 0.000374843599275, 0.000660255551338, 0.000526306277607, 0.000496946682688, 0.000274666264886, 0.000218465167563, 0.000284360576188, 0.000313668162562, 0.00030656211311, 0.000294217286864, 0.000435040739831, 0.000512675847858, 0.000330917944666, 0.000177350186277, 3.24519423884e-05],
        "dmean2": [0.000632243230939, 0.00934352446347, 0.00876902416348, 0.00337242614478, 0.00232397089712, 0.000682647980284, 0.000734529807232, 0.000795056810603, 0.000748990220018, 0.00108152825851, 0.000991908716969, 0.00109802174848, 0.000578659877647, 0.000966218416579, 0.000822934845928, 0.000742274569348, 0.000453215092421, 0.000355940195732, 0.00046807093895, 0.000496205349918, 0.000486450706376, 0.000455585250165, 0.000659084471408, 0.000765188829973, 0.000468411453767, 0.000235344239627, 4.7465768148e-05],
        "dvar": [1.57983834015e-06, 0.000220663045184, 0.000266454822849, 2.95153040497e-05, 7.89160276327e-06, 1.42805174619e-06, 1.39035421398e-06, 2.33882519751e-06, 9.80722916211e-07, 1.84679981885e-06, 3.37913934345e-06, 4.71364000987e-06, 1.04691844172e-06, 3.93165464629e-06, 1.47758419189e-06, 1.3617187733e-06, 3.4436061469e-07, 2.00245182214e-07, 2.40885782432e-07, 2.55574065022e-07, 2.98644636132e-07, 2.86278265094e-07, 7.10500387413e-07, 1.24655468881e-06, 3.71739048433e-07, 1.0582609633e-07, 5.88652770972e-09],
        "dvar2": [2.70019518211e-06, 0.000419085670728, 0.000534698483534, 8.35849132272e-05, 2.05243559321e-05, 3.09808547172e-06, 2.92912909572e-06, 6.39476047581e-06, 2.30751379604e-06, 3.95834831579e-06, 6.52291464576e-06, 1.0406041838e-05, 2.27628311222e-06, 7.99229565018e-06, 3.33365255756e-06, 2.62551884589e-06, 8.85600570655e-07, 5.08647985953e-07, 6.14577004399e-07, 6.03411137945e-07, 6.82364486693e-07, 6.72771761856e-07, 1.62789365277e-06, 2.75722459264e-06, 6.41866961359e-07, 1.87143257335e-07, 1.22346257569e-08],
        "max": [0.0230105556548, 0.152040064335, 0.161923140287, 0.0480168946087, 0.039601944387, 0.0534784123302, 0.0402069985867, 0.0479861535132, 0.0246487911791, 0.0279444605112, 0.0506431385875, 0.0652149841189, 0.0268714409322, 0.0796106383204, 0.0210966058075, 0.031331833452, 0.0146735766903, 0.00938709825277, 0.00859216041863, 0.00832411833107, 0.00913913268596, 0.00711641553789, 0.0119501268491, 0.0106503311545, 0.00615575490519, 0.00373568851501, 0.0010907871183],
        "mean": [0.000994095462374, 0.0107923550531, 0.00626547401771, 0.00165880995337, 0.00157022464555, 0.000546112831216, 0.000636360025965, 0.000599641818553, 0.00077918212628, 0.00109440635424, 0.0010775962146, 0.00115781649947, 0.000523004273418, 0.00102640362456, 0.00085420178948, 0.000751768238842, 0.000336902943673, 0.000261297129327, 0.000364197563613, 0.000477095716633, 0.000427888560807, 0.000351154187229, 0.000498273759149, 0.000515192747116, 0.000389635126339, 0.000204973781365, 3.19681239489e-05],
        "median": [3.47981986124e-05, 0.003016093513, 0.000727559905499, 0.000329140399117, 0.000595763034653, 0.000201713599381, 0.000232679623878, 0.00018525053747, 0.000210568599869, 0.000319975311868, 0.000164475277415, 0.000222120899707, 0.000164090422913, 0.000220949630602, 0.000219836860197, 0.00021581078181, 0.000121353281429, 0.000100918579847, 0.000147049009684, 0.000203644012799, 0.000142672972288, 0.000101106874354, 0.000103705904621, 9.41440812312e-05, 6.20550417807e-05, 2.95442987408e-05, 1.68772362485e-06],
        "min": [1.88811865791e-24, 4.24701293797e-24, 3.05289742245e-24, 1.68256438297e-24, 1.71979913046e-23, 1.96063994255e-23, 7.95714923196e-24, 1.47048547894e-23, 2.93830871009e-23, 3.29083297815e-23, 2.35318580645e-23, 3.81723007833e-23, 4.56511186833e-23, 5.25104535808e-23, 6.26598969666e-23, 6.65444626341e-23, 8.56979359931e-23, 1.34197596695e-22, 1.50378396039e-22, 2.00554594424e-22, 3.05905314864e-22, 4.14041913368e-22, 4.60254571642e-22, 7.04453394208e-22, 1.02418328818e-21, 1.40880642006e-21, 2.0788177685e-21],
        "var": [7.45578427086e-06, 0.000452314619906, 0.000308027549181, 1.89709480765e-05, 7.74760701461e-06, 1.94460358216e-06, 2.08311416827e-06, 2.25336771109e-06, 3.0329274523e-06, 4.43645922132e-06, 1.03047041193e-05, 1.18224697871e-05, 1.75677325842e-06, 8.66066329763e-06, 4.04233924201e-06, 3.24618235936e-06, 4.14436641449e-07, 2.2778047537e-07, 3.1744974649e-07, 5.10395523179e-07, 5.50946992917e-07, 3.62694322575e-07, 1.00414320059e-06, 1.39929750276e-06, 5.97996574925e-07, 1.80945932016e-07, 7.30668503479e-09]
    },
    "erbbands": {
        "dmean": [0.152657821774, 1.79929602146, 5.8877530098, 6.32283830643, 4.91267776489, 4.94666814804, 3.12402009964, 3.90852093697, 4.78727340698, 10.0019626617, 10.8245534897, 10.1026916504, 17.6214351654, 18.3749084473, 28.1472530365, 25.6610584259, 16.5948925018, 24.5294952393, 28.8092746735, 25.9113578796, 27.5527019501, 15.307217598, 10.8619174957, 14.0552825928, 14.2642011642, 14.9684123993, 11.804898262, 12.2891454697, 11.3552846909, 11.1065988541, 12.2915782928, 11.508020401, 7.75868320465, 4.20969009399, 2.28377175331, 0.945162177086, 0.278884857893, 0.066253811121, 0.00498176692054, 9.40385652939e-05],
        "dmean2": [0.206203132868, 2.36675429344, 8.55474853516, 10.2074127197, 8.43281936646, 8.43222236633, 5.17046833038, 6.16331243515, 7.61926221848, 15.4946203232, 17.6629829407, 16.0668792725, 27.5429840088, 27.598033905, 41.2159729004, 39.4180335999, 25.1002254486, 35.996509552, 42.5357513428, 39.3300018311, 41.4039955139, 24.7256622314, 17.4926490784, 22.9898490906, 23.3556556702, 23.6929531097, 18.9753170013, 19.3682079315, 17.8760261536, 16.8475608826, 18.4159183502, 17.6775608063, 11.3729934692, 6.1175069809, 3.17313480377, 1.26388645172, 0.379572242498, 0.0913027450442, 0.00740082329139, 0.000130914108013],
        "dvar": [0.0920386239886, 15.0747652054, 240.186386108, 287.810821533, 111.202209473, 133.252212524, 60.0156517029, 130.912307739, 139.986923218, 785.145141602, 911.254272461, 485.053466797, 1233.78125, 1294.86096191, 7550.16796875, 6458.59814453, 1979.71691895, 7115.95605469, 4949.078125, 3484.92749023, 4291.75927734, 1057.91467285, 415.523864746, 775.437255859, 564.312316895, 609.760681152, 386.091430664, 686.500305176, 491.96496582, 400.078399658, 561.729980469, 662.096191406, 277.544433594, 65.6455230713, 17.9301986694, 2.91871762276, 0.268962323666, 0.0200573839247, 0.000144103978528, 3.58387879373e-08],
        "dvar2": [0.177901819348, 28.1426296234, 439.123413086, 719.346069336, 301.1171875, 359.894927979, 143.002258301, 290.876434326, 312.98425293, 1666.61193848, 2433.91894531, 1123.67248535, 2869.21289062, 2712.77172852, 13197.7402344, 14117.9150391, 4196.23583984, 14805.1455078, 9805.46289062, 7549.5859375, 8810.45996094, 2731.96337891, 1025.05603027, 1987.42687988, 1459.48974609, 1456.12316895, 963.554077148, 1549.62719727, 1213.30114746, 914.75793457, 1253.40002441, 1566.70776367, 581.518188477, 118.529571533, 31.0021324158, 5.09383678436, 0.472801357508, 0.039414845407, 0.000304781860905, 7.08088023771e-08],
        "max": [5.1608300209, 39.8630599976, 148.412338257, 137.476455688, 108.813980103, 154.966293335, 197.852005005, 491.84866333, 290.158630371, 946.135742188, 884.902954102, 625.408691406, 571.399475098, 837.147033691, 2759.77978516, 2798.76538086, 1284.43432617, 3632.6953125, 1750.24401855, 1437.7208252, 2040.85095215, 1019.26287842, 455.331726074, 561.196289062, 364.238891602, 462.971008301, 186.593734741, 576.078613281, 378.146270752, 338.878967285, 306.649353027, 246.012649536, 176.504058838, 76.2247695923, 47.3373031616, 19.8661613464, 5.94513988495, 1.46934366226, 0.130881950259, 0.00198892969638],
        "mean": [0.27629289031, 2.56775426865, 7.23175382614, 6.55114221573, 5.2879652977, 5.34581041336, 3.93409442902, 4.84996557236, 6.42165279388, 13.4333591461, 15.3418474197, 17.1251621246, 27.9523162842, 33.5458297729, 48.5522689819, 44.9683647156, 25.9518890381, 38.9139900208, 54.6844215393, 43.6046943665, 40.6031188965, 20.34674263, 14.0127048492, 17.939540863, 19.9449520111, 22.5986633301, 15.7864723206, 17.3369617462, 13.3773803711, 13.3641672134, 14.0314130783, 11.3488492966, 7.9966506958, 4.76235580444, 2.67452383041, 1.07569479942, 0.335995733738, 0.070960380137, 0.00487943319604, 0.000129632244352],
        "median": [0.0600688643754, 0.607968688011, 1.24789166451, 1.50478851795, 1.84194946289, 1.95455420017, 1.64990758896, 1.71521949768, 2.66801095009, 4.11341238022, 5.0645198822, 5.21399736404, 8.77421855927, 10.7672948837, 10.4258441925, 10.1096639633, 9.62612724304, 10.2304859161, 13.1299161911, 14.9831771851, 12.6420726776, 8.23733711243, 6.23618221283, 7.28286886215, 8.72452163696, 9.46612548828, 6.64872550964, 4.99602794647, 3.74113607407, 3.14743947983, 3.02284789085, 2.25911664963, 1.36857485771, 0.771622657776, 0.412183493376, 0.15519694984, 0.0480719581246, 0.00728032179177, 0.000280957203358, 4.9270256568e-05],
        "min": [1.23821564059e-22, 1.29703313492e-21, 3.12763532734e-21, 9.2552931777e-21, 2.03456235365e-20, 5.02388952828e-20, 7.53360235879e-20, 9.80907993493e-20, 1.36911186828e-19, 2.84540359647e-19, 2.16092779546e-19, 5.23583252363e-19, 9.81870728328e-19, 1.37280321346e-18, 1.320983967e-18, 1.58246185908e-18, 2.40369297508e-18, 3.16383494168e-18, 3.4882479401e-18, 3.97677832833e-18, 4.91435611979e-18, 5.30996972341e-18, 6.32878078693e-18, 6.4133372571e-18, 7.34701158325e-18, 9.53738915401e-18, 1.07832836296e-17, 1.21179461654e-17, 1.52662683686e-17, 1.04655279875e-17, 1.21271634389e-17, 1.24524753759e-17, 1.02948045265e-17, 9.84315233154e-18, 7.2712434935e-18, 4.61046154327e-18, 2.73365449425e-18, 9.96199667887e-19, 2.64658634185e-19, 3.06328536089e-20],
        "var": [0.26553183794, 29.7124557495, 337.684661865, 256.060241699, 92.6798324585, 115.322059631, 76.6701812744, 174.332641602, 191.931213379, 1179.56640625, 1080.3458252, 1535.32092285, 2716.36083984, 4198.55175781, 23798.609375, 17803.0136719, 3628.3659668, 12912.4238281, 22774.7578125, 8856.12890625, 8101.92724609, 1295.69836426, 536.481872559, 891.276855469, 834.021789551, 1208.41259766, 508.002258301, 1359.82092285, 597.499023438, 610.472045898, 759.452453613, 674.827392578, 334.68951416, 95.2704849243, 29.4171104431, 4.87143468857, 0.47490850091, 0.0286244824529, 0.000174745495315, 5.08218498396e-08]
    },
    "gfcc": {
        "mean": [-11.8781499863, 46.4049491882, -114.212051392, 31.2349185944, -56.583480835, 25.1139221191, -32.1865386963, 13.4314126968, -25.0020809174, 6.18497276306, -19.5981674194, 0.183415353298, -10.9985752106],
        "cov": [[23925.7167969, 915.900146484, 963.115661621, 1234.55236816, 878.46875, 1079.02270508, -268.699157715, 112.415328979, -230.171630859, -6.87358093262, -379.480255127, -57.6803092957, -97.2254638672], [915.900146484, 2191.86474609, -161.917388916, 196.16065979, 638.237731934, 93.4891815186, 247.038009644, 0.373969614506, 137.107345581, -33.978263855, 107.766349792, -138.559036255, 115.121437073], [963.115661621, -161.917388916, 1551.76416016, 580.833312988, 370.319702148, 371.677947998, -21.0187301636, 130.20413208, 5.01718330383, 28.2141151428, -30.8925018311, 133.186416626, -14.7067184448], [1234.55236816, 196.16065979, 580.833312988, 689.149353027, 233.037399292, 218.339416504, 33.0283660889, 63.1063995361, 39.5037384033, 5.21516180038, -4.82694625854, 23.602306366, 7.38705396652], [878.46875, 638.237731934, 370.319702148, 233.037399292, 737.307434082, 245.166015625, 110.945388794, 85.8641052246, 81.480682373, 31.0945949554, 51.7124481201, -18.0173530579, 61.7109489441], [1079.02270508, 93.4891815186, 371.677947998, 218.339416504, 245.166015625, 419.636108398, 137.949539185, 83.7742385864, 26.321308136, 35.4312362671, -5.14741659164, 23.4408397675, 13.3462753296], [-268.699157715, 247.038009644, -21.0187301636, 33.0283660889, 110.945388794, 137.949539185, 269.304138184, 70.7433547974, 71.9165649414, 14.9059505463, 34.9703292847, -14.0110616684, 32.1100502014], [112.415328979, 0.373969614506, 130.20413208, 63.1063995361, 85.8641052246, 83.7742385864, 70.7433547974, 171.225891113, 65.9430923462, 31.4159889221, 8.93620872498, 24.7845153809, 14.1000499725], [-230.171630859, 137.107345581, 5.01718330383, 39.5037384033, 81.480682373, 26.321308136, 71.9165649414, 65.9430923462, 146.814712524, 58.8597068787, 45.2569541931, -1.09980249405, 24.1267776489], [-6.87358093262, -33.978263855, 28.2141151428, 5.21516180038, 31.0945949554, 35.4312362671, 14.9059505463, 31.4159889221, 58.8597068787, 115.101753235, 56.2701148987, 8.88785076141, 5.21083021164], [-379.480255127, 107.766349792, -30.8925018311, -4.82694625854, 51.7124481201, -5.14741659164, 34.9703292847, 8.93620872498, 45.2569541931, 56.2701148987, 110.821365356, 30.5672283173, 24.9489097595], [-57.6803092957, -138.559036255, 133.186416626, 23.602306366, -18.0173530579, 23.4408397675, -14.0110616684, 24.7845153809, -1.09980249405, 8.88785076141, 30.5672283173, 112.105239868, 24.6339569092], [-97.2254638672, 115.121437073, -14.7067184448, 7.38705396652, 61.7109489441, 13.3462753296, 32.1100502014, 14.1000499725, 24.1267776489, 5.21083021164, 24.9489097595, 24.6339569092, 77.6416549683]],
        "icov": [[6.23029700364e-05, -4.98583285662e-05, 6.17384066572e-05, -8.95769117051e-05, -3.19982900692e-05, -0.000169527542312, 0.000160590061569, -4.51495943707e-05, 0.000120887540106, -0.000163378936122, 0.000278226274531, -0.000104229235149, 8.55853577377e-05], [-4.98583285662e-05, 0.000936355500016, 9.17373763514e-05, -0.000154402281623, -0.000625004526228, 0.000261848734226, -0.000487492856337, 0.000350471178535, -0.000476541667012, 0.00104908586945, -0.00111661758274, 0.00114420510363, -0.000755558081437], [6.17384066572e-05, 9.17373763514e-05, 0.00147822475992, -0.000916639750358, -0.000629046116956, -0.000651444424875, 0.000504041556269, -0.000308362912619, 0.000267370778602, -0.000433391978731, 0.000990569940768, -0.00168964208569, 0.000931789749302], [-8.95769117051e-05, -0.000154402281623, -0.000916639750358, 0.00252034259029, 0.000153025583131, -0.000425221922342, 0.000126651895698, 3.97609946958e-05, -0.000830705743283, 0.000819342967588, -0.000632697541732, 0.000581593776587, -0.000182859555935], [-3.19982900692e-05, -0.000625004526228, -0.000629046116956, 0.000153025583131, 0.00280295382254, -0.00103285978548, 0.000475886801723, -0.000613431155216, -0.000345323554939, 0.000371856644051, -0.0012575678993, 0.00139172910713, -0.00133788597304], [-0.000169527542312, 0.000261848734226, -0.000651444424875, -0.000425221922342, -0.00103285978548, 0.00535841286182, -0.00313173490576, -9.90595799522e-05, 0.00112149456982, -0.00188626872841, 0.00138586293906, -0.000798814697191, 0.000115758986794], [0.000160590061569, -0.000487492856337, 0.000504041556269, 0.000126651895698, 0.000475886801723, -0.00313173490576, 0.00697416858748, -0.00183166994248, -0.00169177656062, 0.00176620774437, -0.00162897212431, 0.00134339206852, -0.000879829807673], [-4.51495943707e-05, 0.000350471178535, -0.000308362912619, 3.97609946958e-05, -0.000613431155216, -9.90595799522e-05, -0.00183166994248, 0.00884889066219, -0.00340626714751, -0.00085058179684, 0.00191000150517, -0.00201680371538, 0.000158438575454], [0.000120887540106, -0.000476541667012, 0.000267370778602, -0.000830705743283, -0.000345323554939, 0.00112149456982, -0.00169177656062, -0.00340626714751, 0.0124938283116, -0.00553010636941, -0.00021457625553, 0.000465827528387, -0.00120251113549], [-0.000163378936122, 0.00104908586945, -0.000433391978731, 0.000819342967588, 0.000371856644051, -0.00188626872841, 0.00176620774437, -0.00085058179684, -0.00553010636941, 0.0168425720185, -0.00973858591169, 0.00366457621567, 8.72992677614e-05], [0.000278226274531, -0.00111661758274, 0.000990569940768, -0.000632697541732, -0.0012575678993, 0.00138586293906, -0.00162897212431, 0.00191000150517, -0.00021457625553, -0.00973858591169, 0.0194887816906, -0.00801734440029, 0.000341597420629], [-0.000104229235149, 0.00114420510363, -0.00168964208569, 0.000581593776587, 0.00139172910713, -0.000798814697191, 0.00134339206852, -0.00201680371538, 0.000465827528387, 0.00366457621567, -0.00801734440029, 0.016477253288, -0.00640294188634], [8.55853577377e-05, -0.000755558081437, 0.000931789749302, -0.000182859555935, -0.00133788597304, 0.000115758986794, -0.000879829807673, 0.000158438575454, -0.00120251113549, 8.72992677614e-05, 0.000341597420629, -0.00640294188634, 0.0179691705853]]
    },
    "melbands": {
        "dmean": [0.00168994010892, 0.00240995991044, 0.00103311357088, 0.000359634868801, 0.000124150086776, 8.58644707478e-05, 7.74408545112e-05, 0.000108736734546, 9.27732980927e-05, 6.0522062995e-05, 9.39787205425e-05, 8.0540557974e-05, 9.48999586399e-05, 8.94994082046e-05, 5.27900847374e-05, 3.16231416946e-05, 5.21418005519e-05, 5.48707685084e-05, 3.63613726222e-05, 3.34380711138e-05, 3.366187957e-05, 1.7639806174e-05, 1.08658259705e-05, 1.06310744741e-05, 1.18996040328e-05, 1.10870932986e-05, 1.1424835975e-05, 9.89589079836e-06, 7.94973948359e-06, 7.88423858467e-06, 6.86662588123e-06, 6.46393300485e-06, 6.0228358052e-06, 6.68476650389e-06, 7.13212739356e-06, 7.42727524994e-06, 7.14628322385e-06, 5.55064525543e-06, 4.69403494208e-06, 3.302506002e-06],
        "dmean2": [0.00223222747445, 0.0034641972743, 0.00162682170048, 0.000612306990661, 0.000207429606235, 0.000135116177262, 0.000122182827909, 0.000170281273313, 0.000150707914145, 9.69654938672e-05, 0.000146849110024, 0.00012189312838, 0.000140086034662, 0.000135857088026, 7.81320486567e-05, 4.84414995299e-05, 7.58824680815e-05, 8.00498528406e-05, 5.6430890254e-05, 4.92579383717e-05, 5.1709546824e-05, 2.88367500616e-05, 1.75752229552e-05, 1.75060667971e-05, 1.94872991415e-05, 1.84635464393e-05, 1.80786355486e-05, 1.58446382557e-05, 1.30592734422e-05, 1.23950567286e-05, 1.07829428089e-05, 1.04063301478e-05, 9.22951221582e-06, 1.03654165287e-05, 1.0907280739e-05, 1.14829717859e-05, 1.11069157356e-05, 8.20869354357e-06, 6.81596384311e-06, 4.89890499011e-06],
        "dvar": [1.16370529213e-05, 3.33901516569e-05, 6.69477685733e-06, 5.44443139461e-07, 9.35904580501e-08, 5.97279097292e-08, 3.41819159644e-08, 9.62090922485e-08, 5.51163061857e-08, 1.64153153293e-08, 3.51482150052e-08, 2.45710669589e-08, 7.07819864942e-08, 8.45625223178e-08, 1.77397776469e-08, 7.56974838367e-09, 3.44712702827e-08, 2.0990938765e-08, 7.64878294035e-09, 7.73970132428e-09, 6.83938639057e-09, 1.6678547432e-09, 4.82942963398e-10, 4.77585804237e-10, 5.95536508996e-10, 3.76145725678e-10, 3.78598652429e-10, 2.78349232552e-10, 2.2792970289e-10, 2.33954161599e-10, 2.42377617976e-10, 1.77200573659e-10, 1.17462428673e-10, 1.68974043091e-10, 1.97070748609e-10, 2.74873679373e-10, 2.71949102126e-10, 1.4504560053e-10, 9.82037923203e-11, 4.04277063215e-11],
        "dvar2": [2.14887259062e-05, 5.8323104895e-05, 1.61451171152e-05, 1.42830504046e-06, 2.34830324075e-07, 1.31785725443e-07, 7.45007753267e-08, 2.23120522946e-07, 1.41613398341e-07, 3.85550436022e-08, 8.06401487807e-08, 5.08941546684e-08, 1.30692669131e-07, 1.75992767026e-07, 3.79363349623e-08, 1.61641811047e-08, 7.22582740309e-08, 3.99674604523e-08, 1.68009943735e-08, 1.59716257997e-08, 1.4388843006e-08, 4.34078373246e-09, 1.2002445704e-09, 1.19468701598e-09, 1.51669621307e-09, 9.85611148252e-10, 8.27845736406e-10, 6.83373468924e-10, 5.97828786475e-10, 5.35735844576e-10, 5.25596344225e-10, 4.45300019081e-10, 2.73305655885e-10, 4.14814654848e-10, 4.6001014109e-10, 6.44172937214e-10, 6.55058118859e-10, 3.15321879718e-10, 1.93241034285e-10, 7.9121868779e-11],
        "max": [0.0402381420135, 0.0565002337098, 0.0212677195668, 0.0109869297594, 0.00712256785482, 0.0106901386753, 0.0043955584988, 0.00858068838716, 0.00583316851407, 0.00335243577138, 0.00323405582458, 0.00311931525357, 0.0070492522791, 0.00924211461097, 0.00344498944469, 0.0027350296732, 0.00837633945048, 0.00368312862702, 0.00196389714256, 0.00257407757454, 0.00222995318472, 0.00130617816467, 0.000539258180652, 0.000506626500282, 0.000553663296159, 0.000236917287111, 0.000445191690233, 0.000296456651995, 0.000158133261721, 0.000274876627373, 0.000414278300013, 0.000285805494059, 0.000134889662149, 0.000278398452792, 0.000281568121864, 0.0001825379004, 0.000161087111337, 0.000123548859847, 0.000116374816571, 5.60677326575e-05],
        "mean": [0.00284635461867, 0.00375514128245, 0.00113157718442, 0.000394485454308, 0.000154147928697, 0.000108182801341, 0.000104889200884, 0.00014411349548, 0.00013805332128, 9.89880427369e-05, 0.000145846075611, 0.00014028037549, 0.000157959613716, 0.000148073595483, 8.09659541119e-05, 4.57663882116e-05, 7.63108764659e-05, 9.84206126304e-05, 5.65482114325e-05, 5.29422031832e-05, 4.52334097645e-05, 2.11985152418e-05, 1.35660802698e-05, 1.2482353668e-05, 1.46646498251e-05, 1.37549732244e-05, 1.70855873876e-05, 1.40149859362e-05, 9.48405886447e-06, 1.0924709386e-05, 9.02239298739e-06, 7.26811231289e-06, 7.03430214344e-06, 7.85639895184e-06, 8.25899951451e-06, 7.49288165025e-06, 6.84256065142e-06, 5.65913478567e-06, 4.90742695547e-06, 3.71175860892e-06],
        "median": [0.000757440924644, 0.000847852381412, 0.000331553921569, 0.000144188699778, 6.59209181322e-05, 3.92796573578e-05, 4.31691441918e-05, 4.44300312665e-05, 3.92207366531e-05, 2.83983536065e-05, 4.15947652073e-05, 4.34715075244e-05, 2.92312633974e-05, 2.40182107518e-05, 2.12913073483e-05, 1.52819484356e-05, 1.69381310116e-05, 1.82066050911e-05, 1.63144395628e-05, 1.577729563e-05, 1.14539361675e-05, 7.30901774659e-06, 5.12038377565e-06, 4.75224396723e-06, 5.40431165064e-06, 5.36508832738e-06, 6.32946830592e-06, 5.64937363379e-06, 3.6524479583e-06, 3.46733941115e-06, 2.3947243335e-06, 1.99656415134e-06, 1.92833385881e-06, 1.60185209097e-06, 1.67661323758e-06, 1.52039547174e-06, 1.24590792439e-06, 1.00480588117e-06, 7.32619014343e-07, 6.0053253037e-07],
        "min": [1.85070673226e-24, 2.29027521422e-24, 1.70749337366e-24, 2.99138165463e-24, 2.78221222738e-24, 2.55593181545e-24, 1.8403570744e-24, 3.64690317598e-24, 1.77588110604e-24, 3.50547540403e-24, 5.08555196427e-24, 5.08419551794e-24, 3.41617161639e-24, 4.36554047227e-24, 3.76040606074e-24, 5.34230725626e-24, 5.07348791445e-24, 4.25068350777e-24, 4.29126685147e-24, 5.22473069378e-24, 5.54298715966e-24, 4.71451320965e-24, 5.31107349201e-24, 5.96815123871e-24, 4.68422450077e-24, 4.50162016172e-24, 5.27743133541e-24, 5.31876251925e-24, 5.16884542067e-24, 7.26512968033e-24, 6.62509842893e-24, 6.89036000806e-24, 6.30955091139e-24, 5.71362132333e-24, 6.73633728289e-24, 5.40124502664e-24, 7.75318372289e-24, 6.58285177201e-24, 7.53885021494e-24, 7.91181655118e-24],
        "var": [2.79076120933e-05, 6.44968458801e-05, 6.47300203127e-06, 5.03404066876e-07, 1.07952445205e-07, 8.03844955044e-08, 4.89347193877e-08, 1.29300332219e-07, 8.80651498392e-08, 4.81338489067e-08, 7.82349687256e-08, 7.47528829947e-08, 2.18400330709e-07, 2.32859107996e-07, 3.72272275229e-08, 1.28473907068e-08, 6.01490484087e-08, 8.86947120193e-08, 1.57062061135e-08, 1.87891746606e-08, 1.14016733832e-08, 1.94364058181e-09, 6.0173233063e-10, 5.65359925542e-10, 6.8326189151e-10, 4.71299332894e-10, 8.95164331549e-10, 4.72975436594e-10, 2.4233273721e-10, 4.23992174703e-10, 4.39604769253e-10, 1.96263658103e-10, 1.5137506526e-10, 2.71986128064e-10, 2.81640349931e-10, 2.8509375416e-10, 2.66454636133e-10, 1.69534039585e-10, 1.24420945768e-10, 5.56959409148e-11]
    },
    "mfcc": {
        "mean": [-650.351379395, 81.1992950439, 2.35216069221, 13.400510788, 2.28735113144, 10.2498407364, 6.25588750839, 5.55816602707, 4.58347225189, 7.21311426163, -3.61406993866, -0.819645524025, 2.04166841507],
        "cov": [[14197.0791016, 887.27154541, 439.318634033, 453.337097168, 943.899719238, 705.502990723, 373.671386719, 273.513397217, 214.257202148, 195.803512573, -97.3901977539, -84.3454284668, 88.2284622192], [887.27154541, 1769.83691406, -306.732727051, 179.756057739, 305.982452393, 175.641082764, 216.658966064, 77.1680526733, 118.951057434, 130.416061401, 8.45706748962, -8.85447120667, 104.094818115], [439.318634033, -306.732727051, 1041.06481934, 300.724243164, 299.072113037, 219.448989868, 88.8612213135, 141.782730103, 61.9376564026, -17.1286792755, 13.7268629074, 51.9137649536, -11.7141952515], [453.337097168, 179.756057739, 300.724243164, 459.949157715, 290.567138672, 134.796569824, 75.3890380859, 71.5541381836, 53.3797569275, 23.9988937378, 24.9482421875, 28.1699371338, 11.9375181198], [943.899719238, 305.982452393, 299.072113037, 290.567138672, 594.901550293, 223.12272644, 161.034454346, 97.8143920898, 83.2935638428, 51.8258590698, 9.69394779205, 11.2294912338, 50.6734733582], [705.502990723, 175.641082764, 219.448989868, 134.796569824, 223.12272644, 326.622558594, 172.091674805, 106.714317322, 79.0543212891, 63.0581092834, 21.3313236237, 18.6569099426, 28.8882408142], [373.671386719, 216.658966064, 88.8612213135, 75.3890380859, 161.034454346, 172.091674805, 228.070617676, 112.386978149, 79.4716415405, 66.9499893188, 16.4527130127, 6.94591283798, 36.6011123657], [273.513397217, 77.1680526733, 141.782730103, 71.5541381836, 97.8143920898, 106.714317322, 112.386978149, 178.737442017, 102.65687561, 23.8668003082, 18.3180217743, 26.7510852814, 15.6907701492], [214.257202148, 118.951057434, 61.9376564026, 53.3797569275, 83.2935638428, 79.0543212891, 79.4716415405, 102.65687561, 141.708999634, 73.339263916, 19.6864242554, 18.1306762695, 22.0571346283], [195.803512573, 130.416061401, -17.1286792755, 23.9988937378, 51.8258590698, 63.0581092834, 66.9499893188, 23.8668003082, 73.339263916, 156.114349365, 53.7765541077, 2.55453038216, 28.7027454376], [-97.3901977539, 8.45706748962, 13.7268629074, 24.9482421875, 9.69394779205, 21.3313236237, 16.4527130127, 18.3180217743, 19.6864242554, 53.7765541077, 91.8049621582, 47.6577796936, 7.56941556931], [-84.3454284668, -8.85447120667, 51.9137649536, 28.1699371338, 11.2294912338, 18.6569099426, 6.94591283798, 26.7510852814, 18.1306762695, 2.55453038216, 47.6577796936, 94.4814834595, 43.6661338806], [88.2284622192, 104.094818115, -11.7141952515, 11.9375181198, 50.6734733582, 28.8882408142, 36.6011123657, 15.6907701492, 22.0571346283, 28.7027454376, 7.56941556931, 43.6661338806, 104.331878662]],
