{
"lowlevel": {
    "average_loudness": 0.91802918911,
    "barkbands_crest": {
        "dmean": 2.94861698151,
        "dmean2": 4.56201219559,
        "dvar": 6.86563396454,
        "dvar2": 15.8981990814,
        "max": 25.7932033539,
        "mean": 11.1532392502,
        "median": 10.5173654556,
        "min": 2.33069658279,
        "var": 21.2819538116
    },
    "barkbands_flatness_db": {
        "dmean": 0.032892499119,
        "dmean2": 0.0470134839416,
        "dvar": 0.000979725969955,
        "dvar2": 0.00197666347958,
        "max": 0.545801222324,
        "mean": 0.150189384818,
        "median": 0.139813050628,
        "min": 0.0113154686987,
        "var": 0.00541152711958
    },
    "barkbands_kurtosis": {
        "dmean": 9.68857288361,
        "dmean2": 14.3921070099,
        "dvar": 965.416870117,
        "dvar2": 1998.84997559,
        "max": 663.431396484,
        "mean": 13.258975029,
        "median": 2.18797397614,
        "min": -1.80329465866,
        "var": 1945.6439209
    },
    "barkbands_skewness": {
        "dmean": 0.92592895031,
        "dmean2": 1.3443621397,
        "dvar": 1.58781182766,
        "dvar2": 3.08810329437,
        "max": 20.5467281342,
        "mean": 2.03587174416,
        "median": 1.43998980522,
        "min": -2.99245643616,
        "var": 6.30801391602
    },
    "barkbands_spread": {
        "dmean": 7.44178628922,
        "dmean2": 10.9891529083,
        "dvar": 86.8310089111,
        "dvar2": 184.586853027,
        "max": 132.479064941,
        "mean": 19.0045623779,
        "median": 16.1032600403,
        "min": 0.157716885209,
        "var": 197.116012573
    },
    "dissonance": {
        "dmean": 0.0229446794838,
        "dmean2": 0.038900654763,
        "dvar": 0.000600456842221,
        "dvar2": 0.00162242131773,
        "max": 0.500000119209,
        "mean": 0.463268786669,
        "median": 0.472358524799,
        "min": 0.144267290831,
        "var": 0.00115621555597
    },
    "dynamic_complexity": 2.86467814445,
    "erbbands_crest": {
        "dmean": 3.15815019608,
        "dmean2": 4.95619058609,
        "dvar": 9.50152206421,
        "dvar2": 20.8103580475,
        "max": 33.6373748779,
        "mean": 9.81754684448,
        "median": 8.21185016632,
        "min": 2.16141319275,
        "var": 31.4178981781
    },
    "erbbands_flatness_db": {
        "dmean": 0.0271854829043,
        "dmean2": 0.0366228073835,
        "dvar": 0.000609204464126,
        "dvar2": 0.0012097285362,
        "max": 0.583925247192,
        "mean": 0.166682049632,
        "median": 0.161655291915,
        "min": 0.0465643256903,
        "var": 0.00426347320899
    },
    "erbbands_kurtosis": {
        "dmean": 1.70815765858,
        "dmean2": 2.57669663429,
        "dvar": 16.7242069244,
        "dvar2": 32.2148742676,
        "max": 128.757598877,
        "mean": 1.59354913235,
        "median": 0.171742200851,
        "min": -1.82354950905,
        "var": 34.4632072449
    },
    "erbbands_skewness": {
        "dmean": 0.5269947052,
        "dmean2": 0.779777348042,
        "dvar": 0.318298071623,
        "dvar2": 0.645018875599,
        "max": 9.83118247986,
        "mean": 0.547981739044,
        "median": 0.430557698011,
        "min": -3.07902979851,
        "var": 1.02878606319
    },
    "erbbands_spread": {
        "dmean": 11.4668292999,
        "dmean2": 16.8940353394,
        "dvar": 164.122177124,
        "dvar2": 388.370941162,
        "max": 153.948669434,
        "mean": 37.3966712952,
        "median": 32.4110069275,
        "min": 0.429522335529,
        "var": 571.741943359
    },
    "hfc": {
        "dmean": 11.3918828964,
        "dmean2": 16.1453323364,
        "dvar": 261.830078125,
        "dvar2": 543.173583984,
        "max": 176.841079712,
        "mean": 21.8798980713,
        "median": 15.1496610641,
        "min": 1.10614224488e-16,
        "var": 518.589660645
    },
    "melbands_crest": {
        "dmean": 3.92735886574,
        "dmean2": 6.23750543594,
        "dvar": 13.8712759018,
        "dvar2": 33.4978065491,
        "max": 38.5140609741,
        "mean": 15.5971355438,
        "median": 14.7269239426,
        "min": 1.58302676678,
        "var": 44.0747795105
    },
    "melbands_flatness_db": {
        "dmean": 0.0391030795872,
        "dmean2": 0.055321469903,
        "dvar": 0.00144234881736,
        "dvar2": 0.0027859439142,
        "max": 0.66767346859,
        "mean": 0.214488059282,
        "median": 0.204035490751,
        "min": 0.00393035216257,
        "var": 0.0083535304293
    },
    "melbands_kurtosis": {
        "dmean": 21.8054103851,
        "dmean2": 34.4213676453,
        "dvar": 4588.5078125,
        "dvar2": 10202.8007812,
        "max": 964.545898438,
        "mean": 37.4819259644,
        "median": 7.42853355408,
        "min": -1.80875551701,
        "var": 13074.5185547
    },
    "melbands_skewness": {
        "dmean": 1.19494187832,
        "dmean2": 1.79815328121,
        "dvar": 2.93743824959,
        "dvar2": 6.61276245117,
        "max": 23.5633125305,
        "mean": 3.23370456696,
        "median": 2.33825755119,
        "min": -3.21959638596,
        "var": 12.1800537109
    },
    "melbands_spread": {
        "dmean": 8.23836517334,
        "dmean2": 12.6544094086,
        "dvar": 140.906829834,
        "dvar2": 327.372802734,
        "max": 170.761611938,
        "mean": 21.0756835938,
        "median": 16.7971153259,
        "min": 0.267905145884,
        "var": 407.922058105
    },
    "pitch_salience": {
        "dmean": 0.0954878628254,
        "dmean2": 0.154208227992,
        "dvar": 0.00966259650886,
        "dvar2": 0.025114653632,
        "max": 0.93003821373,
        "mean": 0.518800675869,
        "median": 0.534983873367,
        "min": 0.00885524321347,
        "var": 0.025436732918
    },
    "silence_rate_20dB": {
        "dmean": 0,
        "dmean2": 0,
        "dvar": 0,
        "dvar2": 0,
        "max": 1,
        "mean": 1,
        "median": 1,
        "min": 1,
        "var": 0
    },
    "silence_rate_30dB": {
        "dmean": 0.0217851102352,
        "dmean2": 0.0435748286545,
        "dvar": 0.0213090740144,
        "dvar2": 0.0619766712189,
        "max": 1,
        "mean": 0.988051176071,
        "median": 1,
        "min": 0,
        "var": 0.0118068028241
    },
    "silence_rate_60dB": {
        "dmean": 0.0556260570884,
        "dmean2": 0.111263878644,
        "dvar": 0.0525261238217,
        "dvar2": 0.122147418559,
        "max": 1,
        "mean": 0.0744422152638,
        "median": 0,
        "min": 0,
        "var": 0.0689069703221
    },
    "spectral_centroid": {
        "dmean": 327.45501709,
        "dmean2": 488.942779541,
        "dvar": 166483.234375,
        "dvar2": 348140.59375,
        "max": 11692.9101562,
        "mean": 1282.69177246,
        "median": 1080.73010254,
        "min": 107.193962097,
        "var": 1316358.625
    },
    "spectral_complexity": {
        "dmean": 5.05012702942,
        "dmean2": 6.98085689545,
        "dvar": 29.1958751678,
        "dvar2": 53.6106452942,
        "max": 55,
        "mean": 17.5556735992,
        "median": 17,
        "min": 0,
        "var": 111.595603943
    },
    "spectral_decrease": {
        "dmean": 3.48743167677e-09,
        "dmean2": 5.36557820396e-09,
        "dvar": 3.09601791878e-17,
        "dvar2": 8.00307962906e-17,
        "max": 2.90490452187e-16,
        "mean": -8.05079825028e-09,
        "median": -6.7873875409e-09,
        "min": -5.18176044295e-08,
        "var": 4.71825277238e-17
    },
    "spectral_energy": {
        "dmean": 0.0139435045421,
        "dmean2": 0.0212734732777,
        "dvar": 0.000463744450826,
        "dvar2": 0.00119388301391,
        "max": 0.199661508203,
        "mean": 0.032370172441,
        "median": 0.0275581628084,
        "min": 1.00790228961e-20,
        "var": 0.000731427804567
    },
    "spectral_energyband_high": {
        "dmean": 0.000786291726399,
        "dmean2": 0.00115276337601,
        "dvar": 2.39461155616e-06,
        "dvar2": 5.03251158079e-06,
        "max": 0.0169849693775,
        "mean": 0.000855990627315,
        "median": 0.000228173899814,
        "min": 7.05899051867e-21,
        "var": 3.26107146975e-06
    },
    "spectral_energyband_low": {
        "dmean": 0.00763739924878,
        "dmean2": 0.011843602173,
        "dvar": 0.00025215029018,
        "dvar2": 0.000636761134956,
        "max": 0.14162543416,
        "mean": 0.0132813435048,
        "median": 0.00409988546744,
        "min": 1.13717131498e-23,
        "var": 0.000380162702641
    },
    "spectral_energyband_middle_high": {
        "dmean": 0.00243840250187,
        "dmean2": 0.00343703455292,
        "dvar": 1.00433935586e-05,
        "dvar2": 1.95004486159e-05,
        "max": 0.0594366714358,
        "mean": 0.00587680889294,
        "median": 0.00367151689716,
        "min": 1.1784259162e-21,
        "var": 5.29767603439e-05
    },
    "spectral_energyband_middle_low": {
        "dmean": 0.0082909911871,
        "dmean2": 0.0136491162702,
        "dvar": 0.000234970430029,
        "dvar2": 0.000664196617436,
        "max": 0.127313986421,
        "mean": 0.0142505662516,
        "median": 0.00997255090624,
        "min": 1.62521603321e-22,
        "var": 0.000246166920988
    },
    "spectral_entropy": {
        "dmean": 0.241207122803,
        "dmean2": 0.339477151632,
        "dvar": 0.0588694214821,
        "dvar2": 0.11882314831,
        "max": 9.81928253174,
        "mean": 7.58198976517,
        "median": 7.59155988693,
        "min": 3.96758675575,
        "var": 0.330503970385
    },
    "spectral_flux": {
        "dmean": 0.0413704626262,
        "dmean2": 0.0649568587542,
        "dvar": 0.00224097259343,
        "dvar2": 0.00499564828351,
        "max": 0.413574725389,
        "mean": 0.0996321067214,
        "median": 0.0881190374494,
        "min": 6.3920424509e-11,
        "var": 0.00411522667855
    },
    "spectral_kurtosis": {
        "dmean": 2.28323054314,
        "dmean2": 3.56276774406,
        "dvar": 26.3229122162,
        "dvar2": 64.6387634277,
        "max": 242.007995605,
        "mean": 6.17847204208,
        "median": 4.07994127274,
        "min": -1.27496922016,
        "var": 173.240539551
    },
    "spectral_rms": {
        "dmean": 0.00119851552881,
        "dmean2": 0.00172137841582,
        "dvar": 2.05778655982e-06,
        "dvar2": 4.61447370981e-06,
        "max": 0.0139567805454,
        "mean": 0.00508922664449,
        "median": 0.00518517242745,
        "min": 3.13579219015e-12,
        "var": 5.68039695281e-06
    },
    "spectral_rolloff": {
        "dmean": 626.580444336,
        "dmean2": 1023.65777588,
        "dvar": 1184718.125,
        "dvar2": 2589185.75,
        "max": 19659.8144531,
        "mean": 1542.09545898,
        "median": 990.52734375,
        "min": 43.06640625,
        "var": 4877812
    },
    "spectral_skewness": {
        "dmean": 0.285358905792,
        "dmean2": 0.430580079556,
        "dvar": 0.101414106786,
        "dvar2": 0.244066342711,
        "max": 13.0434532166,
        "mean": 1.72303819656,
        "median": 1.62347710133,
        "min": -0.0838595926762,
        "var": 0.823857426643
    },
    "spectral_spread": {
        "dmean": 829365.25,
        "dmean2": 1122755,
        "dvar": 806170001408,
        "dvar2": 1.61281435238e+12,
        "max": 42987292,
        "mean": 5142245,
        "median": 4592633.5,
        "min": 441984.5625,
        "var": 1.52167545569e+13
    },
    "spectral_strongpeak": {
        "dmean": 0.575953662395,
        "dmean2": 0.964430510998,
        "dvar": 0.944561600685,
        "dvar2": 2.29918813705,
        "max": 14.5667915344,
        "mean": 1.05567109585,
        "median": 0.59755140543,
        "min": 0,
        "var": 1.98437952995
    },
    "zerocrossingrate": {
        "dmean": 0.0148058272898,
        "dmean2": 0.016934864223,
        "dvar": 0.000288956158329,
        "dvar2": 0.000349334266502,
        "max": 0.6787109375,
        "mean": 0.0611896365881,
        "median": 0.048828125,
        "min": 0.00244140625,
        "var": 0.00341183878481
    },
    "barkbands": {
        "dmean": [0.000153825661982, 0.00396879669279, 0.00387384882197, 0.00250634900294, 0.00269224075601, 0.00222140992992, 0.00125443271827, 0.00108315236866, 0.000870715535711, 0.000881655141711, 0.000352627539542, 0.000727006758098, 0.000345723354258, 0.000388800835935, 0.000312054413371, 0.000251753081102, 0.000309943774482, 0.000182471630978, 0.000144287507283, 0.000111635352368, 0.00012880176655, 0.000170768413227, 0.000141311218613, 0.000100419558294, 0.000147632876178, 7.92801438365e-05, 7.07703657099e-06],
        "dmean2": [0.000238560896832, 0.00592118827626, 0.00600080098957, 0.0044386703521, 0.0045733647421, 0.003672641702, 0.00197907094844, 0.00162662367802, 0.00136533693876, 0.00135481555481, 0.000561040476896, 0.00103898707312, 0.0005531165516, 0.000610262621194, 0.000487643788802, 0.000390669156332, 0.000481603812659, 0.000281309796264, 0.000213428909774, 0.000172081796336, 0.000199605288799, 0.00026702057221, 0.000216039305087, 0.000151324595208, 0.000215621548705, 0.000116008595796, 1.12907946459e-05],
        "dvar": [8.84442385995e-07, 5.2125822549e-05, 9.68272215687e-05, 5.77889986744e-05, 3.9414553612e-05, 1.26065042423e-05, 4.34767889601e-06, 5.19532204635e-06, 3.2158814065e-06, 3.57472617907e-06, 6.15074725374e-07, 3.85534895031e-06, 4.33129599742e-07, 8.73672149737e-07, 2.7777977607e-07, 2.35610670529e-07, 6.41318536054e-07, 1.22309742778e-07, 6.93493475978e-08, 3.97571042754e-08, 5.16841254239e-08, 1.18125960569e-07, 1.13836655657e-07, 5.19815763766e-08, 1.380659711e-07, 5.01402048769e-08, 5.15205100804e-10],
        "dvar2": [2.21399909606e-06, 0.000124584155856, 0.000225411567953, 0.00015933427494, 0.000109124914161, 3.26703411702e-05, 1.00000343082e-05, 9.56114490691e-06, 6.50389984003e-06, 7.39360939406e-06, 1.39910241614e-06, 6.04313618169e-06, 1.00441229733e-06, 2.06313984563e-06, 6.50418314763e-07, 5.27819850049e-07, 1.47411492435e-06, 2.78241145679e-07, 1.516218191e-07, 9.40246138725e-08, 1.24346357211e-07, 2.86493332169e-07, 2.663512646e-07, 1.14497616721e-07, 2.80888343696e-07, 1.0211648771e-07, 1.24305532534e-09],
        "max": [0.0429022237659, 0.0959379896522, 0.111008614302, 0.0750707536936, 0.0675049051642, 0.0532076507807, 0.0396670922637, 0.0639696121216, 0.0518740639091, 0.0435210876167, 0.0238482747227, 0.0575123131275, 0.0128779476508, 0.0318611226976, 0.0127406828105, 0.0120284631848, 0.0205711536109, 0.00742080109194, 0.00529149733484, 0.00391950178891, 0.00339192245156, 0.00396563764662, 0.00474153738469, 0.00265319808386, 0.00512862345204, 0.00274221040308, 0.00110754126217],
        "mean": [0.000195343411178, 0.00708313332871, 0.00450499774888, 0.00232561049052, 0.00288062472828, 0.0033068030607, 0.00196040840819, 0.00167816469911, 0.00134959269781, 0.00131511641666, 0.000528899312485, 0.00151705776807, 0.000498836685438, 0.000566966482438, 0.000474817177746, 0.000380068144295, 0.000420279335231, 0.000252131809248, 0.000199729009182, 0.00014195710537, 0.000155169793288, 0.000169136706972, 0.000138225601404, 9.82264755294e-05, 0.000144216712215, 7.84189323895e-05, 6.1505766098e-06],
        "median": [1.5714465917e-05, 0.000798021501396, 0.00033998710569, 0.000113904687169, 0.000826721836347, 0.00149662082549, 0.00097136630211, 0.000583698856644, 0.000536194478627, 0.000484474905534, 0.000194672422367, 0.000259460735833, 0.000181781128049, 0.000193352985661, 0.000205763994018, 0.000150918218424, 0.000130251806695, 8.8427324954e-05, 8.21541398182e-05, 6.19490529061e-05, 6.02243489993e-05, 4.74032312923e-05, 2.39171440626e-05, 1.65192741406e-05, 1.57045687956e-05, 5.83315204494e-06, 6.00453006427e-07],
        "min": [4.58550644709e-25, 7.64977303151e-25, 1.53318499171e-24, 4.02998542073e-25, 4.41253054982e-24, 4.35507071034e-24, 9.69098898213e-24, 1.1488185307e-23, 7.84650439025e-24, 1.77037710517e-23, 1.51326177707e-23, 3.54518855526e-23, 1.3057232803e-23, 3.69139193336e-23, 4.07695306504e-23, 7.56938039415e-23, 6.03422678033e-23, 9.66226245449e-23, 1.2724225427e-22, 1.33137329773e-22, 2.5984303241e-22, 3.37155414846e-22, 3.92285912152e-22, 6.76117914389e-22, 8.13820060365e-22, 1.33285292311e-21, 1.91157057281e-21],
        "var": [1.22772337363e-06, 0.000125358084915, 0.000107459731225, 4.88214354846e-05, 3.54087496817e-05, 2.11496590055e-05, 8.83568009158e-06, 1.29400305013e-05, 7.75688204158e-06, 6.82125573803e-06, 1.17537308597e-06, 2.56736111623e-05, 8.61940179675e-07, 1.86890645182e-06, 5.48033824543e-07, 5.04721867856e-07, 9.20645788938e-07, 2.15938229076e-07, 1.09471272935e-07, 5.0075396274e-08, 6.12617796492e-08, 1.20131389281e-07, 1.28136349531e-07, 6.2085732111e-08, 1.79586749027e-07, 6.41335304863e-08, 4.91104656941e-10]
    },
    "erbbands": {
        "dmean": [0.085148319602, 1.06224679947, 4.11613559723, 7.11568403244, 6.80664920807, 10.1976480484, 13.2021121979, 20.160484314, 20.1844749451, 17.1691398621, 23.3278961182, 18.6120738983, 33.4024353027, 16.4632797241, 14.8418064117, 32.9524917603, 16.411907196, 18.3906669617, 16.5149669647, 14.0754394531, 15.2116746902, 13.196803093, 9.75196838379, 9.35747146606, 6.14443349838, 5.21717500687, 4.40739583969, 5.70734119415, 5.63768577576, 5.90209388733, 3.74966955185, 2.07710027695, 1.76356983185, 1.53964042664, 1.10416030884, 0.51461648941, 0.0991847664118, 0.0160415936261, 0.00108902866486, 3.68884502677e-05],
        "dmean2": [0.114000670612, 1.64851248264, 6.59088993073, 12.3005809784, 12.0972881317, 17.1771297455, 21.4663238525, 33.7154006958, 32.0668983459, 26.445640564, 34.923828125, 28.6921463013, 51.7975311279, 25.2652702332, 22.3859386444, 46.1016845703, 25.6111087799, 28.8989582062, 25.3045024872, 21.8338108063, 22.8522434235, 19.7322902679, 14.547580719, 13.943608284, 9.19589042664, 7.97251367569, 6.7018122673, 9.03910827637, 8.74788284302, 9.39575004578, 5.69082069397, 3.12261795998, 2.64676952362, 2.29148459435, 1.59184122086, 0.751095890999, 0.145533546805, 0.0243338383734, 0.00170674175024, 5.39780667168e-05],
        "dvar": [0.0357635952532, 3.93469715118, 100.886283875, 432.960571289, 437.387176514, 522.193786621, 611.585205078, 1180.18066406, 1129.70715332, 1119.48547363, 2328.35229492, 1306.40942383, 5473.47119141, 1015.74108887, 1209.9375, 8751.34179688, 859.839050293, 1978.87731934, 918.895202637, 551.57232666, 839.080566406, 854.994995117, 469.558837891, 276.833740234, 126.821525574, 85.3838119507, 53.1426391602, 116.966255188, 123.743362427, 199.548797607, 74.3787536621, 20.1238918304, 17.0021724701, 13.4276390076, 8.6997833252, 2.14515447617, 0.0743813887239, 0.0019214526983, 1.11235976874e-05, 4.74262407124e-09],
        "dvar2": [0.0799163356423, 10.1317825317, 237.614624023, 1188.21569824, 1225.16040039, 1437.93786621, 1493.78149414, 3069.05664062, 2609.10693359, 2261.59375, 4345.84960938, 2575.39697266, 11522.0917969, 2128.68164062, 2168.94140625, 14114.1396484, 2022.96398926, 4762.56835938, 2090.46850586, 1334.43261719, 1683.33898926, 1901.96533203, 989.990905762, 592.314575195, 286.432403564, 199.389099121, 125.614265442, 281.195373535, 301.796569824, 504.092498779, 162.111846924, 44.4053115845, 36.626739502, 27.6251544952, 17.4793128967, 4.42038011551, 0.145443633199, 0.00433083251119, 2.51927467616e-05, 1.02893684684e-08],
        "max": [4.21344995499, 25.5424385071, 98.3513259888, 197.920639038, 213.765151978, 259.413513184, 498.242248535, 520.506164551, 694.304382324, 1096.98388672, 1754.87866211, 871.377746582, 1711.42053223, 808.211975098, 1607.93029785, 2827.84472656, 510.950164795, 1780.04052734, 715.600036621, 471.220489502, 802.220214844, 724.013122559, 640.119873047, 294.649963379, 231.479049683, 145.284317017, 93.5715942383, 146.881240845, 151.870117188, 182.268768311, 107.467979431, 52.6329650879, 49.0213432312, 51.843662262, 40.8201370239, 18.278049469, 3.26559829712, 1.49727463722, 0.154327571392, 0.00221330742352],
        "mean": [0.144702404737, 1.81358897686, 5.24698495865, 7.20891666412, 6.43840885162, 10.4780912399, 17.1588153839, 28.832862854, 32.2786178589, 27.7608451843, 37.2348709106, 31.1395931244, 50.4646835327, 26.8637332916, 26.1190567017, 66.7521133423, 27.3832740784, 29.2550086975, 26.0013599396, 22.5915927887, 24.7168159485, 19.4204978943, 14.341252327, 12.9634904861, 8.53288936615, 6.7168211937, 5.78402471542, 6.29954481125, 5.84674882889, 5.43680763245, 3.74673986435, 2.10624647141, 1.72785496712, 1.51936793327, 1.08242738247, 0.500898778439, 0.0995119139552, 0.0152558349073, 0.000979178235866, 5.8756024373e-05],
        "median": [0.0128961158916, 0.219681531191, 0.795641303062, 0.58458262682, 1.01837015152, 2.87373828888, 6.32614469528, 12.1963186264, 15.9862709045, 13.2882833481, 14.3273181915, 14.177781105, 18.8334541321, 13.1476926804, 10.1073293686, 12.0879812241, 9.94576931, 11.3861446381, 11.1386508942, 11.2214317322, 9.90821743011, 6.89433765411, 5.03701877594, 5.10387802124, 3.63242983818, 2.92631793022, 2.47136330605, 2.29788661003, 1.78829419613, 1.16168737411, 0.617934167385, 0.371483027935, 0.270863622427, 0.198861554265, 0.0952464789152, 0.0326164737344, 0.00909104198217, 0.00176268466748, 0.000105485836684, 3.72452122974e-05],
        "min": [2.77534866419e-23, 2.81726791228e-22, 2.17622373823e-21, 4.44910482351e-21, 9.85996543665e-21, 1.78398737412e-20, 3.30702479125e-20, 5.57890090055e-20, 1.34452999918e-19, 2.08702075869e-19, 2.89904781016e-19, 1.77393922994e-19, 5.25928671292e-19, 7.58014768261e-19, 1.27298350323e-18, 1.55265874841e-18, 8.86687365435e-19, 2.10050873991e-18, 2.21514687382e-18, 3.67951070928e-18, 3.42335024437e-18, 4.22104931271e-18, 5.06237678169e-18, 7.14745260611e-18, 8.15760226144e-18, 8.02077748914e-18, 1.02737428538e-17, 7.79112071823e-18, 1.07152827658e-17, 1.11025579752e-17, 1.07653040318e-17, 1.08330302716e-17, 1.12940370521e-17, 7.34700496581e-18, 5.70381440128e-18, 4.4067100012e-18, 2.2042380159e-18, 1.02067428785e-18, 2.40150668502e-19, 2.57812163652e-20],
        "var": [0.0804002508521, 8.11289215088, 114.597213745, 378.086761475, 357.486053467, 474.217773438, 916.375671387, 1828.01696777, 2209.60742188, 2593.29541016, 6089.18066406, 3172.72583008, 10182.5878906, 2165.63134766, 4483.64111328, 53651.5898438, 2248.43774414, 5038.08007812, 1778.6730957, 1087.31884766, 2125.33959961, 1438.12182617, 933.143615723, 465.752990723, 187.091461182, 109.596252441, 71.7659683228, 123.837631226, 129.664871216, 182.209213257, 91.7401809692, 25.3335819244, 20.7598590851, 17.2086963654, 11.5562438965, 2.71890091896, 0.0975748375058, 0.00212077703327, 1.19223068396e-05, 6.65081545392e-09]
    },
    "gfcc": {
        "mean": [-19.363948822, 80.2428512573, -117.739059448, 14.8149137497, -63.9335289001, 7.21459388733, -37.837020874, 6.93814754486, -21.5490665436, 7.5780673027, -18.0958099365, 3.43194198608, -10.37911129],
        "cov": [[19176.0957031, 767.162963867, -1247.20898438, 566.106933594, -722.507507324, 382.703491211, -805.901184082, 229.692703247, -374.452392578, 148.517074585, -153.144500732, 221.439788818, -164.161529541], [767.162963867, 1635.24572754, -142.948730469, -256.849273682, 283.381561279, -19.2239227295, 228.354827881, 56.1251106262, 167.450912476, 7.75461864471, 162.749908447, -17.022069931, 103.91368103], [-1247.20898438, -142.948730469, 1561.13549805, 824.132263184, 436.862121582, 508.109283447, 258.378051758, 143.071456909, 61.5404701233, 23.0699977875, -20.1917438507, -14.1815681458, -55.7411575317], [566.106933594, -256.849273682, 824.132263184, 1030.19836426, 382.880615234, 460.411743164, 163.360687256, 153.485992432, 30.0470561981, 37.8199119568, -39.0594482422, -17.4768676758, -59.5092544556], [-722.507507324, 283.381561279, 436.862121582, 382.880615234, 642.805114746, 366.38381958, 245.257965088, 125.612426758, 116.883224487, 24.7764377594, 49.6909637451, -19.7021446228, -16.3784446716], [382.703491211, -19.2239227295, 508.109283447, 460.411743164, 366.38381958, 575.156311035, 254.811859131, 156.371337891, 69.7119979858, 85.064781189, 52.2119178772, 33.3020973206, -23.3635597229], [-805.901184082, 228.354827881, 258.378051758, 163.360687256, 245.257965088, 254.811859131, 354.324645996, 147.781921387, 124.817062378, 47.0157852173, 77.4261627197, 4.75220966339, 28.9581050873], [229.692703247, 56.1251106262, 143.071456909, 153.485992432, 125.612426758, 156.371337891, 147.781921387, 211.088668823, 109.481651306, 30.0817108154, 14.6152391434, 14.5287828445, -2.92133760452], [-374.452392578, 167.450912476, 61.5404701233, 30.0470561981, 116.883224487, 69.7119979858, 124.817062378, 109.481651306, 164.766525269, 72.3675384521, 54.5780410767, 6.03246927261, 24.1718215942], [148.517074585, 7.75461864471, 23.0699977875, 37.8199119568, 24.7764377594, 85.064781189, 47.0157852173, 30.0817108154, 72.3675384521, 128.137054443, 81.2314987183, 41.1341362, 21.050786972], [-153.144500732, 162.749908447, -20.1917438507, -39.0594482422, 49.6909637451, 52.2119178772, 77.4261627197, 14.6152391434, 54.5780410767, 81.2314987183, 140.75062561, 66.8309249878, 54.0794219971], [221.439788818, -17.022069931, -14.1815681458, -17.4768676758, -19.7021446228, 33.3020973206, 4.75220966339, 14.5287828445, 6.03246927261, 41.1341362, 66.8309249878, 97.268081665, 55.1379165649], [-164.161529541, 103.91368103, -55.7411575317, -59.5092544556, -16.3784446716, -23.3635597229, 28.9581050873, -2.92133760452, 24.1718215942, 21.050786972, 54.0794219971, 55.1379165649, 93.3698425293]],
        "icov": [[0.000210853482713, -0.000484019576106, 0.000319633545587, -0.000378661090508, 0.000441452109953, -0.000532163132448, 0.000736699963454, -0.000708565989044, 0.000769557955209, -0.000724288111087, 0.000722051074263, -0.000808719021734, 0.000575936108362], [-0.000484019576106, 0.00213896832429, -0.000704253558069, 0.00115403742529, -0.00145447230898, 0.00127488875296, -0.00172283768188, 0.00148328230716, -0.00224489741959, 0.00257490528747, -0.00323217874393, 0.00332169071771, -0.00236067129299], [0.000319633545587, -0.000704253558069, 0.00174007145688, -0.00137609173544, 0.00061306077987, -0.00118191959336, 0.000648722983897, -0.000456413341453, 0.000572151155211, -0.000532323436346, 0.00135928345844, -0.00178424385376, 0.00134208903182], [-0.000378661090508, 0.00115403742529, -0.00137609173544, 0.00307653006166, -0.00154128530994, 0.000210033569601, -0.000812689133454, 2.2419677407e-05, -0.000132791348733, 0.000183508454938, -0.00073077523848, 0.00256294198334, -0.00187309563626], [0.000441452109953, -0.00145447230898, 0.00061306077987, -0.00154128530994, 0.00461040623486, -0.00299751269631, 0.00138685374986, -0.000409183383454, -0.00104346545413, 0.00118340807967, 6.17983969278e-05, -0.00111802876927, 0.0020220472943], [-0.000532163132448, 0.00127488875296, -0.00118191959336, 0.000210033569601, -0.00299751269631, 0.00714089348912, -0.00460015702993, 0.000352363014827, 0.00126391998492, -0.00220912811346, -0.000305596797261, -0.000875305733643, 0.000637285411358], [0.000736699963454, -0.00172283768188, 0.000648722983897, -0.000812689133454, 0.00138685374986, -0.00460015702993, 0.010349615477, -0.00536048552021, 0.000901250401512, -8.18550979602e-05, -0.00210111145861, 0.00249126832932, -0.00167251564562], [-0.000708565989044, 0.00148328230716, -0.000456413341453, 2.2419677407e-05, -0.000409183383454, 0.000352363014827, -0.00536048552021, 0.0145950792357, -0.0116866091266, 0.00616884045303, 0.000908473331947, -0.00431459303945, 0.00263718492351], [0.000769557955209, -0.00224489741959, 0.000572151155211, -0.000132791348733, -0.00104346545413, 0.00126391998492, 0.000901250401512, -0.0116866091266, 0.0227610897273, -0.0144608914852, 0.00322904065251, 0.00296278158203, -0.00265559391119], [-0.000724288111087, 0.00257490528747, -0.000532323436346, 0.000183508454938, 0.00118340807967, -0.00220912811346, -8.18550979602e-05, 0.00616884045303, -0.0144608914852, 0.0244515705854, -0.0134928524494, 0.00160151231103, 0.000633435614873], [0.000722051074263, -0.00323217874393, 0.00135928345844, -0.00073077523848, 6.17983969278e-05, -0.000305596797261, -0.00210111145861, 0.000908473331947, 0.00322904065251, -0.0134928524494, 0.0258385818452, -0.0155971450731, 0.00227796379477], [-0.000808719021734, 0.00332169071771, -0.00178424385376, 0.00256294198334, -0.00111802876927, -0.000875305733643, 0.00249126832932, -0.00431459303945, 0.00296278158203, 0.00160151231103, -0.0155971450731, 0.0333753824234, -0.0176766775548], [0.000575936108362, -0.00236067129299, 0.00134208903182, -0.00187309563626, 0.0020220472943, 0.000637285411358, -0.00167251564562, 0.00263718492351, -0.00265559391119, 0.000633435614873, 0.00227796379477, -0.0176766775548, 0.0247366838157]]
    },
    "melbands": {
        "dmean": [0.000928366032895, 0.00182616931852, 0.00118623103481, 0.000577294558752, 0.000465405435534, 0.000450158724561, 0.000301500578644, 0.000193873711396, 0.000178715999937, 0.000125909486087, 0.000167826132383, 6.78494689055e-05, 4.57339629065e-05, 8.71119118528e-05, 5.56674858672e-05, 3.69845074601e-05, 3.68974833691e-05, 2.87718721665e-05, 2.25791791308e-05, 1.77274359885e-05, 2.02498322324e-05, 1.56909900397e-05, 1.17694062283e-05, 8.34743332234e-06, 7.92967330199e-06, 4.91807350045e-06, 4.24978543379e-06, 3.32277818416e-06, 2.61732679974e-06, 3.21817447002e-06, 3.44017826137e-06, 2.8333240607e-06, 4.07931111113e-06, 3.02801436192e-06, 2.42598093791e-06, 1.50978553393e-06, 1.21015523291e-06, 1.23865515889e-06, 1.26649933918e-06, 1.31655019686e-06],
        "dmean2": [0.00130009418353, 0.0029189302586, 0.0020433946047, 0.000997219816782, 0.000761530885939, 0.000746894802433, 0.000477080902783, 0.000296794984024, 0.000265492504695, 0.000196960332687, 0.000259757973254, 0.000104538055893, 7.09487576387e-05, 0.000125926875626, 8.03261282272e-05, 5.88129660173e-05, 5.85024281463e-05, 4.42279997515e-05, 3.53900068149e-05, 2.80450949504e-05, 3.05433168251e-05, 2.41994075623e-05, 1.7727345039e-05, 1.28205920191e-05, 1.199174676e-05, 7.49394121158e-06, 6.56690644973e-06, 5.13311533723e-06, 4.02479463446e-06, 5.16358750247e-06, 5.4922761592e-06, 4.45492787549e-06, 6.52674043522e-06, 4.86796170662e-06, 3.79417133445e-06, 2.24562973017e-06, 1.85145711384e-06, 1.8763674916e-06, 1.93175924323e-06, 1.97057124751e-06],
        "dvar": [2.99350017485e-06, 1.65476576512e-05, 1.19973328765e-05, 2.31173021348e-06, 7.59470708545e-07, 5.52096139472e-07, 2.38327970692e-07, 1.5136926379e-07, 1.36711989285e-07, 6.50246221312e-08, 1.36508845117e-07, 1.72579781577e-08, 8.81405526343e-09, 6.02397136618e-08, 2.67694950651e-08, 5.02744645914e-09, 8.61998028512e-09, 3.16907922127e-09, 1.3355448969e-09, 1.10612652371e-09, 1.68835112557e-09, 1.27770016789e-09, 1.94283611421e-09, 2.68606248355e-10, 2.12894979423e-10, 1.15467066464e-10, 5.89557014319e-11, 3.45402630109e-11, 1.93711886809e-11, 3.34221296472e-11, 4.83654331862e-11, 3.21666755732e-11, 7.74221728395e-11, 6.61246266076e-11, 3.55778531635e-11, 1.05526334199e-11, 7.83164158524e-12, 9.12560478572e-12, 9.28741545475e-12, 1.00824053967e-11],
        "dvar2": [6.56157226331e-06, 4.08727210015e-05, 3.32286326739e-05, 6.47510478302e-06, 1.93366054191e-06, 1.41832379086e-06, 5.47057766198e-07, 2.91123626539e-07, 2.4417727218e-07, 1.31848693741e-07, 2.86957117623e-07, 3.53788820462e-08, 1.78280643581e-08, 9.72163221036e-08, 4.34273808025e-08, 1.1928636745e-08, 2.09270591967e-08, 7.12778591705e-09, 3.20614446103e-09, 2.74245115506e-09, 3.31258731556e-09, 2.92360291532e-09, 3.93406507371e-09, 5.83914527841e-10, 4.59922488982e-10, 2.69953087662e-10, 1.39055267301e-10, 8.13246206488e-11, 4.56950449701e-11, 8.57772325391e-11, 1.15911648335e-10, 8.02725594329e-11, 1.90126248079e-10, 1.72797623432e-10, 8.25410295668e-11, 2.18665311552e-11, 1.80087125767e-11, 1.99671130324e-11, 2.00380181198e-11, 2.12025952351e-11],
        "max": [0.0295877382159, 0.0399762801826, 0.0311004817486, 0.0186691209674, 0.0144202345982, 0.010890385136, 0.0096606342122, 0.0129565186799, 0.0133522013202, 0.0068485820666, 0.00842375587672, 0.00354108330794, 0.00370434275828, 0.00703256437555, 0.0054875575006, 0.00141061691102, 0.0039890287444, 0.00117601896636, 0.000574698322453, 0.000561035762075, 0.00117563095409, 0.000745118304621, 0.00167476327624, 0.000451565458206, 0.000262492452748, 0.000259635242401, 0.000196692824829, 7.10022286512e-05, 5.63780849916e-05, 7.92377686594e-05, 9.43959166761e-05, 9.29933230509e-05, 9.50357352849e-05, 0.000123400735902, 7.92594946688e-05, 4.78377660329e-05, 3.37824276357e-05, 4.0613431338e-05, 4.10264074162e-05, 4.70199956908e-05],
        "mean": [0.00168719596695, 0.00270574423485, 0.00121444393881, 0.000570345378947, 0.000589746749029, 0.000661364989355, 0.000486116536194, 0.000311695912387, 0.000287303177174, 0.000198217836441, 0.000250296143349, 0.000105573177279, 7.39441529731e-05, 0.000162442825967, 0.00010718023259, 5.41966765013e-05, 5.5052973039e-05, 4.21087388531e-05, 3.47235290974e-05, 2.59980060946e-05, 3.13904311042e-05, 2.13426974369e-05, 1.67332236742e-05, 1.11256240416e-05, 1.05843173515e-05, 6.54897803543e-06, 5.46417959413e-06, 4.11961445934e-06, 3.43080637322e-06, 3.6978431126e-06, 3.64307425116e-06, 3.00562851407e-06, 3.77127480533e-06, 2.73178420684e-06, 2.27987106882e-06, 1.62018125138e-06, 1.17856995985e-06, 1.20286449601e-06, 1.23297127175e-06, 1.2818528603e-06],
        "median": [0.000167694539414, 0.000562516390346, 0.000115952250781, 0.000134715883178, 0.000217115826672, 0.000290158815915, 0.000245019095019, 0.000143252953421, 0.000109543441795, 8.26480754768e-05, 8.91378440429e-05, 4.83284820803e-05, 2.86041595245e-05, 3.11782569042e-05, 2.23554070544e-05, 1.91580365936e-05, 1.88791273104e-05, 1.59560222528e-05, 1.56154292199e-05, 1.14409276648e-05, 1.08513895611e-05, 6.96263941791e-06, 4.49906656286e-06, 3.89185970562e-06, 3.89231217923e-06, 2.68525718639e-06, 2.19910498345e-06, 1.74613512627e-06, 1.49351456002e-06, 1.36375945203e-06, 1.27230509861e-06, 9.91550791696e-07, 8.52755817959e-07, 5.31071520982e-07, 3.55694197651e-07, 2.48016618798e-07, 2.13727616938e-07, 1.87178429201e-07, 1.72266240384e-07, 1.61689698075e-07],
        "min": [4.1655228176e-25, 1.22263697877e-24, 1.31127279844e-24, 1.42520797898e-24, 1.9287757601e-24, 1.45803800327e-24, 2.02036487778e-24, 2.39838899572e-24, 2.46856448412e-24, 1.15018030184e-24, 2.53744249356e-24, 2.37192547336e-24, 3.62236920739e-24, 4.11573228385e-24, 2.91970930265e-24, 1.70378336082e-24, 3.40892947885e-24, 2.56825382279e-24, 4.06864320426e-24, 3.35789925018e-24, 3.28715400699e-24, 3.73463042509e-24, 4.57841419312e-24, 4.41911793281e-24, 4.84931731101e-24, 4.22531847422e-24, 4.57435392604e-24, 4.45611708698e-24, 5.15719828384e-24, 4.74272366448e-24, 3.99404536162e-24, 5.40072398401e-24, 5.42444621472e-24, 5.32668268274e-24, 5.65282894096e-24, 5.675451894e-24, 6.35599430833e-24, 6.73948720449e-24, 6.11822255959e-24, 5.75062087194e-24],
        "var": [7.98295968707e-06, 2.09035060834e-05, 9.99369331112e-06, 1.91343906408e-06, 1.0073077874e-06, 9.06116383703e-07, 4.85269993078e-07, 3.59749833478e-07, 3.74784917767e-07, 1.49814326278e-07, 2.56187917103e-07, 3.7280866394e-08, 2.80809775433e-08, 2.71274473107e-07, 1.43055274293e-07, 1.13290594683e-08, 2.10271515755e-08, 5.72262770504e-09, 2.70686917325e-09, 1.77877779173e-09, 4.22380086462e-09, 1.92779014974e-09, 3.55850304778e-09, 4.55878751415e-10, 3.3905678265e-10, 1.44835740623e-10, 7.76013073245e-11, 4.28174475042e-11, 2.64755752044e-11, 3.67189195716e-11, 4.84998707861e-11, 3.25542579005e-11, 7.33197808023e-11, 5.60464452626e-11, 3.77621336978e-11, 1.53301347311e-11, 8.76830379137e-12, 1.07046455033e-11, 1.11131182381e-11, 1.2509895897e-11]
    },
    "mfcc": {
        "mean": [-656.803344727, 117.918739319, -3.69618439674, 10.9680480957, -6.6730966568, 0.594114363194, -7.61959886551, -2.8263874054, 0.850585997105, -1.32187771797, 1.37938952446, -1.73597037792, 0.877553284168],
        "cov": [[8596.02832031, 438.804443359, -170.104980469, -1.62435793877, 252.780319214, -72.9284286499, -150.592712402, -23.2433223724, -208.868591309, -140.111602783, -44.9406394958, -32.2176361084, 66.8326873779], [438.804443359, 1663.60864258, -305.167633057, -156.354400635, -44.4364128113, -94.1247787476, 29.8731002808, 4.58497047424, 28.4860839844, 51.242767334, 27.8978595734, 46.7227859497, 55.625087738], [-170.104980469, -305.167633057, 1103.39135742, 411.41494751, 313.447662354, 348.477508545, 244.577804565, 204.116943359, 134.32925415, 92.4914703369, 72.5809402466, 45.5979003906, 36.1355476379], [-1.62435793877, -156.354400635, 411.41494751, 512.451049805, 318.36907959, 215.195358276, 167.709960938, 157.47605896, 118.322563171, 87.6144180298, 59.7535552979, 27.4048366547, 7.3319106102], [252.780319214, -44.4364128113, 313.447662354, 318.36907959, 486.244384766, 325.255523682, 214.381011963, 188.580551147, 115.010627747, 98.1450653076, 79.3994750977, 51.6173744202, 35.2262802124], [-72.9284286499, -94.1247787476, 348.477508545, 215.195358276, 325.255523682, 437.997070312, 288.244995117, 176.685455322, 124.333686829, 102.965652466, 100.216300964, 84.1211853027, 71.6418762207], [-150.592712402, 29.8731002808, 244.577804565, 167.709960938, 214.381011963, 288.244995117, 307.957855225, 210.672515869, 127.227622986, 98.494102478, 90.0613098145, 71.6907958984, 64.4105224609], [-23.2433223724, 4.58497047424, 204.116943359, 157.47605896, 188.580551147, 176.685455322, 210.672515869, 257.331329346, 161.433258057, 100.102729797, 84.2806930542, 57.3998451233, 43.0017089844], [-208.868591309, 28.4860839844, 134.32925415, 118.322563171, 115.010627747, 124.333686829, 127.227622986, 161.433258057, 182.658569336, 114.723114014, 79.1512298584, 57.2325897217, 37.8629264832], [-140.111602783, 51.242767334, 92.4914703369, 87.6144180298, 98.1450653076, 102.965652466, 98.494102478, 100.102729797, 114.723114014, 137.321014404, 95.0236129761, 52.4444580078, 32.8531570435], [-44.9406394958, 27.8978595734, 72.5809402466, 59.7535552979, 79.3994750977, 100.216300964, 90.0613098145, 84.2806930542, 79.1512298584, 95.0236129761, 123.708106995, 75.7572937012, 46.3440093994], [-32.2176361084, 46.7227859497, 45.5979003906, 27.4048366547, 51.6173744202, 84.1211853027, 71.6907958984, 57.3998451233, 57.2325897217, 52.4444580078, 75.7572937012, 102.689109802, 69.3098754883], [66.8326873779, 55.625087738, 36.1355476379, 7.3319106102, 35.2262802124, 71.6418762207, 64.4105224609, 43.0017089844, 37.8629264832, 32.8531570435, 46.3440093994, 69.3098754883, 101.529396057]],
