{
"lowlevel": {
    "average_loudness": 0.666804671288,
    "barkbands_crest": {
        "dmean": 3.18657588959,
        "dmean2": 4.96415758133,
        "dvar": 8.13200759888,
        "dvar2": 17.898235321,
        "max": 26.7105083466,
        "mean": 10.8449897766,
        "median": 9.5464553833,
        "min": 2.36776304245,
        "var": 28.9579925537
    },
    "barkbands_flatness_db": {
        "dmean": 0.0323727205396,
        "dmean2": 0.0480612367392,
        "dvar": 0.00102665403392,
        "dvar2": 0.00204232730903,
        "max": 0.433877587318,
        "mean": 0.15268214047,
        "median": 0.145819067955,
        "min": 0.0160453822464,
        "var": 0.0044960048981
    },
    "barkbands_kurtosis": {
        "dmean": 5.06662273407,
        "dmean2": 7.84375333786,
        "dvar": 98.2442932129,
        "dvar2": 208.988327026,
        "max": 180.405838013,
        "mean": 6.8809170723,
        "median": 1.99900722504,
        "min": -1.90899014473,
        "var": 213.450195312
    },
    "barkbands_skewness": {
        "dmean": 0.80657941103,
        "dmean2": 1.20592558384,
        "dvar": 0.824108064175,
        "dvar2": 1.71914339066,
        "max": 11.1254358292,
        "mean": 1.78255593777,
        "median": 1.48387670517,
        "min": -4.98236608505,
        "var": 2.74498939514
    },
    "barkbands_spread": {
        "dmean": 8.36085987091,
        "dmean2": 12.7210121155,
        "dvar": 112.375968933,
        "dvar2": 243.584320068,
        "max": 89.1525268555,
        "mean": 20.720161438,
        "median": 16.6552772522,
        "min": 0.422883719206,
        "var": 234.983169556
    },
    "dissonance": {
        "dmean": 0.021273534745,
        "dmean2": 0.0353494398296,
        "dvar": 0.000509086239617,
        "dvar2": 0.00131127785426,
        "max": 0.500000119209,
        "mean": 0.463106483221,
        "median": 0.471178531647,
        "min": 0.223000109196,
        "var": 0.00100552360527
    },
    "dynamic_complexity": 4.69507741928,
    "erbbands_crest": {
        "dmean": 2.79798841476,
        "dmean2": 4.45657062531,
        "dvar": 7.44687986374,
        "dvar2": 17.2194480896,
        "max": 34.1981468201,
        "mean": 8.49965381622,
        "median": 7.21732902527,
        "min": 2.31404137611,
        "var": 21.9793224335
    },
    "erbbands_flatness_db": {
        "dmean": 0.0242647454143,
        "dmean2": 0.0349841341376,
        "dvar": 0.000644161307719,
        "dvar2": 0.00115430250298,
        "max": 0.478005290031,
        "mean": 0.173689320683,
        "median": 0.163931280375,
        "min": 0.0576623491943,
        "var": 0.00417915638536
    },
    "erbbands_kurtosis": {
        "dmean": 1.26482021809,
        "dmean2": 2.00291848183,
        "dvar": 9.87955379486,
        "dvar2": 20.9305114746,
        "max": 110.755737305,
        "mean": 0.606645166874,
        "median": -0.323871970177,
        "min": -1.89169609547,
        "var": 25.1358699799
    },
    "erbbands_skewness": {
        "dmean": 0.497145444155,
        "dmean2": 0.766568303108,
        "dvar": 0.257253915071,
        "dvar2": 0.571735262871,
        "max": 8.09321498871,
        "mean": 0.469363421202,
        "median": 0.440955609083,
        "min": -4.60365200043,
        "var": 0.783996939659
    },
    "erbbands_spread": {
        "dmean": 11.6090240479,
        "dmean2": 17.0573558807,
        "dvar": 152.321151733,
        "dvar2": 320.856933594,
        "max": 160.845184326,
        "mean": 42.1799659729,
        "median": 38.8276824951,
        "min": 0.87813693285,
        "var": 498.981323242
    },
    "hfc": {
        "dmean": 15.4692525864,
        "dmean2": 23.4504241943,
        "dvar": 877.737609863,
        "dvar2": 2112.25708008,
        "max": 256.147460938,
        "mean": 19.0917320251,
        "median": 8.83613204956,
        "min": 1.13413608822e-16,
        "var": 984.367980957
    },
    "melbands_crest": {
        "dmean": 3.77629971504,
        "dmean2": 6.04462957382,
        "dvar": 11.5207042694,
        "dvar2": 25.6279373169,
        "max": 36.2682189941,
        "mean": 14.4545574188,
        "median": 13.0556650162,
        "min": 1.59217298031,
        "var": 43.3054542542
    },
    "melbands_flatness_db": {
        "dmean": 0.0399563349783,
        "dmean2": 0.0586697869003,
        "dvar": 0.00166205177084,
        "dvar2": 0.00326180900447,
        "max": 0.489998042583,
        "mean": 0.203168481588,
        "median": 0.195709556341,
        "min": 0.0020977568347,
        "var": 0.00705244438723
    },
    "melbands_kurtosis": {
        "dmean": 11.0991277695,
        "dmean2": 17.1837692261,
        "dvar": 393.581848145,
        "dvar2": 821.707885742,
        "max": 338.157745361,
        "mean": 18.592250824,
        "median": 8.55661582947,
        "min": -1.90240585804,
        "var": 910.852844238
    },
    "melbands_skewness": {
        "dmean": 0.990617275238,
        "dmean2": 1.49918150902,
        "dvar": 1.19275212288,
        "dvar2": 2.40564489365,
        "max": 16.3584709167,
        "mean": 2.9189157486,
        "median": 2.49351501465,
        "min": -5.04003190994,
        "var": 4.44842767715
    },
    "melbands_spread": {
        "dmean": 11.0573139191,
        "dmean2": 17.4212169647,
        "dvar": 285.326507568,
        "dvar2": 668.871154785,
        "max": 247.686660767,
        "mean": 23.7488040924,
        "median": 17.1935997009,
        "min": 0.77724981308,
        "var": 540.828979492
    },
    "pitch_salience": {
        "dmean": 0.0930101647973,
        "dmean2": 0.145567134023,
        "dvar": 0.00751563999802,
        "dvar2": 0.0174704510719,
        "max": 0.970480084419,
        "mean": 0.563931405544,
        "median": 0.589311122894,
        "min": 0.0662956982851,
        "var": 0.0231331437826
    },
    "silence_rate_20dB": {
        "dmean": 0,
        "dmean2": 0,
        "dvar": 0,
        "dvar2": 0,
        "max": 1,
        "mean": 1,
        "median": 1,
        "min": 1,
        "var": 0
    },
    "silence_rate_30dB": {
        "dmean": 0.0338622070849,
        "dmean2": 0.0677316263318,
        "dvar": 0.0327169969678,
        "dvar2": 0.0814578309655,
        "max": 1,
        "mean": 0.975191652775,
        "median": 1,
        "min": 0,
        "var": 0.0241917148232
    },
    "silence_rate_60dB": {
        "dmean": 0.0587796829641,
        "dmean2": 0.117571882904,
        "dvar": 0.0553198046982,
        "dvar2": 0.119918264449,
        "max": 1,
        "mean": 0.178343266249,
        "median": 0,
        "min": 0,
        "var": 0.146544590592
    },
    "spectral_centroid": {
        "dmean": 385.890625,
        "dmean2": 596.025695801,
        "dvar": 187531.40625,
        "dvar2": 424219.03125,
        "max": 11624.6044922,
        "mean": 1329.83374023,
        "median": 1146.36047363,
        "min": 180.36529541,
        "var": 538451.8125
    },
    "spectral_complexity": {
        "dmean": 6.1539773941,
        "dmean2": 9.03216171265,
        "dvar": 59.9348831177,
        "dvar2": 129.910598755,
        "max": 56,
        "mean": 14.4545354843,
        "median": 12,
        "min": 0,
        "var": 127.567451477
    },
    "spectral_decrease": {
        "dmean": 3.38750871798e-09,
        "dmean2": 4.98279995043e-09,
        "dvar": 3.51743236103e-17,
        "dvar2": 8.16882743322e-17,
        "max": 9.91478214557e-30,
        "mean": -6.00466387723e-09,
        "median": -3.76951359016e-09,
        "min": -5.19028517942e-08,
        "var": 5.64187404168e-17
    },
    "spectral_energy": {
        "dmean": 0.0138136101887,
        "dmean2": 0.0202146787196,
        "dvar": 0.000538484717254,
        "dvar2": 0.0012466639746,
        "max": 0.19873739779,
        "mean": 0.0243946481496,
        "median": 0.0153931751847,
        "min": 1.03328801025e-20,
        "var": 0.000877735845279
    },
    "spectral_energyband_high": {
        "dmean": 0.00144023855682,
        "dmean2": 0.00228969170712,
        "dvar": 1.16794681162e-05,
        "dvar2": 2.82631062873e-05,
        "max": 0.0280829444528,
        "mean": 0.00127267034259,
        "median": 0.000142033342854,
        "min": 7.50941378822e-21,
        "var": 1.12069137685e-05
    },
    "spectral_energyband_low": {
        "dmean": 0.00582790141925,
        "dmean2": 0.00852998066694,
        "dvar": 0.000273738842225,
        "dvar2": 0.000588077586144,
        "max": 0.167209491134,
        "mean": 0.00869645643979,
        "median": 0.000451268337201,
        "min": 1.93365947964e-23,
        "var": 0.000422131794039
    },
    "spectral_energyband_middle_high": {
        "dmean": 0.00175477028824,
        "dmean2": 0.00268062995747,
        "dvar": 7.34169134375e-06,
        "dvar2": 1.75635086634e-05,
        "max": 0.035522274673,
        "mean": 0.00293822376989,
        "median": 0.00167754420545,
        "min": 1.37665229811e-21,
        "var": 1.25989690787e-05
    },
    "spectral_energyband_middle_low": {
        "dmean": 0.00902373529971,
        "dmean2": 0.0147024383768,
        "dvar": 0.000308529852191,
        "dvar2": 0.000838084961288,
        "max": 0.168993189931,
        "mean": 0.0125951692462,
        "median": 0.00708769261837,
        "min": 2.95075352729e-22,
        "var": 0.000316000630846
    },
    "spectral_entropy": {
        "dmean": 0.248761206865,
        "dmean2": 0.361796915531,
        "dvar": 0.0705837458372,
        "dvar2": 0.147368982434,
        "max": 9.80156040192,
        "mean": 7.59057807922,
        "median": 7.61775016785,
        "min": 5.01319408417,
        "var": 0.2503952384
    },
    "spectral_flux": {
        "dmean": 0.0375974997878,
        "dmean2": 0.0553070344031,
        "dvar": 0.00223651481792,
        "dvar2": 0.00384131725878,
        "max": 0.44163480401,
        "mean": 0.0871304571629,
        "median": 0.0693648383021,
        "min": 6.66161015239e-11,
        "var": 0.00529844453558
    },
    "spectral_kurtosis": {
        "dmean": 2.33101654053,
        "dmean2": 3.83053398132,
        "dvar": 11.817027092,
        "dvar2": 32.5650367737,
        "max": 100.757881165,
        "mean": 4.52452516556,
        "median": 3.42073583603,
        "min": -1.30635523796,
        "var": 25.6355209351
    },
    "spectral_rms": {
        "dmean": 0.00119270314462,
        "dmean2": 0.00166004546918,
        "dvar": 2.19285220737e-06,
        "dvar2": 4.87372290081e-06,
        "max": 0.0139244440943,
        "mean": 0.00412038341165,
        "median": 0.00387527188286,
        "min": 3.17503683935e-12,
        "var": 6.82215977577e-06
    },
    "spectral_rolloff": {
        "dmean": 906.012268066,
        "dmean2": 1490.22131348,
        "dvar": 2345390.5,
        "dvar2": 4887640,
        "max": 18906.1523438,
        "mean": 1750.35705566,
        "median": 990.52734375,
        "min": 64.599609375,
        "var": 3933493.25
    },
    "spectral_skewness": {
        "dmean": 0.321252346039,
        "dmean2": 0.503415346146,
        "dvar": 0.115260437131,
        "dvar2": 0.295440018177,
        "max": 7.61776733398,
        "mean": 1.41513538361,
        "median": 1.35077238083,
        "min": -0.458236008883,
        "var": 0.338964760303
    },
    "spectral_spread": {
        "dmean": 768839.25,
        "dmean2": 1035768.125,
        "dvar": 1.00325661082e+12,
        "dvar2": 1.91416211866e+12,
        "max": 42834552,
        "mean": 4450790.5,
        "median": 3896463,
        "min": 856516.25,
        "var": 3.99676932096e+12
    },
    "spectral_strongpeak": {
        "dmean": 0.404807239771,
        "dmean2": 0.649234950542,
        "dvar": 0.398832678795,
        "dvar2": 0.88363969326,
        "max": 11.5517597198,
        "mean": 0.725010693073,
        "median": 0.451285243034,
        "min": 0,
        "var": 0.752544343472
    },
    "zerocrossingrate": {
        "dmean": 0.0167839601636,
        "dmean2": 0.0189010612667,
        "dvar": 0.000422382494435,
        "dvar2": 0.000501094502397,
        "max": 0.77685546875,
        "mean": 0.0646551027894,
        "median": 0.05322265625,
        "min": 0.001953125,
        "var": 0.00224547320977
    },
    "barkbands": {
        "dmean": [0.000105758590507, 0.00379961798899, 0.00275027519092, 0.00254995166324, 0.00436368305236, 0.00135815853719, 0.000967505970038, 0.000734550005291, 0.000846317736432, 0.000427211605711, 0.000249953533057, 0.000230541525525, 0.000211826583836, 0.000177672307473, 0.000143280587508, 0.000288325652946, 0.00021045714675, 0.000148230901686, 0.000207565797609, 0.000199256304768, 0.000171398598468, 0.000278997322312, 0.000452208565548, 0.000224862073082, 0.000164359837072, 6.77127827657e-05, 4.29693909609e-06],
        "dmean2": [0.000137824827107, 0.00566128036007, 0.00502778310329, 0.00457863882184, 0.0073155160062, 0.00221673236229, 0.00155970093329, 0.00117571279407, 0.00128579570446, 0.000668052467518, 0.000399087555707, 0.000368774053641, 0.000336351804435, 0.000284052599454, 0.000235831874306, 0.000468776823254, 0.000347473891452, 0.000245716713835, 0.000336492492352, 0.000325993169099, 0.00027504665195, 0.000457869493403, 0.000744606018998, 0.000360172038199, 0.000256869127043, 0.00010551779269, 7.72013754613e-06],
        "dvar": [1.10807611975e-07, 0.000125531558297, 0.000131991051603, 6.75417322782e-05, 0.00010308943456, 8.34047023091e-06, 3.26638769366e-06, 2.42558098762e-06, 3.70880843548e-06, 9.04556372916e-07, 3.01792880464e-07, 3.65768812571e-07, 3.34658324164e-07, 2.24152856276e-07, 1.40963891226e-07, 5.77445632644e-07, 1.86097167898e-07, 8.54935038319e-08, 2.02815542139e-07, 1.5088144778e-07, 1.26853450411e-07, 5.14798330187e-07, 1.59353601248e-06, 3.26954932461e-07, 2.02361974289e-07, 4.29932107693e-08, 2.70455491336e-10],
        "dvar2": [2.41354257469e-07, 0.000278225110378, 0.000377924938221, 0.000191669503693, 0.000280386419035, 1.8882099539e-05, 8.19265005703e-06, 5.99910117671e-06, 8.29733198771e-06, 2.0098279947e-06, 6.83565190229e-07, 8.51285562931e-07, 7.49856042148e-07, 5.08714549596e-07, 3.20782135077e-07, 1.27620705825e-06, 4.69821799243e-07, 2.29670519047e-07, 5.32571959866e-07, 3.98998423634e-07, 3.25927629774e-07, 1.3117872868e-06, 4.03040758101e-06, 7.80991001648e-07, 4.65378320769e-07, 1.04359564546e-07, 7.57291673814e-10],
        "max": [0.0169417671859, 0.136083230376, 0.109266728163, 0.0736932903528, 0.134298682213, 0.148349553347, 0.0360835120082, 0.0339755900204, 0.0588035993278, 0.0262996405363, 0.0151080451906, 0.0173873696476, 0.0139372032136, 0.0134012065828, 0.0173213537782, 0.0192408785224, 0.00522933201864, 0.00314788054675, 0.00726317707449, 0.00412959605455, 0.00395935075358, 0.00707993051037, 0.0126149961725, 0.00569562334567, 0.00486760120839, 0.00275601842441, 0.000413817091612],
        "mean": [0.00018626714882, 0.00546857947484, 0.00201727286913, 0.00222876458429, 0.00476989196613, 0.00192486774176, 0.00127066764981, 0.000889689312316, 0.00136838376056, 0.000612256524619, 0.000333750445861, 0.000292028242256, 0.000288570241537, 0.00022151687881, 0.000176738845767, 0.000333670759574, 0.0002382609091, 0.000171514198883, 0.000234065737459, 0.000208509969525, 0.00017109613691, 0.000225798925385, 0.000358154386049, 0.000192538136616, 0.000147266080603, 6.14804230281e-05, 3.0264934594e-06],
        "median": [5.20152252648e-06, 4.53927714261e-05, 7.93983635958e-05, 0.000154891647981, 0.00126099982299, 0.00081050186418, 0.000555953884032, 0.000311433919705, 0.000338662124705, 0.00016610462626, 0.000115150585771, 8.37192637846e-05, 7.76364686317e-05, 6.94876362104e-05, 6.20842838543e-05, 9.42281039897e-05, 8.60059808474e-05, 6.77033967804e-05, 7.97563698143e-05, 6.257116911e-05, 3.63063591067e-05, 2.04116113309e-05, 1.29218287839e-05, 7.33473643777e-06, 3.84138820664e-06, 1.25564133668e-06, 6.08151822235e-08],
        "min": [2.1376556754e-24, 4.76455972877e-24, 2.24504094384e-24, 2.0795880186e-24, 1.41713292265e-23, 2.37485408003e-23, 2.09263404247e-23, 3.57191737154e-23, 5.22064991632e-23, 3.2920027011e-23, 3.54188480579e-23, 7.8137966394e-23, 7.10331569155e-23, 5.12404380105e-23, 1.14303067402e-22, 1.56055430388e-22, 1.12927003682e-22, 2.02030319675e-22, 1.11136403024e-22, 2.1707889536e-22, 3.09325083686e-22, 3.97588572048e-22, 4.44458824773e-22, 7.03977603797e-22, 9.9134890306e-22, 1.76596780185e-21, 2.06768314197e-21],
        "var": [2.75300578778e-07, 0.000193101790501, 7.77750319685e-05, 4.59833318018e-05, 9.98237082968e-05, 1.35697109727e-05, 4.08368032367e-06, 2.78042080026e-06, 8.10830715636e-06, 1.65917845152e-06, 4.88553268951e-07, 4.70589952783e-07, 5.3683703527e-07, 3.01121531265e-07, 1.92894106021e-07, 9.78791604211e-07, 1.97192392193e-07, 8.03755639822e-08, 1.94268565679e-07, 1.39572634339e-07, 1.17239117969e-07, 4.2517532961e-07, 1.35220238917e-06, 3.12270316272e-07, 2.09785397942e-07, 4.21634496206e-08, 1.78108527926e-10]
    },
    "erbbands": {
        "dmean": [0.0878589451313, 0.962479531765, 2.70240616798, 6.53524398804, 13.3896522522, 13.3795642853, 11.7389812469, 12.7962036133, 14.0194568634, 16.3544940948, 12.8806905746, 20.378370285, 13.7919225693, 9.14468383789, 10.9626207352, 9.0079498291, 9.7367181778, 9.067943573, 7.47058010101, 10.2882261276, 13.9438848495, 11.6093358994, 8.05041027069, 8.99215507507, 10.9399747849, 9.46065235138, 8.06807899475, 6.60583019257, 8.68891716003, 14.1786584854, 12.3328199387, 5.9434928894, 3.33764910698, 2.00381302834, 1.08080029488, 0.421195089817, 0.0918382257223, 0.0121103022248, 0.000699144904502, 3.18550992233e-05],
        "dmean2": [0.116611562669, 1.47967815399, 4.68718147278, 11.8169956207, 23.1011314392, 22.4281044006, 19.2484798431, 20.6145610809, 22.499797821, 26.1436824799, 20.3501358032, 30.9475498199, 21.6173858643, 14.4755821228, 17.2682704926, 14.248342514, 15.4756708145, 14.3646717072, 11.9940652847, 16.4347190857, 22.9351520538, 18.9336795807, 13.2017002106, 14.3954057693, 18.094285965, 15.6444540024, 13.0441846848, 10.5372238159, 13.897400856, 23.9178161621, 20.3878936768, 9.73679637909, 5.22576665878, 3.177318573, 1.66145157814, 0.648836374283, 0.145942851901, 0.0198520440608, 0.00123321136925, 4.76573768537e-05],
        "dvar": [0.055712684989, 8.88565826416, 111.555541992, 529.160522461, 1382.67858887, 972.506469727, 525.575561523, 876.165771484, 771.31628418, 1008.8059082, 648.330627441, 2429.10986328, 824.749084473, 410.755218506, 520.095825195, 653.282531738, 698.918823242, 459.624176025, 402.017272949, 567.329772949, 1244.58776855, 557.64239502, 238.201782227, 290.918731689, 603.515380859, 374.685455322, 278.091400146, 195.187835693, 424.484832764, 1819.79321289, 1192.55725098, 232.754821777, 71.8198471069, 28.151058197, 9.43747234344, 1.57675111294, 0.101711325347, 0.00177867698949, 8.88537761057e-06, 4.58928672842e-09],
        "dvar2": [0.100104160607, 19.7704734802, 304.486114502, 1518.45141602, 3870.11206055, 2599.73095703, 1370.44897461, 1786.25842285, 1909.40039062, 2544.26708984, 1541.60498047, 5462.76513672, 1905.80834961, 926.899047852, 1099.08422852, 1548.75231934, 1576.57531738, 1111.94140625, 880.014526367, 1247.27209473, 3032.20043945, 1379.88598633, 628.02923584, 753.803833008, 1600.21105957, 1003.31768799, 727.166687012, 491.098602295, 1039.19091797, 4821.76464844, 3003.01928711, 586.742797852, 161.790634155, 66.3535003662, 20.9995479584, 3.7146627903, 0.260036617517, 0.00467242579907, 2.50008888543e-05, 1.15739231532e-08],
        "max": [3.15881967545, 34.3669128418, 103.820213318, 213.259216309, 481.75479126, 717.358886719, 406.380889893, 1823.63464355, 574.85559082, 631.578552246, 550.526000977, 1747.1965332, 637.129394531, 402.859680176, 870.876342773, 897.596618652, 532.823913574, 739.096679688, 851.20513916, 598.121582031, 1116.90429688, 301.322845459, 183.469116211, 217.079483032, 418.215789795, 201.835235596, 195.138580322, 146.6065979, 188.715591431, 383.97177124, 370.526153564, 143.106460571, 88.8271713257, 57.522441864, 33.9095039368, 13.5951337814, 6.21643066406, 0.660120785236, 0.102831088006, 0.00146875286009],
        "mean": [0.173052921891, 1.15426898003, 2.23510432243, 5.38497781754, 12.5063152313, 14.6993217468, 15.4412050247, 18.5704364777, 19.1691017151, 20.2212162018, 18.1782875061, 33.1600036621, 21.4491386414, 13.1668205261, 15.4184246063, 11.934176445, 13.6059999466, 12.1456737518, 9.84278774261, 13.2498455048, 15.7939519882, 13.620967865, 9.7398557663, 10.9990749359, 11.5910768509, 9.75288391113, 8.0504283905, 6.36642599106, 7.50872421265, 10.6652374268, 9.7592086792, 4.84368896484, 2.9892206192, 1.76302611828, 1.00093686581, 0.384930163622, 0.0819400250912, 0.0102891810238, 0.000514175335411, 4.3326177547e-05],
        "median": [0.00104886956979, 0.0142713757232, 0.139305695891, 0.485086381435, 1.23350512981, 4.15688848495, 5.82538604736, 7.69950675964, 8.23013114929, 8.32407569885, 6.63609027863, 8.53533363342, 7.25178527832, 4.81597042084, 5.36693477631, 3.93436527252, 3.98555183411, 3.99812364578, 3.97743988037, 4.60074710846, 5.20765066147, 5.03756809235, 4.03604602814, 4.19877243042, 3.88401293755, 2.81540346146, 1.82676839828, 1.17301774025, 0.781706213951, 0.536085009575, 0.342427492142, 0.194611757994, 0.105175897479, 0.0522539541125, 0.020911321044, 0.00701955659315, 0.00202703755349, 0.000355240073986, 2.29227480304e-05, 2.05598844332e-05],
        "min": [1.93484520069e-22, 1.00271152932e-21, 2.94948938085e-21, 8.26573394129e-21, 2.33992189288e-20, 3.69437957806e-20, 1.02046583834e-19, 1.94268976177e-19, 2.73508768806e-19, 6.19980244312e-19, 1.10532340225e-18, 1.22702379743e-18, 1.0137519235e-18, 1.23957915836e-18, 2.53153249798e-18, 2.8728493458e-18, 3.48748114367e-18, 3.15430209871e-18, 3.90540794431e-18, 7.66012839642e-18, 9.98114756441e-18, 6.9664266106e-18, 8.72427640214e-18, 1.04388489312e-17, 5.83432364961e-18, 1.01402565824e-17, 1.29219516587e-17, 1.28063730204e-17, 1.45043357628e-17, 1.55126887818e-17, 1.31322954167e-17, 1.39651165738e-17, 1.16555704009e-17, 8.79440808319e-18, 8.01967485738e-18, 6.20255426622e-18, 3.23212738665e-18, 1.17087912015e-18, 2.90386898066e-19, 2.99243152531e-20],
        "var": [0.169940277934, 10.7447299957, 75.6217803955, 324.702728271, 1155.34851074, 933.502685547, 675.633605957, 1610.05151367, 995.66003418, 1169.92175293, 943.5390625, 5348.27636719, 1487.6895752, 664.094299316, 976.045898438, 824.661315918, 1042.72497559, 658.437805176, 522.389770508, 946.683776855, 1556.96899414, 629.13494873, 245.065002441, 313.349456787, 551.999145508, 329.55670166, 248.882476807, 183.421401978, 389.638946533, 1361.28759766, 1011.63043213, 201.675750732, 75.9478759766, 28.0025119781, 10.3302288055, 1.60029900074, 0.0906286686659, 0.0014662189642, 5.98065844315e-06, 4.99930008502e-09]
    },
    "gfcc": {
        "mean": [-52.7768211365, 92.5261306763, -133.625579834, 26.2598228455, -71.9196090698, -2.58653569221, -41.0639190674, 2.41118192673, -23.8475780487, -3.21964478493, -14.03997612, -1.83024966717, -7.73867368698],
        "cov": [[13645.7011719, -1287.78881836, 1869.04968262, 559.366516113, -561.559448242, 491.776367188, -683.364196777, 56.1080169678, -213.124679565, 243.243423462, -299.643432617, 166.186019897, -377.677398682], [-1287.78881836, 2148.6706543, -284.744415283, -7.95387935638, 610.982849121, -252.57661438, 471.134643555, -87.9862518311, 275.802276611, -110.959892273, 269.989624023, -213.472290039, 164.795227051], [1869.04968262, -284.744415283, 1575.94482422, 421.640625, 277.312561035, 573.674255371, 1.04439091682, 285.259765625, -41.0428771973, 220.19644165, -91.8772277832, 162.503082275, -139.521591187], [559.366516113, -7.95387935638, 421.640625, 596.406188965, 157.610565186, 201.637451172, 101.520866394, 37.5554466248, 26.7133140564, 43.3105010986, 39.7964172363, 23.7830924988, -10.4396915436], [-561.559448242, 610.982849121, 277.312561035, 157.610565186, 591.146606445, 181.831604004, 304.386047363, 134.905456543, 113.321891785, 106.254127502, 72.4302062988, 6.45307779312, 20.6445655823], [491.776367188, -252.57661438, 573.674255371, 201.637451172, 181.831604004, 546.928039551, 103.516448975, 225.656692505, 62.1152572632, 165.59614563, 3.01169252396, 93.365852356, -60.3278274536], [-683.364196777, 471.134643555, 1.04439091682, 101.520866394, 304.386047363, 103.516448975, 353.182739258, 115.724868774, 131.3934021, 49.150680542, 84.9103775024, -19.3497562408, 52.7134437561], [56.1080169678, -87.9862518311, 285.259765625, 37.5554466248, 134.905456543, 225.656692505, 115.724868774, 267.860870361, 79.4167785645, 106.70514679, 8.97367477417, 80.0761032104, 10.1751298904], [-213.124679565, 275.802276611, -41.0428771973, 26.7133140564, 113.321891785, 62.1152572632, 131.3934021, 79.4167785645, 195.034729004, 39.9977836609, 99.1781539917, -5.47831106186, 62.3528442383], [243.243423462, -110.959892273, 220.19644165, 43.3105010986, 106.254127502, 165.59614563, 49.150680542, 106.70514679, 39.9977836609, 174.137771606, 23.014465332, 68.851776123, -33.5862045288], [-299.643432617, 269.989624023, -91.8772277832, 39.7964172363, 72.4302062988, 3.01169252396, 84.9103775024, 8.97367477417, 99.1781539917, 23.014465332, 157.310394287, 15.322719574, 65.3787307739], [166.186019897, -213.472290039, 162.503082275, 23.7830924988, 6.45307779312, 93.365852356, -19.3497562408, 80.0761032104, -5.47831106186, 68.851776123, 15.322719574, 146.668823242, 31.8328590393], [-377.677398682, 164.795227051, -139.521591187, -10.4396915436, 20.6445655823, -60.3278274536, 52.7134437561, 10.1751298904, 62.3528442383, -33.5862045288, 65.3787307739, 31.8328590393, 131.221282959]],
        "icov": [[0.000110450208012, -6.37974881101e-05, -0.000109877619252, -9.50157918851e-05, 0.000183987111086, 3.35439290211e-06, 0.000164623575984, 2.26537667913e-05, -0.000117999879876, -0.000151120621013, 0.000151043845108, -6.03038533882e-05, 0.000135101028718], [-6.37974881101e-05, 0.00199865503237, -0.000650614849292, 0.000803278759122, -0.0017305832589, 0.00104181852657, -0.00126834586263, 0.00101443508174, -0.000856715079863, 0.00135608331766, -0.00227905414067, 0.00199223845266, -0.000733040622436], [-0.000109877619252, -0.000650614849292, 0.00199599820189, -0.000987322302535, -0.000341809674865, -0.00114924879745, 0.00127224868629, -0.0013041999191, 0.000707070517819, -0.000409449596191, 0.00125194620341, -0.00136035680771, 0.000925472937524], [-9.50157918851e-05, 0.000803278759122, -0.000987322302535, 0.0028815199621, -0.000702896912117, -0.000206400436582, -0.0014629723737, 0.00152266176883, -0.000115419345093, 0.00108492432628, -0.00174530630466, 0.000844810565468, -0.000620323698968], [0.000183987111086, -0.0017305832589, -0.000341809674865, -0.000702896912117, 0.00537402834743, -0.000741364550777, -0.00186510465574, -0.000374753202777, 0.000656394287944, -0.00245494116098, 0.00179023446981, -0.00111895625014, 0.000314794597216], [3.35439290211e-06, 0.00104181852657, -0.00114924879745, -0.000206400436582, -0.000741364550777, 0.00497642764822, -0.00110085948836, -0.00127312436234, -0.00140299764462, -0.000264405825874, -0.00123960094061, 8.7038592028e-05, 0.00160385749768], [0.000164623575984, -0.00126834586263, 0.00127224868629, -0.0014629723737, -0.00186510465574, -0.00110085948836, 0.00854381360114, -0.00313746184111, -0.000464146578452, -0.00113477301784, 0.000735119276214, 0.00102669349872, -0.000783778785262], [2.26537667913e-05, 0.00101443508174, -0.0013041999191, 0.00152266176883, -0.000374753202777, -0.00127312436234, -0.00313746184111, 0.00965697783977, -0.00329892290756, -0.000644162646495, 0.00140473945066, -0.00188983720727, -0.00132789346389], [-0.000117999879876, -0.000856715079863, 0.000707070517819, -0.000115419345093, 0.000656394287944, -0.00140299764462, -0.000464146578452, -0.00329892290756, 0.0121661210433, -0.00274062366225, -0.00403377274051, 0.00380511512049, -0.00422292668372], [-0.000151120621013, 0.00135608331766, -0.000409449596191, 0.00108492432628, -0.00245494116098, -0.000264405825874, -0.00113477301784, -0.000644162646495, -0.00274062366225, 0.0135607412085, -0.00363959325477, -0.00447988323867, 0.00595672940835], [0.000151043845108, -0.00227905414067, 0.00125194620341, -0.00174530630466, 0.00179023446981, -0.00123960094061, 0.000735119276214, 0.00140473945066, -0.00403377274051, -0.00363959325477, 0.0148307457566, -0.00406958768144, -0.00218333932571], [-6.03038533882e-05, 0.00199223845266, -0.00136035680771, 0.000844810565468, -0.00111895625014, 8.7038592028e-05, 0.00102669349872, -0.00188983720727, 0.00380511512049, -0.00447988323867, -0.00406958768144, 0.0169733949006, -0.00914924498647], [0.000135101028718, -0.000733040622436, 0.000925472937524, -0.000620323698968, 0.000314794597216, 0.00160385749768, -0.000783778785262, -0.00132789346389, -0.00422292668372, 0.00595672940835, -0.00218333932571, -0.00914924498647, 0.0178090408444]]
    },
    "melbands": {
        "dmean": [0.000944919534959, 0.00126789265778, 0.00131734285969, 0.000979863572866, 0.000461260700831, 0.00027775412309, 0.000202118841116, 0.000181604627869, 0.000106848106952, 0.000129604304675, 7.05674319761e-05, 4.15989597968e-05, 3.39577054547e-05, 2.69093070528e-05, 2.27747059398e-05, 2.39945220528e-05, 1.68083297467e-05, 1.23855879792e-05, 1.16459741548e-05, 1.97468398255e-05, 1.61392308655e-05, 1.29449817905e-05, 8.52273751661e-06, 7.39925098969e-06, 7.25467953089e-06, 8.77572529134e-06, 6.76025274515e-06, 6.32217233942e-06, 5.43035730516e-06, 4.17293858845e-06, 3.75225158677e-06, 4.5707361096e-06, 6.24245194558e-06, 8.57577470015e-06, 7.9888250184e-06, 5.07020286022e-06, 3.11283110932e-06, 2.41642806031e-06, 2.13497378354e-06, 1.49879883793e-06],
        "dmean2": [0.00134800793603, 0.00200201151893, 0.0023517627269, 0.00166591210291, 0.0007528878632, 0.000448219303507, 0.000324825319694, 0.000290090218186, 0.00016707724717, 0.000197318731807, 0.00011065669969, 6.55799813103e-05, 5.42132802366e-05, 4.23094788857e-05, 3.64544866898e-05, 3.77614051104e-05, 2.71840217465e-05, 1.9815590349e-05, 1.91257113329e-05, 3.15336765198e-05, 2.71016415354e-05, 2.12236518564e-05, 1.40065330925e-05, 1.23603731481e-05, 1.16488181447e-05, 1.46598131323e-05, 1.11814997581e-05, 1.05581602838e-05, 8.91759009392e-06, 6.7223509177e-06, 6.06543653703e-06, 7.3799810707e-06, 1.02847470771e-05, 1.45174408317e-05, 1.34613837872e-05, 8.19505294203e-06, 5.17381567988e-06, 3.78739900952e-06, 3.40279848388e-06, 2.38780194195e-06],
        "dvar": [7.05849788574e-06, 1.83639058378e-05, 1.5829820768e-05, 6.20316450295e-06, 8.22838046588e-07, 3.77802422236e-07, 1.56125523176e-07, 1.30818932575e-07, 4.71072425512e-08, 1.08628462669e-07, 2.21394653721e-08, 8.70246275042e-09, 4.86893991791e-09, 5.32386978946e-09, 2.47555020927e-09, 5.89687765284e-09, 1.94208760185e-09, 1.47404433104e-09, 1.14812237495e-09, 3.23225535226e-09, 1.95648208745e-09, 7.35173033561e-10, 2.76825784518e-10, 2.44285480733e-10, 1.88107321386e-10, 4.54458554122e-10, 1.89517318505e-10, 1.68299083003e-10, 1.31872165965e-10, 7.43880998466e-11, 6.81588535612e-11, 1.16222392821e-10, 2.95377611259e-10, 7.08009928463e-10, 5.83677495225e-10, 1.67463126699e-10, 6.75295305785e-11, 3.84592392655e-11, 3.2234704489e-11, 1.64021903698e-11],
        "dvar2": [1.48757026182e-05, 4.41486954514e-05, 4.49709223176e-05, 1.71227948158e-05, 2.1268533601e-06, 8.01102771675e-07, 3.91033950109e-07, 3.26142526319e-07, 1.04706423087e-07, 2.46662324344e-07, 5.08428321666e-08, 1.93086400202e-08, 1.07309201525e-08, 1.26551169544e-08, 5.76346259606e-09, 1.28823511858e-08, 4.81006257047e-09, 3.19232240642e-09, 2.56317900238e-09, 6.511948758e-09, 5.007145365e-09, 1.78320080924e-09, 7.06568636932e-10, 6.66563360063e-10, 4.82284545633e-10, 1.23517518436e-09, 4.8532555752e-10, 4.50951442854e-10, 3.47924189459e-10, 1.90138502165e-10, 1.72353839534e-10, 2.89027357603e-10, 7.51218642847e-10, 1.88689464053e-09, 1.51679668825e-09, 4.16219392285e-10, 1.72933375953e-10, 8.65070653999e-11, 7.57327742185e-11, 3.93221843975e-11],
        "max": [0.0344863682985, 0.0434300303459, 0.0328283645213, 0.0279597006738, 0.0199501048774, 0.0355022475123, 0.00752483401448, 0.00620634760708, 0.00424818042666, 0.0116571607068, 0.00349927600473, 0.00206651655026, 0.00224794191308, 0.00195649499074, 0.00116722320672, 0.00184339133557, 0.00167451717425, 0.0017631589435, 0.00187536503654, 0.00179471005686, 0.00171148148365, 0.000408222811529, 0.000206954471651, 0.000202442577574, 0.000218253378989, 0.000309495982947, 0.000296190526569, 0.000130532542244, 0.000146232749103, 9.30224123294e-05, 9.70562978182e-05, 0.000108783380711, 0.000184774893569, 0.000246826239163, 0.000280945881968, 0.00011468683806, 8.71181036928e-05, 7.20862226444e-05, 7.05093989382e-05, 4.92360268254e-05],
        "mean": [0.0015358813107, 0.0013237997191, 0.00114894425496, 0.00100521766581, 0.000599934952334, 0.000405801052693, 0.000273288256722, 0.000218963396037, 0.000153654444148, 0.00021032388031, 0.000106638675788, 5.81173080718e-05, 4.65239354526e-05, 3.51884700649e-05, 3.02719909087e-05, 3.1545299862e-05, 2.11106926145e-05, 1.55542838911e-05, 1.42096696436e-05, 2.44263119384e-05, 1.66026911756e-05, 1.488637281e-05, 9.84359212453e-06, 8.30018962006e-06, 8.85434292286e-06, 9.01460498426e-06, 7.22445975043e-06, 6.33372428638e-06, 5.26579879079e-06, 4.16147076976e-06, 3.5070438571e-06, 3.97163557864e-06, 4.93231209475e-06, 6.3873549152e-06, 6.02917270953e-06, 4.20248079536e-06, 2.49556842391e-06, 2.1666869543e-06, 1.86011993719e-06, 1.3150408904e-06],
        "median": [1.07774048956e-05, 4.61962517875e-05, 0.000100239885796, 0.000209992635064, 0.000225824755034, 0.000177596084541, 0.000121042008686, 8.11904028524e-05, 4.47820602858e-05, 5.12504338985e-05, 3.24384818668e-05, 1.73461048689e-05, 1.65179117175e-05, 1.08802350951e-05, 8.71200245456e-06, 7.2406955951e-06, 6.77179559716e-06, 5.82337588639e-06, 4.38218057752e-06, 6.82447807776e-06, 5.00904752698e-06, 5.19827062817e-06, 3.59906516678e-06, 3.1554745874e-06, 3.28203350364e-06, 2.76838591162e-06, 2.24173345487e-06, 1.59494481977e-06, 1.163073307e-06, 8.8134811449e-07, 5.87296540289e-07, 4.46820422439e-07, 3.285909429e-07, 2.6161507094e-07, 2.01156495905e-07, 1.45513013194e-07, 1.0494164826e-07, 7.35199421342e-08, 6.00591150146e-08, 3.70940398398e-08],
        "min": [2.79967287466e-24, 1.72148421624e-24, 1.30039026503e-24, 3.03519853918e-24, 2.82021915136e-24, 4.53228712941e-24, 4.10931845026e-24, 6.44001193904e-24, 9.77409626735e-24, 7.13294893591e-24, 5.00852048574e-24, 5.06705869807e-24, 6.17677576028e-24, 1.09935513757e-23, 6.19268590145e-24, 7.6555716522e-24, 4.1321149527e-24, 5.04637792058e-24, 8.6805599256e-24, 8.19009039094e-24, 9.62015795031e-24, 6.47910196905e-24, 7.99462249154e-24, 9.77420513016e-24, 8.50763688201e-24, 4.05861402115e-24, 4.08800579518e-24, 6.98295965655e-24, 6.11991782168e-24, 7.88041752057e-24, 7.07684041516e-24, 9.43656635184e-24, 6.49766268285e-24, 8.25417035113e-24, 6.64761409688e-24, 7.88166786511e-24, 8.72783635965e-24, 8.41091385756e-24, 6.32058944204e-24, 7.64743770741e-24],
        "var": [1.3948083506e-05, 1.74678662006e-05, 1.06662628241e-05, 5.48505659026e-06, 1.04672710677e-06, 6.64666401917e-07, 1.9440476251e-07, 1.53038683948e-07, 8.28858048862e-08, 2.40571893073e-07, 3.96828347959e-08, 1.49328460708e-08, 8.70957794774e-09, 6.78531852927e-09, 3.65438412864e-09, 9.14069264724e-09, 2.42282105489e-09, 1.8803234525e-09, 1.6803172187e-09, 6.67274013821e-09, 1.8036016014e-09, 8.33862423555e-10, 3.0369420867e-10, 2.15546830384e-10, 2.12906053898e-10, 3.64018343246e-10, 1.93805624327e-10, 1.45913670035e-10, 1.13780262989e-10, 6.93570478827e-11, 6.21812185075e-11, 1.04022873648e-10, 2.40418546182e-10, 5.23225296423e-10, 4.54177223608e-10, 1.50658360787e-10, 5.58550393437e-11, 4.03822461581e-11, 3.18717691128e-11, 1.593862195e-11]
    },
    "mfcc": {
        "mean": [-685.968200684, 117.040550232, -8.35318851471, 20.2749786377, -9.9846200943, -6.74846363068, -9.74649620056, -2.50585508347, -7.55931997299, -2.74127411842, -7.0613079071, -3.75732088089, -3.44334435463],
        "cov": [[10498.8857422, -722.407287598, 1196.19311523, 266.689788818, 133.112594604, 109.90511322, -286.491027832, -111.96572876, -173.682571411, -4.14774370193, -108.873893738, 21.9391937256, 46.1338500977], [-722.407287598, 1843.19750977, -339.491973877, 255.954269409, 143.921112061, 66.5826339722, 209.454589844, 70.5230789185, 112.271965027, 148.633529663, 105.119499207, 82.5357513428, 42.3531570435], [1196.19311523, -339.491973877, 1045.3112793, 98.1860961914, 328.749176025, 239.833724976, 131.859649658, 154.401351929, 93.1864852905, 61.0843162537, 87.6871414185, 67.2415771484, 63.4077377319], [266.689788818, 255.954269409, 98.1860961914, 506.514862061, 107.284492493, 145.474380493, 130.242721558, 47.6577987671, 40.9510154724, 32.1847229004, 25.6809616089, 42.5205345154, 19.1475467682], [133.112594604, 143.921112061, 328.749176025, 107.284492493, 341.45111084, 196.510040283, 166.013595581, 122.254272461, 108.926422119, 81.0046920776, 100.348495483, 77.5900192261, 67.8491821289], [109.90511322, 66.5826339722, 239.833724976, 145.474380493, 196.510040283, 318.710876465, 189.911499023, 106.933937073, 95.2960891724, 89.9173583984, 116.24861908, 90.4328155518, 63.8359413147], [-286.491027832, 209.454589844, 131.859649658, 130.242721558, 166.013595581, 189.911499023, 262.242462158, 139.926956177, 121.920333862, 97.8520278931, 103.779701233, 74.781791687, 65.9386901855], [-111.96572876, 70.5230789185, 154.401351929, 47.6577987671, 122.254272461, 106.933937073, 139.926956177, 190.560928345, 130.527404785, 84.4717559814, 71.1671981812, 54.6749725342, 59.3945884705], [-173.682571411, 112.271965027, 93.1864852905, 40.9510154724, 108.926422119, 95.2960891724, 121.920333862, 130.527404785, 167.216171265, 107.547927856, 77.3466644287, 43.2576980591, 45.1214408875], [-4.14774370193, 148.633529663, 61.0843162537, 32.1847229004, 81.0046920776, 89.9173583984, 97.8520278931, 84.4717559814, 107.547927856, 154.404342651, 97.9247741699, 58.1399269104, 38.9531059265], [-108.873893738, 105.119499207, 87.6871414185, 25.6809616089, 100.348495483, 116.24861908, 103.779701233, 71.1671981812, 77.3466644287, 97.9247741699, 147.72265625, 91.1879119873, 48.0223846436], [21.9391937256, 82.5357513428, 67.2415771484, 42.5205345154, 77.5900192261, 90.4328155518, 74.781791687, 54.6749725342, 43.2576980591, 58.1399269104, 91.1879119873, 120.999641418, 71.3086013794], [46.1338500977, 42.3531570435, 63.4077377319, 19.1475467682, 67.8491821289, 63.8359413147, 65.9386901855, 59.3945884705, 45.1214408875, 38.9531059265, 48.0223846436, 71.3086013794, 110.070838928]],
