{
"lowlevel": {
    "average_loudness": 0.878600895405,
    "barkbands_crest": {
        "dmean": 2.1419467926,
        "dmean2": 3.37180137634,
        "dvar": 4.70239162445,
        "dvar2": 11.4837179184,
        "max": 23.8673419952,
        "mean": 11.2261791229,
        "median": 10.5582752228,
        "min": 2.6915473938,
        "var": 17.1259422302
    },
    "barkbands_flatness_db": {
        "dmean": 0.0309454798698,
        "dmean2": 0.0430230461061,
        "dvar": 0.00129538890906,
        "dvar2": 0.00252848304808,
        "max": 0.539075314999,
        "mean": 0.249100625515,
        "median": 0.225054889917,
        "min": 0.0366088375449,
        "var": 0.0128530384973
    },
    "barkbands_kurtosis": {
        "dmean": 4.62988138199,
        "dmean2": 7.16080904007,
        "dvar": 62.8973999023,
        "dvar2": 138.968032837,
        "max": 205.567504883,
        "mean": 8.48779964447,
        "median": 4.68809223175,
        "min": -1.90527272224,
        "var": 157.636245728
    },
    "barkbands_skewness": {
        "dmean": 0.611233472824,
        "dmean2": 0.92855733633,
        "dvar": 0.451154738665,
        "dvar2": 0.993138611317,
        "max": 10.6058607101,
        "mean": 2.01571249962,
        "median": 1.88889098167,
        "min": -2.54489541054,
        "var": 1.73660409451
    },
    "barkbands_spread": {
        "dmean": 3.98305583,
        "dmean2": 5.9899430275,
        "dvar": 32.3604049683,
        "dvar2": 66.8278656006,
        "max": 116.880584717,
        "mean": 14.5091543198,
        "median": 9.81884002686,
        "min": 0.362489253283,
        "var": 182.114944458
    },
    "dissonance": {
        "dmean": 0.0249621011317,
        "dmean2": 0.0406984202564,
        "dvar": 0.000761146249715,
        "dvar2": 0.00205756584182,
        "max": 0.500000178814,
        "mean": 0.440908104181,
        "median": 0.456604748964,
        "min": 0,
        "var": 0.00247071729973
    },
    "dynamic_complexity": 4.36499118805,
    "erbbands_crest": {
        "dmean": 2.26342368126,
        "dmean2": 3.64237689972,
        "dvar": 4.863966465,
        "dvar2": 11.4843358994,
        "max": 28.4228858948,
        "mean": 8.84651565552,
        "median": 8.06898117065,
        "min": 2.12280797958,
        "var": 13.4937114716
    },
    "erbbands_flatness_db": {
        "dmean": 0.0197238456458,
        "dmean2": 0.0281988959759,
        "dvar": 0.000440824311227,
        "dvar2": 0.000812512531411,
        "max": 0.448361098766,
        "mean": 0.225839108229,
        "median": 0.216298639774,
        "min": 0.0265164058656,
        "var": 0.00356298475526
    },
    "erbbands_kurtosis": {
        "dmean": 1.35277700424,
        "dmean2": 2.08337688446,
        "dvar": 6.13549757004,
        "dvar2": 13.1891136169,
        "max": 60.4983215332,
        "mean": 1.22629487514,
        "median": 0.0788958072662,
        "min": -1.85016989708,
        "var": 13.9774503708
    },
    "erbbands_skewness": {
        "dmean": 0.416768103838,
        "dmean2": 0.632261037827,
        "dvar": 0.187641769648,
        "dvar2": 0.404713362455,
        "max": 6.61817932129,
        "mean": 0.404653787613,
        "median": 0.312841594219,
        "min": -2.93483114243,
        "var": 1.13973104954
    },
    "erbbands_spread": {
        "dmean": 6.66689348221,
        "dmean2": 10.0310306549,
        "dvar": 57.2712440491,
        "dvar2": 124.968322754,
        "max": 131.891937256,
        "mean": 30.6845359802,
        "median": 30.4338054657,
        "min": 1.79248082638,
        "var": 256.493988037
    },
    "hfc": {
        "dmean": 4.61541604996,
        "dmean2": 6.65027761459,
        "dvar": 50.5072288513,
        "dvar2": 104.939407349,
        "max": 155.883834839,
        "mean": 14.1907701492,
        "median": 8.02641773224,
        "min": 1.09195570033e-16,
        "var": 253.713424683
    },
    "melbands_crest": {
        "dmean": 2.55713868141,
        "dmean2": 4.09092569351,
        "dvar": 7.5832695961,
        "dvar2": 18.7873649597,
        "max": 34.3708190918,
        "mean": 15.60064888,
        "median": 15.3455476761,
        "min": 1.00026798248,
        "var": 22.2946910858
    },
    "melbands_flatness_db": {
        "dmean": 0.0384274609387,
        "dmean2": 0.0530465021729,
        "dvar": 0.0020683540497,
        "dvar2": 0.00400456227362,
        "max": 0.706167221069,
        "mean": 0.347008407116,
        "median": 0.319148331881,
        "min": 1.1648695164e-07,
        "var": 0.0226917229593
    },
    "melbands_kurtosis": {
        "dmean": 8.20572662354,
        "dmean2": 12.7188568115,
        "dvar": 163.400512695,
        "dvar2": 365.814941406,
        "max": 328.001922607,
        "mean": 18.0242214203,
        "median": 12.4944076538,
        "min": -1.71166062355,
        "var": 396.792388916
    },
    "melbands_skewness": {
        "dmean": 0.71470874548,
        "dmean2": 1.08482694626,
        "dvar": 0.597980678082,
        "dvar2": 1.34102749825,
        "max": 13.6553764343,
        "mean": 3.03292632103,
        "median": 2.906457901,
        "min": -0.554840326309,
        "var": 2.02515649796
    },
    "melbands_spread": {
        "dmean": 4.63516426086,
        "dmean2": 7.11412382126,
        "dvar": 59.7996940613,
        "dvar2": 137.955856323,
        "max": 200.194198608,
        "mean": 14.8859243393,
        "median": 8.3756275177,
        "min": 0.374284178019,
        "var": 345.241027832
    },
    "pitch_salience": {
        "dmean": 0.0697319731116,
        "dmean2": 0.111517414451,
        "dvar": 0.00426859594882,
        "dvar2": 0.0105071570724,
        "max": 0.997747004032,
        "mean": 0.528120815754,
        "median": 0.53534090519,
        "min": 0.136303260922,
        "var": 0.0124824009836
    },
    "silence_rate_20dB": {
        "dmean": 0,
        "dmean2": 0,
        "dvar": 0,
        "dvar2": 0,
        "max": 1,
        "mean": 1,
        "median": 1,
        "min": 1,
        "var": 0
    },
    "silence_rate_30dB": {
        "dmean": 0.0112956250086,
        "dmean2": 0.0225931555033,
        "dvar": 0.01116837468,
        "dvar2": 0.0278149526566,
        "max": 1,
        "mean": 0.987441003323,
        "median": 1,
        "min": 0,
        "var": 0.0124018145725
    },
    "silence_rate_60dB": {
        "dmean": 0.0300092734396,
        "dmean2": 0.0600236058235,
        "dvar": 0.0291116964072,
        "dvar2": 0.0631631314754,
        "max": 1,
        "mean": 0.110670939088,
        "median": 0,
        "min": 0,
        "var": 0.0984212234616
    },
    "spectral_centroid": {
        "dmean": 214.019592285,
        "dmean2": 321.383300781,
        "dvar": 102445.109375,
        "dvar2": 212150.578125,
        "max": 11490.7236328,
        "mean": 986.527160645,
        "median": 726.37902832,
        "min": 111.788787842,
        "var": 707836.75
    },
    "spectral_complexity": {
        "dmean": 3.29360198975,
        "dmean2": 4.93508672714,
        "dvar": 16.0872135162,
        "dvar2": 34.8985900879,
        "max": 56,
        "mean": 15.8877277374,
        "median": 12,
        "min": 0,
        "var": 154.783004761
    },
    "spectral_decrease": {
        "dmean": 2.38114816753e-09,
        "dmean2": 3.47020701064e-09,
        "dvar": 1.14898298759e-17,
        "dvar2": 2.34469638584e-17,
        "max": 1.9362288091e-18,
        "mean": -8.5143598838e-09,
        "median": -7.91685828005e-09,
        "min": -6.10568449133e-08,
        "var": 4.3052633301e-17
    },
    "spectral_energy": {
        "dmean": 0.00929510500282,
        "dmean2": 0.013513318263,
        "dvar": 0.000171266554389,
        "dvar2": 0.000349449081114,
        "max": 0.232592895627,
        "mean": 0.0334223769605,
        "median": 0.0310641359538,
        "min": 1.0443196431e-20,
        "var": 0.000656046555378
    },
    "spectral_energyband_high": {
        "dmean": 0.000149707921082,
        "dmean2": 0.000225164112635,
        "dvar": 2.78325018144e-07,
        "dvar2": 6.14202519955e-07,
        "max": 0.0158401057124,
        "mean": 0.00028099087649,
        "median": 2.49646254815e-05,
        "min": 7.69348893949e-21,
        "var": 4.43644864845e-07
    },
    "spectral_energyband_low": {
        "dmean": 0.00590515276417,
        "dmean2": 0.00865100044757,
        "dvar": 9.88434767351e-05,
        "dvar2": 0.000194779073354,
        "max": 0.189926967025,
        "mean": 0.0194852780551,
        "median": 0.0166840553284,
        "min": 2.65801096879e-23,
        "var": 0.00035478247446
    },
    "spectral_energyband_middle_high": {
        "dmean": 0.00149204733316,
        "dmean2": 0.00217578164302,
        "dvar": 6.78672859067e-06,
        "dvar2": 1.43443721754e-05,
        "max": 0.0660342723131,
        "mean": 0.00409095175564,
        "median": 0.00129301007837,
        "min": 1.28338687625e-21,
        "var": 3.35886506946e-05
    },
    "spectral_energyband_middle_low": {
        "dmean": 0.00455919513479,
        "dmean2": 0.0071338401176,
        "dvar": 4.86065291625e-05,
        "dvar2": 0.00011543630535,
        "max": 0.089816108346,
        "mean": 0.0111111812294,
        "median": 0.00869684293866,
        "min": 2.28881239001e-22,
        "var": 0.000104029932118
    },
    "spectral_entropy": {
        "dmean": 0.256580471992,
        "dmean2": 0.361047893763,
        "dvar": 0.0868687108159,
        "dvar2": 0.168575495481,
        "max": 9.80717658997,
        "mean": 6.69114637375,
        "median": 6.79206705093,
        "min": 3.90162229538,
        "var": 0.760216116905
    },
    "spectral_flux": {
        "dmean": 0.0255994703621,
        "dmean2": 0.0389986857772,
        "dvar": 0.000979861943051,
        "dvar2": 0.0022138254717,
        "max": 0.376994729042,
        "mean": 0.068322494626,
        "median": 0.0636227279902,
        "min": 6.4255933907e-11,
        "var": 0.00203581899405
    },
    "spectral_kurtosis": {
        "dmean": 11.3950901031,
        "dmean2": 18.276222229,
        "dvar": 329.41607666,
        "dvar2": 745.881225586,
        "max": 275.644714355,
        "mean": 23.4338912964,
        "median": 8.17550086975,
        "min": -1.23715674877,
        "var": 1163.79846191
    },
    "spectral_rms": {
        "dmean": 0.000778363028076,
        "dmean2": 0.00111857382581,
        "dvar": 9.82481765277e-07,
        "dvar2": 1.94084896066e-06,
        "max": 0.0150638604537,
        "mean": 0.00516909593716,
        "median": 0.00550513155758,
        "min": 3.19194041858e-12,
        "var": 5.88761895415e-06
    },
    "spectral_rolloff": {
        "dmean": 287.913330078,
        "dmean2": 482.615325928,
        "dvar": 290725.8125,
        "dvar2": 627545.375,
        "max": 19272.2167969,
        "mean": 984.621520996,
        "median": 366.064453125,
        "min": 43.06640625,
        "var": 3643603
    },
    "spectral_skewness": {
        "dmean": 0.792450785637,
        "dmean2": 1.25003945827,
        "dvar": 0.942934989929,
        "dvar2": 2.14035797119,
        "max": 13.3400859833,
        "mean": 2.71431875229,
        "median": 1.8062568903,
        "min": -0.386146038771,
        "var": 5.22559785843
    },
    "spectral_spread": {
        "dmean": 336195.09375,
        "dmean2": 528777.1875,
        "dvar": 351311986688,
        "dvar2": 870983925760,
        "max": 41912200,
        "mean": 2435247,
        "median": 2439765,
        "min": 356972.875,
        "var": 2.74815280742e+12
    },
    "spectral_strongpeak": {
        "dmean": 0.208128228784,
        "dmean2": 0.364582061768,
        "dvar": 0.194019645452,
        "dvar2": 0.494536548853,
        "max": 8.37009429932,
        "mean": 0.390455186367,
        "median": 0.223943859339,
        "min": 0,
        "var": 0.262319356203
    },
    "zerocrossingrate": {
        "dmean": 0.00583299156278,
        "dmean2": 0.0068580834195,
        "dvar": 7.05973798176e-05,
        "dvar2": 8.38825653773e-05,
        "max": 0.88525390625,
        "mean": 0.0369442142546,
        "median": 0.02587890625,
        "min": 0.001953125,
        "var": 0.00381277734414
    },
    "barkbands": {
        "dmean": [0.000686685089022, 0.00366482138634, 0.00196778494865, 0.00186857150402, 0.00187776144594, 0.00126875936985, 0.00044564215932, 0.000405883067288, 0.000281312240986, 0.00028750882484, 0.000184863252798, 0.000147367376485, 0.000236286243307, 0.000247319607297, 0.00023918588704, 0.000280620297417, 0.00036499282578, 0.000234743856709, 0.000155813599122, 0.000151043030201, 6.72320602462e-05, 2.66091155936e-05, 1.65535620908e-05, 3.84805161957e-06, 2.65165408564e-06, 5.16651596172e-07, 4.12890877044e-08],
        "dmean2": [0.00113859132398, 0.00531165953726, 0.00296086282469, 0.00305867590941, 0.0030550386291, 0.00203657872044, 0.00069726962829, 0.000628699723165, 0.000448222795967, 0.000417152710725, 0.000279358733678, 0.000231314072153, 0.000361175800208, 0.000400290678954, 0.000381228688639, 0.000450345571153, 0.00057096616365, 0.000366482650861, 0.000246649724431, 0.00023414765019, 0.000105062114017, 3.94073540519e-05, 2.59193820966e-05, 5.92502783547e-06, 4.01749366574e-06, 8.06992204616e-07, 7.06838818587e-08],
        "dvar": [3.29204499394e-06, 4.54543769592e-05, 9.73513397184e-06, 1.2310861166e-05, 8.4449266069e-06, 6.06817229709e-06, 1.13412750125e-06, 9.9997430425e-07, 9.79569335868e-07, 4.81092740756e-07, 3.33607715675e-07, 1.80971682084e-07, 4.56943780591e-07, 4.00540585588e-07, 2.65945999445e-07, 3.45575699612e-07, 5.78792196393e-07, 3.37571265163e-07, 1.37019213753e-07, 1.07815829153e-07, 8.43712726351e-08, 9.06695607483e-09, 2.56626080386e-08, 5.36636235449e-10, 1.70801622845e-10, 1.03055567552e-11, 8.52752249239e-14],
        "dvar2": [8.13401402411e-06, 9.37685908866e-05, 2.13290604734e-05, 3.08612579829e-05, 2.1226303943e-05, 1.51588110384e-05, 2.72151419267e-06, 2.1629487037e-06, 2.19377238864e-06, 8.92331001978e-07, 6.33520073734e-07, 3.88958056874e-07, 1.04558785097e-06, 1.01114733297e-06, 6.54459142879e-07, 8.3003084228e-07, 1.32635568661e-06, 7.71987572534e-07, 3.4770602042e-07, 2.42384686544e-07, 1.94927196162e-07, 1.86679596226e-08, 6.344475878e-08, 1.28684596312e-09, 4.05944444726e-10, 2.45219747286e-11, 2.1156698355e-13],
        "max": [0.03529971838, 0.126266971231, 0.0585666000843, 0.0518941655755, 0.0420710518956, 0.0452930927277, 0.0288656819612, 0.0269694235176, 0.0381773747504, 0.0221013240516, 0.0313332229853, 0.0118416482583, 0.0241968426853, 0.0128753492609, 0.012292617932, 0.0124081680551, 0.0222051925957, 0.0111422529444, 0.011866482906, 0.00693156849593, 0.00709533132613, 0.00293150474317, 0.00988691858947, 0.00102551328018, 0.00046030752128, 0.000109919674287, 9.11478855414e-06],
        "mean": [0.00114216306247, 0.0115788578987, 0.00534704979509, 0.00312602263875, 0.00357367307879, 0.00206842832267, 0.000896968180314, 0.000742931093555, 0.000458817114122, 0.000624136591796, 0.000307339651044, 0.000233193524764, 0.000354753050487, 0.000341921113431, 0.000411069719121, 0.000467260775622, 0.000636760320049, 0.000389718043152, 0.000270635646302, 0.000259695749264, 0.000110153770947, 5.21416659467e-05, 1.89053025679e-05, 5.65868504054e-06, 3.47081686414e-06, 6.01150304647e-07, 3.69140984446e-08],
        "median": [0.000485911616124, 0.00941065698862, 0.00413295067847, 0.00153667002451, 0.00222021178342, 0.000819891633, 0.000356254517101, 0.00027455991949, 0.000169344988535, 0.000139125419082, 7.39061069908e-05, 4.19477655669e-05, 4.38490751549e-05, 5.79709412705e-05, 4.82535433548e-05, 6.84657279635e-05, 9.46454019868e-05, 5.14009079779e-05, 4.40750736743e-05, 2.348070484e-05, 6.52748440189e-06, 2.02158935281e-06, 6.83413986735e-07, 4.21425198738e-07, 1.28331663518e-07, 4.97325274296e-08, 4.34505764701e-09],
        "min": [7.82966290018e-25, 8.43404404816e-24, 6.35485755976e-24, 2.55245412215e-24, 1.59357649469e-23, 1.51372830941e-23, 8.13827406238e-24, 1.67594572165e-23, 1.83322628458e-23, 2.38847597237e-23, 2.01371229544e-23, 4.41203277859e-23, 3.29142493937e-23, 2.62482769258e-23, 4.91232205379e-23, 8.48676441132e-23, 1.04161067708e-22, 1.55545952461e-22, 1.55636046687e-22, 1.58121905172e-22, 2.81774072395e-22, 3.06058063579e-22, 4.69604479257e-22, 7.70187090847e-22, 1.11020815337e-21, 1.55867413911e-21, 2.15842804595e-21],
        "var": [4.54197424915e-06, 0.000157206028234, 3.16798068525e-05, 1.97917652258e-05, 1.64031262102e-05, 1.20430722745e-05, 2.47590833169e-06, 2.19397384171e-06, 1.53210601184e-06, 1.51763174472e-06, 7.88466536505e-07, 3.53234156591e-07, 7.32686260108e-07, 5.95774224621e-07, 6.11883422152e-07, 7.91063314409e-07, 1.26692452795e-06, 7.54995596708e-07, 2.77241014146e-07, 2.68457284847e-07, 1.03489028902e-07, 1.79202963579e-08, 2.16410676046e-08, 5.80870351818e-10, 1.9517751304e-10, 1.06156021473e-11, 7.06862140435e-14]
    },
    "erbbands": {
        "dmean": [0.12248429656, 0.812273263931, 2.15786075592, 4.31057024002, 6.35816669464, 6.24536943436, 9.01044368744, 10.3360185623, 7.13837385178, 7.22400808334, 8.00760269165, 7.31237363815, 7.95180463791, 7.70293807983, 7.57177829742, 7.08756923676, 11.0428171158, 13.2368364334, 10.7945680618, 13.7315063477, 16.8762817383, 16.760427475, 11.563249588, 11.8292732239, 7.65805959702, 8.61215782166, 2.9489774704, 2.2630739212, 1.09570026398, 0.545107781887, 0.52180314064, 0.156969323754, 0.0615336410701, 0.0399177670479, 0.0121886981651, 0.00244123977609, 0.0009557963931, 0.000193471743842, 9.23959851207e-06, 1.05229000837e-05],
        "dmean2": [0.18745405972, 1.15599286556, 3.17242360115, 6.97957420349, 10.3445558548, 10.1025600433, 14.0414676666, 17.0178928375, 11.2360439301, 11.4472417831, 12.2969608307, 11.5248670578, 11.8776016235, 11.1748819351, 11.4888381958, 10.9154644012, 16.7232265472, 21.2450370789, 17.0061168671, 22.023859024, 26.6037960052, 26.4469623566, 18.5457057953, 18.080915451, 11.8784770966, 13.3148050308, 4.65111398697, 3.45882630348, 1.6456438303, 0.819527983665, 0.825192272663, 0.240290030837, 0.0952648371458, 0.0606882832944, 0.0189386717975, 0.00384495360777, 0.00152568949852, 0.000311409326969, 1.40732445288e-05, 1.52194897964e-05],
        "dvar": [0.0608030296862, 2.01122403145, 12.1672773361, 53.948638916, 116.541938782, 112.916717529, 308.014892578, 482.366760254, 256.710388184, 372.165222168, 420.505126953, 783.011779785, 573.509460449, 319.513549805, 433.284973145, 439.668914795, 944.170776367, 1207.31054688, 662.781860352, 940.253479004, 1338.88806152, 1173.19641113, 535.605773926, 1161.39477539, 289.865722656, 398.674499512, 70.2083053589, 128.709091187, 15.0749101639, 6.9091501236, 34.1718482971, 1.03612411022, 0.257121652365, 0.0508446246386, 0.00270988978446, 0.000203739313292, 3.41018821928e-05, 1.56461533152e-06, 1.64079883014e-09, 2.11629005986e-10],
        "dvar2": [0.142301142216, 4.07813453674, 24.965045929, 137.55418396, 295.105163574, 284.198486328, 662.557250977, 1279.36193848, 618.414306641, 894.636230469, 848.439331055, 1788.58776855, 1107.00390625, 602.188232422, 893.816955566, 903.590209961, 2081.22558594, 3016.3449707, 1644.51257324, 2287.84130859, 3118.02148438, 2714.77197266, 1342.32763672, 2707.40966797, 697.500488281, 887.618469238, 165.117858887, 297.234130859, 31.5842113495, 14.699511528, 85.6784362793, 2.41450452805, 0.648046314716, 0.122941762209, 0.00628240359947, 0.000470497063361, 8.3175029431e-05, 3.7571185203e-06, 3.72856945319e-09, 4.29636520805e-10],
        "max": [4.92598485947, 26.8936519623, 65.2926712036, 109.270523071, 150.748168945, 183.069793701, 339.245147705, 422.362823486, 417.722290039, 522.397216797, 518.231628418, 1130.00891113, 844.894348145, 400.361236572, 1022.93249512, 611.127624512, 1185.2677002, 625.312072754, 804.143676758, 595.590881348, 1056.18798828, 733.260559082, 435.561065674, 770.163574219, 407.435241699, 467.124267578, 169.350967407, 294.369750977, 118.607330322, 111.384864807, 362.155273438, 55.7477340698, 25.3089294434, 9.08395671844, 1.37844991684, 0.48367574811, 0.161349609494, 0.0461088567972, 0.00167468818836, 0.000251817225944],
        "mean": [0.367968827486, 2.42802977562, 6.50412273407, 8.28549098969, 11.0845727921, 11.6587867737, 16.0726203918, 15.6390008926, 13.949256897, 14.6427555084, 14.3330411911, 12.4578151703, 14.9522571564, 16.831785202, 13.6006803513, 12.4387722015, 17.5947170258, 18.841884613, 18.4809341431, 22.7494525909, 29.9640922546, 30.3338565826, 20.2049694061, 20.4353866577, 13.7678384781, 14.7356929779, 5.59825134277, 3.46874332428, 2.04217243195, 0.934676647186, 0.562539160252, 0.196767389774, 0.0856310501695, 0.05050124228, 0.0170158781111, 0.0032924474217, 0.00104954256676, 0.000194549575099, 2.20610254473e-05, 3.81400714105e-05],
        "median": [0.284550338984, 1.84497320652, 5.25238800049, 5.61288499832, 6.44279718399, 6.75844860077, 6.15122032166, 6.44763660431, 5.7898850441, 6.68563652039, 4.49922275543, 4.98584651947, 3.85300111771, 4.21528244019, 3.72562646866, 2.51109075546, 2.66806006432, 3.26583242416, 2.73853731155, 3.47500991821, 4.61119890213, 4.71265459061, 3.98237037659, 2.54462766647, 1.91209590435, 1.17889130116, 0.424481332302, 0.215676143765, 0.0858978778124, 0.0277271363884, 0.0191943924874, 0.0131837232038, 0.00496758520603, 0.00194908713456, 0.000711715780199, 0.000254726677667, 9.39160236157e-05, 2.02649316634e-05, 1.65348665178e-05, 3.503687185e-05],
        "min": [2.89774384151e-22, 1.12833130497e-21, 6.07628985354e-21, 1.55572769188e-20, 1.37545498648e-20, 3.80989858178e-20, 1.05935786741e-19, 1.5411607828e-19, 2.05689652099e-19, 3.71595664896e-19, 4.96080427574e-19, 4.33850906309e-19, 1.2765517536e-18, 1.47611052394e-18, 1.41497743058e-18, 2.17445703231e-18, 2.27286877774e-18, 1.94138958894e-18, 2.46726490708e-18, 3.76032170564e-18, 5.64206909087e-18, 6.81166690825e-18, 8.47088864664e-18, 7.58699487693e-18, 1.04915527439e-17, 8.16508245572e-18, 1.02223219982e-17, 9.34697465855e-18, 1.22964798657e-17, 1.65626804185e-17, 1.22340310382e-17, 1.60019710772e-17, 1.30866615166e-17, 9.13314516148e-18, 7.6815904246e-18, 5.43380031547e-18, 2.94059585156e-18, 1.27248037062e-18, 2.97250765241e-19, 2.676432537e-20],
        "var": [0.16478741169, 7.34529352188, 43.6389694214, 88.5080566406, 187.379608154, 209.508392334, 927.811096191, 731.927490234, 543.507080078, 746.801086426, 991.576782227, 1089.02258301, 1449.34924316, 1047.33532715, 1040.63635254, 936.181274414, 1679.23059082, 1762.01464844, 1344.04296875, 1799.27905273, 3232.2565918, 2728.5847168, 1152.66040039, 2431.60058594, 707.539367676, 986.86151123, 133.664627075, 142.835220337, 28.1240825653, 9.90711402893, 27.4513874054, 1.06388747692, 0.228337094188, 0.0526841655374, 0.003776460886, 0.000242310445174, 3.352627391e-05, 1.44783132328e-06, 1.88301640947e-09, 8.50917836193e-10]
    },
    "gfcc": {
        "mean": [-113.984893799, 174.323272705, -111.906478882, 36.4732246399, -25.4579944611, -9.51129245758, -21.8779315948, 1.40378439426, -12.2314195633, -7.89121484756, -6.25085353851, -7.31381750107, -2.71621155739],
        "cov": [[30678.0117188, -978.579284668, -5567.43261719, 2836.57861328, -1518.921875, 385.635498047, -163.601699829, 124.133682251, -157.530075073, 206.10345459, -76.619934082, -142.031036377, 363.577606201], [-978.579284668, 2679.56591797, 1128.03930664, -706.791137695, 778.397033691, -409.013122559, 224.592193604, -113.120681763, 127.266586304, -199.159042358, 144.717025757, -126.552391052, 9.6355381012], [-5567.43261719, 1128.03930664, 2096.05761719, -684.774108887, 531.173461914, -28.9336891174, 47.713848114, -35.0326843262, 135.417877197, -82.0024871826, 61.5724105835, 12.1588001251, -131.098648071], [2836.57861328, -706.791137695, -684.774108887, 755.246643066, -217.724334717, 139.130081177, 25.3626289368, 30.1855297089, 16.0527172089, 52.0077133179, -9.82184123993, 4.87037420273, 64.7596206665], [-1518.921875, 778.397033691, 531.173461914, -217.724334717, 536.414367676, -65.3355560303, 163.47517395, 17.6974086761, 58.0888442993, -31.6167030334, 62.9381599426, -29.6422138214, 2.3661468029], [385.635498047, -409.013122559, -28.9336891174, 139.130081177, -65.3355560303, 337.99987793, 19.5910110474, 51.3205757141, 26.7293968201, 50.8958625793, 8.74796104431, 25.7947311401, -29.0786476135], [-163.601699829, 224.592193604, 47.713848114, 25.3626289368, 163.47517395, 19.5910110474, 282.114318848, 67.7309951782, 36.0370864868, 14.4208059311, 23.7368831635, -8.65923595428, 20.4018287659], [124.133682251, -113.120681763, -35.0326843262, 30.1855297089, 17.6974086761, 51.3205757141, 67.7309951782, 133.298553467, 23.2348213196, 42.2410888672, -3.43980193138, 10.2666969299, 4.5491027832], [-157.530075073, 127.266586304, 135.417877197, 16.0527172089, 58.0888442993, 26.7293968201, 36.0370864868, 23.2348213196, 126.687164307, 12.2418270111, 17.9671516418, -9.60250663757, 3.98428416252], [206.10345459, -199.159042358, -82.0024871826, 52.0077133179, -31.6167030334, 50.8958625793, 14.4208059311, 42.2410888672, 12.2418270111, 108.476531982, 5.97596931458, 13.5075941086, -3.7177760601], [-76.619934082, 144.717025757, 61.5724105835, -9.82184123993, 62.9381599426, 8.74796104431, 23.7368831635, -3.43980193138, 17.9671516418, 5.97596931458, 96.2906646729, 1.16330468655, 7.95105695724], [-142.031036377, -126.552391052, 12.1588001251, 4.87037420273, -29.6422138214, 25.7947311401, -8.65923595428, 10.2666969299, -9.60250663757, 13.5075941086, 1.16330468655, 77.8890151978, 6.38638210297], [363.577606201, 9.6355381012, -131.098648071, 64.7596206665, 2.3661468029, -29.0786476135, 20.4018287659, 4.5491027832, 3.98428416252, -3.7177760601, 7.95105695724, 6.38638210297, 81.7570495605]],
        "icov": [[0.000187210127478, -0.000605431676377, 0.000450885796454, -0.000630611786619, 0.000446917605586, -0.000465982971946, 0.000385295745218, -0.000412162189605, 0.000274154968793, -0.000387283478631, 0.000308322167257, -0.000168597354786, 0.000161657560966], [-0.000605431676377, 0.003244421212, -0.00157987419516, 0.00264687649906, -0.00235231383704, 0.00237798993476, -0.00181795528624, 0.00202657701448, -0.00173721113242, 0.00237942300737, -0.00201204651967, 0.00156533520203, -0.000798909750301], [0.000450885796454, -0.00157987419516, 0.00213800254278, -0.000938794342801, 0.000409849715652, -0.00140290951822, 0.00113519944716, -0.000787713855971, -0.000293369957944, -0.00055676914053, 0.000793178624008, -0.00125285296235, 0.00161244138144], [-0.000630611786619, 0.00264687649906, -0.000938794342801, 0.00469165714458, -0.00154437567107, 0.00113927514758, -0.00193386757746, 0.00204587215558, -0.00220200861804, 0.00170661648735, -0.00151638686657, 0.00114609126467, -0.00166770047508], [0.000446917605586, -0.00235231383704, 0.000409849715652, -0.00154437567107, 0.00534557970241, -0.00128432305064, -0.000446453079348, -0.0016815867275, 0.00107321096584, -0.00138696609065, 5.90026720602e-05, 5.8914298279e-05, -0.000361973856343], [-0.000465982971946, 0.00237798993476, -0.00140290951822, 0.00113927514758, -0.00128432305064, 0.00570554519072, -0.00154808384832, 0.000472606508993, -0.00171052746009, 0.000958405609708, -0.00206775707193, 8.90712690307e-05, 0.0013875477016], [0.000385295745218, -0.00181795528624, 0.00113519944716, -0.00193386757746, -0.000446453079348, -0.00154808384832, 0.00627094507217, -0.00333526171744, 0.000665336672682, -0.00128780864179, 0.00086153059965, -0.000519154767971, -0.000198241323233], [-0.000412162189605, 0.00202657701448, -0.000787713855971, 0.00204587215558, -0.0016815867275, 0.000472606508993, -0.00333526171744, 0.0116423899308, -0.00233724992722, -0.00164116220549, 0.000243526053964, -0.000101944358903, -0.000864783243742], [0.000274154968793, -0.00173721113242, -0.000293369957944, -0.00220200861804, 0.00107321096584, -0.00171052746009, 0.000665336672682, -0.00233724992722, 0.0110021056607, -0.00236448459327, 0.000175115041202, 0.00107679667417, -0.00116091547534], [-0.000387283478631, 0.00237942300737, -0.00055676914053, 0.00170661648735, -0.00138696609065, 0.000958405609708, -0.00128780864179, -0.00164116220549, -0.00236448459327, 0.0135324215516, -0.0027544144541, -0.000312358461088, 0.0010138094658], [0.000308322167257, -0.00201204651967, 0.000793178624008, -0.00151638686657, 5.90026720602e-05, -0.00206775707193, 0.00086153059965, 0.000243526053964, 0.000175115041202, -0.0027544144541, 0.013171444647, -0.001587217208, -0.000917434575967], [-0.000168597354786, 0.00156533520203, -0.00125285296235, 0.00114609126467, 5.8914298279e-05, 8.90712690307e-05, -0.000519154767971, -0.000101944358903, 0.00107679667417, -0.000312358461088, -0.001587217208, 0.0156300291419, -0.00331955589354], [0.000161657560966, -0.000798909750301, 0.00161244138144, -0.00166770047508, -0.000361973856343, 0.0013875477016, -0.000198241323233, -0.000864783243742, -0.00116091547534, 0.0010138094658, -0.000917434575967, -0.00331955589354, 0.01656595245]]
    },
    "melbands": {
        "dmean": [0.00102409021929, 0.00109779764898, 0.000784815521911, 0.000438337243395, 0.000301610183669, 0.00023017237254, 0.000103651851532, 8.01646601758e-05, 6.42802770017e-05, 4.28533821832e-05, 3.92163201468e-05, 3.24786124111e-05, 2.62612520601e-05, 1.69342474692e-05, 2.41030920733e-05, 1.9397775759e-05, 2.76238461083e-05, 1.71708161361e-05, 1.57140566444e-05, 2.01658931474e-05, 2.09936806641e-05, 1.88327448996e-05, 1.76896301127e-05, 9.4772731245e-06, 1.01823106888e-05, 6.21288290859e-06, 5.19236755281e-06, 5.60984881304e-06, 1.90522143839e-06, 2.19150297198e-06, 1.06351751583e-06, 6.44148599349e-07, 4.96646862302e-07, 2.44469617883e-07, 3.24504355831e-07, 2.29624419035e-07, 5.70134588429e-08, 4.74304862053e-08, 4.10138021323e-08, 3.1399444822e-08],
        "dmean2": [0.00151960121002, 0.00157295446843, 0.00125953520183, 0.000711330387276, 0.000474091910291, 0.000375965319108, 0.00016284022422, 0.000126975806779, 9.91229389911e-05, 6.79364893585e-05, 5.85391644563e-05, 4.72762767458e-05, 3.97113217332e-05, 2.61696768575e-05, 3.69525769202e-05, 2.9873686799e-05, 4.47491984232e-05, 2.71526114375e-05, 2.52360641753e-05, 3.20887629641e-05, 3.33746102115e-05, 2.99152961816e-05, 2.87914244836e-05, 1.49682155097e-05, 1.56851801876e-05, 9.81151515589e-06, 8.04495539342e-06, 8.75992373039e-06, 3.07506002173e-06, 3.4537645206e-06, 1.61411173849e-06, 9.86237978395e-07, 7.41154565276e-07, 3.82209236705e-07, 5.19984382663e-07, 3.59244495485e-07, 8.87122340032e-08, 7.5594350335e-08, 6.43822488655e-08, 4.8372093886e-08],
        "dvar": [3.95282268073e-06, 3.1733711694e-06, 1.7993891106e-06, 4.78874710552e-07, 3.01308574535e-07, 2.21817444412e-07, 5.65108209116e-08, 4.5678323346e-08, 2.66768456214e-08, 2.58856474034e-08, 1.40904115042e-08, 5.85696202648e-09, 7.31096827522e-09, 2.22942819761e-09, 3.93378751795e-09, 3.16639647835e-09, 5.28920951481e-09, 1.72519054598e-09, 1.0947273088e-09, 1.82070047927e-09, 2.24928853321e-09, 1.73776304457e-09, 1.41401690357e-09, 5.11218456456e-10, 9.04109287436e-10, 1.97344710018e-10, 1.21044563262e-10, 1.64442071071e-10, 2.14073862803e-11, 1.19164109136e-10, 1.93753901812e-11, 4.64420038884e-12, 4.07311771117e-12, 1.56996659596e-12, 1.47223743613e-11, 4.52242019874e-12, 6.2122561869e-14, 2.51589574911e-13, 4.28047693319e-14, 3.2633719674e-14],
        "dvar2": [8.61886201164e-06, 6.13506563241e-06, 4.45708474217e-06, 1.23704774069e-06, 6.73212582569e-07, 5.79973573167e-07, 1.35152973257e-07, 1.09048919228e-07, 5.41039426594e-08, 5.94109828e-08, 2.71442246458e-08, 1.10243112417e-08, 1.41501477202e-08, 4.89309703866e-09, 8.63606430812e-09, 7.49026973779e-09, 1.32859367952e-08, 4.339691273e-09, 2.72962963344e-09, 4.47632242384e-09, 5.24803089874e-09, 3.87314358363e-09, 3.58153884328e-09, 1.19655074737e-09, 2.14614903626e-09, 4.83698470166e-10, 2.78093020833e-10, 3.69260066968e-10, 5.41015496291e-11, 2.8099225724e-10, 4.32789810934e-11, 9.95163760426e-12, 8.48579800178e-12, 3.37385219588e-12, 3.7901525668e-11, 1.10756915792e-11, 1.39487583268e-13, 6.43050771052e-13, 1.0643578846e-13, 7.67523590799e-14],
        "max": [0.0362439565361, 0.0334649905562, 0.0204437375069, 0.0102075655013, 0.00975250266492, 0.00908569153398, 0.00649414211512, 0.00642470084131, 0.00400125980377, 0.00642749713734, 0.00421279901639, 0.00168341991957, 0.00476632639766, 0.00126123754308, 0.00237648352049, 0.00201744562946, 0.00144821824506, 0.00137012149207, 0.000824859831482, 0.00105774286203, 0.00156236940529, 0.00104698783252, 0.000683018006384, 0.000432161905337, 0.000727371952962, 0.000343792780768, 0.000219691151869, 0.000291062460747, 0.000156522233738, 0.000270123506198, 0.000109224121843, 5.85146153753e-05, 7.73216670495e-05, 4.9647562264e-05, 0.000236153355218, 0.000123422869365, 1.05333856482e-05, 2.58066174865e-05, 6.60564182908e-06, 6.71651559969e-06],
        "mean": [0.00321995047852, 0.0034025227651, 0.00156668096315, 0.000829646014608, 0.000554349797312, 0.00035824108636, 0.000204682044568, 0.000158376991749, 0.000112258763693, 7.18032970326e-05, 7.33463602955e-05, 6.8964662205e-05, 4.44182005594e-05, 2.9889990401e-05, 3.92163674405e-05, 2.95949539577e-05, 3.71352216462e-05, 2.79046180367e-05, 2.61998993665e-05, 3.38727622875e-05, 3.51533562934e-05, 3.22706036968e-05, 2.76853807009e-05, 1.56417190738e-05, 1.65409237525e-05, 1.0221843695e-05, 9.18365003599e-06, 9.3366315923e-06, 3.3892281408e-06, 3.07307527692e-06, 1.58392299454e-06, 1.1810285514e-06, 8.67467804255e-07, 3.6961381511e-07, 3.31309053081e-07, 2.36539307252e-07, 7.84365496997e-08, 6.22873557177e-08, 5.05843935628e-08, 3.77765978499e-08],
        "median": [0.00255912914872, 0.00275836372748, 0.00105876708403, 0.000521892099641, 0.000242118097958, 0.000146783859236, 8.18153639557e-05, 7.16054855729e-05, 3.36844204867e-05, 2.79899268207e-05, 1.77203874046e-05, 1.55001034727e-05, 1.12783573059e-05, 6.68050961394e-06, 6.14929194853e-06, 3.93970958612e-06, 5.74653768126e-06, 4.04990078096e-06, 3.3715009522e-06, 5.38256881555e-06, 4.80542803416e-06, 4.66985875391e-06, 3.73064403902e-06, 2.40677991314e-06, 1.72802219822e-06, 1.42755470733e-06, 9.80496906777e-07, 6.8979545631e-07, 2.57534964021e-07, 1.45586540157e-07, 9.65428625932e-08, 4.67456047204e-08, 2.11181330201e-08, 1.01438502043e-08, 9.53443546337e-09, 1.03298010146e-08, 5.86638071454e-09, 3.31307514756e-09, 2.07122319296e-09, 1.21568155542e-09],
        "min": [3.11124512487e-24, 3.4552020874e-24, 2.72357008262e-24, 4.1294312479e-24, 3.80524018143e-24, 3.41886360423e-24, 2.82749382942e-24, 5.28430546934e-24, 4.64055789422e-24, 2.64115305069e-24, 6.37609132875e-24, 5.26063924775e-24, 3.91479245078e-24, 4.83578164117e-24, 6.85838589784e-24, 3.89813170846e-24, 2.6258008314e-24, 3.30296711826e-24, 3.730147723e-24, 4.4433761945e-24, 6.61440108062e-24, 7.35311843683e-24, 4.95107681791e-24, 8.1432959509e-24, 5.63983206312e-24, 7.13345380689e-24, 6.65279770189e-24, 4.86936542206e-24, 5.25072129402e-24, 5.06175400291e-24, 4.12859229433e-24, 5.62870241904e-24, 6.20677377393e-24, 8.80814555524e-24, 6.68164792292e-24, 7.16529223302e-24, 9.50802847238e-24, 7.39427488798e-24, 7.75080688498e-24, 7.46343274582e-24],
        "var": [1.22991605167e-05, 1.20826953207e-05, 3.08515700453e-06, 8.73633155152e-07, 8.31293732517e-07, 3.63050730812e-07, 1.2191638632e-07, 8.85756321622e-08, 6.02606959887e-08, 3.70692276874e-08, 3.57050673472e-08, 1.87278246244e-08, 1.68413869517e-08, 4.77081307793e-09, 7.59495666358e-09, 4.69556660221e-09, 7.70197683408e-09, 3.19553872252e-09, 2.34898833718e-09, 3.83726916908e-09, 4.92135843189e-09, 3.7397924757e-09, 2.71494648985e-09, 1.10986675406e-09, 1.75100456357e-09, 4.21940177242e-10, 3.05097058728e-10, 3.99403010665e-10, 4.34793451243e-11, 1.25767285475e-10, 2.44704013996e-11, 8.91337611358e-12, 6.69959617297e-12, 2.0714120523e-12, 1.11857138135e-11, 3.87611297226e-12, 8.2915804485e-14, 2.05623604081e-13, 4.42990913049e-14, 3.43973032566e-14]
    },
    "mfcc": {
        "mean": [-738.320739746, 181.815704346, -4.50470066071, 45.6073417664, 15.0048809052, 3.35081601143, 2.33693027496, 5.3491101265, 2.21607351303, 1.48003876209, -1.68988478184, 1.95724344254, -0.568959712982],
        "cov": [[18920.8496094, -952.492614746, -4184.59716797, 1481.2442627, -982.557189941, 186.186950684, -75.8319168091, -40.997833252, 149.721740723, 181.286102295, -204.980377197, 10.0149354935, 159.239501953], [-952.492614746, 2692.18994141, 596.066223145, -108.318466187, 418.676269531, -139.171218872, 114.108543396, 61.7537651062, -2.79371356964, 4.35235071182, 55.9780578613, 52.1762084961, -42.6143875122], [-4184.59716797, 596.066223145, 1715.31726074, -342.383728027, 364.726470947, 94.9250106812, -27.5648345947, 79.178817749, -37.456615448, -44.8691368103, 166.589233398, -9.01200294495, -20.4074230194], [1481.2442627, -108.318466187, -342.383728027, 476.155578613, -50.6585350037, 24.5313796997, 40.8048210144, -3.50072836876, 67.1982803345, 29.6304740906, -60.5737991333, 47.6161346436, 23.1376171112], [-982.557189941, 418.676269531, 364.726470947, -50.6585350037, 301.267578125, 43.912612915, 25.3162307739, 31.9185905457, -5.12678623199, 3.18400835991, 53.6676330566, 9.52605724335, -5.37809610367], [186.186950684, -139.171218872, 94.9250106812, 24.5313796997, 43.912612915, 216.150726318, 43.7650794983, 51.4416046143, 24.768705368, 20.8986663818, 49.1177940369, 20.0363903046, 19.8273944855], [-75.8319168091, 114.108543396, -27.5648345947, 40.8048210144, 25.3162307739, 43.7650794983, 202.212509155, 64.0522613525, 39.5904808044, 33.953666687, 21.0126571655, 36.7502059937, 19.2045269012], [-40.997833252, 61.7537651062, 79.178817749, -3.50072836876, 31.9185905457, 51.4416046143, 64.0522613525, 129.298202515, 45.2080726624, 24.5061454773, 32.8552818298, 8.40527820587, 20.5130271912], [149.721740723, -2.79371356964, -37.456615448, 67.1982803345, -5.12678623199, 24.768705368, 39.5904808044, 45.2080726624, 129.385025024, 47.1496086121, 4.53912782669, 17.9630832672, 17.651216507], [181.286102295, 4.35235071182, -44.8691368103, 29.6304740906, 3.18400835991, 20.8986663818, 33.953666687, 24.5061454773, 47.1496086121, 112.173912048, 30.3261394501, 11.81640625, 2.3903055191], [-204.980377197, 55.9780578613, 166.589233398, -60.5737991333, 53.6676330566, 49.1177940369, 21.0126571655, 32.8552818298, 4.53912782669, 30.3261394501, 123.333312988, 12.3583393097, 12.6791124344], [10.0149354935, 52.1762084961, -9.01200294495, 47.6161346436, 9.52605724335, 20.0363903046, 36.7502059937, 8.40527820587, 17.9630832672, 11.81640625, 12.3583393097, 96.7598190308, 26.8853549957], [159.239501953, -42.6143875122, -20.4074230194, 23.1376171112, -5.37809610367, 19.8273944855, 19.2045269012, 20.5130271912, 17.651216507, 2.3903055191, 12.6791124344, 26.8853549957, 72.6301498413]],
