{
"lowlevel": {
    "average_loudness": 0.789817214012,
    "barkbands_crest": {
        "dmean": 2.63830828667,
        "dmean2": 3.90197968483,
        "dvar": 6.41430807114,
        "dvar2": 12.5553646088,
        "max": 25.5815410614,
        "mean": 10.8876333237,
        "median": 9.68367862701,
        "min": 1.97190785408,
        "var": 30.3792476654
    },
    "barkbands_flatness_db": {
        "dmean": 0.0259557235986,
        "dmean2": 0.0387015156448,
        "dvar": 0.000898117548786,
        "dvar2": 0.00172697985545,
        "max": 0.553762555122,
        "mean": 0.141427755356,
        "median": 0.111795529723,
        "min": 0.0102068679407,
        "var": 0.0110759343952
    },
    "barkbands_kurtosis": {
        "dmean": 7.25614738464,
        "dmean2": 11.2420282364,
        "dvar": 237.301010132,
        "dvar2": 504.751098633,
        "max": 301.117218018,
        "mean": 10.4485807419,
        "median": 1.53896331787,
        "min": -1.9479123354,
        "var": 530.081054688
    },
    "barkbands_skewness": {
        "dmean": 0.872721850872,
        "dmean2": 1.28051662445,
        "dvar": 1.22796261311,
        "dvar2": 2.39995193481,
        "max": 15.7830133438,
        "mean": 1.78754127026,
        "median": 1.1427270174,
        "min": -5.02148199081,
        "var": 5.37487030029
    },
    "barkbands_spread": {
        "dmean": 9.53597831726,
        "dmean2": 14.6121082306,
        "dvar": 160.561920166,
        "dvar2": 347.348602295,
        "max": 124.237922668,
        "mean": 28.5939426422,
        "median": 26.7717132568,
        "min": 0.329504966736,
        "var": 453.530700684
    },
    "dissonance": {
        "dmean": 0.0190171711147,
        "dmean2": 0.0313191525638,
        "dvar": 0.000627760018688,
        "dvar2": 0.00158748473041,
        "max": 0.500000119209,
        "mean": 0.456022202969,
        "median": 0.474329322577,
        "min": 0.0953301712871,
        "var": 0.0026157873217
    },
    "dynamic_complexity": 3.66265177727,
    "erbbands_crest": {
        "dmean": 2.93063044548,
        "dmean2": 4.57735347748,
        "dvar": 7.26232862473,
        "dvar2": 17.1540184021,
        "max": 28.9257106781,
        "mean": 9.6438331604,
        "median": 8.58989048004,
        "min": 2.31517457962,
        "var": 24.1053714752
    },
    "erbbands_flatness_db": {
        "dmean": 0.0178716816008,
        "dmean2": 0.0259199235588,
        "dvar": 0.000363379949704,
        "dvar2": 0.000730241299607,
        "max": 0.553650975227,
        "mean": 0.147202178836,
        "median": 0.123531676829,
        "min": 0.0496338531375,
        "var": 0.00779169471934
    },
    "erbbands_kurtosis": {
        "dmean": 1.65734660625,
        "dmean2": 2.51832675934,
        "dvar": 12.3999662399,
        "dvar2": 27.5300712585,
        "max": 75.8338699341,
        "mean": 1.81131100655,
        "median": 0.180959701538,
        "min": -1.91848683357,
        "var": 31.6412677765
    },
    "erbbands_skewness": {
        "dmean": 0.483742207289,
        "dmean2": 0.699978768826,
        "dvar": 0.31970012188,
        "dvar2": 0.660381555557,
        "max": 7.12744522095,
        "mean": 0.378512144089,
        "median": 0.223549798131,
        "min": -4.58342123032,
        "var": 1.23334717751
    },
    "erbbands_spread": {
        "dmean": 11.856543541,
        "dmean2": 17.4958877563,
        "dvar": 230.619750977,
        "dvar2": 495.874603271,
        "max": 155.909194946,
        "mean": 44.251159668,
        "median": 39.7912902832,
        "min": 0.694741487503,
        "var": 689.735534668
    },
    "hfc": {
        "dmean": 13.8112688065,
        "dmean2": 19.9343471527,
        "dvar": 633.054016113,
        "dvar2": 1237.80847168,
        "max": 475.214935303,
        "mean": 29.4151859283,
        "median": 16.8229484558,
        "min": 1.12318646684e-16,
        "var": 1616.53186035
    },
    "melbands_crest": {
        "dmean": 3.57108783722,
        "dmean2": 5.63306283951,
        "dvar": 14.2143039703,
        "dvar2": 31.2605342865,
        "max": 37.8990516663,
        "mean": 16.2275485992,
        "median": 13.8692855835,
        "min": 1.57689917088,
        "var": 74.7637939453
    },
    "melbands_flatness_db": {
        "dmean": 0.0317193381488,
        "dmean2": 0.0462833493948,
        "dvar": 0.00136042071972,
        "dvar2": 0.0024854617659,
        "max": 0.692838311195,
        "mean": 0.20125477016,
        "median": 0.164433971047,
        "min": 0.00317367445678,
        "var": 0.0182246696204
    },
    "melbands_kurtosis": {
        "dmean": 19.3744831085,
        "dmean2": 30.5237445831,
        "dvar": 1852.95532227,
        "dvar2": 4222.11865234,
        "max": 898.482788086,
        "mean": 30.6809215546,
        "median": 6.79122447968,
        "min": -1.94814884663,
        "var": 4196.44921875
    },
    "melbands_skewness": {
        "dmean": 1.19808804989,
        "dmean2": 1.79349899292,
        "dvar": 2.63321304321,
        "dvar2": 5.43941688538,
        "max": 23.5094280243,
        "mean": 3.26453328133,
        "median": 2.18369913101,
        "min": -4.54715442657,
        "var": 11.8400840759
    },
    "melbands_spread": {
        "dmean": 11.733341217,
        "dmean2": 17.2287063599,
        "dvar": 368.809570312,
        "dvar2": 672.552307129,
        "max": 264.628387451,
        "mean": 32.5674324036,
        "median": 24.2956771851,
        "min": 0.471148252487,
        "var": 1172.93103027
    },
    "pitch_salience": {
        "dmean": 0.076764665544,
        "dmean2": 0.117343656719,
        "dvar": 0.00615993794054,
        "dvar2": 0.0120580559596,
        "max": 0.921500384808,
        "mean": 0.545278608799,
        "median": 0.59707057476,
        "min": 0.037650719285,
        "var": 0.0318019911647
    },
    "silence_rate_20dB": {
        "dmean": 0,
        "dmean2": 0,
        "dvar": 0,
        "dvar2": 0,
        "max": 1,
        "mean": 1,
        "median": 1,
        "min": 1,
        "var": 0
    },
    "silence_rate_30dB": {
        "dmean": 0.0446506217122,
        "dmean2": 0.089307717979,
        "dvar": 0.0426536016166,
        "dvar2": 0.0839471668005,
        "max": 1,
        "mean": 0.949046909809,
        "median": 1,
        "min": 0,
        "var": 0.0483593791723
    },
    "silence_rate_60dB": {
        "dmean": 0.0302986372262,
        "dmean2": 0.0606016665697,
        "dvar": 0.0293781720102,
        "dvar2": 0.0698225945234,
        "max": 1,
        "mean": 0.0688555464149,
        "median": 0,
        "min": 0,
        "var": 0.0641144514084
    },
    "spectral_centroid": {
        "dmean": 334.315948486,
        "dmean2": 480.280792236,
        "dvar": 176560.4375,
        "dvar2": 340916.46875,
        "max": 11418.5673828,
        "mean": 1716.54504395,
        "median": 1724.45715332,
        "min": 170.122558594,
        "var": 1009044.1875
    },
    "spectral_complexity": {
        "dmean": 3.42302107811,
        "dmean2": 5.23218536377,
        "dvar": 19.4538288116,
        "dvar2": 42.762966156,
        "max": 54,
        "mean": 14.3713846207,
        "median": 14,
        "min": 0,
        "var": 69.9702758789
    },
    "spectral_decrease": {
        "dmean": 3.66046415401e-09,
        "dmean2": 5.8728355512e-09,
        "dvar": 8.53551593702e-17,
        "dvar2": 2.08850597699e-16,
        "max": 3.01481317931e-28,
        "mean": -6.71171740407e-09,
        "median": -3.2166982411e-09,
        "min": -1.13075635966e-07,
        "var": 1.09088367425e-16
    },
    "spectral_energy": {
        "dmean": 0.0144974905998,
        "dmean2": 0.0231423601508,
        "dvar": 0.00124846131075,
        "dvar2": 0.0030469216872,
        "max": 0.4322014153,
        "mean": 0.0279996227473,
        "median": 0.0154019547626,
        "min": 1.02219765081e-20,
        "var": 0.00162311468739
    },
    "spectral_energyband_high": {
        "dmean": 0.00118101818953,
        "dmean2": 0.00169318576809,
        "dvar": 5.71603868593e-06,
        "dvar2": 1.06624329419e-05,
        "max": 0.0414382740855,
        "mean": 0.00206313468516,
        "median": 0.00092136656167,
        "min": 7.39567079944e-21,
        "var": 1.4234572518e-05
    },
    "spectral_energyband_low": {
        "dmean": 0.010387876071,
        "dmean2": 0.0175111573189,
        "dvar": 0.00109087000601,
        "dvar2": 0.00278980773874,
        "max": 0.411637634039,
        "mean": 0.0134700005874,
        "median": 0.000501562026329,
        "min": 2.88192314139e-23,
        "var": 0.00126493757125
    },
    "spectral_energyband_middle_high": {
        "dmean": 0.00185007392429,
        "dmean2": 0.00270568626001,
        "dvar": 1.20274889923e-05,
        "dvar2": 2.42402275035e-05,
        "max": 0.0855557397008,
        "mean": 0.00413252180442,
        "median": 0.00222273077816,
        "min": 1.0936266758e-21,
        "var": 3.73966431653e-05
    },
    "spectral_energyband_middle_low": {
        "dmean": 0.00555651914328,
        "dmean2": 0.00914487056434,
        "dvar": 0.000229724289966,
        "dvar2": 0.000617522397079,
        "max": 0.170448884368,
        "mean": 0.00880727358162,
        "median": 0.00476267607883,
        "min": 1.48016546489e-22,
        "var": 0.000202778610401
    },
    "spectral_entropy": {
        "dmean": 0.202177286148,
        "dmean2": 0.292227327824,
        "dvar": 0.0574882365763,
        "dvar2": 0.116253815591,
        "max": 9.80849456787,
        "mean": 7.65032720566,
        "median": 7.95905447006,
        "min": 4.18274450302,
        "var": 0.873799443245
    },
    "spectral_flux": {
        "dmean": 0.0329568199813,
        "dmean2": 0.052494622767,
        "dvar": 0.00326707982458,
        "dvar2": 0.00593980448321,
        "max": 0.566093325615,
        "mean": 0.0837680399418,
        "median": 0.0586815103889,
        "min": 6.40636085847e-11,
        "var": 0.00648677302524
    },
    "spectral_kurtosis": {
        "dmean": 2.76249051094,
        "dmean2": 4.3545293808,
        "dvar": 94.0263900757,
        "dvar2": 224.461578369,
        "max": 396.9815979,
        "mean": 11.9315986633,
        "median": 2.69437408447,
        "min": -1.26370692253,
        "var": 1488.27038574
    },
    "spectral_rms": {
        "dmean": 0.00102632341441,
        "dmean2": 0.00159991555847,
        "dvar": 2.8545848636e-06,
        "dvar2": 6.26695464234e-06,
        "max": 0.0205343589187,
        "mean": 0.00446780538186,
        "median": 0.0038763768971,
        "min": 3.15795176467e-12,
        "var": 7.3553819675e-06
    },
    "spectral_rolloff": {
        "dmean": 1116.43835449,
        "dmean2": 1788.76733398,
        "dvar": 3412390.75,
        "dvar2": 6619467.5,
        "max": 19810.546875,
        "mean": 3090.24169922,
        "median": 1701.12304688,
        "min": 21.533203125,
        "var": 12156246
    },
    "spectral_skewness": {
        "dmean": 0.269851267338,
        "dmean2": 0.399717777967,
        "dvar": 0.196604207158,
        "dvar2": 0.391252428293,
        "max": 17.4084186554,
        "mean": 1.98455834389,
        "median": 1.44572818279,
        "min": -0.250404626131,
        "var": 5.11950445175
    },
    "spectral_spread": {
        "dmean": 776978.125,
        "dmean2": 1135533.25,
        "dvar": 1.05514559078e+12,
        "dvar2": 2.09016179917e+12,
        "max": 41981216,
        "mean": 6603508,
        "median": 6762269.5,
        "min": 310483.4375,
        "var": 6.75484742451e+12
    },
    "spectral_strongpeak": {
        "dmean": 0.613154768944,
        "dmean2": 1.01747083664,
        "dvar": 1.38805520535,
        "dvar2": 3.5017285347,
        "max": 19.4172935486,
        "mean": 1.07058346272,
        "median": 0.566256821156,
        "min": 0,
        "var": 2.0329117775
    },
    "zerocrossingrate": {
        "dmean": 0.0219709929079,
        "dmean2": 0.0238672718406,
        "dvar": 0.000740190502256,
        "dvar2": 0.000746419711504,
        "max": 0.623046875,
        "mean": 0.109294630587,
        "median": 0.0908203125,
        "min": 0.00244140625,
        "var": 0.00714606465772
    },
    "barkbands": {
        "dmean": [0.00131440279074, 0.005225838162, 0.00457806605846, 0.00202009640634, 0.00175435072742, 0.000703704543412, 0.000825671944767, 0.000708026753273, 0.000632887124084, 0.000320683524478, 0.000189399899682, 0.000535282597411, 0.000371538160834, 0.000236152904108, 0.000368102046195, 0.000255251390627, 0.000164497614605, 0.000184329473996, 0.000150434076204, 0.000136955233756, 0.000147452010424, 0.000187604557141, 0.000188258563867, 0.000290962401778, 0.00022984991665, 0.000201121918508, 5.76284946874e-05],
        "dmean2": [0.00213435571641, 0.0081071825698, 0.00837752688676, 0.00363444141112, 0.00303449481726, 0.00110053666867, 0.00117014301941, 0.00109465036076, 0.000990674365312, 0.000488445686642, 0.000291817093967, 0.000808220764156, 0.000567589653656, 0.000375873409212, 0.000561719003599, 0.000401908560889, 0.000262701854808, 0.000303378968965, 0.000244093098445, 0.000216360785998, 0.000226953226957, 0.000285344722215, 0.000284308742266, 0.000424171128543, 0.00033954938408, 0.000298824103083, 8.30122007756e-05],
        "dvar": [7.63555362937e-06, 0.000209676392842, 0.000451272091595, 8.48584459163e-05, 3.38977515639e-05, 3.39597158927e-06, 1.35442278406e-05, 5.50698587176e-06, 1.01633222584e-05, 1.31638148559e-06, 7.40598181892e-07, 1.80503934644e-06, 1.3186115666e-06, 5.5853735148e-07, 1.29346824451e-06, 9.75756847765e-07, 2.84453221866e-07, 1.63839345646e-07, 1.07570052421e-07, 1.01096773619e-07, 7.69133663425e-08, 1.08087398587e-07, 1.5955211552e-07, 6.37644404833e-07, 4.53148885526e-07, 2.79272398984e-07, 4.61250202477e-08],
        "dvar2": [1.83162501344e-05, 0.000420312397182, 0.00127326103393, 0.00023938184313, 9.62449921644e-05, 8.75077148521e-06, 2.29312627198e-05, 1.22140590975e-05, 2.32796428463e-05, 2.62515936811e-06, 1.19412243293e-06, 3.7541792608e-06, 2.79494270217e-06, 1.27388943838e-06, 2.90520392809e-06, 2.27540294873e-06, 6.52165851989e-07, 4.10441117538e-07, 2.76007597222e-07, 2.42948459572e-07, 1.66907838661e-07, 2.40735488433e-07, 3.20843639656e-07, 1.24340158436e-06, 9.54750589699e-07, 5.65513232686e-07, 8.73139143209e-08],
        "max": [0.0355617292225, 0.20392125845, 0.26351249218, 0.140350162983, 0.089190416038, 0.0389341264963, 0.0958542898297, 0.0627596378326, 0.0769774466753, 0.0364635363221, 0.0498129576445, 0.0490990094841, 0.0356975756586, 0.0287498235703, 0.0285102743655, 0.0266363173723, 0.0221745297313, 0.0104018626735, 0.00729240011424, 0.00842183642089, 0.00935790408403, 0.00711306370795, 0.0087600024417, 0.0182597730309, 0.0158470701426, 0.0156826935709, 0.0064619644545],
        "mean": [0.00204091193154, 0.00793168973178, 0.00305290077813, 0.00171477149706, 0.00229252665304, 0.0012767027365, 0.00142516789492, 0.00114805484191, 0.000883308995981, 0.000479116162751, 0.000282926514046, 0.000800289097242, 0.000551215547603, 0.000307198177325, 0.000500764639582, 0.000373030459741, 0.000266663235379, 0.000266638526227, 0.000226836724323, 0.000218691377086, 0.00021771460888, 0.000282723281998, 0.000303592707496, 0.000394289381802, 0.000352790375473, 0.00030945733306, 9.96372182271e-05],
        "median": [1.05151648313e-05, 0.000142817167216, 9.74197246251e-05, 0.00022720702691, 0.0011061753612, 0.000537707121111, 0.000193961488549, 0.000137249109684, 5.93787590333e-05, 6.4814426878e-05, 4.31791122537e-05, 0.000232992242672, 0.000149836909259, 7.26608559489e-05, 0.000165516714333, 9.63020938798e-05, 0.000116477087431, 0.000138445524499, 0.000111684668809, 0.000102724108729, 9.33955161599e-05, 0.00010821082833, 0.00013022175699, 0.000107538297016, 0.000118910975289, 0.000106068124296, 2.9782535421e-05],
        "min": [4.22073519236e-25, 6.16988545471e-24, 3.16235562014e-24, 5.43872380825e-24, 6.06472082971e-24, 1.22779005486e-23, 1.57464272856e-23, 1.24513316186e-23, 1.70620611043e-23, 1.94959115671e-23, 2.95343685344e-23, 3.5474030456e-23, 3.69861979252e-23, 4.21365792675e-23, 5.4852464857e-23, 5.78768313499e-23, 1.24718707167e-22, 1.05785540571e-22, 1.40709536183e-22, 1.95917897215e-22, 3.17569803483e-22, 3.48248717683e-22, 4.31524838076e-22, 4.85511752126e-22, 1.00680148913e-21, 1.16928149108e-21, 2.02288028542e-21],
        "var": [1.71549399965e-05, 0.000436874834122, 0.00026895685005, 5.19702261954e-05, 2.32853435591e-05, 4.66835808766e-06, 3.03391971102e-05, 1.19995111163e-05, 1.58072780323e-05, 2.62427170128e-06, 2.39341170527e-06, 3.86493638871e-06, 2.78135735243e-06, 8.50105493555e-07, 1.75402658442e-06, 1.43797558394e-06, 4.49397674629e-07, 2.24426955242e-07, 1.56188576739e-07, 1.72652491415e-07, 1.39286441936e-07, 2.03991035619e-07, 3.33464043933e-07, 1.20440415685e-06, 7.95783535068e-07, 5.61709555313e-07, 1.30609961957e-07]
    },
    "erbbands": {
        "dmean": [0.242616429925, 1.10177993774, 4.48814105988, 6.72891950607, 5.9778418541, 5.62765979767, 7.17524814606, 4.79772996902, 8.00614356995, 15.2508707047, 19.2200202942, 14.4878931046, 8.39371776581, 10.5830497742, 9.06703472137, 23.3396434784, 11.9231386185, 14.1805276871, 19.7000350952, 17.4005336761, 10.1822433472, 7.54702281952, 10.3438329697, 7.9699640274, 7.35611772537, 6.46434211731, 5.63804674149, 5.74571228027, 6.632127285, 6.5878329277, 5.46577739716, 6.63520288467, 4.3654384613, 2.5994951725, 1.68973851204, 0.964842915535, 0.367631047964, 0.0868003740907, 0.00986101664603, 0.00014949539036],
        "dmean2": [0.379989236593, 1.65409767628, 8.12652301788, 12.0083398819, 10.6737318039, 9.7401676178, 11.1056442261, 7.71723222733, 11.8247919083, 21.9248352051, 29.4658889771, 22.7336730957, 13.0078420639, 15.7540426254, 13.5902776718, 35.2082519531, 18.1270523071, 21.9490375519, 30.2014579773, 26.584602356, 16.0318927765, 12.0698022842, 16.9602851868, 12.7721729279, 11.9132890701, 10.2810573578, 8.8282289505, 8.7624540329, 10.0966625214, 10.1765346527, 8.16817474365, 9.63189125061, 6.4554567337, 3.86606621742, 2.49990200996, 1.43067109585, 0.55283498764, 0.124035209417, 0.0145069835708, 0.000217160457396],
        "dvar": [0.303926795721, 16.1245613098, 432.98550415, 902.939758301, 568.716491699, 326.266693115, 399.387390137, 147.972442627, 1048.35144043, 6160.05957031, 4071.03735352, 5898.78613281, 1309.78759766, 1037.8815918, 788.154663086, 3563.61865234, 1342.21936035, 1955.48596191, 3561.43847656, 4088.1887207, 817.145324707, 452.927185059, 489.169006348, 301.223266602, 278.615112305, 250.501174927, 124.520050049, 112.795295715, 127.850273132, 164.169204712, 146.239883423, 281.691131592, 191.091384888, 75.2117385864, 20.6564083099, 6.95754241943, 0.897630274296, 0.0833888426423, 0.00148857315071, 2.50706222005e-07],
        "dvar2": [0.671530365944, 38.6013183594, 1217.05322266, 2500.73071289, 1621.81237793, 927.924133301, 900.495239258, 408.28338623, 2280.90112305, 11298.6503906, 9005.30761719, 13489.84375, 2819.96289062, 1999.81530762, 1427.30175781, 7449.92480469, 2652.7722168, 4513.88378906, 8366.078125, 8895.75097656, 1888.04260254, 1050.44995117, 1227.89318848, 722.054992676, 716.054992676, 621.755126953, 266.110534668, 246.024688721, 283.375488281, 368.375213623, 291.049957275, 509.095153809, 411.032012939, 160.682525635, 44.2153511047, 13.5093860626, 2.0048353672, 0.159214004874, 0.00305995601229, 5.0433072829e-07],
        "max": [6.53763532639, 58.2156639099, 253.611083984, 413.176361084, 316.039550781, 276.196472168, 381.20135498, 306.489929199, 1096.81433105, 2175.9753418, 1698.55273438, 1981.20666504, 1262.79638672, 1060.79821777, 1464.51074219, 2393.62353516, 1581.73046875, 1167.30578613, 1495.05639648, 1886.57092285, 972.557800293, 778.631896973, 555.936767578, 597.755737305, 294.972290039, 461.657623291, 513.860656738, 227.599243164, 311.521636963, 293.351898193, 304.003356934, 508.899291992, 466.897979736, 257.029632568, 130.389755249, 75.0252151489, 33.6867713928, 8.55227661133, 1.23597466946, 0.0149986222386],
        "mean": [0.345486491919, 1.35103690624, 3.1302986145, 5.38949489594, 6.15929412842, 7.28945732117, 11.4879627228, 8.9571352005, 15.5318412781, 22.2477493286, 32.0741119385, 21.0288257599, 12.5867090225, 17.7900352478, 16.3577728271, 34.340713501, 19.7202224731, 20.5429325104, 27.8219623566, 24.2911052704, 17.5592517853, 13.2086620331, 15.8789205551, 12.8432254791, 10.7637529373, 10.2415809631, 8.41964149475, 8.68190956116, 10.2836122513, 9.7123003006, 8.62755680084, 9.20374774933, 5.79138851166, 3.94104480743, 2.51941752434, 1.43422865868, 0.535543680191, 0.15670800209, 0.0162625294179, 0.000271567201708],
        "median": [0.00181723339483, 0.0400419496, 0.160707876086, 0.468241542578, 2.22174453735, 3.18392348289, 3.69164323807, 4.03488540649, 2.99641251564, 4.03915119171, 3.87983465195, 1.97630047798, 1.7120796442, 3.32041501999, 5.29489421844, 10.175983429, 5.75849342346, 7.00751829147, 9.05609226227, 6.57510948181, 6.98719739914, 6.91076231003, 8.6063337326, 6.81374359131, 5.24244308472, 4.9350104332, 4.08260679245, 3.36807775497, 3.97144079208, 3.88629889488, 3.46480560303, 2.76542568207, 1.54171466827, 1.31371891499, 0.839986205101, 0.429914444685, 0.19480240345, 0.0560719333589, 0.00437013851479, 0.000106079540274],
        "min": [1.46669487607e-22, 1.53465742662e-21, 4.36659113403e-21, 1.15453766309e-20, 2.56161728304e-20, 1.5099920357e-20, 3.05259889823e-20, 1.34826937253e-19, 1.9777637707e-19, 2.00920464729e-19, 3.19756695347e-19, 3.35771713338e-19, 4.55181981451e-19, 6.8423072291e-19, 1.62155389784e-18, 1.34452304569e-18, 1.55416370013e-18, 2.00254615355e-18, 3.4148453801e-18, 3.36821803616e-18, 5.82402152867e-18, 7.69166631164e-18, 5.48688876718e-18, 8.22306368075e-18, 8.57097667358e-18, 9.01809095572e-18, 1.2716834855e-17, 1.05584625565e-17, 1.33389168619e-17, 1.17580332634e-17, 1.34278544941e-17, 1.15815344274e-17, 8.44220202299e-18, 8.73486017808e-18, 6.10726760915e-18, 3.97360030041e-18, 2.23864480028e-18, 1.03403677026e-18, 2.87864720981e-19, 3.06447055561e-20],
        "var": [0.719774842262, 19.0018405914, 263.100799561, 572.59362793, 346.06262207, 235.89100647, 699.839111328, 187.850250244, 2835.58081055, 9600.97558594, 8882.87109375, 8977.31835938, 2235.95385742, 2712.1496582, 2624.48364258, 6468.00341797, 3698.59545898, 3066.75976562, 4954.99658203, 5749.13769531, 1670.21252441, 761.57623291, 720.283996582, 477.542449951, 355.549804688, 395.575561523, 218.439910889, 224.437698364, 256.726074219, 280.053436279, 303.948272705, 575.551818848, 307.760345459, 124.36857605, 36.8064880371, 14.8511381149, 1.48284518719, 0.21133312583, 0.00390967074782, 6.94080824815e-07]
    },
    "gfcc": {
        "mean": [-14.0648384094, 34.7381706238, -85.8497619629, 15.1477622986, -58.7590293884, 7.0541009903, -44.8166694641, 1.52601528168, -26.4851741791, 6.20884275436, -16.5916233063, 5.67497301102, -17.441368103],
        "cov": [[14161.6982422, -3160.02001953, -2623.33203125, 435.879974365, 617.904663086, 1179.25024414, 13.2434110641, 331.552032471, -460.775115967, -68.9110794067, -392.516815186, 174.638366699, -239.240020752], [-3160.02001953, 3567.1484375, 1358.9987793, -270.295074463, -73.955039978, -662.408813477, 27.8341407776, -146.273178101, 277.610626221, -52.0661621094, 175.942840576, -211.529281616, 103.015945435], [-2623.33203125, 1358.9987793, 1848.35229492, 338.502746582, -121.24193573, -219.155715942, 27.07862854, -69.4099578857, 159.432357788, 29.1803474426, 112.318145752, -47.6091918945, 47.7855453491], [435.879974365, -270.295074463, 338.502746582, 777.370056152, 318.05255127, 328.018127441, 112.019424438, 157.559280396, 36.0905952454, 45.7753982544, -5.73409986496, 58.4093360901, 8.97733592987], [617.904663086, -73.955039978, -121.24193573, 318.05255127, 660.145446777, 371.262054443, 160.771148682, 155.757278442, 26.1036224365, 19.7737617493, 35.2475547791, 54.1857643127, 20.2581157684], [1179.25024414, -662.408813477, -219.155715942, 328.018127441, 371.262054443, 585.811340332, 263.77545166, 168.108123779, -40.9560661316, 66.6929779053, 31.6245002747, 92.2008285522, -11.2409534454], [13.2434110641, 27.8341407776, 27.07862854, 112.019424438, 160.771148682, 263.77545166, 389.645111084, 155.670333862, 23.4424915314, 55.3075447083, 81.8202133179, 47.7759094238, 20.2736930847], [331.552032471, -146.273178101, -69.4099578857, 157.559280396, 155.757278442, 168.108123779, 155.670333862, 218.741897583, 82.3486480713, 41.0520172119, 23.8097381592, 39.1220016479, 24.0248851776], [-460.775115967, 277.610626221, 159.432357788, 36.0905952454, 26.1036224365, -40.9560661316, 23.4424915314, 82.3486480713, 230.057052612, 68.2767562866, 24.7488422394, 3.25289011002, 45.7944450378], [-68.9110794067, -52.0661621094, 29.1803474426, 45.7753982544, 19.7737617493, 66.6929779053, 55.3075447083, 41.0520172119, 68.2767562866, 119.29776001, 49.8607330322, 27.6157741547, 11.758887291], [-392.516815186, 175.942840576, 112.318145752, -5.73409986496, 35.2475547791, 31.6245002747, 81.8202133179, 23.8097381592, 24.7488422394, 49.8607330322, 138.589126587, 39.3573951721, 16.69049263], [174.638366699, -211.529281616, -47.6091918945, 58.4093360901, 54.1857643127, 92.2008285522, 47.7759094238, 39.1220016479, 3.25289011002, 27.6157741547, 39.3573951721, 98.2578430176, 21.2711601257], [-239.240020752, 103.015945435, 47.7855453491, 8.97733592987, 20.2581157684, -11.2409534454, 20.2736930847, 24.0248851776, 45.7944450378, 11.758887291, 16.69049263, 21.2711601257, 76.6932144165]],
        "icov": [[0.00013364671031, -4.74897751701e-05, 0.000153667744598, -4.82013492729e-05, 6.17030527792e-05, -0.000269577896688, 0.00017980618577, -0.000191167753655, 0.000150159801706, -2.73694477073e-05, 0.000293807242997, -0.000198742840439, 0.000252847239608], [-4.74897751701e-05, 0.000848952506203, -0.000455036584754, 0.000219006178668, -0.000619477999862, 0.00101953977719, -0.000735908164643, 0.000581332191359, -0.00069110741606, 0.000578217266593, -0.00100546982139, 0.00145845778752, -0.000566770322621], [0.000153667744598, -0.000455036584754, 0.00134211627301, -0.00106408260763, 0.000603606749792, -0.000230357429245, 1.61133448273e-05, 0.000514750601724, -0.000260332599282, 0.000110500295705, -0.000267347262707, -0.000278390711173, 0.000294077821309], [-4.82013492729e-05, 0.000219006178668, -0.00106408260763, 0.00281421979889, -0.000812177371699, -0.000926284352317, 0.000639660633169, -0.00139407860115, 0.000326681154547, -0.000457513786387, 0.00105814810377, -0.000372763577616, -1.63810927916e-05], [6.17030527792e-05, -0.000619477999862, 0.000603606749792, -0.000812177371699, 0.0032781411428, -0.00245744781569, 0.000853352306876, -0.000746993871871, -0.000250028533628, 0.00104366836604, -0.000406859908253, -0.000344298838172, -0.000300806947052], [-0.000269577896688, 0.00101953977719, -0.000230357429245, -0.000926284352317, -0.00245744781569, 0.00711888680235, -0.00352002470754, 0.000550821132492, 0.000679176824633, -0.00162517337594, -0.000462702853838, -0.000206892989809, 0.000493769533932], [0.00017980618577, -0.000735908164643, 1.61133448273e-05, 0.000639660633169, 0.000853352306876, -0.00352002470754, 0.00621242495254, -0.00378295080736, 0.00143540056888, -0.000547180592548, -0.000881311425474, -0.000458237627754, -0.000188377525774], [-0.000191167753655, 0.000581332191359, 0.000514750601724, -0.00139407860115, -0.000746993871871, 0.000550821132492, -0.00378295080736, 0.0108386073261, -0.00467491568998, 0.00149124406744, -0.00102910806891, 0.000450596475275, -0.000990179367363], [0.000150159801706, -0.00069110741606, -0.000260332599282, 0.000326681154547, -0.000250028533628, 0.000679176824633, 0.00143540056888, -0.00467491568998, 0.00910167768598, -0.00543092889711, 0.0021424847655, -0.000581833650358, -0.00213561975397], [-2.73694477073e-05, 0.000578217266593, 0.000110500295705, -0.000457513786387, 0.00104366836604, -0.00162517337594, -0.000547180592548, 0.00149124406744, -0.00543092889711, 0.0143633242697, -0.00508475769311, 0.000347337685525, 0.000337149976986], [0.000293807242997, -0.00100546982139, -0.000267347262707, 0.00105814810377, -0.000406859908253, -0.000462702853838, -0.000881311425474, -0.00102910806891, 0.0021424847655, -0.00508475769311, 0.0135795157403, -0.00628810515627, 0.00119387579616], [-0.000198742840439, 0.00145845778752, -0.000278390711173, -0.000372763577616, -0.000344298838172, -0.000206892989809, -0.000458237627754, 0.000450596475275, -0.000581833650358, 0.000347337685525, -0.00628810515627, 0.0178384240717, -0.00560623686761], [0.000252847239608, -0.000566770322621, 0.000294077821309, -1.63810927916e-05, -0.000300806947052, 0.000493769533932, -0.000188377525774, -0.000990179367363, -0.00213561975397, 0.000337149976986, 0.00119387579616, -0.00560623686761, 0.0174381006509]]
    },
    "melbands": {
        "dmean": [0.00167785829399, 0.00201216852292, 0.00112038396765, 0.00041228858754, 0.000239847839111, 0.000111678513349, 0.000135027657961, 0.00015365537547, 0.00015534942213, 8.48646668601e-05, 4.25997532147e-05, 4.5789500291e-05, 2.81694119622e-05, 6.81573146721e-05, 3.41767845384e-05, 3.2822634239e-05, 2.5777353585e-05, 3.39618418366e-05, 2.0615016183e-05, 2.3009335564e-05, 1.17483587019e-05, 7.65483036957e-06, 9.39652272791e-06, 1.06857369246e-05, 6.57098235024e-06, 5.88866487305e-06, 5.73695842832e-06, 4.23554274676e-06, 3.35954814545e-06, 4.07909828937e-06, 3.26065287481e-06, 3.83578299079e-06, 4.09927633882e-06, 3.62531977771e-06, 3.26182976096e-06, 3.27348084284e-06, 4.69941733172e-06, 3.22068171954e-06, 2.69185466095e-06, 2.04548723559e-06],
        "dmean2": [0.00259240227751, 0.0034862740431, 0.00198587356135, 0.000730429543182, 0.000379975535907, 0.000178802365554, 0.000191976185306, 0.000222167873289, 0.000240724082687, 0.000133153283969, 6.58348653815e-05, 6.8401786848e-05, 4.29085848737e-05, 0.000102899248304, 5.19563654962e-05, 5.05468597112e-05, 4.04122001783e-05, 5.20517460245e-05, 3.13588207064e-05, 3.57226854248e-05, 1.88581543625e-05, 1.23311911011e-05, 1.52059374159e-05, 1.76724952325e-05, 1.06008565126e-05, 9.6675248642e-06, 9.3101280072e-06, 6.82126074025e-06, 5.29388580617e-06, 6.49078992865e-06, 4.98934241477e-06, 5.98972383159e-06, 6.30420208836e-06, 5.64294032301e-06, 4.96452958032e-06, 4.85034024678e-06, 6.94432901582e-06, 4.81207416669e-06, 4.06914568885e-06, 3.05324260808e-06],
        "dvar": [1.5732821339e-05, 7.77435998316e-05, 2.31045760302e-05, 2.29302690968e-06, 4.17119935037e-07, 7.79313324983e-08, 2.84510576876e-07, 4.95622714425e-07, 2.86829390461e-07, 1.88555276281e-07, 3.2932508276e-08, 2.04302228468e-08, 1.46963490266e-08, 2.91637718419e-08, 8.48562287104e-09, 1.13846683192e-08, 6.28107699185e-09, 1.03398072326e-08, 4.49501014188e-09, 9.19610876338e-09, 1.13898657172e-09, 4.81028494814e-10, 6.39978958716e-10, 5.46264089518e-10, 2.08475722796e-10, 1.91364299407e-10, 2.00396435557e-10, 1.30621263805e-10, 5.62662937076e-11, 7.03012439929e-11, 4.01770144931e-11, 4.57875924675e-11, 5.86079726417e-11, 5.22295644234e-11, 5.3832657082e-11, 7.12592831964e-11, 1.58285898277e-10, 1.15427271907e-10, 8.21877635393e-11, 4.84937159873e-11],
        "dvar2": [2.9819429983e-05, 0.000212628699956, 6.35054384475e-05, 6.57824875816e-06, 9.92280206447e-07, 2.12819415424e-07, 5.62636500945e-07, 9.07812079731e-07, 6.52979110782e-07, 4.31460875916e-07, 7.08443224084e-08, 3.96699313399e-08, 2.42962503449e-08, 6.06208132581e-08, 1.72636589468e-08, 2.5301917006e-08, 1.45447112132e-08, 2.4355927053e-08, 9.86904247213e-09, 2.15736690734e-08, 2.80071010827e-09, 1.15451881388e-09, 1.53260082403e-09, 1.35337996365e-09, 4.98136421001e-10, 4.83982798283e-10, 4.91271023861e-10, 3.35667355023e-10, 1.18814888483e-10, 1.61560209655e-10, 8.57673099208e-11, 1.05185984922e-10, 1.33761349219e-10, 1.17296922175e-10, 1.1259509991e-10, 1.31370497813e-10, 3.12141090753e-10, 2.50844151006e-10, 1.86799381519e-10, 1.01082135717e-10],
        "max": [0.0451943576336, 0.105913087726, 0.0662983581424, 0.0241016801447, 0.0106360502541, 0.00617923028767, 0.016843104735, 0.019341763109, 0.0122030945495, 0.0106986975297, 0.00616177311167, 0.00486751412973, 0.00707469880581, 0.00614935345948, 0.00385865918361, 0.00359833030961, 0.00189597043209, 0.0024210808333, 0.00200982578099, 0.00246751494706, 0.00105352932587, 0.000782247399911, 0.000810888304841, 0.000817558146082, 0.000500806141645, 0.000417176925112, 0.000433741457528, 0.000352283968823, 0.000331503921188, 0.000210436352063, 0.000183714029845, 0.000173668246134, 0.000212895465665, 0.000133575318614, 0.00016099459026, 0.000261930399574, 0.000416118593421, 0.000384731509257, 0.000229064287851, 0.000223260838538],
        "mean": [0.00267537729815, 0.00168625824153, 0.000956752744969, 0.000472342740977, 0.000383312697522, 0.000208646655665, 0.000259773543803, 0.000230894118431, 0.000251362216659, 0.000119826348964, 6.35939577478e-05, 7.52533524064e-05, 4.62861353299e-05, 0.000101766680018, 5.2528539527e-05, 4.68539547001e-05, 3.53221512341e-05, 4.66641868115e-05, 2.92561944661e-05, 3.06737274514e-05, 1.9224571588e-05, 1.28897272589e-05, 1.40001620821e-05, 1.50983905769e-05, 9.64215178101e-06, 8.18563239591e-06, 7.91775164544e-06, 6.38826259092e-06, 4.85968485009e-06, 5.41469080417e-06, 4.90251022711e-06, 5.68194491279e-06, 5.85151974519e-06, 5.20377898283e-06, 4.82738096252e-06, 4.97895098306e-06, 6.0356414906e-06, 4.10083430324e-06, 3.57912813342e-06, 3.13388022732e-06],
        "median": [2.81905922748e-05, 8.53994642966e-05, 0.00014334518346, 0.000202248455025, 0.000141092430567, 9.19929880183e-05, 4.77561770822e-05, 4.30188738392e-05, 2.5789708161e-05, 9.7285155789e-06, 8.02813428891e-06, 1.28650517581e-05, 9.02821375348e-06, 2.88016944978e-05, 1.53101336764e-05, 1.40268339237e-05, 1.11176732389e-05, 1.37422448461e-05, 9.72415818978e-06, 6.49797220831e-06, 8.03415787232e-06, 6.45437876301e-06, 6.12373423792e-06, 7.30208694222e-06, 4.30337058788e-06, 3.82211192118e-06, 3.39857410836e-06, 2.90363936983e-06, 2.20727793021e-06, 2.09859308598e-06, 1.87450848443e-06, 2.12506233765e-06, 2.13603289012e-06, 2.04635080081e-06, 1.83142310561e-06, 1.87097634807e-06, 1.53129951741e-06, 9.83835434454e-07, 1.01069372249e-06, 1.05296976471e-06],
        "min": [2.48591607138e-24, 3.00050049226e-24, 2.86436400483e-24, 1.37312107113e-24, 9.62253912695e-25, 3.30834655799e-24, 3.20844126865e-24, 1.86000365525e-24, 2.25942444194e-24, 2.41756758483e-24, 1.95125671818e-24, 1.82831116838e-24, 4.43789834438e-24, 4.39432087911e-24, 1.88080138137e-24, 4.44818982375e-24, 3.72786949271e-24, 4.6362834514e-24, 4.55310792971e-24, 3.00169620818e-24, 6.61566207478e-24, 5.39133022835e-24, 6.39803783356e-24, 4.83170046928e-24, 6.72019797763e-24, 5.39301641854e-24, 5.10932389322e-24, 5.03238352812e-24, 7.88807499338e-24, 7.18883578674e-24, 5.93801004681e-24, 6.38453450702e-24, 5.55604162435e-24, 6.10957269977e-24, 7.3915746171e-24, 7.72336793612e-24, 5.54624081646e-24, 5.29858661274e-24, 6.2744710558e-24, 6.75707959154e-24],
        "var": [4.12566623709e-05, 5.37877713214e-05, 1.49868174049e-05, 1.42672183756e-06, 6.53188976685e-07, 1.01324971524e-07, 7.7114970054e-07, 7.85396423453e-07, 5.59339298434e-07, 2.88741091481e-07, 5.77429410953e-08, 5.1741189111e-08, 4.66676581823e-08, 6.32223660091e-08, 2.22565024188e-08, 1.92550242417e-08, 9.66318669526e-09, 1.46782994648e-08, 6.38968122857e-09, 1.19885159577e-08, 2.19264384427e-09, 7.62981455793e-10, 8.95204244067e-10, 7.75912833983e-10, 3.26025734187e-10, 2.57159904482e-10, 2.67405042553e-10, 1.88425802738e-10, 1.02446433281e-10, 9.81058984051e-11, 8.76250738635e-11, 8.45732581189e-11, 9.89983511834e-11, 8.88051993053e-11, 9.98020208143e-11, 1.47246617677e-10, 2.84627155178e-10, 1.79723930183e-10, 1.17853560244e-10, 8.25597160081e-11]
    },
    "mfcc": {
        "mean": [-669.927490234, 84.0437164307, 18.750169754, 12.8515462875, 5.46549510956, 3.40459918976, -6.70213794708, -4.32723426819, -9.32914638519, -2.69161248207, -0.324591308832, -0.0808430686593, -0.315915495157],
        "cov": [[12044.1601562, -2444.40332031, -2581.46313477, -679.341430664, 325.252349854, 658.094177246, 637.04901123, 576.306152344, 171.866424561, 61.6705856323, 37.2470474243, -100.174476624, -166.172683716], [-2444.40332031, 2643.79150391, 869.391662598, 303.943511963, 5.40166664124, -336.137207031, -257.400360107, -244.570617676, -62.4959983826, 29.919298172, -17.3543720245, -29.2563533783, 21.4754543304], [-2581.46313477, 869.391662598, 1713.69616699, 537.537475586, -16.8173961639, -94.3688659668, -172.971969604, -123.50037384, -33.7822113037, -9.5983133316, -14.4078655243, 63.4809188843, 37.656463623], [-679.341430664, 303.943511963, 537.537475586, 519.32043457, 207.485519409, 57.7521095276, 24.2470302582, 66.7873840332, 80.3445358276, 49.4416389465, 5.63473176956, 49.9006309509, 40.3464889526], [325.252349854, 5.40166664124, -16.8173961639, 207.485519409, 480.412719727, 179.274169922, 113.030296326, 123.092292786, 101.241798401, 40.0689697266, 16.4281749725, 65.7183380127, 55.1266517639], [658.094177246, -336.137207031, -94.3688659668, 57.7521095276, 179.274169922, 379.420257568, 279.705535889, 172.413284302, 82.8708267212, 57.7425842285, 90.261100769, 44.5011520386, 21.8579597473], [637.04901123, -257.400360107, -172.971969604, 24.2470302582, 113.030296326, 279.705535889, 473.29876709, 231.396896362, 78.3016204834, 41.2881622314, 96.5485992432, 65.1313018799, 50.3343238831], [576.306152344, -244.570617676, -123.50037384, 66.7873840332, 123.092292786, 172.413284302, 231.396896362, 260.566009521, 128.255096436, 63.2211341858, 66.9933700562, 58.8548622131, 43.9091491699], [171.866424561, -62.4959983826, -33.7822113037, 80.3445358276, 101.241798401, 82.8708267212, 78.3016204834, 128.255096436, 178.991271973, 91.164276123, 45.757774353, 34.3183746338, 30.429309845], [61.6705856323, 29.919298172, -9.5983133316, 49.4416389465, 40.0689697266, 57.7425842285, 41.2881622314, 63.2211341858, 91.164276123, 146.426849365, 62.7857437134, 23.5351867676, 16.6090927124], [37.2470474243, -17.3543720245, -14.4078655243, 5.63473176956, 16.4281749725, 90.261100769, 96.5485992432, 66.9933700562, 45.757774353, 62.7857437134, 118.299682617, 57.9980773926, 29.6592350006], [-100.174476624, -29.2563533783, 63.4809188843, 49.9006309509, 65.7183380127, 44.5011520386, 65.1313018799, 58.8548622131, 34.3183746338, 23.5351867676, 57.9980773926, 133.635360718, 68.1420898438], [-166.172683716, 21.4754543304, 37.656463623, 40.3464889526, 55.1266517639, 21.8579597473, 50.3343238831, 43.9091491699, 30.429309845, 16.6090927124, 29.6592350006, 68.1420898438, 105.134933472]],
