{
"lowlevel": {
    "average_loudness": 0.842070400715,
    "barkbands_crest": {
        "dmean": 3.15923166275,
        "dmean2": 5.01962137222,
        "dvar": 7.60650873184,
        "dvar2": 18.4345092773,
        "max": 26.5711765289,
        "mean": 11.3441667557,
        "median": 10.4621238708,
        "min": 2.72926712036,
        "var": 22.3832054138
    },
    "barkbands_flatness_db": {
        "dmean": 0.030429078266,
        "dmean2": 0.0439139865339,
        "dvar": 0.00089163472876,
        "dvar2": 0.00168770423625,
        "max": 0.513473689556,
        "mean": 0.217469334602,
        "median": 0.209190398455,
        "min": 0.0354594998062,
        "var": 0.00525654945523
    },
    "barkbands_kurtosis": {
        "dmean": 4.90593481064,
        "dmean2": 7.92334222794,
        "dvar": 105.760757446,
        "dvar2": 258.919036865,
        "max": 142.909042358,
        "mean": 5.0081448555,
        "median": 1.24678325653,
        "min": -1.84060668945,
        "var": 128.716064453
    },
    "barkbands_skewness": {
        "dmean": 0.788604795933,
        "dmean2": 1.19464588165,
        "dvar": 0.839210808277,
        "dvar2": 1.85707271099,
        "max": 9.98521518707,
        "mean": 1.04061973095,
        "median": 0.778649389744,
        "min": -3.37491583824,
        "var": 2.22534942627
    },
    "barkbands_spread": {
        "dmean": 5.14173364639,
        "dmean2": 7.81582736969,
        "dvar": 42.359210968,
        "dvar2": 93.2102508545,
        "max": 139.391372681,
        "mean": 14.2659130096,
        "median": 12.1111621857,
        "min": 0.2722453475,
        "var": 117.134735107
    },
    "dissonance": {
        "dmean": 0.0282710678875,
        "dmean2": 0.0477379187942,
        "dvar": 0.000890926865395,
        "dvar2": 0.00241227238439,
        "max": 0.499999940395,
        "mean": 0.448592334986,
        "median": 0.462488770485,
        "min": 0.0974777638912,
        "var": 0.0026207533665
    },
    "dynamic_complexity": 5.57221412659,
    "erbbands_crest": {
        "dmean": 3.46237778664,
        "dmean2": 5.63404941559,
        "dvar": 10.1093358994,
        "dvar2": 25.0794849396,
        "max": 33.2310905457,
        "mean": 11.8185520172,
        "median": 10.4906949997,
        "min": 2.60371756554,
        "var": 28.5899028778
    },
    "erbbands_flatness_db": {
        "dmean": 0.0264733117074,
        "dmean2": 0.0379528775811,
        "dvar": 0.000646962667815,
        "dvar2": 0.00122306356207,
        "max": 0.500531613827,
        "mean": 0.257084518671,
        "median": 0.252545118332,
        "min": 0.0423885919154,
        "var": 0.00412928592414
    },
    "erbbands_kurtosis": {
        "dmean": 2.33007931709,
        "dmean2": 3.77026033401,
        "dvar": 31.8792591095,
        "dvar2": 80.4747695923,
        "max": 182.55557251,
        "mean": 1.89254140854,
        "median": 0.263736605644,
        "min": -1.85609090328,
        "var": 44.8805923462
    },
    "erbbands_skewness": {
        "dmean": 0.64636695385,
        "dmean2": 1.00470435619,
        "dvar": 0.39751303196,
        "dvar2": 0.957029819489,
        "max": 10.1037731171,
        "mean": 0.456975758076,
        "median": 0.342302232981,
        "min": -4.04294204712,
        "var": 1.34614253044
    },
    "erbbands_spread": {
        "dmean": 7.51606225967,
        "dmean2": 11.345249176,
        "dvar": 87.7205734253,
        "dvar2": 205.683547974,
        "max": 136.017807007,
        "mean": 23.6152801514,
        "median": 19.6777801514,
        "min": 0.583379566669,
        "var": 261.524078369
    },
    "hfc": {
        "dmean": 6.57399988174,
        "dmean2": 9.28614044189,
        "dvar": 88.8327102661,
        "dvar2": 198.014144897,
        "max": 199.035339355,
        "mean": 16.4420166016,
        "median": 9.10438156128,
        "min": 1.08843270501e-16,
        "var": 364.25378418
    },
    "melbands_crest": {
        "dmean": 3.49503278732,
        "dmean2": 5.52439451218,
        "dvar": 9.66460800171,
        "dvar2": 23.4781761169,
        "max": 37.6790733337,
        "mean": 13.5882167816,
        "median": 12.692864418,
        "min": 1.6386847496,
        "var": 29.7125606537
    },
    "melbands_flatness_db": {
        "dmean": 0.0362413823605,
        "dmean2": 0.0491768680513,
        "dvar": 0.00140930863563,
        "dvar2": 0.00247016642243,
        "max": 0.631284892559,
        "mean": 0.279130220413,
        "median": 0.260919749737,
        "min": 0.00196281285025,
        "var": 0.00923151709139
    },
    "melbands_kurtosis": {
        "dmean": 7.95729541779,
        "dmean2": 12.5643196106,
        "dvar": 286.603729248,
        "dvar2": 676.418762207,
        "max": 275.371704102,
        "mean": 9.84210395813,
        "median": 3.14833259583,
        "min": -1.79423761368,
        "var": 359.375183105
    },
    "melbands_skewness": {
        "dmean": 0.884614646435,
        "dmean2": 1.3091288805,
        "dvar": 1.07340598106,
        "dvar2": 2.34559011459,
        "max": 12.8496274948,
        "mean": 1.68704581261,
        "median": 1.28913521767,
        "min": -2.64591646194,
        "var": 3.04722476006
    },
    "melbands_spread": {
        "dmean": 7.40602493286,
        "dmean2": 11.0925760269,
        "dvar": 112.209907532,
        "dvar2": 240.479705811,
        "max": 196.045455933,
        "mean": 20.126947403,
        "median": 16.4369163513,
        "min": 0.428893864155,
        "var": 340.864776611
    },
    "pitch_salience": {
        "dmean": 0.0712156966329,
        "dmean2": 0.113002948463,
        "dvar": 0.00380149809644,
        "dvar2": 0.00941482093185,
        "max": 0.971573352814,
        "mean": 0.527116894722,
        "median": 0.527547240257,
        "min": 0.0901893228292,
        "var": 0.0116612482816
    },
    "silence_rate_20dB": {
        "dmean": 0,
        "dmean2": 0,
        "dvar": 0,
        "dvar2": 0,
        "max": 1,
        "mean": 1,
        "median": 1,
        "min": 1,
        "var": 0
    },
    "silence_rate_30dB": {
        "dmean": 0.000368154636817,
        "dmean2": 0.000736377027351,
        "dvar": 0.000368027976947,
        "dvar2": 0.00110405881424,
        "max": 1,
        "mean": 0.999815940857,
        "median": 1,
        "min": 0,
        "var": 0.000184025295312
    },
    "silence_rate_60dB": {
        "dmean": 0.0660837516189,
        "dmean2": 0.132179677486,
        "dvar": 0.0617243498564,
        "dvar2": 0.136971592903,
        "max": 1,
        "mean": 0.179090738297,
        "median": 0,
        "min": 0,
        "var": 0.147023022175
    },
    "spectral_centroid": {
        "dmean": 250.189849854,
        "dmean2": 364.382537842,
        "dvar": 101001.164062,
        "dvar2": 199901.828125,
        "max": 11431.6484375,
        "mean": 1109.83190918,
        "median": 1049.33081055,
        "min": 157.522201538,
        "var": 483914.0625
    },
    "spectral_complexity": {
        "dmean": 3.25154161453,
        "dmean2": 4.38125944138,
        "dvar": 13.4795246124,
        "dvar2": 18.998758316,
        "max": 45,
        "mean": 12.7944965363,
        "median": 12,
        "min": 0,
        "var": 84.5832214355
    },
    "spectral_decrease": {
        "dmean": 1.82898374224e-09,
        "dmean2": 2.55909848867e-09,
        "dvar": 5.69938195397e-18,
        "dvar2": 1.18677620804e-17,
        "max": 1.79834948375e-28,
        "mean": -4.83062168044e-09,
        "median": -3.70348929302e-09,
        "min": -3.40163204271e-08,
        "var": 2.03214321354e-17
    },
    "spectral_energy": {
        "dmean": 0.00744667183608,
        "dmean2": 0.010425417684,
        "dvar": 9.39440506045e-05,
        "dvar2": 0.000196194741875,
        "max": 0.134460553527,
        "mean": 0.0197232160717,
        "median": 0.0150622520596,
        "min": 9.93789651323e-21,
        "var": 0.00034340764978
    },
    "spectral_energyband_high": {
        "dmean": 5.64100482734e-05,
        "dmean2": 7.75593725848e-05,
        "dvar": 3.5148527644e-08,
        "dvar2": 5.98208629299e-08,
        "max": 0.0051888586022,
        "mean": 0.00011499592074,
        "median": 2.37976310018e-05,
        "min": 6.62406396091e-21,
        "var": 1.01601607128e-07
    },
    "spectral_energyband_low": {
        "dmean": 0.000860370055307,
        "dmean2": 0.0010445433436,
        "dvar": 2.56819430433e-06,
        "dvar2": 4.16707325712e-06,
        "max": 0.0490734986961,
        "mean": 0.00275054341182,
        "median": 0.00151741807349,
        "min": 1.60506120506e-23,
        "var": 1.54470380949e-05
    },
    "spectral_energyband_middle_high": {
        "dmean": 0.00347755174153,
        "dmean2": 0.00506963487715,
        "dvar": 3.32800773322e-05,
        "dvar2": 7.76804808993e-05,
        "max": 0.0865981429815,
        "mean": 0.00757384952158,
        "median": 0.0018751793541,
        "min": 1.11144983306e-21,
        "var": 0.000125708727865
    },
    "spectral_energyband_middle_low": {
        "dmean": 0.00504930736497,
        "dmean2": 0.00731427595019,
        "dvar": 6.2664039433e-05,
        "dvar2": 0.000135077862069,
        "max": 0.121216371655,
        "mean": 0.00954432506114,
        "median": 0.00559558905661,
        "min": 1.9989953695e-22,
        "var": 0.000134920395794
    },
    "spectral_entropy": {
        "dmean": 0.240205079317,
        "dmean2": 0.34765869379,
        "dvar": 0.0614729858935,
        "dvar2": 0.118308186531,
        "max": 9.82021713257,
        "mean": 6.91436004639,
        "median": 6.98951530457,
        "min": 3.72334218025,
        "var": 0.375057935715
    },
    "spectral_flux": {
        "dmean": 0.023065622896,
        "dmean2": 0.0376841314137,
        "dvar": 0.000654936302453,
        "dvar2": 0.00163810420781,
        "max": 0.271998137236,
        "mean": 0.0665306374431,
        "median": 0.0612259916961,
        "min": 6.49052062096e-11,
        "var": 0.00185769994278
    },
    "spectral_kurtosis": {
        "dmean": 7.39052724838,
        "dmean2": 12.242105484,
        "dvar": 109.074226379,
        "dvar2": 277.11730957,
        "max": 129.526504517,
        "mean": 13.9058504105,
        "median": 9.1987285614,
        "min": -1.35234725475,
        "var": 214.594070435
    },
    "spectral_rms": {
        "dmean": 0.000812916085124,
        "dmean2": 0.00107106508221,
        "dvar": 7.43333316677e-07,
        "dvar2": 1.32772879624e-06,
        "max": 0.011453429237,
        "mean": 0.00381712242961,
        "median": 0.00383339007385,
        "min": 3.113761202e-12,
        "var": 4.67177960672e-06
    },
    "spectral_rolloff": {
        "dmean": 384.970672607,
        "dmean2": 637.886535645,
        "dvar": 597451.1875,
        "dvar2": 1220170.5,
        "max": 19702.8808594,
        "mean": 1325.81994629,
        "median": 1227.39257812,
        "min": 21.533203125,
        "var": 2186546.75
    },
    "spectral_skewness": {
        "dmean": 0.630447626114,
        "dmean2": 0.998660624027,
        "dvar": 0.54458874464,
        "dvar2": 1.27501356602,
        "max": 9.38544559479,
        "mean": 2.26366233826,
        "median": 2.01163864136,
        "min": -0.146419912577,
        "var": 1.41233837605
    },
    "spectral_spread": {
        "dmean": 438140.15625,
        "dmean2": 636249.375,
        "dvar": 625367121920,
        "dvar2": 1.16251466138e+12,
        "max": 50075524,
        "mean": 2765304.25,
        "median": 2386121.5,
        "min": 566820.5625,
        "var": 4.63202051686e+12
    },
    "spectral_strongpeak": {
        "dmean": 0.806415319443,
        "dmean2": 1.29113018513,
        "dvar": 1.50888836384,
        "dvar2": 3.93721985817,
        "max": 16.5017986298,
        "mean": 1.45753252506,
        "median": 0.829096853733,
        "min": 0,
        "var": 3.30382013321
    },
    "zerocrossingrate": {
        "dmean": 0.00843883957714,
        "dmean2": 0.00927500706166,
        "dvar": 0.000184073738637,
        "dvar2": 0.000192401319509,
        "max": 0.87451171875,
        "mean": 0.047866165638,
        "median": 0.04345703125,
        "min": 0.00244140625,
        "var": 0.00202693161555
    },
    "barkbands": {
        "dmean": [0.000113819529361, 0.000534225488082, 0.000299696257571, 0.000149808824062, 0.000487841636641, 0.00220215530135, 0.00119466544129, 0.000769482983742, 0.00161391345318, 0.000968931184616, 0.000749162049033, 0.000722295080777, 0.000707899744157, 0.000659202225506, 0.000724885670934, 0.0003297351941, 0.000217422915739, 0.000146675927681, 7.01710450812e-05, 4.86851349706e-05, 1.23531308418e-05, 5.32326930625e-06, 7.09120877218e-06, 1.38351106216e-05, 4.53576512882e-06, 1.29793284032e-06, 1.34205293989e-07],
        "dmean2": [0.000199500835151, 0.000670541485306, 0.000356359698344, 0.00023354748555, 0.000714225578122, 0.00325214071199, 0.00182736536954, 0.00114574644249, 0.00244078692049, 0.00150100432802, 0.00113766826689, 0.00110382784624, 0.00114052253775, 0.00103331485298, 0.00122526357882, 0.000497612403706, 0.000342216429999, 0.000225256866543, 0.00010319633293, 7.53043495934e-05, 1.82537187357e-05, 7.68235713622e-06, 9.40340032685e-06, 1.87280293176e-05, 6.0440524976e-06, 1.65453695899e-06, 1.88635240761e-07],
        "dvar": [1.7619483117e-07, 1.10784355911e-06, 3.83889073419e-07, 1.97751802489e-07, 1.33130652102e-06, 2.48232190643e-05, 1.12368925329e-05, 8.62124852574e-06, 1.9195385903e-05, 5.83863356951e-06, 5.34941364094e-06, 5.75535113967e-06, 4.31834132542e-06, 2.48782248491e-06, 4.90564343636e-06, 3.27917223331e-06, 2.72154835557e-07, 1.74367173145e-07, 1.56010067087e-08, 1.31422677185e-08, 1.96724236901e-09, 1.98643185234e-10, 1.58217217106e-09, 5.95817306603e-09, 9.4593555211e-10, 4.93863769324e-11, 6.59207714457e-13],
        "dvar2": [5.37500909559e-07, 2.10141479329e-06, 5.32453611868e-07, 5.02838076955e-07, 2.81956909021e-06, 5.27107185917e-05, 2.48259675573e-05, 1.89895490621e-05, 4.4526084821e-05, 1.42595035868e-05, 1.32085378937e-05, 1.41051768878e-05, 1.10759501695e-05, 5.96928657615e-06, 1.47991122503e-05, 8.19889191916e-06, 6.69434996325e-07, 3.89820428381e-07, 3.36524301758e-08, 3.20139008636e-08, 3.82061804416e-09, 3.95516758234e-10, 2.66426036788e-09, 9.75921743418e-09, 1.63707236656e-09, 8.4247359089e-11, 1.20390535648e-12],
        "max": [0.00725777959451, 0.0293644350022, 0.0206076875329, 0.0139624839649, 0.0224509704858, 0.0932115912437, 0.111855857074, 0.0929719507694, 0.0866689160466, 0.039056904614, 0.0615175142884, 0.064803481102, 0.0481117740273, 0.0292486939579, 0.0479705110192, 0.0790101587772, 0.0128867244348, 0.014803269878, 0.00245920405723, 0.00226649525575, 0.00190863886382, 0.000446705933427, 0.00123746250756, 0.00215439638123, 0.000962848891504, 0.000175065477379, 3.03394226648e-05],
        "mean": [0.000125310689327, 0.00160509708803, 0.000921556027606, 0.000308999908157, 0.000900907674804, 0.00330414297059, 0.00155185314361, 0.00107997143641, 0.00212287856266, 0.00141211692244, 0.00108629732858, 0.00107675231993, 0.000965418934356, 0.000992411049083, 0.000952608184889, 0.0004612764169, 0.000330197566655, 0.00022518626065, 0.000134427275043, 8.49239295349e-05, 2.07546709134e-05, 1.23470545077e-05, 1.32973227664e-05, 2.49023178185e-05, 6.91186460244e-06, 2.46999729825e-06, 2.01739368322e-07],
        "median": [1.53642413352e-05, 0.0008945123991, 0.000383764330763, 0.0001332310203, 0.000278981111478, 0.000514786457643, 0.000322919979226, 0.0001336682908, 0.000157152302563, 9.84424477792e-05, 7.25906720618e-05, 6.46500047878e-05, 7.51988845877e-05, 9.73372370936e-05, 0.000110602995846, 5.76122401981e-05, 7.74574582465e-05, 5.80696068937e-05, 4.1494735342e-05, 1.87767527677e-05, 3.64763445759e-06, 1.40911356539e-06, 5.83505141094e-07, 8.10528263173e-07, 1.81894691309e-07, 6.02248633186e-08, 2.13760920076e-09],
        "min": [3.29061533142e-24, 6.07855271682e-24, 1.52872684291e-24, 1.85485673227e-24, 6.99898536584e-24, 1.04704766421e-23, 1.62582796839e-23, 1.32427752545e-23, 3.07551528733e-23, 1.8963742845e-23, 1.89364782344e-23, 3.51809181426e-23, 3.02009907092e-23, 3.84415768755e-23, 7.72225595778e-23, 4.84118983488e-23, 1.00223560007e-22, 8.97999685241e-23, 1.39863852049e-22, 2.06059657096e-22, 2.98479117141e-22, 3.64072484892e-22, 3.88874928084e-22, 6.59821335508e-22, 9.63704086741e-22, 1.2073480561e-21, 1.88642456492e-21],
        "var": [2.08638994081e-07, 5.00050009578e-06, 2.71111866823e-06, 3.87660378465e-07, 3.43207580045e-06, 4.89046396979e-05, 1.71977044374e-05, 1.52839020302e-05, 2.62827816186e-05, 1.17335057439e-05, 1.04388354885e-05, 1.20283048091e-05, 7.19930085324e-06, 5.2097070693e-06, 6.40717553324e-06, 6.3834681896e-06, 6.57045461594e-07, 2.91193174462e-07, 5.29090264934e-08, 3.64802978936e-08, 5.4743090061e-09, 7.63213880983e-10, 3.8595548979e-09, 1.55393031775e-08, 1.51673562598e-09, 1.44170966832e-10, 1.79351271248e-12]
    },
    "erbbands": {
        "dmean": [0.0163962766528, 0.123744413257, 0.309916347265, 0.406505852938, 0.860674500465, 1.71431612968, 7.06408977509, 22.6009864807, 15.0373258591, 20.7111053467, 16.6280841827, 33.4887199402, 37.815158844, 26.964509964, 30.4019737244, 22.1576309204, 32.6416931152, 31.2962779999, 42.924407959, 19.4040126801, 19.321023941, 13.6262340546, 8.76424598694, 3.93775343895, 3.50574707985, 2.15810418129, 0.82741612196, 0.302963197231, 0.207008779049, 0.157269328833, 0.228316739202, 0.284169763327, 0.230520546436, 0.076327547431, 0.0203513279557, 0.00793594494462, 0.00203601527028, 0.000343076215358, 2.54982769547e-05, 8.9890554591e-06],
        "dmean2": [0.0208528861403, 0.157019510865, 0.382283717394, 0.545009315014, 1.38932883739, 2.43330669403, 9.94112300873, 33.6472930908, 22.9498519897, 31.1242713928, 24.5558128357, 50.658821106, 57.5677986145, 41.0991096497, 46.2689170837, 33.386516571, 52.5434570312, 48.9655685425, 72.1437454224, 31.0152111053, 28.8048305511, 21.230676651, 13.6120223999, 5.63607597351, 5.20263624191, 3.28843832016, 1.23848903179, 0.448624402285, 0.305068910122, 0.222709268332, 0.304999381304, 0.383759081364, 0.311251580715, 0.0996820032597, 0.0277657620609, 0.0105631379411, 0.00250200228766, 0.000439178518718, 3.46129345417e-05, 1.25382312035e-05],
        "dvar": [0.00101200153586, 0.0614326000214, 0.494235128164, 0.597746014595, 11.011756897, 15.7051458359, 406.541015625, 2914.08764648, 1192.81848145, 3256.48828125, 2901.5690918, 10580.6367188, 7535.36474609, 5552.45849609, 9782.16796875, 5661.82177734, 9259.68945312, 6548.16015625, 18388.2207031, 2444.25805664, 14175.3828125, 1013.78491211, 508.632568359, 81.725112915, 54.5991897583, 27.9327659607, 8.36959075928, 0.855422377586, 0.278376728296, 0.421322286129, 1.6672437191, 2.79833722115, 1.63040292263, 0.231463238597, 0.0233324430883, 0.00223012152128, 0.000114205999125, 3.53043174073e-06, 1.68670606371e-08, 1.32596433833e-10],
        "dvar2": [0.00197495031171, 0.11767949909, 0.680312037468, 1.21394193172, 29.5234642029, 30.2853031158, 765.695068359, 6342.46386719, 2662.13647461, 7447.53173828, 6382.80712891, 24616.1640625, 17878.8769531, 14433.9833984, 25129.0996094, 13971.3134766, 23854.1816406, 16295.9306641, 56071.5, 6409.19970703, 35359.8476562, 2490.70532227, 1133.38659668, 182.613800049, 122.746131897, 68.2383422852, 18.6388034821, 1.86789977551, 0.576045572758, 0.817334294319, 2.78871798515, 5.06099653244, 2.6357665062, 0.390989422798, 0.0418287441134, 0.00436553219333, 0.000178715825314, 5.45125521967e-06, 3.19062110066e-08, 2.75466982558e-10],
        "max": [0.79365247488, 6.82303762436, 25.341840744, 19.9888782501, 118.269226074, 85.6449737549, 450.087585449, 1165.9095459, 878.931640625, 1396.93078613, 1574.00219727, 2499.64550781, 1484.66394043, 1363.77416992, 2959.23193359, 2408.08935547, 2487.71899414, 1744.12805176, 3126.22558594, 954.927978516, 5311.45556641, 802.099487305, 657.958190918, 328.141204834, 174.13772583, 102.697967529, 107.560775757, 25.9002246857, 15.1181936264, 20.6645412445, 44.3203353882, 51.4837265015, 32.9701004028, 15.9670066833, 4.84726381302, 1.21340858936, 0.323601841927, 0.0621402263641, 0.00412321602926, 0.0001596447255],
        "mean": [0.0489070788026, 0.360859453678, 0.935341536999, 1.15849328041, 1.57838404179, 3.19237685204, 11.5628299713, 32.514087677, 20.889793396, 27.7353897095, 23.6601161957, 44.2805290222, 56.3158493042, 41.6844787598, 46.6826667786, 33.9007263184, 46.771648407, 48.9678421021, 60.972984314, 29.2998180389, 28.4974136353, 21.5022411346, 14.0329351425, 6.79810857773, 7.11593770981, 3.91706967354, 1.38812673092, 0.549198806286, 0.474542111158, 0.328530371189, 0.423516631126, 0.490095287561, 0.412488639355, 0.121501065791, 0.0308846458793, 0.0138064613566, 0.00380226108246, 0.000628153677098, 4.49389917776e-05, 2.41594207182e-05],
        "median": [0.0256710071117, 0.202931553125, 0.387601494789, 0.648101747036, 0.411379158497, 0.837976455688, 1.77810037136, 5.31329202652, 5.96303939819, 6.05281162262, 3.75995063782, 4.2695646286, 5.25562524796, 3.91909217834, 3.68716979027, 2.47708773613, 3.89119315147, 5.17038154602, 7.46587705612, 4.73915672302, 3.96323204041, 5.32733631134, 3.82849168777, 2.71188235283, 1.97618317604, 0.95753967762, 0.235560297966, 0.137334764004, 0.0655201524496, 0.0210564229637, 0.0177874192595, 0.0165196340531, 0.0107309529558, 0.00330726709217, 0.000802863854915, 0.000358332006726, 9.50515386648e-05, 1.34617730509e-05, 1.0040917914e-05, 1.83133342944e-05],
        "min": [1.90013468977e-22, 1.3639640826e-21, 3.03549495997e-21, 7.80079866031e-21, 2.36667472335e-20, 2.58969861081e-20, 6.94446493948e-20, 1.3724557459e-19, 1.33666493327e-19, 3.20994622833e-19, 5.41122738373e-19, 7.85154874352e-19, 8.85306077209e-19, 7.63046766421e-19, 1.24595330876e-18, 1.44103496404e-18, 1.64571026007e-18, 3.71436024208e-18, 3.80457380046e-18, 4.54310009009e-18, 4.22038632745e-18, 6.06548175333e-18, 5.22172609566e-18, 6.7161490542e-18, 5.63391929388e-18, 9.31389487867e-18, 1.00976361014e-17, 1.35040568537e-17, 1.44829134393e-17, 1.28517612478e-17, 1.16681906955e-17, 8.58262668532e-18, 1.1949643862e-17, 9.06248077611e-18, 7.13848100519e-18, 4.52788575708e-18, 2.24882098297e-18, 9.52058518667e-19, 2.7213430482e-19, 2.74981460489e-20],
        "var": [0.00497464602813, 0.257849514484, 3.5214869976, 2.37097239494, 19.0867385864, 47.602394104, 878.907714844, 5610.515625, 1861.68713379, 4841.92919922, 5038.27099609, 14057.5517578, 14151.3935547, 10555.2197266, 19022.7539062, 11024.8496094, 16095.5556641, 14272.6025391, 26705.5878906, 4056.39282227, 26944.15625, 2567.46191406, 927.028869629, 150.570556641, 209.064300537, 72.3802719116, 18.799287796, 2.38486814499, 1.04978227615, 1.04806089401, 4.2141046524, 5.84801626205, 4.67592048645, 0.42362549901, 0.0350303649902, 0.0047665531747, 0.000378211960196, 1.24177140606e-05, 4.51690418402e-08, 5.18979748065e-10]
    },
    "gfcc": {
        "mean": [-118.852554321, 139.081054688, -147.576431274, 9.19930744171, -43.4476242065, -6.70263814926, -31.3234825134, 6.08410549164, -11.0195398331, -0.596868038177, -0.15130315721, -3.34485149384, -1.78669536114],
        "cov": [[18261.3144531, -68.7112045288, -2724.56152344, 406.381500244, -232.458908081, 437.080444336, -507.824615479, 263.352172852, -0.814600646496, -233.906997681, -79.1968612671, -425.832550049, -133.448547363], [-68.7112045288, 3137.58642578, 395.639312744, 240.347396851, 1150.18713379, -402.808776855, 815.956176758, -99.5186843872, 261.714233398, -60.4958114624, 159.582122803, -118.251647949, 48.2504615784], [-2724.56152344, 395.639312744, 1906.82250977, 550.881591797, 141.061553955, 64.5717849731, 38.9253196716, 45.1364517212, 21.9573783875, 74.9842529297, 90.051361084, 126.989242554, -42.4582366943], [406.381500244, 240.347396851, 550.881591797, 1111.29174805, 425.891265869, -140.630340576, -39.8846702576, 73.7311935425, 107.052314758, -6.19528579712, -79.0439529419, -52.1040077209, -14.4201622009], [-232.458908081, 1150.18713379, 141.061553955, 425.891265869, 979.747009277, -20.6330528259, 429.266906738, 42.8909187317, 142.594665527, -7.48902225494, -85.5888442993, -116.591949463, 16.0427036285], [437.080444336, -402.808776855, 64.5717849731, -140.630340576, -20.6330528259, 644.12310791, 83.0851135254, 73.8478012085, -115.40763092, -12.2486438751, -25.722038269, -39.969909668, -100.893936157], [-507.824615479, 815.956176758, 38.9253196716, -39.8846702576, 429.266906738, 83.0851135254, 704.142211914, 47.7766838074, 9.59848022461, 47.5870857239, 32.1748695374, -37.5750617981, 0.170290529728], [263.352172852, -99.5186843872, 45.1364517212, 73.7311935425, 42.8909187317, 73.8478012085, 47.7766838074, 202.562103271, 68.996925354, 9.43665409088, -48.0098571777, -23.8118934631, -33.2545967102], [-0.814600646496, 261.714233398, 21.9573783875, 107.052314758, 142.594665527, -115.40763092, 9.59848022461, 68.996925354, 207.807479858, 52.070022583, -3.3572807312, -25.379404068, 13.2453336716], [-233.906997681, -60.4958114624, 74.9842529297, -6.19528579712, -7.48902225494, -12.2486438751, 47.5870857239, 9.43665409088, 52.070022583, 182.093414307, 43.167678833, 20.3576660156, 11.5804758072], [-79.1968612671, 159.582122803, 90.051361084, -79.0439529419, -85.5888442993, -25.722038269, 32.1748695374, -48.0098571777, -3.3572807312, 43.167678833, 173.837432861, 62.4886550903, 7.05444383621], [-425.832550049, -118.251647949, 126.989242554, -52.1040077209, -116.591949463, -39.969909668, -37.5750617981, -23.8118934631, -25.379404068, 20.3576660156, 62.4886550903, 164.260070801, 77.8913803101], [-133.448547363, 48.2504615784, -42.4582366943, -14.4201622009, 16.0427036285, -100.893936157, 0.170290529728, -33.2545967102, 13.2453336716, 11.5804758072, 7.05444383621, 77.8913803101, 164.390090942]],
        "icov": [[0.000122732133605, -0.000225166339078, 0.000290504278382, -0.000258035230218, 0.000238985710894, -0.000265954819042, 0.000240061883233, -0.000334943761118, 0.000225907002459, -0.000156519497978, -4.11511646234e-05, 6.54142277199e-05, -7.2844173701e-05], [-0.000225166339078, 0.00184522045311, -0.000918565609027, 0.000891100324225, -0.00169843214098, 0.00129018188454, -0.00138793047518, 0.00146002310794, -0.00159125833306, 0.00179270899389, -0.00170601764694, 0.000915062904824, 1.24818470795e-05], [0.000290504278382, -0.000918565609027, 0.00154421187472, -0.00115468376316, 0.000857498147525, -0.00100131740328, 0.000780428061262, -0.00102702318691, 0.000840148946736, -0.000964606297202, 0.000115074362839, -0.00105323770549, 0.000390544795664], [-0.000258035230218, 0.000891100324225, -0.00115468376316, 0.00221741362475, -0.00170442741364, 0.00122576137073, -0.000161170450156, 0.000359400262823, -0.00053137174109, 0.00068941473728, -0.000228519464144, 0.000505803967826, 0.000181170384167], [0.000238985710894, -0.00169843214098, 0.000857498147525, -0.00170442741364, 0.00407531065866, -0.00154637685046, -0.000320832885336, -0.000333105854224, -0.000267329247436, -0.000967270054389, 0.00243102875538, 7.29728635633e-05, -0.000698586809449], [-0.000265954819042, 0.00129018188454, -0.00100131740328, 0.00122576137073, -0.00154637685046, 0.00328592513688, -0.000992896966636, -7.29458697606e-05, 0.000599479360972, 0.000845358357765, -0.000828880583867, 0.000691594090313, 0.00100825878326], [0.000240061883233, -0.00138793047518, 0.000780428061262, -0.000161170450156, -0.000320832885336, -0.000992896966636, 0.00372789078392, -0.00242590159178, 0.00256389239803, -0.00207688030787, -0.000118213065434, -0.000181420371518, -0.000252236059168], [-0.000334943761118, 0.00146002310794, -0.00102702318691, 0.000359400262823, -0.000333105854224, -7.29458697606e-05, -0.00242590159178, 0.00911251828074, -0.00523518351838, 0.00172279938124, 0.00167912757024, -0.000765331322327, 0.00149048597086], [0.000225907002459, -0.00159125833306, 0.000840148946736, -0.00053137174109, -0.000267329247436, 0.000599479360972, 0.00256389239803, -0.00523518351838, 0.0102879190817, -0.00391610525548, -0.000218031724216, 0.000965762534179, -0.000848143361509], [-0.000156519497978, 0.00179270899389, -0.000964606297202, 0.00068941473728, -0.000967270054389, 0.000845358357765, -0.00207688030787, 0.00172279938124, -0.00391610525548, 0.00851124245673, -0.00283759692684, 0.000750281964429, -0.00039578700671], [-4.11511646234e-05, -0.00170601764694, 0.000115074362839, -0.000228519464144, 0.00243102875538, -0.000828880583867, -0.000118213065434, 0.00167912757024, -0.000218031724216, -0.00283759692684, 0.0109472665936, -0.00453575374559, 0.00196765246801], [6.54142277199e-05, 0.000915062904824, -0.00105323770549, 0.000505803967826, 7.29728635633e-05, 0.000691594090313, -0.000181420371518, -0.000765331322327, 0.000965762534179, 0.000750281964429, -0.00453575374559, 0.0126342615113, -0.00610282411799], [-7.2844173701e-05, 1.24818470795e-05, 0.000390544795664, 0.000181170384167, -0.000698586809449, 0.00100825878326, -0.000252236059168, 0.00149048597086, -0.000848143361509, -0.00039578700671, 0.00196765246801, -0.00610282411799, 0.010029242374]]
    },
    "melbands": {
        "dmean": [0.000148567574797, 0.000161783085787, 8.1118021626e-05, 8.2954953541e-05, 0.000207688019145, 0.000473183084978, 0.000248002033914, 0.000222304472118, 0.000130177941173, 0.000239297223743, 0.000193676096387, 0.000115586910397, 0.000100703560747, 8.06138123153e-05, 5.68012801523e-05, 8.68234637892e-05, 5.6008429965e-05, 7.65486402088e-05, 4.22983757744e-05, 2.01352358999e-05, 2.16830958379e-05, 1.50780197146e-05, 1.08273643491e-05, 6.11020368524e-06, 3.08330368171e-06, 2.90342063636e-06, 2.2353121949e-06, 1.42552949001e-06, 6.62325817302e-07, 2.86844709763e-07, 1.48799784938e-07, 1.23266531205e-07, 1.22845762007e-07, 8.05615556487e-08, 1.22518784451e-07, 1.733196342e-07, 1.90961372937e-07, 1.8748916375e-07, 1.14927260597e-07, 5.10465127945e-08],
        "dmean2": [0.000184398770216, 0.000201430433663, 0.000112781504868, 0.000126171187731, 0.000292901851935, 0.00070549629163, 0.000376715062885, 0.000331773306243, 0.000194521606318, 0.000362545397365, 0.000295393052511, 0.000176313187694, 0.000152166801854, 0.000123107398394, 8.86367633939e-05, 0.000138255549246, 8.82471431396e-05, 0.00012883124873, 7.04805643181e-05, 3.10487048409e-05, 3.25408836943e-05, 2.39969122049e-05, 1.71345618583e-05, 9.19959984458e-06, 4.48369428341e-06, 4.31972102888e-06, 3.43176839124e-06, 2.22252833737e-06, 1.01859450297e-06, 4.09958147429e-07, 2.31164435149e-07, 1.82806985549e-07, 1.83086797279e-07, 1.15716339621e-07, 1.68480170259e-07, 2.32786405263e-07, 2.67248992714e-07, 2.60506766381e-07, 1.49098340785e-07, 6.8936699904e-08],
        "dvar": [7.76419284421e-08, 1.14143922758e-07, 4.45997905274e-08, 4.9211479336e-08, 3.15664749451e-07, 1.21518519336e-06, 3.48804547912e-07, 3.89208196339e-07, 1.6541510206e-07, 5.22134428138e-07, 2.02684617534e-07, 9.44117104495e-08, 9.14635265303e-08, 5.92628666141e-08, 7.11883529902e-08, 6.24631439905e-08, 2.16273665643e-08, 5.94827547218e-08, 1.69134946049e-08, 4.92776086602e-09, 2.03081551575e-08, 1.17552123591e-09, 7.23989368456e-10, 7.16896930708e-10, 3.38952650669e-11, 3.3274594885e-11, 3.25387702893e-11, 1.63370809936e-11, 6.00584382573e-12, 1.33679471572e-12, 2.20442330297e-13, 1.03249880705e-13, 1.3883634368e-13, 1.49144355178e-13, 4.67712945196e-13, 1.03292970965e-12, 1.23821558475e-12, 1.11229526024e-12, 4.26586825759e-13, 1.17286510907e-13],
        "dvar2": [1.4837152662e-07, 1.81455789061e-07, 1.03526922146e-07, 1.21533474839e-07, 5.99336885898e-07, 2.62906405624e-06, 7.63191849273e-07, 8.75104774423e-07, 3.59986017884e-07, 1.21199650494e-06, 4.81512358874e-07, 2.42716538423e-07, 2.33098518265e-07, 1.42256283198e-07, 1.81414677058e-07, 1.59860746862e-07, 5.38507762826e-08, 1.79029186143e-07, 4.58438442763e-08, 1.27315260556e-08, 5.00393682046e-08, 2.99016744698e-09, 1.84939585868e-09, 1.68417879642e-09, 7.40738373417e-11, 7.46270198415e-11, 7.7238229701e-11, 4.27075354248e-11, 1.51383593161e-11, 2.03443143408e-12, 5.54599985728e-13, 2.18340848331e-13, 2.88578405963e-13, 3.07294012285e-13, 8.2512691341e-13, 1.8080056766e-12, 2.40559937421e-12, 1.88144964018e-12, 6.84762305452e-13, 2.13829184936e-13],
        "max": [0.00736796623096, 0.0115975635126, 0.00734175369143, 0.00597819546238, 0.0124402111396, 0.0228819530457, 0.0179520417005, 0.0131678301841, 0.0103347478434, 0.0167127344757, 0.00746541609988, 0.00533071206883, 0.00856421794742, 0.00495834043249, 0.00885343458503, 0.00582674471661, 0.0029043504037, 0.00530542107299, 0.00340330996551, 0.00199799844995, 0.00645943032578, 0.000800617446657, 0.000676269293763, 0.00109221448656, 0.000150866937474, 0.000125171543914, 0.000128884174046, 8.12744765426e-05, 6.76457348163e-05, 5.42175621376e-05, 1.18316393127e-05, 7.30408737581e-06, 1.14239564937e-05, 1.31740644065e-05, 2.30695168284e-05, 3.08139206027e-05, 3.45972694049e-05, 2.88347800961e-05, 1.75816239789e-05, 1.18872030725e-05],
        "mean": [0.000456422712887, 0.000492030405439, 0.000217861466808, 0.000153131215484, 0.000344587082509, 0.000689307635184, 0.00034165524994, 0.000301890569972, 0.000176487854333, 0.000312582298648, 0.00028626047424, 0.000174037821125, 0.000151234533405, 0.000122200668557, 7.57422603783e-05, 0.00012251381122, 8.22324000183e-05, 0.000105402243207, 5.69056137465e-05, 2.81014035863e-05, 3.12350639433e-05, 2.19729954551e-05, 1.66899098986e-05, 9.02994997887e-06, 4.928063845e-06, 5.53508243684e-06, 4.19392972617e-06, 2.2973713385e-06, 9.83844643088e-07, 4.60661908619e-07, 2.54501969721e-07, 2.58596998037e-07, 2.52869483575e-07, 1.50323415937e-07, 2.22104233671e-07, 2.91095403782e-07, 3.07721194304e-07, 3.3192537785e-07, 1.82019988415e-07, 7.45548121017e-08],
        "median": [0.000255737628322, 0.000243056507315, 0.000122431723867, 4.00487260777e-05, 6.50408255751e-05, 0.000114593625767, 9.48565793806e-05, 5.54705766262e-05, 2.07237026189e-05, 2.15607633436e-05, 2.47312364081e-05, 1.40582687891e-05, 1.23941008496e-05, 8.16998453956e-06, 4.07129118685e-06, 9.14494648896e-06, 7.4757836046e-06, 1.04606187961e-05, 7.39596953281e-06, 4.24142945121e-06, 3.76932121071e-06, 4.94864161737e-06, 3.97483472625e-06, 2.33968921748e-06, 1.88480453289e-06, 1.48967762925e-06, 9.87386215456e-07, 3.99139537421e-07, 1.09259048031e-07, 7.14841803529e-08, 6.36438954871e-08, 3.56256393275e-08, 1.64569087246e-08, 8.16440959284e-09, 9.21613718674e-09, 9.75510872081e-09, 9.16785314331e-09, 7.90828202923e-09, 4.26194635139e-09, 2.02588990028e-09],
        "min": [2.30056649638e-24, 2.33381619467e-24, 1.90731184095e-24, 1.56304840596e-24, 2.99143391666e-24, 2.82614468005e-24, 2.34985373688e-24, 3.6120761503e-24, 4.45088891133e-24, 5.47079613164e-24, 4.69608305232e-24, 2.58680270369e-24, 4.22445901026e-24, 2.99242590925e-24, 3.79694728116e-24, 2.52819664932e-24, 4.67845911084e-24, 5.54968892748e-24, 4.83844799103e-24, 3.70557943897e-24, 3.72458428147e-24, 5.51768484056e-24, 4.30356479855e-24, 3.11459600878e-24, 5.09091227412e-24, 4.19297478268e-24, 3.35331754605e-24, 5.67057752247e-24, 4.71379731838e-24, 7.3572031586e-24, 6.82023895105e-24, 7.23177269695e-24, 7.1737614437e-24, 5.79078690822e-24, 5.36060922369e-24, 5.15666067513e-24, 5.36139926789e-24, 7.46160968827e-24, 7.88461347173e-24, 6.90123051133e-24],
        "var": [3.6929159819e-07, 6.94416542046e-07, 1.26748815887e-07, 1.13507951482e-07, 6.87931049015e-07, 2.34793560594e-06, 5.49603839772e-07, 6.1672449192e-07, 2.76626622053e-07, 6.95395954153e-07, 3.86408913755e-07, 1.80788489956e-07, 1.79190664085e-07, 1.41184486324e-07, 1.08186540615e-07, 1.16023969099e-07, 4.45419168216e-08, 8.79016681665e-08, 2.33210464273e-08, 7.73220865113e-09, 3.93930328357e-08, 2.58587129487e-09, 1.39640510266e-09, 9.27570020792e-10, 6.80386788576e-11, 1.11508094425e-10, 1.09844668084e-10, 3.71124034282e-11, 1.00039464559e-11, 4.26954261876e-12, 4.44594800428e-13, 3.26929645465e-13, 3.94738820624e-13, 3.09980909214e-13, 1.19798723892e-12, 2.18577022801e-12, 2.36203786565e-12, 3.09537378368e-12, 1.01968281908e-12, 1.75291584633e-13]
    },
    "mfcc": {
        "mean": [-746.889282227, 162.466033936, -32.4809417725, 12.2047128677, 6.05212926865, -11.3143501282, -2.4080324173, -0.554836571217, -4.95094394684, 5.29957962036, 0.617214262486, -0.708755970001, 0.254217892885],
        "cov": [[13074.7861328, 402.566772461, -2061.65917969, -198.997589111, -106.466384888, -7.1510848999, -159.793167114, 152.604003906, -85.1629104614, 277.739898682, 19.5865287781, -185.2762146, -283.25982666], [402.566772461, 2791.01831055, -221.701538086, 483.209564209, 284.176818848, 167.707290649, 470.84274292, 152.851821899, 222.964447021, 45.8539123535, 158.547973633, 98.030456543, 45.8702011108], [-2061.65917969, -221.701538086, 1609.37805176, 328.494812012, 204.038131714, 89.7288742065, 11.7737035751, 59.9616088867, -133.086715698, -50.2244148254, -9.5035982132, 98.1250839233, 117.058006287], [-198.997589111, 483.209564209, 328.494812012, 1290.75744629, 455.959228516, 14.1883296967, 40.1100006104, -25.4849090576, 230.432235718, 23.5361270905, -45.4727668762, 66.3239898682, 67.168182373], [-106.466384888, 284.176818848, 204.038131714, 455.959228516, 626.055603027, 132.608612061, -21.145029068, 64.9766082764, 111.795433044, 84.7032241821, -28.5920066833, -48.0659828186, -6.15655136108], [-7.1510848999, 167.707290649, 89.7288742065, 14.1883296967, 132.608612061, 380.78012085, 270.680938721, 88.6169509888, 74.9268188477, 32.9217796326, 41.6167869568, 29.4712715149, -28.8668060303], [-159.793167114, 470.84274292, 11.7737035751, 40.1100006104, -21.145029068, 270.680938721, 519.481201172, 147.166534424, 140.677871704, 19.4073581696, 67.3513793945, 90.225692749, -14.5431175232], [152.604003906, 152.851821899, 59.9616088867, -25.4849090576, 64.9766082764, 88.6169509888, 147.166534424, 239.007202148, 62.5903244019, 22.883480072, 30.2387561798, -16.9785022736, -2.08923196793], [-85.1629104614, 222.964447021, -133.086715698, 230.432235718, 111.795433044, 74.9268188477, 140.677871704, 62.5903244019, 325.515716553, 82.8729782104, 2.76208853722, 53.5427131653, -5.37314462662], [277.739898682, 45.8539123535, -50.2244148254, 23.5361270905, 84.7032241821, 32.9217796326, 19.4073581696, 22.883480072, 82.8729782104, 172.097915649, 56.6304244995, -3.05548715591, -22.6274375916], [19.5865287781, 158.547973633, -9.5035982132, -45.4727668762, -28.5920066833, 41.6167869568, 67.3513793945, 30.2387561798, 2.76208853722, 56.6304244995, 142.442733765, 57.7839202881, 9.07226848602], [-185.2762146, 98.030456543, 98.1250839233, 66.3239898682, -48.0659828186, 29.4712715149, 90.225692749, -16.9785022736, 53.5427131653, -3.05548715591, 57.7839202881, 197.141387939, 56.6149101257], [-283.25982666, 45.8702011108, 117.058006287, 67.168182373, -6.15655136108, -28.8668060303, -14.5431175232, -2.08923196793, -5.37314462662, -22.6274375916, 9.07226848602, 56.6149101257, 139.547164917]],
