{
"lowlevel": {
    "average_loudness": 0.723122477531,
    "barkbands_crest": {
        "dmean": 2.33194494247,
        "dmean2": 3.65769529343,
        "dvar": 5.31817531586,
        "dvar2": 12.5617332458,
        "max": 26.807062149,
        "mean": 12.9731626511,
        "median": 12.0770120621,
        "min": 3.58625340462,
        "var": 22.6769447327
    },
    "barkbands_flatness_db": {
        "dmean": 0.0267168786377,
        "dmean2": 0.0387688167393,
        "dvar": 0.000811446923763,
        "dvar2": 0.00162824825384,
        "max": 0.667220115662,
        "mean": 0.346984297037,
        "median": 0.34656521678,
        "min": 0.0535229071975,
        "var": 0.00828466750681
    },
    "barkbands_kurtosis": {
        "dmean": 4.88653278351,
        "dmean2": 7.7650437355,
        "dvar": 204.667114258,
        "dvar2": 535.200805664,
        "max": 546.143310547,
        "mean": 8.77330493927,
        "median": 3.08477091789,
        "min": -1.93337321281,
        "var": 399.889923096
    },
    "barkbands_skewness": {
        "dmean": 0.654166579247,
        "dmean2": 0.995771586895,
        "dvar": 0.716212630272,
        "dvar2": 1.76089286804,
        "max": 19.3471927643,
        "mean": 1.28549695015,
        "median": 1.11270058155,
        "min": -12.8333740234,
        "var": 2.67465758324
    },
    "barkbands_spread": {
        "dmean": 2.23124146461,
        "dmean2": 3.35156393051,
        "dvar": 26.5267467499,
        "dvar2": 56.1812896729,
        "max": 121.709999084,
        "mean": 6.77018785477,
        "median": 4.2879486084,
        "min": 0.0622081719339,
        "var": 75.2877807617
    },
    "dissonance": {
        "dmean": 0.0467171370983,
        "dmean2": 0.0767858102918,
        "dvar": 0.00197172095068,
        "dvar2": 0.00523594394326,
        "max": 0.500000119209,
        "mean": 0.368652313948,
        "median": 0.377640575171,
        "min": 0.0348007939756,
        "var": 0.00621666992083
    },
    "dynamic_complexity": 4.40924930573,
    "erbbands_crest": {
        "dmean": 2.72236847878,
        "dmean2": 4.13832521439,
        "dvar": 7.8261756897,
        "dvar2": 17.1441879272,
        "max": 32.7672233582,
        "mean": 15.1607208252,
        "median": 14.2747154236,
        "min": 2.67093253136,
        "var": 37.6964111328
    },
    "erbbands_flatness_db": {
        "dmean": 0.0209703948349,
        "dmean2": 0.029983593151,
        "dvar": 0.00048650521785,
        "dvar2": 0.00101461517625,
        "max": 0.618989825249,
        "mean": 0.330824911594,
        "median": 0.331242024899,
        "min": 0.0410406403244,
        "var": 0.0048429723829
    },
    "erbbands_kurtosis": {
        "dmean": 3.03247523308,
        "dmean2": 4.53644895554,
        "dvar": 49.2116584778,
        "dvar2": 102.627372742,
        "max": 292.917449951,
        "mean": 6.10651254654,
        "median": 1.72781205177,
        "min": -1.95244777203,
        "var": 193.072677612
    },
    "erbbands_skewness": {
        "dmean": 0.508785665035,
        "dmean2": 0.729378640652,
        "dvar": 0.360724627972,
        "dvar2": 0.731113612652,
        "max": 10.3191175461,
        "mean": 0.957776427269,
        "median": 0.758424282074,
        "min": -5.7335767746,
        "var": 2.70698189735
    },
    "erbbands_spread": {
        "dmean": 4.24733686447,
        "dmean2": 6.28339719772,
        "dvar": 57.1501846313,
        "dvar2": 124.65221405,
        "max": 141.736846924,
        "mean": 15.1710472107,
        "median": 10.7994012833,
        "min": 0.227723315358,
        "var": 211.328659058
    },
    "hfc": {
        "dmean": 3.22978663445,
        "dmean2": 4.61752557755,
        "dvar": 28.3117523193,
        "dvar2": 58.5026931763,
        "max": 153.327056885,
        "mean": 9.80836582184,
        "median": 7.4239282608,
        "min": 1.0929526184e-16,
        "var": 103.571273804
    },
    "melbands_crest": {
        "dmean": 2.8411488533,
        "dmean2": 4.49372005463,
        "dvar": 8.07728862762,
        "dvar2": 19.290019989,
        "max": 38.4320793152,
        "mean": 16.5144767761,
        "median": 15.7778129578,
        "min": 1.00197589397,
        "var": 31.4082012177
    },
    "melbands_flatness_db": {
        "dmean": 0.0319195277989,
        "dmean2": 0.045375470072,
        "dvar": 0.00130108476151,
        "dvar2": 0.00248402706347,
        "max": 0.823447167873,
        "mean": 0.45630094409,
        "median": 0.463891088963,
        "min": 2.24345413358e-07,
        "var": 0.0145055027679
    },
    "melbands_kurtosis": {
        "dmean": 5.98147296906,
        "dmean2": 9.18665790558,
        "dvar": 157.360443115,
        "dvar2": 351.678588867,
        "max": 474.635986328,
        "mean": 12.3843307495,
        "median": 5.41701745987,
        "min": -1.92717766762,
        "var": 449.495056152
    },
    "melbands_skewness": {
        "dmean": 0.655254781246,
        "dmean2": 0.970152854919,
        "dvar": 0.632700204849,
        "dvar2": 1.38464033604,
        "max": 15.5247764587,
        "mean": 1.87779915333,
        "median": 1.6391749382,
        "min": -3.68771004677,
        "var": 2.88617897034
    },
    "melbands_spread": {
        "dmean": 3.03035354614,
        "dmean2": 4.48931074142,
        "dvar": 73.6097793579,
        "dvar2": 146.738235474,
        "max": 217.61428833,
        "mean": 9.3413438797,
        "median": 4.89449882507,
        "min": 0.203079432249,
        "var": 305.194671631
    },
    "pitch_salience": {
        "dmean": 0.0668753907084,
        "dmean2": 0.103543870151,
        "dvar": 0.004047493916,
        "dvar2": 0.00935846101493,
        "max": 0.997609853745,
        "mean": 0.501119494438,
        "median": 0.503994345665,
        "min": 0.0453532673419,
        "var": 0.0176963154227
    },
    "silence_rate_20dB": {
        "dmean": 0,
        "dmean2": 0,
        "dvar": 0,
        "dvar2": 0,
        "max": 1,
        "mean": 1,
        "median": 1,
        "min": 1,
        "var": 0
    },
    "silence_rate_30dB": {
        "dmean": 0.0486964024603,
        "dmean2": 0.0973998010159,
        "dvar": 0.0463291965425,
        "dvar2": 0.101137988269,
        "max": 1,
        "mean": 0.947788000107,
        "median": 1,
        "min": 0,
        "var": 0.049491699785
    },
    "silence_rate_60dB": {
        "dmean": 0.0353372134268,
        "dmean2": 0.070679500699,
        "dvar": 0.0340906344354,
        "dvar2": 0.0783339738846,
        "max": 1,
        "mean": 0.111390404403,
        "median": 0,
        "min": 0,
        "var": 0.0989803671837
    },
    "spectral_centroid": {
        "dmean": 103.982933044,
        "dmean2": 151.010070801,
        "dvar": 76151.4609375,
        "dvar2": 143624.203125,
        "max": 11596.5068359,
        "mean": 559.828308105,
        "median": 377.150390625,
        "min": 98.9896697998,
        "var": 492449.125
    },
    "spectral_complexity": {
        "dmean": 1.55368816853,
        "dmean2": 2.47162771225,
        "dvar": 4.64585399628,
        "dvar2": 10.2814598083,
        "max": 39,
        "mean": 8.34573364258,
        "median": 8,
        "min": 0,
        "var": 19.3421573639
    },
    "spectral_decrease": {
        "dmean": 3.40336692162e-09,
        "dmean2": 5.00594854458e-09,
        "dvar": 5.17542590164e-17,
        "dvar2": 1.1591068842e-16,
        "max": 1.67754937984e-28,
        "mean": -8.47926173719e-09,
        "median": -5.59267787636e-09,
        "min": -1.12992850632e-07,
        "var": 9.90771394379e-17
    },
    "spectral_energy": {
        "dmean": 0.0131011037156,
        "dmean2": 0.0192640498281,
        "dvar": 0.000753423199058,
        "dvar2": 0.00168728770223,
        "max": 0.42950373888,
        "mean": 0.0328922234476,
        "median": 0.0219436585903,
        "min": 1.01970956584e-20,
        "var": 0.00145465671085
    },
    "spectral_energyband_high": {
        "dmean": 5.90335221204e-05,
        "dmean2": 7.75530570536e-05,
        "dvar": 2.34548508615e-07,
        "dvar2": 3.54647909262e-07,
        "max": 0.0292192958295,
        "mean": 0.000107915097033,
        "median": 4.07157671134e-07,
        "min": 7.37670784546e-21,
        "var": 8.62988997596e-07
    },
    "spectral_energyband_low": {
        "dmean": 0.00816853437573,
        "dmean2": 0.0122528309003,
        "dvar": 0.000545874820091,
        "dvar2": 0.0012377363164,
        "max": 0.406005531549,
        "mean": 0.0134989526123,
        "median": 0.00172998406924,
        "min": 1.12979712213e-23,
        "var": 0.000823227572255
    },
    "spectral_energyband_middle_high": {
        "dmean": 0.000774345709942,
        "dmean2": 0.00107880635187,
        "dvar": 4.27594568464e-06,
        "dvar2": 8.80552215676e-06,
        "max": 0.0523755475879,
        "mean": 0.001941943774,
        "median": 0.000458511640318,
        "min": 1.32619306905e-21,
        "var": 1.35930376928e-05
    },
    "spectral_energyband_middle_low": {
        "dmean": 0.00617094431072,
        "dmean2": 0.00905489269644,
        "dvar": 9.21446917346e-05,
        "dvar2": 0.000207915320061,
        "max": 0.149050444365,
        "mean": 0.0182990767062,
        "median": 0.0129124447703,
        "min": 1.62807448648e-22,
        "var": 0.000320944614941
    },
    "spectral_entropy": {
        "dmean": 0.245987430215,
        "dmean2": 0.354150682688,
        "dvar": 0.0814735963941,
        "dvar2": 0.15712569654,
        "max": 9.81853580475,
        "mean": 5.61428594589,
        "median": 5.54742479324,
        "min": 3.06928634644,
        "var": 0.66912561655
    },
    "spectral_flux": {
        "dmean": 0.0309013985097,
        "dmean2": 0.0496401749551,
        "dvar": 0.00245544710197,
        "dvar2": 0.00624449783936,
        "max": 0.606983780861,
        "mean": 0.064732901752,
        "median": 0.0473182350397,
        "min": 6.37050134866e-11,
        "var": 0.00365347112529
    },
    "spectral_kurtosis": {
        "dmean": 25.339805603,
        "dmean2": 40.9591560364,
        "dvar": 934.280517578,
        "dvar2": 2327.02197266,
        "max": 647.72845459,
        "mean": 73.7086105347,
        "median": 54.1618881226,
        "min": -1.24781274796,
        "var": 4719.09033203
    },
    "spectral_rms": {
        "dmean": 0.000959083146881,
        "dmean2": 0.00135274848435,
        "dvar": 2.143242682e-06,
        "dvar2": 4.45666955784e-06,
        "max": 0.0204701740295,
        "mean": 0.00489227380604,
        "median": 0.00462692603469,
        "min": 3.15410609956e-12,
        "var": 8.15572002466e-06
    },
    "spectral_rolloff": {
        "dmean": 141.419631958,
        "dmean2": 242.922332764,
        "dvar": 236730.109375,
        "dvar2": 488822.96875,
        "max": 19207.6171875,
        "mean": 688.570739746,
        "median": 366.064453125,
        "min": 43.06640625,
        "var": 2101870.5
    },
    "spectral_skewness": {
        "dmean": 1.31538188457,
        "dmean2": 2.11412405968,
        "dvar": 1.56487822533,
        "dvar2": 3.71567845345,
        "max": 21.6104030609,
        "mean": 5.88680887222,
        "median": 5.46262073517,
        "min": -0.850906074047,
        "var": 11.9129486084
    },
    "spectral_spread": {
        "dmean": 364211.53125,
        "dmean2": 604480.375,
        "dvar": 321830649856,
        "dvar2": 756519206912,
        "max": 42424440,
        "mean": 1653273.25,
        "median": 1334748.25,
        "min": 183906.15625,
        "var": 4.27754992435e+12
    },
    "spectral_strongpeak": {
        "dmean": 0.386709064245,
        "dmean2": 0.632395267487,
        "dvar": 0.405197441578,
        "dvar2": 0.959244668484,
        "max": 11.0114812851,
        "mean": 1.02308022976,
        "median": 0.628930926323,
        "min": 0,
        "var": 1.12898278236
    },
    "zerocrossingrate": {
        "dmean": 0.00411063851789,
        "dmean2": 0.00461875041947,
        "dvar": 8.6245345301e-05,
        "dvar2": 7.90539052105e-05,
        "max": 0.86962890625,
        "mean": 0.0257145799696,
        "median": 0.0166015625,
        "min": 0.001953125,
        "var": 0.00207637343556
    },
    "barkbands": {
        "dmean": [0.00103039934766, 0.0051132296212, 0.00228254706599, 0.00135834352113, 0.00280345743522, 0.00246089231223, 0.000604242261034, 0.000300297542708, 0.000296517333481, 0.000407199346228, 0.000133107503643, 8.88153081178e-05, 0.000125566351926, 6.47263368592e-05, 8.19656634121e-05, 6.07961592323e-05, 4.7712950618e-05, 3.47614259226e-05, 2.58058189502e-05, 2.69613756245e-05, 2.29615125136e-05, 9.39339679462e-06, 1.39125932037e-05, 1.68432381997e-06, 8.22490253682e-09, 4.45326664433e-09, 3.15536530238e-09],
        "dmean2": [0.00172044779174, 0.00797870475799, 0.00340398633853, 0.00204873015173, 0.00424555782229, 0.00363516132347, 0.000858058570884, 0.000416695518652, 0.000425870151957, 0.000548338401131, 0.000186352655874, 0.000125780978124, 0.00017652339011, 9.48443921516e-05, 0.000122540164739, 9.30772293941e-05, 7.44617864257e-05, 5.78234139539e-05, 3.87160907849e-05, 4.00806638936e-05, 3.06718284264e-05, 1.24561092889e-05, 2.043477798e-05, 2.38651136897e-06, 1.3980236524e-08, 7.64483853999e-09, 5.4879651934e-09],
        "dvar": [7.3991473073e-06, 0.000233641199884, 4.4381878979e-05, 1.50775613292e-05, 2.56341500062e-05, 2.28970075113e-05, 3.32339914166e-06, 1.60204388067e-06, 1.15020748126e-06, 3.18406705446e-06, 3.83714819918e-07, 1.80916103432e-07, 2.66060027343e-07, 6.55632774738e-08, 1.11578764006e-07, 6.79979521578e-08, 3.42577486379e-08, 4.29644693156e-08, 1.59819393275e-08, 3.86629857019e-08, 5.99097376153e-08, 1.01912140948e-08, 2.03085921413e-08, 4.12792827698e-10, 7.43094169571e-16, 1.0035560994e-16, 1.41659461004e-17],
        "dvar2": [1.78873724508e-05, 0.000572908145841, 9.69599423115e-05, 3.45706248481e-05, 6.33496747469e-05, 5.22533046023e-05, 6.48451077723e-06, 2.77425624517e-06, 2.21696018343e-06, 6.26573273621e-06, 6.50992944884e-07, 3.18930744925e-07, 5.20459991549e-07, 1.32361691385e-07, 2.41263592216e-07, 1.46970478454e-07, 7.86876697134e-08, 1.0549738505e-07, 3.58662539668e-08, 8.37016855826e-08, 1.09974592988e-07, 1.69913256798e-08, 4.35182840874e-08, 7.83182185771e-10, 1.96182994979e-15, 2.75522612385e-16, 4.22169691241e-17],
        "max": [0.0450497567654, 0.289359301329, 0.0917444676161, 0.0864317268133, 0.103393912315, 0.106633469462, 0.0609567798674, 0.0819325596094, 0.044364426285, 0.0444500930607, 0.0292479824275, 0.0162769276649, 0.0161890704185, 0.00852960534394, 0.0140611920506, 0.00966112036258, 0.00731705641374, 0.0101522309706, 0.00418048398569, 0.0133886169642, 0.0152238290757, 0.00798420328647, 0.00783178582788, 0.00137688231189, 1.15424802516e-06, 4.64724109861e-07, 1.12198357272e-07],
        "mean": [0.0010984542314, 0.00782037805766, 0.00377445155755, 0.00191960739903, 0.00627191411331, 0.00698600336909, 0.00148951646406, 0.000617730373051, 0.000681052799337, 0.000756635621656, 0.000435674824985, 0.000215063351789, 0.000259076245129, 0.000105980841909, 0.000113062924356, 8.87683272595e-05, 6.34936150163e-05, 3.80233614123e-05, 3.86139654438e-05, 4.04326237913e-05, 3.53153591277e-05, 1.6086443793e-05, 2.4378659873e-05, 2.56691555478e-06, 2.31687273811e-08, 1.93830089756e-08, 6.51924558781e-09],
        "median": [0.000161623058375, 0.000606411485933, 0.000392376387026, 0.000272737554042, 0.00291296094656, 0.00198590476066, 0.0003285438288, 7.81051785452e-05, 0.000131163265905, 5.65529771848e-05, 2.86093709292e-05, 8.02962676971e-06, 1.60383933689e-05, 5.54430152988e-06, 6.63533955958e-06, 3.60537001143e-06, 2.51404253504e-06, 1.09322718345e-06, 9.68629251474e-07, 2.93200542956e-07, 9.40300282082e-08, 4.69106957723e-08, 3.29539560084e-08, 1.6190874419e-08, 1.47854155585e-08, 1.7718905454e-08, 5.39088240714e-09],
        "min": [5.78028164755e-25, 2.4277541457e-24, 7.83034082752e-25, 1.33635167269e-24, 8.52648355789e-24, 8.94590196854e-24, 6.25354770358e-24, 5.0993270534e-24, 2.71183273954e-23, 8.39560443397e-24, 2.18189396944e-23, 3.40202386937e-23, 2.18282514086e-23, 3.37209953534e-23, 6.30512918825e-23, 9.08249512754e-23, 6.6154033284e-23, 1.28630472759e-22, 1.54947983273e-22, 1.95705573725e-22, 2.54966205942e-22, 3.22785978981e-22, 4.76957218252e-22, 6.37892365494e-22, 9.31873890004e-22, 1.15512258641e-21, 2.05712043329e-21],
        "var": [8.64190315042e-06, 0.00031217536889, 7.07141152816e-05, 2.08936089621e-05, 7.33612978365e-05, 0.000105781575257, 1.55683046614e-05, 6.13786733084e-06, 6.84670749251e-06, 6.8690774242e-06, 2.31346848523e-06, 9.60733927968e-07, 7.9781165141e-07, 1.99536458467e-07, 2.14021753209e-07, 1.38940322358e-07, 5.74396459285e-08, 4.89893849931e-08, 2.67693334166e-08, 7.66526255802e-08, 1.64755519449e-07, 3.5215059313e-08, 6.40594777224e-08, 9.2444918387e-10, 1.29343466293e-15, 1.79035435002e-16, 2.24549327672e-17]
    },
    "erbbands": {
        "dmean": [0.185960397124, 1.07071065903, 2.70835757256, 3.69588661194, 6.5036907196, 10.102101326, 16.221818924, 20.1654262543, 11.2572116852, 7.21684455872, 5.39881181717, 8.10318279266, 10.2141971588, 9.2750005722, 5.25662851334, 4.51680803299, 5.90644598007, 4.02486419678, 3.44719338417, 3.88798499107, 3.31392049789, 2.39612984657, 2.2114341259, 0.992462992668, 1.25679969788, 1.58277726173, 0.723476946354, 0.977709233761, 0.37610155344, 0.24375757575, 0.497123748064, 0.135814204812, 0.00469201616943, 0.000311406241963, 7.06461069058e-05, 2.53303660429e-05, 1.1461404938e-05, 3.69603640138e-06, 6.08719574302e-06, 1.43841452882e-05],
        "dmean2": [0.29746979475, 1.68511426449, 4.06577634811, 5.57490825653, 9.93294525146, 15.4922943115, 23.6788425446, 30.8860054016, 15.8258066177, 10.2919683456, 7.51836013794, 11.3093891144, 13.5591640472, 12.9978523254, 7.18675518036, 6.23860549927, 8.28922843933, 5.80162763596, 5.10823059082, 5.95243263245, 4.93373584747, 3.79226255417, 3.61693143845, 1.53173565865, 1.86837828159, 2.38638806343, 0.937455415726, 1.36446654797, 0.508869349957, 0.335760354996, 0.746049284935, 0.191820040345, 0.00663391314447, 0.000467600853881, 0.000113709109428, 4.10362190451e-05, 1.86896377272e-05, 6.17656678514e-06, 8.9673048933e-06, 2.11503920582e-05],
        "dvar": [0.263370662928, 11.1921167374, 62.3989944458, 116.185249329, 177.277023315, 389.384338379, 1017.26464844, 1869.49938965, 1189.87182617, 596.176391602, 485.835449219, 878.330383301, 2418.87866211, 2457.61035156, 526.200073242, 430.513061523, 569.45300293, 214.201065063, 183.566329956, 236.058303833, 201.351089478, 83.8231582642, 167.906921387, 17.00548172, 42.9941635132, 142.78086853, 45.0893936157, 106.239120483, 16.0678348541, 7.11103439331, 27.6162166595, 2.13836836815, 0.00243207160383, 5.41748249816e-06, 9.01970906853e-08, 5.0099275839e-09, 5.89832294118e-10, 3.55954120346e-11, 1.46999079575e-10, 8.85096440584e-10],
        "dvar2": [0.66223347187, 27.5042190552, 138.752578735, 264.794128418, 426.004302979, 952.992553711, 2080.80200195, 4638.50439453, 2274.4128418, 973.415466309, 983.670288086, 1664.68969727, 4423.42626953, 5125.94628906, 818.530700684, 725.282836914, 1116.3203125, 439.530303955, 405.894958496, 523.07421875, 398.114685059, 203.89151001, 414.271911621, 38.1308403015, 98.4154510498, 324.62411499, 73.4907989502, 210.646148682, 25.9234085083, 13.4428443909, 63.847694397, 4.21339321136, 0.00477878283709, 1.03969841803e-05, 1.85784870155e-07, 1.10242028839e-08, 1.45105283345e-09, 8.65051225096e-11, 3.26326327071e-10, 1.98120053696e-09],
        "max": [9.58658981323, 59.5600395203, 114.222671509, 220.148757935, 311.801177979, 438.731292725, 871.051818848, 934.83581543, 1218.56262207, 1526.07971191, 1342.1628418, 1214.49414062, 1745.203125, 1575.52514648, 1146.76965332, 816.19720459, 807.973510742, 478.576934814, 498.844177246, 641.384033203, 672.34967041, 259.759216309, 630.94909668, 204.742340088, 224.534225464, 816.959411621, 503.89163208, 568.343017578, 333.435058594, 175.733520508, 265.866333008, 104.737548828, 3.42795372009, 0.161215469241, 0.0195467509329, 0.00373704894446, 0.00100411986932, 0.000264527014224, 0.000190523191122, 0.000463725882582],
        "mean": [0.272183090448, 1.57060420513, 4.50440263748, 5.45007705688, 11.1650571823, 22.5933303833, 48.0255508423, 50.928527832, 28.8191432953, 17.6662654877, 12.1896276474, 18.7812023163, 18.4336967468, 20.0786952972, 16.9376602173, 12.0068006516, 12.6700725555, 6.96411323547, 5.44273757935, 5.27701616287, 5.1039814949, 3.05168271065, 2.57224822044, 1.46158266068, 1.90207529068, 2.35609936714, 1.17687273026, 1.43274402618, 0.6269287467, 0.450484275818, 0.832032740116, 0.236466765404, 0.00846948474646, 0.00067005091114, 0.000207444521948, 9.30073365453e-05, 4.85436794406e-05, 1.45609183164e-05, 1.63643799169e-05, 3.65086634702e-05],
        "median": [0.0188144259155, 0.135911017656, 0.514010071754, 0.896378576756, 4.07044124603, 9.34823989868, 11.7315044403, 15.0580329895, 7.90499162674, 3.71517896652, 2.2383787632, 3.97764825821, 2.12491130829, 1.95646858215, 1.62396860123, 0.962388396263, 1.0512034893, 0.583118438721, 0.457782924175, 0.392270475626, 0.242625057697, 0.129114329815, 0.082972407341, 0.0516644567251, 0.0395914241672, 0.01756150648, 0.00546527281404, 0.00355925573967, 0.00183934078086, 0.00103441404644, 0.00105203024577, 0.000524577277247, 0.000272251752904, 0.000203075571335, 0.000127574414364, 7.1384027251e-05, 4.39652794739e-05, 1.35927411975e-05, 1.16636820167e-05, 2.4938271963e-05],
        "min": [9.14673869749e-23, 6.03802467227e-22, 2.78511469909e-21, 6.85801551818e-21, 1.40484914035e-20, 2.53798188951e-20, 5.03028886891e-20, 9.07716338708e-20, 1.01757174017e-19, 2.21263601877e-19, 2.59873161697e-19, 6.31824229913e-19, 3.64029676478e-19, 3.26139065857e-19, 1.22850103861e-18, 1.83868167421e-18, 1.8050698104e-18, 2.04083531013e-18, 2.50046111263e-18, 3.42080914553e-18, 5.00668932849e-18, 4.83160373054e-18, 6.2015442787e-18, 6.89267105128e-18, 9.02467779494e-18, 9.12238602325e-18, 1.1001978603e-17, 9.31459136475e-18, 1.14247489597e-17, 1.31942371825e-17, 1.33921384897e-17, 1.10156444539e-17, 1.12601573886e-17, 9.32148508797e-18, 7.21491414815e-18, 3.59557214303e-18, 2.61353918391e-18, 1.09091081405e-18, 2.63554037874e-19, 2.81398443337e-20],
        "var": [0.361526072025, 13.9574632645, 97.2101974487, 157.293457031, 337.483123779, 1188.11914062, 5930.39941406, 7046.36669922, 6156.16845703, 3232.76855469, 1735.94360352, 4914.03222656, 5794.34228516, 4670.58154297, 2933.40991211, 2408.36523438, 1703.2767334, 637.948486328, 393.926300049, 447.33392334, 466.114959717, 122.019241333, 189.081985474, 29.8644809723, 70.142868042, 264.421081543, 133.568786621, 265.939910889, 51.4074134827, 25.9381484985, 76.0572738647, 6.34218740463, 0.00733875390142, 1.80944116437e-05, 2.76181623349e-07, 1.47926524363e-08, 1.51852397323e-09, 1.12645122397e-10, 2.99564761885e-10, 1.7295120891e-09]
    },
    "gfcc": {
        "mean": [-178.716598511, 203.358398438, -83.1915817261, -4.31420183182, -37.45570755, -18.1747932434, -25.9740390778, -13.8992099762, -13.7514610291, -10.1064128876, -0.462511718273, -1.88032412529, -0.233558446169],
        "cov": [[13776.4296875, 994.914733887, -4021.72119141, 1261.65563965, 161.659805298, -688.090270996, -56.7773208618, -429.729614258, 410.330169678, -384.562744141, 246.087127686, -266.598083496, 105.903900146], [994.914733887, 1755.04699707, 772.36706543, -824.948242188, 539.812805176, 74.4531478882, 122.021118164, 71.1954421997, -66.5813217163, -13.1538610458, 19.8273963928, -3.53334999084, 55.8514595032], [-4021.72119141, 772.36706543, 3124.90869141, -158.465896606, 5.70488739014, 298.942565918, 130.254013062, 137.143295288, -93.2131881714, 87.4201202393, -14.3047046661, 77.7469940186, 59.6485366821], [1261.65563965, -824.948242188, -158.465896606, 1656.11816406, -122.538963318, -142.685180664, 3.74070620537, -54.2600250244, 247.154495239, -74.5488815308, 31.7824993134, -101.670036316, -31.5865650177], [161.659805298, 539.812805176, 5.70488739014, -122.538963318, 696.090148926, 97.9238204956, 27.4679641724, 83.5468292236, 34.5016555786, 35.3648948669, -35.4184379578, -45.759262085, -9.28508090973], [-688.090270996, 74.4531478882, 298.942565918, -142.685180664, 97.9238204956, 442.448394775, 207.253952026, 31.5447940826, -21.9994068146, 59.9470558167, 3.39444088936, -35.7384796143, -85.4364700317], [-56.7773208618, 122.021118164, 130.254013062, 3.74070620537, 27.4679641724, 207.253952026, 300.022613525, 86.6906814575, -16.666519165, -6.2338142395, 21.4972953796, -11.0552387238, -26.6028423309], [-429.729614258, 71.1954421997, 137.143295288, -54.2600250244, 83.5468292236, 31.5447940826, 86.6906814575, 188.505645752, 20.9883213043, 1.00344693661, -46.1937561035, 16.0417289734, -13.7324056625], [410.330169678, -66.5813217163, -93.2131881714, 247.154495239, 34.5016555786, -21.9994068146, -16.666519165, 20.9883213043, 169.854537964, 29.819065094, 5.58432722092, -28.7149925232, 3.33175706863], [-384.562744141, -13.1538610458, 87.4201202393, -74.5488815308, 35.3648948669, 59.9470558167, -6.2338142395, 1.00344693661, 29.819065094, 163.43119812, 31.2938709259, -26.9808483124, -24.7808418274], [246.087127686, 19.8273963928, -14.3047046661, 31.7824993134, -35.4184379578, 3.39444088936, 21.4972953796, -46.1937561035, 5.58432722092, 31.2938709259, 153.807388306, 47.4450721741, 15.4617261887], [-266.598083496, -3.53334999084, 77.7469940186, -101.670036316, -45.759262085, -35.7384796143, -11.0552387238, 16.0417289734, -28.7149925232, -26.9808483124, 47.4450721741, 153.007278442, 88.4340133667], [105.903900146, 55.8514595032, 59.6485366821, -31.5865650177, -9.28508090973, -85.4364700317, -26.6028423309, -13.7324056625, 3.33175706863, -24.7808418274, 15.4617261887, 88.4340133667, 175.630950928]],
        "icov": [[0.000835560669657, -0.00230939174071, 0.00159100897145, -0.00155379029457, 0.00135545153171, -0.00070432893699, 0.000720537093002, 0.000136024755193, -1.7610103896e-05, 0.000246514915489, -0.000430052663432, 0.000563604815397, -0.000951227964833], [-0.00230939174071, 0.00823094882071, -0.0050018359907, 0.00553693948314, -0.00517657259479, 0.00320930173621, -0.00343816890381, 0.000579160463531, -0.00118427432608, 0.00075800193008, 0.000152012697072, -0.000341636827216, 0.00256967521273], [0.00159100897145, -0.0050018359907, 0.00361644662917, -0.00344785582274, 0.00311641092412, -0.00214531039819, 0.00205083494075, -0.00048837607028, 0.00075921829557, -0.000236681196839, -0.000485548458528, 0.000657928118017, -0.00215979316272], [-0.00155379029457, 0.00553693948314, -0.00344785582274, 0.00469376705587, -0.00335177429952, 0.00259132916108, -0.00275688199326, 0.000898395024706, -0.00237732147798, 0.00124796049204, -0.000138454473927, 0.000238258682657, 0.00204070704058], [0.00135545153171, -0.00517657259479, 0.00311641092412, -0.00335177429952, 0.00501570850611, -0.00275203213096, 0.00284251035191, -0.00162243051454, 0.00072113686474, -0.000645728840027, -0.00017331574054, 0.00101157557219, -0.00220112013631], [-0.00070432893699, 0.00320930173621, -0.00214531039819, 0.00259132916108, -0.00275203213096, 0.00645133759826, -0.00551325967535, 0.00294104521163, -0.00166671606712, -0.000624826760031, 0.00103000213858, -0.00105412304401, 0.00336998002604], [0.000720537093002, -0.00343816890381, 0.00205083494075, -0.00275688199326, 0.00284251035191, -0.00551325967535, 0.00929818768054, -0.00535151967779, 0.00272292946465, 0.000827562587801, -0.00276306015439, 0.00230220146477, -0.00292600970715], [0.000136024755193, 0.000579160463531, -0.00048837607028, 0.000898395024706, -0.00162243051454, 0.00294104521163, -0.00535151967779, 0.0106807751581, -0.00363922747783, -0.000272013654467, 0.00410712650046, -0.00401895819232, 0.00312339304946], [-1.7610103896e-05, -0.00118427432608, 0.00075921829557, -0.00237732147798, 0.00072113686474, -0.00166671606712, 0.00272292946465, -0.00363922747783, 0.0104791745543, -0.00299741677009, -0.000451014726423, 0.00118547433522, -0.00212186295539], [0.000246514915489, 0.00075800193008, -0.000236681196839, 0.00124796049204, -0.000645728840027, -0.000624826760031, 0.000827562587801, -0.000272013654467, -0.00299741677009, 0.00975962076336, -0.00412197923288, 0.0038480903022, -0.000459687347757], [-0.000430052663432, 0.000152012697072, -0.000485548458528, -0.000138454473927, -0.00017331574054, 0.00103000213858, -0.00276306015439, 0.00410712650046, -0.000451014726423, -0.00412197923288, 0.0114343864843, -0.00692201871425, 0.00265119643882], [0.000563604815397, -0.000341636827216, 0.000657928118017, 0.000238258682657, 0.00101157557219, -0.00105412304401, 0.00230220146477, -0.00401895819232, 0.00118547433522, 0.0038480903022, -0.00692201871425, 0.0153118427843, -0.00741663528606], [-0.000951227964833, 0.00256967521273, -0.00215979316272, 0.00204070704058, -0.00220112013631, 0.00336998002604, -0.00292600970715, 0.00312339304946, -0.00212186295539, -0.000459687347757, 0.00265119643882, -0.00741663528606, 0.0113511206582]]
    },
    "melbands": {
        "dmean": [0.00150619598571, 0.00141862628516, 0.000687695690431, 0.000611636438407, 0.00053297978593, 0.000452266918728, 0.000156993264682, 7.53038621042e-05, 4.53357170045e-05, 4.78141846543e-05, 5.04661256855e-05, 3.90613568015e-05, 1.88944522961e-05, 1.17498402687e-05, 1.08480071503e-05, 1.2212589354e-05, 7.56665576773e-06, 5.01608428749e-06, 5.49052720089e-06, 5.16263480677e-06, 3.67202756024e-06, 2.50454081652e-06, 2.7832172691e-06, 1.39923952247e-06, 7.06264472683e-07, 1.24682787828e-06, 5.1933773193e-07, 1.25277756524e-06, 3.45559982406e-07, 8.11189977412e-07, 4.0545339175e-07, 1.82291103101e-07, 2.47955171062e-07, 9.15736677598e-08, 2.95985302046e-07, 2.52359654951e-07, 2.72166715831e-08, 8.73557393088e-10, 1.81939768806e-10, 9.23219348192e-11],
        "dmean2": [0.00235563865863, 0.00215145782568, 0.00103079830296, 0.000940784055274, 0.000785826588981, 0.000681334175169, 0.000219723442569, 0.000106722851342, 6.38936762698e-05, 6.67770291329e-05, 6.71593152219e-05, 5.49416545255e-05, 2.64413556579e-05, 1.59264382091e-05, 1.54462850332e-05, 1.71599749592e-05, 1.09997790787e-05, 7.40968198443e-06, 8.42239660415e-06, 7.87286444393e-06, 5.44574504602e-06, 3.98581869376e-06, 4.5230149226e-06, 2.26295242101e-06, 1.09991390218e-06, 1.86395345736e-06, 7.86188934399e-07, 1.90295429547e-06, 4.81009521991e-07, 1.11421445581e-06, 5.99203815455e-07, 2.60746901404e-07, 3.46722345057e-07, 1.24407137037e-07, 4.5041224439e-07, 3.66007640196e-07, 3.80242575204e-08, 1.34320166101e-09, 3.05628966579e-10, 1.5764857475e-10],
        "dvar": [1.89742004295e-05, 1.74533579411e-05, 3.34856099471e-06, 1.36974347242e-06, 9.87995349533e-07, 9.02385750123e-07, 2.34408730648e-07, 7.60533040989e-08, 2.94917352761e-08, 2.85980874537e-08, 5.94508904328e-08, 4.82716728811e-08, 7.70586705556e-09, 2.67185518155e-09, 1.78318293464e-09, 2.93309332378e-09, 9.30242771702e-10, 3.66777330729e-10, 5.78344871993e-10, 4.31081531582e-10, 2.96395491484e-10, 9.66172836181e-11, 2.18389167861e-10, 4.84090753594e-11, 9.964424251e-12, 4.47332795805e-11, 7.63828323508e-12, 9.52591477921e-11, 7.40854946835e-12, 7.86318371526e-11, 1.88559428488e-11, 3.86730231172e-12, 8.07652816154e-12, 9.57432592409e-13, 9.87882258635e-12, 7.04217673758e-12, 9.69175843637e-14, 5.19839075155e-17, 7.04660636474e-19, 7.5665377181e-20],
        "dvar2": [4.63655160274e-05, 3.99222080887e-05, 7.45746183384e-06, 3.4034728742e-06, 2.12781264963e-06, 2.14150668398e-06, 4.36011958982e-07, 1.21603619618e-07, 5.9363770788e-08, 5.44263194513e-08, 1.08934870013e-07, 1.00624468757e-07, 1.31240920354e-08, 4.37960023802e-09, 3.38633032726e-09, 5.91761928348e-09, 1.86897120003e-09, 7.9892131799e-10, 1.28511834507e-09, 9.79069159079e-10, 5.80211823031e-10, 2.3305782304e-10, 5.40452738118e-10, 1.14558418307e-10, 2.26135637993e-11, 1.01740962877e-10, 1.7864518892e-11, 2.15623116584e-10, 1.29187077702e-11, 1.44791206802e-10, 3.96026648974e-11, 6.61614252967e-12, 1.65212860753e-11, 1.80003473065e-12, 2.33762800783e-11, 1.51058401898e-11, 1.88211222323e-13, 1.04230441567e-16, 1.65604722599e-18, 1.98601373409e-19],
        "max": [0.0848089009523, 0.0630286931992, 0.034819893539, 0.0209704879671, 0.0236163213849, 0.0221035256982, 0.0161973983049, 0.0191393513232, 0.00908005703241, 0.00652373535559, 0.00862516928464, 0.00703680049628, 0.00425369711593, 0.00193423533347, 0.00153734732885, 0.00179311132524, 0.00104907876812, 0.000654345843941, 0.00121021363884, 0.000596200872678, 0.000863417633809, 0.000312177056912, 0.000664014369249, 0.000265661656158, 0.00019238848472, 0.000259069958702, 0.000121844583191, 0.000671926944051, 0.000190039732843, 0.000535484345164, 0.000224399351282, 0.000163413307746, 0.000194120497326, 6.55724579701e-05, 0.000151701635332, 0.000175739405677, 2.180806041e-05, 3.59854965382e-07, 4.69758099086e-08, 8.96061980171e-09],
        "mean": [0.00228759041056, 0.00227558729239, 0.00107400806155, 0.00122172874399, 0.00156879832502, 0.00119778560475, 0.000398785748985, 0.000175816356204, 0.000105864208308, 0.000107063671749, 8.91147647053e-05, 8.1359030446e-05, 6.26628898317e-05, 3.0380417229e-05, 2.6043089747e-05, 2.38641896431e-05, 1.21870052681e-05, 8.17038198875e-06, 7.00903638062e-06, 7.34282002668e-06, 5.53331847186e-06, 3.11316603074e-06, 3.07861341753e-06, 1.7856739305e-06, 9.81822040558e-07, 1.85977853562e-06, 7.57820828312e-07, 1.85478847925e-06, 5.21680760812e-07, 1.24109271837e-06, 5.65063601243e-07, 2.75565696484e-07, 4.08861581036e-07, 1.69165602415e-07, 4.7493654165e-07, 4.2995591798e-07, 4.32112550186e-08, 1.47974832387e-09, 3.11705355971e-10, 2.27693086607e-10],
        "median": [0.00018786934379, 0.000251996709267, 0.000243330927333, 0.00052467500791, 0.000442503456725, 0.000353188079316, 8.76340491232e-05, 3.12346892315e-05, 1.84835553227e-05, 2.20769652515e-05, 8.22172114567e-06, 6.50756282994e-06, 4.75442857351e-06, 1.59156491009e-06, 2.32067941397e-06, 1.34760171022e-06, 6.79278343796e-07, 6.58087856209e-07, 4.29960607562e-07, 3.92625679524e-07, 2.3803980298e-07, 1.30247968855e-07, 7.89541871882e-08, 5.71630636159e-08, 3.41218289179e-08, 3.73418060917e-08, 1.28292096946e-08, 1.11041913442e-08, 3.43031025807e-09, 2.65025290602e-09, 1.52727230862e-09, 9.14523123896e-10, 8.87708961894e-10, 3.81790876691e-10, 5.67111579919e-10, 5.51052870001e-10, 2.06734490638e-10, 1.53291296323e-10, 1.44847633887e-10, 1.42767686562e-10],
        "min": [1.19318032092e-24, 1.24945844676e-24, 2.11226875096e-24, 1.03905662157e-24, 1.56955788893e-24, 1.93202330323e-24, 1.6569956261e-24, 2.31517107275e-24, 1.8546433454e-24, 3.52317034299e-24, 1.61297699037e-24, 9.67168220312e-25, 3.74711059904e-24, 4.46563784925e-24, 5.22165965828e-24, 3.14396845573e-24, 2.88468762555e-24, 3.33075139099e-24, 4.50179213339e-24, 4.38299204765e-24, 5.12180130616e-24, 4.33525649655e-24, 5.07407995456e-24, 6.00943154102e-24, 4.8113876954e-24, 5.99599368993e-24, 6.79175160604e-24, 5.6232541512e-24, 6.19828208071e-24, 5.6220949201e-24, 3.8087214246e-24, 6.10392603341e-24, 6.57757034825e-24, 7.14098585081e-24, 6.71472486067e-24, 5.24209628332e-24, 6.66449966456e-24, 7.06675798393e-24, 5.05708867952e-24, 7.42327578144e-24],
        "var": [2.60986344074e-05, 2.52714144153e-05, 4.89987087349e-06, 3.33602270075e-06, 5.42623320143e-06, 3.74516048396e-06, 1.21212463e-06, 3.76273931124e-07, 1.32639229378e-07, 1.48183360693e-07, 1.4237936341e-07, 8.8683449917e-08, 4.75740868922e-08, 1.4289456729e-08, 6.83459955297e-09, 7.91265808431e-09, 2.75469269617e-09, 8.92173779299e-10, 9.91438042774e-10, 8.24358081797e-10, 6.40243524863e-10, 1.40082057065e-10, 2.43821823842e-10, 8.18963438731e-11, 1.64827491933e-11, 7.23286222581e-11, 1.27489503329e-11, 1.78684414487e-10, 1.86810844571e-11, 2.13288678386e-10, 4.19872261959e-11, 1.06771362585e-11, 2.43000654321e-11, 3.51732185044e-12, 2.5252895261e-11, 2.04087875072e-11, 2.36417818916e-13, 1.65935355789e-16, 1.36175621638e-18, 1.39255520081e-19]
    },
    "mfcc": {
        "mean": [-821.123535156, 222.646453857, 23.3200569153, 22.9497871399, 7.03486537933, -2.56246685982, -6.03518915176, -1.80059969425, -10.8845272064, -1.71526372433, -9.36379241943, -3.07900571823, 1.55946302414],
        "cov": [[8403.26757812, 651.459289551, -3318.53271484, 625.371887207, -260.420410156, 96.7135467529, -360.59664917, 194.407958984, -378.847900391, 423.332611084, -292.054534912, -47.6983680725, -7.80712461472], [651.459289551, 2418.2668457, 154.228363037, -737.600402832, 348.605621338, -152.893234253, 270.378234863, -12.7208328247, 142.715545654, -186.328079224, 98.7620010376, -94.2813949585, -10.4040737152], [-3318.53271484, 154.228363037, 2490.33764648, 222.875488281, 79.2146453857, 145.317367554, 215.80506897, 13.1294765472, 149.876266479, -115.030487061, 62.0944900513, 55.9085159302, 78.7045440674], [625.371887207, -737.600402832, 222.875488281, 1103.39306641, 109.834732056, 107.535644531, -134.070556641, 55.7797546387, -32.0250816345, 159.841094971, -97.978012085, 59.7671127319, 68.9718856812], [-260.420410156, 348.605621338, 79.2146453857, 109.834732056, 486.68637085, 51.2536506653, 8.26157283783, -10.945608139, 91.5931854248, -12.0487527847, 85.8157196045, -4.92248058319, -27.7039661407], [96.7135467529, -152.893234253, 145.317367554, 107.535644531, 51.2536506653, 319.827362061, 96.4018630981, 37.0850563049, 5.78937864304, 95.3824310303, 58.955165863, 61.0221138, -14.3308115005], [-360.59664917, 270.378234863, 215.80506897, -134.070556641, 8.26157283783, 96.4018630981, 301.9168396, 96.8163833618, 60.6452102661, -14.6501235962, 61.179561615, 38.9231071472, 19.0794429779], [194.407958984, -12.7208328247, 13.1294765472, 55.7797546387, -10.945608139, 37.0850563049, 96.8163833618, 236.992416382, 71.1642837524, -1.77223026752, -11.9306755066, 19.2578735352, 21.7605857849], [-378.847900391, 142.715545654, 149.876266479, -32.0250816345, 91.5931854248, 5.78937864304, 60.6452102661, 71.1642837524, 224.63684082, 1.88484287262, 25.5239143372, 14.836482048, -9.05129814148], [423.332611084, -186.328079224, -115.030487061, 159.841094971, -12.0487527847, 95.3824310303, -14.6501235962, -1.77223026752, 1.88484287262, 207.306182861, 51.9066162109, 31.9219989777, -21.3832397461], [-292.054534912, 98.7620010376, 62.0944900513, -97.978012085, 85.8157196045, 58.955165863, 61.179561615, -11.9306755066, 25.5239143372, 51.9066162109, 232.315628052, 72.7154846191, -70.9709854126], [-47.6983680725, -94.2813949585, 55.9085159302, 59.7671127319, -4.92248058319, 61.0221138, 38.9231071472, 19.2578735352, 14.836482048, 31.9219989777, 72.7154846191, 148.18649292, 40.6762695312], [-7.80712461472, -10.4040737152, 78.7045440674, 68.9718856812, -27.7039661407, -14.3308115005, 19.0794429779, 21.7605857849, -9.05129814148, -21.3832397461, -70.9709854126, 40.6762695312, 160.181640625]],
