{
"lowlevel": {
    "average_loudness": 0.895871043205,
    "barkbands_crest": {
        "dmean": 3.27067160606,
        "dmean2": 5.29942417145,
        "dvar": 8.1345205307,
        "dvar2": 20.5711212158,
        "max": 25.2693271637,
        "mean": 10.6628332138,
        "median": 9.78282928467,
        "min": 2.43017220497,
        "var": 18.8235664368
    },
    "barkbands_flatness_db": {
        "dmean": 0.0345939584076,
        "dmean2": 0.0519051775336,
        "dvar": 0.0011370126158,
        "dvar2": 0.00250025535934,
        "max": 0.789458811283,
        "mean": 0.178621679544,
        "median": 0.169252932072,
        "min": 0.0179381258786,
        "var": 0.00668320711702
    },
    "barkbands_kurtosis": {
        "dmean": 7.79186630249,
        "dmean2": 12.4741754532,
        "dvar": 447.757751465,
        "dvar2": 1077.48730469,
        "max": 496.49041748,
        "mean": 8.3046207428,
        "median": 1.06093788147,
        "min": -1.9445425272,
        "var": 663.237426758
    },
    "barkbands_skewness": {
        "dmean": 0.994996607304,
        "dmean2": 1.46722960472,
        "dvar": 1.32857501507,
        "dvar2": 2.89346814156,
        "max": 17.9068069458,
        "mean": 1.36765635014,
        "median": 0.84637761116,
        "min": -6.92280673981,
        "var": 4.87685728073
    },
    "barkbands_spread": {
        "dmean": 8.17012882233,
        "dmean2": 12.8096427917,
        "dvar": 112.461631775,
        "dvar2": 253.045211792,
        "max": 139.128509521,
        "mean": 22.7394275665,
        "median": 18.8066825867,
        "min": 0.249180987477,
        "var": 351.199615479
    },
    "dissonance": {
        "dmean": 0.0163277518004,
        "dmean2": 0.0272626783699,
        "dvar": 0.000364879058907,
        "dvar2": 0.000985574093647,
        "max": 0.500000059605,
        "mean": 0.470786035061,
        "median": 0.478273034096,
        "min": 0.281349390745,
        "var": 0.000731387292035
    },
    "dynamic_complexity": 3.43192791939,
    "erbbands_crest": {
        "dmean": 3.17387771606,
        "dmean2": 5.16591835022,
        "dvar": 8.50104618073,
        "dvar2": 21.5043582916,
        "max": 30.2854690552,
        "mean": 10.2494916916,
        "median": 9.40140724182,
        "min": 2.18473362923,
        "var": 19.6756782532
    },
    "erbbands_flatness_db": {
        "dmean": 0.027308544144,
        "dmean2": 0.0377524830401,
        "dvar": 0.000774689950049,
        "dvar2": 0.00134532689117,
        "max": 0.516923069954,
        "mean": 0.206274434924,
        "median": 0.183118164539,
        "min": 0.0420711003244,
        "var": 0.009616185911
    },
    "erbbands_kurtosis": {
        "dmean": 1.58015179634,
        "dmean2": 2.56546854973,
        "dvar": 29.7769203186,
        "dvar2": 82.28490448,
        "max": 369.683929443,
        "mean": 0.97289288044,
        "median": 0.0818111896515,
        "min": -1.85551977158,
        "var": 24.0617542267
    },
    "erbbands_skewness": {
        "dmean": 0.538465082645,
        "dmean2": 0.815367102623,
        "dvar": 0.274911314249,
        "dvar2": 0.645979404449,
        "max": 15.053109169,
        "mean": -0.263539880514,
        "median": -0.23875772953,
        "min": -4.4345331192,
        "var": 0.914688646793
    },
    "erbbands_spread": {
        "dmean": 10.5231580734,
        "dmean2": 15.6162815094,
        "dvar": 165.089904785,
        "dvar2": 342.789733887,
        "max": 177.915145874,
        "mean": 33.4203453064,
        "median": 28.6877536774,
        "min": 0.983851850033,
        "var": 512.863708496
    },
    "hfc": {
        "dmean": 10.5163373947,
        "dmean2": 15.8326349258,
        "dvar": 339.81362915,
        "dvar2": 737.879821777,
        "max": 240.347351074,
        "mean": 19.7235145569,
        "median": 12.7604608536,
        "min": 1.06795144835e-16,
        "var": 580.89251709
    },
    "melbands_crest": {
        "dmean": 4.6387181282,
        "dmean2": 7.44659948349,
        "dvar": 17.557510376,
        "dvar2": 42.1345443726,
        "max": 39.6488876343,
        "mean": 16.2638645172,
        "median": 14.8717088699,
        "min": 1.27705395222,
        "var": 62.4423599243
    },
    "melbands_flatness_db": {
        "dmean": 0.0403535738587,
        "dmean2": 0.0587492473423,
        "dvar": 0.00165174342692,
        "dvar2": 0.00330378720537,
        "max": 0.930766522884,
        "mean": 0.243480354548,
        "median": 0.233746320009,
        "min": 0.000418497918872,
        "var": 0.00944301486015
    },
    "melbands_kurtosis": {
        "dmean": 28.3904838562,
        "dmean2": 46.6246566772,
        "dvar": 37659.0039062,
        "dvar2": 109597.4375,
        "max": 10753.9775391,
        "mean": 32.6562728882,
        "median": 3.62430429459,
        "min": -1.86645555496,
        "var": 48536.7734375
    },
    "melbands_skewness": {
        "dmean": 1.41942644119,
        "dmean2": 2.12009334564,
        "dvar": 5.1814827919,
        "dvar2": 12.5261821747,
        "max": 86.3608703613,
        "mean": 2.79351878166,
        "median": 1.70958125591,
        "min": -4.30501127243,
        "var": 15.4847593307
    },
    "melbands_spread": {
        "dmean": 11.0726909637,
        "dmean2": 17.2381763458,
        "dvar": 236.7840271,
        "dvar2": 504.174743652,
        "max": 205.127212524,
        "mean": 28.8902740479,
        "median": 20.4556350708,
        "min": 0.0211824961007,
        "var": 824.157592773
    },
    "pitch_salience": {
        "dmean": 0.0975700840354,
        "dmean2": 0.156488060951,
        "dvar": 0.00840439926833,
        "dvar2": 0.019897794351,
        "max": 0.990304529667,
        "mean": 0.540950536728,
        "median": 0.550908982754,
        "min": 0.00901343114674,
        "var": 0.0280242469162
    },
    "silence_rate_20dB": {
        "dmean": 0,
        "dmean2": 0,
        "dvar": 0,
        "dvar2": 0,
        "max": 1,
        "mean": 1,
        "median": 1,
        "min": 1,
        "var": 0
    },
    "silence_rate_30dB": {
        "dmean": 0.0471794866025,
        "dmean2": 0.0943686515093,
        "dvar": 0.0449550673366,
        "dvar2": 0.0979819893837,
        "max": 1,
        "mean": 0.952415108681,
        "median": 1,
        "min": 0,
        "var": 0.0453179776669
    },
    "silence_rate_60dB": {
        "dmean": 0.0722051262856,
        "dmean2": 0.144425064325,
        "dvar": 0.0669874772429,
        "dvar2": 0.138346150517,
        "max": 1,
        "mean": 0.156906977296,
        "median": 0,
        "min": 0,
        "var": 0.132285729051
    },
    "spectral_centroid": {
        "dmean": 341.716003418,
        "dmean2": 508.157043457,
        "dvar": 151578.421875,
        "dvar2": 303621.6875,
        "max": 11807.9453125,
        "mean": 1752.58862305,
        "median": 1513.77624512,
        "min": 42.7101478577,
        "var": 1651889
    },
    "spectral_complexity": {
        "dmean": 4.25087165833,
        "dmean2": 6.43430089951,
        "dvar": 26.0594863892,
        "dvar2": 53.5965156555,
        "max": 55,
        "mean": 14.0123062134,
        "median": 13,
        "min": 0,
        "var": 75.0307693481
    },
    "spectral_decrease": {
        "dmean": 4.55606041783e-09,
        "dmean2": 7.50141726513e-09,
        "dvar": 7.07989444938e-17,
        "dvar2": 1.73856543214e-16,
        "max": 1.94470691875e-28,
        "mean": -7.61298579732e-09,
        "median": -4.08508915584e-09,
        "min": -8.09362816767e-08,
        "var": 1.02558133831e-16
    },
    "spectral_energy": {
        "dmean": 0.0178040526807,
        "dmean2": 0.0292387735099,
        "dvar": 0.00104312598705,
        "dvar2": 0.0025557554327,
        "max": 0.311592519283,
        "mean": 0.03052216582,
        "median": 0.0173659138381,
        "min": 9.77478037384e-21,
        "var": 0.00151325936895
    },
    "spectral_energyband_high": {
        "dmean": 0.000408107502153,
        "dmean2": 0.000604756409302,
        "dvar": 1.36539188134e-06,
        "dvar2": 2.64978143605e-06,
        "max": 0.0197714585811,
        "mean": 0.000530308228917,
        "median": 9.35958814807e-05,
        "min": 6.88993467319e-21,
        "var": 2.30275122703e-06
    },
    "spectral_energyband_low": {
        "dmean": 0.0123510835692,
        "dmean2": 0.0202986933291,
        "dvar": 0.000708700274117,
        "dvar2": 0.0017884306144,
        "max": 0.276940435171,
        "mean": 0.016426904127,
        "median": 0.00152437004726,
        "min": 1.72998158925e-23,
        "var": 0.00101899646688
    },
    "spectral_energyband_middle_high": {
        "dmean": 0.00311986613087,
        "dmean2": 0.00490178819746,
        "dvar": 4.06466351706e-05,
        "dvar2": 0.000100934710645,
        "max": 0.0812084823847,
        "mean": 0.00569695746526,
        "median": 0.00303891068324,
        "min": 1.1576003922e-21,
        "var": 6.03837652307e-05
    },
    "spectral_energyband_middle_low": {
        "dmean": 0.00734626408666,
        "dmean2": 0.0123140998185,
        "dvar": 0.000355042138835,
        "dvar2": 0.000957417418249,
        "max": 0.207481354475,
        "mean": 0.00887612998486,
        "median": 0.00451620109379,
        "min": 1.51749928541e-22,
        "var": 0.000273498182651
    },
    "spectral_entropy": {
        "dmean": 0.237400695682,
        "dmean2": 0.343569666147,
        "dvar": 0.0659393370152,
        "dvar2": 0.130107551813,
        "max": 9.82777690887,
        "mean": 7.26711034775,
        "median": 7.27949905396,
        "min": 3.88836026192,
        "var": 0.380706548691
    },
    "spectral_flux": {
        "dmean": 0.0423658154905,
        "dmean2": 0.0674632191658,
        "dvar": 0.00325956032611,
        "dvar2": 0.00634635519236,
        "max": 0.52076280117,
        "mean": 0.100257985294,
        "median": 0.0794970169663,
        "min": 6.2786872923e-11,
        "var": 0.00681627588347
    },
    "spectral_kurtosis": {
        "dmean": 5.28647899628,
        "dmean2": 8.70396900177,
        "dvar": 96.9579086304,
        "dvar2": 266.45300293,
        "max": 178.137771606,
        "mean": 13.4183092117,
        "median": 7.35771656036,
        "min": -1.27473342419,
        "var": 397.426361084
    },
    "spectral_rms": {
        "dmean": 0.00136717909481,
        "dmean2": 0.00214490992948,
        "dvar": 3.5772186493e-06,
        "dvar2": 7.96755284682e-06,
        "max": 0.0174353867769,
        "mean": 0.00458514038473,
        "median": 0.00411610910669,
        "min": 3.08810160603e-12,
        "var": 8.75426212588e-06
    },
    "spectral_rolloff": {
        "dmean": 729.972900391,
        "dmean2": 1249.44799805,
        "dvar": 2694906,
        "dvar2": 5693201.5,
        "max": 19616.7480469,
        "mean": 2103.85473633,
        "median": 1507.32421875,
        "min": 21.533203125,
        "var": 8668795
    },
    "spectral_skewness": {
        "dmean": 0.441754043102,
        "dmean2": 0.727562606335,
        "dvar": 0.331424713135,
        "dvar2": 0.916712224483,
        "max": 10.1695718765,
        "mean": 2.15779876709,
        "median": 1.8746393919,
        "min": -0.0834273025393,
        "var": 1.47917342186
    },
    "spectral_spread": {
        "dmean": 872164.25,
        "dmean2": 1204582,
        "dvar": 1.77078442394e+12,
        "dvar2": 3.24236555059e+12,
        "max": 43202768,
        "mean": 4330418.5,
        "median": 3334159.5,
        "min": 393414.46875,
        "var": 2.29549266698e+13
    },
    "spectral_strongpeak": {
        "dmean": 0.770526230335,
        "dmean2": 1.28529846668,
        "dvar": 1.96165084839,
        "dvar2": 4.52839136124,
        "max": 21.4099273682,
        "mean": 1.12103068829,
        "median": 0.453097701073,
        "min": 0,
        "var": 3.18395161629
    },
    "zerocrossingrate": {
        "dmean": 0.0171593055129,
        "dmean2": 0.0195046048611,
        "dvar": 0.000711959088221,
        "dvar2": 0.000885688059498,
        "max": 0.65234375,
        "mean": 0.074294410646,
        "median": 0.05712890625,
        "min": 0.00146484375,
        "var": 0.00565600208938
    },
    "barkbands": {
        "dmean": [0.00185004877858, 0.00768146524206, 0.00467544328421, 0.00348202208988, 0.00288247526623, 0.000592994212639, 0.000672639522236, 0.000372574548237, 0.000568605202716, 0.000409135362133, 0.000519886845723, 0.000659180805087, 0.000449302227935, 0.000653441005852, 0.000336451572366, 0.000440480216639, 0.000455853383755, 0.000485059892526, 0.000293503690045, 7.98973924248e-05, 3.41185659636e-05, 2.23258375627e-05, 2.11654769373e-05, 4.69682599942e-05, 0.000134019661346, 0.000140306918183, 1.63074291777e-05],
        "dmean2": [0.00303739635274, 0.012844722718, 0.00805669184774, 0.00596163980663, 0.00488492986187, 0.000960480421782, 0.0010800434975, 0.000559695472475, 0.000833706697449, 0.000634946045466, 0.000844856258482, 0.00108358322177, 0.000758352747653, 0.00104901834857, 0.000573182129301, 0.000727732374799, 0.000729148217943, 0.000756436027586, 0.000483490875922, 0.00013227405725, 5.59964828426e-05, 3.54786134267e-05, 3.25938817696e-05, 7.03167315805e-05, 0.000197570945602, 0.000212150305742, 2.5680192266e-05],
        "dvar": [1.48021990753e-05, 0.000376252952265, 0.000214785235585, 0.000106638282887, 7.0715585025e-05, 2.65872699856e-06, 2.96740881822e-06, 9.33745468501e-07, 1.60504089308e-06, 1.07663254312e-06, 2.55115810432e-06, 4.1192001845e-06, 1.16907938263e-06, 3.08272137772e-06, 6.0497211507e-07, 2.11442193176e-06, 1.20975914797e-06, 1.65041808486e-06, 4.95043764204e-07, 2.54148506684e-08, 7.55330376023e-09, 3.22312532219e-09, 5.11345588095e-09, 1.60501958391e-08, 2.5489882205e-07, 2.47323470148e-07, 3.47560136227e-09],
        "dvar2": [4.08202358813e-05, 0.000945426989347, 0.000589677423704, 0.00029353518039, 0.000188689809875, 6.51009713692e-06, 6.89275475452e-06, 1.9056316205e-06, 3.08219205181e-06, 2.32011416301e-06, 6.06379035162e-06, 9.146226148e-06, 3.19575747199e-06, 6.57957707517e-06, 1.63992388025e-06, 5.58606689083e-06, 2.97978999697e-06, 3.66756921721e-06, 1.25955693875e-06, 6.66626789325e-08, 1.99772767218e-08, 8.02932564881e-09, 1.06027329139e-08, 3.44417294684e-08, 4.89082992772e-07, 5.29503495272e-07, 7.54414930526e-09],
        "max": [0.0457560159266, 0.191257327795, 0.187934994698, 0.124950438738, 0.112959228456, 0.0301795005798, 0.0373015925288, 0.0233722738922, 0.0246250424534, 0.0200384389609, 0.0269675776362, 0.0307133495808, 0.0286902561784, 0.0281626265496, 0.0104175293818, 0.0250775963068, 0.0228429511189, 0.0384330935776, 0.0192710924894, 0.00217287847772, 0.00155891396571, 0.000751287618186, 0.00156878365669, 0.00308286468498, 0.0104451477528, 0.0101457787678, 0.00136703532189],
        "mean": [0.00278559769504, 0.00890470482409, 0.00376639910974, 0.00307314377278, 0.00258596520871, 0.000718795345165, 0.000845732574817, 0.000562911620364, 0.00100271415431, 0.000496828113683, 0.000574626552407, 0.000689468055498, 0.000523195718415, 0.000835480226669, 0.000369580637198, 0.000492330524139, 0.000634443829767, 0.000669899163768, 0.000398170814151, 0.000112244684715, 4.5163109462e-05, 2.83052922896e-05, 2.45261689997e-05, 5.88080729358e-05, 0.000152248001541, 0.000155239948072, 1.55698071467e-05],
        "median": [0.00030535744736, 0.000242719019298, 0.000172747939359, 0.00023168354528, 0.000426275189966, 0.000107774256321, 0.000109371940198, 7.19135350664e-05, 0.000149154628161, 0.000106650091766, 9.78665993898e-05, 9.76664668997e-05, 0.000150239429786, 0.000148812905536, 0.00010832069529, 0.000112196270493, 0.000211462727748, 0.000128557163407, 0.000154830064275, 5.63443973078e-05, 1.44834048115e-05, 5.89307910559e-06, 3.82447615266e-06, 8.8258057076e-06, 7.2831894613e-06, 3.26007534568e-06, 2.04137592164e-07],
        "min": [8.67446834169e-25, 2.40477798019e-24, 7.9309136904e-25, 4.82182797365e-25, 8.68862839494e-24, 9.75483859494e-24, 8.12299855981e-24, 7.74120723663e-24, 1.35582454636e-23, 5.34819610292e-24, 1.09564962124e-23, 2.1571879503e-23, 2.06820160029e-23, 3.09838152508e-23, 4.0436009726e-23, 4.92721133006e-23, 7.24068982285e-23, 1.05421396066e-22, 1.1526963027e-22, 1.61438957993e-22, 2.56427454017e-22, 2.8432089405e-22, 4.08713252616e-22, 5.41710102039e-22, 7.46327746644e-22, 1.17770889844e-21, 1.96010846487e-21],
        "var": [3.08435955958e-05, 0.000463154661702, 0.00014815753093, 7.54247739678e-05, 5.22314148839e-05, 3.94385688196e-06, 4.61172248833e-06, 2.07729817703e-06, 4.8001847972e-06, 1.63016250099e-06, 2.7949838568e-06, 5.34959917786e-06, 1.13922976652e-06, 5.65815798836e-06, 6.04186652708e-07, 1.99696887648e-06, 1.69769225522e-06, 2.6968198199e-06, 5.63019625588e-07, 2.98282465394e-08, 8.13158607116e-09, 3.81578901809e-09, 8.23703327768e-09, 2.62240398285e-08, 3.97046591161e-07, 3.5982634472e-07, 4.12731981925e-09]
    },
    "erbbands": {
        "dmean": [0.366489946842, 1.4195151329, 4.81450223923, 8.59222507477, 13.4413871765, 7.66810750961, 3.11737680435, 5.94146156311, 8.43751335144, 10.0297584534, 7.91218042374, 11.3978586197, 12.1551017761, 17.1129436493, 22.9641094208, 22.7244205475, 21.4976024628, 32.0175209045, 20.0100059509, 18.456949234, 25.6209640503, 23.2083377838, 23.9624176025, 20.2076835632, 11.7135820389, 4.11144065857, 1.5529088974, 1.44632148743, 0.794274032116, 0.843145012856, 0.556797027588, 0.664447367191, 1.03077995777, 1.07342839241, 1.16451406479, 0.631826162338, 0.281241506338, 0.0454735904932, 0.00210166512989, 5.75357516936e-05],
        "dmean2": [0.622563183308, 2.33822417259, 8.2472076416, 14.5436916351, 22.9527359009, 13.0182609558, 5.12544631958, 9.50026321411, 13.6476802826, 15.8577165604, 11.6683998108, 16.6367053986, 18.8116931915, 26.5637130737, 36.360824585, 37.9850158691, 35.5097427368, 51.5610466003, 32.6049804688, 31.670135498, 41.6148719788, 37.0942802429, 36.9363365173, 31.369386673, 19.6515808105, 6.83897066116, 2.52600216866, 2.38908004761, 1.26963317394, 1.32012867928, 0.869857370853, 1.03151071072, 1.51840603352, 1.59502494335, 1.72912204266, 0.955819964409, 0.427420794964, 0.069171577692, 0.00330631900579, 8.83822576725e-05],
        "dvar": [0.891850531101, 15.6434211731, 225.252380371, 611.014953613, 1731.47717285, 498.216156006, 59.7415771484, 275.737945557, 492.635345459, 730.249816895, 371.159423828, 814.409240723, 725.391662598, 2155.61938477, 4070.578125, 4245.0078125, 2547.55419922, 7299.32568359, 2557.63500977, 3398.0847168, 6031.03808594, 3107.56518555, 2990.20166016, 2455.82299805, 985.843200684, 67.2297592163, 15.4562244415, 17.9644203186, 3.85846185684, 5.74484872818, 4.71706581116, 4.47133207321, 7.39543247223, 12.5080490112, 23.4694957733, 7.58161687851, 0.804423034191, 0.0191010311246, 5.41884473932e-05, 1.7875663616e-08],
        "dvar2": [2.59097838402, 39.0797843933, 616.614440918, 1685.72387695, 4594.12841797, 1374.8581543, 153.776855469, 663.472229004, 1160.37866211, 1591.26428223, 778.805664062, 1574.72241211, 1499.10046387, 4947.21777344, 8559.39550781, 10101.7734375, 6846.31835938, 16338.7822266, 6413.39501953, 9553.265625, 15057.7578125, 7836.52880859, 6653.70117188, 5531.16015625, 2706.24023438, 176.690231323, 39.9877471924, 49.1190719604, 9.71026420593, 13.0913686752, 10.5933847427, 10.0310726166, 16.007516861, 25.3345241547, 45.9800796509, 16.3237743378, 1.71177756786, 0.0408797264099, 0.000118978576211, 3.74002553372e-08],
        "max": [8.90647506714, 48.2843093872, 184.626998901, 324.05657959, 502.838439941, 319.743469238, 120.749900818, 335.217590332, 519.81842041, 628.082641602, 470.157165527, 697.355224609, 795.741699219, 738.348083496, 976.668579102, 909.06463623, 1296.71398926, 1449.78210449, 672.358703613, 1080.92333984, 1201.41638184, 1069.58276367, 1468.5859375, 1403.55065918, 466.797973633, 106.815040588, 109.249076843, 79.6099243164, 24.505241394, 50.1058807373, 54.1771354675, 38.5285682678, 70.1552352905, 60.7385787964, 107.657623291, 59.4145011902, 14.4973192215, 2.38039803505, 0.155732944608, 0.00225934223272],
        "mean": [0.395726203918, 1.49230277538, 4.04114675522, 7.75295782089, 11.823595047, 6.81940317154, 3.32454180717, 7.37918806076, 10.5808582306, 14.2609910965, 12.7709445953, 19.8480949402, 18.4326992035, 21.1546401978, 27.3923988342, 25.0943069458, 27.0888538361, 40.1852874756, 24.5084190369, 20.4344768524, 29.9229755402, 33.1533508301, 36.7016143799, 29.4302349091, 16.066072464, 5.90011358261, 2.13814783096, 1.85481703281, 1.01463019848, 1.02044999599, 0.639449715614, 0.779101669788, 1.27814245224, 1.25891971588, 1.28241169453, 0.702147960663, 0.311178654432, 0.0476261265576, 0.00209405994974, 7.93823928689e-05],
        "median": [0.0103242266923, 0.0543050132692, 0.22283269465, 0.646590650082, 1.421910882, 1.19199681282, 0.743229031563, 1.14161789417, 1.99359500408, 2.18293642998, 2.6205997467, 3.32545542717, 4.46767234802, 4.78881883621, 4.83639669418, 4.63862133026, 7.75357246399, 8.21040248871, 6.99423742294, 6.60807180405, 7.17106056213, 12.2453479767, 11.663315773, 9.37960147858, 6.76370334625, 2.91068458557, 0.897994756699, 0.428307503462, 0.215759113431, 0.234266236424, 0.084584094584, 0.0768857002258, 0.199967607856, 0.117410622537, 0.0354088060558, 0.0136998333037, 0.00640518404543, 0.00109043088742, 4.696211181e-05, 2.71743683697e-05],
        "min": [9.57239163364e-23, 3.44774220847e-22, 1.97920228141e-21, 4.89468375504e-21, 8.5056324748e-21, 2.58796686296e-20, 3.07918209205e-20, 9.71578107042e-20, 6.97085781714e-20, 2.02126675008e-19, 2.27140228991e-19, 4.13351716369e-19, 3.36121222996e-19, 5.98118015819e-19, 7.73894826564e-19, 1.11324469059e-18, 9.93997919891e-19, 1.88047890376e-18, 2.1371331955e-18, 2.37719838006e-18, 3.18007890776e-18, 4.03658183225e-18, 5.3424601371e-18, 6.11247595188e-18, 6.91675565558e-18, 8.31353159717e-18, 9.28687171524e-18, 9.81383456909e-18, 9.58080124692e-18, 9.79850773952e-18, 1.02741547897e-17, 9.10179915217e-18, 9.5737280255e-18, 8.02205382882e-18, 5.63808332109e-18, 3.95987571969e-18, 2.13374423653e-18, 9.65781548426e-19, 2.63320979737e-19, 2.73285675609e-20],
        "var": [0.966776669025, 16.2416820526, 160.554321289, 431.83303833, 1283.97375488, 348.104187012, 61.220867157, 427.856719971, 720.684997559, 1452.765625, 826.885192871, 2451.08959961, 1546.67614746, 2875.0637207, 5882.90283203, 5272.58349609, 2924.13891602, 12540.3154297, 3066.45996094, 2601.12915039, 6888.46289062, 4096.69335938, 5104.80908203, 3896.6484375, 940.037658691, 82.1809692383, 15.9212551117, 18.812625885, 4.5751581192, 7.60431480408, 6.91562461853, 6.8009595871, 11.5629901886, 19.1674957275, 34.1840019226, 10.1322088242, 1.29284095764, 0.0278694462031, 6.57431664877e-05, 2.70681805858e-08]
    },
    "gfcc": {
        "mean": [-73.3388366699, 81.8703308105, -131.871429443, 12.7445669174, -27.1686935425, 4.16837453842, -36.7761268616, 20.5828018188, -29.6419124603, 0.861326336861, -13.0510663986, -2.95587301254, -12.6620607376],
        "cov": [[26626.1855469, 195.4480896, 770.956054688, 2094.97436523, -987.430786133, 118.789642334, -1055.97399902, 547.571166992, -842.490539551, -20.2045841217, -506.538146973, 79.9677886963, -500.642211914], [195.4480896, 2088.35864258, -601.078186035, -342.006988525, 219.927993774, -162.764480591, 160.019851685, -108.118202209, 208.77520752, -141.639831543, 110.160728455, -192.203460693, 38.3586616516], [770.956054688, -601.078186035, 2968.81860352, 1465.42602539, 268.595733643, 382.112976074, 11.6932134628, 132.30027771, -200.630783081, 150.097381592, -174.286697388, 173.08114624, -116.890579224], [2094.97436523, -342.006988525, 1465.42602539, 1901.57800293, -88.3283004761, 3.50031685829, -10.3507595062, 268.93536377, -15.9396905899, 58.8307418823, 14.7075719833, 73.6482696533, -19.108833313], [-987.430786133, 219.927993774, 268.595733643, -88.3283004761, 575.909240723, 268.60357666, 203.229934692, -49.279712677, -50.131061554, 64.7983322144, -54.4948387146, 29.4563808441, 22.6181087494], [118.789642334, -162.764480591, 382.112976074, 3.50031685829, 268.60357666, 438.236968994, 168.07635498, -2.62489724159, -101.053695679, 69.8137435913, -60.9427261353, 32.8145751953, -11.6145572662], [-1055.97399902, 160.019851685, 11.6932134628, -10.3507595062, 203.229934692, 168.07635498, 365.78817749, 53.0012054443, 87.4794998169, 43.7123184204, 43.4827880859, 17.193189621, 46.6486434937], [547.571166992, -108.118202209, 132.30027771, 268.93536377, -49.279712677, -2.62489724159, 53.0012054443, 285.725494385, 126.372909546, 24.4206066132, 66.7646713257, 22.3427124023, 32.8613700867], [-842.490539551, 208.77520752, -200.630783081, -15.9396905899, -50.131061554, -101.053695679, 87.4794998169, 126.372909546, 321.723968506, 34.1649436951, 133.411361694, -19.0940055847, 69.9177474976], [-20.2045841217, -141.639831543, 150.097381592, 58.8307418823, 64.7983322144, 69.8137435913, 43.7123184204, 24.4206066132, 34.1649436951, 165.590911865, 27.5959129333, 51.3154602051, 1.86667609215], [-506.538146973, 110.160728455, -174.286697388, 14.7075719833, -54.4948387146, -60.9427261353, 43.4827880859, 66.7646713257, 133.411361694, 27.5959129333, 217.528640747, 37.651386261, 58.1233253479], [79.9677886963, -192.203460693, 173.08114624, 73.6482696533, 29.4563808441, 32.8145751953, 17.193189621, 22.3427124023, -19.0940055847, 51.3154602051, 37.651386261, 161.04649353, 38.8739471436], [-500.642211914, 38.3586616516, -116.890579224, -19.108833313, 22.6181087494, -11.6145572662, 46.6486434937, 32.8613700867, 69.9177474976, 1.86667609215, 58.1233253479, 38.8739471436, 132.658782959]],
        "icov": [[9.47903390625e-05, -0.000175896333531, 0.000109951237391, -0.000136921240482, 0.000229613069678, -0.000288446783088, 0.000312639691401, -0.00035831873538, 0.000256584200542, -0.000195616128622, 0.000290744472295, -0.00031048755045, 0.000231287267525], [-0.000175896333531, 0.00112143682782, -0.000188708552741, 0.000249316362897, -0.00100570346694, 0.000950975692831, -0.000829040480312, 0.00107982056215, -0.000880685343873, 0.00101533532143, -0.00102830294054, 0.00133569899481, -0.000330666487571], [0.000109951237391, -0.000188708552741, 0.000951359514147, -0.00078155065421, -1.5073830582e-05, -0.000891767907888, 0.00067456997931, -0.000334778160322, 5.71784476051e-05, -0.000301379186567, 0.00083451368846, -0.00109418132342, 0.000894531491213], [-0.000136921240482, 0.000249316362897, -0.00078155065421, 0.00131769198924, -6.51475857012e-05, 0.000933541159611, -0.000708715931978, -0.000278061430436, 0.00013813941041, 0.000139083756949, -0.000759110087529, 0.000849579577334, -0.000667853048071], [0.000229613069678, -0.00100570346694, -1.5073830582e-05, -6.51475857012e-05, 0.00394626054913, -0.00197188626043, -0.000261824956397, -0.000621168117505, 0.00107890937943, -0.00146375678014, 0.00153165240772, -0.00115449435543, -0.000345670996467], [-0.000288446783088, 0.000950975692831, -0.000891767907888, 0.000933541159611, -0.00197188626043, 0.00576089462265, -0.00286188488826, 0.000479323265608, 0.000987937557511, -0.000333434785716, -0.00103885715362, 0.00192159740254, -0.000910568924155], [0.000312639691401, -0.000829040480312, 0.00067456997931, -0.000708715931978, -0.000261824956397, -0.00286188488826, 0.00576928211376, -0.0014866120182, -0.000639753532596, -0.000554279948119, 0.000764086376876, -0.00152327050455, 0.000502070819493], [-0.00035831873538, 0.00107982056215, -0.000334778160322, -0.000278061430436, -0.000621168117505, 0.000479323265608, -0.0014866120182, 0.00696181738749, -0.00342942704447, 0.00138297956437, -0.00148172467016, 0.000871992553584, -0.000871742086019], [0.000256584200542, -0.000880685343873, 5.71784476051e-05, 0.00013813941041, 0.00107890937943, 0.000987937557511, -0.000639753532596, -0.00342942704447, 0.00765317631885, -0.002725048922, -0.00136245181784, 0.00130085309502, -0.00150922639295], [-0.000195616128622, 0.00101533532143, -0.000301379186567, 0.000139083756949, -0.00146375678014, -0.000333434785716, -0.000554279948119, 0.00138297956437, -0.002725048922, 0.00898341741413, -0.00154513039161, -0.00133538781665, 0.00117348670028], [0.000290744472295, -0.00102830294054, 0.00083451368846, -0.000759110087529, 0.00153165240772, -0.00103885715362, 0.000764086376876, -0.00148172467016, -0.00136245181784, -0.00154513039161, 0.00861010234803, -0.00348925590515, -0.000243327172939], [-0.00031048755045, 0.00133569899481, -0.00109418132342, 0.000849579577334, -0.00115449435543, 0.00192159740254, -0.00152327050455, 0.000871992553584, 0.00130085309502, -0.00133538781665, -0.00348925590515, 0.0109847700223, -0.00407197605819], [0.000231287267525, -0.000330666487571, 0.000894531491213, -0.000667853048071, -0.000345670996467, -0.000910568924155, 0.000502070819493, -0.000871742086019, -0.00150922639295, 0.00117348670028, -0.000243327172939, -0.00407197605819, 0.0112959938124]]
    },
    "melbands": {
        "dmean": [0.00256942515261, 0.00220701866783, 0.00167810486164, 0.000780034461059, 0.000135883048642, 0.000127867475385, 0.000133196808747, 0.000105222068669, 6.58989592921e-05, 7.4959891208e-05, 6.13556621829e-05, 6.81723395246e-05, 7.80664922786e-05, 8.31653451314e-05, 4.89882695547e-05, 5.34641731065e-05, 5.86748064961e-05, 3.57161115971e-05, 2.6746891308e-05, 2.49463155342e-05, 3.13323544106e-05, 2.40263325395e-05, 2.57209994743e-05, 2.59696007561e-05, 1.63099757629e-05, 1.14120120998e-05, 4.54937435279e-06, 2.52620952779e-06, 1.15634770737e-06, 7.28943405193e-07, 8.36620074551e-07, 4.51465780316e-07, 4.58285938976e-07, 4.82389054923e-07, 3.12124683433e-07, 3.32628644628e-07, 4.51325234962e-07, 6.75215630963e-07, 8.25721883757e-07, 9.7544284472e-07],
        "dmean2": [0.00425406778231, 0.00367620051838, 0.00282419333234, 0.00132834236138, 0.000224303876166, 0.000205349031603, 0.000214876592509, 0.000164875382325, 9.73501737462e-05, 0.00011027144501, 9.51491601882e-05, 0.000105927218101, 0.000125811769976, 0.000134677262395, 8.19020860945e-05, 8.82534077391e-05, 9.48047163547e-05, 5.78809340368e-05, 4.55128283647e-05, 4.32044907939e-05, 5.07714794367e-05, 3.97765070375e-05, 3.92541915062e-05, 4.00871576858e-05, 2.54880669672e-05, 1.90512291738e-05, 7.72607745603e-06, 4.21263348471e-06, 1.90340472273e-06, 1.19209994409e-06, 1.39251119435e-06, 7.32084004085e-07, 7.2348706226e-07, 7.63525235925e-07, 4.94709468057e-07, 5.24163567661e-07, 7.09338678462e-07, 1.01687965071e-06, 1.23541758512e-06, 1.46391573708e-06],
        "dvar": [4.04375132348e-05, 4.14834357798e-05, 2.25064450206e-05, 5.27242991666e-06, 1.16614955914e-07, 1.254468458e-07, 1.17063102323e-07, 7.03822706782e-08, 2.28487415654e-08, 3.03445553129e-08, 1.88558164638e-08, 3.59238114811e-08, 5.27748085233e-08, 8.05921658298e-08, 1.68132867628e-08, 1.52672878784e-08, 2.35225918743e-08, 9.60283408347e-09, 4.31031477177e-09, 1.10738023196e-08, 9.21019438493e-09, 4.0728505013e-09, 4.50501946858e-09, 6.10242656407e-09, 1.73792980007e-09, 8.54292470098e-10, 1.40868539056e-10, 2.4085762898e-11, 9.25788612438e-12, 2.60705671461e-12, 7.68174239496e-12, 1.35176505406e-12, 1.48672892573e-12, 2.05055482143e-12, 1.48627085032e-12, 1.76036420683e-12, 1.95070608972e-12, 3.07625604677e-12, 5.9250885448e-12, 1.12805199209e-11],
        "dvar2": [0.000109067710582, 0.000111148823635, 6.075019337e-05, 1.40944439408e-05, 3.07222279616e-07, 3.04023132003e-07, 2.75565696484e-07, 1.52311756096e-07, 4.71282177728e-08, 5.92296309776e-08, 3.9078148717e-08, 8.10627724945e-08, 1.17708573555e-07, 1.71421675077e-07, 4.6028183931e-08, 3.95531785102e-08, 5.27904866487e-08, 2.33992025755e-08, 1.17501040009e-08, 3.1737467765e-08, 2.25431708856e-08, 1.062418864e-08, 9.65739399561e-09, 1.31102142475e-08, 3.99601640666e-09, 2.28579888351e-09, 3.93487964434e-10, 6.32249669286e-11, 2.44189269499e-11, 6.75377115344e-12, 2.10230895192e-11, 3.48534872838e-12, 3.64605090911e-12, 4.57585531966e-12, 3.2991721334e-12, 4.11045806767e-12, 4.46390147069e-12, 6.90060595471e-12, 1.27188606869e-11, 2.36963573763e-11],
        "max": [0.0615136921406, 0.0757674947381, 0.0500177294016, 0.0286535359919, 0.00518557103351, 0.00695739826187, 0.00830269698054, 0.005829106085, 0.00326235452667, 0.0039257965982, 0.00389705225825, 0.0032790156547, 0.00368550233543, 0.0046873986721, 0.00307056354359, 0.00178073113784, 0.00253434781916, 0.00146542780567, 0.00107704650145, 0.00208377768286, 0.00153457326815, 0.00106917088851, 0.00362586067058, 0.00257787201554, 0.00139970646705, 0.000560210144613, 0.000171506253537, 6.68728316668e-05, 8.46338371048e-05, 2.34753351833e-05, 5.94472148805e-05, 1.64873617905e-05, 1.85879271157e-05, 3.51983471774e-05, 2.97915103147e-05, 2.99652529065e-05, 2.46427844104e-05, 4.71706007374e-05, 3.76480893465e-05, 5.83506480325e-05],
        "mean": [0.00308436807245, 0.00205524056219, 0.00152914877981, 0.000692354573403, 0.000138656847412, 0.000157190792379, 0.000168840866536, 0.000155393310706, 0.000107401509013, 0.000130029133288, 8.99390288396e-05, 8.24183298391e-05, 9.07755238586e-05, 8.76003177837e-05, 5.37771047675e-05, 6.65276747895e-05, 7.1711569035e-05, 4.04698912462e-05, 2.88057944999e-05, 2.58654872596e-05, 3.54887379217e-05, 2.99851399177e-05, 3.92805959564e-05, 3.51857524947e-05, 2.24633804464e-05, 1.52009497469e-05, 5.84348345001e-06, 3.4280624277e-06, 1.42794090152e-06, 9.74706267698e-07, 1.02058106677e-06, 5.32227261374e-07, 5.65740663205e-07, 5.5412584743e-07, 3.53143974507e-07, 3.53964821898e-07, 5.17262606081e-07, 8.28753684345e-07, 9.87993871604e-07, 1.09795189474e-06],
        "median": [0.000126881452161, 0.00010511605069, 0.000153075205162, 0.000100709257822, 2.8958729672e-05, 2.33093596762e-05, 3.11084768327e-05, 2.10081798286e-05, 1.79681246664e-05, 1.91457202163e-05, 1.95532065845e-05, 1.61915886565e-05, 1.50611185745e-05, 1.17335403047e-05, 1.23049976537e-05, 1.67803846125e-05, 1.24233765746e-05, 9.38976518228e-06, 8.28001975606e-06, 7.21195829101e-06, 7.1342242336e-06, 9.80123786576e-06, 1.27723887999e-05, 5.6202156884e-06, 6.76169429425e-06, 5.54805819775e-06, 2.61983268501e-06, 1.41657915265e-06, 5.24932488588e-07, 2.98086717976e-07, 1.9341798918e-07, 9.75781020429e-08, 1.13439590166e-07, 1.23386087125e-07, 4.33292477453e-08, 2.3883995226e-08, 4.38916103462e-08, 1.26598237671e-07, 1.36331024692e-07, 8.01834829645e-08],
        "min": [1.49290427477e-24, 1.20711436552e-24, 7.56588654892e-25, 1.51677402247e-24, 1.31959646428e-24, 2.01778175275e-24, 1.00056780218e-24, 2.19677074227e-24, 1.45847384892e-24, 1.89323954847e-24, 1.3289936712e-24, 1.94159652475e-24, 1.52882781711e-24, 3.23597231703e-24, 2.71209136759e-24, 2.29971610432e-24, 3.18089976787e-24, 2.37141882744e-24, 3.01261088766e-24, 3.36342324867e-24, 2.16345280751e-24, 3.9171357621e-24, 3.04866084496e-24, 3.32424762726e-24, 3.69864614047e-24, 3.47884464316e-24, 4.11656768755e-24, 4.85616620139e-24, 5.26276956663e-24, 4.69480706981e-24, 4.83447489308e-24, 4.57696347791e-24, 5.23243273723e-24, 4.32786447544e-24, 4.45594866518e-24, 5.36094961717e-24, 4.60143354876e-24, 6.55826218873e-24, 4.90398103301e-24, 5.90677273269e-24],
        "var": [5.13081395184e-05, 3.38490499416e-05, 1.65078581631e-05, 3.85822295357e-06, 1.0538340689e-07, 1.90899953623e-07, 1.74051749013e-07, 1.49095882307e-07, 5.86027084637e-08, 8.91599754027e-08, 3.95814616638e-08, 4.9442270722e-08, 6.71643434202e-08, 1.11626057731e-07, 1.58795998573e-08, 2.1147652518e-08, 4.01022219876e-08, 1.09737889886e-08, 4.14163370266e-09, 7.28224502922e-09, 1.09970548223e-08, 4.33661906385e-09, 7.82704212554e-09, 9.84212356059e-09, 2.54154230994e-09, 8.90246376617e-10, 1.19006179911e-10, 3.10542563886e-11, 8.89134686016e-12, 3.18225459005e-12, 7.41008990279e-12, 1.45914075093e-12, 1.78645715842e-12, 2.70684603204e-12, 2.2026167782e-12, 2.35541642614e-12, 2.89021866336e-12, 4.77144495789e-12, 8.28116741847e-12, 1.65031373983e-11]
    },
    "mfcc": {
        "mean": [-709.888916016, 125.146369934, -33.7064323425, 15.8563976288, 19.9597969055, -9.48790550232, 12.8591365814, 4.0289645195, 1.59690463543, 0.103910289705, 6.32780265808, -2.31076860428, -1.19677507877],
        "cov": [[11081.5195312, 326.825927734, 1293.43603516, 1447.20397949, 335.807861328, -351.208648682, 102.950332642, -81.9160766602, -50.8813667297, -215.60774231, 29.4828014374, -224.948745728, -62.8922119141], [326.825927734, 2065.56152344, -533.518554688, -359.396759033, 40.7232131958, 25.8061084747, -20.2484779358, 20.5502204895, -11.9006166458, 33.2850189209, -17.7175998688, 13.2836732864, -3.25954675674], [1293.43603516, -533.518554688, 1896.62854004, 1156.05163574, 454.413696289, 223.358917236, 267.329864502, 53.9384346008, 128.477828979, -39.7853012085, 27.9610958099, 20.7061595917, 8.99543952942], [1447.20397949, -359.396759033, 1156.05163574, 1578.94006348, 304.705291748, -40.1068763733, 151.757003784, 47.4489135742, 132.528442383, -29.9128818512, 124.094421387, 49.7276649475, 5.84091186523], [335.807861328, 40.7232131958, 454.413696289, 304.705291748, 381.784790039, 156.925445557, 151.780014038, 17.3598308563, 86.1315536499, -12.6328077316, -16.2000217438, 14.4261350632, -7.33923053741], [-351.208648682, 25.8061084747, 223.358917236, -40.1068763733, 156.925445557, 534.030090332, 264.121704102, 25.1758823395, 86.7660293579, -13.4308738708, -49.0829048157, 8.02119541168, -6.82868528366], [102.950332642, -20.2484779358, 267.329864502, 151.757003784, 151.780014038, 264.121704102, 369.649749756, 78.6048431396, 102.908584595, -4.82544183731, 0.810034573078, 32.862247467, -21.5646953583], [-81.9160766602, 20.5502204895, 53.9384346008, 47.4489135742, 17.3598308563, 25.1758823395, 78.6048431396, 190.789962769, 71.7015838623, 46.6268310547, 35.8122062683, 20.4748020172, 26.3027763367], [-50.8813667297, -11.9006166458, 128.477828979, 132.528442383, 86.1315536499, 86.7660293579, 102.908584595, 71.7015838623, 206.984634399, 69.2711029053, 23.0744495392, 40.6640853882, 1.75357174873], [-215.60774231, 33.2850189209, -39.7853012085, -29.9128818512, -12.6328077316, -13.4308738708, -4.82544183731, 46.6268310547, 69.2711029053, 170.352981567, 80.1829299927, 28.961227417, 14.4506664276], [29.4828014374, -17.7175998688, 27.9610958099, 124.094421387, -16.2000217438, -49.0829048157, 0.810034573078, 35.8122062683, 23.0744495392, 80.1829299927, 168.211654663, 57.2788009644, 22.9577789307], [-224.948745728, 13.2836732864, 20.7061595917, 49.7276649475, 14.4261350632, 8.02119541168, 32.862247467, 20.4748020172, 40.6640853882, 28.961227417, 57.2788009644, 147.176422119, 62.9216423035], [-62.8922119141, -3.25954675674, 8.99543952942, 5.84091186523, -7.33923053741, -6.82868528366, -21.5646953583, 26.3027763367, 1.75357174873, 14.4506664276, 22.9577789307, 62.9216423035, 149.641311646]],
