{
"lowlevel": {
    "average_loudness": 0.975923895836,
    "barkbands_crest": {
        "dmean": 3.32025361061,
        "dmean2": 5.07638311386,
        "dvar": 18.4067344666,
        "dvar2": 32.8771209717,
        "max": 26.9113311768,
        "mean": 15.5702362061,
        "median": 14.5218849182,
        "min": 2.10270166397,
        "var": 67.6773910522
    },
    "barkbands_flatness_db": {
        "dmean": 0.0687878057361,
        "dmean2": 0.0879184305668,
        "dvar": 0.00724319601431,
        "dvar2": 0.0115431519225,
        "max": 0.897616565228,
        "mean": 0.289804071188,
        "median": 0.221137613058,
        "min": 0.0177650228143,
        "var": 0.0493321754038
    },
    "barkbands_kurtosis": {
        "dmean": 247.455596924,
        "dmean2": 401.350280762,
        "dvar": 1519337.125,
        "dvar2": 3460538,
        "max": 25204.5371094,
        "mean": 287.475769043,
        "median": 10.2897615433,
        "min": -1.87591791153,
        "var": 1820985.25
    },
    "barkbands_skewness": {
        "dmean": 3.7352335453,
        "dmean2": 5.70263147354,
        "dvar": 56.8136825562,
        "dvar2": 136.108062744,
        "max": 123.390205383,
        "mean": 5.32510519028,
        "median": 1.78856062889,
        "min": -2.8417224884,
        "var": 93.2673416138
    },
    "barkbands_spread": {
        "dmean": 10.5017223358,
        "dmean2": 15.7104177475,
        "dvar": 261.287719727,
        "dvar2": 478.411773682,
        "max": 122.927383423,
        "mean": 26.1799926758,
        "median": 12.1022224426,
        "min": 0.00469048134983,
        "var": 842.884643555
    },
    "dissonance": {
        "dmean": 0.0141215501353,
        "dmean2": 0.0239871814847,
        "dvar": 0.000597588077653,
        "dvar2": 0.00151668442413,
        "max": 0.500000119209,
        "mean": 0.476775407791,
        "median": 0.489408880472,
        "min": 0.144116997719,
        "var": 0.00114663061686
    },
    "dynamic_complexity": 4.75407028198,
    "erbbands_crest": {
        "dmean": 2.876339674,
        "dmean2": 4.28473615646,
        "dvar": 12.6796035767,
        "dvar2": 23.669839859,
        "max": 34.8745918274,
        "mean": 11.3416385651,
        "median": 8.01637554169,
        "min": 2.49528956413,
        "var": 56.0533790588
    },
    "erbbands_flatness_db": {
        "dmean": 0.0294683612883,
        "dmean2": 0.0430247671902,
        "dvar": 0.00127274089027,
        "dvar2": 0.00240634428337,
        "max": 0.510141611099,
        "mean": 0.191572830081,
        "median": 0.166894301772,
        "min": 0.0347531624138,
        "var": 0.00712705077603
    },
    "erbbands_kurtosis": {
        "dmean": 10.9544048309,
        "dmean2": 15.5575656891,
        "dvar": 605.855529785,
        "dvar2": 1041.9831543,
        "max": 331.004821777,
        "mean": 20.7180099487,
        "median": 1.3051199913,
        "min": -1.91539752483,
        "var": 2510.80615234
    },
    "erbbands_skewness": {
        "dmean": 1.12319588661,
        "dmean2": 1.57508087158,
        "dvar": 2.36780428886,
        "dvar2": 4.09795665741,
        "max": 14.1699323654,
        "mean": 1.14324331284,
        "median": -0.463257730007,
        "min": -4.59976148605,
        "var": 12.4374809265
    },
    "erbbands_spread": {
        "dmean": 16.1441822052,
        "dmean2": 23.6295661926,
        "dvar": 487.021484375,
        "dvar2": 1070.58447266,
        "max": 194.535400391,
        "mean": 40.4431648254,
        "median": 30.4477558136,
        "min": 0.658310830593,
        "var": 1126.3729248
    },
    "hfc": {
        "dmean": 8.91512775421,
        "dmean2": 13.2076311111,
        "dvar": 195.906677246,
        "dvar2": 451.100952148,
        "max": 121.099258423,
        "mean": 15.7392339706,
        "median": 8.00525474548,
        "min": 1.09323961699e-16,
        "var": 350.303253174
    },
    "melbands_crest": {
        "dmean": 3.83043813705,
        "dmean2": 5.19144487381,
        "dvar": 24.3810691833,
        "dvar2": 45.0535430908,
        "max": 39.9979896545,
        "mean": 22.9744377136,
        "median": 22.3833045959,
        "min": 1.57056498528,
        "var": 109.521850586
    },
    "melbands_flatness_db": {
        "dmean": 0.0772398114204,
        "dmean2": 0.0952699184418,
        "dvar": 0.00873035378754,
        "dvar2": 0.0130066247657,
        "max": 1,
        "mean": 0.356955528259,
        "median": 0.303460210562,
        "min": 0.00336010032333,
        "var": 0.0677041187882
    },
    "melbands_kurtosis": {
        "dmean": 3716.48120117,
        "dmean2": 5509.31103516,
        "dvar": 958378688,
        "dvar2": 2113840000,
        "max": 757131.375,
        "mean": 3196.66210938,
        "median": 24.6910228729,
        "min": -1.72686374187,
        "var": 974452800
    },
    "melbands_skewness": {
        "dmean": 7.52602052689,
        "dmean2": 10.1778001785,
        "dvar": 1258.36120605,
        "dvar2": 2166.39550781,
        "max": 769.208496094,
        "mean": 11.3790931702,
        "median": 3.23283958435,
        "min": -1.36834979057,
        "var": 2005.70507812
    },
    "melbands_spread": {
        "dmean": 15.0949478149,
        "dmean2": 22.1926708221,
        "dvar": 655.6875,
        "dvar2": 1106.82336426,
        "max": 212.018814087,
        "mean": 36.0437850952,
        "median": 7.36440134048,
        "min": 0.000793893530499,
        "var": 2339.25268555
    },
    "pitch_salience": {
        "dmean": 0.101157531142,
        "dmean2": 0.149044945836,
        "dvar": 0.01942801103,
        "dvar2": 0.0330170318484,
        "max": 0.909429252148,
        "mean": 0.375875025988,
        "median": 0.424686998129,
        "min": 0.00166880164761,
        "var": 0.0679160282016
    },
    "silence_rate_20dB": {
        "dmean": 0,
        "dmean2": 0,
        "dvar": 0,
        "dvar2": 0,
        "max": 1,
        "mean": 1,
        "median": 1,
        "min": 1,
        "var": 0
    },
    "silence_rate_30dB": {
        "dmean": 0.0925433784723,
        "dmean2": 0.185101225972,
        "dvar": 0.0839720219374,
        "dvar2": 0.150851339102,
        "max": 1,
        "mean": 0.833685040474,
        "median": 1,
        "min": 0,
        "var": 0.13867084682
    },
    "silence_rate_60dB": {
        "dmean": 0.0562763810158,
        "dmean2": 0.112561553717,
        "dvar": 0.053115349263,
        "dvar2": 0.111791968346,
        "max": 1,
        "mean": 0.144040644169,
        "median": 0,
        "min": 0,
        "var": 0.123296432197
    },
    "spectral_centroid": {
        "dmean": 441.570526123,
        "dmean2": 647.868225098,
        "dvar": 440972.65625,
        "dvar2": 786263.125,
        "max": 11859.34375,
        "mean": 1850.40637207,
        "median": 2038.58728027,
        "min": 55.7988090515,
        "var": 2190180.25
    },
    "spectral_complexity": {
        "dmean": 5.38283586502,
        "dmean2": 7.93168115616,
        "dvar": 65.9381866455,
        "dvar2": 132.980819702,
        "max": 58,
        "mean": 11.1458377838,
        "median": 4,
        "min": 0,
        "var": 176.025848389
    },
    "spectral_decrease": {
        "dmean": 4.69927341484e-09,
        "dmean2": 6.08975136984e-09,
        "dvar": 7.38574282651e-17,
        "dvar2": 1.34326375833e-16,
        "max": 8.7800465734e-19,
        "mean": -1.12214486592e-08,
        "median": -3.74603015274e-09,
        "min": -7.2509450888e-08,
        "var": 2.14887586802e-16
    },
    "spectral_energy": {
        "dmean": 0.0182855427265,
        "dmean2": 0.0238249395043,
        "dvar": 0.00106829346623,
        "dvar2": 0.00196425826289,
        "max": 0.277675807476,
        "mean": 0.0437797866762,
        "median": 0.0167904999107,
        "min": 1.00468161666e-20,
        "var": 0.00307602481917
    },
    "spectral_energyband_high": {
        "dmean": 0.000695619441103,
        "dmean2": 0.00103755365126,
        "dvar": 2.15376871893e-06,
        "dvar2": 4.36686059402e-06,
        "max": 0.0150640532374,
        "mean": 0.00112859962974,
        "median": 0.000121823955851,
        "min": 7.08533912924e-21,
        "var": 4.03523654313e-06
    },
    "spectral_energyband_low": {
        "dmean": 0.0152160357684,
        "dmean2": 0.0168881118298,
        "dvar": 0.000670347828418,
        "dvar2": 0.000860393280163,
        "max": 0.216342434287,
        "mean": 0.0347933322191,
        "median": 0.0079841427505,
        "min": 1.47097125948e-23,
        "var": 0.00248329341412
    },
    "spectral_energyband_middle_high": {
        "dmean": 0.00146602257155,
        "dmean2": 0.00241514923982,
        "dvar": 1.10423570732e-05,
        "dvar2": 2.98255199596e-05,
        "max": 0.0258657895029,
        "mean": 0.00205093319528,
        "median": 0.00049914669944,
        "min": 1.19148187973e-21,
        "var": 1.14842041512e-05
    },
    "spectral_energyband_middle_low": {
        "dmean": 0.00972943659872,
        "dmean2": 0.0182596985251,
        "dvar": 0.000870884163305,
        "dvar2": 0.00247346633114,
        "max": 0.191372811794,
        "mean": 0.00628632633016,
        "median": 0.000634899479337,
        "min": 1.61204609506e-22,
        "var": 0.000498130451888
    },
    "spectral_entropy": {
        "dmean": 0.347026824951,
        "dmean2": 0.49106708169,
        "dvar": 0.277148008347,
        "dvar2": 0.453132659197,
        "max": 9.82371330261,
        "mean": 7.22423171997,
        "median": 7.77277946472,
        "min": 3.39675116539,
        "var": 1.65231764317
    },
    "spectral_flux": {
        "dmean": 0.0469422638416,
        "dmean2": 0.0641750171781,
        "dvar": 0.00535010406747,
        "dvar2": 0.00777631532401,
        "max": 0.557604014874,
        "mean": 0.101023443043,
        "median": 0.0610413178802,
        "min": 6.45711401015e-11,
        "var": 0.012209976092
    },
    "spectral_kurtosis": {
        "dmean": 5.75306844711,
        "dmean2": 8.77269554138,
        "dvar": 266.642150879,
        "dvar2": 589.491821289,
        "max": 435.545532227,
        "mean": 12.1433038712,
        "median": 3.5038356781,
        "min": -1.28602397442,
        "var": 980.81640625
    },
    "spectral_rms": {
        "dmean": 0.00130070443265,
        "dmean2": 0.00161776610184,
        "dvar": 3.87759473597e-06,
        "dvar2": 6.93187803336e-06,
        "max": 0.0164591372013,
        "mean": 0.00529260002077,
        "median": 0.00404734211043,
        "min": 3.13077818878e-12,
        "var": 1.4700461179e-05
    },
    "spectral_rolloff": {
        "dmean": 772.242248535,
        "dmean2": 1222.61474609,
        "dvar": 2185222,
        "dvar2": 3713700.75,
        "max": 19401.4160156,
        "mean": 2067.20727539,
        "median": 172.265625,
        "min": 21.533203125,
        "var": 7952111.5
    },
    "spectral_skewness": {
        "dmean": 0.502397418022,
        "dmean2": 0.74243336916,
        "dvar": 0.712243795395,
        "dvar2": 1.26437056065,
        "max": 17.3877220154,
        "mean": 1.84248709679,
        "median": 1.12339019775,
        "min": -0.0936001986265,
        "var": 4.66950416565
    },
    "spectral_spread": {
        "dmean": 700322.4375,
        "dmean2": 1092320.125,
        "dvar": 1.49365037466e+12,
        "dvar2": 3.75301341184e+12,
        "max": 51451392,
        "mean": 4384845.5,
        "median": 4214114,
        "min": 253571.8125,
        "var": 8.36953807258e+12
    },
    "spectral_strongpeak": {
        "dmean": 0.237065851688,
        "dmean2": 0.369567126036,
        "dvar": 0.335003077984,
        "dvar2": 0.925290822983,
        "max": 8.5101480484,
        "mean": 0.449932157993,
        "median": 0.276159435511,
        "min": 0,
        "var": 0.360471129417
    },
    "zerocrossingrate": {
        "dmean": 0.0202532149851,
        "dmean2": 0.0211186893284,
        "dvar": 0.000784427975304,
        "dvar2": 0.000727413746063,
        "max": 0.64453125,
        "mean": 0.0674768015742,
        "median": 0.03271484375,
        "min": 0,
        "var": 0.00614542793483
    },
    "barkbands": {
        "dmean": [0.00223722564988, 0.0143878264353, 0.00627052923664, 0.00470067048445, 0.00500056613237, 0.000209667050513, 9.49274326558e-05, 5.62199966225e-05, 8.07073229225e-05, 6.31217408227e-05, 4.94691339554e-05, 0.000239099827013, 0.000179119291715, 0.000106514868094, 0.000163559278008, 0.000169130347786, 0.00012459816935, 0.000335004355293, 0.000223927636398, 0.00013050675625, 0.000235386236454, 0.000176232424565, 0.000164028577274, 7.21395990695e-05, 4.21599033871e-05, 3.34361684509e-05, 1.53302753461e-05],
        "dmean2": [0.00368300499395, 0.0165850482881, 0.0115526830778, 0.00881764199585, 0.0096013918519, 0.000390481814975, 0.00016281248827, 9.52790505835e-05, 0.000148765670019, 0.000106363775558, 8.65469992277e-05, 0.000435600988567, 0.000322531122947, 0.000178892281838, 0.0002690499241, 0.00029588965117, 0.000201193877729, 0.00054527586326, 0.000356563716196, 0.000209534628084, 0.000379490404157, 0.000270915392321, 0.000242854875978, 0.000103891870822, 5.99660852458e-05, 4.71924431622e-05, 2.22546768782e-05],
        "dvar": [1.64250468515e-05, 0.000650188652799, 0.000353870302206, 0.000209911755519, 0.000258019776084, 2.42786796889e-07, 3.20099111661e-08, 1.30864572512e-08, 3.29298863733e-08, 1.40944100835e-08, 1.23971508614e-08, 5.10115683028e-07, 2.50728163564e-07, 4.14065119969e-08, 9.04729304807e-08, 1.61856448244e-07, 5.27426387009e-08, 3.88870887491e-07, 1.63923530749e-07, 5.66608910901e-08, 2.73995482303e-07, 1.33319872475e-07, 1.23435029309e-07, 3.61133452031e-08, 2.6946175069e-08, 9.31515664604e-09, 1.98233895965e-09],
        "dvar2": [4.94787273055e-05, 0.00105317588896, 0.000985199585557, 0.000598499027546, 0.000746182864532, 6.69040218781e-07, 8.53325374806e-08, 3.50365745305e-08, 9.20476850297e-08, 3.63334713427e-08, 3.49650051135e-08, 1.4508749473e-06, 7.05879244833e-07, 1.11502444611e-07, 2.35523273773e-07, 4.6354145411e-07, 1.38527568083e-07, 9.86682039184e-07, 4.1823429342e-07, 1.46003031887e-07, 6.2065947759e-07, 2.81438786942e-07, 2.51140477303e-07, 6.72804176816e-08, 5.59370150199e-08, 1.83182340407e-08, 3.81956599682e-09],
        "max": [0.0283744782209, 0.192296713591, 0.130449444056, 0.110359668732, 0.110021330416, 0.00435043917969, 0.00150449282955, 0.00128448312171, 0.0013169531012, 0.00144026766066, 0.00102004641667, 0.00589356943965, 0.00427813595161, 0.00185106659774, 0.00408721994609, 0.00381340784952, 0.00218897522427, 0.00494883162901, 0.00358127104118, 0.00250105187297, 0.00504254130647, 0.00420072954148, 0.00538428826258, 0.00320179993287, 0.00222373753786, 0.00129236816429, 0.000476196728414],
        "mean": [0.002656504279, 0.0275517273694, 0.00413006544113, 0.00296329893172, 0.00290485727601, 0.000148608683958, 9.1116889962e-05, 7.56313893362e-05, 6.24775639153e-05, 8.12906509964e-05, 4.78052024846e-05, 0.000184242089745, 0.000144060104503, 0.000148846069351, 0.000236156542087, 0.000169075719896, 0.000164238925208, 0.00049802986905, 0.000302315485897, 0.000160931362188, 0.000287405418931, 0.000265327165835, 0.000298351660604, 0.000100992343505, 5.1256363804e-05, 3.97409748985e-05, 1.54996396304e-05],
        "median": [0.000752151478082, 0.0055897985585, 0.000301041960483, 0.000206166456337, 0.000144480698509, 1.40049560287e-05, 1.24023590615e-05, 6.40525013296e-06, 8.45034810482e-06, 1.18139405458e-05, 1.17808031064e-05, 1.81809173228e-05, 1.66540157807e-05, 2.70844720944e-05, 3.74560731871e-05, 2.33517384913e-05, 3.87387190131e-05, 6.98442745488e-05, 7.16129652574e-05, 3.66512358596e-05, 2.7668706025e-05, 2.26824049605e-05, 1.72851014213e-05, 8.08343975223e-06, 6.68192342346e-07, 1.44606246977e-06, 1.20614288335e-07],
        "min": [4.62901311209e-25, 3.35484438633e-24, 1.35687171977e-24, 1.29846810683e-24, 3.55148808291e-24, 8.41519106139e-24, 1.13571334226e-23, 8.11225427428e-24, 1.4923222532e-23, 7.15438859759e-24, 1.16367041497e-23, 1.40096442954e-23, 2.69763923859e-23, 4.20824760312e-23, 5.71508205707e-23, 7.30103326448e-23, 6.59029420133e-23, 9.44583688742e-23, 1.40228343652e-22, 1.62835368013e-22, 2.83678546703e-22, 3.05157323264e-22, 4.38687392172e-22, 6.08611918664e-22, 8.84893221995e-22, 1.27484607486e-21, 1.84814948818e-21],
        "var": [1.65145283972e-05, 0.00183573097456, 0.000214113344555, 0.000119431504572, 0.000140085146995, 1.51107656166e-07, 3.23427009619e-08, 2.47238940432e-08, 2.06917540879e-08, 1.93367171164e-08, 9.09039066244e-09, 3.17457249821e-07, 1.64034361205e-07, 5.79079326712e-08, 1.48777601794e-07, 1.27129126781e-07, 6.80490330751e-08, 6.6490520112e-07, 2.21321784011e-07, 6.91729411528e-08, 3.42098985584e-07, 2.54608266914e-07, 4.6193767389e-07, 5.95503806267e-08, 3.8217581988e-08, 1.42586964458e-08, 2.64256438953e-09]
    },
    "erbbands": {
        "dmean": [0.569594621658, 3.26684403419, 6.85557746887, 10.8978662491, 21.5066184998, 13.3265132904, 3.84060120583, 1.36820232868, 1.26746869087, 1.19390571117, 1.4893425703, 1.84619295597, 2.33413982391, 1.67681908607, 3.02557229996, 10.9472589493, 8.60839366913, 5.61494827271, 8.15069675446, 8.67511558533, 7.21704864502, 7.17881059647, 16.3551940918, 13.9175739288, 10.2194719315, 6.06055831909, 8.05228233337, 8.53432559967, 6.05129098892, 6.49127531052, 4.50523424149, 1.92919301987, 1.00235843658, 0.475576817989, 0.30837148428, 0.157574474812, 0.0608054101467, 0.0206840578467, 0.00254629855044, 5.38142812729e-05],
        "dmean2": [0.612395942211, 4.2341299057, 11.6561317444, 19.9111595154, 40.9468727112, 25.5855636597, 7.27620124817, 2.53782320023, 2.20219421387, 2.08994626999, 2.52827429771, 3.44186091423, 4.06583881378, 2.71742248535, 5.29609775543, 20.0775871277, 15.4366292953, 9.21030807495, 13.6330661774, 14.9354028702, 12.5307369232, 11.5497722626, 26.6158351898, 22.820438385, 16.4422492981, 9.55625534058, 12.721072197, 13.8694562912, 9.32339000702, 10.0128707886, 6.38726139069, 2.7763376236, 1.445130229, 0.696401357651, 0.437110066414, 0.22988140583, 0.0865397006273, 0.0291514918208, 0.00370632740669, 7.45160432416e-05],
        "dvar": [0.877059519291, 41.1616516113, 346.466033936, 1070.6484375, 4606.43994141, 1821.42822266, 130.957595825, 8.53844261169, 6.25357294083, 4.96047592163, 9.30080223083, 17.1157436371, 19.7652015686, 9.36267280579, 50.4378166199, 1151.60546875, 616.665893555, 100.441162109, 347.780517578, 289.7159729, 242.302215576, 188.156936646, 921.380493164, 678.941223145, 351.552642822, 107.132858276, 285.744812012, 330.122741699, 153.207275391, 232.086486816, 93.6549453735, 20.0370635986, 8.07054042816, 2.68235421181, 1.75863003731, 0.333624631166, 0.0263550598174, 0.00287505658343, 5.72198005102e-05, 9.96155513633e-09],
        "dvar2": [1.41042971611, 82.7566223145, 907.841796875, 2982.80029297, 13258.2978516, 5256.16650391, 373.976470947, 23.4577732086, 16.7131500244, 13.8732175827, 25.1205272675, 48.0073776245, 51.9079322815, 23.4513339996, 141.998123169, 3282.51147461, 1732.68615723, 262.377258301, 939.66784668, 802.605163574, 670.206665039, 480.650421143, 2327.87768555, 1734.64782715, 914.204956055, 264.441955566, 631.036254883, 764.962097168, 332.461334229, 460.488861084, 183.022262573, 37.8235664368, 15.4073190689, 5.35549545288, 3.60496377945, 0.685236930847, 0.053618170321, 0.00519307889044, 0.000115234986879, 1.97363441146e-08],
        "max": [7.52488231659, 47.3586578369, 126.952171326, 243.187896729, 440.312103271, 302.681671143, 85.8371734619, 26.0359325409, 21.2570838928, 33.2975616455, 36.7039794922, 31.3958072662, 48.1153755188, 31.8015480042, 64.6922912598, 269.299468994, 210.904464722, 105.104164124, 228.989807129, 162.835601807, 152.595947266, 119.58291626, 233.011276245, 226.457443237, 180.211135864, 101.449714661, 152.518875122, 173.358856201, 123.156669617, 233.65133667, 174.811218262, 82.4126052856, 42.0368003845, 22.7544021606, 17.1066646576, 8.04132938385, 2.18663048744, 0.579409718513, 0.101612746716, 0.00129361439031],
        "mean": [1.10666561127, 4.91022443771, 5.50762319565, 7.37787294388, 12.8482980728, 7.63828897476, 2.36806607246, 1.00703465939, 1.2130368948, 1.15001165867, 2.0026242733, 1.50481128693, 2.67142748833, 2.02663612366, 2.83560442924, 8.2221660614, 6.92824077606, 7.88445329666, 10.765247345, 11.94572258, 8.63884162903, 9.46823215485, 24.0826511383, 19.5769786835, 13.847155571, 8.0584192276, 10.2234563828, 10.1232795715, 8.64485359192, 11.6001377106, 7.93517255783, 2.9513425827, 1.31825864315, 0.623589873314, 0.36088052392, 0.181454330683, 0.0699974223971, 0.022664161399, 0.00255931844003, 8.63223322085e-05],
        "median": [0.158611834049, 1.21013343334, 0.934403777122, 0.714250087738, 0.876842141151, 0.383271872997, 0.175351887941, 0.0956366583705, 0.130762457848, 0.212680965662, 0.177239328623, 0.225412085652, 0.336751639843, 0.368732631207, 0.615984678268, 0.850070178509, 0.88809555769, 1.67771232128, 1.40157258511, 2.00413274765, 1.56904244423, 2.17865371704, 4.11858463287, 3.60859560966, 3.38391041756, 1.9037348032, 1.30571734905, 0.936071038246, 0.788158893585, 0.777107417583, 0.438366025686, 0.239219799638, 0.0956585779786, 0.0175153240561, 0.0039783231914, 0.00500102294609, 0.00201603397727, 0.000691250839736, 7.69412436057e-05, 4.4287302444e-05],
        "min": [1.26520755775e-22, 4.54113472511e-22, 1.45839171746e-21, 3.69397697375e-21, 1.03574224866e-20, 9.12209690424e-21, 4.02551645625e-20, 1.04859463205e-19, 1.48424623301e-19, 1.97652183656e-19, 3.18949858208e-19, 5.36724515659e-19, 3.14726868536e-19, 7.52318388973e-19, 8.55594783582e-19, 6.41820190628e-19, 1.08369076807e-18, 1.68403643298e-18, 2.41267346819e-18, 3.87369549398e-18, 3.61513331016e-18, 4.61492004677e-18, 6.20573436209e-18, 7.24417400796e-18, 5.78902972081e-18, 9.18157327762e-18, 9.98283004978e-18, 1.00633006613e-17, 1.03346638787e-17, 1.25298465416e-17, 1.21826738755e-17, 1.10647367961e-17, 1.04225534731e-17, 8.46287988395e-18, 6.29002778882e-18, 4.26175569783e-18, 2.49184933527e-18, 9.22216530503e-19, 2.01343851956e-19, 2.80583928928e-20],
        "var": [2.97555041313, 72.7357177734, 254.839920044, 650.516357422, 2542.80932617, 992.816467285, 73.691078186, 5.51139497757, 6.05037498474, 4.40305566788, 17.1614322662, 11.0167388916, 21.3866233826, 12.3902683258, 36.3804473877, 704.040466309, 405.05267334, 150.83807373, 426.729553223, 383.347320557, 239.346481323, 230.5599823, 1528.68481445, 950.550537109, 451.335876465, 153.714614868, 385.572998047, 405.305938721, 243.661254883, 705.409118652, 352.228942871, 37.7744865417, 12.3445510864, 4.07448148727, 2.48883008957, 0.477237194777, 0.0382864512503, 0.00426185270771, 7.25011486793e-05, 1.4161407158e-08]
    },
    "gfcc": {
        "mean": [-139.406295776, 64.1322097778, -86.8952102661, 71.4657821655, -16.2431316376, 23.7188625336, -9.83571529388, 4.96055746078, -5.88819503784, -0.890171587467, -5.45154714584, 1.50258660316, -11.9349603653],
        "cov": [[37485.0703125, -2641.44165039, -6385.98974609, 238.955978394, -3230.35327148, -251.543670654, -2197.11401367, -92.2012176514, -1510.64440918, -334.005432129, -1312.12792969, 233.873001099, -1455.50634766], [-2641.44165039, 4049.51489258, 1735.73571777, 206.528457642, 1022.41955566, -247.843963623, 331.467681885, -411.256591797, 188.879333496, -558.744262695, 208.634033203, -489.432617188, 329.592712402], [-6385.98974609, 1735.73571777, 3950.74609375, 607.291564941, 1149.64562988, 68.3583068848, 573.156860352, -141.014541626, 387.761749268, -85.0336608887, 207.731292725, -172.253433228, 270.261322021], [238.955978394, 206.528457642, 607.291564941, 653.113891602, 291.655303955, 204.438186646, 56.8879165649, -28.8243579865, 4.60458993912, -79.9628829956, 4.85546302795, -80.6868896484, 8.61072826385], [-3230.35327148, 1022.41955566, 1149.64562988, 291.655303955, 946.447814941, 42.1821708679, 470.146209717, -47.1795043945, 204.045410156, -69.4135665894, 201.334823608, -92.1161880493, 174.073410034], [-251.543670654, -247.843963623, 68.3583068848, 204.438186646, 42.1821708679, 279.647949219, 0.592769563198, 136.591445923, 17.1680450439, 45.3607254028, 22.3938751221, -17.1384849548, 44.0119247437], [-2197.11401367, 331.467681885, 573.156860352, 56.8879165649, 470.146209717, 0.592769563198, 380.119445801, 6.09054422379, 213.451522827, 37.237903595, 152.127059937, 8.49566555023, 103.521728516], [-92.2012176514, -411.256591797, -141.014541626, -28.8243579865, -47.1795043945, 136.591445923, 6.09054422379, 251.548477173, 67.6304931641, 148.017227173, 51.5961685181, 50.9435997009, 39.8049278259], [-1510.64440918, 188.879333496, 387.761749268, 4.60458993912, 204.045410156, 17.1680450439, 213.451522827, 67.6304931641, 277.641479492, 73.7163543701, 148.91229248, 12.5169830322, 92.6007537842], [-334.005432129, -558.744262695, -85.0336608887, -79.9628829956, -69.4135665894, 45.3607254028, 37.237903595, 148.017227173, 73.7163543701, 235.680496216, 53.6635856628, 99.149559021, 20.723274231], [-1312.12792969, 208.634033203, 207.731292725, 4.85546302795, 201.334823608, 22.3938751221, 152.127059937, 51.5961685181, 148.91229248, 53.6635856628, 161.406463623, 14.7482366562, 97.2087097168], [233.873001099, -489.432617188, -172.253433228, -80.6868896484, -92.1161880493, -17.1384849548, 8.49566555023, 50.9435997009, 12.5169830322, 99.149559021, 14.7482366562, 135.021713257, -31.2240257263], [-1455.50634766, 329.592712402, 270.261322021, 8.61072826385, 174.073410034, 44.0119247437, 103.521728516, 39.8049278259, 92.6007537842, 20.723274231, 97.2087097168, -31.2240257263, 144.526687622]],
        "icov": [[9.26037901081e-05, -0.00019015239377, 0.000124065802083, -0.000272658915492, 0.000164521188708, 3.88970947824e-05, 5.89318369748e-05, -0.000233275306528, 1.01839232229e-05, -0.000145134195918, 0.000339494872605, -0.000432840781286, 0.000654949340969], [-0.00019015239377, 0.00163447274826, -0.000423835765105, 0.000718859373592, -0.00100451882463, 0.00119169289246, 0.00063995027449, 0.000632430193946, -0.000292814482236, 0.00197474425659, -0.00190768716857, 0.00348217389546, -0.00273838755675], [0.000124065802083, -0.000423835765105, 0.000685389910359, -0.000668589840643, -0.000237976462813, -1.42819171742e-05, 0.000214127663639, 2.61470522673e-05, -0.000687015941367, -0.00068225240102, 0.00145458045881, -0.000952055561356, 0.000458548689494], [-0.000272658915492, 0.000718859373592, -0.000668589840643, 0.00415048003197, -0.00194365775678, -0.00306496839039, 0.00130083959084, 0.00209839502349, -0.00054088170873, 0.000714080582839, -0.00127032084856, 0.00174856209196, -0.000141276716022], [0.000164521188708, -0.00100451882463, -0.000237976462813, -0.00194365775678, 0.00649889791384, 0.000285166024696, -0.00709295552224, -0.00164139084518, 0.00367156160064, 0.000320786231896, -0.00215818197466, 8.09614357422e-05, 0.0011973931687], [3.88970947824e-05, 0.00119169289246, -1.42819171742e-05, -0.00306496839039, 0.000285166024696, 0.00979012064636, -0.000120558324852, -0.00503446999937, 0.000888746231794, 0.00195426447317, -0.000747966172639, 0.00348745752126, -0.00356160965748], [5.89318369748e-05, 0.00063995027449, 0.000214127663639, 0.00130083959084, -0.00709295552224, -0.000120558324852, 0.0143426852301, 0.00233311904594, -0.00693618692458, -0.000696875620633, 0.000971100525931, -0.00239093392156, -0.000305711204419], [-0.000233275306528, 0.000632430193946, 2.61470522673e-05, 0.00209839502349, -0.00164139084518, -0.00503446999937, 0.00233311904594, 0.0109599921852, -0.00247225328349, -0.00399172585458, -0.000853949226439, 0.000671928690281, -0.00226919003762], [1.01839232229e-05, -0.000292814482236, -0.000687015941367, -0.00054088170873, 0.00367156160064, 0.000888746231794, -0.00693618692458, -0.00247225328349, 0.0116873737425, -0.000451798026916, -0.00749284261838, 0.00202882126905, 0.00109807669651], [-0.000145134195918, 0.00197474425659, -0.00068225240102, 0.000714080582839, 0.000320786231896, 0.00195426447317, -0.000696875620633, -0.00399172585458, -0.000451798026916, 0.0124989170581, -0.00305928546004, -0.000676492112689, -0.0037059027236], [0.000339494872605, -0.00190768716857, 0.00145458045881, -0.00127032084856, -0.00215818197466, -0.000747966172639, 0.000971100525931, -0.000853949226439, -0.00749284261838, -0.00305928546004, 0.0233113262802, -0.00842031370848, -0.00476699182764], [-0.000432840781286, 0.00348217389546, -0.000952055561356, 0.00174856209196, 8.09614357422e-05, 0.00348745752126, -0.00239093392156, 0.000671928690281, 0.00202882126905, -0.000676492112689, -0.00842031370848, 0.0219903048128, -0.00104456255212], [0.000654949340969, -0.00273838755675, 0.000458548689494, -0.000141276716022, 0.0011973931687, -0.00356160965748, -0.000305711204419, -0.00226919003762, 0.00109807669651, -0.0037059027236, -0.00476699182764, -0.00104456255212, 0.0222056508064]]
    },
    "melbands": {
        "dmean": [0.00440783519298, 0.00345134502277, 0.00222921022214, 0.00135964318179, 0.000183406998985, 3.15227844112e-05, 1.96907458303e-05, 1.18661064334e-05, 1.21306002256e-05, 1.18717889563e-05, 1.15362972792e-05, 6.70548797643e-06, 7.75984153734e-06, 2.30256137002e-05, 3.12354859489e-05, 1.27872726807e-05, 1.02940011857e-05, 1.25861879496e-05, 1.10796854642e-05, 1.36108501465e-05, 7.71354734752e-06, 7.93002163846e-06, 8.11267273093e-06, 2.02587198146e-05, 1.0692462638e-05, 8.81327287061e-06, 6.1170248955e-06, 3.66797507922e-06, 3.90133527617e-06, 8.01419810159e-06, 3.61477486877e-06, 3.44271688846e-06, 3.87074351238e-06, 3.99427972297e-06, 3.10176915264e-06, 1.69751831436e-06, 1.05992671706e-06, 7.55419705456e-07, 5.55999122298e-07, 3.49810477474e-07],
        "dmean2": [0.00469114631414, 0.00495319720358, 0.00405634567142, 0.00260494020768, 0.000349602109054, 5.8542998886e-05, 3.39388316206e-05, 2.06122440431e-05, 2.11179103644e-05, 2.19851917791e-05, 2.01248003577e-05, 1.0913297956e-05, 1.35398067869e-05, 4.16289585701e-05, 5.82799984841e-05, 2.18012846744e-05, 1.68768310687e-05, 2.14334704651e-05, 1.80733604793e-05, 2.45920200541e-05, 1.32587374537e-05, 1.30443741e-05, 1.28420970213e-05, 3.37405363098e-05, 1.74816868821e-05, 1.40648407978e-05, 1.00672432382e-05, 5.85623092775e-06, 6.19863612883e-06, 1.31185543069e-05, 5.85055795455e-06, 5.40502605872e-06, 5.93860841036e-06, 6.32112414678e-06, 4.38100596512e-06, 2.5383906177e-06, 1.55125826495e-06, 1.1060117231e-06, 8.25496783818e-07, 5.29577619091e-07],
        "dvar": [5.13230988872e-05, 5.85536254221e-05, 4.30032923759e-05, 1.88616650121e-05, 3.19492272638e-07, 4.65044092124e-09, 1.47269929585e-09, 4.88116380648e-10, 6.16605322357e-10, 7.21279036497e-10, 4.90182505697e-10, 1.54252666196e-10, 3.1335875561e-10, 4.0564991366e-09, 1.07109867642e-08, 8.02170552205e-10, 3.30023841588e-10, 9.33727983821e-10, 3.6543690296e-10, 1.13390974388e-09, 2.24502125223e-10, 2.3713980779e-10, 2.57329102471e-10, 1.40239619917e-09, 4.17323953172e-10, 2.25135826648e-10, 1.54967344512e-10, 3.83103271329e-11, 5.2590182209e-11, 3.6588312935e-10, 4.88374618524e-11, 5.25055103562e-11, 7.38924615939e-11, 9.27789511884e-11, 4.83508719173e-11, 1.38955314269e-11, 6.88980990315e-12, 4.37377000936e-12, 3.10145897679e-12, 1.54891334134e-12],
        "dvar2": [7.73093634052e-05, 0.000133967318106, 0.000118891337479, 5.44480826647e-05, 9.16658621009e-07, 1.27453461118e-08, 3.90824617114e-09, 1.35409761182e-09, 1.68552982682e-09, 2.01278704814e-09, 1.29433375129e-09, 3.88292814568e-10, 8.81468453784e-10, 1.14966809406e-08, 3.06883265466e-08, 2.15548490168e-09, 8.68874749926e-10, 2.57471821641e-09, 9.55808432401e-10, 3.28128346716e-09, 6.0741400798e-10, 6.25351215255e-10, 6.09804595708e-10, 3.70024499929e-09, 1.06745279282e-09, 5.84846171492e-10, 4.16465667508e-10, 9.29981647246e-11, 1.16877382772e-10, 8.57587112435e-10, 1.14112184979e-10, 1.17441847913e-10, 1.55703797078e-10, 2.15768777845e-10, 9.0618165749e-11, 3.02458336154e-11, 1.29734946744e-11, 8.89032771012e-12, 5.75869300162e-12, 3.39017399223e-12],
        "max": [0.0591553635895, 0.0588441491127, 0.0479307062924, 0.0291500072926, 0.0041986387223, 0.000602837244514, 0.000315032113576, 0.00033252502908, 0.000308803748339, 0.000195349435671, 0.000242777750827, 0.000131586013595, 0.000163249846082, 0.00057747925166, 0.000781469396316, 0.000242229711148, 0.000190651509911, 0.00032496789936, 0.000225319410674, 0.000309546216158, 0.000140708652907, 0.000145524478285, 0.000135000314913, 0.000344342377502, 0.000178232323378, 0.000164998637047, 0.000145463214722, 6.24975582468e-05, 7.3021496064e-05, 0.000186290955753, 7.20310345059e-05, 7.50516046537e-05, 0.000129438049044, 0.000164207871421, 0.000143091980135, 5.16757172591e-05, 5.59320214961e-05, 3.0981922464e-05, 2.43561498792e-05, 1.86262732313e-05],
        "mean": [0.00866236910224, 0.00408149231225, 0.00150334928185, 0.000791421625763, 0.000109353175503, 2.30155910685e-05, 1.92886654986e-05, 1.24279713418e-05, 1.57966769621e-05, 9.26760640141e-06, 1.32014483825e-05, 7.9465107774e-06, 7.60449620429e-06, 1.86691158888e-05, 2.13469484152e-05, 1.26132736114e-05, 1.46333150042e-05, 1.55779180204e-05, 1.73171702045e-05, 1.37668967e-05, 9.56556050369e-06, 1.00506995295e-05, 9.8405407698e-06, 3.15051511279e-05, 1.35867476274e-05, 1.18848247439e-05, 7.27057022232e-06, 4.69013002657e-06, 4.94932919537e-06, 9.04899206944e-06, 4.37541575593e-06, 4.31563057646e-06, 6.12008625467e-06, 6.56902420815e-06, 5.14467183166e-06, 2.55748250311e-06, 1.51426581851e-06, 9.44095802424e-07, 7.12902419764e-07, 4.41433115839e-07],
        "median": [0.00151783064939, 0.00119593867566, 0.000132250410388, 4.22956181865e-05, 6.86135126671e-06, 2.19638559429e-06, 2.18992363443e-06, 2.25363010031e-06, 1.37818005896e-06, 1.33493722387e-06, 1.61237733209e-06, 1.36191010824e-06, 1.84224734312e-06, 1.98722523237e-06, 2.0865463739e-06, 2.17040201278e-06, 2.8860376915e-06, 1.71898466306e-06, 3.20551475852e-06, 1.79552864665e-06, 1.69019199348e-06, 2.19011963054e-06, 2.03816262001e-06, 3.64140873899e-06, 2.43247541221e-06, 2.66355391432e-06, 1.69293207364e-06, 1.07498033231e-06, 7.46322825762e-07, 6.50411095648e-07, 4.55146590639e-07, 3.94015870597e-07, 4.82741597807e-07, 3.91027469959e-07, 2.59321211615e-07, 1.72523428432e-07, 1.21114780427e-07, 7.25658395595e-08, 3.003147242e-08, 4.40605818497e-09],
        "min": [1.19980113189e-24, 1.00998926658e-24, 9.06816909796e-25, 6.63789917623e-25, 1.18365452967e-24, 2.5495313925e-24, 2.59687468251e-24, 2.29829477419e-24, 3.2434181779e-24, 2.56104462019e-24, 1.32933505076e-24, 2.7784162287e-24, 2.18738783345e-24, 1.91872015014e-24, 1.96678012029e-24, 2.57300532924e-24, 2.45266499258e-24, 3.29477203675e-24, 3.05216082358e-24, 4.86624113844e-24, 3.47195709859e-24, 2.97848811756e-24, 4.27286785414e-24, 4.89579620669e-24, 5.54391525451e-24, 3.41270536157e-24, 4.38884026797e-24, 5.6307794898e-24, 5.67201758805e-24, 4.33187662201e-24, 5.34754016507e-24, 4.03876036431e-24, 5.07294241713e-24, 6.47074280446e-24, 5.62199197375e-24, 6.39800430698e-24, 6.61951329372e-24, 6.40228861055e-24, 5.81793831729e-24, 6.78463055865e-24],
        "var": [0.000175923167262, 6.92850662745e-05, 2.65675607807e-05, 1.02930271169e-05, 1.77120199396e-07, 2.98743318972e-09, 1.51504797596e-09, 4.96338914413e-10, 1.0318149668e-09, 4.5434947471e-10, 5.27310473064e-10, 2.01761968244e-10, 2.31318145194e-10, 2.62211785618e-09, 6.34582342229e-09, 6.70531741243e-10, 5.22383858392e-10, 9.96746130077e-10, 7.02135405373e-10, 8.60537086034e-10, 2.68942895731e-10, 2.83687628944e-10, 2.90283769244e-10, 2.77798584136e-09, 5.19038201308e-10, 3.36370764575e-10, 1.57562740632e-10, 5.51483442246e-11, 7.74273145598e-11, 4.07751360454e-10, 6.59502868983e-11, 7.01526198243e-11, 1.65379931971e-10, 2.45778342123e-10, 1.77759640341e-10, 2.63638399306e-11, 1.19999513798e-11, 6.21737774112e-12, 4.77353616704e-12, 2.15976368734e-12]
    },
    "mfcc": {
        "mean": [-772.182006836, 82.6142501831, 10.0567531586, 55.3389587402, 26.3195438385, 32.8444709778, 14.3137350082, 21.9782524109, 4.47825193405, 13.1641559601, 9.06312942505, 5.13544225693, 2.21995043755],
        "cov": [[26667.0410156, -1694.16809082, -3537.65136719, -1089.33251953, -1915.6541748, -958.417480469, -1554.43103027, -272.483825684, -1436.8104248, -467.169067383, -724.747009277, -741.766113281, -906.404418945], [-1694.16809082, 3047.01879883, 956.77154541, 678.97833252, 659.789428711, 226.163497925, 307.464874268, 45.2786521912, 82.9600372314, -65.5539169312, -70.9613494873, -225.37171936, -37.0266265869], [-3537.65136719, 956.77154541, 2209.17651367, 718.28503418, 728.600830078, 367.499633789, 253.017730713, 89.6470718384, 264.536376953, 38.965549469, 115.629730225, -11.234380722, 50.5162620544], [-1089.33251953, 678.97833252, 718.28503418, 702.302612305, 430.49621582, 324.067077637, 233.500488281, 113.423530579, 70.1885528564, 27.9647026062, -13.8731679916, 13.411652565, -6.66896486282], [-1915.6541748, 659.789428711, 728.600830078, 430.49621582, 573.08404541, 249.576034546, 297.352966309, 116.735275269, 158.474945068, 56.6815567017, 61.6913757324, -25.8036975861, 71.0374908447], [-958.417480469, 226.163497925, 367.499633789, 324.067077637, 249.576034546, 265.792724609, 165.277069092, 89.0279922485, 68.0532836914, 32.6002235413, 11.270029068, 19.5861759186, 19.7484016418], [-1554.43103027, 307.464874268, 253.017730713, 233.500488281, 297.352966309, 165.277069092, 285.42376709, 76.613319397, 132.402908325, 42.5342140198, 36.5631065369, 46.8791847229, 64.3188476562], [-272.483825684, 45.2786521912, 89.6470718384, 113.423530579, 116.735275269, 89.0279922485, 76.613319397, 141.462234497, 38.3353462219, 47.6256217957, 26.2022399902, 7.05357170105, 38.1392631531], [-1436.8104248, 82.9600372314, 264.536376953, 70.1885528564, 158.474945068, 68.0532836914, 132.402908325, 38.3353462219, 186.690643311, 75.1154174805, 92.7175521851, 78.4004592896, 68.3397750854], [-467.169067383, -65.5539169312, 38.965549469, 27.9647026062, 56.6815567017, 32.6002235413, 42.5342140198, 47.6256217957, 75.1154174805, 99.7870254517, 69.5391998291, 56.4295501709, 47.8965034485], [-724.747009277, -70.9613494873, 115.629730225, -13.8731679916, 61.6913757324, 11.270029068, 36.5631065369, 26.2022399902, 92.7175521851, 69.5391998291, 119.185295105, 70.247833252, 77.2845840454], [-741.766113281, -225.37171936, -11.234380722, 13.411652565, -25.8036975861, 19.5861759186, 46.8791847229, 7.05357170105, 78.4004592896, 56.4295501709, 70.247833252, 157.571670532, 61.7203369141], [-906.404418945, -37.0266265869, 50.5162620544, -6.66896486282, 71.0374908447, 19.7484016418, 64.3188476562, 38.1392631531, 68.3397750854, 47.8965034485, 77.2845840454, 61.7203369141, 123.600395203]],
