{
"lowlevel": {
    "average_loudness": 0.98492282629,
    "barkbands_crest": {
        "dmean": 2.46770739555,
        "dmean2": 3.57241082191,
        "dvar": 8.44057273865,
        "dvar2": 13.7104692459,
        "max": 26.4647712708,
        "mean": 14.8056840897,
        "median": 16.7427940369,
        "min": 2.04785728455,
        "var": 46.3299713135
    },
    "barkbands_flatness_db": {
        "dmean": 0.0235023312271,
        "dmean2": 0.0330786630511,
        "dvar": 0.000618059653789,
        "dvar2": 0.00090892938897,
        "max": 0.38212582469,
        "mean": 0.13642886281,
        "median": 0.123534426093,
        "min": 0.026001451537,
        "var": 0.00479350797832
    },
    "barkbands_kurtosis": {
        "dmean": 6.43497037888,
        "dmean2": 9.71674156189,
        "dvar": 122.507171631,
        "dvar2": 242.720199585,
        "max": 188.88269043,
        "mean": 12.8354034424,
        "median": 2.38438796997,
        "min": -1.86709237099,
        "var": 496.071411133
    },
    "barkbands_skewness": {
        "dmean": 0.834294557571,
        "dmean2": 1.18934607506,
        "dvar": 0.853911995888,
        "dvar2": 1.42913877964,
        "max": 11.5011129379,
        "mean": 2.55226802826,
        "median": 1.83119988441,
        "min": -2.93316197395,
        "var": 5.96308517456
    },
    "barkbands_spread": {
        "dmean": 7.30924224854,
        "dmean2": 11.3943662643,
        "dvar": 64.7941360474,
        "dvar2": 125.887161255,
        "max": 124.524253845,
        "mean": 27.5862960815,
        "median": 27.9980926514,
        "min": 0.672113895416,
        "var": 280.066650391
    },
    "dissonance": {
        "dmean": 0.00834336783737,
        "dmean2": 0.014306768775,
        "dvar": 9.33694682317e-05,
        "dvar2": 0.000244047507294,
        "max": 0.500000119209,
        "mean": 0.486986011267,
        "median": 0.491005539894,
        "min": 0.342629879713,
        "var": 0.000231697180425
    },
    "dynamic_complexity": 2.01494050026,
    "erbbands_crest": {
        "dmean": 1.96515774727,
        "dmean2": 3.26875090599,
        "dvar": 3.08058643341,
        "dvar2": 7.82812261581,
        "max": 26.6813259125,
        "mean": 6.80033779144,
        "median": 5.88705635071,
        "min": 1.97652411461,
        "var": 11.92927742
    },
    "erbbands_flatness_db": {
        "dmean": 0.0135000003502,
        "dmean2": 0.0207046121359,
        "dvar": 0.000196859997232,
        "dvar2": 0.000432600529166,
        "max": 0.278430074453,
        "mean": 0.117674708366,
        "median": 0.110701873899,
        "min": 0.0430144295096,
        "var": 0.00108262640424
    },
    "erbbands_kurtosis": {
        "dmean": 0.675952613354,
        "dmean2": 1.07144153118,
        "dvar": 0.742100894451,
        "dvar2": 1.79050731659,
        "max": 15.3203697205,
        "mean": 0.288686841726,
        "median": -0.0360400676727,
        "min": -1.62586462498,
        "var": 1.93311309814
    },
    "erbbands_skewness": {
        "dmean": 0.236355572939,
        "dmean2": 0.377516597509,
        "dvar": 0.045813806355,
        "dvar2": 0.112392045557,
        "max": 2.76946496964,
        "mean": -0.232098579407,
        "median": -0.269552588463,
        "min": -3.12450218201,
        "var": 0.203690186143
    },
    "erbbands_spread": {
        "dmean": 10.0125055313,
        "dmean2": 15.6713342667,
        "dvar": 105.317550659,
        "dvar2": 219.287353516,
        "max": 139.858428955,
        "mean": 47.6344223022,
        "median": 43.8010177612,
        "min": 7.28864955902,
        "var": 528.350830078
    },
    "hfc": {
        "dmean": 13.3109645844,
        "dmean2": 19.6922149658,
        "dvar": 330.345611572,
        "dvar2": 698.969177246,
        "max": 205.101913452,
        "mean": 32.2415847778,
        "median": 22.432844162,
        "min": 1.11477582672e-16,
        "var": 785.757080078
    },
    "melbands_crest": {
        "dmean": 3.32925724983,
        "dmean2": 4.84442710876,
        "dvar": 13.6734199524,
        "dvar2": 23.9899024963,
        "max": 39.5125083923,
        "mean": 22.3314743042,
        "median": 26.1586036682,
        "min": 1.78032279015,
        "var": 70.496673584
    },
    "melbands_flatness_db": {
        "dmean": 0.0317437723279,
        "dmean2": 0.0425060912967,
        "dvar": 0.00101208640262,
        "dvar2": 0.0014583064476,
        "max": 0.522113800049,
        "mean": 0.205622062087,
        "median": 0.1993393749,
        "min": 0.00319204549305,
        "var": 0.00930016301572
    },
    "melbands_kurtosis": {
        "dmean": 23.0811710358,
        "dmean2": 34.85206604,
        "dvar": 1687.86242676,
        "dvar2": 3336.00195312,
        "max": 522.469299316,
        "mean": 50.3012084961,
        "median": 16.7592010498,
        "min": -1.73027181625,
        "var": 5398.87597656
    },
    "melbands_skewness": {
        "dmean": 1.34345710278,
        "dmean2": 1.91551136971,
        "dvar": 2.47458553314,
        "dvar2": 4.13000154495,
        "max": 18.8735637665,
        "mean": 5.0058889389,
        "median": 3.88464069366,
        "min": -1.03431200981,
        "var": 14.9506425858
    },
    "melbands_spread": {
        "dmean": 9.76035881042,
        "dmean2": 14.075003624,
        "dvar": 154.80682373,
        "dvar2": 311.892150879,
        "max": 201.121139526,
        "mean": 28.5770511627,
        "median": 19.4241600037,
        "min": 0.562569737434,
        "var": 713.593383789
    },
    "pitch_salience": {
        "dmean": 0.0789001658559,
        "dmean2": 0.1137836501,
        "dvar": 0.00696616061032,
        "dvar2": 0.0116232596338,
        "max": 0.924945473671,
        "mean": 0.438042730093,
        "median": 0.396648794413,
        "min": 0.0237365867943,
        "var": 0.035159278661
    },
    "silence_rate_20dB": {
        "dmean": 0,
        "dmean2": 0,
        "dvar": 0,
        "dvar2": 0,
        "max": 1,
        "mean": 1,
        "median": 1,
        "min": 1,
        "var": 0
    },
    "silence_rate_30dB": {
        "dmean": 0.00355206569657,
        "dmean2": 0.00710479589179,
        "dvar": 0.00353952124715,
        "dvar2": 0.0102351447567,
        "max": 1,
        "mean": 0.998037219048,
        "median": 1,
        "min": 0,
        "var": 0.00195891130716
    },
    "silence_rate_60dB": {
        "dmean": 0.00336511502974,
        "dmean2": 0.00673085916787,
        "dvar": 0.00335390935652,
        "dvar2": 0.00799479521811,
        "max": 1,
        "mean": 0.0127114681527,
        "median": 0,
        "min": 0,
        "var": 0.0125485416502
    },
    "spectral_centroid": {
        "dmean": 255.78578186,
        "dmean2": 392.957550049,
        "dvar": 62410.4453125,
        "dvar2": 128443.03125,
        "max": 11518.1816406,
        "mean": 2016.30932617,
        "median": 2057.77929688,
        "min": 233.614959717,
        "var": 404396.34375
    },
    "spectral_complexity": {
        "dmean": 6.39558792114,
        "dmean2": 9.3603811264,
        "dvar": 43.12474823,
        "dvar2": 86.6116104126,
        "max": 63,
        "mean": 27.5077114105,
        "median": 27,
        "min": 0,
        "var": 197.261138916
    },
    "spectral_decrease": {
        "dmean": 3.05714853432e-09,
        "dmean2": 4.24192592163e-09,
        "dvar": 9.66383032809e-18,
        "dvar2": 2.16064324016e-17,
        "max": 2.17575029203e-29,
        "mean": -1.27788011284e-08,
        "median": -1.26921673171e-08,
        "min": -3.27280780255e-08,
        "var": 4.974682071e-17
    },
    "spectral_energy": {
        "dmean": 0.0120439724997,
        "dmean2": 0.0170088373125,
        "dvar": 0.00013953402231,
        "dvar2": 0.000313389784424,
        "max": 0.125171750784,
        "mean": 0.0511545464396,
        "median": 0.0523420199752,
        "min": 1.03294655591e-20,
        "var": 0.000690116430633
    },
    "spectral_energyband_high": {
        "dmean": 0.00104745349381,
        "dmean2": 0.00153434451204,
        "dvar": 2.52236122833e-06,
        "dvar2": 5.48705702386e-06,
        "max": 0.0203673839569,
        "mean": 0.00204822327942,
        "median": 0.00129067653324,
        "min": 7.45360333068e-21,
        "var": 5.13806298841e-06
    },
    "spectral_energyband_low": {
        "dmean": 0.011231164448,
        "dmean2": 0.0149511424825,
        "dvar": 0.000174107233761,
        "dvar2": 0.000361758022336,
        "max": 0.118321418762,
        "mean": 0.0371026434004,
        "median": 0.0293668173254,
        "min": 2.94805839979e-23,
        "var": 0.00090499734506
    },
    "spectral_energyband_middle_high": {
        "dmean": 0.00328572583385,
        "dmean2": 0.00513037666678,
        "dvar": 1.89158781723e-05,
        "dvar2": 4.18605850427e-05,
        "max": 0.0474511906505,
        "mean": 0.00753322942182,
        "median": 0.00485878810287,
        "min": 1.16215200603e-21,
        "var": 5.18603737873e-05
    },
    "spectral_energyband_middle_low": {
        "dmean": 0.00306688505225,
        "dmean2": 0.00470705376938,
        "dvar": 2.80369004031e-05,
        "dvar2": 7.11470420356e-05,
        "max": 0.0430986434221,
        "mean": 0.00548597984016,
        "median": 0.00381490564905,
        "min": 3.41098103785e-22,
        "var": 3.20644285239e-05
    },
    "spectral_entropy": {
        "dmean": 0.106716908514,
        "dmean2": 0.160835400224,
        "dvar": 0.0128686465323,
        "dvar2": 0.0262553337961,
        "max": 9.80340385437,
        "mean": 8.00638389587,
        "median": 8.08247375488,
        "min": 6.32204532623,
        "var": 0.106213152409
    },
    "spectral_flux": {
        "dmean": 0.0267964992672,
        "dmean2": 0.0405857488513,
        "dvar": 0.00100489438046,
        "dvar2": 0.00190757913515,
        "max": 0.30200111866,
        "mean": 0.092629224062,
        "median": 0.0809244439006,
        "min": 6.62729801593e-11,
        "var": 0.00215587206185
    },
    "spectral_kurtosis": {
        "dmean": 0.715057194233,
        "dmean2": 1.20240080357,
        "dvar": 0.678045034409,
        "dvar2": 1.80965352058,
        "max": 17.4331226349,
        "mean": 2.57477617264,
        "median": 2.21136713028,
        "min": -1.24329423904,
        "var": 2.45177769661
    },
    "spectral_rms": {
        "dmean": 0.000860072672367,
        "dmean2": 0.00120006082579,
        "dvar": 6.7282303462e-07,
        "dvar2": 1.35589095862e-06,
        "max": 0.0110507365316,
        "mean": 0.00677002919838,
        "median": 0.00714600458741,
        "min": 3.17451230233e-12,
        "var": 4.07354946219e-06
    },
    "spectral_rolloff": {
        "dmean": 551.626586914,
        "dmean2": 814.765991211,
        "dvar": 644944.0625,
        "dvar2": 1132666.5,
        "max": 19293.75,
        "mean": 1499.31030273,
        "median": 1055.12695312,
        "min": 21.533203125,
        "var": 2735989.5
    },
    "spectral_skewness": {
        "dmean": 0.121517367661,
        "dmean2": 0.200693249702,
        "dvar": 0.0137258442119,
        "dvar2": 0.0348629243672,
        "max": 3.21878457069,
        "mean": 1.24122166634,
        "median": 1.19724023342,
        "min": -0.0544316880405,
        "var": 0.0707834661007
    },
    "spectral_spread": {
        "dmean": 481119.96875,
        "dmean2": 730329.6875,
        "dvar": 407436296192,
        "dvar2": 799987204096,
        "max": 41961708,
        "mean": 5382100,
        "median": 5443008,
        "min": 1957876.125,
        "var": 2.12868962714e+12
    },
    "spectral_strongpeak": {
        "dmean": 0.29427960515,
        "dmean2": 0.523317933083,
        "dvar": 0.672795534134,
        "dvar2": 1.74369955063,
        "max": 12.874420166,
        "mean": 0.591033875942,
        "median": 0.490832179785,
        "min": 0,
        "var": 0.73977047205
    },
    "zerocrossingrate": {
        "dmean": 0.0131342541426,
        "dmean2": 0.0143137564883,
        "dvar": 0.00017820733774,
        "dvar2": 0.000212341459701,
        "max": 0.64697265625,
        "mean": 0.0627333000302,
        "median": 0.05322265625,
        "min": 0,
        "var": 0.00180145143531
    },
    "barkbands": {
        "dmean": [0.00104915467091, 0.00971314031631, 0.00150083925109, 0.00176425161771, 0.0011979539413, 0.000322203093674, 0.000246409705142, 0.000159716117196, 0.000158508235472, 0.000188796824659, 0.00028342299629, 0.000396556773921, 0.00060504488647, 0.000874935940374, 0.000930279085878, 0.000393377995351, 0.00034637155477, 0.000325963657815, 0.000346914195688, 0.000323523883708, 0.000271913566394, 0.000199613597943, 0.000219501700485, 0.000184424920008, 0.000146497361129, 3.02619118884e-05, 1.49433435581e-06],
        "dmean2": [0.00171176006552, 0.0136386118829, 0.0025480708573, 0.00279175094329, 0.00193851126824, 0.000501161499415, 0.000417529430706, 0.000242284295382, 0.000257692736341, 0.000316346762702, 0.000451826053904, 0.000653652357869, 0.0010041577043, 0.00139420514461, 0.00150219956413, 0.000631154282019, 0.000553671852686, 0.000538078078534, 0.000573222292587, 0.000515337742399, 0.000440477975644, 0.000308082060656, 0.000324139866279, 0.00027956001577, 0.000218468718231, 4.37991766375e-05, 2.30855016525e-06],
        "dvar": [3.31941919285e-06, 0.000166844401974, 5.53614654564e-06, 1.26826435007e-05, 3.4921556562e-06, 2.763277962e-07, 1.57489878916e-07, 1.10074253712e-07, 1.02024102944e-07, 9.38965669661e-08, 1.55525100354e-07, 2.93205459911e-07, 6.09850985711e-07, 1.80226481916e-06, 2.54269139077e-06, 3.15793045047e-07, 2.98243634234e-07, 4.82497682697e-07, 2.94489126418e-07, 2.04668452852e-07, 2.08534430612e-07, 8.12426250718e-08, 1.23866584545e-07, 8.41593035261e-08, 5.01615318171e-08, 2.01866079408e-09, 7.10193709397e-12],
        "dvar2": [1.01385121525e-05, 0.000334107025992, 1.47459850268e-05, 3.33550997311e-05, 8.76993544807e-06, 6.50718732231e-07, 4.44550977363e-07, 2.31564911246e-07, 2.80268864117e-07, 2.75654144843e-07, 4.0482441932e-07, 7.75211958626e-07, 1.6475216853e-06, 4.18467834606e-06, 5.84810959481e-06, 7.72827604578e-07, 8.17221689431e-07, 1.28462659177e-06, 8.06100672435e-07, 5.04190666106e-07, 5.11127666414e-07, 1.74505473183e-07, 2.58450540969e-07, 1.85889120985e-07, 1.1931501831e-07, 4.29842028637e-09, 1.65431800203e-11],
        "max": [0.016135821119, 0.102346681058, 0.0280773974955, 0.0309935174882, 0.0150046907365, 0.0103417858481, 0.00511684454978, 0.0099959820509, 0.0162314996123, 0.00802269671112, 0.00685841776431, 0.00831781793386, 0.0129502518103, 0.01098900754, 0.0206221360713, 0.00850218627602, 0.0124426791444, 0.0202677566558, 0.012011308223, 0.00756372651085, 0.0104369679466, 0.00640035467222, 0.00710493745282, 0.00251781870611, 0.00213622068986, 0.000436243368313, 3.2652518712e-05],
        "mean": [0.00196332950145, 0.0313022881746, 0.00289024412632, 0.00202490761876, 0.00175224139821, 0.000524066213984, 0.000356033531716, 0.000428308994742, 0.000303177075693, 0.00033559120493, 0.000482310570078, 0.000617136829533, 0.000879532308318, 0.00118450692389, 0.00126502441708, 0.000624440610409, 0.000592433090787, 0.000634556694422, 0.000586712616496, 0.000579244049732, 0.00054616649868, 0.000354175688699, 0.000367029453628, 0.000285611633444, 0.000225238123676, 4.87587894895e-05, 1.5620043996e-06],
        "median": [0.00143451150507, 0.0235635302961, 0.00202189479023, 0.000910113973077, 0.00112899206579, 0.000288640760118, 0.000231545389397, 0.00012756997603, 0.000173690277734, 0.000190722479601, 0.000307217997033, 0.000356871692929, 0.000534743769094, 0.000388141314033, 0.000389523542253, 0.000311646028422, 0.000386439875001, 0.000299556937534, 0.000315283134114, 0.000344130705344, 0.00030856570811, 0.00022684581927, 0.000222321876208, 0.000174471802893, 0.000132349989144, 2.99204730254e-05, 3.3061937188e-07],
        "min": [2.85858027389e-24, 4.59975958592e-24, 6.12000341309e-24, 1.93517144989e-24, 2.23686211286e-23, 1.07769940688e-23, 2.73413478397e-23, 5.42174002739e-23, 3.98224652684e-23, 3.76839296186e-23, 3.98966592142e-23, 4.3752633407e-23, 8.06733590325e-23, 6.50355736708e-23, 7.52749188008e-23, 1.07437478415e-22, 7.5079413825e-23, 1.28312921534e-22, 1.84756600879e-22, 1.31940066111e-22, 3.95720069797e-22, 4.08006357514e-22, 4.13249997993e-22, 6.759014762e-22, 1.11506703168e-21, 1.57226365028e-21, 1.92251597369e-21],
        "var": [3.95119059249e-06, 0.000717905233614, 8.26501582196e-06, 1.1892188013e-05, 4.10065376855e-06, 4.77450896597e-07, 1.70231686525e-07, 9.04174839889e-07, 1.61623262329e-07, 1.8445867056e-07, 3.26407473494e-07, 5.42140980997e-07, 9.99853568828e-07, 3.01269960801e-06, 4.021654604e-06, 6.06800824698e-07, 5.51784410163e-07, 1.40161409945e-06, 5.9606833247e-07, 4.58381890667e-07, 6.05947150234e-07, 1.66241122201e-07, 2.09503724591e-07, 1.21950918697e-07, 7.37297227715e-08, 3.40393468967e-09, 8.38030079359e-12]
    },
    "erbbands": {
        "dmean": [0.457857936621, 1.56185245514, 1.53321540356, 4.14005088806, 4.03454351425, 5.07140207291, 3.48062872887, 2.69980835915, 3.76529502869, 2.73656725883, 3.89934587479, 3.45040917397, 5.31670761108, 6.5543217659, 12.4397125244, 16.1643772125, 24.811340332, 32.9521255493, 56.8077545166, 40.1855239868, 18.3106632233, 18.9579753876, 16.6237659454, 18.1763286591, 18.1030311584, 13.8419475555, 9.75810718536, 11.576464653, 7.16006278992, 7.09665966034, 6.06737375259, 4.54253911972, 2.83341097832, 2.07746005058, 0.777069270611, 0.2160898, 0.0376503877342, 0.00494728703052, 0.000280653242953, 1.93901178136e-05],
        "dmean2": [0.671268939972, 2.09363985062, 2.43037366867, 6.72274589539, 6.32781744003, 8.30859279633, 5.70068502426, 4.18810129166, 6.36328029633, 4.51753997803, 5.83787822723, 5.59561347961, 8.99244689941, 10.4752101898, 20.240064621, 26.2290077209, 40.9805107117, 52.5235519409, 92.3099136353, 63.6825866699, 29.6712303162, 30.9308605194, 28.0047531128, 29.5589103699, 29.7412567139, 22.5846176147, 15.5964651108, 18.6945819855, 11.1383323669, 11.0509214401, 8.82678127289, 6.99330854416, 4.24576807022, 3.11226463318, 1.1756207943, 0.317548751831, 0.0544320829213, 0.00686141988263, 0.000424076104537, 2.83549525193e-05],
        "dvar": [0.479994744062, 3.26901102066, 4.32658147812, 75.4051589966, 39.947177887, 80.9311904907, 41.8404808044, 20.3941268921, 37.0924072266, 20.9361114502, 82.6960906982, 53.1842689514, 66.3257141113, 113.767211914, 300.559417725, 458.614593506, 1036.06604004, 2089.88696289, 9699.87695312, 4557.75634766, 628.893005371, 1047.92077637, 1291.9407959, 1058.41821289, 699.061340332, 370.484405518, 280.37097168, 357.137573242, 109.283927917, 113.271240234, 92.2227783203, 52.5122795105, 18.1808509827, 10.5466051102, 1.28211224079, 0.10460563004, 0.0030902530998, 5.37548330612e-05, 2.62441773202e-07, 4.44895370544e-10],
        "dvar2": [1.09523117542, 5.71463632584, 10.350487709, 201.02911377, 96.2546234131, 212.516891479, 113.756240845, 45.2527122498, 103.083740234, 56.7147750854, 171.941604614, 146.703567505, 186.590698242, 301.569824219, 815.903442383, 1180.20874023, 2739.81860352, 4991.29931641, 22524.2089844, 10236.3603516, 1574.90478516, 2920.96289062, 3478.01879883, 2925.82666016, 1837.25732422, 954.273620605, 680.364501953, 905.198547363, 240.311599731, 239.08480835, 187.993041992, 116.60660553, 38.6404380798, 24.6326503754, 2.98050832748, 0.224982738495, 0.00664845202118, 0.000108575368358, 6.06912863077e-07, 9.72982250325e-10],
        "max": [5.40380382538, 17.2745628357, 26.3565330505, 71.5441131592, 58.8846740723, 79.0651321411, 77.9668579102, 96.1310653687, 61.3803520203, 79.8690338135, 294.38067627, 372.344512939, 168.722671509, 220.352905273, 310.926513672, 310.989196777, 663.002807617, 591.833007812, 1103.86584473, 898.348510742, 558.511108398, 865.601867676, 1227.97558594, 746.959350586, 511.946685791, 375.995635986, 379.975402832, 500.56161499, 271.017852783, 211.295684814, 191.575088501, 65.1046295166, 38.9573516846, 30.6900291443, 10.5317983627, 2.82502269745, 0.505526125431, 0.0663159638643, 0.00824594311416, 0.000212623592233],
        "mean": [1.52094662189, 4.58058643341, 3.70527172089, 5.06011390686, 5.95115184784, 6.53135585785, 4.46322870255, 4.65875053406, 5.44521379471, 4.45069694519, 11.3161087036, 7.21473073959, 9.81079387665, 12.6611013412, 22.6020469666, 25.7136001587, 37.7461624146, 51.3895339966, 74.3478546143, 56.7162475586, 32.9862251282, 34.296546936, 34.121723175, 30.3045520782, 33.1130332947, 26.1273784637, 19.2720661163, 21.4392032623, 12.739071846, 12.6106281281, 9.80536842346, 6.96366167068, 4.44657421112, 3.12964367867, 1.2468893528, 0.35269510746, 0.0609593391418, 0.00691198045388, 0.000354031275492, 7.24538695067e-05],
        "median": [1.12757337093, 3.61244416237, 2.78196501732, 2.8035402298, 3.60776042938, 3.53568387032, 2.25373625755, 2.54599690437, 3.08130764961, 2.8780901432, 3.17093682289, 3.84268856049, 5.11533021927, 7.63838195801, 14.460735321, 15.5935754776, 24.2092971802, 23.3994083405, 20.5258769989, 19.2098445892, 19.8714828491, 22.5066261292, 18.2554473877, 13.0000514984, 20.2044429779, 15.7981414795, 9.44719600677, 12.7228946686, 7.66805887222, 8.48460483551, 5.8819231987, 4.05077075958, 2.77091431618, 1.7912607193, 0.785867333412, 0.223153948784, 0.0367664322257, 0.00300091528334, 0.000130801097839, 7.80473055784e-05],
        "min": [1.20790608999e-22, 1.42711708074e-21, 8.228928443e-21, 1.82969879648e-20, 9.37809718692e-21, 7.02995534826e-20, 1.49865287585e-19, 1.62350493257e-19, 2.66333674925e-19, 3.80901963775e-19, 6.77610848167e-19, 7.74776807893e-19, 1.20380618181e-18, 1.88931629463e-18, 9.74712927693e-19, 1.76193523659e-18, 3.66889632766e-18, 3.09572737159e-18, 2.56888425213e-18, 4.49418021507e-18, 7.39365547081e-18, 4.08376669594e-18, 7.22666176721e-18, 9.69900701082e-18, 9.67883703876e-18, 6.66166721674e-18, 1.3010683323e-17, 1.39644300139e-17, 1.06764458088e-17, 1.381326772e-17, 1.2383292471e-17, 1.2137894453e-17, 1.23418490679e-17, 1.14992283021e-17, 8.17630646945e-18, 5.08514534164e-18, 2.95349945552e-18, 1.22811795059e-18, 2.60238129293e-19, 2.80840225671e-20],
        "var": [1.76941132545, 15.0845069885, 11.0859479904, 64.9617233276, 53.1199302673, 81.3964309692, 42.3240966797, 42.6621284485, 43.1427383423, 26.0835418701, 710.921569824, 100.713912964, 142.462936401, 259.685699463, 682.877441406, 860.102416992, 1734.62512207, 4089.00268555, 14756.5, 7561.87158203, 1270.78845215, 1876.9909668, 3141.3684082, 2437.08691406, 1543.93505859, 863.303771973, 771.054748535, 845.125061035, 228.539459229, 205.165252686, 153.356124878, 76.7170562744, 27.479391098, 15.4275455475, 2.00039601326, 0.171672508121, 0.00524773681536, 8.96129422472e-05, 3.19145215144e-07, 1.15234843889e-09]
    },
    "gfcc": {
        "mean": [36.4164924622, 63.1837081909, -109.825622559, 60.0697364807, -41.9379806519, 40.0430374146, -32.6905975342, 15.4771308899, -21.9718456268, 10.5806808472, -11.1605100632, 2.75064826012, -6.44805002213],
        "cov": [[6597.84326172, -565.679443359, -755.254516602, 164.148757935, -245.12512207, 151.376907349, -550.561035156, -268.002929688, -378.081115723, 59.1081581116, 2.04575157166, 148.981124878, -86.1352386475], [-565.679443359, 596.553283691, 167.742645264, 29.4672603607, 48.4618644714, -48.2190322876, 222.723587036, 132.692489624, 115.983154297, -72.5318603516, 12.7976112366, -73.1329421997, 18.5527153015], [-755.254516602, 167.742645264, 691.408996582, 163.846847534, 156.318466187, 135.471588135, 80.0976409912, 27.5408725739, 62.4936599731, -5.20542287827, 22.2676353455, -13.4293279648, 8.41271972656], [164.148757935, 29.4672603607, 163.846847534, 182.996856689, 87.0485916138, 71.8221054077, 35.5194969177, 16.2135410309, -0.778480350971, -7.98285293579, 31.9013538361, 26.6489505768, 18.1718654633], [-245.12512207, 48.4618644714, 156.318466187, 87.0485916138, 187.310760498, 93.8198547363, 68.5981674194, 28.5594921112, 75.1667327881, 25.6865940094, 21.9262065887, -4.64521551132, 21.106004715], [151.376907349, -48.2190322876, 135.471588135, 71.8221054077, 93.8198547363, 141.565612793, 2.57204318047, -12.899479866, -9.31919384003, 28.6216583252, 31.4435558319, 32.0570602417, 9.98454380035], [-550.561035156, 222.723587036, 80.0976409912, 35.5194969177, 68.5981674194, 2.57204318047, 198.03553772, 119.629875183, 97.2930679321, -25.5463848114, 17.1869468689, -25.5670490265, 15.3795623779], [-268.002929688, 132.692489624, 27.5408725739, 16.2135410309, 28.5594921112, -12.899479866, 119.629875183, 120.643249512, 98.7200317383, -5.66007757187, 3.8841946125, -22.2206058502, 9.8364648819], [-378.081115723, 115.983154297, 62.4936599731, -0.778480350971, 75.1667327881, -9.31919384003, 97.2930679321, 98.7200317383, 194.09979248, 50.7094612122, -11.6060161591, -72.3363571167, 12.910941124], [59.1081581116, -72.5318603516, -5.20542287827, -7.98285293579, 25.6865940094, 28.6216583252, -25.5463848114, -5.66007757187, 50.7094612122, 74.3359985352, 8.86231327057, -11.9250593185, 2.01895904541], [2.04575157166, 12.7976112366, 22.2676353455, 31.9013538361, 21.9262065887, 31.4435558319, 17.1869468689, 3.8841946125, -11.6060161591, 8.86231327057, 48.5525283813, 33.5604896545, 8.94329452515], [148.981124878, -73.1329421997, -13.4293279648, 26.6489505768, -4.64521551132, 32.0570602417, -25.5670490265, -22.2206058502, -72.3363571167, -11.9250593185, 33.5604896545, 83.7799911499, 19.5304965973], [-86.1352386475, 18.5527153015, 8.41271972656, 18.1718654633, 21.106004715, 9.98454380035, 15.3795623779, 9.8364648819, 12.910941124, 2.01895904541, 8.94329452515, 19.5304965973, 45.9688301086]],
        "icov": [[0.000397204537876, -0.000473447609693, 0.000753697415348, -0.00114600011148, 0.000605383480433, -0.00129150529392, 0.00143499823753, -0.000396822288167, -0.000134688540129, -0.000185837314348, 0.000725280668121, -0.000427252991358, 0.000944229483139], [-0.000473447609693, 0.00505605852231, -0.00167535163928, 0.0019784651231, -0.000392708985601, 0.00239689461887, -0.00424406863749, 0.00021853679209, -0.000358516495908, 0.00522836251184, -0.00621504569426, 0.00600081635639, -0.00383969699033], [0.000753697415348, -0.00167535163928, 0.00391935184598, -0.0036640483886, 0.00116926117335, -0.00476953573525, 0.00285458238795, 0.000676564581227, -0.002027194947, 0.000964245467912, 0.00217096088454, -0.00121308257803, 0.00283890566789], [-0.00114600011148, 0.0019784651231, -0.0036640483886, 0.0128907039762, -0.00506515987217, 0.00277540413663, -0.00264827767387, -0.00229443586431, 0.00255614565685, 0.00320305023342, -0.00664422148839, 0.00281560141593, -0.00503353541717], [0.000605383480433, -0.000392708985601, 0.00116926117335, -0.00506515987217, 0.015527503565, -0.00987975299358, -0.00265091191977, 0.00737175531685, -0.00935905613005, 0.00262200622819, 0.00129978789482, -0.00220212433487, 0.000603478576522], [-0.00129150529392, 0.00239689461887, -0.00476953573525, 0.00277540413663, -0.00987975299358, 0.0224747993052, -0.00566875841469, -0.00116888748016, 0.00794415175915, -0.00899234600365, -0.00363011937588, -0.000807013537269, -0.00259752082638], [0.00143499823753, -0.00424406863749, 0.00285458238795, -0.00264827767387, -0.00265091191977, -0.00566875841469, 0.0263196770102, -0.0174159146845, -0.000338978861691, 0.0066776862368, -0.00511111319065, 0.00273348717019, 0.00193058431614], [-0.000396822288167, 0.00021853679209, 0.000676564581227, -0.00229443586431, 0.00737175531685, -0.00116888748016, -0.0174159146845, 0.0371639803052, -0.0205469243228, 0.00668203923851, 0.00305936159566, -0.0119689712301, 0.00466241175309], [-0.000134688540129, -0.000358516495908, -0.002027194947, 0.00255614565685, -0.00935905613005, 0.00794415175915, -0.000338978861691, -0.0205469243228, 0.0327157564461, -0.0214242395014, 0.0025689622853, 0.0159917939454, -0.00920730177313], [-0.000185837314348, 0.00522836251184, 0.000964245467912, 0.00320305023342, 0.00262200622819, -0.00899234600365, 0.0066776862368, 0.00668203923851, -0.0214242395014, 0.0426985584199, -0.0198568124324, 0.00741769419983, -0.00196205591783], [0.000725280668121, -0.00621504569426, 0.00217096088454, -0.00664422148839, 0.00129978789482, -0.00363011937588, -0.00511111319065, 0.00305936159566, 0.0025689622853, -0.0198568124324, 0.0495119281113, -0.026065658778, 0.00893595535308], [-0.000427252991358, 0.00600081635639, -0.00121308257803, 0.00281560141593, -0.00220212433487, -0.000807013537269, 0.00273348717019, -0.0119689712301, 0.0159917939454, 0.00741769419983, -0.026065658778, 0.0446572862566, -0.0199999734759], [0.000944229483139, -0.00383969699033, 0.00283890566789, -0.00503353541717, 0.000603478576522, -0.00259752082638, 0.00193058431614, 0.00466241175309, -0.00920730177313, -0.00196205591783, 0.00893595535308, -0.0199999734759, 0.0346175357699]]
    },
    "melbands": {
        "dmean": [0.00328212045133, 0.00106493162457, 0.000704886973836, 0.000287641829345, 0.000151543921675, 6.01154752076e-05, 5.40741275472e-05, 2.86158938252e-05, 3.31578485202e-05, 2.20815873035e-05, 2.74215472018e-05, 2.67166651611e-05, 3.96827381337e-05, 4.21561599069e-05, 4.8403031542e-05, 6.60703808535e-05, 6.21659200988e-05, 0.000104891318188, 5.85145826335e-05, 3.79230368708e-05, 2.08890014619e-05, 2.19032644964e-05, 1.8426182578e-05, 1.53482124006e-05, 1.59026913025e-05, 1.33600415211e-05, 1.46246884469e-05, 8.65357287694e-06, 6.57754344502e-06, 7.21633978173e-06, 6.89125909048e-06, 4.07873585573e-06, 4.15691056332e-06, 4.21758386437e-06, 3.66851145372e-06, 3.38981249115e-06, 2.78697211797e-06, 2.13216208067e-06, 1.91624485524e-06, 1.70431110291e-06],
        "dmean2": [0.00472970679402, 0.00136531994212, 0.0011232229881, 0.000454054883448, 0.000250196986599, 9.33269257075e-05, 9.12774921744e-05, 4.67195895908e-05, 5.00792193634e-05, 3.62630198651e-05, 4.65215853183e-05, 4.30112304457e-05, 6.383870641e-05, 6.98651347193e-05, 7.9531375377e-05, 0.000110153341666, 9.96594753815e-05, 0.000171450286871, 9.38153243624e-05, 5.91310781601e-05, 3.47277964465e-05, 3.49706351699e-05, 3.15484830935e-05, 2.56102521234e-05, 2.59920689132e-05, 2.22996350203e-05, 2.34129875025e-05, 1.43482930071e-05, 1.06704746941e-05, 1.16814317153e-05, 1.13872547445e-05, 6.40487496639e-06, 6.60560999677e-06, 6.59039960738e-06, 5.34231048732e-06, 5.13987106388e-06, 4.38173265138e-06, 3.24169900523e-06, 2.92229287879e-06, 2.62861931333e-06],
        "dvar": [2.17032775254e-05, 1.26810436996e-06, 2.00807448891e-06, 1.83015217203e-07, 8.06161750688e-08, 9.42265554471e-09, 7.61906715496e-09, 2.36980279844e-09, 6.29011243092e-09, 1.91574422992e-09, 1.7785382056e-09, 1.92382376696e-09, 3.07746916839e-09, 3.12686765369e-09, 5.0934514384e-09, 7.91319809679e-09, 7.77674014074e-09, 3.4378068392e-08, 9.12019260113e-09, 3.56417872993e-09, 8.21033740994e-10, 1.31022348526e-09, 1.52884693794e-09, 1.29344690514e-09, 8.17025225253e-10, 4.6441758772e-10, 4.33725583227e-10, 1.51790219283e-10, 1.58264346073e-10, 1.51067852672e-10, 1.45052081457e-10, 3.68627697811e-11, 3.25165484816e-11, 4.59271301545e-11, 3.63229481215e-11, 2.44704517066e-11, 2.10942183859e-11, 9.84322866271e-12, 9.05318094796e-12, 8.01362882302e-12],
        "dvar2": [4.70261802548e-05, 2.14038527702e-06, 5.23560038346e-06, 4.28310784173e-07, 2.21435868752e-07, 2.14580548885e-08, 2.12324859916e-08, 6.274765596e-09, 1.34239002136e-08, 5.3598969707e-09, 5.03308106303e-09, 5.24485610498e-09, 8.24444246206e-09, 8.38721092578e-09, 1.34864652779e-08, 2.1303877773e-08, 1.83796995401e-08, 8.11469718087e-08, 2.08832613424e-08, 7.8258173275e-09, 2.15338702425e-09, 3.53073104087e-09, 4.62022331504e-09, 3.19857385023e-09, 2.26208696219e-09, 1.25725507782e-09, 1.07997233378e-09, 3.96411931058e-10, 4.02769151364e-10, 3.36606131857e-10, 3.89643650678e-10, 8.11235661979e-11, 7.31564392398e-11, 1.01120896379e-10, 7.64143540111e-11, 5.12479884918e-11, 4.90245725959e-11, 2.02680650041e-11, 2.0867920239e-11, 1.94744081972e-11],
        "max": [0.0368083566427, 0.0119658159092, 0.0118866534904, 0.0035123731941, 0.00237377313897, 0.00187944818754, 0.000920354097616, 0.000906352535821, 0.00243315054104, 0.00202388106845, 0.000939015415497, 0.000844779307954, 0.00103970407508, 0.000830756383948, 0.00109439878725, 0.00146349542774, 0.00117417122237, 0.00174887711182, 0.00126854435075, 0.000840122811496, 0.000747920013964, 0.000952115457039, 0.00158546923194, 0.000939666177146, 0.000623420462944, 0.000429194420576, 0.000354318093741, 0.000212723796722, 0.000366340624169, 0.00034524401417, 0.000250855839113, 0.000153319371748, 0.000121989556646, 0.000112491361506, 0.000113360576506, 8.61329972395e-05, 3.97807889385e-05, 2.99136554531e-05, 2.49868280662e-05, 2.81835291389e-05],
        "mean": [0.0106345154345, 0.0030906193424, 0.000933965377044, 0.000447004538728, 0.000187671073945, 0.000104582126369, 7.83287832746e-05, 4.84887750645e-05, 9.32593902689e-05, 4.24416430178e-05, 4.93208390253e-05, 4.89999947604e-05, 6.94829577697e-05, 7.18194714864e-05, 6.61974117975e-05, 9.5558774774e-05, 9.26924330997e-05, 0.000128977073473, 8.4385574155e-05, 5.51073426323e-05, 3.60297308362e-05, 3.5195658711e-05, 3.36364028044e-05, 2.89995168714e-05, 2.38202919718e-05, 2.24835075642e-05, 2.5196282877e-05, 1.5024294953e-05, 1.09180546133e-05, 1.41167984111e-05, 1.15893126349e-05, 6.57252894598e-06, 7.33860861146e-06, 6.89943271936e-06, 5.56500799576e-06, 5.32160447619e-06, 3.94405287807e-06, 3.41413237948e-06, 2.63379661192e-06, 2.55069335253e-06],
        "median": [0.0079390713945, 0.0025537868496, 0.000548954994883, 0.000293495279038, 0.000101894256659, 6.25843167654e-05, 4.88761033921e-05, 3.01975051116e-05, 2.46734962275e-05, 2.34810195252e-05, 2.56719740719e-05, 2.86474078166e-05, 4.32503256889e-05, 4.60343617306e-05, 3.74758856196e-05, 5.57355342607e-05, 3.88563385059e-05, 3.21245934174e-05, 2.95445315714e-05, 2.06234053621e-05, 2.39863838942e-05, 2.18889526877e-05, 2.09099835047e-05, 1.18092229968e-05, 9.24563119042e-06, 1.21946040963e-05, 1.56089281518e-05, 8.78299761098e-06, 4.96816028317e-06, 7.64471224102e-06, 6.97118048265e-06, 3.47600484929e-06, 5.01429121869e-06, 4.29741294283e-06, 3.1291428968e-06, 3.19986293107e-06, 2.19236062549e-06, 2.23212555284e-06, 1.41029227052e-06, 1.46494676301e-06],
        "min": [1.68205280668e-24, 3.60165332559e-24, 4.04974288584e-24, 1.76823369121e-24, 5.93987530842e-24, 3.308079923e-24, 4.9084365194e-24, 3.81003527244e-24, 4.64530565358e-24, 5.80434624389e-24, 6.0389948923e-24, 7.53620989749e-24, 3.80201650134e-24, 4.41184700184e-24, 7.00381003914e-24, 7.98229811762e-24, 4.80273191911e-24, 4.02976695556e-24, 7.03585514683e-24, 6.21048575892e-24, 7.08782214782e-24, 3.18388521196e-24, 4.81653856268e-24, 5.89841199038e-24, 7.74408500121e-24, 6.39208193373e-24, 5.46931662301e-24, 3.83374448695e-24, 7.32757827617e-24, 8.72486156517e-24, 6.04480682502e-24, 5.64396293325e-24, 7.62462779433e-24, 6.85337426451e-24, 6.86784670668e-24, 6.68229242228e-24, 7.15163310645e-24, 7.45515286176e-24, 1.02546419318e-23, 8.43843563682e-24],
        "var": [8.43883753987e-05, 6.59430133965e-06, 1.8903764385e-06, 2.53325993071e-07, 7.39640739766e-08, 1.85118711471e-08, 8.44535907873e-09, 3.36705330284e-09, 4.79297135314e-08, 3.25021054515e-09, 3.71072639282e-09, 4.20098622556e-09, 6.76396982868e-09, 6.55455156817e-09, 7.1173094085e-09, 1.23737127211e-08, 1.45092036163e-08, 4.8904389871e-08, 1.56115174121e-08, 6.6341110383e-09, 1.4747405519e-09, 2.15415596472e-09, 2.35399544302e-09, 3.82989195913e-09, 1.62963909034e-09, 9.25568677257e-10, 8.95620799746e-10, 3.20469262238e-10, 2.87944584842e-10, 5.86442172601e-10, 2.42840220155e-10, 7.52175752239e-11, 6.14995415704e-11, 7.36071828489e-11, 5.61730488513e-11, 4.22368529041e-11, 2.75497853697e-11, 1.54606761421e-11, 1.19138978197e-11, 1.08467254276e-11]
    },
    "mfcc": {
        "mean": [-602.647705078, 84.6454315186, 5.54670286179, 28.5479507446, 21.0709495544, 24.8664894104, 13.2312221527, 9.49942970276, 4.48898077011, 7.44966983795, 3.65815830231, 3.0400762558, 2.60707831383],
        "cov": [[4918.0390625, -812.001586914, -532.897521973, -205.607070923, 48.8428077698, 89.2351226807, -103.57787323, -288.754486084, -380.43850708, -285.2315979, -198.703521729, -43.9138641357, -3.92618060112], [-812.001586914, 580.339111328, 138.789962769, 94.7669067383, -51.6053886414, -64.747718811, 50.5845718384, 134.330886841, 129.80897522, 94.9200668335, 81.9043197632, 34.2448196411, -6.67223596573], [-532.897521973, 138.789962769, 492.355102539, 105.751647949, 131.697280884, 91.533416748, 71.8328018188, 60.3887748718, 35.8321876526, 3.13738441467, 11.4254360199, 39.292388916, 34.315952301], [-205.607070923, 94.7669067383, 105.751647949, 154.791320801, 34.4310302734, 9.16622829437, 48.6424865723, 77.9952011108, 54.5705604553, 12.7240200043, 23.8001499176, 30.3089981079, 3.52588248253], [48.8428077698, -51.6053886414, 131.697280884, 34.4310302734, 184.518783569, 127.655761719, 24.7780685425, -8.93044281006, 10.1377658844, 27.5256557465, 6.32524061203, 1.14866089821, 26.8112182617], [89.2351226807, -64.747718811, 91.533416748, 9.16622829437, 127.655761719, 143.459915161, 48.1772575378, -13.189157486, -10.4017419815, -1.67576789856, -8.56436634064, 13.3403644562, 33.7420959473], [-103.57787323, 50.5845718384, 71.8328018188, 48.6424865723, 24.7780685425, 48.1772575378, 110.575141907, 76.3893203735, 3.11410093307, -44.9741668701, -5.23807859421, 44.9907455444, 30.7972278595], [-288.754486084, 134.330886841, 60.3887748718, 77.9952011108, -8.93044281006, -13.189157486, 76.3893203735, 135.807693481, 64.3223419189, 0.496039152145, 28.0432319641, 45.4298667908, 10.6716461182], [-380.43850708, 129.80897522, 35.8321876526, 54.5705604553, 10.1377658844, -10.4017419815, 3.11410093307, 64.3223419189, 120.795509338, 102.777420044, 57.1290092468, 6.19153928757, -9.06481647491], [-285.2315979, 94.9200668335, 3.13738441467, 12.7240200043, 27.5256557465, -1.67576789856, -44.9741668701, 0.496039152145, 102.777420044, 182.530456543, 85.5750732422, -28.6416244507, -20.2188129425], [-198.703521729, 81.9043197632, 11.4254360199, 23.8001499176, 6.32524061203, -8.56436634064, -5.23807859421, 28.0432319641, 57.1290092468, 85.5750732422, 80.4798202515, 15.4276866913, -4.38565444946], [-43.9138641357, 34.2448196411, 39.292388916, 30.3089981079, 1.14866089821, 13.3403644562, 44.9907455444, 45.4298667908, 6.19153928757, -28.6416244507, 15.4276866913, 73.4750976562, 31.8299827576], [-3.92618060112, -6.67223596573, 34.315952301, 3.52588248253, 26.8112182617, 33.7420959473, 30.7972278595, 10.6716461182, -9.06481647491, -20.2188129425, -4.38565444946, 31.8299827576, 52.0724067688]],
