{
"lowlevel": {
    "average_loudness": 0.925786852837,
    "barkbands_crest": {
        "dmean": 3.27566170692,
        "dmean2": 4.79105758667,
        "dvar": 9.92570877075,
        "dvar2": 21.0867919922,
        "max": 26.4582214355,
        "mean": 14.5503692627,
        "median": 13.723531723,
        "min": 2.25094199181,
        "var": 30.1480998993
    },
    "barkbands_flatness_db": {
        "dmean": 0.0337801501155,
        "dmean2": 0.0479706823826,
        "dvar": 0.00131136167329,
        "dvar2": 0.00303159025498,
        "max": 0.427169471979,
        "mean": 0.198641255498,
        "median": 0.192479103804,
        "min": 0.0352433100343,
        "var": 0.00462042493746
    },
    "barkbands_kurtosis": {
        "dmean": 20.6118984222,
        "dmean2": 34.1297683716,
        "dvar": 4010.46484375,
        "dvar2": 10961.7001953,
        "max": 938.344299316,
        "mean": 22.793794632,
        "median": 10.1677522659,
        "min": -1.76983582973,
        "var": 2926.97949219
    },
    "barkbands_skewness": {
        "dmean": 1.33890271187,
        "dmean2": 1.94645678997,
        "dvar": 4.7339053154,
        "dvar2": 11.8360700607,
        "max": 26.9716186523,
        "mean": 3.12641167641,
        "median": 2.5543718338,
        "min": -1.98017787933,
        "var": 6.03511953354
    },
    "barkbands_spread": {
        "dmean": 4.98249149323,
        "dmean2": 6.71791505814,
        "dvar": 58.6083183289,
        "dvar2": 106.225028992,
        "max": 75.6108398438,
        "mean": 10.6808738708,
        "median": 6.34190130234,
        "min": 0.256835401058,
        "var": 169.686279297
    },
    "dissonance": {
        "dmean": 0.0242745950818,
        "dmean2": 0.0396999008954,
        "dvar": 0.000540547596756,
        "dvar2": 0.00137012079358,
        "max": 0.500000059605,
        "mean": 0.441890448332,
        "median": 0.449248462915,
        "min": 0.172690734267,
        "var": 0.00138231331948
    },
    "dynamic_complexity": 6.51127815247,
    "erbbands_crest": {
        "dmean": 2.93242263794,
        "dmean2": 4.35446691513,
        "dvar": 7.16537046432,
        "dvar2": 15.0142526627,
        "max": 29.3111171722,
        "mean": 11.774600029,
        "median": 11.073050499,
        "min": 2.99182248116,
        "var": 24.7926177979
    },
    "erbbands_flatness_db": {
        "dmean": 0.0253858603537,
        "dmean2": 0.0347398109734,
        "dvar": 0.000715301604941,
        "dvar2": 0.00144895096309,
        "max": 0.336927890778,
        "mean": 0.175760775805,
        "median": 0.171915963292,
        "min": 0.0508816801012,
        "var": 0.00249674287625
    },
    "erbbands_kurtosis": {
        "dmean": 1.91083812714,
        "dmean2": 2.83764505386,
        "dvar": 5.87717151642,
        "dvar2": 11.1254749298,
        "max": 45.5880775452,
        "mean": 2.79847884178,
        "median": 1.57723999023,
        "min": -1.75685286522,
        "var": 20.3195781708
    },
    "erbbands_skewness": {
        "dmean": 0.480678737164,
        "dmean2": 0.695443570614,
        "dvar": 0.211447626352,
        "dvar2": 0.469025194645,
        "max": 6.02216053009,
        "mean": 1.35492444038,
        "median": 1.32056522369,
        "min": -1.56080675125,
        "var": 0.821947455406
    },
    "erbbands_spread": {
        "dmean": 11.3563652039,
        "dmean2": 15.8781805038,
        "dvar": 191.25567627,
        "dvar2": 362.380493164,
        "max": 121.814453125,
        "mean": 34.5131759644,
        "median": 27.1157474518,
        "min": 4.20156908035,
        "var": 557.64630127
    },
    "hfc": {
        "dmean": 6.27068901062,
        "dmean2": 8.38922023773,
        "dvar": 202.918243408,
        "dvar2": 426.060791016,
        "max": 160.426742554,
        "mean": 10.8063344955,
        "median": 4.22392511368,
        "min": 1.2056152134e-16,
        "var": 354.001159668
    },
    "melbands_crest": {
        "dmean": 3.62014698982,
        "dmean2": 5.49482584,
        "dvar": 11.0951023102,
        "dvar2": 23.3111839294,
        "max": 32.7874450684,
        "mean": 16.9252891541,
        "median": 15.8564882278,
        "min": 1.93534743786,
        "var": 35.8310127258
    },
    "melbands_flatness_db": {
        "dmean": 0.0389759987593,
        "dmean2": 0.0526610799134,
        "dvar": 0.00170958135277,
        "dvar2": 0.00370472762734,
        "max": 0.561323821545,
        "mean": 0.284292370081,
        "median": 0.277466237545,
        "min": 0.00590905640274,
        "var": 0.00710163498297
    },
    "melbands_kurtosis": {
        "dmean": 21.9308929443,
        "dmean2": 32.8236312866,
        "dvar": 1895.60632324,
        "dvar2": 4431.94921875,
        "max": 574.500976562,
        "mean": 32.3922729492,
        "median": 17.3176689148,
        "min": -1.21145093441,
        "var": 2263.31982422
    },
    "melbands_skewness": {
        "dmean": 1.21415483952,
        "dmean2": 1.65921843052,
        "dvar": 2.00642848015,
        "dvar2": 4.0497713089,
        "max": 15.949221611,
        "mean": 3.66132307053,
        "median": 3.04888439178,
        "min": -0.177246943116,
        "var": 5.01642227173
    },
    "melbands_spread": {
        "dmean": 4.29900503159,
        "dmean2": 5.70190143585,
        "dvar": 64.6171035767,
        "dvar2": 94.7655029297,
        "max": 155.16569519,
        "mean": 9.46353054047,
        "median": 6.46759080887,
        "min": 0.330169022083,
        "var": 181.939041138
    },
    "pitch_salience": {
        "dmean": 0.0964118987322,
        "dmean2": 0.14196921885,
        "dvar": 0.00995847489685,
        "dvar2": 0.0208395496011,
        "max": 0.934271156788,
        "mean": 0.530459463596,
        "median": 0.565843462944,
        "min": 0.0437511578202,
        "var": 0.0258617475629
    },
    "silence_rate_20dB": {
        "dmean": 0,
        "dmean2": 0,
        "dvar": 0,
        "dvar2": 0,
        "max": 1,
        "mean": 1,
        "median": 1,
        "min": 1,
        "var": 0
    },
    "silence_rate_30dB": {
        "dmean": 0.0355883277953,
        "dmean2": 0.0711823627353,
        "dvar": 0.0343278050423,
        "dvar2": 0.0978728532791,
        "max": 1,
        "mean": 0.980283737183,
        "median": 1,
        "min": 0,
        "var": 0.019324330613
    },
    "silence_rate_60dB": {
        "dmean": 0.0328630954027,
        "dmean2": 0.0657314658165,
        "dvar": 0.0317826755345,
        "dvar2": 0.071040853858,
        "max": 1,
        "mean": 0.182575941086,
        "median": 0,
        "min": 0,
        "var": 0.149236112833
    },
    "spectral_centroid": {
        "dmean": 197.192062378,
        "dmean2": 267.002838135,
        "dvar": 84491.0625,
        "dvar2": 145541.953125,
        "max": 11147.0205078,
        "mean": 676.328186035,
        "median": 523.891967773,
        "min": 193.831558228,
        "var": 259142.953125
    },
    "spectral_complexity": {
        "dmean": 2.5554664135,
        "dmean2": 3.72408819199,
        "dvar": 15.9629802704,
        "dvar2": 29.217716217,
        "max": 48,
        "mean": 9.7302236557,
        "median": 9,
        "min": 0,
        "var": 52.1359367371
    },
    "spectral_decrease": {
        "dmean": 3.41585759678e-09,
        "dmean2": 5.45092992965e-09,
        "dvar": 5.15401648216e-17,
        "dvar2": 1.29171995061e-16,
        "max": -6.85605722186e-29,
        "mean": -5.8359095334e-09,
        "median": -2.69686584176e-09,
        "min": -5.42520801616e-08,
        "var": 6.08221404548e-17
    },
    "spectral_energy": {
        "dmean": 0.0132745439187,
        "dmean2": 0.0211043506861,
        "dvar": 0.000751968356781,
        "dvar2": 0.00187547737733,
        "max": 0.206264272332,
        "mean": 0.0230063274503,
        "median": 0.0107189230621,
        "min": 1.11940470138e-20,
        "var": 0.000908446440008
    },
    "spectral_energyband_high": {
        "dmean": 0.000473151158076,
        "dmean2": 0.000633823277894,
        "dvar": 2.0080460672e-06,
        "dvar2": 4.33836567026e-06,
        "max": 0.0167854130268,
        "mean": 0.000552500481717,
        "median": 1.93025152839e-05,
        "min": 8.29713206944e-21,
        "var": 2.89742661153e-06
    },
    "spectral_energyband_low": {
        "dmean": 0.00859787035733,
        "dmean2": 0.0140271764249,
        "dvar": 0.00078622525325,
        "dvar2": 0.00206045294181,
        "max": 0.202953785658,
        "mean": 0.00764682237059,
        "median": 0.000698490941431,
        "min": 4.34269032729e-23,
        "var": 0.000643633829895
    },
    "spectral_energyband_middle_high": {
        "dmean": 0.000419603806222,
        "dmean2": 0.000649503432214,
        "dvar": 8.73608371421e-07,
        "dvar2": 2.24116342906e-06,
        "max": 0.0103671094403,
        "mean": 0.000822365458589,
        "median": 0.000469916092698,
        "min": 1.65734339701e-21,
        "var": 1.22615540477e-06
    },
    "spectral_energyband_middle_low": {
        "dmean": 0.00604139920324,
        "dmean2": 0.00925944093615,
        "dvar": 0.000101023870229,
        "dvar2": 0.000210845508263,
        "max": 0.0877398103476,
        "mean": 0.0143338441849,
        "median": 0.00694027356803,
        "min": 3.31564145455e-22,
        "var": 0.000302255299175
    },
    "spectral_entropy": {
        "dmean": 0.272153884172,
        "dmean2": 0.365448445082,
        "dvar": 0.0792389214039,
        "dvar2": 0.147163137794,
        "max": 9.80874061584,
        "mean": 7.02813529968,
        "median": 7.00615406036,
        "min": 5.17748117447,
        "var": 0.371253341436
    },
    "spectral_flux": {
        "dmean": 0.0372886359692,
        "dmean2": 0.056603576988,
        "dvar": 0.00303284358233,
        "dvar2": 0.00633788574487,
        "max": 0.403694570065,
        "mean": 0.0648277774453,
        "median": 0.0417554862797,
        "min": 1.05801922778e-10,
        "var": 0.00472531234846
    },
    "spectral_kurtosis": {
        "dmean": 3.38697600365,
        "dmean2": 5.48157501221,
        "dvar": 17.5238113403,
        "dvar2": 42.6522026062,
        "max": 56.3850669861,
        "mean": 8.09233570099,
        "median": 6.53510570526,
        "min": -1.20755386353,
        "var": 37.9949607849
    },
    "spectral_rms": {
        "dmean": 0.00108178053051,
        "dmean2": 0.00159038626589,
        "dvar": 2.92427694149e-06,
        "dvar2": 6.35542119198e-06,
        "max": 0.0141856772825,
        "mean": 0.00388651550747,
        "median": 0.00323380366899,
        "min": 3.30469679399e-12,
        "var": 7.34015929993e-06
    },
    "spectral_rolloff": {
        "dmean": 399.614349365,
        "dmean2": 602.994140625,
        "dvar": 890283.375,
        "dvar2": 1616260.25,
        "max": 18001.7578125,
        "mean": 780.211853027,
        "median": 430.6640625,
        "min": 86.1328125,
        "var": 1835886.375
    },
    "spectral_skewness": {
        "dmean": 0.389107197523,
        "dmean2": 0.587455749512,
        "dvar": 0.174520581961,
        "dvar2": 0.387490600348,
        "max": 6.04685688019,
        "mean": 2.09511399269,
        "median": 2.02584600449,
        "min": 0.0044639967382,
        "var": 0.54025554657
    },
    "spectral_spread": {
        "dmean": 752270.875,
        "dmean2": 1039756.8125,
        "dvar": 859921252352,
        "dvar2": 1.63828701594e+12,
        "max": 40583200,
        "mean": 4422921,
        "median": 3992519.75,
        "min": 1368225.875,
        "var": 2.7211792384e+12
    },
    "spectral_strongpeak": {
        "dmean": 0.272332578897,
        "dmean2": 0.427238881588,
        "dvar": 0.104879043996,
        "dvar2": 0.222992256284,
        "max": 3.13685846329,
        "mean": 0.69560277462,
        "median": 0.514763116837,
        "min": 0,
        "var": 0.371247321367
    },
    "zerocrossingrate": {
        "dmean": 0.0119506409392,
        "dmean2": 0.0125805912539,
        "dvar": 0.000299965671729,
        "dvar2": 0.000292591226753,
        "max": 0.630859375,
        "mean": 0.037876881659,
        "median": 0.0263671875,
        "min": 0.0029296875,
        "var": 0.00148733390961
    },
    "barkbands": {
        "dmean": [0.000102882368083, 0.00778802484274, 0.000959359458648, 0.000410673441365, 0.0040451255627, 0.00147036765702, 0.00124377920292, 0.000287141680019, 0.000208167039091, 8.04024239187e-05, 5.87540162087e-05, 5.86726382608e-05, 6.58670251141e-05, 5.38128624612e-05, 5.04030285811e-05, 2.66071729129e-05, 2.57960073213e-05, 3.7288536987e-05, 7.42087140679e-05, 0.000110792978376, 8.25280949357e-05, 6.40681755613e-05, 6.16508696112e-05, 5.9613295889e-05, 6.48339191684e-05, 7.89653640823e-05, 1.280079141e-05],
        "dmean2": [0.000157937567565, 0.0127333067358, 0.00180143828038, 0.000716276525054, 0.00575967412442, 0.00229950831272, 0.00197665090673, 0.000493650324643, 0.000338605954312, 0.000139876981848, 9.76967348834e-05, 9.44103085203e-05, 0.00010637602827, 9.18734949664e-05, 8.97317222552e-05, 4.38494862465e-05, 4.0548362449e-05, 5.60364933335e-05, 0.000112666559289, 0.000171831372427, 0.00012382742716, 8.83186803549e-05, 8.64566100063e-05, 8.09916600701e-05, 8.8560002041e-05, 0.000111757559353, 1.8957285647e-05],
        "dvar": [1.2096070634e-07, 0.000667591753881, 1.28441806737e-05, 9.43738086789e-07, 5.45925031474e-05, 1.25682054204e-05, 7.85789052316e-06, 5.94415269006e-07, 3.49989392134e-07, 4.5490228473e-08, 2.03368148988e-08, 1.27429684582e-08, 2.15024957839e-08, 4.02954931644e-08, 4.89013558536e-08, 7.9961575139e-09, 4.73168171311e-09, 1.01470503111e-08, 3.99680892826e-08, 9.47455376377e-08, 6.30781187283e-08, 3.8584552442e-08, 3.97264550145e-08, 3.47402959733e-08, 4.14144842864e-08, 6.68892781164e-08, 1.84365456235e-09],
        "dvar2": [2.88979009611e-07, 0.00176652579103, 3.72959439119e-05, 2.62995172307e-06, 9.25735002966e-05, 2.94254950859e-05, 1.93176892935e-05, 1.64461596341e-06, 9.46175134686e-07, 1.29491411371e-07, 5.70579707926e-08, 3.36836691872e-08, 5.27446246679e-08, 1.13621830167e-07, 1.37945889378e-07, 2.1683417728e-08, 1.13187139661e-08, 2.26329230912e-08, 9.03126533558e-08, 2.32787982668e-07, 1.509647376e-07, 8.10705955701e-08, 8.78021140238e-08, 7.12259549118e-08, 8.40788345613e-08, 1.50422465595e-07, 4.2706136405e-09],
        "max": [0.00367947295308, 0.190706714988, 0.0288613699377, 0.0165930017829, 0.0780111178756, 0.0687074512243, 0.0392116233706, 0.00945072807372, 0.0111990310252, 0.00323815597221, 0.00182625243906, 0.00169496121816, 0.00246182340197, 0.00314857438207, 0.00349602731876, 0.00255678454414, 0.00110699783545, 0.00157627149019, 0.00249712495133, 0.00454759132117, 0.00328728766181, 0.00246314844117, 0.00230377819389, 0.00206826464273, 0.00229129823856, 0.00345418602228, 0.000572274788283],
        "mean": [8.19790366222e-05, 0.00646643480286, 0.000762380484957, 0.000619669270236, 0.00810089707375, 0.00304134795442, 0.00182068743743, 0.000389751949115, 0.000344749976648, 0.000119629854453, 0.000107127067167, 0.000106049032183, 9.15418131626e-05, 6.73899558024e-05, 4.84182819491e-05, 3.45807857229e-05, 3.55746633431e-05, 5.26356634509e-05, 0.000100036428194, 0.000125569989905, 9.87543462543e-05, 8.04382798378e-05, 7.07979052095e-05, 7.06334976712e-05, 7.42383563193e-05, 8.22941947263e-05, 1.27187904582e-05],
        "median": [1.39938788379e-06, 0.000208671612199, 0.000198232126422, 0.000166673664353, 0.00188938248903, 0.00127912545577, 0.000453107815702, 0.000138057250297, 0.000115121663839, 5.72386634303e-05, 5.2857431001e-05, 5.98929873377e-05, 4.15517715737e-05, 2.71362423518e-05, 9.83386507869e-06, 8.53500205267e-06, 4.99413999933e-06, 6.46644230073e-06, 1.74237047759e-05, 1.71159881575e-05, 5.45709372091e-06, 2.32696766034e-06, 1.27840894493e-06, 1.07339860733e-06, 1.15183490834e-06, 1.31746401166e-06, 1.97172752792e-07],
        "min": [3.22692830285e-23, 1.27567533176e-23, 1.27807204896e-23, 6.33162718383e-24, 7.21042974961e-23, 5.57509332519e-23, 3.32318069288e-23, 6.52271280313e-23, 5.82168619545e-23, 9.02151870392e-23, 2.68021014575e-23, 1.3070746148e-22, 1.04249830337e-22, 1.41291690287e-22, 1.79757229602e-22, 1.35500693937e-22, 8.6278278873e-23, 2.41937353988e-22, 4.26919203054e-22, 3.48729783996e-22, 3.7675290014e-22, 5.49757694963e-22, 1.14247102454e-21, 8.11124099823e-22, 1.07639502538e-21, 1.60086065327e-21, 2.72767350828e-21],
        "var": [1.08493679818e-07, 0.000536788196769, 7.25204154151e-06, 2.13649968828e-06, 0.000183936906978, 2.74288668152e-05, 1.19647975225e-05, 5.23396181507e-07, 4.28194312008e-07, 4.03260216331e-08, 2.51902179116e-08, 1.94566549538e-08, 2.99221838418e-08, 2.89511365992e-08, 3.11576648926e-08, 7.15048420474e-09, 7.09910930041e-09, 1.70007865563e-08, 5.84805057713e-08, 1.07954754469e-07, 8.23329955324e-08, 5.96463110014e-08, 5.34242978745e-08, 5.19958902601e-08, 6.06119385793e-08, 8.15266218979e-08, 2.04173300489e-09]
    },
    "erbbands": {
        "dmean": [0.177238076925, 1.86561179161, 1.7374714613, 1.13348078728, 5.86050415039, 19.8305282593, 9.92035961151, 13.5609579086, 18.0329723358, 12.3898563385, 5.7332201004, 4.31420660019, 3.1052339077, 2.80929350853, 1.8215264082, 2.12768697739, 3.01454043388, 2.47436118126, 2.57176113129, 2.37445449829, 1.38164234161, 1.51246285439, 1.8866533041, 2.77532696724, 4.69622421265, 5.22016429901, 3.84758329391, 3.10365438461, 2.37826991081, 2.00101613998, 1.70949721336, 1.27069187164, 0.984646439552, 0.673180341721, 0.510097801685, 0.338287442923, 0.143894910812, 0.0306602027267, 0.0021498799324, 4.90795755468e-05],
        "dmean2": [0.300321787596, 3.02121686935, 2.98592495918, 2.02525639534, 9.02825832367, 27.3447761536, 16.2445430756, 20.4764633179, 28.0055503845, 21.0227661133, 9.4729681015, 7.16381883621, 5.32928466797, 4.73016166687, 3.18840956688, 3.42841410637, 4.81992959976, 4.07374048233, 4.53672647476, 4.19210290909, 2.24011349678, 2.35473895073, 2.83926701546, 4.1867518425, 7.32170009613, 8.09948730469, 5.95348739624, 4.51396226883, 3.37955594063, 2.803586483, 2.41225147247, 1.74766767025, 1.36040878296, 0.931201159954, 0.709668576717, 0.479457497597, 0.205466926098, 0.0442859530449, 0.0031421110034, 7.05421043676e-05],
        "dvar": [0.37601801753, 37.4975662231, 34.8731803894, 9.88606643677, 119.121620178, 1616.31213379, 564.547546387, 1334.73876953, 1670.5168457, 1242.33422852, 196.152313232, 173.343078613, 70.6905593872, 45.9441833496, 25.2756824493, 17.0011367798, 42.7038459778, 49.0119934082, 124.073860168, 113.265579224, 14.9488763809, 16.1079101562, 27.2202606201, 56.5734977722, 154.272216797, 222.770858765, 129.022033691, 93.4048690796, 55.9336624146, 39.4607391357, 30.6062145233, 15.8597192764, 9.65932369232, 4.42530107498, 2.74080300331, 1.25933670998, 0.222158536315, 0.00993695482612, 5.18692613696e-05, 1.54096237992e-08],
        "dvar2": [1.01397812366, 98.5696105957, 95.4788208008, 28.3004627228, 252.640563965, 2502.20019531, 1526.93103027, 2833.83129883, 3864.93969727, 3393.0090332, 519.480957031, 473.609832764, 200.109375, 130.236419678, 71.7789611816, 44.940372467, 101.874679565, 133.565414429, 352.326019287, 320.380706787, 38.3803825378, 38.4431762695, 59.0475158691, 124.472221375, 365.428253174, 547.975585938, 310.413909912, 223.134048462, 123.737625122, 82.7451934814, 67.6885910034, 32.4735946655, 19.9432735443, 8.96893310547, 5.87945079803, 2.82741856575, 0.506916224957, 0.0223596263677, 0.000119647484098, 3.47722988181e-08],
        "max": [4.82071638107, 45.4870796204, 46.8941764832, 43.5160636902, 138.587768555, 432.316101074, 259.051605225, 841.582458496, 458.093963623, 556.112915039, 234.579833984, 276.054321289, 133.946380615, 100.365211487, 102.842597961, 64.0996551514, 127.291946411, 102.831588745, 160.029800415, 158.235931396, 65.4771270752, 75.6135940552, 83.3982620239, 102.956520081, 146.772842407, 234.074691772, 148.443145752, 128.263641357, 94.3163757324, 88.5270004272, 59.9832229614, 50.6814155579, 36.8746032715, 24.1869850159, 20.6026000977, 15.091835022, 5.87986373901, 1.17527604103, 0.0877577140927, 0.00143751397263],
        "mean": [0.138464972377, 1.58449232578, 1.50630533695, 1.74277198315, 11.0166959763, 39.3929862976, 17.4124107361, 29.3953933716, 28.6938838959, 17.8562374115, 8.58826160431, 6.71202659607, 5.31289958954, 5.41682672501, 2.88955616951, 3.78431606293, 4.55958223343, 3.74138069153, 2.72842621803, 2.29713058472, 2.03258705139, 2.15616083145, 2.67881774902, 3.90448999405, 5.9425907135, 5.90312623978, 4.43894481659, 3.68419480324, 2.92544031143, 2.43702054024, 1.95655584335, 1.52581191063, 1.13816988468, 0.775422871113, 0.565776407719, 0.358158439398, 0.147686094046, 0.0312097258866, 0.00215894076973, 6.23266823823e-05],
        "median": [0.00283350399695, 0.0611015334725, 0.264430820942, 0.682730078697, 3.05208706856, 7.36503314972, 7.84059858322, 9.88434696198, 8.22852993011, 6.14689826965, 3.34400773048, 2.34696221352, 2.73817944527, 3.02319550514, 1.58786737919, 2.14681172371, 2.38801813126, 1.82103300095, 0.887310624123, 0.512423694134, 0.525979757309, 0.338772237301, 0.333060055971, 0.585787236691, 1.11460149288, 0.781813085079, 0.329299509525, 0.157363966107, 0.0905710980296, 0.0534382201731, 0.0348736159503, 0.0241577848792, 0.0174234136939, 0.0122718252242, 0.00857002846897, 0.00562227051705, 0.00239678472281, 0.000518123677466, 4.29865613114e-05, 1.45751946548e-05],
        "min": [3.9283672639e-22, 3.01404622324e-21, 1.45636811379e-20, 1.8898141475e-20, 5.02367013154e-20, 2.74264682638e-19, 6.18277337925e-19, 3.35857559175e-19, 3.82423588362e-19, 9.32995521065e-19, 1.41976835729e-18, 1.37666242461e-18, 2.50645072744e-18, 2.28829631654e-18, 1.96716081451e-18, 5.25834744933e-18, 5.10899585383e-18, 6.36176130513e-18, 1.02472772101e-17, 8.94024664263e-18, 5.91630179781e-18, 4.95055726571e-18, 1.00885520039e-17, 2.05710223047e-17, 1.66300757861e-17, 1.44519322166e-17, 1.57884956135e-17, 1.90479214079e-17, 2.232106682e-17, 1.76344484121e-17, 3.37958436631e-17, 1.56671895766e-17, 1.67459174678e-17, 1.0859499224e-17, 9.04072509882e-18, 6.2279540877e-18, 3.18518116457e-18, 1.56672267998e-18, 4.0706783205e-19, 3.15901148351e-20],
        "var": [0.280231356621, 30.8989048004, 24.8189315796, 13.3564167023, 330.527038574, 5615.12353516, 665.270019531, 3411.82397461, 3103.63061523, 1183.72692871, 231.646087646, 189.333755493, 74.7342758179, 55.5486488342, 20.807302475, 25.2640705109, 64.3273239136, 46.1015281677, 79.0175552368, 71.8790435791, 17.8445110321, 24.5106601715, 45.1038398743, 93.2402801514, 200.405105591, 249.839141846, 159.527877808, 122.039833069, 80.056602478, 59.1164627075, 41.158405304, 24.2846260071, 13.7857208252, 6.47749900818, 3.70036768913, 1.5533053875, 0.263012975454, 0.0117781832814, 5.83801447647e-05, 1.96339495773e-08]
    },
    "gfcc": {
        "mean": [-102.519569397, 107.137641907, -83.4386901855, 15.2464284897, -62.4288673401, -11.8087053299, -37.3655471802, -3.88511180878, -38.5055007935, 8.78415584564, -11.5104389191, 0.246009871364, -12.3043022156],
        "cov": [[21659.9648438, -1594.83178711, -190.877960205, 462.748840332, -476.70892334, -318.680786133, -376.4737854, -41.474647522, -85.1752166748, -95.7657470703, -276.854309082, 50.3557090759, -145.113052368], [-1594.83178711, 2324.11572266, -132.057678223, -456.290283203, 411.452667236, 87.8665161133, 398.086975098, -8.2087726593, 173.693618774, 103.514526367, 228.508911133, -169.534713745, 108.360916138], [-190.877960205, -132.057678223, 468.121246338, 282.507080078, 81.0401153564, 90.0313873291, 153.62159729, 113.420410156, 56.3117675781, 49.5895271301, 32.2350654602, 3.87597632408, -6.41185188293], [462.748840332, -456.290283203, 282.507080078, 388.173828125, 85.3376693726, 90.6842803955, 52.747253418, 86.8749160767, 3.72253918648, 16.4717712402, -9.68252468109, 37.3737716675, -15.604809761], [-476.70892334, 411.452667236, 81.0401153564, 85.3376693726, 316.374359131, 151.419967651, 147.626647949, 48.8370933533, 102.476776123, 65.4809799194, 76.1307830811, -10.221701622, 55.9539451599], [-318.680786133, 87.8665161133, 90.0313873291, 90.6842803955, 151.419967651, 160.970611572, 130.497283936, 62.742729187, 44.7827072144, 57.0578460693, 44.5753250122, 3.5752723217, 4.29179382324], [-376.4737854, 398.086975098, 153.62159729, 52.747253418, 147.626647949, 130.497283936, 252.394241333, 107.010002136, 71.4026031494, 73.7216491699, 85.7006988525, -28.4568195343, 2.95985865593], [-41.474647522, -8.2087726593, 113.420410156, 86.8749160767, 48.8370933533, 62.742729187, 107.010002136, 122.824211121, 72.2203216553, 46.2490119934, 19.2634792328, 8.22113037109, -6.94582223892], [-85.1752166748, 173.693618774, 56.3117675781, 3.72253918648, 102.476776123, 44.7827072144, 71.4026031494, 72.2203216553, 126.057060242, 64.396774292, 40.4437904358, -2.62276935577, 29.0666732788], [-95.7657470703, 103.514526367, 49.5895271301, 16.4717712402, 65.4809799194, 57.0578460693, 73.7216491699, 46.2490119934, 64.396774292, 92.9379882812, 58.8335647583, 3.48390197754, 3.45877981186], [-276.854309082, 228.508911133, 32.2350654602, -9.68252468109, 76.1307830811, 44.5753250122, 85.7006988525, 19.2634792328, 40.4437904358, 58.8335647583, 89.0782623291, 11.8724460602, 21.7373924255], [50.3557090759, -169.534713745, 3.87597632408, 37.3737716675, -10.221701622, 3.5752723217, -28.4568195343, 8.22113037109, -2.62276935577, 3.48390197754, 11.8724460602, 63.3037719727, 24.4755687714], [-145.113052368, 108.360916138, -6.41185188293, -15.604809761, 55.9539451599, 4.29179382324, 2.95985865593, -6.94582223892, 29.0666732788, 3.45877981186, 21.7373924255, 24.4755687714, 62.8933486938]],
        "icov": [[5.76784805162e-05, -1.6202488041e-05, 0.000161131363711, -0.00027938967105, 0.000151759435539, 0.000154357650899, -0.000232906415476, 0.000322788604535, -0.000305427180137, -9.63602651609e-05, 0.000273530895356, -0.000173375185113, 0.000128550731461], [-1.6202488041e-05, 0.00283872149885, -6.38718629489e-05, 0.00329411448911, -0.00365501292981, 0.00313094258308, -0.00351515016519, -0.000107529842353, 0.0010790732922, 0.000946423911955, -0.00319734145887, 0.00479925004765, -0.00223921448924], [0.000161131363711, -6.38718629489e-05, 0.00620389776304, -0.00576053513214, 0.00294535513967, 0.00100985076278, -0.00483292900026, 0.00323371682316, -0.0042550843209, -0.000130766406073, 0.000901756051462, 0.0005916673108, -0.000987903913483], [-0.00027938967105, 0.00329411448911, -0.00576053513214, 0.0138229755685, -0.00979315675795, 0.00228265137412, 0.00160014955327, -0.00825508311391, 0.0091891810298, 0.000482205941807, -0.00304769049399, 0.00224332581274, -9.09610889721e-07], [0.000151759435539, -0.00365501292981, 0.00294535513967, -0.00979315675795, 0.0185796059668, -0.0131694767624, 0.00193239573855, 0.00703086238354, -0.0113279484212, 0.002522011986, -0.000230963545619, 0.00100880744867, -0.0056436220184], [0.000154357650899, 0.00313094258308, 0.00100985076278, 0.00228265137412, -0.0131694767624, 0.02589119412, -0.0147722931579, 0.00293125142343, 0.00371524365619, -0.00769221456721, 0.00716482149437, -0.00661257794127, 0.00540262553841], [-0.000232906415476, -0.00351515016519, -0.00483292900026, 0.00160014955327, 0.00193239573855, -0.0147722931579, 0.0327209122479, -0.0255712196231, 0.0123335830867, 0.00325549440458, -0.0185326859355, 0.0150295775384, -0.00497445743531], [0.000322788604535, -0.000107529842353, 0.00323371682316, -0.00825508311391, 0.00703086238354, 0.00293125142343, -0.0255712196231, 0.0457310676575, -0.0287540834397, -0.00145483168308, 0.020000860095, -0.0227290671319, 0.0143116563559], [-0.000305427180137, 0.0010790732922, -0.0042550843209, 0.0091891810298, -0.0113279484212, 0.00371524365619, 0.0123335830867, -0.0287540834397, 0.0373820401728, -0.0128909619525, -0.00575724150985, 0.0142585588619, -0.0147756477818], [-9.63602651609e-05, 0.000946423911955, -0.000130766406073, 0.000482205941807, 0.002522011986, -0.00769221456721, 0.00325549440458, -0.00145483168308, -0.0128909619525, 0.0330135561526, -0.0217873752117, 0.00413414975628, 0.00628412468359], [0.000273530895356, -0.00319734145887, 0.000901756051462, -0.00304769049399, -0.000230963545619, 0.00716482149437, -0.0185326859355, 0.020000860095, -0.00575724150985, -0.0217873752117, 0.0490339510143, -0.0291696395725, 0.00653658714145], [-0.000173375185113, 0.00479925004765, 0.0005916673108, 0.00224332581274, 0.00100880744867, -0.00661257794127, 0.0150295775384, -0.0227290671319, 0.0142585588619, 0.00413414975628, -0.0291696395725, 0.055056810379, -0.0298768803477], [0.000128550731461, -0.00223921448924, -0.000987903913483, -9.09610889721e-07, -0.0056436220184, 0.00540262553841, -0.00497445743531, 0.0143116563559, -0.0147756477818, 0.00628412468359, 0.00653658714145, -0.0298768803477, 0.0422713048756]]
    },
    "melbands": {
        "dmean": [0.00198187446222, 0.00150752346963, 0.000256642204477, 0.00101776677184, 0.000413233297877, 0.000298560684314, 0.000268056930508, 0.000118279662274, 4.4342068577e-05, 2.73947935057e-05, 1.55410416482e-05, 1.149221589e-05, 6.67126096232e-06, 5.64828997085e-06, 5.5817890825e-06, 8.07391370472e-06, 4.53542634204e-06, 4.38066535935e-06, 4.52981066701e-06, 2.07959897125e-06, 1.56308010446e-06, 1.56812814112e-06, 1.69548798112e-06, 1.90473565453e-06, 2.29158990805e-06, 3.21466541209e-06, 3.80751566809e-06, 3.44541808772e-06, 2.58092927652e-06, 1.97218400899e-06, 1.77714571237e-06, 1.4068582459e-06, 1.14972851861e-06, 1.12698148769e-06, 1.00286865745e-06, 9.08820425138e-07, 7.39214215173e-07, 7.03837827132e-07, 6.28376994882e-07, 5.55597694074e-07],
        "dmean2": [0.00326497969218, 0.00246919179335, 0.000449503277196, 0.00144706293941, 0.00064046960324, 0.000455179659184, 0.000420931348344, 0.000202048482606, 7.1781425504e-05, 4.54278451798e-05, 2.66298575298e-05, 1.93254782062e-05, 1.15611255751e-05, 9.5011164376e-06, 8.7876805992e-06, 1.27981757032e-05, 7.61607316235e-06, 7.71827035351e-06, 8.13033057057e-06, 3.56037207894e-06, 2.56400153376e-06, 2.48961487159e-06, 2.6456825708e-06, 2.89783292828e-06, 3.51646463059e-06, 5.03165256305e-06, 6.10257029621e-06, 5.40938026461e-06, 4.08881487601e-06, 2.98824579659e-06, 2.66315441877e-06, 2.07030871024e-06, 1.62291439665e-06, 1.65032872701e-06, 1.46226898323e-06, 1.3242871546e-06, 1.04091361663e-06, 9.92019522528e-07, 8.88052340997e-07, 7.79007905294e-07],
        "dvar": [4.42180462414e-05, 2.42538590101e-05, 3.26289665509e-07, 3.67821326108e-06, 7.16188992556e-07, 5.68423729419e-07, 3.46062705603e-07, 1.15723175043e-07, 1.28684556344e-08, 7.18909687336e-09, 1.72405711929e-09, 7.74698583061e-10, 3.19859166931e-10, 1.52921342256e-10, 1.31855748542e-10, 3.25876881035e-10, 2.04600114628e-10, 3.4612204769e-10, 4.59944221598e-10, 7.19106163505e-11, 1.72486816497e-11, 1.8797116641e-11, 2.19040601629e-11, 2.87901300022e-11, 4.10191464129e-11, 7.33028221456e-11, 1.05454756039e-10, 1.04761373187e-10, 5.7056942504e-11, 3.55692732212e-11, 3.28655123949e-11, 2.16315177576e-11, 1.17866784041e-11, 1.40958685696e-11, 1.11598924546e-11, 8.61437917526e-12, 5.49706200698e-12, 5.10588229682e-12, 3.93323047743e-12, 3.11726902971e-12],
        "dvar2": [0.000117573756143, 6.3726438384e-05, 9.22865467601e-07, 6.30111435385e-06, 1.60510217029e-06, 1.23668473861e-06, 8.28468557756e-07, 3.17240790082e-07, 3.32797469582e-08, 1.97354133036e-08, 4.87509721481e-09, 2.20473972412e-09, 9.10563291434e-10, 4.30306706933e-10, 3.19531595627e-10, 7.81638365144e-10, 5.61278135081e-10, 9.8553243344e-10, 1.30449051561e-09, 2.0274909529e-10, 4.31451263605e-11, 4.67512313584e-11, 5.19586110248e-11, 6.73464201073e-11, 9.33105745449e-11, 1.72510603025e-10, 2.59060078944e-10, 2.60866023227e-10, 1.37872810391e-10, 8.37829181033e-11, 8.05886329891e-11, 4.95625138153e-11, 2.40657667405e-11, 3.11202764947e-11, 2.48736326675e-11, 1.93599233866e-11, 1.12373608682e-11, 1.0808527684e-11, 8.09501684434e-12, 6.44637511774e-12],
        "max": [0.0508413873613, 0.0355117768049, 0.00865980051458, 0.0209152810276, 0.0103857871145, 0.0166989602149, 0.00619301386178, 0.00505574746057, 0.00215439894237, 0.00191689038184, 0.00067012058571, 0.000383102858905, 0.000280662730802, 0.000211947379285, 0.000248714844929, 0.00032696488779, 0.000233586339164, 0.000269161682809, 0.000367672269931, 0.000211597012822, 8.22464426165e-05, 9.47181033553e-05, 7.183602429e-05, 9.19405792956e-05, 9.1741225333e-05, 0.000105391300167, 0.000118679679872, 0.00016019193572, 0.000101878737041, 7.67317833379e-05, 7.31146574253e-05, 6.25226530246e-05, 3.63134604413e-05, 5.70646698179e-05, 3.87822947232e-05, 3.02281750919e-05, 3.22742780554e-05, 2.58416093857e-05, 2.25398598559e-05, 2.00883514481e-05],
        "mean": [0.00162153143901, 0.00132440403104, 0.000389346649172, 0.00201131426729, 0.000806035590358, 0.000636971904896, 0.000428861967521, 0.000167230580701, 6.45595937385e-05, 4.38295828644e-05, 2.63391812041e-05, 2.18760997086e-05, 1.07195501187e-05, 9.93417870632e-06, 9.04078751773e-06, 1.13661653813e-05, 6.38464416625e-06, 4.52141694041e-06, 4.06802428188e-06, 2.25580242841e-06, 2.28071940001e-06, 2.1223463591e-06, 2.27524469665e-06, 2.55481768363e-06, 3.11137910103e-06, 4.10832217312e-06, 4.49582194051e-06, 3.77012224817e-06, 2.88224396172e-06, 2.35704351326e-06, 2.03803506338e-06, 1.68183987626e-06, 1.45322280787e-06, 1.32431352995e-06, 1.14672297968e-06, 1.0131060435e-06, 8.93660399015e-07, 7.99829990683e-07, 7.24621884274e-07, 6.28953614523e-07],
        "median": [4.37940907432e-05, 0.000127798353788, 0.000144325720612, 0.000424859608756, 0.00028730527265, 0.000234719045693, 0.000133450230351, 5.73444740439e-05, 1.91869985429e-05, 1.49058078023e-05, 1.31597171276e-05, 1.25039787235e-05, 5.7132033362e-06, 6.20923992756e-06, 3.91884213968e-06, 5.04436957272e-06, 2.58822251453e-06, 1.44205182551e-06, 8.09938910606e-07, 5.18297554208e-07, 5.69518363136e-07, 3.11676302545e-07, 2.79321227481e-07, 3.12816325732e-07, 4.51777736998e-07, 7.60571253977e-07, 8.03658281257e-07, 4.45970385954e-07, 2.21950543278e-07, 1.27417138174e-07, 7.84572833368e-08, 5.36833191234e-08, 3.71025343782e-08, 2.62921453498e-08, 2.08860395645e-08, 1.65202820313e-08, 1.39655726983e-08, 1.23691341614e-08, 1.08127053977e-08, 1.01977279954e-08],
        "min": [5.25800760777e-24, 6.73867546662e-24, 3.6202554546e-24, 1.03428515694e-23, 2.0852026572e-23, 8.05931145235e-24, 6.3544189531e-24, 1.09279244592e-23, 1.23390664566e-23, 7.94233047986e-24, 1.22923201371e-23, 9.19190508639e-24, 4.23640591424e-24, 1.60397226147e-23, 1.13788633851e-23, 1.02902550574e-23, 1.1899140029e-23, 1.59598977797e-23, 1.2888015039e-23, 1.00700516354e-23, 6.94498389258e-24, 4.44211953908e-24, 7.05495583593e-24, 1.24562612104e-23, 1.66173013259e-23, 1.92351946156e-23, 6.11762105315e-24, 1.06803893735e-23, 1.10773765243e-23, 9.87426503624e-24, 1.11338534431e-23, 1.40957973725e-23, 7.95134716e-24, 1.10834894075e-23, 1.90678677513e-23, 1.85274033679e-23, 6.6867392312e-24, 1.20798104756e-23, 9.77234578501e-24, 9.39170067671e-24],
        "var": [3.49228284904e-05, 1.97384979401e-05, 4.77699870771e-07, 1.22079045468e-05, 1.56290366249e-06, 1.40426993767e-06, 5.96430481892e-07, 1.06581786952e-07, 1.69449201337e-08, 7.83388109937e-09, 1.87879711788e-09, 8.8894025474e-10, 2.74189837501e-10, 1.71823458239e-10, 2.19533696777e-10, 4.80032402717e-10, 1.78762449288e-10, 2.19280815728e-10, 2.83224638187e-10, 4.97802389587e-11, 2.25400028503e-11, 2.58994249658e-11, 3.18328696736e-11, 4.30180856215e-11, 6.3681247775e-11, 9.76619757287e-11, 1.21685148069e-10, 1.11589661123e-10, 6.83563691761e-11, 4.7111165663e-11, 3.98307498095e-11, 2.8339462721e-11, 1.9131515816e-11, 1.89665054495e-11, 1.4607022189e-11, 1.12021503185e-11, 8.43139707357e-12, 6.95404758083e-12, 5.65164798641e-12, 4.39759643631e-12]
    },
    "mfcc": {
        "mean": [-752.818237305, 145.387405396, 21.3310470581, 28.8246707916, -9.39959526062, -4.05476093292, 3.43450737, -14.7941436768, -15.3803348541, -3.05580615997, -5.94776201248, -5.69717645645, -0.196231469512],
        "cov": [[14551.6669922, 103.349411011, -244.428985596, 430.174224854, -341.28213501, -291.475891113, -289.081237793, -242.954269409, -202.930923462, -147.197402954, -146.666671753, -106.915428162, -139.784500122], [103.349411011, 2765.78491211, -335.227325439, -125.271240234, -110.042007446, 109.229072571, 262.762084961, -67.1086654663, 29.5017986298, 238.484649658, 115.733169556, 45.0974960327, 119.986305237], [-244.428985596, -335.227325439, 410.266235352, 172.852050781, 18.7561435699, 25.7833347321, 71.3288650513, 75.7448654175, 45.7360420227, 41.075553894, 52.7730255127, 27.4359073639, 4.79441213608], [430.174224854, -125.271240234, 172.852050781, 244.110977173, 81.2714385986, 53.4542427063, 79.7346420288, 57.86353302, 41.7285270691, 40.520362854, 29.9424762726, 19.7454605103, 18.521900177], [-341.28213501, -110.042007446, 18.7561435699, 81.2714385986, 189.775588989, 102.106445312, 23.4771881104, 42.8894577026, 57.1647224426, 32.7345695496, 15.7324390411, 19.9014148712, 24.4023742676], [-291.475891113, 109.229072571, 25.7833347321, 53.4542427063, 102.106445312, 144.215164185, 114.17502594, 41.4511947632, 42.4454345703, 63.3378295898, 46.997505188, 31.1706981659, 34.4164924622], [-289.081237793, 262.762084961, 71.3288650513, 79.7346420288, 23.4771881104, 114.17502594, 195.354156494, 74.1258544922, 43.0802688599, 85.8606719971, 72.1748580933, 46.2632865906, 44.5433044434], [-242.954269409, -67.1086654663, 75.7448654175, 57.86353302, 42.8894577026, 41.4511947632, 74.1258544922, 99.1273117065, 65.9230804443, 38.2361564636, 34.8312187195, 33.8440475464, 23.6186447144], [-202.930923462, 29.5017986298, 45.7360420227, 41.7285270691, 57.1647224426, 42.4454345703, 43.0802688599, 65.9230804443, 99.1348190308, 75.1894683838, 42.160533905, 33.6556816101, 30.9980506897], [-147.197402954, 238.484649658, 41.075553894, 40.520362854, 32.7345695496, 63.3378295898, 85.8606719971, 38.2361564636, 75.1894683838, 128.710067749, 86.5973052979, 42.2977600098, 37.1661300659], [-146.666671753, 115.733169556, 52.7730255127, 29.9424762726, 15.7324390411, 46.997505188, 72.1748580933, 34.8312187195, 42.160533905, 86.5973052979, 97.8010101318, 54.1999855042, 26.8226394653], [-106.915428162, 45.0974960327, 27.4359073639, 19.7454605103, 19.9014148712, 31.1706981659, 46.2632865906, 33.8440475464, 33.6556816101, 42.2977600098, 54.1999855042, 64.8455200195, 41.5159950256], [-139.784500122, 119.986305237, 4.79441213608, 18.521900177, 24.4023742676, 34.4164924622, 44.5433044434, 23.6186447144, 30.9980506897, 37.1661300659, 26.8226394653, 41.5159950256, 64.4005355835]],
