{
"lowlevel": {
    "average_loudness": 0.923267245293,
    "barkbands_crest": {
        "dmean": 2.78984165192,
        "dmean2": 4.6369600296,
        "dvar": 7.76398944855,
        "dvar2": 21.1801662445,
        "max": 26.1202316284,
        "mean": 12.5543994904,
        "median": 12.0688199997,
        "min": 2.83023571968,
        "var": 16.6687927246
    },
    "barkbands_flatness_db": {
        "dmean": 0.0315416119993,
        "dmean2": 0.0482031963766,
        "dvar": 0.00095771899214,
        "dvar2": 0.00233556888998,
        "max": 0.434846848249,
        "mean": 0.183850482106,
        "median": 0.177625507116,
        "min": 0.0233578309417,
        "var": 0.00389085500501
    },
    "barkbands_kurtosis": {
        "dmean": 7.87879371643,
        "dmean2": 12.820145607,
        "dvar": 195.671951294,
        "dvar2": 505.358673096,
        "max": 252.606262207,
        "mean": 12.5899143219,
        "median": 7.71540212631,
        "min": -1.92996060848,
        "var": 291.968658447
    },
    "barkbands_skewness": {
        "dmean": 0.847927391529,
        "dmean2": 1.33293402195,
        "dvar": 0.979654431343,
        "dvar2": 2.44230389595,
        "max": 13.7796354294,
        "mean": 2.65594244003,
        "median": 2.39528822899,
        "min": -2.42578315735,
        "var": 2.33500576019
    },
    "barkbands_spread": {
        "dmean": 5.45349884033,
        "dmean2": 8.59561061859,
        "dvar": 73.12915802,
        "dvar2": 169.199707031,
        "max": 134.604919434,
        "mean": 14.324886322,
        "median": 10.2789106369,
        "min": 0.585015237331,
        "var": 204.721878052
    },
    "dissonance": {
        "dmean": 0.0229883175343,
        "dmean2": 0.0368929617107,
        "dvar": 0.000482966890559,
        "dvar2": 0.00117816007696,
        "max": 0.500000059605,
        "mean": 0.439058870077,
        "median": 0.445558726788,
        "min": 0.2100802809,
        "var": 0.00147803558502
    },
    "dynamic_complexity": 3.95293831825,
    "erbbands_crest": {
        "dmean": 1.99352407455,
        "dmean2": 3.06913471222,
        "dvar": 4.54220294952,
        "dvar2": 10.4104013443,
        "max": 27.0022525787,
        "mean": 8.25533676147,
        "median": 7.51894617081,
        "min": 2.06740760803,
        "var": 14.0039319992
    },
    "erbbands_flatness_db": {
        "dmean": 0.0227161925286,
        "dmean2": 0.0278641395271,
        "dvar": 0.000523652706761,
        "dvar2": 0.000795839761849,
        "max": 0.301359772682,
        "mean": 0.142323538661,
        "median": 0.146477684379,
        "min": 0.0360574051738,
        "var": 0.0028752295766
    },
    "erbbands_kurtosis": {
        "dmean": 1.04970467091,
        "dmean2": 1.59415709972,
        "dvar": 2.24262022972,
        "dvar2": 5.13661575317,
        "max": 28.1548061371,
        "mean": 0.841215193272,
        "median": 0.216292977333,
        "min": -1.80645227432,
        "var": 4.99638843536
    },
    "erbbands_skewness": {
        "dmean": 0.373941391706,
        "dmean2": 0.545386970043,
        "dvar": 0.149148538709,
        "dvar2": 0.325231581926,
        "max": 4.57027101517,
        "mean": 0.611740231514,
        "median": 0.570504307747,
        "min": -2.85495781898,
        "var": 0.582126557827
    },
    "erbbands_spread": {
        "dmean": 10.8358736038,
        "dmean2": 15.0163841248,
        "dvar": 196.824157715,
        "dvar2": 381.58102417,
        "max": 178.060073853,
        "mean": 42.8249320984,
        "median": 33.0391235352,
        "min": 5.62591075897,
        "var": 778.07824707
    },
    "hfc": {
        "dmean": 8.37901496887,
        "dmean2": 11.5851898193,
        "dvar": 238.760345459,
        "dvar2": 424.089080811,
        "max": 338.349884033,
        "mean": 21.5115566254,
        "median": 14.7400798798,
        "min": 1.04973951206e-16,
        "var": 572.412231445
    },
    "melbands_crest": {
        "dmean": 3.80386281013,
        "dmean2": 6.40046024323,
        "dvar": 14.228723526,
        "dvar2": 41.5059623718,
        "max": 38.8520278931,
        "mean": 18.0939445496,
        "median": 17.6935482025,
        "min": 1.23216831684,
        "var": 30.9639377594
    },
    "melbands_flatness_db": {
        "dmean": 0.0365251712501,
        "dmean2": 0.0566589608788,
        "dvar": 0.00133194588125,
        "dvar2": 0.00326032098383,
        "max": 0.584992170334,
        "mean": 0.289583623409,
        "median": 0.283632218838,
        "min": 0.000367042928701,
        "var": 0.00600831443444
    },
    "melbands_kurtosis": {
        "dmean": 19.4126091003,
        "dmean2": 31.7416191101,
        "dvar": 1296.24328613,
        "dvar2": 3293.62548828,
        "max": 651.384765625,
        "mean": 31.8050918579,
        "median": 17.6609516144,
        "min": -1.48031377792,
        "var": 1848.72155762
    },
    "melbands_skewness": {
        "dmean": 1.15764570236,
        "dmean2": 1.82974243164,
        "dvar": 2.1959540844,
        "dvar2": 5.38916110992,
        "max": 19.1071109772,
        "mean": 3.92140507698,
        "median": 3.35830688477,
        "min": -0.391075283289,
        "var": 5.34205627441
    },
    "melbands_spread": {
        "dmean": 4.07007884979,
        "dmean2": 6.60237932205,
        "dvar": 45.9017753601,
        "dvar2": 114.084663391,
        "max": 195.410827637,
        "mean": 10.5803251266,
        "median": 8.04446697235,
        "min": 0.460209786892,
        "var": 122.043907166
    },
    "pitch_salience": {
        "dmean": 0.0773073583841,
        "dmean2": 0.128287896514,
        "dvar": 0.00561866676435,
        "dvar2": 0.0157240889966,
        "max": 0.977910161018,
        "mean": 0.484603941441,
        "median": 0.484503209591,
        "min": 0.0385554507375,
        "var": 0.0135622201487
    },
    "silence_rate_20dB": {
        "dmean": 0,
        "dmean2": 0,
        "dvar": 0,
        "dvar2": 0,
        "max": 1,
        "mean": 1,
        "median": 1,
        "min": 1,
        "var": 0
    },
    "silence_rate_30dB": {
        "dmean": 0.100854113698,
        "dmean2": 0.20172201097,
        "dvar": 0.0906790792942,
        "dvar2": 0.181807845831,
        "max": 1,
        "mean": 0.847157716751,
        "median": 1,
        "min": 0,
        "var": 0.129464641213
    },
    "silence_rate_60dB": {
        "dmean": 0.00341646745801,
        "dmean2": 0.00683340150863,
        "dvar": 0.00340457563289,
        "dvar2": 0.00842584483325,
        "max": 1,
        "mean": 0.0525416769087,
        "median": 0,
        "min": 0,
        "var": 0.0497825741768
    },
    "spectral_centroid": {
        "dmean": 211.296264648,
        "dmean2": 318.103820801,
        "dvar": 99857.3203125,
        "dvar2": 215748.734375,
        "max": 11502.7255859,
        "mean": 839.749450684,
        "median": 660.546386719,
        "min": 142.769088745,
        "var": 449012.65625
    },
    "spectral_complexity": {
        "dmean": 3.30987358093,
        "dmean2": 5.05425739288,
        "dvar": 22.2333641052,
        "dvar2": 45.8031005859,
        "max": 52,
        "mean": 15.1118478775,
        "median": 14,
        "min": 0,
        "var": 72.7753982544
    },
    "spectral_decrease": {
        "dmean": 7.60037366376e-09,
        "dmean2": 1.26741044326e-08,
        "dvar": 2.06817996558e-16,
        "dvar2": 5.1662471747e-16,
        "max": 1.43948732202e-27,
        "mean": -1.57296984327e-08,
        "median": -1.12512443806e-08,
        "min": -1.11211313936e-07,
        "var": 2.48785964465e-16
    },
    "spectral_energy": {
        "dmean": 0.0291190203279,
        "dmean2": 0.0483892075717,
        "dvar": 0.00303404661827,
        "dvar2": 0.00753332581371,
        "max": 0.428270488977,
        "mean": 0.0613185316324,
        "median": 0.0439246632159,
        "min": 1.00246591969e-20,
        "var": 0.00371556170285
    },
    "spectral_energyband_high": {
        "dmean": 0.000667976622935,
        "dmean2": 0.000851118587889,
        "dvar": 2.4840826427e-06,
        "dvar2": 4.19812431574e-06,
        "max": 0.0433493964374,
        "mean": 0.000985557329841,
        "median": 0.000178083864739,
        "min": 7.00623836758e-21,
        "var": 5.33837874173e-06
    },
    "spectral_energyband_low": {
        "dmean": 0.0265241451561,
        "dmean2": 0.0450222417712,
        "dvar": 0.00280271051452,
        "dvar2": 0.00710722012445,
        "max": 0.387578636408,
        "mean": 0.0416990928352,
        "median": 0.0240373276174,
        "min": 1.98347399476e-23,
        "var": 0.00302470312454
    },
    "spectral_energyband_middle_high": {
        "dmean": 0.00121985725127,
        "dmean2": 0.00188235810492,
        "dvar": 3.95470578951e-06,
        "dvar2": 9.34044601308e-06,
        "max": 0.0373552404344,
        "mean": 0.00328538101166,
        "median": 0.00212335959077,
        "min": 1.3571799293e-21,
        "var": 1.40455331348e-05
    },
    "spectral_energyband_middle_low": {
        "dmean": 0.00520422309637,
        "dmean2": 0.00816117413342,
        "dvar": 6.22649822617e-05,
        "dvar2": 0.000159992996487,
        "max": 0.139848306775,
        "mean": 0.0165906064212,
        "median": 0.013877524063,
        "min": 1.5786881335e-22,
        "var": 0.000163423930644
    },
    "spectral_entropy": {
        "dmean": 0.260506898165,
        "dmean2": 0.328989326954,
        "dvar": 0.082295499742,
        "dvar2": 0.137497708201,
        "max": 9.81629753113,
        "mean": 7.16496562958,
        "median": 7.10522079468,
        "min": 5.11078071594,
        "var": 0.487199217081
    },
    "spectral_flux": {
        "dmean": 0.0486342944205,
        "dmean2": 0.0776435285807,
        "dvar": 0.00480610923842,
        "dvar2": 0.011268616654,
        "max": 0.59644728899,
        "mean": 0.102421663702,
        "median": 0.0744337886572,
        "min": 6.59690010951e-11,
        "var": 0.00838613044471
    },
    "spectral_kurtosis": {
        "dmean": 3.25335454941,
        "dmean2": 4.74268007278,
        "dvar": 22.2872867584,
        "dvar2": 46.2665061951,
        "max": 92.4322738647,
        "mean": 8.49054050446,
        "median": 6.02041387558,
        "min": -1.24858701229,
        "var": 83.8584747314
    },
    "spectral_rms": {
        "dmean": 0.00150896667037,
        "dmean2": 0.0024501690641,
        "dvar": 5.29690305484e-06,
        "dvar2": 1.24070193124e-05,
        "max": 0.0204407647252,
        "mean": 0.00695129903033,
        "median": 0.00654624542221,
        "min": 3.12732392066e-12,
        "var": 1.1502605048e-05
    },
    "spectral_rolloff": {
        "dmean": 337.168762207,
        "dmean2": 591.212585449,
        "dvar": 816290.625,
        "dvar2": 1960706.25,
        "max": 20327.34375,
        "mean": 701.788879395,
        "median": 366.064453125,
        "min": 21.533203125,
        "var": 1881429
    },
    "spectral_skewness": {
        "dmean": 0.384442955256,
        "dmean2": 0.531605958939,
        "dvar": 0.184240698814,
        "dvar2": 0.349900275469,
        "max": 7.79908037186,
        "mean": 2.20441412926,
        "median": 2.07818818092,
        "min": -0.0689488500357,
        "var": 1.04898428917
    },
    "spectral_spread": {
        "dmean": 969893.125,
        "dmean2": 1218577.625,
        "dvar": 1.15903561728e+12,
        "dvar2": 2.03891448218e+12,
        "max": 42507052,
        "mean": 5167958.5,
        "median": 4591022,
        "min": 941325.875,
        "var": 6.62851498803e+12
    },
    "spectral_strongpeak": {
        "dmean": 0.265053778887,
        "dmean2": 0.457206845284,
        "dvar": 0.218698367476,
        "dvar2": 0.562950193882,
        "max": 8.14267444611,
        "mean": 0.61056625843,
        "median": 0.491829246283,
        "min": 0,
        "var": 0.348962664604
    },
    "zerocrossingrate": {
        "dmean": 0.010091890581,
        "dmean2": 0.0124187730253,
        "dvar": 0.000181612660526,
        "dvar2": 0.00023455140763,
        "max": 0.87255859375,
        "mean": 0.0388060472906,
        "median": 0.02880859375,
        "min": 0,
        "var": 0.00172613165341
    },
    "barkbands": {
        "dmean": [0.00257621658966, 0.0205524861813, 0.00512890843675, 0.00150919193402, 0.00264017563313, 0.00158539623953, 0.000673342496157, 0.000523055903614, 0.000543524802197, 0.000223538838327, 0.000228611243074, 0.000267705589067, 0.000288882787572, 0.000258727843175, 0.000176840621862, 8.86578782229e-05, 6.87372594257e-05, 0.000112664070912, 0.000107920946903, 9.67894520727e-05, 0.000133171488415, 9.59812969086e-05, 9.9899538327e-05, 0.000131426160806, 0.000106982290163, 8.70024814503e-05, 3.23287094943e-05],
        "dmean2": [0.00456286687404, 0.034893669188, 0.00881349015981, 0.00250698649324, 0.0044149546884, 0.00244871503673, 0.00100082159042, 0.000795385509264, 0.000763870833907, 0.000338761834428, 0.000336667522788, 0.000400403165258, 0.000448349193903, 0.000390071916627, 0.000283842906356, 0.000139834301081, 0.000113130408863, 0.0001892993605, 0.000185440891073, 0.00014944699069, 0.000199197485927, 0.000131645108922, 0.000129500971525, 0.000167130419868, 0.000143069410115, 0.000118781732453, 4.6780154662e-05],
        "dvar": [2.47299285547e-05, 0.001747685601, 0.000124742902699, 1.06441075332e-05, 1.96121582121e-05, 8.51011100167e-06, 2.0870611479e-06, 1.48458184412e-06, 1.35191521622e-06, 2.36088496308e-07, 1.84605781328e-07, 3.36053744832e-07, 6.09934716067e-07, 3.51018030642e-07, 3.33010859777e-07, 3.28404077266e-08, 2.28224426024e-08, 5.70703519998e-08, 8.28957738008e-08, 6.27429059818e-08, 1.94805494402e-07, 8.86140867351e-08, 7.14304988492e-08, 1.43816009768e-07, 9.61330570703e-08, 3.57228593373e-08, 6.37814867588e-09],
        "dvar2": [7.08258667146e-05, 0.00438461685553, 0.000345361186191, 2.84422476398e-05, 5.47131239728e-05, 1.9906397938e-05, 4.11366863773e-06, 3.41948953064e-06, 2.48374612966e-06, 4.85709904297e-07, 3.72942508875e-07, 6.52493724829e-07, 1.3650691244e-06, 7.56962322157e-07, 7.9551006138e-07, 7.50093320789e-08, 6.04738588095e-08, 1.51693470229e-07, 2.26322512731e-07, 1.55842855065e-07, 4.38133838543e-07, 1.9604944157e-07, 1.31178737206e-07, 2.74209270401e-07, 1.77982400373e-07, 6.13038011466e-08, 1.33707356298e-08],
        "max": [0.0481839738786, 0.310671687126, 0.131126374006, 0.0494544878602, 0.065256908536, 0.0588228106499, 0.0442403294146, 0.0289778430015, 0.0298628564924, 0.0149076469243, 0.0135834012181, 0.0262918882072, 0.0235995128751, 0.0142655763775, 0.0201432742178, 0.00669807288796, 0.00251918518916, 0.00474322261289, 0.0087605798617, 0.00848577450961, 0.0147832194343, 0.00833404343575, 0.00392504082993, 0.0202216506004, 0.0115378275514, 0.0023848481942, 0.00165558536537],
        "mean": [0.00259683211334, 0.0282993111759, 0.00963455159217, 0.00269106402993, 0.00556975230575, 0.00376446312293, 0.00165202782955, 0.00119010463823, 0.00156547164079, 0.000480281072669, 0.000516925181728, 0.00058164348593, 0.000457341840956, 0.000463724107249, 0.000248896511039, 0.000149777115439, 0.000107876374386, 0.000156181704369, 0.000140646312502, 0.000146542821312, 0.000188565187273, 0.000124197089463, 0.000124528451124, 0.000178468748345, 0.000151825297507, 0.000104209459096, 3.34250689775e-05],
        "median": [0.000478382105939, 0.0116744721308, 0.00610825698823, 0.00124449632131, 0.00353914126754, 0.00176827725954, 0.000613055075519, 0.000370453490177, 0.000426511396654, 0.000170068233274, 0.000200794922421, 0.000195825617993, 0.000136220187414, 0.000110872089863, 5.7095719967e-05, 4.75780107081e-05, 3.31428673235e-05, 5.11482794536e-05, 3.51749476977e-05, 5.1222708862e-05, 2.63977854047e-05, 1.0527053746e-05, 1.09231123133e-05, 2.12357736018e-05, 1.71005303855e-05, 7.90794547356e-06, 9.78672005658e-07],
        "min": [1.21372018814e-24, 3.43230579405e-24, 1.77888410229e-24, 3.21645017899e-24, 7.76078045341e-24, 8.77261683779e-24, 2.18435837091e-23, 6.04932542028e-24, 2.84307268845e-23, 1.6090411661e-23, 8.85408960322e-24, 4.85692603221e-23, 5.25333494797e-23, 3.3117062377e-23, 1.03512352675e-22, 7.2220720744e-23, 1.04764552611e-22, 1.13722440532e-22, 1.53412165754e-22, 2.36909167199e-22, 2.80043728087e-22, 4.14430563047e-22, 5.40545263716e-22, 5.89231133457e-22, 9.16866903065e-22, 1.35650744116e-21, 1.84033347957e-21],
        "var": [2.37759577431e-05, 0.00191984034609, 0.000140571952215, 1.47586270032e-05, 3.91783287341e-05, 2.76334776572e-05, 8.1878652054e-06, 4.58469185105e-06, 8.32541354612e-06, 8.45582349029e-07, 6.47928686703e-07, 1.85336318737e-06, 1.06367394892e-06, 9.05209503799e-07, 5.27324630184e-07, 7.73307959889e-08, 3.29671934196e-08, 7.61054934628e-08, 1.18046116881e-07, 8.02472470696e-08, 2.81979055217e-07, 1.29273800553e-07, 1.25235871451e-07, 2.68781292334e-07, 2.03721768344e-07, 6.52721752203e-08, 8.62077431663e-09]
    },
    "erbbands": {
        "dmean": [0.951330244541, 3.56347179413, 6.33031845093, 4.84567785263, 6.42885255814, 10.1967630386, 12.1223192215, 14.0005521774, 9.06448841095, 10.7162513733, 10.3861722946, 11.0567579269, 9.63897228241, 8.21754741669, 8.310505867, 8.83795452118, 12.5135736465, 14.0103559494, 9.16858863831, 6.3262219429, 4.66686630249, 3.91462397575, 5.90674304962, 6.2015542984, 4.51119232178, 4.68189811707, 5.33001756668, 4.65067243576, 3.39170122147, 3.45861077309, 2.83023619652, 2.8750731945, 2.06078219414, 1.37513363361, 0.696362793446, 0.380979895592, 0.158190444112, 0.0505787357688, 0.00517152901739, 9.8217606137e-05],
        "dmean2": [1.65832543373, 5.89792537689, 10.8046646118, 8.20389842987, 10.6100082397, 17.2471733093, 19.4672603607, 21.7677841187, 13.6060552597, 16.189453125, 15.3831882477, 15.8717212677, 13.8207492828, 12.072385788, 12.6177215576, 13.4279499054, 19.3003826141, 20.9941806793, 14.3957481384, 10.1174221039, 7.36560678482, 6.38835000992, 9.81942081451, 10.7995004654, 7.34103441238, 7.332862854, 8.11249446869, 6.89968204498, 4.75009012222, 4.64806175232, 3.66004920006, 3.69359540939, 2.69919133186, 1.8268995285, 0.954526603222, 0.536562263966, 0.213639736176, 0.0696196183562, 0.00749155133963, 0.000140913718496],
        "dvar": [3.62831258774, 60.2661018372, 193.23840332, 115.921699524, 133.536346436, 368.78213501, 424.602172852, 921.406188965, 370.219451904, 494.127166748, 570.818603516, 628.422729492, 377.728210449, 264.886047363, 268.505096436, 371.56539917, 1099.15014648, 1187.06787109, 520.892028809, 299.53793335, 98.9599151611, 72.419593811, 148.345916748, 284.929046631, 112.173217773, 173.018005371, 229.620040894, 326.82244873, 132.572769165, 95.8166122437, 56.3222503662, 51.7746315002, 52.5595092773, 21.005645752, 3.27385687828, 0.609104096889, 0.138605624437, 0.014903685078, 0.000169751554495, 4.60190641149e-08],
        "dvar2": [9.77579116821, 153.222991943, 532.490966797, 319.109436035, 362.403167725, 1043.2286377, 1043.36486816, 2220.60473633, 748.979370117, 1070.38867188, 1271.07763672, 1238.84143066, 701.495788574, 545.028625488, 566.026000977, 756.593933105, 2439.30419922, 2499.36450195, 1249.21520996, 703.627075195, 238.330337524, 189.819366455, 387.430053711, 790.342285156, 297.348510742, 436.081207275, 550.576904297, 700.600097656, 304.525115967, 199.230941772, 102.670440674, 90.438911438, 110.549781799, 41.0005645752, 6.29516601562, 1.11190021038, 0.244003623724, 0.0271972287446, 0.000366152526112, 9.49337035649e-08],
        "max": [16.395772934, 70.8572311401, 154.862701416, 144.237060547, 223.490005493, 265.560943604, 503.28036499, 721.045043945, 794.585510254, 704.188049316, 690.791503906, 680.563049316, 547.571105957, 627.600341797, 667.65612793, 954.666809082, 1003.82653809, 765.145080566, 539.159240723, 605.37701416, 400.391082764, 150.777770996, 302.407958984, 427.191101074, 168.787628174, 508.175323486, 551.434997559, 671.49395752, 357.936004639, 156.21635437, 131.369750977, 146.04145813, 506.66116333, 196.247879028, 58.6619262695, 13.4458656311, 5.28013038635, 2.12875437737, 0.271282434464, 0.00382458860986],
        "mean": [1.0457918644, 5.38517332077, 12.0426034927, 9.1824798584, 12.9780225754, 19.7340221405, 25.6868152618, 32.8378105164, 23.2201919556, 26.7347888947, 26.590303421, 30.2787342072, 26.5581092834, 19.5192775726, 19.4180240631, 18.6402339935, 21.0438194275, 25.5692882538, 15.8328733444, 10.0469503403, 8.4026889801, 6.40704059601, 8.53614807129, 8.10422515869, 6.48313760757, 6.869784832, 7.93311214447, 6.3871088028, 4.50679159164, 4.0458946228, 3.56070947647, 3.86931920052, 2.7633523941, 1.93814373016, 0.941435992718, 0.467130243778, 0.186605155468, 0.0565178319812, 0.00536727905273, 0.000148300154251],
        "median": [0.267871677876, 2.55123662949, 8.23352050781, 6.06611633301, 7.94664478302, 10.6773662567, 14.203289032, 13.1616954803, 10.3954982758, 11.3160734177, 9.455286026, 9.63824367523, 9.62116622925, 8.56737709045, 8.20566940308, 7.35732555389, 7.48459720612, 7.44891643524, 4.84456014633, 3.39560031891, 2.88599848747, 2.20075273514, 2.8914937973, 2.13534498215, 2.16456413269, 2.32231497765, 1.41708779335, 0.782548725605, 0.44769474864, 0.316324174404, 0.315874278545, 0.401305168867, 0.340351164341, 0.214467555285, 0.102696448565, 0.0480722934008, 0.0110294297338, 0.00209124665707, 0.000188606412848, 6.33728486719e-05],
        "min": [6.94287716064e-23, 4.92590649101e-22, 3.01834348306e-21, 8.46656030776e-21, 2.246086815e-20, 1.64148806526e-20, 4.01404158708e-20, 9.55096985701e-20, 2.94833278202e-19, 2.95629775584e-19, 1.75899556594e-19, 5.65200621836e-19, 5.48733265298e-19, 9.41685570388e-19, 8.36443639546e-19, 1.83941393584e-18, 2.26173306553e-18, 3.14301625323e-18, 4.21237425603e-18, 4.78937946899e-18, 4.67984462587e-18, 6.3445001137e-18, 6.18644285584e-18, 6.61022402727e-18, 9.65648496425e-18, 1.07987998835e-17, 1.14708551799e-17, 1.1022986509e-17, 1.42402004496e-17, 1.27943516046e-17, 1.70685294873e-17, 1.11249547175e-17, 9.63232880882e-18, 1.01366831622e-17, 6.14108730209e-18, 4.36151657484e-18, 2.33171089099e-18, 9.68011213767e-19, 2.64278854886e-19, 2.53310717845e-20],
        "var": [3.53193473816, 64.7197570801, 203.70803833, 119.176300049, 224.404693604, 681.552856445, 1096.10339355, 2907.05126953, 1334.44348145, 1789.41882324, 2281.32397461, 2792.17919922, 2297.39404297, 900.552612305, 1167.04614258, 1622.60522461, 1973.07397461, 3014.29443359, 1013.56365967, 546.531555176, 205.798736572, 107.122833252, 219.81211853, 358.998687744, 137.148727417, 201.807952881, 389.99206543, 437.844085693, 175.983566284, 143.452133179, 101.215301514, 104.319343567, 86.3616409302, 40.2748832703, 6.67552947998, 1.14431405067, 0.241378292441, 0.024118181318, 0.000220296118641, 6.73805544693e-08]
    },
    "gfcc": {
        "mean": [-14.7466392517, 111.3516922, -73.3750762939, 23.6691379547, -45.7671546936, 17.8354530334, -31.2222499847, 10.7214488983, -25.3358650208, 7.44869709015, -10.9562530518, -0.895771145821, -8.56369113922],
        "cov": [[16287.0068359, -622.810668945, -192.573043823, 270.825500488, -167.868835449, -171.788009644, -39.721370697, 67.9672164917, 28.7427616119, 217.582733154, 76.7979431152, -21.4835681915, -78.7785263062], [-622.810668945, 2051.97998047, -443.083374023, -527.04107666, 247.213562012, -185.513320923, 30.4881668091, -155.427841187, 27.3609161377, -187.169128418, 101.627586365, -214.122467041, 108.024673462], [-192.573043823, -443.083374023, 957.840454102, 68.6462173462, 16.2556915283, 174.459243774, -4.20117998123, 23.7285346985, -26.8933429718, 1.5027217865, -57.6419487, 91.394744873, -32.7516212463], [270.825500488, -527.04107666, 68.6462173462, 516.057861328, -49.5093383789, 41.9498291016, 63.984375, 32.5610656738, 19.9348583221, 34.1630554199, -38.0829277039, 35.4952774048, -3.95796489716], [-167.868835449, 247.213562012, 16.2556915283, -49.5093383789, 243.123275757, -5.52174949646, 52.0666427612, 7.26303052902, 63.6175231934, -15.6670408249, 11.9816541672, 14.641412735, -3.25621199608], [-171.788009644, -185.513320923, 174.459243774, 41.9498291016, -5.52174949646, 156.502716064, 26.8675174713, 19.6407566071, -3.27174758911, 25.8031406403, -18.9222698212, 26.5362510681, -10.9371366501], [-39.721370697, 30.4881668091, -4.20117998123, 63.984375, 52.0666427612, 26.8675174713, 167.532119751, 4.76193284988, 44.490234375, 3.55747413635, 3.61660504341, 19.902671814, -6.01475954056], [67.9672164917, -155.427841187, 23.7285346985, 32.5610656738, 7.26303052902, 19.6407566071, 4.76193284988, 131.486953735, 15.0093507767, 37.1002731323, 7.0779299736, 19.5503349304, -2.29220581055], [28.7427616119, 27.3609161377, -26.8933429718, 19.9348583221, 63.6175231934, -3.27174758911, 44.490234375, 15.0093507767, 116.683479309, 19.7360019684, 4.17912721634, 16.4422740936, 0.517736375332], [217.582733154, -187.169128418, 1.5027217865, 34.1630554199, -15.6670408249, 25.8031406403, 3.55747413635, 37.1002731323, 19.7360019684, 107.628494263, 20.5297145844, 16.9858417511, -2.53337001801], [76.7979431152, 101.627586365, -57.6419487, -38.0829277039, 11.9816541672, -18.9222698212, 3.61660504341, 7.0779299736, 4.17912721634, 20.5297145844, 75.3653106689, 1.93485105038, 7.10500192642], [-21.4835681915, -214.122467041, 91.394744873, 35.4952774048, 14.641412735, 26.5362510681, 19.902671814, 19.5503349304, 16.4422740936, 16.9858417511, 1.93485105038, 104.80821991, -10.9342498779], [-78.7785263062, 108.024673462, -32.7516212463, -3.95796489716, -3.25621199608, -10.9371366501, -6.01475954056, -2.29220581055, 0.517736375332, -2.53337001801, 7.10500192642, -10.9342498779, 68.4668426514]],
        "icov": [[6.60175355733e-05, 1.08966905827e-05, -5.44450176676e-06, -2.74224912573e-05, 2.75607199001e-05, 0.000110338303784, 2.03541139854e-06, 1.388419264e-06, -1.29901645778e-05, -0.000122193407151, -5.19182285643e-05, 4.88034274895e-05, 8.2498692791e-05], [1.08966905827e-05, 0.00178916519508, 0.000230341858696, 0.00121554429643, -0.00131387799047, 0.000362918479368, -0.000761124189012, 0.000936392811127, -0.000329704489559, 0.00206536613405, -0.00181046838406, 0.00265034916811, -0.00197986280546], [-5.44450176676e-06, 0.000230341858696, 0.00151106831618, 9.68672757153e-05, -0.000452957989182, -0.00143801548984, 0.000293611490633, 8.76994236023e-05, 0.000347996683558, 0.000559188716579, 0.000433972803876, -0.0006789091276, 8.16033605133e-07], [-2.74224912573e-05, 0.00121554429643, 9.68672757153e-05, 0.00318287685513, -0.000222560367547, 0.000202259412617, -0.00152424187399, 0.000266103772447, -0.000450257939519, 0.000853608478792, 0.000114725502499, 0.00129912106786, -0.00159177707974], [2.75607199001e-05, -0.00131387799047, -0.000452957989182, -0.000222560367547, 0.00641484139487, 4.0095364966e-05, -0.000656598829664, -0.00109616701957, -0.00255676638335, -0.000180463073775, 0.000495813030284, -0.00218635797501, 0.00170431029983], [0.000110338303784, 0.000362918479368, -0.00143801548984, 0.000202259412617, 4.0095364966e-05, 0.00936409365386, -0.00187953864224, -0.000343409861671, 0.000808538985439, -0.0021399052348, 0.00140107679181, 0.000187981917406, -1.35633206355e-06], [2.03541139854e-06, -0.000761124189012, 0.000293611490633, -0.00152424187399, -0.000656598829664, -0.00187953864224, 0.00799507461488, -1.28241117636e-05, -0.00197702343576, -3.1750270864e-05, -0.000237535728957, -0.00177892274223, 0.00138034415431], [1.388419264e-06, 0.000936392811127, 8.76994236023e-05, 0.000266103772447, -0.00109616701957, -0.000343409861671, -1.28241117636e-05, 0.00919644441456, -0.000611307157669, -0.00144908227958, -0.00132356048562, 0.00051970948698, -0.00104735256173], [-1.29901645778e-05, -0.000329704489559, 0.000347996683558, -0.000450257939519, -0.00255676638335, 0.000808538985439, -0.00197702343576, -0.000611307157669, 0.0117172971368, -0.00287436041981, 0.0014458487276, -0.00159909855574, -0.000141274227644], [-0.000122193407151, 0.00206536613405, 0.000559188716579, 0.000853608478792, -0.000180463073775, -0.0021399052348, -3.1750270864e-05, -0.00144908227958, -0.00287436041981, 0.0151232667267, -0.00600622873753, 0.00217029638588, -0.00193294510245], [-5.19182285643e-05, -0.00181046838406, 0.000433972803876, 0.000114725502499, 0.000495813030284, 0.00140107679181, -0.000237535728957, -0.00132356048562, 0.0014458487276, -0.00600622873753, 0.0181708745658, -0.00379878142849, 0.00046771185589], [4.88034274895e-05, 0.00265034916811, -0.0006789091276, 0.00129912106786, -0.00218635797501, 0.000187981917406, -0.00177892274223, 0.00051970948698, -0.00159909855574, 0.00217029638588, -0.00379878142849, 0.0154148461297, -0.00163958931807], [8.2498692791e-05, -0.00197986280546, 8.16033605133e-07, -0.00159177707974, 0.00170431029983, -1.35633206355e-06, 0.00138034415431, -0.00104735256173, -0.000141274227644, -0.00193294510245, 0.00046771185589, -0.00163958931807, 0.0175188686699]]
    },
    "melbands": {
        "dmean": [0.00673891510814, 0.00361592578702, 0.0008696388104, 0.000585158588365, 0.000426039507147, 0.000300091312965, 0.000143079058034, 0.000120864657219, 8.4239327407e-05, 7.52533014747e-05, 4.87341676489e-05, 3.30753027811e-05, 2.55135346379e-05, 2.87390430458e-05, 2.29242850764e-05, 3.5764194763e-05, 2.57975952991e-05, 1.522103139e-05, 1.52355860337e-05, 6.31770808468e-06, 5.27865495314e-06, 4.29619012721e-06, 4.44761735707e-06, 5.82065513299e-06, 5.21552874488e-06, 3.77401238438e-06, 3.206699148e-06, 3.26459371536e-06, 3.28227974933e-06, 3.56901205123e-06, 2.47337698056e-06, 2.02691330742e-06, 1.83602469406e-06, 1.9683584469e-06, 1.66001530033e-06, 1.7016949414e-06, 1.78771381343e-06, 1.47821958763e-06, 1.32693241994e-06, 1.14987278721e-06],
        "dmean2": [0.0115977311507, 0.00606980361044, 0.00145849387627, 0.000979980104603, 0.000696686387528, 0.000465095683467, 0.000212936822209, 0.000182695192052, 0.000123102858197, 0.000107259118522, 6.9800640631e-05, 4.86510398332e-05, 3.85798375646e-05, 4.33976856584e-05, 3.47676577803e-05, 5.4481854022e-05, 3.88691369153e-05, 2.38575430558e-05, 2.42519272433e-05, 1.00080897028e-05, 8.47595856612e-06, 7.04017702446e-06, 7.27546148482e-06, 9.85896804195e-06, 9.15828240977e-06, 6.35636979496e-06, 5.00673468196e-06, 5.26548546986e-06, 5.13664235768e-06, 5.36329753231e-06, 3.81904328606e-06, 3.00966803479e-06, 2.48440233008e-06, 2.70320879281e-06, 2.17867705032e-06, 2.28186172535e-06, 2.35435209106e-06, 1.98457087208e-06, 1.80619940693e-06, 1.55693646775e-06],
        "dvar": [0.000184141521459, 6.28100169706e-05, 3.15737770507e-06, 1.02919500478e-06, 5.26851522409e-07, 3.77788154537e-07, 8.27643589218e-08, 6.32526138133e-08, 3.8016843007e-08, 2.96249211829e-08, 9.79400205381e-09, 4.28292690202e-09, 2.2437633973e-09, 3.90191878807e-09, 4.10364320302e-09, 1.09719380248e-08, 4.02008426548e-09, 1.42562872618e-09, 2.98520430597e-09, 1.78155407093e-10, 1.45855591493e-10, 9.75359723543e-11, 7.94734208998e-11, 1.72694802902e-10, 2.18474696667e-10, 8.65590654708e-11, 6.2907741516e-11, 8.66703583902e-11, 7.83855480524e-11, 1.68313113447e-10, 1.04418161617e-10, 6.32669680534e-11, 2.52545623303e-11, 3.24812156338e-11, 2.0903596562e-11, 1.92917695707e-11, 2.08413824393e-11, 3.84812182119e-11, 2.21909140369e-11, 1.61728026804e-11],
        "dvar2": [0.000474001659313, 0.000167350444826, 8.65780566528e-06, 2.90099046651e-06, 1.36526921324e-06, 9.01567318579e-07, 1.65686557807e-07, 1.38889120649e-07, 7.93385126485e-08, 5.67139473162e-08, 1.81564274726e-08, 8.82130990476e-09, 4.85347984025e-09, 8.03632627111e-09, 7.58764961972e-09, 2.3832502194e-08, 8.49822345828e-09, 3.37272232365e-09, 6.97318158771e-09, 4.01659344673e-10, 3.54695356419e-10, 2.58520010954e-10, 1.98982164079e-10, 4.6111700569e-10, 6.04199079657e-10, 2.30480676211e-10, 1.59767352126e-10, 2.21431456504e-10, 1.93602189835e-10, 3.9914865857e-10, 2.26883414833e-10, 1.55340823538e-10, 5.24608481656e-11, 6.8171877865e-11, 3.89361771991e-11, 3.79203474177e-11, 3.82933719456e-11, 9.41441230529e-11, 4.57467570769e-11, 3.13942934149e-11],
        "max": [0.111422039568, 0.0735080316663, 0.0211470387876, 0.0162912346423, 0.0144405066967, 0.0142677072436, 0.0102129373699, 0.00615842174739, 0.0063686016947, 0.00470133544877, 0.002761045238, 0.00244706775993, 0.00190537422895, 0.00295865442604, 0.00351267703809, 0.00324938958511, 0.00129179982468, 0.00116939540021, 0.00202857935801, 0.000687858788297, 0.000502330134623, 0.000200838359888, 0.000242077629082, 0.000334181793733, 0.000407649000408, 0.000281430373434, 0.000241310888669, 0.000320729217492, 0.000291268050205, 0.000473061489174, 0.000336609315127, 0.00027582643088, 6.71934394632e-05, 8.57646009536e-05, 7.10677486495e-05, 8.46007023938e-05, 9.72867201199e-05, 0.000479056150652, 0.000274338730378, 0.000173958498635],
        "mean": [0.00842988397926, 0.00663502933457, 0.00176766689401, 0.00117918208707, 0.000909645110369, 0.000716321577784, 0.000370041379938, 0.000298421946354, 0.000214061976294, 0.000207321645576, 0.000130124593852, 7.56459339755e-05, 5.91357966186e-05, 6.68085776852e-05, 3.86383690056e-05, 5.85651760048e-05, 4.52162203146e-05, 2.53853449976e-05, 2.18024124479e-05, 9.99899748422e-06, 8.97815607459e-06, 6.59476563669e-06, 6.62192042e-06, 7.64203014114e-06, 6.49590219837e-06, 5.08077027916e-06, 4.5583242354e-06, 4.50496781923e-06, 4.88331716042e-06, 4.70015538667e-06, 3.31256114805e-06, 2.62303365162e-06, 2.21061281991e-06, 2.24745031119e-06, 2.04325169761e-06, 2.11970859709e-06, 2.42556711783e-06, 1.9366957531e-06, 1.78390041583e-06, 1.58334853495e-06],
        "median": [0.00286233797669, 0.00450861733407, 0.00131637277082, 0.000773639476392, 0.000524301780388, 0.000313151278533, 0.000158885435667, 0.000119151285617, 6.71378365951e-05, 5.96923200646e-05, 4.24673708039e-05, 3.16530931741e-05, 2.60205524683e-05, 2.37341628235e-05, 9.57947850111e-06, 1.44574969454e-05, 1.07520345409e-05, 6.57929194858e-06, 4.6309546633e-06, 2.92547520075e-06, 2.66212100541e-06, 1.93691585082e-06, 2.20892070502e-06, 2.25826488531e-06, 1.46592901729e-06, 1.33655942136e-06, 1.5310612298e-06, 1.34686922593e-06, 8.98956272977e-07, 5.66993264783e-07, 3.51230340812e-07, 2.44007253514e-07, 1.5627904304e-07, 1.71290636786e-07, 1.65204184555e-07, 1.9966569198e-07, 2.54559779478e-07, 2.22508333536e-07, 2.21798060807e-07, 1.61978704227e-07],
        "min": [1.09685369908e-24, 8.33254447093e-25, 2.10754544629e-24, 2.02842427522e-24, 1.11054980351e-24, 2.49564706507e-24, 4.47632139249e-24, 2.63610670748e-24, 1.43795271715e-24, 3.94561442964e-24, 2.58647453755e-24, 3.92997881207e-24, 1.8807357087e-24, 4.87529055632e-24, 1.95959004757e-24, 5.47885276807e-24, 3.7589691506e-24, 5.74617445745e-24, 8.96864325071e-24, 3.48532158562e-24, 5.68243607403e-24, 5.18120844878e-24, 5.25370594926e-24, 5.26329060926e-24, 4.97565338498e-24, 5.8720790245e-24, 4.88408280553e-24, 6.47473365178e-24, 6.04218031264e-24, 6.82974709154e-24, 5.97111301698e-24, 7.14376579664e-24, 7.42078219212e-24, 6.62267504823e-24, 9.14168620116e-24, 7.50469411547e-24, 5.62030065597e-24, 5.74351205189e-24, 8.69522406096e-24, 7.71456345955e-24],
        "var": [0.000194827574887, 6.50048095849e-05, 3.41271379511e-06, 1.76816467956e-06, 1.26188308514e-06, 1.21511811813e-06, 3.19600246712e-07, 2.28089177767e-07, 1.94095150619e-07, 1.41205745763e-07, 5.93576174879e-08, 1.42693741267e-08, 8.12329581379e-09, 2.46120599456e-08, 1.53214543275e-08, 2.07121164664e-08, 9.97905935662e-09, 2.98390090414e-09, 4.96934760008e-09, 4.57545085153e-10, 2.70684807901e-10, 1.35389727207e-10, 1.33442992767e-10, 2.22317317333e-10, 2.8524757556e-10, 1.33114894107e-10, 7.42349098859e-11, 9.65517318874e-11, 1.43264011765e-10, 2.13324385934e-10, 1.36290645436e-10, 7.08461483923e-11, 4.06059387503e-11, 4.61699879717e-11, 3.56846288629e-11, 3.34147466641e-11, 4.09388772882e-11, 4.83425591224e-11, 3.80590003957e-11, 2.96329349947e-11]
    },
    "mfcc": {
        "mean": [-673.031433105, 150.560577393, 29.5808200836, 20.8979377747, 11.7103528976, 7.373524189, 11.8140707016, 0.685340166092, 0.936911821365, 4.70730733871, -0.352937936783, 3.26720643044, -2.55955696106],
        "cov": [[12316.9599609, -387.145202637, -268.643585205, 413.105285645, -159.070220947, -123.246170044, -43.5561752319, -140.006851196, -66.108039856, 185.591827393, 86.9468994141, 93.3254241943, -42.0306282043], [-387.145202637, 2343.35791016, -421.088653564, -288.611328125, 65.6500320435, -124.749847412, 29.8666801453, -62.1336708069, -73.0769882202, -9.2142457962, -68.3663711548, -48.8127708435, -52.3115463257], [-268.643585205, -421.088653564, 779.323059082, 14.2094297409, 76.8326721191, 108.558555603, 52.1423530579, 42.6989860535, 33.4901123047, -35.5828781128, -5.03104019165, -26.3890628815, 17.0859451294], [413.105285645, -288.611328125, 14.2094297409, 316.229766846, 4.9986615181, 58.5135574341, 6.07761096954, 43.1657485962, 39.4793319702, 14.523516655, 7.44024753571, 20.8948898315, 12.4075174332], [-159.070220947, 65.6500320435, 76.8326721191, 4.9986615181, 175.224731445, 3.82049942017, -1.23428595066, 20.6794013977, 12.8408727646, 9.878657341, -2.39167928696, -7.71377849579, 11.1888237], [-123.246170044, -124.749847412, 108.558555603, 58.5135574341, 3.82049942017, 182.88470459, 10.2849826813, 45.2973861694, 36.6110229492, -8.91304302216, 16.5436782837, 11.2331619263, 11.9245281219], [-43.5561752319, 29.8666801453, 52.1423530579, 6.07761096954, -1.23428595066, 10.2849826813, 112.035041809, 10.5592126846, 7.41972494125, 3.42426323891, 11.5059957504, -1.03858447075, -7.31446838379], [-140.006851196, -62.1336708069, 42.6989860535, 43.1657485962, 20.6794013977, 45.2973861694, 10.5592126846, 133.005615234, 32.5022621155, -6.39621257782, 10.0535011292, 15.0137987137, 24.2673168182], [-66.108039856, -73.0769882202, 33.4901123047, 39.4793319702, 12.8408727646, 36.6110229492, 7.41972494125, 32.5022621155, 96.9949188232, 19.638250351, 8.10306835175, 11.2976512909, 9.43818473816], [185.591827393, -9.2142457962, -35.5828781128, 14.523516655, 9.878657341, -8.91304302216, 3.42426323891, -6.39621257782, 19.638250351, 92.3573303223, 22.4210548401, 0.0928338393569, 5.59400415421], [86.9468994141, -68.3663711548, -5.03104019165, 7.44024753571, -2.39167928696, 16.5436782837, 11.5059957504, 10.0535011292, 8.10306835175, 22.4210548401, 87.9283828735, 17.8566322327, 6.08991670609], [93.3254241943, -48.8127708435, -26.3890628815, 20.8948898315, -7.71377849579, 11.2331619263, -1.03858447075, 15.0137987137, 11.2976512909, 0.0928338393569, 17.8566322327, 68.786529541, 20.7023334503], [-42.0306282043, -52.3115463257, 17.0859451294, 12.4075174332, 11.1888237, 11.9245281219, -7.31446838379, 24.2673168182, 9.43818473816, 5.59400415421, 6.08991670609, 20.7023334503, 83.3122024536]],
