{
"lowlevel": {
    "average_loudness": 0.919399023056,
    "barkbands_crest": {
        "dmean": 2.44465899467,
        "dmean2": 4.03558635712,
        "dvar": 6.95093488693,
        "dvar2": 19.6634025574,
        "max": 25.0330028534,
        "mean": 10.6444358826,
        "median": 9.8011932373,
        "min": 2.76995825768,
        "var": 16.5255527496
    },
    "barkbands_flatness_db": {
        "dmean": 0.0277349166572,
        "dmean2": 0.0393519587815,
        "dvar": 0.00124762102496,
        "dvar2": 0.00235975673422,
        "max": 0.530762255192,
        "mean": 0.232823997736,
        "median": 0.228891581297,
        "min": 0.0282887294888,
        "var": 0.0111284852028
    },
    "barkbands_kurtosis": {
        "dmean": 4.49030828476,
        "dmean2": 7.26860427856,
        "dvar": 115.221031189,
        "dvar2": 279.168304443,
        "max": 269.200134277,
        "mean": 8.30537414551,
        "median": 4.7113237381,
        "min": -1.70377624035,
        "var": 150.438613892
    },
    "barkbands_skewness": {
        "dmean": 0.572882056236,
        "dmean2": 0.893674135208,
        "dvar": 0.620993375778,
        "dvar2": 1.42983925343,
        "max": 10.7127609253,
        "mean": 1.469145298,
        "median": 1.40163505077,
        "min": -2.4501721859,
        "var": 2.57930231094
    },
    "barkbands_spread": {
        "dmean": 3.75017547607,
        "dmean2": 5.81682157516,
        "dvar": 58.4895782471,
        "dvar2": 138.26210022,
        "max": 105.299301147,
        "mean": 11.4206151962,
        "median": 6.15645456314,
        "min": 0.393142163754,
        "var": 202.813644409
    },
    "dissonance": {
        "dmean": 0.0298923105001,
        "dmean2": 0.049593616277,
        "dvar": 0.000985136604868,
        "dvar2": 0.00262707285583,
        "max": 0.499923676252,
        "mean": 0.430965989828,
        "median": 0.438626527786,
        "min": 0.196962147951,
        "var": 0.0023477205541
    },
    "dynamic_complexity": 6.57676792145,
    "erbbands_crest": {
        "dmean": 1.84297430515,
        "dmean2": 2.88007473946,
        "dvar": 3.98945140839,
        "dvar2": 9.28320217133,
        "max": 28.2589511871,
        "mean": 10.2112483978,
        "median": 9.01863574982,
        "min": 2.66910147667,
        "var": 25.6079444885
    },
    "erbbands_flatness_db": {
        "dmean": 0.0258231908083,
        "dmean2": 0.0316776074469,
        "dvar": 0.00131428113673,
        "dvar2": 0.00196978799067,
        "max": 0.386883437634,
        "mean": 0.210683688521,
        "median": 0.218064144254,
        "min": 0.0349898003042,
        "var": 0.00880907662213
    },
    "erbbands_kurtosis": {
        "dmean": 1.90242981911,
        "dmean2": 2.94589591026,
        "dvar": 9.55309772491,
        "dvar2": 24.8962268829,
        "max": 80.1804656982,
        "mean": 6.38893413544,
        "median": 1.31598424911,
        "min": -1.7126339674,
        "var": 155.006469727
    },
    "erbbands_skewness": {
        "dmean": 0.38219088316,
        "dmean2": 0.590118169785,
        "dvar": 0.188624963164,
        "dvar2": 0.438925892115,
        "max": 6.85770702362,
        "mean": 1.1833486557,
        "median": 0.976955711842,
        "min": -1.425385952,
        "var": 1.72541534901
    },
    "erbbands_spread": {
        "dmean": 6.7532081604,
        "dmean2": 9.49156951904,
        "dvar": 121.90574646,
        "dvar2": 224.697891235,
        "max": 150.587982178,
        "mean": 26.0454292297,
        "median": 19.2791881561,
        "min": 1.70529544353,
        "var": 543.315185547
    },
    "hfc": {
        "dmean": 6.62040615082,
        "dmean2": 9.11660480499,
        "dvar": 502.133483887,
        "dvar2": 847.242797852,
        "max": 764.075805664,
        "mean": 16.5771179199,
        "median": 11.6241369247,
        "min": 1.06822600613e-16,
        "var": 1285.65893555
    },
    "melbands_crest": {
        "dmean": 2.85697460175,
        "dmean2": 4.75332307816,
        "dvar": 9.56952953339,
        "dvar2": 27.1553001404,
        "max": 31.0989742279,
        "mean": 12.7734479904,
        "median": 12.623128891,
        "min": 1.63373124599,
        "var": 25.1430549622
    },
    "melbands_flatness_db": {
        "dmean": 0.0317264907062,
        "dmean2": 0.0459384843707,
        "dvar": 0.00175028911326,
        "dvar2": 0.00351877324283,
        "max": 0.692245841026,
        "mean": 0.330180227757,
        "median": 0.33974263072,
        "min": 0.00360077922232,
        "var": 0.019626211375
    },
    "melbands_kurtosis": {
        "dmean": 7.50776100159,
        "dmean2": 12.085474968,
        "dvar": 305.507324219,
        "dvar2": 776.64630127,
        "max": 280.616973877,
        "mean": 13.5000333786,
        "median": 6.46447277069,
        "min": -1.54058969021,
        "var": 406.978027344
    },
    "melbands_skewness": {
        "dmean": 0.643095195293,
        "dmean2": 0.981206357479,
        "dvar": 0.954466640949,
        "dvar2": 2.20872020721,
        "max": 13.4351968765,
        "mean": 2.09547972679,
        "median": 1.73769533634,
        "min": -0.569215893745,
        "var": 3.12181544304
    },
    "melbands_spread": {
        "dmean": 3.93508720398,
        "dmean2": 6.19008159637,
        "dvar": 113.366508484,
        "dvar2": 269.436157227,
        "max": 177.420944214,
        "mean": 17.3342514038,
        "median": 6.08753347397,
        "min": 0.433728158474,
        "var": 1153.47424316
    },
    "pitch_salience": {
        "dmean": 0.0672322139144,
        "dmean2": 0.110790625215,
        "dvar": 0.00569043587893,
        "dvar2": 0.0159240607172,
        "max": 0.887384057045,
        "mean": 0.604269623756,
        "median": 0.610520243645,
        "min": 0.138284564018,
        "var": 0.0130603099242
    },
    "silence_rate_20dB": {
        "dmean": 0,
        "dmean2": 0,
        "dvar": 0,
        "dvar2": 0,
        "max": 1,
        "mean": 1,
        "median": 1,
        "min": 1,
        "var": 0
    },
    "silence_rate_30dB": {
        "dmean": 0.0540540553629,
        "dmean2": 0.108181200922,
        "dvar": 0.051132388413,
        "dvar2": 0.0978305414319,
        "max": 1,
        "mean": 0.935854136944,
        "median": 1,
        "min": 0,
        "var": 0.0600302927196
    },
    "silence_rate_60dB": {
        "dmean": 0.00810810830444,
        "dmean2": 0.0162271801382,
        "dvar": 0.00804242212325,
        "dvar2": 0.0173160247505,
        "max": 1,
        "mean": 0.212694123387,
        "median": 0,
        "min": 0,
        "var": 0.167459011078
    },
    "spectral_centroid": {
        "dmean": 143.781417847,
        "dmean2": 224.974700928,
        "dvar": 150737.4375,
        "dvar2": 311836.15625,
        "max": 11535.1611328,
        "mean": 1161.26745605,
        "median": 424.299499512,
        "min": 126.230880737,
        "var": 5940431.5
    },
    "spectral_complexity": {
        "dmean": 2.19189190865,
        "dmean2": 3.20216369629,
        "dvar": 13.9334554672,
        "dvar2": 26.5668201447,
        "max": 51,
        "mean": 10.2673864365,
        "median": 11,
        "min": 0,
        "var": 61.9260749817
    },
    "spectral_decrease": {
        "dmean": 4.80703965522e-09,
        "dmean2": 8.01095456637e-09,
        "dvar": 1.41885390499e-16,
        "dvar2": 3.71623900086e-16,
        "max": 1.83915993927e-28,
        "mean": -1.13656914991e-08,
        "median": -1.0134345807e-08,
        "min": -1.04815320867e-07,
        "var": 1.62685025672e-16
    },
    "spectral_energy": {
        "dmean": 0.0185469388962,
        "dmean2": 0.0307566579431,
        "dvar": 0.00207789917476,
        "dvar2": 0.00541936093941,
        "max": 0.402435600758,
        "mean": 0.0444003082812,
        "median": 0.0402063466609,
        "min": 1.01337581804e-20,
        "var": 0.00242002285086
    },
    "spectral_energyband_high": {
        "dmean": 0.000389286346035,
        "dmean2": 0.000518108252436,
        "dvar": 3.43431770489e-06,
        "dvar2": 5.46497176401e-06,
        "max": 0.0680613070726,
        "mean": 0.000595183344558,
        "median": 6.48482318866e-06,
        "min": 7.08747412764e-21,
        "var": 9.91388515104e-06
    },
    "spectral_energyband_low": {
        "dmean": 0.0148216504604,
        "dmean2": 0.0256589129567,
        "dvar": 0.00168892601505,
        "dvar2": 0.00449667032808,
        "max": 0.347605973482,
        "mean": 0.0203991290182,
        "median": 0.00801730249077,
        "min": 8.51210104587e-24,
        "var": 0.00151803100016
    },
    "spectral_energyband_middle_high": {
        "dmean": 0.000878760532942,
        "dmean2": 0.00135348795447,
        "dvar": 3.18256934406e-06,
        "dvar2": 7.83142331784e-06,
        "max": 0.021206073463,
        "mean": 0.00183533644304,
        "median": 0.000864344590809,
        "min": 1.1572830303e-21,
        "var": 6.1001942413e-06
    },
    "spectral_energyband_middle_low": {
        "dmean": 0.00647320877761,
        "dmean2": 0.0102190906182,
        "dvar": 0.000198288005777,
        "dvar2": 0.000531589786988,
        "max": 0.197100818157,
        "mean": 0.0237784348428,
        "median": 0.0215771496296,
        "min": 1.43895600229e-22,
        "var": 0.000427008490078
    },
    "spectral_entropy": {
        "dmean": 0.246921122074,
        "dmean2": 0.326776623726,
        "dvar": 0.111686512828,
        "dvar2": 0.185040518641,
        "max": 9.82326412201,
        "mean": 6.67619276047,
        "median": 6.48821115494,
        "min": 4.69241714478,
        "var": 1.48306143284
    },
    "spectral_flux": {
        "dmean": 0.032196521759,
        "dmean2": 0.0516485571861,
        "dvar": 0.00365597684868,
        "dvar2": 0.00797063298523,
        "max": 0.578060567379,
        "mean": 0.0764598473907,
        "median": 0.056014303118,
        "min": 6.43839009884e-11,
        "var": 0.00705285230651
    },
    "spectral_kurtosis": {
        "dmean": 10.8473787308,
        "dmean2": 17.437292099,
        "dvar": 271.094940186,
        "dvar2": 588.907226562,
        "max": 155.760559082,
        "mean": 26.3106651306,
        "median": 15.2489833832,
        "min": -1.3460650444,
        "var": 827.500244141
    },
    "spectral_rms": {
        "dmean": 0.001010885695,
        "dmean2": 0.00162006251048,
        "dvar": 3.729811624e-06,
        "dvar2": 9.17965917324e-06,
        "max": 0.0198146440089,
        "mean": 0.00553045468405,
        "median": 0.00626304280013,
        "min": 3.14429537095e-12,
        "var": 1.27315452119e-05
    },
    "spectral_rolloff": {
        "dmean": 309.451049805,
        "dmean2": 509.88369751,
        "dvar": 1648931,
        "dvar2": 3593370.5,
        "max": 19659.8144531,
        "mean": 2006.50256348,
        "median": 409.130859375,
        "min": 86.1328125,
        "var": 23048068
    },
    "spectral_skewness": {
        "dmean": 0.737961173058,
        "dmean2": 1.1543148756,
        "dvar": 0.923493504524,
        "dvar2": 2.00307703018,
        "max": 9.91109085083,
        "mean": 3.4901971817,
        "median": 3.23133587837,
        "min": -0.0811616405845,
        "var": 4.2493019104
    },
    "spectral_spread": {
        "dmean": 934427.3125,
        "dmean2": 1314624,
        "dvar": 3.44732650701e+12,
        "dvar2": 7.0980599808e+12,
        "max": 51839996,
        "mean": 5719131,
        "median": 2760067.25,
        "min": 593913.5,
        "var": 7.87792464445e+13
    },
    "spectral_strongpeak": {
        "dmean": 0.24465508759,
        "dmean2": 0.421611905098,
        "dvar": 0.194582283497,
        "dvar2": 0.509031772614,
        "max": 8.08475017548,
        "mean": 0.687817871571,
        "median": 0.5093075037,
        "min": 0,
        "var": 0.468155801296
    },
    "zerocrossingrate": {
        "dmean": 0.0106900604442,
        "dmean2": 0.0129894698039,
        "dvar": 0.000502490089275,
        "dvar2": 0.000567219976801,
        "max": 0.88330078125,
        "mean": 0.0714938044548,
        "median": 0.0205078125,
        "min": 0.00341796875,
        "var": 0.0194253381342
    },
    "barkbands": {
        "dmean": [0.000521023350302, 0.0128147089854, 0.00237491191365, 0.00230639148504, 0.00387140037492, 0.00164187280461, 0.000789789250121, 0.000430138141382, 0.000271825236268, 0.00022399770387, 0.000172931060661, 0.000170441577211, 0.000156402602443, 0.000184634249308, 8.18952685222e-05, 4.05109931307e-05, 2.98631402984e-05, 3.62315076927e-05, 3.21893858199e-05, 3.81239078706e-05, 4.84866613988e-05, 4.05277241953e-05, 4.17247247242e-05, 7.04033518559e-05, 5.4328898841e-05, 8.88218928594e-05, 7.44266944821e-05],
        "dmean2": [0.00090558611555, 0.0223925150931, 0.00418168958277, 0.00373558653519, 0.00614598533139, 0.00245105964132, 0.00121950241737, 0.00068589480361, 0.00039435637882, 0.000340600847267, 0.000258330168435, 0.000274183432339, 0.000255217077211, 0.000308722694172, 0.000133088266011, 6.68999637128e-05, 4.82037066831e-05, 5.793325181e-05, 5.00986316183e-05, 6.17659388809e-05, 6.6194406827e-05, 5.57702260267e-05, 5.70911979594e-05, 9.72091438598e-05, 7.50702747609e-05, 0.000124254278489, 0.000115350616397],
        "dvar": [1.63042784607e-06, 0.00129646610003, 4.56811649201e-05, 1.26651912069e-05, 0.000115728813398, 6.63441096549e-06, 1.61849811775e-06, 8.12102598502e-07, 3.39772839197e-07, 2.34439653468e-07, 1.91477028011e-07, 1.76773042426e-07, 1.54202226099e-07, 2.94153949199e-07, 4.04641014029e-08, 1.08744089289e-08, 7.02063740476e-09, 1.37999585093e-08, 1.19678800203e-08, 2.06547543513e-08, 5.25583558897e-08, 2.16549977949e-08, 2.64315733745e-08, 1.10117852614e-07, 5.855663332e-08, 2.81494266119e-07, 2.29725046097e-07],
        "dvar2": [4.35892980022e-06, 0.00349496514536, 0.000129236694193, 3.48557514371e-05, 0.000307734095259, 1.50642590597e-05, 3.70588304577e-06, 2.0577945179e-06, 7.36090385089e-07, 4.68070027182e-07, 3.89754887919e-07, 4.44361063501e-07, 4.20442603399e-07, 7.80946265877e-07, 1.06170496394e-07, 2.73797926553e-08, 1.83048580737e-08, 3.37749099799e-08, 2.67954956001e-08, 5.4627061985e-08, 9.11022866035e-08, 3.78572764248e-08, 4.11363814123e-08, 1.8304625371e-07, 9.69086713098e-08, 4.77828052681e-07, 5.14999328516e-07],
        "max": [0.0134813664481, 0.313725441694, 0.096438370645, 0.0381530448794, 0.152328580618, 0.0461439751089, 0.0255419854075, 0.0177542343736, 0.00842246320099, 0.00788551662117, 0.00691349385306, 0.00665876967832, 0.0064409323968, 0.00991056486964, 0.00222650030628, 0.00132050435059, 0.000982869765721, 0.00130543194246, 0.00173659971915, 0.00312160374597, 0.00779420183972, 0.00407206453383, 0.00559797976166, 0.0127213411033, 0.00856350176036, 0.0193191543221, 0.0137821184471],
        "mean": [0.000503620016389, 0.0146362967789, 0.00307170161977, 0.00517696421593, 0.00761484494433, 0.00676417956129, 0.00262457784265, 0.000980942626484, 0.000584265508223, 0.000446786725661, 0.00033764768159, 0.000279489613604, 0.000222202172154, 0.00024038500851, 0.000123056845041, 5.07122240379e-05, 3.55518168362e-05, 4.24283789471e-05, 3.9993221435e-05, 5.06913966092e-05, 7.24189885659e-05, 6.90830856911e-05, 6.14873351878e-05, 0.000107274514448, 8.49341668072e-05, 0.00010576916975, 7.30929459678e-05],
        "median": [4.08585983678e-05, 0.00437624240294, 0.00105453305878, 0.00301430653781, 0.00449102791026, 0.00414374051616, 0.00149113847874, 0.000396626681322, 0.000157834787387, 7.573098992e-05, 4.94247033203e-05, 7.06051287125e-05, 6.98798103258e-05, 4.96519023727e-05, 2.89183117275e-05, 8.67121525516e-06, 3.39691473528e-06, 4.16484135712e-06, 2.62109597315e-06, 2.0375848635e-06, 1.47285209096e-06, 8.90784860985e-07, 5.29572275809e-07, 5.47199704215e-07, 3.64980479617e-07, 1.88692865777e-07, 3.53525955177e-08],
        "min": [3.5882309559e-25, 8.80162285885e-25, 1.0871915335e-24, 9.0444372037e-25, 7.38509649135e-24, 7.32885544197e-24, 5.76677753214e-24, 3.33307221977e-24, 1.06915217786e-23, 1.28475377971e-23, 2.21099946586e-23, 1.88278158001e-23, 2.36450911589e-23, 2.86832949028e-23, 4.82248026302e-23, 3.7926220357e-23, 7.80683573077e-23, 8.64699215859e-23, 8.42252147246e-23, 1.30755588307e-22, 2.73139566958e-22, 3.10418482766e-22, 3.79534108147e-22, 5.81226606028e-22, 8.2720449295e-22, 1.25439092421e-21, 1.96241087848e-21],
        "var": [1.51937683768e-06, 0.0010875595035, 3.58674551535e-05, 3.7045814679e-05, 0.000127080711536, 6.45780964987e-05, 1.28170186144e-05, 2.44965008278e-06, 9.08502840957e-07, 6.98051337622e-07, 5.47490628833e-07, 3.05606761231e-07, 1.6397409297e-07, 2.93001335194e-07, 5.29799386584e-08, 1.25609052049e-08, 7.31410798593e-09, 1.59424722312e-08, 1.79876131767e-08, 3.56546365765e-08, 1.22790410728e-07, 8.23613461876e-08, 8.48428243216e-08, 3.80337752404e-07, 2.2174774017e-07, 5.37595894912e-07, 2.93327673262e-07]
    },
    "erbbands": {
        "dmean": [0.42099070549, 2.71107816696, 3.10237050056, 4.77166604996, 13.3326807022, 11.6631469727, 12.4973516464, 14.3375196457, 11.2228965759, 10.5222101212, 9.12473964691, 6.79898166656, 4.59809350967, 7.45494174957, 7.31251430511, 5.32322883606, 6.46422863007, 8.79883575439, 6.59491586685, 3.34597635269, 2.02057266235, 1.57532155514, 1.87094807625, 1.5575401783, 1.87957513332, 1.73215448856, 1.65238142014, 2.03882336617, 1.55844724178, 1.10601937771, 1.32120287418, 1.44287872314, 1.12691950798, 0.588970065117, 0.406025707722, 0.202141791582, 0.209671199322, 0.104949064553, 0.0116711230949, 0.000169280741829],
        "dmean2": [0.736143767834, 4.74950504303, 5.50127458572, 7.82013082504, 21.0835227966, 19.2262268066, 18.9626846313, 21.3831672668, 17.1984996796, 16.4405555725, 14.5307397842, 9.75389194489, 7.09862136841, 11.1092023849, 11.1258144379, 8.68183422089, 10.6314659119, 14.3720903397, 10.7802724838, 5.29820346832, 3.40232253075, 2.55658817291, 3.01302838326, 2.31485486031, 2.93337583542, 2.78824782372, 2.26383829117, 2.76435089111, 2.06989264488, 1.51323342323, 1.85733640194, 2.06672906876, 1.56028485298, 0.860883831978, 0.561588406563, 0.303171813488, 0.30470380187, 0.156387403607, 0.018464718014, 0.000263622467173],
        "dvar": [1.43345761299, 58.0555534363, 89.5878829956, 62.2420806885, 1057.38842773, 1204.72375488, 581.666442871, 558.843933105, 284.015716553, 442.240356445, 375.64944458, 215.333084106, 108.917633057, 249.043289185, 268.366821289, 148.841766357, 252.373550415, 739.223876953, 290.011627197, 62.4897537231, 31.8294124603, 22.802116394, 35.5476341248, 26.6781654358, 46.9583129883, 37.6343841553, 51.2470741272, 83.2909317017, 29.3801841736, 16.7608108521, 28.9265155792, 44.2114715576, 26.8634967804, 6.54219102859, 4.61129331589, 1.30614233017, 1.94771146774, 0.365655183792, 0.00685003492981, 1.07363962343e-06],
        "dvar2": [3.86358261108, 157.393814087, 251.591217041, 170.529098511, 2815.18261719, 3277.52783203, 1445.49108887, 1212.6784668, 641.563354492, 1078.20471191, 940.972717285, 448.050384521, 277.464538574, 444.786437988, 585.168762207, 393.914031982, 687.42376709, 2072.84643555, 719.879882812, 156.136947632, 85.0416412354, 60.2084922791, 88.5952148438, 55.2793655396, 111.288887024, 93.7773971558, 97.9359664917, 139.138320923, 49.8249130249, 29.8865661621, 45.584815979, 75.3532180786, 42.8019943237, 11.7340202332, 8.24277687073, 2.47625899315, 3.82852983475, 0.656438291073, 0.0164305437356, 2.46067497756e-06],
        "max": [10.7669000626, 62.8596305847, 130.663497925, 82.8788070679, 412.923706055, 568.096862793, 360.304077148, 580.884155273, 385.009857178, 293.692596436, 373.38269043, 224.716766357, 151.512390137, 300.885986328, 220.194702148, 178.819137573, 231.02394104, 607.753051758, 270.822662354, 90.002243042, 81.0882034302, 64.3578109741, 70.5767288208, 95.499130249, 163.303237915, 120.948539734, 229.905090332, 301.959411621, 150.568634033, 127.07194519, 194.773468018, 247.133209229, 187.99017334, 76.7712860107, 80.5983886719, 33.7165565491, 50.7130393982, 19.0341625214, 2.33952927589, 0.0290536396205],
        "mean": [0.424448400736, 3.20315694809, 4.1483912468, 11.0091600418, 25.7355937958, 20.9729919434, 40.5778198242, 56.7223434448, 43.4470787048, 27.9031448364, 21.9946899414, 15.0899333954, 9.11350631714, 17.0925045013, 14.8421030045, 8.96082115173, 9.69485282898, 12.3349409103, 9.16211795807, 4.85038566589, 2.63847064972, 1.87557709217, 2.26051712036, 1.9715577364, 2.46189928055, 2.36606216431, 2.43315172195, 3.08985638618, 2.56716346741, 1.79325389862, 1.94078588486, 2.17300462723, 1.77930986881, 0.947286248207, 0.573240578175, 0.28356346488, 0.231378391385, 0.113299153745, 0.0106571922079, 0.000196011489606],
        "median": [0.0742734223604, 0.970398187637, 1.57492423058, 6.60020828247, 13.7388038635, 11.9952411652, 22.0020179749, 35.322177887, 28.2812767029, 15.3780822754, 9.93569374084, 4.41299152374, 2.90132212639, 4.80017852783, 4.37371683121, 3.20840215683, 3.9044213295, 3.01667904854, 2.45263433456, 1.2592227459, 0.512154757977, 0.224065378308, 0.236754968762, 0.181934952736, 0.14968931675, 0.0957617089152, 0.0681571215391, 0.0451414063573, 0.0313090160489, 0.0232027862221, 0.0149735864252, 0.0121913775802, 0.0081583019346, 0.00457025319338, 0.00224471697584, 0.000914236065, 0.000338311394444, 8.08197219158e-05, 2.64267691819e-05, 4.85131495225e-05],
        "min": [2.11795505758e-23, 2.5565315864e-22, 1.89805982151e-21, 5.68207164869e-21, 6.33853518829e-21, 1.75546725288e-20, 2.0825532079e-20, 6.70101599169e-20, 1.26618242424e-19, 1.69288328473e-19, 9.89042474712e-20, 2.36902433634e-19, 4.55461723595e-19, 5.71255273727e-19, 1.12196586258e-18, 1.15371119333e-18, 1.48676492043e-18, 1.74954717294e-18, 2.24969614006e-18, 4.2038724937e-18, 2.80591244307e-18, 4.69106574447e-18, 6.30130598288e-18, 6.97614929152e-18, 6.23551782723e-18, 6.60409958201e-18, 8.5623657234e-18, 1.08697066328e-17, 1.153764836e-17, 1.06121515413e-17, 1.07970818294e-17, 1.05894181366e-17, 1.01023808093e-17, 6.90524047428e-18, 6.32015991059e-18, 3.6242831685e-18, 2.39486116768e-18, 1.01011801567e-18, 2.5042040015e-19, 2.71369460022e-20],
        "var": [1.18275499344, 48.24842453, 67.7060165405, 174.283782959, 1495.97033691, 1217.78027344, 3008.51171875, 5407.65917969, 3222.03540039, 1315.9909668, 1116.44848633, 622.171142578, 192.293426514, 913.535217285, 681.376953125, 223.393966675, 274.618530273, 678.806152344, 359.068878174, 81.0751266479, 32.3987579346, 22.8631076813, 39.9844017029, 41.2433166504, 82.2842407227, 72.5408630371, 110.308250427, 223.17288208, 112.390457153, 59.3483924866, 96.4235610962, 150.759796143, 104.978561401, 25.4743175507, 11.7227048874, 3.01875543594, 2.96543002129, 0.637222528458, 0.00709542073309, 1.25123301586e-06]
    },
    "gfcc": {
        "mean": [-167.412994385, 136.049697876, -59.8579978943, 9.25615215302, -42.008682251, -1.13463652134, -34.0869941711, -7.10196590424, -19.4213829041, 4.85481309891, -6.76978778839, -1.043815732, -7.966776371],
        "cov": [[87464.359375, 9403.11523438, -4619.21826172, 163.218933105, -3609.98876953, 1133.14074707, -2154.76147461, -73.5076751709, -878.139953613, 434.003967285, -394.785644531, -127.51839447, -651.178222656], [9403.11523438, 5627.76220703, -625.685791016, -359.281158447, 57.6824645996, -592.273498535, -306.728881836, -515.835998535, 78.4135742188, -130.343811035, 336.284393311, -271.606994629, 142.220932007], [-4619.21826172, -625.685791016, 1164.38769531, 380.056854248, 208.94960022, -184.874832153, 146.726989746, -79.7745132446, 46.7400169373, 1.83532249928, 35.0496788025, 91.3537597656, 71.4171295166], [163.218933105, -359.281158447, 380.056854248, 774.301269531, -148.776809692, -117.440719604, 24.6344490051, -32.8961029053, -29.2696895599, 34.7898674011, 14.1523571014, 72.4184417725, 35.9750518799], [-3609.98876953, 57.6824645996, 208.94960022, -148.776809692, 584.128356934, -15.5446548462, 81.6418304443, 3.26134586334, 97.4895782471, 13.6712732315, 54.6243667603, -17.7976322174, 16.3426456451], [1133.14074707, -592.273498535, -184.874832153, -117.440719604, -15.5446548462, 400.351989746, 29.6530513763, 156.398742676, -1.26999616623, 40.173248291, -75.4461898804, 38.0202255249, -44.6243362427], [-2154.76147461, -306.728881836, 146.726989746, 24.6344490051, 81.6418304443, 29.6530513763, 181.878128052, 38.3750572205, 64.9868850708, -20.9855041504, 25.1272125244, 3.71594953537, 27.9033432007], [-73.5076751709, -515.835998535, -79.7745132446, -32.8961029053, 3.26134586334, 156.398742676, 38.3750572205, 186.663284302, 33.9583702087, 30.6722831726, -58.2072792053, 39.4937171936, -27.5212688446], [-878.139953613, 78.4135742188, 46.7400169373, -29.2696895599, 97.4895782471, -1.26999616623, 64.9868850708, 33.9583702087, 142.954772949, 19.2730369568, 39.9456062317, -19.8353652954, 18.5993766785], [434.003967285, -130.343811035, 1.83532249928, 34.7898674011, 13.6712732315, 40.173248291, -20.9855041504, 30.6722831726, 19.2730369568, 81.0630722046, 7.8373003006, 6.26015806198, -22.391160965], [-394.785644531, 336.284393311, 35.0496788025, 14.1523571014, 54.6243667603, -75.4461898804, 25.1272125244, -58.2072792053, 39.9456062317, 7.8373003006, 102.327026367, -18.9631538391, 28.9978809357], [-127.51839447, -271.606994629, 91.3537597656, 72.4184417725, -17.7976322174, 38.0202255249, 3.71594953537, 39.4937171936, -19.8353652954, 6.26015806198, -18.9631538391, 72.7951202393, 14.2241687775], [-651.178222656, 142.220932007, 71.4171295166, 35.9750518799, 16.3426456451, -44.6243362427, 27.9033432007, -27.5212688446, 18.5993766785, -22.391160965, 28.9978809357, 14.2241687775, 70.6558990479]],
        "icov": [[4.88040132041e-05, -0.000137088558404, 3.70991510863e-05, -7.69149628468e-05, 0.000221954396693, -0.000225505878916, 0.000156161360792, -2.4453000151e-05, 3.92315123463e-05, -0.000236342762946, 0.000162559605087, -0.000214445826714, 0.000353664188879], [-0.000137088558404, 0.000813081103843, 8.24973540148e-05, 0.000258944375673, -0.000667647167575, 0.000753543688916, 0.000473714753753, 0.00050057732733, -0.000540550157893, 0.00132207281422, -0.00138489739038, 0.00127140409313, -0.0016033569118], [3.70991510863e-05, 8.24973540148e-05, 0.00188787910156, -0.000547030125745, -0.000480876420625, 0.000626758555882, -0.00110676023178, 0.00194145401474, -0.000830133561976, -0.000732861459255, 0.00116258021444, -0.00281731551513, 0.000322844454786], [-7.69149628468e-05, 0.000258944375673, -0.000547030125745, 0.00214110896923, 0.000376899522962, 0.000983671285212, -0.000714468944352, 0.000194748325157, 0.000301281339489, -0.00114430091344, -0.000339313497534, -0.000812615733594, -0.00101431913208], [0.000221954396693, -0.000667647167575, -0.000480876420625, 0.000376899522962, 0.0034034519922, -0.00105762633029, 0.000323911372107, -0.000408915017033, -0.000505266420078, -0.00157972553279, -2.89689978672e-05, -0.000627801869996, 0.00171189534012], [-0.000225505878916, 0.000753543688916, 0.000626758555882, 0.000983671285212, -0.00105762633029, 0.00580203859136, -0.00240962184034, -0.00133576826192, 0.000220266447286, -0.0011811600998, 0.0010581179522, -0.0011525755981, -0.00102362618782], [0.000156161360792, 0.000473714753753, -0.00110676023178, -0.000714468944352, 0.000323911372107, -0.00240962184034, 0.0127570070326, -0.00318508245982, -0.00289602344856, 0.00632468657568, -0.00546776037663, 0.00413575768471, -0.00172913388815], [-2.4453000151e-05, 0.00050057732733, 0.00194145401474, 0.000194748325157, -0.000408915017033, -0.00133576826192, -0.00318508245982, 0.0150490244851, -0.00580399623141, -0.00274795247242, 0.00622791238129, -0.00849662069231, 0.00288758124225], [3.92315123463e-05, -0.000540550157893, -0.000830133561976, 0.000301281339489, -0.000505266420078, 0.000220266447286, -0.00289602344856, -0.00580399623141, 0.0135509911925, -0.00417084340006, -0.00284102838486, 0.00587250059471, -0.00363089586608], [-0.000236342762946, 0.00132207281422, -0.000732861459255, -0.00114430091344, -0.00157972553279, -0.0011811600998, 0.00632468657568, -0.00274795247242, -0.00417084340006, 0.0226192586124, -0.00893438048661, 0.00176273763645, 0.00411331513897], [0.000162559605087, -0.00138489739038, 0.00116258021444, -0.000339313497534, -2.89689978672e-05, 0.0010581179522, -0.00546776037663, 0.00622791238129, -0.00284102838486, -0.00893438048661, 0.0219186469913, -0.00360571034253, -0.00180962157901], [-0.000214445826714, 0.00127140409313, -0.00281731551513, -0.000812615733594, -0.000627801869996, -0.0011525755981, 0.00413575768471, -0.00849662069231, 0.00587250059471, 0.00176273763645, -0.00360571034253, 0.0302270594984, -0.0123922899365], [0.000353664188879, -0.0016033569118, 0.000322844454786, -0.00101431913208, 0.00171189534012, -0.00102362618782, -0.00172913388815, 0.00288758124225, -0.00363089586608, 0.00411331513897, -0.00180962157901, -0.0123922899365, 0.0270919408649]]
    },
    "melbands": {
        "dmean": [0.00373268616386, 0.00221530604176, 0.00104148755781, 0.00094692024868, 0.000424445170211, 0.000306321366224, 0.000170608167537, 0.000107691950689, 7.06859573256e-05, 3.8651865907e-05, 2.40979716182e-05, 3.19377431879e-05, 2.66994393314e-05, 2.12711183849e-05, 1.19218248074e-05, 1.65461369761e-05, 1.66684640135e-05, 1.25140932141e-05, 5.2501504797e-06, 3.66872609447e-06, 2.22078097067e-06, 1.66237509802e-06, 1.65634935456e-06, 1.87128046036e-06, 1.21392167785e-06, 1.26342092699e-06, 1.61469654358e-06, 1.0644955637e-06, 9.31318538733e-07, 1.24026348658e-06, 1.18204400223e-06, 9.54920551521e-07, 6.71071973102e-07, 6.46342527943e-07, 7.832500728e-07, 7.61454316489e-07, 1.00681916138e-06, 8.47167370921e-07, 6.1820009023e-07, 5.16465036071e-07],
        "dmean2": [0.00651191966608, 0.00388121674769, 0.00167823431548, 0.00152565760072, 0.000658944714814, 0.000458753376734, 0.000260930362856, 0.000169191189343, 0.000111904009827, 5.58024221391e-05, 3.7326830352e-05, 4.76799359603e-05, 3.9726797695e-05, 3.4344226151e-05, 1.98453926714e-05, 2.70996988547e-05, 2.7365042115e-05, 2.05670767173e-05, 8.57590748637e-06, 5.7464881138e-06, 3.77071160074e-06, 2.72261286227e-06, 2.61782452071e-06, 3.03847764371e-06, 1.77569370408e-06, 2.01247007681e-06, 2.65710650638e-06, 1.72392071818e-06, 1.39343785577e-06, 1.74712226908e-06, 1.59217654527e-06, 1.33713115247e-06, 9.31778401991e-07, 8.7968697926e-07, 1.15026023195e-06, 9.97452502816e-07, 1.50416337874e-06, 1.20373476875e-06, 9.07647915938e-07, 7.75107878326e-07],
        "dvar": [0.000110706387204, 4.25699508924e-05, 3.1420590858e-06, 7.25760310161e-06, 8.2551525793e-07, 2.46794598979e-07, 6.57207479549e-08, 4.5904833712e-08, 2.12469313254e-08, 7.09479097694e-09, 2.90374502221e-09, 4.71781991251e-09, 4.22430135316e-09, 3.21925353042e-09, 6.55109966274e-10, 2.08142525437e-09, 2.64662292082e-09, 1.19023246814e-09, 2.04581879215e-10, 7.82979861502e-11, 3.9539777702e-11, 2.69401792541e-11, 2.22935107874e-11, 3.82754522521e-11, 1.65096807753e-11, 1.80695250429e-11, 4.65350570578e-11, 1.41565439926e-11, 1.35008280597e-11, 4.7102207551e-11, 2.34100395319e-11, 1.21182586535e-11, 6.67387109118e-12, 6.17829572225e-12, 9.86919920787e-12, 1.55664110074e-11, 1.88354817854e-11, 1.53239608502e-11, 7.69396352185e-12, 5.38027651945e-12],
        "dvar2": [0.00029862835072, 0.00011625343177, 8.51147069625e-06, 1.93484083866e-05, 2.18508580474e-06, 5.43011026366e-07, 1.48825037627e-07, 1.14007342233e-07, 5.32167732104e-08, 1.51224934797e-08, 7.33353378024e-09, 8.33456059723e-09, 8.52426573772e-09, 8.140869312e-09, 1.74629821714e-09, 5.74571634715e-09, 7.37290317687e-09, 2.92286128634e-09, 5.46735656748e-10, 1.8591019002e-10, 1.08329942239e-10, 7.31125923692e-11, 5.45908110383e-11, 9.51830281259e-11, 3.30062123466e-11, 4.38227162891e-11, 1.20589704888e-10, 3.49501573516e-11, 3.02335274871e-11, 7.89315141025e-11, 4.0153966957e-11, 2.38224041188e-11, 1.08476110039e-11, 1.05287566859e-11, 1.70153110352e-11, 2.47495409583e-11, 3.34343039365e-11, 2.49157569576e-11, 1.29895955103e-11, 1.0555417651e-11],
        "max": [0.0936368703842, 0.0770197734237, 0.0207120310515, 0.0391462147236, 0.0146945174783, 0.0112197874114, 0.00585574749857, 0.0029952917248, 0.00259371753782, 0.00122364528943, 0.000776473025326, 0.00132432195824, 0.00103476317599, 0.000920482620131, 0.000230867532082, 0.000899979553651, 0.00112613930833, 0.000582352338824, 0.000194157968508, 0.000151994594489, 8.96706187632e-05, 6.25549291726e-05, 5.72294775338e-05, 7.61409319239e-05, 8.03665388958e-05, 6.01087776886e-05, 0.000198644847842, 6.19852071395e-05, 8.62587476149e-05, 0.00023181035067, 0.000156221271027, 7.49000464566e-05, 9.00879385881e-05, 8.62380402396e-05, 0.000109608874482, 0.000160579118528, 0.000134894624352, 0.000132882676553, 8.71287847986e-05, 6.273802137e-05],
        "mean": [0.00402946537361, 0.00297666550614, 0.00242352229543, 0.0016929039266, 0.0012822507415, 0.00123462174088, 0.00065577425994, 0.000279602711089, 0.000166141224327, 8.27886397019e-05, 4.54936925962e-05, 7.20940588508e-05, 5.4146257753e-05, 3.47036148014e-05, 1.75177920028e-05, 2.37418589677e-05, 2.25382736971e-05, 1.61213793035e-05, 7.83474479249e-06, 4.75588149129e-06, 2.76747846328e-06, 1.86823217518e-06, 2.01633451979e-06, 2.12016880141e-06, 1.49682841766e-06, 1.49771608449e-06, 2.16300873035e-06, 1.39767041674e-06, 1.30119292407e-06, 1.82576263796e-06, 1.79017490609e-06, 1.49519928527e-06, 1.15928708055e-06, 9.72613179329e-07, 1.10517510166e-06, 1.09663938019e-06, 1.4872423435e-06, 1.28901365315e-06, 9.7280474165e-07, 7.56517067657e-07],
        "median": [0.00102829560637, 0.00105679500848, 0.00155432778411, 0.000890543160494, 0.000694056972861, 0.000770803948399, 0.000421710370574, 0.000148072082084, 7.21267133486e-05, 2.1217549147e-05, 1.11944236778e-05, 1.84186028491e-05, 1.33642188302e-05, 6.84639599058e-06, 6.47625211059e-06, 6.82840027366e-06, 4.59558214061e-06, 3.76555499315e-06, 2.0007639705e-06, 8.01147734819e-07, 4.4777229391e-07, 1.91913699155e-07, 1.94112729446e-07, 1.97303378968e-07, 1.17896163943e-07, 1.09302071394e-07, 8.87458639909e-08, 5.2107527182e-08, 4.09188878336e-08, 3.45016566428e-08, 2.15174758011e-08, 1.74737664338e-08, 1.4452347763e-08, 1.14044320654e-08, 8.62015259173e-09, 7.22663839881e-09, 7.62101137752e-09, 5.78202019597e-09, 4.65275773465e-09, 3.5127789566e-09],
        "min": [3.56565942673e-25, 1.23503422372e-24, 9.83979240633e-25, 6.48841447203e-25, 7.56154239052e-25, 1.41689082124e-24, 1.61858273457e-24, 1.57600850316e-24, 5.94782732217e-25, 1.51233460912e-24, 1.59694487159e-24, 2.08452451293e-24, 3.31664379699e-24, 1.80518196385e-24, 2.85687081231e-24, 2.28080237526e-24, 2.62732392459e-24, 3.64065855305e-24, 4.10115373989e-24, 3.50135833896e-24, 3.35519542943e-24, 3.50640231559e-24, 3.99558087937e-24, 3.95177030571e-24, 4.04924827005e-24, 2.88542599936e-24, 3.9080938384e-24, 3.27921096653e-24, 4.58921448777e-24, 5.1675039627e-24, 5.65796679204e-24, 5.87468305435e-24, 5.78861951288e-24, 5.54401307327e-24, 6.50078578318e-24, 5.57313032371e-24, 5.5992057265e-24, 6.83726256939e-24, 5.28091297302e-24, 5.19708151348e-24],
        "var": [9.20674356166e-05, 3.49350702891e-05, 7.2174957495e-06, 7.47217791286e-06, 2.6038364922e-06, 2.29612169278e-06, 7.44719955037e-07, 1.34873758384e-07, 6.07859718116e-08, 1.93082598798e-08, 5.18354514867e-09, 1.73074781173e-08, 1.21812462339e-08, 5.54133627872e-09, 9.32747212801e-10, 2.08002748359e-09, 2.41390019085e-09, 1.40771960755e-09, 2.45614445449e-10, 1.0233910247e-10, 3.79701409203e-11, 2.47502660727e-11, 2.78656316771e-11, 4.07649643208e-11, 2.63696391112e-11, 2.38642595268e-11, 9.11214229071e-11, 2.39778526895e-11, 2.43466670435e-11, 1.02588479378e-10, 6.59769808231e-11, 3.64058852509e-11, 2.62932904616e-11, 1.90645693676e-11, 2.95482284474e-11, 4.33073819861e-11, 6.70257807589e-11, 5.3747999107e-11, 3.29124123788e-11, 1.6099200098e-11]
    },
    "mfcc": {
        "mean": [-783.239624023, 170.728103638, 35.2612342834, 20.0304260254, 9.51252269745, 6.79418945312, -1.83490097523, -8.72989463806, -8.37338256836, -0.655816733837, -1.32253408432, -1.34584438801, -0.936508119106],
        "cov": [[27437.6757812, 5388.33447266, -176.326431274, -623.91204834, -250.11491394, 319.368347168, 77.1318511963, 149.362854004, 144.502044678, 358.667327881, 185.07824707, 271.938720703, 78.8532104492], [5388.33447266, 6335.39453125, -10.8247680664, 127.183151245, 325.047088623, -4.58244419098, -122.709266663, -354.643829346, -317.805786133, 2.06049013138, 4.18881416321, 31.5267333984, 102.981018066], [-176.326431274, -10.8247680664, 989.182800293, 556.44744873, 26.7095146179, 68.6010971069, -16.4742641449, -59.8903617859, -39.228717804, -108.55632019, -82.8290481567, 8.18802642822, -20.2837505341], [-623.91204834, 127.183151245, 556.44744873, 763.32019043, 74.1055450439, 18.805562973, -24.7429428101, -88.7548980713, -75.8614730835, -77.3205795288, -44.0535736084, 12.4635257721, 22.8578987122], [-250.11491394, 325.047088623, 26.7095146179, 74.1055450439, 294.945556641, 72.9089126587, 8.93825721741, -13.6280126572, -12.9290723801, 32.0422706604, 29.4995441437, -11.4921541214, 6.59657335281], [319.368347168, -4.58244419098, 68.6010971069, 18.805562973, 72.9089126587, 132.664291382, 44.8402748108, 8.56976985931, 4.21312761307, 8.80814933777, 10.393494606, 8.89045810699, 1.64589416981], [77.1318511963, -122.709266663, -16.4742641449, -24.7429428101, 8.93825721741, 44.8402748108, 81.4686889648, 44.028137207, 17.8912830353, 6.47006225586, 1.90766537189, 6.04181146622, 0.376232713461], [149.362854004, -354.643829346, -59.8903617859, -88.7548980713, -13.6280126572, 8.56976985931, 44.028137207, 122.003379822, 81.0858917236, 15.6265983582, 8.07791423798, 13.0400457382, -8.90474319458], [144.502044678, -317.805786133, -39.228717804, -75.8614730835, -12.9290723801, 4.21312761307, 17.8912830353, 81.0858917236, 111.485015869, 41.1148033142, 10.6959514618, 11.8279762268, -2.03586578369], [358.667327881, 2.06049013138, -108.55632019, -77.3205795288, 32.0422706604, 8.80814933777, 6.47006225586, 15.6265983582, 41.1148033142, 85.8602981567, 51.1760940552, 11.1595001221, 12.002620697], [185.07824707, 4.18881416321, -82.8290481567, -44.0535736084, 29.4995441437, 10.393494606, 1.90766537189, 8.07791423798, 10.6959514618, 51.1760940552, 78.9458312988, 28.8296451569, 6.89184761047], [271.938720703, 31.5267333984, 8.18802642822, 12.4635257721, -11.4921541214, 8.89045810699, 6.04181146622, 13.0400457382, 11.8279762268, 11.1595001221, 28.8296451569, 57.7832336426, 19.60297966], [78.8532104492, 102.981018066, -20.2837505341, 22.8578987122, 6.59657335281, 1.64589416981, 0.376232713461, -8.90474319458, -2.03586578369, 12.002620697, 6.89184761047, 19.60297966, 53.6928596497]],
