{
"lowlevel": {
    "average_loudness": 0.776943743229,
    "barkbands_crest": {
        "dmean": 2.30172610283,
        "dmean2": 3.18510127068,
        "dvar": 5.25015306473,
        "dvar2": 9.33123493195,
        "max": 26.2319355011,
        "mean": 10.2562150955,
        "median": 8.03818035126,
        "min": 2.00127339363,
        "var": 40.1947212219
    },
    "barkbands_flatness_db": {
        "dmean": 0.0244516730309,
        "dmean2": 0.0307325106114,
        "dvar": 0.000638121855445,
        "dvar2": 0.00115996052045,
        "max": 0.35466709733,
        "mean": 0.110728047788,
        "median": 0.0886928662658,
        "min": 0.0143130151555,
        "var": 0.00468580378219
    },
    "barkbands_kurtosis": {
        "dmean": 5.86555480957,
        "dmean2": 6.88117933273,
        "dvar": 153.029922485,
        "dvar2": 219.72428894,
        "max": 214.148223877,
        "mean": 9.35502815247,
        "median": 0.274815320969,
        "min": -1.89077687263,
        "var": 555.397277832
    },
    "barkbands_skewness": {
        "dmean": 0.78243714571,
        "dmean2": 0.969587922096,
        "dvar": 0.819891393185,
        "dvar2": 1.19735050201,
        "max": 13.9746627808,
        "mean": 1.71726191044,
        "median": 0.847133219242,
        "min": -2.34040093422,
        "var": 6.16794586182
    },
    "barkbands_spread": {
        "dmean": 9.02621650696,
        "dmean2": 13.307890892,
        "dvar": 122.001609802,
        "dvar2": 248.773178101,
        "max": 93.2904281616,
        "mean": 31.7560424805,
        "median": 28.9795322418,
        "min": 1.13408827782,
        "var": 419.144897461
    },
    "dissonance": {
        "dmean": 0.0127384327352,
        "dmean2": 0.0213642176241,
        "dvar": 0.000155064204591,
        "dvar2": 0.000424850499257,
        "max": 0.500000119209,
        "mean": 0.478146016598,
        "median": 0.481139153242,
        "min": 0.355962872505,
        "var": 0.000249903765507
    },
    "dynamic_complexity": 3.95258569717,
    "erbbands_crest": {
        "dmean": 2.30019521713,
        "dmean2": 3.70942592621,
        "dvar": 5.42795276642,
        "dvar2": 12.255487442,
        "max": 28.876745224,
        "mean": 7.63042259216,
        "median": 6.16941308975,
        "min": 2.22030043602,
        "var": 17.9738845825
    },
    "erbbands_flatness_db": {
        "dmean": 0.017150580883,
        "dmean2": 0.0245549771935,
        "dvar": 0.000331942574121,
        "dvar2": 0.000633419549558,
        "max": 0.35683709383,
        "mean": 0.124312095344,
        "median": 0.11331974715,
        "min": 0.0321962572634,
        "var": 0.00268728169613
    },
    "erbbands_kurtosis": {
        "dmean": 0.855762481689,
        "dmean2": 1.3996297121,
        "dvar": 1.93740677834,
        "dvar2": 4.98814916611,
        "max": 21.2960567474,
        "mean": 0.134575858712,
        "median": -0.496994495392,
        "min": -1.84808409214,
        "var": 3.5918571949
    },
    "erbbands_skewness": {
        "dmean": 0.393564194441,
        "dmean2": 0.608201682568,
        "dvar": 0.184330806136,
        "dvar2": 0.421009153128,
        "max": 4.39216375351,
        "mean": -0.105898216367,
        "median": -0.0618514828384,
        "min": -3.17692637444,
        "var": 0.537527799606
    },
    "erbbands_spread": {
        "dmean": 12.389881134,
        "dmean2": 18.7446136475,
        "dvar": 196.475753784,
        "dvar2": 414.556640625,
        "max": 148.598770142,
        "mean": 52.4512367249,
        "median": 48.6833305359,
        "min": 2.83720231056,
        "var": 750.413024902
    },
    "hfc": {
        "dmean": 11.4559183121,
        "dmean2": 16.9610748291,
        "dvar": 324.827880859,
        "dvar2": 740.883605957,
        "max": 296.230926514,
        "mean": 24.4460487366,
        "median": 18.5857791901,
        "min": 1.0841969447e-16,
        "var": 615.167053223
    },
    "melbands_crest": {
        "dmean": 3.07101750374,
        "dmean2": 4.35500621796,
        "dvar": 7.94955205917,
        "dvar2": 15.8067522049,
        "max": 34.8803482056,
        "mean": 14.7060642242,
        "median": 11.9094572067,
        "min": 1.09324216843,
        "var": 73.0054397583
    },
    "melbands_flatness_db": {
        "dmean": 0.0316334366798,
        "dmean2": 0.0399966053665,
        "dvar": 0.00115071586333,
        "dvar2": 0.00211099325679,
        "max": 0.467278182507,
        "mean": 0.16207434237,
        "median": 0.128956973553,
        "min": 7.58338283049e-05,
        "var": 0.00919669866562
    },
    "melbands_kurtosis": {
        "dmean": 19.8206176758,
        "dmean2": 21.8510074615,
        "dvar": 1555.94555664,
        "dvar2": 1758.39892578,
        "max": 587.616760254,
        "mean": 39.810962677,
        "median": 5.44143676758,
        "min": -1.76311302185,
        "var": 7544.60888672
    },
    "melbands_skewness": {
        "dmean": 1.16138064861,
        "dmean2": 1.38193714619,
        "dvar": 2.08160924911,
        "dvar2": 2.60607933998,
        "max": 19.6220321655,
        "mean": 3.71439743042,
        "median": 2.27842855453,
        "min": -1.76833152771,
        "var": 17.0503330231
    },
    "melbands_spread": {
        "dmean": 12.8204679489,
        "dmean2": 19.2516212463,
        "dvar": 270.253875732,
        "dvar2": 590.685852051,
        "max": 197.054641724,
        "mean": 37.8684501648,
        "median": 33.1756210327,
        "min": 0.710313498974,
        "var": 977.498657227
    },
    "pitch_salience": {
        "dmean": 0.0715480074286,
        "dmean2": 0.10088005662,
        "dvar": 0.00556522002444,
        "dvar2": 0.0102390367538,
        "max": 0.997598409653,
        "mean": 0.557660698891,
        "median": 0.613552212715,
        "min": 0.0491038039327,
        "var": 0.0327594392002
    },
    "silence_rate_20dB": {
        "dmean": 0,
        "dmean2": 0,
        "dvar": 0,
        "dvar2": 0,
        "max": 1,
        "mean": 1,
        "median": 1,
        "min": 1,
        "var": 0
    },
    "silence_rate_30dB": {
        "dmean": 0.0347445942461,
        "dmean2": 0.0694971829653,
        "dvar": 0.0335382185876,
        "dvar2": 0.064896389842,
        "max": 1,
        "mean": 0.937881052494,
        "median": 1,
        "min": 0,
        "var": 0.0582548566163
    },
    "silence_rate_60dB": {
        "dmean": 0.0349746905267,
        "dmean2": 0.0699574276805,
        "dvar": 0.0337492004037,
        "dvar2": 0.0749528855085,
        "max": 1,
        "mean": 0.126423552632,
        "median": 0,
        "min": 0,
        "var": 0.110442519188
    },
    "spectral_centroid": {
        "dmean": 388.957977295,
        "dmean2": 598.95324707,
        "dvar": 182130.921875,
        "dvar2": 385506.4375,
        "max": 11750.3271484,
        "mean": 2090.9543457,
        "median": 1994.33764648,
        "min": 180.479171753,
        "var": 1780789.75
    },
    "spectral_complexity": {
        "dmean": 4.61090660095,
        "dmean2": 6.69474172592,
        "dvar": 27.4851360321,
        "dvar2": 54.2600059509,
        "max": 59,
        "mean": 17.9462795258,
        "median": 17,
        "min": 0,
        "var": 129.055450439
    },
    "spectral_decrease": {
        "dmean": 3.12754955267e-09,
        "dmean2": 4.48143699927e-09,
        "dvar": 5.11192688561e-17,
        "dvar2": 1.11307633452e-16,
        "max": 2.25067519604e-28,
        "mean": -6.67435084978e-09,
        "median": -3.28049698517e-09,
        "min": -8.35852702608e-08,
        "var": 1.13966880155e-16
    },
    "spectral_energy": {
        "dmean": 0.0125080505386,
        "dmean2": 0.0180066563189,
        "dvar": 0.000775474647526,
        "dvar2": 0.00170402077492,
        "max": 0.323585420847,
        "mean": 0.0274078734219,
        "median": 0.014939812012,
        "min": 1.00871169877e-20,
        "var": 0.00169231847394
    },
    "spectral_energyband_high": {
        "dmean": 0.00106068095192,
        "dmean2": 0.0015778056113,
        "dvar": 3.39296275342e-06,
        "dvar2": 7.37879508961e-06,
        "max": 0.0314843505621,
        "mean": 0.0017390656285,
        "median": 0.000909512513317,
        "min": 7.15461712113e-21,
        "var": 5.71589180254e-06
    },
    "spectral_energyband_low": {
        "dmean": 0.00782206468284,
        "dmean2": 0.00925776455551,
        "dvar": 0.000409430387663,
        "dvar2": 0.000639127159957,
        "max": 0.263460278511,
        "mean": 0.0146172307432,
        "median": 0.0012036326807,
        "min": 1.0273640069e-23,
        "var": 0.00121909752488
    },
    "spectral_energyband_middle_high": {
        "dmean": 0.00166542187799,
        "dmean2": 0.00253661512397,
        "dvar": 9.0093617473e-06,
        "dvar2": 2.19186858885e-05,
        "max": 0.0444696508348,
        "mean": 0.00450628809631,
        "median": 0.00243176799268,
        "min": 1.18046670568e-21,
        "var": 2.60866399913e-05
    },
    "spectral_energyband_middle_low": {
        "dmean": 0.00750938337296,
        "dmean2": 0.0135887172073,
        "dvar": 0.000609231588896,
        "dvar2": 0.00172814377584,
        "max": 0.2823600173,
        "mean": 0.00751669658348,
        "median": 0.00332669424824,
        "min": 1.38509030776e-22,
        "var": 0.000369801418856
    },
    "spectral_entropy": {
        "dmean": 0.173896610737,
        "dmean2": 0.257460564375,
        "dvar": 0.0483386181295,
        "dvar2": 0.105631917715,
        "max": 9.82115745544,
        "mean": 7.97109365463,
        "median": 8.00038909912,
        "min": 5.736992836,
        "var": 0.184442043304
    },
    "spectral_flux": {
        "dmean": 0.0330748036504,
        "dmean2": 0.0475967898965,
        "dvar": 0.00279417913407,
        "dvar2": 0.00440369034186,
        "max": 0.572701275349,
        "mean": 0.0895808339119,
        "median": 0.06582095474,
        "min": 6.35124175474e-11,
        "var": 0.00690609775484
    },
    "spectral_kurtosis": {
        "dmean": 1.09562337399,
        "dmean2": 1.74808228016,
        "dvar": 1.88189864159,
        "dvar2": 4.66534614563,
        "max": 30.140827179,
        "mean": 2.85003685951,
        "median": 2.46838760376,
        "min": -1.26216244698,
        "var": 4.15235090256
    },
    "spectral_rms": {
        "dmean": 0.000941248435993,
        "dmean2": 0.00134519638959,
        "dvar": 2.37616177401e-06,
        "dvar2": 5.18804108651e-06,
        "max": 0.0177677534521,
        "mean": 0.00430264882743,
        "median": 0.00381777761504,
        "min": 3.13705116571e-12,
        "var": 8.22652509669e-06
    },
    "spectral_rolloff": {
        "dmean": 1049.22521973,
        "dmean2": 1656.3079834,
        "dvar": 2199436.5,
        "dvar2": 4530642.5,
        "max": 19638.28125,
        "mean": 3110.72827148,
        "median": 2627.05078125,
        "min": 64.599609375,
        "var": 9892443
    },
    "spectral_skewness": {
        "dmean": 0.209246113896,
        "dmean2": 0.32364743948,
        "dvar": 0.0464019067585,
        "dvar2": 0.10826575011,
        "max": 4.07274007797,
        "mean": 1.24463808537,
        "median": 1.25042521954,
        "min": -0.10686006397,
        "var": 0.137578472495
    },
    "spectral_spread": {
        "dmean": 739707.75,
        "dmean2": 1082334.625,
        "dvar": 783962275840,
        "dvar2": 1.52775163904e+12,
        "max": 42532560,
        "mean": 6311606,
        "median": 5849382.5,
        "min": 1879953.25,
        "var": 2.05695672648e+13
    },
    "spectral_strongpeak": {
        "dmean": 0.599249482155,
        "dmean2": 0.993510723114,
        "dvar": 1.32097244263,
        "dvar2": 3.09005117416,
        "max": 13.5528593063,
        "mean": 0.940495610237,
        "median": 0.426181524992,
        "min": 0,
        "var": 2.1132953167
    },
    "zerocrossingrate": {
        "dmean": 0.0207894779742,
        "dmean2": 0.0218641683459,
        "dvar": 0.000424399186159,
        "dvar2": 0.000506685581058,
        "max": 0.8271484375,
        "mean": 0.109057530761,
        "median": 0.1025390625,
        "min": 0.00390625,
        "var": 0.00607752706856
    },
    "barkbands": {
        "dmean": [0.000349737994839, 0.00594660639763, 0.00357214547694, 0.0030345513951, 0.00346266361885, 0.00106004008558, 0.000382760365028, 0.000245091476245, 0.000194336898858, 0.000161775198649, 0.00035202250001, 0.000306653411826, 0.000392328802263, 0.000396457908209, 0.000160995114129, 0.000149852174218, 0.00025016872678, 0.000278642779449, 0.000280928623397, 0.000176225963514, 0.000226748496061, 0.000276389619103, 0.000194232357899, 0.000217959895963, 0.00010114628094, 8.39040367282e-05, 4.47519050795e-05],
        "dmean2": [0.000534423452336, 0.00713371671736, 0.00636893557385, 0.00562712969258, 0.00645786942914, 0.00181264407001, 0.000630360387731, 0.00040257233195, 0.000305109802866, 0.000251053570537, 0.000574288424104, 0.000454175868072, 0.000626346620265, 0.000576530524995, 0.000257500301814, 0.000238032545894, 0.000411988556152, 0.000462641619379, 0.000417269038735, 0.000277126731817, 0.000371353555238, 0.000436376110883, 0.000296133715892, 0.00033051733044, 0.000148575476487, 0.000120359298307, 6.96557399351e-05],
        "dvar": [8.93946662472e-07, 0.000382862548577, 0.000191592553165, 0.000128768806462, 0.000173440028448, 1.07971936814e-05, 1.10198050152e-06, 1.93314662056e-07, 9.01634393813e-08, 7.32182598995e-08, 8.16681904325e-07, 4.29615027997e-07, 1.26322777305e-06, 1.13560815862e-06, 9.84202586096e-08, 5.87645594408e-08, 5.0227686188e-07, 5.8185838725e-07, 3.24951031416e-07, 9.03128523078e-08, 2.04896238643e-07, 2.59951320913e-07, 1.22253808854e-07, 1.7062033919e-07, 3.35736700663e-08, 2.11042330278e-08, 1.24033467941e-08],
        "dvar2": [2.41861539507e-06, 0.00071245880099, 0.000528520497028, 0.000367499800632, 0.000505211821292, 2.88674873445e-05, 3.14212525154e-06, 5.50608774574e-07, 2.15128551417e-07, 1.8630653642e-07, 2.1046062102e-06, 7.48929608108e-07, 3.1717265756e-06, 2.29207194025e-06, 2.39247924583e-07, 1.45390089301e-07, 1.00010424831e-06, 1.5088080545e-06, 5.5106443142e-07, 2.22961091367e-07, 5.47810770968e-07, 6.03415628575e-07, 2.55167748264e-07, 3.86654818385e-07, 6.85144456725e-08, 4.29851283457e-08, 2.86998087518e-08],
        "max": [0.0108736027032, 0.239705622196, 0.17755176127, 0.123455837369, 0.169800803065, 0.0676925927401, 0.0150184202939, 0.00438913423568, 0.0038840379566, 0.00398258538917, 0.0187504906207, 0.0105183720589, 0.0204327646643, 0.0209491681308, 0.0060653006658, 0.00380790303461, 0.0156101631001, 0.0202494505793, 0.0138812465593, 0.00629904773086, 0.0101491743699, 0.00927407760173, 0.00724769523367, 0.00567709608003, 0.00285582221113, 0.00245951721445, 0.00208937330171],
        "mean": [0.000620061822701, 0.0105595709756, 0.00253896112554, 0.00219679600559, 0.00279267854057, 0.00122423516586, 0.000540469540283, 0.000339330174029, 0.000307657144731, 0.000247279502219, 0.000545015034731, 0.000445127196144, 0.000603676657192, 0.000871439580806, 0.000231953221373, 0.000241024099523, 0.000363259925507, 0.000391896610381, 0.000461963994894, 0.00029416452162, 0.000335176679073, 0.000343631196301, 0.00028898884193, 0.000287985982141, 0.00015158484166, 0.000133544017444, 5.03557093907e-05],
        "median": [1.79890648724e-05, 0.000222252114327, 0.000233552564168, 0.000268324598437, 0.000787123339251, 0.00044257947593, 0.000251299090451, 0.000143556797411, 0.000162556840223, 0.000115510010801, 0.00018414844817, 0.000163965902175, 0.00013208699238, 0.000121238932479, 9.22574909055e-05, 0.000122112789541, 0.000173434833414, 0.000176608984475, 0.000227506607189, 0.000155001049279, 0.000196097345906, 0.000135047506774, 0.000127710780362, 0.000108158426883, 5.81061285629e-05, 4.82202376588e-05, 3.73508623852e-06],
        "min": [5.21425915691e-25, 1.07372114189e-24, 1.13355732624e-24, 3.94901920261e-25, 5.50574740291e-24, 5.89176228738e-24, 9.16584743297e-24, 4.55140004585e-24, 1.27775382247e-23, 8.99942460324e-24, 1.24763258876e-23, 1.95234869889e-23, 2.90080152949e-23, 3.15981233258e-23, 3.90725425374e-23, 4.15896304475e-23, 4.24416791112e-23, 7.92018052781e-23, 1.22941182667e-22, 1.48963646581e-22, 2.45722295989e-22, 2.99908507858e-22, 3.81453854803e-22, 5.78230247253e-22, 9.06497055098e-22, 1.14834691494e-21, 1.95975121816e-21],
        "var": [1.779976742e-06, 0.000852894620039, 0.000121029203001, 7.4803501775e-05, 9.68405947788e-05, 9.05515753402e-06, 9.50414971612e-07, 2.45553707146e-07, 1.62009982319e-07, 1.34613372893e-07, 1.10066355319e-06, 8.35215644202e-07, 2.39438418248e-06, 5.11115422341e-06, 1.58721206844e-07, 1.12950004905e-07, 6.85249972321e-07, 7.39802374028e-07, 7.20246760011e-07, 1.5579239232e-07, 2.38963309585e-07, 3.30807779392e-07, 2.12690437706e-07, 2.36927846231e-07, 5.65994398016e-08, 4.27017212701e-08, 1.65000511032e-08]
    },
    "erbbands": {
        "dmean": [0.20214253664, 1.40894031525, 3.63653254509, 7.23070240021, 14.0685806274, 9.40673828125, 7.14372491837, 9.64041137695, 5.61022281647, 6.62492990494, 4.31346797943, 3.83683276176, 4.99547243118, 7.39517784119, 11.6026973724, 11.3385572433, 16.5564079285, 23.0582809448, 16.3833789825, 9.57121276855, 8.45119571686, 13.6527109146, 15.5791873932, 18.0097808838, 8.49007034302, 7.78687763214, 9.03900051117, 9.3156337738, 10.4323968887, 6.4978723526, 5.58736944199, 5.72209119797, 2.76362991333, 1.27007365227, 0.643886208534, 0.361479401588, 0.15642760694, 0.0586793646216, 0.00752047356218, 0.000109098138637],
        "dmean2": [0.214969322085, 1.9020639658, 6.14679384232, 12.95403862, 26.2031555176, 17.4448699951, 13.0284099579, 16.5416736603, 9.02872943878, 11.3581876755, 7.01225280762, 6.10675144196, 7.79370069504, 12.1306314468, 18.8705444336, 16.140291214, 26.9569015503, 37.652545929, 23.9066333771, 15.5165529251, 13.4507637024, 22.190246582, 25.3911304474, 26.7097892761, 13.4294157028, 12.0843162537, 14.482465744, 15.1397657394, 16.6617946625, 9.98410797119, 8.45608520508, 8.71611499786, 4.17769050598, 1.86423170567, 0.9632807374, 0.536950707436, 0.227137938142, 0.08585549891, 0.0116883702576, 0.000165444798768],
        "dvar": [0.367129594088, 24.8375911713, 180.891387939, 643.223510742, 2883.21801758, 1328.66223145, 569.877990723, 987.282470703, 198.950042725, 276.24786377, 51.0705032349, 36.4447059631, 74.0109481812, 498.795379639, 574.428527832, 689.172485352, 1809.09960938, 4020.0769043, 2458.42797852, 293.78225708, 249.305709839, 1268.92810059, 2121.43554688, 1614.9732666, 182.924423218, 185.374664307, 291.694152832, 336.166595459, 352.838348389, 123.030433655, 107.498825073, 113.362464905, 27.8653640747, 5.90612077713, 1.20949959755, 0.39692273736, 0.0770693048835, 0.0151615431532, 0.000398052943638, 6.41905018028e-08],
        "dvar2": [0.601851165295, 52.507106781, 469.954040527, 1784.4675293, 8357.95214844, 3879.59692383, 1656.0357666, 2612.18359375, 554.326171875, 791.493652344, 133.438293457, 87.2516937256, 186.980834961, 1359.68432617, 1543.3704834, 1217.15380859, 4667.25439453, 10384.0947266, 4480.86425781, 755.204711914, 626.353088379, 2691.9831543, 5161.51757812, 2684.48779297, 439.4815979, 456.271179199, 781.69732666, 834.263549805, 835.515319824, 262.314025879, 224.867462158, 254.689529419, 62.31508255, 12.1642961502, 2.63050723076, 0.870361566544, 0.157706186175, 0.0319540239871, 0.000959270168096, 1.5204263093e-07],
        "max": [7.04456520081, 59.4537811279, 152.552307129, 275.822631836, 696.768371582, 493.90625, 456.224212646, 522.413024902, 287.495300293, 243.46786499, 83.3917999268, 88.2778930664, 144.156799316, 527.928894043, 349.754760742, 512.81817627, 988.427062988, 1365.65673828, 822.127807617, 325.010467529, 350.706878662, 908.675537109, 1308.73010254, 994.259765625, 183.925323486, 274.03302002, 306.566131592, 297.973052979, 298.761260986, 197.205505371, 219.865127563, 145.569290161, 71.1005096436, 38.5092506409, 16.5408611298, 9.59907817841, 5.10240364075, 2.345007658, 0.378056049347, 0.00487197376788],
        "mean": [0.414961546659, 1.92697155476, 2.90015077591, 5.49868249893, 10.4770383835, 7.64056634903, 7.22123146057, 10.8590536118, 8.70229053497, 8.33389949799, 6.91978931427, 6.29971456528, 7.95216226578, 11.2262744904, 21.7600383759, 18.1658687592, 25.2911243439, 43.3284797668, 21.8020114899, 15.8802165985, 13.4864320755, 20.5457897186, 24.1844406128, 28.6490650177, 15.7508049011, 12.8902339935, 14.0330991745, 12.7474861145, 13.0095081329, 9.24442195892, 8.06937026978, 7.33077096939, 3.82612085342, 1.86335849762, 0.96484619379, 0.556542754173, 0.24556030333, 0.0813900306821, 0.00822650548071, 0.000152658220031],
        "median": [0.00327365775593, 0.0608463436365, 0.30016207695, 0.828102588654, 2.40366220474, 2.10399889946, 3.28782916069, 3.28377127647, 4.00449752808, 3.25992298126, 4.11009836197, 3.48996782303, 3.98869752884, 5.00526762009, 7.71200704575, 7.66822242737, 7.42378520966, 6.78076934814, 4.64591693878, 6.74352836609, 7.59085512161, 10.0333061218, 10.9932355881, 12.9062728882, 9.28277778625, 6.90813875198, 8.08591079712, 6.9287276268, 5.29979419708, 3.9714474678, 3.42954659462, 2.62494039536, 1.52632546425, 0.716569900513, 0.379977405071, 0.206088677049, 0.0876270085573, 0.0173544660211, 0.000742307514884, 5.01317663293e-05],
        "min": [7.7917785849e-23, 3.66984328265e-22, 1.46985329843e-21, 5.28564251285e-21, 9.08422027168e-21, 1.72532395126e-20, 4.48093140537e-20, 5.82581883704e-20, 1.27727090959e-19, 7.16804798165e-20, 2.35633280081e-19, 2.14925821572e-19, 4.53184702164e-19, 3.14669922321e-19, 5.4525036963e-19, 8.31220821159e-19, 1.57042886271e-18, 1.35293836765e-18, 2.14663688036e-18, 2.6930002215e-18, 3.68678617636e-18, 3.77162761025e-18, 4.35223064528e-18, 5.81272968613e-18, 7.35189525759e-18, 7.35248255582e-18, 8.13087853739e-18, 9.46276670941e-18, 1.02015043437e-17, 9.18589281478e-18, 1.08604810874e-17, 9.81922365078e-18, 8.89137102178e-18, 8.36269176815e-18, 5.92258630251e-18, 3.87548840796e-18, 2.24259127898e-18, 9.88784200491e-19, 2.48942124998e-19, 2.61636678451e-20],
        "var": [1.16559195518, 36.8120040894, 135.12260437, 404.884490967, 1621.890625, 738.014770508, 332.355255127, 892.782958984, 200.336502075, 227.623535156, 73.2988052368, 65.8161621094, 130.746643066, 508.013641357, 1384.73608398, 1356.41870117, 3436.14575195, 9573.81445312, 3938.81640625, 554.449829102, 349.395446777, 1878.14147949, 3097.52246094, 3433.83081055, 385.344665527, 306.792388916, 389.865783691, 392.941802979, 446.603485107, 207.023284912, 178.884185791, 154.567321777, 41.8845748901, 9.50656890869, 2.07793474197, 0.714284598827, 0.15193156898, 0.0266030300409, 0.000477638328448, 8.60554081328e-08]
    },
    "gfcc": {
        "mean": [-23.504114151, 37.6340103149, -107.036231995, 30.6321029663, -58.8028068542, 8.53692626953, -39.8589096069, 3.12620973587, -30.6155338287, 1.87033951283, -16.8699989319, 5.88104629517, -17.1264724731],
        "cov": [[32731.8808594, -227.44883728, -1880.88623047, 357.648651123, -1251.5802002, 133.301879883, -976.675537109, -38.2046127319, -798.644348145, 37.962097168, -511.083465576, 176.821563721, -530.099487305], [-227.44883728, 1291.02075195, 165.222045898, 340.31036377, 213.916702271, 81.6965408325, 124.542427063, 102.40246582, 61.2142982483, 33.435256958, 91.8627090454, -48.6787986755, 77.3862762451], [-1880.88623047, 165.222045898, 1931.56860352, 773.523742676, 578.997436523, 302.482788086, 374.474945068, 273.410125732, 231.217681885, -14.9684143066, 57.0135307312, 100.523872375, 68.0594024658], [357.648651123, 340.31036377, 773.523742676, 792.801513672, 286.217254639, 228.14642334, 157.119476318, 199.629806519, 116.709625244, -12.1891965866, 23.406452179, 68.6427536011, 50.9466400146], [-1251.5802002, 213.916702271, 578.997436523, 286.217254639, 551.359558105, 188.926101685, 268.99395752, 127.218910217, 154.034500122, 65.5038604736, 113.950454712, 39.3111152649, 67.8001708984], [133.301879883, 81.6965408325, 302.482788086, 228.14642334, 188.926101685, 329.513061523, 165.307006836, 113.221710205, 95.2284851074, 101.162147522, 96.4126739502, 38.7114677429, 31.3892841339], [-976.675537109, 124.542427063, 374.474945068, 157.119476318, 268.99395752, 165.307006836, 282.20223999, 94.7498779297, 129.608642578, 76.106880188, 115.135093689, 37.2318382263, 50.5801734924], [-38.2046127319, 102.40246582, 273.410125732, 199.629806519, 127.218910217, 113.221710205, 94.7498779297, 180.264648438, 95.4486083984, 56.8210716248, 56.6132507324, 57.1383590698, 26.6075401306], [-798.644348145, 61.2142982483, 231.217681885, 116.709625244, 154.034500122, 95.2284851074, 129.608642578, 95.4486083984, 180.906799316, 76.314239502, 83.6742248535, 43.8481712341, 49.6245956421], [37.962097168, 33.435256958, -14.9684143066, -12.1891965866, 65.5038604736, 101.162147522, 76.106880188, 56.8210716248, 76.314239502, 139.740188599, 87.9451675415, 34.8800315857, 29.4056129456], [-511.083465576, 91.8627090454, 57.0135307312, 23.406452179, 113.950454712, 96.4126739502, 115.135093689, 56.6132507324, 83.6742248535, 87.9451675415, 141.493591309, 48.6111869812, 42.3355102539], [176.821563721, -48.6787986755, 100.523872375, 68.6427536011, 39.3111152649, 38.7114677429, 37.2318382263, 57.1383590698, 43.8481712341, 34.8800315857, 48.6111869812, 89.3804931641, 24.0846557617], [-530.099487305, 77.3862762451, 68.0594024658, 50.9466400146, 67.8001708984, 31.3892841339, 50.5801734924, 26.6075401306, 49.6245956421, 29.4056129456, 42.3355102539, 24.0846557617, 76.7330093384]],
        "icov": [[5.44884205738e-05, -3.16308105539e-05, 6.45057298243e-05, -9.78011230472e-05, 3.08518647216e-05, -0.000105180748506, 5.96367353864e-05, 8.13641690911e-06, 0.00018727229326, -0.000227480835747, 0.000256669038208, -0.00035056102206, 0.000324165332131], [-3.16308105539e-05, 0.00122897641268, 0.000126134909806, -0.000725341320504, -0.000155805493705, 0.00060338532785, -8.7290063675e-05, -0.000619357044343, 0.000392421992728, -1.91195558727e-05, -0.0015034310054, 0.00230645597912, -0.00106602197047], [6.45057298243e-05, 0.000126134909806, 0.00134579336736, -0.000788789417129, -0.000530615216121, -0.000251117278822, -0.000862871296704, -0.000477044086438, -0.000239751607296, 0.000666395178996, 0.00109136081301, -0.000834616541397, 0.000513741339091], [-9.78011230472e-05, -0.000725341320504, -0.000788789417129, 0.00356988469139, -0.000371262693079, -0.00163497054018, 0.000406313396525, -0.00140662922058, -0.000818078115117, 0.00231537781656, 0.0013291350333, -0.00139652460348, -0.00105114211328], [3.08518647216e-05, -0.000155805493705, -0.000530615216121, -0.000371262693079, 0.00413713976741, -0.000149287152453, -0.00229450268671, -1.89894053619e-05, -0.00034661765676, -6.15923781879e-05, -0.000682500656694, 0.000668830936775, -0.00057360046776], [-0.000105180748506, 0.00060338532785, -0.000251117278822, -0.00163497054018, -0.000149287152453, 0.00674292678013, -0.00176384462975, -0.000885988411028, 0.000925277883653, -0.00342812505551, -0.002445907332, 0.00272851646878, 2.49652166531e-05], [5.96367353864e-05, -8.7290063675e-05, -0.000862871296704, 0.000406313396525, -0.00229450268671, -0.00176384462975, 0.0101929735392, 0.000189240570762, -0.00172521558125, -9.95514346869e-05, -0.00402697734535, 0.000965658167843, 3.25500222971e-05], [8.13641690911e-06, -0.000619357044343, -0.000477044086438, -0.00140662922058, -1.89894053619e-05, -0.000885988411028, 0.000189240570762, 0.0118971141055, -0.00292693800293, -0.0025220180396, 0.00084186787717, -0.00460774777457, 0.00200814730488], [0.00018727229326, 0.000392421992728, -0.000239751607296, -0.000818078115117, -0.00034661765676, 0.000925277883653, -0.00172521558125, -0.00292693800293, 0.0126327741891, -0.00422952929512, -0.00127860682551, -0.000218805085751, -0.00204118527472], [-0.000227480835747, -1.91195558727e-05, 0.000666395178996, 0.00231537781656, -6.15923781879e-05, -0.00342812505551, -9.95514346869e-05, -0.0025220180396, -0.00422952929512, 0.0174098331481, -0.00568478927016, 1.27280745801e-05, -0.00208771857433], [0.000256669038208, -0.0015034310054, 0.00109136081301, 0.0013291350333, -0.000682500656694, -0.002445907332, -0.00402697734535, 0.00084186787717, -0.00127860682551, -0.00568478927016, 0.0211452543736, -0.00967110879719, -0.000220346890274], [-0.00035056102206, 0.00230645597912, -0.000834616541397, -0.00139652460348, 0.000668830936775, 0.00272851646878, 0.000965658167843, -0.00460774777457, -0.000218805085751, 1.27280745801e-05, -0.00967110879719, 0.0230877362192, -0.00560057349503], [0.000324165332131, -0.00106602197047, 0.000513741339091, -0.00105114211328, -0.00057360046776, 2.49652166531e-05, 3.25500222971e-05, 0.00200814730488, -0.00204118527472, -0.00208771857433, -0.000220346890274, -0.00560057349503, 0.0203673876822]]
    },
    "melbands": {
        "dmean": [0.00168386870064, 0.00173624849413, 0.00146673771087, 0.000890103576239, 0.000260632048594, 0.000205475545954, 8.37589905132e-05, 7.1043810749e-05, 3.72824106307e-05, 2.42310798058e-05, 2.52503741649e-05, 2.87574475806e-05, 4.37359813077e-05, 3.21116458508e-05, 3.95559509343e-05, 4.82398827444e-05, 4.74893677165e-05, 3.49950496457e-05, 1.37213883136e-05, 1.27348275782e-05, 1.0423301319e-05, 1.44915493365e-05, 1.39496351039e-05, 1.38588575282e-05, 1.64351822605e-05, 7.23804259906e-06, 6.68982920615e-06, 5.24935694557e-06, 5.75769263378e-06, 6.10186361882e-06, 5.84994904784e-06, 7.0351843533e-06, 4.22239963882e-06, 3.55255747309e-06, 3.1512820442e-06, 3.87160889659e-06, 3.5629791455e-06, 2.28434464589e-06, 1.40696261042e-06, 9.60389684224e-07],
        "dmean2": [0.00190265383571, 0.00258892634884, 0.00264011602849, 0.00165958702564, 0.000477660738397, 0.000350881367922, 0.000137282724609, 0.000120802214951, 5.86573005421e-05, 3.89015549445e-05, 3.91646462958e-05, 4.7676221584e-05, 6.87099818606e-05, 4.82118557557e-05, 5.9961243096e-05, 7.80151967774e-05, 7.90565100033e-05, 5.12619735673e-05, 2.22519793169e-05, 2.07010634767e-05, 1.68590177054e-05, 2.38930151681e-05, 2.28517164942e-05, 2.30914829444e-05, 2.41953239311e-05, 1.15710454338e-05, 1.08238991743e-05, 8.21983121568e-06, 9.14743031899e-06, 1.01424247987e-05, 9.51149559114e-06, 1.15280745376e-05, 6.5117064878e-06, 5.56187978873e-06, 4.84196561956e-06, 5.92105061514e-06, 5.56751683689e-06, 3.61672073268e-06, 2.07614607461e-06, 1.4354832274e-06],
        "dvar": [2.77800518234e-05, 3.33407770086e-05, 2.62302255578e-05, 1.18646548799e-05, 7.88982504218e-07, 4.32435001585e-07, 4.64599274608e-08, 2.64422652663e-08, 3.27036597803e-09, 1.51030588036e-09, 1.83372628193e-09, 7.09676584165e-09, 1.03046984279e-08, 6.35465680077e-09, 7.16683645763e-09, 1.91250819626e-08, 1.598628252e-08, 1.37998075189e-08, 7.54544593473e-10, 4.6498438433e-10, 5.22599463704e-10, 1.15029574754e-09, 1.74341063808e-09, 1.28040789082e-09, 1.53006562975e-09, 1.41840067469e-10, 1.35694872005e-10, 8.694224507e-11, 1.07572048491e-10, 1.74882275328e-10, 1.32614946802e-10, 1.71001213189e-10, 5.65212529557e-11, 3.58795701483e-11, 3.61925489578e-11, 4.9551970166e-11, 4.82272347058e-11, 1.99966865982e-11, 7.35191334894e-12, 3.39141778896e-12],
        "dvar2": [4.75741617265e-05, 7.55977307563e-05, 7.25478748791e-05, 3.45304433722e-05, 2.29516217587e-06, 1.14008355467e-06, 1.30508453822e-07, 7.61724407994e-08, 8.10972622389e-09, 3.71214059491e-09, 4.63235361181e-09, 1.93563316486e-08, 2.61657309153e-08, 1.40345353117e-08, 1.49939207716e-08, 4.90907261508e-08, 4.29539994684e-08, 2.42800943795e-08, 1.92321314429e-09, 1.22003940284e-09, 1.36518085725e-09, 2.42509479165e-09, 4.32327285083e-09, 3.42749073567e-09, 2.39034703142e-09, 3.50787454639e-10, 3.42691791611e-10, 2.12596773519e-10, 2.80457407298e-10, 4.84694784308e-10, 3.21297849437e-10, 4.20892487529e-10, 1.22772902955e-10, 7.9441946077e-11, 7.80471798301e-11, 1.08028745671e-10, 1.13374150346e-10, 4.76282242812e-11, 1.51188367381e-11, 7.2081611513e-12],
        "max": [0.0626000910997, 0.072000913322, 0.0542634278536, 0.0434247590601, 0.0141371535137, 0.0119552379474, 0.00393634429201, 0.0022401327733, 0.000636639015283, 0.000559765670914, 0.000717079266906, 0.00196534139104, 0.00178271660116, 0.00135846342891, 0.00178996881004, 0.00243330467492, 0.00234631309286, 0.00191389396787, 0.000406052917242, 0.000340762984706, 0.000563313835301, 0.000790307181887, 0.000970528635662, 0.000796952459496, 0.00101400981657, 0.000159657880431, 0.000166308222106, 0.000198595153051, 0.000171376916114, 0.000465994147817, 0.000191670900676, 0.000207227931242, 0.000120857621368, 0.000120032542327, 0.00013394265261, 0.000113939997391, 9.37870427151e-05, 5.37855921721e-05, 4.09881904488e-05, 2.91684136755e-05],
        "mean": [0.00325956568122, 0.00186238077004, 0.00113016332034, 0.000695925729815, 0.000255684397416, 0.000242451322265, 0.000125761143863, 8.86283596628e-05, 5.93905133428e-05, 3.81299323635e-05, 3.91676912841e-05, 4.10495886172e-05, 7.50552499085e-05, 4.79616610392e-05, 5.29887183802e-05, 6.56232077745e-05, 8.40878929012e-05, 4.15642425651e-05, 1.96313449123e-05, 2.00548183784e-05, 1.44578498293e-05, 2.09918944165e-05, 2.10841953958e-05, 2.01880648092e-05, 2.49481090577e-05, 1.18320522233e-05, 1.05602366602e-05, 8.01220721769e-06, 8.66406298883e-06, 8.32787736726e-06, 7.26079679225e-06, 8.06353909866e-06, 5.57269504498e-06, 4.94100959259e-06, 4.41996508016e-06, 5.08033281221e-06, 4.26402812082e-06, 2.92199433716e-06, 1.98452357836e-06, 1.38844893627e-06],
        "median": [4.81688257423e-05, 0.000165509671206, 0.000196489942027, 0.000178291054908, 0.000113734946353, 8.23322552606e-05, 5.76336460654e-05, 3.16723126161e-05, 3.42601415468e-05, 2.00861722988e-05, 1.89813035831e-05, 1.71975461853e-05, 2.34113504121e-05, 1.71609917743e-05, 1.75849199877e-05, 9.01700423128e-06, 1.27548710225e-05, 5.89056799072e-06, 8.22609308671e-06, 9.31612976274e-06, 7.31737236492e-06, 9.77872969088e-06, 9.03779164219e-06, 9.18174646358e-06, 1.02168814919e-05, 6.62622414893e-06, 5.28643977304e-06, 4.07414063375e-06, 4.6141749408e-06, 4.65735320176e-06, 3.448395546e-06, 3.06835636366e-06, 2.0706588657e-06, 2.11422070606e-06, 1.80642757641e-06, 1.92827860701e-06, 1.36694677622e-06, 1.10283099275e-06, 7.03115915712e-07, 5.26645976606e-07],
        "min": [4.3285542357e-25, 8.07457808024e-25, 1.57319650986e-24, 1.16308369967e-24, 2.01407588143e-24, 1.24191072423e-24, 2.23549079651e-24, 7.51110361032e-25, 1.63821580617e-24, 1.40021410449e-24, 2.01840120577e-24, 1.17420377881e-24, 1.74370307528e-24, 1.96785671821e-24, 2.36054122442e-24, 2.73148985168e-24, 2.29409665366e-24, 3.02479444991e-24, 3.29310122935e-24, 2.56800868427e-24, 3.88987272921e-24, 2.80779538097e-24, 3.95733216952e-24, 3.33016684506e-24, 4.74139916702e-24, 4.30708745692e-24, 4.07385678599e-24, 4.4593411615e-24, 4.76784178457e-24, 4.76454947358e-24, 4.46939558817e-24, 4.78771003533e-24, 5.41995720174e-24, 4.73527878969e-24, 5.96713242485e-24, 4.61987632787e-24, 5.33676984713e-24, 5.51986880197e-24, 5.73658151441e-24, 6.34968854868e-24],
        "var": [7.56134177209e-05, 3.7493340642e-05, 1.66085101228e-05, 6.60737987346e-06, 4.55048734693e-07, 3.88204426827e-07, 4.48001422626e-08, 2.35020696238e-08, 5.58348878243e-09, 2.58292964794e-09, 3.2545814932e-09, 7.30136884286e-09, 1.92633180518e-08, 1.03704254073e-08, 1.13867066887e-08, 2.91814732378e-08, 4.00743367379e-08, 2.07257926377e-08, 1.1060313776e-09, 8.53522197364e-10, 5.43717182389e-10, 1.72490066674e-09, 2.61552868253e-09, 1.71896930024e-09, 3.22582471846e-09, 2.5074137211e-10, 2.28517343936e-10, 1.3159912049e-10, 1.56505808313e-10, 1.73048311791e-10, 1.51395632142e-10, 1.91909585445e-10, 8.34929833604e-11, 6.04312017094e-11, 5.85552925592e-11, 7.30529803317e-11, 5.81211571926e-11, 2.62943087442e-11, 1.21090732927e-11, 5.24089452392e-12]
    },
    "mfcc": {
        "mean": [-657.97253418, 75.8364944458, 3.59611415863, 21.9670715332, 0.630961894989, 3.96092987061, -1.34678447247, 1.60108590126, -8.08254909515, -4.81566095352, -3.78496623039, 0.291831374168, -4.72651195526],
        "cov": [[13009.1884766, 267.033752441, -236.190689087, -41.4458427429, -188.36857605, -22.1196727753, -194.488204956, -124.491744995, -313.022735596, -163.463180542, -125.391151428, -68.0571975708, -157.620529175], [267.033752441, 1057.62231445, 29.4592399597, 213.188034058, 111.409332275, 51.5977745056, 124.532600403, 14.0429286957, 48.8461799622, 55.368347168, 52.4578208923, 37.8101654053, 29.5310554504], [-236.190689087, 29.4592399597, 1214.22314453, 549.342529297, 401.811340332, 222.325592041, 218.270645142, 309.79888916, 205.729904175, 105.539001465, 68.3658981323, 67.241973877, 65.094291687], [-41.4458427429, 213.188034058, 549.342529297, 602.431518555, 331.865142822, 142.732696533, 149.6743927, 219.75177002, 149.527511597, 74.839515686, 26.7359809875, 36.9491424561, 45.2597198486], [-188.36857605, 111.409332275, 401.811340332, 331.865142822, 373.441589355, 165.865509033, 164.011642456, 177.487579346, 133.315567017, 95.4539794922, 55.0404548645, 63.6492614746, 53.6926269531], [-22.1196727753, 51.5977745056, 222.325592041, 142.732696533, 165.865509033, 252.323425293, 171.06211853, 104.661720276, 80.2921295166, 101.808334351, 75.1168136597, 60.3822898865, 42.1450996399], [-194.488204956, 124.532600403, 218.270645142, 149.6743927, 164.011642456, 171.06211853, 237.977966309, 117.549705505, 76.9516372681, 87.6983566284, 89.3550796509, 59.352722168, 43.3407211304], [-124.491744995, 14.0429286957, 309.79888916, 219.75177002, 177.487579346, 104.661720276, 117.549705505, 194.668060303, 93.0471878052, 65.7530441284, 58.86302948, 59.4222297668, 43.7986717224], [-313.022735596, 48.8461799622, 205.729904175, 149.527511597, 133.315567017, 80.2921295166, 76.9516372681, 93.0471878052, 133.281356812, 64.709487915, 40.8352241516, 48.6431922913, 37.0334968567], [-163.463180542, 55.368347168, 105.539001465, 74.839515686, 95.4539794922, 101.808334351, 87.6983566284, 65.7530441284, 64.709487915, 135.69090271, 66.8625259399, 51.7207794189, 42.5124855042], [-125.391151428, 52.4578208923, 68.3658981323, 26.7359809875, 55.0404548645, 75.1168136597, 89.3550796509, 58.86302948, 40.8352241516, 66.8625259399, 121.240936279, 71.9989395142, 44.9800567627], [-68.0571975708, 37.8101654053, 67.241973877, 36.9491424561, 63.6492614746, 60.3822898865, 59.352722168, 59.4222297668, 48.6431922913, 51.7207794189, 71.9989395142, 112.532829285, 41.2342720032], [-157.620529175, 29.5310554504, 65.094291687, 45.2597198486, 53.6926269531, 42.1450996399, 43.3407211304, 43.7986717224, 37.0334968567, 42.5124855042, 44.9800567627, 41.2342720032, 76.0480041504]],
