{
"lowlevel": {
    "average_loudness": 0.409625649452,
    "barkbands_crest": {
        "dmean": 2.08559608459,
        "dmean2": 3.42596173286,
        "dvar": 4.41344690323,
        "dvar2": 11.9120883942,
        "max": 26.5178203583,
        "mean": 11.4879465103,
        "median": 10.9784135818,
        "min": 2.76411390305,
        "var": 16.9222621918
    },
    "barkbands_flatness_db": {
        "dmean": 0.0199163910002,
        "dmean2": 0.0312103517354,
        "dvar": 0.000506782962475,
        "dvar2": 0.00109559460543,
        "max": 0.646705627441,
        "mean": 0.275494247675,
        "median": 0.253775775433,
        "min": 0.0329490229487,
        "var": 0.0142908506095
    },
    "barkbands_kurtosis": {
        "dmean": 3.88563680649,
        "dmean2": 6.26176929474,
        "dvar": 149.549835205,
        "dvar2": 378.248840332,
        "max": 677.262939453,
        "mean": 8.59574508667,
        "median": 2.38237953186,
        "min": -1.9474978447,
        "var": 1011.39733887
    },
    "barkbands_skewness": {
        "dmean": 0.499455153942,
        "dmean2": 0.788901031017,
        "dvar": 0.404494583607,
        "dvar2": 0.97717833519,
        "max": 19.0720500946,
        "mean": 1.39001107216,
        "median": 1.20179629326,
        "min": -5.0462064743,
        "var": 2.49697899818
    },
    "barkbands_spread": {
        "dmean": 2.3873360157,
        "dmean2": 3.66730380058,
        "dvar": 22.6871738434,
        "dvar2": 44.3059577942,
        "max": 131.209945679,
        "mean": 10.3464326859,
        "median": 7.54112434387,
        "min": 0.0900763645768,
        "var": 123.889144897
    },
    "dissonance": {
        "dmean": 0.0390637330711,
        "dmean2": 0.0661164671183,
        "dvar": 0.00184976647142,
        "dvar2": 0.00515093747526,
        "max": 0.500000119209,
        "mean": 0.408806115389,
        "median": 0.430275678635,
        "min": 0.0625955462456,
        "var": 0.00523621635512
    },
    "dynamic_complexity": 4.97828245163,
    "erbbands_crest": {
        "dmean": 2.66855049133,
        "dmean2": 4.38322114944,
        "dvar": 6.79562902451,
        "dvar2": 18.413110733,
        "max": 33.6616325378,
        "mean": 11.9007129669,
        "median": 10.8809070587,
        "min": 2.65309524536,
        "var": 28.751745224
    },
    "erbbands_flatness_db": {
        "dmean": 0.0170635785908,
        "dmean2": 0.0262806098908,
        "dvar": 0.000364607694792,
        "dvar2": 0.000806483032648,
        "max": 0.570207715034,
        "mean": 0.274785816669,
        "median": 0.256399989128,
        "min": 0.0428089909256,
        "var": 0.0111409844831
    },
    "erbbands_kurtosis": {
        "dmean": 1.93729507923,
        "dmean2": 3.15059804916,
        "dvar": 18.8865356445,
        "dvar2": 49.3713645935,
        "max": 185.070999146,
        "mean": 3.46737146378,
        "median": 0.845565438271,
        "min": -1.93190944195,
        "var": 79.1288604736
    },
    "erbbands_skewness": {
        "dmean": 0.406676322222,
        "dmean2": 0.637513756752,
        "dvar": 0.227277860045,
        "dvar2": 0.526883482933,
        "max": 9.47260475159,
        "mean": 0.621636986732,
        "median": 0.465622842312,
        "min": -6.89206504822,
        "var": 1.46466886997
    },
    "erbbands_spread": {
        "dmean": 4.35764980316,
        "dmean2": 6.75425624847,
        "dvar": 55.5263023376,
        "dvar2": 116.840065002,
        "max": 172.616348267,
        "mean": 20.246181488,
        "median": 15.954832077,
        "min": 0.427292883396,
        "var": 315.209411621
    },
    "hfc": {
        "dmean": 2.72470116615,
        "dmean2": 4.13032436371,
        "dvar": 22.0760498047,
        "dvar2": 46.5930786133,
        "max": 166.314727783,
        "mean": 12.3666372299,
        "median": 8.25476455688,
        "min": 1.0999098691e-16,
        "var": 172.547958374
    },
    "melbands_crest": {
        "dmean": 2.47319722176,
        "dmean2": 4.05013895035,
        "dvar": 6.6354136467,
        "dvar2": 18.1907176971,
        "max": 39.7010498047,
        "mean": 14.5972766876,
        "median": 13.9642219543,
        "min": 1.00028419495,
        "var": 27.8182582855
    },
    "melbands_flatness_db": {
        "dmean": 0.0224534533918,
        "dmean2": 0.0343933403492,
        "dvar": 0.000713484419975,
        "dvar2": 0.00144152808934,
        "max": 0.783724188805,
        "mean": 0.374954462051,
        "median": 0.348379313946,
        "min": -4.31432667369e-08,
        "var": 0.0200739521533
    },
    "melbands_kurtosis": {
        "dmean": 13.6235542297,
        "dmean2": 22.6216125488,
        "dvar": 22650.8496094,
        "dvar2": 57493.1289062,
        "max": 10668.8037109,
        "mean": 33.5251579285,
        "median": 4.7224817276,
        "min": -1.93057489395,
        "var": 118094.90625
    },
    "melbands_skewness": {
        "dmean": 0.600346088409,
        "dmean2": 0.947539448738,
        "dvar": 1.26449596882,
        "dvar2": 2.92882680893,
        "max": 90.1979141235,
        "mean": 2.11072468758,
        "median": 1.68952000141,
        "min": -3.63231420517,
        "var": 9.82276630402
    },
    "melbands_spread": {
        "dmean": 2.96768331528,
        "dmean2": 4.57218790054,
        "dvar": 43.1601333618,
        "dvar2": 87.8809127808,
        "max": 231.644088745,
        "mean": 11.9777927399,
        "median": 8.35186767578,
        "min": 0.0351673811674,
        "var": 216.448516846
    },
    "pitch_salience": {
        "dmean": 0.0603367313743,
        "dmean2": 0.099691554904,
        "dvar": 0.003217817517,
        "dvar2": 0.00869871117175,
        "max": 0.99774569273,
        "mean": 0.54470539093,
        "median": 0.550839483738,
        "min": 0.0279977861792,
        "var": 0.0137604437768
    },
    "silence_rate_20dB": {
        "dmean": 0,
        "dmean2": 0,
        "dvar": 0,
        "dvar2": 0,
        "max": 1,
        "mean": 1,
        "median": 1,
        "min": 1,
        "var": 0
    },
    "silence_rate_30dB": {
        "dmean": 0.0115971611813,
        "dmean2": 0.0231953971088,
        "dvar": 0.0114642316476,
        "dvar2": 0.0290648341179,
        "max": 1,
        "mean": 0.988357007504,
        "median": 1,
        "min": 0,
        "var": 0.0115084536374
    },
    "silence_rate_60dB": {
        "dmean": 0.0191121213138,
        "dmean2": 0.0382260158658,
        "dvar": 0.0187476594001,
        "dvar2": 0.0445614978671,
        "max": 1,
        "mean": 0.159755080938,
        "median": 0,
        "min": 0,
        "var": 0.134259909391
    },
    "spectral_centroid": {
        "dmean": 103.445739746,
        "dmean2": 158.317871094,
        "dvar": 44660.8945312,
        "dvar2": 85573.90625,
        "max": 11569.8203125,
        "mean": 690.696472168,
        "median": 554.679077148,
        "min": 79.6706161499,
        "var": 326812.8125
    },
    "spectral_complexity": {
        "dmean": 1.66785728931,
        "dmean2": 2.74206709862,
        "dvar": 3.53823041916,
        "dvar2": 8.15572357178,
        "max": 43,
        "mean": 11.9467487335,
        "median": 11,
        "min": 0,
        "var": 57.0064468384
    },
    "spectral_decrease": {
        "dmean": 1.7246988282e-09,
        "dmean2": 2.76229683571e-09,
        "dvar": 9.8241594375e-18,
        "dvar2": 2.50085551235e-17,
        "max": 1.34644458714e-28,
        "mean": -7.53665574393e-09,
        "median": -5.95462701369e-09,
        "min": -6.42519495386e-08,
        "var": 4.78638234548e-17
    },
    "spectral_energy": {
        "dmean": 0.00669943355024,
        "dmean2": 0.0107156541198,
        "dvar": 0.000145134938066,
        "dvar2": 0.000368437700672,
        "max": 0.245622262359,
        "mean": 0.0295668877661,
        "median": 0.0234024077654,
        "min": 9.93856778968e-21,
        "var": 0.000728628016077
    },
    "spectral_energyband_high": {
        "dmean": 5.64518013562e-05,
        "dmean2": 8.03769144113e-05,
        "dvar": 1.05343744394e-07,
        "dvar2": 1.94197653514e-07,
        "max": 0.0251669958234,
        "mean": 0.000137958530104,
        "median": 9.14388238016e-06,
        "min": 7.1925923045e-21,
        "var": 3.73668825659e-07
    },
    "spectral_energyband_low": {
        "dmean": 0.00364032085054,
        "dmean2": 0.00593322236091,
        "dvar": 9.53830240178e-05,
        "dvar2": 0.000252041005297,
        "max": 0.208658948541,
        "mean": 0.0114664379507,
        "median": 0.00466952100396,
        "min": 2.74633152019e-23,
        "var": 0.000251869874774
    },
    "spectral_energyband_middle_high": {
        "dmean": 0.00120847206563,
        "dmean2": 0.00184600765351,
        "dvar": 6.67034100843e-06,
        "dvar2": 1.52546426762e-05,
        "max": 0.0670022815466,
        "mean": 0.00385524937883,
        "median": 0.00162773008924,
        "min": 1.22449549404e-21,
        "var": 3.69327208318e-05
    },
    "spectral_energyband_middle_low": {
        "dmean": 0.00407342100516,
        "dmean2": 0.00652269273996,
        "dvar": 4.07131337852e-05,
        "dvar2": 0.00010554423352,
        "max": 0.140704452991,
        "mean": 0.0152275888249,
        "median": 0.0110611272976,
        "min": 1.70649685301e-22,
        "var": 0.000225589159527
    },
    "spectral_entropy": {
        "dmean": 0.172070637345,
        "dmean2": 0.267007380724,
        "dvar": 0.0467010401189,
        "dvar2": 0.0955039560795,
        "max": 9.8220539093,
        "mean": 6.32913446426,
        "median": 6.48948383331,
        "min": 3.57588076591,
        "var": 0.893455862999
    },
    "spectral_flux": {
        "dmean": 0.0179873425514,
        "dmean2": 0.0290606878698,
        "dvar": 0.000524460105225,
        "dvar2": 0.00126619078219,
        "max": 0.395648181438,
        "mean": 0.0642096325755,
        "median": 0.0555790066719,
        "min": 6.07551717269e-11,
        "var": 0.00228806817904
    },
    "spectral_kurtosis": {
        "dmean": 17.6922092438,
        "dmean2": 30.5087413788,
        "dvar": 1433.2791748,
        "dvar2": 4340.01025391,
        "max": 835.950744629,
        "mean": 54.445438385,
        "median": 16.1517601013,
        "min": -1.24212753773,
        "var": 7715.42236328
    },
    "spectral_rms": {
        "dmean": 0.000547910400201,
        "dmean2": 0.000861810229253,
        "dvar": 5.82502480029e-07,
        "dvar2": 1.40574559282e-06,
        "max": 0.0154800349846,
        "mean": 0.00471885642037,
        "median": 0.00477824406698,
        "min": 3.11386636961e-12,
        "var": 6.57830287309e-06
    },
    "spectral_rolloff": {
        "dmean": 172.186004639,
        "dmean2": 291.799102783,
        "dvar": 287627.84375,
        "dvar2": 618495.625,
        "max": 19272.2167969,
        "mean": 819.02520752,
        "median": 495.263671875,
        "min": 21.533203125,
        "var": 1852890
    },
    "spectral_skewness": {
        "dmean": 0.803028047085,
        "dmean2": 1.35235345364,
        "dvar": 1.11599314213,
        "dvar2": 3.11174058914,
        "max": 24.1181678772,
        "mean": 4.54006195068,
        "median": 2.94582152367,
        "min": -0.878327906132,
        "var": 14.3977413177
    },
    "spectral_spread": {
        "dmean": 347864.8125,
        "dmean2": 557582.5625,
        "dvar": 326698598400,
        "dvar2": 630560718848,
        "max": 41869792,
        "mean": 2433644.75,
        "median": 2202976.5,
        "min": 101902.015625,
        "var": 4.18007770726e+12
    },
    "spectral_strongpeak": {
        "dmean": 0.327143281698,
        "dmean2": 0.564419329166,
        "dvar": 0.40579226613,
        "dvar2": 1.06666064262,
        "max": 15.0839385986,
        "mean": 0.743868649006,
        "median": 0.450552105904,
        "min": 0,
        "var": 0.793754041195
    },
    "zerocrossingrate": {
        "dmean": 0.00427124323323,
        "dmean2": 0.00515880156308,
        "dvar": 7.46111109038e-05,
        "dvar2": 7.82436763984e-05,
        "max": 0.853515625,
        "mean": 0.0306715723127,
        "median": 0.0234375,
        "min": 0.00146484375,
        "var": 0.00147923990153
    },
    "barkbands": {
        "dmean": [0.000518811517395, 0.00243771122769, 0.00105246854946, 0.00101382017601, 0.00172320671845, 0.00147860241123, 0.00114628986921, 0.000931006332394, 0.000623466912657, 0.000625457731076, 0.000406803796068, 0.000407908897614, 0.000231847036048, 0.000203836840228, 0.000136889299029, 8.85777044459e-05, 7.99957851996e-05, 5.15406063641e-05, 4.8153768148e-05, 2.56003404502e-05, 1.68460846908e-05, 1.35041309477e-05, 1.25856822706e-05, 1.02049662019e-05, 6.31774128124e-06, 1.18888328871e-06, 2.1590653887e-07],
        "dmean2": [0.00089639617363, 0.0039694244042, 0.00170971930493, 0.001634055865, 0.00278901308775, 0.00235982425511, 0.00184253440239, 0.00148176040966, 0.000977377640083, 0.00096572516486, 0.000645836407784, 0.000662831065711, 0.000369818706531, 0.000330026930897, 0.000216281492612, 0.000143518016557, 0.00012691320444, 8.10139608802e-05, 7.59515023674e-05, 4.01308498112e-05, 2.57162027992e-05, 2.02283954422e-05, 1.83633383131e-05, 1.48224135046e-05, 9.05778051674e-06, 1.67956295627e-06, 3.33863283686e-07],
        "dvar": [1.67826976849e-06, 5.19159402756e-05, 6.51162781651e-06, 5.16726913702e-06, 1.16970431918e-05, 1.13139831228e-05, 8.26084487926e-06, 7.41133771953e-06, 3.56687041858e-06, 2.88598471343e-06, 1.72332499915e-06, 1.76922912942e-06, 5.91730554333e-07, 3.75597693392e-07, 2.43654909582e-07, 8.04239661534e-08, 8.08440958622e-08, 3.67295527326e-08, 3.89016534541e-08, 1.46388039468e-08, 1.27056356547e-08, 6.91874690872e-09, 5.97072435937e-09, 5.22354071109e-09, 2.98532398801e-09, 6.55648105252e-11, 2.90611675349e-12],
        "dvar2": [4.63062087874e-06, 0.000141596072353, 1.72718646354e-05, 1.32382165248e-05, 3.233048119e-05, 2.94796045637e-05, 2.10627476918e-05, 2.02411592909e-05, 9.19086869544e-06, 7.04609055902e-06, 4.08108735428e-06, 4.59218927062e-06, 1.36386120175e-06, 9.15852240269e-07, 4.84467193473e-07, 1.85131270314e-07, 1.67097013559e-07, 7.81376883197e-08, 7.35939451602e-08, 3.60376937181e-08, 2.67296726975e-08, 1.42274041437e-08, 1.07998214816e-08, 9.83672787669e-09, 5.53915624479e-09, 1.117127571e-10, 6.20851764097e-12],
        "max": [0.0195182524621, 0.121578715742, 0.0854231715202, 0.0555472411215, 0.082513935864, 0.103200033307, 0.0869379043579, 0.0799424275756, 0.0488375797868, 0.053620621562, 0.0358894057572, 0.0366948805749, 0.0300129130483, 0.0249676238745, 0.0254969596863, 0.0136226238683, 0.0235041454434, 0.00935429614037, 0.0146300047636, 0.00958187133074, 0.00800865702331, 0.00580050097778, 0.00656074704602, 0.00466731004417, 0.00314667122439, 0.000630672322586, 0.000174884029548],
        "mean": [0.000548615935259, 0.00751768844202, 0.00238264375366, 0.00240712519735, 0.00403650896624, 0.00328208669089, 0.0022628523875, 0.00165915163234, 0.0013516836334, 0.00115179189015, 0.000659597280901, 0.00068874610588, 0.000412274239352, 0.000332808238454, 0.000230046163779, 0.000147052487591, 0.000147589758853, 9.22177059692e-05, 9.05599154066e-05, 4.71570056106e-05, 3.09840615955e-05, 2.3089676688e-05, 2.43329177465e-05, 2.42812038778e-05, 1.35017980938e-05, 2.07740868063e-06, 2.76844559721e-07],
        "median": [8.24790113256e-05, 0.00119250221178, 0.000808984041214, 0.000868829840329, 0.0021380437538, 0.0014726241352, 0.000871589290909, 0.000292615324724, 0.000283429515548, 0.000223908165935, 0.000103454018245, 9.94071015157e-05, 7.06321297912e-05, 5.61302149436e-05, 3.74699156964e-05, 2.26190641115e-05, 1.3023943211e-05, 1.08807325887e-05, 7.80071241024e-06, 4.23818528361e-06, 1.31639023948e-06, 7.24279288988e-07, 7.13474605618e-07, 3.64068284853e-07, 1.87901576965e-07, 5.62057280717e-08, 8.02046784543e-09],
        "min": [2.58682676394e-24, 6.53575362052e-24, 5.85601387217e-24, 5.68749701117e-24, 1.38594546453e-23, 6.15009332903e-24, 1.63956534997e-23, 2.39617146827e-23, 3.46157466356e-23, 2.43497711392e-23, 2.4597470308e-23, 2.23504189521e-23, 4.8754103054e-23, 2.66784522438e-23, 5.36257924603e-23, 7.1793681937e-23, 8.81720436056e-23, 9.68328401989e-23, 1.37377993564e-22, 1.75790041798e-22, 2.71939084743e-22, 3.56058667837e-22, 5.00340368147e-22, 7.5768471835e-22, 9.07624734917e-22, 1.26191188622e-21, 2.03007853389e-21],
        "var": [1.60739887178e-06, 0.000131429187604, 1.58423281391e-05, 1.60665822477e-05, 3.18987913488e-05, 2.766543912e-05, 1.73560074472e-05, 1.65697802004e-05, 1.15272941912e-05, 7.38579319659e-06, 3.29153044731e-06, 3.88681337427e-06, 1.49611912548e-06, 7.96121128133e-07, 5.6593228237e-07, 1.78997510147e-07, 3.68017879282e-07, 1.05401916528e-07, 1.04962822434e-07, 2.66369273305e-08, 2.72618407848e-08, 1.3557283296e-08, 1.87758022463e-08, 3.1101066611e-08, 1.25495871472e-08, 1.87942134078e-10, 6.36290976505e-12]
    },
    "erbbands": {
        "dmean": [0.0749153867364, 0.543032824993, 1.18976688385, 2.34425067902, 3.96807146072, 6.58625078201, 10.3996076584, 13.1472940445, 16.7282981873, 15.5992250443, 19.3583431244, 13.4411230087, 16.5996131897, 16.8798713684, 15.8080797195, 14.3614187241, 10.5623235703, 9.88246631622, 7.93536806107, 6.32441520691, 4.87098789215, 3.99412202835, 2.8771007061, 2.3036262989, 1.97845482826, 1.24254655838, 0.755561649799, 0.563818335533, 0.470369428396, 0.450779020786, 0.353648155928, 0.215412467718, 0.177198931575, 0.0979869961739, 0.0298906341195, 0.00684522418305, 0.00207358552143, 0.000428712548455, 3.87333930121e-05, 7.77948753239e-06],
        "dmean2": [0.128273159266, 0.867267668247, 1.93694984913, 3.7557952404, 6.28819131851, 10.7081451416, 16.6405487061, 21.0496520996, 26.7571754456, 25.2360267639, 30.4761371613, 21.0034580231, 25.687702179, 25.7776870728, 24.8020496368, 22.9371051788, 16.6993274689, 15.6940107346, 12.4834079742, 10.0181074142, 7.8022608757, 6.20889997482, 4.47076129913, 3.55546569824, 3.10975456238, 1.94207763672, 1.1803766489, 0.835862278938, 0.701780378819, 0.664533436298, 0.523737430573, 0.317380845547, 0.25858861208, 0.142448946834, 0.0425389818847, 0.00975601840764, 0.00296906218864, 0.000642019382212, 6.01064893999e-05, 1.23279951367e-05],
        "dvar": [0.0830106586218, 2.18983435631, 7.79934215546, 26.1937217712, 69.4401931763, 224.078414917, 557.90246582, 1045.74743652, 1417.57104492, 2554.58422852, 3359.77539062, 1898.77844238, 2482.56225586, 2360.51635742, 2108.32348633, 2501.79736328, 1221.78271484, 904.778137207, 760.289978027, 419.84375, 252.006561279, 275.51184082, 102.883834839, 89.6973266602, 54.8207817078, 32.8102340698, 26.7701587677, 17.5357952118, 8.08957004547, 9.44019794464, 4.87550067902, 2.30963397026, 1.94153416157, 0.772577106953, 0.0710598379374, 0.00242296280339, 0.000219340596232, 9.34748823056e-06, 9.39012991807e-08, 1.97027047455e-10],
        "dvar2": [0.230909302831, 5.91498184204, 21.773349762, 64.6812820435, 188.34463501, 624.098327637, 1431.74035645, 2764.59887695, 3654.34619141, 6738.21044922, 9021.56738281, 4885.53417969, 6203.91357422, 5612.71386719, 5187.93017578, 6474.71875, 2757.41235352, 2219.86352539, 1532.2557373, 949.063659668, 555.496520996, 532.963378906, 219.95085144, 169.239517212, 111.485282898, 79.2499084473, 66.7989959717, 35.5184288025, 16.6671733856, 18.7283477783, 9.27048110962, 4.48225355148, 3.84480023384, 1.51724934578, 0.123793587089, 0.00441158795729, 0.000399965472752, 1.81583291123e-05, 1.95038637685e-07, 4.81498285687e-10],
        "max": [4.73877334595, 27.7147827148, 77.3571777344, 151.708114624, 148.071594238, 460.18170166, 878.37298584, 838.512817383, 1078.5670166, 2726.39526367, 2354.21386719, 1339.64135742, 2148.57714844, 1759.62805176, 1653.36914062, 1579.90124512, 1619.36730957, 1542.74230957, 1491.23266602, 795.934143066, 934.872009277, 1207.49377441, 591.607421875, 817.556335449, 451.059112549, 448.458496094, 521.102539062, 265.062805176, 196.191879272, 203.925445557, 164.115707397, 150.805160522, 78.7764587402, 46.2224769592, 26.0053100586, 3.58945298195, 1.0603852272, 0.289050579071, 0.0346708931029, 0.000586891837884],
        "mean": [0.162918776274, 1.83064615726, 3.168186903, 5.89271736145, 9.51776695251, 13.6037778854, 22.1029701233, 28.9065551758, 33.9649200439, 30.6977348328, 36.2557487488, 29.6719932556, 34.6806983948, 32.8080711365, 29.0967445374, 26.3256626129, 20.191078186, 16.9629459381, 14.0148363113, 10.9298400879, 8.72276496887, 7.9091758728, 5.85598897934, 4.5660777092, 3.84732317924, 2.39284658432, 1.46412825584, 0.99170768261, 0.807678997517, 0.801302015781, 0.692553341389, 0.494810730219, 0.414269506931, 0.21695497632, 0.0584589615464, 0.0126050915569, 0.00342040811665, 0.000684438156895, 6.2250168412e-05, 3.43401516147e-05],
        "median": [0.0246122181416, 0.309636592865, 1.30472993851, 2.62883448601, 4.33976173401, 6.56681346893, 8.79415512085, 12.9948348999, 14.9790029526, 9.68570041656, 7.973279953, 6.85951805115, 8.187292099, 8.43795394897, 6.53570508957, 4.88699960709, 3.98737001419, 3.46124982834, 2.61218976974, 1.98661541939, 1.15388000011, 0.832570195198, 0.690219461918, 0.51660323143, 0.390311330557, 0.248413771391, 0.0899698585272, 0.0406181551516, 0.0270009487867, 0.0222796946764, 0.0204271525145, 0.0112961921841, 0.00480039045215, 0.002602834953, 0.00109777052421, 0.000337230565492, 9.37477889238e-05, 2.76463397313e-05, 1.64042830875e-05, 2.72097531706e-05],
        "min": [2.36599125931e-22, 1.00584233524e-21, 7.12302996928e-21, 1.27704303103e-20, 1.26434257745e-20, 5.12943292768e-20, 4.74425465985e-20, 7.49821130703e-20, 1.74808712161e-19, 2.51428009534e-19, 5.85997700195e-19, 6.77350493069e-19, 1.05173564364e-18, 1.50434374921e-18, 1.39758089172e-18, 1.15310414616e-18, 2.32494145166e-18, 1.75718701308e-18, 3.20604844988e-18, 3.79753325267e-18, 4.46173695068e-18, 5.28681817883e-18, 7.40352787142e-18, 7.60435408926e-18, 7.92999855281e-18, 8.63173557111e-18, 9.44991811296e-18, 1.09153124087e-17, 1.1821137218e-17, 1.23339329495e-17, 1.38758323528e-17, 1.01935791262e-17, 1.26964787673e-17, 9.38246070682e-18, 6.05890484028e-18, 4.40365274165e-18, 2.32611666851e-18, 1.02585057733e-18, 2.7522201495e-19, 2.71789221871e-20],
        "var": [0.109279088676, 7.37524986267, 21.5838546753, 81.4791183472, 203.325592041, 477.528900146, 1393.85217285, 2372.27563477, 3208.6237793, 4906.16455078, 7472.78662109, 5895.72265625, 7787.07910156, 5600.59179688, 4621.50927734, 5877.06494141, 3304.49755859, 1904.55480957, 2011.57299805, 863.473693848, 625.143005371, 1191.08520508, 419.781890869, 250.191925049, 143.7681427, 61.999786377, 48.2044715881, 35.6086997986, 16.6378746033, 19.2461662292, 15.338054657, 11.0264072418, 11.1318845749, 3.57454538345, 0.230878815055, 0.00737572601065, 0.000561620749068, 2.2869944587e-05, 2.21772694431e-07, 9.97818050408e-10]
    },
    "gfcc": {
        "mean": [-129.676376343, 173.00630188, -94.0604171753, 0.306793063879, -48.5278930664, -5.75102949142, -29.6956748962, -1.98472940922, -16.1653404236, -5.86251306534, -4.55636548996, -3.40197038651, -5.09511613846],
        "cov": [[23710.578125, -2060.71801758, -4819.65429688, 2806.22045898, 53.6237411499, 1672.77709961, 35.5364532471, 575.772277832, -62.4087142944, 141.533309937, -164.31401062, -69.8056106567, -291.453094482], [-2060.71801758, 3126.49658203, 453.454284668, -1368.3717041, 474.230957031, -495.642913818, 420.021148682, -281.931549072, 195.592086792, -208.195419312, 175.84135437, -162.545150757, 171.350906372], [-4819.65429688, 453.454284668, 2689.82299805, -86.3773117065, -251.850372314, -305.755889893, -202.040008545, -151.51776123, -171.667388916, -148.428970337, -34.6628684998, 10.7368040085, -37.4744529724], [2806.22045898, -1368.3717041, -86.3773117065, 1639.03808594, 90.9046096802, 361.577606201, -75.4992141724, 110.505371094, -88.939453125, 36.5424766541, -109.014183044, 55.606086731, -101.537414551], [53.6237411499, 474.230957031, -251.850372314, 90.9046096802, 722.405273438, 168.328277588, 185.172821045, 2.09214282036, 102.926651001, 67.2651443481, -1.0298358202, -29.810092926, 35.4196662903], [1672.77709961, -495.642913818, -305.755889893, 361.577606201, 168.328277588, 580.520690918, 140.401489258, 113.155822754, 2.02136421204, 94.7426681519, -46.1452903748, 22.4129047394, -48.3213577271], [35.5364532471, 420.021148682, -202.040008545, -75.4992141724, 185.172821045, 140.401489258, 445.143859863, 53.3480186462, 89.6799087524, 29.7252693176, 28.8693466187, -3.15905833244, 41.6109046936], [575.772277832, -281.931549072, -151.51776123, 110.505371094, 2.09214282036, 113.155822754, 53.3480186462, 217.886108398, 53.3885726929, 39.8008728027, -26.0082015991, 10.0660085678, -21.4589366913], [-62.4087142944, 195.592086792, -171.667388916, -88.939453125, 102.926651001, 2.02136421204, 89.6799087524, 53.3885726929, 198.867996216, 58.3498039246, 16.8390464783, -2.16462421417, 29.2392730713], [141.533309937, -208.195419312, -148.428970337, 36.5424766541, 67.2651443481, 94.7426681519, 29.7252693176, 39.8008728027, 58.3498039246, 198.692138672, 16.7785243988, 14.3447790146, 5.15268564224], [-164.31401062, 175.84135437, -34.6628684998, -109.014183044, -1.0298358202, -46.1452903748, 28.8693466187, -26.0082015991, 16.8390464783, 16.7785243988, 143.031555176, 26.3008098602, 22.8258857727], [-69.8056106567, -162.545150757, 10.7368040085, 55.606086731, -29.810092926, 22.4129047394, -3.15905833244, 10.0660085678, -2.16462421417, 14.3447790146, 26.3008098602, 128.153564453, 37.1793327332], [-291.453094482, 171.350906372, -37.4744529724, -101.537414551, 35.4196662903, -48.3213577271, 41.6109046936, -21.4589366913, 29.2392730713, 5.15268564224, 22.8258857727, 37.1793327332, 123.010284424]],
        "icov": [[0.000221230919124, -0.000554891768843, 0.00048388846335, -0.000597911770456, 0.000543322006706, -0.000595531717408, 0.000548293755855, -0.000491955317557, 0.000409321306506, -0.000282182649244, 0.000186882229173, -0.00014319991169, 0.00021245154494], [-0.000554891768843, 0.00290401931852, -0.0014926425647, 0.002335696714, -0.00234081130475, 0.00205455720425, -0.00248374836519, 0.0022903571371, -0.00193904165644, 0.00221385573968, -0.00139530654997, 0.00165497302078, -0.00103901932016], [0.00048388846335, -0.0014926425647, 0.00154409278184, -0.0014563803561, 0.0014110772172, -0.0012131241383, 0.00142172933556, -0.00110678491183, 0.00129013566766, -0.000786124786828, 0.000740112212952, -0.000722793687601, 0.000744499673601], [-0.000597911770456, 0.002335696714, -0.0014563803561, 0.00289593404159, -0.00216372660361, 0.00153813883662, -0.0018774557393, 0.00169102486689, -0.00130275799893, 0.00159618793987, -0.000617487297859, 0.00058915669797, -0.000386857311241], [0.000543322006706, -0.00234081130475, 0.0014110772172, -0.00216372660361, 0.00379273947328, -0.00226951157674, 0.0015916879056, -0.00131225888617, 0.00082762556849, -0.00187102460768, 0.00110283039976, -0.000513085746206, 0.000273011362879], [-0.000595531717408, 0.00205455720425, -0.0012131241383, 0.00153813883662, -0.00226951157674, 0.00470008701086, -0.00276060448959, 0.000965238024946, -0.000580580090173, 0.000300415849779, -0.000141008029459, 0.000106374704046, 0.000348534551449], [0.000548293755855, -0.00248374836519, 0.00142172933556, -0.0018774557393, 0.0015916879056, -0.00276060448959, 0.00526818400249, -0.00247426331043, 0.000847165647428, -0.00132044090424, 0.000434094981756, -0.00088453781791, -7.34085188014e-05], [-0.000491955317557, 0.0022903571371, -0.00110678491183, 0.00169102486689, -0.00131225888617, 0.000965238024946, -0.00247426331043, 0.00792279466987, -0.00336584169418, 0.00132256280631, -2.18241093535e-05, 0.000563667097595, 0.000257078936556], [0.000409321306506, -0.00193904165644, 0.00129013566766, -0.00130275799893, 0.00082762556849, -0.000580580090173, 0.000847165647428, -0.00336584169418, 0.00854928139597, -0.00308595388196, 0.000738640781492, -0.000820044311695, -0.000143643614138], [-0.000282182649244, 0.00221385573968, -0.000786124786828, 0.00159618793987, -0.00187102460768, 0.000300415849779, -0.00132044090424, 0.00132256280631, -0.00308595388196, 0.00811944156885, -0.00208257348277, 0.00113157648593, -0.000902391620912], [0.000186882229173, -0.00139530654997, 0.000740112212952, -0.000617487297859, 0.00110283039976, -0.000141008029459, 0.000434094981756, -2.18241093535e-05, 0.000738640781492, -0.00208257348277, 0.00909625552595, -0.00299493130296, 0.000707564235199], [-0.00014319991169, 0.00165497302078, -0.000722793687601, 0.00058915669797, -0.000513085746206, 0.000106374704046, -0.00088453781791, 0.000563667097595, -0.000820044311695, 0.00113157648593, -0.00299493130296, 0.0111967623234, -0.00447235582396], [0.00021245154494, -0.00103901932016, 0.000744499673601, -0.000386857311241, 0.000273011362879, 0.000348534551449, -7.34085188014e-05, 0.000257078936556, -0.000143643614138, -0.000902391620912, 0.000707564235199, -0.00447235582396, 0.0114079639316]]
    },
    "melbands": {
        "dmean": [0.000669665110763, 0.000648465065751, 0.000429975101724, 0.000354107411113, 0.000345233129337, 0.000288418668788, 0.000245317758527, 0.000178451504325, 0.000147376122186, 8.60367872519e-05, 8.73928438523e-05, 7.50792169129e-05, 5.95150777372e-05, 4.70424274681e-05, 3.25649089064e-05, 2.18562581722e-05, 1.84949967661e-05, 1.48250355778e-05, 8.99028418644e-06, 6.9075040301e-06, 6.07016772847e-06, 4.42473265139e-06, 3.9220672079e-06, 2.5487372568e-06, 1.93194546227e-06, 2.07363586924e-06, 1.07822620521e-06, 8.06861635283e-07, 5.08720404468e-07, 4.40570744331e-07, 3.04589889311e-07, 2.57489318756e-07, 3.07307516323e-07, 2.50902616017e-07, 2.27397109143e-07, 1.72111967345e-07, 1.33094033572e-07, 1.32655287644e-07, 1.22986008932e-07, 7.91114587173e-08],
        "dmean2": [0.00111446320079, 0.00104423880111, 0.000687752093654, 0.000568181450944, 0.000556976709049, 0.000460993906017, 0.000393096939661, 0.000287168484647, 0.000232344857068, 0.000134549787617, 0.000134843154228, 0.000114960661449, 9.37892764341e-05, 7.57532689022e-05, 5.24241368112e-05, 3.41792256222e-05, 2.95347508654e-05, 2.36134692386e-05, 1.43137849591e-05, 1.1132756299e-05, 9.81248103926e-06, 6.90306933393e-06, 6.10822280578e-06, 4.08381265515e-06, 2.99078942589e-06, 3.29513545694e-06, 1.66638199062e-06, 1.27888097268e-06, 8.1265955032e-07, 6.69532653319e-07, 4.59586402712e-07, 3.92023025597e-07, 4.63330394496e-07, 3.74177631102e-07, 3.43398966152e-07, 2.61224329279e-07, 2.00032374664e-07, 1.963224463e-07, 1.89729817635e-07, 1.13908569688e-07],
        "dvar": [4.89004014526e-06, 2.41931616074e-06, 8.17432237454e-07, 5.39184441095e-07, 5.73669296955e-07, 4.7068650133e-07, 3.15632405545e-07, 3.0144249763e-07, 2.01235707209e-07, 7.80751534535e-08, 6.47661835274e-08, 4.50548363062e-08, 3.16751567198e-08, 2.44570106389e-08, 1.36827873476e-08, 5.26112708954e-09, 3.29898819373e-09, 2.63763721975e-09, 1.291131424e-09, 4.98259988824e-10, 3.94453719688e-10, 4.23309221009e-10, 2.46885845101e-10, 7.4145890816e-11, 7.68631616688e-11, 6.1366474402e-11, 2.06700177807e-11, 1.71117026798e-11, 1.25497043313e-11, 1.07977862762e-11, 3.99590820502e-12, 2.23338405062e-12, 4.65059327853e-12, 2.97160429943e-12, 2.01288638535e-12, 1.25355932232e-12, 1.02705279177e-12, 1.01342859885e-12, 1.25234425694e-12, 5.46066826739e-13],
        "dvar2": [1.33793291752e-05, 6.62049251332e-06, 2.07880157177e-06, 1.47941034356e-06, 1.51068002197e-06, 1.24372058963e-06, 8.11053382677e-07, 8.12311441223e-07, 5.40787937098e-07, 1.99306967374e-07, 1.6154180571e-07, 1.0751866597e-07, 7.59608980161e-08, 6.34616696971e-08, 3.44149491127e-08, 1.17836247426e-08, 8.1273903163e-09, 5.68127589418e-09, 2.82113821193e-09, 1.13478770825e-09, 8.82972250871e-10, 8.03659583326e-10, 5.48515288745e-10, 1.66382338462e-10, 1.4558504402e-10, 1.27304056186e-10, 4.32039716503e-11, 4.34641420077e-11, 3.34332873886e-11, 2.21771316589e-11, 8.32014925706e-12, 4.95139953344e-12, 1.00077880011e-11, 5.62335161075e-12, 3.928087456e-12, 2.67549198942e-12, 2.06982759925e-12, 1.91345615567e-12, 3.08957893991e-12, 9.9562599918e-13],
        "max": [0.0364158004522, 0.0375159680843, 0.0231546498835, 0.0183571893722, 0.0238763131201, 0.0191051475704, 0.0154514927417, 0.026214947924, 0.0196343660355, 0.00769729167223, 0.0103809041902, 0.00802062451839, 0.00546526536345, 0.00535300420597, 0.00445065135136, 0.00361394137144, 0.00268584000878, 0.00251342332922, 0.00223028194159, 0.00074418017175, 0.0010319937719, 0.00157800281886, 0.000709799933247, 0.000377738266252, 0.000789838144556, 0.000528599950485, 0.000222324801143, 0.00035842275247, 0.000370930094505, 0.000214073865209, 0.000125412916532, 0.000109059299575, 0.000157806207426, 0.00013956829207, 0.000109720560431, 7.65525692259e-05, 9.35061980272e-05, 6.68318170938e-05, 6.77152493154e-05, 4.73439467896e-05],
        "mean": [0.00185726489872, 0.00204381183721, 0.00112752104178, 0.000821397581603, 0.000754354463425, 0.000643007166218, 0.000503997609485, 0.000344827334629, 0.000279235653579, 0.000185232158401, 0.000177004447323, 0.00014005099365, 0.000101303718111, 7.94335865066e-05, 5.67403803871e-05, 3.88538937841e-05, 2.98414233839e-05, 2.40247973124e-05, 1.50327641677e-05, 1.1562083273e-05, 9.95105256152e-06, 7.9177407315e-06, 7.19696345186e-06, 4.39760606241e-06, 3.52687607119e-06, 3.69518443222e-06, 1.93604705601e-06, 1.43391616803e-06, 9.19912622521e-07, 7.50332731059e-07, 4.92601373026e-07, 4.1459193767e-07, 5.01826150412e-07, 4.28703742728e-07, 4.16452962781e-07, 3.32279171289e-07, 2.9272925417e-07, 3.02146219155e-07, 2.49509298555e-07, 1.61846699598e-07],
        "median": [0.000315379700623, 0.000754716689698, 0.000518330722116, 0.000408688123571, 0.000337743258569, 0.00030257209437, 0.000223191716941, 9.54274728429e-05, 5.91337120568e-05, 3.75425152015e-05, 3.95038441638e-05, 3.25695837091e-05, 1.87501973414e-05, 1.18288480735e-05, 8.25949064165e-06, 7.00459668224e-06, 5.34200626134e-06, 3.57193857781e-06, 2.69816450782e-06, 1.8872713099e-06, 1.01611544778e-06, 7.57382736083e-07, 5.47207150703e-07, 5.12044039169e-07, 3.15977359833e-07, 3.06042579723e-07, 1.69939823991e-07, 1.22605626984e-07, 5.11497191269e-08, 2.73657967398e-08, 1.80365660185e-08, 1.25499557413e-08, 1.24943984048e-08, 1.03492876491e-08, 1.14176526012e-08, 9.01378971463e-09, 4.80499551259e-09, 3.13217540793e-09, 2.3718869091e-09, 1.80012349471e-09],
        "min": [2.54115033703e-24, 3.89841057079e-24, 2.58863936909e-24, 1.92646755309e-24, 1.69661853165e-24, 1.94994306756e-24, 2.89660889155e-24, 2.16765290018e-24, 5.37666096539e-24, 4.27923751152e-24, 4.91537928423e-24, 5.82940598827e-24, 3.59264532291e-24, 2.68624355117e-24, 4.1086688233e-24, 4.27385866344e-24, 2.40260506282e-24, 4.8918692571e-24, 4.24530860399e-24, 4.77069667218e-24, 3.46737223901e-24, 5.08084838112e-24, 5.88573657336e-24, 4.52231829415e-24, 5.71995074881e-24, 4.98238000192e-24, 5.5731638503e-24, 4.54272494247e-24, 4.64191710156e-24, 5.07907383852e-24, 6.43022651394e-24, 5.72664620574e-24, 5.09797494581e-24, 7.85677299266e-24, 7.42817224108e-24, 7.22977530114e-24, 5.95289742981e-24, 7.38458136518e-24, 7.68928914501e-24, 7.46054078174e-24],
        "var": [9.21545506571e-06, 8.10699839349e-06, 2.62192179434e-06, 1.39647409014e-06, 1.47731225297e-06, 1.09779796276e-06, 7.15734245205e-07, 6.16005650045e-07, 4.51972510973e-07, 2.45956414346e-07, 1.97908008204e-07, 1.03987645161e-07, 6.39415276282e-08, 5.17674045852e-08, 3.20670388021e-08, 1.25025270137e-08, 6.5436602803e-09, 6.3120499938e-09, 2.2295068014e-09, 9.80491132729e-10, 9.35839405969e-10, 1.49994250354e-09, 8.49525449986e-10, 1.93093430134e-10, 2.00304328679e-10, 1.52404741605e-10, 4.83004851393e-11, 2.70838143579e-11, 1.902026453e-11, 2.21156253033e-11, 7.79480733432e-12, 4.32429352742e-12, 7.86546001941e-12, 6.39939750496e-12, 5.7624838061e-12, 4.28526788707e-12, 4.7814690575e-12, 5.85938502579e-12, 5.23046406534e-12, 2.17912341817e-12]
    },
    "mfcc": {
        "mean": [-766.052124023, 193.12651062, 17.8797073364, 13.8496618271, 0.60926347971, -2.74111318588, -3.42254590988, 0.525229752064, -7.36698246002, 0.421662062407, -3.36213183403, -2.43184041977, 1.37732028961],
        "cov": [[17620.5390625, -374.307647705, -4020.87963867, 480.690856934, 279.699707031, 838.774902344, 485.842102051, 794.05456543, 190.158432007, 614.77557373, 139.35206604, 139.649703979, 181.407333374], [-374.307647705, 2817.08154297, -72.2879486084, -575.616394043, -53.0564041138, -70.4374389648, 125.639778137, 18.0441894531, 43.821849823, 8.11510562897, 35.1432304382, 28.5928268433, -12.1268978119], [-4020.87963867, -72.2879486084, 2222.50585938, 234.306259155, -132.263198853, -241.959060669, -152.465988159, -201.984420776, -158.023162842, -250.747879028, -154.674118042, -93.3999633789, -64.5176239014], [480.690856934, -575.616394043, 234.306259155, 920.414733887, 235.92666626, 123.199111938, 42.61901474, 38.3744010925, -17.0880794525, -25.3651809692, -64.4922027588, -62.4390296936, -2.1001636982], [279.699707031, -53.0564041138, -132.263198853, 235.92666626, 564.798217773, 198.135971069, 58.1680030823, 42.1120071411, 21.1098251343, 36.9759063721, 19.2273979187, -7.61066532135, 8.31498336792], [838.774902344, -70.4374389648, -241.959060669, 123.199111938, 198.135971069, 462.051177979, 197.453979492, 104.174201965, 116.821731567, 72.0342025757, 60.1869850159, 38.6335639954, 38.4200286865], [485.842102051, 125.639778137, -152.465988159, 42.61901474, 58.1680030823, 197.453979492, 307.990570068, 120.300178528, 71.5978469849, 58.3888244629, 42.5187568665, 34.7142524719, 15.4854240417], [794.05456543, 18.0441894531, -201.984420776, 38.3744010925, 42.1120071411, 104.174201965, 120.300178528, 254.04447937, 90.6756591797, 67.1814117432, 24.0320053101, 24.0482788086, 30.728553772], [190.158432007, 43.821849823, -158.023162842, -17.0880794525, 21.1098251343, 116.821731567, 71.5978469849, 90.6756591797, 234.48336792, 93.2199325562, 57.0894546509, 32.5817489624, 23.2101993561], [614.77557373, 8.11510562897, -250.747879028, -25.3651809692, 36.9759063721, 72.0342025757, 58.3888244629, 67.1814117432, 93.2199325562, 189.723937988, 76.7241363525, 28.0569324493, 7.6315946579], [139.35206604, 35.1432304382, -154.674118042, -64.4922027588, 19.2273979187, 60.1869850159, 42.5187568665, 24.0320053101, 57.0894546509, 76.7241363525, 151.442428589, 61.3161315918, 9.04511356354], [139.649703979, 28.5928268433, -93.3999633789, -62.4390296936, -7.61066532135, 38.6335639954, 34.7142524719, 24.0482788086, 32.5817489624, 28.0569324493, 61.3161315918, 130.39642334, 44.065032959], [181.407333374, -12.1268978119, -64.5176239014, -2.1001636982, 8.31498336792, 38.4200286865, 15.4854240417, 30.728553772, 23.2101993561, 7.6315946579, 9.04511356354, 44.065032959, 109.386421204]],
