{
"lowlevel": {
    "average_loudness": 0.971309423447,
    "barkbands_crest": {
        "dmean": 3.66950774193,
        "dmean2": 5.82508897781,
        "dvar": 13.5741853714,
        "dvar2": 31.7604160309,
        "max": 26.8082408905,
        "mean": 13.6277914047,
        "median": 12.1653528214,
        "min": 2.3968372345,
        "var": 41.4832801819
    },
    "barkbands_flatness_db": {
        "dmean": 0.041956089437,
        "dmean2": 0.0628339871764,
        "dvar": 0.00220902683213,
        "dvar2": 0.0048865606077,
        "max": 0.615323424339,
        "mean": 0.191021636128,
        "median": 0.168782517314,
        "min": 0.0162756871432,
        "var": 0.00835120212287
    },
    "barkbands_kurtosis": {
        "dmean": 31.0430812836,
        "dmean2": 49.8902931213,
        "dvar": 10853.0664062,
        "dvar2": 27032.0878906,
        "max": 2288.03662109,
        "mean": 45.2470474243,
        "median": 5.0051112175,
        "min": -1.95599353313,
        "var": 25383.5976562
    },
    "barkbands_skewness": {
        "dmean": 1.65995669365,
        "dmean2": 2.53772234917,
        "dvar": 7.16508436203,
        "dvar2": 16.7716026306,
        "max": 46.3364028931,
        "mean": 3.38481283188,
        "median": 2.14044904709,
        "min": -9.29044723511,
        "var": 21.2090435028
    },
    "barkbands_spread": {
        "dmean": 8.31098842621,
        "dmean2": 13.0867290497,
        "dvar": 151.850387573,
        "dvar2": 366.724304199,
        "max": 133.619537354,
        "mean": 18.2218875885,
        "median": 14.8086500168,
        "min": 0.0981756597757,
        "var": 291.077362061
    },
    "dissonance": {
        "dmean": 0.0201325751841,
        "dmean2": 0.0324981883168,
        "dvar": 0.000594804354478,
        "dvar2": 0.00145663507283,
        "max": 0.500000059605,
        "mean": 0.462198704481,
        "median": 0.474768280983,
        "min": 0.143591910601,
        "var": 0.00155078526586
    },
    "dynamic_complexity": 3.8138654232,
    "erbbands_crest": {
        "dmean": 2.84992432594,
        "dmean2": 4.59592628479,
        "dvar": 8.56579589844,
        "dvar2": 20.5140399933,
        "max": 30.1863193512,
        "mean": 9.11205101013,
        "median": 7.70606994629,
        "min": 2.391310215,
        "var": 24.6567153931
    },
    "erbbands_flatness_db": {
        "dmean": 0.0222572982311,
        "dmean2": 0.0312219578773,
        "dvar": 0.000549318792764,
        "dvar2": 0.00106334779412,
        "max": 0.357285678387,
        "mean": 0.155619576573,
        "median": 0.151156306267,
        "min": 0.0376168377697,
        "var": 0.00269223167561
    },
    "erbbands_kurtosis": {
        "dmean": 1.85303139687,
        "dmean2": 2.8970580101,
        "dvar": 17.8866233826,
        "dvar2": 41.9930992126,
        "max": 92.9902954102,
        "mean": 1.41187250614,
        "median": -0.165838241577,
        "min": -1.91557705402,
        "var": 28.3745594025
    },
    "erbbands_skewness": {
        "dmean": 0.555484890938,
        "dmean2": 0.842231690884,
        "dvar": 0.433445364237,
        "dvar2": 0.942513883114,
        "max": 8.54222583771,
        "mean": 0.174763545394,
        "median": -0.0629281997681,
        "min": -4.91173696518,
        "var": 1.42424881458
    },
    "erbbands_spread": {
        "dmean": 13.2227334976,
        "dmean2": 19.4839191437,
        "dvar": 242.498184204,
        "dvar2": 503.858764648,
        "max": 201.836654663,
        "mean": 46.3926506042,
        "median": 40.6059761047,
        "min": 2.89350295067,
        "var": 833.378356934
    },
    "hfc": {
        "dmean": 8.84060001373,
        "dmean2": 12.9499616623,
        "dvar": 244.493743896,
        "dvar2": 564.90637207,
        "max": 145.164169312,
        "mean": 15.2123727798,
        "median": 9.82276344299,
        "min": 1.09032158848e-16,
        "var": 341.687438965
    },
    "melbands_crest": {
        "dmean": 4.07217311859,
        "dmean2": 6.26659250259,
        "dvar": 16.0438632965,
        "dvar2": 35.5561103821,
        "max": 39.7681121826,
        "mean": 18.963136673,
        "median": 18.0916061401,
        "min": 1.48962199688,
        "var": 69.3286361694
    },
    "melbands_flatness_db": {
        "dmean": 0.0482864566147,
        "dmean2": 0.0709234401584,
        "dvar": 0.00283901346847,
        "dvar2": 0.00589597038925,
        "max": 0.745907008648,
        "mean": 0.269281208515,
        "median": 0.247227489948,
        "min": 0.00260611833073,
        "var": 0.011906394735
    },
    "melbands_kurtosis": {
        "dmean": 48.5685806274,
        "dmean2": 74.7894515991,
        "dvar": 12660.4335938,
        "dvar2": 26491.2480469,
        "max": 3451.359375,
        "mean": 79.8658676147,
        "median": 16.4482822418,
        "min": -1.94346988201,
        "var": 35428.1757812
    },
    "melbands_skewness": {
        "dmean": 1.96782588959,
        "dmean2": 2.92289471626,
        "dvar": 6.66551733017,
        "dvar2": 13.7378864288,
        "max": 49.3657226562,
        "mean": 5.00660228729,
        "median": 3.47502374649,
        "min": -5.44929695129,
        "var": 23.3714256287
    },
    "melbands_spread": {
        "dmean": 9.37050914764,
        "dmean2": 14.6799440384,
        "dvar": 362.859527588,
        "dvar2": 838.653808594,
        "max": 321.123291016,
        "mean": 18.9216308594,
        "median": 12.3804006577,
        "min": 0.0586212538183,
        "var": 673.9921875
    },
    "pitch_salience": {
        "dmean": 0.106097191572,
        "dmean2": 0.172042518854,
        "dvar": 0.0134446509182,
        "dvar2": 0.0323138609529,
        "max": 0.917803406715,
        "mean": 0.460079103708,
        "median": 0.495998799801,
        "min": 0.0197898596525,
        "var": 0.0368802957237
    },
    "silence_rate_20dB": {
        "dmean": 0.03886686638,
        "dmean2": 0.0777412503958,
        "dvar": 0.0373611450195,
        "dvar2": 0.109412498772,
        "max": 1,
        "mean": 0.979988396168,
        "median": 1,
        "min": 0,
        "var": 0.0196086615324
    },
    "silence_rate_30dB": {
        "dmean": 0.0943633392453,
        "dmean2": 0.188744917512,
        "dvar": 0.0854647234082,
        "dvar2": 0.157575085759,
        "max": 1,
        "mean": 0.879447042942,
        "median": 1,
        "min": 0,
        "var": 0.10601580143
    },
    "silence_rate_60dB": {
        "dmean": 0.0382867641747,
        "dmean2": 0.0765809342265,
        "dvar": 0.0368200168014,
        "dvar2": 0.0834757834673,
        "max": 1,
        "mean": 0.0875870063901,
        "median": 0,
        "min": 0,
        "var": 0.0799187719822
    },
    "spectral_centroid": {
        "dmean": 354.586517334,
        "dmean2": 541.256408691,
        "dvar": 212957.28125,
        "dvar2": 420347,
        "max": 11761.7851562,
        "mean": 1386.41796875,
        "median": 1156.20410156,
        "min": 93.8601150513,
        "var": 1592696.875
    },
    "spectral_complexity": {
        "dmean": 5.08440494537,
        "dmean2": 7.45194339752,
        "dvar": 52.4649047852,
        "dvar2": 109.963768005,
        "max": 68,
        "mean": 13.4488592148,
        "median": 12,
        "min": 0,
        "var": 106.499259949
    },
    "spectral_decrease": {
        "dmean": 1.00230543865e-08,
        "dmean2": 1.56892969727e-08,
        "dvar": 5.0944748967e-16,
        "dvar2": 1.14745636952e-15,
        "max": 3.63317681495e-10,
        "mean": -1.23729710921e-08,
        "median": -5.37193711736e-09,
        "min": -1.5795532704e-07,
        "var": 5.26287404634e-16
    },
    "spectral_energy": {
        "dmean": 0.0383732952178,
        "dmean2": 0.0599331185222,
        "dvar": 0.00740017276257,
        "dvar2": 0.0166141409427,
        "max": 0.603582322598,
        "mean": 0.0480780750513,
        "median": 0.0214631408453,
        "min": 1.01478913367e-20,
        "var": 0.00768948765472
    },
    "spectral_energyband_high": {
        "dmean": 0.000414731272031,
        "dmean2": 0.000614276737906,
        "dvar": 7.29153555312e-07,
        "dvar2": 1.56492740189e-06,
        "max": 0.0135958641768,
        "mean": 0.000598538084887,
        "median": 0.000125910533825,
        "min": 7.14644467361e-21,
        "var": 1.44464229379e-06
    },
    "spectral_energyband_low": {
        "dmean": 0.0360244996846,
        "dmean2": 0.0575151108205,
        "dvar": 0.0074753491208,
        "dvar2": 0.017403787002,
        "max": 0.591000497341,
        "mean": 0.0375450849533,
        "median": 0.0084192994982,
        "min": 1.44456161632e-23,
        "var": 0.00725819077343
    },
    "spectral_energyband_middle_high": {
        "dmean": 0.00197684951127,
        "dmean2": 0.00310737965629,
        "dvar": 1.09808825073e-05,
        "dvar2": 2.78964344034e-05,
        "max": 0.0351638533175,
        "mean": 0.0034156634938,
        "median": 0.00185013166629,
        "min": 1.13546260755e-21,
        "var": 1.98325160454e-05
    },
    "spectral_energyband_middle_low": {
        "dmean": 0.00544273993,
        "dmean2": 0.00932721234858,
        "dvar": 0.000121244869661,
        "dvar2": 0.000332741008606,
        "max": 0.0941537991166,
        "mean": 0.00799511466175,
        "median": 0.00504456087947,
        "min": 1.45619949193e-22,
        "var": 0.000103309037513
    },
    "spectral_entropy": {
        "dmean": 0.248818993568,
        "dmean2": 0.350451886654,
        "dvar": 0.0833694934845,
        "dvar2": 0.164336755872,
        "max": 9.82761764526,
        "mean": 7.50546598434,
        "median": 7.50269699097,
        "min": 4.62057256699,
        "var": 0.385904014111
    },
    "spectral_flux": {
        "dmean": 0.0590824447572,
        "dmean2": 0.0880719795823,
        "dvar": 0.0089181996882,
        "dvar2": 0.0168866552413,
        "max": 0.719025909901,
        "mean": 0.115705452859,
        "median": 0.0699233561754,
        "min": 6.34561153623e-11,
        "var": 0.0165071729571
    },
    "spectral_kurtosis": {
        "dmean": 2.11129426956,
        "dmean2": 3.40143203735,
        "dvar": 7.91345977783,
        "dvar2": 19.5432319641,
        "max": 50.7321166992,
        "mean": 4.93674039841,
        "median": 3.9508190155,
        "min": -1.24982881546,
        "var": 18.2852993011
    },
    "spectral_rms": {
        "dmean": 0.00195552222431,
        "dmean2": 0.00287822261453,
        "dvar": 1.03966649476e-05,
        "dvar2": 2.03471299756e-05,
        "max": 0.0242664553225,
        "mean": 0.00545329321176,
        "median": 0.00457598641515,
        "min": 3.14648719406e-12,
        "var": 1.71670635609e-05
    },
    "spectral_rolloff": {
        "dmean": 575.821166992,
        "dmean2": 980.810974121,
        "dvar": 1975035.125,
        "dvar2": 4371652.5,
        "max": 19487.5488281,
        "mean": 1233.79321289,
        "median": 516.796875,
        "min": 21.533203125,
        "var": 6471610.5
    },
    "spectral_skewness": {
        "dmean": 0.311168640852,
        "dmean2": 0.474117964506,
        "dvar": 0.123526461422,
        "dvar2": 0.276046872139,
        "max": 6.15246629715,
        "mean": 1.530195117,
        "median": 1.50315439701,
        "min": -0.390693545341,
        "var": 0.442439466715
    },
    "spectral_spread": {
        "dmean": 733053.375,
        "dmean2": 1053039.5,
        "dvar": 1.07710919475e+12,
        "dvar2": 2.28399356314e+12,
        "max": 42672280,
        "mean": 5133346,
        "median": 4548721.5,
        "min": 1537425.125,
        "var": 1.50625079788e+13
    },
    "spectral_strongpeak": {
        "dmean": 0.431715130806,
        "dmean2": 0.732359707355,
        "dvar": 0.526774466038,
        "dvar2": 1.36042904854,
        "max": 9.55082893372,
        "mean": 0.713856637478,
        "median": 0.414959073067,
        "min": 0,
        "var": 0.871594369411
    },
    "zerocrossingrate": {
        "dmean": 0.0137741770595,
        "dmean2": 0.016454635188,
        "dvar": 0.000486020144308,
        "dvar2": 0.00058136129519,
        "max": 0.767578125,
        "mean": 0.0517646558583,
        "median": 0.0380859375,
        "min": 0,
        "var": 0.0045312861912
    },
    "barkbands": {
        "dmean": [0.000972089183051, 0.0280082970858, 0.010758488439, 0.00242520775646, 0.00235195481218, 0.000687115825713, 0.000451378175057, 0.000416992494138, 0.000347581168171, 0.000293764984235, 0.000336512777722, 0.000249288743362, 0.000257015723037, 0.000325812347, 0.000294777069939, 0.00024858006509, 0.000163566597621, 0.000183370517334, 0.000187246390851, 0.000157900081831, 0.000142673321534, 6.92762478138e-05, 5.06545475218e-05, 4.91915234306e-05, 4.70699487778e-05, 3.12234624289e-05, 1.00610213849e-05],
        "dmean2": [0.00158204464242, 0.0464276187122, 0.0199064649642, 0.00418587587774, 0.00415663048625, 0.00110520538874, 0.00072439777432, 0.000658828066662, 0.000550597673282, 0.000468742538942, 0.000510441313963, 0.000384660961572, 0.000399444863433, 0.000528821197804, 0.000488018296892, 0.00042656052392, 0.000266848917818, 0.000312916905386, 0.000329614238581, 0.000266403396381, 0.000230476260185, 0.00010753647075, 7.34598797862e-05, 7.23344055586e-05, 6.76833151374e-05, 4.48632818006e-05, 1.61757961905e-05],
        "dvar": [5.01440399603e-06, 0.0046529751271, 0.00129213137552, 3.61589009117e-05, 2.35898096435e-05, 1.89855461485e-06, 1.26180577809e-06, 1.87191210443e-06, 9.21885259686e-07, 5.62873367471e-07, 7.94870004484e-07, 4.78549907257e-07, 3.9099722926e-07, 4.84668930767e-07, 3.70029965779e-07, 2.49467746016e-07, 9.37344495355e-08, 1.9784194194e-07, 3.11127621444e-07, 1.63947234455e-07, 1.26995772121e-07, 1.91632789637e-08, 1.37641151809e-08, 1.96594847068e-08, 4.4380755071e-08, 1.72004774868e-08, 5.31231236778e-09],
        "dvar2": [1.2989534298e-05, 0.0113166142255, 0.00372109585442, 9.98145551421e-05, 6.4878455305e-05, 4.35396941612e-06, 2.95378481496e-06, 4.37472908743e-06, 2.17772276301e-06, 1.35664095069e-06, 1.50229004703e-06, 1.15251748412e-06, 8.76840374531e-07, 1.1974697145e-06, 8.64848914262e-07, 6.86394969307e-07, 2.4117986186e-07, 5.47498530068e-07, 8.66779259923e-07, 4.34162927831e-07, 3.24880943481e-07, 4.03545392658e-08, 2.70001141445e-08, 4.19887520309e-08, 9.37111792609e-08, 3.46633619586e-08, 1.09419540095e-08],
        "max": [0.0447687469423, 0.456602156162, 0.299406975508, 0.0560603141785, 0.0571393854916, 0.0236675459892, 0.0225306749344, 0.0251671802253, 0.02391949296, 0.0232379268855, 0.023848798126, 0.0195047762245, 0.0173864681274, 0.0193833913654, 0.00884657260031, 0.0129407104105, 0.00575092947111, 0.00636917818338, 0.00798170920461, 0.00414349790663, 0.00551928440109, 0.0024078511633, 0.00254524755292, 0.00316966813989, 0.00703476043418, 0.00483766850084, 0.00284920469858],
        "mean": [0.00112691672985, 0.0275447014719, 0.00745087163523, 0.00264216703363, 0.00254200096242, 0.000995433656499, 0.000606121961027, 0.000623195024673, 0.000506008334924, 0.000403122074204, 0.000552346929908, 0.000349669920979, 0.000368961453205, 0.000386386120226, 0.000419821648393, 0.000291818956612, 0.000217523134779, 0.000186366261914, 0.00017348799156, 0.000163237709785, 0.0001501738152, 9.19923040783e-05, 7.63217394706e-05, 7.6502605225e-05, 7.17248331057e-05, 4.89761223434e-05, 1.21081757243e-05],
        "median": [0.000385894818464, 0.00425971252844, 0.000866633490659, 0.000868429604452, 0.000947319203988, 0.000410640437622, 0.000224062416237, 0.000111415880383, 0.000148703300511, 0.000104558530438, 8.32482182886e-05, 0.000107136569568, 8.76979029272e-05, 0.000114097550977, 7.87187163951e-05, 0.000100208577351, 9.39252131502e-05, 6.13011361565e-05, 5.95449419052e-05, 4.66142337245e-05, 2.57038500422e-05, 1.54483677761e-05, 1.29632971948e-05, 1.31590531964e-05, 8.17865111458e-06, 3.51273297383e-06, 5.04502573051e-08],
        "min": [5.85194966079e-25, 8.55210615453e-25, 2.20522343617e-25, 4.19517166169e-25, 5.94231170533e-24, 1.18057799186e-23, 6.8773927125e-24, 8.25631210849e-24, 5.50909769517e-24, 1.16814585954e-23, 1.14885079511e-23, 1.98556794715e-23, 2.64783560975e-23, 3.87453608993e-23, 3.61393052563e-23, 5.53381128738e-23, 9.28403204943e-23, 9.69398917792e-23, 1.28036454186e-22, 2.03383336034e-22, 2.50867915767e-22, 2.81428059069e-22, 4.01942074502e-22, 5.08092005703e-22, 7.92442207513e-22, 1.29775065756e-21, 1.94814181097e-21],
        "var": [4.91499076816e-06, 0.00422023562714, 0.000740775780287, 2.78545976471e-05, 2.12153936445e-05, 3.35507434102e-06, 1.86906515864e-06, 3.6869134874e-06, 1.44340162933e-06, 1.08518668185e-06, 2.42279656959e-06, 8.42372742227e-07, 8.50723040458e-07, 7.2341208579e-07, 9.47065927903e-07, 2.96152506962e-07, 1.11348711584e-07, 1.51431365225e-07, 2.11395771998e-07, 1.38971472552e-07, 1.21375080653e-07, 3.13418730968e-08, 2.76062497306e-08, 4.42630749831e-08, 8.94359715176e-08, 4.48586519042e-08, 1.05878212864e-08]
    },
    "erbbands": {
        "dmean": [0.720605075359, 6.79836511612, 13.4102306366, 10.0166692734, 7.56985616684, 7.71082925797, 6.5855717659, 5.52038955688, 6.09683179855, 7.04272222519, 9.92421722412, 6.81828117371, 8.61262130737, 11.5876302719, 10.8592071533, 8.13599872589, 11.5039825439, 13.0338287354, 17.0857925415, 14.0696210861, 12.4695730209, 9.45635223389, 9.92068004608, 8.93953609467, 9.98911380768, 6.65369033813, 7.27753353119, 3.89784598351, 2.5684325695, 2.1787416935, 1.31633627415, 1.07673239708, 0.808694422245, 0.583961188793, 0.317703843117, 0.146370396018, 0.0588056780398, 0.015484854579, 0.00168837886304, 6.303293776e-05],
        "dmean2": [1.1991648674, 11.2488059998, 23.7764892578, 17.7883548737, 13.6993103027, 13.2162446976, 10.8117570877, 8.9257440567, 9.76735782623, 11.0656089783, 15.4859628677, 10.8202762604, 13.879322052, 17.2054538727, 16.7805995941, 12.5332746506, 17.927904129, 20.6392745972, 28.0875110626, 23.6867408752, 21.2029514313, 15.3006486893, 16.8304767609, 15.2260732651, 17.5491275787, 11.0773391724, 12.0557022095, 6.17650222778, 4.00591278076, 3.27311086655, 1.90489935875, 1.6020128727, 1.19139492512, 0.854375123978, 0.4638466537, 0.216694995761, 0.0860173106194, 0.0226369351149, 0.00270168087445, 9.77537274593e-05],
        "dvar": [2.58104658127, 293.956695557, 1697.1048584, 910.007080078, 281.431518555, 305.126647949, 184.648239136, 140.470718384, 293.637908936, 328.808135986, 1047.33862305, 361.589630127, 557.84765625, 700.40435791, 841.716796875, 417.216583252, 820.815063477, 845.416625977, 1117.38476562, 720.683288574, 584.12902832, 289.055480957, 539.07824707, 543.391174316, 846.174682617, 293.628631592, 347.047424316, 79.4688720703, 26.163110733, 22.2706813812, 8.7943944931, 7.08095979691, 6.91394615173, 7.53539228439, 1.868922472, 0.399083077908, 0.0592407174408, 0.00762453349307, 0.000159708259162, 3.29356488749e-08],
        "dvar2": [6.73169231415, 715.082397461, 4745.66845703, 2572.57788086, 815.944274902, 772.201477051, 453.809661865, 326.054931641, 706.830993652, 723.537536621, 2530.29931641, 868.692199707, 1411.41235352, 1393.62780762, 1689.41711426, 1037.27978516, 1880.40588379, 2043.85107422, 2863.95678711, 1840.02050781, 1615.54968262, 729.755004883, 1492.19543457, 1489.15734863, 2349.74584961, 768.395324707, 881.474060059, 198.740386963, 55.7241706848, 44.8101501465, 17.4475631714, 15.4687318802, 14.9682865143, 16.6845436096, 3.92300701141, 0.873001098633, 0.12094373256, 0.014265649952, 0.000348625006154, 7.07294987023e-08],
        "max": [12.2251729965, 111.166885376, 344.480621338, 272.819549561, 196.220947266, 337.460327148, 227.073013306, 220.336502075, 332.824829102, 580.002990723, 807.271179199, 663.97833252, 897.578430176, 429.081726074, 857.485229492, 863.206848145, 900.895874023, 581.079223633, 881.663452148, 643.487121582, 374.009857178, 260.169036865, 310.677429199, 328.518005371, 359.60256958, 200.322341919, 288.297576904, 101.462890625, 72.3528289795, 101.503692627, 52.6849136353, 52.6085891724, 68.5262908936, 101.951965332, 36.0697555542, 19.8315162659, 9.22460746765, 3.85118079185, 0.521598935127, 0.00668132863939],
        "mean": [0.765767157078, 6.15021800995, 9.99642753601, 9.0997133255, 8.44940185547, 8.19235420227, 7.94825935364, 8.25565910339, 8.41098976135, 9.90966510773, 15.5711221695, 9.97081756592, 12.9382400513, 18.7027626038, 16.4016399384, 12.3700351715, 17.4780025482, 17.3364086151, 21.8594589233, 19.7455501556, 15.6998443604, 12.6374778748, 10.7092590332, 9.17804908752, 9.05279064178, 7.07783031464, 7.36132049561, 4.4395198822, 3.30960702896, 3.00556492805, 2.02644085884, 1.63234889507, 1.24407851696, 0.863714933395, 0.475530743599, 0.222958222032, 0.0878826230764, 0.0227924883366, 0.00202939030714, 8.49192947499e-05],
        "median": [0.141603350639, 0.782393932343, 1.21327233315, 2.42733168602, 3.1131567955, 2.64497947693, 3.09123492241, 3.38694548607, 3.14021658897, 3.77593183517, 3.0687994957, 3.1697306633, 4.48480558395, 4.53475952148, 3.7658727169, 4.53485488892, 4.56732654572, 6.38032436371, 5.9665813446, 5.30011940002, 6.77302265167, 6.01759815216, 3.89670157433, 3.45394039154, 2.8034734726, 2.02731156349, 1.27953827381, 0.795657396317, 0.561902225018, 0.464611113071, 0.357218652964, 0.288596451283, 0.199988543987, 0.103921443224, 0.0495326630771, 0.0201942082494, 0.00535892881453, 0.000610892777331, 3.37239616783e-05, 2.9499295124e-05],
        "min": [3.25334220586e-23, 2.75888538953e-22, 6.31398260574e-22, 3.52168672282e-21, 1.34204464455e-20, 2.08823910526e-20, 5.29310870645e-20, 7.64634901498e-20, 1.02374399388e-19, 1.95617797563e-19, 2.44483233756e-19, 1.27064829481e-19, 3.41154177583e-19, 5.34752517078e-19, 8.66183109013e-19, 1.12140038123e-18, 1.19437011897e-18, 1.93628485058e-18, 2.28077745157e-18, 1.72519445872e-18, 3.83290556362e-18, 4.85363237744e-18, 5.62163318024e-18, 5.86461169492e-18, 7.48914520073e-18, 8.96466666868e-18, 7.26072671919e-18, 1.12203178888e-17, 1.05558743084e-17, 1.08813988307e-17, 1.18190791926e-17, 8.83312923485e-18, 8.66684525221e-18, 8.31224533132e-18, 6.08204521791e-18, 4.25539012943e-18, 2.44150319408e-18, 1.06929079438e-18, 2.61000195281e-19, 2.40749657126e-20],
        "var": [2.44530749321, 254.329391479, 1072.34667969, 579.701782227, 218.897674561, 337.307098389, 232.463668823, 263.512023926, 424.530792236, 531.01953125, 2024.59277344, 548.016662598, 946.453491211, 1881.03637695, 1876.52087402, 771.19329834, 1840.67651367, 1158.48669434, 1732.34606934, 1445.23693848, 626.279663086, 338.70098877, 440.551483154, 401.031555176, 576.040039062, 262.005065918, 322.673217773, 86.6146011353, 41.1657829285, 39.6747283936, 18.9097652435, 15.3544988632, 14.8504962921, 13.4085054398, 3.86154103279, 0.86401951313, 0.147279143333, 0.020317370072, 0.00029022997478, 6.12389925436e-08]
    },
    "gfcc": {
        "mean": [-60.38829422, 90.1239395142, -99.5088119507, 43.9590568542, -39.3351516724, 18.8149452209, -30.8492641449, 11.1752119064, -18.535320282, 5.31190061569, -13.3821973801, 1.27031207085, -6.97090339661],
        "cov": [[23809.6679688, 2394.48486328, -2052.89013672, -107.674186707, -803.990478516, 167.633422852, -787.939208984, 17.0367050171, -491.758911133, -215.646499634, -383.860046387, -88.2439575195, -198.071243286], [2394.48486328, 2728.67236328, -895.326416016, -255.914077759, 301.37991333, -362.995513916, -4.58148908615, -196.473831177, -72.8349609375, -247.276397705, 40.7227478027, -280.10836792, -3.84106206894], [-2052.89013672, -895.326416016, 1713.42626953, 475.249816895, 125.085411072, 168.842819214, 127.418540955, 117.416549683, 91.5988693237, 102.692123413, -6.82945156097, 77.2693557739, -37.9417076111], [-107.674186707, -255.914077759, 475.249816895, 1108.14416504, 317.771087646, 251.259063721, 223.773742676, 69.1643600464, 95.9266891479, 41.1781196594, 17.746427536, -56.6099243164, 47.8713264465], [-803.990478516, 301.37991333, 125.085411072, 317.771087646, 491.702026367, 92.6111984253, 170.053466797, -10.8393535614, 89.0134048462, -9.25336837769, 49.0148124695, -83.6257095337, 13.118598938], [167.633422852, -362.995513916, 168.842819214, 251.259063721, 92.6111984253, 366.548339844, 172.342636108, 95.1864395142, 59.2294807434, 57.5035514832, 45.6025314331, 30.3245792389, 1.45225811005], [-787.939208984, -4.58148908615, 127.418540955, 223.773742676, 170.053466797, 172.342636108, 329.577697754, 81.2232818604, 83.9882736206, 43.7445068359, 82.7298812866, -10.6175022125, 18.3522853851], [17.0367050171, -196.473831177, 117.416549683, 69.1643600464, -10.8393535614, 95.1864395142, 81.2232818604, 153.944213867, 72.4270019531, 52.7016296387, 8.01133060455, 27.7955646515, 6.51303863525], [-491.758911133, -72.8349609375, 91.5988693237, 95.9266891479, 89.0134048462, 59.2294807434, 83.9882736206, 72.4270019531, 173.6277771, 60.5400085449, 23.4501304626, 4.81161117554, 36.3477363586], [-215.646499634, -247.276397705, 102.692123413, 41.1781196594, -9.25336837769, 57.5035514832, 43.7445068359, 52.7016296387, 60.5400085449, 120.835273743, 32.744468689, 31.8667793274, -3.13337874413], [-383.860046387, 40.7227478027, -6.82945156097, 17.746427536, 49.0148124695, 45.6025314331, 82.7298812866, 8.01133060455, 23.4501304626, 32.744468689, 109.327720642, 19.3988361359, 22.2817764282], [-88.2439575195, -280.10836792, 77.2693557739, -56.6099243164, -83.6257095337, 30.3245792389, -10.6175022125, 27.7955646515, 4.81161117554, 31.8667793274, 19.3988361359, 119.485618591, 27.7483329773], [-198.071243286, -3.84106206894, -37.9417076111, 47.8713264465, 13.118598938, 1.45225811005, 18.3522853851, 6.51303863525, 36.3477363586, -3.13337874413, 22.2817764282, 27.7483329773, 102.852714539]],
        "icov": [[8.9501569164e-05, -0.00017781702627, 7.2440772783e-05, -0.0001124704213, 0.000163075645105, -0.000315784709528, 0.000275902275462, -0.00017691773246, 0.000176673827809, -0.000196357097593, 0.000302631087834, -0.000221821464947, 0.000116287548735], [-0.00017781702627, 0.00117605528794, 0.000116331822937, 0.000343349936884, -0.000709072512109, 0.00127868587151, -0.000735244655516, 0.000304853223497, -0.000456951587694, 0.00151868804824, -0.00140668277163, 0.00163492956199, -0.000159727132996], [7.2440772783e-05, 0.000116331822937, 0.000921992585063, -0.000398275326006, -0.000152755004819, 4.67328391096e-05, 9.96930612018e-05, -0.000371388858184, -1.85397693713e-05, -5.5940283346e-05, 0.000312893884256, -0.000708270526957, 0.000822036061436], [-0.0001124704213, 0.000343349936884, -0.000398275326006, 0.00169042649213, -0.000857966369949, -0.000245342613198, -0.000680990109686, 0.000197662622668, 0.000112891684694, -4.4445052481e-05, 0.00018224408268, 0.00143456924707, -0.00138334534131], [0.000163075645105, -0.000709072512109, -0.000152755004819, -0.000857966369949, 0.00417887885123, -0.00115058827214, -0.000428602535976, 0.00124793429859, -0.00155915087089, 0.000348203640897, -0.000225919939112, 0.000936454220209, 0.000469142920338], [-0.000315784709528, 0.00127868587151, 4.67328391096e-05, -0.000245342613198, -0.00115058827214, 0.00614619720727, -0.00255829584785, -0.00093845842639, -0.000416466558818, 0.00116525474004, -0.00201417296194, 0.000105508399429, 0.000737492868211], [0.000275902275462, -0.000735244655516, 9.96930612018e-05, -0.000680990109686, -0.000428602535976, -0.00255829584785, 0.00695578427985, -0.00262722768821, 1.73363259819e-05, -0.000421402306529, -0.00241857278161, 9.39019519137e-05, 0.000353274168447], [-0.00017691773246, 0.000304853223497, -0.000371388858184, 0.000197662622668, 0.00124793429859, -0.00093845842639, -0.00262722768821, 0.0114437835291, -0.00393133005127, -0.00117712991778, 0.00145607045852, -0.000691759283654, 0.000264519941993], [0.000176673827809, -0.000456951587694, -1.85397693713e-05, 0.000112891684694, -0.00155915087089, -0.000416466558818, 1.73363259819e-05, -0.00393133005127, 0.0108909793198, -0.0050389925018, 0.00177155283745, 0.000560818007216, -0.00382304028608], [-0.000196357097593, 0.00151868804824, -5.5940283346e-05, -4.4445052481e-05, 0.000348203640897, 0.00116525474004, -0.000421402306529, -0.00117712991778, -0.0050389925018, 0.0154158174992, -0.00566971395165, -0.000135648646392, 0.00328276143409], [0.000302631087834, -0.00140668277163, 0.000312893884256, 0.00018224408268, -0.000225919939112, -0.00201417296194, -0.00241857278161, 0.00145607045852, 0.00177155283745, -0.00566971395165, 0.0158663280308, -0.00401614420116, -0.0021950553637], [-0.000221821464947, 0.00163492956199, -0.000708270526957, 0.00143456924707, 0.000936454220209, 0.000105508399429, 9.39019519137e-05, -0.000691759283654, 0.000560818007216, -0.000135648646392, -0.00401614420116, 0.015796545893, -0.00498295901343], [0.000116287548735, -0.000159727132996, 0.000822036061436, -0.00138334534131, 0.000469142920338, 0.000737492868211, 0.000353274168447, 0.000264519941993, -0.00382304028608, 0.00328276143409, -0.0021950553637, -0.00498295901343, 0.014008609578]]
    },
    "melbands": {
        "dmean": [0.00732183782384, 0.00765651604161, 0.00167595315725, 0.000547154049855, 0.000254623795627, 0.000124713536934, 9.0710404038e-05, 7.99529079814e-05, 8.2577993453e-05, 4.13432389905e-05, 4.51258310932e-05, 4.77720313938e-05, 4.25459620601e-05, 2.49113363679e-05, 2.45905612246e-05, 2.81142965832e-05, 2.49302283919e-05, 2.98748382193e-05, 2.41717261815e-05, 1.81756659003e-05, 1.4097679923e-05, 1.04377804746e-05, 8.76595368027e-06, 8.71602333063e-06, 7.15720852895e-06, 7.9313704191e-06, 7.06116952642e-06, 3.71076271222e-06, 4.57879332316e-06, 3.57682188223e-06, 1.94198446479e-06, 1.45172111843e-06, 1.39196515647e-06, 1.19502783491e-06, 7.93758658801e-07, 7.02655768237e-07, 6.62583374833e-07, 5.96170821154e-07, 5.47581009869e-07, 4.9385573675e-07],
        "dmean2": [0.0122299706563, 0.0126632740721, 0.00299238739535, 0.000974837108515, 0.000418625684688, 0.000201502989512, 0.000145216719829, 0.000123780599097, 0.00012907513883, 6.57800410409e-05, 7.26141952327e-05, 7.07735453034e-05, 6.5191728936e-05, 3.86823739973e-05, 3.80261772079e-05, 4.33361601608e-05, 3.96606665163e-05, 4.94171436003e-05, 3.95329552703e-05, 3.12621705234e-05, 2.39189030253e-05, 1.69817831193e-05, 1.45046078615e-05, 1.50013729581e-05, 1.223576146e-05, 1.40971224027e-05, 1.2234474525e-05, 6.09208927926e-06, 7.64569904277e-06, 5.88872444496e-06, 3.0696230624e-06, 2.32284878621e-06, 2.11038127418e-06, 1.83476618076e-06, 1.16017019991e-06, 1.04296339032e-06, 1.00274701254e-06, 8.92078503512e-07, 8.13761403151e-07, 7.38127084787e-07],
        "dvar": [0.000298918312183, 0.000426752230851, 2.2828740839e-05, 1.4180185417e-06, 2.59003570591e-07, 6.75151099472e-08, 5.80791841287e-08, 4.49392629776e-08, 6.79261589198e-08, 1.36686564289e-08, 1.51130983284e-08, 1.13645279853e-08, 1.29153532313e-08, 6.76363676178e-09, 2.67044031332e-09, 5.91214721624e-09, 3.16143666801e-09, 3.90920762428e-09, 3.12272385727e-09, 1.5519417973e-09, 7.6392253634e-10, 3.60334873051e-10, 3.34695438031e-10, 4.54403320527e-10, 3.54679619008e-10, 5.5964011203e-10, 3.71999570037e-10, 8.81387532403e-11, 1.33896380095e-10, 8.29802199176e-11, 1.78847353594e-11, 8.36399872972e-12, 8.16798972209e-12, 8.43055920213e-12, 3.37956529081e-12, 2.58140817749e-12, 3.16108294054e-12, 3.31527925772e-12, 4.99635229023e-12, 6.11269888873e-12],
        "dvar2": [0.000747349811718, 0.00109692430124, 6.45199907012e-05, 3.94353719457e-06, 6.40267955987e-07, 1.5771225037e-07, 1.40368641155e-07, 9.81759171736e-08, 1.67173325849e-07, 3.23517745926e-08, 3.79126419148e-08, 2.31476029455e-08, 2.42196076528e-08, 1.61964965883e-08, 6.3278542406e-09, 1.2953388584e-08, 7.64637952955e-09, 1.01425783328e-08, 6.9442283035e-09, 4.23442614306e-09, 2.09790185224e-09, 9.13379594181e-10, 8.92382168161e-10, 1.24835219939e-09, 9.77157355031e-10, 1.55498158794e-09, 1.02088548726e-09, 2.24767912615e-10, 3.30694999162e-10, 2.16638235129e-10, 4.38501561451e-11, 1.80976934827e-11, 1.78337206114e-11, 1.77083400027e-11, 6.94800814105e-12, 5.73706360196e-12, 7.03571229055e-12, 7.25695718795e-12, 1.11315019702e-11, 1.39844117189e-11],
        "max": [0.12249840796, 0.158870339394, 0.0413927324116, 0.0124072562903, 0.00725763803348, 0.00454220967367, 0.00494612194598, 0.00534523790702, 0.00724053988233, 0.00372814340517, 0.00449117971584, 0.00174308556598, 0.00382953230292, 0.00266743055545, 0.00118088372983, 0.00211350060999, 0.00110877328552, 0.00199961732142, 0.000952128437348, 0.00124279793818, 0.000402935052989, 0.000276132690487, 0.000350001006154, 0.000295626872685, 0.000266827642918, 0.000304613582557, 0.000208619108889, 0.000121243167087, 0.000209685545997, 0.000133561319672, 4.66907513328e-05, 4.42605451099e-05, 5.59575455554e-05, 7.12984910933e-05, 3.43438041455e-05, 2.80564036075e-05, 3.5031891457e-05, 4.26815822721e-05, 6.29777059657e-05, 9.17505603866e-05],
        "mean": [0.00738644273952, 0.00647935084999, 0.00158472638577, 0.00059412966948, 0.000298215920338, 0.000187276935321, 0.000126308805193, 0.000113767877338, 0.000127983701532, 5.9118570789e-05, 6.56865231576e-05, 7.47923695599e-05, 6.68717984809e-05, 3.40133010468e-05, 3.62490027328e-05, 3.95077986468e-05, 3.11489675369e-05, 3.46408196492e-05, 3.62719620171e-05, 2.04700572795e-05, 1.72876389115e-05, 1.34181900648e-05, 1.00727875179e-05, 8.76038848219e-06, 7.25402696844e-06, 6.9368234108e-06, 6.40160669718e-06, 4.13042516811e-06, 4.62630077891e-06, 3.68760152014e-06, 2.21796381084e-06, 1.83012957677e-06, 1.77828951564e-06, 1.61786147146e-06, 1.18211130484e-06, 1.01533032648e-06, 9.88712486105e-07, 8.82406254732e-07, 8.09852167549e-07, 6.96190795679e-07],
        "median": [0.00122833775822, 0.000903651467524, 0.000526821240783, 0.000221761671128, 0.000117166040582, 7.99068075139e-05, 4.89961530548e-05, 3.52599017788e-05, 2.20384554268e-05, 1.8575345166e-05, 1.80398492375e-05, 1.78332920768e-05, 1.25361129903e-05, 1.01353516584e-05, 9.82621713774e-06, 8.89351213118e-06, 1.01047598946e-05, 8.19961405796e-06, 5.93900676904e-06, 6.55313897369e-06, 6.43714884063e-06, 5.56354234504e-06, 3.85224848287e-06, 2.92513072964e-06, 2.56943690147e-06, 2.02693718165e-06, 1.73362377609e-06, 1.12531256491e-06, 7.83899736234e-07, 6.30223098597e-07, 3.60698180657e-07, 3.00204618497e-07, 2.70137462621e-07, 2.28931554602e-07, 2.00250184434e-07, 1.65760781101e-07, 1.68306740989e-07, 1.39994739357e-07, 9.8470493981e-08, 7.52545759042e-08],
        "min": [2.90905573613e-25, 6.83884719373e-25, 9.65239159576e-25, 1.36024459318e-24, 1.62321413695e-24, 1.84327428203e-24, 1.32369962567e-24, 2.33110487974e-24, 1.60472747746e-24, 5.93728370313e-25, 1.63007347973e-24, 1.62423738815e-24, 1.9191431768e-24, 3.34308680897e-24, 2.13407010537e-24, 3.47188176238e-24, 2.74061204197e-24, 3.09944534345e-24, 1.91904358312e-24, 3.62741002858e-24, 3.87788362118e-24, 3.82415075505e-24, 4.18760934523e-24, 4.38481037204e-24, 3.85655242787e-24, 3.3297089113e-24, 4.39270489755e-24, 5.74544002795e-24, 3.75810100918e-24, 4.76372590279e-24, 5.27491881343e-24, 5.72798253611e-24, 5.41804579177e-24, 4.13957442142e-24, 6.12187025242e-24, 6.31089355266e-24, 4.53327162782e-24, 5.23426447225e-24, 7.10339899526e-24, 6.42353697346e-24],
        "var": [0.000272022472927, 0.000331978983013, 1.46347420014e-05, 1.21306925394e-06, 3.22812041986e-07, 1.25140317664e-07, 8.46125232101e-08, 7.91290233337e-08, 1.27275967543e-07, 2.02692405082e-08, 2.66832724805e-08, 2.8566821797e-08, 3.52629783151e-08, 1.19303917856e-08, 5.92513860198e-09, 1.24652892453e-08, 4.15623624406e-09, 5.77702152782e-09, 9.54791534724e-09, 1.9833781284e-09, 8.79504913343e-10, 4.27471308351e-10, 3.41951827965e-10, 3.37799149763e-10, 2.60491683779e-10, 3.73600705927e-10, 2.68523397962e-10, 8.73052186101e-11, 1.29921864933e-10, 7.56148338388e-11, 2.06373685502e-11, 1.28532445104e-11, 1.27143269871e-11, 1.35593524256e-11, 6.78421858621e-12, 4.98955607733e-12, 6.53338494416e-12, 6.83280342029e-12, 9.60336844769e-12, 9.86120386737e-12]
    },
    "mfcc": {
        "mean": [-702.300170898, 118.651634216, 6.06292581558, 33.4624786377, 16.2799739838, 14.0824432373, 6.5187330246, 7.37961673737, 4.14592409134, 6.07984113693, 0.562400281429, 2.21171283722, -0.0436111614108],
        "cov": [[14295.8496094, 1931.44421387, -956.141357422, -224.555297852, -147.879745483, -139.454818726, -259.768798828, -78.2220611572, -246.73890686, -223.533935547, -340.335327148, -197.598571777, -176.995025635], [1931.44421387, 2634.5144043, -799.730285645, -42.9863929749, -51.5455665588, -238.819274902, -66.5056533813, -142.383270264, -185.723876953, -96.2796478271, -107.719009399, -64.2707595825, -67.1646575928], [-956.141357422, -799.730285645, 1250.984375, 290.769927979, 171.983825684, 149.223129272, 86.3921737671, 114.834594727, 132.142776489, 48.900062561, 94.4503555298, 67.2908630371, 27.3421573639], [-224.555297852, -42.9863929749, 290.769927979, 726.585876465, 253.352539062, 223.120849609, 141.540618896, 69.1090393066, 136.499816895, 84.9640197754, 26.4585647583, 35.352432251, 15.5027856827], [-147.879745483, -51.5455665588, 171.983825684, 253.352539062, 313.128662109, 152.521591187, 56.6103477478, 48.1684417725, 72.4404220581, 46.3768730164, 29.314573288, 17.918756485, 15.7338352203], [-139.454818726, -238.819274902, 149.223129272, 223.120849609, 152.521591187, 306.793457031, 167.318405151, 107.844520569, 85.9907073975, 78.3468399048, 71.0332717896, 40.5195922852, 37.2226867676], [-259.768798828, -66.5056533813, 86.3921737671, 141.540618896, 56.6103477478, 167.318405151, 252.9947052, 105.860824585, 45.4895477295, 60.5267753601, 63.740562439, 43.77186203, 34.7112846375], [-78.2220611572, -142.383270264, 114.834594727, 69.1090393066, 48.1684417725, 107.844520569, 105.860824585, 159.182907104, 83.610168457, 41.8743133545, 43.2322158813, 39.545665741, 36.8086509705], [-246.73890686, -185.723876953, 132.142776489, 136.499816895, 72.4404220581, 85.9907073975, 45.4895477295, 83.610168457, 160.893692017, 75.8163604736, 43.1753768921, 36.1323394775, 26.3091106415], [-223.533935547, -96.2796478271, 48.900062561, 84.9640197754, 46.3768730164, 78.3468399048, 60.5267753601, 41.8743133545, 75.8163604736, 132.993087769, 69.8855514526, 31.9552898407, 22.6372375488], [-340.335327148, -107.719009399, 94.4503555298, 26.4585647583, 29.314573288, 71.0332717896, 63.740562439, 43.2322158813, 43.1753768921, 69.8855514526, 121.399276733, 52.4846153259, 19.2183971405], [-197.598571777, -64.2707595825, 67.2908630371, 35.352432251, 17.918756485, 40.5195922852, 43.77186203, 39.545665741, 36.1323394775, 31.9552898407, 52.4846153259, 92.0217590332, 36.2939414978], [-176.995025635, -67.1646575928, 27.3421573639, 15.5027856827, 15.7338352203, 37.2226867676, 34.7112846375, 36.8086509705, 26.3091106415, 22.6372375488, 19.2183971405, 36.2939414978, 78.5639953613]],
