{
"lowlevel": {
    "average_loudness": 0.936069250107,
    "barkbands_crest": {
        "dmean": 3.7188167572,
        "dmean2": 6.03459262848,
        "dvar": 11.0713853836,
        "dvar2": 27.2816810608,
        "max": 26.5224323273,
        "mean": 12.7394809723,
        "median": 11.8886766434,
        "min": 2.3494784832,
        "var": 24.4685115814
    },
    "barkbands_flatness_db": {
        "dmean": 0.0400916449726,
        "dmean2": 0.0591893792152,
        "dvar": 0.00121530774049,
        "dvar2": 0.0027248240076,
        "max": 0.441787749529,
        "mean": 0.166222691536,
        "median": 0.159242793918,
        "min": 0.0196976065636,
        "var": 0.00398010620847
    },
    "barkbands_kurtosis": {
        "dmean": 11.8951129913,
        "dmean2": 18.8626918793,
        "dvar": 482.97277832,
        "dvar2": 1078.51538086,
        "max": 665.600585938,
        "mean": 15.939494133,
        "median": 7.71869850159,
        "min": -1.9340531826,
        "var": 743.634765625
    },
    "barkbands_skewness": {
        "dmean": 1.16062068939,
        "dmean2": 1.76774513721,
        "dvar": 1.6401695013,
        "dvar2": 3.64919281006,
        "max": 22.4377174377,
        "mean": 2.84306955338,
        "median": 2.49491786957,
        "min": -3.07535386086,
        "var": 4.22793960571
    },
    "barkbands_spread": {
        "dmean": 8.12419223785,
        "dmean2": 12.5791349411,
        "dvar": 115.654251099,
        "dvar2": 252.520584106,
        "max": 136.144042969,
        "mean": 17.0827236176,
        "median": 12.7136049271,
        "min": 0.279386103153,
        "var": 256.918884277
    },
    "dissonance": {
        "dmean": 0.0248997174203,
        "dmean2": 0.0402433015406,
        "dvar": 0.000623086292762,
        "dvar2": 0.00159148394596,
        "max": 0.500000059605,
        "mean": 0.449319452047,
        "median": 0.459046661854,
        "min": 0.195543125272,
        "var": 0.00145296857227
    },
    "dynamic_complexity": 3.67751717567,
    "erbbands_crest": {
        "dmean": 3.15412807465,
        "dmean2": 5.06769180298,
        "dvar": 10.097530365,
        "dvar2": 23.237361908,
        "max": 31.5488491058,
        "mean": 9.35379123688,
        "median": 8.03037071228,
        "min": 2.05180001259,
        "var": 25.5729389191
    },
    "erbbands_flatness_db": {
        "dmean": 0.0287598967552,
        "dmean2": 0.0388745628297,
        "dvar": 0.000779096793849,
        "dvar2": 0.00140351802111,
        "max": 0.369138687849,
        "mean": 0.135319381952,
        "median": 0.130957260728,
        "min": 0.034142088145,
        "var": 0.00320956110954
    },
    "erbbands_kurtosis": {
        "dmean": 2.18243789673,
        "dmean2": 3.40802526474,
        "dvar": 21.5961856842,
        "dvar2": 44.1471672058,
        "max": 174.196533203,
        "mean": 1.69731342793,
        "median": 0.0766315460205,
        "min": -1.84390509129,
        "var": 34.8388214111
    },
    "erbbands_skewness": {
        "dmean": 0.581986486912,
        "dmean2": 0.868405997753,
        "dvar": 0.361679673195,
        "dvar2": 0.719073832035,
        "max": 11.5196609497,
        "mean": 0.745850801468,
        "median": 0.664291143417,
        "min": -4.35772800446,
        "var": 1.11077582836
    },
    "erbbands_spread": {
        "dmean": 14.7937688828,
        "dmean2": 21.5312976837,
        "dvar": 237.609939575,
        "dvar2": 481.246246338,
        "max": 196.606018066,
        "mean": 48.2762985229,
        "median": 42.827583313,
        "min": 2.03275322914,
        "var": 846.743347168
    },
    "hfc": {
        "dmean": 10.1940135956,
        "dmean2": 14.6330595016,
        "dvar": 203.667831421,
        "dvar2": 437.34854126,
        "max": 274.245117188,
        "mean": 20.921628952,
        "median": 13.7923755646,
        "min": 1.07131813961e-16,
        "var": 520.824157715
    },
    "melbands_crest": {
        "dmean": 4.39179897308,
        "dmean2": 7.02694797516,
        "dvar": 14.826374054,
        "dvar2": 35.8239860535,
        "max": 35.0279808044,
        "mean": 17.1595592499,
        "median": 16.2742958069,
        "min": 1.51832389832,
        "var": 41.1064224243
    },
    "melbands_flatness_db": {
        "dmean": 0.0472735315561,
        "dmean2": 0.069845110178,
        "dvar": 0.0017261900939,
        "dvar2": 0.00382629595697,
        "max": 0.600645899773,
        "mean": 0.262688666582,
        "median": 0.255836218596,
        "min": 0.000962818739936,
        "var": 0.00639711460099
    },
    "melbands_kurtosis": {
        "dmean": 28.2974300385,
        "dmean2": 45.09217453,
        "dvar": 2232.65063477,
        "dvar2": 5301.51025391,
        "max": 796.738525391,
        "mean": 42.1541366577,
        "median": 22.002822876,
        "min": -1.89377772808,
        "var": 3312.51416016
    },
    "melbands_skewness": {
        "dmean": 1.58365464211,
        "dmean2": 2.4239730835,
        "dvar": 3.15496897697,
        "dvar2": 6.73538160324,
        "max": 24.4490871429,
        "mean": 4.25482225418,
        "median": 3.70902943611,
        "min": -1.4488158226,
        "var": 8.61568832397
    },
    "melbands_spread": {
        "dmean": 6.56087970734,
        "dmean2": 10.2787408829,
        "dvar": 133.789031982,
        "dvar2": 295.34777832,
        "max": 240.306793213,
        "mean": 13.6789779663,
        "median": 9.52695655823,
        "min": 0.363312572241,
        "var": 312.244903564
    },
    "pitch_salience": {
        "dmean": 0.100197397172,
        "dmean2": 0.161445051432,
        "dvar": 0.0076655340381,
        "dvar2": 0.0191485714167,
        "max": 0.995792746544,
        "mean": 0.513017594814,
        "median": 0.523828208447,
        "min": 0.0931081697345,
        "var": 0.0188993103802
    },
    "silence_rate_20dB": {
        "dmean": 0,
        "dmean2": 0,
        "dvar": 0,
        "dvar2": 0,
        "max": 1,
        "mean": 1,
        "median": 1,
        "min": 1,
        "var": 0
    },
    "silence_rate_30dB": {
        "dmean": 0.0957983210683,
        "dmean2": 0.19161452353,
        "dvar": 0.0866134911776,
        "dvar2": 0.166303247213,
        "max": 1,
        "mean": 0.890673160553,
        "median": 1,
        "min": 0,
        "var": 0.0973804965615
    },
    "silence_rate_60dB": {
        "dmean": 0.0211017746478,
        "dmean2": 0.0422074906528,
        "dvar": 0.0206548217684,
        "dvar2": 0.0499469563365,
        "max": 1,
        "mean": 0.0559238158166,
        "median": 0,
        "min": 0,
        "var": 0.0527966059744
    },
    "spectral_centroid": {
        "dmean": 310.187713623,
        "dmean2": 472.339385986,
        "dvar": 146784.96875,
        "dvar2": 304823.84375,
        "max": 11549.8798828,
        "mean": 980.454040527,
        "median": 829.868896484,
        "min": 140.181564331,
        "var": 620838.4375
    },
    "spectral_complexity": {
        "dmean": 4.45938396454,
        "dmean2": 6.54925775528,
        "dvar": 26.5684604645,
        "dvar2": 57.6850242615,
        "max": 51,
        "mean": 13.3517875671,
        "median": 12,
        "min": 0,
        "var": 65.3149871826
    },
    "spectral_decrease": {
        "dmean": 8.22826518032e-09,
        "dmean2": 1.30742225934e-08,
        "dvar": 2.19146918447e-16,
        "dvar2": 5.25670182313e-16,
        "max": 2.22642966397e-28,
        "mean": -1.25712338317e-08,
        "median": -8.14494605095e-09,
        "min": -9.85286945365e-08,
        "var": 2.40776129749e-16
    },
    "spectral_energy": {
        "dmean": 0.0317267738283,
        "dmean2": 0.0502594485879,
        "dvar": 0.00318796210922,
        "dvar2": 0.00762385269627,
        "max": 0.376894384623,
        "mean": 0.0493443459272,
        "median": 0.0323377363384,
        "min": 1.02940930866e-20,
        "var": 0.00355604221113
    },
    "spectral_energyband_high": {
        "dmean": 0.000544234237168,
        "dmean2": 0.000766058918089,
        "dvar": 1.1581016679e-06,
        "dvar2": 2.22758126256e-06,
        "max": 0.0196932125837,
        "mean": 0.000925856700633,
        "median": 0.000308312097332,
        "min": 7.25826915267e-21,
        "var": 3.05737239614e-06
    },
    "spectral_energyband_low": {
        "dmean": 0.0260322131217,
        "dmean2": 0.0423300564289,
        "dvar": 0.00292777107097,
        "dvar2": 0.00715296017006,
        "max": 0.36144682765,
        "mean": 0.0313290208578,
        "median": 0.0134073738009,
        "min": 2.00379852267e-23,
        "var": 0.00288001075387
    },
    "spectral_energyband_middle_high": {
        "dmean": 0.00237602647394,
        "dmean2": 0.0037614100147,
        "dvar": 2.5100494895e-05,
        "dvar2": 6.85661580064e-05,
        "max": 0.108384497464,
        "mean": 0.00395777728409,
        "median": 0.00127171888016,
        "min": 1.15069315136e-21,
        "var": 5.88839538977e-05
    },
    "spectral_energyband_middle_low": {
        "dmean": 0.00763922650367,
        "dmean2": 0.0120259430259,
        "dvar": 0.000108166372229,
        "dvar2": 0.000271693919785,
        "max": 0.106475062668,
        "mean": 0.0144891999662,
        "median": 0.00998790748417,
        "min": 1.54964568285e-22,
        "var": 0.000201844013645
    },
    "spectral_entropy": {
        "dmean": 0.32337141037,
        "dmean2": 0.447654038668,
        "dvar": 0.0988456532359,
        "dvar2": 0.190974935889,
        "max": 9.81694412231,
        "mean": 7.40608167648,
        "median": 7.41432619095,
        "min": 4.76258325577,
        "var": 0.368890196085
    },
    "spectral_flux": {
        "dmean": 0.054556813091,
        "dmean2": 0.0878950282931,
        "dvar": 0.0053586657159,
        "dvar2": 0.0117329712957,
        "max": 0.547370731831,
        "mean": 0.117713086307,
        "median": 0.0927757695317,
        "min": 6.44953465634e-11,
        "var": 0.00870770961046
    },
    "spectral_kurtosis": {
        "dmean": 2.47807312012,
        "dmean2": 3.73374152184,
        "dvar": 14.9726324081,
        "dvar2": 35.1169166565,
        "max": 103.004821777,
        "mean": 5.47144889832,
        "median": 4.30666828156,
        "min": -1.2616314888,
        "var": 25.3047943115
    },
    "spectral_rms": {
        "dmean": 0.00189462839626,
        "dmean2": 0.00285800732672,
        "dvar": 6.26552855465e-06,
        "dvar2": 1.36343969643e-05,
        "max": 0.0191755536944,
        "mean": 0.00601264368743,
        "median": 0.00561685068533,
        "min": 3.16907199267e-12,
        "var": 1.19891046779e-05
    },
    "spectral_rolloff": {
        "dmean": 523.824584961,
        "dmean2": 907.712097168,
        "dvar": 1735909.875,
        "dvar2": 4046410,
        "max": 19379.8828125,
        "mean": 960.955078125,
        "median": 430.6640625,
        "min": 64.599609375,
        "var": 3712070.5
    },
    "spectral_skewness": {
        "dmean": 0.360884279013,
        "dmean2": 0.526302814484,
        "dvar": 0.172410041094,
        "dvar2": 0.368465930223,
        "max": 7.6075425148,
        "mean": 1.82561933994,
        "median": 1.75684523582,
        "min": -0.0743560642004,
        "var": 0.437494337559
    },
    "spectral_spread": {
        "dmean": 1139384.625,
        "dmean2": 1578146.5,
        "dvar": 1.81851376845e+12,
        "dvar2": 3.6047618048e+12,
        "max": 44984816,
        "mean": 5927738.5,
        "median": 5552673,
        "min": 875285.1875,
        "var": 9.02555710259e+12
    },
    "spectral_strongpeak": {
        "dmean": 0.481289386749,
        "dmean2": 0.810150265694,
        "dvar": 0.741206407547,
        "dvar2": 1.91861999035,
        "max": 11.1716356277,
        "mean": 0.752139210701,
        "median": 0.368549585342,
        "min": 0,
        "var": 1.1775239706
    },
    "zerocrossingrate": {
        "dmean": 0.0157289486378,
        "dmean2": 0.0185915734619,
        "dvar": 0.000362419290468,
        "dvar2": 0.000447209138656,
        "max": 0.857421875,
        "mean": 0.0536473877728,
        "median": 0.0419921875,
        "min": 0.001953125,
        "var": 0.0029023103416
    },
    "barkbands": {
        "dmean": [0.00142589188181, 0.021565772593, 0.00480433460325, 0.00217504845932, 0.00330707570538, 0.00159903452732, 0.00106497155502, 0.000815261970274, 0.0012105028145, 0.00104600761551, 0.000386960688047, 0.00042403905536, 0.000268851872534, 0.00028078968171, 0.00022472073033, 0.000200638110982, 0.000175978973857, 0.000139555268106, 9.14439297048e-05, 9.35048956308e-05, 0.000104067439679, 7.60298062232e-05, 8.10165656731e-05, 8.97656500456e-05, 9.27333094296e-05, 9.03008622117e-05, 6.03396183578e-05],
        "dmean2": [0.00241892552003, 0.035690817982, 0.00828240904957, 0.0036499495618, 0.00518495310098, 0.00259381649084, 0.00170685024932, 0.001314632711, 0.00188908120617, 0.00172745995224, 0.000642955186777, 0.000701896613464, 0.000446418533102, 0.00047098644427, 0.000365966494428, 0.000315977493301, 0.00028396747075, 0.000229352066526, 0.000147750906763, 0.000152480497491, 0.000164857192431, 0.000113875641546, 0.000118636118714, 0.00012753692863, 0.000133997105877, 0.000130929765874, 9.10951130209e-05],
        "dvar": [6.92904950483e-06, 0.00221679103561, 0.000113775240607, 1.63849417731e-05, 3.19977953041e-05, 9.28887857299e-06, 8.29903365229e-06, 7.00875625625e-06, 1.32986297103e-05, 1.68301394297e-05, 2.88372189061e-06, 2.33154196394e-06, 6.84925169026e-07, 8.02693818969e-07, 3.18319280268e-07, 2.39554424297e-07, 1.45515983263e-07, 8.40411402692e-08, 2.18309086364e-08, 4.47628281108e-08, 5.4492421242e-08, 4.08484481795e-08, 4.7285723781e-08, 4.69235530431e-08, 3.30488383327e-08, 4.99797678799e-08, 4.51923511946e-08],
        "dvar2": [1.78903301276e-05, 0.00556472502649, 0.000318548205541, 4.39064060629e-05, 7.80064146966e-05, 2.40385106736e-05, 2.14173342101e-05, 1.70885377884e-05, 3.21420302498e-05, 4.72975116281e-05, 7.9533938333e-06, 6.03208036409e-06, 1.78748234703e-06, 2.30360001297e-06, 8.23893287816e-07, 5.49882258838e-07, 3.70255037296e-07, 2.07026616295e-07, 5.25418357711e-08, 1.09480374988e-07, 1.26848831883e-07, 8.94376199767e-08, 1.01428206278e-07, 9.68849960259e-08, 6.32086525343e-08, 1.05541388962e-07, 1.07211697298e-07],
        "max": [0.0330429673195, 0.338357210159, 0.10346660018, 0.0586859509349, 0.0753899738193, 0.0491938889027, 0.0809569433331, 0.0688042938709, 0.074944473803, 0.103237569332, 0.0509704686701, 0.0386482030153, 0.0376523025334, 0.02632153593, 0.0119811194018, 0.016512254253, 0.00932835973799, 0.00486664753407, 0.00397769687697, 0.00661424454302, 0.00671179033816, 0.0049410671927, 0.00512331165373, 0.00642197858542, 0.00384896132164, 0.00591505877674, 0.0054485485889],
        "mean": [0.00152942351997, 0.0231833606958, 0.00531985145062, 0.00279639405198, 0.00513564283028, 0.00238893786445, 0.0014779312769, 0.000918773293961, 0.00158460636158, 0.00129629031289, 0.00050802534679, 0.000539334199857, 0.000326973298797, 0.000323296757415, 0.000274432270089, 0.000242694994085, 0.000236825391767, 0.000154152556206, 0.000119300340884, 0.000112306392111, 0.000133314344566, 0.000113991169201, 0.000125416190713, 0.000156284295372, 0.000153356362716, 0.000131145381602, 6.24196618446e-05],
        "median": [0.000535400467925, 0.0088985580951, 0.0013468839461, 0.000867220340297, 0.00213790638372, 0.00103497644886, 0.000521038018633, 0.000209985475522, 0.000199763802812, 9.68818058027e-05, 4.47669845016e-05, 6.38875208097e-05, 6.23051091679e-05, 7.40402610973e-05, 9.29568050196e-05, 7.05537313479e-05, 8.12628059066e-05, 4.91293612868e-05, 5.23279304616e-05, 3.96596733481e-05, 4.8307931138e-05, 3.16166915582e-05, 3.1690527976e-05, 4.91518330819e-05, 3.55597949238e-05, 2.29089509958e-05, 4.72077044833e-06],
        "min": [8.09164311377e-25, 1.25565248398e-24, 1.32784183567e-24, 1.52850231337e-24, 5.3773709402e-24, 1.38479562088e-23, 1.56442066895e-23, 1.15463598545e-23, 1.459332879e-23, 9.55967519585e-24, 1.86843551336e-23, 2.91260541299e-23, 3.4697157081e-23, 3.60195403937e-23, 3.76282265724e-23, 5.61987411888e-23, 6.31130186706e-23, 1.35048657705e-22, 1.14496470852e-22, 1.92463986493e-22, 3.24707164518e-22, 3.41953229006e-22, 4.24542825841e-22, 5.94745384781e-22, 9.68229952149e-22, 1.35217807154e-21, 1.97046336865e-21],
        "var": [7.09459663994e-06, 0.00199605780654, 9.14364572964e-05, 1.93897158169e-05, 5.96771278651e-05, 1.49290781337e-05, 1.08292188088e-05, 7.66139146435e-06, 2.20158981392e-05, 2.61986842816e-05, 5.19484183314e-06, 3.83742690246e-06, 9.75138163994e-07, 1.08386484499e-06, 3.99221875114e-07, 3.31957664912e-07, 2.26531611247e-07, 8.73896723874e-08, 3.15996580014e-08, 5.14681133268e-08, 7.57825091569e-08, 6.68015402994e-08, 9.969052428e-08, 1.28259586063e-07, 1.05650499904e-07, 9.45579046174e-08, 5.09620647904e-08]
    },
    "erbbands": {
        "dmean": [0.783991754055, 4.41954851151, 6.17426252365, 6.29446840286, 8.23219871521, 12.2622289658, 15.7222700119, 11.719209671, 14.0857610703, 16.3062782288, 18.31092453, 22.4011383057, 29.8810138702, 30.3934993744, 16.6642436981, 14.3978900909, 11.5031967163, 15.2157316208, 11.0791072845, 11.292509079, 11.485294342, 9.09341716766, 7.78408908844, 5.32884693146, 4.8913898468, 4.13157701492, 4.83817243576, 3.17037367821, 2.81844592094, 2.73486423492, 2.25975513458, 1.69469881058, 1.65286004543, 1.05639612675, 0.664650917053, 0.349677979946, 0.178375974298, 0.0817721411586, 0.0098528964445, 0.000156316338689],
        "dmean2": [1.30828607082, 7.41357946396, 10.5548210144, 10.6068439484, 13.3359584808, 19.0396652222, 25.3096313477, 18.8929805756, 22.7413520813, 26.4949455261, 29.0866889954, 34.6823921204, 47.7700309753, 50.1625785828, 27.4266204834, 24.1105308533, 18.8043251038, 25.6804294586, 18.057510376, 18.1090068817, 18.0724697113, 14.5692396164, 12.6455059052, 8.69645881653, 7.7841668129, 6.77459955215, 7.80438995361, 4.98927736282, 4.2832775116, 4.10829257965, 3.27614045143, 2.38128399849, 2.39715671539, 1.53035080433, 0.980316162109, 0.523155748844, 0.260575562716, 0.119660049677, 0.0151285044849, 0.000232648759265],
        "dvar": [2.92678928375, 98.9442672729, 200.700302124, 146.473526001, 242.396759033, 544.624938965, 1059.69396973, 455.456970215, 1771.53649902, 2249.74072266, 3581.45507812, 5241.28173828, 9081.625, 14428.59375, 3705.16113281, 1997.53356934, 1491.77050781, 2754.23339844, 970.821777344, 1083.30493164, 756.37701416, 361.068847656, 226.481933594, 88.6296539307, 91.2162857056, 84.1378860474, 117.453102112, 66.1481170654, 60.7672386169, 61.1213684082, 32.5899047852, 14.1991100311, 17.3878726959, 5.28751707077, 1.58746492863, 0.49222895503, 0.219652682543, 0.0723712816834, 0.00133456569165, 2.24131653681e-07],
        "dvar2": [7.51763534546, 252.987319946, 557.184936523, 399.156646729, 636.485595703, 1222.63793945, 2646.59301758, 1133.97131348, 4577.01367188, 5861.99169922, 8354.69628906, 12239.9697266, 22999.90625, 40541.15625, 10114.7480469, 5453.96630859, 3679.359375, 8175.71826172, 2639.24072266, 2688.52001953, 1783.17675781, 921.474731445, 545.389953613, 228.772628784, 213.734375, 210.911010742, 289.879211426, 143.341903687, 138.829986572, 139.948577881, 65.7487716675, 27.8030776978, 37.6253547668, 10.0518198013, 3.21125364304, 1.04551255703, 0.456353873014, 0.163396716118, 0.00326009886339, 5.3232895425e-07],
        "max": [11.5242080688, 74.0445480347, 134.736633301, 188.179779053, 229.986450195, 451.897125244, 724.950073242, 356.372344971, 1179.54943848, 1145.59228516, 2022.28442383, 2053.34985352, 2034.73754883, 2798.41845703, 1596.7244873, 900.977539062, 2085.80761719, 1720.9786377, 777.200805664, 1540.20397949, 981.742370605, 522.992614746, 233.690734863, 124.959060669, 269.28314209, 278.213928223, 351.173217773, 205.089920044, 212.260040283, 211.153442383, 135.915374756, 92.8659286499, 129.703063965, 61.5376968384, 26.231426239, 19.1766014099, 12.9679985046, 7.43761491776, 0.950022637844, 0.0122409155592],
        "mean": [0.797359585762, 4.62041711807, 6.80935716629, 8.14535903931, 12.2693157196, 17.8161487579, 21.8898963928, 18.5867595673, 20.8370876312, 20.7409934998, 22.4309139252, 30.2239723206, 38.57081604, 39.8411636353, 23.9660263062, 18.8546466827, 14.7183084488, 18.6080226898, 13.5762605667, 13.5568151474, 14.5650997162, 12.5269756317, 9.51358699799, 6.39439582825, 6.49449539185, 5.02737998962, 5.80062532425, 4.3562836647, 4.05160236359, 4.10351133347, 3.60953259468, 2.92399144173, 2.77455282211, 1.78762924671, 1.04719281197, 0.525422751904, 0.247293591499, 0.0939961373806, 0.00994682125747, 0.000194830339751],
        "median": [0.285424292088, 1.44081282616, 1.80800569057, 2.75798296928, 4.2726020813, 6.3064994812, 7.84770441055, 8.94787693024, 8.32675552368, 6.46213054657, 5.39599227905, 4.44876098633, 4.15492391586, 3.51692938805, 2.90538787842, 2.72757434845, 2.87082052231, 4.11833095551, 4.67744493484, 4.42978191376, 4.58021783829, 4.7302107811, 3.70304059982, 2.56423544884, 2.82006025314, 1.82732701302, 2.21253347397, 1.23804366589, 1.06587195396, 1.12123966217, 0.891437530518, 0.858034014702, 0.860490322113, 0.476072013378, 0.19620667398, 0.0999455302954, 0.0413243882358, 0.00923737231642, 0.000805512361694, 6.88210784574e-05],
        "min": [1.05552006188e-22, 3.36864684893e-22, 1.4509715277e-21, 6.61688590728e-21, 1.24247221286e-20, 2.11769384365e-20, 9.53691877259e-20, 1.2996575189e-19, 1.57962002839e-19, 2.47356264668e-19, 3.12286995922e-19, 2.9889685466e-19, 2.59579331633e-19, 6.1728896049e-19, 9.33789097465e-19, 1.35789462709e-18, 1.60282032492e-18, 2.39776436483e-18, 2.74031619331e-18, 4.11252032121e-18, 3.65659325682e-18, 4.65763689438e-18, 7.96042308292e-18, 5.36190756689e-18, 8.35973956055e-18, 8.86980890475e-18, 1.20855636987e-17, 1.13213042338e-17, 1.19087199284e-17, 7.76450618202e-18, 1.22150431072e-17, 1.18587805533e-17, 1.03271505972e-17, 8.77494617774e-18, 6.1802369333e-18, 4.74053817614e-18, 2.29619072152e-18, 1.13173290106e-18, 2.66905308427e-19, 2.80678376152e-20],
        "var": [2.52911472321, 85.4972076416, 156.923034668, 152.4818573, 391.542419434, 1089.77380371, 1780.51940918, 771.610168457, 2317.61865234, 2496.61254883, 4157.40234375, 8300.42285156, 14187.6875, 22183.1367188, 7034.39550781, 3253.5612793, 2100.17041016, 4081.82739258, 1129.19433594, 1236.53137207, 1052.58996582, 546.50177002, 267.728424072, 98.7440567017, 124.199104309, 96.5540084839, 142.229995728, 99.5523681641, 87.6468429565, 103.460731506, 80.6613311768, 42.3471946716, 43.8865585327, 16.7632865906, 4.3739657402, 1.11710822582, 0.401111185551, 0.0963330790401, 0.00134897080716, 2.51589426625e-07]
    },
    "gfcc": {
        "mean": [-16.2030448914, 87.405380249, -76.6496353149, 27.7543239594, -45.1924705505, 9.87264156342, -37.9460411072, 10.4791135788, -19.6253757477, 6.22709274292, -14.249630928, 3.52404284477, -8.0820941925],
        "cov": [[16407.7070312, -1587.34130859, 333.972595215, 231.97555542, -286.718170166, 567.024169922, -187.081207275, 313.798400879, -221.27180481, 116.777114868, -353.412078857, 262.50579834, -317.198516846], [-1587.34130859, 2118.5144043, -662.338500977, -69.2866973877, 226.937133789, -257.770141602, 161.314407349, -86.7130279541, 72.0965270996, -123.775115967, 175.792266846, -192.87663269, 166.392807007], [333.972595215, -662.338500977, 1263.5546875, 387.446868896, 208.959945679, 269.658203125, 13.86668396, 67.6190490723, 40.8097229004, 84.3503265381, -19.2073841095, 77.0212097168, -77.0098495483], [231.97555542, -69.2866973877, 387.446868896, 668.495117188, 265.511383057, 23.6940917969, 14.1516704559, -2.5153362751, 57.1377639771, 61.9640808105, 4.66784095764, -30.241859436, 5.25643777847], [-286.718170166, 226.937133789, 208.959945679, 265.511383057, 466.305267334, 38.4624710083, 145.01789856, 36.6078071594, 67.4272842407, 53.0090637207, 23.2802066803, -30.8531742096, 12.6229076385], [567.024169922, -257.770141602, 269.658203125, 23.6940917969, 38.4624710083, 316.963256836, 124.554069519, 86.9797592163, 18.8534545898, 46.0434379578, 0.34578704834, 61.7333526611, -47.807849884], [-187.081207275, 161.314407349, 13.86668396, 14.1516704559, 145.01789856, 124.554069519, 322.487945557, 87.9774551392, 37.95337677, 43.4876823425, 50.4834365845, 16.0449352264, 1.66551196575], [313.798400879, -86.7130279541, 67.6190490723, -2.5153362751, 36.6078071594, 86.9797592163, 87.9774551392, 151.069076538, 45.546836853, 31.5398540497, -6.62467670441, 37.6366577148, -12.3597078323], [-221.27180481, 72.0965270996, 40.8097229004, 57.1377639771, 67.4272842407, 18.8534545898, 37.95337677, 45.546836853, 139.98210144, 48.9654655457, 8.1308555603, 0.546215713024, 12.4806842804], [116.777114868, -123.775115967, 84.3503265381, 61.9640808105, 53.0090637207, 46.0434379578, 43.4876823425, 31.5398540497, 48.9654655457, 122.858634949, 19.5361442566, 23.74751091, -9.90423965454], [-353.412078857, 175.792266846, -19.2073841095, 4.66784095764, 23.2802066803, 0.34578704834, 50.4834365845, -6.62467670441, 8.1308555603, 19.5361442566, 103.10193634, 5.51213407516, 18.1078624725], [262.50579834, -192.87663269, 77.0212097168, -30.241859436, -30.8531742096, 61.7333526611, 16.0449352264, 37.6366577148, 0.546215713024, 23.74751091, 5.51213407516, 93.6507034302, 2.54007744789], [-317.198516846, 166.392807007, -77.0098495483, 5.25643777847, 12.6229076385, -47.807849884, 1.66551196575, -12.3597078323, 12.4806842804, -9.90423965454, 18.1078624725, 2.54007744789, 87.5988388062]],
        "icov": [[8.54449026519e-05, -3.46359629475e-05, 5.28906530235e-05, -9.84614089248e-05, 4.22585071647e-05, -0.000136472386657, 0.000108268592157, -0.000167524500284, 0.000211702223169, -0.000131644395879, 0.000273875630228, -0.000223580733291, 0.000226152085816], [-3.46359629475e-05, 0.00122485938482, 0.000336083467118, 0.000233447310166, -0.000585611327551, 0.000224545758101, -0.000410745036788, 0.00019032068667, -0.000826262752526, 0.00133843906224, -0.00186602701433, 0.00188293715473, -0.00132879114244], [5.28906530235e-05, 0.000336083467118, 0.00151278800331, -0.000653107068501, -0.000569363066461, -0.0010336478008, 0.00054546201136, -4.46341800853e-05, -0.000109749926196, 0.00027951321681, -0.000330211682012, -0.000558729341719, 0.000555198232178], [-9.84614089248e-05, 0.000233447310166, -0.000653107068501, 0.0025386933703, -0.00116481666919, 0.000346375076333, 0.000141092663398, 0.000447214551969, -0.000554143975023, -0.000348569243215, -0.00054280803306, 0.001448418363, -0.000999406795017], [4.22585071647e-05, -0.000585611327551, -0.000569363066461, -0.00116481666919, 0.0039359848015, 0.000261661683908, -0.00143925764132, -0.000245395349339, -0.000148202423588, -0.00106629624497, 0.00106703536585, 0.000443550263299, 7.02348770574e-05], [-0.000136472386657, 0.000224545758101, -0.0010336478008, 0.000346375076333, 0.000261661683908, 0.00601086486131, -0.00225739437155, -0.000766773126088, -0.000399051757995, 0.00011751375132, -0.0002586953633, -0.00142694427632, 0.00149232707918], [0.000108268592157, -0.000410745036788, 0.00054546201136, 0.000141092663398, -0.00143925764132, -0.00225739437155, 0.00579254096374, -0.00244901352562, 0.000778770365287, -0.000937965756748, -0.00140827533323, -0.00023721283651, 0.000244018519879], [-0.000167524500284, 0.00019032068667, -4.46341800853e-05, 0.000447214551969, -0.000245395349339, -0.000766773126088, -0.00244901352562, 0.0107063800097, -0.00335356523283, 0.000335874821758, 0.0012739461381, -0.00256911222823, 0.000466793222586], [0.000211702223169, -0.000826262752526, -0.000109749926196, -0.000554143975023, -0.000148202423588, -0.000399051757995, 0.000778770365287, -0.00335356523283, 0.0107114426792, -0.00449616415426, 0.00172317528632, 4.27477898484e-05, -0.000803494825959], [-0.000131644395879, 0.00133843906224, 0.00027951321681, -0.000348569243215, -0.00106629624497, 0.00011751375132, -0.000937965756748, 0.000335874821758, -0.00449616415426, 0.0128596927971, -0.00407824572176, -0.000627747678664, 0.000486402917886], [0.000273875630228, -0.00186602701433, -0.000330211682012, -0.00054280803306, 0.00106703536585, -0.0002586953633, -0.00140827533323, 0.0012739461381, 0.00172317528632, -0.00407824572176, 0.0150870392099, -0.00414022803307, 0.00048480759142], [-0.000223580733291, 0.00188293715473, -0.000558729341719, 0.001448418363, 0.000443550263299, -0.00142694427632, -0.00023721283651, -0.00256911222823, 4.27477898484e-05, -0.000627747678664, -0.00414022803307, 0.0188332870603, -0.00593229895458], [0.000226152085816, -0.00132879114244, 0.000555198232178, -0.000999406795017, 7.02348770574e-05, 0.00149232707918, 0.000244018519879, 0.000466793222586, -0.000803494825959, 0.000486402917886, 0.00048480759142, -0.00593229895458, 0.0164134837687]]
    },
    "melbands": {
        "dmean": [0.00647528562695, 0.00400722958148, 0.00112035137136, 0.000707992177922, 0.00055498292204, 0.000268364034127, 0.000214758634684, 0.000173860011273, 0.000152995911776, 0.000155491215992, 0.000155467365403, 0.000134093483211, 5.85642192164e-05, 5.3142055549e-05, 2.59941316472e-05, 2.92127406283e-05, 2.76141636277e-05, 1.82364656212e-05, 1.61376592587e-05, 1.31929245981e-05, 1.40336260301e-05, 9.79345622909e-06, 9.30792884901e-06, 6.72345049679e-06, 4.16206648879e-06, 3.82271355193e-06, 3.67736652152e-06, 2.53013149631e-06, 3.42532348441e-06, 2.43194836003e-06, 1.68090127772e-06, 1.6572594177e-06, 1.52493851147e-06, 1.64973084793e-06, 1.49150901052e-06, 9.63157731348e-07, 1.14349802516e-06, 1.21410960219e-06, 1.10035023226e-06, 8.72786358741e-07],
        "dmean2": [0.0107432603836, 0.00666714273393, 0.00186963751912, 0.00111532211304, 0.000880306237377, 0.000432945555076, 0.00034505862277, 0.000284133740934, 0.000242300957325, 0.000241375397309, 0.000248921947787, 0.000221845490159, 9.69498651102e-05, 8.80455700099e-05, 4.31305270467e-05, 4.88060468342e-05, 4.67683166789e-05, 3.01405834762e-05, 2.59908811131e-05, 2.09440022445e-05, 2.24547202379e-05, 1.59397459356e-05, 1.51428484969e-05, 1.12162924779e-05, 6.84558017383e-06, 6.15763883616e-06, 5.91711477682e-06, 4.24607833338e-06, 5.65834261579e-06, 3.84628356187e-06, 2.67304494628e-06, 2.56651310337e-06, 2.3047873583e-06, 2.523082685e-06, 2.21562299885e-06, 1.37278641432e-06, 1.64963898897e-06, 1.8125109591e-06, 1.60640922786e-06, 1.28956321532e-06],
        "dvar": [0.000199527479708, 8.05327508715e-05, 4.40966368842e-06, 1.66217387232e-06, 1.11124734303e-06, 2.34258209275e-07, 3.92080323763e-07, 2.75125415783e-07, 2.50770114008e-07, 2.44783450398e-07, 2.51998983458e-07, 3.03378385524e-07, 6.13487571854e-08, 4.29327329243e-08, 6.1413722996e-09, 9.41997857495e-09, 8.45876257927e-09, 3.04247160798e-09, 1.38010902706e-09, 1.43707956646e-09, 1.16101250835e-09, 5.530654823e-10, 3.34348604358e-10, 1.9981725996e-10, 5.53800373615e-11, 4.48144368836e-11, 7.91007190304e-11, 3.58768778574e-11, 7.97595878232e-11, 2.96190988403e-11, 2.15262981051e-11, 2.17610998665e-11, 1.77432044751e-11, 2.43928696686e-11, 1.49952879974e-11, 5.03527601559e-12, 6.69248857721e-12, 1.03202611387e-11, 7.27257750549e-12, 3.65499080654e-12],
        "dvar2": [0.00050499237841, 0.00021260046924, 1.18970237963e-05, 4.10779784943e-06, 2.71534554486e-06, 5.91053833432e-07, 1.01976615952e-06, 7.1815247793e-07, 5.8717586171e-07, 5.87133854424e-07, 6.47677154575e-07, 8.55491123275e-07, 1.69939255557e-07, 1.11003110703e-07, 1.65216764714e-08, 2.59805084113e-08, 2.48966536276e-08, 8.31986923799e-09, 3.39754513412e-09, 3.41945316507e-09, 2.82337198065e-09, 1.44069600694e-09, 7.70761399149e-10, 5.1372267551e-10, 1.44105824496e-10, 1.03618114089e-10, 1.95221422361e-10, 8.9908358536e-11, 2.07412503839e-10, 6.32301502823e-11, 4.88927023867e-11, 5.10042424962e-11, 4.08636041671e-11, 5.70129707333e-11, 3.11607788184e-11, 1.01643572031e-11, 1.39543628389e-11, 2.32476364548e-11, 1.55079074582e-11, 7.24892975507e-12],
        "max": [0.0968602001667, 0.0794331207871, 0.0308947395533, 0.0180960521102, 0.0203943829983, 0.00715051079169, 0.0183134078979, 0.0125992726535, 0.0172424092889, 0.0134674441069, 0.0119632743299, 0.012532485649, 0.00755418417975, 0.00546260457486, 0.00240225577727, 0.00376721937209, 0.00291529996321, 0.00133536325302, 0.00108040950727, 0.00182692613453, 0.00108101125807, 0.000756455759984, 0.000668682972901, 0.00022632018954, 0.000105478640762, 0.000241531597567, 0.00024660458439, 0.000176180590643, 0.000346651941072, 0.000203445582883, 0.000124671176309, 0.000119681782962, 9.89415566437e-05, 0.000153293221956, 9.32073162403e-05, 5.66739072383e-05, 6.52417656966e-05, 9.86304949038e-05, 7.46050573071e-05, 5.08563207404e-05],
        "mean": [0.00680592563003, 0.00454134959728, 0.0015539615415, 0.00107529410161, 0.00079341197852, 0.000418425886892, 0.000317850703141, 0.000214955100091, 0.000186168181244, 0.000205694348551, 0.000199257367058, 0.00017234167899, 8.14803570393e-05, 6.76518102409e-05, 3.26063673128e-05, 3.58272700396e-05, 3.24591455865e-05, 2.07457815122e-05, 1.97283243324e-05, 1.55366778927e-05, 1.71937008417e-05, 1.26130807985e-05, 1.16510373118e-05, 7.22272943676e-06, 4.81481447423e-06, 4.92521166962e-06, 4.49735625807e-06, 2.93258813144e-06, 3.84489476346e-06, 3.03607930618e-06, 2.28145540859e-06, 2.23447409553e-06, 2.25428448175e-06, 2.32615320783e-06, 2.23392476073e-06, 1.58695945629e-06, 1.8826175392e-06, 1.93212986233e-06, 1.82907785984e-06, 1.39347946515e-06],
        "median": [0.00259238760918, 0.00135478912853, 0.000527225725818, 0.000412919442169, 0.000291027070489, 0.000195664935745, 0.000128909188788, 6.41692022327e-05, 3.72871327272e-05, 2.67159139185e-05, 1.95276861632e-05, 1.28669626065e-05, 8.33144440548e-06, 7.26725329514e-06, 5.37916912435e-06, 6.75853971188e-06, 7.08657398718e-06, 6.47805700282e-06, 6.59530633129e-06, 4.27608028986e-06, 5.11034022566e-06, 4.07384732171e-06, 4.46920876129e-06, 2.23284223466e-06, 1.82030339602e-06, 2.15640466195e-06, 1.63443769452e-06, 8.44023702484e-07, 1.35739367124e-06, 9.08396998511e-07, 5.77034597882e-07, 5.51697496576e-07, 5.98360031745e-07, 5.8567366068e-07, 5.09997960307e-07, 4.2266623268e-07, 5.38783638149e-07, 5.81010624501e-07, 5.49229525859e-07, 3.33358457283e-07],
        "min": [1.67119788341e-24, 1.16817658567e-24, 1.32382209632e-24, 1.31686927352e-24, 3.31857571735e-24, 2.70622421461e-24, 2.79011424707e-24, 2.48044827923e-24, 3.42177016223e-24, 1.79054504419e-24, 1.18510918918e-24, 2.10344060857e-24, 2.47547155299e-24, 2.42845761241e-24, 3.8492361374e-24, 2.98879419086e-24, 4.09879899009e-24, 3.44031509883e-24, 3.31114740863e-24, 4.22442942798e-24, 2.92449374404e-24, 3.90123982043e-24, 4.99858714922e-24, 6.6072070636e-24, 3.49209513978e-24, 5.11102112746e-24, 5.08987807748e-24, 5.11451144253e-24, 7.00169904736e-24, 7.09238728588e-24, 5.96458519299e-24, 6.18316001159e-24, 5.279052839e-24, 4.65821733444e-24, 5.36719739554e-24, 6.24100442076e-24, 5.98689496825e-24, 5.17352849343e-24, 6.91094769996e-24, 7.28007386131e-24],
        "var": [0.000176955014467, 6.88940272084e-05, 5.06506148668e-06, 2.96628832075e-06, 1.96367568606e-06, 3.91845958347e-07, 5.08997061388e-07, 2.93948318131e-07, 2.99508030821e-07, 3.91101480091e-07, 4.02401298061e-07, 4.65220011847e-07, 1.14030278553e-07, 7.02848339529e-08, 1.00654258262e-08, 1.36271331996e-08, 1.21961516442e-08, 3.27580829129e-09, 1.70135316946e-09, 1.84783710555e-09, 1.5368101236e-09, 7.76804787161e-10, 4.66591598691e-10, 1.96424473908e-10, 5.97957655613e-11, 6.52268239421e-11, 8.6704900204e-11, 4.0325843359e-11, 7.90604734457e-11, 4.4686490619e-11, 3.08395010917e-11, 2.85807211231e-11, 2.8264295418e-11, 3.77838732524e-11, 3.38958826285e-11, 1.3696196087e-11, 1.79926750582e-11, 2.28857974238e-11, 1.931235033e-11, 1.05967326927e-11]
    },
    "mfcc": {
        "mean": [-671.893188477, 127.403968811, 24.8165493011, 25.5675849915, 16.1137695312, 3.47815704346, 0.0249097179621, 0.769486129284, 1.81821274757, 2.6226837635, -0.453524440527, 1.01925516129, -0.425282299519],
        "cov": [[9435.06445312, -818.045166016, 65.2897872925, -32.7760162354, -19.525472641, 157.687820435, 69.1141967773, 241.390289307, 127.114273071, -1.32665646076, 90.146270752, 33.0706481934, -73.9474411011], [-818.045166016, 1734.35803223, -498.61340332, 38.8295822144, -25.2243251801, -97.0826416016, 93.4395980835, -22.1622524261, -14.4524698257, 60.8367767334, -45.6881027222, -11.8518924713, 22.2824249268], [65.2897872925, -498.61340332, 909.213134766, 108.961662292, 202.016479492, 173.685745239, 39.2084655762, 81.9840316772, 25.460351944, 4.57484960556, 52.5871658325, 30.3000869751, 15.7049455643], [-32.7760162354, 38.8295822144, 108.961662292, 619.944274902, 270.411651611, 128.606185913, 66.697479248, -15.4982862473, 53.4586029053, 67.9762496948, 12.2955913544, 19.989156723, 34.6173553467], [-19.525472641, -25.2243251801, 202.016479492, 270.411651611, 340.304748535, 116.637321472, 20.1513519287, 12.2794103622, 42.1054039001, 48.9847335815, 6.18579244614, 16.194229126, 15.1326436996], [157.687820435, -97.0826416016, 173.685745239, 128.606185913, 116.637321472, 241.973129272, 113.618583679, 59.5393371582, 60.4925003052, 43.201915741, 71.0482177734, 40.154258728, 31.9273834229], [69.1141967773, 93.4395980835, 39.2084655762, 66.697479248, 20.1513519287, 113.618583679, 245.102828979, 95.9165802002, 35.4767990112, 41.0900306702, 50.5973739624, 33.3936424255, 20.1402606964], [241.390289307, -22.1622524261, 81.9840316772, -15.4982862473, 12.2794103622, 59.5393371582, 95.9165802002, 168.780151367, 69.3066635132, 26.507648468, 52.5634460449, 25.6967811584, 12.5855550766], [127.114273071, -14.4524698257, 25.460351944, 53.4586029053, 42.1054039001, 60.4925003052, 35.4767990112, 69.3066635132, 144.820251465, 53.5156860352, 37.3027763367, 25.328660965, 28.417886734], [-1.32665646076, 60.8367767334, 4.57484960556, 67.9762496948, 48.9847335815, 43.201915741, 41.0900306702, 26.507648468, 53.5156860352, 108.61088562, 44.3617858887, 12.7531700134, 21.4036026001], [90.146270752, -45.6881027222, 52.5871658325, 12.2955913544, 6.18579244614, 71.0482177734, 50.5973739624, 52.5634460449, 37.3027763367, 44.3617858887, 117.485267639, 44.1368255615, 19.7014408112], [33.0706481934, -11.8518924713, 30.3000869751, 19.989156723, 16.194229126, 40.154258728, 33.3936424255, 25.6967811584, 25.328660965, 12.7531700134, 44.1368255615, 82.6723937988, 34.8444290161], [-73.9474411011, 22.2824249268, 15.7049455643, 34.6173553467, 15.1326436996, 31.9273834229, 20.1402606964, 12.5855550766, 28.417886734, 21.4036026001, 19.7014408112, 34.8444290161, 89.325592041]],
