{
"lowlevel": {
    "average_loudness": 0.962454617023,
    "barkbands_crest": {
        "dmean": 3.227653265,
        "dmean2": 5.05896854401,
        "dvar": 12.240852356,
        "dvar2": 26.4084663391,
        "max": 26.1687316895,
        "mean": 14.958360672,
        "median": 14.5375442505,
        "min": 2.85037088394,
        "var": 40.5034942627
    },
    "barkbands_flatness_db": {
        "dmean": 0.0354827046394,
        "dmean2": 0.0516784861684,
        "dvar": 0.00135782454163,
        "dvar2": 0.0026444690302,
        "max": 0.526180624962,
        "mean": 0.175391077995,
        "median": 0.166139215231,
        "min": 0.033079393208,
        "var": 0.00579150067642
    },
    "barkbands_kurtosis": {
        "dmean": 19.2626094818,
        "dmean2": 28.7256259918,
        "dvar": 2410.99365234,
        "dvar2": 4828.83544922,
        "max": 1365.15759277,
        "mean": 26.7058563232,
        "median": 6.09690141678,
        "min": -1.9726473093,
        "var": 5430.13964844
    },
    "barkbands_skewness": {
        "dmean": 1.46637892723,
        "dmean2": 2.0602824688,
        "dvar": 3.5106253624,
        "dvar2": 6.61362409592,
        "max": 29.9245605469,
        "mean": 3.17210054398,
        "median": 2.49631500244,
        "min": -8.96500396729,
        "var": 13.4013204575
    },
    "barkbands_spread": {
        "dmean": 11.0829849243,
        "dmean2": 16.3945159912,
        "dvar": 205.026626587,
        "dvar2": 428.828094482,
        "max": 140.639007568,
        "mean": 28.0788421631,
        "median": 20.087053299,
        "min": 0.203945979476,
        "var": 622.736877441
    },
    "dissonance": {
        "dmean": 0.0150842629373,
        "dmean2": 0.0247475542128,
        "dvar": 0.000365537882317,
        "dvar2": 0.000936770113185,
        "max": 0.500000178814,
        "mean": 0.475030660629,
        "median": 0.483664989471,
        "min": 0.169987842441,
        "var": 0.000764984346461
    },
    "dynamic_complexity": 3.71607995033,
    "erbbands_crest": {
        "dmean": 2.68753504753,
        "dmean2": 4.31330347061,
        "dvar": 6.13468790054,
        "dvar2": 14.7206029892,
        "max": 28.4256305695,
        "mean": 8.5882358551,
        "median": 7.76947307587,
        "min": 2.35547041893,
        "var": 14.2080507278
    },
    "erbbands_flatness_db": {
        "dmean": 0.0208626948297,
        "dmean2": 0.0305734649301,
        "dvar": 0.000570699223317,
        "dvar2": 0.00115793873556,
        "max": 0.380235642195,
        "mean": 0.131074905396,
        "median": 0.111647620797,
        "min": 0.0492982380092,
        "var": 0.00278981076553
    },
    "erbbands_kurtosis": {
        "dmean": 1.68700385094,
        "dmean2": 2.60936307907,
        "dvar": 17.676984787,
        "dvar2": 37.9051208496,
        "max": 103.289031982,
        "mean": 0.840679645538,
        "median": -0.455814242363,
        "min": -1.94784796238,
        "var": 29.2291812897
    },
    "erbbands_skewness": {
        "dmean": 0.523809552193,
        "dmean2": 0.773266136646,
        "dvar": 0.34014031291,
        "dvar2": 0.70692884922,
        "max": 7.81452608109,
        "mean": -0.338563919067,
        "median": -0.33995860815,
        "min": -8.53130817413,
        "var": 1.07633268833
    },
    "erbbands_spread": {
        "dmean": 17.2805347443,
        "dmean2": 25.9522800446,
        "dvar": 354.613616943,
        "dvar2": 787.844116211,
        "max": 216.111236572,
        "mean": 61.9800682068,
        "median": 61.3525238037,
        "min": 2.05605697632,
        "var": 949.00958252
    },
    "hfc": {
        "dmean": 17.0373363495,
        "dmean2": 25.2280540466,
        "dvar": 814.744995117,
        "dvar2": 1874.30554199,
        "max": 381.101379395,
        "mean": 32.0625419617,
        "median": 18.3753471375,
        "min": 1.08161468535e-16,
        "var": 1429.69091797
    },
    "melbands_crest": {
        "dmean": 4.29527950287,
        "dmean2": 6.38779640198,
        "dvar": 18.0078544617,
        "dvar2": 37.7316131592,
        "max": 38.7648239136,
        "mean": 21.886882782,
        "median": 21.5611038208,
        "min": 1.4151699543,
        "var": 75.7852554321
    },
    "melbands_flatness_db": {
        "dmean": 0.0419619604945,
        "dmean2": 0.0601769834757,
        "dvar": 0.00197875360027,
        "dvar2": 0.00359995127656,
        "max": 0.639514565468,
        "mean": 0.245028451085,
        "median": 0.239568799734,
        "min": 0.000696976669133,
        "var": 0.00990243535489
    },
    "melbands_kurtosis": {
        "dmean": 59.6629486084,
        "dmean2": 91.4129562378,
        "dvar": 16188.1025391,
        "dvar2": 34197.1875,
        "max": 2427.74072266,
        "mean": 90.00730896,
        "median": 33.0474472046,
        "min": -1.96354043484,
        "var": 32698.1074219
    },
    "melbands_skewness": {
        "dmean": 2.17843937874,
        "dmean2": 3.18256759644,
        "dvar": 7.01247787476,
        "dvar2": 14.2171201706,
        "max": 34.4483795166,
        "mean": 6.15671825409,
        "median": 5.28249454498,
        "min": -6.76003456116,
        "var": 24.6465435028
    },
    "melbands_spread": {
        "dmean": 13.5842943192,
        "dmean2": 20.900182724,
        "dvar": 644.38873291,
        "dvar2": 1449.88903809,
        "max": 323.170288086,
        "mean": 27.493106842,
        "median": 12.8856248856,
        "min": 0.145859152079,
        "var": 1615.41918945
    },
    "pitch_salience": {
        "dmean": 0.103174380958,
        "dmean2": 0.160663112998,
        "dvar": 0.0140524897724,
        "dvar2": 0.0300542544574,
        "max": 0.979365229607,
        "mean": 0.4377566576,
        "median": 0.46694162488,
        "min": 0.0148615185171,
        "var": 0.0442642308772
    },
    "silence_rate_20dB": {
        "dmean": 0,
        "dmean2": 0,
        "dvar": 0,
        "dvar2": 0,
        "max": 1,
        "mean": 1,
        "median": 1,
        "min": 1,
        "var": 0
    },
    "silence_rate_30dB": {
        "dmean": 0.0970350429416,
        "dmean2": 0.194085940719,
        "dvar": 0.0876147150993,
        "dvar2": 0.172441720963,
        "max": 1,
        "mean": 0.871283888817,
        "median": 1,
        "min": 0,
        "var": 0.112149626017
    },
    "silence_rate_60dB": {
        "dmean": 0.043780118227,
        "dmean2": 0.0875673890114,
        "dvar": 0.0418686270714,
        "dvar2": 0.0861220806837,
        "max": 1,
        "mean": 0.122263967991,
        "median": 0,
        "min": 0,
        "var": 0.107312120497
    },
    "spectral_centroid": {
        "dmean": 469.748718262,
        "dmean2": 682.699401855,
        "dvar": 330915.84375,
        "dvar2": 605214.375,
        "max": 11338.2373047,
        "mean": 1866.22521973,
        "median": 1742.77587891,
        "min": 129.03427124,
        "var": 1349371.875
    },
    "spectral_complexity": {
        "dmean": 4.3239402771,
        "dmean2": 6.3247833252,
        "dvar": 21.989118576,
        "dvar2": 43.7676277161,
        "max": 49,
        "mean": 13.4266576767,
        "median": 13,
        "min": 0,
        "var": 86.9856567383
    },
    "spectral_decrease": {
        "dmean": 7.4221011559e-09,
        "dmean2": 1.10224371852e-08,
        "dvar": 1.77281798869e-16,
        "dvar2": 3.69279233479e-16,
        "max": 1.43480372521e-28,
        "mean": -1.42239038325e-08,
        "median": -1.04364019649e-08,
        "min": -9.43099323081e-08,
        "var": 2.73968412806e-16
    },
    "spectral_energy": {
        "dmean": 0.0287348609418,
        "dmean2": 0.0426949635148,
        "dvar": 0.00256003625691,
        "dvar2": 0.00532162934542,
        "max": 0.359684437513,
        "mean": 0.0565923526883,
        "median": 0.0431351661682,
        "min": 1.02186346661e-20,
        "var": 0.00396962882951
    },
    "spectral_energyband_high": {
        "dmean": 0.00157139450312,
        "dmean2": 0.00239676423371,
        "dvar": 1.0868157915e-05,
        "dvar2": 2.52205336437e-05,
        "max": 0.048318348825,
        "mean": 0.00258586090058,
        "median": 0.000766878016293,
        "min": 6.99795929131e-21,
        "var": 1.76749563252e-05
    },
    "spectral_energyband_low": {
        "dmean": 0.0250782109797,
        "dmean2": 0.0378182195127,
        "dvar": 0.0025307238102,
        "dvar2": 0.00556708918884,
        "max": 0.347405046225,
        "mean": 0.0427887402475,
        "median": 0.026719301939,
        "min": 2.33711308105e-23,
        "var": 0.00364867504686
    },
    "spectral_energyband_middle_high": {
        "dmean": 0.00168763997499,
        "dmean2": 0.00243800855242,
        "dvar": 9.6724679679e-06,
        "dvar2": 1.8018485207e-05,
        "max": 0.0853988230228,
        "mean": 0.00329723325558,
        "median": 0.00165982916951,
        "min": 1.21933652043e-21,
        "var": 3.03576725855e-05
    },
    "spectral_energyband_middle_low": {
        "dmean": 0.00793284829706,
        "dmean2": 0.0133632225916,
        "dvar": 0.000297687249258,
        "dvar2": 0.000790672900621,
        "max": 0.144041910768,
        "mean": 0.00977977924049,
        "median": 0.00431237649173,
        "min": 1.56725318447e-22,
        "var": 0.000290738360491
    },
    "spectral_entropy": {
        "dmean": 0.192748978734,
        "dmean2": 0.278952598572,
        "dvar": 0.0424345396459,
        "dvar2": 0.0804693102837,
        "max": 9.81871795654,
        "mean": 7.8640832901,
        "median": 7.89447689056,
        "min": 4.90218162537,
        "var": 0.23082588613
    },
    "spectral_flux": {
        "dmean": 0.0528422519565,
        "dmean2": 0.0743003338575,
        "dvar": 0.00540258269757,
        "dvar2": 0.00920605100691,
        "max": 0.5442943573,
        "mean": 0.111618258059,
        "median": 0.0835671797395,
        "min": 6.45016609568e-11,
        "var": 0.0104049844667
    },
    "spectral_kurtosis": {
        "dmean": 1.20115423203,
        "dmean2": 1.86096727848,
        "dvar": 3.41225481033,
        "dvar2": 8.78817081451,
        "max": 62.9201278687,
        "mean": 2.57727837563,
        "median": 1.94986987114,
        "min": -1.39246320724,
        "var": 9.13604640961
    },
    "spectral_rms": {
        "dmean": 0.0016006246442,
        "dmean2": 0.00227480777539,
        "dvar": 4.80619883092e-06,
        "dvar2": 9.1501588031e-06,
        "max": 0.0187326353043,
        "mean": 0.00640972936526,
        "median": 0.00648714788258,
        "min": 3.1574354676e-12,
        "var": 1.41274322232e-05
    },
    "spectral_rolloff": {
        "dmean": 977.108947754,
        "dmean2": 1603.75463867,
        "dvar": 3363211.75,
        "dvar2": 6813648,
        "max": 19466.015625,
        "mean": 2085.89135742,
        "median": 409.130859375,
        "min": 21.533203125,
        "var": 8748042
    },
    "spectral_skewness": {
        "dmean": 0.223947048187,
        "dmean2": 0.332640707493,
        "dvar": 0.0593545176089,
        "dvar2": 0.130312606692,
        "max": 5.41518878937,
        "mean": 1.20050239563,
        "median": 1.18065059185,
        "min": -0.53152436018,
        "var": 0.243704721332
    },
    "spectral_spread": {
        "dmean": 1091812.5,
        "dmean2": 1542558,
        "dvar": 1.66055916339e+12,
        "dvar2": 3.24380236186e+12,
        "max": 49261004,
        "mean": 6555243,
        "median": 6093526,
        "min": 1118465.125,
        "var": 9.0645767127e+12
    },
    "spectral_strongpeak": {
        "dmean": 0.44012016058,
        "dmean2": 0.721085727215,
        "dvar": 1.25952136517,
        "dvar2": 3.19737386703,
        "max": 24.6163730621,
        "mean": 0.747515261173,
        "median": 0.442293852568,
        "min": 0,
        "var": 1.77740740776
    },
    "zerocrossingrate": {
        "dmean": 0.0204486269504,
        "dmean2": 0.0218416322023,
        "dvar": 0.000716911337804,
        "dvar2": 0.000720273470506,
        "max": 0.59765625,
        "mean": 0.0750513896346,
        "median": 0.05224609375,
        "min": 0,
        "var": 0.00535273551941
    },
    "barkbands": {
        "dmean": [0.0015473869862, 0.0219288785011, 0.00422088475898, 0.00352185661905, 0.00352748297155, 0.000450206920505, 0.000694178626873, 0.000235344370594, 0.000570023374166, 0.000415573333157, 0.000208086741623, 0.000141486583743, 0.000131552238599, 0.000145510042785, 0.000232182021136, 0.000246197392698, 0.000346772168996, 0.000276152335573, 0.000265009963186, 0.000173866006662, 0.000141625496326, 0.000213395949686, 0.000538517779205, 0.00041577470256, 0.000264986127149, 0.000133720532176, 1.31634615173e-05],
        "dmean2": [0.00257062306628, 0.0334981195629, 0.00771112553775, 0.00615687295794, 0.00609786808491, 0.000799683621153, 0.00108470337, 0.000387488660635, 0.000890748924576, 0.000610311457422, 0.000322580424836, 0.000220657020691, 0.00021192827262, 0.000230253121117, 0.000360861537047, 0.000382594094845, 0.000523253867868, 0.00042510923231, 0.000434776244219, 0.000271050259471, 0.000224252726184, 0.000334362441208, 0.000864070432726, 0.000651577254757, 0.000423195713665, 0.000205775722861, 2.1212566935e-05],
        "dvar": [5.87032582189e-06, 0.00221160589717, 0.000151645988808, 0.000101541954791, 7.21325413906e-05, 1.10861833491e-06, 1.66703455307e-06, 2.04309259288e-07, 1.83732788628e-06, 1.9048750346e-06, 4.934575486e-07, 3.65439120742e-07, 1.59485352924e-07, 2.27841510991e-07, 6.91302318501e-07, 6.23204869044e-07, 9.85402039078e-07, 4.24138903554e-07, 4.29484657616e-07, 1.44354928011e-07, 2.68979647444e-07, 2.11323992971e-07, 1.65764163285e-06, 9.69722464106e-07, 3.60425900681e-07, 9.8415526395e-08, 1.02027519766e-09],
        "dvar2": [1.76931171154e-05, 0.00517236767337, 0.000435845431639, 0.000269700423814, 0.000187684228877, 3.13462214763e-06, 3.53486007043e-06, 5.14615408065e-07, 4.12345025325e-06, 3.80995538762e-06, 1.14645797566e-06, 8.31534180179e-07, 3.83676223237e-07, 5.49328547095e-07, 1.59439764502e-06, 1.45548301589e-06, 2.06464619623e-06, 9.5973837233e-07, 1.11822532745e-06, 3.33882212544e-07, 6.23536948297e-07, 4.98320673614e-07, 3.99132932216e-06, 2.2675837954e-06, 8.75629382335e-07, 2.27192003877e-07, 2.49608356206e-09],
        "max": [0.02211635001, 0.31959348917, 0.0870437920094, 0.119080156088, 0.102322660387, 0.0109359631315, 0.0272408314049, 0.0073865968734, 0.0214763134718, 0.0315149463713, 0.0245445165783, 0.0448327548802, 0.0187435261905, 0.0182671807706, 0.0296350605786, 0.0258950963616, 0.0350792370737, 0.0154046146199, 0.0098656238988, 0.0116126276553, 0.0187282618135, 0.00739399623126, 0.0307261534035, 0.0144652770832, 0.00604132050648, 0.00401954166591, 0.000314229022479],
        "mean": [0.00268087163568, 0.0347317792475, 0.00359810469672, 0.00343645527028, 0.00384070933796, 0.000452442007372, 0.00097908184398, 0.000276195904007, 0.000668260850944, 0.000528370612301, 0.000239842469455, 0.000179690032382, 0.000172983563971, 0.00019178079674, 0.000325841276208, 0.000332538998919, 0.00046329543693, 0.000397427851567, 0.000354018615326, 0.000269242387731, 0.000221423833864, 0.00034949768451, 0.000792939157691, 0.000604867760558, 0.000345012405887, 0.000148190854816, 1.14402664622e-05],
        "median": [0.00158696109429, 0.0184701345861, 0.000350524787791, 0.000359977391781, 0.00132383476011, 0.000162216951139, 0.000230085512158, 7.23896519048e-05, 0.000163984499522, 8.4644780145e-05, 4.89299491164e-05, 4.50358238595e-05, 4.66495912406e-05, 4.52969252365e-05, 5.92177711951e-05, 8.09743651189e-05, 9.32740222197e-05, 0.00013861633488, 9.87961975625e-05, 0.000104683917016, 6.61707890686e-05, 0.000136131100589, 0.000123761594296, 7.65561708249e-05, 8.43829329824e-05, 1.35088121169e-05, 3.59610396572e-07],
        "min": [1.34577895494e-24, 6.72538079378e-24, 3.42733044833e-24, 6.09382772635e-25, 1.08922742572e-23, 1.12134218983e-23, 9.23496584776e-24, 1.1670951757e-23, 1.47874106608e-23, 2.25328730132e-23, 2.66888967622e-23, 2.3122466076e-23, 5.4925841543e-23, 2.4662628641e-23, 6.64745253817e-23, 7.14084212035e-23, 4.79068317319e-23, 9.05963141415e-23, 1.54824315126e-22, 1.96117169791e-22, 2.79142634363e-22, 3.50714785225e-22, 4.01613933609e-22, 6.00977916046e-22, 8.94433264021e-22, 1.38278971168e-21, 2.09365673437e-21],
        "var": [9.72971247393e-06, 0.00286969798617, 9.15487980819e-05, 9.05003325897e-05, 7.30617830413e-05, 7.76709612182e-07, 4.42667760581e-06, 3.0745860613e-07, 2.46889339905e-06, 2.91270339403e-06, 6.81336473463e-07, 4.551253312e-07, 2.67568054824e-07, 3.04133948248e-07, 1.08159360934e-06, 9.26024085857e-07, 2.07643165595e-06, 7.51982497604e-07, 5.85891086757e-07, 2.10219653241e-07, 3.67816483049e-07, 3.16839106063e-07, 2.67147152044e-06, 1.50157870848e-06, 4.24956226652e-07, 1.10674946541e-07, 9.59965218428e-10]
    },
    "erbbands": {
        "dmean": [0.825393438339, 4.67571401596, 5.88642501831, 8.73787403107, 14.5146865845, 9.29405403137, 4.38120889664, 3.86497950554, 9.21939659119, 7.88508367538, 6.52156591415, 13.8896474838, 10.2891721725, 10.9443597794, 7.72206258774, 5.41637372971, 5.56947994232, 6.62401533127, 9.28168296814, 13.1841459274, 12.6631889343, 19.0862045288, 16.049041748, 11.9601659775, 12.3443222046, 7.97828102112, 5.46645355225, 5.63875293732, 7.5906829834, 9.92716789246, 16.2685832977, 10.1355066299, 6.00451803207, 3.56050491333, 1.60084331036, 0.668682515621, 0.23896355927, 0.0385837890208, 0.00216452009045, 7.14306952432e-05],
        "dmean2": [1.2373547554, 7.50925350189, 10.5547389984, 15.3231153488, 24.9173564911, 16.2613334656, 7.82319879532, 6.78461647034, 15.1051502228, 11.5157785416, 10.297208786, 21.7226734161, 14.7132434845, 16.5098590851, 11.3818759918, 8.39028167725, 8.85417556763, 10.3951730728, 14.4590091705, 19.9279918671, 18.5877227783, 28.6757068634, 24.1729106903, 19.1490764618, 20.049577713, 12.4394187927, 8.63717842102, 8.75858306885, 11.9180059433, 15.6837730408, 26.2590332031, 15.8804626465, 9.44382572174, 5.77970123291, 2.5228676796, 1.03163230419, 0.369338095188, 0.0605237297714, 0.00341240945272, 0.000106006133137],
        "dvar": [2.5311563015, 125.404724121, 279.698425293, 602.81262207, 1393.01367188, 415.412567139, 115.405517578, 76.3380203247, 291.706298828, 354.54397583, 148.720474243, 1314.63916016, 960.839111328, 1836.41931152, 627.814819336, 448.37878418, 297.993682861, 443.317901611, 1125.75158691, 1753.35705566, 1335.54492188, 2970.21948242, 1318.60998535, 792.011779785, 903.667480469, 302.792358398, 289.87008667, 481.159881592, 325.009918213, 509.985656738, 1647.69555664, 586.598327637, 217.607711792, 66.2910308838, 13.4120388031, 2.43599820137, 0.314783841372, 0.00856108590961, 2.72259003395e-05, 1.50131533871e-08],
        "dvar2": [5.92931461334, 316.684875488, 787.148010254, 1619.56689453, 3535.43017578, 1151.4543457, 327.966217041, 214.746917725, 675.842651367, 587.553161621, 352.793579102, 2952.20263672, 1750.83581543, 4066.73950195, 1120.99597168, 1051.77722168, 709.500732422, 1052.3651123, 2639.41210938, 4118.73144531, 2845.39233398, 6272.921875, 2948.82250977, 2014.38085938, 2309.61450195, 707.969299316, 684.888305664, 1087.93737793, 778.142456055, 1242.40283203, 4001.78588867, 1387.5604248, 505.670684814, 165.256408691, 31.7272071838, 5.61736488342, 0.726427793503, 0.0204049888998, 6.44722895231e-05, 3.41276091831e-08],
        "max": [13.5870056152, 76.0714645386, 111.026496887, 252.303665161, 443.450744629, 209.138809204, 106.194824219, 96.3503952026, 232.813232422, 632.866210938, 211.610214233, 655.815856934, 733.254821777, 1306.61889648, 817.526977539, 1732.33337402, 982.398132324, 883.209655762, 1682.32641602, 1259.0645752, 1389.96508789, 1920.0345459, 736.607543945, 938.317749023, 578.955383301, 462.158569336, 484.976989746, 744.53717041, 384.19619751, 478.424835205, 1163.49328613, 275.479217529, 280.886505127, 86.6827697754, 53.854801178, 18.8776798248, 7.7510972023, 0.852263450623, 0.0647608861327, 0.00113710993901],
        "mean": [1.44694447517, 5.9103679657, 5.28965139389, 8.78230667114, 15.1388473511, 10.0890979767, 4.57334184647, 4.01629972458, 11.5949811935, 12.2348117828, 8.73707103729, 15.7945547104, 14.0313978195, 13.1903982162, 10.5925035477, 7.14508628845, 7.47651386261, 9.63103294373, 12.5809659958, 20.0932159424, 18.568113327, 26.9404067993, 23.0315303802, 18.3728294373, 17.1000347137, 12.5483064651, 10.0100212097, 7.9686088562, 12.0389556885, 15.3937454224, 23.7148227692, 15.3389387131, 8.49813461304, 4.65423107147, 2.02830004692, 0.772935926914, 0.257153183222, 0.037941839546, 0.00202226173133, 0.000112224901386],
        "median": [0.806155622005, 2.60564279556, 1.18626093864, 1.18932020664, 3.80793166161, 4.21028518677, 1.51393795013, 1.72571861744, 3.45618963242, 2.32659006119, 2.82043170929, 3.8084230423, 3.25688838959, 2.77355957031, 2.27841830254, 1.87491440773, 2.18151760101, 2.43495130539, 2.77503561974, 3.82954645157, 5.08641910553, 5.98879623413, 7.85122013092, 6.72791957855, 5.56725692749, 4.89872407913, 2.87781643867, 2.83353948593, 4.40847206116, 4.14327812195, 3.72464394569, 2.01471996307, 1.17698764801, 1.12696492672, 0.448086261749, 0.0994411855936, 0.0172162279487, 0.0015663288068, 9.05893248273e-05, 6.77395000821e-05],
        "min": [1.25705187195e-22, 1.18483262796e-21, 5.47026817544e-21, 8.78476554186e-21, 1.14343777168e-20, 2.68014386377e-20, 6.02090615334e-20, 1.0612322716e-19, 1.25142888253e-19, 3.02884459749e-19, 2.75193063629e-19, 3.67910058279e-19, 6.51350655453e-19, 7.67869487886e-19, 8.79627068714e-19, 1.28164770316e-18, 2.46463881543e-18, 1.97651064377e-18, 2.70779744868e-18, 4.23270221959e-18, 5.18419318896e-18, 3.4023061492e-18, 6.01189657966e-18, 7.70478456897e-18, 8.58611077006e-18, 9.97818791218e-18, 8.31797438424e-18, 9.95686981343e-18, 1.18346467317e-17, 1.11850278823e-17, 1.3187805026e-17, 1.30573950394e-17, 9.83488217978e-18, 9.15803089021e-18, 6.33091325855e-18, 4.30632418924e-18, 2.36481114359e-18, 8.94822686759e-19, 2.5887462545e-19, 2.82548482883e-20],
        "var": [4.02303361893, 122.489433289, 178.538208008, 521.084533691, 1453.84143066, 346.354949951, 82.3975906372, 53.7062301636, 408.68371582, 1776.30859375, 247.408554077, 1657.15551758, 1738.60046387, 2221.78320312, 1513.21154785, 536.729980469, 473.550323486, 675.094909668, 1505.72412109, 3671.55175781, 2342.68237305, 6832.46044922, 2307.14916992, 1211.5267334, 1247.54663086, 440.700042725, 610.474914551, 559.752563477, 451.992248535, 787.315856934, 2511.94189453, 950.675537109, 313.58480835, 77.6686859131, 15.6603889465, 2.7796561718, 0.354619204998, 0.00879228673875, 2.71899752988e-05, 1.92244460351e-08]
    },
    "gfcc": {
        "mean": [-20.0536060333, 54.6161956787, -87.5479507446, 53.4404449463, -51.8246421814, 25.8765678406, -36.2483978271, 22.6814899445, -17.267332077, 2.35853886604, -14.5085906982, 3.9613301754, -9.98414039612],
        "cov": [[14864.2304688, 179.301147461, 492.861358643, 651.249145508, -511.935760498, 286.990936279, -150.478134155, 202.130767822, -89.5620040894, -108.106369019, -143.20614624, 164.947738647, -259.771942139], [179.301147461, 1704.91967773, -352.987915039, -78.8022766113, 297.293395996, -119.409873962, 90.6073608398, -98.2102432251, -57.5983772278, -66.1778869629, 3.80756425858, -106.388397217, 179.875457764], [492.861358643, -352.987915039, 1742.44812012, 536.50579834, 144.096664429, 432.214569092, -23.2463531494, 135.887374878, 92.7302932739, -13.1583328247, 183.15296936, 78.8453292847, -125.464981079], [651.249145508, -78.8022766113, 536.50579834, 604.143615723, 19.1509895325, 194.270324707, 21.3548870087, 96.2272109985, 82.0520706177, 28.5021362305, 136.600799561, 20.7886886597, 15.042675972], [-511.935760498, 297.293395996, 144.096664429, 19.1509895325, 548.217895508, 348.224975586, 183.757843018, 35.5351028442, 98.489982605, 44.6039505005, 82.9524917603, 42.8722229004, 136.454421997], [286.990936279, -119.409873962, 432.214569092, 194.270324707, 348.224975586, 722.985046387, 159.900756836, 63.9618453979, 153.102752686, 59.6309013367, 145.265838623, 70.1207885742, 144.545928955], [-150.478134155, 90.6073608398, -23.2463531494, 21.3548870087, 183.757843018, 159.900756836, 263.266265869, 86.4897766113, 59.9247779846, 48.2602806091, 48.4593696594, 52.0971260071, 83.1249313354], [202.130767822, -98.2102432251, 135.887374878, 96.2272109985, 35.5351028442, 63.9618453979, 86.4897766113, 217.226776123, 89.5691223145, 8.33605575562, 54.206489563, 48.6072807312, 7.91148948669], [-89.5620040894, -57.5983772278, 92.7302932739, 82.0520706177, 98.489982605, 153.102752686, 59.9247779846, 89.5691223145, 192.98890686, 83.8884735107, 63.8688316345, 11.5072593689, 47.9895744324], [-108.106369019, -66.1778869629, -13.1583328247, 28.5021362305, 44.6039505005, 59.6309013367, 48.2602806091, 8.33605575562, 83.8884735107, 131.052597046, 48.3524551392, -6.06771612167, 16.1212444305], [-143.20614624, 3.80756425858, 183.15296936, 136.600799561, 82.9524917603, 145.265838623, 48.4593696594, 54.206489563, 63.8688316345, 48.3524551392, 163.87562561, 30.5844898224, 25.8360233307], [164.947738647, -106.388397217, 78.8453292847, 20.7886886597, 42.8722229004, 70.1207885742, 52.0971260071, 48.6072807312, 11.5072593689, -6.06771612167, 30.5844898224, 114.779945374, 25.467622757], [-259.771942139, 179.875457764, -125.464981079, 15.042675972, 136.454421997, 144.545928955, 83.1249313354, 7.91148948669, 47.9895744324, 16.1212444305, 25.8360233307, 25.467622757, 156.533966064]],
        "icov": [[0.000105976811028, -0.000155728746904, 7.58444293751e-05, -0.000171175284777, 0.000187384750461, -0.000304800370941, 0.000115051145258, -0.000175122477231, 8.49280768307e-05, -0.000172791813384, 0.000368915003492, -0.000405304250307, 0.00049473711988], [-0.000155728746904, 0.00130867364351, -0.00014926433505, 0.000225658790441, -0.000999597832561, 0.00123964936938, -0.00053935777396, 0.000649020366836, -2.10070666071e-05, 0.00121822115034, -0.00121102202684, 0.00195296201855, -0.00216018268839], [7.58444293751e-05, -0.00014926433505, 0.00134658673778, -0.000990963308141, -0.000262251618551, -0.000979323056526, 0.000503808551002, -0.000271383236395, -0.000108191066829, 0.000410654203733, 3.64483894373e-05, -0.000939754594583, 0.00248879799619], [-0.000171175284777, 0.000225658790441, -0.000990963308141, 0.0031180314254, 0.000418117211666, 0.000451024679933, -0.000193930784008, -0.000291022122838, -0.000174914413947, 0.000111749519419, -0.0019871185068, 0.00138185173273, -0.00215529766865], [0.000187384750461, -0.000999597832561, -0.000262251618551, 0.000418117211666, 0.00428449735045, -0.00186864449643, -0.00114476797171, 1.22269284475e-05, -0.00048803575919, -0.000606101762969, 0.000524335424416, -0.00118643487804, 0.000125700767967], [-0.000304800370941, 0.00123964936938, -0.000979323056526, 0.000451024679933, -0.00186864449643, 0.00454669399187, -0.0011678552255, 0.00153734302148, -0.00134831096511, 0.00143960455898, -0.00236198282801, 0.00179959717207, -0.00442353263497], [0.000115051145258, -0.00053935777396, 0.000503808551002, -0.000193930784008, -0.00114476797171, -0.0011678552255, 0.00727180019021, -0.00329910055734, 0.00182453531306, -0.00322096073069, 0.000993859139271, -0.00226604868658, -0.000408327614423], [-0.000175122477231, 0.000649020366836, -0.000271383236395, -0.000291022122838, 1.22269284475e-05, 0.00153734302148, -0.00329910055734, 0.00884262938052, -0.00504503352568, 0.00408246135339, -0.00205403147265, -0.0008870663587, 0.000258359796135], [8.49280768307e-05, -2.10070666071e-05, -0.000108191066829, -0.000174914413947, -0.00048803575919, -0.00134831096511, 0.00182453531306, -0.00504503352568, 0.0117033421993, -0.00685550272465, 0.0005034559872, 0.00107216951437, -0.00208771089092], [-0.000172791813384, 0.00121822115034, 0.000410654203733, 0.000111749519419, -0.000606101762969, 0.00143960455898, -0.00322096073069, 0.00408246135339, -0.00685550272465, 0.014672646299, -0.00429385853931, 0.00271972198971, 0.000191715473193], [0.000368915003492, -0.00121102202684, 3.64483894373e-05, -0.0019871185068, 0.000524335424416, -0.00236198282801, 0.000993859139271, -0.00205403147265, 0.0005034559872, -0.00429385853931, 0.0116305304691, -0.00357748172246, 0.00247434852645], [-0.000405304250307, 0.00195296201855, -0.000939754594583, 0.00138185173273, -0.00118643487804, 0.00179959717207, -0.00226604868658, -0.0008870663587, 0.00107216951437, 0.00271972198971, -0.00357748172246, 0.0144702121615, -0.00555476173759], [0.00049473711988, -0.00216018268839, 0.00248879799619, -0.00215529766865, 0.000125700767967, -0.00442353263497, -0.000408327614423, 0.000258359796135, -0.00208771089092, 0.000191715473193, 0.00247434852645, -0.00555476173759, 0.0171882659197]]
    },
    "melbands": {
        "dmean": [0.00656105624512, 0.00406422093511, 0.00166525505483, 0.000906751898583, 0.000183362717507, 8.89477742021e-05, 0.000141344135045, 7.5499767263e-05, 6.51874725008e-05, 8.42958615976e-05, 5.28756136191e-05, 4.83618969156e-05, 2.74619524134e-05, 1.65881574503e-05, 1.49956567839e-05, 1.21799666886e-05, 1.26234890558e-05, 1.45348003571e-05, 1.92759052879e-05, 1.80111983354e-05, 1.54371882672e-05, 2.09510762943e-05, 1.983104994e-05, 1.23804720715e-05, 9.99095573206e-06, 1.13176465675e-05, 7.92335777078e-06, 4.86843237013e-06, 3.81428412766e-06, 3.25950213664e-06, 3.49064544025e-06, 4.29854753747e-06, 4.62978914584e-06, 7.0569935815e-06, 1.09731527118e-05, 8.19846263767e-06, 5.74154910282e-06, 4.62075377072e-06, 3.45935768564e-06, 3.00198576042e-06],
        "dmean2": [0.00993164908141, 0.00685208383948, 0.00289459829219, 0.0015632341383, 0.000329873146256, 0.000156128866365, 0.000229057754041, 0.000111690722406, 0.000102280078863, 0.000132516448502, 7.59242393542e-05, 7.29267339921e-05, 4.1575076466e-05, 2.53567195614e-05, 2.35874958889e-05, 1.93743253476e-05, 1.99655933102e-05, 2.29755896726e-05, 2.9664592148e-05, 2.77028193523e-05, 2.3127262466e-05, 3.18103338941e-05, 2.99589519273e-05, 1.88948779396e-05, 1.61517145898e-05, 1.87488603842e-05, 1.26144850583e-05, 7.53106724005e-06, 6.13149268247e-06, 5.08642960995e-06, 5.5055456869e-06, 6.68666052661e-06, 7.43396094549e-06, 1.12774041554e-05, 1.77497149707e-05, 1.32750674311e-05, 8.97458085092e-06, 7.28090981283e-06, 5.55006727154e-06, 4.94899995829e-06],
        "dvar": [0.000178256566869, 0.000109147207695, 1.91390372493e-05, 4.64592403659e-06, 1.98678037577e-07, 3.92326064969e-08, 6.75439295605e-08, 3.08624557022e-08, 1.64481246401e-08, 4.81921453854e-08, 2.62859121136e-08, 3.54301405991e-08, 7.0048109535e-09, 7.23693860394e-09, 1.59109780906e-09, 1.48003109768e-09, 1.60199697952e-09, 2.96226998486e-09, 5.26562926595e-09, 4.07644051847e-09, 2.28480701026e-09, 4.17939993724e-09, 2.56410359611e-09, 1.0172915843e-09, 6.04021721529e-10, 1.05032571529e-09, 3.27769034136e-10, 1.18055870635e-10, 1.37925046384e-10, 1.59189397775e-10, 1.99644231702e-10, 1.23757129544e-10, 9.01220140181e-11, 2.69779365514e-10, 8.36702318541e-10, 3.76958575465e-10, 1.91184262865e-10, 1.33547117809e-10, 7.22088847049e-11, 4.82900247567e-11],
        "dvar2": [0.000410126551287, 0.000289932999294, 5.13453996973e-05, 1.21575885714e-05, 5.66092637655e-07, 1.09948814497e-07, 1.55359330734e-07, 5.27971977249e-08, 3.72541002491e-08, 1.09162833439e-07, 4.80468962394e-08, 7.7581823632e-08, 1.4592429487e-08, 1.64312812245e-08, 3.40707329016e-09, 3.47817241675e-09, 3.83673581794e-09, 6.98376467767e-09, 1.27217534285e-08, 9.7154790879e-09, 5.06586061988e-09, 8.96175578191e-09, 5.53550849602e-09, 2.26512075763e-09, 1.54925672291e-09, 2.82434076126e-09, 7.92096555013e-10, 2.78094880457e-10, 3.45662221068e-10, 3.65348223896e-10, 4.63589527877e-10, 2.95308527631e-10, 2.26549723426e-10, 6.6302729973e-10, 2.05503547512e-09, 9.01404784148e-10, 4.59527332852e-10, 3.08097297674e-10, 1.76421210973e-10, 1.23441742939e-10],
        "max": [0.102911934257, 0.0709367319942, 0.044938005507, 0.0254964716733, 0.00472118007019, 0.0023860076908, 0.00332702766173, 0.00580754317343, 0.00213796133175, 0.00403116550297, 0.00371876521967, 0.00548634352162, 0.00244259182364, 0.00672881212085, 0.00211502378806, 0.00141248956788, 0.00162081792951, 0.00272491271608, 0.00313192722388, 0.00249258684926, 0.00173760286998, 0.00184116221499, 0.00145815080032, 0.000796981446911, 0.000844395312015, 0.00049439468421, 0.000593670411035, 0.000291591335554, 0.000282094522845, 0.000418180221459, 0.000477471563499, 0.000230671779718, 0.000173543041456, 0.000335619231919, 0.000871325144544, 0.000267327297479, 0.000207284509088, 0.000245918170549, 0.000206077005714, 6.70758163324e-05],
        "mean": [0.0110520813614, 0.00448345020413, 0.0016986487899, 0.000979566248134, 0.000192090781638, 9.19115700526e-05, 0.000183377764188, 0.000113201967906, 8.33244193927e-05, 9.36653232202e-05, 7.08369043423e-05, 5.73965407966e-05, 3.43868159689e-05, 2.18179629883e-05, 1.88813955901e-05, 1.65297642525e-05, 1.75700770342e-05, 1.80844726856e-05, 2.72956785921e-05, 2.48496598942e-05, 2.08653982554e-05, 2.82264718408e-05, 2.42387195613e-05, 1.83505690075e-05, 1.4234758055e-05, 1.39269568535e-05, 1.11290191853e-05, 7.27156520952e-06, 6.68173333906e-06, 4.82673704028e-06, 4.45087152912e-06, 6.33373292658e-06, 7.49573791836e-06, 9.96530889097e-06, 1.52908560267e-05, 1.22144519992e-05, 8.23707341624e-06, 6.28398129265e-06, 4.79054006064e-06, 3.64626271221e-06],
        "median": [0.00609525013715, 0.00199544196948, 0.000275288010016, 0.000329098518705, 7.89663536125e-05, 3.78846598323e-05, 5.2589810366e-05, 2.02659739443e-05, 2.24287214223e-05, 2.21621194214e-05, 1.37443457788e-05, 1.09118755063e-05, 7.20131447451e-06, 5.19960576639e-06, 4.95358835906e-06, 4.37539165432e-06, 4.33986315329e-06, 3.92459969589e-06, 4.68043890578e-06, 5.17877788297e-06, 5.1878287195e-06, 5.48471734874e-06, 5.72029784962e-06, 6.39127256363e-06, 4.67056861453e-06, 3.28510282088e-06, 3.67540496882e-06, 2.51031997323e-06, 1.68243786902e-06, 1.37164624903e-06, 1.39702342494e-06, 2.13709972741e-06, 2.53148118645e-06, 1.69356144397e-06, 1.85477153991e-06, 1.59890646501e-06, 1.07763696633e-06, 7.32321382202e-07, 1.02293006421e-06, 7.92800221916e-07],
        "min": [1.96460148368e-24, 3.28554946391e-24, 1.32949883801e-24, 1.64159252528e-24, 1.76745843815e-24, 2.65200245193e-24, 1.73570225077e-24, 3.03356185001e-24, 1.72516799945e-24, 2.31325039366e-24, 2.97208296144e-24, 2.94376068558e-24, 3.30201279378e-24, 1.90448574675e-24, 2.65814905889e-24, 5.28338881297e-24, 2.04797875655e-24, 2.6742773201e-24, 4.17593223168e-24, 5.14593492783e-24, 5.02563206206e-24, 3.09509615607e-24, 4.19786611472e-24, 4.58927089133e-24, 5.12682122253e-24, 5.000666981e-24, 5.88521276971e-24, 6.22956199333e-24, 3.50403967718e-24, 5.64592285817e-24, 5.41932808517e-24, 5.52003170175e-24, 5.44658875147e-24, 6.29919001227e-24, 6.42497625019e-24, 6.88672335928e-24, 7.35193751206e-24, 7.61781913586e-24, 4.30552748448e-24, 6.39609999675e-24],
        "var": [0.000256966392044, 8.73307944858e-05, 1.68762981048e-05, 4.65946186523e-06, 1.35392980383e-07, 2.80308647405e-08, 1.04236953291e-07, 1.47163518704e-07, 2.75637859204e-08, 5.93671991567e-08, 4.7709548312e-08, 4.34770726088e-08, 1.30680533061e-08, 9.34835853172e-09, 2.91665047669e-09, 2.27847363199e-09, 2.3499855395e-09, 3.66811003794e-09, 8.21571433107e-09, 6.41170894156e-09, 3.42059669478e-09, 8.63798987893e-09, 4.06155065136e-09, 1.99220706598e-09, 8.10605971235e-10, 1.35835087622e-09, 4.42313630167e-10, 1.64314811757e-10, 3.30451360719e-10, 2.17103321432e-10, 2.06387074098e-10, 1.64739680231e-10, 1.41071210269e-10, 4.0521075384e-10, 1.19309684354e-09, 6.01296568092e-10, 2.91474788749e-10, 1.88676657631e-10, 9.27682652918e-11, 5.0615994035e-11]
    },
    "mfcc": {
        "mean": [-667.523803711, 83.1482696533, 25.3876342773, 30.7464904785, 18.7937507629, 7.3488202095, 3.81769824028, 15.7873897552, 5.10457277298, 6.92710638046, 4.71649169922, 0.0663406103849, 2.78561735153],
        "cov": [[10705.7910156, -72.5628967285, 673.659790039, 243.614944458, -114.36000824, 80.0058288574, -118.428619385, 347.220581055, -168.943267822, 180.470062256, -123.768539429, -16.1848678589, -11.6146335602], [-72.5628967285, 1606.56298828, -563.205688477, 31.3572273254, 24.3812961578, 25.5001983643, 101.233734131, -70.5453720093, 86.2014083862, -106.391242981, -32.2858276367, -146.174133301, -2.65895104408], [673.659790039, -563.205688477, 1633.75549316, 246.487731934, 433.893493652, 157.323287964, 97.8945541382, 228.112213135, -154.900054932, 211.070251465, 39.8695678711, 142.843780518, 54.8788833618], [243.614944458, 31.3572273254, 246.487731934, 452.559387207, -5.91105461121, -110.379348755, -5.84211778641, 5.48799943924, -40.4717445374, -11.3526592255, 69.8227233887, 6.55281829834, 8.36066150665], [-114.36000824, 24.3812961578, 433.893493652, -5.91105461121, 505.075500488, 278.094787598, 160.288070679, 154.087905884, 51.7638053894, 140.701812744, -10.1154985428, 108.806770325, 58.8136672974], [80.0058288574, 25.5001983643, 157.323287964, -110.379348755, 278.094787598, 473.530792236, 204.794509888, 92.2918014526, 116.798080444, 100.793037415, -23.8120155334, 91.4838562012, 53.3428077698], [-118.428619385, 101.233734131, 97.8945541382, -5.84211778641, 160.288070679, 204.794509888, 270.029144287, 138.117782593, 63.7094573975, 60.0357437134, 5.00366449356, 49.5476531982, 51.3779563904], [347.220581055, -70.5453720093, 228.112213135, 5.48799943924, 154.087905884, 92.2918014526, 138.117782593, 264.468353271, 65.2961654663, 63.8470954895, 5.23327684402, 73.6691665649, 55.0545005798], [-168.943267822, 86.2014083862, -154.900054932, -40.4717445374, 51.7638053894, 116.798080444, 63.7094573975, 65.2961654663, 216.55178833, 32.7363204956, -0.0754165276885, 61.7985687256, 11.7571678162], [180.470062256, -106.391242981, 211.070251465, -11.3526592255, 140.701812744, 100.793037415, 60.0357437134, 63.8470954895, 32.7363204956, 215.671524048, 66.9307632446, 31.9345645905, 34.3903694153], [-123.768539429, -32.2858276367, 39.8695678711, 69.8227233887, -10.1154985428, -23.8120155334, 5.00366449356, 5.23327684402, -0.0754165276885, 66.9307632446, 131.725082397, 23.0616073608, 9.52182102203], [-16.1848678589, -146.174133301, 142.843780518, 6.55281829834, 108.806770325, 91.4838562012, 49.5476531982, 73.6691665649, 61.7985687256, 31.9345645905, 23.0616073608, 159.525314331, 37.1831207275], [-11.6146335602, -2.65895104408, 54.8788833618, 8.36066150665, 58.8136672974, 53.3428077698, 51.3779563904, 55.0545005798, 11.7571678162, 34.3903694153, 9.52182102203, 37.1831207275, 88.0880737305]],
