{
"lowlevel": {
    "average_loudness": 0.789614021778,
    "barkbands_crest": {
        "dmean": 2.61998414993,
        "dmean2": 4.19228506088,
        "dvar": 6.77764177322,
        "dvar2": 16.6667919159,
        "max": 26.6808013916,
        "mean": 10.3298892975,
        "median": 9.44136238098,
        "min": 2.48099923134,
        "var": 19.5919589996
    },
    "barkbands_flatness_db": {
        "dmean": 0.0323282517493,
        "dmean2": 0.0470692291856,
        "dvar": 0.00126085407101,
        "dvar2": 0.00240235938691,
        "max": 0.595546543598,
        "mean": 0.204028248787,
        "median": 0.190785169601,
        "min": 0.0292907152325,
        "var": 0.00687858602032
    },
    "barkbands_kurtosis": {
        "dmean": 5.99048376083,
        "dmean2": 9.58333969116,
        "dvar": 187.769378662,
        "dvar2": 448.403930664,
        "max": 278.768463135,
        "mean": 8.07769393921,
        "median": 1.29910039902,
        "min": -1.95377540588,
        "var": 381.275146484
    },
    "barkbands_skewness": {
        "dmean": 0.762144684792,
        "dmean2": 1.18262553215,
        "dvar": 0.884575903416,
        "dvar2": 2.12398910522,
        "max": 13.137011528,
        "mean": 1.62021625042,
        "median": 1.2322217226,
        "min": -6.03167200089,
        "var": 3.10987186432
    },
    "barkbands_spread": {
        "dmean": 6.77354764938,
        "dmean2": 10.2247953415,
        "dvar": 83.6017303467,
        "dvar2": 164.143936157,
        "max": 125.052139282,
        "mean": 21.411605835,
        "median": 18.5875682831,
        "min": 0.239111334085,
        "var": 299.578918457
    },
    "dissonance": {
        "dmean": 0.0215492639691,
        "dmean2": 0.0345727577806,
        "dvar": 0.000632179435343,
        "dvar2": 0.00158348039258,
        "max": 0.500000059605,
        "mean": 0.457452595234,
        "median": 0.468683302402,
        "min": 0.126776576042,
        "var": 0.00137692608405
    },
    "dynamic_complexity": 4.78143930435,
    "erbbands_crest": {
        "dmean": 2.97232103348,
        "dmean2": 4.71866512299,
        "dvar": 9.27803421021,
        "dvar2": 21.356212616,
        "max": 32.2453117371,
        "mean": 10.0337543488,
        "median": 8.46783256531,
        "min": 2.52694129944,
        "var": 26.0468845367
    },
    "erbbands_flatness_db": {
        "dmean": 0.0211344175041,
        "dmean2": 0.030318364501,
        "dvar": 0.000491474813316,
        "dvar2": 0.000964691338595,
        "max": 0.485005259514,
        "mean": 0.220370769501,
        "median": 0.226473793387,
        "min": 0.0414817966521,
        "var": 0.00325964856893
    },
    "erbbands_kurtosis": {
        "dmean": 2.13518261909,
        "dmean2": 3.27756357193,
        "dvar": 21.4212493896,
        "dvar2": 44.1838226318,
        "max": 106.231750488,
        "mean": 1.56492424011,
        "median": -0.198554515839,
        "min": -1.95457875729,
        "var": 37.5393333435
    },
    "erbbands_skewness": {
        "dmean": 0.622032463551,
        "dmean2": 0.913565278053,
        "dvar": 0.604929029942,
        "dvar2": 1.17730081081,
        "max": 8.22181415558,
        "mean": 0.132507219911,
        "median": -0.123150706291,
        "min": -6.86813306808,
        "var": 1.86468982697
    },
    "erbbands_spread": {
        "dmean": 10.4129114151,
        "dmean2": 15.926399231,
        "dvar": 181.552658081,
        "dvar2": 397.398498535,
        "max": 225.73210144,
        "mean": 37.7154541016,
        "median": 33.2046279907,
        "min": 1.32311630249,
        "var": 598.076904297
    },
    "hfc": {
        "dmean": 5.62123203278,
        "dmean2": 7.9750919342,
        "dvar": 87.2791519165,
        "dvar2": 186.872329712,
        "max": 176.499832153,
        "mean": 14.2800474167,
        "median": 7.686378479,
        "min": 1.04760690809e-16,
        "var": 379.0262146
    },
    "melbands_crest": {
        "dmean": 3.38540267944,
        "dmean2": 5.47702217102,
        "dvar": 10.9292030334,
        "dvar2": 28.3411312103,
        "max": 38.2055931091,
        "mean": 14.9723777771,
        "median": 14.388633728,
        "min": 1.48288440704,
        "var": 32.4392852783
    },
    "melbands_flatness_db": {
        "dmean": 0.040740698576,
        "dmean2": 0.0582813359797,
        "dvar": 0.0020341668278,
        "dvar2": 0.00380995776504,
        "max": 0.757760882378,
        "mean": 0.274034291506,
        "median": 0.254460275173,
        "min": 0.00183323933743,
        "var": 0.0121182156727
    },
    "melbands_kurtosis": {
        "dmean": 13.7865114212,
        "dmean2": 21.8688640594,
        "dvar": 1055.19104004,
        "dvar2": 2525.39428711,
        "max": 862.030822754,
        "mean": 24.1500015259,
        "median": 6.37235784531,
        "min": -1.91100406647,
        "var": 3374.12939453
    },
    "melbands_skewness": {
        "dmean": 1.00220274925,
        "dmean2": 1.55118978024,
        "dvar": 1.75465488434,
        "dvar2": 4.10414838791,
        "max": 25.1970081329,
        "mean": 2.92349481583,
        "median": 2.23244857788,
        "min": -2.79144978523,
        "var": 7.0131316185
    },
    "melbands_spread": {
        "dmean": 8.59115219116,
        "dmean2": 13.2128772736,
        "dvar": 154.104492188,
        "dvar2": 321.988586426,
        "max": 264.879638672,
        "mean": 24.6342105865,
        "median": 18.827583313,
        "min": 0.110954329371,
        "var": 649.602844238
    },
    "pitch_salience": {
        "dmean": 0.0757140517235,
        "dmean2": 0.120865918696,
        "dvar": 0.00494246557355,
        "dvar2": 0.0122296055779,
        "max": 0.989366889,
        "mean": 0.524689614773,
        "median": 0.52328646183,
        "min": 0.06443759799,
        "var": 0.0135984094813
    },
    "silence_rate_20dB": {
        "dmean": 0,
        "dmean2": 0,
        "dvar": 0,
        "dvar2": 0,
        "max": 1,
        "mean": 1,
        "median": 1,
        "min": 1,
        "var": 0
    },
    "silence_rate_30dB": {
        "dmean": 0.00692765181884,
        "dmean2": 0.0138562088832,
        "dvar": 0.00687888497487,
        "dvar2": 0.0175872351974,
        "max": 1,
        "mean": 0.994379818439,
        "median": 1,
        "min": 0,
        "var": 0.00558806583285
    },
    "silence_rate_60dB": {
        "dmean": 0.0341154187918,
        "dmean2": 0.0682352930307,
        "dvar": 0.032948281616,
        "dvar2": 0.0737653374672,
        "max": 1,
        "mean": 0.129983007908,
        "median": 0,
        "min": 0,
        "var": 0.113097764552
    },
    "spectral_centroid": {
        "dmean": 335.724334717,
        "dmean2": 497.967987061,
        "dvar": 161572.265625,
        "dvar2": 317085.09375,
        "max": 11739.8447266,
        "mean": 1367.93115234,
        "median": 1246.95825195,
        "min": 120.465835571,
        "var": 780236.0625
    },
    "spectral_complexity": {
        "dmean": 3.88628196716,
        "dmean2": 5.76692819595,
        "dvar": 28.1151714325,
        "dvar2": 59.7507362366,
        "max": 49,
        "mean": 13.3652467728,
        "median": 13,
        "min": 0,
        "var": 90.2651596069
    },
    "spectral_decrease": {
        "dmean": 1.81899728613e-09,
        "dmean2": 2.88090284961e-09,
        "dvar": 1.16143040145e-17,
        "dvar2": 2.85683136547e-17,
        "max": 6.82083620534e-19,
        "mean": -4.70055727675e-09,
        "median": -3.65376928713e-09,
        "min": -5.89636748316e-08,
        "var": 2.39643157007e-17
    },
    "spectral_energy": {
        "dmean": 0.00726105831563,
        "dmean2": 0.0114313419908,
        "dvar": 0.000181369920028,
        "dvar2": 0.000445934128948,
        "max": 0.233924135566,
        "mean": 0.0190362203866,
        "median": 0.0147878807038,
        "min": 9.77907218106e-21,
        "var": 0.000389522669138
    },
    "spectral_energyband_high": {
        "dmean": 0.00023610185599,
        "dmean2": 0.000306574365823,
        "dvar": 3.81643758374e-07,
        "dvar2": 5.095722031e-07,
        "max": 0.0199341289699,
        "mean": 0.000456023495644,
        "median": 8.50383075885e-05,
        "min": 7.03342466007e-21,
        "var": 1.99025726033e-06
    },
    "spectral_energyband_low": {
        "dmean": 0.00264415680431,
        "dmean2": 0.00455454457551,
        "dvar": 1.88741087186e-05,
        "dvar2": 5.3502026276e-05,
        "max": 0.0435730330646,
        "mean": 0.00645671412349,
        "median": 0.00555669795722,
        "min": 2.52671374859e-23,
        "var": 3.64772058674e-05
    },
    "spectral_energyband_middle_high": {
        "dmean": 0.00191580748651,
        "dmean2": 0.0027363228146,
        "dvar": 1.60460404004e-05,
        "dvar2": 3.35445256496e-05,
        "max": 0.115061059594,
        "mean": 0.00423680106178,
        "median": 0.00191468093544,
        "min": 1.25520194895e-21,
        "var": 5.74928999413e-05
    },
    "spectral_energyband_middle_low": {
        "dmean": 0.00483337184414,
        "dmean2": 0.00773391826078,
        "dvar": 0.000166482728673,
        "dvar2": 0.000410706648836,
        "max": 0.229125216603,
        "mean": 0.00863638985902,
        "median": 0.00449538696557,
        "min": 1.69857479625e-22,
        "var": 0.000228133809287
    },
    "spectral_entropy": {
        "dmean": 0.28612563014,
        "dmean2": 0.398892581463,
        "dvar": 0.101979546249,
        "dvar2": 0.181104019284,
        "max": 9.82129001617,
        "mean": 7.09083509445,
        "median": 7.12214326859,
        "min": 4.21684789658,
        "var": 0.439570575953
    },
    "spectral_flux": {
        "dmean": 0.0242594741285,
        "dmean2": 0.0364014655352,
        "dvar": 0.000829732452985,
        "dvar2": 0.00175131938886,
        "max": 0.376993864775,
        "mean": 0.0653768926859,
        "median": 0.0537213012576,
        "min": 6.45274736422e-11,
        "var": 0.00240994943306
    },
    "spectral_kurtosis": {
        "dmean": 4.89748859406,
        "dmean2": 8.1497335434,
        "dvar": 42.8329544067,
        "dvar2": 103.834762573,
        "max": 110.519515991,
        "mean": 7.59298849106,
        "median": 5.1605553627,
        "min": -1.24994635582,
        "var": 79.0176620483
    },
    "spectral_rms": {
        "dmean": 0.000724447134417,
        "dmean2": 0.00109500670806,
        "dvar": 8.92082084647e-07,
        "dvar2": 2.03998661163e-06,
        "max": 0.0151069080457,
        "mean": 0.00381687167101,
        "median": 0.00379831530154,
        "min": 3.08877944923e-12,
        "var": 4.00351063945e-06
    },
    "spectral_rolloff": {
        "dmean": 523.975585938,
        "dmean2": 879.810546875,
        "dvar": 1066315.375,
        "dvar2": 2116458,
        "max": 21576.2695312,
        "mean": 1692.59191895,
        "median": 1055.12695312,
        "min": 43.06640625,
        "var": 6146009
    },
    "spectral_skewness": {
        "dmean": 0.535254657269,
        "dmean2": 0.838449835777,
        "dvar": 0.353826165199,
        "dvar2": 0.774263083935,
        "max": 8.73482036591,
        "mean": 1.48572945595,
        "median": 1.33417701721,
        "min": -0.324009746313,
        "var": 0.923790037632
    },
    "spectral_spread": {
        "dmean": 507366.09375,
        "dmean2": 741578.125,
        "dvar": 786267832320,
        "dvar2": 1.31606616474e+12,
        "max": 42775392,
        "mean": 3510875,
        "median": 2616075.5,
        "min": 678853.5,
        "var": 7.80982235955e+12
    },
    "spectral_strongpeak": {
        "dmean": 0.46843084693,
        "dmean2": 0.774476051331,
        "dvar": 0.809788882732,
        "dvar2": 2.01430130005,
        "max": 12.8103637695,
        "mean": 0.805967092514,
        "median": 0.298187315464,
        "min": 0,
        "var": 1.71897983551
    },
    "zerocrossingrate": {
        "dmean": 0.0110626127571,
        "dmean2": 0.0120493769646,
        "dvar": 0.000260608067038,
        "dvar2": 0.00023320375476,
        "max": 0.8701171875,
        "mean": 0.0588336475194,
        "median": 0.04345703125,
        "min": 0.0009765625,
        "var": 0.00541057810187
    },
    "barkbands": {
        "dmean": [0.00031308902544, 0.00141767435707, 0.00117854983546, 0.000762750685681, 0.000697469513398, 0.000649958616123, 0.0017292026896, 0.00210881512612, 0.00027756037889, 0.000272843724815, 0.000557624793146, 0.000352546398062, 0.000264895905275, 0.000264804955805, 0.000395011971705, 0.000200268783374, 0.000214453117223, 0.000202937138965, 0.000138573945151, 7.80342234066e-05, 9.26086941035e-05, 3.15980942105e-05, 3.24813045154e-05, 3.67793218174e-05, 3.43639876519e-05, 9.46563068283e-06, 3.93994514525e-06],
        "dmean2": [0.000536274746992, 0.00235159951262, 0.0020528670866, 0.00132738798857, 0.00114085199311, 0.00102180824615, 0.00277066044509, 0.00342279952019, 0.000401804951252, 0.000396106624976, 0.000819781736936, 0.000531850440893, 0.000411849556258, 0.000412642606534, 0.000638785772026, 0.000319385289913, 0.000339828489814, 0.000320008781273, 0.000211305814446, 0.000118738069432, 0.000137001639814, 4.47010497737e-05, 4.14354872191e-05, 4.45199984824e-05, 4.16968541685e-05, 1.17527024486e-05, 5.3154572015e-06],
        "dvar": [3.35784278604e-07, 5.42970519746e-06, 5.63999310543e-06, 2.86665840576e-06, 1.63382696883e-06, 3.41916393154e-06, 4.59622278868e-05, 9.77156596491e-05, 1.0442539633e-06, 1.21079028759e-06, 6.37553239358e-06, 2.42695932684e-06, 8.63089610448e-07, 1.2274481378e-06, 2.26833117267e-06, 7.16266924883e-07, 1.77707050852e-07, 1.54916691031e-07, 6.62930617068e-08, 1.82911517044e-08, 4.39606111513e-08, 2.00001348816e-08, 4.00316721993e-08, 3.5365111728e-08, 3.78603814966e-08, 2.49187404044e-09, 7.25435045368e-10],
        "dvar2": [9.13686790227e-07, 1.45739950312e-05, 1.61923344422e-05, 8.20987406769e-06, 4.12087092627e-06, 7.63627849665e-06, 0.000111389555968, 0.000248514843406, 2.24477958e-06, 2.36138157561e-06, 1.46204820339e-05, 5.51775428903e-06, 2.08071219276e-06, 2.93305788546e-06, 5.70862357563e-06, 1.84416865068e-06, 4.14549759853e-07, 3.62131686416e-07, 1.53031749051e-07, 4.12894358703e-08, 1.00025211225e-07, 4.10835028219e-08, 6.50167777394e-08, 4.85143303308e-08, 5.01728010249e-08, 3.63220986621e-09, 1.48048406867e-09],
        "max": [0.0214080475271, 0.0308378692716, 0.0295254811645, 0.0198033936322, 0.0213742684573, 0.0542247742414, 0.146735012531, 0.213501513004, 0.0315885171294, 0.0336005464196, 0.0652734860778, 0.0833737030625, 0.0306021235883, 0.0415617413819, 0.0436970405281, 0.035887055099, 0.00635788496584, 0.00629639625549, 0.00336163770407, 0.00180584460031, 0.00311249843799, 0.00792775768787, 0.0108306016773, 0.00728727830574, 0.00795958098024, 0.00154443713836, 0.00117928988766],
        "mean": [0.000397139083361, 0.00292604183778, 0.00241286354139, 0.00133860646747, 0.00127258582506, 0.00102288275957, 0.0019237420056, 0.00248911022209, 0.000531723664608, 0.000443307217211, 0.000861184671521, 0.000546068476979, 0.000368088280084, 0.000347907218384, 0.000561842694879, 0.000287266564555, 0.000321697996696, 0.000262710469542, 0.000200575130293, 0.000111444081995, 0.0001239352423, 5.48052375962e-05, 5.74794576096e-05, 7.45203506085e-05, 7.33818960725e-05, 1.90111441043e-05, 6.29148462394e-06],
        "median": [0.000169622697285, 0.00184198864736, 0.00120459566824, 0.000613803626038, 0.000770182406995, 0.000309933966491, 0.000223424896831, 0.000173168751644, 7.06493447069e-05, 4.69486330985e-05, 3.28716923832e-05, 4.74240332551e-05, 6.19429192739e-05, 7.50019244151e-05, 0.000131041044369, 0.000100180790469, 0.000117611067253, 8.88900613063e-05, 8.20222194307e-05, 4.15138056269e-05, 3.59140794899e-05, 2.8880017453e-06, 8.41962048526e-07, 4.06111382745e-07, 7.41953556371e-08, 7.34012184367e-09, 1.28263610844e-09],
        "min": [4.29342576655e-25, 4.55537551038e-24, 3.11860835256e-24, 1.22394136028e-24, 6.01706100926e-24, 1.37904040726e-23, 7.78092007232e-24, 1.53813487695e-23, 2.39791847963e-23, 3.19668179802e-23, 2.51179118239e-23, 3.37575574786e-23, 4.08984620767e-23, 4.55132163308e-23, 5.63588988852e-23, 6.67773848604e-23, 6.94008459304e-23, 9.74137005716e-23, 1.19303006659e-22, 2.33340410951e-22, 3.04475772686e-22, 3.66122715452e-22, 3.79874921302e-22, 6.17849744921e-22, 9.23970235796e-22, 1.39376994866e-21, 1.97902678826e-21],
        "var": [4.44449398174e-07, 1.2060932022e-05, 1.05489780253e-05, 3.55866836799e-06, 2.95032555186e-06, 7.69718826632e-06, 4.63246033178e-05, 0.000121265060443, 2.52287441072e-06, 2.3185414193e-06, 1.1441325114e-05, 6.18769399807e-06, 1.17991805837e-06, 1.64133950875e-06, 4.27775876233e-06, 1.19280150557e-06, 3.227158345e-07, 2.0834367831e-07, 9.65671276276e-08, 2.82703425114e-08, 6.25662295306e-08, 6.0110330935e-08, 1.48407451661e-07, 1.61874567084e-07, 1.76684281428e-07, 1.0794492411e-08, 1.65180880085e-09]
    },
    "erbbands": {
        "dmean": [0.055581856519, 0.298297584057, 1.13321983814, 2.17607569695, 2.02019166946, 2.3884768486, 4.13620710373, 5.95349931717, 15.6907262802, 41.427734375, 34.8164672852, 7.1928858757, 6.37383127213, 16.9216556549, 17.4196872711, 12.0569124222, 11.0700178146, 13.5990562439, 12.4427509308, 20.0405139923, 10.2580747604, 12.5325345993, 12.9290485382, 7.4561715126, 5.4157242775, 3.1466345787, 5.98731660843, 1.20166420937, 1.03842103481, 1.16361999512, 0.981080949306, 0.638761878014, 0.749732494354, 0.50756752491, 0.193299710751, 0.0494555197656, 0.0175288785249, 0.00612286105752, 0.000656051677652, 1.6656867956e-05],
        "dmean2": [0.0908882021904, 0.49489325285, 1.97189831734, 3.81229972839, 3.46417284012, 3.92700266838, 6.55576181412, 9.45092391968, 25.1098937988, 67.4220275879, 55.4908714294, 10.5971755981, 8.89177417755, 24.1875782013, 26.3797187805, 18.0423145294, 16.7850322723, 21.3007965088, 19.9742469788, 32.1767883301, 16.2877426147, 19.4291172028, 20.3262405396, 11.3688440323, 8.10784053802, 4.65686750412, 8.87478542328, 1.73172605038, 1.43844795227, 1.66695272923, 1.23046946526, 0.782373964787, 0.92198997736, 0.620933949947, 0.246651858091, 0.0650368854403, 0.0219058338553, 0.0076807118021, 0.00088333216263, 2.37066560658e-05],
        "dvar": [0.00870506186038, 0.276366114616, 5.44089698792, 20.9592285156, 16.5416622162, 23.4752674103, 77.1939086914, 347.575408936, 3402.66625977, 34654.09375, 31074.5742188, 687.232849121, 424.696655273, 7008.16943359, 4999.56689453, 3103.78833008, 1527.37780762, 3212.33935547, 1522.98144531, 6821.6875, 695.927001953, 646.725830078, 661.188476562, 194.864700317, 82.7182922363, 30.5216693878, 183.31854248, 10.5338411331, 14.6179351807, 44.6331977844, 38.8497390747, 9.58218955994, 16.2835922241, 8.78752231598, 1.14967834949, 0.0673358440399, 0.00896256882697, 0.00149130588397, 1.79877024493e-05, 3.2932274685e-09],
        "dvar2": [0.02260758169, 0.753125727177, 15.7081136703, 60.2734031677, 45.0423851013, 58.5553398132, 180.979110718, 798.389160156, 8425.56738281, 86296.75, 77696.59375, 1574.11608887, 841.161010742, 14796.6845703, 12027.8974609, 6946.78955078, 3661.13037109, 7769.02734375, 3548.57861328, 17364.0566406, 1815.23144531, 1465.26806641, 1558.90002441, 457.631286621, 185.90461731, 67.6822662354, 421.174468994, 20.8141841888, 28.3312416077, 98.4327697754, 62.5220985413, 13.8124389648, 23.7247829437, 12.5706110001, 1.71004068851, 0.106360018253, 0.0139350453392, 0.00263401539996, 3.60792473657e-05, 6.20578699539e-09],
        "max": [1.32500350475, 5.79014396667, 29.7428131104, 51.5854568481, 66.4219360352, 98.5662307739, 203.459442139, 542.149475098, 1260.89562988, 4719.52929688, 4213.03466797, 959.328186035, 745.417663574, 2536.5402832, 3001.82788086, 2908.63110352, 1500.14672852, 2425.70458984, 2098.08569336, 2561.31591797, 1171.52502441, 380.992401123, 468.868103027, 230.970169067, 87.662071228, 68.4550094604, 200.595275879, 122.653945923, 183.154129028, 316.197631836, 367.417541504, 113.147575378, 153.816314697, 151.348236084, 37.0572967529, 8.24905490875, 2.76709127426, 1.69154584408, 0.161130651832, 0.00197926699184],
        "mean": [0.111644662917, 0.575195193291, 2.31117844582, 4.19910049438, 3.63921952248, 4.07612991333, 7.09328365326, 9.09311199188, 18.603685379, 48.1966209412, 43.362121582, 12.9595327377, 11.6137237549, 26.074678421, 29.7310695648, 19.5634689331, 16.8309364319, 18.2427883148, 18.6113796234, 29.8502368927, 16.8974761963, 19.1649703979, 17.2199058533, 10.9503097534, 8.22279548645, 4.49877309799, 7.68861961365, 1.9047318697, 1.79461717606, 1.98156428337, 1.69371664524, 1.22558355331, 1.5166413784, 1.05257248878, 0.381411582232, 0.0972111821175, 0.0335718728602, 0.0107319373637, 0.00106374779716, 3.88171356462e-05],
        "median": [0.0605262257159, 0.361500561237, 1.24566888809, 2.77240991592, 1.82290065289, 2.02590227127, 3.66642522812, 2.66331481934, 2.9891140461, 4.79854393005, 4.0740070343, 2.39776968956, 2.18449354172, 2.24665641785, 1.99517941475, 2.06626367569, 3.3324971199, 4.24024915695, 5.85696220398, 7.38877487183, 7.49080181122, 7.59660625458, 6.0653591156, 4.83846950531, 3.25070714951, 1.63956546783, 2.11519813538, 0.52059751749, 0.131957739592, 0.055523596704, 0.0218870416284, 0.0148689877242, 0.0032780058682, 0.00138615281321, 0.000259365624515, 6.11794384895e-05, 2.17071046791e-05, 5.57841985938e-06, 9.53393464442e-06, 1.83648226084e-05],
        "min": [1.35048708192e-22, 7.39650676481e-22, 2.41498065748e-21, 9.54289838369e-21, 1.1428581798e-20, 2.0406227441e-20, 7.25254254252e-20, 8.86290357515e-20, 1.21196758517e-19, 1.93892983814e-19, 4.86857312046e-19, 5.4871909983e-19, 1.0096729925e-18, 1.11239073e-18, 1.08180686423e-18, 1.58130763194e-18, 2.20984257814e-18, 2.8264674677e-18, 3.36518931434e-18, 3.52266940693e-18, 4.62912687379e-18, 4.29664286735e-18, 6.09928159393e-18, 7.01850342042e-18, 7.80318101156e-18, 1.09432487795e-17, 1.11669788013e-17, 1.15552474547e-17, 1.42611860217e-17, 1.06628982447e-17, 1.17824847223e-17, 1.00049372788e-17, 1.27206729731e-17, 9.49086520764e-18, 6.81658491058e-18, 3.28705155893e-18, 2.52857429331e-18, 1.03434520523e-18, 2.58166869039e-19, 2.87045598917e-20],
        "var": [0.0196698196232, 0.486356407404, 9.32410430908, 24.7941036224, 23.9991722107, 41.7039222717, 146.185791016, 765.236877441, 3469.84399414, 35392.34375, 39078.7109375, 1437.59228516, 986.057373047, 10982.4052734, 13749.4609375, 6599.24560547, 2194.44750977, 3790.51147461, 2612.14331055, 14116.9238281, 1225.453125, 1170.38012695, 892.890075684, 279.139343262, 137.299728394, 47.7968330383, 241.066055298, 24.9446868896, 46.7386169434, 134.68208313, 133.095947266, 41.7472114563, 72.0600509644, 38.5491218567, 4.68022727966, 0.279209971428, 0.0350057072937, 0.00433915667236, 4.45483419753e-05, 1.05592974364e-08]
    },
    "gfcc": {
        "mean": [-113.02596283, 139.037155151, -136.419799805, 46.2772865295, -32.287651062, -10.235575676, -24.3665428162, -0.306665360928, -9.72312355042, -3.85127091408, -6.10353326797, -9.98395252228, -3.31640195847],
        "cov": [[25743.90625, 781.888183594, -2091.79638672, -418.067199707, -1683.33483887, 622.816101074, -466.096130371, 197.006652832, -72.6680603027, 156.021682739, -22.2975406647, 98.5213775635, -260.728363037], [781.888183594, 3857.26293945, -1389.31555176, 168.232696533, 876.374938965, -806.414367676, 600.193237305, -370.970306396, 170.911911011, -467.681335449, 299.29888916, -331.448364258, 349.727233887], [-2091.79638672, -1389.31555176, 2745.51660156, 261.690185547, 178.498947144, 797.40447998, -173.390380859, 341.28338623, -112.982460022, 89.5107116699, -324.532714844, 81.4132919312, -228.015090942], [-418.067199707, 168.232696533, 261.690185547, 924.713928223, 350.759094238, -184.830474854, 75.1695480347, -105.010643005, 55.2977905273, -13.015994072, -1.45268452168, -122.604660034, 45.1017532349], [-1683.33483887, 876.374938965, 178.498947144, 350.759094238, 726.29296875, -161.051574707, 249.718338013, -65.1857299805, 29.4748687744, -142.639144897, 16.2883167267, -117.73210144, 97.3302993774], [622.816101074, -806.414367676, 797.40447998, -184.830474854, -161.051574707, 682.040527344, -47.6417541504, 209.972290039, -44.1176147461, 45.8842086792, -131.28465271, 100.370895386, -151.980209351], [-466.096130371, 600.193237305, -173.390380859, 75.1695480347, 249.718338013, -47.6417541504, 355.73425293, -29.5324039459, 36.1997489929, -105.51335144, 48.1274147034, -72.5124588013, 45.8357009888], [197.006652832, -370.970306396, 341.28338623, -105.010643005, -65.1857299805, 209.972290039, -29.5324039459, 220.462051392, 1.72795462608, 65.8056030273, -63.6161231995, 44.8489341736, -63.5364379883], [-72.6680603027, 170.911911011, -112.982460022, 55.2977905273, 29.4748687744, -44.1176147461, 36.1997489929, 1.72795462608, 160.391540527, 16.0653953552, 24.5952415466, -27.04753685, 8.67835712433], [156.021682739, -467.681335449, 89.5107116699, -13.015994072, -142.639144897, 45.8842086792, -105.51335144, 65.8056030273, 16.0653953552, 209.0521698, 3.54551291466, 41.5396728516, -57.9529037476], [-22.2975406647, 299.29888916, -324.532714844, -1.45268452168, 16.2883167267, -131.28465271, 48.1274147034, -63.6161231995, 24.5952415466, 3.54551291466, 148.938171387, -0.810858249664, 44.7242088318], [98.5213775635, -331.448364258, 81.4132919312, -122.604660034, -117.73210144, 100.370895386, -72.5124588013, 44.8489341736, -27.04753685, 41.5396728516, -0.810858249664, 138.388183594, 6.82202100754], [-260.728363037, 349.727233887, -228.015090942, 45.1017532349, 97.3302993774, -151.980209351, 45.8357009888, -63.5364379883, 8.67835712433, -57.9529037476, 44.7242088318, 6.82202100754, 141.972335815]],
        "icov": [[8.177136624e-05, -0.000173237378476, 0.000126056358567, -0.000181109600817, 0.00026178668486, -0.000243513321038, 0.0001477287733, -0.00015684896789, 0.000176592366188, -0.000103523969301, 0.000196973793209, -0.000121792472783, 0.000169614213519], [-0.000173237378476, 0.00125868676696, -0.000149220577441, 0.000723163306247, -0.0011609105859, 0.000757526257075, -0.000591851654463, 0.000398880772991, -0.00085157470312, 0.00119144574273, -0.00128609559033, 0.00140945485327, -0.00103591289371], [0.000126056358567, -0.000149220577441, 0.00114290206693, -0.000613762123976, -0.000290943949949, -0.00115445163101, 0.000711528875399, -0.000747429963667, 0.000586946320254, -0.000120676668303, 0.000976369599812, -0.00033391645411, 0.000652369169984], [-0.000181109600817, 0.000723163306247, -0.000613762123976, 0.00222926796414, -0.00129367166664, 0.000972639827523, -0.00045892316848, 0.00124729063828, -0.00102550897282, -8.15067978692e-05, -0.000628575566225, 0.00161715759896, -0.00102376192808], [0.00026178668486, -0.0011609105859, -0.000290943949949, -0.00129367166664, 0.00417602527887, -0.000277932704194, -0.000854639336467, -0.000701016804669, 0.000812644080725, -0.000187557117897, 0.000971436616965, -0.000170644561877, -0.000338102283422], [-0.000243513321038, 0.000757526257075, -0.00115445163101, 0.000972639827523, -0.000277932704194, 0.00459391949698, -0.00155550125055, -0.000662377104163, -0.000818251108285, 0.00141765642911, -0.00014373997692, -0.00130409386475, 0.00157434609719], [0.0001477287733, -0.000591851654463, 0.000711528875399, -0.00045892316848, -0.000854639336467, -0.00155550125055, 0.0052613816224, -0.00111332803499, 7.72028943175e-05, 0.000919429294299, -0.000824628339615, 0.00088894367218, 0.000329305214109], [-0.00015684896789, 0.000398880772991, -0.000747429963667, 0.00124729063828, -0.000701016804669, -0.000662377104163, -0.00111332803499, 0.0084336232394, -0.00142896664329, -0.00197648908943, 0.00131525751203, -0.000495502550621, -7.20276439097e-05], [0.000176592366188, -0.00085157470312, 0.000586946320254, -0.00102550897282, 0.000812644080725, -0.000818251108285, 7.72028943175e-05, -0.00142896664329, 0.00780068989843, -0.00172057934105, 0.000218227083678, 0.000395512499381, 0.00032608769834], [-0.000103523969301, 0.00119144574273, -0.000120676668303, -8.15067978692e-05, -0.000187557117897, 0.00141765642911, 0.000919429294299, -0.00197648908943, -0.00172057934105, 0.00899475440383, -0.00305420625955, -0.000288382754661, 0.00192463200074], [0.000196973793209, -0.00128609559033, 0.000976369599812, -0.000628575566225, 0.000971436616965, -0.00014373997692, -0.000824628339615, 0.00131525751203, 0.000218227083678, -0.00305420625955, 0.0119212092832, -0.00327354692854, 0.000474431086332], [-0.000121792472783, 0.00140945485327, -0.00033391645411, 0.00161715759896, -0.000170644561877, -0.00130409386475, 0.00088894367218, -0.000495502550621, 0.000395512499381, -0.000288382754661, -0.00327354692854, 0.0142012415454, -0.00632650637999], [0.000169614213519, -0.00103591289371, 0.000652369169984, -0.00102376192808, -0.000338102283422, 0.00157434609719, 0.000329305214109, -7.20276439097e-05, 0.00032608769834, 0.00192463200074, 0.000474431086332, -0.00632650637999, 0.0139787057415]]
    },
    "melbands": {
        "dmean": [0.000427663733717, 0.000499406014569, 0.000361162121408, 0.000142769538797, 0.000138231276651, 0.00013584336557, 0.000271219847491, 0.00049022474559, 0.000228947174037, 3.95687420678e-05, 3.2889918657e-05, 6.65589977871e-05, 6.34786119917e-05, 4.51993946626e-05, 2.26879346883e-05, 2.96841808449e-05, 2.61628174485e-05, 1.80280057975e-05, 3.54904987034e-05, 1.82149142347e-05, 1.1680870557e-05, 1.39100502565e-05, 1.20023023555e-05, 8.79380331753e-06, 6.20936452833e-06, 5.33926913704e-06, 3.29461931869e-06, 1.81287646228e-06, 4.92352501169e-06, 1.28099020458e-06, 5.5998117432e-07, 5.45555167264e-07, 7.79415984198e-07, 6.1126786477e-07, 6.25122424935e-07, 4.64714048576e-07, 3.92177554431e-07, 5.73100692236e-07, 5.20495859746e-07, 4.15574533008e-07],
        "dmean2": [0.000704481150024, 0.000861307897139, 0.00063291832339, 0.000238458407694, 0.000220236819587, 0.000214521147427, 0.000432689208537, 0.000795737490989, 0.000362932798453, 5.74234982196e-05, 4.58858339698e-05, 9.51843103394e-05, 9.39178498811e-05, 6.88865766278e-05, 3.34176656906e-05, 4.67057798232e-05, 4.11546607211e-05, 2.87657585432e-05, 5.64655711059e-05, 2.91788219329e-05, 1.87886471394e-05, 2.19257708522e-05, 1.8754899429e-05, 1.40140837175e-05, 9.60496072366e-06, 8.30638055049e-06, 4.90732099934e-06, 2.83103008769e-06, 7.37545042284e-06, 1.86008219316e-06, 8.40152438286e-07, 7.71937322952e-07, 1.14498629955e-06, 9.06226659936e-07, 8.12091229818e-07, 6.01394901878e-07, 5.04773254306e-07, 7.24135475139e-07, 6.87820715939e-07, 5.20987214259e-07],
        "dvar": [4.90463605729e-07, 9.60939587458e-07, 5.58510919291e-07, 7.76477406816e-08, 7.84317677471e-08, 1.76643069949e-07, 9.41222367601e-07, 4.35490801465e-06, 1.34773370064e-06, 2.3801847604e-08, 1.25322454636e-08, 1.03858830869e-07, 6.97095430269e-08, 4.77167994006e-08, 6.4218235174e-09, 1.16507097303e-08, 1.49090855217e-08, 5.09001996107e-09, 2.12374207109e-08, 6.93785429107e-09, 5.56901524895e-10, 7.95271570819e-10, 5.63313951041e-10, 3.05557468216e-10, 1.41044287361e-10, 1.05012130935e-10, 2.85538086231e-11, 1.24755449027e-11, 1.33054803286e-10, 7.6129502008e-12, 3.3774244252e-12, 3.8983616682e-12, 1.49218606221e-11, 1.4832478995e-11, 1.84366289596e-11, 6.23494788785e-12, 4.08828439852e-12, 9.47377506305e-12, 8.79177633473e-12, 5.94956679409e-12],
        "dvar2": [1.28818476242e-06, 2.75961065199e-06, 1.60791103099e-06, 2.02590157983e-07, 1.86190675322e-07, 4.0707413973e-07, 2.3245063403e-06, 1.09631182568e-05, 3.36028142556e-06, 5.21926892816e-08, 2.41383588673e-08, 2.16222375116e-07, 1.58619485546e-07, 1.06323575721e-07, 1.22960130966e-08, 2.86403505356e-08, 3.6346669674e-08, 1.12953149056e-08, 5.40154232453e-08, 1.82803781001e-08, 1.39266675969e-09, 1.80978187991e-09, 1.32197441882e-09, 7.25263071821e-10, 3.34938743407e-10, 2.45397868692e-10, 6.26298249373e-11, 2.98919847208e-11, 3.05146075075e-10, 1.52929526681e-11, 7.35110236572e-12, 8.39261819763e-12, 3.12437159478e-11, 3.43746975329e-11, 3.37055452992e-11, 9.80712906717e-12, 6.85360579053e-12, 1.48954494572e-11, 1.44939563823e-11, 8.98397068544e-12],
        "max": [0.00954727083445, 0.012186229229, 0.00792224053293, 0.0048879426904, 0.00560543313622, 0.0119851576164, 0.0184437502176, 0.048682641238, 0.0276229362935, 0.00574203021824, 0.00393823487684, 0.00963388010859, 0.010118028149, 0.0128664551303, 0.00328480103053, 0.00350197497755, 0.00523608271033, 0.00457306625322, 0.00434418907389, 0.00326512241736, 0.000759247399401, 0.000399651180487, 0.000435713533079, 0.000260768138105, 0.000207714285352, 0.000136017421028, 5.67700262764e-05, 5.06560863869e-05, 0.000175998386112, 0.000110995351861, 5.12969018018e-05, 7.89701443864e-05, 0.000223740687943, 0.000164277953445, 0.00023501868418, 0.000131953129312, 8.01524583949e-05, 0.000108009444375, 0.000132349567139, 0.000123914433061],
        "mean": [0.000896830984857, 0.00106174172834, 0.000723840552382, 0.00025624295813, 0.000241995527176, 0.000205281190574, 0.000316557474434, 0.000580027233809, 0.000293060118565, 7.22035547369e-05, 5.735544255e-05, 0.000101811914647, 0.000102168552985, 7.16436479706e-05, 3.83664264518e-05, 3.97431940655e-05, 3.29349131789e-05, 2.4771255994e-05, 5.03149130964e-05, 2.61914774455e-05, 1.78961618076e-05, 2.04408370337e-05, 1.66541467479e-05, 1.11813851618e-05, 8.86341877049e-06, 7.492838904e-06, 4.88489376949e-06, 2.23911797548e-06, 6.00616112933e-06, 1.92979359781e-06, 8.18116575374e-07, 8.74643262705e-07, 1.28415786094e-06, 9.9593125924e-07, 9.96719563773e-07, 8.25787424219e-07, 7.14507677912e-07, 1.09809604965e-06, 1.03555032638e-06, 8.22838444492e-07],
        "median": [0.000545033370145, 0.000673176895361, 0.000517409062013, 0.000143308076076, 0.000130705491756, 5.59710533707e-05, 4.61448180431e-05, 5.03591872985e-05, 2.45918126893e-05, 1.10644214146e-05, 7.95058713265e-06, 7.00449618307e-06, 5.0164608183e-06, 5.37552159585e-06, 3.0481619433e-06, 7.05948514224e-06, 6.48445256957e-06, 7.15639635018e-06, 1.0712974472e-05, 6.97605082678e-06, 7.81015660323e-06, 7.40806308386e-06, 5.99710620008e-06, 3.68307883036e-06, 3.70982161257e-06, 2.77718891084e-06, 1.68172323356e-06, 6.41465703666e-07, 1.40655708947e-06, 6.90467231834e-07, 1.25033295717e-07, 6.41196749029e-08, 4.53958008961e-08, 2.11045438903e-08, 9.87809567476e-09, 1.37182176729e-08, 6.27073593051e-09, 1.81995229998e-09, 1.57331869755e-09, 8.82799888746e-10],
        "min": [2.86009488683e-24, 1.96299240465e-24, 2.2222288614e-24, 1.43419547127e-24, 2.34063096682e-24, 2.35697616477e-24, 1.94825924396e-24, 2.62430791213e-24, 3.78657218254e-24, 3.31121051751e-24, 3.28987833812e-24, 4.29714307635e-24, 3.4813165388e-24, 2.41260998847e-24, 2.40422498869e-24, 4.03462278887e-24, 5.05294913192e-24, 4.7931807857e-24, 3.98890987713e-24, 5.8789941792e-24, 4.67107379505e-24, 3.56541936649e-24, 3.08500130028e-24, 4.78826105467e-24, 5.31879249597e-24, 4.20764010133e-24, 6.14438552595e-24, 5.73115099594e-24, 6.10711460919e-24, 6.71584109885e-24, 5.63154468488e-24, 7.20368924872e-24, 5.62946327538e-24, 4.76105481977e-24, 7.17478696288e-24, 6.11202802934e-24, 5.53872218318e-24, 7.9536293346e-24, 7.13756692765e-24, 6.17539880357e-24],
        "var": [1.16012461149e-06, 1.60337253874e-06, 6.5457737719e-07, 1.29172462948e-07, 1.52430999378e-07, 3.726941884e-07, 9.61525302046e-07, 4.80904918732e-06, 1.70890814388e-06, 5.26765759901e-08, 2.85498540364e-08, 1.63671458608e-07, 1.55887221354e-07, 1.34876771085e-07, 1.45649243777e-08, 1.53851669182e-08, 1.69046767695e-08, 8.33288105184e-09, 4.06717042267e-08, 1.40518210401e-08, 8.94893048553e-10, 1.4150370875e-09, 8.64734617245e-10, 3.94272198223e-10, 1.95670327163e-10, 1.45216241809e-10, 5.15892675801e-11, 1.58032423953e-11, 1.69308192466e-10, 1.56345908442e-11, 7.19439828892e-12, 1.02471000435e-11, 4.0458216638e-11, 4.11306023962e-11, 5.24234822219e-11, 2.40699248727e-11, 1.49076341549e-11, 3.88393969764e-11, 3.48040797571e-11, 2.4679156288e-11]
    },
    "mfcc": {
        "mean": [-736.030517578, 149.805206299, -22.7972869873, 47.699432373, 13.2547521591, 1.02969145775, 0.339755743742, -0.577083826065, 2.00599980354, 3.63530492783, -0.791221618652, 2.85376667976, -0.591019511223],
        "cov": [[13912.40625, 1196.20629883, -1756.48144531, -304.065704346, -1143.53393555, -104.897026062, -333.976379395, -105.507980347, -129.817657471, -43.1465988159, 43.4296875, 272.302337646, 225.351669312], [1196.20629883, 2936.79467773, -1154.9708252, 367.145690918, 5.49445104599, -105.565956116, 267.618438721, 107.606948853, 41.6737213135, -13.4912958145, -145.709075928, -21.6585865021, -13.5453882217], [-1756.48144531, -1154.9708252, 2153.33911133, -226.643112183, 533.173828125, 340.517578125, 59.6952667236, 246.074478149, 155.743988037, 38.2990188599, 156.859680176, -72.6019973755, -16.5310897827], [-304.065704346, 367.145690918, -226.643112183, 1038.84912109, 250.994552612, 52.9271316528, 96.0756454468, -102.75920105, 19.8995285034, 117.956939697, -76.7124176025, -12.2350530624, -104.555870056], [-1143.53393555, 5.49445104599, 533.173828125, 250.994552612, 504.527709961, 132.795135498, 85.1815795898, 84.0926437378, 79.7693252563, 47.9601898193, 5.33273410797, -58.7865638733, -43.872543335], [-104.897026062, -105.565956116, 340.517578125, 52.9271316528, 132.795135498, 269.058929443, 98.8462600708, 120.142951965, 60.0497817993, 21.6708316803, 35.4754142761, -8.44443511963, -11.8240337372], [-333.976379395, 267.618438721, 59.6952667236, 96.0756454468, 85.1815795898, 98.8462600708, 266.724761963, 109.275245667, 48.2998847961, 3.89702272415, -2.01910734177, 2.27842020988, -18.524471283], [-105.507980347, 107.606948853, 246.074478149, -102.75920105, 84.0926437378, 120.142951965, 109.275245667, 259.246643066, 91.8037490845, 3.82685542107, 12.5188570023, -24.8841743469, 5.10683345795], [-129.817657471, 41.6737213135, 155.743988037, 19.8995285034, 79.7693252563, 60.0497817993, 48.2998847961, 91.8037490845, 140.554519653, 49.6704139709, 14.6355314255, -10.7432727814, -4.42770576477], [-43.1465988159, -13.4912958145, 38.2990188599, 117.956939697, 47.9601898193, 21.6708316803, 3.89702272415, 3.82685542107, 49.6704139709, 123.241767883, 44.7028160095, 11.6564083099, -14.8943576813], [43.4296875, -145.709075928, 156.859680176, -76.7124176025, 5.33273410797, 35.4754142761, -2.01910734177, 12.5188570023, 14.6355314255, 44.7028160095, 137.686325073, 53.2556877136, 13.6909608841], [272.302337646, -21.6585865021, -72.6019973755, -12.2350530624, -58.7865638733, -8.44443511963, 2.27842020988, -24.8841743469, -10.7432727814, 11.6564083099, 53.2556877136, 107.53742981, 37.9500236511], [225.351669312, -13.5453882217, -16.5310897827, -104.555870056, -43.872543335, -11.8240337372, -18.524471283, 5.10683345795, -4.42770576477, -14.8943576813, 13.6909608841, 37.9500236511, 106.846496582]],
