{
"lowlevel": {
    "average_loudness": 0.947328031063,
    "barkbands_crest": {
        "dmean": 2.9865899086,
        "dmean2": 4.76178693771,
        "dvar": 8.05325698853,
        "dvar2": 17.9192638397,
        "max": 25.6103878021,
        "mean": 12.3277597427,
        "median": 11.5711755753,
        "min": 2.30287384987,
        "var": 24.1608505249
    },
    "barkbands_flatness_db": {
        "dmean": 0.0335814356804,
        "dmean2": 0.0491677410901,
        "dvar": 0.00119105994236,
        "dvar2": 0.00256309518591,
        "max": 0.636260330677,
        "mean": 0.215710774064,
        "median": 0.20407178998,
        "min": 0.0282886903733,
        "var": 0.00794955156744
    },
    "barkbands_kurtosis": {
        "dmean": 12.129368782,
        "dmean2": 18.9356861115,
        "dvar": 740.522705078,
        "dvar2": 1768.30957031,
        "max": 699.355651855,
        "mean": 17.1770458221,
        "median": 4.60865306854,
        "min": -1.92983138561,
        "var": 1492.64855957
    },
    "barkbands_skewness": {
        "dmean": 1.08740377426,
        "dmean2": 1.6234228611,
        "dvar": 1.72160160542,
        "dvar2": 3.69890260696,
        "max": 20.1658363342,
        "mean": 2.29921650887,
        "median": 1.73658370972,
        "min": -4.13936901093,
        "var": 6.20057535172
    },
    "barkbands_spread": {
        "dmean": 4.70690059662,
        "dmean2": 7.2804646492,
        "dvar": 36.1435813904,
        "dvar2": 83.7959823608,
        "max": 95.9561767578,
        "mean": 13.3454761505,
        "median": 11.3156318665,
        "min": 0.185970172286,
        "var": 114.791999817
    },
    "dissonance": {
        "dmean": 0.0295022819191,
        "dmean2": 0.0468714162707,
        "dvar": 0.00104826141614,
        "dvar2": 0.00255384854972,
        "max": 0.499999970198,
        "mean": 0.431236177683,
        "median": 0.449833452702,
        "min": 0.122792638838,
        "var": 0.00370646268129
    },
    "dynamic_complexity": 3.38652443886,
    "erbbands_crest": {
        "dmean": 2.93021202087,
        "dmean2": 4.49513339996,
        "dvar": 8.79330158234,
        "dvar2": 18.9670066833,
        "max": 33.2505187988,
        "mean": 11.6719264984,
        "median": 10.2436132431,
        "min": 2.30009579659,
        "var": 39.2154312134
    },
    "erbbands_flatness_db": {
        "dmean": 0.0293587427586,
        "dmean2": 0.036829829216,
        "dvar": 0.000971469213255,
        "dvar2": 0.00164700078312,
        "max": 0.451927810907,
        "mean": 0.188646569848,
        "median": 0.18776679039,
        "min": 0.0460220612586,
        "var": 0.00592265790328
    },
    "erbbands_kurtosis": {
        "dmean": 3.00008392334,
        "dmean2": 4.49087524414,
        "dvar": 46.3377113342,
        "dvar2": 91.7919616699,
        "max": 158.478759766,
        "mean": 4.49416160583,
        "median": 0.93647313118,
        "min": -1.96685302258,
        "var": 164.805114746
    },
    "erbbands_skewness": {
        "dmean": 0.600055456161,
        "dmean2": 0.868227958679,
        "dvar": 0.470964223146,
        "dvar2": 0.962898373604,
        "max": 9.65101909637,
        "mean": 0.828119337559,
        "median": 0.607329845428,
        "min": -4.06329393387,
        "var": 2.20395708084
    },
    "erbbands_spread": {
        "dmean": 12.1904506683,
        "dmean2": 17.6069107056,
        "dvar": 287.425720215,
        "dvar2": 572.20489502,
        "max": 212.320953369,
        "mean": 35.8874473572,
        "median": 27.0437870026,
        "min": 0.687990605831,
        "var": 980.435119629
    },
    "hfc": {
        "dmean": 7.25170993805,
        "dmean2": 9.76904010773,
        "dvar": 127.766944885,
        "dvar2": 227.134216309,
        "max": 223.942901611,
        "mean": 19.342912674,
        "median": 13.3564939499,
        "min": 1.06765849406e-16,
        "var": 437.381561279
    },
    "melbands_crest": {
        "dmean": 4.15058279037,
        "dmean2": 6.573366642,
        "dvar": 15.42100811,
        "dvar2": 31.559211731,
        "max": 37.5830841064,
        "mean": 18.0662631989,
        "median": 16.8826141357,
        "min": 1.53272926807,
        "var": 59.6749687195
    },
    "melbands_flatness_db": {
        "dmean": 0.0381346568465,
        "dmean2": 0.0564196594059,
        "dvar": 0.00156239850912,
        "dvar2": 0.00341269234195,
        "max": 0.791785359383,
        "mean": 0.308303177357,
        "median": 0.297896802425,
        "min": 0.00313381920569,
        "var": 0.0123066054657
    },
    "melbands_kurtosis": {
        "dmean": 32.2095832825,
        "dmean2": 49.9884033203,
        "dvar": 8303.69628906,
        "dvar2": 18235.9003906,
        "max": 2057.16162109,
        "mean": 46.1300468445,
        "median": 9.53899478912,
        "min": -1.8542214632,
        "var": 17150.4082031
    },
    "melbands_skewness": {
        "dmean": 1.51598894596,
        "dmean2": 2.2602455616,
        "dvar": 4.49120092392,
        "dvar2": 8.925573349,
        "max": 38.2640037537,
        "mean": 3.51161813736,
        "median": 2.37518715858,
        "min": -2.58810329437,
        "var": 15.0543394089
    },
    "melbands_spread": {
        "dmean": 4.95712757111,
        "dmean2": 7.69618082047,
        "dvar": 52.0117645264,
        "dvar2": 119.010879517,
        "max": 179.062179565,
        "mean": 15.6832761765,
        "median": 10.5844783783,
        "min": 0.157602444291,
        "var": 502.718139648
    },
    "pitch_salience": {
        "dmean": 0.0807584524155,
        "dmean2": 0.128540784121,
        "dvar": 0.00627276394516,
        "dvar2": 0.0141936689615,
        "max": 0.88739079237,
        "mean": 0.471039533615,
        "median": 0.473130941391,
        "min": 0.0514527522027,
        "var": 0.0197411254048
    },
    "silence_rate_20dB": {
        "dmean": 0.0306978411973,
        "dmean2": 0.0614066421986,
        "dvar": 0.0297575853765,
        "dvar2": 0.0872728154063,
        "max": 1,
        "mean": 0.984118461609,
        "median": 1,
        "min": 0,
        "var": 0.0156289078295
    },
    "silence_rate_30dB": {
        "dmean": 0.0853114426136,
        "dmean2": 0.170653343201,
        "dvar": 0.078028678894,
        "dvar2": 0.151879042387,
        "max": 1,
        "mean": 0.835474669933,
        "median": 1,
        "min": 0,
        "var": 0.137448102236
    },
    "silence_rate_60dB": {
        "dmean": 0.0174906291068,
        "dmean2": 0.0349875055254,
        "dvar": 0.0171840526164,
        "dvar2": 0.036616563797,
        "max": 1,
        "mean": 0.0699500367045,
        "median": 0,
        "min": 0,
        "var": 0.0650610923767
    },
    "spectral_centroid": {
        "dmean": 216.173095703,
        "dmean2": 320.307830811,
        "dvar": 97564.4765625,
        "dvar2": 198355.765625,
        "max": 11637.2666016,
        "mean": 1053.72717285,
        "median": 794.070678711,
        "min": 93.3128738403,
        "var": 1884231.5
    },
    "spectral_complexity": {
        "dmean": 3.64733171463,
        "dmean2": 5.07818651199,
        "dvar": 25.6559963226,
        "dvar2": 43.1800842285,
        "max": 62,
        "mean": 13.6490011215,
        "median": 11,
        "min": 0,
        "var": 120.134170532
    },
    "spectral_decrease": {
        "dmean": 1.00006651849e-08,
        "dmean2": 1.59005253408e-08,
        "dvar": 4.18713029193e-16,
        "dvar2": 9.89860701612e-16,
        "max": 1.9283632365e-28,
        "mean": -1.60983670838e-08,
        "median": -8.04707056545e-09,
        "min": -1.57478268648e-07,
        "var": 5.3516685102e-16
    },
    "spectral_energy": {
        "dmean": 0.0382529608905,
        "dmean2": 0.060625795275,
        "dvar": 0.0060760830529,
        "dvar2": 0.0143163353205,
        "max": 0.598874211311,
        "mean": 0.0625135451555,
        "median": 0.0318108052015,
        "min": 9.95404349884e-21,
        "var": 0.00786038953811
    },
    "spectral_energyband_high": {
        "dmean": 0.000308702059556,
        "dmean2": 0.000399853393901,
        "dvar": 4.05964840411e-07,
        "dvar2": 7.81999176525e-07,
        "max": 0.0215043202043,
        "mean": 0.000541067507584,
        "median": 7.50446197344e-05,
        "min": 7.1150909741e-21,
        "var": 1.49231584601e-06
    },
    "spectral_energyband_low": {
        "dmean": 0.0345541350543,
        "dmean2": 0.0559372268617,
        "dvar": 0.00568731129169,
        "dvar2": 0.0136067243293,
        "max": 0.580675601959,
        "mean": 0.043884050101,
        "median": 0.0134641118348,
        "min": 1.06145376317e-23,
        "var": 0.00667729880661
    },
    "spectral_energyband_middle_high": {
        "dmean": 0.00190169923007,
        "dmean2": 0.00265547353774,
        "dvar": 8.7309117589e-06,
        "dvar2": 1.66903173522e-05,
        "max": 0.0825909674168,
        "mean": 0.00536006595939,
        "median": 0.00276952236891,
        "min": 1.2016416004e-21,
        "var": 5.11941507284e-05
    },
    "spectral_energyband_middle_low": {
        "dmean": 0.00569807505235,
        "dmean2": 0.00888969004154,
        "dvar": 6.54819232295e-05,
        "dvar2": 0.000157148067956,
        "max": 0.13370975852,
        "mean": 0.0135064991191,
        "median": 0.0100856404752,
        "min": 1.24598156599e-22,
        "var": 0.000163583215908
    },
    "spectral_entropy": {
        "dmean": 0.271141588688,
        "dmean2": 0.358730733395,
        "dvar": 0.105008162558,
        "dvar2": 0.187302574515,
        "max": 9.82211399078,
        "mean": 7.06933784485,
        "median": 7.13951301575,
        "min": 3.56826448441,
        "var": 0.792407870293
    },
    "spectral_flux": {
        "dmean": 0.0621688105166,
        "dmean2": 0.0994130223989,
        "dvar": 0.00801427941769,
        "dvar2": 0.0185869466513,
        "max": 0.712359011173,
        "mean": 0.120223850012,
        "median": 0.0887179672718,
        "min": 6.32175145565e-11,
        "var": 0.0123001988977
    },
    "spectral_kurtosis": {
        "dmean": 4.89181518555,
        "dmean2": 7.51086616516,
        "dvar": 65.1956100464,
        "dvar2": 152.270233154,
        "max": 138.028305054,
        "mean": 9.70929050446,
        "median": 5.29217481613,
        "min": -1.50992512703,
        "var": 155.947921753
    },
    "spectral_rms": {
        "dmean": 0.00189991411753,
        "dmean2": 0.00288401916623,
        "dvar": 8.48812032928e-06,
        "dvar2": 1.80196620931e-05,
        "max": 0.0241716261953,
        "mean": 0.00653046555817,
        "median": 0.00557090062648,
        "min": 3.11628977831e-12,
        "var": 1.83420324902e-05
    },
    "spectral_rolloff": {
        "dmean": 261.551605225,
        "dmean2": 448.227996826,
        "dvar": 407449.4375,
        "dvar2": 924678.75,
        "max": 19681.3476562,
        "mean": 1086.96459961,
        "median": 473.73046875,
        "min": 43.06640625,
        "var": 7789115
    },
    "spectral_skewness": {
        "dmean": 0.505436182022,
        "dmean2": 0.731574773788,
        "dvar": 0.370254963636,
        "dvar2": 0.800288438797,
        "max": 9.69672298431,
        "mean": 2.08779668808,
        "median": 1.82657790184,
        "min": -0.549752056599,
        "var": 1.47743606567
    },
    "spectral_spread": {
        "dmean": 952204.5,
        "dmean2": 1202847.375,
        "dvar": 1.66382940979e+12,
        "dvar2": 2.92133168742e+12,
        "max": 44848692,
        "mean": 5013859,
        "median": 4186208.5,
        "min": 798928.25,
        "var": 2.53727059476e+13
    },
    "spectral_strongpeak": {
        "dmean": 0.505229234695,
        "dmean2": 0.856172382832,
        "dvar": 0.622517228127,
        "dvar2": 1.41664350033,
        "max": 9.42726612091,
        "mean": 0.923831164837,
        "median": 0.402031302452,
        "min": 0,
        "var": 1.56150352955
    },
    "zerocrossingrate": {
        "dmean": 0.00804901495576,
        "dmean2": 0.00998780038208,
        "dvar": 0.000132857603603,
        "dvar2": 0.000162407843163,
        "max": 0.8896484375,
        "mean": 0.0460086576641,
        "median": 0.02978515625,
        "min": 0.00146484375,
        "var": 0.00731037789956
    },
    "barkbands": {
        "dmean": [0.00516720535234, 0.0281435195357, 0.00469651352614, 0.00180423713755, 0.00165806955192, 0.00185553333722, 0.00137447391171, 0.000816601095721, 0.000884292006958, 0.000541689805686, 0.000688019616064, 0.000441917363787, 0.00028251655749, 0.000268941454124, 0.000286192080239, 0.000172235173522, 0.000152183012688, 9.03613035916e-05, 0.000107801824925, 0.000101266130514, 7.45102370274e-05, 5.57510029466e-05, 4.04829152103e-05, 4.00582175644e-05, 5.90166891925e-05, 4.34949324699e-05, 2.32482070714e-05],
        "dmean2": [0.00895418133587, 0.043881226331, 0.00866404362023, 0.00322844251059, 0.00281507638283, 0.00290076225065, 0.00205766479485, 0.00116275867913, 0.00120727485046, 0.000794829567894, 0.000946996733546, 0.000648303015623, 0.000441062788013, 0.000407194369473, 0.000434088491602, 0.000263536552666, 0.000231822341448, 0.000142826247611, 0.000177302688826, 0.000167685910128, 0.000121352226415, 8.85597619344e-05, 5.67402603338e-05, 5.06876604049e-05, 7.64321302995e-05, 5.75529120397e-05, 3.28730311594e-05],
        "dvar": [0.000103100996057, 0.00436768867075, 0.000110539673187, 1.32908380692e-05, 1.15967459351e-05, 1.4880184608e-05, 1.03888041849e-05, 5.50515414943e-06, 4.63514197691e-06, 2.31925560001e-06, 3.18794286613e-06, 1.12588293177e-06, 5.47207946511e-07, 4.32243666637e-07, 4.07639078048e-07, 1.46926936395e-07, 1.00241230427e-07, 4.25633146506e-08, 8.12269149719e-08, 7.23650970258e-08, 3.78938587176e-08, 2.39518893608e-08, 8.41053715561e-09, 8.36441582663e-09, 1.80586070542e-08, 1.03647810334e-08, 3.58452600935e-09],
        "dvar2": [0.000296357902698, 0.0101721584797, 0.000317988567986, 3.75158742827e-05, 3.11225740006e-05, 3.58946817869e-05, 2.12145514524e-05, 1.10706314445e-05, 8.15663770481e-06, 4.73065574624e-06, 5.31004434379e-06, 2.07836046684e-06, 1.36607570767e-06, 1.03130537354e-06, 9.20621914702e-07, 3.47712017401e-07, 2.16383767793e-07, 1.08175747471e-07, 2.16201641479e-07, 1.95927583491e-07, 1.02816080982e-07, 6.40571684585e-08, 1.71783067771e-08, 1.43775569228e-08, 3.34767129573e-08, 2.00325409594e-08, 7.26052684641e-09],
        "max": [0.112272113562, 0.525797486305, 0.0868406891823, 0.0363030768931, 0.074792444706, 0.0596193037927, 0.064642444253, 0.0794619545341, 0.0526013597846, 0.0461679808795, 0.0531905926764, 0.0325202941895, 0.0216868426651, 0.0221252664924, 0.00924845971167, 0.00937846396118, 0.0057405536063, 0.00509318429977, 0.00797981396317, 0.00538276182488, 0.00302029075101, 0.0045667514205, 0.00379592156969, 0.00474101863801, 0.00502237258479, 0.00196370622143, 0.000976119132247],
        "mean": [0.00545006291941, 0.032820366323, 0.00498506892473, 0.00209795148112, 0.00263095879927, 0.00303609948605, 0.00215627253056, 0.00142551539466, 0.00187471520621, 0.00114167830907, 0.00161663617473, 0.000785215001088, 0.000361839192919, 0.000369022600353, 0.000406456150813, 0.000259835069301, 0.000223300841753, 0.000133418929181, 0.000138365940074, 0.000121929449961, 9.91392735159e-05, 8.15352905192e-05, 7.11320026312e-05, 6.66415289743e-05, 8.3325227024e-05, 5.27635129401e-05, 2.42682126554e-05],
        "median": [0.00104258663487, 0.00650475872681, 0.00211611413397, 0.00107456836849, 0.00115052075125, 0.000794608669821, 0.000461352145066, 0.000183194031706, 0.000297159363981, 0.000178538379259, 0.000207048724405, 0.000139515221235, 7.33302513254e-05, 5.68842078792e-05, 6.96611750755e-05, 5.81760250498e-05, 5.44175709365e-05, 2.96483940474e-05, 3.53942814399e-05, 2.01441434911e-05, 1.24687512653e-05, 8.80654715729e-06, 7.96150561655e-06, 4.11787368648e-06, 1.87995897249e-06, 7.58205828788e-07, 7.76201858343e-08],
        "min": [1.34660602629e-25, 1.27394409762e-24, 3.65850416445e-25, 9.69697604197e-25, 9.18173745818e-24, 9.1318767158e-24, 6.98356629059e-24, 6.08848132018e-24, 1.88955789519e-23, 1.74883078949e-23, 9.55970280598e-24, 1.88786342196e-23, 2.27065486301e-23, 3.34810743531e-23, 4.47514796189e-23, 7.13236533661e-23, 7.6574324173e-23, 1.21384059592e-22, 1.48652923736e-22, 1.92235519753e-22, 2.23795143511e-22, 3.14449322178e-22, 3.88191408509e-22, 5.98762744137e-22, 8.96179107867e-22, 1.22141426646e-21, 1.97522450394e-21],
        "var": [0.0001141478715, 0.00498711876571, 7.84365984146e-05, 1.04757473309e-05, 1.66287009051e-05, 3.61908314517e-05, 2.33009322983e-05, 1.54038498295e-05, 1.57915910677e-05, 8.30336557556e-06, 1.62720862136e-05, 3.60865828952e-06, 6.7530635306e-07, 7.67542189806e-07, 6.91845627898e-07, 2.46172305651e-07, 1.94486943883e-07, 7.58266907042e-08, 1.00404115244e-07, 8.19765588744e-08, 5.08845374725e-08, 4.70183536549e-08, 3.26727622735e-08, 4.12819147755e-08, 6.33875743006e-08, 1.95139850945e-08, 4.79596806713e-09]
    },
    "erbbands": {
        "dmean": [1.22055363655, 5.04884147644, 6.16940164566, 5.81889867783, 5.0576210022, 6.07298326492, 9.08380126953, 18.412279129, 17.8396015167, 19.3993320465, 16.3688049316, 19.2217273712, 17.8691539764, 21.7670764923, 22.5011062622, 15.6952133179, 12.8724193573, 12.6216545105, 13.6670951843, 11.5830020905, 9.11554908752, 8.51627635956, 5.20680046082, 5.5597076416, 5.04854869843, 4.78159046173, 3.67066884041, 2.46235108376, 2.15372991562, 1.51973390579, 1.12238156796, 0.872062563896, 0.667724490166, 0.664433836937, 0.426022022963, 0.191012308002, 0.0787788555026, 0.0335080996156, 0.00361228059046, 8.02694339654e-05],
        "dmean2": [1.88096523285, 8.37041187286, 11.4407520294, 10.5516672134, 8.97034835815, 10.089507103, 14.4348640442, 28.8221645355, 26.8106174469, 28.6555194855, 22.884645462, 26.6085186005, 24.9605827332, 30.4976234436, 31.1326446533, 23.1642303467, 19.8556804657, 19.1864490509, 20.3262138367, 17.4831199646, 13.6746835709, 12.8169307709, 8.09654140472, 9.10335540771, 8.19791793823, 8.00053024292, 6.08113050461, 3.97270584106, 3.44827246666, 2.24297499657, 1.58559501171, 1.16773843765, 0.86472684145, 0.874936103821, 0.565521597862, 0.254487484694, 0.106232985854, 0.0461889691651, 0.00512699782848, 0.000109249718662],
        "dvar": [7.18331432343, 168.325088501, 222.436599731, 127.39793396, 112.611968994, 182.674514771, 349.84576416, 1741.57629395, 1423.89953613, 2278.40576172, 1826.35107422, 2568.82641602, 1871.02319336, 2563.30224609, 4198.60107422, 1338.47595215, 1146.76257324, 785.281738281, 1075.85583496, 609.643310547, 356.096557617, 318.523162842, 140.831985474, 185.29548645, 229.706466675, 164.80015564, 97.5722808838, 42.1769104004, 35.974445343, 17.5356788635, 6.862596035, 3.92728042603, 2.8513917923, 2.77720713615, 0.999401450157, 0.199855521321, 0.0357774086297, 0.00703702773899, 8.56990300235e-05, 2.63994408556e-08],
        "dvar2": [14.7583227158, 434.561096191, 644.681518555, 359.052947998, 313.575195312, 481.917449951, 827.531677246, 4390.82275391, 2958.96923828, 4950.83203125, 3268.76147461, 4920.41162109, 3708.23413086, 4837.46435547, 6837.21386719, 2797.24194336, 2873.04760742, 1853.90991211, 2505.79760742, 1402.18908691, 774.400146484, 696.278869629, 354.143066406, 490.767181396, 600.40612793, 450.604034424, 263.645782471, 115.052970886, 97.3817596436, 41.4946327209, 15.1205501556, 7.83089733124, 5.49193477631, 5.69788169861, 1.94934129715, 0.39280501008, 0.071502238512, 0.0141644245014, 0.000172421467141, 4.46437233848e-08],
        "max": [22.4079723358, 96.4079666138, 119.506202698, 111.555625916, 181.181915283, 295.068695068, 378.477111816, 734.149536133, 675.438049316, 941.917175293, 1457.06848145, 1218.22094727, 1345.62133789, 1086.17944336, 2427.27783203, 1118.37475586, 1054.22143555, 654.661743164, 1379.8684082, 374.119049072, 336.58581543, 308.55456543, 320.074829102, 298.006561279, 584.273498535, 254.722167969, 149.672821045, 106.713668823, 187.397872925, 185.944915771, 125.859390259, 82.7972106934, 84.0433044434, 68.6845779419, 33.5094184875, 11.6159715652, 3.71998882294, 1.57806432247, 0.146353900433, 0.00233716866933],
        "mean": [1.56153810024, 4.89867067337, 6.03911209106, 6.98120546341, 6.43099927902, 9.72342395782, 15.86465168, 29.0733680725, 29.0182285309, 33.6939926147, 31.1472911835, 39.1623916626, 40.6736450195, 48.2533531189, 56.3869056702, 29.631772995, 17.8492679596, 18.0076160431, 20.1030006409, 17.8971443176, 14.6465215683, 12.5720281601, 7.80047178268, 7.31103563309, 6.90437650681, 5.67931699753, 4.6023015976, 3.41607737541, 3.05950450897, 2.49180173874, 1.95147907734, 1.48849999905, 1.07361412048, 0.940427422523, 0.572691380978, 0.241439506412, 0.0935744419694, 0.0367152057588, 0.00381096894853, 0.000123403195175],
        "median": [0.276919603348, 1.02080082893, 2.30184316635, 4.16853713989, 3.16010522842, 3.49678778648, 5.06698560715, 6.64002847672, 7.95999336243, 7.55930328369, 6.43555927277, 7.8497133255, 9.81558609009, 9.96509742737, 8.12095069885, 6.34481716156, 4.54017019272, 3.26487898827, 3.81679868698, 3.89453268051, 3.71746587753, 3.20017004013, 1.84063816071, 1.97570753098, 1.62910795212, 0.955392956734, 0.574471473694, 0.461232602596, 0.35095924139, 0.281005859375, 0.205936074257, 0.13019888103, 0.0465617738664, 0.0236441977322, 0.0119799068198, 0.004021121189, 0.00124035472982, 0.000271087192232, 3.05822068185e-05, 3.94370144932e-05],
        "min": [5.00866689832e-23, 3.430872702e-22, 1.48376744164e-21, 5.50125150159e-21, 7.61711609671e-21, 3.10958291827e-20, 5.25497794203e-20, 6.45886985335e-20, 7.60408913297e-20, 7.25679735279e-20, 3.11743615808e-19, 4.5530450758e-19, 4.72737855977e-19, 4.32294229944e-19, 8.83175673542e-19, 8.98822622009e-19, 1.17341515251e-18, 2.00788560441e-18, 2.96085019604e-18, 3.50932822442e-18, 4.23749118174e-18, 5.07580399098e-18, 6.1650263226e-18, 6.72810429559e-18, 7.49397262678e-18, 8.66344223117e-18, 9.47953614197e-18, 9.57840490469e-18, 9.89562618806e-18, 1.15585297074e-17, 1.08366698663e-17, 1.12585179166e-17, 9.86485258773e-18, 8.45804832199e-18, 6.82845577955e-18, 4.08066600941e-18, 2.26509865665e-18, 8.87807678177e-19, 2.54104068063e-19, 2.63462405003e-20],
        "var": [10.2008590698, 143.961120605, 144.709442139, 97.1596984863, 102.273910522, 321.703552246, 885.260375977, 4119.55712891, 3361.71777344, 5096.48681641, 5828.79394531, 7092.18115234, 7214.4296875, 11170.3691406, 27707.3828125, 4538.86181641, 1435.1484375, 1382.51245117, 1948.18115234, 1104.78161621, 731.83215332, 611.969238281, 263.786682129, 209.452148438, 366.369049072, 181.830673218, 117.652030945, 57.4819030762, 65.0657043457, 46.1401596069, 23.7616405487, 17.3776493073, 12.3520536423, 8.83553981781, 2.89400935173, 0.431658387184, 0.0639012604952, 0.0100990300998, 0.000116092065582, 4.81617021819e-08]
    },
    "gfcc": {
        "mean": [-70.7991943359, 118.773429871, -87.854637146, 31.2423267365, -41.1982955933, 12.3914346695, -22.0092926025, 8.50869178772, -13.9872455597, -0.0311169177294, -9.83401489258, 1.6883392334, -4.41047048569],
        "cov": [[38628.796875, 1736.76123047, -2830.29223633, -463.2578125, -1010.86169434, 775.958435059, -568.596618652, 832.334716797, -210.326522827, 700.961914062, -134.339599609, 487.754760742, -184.044311523], [1736.76123047, 2900.33569336, -1148.97729492, -418.628143311, 98.7620162964, -567.666381836, 75.609161377, -165.902435303, 143.875640869, -363.024902344, 151.73475647, -228.846740723, 117.078788757], [-2830.29223633, -1148.97729492, 2176.49194336, 478.342498779, 161.06060791, 333.846008301, -1.06957924366, 25.7811965942, -72.6935272217, 146.888839722, -113.502990723, 43.1275024414, -93.6529541016], [-463.2578125, -418.628143311, 478.342498779, 1298.33862305, -13.5184803009, 24.2555866241, -6.4919219017, -224.873565674, 30.9691886902, -51.6182022095, -32.2506370544, -109.29826355, -0.0464184619486], [-1010.86169434, 98.7620162964, 161.06060791, -13.5184803009, 550.618347168, -37.2033920288, -62.320602417, 11.2498512268, 37.2224235535, 51.2521514893, 13.0884389877, -37.9624633789, 11.9476203918], [775.958435059, -567.666381836, 333.846008301, 24.2555866241, -37.2033920288, 443.245666504, 102.123306274, 64.5185089111, -53.0555953979, 74.2163772583, -57.9571495056, 51.3050498962, -77.8174819946], [-568.596618652, 75.609161377, -1.06957924366, -6.4919219017, -62.320602417, 102.123306274, 341.845214844, 27.7941150665, -9.4161233902, -91.413482666, 31.8092403412, -15.8520812988, -7.07729101181], [832.334716797, -165.902435303, 25.7811965942, -224.873565674, 11.2498512268, 64.5185089111, 27.7941150665, 227.430999756, -11.6148195267, 62.6982765198, -30.2516765594, 58.2834701538, -24.6222667694], [-210.326522827, 143.875640869, -72.6935272217, 30.9691886902, 37.2224235535, -53.0555953979, -9.4161233902, -11.6148195267, 193.095748901, 31.7494621277, 23.1656723022, -41.694984436, 11.0834779739], [700.961914062, -363.024902344, 146.888839722, -51.6182022095, 51.2521514893, 74.2163772583, -91.413482666, 62.6982765198, 31.7494621277, 230.87322998, 10.1296873093, 47.3961105347, -21.4596099854], [-134.339599609, 151.73475647, -113.502990723, -32.2506370544, 13.0884389877, -57.9571495056, 31.8092403412, -30.2516765594, 23.1656723022, 10.1296873093, 115.677238464, 26.9387779236, 19.7732334137], [487.754760742, -228.846740723, 43.1275024414, -109.29826355, -37.9624633789, 51.3050498962, -15.8520812988, 58.2834701538, -41.694984436, 47.3961105347, 26.9387779236, 137.320129395, 23.6775722504], [-184.044311523, 117.078788757, -93.6529541016, -0.0464184619486, 11.9476203918, -77.8174819946, -7.07729101181, -24.6222667694, 11.0834779739, -21.4596099854, 19.7732334137, 23.6775722504, 98.0200119019]],
        "icov": [[7.32490370865e-05, -0.000204888943699, 0.00011747294775, -0.000172209387529, 0.000129465872305, -0.000267156836344, 0.000152365522808, -0.000286606664304, 0.000140938689583, -0.000397435767809, 0.000227621378144, -0.000391516688978, 0.000151260013808], [-0.000204888943699, 0.00140196562279, -0.00018036030815, 0.000822429719847, -0.000469068967504, 0.00110581121407, -0.000334765558364, 0.000836388790049, -0.000637420220301, 0.00210685632192, -0.00157330976799, 0.00237033469602, -0.000832066114526], [0.00011747294775, -0.00018036030815, 0.000871094001923, -0.000482433126308, -8.25038732728e-05, -0.00054355483735, 8.34563252283e-05, -0.000328249065205, 0.000313431140967, -0.000817315129098, 0.000844482972752, -0.000940191617701, 0.000612537318375], [-0.000172209387529, 0.000822429719847, -0.000482433126308, 0.00164207664784, -0.000220677786274, 0.00067133246921, -0.000314987759339, 0.0016563575482, -0.000589638657402, 0.00137609569356, -0.000752135063522, 0.00201768893749, -0.000780375441536], [0.000129465872305, -0.000469068967504, -8.25038732728e-05, -0.000220677786274, 0.00238028890453, -0.000624212727416, 0.000809539109468, -0.00106309715193, 0.000251946068602, -0.00105538358912, -0.000474003842101, 0.000681552570313, -0.000598418002483], [-0.000267156836344, 0.00110581121407, -0.00054355483735, 0.00067133246921, -0.000624212727416, 0.0054376674816, -0.00268775131553, 0.00192789302673, -0.000360213540262, 0.00018128544616, 0.00177727465052, -0.000743255193811, 0.00224320730194], [0.000152365522808, -0.000334765558364, 8.34563252283e-05, -0.000314987759339, 0.000809539109468, -0.00268775131553, 0.0053552640602, -0.00265267025679, 0.000235061263083, 0.00205995002761, -0.00346385734156, 0.00181924307253, -0.00106290553231], [-0.000286606664304, 0.000836388790049, -0.000328249065205, 0.0016563575482, -0.00106309715193, 0.00192789302673, -0.00265267025679, 0.00888237543404, -0.00115433277097, -0.000402523059165, 0.00337541126646, -0.0024413599167, 0.00180104188621], [0.000140938689583, -0.000637420220301, 0.000313431140967, -0.000589638657402, 0.000251946068602, -0.000360213540262, 0.000235061263083, -0.00115433277097, 0.00682006124407, -0.00267162756063, -0.000853256380651, 0.00190775573719, -0.000909278634936], [-0.000397435767809, 0.00210685632192, -0.000817315129098, 0.00137609569356, -0.00105538358912, 0.00018128544616, 0.00205995002761, -0.000402523059165, -0.00267162756063, 0.0106920367107, -0.00506092235446, 0.0029481491074, -0.000771129096393], [0.000227621378144, -0.00157330976799, 0.000844482972752, -0.000752135063522, -0.000474003842101, 0.00177727465052, -0.00346385734156, 0.00337541126646, -0.000853256380651, -0.00506092235446, 0.0166114326566, -0.00921776890755, 0.00304379803129], [-0.000391516688978, 0.00237033469602, -0.000940191617701, 0.00201768893749, 0.000681552570313, -0.000743255193811, 0.00181924307253, -0.0024413599167, 0.00190775573719, 0.0029481491074, -0.00921776890755, 0.0189709253609, -0.00791212823242], [0.000151260013808, -0.000832066114526, 0.000612537318375, -0.000780375441536, -0.000598418002483, 0.00224320730194, -0.00106290553231, 0.00180104188621, -0.000909278634936, -0.000771129096393, 0.00304379803129, -0.00791212823242, 0.0155254350975]]
    },
    "melbands": {
        "dmean": [0.00915812142193, 0.00427638879046, 0.000981222256087, 0.000377076648874, 0.000302903790725, 0.000392813410144, 0.000281049957266, 0.00021078834834, 0.000134580172016, 0.000127261009766, 9.14408883546e-05, 8.8290842541e-05, 7.96856766101e-05, 5.77392202104e-05, 3.30098628183e-05, 3.05827343254e-05, 2.44438779191e-05, 2.19084504351e-05, 2.47514617513e-05, 1.31056403916e-05, 1.0377453691e-05, 9.69550183072e-06, 5.80814321438e-06, 4.24606105298e-06, 4.79771824757e-06, 3.95744382331e-06, 3.56975670002e-06, 3.19668629345e-06, 2.44875263888e-06, 1.84899374744e-06, 1.36560618103e-06, 1.35975858484e-06, 9.68709173321e-07, 8.70677581588e-07, 7.03450041328e-07, 5.94913615259e-07, 5.18892875334e-07, 4.6629978101e-07, 5.14529517659e-07, 5.82702455176e-07],
        "dmean2": [0.0142597006634, 0.00763118267059, 0.00177072873339, 0.000652690359857, 0.00048305519158, 0.000613878364675, 0.000420245982241, 0.0003083133779, 0.000187209996511, 0.00017566884344, 0.000128657993628, 0.000125060294522, 0.000110380278784, 8.21885623736e-05, 5.05581556354e-05, 4.78017427668e-05, 3.76237439923e-05, 3.29514696205e-05, 3.80006567866e-05, 2.04355037567e-05, 1.57347403729e-05, 1.48295330291e-05, 8.98683356354e-06, 6.72055875839e-06, 7.98884684627e-06, 6.46841863272e-06, 5.95587789576e-06, 5.41766212336e-06, 4.12028339269e-06, 3.0061612506e-06, 2.26014731197e-06, 2.20528227146e-06, 1.54313022449e-06, 1.28160661461e-06, 1.02133242308e-06, 8.43955490382e-07, 6.98786436715e-07, 6.37607854514e-07, 6.74719160543e-07, 7.86213888659e-07],
        "dvar": [0.000427551392931, 0.000115229086077, 3.71884971173e-06, 6.09094911397e-07, 3.57431076736e-07, 7.25015752323e-07, 3.61147215244e-07, 2.76772738061e-07, 1.31894324795e-07, 1.12136369523e-07, 5.20210114985e-08, 4.34118661019e-08, 5.14169009591e-08, 1.95592164687e-08, 6.11228356817e-09, 7.72574892949e-09, 3.24690452302e-09, 3.74867070718e-09, 3.60038487912e-09, 1.03016395414e-09, 4.74299766129e-10, 4.34665720084e-10, 1.66678296165e-10, 8.99655905329e-11, 1.46110165633e-10, 1.221429069e-10, 1.15446104065e-10, 7.32504126799e-11, 4.40744003793e-11, 2.46247206653e-11, 1.45199087129e-11, 1.50357244016e-11, 7.46930989282e-12, 5.3418944615e-12, 2.54415585821e-12, 2.18553061933e-12, 1.57270626643e-12, 1.70448811315e-12, 1.79156266645e-12, 2.18044354273e-12],
        "dvar2": [0.000950400310103, 0.000320151943015, 1.05064400486e-05, 1.66472682395e-06, 8.5963932861e-07, 1.80909728442e-06, 7.41521773762e-07, 5.99517193223e-07, 2.33602818867e-07, 2.09710734111e-07, 1.02757461207e-07, 8.36726528064e-08, 9.38783273341e-08, 3.6579880458e-08, 1.40639544455e-08, 1.92021332168e-08, 7.82278863909e-09, 8.94231000359e-09, 8.32162871944e-09, 2.61380450617e-09, 1.03046804423e-09, 9.55036938421e-10, 4.05151245886e-10, 2.29487193137e-10, 3.92592458542e-10, 3.17819770501e-10, 3.0801897144e-10, 2.00722286015e-10, 1.18859713738e-10, 6.6599552262e-11, 4.0457595607e-11, 4.11968653635e-11, 1.92494683388e-11, 1.25308773774e-11, 5.74767100234e-12, 5.42064310105e-12, 3.07480430006e-12, 3.6363566238e-12, 3.74702222375e-12, 4.43524644095e-12],
        "max": [0.172132730484, 0.0829187780619, 0.0188209153712, 0.0148586640134, 0.0101463766769, 0.0144062843174, 0.0119146993384, 0.0107403006405, 0.0126340752468, 0.00836042035371, 0.0071211787872, 0.00419077416882, 0.00873561482877, 0.00499642966315, 0.00162672728766, 0.00279084127396, 0.00145003560465, 0.00297418283299, 0.00099585740827, 0.000890135881491, 0.00039674990694, 0.000366520194802, 0.000287570845103, 0.000207584351301, 0.000257219653577, 0.000375633593649, 0.000389466207707, 0.000117817413411, 7.67534729675e-05, 9.60490433499e-05, 6.15203680354e-05, 0.000106904626591, 0.000106613559183, 9.4586321211e-05, 6.86337662046e-05, 7.12272594683e-05, 5.50782278879e-05, 6.46386106382e-05, 5.79461011512e-05, 6.03551416134e-05],
        "mean": [0.0112792057917, 0.00421431148425, 0.00120860722382, 0.000552326731849, 0.000541546498425, 0.0006312164478, 0.000452576059615, 0.00036951675429, 0.000254796788795, 0.000257763284026, 0.000202938928851, 0.00019040472398, 0.000185603988939, 0.000116161070764, 5.02558941662e-05, 3.76599273295e-05, 3.30855145876e-05, 3.04478071484e-05, 3.45249427482e-05, 1.87030163943e-05, 1.59054452524e-05, 1.38524092108e-05, 8.17057571112e-06, 6.23402729616e-06, 5.87377644479e-06, 5.20778621649e-06, 4.50836068921e-06, 3.6022763652e-06, 2.93214770863e-06, 2.44369061875e-06, 1.7998650037e-06, 1.79495089014e-06, 1.45120998241e-06, 1.37510824061e-06, 1.14278986985e-06, 1.01595605884e-06, 8.37535935716e-07, 7.39537085792e-07, 7.53239703499e-07, 7.96975541562e-07],
        "median": [0.0021697008051, 0.0014086375013, 0.000755280489102, 0.00024980911985, 0.000194036198081, 0.000154644541908, 0.000122609271784, 6.42067316221e-05, 3.81707650376e-05, 4.37284907093e-05, 4.11309083574e-05, 3.08968919853e-05, 2.59022272076e-05, 1.82876374311e-05, 8.12933467387e-06, 6.47141223453e-06, 4.93773495691e-06, 5.12769338457e-06, 5.83149449085e-06, 3.96094947064e-06, 3.76855746254e-06, 3.35965887643e-06, 1.80018491847e-06, 1.42944145409e-06, 1.48693266055e-06, 1.34783010708e-06, 7.3590666716e-07, 5.61856438708e-07, 3.45077069142e-07, 3.10022926442e-07, 2.34021484857e-07, 2.04004180659e-07, 1.43513290141e-07, 1.50895118622e-07, 1.1862751137e-07, 1.01900397453e-07, 5.61990347592e-08, 2.74193823202e-08, 2.19281481861e-08, 1.80677872663e-08],
        "min": [5.75117662445e-25, 6.87503766687e-25, 1.16255082413e-24, 1.28969617078e-24, 1.65626849356e-24, 1.62934457226e-24, 7.85444545856e-25, 6.89865764149e-25, 3.11740908677e-24, 2.48300241363e-24, 2.11802783e-24, 1.54986792074e-24, 1.91193239648e-24, 2.01479768916e-24, 2.57524668029e-24, 3.1128904915e-24, 2.88838284725e-24, 4.06262064568e-24, 3.37426693067e-24, 3.89102209955e-24, 4.05956065423e-24, 4.72838059551e-24, 3.80646291583e-24, 4.64000805817e-24, 4.63316902855e-24, 4.46057848983e-24, 5.10522260537e-24, 5.28373788392e-24, 4.50919362084e-24, 4.63369638206e-24, 5.74505821927e-24, 3.84737836997e-24, 5.53126192559e-24, 6.4953008333e-24, 6.21769949746e-24, 5.02676289417e-24, 6.1624520184e-24, 6.11657186815e-24, 6.02544344524e-24, 6.2254906822e-24],
        "var": [0.000545107293874, 8.27237454359e-05, 2.81368875221e-06, 7.80276423029e-07, 8.57645716223e-07, 1.71927729298e-06, 8.3305650378e-07, 6.64595518174e-07, 4.14170642671e-07, 3.18845081893e-07, 2.00165843012e-07, 1.78998078582e-07, 2.54733635074e-07, 9.10287027978e-08, 1.25498313963e-08, 9.08969077784e-09, 5.38904254554e-09, 6.32761310015e-09, 5.75905412248e-09, 1.41158995604e-09, 9.56235646221e-10, 7.87175435946e-10, 2.92024737725e-10, 1.65671296126e-10, 1.48158471602e-10, 1.64252778045e-10, 1.80600756572e-10, 7.20529677589e-11, 4.76431394336e-11, 3.37149232144e-11, 1.74990005125e-11, 2.41455484079e-11, 1.54698406862e-11, 1.42415627902e-11, 7.76246948664e-12, 7.58169568793e-12, 6.35086818204e-12, 7.25191955098e-12, 5.34734019217e-12, 6.40066949095e-12]
    },
    "mfcc": {
        "mean": [-710.128112793, 148.64213562, 15.1891365051, 31.2075328827, 9.34580516815, 10.8066654205, 5.4450378418, 10.3941640854, 4.25644350052, 4.61071681976, -1.82742476463, -0.0261860433966, 4.10131788254],
        "cov": [[16735.4335938, 1061.85717773, -1475.81896973, -895.83984375, -311.330535889, -100.521507263, -24.4483032227, 74.0812759399, 188.364959717, 205.21546936, 268.953094482, 269.802734375, 299.95602417], [1061.85717773, 2916.80664062, -869.590942383, -248.084777832, -9.91041088104, -405.222686768, -52.8715248108, 19.3709716797, 1.30597651005, -72.3808288574, -33.4965248108, -25.0281887054, 75.2186431885], [-1475.81896973, -869.590942383, 1701.60253906, 345.228057861, 158.104171753, 358.06539917, 144.802352905, 78.82837677, 52.9856948853, 45.3607063293, 14.7529201508, 3.28605985641, -19.0974063873], [-895.83984375, -248.084777832, 345.228057861, 918.241149902, 183.648162842, 186.297607422, -41.0404548645, -26.0396156311, -48.6150932312, 40.5432929993, -75.8843383789, -26.6267967224, -51.6857719421], [-311.330535889, -9.91041088104, 158.104171753, 183.648162842, 541.985351562, 78.3267974854, -14.8554010391, -115.066436768, 35.4413795471, 18.4951286316, 63.1978340149, -29.542011261, -12.1288423538], [-100.521507263, -405.222686768, 358.06539917, 186.297607422, 78.3267974854, 379.549835205, 69.0560531616, 32.252910614, -2.60766935349, 65.8629302979, 12.4673957825, 13.9269237518, -30.711681366], [-24.4483032227, -52.8715248108, 144.802352905, -41.0404548645, -14.8554010391, 69.0560531616, 259.690887451, 93.5905914307, 33.972820282, -18.383140564, 27.5101947784, 6.78199195862, -2.6142642498], [74.0812759399, 19.3709716797, 78.82837677, -26.0396156311, -115.066436768, 32.252910614, 93.5905914307, 224.847763062, 38.2435493469, -6.05251216888, -14.8317041397, 8.62247371674, -3.51353287697], [188.364959717, 1.30597651005, 52.9856948853, -48.6150932312, 35.4413795471, -2.60766935349, 33.972820282, 38.2435493469, 128.819793701, 48.2094917297, 25.2000656128, 2.8588051796, -0.254185348749], [205.21546936, -72.3808288574, 45.3607063293, 40.5432929993, 18.4951286316, 65.8629302979, -18.383140564, -6.05251216888, 48.2094917297, 125.459823608, 45.2896957397, 11.1677303314, -7.23062705994], [268.953094482, -33.4965248108, 14.7529201508, -75.8843383789, 63.1978340149, 12.4673957825, 27.5101947784, -14.8317041397, 25.2000656128, 45.2896957397, 123.035675049, 42.291557312, 2.60238838196], [269.802734375, -25.0281887054, 3.28605985641, -26.6267967224, -29.542011261, 13.9269237518, 6.78199195862, 8.62247371674, 2.8588051796, 11.1677303314, 42.291557312, 89.5958023071, 48.3284111023], [299.95602417, 75.2186431885, -19.0974063873, -51.6857719421, -12.1288423538, -30.711681366, -2.6142642498, -3.51353287697, -0.254185348749, -7.23062705994, 2.60238838196, 48.3284111023, 99.6111984253]],
