{
"lowlevel": {
    "average_loudness": 0.946938216686,
    "barkbands_crest": {
        "dmean": 3.24340319633,
        "dmean2": 5.05493879318,
        "dvar": 11.9099254608,
        "dvar2": 25.2926387787,
        "max": 26.9186153412,
        "mean": 15.540968895,
        "median": 15.8913507462,
        "min": 2.55721926689,
        "var": 42.8847122192
    },
    "barkbands_flatness_db": {
        "dmean": 0.0503317527473,
        "dmean2": 0.070406101644,
        "dvar": 0.00428649783134,
        "dvar2": 0.0077911876142,
        "max": 0.752451598644,
        "mean": 0.290815919638,
        "median": 0.260979145765,
        "min": 0.0268916077912,
        "var": 0.0317232050002
    },
    "barkbands_kurtosis": {
        "dmean": 227.654998779,
        "dmean2": 356.651367188,
        "dvar": 1646347.375,
        "dvar2": 3638988.75,
        "max": 23438.1640625,
        "mean": 247.786193848,
        "median": 13.5945987701,
        "min": -1.85458767414,
        "var": 2419223.5
    },
    "barkbands_skewness": {
        "dmean": 2.54383182526,
        "dmean2": 3.95749902725,
        "dvar": 62.4424858093,
        "dvar2": 145.12739563,
        "max": 137.840316772,
        "mean": 4.77980995178,
        "median": 2.38217401505,
        "min": -5.79392004013,
        "var": 134.771102905
    },
    "barkbands_spread": {
        "dmean": 6.17632007599,
        "dmean2": 9.44859790802,
        "dvar": 145.492050171,
        "dvar2": 282.406494141,
        "max": 109.572349548,
        "mean": 14.1011810303,
        "median": 4.83439588547,
        "min": 0.00925664696842,
        "var": 380.58203125
    },
    "dissonance": {
        "dmean": 0.0310382265598,
        "dmean2": 0.0519923120737,
        "dvar": 0.0015268700663,
        "dvar2": 0.00414001755416,
        "max": 0.499999970198,
        "mean": 0.445536613464,
        "median": 0.458446741104,
        "min": 0.165164068341,
        "var": 0.00272775022313
    },
    "dynamic_complexity": 4.63478517532,
    "erbbands_crest": {
        "dmean": 2.84075903893,
        "dmean2": 4.57093715668,
        "dvar": 9.51995372772,
        "dvar2": 21.9370307922,
        "max": 34.0606994629,
        "mean": 11.765873909,
        "median": 10.6291952133,
        "min": 2.45625829697,
        "var": 32.2219696045
    },
    "erbbands_flatness_db": {
        "dmean": 0.0246775019914,
        "dmean2": 0.0361256562173,
        "dvar": 0.000697404670063,
        "dvar2": 0.00128547125496,
        "max": 0.425319522619,
        "mean": 0.199434325099,
        "median": 0.193574801087,
        "min": 0.048199351877,
        "var": 0.00541240861639
    },
    "erbbands_kurtosis": {
        "dmean": 3.20980143547,
        "dmean2": 4.99112844467,
        "dvar": 29.1558570862,
        "dvar2": 59.3978118896,
        "max": 57.1433181763,
        "mean": 5.36440229416,
        "median": 2.16881561279,
        "min": -1.85899996758,
        "var": 66.9080200195
    },
    "erbbands_skewness": {
        "dmean": 0.679881989956,
        "dmean2": 1.013058424,
        "dvar": 0.685369074345,
        "dvar2": 1.35284125805,
        "max": 6.46765470505,
        "mean": 1.17995047569,
        "median": 1.06238031387,
        "min": -6.04163980484,
        "var": 2.88188886642
    },
    "erbbands_spread": {
        "dmean": 11.4086465836,
        "dmean2": 17.8299922943,
        "dvar": 261.737670898,
        "dvar2": 590.953613281,
        "max": 179.07661438,
        "mean": 33.0361671448,
        "median": 25.40583992,
        "min": 2.57383584976,
        "var": 779.216064453
    },
    "hfc": {
        "dmean": 6.25153255463,
        "dmean2": 9.77861595154,
        "dvar": 123.434593201,
        "dvar2": 278.553741455,
        "max": 113.780281067,
        "mean": 18.911151886,
        "median": 12.0351552963,
        "min": 1.11096550194e-16,
        "var": 385.205718994
    },
    "melbands_crest": {
        "dmean": 4.0622792244,
        "dmean2": 6.15320491791,
        "dvar": 24.2354278564,
        "dvar2": 49.5174064636,
        "max": 39.9959068298,
        "mean": 21.9731788635,
        "median": 20.9843101501,
        "min": 1.63518059254,
        "var": 105.686134338
    },
    "melbands_flatness_db": {
        "dmean": 0.0542641840875,
        "dmean2": 0.0730019584298,
        "dvar": 0.00490084150806,
        "dvar2": 0.00738023081794,
        "max": 0.796075582504,
        "mean": 0.367577522993,
        "median": 0.356482923031,
        "min": 0.00333887175657,
        "var": 0.0489426888525
    },
    "melbands_kurtosis": {
        "dmean": 306.063842773,
        "dmean2": 482.13671875,
        "dvar": 3897564.5,
        "dvar2": 8539662,
        "max": 45169.6328125,
        "mean": 351.113647461,
        "median": 28.6503925323,
        "min": -1.875441432,
        "var": 5585429
    },
    "melbands_skewness": {
        "dmean": 2.93760943413,
        "dmean2": 4.48818778992,
        "dvar": 93.9652862549,
        "dvar2": 195.55796814,
        "max": 193.965789795,
        "mean": 6.29829263687,
        "median": 3.1804587841,
        "min": -2.84289002419,
        "var": 223.309310913
    },
    "melbands_spread": {
        "dmean": 8.96575927734,
        "dmean2": 13.8313369751,
        "dvar": 341.284790039,
        "dvar2": 691.719970703,
        "max": 211.17805481,
        "mean": 23.2750797272,
        "median": 4.39848709106,
        "min": 0.0109281279147,
        "var": 1669.03540039
    },
    "pitch_salience": {
        "dmean": 0.0989359766245,
        "dmean2": 0.15577480197,
        "dvar": 0.015357750468,
        "dvar2": 0.0333439894021,
        "max": 0.919081330299,
        "mean": 0.394147485495,
        "median": 0.402954339981,
        "min": 0.00125369778834,
        "var": 0.0445338450372
    },
    "silence_rate_20dB": {
        "dmean": 0,
        "dmean2": 0,
        "dvar": 0,
        "dvar2": 0,
        "max": 1,
        "mean": 1,
        "median": 1,
        "min": 1,
        "var": 0
    },
    "silence_rate_30dB": {
        "dmean": 0.094636015594,
        "dmean2": 0.189308300614,
        "dvar": 0.085675098002,
        "dvar2": 0.210185974836,
        "max": 1,
        "mean": 0.903466761112,
        "median": 1,
        "min": 0,
        "var": 0.0872113257647
    },
    "silence_rate_60dB": {
        "dmean": 0.032567050308,
        "dmean2": 0.0651465803385,
        "dvar": 0.0315083488822,
        "dvar2": 0.0677987337112,
        "max": 1,
        "mean": 0.0898295342922,
        "median": 0,
        "min": 0,
        "var": 0.0817558243871
    },
    "spectral_centroid": {
        "dmean": 305.3878479,
        "dmean2": 454.927947998,
        "dvar": 289810.375,
        "dvar2": 505646.5,
        "max": 11667.3222656,
        "mean": 1216.57055664,
        "median": 616.91192627,
        "min": 95.8999862671,
        "var": 2089634.125
    },
    "spectral_complexity": {
        "dmean": 3.30689644814,
        "dmean2": 4.8764128685,
        "dvar": 25.1362247467,
        "dvar2": 45.3722267151,
        "max": 53,
        "mean": 10.5527677536,
        "median": 8,
        "min": 0,
        "var": 101.065238953
    },
    "spectral_decrease": {
        "dmean": 3.86119092255e-09,
        "dmean2": 6.0678204683e-09,
        "dvar": 3.93478799346e-17,
        "dvar2": 8.45495648629e-17,
        "max": 3.25734092285e-21,
        "mean": -1.31791910718e-08,
        "median": -1.01825294863e-08,
        "min": -5.01158865518e-08,
        "var": 1.22867912646e-16
    },
    "spectral_energy": {
        "dmean": 0.0148063441738,
        "dmean2": 0.0233179107308,
        "dvar": 0.000578141829465,
        "dvar2": 0.00125220580958,
        "max": 0.192407101393,
        "mean": 0.0514566302299,
        "median": 0.0411418713629,
        "min": 1.00763046708e-20,
        "var": 0.00172673014458
    },
    "spectral_energyband_high": {
        "dmean": 0.000509958656039,
        "dmean2": 0.000775295833591,
        "dvar": 1.62110131896e-06,
        "dvar2": 3.33984667122e-06,
        "max": 0.0148350866511,
        "mean": 0.00119932624511,
        "median": 3.9302281948e-05,
        "min": 7.33200374167e-21,
        "var": 5.46963065062e-06
    },
    "spectral_energyband_low": {
        "dmean": 0.0114312330261,
        "dmean2": 0.0166929066181,
        "dvar": 0.000329340517055,
        "dvar2": 0.00068469560938,
        "max": 0.16409766674,
        "mean": 0.0348142944276,
        "median": 0.00757110537961,
        "min": 2.86792117587e-23,
        "var": 0.00165272539016
    },
    "spectral_energyband_middle_high": {
        "dmean": 0.001384655945,
        "dmean2": 0.00223710085265,
        "dvar": 7.91409365775e-06,
        "dvar2": 1.88880439964e-05,
        "max": 0.0405890308321,
        "mean": 0.00302898953669,
        "median": 0.000840880034957,
        "min": 1.24391212509e-21,
        "var": 3.25544388033e-05
    },
    "spectral_energyband_middle_low": {
        "dmean": 0.00870972592384,
        "dmean2": 0.0151529219002,
        "dvar": 0.000440521107521,
        "dvar2": 0.00120334024541,
        "max": 0.147388249636,
        "mean": 0.0124407429248,
        "median": 0.00287451571785,
        "min": 1.88265176506e-22,
        "var": 0.000419875432272
    },
    "spectral_entropy": {
        "dmean": 0.297735273838,
        "dmean2": 0.427084475756,
        "dvar": 0.155957102776,
        "dvar2": 0.239344313741,
        "max": 9.8189201355,
        "mean": 6.94234228134,
        "median": 7.11100006104,
        "min": 4.28312253952,
        "var": 1.27241206169
    },
    "spectral_flux": {
        "dmean": 0.0385893620551,
        "dmean2": 0.0606491155922,
        "dvar": 0.00277365325019,
        "dvar2": 0.00548205710948,
        "max": 0.421367943287,
        "mean": 0.094702526927,
        "median": 0.0786797776818,
        "min": 6.51048659428e-11,
        "var": 0.00592984165996
    },
    "spectral_kurtosis": {
        "dmean": 8.08587932587,
        "dmean2": 12.9188814163,
        "dvar": 211.156051636,
        "dvar2": 502.505187988,
        "max": 136.049865723,
        "mean": 19.1122817993,
        "median": 5.95341777802,
        "min": -1.23792767525,
        "var": 843.284362793
    },
    "spectral_rms": {
        "dmean": 0.00108553410973,
        "dmean2": 0.00163078273181,
        "dvar": 2.59594526142e-06,
        "dvar2": 5.23247126694e-06,
        "max": 0.0137008847669,
        "mean": 0.00627363380045,
        "median": 0.0063354880549,
        "min": 3.1353693513e-12,
        "var": 1.08431222543e-05
    },
    "spectral_rolloff": {
        "dmean": 549.643920898,
        "dmean2": 887.726745605,
        "dvar": 1897515.375,
        "dvar2": 3391839.5,
        "max": 19444.4824219,
        "mean": 1717.19995117,
        "median": 258.3984375,
        "min": 21.533203125,
        "var": 9900344
    },
    "spectral_skewness": {
        "dmean": 0.66216313839,
        "dmean2": 1.01847398281,
        "dvar": 0.770960271358,
        "dvar2": 1.77288961411,
        "max": 9.59581661224,
        "mean": 2.67796683311,
        "median": 1.90807819366,
        "min": -0.0779753401875,
        "var": 4.58530282974
    },
    "spectral_spread": {
        "dmean": 779966.6875,
        "dmean2": 1205872.875,
        "dvar": 1.95760986522e+12,
        "dvar2": 4.37865126298e+12,
        "max": 41904288,
        "mean": 4534402,
        "median": 4077441,
        "min": 631417.3125,
        "var": 1.366852685e+13
    },
    "spectral_strongpeak": {
        "dmean": 0.526411175728,
        "dmean2": 0.88258433342,
        "dvar": 1.4536806345,
        "dvar2": 3.75467228889,
        "max": 15.4054279327,
        "mean": 1.1976634264,
        "median": 0.454533189535,
        "min": 0,
        "var": 3.43293762207
    },
    "zerocrossingrate": {
        "dmean": 0.0140270479023,
        "dmean2": 0.01426017005,
        "dvar": 0.000611874798778,
        "dvar2": 0.000560639949981,
        "max": 0.64111328125,
        "mean": 0.0607484169304,
        "median": 0.017578125,
        "min": 0,
        "var": 0.00861498713493
    },
    "barkbands": {
        "dmean": [0.00287697371095, 0.00844022352248, 0.0031217597425, 0.00171004456934, 0.00543191051111, 0.00113800284453, 0.000981677090749, 0.000817683932837, 0.000362663675332, 0.00045504103764, 0.000253121281276, 0.000519119843375, 0.000130227184854, 7.68682584749e-05, 6.30518552498e-05, 9.35672869673e-05, 0.000163842894835, 0.000106773914013, 9.90135376924e-05, 0.00011176004773, 0.000158801529324, 0.000206806289498, 9.14986230782e-05, 7.4944087828e-05, 5.6718410633e-05, 2.98803624901e-05, 1.18591533464e-05],
        "dmean2": [0.00417618546635, 0.0120037887245, 0.0051015089266, 0.00302019715309, 0.00972463190556, 0.00205041840672, 0.00173295591958, 0.00122333038598, 0.000623680185527, 0.000739545444958, 0.000404085789341, 0.000851100310683, 0.000228851553402, 0.000129463340272, 0.000107995372673, 0.000160672803759, 0.000284742855001, 0.000173066815478, 0.000156054637046, 0.000152147607878, 0.000257748150034, 0.000323445798131, 0.000143353783642, 0.000117411364045, 8.32695877762e-05, 4.29590872955e-05, 1.99299793167e-05],
        "dvar": [2.23364731937e-05, 0.000218094399315, 7.3710209108e-05, 2.20988567889e-05, 0.000216505650315, 1.23065010484e-05, 1.54104091052e-05, 5.05554862684e-06, 1.00350086996e-06, 2.3541522296e-06, 6.81766607613e-07, 2.16367880057e-06, 1.64652348644e-07, 8.35408471289e-08, 3.03807752289e-08, 7.53647171337e-08, 4.38768410049e-07, 7.67454366724e-08, 8.56960369333e-08, 8.38150029381e-08, 2.47985383339e-07, 4.71278838177e-07, 5.7131732234e-08, 8.85032562792e-08, 2.91748811776e-08, 1.25256462979e-08, 3.11700243394e-09],
        "dvar2": [4.93972438562e-05, 0.000439373368863, 0.000179161026608, 5.86735477555e-05, 0.000611697265413, 3.43569408869e-05, 4.18726413045e-05, 9.736138054e-06, 2.65603853222e-06, 6.36737604509e-06, 1.40193924381e-06, 5.21844913237e-06, 4.73782478139e-07, 2.14528114384e-07, 8.46359995421e-08, 2.10556194702e-07, 1.22915787415e-06, 1.979654769e-07, 1.6408232284e-07, 1.63527474228e-07, 6.19067805019e-07, 1.10065400349e-06, 1.33690321036e-07, 2.20985796773e-07, 6.27318286206e-08, 2.42569306863e-08, 8.20926171485e-09],
        "max": [0.0581659302115, 0.12741945684, 0.070381782949, 0.04268758744, 0.117004938424, 0.047099430114, 0.0525074899197, 0.0366593003273, 0.0182016938925, 0.0194690506905, 0.0251281186938, 0.0360298752785, 0.00899379514158, 0.0118510043249, 0.00300310342573, 0.00954366941005, 0.0248287692666, 0.0051624821499, 0.0198292378336, 0.0130789726973, 0.00831883307546, 0.0104596661404, 0.0027635821607, 0.00626616738737, 0.00262985820882, 0.00249465554953, 0.00108829839155],
        "mean": [0.00655453605577, 0.0249158106744, 0.00341332005337, 0.00151887931861, 0.00654289778322, 0.00103934016079, 0.000900467915926, 0.00191552878823, 0.000382924656151, 0.000589738076087, 0.00040005746996, 0.00101491971873, 0.000142273871461, 0.000107348962047, 8.24030867079e-05, 0.00014215313422, 0.000200227659661, 0.000156166293891, 0.000167145699379, 0.0001930717699, 0.000256522820564, 0.000332692085067, 0.000147119077155, 0.000134307512781, 0.000133604757139, 6.22127190582e-05, 1.09114216684e-05],
        "median": [0.000571105978452, 0.00168002222199, 0.000536658801138, 0.000206972676096, 0.000769435660914, 0.000134826332214, 6.72901660437e-05, 9.47709704633e-05, 3.13198543154e-05, 3.69679146388e-05, 2.89378640446e-05, 5.36846273462e-05, 3.18638049066e-05, 2.6700707167e-05, 2.46964555117e-05, 2.63495585386e-05, 4.03592748626e-05, 3.02751086565e-05, 2.32305847021e-05, 1.24481166495e-05, 8.03437251307e-06, 4.66141864308e-06, 2.84839416054e-06, 3.20365666084e-06, 1.83881024896e-06, 5.77806645197e-07, 6.93244004424e-08],
        "min": [9.3246336947e-25, 2.98020921484e-24, 3.70267011995e-24, 2.58883165393e-24, 6.77657392223e-24, 8.22660912883e-24, 5.94084757949e-24, 1.01837051926e-23, 1.69358496704e-23, 1.23762265384e-23, 2.02256741687e-23, 2.14701590447e-23, 4.3745612545e-23, 3.88108331989e-23, 4.24446326064e-23, 5.68873410284e-23, 7.84752706953e-23, 1.33671925032e-22, 1.35061872703e-22, 1.96016283947e-22, 2.81092345111e-22, 3.43955673528e-22, 4.1654198397e-22, 6.69790871276e-22, 8.19210113428e-22, 1.25035488463e-21, 2.10716970711e-21],
        "var": [9.61058030953e-05, 0.00107850879431, 6.92936810083e-05, 1.75027107616e-05, 0.000210624115425, 8.62319302541e-06, 1.35550390041e-05, 3.28822716256e-05, 1.11824920168e-06, 3.75147146769e-06, 1.67930068073e-06, 1.36768830998e-05, 1.44679404457e-07, 9.57939931823e-08, 4.17794296936e-08, 1.75512724354e-07, 4.98740121202e-07, 1.21059656522e-07, 4.54666974292e-07, 3.0713255228e-07, 3.64457235946e-07, 9.4436740028e-07, 1.08719468983e-07, 1.33971667537e-07, 1.39041517855e-07, 4.20364152376e-08, 3.09111802821e-09]
    },
    "erbbands": {
        "dmean": [0.368211746216, 1.60542631149, 3.28360676765, 4.73895072937, 9.81597709656, 21.4201278687, 17.299697876, 7.48498725891, 12.2587795258, 17.052488327, 13.1822576523, 8.02608299255, 13.0600290298, 10.3777713776, 9.50881099701, 23.0377159119, 7.60591697693, 4.25606298447, 2.37693977356, 4.24113464355, 6.25631570816, 8.03640556335, 5.72150087357, 6.11468362808, 3.81008505821, 5.17173862457, 7.37155771255, 5.6186132431, 6.4674949646, 6.6775135994, 2.39189338684, 1.4731221199, 1.2460167408, 0.851356685162, 0.358477145433, 0.171555191278, 0.0483421869576, 0.0145402168855, 0.00204021390527, 4.09854510508e-05],
        "dmean2": [0.553091943264, 2.18922829628, 5.0454287529, 7.96824836731, 18.2386379242, 38.5252876282, 29.5635547638, 13.4412727356, 21.5758323669, 27.1165924072, 21.1543178558, 13.73711586, 20.9364738464, 16.8686656952, 15.349770546, 37.5491065979, 13.0956048965, 7.23229789734, 3.97047972679, 7.35095787048, 10.9360170364, 13.7150630951, 9.21366500854, 9.6887922287, 5.60200786591, 7.21534442902, 11.8942232132, 8.74524021149, 10.1750526428, 10.760430336, 3.65806317329, 2.23391103745, 1.96300387383, 1.30123353004, 0.544026434422, 0.253211259842, 0.0687287524343, 0.0223802607507, 0.0033652051352, 6.56239863019e-05],
        "dvar": [0.446926832199, 12.1111431122, 75.9694976807, 150.281295776, 1438.78063965, 2843.60668945, 1526.93261719, 607.828308105, 2640.76538086, 2423.58227539, 1358.8894043, 495.655090332, 1596.89074707, 940.469909668, 1168.07495117, 4935.86962891, 471.694580078, 257.6746521, 23.6908302307, 170.93208313, 333.125274658, 848.312561035, 253.522583008, 445.244842529, 87.0321807861, 176.041183472, 622.583312988, 226.661087036, 409.192352295, 514.7890625, 36.7122077942, 44.9101295471, 17.7499694824, 6.74333095551, 1.28121554852, 0.407303124666, 0.0330672040582, 0.00311740743928, 9.86170489341e-05, 1.53605768105e-08],
        "dvar2": [0.99279499054, 21.4625263214, 169.927230835, 376.081359863, 4133.72412109, 8117.06542969, 4055.38598633, 1703.90576172, 7065.46240234, 5706.86816406, 3339.81298828, 1331.28527832, 4266.64208984, 2227.48486328, 2356.54199219, 11758.3740234, 1331.76416016, 670.932189941, 59.9802055359, 492.556854248, 946.906799316, 2364.7109375, 605.22442627, 889.029602051, 152.04397583, 349.802032471, 1631.09216309, 466.592834473, 893.991394043, 1321.37585449, 78.5466995239, 111.271484375, 44.4028511047, 16.0576190948, 2.8723757267, 0.888147830963, 0.0607036277652, 0.00739069981501, 0.000257477076957, 3.93039165658e-08],
        "max": [5.7185549736, 31.5641326904, 84.7023010254, 123.072685242, 322.356994629, 402.677856445, 434.99029541, 442.226928711, 790.128662109, 637.431213379, 572.570373535, 406.687164307, 678.403320312, 529.348754883, 1220.11437988, 1802.15734863, 384.575286865, 589.344299316, 158.820907593, 225.987503052, 376.481719971, 1119.78063965, 614.006591797, 1420.3840332, 389.02166748, 500.837982178, 459.939575195, 204.781494141, 306.415252686, 363.427062988, 77.6995620728, 160.733123779, 72.6813049316, 45.9737510681, 18.5395908356, 12.3724374771, 4.24299430847, 1.12119042873, 0.219577237964, 0.0028316329699],
        "mean": [1.10168552399, 3.96352362633, 4.8022274971, 5.14079093933, 7.36428403854, 25.3756828308, 26.1286506653, 7.24810171127, 11.5629339218, 33.6644363403, 23.5533809662, 9.52656745911, 16.1288299561, 17.3425483704, 15.114815712, 47.546497345, 11.5547237396, 5.92218637466, 3.66667628288, 5.78716945648, 9.45382404327, 10.3646850586, 8.79670333862, 10.5331687927, 6.94469451904, 8.65029716492, 11.4857721329, 9.41382217407, 10.613740921, 9.1882648468, 4.22285223007, 2.41858196259, 2.40040016174, 1.86984932423, 0.804205834866, 0.337406277657, 0.0999554917216, 0.0223574638367, 0.00198135152459, 9.0483292297e-05],
        "median": [0.0874602794647, 0.26720944047, 0.609664201736, 1.20710813999, 1.26900291443, 2.84190821648, 1.95500981808, 1.19379842281, 1.08722257614, 2.51064276695, 1.72497534752, 1.25792944431, 1.2919729948, 1.22902536392, 1.77667844296, 2.35314154625, 1.82008695602, 1.54095447063, 1.58804750443, 1.51289021969, 1.82685911655, 2.430123806, 2.09532356262, 1.4661501646, 1.09227240086, 0.570627629757, 0.376486808062, 0.27251547575, 0.201663419604, 0.105795651674, 0.0832389593124, 0.079104796052, 0.0459918156266, 0.0257367994636, 0.008933076635, 0.00257446826436, 0.00102275749668, 0.000259040622041, 4.93209154229e-05, 8.22435322334e-05],
        "min": [2.0309374204e-22, 1.17474752722e-21, 4.03500560729e-21, 1.36540328801e-20, 3.10562085238e-20, 1.73969266011e-20, 4.73122365715e-20, 4.60946557904e-20, 1.18587016609e-19, 1.28548985371e-19, 4.85116251952e-19, 4.22509045189e-19, 3.07887248093e-19, 9.63583522744e-19, 1.22571726566e-18, 1.01618486847e-18, 2.23203231846e-18, 2.52325159287e-18, 2.45872923034e-18, 3.69457242747e-18, 4.5859616943e-18, 4.89135222696e-18, 7.25739483569e-18, 8.25765223807e-18, 7.31760696684e-18, 1.02260451381e-17, 1.02322589189e-17, 9.6649006998e-18, 1.09257348844e-17, 9.8418867452e-18, 1.32642505767e-17, 1.19185211915e-17, 1.2029140882e-17, 6.79169876826e-18, 6.31701786503e-18, 4.33389784137e-18, 2.34405924997e-18, 9.68282839201e-19, 2.68616409073e-19, 3.02833601066e-20],
        "var": [2.28694844246, 53.0694198608, 102.160209656, 144.056335449, 824.110229492, 3071.91430664, 2871.45678711, 416.365631104, 2618.54907227, 9364.87890625, 3558.61401367, 616.20300293, 2389.64746094, 2647.79638672, 2651.05029297, 33650.8359375, 843.127197266, 265.612304688, 39.4252281189, 232.044082642, 578.329284668, 995.429870605, 512.086364746, 2412.13769531, 291.69354248, 496.897521973, 841.890625, 494.362915039, 843.812011719, 833.646118164, 91.1540298462, 51.9383430481, 38.6532745361, 29.2886333466, 4.91086387634, 1.08494496346, 0.121988810599, 0.00659956783056, 0.000100777768239, 1.89301925246e-08]
    },
    "gfcc": {
        "mean": [-118.432319641, 102.754188538, -75.8342056274, 28.9163742065, -40.5611114502, 8.1782207489, -24.9549331665, 4.94761228561, -18.2316970825, -0.459676474333, -7.06037807465, 3.53497004509, -4.62043714523],
        "cov": [[34868.6054688, -2605.55834961, -5950.78955078, 28.8687343597, -3300.67016602, -428.638793945, -1595.71813965, -61.4395370483, -1287.11779785, -38.6815757751, -556.707214355, 305.848388672, -487.557769775], [-2605.55834961, 6526.75537109, 1868.03234863, -387.377716064, 2167.11450195, -281.230651855, 788.431274414, -338.391723633, 665.673156738, -446.142303467, 497.079162598, -458.869628906, 406.943481445], [-5950.78955078, 1868.03234863, 2968.91333008, 372.032073975, 1351.66125488, 287.723968506, 487.808441162, 34.6494140625, 413.222137451, -80.353553772, 119.747879028, -60.1468467712, 111.155197144], [28.8687343597, -387.377716064, 372.032073975, 678.549133301, 120.732124329, 170.074935913, 41.4839286804, 64.1230163574, -28.3571605682, -26.7864971161, -25.2596435547, 148.569976807, -12.0894908905], [-3300.67016602, 2167.11450195, 1351.66125488, 120.732124329, 1365.32702637, 159.92855835, 506.127349854, -45.0106697083, 364.299530029, -149.992233276, 212.335494995, -58.2895774841, 164.746505737], [-428.638793945, -281.230651855, 287.723968506, 170.074935913, 159.92855835, 371.044891357, 110.479667664, 90.74559021, -16.6678962708, 0.974465966225, -13.9452733994, 74.863067627, 18.6533184052], [-1595.71813965, 788.431274414, 487.808441162, 41.4839286804, 506.127349854, 110.479667664, 377.418487549, 23.3548946381, 170.75680542, -27.4791927338, 116.079277039, -46.7413711548, 84.615272522], [-61.4395370483, -338.391723633, 34.6494140625, 64.1230163574, -45.0106697083, 90.74559021, 23.3548946381, 226.251358032, 70.9287261963, 51.9365768433, -14.604391098, -24.7024536133, -8.02061271667], [-1287.11779785, 665.673156738, 413.222137451, -28.3571605682, 364.299530029, -16.6678962708, 170.75680542, 70.9287261963, 312.39553833, 46.8890609741, 101.086410522, -85.7667770386, 24.9173755646], [-38.6815757751, -446.142303467, -80.353553772, -26.7864971161, -149.992233276, 0.974465966225, -27.4791927338, 51.9365768433, 46.8890609741, 166.092132568, 15.3189268112, 3.71178722382, -76.2355651855], [-556.707214355, 497.079162598, 119.747879028, -25.2596435547, 212.335494995, -13.9452733994, 116.079277039, -14.604391098, 101.086410522, 15.3189268112, 146.802871704, -34.7833518982, 44.2304649353], [305.848388672, -458.869628906, -60.1468467712, 148.569976807, -58.2895774841, 74.863067627, -46.7413711548, -24.7024536133, -85.7667770386, 3.71178722382, -34.7833518982, 174.707550049, -18.7555370331], [-487.557769775, 406.943481445, 111.155197144, -12.0894908905, 164.746505737, 18.6533184052, 84.615272522, -8.02061271667, 24.9173755646, -76.2355651855, 44.2304649353, -18.7555370331, 144.223358154]],
        "icov": [[6.68654829497e-05, -0.000130167216412, 0.000131253167638, -0.000104304104752, 0.000141571261338, -0.000115896793432, 0.000116772054753, -0.000117673502245, 8.32422447274e-05, -5.97598627792e-05, 0.000118600706628, -0.000130379921757, 0.000162344687851], [-0.000130167216412, 0.0010115604382, -0.000314880540827, 0.000402998091886, -0.0010486812098, 0.000668681808747, -0.000216459389776, 0.000857923878357, -0.000508634548169, 0.00137678545434, -0.00111602374818, 0.00131624075584, -0.000402612407925], [0.000131253167638, -0.000314880540827, 0.00100641453173, -0.000563933339436, -0.000453284330433, -0.000494676351082, 0.000348993635271, -8.23790833238e-05, -4.95949316246e-05, -0.000740102899726, 0.00105548475403, 0.000133905690745, 0.000192757666809], [-0.000104304104752, 0.000402998091886, -0.000563933339436, 0.00249321293086, -0.000271003111266, 0.000115251030365, -0.000360741716577, -0.000627301051281, -5.66903217987e-05, 0.00141078105662, -0.000860261905473, -0.00158022437245, 0.000439180526882], [0.000141571261338, -0.0010486812098, -0.000453284330433, -0.000271003111266, 0.0046448726207, -0.00144566677045, -0.00161456293426, 0.000204013602342, -0.00198665773496, 0.00193027558271, -0.000787839933764, -0.00223627942614, 0.000918308913242], [-0.000115896793432, 0.000668681808747, -0.000494676351082, 0.000115251030365, -0.00144566677045, 0.00523940520361, -0.00158822897356, -0.00181573198643, 0.00182247092016, -0.000336737837642, 0.000184362957953, -0.000859577616211, -0.000744264980312], [0.000116772054753, -0.000216459389776, 0.000348993635271, -0.000360741716577, -0.00161456293426, -0.00158822897356, 0.00675284909084, -0.000293119170237, -0.00042591165402, -0.00096121057868, -0.00139888783451, 0.000975716742687, -0.00110073643737], [-0.000117673502245, 0.000857923878357, -8.23790833238e-05, -0.000627301051281, 0.000204013602342, -0.00181573198643, -0.000293119170237, 0.00813663285226, -0.00355992047116, -6.51854425087e-05, 0.000819758453872, 0.003144627437, -0.00144323857967], [8.32422447274e-05, -0.000508634548169, -4.95949316246e-05, -5.66903217987e-05, -0.00198665773496, 0.00182247092016, -0.00042591165402, -0.00355992047116, 0.0093324072659, -0.00472293514758, -0.000599718710873, 0.00105593644548, 4.7979367082e-05], [-5.97598627792e-05, 0.00137678545434, -0.000740102899726, 0.00141078105662, 0.00193027558271, -0.000336737837642, -0.00096121057868, -6.51854425087e-05, -0.00472293514758, 0.015965808183, -0.00650922721252, -0.000501332629938, 0.00618724990636], [0.000118600706628, -0.00111602374818, 0.00105548475403, -0.000860261905473, -0.000787839933764, 0.000184362957953, -0.00139888783451, 0.000819758453872, -0.000599718710873, -0.00650922721252, 0.0144206481054, -0.000293220713502, -0.00339102488942], [-0.000130379921757, 0.00131624075584, 0.000133905690745, -0.00158022437245, -0.00223627942614, -0.000859577616211, 0.000975716742687, 0.003144627437, 0.00105593644548, -0.000501332629938, -0.000293220713502, 0.0114918826148, -0.000985291902907], [0.000162344687851, -0.000402612407925, 0.000192757666809, 0.000439180526882, 0.000918308913242, -0.000744264980312, -0.00110073643737, -0.00144323857967, 4.7979367082e-05, 0.00618724990636, -0.00339102488942, -0.000985291902907, 0.0122936712578]]
    },
    "melbands": {
        "dmean": [0.0027859096881, 0.00177691830322, 0.000905082677491, 0.0011268327944, 0.000723463075701, 0.000180090893991, 0.000189858634258, 0.000193757776287, 9.49847672018e-05, 5.01173381053e-05, 6.89381922712e-05, 4.57646565337e-05, 3.15266188409e-05, 4.83365292894e-05, 4.70124796266e-05, 9.74347767624e-06, 8.08142704045e-06, 4.01313036491e-06, 5.23477183378e-06, 5.92899232288e-06, 8.46990587888e-06, 9.63494039752e-06, 6.46510079605e-06, 5.02000875713e-06, 5.59061572858e-06, 2.87017360279e-06, 2.84610155177e-06, 3.89889282815e-06, 4.86112867293e-06, 4.26981659984e-06, 3.3590467865e-06, 3.84238819606e-06, 4.6572190513e-06, 3.07008349409e-06, 1.48337881001e-06, 1.09361985778e-06, 9.49105867676e-07, 9.27112978388e-07, 1.00224576727e-06, 6.93404160756e-07],
        "dmean2": [0.00404214300215, 0.00247778743505, 0.00153739668895, 0.00206558522768, 0.00123145233374, 0.000323549029417, 0.000334935321007, 0.000301120278891, 0.000154759793077, 8.59734791447e-05, 0.000110055581899, 7.44992212276e-05, 5.08159137098e-05, 7.86907839938e-05, 7.92141217971e-05, 1.6790419977e-05, 1.36647031468e-05, 6.82844620314e-06, 8.85559893504e-06, 1.0323301467e-05, 1.48800781972e-05, 1.68775659404e-05, 1.04841692519e-05, 8.2996157289e-06, 8.90570754564e-06, 4.43095404989e-06, 3.8554371713e-06, 5.68495988773e-06, 7.96790754976e-06, 6.78417609379e-06, 5.12221731697e-06, 5.92369769947e-06, 7.56647841627e-06, 4.99628959005e-06, 2.29762349591e-06, 1.63579966284e-06, 1.47313608068e-06, 1.47260834638e-06, 1.64195455454e-06, 1.04880302843e-06],
        "dvar": [2.13299354073e-05, 1.73796015588e-05, 6.22161678621e-06, 1.24482057799e-05, 2.32838783631e-06, 3.28557291596e-07, 6.13300983332e-07, 2.84466381117e-07, 7.62669927212e-08, 1.84012396431e-08, 4.66128966536e-08, 1.94915692475e-08, 1.09569917583e-08, 1.8754017006e-08, 2.16566249378e-08, 8.15201905979e-10, 1.10166575862e-09, 7.10390149483e-11, 2.28032259741e-10, 4.33306113212e-10, 6.79393596936e-10, 1.05524500249e-09, 1.04318576e-09, 1.66672953217e-10, 4.23248686099e-10, 4.60991453344e-11, 5.68359317943e-11, 1.14665513196e-10, 2.26212520937e-10, 2.02445546438e-10, 8.02631641705e-11, 1.19584633862e-10, 3.26504073778e-10, 8.76728620258e-11, 1.31414471319e-11, 1.3063268349e-11, 1.99877024654e-11, 1.09662782327e-11, 9.86583471169e-12, 4.73289853489e-12],
        "dvar2": [4.78889669466e-05, 3.38285499311e-05, 1.57995327754e-05, 3.58461365977e-05, 6.06896810496e-06, 9.20570982998e-07, 1.64351149579e-06, 6.09017888564e-07, 1.93910693724e-07, 4.89776184054e-08, 1.23694505305e-07, 4.66483491834e-08, 2.24254144143e-08, 4.51989414785e-08, 5.58780222093e-08, 2.47514053697e-09, 2.83746159901e-09, 1.84450843488e-10, 6.30762830856e-10, 1.22993770724e-09, 1.9565336018e-09, 3.05228309294e-09, 2.61713006822e-09, 4.22768431374e-10, 8.3923473726e-10, 8.89067708343e-11, 8.84022438585e-11, 2.38534358932e-10, 5.82196402199e-10, 5.05150865582e-10, 1.65069666269e-10, 2.61426408299e-10, 8.18408785186e-10, 2.22741380895e-10, 2.80867568786e-11, 3.17379490744e-11, 5.03694655429e-11, 2.72658440964e-11, 2.61212388525e-11, 1.13459892523e-11],
        "max": [0.0399195067585, 0.0396244749427, 0.0197466239333, 0.0296692755073, 0.0157397389412, 0.00920675881207, 0.0112702893093, 0.00768490228802, 0.00497145019472, 0.00212229648605, 0.00348943821155, 0.00219207280315, 0.00334975752048, 0.00284586893395, 0.00311854598112, 0.00080161052756, 0.00135262054391, 0.000304273882648, 0.000275790196611, 0.000775989610702, 0.000400156248361, 0.000816169078462, 0.00173989392351, 0.000247986230534, 0.00145952845924, 0.000145645666635, 0.000404856837122, 0.000484849879285, 0.000425151112722, 0.000253136095125, 0.000166126701515, 0.000142269796925, 0.000291174568702, 0.000131393680931, 5.57964776817e-05, 8.53886522236e-05, 0.000108593325422, 6.17041441728e-05, 6.12558651483e-05, 4.24515455961e-05],
        "mean": [0.00845734961331, 0.0035731208045, 0.000919884536415, 0.00107434112579, 0.00113174016587, 0.000163783304743, 0.000171000414412, 0.000419090531068, 0.000160334981047, 5.3917086916e-05, 8.39140921016e-05, 7.38993330742e-05, 4.90111960971e-05, 9.13958574529e-05, 8.70711519383e-05, 1.15834372991e-05, 1.09838956632e-05, 5.73548913962e-06, 6.93223000781e-06, 8.161927326e-06, 1.2187608263e-05, 1.14764834507e-05, 8.61644002725e-06, 7.60042485126e-06, 9.04622447706e-06, 4.64457525595e-06, 5.02690363646e-06, 6.06604044151e-06, 7.06308674125e-06, 6.8329345595e-06, 5.00855685459e-06, 5.75277590542e-06, 6.78021115164e-06, 4.01803254135e-06, 2.51041365118e-06, 1.71939075244e-06, 1.40346764965e-06, 1.50200105509e-06, 2.08169853977e-06, 1.38242921821e-06],
        "median": [0.000904248328879, 0.000429390871432, 0.000188344289199, 0.000138301038533, 8.36208419059e-05, 2.5294808438e-05, 1.27938574224e-05, 2.74644698948e-05, 1.18861571536e-05, 5.14407565788e-06, 5.89576757193e-06, 4.57182204627e-06, 4.61787612949e-06, 5.90829813518e-06, 5.35626895726e-06, 2.83050894723e-06, 2.49483809966e-06, 2.2437016014e-06, 1.91190360965e-06, 1.73964497208e-06, 1.9418030206e-06, 2.29091460824e-06, 1.78452717137e-06, 1.34569586407e-06, 1.09005520699e-06, 7.83054986186e-07, 5.41069368865e-07, 3.07105835873e-07, 2.14408913735e-07, 1.90864554384e-07, 1.43527557839e-07, 1.07615711897e-07, 7.74832642492e-08, 5.09250384084e-08, 4.86104489994e-08, 4.74120156468e-08, 4.34296119067e-08, 3.2332909683e-08, 2.65031143698e-08, 1.84206943032e-08],
        "min": [2.98296529763e-24, 2.48930837049e-24, 4.32451418318e-24, 1.11663054058e-24, 2.48170749845e-24, 9.51838187733e-25, 1.47225160045e-24, 1.26477092719e-24, 4.11300598056e-24, 2.63591639478e-24, 1.06116849135e-24, 3.45866282019e-24, 3.03827963266e-24, 3.26980991391e-24, 3.03163328232e-24, 3.28153475354e-24, 3.34549717346e-24, 3.71956397066e-24, 4.33597317669e-24, 5.08262923462e-24, 5.72362605176e-24, 4.48698560863e-24, 6.43385882398e-24, 5.08923673356e-24, 5.66880297986e-24, 5.1331183047e-24, 3.57207971912e-24, 6.31217111289e-24, 4.68583693246e-24, 5.99417773212e-24, 4.5733004023e-24, 4.75915366499e-24, 3.82742649996e-24, 6.04541937551e-24, 6.45055900934e-24, 6.25053977695e-24, 7.21533677999e-24, 5.88165934577e-24, 6.94668940985e-24, 4.86136716134e-24],
        "var": [0.000110994602437, 4.61209019704e-05, 5.44837803318e-06, 8.1458083514e-06, 5.50046979697e-06, 2.26338073617e-07, 5.78772073823e-07, 1.53225448685e-06, 1.59914975484e-07, 2.20177849286e-08, 6.92111541412e-08, 5.15410398805e-08, 2.61679780067e-08, 9.43989135749e-08, 1.03467343138e-07, 9.00927166203e-10, 1.16965603869e-09, 1.07845052333e-10, 3.41517897295e-10, 6.21081408525e-10, 1.0021234953e-09, 9.41987154945e-10, 1.85912174544e-09, 3.02134484098e-10, 2.33528729687e-09, 1.06103507924e-10, 1.95330737696e-10, 3.07520814369e-10, 3.61662949588e-10, 2.81471707053e-10, 1.67502109405e-10, 2.30350891139e-10, 5.57250301458e-10, 1.35536581958e-10, 3.30176927466e-11, 1.94715320256e-11, 2.11592895982e-11, 1.70765866725e-11, 3.40020997469e-11, 1.75746136394e-11]
    },
    "mfcc": {
        "mean": [-759.672973633, 132.016464233, 25.9599266052, 29.010471344, 11.077545166, 9.11567401886, 7.21272850037, 7.55730628967, 1.24146509171, -1.78325271606, 0.528162539005, 5.17107772827, 2.16207909584],
        "cov": [[23548.109375, -2560.67651367, -3527.47119141, -707.527404785, -2066.36108398, -1077.83654785, -775.545349121, -538.65020752, -749.524780273, -1011.01599121, -621.769287109, -56.8213539124, -254.123703003], [-2560.67651367, 6086.15283203, 877.310546875, 570.345275879, 1108.42993164, 471.461486816, 419.187011719, 264.326019287, 162.916397095, 242.519439697, 46.856754303, 7.77547836304, 9.98664283752], [-3527.47119141, 877.310546875, 1598.37524414, 410.187835693, 636.296813965, 378.514404297, 219.993408203, 217.480072021, 202.511535645, 198.118301392, 131.255065918, -28.3322105408, 57.1019020081], [-707.527404785, 570.345275879, 410.187835693, 555.535888672, 324.736206055, 195.527893066, 64.7116546631, 162.007415771, 30.7946395874, 2.88557100296, 40.4662818909, 31.0716533661, 53.6808776855], [-2066.36108398, 1108.42993164, 636.296813965, 324.736206055, 672.988220215, 301.235168457, 178.904388428, 240.611328125, 142.043930054, 129.737030029, 70.2442550659, 6.46630764008, 80.9368743896], [-1077.83654785, 471.461486816, 378.514404297, 195.527893066, 301.235168457, 391.101348877, 164.190093994, 175.107437134, 63.8368530273, 9.55867290497, 45.2585449219, 2.47445511818, 88.3390197754], [-775.545349121, 419.187011719, 219.993408203, 64.7116546631, 178.904388428, 164.190093994, 280.870422363, 136.885574341, 91.9430618286, 52.290763855, -3.12894558907, -4.38233375549, 13.9920978546], [-538.65020752, 264.326019287, 217.480072021, 162.007415771, 240.611328125, 175.107437134, 136.885574341, 246.262619019, 99.6356582642, 45.1262283325, 18.2994232178, -25.8656826019, 33.6499481201], [-749.524780273, 162.916397095, 202.511535645, 30.7946395874, 142.043930054, 63.8368530273, 91.9430618286, 99.6356582642, 160.42829895, 114.54044342, 36.7696914673, 5.67692899704, 19.4226417542], [-1011.01599121, 242.519439697, 198.118301392, 2.88557100296, 129.737030029, 9.55867290497, 52.290763855, 45.1262283325, 114.54044342, 199.258773804, 114.247245789, 30.2537059784, 13.7881736755], [-621.769287109, 46.856754303, 131.255065918, 40.4662818909, 70.2442550659, 45.2585449219, -3.12894558907, 18.2994232178, 36.7696914673, 114.247245789, 166.848220825, 71.6176147461, 48.4666213989], [-56.8213539124, 7.77547836304, -28.3322105408, 31.0716533661, 6.46630764008, 2.47445511818, -4.38233375549, -25.8656826019, 5.67692899704, 30.2537059784, 71.6176147461, 129.852981567, 59.8827476501], [-254.123703003, 9.98664283752, 57.1019020081, 53.6808776855, 80.9368743896, 88.3390197754, 13.9920978546, 33.6499481201, 19.4226417542, 13.7881736755, 48.4666213989, 59.8827476501, 109.822593689]],
