{
"lowlevel": {
    "average_loudness": 0.903519570827,
    "barkbands_crest": {
        "dmean": 2.53877973557,
        "dmean2": 3.97288370132,
        "dvar": 10.376376152,
        "dvar2": 19.1707763672,
        "max": 25.9241657257,
        "mean": 13.4157934189,
        "median": 11.1782903671,
        "min": 2.20715641975,
        "var": 60.7995223999
    },
    "barkbands_flatness_db": {
        "dmean": 0.0257069189101,
        "dmean2": 0.0370714440942,
        "dvar": 0.000855779566336,
        "dvar2": 0.00140075117815,
        "max": 0.536243379116,
        "mean": 0.138524755836,
        "median": 0.121817663312,
        "min": 0.00994472112507,
        "var": 0.00593196647242
    },
    "barkbands_kurtosis": {
        "dmean": 9.09574127197,
        "dmean2": 13.0187959671,
        "dvar": 794.567260742,
        "dvar2": 1653.27050781,
        "max": 1235.62023926,
        "mean": 15.6360082626,
        "median": 2.29672908783,
        "min": -1.9393632412,
        "var": 1628.27099609
    },
    "barkbands_skewness": {
        "dmean": 0.944839894772,
        "dmean2": 1.25968754292,
        "dvar": 1.38258123398,
        "dvar2": 2.37609124184,
        "max": 26.8994064331,
        "mean": 2.4400498867,
        "median": 1.39229309559,
        "min": -3.85791420937,
        "var": 9.09531974792
    },
    "barkbands_spread": {
        "dmean": 9.08161735535,
        "dmean2": 13.277797699,
        "dvar": 132.572967529,
        "dvar2": 244.89642334,
        "max": 117.001815796,
        "mean": 31.9458694458,
        "median": 29.3390903473,
        "min": 0.107548996806,
        "var": 525.664123535
    },
    "dissonance": {
        "dmean": 0.00727252103388,
        "dmean2": 0.0120546035469,
        "dvar": 7.04699632479e-05,
        "dvar2": 0.000174550150405,
        "max": 0.500000238419,
        "mean": 0.490529090166,
        "median": 0.493856340647,
        "min": 0.315475463867,
        "var": 0.000107848107291
    },
    "dynamic_complexity": 1.79533338547,
    "erbbands_crest": {
        "dmean": 1.95906674862,
        "dmean2": 3.35415029526,
        "dvar": 3.15042114258,
        "dvar2": 8.74714374542,
        "max": 22.9981212616,
        "mean": 6.73387384415,
        "median": 6.24019193649,
        "min": 2.17668390274,
        "var": 6.14646863937
    },
    "erbbands_flatness_db": {
        "dmean": 0.0140794655308,
        "dmean2": 0.0219160225242,
        "dvar": 0.000229816097999,
        "dvar2": 0.000479375419673,
        "max": 0.421142429113,
        "mean": 0.122205108404,
        "median": 0.107031546533,
        "min": 0.0442493632436,
        "var": 0.00379523821175
    },
    "erbbands_kurtosis": {
        "dmean": 1.08931207657,
        "dmean2": 1.67849385738,
        "dvar": 1.67594599724,
        "dvar2": 4.22950267792,
        "max": 24.9826068878,
        "mean": 0.802584707737,
        "median": 0.353867769241,
        "min": -1.79381275177,
        "var": 4.19149160385
    },
    "erbbands_skewness": {
        "dmean": 0.367984622717,
        "dmean2": 0.551531791687,
        "dvar": 0.107063524425,
        "dvar2": 0.257497251034,
        "max": 2.78284502029,
        "mean": -0.471265554428,
        "median": -0.53879994154,
        "min": -3.29464530945,
        "var": 0.433424323797
    },
    "erbbands_spread": {
        "dmean": 12.4645862579,
        "dmean2": 18.1969528198,
        "dvar": 201.1587677,
        "dvar2": 434.325561523,
        "max": 179.266174316,
        "mean": 49.5018196106,
        "median": 43.3475379944,
        "min": 2.27028107643,
        "var": 826.904296875
    },
    "hfc": {
        "dmean": 21.0339298248,
        "dmean2": 31.7698059082,
        "dvar": 1378.4543457,
        "dvar2": 3226.80200195,
        "max": 344.709716797,
        "mean": 42.0345115662,
        "median": 30.0999603271,
        "min": 1.15053080796e-16,
        "var": 1763.96887207
    },
    "melbands_crest": {
        "dmean": 3.27070045471,
        "dmean2": 4.8978843689,
        "dvar": 14.4899148941,
        "dvar2": 27.8402004242,
        "max": 39.2289924622,
        "mean": 20.9120674133,
        "median": 19.1326065063,
        "min": 2.20351552963,
        "var": 115.338020325
    },
    "melbands_flatness_db": {
        "dmean": 0.0332249030471,
        "dmean2": 0.0456764400005,
        "dvar": 0.00122881960124,
        "dvar2": 0.00189480755944,
        "max": 0.671809494495,
        "mean": 0.197580605745,
        "median": 0.168306544423,
        "min": 0.00428609736264,
        "var": 0.0102599589154
    },
    "melbands_kurtosis": {
        "dmean": 32.9380989075,
        "dmean2": 48.5929298401,
        "dvar": 6013.56103516,
        "dvar2": 12657.9306641,
        "max": 1563.58935547,
        "mean": 68.942565918,
        "median": 11.6844339371,
        "min": -1.86711478233,
        "var": 16857.1035156
    },
    "melbands_skewness": {
        "dmean": 1.53284966946,
        "dmean2": 2.13914370537,
        "dvar": 4.0994143486,
        "dvar2": 7.14289474487,
        "max": 30.6538581848,
        "mean": 5.35752916336,
        "median": 3.26165437698,
        "min": -2.83349776268,
        "var": 27.198431015
    },
    "melbands_spread": {
        "dmean": 12.0278110504,
        "dmean2": 17.3034877777,
        "dvar": 259.191680908,
        "dvar2": 509.907745361,
        "max": 211.641967773,
        "mean": 32.6706466675,
        "median": 21.8873558044,
        "min": 0.143025025725,
        "var": 943.462646484
    },
    "pitch_salience": {
        "dmean": 0.0797287374735,
        "dmean2": 0.123783603311,
        "dvar": 0.0101102590561,
        "dvar2": 0.018670713529,
        "max": 0.994545996189,
        "mean": 0.466815382242,
        "median": 0.56072807312,
        "min": 0.0091391177848,
        "var": 0.0637542903423
    },
    "silence_rate_20dB": {
        "dmean": 0,
        "dmean2": 0,
        "dvar": 0,
        "dvar2": 0,
        "max": 1,
        "mean": 1,
        "median": 1,
        "min": 1,
        "var": 0
    },
    "silence_rate_30dB": {
        "dmean": 0.0631868168712,
        "dmean2": 0.126382768154,
        "dvar": 0.0591885223985,
        "dvar2": 0.117502950132,
        "max": 1,
        "mean": 0.846454143524,
        "median": 1,
        "min": 0,
        "var": 0.129959255457
    },
    "silence_rate_60dB": {
        "dmean": 0.00477154413238,
        "dmean2": 0.00954377837479,
        "dvar": 0.00474889064208,
        "dvar2": 0.0119113922119,
        "max": 1,
        "mean": 0.00787970796227,
        "median": 0,
        "min": 0,
        "var": 0.00781696662307
    },
    "spectral_centroid": {
        "dmean": 322.671661377,
        "dmean2": 479.60244751,
        "dvar": 117614.890625,
        "dvar2": 260064.546875,
        "max": 11276.2548828,
        "mean": 2365.44165039,
        "median": 2438.98510742,
        "min": 114.991073608,
        "var": 483431.59375
    },
    "spectral_complexity": {
        "dmean": 5.85280513763,
        "dmean2": 8.51681041718,
        "dvar": 33.4574661255,
        "dvar2": 59.2058334351,
        "max": 62,
        "mean": 28.1192073822,
        "median": 28,
        "min": 0,
        "var": 182.770782471
    },
    "spectral_decrease": {
        "dmean": 3.86499543481e-09,
        "dmean2": 5.61614266203e-09,
        "dvar": 4.40206298323e-17,
        "dvar2": 7.25623082713e-17,
        "max": 2.45374985356e-29,
        "mean": -1.36398963235e-08,
        "median": -8.34165181374e-09,
        "min": -6.59797976255e-08,
        "var": 1.55514507962e-16
    },
    "spectral_energy": {
        "dmean": 0.0154883330688,
        "dmean2": 0.0227011237293,
        "dvar": 0.000669569475576,
        "dvar2": 0.00112171913497,
        "max": 0.253323376179,
        "mean": 0.0552927330136,
        "median": 0.0368829518557,
        "min": 1.04951157469e-20,
        "var": 0.00224779639393
    },
    "spectral_energyband_high": {
        "dmean": 0.00210576644167,
        "dmean2": 0.0031933740247,
        "dvar": 1.67358921317e-05,
        "dvar2": 3.93236769014e-05,
        "max": 0.0399430431426,
        "mean": 0.00332978414372,
        "median": 0.00182670843787,
        "min": 7.63369767526e-21,
        "var": 2.01956227102e-05
    },
    "spectral_energyband_low": {
        "dmean": 0.0141464583576,
        "dmean2": 0.0199687313288,
        "dvar": 0.00066648988286,
        "dvar2": 0.00115776713938,
        "max": 0.247098892927,
        "mean": 0.0413495860994,
        "median": 0.0175068750978,
        "min": 8.42469494203e-23,
        "var": 0.00238881749101
    },
    "spectral_energyband_middle_high": {
        "dmean": 0.00245344778523,
        "dmean2": 0.00382884265855,
        "dvar": 8.64216599439e-06,
        "dvar2": 2.03686013265e-05,
        "max": 0.0324037373066,
        "mean": 0.00609997380525,
        "median": 0.0047215865925,
        "min": 1.44980052995e-21,
        "var": 2.5464421924e-05
    },
    "spectral_energyband_middle_low": {
        "dmean": 0.00410303706303,
        "dmean2": 0.00708500249311,
        "dvar": 0.000116258270282,
        "dvar2": 0.000330907874741,
        "max": 0.0904497355223,
        "mean": 0.00531364418566,
        "median": 0.00293860514648,
        "min": 2.77484183683e-22,
        "var": 8.33076337585e-05
    },
    "spectral_entropy": {
        "dmean": 0.123094283044,
        "dmean2": 0.175799027085,
        "dvar": 0.0153488237411,
        "dvar2": 0.0322162397206,
        "max": 9.80428123474,
        "mean": 8.08336734772,
        "median": 8.0921792984,
        "min": 6.42945432663,
        "var": 0.057177118957
    },
    "spectral_flux": {
        "dmean": 0.0336642339826,
        "dmean2": 0.050617583096,
        "dvar": 0.00311178271659,
        "dvar2": 0.00600922340527,
        "max": 0.495877623558,
        "mean": 0.101248688996,
        "median": 0.0856077745557,
        "min": 6.79921258184e-11,
        "var": 0.00467981677502
    },
    "spectral_kurtosis": {
        "dmean": 0.879616320133,
        "dmean2": 1.35897433758,
        "dvar": 1.10490572453,
        "dvar2": 2.76710915565,
        "max": 43.8259849548,
        "mean": 2.93784713745,
        "median": 2.79973888397,
        "min": -1.19136345387,
        "var": 2.56416726112
    },
    "spectral_rms": {
        "dmean": 0.000959352590144,
        "dmean2": 0.0014093167847,
        "dvar": 1.66509903465e-06,
        "dvar2": 2.73757905234e-06,
        "max": 0.0157208386809,
        "mean": 0.0067648421973,
        "median": 0.0059986137785,
        "min": 3.19986528594e-12,
        "var": 8.18076114228e-06
    },
    "spectral_rolloff": {
        "dmean": 792.35369873,
        "dmean2": 1220.52392578,
        "dvar": 1802921,
        "dvar2": 3305688.75,
        "max": 18776.953125,
        "mean": 2203.04003906,
        "median": 1722.65625,
        "min": 21.533203125,
        "var": 5417999
    },
    "spectral_skewness": {
        "dmean": 0.172771200538,
        "dmean2": 0.259300380945,
        "dvar": 0.0277068745345,
        "dvar2": 0.065823122859,
        "max": 4.62518692017,
        "mean": 1.25560820103,
        "median": 1.25573027134,
        "min": 0.00239244499244,
        "var": 0.08177819103
    },
    "spectral_spread": {
        "dmean": 703272.8125,
        "dmean2": 1023898.8125,
        "dvar": 814607499264,
        "dvar2": 1.62333589504e+12,
        "max": 41001044,
        "mean": 5499513,
        "median": 5353950.5,
        "min": 1251514.875,
        "var": 2.8599779328e+12
    },
    "spectral_strongpeak": {
        "dmean": 0.307040691376,
        "dmean2": 0.532209694386,
        "dvar": 0.502688527107,
        "dvar2": 1.465898633,
        "max": 10.1219758987,
        "mean": 0.652137517929,
        "median": 0.465582370758,
        "min": 0,
        "var": 0.670136332512
    },
    "zerocrossingrate": {
        "dmean": 0.0172739736736,
        "dmean2": 0.0184259712696,
        "dvar": 0.000406994542573,
        "dvar2": 0.000445559271611,
        "max": 0.67236328125,
        "mean": 0.0810094028711,
        "median": 0.0654296875,
        "min": 0.001953125,
        "var": 0.00345466611907
    },
    "barkbands": {
        "dmean": [0.000935972901061, 0.0132097890601, 0.0022268507164, 0.00195301219355, 0.00168266135734, 0.00049974466674, 0.000389365421142, 0.000283054163447, 0.000249257456744, 0.000266194721917, 0.000402792938985, 0.000330102222506, 0.000298955739709, 0.000326134206261, 0.0004295501858, 0.000674546055961, 0.00065870967228, 0.000450861320132, 0.000426766375313, 0.000340337923262, 0.000309620285407, 0.000269396114163, 0.000672388297971, 0.000435935216956, 0.000286914553726, 0.000243860529736, 3.47780296579e-05],
        "dmean2": [0.00145198835526, 0.0190070252866, 0.00393565511331, 0.00357659417205, 0.00293547962792, 0.00081964652054, 0.000643183360808, 0.000466559722554, 0.000396665243898, 0.000432743458077, 0.000682216254063, 0.000548339448869, 0.000486064731376, 0.000512930797413, 0.000678599928506, 0.00117724877782, 0.00111528881826, 0.000718948547728, 0.000668762135319, 0.000518868269864, 0.000483574694954, 0.000413740519434, 0.00104938121513, 0.000684318947606, 0.000459779548692, 0.000373241171474, 5.12173392053e-05],
        "dvar": [3.02796706819e-06, 0.000681427714881, 3.9618666051e-05, 3.54958865501e-05, 1.9418381271e-05, 8.67617075073e-07, 4.061871266e-07, 2.01114531251e-07, 1.71866389564e-07, 2.0811690149e-07, 9.67267396845e-07, 2.22120888793e-07, 2.53681861295e-07, 2.96033988434e-07, 4.75943863876e-07, 1.21819789456e-06, 1.22143035242e-06, 4.1661172645e-07, 2.97074933542e-07, 2.20887343971e-07, 1.86164484717e-07, 1.69815308482e-07, 2.70259943136e-06, 1.05770254777e-06, 4.44624191687e-07, 2.20734150957e-07, 4.02940969479e-09],
        "dvar2": [7.60187367632e-06, 0.00131391291507, 0.000111646979349, 0.000101345176517, 5.36526822543e-05, 2.21774666898e-06, 1.08761616957e-06, 5.32717137958e-07, 4.30749224734e-07, 5.32836622824e-07, 2.62506205218e-06, 5.66363780763e-07, 6.48965055916e-07, 7.44549140563e-07, 1.10436496925e-06, 3.43211127074e-06, 3.54685130333e-06, 1.08054950942e-06, 7.02583690781e-07, 5.00054227359e-07, 4.41976908405e-07, 4.05180003327e-07, 6.39808240521e-06, 2.56935754805e-06, 1.08999017812e-06, 5.24393669821e-07, 8.98739926924e-09],
        "max": [0.0362706370652, 0.233672946692, 0.0733029991388, 0.068525120616, 0.0501624532044, 0.00967538449913, 0.00625780876726, 0.00545413047075, 0.00473670801148, 0.00596351828426, 0.0131096895784, 0.00399185391143, 0.00809404067695, 0.00933806411922, 0.0109752770513, 0.0169062335044, 0.0157136898488, 0.00962148979306, 0.00666689127684, 0.00636415136978, 0.00732871284708, 0.00569533417001, 0.0180375706404, 0.0129460142925, 0.00643166340888, 0.0043218312785, 0.000679115648381],
        "mean": [0.00267051928677, 0.0354360342026, 0.00249464204535, 0.00159180932678, 0.00182961020619, 0.000668272899929, 0.000519684399478, 0.00032571842894, 0.000326195877278, 0.000285086513031, 0.000379002594855, 0.000379715143936, 0.000360638659913, 0.000413923989981, 0.000570182339288, 0.000900025712326, 0.00102863018401, 0.00076052924851, 0.000761023489758, 0.000632787705399, 0.000590696872678, 0.000483568990603, 0.000725554476958, 0.000519948662259, 0.000311551993946, 0.000280043808743, 4.73626023449e-05],
        "median": [0.00106597796548, 0.0121060237288, 0.00110049499199, 0.00055433640955, 0.00073923583841, 0.000359892728738, 0.000259656691924, 0.000157711270731, 0.000162726224517, 0.000120626376884, 0.000136707763886, 0.000196693144972, 0.00017471270985, 0.000185178869287, 0.000258993764874, 0.000396537594497, 0.000430961721577, 0.000394534639781, 0.000466985162348, 0.000396762392484, 0.000383666483685, 0.000272782432148, 0.000221442562179, 0.000219367997488, 0.000112110690679, 6.25512257102e-05, 1.22975534396e-05],
        "min": [3.03173524259e-24, 2.47712800312e-23, 1.30476520873e-23, 1.33330872063e-23, 1.01520979028e-23, 4.00651315046e-23, 3.41180195806e-23, 1.45839413453e-23, 4.79840391264e-23, 6.89053907948e-23, 2.34902377632e-23, 5.84810735597e-23, 1.10053429529e-22, 8.35524110358e-23, 9.66804007176e-23, 1.80476569773e-22, 1.2695751966e-22, 1.35454321537e-22, 1.88566761186e-22, 2.68177543511e-22, 4.59669678613e-22, 4.71647338701e-22, 7.51271342299e-22, 6.71146045958e-22, 1.05004399143e-21, 1.65742427734e-21, 2.56224990657e-21],
        "var": [1.38882105603e-05, 0.00207868684083, 2.71874177997e-05, 2.12210070458e-05, 1.46151205627e-05, 9.72648308561e-07, 4.98043164043e-07, 2.12641850794e-07, 2.07660860951e-07, 2.19214683739e-07, 7.12646283318e-07, 2.55341120692e-07, 2.93647900662e-07, 3.80064449246e-07, 6.72166379445e-07, 1.48524077304e-06, 2.11385645343e-06, 8.41492067138e-07, 6.718597092e-07, 4.89586568619e-07, 4.97971825553e-07, 3.91116543597e-07, 2.64109235104e-06, 1.02149829218e-06, 4.14367576695e-07, 2.59613472053e-07, 6.82842538069e-09]
    },
    "erbbands": {
        "dmean": [0.590124845505, 2.41776251793, 2.60782456398, 4.89245033264, 6.28773880005, 6.12526369095, 2.75717020035, 5.40490961075, 4.67204189301, 5.95139026642, 7.57592201233, 5.61294937134, 6.52683830261, 11.2069416046, 14.4625349045, 12.8534545898, 13.4897928238, 15.0714998245, 19.676235199, 28.7795314789, 34.7115135193, 33.8055534363, 26.098608017, 20.4723262787, 20.5486297607, 16.3434257507, 17.2881584167, 9.37891387939, 9.68295288086, 13.0462942123, 19.0077419281, 11.9890823364, 6.18710803986, 3.59640097618, 1.91895747185, 1.03623867035, 0.461534917355, 0.0928201377392, 0.00600177235901, 0.00011676219583],
        "dmean2": [0.859227597713, 3.51267337799, 4.55899047852, 8.81990146637, 11.4752120972, 10.3334178925, 4.67701053619, 8.82608985901, 7.77396011353, 9.55236339569, 12.2489242554, 9.04430866241, 10.7290859222, 18.4573726654, 24.2451496124, 21.3238372803, 21.5068378448, 23.6400470734, 29.9196987152, 47.7842254639, 59.3800239563, 56.8780021667, 42.232585907, 31.6851997375, 32.2192306519, 24.8248977661, 27.2259254456, 14.2259302139, 14.8712835312, 19.9872779846, 29.5332374573, 18.8564872742, 9.66496372223, 5.78245019913, 3.06167268753, 1.65698599815, 0.698496997356, 0.132039263844, 0.00870595499873, 0.000166500205523],
        "dvar": [1.34736335278, 26.7765674591, 57.1540641785, 209.993728638, 364.680450439, 221.975204468, 40.6265602112, 101.972763062, 73.6407318115, 83.1164398193, 139.836853027, 89.0219802856, 136.638885498, 423.648651123, 776.393920898, 346.689453125, 443.934387207, 599.726135254, 1040.43469238, 2235.29614258, 3043.95458984, 2894.33203125, 1335.7878418, 771.025146484, 766.455993652, 494.600036621, 671.507873535, 217.317199707, 247.57850647, 694.969177246, 2195.17358398, 817.979248047, 197.981216431, 72.5234069824, 20.6240100861, 4.78149175644, 0.794283688068, 0.0279145538807, 0.000120267002785, 3.90221330804e-08],
        "dvar2": [2.77864313126, 56.2657470703, 159.217910767, 596.684020996, 1047.07019043, 577.818603516, 112.117347717, 251.386108398, 196.232803345, 213.038848877, 360.343078613, 225.95501709, 349.720855713, 1113.9107666, 2089.80908203, 890.132751465, 1124.24902344, 1486.92443848, 2356.21508789, 5864.98828125, 8421.84375, 8358.20410156, 3690.45947266, 1808.74707031, 1845.2520752, 1122.75720215, 1642.83374023, 455.669433594, 595.888305664, 1651.87133789, 5185.06103516, 2004.46984863, 486.677642822, 179.892929077, 50.6684150696, 11.7284927368, 1.86599683762, 0.0587872751057, 0.000260621600319, 8.65916689463e-08],
        "max": [10.2510976791, 46.4919700623, 74.7012252808, 136.312011719, 182.360015869, 203.493865967, 84.450881958, 112.084465027, 104.779853821, 91.3243408203, 145.24597168, 122.076393127, 127.955619812, 215.156661987, 353.633300781, 162.085678101, 325.025268555, 283.979370117, 585.84387207, 696.275695801, 773.004150391, 729.735839844, 543.958435059, 425.740692139, 373.574676514, 321.063171387, 317.068054199, 308.251342773, 273.566772461, 337.795257568, 500.559448242, 279.911407471, 215.679092407, 85.4651107788, 55.4397773743, 20.6735515594, 8.65351104736, 1.65762650967, 0.130508452654, 0.00196268060245],
        "mean": [1.74098682404, 5.06655788422, 3.03984093666, 4.65544557571, 5.9865436554, 6.8162856102, 3.19158577919, 7.23997020721, 6.66902065277, 8.14231109619, 8.76846027374, 7.12888145447, 7.43028831482, 11.4811029434, 15.0583648682, 15.0213079453, 16.9451637268, 19.9602928162, 27.1018505096, 38.2024841309, 49.6330757141, 56.6270980835, 47.4995880127, 36.307056427, 36.3236160278, 31.3008346558, 28.1779842377, 19.7312793732, 17.6494865417, 17.4028186798, 20.4660072327, 13.555305481, 7.41835403442, 4.17170524597, 1.87822127342, 1.04280793667, 0.542954981327, 0.123659901321, 0.00818955898285, 0.000205061747693],
        "median": [0.592858731747, 1.68063437939, 1.56640207767, 2.0329182148, 2.48485541344, 2.25694084167, 1.20613455772, 3.69775772095, 3.67610502243, 4.32131385803, 4.08745718002, 3.58243966103, 3.34172582626, 4.67075061798, 7.02753639221, 7.97842216492, 8.80506324768, 9.2182674408, 12.3458271027, 19.1049690247, 23.0925750732, 24.9547462463, 24.0211772919, 22.4826107025, 22.3708057404, 19.70013237, 17.439125061, 12.1638479233, 9.66938400269, 8.08900737762, 5.94491863251, 5.02104091644, 3.24835014343, 1.66479456425, 0.507982671261, 0.239082664251, 0.121709093451, 0.0294186100364, 0.0021398817189, 0.000113395835797],
        "min": [4.47896238836e-22, 7.26439869026e-21, 1.39553431117e-20, 6.35318783658e-20, 2.34953302074e-20, 2.71351527004e-20, 2.51206583624e-19, 2.91391767414e-19, 3.68215003582e-19, 7.83563792443e-19, 4.17362921954e-19, 9.10409768029e-19, 2.31910610603e-18, 1.86045162036e-18, 9.4823167096e-19, 2.75435386189e-18, 4.44705656275e-18, 4.66689180466e-18, 5.23131229178e-18, 4.91338542335e-18, 1.06335449135e-17, 6.93502311223e-18, 8.38696372887e-18, 7.9513406398e-18, 1.20140084398e-17, 1.53712375884e-17, 1.89460359175e-17, 1.74438808882e-17, 1.73345110676e-17, 1.99097211834e-17, 2.03929716778e-17, 1.43652172187e-17, 1.3275646644e-17, 1.11509761652e-17, 7.63775233367e-18, 5.14164384543e-18, 3.14569549124e-18, 1.24014588048e-18, 3.20138568447e-19, 3.68545507473e-20],
        "var": [4.70994901657, 56.0169029236, 40.5064468384, 130.118103027, 219.073883057, 210.055282593, 33.5604476929, 120.067115784, 81.7901000977, 111.597869873, 160.498275757, 103.075012207, 141.347503662, 386.878112793, 648.28527832, 394.438720703, 553.395019531, 796.916381836, 1585.84765625, 2742.109375, 4192.83203125, 5732.68505859, 3196.00463867, 1653.7668457, 1566.24047852, 1147.10144043, 1115.18371582, 752.159790039, 616.049072266, 777.749572754, 2147.59423828, 773.213378906, 191.636199951, 67.2212295532, 19.0226764679, 4.57998752594, 0.991825819016, 0.0492670498788, 0.00020747880626, 6.45126974064e-08]
    },
    "gfcc": {
        "mean": [37.7555046082, 34.6097221375, -104.919639587, 54.5761375427, -42.7202529907, 24.3169727325, -31.4482154846, 19.4082546234, -14.9895401001, 10.2551460266, -11.1585149765, 5.5617890358, -10.1443662643],
        "cov": [[4660.24462891, 536.37097168, 878.99017334, -46.9294433594, 198.226989746, 222.576934814, 8.79937553406, -142.137191772, -202.656219482, -1.76216638088, -42.0262947083, 204.866592407, -253.298065186], [536.37097168, 1800.53710938, 672.842407227, 54.2454109192, 50.9133033752, 89.9375839233, 160.673324585, -42.6258049011, -148.238815308, 53.3387756348, 67.8589172363, -42.5762672424, 1.33175158501], [878.99017334, 672.842407227, 1850.48730469, 10.1571798325, 615.860778809, 306.907958984, 437.927185059, -8.5586643219, 14.4266004562, 207.535873413, 77.2266387939, 198.433349609, -165.436813354], [-46.9294433594, 54.2454109192, 10.1571798325, 368.365081787, 93.3340682983, 55.6908454895, -21.3154125214, 78.7766036987, 74.3462142944, 10.1702156067, 16.1258411407, -28.1421432495, 70.6717758179], [198.226989746, 50.9133033752, 615.860778809, 93.3340682983, 590.239868164, 258.469360352, 200.682723999, 56.4705619812, 149.50617981, 106.629592896, 65.1262817383, 176.607681274, -79.232925415], [222.576934814, 89.9375839233, 306.907958984, 55.6908454895, 258.469360352, 325.838409424, 123.915077209, 36.0914382935, 52.0656318665, 85.3952178955, 73.9336700439, 90.1045227051, -42.0515975952], [8.79937553406, 160.673324585, 437.927185059, -21.3154125214, 200.682723999, 123.915077209, 327.107971191, 92.9728317261, 47.7287864685, 92.2215881348, 84.1522216797, 84.791015625, -9.86345767975], [-142.137191772, -42.6258049011, -8.5586643219, 78.7766036987, 56.4705619812, 36.0914382935, 92.9728317261, 168.061935425, 96.0854263306, 25.4744586945, 29.9315738678, 35.5551223755, 45.3346176147], [-202.656219482, -148.238815308, 14.4266004562, 74.3462142944, 149.50617981, 52.0656318665, 47.7287864685, 96.0854263306, 163.815628052, 46.0962181091, 26.0027694702, 47.6950645447, 14.8739414215], [-1.76216638088, 53.3387756348, 207.535873413, 10.1702156067, 106.629592896, 85.3952178955, 92.2215881348, 25.4744586945, 46.0962181091, 106.793548584, 54.3337478638, 38.9372558594, -3.87033772469], [-42.0262947083, 67.8589172363, 77.2266387939, 16.1258411407, 65.1262817383, 73.9336700439, 84.1522216797, 29.9315738678, 26.0027694702, 54.3337478638, 89.2945251465, 43.6384620667, -0.490907073021], [204.866592407, -42.5762672424, 198.433349609, -28.1421432495, 176.607681274, 90.1045227051, 84.791015625, 35.5551223755, 47.6950645447, 38.9372558594, 43.6384620667, 123.773010254, -26.9060192108], [-253.298065186, 1.33175158501, -165.436813354, 70.6717758179, -79.232925415, -42.0515975952, -9.86345767975, 45.3346176147, 14.8739414215, -3.87033772469, -0.490907073021, -26.9060192108, 111.713050842]],
        "icov": [[0.000350803282345, -0.000107083171315, -3.30692237185e-05, -0.000403083162382, 0.000407745479606, -0.000162811818882, 2.20820638788e-05, 5.62324203202e-05, 0.000413530360674, -0.000223741735681, 0.000826453440823, -0.00135166605469, 0.00082502461737], [-0.000107083171315, 0.000875918718521, -0.000440993171651, 0.000230494784773, -0.000364143779734, -1.14993272291e-05, 0.000190284015844, -0.000347326800693, 0.000786378921475, 0.000480128714116, -0.00147939019371, 0.00161536037922, -0.000862486718688], [-3.30692237185e-05, -0.000440993171651, 0.00182731077075, -0.000806125055533, -0.000708410691004, 0.000280447682599, -0.00182353891432, 0.000701340904925, 0.00101796735544, -0.00253793760203, 0.00264619733207, -0.00150633673184, 0.00172919570468], [-0.000403083162382, 0.000230494784773, -0.000806125055533, 0.00600792001933, -0.00291407597251, -0.000522297341377, 0.00283582578413, -0.00284801446833, -0.000785954180174, 0.00238106190227, -0.00452961120754, 0.00689534610137, -0.00494052702561], [0.000407745479606, -0.000364143779734, -0.000708410691004, -0.00291407597251, 0.00793455541134, -0.00224545644596, -0.00212667649612, 0.00345594482496, -0.00491455662996, -6.85462073307e-05, 0.00406883750111, -0.00828880444169, 0.00358889787458], [-0.000162811818882, -1.14993272291e-05, 0.000280447682599, -0.000522297341377, -0.00224545644596, 0.00586045114323, 4.37659264207e-06, -0.000813460850623, 0.00156122131739, -0.00223530409858, -0.00224075652659, -2.10725665966e-05, 0.00102039927151], [2.20820638788e-05, 0.000190284015844, -0.00182353891432, 0.00283582578413, -0.00212667649612, 4.37659264207e-06, 0.00891990028322, -0.00561470724642, 0.00204131379724, -1.52741431521e-05, -0.00609054882079, 0.00295854033902, -0.00247383187525], [5.62324203202e-05, -0.000347326800693, 0.000701340904925, -0.00284801446833, 0.00345594482496, -0.000813460850623, -0.00561470724642, 0.0149403242394, -0.00821134634316, 0.00168580270838, 0.00263374345377, -0.00540725514293, -0.00158087268937], [0.000413530360674, 0.000786378921475, 0.00101796735544, -0.000785954180174, -0.00491455662996, 0.00156122131739, 0.00204131379724, -0.00821134634316, 0.0174081716686, -0.00625708978623, 0.000824303482659, -0.000208697398193, 0.000966291117948], [-0.000223741735681, 0.000480128714116, -0.00253793760203, 0.00238106190227, -6.85462073307e-05, -0.00223530409858, -1.52741431521e-05, 0.00168580270838, -0.00625708978623, 0.0217210799456, -0.011173279956, 0.00490672839805, -0.00463499128819], [0.000826453440823, -0.00147939019371, 0.00264619733207, -0.00452961120754, 0.00406883750111, -0.00224075652659, -0.00609054882079, 0.00263374345377, 0.000824303482659, -0.011173279956, 0.0281414277852, -0.0134361414239, 0.00550235575065], [-0.00135166605469, 0.00161536037922, -0.00150633673184, 0.00689534610137, -0.00828880444169, -2.10725665966e-05, 0.00295854033902, -0.00540725514293, -0.000208697398193, 0.00490672839805, -0.0134361414239, 0.0281525123864, -0.00618888856843], [0.00082502461737, -0.000862486718688, 0.00172919570468, -0.00494052702561, 0.00358889787458, 0.00102039927151, -0.00247383187525, -0.00158087268937, 0.000966291117948, -0.00463499128819, 0.00550235575065, -0.00618888856843, 0.0181157123297]]
    },
    "melbands": {
        "dmean": [0.00434870133176, 0.0017977009993, 0.000895221251994, 0.00044493182213, 0.000127034072648, 0.000111531175207, 7.41344410926e-05, 5.77655264351e-05, 6.32148075965e-05, 3.48589492205e-05, 3.48535322701e-05, 4.58622635051e-05, 5.66764210816e-05, 3.28763126163e-05, 3.34334908985e-05, 3.11007788696e-05, 2.86704271275e-05, 3.38440513588e-05, 3.30269576807e-05, 4.72998981422e-05, 4.10379761888e-05, 3.31421724695e-05, 4.20571959694e-05, 1.84063665074e-05, 1.82618641702e-05, 1.85603694263e-05, 1.23142081065e-05, 1.22465307868e-05, 1.28569572553e-05, 7.49267292122e-06, 5.76192633162e-06, 6.06566209171e-06, 6.02026648266e-06, 9.19254489418e-06, 1.23579984574e-05, 1.04415958049e-05, 6.29695341559e-06, 4.70861550639e-06, 3.37962046615e-06, 3.02519174511e-06],
        "dmean2": [0.00628721015528, 0.00279543059878, 0.0016185977729, 0.000784281291999, 0.000211025486351, 0.000181803436135, 0.000122666955576, 9.35626740102e-05, 0.000100813995232, 5.67078059248e-05, 5.71089731238e-05, 7.52864652895e-05, 9.58289820119e-05, 5.53398967895e-05, 5.43767200725e-05, 5.02291040902e-05, 4.60698356619e-05, 5.18459091836e-05, 5.30868164788e-05, 8.17291584099e-05, 7.04302219674e-05, 5.58411084057e-05, 7.15973365004e-05, 2.92044096568e-05, 2.89619347313e-05, 3.0156925277e-05, 1.94718231796e-05, 1.91164472199e-05, 2.07687426155e-05, 1.1551098396e-05, 8.90108458407e-06, 9.527484508e-06, 9.42914266489e-06, 1.44588429976e-05, 1.94051208382e-05, 1.64085686265e-05, 1.00139295682e-05, 7.34769355404e-06, 5.3787316574e-06, 4.885191629e-06],
        "dvar": [7.24104902474e-05, 1.83205120265e-05, 7.30571173335e-06, 1.39897360896e-06, 8.25089898626e-08, 4.30603890322e-08, 1.71239857849e-08, 7.80508457865e-09, 9.38914457294e-09, 3.81175002673e-09, 3.84652354413e-09, 6.60005738951e-09, 1.69895653102e-08, 2.13537498794e-09, 2.45726927695e-09, 3.36117311761e-09, 2.24576668373e-09, 3.28690297202e-09, 2.9170512672e-09, 6.13198691823e-09, 4.18522416723e-09, 2.7552946591e-09, 5.7092082173e-09, 6.97438162778e-10, 6.64640453785e-10, 6.58087695449e-10, 2.90487883747e-10, 3.104689561e-10, 4.12221340396e-10, 1.26184049321e-10, 1.009427264e-10, 1.2409961947e-10, 9.10257841324e-11, 4.46294196044e-10, 1.00719355078e-09, 6.73722855282e-10, 2.06451480911e-10, 1.09296384443e-10, 6.00631905323e-11, 5.13141126812e-11],
        "dvar2": [0.000143864017446, 4.50922270829e-05, 2.08669098356e-05, 3.88166245102e-06, 2.17613674636e-07, 1.06819307177e-07, 4.5473477428e-08, 2.03072652027e-08, 2.38389805673e-08, 9.71675362393e-09, 9.7870591631e-09, 1.72161946921e-08, 4.61859386292e-08, 5.57546897539e-09, 6.19755180509e-09, 8.67788685355e-09, 5.72660319165e-09, 7.79011877228e-09, 7.19278103745e-09, 1.71538427907e-08, 1.15920331112e-08, 7.61443619268e-09, 1.73359424593e-08, 1.75921877066e-09, 1.62786184532e-09, 1.6731961372e-09, 6.82739531577e-10, 7.49747208761e-10, 1.03306430077e-09, 3.06808523032e-10, 2.19506968158e-10, 3.11092429595e-10, 2.29407118302e-10, 1.06628172958e-09, 2.38784814144e-09, 1.66283142811e-09, 5.07161868057e-10, 2.69065908443e-10, 1.46248443911e-10, 1.29199484444e-10],
        "max": [0.0768769457936, 0.0432988516986, 0.0262455586344, 0.0131492726505, 0.00394574506208, 0.00234708678909, 0.00147128920071, 0.000897533725947, 0.00112222880125, 0.000791434547864, 0.000703822355717, 0.000755171640776, 0.00175213790499, 0.000441321724793, 0.000446810445283, 0.000999687123112, 0.000546850496903, 0.00108508311678, 0.000790845486335, 0.00121722358745, 0.000778826419264, 0.000683412072249, 0.00100350263529, 0.000332294090185, 0.000383246311685, 0.000328174559399, 0.000233050261158, 0.000240984038101, 0.00025818683207, 0.000234670282225, 0.000209384248592, 0.000212021055631, 0.000114980182843, 0.000279044616036, 0.000379801611416, 0.000258100481005, 0.000159573130077, 0.000154217865202, 9.52482878347e-05, 7.8779325122e-05],
        "mean": [0.0121443998069, 0.00313239591196, 0.000867624417879, 0.000462544150651, 0.000150437190314, 0.00014945633302, 0.000106442632386, 7.79779365985e-05, 7.38148373784e-05, 4.31638763985e-05, 3.9013899368e-05, 4.68094112875e-05, 5.45777620573e-05, 3.75417585019e-05, 3.95605711674e-05, 3.79115772375e-05, 3.60238300345e-05, 4.35203000961e-05, 4.27007289545e-05, 5.91812167841e-05, 5.65450209251e-05, 5.13749473612e-05, 6.82299723849e-05, 2.88816027023e-05, 2.88447154162e-05, 2.9903372706e-05, 2.05939213629e-05, 2.09465451917e-05, 1.86435900105e-05, 1.3548275092e-05, 1.06030456664e-05, 1.00870811366e-05, 9.23341485759e-06, 1.04986884253e-05, 1.26321419884e-05, 1.10259552457e-05, 7.10350832378e-06, 5.38047788723e-06, 4.20595233663e-06, 3.27429370373e-06],
        "median": [0.00416597351432, 0.00161096733063, 0.000388283020584, 0.000179718525033, 5.63700814382e-05, 7.79353504186e-05, 5.82324464631e-05, 4.25584948971e-05, 3.32400777552e-05, 2.06468885153e-05, 1.70965395228e-05, 1.86139968719e-05, 2.16076969082e-05, 2.01445818675e-05, 1.99709193112e-05, 1.75622335519e-05, 1.6208678062e-05, 1.88380945474e-05, 1.97949448193e-05, 2.70714299404e-05, 2.54827446042e-05, 2.31891335716e-05, 2.51523233601e-05, 1.66774643731e-05, 1.68820624822e-05, 1.73190619535e-05, 1.26465274661e-05, 1.25010446936e-05, 1.05452027128e-05, 8.49958814797e-06, 5.81574431635e-06, 5.07321010446e-06, 5.07892355017e-06, 3.93345362681e-06, 3.18766115015e-06, 3.44700538335e-06, 2.79955315818e-06, 2.23248048314e-06, 1.97398776436e-06, 1.15718501092e-06],
        "min": [6.10490303764e-24, 8.10783428663e-24, 9.70391446806e-24, 1.58825606176e-24, 7.54117104372e-24, 7.79077846705e-24, 6.31373779065e-24, 8.05043518945e-24, 3.1705008062e-24, 7.52472487157e-24, 1.1941284134e-23, 6.99619832027e-24, 2.77397573067e-24, 4.68535375515e-24, 1.19539934721e-23, 9.03212919864e-24, 8.51343185422e-24, 8.36721254113e-24, 5.2018986926e-24, 1.03362440704e-23, 1.21772837067e-23, 6.68508814533e-24, 7.69368310025e-24, 7.13773889932e-24, 6.27805761191e-24, 6.61211377843e-24, 9.60967477774e-24, 9.37034463429e-24, 1.21413968464e-23, 1.04100853955e-23, 1.02316127154e-23, 1.04557557087e-23, 7.85167616235e-24, 1.02496855188e-23, 1.0770380259e-23, 8.95563414553e-24, 6.95301134115e-24, 9.23471498999e-24, 9.29539417082e-24, 8.05174233197e-24],
        "var": [0.000234861159697, 2.34839026234e-05, 4.44646730102e-06, 1.01752436876e-06, 7.7604418891e-08, 5.03089410131e-08, 2.00837391162e-08, 9.9463486336e-09, 1.140725292e-08, 4.20555767988e-09, 4.02041822056e-09, 6.26190388431e-09, 1.27100445724e-08, 2.35608310639e-09, 2.91437451949e-09, 3.67340025065e-09, 2.75824230123e-09, 4.57863080783e-09, 3.79090003833e-09, 6.92498591803e-09, 5.72371394725e-09, 4.85682294382e-09, 1.02210764297e-08, 1.13185605333e-09, 1.209959688e-09, 1.17312337622e-09, 5.56703128041e-10, 5.93755433709e-10, 5.57792756428e-10, 2.94584356908e-10, 2.83559009606e-10, 2.51592302547e-10, 1.49933190863e-10, 4.40926073431e-10, 9.60926116456e-10, 6.19748807829e-10, 1.96437408007e-10, 1.06230926833e-10, 5.88942436486e-11, 4.63915780791e-11]
    },
    "mfcc": {
        "mean": [-606.073425293, 65.6180725098, 4.20079183578, 33.2650413513, 17.754026413, 12.0791063309, 6.19076347351, 10.3718137741, 6.43688154221, 8.79439353943, 3.13304710388, 8.34524250031, 5.05164957047],
        "cov": [[3563.64306641, 316.89453125, 231.84866333, -54.2934265137, 64.2249069214, 109.622032166, -12.8715019226, 27.0178451538, -223.411407471, -120.908287048, -95.7009735107, -102.542205811, -6.22380971909], [316.89453125, 1721.12158203, 751.134765625, 109.458175659, 70.5451812744, 236.548995972, 343.790710449, 6.2448182106, -27.2936954498, 15.7850723267, -12.6071357727, 95.0195846558, 4.27015638351], [231.84866333, 751.134765625, 945.954406738, 174.85067749, 145.446411133, 265.194000244, 306.127685547, 47.1600227356, 20.8674964905, 102.016838074, -2.10628271103, 107.317733765, 22.1345806122], [-54.2934265137, 109.458175659, 174.85067749, 303.79119873, 122.220741272, 19.9508514404, 43.7363052368, 32.4531784058, 91.1796035767, 35.0992126465, -10.620516777, 73.2779846191, 23.140996933], [64.2249069214, 70.5451812744, 145.446411133, 122.220741272, 383.90423584, 250.50630188, 32.3097610474, 143.039733887, 27.8623123169, 64.7404556274, 77.3031311035, 62.7164916992, 78.0212554932], [109.622032166, 236.548995972, 265.194000244, 19.9508514404, 250.50630188, 352.809051514, 162.559829712, 104.838821411, -13.1296310425, 71.9913864136, 97.9437713623, 46.3276786804, 58.5034790039], [-12.8715019226, 343.790710449, 306.127685547, 43.7363052368, 32.3097610474, 162.559829712, 274.257720947, 78.0946655273, 34.0643043518, 56.1539802551, 53.8156509399, 67.9711837769, 30.508682251], [27.0178451538, 6.2448182106, 47.1600227356, 32.4531784058, 143.039733887, 104.838821411, 78.0946655273, 204.277526855, 53.4465065002, 55.5821762085, 83.6304244995, 36.0101051331, 74.1454849243], [-223.411407471, -27.2936954498, 20.8674964905, 91.1796035767, 27.8623123169, -13.1296310425, 34.0643043518, 53.4465065002, 149.917617798, 52.2075271606, 11.3803930283, 48.7663764954, 37.1143455505], [-120.908287048, 15.7850723267, 102.016838074, 35.0992126465, 64.7404556274, 71.9913864136, 56.1539802551, 55.5821762085, 52.2075271606, 103.223632812, 50.6675567627, 46.6089820862, 35.1658973694], [-95.7009735107, -12.6071357727, -2.10628271103, -10.620516777, 77.3031311035, 97.9437713623, 53.8156509399, 83.6304244995, 11.3803930283, 50.6675567627, 137.81111145, 32.2353248596, 43.5090332031], [-102.542205811, 95.0195846558, 107.317733765, 73.2779846191, 62.7164916992, 46.3276786804, 67.9711837769, 36.0101051331, 48.7663764954, 46.6089820862, 32.2353248596, 89.1759109497, 38.4529075623], [-6.22380971909, 4.27015638351, 22.1345806122, 23.140996933, 78.0212554932, 58.5034790039, 30.508682251, 74.1454849243, 37.1143455505, 35.1658973694, 43.5090332031, 38.4529075623, 74.4780960083]],
