{
"lowlevel": {
    "average_loudness": 0.85152131319,
    "barkbands_crest": {
        "dmean": 2.94642996788,
        "dmean2": 4.69249868393,
        "dvar": 8.54903316498,
        "dvar2": 19.2463951111,
        "max": 26.5006656647,
        "mean": 12.5552034378,
        "median": 12.0382213593,
        "min": 2.08181881905,
        "var": 25.753818512
    },
    "barkbands_flatness_db": {
        "dmean": 0.0302605871111,
        "dmean2": 0.0448430404067,
        "dvar": 0.00107789121103,
        "dvar2": 0.00209985650145,
        "max": 0.494200110435,
        "mean": 0.183574035764,
        "median": 0.163166940212,
        "min": 0.0152070131153,
        "var": 0.01049750112
    },
    "barkbands_kurtosis": {
        "dmean": 6.61008214951,
        "dmean2": 10.2146492004,
        "dvar": 788.844482422,
        "dvar2": 1682.8692627,
        "max": 955.073486328,
        "mean": 9.78529644012,
        "median": 1.53126263618,
        "min": -1.83073294163,
        "var": 1191.81604004
    },
    "barkbands_skewness": {
        "dmean": 0.669021546841,
        "dmean2": 1.00720572472,
        "dvar": 1.22476792336,
        "dvar2": 2.31799030304,
        "max": 27.0547637939,
        "mean": 1.72089660168,
        "median": 1.21789193153,
        "min": -2.11525583267,
        "var": 4.39922332764
    },
    "barkbands_spread": {
        "dmean": 5.82084703445,
        "dmean2": 8.91666889191,
        "dvar": 72.777885437,
        "dvar2": 170.124694824,
        "max": 109.000404358,
        "mean": 23.5527019501,
        "median": 24.2967376709,
        "min": 0.372615605593,
        "var": 339.596008301
    },
    "dissonance": {
        "dmean": 0.0298649221659,
        "dmean2": 0.0504278801382,
        "dvar": 0.00117464573123,
        "dvar2": 0.0031957977917,
        "max": 0.500000178814,
        "mean": 0.445830911398,
        "median": 0.458659112453,
        "min": 0.139417901635,
        "var": 0.0022261319682
    },
    "dynamic_complexity": 3.9417746067,
    "erbbands_crest": {
        "dmean": 3.09790039062,
        "dmean2": 4.9743642807,
        "dvar": 8.91360759735,
        "dvar2": 20.1376056671,
        "max": 31.7573184967,
        "mean": 11.8416185379,
        "median": 10.8088150024,
        "min": 2.45558047295,
        "var": 30.0725841522
    },
    "erbbands_flatness_db": {
        "dmean": 0.0228333715349,
        "dmean2": 0.0333869159222,
        "dvar": 0.000660943856928,
        "dvar2": 0.00128035550006,
        "max": 0.470462411642,
        "mean": 0.199002727866,
        "median": 0.183430820704,
        "min": 0.0318659171462,
        "var": 0.00948158837855
    },
    "erbbands_kurtosis": {
        "dmean": 1.53731966019,
        "dmean2": 2.4203722477,
        "dvar": 10.4648504257,
        "dvar2": 26.7564716339,
        "max": 72.2367858887,
        "mean": 1.74595892429,
        "median": -0.390153884888,
        "min": -1.83079493046,
        "var": 38.8337898254
    },
    "erbbands_skewness": {
        "dmean": 0.420464754105,
        "dmean2": 0.631494104862,
        "dvar": 0.189518228173,
        "dvar2": 0.406433999538,
        "max": 6.36973714828,
        "mean": 0.698870420456,
        "median": 0.515761554241,
        "min": -1.68206119537,
        "var": 0.956350624561
    },
    "erbbands_spread": {
        "dmean": 6.71679019928,
        "dmean2": 10.0848884583,
        "dvar": 73.4369506836,
        "dvar2": 159.231384277,
        "max": 147.764343262,
        "mean": 38.9012908936,
        "median": 41.8478279114,
        "min": 0.492081552744,
        "var": 580.993896484
    },
    "hfc": {
        "dmean": 12.1755428314,
        "dmean2": 19.2581768036,
        "dvar": 599.961242676,
        "dvar2": 1484.2487793,
        "max": 277.047943115,
        "mean": 31.0346374512,
        "median": 20.9824485779,
        "min": 1.09925765373e-16,
        "var": 1225.28161621
    },
    "melbands_crest": {
        "dmean": 3.74227380753,
        "dmean2": 5.96847438812,
        "dvar": 14.4670820236,
        "dvar2": 33.8313484192,
        "max": 39.0430908203,
        "mean": 17.6735267639,
        "median": 16.7874565125,
        "min": 1.6045126915,
        "var": 54.6608657837
    },
    "melbands_flatness_db": {
        "dmean": 0.0331933647394,
        "dmean2": 0.0484734401107,
        "dvar": 0.00144841463771,
        "dvar2": 0.00270763132721,
        "max": 0.608884453773,
        "mean": 0.254488825798,
        "median": 0.215967267752,
        "min": 0.00370634836145,
        "var": 0.0176268275827
    },
    "melbands_kurtosis": {
        "dmean": 14.7728719711,
        "dmean2": 22.5983467102,
        "dvar": 2477.38720703,
        "dvar2": 5466.99853516,
        "max": 1443.78979492,
        "mean": 24.6145648956,
        "median": 6.59993839264,
        "min": -1.48890781403,
        "var": 4598.63964844
    },
    "melbands_skewness": {
        "dmean": 0.882041752338,
        "dmean2": 1.3000087738,
        "dvar": 1.85618042946,
        "dvar2": 3.61047577858,
        "max": 32.1657524109,
        "mean": 2.84839129448,
        "median": 2.12745714188,
        "min": -2.71944499016,
        "var": 8.48476886749
    },
    "melbands_spread": {
        "dmean": 6.28128242493,
        "dmean2": 9.59017467499,
        "dvar": 73.0982208252,
        "dvar2": 158.423034668,
        "max": 172.424560547,
        "mean": 22.5757732391,
        "median": 16.8168525696,
        "min": 0.21229685843,
        "var": 445.701385498
    },
    "pitch_salience": {
        "dmean": 0.0889202952385,
        "dmean2": 0.141253277659,
        "dvar": 0.00816349964589,
        "dvar2": 0.0182399973273,
        "max": 0.929100573063,
        "mean": 0.498967587948,
        "median": 0.500530898571,
        "min": 0.0185568202287,
        "var": 0.0245676897466
    },
    "silence_rate_20dB": {
        "dmean": 0,
        "dmean2": 0,
        "dvar": 0,
        "dvar2": 0,
        "max": 1,
        "mean": 1,
        "median": 1,
        "min": 1,
        "var": 0
    },
    "silence_rate_30dB": {
        "dmean": 0.0235988199711,
        "dmean2": 0.0472027957439,
        "dvar": 0.0230388790369,
        "dvar2": 0.0600564815104,
        "max": 1,
        "mean": 0.9838321805,
        "median": 1,
        "min": 0,
        "var": 0.0159059856087
    },
    "silence_rate_60dB": {
        "dmean": 0.0135474707931,
        "dmean2": 0.0270979013294,
        "dvar": 0.0133635532111,
        "dvar2": 0.0318263471127,
        "max": 1,
        "mean": 0.130107060075,
        "median": 0,
        "min": 0,
        "var": 0.113179460168
    },
    "spectral_centroid": {
        "dmean": 236.232498169,
        "dmean2": 353.570159912,
        "dvar": 97653.2578125,
        "dvar2": 211097.4375,
        "max": 11728.5107422,
        "mean": 1566.83349609,
        "median": 1228.11242676,
        "min": 160.847259521,
        "var": 1841715.125
    },
    "spectral_complexity": {
        "dmean": 4.37911081314,
        "dmean2": 6.55441427231,
        "dvar": 31.8462295532,
        "dvar2": 66.9999313354,
        "max": 56,
        "mean": 14.4735631943,
        "median": 12,
        "min": 0,
        "var": 102.925788879
    },
    "spectral_decrease": {
        "dmean": 2.57112287017e-09,
        "dmean2": 4.27298596506e-09,
        "dvar": 2.62266199345e-17,
        "dvar2": 6.99795129092e-17,
        "max": 1.92503559067e-28,
        "mean": -6.38832320377e-09,
        "median": -4.58902738032e-09,
        "min": -6.17821385163e-08,
        "var": 5.06064797421e-17
    },
    "spectral_energy": {
        "dmean": 0.0104413228109,
        "dmean2": 0.0172428581864,
        "dvar": 0.000402033241699,
        "dvar2": 0.00106566376053,
        "max": 0.239094987512,
        "mean": 0.0269259661436,
        "median": 0.020574759692,
        "min": 1.00567366794e-20,
        "var": 0.000778793531936
    },
    "spectral_energyband_high": {
        "dmean": 0.00103153765667,
        "dmean2": 0.00161250878591,
        "dvar": 5.26031180925e-06,
        "dvar2": 1.24266643979e-05,
        "max": 0.0323898270726,
        "mean": 0.00222028535791,
        "median": 0.00120572489686,
        "min": 7.1893530523e-21,
        "var": 9.69961456576e-06
    },
    "spectral_energyband_low": {
        "dmean": 0.00632597040385,
        "dmean2": 0.0103624509647,
        "dvar": 0.00032688738429,
        "dvar2": 0.000858381390572,
        "max": 0.218574225903,
        "mean": 0.011193362996,
        "median": 0.000167047168361,
        "min": 1.30195497064e-23,
        "var": 0.000652095885016
    },
    "spectral_energyband_middle_high": {
        "dmean": 0.00170753453858,
        "dmean2": 0.00266356719658,
        "dvar": 8.42013105284e-06,
        "dvar2": 2.01076636586e-05,
        "max": 0.0371941663325,
        "mean": 0.00410715816543,
        "median": 0.00235522398725,
        "min": 1.21702057627e-21,
        "var": 2.39947858063e-05
    },
    "spectral_energyband_middle_low": {
        "dmean": 0.00414191093296,
        "dmean2": 0.00686364946887,
        "dvar": 5.23623020854e-05,
        "dvar2": 0.000140537813422,
        "max": 0.0710369944572,
        "mean": 0.00941078923643,
        "median": 0.00697069056332,
        "min": 1.61897582791e-22,
        "var": 7.6245800301e-05
    },
    "spectral_entropy": {
        "dmean": 0.240795820951,
        "dmean2": 0.352795213461,
        "dvar": 0.0700311660767,
        "dvar2": 0.143586680293,
        "max": 9.82228565216,
        "mean": 7.18511390686,
        "median": 7.50822925568,
        "min": 4.40041685104,
        "var": 0.971504628658
    },
    "spectral_flux": {
        "dmean": 0.0320503339171,
        "dmean2": 0.0483318381011,
        "dvar": 0.00172369088978,
        "dvar2": 0.00339308939874,
        "max": 0.4475055933,
        "mean": 0.0783975124359,
        "median": 0.065405331552,
        "min": 6.33807589745e-11,
        "var": 0.00395532650873
    },
    "spectral_kurtosis": {
        "dmean": 4.75546979904,
        "dmean2": 7.71709918976,
        "dvar": 75.0022583008,
        "dvar2": 197.93951416,
        "max": 177.969177246,
        "mean": 16.8830490112,
        "median": 3.47573423386,
        "min": -1.28362965584,
        "var": 707.947265625
    },
    "spectral_rms": {
        "dmean": 0.000819502223749,
        "dmean2": 0.00131510943174,
        "dvar": 1.52259428887e-06,
        "dvar2": 3.83638052881e-06,
        "max": 0.0152729628608,
        "mean": 0.00448974268511,
        "median": 0.00448028324172,
        "min": 3.13232339372e-12,
        "var": 6.11148743701e-06
    },
    "spectral_rolloff": {
        "dmean": 710.05279541,
        "dmean2": 1226.68359375,
        "dvar": 2338075.5,
        "dvar2": 5982150.5,
        "max": 19745.9472656,
        "mean": 2452.26904297,
        "median": 1012.06054688,
        "min": 43.06640625,
        "var": 8841838
    },
    "spectral_skewness": {
        "dmean": 0.373429626226,
        "dmean2": 0.598862111568,
        "dvar": 0.301304221153,
        "dvar2": 0.76836502552,
        "max": 11.3810968399,
        "mean": 2.51111936569,
        "median": 1.51044476032,
        "min": -0.0906582996249,
        "var": 4.21678972244
    },
    "spectral_spread": {
        "dmean": 582446.0625,
        "dmean2": 924027.9375,
        "dvar": 955446722560,
        "dvar2": 2.04771452518e+12,
        "max": 42551416,
        "mean": 5500039,
        "median": 5275414,
        "min": 623049.375,
        "var": 2.17665796833e+13
    },
    "spectral_strongpeak": {
        "dmean": 0.522950410843,
        "dmean2": 0.870249330997,
        "dvar": 0.719436943531,
        "dvar2": 1.75466823578,
        "max": 21.3990516663,
        "mean": 1.1942679882,
        "median": 0.799049735069,
        "min": 0,
        "var": 1.45375978947
    },
    "zerocrossingrate": {
        "dmean": 0.0130670843646,
        "dmean2": 0.0157180465758,
        "dvar": 0.000266653805738,
        "dvar2": 0.000361275277101,
        "max": 0.59521484375,
        "mean": 0.0847672596574,
        "median": 0.07373046875,
        "min": 0.00146484375,
        "var": 0.00552667304873
    },
    "barkbands": {
        "dmean": [0.0014227515785, 0.0045863785781, 0.0015231394209, 0.000749810889829, 0.000869224779308, 0.000418368785176, 0.00106477318332, 0.00184447679203, 0.00107518106233, 0.000856753904372, 0.000359478959581, 0.000210268219234, 0.000165977544384, 9.73921632976e-05, 0.000106353239971, 0.000114622576803, 9.36473516049e-05, 0.000109498665552, 0.00021363927226, 0.000463580421638, 0.000206961165532, 0.000158972514328, 0.000126991653815, 0.000141392360092, 0.000151293264935, 0.000179888636922, 0.000120649267046],
        "dmean2": [0.00222865282558, 0.0074832723476, 0.00274846586399, 0.00131720642094, 0.00147183914669, 0.000690443906933, 0.00162556453142, 0.00296730850823, 0.00163831131067, 0.00125041382853, 0.000578431121539, 0.000337811594363, 0.000272835721262, 0.000157575937919, 0.000166304191225, 0.00018354706117, 0.000150877851411, 0.00017861482047, 0.0003324879508, 0.000729827850591, 0.000339454447385, 0.000252406432992, 0.000195348868147, 0.000210022364627, 0.000235967134358, 0.00029917518259, 0.000197897781618],
        "dvar": [1.83998872672e-05, 0.000183008582098, 4.39351388195e-05, 8.47415867611e-06, 5.49833248442e-06, 1.34494791837e-06, 5.11984308105e-06, 1.64537796081e-05, 5.07911045133e-06, 3.32760214405e-06, 8.58588578012e-07, 2.28778091582e-07, 1.67238070503e-07, 4.67672194304e-08, 4.0870553164e-08, 6.18107094397e-08, 4.02823623347e-08, 6.94692019465e-08, 1.95093349475e-07, 8.55152052281e-07, 2.11942534634e-07, 1.67415109331e-07, 1.37919627718e-07, 1.54335126012e-07, 1.41957769983e-07, 2.30190551065e-07, 7.10602563458e-08],
        "dvar2": [4.54462060588e-05, 0.000483976793475, 0.000124491052702, 2.40454319282e-05, 1.48781336975e-05, 3.61249840353e-06, 1.04877644844e-05, 3.89174383599e-05, 9.38738321565e-06, 6.14092050455e-06, 1.84775274192e-06, 5.77858315864e-07, 4.3014230755e-07, 1.20654334523e-07, 9.31176487029e-08, 1.61701763091e-07, 1.02280971248e-07, 1.90760815144e-07, 4.27462367725e-07, 2.03619310923e-06, 5.36069194368e-07, 3.73179744884e-07, 3.06099337877e-07, 3.11324356517e-07, 3.44693745546e-07, 6.19195532181e-07, 1.88393556755e-07],
        "max": [0.068692445755, 0.201597422361, 0.0866420418024, 0.0400561988354, 0.0331498607993, 0.0207662899047, 0.0278009139001, 0.0528488866985, 0.0351962968707, 0.0264050830156, 0.022910932079, 0.012937631458, 0.00880416668952, 0.00404388364404, 0.0041891336441, 0.00481230672449, 0.00304832821712, 0.00631901994348, 0.00786948669702, 0.0191321186721, 0.00629734667018, 0.00691440980881, 0.00750058796257, 0.00689644087106, 0.00508312694728, 0.00560328597203, 0.00356304110028],
        "mean": [0.00266682449728, 0.00740776211023, 0.00127100595273, 0.00068582536187, 0.00123827054631, 0.000550052674953, 0.00179794151336, 0.00301029486582, 0.00184768054169, 0.00146544747986, 0.000465161167085, 0.000292484444799, 0.000246801238973, 0.000141197102494, 0.000173370353878, 0.000149522733409, 0.000132075278088, 0.000155295463628, 0.00033508206252, 0.00104505708441, 0.000383770995541, 0.000293496617815, 0.000207820194191, 0.000261416978901, 0.000236943917116, 0.00026142585557, 0.000203836825676],
        "median": [5.21869624208e-05, 1.63142194651e-05, 2.60350025201e-05, 1.85427761608e-05, 0.000413517875131, 0.000135121517815, 0.000323687389027, 0.000573763914872, 0.000368758948753, 0.000271686236374, 0.000110738110379, 0.000121704171761, 9.04283879208e-05, 5.69699732296e-05, 5.69433323108e-05, 4.90995043947e-05, 4.5715336455e-05, 4.95883941767e-05, 4.75180640933e-05, 6.04290107731e-05, 5.93121512793e-05, 7.65490985941e-05, 7.12068140274e-05, 9.26928623812e-05, 7.92791761342e-05, 9.83503268799e-05, 3.93011068809e-05],
        "min": [2.30726579901e-25, 2.2748565334e-24, 5.6736010291e-25, 1.19341648616e-24, 8.67253326589e-24, 8.20286993761e-24, 9.75859988373e-24, 8.49658020756e-24, 1.8245205734e-23, 7.10470456006e-24, 8.42927222854e-24, 3.0089736078e-23, 3.93456808927e-23, 2.46379215175e-23, 5.12911996321e-23, 3.92549177124e-23, 8.09203987136e-23, 9.04350646616e-23, 1.62226607208e-22, 1.48967736035e-22, 2.4792994532e-22, 3.05347331457e-22, 3.83023195755e-22, 4.80180617506e-22, 8.40180434426e-22, 1.39119803492e-21, 1.88748964073e-21],
        "var": [6.9305235229e-05, 0.000336240133038, 2.80573603959e-05, 5.96484460402e-06, 6.71767065796e-06, 1.60329875598e-06, 1.14624817797e-05, 3.0512945159e-05, 1.38587020047e-05, 9.29460111365e-06, 1.50955588651e-06, 2.68772367917e-07, 2.07516919204e-07, 5.76698155896e-08, 8.88962574663e-08, 7.02255249507e-08, 5.20557570383e-08, 7.71124248899e-08, 4.27674024195e-07, 3.04781133309e-06, 3.72243079028e-07, 2.66978929631e-07, 1.87530673657e-07, 2.79143193893e-07, 2.0369560616e-07, 2.85119881482e-07, 1.3344464378e-07]
    },
    "erbbands": {
        "dmean": [0.185766771436, 0.910126805305, 1.81419026852, 2.13045787811, 2.7058904171, 2.8921251297, 3.35948705673, 3.68063616753, 10.0603742599, 22.0506954193, 43.0060844421, 25.2562904358, 20.8934402466, 24.2939777374, 9.3163318634, 9.24288272858, 7.07861471176, 5.27636241913, 4.61172056198, 6.72896289825, 5.46446943283, 5.14714574814, 6.08345079422, 4.53202486038, 16.399974823, 21.9542598724, 8.95219421387, 8.16461277008, 6.4204621315, 3.95082259178, 3.70393037796, 3.06442022324, 2.28720712662, 1.61400985718, 1.17474663258, 0.734090685844, 0.344038724899, 0.150761336088, 0.0190630368888, 0.000254745362327],
        "dmean2": [0.297054082155, 1.50918066502, 3.15582633018, 3.83305740356, 4.57340240479, 4.93859291077, 5.79435443878, 5.92172956467, 15.467004776, 34.8689613342, 68.256149292, 38.9328346252, 30.3255290985, 37.440448761, 14.782784462, 14.9952726364, 11.7278337479, 8.56547832489, 7.28900432587, 10.6403198242, 8.76264762878, 8.21094322205, 9.83254146576, 7.34430217743, 25.5850906372, 34.849067688, 14.2890844345, 13.4595737457, 10.2532196045, 6.15114021301, 5.69485139847, 4.56540632248, 3.37757730484, 2.47186613083, 1.88503158092, 1.23388516903, 0.571454048157, 0.246220573783, 0.0313385017216, 0.000415960210375],
        "dvar": [0.259949177504, 10.1335144043, 60.3125495911, 73.0789871216, 74.5807418823, 53.1347389221, 123.022148132, 98.8395767212, 661.503112793, 1821.88867188, 9608.20605469, 2672.46435547, 2254.671875, 2313.66699219, 470.504577637, 456.775390625, 346.909606934, 141.345413208, 70.4357299805, 195.800201416, 151.790924072, 120.357055664, 198.156784058, 101.071800232, 1041.8515625, 2014.78356934, 303.754425049, 440.454437256, 333.050415039, 83.6817474365, 129.424346924, 76.3774414062, 42.3989944458, 17.9853096008, 8.31264209747, 3.82146525383, 0.866240799427, 0.142563521862, 0.00157260138076, 2.77353876754e-07],
        "dvar2": [0.71662569046, 25.7157344818, 164.81803894, 210.702072144, 197.433700562, 144.786315918, 338.037536621, 251.181411743, 1494.91577148, 3791.4519043, 22232.0371094, 5187.62060547, 3956.99121094, 5179.34814453, 1032.74121094, 1187.03674316, 912.850891113, 368.48135376, 169.980285645, 466.397003174, 396.502716064, 299.637451172, 537.199768066, 258.934753418, 2356.96118164, 4835.48193359, 719.87689209, 1140.89367676, 805.927307129, 172.489746094, 284.061401367, 152.284942627, 90.2253875732, 42.2577934265, 20.6991271973, 10.3673391342, 2.32964634895, 0.384786337614, 0.00418010633439, 7.4265932426e-07],
        "max": [5.66829490662, 46.311920166, 109.070953369, 113.743225098, 102.967140198, 106.727981567, 326.895141602, 211.722229004, 422.976287842, 530.541137695, 1268.74255371, 742.758361816, 854.779296875, 663.932495117, 487.830963135, 322.663299561, 351.646911621, 232.230682373, 216.106674194, 220.437652588, 299.84286499, 171.377883911, 288.862030029, 189.735427856, 523.733581543, 947.835571289, 287.642333984, 321.73916626, 322.880432129, 146.356735229, 231.801483154, 172.386459351, 110.674224854, 65.0604782104, 36.8455963135, 27.3206825256, 13.8554859161, 5.48169517517, 0.519767999649, 0.00708415359259],
        "mean": [0.337473213673, 1.17312717438, 1.72461795807, 1.88266074657, 3.19649338722, 4.14362573624, 4.58128070831, 5.07132196426, 17.1606330872, 39.9640045166, 73.2093429565, 44.7040405273, 38.7923583984, 41.6090812683, 14.1408672333, 13.1864624023, 10.2958507538, 8.48584365845, 8.07721424103, 10.2439661026, 7.47643089294, 7.50666189194, 9.19089603424, 7.43072605133, 34.0668525696, 49.3966217041, 18.8781909943, 14.4229402542, 11.1231231689, 7.60079860687, 6.01096582413, 5.45925426483, 4.16187572479, 2.65834522247, 1.70227718353, 0.969528973103, 0.504806041718, 0.259575247765, 0.0325363464653, 0.000465498538688],
        "median": [0.00145482667722, 0.00316367624328, 0.0301153250039, 0.066211938858, 0.526005148888, 1.3050429821, 1.15062689781, 1.28888559341, 3.60666537285, 10.6890087128, 16.9750347137, 12.9416656494, 9.95560455322, 11.3912467957, 5.84811210632, 5.73774909973, 4.13352489471, 4.05849266052, 3.37863969803, 3.56509590149, 2.94182682037, 2.87861537933, 3.14166808128, 2.62226986885, 2.69477581978, 2.63604521751, 2.57678985596, 2.48804712296, 2.73159313202, 2.32669711113, 2.11532878876, 2.20275735855, 1.3790230751, 0.869454681873, 0.573125481606, 0.337033450603, 0.188160300255, 0.0821523591876, 0.006427757442, 0.000150319217937],
        "min": [6.64815241557e-23, 4.13449245325e-22, 1.80693606234e-21, 5.09559655542e-21, 1.5169746033e-20, 1.89381272566e-20, 4.24222937569e-20, 7.81778348941e-20, 1.16482229691e-19, 1.71089966621e-19, 2.5428977011e-19, 2.87277655391e-19, 4.37564637067e-19, 6.27271272725e-19, 7.06984910598e-19, 1.33784469962e-18, 2.04794864981e-18, 1.88693773678e-18, 2.48871928383e-18, 2.79836938306e-18, 3.73234025346e-18, 5.29415113496e-18, 5.51971294825e-18, 6.35191744225e-18, 7.41595377858e-18, 6.55752104172e-18, 9.01940782725e-18, 1.00194129395e-17, 1.06079635259e-17, 1.23819805625e-17, 1.19360268148e-17, 8.9825213622e-18, 9.20018815013e-18, 7.98107033819e-18, 5.94532177524e-18, 4.23308272267e-18, 2.40957174769e-18, 9.45033997507e-19, 2.51282063855e-19, 2.63499288858e-20],
        "var": [0.648507833481, 13.6405200958, 45.1764030457, 46.144115448, 76.8290939331, 77.8160858154, 150.240310669, 135.221176147, 1197.12219238, 4566.37207031, 18215.6757812, 6746.52099609, 6421.38818359, 5604.84375, 847.803222656, 515.308349609, 384.712005615, 184.455810547, 152.174926758, 338.531585693, 172.411575317, 162.648452759, 249.515045166, 129.882843018, 3297.70336914, 6781.30761719, 839.60736084, 596.552734375, 430.638519287, 162.541778564, 171.146102905, 134.246932983, 71.720993042, 27.1629886627, 11.1858816147, 4.28450679779, 1.10078644753, 0.216451793909, 0.00315632997081, 5.47485797142e-07]
    },
    "gfcc": {
        "mean": [-60.4190177917, 58.3509864807, -103.617652893, -21.0654659271, -59.9387817383, -7.64666986465, -27.5310993195, 14.2664861679, -21.9040241241, 6.51296806335, -15.5621843338, -2.48850417137, -14.1396951675],
        "cov": [[30979.6152344, -8050.68505859, -1749.38720703, 3126.98510742, -2315.94824219, 1237.32946777, 1127.23376465, 1060.44763184, 259.886260986, 810.946655273, -488.204589844, 553.103027344, 298.102478027], [-8050.68505859, 7165.68212891, 914.644836426, -1438.78869629, 1967.14672852, -471.943939209, -845.08203125, -564.033630371, -595.236022949, -741.163879395, 209.578567505, -351.795166016, -258.967285156], [-1749.38720703, 914.644836426, 1802.8840332, 447.290100098, 712.898498535, 737.339233398, 105.33215332, -41.3558578491, 44.9050788879, -168.968093872, -48.588180542, 51.3367195129, -7.57433605194], [3126.98510742, -1438.78869629, 447.290100098, 1475.65881348, 59.9235420227, 591.221557617, 468.693115234, 218.532455444, 174.347961426, 234.399627686, -81.5205001831, 126.936592102, 114.123054504], [-2315.94824219, 1967.14672852, 712.898498535, 59.9235420227, 1114.15686035, 129.251083374, -74.7259368896, -90.3657455444, -152.161529541, -288.602844238, 63.3466949463, -49.012298584, -25.882566452], [1237.32946777, -471.943939209, 737.339233398, 591.221557617, 129.251083374, 817.790344238, 323.258422852, 68.7701721191, 46.1384544373, -0.979221701622, -78.0793151855, 121.246681213, 71.084602356], [1127.23376465, -845.08203125, 105.33215332, 468.693115234, -74.7259368896, 323.258422852, 438.085449219, 148.512298584, 136.001815796, 118.08341217, -17.012544632, 56.8253936768, 81.5896148682], [1060.44763184, -564.033630371, -41.3558578491, 218.532455444, -90.3657455444, 68.7701721191, 148.512298584, 214.735458374, 136.413635254, 60.8319473267, -28.7021942139, 24.6588191986, 43.2517700195], [259.886260986, -595.236022949, 44.9050788879, 174.347961426, -152.161529541, 46.1384544373, 136.001815796, 136.413635254, 269.498748779, 170.845474243, 6.26499843597, 10.2529506683, 26.774017334], [810.946655273, -741.163879395, -168.968093872, 234.399627686, -288.602844238, -0.979221701622, 118.08341217, 60.8319473267, 170.845474243, 309.154663086, 32.4986381531, 25.9392528534, -16.3847961426], [-488.204589844, 209.578567505, -48.588180542, -81.5205001831, 63.3466949463, -78.0793151855, -17.012544632, -28.7021942139, 6.26499843597, 32.4986381531, 140.660705566, 40.5917053223, 17.3035430908], [553.103027344, -351.795166016, 51.3367195129, 126.936592102, -49.012298584, 121.246681213, 56.8253936768, 24.6588191986, 10.2529506683, 25.9392528534, 40.5917053223, 134.851089478, 74.6254348755], [298.102478027, -258.967285156, -7.57433605194, 114.123054504, -25.882566452, 71.084602356, 81.5896148682, 43.2517700195, 26.774017334, -16.3847961426, 17.3035430908, 74.6254348755, 130.651535034]],
        "icov": [[7.27380465833e-05, 3.66062204193e-06, 0.000106436949864, -0.000145685829921, 0.000107579318865, -0.000122909303172, 8.62061206135e-05, -0.000273989717243, 0.000159266390256, 3.46030283254e-05, 4.51228042948e-05, -0.000142392309499, 0.000146828431753], [3.66062204193e-06, 0.000645600899588, -0.000136758433655, 0.000481454655528, -0.000964265316725, -0.00013409127132, 0.000482747127535, 7.28124650777e-05, 0.000588809838519, -0.000396474992158, -0.000525753828697, 0.00123703922145, -0.000408131920267], [0.000106436949864, -0.000136758433655, 0.00182009360287, -0.000525414303411, -0.000370449241018, -0.00156647816766, 0.000604934175499, 0.000618907215539, -0.00176993280184, 0.00117595796473, 0.000327719113557, -0.000981245422736, 0.00127402355429], [-0.000145685829921, 0.000481454655528, -0.000525414303411, 0.00238750269637, -0.00157933693845, -0.000231591111515, -0.000462314143078, -0.000397441821406, 0.0011511805933, -0.00268219108693, 0.000973813293967, 0.000820200599264, -0.00176553789061], [0.000107579318865, -0.000964265316725, -0.000370449241018, -0.00157933693845, 0.00378244975582, 0.000283056462649, -0.000587361457292, -0.000658372591715, -0.000206865122891, 0.00268654711545, -0.00158766214736, -0.000586947484408, 0.00130620331038], [-0.000122909303172, -0.00013409127132, -0.00156647816766, -0.000231591111515, 0.000283056462649, 0.00438902433962, -0.00265316665173, 0.000934832845815, 0.000325259374222, 0.000310021277983, 0.00195953762159, -0.0028772901278, 0.00049776857486], [8.62061206135e-05, 0.000482747127535, 0.000604934175499, -0.000462314143078, -0.000587361457292, -0.00265316665173, 0.00614321883768, -0.00210601580329, 0.000167654026882, -0.00117284758016, -0.00171841436531, 0.00310397520661, -0.00233968510292], [-0.000273989717243, 7.28124650777e-05, 0.000618907215539, -0.000397441821406, -0.000658372591715, 0.000934832845815, -0.00210601580329, 0.0112229157239, -0.00662349676713, 0.00317732384428, 0.00177374982741, -0.00180050882045, 0.000662622274831], [0.000159266390256, 0.000588809838519, -0.00176993280184, 0.0011511805933, -0.000206865122891, 0.000325259374222, 0.000167654026882, -0.00662349676713, 0.0122293550521, -0.00702940253541, -0.000962805293966, 0.00423414306715, -0.00411302223802], [3.46030283254e-05, -0.000396474992158, 0.00117595796473, -0.00268219108693, 0.00268654711545, 0.000310021277983, -0.00117284758016, 0.00317732384428, -0.00702940253541, 0.0120443291962, -0.00341210188344, -0.0029341080226, 0.00666912691668], [4.51228042948e-05, -0.000525753828697, 0.000327719113557, 0.000973813293967, -0.00158766214736, 0.00195953762159, -0.00171841436531, 0.00177374982741, -0.000962805293966, -0.00341210188344, 0.0137911625206, -0.00764939328656, -0.000559353909921], [-0.000142392309499, 0.00123703922145, -0.000981245422736, 0.000820200599264, -0.000586947484408, -0.0028772901278, 0.00310397520661, -0.00180050882045, 0.00423414306715, -0.0029341080226, -0.00764939328656, 0.020066101104, -0.00957350526005], [0.000146828431753, -0.000408131920267, 0.00127402355429, -0.00176553789061, 0.00130620331038, 0.00049776857486, -0.00233968510292, 0.000662622274831, -0.00411302223802, 0.00666912691668, -0.000559353909921, -0.00957350526005, 0.0165771842003]]
    },
    "melbands": {
        "dmean": [0.00145243946463, 0.00100805098191, 0.000394649046939, 0.000196270557353, 0.000119480864669, 8.40570792207e-05, 0.000168309517903, 0.00026403539232, 0.000324659864418, 0.00015710608568, 0.000111019442556, 0.000107884661702, 4.24329446105e-05, 2.18606000999e-05, 2.26652828133e-05, 1.36270828079e-05, 9.72945417743e-06, 8.01192891231e-06, 7.89042042015e-06, 9.12311679713e-06, 6.08973823546e-06, 5.70809424971e-06, 4.33255945609e-06, 6.61055491946e-06, 3.46775982507e-06, 8.32013938634e-06, 2.1933359676e-05, 1.40409911182e-05, 6.40710868538e-06, 5.73450051888e-06, 5.12111637363e-06, 4.14594524045e-06, 2.71723592959e-06, 2.28281442105e-06, 2.33322384702e-06, 2.07473499358e-06, 1.92056450032e-06, 1.66549398273e-06, 1.64433390637e-06, 1.36350615776e-06],
        "dmean2": [0.00231462810189, 0.00169436179567, 0.000695286435075, 0.000330721581122, 0.000205907985219, 0.000135613285238, 0.00025733676739, 0.000422580604209, 0.000512563914526, 0.000241142392042, 0.000160395313287, 0.000164056880749, 6.74621915095e-05, 3.49039291905e-05, 3.74598748749e-05, 2.26046449825e-05, 1.57824124472e-05, 1.27005696413e-05, 1.23812160382e-05, 1.47206437759e-05, 9.82716574072e-06, 9.23578500078e-06, 6.90167189532e-06, 1.09102911665e-05, 5.68987024963e-06, 1.30524822453e-05, 3.43014326063e-05, 2.2181753593e-05, 1.01316754808e-05, 9.41564394452e-06, 8.45217618917e-06, 6.73503018334e-06, 4.19094067183e-06, 3.55749807568e-06, 3.59830482921e-06, 3.21477318721e-06, 2.8763465707e-06, 2.50761809184e-06, 2.43930435317e-06, 2.12580653169e-06],
        "dvar": [1.49831084855e-05, 1.58983330039e-05, 2.19035109694e-06, 2.87169939384e-07, 1.42919489576e-07, 4.84496851527e-08, 1.52039291379e-07, 2.36148167687e-07, 5.00232886225e-07, 1.0978335041e-07, 6.11934964923e-08, 4.79519961516e-08, 1.21896670535e-08, 2.29218422021e-09, 3.37285754881e-09, 1.03142494545e-09, 4.93210361441e-10, 2.11490755464e-10, 2.53559118146e-10, 3.82801901289e-10, 1.99505217902e-10, 1.61490029682e-10, 7.44026368293e-11, 2.84290813113e-10, 6.23823076529e-11, 2.58769783379e-10, 2.0577752835e-09, 8.40235658828e-10, 1.73149591887e-10, 1.42849135298e-10, 1.83794493513e-10, 1.45391476636e-10, 3.79205104817e-11, 2.65195504445e-11, 4.69427725858e-11, 4.48495234007e-11, 2.7271072553e-11, 2.18558400544e-11, 1.93196708631e-11, 1.28062872806e-11],
        "dvar2": [4.00507451559e-05, 4.1795305151e-05, 6.21625576969e-06, 7.64737990266e-07, 3.93787075836e-07, 1.23494771742e-07, 3.40566742807e-07, 5.34034711563e-07, 1.15599652872e-06, 2.10060477457e-07, 1.07205394784e-07, 1.02950110659e-07, 2.59509675971e-08, 5.57322410444e-09, 8.79085781946e-09, 2.75617884071e-09, 1.28204413752e-09, 5.08882713746e-10, 5.90755000474e-10, 9.89644699523e-10, 5.13790787693e-10, 4.08614614367e-10, 1.90662347022e-10, 7.81692932605e-10, 1.5888962368e-10, 5.92150384282e-10, 4.79355088956e-09, 1.98479344071e-09, 4.08111322514e-10, 3.5870337256e-10, 4.75168127068e-10, 3.63028468398e-10, 7.70651945037e-11, 5.6539550819e-11, 1.03258603057e-10, 1.03011391084e-10, 5.4200869487e-11, 4.63866584033e-11, 4.37491154415e-11, 3.05243018361e-11],
        "max": [0.0557220205665, 0.0543245971203, 0.018831782043, 0.00866885855794, 0.0108796879649, 0.00443759700283, 0.00618091970682, 0.00605739932507, 0.00911854952574, 0.00557081215084, 0.00415001809597, 0.00317915296182, 0.00275370408781, 0.00152830185834, 0.00107245403342, 0.000458920025267, 0.000438318558736, 0.000338425685186, 0.000245822360739, 0.000252575089689, 0.000375188072212, 0.000189287122339, 0.000169468825334, 0.000377697957447, 0.000130880056531, 0.000248829834163, 0.000825727300253, 0.00059749832144, 0.000264218397206, 0.000179047856363, 0.000220845919102, 0.000196500361199, 0.000110454173409, 7.70885526435e-05, 0.000135314825457, 0.000150265565026, 8.59977008076e-05, 7.71828126744e-05, 7.93450453784e-05, 4.78768706671e-05],
        "mean": [0.00263587478548, 0.0011363736121, 0.000371656467905, 0.000267199706286, 0.000166936340975, 0.000114640009997, 0.000289009651169, 0.000490084581543, 0.00054803333478, 0.000264758535195, 0.000200708716875, 0.000184118471225, 5.77872488066e-05, 3.15510369546e-05, 3.15425131703e-05, 2.01000730158e-05, 1.47031878441e-05, 1.32447139549e-05, 1.21936691357e-05, 1.26468394228e-05, 7.85119300417e-06, 7.70351925894e-06, 7.05512684362e-06, 8.73376393429e-06, 4.59842976852e-06, 1.38035984492e-05, 4.35568545072e-05, 2.91549022222e-05, 1.14281174319e-05, 9.3142989499e-06, 8.14738450572e-06, 6.24721633358e-06, 5.14694193043e-06, 3.92554784412e-06, 3.47945865542e-06, 3.24482243741e-06, 3.35597906087e-06, 2.82374503513e-06, 2.83602207674e-06, 2.02030696528e-06],
        "median": [1.74420019903e-05, 1.19713167805e-05, 1.70203038579e-05, 7.33706838218e-05, 5.29563694727e-05, 2.86040012725e-05, 5.78254403081e-05, 0.000124087615404, 0.000116497663839, 5.20803951076e-05, 4.26946244261e-05, 4.48972641607e-05, 1.64731245604e-05, 1.36885946631e-05, 9.5810773928e-06, 8.35638093122e-06, 6.09541712038e-06, 4.69884435006e-06, 4.24439485869e-06, 4.17130650021e-06, 2.64138088824e-06, 2.57718693319e-06, 2.75127376881e-06, 2.51416076935e-06, 1.45971512211e-06, 1.77690981218e-06, 1.79035146175e-06, 1.71213946487e-06, 1.60175886776e-06, 1.33337493935e-06, 1.34725041789e-06, 1.41225677908e-06, 1.44897012433e-06, 1.11780104817e-06, 1.00330134956e-06, 1.27816292661e-06, 1.13709506877e-06, 9.18599653232e-07, 7.82820507084e-07, 6.36016181943e-07],
        "min": [9.14540745527e-25, 1.59680879308e-24, 1.5201380212e-24, 1.19548438641e-24, 1.447594964e-24, 1.92210120798e-24, 1.89961729168e-24, 1.93257215321e-24, 1.46179751713e-24, 2.24689969735e-24, 1.57106412022e-24, 2.88362857979e-24, 1.70801993831e-24, 3.92387500081e-24, 3.10341508874e-24, 3.63501504213e-24, 3.4526051573e-24, 3.2120672678e-24, 3.48982006493e-24, 3.39716953491e-24, 3.69408691887e-24, 4.49497834733e-24, 3.87782524547e-24, 4.05333654169e-24, 4.58905789888e-24, 5.25307131066e-24, 3.34965289271e-24, 4.13128231001e-24, 4.55426873853e-24, 4.85543334961e-24, 4.78510916092e-24, 4.71775818899e-24, 5.76135529671e-24, 5.89759670264e-24, 5.52644040774e-24, 4.46519766486e-24, 4.9910136901e-24, 5.18175631268e-24, 6.00063258648e-24, 5.65051284535e-24],
        "var": [3.75612798962e-05, 1.53826276801e-05, 1.47650553117e-06, 3.60965827895e-07, 1.76663462526e-07, 6.68383890456e-08, 2.88745951593e-07, 5.57646103516e-07, 9.54443748924e-07, 2.7323827112e-07, 1.73925286617e-07, 1.22683715631e-07, 2.20064091394e-08, 3.09990011438e-09, 3.91658883103e-09, 1.13124720702e-09, 6.13569750563e-10, 4.6046219615e-10, 4.82916207023e-10, 4.73542205448e-10, 2.30891861186e-10, 1.96037561184e-10, 1.2694588436e-10, 2.88759488543e-10, 6.91200013891e-11, 6.00886840285e-10, 6.39138963976e-09, 2.55179100073e-09, 3.84171944257e-10, 2.50177600858e-10, 2.24260041093e-10, 1.62020105665e-10, 7.78195563544e-11, 4.77133471621e-11, 6.13826420248e-11, 5.55215387554e-11, 5.20500968715e-11, 3.61358616641e-11, 3.25094499931e-11, 1.7761197027e-11]
    },
    "mfcc": {
        "mean": [-705.343200684, 112.286811829, -0.66826581955, -4.0885424614, -17.0345535278, -15.0227870941, -2.79122424126, -2.25977015495, 0.0981207713485, 7.41900205612, 2.06808662415, -0.127848640084, 1.05152821541],
        "cov": [[17200.4414062, -6581.62304688, -72.9477920532, 970.842224121, -1093.17321777, 356.480529785, 520.743041992, 466.598449707, 1224.58410645, 775.95123291, -29.383846283, 394.340667725, 511.693481445], [-6581.62304688, 5990.13964844, -14.7889213562, -308.697692871, 1372.15600586, -39.4944419861, 68.4513702393, 9.75551700592, -776.177246094, -628.481628418, -78.1677627563, -341.031005859, -356.980773926], [-72.9477920532, -14.7889213562, 1197.25561523, 151.563781738, 303.069335938, 540.328369141, 287.292480469, 208.502029419, 239.287780762, -16.4913711548, 61.909954071, 150.060424805, -83.8286056519], [970.842224121, -308.697692871, 151.563781738, 633.25994873, 228.979324341, 219.140792847, 151.211044312, 80.3944015503, 169.323944092, 133.601654053, 41.9270362854, 44.0992622375, 102.430412292], [-1093.17321777, 1372.15600586, 303.069335938, 228.979324341, 885.438781738, 273.538879395, 226.919555664, 234.396697998, -53.949180603, -182.299880981, -25.6549873352, -57.8995399475, -97.5822143555], [356.480529785, -39.4944419861, 540.328369141, 219.140792847, 273.538879395, 560.56048584, 346.336029053, 173.174667358, 168.410827637, -2.39211392403, 37.3820419312, 90.8474121094, -16.2493190765], [520.743041992, 68.4513702393, 287.292480469, 151.211044312, 226.919555664, 346.336029053, 371.01473999, 234.99798584, 124.29359436, -24.5620708466, -17.7997455597, 37.1000328064, -4.89185476303], [466.598449707, 9.75551700592, 208.502029419, 80.3944015503, 234.396697998, 173.174667358, 234.99798584, 287.08605957, 160.332077026, -16.7947292328, -28.5518550873, 7.40958499908, -23.7402610779], [1224.58410645, -776.177246094, 239.287780762, 169.323944092, -53.949180603, 168.410827637, 124.29359436, 160.332077026, 337.236816406, 178.812866211, 48.7568054199, 88.8147277832, 37.1664543152], [775.95123291, -628.481628418, -16.4913711548, 133.601654053, -182.299880981, -2.39211392403, -24.5620708466, -16.7947292328, 178.812866211, 240.159103394, 95.2645721436, 74.4790878296, 69.6220779419], [-29.383846283, -78.1677627563, 61.909954071, 41.9270362854, -25.6549873352, 37.3820419312, -17.7997455597, -28.5518550873, 48.7568054199, 95.2645721436, 130.078964233, 89.4368057251, 29.4750556946], [394.340667725, -341.031005859, 150.060424805, 44.0992622375, -57.8995399475, 90.8474121094, 37.1000328064, 7.40958499908, 88.8147277832, 74.4790878296, 89.4368057251, 145.228134155, 58.2134819031], [511.693481445, -356.980773926, -83.8286056519, 102.430412292, -97.5822143555, -16.2493190765, -4.89185476303, -23.7402610779, 37.1664543152, 69.6220779419, 29.4750556946, 58.2134819031, 120.444541931]],
