{
"lowlevel": {
    "average_loudness": 0.873755991459,
    "barkbands_crest": {
        "dmean": 2.82677102089,
        "dmean2": 4.60338258743,
        "dvar": 7.02574157715,
        "dvar2": 18.1744041443,
        "max": 26.9200744629,
        "mean": 12.6187381744,
        "median": 11.9318561554,
        "min": 2.74021840096,
        "var": 23.9339504242
    },
    "barkbands_flatness_db": {
        "dmean": 0.0364694856107,
        "dmean2": 0.0507293306291,
        "dvar": 0.00148438743781,
        "dvar2": 0.00305869407021,
        "max": 0.768227398396,
        "mean": 0.214688107371,
        "median": 0.203160062432,
        "min": 0.0213652271777,
        "var": 0.00834675971419
    },
    "barkbands_kurtosis": {
        "dmean": 76.7460708618,
        "dmean2": 131.985687256,
        "dvar": 544769.8125,
        "dvar2": 1380322.375,
        "max": 42530.0078125,
        "mean": 82.8866500854,
        "median": 7.75297355652,
        "min": -1.91886842251,
        "var": 721102.5
    },
    "barkbands_skewness": {
        "dmean": 1.46792459488,
        "dmean2": 2.3415210247,
        "dvar": 19.0625190735,
        "dvar2": 53.3540763855,
        "max": 162.017379761,
        "mean": 3.30016994476,
        "median": 2.18170619011,
        "min": -3.28665971756,
        "var": 43.5900497437
    },
    "barkbands_spread": {
        "dmean": 5.21114206314,
        "dmean2": 7.76363515854,
        "dvar": 93.2070541382,
        "dvar2": 191.950622559,
        "max": 134.282943726,
        "mean": 12.4058647156,
        "median": 7.40127086639,
        "min": 0.00594006897882,
        "var": 204.161590576
    },
    "dissonance": {
        "dmean": 0.0287622269243,
        "dmean2": 0.0462366528809,
        "dvar": 0.000819358392619,
        "dvar2": 0.00199801311828,
        "max": 0.5,
        "mean": 0.432845205069,
        "median": 0.445885181427,
        "min": 0.159412384033,
        "var": 0.00260092667304
    },
    "dynamic_complexity": 4.91584300995,
    "erbbands_crest": {
        "dmean": 2.67992115021,
        "dmean2": 4.22705936432,
        "dvar": 6.51303291321,
        "dvar2": 15.2628269196,
        "max": 31.6231307983,
        "mean": 9.96422290802,
        "median": 9.10314655304,
        "min": 2.15038228035,
        "var": 18.1990356445
    },
    "erbbands_flatness_db": {
        "dmean": 0.0326024703681,
        "dmean2": 0.0420757718384,
        "dvar": 0.00112544430885,
        "dvar2": 0.00200489955023,
        "max": 0.418546766043,
        "mean": 0.17891946435,
        "median": 0.178754463792,
        "min": 0.0327799469233,
        "var": 0.00444211345166
    },
    "erbbands_kurtosis": {
        "dmean": 2.56752490997,
        "dmean2": 3.8915104866,
        "dvar": 23.587059021,
        "dvar2": 48.6787719727,
        "max": 162.048019409,
        "mean": 3.14614415169,
        "median": 0.818129301071,
        "min": -1.85616600513,
        "var": 52.7525138855
    },
    "erbbands_skewness": {
        "dmean": 0.53249579668,
        "dmean2": 0.786107540131,
        "dvar": 0.303373873234,
        "dvar2": 0.656093776226,
        "max": 10.6200819016,
        "mean": 1.01529014111,
        "median": 0.904903769493,
        "min": -3.79827833176,
        "var": 1.34867560863
    },
    "erbbands_spread": {
        "dmean": 12.3513631821,
        "dmean2": 18.3247261047,
        "dvar": 292.364349365,
        "dvar2": 612.80078125,
        "max": 182.45715332,
        "mean": 35.5998840332,
        "median": 26.2938995361,
        "min": 1.6254080534,
        "var": 817.995910645
    },
    "hfc": {
        "dmean": 7.09885501862,
        "dmean2": 10.3195314407,
        "dvar": 191.078338623,
        "dvar2": 406.109954834,
        "max": 302.841156006,
        "mean": 14.9118070602,
        "median": 8.711769104,
        "min": 1.11209417335e-16,
        "var": 366.041259766
    },
    "melbands_crest": {
        "dmean": 3.26284909248,
        "dmean2": 5.27948999405,
        "dvar": 9.38036441803,
        "dvar2": 23.4138031006,
        "max": 39.9984436035,
        "mean": 16.2253055573,
        "median": 15.1203184128,
        "min": 1.93986105919,
        "var": 42.7490234375
    },
    "melbands_flatness_db": {
        "dmean": 0.0401292257011,
        "dmean2": 0.0555567108095,
        "dvar": 0.00179191085044,
        "dvar2": 0.00341890379786,
        "max": 0.762614130974,
        "mean": 0.308377176523,
        "median": 0.310170412064,
        "min": 0.00457463879138,
        "var": 0.0127983186394
    },
    "melbands_kurtosis": {
        "dmean": 134.501800537,
        "dmean2": 223.723800659,
        "dvar": 3543780.25,
        "dvar2": 7844442,
        "max": 138422.234375,
        "mean": 165.970718384,
        "median": 14.5601272583,
        "min": -1.67261385918,
        "var": 4956221
    },
    "melbands_skewness": {
        "dmean": 1.69553518295,
        "dmean2": 2.65666770935,
        "dvar": 38.8873176575,
        "dvar2": 89.0427322388,
        "max": 353.315582275,
        "mean": 4.40122032166,
        "median": 2.80108690262,
        "min": -1.45693552494,
        "var": 101.6720047
    },
    "melbands_spread": {
        "dmean": 4.14907264709,
        "dmean2": 6.29332351685,
        "dvar": 80.4481048584,
        "dvar2": 176.99798584,
        "max": 232.584106445,
        "mean": 11.7184305191,
        "median": 6.59398365021,
        "min": 0.00498156249523,
        "var": 251.533782959
    },
    "pitch_salience": {
        "dmean": 0.0749514102936,
        "dmean2": 0.121901616454,
        "dvar": 0.00487020984292,
        "dvar2": 0.0126862367615,
        "max": 0.962424874306,
        "mean": 0.529683113098,
        "median": 0.54922157526,
        "min": 0.000895911129192,
        "var": 0.0198851171881
    },
    "silence_rate_20dB": {
        "dmean": 0.000154978697537,
        "dmean2": 0.000309981405735,
        "dvar": 0.000154953217134,
        "dvar2": 0.000464870216092,
        "max": 1,
        "mean": 0.999922513962,
        "median": 1,
        "min": 0,
        "var": 7.74769723648e-05
    },
    "silence_rate_30dB": {
        "dmean": 0.0593568384647,
        "dmean2": 0.118722878397,
        "dvar": 0.0558344498277,
        "dvar2": 0.111280634999,
        "max": 1,
        "mean": 0.920114696026,
        "median": 1,
        "min": 0,
        "var": 0.0735133066773
    },
    "silence_rate_60dB": {
        "dmean": 0.0246416125447,
        "dmean2": 0.0492870435119,
        "dvar": 0.0240368060768,
        "dvar2": 0.0529115982354,
        "max": 1,
        "mean": 0.0958468914032,
        "median": 0,
        "min": 0,
        "var": 0.086679443717
    },
    "spectral_centroid": {
        "dmean": 176.0105896,
        "dmean2": 260.72064209,
        "dvar": 81227.78125,
        "dvar2": 160490.09375,
        "max": 11389.1230469,
        "mean": 775.898864746,
        "median": 494.682739258,
        "min": 112.762863159,
        "var": 532741.1875
    },
    "spectral_complexity": {
        "dmean": 2.75025177002,
        "dmean2": 4.22163677216,
        "dvar": 15.9932394028,
        "dvar2": 34.2038345337,
        "max": 55,
        "mean": 12.0811252594,
        "median": 11,
        "min": 0,
        "var": 61.7256317139
    },
    "spectral_decrease": {
        "dmean": 5.38126476712e-09,
        "dmean2": 8.64120330846e-09,
        "dvar": 1.41931964076e-16,
        "dvar2": 3.61151528833e-16,
        "max": 7.84275364064e-22,
        "mean": -9.92345139395e-09,
        "median": -5.61741941851e-09,
        "min": -1.23384438666e-07,
        "var": 1.74330564027e-16
    },
    "spectral_energy": {
        "dmean": 0.0207980852574,
        "dmean2": 0.0332955382764,
        "dvar": 0.0020775499288,
        "dvar2": 0.00527490722016,
        "max": 0.46995651722,
        "mean": 0.0388060584664,
        "median": 0.0222958624363,
        "min": 1.03727439072e-20,
        "var": 0.00257069990039
    },
    "spectral_energyband_high": {
        "dmean": 0.000350730435457,
        "dmean2": 0.000500839378219,
        "dvar": 9.81923562904e-07,
        "dvar2": 1.96469636649e-06,
        "max": 0.0223357509822,
        "mean": 0.000497752509546,
        "median": 5.52808342036e-05,
        "min": 7.33426879483e-21,
        "var": 1.82051189768e-06
    },
    "spectral_energyband_low": {
        "dmean": 0.0146096879616,
        "dmean2": 0.0242642778903,
        "dvar": 0.00169060751796,
        "dvar2": 0.00442649517208,
        "max": 0.441280633211,
        "mean": 0.0210424941033,
        "median": 0.00411879271269,
        "min": 3.28613420705e-23,
        "var": 0.00179829203989
    },
    "spectral_energyband_middle_high": {
        "dmean": 0.00110055785626,
        "dmean2": 0.00167393684387,
        "dvar": 4.89401054438e-06,
        "dvar2": 1.16374831123e-05,
        "max": 0.0764940530062,
        "mean": 0.00264348625205,
        "median": 0.000919048325159,
        "min": 1.34332324041e-21,
        "var": 1.98731886485e-05
    },
    "spectral_energyband_middle_low": {
        "dmean": 0.00791925564408,
        "dmean2": 0.0123652191833,
        "dvar": 0.000196955792489,
        "dvar2": 0.000496496737469,
        "max": 0.206587851048,
        "mean": 0.0159530770034,
        "median": 0.0105384644121,
        "min": 2.02168780541e-22,
        "var": 0.000299027189612
    },
    "spectral_entropy": {
        "dmean": 0.343633681536,
        "dmean2": 0.465815931559,
        "dvar": 0.15617467463,
        "dvar2": 0.288749426603,
        "max": 9.8078994751,
        "mean": 6.88659954071,
        "median": 6.9607872963,
        "min": 4.16870212555,
        "var": 0.650787055492
    },
    "spectral_flux": {
        "dmean": 0.0405357852578,
        "dmean2": 0.0638010799885,
        "dvar": 0.00422044843435,
        "dvar2": 0.00923458114266,
        "max": 0.624739587307,
        "mean": 0.0869925394654,
        "median": 0.0638386160135,
        "min": 6.78133313392e-11,
        "var": 0.00668245740235
    },
    "spectral_kurtosis": {
        "dmean": 6.64322280884,
        "dmean2": 9.64441776276,
        "dvar": 82.4876174927,
        "dvar2": 172.948272705,
        "max": 137.520172119,
        "mean": 13.2991075516,
        "median": 7.58316230774,
        "min": -1.25255823135,
        "var": 229.43522644
    },
    "spectral_rms": {
        "dmean": 0.00134131673258,
        "dmean2": 0.002039617626,
        "dvar": 4.49971412309e-06,
        "dvar2": 1.05490280475e-05,
        "max": 0.0214124768972,
        "mean": 0.00523239513859,
        "median": 0.00466391071677,
        "min": 3.18115542589e-12,
        "var": 1.0481402569e-05
    },
    "spectral_rolloff": {
        "dmean": 415.60546875,
        "dmean2": 717.714050293,
        "dvar": 2165297.5,
        "dvar2": 4915885,
        "max": 19293.75,
        "mean": 970.304199219,
        "median": 409.130859375,
        "min": 21.533203125,
        "var": 4048852.75
    },
    "spectral_skewness": {
        "dmean": 0.620251595974,
        "dmean2": 0.872055649757,
        "dvar": 0.504038155079,
        "dvar2": 1.02853798866,
        "max": 9.82740783691,
        "mean": 2.60764670372,
        "median": 2.25244545937,
        "min": -0.383738785982,
        "var": 1.98064613342
    },
    "spectral_spread": {
        "dmean": 1248097,
        "dmean2": 1690041.875,
        "dvar": 2.73736060109e+12,
        "dvar2": 5.10137414451e+12,
        "max": 42337480,
        "mean": 4565620,
        "median": 3577287.5,
        "min": 675631.125,
        "var": 8.70327359898e+12
    },
    "spectral_strongpeak": {
        "dmean": 0.331143945456,
        "dmean2": 0.555142045021,
        "dvar": 0.310535311699,
        "dvar2": 0.82708466053,
        "max": 11.1811084747,
        "mean": 0.658571124077,
        "median": 0.443159997463,
        "min": 0,
        "var": 0.536662757397
    },
    "zerocrossingrate": {
        "dmean": 0.0126067744568,
        "dmean2": 0.0145612927154,
        "dvar": 0.000455686211353,
        "dvar2": 0.000524662144016,
        "max": 0.8662109375,
        "mean": 0.0431242845953,
        "median": 0.02685546875,
        "min": 0,
        "var": 0.00316790794022
    },
    "barkbands": {
        "dmean": [0.000745096243918, 0.0109720351174, 0.00365710188635, 0.00225403322838, 0.00472118984908, 0.00128688232508, 0.0011341269128, 0.00041876436444, 0.000323748070514, 0.000231923841056, 0.000302900385577, 0.000237365966314, 0.000166417405126, 0.000189730417333, 0.000164467448485, 0.000146666381625, 0.000122505312902, 9.52372574829e-05, 7.15971982572e-05, 5.67636561755e-05, 5.38892309123e-05, 3.93933587475e-05, 4.26318983955e-05, 5.46968949493e-05, 4.92825565743e-05, 6.93178953952e-05, 5.98703700234e-05],
        "dmean2": [0.00124133634381, 0.0184384770691, 0.00636236276478, 0.00383204827085, 0.00768248969689, 0.00207462068647, 0.00159761763643, 0.000648233457468, 0.000468688551337, 0.000350140617229, 0.000470865314128, 0.000373617163859, 0.000271970202448, 0.000301979336655, 0.000266138697043, 0.000234540420934, 0.0002069590264, 0.000157580376253, 0.000113605397928, 9.16060671443e-05, 8.22207293822e-05, 5.89553819736e-05, 6.18303747615e-05, 8.00675043138e-05, 7.32318803784e-05, 0.000105788538349, 9.44365383475e-05],
        "dvar": [4.6590898819e-06, 0.00101599202026, 0.000120493597933, 2.81873508357e-05, 9.61217156146e-05, 6.32712362858e-06, 4.59127022623e-06, 1.03024990494e-06, 5.2052519095e-07, 3.64962630783e-07, 1.8007710878e-06, 6.89789033004e-07, 3.30608912691e-07, 3.29095655616e-07, 2.84488550051e-07, 1.75358735532e-07, 1.43251199347e-07, 7.05423843783e-08, 6.24138465355e-08, 4.14954257622e-08, 2.66348312294e-08, 1.17713323533e-08, 1.50204364502e-08, 3.08021128603e-08, 2.67319002489e-08, 6.77858196241e-08, 6.77844624875e-08],
        "dvar2": [1.17376603157e-05, 0.00272434973158, 0.000333041127305, 7.52380656195e-05, 0.000253236998105, 1.56810056069e-05, 9.18811747397e-06, 2.26453039431e-06, 1.03590866729e-06, 8.61201783664e-07, 4.4295720727e-06, 1.77644369614e-06, 8.7096890411e-07, 7.89265868661e-07, 7.45051579543e-07, 4.53476928897e-07, 4.07208602837e-07, 1.87294901366e-07, 1.4685736005e-07, 1.01323507806e-07, 5.44147766846e-08, 2.46891396216e-08, 2.99273992255e-08, 5.94035824975e-08, 5.61773205732e-08, 1.46878562646e-07, 1.54109741857e-07],
        "max": [0.0384391248226, 0.360519498587, 0.142965972424, 0.0723045021296, 0.171450093389, 0.0486959218979, 0.0677096843719, 0.0380907617509, 0.0258254669607, 0.0185510870069, 0.0650145113468, 0.030746197328, 0.0203568506986, 0.0231432970613, 0.0189356841147, 0.0124415094033, 0.00914312712848, 0.0111834900454, 0.00957418512553, 0.0119049996138, 0.00496771465987, 0.00350910518318, 0.00393571238965, 0.00593987246975, 0.00485001271591, 0.00489170989022, 0.00697573181242],
        "mean": [0.000849326199386, 0.0146674076095, 0.00421886332333, 0.00279827788472, 0.0071862176992, 0.00228428817354, 0.00222061690874, 0.000715863134246, 0.000704681791831, 0.000380450568628, 0.000444376288215, 0.000391266919905, 0.000246229814366, 0.000285957474262, 0.000244150171056, 0.000219952024054, 0.000169786246261, 0.000127739447635, 0.00010478420154, 8.48537165439e-05, 7.92479113443e-05, 6.13752272329e-05, 5.80175583309e-05, 7.18771116226e-05, 6.25574975857e-05, 7.39014940336e-05, 5.39002976438e-05],
        "median": [5.25288123754e-05, 0.0015017518308, 0.000788195698988, 0.000845114176627, 0.00353849586099, 0.00112480821554, 0.000901580206119, 0.000205753618502, 0.000252294528764, 9.97839524643e-05, 0.000100004675915, 6.31159200566e-05, 4.44749384769e-05, 4.46472113254e-05, 2.5385972549e-05, 1.65729961736e-05, 1.80354290933e-05, 1.62662145158e-05, 9.29694306251e-06, 8.75088062458e-06, 6.17016530668e-06, 5.37179948878e-06, 5.66748030906e-06, 5.85657744523e-06, 4.03496960644e-06, 2.06656204682e-06, 2.82821417841e-07],
        "min": [1.2257472601e-24, 6.73298777949e-24, 2.29263943036e-24, 1.79856736516e-24, 2.22468336266e-23, 1.48318882164e-23, 1.88436403499e-23, 7.4876570865e-24, 1.69089179591e-23, 3.30682445087e-23, 1.65078563417e-23, 3.92151717445e-23, 3.48397042466e-23, 5.02530902352e-23, 5.40309451103e-23, 1.02970796509e-22, 6.54093549004e-23, 1.53978504775e-22, 1.13463290258e-22, 1.91926702797e-22, 2.8386787332e-22, 3.36026447606e-22, 4.46368751688e-22, 6.01178602261e-22, 9.91160990082e-22, 1.42866168302e-21, 1.92610722194e-21],
        "var": [5.21373112861e-06, 0.00100458983798, 0.000103577047412, 2.99010698654e-05, 0.000110469416541, 1.17211129691e-05, 1.2727149624e-05, 2.88676596938e-06, 2.2769950192e-06, 7.7598099324e-07, 2.82910104943e-06, 1.48227422869e-06, 5.83751898375e-07, 6.23179857939e-07, 5.13650206813e-07, 3.84717651514e-07, 2.47274755338e-07, 1.05586060783e-07, 1.10173253631e-07, 6.78233575968e-08, 5.43322471458e-08, 2.42112232485e-08, 3.08762651002e-08, 6.90719801355e-08, 4.69098644373e-08, 8.9960060734e-08, 7.06366662939e-08]
    },
    "erbbands": {
        "dmean": [0.346670329571, 2.44132018089, 4.47057628632, 5.65355539322, 13.8610916138, 15.9899072647, 10.4519615173, 10.1096086502, 14.7270736694, 15.2973995209, 8.40919876099, 6.63651132584, 6.37109994888, 8.40725517273, 10.7255210876, 8.77735900879, 7.49676561356, 8.45958423615, 8.11427974701, 10.1214780807, 7.19501829147, 6.60230493546, 4.90912103653, 3.87755465508, 3.48984336853, 2.72618031502, 2.19480419159, 1.96786534786, 1.41618275642, 1.19301962852, 1.30299663544, 1.12350738049, 0.947785973549, 0.590396046638, 0.338537663221, 0.170674562454, 0.151526138186, 0.0853090509772, 0.00941761489958, 0.000143367360579],
        "dmean2": [0.58154886961, 4.12563467026, 7.75075626373, 9.53930187225, 23.1241798401, 26.0247135162, 16.9205875397, 15.9312467575, 20.3213272095, 23.2448272705, 12.5126657486, 9.7201166153, 9.55290126801, 12.9006414413, 16.8083229065, 13.9352264404, 11.9511995316, 13.5462694168, 12.8072528839, 16.3123817444, 11.5654983521, 11.0885972977, 8.1266374588, 6.15789365768, 5.56470966339, 4.38199281693, 3.39548659325, 2.98527932167, 2.09739661217, 1.74638557434, 1.9217634201, 1.66872644424, 1.41247928143, 0.885208964348, 0.504820048809, 0.256461709738, 0.23182477057, 0.132129281759, 0.0149874947965, 0.000222967733862],
        "dvar": [0.969193041325, 52.9938430786, 187.254943848, 197.435592651, 748.733581543, 1237.36669922, 556.184020996, 470.361206055, 938.945739746, 1152.53869629, 380.633850098, 213.687835693, 227.55796814, 517.119628906, 1969.8046875, 860.341796875, 605.020751953, 803.372314453, 527.821411133, 1508.03149414, 513.198486328, 338.261962891, 165.07421875, 133.813598633, 135.834823608, 91.9676132202, 41.8329963684, 42.6187591553, 15.6127157211, 10.8457183838, 15.3445768356, 14.7560796738, 9.39469337463, 3.74229431152, 1.2694337368, 0.37030467391, 0.355499386787, 0.119080111384, 0.00179878773633, 3.11678434173e-07],
        "dvar2": [2.64262533188, 141.916641235, 519.208984375, 525.818664551, 2010.29663086, 3286.55371094, 1373.23339844, 1118.28283691, 1788.98547363, 2714.43408203, 770.038513184, 434.494720459, 502.495147705, 1305.05212402, 4916.78125, 2276.84643555, 1607.33435059, 2035.74060059, 1255.82055664, 3961.02294922, 1368.72351074, 948.761962891, 436.844421387, 309.367919922, 330.195159912, 224.223571777, 93.9919281006, 85.0963668823, 32.1212348938, 22.7810020447, 31.5316543579, 28.9758892059, 20.1448612213, 8.11263942719, 2.61810612679, 0.794950425625, 0.779429376125, 0.262587577105, 0.0042116525583, 7.17705461284e-07],
        "max": [12.5668869019, 83.6413116455, 154.934616089, 176.396697998, 440.860748291, 542.935119629, 566.622253418, 591.294006348, 982.934753418, 819.549743652, 739.282287598, 509.520385742, 733.476745605, 736.407165527, 2019.50305176, 794.141967773, 759.625549316, 1233.96044922, 793.61529541, 1752.23388672, 751.986816406, 595.584472656, 515.268432617, 476.287689209, 418.080078125, 494.704803467, 189.117523193, 263.690948486, 135.287612915, 119.924324036, 128.348693848, 155.920684814, 84.368888855, 59.0794525146, 31.4869174957, 17.2681427002, 12.6783533096, 7.89999294281, 1.04891514778, 0.0132251046598],
        "mean": [0.454694181681, 3.11086297035, 5.41135597229, 7.53227376938, 19.2075862885, 23.4771614075, 18.7358551025, 18.3216495514, 29.0808506012, 26.8168945312, 17.017868042, 13.9829521179, 12.0989017487, 14.1253757477, 17.0377502441, 14.6898870468, 12.2698421478, 13.0859193802, 12.8293428421, 15.3660507202, 11.5640907288, 9.63886737823, 6.91697788239, 5.68420696259, 5.24740600586, 4.23442363739, 3.20697498322, 2.95549440384, 2.19982218742, 1.7603918314, 1.74675118923, 1.48781573772, 1.19015514851, 0.73354101181, 0.41923096776, 0.201353445649, 0.157599881291, 0.0808028131723, 0.00828835275024, 0.000156479713041],
        "median": [0.0333053730428, 0.338537633419, 1.06508088112, 2.57113695145, 8.72668170929, 10.6006307602, 9.2700214386, 8.75658035278, 11.9105091095, 8.23495483398, 6.17665290833, 5.02473735809, 4.5604968071, 4.6577835083, 4.2462220192, 2.74023747444, 2.41637420654, 2.42140388489, 1.84426188469, 1.49643993378, 0.964592456818, 1.17131960392, 0.953982234001, 0.65745216608, 0.514178752899, 0.382655799389, 0.277535557747, 0.232223361731, 0.186980634928, 0.179808631539, 0.167909011245, 0.133602976799, 0.0878344625235, 0.0506247133017, 0.02396363765, 0.00921691395342, 0.00373560120352, 0.000882520631421, 5.74609512114e-05, 3.49705733242e-05],
        "min": [2.7856241139e-22, 1.17683819795e-21, 6.01658946608e-21, 6.8681848314e-21, 2.36083372963e-20, 4.08746905296e-20, 8.92071768385e-20, 1.25444912574e-19, 2.19414801509e-19, 1.75702183545e-19, 4.41235199336e-19, 4.34124599694e-19, 4.81059034445e-19, 9.61479175265e-19, 1.05588333402e-18, 2.09115394756e-18, 1.84135512195e-18, 2.59632596895e-18, 2.50170622625e-18, 4.97038106268e-18, 7.07176227134e-18, 5.04305797848e-18, 7.82967643376e-18, 6.25589418084e-18, 8.94311447782e-18, 1.0797405257e-17, 1.18439756747e-17, 1.11027713878e-17, 1.17241370562e-17, 1.1054449978e-17, 1.11783657696e-17, 1.23042504004e-17, 1.13571128826e-17, 1.0089867221e-17, 6.28373294436e-18, 4.85856733697e-18, 2.75789005901e-18, 1.09949808618e-18, 2.46531643145e-19, 2.72982656087e-20],
        "var": [1.02418196201, 48.9211463928, 157.983581543, 204.923690796, 848.260559082, 1374.39770508, 1010.31774902, 875.054626465, 2575.92260742, 2535.9140625, 1319.53613281, 851.081054688, 588.191223145, 1029.88879395, 3174.72094727, 1786.453125, 1265.11499023, 1343.07202148, 1200.984375, 2716.55688477, 1143.33337402, 636.883728027, 271.459869385, 230.755966187, 238.577713013, 165.324539185, 80.8275527954, 85.7116241455, 32.1345787048, 20.2324180603, 31.0616493225, 33.0435447693, 17.259683609, 6.35510540009, 2.21448636055, 0.563535034657, 0.457141190767, 0.135115846992, 0.0017698694719, 3.22706938505e-07]
    },
    "gfcc": {
        "mean": [-73.220413208, 113.876533508, -76.3393936157, 16.5659408569, -51.3833007812, 3.73810982704, -39.7737350464, 1.267172575, -21.6459693909, -0.4487426579, -12.787320137, 1.8514636755, -9.97334098816],
        "cov": [[22833.4667969, -70.8292312622, -1649.58996582, -14.7765874863, -724.156311035, 36.3820419312, -467.312713623, 59.0463066101, -258.290222168, 75.9929122925, -366.568603516, -39.9119300842, -340.095031738], [-70.8292312622, 3090.52807617, 115.620765686, -369.629516602, 470.630096436, -122.00933075, 160.253890991, -90.0696716309, 144.964675903, -232.780807495, 114.251373291, -180.612731934, 70.3327560425], [-1649.58996582, 115.620765686, 2730.69018555, 133.449996948, 356.73135376, 221.7550354, 117.787757874, 74.5189819336, -8.44349956512, 7.41176939011, -22.2888755798, 61.3656997681, -77.8379516602], [-14.7765874863, -369.629516602, 133.449996948, 744.319824219, 143.829544067, 93.8909225464, 79.33618927, 77.643661499, 40.6758728027, 58.4618377686, 6.96435689926, -1.17351460457, 30.6904354095], [-724.156311035, 470.630096436, 356.73135376, 143.829544067, 518.956604004, 113.344787598, 142.017532349, 76.4838027954, 138.773223877, 7.57490253448, 54.1869812012, -23.726360321, 15.9611206055], [36.3820419312, -122.00933075, 221.7550354, 93.8909225464, 113.344787598, 300.654602051, 145.804275513, 51.7587089539, 20.7537574768, 80.2398605347, 12.6296319962, 11.108997345, -7.98635387421], [-467.312713623, 160.253890991, 117.787757874, 79.33618927, 142.017532349, 145.804275513, 252.911621094, 84.4061889648, 68.825920105, 31.9629745483, 62.6786079407, -1.22815084457, 24.7003993988], [59.0463066101, -90.0696716309, 74.5189819336, 77.643661499, 76.4838027954, 51.7587089539, 84.4061889648, 160.851348877, 70.6443710327, 32.0123634338, 14.0273342133, 38.4742279053, 12.3888425827], [-258.290222168, 144.964675903, -8.44349956512, 40.6758728027, 138.773223877, 20.7537574768, 68.825920105, 70.6443710327, 147.944549561, 35.8866844177, 33.7353897095, 1.4326249361, 33.0229873657], [75.9929122925, -232.780807495, 7.41176939011, 58.4618377686, 7.57490253448, 80.2398605347, 31.9629745483, 32.0123634338, 35.8866844177, 115.300994873, 32.4398956299, 17.6860866547, -4.28144454956], [-366.568603516, 114.251373291, -22.2888755798, 6.96435689926, 54.1869812012, 12.6296319962, 62.6786079407, 14.0273342133, 33.7353897095, 32.4398956299, 95.7756195068, 25.1421318054, 14.9898290634], [-39.9119300842, -180.612731934, 61.3656997681, -1.17351460457, -23.726360321, 11.108997345, -1.22815084457, 38.4742279053, 1.4326249361, 17.6860866547, 25.1421318054, 86.7801513672, 21.7469654083], [-340.095031738, 70.3327560425, -77.8379516602, 30.6904354095, 15.9611206055, -7.98635387421, 24.7003993988, 12.3888425827, 33.0229873657, -4.28144454956, 14.9898290634, 21.7469654083, 76.9204711914]],
        "icov": [[6.48455315968e-05, -8.65952169988e-05, 6.17063924437e-05, -6.49497742415e-05, 7.93957296992e-05, -5.7347380789e-05, 6.90999731887e-05, -9.92349378066e-05, 4.66010678792e-05, -0.000204308496905, 0.000367632514099, -0.00028776426916, 0.000403943646234], [-8.65952169988e-05, 0.000870339630637, -0.000163661010447, 0.000498957873788, -0.000504952680785, 4.98289819006e-06, -4.74546686746e-05, 0.000196998094907, -0.000459705421235, 0.00187169166747, -0.00199371902272, 0.00221997615881, -0.0013921278296], [6.17063924437e-05, -0.000163661010447, 0.000548897252884, -0.000136923525133, -0.000317066500429, -0.000138520001201, -0.000174321306986, 5.2194311138e-05, 0.000307361857267, -0.000329079164658, 0.00104411446955, -0.00132618553471, 0.00115272519179], [-6.49497742415e-05, 0.000498957873788, -0.000136923525133, 0.00189330964349, -0.000772878236603, 2.78603492916e-05, -8.84298642632e-05, -0.000606719695497, 0.000515891239047, 3.02620755974e-05, -0.000817751919385, 0.00189319695346, -0.00194365996867], [7.93957296992e-05, -0.000504952680785, -0.000317066500429, -0.000772878236603, 0.00415808195248, -0.00153045216575, 0.000435738096712, -0.000526100455318, -0.00316923623905, 0.00143577950075, -0.00118147803005, 0.000564123911317, 0.00123463210184], [-5.7347380789e-05, 4.98289819006e-06, -0.000138520001201, 2.78603492916e-05, -0.00153045216575, 0.0074048275128, -0.00488669844344, 0.00119986373466, 0.00225000316277, -0.00551991444081, 0.00420661550015, -0.00215899874456, 0.000570365577005], [6.90999731887e-05, -4.74546686746e-05, -0.000174321306986, -8.84298642632e-05, 0.000435738096712, -0.00488669844344, 0.0101200388744, -0.00456526083872, -0.00072050379822, 0.00307966140099, -0.00698249973357, 0.00499449716881, -0.00247501418926], [-9.92349378066e-05, 0.000196998094907, 5.2194311138e-05, -0.000606719695497, -0.000526100455318, 0.00119986373466, -0.00456526083872, 0.0123556414619, -0.00498948805034, -0.00061841821298, 0.00419307872653, -0.00720721529797, 0.00271386071108], [4.66010678792e-05, -0.000459705421235, 0.000307361857267, 0.000515891239047, -0.00316923623905, 0.00225000316277, -0.00072050379822, -0.00498948805034, 0.0150029463693, -0.00631887372583, 0.000545087910723, 0.00198751315475, -0.00480303820223], [-0.000204308496905, 0.00187169166747, -0.000329079164658, 3.02620755974e-05, 0.00143577950075, -0.00551991444081, 0.00307966140099, -0.00061841821298, -0.00631887372583, 0.0199568644166, -0.0108430041, 0.00465504126623, -9.96239177766e-05], [0.000367632514099, -0.00199371902272, 0.00104411446955, -0.000817751919385, -0.00118147803005, 0.00420661550015, -0.00698249973357, 0.00419307872653, 0.000545087910723, -0.0108430041, 0.0248933453113, -0.0138934729621, 0.0053193741478], [-0.00028776426916, 0.00221997615881, -0.00132618553471, 0.00189319695346, 0.000564123911317, -0.00215899874456, 0.00499449716881, -0.00720721529797, 0.00198751315475, 0.00465504126623, -0.0138934729621, 0.0266212970018, -0.0115968268365], [0.000403943646234, -0.0013921278296, 0.00115272519179, -0.00194365996867, 0.00123463210184, 0.000570365577005, -0.00247501418926, 0.00271386071108, -0.00480303820223, -9.96239177766e-05, 0.0053193741478, -0.0115968268365, 0.0224605184048]]
    },
    "melbands": {
        "dmean": [0.00307913683355, 0.00260213227011, 0.00114718615077, 0.00118596164975, 0.0003970823891, 0.000235571656958, 0.00021689751884, 0.000149935527588, 6.72672322253e-05, 4.12665649492e-05, 3.33884709107e-05, 3.47267232428e-05, 4.34419453086e-05, 2.41646994255e-05, 2.27544824156e-05, 1.72325126186e-05, 1.60289091582e-05, 1.50435416799e-05, 1.20000213428e-05, 1.1796223589e-05, 8.85821191332e-06, 7.48488901081e-06, 5.81593167226e-06, 4.49155459137e-06, 3.10693030769e-06, 3.10577729579e-06, 2.16640501094e-06, 1.76544006081e-06, 1.4766150116e-06, 1.26178758819e-06, 1.18677724004e-06, 8.21273488327e-07, 7.80618051976e-07, 6.87534338795e-07, 7.96952747351e-07, 6.42298630282e-07, 7.95322932845e-07, 6.97391214999e-07, 5.71767600377e-07, 5.04489946707e-07],
        "dmean2": [0.00515724951401, 0.00443413760513, 0.00193501682952, 0.00193899869919, 0.000641998311039, 0.000370279507479, 0.000301335327094, 0.000228802309721, 9.90477856249e-05, 6.06704234087e-05, 4.99018024129e-05, 5.30092329427e-05, 6.79585718899e-05, 3.79785742552e-05, 3.62447171938e-05, 2.80944532278e-05, 2.56486509898e-05, 2.3814593078e-05, 1.93732721527e-05, 1.89855800272e-05, 1.43073366417e-05, 1.26262975755e-05, 9.74161866907e-06, 7.40575296732e-06, 4.97401197208e-06, 4.971450835e-06, 3.51246353603e-06, 2.85940313915e-06, 2.35146330851e-06, 1.9311644337e-06, 1.82247515568e-06, 1.24211919683e-06, 1.18381797165e-06, 1.0071566976e-06, 1.18875721e-06, 9.55109499046e-07, 1.20482468446e-06, 1.05713388621e-06, 8.62871900154e-07, 7.67956748859e-07],
        "dvar": [7.79973051976e-05, 6.19610582362e-05, 6.46920670988e-06, 6.36383174424e-06, 7.85589804764e-07, 2.23295032242e-07, 1.88423840086e-07, 1.0971442066e-07, 2.31744259338e-08, 8.88428886014e-09, 6.1340212909e-09, 8.2527380485e-09, 4.06786355711e-08, 9.20916498615e-09, 6.99250035652e-09, 3.20515014529e-09, 2.7439064354e-09, 2.10898432051e-09, 1.57000734635e-09, 1.56407298224e-09, 9.92953164136e-10, 5.45201994662e-10, 4.80801010116e-10, 1.56034671295e-10, 1.00862519725e-10, 1.21066684455e-10, 6.9740019315e-11, 3.54420798265e-11, 2.24394478693e-11, 1.96077789422e-11, 1.73181208957e-11, 5.75306555867e-12, 4.96918565324e-12, 3.82443816199e-12, 5.59886425416e-12, 4.13891620629e-12, 8.94108138222e-12, 5.34844087421e-12, 3.55731416546e-12, 2.95987756874e-12],
        "dvar2": [0.000209090329008, 0.000167801321368, 1.72045656655e-05, 1.69027334778e-05, 1.98420752895e-06, 5.3650501286e-07, 3.57729845746e-07, 2.60240739181e-07, 4.59947884224e-08, 1.81022592471e-08, 1.34746347413e-08, 2.07662296248e-08, 1.00818603244e-07, 2.41576696425e-08, 1.80850836529e-08, 8.19323364709e-09, 6.83503831311e-09, 4.95391683231e-09, 4.07253475387e-09, 4.06563493982e-09, 2.69770117356e-09, 1.57991608685e-09, 1.32809607756e-09, 3.94465848874e-10, 2.3615032152e-10, 2.89481744131e-10, 1.69635666625e-10, 8.67556720907e-11, 5.45339121083e-11, 4.06124613106e-11, 3.76582688644e-11, 1.20328339306e-11, 1.10368034156e-11, 8.27229517525e-12, 1.1605646999e-11, 8.84350145197e-12, 1.84260540853e-11, 1.19174262472e-11, 8.23985758097e-12, 6.52216952321e-12],
        "max": [0.103440858424, 0.0871083587408, 0.0312680974603, 0.0458086021245, 0.0225050337613, 0.0117084495723, 0.0153801608831, 0.00815240759403, 0.00482481066138, 0.00388313736767, 0.0035575570073, 0.00301980297081, 0.00967854633927, 0.00442844256759, 0.00336637254804, 0.00209762551822, 0.0021830922924, 0.00187821802683, 0.00150658725761, 0.00174243713263, 0.00101812405046, 0.00076106551569, 0.00103781500366, 0.00034971331479, 0.000429266336141, 0.000418771349359, 0.000543562637176, 0.000242187568801, 0.000139186682645, 0.000173139866092, 0.000195782296942, 0.000106614323158, 6.86892308295e-05, 6.95767012076e-05, 8.19757769932e-05, 6.354139623e-05, 0.000119749107398, 6.80033044773e-05, 5.15217034263e-05, 5.99449122092e-05],
        "mean": [0.0041084876284, 0.00336064002477, 0.00158820161596, 0.00172161171213, 0.000701178796589, 0.000439177994849, 0.000428948755143, 0.00025773231755, 0.000137396913487, 8.47985284054e-05, 6.15109311184e-05, 5.81554522796e-05, 6.45789987175e-05, 4.21366166847e-05, 3.37783021678e-05, 2.55956383626e-05, 2.3776656235e-05, 2.19533922063e-05, 1.80934766831e-05, 1.72951695276e-05, 1.31969018184e-05, 1.03105530798e-05, 7.45009583625e-06, 6.05669265497e-06, 4.26728865932e-06, 4.52161748399e-06, 3.1315069009e-06, 2.60159231402e-06, 2.02082765099e-06, 1.78153811703e-06, 1.68750784724e-06, 1.22157348414e-06, 1.13803480417e-06, 9.40141774208e-07, 1.04762648334e-06, 8.33807007439e-07, 9.84234930002e-07, 8.41869905344e-07, 6.99911481661e-07, 6.0648977751e-07],
        "median": [0.000370510359062, 0.000577657076064, 0.000665329920594, 0.000806548632681, 0.000341212115018, 0.000217728709686, 0.000184193020687, 6.94241389283e-05, 4.65887351311e-05, 2.89408562821e-05, 2.14702740777e-05, 1.88968588191e-05, 1.495160177e-05, 5.50206505068e-06, 6.15031876805e-06, 4.4467378757e-06, 4.01550869356e-06, 2.65717812908e-06, 1.96844166567e-06, 1.37396034461e-06, 9.27164421682e-07, 1.09033305762e-06, 9.38821813179e-07, 7.03771661392e-07, 4.64108381948e-07, 3.52957499672e-07, 3.43648082435e-07, 2.06746278764e-07, 1.62787898716e-07, 1.33563290206e-07, 1.24418733094e-07, 1.02898667365e-07, 9.46048075434e-08, 9.40052160558e-08, 9.46685432268e-08, 7.80463267347e-08, 7.59325473609e-08, 5.88895332498e-08, 5.07381301418e-08, 3.74320876517e-08],
        "min": [2.2437827107e-24, 4.25881350826e-24, 1.11887859695e-24, 4.07811269057e-24, 2.47347159338e-24, 2.7002168416e-24, 4.1400702205e-24, 1.93239367343e-24, 3.11081302631e-24, 2.9004421639e-24, 2.21128302191e-24, 3.03780848548e-24, 2.96090263305e-24, 3.91780708273e-24, 5.98272544393e-24, 4.03729032202e-24, 4.84901636058e-24, 3.64916641791e-24, 5.02728512009e-24, 6.4162116111e-24, 7.05734135131e-24, 3.78018635351e-24, 6.98347951589e-24, 7.31091122296e-24, 4.62503745034e-24, 4.47522211482e-24, 6.49456679823e-24, 6.90067988642e-24, 6.2710943367e-24, 6.84461948619e-24, 5.89005755896e-24, 5.98127236214e-24, 5.67896942478e-24, 5.75901750742e-24, 5.13923079343e-24, 7.96551904616e-24, 6.30875258416e-24, 7.25635360275e-24, 7.99836011451e-24, 7.71388898348e-24],
        "var": [7.97765169409e-05, 5.50989934709e-05, 7.01824501448e-06, 6.80969833411e-06, 1.32887248583e-06, 4.31042053606e-07, 5.22203777109e-07, 2.46203228471e-07, 8.77523760323e-08, 3.52541320581e-08, 1.58768997949e-08, 1.66629465781e-08, 6.24372518132e-08, 2.13856754527e-08, 1.20140652982e-08, 5.50855094872e-09, 4.54821469376e-09, 4.47892745115e-09, 2.88471335708e-09, 2.96761371033e-09, 1.9787893546e-09, 9.24625875864e-10, 6.57574661389e-10, 2.90961199578e-10, 1.59802823751e-10, 2.19487858444e-10, 1.04999578476e-10, 6.59947721471e-11, 3.81708484265e-11, 3.66265212604e-11, 3.06342069767e-11, 1.1351659196e-11, 8.61379197137e-12, 6.65088557145e-12, 1.10685731414e-11, 8.39666444014e-12, 1.80635055524e-11, 9.1808383812e-12, 5.50459938048e-12, 4.76553605605e-12]
    },
    "mfcc": {
        "mean": [-725.518066406, 153.260269165, 27.175163269, 20.0497493744, 9.18529129028, 2.33125567436, -3.45391440392, -0.0783321037889, -5.10141611099, -2.7796330452, -2.63328170776, -1.55673599243, -2.67592167854],
        "cov": [[14957.7402344, -188.041229248, -1474.00927734, -244.806564331, -538.15057373, -103.390785217, -315.106445312, -167.16053772, -57.698097229, 87.8893966675, -38.7183418274, -86.4273834229, -18.4221172333], [-188.041229248, 3244.5, 136.636535645, -85.5247650146, 227.46824646, -69.472618103, 44.8455581665, 107.944267273, -3.94560360909, -35.3531761169, 9.05275917053, 0.16176263988, -47.0066719055], [-1474.00927734, 136.636535645, 1734.55664062, 211.75163269, 316.708984375, 146.194580078, 213.851745605, 82.7020263672, 71.3843917847, -40.0619888306, -3.36094260216, 53.4929351807, -79.885848999], [-244.806564331, -85.5247650146, 211.75163269, 514.809326172, 218.958190918, 75.4182128906, 60.905216217, 71.1822052002, 62.7108230591, 46.5189933777, 17.3439903259, 6.16477441788, 18.0998401642], [-538.15057373, 227.46824646, 316.708984375, 218.958190918, 388.666809082, 112.118148804, 72.1973953247, 74.1128311157, 78.7990264893, 47.038772583, 36.7574577332, 33.2338027954, 5.41017723083], [-103.390785217, -69.472618103, 146.194580078, 75.4182128906, 112.118148804, 248.462249756, 138.350662231, 36.8514328003, 54.8854942322, 65.3598937988, 53.9840660095, 36.4568862915, 18.5603561401], [-315.106445312, 44.8455581665, 213.851745605, 60.905216217, 72.1973953247, 138.350662231, 210.558502197, 89.107170105, 51.8008956909, 48.5365524292, 51.5705680847, 52.8813438416, 20.6921825409], [-167.16053772, 107.944267273, 82.7020263672, 71.1822052002, 74.1128311157, 36.8514328003, 89.107170105, 145.670898438, 84.8148117065, 30.3102645874, 30.5032424927, 37.0865592957, 28.1167907715], [-57.698097229, -3.94560360909, 71.3843917847, 62.7108230591, 78.7990264893, 54.8854942322, 51.8008956909, 84.8148117065, 133.062698364, 68.8906936646, 30.0720596313, 28.1132659912, 23.3208694458], [87.8893966675, -35.3531761169, -40.0619888306, 46.5189933777, 47.038772583, 65.3598937988, 48.5365524292, 30.3102645874, 68.8906936646, 117.500320435, 58.9315109253, 22.4958496094, 23.817943573], [-38.7183418274, 9.05275917053, -3.36094260216, 17.3439903259, 36.7574577332, 53.9840660095, 51.5705680847, 30.5032424927, 30.0720596313, 58.9315109253, 93.8000411987, 53.3869171143, 16.8121376038], [-86.4273834229, 0.16176263988, 53.4929351807, 6.16477441788, 33.2338027954, 36.4568862915, 52.8813438416, 37.0865592957, 28.1132659912, 22.4958496094, 53.3869171143, 94.5845870972, 34.0471343994], [-18.4221172333, -47.0066719055, -79.885848999, 18.0998401642, 5.41017723083, 18.5603561401, 20.6921825409, 28.1167907715, 23.3208694458, 23.817943573, 16.8121376038, 34.0471343994, 82.9225006104]],
