{
"lowlevel": {
    "average_loudness": 0.955549776554,
    "barkbands_crest": {
        "dmean": 3.31021285057,
        "dmean2": 4.89485359192,
        "dvar": 9.53056049347,
        "dvar2": 18.2087230682,
        "max": 26.0225925446,
        "mean": 11.5187692642,
        "median": 10.5521755219,
        "min": 1.97613680363,
        "var": 34.9682502747
    },
    "barkbands_flatness_db": {
        "dmean": 0.0328001156449,
        "dmean2": 0.0464248880744,
        "dvar": 0.0015929111978,
        "dvar2": 0.00304924184456,
        "max": 0.4746311903,
        "mean": 0.140557020903,
        "median": 0.113614030182,
        "min": 0.0115958768874,
        "var": 0.0089983548969
    },
    "barkbands_kurtosis": {
        "dmean": 13.4462966919,
        "dmean2": 19.7284221649,
        "dvar": 757.139282227,
        "dvar2": 1602.9675293,
        "max": 419.574554443,
        "mean": 21.700012207,
        "median": 2.71426486969,
        "min": -1.92201447487,
        "var": 1775.19287109
    },
    "barkbands_skewness": {
        "dmean": 1.16555130482,
        "dmean2": 1.62424099445,
        "dvar": 2.43785357475,
        "dvar2": 4.73140001297,
        "max": 18.3411178589,
        "mean": 3.0401096344,
        "median": 1.92593789101,
        "min": -2.93769240379,
        "var": 9.88610172272
    },
    "barkbands_spread": {
        "dmean": 10.0690336227,
        "dmean2": 15.3024835587,
        "dvar": 177.373596191,
        "dvar2": 389.718048096,
        "max": 114.389923096,
        "mean": 33.7276573181,
        "median": 30.4051971436,
        "min": 0.333350718021,
        "var": 594.469604492
    },
    "dissonance": {
        "dmean": 0.00855809263885,
        "dmean2": 0.0147516578436,
        "dvar": 0.000114833535918,
        "dvar2": 0.000302597327391,
        "max": 0.500000119209,
        "mean": 0.487079948187,
        "median": 0.489588081837,
        "min": 0.0275734812021,
        "var": 0.000133904730319
    },
    "dynamic_complexity": 4.45950937271,
    "erbbands_crest": {
        "dmean": 1.64644432068,
        "dmean2": 2.75416517258,
        "dvar": 4.39919948578,
        "dvar2": 10.8140859604,
        "max": 21.7186336517,
        "mean": 5.57401371002,
        "median": 4.29052829742,
        "min": 1.94881224632,
        "var": 11.118309021
    },
    "erbbands_flatness_db": {
        "dmean": 0.0127208111808,
        "dmean2": 0.0197969228029,
        "dvar": 0.00024015425879,
        "dvar2": 0.000600171100814,
        "max": 0.316555678844,
        "mean": 0.105734631419,
        "median": 0.0996289998293,
        "min": 0.0278385393322,
        "var": 0.00127143668942
    },
    "erbbands_kurtosis": {
        "dmean": 0.931907534599,
        "dmean2": 1.51570808887,
        "dvar": 7.75601291656,
        "dvar2": 17.6182022095,
        "max": 47.2494506836,
        "mean": -0.0906977429986,
        "median": -0.808838367462,
        "min": -1.91828775406,
        "var": 10.9356536865
    },
    "erbbands_skewness": {
        "dmean": 0.384333014488,
        "dmean2": 0.592432975769,
        "dvar": 0.371886909008,
        "dvar2": 0.832717239857,
        "max": 6.12519598007,
        "mean": -0.239561840892,
        "median": -0.385957300663,
        "min": -2.78646850586,
        "var": 0.861806213856
    },
    "erbbands_spread": {
        "dmean": 14.2553291321,
        "dmean2": 21.2770290375,
        "dvar": 262.253448486,
        "dvar2": 569.18927002,
        "max": 167.360122681,
        "mean": 75.1158599854,
        "median": 69.208114624,
        "min": 4.02014636993,
        "var": 936.219543457
    },
    "hfc": {
        "dmean": 14.0697174072,
        "dmean2": 20.7987804413,
        "dvar": 660.961608887,
        "dvar2": 1604.0123291,
        "max": 213.571456909,
        "mean": 21.5703449249,
        "median": 10.3677616119,
        "min": 1.06168889702e-16,
        "var": 833.666687012
    },
    "melbands_crest": {
        "dmean": 3.97474336624,
        "dmean2": 6.34937000275,
        "dvar": 12.9178676605,
        "dvar2": 25.3577632904,
        "max": 34.1903076172,
        "mean": 17.5284690857,
        "median": 17.5204582214,
        "min": 1.54761600494,
        "var": 48.4505653381
    },
    "melbands_flatness_db": {
        "dmean": 0.0411789081991,
        "dmean2": 0.057606600225,
        "dvar": 0.00243102223612,
        "dvar2": 0.00478649605066,
        "max": 0.59937953949,
        "mean": 0.20545643568,
        "median": 0.180527344346,
        "min": 0.00208847993053,
        "var": 0.013462131843
    },
    "melbands_kurtosis": {
        "dmean": 46.6482162476,
        "dmean2": 67.2607650757,
        "dvar": 6808.98046875,
        "dvar2": 13763.6347656,
        "max": 884.310546875,
        "mean": 91.2119216919,
        "median": 22.8458061218,
        "min": -1.68832850456,
        "var": 18040.5175781
    },
    "melbands_skewness": {
        "dmean": 1.88295853138,
        "dmean2": 2.64215922356,
        "dvar": 6.11828804016,
        "dvar2": 11.5338869095,
        "max": 24.59532547,
        "mean": 6.40603923798,
        "median": 4.45250606537,
        "min": -0.270536631346,
        "var": 24.704788208
    },
    "melbands_spread": {
        "dmean": 11.4335393906,
        "dmean2": 17.814245224,
        "dvar": 345.05758667,
        "dvar2": 776.848449707,
        "max": 202.362976074,
        "mean": 29.0997161865,
        "median": 18.2995300293,
        "min": 0.383372157812,
        "var": 991.592407227
    },
    "pitch_salience": {
        "dmean": 0.101542934775,
        "dmean2": 0.157037690282,
        "dvar": 0.0124454777688,
        "dvar2": 0.0232400372624,
        "max": 0.964736819267,
        "mean": 0.501410067081,
        "median": 0.562533020973,
        "min": 0.0363962315023,
        "var": 0.0388038083911
    },
    "silence_rate_20dB": {
        "dmean": 0,
        "dmean2": 0,
        "dvar": 0,
        "dvar2": 0,
        "max": 1,
        "mean": 1,
        "median": 1,
        "min": 1,
        "var": 0
    },
    "silence_rate_30dB": {
        "dmean": 0.0706915482879,
        "dmean2": 0.141393437982,
        "dvar": 0.0656988620758,
        "dvar2": 0.150834485888,
        "max": 1,
        "mean": 0.919435083866,
        "median": 1,
        "min": 0,
        "var": 0.074068389833
    },
    "silence_rate_60dB": {
        "dmean": 0.0348335169256,
        "dmean2": 0.0696721300483,
        "dvar": 0.0336266867816,
        "dvar2": 0.0756669342518,
        "max": 1,
        "mean": 0.0775647610426,
        "median": 0,
        "min": 0,
        "var": 0.0715521350503
    },
    "spectral_centroid": {
        "dmean": 389.126953125,
        "dmean2": 588.41796875,
        "dvar": 243071.421875,
        "dvar2": 508284.375,
        "max": 11612.390625,
        "mean": 1840.26794434,
        "median": 1781.69665527,
        "min": 128.998504639,
        "var": 1252376.375
    },
    "spectral_complexity": {
        "dmean": 5.15360403061,
        "dmean2": 7.68706083298,
        "dvar": 49.7007369995,
        "dvar2": 104.754837036,
        "max": 56,
        "mean": 13.3027219772,
        "median": 10,
        "min": 0,
        "var": 138.992095947
    },
    "spectral_decrease": {
        "dmean": 4.62322757855e-09,
        "dmean2": 7.23989268536e-09,
        "dvar": 7.06790893317e-17,
        "dvar2": 1.5596935142e-16,
        "max": 4.18827401293e-27,
        "mean": -8.22816748069e-09,
        "median": -3.35283756314e-09,
        "min": -7.41752543831e-08,
        "var": 1.19480707299e-16
    },
    "spectral_energy": {
        "dmean": 0.0182992480695,
        "dmean2": 0.0286957528442,
        "dvar": 0.00110401515849,
        "dvar2": 0.00244873668998,
        "max": 0.292760431767,
        "mean": 0.0330115370452,
        "median": 0.0145012661815,
        "min": 9.88377353645e-21,
        "var": 0.00182267441414
    },
    "spectral_energyband_high": {
        "dmean": 0.00125945324544,
        "dmean2": 0.00187642197125,
        "dvar": 5.48150910618e-06,
        "dvar2": 1.32513414428e-05,
        "max": 0.0195314474404,
        "mean": 0.00187582394574,
        "median": 0.000820070505142,
        "min": 7.00154427916e-21,
        "var": 7.30803367333e-06
    },
    "spectral_energyband_low": {
        "dmean": 0.0130150979385,
        "dmean2": 0.0187759865075,
        "dvar": 0.000496567052323,
        "dvar2": 0.000923590210732,
        "max": 0.277225345373,
        "mean": 0.0226970482618,
        "median": 0.00582494400442,
        "min": 1.28044036717e-23,
        "var": 0.0011738978792
    },
    "spectral_energyband_middle_high": {
        "dmean": 0.0010023600189,
        "dmean2": 0.00163470499683,
        "dvar": 3.63162507711e-06,
        "dvar2": 9.41456528381e-06,
        "max": 0.0192236229777,
        "mean": 0.00163191079628,
        "median": 0.000896939309314,
        "min": 1.11805374742e-21,
        "var": 4.25735652243e-06
    },
    "spectral_energyband_middle_low": {
        "dmean": 0.00999600905925,
        "dmean2": 0.0178442951292,
        "dvar": 0.000848786265124,
        "dvar2": 0.00232610013336,
        "max": 0.252827227116,
        "mean": 0.00865989737213,
        "median": 0.00239554652944,
        "min": 1.85544174363e-22,
        "var": 0.000553269055672
    },
    "spectral_entropy": {
        "dmean": 0.156180202961,
        "dmean2": 0.243126913905,
        "dvar": 0.0635228231549,
        "dvar2": 0.145398229361,
        "max": 9.82231521606,
        "mean": 8.03553295135,
        "median": 8.13746929169,
        "min": 4.98952865601,
        "var": 0.20642952621
    },
    "spectral_flux": {
        "dmean": 0.0474894791842,
        "dmean2": 0.071629665792,
        "dvar": 0.00403463188559,
        "dvar2": 0.00783586967736,
        "max": 0.509035587311,
        "mean": 0.0988837182522,
        "median": 0.0669265314937,
        "min": 6.44110320636e-11,
        "var": 0.00784565228969
    },
    "spectral_kurtosis": {
        "dmean": 0.712907910347,
        "dmean2": 1.20118927956,
        "dvar": 2.94121336937,
        "dvar2": 7.78003168106,
        "max": 38.3263206482,
        "mean": 1.58509480953,
        "median": 1.38620376587,
        "min": -1.26978516579,
        "var": 2.9621348381
    },
    "spectral_rms": {
        "dmean": 0.00135462661274,
        "dmean2": 0.00204442511313,
        "dvar": 3.86371175409e-06,
        "dvar2": 7.2088964771e-06,
        "max": 0.016900293529,
        "mean": 0.00474514206871,
        "median": 0.0037613264285,
        "min": 3.10527059795e-12,
        "var": 9.69002576312e-06
    },
    "spectral_rolloff": {
        "dmean": 998.716308594,
        "dmean2": 1584.2734375,
        "dvar": 2615295.5,
        "dvar2": 5189580,
        "max": 20844.140625,
        "mean": 2445.73266602,
        "median": 925.927734375,
        "min": 64.599609375,
        "var": 9730579
    },
    "spectral_skewness": {
        "dmean": 0.142321079969,
        "dmean2": 0.220746010542,
        "dvar": 0.0542708523571,
        "dvar2": 0.122693158686,
        "max": 4.8505692482,
        "mean": 0.959867477417,
        "median": 0.94628739357,
        "min": -0.0776508376002,
        "var": 0.1043798998
    },
    "spectral_spread": {
        "dmean": 604047.375,
        "dmean2": 841668.625,
        "dvar": 730696908800,
        "dvar2": 1.3111286825e+12,
        "max": 42545604,
        "mean": 6412693.5,
        "median": 6196949.5,
        "min": 1584366.5,
        "var": 7.90283996365e+12
    },
    "spectral_strongpeak": {
        "dmean": 0.191333636642,
        "dmean2": 0.315910041332,
        "dvar": 0.053361132741,
        "dvar2": 0.130280002952,
        "max": 2.85784029961,
        "mean": 0.36773955822,
        "median": 0.271731495857,
        "min": 0,
        "var": 0.0943600013852
    },
    "zerocrossingrate": {
        "dmean": 0.0198668465018,
        "dmean2": 0.0212029274553,
        "dvar": 0.000522296119016,
        "dvar2": 0.000520540226717,
        "max": 0.8037109375,
        "mean": 0.094108119607,
        "median": 0.078125,
        "min": 0.00390625,
        "var": 0.00555050419644
    },
    "barkbands": {
        "dmean": [0.000386727391742, 0.00967975147069, 0.00569665012881, 0.00501261046156, 0.00421150773764, 0.000729139661416, 0.000462750409497, 0.000146088408655, 0.000243740927544, 6.31542716292e-05, 0.000107543935883, 0.000121204866446, 0.000148247054312, 9.7980730061e-05, 0.000117423216579, 0.000115349772386, 0.000112856854685, 0.000145127894939, 0.000160196068464, 0.000172193278559, 0.00022173319303, 0.000254621758359, 0.000236779364059, 0.000222058049985, 0.000170914718183, 0.000117330266221, 4.17137562181e-05],
        "dmean2": [0.000552518991753, 0.0147221237421, 0.00944985169917, 0.00920179206878, 0.00767589174211, 0.00132903060876, 0.000736990768928, 0.000255178951193, 0.000413202331401, 0.000107420528366, 0.000178681773832, 0.000208770856261, 0.000247949908953, 0.000172199739609, 0.000201209972147, 0.000195544635062, 0.000189745755051, 0.000238921595155, 0.000273628305877, 0.000283620523987, 0.000365561543731, 0.000406076345826, 0.000376686279196, 0.000337892241077, 0.000253908656305, 0.000162994125276, 6.49008725304e-05],
        "dvar": [1.01657406049e-06, 0.000395004753955, 0.000109971966594, 0.000256685656495, 0.00015098649601, 7.21841888662e-06, 1.0241186601e-06, 1.95209267417e-07, 4.53842659454e-07, 1.73937415582e-08, 4.49960921856e-08, 7.39229335522e-08, 8.95777318988e-08, 4.09168450233e-08, 4.23902122293e-08, 5.04457098316e-08, 3.7811648923e-08, 6.61336372332e-08, 1.10400371511e-07, 1.00274256454e-07, 1.84501857348e-07, 2.62542272367e-07, 2.17165279537e-07, 1.96750804093e-07, 1.23302513089e-07, 6.74539251122e-08, 3.30997309561e-08],
        "dvar2": [1.58665807248e-06, 0.000672322581522, 0.000289707735647, 0.000717442249879, 0.00042436743388, 2.05658379855e-05, 2.5583635761e-06, 5.37640005405e-07, 1.27123473703e-06, 4.66138203592e-08, 1.14905830628e-07, 1.97974216576e-07, 2.31134393402e-07, 1.14012557617e-07, 1.1526465471e-07, 1.34317090783e-07, 1.00647035595e-07, 1.6573980588e-07, 3.0035479881e-07, 2.61823686287e-07, 4.85550060603e-07, 6.62248680783e-07, 5.47648596694e-07, 4.71060729978e-07, 2.91120471729e-07, 1.40941693871e-07, 7.82062343774e-08],
        "max": [0.00966138206422, 0.245682030916, 0.0877966731787, 0.154261425138, 0.131246507168, 0.0409120507538, 0.0193635337055, 0.0059212539345, 0.00808590836823, 0.00261596636847, 0.00363352918066, 0.00409720093012, 0.0042706374079, 0.00252673355862, 0.0022957380861, 0.00283987936564, 0.00277244881727, 0.00364944268949, 0.00321861845441, 0.00399943254888, 0.00408685859293, 0.00533850025386, 0.00424657156691, 0.00459356140345, 0.00311805307865, 0.00279024871998, 0.00345200975426],
        "mean": [0.000456905749161, 0.0138809056953, 0.00652165617794, 0.00346372602507, 0.00349658122286, 0.00062023155624, 0.00062663591234, 0.00014293975255, 0.000287053990178, 8.12429352663e-05, 0.000124192534713, 0.000133471214212, 0.000169989609276, 0.000115507013106, 0.000150596781168, 0.000144911537063, 0.000165427176398, 0.000228532182518, 0.000210380807403, 0.000249653850915, 0.000325922708726, 0.000375123810954, 0.000343523570336, 0.000300105893984, 0.000209209028981, 0.000146711623529, 4.03592675866e-05],
        "median": [5.93912736804e-05, 0.00256198272109, 0.00184977985919, 0.000550920376554, 0.00073411653284, 0.000122708879644, 0.000160224371939, 3.55806550942e-05, 0.000105252562207, 3.42154526152e-05, 4.69715851068e-05, 5.05163770868e-05, 6.5267609898e-05, 5.40010805707e-05, 7.16072099749e-05, 6.53756578686e-05, 9.14067422855e-05, 0.000116698414786, 0.000108776730485, 0.00013435400615, 0.000173016625922, 0.000179713199032, 0.000150474807015, 0.000105021586933, 5.03187038703e-05, 1.95532156795e-05, 3.95613369619e-07],
        "min": [3.51182238166e-25, 1.3077065555e-24, 1.29807988866e-24, 9.93515287078e-25, 9.3837205598e-24, 1.0783345188e-23, 8.63335133358e-24, 4.33548211077e-24, 2.16980499162e-23, 1.40780401136e-23, 1.82347754151e-23, 2.37976473916e-23, 2.81553355424e-23, 2.66734540211e-23, 3.98611226082e-23, 5.13320310725e-23, 8.6859675671e-23, 9.87428302227e-23, 1.30950847158e-22, 1.75240325654e-22, 2.66287786192e-22, 3.42952949276e-22, 4.50682924693e-22, 5.54693313657e-22, 9.0627955668e-22, 1.31610443422e-21, 1.6798558969e-21],
        "var": [1.78042921561e-06, 0.000779527123086, 0.000113168476673, 0.000155698406161, 9.40466416068e-05, 4.32938122685e-06, 1.50727066739e-06, 1.3877058791e-07, 3.50485208855e-07, 1.86700717109e-08, 4.69288821137e-08, 6.42130260076e-08, 8.85902551317e-08, 3.30826246397e-08, 4.6842504986e-08, 4.987614588e-08, 4.52603146073e-08, 9.49611091983e-08, 9.38270616757e-08, 1.12231447247e-07, 1.91691071905e-07, 3.14102607035e-07, 2.61320764139e-07, 2.61517584477e-07, 1.50231173279e-07, 9.90168587123e-08, 3.58405856105e-08]
    },
    "erbbands": {
        "dmean": [0.318539023399, 2.34079146385, 6.07428646088, 12.3958024979, 16.5997104645, 14.5508480072, 6.20885133743, 6.16622400284, 4.63615465164, 6.6615653038, 4.09453487396, 5.45542621613, 2.42799043655, 3.54322171211, 3.10348582268, 5.56891012192, 6.1136803627, 4.96945095062, 4.88558578491, 6.31798458099, 5.99082803726, 5.74607610703, 7.7892203331, 7.24867486954, 8.98535251617, 8.02885627747, 8.57431697845, 8.93235588074, 9.37690353394, 7.68080568314, 6.94032335281, 5.10355043411, 3.60753631592, 2.19608092308, 1.06793892384, 0.507945120335, 0.215650439262, 0.0656141191721, 0.00683498429134, 0.000117644136481],
        "dmean2": [0.432232022285, 3.54277920723, 9.84580802917, 22.0978984833, 30.7618217468, 26.1190395355, 10.9770431519, 11.3535079956, 7.72451639175, 10.6816167831, 7.22744178772, 9.10745334625, 4.04219865799, 5.8553276062, 5.30640792847, 9.57878112793, 10.3280286789, 8.54518699646, 8.33707904816, 10.7230062485, 10.0709190369, 9.63704586029, 12.6710071564, 12.2129707336, 15.1702136993, 13.2972383499, 14.5086240768, 14.643945694, 15.2794179916, 12.1132526398, 11.0599851608, 7.72217464447, 5.78893280029, 3.38877773285, 1.55595827103, 0.726392626762, 0.304955124855, 0.0949688479304, 0.0106120156124, 0.000178135902388],
        "dvar": [0.55988317728, 22.9779834747, 149.110214233, 1091.47387695, 3261.25830078, 1443.9630127, 265.357177734, 566.01776123, 121.149383545, 212.939300537, 195.288742065, 193.217971802, 27.9342441559, 47.054058075, 53.8067359924, 152.338058472, 160.563354492, 95.7628631592, 78.936706543, 128.648574829, 131.371917725, 96.0441665649, 193.235992432, 165.763092041, 323.495361328, 221.363723755, 270.573699951, 281.154998779, 377.567260742, 217.749633789, 187.353927612, 93.9506378174, 59.1085929871, 21.5603179932, 4.78631353378, 1.17455422878, 0.245748862624, 0.0449170731008, 0.000898660800885, 1.53286649152e-07],
        "dvar2": [0.788394629955, 48.776927948, 390.644927979, 3002.75488281, 9268.41601562, 4013.14575195, 726.938537598, 1631.01843262, 324.521697998, 532.876953125, 547.139160156, 532.90447998, 75.1268615723, 119.088447571, 147.331604004, 403.433868408, 425.853240967, 259.065368652, 212.739120483, 343.245574951, 346.862823486, 253.204879761, 476.087463379, 437.111022949, 866.278686523, 580.334777832, 726.555847168, 721.659240723, 977.365112305, 536.827758789, 466.907745361, 211.855270386, 153.629196167, 53.5034141541, 10.6916866302, 2.53656339645, 0.519254148006, 0.0995963066816, 0.00214621750638, 3.58756125252e-07],
        "max": [6.82880592346, 64.5997848511, 107.762657166, 301.207000732, 533.00604248, 441.780456543, 218.531555176, 348.42388916, 141.863250732, 276.891906738, 191.61088562, 179.631561279, 94.2540435791, 126.805213928, 115.438331604, 181.926849365, 159.279769897, 119.221969604, 100.374206543, 116.48588562, 156.182022095, 130.029266357, 190.561706543, 153.140594482, 188.681777954, 196.43888855, 176.882766724, 159.562561035, 212.830856323, 159.653152466, 133.799865723, 95.1051559448, 77.7477111816, 46.3733863831, 25.9609737396, 12.224319458, 5.34683418274, 3.93552207947, 0.612847626209, 0.00803196057677],
        "mean": [0.398711830378, 3.11348342896, 7.30310344696, 10.3452110291, 11.4407262802, 13.8715267181, 5.78171014786, 5.3112449646, 5.65943431854, 8.88110542297, 4.11947345734, 6.71311235428, 3.42974758148, 4.51055240631, 3.67331814766, 6.14036655426, 7.16909074783, 6.16820383072, 6.75674438477, 8.53774833679, 8.09292411804, 8.84634208679, 12.3295450211, 10.809923172, 11.9299697876, 11.6557283401, 12.4557418823, 13.0842838287, 13.1716966629, 11.5285348892, 9.9201374054, 7.18834161758, 4.48007726669, 2.63886022568, 1.33642244339, 0.627987265587, 0.267387926579, 0.0761084780097, 0.00670975167304, 0.000142551376484],
        "median": [0.0638440996408, 0.614421248436, 2.16891908646, 2.49183702469, 2.15726017952, 3.01179718971, 1.53177809715, 0.955911397934, 1.46957659721, 2.30001306534, 1.06216001511, 2.46613931656, 1.5897936821, 1.83109784126, 1.57805991173, 2.28307652473, 2.92576622963, 2.88749551773, 3.44887971878, 4.10949993134, 4.04971694946, 4.99531269073, 6.05333614349, 6.05980110168, 6.18314981461, 6.18118619919, 6.63980960846, 6.79623031616, 6.27567672729, 5.38886928558, 4.18071460724, 2.70958185196, 1.49940037727, 0.704393982887, 0.283028870821, 0.104794993997, 0.0318875908852, 0.00379613321275, 0.000121303564811, 3.40705373674e-05],
        "min": [3.42479386608e-23, 4.08509259497e-22, 2.55410149091e-21, 8.96992394431e-21, 2.68412984034e-20, 2.46539162088e-20, 9.73099537757e-20, 1.03506925969e-19, 1.01295826955e-19, 2.90877157675e-19, 2.24493147633e-19, 4.39062506059e-19, 5.02869409054e-19, 4.51931575234e-19, 9.81840536236e-19, 1.321308015e-18, 1.25762823933e-18, 1.78004883764e-18, 2.5640857774e-18, 3.35729945886e-18, 4.44395918495e-18, 4.67017653887e-18, 6.30856407917e-18, 6.50035955267e-18, 6.00226530219e-18, 8.77207916974e-18, 8.45898386326e-18, 1.04159782145e-17, 1.23331760792e-17, 1.0801211115e-17, 1.35059866661e-17, 1.02304316769e-17, 1.07657680801e-17, 8.00502466155e-18, 6.45237521892e-18, 4.24656411229e-18, 2.30669653568e-18, 9.08377178469e-19, 2.42024775427e-19, 2.59131613665e-20],
        "var": [1.06291699409, 35.9899787903, 155.692398071, 708.053344727, 1894.23059082, 1008.19836426, 183.360733032, 332.438323975, 123.234916687, 309.49987793, 130.256347656, 167.028457642, 30.026802063, 54.8826408386, 43.8337249756, 136.650726318, 148.974624634, 85.8846893311, 82.7742767334, 145.370666504, 136.854309082, 121.23274231, 287.12588501, 188.088577271, 293.858673096, 245.688552856, 282.762115479, 305.781585693, 412.833282471, 282.93258667, 224.281997681, 138.353103638, 63.4185333252, 23.9416732788, 6.32120370865, 1.62969303131, 0.351124495268, 0.0573554858565, 0.000951049325522, 1.72417514932e-07]
    },
    "gfcc": {
        "mean": [-23.1577949524, 52.2756652832, -87.5321044922, 67.8596038818, -52.5141716003, 24.4776268005, -32.692615509, 8.43544101715, -21.4752025604, 3.08766365051, -18.0720272064, -0.536275744438, -15.6401414871],
        "cov": [[18232.8183594, -864.125061035, -400.871826172, -651.0390625, -682.009155273, 0.63152140379, -852.402099609, 154.88343811, -627.848937988, 297.519989014, -388.610870361, 369.004455566, -256.360168457], [-864.125061035, 1501.31726074, -223.049026489, 346.046203613, 13.9401731491, -124.761985779, 140.65737915, -179.894668579, 164.905975342, -184.578598022, 150.408752441, -165.131698608, 116.465888977], [-400.871826172, -223.049026489, 877.007385254, 212.694458008, 343.117797852, 151.970733643, 152.78302002, 73.2502593994, 31.4273033142, 53.1608390808, 10.484131813, 8.52692508698, -14.4308433533], [-651.0390625, 346.046203613, 212.694458008, 713.536193848, 144.23298645, 239.178405762, 166.870605469, 6.07527208328, 94.3912887573, -75.8130340576, 67.0583724976, -134.372192383, 22.7919692993], [-682.009155273, 13.9401731491, 343.117797852, 144.23298645, 277.31854248, 92.9751586914, 165.528503418, 43.2643585205, 75.4402008057, 12.8553447723, 31.321931839, -15.3662824631, 7.73126077652], [0.63152140379, -124.761985779, 151.970733643, 239.178405762, 92.9751586914, 226.785217285, 69.9509658813, 92.6616821289, 15.1577596664, 31.5019454956, 0.684606611729, -13.8736448288, -10.680513382], [-852.402099609, 140.65737915, 152.78302002, 166.870605469, 165.528503418, 69.9509658813, 194.784515381, 34.9298324585, 109.574981689, -13.2322025299, 52.8805236816, -38.4219245911, 25.9334068298], [154.88343811, -179.894668579, 73.2502593994, 6.07527208328, 43.2643585205, 92.6616821289, 34.9298324585, 113.856155396, 14.5643596649, 60.2485733032, -14.9425525665, 29.6572685242, -20.0597858429], [-627.848937988, 164.905975342, 31.4273033142, 94.3912887573, 75.4402008057, 15.1577596664, 109.574981689, 14.5643596649, 113.898826599, -3.4566321373, 56.9780693054, -25.9278430939, 28.8354911804], [297.519989014, -184.578598022, 53.1608390808, -75.8130340576, 12.8553447723, 31.5019454956, -13.2322025299, 60.2485733032, -3.4566321373, 80.5363464355, -5.75049066544, 48.2670021057, -18.3213043213], [-388.610870361, 150.408752441, 10.484131813, 67.0583724976, 31.321931839, 0.684606611729, 52.8805236816, -14.9425525665, 56.9780693054, -5.75049066544, 66.6883850098, -11.78465271, 30.7892532349], [369.004455566, -165.131698608, 8.52692508698, -134.372192383, -15.3662824631, -13.8736448288, -38.4219245911, 29.6572685242, -25.9278430939, 48.2670021057, -11.78465271, 75.2827758789, -0.972782790661], [-256.360168457, 116.465888977, -14.4308433533, 22.7919692993, 7.73126077652, -10.680513382, 25.9334068298, -20.0597858429, 28.8354911804, -18.3213043213, 30.7892532349, -0.972782790661, 49.5803108215]],
        "icov": [[8.50108845043e-05, -9.19007143239e-05, -1.00472443592e-05, -6.751807814e-05, 9.24670821405e-05, -3.83438018616e-05, 0.000151793283294, -3.47885579686e-05, 0.000187933837879, -0.000229827724979, 0.000258862564806, -0.000379414152121, 0.000204972806387], [-9.19007143239e-05, 0.00165743276011, 0.0004082985688, -0.000588317285292, -0.00054454227211, 0.00137340696529, 8.24665476102e-05, -1.44433342939e-05, -0.000638215162326, 0.00124900345691, -0.00183737289626, 0.00185003818478, -0.00163744622841], [-1.00472443592e-05, 0.0004082985688, 0.00280840462074, -0.0010843538912, -0.00384679995477, 0.00107178266626, 0.000259003048996, -4.23651472374e-05, 0.00179345416836, -0.00161049945746, -0.000197693996597, -0.00013513219892, -0.000535119965207], [-6.751807814e-05, -0.000588317285292, -0.0010843538912, 0.00550285540521, 0.00114014477003, -0.00666131591424, -4.10160209867e-05, 0.00187456118874, -0.00201543490402, 0.00350609514862, -0.00235174945556, 0.00393846258521, 0.00136019766796], [9.24670821405e-05, -0.00054454227211, -0.00384679995477, 0.00114014477003, 0.0140945129097, -0.00302076898515, -0.00958152394742, 0.00363352103159, -0.0011514815269, -0.00124038266949, 0.00238261977211, -0.00237515661865, 0.00243186764419], [-3.83438018616e-05, 0.00137340696529, 0.00107178266626, -0.00666131591424, -0.00302076898515, 0.0178923029453, -0.000933571427595, -0.0118554467335, 0.00770377507433, -0.00435849837959, -0.00149191508535, 0.00321173900738, -0.00513477157801], [0.000151793283294, 8.24665476102e-05, 0.000259003048996, -4.10160209867e-05, -0.00958152394742, -0.000933571427595, 0.0248552188277, -0.00764760840684, -0.012971852906, 0.00862763635814, -0.00340555142611, 0.00235656043515, -0.00122298335191], [-3.47885579686e-05, -1.44433342939e-05, -4.23651472374e-05, 0.00187456118874, 0.00363352103159, -0.0118554467335, -0.00764760840684, 0.0317763127387, -0.00858002156019, -0.0133572407067, 0.0121900839731, -0.00679224869236, 0.0050670155324], [0.000187933837879, -0.000638215162326, 0.00179345416836, -0.00201543490402, -0.0011514815269, 0.00770377507433, -0.012971852906, -0.00858002156019, 0.0348972529173, -0.00917668454349, -0.0133007103577, 0.00756285060197, -0.00620675645769], [-0.000229827724979, 0.00124900345691, -0.00161049945746, 0.00350609514862, -0.00124038266949, -0.00435849837959, 0.00862763635814, -0.0133572407067, -0.00917668454349, 0.0439818501472, -0.0134519347921, -0.0143840275705, 0.012795730494], [0.000258862564806, -0.00183737289626, -0.000197693996597, -0.00235174945556, 0.00238261977211, -0.00149191508535, -0.00340555142611, 0.0121900839731, -0.0133007103577, -0.0134519347921, 0.0413980670273, -0.00541284959763, -0.0103511093184], [-0.000379414152121, 0.00185003818478, -0.00013513219892, 0.00393846258521, -0.00237515661865, 0.00321173900738, 0.00235656043515, -0.00679224869236, 0.00756285060197, -0.0143840275705, -0.00541284959763, 0.0409964174032, -0.0166239701211], [0.000204972806387, -0.00163744622841, -0.000535119965207, 0.00136019766796, 0.00243186764419, -0.00513477157801, -0.00122298335191, 0.0050670155324, -0.00620675645769, 0.012795730494, -0.0103511093184, -0.0166239701211, 0.039938967675]]
    },
    "melbands": {
        "dmean": [0.0027014829684, 0.00295811030082, 0.00228156126104, 0.0011622303864, 0.000276769715128, 0.000134240326588, 8.08320692158e-05, 6.21999279247e-05, 3.62598839274e-05, 3.45962798747e-05, 1.16132750918e-05, 1.36286416819e-05, 1.18475400086e-05, 1.35855607368e-05, 1.06289999167e-05, 1.7430547814e-05, 8.74223678693e-06, 7.92998434918e-06, 1.11881590783e-05, 8.80722109287e-06, 6.91556942911e-06, 5.91279422224e-06, 6.74270722811e-06, 6.80667653796e-06, 5.81231961405e-06, 7.45195120544e-06, 6.06479625276e-06, 5.39894972462e-06, 5.41044028068e-06, 5.77097262067e-06, 5.03081355419e-06, 5.48236130271e-06, 5.27861402588e-06, 4.08116284234e-06, 4.00973658543e-06, 4.12122608395e-06, 2.79197683994e-06, 2.79076698462e-06, 2.01770671993e-06, 1.8441390921e-06],
        "dmean2": [0.00378584419377, 0.00452289776877, 0.00406152987853, 0.0021354786586, 0.000488190125907, 0.000247040850809, 0.000131368928123, 0.00010009601101, 6.51328446111e-05, 5.70837582927e-05, 1.93762189156e-05, 2.25345811486e-05, 2.00063896045e-05, 2.34284780163e-05, 1.85364333447e-05, 2.89161416731e-05, 1.53040546138e-05, 1.36982671393e-05, 1.92033548956e-05, 1.49925217556e-05, 1.16892151709e-05, 9.96040216705e-06, 1.11043927973e-05, 1.12001653179e-05, 9.84375219559e-06, 1.28532410599e-05, 1.00709921753e-05, 9.04703574633e-06, 9.22695380723e-06, 9.75941748038e-06, 8.24770904728e-06, 9.14644897421e-06, 8.37250991026e-06, 6.67380300001e-06, 6.48334389552e-06, 6.5433087002e-06, 4.26898895967e-06, 4.5909482651e-06, 3.19148489325e-06, 2.8738797937e-06],
        "dvar": [3.04062050418e-05, 3.49272886524e-05, 4.1237588448e-05, 1.23202571558e-05, 4.86512703901e-07, 2.683225091e-07, 3.23370343835e-08, 1.81789765463e-08, 1.79390102772e-08, 6.8128143127e-09, 6.28138319136e-10, 6.99087621125e-10, 6.40433206467e-10, 9.72928071441e-10, 6.06682148963e-10, 1.20885745858e-09, 3.30379390512e-10, 2.27256116703e-10, 4.21578272292e-10, 3.00989427826e-10, 1.72455452696e-10, 1.00961523863e-10, 1.31207059106e-10, 1.47654846683e-10, 1.03536457186e-10, 2.76726697113e-10, 1.25680230112e-10, 9.81135242495e-11, 1.02335848129e-10, 1.37532651934e-10, 7.73283728717e-11, 1.33462699226e-10, 1.06970522717e-10, 6.47063444492e-11, 6.11418415897e-11, 6.6461357251e-11, 2.67888176919e-11, 3.81462153531e-11, 1.72152275074e-11, 1.61010944161e-11],
        "dvar2": [4.25022481068e-05, 8.71712618391e-05, 0.000113897105621, 3.48785397364e-05, 1.32904881411e-06, 7.71502527641e-07, 8.37562481593e-08, 4.56858657572e-08, 5.07110975434e-08, 1.8507156696e-08, 1.69046399101e-09, 1.77892467423e-09, 1.71013814221e-09, 2.62564081588e-09, 1.66553826286e-09, 3.05042613391e-09, 9.16599185441e-10, 6.22330131872e-10, 1.15544662727e-09, 8.0249723533e-10, 4.59037752254e-10, 2.6822605248e-10, 3.31499994122e-10, 3.73166469947e-10, 2.74593237037e-10, 7.63939023152e-10, 3.24569759957e-10, 2.59498533772e-10, 2.75630962498e-10, 3.72249508995e-10, 1.92802288024e-10, 3.57735979728e-10, 2.60307470024e-10, 1.66344008012e-10, 1.53499046807e-10, 1.58536447858e-10, 5.9642152328e-11, 1.01551253517e-10, 4.31371327547e-11, 4.01303643094e-11],
        "max": [0.0564724653959, 0.0571511723101, 0.060709323734, 0.0364929884672, 0.00645983265713, 0.00747272791341, 0.00276597868651, 0.00243795453571, 0.00185180571862, 0.00117466133088, 0.00044772887486, 0.000525786541402, 0.000400876335334, 0.000521219917573, 0.000340833590599, 0.000526397139765, 0.000240452427533, 0.000182933872566, 0.00024923653109, 0.000229531506193, 0.000179014226887, 0.000138450632221, 0.000125001475681, 0.000170997693203, 0.00012746595894, 0.000135944399517, 0.000162923461176, 0.000130196873215, 0.000124176804093, 0.000126728438772, 9.06343921088e-05, 0.000137846771395, 0.00012561918993, 8.54108875501e-05, 7.62753770687e-05, 7.46363730286e-05, 5.38505046279e-05, 6.3846433477e-05, 3.85557759728e-05, 4.3346946768e-05],
        "mean": [0.00375213520601, 0.00402345694602, 0.00186554552056, 0.000930153473746, 0.000274233374512, 0.000113969712402, 0.000104732069303, 8.35788523545e-05, 3.30137554556e-05, 4.36330083176e-05, 1.61332081916e-05, 1.74544347828e-05, 1.37060933412e-05, 1.51249569171e-05, 1.17145564218e-05, 1.97145145648e-05, 1.04609653135e-05, 1.00131528598e-05, 1.38754930958e-05, 1.09147322291e-05, 9.05850174604e-06, 8.72538566909e-06, 1.05704439193e-05, 1.0593148545e-05, 8.3987160906e-06, 8.91124454938e-06, 8.29105556477e-06, 7.52590676711e-06, 7.65451113693e-06, 7.6354626799e-06, 7.55077871872e-06, 7.34658942747e-06, 7.42260181141e-06, 5.93375398239e-06, 5.66007065572e-06, 5.50581944481e-06, 3.9245805965e-06, 3.32853687723e-06, 2.48988749263e-06, 2.14358419726e-06],
        "median": [0.000657951226458, 0.00108732271474, 0.000429373118095, 0.00019376858836, 7.47173107811e-05, 2.05163960345e-05, 2.72233501164e-05, 2.24800332944e-05, 7.30659530745e-06, 1.61863717949e-05, 7.48209777157e-06, 7.11535949449e-06, 5.57239036425e-06, 5.66314793105e-06, 4.96366328662e-06, 7.05464390194e-06, 4.85572127218e-06, 4.99809448229e-06, 6.11055929767e-06, 4.88821115141e-06, 4.55088138551e-06, 4.98949793837e-06, 5.27975862497e-06, 5.50837739866e-06, 4.70428267363e-06, 4.20937612944e-06, 4.38683491666e-06, 3.88107082472e-06, 4.00331464334e-06, 3.86441024602e-06, 3.88844364352e-06, 3.43630790667e-06, 3.43565284311e-06, 2.68205985776e-06, 2.39099858845e-06, 2.08300389204e-06, 1.42017552207e-06, 1.08062590698e-06, 7.46232046822e-07, 5.21008814758e-07],
        "min": [4.25100822264e-25, 1.0232669789e-24, 2.37950741273e-24, 1.30954805267e-24, 2.87481838398e-24, 2.63324176189e-24, 1.3627886696e-24, 2.8665045789e-24, 1.87274435051e-24, 2.50035715632e-24, 2.35555720122e-24, 1.53781057623e-24, 2.51550348292e-24, 2.92159763844e-24, 3.12688902548e-24, 2.93781543536e-24, 2.38277763562e-24, 2.77771650908e-24, 3.27294918588e-24, 3.80954341767e-24, 4.8356901333e-24, 4.05527240635e-24, 4.9556372228e-24, 4.29880441742e-24, 4.58125369795e-24, 5.09903714702e-24, 3.84723913602e-24, 4.90109182994e-24, 4.0032955446e-24, 3.99888896758e-24, 5.07649939095e-24, 5.85496192615e-24, 6.06454175829e-24, 4.65445367906e-24, 6.60689940784e-24, 6.53723194586e-24, 5.58115895557e-24, 6.64708082691e-24, 5.62657012801e-24, 5.63016220614e-24],
        "var": [6.7082568421e-05, 4.43210228696e-05, 2.62750345428e-05, 7.44963381294e-06, 3.48189445276e-07, 1.57513611043e-07, 4.01773299075e-08, 2.5916529367e-08, 1.12707532196e-08, 6.47997122627e-09, 6.75597855437e-10, 8.19237455651e-10, 5.75950509507e-10, 8.37361291417e-10, 4.76397254978e-10, 1.26230959019e-09, 2.66918875891e-10, 2.10050851712e-10, 4.62132554446e-10, 2.95732494049e-10, 1.74394679253e-10, 1.20356447031e-10, 1.95679458748e-10, 2.04564754025e-10, 1.1598946803e-10, 2.11535580719e-10, 1.35037578342e-10, 1.06782763187e-10, 1.0909615572e-10, 1.21706894562e-10, 9.77613268116e-11, 1.34914024397e-10, 1.31593000385e-10, 7.77284486775e-11, 7.19333134724e-11, 8.24454601811e-11, 4.13853500081e-11, 3.78455218553e-11, 1.94082961508e-11, 1.72739825915e-11]
    },
    "mfcc": {
        "mean": [-662.419372559, 72.3136672974, 27.0007514954, 43.6360549927, 13.1800327301, 19.9729099274, 4.06309843063, 9.26624679565, 1.60952746868, 4.59546232224, 1.60620260239, 1.81172943115, -2.03803443909],
        "cov": [[9772.68554688, 50.5154495239, -153.671768188, -627.916870117, -195.501220703, -380.22833252, -306.532714844, -307.05255127, -272.946044922, -239.083297729, -176.592498779, -156.187164307, -102.105377197], [50.5154495239, 983.562805176, -66.8856735229, 177.881454468, -54.1437187195, -4.79006481171, -62.3590393066, -10.5513458252, -34.3608131409, -16.526184082, -12.6869125366, -10.574341774, -15.4999666214], [-153.671768188, -66.8856735229, 489.294555664, 253.102340698, 216.131851196, 175.474868774, 152.601974487, 81.5787124634, 72.3674926758, 53.5358390808, 38.1695861816, 36.6832427979, 40.9541511536], [-627.916870117, 177.881454468, 253.102340698, 397.293670654, 146.009689331, 199.992645264, 114.174079895, 108.868225098, 61.9365081787, 67.3721618652, 33.9988594055, 43.2070465088, 25.1580734253], [-195.501220703, -54.1437187195, 216.131851196, 146.009689331, 172.312530518, 127.153327942, 110.012084961, 67.3204803467, 60.1040077209, 46.3874359131, 32.9260635376, 26.1619663239, 27.4596595764], [-380.22833252, -4.79006481171, 175.474868774, 199.992645264, 127.153327942, 177.360031128, 114.151123047, 90.8617553711, 61.7863197327, 60.1590614319, 32.0041770935, 33.6844825745, 24.9177627563], [-306.532714844, -62.3590393066, 152.601974487, 114.174079895, 110.012084961, 114.151123047, 130.342300415, 79.7781219482, 68.597114563, 51.3206062317, 36.4629364014, 29.591003418, 28.0662231445], [-307.05255127, -10.5513458252, 81.5787124634, 108.868225098, 67.3204803467, 90.8617553711, 79.7781219482, 96.4021606445, 65.2470474243, 51.518989563, 32.6076431274, 31.3288059235, 22.463596344], [-272.946044922, -34.3608131409, 72.3674926758, 61.9365081787, 60.1040077209, 61.7863197327, 68.597114563, 65.2470474243, 80.9747695923, 52.1698417664, 35.9728660583, 28.8526096344, 25.1277599335], [-239.083297729, -16.526184082, 53.5358390808, 67.3721618652, 46.3874359131, 60.1590614319, 51.3206062317, 51.518989563, 52.1698417664, 62.719203949, 38.0357170105, 28.8152046204, 22.229888916], [-176.592498779, -12.6869125366, 38.1695861816, 33.9988594055, 32.9260635376, 32.0041770935, 36.4629364014, 32.6076431274, 35.9728660583, 38.0357170105, 51.2699699402, 33.8617744446, 22.1810569763], [-156.187164307, -10.574341774, 36.6832427979, 43.2070465088, 26.1619663239, 33.6844825745, 29.591003418, 31.3288059235, 28.8526096344, 28.8152046204, 33.8617744446, 48.6169319153, 29.4309024811], [-102.105377197, -15.4999666214, 40.9541511536, 25.1580734253, 27.4596595764, 24.9177627563, 28.0662231445, 22.463596344, 25.1277599335, 22.229888916, 22.1810569763, 29.4309024811, 41.5976028442]],
