{
"lowlevel": {
    "average_loudness": 0.961148142815,
    "barkbands_crest": {
        "dmean": 3.11034798622,
        "dmean2": 4.91282081604,
        "dvar": 10.6524391174,
        "dvar2": 25.9438743591,
        "max": 25.8277606964,
        "mean": 13.5193681717,
        "median": 12.8922672272,
        "min": 2.49127340317,
        "var": 33.4161987305
    },
    "barkbands_flatness_db": {
        "dmean": 0.0434143431485,
        "dmean2": 0.0640829876065,
        "dvar": 0.00250739813782,
        "dvar2": 0.00494309561327,
        "max": 0.687049686909,
        "mean": 0.177862435579,
        "median": 0.14605422318,
        "min": 0.0163317676634,
        "var": 0.0115845911205
    },
    "barkbands_kurtosis": {
        "dmean": 26.5975112915,
        "dmean2": 43.0704879761,
        "dvar": 6285.12939453,
        "dvar2": 14147.6914062,
        "max": 1239.08178711,
        "mean": 38.5106391907,
        "median": 1.59785938263,
        "min": -1.94907796383,
        "var": 15010.2539062
    },
    "barkbands_skewness": {
        "dmean": 1.49644064903,
        "dmean2": 2.28340911865,
        "dvar": 5.53661108017,
        "dvar2": 11.3035497665,
        "max": 30.2598133087,
        "mean": 2.83133983612,
        "median": 1.50774788857,
        "min": -3.15578961372,
        "var": 17.0117683411
    },
    "barkbands_spread": {
        "dmean": 8.98437404633,
        "dmean2": 14.9791812897,
        "dvar": 168.94720459,
        "dvar2": 415.497070312,
        "max": 119.755233765,
        "mean": 24.3124046326,
        "median": 24.9562072754,
        "min": 0.108502678573,
        "var": 262.550231934
    },
    "dissonance": {
        "dmean": 0.00577630707994,
        "dmean2": 0.00981202628464,
        "dvar": 0.000101238350908,
        "dvar2": 0.000283967936411,
        "max": 0.500000059605,
        "mean": 0.489484995604,
        "median": 0.491844505072,
        "min": 0.336821943521,
        "var": 0.000110657245386
    },
    "dynamic_complexity": 4.09688234329,
    "erbbands_crest": {
        "dmean": 2.11033320427,
        "dmean2": 3.39141917229,
        "dvar": 5.19625329971,
        "dvar2": 11.9923057556,
        "max": 29.9235286713,
        "mean": 8.68307971954,
        "median": 7.7793674469,
        "min": 2.72940826416,
        "var": 15.107837677
    },
    "erbbands_flatness_db": {
        "dmean": 0.0229589808732,
        "dmean2": 0.0310761537403,
        "dvar": 0.000798160792328,
        "dvar2": 0.00139453378506,
        "max": 0.353420466185,
        "mean": 0.160806745291,
        "median": 0.151197850704,
        "min": 0.0477820970118,
        "var": 0.00404675491154
    },
    "erbbands_kurtosis": {
        "dmean": 2.37402415276,
        "dmean2": 3.50960946083,
        "dvar": 82.0947494507,
        "dvar2": 172.15562439,
        "max": 187.671081543,
        "mean": 3.15201067924,
        "median": 1.62912750244,
        "min": -1.7820597887,
        "var": 112.336029053
    },
    "erbbands_skewness": {
        "dmean": 0.451195418835,
        "dmean2": 0.667450726032,
        "dvar": 0.586975455284,
        "dvar2": 1.17598605156,
        "max": 12.5736093521,
        "mean": -0.457901865244,
        "median": -0.599891662598,
        "min": -4.82144594193,
        "var": 1.94780659676
    },
    "erbbands_spread": {
        "dmean": 12.5934448242,
        "dmean2": 19.2068939209,
        "dvar": 338.261169434,
        "dvar2": 712.142822266,
        "max": 189.96723938,
        "mean": 38.3517036438,
        "median": 27.7367515564,
        "min": 3.2558965683,
        "var": 937.512878418
    },
    "hfc": {
        "dmean": 11.5360116959,
        "dmean2": 17.1544055939,
        "dvar": 429.560516357,
        "dvar2": 1087.02478027,
        "max": 209.667007446,
        "mean": 30.1615486145,
        "median": 26.7080974579,
        "min": 1.09123896487e-16,
        "var": 727.899230957
    },
    "melbands_crest": {
        "dmean": 3.99024581909,
        "dmean2": 6.16594219208,
        "dvar": 17.1699104309,
        "dvar2": 35.0781555176,
        "max": 38.6886825562,
        "mean": 21.0087718964,
        "median": 20.0525169373,
        "min": 1.50088202953,
        "var": 82.8345336914
    },
    "melbands_flatness_db": {
        "dmean": 0.0496053732932,
        "dmean2": 0.0737379938364,
        "dvar": 0.00359214167111,
        "dvar2": 0.00712047191337,
        "max": 0.828491091728,
        "mean": 0.260792374611,
        "median": 0.223683163524,
        "min": 0.0024125170894,
        "var": 0.016632668674
    },
    "melbands_kurtosis": {
        "dmean": 70.7116088867,
        "dmean2": 115.378471375,
        "dvar": 40035.9335938,
        "dvar2": 97211.296875,
        "max": 3274.12646484,
        "mean": 101.811645508,
        "median": 10.4120702744,
        "min": -1.7650219202,
        "var": 74075.640625
    },
    "melbands_skewness": {
        "dmean": 2.26741194725,
        "dmean2": 3.56126332283,
        "dvar": 12.3075580597,
        "dvar2": 27.3293590546,
        "max": 44.2856636047,
        "mean": 5.25476408005,
        "median": 3.23157644272,
        "min": -1.37890601158,
        "var": 33.4771842957
    },
    "melbands_spread": {
        "dmean": 9.35711479187,
        "dmean2": 15.341673851,
        "dvar": 203.950744629,
        "dvar2": 503.733978271,
        "max": 207.202911377,
        "mean": 25.1239414215,
        "median": 22.2606296539,
        "min": 0.0698468461633,
        "var": 471.10168457
    },
    "pitch_salience": {
        "dmean": 0.104942888021,
        "dmean2": 0.167644381523,
        "dvar": 0.0129953566939,
        "dvar2": 0.0307658109814,
        "max": 0.928216099739,
        "mean": 0.432018816471,
        "median": 0.45293751359,
        "min": 0.0136965187266,
        "var": 0.0447423644364
    },
    "silence_rate_20dB": {
        "dmean": 0,
        "dmean2": 0,
        "dvar": 0,
        "dvar2": 0,
        "max": 1,
        "mean": 1,
        "median": 1,
        "min": 1,
        "var": 0
    },
    "silence_rate_30dB": {
        "dmean": 0.127299129963,
        "dmean2": 0.254618793726,
        "dvar": 0.111110284925,
        "dvar2": 0.26194858551,
        "max": 1,
        "mean": 0.846817791462,
        "median": 1,
        "min": 0,
        "var": 0.129698216915
    },
    "silence_rate_60dB": {
        "dmean": 0.0129073895514,
        "dmean2": 0.0258168615401,
        "dvar": 0.0127419587225,
        "dvar2": 0.0262840334326,
        "max": 1,
        "mean": 0.0854238942266,
        "median": 0,
        "min": 0,
        "var": 0.0781226158142
    },
    "spectral_centroid": {
        "dmean": 281.765777588,
        "dmean2": 453.921203613,
        "dvar": 185363.078125,
        "dvar2": 417794.3125,
        "max": 11477.4189453,
        "mean": 1701.40246582,
        "median": 1764.66564941,
        "min": 59.4046783447,
        "var": 731040.6875
    },
    "spectral_complexity": {
        "dmean": 4.13585042953,
        "dmean2": 6.14279937744,
        "dvar": 25.0293445587,
        "dvar2": 52.5630760193,
        "max": 60,
        "mean": 24.9493427277,
        "median": 28,
        "min": 0,
        "var": 208.718688965
    },
    "spectral_decrease": {
        "dmean": 6.35543262462e-09,
        "dmean2": 1.02878896513e-08,
        "dvar": 8.45482215216e-17,
        "dvar2": 2.1219819102e-16,
        "max": 1.63963179147e-28,
        "mean": -1.40394478265e-08,
        "median": -1.18608474153e-08,
        "min": -6.47433964218e-08,
        "var": 1.42145747251e-16
    },
    "spectral_energy": {
        "dmean": 0.0243040043861,
        "dmean2": 0.0390124544501,
        "dvar": 0.00119590142276,
        "dvar2": 0.0029701446183,
        "max": 0.24539527297,
        "mean": 0.0557240098715,
        "median": 0.0479677319527,
        "min": 1.01922311256e-20,
        "var": 0.0020838745404
    },
    "spectral_energyband_high": {
        "dmean": 0.000849600415677,
        "dmean2": 0.00140113278758,
        "dvar": 3.94409107685e-06,
        "dvar2": 1.0528340681e-05,
        "max": 0.0194948483258,
        "mean": 0.00115670566447,
        "median": 0.000567945826333,
        "min": 7.1912747932e-21,
        "var": 3.77744822799e-06
    },
    "spectral_energyband_low": {
        "dmean": 0.0241512451321,
        "dmean2": 0.0395114049315,
        "dvar": 0.00132688274607,
        "dvar2": 0.00336456182413,
        "max": 0.241316586733,
        "mean": 0.0416560322046,
        "median": 0.0286823734641,
        "min": 6.38300214471e-24,
        "var": 0.00213739089668
    },
    "spectral_energyband_middle_high": {
        "dmean": 0.00234676455148,
        "dmean2": 0.00330930273049,
        "dvar": 1.07413761725e-05,
        "dvar2": 2.06981494557e-05,
        "max": 0.0517309010029,
        "mean": 0.00936954375356,
        "median": 0.0074555571191,
        "min": 1.17947362446e-21,
        "var": 7.18797236914e-05
    },
    "spectral_energyband_middle_low": {
        "dmean": 0.00270356074907,
        "dmean2": 0.00422154879197,
        "dvar": 3.23072417814e-05,
        "dvar2": 8.03748262115e-05,
        "max": 0.0563073940575,
        "mean": 0.00512082641944,
        "median": 0.00311345374212,
        "min": 1.75801022742e-22,
        "var": 4.15383801737e-05
    },
    "spectral_entropy": {
        "dmean": 0.177825167775,
        "dmean2": 0.26386448741,
        "dvar": 0.0684962272644,
        "dvar2": 0.137305706739,
        "max": 9.82726764679,
        "mean": 7.69058799744,
        "median": 7.83976888657,
        "min": 4.89304351807,
        "var": 0.259296923876
    },
    "spectral_flux": {
        "dmean": 0.043309789151,
        "dmean2": 0.0718242451549,
        "dvar": 0.00290175224654,
        "dvar2": 0.0075768227689,
        "max": 0.40617993474,
        "mean": 0.107046350837,
        "median": 0.0842220857739,
        "min": 6.42774306003e-11,
        "var": 0.00617493549362
    },
    "spectral_kurtosis": {
        "dmean": 2.84071159363,
        "dmean2": 4.59298944473,
        "dvar": 28.9767169952,
        "dvar2": 72.009223938,
        "max": 72.6965866089,
        "mean": 6.6818447113,
        "median": 3.42612218857,
        "min": -1.24130475521,
        "var": 82.3258972168
    },
    "spectral_rms": {
        "dmean": 0.00144157570321,
        "dmean2": 0.0022489677649,
        "dvar": 3.19156310979e-06,
        "dvar2": 7.36549736757e-06,
        "max": 0.0154728796333,
        "mean": 0.0066674510017,
        "median": 0.00684089073911,
        "min": 3.15335366326e-12,
        "var": 9.90984335658e-06
    },
    "spectral_rolloff": {
        "dmean": 566.543579102,
        "dmean2": 1029.89147949,
        "dvar": 1825501,
        "dvar2": 4718668.5,
        "max": 19659.8144531,
        "mean": 1362.77734375,
        "median": 1464.2578125,
        "min": 43.06640625,
        "var": 3198836
    },
    "spectral_skewness": {
        "dmean": 0.287803083658,
        "dmean2": 0.4516287148,
        "dvar": 0.142673879862,
        "dvar2": 0.35350266099,
        "max": 5.59635925293,
        "mean": 1.62905359268,
        "median": 1.38462126255,
        "min": -0.087465070188,
        "var": 0.628463685513
    },
    "spectral_spread": {
        "dmean": 805145.125,
        "dmean2": 1087367.625,
        "dvar": 1.2197714985e+12,
        "dvar2": 2.12348973875e+12,
        "max": 42358672,
        "mean": 4663061.5,
        "median": 3996228,
        "min": 898054.75,
        "var": 1.02459821261e+13
    },
    "spectral_strongpeak": {
        "dmean": 0.39568951726,
        "dmean2": 0.66511541605,
        "dvar": 0.635195791721,
        "dvar2": 1.51556587219,
        "max": 11.1514835358,
        "mean": 0.750732541084,
        "median": 0.305620163679,
        "min": 0,
        "var": 1.60864269733
    },
    "zerocrossingrate": {
        "dmean": 0.0116343367845,
        "dmean2": 0.0144057739526,
        "dvar": 0.000218087356188,
        "dvar2": 0.000308185495669,
        "max": 0.7099609375,
        "mean": 0.0487938188016,
        "median": 0.046875,
        "min": 0.00146484375,
        "var": 0.00181965553202
    },
    "barkbands": {
        "dmean": [0.00247681047767, 0.0170934908092, 0.00806541088969, 0.00204569566995, 0.00070350576425, 0.000193175248569, 0.000173885142431, 0.000142469812999, 0.000150217310875, 0.000175100736669, 0.000206522454391, 0.000304198038066, 0.00064773025224, 0.000619887607172, 0.000781405717134, 0.00059810152743, 0.00034703782876, 0.000180019720574, 0.000204003983526, 0.000152326945681, 0.000118147712783, 0.000110903769382, 8.37626794237e-05, 0.000173744978383, 0.000201036367798, 0.000128508108901, 3.58382167178e-05],
        "dmean2": [0.00334522686899, 0.0269987471402, 0.012978952378, 0.00341882300563, 0.00111956289038, 0.000292535289191, 0.000251999183092, 0.000196151828277, 0.000208847384783, 0.000245305127464, 0.000294857891276, 0.000438885908807, 0.00093589653261, 0.000902744592167, 0.00113720539957, 0.000873935234267, 0.000518659537192, 0.000296973244986, 0.000352881092113, 0.000251068151556, 0.000197587374714, 0.000179641850991, 0.000138185816468, 0.000297838269034, 0.000346183776855, 0.000212327329791, 6.12862786511e-05],
        "dvar": [2.1755526177e-05, 0.000700250267982, 0.000436944887042, 2.72394718195e-05, 2.00865656552e-06, 1.06829034507e-07, 1.34345043534e-07, 6.26183691566e-08, 6.6312118463e-08, 9.43598621461e-08, 1.72172022417e-07, 2.27801393748e-07, 1.38947916639e-06, 8.16920930902e-07, 1.89363618119e-06, 7.67046401506e-07, 3.51887337047e-07, 1.32098293193e-07, 1.52080346538e-07, 8.00036232818e-08, 5.54933876629e-08, 4.96876957357e-08, 4.57806947907e-08, 1.84089188338e-07, 2.20433818754e-07, 1.22995174934e-07, 1.00964872018e-08],
        "dvar2": [3.88723710785e-05, 0.00162296183407, 0.00112559460104, 6.89951411914e-05, 5.11541657033e-06, 2.62022666675e-07, 2.78984543911e-07, 1.22089602428e-07, 1.35798202905e-07, 2.11282127793e-07, 3.65294511084e-07, 5.17521812071e-07, 2.79970572592e-06, 1.79623532404e-06, 3.91663752453e-06, 1.72323348124e-06, 7.87269925695e-07, 3.16600846872e-07, 4.36594859821e-07, 2.08891094644e-07, 1.53411264137e-07, 1.33553371029e-07, 1.22603523778e-07, 5.01316151258e-07, 5.92854007664e-07, 3.24157298337e-07, 2.70853437456e-08],
        "max": [0.0410789139569, 0.200577840209, 0.168138876557, 0.050770599395, 0.0265714526176, 0.00657384283841, 0.00681465957314, 0.00535388663411, 0.00599626637995, 0.00797063671052, 0.0115307308733, 0.00876722857356, 0.0271134786308, 0.0129583692178, 0.031842071563, 0.0159089323133, 0.0142653807998, 0.00952343735844, 0.00474542239681, 0.00480402586982, 0.00287601514719, 0.00278394599445, 0.00226134620607, 0.00413503637537, 0.00465911766514, 0.00343233090825, 0.00119972473476],
        "mean": [0.0036966225598, 0.0278426557779, 0.0086110830307, 0.0022562998347, 0.00117989210412, 0.000405725411838, 0.000406755862059, 0.000329703092575, 0.000374430906959, 0.000434120564023, 0.000438247894635, 0.000693204929121, 0.00137968384661, 0.00149844726548, 0.00189591059461, 0.00158161413856, 0.000752297404688, 0.00030584083288, 0.000348816392943, 0.000253578909906, 0.000227291719057, 0.000232467747992, 0.000109580127173, 0.000165106524946, 0.000170172163052, 0.000104266837297, 3.00477076962e-05],
        "median": [0.00136068032589, 0.018026009202, 0.0018893473316, 0.000510465470143, 0.000485396507429, 0.000212585262489, 0.000169955892488, 0.000133211200591, 0.00019513744337, 0.000219690628001, 0.000221415626584, 0.000403830345022, 0.000757304136641, 0.000889499788173, 0.00103627028875, 0.000913940079045, 0.000484645715915, 0.00016063885414, 0.000164503187989, 0.00013853351993, 0.000106980020064, 0.000123985955724, 4.55999470432e-05, 3.15690558637e-05, 1.63399417943e-05, 3.41909003509e-06, 1.44407977132e-07],
        "min": [4.13681222496e-25, 3.07517150175e-24, 6.02485416614e-25, 1.91701699945e-24, 1.06120456201e-23, 9.51556761605e-24, 6.28617499062e-24, 7.91399301842e-24, 9.93197257804e-24, 1.02966819072e-23, 1.29128696796e-23, 3.29848808437e-23, 3.7031399655e-23, 3.68657546422e-23, 3.81009782911e-23, 7.56870197377e-23, 2.57928217713e-23, 1.09308669104e-22, 1.26094303881e-22, 1.65560775155e-22, 2.36111117642e-22, 3.24332726956e-22, 4.96594528403e-22, 5.31626011046e-22, 7.93111111073e-22, 1.38499710858e-21, 2.08597744483e-21],
        "var": [3.78490731237e-05, 0.00119114026893, 0.000377769349143, 2.54724291153e-05, 3.9870137698e-06, 2.68831115591e-07, 4.60135822777e-07, 2.41995678607e-07, 2.62780105231e-07, 3.62139985555e-07, 4.17612596948e-07, 6.89639193752e-07, 3.82963980883e-06, 3.02036596622e-06, 6.03175658398e-06, 3.29070553562e-06, 8.66618677264e-07, 2.64096257752e-07, 2.76499633856e-07, 1.17647303455e-07, 8.82671926661e-08, 8.2542065627e-08, 4.02889277495e-08, 1.61567456303e-07, 1.86867822549e-07, 1.03770844362e-07, 8.79686279376e-09]
    },
    "erbbands": {
        "dmean": [0.85912913084, 2.85218548775, 8.07643699646, 9.37193107605, 3.34256863594, 2.32923269272, 1.42129075527, 1.6649107933, 2.43165683746, 2.66560220718, 3.14437270164, 3.50212645531, 4.85300207138, 6.09316968918, 8.86202049255, 13.2859153748, 28.5187187195, 31.0731182098, 36.9314880371, 35.9001197815, 30.0848884583, 17.6122703552, 8.8271856308, 11.2049350739, 9.21804714203, 6.91344547272, 5.52480840683, 3.95977711678, 2.88899707794, 5.70679426193, 1.51749145985, 2.88646101952, 3.22865176201, 2.49902319908, 1.34211242199, 0.699455320835, 0.186661526561, 0.0702146887779, 0.00518829980865, 9.69416869339e-05],
        "dmean2": [1.22328853607, 4.67977905273, 12.8419389725, 15.2120628357, 5.35854101181, 3.6930308342, 2.20585727692, 2.54680657387, 3.52840614319, 3.76036524773, 4.29885149002, 4.75361204147, 6.72467184067, 8.66673660278, 12.6031341553, 19.3020343781, 40.4132347107, 44.9140396118, 52.4768409729, 53.501033783, 44.3103561401, 26.288974762, 14.3333044052, 19.0172691345, 15.6921873093, 11.2557411194, 9.36444282532, 6.44881391525, 4.5513048172, 9.6810464859, 2.3955411911, 4.91429138184, 5.57158994675, 4.31683254242, 2.28662276268, 1.1848603487, 0.311384141445, 0.120506003499, 0.00853931717575, 0.000151869491674],
        "dvar": [2.32360434532, 20.4700737, 377.548675537, 631.319885254, 54.9499588013, 23.0534152985, 7.47958755493, 8.07523918152, 24.04438591, 28.9557914734, 34.3927192688, 34.337802887, 85.1390533447, 130.966339111, 362.65145874, 442.842437744, 3264.52026367, 2323.41821289, 6261.89160156, 3076.33081055, 1975.3581543, 1061.43896484, 288.927185059, 568.36932373, 294.082550049, 180.160095215, 123.786338806, 55.4885406494, 23.3189334869, 245.947662354, 11.4579238892, 51.0585861206, 65.8813781738, 36.6872406006, 9.64166355133, 4.30839061737, 0.237651735544, 0.0343186184764, 0.000185420649359, 4.43568985986e-08],
        "dvar2": [4.24787044525, 58.0758514404, 970.474853516, 1549.72790527, 145.046112061, 57.4936752319, 18.6946201324, 19.7456302643, 49.1134872437, 60.3734703064, 67.4928741455, 65.6394577026, 195.894470215, 301.616119385, 763.356689453, 1017.44567871, 6200.49951172, 5222.44726562, 12270.7158203, 6885.37109375, 4548.20898438, 2322.32104492, 668.060852051, 1550.60949707, 866.610351562, 465.961364746, 343.732116699, 150.483901978, 58.9717063904, 674.741394043, 29.962896347, 138.999237061, 180.70413208, 98.8514709473, 25.9946403503, 11.6573810577, 0.630372107029, 0.0913723036647, 0.00047271605581, 1.08052567782e-07],
        "max": [12.1652975082, 42.5243644714, 149.667694092, 200.534469604, 88.1358642578, 111.411529541, 44.4240951538, 60.3968544006, 106.296760559, 154.373428345, 146.977371216, 151.593902588, 268.309204102, 337.491149902, 540.579833984, 375.556182861, 1489.8157959, 855.641662598, 2316.15649414, 1184.02355957, 965.773193359, 873.317443848, 489.017181396, 356.088195801, 258.817718506, 246.327331543, 138.02696228, 93.6840591431, 60.6719474792, 185.860031128, 47.1865386963, 85.9864273071, 78.6773452759, 56.2901306152, 31.17927742, 20.5630187988, 5.70146417618, 1.88060390949, 0.148119866848, 0.0023097905796],
        "mean": [1.20295500755, 4.56980705261, 9.89165401459, 9.76257133484, 4.77512741089, 3.89824485779, 2.6628651619, 3.4026389122, 5.48413038254, 6.68903493881, 7.88460731506, 9.04533576965, 12.0839986801, 14.6440029144, 20.580411911, 31.9948673248, 62.4940643311, 77.1895141602, 89.6363830566, 97.9468536377, 81.6312026978, 41.018196106, 17.4462165833, 18.822675705, 16.2285690308, 11.7303037643, 9.27693653107, 8.88384437561, 7.80658435822, 7.12341070175, 2.42057228088, 2.88379025459, 2.99777293205, 2.20340514183, 1.06339681149, 0.532450675964, 0.153612092137, 0.0601950138807, 0.00456566223875, 0.000134860194521],
        "median": [0.541545748711, 3.11520004272, 3.00350904465, 2.24695801735, 1.86981356144, 1.37737238407, 1.22317361832, 1.77775406837, 2.24456906319, 3.20737457275, 3.57164406776, 4.95842981339, 6.19886207581, 8.25322246552, 12.2057991028, 20.0046482086, 34.0705757141, 48.323764801, 50.3478660583, 55.9983634949, 50.941242218, 28.3584747314, 11.5379533768, 7.91640615463, 8.64959430695, 6.48886156082, 4.60521936417, 4.41700792313, 3.72532010078, 2.13789749146, 1.16300797462, 0.750999033451, 0.470655918121, 0.225193411112, 0.0933158323169, 0.0234705023468, 0.00440009264275, 0.000529205717612, 5.38517051609e-05, 6.50000365567e-05],
        "min": [8.86645389351e-23, 3.95411517898e-22, 9.4162668466e-22, 6.78045521885e-21, 1.54960332417e-20, 3.31241826734e-20, 5.11019613167e-20, 1.04328594198e-19, 1.16528758601e-19, 1.83063574009e-19, 2.42769393075e-19, 3.88994943792e-19, 5.5494146259e-19, 7.20624188321e-19, 1.0733304343e-18, 1.54650638581e-18, 1.72052430038e-18, 2.05925889712e-18, 1.96351212083e-18, 3.37111006637e-18, 4.37656836686e-18, 2.08538043368e-18, 6.53722120231e-18, 4.77030096176e-18, 7.72864128502e-18, 7.98866302903e-18, 8.33068566871e-18, 9.54269220892e-18, 1.203657889e-17, 1.34469400324e-17, 1.44723917019e-17, 8.93190287179e-18, 8.95767037505e-18, 7.19075302964e-18, 6.2200698157e-18, 4.50252315873e-18, 2.07339293225e-18, 9.82934275801e-19, 2.69690684044e-19, 2.79567143009e-20],
        "var": [3.77683258057, 28.2531642914, 351.196655273, 588.91394043, 64.4927215576, 50.1425628662, 15.3819522858, 19.7838172913, 79.7480316162, 113.840072632, 146.58883667, 151.379959106, 276.366760254, 414.017211914, 815.441650391, 1384.36401367, 8973.48828125, 8038.18847656, 16514.3867188, 13013.5390625, 8203.72070312, 2486.40600586, 652.456481934, 979.049499512, 531.01751709, 262.945159912, 153.593765259, 123.902755737, 85.2417526245, 195.432342529, 13.9491682053, 42.6756134033, 58.4296951294, 32.9834594727, 7.48717832565, 3.20439004898, 0.204693511128, 0.0314526893198, 0.000181642666575, 5.18313427733e-08]
    },
    "gfcc": {
        "mean": [-22.9061336517, 81.3524627686, -113.728622437, 45.2466621399, -17.3785552979, 35.6371078491, -27.3825798035, 11.8268899918, -9.63686180115, 9.97506141663, -14.6953353882, -0.570228695869, -7.00451517105],
        "cov": [[22815.8183594, 392.61932373, -2542.67260742, -255.606674194, -1125.2911377, 23.9635887146, -846.058227539, -425.340026855, -507.516082764, -10.2578754425, -468.139312744, -110.668411255, -273.818756104], [392.61932373, 1610.91333008, -1240.83862305, -453.136322021, -28.1337203979, -77.6581954956, 1.96648454666, -161.630126953, 317.734588623, -66.5837097168, 39.1144638062, 40.8136405945, 144.584472656], [-2542.67260742, -1240.83862305, 2089.07006836, 638.252441406, 338.325866699, 190.457824707, 248.325057983, 244.901977539, -144.158462524, 33.557472229, 45.0891723633, 10.6703310013, -93.5346374512], [-255.606674194, -453.136322021, 638.252441406, 1025.04370117, -130.911758423, 66.8202209473, 238.419708252, 4.18216323853, -99.8707351685, -4.05523443222, 45.8789978027, -14.1633968353, -16.5207805634], [-1125.2911377, -28.1337203979, 338.325866699, -130.911758423, 400.758636475, 26.1952285767, 32.417011261, 102.143371582, 84.3390350342, 23.9084262848, 55.0203285217, 28.0603904724, -0.30552303791], [23.9635887146, -77.6581954956, 190.457824707, 66.8202209473, 26.1952285767, 264.310943604, 64.3030014038, 12.2388877869, 51.504322052, 7.68677330017, -37.4945335388, 7.28492641449, 12.7770214081], [-846.058227539, 1.96648454666, 248.325057983, 238.419708252, 32.417011261, 64.3030014038, 217.036315918, 50.4294586182, 43.700302124, 7.96854257584, 42.6902275085, 7.51836824417, 28.4475193024], [-425.340026855, -161.630126953, 244.901977539, 4.18216323853, 102.143371582, 12.2388877869, 50.4294586182, 156.016815186, 24.7467060089, 24.6034030914, 30.3319568634, 5.04966878891, 7.15347337723], [-507.516082764, 317.734588623, -144.158462524, -99.8707351685, 84.3390350342, 51.504322052, 43.700302124, 24.7467060089, 186.521575928, 15.8292722702, 30.840719223, 31.2837524414, 52.6505088806], [-10.2578754425, -66.5837097168, 33.557472229, -4.05523443222, 23.9084262848, 7.68677330017, 7.96854257584, 24.6034030914, 15.8292722702, 99.3257064819, 53.1101799011, 7.01904773712, -11.2464771271], [-468.139312744, 39.1144638062, 45.0891723633, 45.8789978027, 55.0203285217, -37.4945335388, 42.6902275085, 30.3319568634, 30.840719223, 53.1101799011, 114.062240601, 19.8595180511, 14.9077501297], [-110.668411255, 40.8136405945, 10.6703310013, -14.1633968353, 28.0603904724, 7.28492641449, 7.51836824417, 5.04966878891, 31.2837524414, 7.01904773712, 19.8595180511, 56.413318634, 29.3997211456], [-273.818756104, 144.584472656, -93.5346374512, -16.5207805634, -0.30552303791, 12.7770214081, 28.4475193024, 7.15347337723, 52.6505088806, -11.2464771271, 14.9077501297, 29.3997211456, 98.1671905518]],
        "icov": [[7.94895022409e-05, -9.56642543315e-05, 0.000108141415694, -0.000111864996143, 6.077319631e-05, -0.000178357891855, 0.000277444923995, -0.000237104060943, 0.000339638441801, -0.000204631040106, 0.000243399001192, -0.00021407508757, 0.000228658915148], [-9.56642543315e-05, 0.0027299807407, 0.000972805777565, 0.000648352841381, -0.000397764903028, 0.000746772624552, -0.00191436568275, 0.00235050381161, -0.0035319107119, 0.00244251871482, -0.00163253140636, 0.000563325709663, -0.000713284593076], [0.000108141415694, 0.000972805777565, 0.00190927053336, -0.00057091016788, -0.00121731206309, -0.000786237767898, -0.000803592149168, -0.000788906647358, 0.000712575856596, 0.00070944376057, -3.805706001e-05, -0.00111238763202, 0.00101886957418], [-0.000111864996143, 0.000648352841381, -0.00057091016788, 0.00228730053641, 0.000991226406768, 0.000309466122417, -0.00246941344813, 0.00156212819275, -0.000620591978077, 0.00118140608538, -0.00168990215752, 0.000608157250099, -0.000318715610774], [6.077319631e-05, -0.000397764903028, -0.00121731206309, 0.000991226406768, 0.00486569385976, -2.6679597795e-05, 0.000649372581393, -0.00128932856023, -0.00173403671943, 0.000616261851974, -0.00164403719828, -0.000623798870947, 0.00112380890641], [-0.000178357891855, 0.000746772624552, -0.000786237767898, 0.000309466122417, -2.6679597795e-05, 0.00623144302517, -0.00210426724516, 0.00194885232486, -0.0037849706132, -0.00138332124334, 0.00329432450235, 0.000500286347233, -0.00141636654735], [0.000277444923995, -0.00191436568275, -0.000803592149168, -0.00246941344813, 0.000649372581393, -0.00210426724516, 0.0108063528314, -0.00343805085868, 0.000567210605368, -0.000880358042195, -0.000807070115115, 0.000716236361768, -0.000689933251124], [-0.000237104060943, 0.00235050381161, -0.000788906647358, 0.00156212819275, -0.00128932856023, 0.00194885232486, -0.00343805085868, 0.0122551089153, -0.00460396520793, 0.000539363827556, -0.00192596623674, 0.00272913230583, -0.00276025338098], [0.000339638441801, -0.0035319107119, 0.000712575856596, -0.000620591978077, -0.00173403671943, -0.0037849706132, 0.000567210605368, -0.00460396520793, 0.0157163757831, -0.00388087145984, 0.00147728156298, -0.00383870769292, -0.00056639208924], [-0.000204631040106, 0.00244251871482, 0.00070944376057, 0.00118140608538, 0.000616261851974, -0.00138332124334, -0.000880358042195, 0.000539363827556, -0.00388087145984, 0.0180740766227, -0.0107625378296, 0.000142885590321, 0.00284805824049], [0.000243399001192, -0.00163253140636, -3.805706001e-05, -0.00168990215752, -0.00164403719828, 0.00329432450235, -0.000807070115115, -0.00192596623674, 0.00147728156298, -0.0107625378296, 0.0191150959581, -0.00371586624533, -0.00111226178706], [-0.00021407508757, 0.000563325709663, -0.00111238763202, 0.000608157250099, -0.000623798870947, 0.000500286347233, 0.000716236361768, 0.00272913230583, -0.00383870769292, 0.000142885590321, -0.00371586624533, 0.0245291143656, -0.00756447436288], [0.000228658915148, -0.000713284593076, 0.00101886957418, -0.000318715610774, 0.00112380890641, -0.00141636654735, -0.000689933251124, -0.00276025338098, -0.00056639208924, 0.00284805824049, -0.00111226178706, -0.00756447436288, 0.0164455547929]]
    },
    "melbands": {
        "dmean": [0.00573049206287, 0.00382344098762, 0.00143470265903, 0.000190425853361, 5.60093103559e-05, 3.76752686861e-05, 3.6823341361e-05, 2.88074115815e-05, 2.57320771198e-05, 2.1613566787e-05, 2.43320591835e-05, 2.476163354e-05, 2.96371708828e-05, 3.37127603416e-05, 4.52336753369e-05, 6.70712543069e-05, 6.20954815531e-05, 6.38191922917e-05, 5.29542994627e-05, 4.74525113532e-05, 3.62769715139e-05, 2.25245257752e-05, 9.7048778116e-06, 8.75940531841e-06, 9.73909845925e-06, 7.95956930233e-06, 6.05228751738e-06, 4.58005570181e-06, 3.77812352781e-06, 3.21396032632e-06, 2.12482427742e-06, 1.49712889197e-06, 3.16194268635e-06, 2.85304622594e-06, 6.18333558577e-07, 1.29631791879e-06, 1.97941517399e-06, 2.13807038563e-06, 2.54078167927e-06, 2.02326623366e-06],
        "dmean2": [0.00857204850763, 0.00612709484994, 0.00230709393509, 0.000307209644234, 8.68394490681e-05, 5.71519776713e-05, 5.3194060456e-05, 4.02172481699e-05, 3.48925314029e-05, 3.0035902455e-05, 3.38497993653e-05, 3.53662398993e-05, 4.22860102844e-05, 4.83234507556e-05, 6.53377064737e-05, 9.7450123576e-05, 8.98667058209e-05, 9.15666896617e-05, 7.85651573096e-05, 6.94252885296e-05, 5.40657420061e-05, 3.3819469536e-05, 1.55766992975e-05, 1.44655086842e-05, 1.66863319464e-05, 1.37325396281e-05, 1.00926363302e-05, 7.4940498962e-06, 6.47150091027e-06, 5.44665317648e-06, 3.41666304848e-06, 2.3052079996e-06, 5.31574687557e-06, 4.83789926875e-06, 9.55710561357e-07, 2.17703450289e-06, 3.38468794325e-06, 3.63706863027e-06, 4.50114112027e-06, 3.47728882844e-06],
        "dvar": [9.136134031e-05, 6.56565825921e-05, 1.40178999573e-05, 1.5497619188e-07, 1.22749970188e-08, 4.03265154603e-09, 5.57693713432e-09, 2.89054225e-09, 2.08351136344e-09, 1.34886690706e-09, 2.14180828628e-09, 2.15306794615e-09, 3.46639361659e-09, 3.02996672197e-09, 6.08888672815e-09, 1.52565924338e-08, 9.24602083785e-09, 2.05752908045e-08, 6.60469545721e-09, 4.96577357012e-09, 2.94777158238e-09, 1.88174897886e-09, 2.85441642545e-10, 3.37187500143e-10, 4.43200864897e-10, 2.34182423453e-10, 1.30519317576e-10, 7.86361809002e-11, 5.41812011923e-11, 4.74700036224e-11, 1.32416057286e-11, 5.4089606058e-12, 5.92568910607e-11, 6.08117028955e-11, 1.49423052057e-12, 1.14305509502e-11, 2.32776731918e-11, 2.73935093359e-11, 4.97899603491e-11, 2.29935254864e-11],
        "dvar2": [0.000181451789103, 0.000167968624737, 3.44045256497e-05, 4.03854443221e-07, 2.99681310878e-08, 9.73753166988e-09, 1.1452995885e-08, 5.98104632488e-09, 4.11823508628e-09, 2.81081224962e-09, 4.97093832763e-09, 4.974618939e-09, 7.37382599425e-09, 6.8758048144e-09, 1.3253822928e-08, 3.06032177377e-08, 2.04953032323e-08, 4.12664320493e-08, 1.47072523049e-08, 1.07607043276e-08, 7.0005676811e-09, 4.23353396783e-09, 6.69288291455e-10, 8.44136871514e-10, 1.22586907292e-09, 7.09870162652e-10, 3.52965878747e-10, 2.03920907937e-10, 1.51020779215e-10, 1.32778676942e-10, 3.53785820084e-11, 1.31312582335e-11, 1.61869309623e-10, 1.66382421729e-10, 3.76690779263e-12, 3.12480076536e-11, 6.30916707767e-11, 7.25132454082e-11, 1.42862652264e-10, 6.00049107624e-11],
        "max": [0.0774441435933, 0.0587194859982, 0.0296886656433, 0.00676261633635, 0.00193709100131, 0.00128991168458, 0.00157058530021, 0.00149886938743, 0.00110292108729, 0.000859322783072, 0.00135997787584, 0.0013313771924, 0.00162271421868, 0.00105265283491, 0.00134783971589, 0.00297522684559, 0.00158630439546, 0.00435216119513, 0.00176027161069, 0.000886105874088, 0.00125233281869, 0.00120465911459, 0.000383217964554, 0.000549444463104, 0.000299207662465, 0.000265015376499, 0.000178365109605, 0.000143736266182, 8.72211967362e-05, 8.79102517501e-05, 4.70100312668e-05, 3.82085017918e-05, 9.68124149949e-05, 8.91761301318e-05, 1.7925092834e-05, 4.06479957746e-05, 5.92963951931e-05, 4.78456349811e-05, 7.83964860602e-05, 4.65831762995e-05],
        "mean": [0.00890282634646, 0.00555913429707, 0.0015611195704, 0.000301593972836, 0.000106639869045, 7.88624238339e-05, 8.49921852932e-05, 7.23238990759e-05, 6.53571332805e-05, 5.46247538296e-05, 5.90345771343e-05, 5.72521530557e-05, 6.54644609313e-05, 7.51438856241e-05, 0.000102283251181, 0.000144171586726, 0.000143620287417, 0.00014036243374, 0.000134074784, 0.000124388199765, 8.90813025762e-05, 4.75899942103e-05, 1.86817451322e-05, 1.40901520354e-05, 1.53056607815e-05, 1.31703163788e-05, 9.75610964815e-06, 7.24385381545e-06, 5.77715445615e-06, 5.38799986316e-06, 5.07291224494e-06, 4.37749895355e-06, 4.6888376346e-06, 3.34216178999e-06, 1.19046887903e-06, 1.45580406752e-06, 1.87563705367e-06, 2.02221576728e-06, 2.20967876885e-06, 1.77116100986e-06],
        "median": [0.00503585347906, 0.00303505687043, 0.000409461965319, 0.000118417367048, 4.64294244011e-05, 4.05879836762e-05, 3.63984945579e-05, 3.54828225682e-05, 3.07098016492e-05, 2.98836566799e-05, 2.96722209896e-05, 3.13108321279e-05, 3.49982874468e-05, 4.40000076196e-05, 5.6290304201e-05, 8.03011062089e-05, 8.45749164e-05, 7.43899436202e-05, 7.44942444726e-05, 6.85984123265e-05, 5.40205510333e-05, 3.05171470245e-05, 1.27512248582e-05, 6.70680219628e-06, 5.65146683584e-06, 6.20063974566e-06, 4.92400704388e-06, 3.82095549867e-06, 2.77829576589e-06, 2.40010990638e-06, 2.35875290855e-06, 1.97014333025e-06, 1.59700482527e-06, 1.00664783531e-06, 5.37382618404e-07, 4.77639446217e-07, 4.18260469814e-07, 2.77672683069e-07, 2.43669035171e-07, 1.36967869935e-07],
        "min": [9.87921868829e-25, 5.11271106473e-25, 1.87977152346e-24, 1.78438818204e-24, 2.15741979652e-24, 1.9690196964e-24, 1.7199100443e-24, 1.52237414604e-24, 2.29830049343e-24, 1.74052830457e-24, 2.43416778207e-24, 2.96658045941e-24, 3.08865313462e-24, 2.64777396027e-24, 3.13817801947e-24, 3.1608772948e-24, 3.49987567489e-24, 2.31804272366e-24, 3.53805733156e-24, 3.39881588761e-24, 3.52089092941e-24, 1.29084593555e-24, 5.1849519882e-24, 4.77561245891e-24, 2.79381065205e-24, 5.64211975974e-24, 4.14248807917e-24, 4.14487201683e-24, 3.67583386081e-24, 5.31165054376e-24, 3.94752741733e-24, 6.21658010384e-24, 6.31223579949e-24, 5.97571641479e-24, 7.82160478464e-24, 5.72889051501e-24, 5.42879126059e-24, 5.84916734837e-24, 6.72624617419e-24, 5.81351280761e-24],
        "var": [0.000155789850396, 6.98358053342e-05, 1.32474679049e-05, 2.65042302772e-07, 2.7938963143e-08, 1.07900497426e-08, 1.8469517471e-08, 1.12611893144e-08, 9.15123798961e-09, 5.23815302245e-09, 6.66082744516e-09, 6.57215215583e-09, 8.45374614755e-09, 8.43314307275e-09, 1.82356671985e-08, 4.17190975099e-08, 3.00361584493e-08, 4.82702340321e-08, 2.57289265448e-08, 2.13995843268e-08, 1.04982440519e-08, 3.88437104704e-09, 6.15487327771e-10, 6.40676789398e-10, 7.14836856375e-10, 4.22429285996e-10, 1.95855776042e-10, 1.08762325535e-10, 6.33539470885e-11, 5.94477383986e-11, 3.9885393599e-11, 2.84291114955e-11, 5.72216336814e-11, 4.76127436089e-11, 2.98993859185e-12, 9.56573101979e-12, 1.94568458567e-11, 2.59468106723e-11, 3.87004976676e-11, 2.14034085594e-11]
    },
    "mfcc": {
        "mean": [-663.362731934, 112.950019836, -14.7540454865, 25.6503658295, 31.5709705353, 29.6602535248, 9.20489788055, 9.07618236542, 14.7519369125, 9.85364437103, 6.62871742249, 4.95636081696, 6.01497125626],
        "cov": [[17804.3300781, 459.755401611, -1789.55297852, -609.098083496, -865.469421387, -5.76597309113, -752.215576172, -570.56652832, -413.606689453, -388.916473389, -277.457702637, -300.209472656, -273.859313965], [459.755401611, 1685.27197266, -1020.7331543, -577.232788086, 0.396635234356, -25.2895336151, -355.891021729, 0.205249339342, 77.3051528931, -17.6893424988, 19.6464538574, 48.2394561768, 64.6108016968], [-1789.55297852, -1020.7331543, 1393.06518555, 592.280151367, 202.731002808, 151.910598755, 425.249908447, 176.901031494, 55.381439209, 96.5694580078, 28.0460414886, -0.101935781538, 23.5412788391], [-609.098083496, -577.232788086, 592.280151367, 775.907531738, 7.33841228485, 69.2686843872, 242.139160156, 96.036239624, -51.4948654175, 36.7109642029, 85.7658615112, -40.1206169128, 2.39348530769], [-865.469421387, 0.396635234356, 202.731002808, 7.33841228485, 343.010131836, 2.69910216331, 97.1561889648, 52.3619651794, 60.2553253174, 45.9881019592, 32.7635002136, 47.2289237976, 19.4871044159], [-5.76597309113, -25.2895336151, 151.910598755, 69.2686843872, 2.69910216331, 264.919128418, 21.8686294556, 72.1361465454, 50.7349739075, 12.7899560928, 19.49858284, 8.1307144165, 20.1807441711], [-752.215576172, -355.891021729, 425.249908447, 242.139160156, 97.1561889648, 21.8686294556, 260.467712402, 57.3835105896, 14.4085941315, 57.2067604065, 39.8947181702, 10.5558834076, 11.659031868], [-570.56652832, 0.205249339342, 176.901031494, 96.036239624, 52.3619651794, 72.1361465454, 57.3835105896, 146.791305542, 78.4013671875, 34.0833816528, 8.64197158813, 14.105761528, 30.8145923615], [-413.606689453, 77.3051528931, 55.381439209, -51.4948654175, 60.2553253174, 50.7349739075, 14.4085941315, 78.4013671875, 136.59236145, 40.2398376465, -16.657585144, 30.9334850311, 32.6601448059], [-388.916473389, -17.6893424988, 96.5694580078, 36.7109642029, 45.9881019592, 12.7899560928, 57.2067604065, 34.0833816528, 40.2398376465, 85.8409576416, 40.5922660828, 25.7334480286, 25.6227359772], [-277.457702637, 19.6464538574, 28.0460414886, 85.7658615112, 32.7635002136, 19.49858284, 39.8947181702, 8.64197158813, -16.657585144, 40.5922660828, 102.927444458, 31.421875, 20.0412826538], [-300.209472656, 48.2394561768, -0.101935781538, -40.1206169128, 47.2289237976, 8.1307144165, 10.5558834076, 14.105761528, 30.9334850311, 25.7334480286, 31.421875, 74.276008606, 30.1427402496], [-273.859313965, 64.6108016968, 23.5412788391, 2.39348530769, 19.4871044159, 20.1807441711, 11.659031868, 30.8145923615, 32.6601448059, 25.6227359772, 20.0412826538, 30.1427402496, 65.5255966187]],
