{
"lowlevel": {
    "average_loudness": 0.956597268581,
    "barkbands_crest": {
        "dmean": 2.91811299324,
        "dmean2": 4.97058868408,
        "dvar": 6.64730405807,
        "dvar2": 17.3168582916,
        "max": 26.9113388062,
        "mean": 12.0452957153,
        "median": 12.1854400635,
        "min": 1.78723728657,
        "var": 20.7417907715
    },
    "barkbands_flatness_db": {
        "dmean": 0.0356123447418,
        "dmean2": 0.0542182698846,
        "dvar": 0.0017677025171,
        "dvar2": 0.00318499584682,
        "max": 0.757777512074,
        "mean": 0.143243163824,
        "median": 0.118261836469,
        "min": 0.0147721935064,
        "var": 0.00896765198559
    },
    "barkbands_kurtosis": {
        "dmean": 16.298248291,
        "dmean2": 26.2623767853,
        "dvar": 102680.21875,
        "dvar2": 240749.828125,
        "max": 39502.6679688,
        "mean": 18.2003364563,
        "median": 3.18093013763,
        "min": -1.88655805588,
        "var": 127362.460938
    },
    "barkbands_skewness": {
        "dmean": 1.06088805199,
        "dmean2": 1.67131829262,
        "dvar": 3.96361684799,
        "dvar2": 8.89011669159,
        "max": 159.250045776,
        "mean": 2.22596478462,
        "median": 1.92521595955,
        "min": -2.28023600578,
        "var": 8.82174682617
    },
    "barkbands_spread": {
        "dmean": 8.92527389526,
        "dmean2": 13.9959869385,
        "dvar": 116.865409851,
        "dvar2": 232.672470093,
        "max": 125.044906616,
        "mean": 26.4895782471,
        "median": 22.5294284821,
        "min": 0.00884000398219,
        "var": 427.872406006
    },
    "dissonance": {
        "dmean": 0.0153090972453,
        "dmean2": 0.0248877946287,
        "dvar": 0.0004570184974,
        "dvar2": 0.0010786264902,
        "max": 0.500000119209,
        "mean": 0.471152096987,
        "median": 0.483133763075,
        "min": 0.214988455176,
        "var": 0.00109474116471
    },
    "dynamic_complexity": 3.99119734764,
    "erbbands_crest": {
        "dmean": 2.20802474022,
        "dmean2": 3.64692878723,
        "dvar": 5.70438528061,
        "dvar2": 12.8290348053,
        "max": 31.1430072784,
        "mean": 7.694688797,
        "median": 6.22126340866,
        "min": 2.02936887741,
        "var": 18.8623104095
    },
    "erbbands_flatness_db": {
        "dmean": 0.0176209863275,
        "dmean2": 0.0265712812543,
        "dvar": 0.000499904737808,
        "dvar2": 0.000951263355091,
        "max": 0.332170933485,
        "mean": 0.128432929516,
        "median": 0.111132107675,
        "min": 0.0346375852823,
        "var": 0.0026357639581
    },
    "erbbands_kurtosis": {
        "dmean": 2.25194835663,
        "dmean2": 3.65822505951,
        "dvar": 80.2259292603,
        "dvar2": 185.638305664,
        "max": 137.114196777,
        "mean": 1.79366159439,
        "median": -0.130389213562,
        "min": -1.84552001953,
        "var": 94.0870513916
    },
    "erbbands_skewness": {
        "dmean": 0.459637582302,
        "dmean2": 0.68241673708,
        "dvar": 0.59884250164,
        "dvar2": 1.04206335545,
        "max": 9.81531047821,
        "mean": 0.309159308672,
        "median": 0.365593135357,
        "min": -2.31182050705,
        "var": 1.77213788033
    },
    "erbbands_spread": {
        "dmean": 14.5946359634,
        "dmean2": 21.9753456116,
        "dvar": 351.160064697,
        "dvar2": 721.271606445,
        "max": 175.890594482,
        "mean": 54.4660491943,
        "median": 51.0531845093,
        "min": 3.0959045887,
        "var": 1097.05541992
    },
    "hfc": {
        "dmean": 6.45953941345,
        "dmean2": 9.52990627289,
        "dvar": 156.622833252,
        "dvar2": 353.116271973,
        "max": 142.679138184,
        "mean": 13.42091465,
        "median": 9.96039485931,
        "min": 1.08904197316e-16,
        "var": 233.535140991
    },
    "melbands_crest": {
        "dmean": 4.05882263184,
        "dmean2": 6.66815233231,
        "dvar": 15.397403717,
        "dvar2": 37.1943511963,
        "max": 39.9952201843,
        "mean": 17.1136074066,
        "median": 16.473493576,
        "min": 1.58312392235,
        "var": 42.127204895
    },
    "melbands_flatness_db": {
        "dmean": 0.0427762679756,
        "dmean2": 0.0632102563977,
        "dvar": 0.00254141655751,
        "dvar2": 0.00433504628018,
        "max": 0.756808519363,
        "mean": 0.217155307531,
        "median": 0.197439447045,
        "min": 0.00326871848665,
        "var": 0.0140983387828
    },
    "melbands_kurtosis": {
        "dmean": 49.0324821472,
        "dmean2": 83.7003326416,
        "dvar": 1380654.5,
        "dvar2": 3841943.25,
        "max": 134068.84375,
        "mean": 55.9092178345,
        "median": 15.3767051697,
        "min": -1.69533407688,
        "var": 1094941.625
    },
    "melbands_skewness": {
        "dmean": 1.71660840511,
        "dmean2": 2.71937680244,
        "dvar": 12.7962636948,
        "dvar2": 31.8592090607,
        "max": 338.956329346,
        "mean": 4.33575820923,
        "median": 3.18375372887,
        "min": -1.2561968565,
        "var": 22.3764762878
    },
    "melbands_spread": {
        "dmean": 8.54472923279,
        "dmean2": 12.7987642288,
        "dvar": 167.37550354,
        "dvar2": 284.082824707,
        "max": 200.06867981,
        "mean": 25.4260597229,
        "median": 15.5354804993,
        "min": 0.00614883098751,
        "var": 807.547668457
    },
    "pitch_salience": {
        "dmean": 0.0986348316073,
        "dmean2": 0.167422801256,
        "dvar": 0.0100192567334,
        "dvar2": 0.0267740599811,
        "max": 0.92987960577,
        "mean": 0.56565874815,
        "median": 0.596624135971,
        "min": 0.00262792850845,
        "var": 0.0213878732175
    },
    "silence_rate_20dB": {
        "dmean": 0,
        "dmean2": 0,
        "dvar": 0,
        "dvar2": 0,
        "max": 1,
        "mean": 1,
        "median": 1,
        "min": 1,
        "var": 0
    },
    "silence_rate_30dB": {
        "dmean": 0.078985504806,
        "dmean2": 0.15797919035,
        "dvar": 0.0727365389466,
        "dvar2": 0.193650051951,
        "max": 1,
        "mean": 0.951348245144,
        "median": 1,
        "min": 0,
        "var": 0.0462948270142
    },
    "silence_rate_60dB": {
        "dmean": 0.037888199091,
        "dmean2": 0.0757803171873,
        "dvar": 0.0364727266133,
        "dvar2": 0.0707569792867,
        "max": 1,
        "mean": 0.132239535451,
        "median": 0,
        "min": 0,
        "var": 0.11473543942
    },
    "spectral_centroid": {
        "dmean": 341.405578613,
        "dmean2": 500.52947998,
        "dvar": 168211.875,
        "dvar2": 289850.40625,
        "max": 11815.4326172,
        "mean": 1503.18725586,
        "median": 1351.10766602,
        "min": 124.359092712,
        "var": 1161368.875
    },
    "spectral_complexity": {
        "dmean": 4.03426504135,
        "dmean2": 6.15332078934,
        "dvar": 35.6492195129,
        "dvar2": 68.1141281128,
        "max": 59,
        "mean": 11.8653278351,
        "median": 10,
        "min": 0,
        "var": 105.245765686
    },
    "spectral_decrease": {
        "dmean": 3.49280537826e-09,
        "dmean2": 5.19188914083e-09,
        "dvar": 5.05279008926e-17,
        "dvar2": 8.96561875356e-17,
        "max": 2.59246107585e-28,
        "mean": -5.09366104851e-09,
        "median": -2.62527044548e-09,
        "min": -4.75236028308e-08,
        "var": 7.04129423153e-17
    },
    "spectral_energy": {
        "dmean": 0.0135350162163,
        "dmean2": 0.0200877282768,
        "dvar": 0.000744055432733,
        "dvar2": 0.0013031285489,
        "max": 0.183589652181,
        "mean": 0.0204419419169,
        "median": 0.0107175502926,
        "min": 1.0081101349e-20,
        "var": 0.0010566675337
    },
    "spectral_energyband_high": {
        "dmean": 0.000384777842555,
        "dmean2": 0.00056872877758,
        "dvar": 3.87260456591e-07,
        "dvar2": 8.5838968289e-07,
        "max": 0.0157498195767,
        "mean": 0.000835613056552,
        "median": 0.000550141616259,
        "min": 7.0757376949e-21,
        "var": 8.9825635996e-07
    },
    "spectral_energyband_low": {
        "dmean": 0.0115780709311,
        "dmean2": 0.0193798169494,
        "dvar": 0.000681436154991,
        "dvar2": 0.00156034214888,
        "max": 0.171524316072,
        "mean": 0.0119499890134,
        "median": 0.00355052226223,
        "min": 8.96120192579e-24,
        "var": 0.000661763013341
    },
    "spectral_energyband_middle_high": {
        "dmean": 0.00141949672252,
        "dmean2": 0.00228458666243,
        "dvar": 1.67406869878e-05,
        "dvar2": 4.01134057029e-05,
        "max": 0.0465432479978,
        "mean": 0.0026316572912,
        "median": 0.000762631651014,
        "min": 1.23356297683e-21,
        "var": 2.26491411013e-05
    },
    "spectral_energyband_middle_low": {
        "dmean": 0.0058321133256,
        "dmean2": 0.0097577739507,
        "dvar": 0.00023905497801,
        "dvar2": 0.000597856065724,
        "max": 0.117085359991,
        "mean": 0.00636381609365,
        "median": 0.00198971270584,
        "min": 1.54290716988e-22,
        "var": 0.000194900523638
    },
    "spectral_entropy": {
        "dmean": 0.233922302723,
        "dmean2": 0.341054677963,
        "dvar": 0.108410127461,
        "dvar2": 0.187158167362,
        "max": 9.83173942566,
        "mean": 7.75788068771,
        "median": 7.93762016296,
        "min": 4.54791069031,
        "var": 0.484740495682
    },
    "spectral_flux": {
        "dmean": 0.0346020460129,
        "dmean2": 0.0486152879894,
        "dvar": 0.0024833867792,
        "dvar2": 0.0037213540636,
        "max": 0.396079063416,
        "mean": 0.0851965472102,
        "median": 0.0624105371535,
        "min": 6.52670695267e-11,
        "var": 0.00647411262617
    },
    "spectral_kurtosis": {
        "dmean": 1.67651081085,
        "dmean2": 2.63097453117,
        "dvar": 13.5589284897,
        "dvar2": 32.1395759583,
        "max": 92.9660263062,
        "mean": 4.61733198166,
        "median": 2.4761762619,
        "min": -1.27400124073,
        "var": 46.7023200989
    },
    "spectral_rms": {
        "dmean": 0.0011190631194,
        "dmean2": 0.0016693896614,
        "dvar": 3.04210448121e-06,
        "dvar2": 4.71478597319e-06,
        "max": 0.0133832674474,
        "mean": 0.00369405490346,
        "median": 0.00323359668255,
        "min": 3.13611571608e-12,
        "var": 6.29730766377e-06
    },
    "spectral_rolloff": {
        "dmean": 741.708435059,
        "dmean2": 1147.39550781,
        "dvar": 1591224.5,
        "dvar2": 2893397,
        "max": 19681.3476562,
        "mean": 1927.39111328,
        "median": 839.794921875,
        "min": 21.533203125,
        "var": 7588614
    },
    "spectral_skewness": {
        "dmean": 0.236006602645,
        "dmean2": 0.338609337807,
        "dvar": 0.132830604911,
        "dvar2": 0.262759119272,
        "max": 7.74097919464,
        "mean": 1.52274882793,
        "median": 1.34422397614,
        "min": -0.0924006998539,
        "var": 0.664255201817
    },
    "spectral_spread": {
        "dmean": 619623.125,
        "dmean2": 898093.4375,
        "dvar": 749720961024,
        "dvar2": 1.4881947648e+12,
        "max": 49533576,
        "mean": 5978671.5,
        "median": 6212532,
        "min": 952253.625,
        "var": 8.29576760525e+12
    },
    "spectral_strongpeak": {
        "dmean": 0.313366055489,
        "dmean2": 0.524642348289,
        "dvar": 0.214523255825,
        "dvar2": 0.590401291847,
        "max": 7.51443910599,
        "mean": 0.497431486845,
        "median": 0.284356981516,
        "min": 0,
        "var": 0.351296395063
    },
    "zerocrossingrate": {
        "dmean": 0.0161253865808,
        "dmean2": 0.0173985995352,
        "dvar": 0.000352942355676,
        "dvar2": 0.000350568210706,
        "max": 0.70556640625,
        "mean": 0.0716665238142,
        "median": 0.056640625,
        "min": 0,
        "var": 0.00440515205264
    },
    "barkbands": {
        "dmean": [9.01528983377e-05, 0.00472961273044, 0.00711686909199, 0.00273493351415, 0.0029207256157, 0.00069586338941, 0.000216536049265, 0.000247040152317, 0.00023348267132, 0.000197728702915, 0.000282428256469, 0.000270160409855, 0.000233625323744, 0.000177399298991, 0.000178462199983, 0.000172969608684, 9.4504779554e-05, 0.000157414775458, 0.000115908886073, 7.30106767151e-05, 0.000110911285446, 7.04874764779e-05, 6.9229696237e-05, 6.10987262917e-05, 4.92489089083e-05, 3.47399363818e-05, 4.21039203502e-06],
        "dmean2": [0.000149344152305, 0.00851467996836, 0.0117828110233, 0.00509331841022, 0.00487832073122, 0.00125640560873, 0.00036601247848, 0.000430141517427, 0.000407405779697, 0.000335679971613, 0.00047537960927, 0.000440917356173, 0.000388370128348, 0.00028721045237, 0.000301981373923, 0.000286561698886, 0.000148880106281, 0.000263381487457, 0.000187680881936, 0.000120415941637, 0.000184601478395, 0.000108044194349, 0.000105691637145, 8.3879182057e-05, 7.26054931874e-05, 5.33481361344e-05, 6.27522740615e-06],
        "dvar": [2.56364707241e-08, 0.000109586966573, 0.000289859512122, 6.39151767245e-05, 7.11317479727e-05, 3.83984342989e-06, 2.28992192319e-07, 2.99701810036e-07, 3.54955318471e-07, 3.00924142493e-07, 4.71871828722e-07, 3.95709406575e-07, 4.55125871213e-07, 3.00922579299e-07, 4.36411056626e-07, 3.13238729177e-07, 5.43734408609e-08, 2.56372459262e-07, 1.12416152831e-07, 2.48391582858e-08, 4.20918091493e-08, 1.07083080181e-08, 1.19471259552e-08, 7.55700568789e-09, 7.01637770106e-09, 3.8910399347e-09, 6.88830034679e-11],
        "dvar2": [6.57056915543e-08, 0.00031708800816, 0.000679430144373, 0.000182672025403, 0.000186481440323, 1.08246176751e-05, 5.81587471515e-07, 7.74060993081e-07, 9.5838231573e-07, 7.58038083859e-07, 1.24431142012e-06, 9.44654004797e-07, 1.14928320727e-06, 7.30588169517e-07, 1.17027525448e-06, 7.89395926404e-07, 1.28212690242e-07, 6.65190555083e-07, 2.69460400659e-07, 6.46075974942e-08, 1.06372525011e-07, 2.44566198404e-08, 2.65520760934e-08, 1.40779681246e-08, 1.51804737669e-08, 7.98427013393e-09, 1.38400749194e-10],
        "max": [0.00256971130148, 0.0796404182911, 0.115236237645, 0.0586972460151, 0.0817871019244, 0.023169727996, 0.00735114281997, 0.00727653969079, 0.00915029086173, 0.00997753813863, 0.0105133662, 0.0133202867582, 0.00860517844558, 0.00896545313299, 0.0114381527528, 0.0120070399716, 0.00763322552666, 0.00673086987808, 0.00465381797403, 0.00270468951203, 0.00447620637715, 0.00269668526016, 0.00241091800854, 0.00218419963494, 0.00183107261546, 0.00166613864712, 0.000165813806234],
        "mean": [0.000105737322883, 0.00412512756884, 0.00641529541463, 0.00194318930153, 0.00285514374264, 0.000640151323751, 0.000300366460579, 0.00027840884286, 0.000276960869087, 0.000238355307374, 0.000423901481554, 0.000499129644595, 0.000293587974738, 0.000225120747928, 0.000201202594326, 0.000232475082157, 0.000146592778037, 0.000188383753994, 0.000159684757818, 0.000119311393064, 0.000178764981683, 0.000150430438225, 0.000132971064886, 0.000129202002427, 9.96198941721e-05, 7.37640875741e-05, 9.06057448447e-06],
        "median": [3.81734207622e-05, 0.000735646055546, 0.00126202986576, 0.00022769899806, 0.000712966022547, 0.000116829505714, 8.72341843206e-05, 8.81207088241e-05, 7.3547809734e-05, 5.54057805857e-05, 6.03701009823e-05, 4.99410307384e-05, 7.739882858e-05, 5.50485747226e-05, 4.27337181463e-05, 5.90594281675e-05, 6.4773063059e-05, 7.21192773199e-05, 8.30468707136e-05, 6.21126164333e-05, 0.000122007761092, 9.46158834267e-05, 6.12090589129e-05, 6.49801149848e-05, 5.10479294462e-05, 3.2450472645e-05, 2.42027977038e-06],
        "min": [1.65156638953e-24, 2.40533353548e-24, 1.62086540221e-24, 1.41570328975e-24, 1.50283272035e-23, 5.57745722577e-24, 8.36158007427e-24, 7.48576618691e-24, 1.53359340472e-23, 1.35964689299e-23, 1.10083788052e-23, 2.653040514e-23, 4.29203346649e-23, 3.22032900806e-23, 4.64216559274e-23, 5.4381546451e-23, 7.38643282172e-23, 8.93677737222e-23, 1.18620130794e-22, 1.26781509014e-22, 2.33989851736e-22, 3.18384084642e-22, 3.51081927402e-22, 5.68139340502e-22, 8.92364100799e-22, 1.40951778327e-21, 1.84323810329e-21],
        "var": [2.85895627172e-08, 7.83694704296e-05, 0.000256833911408, 3.83011356462e-05, 5.41818517377e-05, 2.65957737611e-06, 4.84504369069e-07, 3.66514854022e-07, 4.3987873255e-07, 4.20191128114e-07, 1.00569116057e-06, 1.35734546802e-06, 6.06106084433e-07, 4.64541358269e-07, 4.6970336598e-07, 4.22734785843e-07, 8.47897325684e-08, 2.24979984864e-07, 1.142336572e-07, 3.08708223429e-08, 5.32086232852e-08, 2.64182880017e-08, 2.5396758474e-08, 2.26254943669e-08, 1.68336953266e-08, 1.03322808087e-08, 2.38420394538e-10]
    },
    "erbbands": {
        "dmean": [0.0661087185144, 1.37302005291, 7.47560739517, 9.59596157074, 6.42660427094, 13.1160125732, 8.78201293945, 5.40971326828, 3.13268685341, 4.17265033722, 6.15863275528, 5.13716173172, 5.33649492264, 6.32963180542, 12.3473567963, 10.1633806229, 9.44101333618, 9.52705383301, 7.19045829773, 11.4503555298, 8.49596881866, 5.75463247299, 7.33887481689, 8.64327430725, 4.14456701279, 3.57385277748, 4.03756999969, 3.85658693314, 2.93096280098, 2.22930788994, 1.85046923161, 1.36136496067, 0.966952443123, 0.550563752651, 0.371335536242, 0.195218279958, 0.0533879175782, 0.00875248201191, 0.000683274294715, 2.39296950895e-05],
        "dmean2": [0.115582674742, 2.48007178307, 12.8299856186, 16.82970047, 11.2644987106, 22.2322902679, 16.0815677643, 9.77097511292, 5.30087995529, 7.26380825043, 10.8662509918, 9.0037317276, 9.04950523376, 10.6442527771, 20.4919071198, 16.4683570862, 15.4014101028, 15.6038017273, 11.6657629013, 19.8792877197, 13.8136854172, 9.14865779877, 12.1240701675, 14.3634662628, 6.65747642517, 5.83617639542, 6.73629426956, 6.32855129242, 4.54692840576, 3.4126086235, 2.74607610703, 1.92887485027, 1.33856642246, 0.822815537453, 0.546245992184, 0.304063439369, 0.0792534053326, 0.0129735097289, 0.00101384625304, 3.56251002813e-05],
        "dvar": [0.00905022025108, 10.7547597885, 360.66885376, 626.879699707, 345.69833374, 1495.13049316, 710.710266113, 236.941543579, 55.8054618835, 59.1065559387, 267.50402832, 177.430541992, 229.294647217, 254.15486145, 926.689758301, 555.899719238, 671.926879883, 875.073425293, 531.135437012, 2086.83740234, 689.192016602, 255.516586304, 504.116729736, 793.102233887, 112.959976196, 55.4057502747, 64.5304107666, 42.2079620361, 19.3864421844, 11.2858886719, 9.03530979156, 3.8106713295, 1.90196204185, 0.752859055996, 0.459924399853, 0.127067506313, 0.00986004434526, 0.000263282679953, 1.78559525921e-06, 1.29756860812e-09],
        "dvar2": [0.0255539901555, 30.6358451843, 883.647216797, 1709.43481445, 946.570007324, 3954.02905273, 2006.98693848, 665.530212402, 142.555358887, 158.706832886, 707.935668945, 480.906036377, 601.758605957, 626.505371094, 2373.40942383, 1324.60986328, 1633.33898926, 2163.56933594, 1300.8572998, 5711.15625, 1676.7557373, 630.101074219, 1286.46374512, 1987.33081055, 273.557128906, 142.820480347, 165.278640747, 104.885231018, 47.2283363342, 24.4204998016, 20.5114154816, 7.17441225052, 3.72603964806, 1.57715117931, 0.9793446064, 0.272966653109, 0.0207821540534, 0.000514466664754, 3.57077101398e-06, 2.21038076731e-09],
        "max": [0.698511958122, 24.4845619202, 121.170051575, 180.800018311, 194.965301514, 345.259887695, 318.122070312, 167.077392578, 130.894332886, 140.470184326, 203.074432373, 171.103164673, 205.46736145, 335.97064209, 485.80758667, 397.958282471, 384.315643311, 448.267456055, 455.796691895, 808.066040039, 680.719360352, 327.56060791, 290.782104492, 378.933410645, 156.415527344, 151.016738892, 130.596603394, 160.645645142, 109.495567322, 82.1322784424, 70.6794509888, 47.1804084778, 31.4554138184, 20.3827075958, 17.5126495361, 8.68963813782, 2.82642269135, 0.36960875988, 0.0268807783723, 0.000557495746762],
        "mean": [0.0731151401997, 1.168171525, 6.62192058563, 7.61789894104, 6.17886066437, 11.7861146927, 7.23060894012, 4.8306927681, 4.14859056473, 5.40117502213, 6.57624292374, 5.72310447693, 6.48638486862, 9.68175029755, 21.7343063354, 19.0861434937, 13.1721630096, 12.5108375549, 9.21098041534, 13.1268730164, 11.7917947769, 8.58511066437, 9.2792596817, 10.4084873199, 6.74920797348, 5.90821743011, 6.35816812515, 6.67524194717, 6.05953025818, 4.60187292099, 3.51945257187, 2.97881007195, 1.91920530796, 1.113027215, 0.743270277977, 0.380859047174, 0.114431016147, 0.0206503346562, 0.0015140355099, 5.10114878125e-05],
        "median": [0.0137281436473, 0.207155913115, 1.392973423, 1.4403989315, 1.60533893108, 2.42527675629, 1.49142599106, 0.828445494175, 0.842457711697, 1.85625600815, 1.76678240299, 1.45352482796, 2.31062221527, 1.78970909119, 2.62421584129, 2.79384946823, 3.54814386368, 3.20893192291, 2.34124684334, 2.60607194901, 3.27531862259, 3.69114398956, 3.69289970398, 4.09591197968, 4.3787817955, 3.19403004646, 4.38573932648, 4.46220493317, 3.8468272686, 2.64456748962, 1.62692916393, 1.55964374542, 0.939777076244, 0.591762661934, 0.343544632196, 0.150249794126, 0.052734233439, 0.00924245174974, 0.000404453778174, 2.90034167847e-05],
        "min": [1.09485386569e-22, 6.04281438325e-22, 2.13369037771e-21, 9.63322101358e-21, 1.1307256051e-20, 3.01501000174e-20, 6.1747455914e-20, 7.09008685515e-20, 1.2907763133e-19, 1.24442124102e-19, 2.49613924903e-19, 4.33735876505e-19, 4.07097403757e-19, 6.54447309474e-19, 6.39264305933e-19, 1.28995683581e-18, 1.82046550276e-18, 2.19153355567e-18, 2.81819917709e-18, 3.84248141998e-18, 3.84170676533e-18, 4.58347353502e-18, 5.12204835031e-18, 4.82805057622e-18, 6.02780946669e-18, 6.99171269474e-18, 7.93261244355e-18, 7.23341652409e-18, 1.21314035667e-17, 1.1553646033e-17, 1.01838622356e-17, 1.02160387342e-17, 1.09420551579e-17, 8.92206355841e-18, 7.1168957271e-18, 4.20425671909e-18, 2.44237111334e-18, 9.45144529516e-19, 2.3734634528e-19, 2.76669749044e-20],
        "var": [0.0108039993793, 7.54750919342, 293.398101807, 434.102752686, 239.724075317, 1095.75415039, 437.732666016, 162.818466187, 113.062522888, 97.2819442749, 265.572509766, 186.796051025, 224.882064819, 573.077392578, 2503.7434082, 1848.51989746, 1027.1640625, 1380.0645752, 691.780700684, 2213.02514648, 891.350036621, 326.506622314, 475.711364746, 708.377563477, 129.075454712, 72.626335144, 72.2794036865, 64.889793396, 44.1738052368, 27.1343803406, 18.0670852661, 11.5139703751, 5.27575063705, 1.92497336864, 1.06750380993, 0.290705233812, 0.0254122857004, 0.000896229466889, 6.20401124252e-06, 3.18813708766e-09]
    },
    "gfcc": {
        "mean": [-50.9088668823, 56.9511604309, -85.3317489624, 40.3898925781, -49.5317153931, 18.1184177399, -35.5921134949, 4.12006664276, -31.0145053864, 0.862453520298, -21.3960704803, 2.7491247654, -17.2787017822],
        "cov": [[18804.8613281, -1781.63720703, -2336.03833008, 33.014629364, -85.9402313232, 565.73248291, -329.417907715, 160.92868042, -580.795593262, -51.9798316956, -549.318603516, 134.514053345, -362.943145752], [-1781.63720703, 2976.35253906, 214.182769775, -504.660461426, 264.608551025, -289.305297852, 163.417236328, -164.464447021, 198.537506104, -173.998336792, 124.427124023, -183.44871521, 120.192001343], [-2336.03833008, 214.182769775, 1566.55041504, 850.018676758, 90.3554382324, 152.865463257, 152.053634644, 71.4356689453, 165.463348389, 36.9443359375, 88.960899353, -57.3249473572, 54.2539367676], [33.014629364, -504.660461426, 850.018676758, 1044.44787598, 181.056838989, 370.471740723, 120.553466797, 119.308670044, 33.8117866516, 27.1001281738, 17.7012882233, -4.02903747559, -7.70930051804], [-85.9402313232, 264.608551025, 90.3554382324, 181.056838989, 305.189575195, 157.281097412, 145.378555298, 31.6745624542, 39.56690979, -26.9873542786, 25.8123779297, -10.2526874542, 9.99447822571], [565.73248291, -289.305297852, 152.865463257, 370.471740723, 157.281097412, 300.102813721, 126.676193237, 95.8065261841, -13.7850055695, 2.85423254967, -5.6601395607, 36.1427078247, -5.46680688858], [-329.417907715, 163.417236328, 152.053634644, 120.553466797, 145.378555298, 126.676193237, 176.040405273, 59.042137146, 39.3627967834, -11.4308233261, 32.5890884399, 9.84123706818, 20.9991073608], [160.92868042, -164.464447021, 71.4356689453, 119.308670044, 31.6745624542, 95.8065261841, 59.042137146, 82.3160476685, 19.7435207367, 23.1782569885, -3.98361754417, 24.7602653503, 2.92698669434], [-580.795593262, 198.537506104, 165.463348389, 33.8117866516, 39.56690979, -13.7850055695, 39.3627967834, 19.7435207367, 87.2172317505, 27.8872184753, 37.3195304871, -18.8658828735, 24.8163433075], [-51.9798316956, -173.998336792, 36.9443359375, 27.1001281738, -26.9873542786, 2.85423254967, -11.4308233261, 23.1782569885, 27.8872184753, 70.0643997192, 21.3129730225, 17.4863548279, -4.6453461647], [-549.318603516, 124.427124023, 88.960899353, 17.7012882233, 25.8123779297, -5.6601395607, 32.5890884399, -3.98361754417, 37.3195304871, 21.3129730225, 66.9531936646, 11.309762001, 21.527803421], [134.514053345, -183.44871521, -57.3249473572, -4.02903747559, -10.2526874542, 36.1427078247, 9.84123706818, 24.7602653503, -18.8658828735, 17.4863548279, 11.309762001, 60.8517456055, 15.9620666504], [-362.943145752, 120.192001343, 54.2539367676, -7.70930051804, 9.99447822571, -5.46680688858, 20.9991073608, 2.92698669434, 24.8163433075, -4.6453461647, 21.527803421, 15.9620666504, 53.562286377]],
        "icov": [[0.00011813731544, -0.000132022192702, 0.000229663331993, -0.000212093465962, 0.000106508559838, -0.000215982014197, 0.00015424535377, -8.64526955411e-05, 0.000170789455296, -0.000347247172613, 0.000768829369918, -0.000405576342018, 0.000438552699052], [-0.000132022192702, 0.00120007665828, -0.000523786991835, 0.00101832940709, -0.000826369854622, 0.000383551203413, -0.000438423565356, 0.000544106645975, -0.00133871182334, 0.00265942700207, -0.00232939608395, 0.00263224332593, -0.00157221779227], [0.000229663331993, -0.000523786991835, 0.00261092674918, -0.00282483315095, 0.00173274124973, 0.000689477543347, -0.00165243586525, 0.00131130742375, -0.00245026033372, -0.000755861925427, 0.00202491134405, -0.00128537649289, 0.000642480619717], [-0.000212093465962, 0.00101832940709, -0.00282483315095, 0.00544489128515, -0.00194754963741, -0.00416791206226, 0.00320967659354, -0.00229905615561, 0.0017537077656, 0.00173799227923, -0.00448129698634, 0.00511363334954, -0.001656547538], [0.000106508559838, -0.000826369854622, 0.00173274124973, -0.00194754963741, 0.00910306442529, -0.00409960374236, -0.00483651505783, 0.0063926060684, -0.00730509776622, 0.00185600435361, 0.00239787064493, -0.00324012711644, 0.00351781956851], [-0.000215982014197, 0.000383551203413, 0.000689477543347, -0.00416791206226, -0.00409960374236, 0.0164820011705, -0.00593954091892, -0.00766996620223, 0.00753773981705, -0.00150856503751, 0.000154476685566, -0.00118840998039, -0.00175866798963], [0.00015424535377, -0.000438423565356, -0.00165243586525, 0.00320967659354, -0.00483651505783, -0.00593954091892, 0.0197805259377, -0.0127975512296, 0.00109789054841, 0.00627029081807, -0.00862803682685, 0.00175542326178, 0.000385165534681], [-8.64526955411e-05, 0.000544106645975, 0.00131130742375, -0.00229905615561, 0.0063926060684, -0.00766996620223, -0.0127975512296, 0.044982150197, -0.0256727915257, -0.00283937039785, 0.0193096883595, -0.0202663522214, 0.00704458821565], [0.000170789455296, -0.00133871182334, -0.00245026033372, 0.0017537077656, -0.00730509776622, 0.00753773981705, 0.00109789054841, -0.0256727915257, 0.0554173327982, -0.0239331126213, -0.0134261799976, 0.0301030632108, -0.0213256664574], [-0.000347247172613, 0.00265942700207, -0.000755861925427, 0.00173799227923, 0.00185600435361, -0.00150856503751, 0.00627029081807, -0.00283937039785, -0.0239331126213, 0.0400036685169, -0.0130717568099, -0.010298426263, 0.0127726327628], [0.000768829369918, -0.00232939608395, 0.00202491134405, -0.00448129698634, 0.00239787064493, 0.000154476685566, -0.00862803682685, 0.0193096883595, -0.0134261799976, -0.0130717568099, 0.0425789691508, -0.022730210796, 0.00438378052786], [-0.000405576342018, 0.00263224332593, -0.00128537649289, 0.00511363334954, -0.00324012711644, -0.00118840998039, 0.00175542326178, -0.0202663522214, 0.0301030632108, -0.010298426263, -0.022730210796, 0.0564393661916, -0.0282384883612], [0.000438552699052, -0.00157221779227, 0.000642480619717, -0.001656547538, 0.00351781956851, -0.00175866798963, 0.000385165534681, 0.00704458821565, -0.0213256664574, 0.0127726327628, 0.00438378052786, -0.0282384883612, 0.0405501537025]]
    },
    "melbands": {
        "dmean": [0.000933357514441, 0.00312936096452, 0.00150529178791, 0.000699436874129, 0.000378296070267, 0.000118101394037, 4.70542618132e-05, 4.55216395494e-05, 5.48065327166e-05, 2.94078981824e-05, 2.70033378911e-05, 2.5399869628e-05, 3.96859286411e-05, 3.11390867864e-05, 2.46406616498e-05, 2.20547699428e-05, 1.80992483365e-05, 1.20590921142e-05, 1.42622748172e-05, 1.43795159602e-05, 9.48648266785e-06, 5.5415684983e-06, 6.84417409502e-06, 7.38497556085e-06, 7.34967761673e-06, 3.66049766853e-06, 2.71973544841e-06, 2.38800930674e-06, 2.14844067159e-06, 3.55698898602e-06, 1.78935647455e-06, 1.80822678431e-06, 1.3161887864e-06, 1.42339229114e-06, 1.19358946904e-06, 9.57311385719e-07, 8.49218110943e-07, 7.21703202089e-07, 5.97543646563e-07, 4.37729426039e-07],
        "dmean2": [0.00165226531681, 0.00541467173025, 0.0026060983073, 0.00117086269893, 0.000679961871356, 0.00021261657821, 7.96908570919e-05, 7.87789249443e-05, 9.76163573796e-05, 5.10983009008e-05, 4.57633432234e-05, 4.29145620728e-05, 6.62621823722e-05, 5.04766139784e-05, 4.08093546866e-05, 3.70164270862e-05, 2.97771366604e-05, 1.9548324417e-05, 2.43074427999e-05, 2.49139775406e-05, 1.51855138029e-05, 8.86589896254e-06, 1.11928557089e-05, 1.23469790196e-05, 1.22474220916e-05, 5.89349565416e-06, 4.58076510768e-06, 3.90722880184e-06, 3.58654415322e-06, 5.97537882641e-06, 2.88814317173e-06, 2.85049918602e-06, 2.03366425922e-06, 2.22711491915e-06, 1.82448559372e-06, 1.4644173234e-06, 1.1972027778e-06, 1.01890907445e-06, 8.84588587269e-07, 6.71878353842e-07],
        "dvar": [2.93289076581e-06, 6.25267275609e-05, 1.50253526954e-05, 4.23413439421e-06, 1.26657585042e-06, 1.09543819349e-07, 1.19018617184e-08, 6.8236549744e-09, 2.21684732793e-08, 5.49259571159e-09, 5.89855009281e-09, 4.28894564308e-09, 9.24164744731e-09, 5.85409765108e-09, 2.87673085353e-09, 5.40867439724e-09, 3.12154746496e-09, 1.49118806192e-09, 2.9729549933e-09, 2.84048851107e-09, 7.33343885617e-10, 2.05443606571e-10, 4.04591721237e-10, 5.09168596174e-10, 5.71591551868e-10, 8.1669733476e-11, 4.69139865844e-11, 1.97555079934e-11, 2.09662998768e-11, 4.18860848783e-11, 8.90635482031e-12, 7.63982106744e-12, 3.47258788565e-12, 4.68256379851e-12, 4.22298654379e-12, 1.87762869489e-12, 1.45970236766e-12, 1.03948035075e-12, 8.36771298952e-13, 4.74783623874e-13],
        "dvar2": [8.4604098447e-06, 0.000156338690431, 4.04158381571e-05, 1.12257848741e-05, 3.50273080585e-06, 3.07544240741e-07, 3.03541263236e-08, 1.82641244351e-08, 5.97546119252e-08, 1.47674059647e-08, 1.53801735792e-08, 1.06073656525e-08, 2.39223130194e-08, 1.3663589371e-08, 6.95393920225e-09, 1.38726088394e-08, 7.76403208391e-09, 3.58621221608e-09, 8.07077604748e-09, 7.66421415221e-09, 1.70760616758e-09, 4.9852888484e-10, 1.0294504138e-09, 1.30169020007e-09, 1.430814911e-09, 1.90027188429e-10, 1.24359356146e-10, 5.09352629519e-11, 5.47471581958e-11, 1.05209292667e-10, 2.22043806952e-11, 1.90844770542e-11, 7.91445121245e-12, 1.0711861953e-11, 1.00099642117e-11, 3.9183534889e-12, 2.81989622625e-12, 2.13772641082e-12, 1.65366158267e-12, 1.07467778166e-12],
        "max": [0.0131545942277, 0.0527300126851, 0.0276806615293, 0.0216700285673, 0.0117997331545, 0.00367442471907, 0.00173985038418, 0.00147197721526, 0.00166878511664, 0.0011004768312, 0.00105126353446, 0.00140022323467, 0.00139306287747, 0.00179643812589, 0.00097620789893, 0.00118312670384, 0.000867177732289, 0.000787950993981, 0.00112614082173, 0.00104902719613, 0.000874330173247, 0.000442899938207, 0.000306666333927, 0.00029500114033, 0.000323789543472, 0.0001430210541, 9.55617069849e-05, 9.38013981795e-05, 7.73851716076e-05, 0.000160432435223, 6.01999709033e-05, 6.13034353592e-05, 5.22057089256e-05, 4.66099518235e-05, 4.90393504151e-05, 2.73553851002e-05, 2.65762373601e-05, 2.23370298045e-05, 2.20878064283e-05, 1.55103334691e-05],
        "mean": [0.000898311671335, 0.00284307333641, 0.00125612213742, 0.000689907057676, 0.00030971315573, 0.00010969642608, 6.26415348961e-05, 5.89086193941e-05, 5.70376250835e-05, 3.41211562045e-05, 3.2613039366e-05, 3.69309527741e-05, 6.50214497e-05, 6.33384188404e-05, 3.72316499124e-05, 2.68970525212e-05, 2.28139615501e-05, 1.45413278005e-05, 1.61137213581e-05, 1.72321506398e-05, 1.30411281134e-05, 8.35315495351e-06, 8.78299670148e-06, 8.66056689119e-06, 8.55569305713e-06, 5.51249286218e-06, 4.16428929384e-06, 3.85182647733e-06, 3.2678090065e-06, 5.17263288202e-06, 3.22817822962e-06, 3.52778147317e-06, 2.7716077966e-06, 2.58816430687e-06, 2.02977275876e-06, 1.88140450064e-06, 1.8083806026e-06, 1.38406926453e-06, 1.14021952413e-06, 8.4647354015e-07],
        "median": [0.000176070083398, 0.000587815535255, 0.000299380393699, 0.000176908011781, 5.94955563429e-05, 2.00503272936e-05, 1.38495106512e-05, 2.00049526029e-05, 1.15757484309e-05, 9.67092000792e-06, 1.12488323794e-05, 6.79809409121e-06, 8.7314956545e-06, 5.66327207707e-06, 8.991732102e-06, 5.88404918744e-06, 5.63307003176e-06, 3.37281949214e-06, 3.31805904352e-06, 3.74890032617e-06, 3.82987445846e-06, 3.49648553311e-06, 3.80268647859e-06, 3.06917149828e-06, 3.19512446367e-06, 3.12432644023e-06, 2.28347016673e-06, 1.96817336473e-06, 2.2418696517e-06, 3.13417717734e-06, 2.1451342036e-06, 2.21425898417e-06, 1.64486550602e-06, 1.31180343033e-06, 8.71069062214e-07, 8.2329779616e-07, 9.75211946752e-07, 6.71840666655e-07, 5.32262163233e-07, 4.56116737269e-07],
        "min": [1.08237612932e-24, 1.3093386101e-24, 2.59067009427e-24, 1.8539258764e-24, 2.69790764851e-24, 1.2135694171e-24, 1.96253289317e-24, 1.32091248148e-24, 1.53771108115e-24, 2.61856244095e-24, 1.73421465631e-24, 2.57750124475e-24, 1.78909807607e-24, 2.67911047365e-24, 2.36468254696e-24, 3.87831631138e-24, 3.56222763527e-24, 3.03852417954e-24, 4.07321110334e-24, 4.02968215302e-24, 4.28240912679e-24, 4.9950120316e-24, 3.87307314738e-24, 3.32109494465e-24, 3.41032615708e-24, 4.50516766921e-24, 4.48664994832e-24, 4.10943322952e-24, 4.2426911635e-24, 5.36219838398e-24, 3.88181293735e-24, 6.01309777207e-24, 6.28147495735e-24, 5.60034247507e-24, 5.37387470867e-24, 5.04403105939e-24, 5.80710844035e-24, 6.59066780586e-24, 6.94214399332e-24, 6.65580483966e-24],
        "var": [2.51444703281e-06, 5.05205207446e-05, 1.08042149805e-05, 3.16442515214e-06, 8.17261422981e-07, 7.76198163521e-08, 2.39102213584e-08, 1.16493374946e-08, 2.17504663169e-08, 6.19214945985e-09, 6.02626348822e-09, 9.5546832668e-09, 2.24828156092e-08, 2.2294127433e-08, 6.71007027719e-09, 6.76256739496e-09, 4.88668749909e-09, 1.92182980641e-09, 3.25717741667e-09, 3.34917316103e-09, 1.0205153389e-09, 3.12851328177e-10, 3.9354733361e-10, 4.71102767907e-10, 5.05529396122e-10, 9.63809310139e-11, 4.74248591786e-11, 2.94525896727e-11, 2.16793354102e-11, 5.15145356927e-11, 1.44802832919e-11, 1.55432177545e-11, 9.23813716497e-12, 9.58337836171e-12, 6.82838074278e-12, 4.95978171727e-12, 4.29891278825e-12, 2.76501586384e-12, 2.09942458383e-12, 1.14144869771e-12]
    },
    "mfcc": {
        "mean": [-698.933654785, 92.324180603, 20.4310970306, 28.5750255585, 10.5655860901, 14.2422027588, 5.46352720261, 6.15486097336, -1.68935656548, -3.3811852932, -1.97008919716, 0.0291387606412, -3.65446305275],
        "cov": [[13775.234375, -1410.33630371, -1968.42114258, -521.917480469, -172.745819092, 161.028091431, 190.98815918, 213.487792969, -19.7651958466, -189.29637146, -187.759643555, -198.08013916, -137.225906372], [-1410.33630371, 2876.45898438, -152.186691284, -253.827270508, -75.2928619385, -164.907165527, -113.489845276, -82.8405380249, -24.4650096893, 25.9881572723, -67.2317657471, -86.531867981, 18.5588569641], [-1968.42114258, -152.186691284, 1402.91943359, 655.41595459, 312.029388428, 209.22543335, 82.9720077515, 72.073135376, 93.7463531494, 103.023094177, 103.181045532, 71.1734695435, -15.2181663513], [-521.917480469, -253.827270508, 655.41595459, 499.321685791, 259.766662598, 210.806243896, 119.925270081, 95.0419082642, 67.841003418, 65.871383667, 62.097568512, 44.4533500671, -10.6540060043], [-172.745819092, -75.2928619385, 312.029388428, 259.766662598, 230.537857056, 173.22543335, 102.969398499, 84.1807937622, 53.7371025085, 51.7499732971, 27.7770614624, 24.0601596832, 8.04025745392], [161.028091431, -164.907165527, 209.22543335, 210.806243896, 173.22543335, 217.93838501, 161.336746216, 124.841407776, 68.195854187, 37.4587974548, 25.2288093567, 30.1849727631, 17.9964008331], [190.98815918, -113.489845276, 82.9720077515, 119.925270081, 102.969398499, 161.336746216, 171.943969727, 133.686004639, 64.0419921875, 19.6128253937, 14.1792945862, 28.1627807617, 29.9725418091], [213.487792969, -82.8405380249, 72.073135376, 95.0419082642, 84.1807937622, 124.841407776, 133.686004639, 138.041412354, 72.2421798706, 17.7075634003, 1.6587433815, 17.2592315674, 28.6116523743], [-19.7651958466, -24.4650096893, 93.7463531494, 67.841003418, 53.7371025085, 68.195854187, 64.0419921875, 72.2421798706, 79.0206298828, 36.8289337158, 9.24028396606, 11.4474391937, 18.44282341], [-189.29637146, 25.9881572723, 103.023094177, 65.871383667, 51.7499732971, 37.4587974548, 19.6128253937, 17.7075634003, 36.8289337158, 57.8716621399, 28.3983688354, 7.16818141937, 0.726572990417], [-187.759643555, -67.2317657471, 103.181045532, 62.097568512, 27.7770614624, 25.2288093567, 14.1792945862, 1.6587433815, 9.24028396606, 28.3983688354, 66.1859054565, 34.7608222961, -7.6784362793], [-198.08013916, -86.531867981, 71.1734695435, 44.4533500671, 24.0601596832, 30.1849727631, 28.1627807617, 17.2592315674, 11.4474391937, 7.16818141937, 34.7608222961, 60.1098403931, 26.960111618], [-137.225906372, 18.5588569641, -15.2181663513, -10.6540060043, 8.04025745392, 17.9964008331, 29.9725418091, 28.6116523743, 18.44282341, 0.726572990417, -7.6784362793, 26.960111618, 58.9887542725]],
