{
"lowlevel": {
    "average_loudness": 0.942087829113,
    "barkbands_crest": {
        "dmean": 3.83807420731,
        "dmean2": 5.98930072784,
        "dvar": 14.6965456009,
        "dvar2": 27.1863899231,
        "max": 26.9113063812,
        "mean": 12.4343500137,
        "median": 10.7312011719,
        "min": 2.11967611313,
        "var": 39.0285377502
    },
    "barkbands_flatness_db": {
        "dmean": 0.0464781299233,
        "dmean2": 0.0644841194153,
        "dvar": 0.0032406472601,
        "dvar2": 0.00657017482445,
        "max": 0.759808599949,
        "mean": 0.149924173951,
        "median": 0.11435495317,
        "min": 0.0220431610942,
        "var": 0.0112206740305
    },
    "barkbands_kurtosis": {
        "dmean": 61.1235961914,
        "dmean2": 96.7034835815,
        "dvar": 216006.859375,
        "dvar2": 532549.5,
        "max": 14785.4970703,
        "mean": 59.4773406982,
        "median": 2.25485467911,
        "min": -1.86381995678,
        "var": 203322.234375
    },
    "barkbands_skewness": {
        "dmean": 1.71479916573,
        "dmean2": 2.49234127998,
        "dvar": 19.5096912384,
        "dvar2": 41.3441848755,
        "max": 98.8168029785,
        "mean": 2.96003293991,
        "median": 1.67904043198,
        "min": -3.62781906128,
        "var": 38.8139305115
    },
    "barkbands_spread": {
        "dmean": 10.3289794922,
        "dmean2": 15.6863441467,
        "dvar": 133.289916992,
        "dvar2": 306.700073242,
        "max": 92.2064056396,
        "mean": 24.9998016357,
        "median": 23.1724414825,
        "min": 0.0153425866738,
        "var": 272.260650635
    },
    "dissonance": {
        "dmean": 0.0184580478817,
        "dmean2": 0.0300432462245,
        "dvar": 0.0012402436696,
        "dvar2": 0.00282522104681,
        "max": 0.5,
        "mean": 0.47309872508,
        "median": 0.482427537441,
        "min": 0,
        "var": 0.00156417430844
    },
    "dynamic_complexity": 3.81613707542,
    "erbbands_crest": {
        "dmean": 3.04177641869,
        "dmean2": 4.8303861618,
        "dvar": 9.51764965057,
        "dvar2": 21.8178901672,
        "max": 29.0769615173,
        "mean": 7.89386367798,
        "median": 6.65223693848,
        "min": 1.89216017723,
        "var": 17.7210083008
    },
    "erbbands_flatness_db": {
        "dmean": 0.0314206667244,
        "dmean2": 0.0421763285995,
        "dvar": 0.00175178411882,
        "dvar2": 0.00334665714763,
        "max": 0.577085316181,
        "mean": 0.133729889989,
        "median": 0.117917992175,
        "min": 0.0288201998919,
        "var": 0.00431084493175
    },
    "erbbands_kurtosis": {
        "dmean": 1.48364818096,
        "dmean2": 2.36755561829,
        "dvar": 10.4269704819,
        "dvar2": 27.3735866547,
        "max": 62.2808990479,
        "mean": 0.555604636669,
        "median": -0.363745689392,
        "min": -1.84440433979,
        "var": 11.7149276733
    },
    "erbbands_skewness": {
        "dmean": 0.55512201786,
        "dmean2": 0.836236774921,
        "dvar": 0.464256316423,
        "dvar2": 1.10280013084,
        "max": 7.63880252838,
        "mean": -0.240135416389,
        "median": -0.223525375128,
        "min": -3.84881162643,
        "var": 0.933458149433
    },
    "erbbands_spread": {
        "dmean": 17.0180835724,
        "dmean2": 25.2369747162,
        "dvar": 311.594360352,
        "dvar2": 717.820617676,
        "max": 228.287109375,
        "mean": 50.7703475952,
        "median": 48.6653404236,
        "min": 2.07417368889,
        "var": 646.446289062
    },
    "hfc": {
        "dmean": 11.2853956223,
        "dmean2": 17.567527771,
        "dvar": 300.81451416,
        "dvar2": 749.94909668,
        "max": 148.787612915,
        "mean": 17.2524242401,
        "median": 11.3359680176,
        "min": 1.05427107215e-16,
        "var": 364.152648926
    },
    "melbands_crest": {
        "dmean": 4.81028461456,
        "dmean2": 7.53781080246,
        "dvar": 20.4097499847,
        "dvar2": 40.4177398682,
        "max": 39.9942016602,
        "mean": 18.3774623871,
        "median": 17.1427574158,
        "min": 1.60521197319,
        "var": 67.3845672607
    },
    "melbands_flatness_db": {
        "dmean": 0.0530401170254,
        "dmean2": 0.0729792639613,
        "dvar": 0.00364806968719,
        "dvar2": 0.00697328476235,
        "max": 0.783252298832,
        "mean": 0.217758774757,
        "median": 0.189949631691,
        "min": 0.00306920707226,
        "var": 0.0131988395005
    },
    "melbands_kurtosis": {
        "dmean": 172.22303772,
        "dmean2": 264.385498047,
        "dvar": 2838909.75,
        "dvar2": 6782922,
        "max": 50762.1171875,
        "mean": 171.045166016,
        "median": 12.4152193069,
        "min": -1.86502611637,
        "var": 2581448.5
    },
    "melbands_skewness": {
        "dmean": 2.4771490097,
        "dmean2": 3.49085950851,
        "dvar": 59.65782547,
        "dvar2": 116.327804565,
        "max": 199.457214355,
        "mean": 5.13010072708,
        "median": 3.2774283886,
        "min": -2.45580983162,
        "var": 107.463096619
    },
    "melbands_spread": {
        "dmean": 11.1176700592,
        "dmean2": 17.2505683899,
        "dvar": 193.928833008,
        "dvar2": 447.39453125,
        "max": 161.608108521,
        "mean": 25.7496204376,
        "median": 19.3080749512,
        "min": 0.00705871358514,
        "var": 584.981994629
    },
    "pitch_salience": {
        "dmean": 0.112818256021,
        "dmean2": 0.17093424499,
        "dvar": 0.0136586148292,
        "dvar2": 0.0259576290846,
        "max": 0.968839347363,
        "mean": 0.519652426243,
        "median": 0.566765487194,
        "min": 0.00189439789392,
        "var": 0.039826117456
    },
    "silence_rate_20dB": {
        "dmean": 0,
        "dmean2": 0,
        "dvar": 0,
        "dvar2": 0,
        "max": 1,
        "mean": 1,
        "median": 1,
        "min": 1,
        "var": 0
    },
    "silence_rate_30dB": {
        "dmean": 0.0504662655294,
        "dmean2": 0.100943602622,
        "dvar": 0.0479158349335,
        "dvar2": 0.104360632598,
        "max": 1,
        "mean": 0.955243527889,
        "median": 1,
        "min": 0,
        "var": 0.0427554398775
    },
    "silence_rate_60dB": {
        "dmean": 0.0247942954302,
        "dmean2": 0.0495940297842,
        "dvar": 0.0241797082126,
        "dvar2": 0.0510868467391,
        "max": 1,
        "mean": 0.155331283808,
        "median": 0,
        "min": 0,
        "var": 0.131190016866
    },
    "spectral_centroid": {
        "dmean": 459.299133301,
        "dmean2": 712.118713379,
        "dvar": 223651.78125,
        "dvar2": 501007.84375,
        "max": 11997.609375,
        "mean": 1653.42199707,
        "median": 1400.24536133,
        "min": 82.837310791,
        "var": 1953874.625
    },
    "spectral_complexity": {
        "dmean": 5.39352703094,
        "dmean2": 7.93592262268,
        "dvar": 41.7991065979,
        "dvar2": 82.9669647217,
        "max": 60,
        "mean": 17.1886787415,
        "median": 16,
        "min": 0,
        "var": 130.840316772
    },
    "spectral_decrease": {
        "dmean": 4.80884265741e-09,
        "dmean2": 7.60087193186e-09,
        "dvar": 8.23630088666e-17,
        "dvar2": 2.11204674313e-16,
        "max": 1.91309867687e-28,
        "mean": -7.4628010438e-09,
        "median": -5.10272091248e-09,
        "min": -9.61987467463e-08,
        "var": 9.26165478339e-17
    },
    "spectral_energy": {
        "dmean": 0.0188953857869,
        "dmean2": 0.0297455303371,
        "dvar": 0.00123196223285,
        "dvar2": 0.00316368369386,
        "max": 0.36924174428,
        "mean": 0.0297312177718,
        "median": 0.0208189748228,
        "min": 1.00190975382e-20,
        "var": 0.00138565851375
    },
    "spectral_energyband_high": {
        "dmean": 0.00084179796977,
        "dmean2": 0.00133907923009,
        "dvar": 2.2188148705e-06,
        "dvar2": 5.51177390662e-06,
        "max": 0.016966406256,
        "mean": 0.000949342094827,
        "median": 0.00038935651537,
        "min": 6.90924982517e-21,
        "var": 2.40075223701e-06
    },
    "spectral_energyband_low": {
        "dmean": 0.0125578846782,
        "dmean2": 0.0192046891898,
        "dvar": 0.000709205633029,
        "dvar2": 0.00172512081917,
        "max": 0.247656449676,
        "mean": 0.0157169755548,
        "median": 0.00475110020489,
        "min": 1.25501553797e-23,
        "var": 0.000853019359056
    },
    "spectral_energyband_middle_high": {
        "dmean": 0.00172692060005,
        "dmean2": 0.00279458332807,
        "dvar": 9.38276843954e-06,
        "dvar2": 2.35033894569e-05,
        "max": 0.04165706411,
        "mean": 0.00335171655752,
        "median": 0.00254030106589,
        "min": 9.87375770401e-22,
        "var": 1.22573828776e-05
    },
    "spectral_energyband_middle_low": {
        "dmean": 0.00956862885505,
        "dmean2": 0.0168969333172,
        "dvar": 0.000524150149431,
        "dvar2": 0.00148984591942,
        "max": 0.227091625333,
        "mean": 0.0117681585252,
        "median": 0.00665006041527,
        "min": 1.72885001562e-22,
        "var": 0.000366194173694
    },
    "spectral_entropy": {
        "dmean": 0.29904422164,
        "dmean2": 0.407554060221,
        "dvar": 0.153189450502,
        "dvar2": 0.328321039677,
        "max": 9.82669830322,
        "mean": 7.74057292938,
        "median": 7.79706001282,
        "min": 4.3312587738,
        "var": 0.36515879631
    },
    "spectral_flux": {
        "dmean": 0.0459058843553,
        "dmean2": 0.0724443271756,
        "dvar": 0.00478265574202,
        "dvar2": 0.0085923820734,
        "max": 0.536692678928,
        "mean": 0.0999876484275,
        "median": 0.0749505013227,
        "min": 6.3382951665e-11,
        "var": 0.00767813343555
    },
    "spectral_kurtosis": {
        "dmean": 3.78653788567,
        "dmean2": 5.86055660248,
        "dvar": 105.678955078,
        "dvar2": 240.331741333,
        "max": 121.175231934,
        "mean": 5.62291145325,
        "median": 3.58626937866,
        "min": -1.25207364559,
        "var": 101.740699768
    },
    "spectral_rms": {
        "dmean": 0.00139075878542,
        "dmean2": 0.00207340810448,
        "dvar": 3.97440362576e-06,
        "dvar2": 9.37513959798e-06,
        "max": 0.0189798790962,
        "mean": 0.00456610834226,
        "median": 0.00450679473579,
        "min": 3.12645634208e-12,
        "var": 8.15670318843e-06
    },
    "spectral_rolloff": {
        "dmean": 937.394958496,
        "dmean2": 1536.3470459,
        "dvar": 2050325.75,
        "dvar2": 5024559,
        "max": 19509.0820312,
        "mean": 1857.12927246,
        "median": 1248.92578125,
        "min": 21.533203125,
        "var": 7338193
    },
    "spectral_skewness": {
        "dmean": 0.420760303736,
        "dmean2": 0.626899242401,
        "dvar": 0.576441586018,
        "dvar2": 1.18284904957,
        "max": 8.58791255951,
        "mean": 1.58084380627,
        "median": 1.50077104568,
        "min": -0.107563123107,
        "var": 0.659707903862
    },
    "spectral_spread": {
        "dmean": 1130455.875,
        "dmean2": 1681680.5,
        "dvar": 1.93255676314e+12,
        "dvar2": 4.07260915302e+12,
        "max": 42616880,
        "mean": 5792184,
        "median": 5188673,
        "min": 651405.8125,
        "var": 2.22859918049e+13
    },
    "spectral_strongpeak": {
        "dmean": 0.295177131891,
        "dmean2": 0.486135154963,
        "dvar": 0.199667155743,
        "dvar2": 0.530559122562,
        "max": 7.53755950928,
        "mean": 0.515082478523,
        "median": 0.439096778631,
        "min": 0,
        "var": 0.23867456615
    },
    "zerocrossingrate": {
        "dmean": 0.0175492521375,
        "dmean2": 0.0208953730762,
        "dvar": 0.000291629025014,
        "dvar2": 0.000403165526222,
        "max": 0.64990234375,
        "mean": 0.0704629570246,
        "median": 0.06103515625,
        "min": 0,
        "var": 0.00431559234858
    },
    "barkbands": {
        "dmean": [0.000646919128485, 0.0077152219601, 0.0048074577935, 0.00510157085955, 0.00437427312136, 0.000804623938166, 0.000231028912822, 0.000154869019752, 0.000183125521289, 0.000208107885555, 0.000217160806642, 0.000249305361649, 0.000338464335073, 0.00018995537539, 0.000241839850787, 0.000360841600923, 0.000210501515539, 0.000300669606077, 0.000276084349025, 0.000212112514419, 0.000153181157657, 0.00014816649491, 0.000167022895766, 8.43993329909e-05, 0.000129371590447, 8.7491418526e-05, 7.45897204979e-06],
        "dmean2": [0.0010812751716, 0.0109422476962, 0.00895900465548, 0.00919224135578, 0.00759320659563, 0.001430044882, 0.000400368851842, 0.000263826834271, 0.00029625595198, 0.00035823287908, 0.000361547165085, 0.000399074458983, 0.000569093739614, 0.000319009996019, 0.000404702062951, 0.000590336567257, 0.000346466666088, 0.000494888750836, 0.000468320649816, 0.000363014143659, 0.000260690576397, 0.000237364787608, 0.000270527845714, 0.000128699655761, 0.000205032454687, 0.000140352232847, 1.26081331473e-05],
        "dvar": [6.85848317517e-06, 0.000269217474852, 0.000193995700101, 0.000189128099009, 8.31050419947e-05, 3.34212313646e-06, 3.03936758428e-07, 6.95549715601e-08, 2.37587357788e-07, 1.50638925334e-07, 1.31264272341e-07, 1.76866592483e-07, 3.62636995987e-07, 1.530610092e-07, 1.65310837019e-07, 4.89313094931e-07, 1.77182911898e-07, 3.94849450913e-07, 2.65328168325e-07, 2.66138670213e-07, 1.06588053939e-07, 7.33520977292e-08, 1.88811455359e-07, 2.49165754695e-08, 7.11077419169e-08, 4.53161703717e-08, 3.53838680578e-10],
        "dvar2": [2.19037592615e-05, 0.000560386630241, 0.000553188263439, 0.000540298118722, 0.00022958489717, 9.55502764555e-06, 8.58793157477e-07, 1.80811241535e-07, 5.93675736127e-07, 4.24830005841e-07, 3.30483942435e-07, 4.07541534742e-07, 9.68874019236e-07, 3.88153409858e-07, 4.20562543013e-07, 1.15987586469e-06, 4.61113643269e-07, 9.45232613958e-07, 6.95457288202e-07, 7.53806489229e-07, 2.89599057623e-07, 1.80166153996e-07, 4.8235159511e-07, 5.58789707839e-08, 1.78071644541e-07, 1.19667532772e-07, 9.27383336791e-10],
        "max": [0.0461783781648, 0.160856574774, 0.142663955688, 0.137100592256, 0.0964935421944, 0.0196959935129, 0.0111584942788, 0.00330251362175, 0.0120312459767, 0.00439103227109, 0.00520990137011, 0.00752194877714, 0.00998784508556, 0.00537603907287, 0.00591678684577, 0.0100282216445, 0.00640338798985, 0.00946257356554, 0.00700966455042, 0.00559884076938, 0.0030784602277, 0.00232584495097, 0.00944305583835, 0.00177899759728, 0.00288974563591, 0.00409875111654, 0.000347494409652],
        "mean": [0.000711534172297, 0.00966495182365, 0.0033304928802, 0.00495357392356, 0.00511012738571, 0.000836851657368, 0.000341930746799, 0.00019402585167, 0.000266735383775, 0.000266659801127, 0.000277134473436, 0.000333691947162, 0.000424959056545, 0.000233427999774, 0.000304326240439, 0.000459742877865, 0.000265534443315, 0.00036993357935, 0.000322748615872, 0.000232010905165, 0.000167784965015, 0.000174698056071, 0.000169840117451, 0.000106081359263, 0.000126019498566, 8.04280862212e-05, 5.88904504184e-06],
        "median": [7.6575721323e-05, 0.00169189355802, 0.000485804805066, 0.00114828755613, 0.0019796830602, 0.000386118947063, 9.17201541597e-05, 8.4574057837e-05, 0.000138992123539, 0.000113280155347, 0.000132471395773, 0.000156705689733, 0.000233947794186, 0.000120968739793, 0.000155093788635, 0.000224734118092, 0.000129621330416, 0.00015764660202, 0.000138481002068, 0.000101720681414, 6.75288756611e-05, 5.43164787814e-05, 4.6394263336e-05, 3.74575611204e-05, 3.99989075959e-05, 2.2312902729e-05, 6.42470808998e-07],
        "min": [8.10977508167e-25, 3.17757708573e-24, 7.08800595241e-25, 6.20197661216e-25, 7.49369818331e-24, 3.77464421122e-24, 4.48001128937e-24, 9.99896737927e-24, 1.23058901224e-23, 1.76582064458e-23, 1.0343346974e-23, 3.18712459038e-23, 2.04506367885e-23, 2.12279298374e-23, 3.01646052888e-23, 5.99616834373e-23, 6.75569435179e-23, 8.55968545122e-23, 1.14947648803e-22, 1.67621519654e-22, 2.45186779341e-22, 2.76340019826e-22, 4.09150420397e-22, 5.32035966282e-22, 8.61045944209e-22, 1.31235435356e-21, 1.98835599616e-21],
        "var": [7.00116424923e-06, 0.000393489084672, 0.000111310902867, 0.00012399359548, 7.04777048668e-05, 2.30905880017e-06, 3.447092638e-07, 9.88943611446e-08, 2.71948266573e-07, 2.05272442599e-07, 1.74231345795e-07, 2.7652032486e-07, 4.14696955886e-07, 1.50596889625e-07, 1.9987020039e-07, 6.12475048456e-07, 1.90401564737e-07, 5.48894661279e-07, 2.87331403115e-07, 1.85734009506e-07, 9.62880903899e-08, 9.15325486517e-08, 1.64554393223e-07, 3.42023795952e-08, 6.64164971909e-08, 3.50017366202e-08, 2.75392209037e-10]
    },
    "erbbands": {
        "dmean": [0.239097207785, 1.93217933178, 5.20565700531, 12.2095270157, 16.9969882965, 15.4448518753, 6.35891580582, 7.41131019592, 3.48412060738, 3.80602812767, 2.41555762291, 3.87505960464, 5.15781736374, 7.75959968567, 9.90852451324, 8.35795879364, 14.0625095367, 11.1144866943, 11.1301002502, 17.8062839508, 14.8278560638, 12.1241226196, 16.7405281067, 14.5055990219, 12.3826303482, 10.2145938873, 7.36072492599, 5.90809583664, 5.62546253204, 4.07654857635, 4.16655778885, 3.1862950325, 1.29078495502, 1.37659907341, 0.944168686867, 0.466814607382, 0.120824821293, 0.0227041989565, 0.00117466843221, 4.24650061177e-05],
        "dmean2": [0.314674943686, 2.98727679253, 9.50652885437, 22.2784347534, 30.3601016998, 25.965133667, 11.1498851776, 13.0143289566, 6.0135307312, 6.56189870834, 4.01246261597, 6.18866252899, 8.56104183197, 13.0587997437, 16.1161746979, 13.418305397, 23.6813964844, 18.7281894684, 18.605348587, 28.8458900452, 24.6708660126, 20.0339508057, 27.5439529419, 24.7273902893, 20.7319393158, 17.4275856018, 12.5871505737, 10.11490345, 9.19252204895, 6.42497491837, 6.68431043625, 5.13265371323, 1.96130800247, 2.15953731537, 1.5315861702, 0.755062520504, 0.189973503351, 0.0362822934985, 0.00198459904641, 6.663093518e-05],
        "dvar": [0.231207981706, 19.5735015869, 212.512069702, 1193.55554199, 1730.98046875, 919.70123291, 167.368209839, 281.774230957, 60.8686447144, 59.545249939, 22.2003612518, 102.750572205, 98.5137786865, 218.110565186, 311.774505615, 209.666397095, 561.473815918, 483.81640625, 304.741516113, 1287.46630859, 750.571411133, 619.858459473, 1042.49621582, 968.447509766, 531.871826172, 583.581359863, 270.803344727, 178.296203613, 109.829399109, 52.3923797607, 97.892616272, 75.5073928833, 6.00123310089, 8.14281749725, 4.3439040184, 1.33700692654, 0.0529075972736, 0.00196064310148, 9.35077059694e-06, 4.38112435219e-09],
        "dvar2": [0.350737810135, 48.580493927, 599.646179199, 3412.6081543, 4963.65722656, 2330.46948242, 467.08694458, 805.726623535, 171.764907837, 165.690856934, 50.9786453247, 253.417678833, 262.842163086, 596.978149414, 754.190429688, 461.341552734, 1496.11486816, 1272.71447754, 777.51361084, 3093.44775391, 1916.05749512, 1592.90795898, 2593.453125, 2548.03588867, 1414.86108398, 1645.8939209, 757.031188965, 484.837890625, 278.934051514, 121.87021637, 240.461700439, 196.507797241, 13.1693305969, 20.0484809875, 11.2997093201, 3.54322528839, 0.130791082978, 0.00484520522878, 2.50041484833e-05, 1.1058283178e-08],
        "max": [4.69111204147, 40.2476234436, 125.406036377, 381.684692383, 412.368469238, 260.93460083, 135.336227417, 188.644241333, 124.75553894, 131.905548096, 90.9739379883, 256.572235107, 147.530960083, 195.17678833, 344.040344238, 206.362014771, 372.368133545, 339.046325684, 269.202850342, 529.285583496, 457.87512207, 398.404388428, 446.041381836, 421.476867676, 326.569976807, 255.989654541, 166.841674805, 129.247161865, 95.3688583374, 93.1897354126, 183.66569519, 200.908462524, 28.3723526001, 35.6068458557, 26.2161121368, 21.5282497406, 2.49255895615, 0.594588875771, 0.0669697895646, 0.000991923734546],
        "mean": [0.320589989424, 1.9914329052, 3.85901260376, 10.7068319321, 18.3729877472, 18.7893199921, 6.64965295792, 7.8874130249, 5.07374191284, 5.41500329971, 3.37176847458, 5.88923931122, 7.51011180878, 10.3181409836, 13.8916416168, 12.273349762, 18.1741542816, 14.7098350525, 14.6575632095, 22.5609054565, 20.2690792084, 16.153181076, 20.9135398865, 16.4248600006, 15.0553302765, 11.3584976196, 7.85816049576, 6.48339939117, 6.58762741089, 4.73939323425, 4.49388790131, 3.35812473297, 1.57052028179, 1.40610730648, 0.870936214924, 0.423006087542, 0.117411315441, 0.0207112375647, 0.000947234162595, 5.54979342269e-05],
        "median": [0.0456226356328, 0.364675104618, 0.844531297684, 2.49749350548, 8.32258224487, 4.85323810577, 3.2947409153, 3.28959131241, 1.9277510643, 2.02326011658, 1.68952655792, 3.14001536369, 3.5978808403, 4.67546844482, 7.38342189789, 6.15547704697, 10.4528579712, 9.03209686279, 8.64796638489, 11.1142673492, 11.4800701141, 8.07233333588, 9.56002235413, 6.60895061493, 6.99344539642, 4.96847724915, 3.33519673347, 2.42328929901, 2.03877067566, 1.61193156242, 1.22382211685, 0.977844059467, 0.558904647827, 0.460039168596, 0.255848944187, 0.116261675954, 0.0345505401492, 0.00517620984465, 0.000156487891218, 3.40241858794e-05],
        "min": [4.95793809341e-23, 3.63941344655e-22, 8.82916854059e-22, 4.93628471984e-21, 1.016846907e-20, 2.05521020345e-20, 3.74939839791e-20, 5.09652535646e-20, 1.03298082251e-19, 1.08177291105e-19, 2.91533939082e-19, 2.94048981734e-19, 5.46847241802e-19, 5.89267648554e-19, 6.19401321281e-19, 1.52471555334e-18, 1.15284896094e-18, 1.61983232819e-18, 2.16729861129e-18, 2.74514465334e-18, 3.51423340545e-18, 4.40004003033e-18, 4.51875161517e-18, 5.38950438008e-18, 6.85552609228e-18, 8.03518780259e-18, 8.88494713714e-18, 9.81127527228e-18, 1.06120977746e-17, 1.18836422938e-17, 1.09942130314e-17, 1.19049281325e-17, 8.35915970694e-18, 8.3025267863e-18, 6.23254742165e-18, 4.21101602547e-18, 2.31728816983e-18, 7.97452878711e-19, 2.368612297e-19, 2.63123454823e-20],
        "var": [0.463211089373, 19.8764209747, 127.935913086, 727.402893066, 1166.28625488, 1061.4708252, 123.07170105, 203.283843994, 65.7587966919, 77.9550857544, 40.8261108398, 122.877731323, 135.50630188, 283.279632568, 473.145507812, 352.710418701, 687.001342773, 480.504882812, 374.720153809, 1524.71264648, 885.841186523, 728.254882812, 1435.05310059, 940.307250977, 571.004943848, 421.835083008, 208.22277832, 160.36567688, 128.991439819, 70.2244873047, 97.6996536255, 64.1005783081, 7.89977788925, 7.96387434006, 3.63511109352, 1.01886951923, 0.0506307072937, 0.00180373294279, 6.95296330377e-06, 4.67881910993e-09]
    },
    "gfcc": {
        "mean": [-53.7185897827, 64.8157348633, -102.316795349, 37.7308959961, -38.7374992371, 19.9762973785, -39.1609344482, 6.97784233093, -31.9787731171, 2.35561227798, -19.7177600861, 3.98129868507, -12.538561821],
        "cov": [[43707.7109375, 1624.14819336, -2497.59155273, 1534.92248535, -1931.01660156, -96.4889984131, -1976.81933594, -446.386566162, -1693.22155762, -588.956665039, -968.544921875, -10.7249498367, -607.239013672], [1624.14819336, 1692.87463379, -158.400085449, -107.236877441, 326.470703125, 21.5045146942, -5.54810094833, -122.415527344, 47.4000091553, -7.69095516205, 108.191261292, -55.6966934204, 106.537384033], [-2497.59155273, -158.400085449, 1314.77124023, 433.00302124, 218.603240967, 132.548706055, 193.476669312, 56.8706970215, 49.6045036316, 41.9434814453, 73.081489563, 71.6476898193, 33.6669769287], [1534.92248535, -107.236877441, 433.00302124, 824.374328613, 91.6999511719, 63.1104507446, 71.359085083, 83.1307678223, 15.1955623627, -26.6021003723, -28.8291416168, 7.78903484344, -21.4058532715], [-1931.01660156, 326.470703125, 218.603240967, 91.6999511719, 521.346557617, 95.4608688354, 235.917190552, 103.078041077, 231.298599243, 62.9601631165, 107.988388062, -17.4503993988, 72.5798187256], [-96.4889984131, 21.5045146942, 132.548706055, 63.1104507446, 95.4608688354, 265.003387451, 137.219360352, 54.7999000549, 51.5866584778, 51.4929466248, 39.8844604492, 1.06149446964, 9.42064857483], [-1976.81933594, -5.54810094833, 193.476669312, 71.359085083, 235.917190552, 137.219360352, 340.171142578, 106.555152893, 168.000061035, 60.3650245667, 81.2915496826, -14.2450742722, 31.6321620941], [-446.386566162, -122.415527344, 56.8706970215, 83.1307678223, 103.078041077, 54.7999000549, 106.555152893, 196.236114502, 106.881401062, 47.176071167, 14.561920166, 14.9028558731, 14.2395048141], [-1693.22155762, 47.4000091553, 49.6045036316, 15.1955623627, 231.298599243, 51.5866584778, 168.000061035, 106.881401062, 254.609924316, 75.3387985229, 68.2470626831, -10.3174724579, 54.2239456177], [-588.956665039, -7.69095516205, 41.9434814453, -26.6021003723, 62.9601631165, 51.4929466248, 60.3650245667, 47.176071167, 75.3387985229, 99.35521698, 57.8873062134, 32.9108772278, 34.110786438], [-968.544921875, 108.191261292, 73.081489563, -28.8291416168, 107.988388062, 39.8844604492, 81.2915496826, 14.561920166, 68.2470626831, 57.8873062134, 128.450210571, 51.3394317627, 59.0500679016], [-10.7249498367, -55.6966934204, 71.6476898193, 7.78903484344, -17.4503993988, 1.06149446964, -14.2450742722, 14.9028558731, -10.3174724579, 32.9108772278, 51.3394317627, 99.8824386597, 48.2018737793], [-607.239013672, 106.537384033, 33.6669769287, -21.4058532715, 72.5798187256, 9.42064857483, 31.6321620941, 14.2395048141, 54.2239456177, 34.110786438, 59.0500679016, 48.2018737793, 102.051742554]],
        "icov": [[8.49867064971e-05, -0.000172282467247, 0.000189770929865, -0.000264878151938, 0.000100747376564, -0.000227441138122, 0.000246755109401, -0.000114548063721, 0.000248337630183, -8.74398683663e-05, 0.000389736203942, -0.000437452195911, 0.000334612617735], [-0.000172282467247, 0.00130482355598, -0.0002143218735, 0.000509811099619, -0.00103433080949, 0.000276021921309, -7.67043547967e-06, 0.000748749298509, -4.01171888598e-07, 0.000329505768605, -0.00164112437051, 0.00211027124897, -0.00175868649967], [0.000189770929865, -0.0002143218735, 0.00156170607079, -0.00110277207568, -0.000327771878801, -0.000680312223267, 0.000108506406832, 0.000182736068382, 0.000984641956165, -0.000367869943148, 0.000872880453244, -0.00180164468475, 0.000788877368905], [-0.000264878151938, 0.000509811099619, -0.00110277207568, 0.00246905395761, -0.000495648186188, 0.000492459803354, -0.000739650684409, -0.000279271334875, -0.00084699987201, 0.00117013545241, -0.000600536877755, 0.000845167320222, -0.000644127663691], [0.000100747376564, -0.00103433080949, -0.000327771878801, -0.000495648186188, 0.00508173275739, -0.000284454232315, -0.000819063512608, -0.00105252256617, -0.00248827505857, 0.000776862667408, -0.0010986677371, 0.000772957806475, -0.000170642088051], [-0.000227441138122, 0.000276021921309, -0.000680312223267, 0.000492459803354, -0.000284454232315, 0.00592130795121, -0.00267260102555, -0.000196114298888, 0.000600956380367, -0.00230597681366, -0.00105519313365, 0.00175307656173, -0.000568302930333], [0.000246755109401, -7.67043547967e-06, 0.000108506406832, -0.000739650684409, -0.000819063512608, -0.00267260102555, 0.00756282638758, -0.00169256003574, -0.0010156116914, 0.000538337044418, -0.00219243462197, 0.00165034586098, 0.000855344522279], [-0.000114548063721, 0.000748749298509, 0.000182736068382, -0.000279271334875, -0.00105252256617, -0.000196114298888, -0.00169256003574, 0.00887368712574, -0.00289607373998, -0.0017293500714, 0.00257035903633, -0.00267815962434, 0.000365522981156], [0.000248337630183, -4.01171888598e-07, 0.000984641956165, -0.00084699987201, -0.00248827505857, 0.000600956380367, -0.0010156116914, -0.00289607373998, 0.011647622101, -0.00488281203434, -0.000111603032565, 0.00339945568703, -0.00268911896273], [-8.74398683663e-05, 0.000329505768605, -0.000367869943148, 0.00117013545241, 0.000776862667408, -0.00230597681366, 0.000538337044418, -0.0017293500714, -0.00488281203434, 0.019072573632, -0.00526369735599, -0.00326201249845, 4.31982189184e-05], [0.000389736203942, -0.00164112437051, 0.000872880453244, -0.000600536877755, -0.0010986677371, -0.00105519313365, -0.00219243462197, 0.00257035903633, -0.000111603032565, -0.00526369735599, 0.0207862649113, -0.0112546468154, -7.48693782953e-05], [-0.000437452195911, 0.00211027124897, -0.00180164468475, 0.000845167320222, 0.000772957806475, 0.00175307656173, 0.00165034586098, -0.00267815962434, 0.00339945568703, -0.00326201249845, -0.0112546468154, 0.0257619656622, -0.0112555390224], [0.000334612617735, -0.00175868649967, 0.000788877368905, -0.000644127663691, -0.000170642088051, -0.000568302930333, 0.000855344522279, 0.000365522981156, -0.00268911896273, 4.31982189184e-05, -7.48693782953e-05, -0.0112555390224, 0.0198623407632]]
    },
    "melbands": {
        "dmean": [0.00200961879455, 0.00263176695444, 0.00227696611546, 0.00117821013555, 0.00028719738475, 0.000156765585416, 5.23129056091e-05, 4.08824562328e-05, 1.78180362127e-05, 2.80573312921e-05, 2.66509105131e-05, 3.17017511406e-05, 3.07860209432e-05, 2.83059343928e-05, 2.13579023693e-05, 3.90960194636e-05, 1.92194729607e-05, 1.8077200366e-05, 1.93321902771e-05, 2.90546231554e-05, 1.5355008145e-05, 1.19898486446e-05, 1.64525426953e-05, 1.31903980218e-05, 1.25395581563e-05, 1.00005299828e-05, 7.13319559509e-06, 6.89241960572e-06, 5.28929376742e-06, 3.6329570321e-06, 3.33027901434e-06, 3.24957568409e-06, 2.91319497592e-06, 2.08632673093e-06, 2.21437971959e-06, 3.31088813255e-06, 1.35826940095e-06, 8.3775995563e-07, 1.01404930319e-06, 1.26002430534e-06],
        "dmean2": [0.00275593926199, 0.00457053491846, 0.00413118256256, 0.00204710569233, 0.000496442429721, 0.000276218197541, 9.038081771e-05, 7.02260367689e-05, 2.93413777399e-05, 4.49216968263e-05, 4.43192038801e-05, 5.38039093954e-05, 5.07168442709e-05, 4.49285398645e-05, 3.5051984014e-05, 6.64634135319e-05, 3.25256951328e-05, 3.04841632897e-05, 3.19115060847e-05, 4.76810746477e-05, 2.5539262424e-05, 1.98346697289e-05, 2.72456381936e-05, 2.18105851673e-05, 2.15952077269e-05, 1.68762180692e-05, 1.19562546388e-05, 1.19407204693e-05, 9.25616677705e-06, 6.12937128608e-06, 5.70199654248e-06, 5.41029930901e-06, 4.61281661046e-06, 3.31912951879e-06, 3.5544558159e-06, 5.50770437258e-06, 2.14356600736e-06, 1.29788111281e-06, 1.55038731009e-06, 2.02089222512e-06],
        "dvar": [1.67231792148e-05, 4.69271544716e-05, 3.69925073755e-05, 6.28420593785e-06, 3.03424513959e-07, 1.2758333412e-07, 1.39987603731e-08, 6.14421979961e-09, 1.37925471044e-09, 5.90751980667e-09, 2.61938937207e-09, 3.78070286189e-09, 2.58915910933e-09, 2.55332688326e-09, 1.24325116868e-09, 5.1969157866e-09, 1.64876856612e-09, 8.64863625161e-10, 1.17594944893e-09, 3.36143335389e-09, 8.17952094945e-10, 5.66473812302e-10, 1.6926283708e-09, 6.87419898782e-10, 7.62495788731e-10, 3.65903779498e-10, 1.82281245653e-10, 2.88043588981e-10, 1.64433383576e-10, 5.72712086089e-11, 5.72338010318e-11, 4.12987387344e-11, 2.80633970923e-11, 1.58671201178e-11, 2.30303744825e-11, 1.45408352026e-10, 7.78114378486e-12, 2.88136051477e-12, 3.89610696136e-12, 8.02286709289e-12],
        "dvar2": [2.72178331215e-05, 0.000128391999169, 0.000105462560896, 1.74346896529e-05, 8.13057795312e-07, 3.65019587889e-07, 3.96644388445e-08, 1.70080607376e-08, 3.02287817e-09, 1.45780791883e-08, 7.04244262906e-09, 1.04378523602e-08, 6.39144914771e-09, 5.81252157517e-09, 3.10074410592e-09, 1.38791902415e-08, 4.30258051409e-09, 2.21480944695e-09, 2.9899525078e-09, 7.85680676074e-09, 2.09629846815e-09, 1.46831136139e-09, 4.04314182134e-09, 1.70578295933e-09, 2.03651318031e-09, 9.56869472546e-10, 4.90965990085e-10, 8.18482892573e-10, 4.66934046983e-10, 1.52808293796e-10, 1.54832244248e-10, 1.0801294581e-10, 6.74234695852e-11, 3.7239947237e-11, 5.40100845992e-11, 3.90737858735e-10, 1.8989023895e-11, 6.61845621711e-12, 8.77616555817e-12, 2.05333458569e-11],
        "max": [0.041910815984, 0.0538204610348, 0.0662674605846, 0.0263909995556, 0.00614602630958, 0.00387883628719, 0.00209266063757, 0.00120135420002, 0.000772572879214, 0.00194663589355, 0.000752160791308, 0.000824038812425, 0.000855755410157, 0.000930154405069, 0.000441058917204, 0.00120218424127, 0.000607118825428, 0.000379636709113, 0.000520323519595, 0.00087842089124, 0.000427876337199, 0.000383523118217, 0.00086424103938, 0.000422830140451, 0.000409264117479, 0.000269911048235, 0.000143367666169, 0.000179346563527, 0.000136762217153, 8.01130809123e-05, 7.59974427638e-05, 6.01177380304e-05, 6.05067580182e-05, 6.67752756272e-05, 5.9446949308e-05, 0.000298788392683, 4.63906289951e-05, 2.2537780751e-05, 2.63002784777e-05, 3.44730469806e-05],
        "mean": [0.00278251059353, 0.00224582152441, 0.0021397958044, 0.0014086792944, 0.000324333057506, 0.000166289624758, 7.74300206103e-05, 5.69199255551e-05, 2.44597613346e-05, 4.12776207668e-05, 3.80111705454e-05, 4.08612504543e-05, 4.23086821684e-05, 3.83709884773e-05, 2.96961316053e-05, 4.64011427539e-05, 2.42903752223e-05, 2.23551232921e-05, 2.46766321652e-05, 3.55566517101e-05, 2.04383450182e-05, 1.50500763993e-05, 2.09491372516e-05, 1.56648729899e-05, 1.3171057617e-05, 1.14835984277e-05, 8.82950098458e-06, 7.17406965123e-06, 5.29544968231e-06, 3.95520328311e-06, 3.56947907676e-06, 3.67022244063e-06, 3.38151903634e-06, 2.35727384279e-06, 2.47104526352e-06, 2.98325699077e-06, 1.60442800734e-06, 1.03577701793e-06, 1.12218583581e-06, 1.22063249819e-06],
        "median": [0.00049440166913, 0.000504320603795, 0.000608668662608, 0.000583944492973, 0.000137083770824, 7.02467077645e-05, 2.90562820737e-05, 2.14049578062e-05, 1.14449594548e-05, 2.08344863495e-05, 1.78523987415e-05, 1.7448399376e-05, 2.22245835175e-05, 1.82421390491e-05, 1.56134938152e-05, 2.46693562076e-05, 1.36811231641e-05, 1.23323861771e-05, 1.23236059153e-05, 1.66801692103e-05, 1.08951571747e-05, 7.36924448574e-06, 8.74098441273e-06, 7.12031942385e-06, 4.68611506221e-06, 4.83496887682e-06, 4.13702218793e-06, 2.95075233225e-06, 2.17489309762e-06, 1.52367329065e-06, 1.20146330573e-06, 1.07088419554e-06, 1.06112156573e-06, 7.75833996158e-07, 6.45792738396e-07, 6.60554746901e-07, 5.2484489288e-07, 3.5917608443e-07, 3.77310698241e-07, 3.70280815787e-07],
        "min": [8.28500968493e-25, 8.74473809897e-25, 1.15033984896e-24, 8.05722314032e-25, 1.71166289797e-24, 1.34562749364e-24, 1.39834973034e-24, 1.26993628979e-24, 2.06199484269e-24, 1.382618562e-24, 2.39641112421e-24, 2.08973474199e-24, 1.64954059472e-24, 3.35930026715e-24, 2.00974996544e-24, 2.31848823285e-24, 2.38139397359e-24, 2.25288517947e-24, 2.57583142343e-24, 3.91726552972e-24, 3.48902883744e-24, 3.42171573083e-24, 2.93641994042e-24, 3.49701132094e-24, 3.27480655888e-24, 3.77685302175e-24, 4.5077062236e-24, 4.65446590641e-24, 4.9703068802e-24, 5.53313902012e-24, 4.72359536525e-24, 5.28514205633e-24, 5.45942154625e-24, 6.2110955484e-24, 4.85293936586e-24, 4.88161445976e-24, 6.10988706084e-24, 5.94330645893e-24, 5.55593236711e-24, 6.68071627819e-24],
        "var": [3.14082535624e-05, 3.32287017955e-05, 2.32936636166e-05, 5.29695080331e-06, 2.69273385811e-07, 9.06104560272e-08, 1.55248631728e-08, 8.14887624045e-09, 2.80375744843e-09, 6.91379753448e-09, 3.570242324e-09, 4.81765560778e-09, 3.84702625311e-09, 3.95945320975e-09, 1.81977832803e-09, 5.44006928394e-09, 1.56230794968e-09, 9.87006476549e-10, 1.37035482961e-09, 4.13052214654e-09, 9.4734065037e-10, 6.24128193571e-10, 2.62499444403e-09, 8.1927548079e-10, 6.94458712758e-10, 3.89706045212e-10, 1.76910652794e-10, 1.96429830734e-10, 1.1152173629e-10, 5.61829055501e-11, 5.20266607573e-11, 4.42365449826e-11, 3.50466600185e-11, 2.0320084157e-11, 2.68961034e-11, 1.03019620612e-10, 8.96795311622e-12, 3.60610803371e-12, 4.51607761603e-12, 7.05369096465e-12]
    },
    "mfcc": {
        "mean": [-685.371154785, 96.9211807251, 0.491777002811, 25.6351852417, 18.177362442, 14.1325464249, 7.26731157303, 4.82727956772, -2.04945158958, -1.71162545681, -4.36487388611, -4.14167356491, -2.18440318108],
        "cov": [[20953.6972656, 1467.09301758, 212.692855835, 859.76348877, -79.5148086548, -205.286529541, -330.86239624, -250.656890869, -680.390991211, -607.987121582, -725.5390625, -596.395019531, -231.794158936], [1467.09301758, 1686.02697754, -77.4164962769, -77.9270629883, 202.404312134, 114.907798767, 55.7017936707, -61.4679527283, -37.6005134583, -52.1303253174, -52.876914978, -7.07336997986, 59.3087768555], [212.692855835, -77.4164962769, 713.040893555, 231.66178894, 53.2000312805, 136.062530518, 135.046081543, 69.5446243286, 18.9751243591, -10.2644462585, -3.35870099068, 23.3365764618, 53.447555542], [859.76348877, -77.9270629883, 231.66178894, 644.620727539, 166.898162842, 55.5160560608, 76.9862289429, 118.068771362, 91.2117919922, 53.4513587952, 17.1235523224, 22.5398006439, 32.340385437], [-79.5148086548, 202.404312134, 53.2000312805, 166.898162842, 296.064300537, 90.5595092773, 48.2200737, 65.4353790283, 85.6214599609, 63.1475868225, 52.616481781, 47.7588272095, 42.5289115906], [-205.286529541, 114.907798767, 136.062530518, 55.5160560608, 90.5595092773, 242.064254761, 121.723548889, 58.2755813599, 52.5015716553, 54.8308067322, 50.300403595, 64.7054672241, 24.7844352722], [-330.86239624, 55.7017936707, 135.046081543, 76.9862289429, 48.2200737, 121.723548889, 197.579696655, 93.4665756226, 58.925617218, 41.8578681946, 54.7937088013, 62.3772201538, 25.7107810974], [-250.656890869, -61.4679527283, 69.5446243286, 118.068771362, 65.4353790283, 58.2755813599, 93.4665756226, 140.991226196, 98.8798828125, 74.366027832, 64.2206497192, 52.9633979797, 14.3865880966], [-680.390991211, -37.6005134583, 18.9751243591, 91.2117919922, 85.6214599609, 52.5015716553, 58.925617218, 98.8798828125, 169.726455688, 115.013572693, 81.8146362305, 57.0511741638, 19.2177295685], [-607.987121582, -52.1303253174, -10.2644462585, 53.4513587952, 63.1475868225, 54.8308067322, 41.8578681946, 74.366027832, 115.013572693, 141.649124146, 89.1243515015, 47.9012260437, 5.56014204025], [-725.5390625, -52.876914978, -3.35870099068, 17.1235523224, 52.616481781, 50.300403595, 54.7937088013, 64.2206497192, 81.8146362305, 89.1243515015, 123.909187317, 72.0704727173, 12.1504173279], [-596.395019531, -7.07336997986, 23.3365764618, 22.5398006439, 47.7588272095, 64.7054672241, 62.3772201538, 52.9633979797, 57.0511741638, 47.9012260437, 72.0704727173, 98.9508895874, 35.7530593872], [-231.794158936, 59.3087768555, 53.447555542, 32.340385437, 42.5289115906, 24.7844352722, 25.7107810974, 14.3865880966, 19.2177295685, 5.56014204025, 12.1504173279, 35.7530593872, 93.3838272095]],
