{
"lowlevel": {
    "average_loudness": 0.958512485027,
    "barkbands_crest": {
        "dmean": 2.96928048134,
        "dmean2": 4.26274442673,
        "dvar": 9.2059841156,
        "dvar2": 18.870426178,
        "max": 26.5485401154,
        "mean": 10.891784668,
        "median": 9.77179813385,
        "min": 1.82450485229,
        "var": 36.7047653198
    },
    "barkbands_flatness_db": {
        "dmean": 0.0260211769491,
        "dmean2": 0.0364926420152,
        "dvar": 0.00116117054131,
        "dvar2": 0.00221718871035,
        "max": 0.469648033381,
        "mean": 0.119651854038,
        "median": 0.103225201368,
        "min": 0.0170872900635,
        "var": 0.00503685837612
    },
    "barkbands_kurtosis": {
        "dmean": 6.34231615067,
        "dmean2": 7.41328907013,
        "dvar": 909.949462891,
        "dvar2": 1332.07434082,
        "max": 1213.75622559,
        "mean": 8.60952758789,
        "median": -0.711467623711,
        "min": -1.91121864319,
        "var": 2913.65405273
    },
    "barkbands_skewness": {
        "dmean": 0.760020136833,
        "dmean2": 0.983316302299,
        "dvar": 1.45635223389,
        "dvar2": 2.15762424469,
        "max": 31.7918796539,
        "mean": 1.12270820141,
        "median": 0.418696671724,
        "min": -5.24150323868,
        "var": 7.51312828064
    },
    "barkbands_spread": {
        "dmean": 9.26522541046,
        "dmean2": 13.6615085602,
        "dvar": 116.065658569,
        "dvar2": 253.885528564,
        "max": 107.097824097,
        "mean": 44.5950927734,
        "median": 40.4066619873,
        "min": 0.323425710201,
        "var": 600.219482422
    },
    "dissonance": {
        "dmean": 0.00918706227094,
        "dmean2": 0.0150700714439,
        "dvar": 0.000163782053278,
        "dvar2": 0.000393690424971,
        "max": 0.500000178814,
        "mean": 0.484713464975,
        "median": 0.490387380123,
        "min": 0.261211752892,
        "var": 0.000348559115082
    },
    "dynamic_complexity": 2.04927539825,
    "erbbands_crest": {
        "dmean": 2.15899896622,
        "dmean2": 3.53395795822,
        "dvar": 5.88301134109,
        "dvar2": 14.1774978638,
        "max": 31.8460140228,
        "mean": 7.06789636612,
        "median": 5.657579422,
        "min": 2.26563191414,
        "var": 16.0416316986
    },
    "erbbands_flatness_db": {
        "dmean": 0.0152390729636,
        "dmean2": 0.0215165000409,
        "dvar": 0.000265139853582,
        "dvar2": 0.000515880063176,
        "max": 0.351330935955,
        "mean": 0.143660396338,
        "median": 0.135256364942,
        "min": 0.0559559129179,
        "var": 0.0018763623666
    },
    "erbbands_kurtosis": {
        "dmean": 1.01007580757,
        "dmean2": 1.47873342037,
        "dvar": 1.84026396275,
        "dvar2": 3.71442651749,
        "max": 37.7151679993,
        "mean": 0.742399156094,
        "median": 0.104596614838,
        "min": -1.84646606445,
        "var": 5.00075721741
    },
    "erbbands_skewness": {
        "dmean": 0.370238691568,
        "dmean2": 0.540507376194,
        "dvar": 0.137651532888,
        "dvar2": 0.318584442139,
        "max": 5.55953836441,
        "mean": -0.493955045938,
        "median": -0.5345723629,
        "min": -3.73454332352,
        "var": 0.572294831276
    },
    "erbbands_spread": {
        "dmean": 11.476650238,
        "dmean2": 16.1501216888,
        "dvar": 259.58782959,
        "dvar2": 459.470703125,
        "max": 186.058792114,
        "mean": 43.861782074,
        "median": 36.2123947144,
        "min": 2.31955313683,
        "var": 712.54675293
    },
    "hfc": {
        "dmean": 16.4016017914,
        "dmean2": 26.9405117035,
        "dvar": 702.422790527,
        "dvar2": 1990.31799316,
        "max": 257.232452393,
        "mean": 52.4465293884,
        "median": 47.7590408325,
        "min": 1.26957255367e-16,
        "var": 1384.3125
    },
    "melbands_crest": {
        "dmean": 4.20572519302,
        "dmean2": 6.02863264084,
        "dvar": 19.0632362366,
        "dvar2": 40.7907295227,
        "max": 37.3223571777,
        "mean": 18.4135665894,
        "median": 18.2743759155,
        "min": 1.93772315979,
        "var": 83.4459686279
    },
    "melbands_flatness_db": {
        "dmean": 0.0344351492822,
        "dmean2": 0.0476084388793,
        "dvar": 0.0022988722194,
        "dvar2": 0.00471960846335,
        "max": 0.582094907761,
        "mean": 0.153554990888,
        "median": 0.125734478235,
        "min": 0.00898999162018,
        "var": 0.00997286010534
    },
    "melbands_kurtosis": {
        "dmean": 21.3569412231,
        "dmean2": 27.8250751495,
        "dvar": 4680.56787109,
        "dvar2": 6769.77978516,
        "max": 2403.8203125,
        "mean": 37.7178688049,
        "median": 3.20817279816,
        "min": -1.82731819153,
        "var": 17062.4824219
    },
    "melbands_skewness": {
        "dmean": 1.2129907608,
        "dmean2": 1.62242507935,
        "dvar": 4.05300855637,
        "dvar2": 6.68396615982,
        "max": 33.7362976074,
        "mean": 3.32005286217,
        "median": 1.91231918335,
        "min": -2.31326317787,
        "var": 17.2828807831
    },
    "melbands_spread": {
        "dmean": 17.3517913818,
        "dmean2": 26.5039710999,
        "dvar": 559.817565918,
        "dvar2": 1300.5222168,
        "max": 240.218276978,
        "mean": 54.7441558838,
        "median": 49.8023986816,
        "min": 0.15241214633,
        "var": 1458.27062988
    },
    "pitch_salience": {
        "dmean": 0.0881781205535,
        "dmean2": 0.12602327764,
        "dvar": 0.010151273571,
        "dvar2": 0.0200906973332,
        "max": 0.913730084896,
        "mean": 0.506318449974,
        "median": 0.543995380402,
        "min": 0.0235400497913,
        "var": 0.0379185788333
    },
    "silence_rate_20dB": {
        "dmean": 0,
        "dmean2": 0,
        "dvar": 0,
        "dvar2": 0,
        "max": 1,
        "mean": 1,
        "median": 1,
        "min": 1,
        "var": 0
    },
    "silence_rate_30dB": {
        "dmean": 0.00655517261475,
        "dmean2": 0.0131114469841,
        "dvar": 0.00651166588068,
        "dvar2": 0.0189881641418,
        "max": 1,
        "mean": 0.996218502522,
        "median": 1,
        "min": 0,
        "var": 0.00376658467576
    },
    "silence_rate_60dB": {
        "dmean": 0.00958063732833,
        "dmean2": 0.0191628839821,
        "dvar": 0.00948863010854,
        "dvar2": 0.0198032353073,
        "max": 1,
        "mean": 0.0295798312873,
        "median": 0,
        "min": 0,
        "var": 0.0286999177188
    },
    "spectral_centroid": {
        "dmean": 375.024291992,
        "dmean2": 555.930969238,
        "dvar": 268186.46875,
        "dvar2": 601855.125,
        "max": 10412.6025391,
        "mean": 2615.38769531,
        "median": 2770.43408203,
        "min": 165.235534668,
        "var": 830413.5
    },
    "spectral_complexity": {
        "dmean": 5.59862184525,
        "dmean2": 8.62044048309,
        "dvar": 42.2776031494,
        "dvar2": 90.9637527466,
        "max": 64,
        "mean": 28.0313453674,
        "median": 30,
        "min": 0,
        "var": 181.390426636
    },
    "spectral_decrease": {
        "dmean": 2.05594763436e-09,
        "dmean2": 2.80147638421e-09,
        "dvar": 7.77476983906e-18,
        "dvar2": 1.29514514009e-17,
        "max": 1.91888080005e-28,
        "mean": -7.08804837046e-09,
        "median": -5.11415088056e-09,
        "min": -3.15573664977e-08,
        "var": 3.40029366013e-17
    },
    "spectral_energy": {
        "dmean": 0.00815842114389,
        "dmean2": 0.0109851723537,
        "dvar": 0.0001006684397,
        "dvar2": 0.000171029096236,
        "max": 0.120180107653,
        "mean": 0.0315089672804,
        "median": 0.0248480141163,
        "min": 1.07911769359e-20,
        "var": 0.000495108251926
    },
    "spectral_energyband_high": {
        "dmean": 0.00181671674363,
        "dmean2": 0.00297708041035,
        "dvar": 9.42303904594e-06,
        "dvar2": 2.65804410446e-05,
        "max": 0.0304469559342,
        "mean": 0.00485447375104,
        "median": 0.00377088342793,
        "min": 8.28171129025e-21,
        "var": 1.9879455067e-05
    },
    "spectral_energyband_low": {
        "dmean": 0.00611447868869,
        "dmean2": 0.00844991672784,
        "dvar": 0.00015317897487,
        "dvar2": 0.000272151955869,
        "max": 0.119823403656,
        "mean": 0.0152874039486,
        "median": 0.00468684453517,
        "min": 4.46261927299e-23,
        "var": 0.000574689998757
    },
    "spectral_energyband_middle_high": {
        "dmean": 0.00236861826852,
        "dmean2": 0.00376485451125,
        "dvar": 9.63868660619e-06,
        "dvar2": 2.38516022364e-05,
        "max": 0.0436301454902,
        "mean": 0.00676836213097,
        "median": 0.00538200885057,
        "min": 1.19334949846e-21,
        "var": 3.05894427584e-05
    },
    "spectral_energyband_middle_low": {
        "dmean": 0.00392547575757,
        "dmean2": 0.00671306997538,
        "dvar": 8.71290249052e-05,
        "dvar2": 0.000236108360696,
        "max": 0.0821819230914,
        "mean": 0.00522790616378,
        "median": 0.0026147053577,
        "min": 1.40933686276e-22,
        "var": 7.39186507417e-05
    },
    "spectral_entropy": {
        "dmean": 0.144294857979,
        "dmean2": 0.222436070442,
        "dvar": 0.0398986637592,
        "dvar2": 0.102726146579,
        "max": 9.80243778229,
        "mean": 8.06689453125,
        "median": 8.18684768677,
        "min": 6.13985872269,
        "var": 0.170059889555
    },
    "spectral_flux": {
        "dmean": 0.0278465393931,
        "dmean2": 0.0380331985652,
        "dvar": 0.0011292968411,
        "dvar2": 0.00163244002033,
        "max": 0.362272113562,
        "mean": 0.102806724608,
        "median": 0.0900254249573,
        "min": 1.03880591629e-10,
        "var": 0.00330353877507
    },
    "spectral_kurtosis": {
        "dmean": 0.885773181915,
        "dmean2": 1.46011579037,
        "dvar": 2.20387148857,
        "dvar2": 6.34880924225,
        "max": 26.122592926,
        "mean": 2.49895215034,
        "median": 1.8446085453,
        "min": -1.20671021938,
        "var": 5.12635707855
    },
    "spectral_rms": {
        "dmean": 0.000704276026227,
        "dmean2": 0.000938002311159,
        "dvar": 5.9876447267e-07,
        "dvar2": 1.03384661543e-06,
        "max": 0.0108281522989,
        "mean": 0.00521800527349,
        "median": 0.00492361281067,
        "min": 3.24468446902e-12,
        "var": 3.51278868038e-06
    },
    "spectral_rolloff": {
        "dmean": 1162.17333984,
        "dmean2": 1873.55334473,
        "dvar": 2919697.5,
        "dvar2": 6910266.5,
        "max": 18863.0859375,
        "mean": 4046.21411133,
        "median": 3875.9765625,
        "min": 64.599609375,
        "var": 7524611
    },
    "spectral_skewness": {
        "dmean": 0.143754348159,
        "dmean2": 0.227495759726,
        "dvar": 0.0275621656328,
        "dvar2": 0.0708711072803,
        "max": 3.6101732254,
        "mean": 1.11903190613,
        "median": 1.07899665833,
        "min": -0.0492834486067,
        "var": 0.0923361554742
    },
    "spectral_spread": {
        "dmean": 575141.375,
        "dmean2": 782420.9375,
        "dvar": 488539324416,
        "dvar2": 701531619328,
        "max": 40859180,
        "mean": 5621709.5,
        "median": 5835442.5,
        "min": 1377327,
        "var": 3.2507995095e+12
    },
    "spectral_strongpeak": {
        "dmean": 0.568407893181,
        "dmean2": 0.956273078918,
        "dvar": 1.430295825,
        "dvar2": 3.68951916695,
        "max": 16.7599964142,
        "mean": 0.987022697926,
        "median": 0.434093087912,
        "min": 0,
        "var": 2.66783690453
    },
    "zerocrossingrate": {
        "dmean": 0.0188270397484,
        "dmean2": 0.0204137098044,
        "dvar": 0.000403365440434,
        "dvar2": 0.00046255934285,
        "max": 0.6611328125,
        "mean": 0.120265766978,
        "median": 0.1171875,
        "min": 0.001953125,
        "var": 0.00394611386582
    },
    "barkbands": {
        "dmean": [0.000647931476124, 0.00507006375119, 0.00260569364764, 0.00167131016497, 0.00172297784593, 0.000502594863065, 0.000247683434281, 0.000246799289016, 0.000335849152179, 0.000360527570592, 0.000355620344635, 0.000409049331211, 0.000296730868286, 0.000278467545286, 0.000360549573088, 0.000526183226611, 0.000375056173652, 0.000538294261787, 0.000381586170988, 0.000474133354146, 0.000376320414944, 0.000412977329688, 0.000486785138492, 0.000402580597438, 0.000264360249275, 0.000123515856103, 9.97018469207e-06],
        "dmean2": [0.000739048467949, 0.00683531118557, 0.00453513255343, 0.00313987536356, 0.00288828695193, 0.000819361361209, 0.000384715938708, 0.000394474191125, 0.000519666704349, 0.000579577113967, 0.000559701875318, 0.000641056918539, 0.000477225548821, 0.000452429492725, 0.000588576658629, 0.000882605789229, 0.000620249717031, 0.000860499567352, 0.000619285972789, 0.000797705142759, 0.000624597130809, 0.000683146878146, 0.000814296246972, 0.000663388345856, 0.000438713876065, 0.000196605615201, 1.73967418959e-05],
        "dvar": [1.80438166808e-06, 0.000109603111923, 7.97591419541e-05, 3.6280733184e-05, 2.44661641773e-05, 2.82265682472e-06, 2.82698010778e-07, 2.87273593358e-07, 5.84388999414e-07, 5.70551321744e-07, 7.31133866338e-07, 8.33507897369e-07, 4.16823780824e-07, 2.55081772593e-07, 6.38717665424e-07, 1.60220292855e-06, 4.35962448364e-07, 8.42496376663e-07, 3.12790746193e-07, 4.23354777013e-07, 2.86503563984e-07, 3.12694567128e-07, 6.92490175425e-07, 5.20103469626e-07, 2.2019067103e-07, 3.97318267176e-08, 3.56952523095e-10],
        "dvar2": [2.58229943029e-06, 0.000184325370356, 0.000212770653889, 0.000104407547042, 6.30150971119e-05, 7.65193999541e-06, 6.38169865397e-07, 6.35203548427e-07, 1.29029353957e-06, 1.27629380131e-06, 1.71053159193e-06, 1.8694688606e-06, 9.47165233356e-07, 6.04620538525e-07, 1.65972312516e-06, 4.04553702538e-06, 1.10056532776e-06, 1.93642313207e-06, 7.5560399182e-07, 1.1004173075e-06, 7.73370345541e-07, 8.19666865937e-07, 1.94124731934e-06, 1.44329976592e-06, 5.95200162934e-07, 1.01171472977e-07, 9.8980079688e-10],
        "max": [0.0180075988173, 0.109800674021, 0.0687485337257, 0.0463223531842, 0.0726357921958, 0.0352319069207, 0.0206335186958, 0.0138793736696, 0.0178637560457, 0.0212772376835, 0.0255933161825, 0.0276061557233, 0.0191312693059, 0.0114364316687, 0.0239826161414, 0.039491314441, 0.0178863573819, 0.0227899625897, 0.0133139761165, 0.0180854629725, 0.00725395930931, 0.00970491394401, 0.00975390803069, 0.0115215685219, 0.0109921274707, 0.0023540717084, 0.000360016449122],
        "mean": [0.000960494449828, 0.0118897808716, 0.00188425718807, 0.0010703651933, 0.00198242301121, 0.000778663321398, 0.000412811263232, 0.000343328487361, 0.000542815774679, 0.000512220547535, 0.000535121362191, 0.000649302673992, 0.000439283292508, 0.000435562455095, 0.000579535670113, 0.000776114175096, 0.000636210548691, 0.00104448420461, 0.000747858255636, 0.000917440454941, 0.000787292548921, 0.000892128096893, 0.000954218092375, 0.000837834086269, 0.000584529247135, 0.000304032146232, 1.08390468085e-05],
        "median": [0.00021012237994, 0.00284508406185, 7.25778081687e-05, 6.63103855914e-05, 0.000429426727351, 0.000188237259863, 0.000136465692776, 0.000100933073554, 0.000170309576788, 0.00017699469754, 0.000190321210539, 0.000230228324654, 0.000220639980398, 0.000255962251686, 0.00033281717333, 0.000409727595979, 0.000433946785051, 0.000623256026302, 0.000550404889509, 0.000710515247192, 0.000553038844373, 0.000698284129612, 0.000657615368254, 0.000554690952413, 0.000365199171938, 0.000185749711818, 2.10638268072e-06],
        "min": [1.04701871301e-23, 3.32388719671e-23, 1.79116725823e-24, 2.70079882373e-24, 4.79172794057e-23, 2.54203295405e-23, 1.42433522271e-23, 1.87373113662e-23, 2.91967770877e-23, 6.86477929994e-23, 7.39750211794e-23, 4.77830215906e-23, 5.30491730039e-23, 3.5611879166e-23, 1.72074254499e-22, 1.11851136247e-22, 1.09641984925e-22, 1.98032700773e-22, 2.50038665183e-22, 2.39885002969e-22, 4.94846564098e-22, 5.8230430362e-22, 4.54045365416e-22, 1.05121761451e-21, 1.22784612078e-21, 1.95140226775e-21, 2.54294929488e-21],
        "var": [4.46100466434e-06, 0.000397784722736, 5.51586090296e-05, 2.04685075005e-05, 2.60393917415e-05, 5.46607088836e-06, 7.54713198603e-07, 6.022225989e-07, 1.39788267006e-06, 1.1893022247e-06, 1.32976026634e-06, 1.97580061467e-06, 6.22684922291e-07, 4.22550527901e-07, 9.64603145803e-07, 3.05606840811e-06, 7.30582712549e-07, 2.17107094613e-06, 7.11411018983e-07, 8.84508267518e-07, 6.95217579505e-07, 7.4843052289e-07, 1.0886843711e-06, 9.10106962237e-07, 4.5289888817e-07, 1.22587337614e-07, 3.76685127534e-10]
    },
    "erbbands": {
        "dmean": [0.20343528688, 1.20041167736, 2.93169617653, 4.46705722809, 5.14196968079, 6.3895316124, 5.59551429749, 3.84417581558, 3.2416229248, 4.436606884, 5.56775903702, 6.95169687271, 9.59013843536, 13.314871788, 12.1928482056, 15.3874883652, 12.8529376984, 13.229347229, 14.3346786499, 20.8776798248, 28.6953754425, 21.3933753967, 26.6658439636, 22.5565795898, 19.4099273682, 21.0453701019, 17.0579051971, 15.0910282135, 14.7010183334, 13.8128414154, 14.8584337234, 10.464635849, 6.23591852188, 3.61065506935, 1.54975616932, 0.65110206604, 0.223235279322, 0.0373200178146, 0.000922609760892, 3.24136344716e-05],
        "dmean2": [0.202607050538, 1.62542009354, 4.80078458786, 8.1473274231, 9.12557220459, 10.4228286743, 9.87072944641, 5.92844057083, 5.00639772415, 7.09512710571, 8.71849346161, 10.8202190399, 15.2439146042, 20.997215271, 19.0168972015, 24.0263614655, 20.3469009399, 21.2819442749, 23.216632843, 34.0829467773, 48.3314437866, 35.2406692505, 42.5656585693, 36.4077377319, 31.9970798492, 34.9974060059, 28.8519134521, 25.2380599976, 24.3601131439, 22.774646759, 24.9963283539, 17.4320793152, 10.3649330139, 6.09319257736, 2.48624587059, 1.03704750538, 0.360122472048, 0.0627416819334, 0.00156544242054, 5.35132749064e-05],
        "dvar": [0.131724029779, 7.99249887466, 88.6094436646, 245.520568848, 257.333221436, 439.408691406, 672.316223145, 113.908920288, 47.1753616333, 98.5008087158, 150.425628662, 278.80682373, 382.237976074, 983.135803223, 690.780334473, 1205.84277344, 705.811889648, 614.348937988, 682.675415039, 2012.68933105, 5305.24023438, 1191.26965332, 2112.98144531, 1146.78173828, 774.459289551, 863.473205566, 617.118103027, 478.64440918, 397.520812988, 398.295501709, 700.26184082, 333.518432617, 150.971893311, 46.8443107605, 6.14412117004, 1.05776083469, 0.135029003024, 0.00420555146411, 3.07795176013e-06, 2.72120947997e-09],
        "dvar2": [0.102813333273, 15.1657924652, 221.228149414, 688.663696289, 707.309814453, 1116.89465332, 1956.60839844, 241.877883911, 108.662315369, 215.492858887, 324.758361816, 643.367675781, 839.657592773, 2301.16186523, 1629.85876465, 2707.6640625, 1588.4140625, 1442.35449219, 1683.96740723, 4963.47900391, 13668.9179688, 2954.19287109, 4826.75683594, 2728.32446289, 1898.35070801, 2171.49902344, 1691.25231934, 1286.67175293, 1052.97705078, 1058.07434082, 1961.21679688, 924.113037109, 421.932159424, 127.623847961, 15.7781677246, 2.71072483063, 0.346779644489, 0.0114554520696, 8.45389422466e-06, 7.33605043379e-09],
        "max": [4.8720831871, 27.5858478546, 75.524810791, 125.381523132, 230.690750122, 365.248931885, 428.522796631, 347.706115723, 399.9296875, 352.207397461, 330.887664795, 464.43145752, 583.819702148, 1112.97351074, 708.15423584, 1120.40270996, 852.905090332, 718.983642578, 633.775024414, 1538.2052002, 2288.96020508, 950.619995117, 1413.41809082, 818.280761719, 700.394836426, 789.612243652, 389.611816406, 317.062591553, 306.46975708, 242.179733276, 272.270568848, 267.116668701, 233.212890625, 209.502609253, 36.1441917419, 13.6857767105, 5.08084058762, 0.950820147991, 0.0264566782862, 0.00068880157778],
        "mean": [0.495172083378, 2.02706170082, 2.50502991676, 3.07536244392, 4.55969762802, 7.64259910583, 5.87000656128, 7.1640329361, 5.6513543129, 7.12446689606, 8.68722724915, 10.6446905136, 15.1391963959, 20.7312870026, 20.1733722687, 25.1603336334, 21.1298694611, 21.7801113129, 24.8848247528, 35.7099723816, 43.9664459229, 39.2771568298, 53.2909049988, 45.0201950073, 39.4783096313, 42.8397712708, 34.7345657349, 30.3584880829, 31.1440315247, 29.5039024353, 27.8211612701, 20.2793655396, 12.5501565933, 7.43099212646, 3.61585450172, 1.59808528423, 0.50241959095, 0.0717432573438, 0.00164308398962, 0.00010431445844],
        "median": [0.118236735463, 0.412452071905, 0.181331396103, 0.253221482038, 0.692376673222, 1.50311541557, 1.68680596352, 1.6095443964, 2.13050436974, 2.4592924118, 2.87460327148, 3.9131193161, 5.58323764801, 8.24067115784, 8.58884429932, 9.94343662262, 10.9735250473, 13.004119873, 15.651971817, 21.5151481628, 24.1686096191, 26.9799003601, 33.1074676514, 31.8185462952, 30.0043449402, 33.2915039062, 25.2798500061, 20.3348464966, 24.1528816223, 22.285610199, 19.177772522, 13.5126676559, 7.60469055176, 4.34724140167, 2.32176685333, 1.01005721092, 0.287129282951, 0.0366838946939, 0.000822065281682, 8.68482893566e-05],
        "min": [9.8790204791e-22, 7.15002643029e-21, 4.62448044196e-21, 8.60525765541e-21, 1.8250656157e-20, 2.10925601979e-19, 2.97175569353e-19, 1.83211174049e-19, 1.96667955049e-19, 3.63604479794e-19, 3.50021915642e-19, 6.66430416514e-19, 7.25335033608e-19, 3.83829299095e-18, 2.51662236064e-18, 1.851857007e-18, 2.50106081857e-18, 2.27106056092e-18, 3.55647214266e-18, 9.60734133688e-18, 7.09507801127e-18, 6.83876782666e-18, 1.0000884921e-17, 8.92542770196e-18, 1.41129883432e-17, 1.33661890067e-17, 1.89276840884e-17, 1.78275471086e-17, 1.95122129226e-17, 1.55854806757e-17, 1.44489245879e-17, 1.32329136664e-17, 2.18030201459e-17, 1.32181120965e-17, 9.95014069915e-18, 7.37630618464e-18, 3.62308830611e-18, 1.62893431346e-18, 3.71792844075e-19, 3.23940374553e-20],
        "var": [0.709180116653, 16.9661197662, 74.3844451904, 148.881591797, 193.81413269, 481.227386475, 412.604797363, 652.126159668, 128.258712769, 247.785293579, 346.485321045, 497.634460449, 859.845458984, 1840.38977051, 1284.7911377, 2726.08911133, 1229.18603516, 1042.27600098, 1235.62719727, 3446.76171875, 10620.6279297, 2491.32006836, 5516.14355469, 2605.25854492, 1768.75732422, 2010.89086914, 1277.81896973, 1061.44580078, 929.45690918, 864.06652832, 977.042297363, 547.725036621, 232.239013672, 79.730758667, 17.0100193024, 3.30907297134, 0.35870334506, 0.00836176518351, 4.82594214191e-06, 7.0778893857e-09]
    },
    "gfcc": {
        "mean": [29.9421958923, 20.4187870026, -120.421585083, 49.0148544312, -52.942111969, 27.3673477173, -35.5235176086, 17.8758029938, -22.7377681732, 7.53409194946, -13.0921669006, 11.4328575134, -8.86814403534],
        "cov": [[5516.92431641, -2300.22729492, 129.155578613, 130.964447021, -672.706481934, 393.402557373, -194.015792847, -77.5751342773, -366.825164795, 244.442016602, -233.509017944, 217.998092651, -129.924758911], [-2300.22729492, 2679.87915039, -490.86239624, -253.939178467, 118.183143616, -606.780334473, 11.0828809738, -140.876296997, 134.736328125, -368.523773193, 151.734375, -205.582107544, 52.7659301758], [129.155578613, -490.86239624, 1390.60681152, 592.380554199, 489.235443115, 460.53994751, 98.9056396484, 131.455780029, -20.9076442719, 182.671310425, -115.918746948, 36.5161132812, -37.8828620911], [130.964447021, -253.939178467, 592.380554199, 670.15045166, 416.826293945, 293.861846924, 126.220237732, 73.4485168457, 43.9045333862, 86.6413955688, 2.88433384895, 18.8662776947, 3.5114197731], [-672.706481934, 118.183143616, 489.235443115, 416.826293945, 710.532226562, 301.593902588, 210.260574341, 150.837615967, 123.470115662, 114.928985596, 35.3753585815, 0.837302446365, 34.1119613647], [393.402557373, -606.780334473, 460.53994751, 293.861846924, 301.593902588, 514.638122559, 216.447219849, 166.231124878, 50.2969741821, 162.300384521, 2.11559224129, 75.0182189941, -10.7281579971], [-194.015792847, 11.0828809738, 98.9056396484, 126.220237732, 210.260574341, 216.447219849, 291.540802002, 170.502243042, 108.639358521, 80.9393844604, 68.7520523071, 27.5103473663, 10.2255439758], [-77.5751342773, -140.876296997, 131.455780029, 73.4485168457, 150.837615967, 166.231124878, 170.502243042, 217.364059448, 133.306427002, 112.428344727, 54.8539886475, 45.3926048279, 23.6636333466], [-366.825164795, 134.736328125, -20.9076442719, 43.9045333862, 123.470115662, 50.2969741821, 108.639358521, 133.306427002, 213.956130981, 96.7542724609, 86.5254745483, 36.9961090088, 46.3551445007], [244.442016602, -368.523773193, 182.671310425, 86.6413955688, 114.928985596, 162.300384521, 80.9393844604, 112.428344727, 96.7542724609, 243.476516724, 67.9201431274, 89.7128295898, 40.4183425903], [-233.509017944, 151.734375, -115.918746948, 2.88433384895, 35.3753585815, 2.11559224129, 68.7520523071, 54.8539886475, 86.5254745483, 67.9201431274, 171.804428101, 71.2564315796, 52.7649421692], [217.998092651, -205.582107544, 36.5161132812, 18.8662776947, 0.837302446365, 75.0182189941, 27.5103473663, 45.3926048279, 36.9961090088, 89.7128295898, 71.2564315796, 133.245162964, 54.3550682068], [-129.924758911, 52.7659301758, -37.8828620911, 3.5114197731, 34.1119613647, -10.7281579971, 10.2255439758, 23.6636333466, 46.3551445007, 40.4183425903, 52.7649421692, 54.3550682068, 96.9482192993]],
        "icov": [[0.000472908752272, -2.72591805697e-05, 0.000376765965484, -0.000573874858674, 0.000629538553767, -0.000442587857833, 0.000327257817844, -0.000434678106103, 0.000890173076186, -0.00088015338406, 0.000907275069039, -0.000879549130332, 0.000558355823159], [-2.72591805697e-05, 0.00146307377145, -0.000722983386368, 0.000871016702149, -0.00085738877533, 0.00167296512518, -0.00143726100214, 0.00169055478182, -0.00173787795939, 0.00229717395268, -0.00206443527713, 0.0015170321567, -0.000774837157223], [0.000376765965484, -0.000722983386368, 0.00244145118631, -0.00188048952259, 0.000304087530822, -0.00157512794249, 0.00174533668905, -0.0021680186037, 0.00239024870098, -0.00260447128676, 0.00298512075096, -0.00194673938677, 0.00139405252412], [-0.000573874858674, 0.000871016702149, -0.00188048952259, 0.00441524432972, -0.00222596642561, 0.000688682426699, -0.00147052179091, 0.00278249732219, -0.00264860200696, 0.00286347768269, -0.00302138156258, 0.00209130486473, -0.0012579918839], [0.000629538553767, -0.00085738877533, 0.000304087530822, -0.00222596642561, 0.00449696555734, -0.00223239231855, 0.000311663694447, -0.00129775097594, 0.00117346504703, -0.00238802446984, 0.00175224163104, 7.34780333005e-05, -0.000596035912167], [-0.000442587857833, 0.00167296512518, -0.00157512794249, 0.000688682426699, -0.00223239231855, 0.00786460936069, -0.00466837920249, 0.0011146144243, -0.00130841613282, 0.00174376938958, -0.0012632466387, -0.000590224168263, 0.000649068271741], [0.000327257817844, -0.00143726100214, 0.00174533668905, -0.00147052179091, 0.000311663694447, -0.00466837920249, 0.0106982355937, -0.00702864443883, 0.00222741346806, -0.00165988923982, 5.49891374249e-05, -0.000465377466753, 0.00177501677535], [-0.000434678106103, 0.00169055478182, -0.0021680186037, 0.00278249732219, -0.00129775097594, 0.0011146144243, -0.00702864443883, 0.015963613987, -0.0083989975974, 0.00209292001091, -0.00249602110125, 0.00179509876762, -0.00153035437688], [0.000890173076186, -0.00173787795939, 0.00239024870098, -0.00264860200696, 0.00117346504703, -0.00130841613282, 0.00222741346806, -0.0083989975974, 0.0140989553183, -0.00637165736407, 0.00219299620949, -0.00225186278112, 0.000410258449847], [-0.00088015338406, 0.00229717395268, -0.00260447128676, 0.00286347768269, -0.00238802446984, 0.00174376938958, -0.00165988923982, 0.00209292001091, -0.00637165736407, 0.0132099548355, -0.00630426313728, 0.00125788664445, -0.00258864928037], [0.000907275069039, -0.00206443527713, 0.00298512075096, -0.00302138156258, 0.00175224163104, -0.0012632466387, 5.49891374249e-05, -0.00249602110125, 0.00219299620949, -0.00630426313728, 0.0160947982222, -0.00904404837638, 0.00135310913902], [-0.000879549130332, 0.0015170321567, -0.00194673938677, 0.00209130486473, 7.34780333005e-05, -0.000590224168263, -0.000465377466753, 0.00179509876762, -0.00225186278112, 0.00125788664445, -0.00904404837638, 0.0195448771119, -0.008804528974], [0.000558355823159, -0.000774837157223, 0.00139405252412, -0.0012579918839, -0.000596035912167, 0.000649068271741, 0.00177501677535, -0.00153035437688, 0.000410258449847, -0.00258864928037, 0.00135310913902, -0.008804528974, 0.0176259148866]]
    },
    "melbands": {
        "dmean": [0.00149077386595, 0.00145915569738, 0.000780037371442, 0.000396977586206, 0.00021908407507, 8.62617089297e-05, 4.9845137255e-05, 4.965889093e-05, 4.70270388178e-05, 4.58718277514e-05, 4.99864618178e-05, 5.52813471586e-05, 4.53016582469e-05, 3.91553585359e-05, 4.3948104576e-05, 2.78614315903e-05, 2.54874867096e-05, 2.35515362874e-05, 2.97875394608e-05, 3.14383505611e-05, 3.49509318767e-05, 2.34834260482e-05, 2.44770180871e-05, 2.74222511507e-05, 1.93141586351e-05, 1.47478376675e-05, 1.68645001395e-05, 1.51666254169e-05, 1.29826357806e-05, 9.41692815104e-06, 9.39300844038e-06, 8.40062330099e-06, 9.64398077485e-06, 8.11487279861e-06, 9.05595879885e-06, 8.91804847925e-06, 5.80331061428e-06, 4.55951385447e-06, 4.11662904298e-06, 2.98576810565e-06],
        "dmean2": [0.0016596710775, 0.00217773439363, 0.00139812892303, 0.000661607366055, 0.000380376237445, 0.000134654896101, 7.68844329286e-05, 7.93523649918e-05, 7.3222174251e-05, 7.13602858013e-05, 7.93366780272e-05, 8.73621174833e-05, 7.10511376383e-05, 6.04521846981e-05, 6.95295238984e-05, 4.45909463451e-05, 4.12817680626e-05, 3.82049365726e-05, 4.84894844703e-05, 5.18617380294e-05, 5.90419840591e-05, 3.90881286876e-05, 3.95385177399e-05, 4.40570947831e-05, 3.14388089464e-05, 2.40909193963e-05, 2.83813860733e-05, 2.53042981058e-05, 2.22493254114e-05, 1.55478082888e-05, 1.58812435984e-05, 1.39492140079e-05, 1.60534618772e-05, 1.35931049954e-05, 1.51569684022e-05, 1.5422121578e-05, 9.58506916504e-06, 7.59931435823e-06, 6.99682323102e-06, 5.06469723405e-06],
        "dvar": [6.98615258443e-06, 1.65224355442e-05, 6.79739787302e-06, 1.18987134101e-06, 8.6982117864e-07, 5.82519597003e-08, 1.03041877253e-08, 1.12251488105e-08, 1.09899236378e-08, 1.17954179757e-08, 1.04517363653e-08, 1.61817812483e-08, 1.07387139181e-08, 8.14942513472e-09, 1.07843840524e-08, 3.0927214123e-09, 2.4114448216e-09, 1.85164195088e-09, 4.96044316733e-09, 4.85404916262e-09, 8.76830608121e-09, 1.5714447521e-09, 2.07065209423e-09, 2.61446309047e-09, 8.82398598634e-10, 5.19504272933e-10, 6.6433308854e-10, 4.57318183322e-10, 3.6202127407e-10, 2.17168408256e-10, 1.85092580152e-10, 1.2731958543e-10, 1.87961410325e-10, 1.44041209515e-10, 2.1785800941e-10, 2.88079698985e-10, 8.40977357197e-11, 8.00079030805e-11, 5.9137708619e-11, 3.21031638773e-11],
        "dvar2": [7.24030678612e-06, 3.73752664018e-05, 1.87697241927e-05, 2.95273707707e-06, 2.5003500923e-06, 1.3546758737e-07, 2.34669865762e-08, 2.4796756648e-08, 2.4135315968e-08, 2.6539833442e-08, 2.29077059544e-08, 3.76677000702e-08, 2.55480117062e-08, 1.81657231479e-08, 2.4187361447e-08, 7.05037539461e-09, 5.71106895109e-09, 4.44331682559e-09, 1.30929409536e-08, 1.14309148813e-08, 2.24519816072e-08, 3.95098220807e-09, 4.71568384341e-09, 6.09218098191e-09, 2.12187001303e-09, 1.22747745301e-09, 1.69764502456e-09, 1.1517142795e-09, 9.76781766582e-10, 5.93279203542e-10, 4.99027486001e-10, 3.34478361674e-10, 4.91277796222e-10, 3.88092530335e-10, 6.01762695229e-10, 8.22259649258e-10, 2.25127708142e-10, 2.23995169635e-10, 1.64032565309e-10, 8.81586678658e-11],
        "max": [0.0343245267868, 0.0328921042383, 0.019892109558, 0.0174276232719, 0.0134526984766, 0.00676123192534, 0.00525971641764, 0.00342916557565, 0.00272635626607, 0.00296586798504, 0.00312877306715, 0.00436386512592, 0.00264502363279, 0.00330420047976, 0.00295636174269, 0.00187479134183, 0.00143559044227, 0.00112526665907, 0.00205591204576, 0.00261668395251, 0.00301394984126, 0.00112098897807, 0.00112782476936, 0.00163251487538, 0.00074125523679, 0.000616760749836, 0.000800163310487, 0.000524813425727, 0.000376294658054, 0.000187991870916, 0.000200109207071, 0.000179466980626, 0.000336268974934, 0.000158559370902, 0.000177869311301, 0.000285115267616, 0.000134201938636, 0.000191747909412, 0.000132051616674, 0.000202497991268],
        "mean": [0.00376051641069, 0.0017783503281, 0.000566993141547, 0.000451662112027, 0.000238880864345, 0.000154519395437, 8.75817713677e-05, 7.76591550675e-05, 7.34290370019e-05, 7.02678880771e-05, 7.70823389757e-05, 8.4009123384e-05, 7.14298876119e-05, 6.24102685833e-05, 6.62971506245e-05, 4.23204692197e-05, 3.94063026761e-05, 3.76764692192e-05, 4.72434185212e-05, 4.91163809784e-05, 5.00609494338e-05, 3.84447594115e-05, 4.36014670413e-05, 5.09430574311e-05, 3.48107278114e-05, 2.77132367046e-05, 3.0190909456e-05, 2.81487791653e-05, 2.30251589528e-05, 1.82839103218e-05, 1.70252733369e-05, 1.65481505974e-05, 1.88690974028e-05, 1.57162976393e-05, 1.62979104061e-05, 1.47247801578e-05, 1.12453089969e-05, 8.82417407411e-06, 7.43833516026e-06, 5.93070899413e-06],
        "median": [0.000929746369366, 0.000302230328089, 5.34650971531e-05, 8.51707154652e-05, 6.71051966492e-05, 3.70158886653e-05, 3.30816328642e-05, 2.4549637601e-05, 2.21475347644e-05, 2.31646663451e-05, 2.57546744251e-05, 3.11069634336e-05, 2.78864645225e-05, 2.29891411436e-05, 2.40207937168e-05, 2.19796129386e-05, 2.26562424359e-05, 2.22596354433e-05, 2.65658272838e-05, 2.84174566332e-05, 2.57201536442e-05, 2.51311939792e-05, 2.65200833383e-05, 2.96289072139e-05, 2.35891893681e-05, 1.9884770154e-05, 2.12205995922e-05, 2.07018165383e-05, 1.62106334756e-05, 1.09978300316e-05, 1.0965988622e-05, 1.18998505059e-05, 1.40440570249e-05, 1.08943768282e-05, 1.09279462777e-05, 9.44192561292e-06, 7.27329870642e-06, 5.38562471775e-06, 4.15779368268e-06, 3.37296478392e-06],
        "min": [1.0131327984e-23, 5.30402462539e-24, 1.24818946539e-24, 6.95595537005e-24, 1.1131732985e-23, 4.23668201556e-24, 3.21501346607e-24, 4.23236891856e-24, 2.73734536896e-24, 4.46033039308e-24, 3.40964892e-24, 1.56518397076e-23, 9.81268497625e-24, 4.98663393435e-24, 6.12066171751e-24, 4.66287398037e-24, 4.10241867835e-24, 3.48623429769e-24, 1.414786377e-23, 8.66414925219e-24, 8.45095407052e-24, 6.50834425394e-24, 7.90427425207e-24, 9.99146294548e-24, 6.14164265658e-24, 1.15708090205e-23, 7.38557690764e-24, 9.56851280457e-24, 9.66591267167e-24, 1.50096990421e-23, 8.56915935514e-24, 1.26226548523e-23, 9.54027947277e-24, 7.30450251697e-24, 7.07365972799e-24, 9.14218081695e-24, 8.05121379516e-24, 1.54316575849e-23, 1.33126762193e-23, 1.11544095806e-23],
        "var": [3.79466473532e-05, 2.06876848097e-05, 4.3307213673e-06, 1.37463973715e-06, 5.79815321089e-07, 2.58690391775e-07, 2.8695090748e-08, 2.7582949258e-08, 2.67003876786e-08, 2.38034267852e-08, 2.39880719732e-08, 3.08843155494e-08, 1.94851690338e-08, 1.91236431135e-08, 2.25467111648e-08, 5.11187137064e-09, 3.85367426858e-09, 3.2485660828e-09, 7.2273587115e-09, 8.7035214591e-09, 1.58899116087e-08, 2.69169442291e-09, 4.59863880309e-09, 6.06822458948e-09, 1.80823434004e-09, 1.12262610319e-09, 1.32566735367e-09, 9.60745261125e-10, 6.36893482397e-10, 4.63003912987e-10, 3.58812507484e-10, 2.97931124216e-10, 3.88920062822e-10, 2.83064488515e-10, 3.39485134448e-10, 3.29118454712e-10, 1.69653832649e-10, 1.21457163771e-10, 8.60151533333e-11, 5.30354891948e-11]
    },
    "mfcc": {
        "mean": [-608.524230957, 50.1674003601, -3.36762809753, 23.6117019653, 10.2638254166, 11.867975235, 4.71288108826, 12.8155078888, 0.238592073321, 5.22886323929, -0.889318227768, 1.96515333652, 3.27065610886],
        "cov": [[4725.671875, -1436.1015625, -191.323577881, -315.269470215, -450.320983887, -11.1851873398, -46.6843185425, -190.362426758, -188.535018921, -156.880569458, -60.7010307312, -65.977722168, -117.247940063], [-1436.1015625, 1948.84716797, -316.315002441, 49.7525215149, -145.017990112, -332.416748047, -212.670166016, 6.72753143311, -168.364593506, -38.2975578308, -102.842277527, -87.6011581421, -32.7565803528], [-191.323577881, -316.315002441, 813.102416992, 264.163269043, 334.779510498, 267.874664307, 182.985778809, 51.3267707825, 144.111450195, 35.4087486267, 42.885093689, 37.5510101318, 14.1010847092], [-315.269470215, 49.7525215149, 264.163269043, 462.391204834, 314.583129883, 183.64276123, 123.016609192, 57.3137779236, 85.8145141602, 48.3614578247, 26.189786911, 36.4387512207, 19.0911617279], [-450.320983887, -145.017990112, 334.779510498, 314.583129883, 536.59979248, 305.493774414, 202.805725098, 88.1012039185, 181.852554321, 84.3393630981, 70.4679946899, 69.66040802, 54.3249473572], [-11.1851873398, -332.416748047, 267.874664307, 183.64276123, 305.493774414, 381.48538208, 240.83996582, 101.755989075, 154.063415527, 71.8193283081, 90.345993042, 71.2528076172, 40.5035095215], [-46.6843185425, -212.670166016, 182.985778809, 123.016609192, 202.805725098, 240.83996582, 308.195953369, 132.069854736, 130.679534912, 87.9518585205, 91.9946289062, 62.6679649353, 53.857219696], [-190.362426758, 6.72753143311, 51.3267707825, 57.3137779236, 88.1012039185, 101.755989075, 132.069854736, 211.261444092, 86.4362258911, 81.1709823608, 67.0146942139, 33.7328414917, 39.451713562], [-188.535018921, -168.364593506, 144.111450195, 85.8145141602, 181.852554321, 154.063415527, 130.679534912, 86.4362258911, 229.809585571, 111.331390381, 86.6448822021, 75.111656189, 54.7050170898], [-156.880569458, -38.2975578308, 35.4087486267, 48.3614578247, 84.3393630981, 71.8193283081, 87.9518585205, 81.1709823608, 111.331390381, 150.111526489, 87.8492126465, 59.0669746399, 58.8815040588], [-60.7010307312, -102.842277527, 42.885093689, 26.189786911, 70.4679946899, 90.345993042, 91.9946289062, 67.0146942139, 86.6448822021, 87.8492126465, 142.076904297, 81.2517776489, 57.544708252], [-65.977722168, -87.6011581421, 37.5510101318, 36.4387512207, 69.66040802, 71.2528076172, 62.6679649353, 33.7328414917, 75.111656189, 59.0669746399, 81.2517776489, 123.858894348, 80.7161636353], [-117.247940063, -32.7565803528, 14.1010847092, 19.0911617279, 54.3249473572, 40.5035095215, 53.857219696, 39.451713562, 54.7050170898, 58.8815040588, 57.544708252, 80.7161636353, 124.699142456]],
