{
"lowlevel": {
    "average_loudness": 0.944761931896,
    "barkbands_crest": {
        "dmean": 2.56966924667,
        "dmean2": 3.90767836571,
        "dvar": 6.30115461349,
        "dvar2": 14.2574443817,
        "max": 24.9209938049,
        "mean": 11.1667451859,
        "median": 10.744559288,
        "min": 2.15380620956,
        "var": 17.3048114777
    },
    "barkbands_flatness_db": {
        "dmean": 0.0257634334266,
        "dmean2": 0.0376058146358,
        "dvar": 0.000751553336158,
        "dvar2": 0.00184857274871,
        "max": 0.352034211159,
        "mean": 0.13951343298,
        "median": 0.1312790066,
        "min": 0.0127852139995,
        "var": 0.00326367630623
    },
    "barkbands_kurtosis": {
        "dmean": 3.86578130722,
        "dmean2": 5.98705768585,
        "dvar": 66.6337585449,
        "dvar2": 162.327209473,
        "max": 191.048660278,
        "mean": 4.4001789093,
        "median": 1.80693292618,
        "min": -1.89878118038,
        "var": 81.1468811035
    },
    "barkbands_skewness": {
        "dmean": 0.651657044888,
        "dmean2": 0.950261414051,
        "dvar": 0.594313502312,
        "dvar2": 1.30781579018,
        "max": 11.6979265213,
        "mean": 1.58113253117,
        "median": 1.38214755058,
        "min": -2.15877556801,
        "var": 1.56970584393
    },
    "barkbands_spread": {
        "dmean": 7.47478151321,
        "dmean2": 10.9084186554,
        "dvar": 74.2180023193,
        "dvar2": 149.752365112,
        "max": 111.726509094,
        "mean": 26.0538806915,
        "median": 22.8260192871,
        "min": 0.970688939095,
        "var": 300.296539307
    },
    "dissonance": {
        "dmean": 0.0184632577002,
        "dmean2": 0.0311149898916,
        "dvar": 0.000414817011915,
        "dvar2": 0.00113215635065,
        "max": 0.499999970198,
        "mean": 0.467468559742,
        "median": 0.476258903742,
        "min": 0.204100087285,
        "var": 0.000927631102968
    },
    "dynamic_complexity": 1.73075270653,
    "erbbands_crest": {
        "dmean": 3.00002837181,
        "dmean2": 4.87608098984,
        "dvar": 8.54595279694,
        "dvar2": 20.9001178741,
        "max": 33.1201095581,
        "mean": 9.72867488861,
        "median": 8.10259056091,
        "min": 2.12055540085,
        "var": 33.0466003418
    },
    "erbbands_flatness_db": {
        "dmean": 0.0158155392855,
        "dmean2": 0.0236299596727,
        "dvar": 0.000253460981185,
        "dvar2": 0.000494861742482,
        "max": 0.400194823742,
        "mean": 0.160095959902,
        "median": 0.134356826544,
        "min": 0.0292575638741,
        "var": 0.00517515512183
    },
    "erbbands_kurtosis": {
        "dmean": 1.10066568851,
        "dmean2": 1.75660407543,
        "dvar": 2.94249725342,
        "dvar2": 6.49202823639,
        "max": 53.4484710693,
        "mean": 1.03952586651,
        "median": 0.0204713344574,
        "min": -1.78167057037,
        "var": 11.0453491211
    },
    "erbbands_skewness": {
        "dmean": 0.393591493368,
        "dmean2": 0.597629368305,
        "dvar": 0.161906465888,
        "dvar2": 0.36701348424,
        "max": 5.81279754639,
        "mean": 0.432773530483,
        "median": 0.350583076477,
        "min": -3.58947038651,
        "var": 0.597627282143
    },
    "erbbands_spread": {
        "dmean": 8.83412456512,
        "dmean2": 13.3149719238,
        "dvar": 127.447372437,
        "dvar2": 270.173156738,
        "max": 157.716293335,
        "mean": 36.2347221375,
        "median": 34.8345298767,
        "min": 1.63682174683,
        "var": 428.583984375
    },
    "hfc": {
        "dmean": 10.4585075378,
        "dmean2": 16.7666625977,
        "dvar": 216.478225708,
        "dvar2": 562.506958008,
        "max": 165.391281128,
        "mean": 30.5596542358,
        "median": 26.1296348572,
        "min": 3.92330825605e-08,
        "var": 438.68649292
    },
    "melbands_crest": {
        "dmean": 4.15289735794,
        "dmean2": 6.05935764313,
        "dvar": 17.8682956696,
        "dvar2": 36.1193008423,
        "max": 36.8706741333,
        "mean": 20.1973552704,
        "median": 20.0961875916,
        "min": 3.36611819267,
        "var": 69.8451385498
    },
    "melbands_flatness_db": {
        "dmean": 0.0325084552169,
        "dmean2": 0.0466562174261,
        "dvar": 0.00128235248849,
        "dvar2": 0.00316828931682,
        "max": 0.441046923399,
        "mean": 0.195775657892,
        "median": 0.191280126572,
        "min": 0.029805123806,
        "var": 0.00345334992744
    },
    "melbands_kurtosis": {
        "dmean": 11.6292257309,
        "dmean2": 18.0838928223,
        "dvar": 700.199890137,
        "dvar2": 1675.5723877,
        "max": 482.732727051,
        "mean": 15.9973726273,
        "median": 7.13518810272,
        "min": -1.83365058899,
        "var": 852.192504883
    },
    "melbands_skewness": {
        "dmean": 0.953330218792,
        "dmean2": 1.39669275284,
        "dvar": 1.50873589516,
        "dvar2": 3.31909775734,
        "max": 17.461151123,
        "mean": 2.76158595085,
        "median": 2.37880849838,
        "min": -2.49389481544,
        "var": 4.30242109299
    },
    "melbands_spread": {
        "dmean": 8.53776931763,
        "dmean2": 12.8535251617,
        "dvar": 123.025665283,
        "dvar2": 277.759521484,
        "max": 208.798919678,
        "mean": 24.5834560394,
        "median": 20.1219387054,
        "min": 0.62042927742,
        "var": 312.623931885
    },
    "pitch_salience": {
        "dmean": 0.085563570261,
        "dmean2": 0.126792564988,
        "dvar": 0.00696389842778,
        "dvar2": 0.015556672588,
        "max": 0.86090940237,
        "mean": 0.490298897028,
        "median": 0.487762957811,
        "min": 0.0555258430541,
        "var": 0.0206509418786
    },
    "silence_rate_20dB": {
        "dmean": 0,
        "dmean2": 0,
        "dvar": 0,
        "dvar2": 0,
        "max": 1,
        "mean": 1,
        "median": 1,
        "min": 1,
        "var": 0
    },
    "silence_rate_30dB": {
        "dmean": 0.00891809444875,
        "dmean2": 0.0178382825106,
        "dvar": 0.00883830338717,
        "dvar2": 0.0264406874776,
        "max": 1,
        "mean": 0.995541453362,
        "median": 1,
        "min": 0,
        "var": 0.00443818932399
    },
    "silence_rate_60dB": {
        "dmean": 0.000938746787142,
        "dmean2": 0.00176035671029,
        "dvar": 0.000937931763474,
        "dvar2": 0.00222650519572,
        "max": 1,
        "mean": 0.000938636658248,
        "median": 0,
        "min": 0,
        "var": 0.000937822158448
    },
    "spectral_centroid": {
        "dmean": 317.385345459,
        "dmean2": 471.055755615,
        "dvar": 128309.789062,
        "dvar2": 240151.921875,
        "max": 4136.09375,
        "mean": 1663.93054199,
        "median": 1635.3269043,
        "min": 202.477340698,
        "var": 516066.375
    },
    "spectral_complexity": {
        "dmean": 5.49495410919,
        "dmean2": 8.73676776886,
        "dvar": 38.793132782,
        "dvar2": 98.487739563,
        "max": 57,
        "mean": 23.526927948,
        "median": 21,
        "min": 0,
        "var": 105.605308533
    },
    "spectral_decrease": {
        "dmean": 2.38554132004e-09,
        "dmean2": 3.47852302518e-09,
        "dvar": 9.20824158057e-18,
        "dvar2": 1.74615395399e-17,
        "max": -1.92833717518e-17,
        "mean": -1.00604529152e-08,
        "median": -9.92708226732e-09,
        "min": -3.18443795777e-08,
        "var": 3.55733356855e-17
    },
    "spectral_energy": {
        "dmean": 0.00915515702218,
        "dmean2": 0.0134710455313,
        "dvar": 0.000130499131046,
        "dvar2": 0.000249735603575,
        "max": 0.123171381652,
        "mean": 0.0407421253622,
        "median": 0.0413007251918,
        "min": 7.63384425118e-11,
        "var": 0.000538932043128
    },
    "spectral_energyband_high": {
        "dmean": 0.000903174513951,
        "dmean2": 0.00143554271199,
        "dvar": 2.10869643524e-06,
        "dvar2": 5.28305736225e-06,
        "max": 0.0182403884828,
        "mean": 0.00175592815503,
        "median": 0.00109045347199,
        "min": 2.80671796568e-12,
        "var": 4.1400921873e-06
    },
    "spectral_energyband_low": {
        "dmean": 0.00700685102493,
        "dmean2": 0.0103247063234,
        "dvar": 0.000118271236715,
        "dvar2": 0.000250418437645,
        "max": 0.113164238632,
        "mean": 0.0201299022883,
        "median": 0.0171353183687,
        "min": 4.52906080695e-11,
        "var": 0.000384937447961
    },
    "spectral_energyband_middle_high": {
        "dmean": 0.00287113245577,
        "dmean2": 0.00449802121148,
        "dvar": 1.1993647604e-05,
        "dvar2": 2.77206891042e-05,
        "max": 0.0756749585271,
        "mean": 0.00830256845802,
        "median": 0.00621687248349,
        "min": 2.02427853126e-12,
        "var": 5.0560112868e-05
    },
    "spectral_energyband_middle_low": {
        "dmean": 0.00658634817228,
        "dmean2": 0.00979877170175,
        "dvar": 0.000158275986905,
        "dvar2": 0.000293020333629,
        "max": 0.117186903954,
        "mean": 0.0119050275534,
        "median": 0.00659281900153,
        "min": 8.09908563826e-12,
        "var": 0.000249314878602
    },
    "spectral_entropy": {
        "dmean": 0.174207955599,
        "dmean2": 0.261152982712,
        "dvar": 0.0400590747595,
        "dvar2": 0.0961614474654,
        "max": 8.71444225311,
        "mean": 7.77079200745,
        "median": 7.89203739166,
        "min": 5.55980014801,
        "var": 0.279518604279
    },
    "spectral_flux": {
        "dmean": 0.0306669641286,
        "dmean2": 0.0426988750696,
        "dvar": 0.00104051560629,
        "dvar2": 0.00174521969166,
        "max": 0.328580617905,
        "mean": 0.0996327325702,
        "median": 0.086320631206,
        "min": 0.000229614670388,
        "var": 0.00339387007989
    },
    "spectral_kurtosis": {
        "dmean": 1.27585196495,
        "dmean2": 2.10953474045,
        "dvar": 3.01575899124,
        "dvar2": 8.31023025513,
        "max": 45.698348999,
        "mean": 4.17376756668,
        "median": 2.8152718544,
        "min": -1.26516342163,
        "var": 12.4701309204
    },
    "spectral_rms": {
        "dmean": 0.000700947246514,
        "dmean2": 0.00103695341386,
        "dvar": 6.1696641751e-07,
        "dvar2": 1.22462950003e-06,
        "max": 0.0109620802104,
        "mean": 0.00600283406675,
        "median": 0.00634770747274,
        "min": 2.72903889709e-07,
        "var": 3.71441251446e-06
    },
    "spectral_rolloff": {
        "dmean": 640.985107422,
        "dmean2": 1058.64672852,
        "dvar": 1144224.625,
        "dvar2": 2652107.5,
        "max": 12704.5898438,
        "mean": 1449.50561523,
        "median": 1119.7265625,
        "min": 43.06640625,
        "var": 1772472.875
    },
    "spectral_skewness": {
        "dmean": 0.188637077808,
        "dmean2": 0.298749476671,
        "dvar": 0.0417135693133,
        "dvar2": 0.104960300028,
        "max": 5.2524356842,
        "mean": 1.51303684711,
        "median": 1.37086117268,
        "min": -0.118566520512,
        "var": 0.248796999454
    },
    "spectral_spread": {
        "dmean": 573524.125,
        "dmean2": 831345.9375,
        "dvar": 525733724160,
        "dvar2": 1.01385437184e+12,
        "max": 15711250,
        "mean": 5101921.5,
        "median": 5266127,
        "min": 1385698.125,
        "var": 3.06017468416e+12
    },
    "spectral_strongpeak": {
        "dmean": 0.555116772652,
        "dmean2": 0.937754750252,
        "dvar": 1.48212790489,
        "dvar2": 3.34267902374,
        "max": 19.1851406097,
        "mean": 1.11934125423,
        "median": 0.374051421881,
        "min": 0,
        "var": 2.84269666672
    },
    "zerocrossingrate": {
        "dmean": 0.0124939726666,
        "dmean2": 0.0148120960221,
        "dvar": 0.000214041865547,
        "dvar2": 0.000267524155788,
        "max": 0.45654296875,
        "mean": 0.0614864863455,
        "median": 0.0537109375,
        "min": 0.00390625,
        "var": 0.00101020315196
    },
    "barkbands": {
        "dmean": [0.00191053107847, 0.00447279820219, 0.00172625249252, 0.00291944062337, 0.00319627579302, 0.00136155087966, 0.000935826683417, 0.000494196661748, 0.000761067261919, 0.00128476216923, 0.000709006737452, 0.000780023576226, 0.000458502850961, 0.000528049247805, 0.000381190300686, 0.000290019903332, 0.000247874500928, 0.000289247633191, 0.000216668544454, 0.000226085001486, 0.000153145418153, 0.000150326624862, 0.000167000529473, 0.000199821370188, 0.000158449693117, 8.01466958364e-05, 4.74754733659e-06],
        "dmean2": [0.00286831101403, 0.006216251757, 0.00285722617991, 0.0046826377511, 0.00572072248906, 0.00239937100559, 0.00158723769709, 0.000790213933215, 0.00117572862655, 0.00191819644533, 0.0010660358239, 0.00126301089767, 0.00075750722317, 0.000869533920195, 0.000591320858803, 0.000478516798466, 0.000412629044149, 0.000478566216771, 0.000359118188499, 0.000373035552911, 0.000249347125646, 0.000248598254984, 0.000272242294159, 0.000320012302836, 0.000253297155723, 0.000131156702992, 8.09665743873e-06],
        "dvar": [9.29899579205e-06, 5.53331374249e-05, 2.85531150439e-05, 7.90265839896e-05, 0.000115321963676, 8.34191450849e-06, 3.67832672055e-06, 1.30776379592e-06, 2.24334689847e-06, 6.51876689517e-06, 3.08657331516e-06, 3.23360541188e-06, 7.07289302682e-07, 1.04364153231e-06, 2.28975659411e-06, 5.54324628865e-07, 2.61553424252e-07, 3.25954573555e-07, 1.09341073085e-07, 1.38446409892e-07, 4.99083405714e-08, 6.37227586253e-08, 8.79052279856e-08, 1.9732102885e-07, 8.58730828668e-08, 3.37572316766e-08, 1.64724886509e-10],
        "dvar2": [1.95562970475e-05, 0.000126578073832, 7.49661994632e-05, 0.000183162366739, 0.000314747332595, 2.34147591982e-05, 9.44021849136e-06, 2.98741701954e-06, 4.90542242915e-06, 1.26231416289e-05, 5.7726929299e-06, 7.16341173757e-06, 1.71838189544e-06, 2.55912527791e-06, 4.65095718027e-06, 1.24970438264e-06, 6.44231590741e-07, 7.68461859479e-07, 2.86056661025e-07, 3.59852236897e-07, 1.26388826516e-07, 1.66656491274e-07, 2.24452904263e-07, 4.79505160911e-07, 2.17524529944e-07, 8.39440374989e-08, 4.34568492302e-10],
        "max": [0.0345648042858, 0.0843952968717, 0.057027362287, 0.0733200386167, 0.086699411273, 0.025340501219, 0.0329994745553, 0.0275556966662, 0.0278729703277, 0.0453726574779, 0.0457152239978, 0.0535415932536, 0.0226714964956, 0.022820847109, 0.0612228959799, 0.0337284207344, 0.0115919215605, 0.0190466511995, 0.00475604087114, 0.0094204004854, 0.00328593468294, 0.00537055358291, 0.00530142849311, 0.0114513924345, 0.00434063421562, 0.00441198376939, 0.000180739472853],
        "mean": [0.00552644766867, 0.0122881559655, 0.00156776129734, 0.00260966201313, 0.00251255463809, 0.00190040352754, 0.00144543114584, 0.00079876818927, 0.00118812115397, 0.00254661589861, 0.00143209542148, 0.00119085027836, 0.000660148914903, 0.000825719267596, 0.000617297599092, 0.000441202893853, 0.000412098685047, 0.000481386727188, 0.000381974561606, 0.000416600727476, 0.000292837881716, 0.000273245357675, 0.000277069368167, 0.00031339385896, 0.000233235696214, 0.000104819628177, 4.26674705523e-06],
        "median": [0.00175191171002, 0.00972428917885, 0.000333333940944, 0.000225458308705, 0.000468297308544, 0.000920121383388, 0.000530955963768, 0.000265285256319, 0.000462531053927, 0.000749789876863, 0.000393083988456, 0.000460553128505, 0.000287157134153, 0.000355346128345, 0.000208456927794, 0.000225608455366, 0.000222437258344, 0.000256055238424, 0.000257926760241, 0.000258081941865, 0.000179162598215, 0.000158696813742, 0.000141247321153, 0.000145401092595, 0.000104448794445, 4.08645501011e-05, 7.32143519144e-07],
        "min": [5.14705986165e-12, 2.22391133287e-11, 4.67323488934e-12, 2.3144125505e-12, 2.72403388908e-12, 1.35711906123e-12, 7.94995417153e-13, 4.31549083578e-13, 4.00180865008e-13, 2.24217928837e-13, 2.21402703029e-13, 2.09596161499e-13, 2.56774582066e-13, 1.28346389506e-13, 2.34602864479e-13, 1.35101131671e-13, 2.02800572017e-13, 2.68880702209e-13, 1.2412887016e-13, 1.46163300647e-13, 2.92317819256e-13, 2.37998314633e-13, 2.00720611464e-13, 3.13790497492e-13, 4.82320943167e-13, 7.53722605162e-13, 4.57155580752e-13],
        "var": [4.70395389129e-05, 0.000164848970599, 2.1437273972e-05, 7.49816390453e-05, 7.60029506637e-05, 7.69171128923e-06, 7.46689602238e-06, 3.2254999951e-06, 4.54028622698e-06, 2.59544249275e-05, 1.38963896461e-05, 7.43660075386e-06, 1.23418988096e-06, 1.99908186005e-06, 6.57477130517e-06, 8.56335248045e-07, 5.94358823491e-07, 8.34653292259e-07, 1.8244006128e-07, 2.78974653156e-07, 1.10196204162e-07, 1.19718194469e-07, 1.47408968587e-07, 3.05342069851e-07, 1.16323789712e-07, 3.65337058383e-08, 1.33283301063e-10]
    },
    "erbbands": {
        "dmean": [0.241611585021, 0.608447253704, 1.63870227337, 6.21513366699, 10.7441987991, 9.75403594971, 9.53829193115, 11.6648807526, 14.815829277, 11.0388393402, 10.4004058838, 15.9637260437, 39.2983093262, 24.2926979065, 26.9219112396, 28.2473316193, 20.9391593933, 23.8710308075, 21.2262554169, 16.4274845123, 14.8549661636, 13.6468839645, 14.6709775925, 13.7079238892, 9.08350467682, 10.6064243317, 7.93243217468, 5.29992437363, 5.37366819382, 5.81718826294, 4.36511993408, 3.81052398682, 3.6647002697, 2.21006059647, 0.925271987915, 0.457284003496, 0.115586087108, 0.0159412492067, 0.000715366040822, 2.53568123298e-05],
        "dmean2": [0.330929249525, 0.897272109985, 2.59600281715, 9.82483100891, 17.4720993042, 17.8209686279, 17.3874759674, 20.4649581909, 25.2627086639, 18.1541023254, 16.8356189728, 24.8717765808, 57.4158058167, 37.36561203, 41.4286804199, 46.4974822998, 34.8516693115, 39.0527648926, 34.1578788757, 25.7430553436, 24.3721981049, 22.5139312744, 24.1777267456, 22.601978302, 15.2638225555, 17.532081604, 13.0812711716, 8.50972938538, 8.87909793854, 9.67739677429, 7.03953409195, 6.11635112762, 5.96779108047, 3.59594106674, 1.47545492649, 0.751519024372, 0.190026253462, 0.0259022526443, 0.00120700628031, 4.04400707339e-05],
        "dvar": [0.123482942581, 2.32696580887, 26.5762557983, 264.915252686, 1420.04516602, 1061.15490723, 598.876342773, 606.773742676, 915.342102051, 479.675079346, 506.214019775, 1152.73535156, 9108.17773438, 2237.04833984, 3789.37451172, 4230.67773438, 1226.86816406, 1947.50317383, 2327.87744141, 2297.3425293, 2039.01379395, 740.633300781, 895.37701416, 575.565368652, 187.891159058, 333.085662842, 140.430023193, 66.1847991943, 80.8547363281, 121.321533203, 55.2518920898, 81.0462036133, 65.8675689697, 18.4333572388, 2.75843167305, 1.20400249958, 0.0581529140472, 0.00109969836194, 3.49144920619e-06, 1.89948368146e-09],
        "dvar2": [0.262966692448, 5.16662406921, 64.5850601196, 607.557678223, 3495.6628418, 3001.79711914, 1702.45397949, 1692.13037109, 2396.96020508, 1144.21618652, 1231.20117188, 2568.28100586, 16581.0820312, 4817.10253906, 7570.82861328, 10588.4072266, 3074.09594727, 4850.61181641, 5086.87597656, 4794.49902344, 4626.35253906, 1815.8392334, 2107.50244141, 1459.40258789, 503.799316406, 869.31439209, 360.550384521, 167.849334717, 212.001174927, 321.25100708, 136.660125732, 204.735366821, 158.739440918, 47.4804382324, 6.82326745987, 2.99489450455, 0.144865334034, 0.00274119409733, 9.11184997676e-06, 4.77654626962e-09],
        "max": [3.72763562202, 20.3480186462, 60.8384399414, 142.133834839, 362.665893555, 272.964263916, 239.341674805, 294.178161621, 570.730895996, 519.004882812, 538.127197266, 853.69744873, 1984.64282227, 1300.40441895, 2188.85864258, 2507.79003906, 741.078857422, 856.283447266, 1575.2578125, 1788.55419922, 2201.4453125, 714.860473633, 1095.25158691, 830.141723633, 177.210647583, 525.550720215, 192.183853149, 116.587585449, 158.087921143, 232.58303833, 160.091598511, 301.891235352, 266.34854126, 75.0226669312, 18.060459137, 29.0703620911, 4.45238208771, 0.40220272541, 0.0302877295762, 0.000566543953028],
        "mean": [0.749768853188, 1.22333741188, 1.70764684677, 5.90266036987, 9.32890224457, 7.51335525513, 9.51391029358, 17.0775680542, 23.2931346893, 17.6112804413, 18.3541183472, 26.9365711212, 85.7769546509, 56.6598510742, 51.2722930908, 45.6945457458, 32.4881057739, 39.6137962341, 34.5808982849, 29.3386039734, 23.7752761841, 24.4000530243, 25.4723892212, 24.9707317352, 16.6975231171, 19.4125461578, 14.8947629929, 10.4776477814, 9.69466876984, 9.12433433533, 7.67978429794, 6.38706636429, 5.31840515137, 3.09433221817, 1.42053842545, 0.600111603737, 0.15483212471, 0.0205425340682, 0.000763451389503, 7.27760125301e-05],
        "median": [0.592009246349, 0.639965057373, 0.509492695332, 0.785666465759, 1.14070737362, 1.55138707161, 3.1662812233, 7.384329319, 8.54387378693, 7.29236698151, 6.72488021851, 11.1632966995, 23.6370735168, 20.0768909454, 19.8517379761, 19.910194397, 16.5648479462, 21.2636528015, 15.8610134125, 14.0322008133, 13.2433309555, 13.1297712326, 13.9191713333, 15.167090416, 11.7293014526, 11.9201402664, 9.58769798279, 6.07648038864, 5.83781528473, 4.38829851151, 4.1216635704, 3.11534667015, 2.29124546051, 1.31025242805, 0.648938596249, 0.23146443069, 0.0641339942813, 0.00837994553149, 0.000239745815634, 6.56087140669e-05],
        "min": [1.17724052728e-09, 3.2538900463e-09, 5.4940767491e-09, 7.31249150121e-09, 7.79858577715e-09, 9.46017397752e-09, 1.02646398048e-08, 1.09576392404e-08, 1.22859278306e-08, 1.01963806287e-08, 9.406353918e-09, 8.37310221158e-09, 7.88338549995e-09, 8.86336160022e-09, 7.99502242188e-09, 8.49583603468e-09, 9.08542574507e-09, 1.02758557219e-08, 1.1358731733e-08, 8.02471777916e-09, 7.88700837973e-09, 1.11455094043e-08, 1.5361241168e-08, 7.42050731972e-09, 6.25441920477e-09, 7.90411114338e-09, 1.04168424997e-08, 1.12727729373e-08, 8.52677040086e-09, 4.61228655269e-09, 5.99918603683e-09, 6.33729824173e-09, 5.73423708516e-09, 4.01701960584e-09, 4.32732116806e-09, 2.28744023723e-09, 1.82019965767e-09, 3.96979865647e-10, 7.01688845917e-11, 4.65888612411e-12],
        "var": [0.560641109943, 3.92064070702, 23.7760162354, 270.604248047, 1194.50634766, 648.025878906, 402.49029541, 633.470458984, 1791.70141602, 1048.90026855, 1225.45922852, 2205.70483398, 39553.6992188, 15110.1181641, 16446.3476562, 8395.06347656, 2120.54638672, 3616.46459961, 5571.80078125, 6681.06835938, 2914.67138672, 2180.45092773, 2474.66162109, 1186.12023926, 294.59564209, 645.27746582, 285.436645508, 149.515289307, 143.723617554, 176.653198242, 105.972732544, 109.881256104, 103.383041382, 23.0816841125, 4.01460123062, 1.3242303133, 0.0647958889604, 0.00117545085959, 2.98796362586e-06, 3.1753482066e-09]
    },
    "gfcc": {
        "mean": [25.7617206573, 63.189655304, -128.671295166, 19.7455787659, -62.4552841187, 19.7717094421, -35.3084564209, 16.2128505707, -27.3160247803, 8.59004878998, -9.59204006195, 4.49938964844, -5.63645982742],
        "cov": [[4220.39941406, -1123.7076416, 1809.50244141, 1714.32946777, 803.314086914, 1240.00219727, 373.749511719, 478.296813965, 336.984771729, 351.25491333, -231.446395874, 326.283660889, -249.167541504], [-1123.7076416, 1014.42327881, -320.886474609, -345.406188965, -94.7218780518, -395.314910889, -56.6981964111, -183.065505981, -105.179237366, -173.913162231, 49.5155906677, -165.256439209, 79.4996185303], [1809.50244141, -320.886474609, 1626.03063965, 1088.50280762, 567.274414062, 761.183288574, 205.513076782, 250.452529907, 159.089447021, 168.371566772, -140.33694458, 155.097412109, -185.672927856], [1714.32946777, -345.406188965, 1088.50280762, 1230.43603516, 598.176879883, 677.422668457, 248.386505127, 240.11177063, 223.219207764, 156.012557983, -122.588775635, 145.259979248, -119.066230774], [803.314086914, -94.7218780518, 567.274414062, 598.176879883, 494.208282471, 444.728668213, 220.174057007, 203.124023438, 126.610992432, 106.582832336, -18.902349472, 60.2982940674, -38.8141479492], [1240.00219727, -395.314910889, 761.183288574, 677.422668457, 444.728668213, 678.432434082, 289.653717041, 254.88180542, 158.249954224, 167.814956665, -36.7522010803, 112.749809265, -81.056312561], [373.749511719, -56.6981964111, 205.513076782, 248.386505127, 220.174057007, 289.653717041, 258.935638428, 161.189102173, 84.1520080566, 72.7284011841, 22.4563236237, 31.8959312439, -4.27943468094], [478.296813965, -183.065505981, 250.452529907, 240.11177063, 203.124023438, 254.88180542, 161.189102173, 234.340057373, 116.090248108, 94.6281661987, 16.4582252502, 62.4082870483, -3.09488558769], [336.984771729, -105.179237366, 159.089447021, 223.219207764, 126.610992432, 158.249954224, 84.1520080566, 116.090248108, 149.467407227, 85.1217956543, 5.29375314713, 60.6459121704, -3.27314853668], [351.25491333, -173.913162231, 168.371566772, 156.012557983, 106.582832336, 167.814956665, 72.7284011841, 94.6281661987, 85.1217956543, 145.797454834, 48.6805877686, 63.9261894226, -12.4261875153], [-231.446395874, 49.5155906677, -140.33694458, -122.588775635, -18.902349472, -36.7522010803, 22.4563236237, 16.4582252502, 5.29375314713, 48.6805877686, 124.850563049, 18.1521339417, 36.3121337891], [326.283660889, -165.256439209, 155.097412109, 145.259979248, 60.2982940674, 112.749809265, 31.8959312439, 62.4082870483, 60.6459121704, 63.9261894226, 18.1521339417, 118.13319397, 5.42352199554], [-249.167541504, 79.4996185303, -185.672927856, -119.066230774, -38.8141479492, -81.056312561, -4.27943468094, -3.09488558769, -3.27314853668, -12.4261875153, 36.3121337891, 5.42352199554, 95.5595245361]],
        "icov": [[0.000913934374694, 0.000157148053404, -1.05919989437e-05, -0.000736928137485, 0.000352889270289, -0.000676313648, 0.000293278571917, -0.000597255828325, 0.000599168881308, -0.000782101880759, 0.00103551172651, -0.000746590376366, 0.000444686593255], [0.000157148053404, 0.00313656567596, -0.00151251221541, 0.000628631911241, -0.00195221765898, 0.00318316207267, -0.00266310246661, 0.00268646259792, -0.00221566692926, 0.00248718564399, -0.0020590540953, 0.00260598398745, -0.00159832148347], [-1.05919989437e-05, -0.00151251221541, 0.0030125293415, -0.00145540153608, 0.000649005756713, -0.00299956277013, 0.00257577211596, -0.00207678321749, 0.0024135580752, -0.0014794858871, 0.00164064462297, -0.00212075375021, 0.00242524966598], [-0.000736928137485, 0.000628631911241, -0.00145540153608, 0.00484597263858, -0.00365333072841, 0.000984975835308, -0.00129190238658, 0.00289389304817, -0.00373262842186, 0.00138291041367, 0.000784138974268, -0.000337722100085, -7.36875954317e-05], [0.000352889270289, -0.00195221765898, 0.000649005756713, -0.00365333072841, 0.00951150711626, -0.00448404392228, 0.00110082945321, -0.00412537530065, 0.00224254373461, -0.0012884514872, -0.000472782499855, 0.000893737829756, -0.000732966058422], [-0.000676313648, 0.00318316207267, -0.00299956277013, 0.000984975835308, -0.00448404392228, 0.0126734972, -0.00830212049186, 0.00260003400035, -0.00178193219472, -0.000404179707402, -0.000582101929467, 0.00134727230761, -0.000340304308338], [0.000293278571917, -0.00266310246661, 0.00257577211596, -0.00129190238658, 0.00110082945321, -0.00830212049186, 0.0138989631087, -0.00628773355857, 0.0017862196546, -0.000258890824625, -0.000846992363222, -6.98249423294e-05, 0.000552462355699], [-0.000597255828325, 0.00268646259792, -0.00207678321749, 0.00289389304817, -0.00412537530065, 0.00260003400035, -0.00628773355857, 0.0146503206342, -0.00763579085469, 0.00185886886902, -0.00213571521454, 0.00152868963778, -0.00279407552443], [0.000599168881308, -0.00221566692926, 0.0024135580752, -0.00373262842186, 0.00224254373461, -0.00178193219472, 0.0017862196546, -0.00763579085469, 0.0183000937104, -0.00843543466181, 0.00452615180984, -0.00478598987684, 0.000758056528866], [-0.000782101880759, 0.00248718564399, -0.0014794858871, 0.00138291041367, -0.0012884514872, -0.000404179707402, -0.000258890824625, 0.00185886886902, -0.00843543466181, 0.0205815322697, -0.0112024946138, 0.00090350775281, 0.000515408581123], [0.00103551172651, -0.0020590540953, 0.00164064462297, 0.000784138974268, -0.000472782499855, -0.000582101929467, -0.000846992363222, -0.00213571521454, 0.00452615180984, -0.0112024946138, 0.018652876839, -0.00581991905347, -0.000274397374596], [-0.000746590376366, 0.00260598398745, -0.00212075375021, -0.000337722100085, 0.000893737829756, 0.00134727230761, -6.98249423294e-05, 0.00152868963778, -0.00478598987684, 0.00090350775281, -0.00581991905347, 0.0179773531854, -0.005959183909], [0.000444686593255, -0.00159832148347, 0.00242524966598, -7.36875954317e-05, -0.000732966058422, -0.000340304308338, 0.000552462355699, -0.00279407552443, 0.000758056528866, 0.000515408581123, -0.000274397374596, -0.005959183909, 0.0174577049911]]
    },
    "melbands": {
        "dmean": [0.00168106390629, 0.000713894725777, 0.0011353372829, 0.000750250415877, 0.000340289407177, 0.000264595990302, 0.0002137341653, 0.000118813055451, 9.06232598936e-05, 0.000109626707854, 0.000199676025659, 0.00010285287135, 8.93783726497e-05, 8.37702391436e-05, 5.97243852098e-05, 5.21873480466e-05, 4.86808894493e-05, 3.77923897759e-05, 3.20450235449e-05, 2.07333396247e-05, 1.78532391146e-05, 1.59407700266e-05, 1.23461422845e-05, 1.48108183566e-05, 1.17279378173e-05, 7.42646034269e-06, 6.74101829645e-06, 8.29964210425e-06, 5.83414748689e-06, 3.90578907172e-06, 3.05728485728e-06, 3.19699415741e-06, 3.13224563797e-06, 3.53254699803e-06, 2.56656744568e-06, 2.58934846897e-06, 2.30519867728e-06, 2.62613048108e-06, 2.52084873864e-06, 1.70451107806e-06],
        "dmean2": [0.00227568554692, 0.00104361202102, 0.00173918716609, 0.00128534284886, 0.000624792999588, 0.000464072916657, 0.000364791165339, 0.000192486564629, 0.000145593570778, 0.000168531681993, 0.000292690441711, 0.000158598733833, 0.000135229623993, 0.000132255925564, 0.000100843659311, 8.58801649883e-05, 7.99146801e-05, 6.15315002506e-05, 4.88372461405e-05, 3.42727471434e-05, 2.94030105579e-05, 2.63841502601e-05, 2.07825796679e-05, 2.41775069298e-05, 1.94775020645e-05, 1.24727130242e-05, 1.13393134598e-05, 1.38418117785e-05, 9.72310044745e-06, 6.50782840239e-06, 4.90987167723e-06, 5.33389857083e-06, 5.20760431755e-06, 5.93583581576e-06, 4.19263596996e-06, 4.27404984293e-06, 3.68634118786e-06, 4.26046153734e-06, 4.20482774643e-06, 2.78210450233e-06],
        "dvar": [6.05681043453e-06, 4.32204205936e-06, 9.44073326536e-06, 6.79451341057e-06, 7.67783603806e-07, 2.97681310713e-07, 1.89229396597e-07, 5.62700392948e-08, 3.44206121383e-08, 5.24129966095e-08, 2.2043907677e-07, 4.15528695896e-08, 4.60924809431e-08, 3.88655259087e-08, 1.32466659863e-08, 1.14777343185e-08, 9.16939058015e-09, 5.48081802165e-09, 2.25374243712e-08, 1.47948497897e-09, 4.1343843904e-09, 1.1264522648e-09, 6.31109442484e-10, 1.29654231795e-09, 4.42782199794e-10, 1.28062449534e-10, 1.15344851725e-10, 2.36065778036e-10, 8.29473226216e-11, 3.30648321223e-11, 2.28117594259e-11, 2.85235394332e-11, 3.04921782268e-11, 4.99661388653e-11, 1.76210643299e-11, 2.80938362851e-11, 3.4051865494e-11, 3.63314066332e-11, 3.05742271778e-11, 1.0102019915e-11],
        "dvar2": [1.32164950628e-05, 9.00352097233e-06, 2.01184266189e-05, 1.78258214873e-05, 2.18822106035e-06, 8.32374098536e-07, 4.95623282859e-07, 1.30231711637e-07, 8.25221349032e-08, 1.1462205407e-07, 4.02936478849e-07, 8.98726497667e-08, 8.59854694113e-08, 8.14330292087e-08, 3.42183419377e-08, 2.79730283381e-08, 2.26146106286e-08, 1.28754811257e-08, 4.5191043796e-08, 3.52970519479e-09, 9.2487022485e-09, 2.68084843214e-09, 1.83382797836e-09, 2.85680723522e-09, 1.1263163735e-09, 3.3961999879e-10, 3.01445396422e-10, 6.06810379722e-10, 2.12581674486e-10, 8.69848498786e-11, 5.74964728606e-11, 7.61253005077e-11, 8.06473013371e-11, 1.34920366546e-10, 4.35685827693e-11, 7.35650915185e-11, 8.61095361682e-11, 8.59123813757e-11, 7.90756418678e-11, 2.62122788752e-11],
        "max": [0.0252497605979, 0.0262508057058, 0.0255778618157, 0.0224160477519, 0.00727178761736, 0.00602538557723, 0.00784613192081, 0.00646596774459, 0.00369730917737, 0.00539258681238, 0.00959504954517, 0.00567184761167, 0.00677510397509, 0.00706261629239, 0.00345425191335, 0.00292034749873, 0.00185228267219, 0.00146297563333, 0.00625980598852, 0.000795705651399, 0.00339420628734, 0.000910081143957, 0.000909274560399, 0.00143599777948, 0.00074808311183, 0.000181760944542, 0.000212771032238, 0.000406901846873, 0.000192722276552, 7.66403609305e-05, 8.07530523161e-05, 9.75103976089e-05, 0.000151148065925, 0.000141095399158, 8.85179979377e-05, 0.000137592374813, 0.000185087730642, 0.000204420823138, 0.000120385477203, 4.17248920712e-05],
        "mean": [0.00508861476555, 0.00106119958218, 0.00113974069245, 0.000617898826022, 0.000322147534462, 0.000394395727199, 0.000338254205417, 0.000187404511962, 0.000154748922796, 0.000181074297871, 0.000427427265095, 0.000221939728362, 0.000171211417182, 0.000140794421895, 8.50103388075e-05, 7.2860821092e-05, 7.6496078691e-05, 5.62022505619e-05, 5.29626922798e-05, 3.288150765e-05, 2.55839076999e-05, 2.64717891696e-05, 2.02570354304e-05, 2.39906294155e-05, 2.01292477868e-05, 1.22000219562e-05, 1.15662451208e-05, 1.38454643093e-05, 1.0246833881e-05, 6.87438705427e-06, 5.77797300139e-06, 5.49055948795e-06, 5.1893912314e-06, 5.00542728332e-06, 4.37029348177e-06, 4.2173996917e-06, 3.76062530449e-06, 3.77333572033e-06, 3.36576135851e-06, 2.35721927311e-06],
        "median": [0.00401849858463, 0.000441860873252, 0.000154720735736, 9.98574541882e-05, 0.000107570624095, 0.000182749470696, 0.000124634971144, 6.8031513365e-05, 5.21740148542e-05, 6.6513690399e-05, 0.00010965886031, 7.43220807635e-05, 5.59745785722e-05, 5.29624485353e-05, 4.03411104344e-05, 2.65964135906e-05, 3.46720844391e-05, 2.49552304012e-05, 1.61376465257e-05, 1.71267693077e-05, 1.31786837301e-05, 1.28426099764e-05, 1.1756238564e-05, 1.15257289508e-05, 1.17267627502e-05, 8.05984382168e-06, 7.42245583751e-06, 7.76491015131e-06, 6.36546428723e-06, 4.04783486374e-06, 3.12299380312e-06, 3.21869015352e-06, 2.79226514976e-06, 2.19836192628e-06, 2.41167731474e-06, 1.98427414944e-06, 1.76181424649e-06, 1.61089064932e-06, 1.34462754886e-06, 1.01552063825e-06],
        "min": [1.00988904739e-11, 3.35883903156e-12, 1.28500617265e-12, 6.25525401875e-13, 3.73161327142e-13, 2.52596121103e-13, 1.80188654796e-13, 1.06342215036e-13, 7.70858122343e-14, 5.17107786712e-14, 3.84639660346e-14, 3.49359450603e-14, 2.87046895856e-14, 2.58336714108e-14, 1.92689915808e-14, 2.2994940438e-14, 1.81106706373e-14, 1.63952137728e-14, 1.66066958768e-14, 8.91632450652e-15, 9.17136612694e-15, 1.010855472e-14, 1.84429701329e-14, 1.0514934023e-14, 5.29239992082e-15, 4.45109206925e-15, 4.45536407992e-15, 5.4256479443e-15, 5.31793838769e-15, 8.81014553845e-15, 5.56324421141e-15, 4.83204937244e-15, 4.2591904023e-15, 1.99722576259e-15, 2.69734275097e-15, 4.95279264853e-15, 3.28291399158e-15, 3.89930304367e-15, 3.91140756801e-15, 3.08716383044e-15],
        "var": [2.53787729889e-05, 5.60066973776e-06, 1.06698262243e-05, 4.98934059578e-06, 4.91529590363e-07, 3.19215587297e-07, 3.63667396641e-07, 1.37469854167e-07, 9.01130619013e-08, 1.09545069904e-07, 9.68644712884e-07, 2.32031240444e-07, 1.79589051186e-07, 1.1742011452e-07, 1.97181631023e-08, 1.97601863761e-08, 1.72595413517e-08, 1.05733812816e-08, 6.74745521678e-08, 3.03966452009e-09, 5.55327028806e-09, 3.2266274097e-09, 1.11682585402e-09, 3.53207485482e-09, 8.57153126255e-10, 1.88270218859e-10, 1.89881110835e-10, 4.37250069485e-10, 1.6273579706e-10, 6.1746982527e-11, 5.08574016234e-11, 4.77924574915e-11, 4.89012476346e-11, 6.22177448451e-11, 3.35205509183e-11, 4.04414210453e-11, 4.34514230152e-11, 5.79491142572e-11, 3.79709597098e-11, 1.24739628349e-11]
    },
    "mfcc": {
        "mean": [-615.153503418, 98.6804275513, -9.69729804993, 6.15443706512, -2.0818862915, -0.394989073277, 7.42252588272, 1.41670572758, -1.10964822769, 3.08287978172, -2.6268351078, 2.19959950447, 0.123272038996],
        "cov": [[3509.66918945, -1366.65490723, 1236.61035156, 830.890014648, 802.385131836, 997.382202148, 277.9324646, 665.940856934, 455.949920654, 305.394561768, 497.535797119, 139.27696228, 145.845291138], [-1366.65490723, 1102.57507324, -447.707550049, -245.141708374, -303.632873535, -422.395324707, -98.3406219482, -289.644592285, -193.409011841, -138.366470337, -233.596282959, -89.5104446411, -88.7216873169], [1236.61035156, -447.707550049, 1162.83251953, 538.578186035, 566.744750977, 603.38848877, 205.142822266, 366.876464844, 222.06010437, 144.083145142, 251.357666016, 76.0531616211, 70.1534423828], [830.890014648, -245.141708374, 538.578186035, 584.941833496, 414.011566162, 408.142181396, 135.788726807, 263.755767822, 177.737304688, 108.644844055, 162.931060791, 56.2937698364, 39.6357040405], [802.385131836, -303.632873535, 566.744750977, 414.011566162, 501.437469482, 415.590393066, 200.776062012, 276.183563232, 194.624725342, 144.5599823, 181.367019653, 80.9091339111, 51.783821106], [997.382202148, -422.395324707, 603.38848877, 408.142181396, 415.590393066, 575.32434082, 221.343063354, 320.173065186, 209.789962769, 157.141647339, 232.97543335, 61.3524971008, 70.0387878418], [277.9324646, -98.3406219482, 205.142822266, 135.788726807, 200.776062012, 221.343063354, 284.650695801, 170.209793091, 120.305473328, 122.181724548, 109.984565735, 55.9747772217, 26.1006183624], [665.940856934, -289.644592285, 366.876464844, 263.755767822, 276.183563232, 320.173065186, 170.209793091, 302.674377441, 190.617111206, 120.719093323, 161.607666016, 58.657081604, 49.7917633057], [455.949920654, -193.409011841, 222.06010437, 177.737304688, 194.624725342, 209.789962769, 120.305473328, 190.617111206, 193.240036011, 111.538711548, 116.877677917, 47.5921783447, 30.2043266296], [305.394561768, -138.366470337, 144.083145142, 108.644844055, 144.5599823, 157.141647339, 122.181724548, 120.719093323, 111.538711548, 142.986236572, 108.317863464, 43.486618042, 22.8695144653], [497.535797119, -233.596282959, 251.357666016, 162.931060791, 181.367019653, 232.97543335, 109.984565735, 161.607666016, 116.877677917, 108.317863464, 187.063796997, 71.1790847778, 53.54920578], [139.27696228, -89.5104446411, 76.0531616211, 56.2937698364, 80.9091339111, 61.3524971008, 55.9747772217, 58.657081604, 47.5921783447, 43.486618042, 71.1790847778, 105.492156982, 58.3660812378], [145.845291138, -88.7216873169, 70.1534423828, 39.6357040405, 51.783821106, 70.0387878418, 26.1006183624, 49.7917633057, 30.2043266296, 22.8695144653, 53.54920578, 58.3660812378, 99.846572876]],
