{
"lowlevel": {
    "average_loudness": 0.888130784035,
    "barkbands_crest": {
        "dmean": 2.56000494957,
        "dmean2": 3.93973565102,
        "dvar": 9.5862865448,
        "dvar2": 22.0001678467,
        "max": 26.893573761,
        "mean": 12.2417964935,
        "median": 12.0885019302,
        "min": 2.05260014534,
        "var": 26.7802639008
    },
    "barkbands_flatness_db": {
        "dmean": 0.0275063421577,
        "dmean2": 0.0402112044394,
        "dvar": 0.00137054908555,
        "dvar2": 0.00294252927415,
        "max": 0.581180870533,
        "mean": 0.15407794714,
        "median": 0.147989690304,
        "min": 0.0170153900981,
        "var": 0.00643274793401
    },
    "barkbands_kurtosis": {
        "dmean": 5.5133728981,
        "dmean2": 8.27500247955,
        "dvar": 1975.69677734,
        "dvar2": 4333.57519531,
        "max": 4072.74047852,
        "mean": 5.64399671555,
        "median": 0.57603096962,
        "min": -1.91900837421,
        "var": 2349.7421875
    },
    "barkbands_skewness": {
        "dmean": 0.721972167492,
        "dmean2": 1.01328492165,
        "dvar": 1.64828491211,
        "dvar2": 3.52160429955,
        "max": 54.2465286255,
        "mean": 1.33191621304,
        "median": 1.05204987526,
        "min": -7.809217453,
        "var": 3.51711750031
    },
    "barkbands_spread": {
        "dmean": 8.72653675079,
        "dmean2": 12.7505970001,
        "dvar": 127.410041809,
        "dvar2": 266.248046875,
        "max": 119.833877563,
        "mean": 38.2681503296,
        "median": 40.0318832397,
        "min": 0.0849941894412,
        "var": 567.520080566
    },
    "dissonance": {
        "dmean": 0.0161817464978,
        "dmean2": 0.0271125026047,
        "dvar": 0.000427356892033,
        "dvar2": 0.00113610632252,
        "max": 0.500000059605,
        "mean": 0.471103310585,
        "median": 0.48129940033,
        "min": 0.221773415804,
        "var": 0.00113607326057
    },
    "dynamic_complexity": 3.59773302078,
    "erbbands_crest": {
        "dmean": 3.24931883812,
        "dmean2": 5.04856348038,
        "dvar": 11.5991382599,
        "dvar2": 27.553812027,
        "max": 33.9019889832,
        "mean": 10.4277992249,
        "median": 8.64540863037,
        "min": 2.33578109741,
        "var": 37.4447479248
    },
    "erbbands_flatness_db": {
        "dmean": 0.0175445247442,
        "dmean2": 0.0257638338953,
        "dvar": 0.000358578021405,
        "dvar2": 0.000752491352614,
        "max": 0.444849967957,
        "mean": 0.163345143199,
        "median": 0.139610335231,
        "min": 0.0432286188006,
        "var": 0.00488810427487
    },
    "erbbands_kurtosis": {
        "dmean": 1.50488328934,
        "dmean2": 2.23050284386,
        "dvar": 9.19591617584,
        "dvar2": 20.2036476135,
        "max": 62.8167572021,
        "mean": 1.51799917221,
        "median": -0.106387615204,
        "min": -1.87391841412,
        "var": 28.5122737885
    },
    "erbbands_skewness": {
        "dmean": 0.489697098732,
        "dmean2": 0.723288595676,
        "dvar": 0.318002313375,
        "dvar2": 0.760091662407,
        "max": 6.49175691605,
        "mean": 0.334073066711,
        "median": 0.191799268126,
        "min": -5.21297264099,
        "var": 1.01336431503
    },
    "erbbands_spread": {
        "dmean": 11.2035503387,
        "dmean2": 15.9340047836,
        "dvar": 250.851806641,
        "dvar2": 496.429534912,
        "max": 201.067260742,
        "mean": 42.403755188,
        "median": 39.8524284363,
        "min": 1.14894175529,
        "var": 686.981933594
    },
    "hfc": {
        "dmean": 12.0530509949,
        "dmean2": 18.7198123932,
        "dvar": 628.299560547,
        "dvar2": 1724.74645996,
        "max": 270.835754395,
        "mean": 38.5872154236,
        "median": 33.8956489563,
        "min": 1.12866332893e-16,
        "var": 1320.47277832
    },
    "melbands_crest": {
        "dmean": 3.4326813221,
        "dmean2": 5.42919778824,
        "dvar": 16.462480545,
        "dvar2": 40.7356872559,
        "max": 39.940120697,
        "mean": 21.4876003265,
        "median": 20.6097335815,
        "min": 1.86558389664,
        "var": 70.4415206909
    },
    "melbands_flatness_db": {
        "dmean": 0.033554609865,
        "dmean2": 0.048284098506,
        "dvar": 0.00236067106016,
        "dvar2": 0.00504883239046,
        "max": 0.757442057133,
        "mean": 0.213709816337,
        "median": 0.209136083722,
        "min": 0.00246623298153,
        "var": 0.0102759404108
    },
    "melbands_kurtosis": {
        "dmean": 23.8636302948,
        "dmean2": 36.7587051392,
        "dvar": 5982.70947266,
        "dvar2": 14245.8447266,
        "max": 1934.65869141,
        "mean": 28.6362895966,
        "median": 7.18137359619,
        "min": -1.9227925539,
        "var": 6280.34423828
    },
    "melbands_skewness": {
        "dmean": 1.29268467426,
        "dmean2": 1.81332480907,
        "dvar": 5.36676597595,
        "dvar2": 11.0374803543,
        "max": 40.2826309204,
        "mean": 3.26196289062,
        "median": 2.47691822052,
        "min": -4.69073581696,
        "var": 11.3940372467
    },
    "melbands_spread": {
        "dmean": 10.9979085922,
        "dmean2": 16.7894153595,
        "dvar": 308.340393066,
        "dvar2": 702.457336426,
        "max": 219.312255859,
        "mean": 34.7964477539,
        "median": 28.0298690796,
        "min": 0.189204618335,
        "var": 760.924377441
    },
    "pitch_salience": {
        "dmean": 0.0752729475498,
        "dmean2": 0.116648331285,
        "dvar": 0.00794532522559,
        "dvar2": 0.0185515191406,
        "max": 0.896024227142,
        "mean": 0.467929840088,
        "median": 0.469630122185,
        "min": 0.00710464362055,
        "var": 0.0218209978193
    },
    "silence_rate_20dB": {
        "dmean": 0,
        "dmean2": 0,
        "dvar": 0,
        "dvar2": 0,
        "max": 1,
        "mean": 1,
        "median": 1,
        "min": 1,
        "var": 0
    },
    "silence_rate_30dB": {
        "dmean": 0.0378861799836,
        "dmean2": 0.0757785215974,
        "dvar": 0.0364498794079,
        "dvar2": 0.0947496071458,
        "max": 1,
        "mean": 0.974473595619,
        "median": 1,
        "min": 0,
        "var": 0.024874066934
    },
    "silence_rate_60dB": {
        "dmean": 0.019999999553,
        "dmean2": 0.0400032512844,
        "dvar": 0.0195975955576,
        "dvar2": 0.0452265478671,
        "max": 1,
        "mean": 0.111779533327,
        "median": 0,
        "min": 0,
        "var": 0.0992831736803
    },
    "spectral_centroid": {
        "dmean": 349.042114258,
        "dmean2": 526.648925781,
        "dvar": 246551.390625,
        "dvar2": 467380.5625,
        "max": 11721.7900391,
        "mean": 2052.80688477,
        "median": 2296.45166016,
        "min": 113.204772949,
        "var": 1032854.375
    },
    "spectral_complexity": {
        "dmean": 4.64373970032,
        "dmean2": 7.36905431747,
        "dvar": 44.0078392029,
        "dvar2": 97.2912750244,
        "max": 61,
        "mean": 16.1795787811,
        "median": 16,
        "min": 0,
        "var": 117.645759583
    },
    "spectral_decrease": {
        "dmean": 2.50924836465e-09,
        "dmean2": 3.43866379815e-09,
        "dvar": 2.28961542147e-17,
        "dvar2": 4.16217630425e-17,
        "max": 9.2428652112e-29,
        "mean": -7.57019247288e-09,
        "median": -5.63014879162e-09,
        "min": -4.50367245719e-08,
        "var": 5.27619304387e-17
    },
    "spectral_energy": {
        "dmean": 0.00970308575779,
        "dmean2": 0.0133041488007,
        "dvar": 0.000322814099491,
        "dvar2": 0.000572562159505,
        "max": 0.172667860985,
        "mean": 0.0320715606213,
        "median": 0.0251030623913,
        "min": 1.03654971911e-20,
        "var": 0.000830441946164
    },
    "spectral_energyband_high": {
        "dmean": 0.00109183986206,
        "dmean2": 0.0017312138807,
        "dvar": 6.05129253017e-06,
        "dvar2": 1.647303543e-05,
        "max": 0.0383380837739,
        "mean": 0.00311365327798,
        "median": 0.00251576909795,
        "min": 7.18548210553e-21,
        "var": 1.26315717353e-05
    },
    "spectral_energyband_low": {
        "dmean": 0.0071156793274,
        "dmean2": 0.0100269308314,
        "dvar": 0.000321665691445,
        "dvar2": 0.000680513912812,
        "max": 0.160346776247,
        "mean": 0.0175988450646,
        "median": 0.00759509531781,
        "min": 2.28198511441e-23,
        "var": 0.000577732571401
    },
    "spectral_energyband_middle_high": {
        "dmean": 0.00288137234747,
        "dmean2": 0.00456822291017,
        "dvar": 2.73317891697e-05,
        "dvar2": 7.0845024311e-05,
        "max": 0.0638589635491,
        "mean": 0.00605593807995,
        "median": 0.00454157032073,
        "min": 1.33149562797e-21,
        "var": 4.72115825687e-05
    },
    "spectral_energyband_middle_low": {
        "dmean": 0.00435004616156,
        "dmean2": 0.00689159380272,
        "dvar": 0.000138181567308,
        "dvar2": 0.000292011187412,
        "max": 0.126756444573,
        "mean": 0.00603445107117,
        "median": 0.00197089230642,
        "min": 2.58429418912e-22,
        "var": 0.000199740359676
    },
    "spectral_entropy": {
        "dmean": 0.168252691627,
        "dmean2": 0.245483189821,
        "dvar": 0.0474955327809,
        "dvar2": 0.103751279414,
        "max": 9.81725120544,
        "mean": 7.84978914261,
        "median": 8.04015445709,
        "min": 4.43667602539,
        "var": 0.404905259609
    },
    "spectral_flux": {
        "dmean": 0.0271722543985,
        "dmean2": 0.0425505340099,
        "dvar": 0.00188993650954,
        "dvar2": 0.00360531290062,
        "max": 0.407391875982,
        "mean": 0.0855615735054,
        "median": 0.0707805156708,
        "min": 6.51764822668e-11,
        "var": 0.00481384759769
    },
    "spectral_kurtosis": {
        "dmean": 1.63659143448,
        "dmean2": 2.77021884918,
        "dvar": 15.6796312332,
        "dvar2": 41.656085968,
        "max": 217.891311646,
        "mean": 3.42250752449,
        "median": 1.71047925949,
        "min": -1.27384400368,
        "var": 54.9675178528
    },
    "spectral_rms": {
        "dmean": 0.000758313515689,
        "dmean2": 0.00102323212195,
        "dvar": 1.29212855882e-06,
        "dvar2": 2.20974288823e-06,
        "max": 0.0129790771753,
        "mean": 0.00499805435538,
        "median": 0.00494881719351,
        "min": 3.18004411866e-12,
        "var": 6.3089410105e-06
    },
    "spectral_rolloff": {
        "dmean": 953.167297363,
        "dmean2": 1543.8515625,
        "dvar": 2517243.5,
        "dvar2": 5371826.5,
        "max": 19078.4179688,
        "mean": 2647.45507812,
        "median": 1722.65625,
        "min": 21.533203125,
        "var": 7196035
    },
    "spectral_skewness": {
        "dmean": 0.20603735745,
        "dmean2": 0.335128188133,
        "dvar": 0.0877114906907,
        "dvar2": 0.235826000571,
        "max": 12.3565301895,
        "mean": 1.27811765671,
        "median": 1.1609287262,
        "min": -0.507010698318,
        "var": 0.3920827806
    },
    "spectral_spread": {
        "dmean": 637014.6875,
        "dmean2": 967663.6875,
        "dvar": 869762203648,
        "dvar2": 1.72481419674e+12,
        "max": 43733992,
        "mean": 6187993,
        "median": 6603797.5,
        "min": 591072.0625,
        "var": 7.51535285862e+12
    },
    "spectral_strongpeak": {
        "dmean": 0.362809360027,
        "dmean2": 0.58636534214,
        "dvar": 0.561093688011,
        "dvar2": 1.3346580267,
        "max": 13.4979076385,
        "mean": 0.662247538567,
        "median": 0.261978268623,
        "min": 0,
        "var": 1.03488230705
    },
    "zerocrossingrate": {
        "dmean": 0.0160554423928,
        "dmean2": 0.0180016942322,
        "dvar": 0.000397257972509,
        "dvar2": 0.000451156578492,
        "max": 0.7158203125,
        "mean": 0.0931121110916,
        "median": 0.08251953125,
        "min": 0,
        "var": 0.00400852505118
    },
    "barkbands": {
        "dmean": [0.000683696183842, 0.00415796972811, 0.00295770005323, 0.0014970729826, 0.00204068119638, 0.000503844814375, 0.000314531382173, 0.000308057846269, 0.00050452229334, 0.000745968136471, 0.000621762883384, 0.000432899454609, 0.000325640576193, 0.000484394840896, 0.000327519053826, 0.000367263535736, 0.000475686974823, 0.000246541458182, 0.000262204994215, 0.000305163557641, 0.000298035040032, 0.000254688842688, 0.000207108809263, 0.000182050818694, 0.000181347728358, 0.000155951711349, 1.67244688782e-05],
        "dmean2": [0.000983923557214, 0.0055839791894, 0.00499162403867, 0.00270138960332, 0.00306674954481, 0.000915755867027, 0.000566066941246, 0.000464083452243, 0.000796252221335, 0.00115222088061, 0.000876605219673, 0.00068626756547, 0.000517541542649, 0.000767954508774, 0.000514651474077, 0.000570937350858, 0.000836802355479, 0.000419712858275, 0.000437695183791, 0.000530403864104, 0.000511777237989, 0.000441278301878, 0.000343667954439, 0.000285034562694, 0.000285974441795, 0.000230342251598, 2.8276905141e-05],
        "dvar": [1.79093910901e-06, 7.2238384746e-05, 0.000158028415171, 4.31693079008e-05, 7.85373704275e-05, 6.25737129667e-06, 1.90709181425e-06, 6.52595986139e-07, 1.62857929809e-06, 3.50554842043e-06, 2.1421353722e-06, 1.21054085866e-06, 8.65567869823e-07, 1.40472729981e-06, 6.00730459155e-07, 7.51589482206e-07, 1.29987165565e-06, 3.00957225363e-07, 3.05535365897e-07, 7.12500707323e-07, 5.77889693432e-07, 3.82923161624e-07, 1.56473348056e-07, 9.48174374571e-08, 1.03836818255e-07, 9.74964891043e-08, 1.51063184184e-09],
        "dvar2": [3.29891486217e-06, 0.000143561061122, 0.000389096472645, 0.000123978868942, 0.000123531426652, 1.81111063284e-05, 5.50001914235e-06, 1.46959644098e-06, 3.95516372009e-06, 8.10114488559e-06, 3.61202023669e-06, 3.13143823405e-06, 2.05443484447e-06, 3.08976586894e-06, 1.19089725104e-06, 1.33990113227e-06, 3.65695859728e-06, 8.28264262509e-07, 8.1617969272e-07, 1.91322010323e-06, 1.54206145453e-06, 1.09813083782e-06, 4.32892164781e-07, 2.28240267575e-07, 2.48851762308e-07, 2.11002628703e-07, 4.2427625857e-09],
        "max": [0.0303245447576, 0.0725390538573, 0.106122031808, 0.0632886961102, 0.120820648968, 0.0337186194956, 0.0299071837217, 0.0292324256152, 0.0188117716461, 0.0323425196111, 0.0440996699035, 0.0173253268003, 0.028402775526, 0.0333958677948, 0.0285392664373, 0.0229604132473, 0.0123139889911, 0.00757097313181, 0.025035507977, 0.0246937312186, 0.0273696631193, 0.00824489165097, 0.00422359304503, 0.00590908713639, 0.00538971181959, 0.00368006736971, 0.000639068486635],
        "mean": [0.00236025429331, 0.0122278090566, 0.00246297684498, 0.00123191101011, 0.00254708318971, 0.000415237183915, 0.000288722396363, 0.000574975972995, 0.000643062288873, 0.001019635587, 0.000963596219663, 0.00056762562599, 0.000414792040829, 0.000766569690313, 0.000512977247126, 0.000555358536076, 0.000522767484654, 0.00030915858224, 0.000388863321859, 0.000426109996624, 0.000476834742585, 0.00046201547957, 0.0004468212137, 0.000510430778377, 0.000560589483939, 0.000394096481614, 2.13398125197e-05],
        "median": [0.000907015695702, 0.00535551365465, 0.000184520205949, 0.000165827426827, 0.000168933387613, 4.11959590565e-05, 4.77673202113e-05, 6.8501001806e-05, 9.27978544496e-05, 0.000131450608023, 0.000147214654135, 0.000130552434712, 7.42581687518e-05, 0.00018113234546, 8.45351241878e-05, 0.000136497576023, 0.000161647243658, 0.000117211158795, 0.000193133280845, 0.000231865647947, 0.000278111867374, 0.000315076758852, 0.000323599611875, 0.000397471099859, 0.00038379925536, 0.00020780901832, 3.72127510673e-06],
        "min": [1.53189411944e-24, 4.43037063919e-24, 3.29457422988e-24, 8.67526016082e-25, 1.95005563801e-23, 1.06502580424e-23, 1.4450188401e-23, 1.31716192119e-23, 1.98239656854e-23, 1.54426243292e-23, 2.55821406894e-23, 5.4394029386e-23, 5.17846352837e-23, 4.51723432227e-23, 7.25915989654e-23, 5.45857730731e-23, 6.34856639405e-23, 1.30284493196e-22, 1.88611328671e-22, 2.12931430752e-22, 2.41046458657e-22, 3.4450338281e-22, 3.55073058711e-22, 6.38886456453e-22, 1.12630354117e-21, 1.30974780567e-21, 2.16740586365e-21],
        "var": [9.27628025238e-06, 0.000220109068323, 0.000127057588543, 2.62501453108e-05, 0.000135536567541, 3.76665366275e-06, 1.2178425095e-06, 2.3684081043e-06, 2.51059009315e-06, 5.59870568395e-06, 7.42383235774e-06, 1.87851946976e-06, 1.50799473886e-06, 3.98635756937e-06, 1.72414650024e-06, 2.02079377232e-06, 1.06072820927e-06, 2.89705099021e-07, 4.0507447352e-07, 7.59083036428e-07, 7.78283833824e-07, 4.12430949837e-07, 2.84910214532e-07, 3.59079251666e-07, 4.93237450883e-07, 3.32199505237e-07, 2.47420040012e-09]
    },
    "erbbands": {
        "dmean": [0.172355338931, 0.791275858879, 3.3062953949, 4.43585777283, 6.13752651215, 9.36010074615, 4.41813278198, 4.5432639122, 4.5549902916, 6.01857662201, 6.21865940094, 11.0979251862, 22.2368106842, 20.0553436279, 25.1771717072, 15.4148464203, 14.8640966415, 19.452003479, 21.4357070923, 16.2983283997, 19.9403018951, 26.2533760071, 14.6151762009, 14.2953214645, 12.0666513443, 13.8281164169, 13.1218662262, 11.2153568268, 9.97502040863, 6.68197870255, 6.3603348732, 4.19046449661, 3.24762821198, 2.20694446564, 1.40294253826, 0.664730846882, 0.321192711592, 0.0636540353298, 0.00154941342771, 4.50305342383e-05],
        "dmean2": [0.224657684565, 1.08049428463, 5.58865356445, 7.60914802551, 9.34595012665, 13.3719749451, 7.45278072357, 8.19263458252, 8.35276603699, 9.46595954895, 9.63937664032, 17.5520057678, 34.3864212036, 30.8502578735, 35.8306427002, 24.4180831909, 23.5058612823, 30.6767597198, 33.0858459473, 25.7393379211, 31.4745349884, 46.1400146484, 25.3740749359, 23.4039096832, 20.737953186, 24.0446605682, 22.6234493256, 19.2958164215, 17.2489871979, 11.2515630722, 10.6397886276, 6.52234554291, 5.23475551605, 3.51248860359, 2.22345399857, 1.02517294884, 0.481241047382, 0.0979427024722, 0.00242427340709, 6.68480060995e-05],
        "dvar": [0.107587397099, 4.89345359802, 197.9009552, 360.499298096, 461.783905029, 2176.94824219, 517.900512695, 485.754119873, 470.212921143, 340.306365967, 235.215545654, 882.357727051, 3028.05102539, 2829.97070312, 4025.33984375, 1524.35595703, 1758.71362305, 2304.33569336, 3162.39550781, 888.323303223, 2323.18188477, 4147.52636719, 1385.25598145, 826.94934082, 830.287963867, 1553.41479492, 1397.14953613, 787.02746582, 609.328613281, 197.080322266, 161.819137573, 51.0000724792, 29.0733127594, 13.6828355789, 6.83118009567, 1.65095925331, 0.425116986036, 0.0188250243664, 1.1850818737e-05, 7.22038828727e-09],
        "dvar2": [0.168262690306, 10.3714361191, 499.303344727, 991.363586426, 1012.55078125, 3928.54248047, 1426.32543945, 1393.30981445, 1363.67907715, 868.068237305, 544.421875, 2186.51635742, 7331.07617188, 6930.14501953, 7052.28125, 4083.22460938, 4243.08349609, 5504.45849609, 5397.40039062, 2011.88537598, 4330.30664062, 11759.9140625, 3923.15673828, 2101.26000977, 2259.57324219, 4206.91748047, 3634.41601562, 2163.74047852, 1743.20007324, 561.422485352, 449.30645752, 119.121170044, 73.9687805176, 32.0097465515, 17.1203575134, 4.00120019913, 0.927607476711, 0.0433454476297, 2.88852934318e-05, 1.63923790097e-08],
        "max": [4.04445171356, 21.8433170319, 117.727935791, 183.538665771, 307.602813721, 655.797668457, 348.299407959, 313.525268555, 431.368347168, 372.870880127, 491.68838501, 566.502380371, 859.563842773, 993.528381348, 2201.44360352, 633.240478516, 1449.32250977, 1399.78588867, 2107.81225586, 638.514587402, 1448.32910156, 665.984375, 450.880523682, 1040.84997559, 1127.76879883, 1237.50256348, 1491.46655273, 574.574890137, 358.054901123, 200.361709595, 142.715835571, 136.252731323, 115.119689941, 66.5253372192, 51.5356292725, 17.2281131744, 8.07729911804, 1.81406021118, 0.0562217719853, 0.00115168571938],
        "mean": [0.632895708084, 1.6053968668, 2.88329911232, 3.72464442253, 6.30408859253, 9.82099151611, 3.93086528778, 3.90629315376, 4.01046133041, 9.98199176788, 10.2802410126, 14.4115209579, 30.1332035065, 27.26612854, 38.9377326965, 21.2796707153, 19.9667015076, 31.2991504669, 36.612361908, 25.9592056274, 30.3324127197, 30.1759338379, 18.0850601196, 21.6432209015, 17.6701469421, 19.3504562378, 20.3358230591, 18.0582008362, 17.1939334869, 14.0144300461, 12.7895307541, 10.3159742355, 8.92642784119, 6.33352518082, 3.8757750988, 1.76385223866, 0.723945617676, 0.124371439219, 0.00287801492959, 0.000130548723973],
        "median": [0.293641597033, 0.530960202217, 0.287929147482, 0.552088737488, 0.479941397905, 0.443836808205, 0.404567778111, 0.422131955624, 0.67578214407, 1.12149989605, 1.62370622158, 2.89868783951, 4.48075342178, 6.95081520081, 7.44429588318, 6.22923326492, 5.11675262451, 9.31095790863, 9.67741775513, 8.97035980225, 9.36722946167, 10.9517593384, 7.93703842163, 10.8258771896, 9.29992866516, 10.5665235519, 11.8907413483, 10.438826561, 11.1678981781, 10.078830719, 9.30577659607, 7.74201631546, 6.83044338226, 4.48258543015, 2.56242966652, 1.09678602219, 0.351919740438, 0.0449849255383, 0.000970092893112, 7.98875335022e-05],
        "min": [1.31376768938e-22, 9.16928901221e-22, 4.9542835722e-21, 6.09058981916e-21, 2.19156608067e-20, 7.2827591918e-20, 6.09804462287e-20, 1.02529605613e-19, 1.36241041284e-19, 3.38407265866e-19, 2.51977102364e-19, 5.00541516015e-19, 6.46640999238e-19, 1.67816231326e-18, 1.77911557112e-18, 2.33622543598e-18, 3.06080359933e-18, 4.1118039828e-18, 2.98101768655e-18, 2.90706877377e-18, 2.64598761818e-18, 4.00474530484e-18, 6.39346920596e-18, 8.23133217816e-18, 1.07120691691e-17, 8.94108871249e-18, 1.10768012253e-17, 1.27479095491e-17, 1.17709554789e-17, 1.50519706873e-17, 9.88045155972e-18, 1.21942386876e-17, 1.19010114323e-17, 9.91187532401e-18, 7.57785370398e-18, 4.97173970684e-18, 2.4315658598e-18, 1.07280269307e-18, 2.63035188835e-19, 3.16248273403e-20],
        "var": [0.652056455612, 8.14821815491, 160.958190918, 240.837982178, 552.567321777, 2903.54272461, 358.489501953, 310.167663574, 278.948303223, 811.977294922, 578.790893555, 1287.92028809, 4710.76171875, 3903.72045898, 13255.7519531, 2229.4206543, 2809.43261719, 6370.95996094, 10181.8427734, 2045.83679199, 5910.75244141, 3291.98413086, 1114.57580566, 1224.0949707, 993.138122559, 1664.18518066, 1846.03430176, 950.574768066, 621.09375, 299.847747803, 247.393814087, 168.103439331, 104.605003357, 59.9634208679, 25.9864292145, 5.8478717804, 1.16762375832, 0.0487921275198, 3.04144759866e-05, 2.71990590051e-08]
    },
    "gfcc": {
        "mean": [-18.2907924652, 41.675239563, -110.608657837, 45.5420684814, -41.2739067078, 33.8921699524, -20.1603183746, 19.2776184082, -19.0779247284, 5.6473274231, -18.2283267975, 4.30293798447, -7.22332143784],
        "cov": [[17255.2753906, -6879.36865234, 716.719848633, -130.47895813, -489.084075928, 2348.54199219, -737.200134277, 1241.95678711, -755.614318848, 1085.02734375, -375.302398682, 1015.06420898, -364.78918457], [-6879.36865234, 5964.42919922, -1100.67175293, -207.309738159, -205.1199646, -1876.14538574, 373.632324219, -990.168151855, 565.550476074, -769.666687012, 252.39805603, -770.963562012, 233.248779297], [716.719848633, -1100.67175293, 1391.92199707, 330.977203369, 349.617523193, 430.969848633, -117.223068237, 234.234283447, -197.765609741, 188.967147827, -109.798423767, 174.583755493, -83.683265686], [-130.47895813, -207.309738159, 330.977203369, 599.753051758, 315.452148438, 174.906784058, 3.67909836769, -57.9151077271, -75.1220550537, -40.9762535095, -41.6754722595, -0.338024646044, 6.77324438095], [-489.084075928, -205.1199646, 349.617523193, 315.452148438, 662.401000977, 376.697845459, 160.274749756, 38.1829528809, -44.2343635559, -16.1674461365, -54.8996429443, 19.679731369, 42.4482536316], [2348.54199219, -1876.14538574, 430.969848633, 174.906784058, 376.697845459, 1049.625, 52.4728851318, 347.856994629, -204.958206177, 221.276184082, -93.6195144653, 243.958023071, -24.8581581116], [-737.200134277, 373.632324219, -117.223068237, 3.67909836769, 160.274749756, 52.4728851318, 337.552856445, 85.7528533936, 104.111968994, -62.7229728699, 19.0057678223, -60.2797546387, 37.9829177856], [1241.95678711, -990.168151855, 234.234283447, -57.9151077271, 38.1829528809, 347.856994629, 85.7528533936, 465.212310791, 55.9051628113, 223.482009888, -31.1710166931, 140.388458252, -50.523235321], [-755.614318848, 565.550476074, -197.765609741, -75.1220550537, -44.2343635559, -204.958206177, 104.111968994, 55.9051628113, 261.889160156, 33.1788978577, 58.0595588684, -90.0700836182, 5.55507326126], [1085.02734375, -769.666687012, 188.967147827, -40.9762535095, -16.1674461365, 221.276184082, -62.7229728699, 223.482009888, 33.1788978577, 284.603729248, 46.0873680115, 126.90322113, -69.3114013672], [-375.302398682, 252.39805603, -109.798423767, -41.6754722595, -54.8996429443, -93.6195144653, 19.0057678223, -31.1710166931, 58.0595588684, 46.0873680115, 146.911376953, 30.9251365662, 6.04063892365], [1015.06420898, -770.963562012, 174.583755493, -0.338024646044, 19.679731369, 243.958023071, -60.2797546387, 140.388458252, -90.0700836182, 126.90322113, 30.9251365662, 215.535568237, 20.7632865906], [-364.78918457, 233.248779297, -83.683265686, 6.77324438095, 42.4482536316, -24.8581581116, 37.9829177856, -50.523235321, 5.55507326126, -69.3114013672, 6.04063892365, 20.7632865906, 133.952148438]],
        "icov": [[0.000182084913831, -0.000108484418888, 0.000186147110071, -0.000116129660455, 0.000285812624497, -0.000341724604368, 0.000166736790561, -0.000145765385241, 0.000278179708403, -0.000476857298054, 0.000753907370381, -0.000639874488115, 0.000357595738024], [-0.000108484418888, 0.0014470355818, -0.000509242294356, 0.000529390701558, -0.000458010094007, 0.00126501743216, -0.000764975557104, 0.00115975807421, -0.00140714377631, 0.00165300047956, -0.00247810431756, 0.00268117012456, -0.00151597056538], [0.000186147110071, -0.000509242294356, 0.00167276244611, -0.000715276983101, -0.000362327584298, -0.000170261599123, 0.000700985197909, -0.00114435818978, 0.0016465067165, -0.00163076643366, 0.00197709864005, -0.00163617299404, 0.00118004402611], [-0.000116129660455, 0.000529390701558, -0.000715276983101, 0.00278161210008, -0.00124999904074, 0.00027015915839, 9.58205273491e-05, 0.000899330654647, -0.000834315665998, 0.00140346377157, -0.00144426943734, 0.00134927080944, -0.000450508639915], [0.000285812624497, -0.000458010094007, -0.000362327584298, -0.00124999904074, 0.00395405804738, -0.00203539663926, -0.00126151693985, 0.000855340971611, -0.000275033089565, -0.00106240785681, 0.00216504954733, -0.00146516307723, 5.34761566087e-05], [-0.000341724604368, 0.00126501743216, -0.000170261599123, 0.00027015915839, -0.00203539663926, 0.00448169931769, -0.00170340051409, -4.03344347433e-05, 0.00114650349133, -0.000237940752413, -0.00150530308019, 0.00193572021089, -0.00171173678245], [0.000166736790561, -0.000764975557104, 0.000700985197909, 9.58205273491e-05, -0.00126151693985, -0.00170340051409, 0.00734486989677, -0.00426688184962, -0.000323229585774, 0.00290509522893, -0.00216920953244, 0.00125008646864, 3.14583157888e-05], [-0.000145765385241, 0.00115975807421, -0.00114435818978, 0.000899330654647, 0.000855340971611, -4.03344347433e-05, -0.00426688184962, 0.00912809092551, -0.00518154352903, -0.00177412049379, 0.00302848918363, -0.00304327881895, 0.000829472730402], [0.000278179708403, -0.00140714377631, 0.0016465067165, -0.000834315665998, -0.000275033089565, 0.00114650349133, -0.000323229585774, -0.00518154352903, 0.0129939075559, -0.00668260920793, -8.84999462869e-05, 0.00389206362888, -0.00188014481682], [-0.000476857298054, 0.00165300047956, -0.00163076643366, 0.00140346377157, -0.00106240785681, -0.000237940752413, 0.00290509522893, -0.00177412049379, -0.00668260920793, 0.0155279459432, -0.00869095511734, 0.000926175969653, 0.00209307763726], [0.000753907370381, -0.00247810431756, 0.00197709864005, -0.00144426943734, 0.00216504954733, -0.00150530308019, -0.00216920953244, 0.00302848918363, -8.84999462869e-05, -0.00869095511734, 0.0202030260116, -0.0134054645896, 0.00514181051403], [-0.000639874488115, 0.00268117012456, -0.00163617299404, 0.00134927080944, -0.00146516307723, 0.00193572021089, 0.00125008646864, -0.00304327881895, 0.00389206362888, 0.000926175969653, -0.0134054645896, 0.0228911787271, -0.0108063146472], [0.000357595738024, -0.00151597056538, 0.00118004402611, -0.000450508639915, 5.34761566087e-05, -0.00171173678245, 3.14583157888e-05, 0.000829472730402, -0.00188014481682, 0.00209307763726, 0.00514181051403, -0.0108063146472, 0.014412401244]]
    },
    "melbands": {
        "dmean": [0.0012432441581, 0.00143199204467, 0.000785701966379, 0.000552889308892, 0.000196567285457, 9.9743847386e-05, 6.74136172165e-05, 6.72794340062e-05, 5.44951763004e-05, 7.4049581599e-05, 0.000114772454253, 8.38121923152e-05, 8.56258120621e-05, 5.13482373208e-05, 4.01703873649e-05, 3.18499114655e-05, 4.03758785978e-05, 3.97878320655e-05, 2.54923525063e-05, 2.44886377914e-05, 2.37881049543e-05, 3.03064643958e-05, 1.76887588168e-05, 1.19776650536e-05, 1.22919936985e-05, 9.74940394372e-06, 9.84985672403e-06, 9.93154117168e-06, 9.28759072849e-06, 7.85841712059e-06, 6.29549367659e-06, 6.46550915917e-06, 4.63551850771e-06, 3.81351492251e-06, 4.11471683037e-06, 3.30059697262e-06, 2.68242456514e-06, 2.47238654083e-06, 2.32218440033e-06, 2.00656609195e-06],
        "dmean2": [0.00168112025131, 0.00226659490727, 0.00133143749554, 0.000835329701658, 0.00030289645656, 0.000180815637577, 0.000123379126308, 0.000103599413706, 8.42332301545e-05, 0.000117274648801, 0.00017748461687, 0.00013019736798, 0.000119917887787, 7.98829132691e-05, 6.41602891847e-05, 4.98789449921e-05, 6.40671569272e-05, 6.17870900896e-05, 4.02530858992e-05, 3.81461322831e-05, 3.7782243453e-05, 5.30663564859e-05, 3.10917494062e-05, 2.07343964576e-05, 1.99449841602e-05, 1.66615682247e-05, 1.6943555238e-05, 1.72196650965e-05, 1.60269319167e-05, 1.34365927806e-05, 1.08392878246e-05, 1.12390789582e-05, 7.90669582784e-06, 6.35491869616e-06, 7.05851971361e-06, 5.31605201104e-06, 4.19747038904e-06, 4.04764750783e-06, 3.77919991479e-06, 3.27994825966e-06],
        "dvar": [5.25261793882e-06, 3.08617672999e-05, 9.34804484132e-06, 5.79855259275e-06, 9.51049116793e-07, 2.37510988654e-07, 1.00070451481e-07, 3.87469221153e-08, 1.85579462908e-08, 4.04109705698e-08, 8.14731180299e-08, 5.02014039228e-08, 4.55957831491e-08, 2.10756176955e-08, 1.09854285668e-08, 9.10716746461e-09, 1.05427044872e-08, 1.15319762628e-08, 2.72757127995e-09, 2.78330225534e-09, 3.8776599709e-09, 5.38202060696e-09, 2.05131911457e-09, 8.23118129212e-10, 6.10467731921e-10, 5.16354792257e-10, 7.28421267748e-10, 7.52673701143e-10, 7.65400354208e-10, 3.28391397408e-10, 2.32300748082e-10, 2.58392002239e-10, 9.11942951709e-11, 5.37659014532e-11, 7.10710448826e-11, 3.1142068091e-11, 1.91930932952e-11, 1.69778809067e-11, 1.43929443017e-11, 1.11065592487e-11],
        "dvar2": [8.87068017619e-06, 7.49466853449e-05, 2.53534144576e-05, 8.98913640413e-06, 2.29290662901e-06, 6.85146574142e-07, 2.90168912898e-07, 9.38060651379e-08, 4.13442684533e-08, 1.00697938876e-07, 1.97338479779e-07, 1.23460608847e-07, 7.52608286803e-08, 5.20066691934e-08, 2.68571014317e-08, 2.11413979656e-08, 2.49245939443e-08, 1.98314040745e-08, 6.06334848996e-09, 5.49680168049e-09, 7.3297776737e-09, 1.51575463292e-08, 5.75502179245e-09, 2.30246510746e-09, 1.49837231511e-09, 1.41252687325e-09, 1.95451077545e-09, 2.02950611872e-09, 2.00905625469e-09, 8.49896486521e-10, 6.34581331926e-10, 7.38732186534e-10, 2.58089660754e-10, 1.50516044073e-10, 2.00242503134e-10, 7.74597747055e-11, 4.47713636997e-11, 4.3097445751e-11, 3.74290043403e-11, 2.72023393394e-11],
        "max": [0.0257363151759, 0.0481925755739, 0.0288468059152, 0.0328539945185, 0.0149253690615, 0.00629910361022, 0.00633182935417, 0.00473471032456, 0.0037871717941, 0.00372323463671, 0.00449005980045, 0.0038867329713, 0.00725873466581, 0.00298788864166, 0.00227652094327, 0.00332674384117, 0.0031419894658, 0.00381098780781, 0.0012844937155, 0.00121198978741, 0.00176939368248, 0.000740417395718, 0.00050551246386, 0.00038821407361, 0.00087742076721, 0.00104302610271, 0.0012173561845, 0.00102622376289, 0.00112411845475, 0.000525133043993, 0.000335952528985, 0.000236075429711, 0.000140671894769, 0.000117249765026, 9.05022316147e-05, 8.12169819255e-05, 9.28670997382e-05, 9.15955606615e-05, 6.74497860018e-05, 5.57976636628e-05],
        "mean": [0.00432162825018, 0.00168229348492, 0.000695964030456, 0.000647963548545, 0.000187328638276, 8.45112081151e-05, 5.79673614993e-05, 0.0001192062482, 8.63230889081e-05, 9.23349653021e-05, 0.000154345631017, 0.000110532986582, 0.000134095855174, 6.88960572006e-05, 5.21768488397e-05, 4.16189468524e-05, 6.25494576525e-05, 6.47348861094e-05, 3.83001570299e-05, 3.69193294318e-05, 3.38813915732e-05, 3.33783864335e-05, 1.96061537281e-05, 1.42140006574e-05, 1.82810363185e-05, 1.30766138682e-05, 1.2724921362e-05, 1.30359321702e-05, 1.30467415147e-05, 1.18339385153e-05, 9.61450405157e-06, 9.99543772195e-06, 8.35757055029e-06, 7.54668417358e-06, 7.41666372051e-06, 6.78931701259e-06, 6.13475685896e-06, 6.22182915322e-06, 5.86400619795e-06, 5.25202403878e-06],
        "median": [0.00205368897878, 0.000340469065122, 0.000104411483335, 3.50682057615e-05, 1.66865575011e-05, 9.39488290896e-06, 9.36054220801e-06, 1.13188971227e-05, 1.14995409604e-05, 1.37561419251e-05, 1.92389270524e-05, 2.3610322387e-05, 2.09870759136e-05, 1.61279531312e-05, 1.21751018014e-05, 6.6368475018e-06, 1.60484742082e-05, 1.26705508592e-05, 6.54539599054e-06, 9.98049199552e-06, 7.31123418518e-06, 9.77683521342e-06, 6.59847546558e-06, 5.38199765288e-06, 8.57848954183e-06, 5.61619253858e-06, 5.54156258659e-06, 6.29144142295e-06, 6.91281729814e-06, 6.39976360617e-06, 5.16177715326e-06, 6.05240711593e-06, 5.4085658121e-06, 5.15687497682e-06, 5.08284665557e-06, 4.76147988593e-06, 4.41293104814e-06, 4.65434686703e-06, 4.2266779019e-06, 3.55986685463e-06],
        "min": [1.76188730522e-24, 2.98069475873e-24, 3.0547269881e-24, 2.58501198943e-24, 2.40516629697e-24, 2.88387647932e-24, 2.28174466961e-24, 3.82711292775e-24, 2.1401269794e-24, 3.17672787697e-24, 3.00248467465e-24, 5.90797377341e-24, 4.60544963963e-24, 4.85121767693e-24, 7.0608383717e-24, 6.61075062678e-24, 6.37399926963e-24, 3.55778082635e-24, 5.00598114248e-24, 1.90703712014e-24, 2.62484315426e-24, 3.69330160784e-24, 4.00848388277e-24, 4.98653335459e-24, 6.73300907873e-24, 6.76744285725e-24, 7.53178044351e-24, 5.41990592578e-24, 6.80493820493e-24, 5.70514856278e-24, 7.19002223354e-24, 5.8790213949e-24, 7.30834742502e-24, 8.67538736464e-24, 4.30893970233e-24, 6.83624493882e-24, 7.39283600569e-24, 7.50154024957e-24, 8.03348099087e-24, 7.89629492401e-24],
        "var": [2.61700715782e-05, 3.0174593121e-05, 6.60421619614e-06, 9.41855341807e-06, 8.48791216868e-07, 1.46557013636e-07, 6.01204916961e-08, 1.19371335927e-07, 4.74986663335e-08, 5.77400989243e-08, 1.27312816289e-07, 6.6036719204e-08, 1.62488319688e-07, 3.61770418067e-08, 1.64383795465e-08, 1.78475669799e-08, 2.9172394278e-08, 3.60551446477e-08, 6.3420491081e-09, 7.99049537648e-09, 9.50970768798e-09, 4.46925652042e-09, 1.70752756379e-09, 7.01251223756e-10, 9.9183516955e-10, 6.12315975701e-10, 7.49429629465e-10, 8.44064540484e-10, 9.34320287804e-10, 4.57303445112e-10, 2.83620849029e-10, 2.42726061472e-10, 1.25814442198e-10, 8.9220131283e-11, 8.93550372583e-11, 7.58546281343e-11, 6.2529911804e-11, 5.27400866035e-11, 4.90072739334e-11, 4.36204683485e-11]
    },
    "mfcc": {
        "mean": [-659.485778809, 68.898979187, 3.64304637909, 22.8121070862, 12.5394496918, 18.4346160889, 15.1780948639, 16.2688789368, 13.6477422714, 8.02879047394, 2.53805780411, 1.27393960953, 0.640608072281],
        "cov": [[10987.8789062, -3758.93652344, 38.1298789978, -1111.25085449, 40.9381790161, 572.773681641, 360.216796875, 317.209503174, 88.3127059937, 98.1736907959, 93.5885467529, 244.561386108, 278.294342041], [-3758.93652344, 3445.57397461, -328.32723999, 447.449798584, -484.294769287, -617.444030762, -528.690917969, -358.467315674, -166.823547363, -79.6130981445, -27.1466674805, -165.868988037, -254.137115479], [38.1298789978, -328.32723999, 755.935913086, 153.197128296, 280.701507568, 94.5461502075, 118.310813904, 32.5052452087, 23.0560970306, 0.280166566372, 9.4290189743, 12.2942552567, 30.8420562744], [-1111.25085449, 447.449798584, 153.197128296, 546.329956055, 134.563140869, 8.04208183289, -28.9398880005, -49.8882331848, -9.02854919434, -32.8051605225, -38.3628463745, -30.0952472687, -36.0592842102], [40.9381790161, -484.294769287, 280.701507568, 134.563140869, 555.754089355, 367.421508789, 266.862060547, 110.980308533, 98.4391326904, 34.3046531677, -36.3579063416, -28.3725185394, 53.176574707], [572.773681641, -617.444030762, 94.5461502075, 8.04208183289, 367.421508789, 517.604309082, 308.689727783, 141.153335571, 68.3584136963, 3.73562002182, -62.8341217041, -21.3387069702, 58.6497268677], [360.216796875, -528.690917969, 118.310813904, -28.9398880005, 266.862060547, 308.689727783, 384.240112305, 211.870330811, 122.608604431, 51.2910766602, -12.9106311798, -2.92653560638, 80.8908004761], [317.209503174, -358.467315674, 32.5052452087, -49.8882331848, 110.980308533, 141.153335571, 211.870330811, 238.261550903, 148.625793457, 81.2547225952, 17.3137798309, -1.5393794775, 42.5158576965], [88.3127059937, -166.823547363, 23.0560970306, -9.02854919434, 98.4391326904, 68.3584136963, 122.608604431, 148.625793457, 214.714141846, 139.19708252, 52.4779434204, 2.64086031914, 5.69674348831], [98.1736907959, -79.6130981445, 0.280166566372, -32.8051605225, 34.3046531677, 3.73562002182, 51.2910766602, 81.2547225952, 139.19708252, 202.709823608, 114.403564453, 11.4850625992, -11.3834104538], [93.5885467529, -27.1466674805, 9.4290189743, -38.3628463745, -36.3579063416, -62.8341217041, -12.9106311798, 17.3137798309, 52.4779434204, 114.403564453, 186.693481445, 101.847763062, 15.9795389175], [244.561386108, -165.868988037, 12.2942552567, -30.0952472687, -28.3725185394, -21.3387069702, -2.92653560638, -1.5393794775, 2.64086031914, 11.4850625992, 101.847763062, 198.870101929, 123.506835938], [278.294342041, -254.137115479, 30.8420562744, -36.0592842102, 53.176574707, 58.6497268677, 80.8908004761, 42.5158576965, 5.69674348831, -11.3834104538, 15.9795389175, 123.506835938, 210.798782349]],
