{
"lowlevel": {
    "average_loudness": 0.95991307497,
    "barkbands_crest": {
        "dmean": 2.85871005058,
        "dmean2": 3.72051906586,
        "dvar": 10.187620163,
        "dvar2": 17.4108448029,
        "max": 26.8079967499,
        "mean": 12.371506691,
        "median": 10.8775138855,
        "min": 2.14012312889,
        "var": 51.5286865234
    },
    "barkbands_flatness_db": {
        "dmean": 0.0300343539566,
        "dmean2": 0.0392021872103,
        "dvar": 0.00152719323523,
        "dvar2": 0.00240541878156,
        "max": 0.435424625874,
        "mean": 0.118492424488,
        "median": 0.0969863161445,
        "min": 0.0123941982165,
        "var": 0.00606288993731
    },
    "barkbands_kurtosis": {
        "dmean": 8.19820404053,
        "dmean2": 10.9150295258,
        "dvar": 345.557281494,
        "dvar2": 544.788330078,
        "max": 232.158050537,
        "mean": 12.3415908813,
        "median": 0.927819013596,
        "min": -1.90613722801,
        "var": 839.047973633
    },
    "barkbands_skewness": {
        "dmean": 0.980948328972,
        "dmean2": 1.27782309055,
        "dvar": 2.32836937904,
        "dvar2": 3.67385172844,
        "max": 15.1947584152,
        "mean": 2.08913969994,
        "median": 1.16109395027,
        "min": -3.35603523254,
        "var": 8.30923557281
    },
    "barkbands_spread": {
        "dmean": 8.81559276581,
        "dmean2": 13.0281114578,
        "dvar": 132.213592529,
        "dvar2": 291.412780762,
        "max": 113.687355042,
        "mean": 32.9362297058,
        "median": 31.3358325958,
        "min": 1.55648803711,
        "var": 350.209869385
    },
    "dissonance": {
        "dmean": 0.0102207604796,
        "dmean2": 0.0172346308827,
        "dvar": 0.000179331473191,
        "dvar2": 0.000484009506181,
        "max": 0.500000059605,
        "mean": 0.483340859413,
        "median": 0.488202691078,
        "min": 0.00105008273385,
        "var": 0.000296192942187
    },
    "dynamic_complexity": 1.30560648441,
    "erbbands_crest": {
        "dmean": 2.26653671265,
        "dmean2": 3.5509929657,
        "dvar": 5.8095741272,
        "dvar2": 13.7760047913,
        "max": 29.0106372833,
        "mean": 7.40834188461,
        "median": 6.0325422287,
        "min": 2.29796648026,
        "var": 16.8287639618
    },
    "erbbands_flatness_db": {
        "dmean": 0.013817274943,
        "dmean2": 0.020150275901,
        "dvar": 0.000210712474654,
        "dvar2": 0.000434479734395,
        "max": 0.281433403492,
        "mean": 0.109914936125,
        "median": 0.101395070553,
        "min": 0.0290121790022,
        "var": 0.0015990647953
    },
    "erbbands_kurtosis": {
        "dmean": 0.73242944479,
        "dmean2": 1.13857853413,
        "dvar": 0.846906244755,
        "dvar2": 1.97374415398,
        "max": 12.4737462997,
        "mean": 0.0985998883843,
        "median": -0.166014790535,
        "min": -1.84649145603,
        "var": 1.83197295666
    },
    "erbbands_skewness": {
        "dmean": 0.347418814898,
        "dmean2": 0.513590693474,
        "dvar": 0.132317841053,
        "dvar2": 0.329770445824,
        "max": 2.80125999451,
        "mean": -0.114457301795,
        "median": -0.112351633608,
        "min": -3.14631104469,
        "var": 0.397867143154
    },
    "erbbands_spread": {
        "dmean": 13.2929830551,
        "dmean2": 18.0551967621,
        "dvar": 333.946411133,
        "dvar2": 559.772583008,
        "max": 200.077651978,
        "mean": 55.7276268005,
        "median": 42.7970046997,
        "min": 6.93593406677,
        "var": 1357.2076416
    },
    "hfc": {
        "dmean": 15.7611989975,
        "dmean2": 24.3242511749,
        "dvar": 597.889587402,
        "dvar2": 1554.25720215,
        "max": 305.571289062,
        "mean": 55.0383453369,
        "median": 49.189666748,
        "min": 1.06199521854e-16,
        "var": 1264.61218262
    },
    "melbands_crest": {
        "dmean": 3.7024564743,
        "dmean2": 5.67919397354,
        "dvar": 20.5957736969,
        "dvar2": 45.4160575867,
        "max": 39.8586921692,
        "mean": 19.0391178131,
        "median": 18.9316368103,
        "min": 1.58570516109,
        "var": 95.9197311401
    },
    "melbands_flatness_db": {
        "dmean": 0.0390200689435,
        "dmean2": 0.0520370081067,
        "dvar": 0.00305520812981,
        "dvar2": 0.00553089054301,
        "max": 0.501181960106,
        "mean": 0.181238561869,
        "median": 0.15715046227,
        "min": 0.00306471949443,
        "var": 0.012012321502
    },
    "melbands_kurtosis": {
        "dmean": 44.0734863281,
        "dmean2": 54.3482208252,
        "dvar": 10323.5673828,
        "dvar2": 11874.8476562,
        "max": 1597.33911133,
        "mean": 85.7767105103,
        "median": 7.13037204742,
        "min": -1.73924100399,
        "var": 43792.8125
    },
    "melbands_skewness": {
        "dmean": 1.7942109108,
        "dmean2": 2.25387454033,
        "dvar": 8.21356105804,
        "dvar2": 11.1215515137,
        "max": 35.0526199341,
        "mean": 5.13606929779,
        "median": 2.5488421917,
        "min": -1.97972619534,
        "var": 39.9310531616
    },
    "melbands_spread": {
        "dmean": 13.1047096252,
        "dmean2": 20.754693985,
        "dvar": 463.466888428,
        "dvar2": 1130.64355469,
        "max": 210.299087524,
        "mean": 37.0977134705,
        "median": 29.5485706329,
        "min": 0.495527088642,
        "var": 1096.77075195
    },
    "pitch_salience": {
        "dmean": 0.0868049710989,
        "dmean2": 0.122228398919,
        "dvar": 0.0111120138317,
        "dvar2": 0.0205034855753,
        "max": 0.977051258087,
        "mean": 0.469615221024,
        "median": 0.502800941467,
        "min": 0.00913631357253,
        "var": 0.0472048334777
    },
    "silence_rate_20dB": {
        "dmean": 0,
        "dmean2": 0,
        "dvar": 0,
        "dvar2": 0,
        "max": 1,
        "mean": 1,
        "median": 1,
        "min": 1,
        "var": 0
    },
    "silence_rate_30dB": {
        "dmean": 0.0706788673997,
        "dmean2": 0.14137133956,
        "dvar": 0.0656884387136,
        "dvar2": 0.131395176053,
        "max": 1,
        "mean": 0.853456556797,
        "median": 1,
        "min": 0,
        "var": 0.125076204538
    },
    "silence_rate_60dB": {
        "dmean": 0.00308136735111,
        "dmean2": 0.00616332842037,
        "dvar": 0.00307191116735,
        "dvar2": 0.00728106591851,
        "max": 1,
        "mean": 0.0158867705613,
        "median": 0,
        "min": 0,
        "var": 0.0156392324716
    },
    "spectral_centroid": {
        "dmean": 382.678222656,
        "dmean2": 559.041320801,
        "dvar": 246202.34375,
        "dvar2": 534247.8125,
        "max": 11708.5703125,
        "mean": 2253.88256836,
        "median": 2230.87402344,
        "min": 243.463760376,
        "var": 1639267.375
    },
    "spectral_complexity": {
        "dmean": 6.94501686096,
        "dmean2": 9.90119457245,
        "dvar": 63.1570243835,
        "dvar2": 112.80216217,
        "max": 69,
        "mean": 29.2096099854,
        "median": 30,
        "min": 0,
        "var": 249.55329895
    },
    "spectral_decrease": {
        "dmean": 3.56507445787e-09,
        "dmean2": 5.04813923996e-09,
        "dvar": 2.70802769441e-17,
        "dvar2": 4.372455873e-17,
        "max": 2.8522634883e-28,
        "mean": -1.46854537419e-08,
        "median": -1.15983560534e-08,
        "min": -5.0065469992e-08,
        "var": 1.23074257813e-16
    },
    "spectral_energy": {
        "dmean": 0.0133797246963,
        "dmean2": 0.0189639013261,
        "dvar": 0.000350209680619,
        "dvar2": 0.000566398492083,
        "max": 0.190709739923,
        "mean": 0.0604184865952,
        "median": 0.0508259311318,
        "min": 9.90710342246e-21,
        "var": 0.00170003587846
    },
    "spectral_energyband_high": {
        "dmean": 0.00148442841601,
        "dmean2": 0.00232818396762,
        "dvar": 5.36967309017e-06,
        "dvar2": 1.37874230859e-05,
        "max": 0.0268098004162,
        "mean": 0.00444137491286,
        "median": 0.00373383518308,
        "min": 6.86880440906e-21,
        "var": 1.31685546876e-05
    },
    "spectral_energyband_low": {
        "dmean": 0.0132397450507,
        "dmean2": 0.0182730853558,
        "dvar": 0.000511050107889,
        "dvar2": 0.000820645480417,
        "max": 0.186912789941,
        "mean": 0.0408384613693,
        "median": 0.0189112015069,
        "min": 1.39731279241e-23,
        "var": 0.00219210004434
    },
    "spectral_energyband_middle_high": {
        "dmean": 0.00357267539948,
        "dmean2": 0.00542162312195,
        "dvar": 2.28363842325e-05,
        "dvar2": 5.38213753316e-05,
        "max": 0.0589264892042,
        "mean": 0.00907875504345,
        "median": 0.00717361085117,
        "min": 1.12035848344e-21,
        "var": 6.31287912256e-05
    },
    "spectral_energyband_middle_low": {
        "dmean": 0.00296789058484,
        "dmean2": 0.00457830261439,
        "dvar": 2.44231832767e-05,
        "dvar2": 6.03473017691e-05,
        "max": 0.0828703865409,
        "mean": 0.0069617703557,
        "median": 0.00535720493644,
        "min": 1.89569636899e-22,
        "var": 4.52093481726e-05
    },
    "spectral_entropy": {
        "dmean": 0.124630436301,
        "dmean2": 0.179981738329,
        "dvar": 0.0247214064002,
        "dvar2": 0.0566538721323,
        "max": 9.82626438141,
        "mean": 8.16124820709,
        "median": 8.25684070587,
        "min": 6.69162082672,
        "var": 0.137548342347
    },
    "spectral_flux": {
        "dmean": 0.0344438478351,
        "dmean2": 0.0478703081608,
        "dvar": 0.00161040120292,
        "dvar2": 0.00273642013781,
        "max": 0.376161456108,
        "mean": 0.113542608917,
        "median": 0.0974439382553,
        "min": 6.41496647469e-11,
        "var": 0.00408710958436
    },
    "spectral_kurtosis": {
        "dmean": 0.551020979881,
        "dmean2": 0.84810012579,
        "dvar": 0.374321937561,
        "dvar2": 0.91502648592,
        "max": 12.8409223557,
        "mean": 2.39814949036,
        "median": 2.04482650757,
        "min": -1.24744677544,
        "var": 2.33346533775
    },
    "spectral_rms": {
        "dmean": 0.000870732765179,
        "dmean2": 0.00122794066556,
        "dvar": 1.25052781641e-06,
        "dvar2": 2.09484619518e-06,
        "max": 0.0136403180659,
        "mean": 0.0071979383938,
        "median": 0.00704175233841,
        "min": 3.10893346657e-12,
        "var": 7.13440931577e-06
    },
    "spectral_rolloff": {
        "dmean": 929.014526367,
        "dmean2": 1486.95593262,
        "dvar": 2338006.5,
        "dvar2": 4948410,
        "max": 19745.9472656,
        "mean": 2721.01879883,
        "median": 1679.58984375,
        "min": 21.533203125,
        "var": 9915077
    },
    "spectral_skewness": {
        "dmean": 0.118517957628,
        "dmean2": 0.171329796314,
        "dvar": 0.0132218468934,
        "dvar2": 0.0284143574536,
        "max": 2.69634032249,
        "mean": 1.23792207241,
        "median": 1.20462298393,
        "min": -0.0842629373074,
        "var": 0.109680496156
    },
    "spectral_spread": {
        "dmean": 582572.75,
        "dmean2": 865137.3125,
        "dvar": 666181042176,
        "dvar2": 1.25644583731e+12,
        "max": 42502416,
        "mean": 7012953,
        "median": 6503093.5,
        "min": 2724231.5,
        "var": 1.67327574262e+13
    },
    "spectral_strongpeak": {
        "dmean": 0.569315731525,
        "dmean2": 0.950417757034,
        "dvar": 1.0758754015,
        "dvar2": 2.59066581726,
        "max": 12.0658168793,
        "mean": 1.07357048988,
        "median": 0.606584787369,
        "min": 0,
        "var": 2.0455930233
    },
    "zerocrossingrate": {
        "dmean": 0.0192267149687,
        "dmean2": 0.0220262147486,
        "dvar": 0.000520488480106,
        "dvar2": 0.000595418270677,
        "max": 0.54833984375,
        "mean": 0.100528255105,
        "median": 0.08349609375,
        "min": 0.0048828125,
        "var": 0.00580493733287
    },
    "barkbands": {
        "dmean": [0.00136374402791, 0.0123072173446, 0.00407019676641, 0.0012592197163, 0.00119682599325, 0.000645794090815, 0.000446637684945, 0.000268427073024, 0.000488279794808, 0.000785079202615, 0.000311563693685, 0.000397608004278, 0.000959313532803, 0.000571874144953, 0.000497951637954, 0.000410884764278, 0.000506269105244, 0.000429392704973, 0.000383502512705, 0.000342091254424, 0.000391583453165, 0.000419289193815, 0.00027111361851, 0.000272825389402, 0.000214906758629, 0.000133988214657, 5.10575955559e-05],
        "dmean2": [0.00195298681501, 0.0159839093685, 0.00707626575604, 0.00203564483672, 0.00192147947382, 0.000915964134037, 0.000672379217576, 0.000408509251429, 0.000739217211958, 0.00117392896209, 0.000473778956803, 0.000599663530011, 0.00149834225886, 0.000894213386346, 0.000785778509453, 0.000677406555042, 0.000871116353665, 0.000732518732548, 0.000650842906907, 0.00056390138343, 0.00065205572173, 0.000701188691892, 0.000447691039881, 0.000451363477623, 0.000337301811669, 0.000202753188205, 8.18740372779e-05],
        "dvar": [6.35202059129e-06, 0.000457206479041, 0.000131052947836, 1.00194019979e-05, 8.39192671265e-06, 1.24258747292e-06, 8.65530751071e-07, 3.21401984138e-07, 7.35346247893e-07, 4.51204414276e-06, 5.21398590081e-07, 4.62905745735e-07, 2.89365652861e-06, 6.10012534707e-07, 8.36967558371e-07, 4.3054117782e-07, 9.3845471838e-07, 6.11703001141e-07, 3.94569269702e-07, 1.94951255139e-07, 3.69232196817e-07, 3.92603396904e-07, 1.28418122358e-07, 1.6476866449e-07, 1.29110460989e-07, 4.98158527762e-08, 7.86827580868e-09],
        "dvar2": [1.34376041387e-05, 0.00064254028257, 0.000358032411896, 2.73624063993e-05, 1.86593351827e-05, 2.47443995249e-06, 1.95469192477e-06, 7.91870093053e-07, 1.5699637288e-06, 8.91735089681e-06, 1.07725838916e-06, 1.06353547835e-06, 6.56531119603e-06, 1.38532379879e-06, 1.73376281509e-06, 1.09294160211e-06, 2.57433498518e-06, 1.65914832451e-06, 1.07807989025e-06, 5.17050978033e-07, 9.75579041551e-07, 1.0254574363e-06, 3.29765896367e-07, 4.26060381642e-07, 3.1823751101e-07, 1.03944131524e-07, 1.98103986548e-08],
        "max": [0.0428579673171, 0.176913619041, 0.0734034478664, 0.0448191687465, 0.0779789164662, 0.0205695237964, 0.018408190459, 0.0141997579485, 0.0228669121861, 0.0413076281548, 0.0240088570863, 0.0113663850352, 0.0360178612173, 0.0128692677245, 0.0268479380757, 0.00909910909832, 0.0195802394301, 0.00678313989192, 0.00604128232226, 0.00485067628324, 0.0120107214898, 0.0123682394624, 0.00532048987225, 0.00509878108278, 0.00718547170982, 0.00894177798182, 0.00197746790946],
        "mean": [0.00285847880878, 0.033704418689, 0.00351966801099, 0.00162945350166, 0.00182732264511, 0.00123299332336, 0.000783294148277, 0.000417079572799, 0.000858020561282, 0.0015205652453, 0.00049637403572, 0.000648184039164, 0.00172646692954, 0.00103499623947, 0.000792652950622, 0.000604927365202, 0.000719565839972, 0.000631205970421, 0.000658249831758, 0.000700405100361, 0.000773939827923, 0.000874343677424, 0.000675163115375, 0.000654597126413, 0.000554819300305, 0.00042425779975, 9.69007742242e-05],
        "median": [0.000602289917879, 0.0107593666762, 0.000761628267355, 0.000691820634529, 0.000950700952671, 0.000476957415231, 0.000261340290308, 0.000182154064532, 0.000351630966179, 0.000344626838341, 0.000165444595041, 0.000280934415059, 0.00064810650656, 0.000569257885218, 0.000388594402466, 0.000313630123856, 0.000372309004888, 0.000372512062313, 0.000413447211031, 0.000507896998897, 0.000570400152355, 0.000660235993564, 0.000558949948754, 0.000519301742315, 0.000406901002862, 0.00036765349796, 6.38621495455e-05],
        "min": [5.8528578369e-25, 1.48887990087e-24, 1.20899133679e-25, 1.37534368673e-24, 5.97124870105e-24, 8.72097169205e-24, 3.87066633275e-24, 8.25182191222e-24, 1.08071254e-23, 8.03397008463e-24, 1.42760426231e-23, 2.29725777708e-23, 2.14504517216e-23, 3.26640511136e-23, 4.74907580915e-23, 6.17329222941e-23, 5.50472567026e-23, 7.3252828487e-23, 1.24744657535e-22, 1.47667175771e-22, 2.34536803711e-22, 3.1834089293e-22, 3.93937319881e-22, 5.62942753998e-22, 8.69685700304e-22, 1.24233935101e-21, 1.98316531665e-21],
        "var": [2.05600481422e-05, 0.00189067691099, 8.85792032932e-05, 9.05809429241e-06, 1.10504824988e-05, 3.38059703608e-06, 2.13093676393e-06, 5.79216532515e-07, 2.02217006517e-06, 1.43586576087e-05, 1.15397847367e-06, 1.00797819869e-06, 8.34651018522e-06, 1.66601444107e-06, 1.93538630811e-06, 6.80923108121e-07, 1.28845113068e-06, 6.10310621596e-07, 5.30036174951e-07, 4.31571919535e-07, 6.17233524736e-07, 7.14090333531e-07, 3.7721824242e-07, 3.73145809363e-07, 3.29232108243e-07, 1.99214980512e-07, 1.85205202285e-08]
    },
    "erbbands": {
        "dmean": [0.529103338718, 2.73472070694, 4.98594760895, 4.32049894333, 4.41592359543, 3.90971493721, 2.94673538208, 6.48357534409, 6.88157558441, 5.22832584381, 6.05455112457, 9.49872589111, 17.2177848816, 24.4368152618, 11.6561975479, 17.3286552429, 42.657207489, 27.6801548004, 31.5073184967, 17.7528514862, 23.1751041412, 28.175113678, 23.671585083, 22.205329895, 16.8240070343, 16.4691238403, 13.7713937759, 16.9019603729, 15.6143074036, 11.7150774002, 7.01128673553, 6.3930182457, 4.30491876602, 2.69155406952, 1.51197063923, 0.66343575716, 0.249051600695, 0.0866513997316, 0.00747158238664, 0.000105150975287],
        "dmean2": [0.613498330116, 3.35958385468, 8.0490436554, 7.08075428009, 7.07212209702, 6.40620708466, 4.5047712326, 9.0612487793, 10.1833705902, 7.84726953506, 9.27198123932, 14.4772911072, 25.9052906036, 36.3872261047, 17.7161769867, 25.7883033752, 65.8390731812, 43.0084953308, 48.1018371582, 28.4023284912, 38.25, 48.2113418579, 40.3768501282, 38.1540756226, 27.963634491, 27.1017665863, 22.6210365295, 28.3731765747, 26.1641674042, 19.138507843, 11.5203227997, 10.738275528, 7.0451874733, 4.28945064545, 2.39828395844, 1.03827095032, 0.382305055857, 0.135402455926, 0.0119041129947, 0.000166424593772],
        "dvar": [0.642093598843, 27.6055812836, 177.361587524, 106.458374023, 83.5266265869, 140.540161133, 38.6618118286, 130.145263672, 177.895462036, 162.05682373, 154.602127075, 336.024536133, 1338.88684082, 5004.85839844, 504.168792725, 795.309509277, 6348.99121094, 1529.3873291, 3517.82446289, 645.504699707, 1533.86901855, 2928.07299805, 1845.22692871, 1562.51416016, 669.743835449, 418.985168457, 365.136291504, 881.328857422, 536.459838867, 270.691009521, 95.4391021729, 90.916053772, 36.0268936157, 16.0689086914, 7.62717056274, 1.45640301704, 0.152475818992, 0.0167677495629, 0.000231258032727, 4.08383691308e-08],
        "dvar2": [0.727270781994, 45.0939216614, 453.812347412, 294.12487793, 212.370758057, 309.389678955, 94.9946517944, 248.19140625, 395.546356201, 340.240509033, 388.054595947, 732.989624023, 2891.82250977, 9416.81933594, 1169.73620605, 1767.4666748, 14230.1894531, 3629.89208984, 6827.97460938, 1577.36560059, 3920.87597656, 7950.77490234, 5044.51025391, 4310.86035156, 1791.49804688, 1099.984375, 957.753662109, 2270.39453125, 1419.03759766, 690.041137695, 248.151031494, 240.986450195, 91.2956008911, 39.4673614502, 18.864988327, 3.29873323441, 0.31763485074, 0.0378603562713, 0.000596481200773, 1.02978951588e-07],
        "max": [8.83096790314, 45.1595230103, 90.1379318237, 115.551109314, 128.139175415, 343.24810791, 159.206176758, 219.900314331, 337.438964844, 407.34375, 408.124389648, 577.508605957, 987.974609375, 1493.73046875, 575.793151855, 524.663330078, 1827.66210938, 792.660888672, 2042.89074707, 313.004333496, 613.566223145, 1296.76074219, 329.972900391, 372.30758667, 299.150695801, 234.897628784, 357.184265137, 737.38104248, 283.926086426, 489.261749268, 174.409225464, 97.542427063, 90.025062561, 78.583114624, 60.3537521362, 41.3645973206, 17.7136230469, 3.5199739933, 0.381720125675, 0.00529741263017],
        "mean": [1.43219065666, 5.63080835342, 5.12695217133, 5.10039520264, 6.28537750244, 5.6123046875, 5.23378372192, 12.3463163376, 12.6701507568, 9.51751232147, 10.2033405304, 16.9976043701, 33.5241394043, 46.9619636536, 21.0116462708, 32.7038574219, 79.5431747437, 50.7104568481, 57.6103591919, 29.2014122009, 34.8893508911, 41.8491706848, 35.8056488037, 35.2147102356, 31.8968410492, 34.3355522156, 29.4124717712, 31.8570041656, 32.1168327332, 27.8107032776, 17.4392528534, 13.9637088776, 10.3521413803, 6.66892766953, 3.79414606094, 1.86114096642, 0.743590950966, 0.209616333246, 0.0147010395303, 0.000311769079417],
        "median": [0.395621985197, 1.35039973259, 1.28489053249, 2.02817678452, 2.45024013519, 2.59483146667, 2.69198966026, 4.55192995071, 5.01088142395, 3.91265392303, 5.25543498993, 7.43331432343, 12.2411365509, 13.3510780334, 10.2803936005, 15.3808517456, 29.6996459961, 29.9373626709, 26.8364582062, 17.1844501495, 19.2560634613, 22.894487381, 22.5907821655, 22.9720993042, 20.7190093994, 25.2680015564, 20.8724346161, 23.0519714355, 24.213760376, 21.9064559937, 14.423614502, 10.8654975891, 8.37973499298, 4.82686901093, 2.76434969902, 1.53316998482, 0.628107368946, 0.169100850821, 0.00914289802313, 0.000250562297879],
        "min": [6.52286300224e-23, 4.3269088809e-22, 1.50181526649e-21, 5.33959423739e-21, 1.44646407998e-20, 1.67947811204e-20, 2.69119577223e-20, 7.03025972488e-20, 8.40211873752e-20, 2.42578133407e-19, 3.20589226784e-19, 3.43143546957e-19, 3.97002310616e-19, 6.9056532374e-19, 8.7447321651e-19, 1.07348997676e-18, 1.22181462753e-18, 2.10013257952e-18, 1.77101375061e-18, 2.60529488154e-18, 3.44279084992e-18, 3.94063343069e-18, 3.82062854896e-18, 5.04288675209e-18, 6.24235654294e-18, 7.83328624995e-18, 8.48349322481e-18, 1.14004157876e-17, 9.80753641591e-18, 1.1400151917e-17, 1.07103511149e-17, 9.21548685556e-18, 1.00515001027e-17, 8.83464214819e-18, 6.47126388821e-18, 4.27281675698e-18, 2.29179963323e-18, 1.00697752108e-18, 2.34821634954e-19, 2.64112291084e-20],
        "var": [3.4294154644, 75.9997634888, 149.560806274, 86.8525466919, 106.720092773, 169.278015137, 62.9741477966, 372.515441895, 469.455169678, 415.582092285, 309.356536865, 921.936462402, 4637.77832031, 14345.7929688, 1205.09790039, 2081.40429688, 18952.2597656, 3447.35839844, 10464.1386719, 1125.25671387, 2431.2121582, 4403.44238281, 1805.8215332, 1620.69897461, 1147.70483398, 1019.52215576, 810.94543457, 1315.57629395, 958.922607422, 679.967895508, 256.971343994, 180.969512939, 92.2473907471, 45.6254730225, 16.9892997742, 4.13952350616, 0.667522132397, 0.0527753643692, 0.000513044302352, 1.08402829824e-07]
    },
    "gfcc": {
        "mean": [52.3345565796, 21.1811733246, -93.062713623, 35.8129997253, -43.3971252441, 27.0361099243, -28.1520805359, 10.6220598221, -22.6532688141, 13.1816234589, -17.1416606903, 8.61255264282, -15.0647668839],
        "cov": [[19952.2617188, 304.261566162, -1847.66137695, 388.25289917, -779.820678711, 401.278656006, -533.265808105, 191.435455322, -348.360168457, 179.028930664, -216.316970825, 169.044647217, -180.182601929], [304.261566162, 1630.82836914, 278.155670166, -20.5190696716, 211.62638855, -55.469619751, -16.4672355652, -159.366088867, 82.1384658813, -13.8281612396, -76.1341018677, 59.1071739197, 86.4711380005], [-1847.66137695, 278.155670166, 1678.85705566, 672.201416016, 663.710876465, 264.483612061, 262.656311035, 151.301681519, 240.965362549, 146.021636963, 194.465621948, 75.201965332, 91.81224823], [388.25289917, -20.5190696716, 672.201416016, 687.943786621, 367.610015869, 240.940704346, 119.095916748, 134.230438232, 124.613418579, 85.6258926392, 95.5618286133, 41.2042694092, 27.5683803558], [-779.820678711, 211.62638855, 663.710876465, 367.610015869, 528.55657959, 179.650741577, 155.934616089, 63.6835289001, 144.269729614, 85.6803512573, 85.1545028687, 49.2331390381, 54.0810432434], [401.278656006, -55.469619751, 264.483612061, 240.940704346, 179.650741577, 249.742919922, 150.408721924, 129.050918579, 71.2240753174, 83.1512832642, 88.2259674072, 24.1813812256, 27.1321926117], [-533.265808105, -16.4672355652, 262.656311035, 119.095916748, 155.934616089, 150.408721924, 222.992279053, 128.476608276, 107.772628784, 67.7438278198, 74.5797195435, 36.3053970337, 41.1572952271], [191.435455322, -159.366088867, 151.301681519, 134.230438232, 63.6835289001, 129.050918579, 128.476608276, 187.723815918, 80.7101745605, 75.8010025024, 82.2372360229, 18.7511940002, 22.5333881378], [-348.360168457, 82.1384658813, 240.965362549, 124.613418579, 144.269729614, 71.2240753174, 107.772628784, 80.7101745605, 166.952667236, 78.6310119629, 50.0572738647, 54.559387207, 45.809715271], [179.028930664, -13.8281612396, 146.021636963, 85.6258926392, 85.6803512573, 83.1512832642, 67.7438278198, 75.8010025024, 78.6310119629, 120.296218872, 87.3432540894, 33.031463623, 19.7365226746], [-216.316970825, -76.1341018677, 194.465621948, 95.5618286133, 85.1545028687, 88.2259674072, 74.5797195435, 82.2372360229, 50.0572738647, 87.3432540894, 141.22064209, 31.6657161713, 23.6125411987], [169.044647217, 59.1071739197, 75.201965332, 41.2042694092, 49.2331390381, 24.1813812256, 36.3053970337, 18.7511940002, 54.559387207, 33.031463623, 31.6657161713, 93.3737030029, 53.6260108948], [-180.182601929, 86.4711380005, 91.81224823, 27.5683803558, 54.0810432434, 27.1321926117, 41.1572952271, 22.5333881378, 45.809715271, 19.7365226746, 23.6125411987, 53.6260108948, 92.1786804199]],
        "icov": [[0.000145322395838, -0.000142831442645, 0.000153236818733, -0.000206159063964, 0.000198844747501, -0.000592028954998, 0.000631789618637, -0.000543755944818, 0.0005126123433, -0.00067098956788, 0.00065274926601, -0.000829051248729, 0.000439527444541], [-0.000142831442645, 0.000984375481494, -0.000294016383123, 0.000416966038756, -0.000455567438621, 0.000458176102256, -0.000548153126147, 0.00145054631867, -0.00095837545814, 0.000404964317568, -3.83084516216e-05, 0.000770612619817, -0.00106082623824], [0.000153236818733, -0.000294016383123, 0.00174568698276, -0.00119849469047, -0.00087034801254, 0.000180709379492, -0.000130466316477, -0.000333353556925, 0.000167720994796, -0.000327570422087, -0.000657861877698, -0.000251521996688, 9.38496232266e-05], [-0.000206159063964, 0.000416966038756, -0.00119849469047, 0.0042004166171, -0.00148356438149, -0.00213840883225, 0.00183772516903, -0.000777773442678, -0.00167688564397, 0.00205069896765, -0.000342977349646, 0.000127795341541, 0.000420573545853], [0.000198844747501, -0.000455567438621, -0.00087034801254, -0.00148356438149, 0.00553043978289, -0.00217597791925, -0.000559660780709, 0.00175595248584, -0.000754589273129, -0.00141319702379, 0.000814098399132, -0.000647006381769, 0.000188504491234], [-0.000592028954998, 0.000458176102256, 0.000180709379492, -0.00213840883225, -0.00217597791925, 0.0143637564033, -0.00817167572677, -0.000260008469922, 0.00180461071432, -0.000925862055738, -0.0032042094972, 0.00411022314802, -0.00263553415425], [0.000631789618637, -0.000548153126147, -0.000130466316477, 0.00183772516903, -0.000559660780709, -0.00817167572677, 0.0158347580582, -0.00726560782641, -0.00219453615136, 0.000310341914883, 0.00219022901729, -0.00438277889043, 0.00178194977343], [-0.000543755944818, 0.00145054631867, -0.000333353556925, -0.000777773442678, 0.00175595248584, -0.000260008469922, -0.00726560782641, 0.0165186170489, -0.00524819968268, 0.000533536542207, -0.00496448483318, 0.00570255191997, -0.00315851019695], [0.0005126123433, -0.00095837545814, 0.000167720994796, -0.00167688564397, -0.000754589273129, 0.00180461071432, -0.00219453615136, -0.00524819968268, 0.0174327138811, -0.0102373156697, 0.00633701076731, -0.00672199483961, 0.000225592841161], [-0.00067098956788, 0.000404964317568, -0.000327570422087, 0.00205069896765, -0.00141319702379, -0.000925862055738, 0.000310341914883, 0.000533536542207, -0.0102373156697, 0.024998549372, -0.0132533581927, 0.00235450197943, 0.00061447796179], [0.00065274926601, -3.83084516216e-05, -0.000657861877698, -0.000342977349646, 0.000814098399132, -0.0032042094972, 0.00219022901729, -0.00496448483318, 0.00633701076731, -0.0132533581927, 0.0196089390665, -0.00619068415835, 0.0010377431754], [-0.000829051248729, 0.000770612619817, -0.000251521996688, 0.000127795341541, -0.000647006381769, 0.00411022314802, -0.00438277889043, 0.00570255191997, -0.00672199483961, 0.00235450197943, -0.00619068415835, 0.0236325152218, -0.0117246899754], [0.000439527444541, -0.00106082623824, 9.38496232266e-05, 0.000420573545853, 0.000188504491234, -0.00263553415425, 0.00178194977343, -0.00315851019695, 0.000225592841161, 0.00061447796179, 0.0010377431754, -0.0117246899754, 0.0194366257638]]
    },
    "melbands": {
        "dmean": [0.00390210980549, 0.00270617799833, 0.000747701735236, 0.000309701485094, 0.000107332671178, 0.000137981056469, 0.000101666846604, 5.71225609747e-05, 5.16567270097e-05, 6.49214853183e-05, 9.18082077987e-05, 0.000107460429717, 4.03904123232e-05, 4.4063115638e-05, 8.40336215333e-05, 8.14745217212e-05, 5.11224861839e-05, 5.56071208848e-05, 3.03272772726e-05, 2.57721185335e-05, 2.75234942819e-05, 3.05022385874e-05, 2.8162405215e-05, 2.05347078008e-05, 1.90377722902e-05, 1.36387607199e-05, 1.25084952742e-05, 1.15711573017e-05, 8.57421673572e-06, 1.10808314275e-05, 1.0429642316e-05, 9.37846834859e-06, 8.86974248715e-06, 6.74645798426e-06, 4.16792636315e-06, 4.40339954366e-06, 4.10086704505e-06, 3.5095624753e-06, 2.58313593804e-06, 2.46273748417e-06],
        "dmean2": [0.00472039682791, 0.00371620571241, 0.00122173025738, 0.000497914908919, 0.000165377306985, 0.00019286783936, 0.000150439707795, 8.55335820233e-05, 7.93108483776e-05, 9.90739645204e-05, 0.000137685230584, 0.000159975781571, 6.14535238128e-05, 6.71508678352e-05, 0.000126547762193, 0.000129271284095, 7.95779851614e-05, 8.42995141284e-05, 4.84846132167e-05, 4.25107209594e-05, 4.58964277641e-05, 5.21545880474e-05, 4.84089978272e-05, 3.48524336005e-05, 3.29478862113e-05, 2.29594643315e-05, 2.10612524825e-05, 1.90392129298e-05, 1.38677933137e-05, 1.90707523871e-05, 1.76124340214e-05, 1.58137445396e-05, 1.47086548168e-05, 1.12460020318e-05, 6.92044977768e-06, 7.41986696084e-06, 6.96718188919e-06, 5.86436362937e-06, 4.14608848587e-06, 3.98160409532e-06],
        "dvar": [3.63913059118e-05, 3.68318324035e-05, 2.90801676783e-06, 6.24112828973e-07, 5.67623494874e-08, 5.64455966412e-08, 3.69059094396e-08, 1.61960489464e-08, 1.12036291355e-08, 1.39869138494e-08, 3.85685936521e-08, 9.91317179455e-08, 7.79813724705e-09, 6.35951291628e-09, 2.65468163008e-08, 1.6008399939e-08, 5.19353893225e-09, 1.11911404588e-08, 2.01717420545e-09, 1.51989643093e-09, 2.24207363786e-09, 3.57208662649e-09, 2.93153790132e-09, 1.11946429904e-09, 1.12026887766e-09, 4.40394332113e-10, 3.25392934819e-10, 2.00271910167e-10, 1.15402055967e-10, 3.63734375952e-10, 3.20595994197e-10, 2.0867926831e-10, 1.53673782033e-10, 8.5480969525e-11, 3.00902219807e-11, 4.652513097e-11, 3.6157316724e-11, 2.54393311971e-11, 1.08449057026e-11, 1.43577337519e-11],
        "dvar2": [4.32606429968e-05, 8.13739825389e-05, 7.96329095465e-06, 1.39996734561e-06, 1.40498954693e-07, 1.08601170723e-07, 8.2690739589e-08, 3.50864652887e-08, 2.7372085043e-08, 3.06888274793e-08, 8.27300397077e-08, 1.86865733554e-07, 1.68846465698e-08, 1.52873944614e-08, 5.88932778101e-08, 3.82005218569e-08, 1.19955467781e-08, 2.14862119208e-08, 4.97781815767e-09, 3.8780796352e-09, 5.7676219356e-09, 9.57610435393e-09, 8.09361200282e-09, 2.99324964814e-09, 3.10071723852e-09, 1.1869856209e-09, 8.83721151812e-10, 5.27324295341e-10, 2.91553003962e-10, 9.97456561791e-10, 8.28423885046e-10, 5.63663171693e-10, 3.80828313329e-10, 2.2174420633e-10, 7.81656753213e-11, 1.24514551447e-10, 9.72973090985e-11, 6.6514918573e-11, 2.56142659166e-11, 3.6259377445e-11],
        "max": [0.0564883202314, 0.0477122627199, 0.0193698741496, 0.022219248116, 0.00734469853342, 0.00468491949141, 0.00434165354818, 0.00377380824648, 0.00339839421213, 0.00316201499663, 0.00515089323744, 0.00667367177084, 0.00263952300884, 0.00161811080761, 0.00325541617349, 0.00242946250364, 0.00132400286384, 0.00384585466236, 0.000696496688761, 0.000538543623406, 0.000739536306355, 0.00175423535984, 0.000450669613201, 0.00029739306774, 0.000315701006912, 0.000243468341068, 0.000174646149389, 0.000162726224517, 0.000260258006165, 0.000266539835138, 0.000440846633865, 0.000176824571099, 0.000200627706363, 0.000239067216171, 0.000114758251584, 7.44558492443e-05, 6.56160627841e-05, 6.12907388131e-05, 6.02676809649e-05, 7.26401922293e-05],
        "mean": [0.0108238691464, 0.00430137105286, 0.00092401978327, 0.000445336831035, 0.000188430625712, 0.000266973976977, 0.000188453836017, 0.000101580502815, 8.68822680786e-05, 0.000113519839942, 0.000176211295184, 0.000205205491511, 6.84301339788e-05, 7.03751502442e-05, 0.000153189655975, 0.00014544732403, 8.87514470378e-05, 0.000100489873148, 4.71338280477e-05, 3.76659590984e-05, 3.90382119804e-05, 4.28471976193e-05, 3.76027965103e-05, 3.08092494379e-05, 2.82187156699e-05, 2.37129879679e-05, 2.2585332772e-05, 2.28018561756e-05, 1.79389899131e-05, 1.79696035048e-05, 1.86971938092e-05, 1.75840214069e-05, 1.7501621187e-05, 1.4970059965e-05, 9.69816301222e-06, 9.10068411031e-06, 8.2519463831e-06, 7.4746685641e-06, 6.26104429102e-06, 5.48779053133e-06],
        "median": [0.00338874896988, 0.00131105270702, 0.000393898051698, 0.000210631173104, 0.000102211794001, 0.000100911747722, 7.48785096221e-05, 4.11742767028e-05, 4.20635042246e-05, 4.72036008432e-05, 6.01771753281e-05, 5.3608113376e-05, 3.00123610941e-05, 2.88697247015e-05, 5.15277424711e-05, 6.44888787065e-05, 4.85462369397e-05, 4.32835076936e-05, 2.39155415329e-05, 2.01457587536e-05, 2.03794752451e-05, 2.13554740185e-05, 2.05697542697e-05, 1.82927360584e-05, 1.7539547116e-05, 1.45033864101e-05, 1.51340454977e-05, 1.64713819686e-05, 1.22854398796e-05, 1.17476556625e-05, 1.31273027364e-05, 1.2825246813e-05, 1.28865167426e-05, 1.11917597678e-05, 7.83111681812e-06, 7.07623485141e-06, 6.16961278865e-06, 5.87959902987e-06, 4.79571735923e-06, 3.69144208889e-06],
        "min": [8.79155995192e-25, 7.03269990043e-25, 1.51656951028e-24, 1.11832945115e-24, 1.1381625976e-24, 1.48571134243e-24, 1.19485615731e-24, 2.78609697291e-24, 2.77839019629e-24, 1.50803087985e-24, 1.73210307289e-24, 2.46607405024e-24, 2.22964908429e-24, 3.10498926068e-24, 2.40435968669e-24, 2.41602536176e-24, 2.81453284474e-24, 2.39862111804e-24, 4.12307657888e-24, 3.42713914956e-24, 2.83245813109e-24, 3.27922201059e-24, 2.28387045254e-24, 3.01671473931e-24, 3.48641928557e-24, 4.33057894582e-24, 3.64433227829e-24, 4.71862711927e-24, 4.9690608744e-24, 4.93704101025e-24, 4.5187325269e-24, 5.4720752696e-24, 4.79683873372e-24, 5.04240403377e-24, 5.08914838114e-24, 5.83417780788e-24, 5.38930285583e-24, 6.09561656706e-24, 5.92049575699e-24, 6.55446106246e-24],
        "var": [0.000186182485777, 5.58229912713e-05, 2.46614763455e-06, 7.70672215822e-07, 8.34413711459e-08, 1.63294416211e-07, 9.64667492553e-08, 4.20210746199e-08, 2.48282265858e-08, 3.71073767269e-08, 1.3247816355e-07, 2.84842030851e-07, 1.76255721129e-08, 1.31918644897e-08, 7.72491048906e-08, 4.21582981858e-08, 1.17426903756e-08, 3.4200805743e-08, 3.78063180762e-09, 2.15858575459e-09, 3.44340578273e-09, 5.66700819604e-09, 2.75864509014e-09, 1.31653521418e-09, 1.12512721362e-09, 6.89559354061e-10, 5.44149225679e-10, 4.77192063641e-10, 3.15923148753e-10, 4.27095997457e-10, 4.97237695463e-10, 3.18391063514e-10, 3.15663745143e-10, 2.10513495524e-10, 8.21125598072e-11, 8.28475968384e-11, 6.64926863569e-11, 5.12893130744e-11, 3.70524375071e-11, 3.45070465257e-11]
    },
    "mfcc": {
        "mean": [-592.816650391, 64.9526367188, 8.93038749695, 20.5035915375, 9.71402359009, 19.7373523712, 8.14531326294, 6.32649850845, 3.2203412056, 3.97684788704, 6.80497789383, 2.59020900726, -0.92936873436],
        "cov": [[6515.69824219, 219.567855835, -597.513000488, -252.613861084, -187.665771484, -106.118583679, -99.7417678833, -22.6965408325, -96.2545471191, -26.2933502197, -51.9490852356, -78.2928848267, -19.1826019287], [219.567855835, 1578.89477539, 125.240982056, 92.5768814087, 103.010253906, 143.324447632, -121.159896851, -52.4389152527, 82.9917297363, -111.418571472, -78.0169830322, 2.02360486984, 28.7626476288], [-597.513000488, 125.240982056, 931.254699707, 470.109436035, 425.838043213, 252.419540405, 220.954864502, 146.857925415, 132.506362915, 138.649353027, 102.825889587, 130.254867554, 154.255096436], [-252.613861084, 92.5768814087, 470.109436035, 489.021850586, 383.025238037, 227.471755981, 119.066635132, 113.292884827, 112.154937744, 68.8835067749, 65.6162490845, 82.7056045532, 89.497428894], [-187.665771484, 103.010253906, 425.838043213, 383.025238037, 463.710876465, 245.037124634, 157.714508057, 90.6029815674, 103.022796631, 75.849281311, 69.3752746582, 98.3409576416, 96.6477584839], [-106.118583679, 143.324447632, 252.419540405, 227.471755981, 245.037124634, 248.938751221, 113.142944336, 86.5622024536, 98.2197189331, 50.5287017822, 56.2770233154, 66.5287704468, 62.5014572144], [-99.7417678833, -121.159896851, 220.954864502, 119.066635132, 157.714508057, 113.142944336, 243.919113159, 95.2450408936, 50.4127197266, 111.168281555, 73.3797988892, 80.404083252, 72.7902526855], [-22.6965408325, -52.4389152527, 146.857925415, 113.292884827, 90.6029815674, 86.5622024536, 95.2450408936, 142.438522339, 93.7525177002, 63.7075462341, 46.3550567627, 44.0726890564, 46.2605552673], [-96.2545471191, 82.9917297363, 132.506362915, 112.154937744, 103.022796631, 98.2197189331, 50.4127197266, 93.7525177002, 145.923538208, 68.0043869019, 31.9210758209, 38.5971794128, 47.4296264648], [-26.2933502197, -111.418571472, 138.649353027, 68.8835067749, 75.849281311, 50.5287017822, 111.168281555, 63.7075462341, 68.0043869019, 136.471176147, 77.8900146484, 57.5727920532, 55.6612014771], [-51.9490852356, -78.0169830322, 102.825889587, 65.6162490845, 69.3752746582, 56.2770233154, 73.3797988892, 46.3550567627, 31.9210758209, 77.8900146484, 139.40737915, 88.7982559204, 25.0043525696], [-78.2928848267, 2.02360486984, 130.254867554, 82.7056045532, 98.3409576416, 66.5287704468, 80.404083252, 44.0726890564, 38.5971794128, 57.5727920532, 88.7982559204, 107.90271759, 56.828742981], [-19.1826019287, 28.7626476288, 154.255096436, 89.497428894, 96.6477584839, 62.5014572144, 72.7902526855, 46.2605552673, 47.4296264648, 55.6612014771, 25.0043525696, 56.828742981, 110.511062622]],
