{
"lowlevel": {
    "average_loudness": 0.933595597744,
    "barkbands_crest": {
        "dmean": 3.37724399567,
        "dmean2": 5.19345331192,
        "dvar": 10.7799825668,
        "dvar2": 25.1650371552,
        "max": 26.6719455719,
        "mean": 11.4335918427,
        "median": 11.3363895416,
        "min": 2.01120829582,
        "var": 26.9836406708
    },
    "barkbands_flatness_db": {
        "dmean": 0.0345819592476,
        "dmean2": 0.0496867932379,
        "dvar": 0.00165312446188,
        "dvar2": 0.0034371309448,
        "max": 0.685016036034,
        "mean": 0.127820402384,
        "median": 0.0977608859539,
        "min": 0.00841102283448,
        "var": 0.00967420917004
    },
    "barkbands_kurtosis": {
        "dmean": 7.27033758163,
        "dmean2": 11.7717428207,
        "dvar": 670.741088867,
        "dvar2": 1766.18347168,
        "max": 1091.88208008,
        "mean": 8.16600131989,
        "median": -0.192083477974,
        "min": -1.90534770489,
        "var": 2214.64306641
    },
    "barkbands_skewness": {
        "dmean": 0.917957007885,
        "dmean2": 1.31397402287,
        "dvar": 2.03417611122,
        "dvar2": 4.44561195374,
        "max": 28.047952652,
        "mean": 1.36428034306,
        "median": 0.904718339443,
        "min": -3.48784971237,
        "var": 4.7816195488
    },
    "barkbands_spread": {
        "dmean": 11.6326904297,
        "dmean2": 17.747303009,
        "dvar": 167.900466919,
        "dvar2": 396.901702881,
        "max": 123.886291504,
        "mean": 44.2681274414,
        "median": 45.7345123291,
        "min": 0.0933624282479,
        "var": 646.433288574
    },
    "dissonance": {
        "dmean": 0.0161834266037,
        "dmean2": 0.0272230356932,
        "dvar": 0.000647956854664,
        "dvar2": 0.00177600991447,
        "max": 0.500000059605,
        "mean": 0.474973410368,
        "median": 0.488094508648,
        "min": 0.0846030563116,
        "var": 0.00179668609053
    },
    "dynamic_complexity": 2.67569518089,
    "erbbands_crest": {
        "dmean": 2.78141856194,
        "dmean2": 4.57916784286,
        "dvar": 9.85818481445,
        "dvar2": 24.1083374023,
        "max": 29.5225925446,
        "mean": 7.31162595749,
        "median": 5.87894392014,
        "min": 1.9934335947,
        "var": 18.3466911316
    },
    "erbbands_flatness_db": {
        "dmean": 0.0202715657651,
        "dmean2": 0.03044789657,
        "dvar": 0.000501379370689,
        "dvar2": 0.00114223663695,
        "max": 0.548941195011,
        "mean": 0.140846982598,
        "median": 0.117876291275,
        "min": 0.0272061582655,
        "var": 0.00539149576798
    },
    "erbbands_kurtosis": {
        "dmean": 1.47472190857,
        "dmean2": 2.44491291046,
        "dvar": 14.4011077881,
        "dvar2": 35.6109657288,
        "max": 266.529144287,
        "mean": 0.854916989803,
        "median": -0.100582242012,
        "min": -1.9083943367,
        "var": 30.4645385742
    },
    "erbbands_skewness": {
        "dmean": 0.523847281933,
        "dmean2": 0.805885493755,
        "dvar": 0.396987557411,
        "dvar2": 0.937784552574,
        "max": 13.579577446,
        "mean": -0.1151888147,
        "median": -0.201269492507,
        "min": -3.00241971016,
        "var": 0.909169912338
    },
    "erbbands_spread": {
        "dmean": 12.4863901138,
        "dmean2": 19.0702056885,
        "dvar": 296.00201416,
        "dvar2": 675.636535645,
        "max": 191.717147827,
        "mean": 42.1308670044,
        "median": 37.7692680359,
        "min": 0.801213622093,
        "var": 656.112731934
    },
    "hfc": {
        "dmean": 20.190246582,
        "dmean2": 31.4770355225,
        "dvar": 801.059204102,
        "dvar2": 2016.57849121,
        "max": 489.633758545,
        "mean": 50.3154296875,
        "median": 44.7762413025,
        "min": 1.19823583589e-16,
        "var": 1541.5871582
    },
    "melbands_crest": {
        "dmean": 4.9463891983,
        "dmean2": 7.48415660858,
        "dvar": 23.1495056152,
        "dvar2": 53.7486801147,
        "max": 38.0251235962,
        "mean": 21.1778507233,
        "median": 22.0041751862,
        "min": 1.81803047657,
        "var": 77.9699172974
    },
    "melbands_flatness_db": {
        "dmean": 0.0466250553727,
        "dmean2": 0.0660774633288,
        "dvar": 0.0028118332848,
        "dvar2": 0.0057498277165,
        "max": 0.853323578835,
        "mean": 0.187448561192,
        "median": 0.157152548432,
        "min": 0.00611693831161,
        "var": 0.0157794132829
    },
    "melbands_kurtosis": {
        "dmean": 26.0814914703,
        "dmean2": 39.7443618774,
        "dvar": 6952.20507812,
        "dvar2": 16485.2363281,
        "max": 924.236938477,
        "mean": 28.5398101807,
        "median": 6.11387300491,
        "min": -1.78438138962,
        "var": 7265.18164062
    },
    "melbands_skewness": {
        "dmean": 1.4966250658,
        "dmean2": 2.07726240158,
        "dvar": 5.62570428848,
        "dvar2": 10.4160633087,
        "max": 25.0489196777,
        "mean": 3.28222322464,
        "median": 2.45667219162,
        "min": -2.76308012009,
        "var": 11.1922941208
    },
    "melbands_spread": {
        "dmean": 16.8764801025,
        "dmean2": 25.8113594055,
        "dvar": 460.073486328,
        "dvar2": 967.360656738,
        "max": 196.663208008,
        "mean": 41.5958328247,
        "median": 36.5788536072,
        "min": 0.174395233393,
        "var": 961.267700195
    },
    "pitch_salience": {
        "dmean": 0.114579632878,
        "dmean2": 0.172417849302,
        "dvar": 0.0127583406866,
        "dvar2": 0.0277493484318,
        "max": 0.945047557354,
        "mean": 0.487324565649,
        "median": 0.496134281158,
        "min": 0.0330499112606,
        "var": 0.031845472753
    },
    "silence_rate_20dB": {
        "dmean": 0,
        "dmean2": 0,
        "dvar": 0,
        "dvar2": 0,
        "max": 1,
        "mean": 1,
        "median": 1,
        "min": 1,
        "var": 0
    },
    "silence_rate_30dB": {
        "dmean": 0.00526513718069,
        "dmean2": 0.0105315949768,
        "dvar": 0.0052376803942,
        "dvar2": 0.0156882740557,
        "max": 1,
        "mean": 0.997367739677,
        "median": 1,
        "min": 0,
        "var": 0.0026253091637
    },
    "silence_rate_60dB": {
        "dmean": 0.0250720828772,
        "dmean2": 0.0501504503191,
        "dvar": 0.0244406796992,
        "dvar2": 0.0569019056857,
        "max": 1,
        "mean": 0.0648032054305,
        "median": 0,
        "min": 0,
        "var": 0.0606081411242
    },
    "spectral_centroid": {
        "dmean": 423.145019531,
        "dmean2": 633.550598145,
        "dvar": 258161.421875,
        "dvar2": 469270.46875,
        "max": 10972.9824219,
        "mean": 2356.85595703,
        "median": 2622.02050781,
        "min": 105.150024414,
        "var": 1066139.375
    },
    "spectral_complexity": {
        "dmean": 7.507584095,
        "dmean2": 11.2607822418,
        "dvar": 59.1797561646,
        "dvar2": 117.13230896,
        "max": 64,
        "mean": 27.3039608002,
        "median": 30,
        "min": 0,
        "var": 233.642669678
    },
    "spectral_decrease": {
        "dmean": 2.23558971335e-09,
        "dmean2": 3.18512882735e-09,
        "dvar": 8.18914927564e-18,
        "dvar2": 1.47084359615e-17,
        "max": 1.01551784046e-23,
        "mean": -7.86966669608e-09,
        "median": -7.68375230109e-09,
        "min": -3.27973062042e-08,
        "var": 2.55748694406e-17
    },
    "spectral_energy": {
        "dmean": 0.00906462967396,
        "dmean2": 0.0133196050301,
        "dvar": 0.000114014575956,
        "dvar2": 0.000219283188926,
        "max": 0.126102954149,
        "mean": 0.0342656858265,
        "median": 0.0343169718981,
        "min": 1.08586785898e-20,
        "var": 0.000403723330237
    },
    "spectral_energyband_high": {
        "dmean": 0.00208403961733,
        "dmean2": 0.00323644117452,
        "dvar": 1.03010979728e-05,
        "dvar2": 2.52202626143e-05,
        "max": 0.058290142566,
        "mean": 0.00449283933267,
        "median": 0.00361256836914,
        "min": 7.92396456105e-21,
        "var": 1.89753773157e-05
    },
    "spectral_energyband_low": {
        "dmean": 0.00714691635221,
        "dmean2": 0.00962528586388,
        "dvar": 0.000115551520139,
        "dvar2": 0.000212921760976,
        "max": 0.116108417511,
        "mean": 0.0176212582737,
        "median": 0.0141152329743,
        "min": 1.26047603315e-22,
        "var": 0.000301853899145
    },
    "spectral_energyband_middle_high": {
        "dmean": 0.00320152495988,
        "dmean2": 0.00509402761236,
        "dvar": 1.52396842168e-05,
        "dvar2": 3.8798465539e-05,
        "max": 0.0470898449421,
        "mean": 0.00649574678391,
        "median": 0.00567205995321,
        "min": 1.488704373e-21,
        "var": 2.92458844342e-05
    },
    "spectral_energyband_middle_low": {
        "dmean": 0.00511129153892,
        "dmean2": 0.00812243204564,
        "dvar": 0.000114995753393,
        "dvar2": 0.000217489112401,
        "max": 0.123251155019,
        "mean": 0.00667520286515,
        "median": 0.00323492707685,
        "min": 2.68971629831e-22,
        "var": 0.000146263293573
    },
    "spectral_entropy": {
        "dmean": 0.202163681388,
        "dmean2": 0.309400886297,
        "dvar": 0.105419963598,
        "dvar2": 0.240900918841,
        "max": 9.7850484848,
        "mean": 7.94689178467,
        "median": 8.22897911072,
        "min": 3.43469405174,
        "var": 0.5797265172
    },
    "spectral_flux": {
        "dmean": 0.0265238322318,
        "dmean2": 0.0404146052897,
        "dvar": 0.000925091095269,
        "dvar2": 0.00171513005625,
        "max": 0.358745843172,
        "mean": 0.105724774301,
        "median": 0.0987459570169,
        "min": 1.04204984919e-10,
        "var": 0.00297124683857
    },
    "spectral_kurtosis": {
        "dmean": 3.81437349319,
        "dmean2": 6.51931333542,
        "dvar": 579.404602051,
        "dvar2": 1799.73669434,
        "max": 943.833374023,
        "mean": 9.33868217468,
        "median": 2.42697668076,
        "min": -1.1743786335,
        "var": 2004.55944824
    },
    "spectral_rms": {
        "dmean": 0.000787927710917,
        "dmean2": 0.00114971469156,
        "dvar": 6.99941836046e-07,
        "dvar2": 1.40844338148e-06,
        "max": 0.0110917659476,
        "mean": 0.00542982434854,
        "median": 0.0057861879468,
        "min": 3.25481677201e-12,
        "var": 3.94696189687e-06
    },
    "spectral_rolloff": {
        "dmean": 1350.00280762,
        "dmean2": 2101.47192383,
        "dvar": 2943409,
        "dvar2": 5859630,
        "max": 18669.2871094,
        "mean": 3337.28540039,
        "median": 2993.11523438,
        "min": 43.06640625,
        "var": 7330891
    },
    "spectral_skewness": {
        "dmean": 0.278547406197,
        "dmean2": 0.444705039263,
        "dvar": 0.343167185783,
        "dvar2": 1.01583206654,
        "max": 25.7501621246,
        "mean": 1.61058056355,
        "median": 1.23928070068,
        "min": 0.0126132061705,
        "var": 3.38941788673
    },
    "spectral_spread": {
        "dmean": 639736.0625,
        "dmean2": 954399.3125,
        "dvar": 564093648896,
        "dvar2": 1.05244065792e+12,
        "max": 40477068,
        "mean": 5703036,
        "median": 5929682,
        "min": 122960.570312,
        "var": 3.57128916173e+12
    },
    "spectral_strongpeak": {
        "dmean": 0.3116581738,
        "dmean2": 0.520222783089,
        "dvar": 0.459331065416,
        "dvar2": 1.25370264053,
        "max": 9.87502384186,
        "mean": 0.513804793358,
        "median": 0.261773526669,
        "min": 0,
        "var": 0.564599573612
    },
    "zerocrossingrate": {
        "dmean": 0.022458428517,
        "dmean2": 0.0252940822393,
        "dvar": 0.000618039397523,
        "dvar2": 0.000745865865611,
        "max": 0.8896484375,
        "mean": 0.107812292874,
        "median": 0.102294921875,
        "min": 0.001953125,
        "var": 0.00426249112934
    },
    "barkbands": {
        "dmean": [0.000792275066487, 0.00471037626266, 0.00240846048109, 0.0022239012178, 0.00170796562452, 0.000915222859476, 0.000578312436119, 0.000618676131126, 0.000945851963479, 0.000734423054382, 0.000574561126996, 0.000479655718664, 0.000440858711954, 0.000411350978538, 0.000449241313618, 0.000445419515017, 0.000424377154559, 0.000419889547629, 0.000503571762238, 0.000458031194285, 0.000504261057358, 0.000469817168778, 0.000387378182495, 0.000324504071614, 0.0002972955117, 0.000185486933333, 6.1325947172e-05],
        "dmean2": [0.00108450907283, 0.00639531295747, 0.00377001729794, 0.00372787960805, 0.0029976000078, 0.00154457334429, 0.00100315269083, 0.00106965727173, 0.00156808423344, 0.0012557702139, 0.000938702898566, 0.000801149522886, 0.000736477551982, 0.000703040452208, 0.000771996565163, 0.000759213464335, 0.000711391912773, 0.000688293075655, 0.000823926355224, 0.000749577593524, 0.000812325684819, 0.000758349488024, 0.000623888336122, 0.000524984381627, 0.000472811108921, 0.000282744760625, 9.35333227972e-05],
        "dvar": [1.53793507707e-06, 5.01445829286e-05, 5.94731136516e-05, 7.91583806858e-05, 3.16948935506e-05, 3.72537101612e-06, 1.86787849543e-06, 1.78604454959e-06, 3.87637419408e-06, 2.52355675912e-06, 1.33153798743e-06, 9.7931797427e-07, 6.77410412209e-07, 6.89715420776e-07, 6.5962149165e-07, 4.82771440602e-07, 4.71439392413e-07, 3.54823043835e-07, 5.52086248717e-07, 5.19155264556e-07, 5.6402006976e-07, 5.09504445745e-07, 3.59817732942e-07, 2.86100458879e-07, 4.3510112846e-07, 2.03363981655e-07, 1.2082900902e-08],
        "dvar2": [2.78208608506e-06, 9.64821083471e-05, 0.000127857812913, 0.000178628004505, 8.71205775184e-05, 9.92797049548e-06, 5.03604042024e-06, 4.73646650789e-06, 9.56772328209e-06, 6.64028584652e-06, 3.20305343848e-06, 2.43587282966e-06, 1.76018465936e-06, 1.91732215171e-06, 1.80480981271e-06, 1.28196177229e-06, 1.22488177112e-06, 8.96805715911e-07, 1.42470128139e-06, 1.31834872263e-06, 1.37891333907e-06, 1.25156850572e-06, 8.65466290634e-07, 7.3247048249e-07, 1.19710546187e-06, 5.94011339672e-07, 2.59412296089e-08],
        "max": [0.0231870152056, 0.10388751328, 0.074076615274, 0.100908577442, 0.0754138752818, 0.0426359213889, 0.0294587165117, 0.022891709581, 0.0499402023852, 0.0215973332524, 0.0204010922462, 0.020057938993, 0.0174575522542, 0.0173833910376, 0.0140396906063, 0.009153181687, 0.0110789565369, 0.0137071944773, 0.013967981562, 0.0250280946493, 0.0161025598645, 0.0104177370667, 0.00967265013605, 0.0133647276089, 0.0187717936933, 0.0162623152137, 0.00308924890123],
        "mean": [0.00219948636368, 0.0121903950348, 0.0023611926008, 0.00185339455493, 0.00143587624189, 0.000906507892068, 0.000569541880395, 0.00060774339363, 0.00103105069138, 0.000764909374993, 0.00067756412318, 0.000590934068896, 0.000551576027647, 0.000481818045955, 0.000546283263247, 0.000591442512814, 0.000596248428337, 0.000672457157634, 0.000803609611467, 0.000771561986767, 0.000886527530383, 0.000852522323839, 0.00067468220368, 0.000597020960413, 0.000553179706912, 0.000382379541406, 0.000115741197078],
        "median": [0.000836497521959, 0.00919142737985, 0.000162771408213, 0.000106384999526, 0.000245479983278, 0.000204819923965, 0.000136401285999, 0.000146617210703, 0.000358819350367, 0.000202630413696, 0.000237026557443, 0.000244682189077, 0.000279094732832, 0.000218795932597, 0.000283439934719, 0.000354349467671, 0.000365022569895, 0.000468398415251, 0.000579991203267, 0.000553105259314, 0.000627690809779, 0.000597208330873, 0.000476325571071, 0.000444692384917, 0.00037414545659, 0.000233433645917, 5.2482530009e-05],
        "min": [3.27262606846e-23, 8.16053129951e-23, 1.55741873955e-23, 9.48487224937e-24, 4.71758385073e-23, 1.23646537912e-22, 1.75971675444e-23, 2.94190686245e-23, 2.45587735251e-23, 4.4886526295e-23, 8.50923306316e-23, 9.31961598714e-23, 1.47444653887e-22, 6.51311268145e-23, 1.70888060133e-22, 1.42050208447e-22, 1.2315367024e-22, 9.92067940309e-23, 3.79849324343e-22, 3.50009253275e-22, 5.03985890028e-22, 6.33643421819e-22, 6.05660695354e-22, 7.05248364052e-22, 1.25691144209e-21, 1.92862632618e-21, 2.30315496673e-21],
        "var": [8.11668269307e-06, 0.000155449728481, 6.28719644737e-05, 7.41861658753e-05, 2.1884108719e-05, 3.61491174772e-06, 1.89695560948e-06, 1.84261386948e-06, 4.53482198282e-06, 2.54229280472e-06, 1.70529710886e-06, 1.27328758026e-06, 8.17192756131e-07, 7.02486659065e-07, 7.10964116024e-07, 6.20141463514e-07, 6.44571514385e-07, 6.37947721316e-07, 8.43741929657e-07, 7.77600632773e-07, 1.05916137727e-06, 1.02446222172e-06, 5.71670568661e-07, 4.23756461032e-07, 5.77786977374e-07, 3.04539895524e-07, 3.65252788015e-08]
    },
    "erbbands": {
        "dmean": [0.205110803246, 0.807158589363, 2.4966738224, 5.23230266571, 5.88338565826, 6.01949167252, 6.26450204849, 8.10034179688, 7.71512985229, 10.5706262589, 13.9763145447, 21.0118656158, 24.1805553436, 20.9382991791, 22.5198841095, 17.6856956482, 18.2244224548, 21.1173744202, 21.4124622345, 22.5876579285, 23.9873371124, 23.2197170258, 22.5978488922, 23.0919818878, 24.6069564819, 21.3351097107, 20.6707019806, 20.0243835449, 18.4285087585, 13.4739055634, 10.7894458771, 8.19223880768, 4.84361124039, 3.24572134018, 2.35309076309, 0.925680816174, 0.317507088184, 0.0995453074574, 0.00989275518805, 0.000149675906869],
        "dmean2": [0.263980984688, 1.12924027443, 3.71344089508, 8.33685779572, 9.5402431488, 10.7582702637, 11.0247735977, 13.4882030487, 13.1512947083, 18.2305278778, 24.0531463623, 35.1707267761, 40.7113456726, 34.6694030762, 36.4726333618, 29.497751236, 30.4389801025, 35.5430297852, 36.425327301, 38.8103408813, 40.7975616455, 38.6180305481, 37.3887939453, 37.6117362976, 39.9817390442, 34.8473243713, 33.6919670105, 32.1957511902, 30.0330429077, 21.5732250214, 17.378528595, 13.3886241913, 7.80175161362, 5.18415880203, 3.8098320961, 1.45765507221, 0.482623755932, 0.148806750774, 0.0151623357087, 0.000228440083447],
        "dvar": [0.0801087468863, 2.93653798103, 65.3808288574, 303.755279541, 607.426818848, 353.951202393, 251.775344849, 294.17388916, 334.776855469, 535.012756348, 912.901916504, 2107.93798828, 2835.75024414, 1842.81494141, 2086.46020508, 1178.9901123, 949.639892578, 1854.59545898, 1791.58935547, 1517.41442871, 1381.32434082, 1354.23132324, 1091.95080566, 1078.98242188, 1351.89465332, 1131.80322266, 997.366882324, 971.850891113, 847.854553223, 433.100860596, 259.27911377, 185.85786438, 64.4923019409, 36.5233840942, 43.8544044495, 7.15018081665, 0.446692883968, 0.0288244057447, 0.000315123703331, 6.1411746799e-08],
        "dvar2": [0.128066375852, 5.5384221077, 134.994903564, 672.04876709, 1436.33666992, 999.131286621, 689.190673828, 762.283508301, 886.92956543, 1468.01794434, 2339.22973633, 5209.18164062, 7283.7578125, 4533.46582031, 5130.54589844, 2938.84521484, 2491.95263672, 5085.04589844, 4881.69775391, 4163.65380859, 3641.01977539, 3475.83398438, 2765.51098633, 2807.17602539, 3338.02124023, 2847.76757812, 2468.78564453, 2402.67919922, 2159.08154297, 1053.49377441, 615.999633789, 483.407196045, 160.734008789, 94.8882217407, 127.176017761, 21.6238479614, 1.20011353493, 0.0604354962707, 0.000683331105392, 1.3210738814e-07],
        "max": [3.85469341278, 23.6949005127, 89.6471481323, 188.655990601, 317.323120117, 303.958526611, 346.470367432, 382.885681152, 405.598358154, 393.374206543, 525.950256348, 1122.10583496, 769.589294434, 744.475708008, 1069.18225098, 626.951171875, 672.1640625, 945.871276855, 921.700012207, 427.540893555, 535.545898438, 540.233764648, 831.191833496, 555.918579102, 943.191833496, 1168.87890625, 573.073913574, 687.026916504, 545.657653809, 358.497375488, 190.089706421, 317.09777832, 159.710067749, 132.595535278, 206.003417969, 98.7450256348, 18.5945663452, 4.63575983047, 0.474298089743, 0.00652694143355],
        "mean": [0.634321987629, 1.5958943367, 2.65096902847, 4.81985807419, 5.1672577858, 4.93113946915, 5.69462871552, 8.13409805298, 7.75321102142, 10.935218811, 14.2653255463, 22.9262866974, 26.2528553009, 24.2349205017, 29.0983963013, 22.9299221039, 24.3124923706, 26.2289810181, 27.2867946625, 29.3505153656, 33.2635040283, 34.6421089172, 36.4445457458, 38.3784675598, 40.4075698853, 36.3596572876, 35.3933372498, 34.9589920044, 32.395565033, 23.6558074951, 18.8315753937, 14.0717382431, 9.00558567047, 6.13993740082, 3.99794006348, 1.74713289738, 0.662586092949, 0.205125883222, 0.0187727492303, 0.000332566647558],
        "median": [0.410942733288, 0.893627882004, 0.332242131233, 0.389705061913, 0.531547427177, 0.840146303177, 1.17601954937, 1.78836679459, 1.93855190277, 3.33166885376, 3.99431800842, 8.21106147766, 8.68078041077, 7.92023468018, 12.5243616104, 10.7234420776, 13.525686264, 13.3271713257, 14.9066257477, 17.861743927, 20.8830986023, 22.556186676, 25.9026412964, 28.371219635, 28.3437480927, 26.1969795227, 25.5711994171, 24.2744522095, 22.0458259583, 16.3902111053, 13.3407897949, 9.99248695374, 6.75645828247, 4.47962188721, 2.3724064827, 1.10900640488, 0.392252504826, 0.10405395925, 0.00854545459151, 0.000199761067051],
        "min": [4.80468949323e-21, 8.50253297088e-21, 1.81214285733e-20, 2.11618843956e-20, 6.82740725058e-20, 1.04526600557e-19, 1.21895444376e-18, 5.20961555111e-19, 2.96075755181e-19, 3.83505695699e-19, 5.24658845654e-19, 6.33347638107e-19, 1.11034604293e-18, 1.28010439093e-18, 4.12846877701e-18, 5.19637921374e-18, 7.27881302329e-18, 3.41706594646e-18, 3.92047958866e-18, 1.094416695e-17, 7.92200716091e-18, 8.44571588624e-18, 6.18463215748e-18, 1.23018499222e-17, 2.04044761058e-17, 1.74918259308e-17, 1.43810957777e-17, 2.57531764934e-17, 2.14730065144e-17, 1.80201031747e-17, 1.89192882052e-17, 1.10318464405e-17, 1.49369346795e-17, 1.43339564089e-17, 8.89571620154e-18, 7.50563587342e-18, 3.02651137947e-18, 1.56062387732e-18, 3.23268619885e-19, 3.18176573582e-20],
        "var": [0.470915824175, 5.33309412003, 75.19947052, 307.762542725, 532.57409668, 239.406845093, 212.626815796, 296.252471924, 371.786560059, 505.253234863, 1028.57763672, 2382.74145508, 2884.26049805, 2302.77783203, 2797.52954102, 1601.00561523, 1263.95703125, 1888.31896973, 1958.0369873, 1552.1114502, 1867.21057129, 1966.67272949, 1848.9395752, 1787.11071777, 2338.27392578, 1727.2644043, 1633.01501465, 1732.23242188, 1591.84069824, 759.947143555, 430.253051758, 245.05569458, 101.700042725, 53.742225647, 47.984577179, 8.09864234924, 0.797193408012, 0.0950523614883, 0.000945293344557, 1.97671582214e-07]
    },
    "gfcc": {
        "mean": [16.7195949554, 24.0688610077, -104.431144714, 31.761888504, -46.6307487488, 21.6141605377, -23.5013637543, 16.7774944305, -18.7159366608, 9.96893978119, -13.9321260452, 6.82808494568, -10.1505899429],
        "cov": [[21378.609375, -5546.84277344, -1803.16601562, 1465.2454834, -308.448577881, 1329.80041504, 227.531005859, 1127.92541504, 14.985162735, 647.640258789, -305.426879883, 765.959411621, -89.8836135864], [-5546.84277344, 4146.33300781, 273.405883789, -882.076293945, 108.380302429, -779.222961426, -100.705482483, -510.709350586, 119.0938797, -268.016204834, 287.147460938, -319.187561035, 165.8490448], [-1803.16601562, 273.405883789, 1755.67382812, 447.479431152, 323.978729248, 131.336135864, 38.4464797974, -61.95885849, -38.9878463745, 67.1696624756, 33.8944320679, -20.0836467743, -72.3460998535], [1465.2454834, -882.076293945, 447.479431152, 935.833312988, 234.809707642, 329.00604248, 95.8654022217, 134.723342896, -8.70096588135, 62.3348236084, -75.3901596069, 49.4959335327, -50.5321998596], [-308.448577881, 108.380302429, 323.978729248, 234.809707642, 622.850769043, 259.325561523, 258.603057861, 126.273971558, 140.828567505, 90.6431274414, 88.0781555176, -4.42622995377, 16.1615829468], [1329.80041504, -779.222961426, 131.336135864, 329.00604248, 259.325561523, 496.994567871, 299.286407471, 294.379760742, 118.019927979, 163.618240356, 16.6101284027, 104.410942078, -24.4059524536], [227.531005859, -100.705482483, 38.4464797974, 95.8654022217, 258.603057861, 299.286407471, 427.242584229, 277.336761475, 220.959671021, 118.465393066, 92.1417770386, 67.5508422852, 22.036649704], [1127.92541504, -510.709350586, -61.95885849, 134.723342896, 126.273971558, 294.379760742, 277.336761475, 364.987091064, 194.070480347, 158.389297485, 56.7309303284, 109.854560852, 9.21331214905], [14.985162735, 119.0938797, -38.9878463745, -8.70096588135, 140.828567505, 118.019927979, 220.959671021, 194.070480347, 254.603973389, 140.739532471, 121.813209534, 57.7124061584, 46.3603286743], [647.640258789, -268.016204834, 67.1696624756, 62.3348236084, 90.6431274414, 163.618240356, 118.465393066, 158.389297485, 140.739532471, 215.8621521, 120.521812439, 99.5907592773, 21.5918769836], [-305.426879883, 287.147460938, 33.8944320679, -75.3901596069, 88.0781555176, 16.6101284027, 92.1417770386, 56.7309303284, 121.813209534, 120.521812439, 192.455978394, 75.2279205322, 66.7574462891], [765.959411621, -319.187561035, -20.0836467743, 49.4959335327, -4.42622995377, 104.410942078, 67.5508422852, 109.854560852, 57.7124061584, 99.5907592773, 75.2279205322, 153.505462646, 60.1547355652], [-89.8836135864, 165.8490448, -72.3460998535, -50.5321998596, 16.1615829468, -24.4059524536, 22.036649704, 9.21331214905, 46.3603286743, 21.5918769836, 66.7574462891, 60.1547355652, 110.399971008]],
        "icov": [[0.000113869231427, -3.60545964213e-05, 0.00017413419846, -0.000153325992869, -1.09013408292e-05, -4.38151764683e-05, 8.86927882675e-05, -0.000206609882298, 0.000265241280431, -0.000436156551586, 0.000416094582761, -0.000528793723788, 0.000192693245481], [-3.60545964213e-05, 0.00101115321741, -0.000392042653402, 0.000466802506708, -2.39842884184e-05, 0.000507306365762, -0.000261376728304, 0.000684588914737, -0.00122823636048, 0.0017214451218, -0.00218451581895, 0.00224795425311, -0.0012057289714], [0.00017413419846, -0.000392042653402, 0.00116444169544, -0.00072547927266, -0.000354288669769, -3.86665342376e-05, -2.33069604292e-05, -4.04895217798e-05, 0.00112458271906, -0.00164730474353, 0.00106403115205, -0.00163060857449, 0.00130808434915], [-0.000153325992869, 0.000466802506708, -0.00072547927266, 0.00216522114351, -0.000409202912124, -0.000848966883495, 0.000460924435174, 0.000381165271392, -0.000997626921162, 0.00145756918937, -0.00045617565047, 0.000947712163907, -0.000668709923048], [-1.09013408292e-05, -2.39842884184e-05, -0.000354288669769, -0.000409202912124, 0.00326380669139, -0.0018522272585, -0.000784811098129, 0.000724357028957, -0.000682493438944, 0.000477793015307, -0.0016365343472, 0.00256831292063, -0.0014000487281], [-4.38151764683e-05, 0.000507306365762, -3.86665342376e-05, -0.000848966883495, -0.0018522272585, 0.00942075811327, -0.00463259406388, -0.00229313736781, 0.00345323327929, -0.00419273274019, 0.00243827374652, -0.00136386242229, 0.000896789017133], [8.86927882675e-05, -0.000261376728304, -2.33069604292e-05, 0.000460924435174, -0.000784811098129, -0.00463259406388, 0.00950388517231, -0.00301079964265, -0.00478403968737, 0.00452609127387, -0.00207268144004, -0.000442634162027, 0.000723816629034], [-0.000206609882298, 0.000684588914737, -4.04895217798e-05, 0.000381165271392, 0.000724357028957, -0.00229313736781, -0.00301079964265, 0.0116228694096, -0.0061534838751, 0.000151639484102, 0.000804255832918, -0.00162712985184, 0.000923961342778], [0.000265241280431, -0.00122823636048, 0.00112458271906, -0.000997626921162, -0.000682493438944, 0.00345323327929, -0.00478403968737, -0.0061534838751, 0.0170515812933, -0.00949264317751, 0.00133387267124, 0.000494912499562, -0.00170700100716], [-0.000436156551586, 0.0017214451218, -0.00164730474353, 0.00145756918937, 0.000477793015307, -0.00419273274019, 0.00452609127387, 0.000151639484102, -0.00949264317751, 0.0210537258536, -0.0127159738913, 0.0013720340794, 0.00154377217405], [0.000416094582761, -0.00218451581895, 0.00106403115205, -0.00045617565047, -0.0016365343472, 0.00243827374652, -0.00207268144004, 0.000804255832918, 0.00133387267124, -0.0127159738913, 0.0212145987898, -0.0103356614709, -3.55171614501e-05], [-0.000528793723788, 0.00224795425311, -0.00163060857449, 0.000947712163907, 0.00256831292063, -0.00136386242229, -0.000442634162027, -0.00162712985184, 0.000494912499562, 0.0013720340794, -0.0103356614709, 0.0245578009635, -0.0125030186027], [0.000192693245481, -0.0012057289714, 0.00130808434915, -0.000668709923048, -0.0014000487281, 0.000896789017133, 0.000723816629034, 0.000923961342778, -0.00170700100716, 0.00154377217405, -3.55171614501e-05, -0.0125030186027, 0.0190079230815]]
    },
    "melbands": {
        "dmean": [0.0014970691409, 0.00112707866356, 0.000900940445717, 0.000405260361731, 0.000229230092373, 0.000177482987056, 0.00011867046851, 0.000120272721688, 0.000117714385851, 0.00013867605594, 0.000122137396829, 8.62998203957e-05, 7.71900231484e-05, 5.99509839958e-05, 3.89261622331e-05, 4.681653445e-05, 3.97437397623e-05, 3.50379195879e-05, 3.52690549335e-05, 2.99141102005e-05, 2.93793327728e-05, 2.52915688179e-05, 2.40431400016e-05, 1.99663609237e-05, 1.9847011572e-05, 2.06851036637e-05, 1.62093729159e-05, 1.51533986354e-05, 1.40117335832e-05, 1.25283177113e-05, 1.24370917547e-05, 1.14972854135e-05, 9.03453201317e-06, 7.6088899732e-06, 6.52673270451e-06, 6.41704809823e-06, 4.79566460854e-06, 3.67406300938e-06, 2.99461135e-06, 2.81967595583e-06],
        "dmean2": [0.00198612036183, 0.00157863390632, 0.00140947441105, 0.0006837726105, 0.000406234816182, 0.000296515558148, 0.000203043062356, 0.000207426841371, 0.000202249604627, 0.00023045182752, 0.000206409124075, 0.000143588607898, 0.000125011734781, 9.94647489279e-05, 6.6063941631e-05, 7.82744318713e-05, 6.74238763168e-05, 6.01903338975e-05, 6.10319875705e-05, 5.10102872795e-05, 4.9974754802e-05, 4.20618052885e-05, 4.05809114454e-05, 3.28860405716e-05, 3.2705564081e-05, 3.39927537425e-05, 2.63910733338e-05, 2.50022476393e-05, 2.31489339058e-05, 2.04368807317e-05, 2.00890899578e-05, 1.89076999959e-05, 1.46503052747e-05, 1.23150666695e-05, 1.05523386082e-05, 1.05112158053e-05, 7.89091336628e-06, 5.98822498432e-06, 4.80337439512e-06, 4.57247779195e-06],
        "dvar": [3.89176420867e-06, 1.0076712897e-05, 9.56426083576e-06, 1.88346837149e-06, 3.57187445843e-07, 1.37325272931e-07, 7.65120873325e-08, 6.7455168562e-08, 6.72856401707e-08, 8.99517758057e-08, 7.23689836946e-08, 3.27416813661e-08, 2.43243647446e-08, 1.77070855756e-08, 5.17649922926e-09, 8.13853251458e-09, 7.00275970544e-09, 5.9482143655e-09, 4.59383198148e-09, 2.31903718451e-09, 2.23829021984e-09, 1.76773662375e-09, 1.52119461472e-09, 8.13812406353e-10, 8.38317304463e-10, 9.81469794326e-10, 6.45315967329e-10, 5.80515691073e-10, 4.68825700484e-10, 3.21316473428e-10, 4.0519820832e-10, 3.2935101868e-10, 1.80562523266e-10, 1.50996395942e-10, 9.27418211671e-11, 1.08193010107e-10, 7.87292869786e-11, 3.74087982813e-11, 3.23851709338e-11, 3.19796897297e-11],
        "dvar2": [6.88374666424e-06, 1.85999797395e-05, 1.98408561118e-05, 4.80704829897e-06, 9.94434003587e-07, 3.57834238685e-07, 2.04911003721e-07, 1.84563404559e-07, 1.68117367139e-07, 2.23792824272e-07, 1.86444665928e-07, 8.12835097008e-08, 5.9692325749e-08, 4.32845688181e-08, 1.39053533132e-08, 2.11812469786e-08, 1.9372581761e-08, 1.62974878037e-08, 1.26990240545e-08, 6.19972784222e-09, 5.88022208703e-09, 4.51274617674e-09, 3.97721500178e-09, 2.0830437375e-09, 2.201717475e-09, 2.50953546832e-09, 1.5862314795e-09, 1.4903760448e-09, 1.20104859391e-09, 7.77108877248e-10, 1.01952490894e-09, 8.51532178103e-10, 4.39509817429e-10, 3.79836551101e-10, 2.25628044026e-10, 2.74666511757e-10, 2.11499762148e-10, 9.46129424806e-11, 8.44159533941e-11, 8.55251008902e-11],
        "max": [0.0291288848966, 0.0371247045696, 0.0336240790784, 0.0175123605877, 0.013315923512, 0.00849265698344, 0.00606722850353, 0.00399646814913, 0.00462323520333, 0.008351133205, 0.00388343911618, 0.00330450059846, 0.00332965794951, 0.0026972736232, 0.00184398447163, 0.00196228409186, 0.00209563830867, 0.0019682564307, 0.00103256420698, 0.000727987557184, 0.000842267822009, 0.000702026241925, 0.000920884020161, 0.000592061667703, 0.000493532512337, 0.000693079608027, 0.000927858112846, 0.000740387360565, 0.000342435145285, 0.000433058303315, 0.00036861965782, 0.000332341296598, 0.000173463355168, 0.000264873553533, 0.000135394540848, 0.000108529638965, 0.000292349024676, 0.000139462208608, 0.000188739577425, 0.000147390470374],
        "mean": [0.00432766461745, 0.00158607994672, 0.000874512887094, 0.000348358415067, 0.000207156481338, 0.00017880332598, 0.000119336640637, 0.000123408535728, 0.000119256575999, 0.00015086226631, 0.000129759107949, 9.58391246968e-05, 9.50084722717e-05, 7.44916833355e-05, 4.7860055929e-05, 5.88948314544e-05, 4.63155447505e-05, 4.24527934229e-05, 4.20199103246e-05, 3.91184876207e-05, 3.8487927668e-05, 3.55696865881e-05, 3.40157566825e-05, 3.1344461604e-05, 3.08069793391e-05, 3.08651688101e-05, 2.61665263679e-05, 2.39348555624e-05, 2.20993060793e-05, 2.08341898542e-05, 2.00257254619e-05, 1.91635572264e-05, 1.50119467435e-05, 1.24397201944e-05, 1.10237024273e-05, 9.83289282885e-06, 8.10338224255e-06, 6.46429589324e-06, 5.41672397958e-06, 5.07893673785e-06],
        "median": [0.0033597657457, 0.000596616184339, 7.42422053008e-05, 5.09808196512e-05, 4.33818713645e-05, 4.00392382289e-05, 2.97693513858e-05, 3.59684563591e-05, 3.04008608509e-05, 5.22482769156e-05, 4.00160352001e-05, 2.77005347016e-05, 3.71832575183e-05, 3.10912510031e-05, 2.32432630582e-05, 2.81000775431e-05, 2.10359576158e-05, 2.10398502531e-05, 2.11209408008e-05, 2.29710058193e-05, 2.2145533876e-05, 2.08791261684e-05, 2.13715757127e-05, 2.14395531657e-05, 2.17115193664e-05, 2.07528319152e-05, 1.75441709871e-05, 1.66280005942e-05, 1.52782522491e-05, 1.43627403304e-05, 1.31295255414e-05, 1.25572514662e-05, 9.71737972577e-06, 8.40251232148e-06, 7.71687609813e-06, 6.41605402052e-06, 5.84077497479e-06, 4.75521301269e-06, 3.83711767427e-06, 3.57840963261e-06],
        "min": [3.18837067507e-23, 9.83128158323e-24, 5.78122749177e-24, 3.71542087319e-24, 3.34749843469e-23, 1.46994763357e-23, 3.94686082987e-24, 5.18239331786e-24, 4.5199473727e-24, 3.79743321948e-24, 5.90753358903e-24, 4.55422022359e-24, 1.25213572235e-23, 1.0067797071e-23, 1.80651750537e-23, 1.2885792029e-23, 5.53824216131e-24, 4.56209029441e-24, 1.47708666699e-23, 1.23571077055e-23, 7.68505296195e-24, 9.43397573262e-24, 5.08273612527e-24, 5.69942813793e-24, 1.05483009258e-23, 1.10464090006e-23, 1.52767631684e-23, 1.17209860488e-23, 7.81158072912e-24, 1.11723608993e-23, 1.61314182286e-23, 1.16966938661e-23, 1.2769239408e-23, 9.06686668861e-24, 1.17865411789e-23, 7.81174638991e-24, 6.51443583785e-24, 9.98983473657e-24, 1.14199275395e-23, 1.30193966674e-23],
        "var": [1.90430055227e-05, 1.4448377442e-05, 1.04605078377e-05, 1.49648451497e-06, 2.82797088857e-07, 1.39139572752e-07, 8.2241044197e-08, 6.4728951088e-08, 8.07353828236e-08, 1.00004889703e-07, 7.31291720513e-08, 3.96028418947e-08, 3.13006189856e-08, 2.24451035535e-08, 6.31620489244e-09, 9.89130910511e-09, 7.00429980682e-09, 6.07974115496e-09, 4.50661241658e-09, 2.85966939018e-09, 2.96992119786e-09, 2.58822696608e-09, 2.05580263923e-09, 1.40445788332e-09, 1.2942601435e-09, 1.43389256024e-09, 1.11337705722e-09, 8.00777832932e-10, 6.89156731681e-10, 5.777545109e-10, 6.71688316078e-10, 5.763397537e-10, 3.70883684875e-10, 2.21100568409e-10, 1.53320620089e-10, 1.34611544134e-10, 9.26315413263e-11, 5.59039030346e-11, 4.37300855249e-11, 4.16642276235e-11]
    },
    "mfcc": {
        "mean": [-625.658630371, 62.6345977783, 1.52800226212, 19.9553909302, 4.55463171005, 10.9134464264, 8.25740432739, 10.0843887329, 6.2501950264, 7.49424505234, 3.29800510406, 4.16167402267, 2.26243662834],
        "cov": [[12576.4746094, -2977.19506836, -707.414367676, 111.160697937, -137.739364624, 281.507202148, 265.784667969, 569.832397461, 535.034912109, 174.125183105, 403.742828369, 150.436859131, 175.026321411], [-2977.19506836, 2785.9375, 83.0879669189, -162.040710449, -43.5047836304, -281.979888916, -222.186935425, -291.827178955, -276.697967529, -21.5461940765, -182.109024048, 40.987865448, 0.0970774590969], [-707.414367676, 83.0879669189, 1019.12219238, 359.820037842, 224.715652466, 164.273513794, 74.5125961304, -35.692855835, -39.4393196106, -40.9954109192, -18.7963809967, -1.31303632259, 34.4077033997], [111.160697937, -162.040710449, 359.820037842, 518.38861084, 278.16317749, 178.478210449, 94.7822875977, 44.2119789124, 26.0779571533, 25.2776069641, 14.8001375198, -13.4580526352, -21.850769043], [-137.739364624, -43.5047836304, 224.715652466, 278.16317749, 415.001678467, 230.295043945, 161.022994995, 59.1194801331, 58.9466781616, 74.1820678711, 55.7474479675, 52.4904594421, 39.8983612061], [281.507202148, -281.979888916, 164.273513794, 178.478210449, 230.295043945, 299.485595703, 214.144515991, 135.193527222, 126.76234436, 90.3601531982, 97.0007400513, 57.2366142273, 53.8419837952], [265.784667969, -222.186935425, 74.5125961304, 94.7822875977, 161.022994995, 214.144515991, 267.752044678, 195.872772217, 153.527694702, 119.914505005, 112.075622559, 90.6322097778, 80.9449310303], [569.832397461, -291.827178955, -35.692855835, 44.2119789124, 59.1194801331, 135.193527222, 195.872772217, 280.253295898, 219.108474731, 121.572555542, 128.006195068, 86.9764404297, 77.9618759155], [535.034912109, -276.697967529, -39.4393196106, 26.0779571533, 58.9466781616, 126.76234436, 153.527694702, 219.108474731, 249.927642822, 142.475601196, 147.198074341, 82.241104126, 67.3211288452], [174.125183105, -21.5461940765, -40.9954109192, 25.2776069641, 74.1820678711, 90.3601531982, 119.914505005, 121.572555542, 142.475601196, 187.312408447, 132.903381348, 103.06955719, 66.9030685425], [403.742828369, -182.109024048, -18.7963809967, 14.8001375198, 55.7474479675, 97.0007400513, 112.075622559, 128.006195068, 147.198074341, 132.903381348, 204.295761108, 120.564826965, 78.2054214478], [150.436859131, 40.987865448, -1.31303632259, -13.4580526352, 52.4904594421, 57.2366142273, 90.6322097778, 86.9764404297, 82.241104126, 103.06955719, 120.564826965, 180.392868042, 137.410461426], [175.026321411, 0.0970774590969, 34.4077033997, -21.850769043, 39.8983612061, 53.8419837952, 80.9449310303, 77.9618759155, 67.3211288452, 66.9030685425, 78.2054214478, 137.410461426, 182.115493774]],
