{
"lowlevel": {
    "average_loudness": 0.861125588417,
    "barkbands_crest": {
        "dmean": 3.1388323307,
        "dmean2": 4.54036855698,
        "dvar": 11.9198293686,
        "dvar2": 27.620634079,
        "max": 26.9759654999,
        "mean": 13.6039447784,
        "median": 13.7505884171,
        "min": 2.11781930923,
        "var": 32.4818458557
    },
    "barkbands_flatness_db": {
        "dmean": 0.0316929332912,
        "dmean2": 0.0457300171256,
        "dvar": 0.00144951045513,
        "dvar2": 0.00330364797264,
        "max": 0.749555230141,
        "mean": 0.161399841309,
        "median": 0.121235735714,
        "min": 0.0116116125137,
        "var": 0.0161098465323
    },
    "barkbands_kurtosis": {
        "dmean": 23.0896835327,
        "dmean2": 35.1170349121,
        "dvar": 16579.4785156,
        "dvar2": 39340.5507812,
        "max": 4660.33544922,
        "mean": 76.194770813,
        "median": -0.357456684113,
        "min": -1.99256789684,
        "var": 180644.046875
    },
    "barkbands_skewness": {
        "dmean": 1.03461062908,
        "dmean2": 1.46411204338,
        "dvar": 3.00193786621,
        "dvar2": 6.04934930801,
        "max": 17.4772834778,
        "mean": 0.0210537500679,
        "median": 0.829048037529,
        "min": -60.8532562256,
        "var": 62.0129089355
    },
    "barkbands_spread": {
        "dmean": 10.208820343,
        "dmean2": 15.3239917755,
        "dvar": 161.832733154,
        "dvar2": 373.68661499,
        "max": 120.652809143,
        "mean": 47.3400688171,
        "median": 52.3108978271,
        "min": 0.0410820730031,
        "var": 784.942687988
    },
    "dissonance": {
        "dmean": 0.00946726743132,
        "dmean2": 0.0158140547574,
        "dvar": 0.00020645132463,
        "dvar2": 0.000549097021576,
        "max": 0.500000059605,
        "mean": 0.482736706734,
        "median": 0.490317285061,
        "min": 0.241120889783,
        "var": 0.0006792092463
    },
    "dynamic_complexity": 2.19013142586,
    "erbbands_crest": {
        "dmean": 2.51076626778,
        "dmean2": 4.08941888809,
        "dvar": 9.01080513,
        "dvar2": 21.6693058014,
        "max": 34.6705856323,
        "mean": 8.96160125732,
        "median": 6.42101287842,
        "min": 2.53809833527,
        "var": 48.6755180359
    },
    "erbbands_flatness_db": {
        "dmean": 0.0180467236787,
        "dmean2": 0.0265336427838,
        "dvar": 0.000472270941827,
        "dvar2": 0.00100568926428,
        "max": 0.723205864429,
        "mean": 0.170314699411,
        "median": 0.13481298089,
        "min": 0.0631112381816,
        "var": 0.0128083880991
    },
    "erbbands_kurtosis": {
        "dmean": 2.71308994293,
        "dmean2": 4.29078149796,
        "dvar": 308.876342773,
        "dvar2": 736.166870117,
        "max": 804.427490234,
        "mean": 5.24490690231,
        "median": 0.612341046333,
        "min": -1.89426732063,
        "var": 1123.15539551
    },
    "erbbands_skewness": {
        "dmean": 0.509267151356,
        "dmean2": 0.739439427853,
        "dvar": 0.504445910454,
        "dvar2": 1.2309845686,
        "max": 4.93240976334,
        "mean": -0.464201301336,
        "median": -0.374973803759,
        "min": -20.807510376,
        "var": 2.12030935287
    },
    "erbbands_spread": {
        "dmean": 11.1448783875,
        "dmean2": 15.9230728149,
        "dvar": 251.113952637,
        "dvar2": 493.806396484,
        "max": 187.099349976,
        "mean": 37.6942024231,
        "median": 32.8346252441,
        "min": 0.156993255019,
        "var": 658.742736816
    },
    "hfc": {
        "dmean": 14.3935518265,
        "dmean2": 23.4931545258,
        "dvar": 875.772155762,
        "dvar2": 2524.08325195,
        "max": 285.564117432,
        "mean": 36.8132324219,
        "median": 28.7438163757,
        "min": 1.15854043091e-16,
        "var": 1266.76794434
    },
    "melbands_crest": {
        "dmean": 4.22299289703,
        "dmean2": 6.44618558884,
        "dvar": 25.6720409393,
        "dvar2": 61.8988418579,
        "max": 36.696685791,
        "mean": 24.3704242706,
        "median": 27.6845741272,
        "min": 2.21522521973,
        "var": 72.5190887451
    },
    "melbands_flatness_db": {
        "dmean": 0.0414304360747,
        "dmean2": 0.0602310597897,
        "dvar": 0.00269874138758,
        "dvar2": 0.00623158132657,
        "max": 0.723762631416,
        "mean": 0.212299257517,
        "median": 0.176448613405,
        "min": 0.00769952544942,
        "var": 0.0178464986384
    },
    "melbands_kurtosis": {
        "dmean": 25.4144191742,
        "dmean2": 36.8849143982,
        "dvar": 5487.61572266,
        "dvar2": 10919.8525391,
        "max": 1262.29187012,
        "mean": 40.6001930237,
        "median": 7.5113401413,
        "min": -1.98725652695,
        "var": 11546.3330078
    },
    "melbands_skewness": {
        "dmean": 1.44572579861,
        "dmean2": 1.96935546398,
        "dvar": 4.92119550705,
        "dvar2": 9.95550727844,
        "max": 32.2942733765,
        "mean": 2.96840286255,
        "median": 2.71272468567,
        "min": -17.4200611115,
        "var": 22.7471542358
    },
    "melbands_spread": {
        "dmean": 17.9839057922,
        "dmean2": 27.962972641,
        "dvar": 642.68157959,
        "dvar2": 1622.74523926,
        "max": 264.156341553,
        "mean": 44.1004981995,
        "median": 40.5939674377,
        "min": 0.335440427065,
        "var": 1185.5715332
    },
    "pitch_salience": {
        "dmean": 0.0980020686984,
        "dmean2": 0.14823462069,
        "dvar": 0.0133505212143,
        "dvar2": 0.0307621974498,
        "max": 0.908232212067,
        "mean": 0.415851563215,
        "median": 0.404153883457,
        "min": 0.0286153350025,
        "var": 0.0305776335299
    },
    "silence_rate_20dB": {
        "dmean": 0,
        "dmean2": 0,
        "dvar": 0,
        "dvar2": 0,
        "max": 1,
        "mean": 1,
        "median": 1,
        "min": 1,
        "var": 0
    },
    "silence_rate_30dB": {
        "dmean": 0.0196141134948,
        "dmean2": 0.0392324104905,
        "dvar": 0.0192276332527,
        "dvar2": 0.0492025762796,
        "max": 1,
        "mean": 0.986143708229,
        "median": 1,
        "min": 0,
        "var": 0.013664114289
    },
    "silence_rate_60dB": {
        "dmean": 0.00916746631265,
        "dmean2": 0.0183368865401,
        "dvar": 0.00908331386745,
        "dvar2": 0.0229042768478,
        "max": 1,
        "mean": 0.0464719682932,
        "median": 0,
        "min": 0,
        "var": 0.0443119220436
    },
    "spectral_centroid": {
        "dmean": 364.540405273,
        "dmean2": 536.071472168,
        "dvar": 271253.65625,
        "dvar2": 530087.125,
        "max": 11049.1591797,
        "mean": 2645.29223633,
        "median": 3008.19384766,
        "min": 150.933517456,
        "var": 1047848.25
    },
    "spectral_complexity": {
        "dmean": 5.32459211349,
        "dmean2": 8.50245189667,
        "dvar": 43.9487724304,
        "dvar2": 110.514938354,
        "max": 55,
        "mean": 19.3808364868,
        "median": 20,
        "min": 0,
        "var": 113.924697876
    },
    "spectral_decrease": {
        "dmean": 2.11201567346e-09,
        "dmean2": 2.94251623068e-09,
        "dvar": 1.24610871532e-17,
        "dvar2": 2.18353728341e-17,
        "max": -7.19358065759e-29,
        "mean": -6.27259311159e-09,
        "median": -5.42620215427e-09,
        "min": -3.27640030662e-08,
        "var": 3.28137784439e-17
    },
    "spectral_energy": {
        "dmean": 0.00825405865908,
        "dmean2": 0.0113319670781,
        "dvar": 0.000173351130798,
        "dvar2": 0.000298227998428,
        "max": 0.125348478556,
        "mean": 0.0270133167505,
        "median": 0.0238710790873,
        "min": 1.07798023947e-20,
        "var": 0.000505133648403
    },
    "spectral_energyband_high": {
        "dmean": 0.00158415001351,
        "dmean2": 0.00263005262241,
        "dvar": 1.25303668028e-05,
        "dvar2": 3.61718484783e-05,
        "max": 0.0338436365128,
        "mean": 0.00342044373974,
        "median": 0.00252774707042,
        "min": 7.87549533144e-21,
        "var": 1.73841253854e-05
    },
    "spectral_energyband_low": {
        "dmean": 0.00617705658078,
        "dmean2": 0.00857263244689,
        "dvar": 0.000176090616151,
        "dvar2": 0.000336986908223,
        "max": 0.12147796154,
        "mean": 0.0148653490469,
        "median": 0.0124504864216,
        "min": 2.29334158756e-22,
        "var": 0.000378495285986
    },
    "spectral_energyband_middle_high": {
        "dmean": 0.00168697594199,
        "dmean2": 0.00265868962742,
        "dvar": 5.88093689657e-06,
        "dvar2": 1.59798200912e-05,
        "max": 0.0279060360044,
        "mean": 0.00403617648408,
        "median": 0.00349538400769,
        "min": 1.49664962858e-21,
        "var": 9.00322447706e-06
    },
    "spectral_energyband_middle_low": {
        "dmean": 0.00449008168653,
        "dmean2": 0.00735867302865,
        "dvar": 0.000161029834999,
        "dvar2": 0.000395103066694,
        "max": 0.109003297985,
        "mean": 0.00503694824874,
        "median": 0.00121405406389,
        "min": 3.73642591985e-22,
        "var": 0.000173079912202
    },
    "spectral_entropy": {
        "dmean": 0.17416806519,
        "dmean2": 0.268320053816,
        "dvar": 0.0639872178435,
        "dvar2": 0.161038950086,
        "max": 9.79800415039,
        "mean": 7.79485988617,
        "median": 8.18132400513,
        "min": 2.50056552887,
        "var": 1.28027713299
    },
    "spectral_flux": {
        "dmean": 0.0266318656504,
        "dmean2": 0.0371869541705,
        "dvar": 0.00145021895878,
        "dvar2": 0.00237562390976,
        "max": 0.373769819736,
        "mean": 0.0865021422505,
        "median": 0.0644395425916,
        "min": 1.03825829878e-10,
        "var": 0.00448290351778
    },
    "spectral_kurtosis": {
        "dmean": 2.99368643761,
        "dmean2": 4.94783592224,
        "dvar": 93.4903945923,
        "dvar2": 255.41355896,
        "max": 217.144439697,
        "mean": 9.642370224,
        "median": 2.09255290031,
        "min": -1.23791968822,
        "var": 884.789672852
    },
    "spectral_rms": {
        "dmean": 0.000738897477277,
        "dmean2": 0.00100821233355,
        "dvar": 9.90509533949e-07,
        "dvar2": 1.73365322098e-06,
        "max": 0.0110585354269,
        "mean": 0.00474589690566,
        "median": 0.00482585281134,
        "min": 3.24297403168e-12,
        "var": 3.8308457988e-06
    },
    "spectral_rolloff": {
        "dmean": 1284.12207031,
        "dmean2": 2104.02099609,
        "dvar": 3420726.75,
        "dvar2": 8329919,
        "max": 18303.2226562,
        "mean": 3496.01147461,
        "median": 3380.71289062,
        "min": 64.599609375,
        "var": 6996247
    },
    "spectral_skewness": {
        "dmean": 0.285873651505,
        "dmean2": 0.454040974379,
        "dvar": 0.344942778349,
        "dvar2": 0.902615606785,
        "max": 11.268611908,
        "mean": 1.58001458645,
        "median": 1.18063831329,
        "min": -1.50257325172,
        "var": 2.49373102188
    },
    "spectral_spread": {
        "dmean": 555078.6875,
        "dmean2": 792032.3125,
        "dvar": 448018415616,
        "dvar2": 683782963200,
        "max": 42642412,
        "mean": 5508418.5,
        "median": 5986658,
        "min": 264594.59375,
        "var": 4.20340328038e+12
    },
    "spectral_strongpeak": {
        "dmean": 0.318627268076,
        "dmean2": 0.511650919914,
        "dvar": 0.492477148771,
        "dvar2": 1.19507133961,
        "max": 12.6145448685,
        "mean": 0.720047652721,
        "median": 0.318811446428,
        "min": 0,
        "var": 1.92636954784
    },
    "zerocrossingrate": {
        "dmean": 0.0203265231103,
        "dmean2": 0.0234602484852,
        "dvar": 0.000471431820188,
        "dvar2": 0.000618776772171,
        "max": 0.64990234375,
        "mean": 0.106979444623,
        "median": 0.103515625,
        "min": 0.00439453125,
        "var": 0.00381901604123
    },
    "barkbands": {
        "dmean": [0.000613814743701, 0.00525905983523, 0.00235258950852, 0.00108413421549, 0.00260734884068, 0.000596847617999, 0.00062806106871, 0.000238231848925, 0.000179548747838, 0.000149598403368, 0.000188822319615, 0.000190888691577, 0.000315105775371, 0.000294429890346, 0.000299688457744, 0.000222752671107, 0.000243112357566, 0.000272534118267, 0.00029609905323, 0.000275419268291, 0.000358571414836, 0.000320500606904, 0.000316365039907, 0.000349851179635, 0.000235171508393, 0.000139378811582, 1.05053968582e-05],
        "dmean2": [0.000866999151185, 0.00660751014948, 0.0042204731144, 0.0020455494523, 0.00417464552447, 0.00103675050195, 0.00112362334039, 0.000395642680814, 0.000288601702778, 0.000244400260272, 0.00030287032132, 0.000313232187182, 0.000498292909469, 0.0004527263809, 0.00047581110266, 0.000355616066372, 0.000399499287596, 0.000438940449385, 0.000491619517561, 0.000464288168587, 0.000629039190244, 0.000542240333743, 0.000529453565832, 0.000572027347516, 0.000385783234378, 0.000231993879424, 1.81509058166e-05],
        "dvar": [9.38033622333e-07, 0.000105406310468, 0.000102797486761, 2.25494113693e-05, 8.21334251668e-05, 4.48614810011e-06, 5.44168869965e-06, 8.45863382892e-07, 5.49928415694e-07, 1.85097860594e-07, 1.69448057363e-07, 1.68197246353e-07, 3.12927255663e-07, 3.89131457723e-07, 4.59462597746e-07, 1.76124643758e-07, 1.77759460485e-07, 1.57983649274e-07, 2.2281798806e-07, 1.96017055032e-07, 7.88291742992e-07, 4.32006544315e-07, 4.03721315934e-07, 5.68430834846e-07, 1.97624274278e-07, 6.62684129793e-08, 3.97606558789e-10],
        "dvar2": [2.04159391615e-06, 0.000172058513272, 0.000282636348857, 6.62128222757e-05, 0.000178720481927, 1.22879309856e-05, 1.58513066708e-05, 2.23942083721e-06, 1.0303116369e-06, 4.40493721499e-07, 3.9041663058e-07, 4.23091506718e-07, 7.46388252537e-07, 9.14203724278e-07, 1.12974589683e-06, 4.24763811679e-07, 4.73511249766e-07, 4.0004050561e-07, 5.95299752604e-07, 5.56820225484e-07, 2.36260552811e-06, 1.20799643355e-06, 1.10354881144e-06, 1.55495354193e-06, 5.39800339538e-07, 1.89234924619e-07, 1.09037334717e-09],
        "max": [0.01690794155, 0.11567581445, 0.0830926448107, 0.0429205074906, 0.0953462421894, 0.0358217135072, 0.0244335662574, 0.0419456660748, 0.0359593592584, 0.0160713177174, 0.00865412224084, 0.0111948605627, 0.0107118040323, 0.0243299696594, 0.0160094294697, 0.0103067085147, 0.00659513007849, 0.0052232760936, 0.00695269880816, 0.00420426204801, 0.0100959809497, 0.00723464926705, 0.00567247159779, 0.0091483797878, 0.00503121316433, 0.0027525993064, 0.000235489438637],
        "mean": [0.00148472934961, 0.0114670069888, 0.00160504505038, 0.000739306677133, 0.00259584467858, 0.000518185843248, 0.000626270018984, 0.000288508890662, 0.000220480214921, 0.000187965430086, 0.000236336141825, 0.000246432871791, 0.00046686764108, 0.000467214267701, 0.000442289398052, 0.000356639386155, 0.000381259538699, 0.000490876496769, 0.000559274747502, 0.00047528752475, 0.000588254537433, 0.000605729350355, 0.000584326859098, 0.000628242327366, 0.000468391459435, 0.000271762692137, 1.07104906419e-05],
        "median": [0.00125529034995, 0.00980721414089, 4.74320186186e-05, 5.64899601159e-05, 8.76578560565e-05, 7.07307481207e-05, 0.0001241426653, 5.22894406458e-05, 4.3419211579e-05, 5.30950492248e-05, 7.75145235821e-05, 9.41472681006e-05, 0.00021147064399, 0.000185530690942, 0.000226180141908, 0.000165381818078, 0.000217195847654, 0.000313937518513, 0.000354658637661, 0.000343268504366, 0.000423455378041, 0.000409072614275, 0.000343773892382, 0.000345322216162, 0.000296714075375, 0.000158240611199, 2.68594385489e-06],
        "min": [3.31250866701e-23, 3.67943248649e-23, 1.08626979686e-22, 8.14299334386e-23, 5.09700922229e-23, 5.8371194702e-23, 7.40316235271e-23, 4.19056607479e-23, 6.05872627569e-23, 6.79635855373e-23, 7.0907197917e-23, 1.4640533911e-22, 1.02431682655e-22, 1.77345145389e-22, 8.54123557237e-23, 1.19984405776e-22, 2.44232724652e-22, 1.31649007992e-22, 2.34906646947e-22, 2.7802146738e-22, 3.71807285e-22, 4.58699114642e-22, 9.20602039545e-22, 7.69904009689e-22, 1.16836828045e-21, 1.89124648666e-21, 2.29896675904e-21],
        "var": [2.6666687063e-06, 0.000216958724195, 6.74225302646e-05, 1.23934578369e-05, 0.00010278877744, 3.11941175823e-06, 3.42772887052e-06, 8.47724436426e-07, 1.08848564651e-06, 4.0015987679e-07, 2.68861327868e-07, 2.19935770929e-07, 5.60913406389e-07, 7.20732600712e-07, 6.54433108593e-07, 3.02933699459e-07, 2.50129431834e-07, 3.32367051215e-07, 4.99619602579e-07, 2.61143298985e-07, 6.39394556856e-07, 6.12828614521e-07, 6.83514372213e-07, 8.72232703841e-07, 3.5746489857e-07, 1.09550455818e-07, 4.35906977181e-10]
    },
    "erbbands": {
        "dmean": [0.239625439048, 0.944117844105, 2.58966445923, 3.16693639755, 5.27534151077, 11.5731830597, 5.7332482338, 4.66265916824, 8.59081935883, 7.3106470108, 4.3195643425, 4.45282411575, 3.96738958359, 6.25257015228, 7.19611215591, 8.24683952332, 13.621430397, 16.2415485382, 14.7244243622, 12.7371749878, 11.6617488861, 12.2149915695, 12.8140630722, 16.5732212067, 13.831454277, 13.0639095306, 15.0839443207, 13.2408037186, 11.0551891327, 10.8438739777, 9.25339221954, 7.84092283249, 6.009765625, 3.11434459686, 1.54139721394, 0.740658342838, 0.23700261116, 0.0377621166408, 0.000938006676733, 3.26482368109e-05],
        "dmean2": [0.312652498484, 1.34848713875, 4.42018795013, 5.81005096436, 9.03967571259, 18.2182693481, 9.33825874329, 8.11810874939, 15.3981609344, 12.726225853, 7.22764444351, 7.17105960846, 6.51526546478, 10.0235872269, 11.4412784576, 13.4341812134, 21.5695362091, 25.0762691498, 23.4879589081, 19.8836593628, 18.7632522583, 19.8866691589, 20.5535831451, 27.2830982208, 22.9417552948, 22.0197925568, 26.2556915283, 23.0597629547, 18.5187416077, 18.4694538116, 15.6498918533, 13.2901954651, 9.98264408112, 5.16012763977, 2.5178937912, 1.22561180592, 0.398122787476, 0.0638008862734, 0.00159814266954, 5.27930351382e-05],
        "dvar": [0.199523091316, 6.29777622223, 109.923271179, 190.070953369, 313.441497803, 1981.36279297, 352.074676514, 316.38494873, 1065.4666748, 705.989562988, 170.909011841, 407.358154297, 264.481781006, 183.79006958, 265.531555176, 315.344665527, 604.078125, 1100.13024902, 1322.49414062, 686.552307129, 369.799102783, 445.944641113, 335.454650879, 784.917175293, 474.587677002, 471.479217529, 975.181945801, 1085.18945312, 520.142822266, 510.97064209, 339.612426758, 258.995147705, 194.756729126, 37.1529884338, 7.60578298569, 1.7477337122, 0.197613894939, 0.00460665812716, 2.88681553684e-06, 3.15402370887e-09],
        "dvar2": [0.394585192204, 11.1869182587, 285.49887085, 544.466064453, 867.722412109, 3777.98510742, 899.016967773, 896.596252441, 3112.02099609, 1977.98571777, 434.406921387, 717.057678223, 674.676147461, 421.942321777, 610.708190918, 803.390380859, 1441.33544922, 2585.18139648, 3312.83300781, 1602.14709473, 882.594177246, 1159.97094727, 831.479187012, 2130.59423828, 1237.74243164, 1341.88513184, 2900.70288086, 3228.92382812, 1457.54272461, 1452.33117676, 931.011169434, 703.074462891, 552.638061523, 103.726272583, 20.0240440369, 4.90490484238, 0.571972429752, 0.0123835187405, 7.86074542702e-06, 8.60713722517e-09],
        "max": [4.51972150803, 25.0674915314, 87.8375701904, 123.237640381, 141.794219971, 528.805358887, 395.426239014, 270.558074951, 348.226226807, 737.58782959, 366.848632812, 1121.55664062, 775.481140137, 554.659118652, 338.513031006, 555.096923828, 494.768890381, 1376.12243652, 1154.40844727, 789.543823242, 412.446655273, 264.405334473, 328.52243042, 358.21484375, 469.30859375, 230.513031006, 339.910675049, 409.273681641, 259.85949707, 233.607330322, 154.081069946, 258.965515137, 133.683029175, 66.5715408325, 35.2293968201, 14.0122833252, 4.91295671463, 0.840177118778, 0.0173040162772, 0.000539779604878],
        "mean": [0.565803766251, 1.61209499836, 2.04012823105, 2.2175219059, 4.7367515564, 11.6707277298, 5.16253757477, 4.25071048737, 8.37700271606, 8.20140075684, 5.4448428154, 5.47970056534, 4.76447486877, 8.39098262787, 9.5039806366, 11.3445014954, 20.7431640625, 27.104801178, 22.4810752869, 21.3836174011, 19.8803215027, 20.9356307983, 24.0541667938, 28.8159236908, 28.4000320435, 23.1119441986, 24.6992988586, 21.8122062683, 20.8860569, 19.6058540344, 16.6012763977, 13.4648036957, 10.3155288696, 5.82856321335, 3.11667346954, 1.41837024689, 0.446037113667, 0.0631706118584, 0.00145703286398, 8.81975793163e-05],
        "median": [0.500306665897, 0.997935414314, 0.179035186768, 0.169721722603, 0.254256129265, 0.255897164345, 0.326114326715, 0.771083891392, 1.79107308388, 1.8389685154, 1.33457684517, 1.2012450695, 1.40656340122, 2.72318148613, 3.42976498604, 5.17084980011, 10.4078407288, 12.6516952515, 12.6246147156, 10.4657859802, 11.1811923981, 11.8552093506, 15.9787521362, 18.9088020325, 17.3912963867, 16.846496582, 17.3274116516, 15.2581214905, 14.2713813782, 12.1627922058, 9.80727386475, 7.53071689606, 5.46771335602, 3.57283687592, 1.9758541584, 0.838274419308, 0.254051446915, 0.0329938828945, 0.000705365091562, 6.64512190269e-05],
        "min": [2.17806954653e-21, 5.98291012889e-21, 8.94515182366e-20, 2.58972465407e-19, 1.95782328957e-19, 1.47702895292e-19, 1.17519979468e-19, 5.51679475845e-19, 7.54947220658e-19, 1.34811259596e-18, 1.32162565236e-18, 1.18418628486e-18, 1.52789130651e-18, 3.51400386283e-18, 3.48377454734e-18, 4.93987546887e-18, 4.78856345532e-18, 6.26029684965e-18, 8.14124807355e-18, 5.09453797749e-18, 7.19834323894e-18, 1.42201810244e-17, 9.02692276312e-18, 1.24355347169e-17, 9.70449287264e-18, 1.28228272972e-17, 1.19059645898e-17, 1.67639036831e-17, 1.81756197473e-17, 1.98335527383e-17, 2.44074595159e-17, 1.86153439978e-17, 1.27170342055e-17, 1.29465900604e-17, 7.51816435098e-18, 7.1324475498e-18, 4.0743819183e-18, 1.14290397523e-18, 3.43587562e-19, 3.12484052316e-20],
        "var": [0.381664514542, 9.31828022003, 82.8975753784, 112.679077148, 264.118225098, 2685.48803711, 322.411254883, 204.961090088, 638.911560059, 560.591552734, 232.856002808, 837.484130859, 267.390197754, 492.553253174, 412.395172119, 403.898376465, 1044.9942627, 2093.57592773, 1772.68920898, 1259.6315918, 715.413879395, 726.514587402, 743.246276855, 1143.5682373, 1662.69189453, 596.032775879, 903.762817383, 954.304504395, 732.224975586, 717.685424805, 530.625732422, 386.398834229, 264.121124268, 61.2950401306, 15.3083848953, 3.13282704353, 0.300629913807, 0.00705563044176, 4.02911564379e-06, 6.1227241055e-09]
    },
    "gfcc": {
        "mean": [-14.233587265, 19.0905094147, -112.145706177, 55.3213272095, -37.6479721069, 30.0646877289, -28.5890769958, 18.5893268585, -17.3149261475, 21.3778209686, -5.2669377327, 7.83495330811, -11.8700895309],
        "cov": [[15276.9912109, -2555.94360352, 948.803527832, -1388.56396484, -1906.20300293, 1913.57104492, -1195.52685547, 826.707580566, 10.8972730637, 594.749633789, -748.98840332, 1487.56225586, -335.636901855], [-2555.94360352, 5224.48144531, -244.099243164, -1324.52709961, -3.63369226456, -733.05847168, 546.361572266, -383.426483154, 343.380493164, -466.826293945, 207.949905396, -326.883605957, 155.07019043], [948.803527832, -244.099243164, 1013.48852539, 295.654846191, -23.3024787903, 141.935501099, -138.711578369, 1.52712857723, -150.56602478, -18.6219387054, -104.841712952, 78.5815887451, -49.0660018921], [-1388.56396484, -1324.52709961, 295.654846191, 1164.81115723, 507.8152771, -26.1360225677, 31.254447937, -2.70304727554, -179.280700684, 21.1895065308, 46.7112846375, -168.099090576, 15.0920677185], [-1906.20300293, -3.63369226456, -23.3024787903, 507.8152771, 773.42590332, 50.0913848877, 320.716674805, 2.60427331924, 62.2859916687, 62.4538497925, 178.251144409, -157.913009644, 7.07178640366], [1913.57104492, -733.05847168, 141.935501099, -26.1360225677, 50.0913848877, 723.618347168, 78.6068878174, 286.87097168, 96.7734222412, 239.883575439, -6.00485658646, 284.528167725, -73.0091629028], [-1195.52685547, 546.361572266, -138.711578369, 31.254447937, 320.716674805, 78.6068878174, 457.352630615, 142.81628418, 163.182418823, 57.9707183838, 177.494110107, -67.2485580444, 24.7646331787], [826.707580566, -383.426483154, 1.52712857723, -2.70304727554, 2.60427331924, 286.87097168, 142.81628418, 344.734008789, 166.343307495, 188.176712036, 32.8707084656, 144.178039551, -26.8690681458], [10.8972730637, 343.380493164, -150.56602478, -179.280700684, 62.2859916687, 96.7734222412, 163.182418823, 166.343307495, 266.55456543, 143.762451172, 87.6242523193, 45.0716552734, -10.1828975677], [594.749633789, -466.826293945, -18.6219387054, 21.1895065308, 62.4538497925, 239.883575439, 57.9707183838, 188.176712036, 143.762451172, 254.4790802, 81.1383743286, 124.324356079, -42.2963867188], [-748.98840332, 207.949905396, -104.841712952, 46.7112846375, 178.251144409, -6.00485658646, 177.494110107, 32.8707084656, 87.6242523193, 81.1383743286, 169.41545105, -12.5173168182, 18.7709445953], [1487.56225586, -326.883605957, 78.5815887451, -168.099090576, -157.913009644, 284.528167725, -67.2485580444, 144.178039551, 45.0716552734, 124.324356079, -12.5173168182, 255.556335449, -1.12528026104], [-335.636901855, 155.07019043, -49.0660018921, 15.0920677185, 7.07178640366, -73.0091629028, 24.7646331787, -26.8690681458, -10.1828975677, -42.2963867188, 18.7709445953, -1.12528026104, 89.2683181763]],
        "icov": [[0.000436333706602, -0.000271909550065, 0.000101065190393, -0.000199049638468, 0.000411392131355, -0.000519272231031, 0.000612494593952, -0.00046966606169, 0.000534998369403, -0.000746857607737, 0.00125666311942, -0.0014568476472, 0.000858080922626], [-0.000271909550065, 0.0014467384899, -0.000924462801777, 0.00170403753873, -0.000521195004694, 0.000596611294895, -0.00121327035595, 0.00125798524823, -0.00266783311963, 0.00323283555917, -0.00232375902124, 0.00160115631297, -0.00135101890191], [0.000101065190393, -0.000924462801777, 0.00196964945644, -0.00171496509574, 0.0003467570059, -0.000148884239024, 0.000247961957939, -0.000349106150679, 0.00183754833415, -0.00171180337202, 0.00219997181557, -0.00223725731485, 0.00194307963829], [-0.000199049638468, 0.00170403753873, -0.00171496509574, 0.00478776730597, -0.00225698854774, 0.00023764258367, 0.000645585823804, -0.0012699640356, -0.000178035508725, 0.0025114857126, -0.00374997779727, 0.00485199550167, -0.00362942554057], [0.000411392131355, -0.000521195004694, 0.0003467570059, -0.00225698854774, 0.00438402500004, -0.00169765588362, -0.00128460640553, 0.00166897452436, -0.000532799924258, -0.00154535693582, 0.000488422112539, -0.000457920570625, 0.00124584138393], [-0.000519272231031, 0.000596611294895, -0.000148884239024, 0.00023764258367, -0.00169765588362, 0.00594529649243, -0.00400110147893, 0.00112199946307, -0.000215163599933, -0.000864995177835, 0.00270741945133, -0.0047649811022, 0.00227005872875], [0.000612494593952, -0.00121327035595, 0.000247961957939, 0.000645585823804, -0.00128460640553, -0.00400110147893, 0.0119199547917, -0.00789123494178, 0.0017649945803, 0.00211319187656, -0.00695865228772, 0.00479327328503, -0.00168870133348], [-0.00046966606169, 0.00125798524823, -0.000349106150679, -0.0012699640356, 0.00166897452436, 0.00112199946307, -0.00789123494178, 0.0130229983479, -0.00674781575799, -0.00133017776534, 0.00430376594886, -0.00397602561861, 0.000610999763012], [0.000534998369403, -0.00266783311963, 0.00183754833415, -0.000178035508725, -0.000532799924258, -0.000215163599933, 0.0017649945803, -0.00674781575799, 0.0163345579058, -0.0111826360226, 0.00363344000652, -0.000286094786134, 0.000828733784147], [-0.000746857607737, 0.00323283555917, -0.00171180337202, 0.0025114857126, -0.00154535693582, -0.000864995177835, 0.00211319187656, -0.00133017776534, -0.0111826360226, 0.0233642254025, -0.0148253049701, 0.00186222814955, 0.00157446356025], [0.00125666311942, -0.00232375902124, 0.00219997181557, -0.00374997779727, 0.000488422112539, 0.00270741945133, -0.00695865228772, 0.00430376594886, 0.00363344000652, -0.0148253049701, 0.0266373027116, -0.0125098964199, 0.00363739044406], [-0.0014568476472, 0.00160115631297, -0.00223725731485, 0.00485199550167, -0.000457920570625, -0.0047649811022, 0.00479327328503, -0.00397602561861, -0.000286094786134, 0.00186222814955, -0.0125098964199, 0.0253223795444, -0.0128968320787], [0.000858080922626, -0.00135101890191, 0.00194307963829, -0.00362942554057, 0.00124584138393, 0.00227005872875, -0.00168870133348, 0.000610999763012, 0.000828733784147, 0.00157446356025, 0.00363739044406, -0.0128968320787, 0.0207803416997]]
    },
    "melbands": {
        "dmean": [0.00173113250639, 0.00121154019143, 0.000565956230275, 0.0006400741986, 0.000257357227383, 0.000109216853161, 0.000131828302983, 7.39204333513e-05, 3.24677275785e-05, 2.77781600744e-05, 1.96100390895e-05, 2.49474633165e-05, 2.41868783633e-05, 2.11921578739e-05, 2.31185440498e-05, 3.51984235749e-05, 3.12511183438e-05, 2.36257365032e-05, 2.13252205867e-05, 1.70786552189e-05, 1.42454209708e-05, 1.38474042615e-05, 1.26569702843e-05, 1.28544752442e-05, 1.4549658772e-05, 1.08102594822e-05, 9.94228594209e-06, 9.1470683401e-06, 9.85055339697e-06, 9.55678569881e-06, 7.26619055058e-06, 6.43764451524e-06, 7.30324336473e-06, 5.92482865613e-06, 5.33367528988e-06, 6.1088626353e-06, 4.52520680483e-06, 4.54999235444e-06, 3.3575611269e-06, 2.70643158728e-06],
        "dmean2": [0.00219288188964, 0.00182733836118, 0.00101872370578, 0.00102202570997, 0.000409208470955, 0.000190562917851, 0.000236043822952, 0.000127336330479, 5.39640896022e-05, 4.46494887001e-05, 3.22356863762e-05, 4.01246252295e-05, 3.84864288208e-05, 3.44386025972e-05, 3.72977156076e-05, 5.51979283046e-05, 4.82647556055e-05, 3.78970071324e-05, 3.3558531868e-05, 2.74039375654e-05, 2.31421290664e-05, 2.27349064517e-05, 2.06415825232e-05, 2.06196255021e-05, 2.40545559791e-05, 1.81336163223e-05, 1.66751433426e-05, 1.54809113155e-05, 1.71424380824e-05, 1.67694288393e-05, 1.25669830595e-05, 1.07953510451e-05, 1.22542833196e-05, 1.00819088402e-05, 8.95569610293e-06, 1.05001599877e-05, 7.71784925746e-06, 7.61778346714e-06, 5.66074004382e-06, 4.57413170807e-06],
        "dvar": [1.00222341644e-05, 1.72774089151e-05, 5.14468456458e-06, 5.51787798031e-06, 6.15737292264e-07, 1.67773819726e-07, 2.42616096102e-07, 7.29716589376e-08, 9.5348537954e-09, 1.40184894803e-08, 6.35783425906e-09, 3.17615933554e-09, 3.12161674287e-09, 1.90343651951e-09, 2.224551654e-09, 4.1360221914e-09, 4.93035168248e-09, 4.21359702685e-09, 2.5634026013e-09, 1.21392784713e-09, 5.34495059323e-10, 6.00503147208e-10, 3.79884179669e-10, 3.67748387298e-10, 6.11725003985e-10, 3.2969071917e-10, 2.20711005028e-10, 2.27660335028e-10, 3.48146705909e-10, 5.68861679984e-10, 2.40117287165e-10, 1.5951789889e-10, 1.96891142279e-10, 1.42975756234e-10, 9.84114248426e-11, 1.66580194083e-10, 8.08564673549e-11, 1.16980744536e-10, 4.85631465597e-11, 2.79554001476e-11],
        "dvar2": [1.82510102604e-05, 3.9545186155e-05, 1.43961196954e-05, 1.18756752272e-05, 1.40999873111e-06, 4.73120309152e-07, 7.08066977495e-07, 2.01079572548e-07, 2.33712889042e-08, 2.42618636292e-08, 1.62791486957e-08, 7.1739454377e-09, 6.98703672697e-09, 4.71979078043e-09, 5.33606669961e-09, 9.86412018733e-09, 1.16041309894e-08, 1.04732755801e-08, 6.30620089481e-09, 2.92106538957e-09, 1.28328392357e-09, 1.58112922755e-09, 9.48180534088e-10, 9.09386677073e-10, 1.64048019613e-09, 8.89383344749e-10, 5.74507608153e-10, 6.40059782953e-10, 1.01881347803e-09, 1.71226743895e-09, 7.03188007822e-10, 4.40610520291e-10, 5.54508050588e-10, 4.02436611813e-10, 2.57431631567e-10, 4.7431136796e-10, 2.1711663023e-10, 3.35121236317e-10, 1.35471148188e-10, 7.95214449845e-11],
        "max": [0.0359177775681, 0.035964794457, 0.01949390769, 0.0260040424764, 0.0125869903713, 0.00592167489231, 0.00506436824799, 0.00946192722768, 0.00299414317124, 0.00635851873085, 0.00376659980975, 0.00247893878259, 0.00139923824463, 0.00119066622574, 0.00106182892341, 0.00141981674824, 0.00314171984792, 0.00213000969961, 0.00154184072744, 0.00104004889727, 0.00066002208041, 0.000350367539795, 0.00031887498335, 0.000317073834594, 0.000351228023646, 0.000253899343079, 0.000278725463431, 0.000182080475497, 0.000187173878658, 0.000265513401246, 0.000194020714844, 0.000139355193824, 0.000152108375914, 0.000125302030938, 9.48245578911e-05, 0.00022729250486, 0.000167304096976, 0.000116165305371, 7.37213849789e-05, 6.49307039566e-05],
        "mean": [0.00392733374611, 0.00138851488009, 0.000430014770245, 0.000632410869002, 0.000246619893005, 9.73460701061e-05, 0.000131293156301, 8.47351911943e-05, 4.06661165471e-05, 3.42585954058e-05, 2.29440483963e-05, 3.27754023601e-05, 3.06375914079e-05, 2.80689946521e-05, 3.18901002174e-05, 5.28351010871e-05, 4.96756147186e-05, 3.4556574974e-05, 3.20802791975e-05, 2.66024180746e-05, 2.25153871725e-05, 2.14588435483e-05, 2.1218567781e-05, 2.31570320466e-05, 2.34899343923e-05, 1.92667721421e-05, 1.88746362255e-05, 1.46898810272e-05, 1.52354177771e-05, 1.45187359522e-05, 1.17445351862e-05, 1.12540610644e-05, 1.27279681692e-05, 1.00477718661e-05, 9.37751428864e-06, 9.53972084972e-06, 7.55554083298e-06, 7.38624294172e-06, 5.94636730966e-06, 4.66686378786e-06],
        "median": [0.00361295649782, 0.000485293276142, 3.25737491949e-05, 2.02765804715e-05, 1.12657617137e-05, 1.5529232769e-05, 2.77228682535e-05, 1.89411948668e-05, 8.66790833243e-06, 6.58674707665e-06, 6.26352357358e-06, 9.59290991887e-06, 1.03215697891e-05, 1.14138283607e-05, 1.49836178025e-05, 2.29618271987e-05, 1.9797915229e-05, 1.65088531503e-05, 1.54907593242e-05, 1.10739092634e-05, 1.23913860079e-05, 1.13683590826e-05, 1.27261764646e-05, 1.36712660606e-05, 1.46813199535e-05, 1.17564359243e-05, 1.17438194138e-05, 9.9299595604e-06, 1.00519919215e-05, 9.82919937087e-06, 7.69905727793e-06, 6.94363370712e-06, 7.49436776459e-06, 5.66701146454e-06, 5.39925440535e-06, 5.02240709466e-06, 4.23389701609e-06, 3.73537613996e-06, 3.28732471644e-06, 2.81600568997e-06],
        "min": [1.61579602426e-23, 3.34955704611e-23, 4.14430032933e-23, 1.30423596195e-23, 4.07248298472e-24, 1.31127615109e-23, 1.30911104345e-23, 1.33353370376e-23, 1.13823722384e-23, 7.05009487503e-24, 8.01785207862e-24, 1.44308029332e-23, 9.99979252778e-24, 1.74233672875e-23, 7.09212143976e-24, 1.35647945869e-23, 1.16015816956e-23, 1.55778398215e-23, 6.59127483432e-24, 6.26102018851e-24, 9.553776094e-24, 1.44402708417e-23, 1.27426524289e-23, 4.72741305761e-24, 1.1281809039e-23, 6.586234802e-24, 7.80719150704e-24, 9.05852369567e-24, 7.01827774814e-24, 9.0348420913e-24, 9.94494776221e-24, 1.11091289646e-23, 7.6276712197e-24, 1.36298203913e-23, 1.40455343111e-23, 1.40809683652e-23, 1.09377623436e-23, 8.68435750199e-24, 1.04981112284e-23, 1.09720060066e-23],
        "var": [2.04537773243e-05, 1.78913051059e-05, 3.25680412061e-06, 6.92007324687e-06, 7.00971781953e-07, 1.0879665524e-07, 1.48824483404e-07, 6.19576354666e-08, 1.49793439874e-08, 3.05821394875e-08, 6.46618092404e-09, 9.00303476215e-09, 5.03087038695e-09, 2.66387600867e-09, 3.08958369999e-09, 7.68614771829e-09, 8.72555006026e-09, 5.6904077006e-09, 3.54746365616e-09, 1.97747462849e-09, 9.71285607498e-10, 8.70978067447e-10, 7.14148684633e-10, 8.68732530357e-10, 8.86001605416e-10, 6.20424156494e-10, 6.65230481811e-10, 2.86401791172e-10, 3.48458178978e-10, 4.47982068108e-10, 2.59867183328e-10, 2.39545300262e-10, 2.72394329315e-10, 2.20324605782e-10, 1.73278447146e-10, 2.056675108e-10, 1.25134347329e-10, 1.44880815678e-10, 7.55838516775e-11, 4.05120936797e-11]
    },
    "mfcc": {
        "mean": [-655.284973145, 51.4098052979, -0.0683217421174, 27.3884773254, 18.5228633881, 19.4783229828, 12.082649231, 6.69847488403, 2.48416137695, 11.843911171, 11.2843160629, 8.79737663269, 8.11633205414],
        "cov": [[12444.7695312, -2005.953125, 257.149078369, -542.504821777, -105.250968933, 208.905227661, -662.852600098, 145.345108032, 285.89831543, -784.734863281, 79.1152877808, 857.658569336, -400.485778809], [-2005.953125, 3745.19824219, -85.071182251, -321.087341309, -323.998077393, -347.668945312, -134.460861206, -39.1632080078, -27.26014328, -106.094497681, -131.270675659, 8.63819313049, 71.4802093506], [257.149078369, -85.071182251, 874.321228027, 219.616134644, 100.49647522, -5.51629161835, -14.4746809006, -35.2680892944, -67.1679534912, -111.76008606, -112.135437012, -101.579627991, -103.261581421], [-542.504821777, -321.087341309, 219.616134644, 437.192016602, 233.361343384, 97.188331604, 124.282646179, 13.5628242493, -11.7960786819, 87.4978179932, -3.51430702209, -99.2735824585, 1.90353858471], [-105.250968933, -323.998077393, 100.49647522, 233.361343384, 370.416687012, 236.810073853, 150.465698242, 47.5601997375, 30.6403160095, 53.9903373718, 80.9729385376, 33.2841796875, -12.0221614838], [208.905227661, -347.668945312, -5.51629161835, 97.188331604, 236.810073853, 339.050170898, 203.492019653, 96.2348632812, 53.9302444458, 50.0294494629, 123.365005493, 92.5269241333, -7.86583852768], [-662.852600098, -134.460861206, -14.4746809006, 124.282646179, 150.465698242, 203.492019653, 309.724304199, 137.926925659, 54.535068512, 127.155914307, 94.0373306274, 18.5999355316, 58.6364326477], [145.345108032, -39.1632080078, -35.2680892944, 13.5628242493, 47.5601997375, 96.2348632812, 137.926925659, 182.393737793, 122.596138, 58.40366745, 82.1544265747, 102.386886597, 47.0359992981], [285.89831543, -27.26014328, -67.1679534912, -11.7960786819, 30.6403160095, 53.9302444458, 54.535068512, 122.596138, 172.216171265, 80.3447494507, 92.3120498657, 120.480010986, 60.7889137268], [-784.734863281, -106.094497681, -111.76008606, 87.4978179932, 53.9903373718, 50.0294494629, 127.155914307, 58.40366745, 80.3447494507, 231.095718384, 127.141960144, 4.48462533951, 93.2870483398], [79.1152877808, -131.270675659, -112.135437012, -3.51430702209, 80.9729385376, 123.365005493, 94.0373306274, 82.1544265747, 92.3120498657, 127.141960144, 237.584136963, 180.08934021, 49.4753074646], [857.658569336, 8.63819313049, -101.579627991, -99.2735824585, 33.2841796875, 92.5269241333, 18.5999355316, 102.386886597, 120.480010986, 4.48462533951, 180.08934021, 298.69430542, 59.4880485535], [-400.485778809, 71.4802093506, -103.261581421, 1.90353858471, -12.0221614838, -7.86583852768, 58.6364326477, 47.0359992981, 60.7889137268, 93.2870483398, 49.4753074646, 59.4880485535, 163.645553589]],
