{
"lowlevel": {
    "average_loudness": 0.837437272072,
    "barkbands_crest": {
        "dmean": 2.38938879967,
        "dmean2": 3.33795166016,
        "dvar": 6.0264210701,
        "dvar2": 11.8186950684,
        "max": 26.5259380341,
        "mean": 12.0825738907,
        "median": 10.1243085861,
        "min": 2.43647289276,
        "var": 39.8678207397
    },
    "barkbands_flatness_db": {
        "dmean": 0.0244043339044,
        "dmean2": 0.0332814343274,
        "dvar": 0.000829946948215,
        "dvar2": 0.00151501782238,
        "max": 0.593662559986,
        "mean": 0.188207194209,
        "median": 0.119086079299,
        "min": 0.0135076250881,
        "var": 0.0189193151891
    },
    "barkbands_kurtosis": {
        "dmean": 5.67273616791,
        "dmean2": 7.44274950027,
        "dvar": 250.812957764,
        "dvar2": 407.362792969,
        "max": 513.222045898,
        "mean": 8.37707042694,
        "median": 1.57698488235,
        "min": -1.83369231224,
        "var": 532.160644531
    },
    "barkbands_skewness": {
        "dmean": 0.673159956932,
        "dmean2": 0.881704390049,
        "dvar": 0.98257958889,
        "dvar2": 1.44655275345,
        "max": 20.675699234,
        "mean": 1.83820652962,
        "median": 1.28070378304,
        "min": -3.13053393364,
        "var": 3.94199347496
    },
    "barkbands_spread": {
        "dmean": 4.63693332672,
        "dmean2": 6.66546964645,
        "dvar": 35.9739608765,
        "dvar2": 73.1078414917,
        "max": 90.2066955566,
        "mean": 23.245475769,
        "median": 21.5006427765,
        "min": 0.163416966796,
        "var": 319.324645996
    },
    "dissonance": {
        "dmean": 0.0236152801663,
        "dmean2": 0.038913577795,
        "dvar": 0.000676357652992,
        "dvar2": 0.00179860601202,
        "max": 0.499985098839,
        "mean": 0.439331889153,
        "median": 0.463029265404,
        "min": 0.136946380138,
        "var": 0.00356110860594
    },
    "dynamic_complexity": 2.82172107697,
    "erbbands_crest": {
        "dmean": 2.42943382263,
        "dmean2": 3.85032248497,
        "dvar": 5.63096237183,
        "dvar2": 13.2240257263,
        "max": 31.5883197784,
        "mean": 9.98121929169,
        "median": 8.4421339035,
        "min": 2.03306102753,
        "var": 30.7364444733
    },
    "erbbands_flatness_db": {
        "dmean": 0.0130292372778,
        "dmean2": 0.019288783893,
        "dvar": 0.000209541904042,
        "dvar2": 0.000454057473689,
        "max": 0.536877691746,
        "mean": 0.197988554835,
        "median": 0.119246311486,
        "min": 0.0603894554079,
        "var": 0.0178402233869
    },
    "erbbands_kurtosis": {
        "dmean": 1.01483893394,
        "dmean2": 1.56221318245,
        "dvar": 4.79651355743,
        "dvar2": 10.8808708191,
        "max": 70.3211364746,
        "mean": 0.758957803249,
        "median": -0.34370470047,
        "min": -1.89809799194,
        "var": 17.6833343506
    },
    "erbbands_skewness": {
        "dmean": 0.352700471878,
        "dmean2": 0.515562176704,
        "dvar": 0.134587213397,
        "dvar2": 0.269004315138,
        "max": 7.08346748352,
        "mean": 0.463989049196,
        "median": 0.341083526611,
        "min": -2.83545684814,
        "var": 0.832662940025
    },
    "erbbands_spread": {
        "dmean": 7.23197460175,
        "dmean2": 10.2638874054,
        "dvar": 89.2139129639,
        "dvar2": 161.161209106,
        "max": 172.116790771,
        "mean": 39.566368103,
        "median": 39.2712860107,
        "min": 0.683874607086,
        "var": 682.07421875
    },
    "hfc": {
        "dmean": 6.11204767227,
        "dmean2": 8.98197650909,
        "dvar": 71.8859558105,
        "dvar2": 166.963668823,
        "max": 186.044921875,
        "mean": 34.16746521,
        "median": 31.3872070312,
        "min": 1.182982096e-16,
        "var": 710.506958008
    },
    "melbands_crest": {
        "dmean": 3.29110169411,
        "dmean2": 4.86906862259,
        "dvar": 11.3546943665,
        "dvar2": 25.5879955292,
        "max": 36.0064849854,
        "mean": 16.8419208527,
        "median": 15.0323295593,
        "min": 1.69286799431,
        "var": 53.5589599609
    },
    "melbands_flatness_db": {
        "dmean": 0.0282819923013,
        "dmean2": 0.0377086251974,
        "dvar": 0.00116092897952,
        "dvar2": 0.002140522236,
        "max": 0.708975493908,
        "mean": 0.265166193247,
        "median": 0.201543778181,
        "min": 0.00612840848044,
        "var": 0.0226721372455
    },
    "melbands_kurtosis": {
        "dmean": 16.6509437561,
        "dmean2": 21.0897789001,
        "dvar": 2474.78613281,
        "dvar2": 3621.86132812,
        "max": 756.864685059,
        "mean": 29.0370922089,
        "median": 6.82678413391,
        "min": -1.71138048172,
        "var": 5848.26953125
    },
    "melbands_skewness": {
        "dmean": 0.962335109711,
        "dmean2": 1.25864720345,
        "dvar": 2.39264917374,
        "dvar2": 3.41963768005,
        "max": 23.0594387054,
        "mean": 3.23534488678,
        "median": 2.23045015335,
        "min": -1.97969186306,
        "var": 11.0999641418
    },
    "melbands_spread": {
        "dmean": 5.72747993469,
        "dmean2": 8.39480686188,
        "dvar": 65.7372283936,
        "dvar2": 144.687728882,
        "max": 129.877685547,
        "mean": 21.4982395172,
        "median": 18.0445652008,
        "min": 0.323720782995,
        "var": 304.731872559
    },
    "pitch_salience": {
        "dmean": 0.0705568194389,
        "dmean2": 0.102487780154,
        "dvar": 0.00572354765609,
        "dvar2": 0.0117634106427,
        "max": 0.821318984032,
        "mean": 0.466475188732,
        "median": 0.503654062748,
        "min": 0.0295153073967,
        "var": 0.0255132969469
    },
    "silence_rate_20dB": {
        "dmean": 0,
        "dmean2": 0,
        "dvar": 0,
        "dvar2": 0,
        "max": 1,
        "mean": 1,
        "median": 1,
        "min": 1,
        "var": 0
    },
    "silence_rate_30dB": {
        "dmean": 0.0425847992301,
        "dmean2": 0.0851801410317,
        "dvar": 0.040770791471,
        "dvar2": 0.0804033502936,
        "max": 1,
        "mean": 0.888352513313,
        "median": 1,
        "min": 0,
        "var": 0.0991805568337
    },
    "silence_rate_60dB": {
        "dmean": 0.0131220603362,
        "dmean2": 0.0262473691255,
        "dvar": 0.0129526769742,
        "dvar2": 0.0275373719633,
        "max": 1,
        "mean": 0.0729050636292,
        "median": 0,
        "min": 0,
        "var": 0.0675850361586
    },
    "spectral_centroid": {
        "dmean": 232.475357056,
        "dmean2": 326.70123291,
        "dvar": 99066.671875,
        "dvar2": 165812.265625,
        "max": 11229.7753906,
        "mean": 1379.87719727,
        "median": 1377.09350586,
        "min": 223.471466064,
        "var": 669191.875
    },
    "spectral_complexity": {
        "dmean": 3.70512509346,
        "dmean2": 5.6288228035,
        "dvar": 19.7396659851,
        "dvar2": 42.604801178,
        "max": 59,
        "mean": 20.7213764191,
        "median": 21,
        "min": 0,
        "var": 160.071304321
    },
    "spectral_decrease": {
        "dmean": 3.19281978634e-09,
        "dmean2": 4.07744682462e-09,
        "dvar": 2.8863716395e-17,
        "dvar2": 3.58669153198e-17,
        "max": 1.33812107903e-28,
        "mean": -1.20163505812e-08,
        "median": -8.34088709212e-09,
        "min": -7.63047722785e-08,
        "var": 1.60340756112e-16
    },
    "spectral_energy": {
        "dmean": 0.0121632115915,
        "dmean2": 0.0155395073816,
        "dvar": 0.000402605393901,
        "dvar2": 0.000497314613312,
        "max": 0.290185719728,
        "mean": 0.0484515614808,
        "median": 0.0350278951228,
        "min": 1.02249483806e-20,
        "var": 0.00237890565768
    },
    "spectral_energyband_high": {
        "dmean": 0.000562061264645,
        "dmean2": 0.00082364177797,
        "dvar": 8.4646654841e-07,
        "dvar2": 1.87776390703e-06,
        "max": 0.0180005114526,
        "mean": 0.00233047711663,
        "median": 0.00150661554653,
        "min": 7.46758300615e-21,
        "var": 6.78253809383e-06
    },
    "spectral_energyband_low": {
        "dmean": 0.0105214528739,
        "dmean2": 0.0130913993344,
        "dvar": 0.000546895840671,
        "dvar2": 0.000712334236596,
        "max": 0.288996368647,
        "mean": 0.0270414203405,
        "median": 0.00728957634419,
        "min": 6.77657329114e-23,
        "var": 0.0024542931933
    },
    "spectral_energyband_middle_high": {
        "dmean": 0.00206151395105,
        "dmean2": 0.00302781863138,
        "dvar": 7.74813543103e-06,
        "dvar2": 1.67761263583e-05,
        "max": 0.0574157349765,
        "mean": 0.00679300585762,
        "median": 0.00519827194512,
        "min": 1.37664674453e-21,
        "var": 3.99920354539e-05
    },
    "spectral_energyband_middle_low": {
        "dmean": 0.0055966116488,
        "dmean2": 0.00890653487295,
        "dvar": 0.000121924887935,
        "dvar2": 0.000319592742017,
        "max": 0.147826954722,
        "mean": 0.0140090817586,
        "median": 0.0118843847886,
        "min": 2.47120536166e-22,
        "var": 0.000151563654072
    },
    "spectral_entropy": {
        "dmean": 0.156697183847,
        "dmean2": 0.226058930159,
        "dvar": 0.0353581756353,
        "dvar2": 0.0793883502483,
        "max": 9.79146289825,
        "mean": 7.18361330032,
        "median": 7.72516584396,
        "min": 3.47585940361,
        "var": 1.38593840599
    },
    "spectral_flux": {
        "dmean": 0.0306875351816,
        "dmean2": 0.0428249761462,
        "dvar": 0.00169948127586,
        "dvar2": 0.00235830899328,
        "max": 0.535363733768,
        "mean": 0.0968670919538,
        "median": 0.0804677009583,
        "min": 1.01118488582e-10,
        "var": 0.00641112262383
    },
    "spectral_kurtosis": {
        "dmean": 9.41420078278,
        "dmean2": 15.7977342606,
        "dvar": 418.559631348,
        "dvar2": 1160.7220459,
        "max": 289.953735352,
        "mean": 25.592710495,
        "median": 2.83336019516,
        "min": -1.19032239914,
        "var": 2039.77636719
    },
    "spectral_rms": {
        "dmean": 0.000761589151807,
        "dmean2": 0.00101376324892,
        "dvar": 9.22170841022e-07,
        "dvar2": 1.29733939502e-06,
        "max": 0.0168258138001,
        "mean": 0.00613205879927,
        "median": 0.00584581540897,
        "min": 3.15841081587e-12,
        "var": 9.66770494415e-06
    },
    "spectral_rolloff": {
        "dmean": 440.4296875,
        "dmean2": 705.331848145,
        "dvar": 541931.1875,
        "dvar2": 1160215,
        "max": 19336.8164062,
        "mean": 1379.02124023,
        "median": 990.52734375,
        "min": 64.599609375,
        "var": 1764462.25
    },
    "spectral_skewness": {
        "dmean": 0.584146738052,
        "dmean2": 0.996159017086,
        "dvar": 1.10896062851,
        "dvar2": 3.19676828384,
        "max": 14.1273040771,
        "mean": 2.71321058273,
        "median": 1.40495347977,
        "min": -0.0247128996998,
        "var": 6.69811439514
    },
    "spectral_spread": {
        "dmean": 378778.4375,
        "dmean2": 590556.5,
        "dvar": 272043786240,
        "dvar2": 388359815168,
        "max": 41121416,
        "mean": 4675347.5,
        "median": 5702735.5,
        "min": 253622.015625,
        "var": 6.78138216448e+12
    },
    "spectral_strongpeak": {
        "dmean": 0.515556275845,
        "dmean2": 0.864288330078,
        "dvar": 0.720064282417,
        "dvar2": 1.77108573914,
        "max": 9.20555496216,
        "mean": 1.01580071449,
        "median": 0.707958042622,
        "min": 0,
        "var": 1.22936105728
    },
    "zerocrossingrate": {
        "dmean": 0.00897076260298,
        "dmean2": 0.0101542789489,
        "dvar": 0.000117668445455,
        "dvar2": 0.000142043383676,
        "max": 0.5068359375,
        "mean": 0.0612241476774,
        "median": 0.056640625,
        "min": 0.00439453125,
        "var": 0.00159707840066
    },
    "barkbands": {
        "dmean": [0.00100859312806, 0.00939193088561, 0.00498356716707, 0.00289886887185, 0.00162560353056, 0.00110064726323, 0.000664145220071, 0.00048194359988, 0.000910952105187, 0.00071228959132, 0.000615556142293, 0.000608145317528, 0.000324761698721, 0.000466372148367, 0.000269423937425, 0.00022554124007, 0.000184672724572, 0.00015566276852, 0.000152614054969, 0.000191614744836, 0.000179930939339, 0.000156887996127, 0.000103345337266, 0.0001386115473, 8.55237740325e-05, 4.46477679361e-05, 8.55103644426e-06],
        "dmean2": [0.00148275797255, 0.0119677754119, 0.00840508658439, 0.00494983559474, 0.00263111433014, 0.00166191218887, 0.000998529838398, 0.000767626508605, 0.00133773393463, 0.00105624739081, 0.000905821390916, 0.000915380194783, 0.00051429629093, 0.000742180505767, 0.000442877353635, 0.000380906654755, 0.000317463825922, 0.000256001570961, 0.000249738892308, 0.000312978721922, 0.00028856357676, 0.000248708587606, 0.000163958102348, 0.000213593782973, 0.000134764253744, 6.86603307258e-05, 1.38017367135e-05],
        "dvar": [2.96474036077e-06, 0.000619356811512, 0.000344851432601, 8.48783820402e-05, 9.76192950475e-06, 4.21174854637e-06, 1.49504569436e-06, 1.41083114613e-06, 3.12913152811e-06, 2.22990024668e-06, 2.05439823731e-06, 1.35335153573e-06, 4.13440915281e-07, 7.61484443501e-07, 3.62823698197e-07, 1.97840151372e-07, 1.79388592869e-07, 7.01571636341e-08, 7.30592475406e-08, 8.61636380023e-08, 9.07596060529e-08, 7.43623118638e-08, 3.15204893298e-08, 6.54041372172e-08, 3.00253901742e-08, 6.63688348723e-09, 2.21748078233e-10],
        "dvar2": [6.50623860565e-06, 0.00095388648333, 0.000905200548004, 0.000232709222473, 2.65275684797e-05, 1.01207815533e-05, 3.15368833981e-06, 3.24372422256e-06, 6.57992859487e-06, 4.60476985609e-06, 3.97434132537e-06, 2.76856553683e-06, 1.00540114545e-06, 1.65544759057e-06, 8.98975201835e-07, 5.28233726982e-07, 4.99494490214e-07, 1.8522480616e-07, 1.92325089188e-07, 2.19268656565e-07, 2.29280800568e-07, 1.74985586909e-07, 8.17124217178e-08, 1.42349890098e-07, 7.69583579086e-08, 1.53240069523e-08, 5.52888790306e-10],
        "max": [0.0214432403445, 0.272354573011, 0.150098741055, 0.0964426398277, 0.0465300641954, 0.076396971941, 0.0295671578497, 0.0218701325357, 0.0286294296384, 0.0286478344351, 0.0277998577803, 0.036229301244, 0.0156417284161, 0.0211653932929, 0.0158874411136, 0.0125615866855, 0.00643935333937, 0.00537555851042, 0.00717853056267, 0.00478739477694, 0.00628143688664, 0.00582240801305, 0.00562292151153, 0.00365588092245, 0.00456357840449, 0.00161487376317, 0.000328664289555],
        "mean": [0.00164258736186, 0.0193830002099, 0.00440991576761, 0.00321231060661, 0.00300002866425, 0.0032086125575, 0.00186648243107, 0.00074821250746, 0.00174831307959, 0.00128896266688, 0.00104973791167, 0.00124771345872, 0.000557709485292, 0.00080180936493, 0.000426072598202, 0.000359557569027, 0.000293145247269, 0.000331284012645, 0.000343348510796, 0.000465513934614, 0.000460331415525, 0.000444271048764, 0.00032810374978, 0.00037370150676, 0.000271600205451, 0.000168447790202, 2.08513738471e-05],
        "median": [0.000329780625179, 0.00333002861589, 0.000412588415202, 0.000478420173749, 0.00150036870036, 0.0014212486567, 0.000595037825406, 0.000206546130357, 0.000569925177842, 0.000286516558845, 0.000223575683776, 0.000476209301269, 0.000223652750719, 0.000270480755717, 0.000197983870748, 0.000180243165232, 0.000133250301587, 0.000185151642654, 0.000214772473555, 0.000335227756295, 0.000284880050458, 0.00023376311583, 0.000161838368513, 0.000179946626304, 0.000155329034897, 7.67980745877e-05, 1.13478345156e-05],
        "min": [2.82998327722e-23, 1.85769816981e-23, 1.96338580958e-23, 2.45191616636e-23, 2.18183985359e-23, 2.3279682899e-23, 4.08842089379e-23, 3.48478957783e-23, 4.45933224737e-23, 8.72951963105e-23, 7.73140863755e-23, 1.09760364548e-22, 1.10542712617e-22, 1.36078657612e-22, 7.09241363384e-23, 2.54211310232e-23, 1.68031045748e-22, 1.44198421842e-22, 3.61505645102e-22, 3.71852622414e-22, 4.06089210944e-22, 4.60859760485e-22, 5.11224730129e-22, 8.61259403659e-22, 9.44247974785e-22, 1.67892844891e-21, 2.80921077729e-21],
        "var": [7.52331015974e-06, 0.00178879091982, 0.000254028855124, 6.46691332804e-05, 1.72687905433e-05, 2.32293568843e-05, 7.89505793364e-06, 2.63405308942e-06, 8.0971431089e-06, 6.26455312158e-06, 4.94185860589e-06, 4.07275410907e-06, 1.04331229522e-06, 2.16900139094e-06, 5.72614453631e-07, 2.77777076008e-07, 2.23522292231e-07, 1.8964013293e-07, 2.05252774776e-07, 2.8624560855e-07, 3.19127394732e-07, 3.39322355103e-07, 1.72993949832e-07, 2.56149149891e-07, 1.25716070443e-07, 4.64303546721e-08, 8.24080914619e-10]
    },
    "erbbands": {
        "dmean": [0.313532441854, 2.27022719383, 5.21459245682, 8.27732467651, 6.84130954742, 5.34870910645, 8.51801013947, 7.87324333191, 8.79946136475, 10.2662611008, 12.1049690247, 13.8838233948, 27.3833274841, 21.8603286743, 20.4705505371, 19.1355342865, 13.5961170197, 22.0127544403, 13.4221382141, 14.3487215042, 12.5368614197, 10.7760477066, 8.07758331299, 8.20935916901, 7.47015428543, 9.01704692841, 7.50853061676, 7.21851158142, 6.08024406433, 3.88432097435, 2.97794413567, 3.22696113586, 2.3516664505, 1.16744101048, 0.591761231422, 0.230797573924, 0.0768459811807, 0.019540829584, 0.00114504341036, 2.27462132898e-05],
        "dmean2": [0.364253997803, 2.96612501144, 8.14647197723, 14.0715837479, 11.3789196014, 8.60545444489, 12.8454608917, 12.1406002045, 13.3582448959, 15.7938728333, 18.8536605835, 20.8874015808, 40.7245597839, 31.7331256866, 30.098028183, 29.3070850372, 21.6352748871, 35.0500259399, 21.18334198, 23.3949604034, 21.1214637756, 18.412191391, 13.197971344, 13.5123271942, 12.1572408676, 14.7285785675, 12.226433754, 11.7723779678, 9.75760555267, 6.16758871078, 4.68955850601, 5.01982688904, 3.77614426613, 1.846591115, 0.947814583778, 0.358651578426, 0.119018755853, 0.0313622020185, 0.0018260802608, 3.34618234774e-05],
        "dvar": [0.450621187687, 45.3391571045, 332.256774902, 754.553588867, 338.041625977, 106.555969238, 344.248596191, 184.684173584, 259.478729248, 440.913879395, 843.040710449, 733.776306152, 2397.0090332, 1631.59265137, 1982.23120117, 1274.30505371, 631.171569824, 1967.73474121, 689.805297852, 1220.6418457, 728.148376465, 597.935424805, 180.556045532, 196.601028442, 160.303634644, 212.368804932, 145.869949341, 178.046173096, 118.935722351, 43.7451515198, 28.8816108704, 41.20470047, 19.3394088745, 5.03024435043, 1.75589203835, 0.198978215456, 0.018962321803, 0.00128116481937, 3.77012224817e-06, 1.00738317688e-09],
        "dvar2": [0.527383685112, 74.1171798706, 792.866821289, 2075.07885742, 921.03326416, 273.931091309, 816.80065918, 439.722747803, 560.364196777, 939.18145752, 1879.7388916, 1584.68603516, 5256.04785156, 3137.765625, 3971.31396484, 2780.81152344, 1536.08520508, 4477.96826172, 1478.5904541, 3123.73217773, 1931.19775391, 1666.31689453, 484.362579346, 509.960510254, 419.095397949, 550.460510254, 373.497314453, 470.560546875, 290.804321289, 109.354858398, 73.9111480713, 90.447265625, 49.4880447388, 13.1814842224, 4.63497543335, 0.471291482449, 0.04437796399, 0.00319520104676, 9.35010302783e-06, 2.22106000258e-09],
        "max": [8.29240036011, 71.1137619019, 164.136016846, 249.222763062, 255.455963135, 256.312469482, 643.995056152, 319.888336182, 414.988616943, 424.757598877, 623.748352051, 526.779296875, 925.622131348, 921.159729004, 869.124389648, 806.989074707, 682.663146973, 1254.27575684, 631.58190918, 1186.69995117, 817.747253418, 452.024932861, 209.802017212, 401.029174805, 299.444946289, 266.644927979, 227.23097229, 332.666046143, 268.367614746, 120.364555359, 229.507263184, 116.789306641, 75.6268234253, 90.8126296997, 42.2614059448, 11.2204580307, 2.91318774223, 0.689294338226, 0.0618610233068, 0.000889115093742],
        "mean": [0.745140612125, 3.55566549301, 5.44956302643, 8.58543968201, 9.39625453949, 10.5102996826, 20.2765693665, 25.2338542938, 27.5958976746, 21.9461994171, 20.5040054321, 26.8786354065, 53.7641563416, 43.4318809509, 37.7621574402, 40.503036499, 27.9109992981, 39.8793640137, 24.8018398285, 23.9754276276, 19.8880271912, 18.2029018402, 17.5602340698, 18.3236694336, 18.2777442932, 22.0604667664, 19.0574913025, 17.6041202545, 15.9882879257, 12.0037555695, 9.54940891266, 8.12621307373, 5.8617143631, 3.45044875145, 1.72654020786, 0.761270046234, 0.297194093466, 0.0653625354171, 0.00317170075141, 0.000119548814837],
        "median": [0.105080850422, 0.531408369541, 0.766807079315, 1.20263028145, 3.31506466866, 4.66966342926, 7.5484585762, 11.717089653, 9.63389396667, 8.99810314178, 7.04037809372, 10.9601097107, 17.1287193298, 14.7313642502, 16.508266449, 18.3697223663, 14.4920721054, 15.5773229599, 11.8257923126, 13.645070076, 11.7700567245, 9.80351352692, 11.0171051025, 12.6627864838, 12.2057342529, 15.5016212463, 12.6823368073, 9.69255828857, 7.9754152298, 6.31579971313, 5.07703256607, 3.60223603249, 2.69175863266, 1.91724991798, 0.969124317169, 0.378958821297, 0.127433225513, 0.0296128597111, 0.00195628800429, 9.39757665037e-05],
        "min": [1.37985307914e-21, 1.45765076881e-21, 1.67788385066e-20, 5.80677235721e-20, 8.76309066331e-20, 8.16137945246e-20, 5.86844513422e-20, 2.72057997409e-19, 3.79530601717e-19, 6.74699482603e-19, 9.79528256231e-19, 8.5946976286e-19, 3.04537606052e-18, 3.08848499173e-18, 1.94155068236e-18, 4.7336237734e-18, 6.12946003781e-18, 7.42102025984e-18, 3.00804271114e-18, 4.27659779956e-18, 2.36947271993e-18, 1.02340026156e-17, 7.68317612983e-18, 8.91472315765e-18, 2.23122408028e-17, 1.77438265045e-17, 1.78104492854e-17, 1.53139867638e-17, 1.61369868055e-17, 1.74535903342e-17, 1.41629699045e-17, 1.76433687278e-17, 1.49491934962e-17, 9.61897811373e-18, 6.99005419761e-18, 5.89027869573e-18, 3.32790662977e-18, 1.11355260857e-18, 3.84131845573e-19, 4.13485810101e-20],
        "var": [2.19369697571, 88.6012268066, 313.964447021, 544.752197266, 308.00604248, 302.733520508, 1419.38134766, 1153.33972168, 1690.47277832, 1447.69897461, 1595.54602051, 1772.3112793, 6447.85693359, 4822.34667969, 4267.14892578, 3970.28735352, 1881.95446777, 4934.67822266, 1993.77355957, 1714.17163086, 942.173339844, 788.6328125, 478.77935791, 546.545593262, 505.002593994, 668.59942627, 511.968444824, 522.94342041, 464.316223145, 231.568572998, 149.593322754, 135.639480591, 62.7967605591, 20.4521217346, 5.97795057297, 0.96470695734, 0.152210265398, 0.00744819873944, 1.67310663528e-05, 1.20559455752e-08]
    },
    "gfcc": {
        "mean": [-20.0149688721, 102.411987305, -111.882820129, 9.51773929596, -47.3288002014, 6.90996837616, -30.8852481842, 0.984570086002, -21.2171554565, 4.14038324356, -11.6624860764, 4.34568500519, -3.5553381443],
        "cov": [[26264.4003906, -11435.2197266, 3194.25366211, 5637.85986328, -1244.94885254, 4273.44042969, 809.810791016, 3071.99731445, -1128.55395508, 1223.71594238, -1070.85095215, 433.173400879, -1762.13122559], [-11435.2197266, 7414.76025391, -1652.77563477, -3052.30322266, 831.514160156, -2470.15966797, -230.188064575, -1590.78295898, 697.700927734, -741.96697998, 589.564025879, -420.809692383, 816.818664551], [3194.25366211, -1652.77563477, 1169.24047852, 997.956237793, -59.0209770203, 776.891906738, 194.086196899, 499.015350342, -114.196289062, 167.375732422, -187.095001221, 64.3825378418, -296.242645264], [5637.85986328, -3052.30322266, 997.956237793, 1786.54260254, -130.704864502, 1166.42138672, 226.944747925, 781.903076172, -234.675689697, 314.816375732, -291.566131592, 112.502067566, -430.09375], [-1244.94885254, 831.514160156, -59.0209770203, -130.704864502, 339.37210083, -178.792526245, 70.5378952026, -138.385803223, 128.314941406, -93.8923492432, 38.0178794861, -77.7911758423, 81.5402450562], [4273.44042969, -2470.15966797, 776.891906738, 1166.42138672, -178.792526245, 1087.76196289, 231.479354858, 618.420654297, -234.765380859, 254.743362427, -223.18397522, 115.881759644, -332.771453857], [809.810791016, -230.188064575, 194.086196899, 226.944747925, 70.5378952026, 231.479354858, 247.152801514, 185.405288696, 24.9228439331, 40.2775878906, -28.8503913879, -11.4873590469, -44.5714607239], [3071.99731445, -1590.78295898, 499.015350342, 781.903076172, -138.385803223, 618.420654297, 185.405288696, 521.063720703, -83.4586257935, 187.259292603, -131.565200806, 69.9019241333, -208.255691528], [-1128.55395508, 697.700927734, -114.196289062, -234.675689697, 128.314941406, -234.765380859, 24.9228439331, -83.4586257935, 197.97328186, -28.3542823792, 72.0154190063, -39.5646057129, 74.2080764771], [1223.71594238, -741.96697998, 167.375732422, 314.816375732, -93.8923492432, 254.743362427, 40.2775878906, 187.259292603, -28.3542823792, 192.919830322, 23.7015132904, 73.3202056885, -67.4490585327], [-1070.85095215, 589.564025879, -187.095001221, -291.566131592, 38.0178794861, -223.18397522, -28.8503913879, -131.565200806, 72.0154190063, 23.7015132904, 187.531311035, 51.5108413696, 110.514862061], [433.173400879, -420.809692383, 64.3825378418, 112.502067566, -77.7911758423, 115.881759644, -11.4873590469, 69.9019241333, -39.5646057129, 73.3202056885, 51.5108413696, 141.303527832, 25.7120800018], [-1762.13122559, 816.818664551, -296.242645264, -430.09375, 81.5402450562, -332.771453857, -44.5714607239, -208.255691528, 74.2080764771, -67.4490585327, 110.514862061, 25.7120800018, 233.460021973]],
        "icov": [[0.000247837393545, -0.000135874317493, 0.000124552738271, -0.000328053400153, 0.000187334037037, 0.000101241115772, -0.000109744098154, -0.00080431078095, 0.000659053388517, -0.000438823684817, 0.000442260061391, -0.000434982270235, 0.000742459436879], [-0.000135874317493, 0.00235192989931, -0.000688635918777, 0.00133817759342, -0.00127140362747, 0.00161836156622, -0.00147156091407, 0.002139931079, -0.00150361121632, 0.00253808754496, -0.00346161262132, 0.00312931346707, -0.000778898596764], [0.000124552738271, -0.000688635918777, 0.00216142879799, -0.00087187893223, 7.56661465857e-05, -0.00105557800271, 0.000233927203226, -0.00110867363401, 0.000144603225635, -0.000421882170485, 0.00129860278685, -0.00172039796598, 0.00141747284215], [-0.000328053400153, 0.00133817759342, -0.00087187893223, 0.00463920691982, -0.00365999806672, 0.000372216891265, 0.000452665379271, -0.00094568869099, 0.000218394008698, -0.00075397558976, 0.000330121634761, 4.99441703141e-05, 0.000884891313035], [0.000187334037037, -0.00127140362747, 7.56661465857e-05, -0.00365999806672, 0.00915087666363, -0.00231602299027, -0.00176783767529, 0.00297832186334, -0.00355235510506, 0.00256614363752, -0.00139764253981, 0.00251492415555, -0.00270724412985], [0.000101241115772, 0.00161836156622, -0.00105557800271, 0.000372216891265, -0.00231602299027, 0.00915022753179, -0.00480212597176, -0.000724239158444, 0.00394609384239, -0.0028216461651, 0.0026189989876, -0.00319071323611, 0.00377899431624], [-0.000109744098154, -0.00147156091407, 0.000233927203226, 0.000452665379271, -0.00176783767529, -0.00480212597176, 0.0112593555823, -0.00602735299617, -0.000854946556501, 0.00115757563617, -0.00179544067942, 0.00268074451014, -0.00284256716259], [-0.00080431078095, 0.002139931079, -0.00110867363401, -0.00094568869099, 0.00297832186334, -0.000724239158444, -0.00602735299617, 0.016317859292, -0.00700982054695, 0.00118446047418, -0.00152900314424, 0.00216982420534, -0.00231887726113], [0.000659053388517, -0.00150361121632, 0.000144603225635, 0.000218394008698, -0.00355235510506, 0.00394609384239, -0.000854946556501, -0.00700982054695, 0.0145253837109, -0.0062073697336, 0.00323454802856, -0.00309034297243, 0.00366898486391], [-0.000438823684817, 0.00253808754496, -0.000421882170485, -0.00075397558976, 0.00256614363752, -0.0028216461651, 0.00115757563617, 0.00118446047418, -0.0062073697336, 0.0197898671031, -0.0146990614012, 0.00698860641569, -0.00387820461765], [0.000442260061391, -0.00346161262132, 0.00129860278685, 0.000330121634761, -0.00139764253981, 0.0026189989876, -0.00179544067942, -0.00152900314424, 0.00323454802856, -0.0146990614012, 0.0247012525797, -0.0162145290524, 0.00503788376227], [-0.000434982270235, 0.00312931346707, -0.00172039796598, 4.99441703141e-05, 0.00251492415555, -0.00319071323611, 0.00268074451014, 0.00216982420534, -0.00309034297243, 0.00698860641569, -0.0162145290524, 0.0251114983112, -0.0113906180486], [0.000742459436879, -0.000778898596764, 0.00141747284215, 0.000884891313035, -0.00270724412985, 0.00377899431624, -0.00284256716259, -0.00231887726113, 0.00366898486391, -0.00387820461765, 0.00503788376227, -0.0113906180486, 0.0163452904671]]
    },
    "melbands": {
        "dmean": [0.00266004749574, 0.00248306756839, 0.00137290370185, 0.000401139404858, 0.000271077762591, 0.000185868804692, 0.000132156041218, 0.00010926554387, 0.000105273677036, 0.000105769300717, 0.000143177254358, 9.34822382987e-05, 7.7983335359e-05, 6.55434414512e-05, 4.72722713312e-05, 3.74442533939e-05, 4.20614815084e-05, 2.47178413701e-05, 2.28672324738e-05, 1.6210737158e-05, 1.53323762788e-05, 1.28139745357e-05, 7.47900003262e-06, 8.84421388037e-06, 7.19621675671e-06, 6.40384087092e-06, 6.78888773109e-06, 6.8970657594e-06, 5.2626805882e-06, 4.7698108574e-06, 4.68627604278e-06, 3.77933520213e-06, 3.63466051567e-06, 2.19010894398e-06, 2.01729153559e-06, 1.77187052941e-06, 2.316296559e-06, 1.97378426492e-06, 1.28288286305e-06, 1.0068422398e-06],
        "dmean2": [0.00320794642903, 0.00328894914128, 0.00229447800666, 0.000652109680232, 0.000416027440224, 0.000284582230961, 0.000199965652428, 0.000168880666024, 0.000162911004736, 0.000157392089022, 0.000212843122426, 0.000135756257805, 0.000115314294817, 9.61802215897e-05, 7.53828353481e-05, 5.95243982389e-05, 6.70283552608e-05, 3.87508189306e-05, 3.76213283744e-05, 2.68336734734e-05, 2.59118769463e-05, 2.19271441892e-05, 1.24932084873e-05, 1.46396505443e-05, 1.18928046504e-05, 1.051315121e-05, 1.12871875899e-05, 1.13854866868e-05, 8.67362814461e-06, 7.68260724726e-06, 7.78136381996e-06, 6.21233493803e-06, 5.84476856602e-06, 3.56539135282e-06, 3.25374071508e-06, 2.8261533771e-06, 3.64913375961e-06, 3.25948053614e-06, 2.06812774195e-06, 1.60814215633e-06],
        "dvar": [3.78497607016e-05, 5.70352895011e-05, 1.81944215001e-05, 7.60102352615e-07, 2.91732789037e-07, 9.7658990228e-08, 5.26004981793e-08, 5.18818836781e-08, 6.70413058401e-08, 4.51204194007e-08, 6.59292922478e-08, 2.86682002582e-08, 3.37143184481e-08, 2.33633752345e-08, 9.36463084855e-09, 6.40374420158e-09, 7.30361415791e-09, 3.05427327874e-09, 2.77616174493e-09, 1.20839049877e-09, 1.19884246974e-09, 8.63646765215e-10, 1.89963808572e-10, 2.70232669575e-10, 1.63952199039e-10, 1.45680661978e-10, 1.3872347715e-10, 1.28813695821e-10, 7.24362236859e-11, 7.5456745019e-11, 7.2415941299e-11, 4.22668983147e-11, 4.69785946255e-11, 1.47967488956e-11, 1.2469906184e-11, 1.00131942668e-11, 2.54421917562e-11, 1.38374329356e-11, 5.7802404356e-12, 3.82087937678e-12],
        "dvar2": [5.07421318616e-05, 0.000106777319161, 4.88476944156e-05, 2.09033305509e-06, 7.06777825599e-07, 2.37092137922e-07, 1.13567871551e-07, 1.12546516107e-07, 1.46428590142e-07, 9.68976365812e-08, 1.43166673183e-07, 5.53645698176e-08, 6.58953638322e-08, 4.4247851605e-08, 2.30395986733e-08, 1.50735939286e-08, 1.63982267765e-08, 6.33881125367e-09, 6.92791690682e-09, 3.13703396593e-09, 3.19303050667e-09, 2.40685471553e-09, 5.17394016519e-10, 7.22035375933e-10, 4.29460023099e-10, 3.889976119e-10, 3.68828856345e-10, 3.45639572519e-10, 1.94269100806e-10, 1.89860543953e-10, 1.95946078807e-10, 1.07318584575e-10, 1.15712953108e-10, 4.02024837032e-11, 3.22762927496e-11, 2.59692371773e-11, 5.89538695639e-11, 3.68487636238e-11, 1.53827714455e-11, 1.01292099708e-11],
        "max": [0.0738000050187, 0.0750272870064, 0.0413680374622, 0.0130922216922, 0.0173238832504, 0.00913782417774, 0.0053102709353, 0.00395204033703, 0.00669319555163, 0.00380693865009, 0.00502754375339, 0.00341269676574, 0.00414245482534, 0.00475060660392, 0.00172011437826, 0.00212374073453, 0.00275005539879, 0.0013877954334, 0.00117896555457, 0.00103119923733, 0.000944650557358, 0.000543093483429, 0.000253911624895, 0.00037119386252, 0.000376775598852, 0.000392201851355, 0.000229611934628, 0.000222909555305, 0.00016819612938, 0.000188530379091, 0.000238450375036, 0.000145083322423, 0.00019613657787, 7.06781283952e-05, 0.000127838589833, 9.424694872e-05, 8.17487161839e-05, 5.81021813559e-05, 0.000101569974504, 7.24337078282e-05],
        "mean": [0.00593634368852, 0.00352737330832, 0.00154880678747, 0.000672095338814, 0.000648741552141, 0.000594743178226, 0.000404957740102, 0.000215903899516, 0.000172803775058, 0.000201084767468, 0.000278703373624, 0.000181258510565, 0.000134933769004, 0.000127654129756, 8.87687856448e-05, 6.66295309202e-05, 7.29777748347e-05, 4.17769042542e-05, 3.57653625542e-05, 2.68990115728e-05, 2.14554293052e-05, 1.92453080672e-05, 1.38844334288e-05, 1.74415017682e-05, 1.43835422932e-05, 1.38179802889e-05, 1.37419383464e-05, 1.50262094394e-05, 1.20776103358e-05, 1.00002071122e-05, 1.05231256384e-05, 9.10147628019e-06, 8.47083447297e-06, 5.97739563091e-06, 5.66830613025e-06, 5.04382569488e-06, 4.79697246192e-06, 4.27191162089e-06, 3.38059817295e-06, 2.71300768873e-06],
        "median": [0.000979456119239, 0.000573306926526, 0.000280839856714, 0.000345478620147, 0.00027204095386, 0.000293189077638, 0.000159317278303, 6.72204769216e-05, 5.18428314535e-05, 6.29805654171e-05, 8.01738133305e-05, 5.09644814883e-05, 4.77351459267e-05, 3.99949531129e-05, 2.35532952502e-05, 2.13371731661e-05, 2.63181900664e-05, 1.30541693579e-05, 1.50345586007e-05, 1.22728342831e-05, 9.72154793999e-06, 8.62337219587e-06, 8.464478924e-06, 8.3687264123e-06, 8.87064561539e-06, 8.52535777085e-06, 7.91878028394e-06, 9.61764908425e-06, 7.23802941138e-06, 5.59161117053e-06, 5.56052600587e-06, 4.65952189188e-06, 3.81345557798e-06, 2.96463849736e-06, 3.0382229852e-06, 2.27498208005e-06, 1.98512043426e-06, 1.86013164694e-06, 1.70410407918e-06, 1.55214218012e-06],
        "min": [9.81882704726e-24, 6.19096145151e-24, 1.12478856535e-23, 6.33962702227e-24, 2.26024564615e-24, 5.26887416674e-24, 7.24308732891e-24, 7.64474374741e-24, 8.21777783099e-24, 5.67341544958e-24, 1.51058627642e-23, 1.18343808596e-23, 7.69589743281e-24, 1.04468723461e-23, 1.24199286437e-23, 1.3290848438e-23, 1.38232159531e-23, 4.64624715907e-24, 5.96819738707e-24, 3.37326981049e-24, 2.40446223861e-24, 1.18918170332e-23, 5.82363980948e-24, 7.50802941937e-24, 6.54084295665e-24, 1.44948189956e-23, 1.37277795608e-23, 1.24502272134e-23, 1.15440587472e-23, 1.20190610861e-23, 7.00619318793e-24, 9.26243319562e-24, 8.75627321756e-24, 9.57859286921e-24, 7.55097895136e-24, 9.59270874625e-24, 1.08555677704e-23, 8.83302228389e-24, 1.14280812058e-23, 7.15079375844e-24],
        "var": [0.000146804683027, 9.19362937566e-05, 1.4329069927e-05, 9.57059341999e-07, 1.19812818866e-06, 6.02476688982e-07, 3.19428380635e-07, 1.50436889612e-07, 1.29765709289e-07, 1.11424839133e-07, 1.8180675454e-07, 8.45271657113e-08, 7.26926998595e-08, 6.31041459087e-08, 2.60020591725e-08, 1.63038773593e-08, 1.84376460766e-08, 9.26709819993e-09, 4.53625714769e-09, 1.79534986877e-09, 1.46499423703e-09, 1.06439279612e-09, 3.5449360114e-10, 6.07544792253e-10, 3.90458582133e-10, 3.4899447221e-10, 3.25238808108e-10, 3.41621148037e-10, 2.22072943368e-10, 1.92313706626e-10, 1.95654617507e-10, 1.53737272912e-10, 1.48972778558e-10, 6.08107175726e-11, 5.45472209068e-11, 4.66971357416e-11, 5.77583918193e-11, 3.62889301941e-11, 2.1335464645e-11, 1.32233200084e-11]
    },
    "mfcc": {
        "mean": [-659.764892578, 127.385810852, 5.72450780869, 6.33975696564, 3.7639400959, 5.36015510559, 1.93686234951, -0.460112512112, -1.1572458744, -0.353001326323, -3.53083491325, -2.61806941032, 1.06182253361],
        "cov": [[19469.7128906, -6967.10644531, 1421.71289062, 2569.74658203, 2.2149515152, 1366.55981445, 1746.23156738, 1466.18518066, 934.12890625, 745.714904785, 824.177307129, 588.845458984, -28.2001686096], [-6967.10644531, 5412.56738281, -881.311767578, -1181.27307129, 66.97631073, -841.106750488, -860.92578125, -674.870300293, -451.900512695, -321.429901123, -342.539001465, -258.122009277, 14.242184639], [1421.71289062, -881.311767578, 743.363769531, 351.53994751, 72.6302871704, 283.079498291, 225.002349854, 242.321685791, 165.393676758, 101.085678101, 132.907562256, 122.362518311, -17.7798805237], [2569.74658203, -1181.27307129, 351.53994751, 665.032592773, 164.662521362, 265.371826172, 303.359100342, 257.550506592, 195.568389893, 144.809783936, 125.772537231, 122.961715698, 41.839427948], [2.2149515152, 66.97631073, 72.6302871704, 164.662521362, 229.213424683, 74.7256469727, 20.4575824738, 54.0340118408, 56.9403114319, 45.4315910339, 7.36485481262, 17.678937912, 11.7163658142], [1366.55981445, -841.106750488, 283.079498291, 265.371826172, 74.7256469727, 312.495727539, 246.759643555, 178.664779663, 127.810272217, 83.3422470093, 85.6748123169, 67.8345718384, -2.50915908813], [1746.23156738, -860.92578125, 225.002349854, 303.359100342, 20.4575824738, 246.759643555, 362.948608398, 222.76222229, 141.121871948, 113.95552063, 102.687812805, 62.0800628662, 4.54714345932], [1466.18518066, -674.870300293, 242.321685791, 257.550506592, 54.0340118408, 178.664779663, 222.76222229, 268.746490479, 166.703338623, 99.4418869019, 87.1698684692, 59.7197227478, -8.55082130432], [934.12890625, -451.900512695, 165.393676758, 195.568389893, 56.9403114319, 127.810272217, 141.121871948, 166.703338623, 196.407409668, 122.722946167, 63.115020752, 33.7406616211, -19.3048057556], [745.714904785, -321.429901123, 101.085678101, 144.809783936, 45.4315910339, 83.3422470093, 113.95552063, 99.4418869019, 122.722946167, 149.858322144, 90.4804000854, 32.4482421875, -17.541311264], [824.177307129, -342.539001465, 132.907562256, 125.772537231, 7.36485481262, 85.6748123169, 102.687812805, 87.1698684692, 63.115020752, 90.4804000854, 139.457046509, 85.9595565796, -1.22250378132], [588.845458984, -258.122009277, 122.362518311, 122.961715698, 17.678937912, 67.8345718384, 62.0800628662, 59.7197227478, 33.7406616211, 32.4482421875, 85.9595565796, 135.308837891, 67.3896255493], [-28.2001686096, 14.242184639, -17.7798805237, 41.839427948, 11.7163658142, -2.50915908813, 4.54714345932, -8.55082130432, -19.3048057556, -17.541311264, -1.22250378132, 67.3896255493, 127.944869995]],
