{
"lowlevel": {
    "average_loudness": 0.917348206043,
    "barkbands_crest": {
        "dmean": 3.3570535183,
        "dmean2": 5.21330595016,
        "dvar": 13.6423950195,
        "dvar2": 26.2486362457,
        "max": 26.4572658539,
        "mean": 11.1927967072,
        "median": 10.1631202698,
        "min": 1.79384636879,
        "var": 37.9280128479
    },
    "barkbands_flatness_db": {
        "dmean": 0.0275013204664,
        "dmean2": 0.0402858145535,
        "dvar": 0.00120111810975,
        "dvar2": 0.00217947363853,
        "max": 0.410723209381,
        "mean": 0.105090603232,
        "median": 0.0779465734959,
        "min": 0.00722446199507,
        "var": 0.00620708474889
    },
    "barkbands_kurtosis": {
        "dmean": 6.72775793076,
        "dmean2": 8.87592697144,
        "dvar": 555.131774902,
        "dvar2": 956.160522461,
        "max": 842.719299316,
        "mean": 7.35772037506,
        "median": 0.314165115356,
        "min": -1.91815388203,
        "var": 949.573913574
    },
    "barkbands_skewness": {
        "dmean": 0.879500746727,
        "dmean2": 1.18377447128,
        "dvar": 1.52073919773,
        "dvar2": 2.32167720795,
        "max": 27.2364406586,
        "mean": 1.61688387394,
        "median": 1.10764479637,
        "min": -6.56857824326,
        "var": 4.92127227783
    },
    "barkbands_spread": {
        "dmean": 11.1027469635,
        "dmean2": 16.8967914581,
        "dvar": 174.078125,
        "dvar2": 381.155975342,
        "max": 126.659942627,
        "mean": 40.8354110718,
        "median": 41.8027458191,
        "min": 0.447908759117,
        "var": 493.975189209
    },
    "dissonance": {
        "dmean": 0.0130530688912,
        "dmean2": 0.0219470262527,
        "dvar": 0.000192777399207,
        "dvar2": 0.000520791509189,
        "max": 0.500000119209,
        "mean": 0.478840023279,
        "median": 0.483199268579,
        "min": 0.315557599068,
        "var": 0.000318700243952
    },
    "dynamic_complexity": 3.01671123505,
    "erbbands_crest": {
        "dmean": 2.76072669029,
        "dmean2": 4.4592871666,
        "dvar": 10.2648410797,
        "dvar2": 24.0483169556,
        "max": 31.740114212,
        "mean": 7.01495742798,
        "median": 5.56308031082,
        "min": 2.15480828285,
        "var": 18.2397518158
    },
    "erbbands_flatness_db": {
        "dmean": 0.0146659445018,
        "dmean2": 0.0224628560245,
        "dvar": 0.000251768360613,
        "dvar2": 0.000559147854801,
        "max": 0.422832041979,
        "mean": 0.113246768713,
        "median": 0.0933825299144,
        "min": 0.0365195721388,
        "var": 0.00459558516741
    },
    "erbbands_kurtosis": {
        "dmean": 0.798335969448,
        "dmean2": 1.31913852692,
        "dvar": 2.72529363632,
        "dvar2": 6.76337099075,
        "max": 53.3846359253,
        "mean": -0.221511512995,
        "median": -0.571199417114,
        "min": -1.87489044666,
        "var": 2.94594621658
    },
    "erbbands_skewness": {
        "dmean": 0.431014865637,
        "dmean2": 0.650873422623,
        "dvar": 0.251506090164,
        "dvar2": 0.485510468483,
        "max": 6.87895488739,
        "mean": 0.0407973825932,
        "median": 0.014640445821,
        "min": -4.18072748184,
        "var": 0.521045863628
    },
    "erbbands_spread": {
        "dmean": 12.3039512634,
        "dmean2": 18.9127483368,
        "dvar": 206.510696411,
        "dvar2": 480.019134521,
        "max": 173.619735718,
        "mean": 57.3214302063,
        "median": 53.8937988281,
        "min": 4.2065320015,
        "var": 583.344726562
    },
    "hfc": {
        "dmean": 15.1239156723,
        "dmean2": 23.0064353943,
        "dvar": 745.786682129,
        "dvar2": 1769.56994629,
        "max": 389.305969238,
        "mean": 42.5094184875,
        "median": 38.7488441467,
        "min": 1.15553809616e-16,
        "var": 1156.04711914
    },
    "melbands_crest": {
        "dmean": 4.42472982407,
        "dmean2": 6.91315078735,
        "dvar": 20.6538658142,
        "dvar2": 45.8472213745,
        "max": 37.7598342896,
        "mean": 18.1132659912,
        "median": 17.2299098969,
        "min": 1.61522483826,
        "var": 74.5824203491
    },
    "melbands_flatness_db": {
        "dmean": 0.0360309295356,
        "dmean2": 0.0516658760607,
        "dvar": 0.00176063529216,
        "dvar2": 0.00306688528508,
        "max": 0.534945070744,
        "mean": 0.166085928679,
        "median": 0.148965016007,
        "min": 0.00293161021546,
        "var": 0.00996625516564
    },
    "melbands_kurtosis": {
        "dmean": 23.9445648193,
        "dmean2": 32.4750862122,
        "dvar": 3476.91137695,
        "dvar2": 6011.83105469,
        "max": 1098.32714844,
        "mean": 35.0343017578,
        "median": 8.34916305542,
        "min": -1.79496657848,
        "var": 7239.19970703
    },
    "melbands_skewness": {
        "dmean": 1.41245412827,
        "dmean2": 1.95548725128,
        "dvar": 4.15176773071,
        "dvar2": 7.08001089096,
        "max": 28.8738765717,
        "mean": 3.75891447067,
        "median": 2.65967082977,
        "min": -0.998082220554,
        "var": 12.4242486954
    },
    "melbands_spread": {
        "dmean": 15.3959207535,
        "dmean2": 22.9522972107,
        "dvar": 536.303710938,
        "dvar2": 956.758483887,
        "max": 235.322463989,
        "mean": 39.3548126221,
        "median": 30.4175758362,
        "min": 0.33001986146,
        "var": 1200.77038574
    },
    "pitch_salience": {
        "dmean": 0.0977994054556,
        "dmean2": 0.149773299694,
        "dvar": 0.0111256781965,
        "dvar2": 0.0225442890078,
        "max": 0.986552894115,
        "mean": 0.524198055267,
        "median": 0.544494748116,
        "min": 0.0405755117536,
        "var": 0.0309308208525
    },
    "silence_rate_20dB": {
        "dmean": 0,
        "dmean2": 0,
        "dvar": 0,
        "dvar2": 0,
        "max": 1,
        "mean": 1,
        "median": 1,
        "min": 1,
        "var": 0
    },
    "silence_rate_30dB": {
        "dmean": 0.0431314632297,
        "dmean2": 0.0862756669521,
        "dvar": 0.0412723049521,
        "dvar2": 0.0953809097409,
        "max": 1,
        "mean": 0.957170307636,
        "median": 1,
        "min": 0,
        "var": 0.0409928448498
    },
    "silence_rate_60dB": {
        "dmean": 0.019202362746,
        "dmean2": 0.0384103991091,
        "dvar": 0.0188325867057,
        "dvar2": 0.0440250635147,
        "max": 1,
        "mean": 0.0769457966089,
        "median": 0,
        "min": 0,
        "var": 0.0710246860981
    },
    "spectral_centroid": {
        "dmean": 434.294250488,
        "dmean2": 638.696350098,
        "dvar": 265403.625,
        "dvar2": 440080.59375,
        "max": 11395.4462891,
        "mean": 2042.33496094,
        "median": 2082.53735352,
        "min": 137.390182495,
        "var": 800954.75
    },
    "spectral_complexity": {
        "dmean": 5.5672082901,
        "dmean2": 8.62815761566,
        "dvar": 34.8998374939,
        "dvar2": 79.8845672607,
        "max": 59,
        "mean": 23.2269973755,
        "median": 24,
        "min": 0,
        "var": 161.225814819
    },
    "spectral_decrease": {
        "dmean": 2.66927147052e-09,
        "dmean2": 3.76325415274e-09,
        "dvar": 1.93194781856e-17,
        "dvar2": 3.09032559267e-17,
        "max": 5.92578597303e-10,
        "mean": -8.28827584343e-09,
        "median": -6.42179509569e-09,
        "min": -4.43880239231e-08,
        "var": 5.97965291394e-17
    },
    "spectral_energy": {
        "dmean": 0.0102256741375,
        "dmean2": 0.0145580889657,
        "dvar": 0.00028032323462,
        "dvar2": 0.00046281676623,
        "max": 0.169010043144,
        "mean": 0.0351375937462,
        "median": 0.0297860819846,
        "min": 1.05054506578e-20,
        "var": 0.000860831991304
    },
    "spectral_energyband_high": {
        "dmean": 0.00140499160625,
        "dmean2": 0.00204906449653,
        "dvar": 5.3369926718e-06,
        "dvar2": 1.23076188174e-05,
        "max": 0.0317504219711,
        "mean": 0.00361054390669,
        "median": 0.00300340773538,
        "min": 7.37964498286e-21,
        "var": 1.00094384834e-05
    },
    "spectral_energyband_low": {
        "dmean": 0.00573907978833,
        "dmean2": 0.00770493177697,
        "dvar": 0.000138281960972,
        "dvar2": 0.000212741317227,
        "max": 0.166152104735,
        "mean": 0.0166509170085,
        "median": 0.00703791901469,
        "min": 6.00906969052e-23,
        "var": 0.000612037780229
    },
    "spectral_energyband_middle_high": {
        "dmean": 0.001801803126,
        "dmean2": 0.00285070692189,
        "dvar": 6.77204843669e-06,
        "dvar2": 1.61279531312e-05,
        "max": 0.026976512745,
        "mean": 0.00435433816165,
        "median": 0.00359400152229,
        "min": 1.36854528187e-21,
        "var": 1.36794551509e-05
    },
    "spectral_energyband_middle_low": {
        "dmean": 0.00821436289698,
        "dmean2": 0.0127094145864,
        "dvar": 0.000335112883477,
        "dvar2": 0.000692298985086,
        "max": 0.145461291075,
        "mean": 0.0116124954075,
        "median": 0.00519229331985,
        "min": 2.66392370216e-22,
        "var": 0.000422429788159
    },
    "spectral_entropy": {
        "dmean": 0.156764104962,
        "dmean2": 0.22716383636,
        "dvar": 0.0440027825534,
        "dvar2": 0.0809264555573,
        "max": 9.81165027618,
        "mean": 8.14891338348,
        "median": 8.28855228424,
        "min": 5.97350406647,
        "var": 0.228505834937
    },
    "spectral_flux": {
        "dmean": 0.0305670853704,
        "dmean2": 0.0477237403393,
        "dvar": 0.00198752968572,
        "dvar2": 0.00384371192195,
        "max": 0.476357907057,
        "mean": 0.101062178612,
        "median": 0.0881892442703,
        "min": 6.80109649154e-11,
        "var": 0.00454000011086
    },
    "spectral_kurtosis": {
        "dmean": 1.58739709854,
        "dmean2": 2.77363920212,
        "dvar": 37.3391151428,
        "dvar2": 122.137680054,
        "max": 116.824745178,
        "mean": 3.95928764343,
        "median": 1.67381048203,
        "min": -1.22465658188,
        "var": 133.31854248
    },
    "spectral_rms": {
        "dmean": 0.000824742775876,
        "dmean2": 0.0011902928818,
        "dvar": 1.31656179292e-06,
        "dvar2": 2.20317838284e-06,
        "max": 0.0128408661112,
        "mean": 0.00532301934436,
        "median": 0.00539069483057,
        "min": 3.20144041485e-12,
        "var": 5.94607945459e-06
    },
    "spectral_rolloff": {
        "dmean": 1421.69042969,
        "dmean2": 2201.15673828,
        "dvar": 4308596,
        "dvar2": 7916187,
        "max": 19056.8847656,
        "mean": 3480.98510742,
        "median": 2282.51953125,
        "min": 43.06640625,
        "var": 11558616
    },
    "spectral_skewness": {
        "dmean": 0.191391378641,
        "dmean2": 0.303592443466,
        "dvar": 0.138397917151,
        "dvar2": 0.447376161814,
        "max": 7.75405406952,
        "mean": 1.26639950275,
        "median": 1.15994477272,
        "min": -0.170968562365,
        "var": 0.535416424274
    },
    "spectral_spread": {
        "dmean": 588630.8125,
        "dmean2": 901961.5625,
        "dvar": 905837019136,
        "dvar2": 1.61474923725e+12,
        "max": 41371824,
        "mean": 6998439,
        "median": 7269160,
        "min": 610919.25,
        "var": 4.78045221683e+12
    },
    "spectral_strongpeak": {
        "dmean": 0.394196748734,
        "dmean2": 0.648726046085,
        "dvar": 0.547734022141,
        "dvar2": 1.40265607834,
        "max": 11.0266475677,
        "mean": 0.592156291008,
        "median": 0.364666491747,
        "min": 0,
        "var": 0.552589535713
    },
    "zerocrossingrate": {
        "dmean": 0.0269899796695,
        "dmean2": 0.0297744087875,
        "dvar": 0.000977453542873,
        "dvar2": 0.00121307722293,
        "max": 0.6845703125,
        "mean": 0.119986370206,
        "median": 0.10546875,
        "min": 0.00439453125,
        "var": 0.00589869869873
    },
    "barkbands": {
        "dmean": [0.000631621456705, 0.00466836197302, 0.00185109372251, 0.0020894089248, 0.00495034502819, 0.00106069794856, 0.00087539415108, 0.000445825455245, 0.000494049862027, 0.000764590629842, 0.00033148744842, 0.000319434591802, 0.000304947752738, 0.000248127151281, 0.000239587097894, 0.000198783833184, 0.000181056369911, 0.000157383037731, 0.000166485348018, 0.000166171710589, 0.000197196291992, 0.000215180582018, 0.000252612691838, 0.000290627678623, 0.000322891923133, 0.000307296431856, 6.54106697766e-05],
        "dmean2": [0.00100046012085, 0.00651948712766, 0.0029474676121, 0.00376743869856, 0.00739929405972, 0.00175676529761, 0.00141920230817, 0.000728177255951, 0.000795710890088, 0.00124404218514, 0.000551402976271, 0.000509231816977, 0.00050933676539, 0.000421256874688, 0.000395064911572, 0.000341066916008, 0.000298285653116, 0.000262742454652, 0.00027032115031, 0.000271813740255, 0.000311025010888, 0.000334737385856, 0.00037048390368, 0.000440753588919, 0.000490926089697, 0.000479510810692, 0.000100172153907],
        "dvar": [1.3513824797e-06, 0.000105563602119, 5.98353035457e-05, 9.85067381407e-05, 0.000208231227589, 4.59039529233e-06, 8.78268656379e-06, 1.53919404511e-06, 1.15744251161e-06, 3.73903048967e-06, 4.68772526574e-07, 4.0798676082e-07, 2.50604330176e-07, 2.16701877775e-07, 1.54906004468e-07, 1.33386691914e-07, 7.25925772826e-08, 4.21375929704e-08, 5.18600131727e-08, 6.11625949887e-08, 5.14716198552e-08, 6.20694322606e-08, 1.22850210005e-07, 2.05234016448e-07, 5.57749615382e-07, 1.0366600236e-06, 2.94132416201e-08],
        "dvar2": [3.09544657284e-06, 0.000166788871866, 0.000137705064844, 0.000281356420601, 0.000344904867234, 1.23070221889e-05, 2.19476696657e-05, 3.76896537091e-06, 2.75049342235e-06, 8.64510730025e-06, 1.17302795388e-06, 1.05357605662e-06, 6.29391593066e-07, 5.73618081035e-07, 3.73331573655e-07, 3.63840996442e-07, 1.95747816178e-07, 1.10298394418e-07, 1.20880613963e-07, 1.39208879091e-07, 1.23749501313e-07, 1.40747175692e-07, 2.61649972799e-07, 4.83523763251e-07, 1.31719264118e-06, 2.49308709499e-06, 7.03667666357e-08],
        "max": [0.0216722786427, 0.123570464551, 0.0837343782187, 0.106905348599, 0.131638690829, 0.0385202132165, 0.088040240109, 0.0354951620102, 0.02762404643, 0.0443914234638, 0.0146497124806, 0.00976962968707, 0.00703474273905, 0.00673888903111, 0.00731991464272, 0.00395080447197, 0.00451598269865, 0.0034313860815, 0.00426244316623, 0.00738544482738, 0.00522881979123, 0.00340277911164, 0.00410365266725, 0.00423235492781, 0.0110503667966, 0.0139525318518, 0.00344193633646],
        "mean": [0.00131324096583, 0.0126237152144, 0.00185418094043, 0.00169732712675, 0.00594624504447, 0.00132993853185, 0.00101769471075, 0.000532912090421, 0.000648137007374, 0.000948944187257, 0.000450817489764, 0.000494282750878, 0.000466402969323, 0.00035963539267, 0.000401981669711, 0.000309084047331, 0.000317609315971, 0.000308009766741, 0.000337142293574, 0.000373171147658, 0.000488855643198, 0.000566888717003, 0.000564576126635, 0.000573419791181, 0.000607487803791, 0.00050548434956, 0.000100433360785],
        "median": [0.000279296800727, 0.00455590430647, 0.000279623433016, 0.000300324172713, 0.00101569946855, 0.000418674142566, 0.000292358949082, 0.000200215785298, 0.000268076837528, 0.000298693455989, 0.000173375272425, 0.00020569426124, 0.000255451421253, 0.000170218540006, 0.000216938846279, 0.00018552581605, 0.000217608030653, 0.000236826977925, 0.000263881753199, 0.000299107079627, 0.00042824659613, 0.000471422274131, 0.000432650122093, 0.000408390158555, 0.000410552165704, 0.000293961929856, 3.57665521733e-05],
        "min": [9.65894624102e-24, 1.05601291062e-23, 1.71527106886e-23, 7.83930366791e-24, 2.97800071985e-23, 3.17014704152e-23, 1.01485701168e-23, 3.20109279266e-23, 3.8172177721e-23, 2.38596297707e-23, 3.75449354826e-23, 3.38608351483e-23, 5.75327680884e-23, 7.15569100694e-23, 8.42866512119e-23, 9.62351171356e-23, 7.5491729332e-23, 1.44577087698e-22, 2.34919723105e-22, 2.1279933126e-22, 2.92127082915e-22, 4.06412580807e-22, 3.99164577297e-22, 7.58428342815e-22, 1.08561417141e-21, 1.37965102978e-21, 2.34326858163e-21],
        "var": [5.36925927008e-06, 0.0003637499467, 5.40632572665e-05, 5.76984348299e-05, 0.000305807450786, 6.87437022862e-06, 9.64454466157e-06, 1.8158855255e-06, 1.57433009917e-06, 4.78740184917e-06, 7.07131391664e-07, 6.72713383665e-07, 3.91812392309e-07, 2.75408154948e-07, 2.65427814838e-07, 1.54324709456e-07, 1.14194953937e-07, 8.53948094459e-08, 1.03389723449e-07, 1.43425268107e-07, 1.58199497946e-07, 2.11956930229e-07, 3.04330569634e-07, 3.56773711019e-07, 6.63167497805e-07, 9.92783498077e-07, 3.6645495527e-08]
    },
    "erbbands": {
        "dmean": [0.208703830838, 0.970411300659, 2.18100714684, 5.25033712387, 11.0275812149, 22.4178504944, 14.603685379, 7.84526729584, 11.1504936218, 12.1719179153, 9.93180084229, 11.8641214371, 24.3611984253, 17.2164058685, 10.8657131195, 13.8692407608, 13.3018503189, 13.0566644669, 11.6689367294, 11.6858243942, 10.4267778397, 8.73049926758, 8.50818920135, 8.01018428802, 8.64546585083, 7.85855007172, 8.24879646301, 7.88659477234, 7.81702661514, 7.55951690674, 7.5948677063, 6.03184556961, 4.84542608261, 3.4075319767, 2.59599041939, 1.15137946606, 0.647673130035, 0.143838778138, 0.0106428079307, 0.000166837853612],
        "dmean2": [0.288700044155, 1.34329473972, 3.52025294304, 9.15695571899, 17.4597759247, 33.8988342285, 25.7590503693, 12.7174444199, 18.1750469208, 19.585483551, 16.0551204681, 19.0157852173, 39.6040687561, 28.3094997406, 17.7243785858, 22.037021637, 22.0917720795, 22.0746765137, 19.1663646698, 19.8658008575, 17.502374649, 14.4141798019, 14.198720932, 13.0022172928, 13.9986219406, 12.9929895401, 13.2818479538, 12.4114170074, 12.2531309128, 11.6398410797, 11.5270671844, 9.27917575836, 7.31248044968, 5.10071802139, 4.07421731949, 1.76756727695, 1.04249680042, 0.225360497832, 0.0161793120205, 0.000253036385402],
        "dvar": [0.152754575014, 7.2418589592, 89.6082687378, 590.770263672, 772.342102051, 5442.67041016, 2222.23608398, 213.669281006, 1963.64477539, 1061.09228516, 943.971618652, 814.083557129, 5215.10253906, 1334.26953125, 387.863098145, 812.092956543, 451.912658691, 638.76361084, 367.017211914, 399.767089844, 318.325653076, 153.948257446, 139.418930054, 111.353164673, 158.342193604, 137.836242676, 100.33391571, 76.383644104, 82.8656692505, 91.6226806641, 132.19241333, 94.3942108154, 56.1218185425, 37.5804252625, 50.3807640076, 10.125670433, 5.63142347336, 0.198272645473, 0.000804643263109, 2.16182783674e-07],
        "dvar2": [0.229993388057, 13.0479078293, 219.439849854, 1646.76086426, 1594.38244629, 10146.0458984, 6291.72119141, 553.979675293, 4929.22314453, 2492.37402344, 2255.24462891, 1891.29504395, 12097.4746094, 3422.75439453, 910.079833984, 2113.06079102, 1126.72058105, 1704.8302002, 887.052734375, 1018.20806885, 865.947631836, 411.73614502, 373.605224609, 278.892486572, 355.152374268, 314.046569824, 243.666122437, 177.099609375, 188.091598511, 202.247833252, 295.670562744, 243.967208862, 123.719818115, 86.6315307617, 122.4739151, 22.237203598, 14.2759695053, 0.481488198042, 0.00187562359497, 5.06466790284e-07],
        "max": [5.47686243057, 33.6938514709, 105.600906372, 249.208633423, 220.759933472, 716.390991211, 472.597747803, 219.532089233, 1521.93713379, 746.855163574, 1003.33294678, 834.17388916, 1790.0802002, 976.065917969, 497.483764648, 451.98828125, 285.17288208, 364.846191406, 254.936538696, 385.106018066, 202.101165771, 245.663116455, 239.742797852, 131.121047974, 319.045135498, 323.68081665, 213.17010498, 138.016387939, 116.347450256, 121.701759338, 136.792678833, 100.141189575, 76.782875061, 84.1887741089, 112.162666321, 42.4559822083, 31.528093338, 7.10921812057, 0.525039672852, 0.0085344882682],
        "mean": [0.582599282265, 1.93963825703, 2.24653100967, 4.55198431015, 11.755730629, 23.8157424927, 13.6014146805, 10.247590065, 13.4682369232, 13.6958236694, 12.7114467621, 15.7374582291, 29.0152168274, 23.9109649658, 17.0392494202, 21.924987793, 21.4741458893, 19.59582901, 20.6641674042, 19.0970859528, 17.7028026581, 16.9531993866, 16.9454574585, 16.5884437561, 17.6477832794, 17.7313346863, 19.0848960876, 19.6960010529, 20.0990524292, 18.6266078949, 16.046339035, 11.9314422607, 9.47682476044, 6.74385976791, 4.35940313339, 2.12040615082, 0.940048575401, 0.227186352015, 0.016313130036, 0.000310782110319],
        "median": [0.164042666554, 0.685607612133, 0.493209838867, 0.944773495197, 2.17796516418, 3.13610482216, 2.90478348732, 3.48793721199, 4.35017585754, 4.32282924652, 5.47355937958, 6.57228803635, 9.03376483917, 9.51821899414, 8.45299911499, 9.31053733826, 12.6615753174, 10.3096866608, 10.9070062637, 11.0517835617, 11.6740837097, 12.4952354431, 12.9559402466, 12.8904809952, 13.9755077362, 14.1249084473, 16.5242080688, 16.7098941803, 16.65832901, 14.9063968658, 12.0290489197, 8.6423664093, 6.57184505463, 4.77065944672, 2.70326662064, 1.32230520248, 0.496497064829, 0.106357127428, 0.00555434077978, 0.000168211685377],
        "min": [2.61536445406e-22, 3.67045604456e-21, 1.88815057743e-20, 2.32990993786e-20, 1.79623982538e-20, 1.03570379769e-19, 2.55265377944e-19, 3.03428511947e-19, 1.23202464707e-19, 2.92777760229e-19, 7.95845098094e-19, 7.69308523658e-19, 1.08064209053e-18, 1.20866255918e-18, 1.39976888784e-18, 1.56048884009e-18, 2.66240653296e-18, 3.33795687422e-18, 4.18496562644e-18, 4.46289086763e-18, 5.69767175805e-18, 5.17634614008e-18, 7.19613880261e-18, 9.85683472605e-18, 1.31770922099e-17, 8.63152629441e-18, 8.59721732415e-18, 1.39129032792e-17, 1.37703411821e-17, 1.51554427102e-17, 1.30982238472e-17, 1.20419630086e-17, 1.46237260493e-17, 1.13940357436e-17, 8.15156880605e-18, 4.69323502563e-18, 2.7270217465e-18, 1.00376930107e-18, 3.15308092164e-19, 2.96921230702e-20],
        "var": [0.661837220192, 15.0006418228, 77.2430953979, 371.901123047, 864.632324219, 6764.48193359, 1652.25854492, 319.591644287, 2134.22192383, 1198.54052734, 1113.8795166, 1085.60852051, 6252.69433594, 1920.77819824, 681.858276367, 1337.68530273, 759.82232666, 756.324768066, 684.555541992, 564.146606445, 397.699005127, 271.186340332, 267.49621582, 231.617721558, 316.996429443, 312.168945312, 273.429443359, 250.110565186, 275.344299316, 263.679473877, 271.932006836, 150.06628418, 102.392845154, 57.901058197, 50.5389823914, 11.9035329819, 4.72971391678, 0.197740957141, 0.00101344892755, 2.53653809068e-07]
    },
    "gfcc": {
        "mean": [28.5082492828, 31.1589946747, -93.4117431641, 26.9535312653, -55.4490890503, 18.258190155, -35.0399093628, 9.96068668365, -25.9246768951, 6.84570121765, -17.9676876068, 8.12290382385, -11.4138202667],
        "cov": [[17650.8085938, -4834.76611328, 2021.28710938, 2486.94848633, -711.729125977, 1496.21740723, 419.065002441, 632.864990234, -48.6080093384, 1179.48937988, -128.216140747, 415.928405762, -257.054077148], [-4834.76611328, 2785.16772461, -833.635498047, -893.596740723, 340.484039307, -661.915161133, -87.8904266357, -247.117630005, 34.0223007202, -507.786193848, 60.009059906, -180.209533691, 157.910049438], [2021.28710938, -833.635498047, 1323.67712402, 728.563964844, 116.413551331, 430.935668945, 232.407455444, 201.290985107, 108.660903931, 284.892364502, 31.4258975983, 141.886032104, -25.8427028656], [2486.94848633, -893.596740723, 728.563964844, 1023.02380371, -87.0258789062, 381.009185791, 173.684783936, 126.661705017, 29.6283931732, 251.547927856, 31.026468277, 67.581741333, -29.2846603394], [-711.729125977, 340.484039307, 116.413551331, -87.0258789062, 443.666534424, 77.8354873657, 102.69329834, 62.7215919495, 105.508804321, 13.4575977325, 44.4146499634, 2.55914831161, 6.35260915756], [1496.21740723, -661.915161133, 430.935668945, 381.009185791, 77.8354873657, 426.936218262, 162.734939575, 178.699310303, 87.2739486694, 207.87097168, 10.0756216049, 85.2148742676, -36.1859664917], [419.065002441, -87.8904266357, 232.407455444, 173.684783936, 102.69329834, 162.734939575, 244.969696045, 158.956314087, 112.644805908, 88.1105041504, 44.9163131714, 49.664440155, 18.0932579041], [632.864990234, -247.117630005, 201.290985107, 126.661705017, 62.7215919495, 178.699310303, 158.956314087, 202.659545898, 120.618629456, 117.684638977, 31.9740982056, 63.0188980103, -2.72546315193], [-48.6080093384, 34.0223007202, 108.660903931, 29.6283931732, 105.508804321, 87.2739486694, 112.644805908, 120.618629456, 170.049926758, 101.029495239, 62.2473487854, 33.9554481506, 3.04496145248], [1179.48937988, -507.786193848, 284.892364502, 251.547927856, 13.4575977325, 207.87097168, 88.1105041504, 117.684638977, 101.029495239, 247.439605713, 69.6767044067, 71.993812561, -40.6978034973], [-128.216140747, 60.009059906, 31.4258975983, 31.026468277, 44.4146499634, 10.0756216049, 44.9163131714, 31.9740982056, 62.2473487854, 69.6767044067, 105.613098145, 47.1759262085, 13.7200136185], [415.928405762, -180.209533691, 141.886032104, 67.581741333, 2.55914831161, 85.2148742676, 49.664440155, 63.0188980103, 33.9554481506, 71.993812561, 47.1759262085, 95.981918335, 26.2520084381], [-257.054077148, 157.910049438, -25.8427028656, -29.2846603394, 6.35260915756, -36.1859664917, 18.0932579041, -2.72546315193, 3.04496145248, -40.6978034973, 13.7200136185, 26.2520084381, 77.4052124023]],
        "icov": [[0.000159094925039, 3.37596611644e-05, 5.9630288888e-05, -0.00020341394702, 7.07868530299e-05, 4.57280548289e-05, -8.65915717441e-05, -0.00020912020409, 0.000423317571403, -0.000692078378052, 0.000661426282022, -0.00040648682625, 7.09535815986e-05], [3.37596611644e-05, 0.00142220256384, -2.31488320424e-06, 0.000243929389399, -0.000641385035124, 0.000660533609334, -0.000420214841142, 0.000810186786111, -0.00150509027299, 0.00224736682139, -0.0018281491939, 0.00153587269597, -0.00116558582522], [5.9630288888e-05, -2.31488320424e-06, 0.00179883732926, -0.00115968741011, -0.000695617578458, 0.000241336005274, -0.000567843031604, 0.000395838200347, -0.000232619000599, -0.00090834236471, 0.00214275275357, -0.0027677367907, 0.000771592487581], [-0.00020341394702, 0.000243929389399, -0.00115968741011, 0.00295167649165, 0.000892920419574, -0.00166029226966, -0.0008303183713, 0.000816743413452, 0.000613584124949, 0.000249013362918, -0.00305826519616, 0.00389496074058, -0.00174233131111], [7.07868530299e-05, -0.000641385035124, -0.000695617578458, 0.000892920419574, 0.00395367667079, -0.00212775263935, -0.000608871050645, 0.000327065761667, -0.000652588147204, 0.000134756075568, -0.00129992945585, 0.00145447370596, 0.000317419442581], [4.57280548289e-05, 0.000660533609334, 0.000241336005274, -0.00166029226966, -0.00212775263935, 0.00857590418309, -0.00158372160513, -0.00198141601868, 0.000136254137033, -0.00293523981236, 0.00503152189776, -0.00439157988876, 0.00178988580592], [-8.65915717441e-05, -0.000420214841142, -0.000567843031604, -0.0008303183713, -0.000608871050645, -0.00158372160513, 0.0112532796338, -0.00726449443027, -0.00103392475285, 0.00195761327632, -0.00309742428362, 0.00255350372754, -0.00275769550353], [-0.00020912020409, 0.000810186786111, 0.000395838200347, 0.000816743413452, 0.000327065761667, -0.00198141601868, -0.00726449443027, 0.0190496053547, -0.00944568868726, 0.00147235149052, 0.00313008762896, -0.00557699333876, 0.00199187616818], [0.000423317571403, -0.00150509027299, -0.000232619000599, 0.000613584124949, -0.000652588147204, 0.000136254137033, -0.00103392475285, -0.00944568868726, 0.0197660792619, -0.00961695425212, -0.00180790899321, 0.00355850695632, -0.002063277876], [-0.000692078378052, 0.00224736682139, -0.00090834236471, 0.000249013362918, 0.000134756075568, -0.00293523981236, 0.00195761327632, 0.00147235149052, -0.00961695425212, 0.0218800101429, -0.0128042325377, 0.000938029144891, 0.00495261605829], [0.000661426282022, -0.0018281491939, 0.00214275275357, -0.00305826519616, -0.00129992945585, 0.00503152189776, -0.00309742428362, 0.00313008762896, -0.00180790899321, -0.0128042325377, 0.0286656431854, -0.0167899653316, 0.0027297870256], [-0.00040648682625, 0.00153587269597, -0.0027677367907, 0.00389496074058, 0.00145447370596, -0.00439157988876, 0.00255350372754, -0.00557699333876, 0.00355850695632, 0.000938029144891, -0.0167899653316, 0.0329347029328, -0.0147398309782], [7.09535815986e-05, -0.00116558582522, 0.000771592487581, -0.00174233131111, 0.000317419442581, 0.00178988580592, -0.00275769550353, 0.00199187616818, -0.002063277876, 0.00495261605829, 0.0027297870256, -0.0147398309782, 0.0238566678017]]
    },
    "melbands": {
        "dmean": [0.00149502349086, 0.00117168214638, 0.000975544448011, 0.00129130273126, 0.00062344543403, 0.000181664596312, 0.000173912325408, 0.000121254583064, 7.88390752859e-05, 7.81066410127e-05, 0.000122293102322, 7.12397522875e-05, 4.03100457333e-05, 3.71576425096e-05, 3.10360555886e-05, 3.02596781694e-05, 2.55544455285e-05, 1.92980533029e-05, 1.82339954335e-05, 1.49143652379e-05, 1.32120703711e-05, 1.02867788883e-05, 8.95079483598e-06, 7.70999577071e-06, 7.01315866536e-06, 6.89794796926e-06, 6.41650149191e-06, 5.61038132219e-06, 5.30317765879e-06, 5.49323112864e-06, 5.02703824168e-06, 4.84886277263e-06, 4.65165112473e-06, 4.62344223706e-06, 4.69412088933e-06, 4.49490789833e-06, 3.65852838513e-06, 3.54021108251e-06, 3.41005306836e-06, 2.97560836771e-06],
        "dmean2": [0.00199408689514, 0.00172625784762, 0.00165615021251, 0.00183743133675, 0.00105958234053, 0.000293746736133, 0.000282937107841, 0.000195262866328, 0.000127892504679, 0.000125876831589, 0.000199096597498, 0.000117307652545, 6.62853999529e-05, 5.95725105086e-05, 5.03559422214e-05, 5.07675686094e-05, 4.34809553553e-05, 3.18976126437e-05, 3.05059274979e-05, 2.55469476542e-05, 2.21463542402e-05, 1.69514096342e-05, 1.49036868606e-05, 1.2916830201e-05, 1.14339036372e-05, 1.13381338451e-05, 1.05596291178e-05, 9.39006076806e-06, 8.65414949658e-06, 8.77324873727e-06, 8.068373063e-06, 7.65550248616e-06, 7.42564998291e-06, 7.1753015618e-06, 7.33557044441e-06, 6.97119003235e-06, 5.7082679632e-06, 5.43869600733e-06, 5.19509194419e-06, 4.51964251624e-06],
        "dvar": [8.0534891822e-06, 1.81807645276e-05, 1.46666470755e-05, 1.37475462907e-05, 4.39661107521e-06, 1.19630016115e-07, 4.06708835499e-07, 9.29110939296e-08, 5.99949530056e-08, 3.39079520018e-08, 1.30486114358e-07, 2.25947669463e-08, 5.89768323067e-09, 5.93549520644e-09, 2.65391975063e-09, 2.67905186924e-09, 2.57852517116e-09, 9.75872715969e-10, 9.85486248162e-10, 7.58864582284e-10, 4.8424592114e-10, 2.31827709807e-10, 1.61323940318e-10, 1.06744710293e-10, 8.65740812372e-11, 1.00660396685e-10, 9.1118487755e-11, 6.85760823127e-11, 4.51145648617e-11, 4.52333344392e-11, 3.15202620949e-11, 3.23445749351e-11, 3.05989747429e-11, 3.58525535649e-11, 5.21031863487e-11, 5.17017158252e-11, 3.12246721534e-11, 2.75610367861e-11, 3.05687038182e-11, 3.42809912401e-11],
        "dvar2": [1.12752959467e-05, 4.21627009928e-05, 4.00368808187e-05, 2.29991746892e-05, 1.18180487334e-05, 3.09354419414e-07, 1.02580190742e-06, 2.1876827816e-07, 1.43498795069e-07, 8.05289630534e-08, 3.0372862625e-07, 5.80712509191e-08, 1.4294683659e-08, 1.52147858756e-08, 6.718437362e-09, 6.951130338e-09, 6.84080170288e-09, 2.38732189572e-09, 2.38772290828e-09, 2.04657224501e-09, 1.31359489952e-09, 6.24517604297e-10, 4.28291041521e-10, 2.84938905804e-10, 2.19658083389e-10, 2.34112479403e-10, 2.12396392141e-10, 1.59251320464e-10, 1.10618618432e-10, 1.12629912341e-10, 7.49203962758e-11, 7.60134316602e-11, 7.4971001629e-11, 8.02946736878e-11, 1.16358880864e-10, 1.35251865263e-10, 7.81679720951e-11, 6.02322358656e-11, 7.09365552409e-11, 8.11994083083e-11],
        "max": [0.0382353961468, 0.0492593050003, 0.0401345677674, 0.0360717847943, 0.020626751706, 0.00511851487681, 0.0207964852452, 0.00674950983375, 0.00819761212915, 0.00462531438097, 0.00882375892252, 0.00376811041497, 0.00131051649805, 0.00121286243666, 0.000657216180116, 0.000822346308269, 0.000810788420495, 0.000451796251582, 0.000644690182526, 0.000371707283193, 0.000291254895274, 0.000250541896094, 0.000241694287979, 0.000152644861373, 0.000118801050121, 0.000189824670088, 0.000266505754553, 0.000220956470002, 0.000150901309098, 0.000172778280103, 6.30718059256e-05, 8.18019325379e-05, 6.75769115333e-05, 6.67854765197e-05, 9.05906344997e-05, 7.38696035114e-05, 5.6592598412e-05, 5.12463411724e-05, 6.80734883645e-05, 8.21293142508e-05],
        "mean": [0.0041998103261, 0.00161586725153, 0.00089892023243, 0.00141245545819, 0.000586305046454, 0.000236358013353, 0.000210523518035, 0.000139145442517, 0.000100524797745, 0.000100785007817, 0.000144159756019, 9.67911546468e-05, 5.83367218496e-05, 5.64904730709e-05, 4.9984017096e-05, 4.49972430943e-05, 3.52986462531e-05, 3.23140520777e-05, 2.947732537e-05, 2.24074374273e-05, 2.09011195693e-05, 1.7907412257e-05, 1.63707481988e-05, 1.42406179293e-05, 1.31863153001e-05, 1.28960446091e-05, 1.23798381537e-05, 1.1592640476e-05, 1.12639654617e-05, 1.21079392557e-05, 1.1253262528e-05, 1.13442765723e-05, 1.09433003672e-05, 1.00496063169e-05, 9.4009874374e-06, 8.18540775072e-06, 6.93233050697e-06, 6.64178696752e-06, 6.26578457741e-06, 5.5556110965e-06],
        "median": [0.00138668029103, 0.000601076695602, 0.00020792716532, 0.000210513913771, 0.000115696704597, 7.83019131632e-05, 6.70326044201e-05, 4.61005911347e-05, 4.30157670053e-05, 3.97415969928e-05, 4.18788295065e-05, 3.63230865332e-05, 2.47434963967e-05, 2.31439917115e-05, 2.55323739111e-05, 2.43150770984e-05, 1.63733384397e-05, 1.59639766935e-05, 1.57146969286e-05, 1.22469064081e-05, 1.31201450131e-05, 1.22071578517e-05, 1.16769651868e-05, 1.06030720417e-05, 9.72186353465e-06, 9.61935256782e-06, 9.58455530053e-06, 8.8016531663e-06, 9.20717047848e-06, 1.00669749372e-05, 9.05617162061e-06, 9.12610266823e-06, 8.86493216967e-06, 7.71848135628e-06, 6.90219940225e-06, 5.79664265388e-06, 4.89701778861e-06, 4.53609300166e-06, 4.34747607869e-06, 3.84924305763e-06],
        "min": [2.992313891e-24, 9.22188732281e-24, 5.61367816867e-24, 3.16057378057e-24, 9.82852293665e-24, 6.40769625206e-24, 1.91055267876e-24, 3.89181766578e-24, 5.60852335708e-24, 5.34625944939e-24, 5.46936356024e-24, 3.37832838105e-24, 5.58587989366e-24, 2.66671017187e-24, 4.57317260683e-24, 3.49028194299e-24, 6.23308346841e-24, 6.20504261867e-24, 7.98807731261e-24, 5.90822108131e-24, 6.50961313671e-24, 4.44830184199e-24, 7.26785677247e-24, 5.6308248493e-24, 7.49744606147e-24, 9.44266740208e-24, 8.45215944999e-24, 4.97150437105e-24, 5.2249744518e-24, 5.57633112683e-24, 8.82207762769e-24, 5.51752627951e-24, 7.85145843674e-24, 7.57258032953e-24, 6.65825267505e-24, 8.53266664967e-24, 5.68216667803e-24, 9.77207283913e-24, 1.08294517413e-23, 9.1733692217e-24],
        "var": [3.51576200046e-05, 2.12318609556e-05, 9.81197899819e-06, 1.92751576833e-05, 3.3805295061e-06, 1.81246591069e-07, 4.41264688789e-07, 1.08003774812e-07, 7.1564322468e-08, 4.44093330998e-08, 1.55543872893e-07, 3.26575033682e-08, 9.56297085963e-09, 9.3373211385e-09, 4.82683315539e-09, 3.82088316542e-09, 2.97040680941e-09, 1.81355186424e-09, 1.55364821008e-09, 9.15482023522e-10, 6.11524997307e-10, 3.73784198038e-10, 2.86265677829e-10, 1.98969327125e-10, 1.6809277581e-10, 1.83920642605e-10, 1.79194090122e-10, 1.46833448178e-10, 1.11174409956e-10, 1.14901227422e-10, 9.03878777381e-11, 9.45448719314e-11, 8.80088779631e-11, 8.89421522543e-11, 1.01071734315e-10, 7.73932445908e-11, 5.20788204228e-11, 5.16470650969e-11, 4.93739875373e-11, 4.62153752767e-11]
    },
    "mfcc": {
        "mean": [-617.316894531, 68.7233123779, 17.0483608246, 15.472984314, 3.60946345329, 9.06006813049, 2.65718841553, 4.12490701675, 0.719836175442, -0.542676985264, -0.303142398596, -0.0158120542765, -0.854828000069],
        "cov": [[9413.14160156, -1054.27905273, 566.279846191, 490.48336792, 338.127655029, 527.90625, 337.506164551, 160.557342529, 214.452438354, 389.234558105, 327.464538574, 119.777992249, 161.49017334], [-1054.27905273, 1116.83679199, -215.274688721, -129.017547607, -64.4441986084, -158.833251953, -104.932403564, -4.94351053238, -20.4167118073, -106.480979919, -109.548522949, -39.598033905, -57.7079086304], [566.279846191, -215.274688721, 756.471557617, 377.516143799, 145.594528198, 201.823104858, 152.420639038, 106.803321838, 84.9985427856, 126.920272827, 100.632972717, 39.8730010986, 55.747959137], [490.48336792, -129.017547607, 377.516143799, 455.098327637, 118.600921631, 155.20475769, 118.68397522, 53.5909156799, 36.0626716614, 80.7484130859, 54.3199539185, 37.8113174438, 45.6547966003], [338.127655029, -64.4441986084, 145.594528198, 118.600921631, 262.59197998, 168.115127563, 89.2949523926, 53.0224685669, 54.5464553833, 87.2578201294, 82.8629837036, 28.8404788971, 43.5739707947], [527.90625, -158.833251953, 201.823104858, 155.20475769, 168.115127563, 230.755813599, 129.572158813, 59.9156265259, 65.9912796021, 101.270690918, 93.5538711548, 38.3854446411, 53.9296150208], [337.506164551, -104.932403564, 152.420639038, 118.68397522, 89.2949523926, 129.572158813, 159.256713867, 96.5451507568, 72.6063995361, 74.5680160522, 71.8508377075, 31.0497970581, 40.2026596069], [160.557342529, -4.94351053238, 106.803321838, 53.5909156799, 53.0224685669, 59.9156265259, 96.5451507568, 161.96257019, 108.64780426, 70.1828079224, 54.1758384705, 29.6780834198, 26.1939411163], [214.452438354, -20.4167118073, 84.9985427856, 36.0626716614, 54.5464553833, 65.9912796021, 72.6063995361, 108.64780426, 142.465576172, 99.0172119141, 65.6471557617, 36.5993728638, 37.5164871216], [389.234558105, -106.480979919, 126.920272827, 80.7484130859, 87.2578201294, 101.270690918, 74.5680160522, 70.1828079224, 99.0172119141, 148.855331421, 108.7085495, 55.1394882202, 56.096912384], [327.464538574, -109.548522949, 100.632972717, 54.3199539185, 82.8629837036, 93.5538711548, 71.8508377075, 54.1758384705, 65.6471557617, 108.7085495, 150.684494019, 89.6456985474, 75.7042999268], [119.777992249, -39.598033905, 39.8730010986, 37.8113174438, 28.8404788971, 38.3854446411, 31.0497970581, 29.6780834198, 36.5993728638, 55.1394882202, 89.6456985474, 111.016700745, 79.3883514404], [161.49017334, -57.7079086304, 55.747959137, 45.6547966003, 43.5739707947, 53.9296150208, 40.2026596069, 26.1939411163, 37.5164871216, 56.096912384, 75.7042999268, 79.3883514404, 105.858085632]],
