{
"lowlevel": {
    "average_loudness": 0.863793551922,
    "barkbands_crest": {
        "dmean": 2.37525773048,
        "dmean2": 3.57363629341,
        "dvar": 6.43816995621,
        "dvar2": 14.3973283768,
        "max": 26.0582447052,
        "mean": 10.2183656693,
        "median": 9.18900203705,
        "min": 2.1012275219,
        "var": 26.9800624847
    },
    "barkbands_flatness_db": {
        "dmean": 0.0227513927966,
        "dmean2": 0.0342235527933,
        "dvar": 0.00108633632772,
        "dvar2": 0.0026270779781,
        "max": 0.475672185421,
        "mean": 0.120623923838,
        "median": 0.106119602919,
        "min": 0.0157764162868,
        "var": 0.00432491628453
    },
    "barkbands_kurtosis": {
        "dmean": 4.61672639847,
        "dmean2": 7.90182447433,
        "dvar": 526.334350586,
        "dvar2": 1398.0567627,
        "max": 314.240447998,
        "mean": 3.16119480133,
        "median": -0.476819038391,
        "min": -1.97951960564,
        "var": 394.323394775
    },
    "barkbands_skewness": {
        "dmean": 0.636356055737,
        "dmean2": 0.943327963352,
        "dvar": 1.4597505331,
        "dvar2": 3.3557946682,
        "max": 14.2971448898,
        "mean": 0.786658227444,
        "median": 0.490998983383,
        "min": -5.11841106415,
        "var": 2.59469127655
    },
    "barkbands_spread": {
        "dmean": 8.75531291962,
        "dmean2": 13.193189621,
        "dvar": 105.315620422,
        "dvar2": 225.967208862,
        "max": 110.175064087,
        "mean": 42.5999794006,
        "median": 40.9169807434,
        "min": 0.45000693202,
        "var": 613.49407959
    },
    "dissonance": {
        "dmean": 0.0110726729035,
        "dmean2": 0.0190035812557,
        "dvar": 0.000227664248087,
        "dvar2": 0.00062546035042,
        "max": 0.499999970198,
        "mean": 0.481761157513,
        "median": 0.491483956575,
        "min": 0.257909446955,
        "var": 0.00065084581729
    },
    "dynamic_complexity": 2.62723636627,
    "erbbands_crest": {
        "dmean": 2.43542695045,
        "dmean2": 4.02497625351,
        "dvar": 7.65091991425,
        "dvar2": 20.0941848755,
        "max": 29.5429039001,
        "mean": 8.6572637558,
        "median": 7.03303337097,
        "min": 2.29246616364,
        "var": 24.8881778717
    },
    "erbbands_flatness_db": {
        "dmean": 0.0161975249648,
        "dmean2": 0.0247204937041,
        "dvar": 0.000264612201136,
        "dvar2": 0.000626605877187,
        "max": 0.497773826122,
        "mean": 0.16352365911,
        "median": 0.151607111096,
        "min": 0.0509439148009,
        "var": 0.00320671731606
    },
    "erbbands_kurtosis": {
        "dmean": 1.50133538246,
        "dmean2": 2.42034316063,
        "dvar": 6.71156072617,
        "dvar2": 17.6958465576,
        "max": 76.2536468506,
        "mean": 1.74494922161,
        "median": 0.384394407272,
        "min": -1.86347985268,
        "var": 15.6331529617
    },
    "erbbands_skewness": {
        "dmean": 0.443461120129,
        "dmean2": 0.667294561863,
        "dvar": 0.287670016289,
        "dvar2": 0.641457736492,
        "max": 6.11567592621,
        "mean": -0.1769079566,
        "median": -0.208418875933,
        "min": -7.39723014832,
        "var": 1.19284617901
    },
    "erbbands_spread": {
        "dmean": 8.68919467926,
        "dmean2": 13.440413475,
        "dvar": 190.663116455,
        "dvar2": 468.619750977,
        "max": 171.615386963,
        "mean": 31.4301300049,
        "median": 27.8796863556,
        "min": 1.26626729965,
        "var": 359.162780762
    },
    "hfc": {
        "dmean": 13.8079223633,
        "dmean2": 21.4715881348,
        "dvar": 481.567718506,
        "dvar2": 1236.02661133,
        "max": 283.551879883,
        "mean": 44.4061279297,
        "median": 33.0992355347,
        "min": 3.01537084191e-09,
        "var": 1567.86816406
    },
    "melbands_crest": {
        "dmean": 3.51458191872,
        "dmean2": 5.51049995422,
        "dvar": 15.3064079285,
        "dvar2": 38.9198150635,
        "max": 37.7666511536,
        "mean": 18.3282089233,
        "median": 15.9811697006,
        "min": 2.43231010437,
        "var": 95.0495986938
    },
    "melbands_flatness_db": {
        "dmean": 0.0300584547222,
        "dmean2": 0.0434255823493,
        "dvar": 0.00173576385714,
        "dvar2": 0.00403267797083,
        "max": 0.53426015377,
        "mean": 0.161916822195,
        "median": 0.145607292652,
        "min": 0.0180608667433,
        "var": 0.00665262341499
    },
    "melbands_kurtosis": {
        "dmean": 14.6583986282,
        "dmean2": 23.7674102783,
        "dvar": 3882.6496582,
        "dvar2": 9652.82128906,
        "max": 808.652770996,
        "mean": 14.9148960114,
        "median": 2.5297999382,
        "min": -1.93250739574,
        "var": 3364.58911133
    },
    "melbands_skewness": {
        "dmean": 0.969957947731,
        "dmean2": 1.40934050083,
        "dvar": 3.21016192436,
        "dvar2": 7.07148361206,
        "max": 22.3573875427,
        "mean": 2.28309130669,
        "median": 1.58754742146,
        "min": -3.133010149,
        "var": 6.35030269623
    },
    "melbands_spread": {
        "dmean": 14.1514492035,
        "dmean2": 20.9891319275,
        "dvar": 325.106445312,
        "dvar2": 695.436462402,
        "max": 225.526748657,
        "mean": 50.1928024292,
        "median": 44.679599762,
        "min": 0.360240191221,
        "var": 1135.66711426
    },
    "pitch_salience": {
        "dmean": 0.0803141891956,
        "dmean2": 0.124329119921,
        "dvar": 0.00955334678292,
        "dvar2": 0.0229241568595,
        "max": 0.975590407848,
        "mean": 0.502016425133,
        "median": 0.520385444164,
        "min": 0.0352072156966,
        "var": 0.0268416963518
    },
    "silence_rate_20dB": {
        "dmean": 0,
        "dmean2": 0,
        "dvar": 0,
        "dvar2": 0,
        "max": 1,
        "mean": 1,
        "median": 1,
        "min": 1,
        "var": 0
    },
    "silence_rate_30dB": {
        "dmean": 0.0136746140197,
        "dmean2": 0.0273516252637,
        "dvar": 0.0134888328612,
        "dvar2": 0.0378263667226,
        "max": 1,
        "mean": 0.991936206818,
        "median": 1,
        "min": 0,
        "var": 0.00799906440079
    },
    "silence_rate_60dB": {
        "dmean": 0.00911640934646,
        "dmean2": 0.0181467514485,
        "dvar": 0.00903407949954,
        "dvar2": 0.0209754742682,
        "max": 1,
        "mean": 0.0423349998891,
        "median": 0,
        "min": 0,
        "var": 0.0405425317585
    },
    "spectral_centroid": {
        "dmean": 333.074554443,
        "dmean2": 500.105010986,
        "dvar": 196758.28125,
        "dvar2": 364540.21875,
        "max": 6109.01611328,
        "mean": 2511.48510742,
        "median": 2609.26171875,
        "min": 133.362091064,
        "var": 1183026.375
    },
    "spectral_complexity": {
        "dmean": 5.37762975693,
        "dmean2": 8.25712299347,
        "dvar": 36.2300300598,
        "dvar2": 79.2694320679,
        "max": 62,
        "mean": 26.487247467,
        "median": 26,
        "min": 0,
        "var": 186.898681641
    },
    "spectral_decrease": {
        "dmean": 1.67319214039e-09,
        "dmean2": 2.34690222811e-09,
        "dvar": 7.9421672068e-18,
        "dvar2": 1.4999337185e-17,
        "max": -9.69917493494e-21,
        "mean": -6.35364516555e-09,
        "median": -4.42658931732e-09,
        "min": -3.79596940547e-08,
        "var": 2.97509767898e-17
    },
    "spectral_energy": {
        "dmean": 0.00672659138218,
        "dmean2": 0.00962646957487,
        "dvar": 0.000111849833047,
        "dvar2": 0.0002123889426,
        "max": 0.144793763757,
        "mean": 0.0280078910291,
        "median": 0.0212235115469,
        "min": 3.10109956377e-13,
        "var": 0.00049247831339
    },
    "spectral_energyband_high": {
        "dmean": 0.00158006802667,
        "dmean2": 0.00244072405621,
        "dvar": 6.93640504323e-06,
        "dvar2": 1.72310337803e-05,
        "max": 0.0350878499448,
        "mean": 0.00428202282637,
        "median": 0.00259774690494,
        "min": 2.39824273721e-13,
        "var": 2.17322085518e-05
    },
    "spectral_energyband_low": {
        "dmean": 0.00509474007413,
        "dmean2": 0.00716010294855,
        "dvar": 0.000129523628857,
        "dvar2": 0.000290898344247,
        "max": 0.143227860332,
        "mean": 0.0136771770194,
        "median": 0.00448953406885,
        "min": 1.1161765651e-14,
        "var": 0.000353758165147
    },
    "spectral_energyband_middle_high": {
        "dmean": 0.00258547696285,
        "dmean2": 0.00412674481049,
        "dvar": 1.83595566341e-05,
        "dvar2": 4.97263790749e-05,
        "max": 0.0470565482974,
        "mean": 0.00615940755233,
        "median": 0.00482073845342,
        "min": 4.88189641436e-14,
        "var": 3.14535172947e-05
    },
    "spectral_energyband_middle_low": {
        "dmean": 0.00323332333937,
        "dmean2": 0.00538043817505,
        "dvar": 9.03456675587e-05,
        "dvar2": 0.000210976053495,
        "max": 0.124222278595,
        "mean": 0.0043529625982,
        "median": 0.0019978438504,
        "min": 6.78296191458e-15,
        "var": 8.83697866811e-05
    },
    "spectral_entropy": {
        "dmean": 0.135354280472,
        "dmean2": 0.214961081743,
        "dvar": 0.0494063310325,
        "dvar2": 0.126467689872,
        "max": 8.81063079834,
        "mean": 7.94526100159,
        "median": 8.09767532349,
        "min": 4.85375785828,
        "var": 0.264437496662
    },
    "spectral_flux": {
        "dmean": 0.0211212281138,
        "dmean2": 0.0295063462108,
        "dvar": 0.00100267783273,
        "dvar2": 0.00179175217636,
        "max": 0.399329841137,
        "mean": 0.0883335694671,
        "median": 0.079053118825,
        "min": 2.44514012593e-06,
        "var": 0.00334474281408
    },
    "spectral_kurtosis": {
        "dmean": 1.40304625034,
        "dmean2": 2.4248855114,
        "dvar": 7.56848669052,
        "dvar2": 23.543586731,
        "max": 68.4561309814,
        "mean": 3.87371301651,
        "median": 2.5122961998,
        "min": -1.02065324783,
        "var": 21.2564430237
    },
    "spectral_rms": {
        "dmean": 0.000578171631787,
        "dmean2": 0.000830285425764,
        "dvar": 5.50629636109e-07,
        "dvar2": 1.02029480331e-06,
        "max": 0.0118853775784,
        "mean": 0.00480650411919,
        "median": 0.00455036992207,
        "min": 1.73938587977e-08,
        "var": 4.22221592089e-06
    },
    "spectral_rolloff": {
        "dmean": 866.778198242,
        "dmean2": 1358.83618164,
        "dvar": 1454340.625,
        "dvar2": 2893940.25,
        "max": 16429.8339844,
        "mean": 3382.01782227,
        "median": 2993.11523438,
        "min": 64.599609375,
        "var": 5667786
    },
    "spectral_skewness": {
        "dmean": 0.200748637319,
        "dmean2": 0.329586625099,
        "dvar": 0.0655965656042,
        "dvar2": 0.18593749404,
        "max": 6.2464838028,
        "mean": 1.28704512119,
        "median": 1.17052543163,
        "min": -0.152683511376,
        "var": 0.297291040421
    },
    "spectral_spread": {
        "dmean": 481470.5625,
        "dmean2": 711844.4375,
        "dvar": 350198169600,
        "dvar2": 636221980672,
        "max": 14023482,
        "mean": 4802383,
        "median": 4827584,
        "min": 1112054.75,
        "var": 2.55934778573e+12
    },
    "spectral_strongpeak": {
        "dmean": 0.462537169456,
        "dmean2": 0.78032720089,
        "dvar": 0.998252928257,
        "dvar2": 2.60015749931,
        "max": 14.2609176636,
        "mean": 0.828055500984,
        "median": 0.328141599894,
        "min": 0,
        "var": 1.37348091602
    },
    "zerocrossingrate": {
        "dmean": 0.0150847146288,
        "dmean2": 0.0165864955634,
        "dvar": 0.000325961766066,
        "dvar2": 0.00035579467658,
        "max": 0.6650390625,
        "mean": 0.102963492274,
        "median": 0.0966796875,
        "min": 0.00634765625,
        "var": 0.0032706419006
    },
    "barkbands": {
        "dmean": [0.000555957085453, 0.00306238187477, 0.00257575139403, 0.00131693214644, 0.00110444496386, 0.000518623332027, 0.000310680712573, 0.000276023434708, 0.000477072491776, 0.000283469853457, 0.000441314245109, 0.000599276565481, 0.000417416915298, 0.000379246805096, 0.000389377004467, 0.000362471066182, 0.000360543781426, 0.000327957328409, 0.000391654844861, 0.00044230610365, 0.000517705222592, 0.000455529487226, 0.000340962200426, 0.000240516994381, 0.000172040046891, 0.000120574783068, 1.67331654666e-05],
        "dmean2": [0.000690092565492, 0.0041365227662, 0.00435114977881, 0.00233926693909, 0.00185510865413, 0.000931345333811, 0.000536361651029, 0.000466678320663, 0.000767680467106, 0.000494952138979, 0.000781614624429, 0.00100502744317, 0.000684125116095, 0.00063458213117, 0.000641557388008, 0.000592691649217, 0.000597263453528, 0.000542225199752, 0.000625597953331, 0.000740192481317, 0.000857786275446, 0.000735165202059, 0.000537582265679, 0.000383555016015, 0.000258297572145, 0.000173294727574, 2.77353447018e-05],
        "dvar": [1.72290958744e-06, 4.37888265878e-05, 9.79376491159e-05, 2.6092699045e-05, 2.43478280026e-05, 2.54632413998e-06, 9.4711458587e-07, 4.70339045933e-07, 8.66399375354e-07, 4.19948179342e-07, 1.4116001239e-06, 1.56877069912e-06, 5.73971135509e-07, 4.9179141115e-07, 4.38512557821e-07, 3.80339258754e-07, 4.57278900967e-07, 3.7241653672e-07, 6.96070060258e-07, 5.91752325363e-07, 7.76102410782e-07, 7.45829368043e-07, 3.44369880168e-07, 1.8664039203e-07, 1.06357660457e-07, 8.28103807748e-08, 2.74567701908e-09],
        "dvar2": [2.65608673544e-06, 8.23745940579e-05, 0.000254304613918, 7.01764729456e-05, 5.54602847842e-05, 7.54195752961e-06, 2.5097881462e-06, 1.17641548059e-06, 2.23329811888e-06, 1.10674625375e-06, 4.06499702876e-06, 4.05460696129e-06, 1.43596992075e-06, 1.24732730455e-06, 1.05772721781e-06, 9.32071884563e-07, 1.20683137084e-06, 9.86684085547e-07, 1.40110034863e-06, 1.55928853474e-06, 2.09658310268e-06, 1.87955686215e-06, 8.53153608205e-07, 4.7130200187e-07, 2.48612764153e-07, 1.73244387724e-07, 7.25112103694e-09],
        "max": [0.024391323328, 0.0893724635243, 0.10791708529, 0.0525000803173, 0.0797554776073, 0.0301353484392, 0.0189699754119, 0.0200572516769, 0.0223304573447, 0.0211596693844, 0.0178059823811, 0.0307065583766, 0.0130002601072, 0.0177074633539, 0.0176401995122, 0.0147946737707, 0.0206117294729, 0.0159734897316, 0.0206561069936, 0.0220541059971, 0.0175430215895, 0.0236392579973, 0.010999741964, 0.00883569382131, 0.00676557002589, 0.00590853765607, 0.0012481068261],
        "mean": [0.00220482680015, 0.00887971557677, 0.00218572490849, 0.00105185457505, 0.00102802109905, 0.000544835580513, 0.000319280574331, 0.000326783949276, 0.000995717942715, 0.000332842231728, 0.00045413224143, 0.000773712003138, 0.000588340859395, 0.000533281243406, 0.000592240947299, 0.000600061321165, 0.000599182967562, 0.000557422987185, 0.000701353594195, 0.000848045398016, 0.0011108010076, 0.000901933351997, 0.000745442812331, 0.000541617861018, 0.000360206118785, 0.000209830453969, 2.07230114029e-05],
        "median": [0.000156009351485, 0.0025855305139, 0.000353768176865, 0.000100932666101, 0.000161820440553, 0.00013187994773, 8.53792880662e-05, 9.93839203147e-05, 0.000329819769831, 0.000138298681122, 0.000144072342664, 0.000293115183013, 0.000283597852103, 0.000285912392428, 0.000331911025569, 0.000331687508151, 0.000296424783301, 0.000341607170412, 0.000380914629204, 0.000477451016195, 0.000587336136959, 0.000490308564622, 0.000288114562863, 0.000217441323912, 0.000122342200484, 4.73765430797e-05, 2.0693598799e-06],
        "min": [7.26247573635e-15, 6.16578448658e-15, 6.65052894855e-16, 3.8615668259e-16, 3.79728576023e-16, 7.20554834603e-16, 7.42539151233e-16, 2.55470261441e-15, 1.17722470718e-15, 2.77659390637e-15, 8.80154211893e-16, 1.2035919958e-15, 2.36710853352e-15, 7.5767664644e-15, 2.04307586779e-15, 3.28205467666e-15, 5.8182926081e-15, 9.68670690128e-15, 5.80862499755e-15, 1.33491613217e-14, 7.6010483579e-15, 1.70258941765e-14, 2.51418386164e-14, 2.00941981831e-14, 4.24110853587e-14, 6.03583548702e-14, 6.22858223874e-14],
        "var": [1.39001322168e-05, 0.000156349356985, 7.27436490706e-05, 1.88488847925e-05, 2.30833320529e-05, 2.14330202652e-06, 7.74983959673e-07, 7.01617636878e-07, 2.96632947538e-06, 4.2950534862e-07, 1.03724255496e-06, 2.06937079383e-06, 8.35121113596e-07, 6.06067601439e-07, 8.07709227502e-07, 7.37262155326e-07, 9.12820780741e-07, 6.70556460136e-07, 1.56201951995e-06, 1.33353535148e-06, 2.10911616705e-06, 1.53309918005e-06, 9.71868416855e-07, 5.09729431997e-07, 2.7760236776e-07, 2.20716117383e-07, 3.39485883849e-09]
    },
    "erbbands": {
        "dmean": [0.134885177016, 0.620760083199, 2.63988924026, 3.73557758331, 5.02256345749, 2.80266165733, 3.32203936577, 4.63746118546, 4.61813592911, 4.56736183167, 6.80237531662, 9.59248161316, 9.96785831451, 13.73188591, 17.7488422394, 22.3620262146, 18.7408752441, 18.5813732147, 17.9003448486, 18.7737483978, 19.5474071503, 20.1977481842, 17.4883842468, 16.3586597443, 23.4733390808, 18.5674133301, 17.7168464661, 23.3599472046, 17.0041007996, 13.3604888916, 9.41367530823, 6.11548089981, 3.56752467155, 2.07192158699, 1.24791264534, 0.589417636395, 0.225181937218, 0.0414237566292, 0.00244485633448, 4.84504707856e-05],
        "dmean2": [0.165995404124, 0.836864590645, 4.29119062424, 6.48949241638, 8.41816425323, 4.89030694962, 6.02079296112, 8.30130195618, 8.06511592865, 7.7486987114, 11.4486923218, 15.7567281723, 16.3547954559, 24.0581531525, 31.2993450165, 37.4730606079, 30.3838729858, 31.057472229, 29.7495307922, 30.5033531189, 31.5941123962, 33.4868202209, 28.7937030792, 26.6243209839, 38.1902885437, 30.9457511902, 29.1630496979, 38.6845588684, 27.7272529602, 21.2880802155, 14.9697380066, 9.86866855621, 5.65521192551, 3.28261709213, 1.85874056816, 0.862468540668, 0.33015063405, 0.06338878721, 0.00394590897486, 7.41306139389e-05],
        "dvar": [0.0663970187306, 3.01272964478, 96.5404510498, 190.690917969, 681.742797852, 120.06464386, 117.374847412, 218.415679932, 225.168411255, 199.063049316, 232.070800781, 383.772521973, 456.732513428, 1156.24645996, 2081.91748047, 2246.35839844, 1134.82958984, 1144.63720703, 1015.31469727, 1066.73120117, 1094.93041992, 1395.81481934, 1013.63830566, 1185.82348633, 2145.83374023, 1155.18481445, 1023.29827881, 1737.7454834, 1002.26239014, 624.994628906, 272.139343262, 125.469581604, 39.0989189148, 15.2168855667, 5.95172739029, 1.67710137367, 0.354851782322, 0.0131142968312, 5.09695273649e-05, 1.4339057941e-08],
        "dvar2": [0.121109493077, 5.15887641907, 239.209152222, 517.934387207, 1626.38549805, 315.08416748, 339.61730957, 663.750549316, 608.671325684, 520.001403809, 592.662780762, 1045.60583496, 1088.01330566, 3267.66870117, 5950.58984375, 5811.57275391, 2776.20214844, 2987.59350586, 2561.30859375, 2488.84521484, 2697.21508789, 3734.96972656, 2565.99633789, 2768.06445312, 5054.44287109, 2992.46850586, 2722.08251953, 4699.12744141, 2587.7578125, 1553.88659668, 678.922241211, 326.912475586, 96.4817199707, 38.0007705688, 13.7103805542, 3.60010266304, 0.788020789623, 0.0300693046302, 0.000129877691506, 3.50684530304e-08],
        "max": [3.84474515915, 23.5637111664, 108.894042969, 143.393722534, 423.361602783, 183.807876587, 149.740844727, 348.294891357, 392.892089844, 373.378723145, 395.979705811, 592.070495605, 884.005004883, 622.42175293, 562.12878418, 979.895629883, 605.581359863, 699.241027832, 664.536743164, 904.981506348, 790.41583252, 1131.56237793, 796.522155762, 1086.3170166, 1007.99713135, 1051.1574707, 907.740478516, 635.00189209, 801.67779541, 510.428222656, 296.420196533, 237.098129272, 90.3044509888, 82.453666687, 47.9902915955, 21.8272972107, 12.0482721329, 2.01341199875, 0.127213284373, 0.00199200282805],
        "mean": [0.461021155119, 1.17586529255, 2.45312047005, 3.16694068909, 4.37460374832, 2.44161486626, 3.00981211662, 5.06717300415, 4.75985431671, 5.11810398102, 8.65180683136, 18.0980987549, 19.4386959076, 15.8544664383, 20.2651138306, 29.3506584167, 28.0219459534, 27.5402374268, 27.9516029358, 32.0716094971, 34.4683570862, 35.2304115295, 30.7910041809, 29.935256958, 44.258731842, 36.4754257202, 36.3167114258, 47.4796447754, 33.4931755066, 27.362651825, 20.2985477448, 13.6889886856, 7.6549487114, 4.3038611412, 2.4092206955, 1.04758119583, 0.363743036985, 0.0657858029008, 0.00327115692198, 0.000108420354081],
        "median": [0.0762792900205, 0.442388892174, 0.464330822229, 0.505892813206, 0.453924655914, 0.447799742222, 0.726882696152, 1.12490642071, 1.3447958231, 1.63134133816, 3.33506917953, 7.04526948929, 7.15547895432, 6.28116559982, 7.96743202209, 12.3067073822, 14.2314710617, 15.7089738846, 16.4960727692, 18.0943641663, 19.7793102264, 18.6894664764, 18.7497177124, 18.5991153717, 21.0928859711, 21.6378879547, 24.26861763, 21.9943847656, 19.7331809998, 11.9937744141, 7.72073841095, 5.21701860428, 2.93880081177, 1.53597342968, 0.778769791126, 0.283261984587, 0.0669216662645, 0.010597134009, 0.000371719535906, 5.451413017e-05],
        "min": [3.83079391776e-13, 6.64577225716e-13, 5.5103794791e-13, 1.52489099906e-12, 7.13659383325e-13, 1.62721659064e-12, 3.65537764987e-12, 5.61040710417e-12, 8.57506513713e-12, 2.66414980354e-11, 5.77890894859e-11, 2.41874385104e-11, 7.75053077273e-11, 5.84150505745e-11, 3.72474898147e-11, 5.04304029092e-11, 1.10807925335e-10, 3.58133911416e-10, 1.95277724546e-10, 1.31544733439e-10, 2.26892588051e-10, 2.87626616968e-10, 4.15064232984e-10, 4.38826974758e-10, 3.48428730312e-10, 8.06404276688e-10, 4.10408623752e-10, 3.13166714783e-10, 5.6146376437e-10, 4.69001282255e-10, 8.26029300516e-10, 4.35052660563e-10, 3.86111226325e-10, 5.01943431264e-10, 3.13747833269e-10, 2.10159903369e-10, 1.3141687738e-10, 3.70062175348e-11, 9.83013930672e-12, 7.47332751239e-13],
        "var": [0.44816789031, 5.96683931351, 81.349861145, 133.727050781, 594.500671387, 91.5121765137, 78.1197280884, 202.414627075, 177.922302246, 191.542556763, 315.041290283, 827.948364258, 1304.14599609, 991.333435059, 1653.34362793, 2698.13793945, 1738.06469727, 1388.10180664, 1526.10498047, 2380.54101562, 2277.89257812, 2762.46728516, 1959.88916016, 2214.00341797, 4710.24365234, 2642.61694336, 2138.89501953, 4509.89257812, 1951.75720215, 1443.93188477, 735.453918457, 335.206451416, 104.058860779, 36.8080215454, 14.4614677429, 4.11475372314, 0.800878465176, 0.0300365332514, 7.48962702346e-05, 3.02138651875e-08]
    },
    "gfcc": {
        "mean": [9.28256797791, 37.3177108765, -128.56918335, 46.1513328552, -49.0263557434, 30.1647968292, -24.1527957916, 16.5726490021, -17.9772109985, 10.4101324081, -16.0848941803, 3.38978815079, -10.4369449615],
        "cov": [[7865.20898438, -3381.02880859, 815.855712891, 921.184875488, 201.965988159, 1160.2734375, -46.7975921631, 403.989257812, -105.881187439, 589.60168457, -35.2082595825, 450.534362793, -231.565368652], [-3381.02880859, 4000.36230469, -618.672973633, -1064.04711914, -229.159347534, -1007.13238525, 62.8706817627, -364.222595215, 1.16781318188, -525.324707031, -24.5848636627, -331.201171875, 213.160232544], [815.855712891, -618.672973633, 952.315734863, 468.18548584, 218.176681519, 288.143768311, -43.1754188538, 52.9163131714, -54.2127075195, 99.3341217041, -34.7367515564, 65.209236145, -88.8931427002], [921.184875488, -1064.04711914, 468.18548584, 1012.128479, 293.853118896, 448.930084229, 66.3598480225, 94.5931243896, 60.2720413208, 155.108886719, 41.2735404968, 49.2199935913, -49.0864677429], [201.965988159, -229.159347534, 218.176681519, 293.853118896, 381.821411133, 241.782943726, 157.722091675, 84.8213500977, 81.4063110352, 84.7287979126, 18.0612602234, 34.3980636597, -15.2646427155], [1160.2734375, -1007.13238525, 288.143768311, 448.930084229, 241.782943726, 621.963623047, 170.170333862, 206.973510742, 77.3789672852, 204.546890259, 33.3256225586, 101.504493713, -65.6612472534], [-46.7975921631, 62.8706817627, -43.1754188538, 66.3598480225, 157.722091675, 170.170333862, 310.844909668, 125.228019714, 119.02255249, 34.2852668762, 16.6400184631, -9.89632320404, 17.9142856598], [403.989257812, -364.222595215, 52.9163131714, 94.5931243896, 84.8213500977, 206.973510742, 125.228019714, 218.1199646, 104.374404907, 100.60194397, 34.267791748, 43.8881530762, -1.15629053116], [-105.881187439, 1.16781318188, -54.2127075195, 60.2720413208, 81.4063110352, 77.3789672852, 119.02255249, 104.374404907, 190.362808228, 77.3136901855, 49.7333946228, 1.86651051044, 32.5107040405], [589.60168457, -525.324707031, 99.3341217041, 155.108886719, 84.7287979126, 204.546890259, 34.2852668762, 100.60194397, 77.3136901855, 201.608856201, 64.0411224365, 88.5360107422, -18.3190498352], [-35.2082595825, -24.5848636627, -34.7367515564, 41.2735404968, 18.0612602234, 33.3256225586, 16.6400184631, 34.267791748, 49.7333946228, 64.0411224365, 118.068275452, 48.7988815308, 26.8382549286], [450.534362793, -331.201171875, 65.209236145, 49.2199935913, 34.3980636597, 101.504493713, -9.89632320404, 43.8881530762, 1.86651051044, 88.5360107422, 48.7988815308, 130.745788574, 17.4113197327], [-231.565368652, 213.160232544, -88.8931427002, -49.0864677429, -15.2646427155, -65.6612472534, 17.9142856598, -1.15629053116, 32.5107040405, -18.3190498352, 26.8382549286, 17.4113197327, 88.911895752]],
        "icov": [[0.000257621781202, 3.39538382832e-05, 8.82223957888e-06, -8.58131970745e-05, 0.000157933609444, -0.000201680610189, 4.8722318752e-05, -0.000204788157134, 0.000262084067799, -0.000358344521374, 0.000464027398266, -0.000549206568394, 0.000214514424442], [3.39538382832e-05, 0.000894525786862, -0.000277879531495, 0.000676379539073, -0.000347606866853, 0.000498354842421, -0.000596846919507, 0.000830547709484, -0.000360509526217, 0.000962995458394, -0.00101375498343, 0.00129659788217, -0.00113879959099], [8.82223957888e-06, -0.000277879531495, 0.00183204514906, -0.000766221259255, -0.000644068117253, -0.000221479742322, 0.00082994060358, -0.00071558036143, 0.000708695675712, -0.000421591219492, 0.00108028843533, -0.000998912844807, 0.00117068272084], [-8.58131970745e-05, 0.000676379539073, -0.000766221259255, 0.0024947274942, -0.00102916301694, -0.000886368274223, 0.000112425645057, 0.00133562763222, -0.000669223081786, 0.000745214230847, -0.00169337855186, 0.00232329871505, -0.001615963527], [0.000157933609444, -0.000347606866853, -0.000644068117253, -0.00102916301694, 0.00515804952011, -0.000807302887551, -0.00192254874855, 0.000517846492585, -0.000871430383995, -0.000613318115938, 0.000931615417358, -0.00181657983921, 0.000982830999419], [-0.000201680610189, 0.000498354842421, -0.000221479742322, -0.000886368274223, -0.000807302887551, 0.00565163884312, -0.0022158077918, -0.00174575054552, 0.000760375871323, -0.00128282851074, -7.85745141911e-05, -0.000687219318934, 0.00164400634822], [4.8722318752e-05, -0.000596846919507, 0.00082994060358, 0.000112425645057, -0.00192254874855, -0.0022158077918, 0.00717472750694, -0.00250350660644, -0.00166147749405, 0.000954614020884, 0.000774588261265, 0.000634696742054, -0.000548854121007], [-0.000204788157134, 0.000830547709484, -0.00071558036143, 0.00133562763222, 0.000517846492585, -0.00174575054552, -0.00250350660644, 0.0107753705233, -0.00423651887104, 0.000411853252444, -0.00131590827368, 0.000498767534737, -0.00112489471212], [0.000262084067799, -0.000360509526217, 0.000708695675712, -0.000669223081786, -0.000871430383995, 0.000760375871323, -0.00166147749405, -0.00423651887104, 0.0125364130363, -0.00607861764729, -0.000866799382493, 0.00377576611936, -0.00373656209558], [-0.000358344521374, 0.000962995458394, -0.000421591219492, 0.000745214230847, -0.000613318115938, -0.00128282851074, 0.000954614020884, 0.000411853252444, -0.00607861764729, 0.0153602985665, -0.00483147054911, -0.00424015847966, 0.00318442028947], [0.000464027398266, -0.00101375498343, 0.00108028843533, -0.00169337855186, 0.000931615417358, -7.85745141911e-05, 0.000774588261265, -0.00131590827368, -0.000866799382493, -0.00483147054911, 0.0150078311563, -0.00602743029594, -0.000315472949296], [-0.000549206568394, 0.00129659788217, -0.000998912844807, 0.00232329871505, -0.00181657983921, -0.000687219318934, 0.000634696742054, 0.000498767534737, 0.00377576611936, -0.00424015847966, -0.00602743029594, 0.0196708980948, -0.00948264449835], [0.000214514424442, -0.00113879959099, 0.00117068272084, -0.001615963527, 0.000982830999419, 0.00164400634822, -0.000548854121007, -0.00112489471212, -0.00373656209558, 0.00318442028947, -0.000315472949296, -0.00948264449835, 0.0202676169574]]
    },
    "melbands": {
        "dmean": [0.000969904765952, 0.00111782259773, 0.00070006021997, 0.000270742923021, 0.000115258859296, 0.000102380246972, 6.89811058692e-05, 5.13515951752e-05, 5.86010937695e-05, 6.52984017506e-05, 4.98996196256e-05, 5.37940031791e-05, 5.92139185756e-05, 6.13364900346e-05, 5.81358472118e-05, 4.14257156081e-05, 3.55341544491e-05, 2.98881914205e-05, 3.16405203193e-05, 2.50092089118e-05, 2.39662113017e-05, 2.4003069484e-05, 1.67884936673e-05, 1.60345243785e-05, 1.40405063576e-05, 1.57393624249e-05, 2.00380982278e-05, 1.26384757095e-05, 1.23778154375e-05, 1.36446988108e-05, 1.41776463352e-05, 1.06239640445e-05, 9.3651960924e-06, 7.46890327719e-06, 6.37861057839e-06, 4.78882657262e-06, 3.86111059925e-06, 2.81430993709e-06, 2.21726804739e-06, 1.78411426077e-06],
        "dmean2": [0.00121345650405, 0.00166135863401, 0.00118862569798, 0.000454023334896, 0.00021022168221, 0.000183049807674, 0.000119890479255, 8.65032416186e-05, 9.89177060546e-05, 0.000105669059849, 8.18826229079e-05, 9.40743557294e-05, 0.000105320010334, 0.000103649377706, 9.64657010627e-05, 6.79688309901e-05, 5.98033984716e-05, 5.00841561006e-05, 5.22308982909e-05, 4.09904532717e-05, 3.90481618524e-05, 4.0061022446e-05, 2.77385315712e-05, 2.65797916654e-05, 2.30524328799e-05, 2.53902726399e-05, 3.36077937391e-05, 2.11461210711e-05, 2.06192671612e-05, 2.27868167713e-05, 2.36035994021e-05, 1.75645491254e-05, 1.51394988279e-05, 1.20416143545e-05, 1.02824424175e-05, 7.73661759013e-06, 6.32386172583e-06, 4.51058167528e-06, 3.60449575965e-06, 2.86674958261e-06],
        "dvar": [3.33004209097e-06, 1.37899114634e-05, 6.48393324809e-06, 1.59502531005e-06, 1.46886065977e-07, 1.02460951723e-07, 4.76561758944e-08, 2.30233005993e-08, 1.64591096308e-08, 1.69072116307e-08, 1.13934310875e-08, 1.71002483285e-08, 2.54730689875e-08, 1.87312636513e-08, 1.64984097495e-08, 5.88917403732e-09, 4.52432757925e-09, 3.18107251651e-09, 2.83335821472e-09, 2.03957561951e-09, 1.86006032799e-09, 2.22142682027e-09, 9.09637032365e-10, 9.75409975013e-10, 9.11265951586e-10, 1.20284693317e-09, 1.37642663933e-09, 5.99525651346e-10, 5.0831538978e-10, 5.67515034966e-10, 6.75742517497e-10, 4.18339585195e-10, 3.36274785795e-10, 1.88379090105e-10, 1.35049485483e-10, 6.80894784999e-11, 5.30079070915e-11, 2.43572106928e-11, 1.5898466571e-11, 1.17332341759e-11],
        "dvar2": [6.15784711044e-06, 3.1098650652e-05, 1.67514208442e-05, 3.67619691133e-06, 4.26222186434e-07, 3.06733085154e-07, 1.28357086737e-07, 5.92250835041e-08, 4.26683790522e-08, 4.43728644939e-08, 2.68272568604e-08, 4.80843205253e-08, 7.37683478746e-08, 4.89829083961e-08, 3.97911783523e-08, 1.43277532061e-08, 1.18072049915e-08, 8.03115529635e-09, 6.77476608146e-09, 4.90376805828e-09, 4.69205119202e-09, 6.01778316067e-09, 2.23292140333e-09, 2.61889243625e-09, 2.116672837e-09, 2.49188158996e-09, 3.75186459678e-09, 1.55389834333e-09, 1.37172095904e-09, 1.5838753642e-09, 1.82547366112e-09, 1.11314890638e-09, 8.31517132927e-10, 4.81648998463e-10, 3.4339045496e-10, 1.80965659125e-10, 1.40575828755e-10, 6.0945290481e-11, 4.09687631042e-11, 3.01164579386e-11],
        "max": [0.0253407191485, 0.0421365574002, 0.0256543383002, 0.0202147066593, 0.00548863131553, 0.00692451791838, 0.00524819968268, 0.00385767710395, 0.0028812342789, 0.00371367228217, 0.00429463386536, 0.00266429618932, 0.00237564672716, 0.00343133346178, 0.00344629841857, 0.00174251315184, 0.00156666478142, 0.00114130845759, 0.0013421458425, 0.000996801420115, 0.000994578469545, 0.00161610415671, 0.000858224637341, 0.000905385822989, 0.000956107396632, 0.000872039352544, 0.000806843221653, 0.000822162430268, 0.000690230517648, 0.000575515092351, 0.000507481337991, 0.000671903369948, 0.000508509401698, 0.000310800242005, 0.000211427148315, 0.000146450911416, 0.000168005848536, 7.27404694771e-05, 6.43819075776e-05, 7.5580952398e-05],
        "mean": [0.00320694269612, 0.0013584329281, 0.000614068936557, 0.000245030852966, 0.000102756042907, 0.000110700748337, 7.19460949767e-05, 5.9327136114e-05, 7.21578107914e-05, 0.000133327688673, 9.60023171501e-05, 6.04303240834e-05, 6.34649477433e-05, 7.8420212958e-05, 7.49274768168e-05, 5.99245649937e-05, 4.94431842526e-05, 4.28982893936e-05, 4.81686620333e-05, 4.02757359552e-05, 3.94018861698e-05, 3.84747872886e-05, 2.78074767266e-05, 2.63186975644e-05, 2.35420975514e-05, 2.73000914603e-05, 3.57390490535e-05, 2.16504140553e-05, 2.192924876e-05, 2.63993333647e-05, 2.6390871426e-05, 1.87578079931e-05, 1.71073879756e-05, 1.45164058267e-05, 1.23747922771e-05, 9.70672863332e-06, 7.80816662882e-06, 5.64165475225e-06, 4.1831181079e-06, 3.44533646057e-06],
        "median": [0.000736922607757, 0.000393755588448, 9.47114822338e-05, 3.30308212142e-05, 2.43401518674e-05, 2.57504689216e-05, 2.0790286726e-05, 1.76181474671e-05, 2.62488556473e-05, 4.44318502559e-05, 3.29395770677e-05, 2.14280171349e-05, 2.31218145927e-05, 2.94370493066e-05, 2.80903859675e-05, 2.91583219223e-05, 2.63704296231e-05, 2.30930108955e-05, 2.67886189249e-05, 2.06467193493e-05, 2.12650757021e-05, 1.82992916962e-05, 1.57280665007e-05, 1.55854777404e-05, 1.35596583277e-05, 1.45757430801e-05, 1.46179627336e-05, 1.28810006572e-05, 1.41558821269e-05, 1.25275400933e-05, 1.20068125398e-05, 1.07661944639e-05, 7.67382698541e-06, 5.75901094635e-06, 4.60668479718e-06, 3.458052106e-06, 2.94128676614e-06, 2.12775057662e-06, 1.47168691456e-06, 1.18050456877e-06],
        "min": [2.88011933198e-15, 4.49813829085e-16, 2.20125135622e-16, 8.70638895226e-17, 1.09406686377e-16, 1.39123216058e-16, 1.27595057941e-16, 3.47719306826e-16, 4.49112538744e-16, 1.39697319107e-16, 4.06927756872e-16, 2.61148860317e-16, 1.24216375863e-16, 1.28516020983e-16, 1.74295968025e-16, 3.16074738251e-16, 7.24687137776e-16, 3.53002436606e-16, 1.56690732323e-16, 2.0106072685e-16, 3.10629454601e-16, 3.71635361501e-16, 1.76578417415e-16, 5.31020836501e-16, 3.28005885528e-16, 2.42394492073e-16, 3.2752765602e-16, 5.4798505355e-16, 2.34814579517e-16, 1.80816639411e-16, 2.10758923224e-16, 3.37150188528e-16, 3.28750612777e-16, 2.03307111166e-16, 5.75154217669e-16, 3.38509967576e-16, 2.16657157743e-16, 2.32844883807e-16, 3.653673971e-16, 4.25530532687e-16],
        "var": [1.93790019694e-05, 1.58028306032e-05, 5.01748127135e-06, 1.47789717175e-06, 9.40493833923e-08, 9.24384977452e-08, 3.80031828229e-08, 2.57953125526e-08, 2.08510737565e-08, 5.00722876495e-08, 3.35121086437e-08, 1.49942103178e-08, 1.79615753382e-08, 2.55822900641e-08, 2.17407585268e-08, 9.78868630597e-09, 5.28116128606e-09, 4.33193481086e-09, 5.38299804731e-09, 3.95986399226e-09, 3.55749185665e-09, 3.97641430894e-09, 1.82683979055e-09, 1.71409786365e-09, 1.60546975714e-09, 2.39952258063e-09, 2.88962986872e-09, 1.18755372203e-09, 9.13605302522e-10, 1.54582557865e-09, 1.35384070621e-09, 6.6453653691e-10, 6.70832889238e-10, 4.10428468989e-10, 2.97759122914e-10, 1.7432964794e-10, 1.1930473276e-10, 5.91511839509e-11, 3.5132795978e-11, 2.53871663275e-11]
    },
    "mfcc": {
        "mean": [-627.159790039, 65.4988708496, -11.9693193436, 22.4258422852, 4.4770026207, 17.97397995, 8.40095233917, 10.7078790665, 8.66936302185, 8.61279201508, 4.93868923187, 5.18255138397, 1.47395849228],
        "cov": [[6800.23974609, -2833.75146484, 353.203796387, 88.4663543701, 373.405426025, 729.845092773, 303.761352539, 250.937133789, 139.435455322, 189.522140503, 198.232467651, 272.960357666, 351.903991699], [-2833.75146484, 3750.15893555, -483.047027588, -332.240020752, -552.741210938, -711.841186523, -288.875610352, -245.76335144, -127.989723206, -264.785491943, -211.267837524, -256.505310059, -300.594177246], [353.203796387, -483.047027588, 649.54486084, 235.011108398, 230.588882446, 190.939956665, 75.1280136108, 44.3443717957, -9.82606887817, 36.4728965759, 6.44534063339, 1.78465223312, 40.3070449829], [88.4663543701, -332.240020752, 235.011108398, 488.326599121, 225.176040649, 196.574249268, 69.0570068359, 47.530834198, 21.161693573, 54.2465820312, 11.7058448792, 5.44952487946, 21.0344409943], [373.405426025, -552.741210938, 230.588882446, 225.176040649, 347.77935791, 247.516387939, 107.279792786, 83.6475219727, 45.2034339905, 85.333732605, 57.2102851868, 52.7234611511, 72.6716918945], [729.845092773, -711.841186523, 190.939956665, 196.574249268, 247.516387939, 428.143463135, 192.992324829, 146.367965698, 100.856613159, 126.497840881, 100.11882019, 81.6686019897, 89.1684494019], [303.761352539, -288.875610352, 75.1280136108, 69.0570068359, 107.279792786, 192.992324829, 213.76008606, 139.498779297, 81.7311859131, 86.1873703003, 65.6895675659, 43.8827476501, 52.4357452393], [250.937133789, -245.76335144, 44.3443717957, 47.530834198, 83.6475219727, 146.367965698, 139.498779297, 188.962402344, 114.35118866, 104.158332825, 73.1847076416, 43.206829071, 41.6262016296], [139.435455322, -127.989723206, -9.82606887817, 21.161693573, 45.2034339905, 100.856613159, 81.7311859131, 114.35118866, 171.985671997, 109.557327271, 72.2701644897, 44.7127609253, 27.5070762634], [189.522140503, -264.785491943, 36.4728965759, 54.2465820312, 85.333732605, 126.497840881, 86.1873703003, 104.158332825, 109.557327271, 196.044006348, 104.131881714, 45.8490104675, 55.5614814758], [198.232467651, -211.267837524, 6.44534063339, 11.7058448792, 57.2102851868, 100.11882019, 65.6895675659, 73.1847076416, 72.2701644897, 104.131881714, 129.314468384, 74.6600418091, 44.2216148376], [272.960357666, -256.505310059, 1.78465223312, 5.44952487946, 52.7234611511, 81.6686019897, 43.8827476501, 43.206829071, 44.7127609253, 45.8490104675, 74.6600418091, 116.266479492, 68.4847793579], [351.903991699, -300.594177246, 40.3070449829, 21.0344409943, 72.6716918945, 89.1684494019, 52.4357452393, 41.6262016296, 27.5070762634, 55.5614814758, 44.2216148376, 68.4847793579, 124.086997986]],
