{
"lowlevel": {
    "average_loudness": 0.908371448517,
    "barkbands_crest": {
        "dmean": 2.91585922241,
        "dmean2": 4.35315036774,
        "dvar": 10.8768005371,
        "dvar2": 24.5097808838,
        "max": 26.1987056732,
        "mean": 12.2701339722,
        "median": 12.0143985748,
        "min": 2.11693620682,
        "var": 32.5792541504
    },
    "barkbands_flatness_db": {
        "dmean": 0.0333990901709,
        "dmean2": 0.0495754852891,
        "dvar": 0.00194793066476,
        "dvar2": 0.00432015769184,
        "max": 0.591725885868,
        "mean": 0.153109684587,
        "median": 0.135608613491,
        "min": 0.0265724360943,
        "var": 0.00663806125522
    },
    "barkbands_kurtosis": {
        "dmean": 6.44098472595,
        "dmean2": 10.3681316376,
        "dvar": 691.760009766,
        "dvar2": 1795.0357666,
        "max": 1029.21447754,
        "mean": 5.3400812149,
        "median": -0.156415939331,
        "min": -1.95583701134,
        "var": 645.640136719
    },
    "barkbands_skewness": {
        "dmean": 0.85344004631,
        "dmean2": 1.27469074726,
        "dvar": 1.9764496088,
        "dvar2": 4.757771492,
        "max": 23.9595985413,
        "mean": 1.28520715237,
        "median": 0.911346793175,
        "min": -6.02066850662,
        "var": 3.48928332329
    },
    "barkbands_spread": {
        "dmean": 10.2197132111,
        "dmean2": 15.6181411743,
        "dvar": 168.796142578,
        "dvar2": 412.254730225,
        "max": 108.781158447,
        "mean": 41.957447052,
        "median": 44.9502258301,
        "min": 0.0879463329911,
        "var": 518.865539551
    },
    "dissonance": {
        "dmean": 0.0173552632332,
        "dmean2": 0.0288068503141,
        "dvar": 0.000931473681703,
        "dvar2": 0.00247164256871,
        "max": 0.500000119209,
        "mean": 0.471011608839,
        "median": 0.487865775824,
        "min": 0.0821037963033,
        "var": 0.00202297815122
    },
    "dynamic_complexity": 2.54690551758,
    "erbbands_crest": {
        "dmean": 2.70158195496,
        "dmean2": 4.3652176857,
        "dvar": 8.66071605682,
        "dvar2": 20.4305210114,
        "max": 34.323677063,
        "mean": 8.79847335815,
        "median": 6.86791133881,
        "min": 2.39406394958,
        "var": 31.207365036
    },
    "erbbands_flatness_db": {
        "dmean": 0.0213153492659,
        "dmean2": 0.0297612529248,
        "dvar": 0.000805199437309,
        "dvar2": 0.00143850024324,
        "max": 0.645086526871,
        "mean": 0.162874758244,
        "median": 0.141496673226,
        "min": 0.0485050156713,
        "var": 0.00585373444483
    },
    "erbbands_kurtosis": {
        "dmean": 1.77754461765,
        "dmean2": 2.78455281258,
        "dvar": 49.1670837402,
        "dvar2": 126.809310913,
        "max": 362.880828857,
        "mean": 1.52765727043,
        "median": 0.385067939758,
        "min": -1.87765944004,
        "var": 52.3854904175
    },
    "erbbands_skewness": {
        "dmean": 0.462881594896,
        "dmean2": 0.701598763466,
        "dvar": 0.405060827732,
        "dvar2": 1.01189780235,
        "max": 14.2934379578,
        "mean": 0.0328791551292,
        "median": -0.0938974395394,
        "min": -5.0841627121,
        "var": 0.913379371166
    },
    "erbbands_spread": {
        "dmean": 13.2917137146,
        "dmean2": 19.9493103027,
        "dvar": 338.497497559,
        "dvar2": 721.392211914,
        "max": 196.997756958,
        "mean": 41.4711723328,
        "median": 34.1554870605,
        "min": 0.410467237234,
        "var": 815.16394043
    },
    "hfc": {
        "dmean": 16.6843471527,
        "dmean2": 27.7363033295,
        "dvar": 960.316894531,
        "dvar2": 2741.04077148,
        "max": 230.373962402,
        "mean": 44.5391349792,
        "median": 37.752204895,
        "min": 1.22616237982e-16,
        "var": 1343.90014648
    },
    "melbands_crest": {
        "dmean": 3.76885271072,
        "dmean2": 5.81139469147,
        "dvar": 18.3399906158,
        "dvar2": 41.283996582,
        "max": 35.9857940674,
        "mean": 21.2855148315,
        "median": 22.5150775909,
        "min": 1.73598325253,
        "var": 65.9881439209
    },
    "melbands_flatness_db": {
        "dmean": 0.0425235778093,
        "dmean2": 0.0625234469771,
        "dvar": 0.00350975780748,
        "dvar2": 0.00801585428417,
        "max": 0.761314690113,
        "mean": 0.19489441812,
        "median": 0.174590140581,
        "min": 0.00503124343231,
        "var": 0.0106806633994
    },
    "melbands_kurtosis": {
        "dmean": 18.9554691315,
        "dmean2": 29.9567127228,
        "dvar": 2574.9543457,
        "dvar2": 6493.30224609,
        "max": 730.679626465,
        "mean": 21.1512432098,
        "median": 6.15028953552,
        "min": -1.79341208935,
        "var": 2654.01538086
    },
    "melbands_skewness": {
        "dmean": 1.30549943447,
        "dmean2": 1.91503572464,
        "dvar": 3.82254362106,
        "dvar2": 9.16602134705,
        "max": 19.9867668152,
        "mean": 3.03251767159,
        "median": 2.40284895897,
        "min": -3.9398496151,
        "var": 7.45774793625
    },
    "melbands_spread": {
        "dmean": 14.7593402863,
        "dmean2": 23.7554798126,
        "dvar": 478.412780762,
        "dvar2": 1283.12805176,
        "max": 170.538955688,
        "mean": 39.4657020569,
        "median": 33.3627319336,
        "min": 0.229737788439,
        "var": 805.478149414
    },
    "pitch_salience": {
        "dmean": 0.0915729478002,
        "dmean2": 0.135328426957,
        "dvar": 0.01034266036,
        "dvar2": 0.0224413014948,
        "max": 0.945673406124,
        "mean": 0.467484265566,
        "median": 0.459777235985,
        "min": 0.0468841083348,
        "var": 0.027662679553
    },
    "silence_rate_20dB": {
        "dmean": 0,
        "dmean2": 0,
        "dvar": 0,
        "dvar2": 0,
        "max": 1,
        "mean": 1,
        "median": 1,
        "min": 1,
        "var": 0
    },
    "silence_rate_30dB": {
        "dmean": 0.000197980596568,
        "dmean2": 0.000396000395995,
        "dvar": 0.000197911431314,
        "dvar2": 0.000593723903876,
        "max": 1,
        "mean": 0.999900996685,
        "median": 1,
        "min": 0,
        "var": 9.89632098936e-05
    },
    "silence_rate_60dB": {
        "dmean": 0.0199960395694,
        "dmean2": 0.0399960391223,
        "dvar": 0.0195932388306,
        "dvar2": 0.0451221242547,
        "max": 1,
        "mean": 0.0390972979367,
        "median": 0,
        "min": 0,
        "var": 0.0375663079321
    },
    "spectral_centroid": {
        "dmean": 363.470733643,
        "dmean2": 578.124511719,
        "dvar": 282406.875,
        "dvar2": 709042.5625,
        "max": 11083.4462891,
        "mean": 2202.10693359,
        "median": 2458.42675781,
        "min": 122.884841919,
        "var": 737447.625
    },
    "spectral_complexity": {
        "dmean": 5.67907333374,
        "dmean2": 8.90684127808,
        "dvar": 52.534954071,
        "dvar2": 128.067276001,
        "max": 63,
        "mean": 23.7570037842,
        "median": 24,
        "min": 0,
        "var": 209.773849487
    },
    "spectral_decrease": {
        "dmean": 1.93308236085e-09,
        "dmean2": 2.65373456543e-09,
        "dvar": 7.09097850415e-18,
        "dvar2": 1.36590746364e-17,
        "max": 8.9310559495e-29,
        "mean": -7.90238896542e-09,
        "median": -7.2489827474e-09,
        "min": -3.20495630035e-08,
        "var": 3.3719716577e-17
    },
    "spectral_energy": {
        "dmean": 0.00779432011768,
        "dmean2": 0.0106887863949,
        "dvar": 9.89333711914e-05,
        "dvar2": 0.000200940383365,
        "max": 0.122930578887,
        "mean": 0.0338652282953,
        "median": 0.0321345478296,
        "min": 1.07845708001e-20,
        "var": 0.000530439137947
    },
    "spectral_energyband_high": {
        "dmean": 0.00173173099756,
        "dmean2": 0.00288098142482,
        "dvar": 1.13021815196e-05,
        "dvar2": 3.18463571602e-05,
        "max": 0.0270828548819,
        "mean": 0.00371087505482,
        "median": 0.0026878491044,
        "min": 7.93290198907e-21,
        "var": 1.58478051162e-05
    },
    "spectral_energyband_low": {
        "dmean": 0.00638346932828,
        "dmean2": 0.00827082060277,
        "dvar": 0.000121879435028,
        "dvar2": 0.000221698806854,
        "max": 0.119260616601,
        "mean": 0.0188675224781,
        "median": 0.0132660260424,
        "min": 8.79088543641e-23,
        "var": 0.000451151339803
    },
    "spectral_energyband_middle_high": {
        "dmean": 0.00279659428634,
        "dmean2": 0.00437871459872,
        "dvar": 1.60452927958e-05,
        "dvar2": 4.33329623775e-05,
        "max": 0.0405514836311,
        "mean": 0.00744899502024,
        "median": 0.00654518138617,
        "min": 1.50068385063e-21,
        "var": 3.2733023545e-05
    },
    "spectral_energyband_middle_low": {
        "dmean": 0.00259803351946,
        "dmean2": 0.00417567370459,
        "dvar": 3.6858360545e-05,
        "dvar2": 9.09414011403e-05,
        "max": 0.0668805316091,
        "mean": 0.0041839084588,
        "median": 0.00222299643792,
        "min": 2.88706430569e-22,
        "var": 5.40212640772e-05
    },
    "spectral_entropy": {
        "dmean": 0.212194263935,
        "dmean2": 0.314107120037,
        "dvar": 0.118008159101,
        "dvar2": 0.231046915054,
        "max": 9.79291439056,
        "mean": 7.88734865189,
        "median": 8.07463741302,
        "min": 4.37888526917,
        "var": 0.399984359741
    },
    "spectral_flux": {
        "dmean": 0.0256405845284,
        "dmean2": 0.038630772382,
        "dvar": 0.000980435404927,
        "dvar2": 0.00187961990014,
        "max": 0.300269335508,
        "mean": 0.0921041741967,
        "median": 0.0820750519633,
        "min": 1.03848790678e-10,
        "var": 0.00286632636562
    },
    "spectral_kurtosis": {
        "dmean": 2.80565738678,
        "dmean2": 4.2975487709,
        "dvar": 228.930328369,
        "dvar2": 513.407470703,
        "max": 456.366973877,
        "mean": 6.71281433105,
        "median": 2.30069589615,
        "min": -1.55763196945,
        "var": 961.457397461
    },
    "spectral_rms": {
        "dmean": 0.000645499036182,
        "dmean2": 0.000893626420293,
        "dvar": 5.44798808733e-07,
        "dvar2": 1.08637846097e-06,
        "max": 0.0109513597563,
        "mean": 0.0053351810202,
        "median": 0.00559917651117,
        "min": 3.24369112299e-12,
        "var": 4.5751135076e-06
    },
    "spectral_rolloff": {
        "dmean": 1222.77099609,
        "dmean2": 1985.36657715,
        "dvar": 3620234.25,
        "dvar2": 8343575,
        "max": 18776.953125,
        "mean": 3276.64941406,
        "median": 2476.31835938,
        "min": 64.599609375,
        "var": 8634976
    },
    "spectral_skewness": {
        "dmean": 0.270193815231,
        "dmean2": 0.385723233223,
        "dvar": 0.440973222256,
        "dvar2": 0.787271440029,
        "max": 18.2864952087,
        "mean": 1.50892782211,
        "median": 1.24447917938,
        "min": 0.00716063426808,
        "var": 2.34905099869
    },
    "spectral_spread": {
        "dmean": 875297.125,
        "dmean2": 1222182.5,
        "dvar": 1.64946732646e+12,
        "dvar2": 2.7565138903e+12,
        "max": 40549484,
        "mean": 6546440,
        "median": 5806799,
        "min": 211761.109375,
        "var": 1.12359532134e+13
    },
    "spectral_strongpeak": {
        "dmean": 0.322677016258,
        "dmean2": 0.537683188915,
        "dvar": 0.419755786657,
        "dvar2": 1.07179152966,
        "max": 11.2893333435,
        "mean": 0.658420443535,
        "median": 0.345895946026,
        "min": 0,
        "var": 0.664080798626
    },
    "zerocrossingrate": {
        "dmean": 0.0192324426025,
        "dmean2": 0.0208534430712,
        "dvar": 0.000464841898065,
        "dvar2": 0.000509892997798,
        "max": 0.69091796875,
        "mean": 0.10231655091,
        "median": 0.08984375,
        "min": 0.00244140625,
        "var": 0.00377938477322
    },
    "barkbands": {
        "dmean": [0.000573557568714, 0.00494523486122, 0.00264597334899, 0.000675416144077, 0.00170166580938, 0.000279398722341, 0.000232495964156, 0.000104801176349, 0.000198523383006, 0.000341773615219, 0.000520304078236, 0.000445066369139, 0.000345785199897, 0.000499824353028, 0.000479843612993, 0.000608342292253, 0.000506394833792, 0.000515089777764, 0.000399344309699, 0.000390290108044, 0.000407701678341, 0.000403636571718, 0.000256796833128, 0.000288589886623, 0.000341683422448, 0.000165682504303, 1.61148307143e-06],
        "dmean2": [0.000745769357309, 0.00637749722227, 0.00450449995697, 0.00119282060768, 0.00277608120814, 0.000456224341178, 0.000350537418853, 0.000158884038683, 0.000288202019874, 0.000511105114128, 0.000761613133363, 0.000682240526658, 0.000553728896193, 0.000756006804295, 0.000735063571483, 0.000989236752503, 0.000812545884401, 0.000879993196577, 0.000681880512275, 0.000672367576044, 0.000709838117473, 0.000685910868924, 0.000426335463999, 0.0004684709711, 0.000580236781389, 0.000258267682511, 2.98219902106e-06],
        "dvar": [7.8750144894e-07, 7.05564380041e-05, 9.11563038244e-05, 4.01398710892e-06, 3.40695478371e-05, 3.11884036819e-07, 1.91673322547e-07, 6.16585964508e-08, 1.6914906098e-07, 3.76520375767e-07, 5.97217308496e-07, 4.36163617223e-07, 3.23728414742e-07, 5.79697484682e-07, 6.07143817888e-07, 9.07879950773e-07, 6.72842190852e-07, 8.81236530859e-07, 4.69886202836e-07, 4.3974904429e-07, 5.82144764394e-07, 5.81448261983e-07, 1.88589012851e-07, 2.72513773325e-07, 6.18278818365e-07, 1.08483455108e-07, 3.11697403999e-11],
        "dvar2": [1.20045865515e-06, 0.000127246108605, 0.000236388965277, 1.11595763883e-05, 8.210301894e-05, 8.17557918253e-07, 4.16319551277e-07, 1.36577554599e-07, 3.83633562251e-07, 7.78628248099e-07, 1.18569005281e-06, 9.2569842991e-07, 8.08854792922e-07, 1.24825839976e-06, 1.39936162213e-06, 2.26623228627e-06, 1.58054581334e-06, 2.46712284024e-06, 1.33256810386e-06, 1.26918780552e-06, 1.68815540746e-06, 1.60170429808e-06, 5.055113661e-07, 6.66872040256e-07, 1.76092589754e-06, 2.5510399837e-07, 9.12289965793e-11],
        "max": [0.0108656082302, 0.0868108719587, 0.0823804736137, 0.0189847107977, 0.0615539178252, 0.00697555486113, 0.00691926851869, 0.00681673176587, 0.0147536834702, 0.0120482034981, 0.0114181358367, 0.0105168633163, 0.0138192484155, 0.0175491776317, 0.014613583684, 0.0147857870907, 0.013573858887, 0.00817619077861, 0.00802703201771, 0.0061171031557, 0.00757321668789, 0.00747794983909, 0.00426994776353, 0.00545559683815, 0.00742596201599, 0.00476913480088, 0.000173007007106],
        "mean": [0.00188176904339, 0.0147063415498, 0.00203213910572, 0.000611571536865, 0.00215915637091, 0.000393565511331, 0.000371482397895, 0.000155390167492, 0.000324615946738, 0.000652611721307, 0.00088397518266, 0.000671852263622, 0.000526388175786, 0.000734390050638, 0.000716607493814, 0.000883476226591, 0.000781139999162, 0.000733795051929, 0.000655889511108, 0.000648435263429, 0.000703836441971, 0.000704110541847, 0.000510548474267, 0.000508224475197, 0.000569049094338, 0.000343765306752, 1.11918518542e-06],
        "median": [0.000619744474534, 0.00919149629772, 0.000153809029143, 0.000106179853901, 0.000171456529642, 0.000127318417071, 0.000106082217826, 3.64931147487e-05, 8.01051282906e-05, 0.00021136070427, 0.000356685457518, 0.000301166059216, 0.000228211487411, 0.000316586956615, 0.000284381909296, 0.000437312584836, 0.000408443360357, 0.000380790908821, 0.000402287725592, 0.000404562306358, 0.000419046293246, 0.000341311882949, 0.000293950113701, 0.000287309638225, 0.000347502354998, 0.000187909288798, 6.32515906318e-08],
        "min": [1.57933887669e-24, 1.69861553303e-23, 5.37394389177e-23, 1.79782473151e-23, 7.69676060442e-23, 1.77627036945e-23, 4.41408223922e-23, 9.5267626567e-23, 3.54861189605e-23, 1.2537948546e-23, 1.37232830536e-22, 9.21222551222e-23, 1.25626667136e-22, 1.56031411151e-22, 1.13798726537e-22, 1.04007668971e-22, 1.70773340825e-22, 2.04842047133e-22, 2.31214676936e-22, 3.40738181264e-22, 2.88182197787e-22, 4.53812619894e-22, 8.73285430386e-22, 7.32013695125e-22, 1.17778170083e-21, 1.77560639469e-21, 2.61380389786e-21],
        "var": [5.92596052229e-06, 0.000286352151306, 6.77998468745e-05, 2.75072397926e-06, 5.03002665937e-05, 4.75897849128e-07, 4.4235989094e-07, 1.19877739735e-07, 3.80590506666e-07, 1.31819933813e-06, 1.81649784281e-06, 1.065549327e-06, 5.82552843298e-07, 1.23318295664e-06, 1.1535929616e-06, 1.41647706187e-06, 1.19532785448e-06, 9.500060969e-07, 6.13118857018e-07, 5.62719833397e-07, 7.11231109563e-07, 9.13130463687e-07, 3.97679428943e-07, 4.99650013808e-07, 5.48710943349e-07, 2.13241548863e-07, 1.76781367323e-11]
    },
    "erbbands": {
        "dmean": [0.223154366016, 1.01284742355, 2.84484958649, 2.50479984283, 4.31262350082, 6.67292308807, 2.75255465508, 2.24230384827, 3.8860347271, 2.13943529129, 2.39073348045, 4.44758844376, 9.24094200134, 12.4096469879, 20.6411685944, 17.0787830353, 15.8165597916, 21.7511577606, 24.679479599, 28.7503890991, 29.2472476959, 27.9923057556, 27.5609989166, 22.8371276855, 19.5875682831, 18.4939155579, 15.6625652313, 16.8835086823, 15.9641418457, 9.80835723877, 7.42484378815, 6.29152822495, 5.1308965683, 4.50886726379, 2.07777786255, 0.945996463299, 0.297915905714, 0.0187992770225, 0.000434809015132, 3.0041912396e-05],
        "dmean2": [0.289953649044, 1.29196226597, 4.54276418686, 4.32097387314, 7.13383960724, 10.5828447342, 4.61449432373, 3.6068341732, 5.850918293, 3.25696492195, 3.52170658112, 6.48286104202, 13.566693306, 18.3200836182, 31.2113895416, 25.936252594, 24.3733978271, 33.0847892761, 36.5971794128, 45.9567298889, 46.4911270142, 44.7240180969, 46.9476394653, 38.7830848694, 33.3184814453, 32.0785102844, 27.2487068176, 29.0667438507, 27.4351634979, 16.3698940277, 12.4634199142, 10.3330965042, 8.61949825287, 7.95450019836, 3.38369965553, 1.46333563328, 0.464868485928, 0.0316369757056, 0.000727303733584, 4.75106862723e-05],
        "dvar": [0.115269958973, 4.41114711761, 92.0918807983, 66.8008270264, 209.218948364, 555.343994141, 55.0840492249, 18.6901454926, 55.4933509827, 19.7252407074, 28.9597015381, 94.9226455688, 272.541625977, 415.752410889, 1082.45373535, 667.125427246, 588.659606934, 1164.72167969, 1316.74060059, 1957.74755859, 2192.53344727, 2075.61108398, 2561.03930664, 1348.91748047, 1264.96777344, 1100.68981934, 681.448303223, 1113.17041016, 1095.83483887, 241.394729614, 163.065063477, 136.058807373, 104.647605896, 147.814666748, 12.6649599075, 3.01574850082, 0.376507461071, 0.00153413717635, 8.53702090353e-07, 2.40175324073e-09],
        "dvar2": [0.212881147861, 8.50875377655, 219.308380127, 181.533157349, 562.547790527, 1151.3515625, 150.118286133, 47.6965484619, 120.307617188, 42.7062263489, 63.0695648193, 220.178253174, 552.55090332, 806.151916504, 2278.43041992, 1405.98461914, 1395.19445801, 2559.73754883, 2975.77905273, 4830.49462891, 5375.96679688, 4857.23681641, 7128.19189453, 3734.36376953, 3608.83764648, 3186.30224609, 1992.92883301, 3185.72631836, 3106.85229492, 645.431091309, 426.02053833, 332.543029785, 279.319458008, 428.79699707, 32.4863014221, 6.97205877304, 0.881697773933, 0.00401453487575, 2.27758164328e-06, 6.25077012373e-09],
        "max": [3.2165620327, 22.0289916992, 84.2378082275, 79.6873703003, 181.691665649, 257.299530029, 79.022277832, 62.6615943909, 124.267272949, 85.6976776123, 107.774208069, 383.370574951, 435.820648193, 427.873291016, 561.187927246, 478.320251465, 652.555908203, 685.420288086, 565.296508789, 603.702758789, 808.40625, 936.946533203, 491.946014404, 467.307556152, 415.558624268, 304.513336182, 268.81942749, 341.256195068, 336.031402588, 154.865158081, 131.976577759, 140.886734009, 92.7144317627, 122.656539917, 29.9742908478, 26.2971496582, 8.71961307526, 0.504413366318, 0.012550146319, 0.000551118107978],
        "mean": [0.675713896751, 2.28231048584, 2.65722608566, 2.20899796486, 4.53498506546, 8.93741416931, 3.58255243301, 3.20777535439, 6.17730855942, 3.43245077133, 3.85658812523, 7.47068881989, 17.82280159, 22.8978157043, 34.6606216431, 27.8981513977, 26.5604610443, 33.7505989075, 38.2653884888, 45.0384140015, 45.064666748, 45.2080345154, 40.2418060303, 35.9477310181, 33.2126083374, 30.2698860168, 28.4538841248, 27.987701416, 25.7878398895, 18.9643211365, 14.1545133591, 11.1426734924, 8.19581317902, 6.23347330093, 4.06828117371, 2.05870962143, 0.563137471676, 0.0289025753736, 0.000713101355359, 8.8566019258e-05],
        "median": [0.431520313025, 0.829174458981, 0.302387982607, 0.447210341692, 0.471916735172, 0.536697328091, 0.779901742935, 1.16962611675, 1.72280836105, 1.11233961582, 1.18960309029, 2.33117222786, 5.95756959915, 10.1258687973, 15.9292392731, 14.1725730896, 14.531668663, 16.6002025604, 19.1576309204, 22.7061748505, 24.0067310333, 24.6005706787, 22.1949176788, 21.4338226318, 20.4305515289, 18.7118587494, 17.8359775543, 15.5864601135, 12.3350963593, 10.0903778076, 7.85350036621, 6.02295541763, 4.66044473648, 3.62455248833, 2.46299147606, 1.17113614082, 0.285382598639, 0.0142991403118, 0.00038378854515, 8.11121426523e-05],
        "min": [7.19089099028e-22, 3.47183374284e-21, 4.50690455349e-20, 8.39221195721e-20, 7.87064356172e-20, 3.48413592187e-19, 2.04597928787e-19, 1.69916520449e-19, 4.70714572199e-19, 1.0553511467e-18, 2.15161299213e-18, 9.55178850732e-19, 5.02625804364e-19, 2.40443805802e-18, 4.54141967267e-18, 4.66922941707e-18, 5.28544050952e-18, 7.3295208492e-18, 6.42439459393e-18, 6.92024594418e-18, 7.5824991503e-18, 9.16439935374e-18, 1.00415118968e-17, 9.70446309414e-18, 1.60058273933e-17, 1.41071368675e-17, 1.12510162156e-17, 1.41802629424e-17, 1.5494768741e-17, 2.45978185903e-17, 2.00879240115e-17, 1.41821307162e-17, 1.46356639199e-17, 1.15294534816e-17, 9.24916799574e-18, 5.11411196592e-18, 3.51791559995e-18, 1.67722046473e-18, 3.77642329325e-19, 3.64143097157e-20],
        "var": [0.510498583317, 13.345287323, 84.1972427368, 46.7677841187, 211.980422974, 936.33190918, 56.9605979919, 29.2483730316, 124.299972534, 46.77551651, 60.467590332, 206.839126587, 952.614257812, 1340.15551758, 2981.85205078, 1668.02575684, 1228.51745605, 2486.3762207, 2583.70458984, 3467.00415039, 3656.47509766, 3836.13574219, 2856.83959961, 1811.45678711, 1563.25085449, 1263.16931152, 1028.7520752, 1284.58740234, 1313.0871582, 552.361877441, 324.445343018, 259.818603516, 130.317611694, 99.9141616821, 22.9149303436, 6.95022439957, 0.659192860126, 0.00185310689267, 9.85738211057e-07, 4.42305569948e-09]
    },
    "gfcc": {
        "mean": [8.41247844696, 23.5278167725, -115.161636353, 35.3174476624, -49.950553894, 39.2780380249, -32.9519424438, 19.7081432343, -29.341053009, 11.5134563446, -16.1899662018, 14.7686729431, -6.54309606552],
        "cov": [[12174.8554688, -2364.27954102, -129.905776978, 3661.99121094, 1459.39038086, 762.723937988, -381.620300293, 550.615112305, -3.52203464508, 713.23236084, -65.0235748291, 264.957641602, 76.684211731], [-2364.27954102, 1795.62561035, 246.309616089, -641.017456055, 19.1683158875, -100.2682724, 202.452972412, -74.0807342529, 130.535385132, -188.247940063, 81.9677886963, -114.032608032, 30.3821220398], [-129.905776978, 246.309616089, 2384.79638672, 50.4883880615, -57.9736022949, 411.452331543, -79.0883560181, -61.165599823, -311.280426025, -120.346221924, -151.624465942, 110.989532471, -141.909347534], [3661.99121094, -641.017456055, 50.4883880615, 2112.22167969, 962.127380371, 364.085083008, -20.9089450836, 105.833000183, 89.0482711792, 186.952255249, -34.246307373, -21.306432724, 94.197479248], [1459.39038086, 19.1683158875, -57.9736022949, 962.127380371, 978.062866211, 407.974212646, 141.137542725, 177.522613525, 184.841003418, 164.677581787, 33.6430206299, -5.08741521835, 68.1215820312], [762.723937988, -100.2682724, 411.452331543, 364.085083008, 407.974212646, 501.880279541, 167.889068604, 128.295288086, 23.8028354645, 67.948059082, 3.17700719833, 62.7385101318, -9.54659843445], [-381.620300293, 202.452972412, -79.0883560181, -20.9089450836, 141.137542725, 167.889068604, 392.694793701, 247.047241211, 174.118103027, 60.3775062561, 74.259803772, 19.2637081146, 29.5261821747], [550.615112305, -74.0807342529, -61.165599823, 105.833000183, 177.522613525, 128.295288086, 247.047241211, 371.828460693, 224.758987427, 176.20715332, 63.7618713379, 57.0632858276, 12.7990074158], [-3.52203464508, 130.535385132, -311.280426025, 89.0482711792, 184.841003418, 23.8028354645, 174.118103027, 224.758987427, 317.346130371, 177.037521362, 94.9856719971, -4.75980997086, 42.5225524902], [713.23236084, -188.247940063, -120.346221924, 186.952255249, 164.677581787, 67.948059082, 60.3775062561, 176.20715332, 177.037521362, 256.775360107, 109.596946716, 69.2795181274, 12.8965082169], [-65.0235748291, 81.9677886963, -151.624465942, -34.246307373, 33.6430206299, 3.17700719833, 74.259803772, 63.7618713379, 94.9856719971, 109.596946716, 163.740615845, 80.3490371704, 34.7577133179], [264.957641602, -114.032608032, 110.989532471, -21.306432724, -5.08741521835, 62.7385101318, 19.2637081146, 57.0632858276, -4.75980997086, 69.2795181274, 80.3490371704, 139.549850464, 37.090927124], [76.684211731, 30.3821220398, -141.909347534, 94.197479248, 68.1215820312, -9.54659843445, 29.5261821747, 12.7990074158, 42.5225524902, 12.8965082169, 34.7577133179, 37.090927124, 105.295570374]],
        "icov": [[0.000482017698232, -0.000305011315504, 0.000431829073932, -0.000915285083465, 0.000518843822647, -0.00073200679617, 0.00120865739882, -0.00155808450654, 0.00137327366974, -0.00115651695523, 0.000816112267785, -0.000720116484445, 0.000157534159371], [-0.000305011315504, 0.00186023279093, -0.00103974691592, 0.00132106500678, -0.00147881149314, 0.00139670283534, -0.00140202022158, 0.00167999975383, -0.00230857473798, 0.00277643511072, -0.00302237272263, 0.00247703422792, -0.00090808107052], [0.000431829073932, -0.00103974691592, 0.00144528097007, -0.00122808571905, 0.00119371036999, -0.00171841681004, 0.00148300896399, -0.00169400346931, 0.00197624764405, -0.00169001007453, 0.00252281525172, -0.00261874892749, 0.00139258336276], [-0.000915285083465, 0.00132106500678, -0.00122808571905, 0.0030915022362, -0.00242859986611, 0.00178708450403, -0.00225645536557, 0.0030368885491, -0.00250329286791, 0.00221665110439, -0.00239780684933, 0.00308926170692, -0.00169582979288], [0.000518843822647, -0.00147881149314, 0.00119371036999, -0.00242859986611, 0.00461707403883, -0.0039272676222, 0.00249756104313, -0.00265490775928, 0.00163562968373, -0.00261028809473, 0.00163800630253, -0.000248456723057, -0.000684493919834], [-0.00073200679617, 0.00139670283534, -0.00171841681004, 0.00178708450403, -0.0039272676222, 0.00751472869888, -0.00534487143159, 0.00410505011678, -0.00233012042008, 0.00200715335086, -0.000265166600002, -0.00169819453731, 0.0018181843916], [0.00120865739882, -0.00140202022158, 0.00148300896399, -0.00225645536557, 0.00249756104313, -0.00534487143159, 0.0111493142322, -0.00980020873249, 0.00321323284879, 0.00013438424503, -0.00194884103257, 0.00162445835304, -0.00173695455305], [-0.00155808450654, 0.00167999975383, -0.00169400346931, 0.0030368885491, -0.00265490775928, 0.00410505011678, -0.00980020873249, 0.0161074828357, -0.00990732014179, 0.0010949204443, 0.002722120611, -0.00428191199899, 0.00300672091544], [0.00137327366974, -0.00230857473798, 0.00197624764405, -0.00250329286791, 0.00163562968373, -0.00233012042008, 0.00321323284879, -0.00990732014179, 0.0176967512816, -0.0106712309644, 0.000401165219955, 0.00503891939297, -0.00414438452572], [-0.00115651695523, 0.00277643511072, -0.00169001007453, 0.00221665110439, -0.00261028809473, 0.00200715335086, 0.00013438424503, 0.0010949204443, -0.0106712309644, 0.018445301801, -0.00967981945723, 1.21799275803e-05, 0.00272169802338], [0.000816112267785, -0.00302237272263, 0.00252281525172, -0.00239780684933, 0.00163800630253, -0.000265166600002, -0.00194884103257, 0.002722120611, 0.000401165219955, -0.00967981945723, 0.0226705372334, -0.0164289455861, 0.00428198510781], [-0.000720116484445, 0.00247703422792, -0.00261874892749, 0.00308926170692, -0.000248456723057, -0.00169819453731, 0.00162445835304, -0.00428191199899, 0.00503891939297, 1.21799275803e-05, -0.0164289455861, 0.0284892655909, -0.0130603183061], [0.000157534159371, -0.00090808107052, 0.00139258336276, -0.00169582979288, -0.000684493919834, 0.0018181843916, -0.00173695455305, 0.00300672091544, -0.00414438452572, 0.00272169802338, 0.00428198510781, -0.0130603183061, 0.0182949583977]]
    },
    "melbands": {
        "dmean": [0.00156722427346, 0.00132290285546, 0.000458393304143, 0.00046163785737, 0.000117653195048, 5.37008636456e-05, 5.39295651834e-05, 2.30845489568e-05, 2.1916373953e-05, 2.87105376628e-05, 4.84246920678e-05, 5.04215458932e-05, 6.743601989e-05, 4.65872835775e-05, 5.0446116802e-05, 3.36787670676e-05, 4.55002300441e-05, 4.2449672037e-05, 3.80655146728e-05, 4.65228113171e-05, 3.3403535781e-05, 3.33016578224e-05, 2.45381634159e-05, 2.48544783972e-05, 1.93359919649e-05, 1.57413396664e-05, 1.38120831252e-05, 1.3983183635e-05, 9.73210535449e-06, 1.19822607303e-05, 9.33328010433e-06, 9.78689877229e-06, 8.13291262602e-06, 5.30081206307e-06, 4.56097041024e-06, 4.44015677203e-06, 3.97455278289e-06, 3.70701718566e-06, 4.25988218922e-06, 3.59301407116e-06],
        "dmean2": [0.00201380462386, 0.00186341465451, 0.000776659580879, 0.000759742339142, 0.000188390797121, 8.55241232784e-05, 8.13884835225e-05, 3.50307163899e-05, 3.1590276194e-05, 4.23621568189e-05, 7.13505287422e-05, 7.47390658944e-05, 0.00010126124107, 7.32083790353e-05, 7.51819243305e-05, 5.40369546798e-05, 6.94762202329e-05, 6.39304780634e-05, 5.89203918935e-05, 7.59642207413e-05, 5.3376028518e-05, 5.30365323357e-05, 4.08643318224e-05, 4.30089130532e-05, 3.27655761794e-05, 2.69966931228e-05, 2.35845182033e-05, 2.44346756517e-05, 1.67654416146e-05, 2.11111437238e-05, 1.59502251336e-05, 1.72540258063e-05, 1.36014632517e-05, 8.95457469596e-06, 7.67461369833e-06, 7.57829320719e-06, 6.44003739581e-06, 6.17449586571e-06, 7.52796177039e-06, 6.31958528174e-06],
        "dvar": [5.94313178226e-06, 1.31193974084e-05, 1.80923086646e-06, 2.65221024165e-06, 1.03986138811e-07, 9.71375957448e-09, 1.02094928067e-08, 2.51445597677e-09, 2.33418195883e-09, 3.94231136625e-09, 7.66246444073e-09, 6.89021106837e-09, 1.03250776817e-08, 4.66144856048e-09, 6.6828325096e-09, 3.69846775428e-09, 5.59663204669e-09, 4.37504432682e-09, 4.48262715835e-09, 5.43271028164e-09, 3.19252602132e-09, 3.17248249893e-09, 1.64531188673e-09, 2.26201191111e-09, 9.34940347364e-10, 7.70523533866e-10, 5.60660018412e-10, 6.30319241246e-10, 2.31338281864e-10, 5.83856352154e-10, 2.78408546217e-10, 4.0645023458e-10, 1.97457605822e-10, 6.36338898241e-11, 5.11570161232e-11, 9.25567261723e-11, 5.01242380935e-11, 4.39946412634e-11, 1.36809868989e-10, 7.96843424578e-11],
        "dvar2": [1.02651447378e-05, 2.75176553259e-05, 4.82094583276e-06, 6.3855791268e-06, 2.5133445547e-07, 2.46767086765e-08, 2.22818581364e-08, 5.38832889418e-09, 4.66055771753e-09, 9.3180760885e-09, 1.54018131582e-08, 1.36532163353e-08, 2.22441283171e-08, 1.10414930532e-08, 1.26394885669e-08, 9.15376308086e-09, 1.21414327481e-08, 9.64971302864e-09, 1.01473096592e-08, 1.35518094524e-08, 7.78717623717e-09, 7.38984295978e-09, 4.30850821687e-09, 6.41141362223e-09, 2.57320076358e-09, 2.19033258197e-09, 1.56708157562e-09, 1.81368386976e-09, 6.70606459252e-10, 1.67758595904e-09, 7.87215403975e-10, 1.15605336415e-09, 5.083125032e-10, 1.75272366065e-10, 1.33283342696e-10, 2.52564469339e-10, 1.15384202193e-10, 1.10563204425e-10, 3.94133004011e-10, 2.30882965524e-10],
        "max": [0.0258253477514, 0.0359466820955, 0.0125022074208, 0.0165112074465, 0.00348969199695, 0.0012598343892, 0.00163148331922, 0.00117842224427, 0.00117528473493, 0.00246433867142, 0.00215911050327, 0.00158082868438, 0.00153581239283, 0.00104868249036, 0.00158121495042, 0.00186750700232, 0.00163687195163, 0.00121512974147, 0.00155788869597, 0.00110122654587, 0.00080593227176, 0.00123616913334, 0.0006128467503, 0.000469228078146, 0.000415041198721, 0.000345184496837, 0.000267737923423, 0.000241667046794, 0.000246632407652, 0.000222387578106, 0.000178277347004, 0.000220062007429, 0.000138886112836, 8.4812323621e-05, 7.79430774855e-05, 0.000113145724754, 9.00051381905e-05, 6.20915379841e-05, 0.000113295587653, 9.08522197278e-05],
        "mean": [0.00494020991027, 0.00191158324014, 0.000421896256739, 0.000553979130927, 0.000164878176292, 7.88229735917e-05, 8.57243212522e-05, 3.53821160388e-05, 3.57264907507e-05, 4.66743913421e-05, 9.14203119464e-05, 9.06794011826e-05, 0.000111679517431, 7.27488077246e-05, 8.01181449788e-05, 4.94422893098e-05, 6.62144666421e-05, 6.18797130301e-05, 5.59774052817e-05, 6.73947215546e-05, 4.79612754134e-05, 4.98230765515e-05, 3.69628578483e-05, 3.34038995788e-05, 2.84497455141e-05, 2.50199100265e-05, 2.14644787775e-05, 2.02685787372e-05, 1.76571702468e-05, 1.7100452169e-05, 1.57703689183e-05, 1.48597864609e-05, 1.29593627207e-05, 9.70217934082e-06, 8.33171179693e-06, 7.27088990971e-06, 6.68815300742e-06, 5.82760048928e-06, 5.5442892517e-06, 5.00553005622e-06],
        "median": [0.00355693651363, 0.000505978881847, 7.81275739428e-05, 3.52572060365e-05, 2.92297245323e-05, 2.91183569061e-05, 2.37689837377e-05, 8.56078349898e-06, 8.89521925274e-06, 1.26667509903e-05, 2.63050460489e-05, 3.18706479447e-05, 4.95205640618e-05, 3.91909707105e-05, 3.17146696034e-05, 1.82252806553e-05, 2.75655620499e-05, 2.70095497399e-05, 2.17930901272e-05, 3.18822858389e-05, 2.23811766773e-05, 2.48033811658e-05, 1.95717711904e-05, 1.71285828401e-05, 1.60995332408e-05, 1.46369757204e-05, 1.26746044771e-05, 1.17943700388e-05, 1.06709130705e-05, 9.6996081993e-06, 8.25728693599e-06, 6.92140702085e-06, 5.84083954891e-06, 5.56251598027e-06, 4.72897363579e-06, 3.55195038537e-06, 3.55705856236e-06, 3.21691140925e-06, 3.03800311485e-06, 2.95305858344e-06],
        "min": [4.73890991644e-24, 1.75872831173e-23, 1.32860332311e-23, 1.43727964131e-23, 1.04897690244e-23, 3.96133958292e-24, 8.23641388102e-24, 1.42960860009e-23, 1.53245507843e-23, 5.30129911096e-24, 2.21841728272e-24, 8.60058678475e-24, 1.53791652025e-23, 1.03462239498e-23, 1.27637244814e-23, 1.38839314215e-23, 1.31999503625e-23, 1.16695783502e-23, 8.62375878498e-24, 6.39487765678e-24, 1.05176757678e-23, 1.01319101633e-23, 8.36323589331e-24, 9.34903197921e-24, 7.17954694958e-24, 1.06060960312e-23, 1.16538429417e-23, 9.38697461103e-24, 7.87011736373e-24, 6.07327287078e-24, 9.33919409486e-24, 8.60825056844e-24, 8.8115968217e-24, 1.69984473609e-23, 1.17239568989e-23, 1.09760733734e-23, 7.3331870772e-24, 1.06473297907e-23, 8.99935281689e-24, 9.99711907817e-24],
        "var": [2.73042260233e-05, 1.92503011931e-05, 1.34559854814e-06, 3.67185816685e-06, 1.43619004689e-07, 1.60629607393e-08, 2.30452155137e-08, 5.92713078618e-09, 5.99034555293e-09, 8.13450284909e-09, 2.73310458709e-08, 2.21340528128e-08, 2.74754654583e-08, 9.35302502114e-09, 1.89293416497e-08, 6.63546373403e-09, 1.14706493193e-08, 8.05524269509e-09, 8.16183387542e-09, 8.35091640283e-09, 5.06974284775e-09, 5.37825028957e-09, 2.54421794743e-09, 2.14423412359e-09, 1.24628740661e-09, 9.5123142696e-10, 6.98136770616e-10, 6.61230625809e-10, 4.21049334287e-10, 5.27128229955e-10, 4.00940780576e-10, 4.5610826227e-10, 3.40283856648e-10, 1.34512151417e-10, 1.03934999496e-10, 1.24448201744e-10, 9.93424717488e-11, 6.78082520689e-11, 9.36456051592e-11, 5.67085926828e-11]
    },
    "mfcc": {
        "mean": [-634.384033203, 57.6667747498, -1.58473992348, 11.7884807587, 10.6980762482, 17.9879131317, 13.4187498093, 12.9880018234, 5.20798254013, -0.765094578266, -1.80789840221, 1.61686635017, 6.48673391342],
        "cov": [[9461.02441406, -2210.60229492, -1338.53222656, 1984.03723145, 1438.97106934, 826.58807373, 258.155273438, 68.2081985474, 441.377655029, 539.077453613, 496.249206543, 231.148651123, -196.529510498], [-2210.60229492, 1737.4263916, 515.3359375, -558.75982666, -241.006164551, -190.812133789, 16.7908401489, 69.2537231445, -66.7971572876, -70.3353042603, -48.3535270691, -14.0389080048, 104.512535095], [-1338.53222656, 515.3359375, 1971.18237305, -159.857711792, 53.6246147156, 92.1204986572, 146.943008423, 94.3982315063, -140.591827393, -211.295913696, -169.589111328, -126.783409119, 30.8817749023], [1984.03723145, -558.75982666, -159.857711792, 1076.69812012, 637.88848877, 393.882263184, 145.228607178, 70.4918289185, 186.506469727, 197.311340332, 136.607498169, 46.2265853882, -103.963890076], [1438.97106934, -241.006164551, 53.6246147156, 637.88848877, 834.49206543, 515.599365234, 209.165557861, 107.127944946, 130.322692871, 138.045547485, 110.605377197, 15.2575807571, -54.0998802185], [826.58807373, -190.812133789, 92.1204986572, 393.882263184, 515.599365234, 506.015594482, 236.933105469, 117.044517517, 88.1778488159, 75.4227371216, 54.7219009399, 6.84063339233, -35.7933273315], [258.155273438, 16.7908401489, 146.943008423, 145.228607178, 209.165557861, 236.933105469, 278.178741455, 186.608428955, 93.1443328857, 50.0806846619, 55.3608398438, 40.4891548157, 32.6697731018], [68.2081985474, 69.2537231445, 94.3982315063, 70.4918289185, 107.127944946, 117.044517517, 186.608428955, 237.114089966, 153.537994385, 90.8172683716, 73.0559844971, 48.903263092, 44.8787841797], [441.377655029, -66.7971572876, -140.591827393, 186.506469727, 130.322692871, 88.1778488159, 93.1443328857, 153.537994385, 250.907546997, 201.347702026, 137.071960449, 70.7854690552, 17.1780223846], [539.077453613, -70.3353042603, -211.295913696, 197.311340332, 138.045547485, 75.4227371216, 50.0806846619, 90.8172683716, 201.347702026, 251.259353638, 182.942459106, 87.5592422485, 16.9758052826], [496.249206543, -48.3535270691, -169.589111328, 136.607498169, 110.605377197, 54.7219009399, 55.3608398438, 73.0559844971, 137.071960449, 182.942459106, 213.563430786, 136.37840271, 60.7379646301], [231.148651123, -14.0389080048, -126.783409119, 46.2265853882, 15.2575807571, 6.84063339233, 40.4891548157, 48.903263092, 70.7854690552, 87.5592422485, 136.37840271, 173.227996826, 116.418418884], [-196.529510498, 104.512535095, 30.8817749023, -103.963890076, -54.0998802185, -35.7933273315, 32.6697731018, 44.8787841797, 17.1780223846, 16.9758052826, 60.7379646301, 116.418418884, 170.420196533]],
