{
"lowlevel": {
    "average_loudness": 0.910097897053,
    "barkbands_crest": {
        "dmean": 3.29617381096,
        "dmean2": 4.86904764175,
        "dvar": 10.8710098267,
        "dvar2": 21.7544937134,
        "max": 26.6120872498,
        "mean": 12.8167552948,
        "median": 11.949057579,
        "min": 2.2136182785,
        "var": 38.4217224121
    },
    "barkbands_flatness_db": {
        "dmean": 0.0301901977509,
        "dmean2": 0.0409341044724,
        "dvar": 0.00103950244375,
        "dvar2": 0.00178428716026,
        "max": 0.637259542942,
        "mean": 0.142865076661,
        "median": 0.117569021881,
        "min": 0.0134140951559,
        "var": 0.00938546005636
    },
    "barkbands_kurtosis": {
        "dmean": 4.84071111679,
        "dmean2": 6.62897539139,
        "dvar": 146.819320679,
        "dvar2": 260.67565918,
        "max": 719.123718262,
        "mean": 7.08830165863,
        "median": 2.17606973648,
        "min": -1.9536511898,
        "var": 324.053619385
    },
    "barkbands_skewness": {
        "dmean": 0.822228193283,
        "dmean2": 1.0471779108,
        "dvar": 0.786698818207,
        "dvar2": 1.28071069717,
        "max": 23.2019557953,
        "mean": 1.86831045151,
        "median": 1.55839133263,
        "min": -3.4347641468,
        "var": 3.73495960236
    },
    "barkbands_spread": {
        "dmean": 10.3970756531,
        "dmean2": 14.6488237381,
        "dvar": 149.497451782,
        "dvar2": 281.415710449,
        "max": 135.443756104,
        "mean": 36.5837593079,
        "median": 29.8480148315,
        "min": 0.174508020282,
        "var": 682.414489746
    },
    "dissonance": {
        "dmean": 0.0186542291194,
        "dmean2": 0.031157925725,
        "dvar": 0.000561303517316,
        "dvar2": 0.001504187705,
        "max": 0.5,
        "mean": 0.459763467312,
        "median": 0.478143185377,
        "min": 0.0513539873064,
        "var": 0.00317800464109
    },
    "dynamic_complexity": 3.52387166023,
    "erbbands_crest": {
        "dmean": 2.68681335449,
        "dmean2": 4.30186843872,
        "dvar": 7.9201836586,
        "dvar2": 18.5412311554,
        "max": 33.5820388794,
        "mean": 8.38409233093,
        "median": 6.8495388031,
        "min": 2.12275314331,
        "var": 27.4029140472
    },
    "erbbands_flatness_db": {
        "dmean": 0.0159451570362,
        "dmean2": 0.0235525071621,
        "dvar": 0.000253553560469,
        "dvar2": 0.000533160229679,
        "max": 0.611417531967,
        "mean": 0.131053328514,
        "median": 0.105068430305,
        "min": 0.0357709042728,
        "var": 0.00755418557674
    },
    "erbbands_kurtosis": {
        "dmean": 1.25297152996,
        "dmean2": 1.9048217535,
        "dvar": 4.97134780884,
        "dvar2": 10.7435045242,
        "max": 72.7954483032,
        "mean": 0.861089766026,
        "median": -0.106947422028,
        "min": -1.87542927265,
        "var": 10.6538562775
    },
    "erbbands_skewness": {
        "dmean": 0.453992486,
        "dmean2": 0.6404312253,
        "dvar": 0.193538218737,
        "dvar2": 0.384769707918,
        "max": 6.62154006958,
        "mean": 0.161542579532,
        "median": 0.0475666262209,
        "min": -3.18374085426,
        "var": 1.24333369732
    },
    "erbbands_spread": {
        "dmean": 14.7218198776,
        "dmean2": 19.9754066467,
        "dvar": 303.509307861,
        "dvar2": 503.880126953,
        "max": 223.351776123,
        "mean": 59.0436286926,
        "median": 50.2835388184,
        "min": 0.476075977087,
        "var": 1612.96984863
    },
    "hfc": {
        "dmean": 11.6611747742,
        "dmean2": 17.71134758,
        "dvar": 322.389160156,
        "dvar2": 778.969299316,
        "max": 377.127441406,
        "mean": 37.2600860596,
        "median": 30.168844223,
        "min": 1.11222136064e-16,
        "var": 923.848571777
    },
    "melbands_crest": {
        "dmean": 4.28091621399,
        "dmean2": 6.63321208954,
        "dvar": 18.8082256317,
        "dvar2": 40.4149589539,
        "max": 37.3502616882,
        "mean": 19.1630058289,
        "median": 18.648443222,
        "min": 2.1822104454,
        "var": 79.9390563965
    },
    "melbands_flatness_db": {
        "dmean": 0.0395132489502,
        "dmean2": 0.0524243414402,
        "dvar": 0.00183773448225,
        "dvar2": 0.00303373998031,
        "max": 0.760509371758,
        "mean": 0.214333087206,
        "median": 0.191466808319,
        "min": 0.00518610235304,
        "var": 0.0143276173621
    },
    "melbands_kurtosis": {
        "dmean": 33.7531318665,
        "dmean2": 40.5858345032,
        "dvar": 6158.65136719,
        "dvar2": 7269.75195312,
        "max": 1736.31054688,
        "mean": 63.0189170837,
        "median": 12.9342250824,
        "min": -1.75983691216,
        "var": 28851.6035156
    },
    "melbands_skewness": {
        "dmean": 1.62941789627,
        "dmean2": 2.04735207558,
        "dvar": 4.92975473404,
        "dvar2": 6.3934545517,
        "max": 37.0807037354,
        "mean": 4.77817583084,
        "median": 3.07554912567,
        "min": -2.05866599083,
        "var": 28.191078186
    },
    "melbands_spread": {
        "dmean": 12.7475013733,
        "dmean2": 18.5458450317,
        "dvar": 355.861114502,
        "dvar2": 684.633605957,
        "max": 214.006607056,
        "mean": 28.7993431091,
        "median": 19.3202114105,
        "min": 0.323388546705,
        "var": 937.411560059
    },
    "pitch_salience": {
        "dmean": 0.0994081050158,
        "dmean2": 0.149853214622,
        "dvar": 0.0111270286143,
        "dvar2": 0.0233246367425,
        "max": 0.995571434498,
        "mean": 0.477181762457,
        "median": 0.512245535851,
        "min": 0.0234529338777,
        "var": 0.0380883812904
    },
    "silence_rate_20dB": {
        "dmean": 0,
        "dmean2": 0,
        "dvar": 0,
        "dvar2": 0,
        "max": 1,
        "mean": 1,
        "median": 1,
        "min": 1,
        "var": 0
    },
    "silence_rate_30dB": {
        "dmean": 0.0575609765947,
        "dmean2": 0.115133181214,
        "dvar": 0.0542479828,
        "dvar2": 0.116513900459,
        "max": 1,
        "mean": 0.868598163128,
        "median": 1,
        "min": 0,
        "var": 0.114131942391
    },
    "silence_rate_60dB": {
        "dmean": 0.0575609765947,
        "dmean2": 0.115133181214,
        "dvar": 0.0542542040348,
        "dvar2": 0.117481090128,
        "max": 1,
        "mean": 0.133743047714,
        "median": 0,
        "min": 0,
        "var": 0.115853458643
    },
    "spectral_centroid": {
        "dmean": 424.871887207,
        "dmean2": 603.125305176,
        "dvar": 217485.09375,
        "dvar2": 388895.8125,
        "max": 11003.2978516,
        "mean": 1866.75195312,
        "median": 1768.79248047,
        "min": 127.589416504,
        "var": 1092781.375
    },
    "spectral_complexity": {
        "dmean": 5.22517061234,
        "dmean2": 8.32715415955,
        "dvar": 45.1460800171,
        "dvar2": 109.273681641,
        "max": 51,
        "mean": 15.9014730453,
        "median": 15,
        "min": 0,
        "var": 134.414978027
    },
    "spectral_decrease": {
        "dmean": 3.84118026275e-09,
        "dmean2": 5.26149612767e-09,
        "dvar": 2.84680560557e-17,
        "dvar2": 4.49896818461e-17,
        "max": 1.67472685025e-11,
        "mean": -1.11031743799e-08,
        "median": -8.40850677974e-09,
        "min": -6.13910131619e-08,
        "var": 1.30227570167e-16
    },
    "spectral_energy": {
        "dmean": 0.0150412106887,
        "dmean2": 0.0207463093102,
        "dvar": 0.000428493920481,
        "dvar2": 0.000685088394675,
        "max": 0.233248651028,
        "mean": 0.0452855452895,
        "median": 0.0354541130364,
        "min": 1.02307871125e-20,
        "var": 0.0019821182359
    },
    "spectral_energyband_high": {
        "dmean": 0.00099138286896,
        "dmean2": 0.00152137456462,
        "dvar": 2.61318837147e-06,
        "dvar2": 6.16901115791e-06,
        "max": 0.0371709167957,
        "mean": 0.00292116985656,
        "median": 0.00177534646355,
        "min": 7.49087654145e-21,
        "var": 9.85701899481e-06
    },
    "spectral_energyband_low": {
        "dmean": 0.011369950138,
        "dmean2": 0.0144006116316,
        "dvar": 0.000383711856557,
        "dvar2": 0.00054629414808,
        "max": 0.232664272189,
        "mean": 0.0277318600565,
        "median": 0.00514640007168,
        "min": 3.40418597934e-23,
        "var": 0.00183517578989
    },
    "spectral_energyband_middle_high": {
        "dmean": 0.00172689312603,
        "dmean2": 0.00272925803438,
        "dvar": 7.67344045016e-06,
        "dvar2": 1.78537520696e-05,
        "max": 0.0610087774694,
        "mean": 0.00388625776395,
        "median": 0.00206339056604,
        "min": 1.3770925456e-21,
        "var": 2.76121609204e-05
    },
    "spectral_energyband_middle_low": {
        "dmean": 0.00779715320095,
        "dmean2": 0.0131911328062,
        "dvar": 0.000210520040127,
        "dvar2": 0.000564118730836,
        "max": 0.102764219046,
        "mean": 0.0121212089434,
        "median": 0.00385396555066,
        "min": 2.61502871486e-22,
        "var": 0.000271622207947
    },
    "spectral_entropy": {
        "dmean": 0.158723831177,
        "dmean2": 0.230222269893,
        "dvar": 0.028726503253,
        "dvar2": 0.0607631579041,
        "max": 9.80917263031,
        "mean": 7.86968135834,
        "median": 8.16561412811,
        "min": 3.13924264908,
        "var": 0.777065575123
    },
    "spectral_flux": {
        "dmean": 0.0381606183946,
        "dmean2": 0.0544161573052,
        "dvar": 0.00229086307809,
        "dvar2": 0.00387387094088,
        "max": 0.425777733326,
        "mean": 0.106759600341,
        "median": 0.0854531675577,
        "min": 6.67102414975e-11,
        "var": 0.00655429670587
    },
    "spectral_kurtosis": {
        "dmean": 1.70093619823,
        "dmean2": 2.66116309166,
        "dvar": 31.9495487213,
        "dvar2": 78.0552139282,
        "max": 213.897964478,
        "mean": 7.01077318192,
        "median": 1.7989821434,
        "min": -1.56501364708,
        "var": 505.579162598
    },
    "spectral_rms": {
        "dmean": 0.0011535063386,
        "dmean2": 0.00156470772345,
        "dvar": 2.07198672797e-06,
        "dvar2": 3.28745477418e-06,
        "max": 0.0150850806385,
        "mean": 0.00573847210035,
        "median": 0.00588127365336,
        "min": 3.15931265524e-12,
        "var": 1.12509687824e-05
    },
    "spectral_rolloff": {
        "dmean": 1293.28674316,
        "dmean2": 1961.33337402,
        "dvar": 4804730,
        "dvar2": 8234360.5,
        "max": 19035.3515625,
        "mean": 2990.30664062,
        "median": 1098.19335938,
        "min": 21.533203125,
        "var": 14538002
    },
    "spectral_skewness": {
        "dmean": 0.191142365336,
        "dmean2": 0.291118055582,
        "dvar": 0.0802154317498,
        "dvar2": 0.196582838893,
        "max": 12.6857786179,
        "mean": 1.57704329491,
        "median": 1.16578781605,
        "min": -0.100107103586,
        "var": 2.55136394501
    },
    "spectral_spread": {
        "dmean": 762964.1875,
        "dmean2": 1069476.875,
        "dvar": 805286051840,
        "dvar2": 1.34960748954e+12,
        "max": 41260876,
        "mean": 7297782,
        "median": 7209087.5,
        "min": 535584.0625,
        "var": 8.82712458035e+12
    },
    "spectral_strongpeak": {
        "dmean": 0.389133751392,
        "dmean2": 0.630436480045,
        "dvar": 0.386185497046,
        "dvar2": 0.953557312489,
        "max": 12.6201982498,
        "mean": 0.834278643131,
        "median": 0.554990589619,
        "min": 0,
        "var": 0.884071826935
    },
    "zerocrossingrate": {
        "dmean": 0.0245635472238,
        "dmean2": 0.0259297396988,
        "dvar": 0.000885670015123,
        "dvar2": 0.000955951807555,
        "max": 0.51806640625,
        "mean": 0.107952646911,
        "median": 0.07958984375,
        "min": 0,
        "var": 0.00711877085268
    },
    "barkbands": {
        "dmean": [0.000781860901043, 0.00980375800282, 0.00484494771808, 0.00344187323935, 0.00291116768494, 0.00103981187567, 0.00103881617542, 0.000719268922694, 0.000741155585274, 0.000582469510846, 0.000374273746274, 0.000266001879936, 0.000186955192476, 0.000260870496277, 0.000222185175517, 0.000159285991685, 0.000168171376572, 0.000151720829308, 0.000143501907587, 0.00016905812663, 0.000186060147826, 0.000195348387933, 0.000160938652698, 0.000240517692873, 0.000220671470743, 0.000157723305165, 7.08642619429e-05],
        "dmean2": [0.00103412859607, 0.0134724266827, 0.0082400906831, 0.006394573953, 0.00494341785088, 0.0016260757111, 0.00164962967392, 0.00118436233606, 0.00110976456199, 0.000920995371416, 0.000603351450991, 0.000409015046898, 0.000300157058518, 0.000416595081333, 0.000358644174412, 0.000271711818641, 0.000276136503089, 0.000247872405453, 0.00022920590709, 0.000280037056655, 0.000307695212541, 0.000312108400976, 0.000256176455878, 0.00040088451351, 0.000355320691597, 0.000239057932049, 0.000114721944556],
        "dvar": [2.4714815936e-06, 0.000410934037063, 0.000206418058951, 9.03178224689e-05, 4.40081239503e-05, 4.54260816696e-06, 3.99697137254e-06, 2.33219589063e-06, 3.92205402022e-06, 2.39278188019e-06, 1.57225440489e-06, 7.42421548239e-07, 1.845722295e-07, 3.83827796213e-07, 3.64663321761e-07, 9.30696870682e-08, 8.34402626992e-08, 6.99026259099e-08, 5.03848482936e-08, 7.747829045e-08, 7.21470314602e-08, 1.02829289972e-07, 6.79349625443e-08, 2.22633815383e-07, 3.70220931245e-07, 8.5646817638e-08, 1.15636593634e-08],
        "dvar2": [4.02613659389e-06, 0.000637668941636, 0.000515972147696, 0.000256193539826, 0.000114453454444, 1.05059307316e-05, 9.34274157771e-06, 5.63776939089e-06, 7.70483620727e-06, 5.64763786315e-06, 3.83057613362e-06, 1.27935049932e-06, 4.04609949101e-07, 8.17607542558e-07, 8.57033398916e-07, 2.35941001847e-07, 2.03349131311e-07, 1.71222154677e-07, 1.22527808344e-07, 2.0037697368e-07, 1.94936561115e-07, 2.64327468358e-07, 1.57569871817e-07, 5.3946001799e-07, 8.81238804595e-07, 1.91875869859e-07, 2.91028996457e-08],
        "max": [0.0244969110936, 0.227116718888, 0.128360569477, 0.0666229873896, 0.0661492943764, 0.0453393533826, 0.0492215007544, 0.0261186771095, 0.0497699454427, 0.0343067422509, 0.0382576100528, 0.0434828922153, 0.012284594588, 0.0275197122246, 0.0275320708752, 0.00785693153739, 0.00464816018939, 0.0101076262072, 0.00430699298158, 0.00756727624685, 0.0034623616375, 0.010316955857, 0.00825893972069, 0.0155542716384, 0.0330738313496, 0.00805244036019, 0.00103500066325],
        "mean": [0.00143890245818, 0.0213741865009, 0.00363984238356, 0.00231564464048, 0.00328522431664, 0.00214225007221, 0.0016554617323, 0.00115804187953, 0.00139038322959, 0.000836694380268, 0.00055503094336, 0.000494791893288, 0.00028451756225, 0.000390763045289, 0.000331622228259, 0.000201349335839, 0.000241480476689, 0.000242731504841, 0.000270112912403, 0.000309382710839, 0.000388829503208, 0.000439214694779, 0.000417270464823, 0.000473463529488, 0.000502563314512, 0.000396509334678, 0.000109272179543],
        "median": [0.000132535642479, 0.00244411709718, 0.000204797484912, 0.00016166853311, 0.000413737812778, 0.000310041825287, 0.000378458498744, 0.000186352102901, 0.00015203676594, 0.000144456571434, 8.61365624587e-05, 0.000107658066554, 8.6127933173e-05, 0.000104645099782, 8.37536499603e-05, 7.57370726205e-05, 9.20920647332e-05, 0.000105641316622, 0.000144603545777, 0.000153184621013, 0.000163940698258, 0.000149437648361, 0.000158194103278, 0.000235441606492, 0.000325605768012, 0.000240017528995, 4.22910379712e-05],
        "min": [6.51425656921e-25, 9.97118369819e-24, 6.74737896898e-24, 4.73433570648e-24, 1.74115864387e-23, 2.52768152314e-23, 5.95162231505e-23, 3.22186381584e-23, 3.64342224835e-23, 2.48632675237e-23, 2.52287483588e-23, 9.35829983267e-23, 5.36219238864e-23, 8.10283211963e-23, 6.29121620624e-23, 1.16239954427e-22, 1.19310743807e-22, 2.42955905945e-22, 1.88127170024e-22, 3.31760565509e-22, 3.74970200712e-22, 4.27114133739e-22, 4.99706957016e-22, 9.29406282605e-22, 9.79746967955e-22, 1.36197953576e-21, 2.13317944827e-21],
        "var": [8.25063398224e-06, 0.00142213725485, 0.000159223272931, 5.37580854143e-05, 4.49333092547e-05, 1.88905978575e-05, 1.04019318314e-05, 5.60281841899e-06, 1.37046217787e-05, 4.0530167098e-06, 2.75283082374e-06, 3.07211621475e-06, 5.21598963132e-07, 1.12713348699e-06, 7.69662676703e-07, 1.29453127329e-07, 1.61225003126e-07, 1.69421426222e-07, 1.30684526312e-07, 1.69407044837e-07, 2.20861039679e-07, 3.69655168697e-07, 3.35378530281e-07, 4.25671686344e-07, 5.55884696496e-07, 2.05716602864e-07, 2.09557651232e-08]
    },
    "erbbands": {
        "dmean": [0.382521063089, 2.14359045029, 4.74422502518, 9.48713302612, 10.6075468063, 10.0503807068, 7.57307338715, 9.32778835297, 11.2858428955, 18.7086219788, 14.9962625504, 13.9005155563, 19.8915309906, 17.1211948395, 11.377081871, 9.25968933105, 8.25850772858, 11.4757900238, 11.427482605, 10.2163476944, 9.31980800629, 8.99452209473, 7.86181783676, 7.27865552902, 7.158411026, 7.88390636444, 7.76610994339, 7.52347707748, 7.020175457, 5.36107206345, 4.83975982666, 4.54096269608, 4.52602291107, 2.70697760582, 1.5839124918, 0.763512730598, 0.282414734364, 0.105865284801, 0.0101216528565, 0.000144603225635],
        "dmean2": [0.471380650997, 2.95195436478, 7.49259662628, 17.0492839813, 18.9661502838, 17.2171421051, 12.456278801, 14.4117765427, 17.7154903412, 30.3247032166, 24.4228038788, 21.4210987091, 30.1532917023, 27.0813159943, 17.8387699127, 14.6138191223, 13.2045307159, 18.0796489716, 18.2913322449, 16.9291534424, 15.8001241684, 14.6665897369, 12.7827939987, 11.6058635712, 11.5273351669, 13.0304422379, 12.9164037704, 12.4328184128, 11.325592041, 8.45530605316, 7.67722558975, 7.38136959076, 7.66206979752, 4.36698627472, 2.59372377396, 1.19445705414, 0.438098520041, 0.161278486252, 0.0161579921842, 0.000224977062317],
        "dvar": [0.589007854462, 23.9328575134, 169.957885742, 708.525634766, 659.194946289, 592.844543457, 247.948120117, 418.337219238, 498.753448486, 1576.26940918, 991.217651367, 1518.78771973, 2483.00244141, 2057.80297852, 1355.27075195, 514.327026367, 332.234375, 674.777709961, 695.233154297, 542.124267578, 297.732147217, 247.635055542, 184.310577393, 163.071212769, 115.770721436, 166.729217529, 136.809677124, 124.384742737, 130.190139771, 76.4237594604, 63.6793708801, 63.1983795166, 97.4751663208, 86.2339324951, 12.8933601379, 2.90845227242, 0.208036676049, 0.0246257260442, 0.000227747645113, 4.41980922972e-08],
        "dvar2": [0.692103862762, 43.7298927307, 384.796386719, 1939.09594727, 1801.70239258, 1557.82946777, 628.262878418, 891.363464355, 1103.50341797, 3822.45483398, 2310.85302734, 3066.09057617, 5505.55859375, 4929.11914062, 2983.43725586, 946.887878418, 704.864440918, 1313.8145752, 1680.36242676, 1306.11193848, 772.462524414, 598.433898926, 450.31262207, 380.051849365, 286.602233887, 430.995422363, 359.632415771, 333.701690674, 340.702819824, 177.038314819, 145.70098877, 154.947402954, 233.840545654, 206.824569702, 30.3969860077, 6.91885948181, 0.47339835763, 0.0538721568882, 0.000560138432775, 1.01541772324e-07],
        "max": [10.29484272, 56.6593322754, 103.325164795, 197.451278687, 230.388000488, 287.923065186, 332.203582764, 458.831207275, 623.029968262, 791.535339355, 696.184753418, 1201.51220703, 984.673339844, 912.99432373, 1435.47875977, 1180.42724609, 599.789367676, 877.086181641, 1370.77368164, 879.832458496, 420.328704834, 296.188323975, 456.148254395, 324.935852051, 228.040496826, 409.082611084, 322.07913208, 145.835021973, 307.700256348, 323.731933594, 230.999649048, 207.72416687, 401.894622803, 591.651184082, 163.555587769, 60.9327812195, 9.25911045074, 1.69585824013, 0.14957074821, 0.00226016412489],
        "mean": [0.917805969715, 3.56923794746, 4.30786800385, 6.77684879303, 8.19609451294, 11.5432834625, 14.7130947113, 18.649438858, 19.4563827515, 29.5070533752, 27.5391788483, 25.1357364655, 32.9828453064, 26.3444786072, 19.9241256714, 16.761882782, 13.6741189957, 19.0130138397, 17.9094715118, 14.4449386597, 12.6033267975, 13.6645908356, 12.8977022171, 13.4129104614, 13.7769165039, 14.738820076, 15.8632049561, 15.1442623138, 14.9147462845, 13.7887802124, 12.0481157303, 9.56817436218, 8.20198059082, 5.70183801651, 3.48282456398, 1.78554582596, 0.669456958771, 0.218404784799, 0.0166495032609, 0.000312020158162],
        "median": [0.0987723991275, 0.427700161934, 0.509082376957, 0.582446813583, 1.07591688633, 1.37908232212, 1.47682821751, 2.98747825623, 5.10267162323, 5.49417066574, 4.35911512375, 3.9371175766, 6.05407428741, 5.81436014175, 4.9398932457, 4.24818277359, 4.62526464462, 5.45786428452, 5.31838941574, 4.65580034256, 4.86386728287, 5.77535820007, 5.71927165985, 7.13235235214, 7.45820426941, 7.23088741302, 7.12194871902, 5.84698867798, 5.22086763382, 5.03003501892, 4.59152317047, 4.42169046402, 4.24725103378, 3.42920637131, 2.12535905838, 1.06078219414, 0.419556587934, 0.124318256974, 0.00693568354473, 0.000190395323443],
        "min": [3.78943232397e-22, 2.49658436751e-21, 4.72806744613e-21, 2.26359994109e-20, 5.85763556382e-20, 4.51543162238e-20, 1.3934731128e-19, 3.13377245819e-19, 7.36049555781e-19, 8.66718294869e-19, 5.61374239419e-19, 9.36974880197e-19, 8.86098309441e-19, 9.26120409404e-19, 1.63743359426e-18, 3.29033774071e-18, 3.07348158978e-18, 3.59688653303e-18, 4.05653508299e-18, 3.47879822878e-18, 6.96343635268e-18, 7.05315815218e-18, 1.45712265502e-17, 1.12844103242e-17, 1.00036286791e-17, 1.58148843294e-17, 1.51169622681e-17, 1.57654404354e-17, 1.51215415399e-17, 1.7223854154e-17, 1.36368747631e-17, 1.51317886534e-17, 1.40970254117e-17, 1.02643725518e-17, 8.02177589614e-18, 4.34257331163e-18, 2.67434150842e-18, 1.11229674161e-18, 2.84615090246e-19, 2.88774858762e-20],
        "var": [2.84040164948, 49.1509246826, 164.333129883, 461.981903076, 441.263580322, 639.005249023, 963.969787598, 1625.00256348, 1336.81652832, 3482.38720703, 3230.7800293, 4585.48193359, 5486.86816406, 3628.22119141, 3772.671875, 2090.37353516, 1016.109375, 2306.70629883, 1663.97253418, 1024.01269531, 435.333221436, 484.889434814, 444.072479248, 448.913330078, 313.730560303, 377.665222168, 398.445922852, 346.58102417, 413.09173584, 379.34375, 285.670257568, 163.292739868, 150.780197144, 108.406044006, 21.7917232513, 5.16164255142, 0.551517009735, 0.0638682544231, 0.000462290568976, 1.12230139848e-07]
    },
    "gfcc": {
        "mean": [7.71374893188, 35.7222557068, -82.0517501831, 23.9294834137, -54.2033576965, 17.6675624847, -31.7942428589, 17.2849407196, -20.5513591766, 15.1224069595, -11.6779146194, 6.92973613739, -9.09617805481],
        "cov": [[12105.7832031, -2568.7824707, 1364.63671875, 2075.4465332, -287.441955566, 556.662780762, -109.951171875, 267.991912842, -216.746337891, -468.272094727, -526.956542969, 111.503135681, -155.94418335], [-2568.7824707, 3006.30078125, -1103.68737793, -1131.03771973, -223.775115967, -392.210876465, -217.565948486, -154.440734863, -31.6650447845, -55.5864868164, 245.000213623, -335.793518066, 131.721237183], [1364.63671875, -1103.68737793, 1707.21655273, 566.310852051, 274.640930176, 253.436050415, 69.8260116577, 137.766098022, -7.99366140366, 130.341445923, -72.0023651123, 197.858810425, -117.031013489], [2075.4465332, -1131.03771973, 566.310852051, 1819.78979492, 354.452087402, 272.193450928, 232.544265747, 76.5114364624, 52.0583763123, -187.811737061, -118.552696228, 80.1080322266, 22.2489242554], [-287.441955566, -223.775115967, 274.640930176, 354.452087402, 477.080688477, 177.143035889, 229.610900879, 75.1819763184, 105.525268555, 89.7267227173, 20.4099006653, 44.2577972412, -5.87788963318], [556.662780762, -392.210876465, 253.436050415, 272.193450928, 177.143035889, 399.717163086, 249.900924683, 121.070526123, 87.1624908447, 84.7655334473, -15.4500017166, 52.2879638672, -1.53926169872], [-109.951171875, -217.565948486, 69.8260116577, 232.544265747, 229.610900879, 249.900924683, 383.956268311, 131.161346436, 155.900009155, 78.0230636597, 20.8785705566, 72.0200119019, 14.1149377823], [267.991912842, -154.440734863, 137.766098022, 76.5114364624, 75.1819763184, 121.070526123, 131.161346436, 210.754943848, 94.2580184937, 82.9114608765, 37.5125770569, 45.3292617798, 40.8499298096], [-216.746337891, -31.6650447845, -7.99366140366, 52.0583763123, 105.525268555, 87.1624908447, 155.900009155, 94.2580184937, 201.127487183, 117.892974854, 60.9386405945, 55.2916145325, 32.0416526794], [-468.272094727, -55.5864868164, 130.341445923, -187.811737061, 89.7267227173, 84.7655334473, 78.0230636597, 82.9114608765, 117.892974854, 232.238311768, 104.836402893, 68.8011856079, 9.79511070251], [-526.956542969, 245.000213623, -72.0023651123, -118.552696228, 20.4099006653, -15.4500017166, 20.8785705566, 37.5125770569, 60.9386405945, 104.836402893, 156.039413452, 39.5318717957, 54.9669494629], [111.503135681, -335.793518066, 197.858810425, 80.1080322266, 44.2577972412, 52.2879638672, 72.0200119019, 45.3292617798, 55.2916145325, 68.8011856079, 39.5318717957, 159.591537476, 15.3896818161], [-155.94418335, 131.721237183, -117.031013489, 22.2489242554, -5.87788963318, -1.53926169872, 14.1149377823, 40.8499298096, 32.0416526794, 9.79511070251, 54.9669494629, 15.3896818161, 123.251464844]],
        "icov": [[0.000165864083101, 2.56830917351e-05, -2.8996841138e-05, -0.000148110164446, 0.000224766568863, -0.000286151131149, 0.000297899765428, -0.000340918311849, -4.02225450671e-05, 0.000230342076975, 0.000202804978471, -0.000111003129859, 0.000183202180779], [2.56830917351e-05, 0.00102124188561, -5.66674752918e-05, 0.000586333801039, -0.00018397605163, 0.000130319807795, -0.000138203278766, 0.000396408024244, -0.000685346778482, 0.00147915235721, -0.00218730256893, 0.0020606899634, -0.000562487519346], [-2.8996841138e-05, -5.66674752918e-05, 0.00120580533985, -0.000346108718077, -0.000481423310703, -0.000282950903056, 0.00073360191891, -0.00078885233961, 0.000937937875278, -0.00117690430488, 0.00082998292055, -0.00142439280171, 0.00103964901064], [-0.000148110164446, 0.000586333801039, -0.000346108718077, 0.00160311779473, -0.00100320158526, -0.00022117178014, -0.000193922955077, 0.000598076963797, -0.00125363946427, 0.00280183088034, -0.0016815518029, 0.000962122576311, -0.000925640342757], [0.000224766568863, -0.00018397605163, -0.000481423310703, -0.00100320158526, 0.00422698119655, -5.38980966667e-05, -0.00179633358493, 0.00020576879615, 0.000192999039427, -0.00176642998122, 0.000522292626556, 0.000688855536282, 0.00031467230292], [-0.000286151131149, 0.000130319807795, -0.000282950903056, -0.00022117178014, -5.38980966667e-05, 0.00607838807628, -0.00400914438069, -2.38843385887e-05, 0.00149410986342, -0.00305990339257, 0.00116418488324, 0.0013876138255, -0.0010273877997], [0.000297899765428, -0.000138203278766, 0.00073360191891, -0.000193922955077, -0.00179633358493, -0.00400914438069, 0.00845157634467, -0.00247686868533, -0.00346061820164, 0.00250015058555, 0.000450655934401, -0.00277590961196, 0.0018200945342], [-0.000340918311849, 0.000396408024244, -0.00078885233961, 0.000598076963797, 0.00020576879615, -2.38843385887e-05, -0.00247686868533, 0.00894560851157, -0.00187939230818, -0.000931274902541, -0.00148346379865, 0.0020268894732, -0.00341262598522], [-4.02225450671e-05, -0.000685346778482, 0.000937937875278, -0.00125363946427, 0.000192999039427, 0.00149410986342, -0.00346061820164, -0.00187939230818, 0.0121232867241, -0.00707507366315, 0.0021506100893, -0.00203453213908, -0.000448958220659], [0.000230342076975, 0.00147915235721, -0.00117690430488, 0.00280183088034, -0.00176642998122, -0.00305990339257, 0.00250015058555, -0.000931274902541, -0.00707507366315, 0.0168707240373, -0.00953928660601, 0.00101819389965, 0.00161292322446], [0.000202804978471, -0.00218730256893, 0.00082998292055, -0.0016815518029, 0.000522292626556, 0.00116418488324, 0.000450655934401, -0.00148346379865, 0.0021506100893, -0.00953928660601, 0.0181279927492, -0.00607462786138, -0.00296172779053], [-0.000111003129859, 0.0020606899634, -0.00142439280171, 0.000962122576311, 0.000688855536282, 0.0013876138255, -0.00277590961196, 0.0020268894732, -0.00203453213908, 0.00101819389965, -0.00607462786138, 0.0140312667936, -0.00276750745252], [0.000183202180779, -0.000562487519346, 0.00103964901064, -0.000925640342757, 0.00031467230292, -0.0010273877997, 0.0018200945342, -0.00341262598522, -0.000448958220659, 0.00161292322446, -0.00296172779053, -0.00276750745252, 0.0126804541796]]
    },
    "melbands": {
        "dmean": [0.0029463628307, 0.00228481413797, 0.00165152631234, 0.000720687559806, 0.000292878627079, 0.000206116601476, 0.000181425450137, 0.000194880223717, 0.000120725664601, 9.52814079938e-05, 0.000103322970972, 7.39696624805e-05, 4.60398987343e-05, 2.86058366328e-05, 2.37856347667e-05, 1.95289976546e-05, 2.27222117246e-05, 1.94862750504e-05, 1.82442327059e-05, 1.08864551294e-05, 1.17732761282e-05, 1.01557398011e-05, 7.88320085121e-06, 7.61215187595e-06, 6.13011980022e-06, 6.03578564551e-06, 5.03179990119e-06, 5.97359667154e-06, 5.31032219442e-06, 5.0740873121e-06, 4.76410014016e-06, 3.88606895285e-06, 4.79694108435e-06, 3.03861952489e-06, 3.19383775604e-06, 2.69038127954e-06, 3.04478362523e-06, 3.47325430994e-06, 2.69217503046e-06, 2.4295318326e-06],
        "dmean2": [0.00383747345768, 0.00310911913402, 0.0029308097437, 0.00124316872098, 0.000488211924676, 0.000319496495649, 0.000286407128442, 0.000316310062772, 0.000196637687623, 0.000143098353874, 0.000156866328325, 0.000116652168799, 7.33465203666e-05, 4.21807308157e-05, 3.96269097109e-05, 3.03922479361e-05, 3.59056684829e-05, 3.11394578603e-05, 2.95209028991e-05, 1.85069056897e-05, 2.01237162401e-05, 1.65527599165e-05, 1.29348318296e-05, 1.2594108739e-05, 9.7776446637e-06, 9.78362186288e-06, 8.257713489e-06, 9.98227733362e-06, 8.74844226928e-06, 8.58937164594e-06, 7.92054288468e-06, 6.4251898948e-06, 7.71979648562e-06, 4.99013140143e-06, 5.1865763453e-06, 4.25313783126e-06, 5.03809496877e-06, 5.92939886701e-06, 4.51938558399e-06, 3.94611743104e-06],
        "dvar": [3.40896804119e-05, 2.74112517218e-05, 1.86022389244e-05, 2.9001466828e-06, 3.69653434973e-07, 1.84727042551e-07, 1.13901940324e-07, 1.59580935133e-07, 7.07060934246e-08, 7.20342541172e-08, 6.80821585775e-08, 3.672689175e-08, 2.42189646116e-08, 1.1042358139e-08, 2.26562879568e-09, 2.41520958788e-09, 2.86523604842e-09, 2.3897057666e-09, 3.48929729554e-09, 4.90130491748e-10, 4.91940099767e-10, 3.34610117392e-10, 1.83301984702e-10, 2.10831962999e-10, 1.32441779765e-10, 8.89147436234e-11, 6.89685045185e-11, 9.99154717296e-11, 6.79407710646e-11, 6.33576038855e-11, 5.19636868257e-11, 4.14625347944e-11, 7.40121783305e-11, 2.64266421246e-11, 2.80646443584e-11, 1.96299400346e-11, 3.02830226173e-11, 5.62603713616e-11, 4.18248630174e-11, 8.2936310597e-11],
        "dvar2": [4.51852865808e-05, 5.12418773724e-05, 5.00998285133e-05, 7.65299046179e-06, 9.56896883508e-07, 4.02449245485e-07, 2.5845821483e-07, 3.86843026945e-07, 1.61686585898e-07, 1.42248453017e-07, 1.50979943214e-07, 8.76536176975e-08, 5.75242466994e-08, 1.70276326372e-08, 5.58006441054e-09, 5.22435339434e-09, 5.49465895006e-09, 5.74181191482e-09, 8.23877499556e-09, 1.1851233328e-09, 1.2891556711e-09, 8.08544231568e-10, 4.50850440314e-10, 5.34693900267e-10, 3.03721520156e-10, 2.25722898706e-10, 1.72937442144e-10, 2.61397514745e-10, 1.72666436704e-10, 1.75710751504e-10, 1.40452441344e-10, 1.10701066369e-10, 1.97557553649e-10, 6.82905398897e-11, 6.74088423969e-11, 4.51326719053e-11, 7.6865826204e-11, 1.34963137888e-10, 1.02391949086e-10, 2.00545427487e-10],
        "max": [0.0713137611747, 0.0410418696702, 0.0311842504889, 0.016746442765, 0.00934053305537, 0.00965777412057, 0.0085557224229, 0.00712395971641, 0.00744295166805, 0.00712085096166, 0.00519461138174, 0.00371969374828, 0.00491866329685, 0.00564825208858, 0.00106009538285, 0.00163116073236, 0.00196005613543, 0.00306566827931, 0.00283938553184, 0.000641320832074, 0.000610594113823, 0.000355741212843, 0.000345767446561, 0.000596670608502, 0.000307178968797, 0.000174018714461, 0.00024561752798, 0.000298728409689, 0.000263435125817, 0.00011735240696, 9.35048374231e-05, 0.000137997441925, 0.000284846522845, 0.00020182596927, 0.000134795540362, 0.000111295041279, 0.000139727504575, 0.000284502282739, 0.000266468705377, 0.000604033877607],
        "mean": [0.00686244061217, 0.00306372181512, 0.00121703941841, 0.000690462940838, 0.000527520955075, 0.000417187577114, 0.000314606906613, 0.000314069562592, 0.000217508815695, 0.000170742670889, 0.000168245809618, 0.000110332905024, 7.28837476345e-05, 5.53917270736e-05, 3.38514073519e-05, 3.17916092172e-05, 3.54742005584e-05, 2.84756897599e-05, 2.64161408268e-05, 1.37904507937e-05, 1.48466660903e-05, 1.46032516568e-05, 1.16630917546e-05, 1.16241853902e-05, 1.06122615762e-05, 1.06838551801e-05, 8.69051564223e-06, 1.02090934888e-05, 1.03616530396e-05, 8.68897132023e-06, 8.97857626114e-06, 7.58182432037e-06, 9.81374796538e-06, 7.0378705459e-06, 7.30518286218e-06, 6.01780311626e-06, 5.69414532947e-06, 5.84530744163e-06, 5.09035317009e-06, 4.76369177704e-06],
        "median": [0.000788768345956, 0.000450986146461, 0.000120485310617, 9.41477628658e-05, 5.47364106751e-05, 6.79711956764e-05, 8.23137306725e-05, 5.53918580408e-05, 2.94195451715e-05, 2.05115557037e-05, 2.66996139544e-05, 2.12121085497e-05, 1.39214553201e-05, 1.08373287731e-05, 9.73115493252e-06, 8.96899746294e-06, 9.30717851588e-06, 7.58689748181e-06, 6.4389992076e-06, 4.7585235734e-06, 5.06457081428e-06, 5.57166458748e-06, 4.87585839437e-06, 4.71439716421e-06, 5.39463417226e-06, 5.47609306523e-06, 4.40596204498e-06, 4.5955243877e-06, 4.56019915873e-06, 3.64021343557e-06, 3.10207065013e-06, 2.74159856417e-06, 2.98350369121e-06, 2.63059678218e-06, 2.52707513937e-06, 2.68637495537e-06, 2.56183102465e-06, 2.79797041003e-06, 2.95581867249e-06, 2.76484365713e-06],
        "min": [6.15950443963e-24, 2.88680611151e-24, 5.52295837571e-24, 4.41587492562e-24, 4.83026908116e-24, 6.06652377131e-24, 1.1861743289e-23, 8.8652243749e-24, 4.73931854639e-24, 5.44529344187e-24, 4.38347680268e-24, 3.70205678059e-24, 4.27608561778e-24, 9.64810255902e-24, 8.83142720714e-24, 4.95956062252e-24, 5.86497612091e-24, 6.68732377713e-24, 3.92731877309e-24, 4.80182709566e-24, 8.80638718428e-24, 7.61216379203e-24, 7.20534585662e-24, 1.25886123488e-23, 8.04526815052e-24, 8.03238131877e-24, 6.14731022775e-24, 1.03701169689e-23, 8.63757331715e-24, 9.09213863657e-24, 9.42715839668e-24, 8.30879108021e-24, 8.06248030661e-24, 6.45415897608e-24, 7.72810583471e-24, 7.59663427625e-24, 1.06527887082e-23, 8.96550910634e-24, 1.00184869535e-23, 7.51167632334e-24],
        "var": [0.000147336453665, 4.40349067503e-05, 1.26142977024e-05, 2.38533971242e-06, 1.13729151963e-06, 7.3750214824e-07, 3.18570130275e-07, 3.58896301123e-07, 2.48251268431e-07, 2.25768161499e-07, 1.48022834878e-07, 6.34390460164e-08, 4.60038194205e-08, 5.42617932808e-08, 5.15385423228e-09, 6.93637725036e-09, 9.54224876892e-09, 5.52225154493e-09, 7.12457071117e-09, 7.02173375e-10, 6.80715317447e-10, 6.5544342176e-10, 3.5840777568e-10, 4.36282676652e-10, 3.39291816864e-10, 2.14166420709e-10, 1.4647046076e-10, 2.050996456e-10, 1.96373001193e-10, 1.20444640372e-10, 1.36811978413e-10, 1.06994739457e-10, 2.20870599588e-10, 1.01371952499e-10, 1.11748346687e-10, 6.95282373342e-11, 6.37640287793e-11, 8.33593055694e-11, 6.05038311119e-11, 9.53738199527e-11]
    },
    "mfcc": {
        "mean": [-648.566040039, 79.3819274902, 24.4143009186, 16.4526882172, 5.05358695984, 4.34978437424, 5.60818576813, 1.23820829391, 3.50386023521, 5.80810546875, 4.15883302689, 4.60509204865, 4.50299358368],
        "cov": [[10060.9335938, -1363.56408691, 650.627990723, 844.991027832, 429.156005859, 108.72013092, 86.602180481, 497.583404541, 259.489654541, -31.7216186523, -265.148254395, -275.065429688, -580.155151367], [-1363.56408691, 2184.48535156, -427.997650146, -705.052368164, -310.807830811, -496.308837891, -141.024307251, -387.848449707, -276.558380127, -20.0178985596, -60.5971717834, -33.0458641052, -9.96144008636], [650.627990723, -427.997650146, 952.796875, 311.631134033, 276.469573975, 139.247970581, 112.823974609, 114.48147583, 69.1047515869, -27.8374423981, 34.7041931152, 56.2307548523, 17.1011810303], [844.991027832, -705.052368164, 311.631134033, 905.659729004, 398.442626953, 260.102966309, 131.583908081, 232.263092041, 163.094451904, -14.7766265869, -24.196647644, -0.349591851234, -19.5514507294], [429.156005859, -310.807830811, 276.469573975, 398.442626953, 364.11050415, 161.132522583, 108.837684631, 85.9807052612, 92.161491394, 21.8306522369, -1.70062673092, 13.70013237, 9.64856815338], [108.72013092, -496.308837891, 139.247970581, 260.102966309, 161.132522583, 426.552429199, 163.587310791, 202.372009277, 141.78616333, 97.4596328735, 100.013999939, 32.6442680359, 74.4157409668], [86.602180481, -141.024307251, 112.823974609, 131.583908081, 108.837684631, 163.587310791, 217.10697937, 131.208267212, 100.989898682, 80.621711731, 50.5022773743, 19.8197174072, 30.4883537292], [497.583404541, -387.848449707, 114.48147583, 232.263092041, 85.9807052612, 202.372009277, 131.208267212, 274.686706543, 153.697494507, 75.3112487793, 58.4620742798, 9.27592372894, 15.7611207962], [259.489654541, -276.558380127, 69.1047515869, 163.094451904, 92.161491394, 141.78616333, 100.989898682, 153.697494507, 199.857543945, 108.605766296, 50.8719711304, 30.4757900238, 31.8271579742], [-31.7216186523, -20.0178985596, -27.8374423981, -14.7766265869, 21.8306522369, 97.4596328735, 80.621711731, 75.3112487793, 108.605766296, 168.587814331, 89.7265090942, 43.0047798157, 60.3368797302], [-265.148254395, -60.5971717834, 34.7041931152, -24.196647644, -1.70062673092, 100.013999939, 50.5022773743, 58.4620742798, 50.8719711304, 89.7265090942, 143.167098999, 87.0118560791, 84.635597229], [-275.065429688, -33.0458641052, 56.2307548523, -0.349591851234, 13.70013237, 32.6442680359, 19.8197174072, 9.27592372894, 30.4757900238, 43.0047798157, 87.0118560791, 138.745071411, 96.7525177002], [-580.155151367, -9.96144008636, 17.1011810303, -19.5514507294, 9.64856815338, 74.4157409668, 30.4883537292, 15.7611207962, 31.8271579742, 60.3368797302, 84.635597229, 96.7525177002, 173.290359497]],
