{
"lowlevel": {
    "average_loudness": 0.807187318802,
    "barkbands_crest": {
        "dmean": 2.76703381538,
        "dmean2": 3.97326850891,
        "dvar": 8.38227462769,
        "dvar2": 18.900680542,
        "max": 26.4783267975,
        "mean": 11.0100288391,
        "median": 10.1412172318,
        "min": 1.94463920593,
        "var": 30.1870288849
    },
    "barkbands_flatness_db": {
        "dmean": 0.0261949449778,
        "dmean2": 0.0358322486281,
        "dvar": 0.00105761189479,
        "dvar2": 0.00218988629058,
        "max": 0.584608316422,
        "mean": 0.129383668303,
        "median": 0.105552829802,
        "min": 0.0156529285014,
        "var": 0.00665693497285
    },
    "barkbands_kurtosis": {
        "dmean": 4.45637798309,
        "dmean2": 6.32444286346,
        "dvar": 188.64680481,
        "dvar2": 386.973754883,
        "max": 412.462615967,
        "mean": 4.39869594574,
        "median": 0.0636172294617,
        "min": -1.92386043072,
        "var": 294.205810547
    },
    "barkbands_skewness": {
        "dmean": 0.765022695065,
        "dmean2": 1.02402508259,
        "dvar": 1.11333417892,
        "dvar2": 2.22489833832,
        "max": 19.5872898102,
        "mean": 1.24926269054,
        "median": 0.95195376873,
        "min": -3.28181815147,
        "var": 3.54851365089
    },
    "barkbands_spread": {
        "dmean": 11.2900657654,
        "dmean2": 16.3931713104,
        "dvar": 165.562942505,
        "dvar2": 377.369781494,
        "max": 124.506858826,
        "mean": 43.0508422852,
        "median": 41.9746017456,
        "min": 0.238206624985,
        "var": 618.864868164
    },
    "dissonance": {
        "dmean": 0.0122476238757,
        "dmean2": 0.0205871146172,
        "dvar": 0.000264577538474,
        "dvar2": 0.000718773982953,
        "max": 0.5,
        "mean": 0.477570146322,
        "median": 0.486512452364,
        "min": 0.157719314098,
        "var": 0.000892787647899
    },
    "dynamic_complexity": 3.97987031937,
    "erbbands_crest": {
        "dmean": 2.29227685928,
        "dmean2": 3.74002671242,
        "dvar": 5.7729268074,
        "dvar2": 14.2521791458,
        "max": 33.7046852112,
        "mean": 7.49757528305,
        "median": 6.240254879,
        "min": 2.27231669426,
        "var": 17.1829738617
    },
    "erbbands_flatness_db": {
        "dmean": 0.0152670433745,
        "dmean2": 0.0223454851657,
        "dvar": 0.000227665965213,
        "dvar2": 0.000477275956655,
        "max": 0.572655498981,
        "mean": 0.141751259565,
        "median": 0.121446177363,
        "min": 0.0513050071895,
        "var": 0.00530052185059
    },
    "erbbands_kurtosis": {
        "dmean": 1.05382490158,
        "dmean2": 1.58772301674,
        "dvar": 2.76085782051,
        "dvar2": 5.88221549988,
        "max": 68.235824585,
        "mean": 0.505414962769,
        "median": -0.144061565399,
        "min": -1.90890622139,
        "var": 5.92339468002
    },
    "erbbands_skewness": {
        "dmean": 0.404983788729,
        "dmean2": 0.589692652225,
        "dvar": 0.160208806396,
        "dvar2": 0.346970975399,
        "max": 6.9741601944,
        "mean": -0.295068174601,
        "median": -0.29957228899,
        "min": -5.21547603607,
        "var": 0.811691701412
    },
    "erbbands_spread": {
        "dmean": 11.9479312897,
        "dmean2": 17.6993484497,
        "dvar": 248.91204834,
        "dvar2": 472.100128174,
        "max": 179.049224854,
        "mean": 46.6963920593,
        "median": 42.187702179,
        "min": 0.740202784538,
        "var": 672.284057617
    },
    "hfc": {
        "dmean": 18.7192630768,
        "dmean2": 29.2779102325,
        "dvar": 979.330383301,
        "dvar2": 2529.04052734,
        "max": 361.11138916,
        "mean": 45.6789054871,
        "median": 30.2753944397,
        "min": 1.62735491749e-09,
        "var": 2229.33666992
    },
    "melbands_crest": {
        "dmean": 3.80828118324,
        "dmean2": 5.76572990417,
        "dvar": 17.9267196655,
        "dvar2": 41.8632545471,
        "max": 38.1729049683,
        "mean": 19.9612045288,
        "median": 19.6364517212,
        "min": 2.04741072655,
        "var": 87.9300918579
    },
    "melbands_flatness_db": {
        "dmean": 0.0339463837445,
        "dmean2": 0.046420186758,
        "dvar": 0.00184340169653,
        "dvar2": 0.00397726055235,
        "max": 0.710307836533,
        "mean": 0.177764624357,
        "median": 0.157396048307,
        "min": 0.00660410756245,
        "var": 0.0106038982049
    },
    "melbands_kurtosis": {
        "dmean": 20.4388484955,
        "dmean2": 28.8061389923,
        "dvar": 3600.79345703,
        "dvar2": 7454.79882812,
        "max": 875.259277344,
        "mean": 27.477399826,
        "median": 6.66914081573,
        "min": -1.81744086742,
        "var": 5570.21142578
    },
    "melbands_skewness": {
        "dmean": 1.27161538601,
        "dmean2": 1.73223853111,
        "dvar": 4.36273384094,
        "dvar2": 8.97409820557,
        "max": 26.1599845886,
        "mean": 3.35105133057,
        "median": 2.4185833931,
        "min": -2.34242987633,
        "var": 11.7233791351
    },
    "melbands_spread": {
        "dmean": 15.787771225,
        "dmean2": 23.8374729156,
        "dvar": 471.888061523,
        "dvar2": 1092.63366699,
        "max": 232.266677856,
        "mean": 45.8326148987,
        "median": 35.7263526917,
        "min": 0.325143605471,
        "var": 1445.98156738
    },
    "pitch_salience": {
        "dmean": 0.086765691638,
        "dmean2": 0.128173708916,
        "dvar": 0.00958960969001,
        "dvar2": 0.0214255284518,
        "max": 0.867584526539,
        "mean": 0.479311257601,
        "median": 0.49568554759,
        "min": 0.0324020385742,
        "var": 0.029629195109
    },
    "silence_rate_20dB": {
        "dmean": 0,
        "dmean2": 0,
        "dvar": 0,
        "dvar2": 0,
        "max": 1,
        "mean": 1,
        "median": 1,
        "min": 1,
        "var": 0
    },
    "silence_rate_30dB": {
        "dmean": 0.0346288457513,
        "dmean2": 0.0692640691996,
        "dvar": 0.0334298945963,
        "dvar2": 0.0727678388357,
        "max": 1,
        "mean": 0.957546710968,
        "median": 1,
        "min": 0,
        "var": 0.0406497307122
    },
    "silence_rate_60dB": {
        "dmean": 0.00976238679141,
        "dmean2": 0.019526572898,
        "dvar": 0.0096667194739,
        "dvar2": 0.0233823917806,
        "max": 1,
        "mean": 0.125518009067,
        "median": 0,
        "min": 0,
        "var": 0.109756924212
    },
    "spectral_centroid": {
        "dmean": 369.981689453,
        "dmean2": 551.611022949,
        "dvar": 214723.921875,
        "dvar2": 412865.03125,
        "max": 11030.4736328,
        "mean": 2442.28173828,
        "median": 2611.66845703,
        "min": 188.517715454,
        "var": 1030277.0625
    },
    "spectral_complexity": {
        "dmean": 5.45570087433,
        "dmean2": 8.43437385559,
        "dvar": 49.1450843811,
        "dvar2": 111.975212097,
        "max": 61,
        "mean": 21.1338977814,
        "median": 19,
        "min": 0,
        "var": 209.352706909
    },
    "spectral_decrease": {
        "dmean": 2.4727089265e-09,
        "dmean2": 3.01317104601e-09,
        "dvar": 1.80128223309e-17,
        "dvar2": 2.65019503101e-17,
        "max": -5.40041139946e-21,
        "mean": -7.56449125561e-09,
        "median": -4.22462376193e-09,
        "min": -4.8293326671e-08,
        "var": 7.20733187978e-17
    },
    "spectral_energy": {
        "dmean": 0.00991484057158,
        "dmean2": 0.0123870698735,
        "dvar": 0.000259653694229,
        "dvar2": 0.000404228863772,
        "max": 0.184702962637,
        "mean": 0.0326933041215,
        "median": 0.0217562746257,
        "min": 1.67988439457e-13,
        "var": 0.00110931100789
    },
    "spectral_energyband_high": {
        "dmean": 0.00188226101454,
        "dmean2": 0.00297235883772,
        "dvar": 9.7736965472e-06,
        "dvar2": 2.52795689448e-05,
        "max": 0.0400909483433,
        "mean": 0.00434486288577,
        "median": 0.00238936743699,
        "min": 1.29064497262e-13,
        "var": 2.47372499871e-05
    },
    "spectral_energyband_low": {
        "dmean": 0.00839082244784,
        "dmean2": 0.0102361459285,
        "dvar": 0.000331317831296,
        "dvar2": 0.000548770069145,
        "max": 0.18031218648,
        "mean": 0.0194585267454,
        "median": 0.00587975326926,
        "min": 4.81751640465e-15,
        "var": 0.000917342549656
    },
    "spectral_energyband_middle_high": {
        "dmean": 0.00193766853772,
        "dmean2": 0.00313115562312,
        "dvar": 1.24254875118e-05,
        "dvar2": 3.42991042999e-05,
        "max": 0.0405731126666,
        "mean": 0.00423432188109,
        "median": 0.00273414887488,
        "min": 2.81870575871e-14,
        "var": 2.13743296626e-05
    },
    "spectral_energyband_middle_low": {
        "dmean": 0.00450144195929,
        "dmean2": 0.00788321252912,
        "dvar": 0.000166916142916,
        "dvar2": 0.000467219244456,
        "max": 0.104543209076,
        "mean": 0.00504944520071,
        "median": 0.00247586425394,
        "min": 4.18995350568e-15,
        "var": 0.000106238236185
    },
    "spectral_entropy": {
        "dmean": 0.141606926918,
        "dmean2": 0.211694657803,
        "dvar": 0.0255489721894,
        "dvar2": 0.0562039799988,
        "max": 9.81642436981,
        "mean": 7.9842915535,
        "median": 8.15790367126,
        "min": 3.92897200584,
        "var": 0.407647579908
    },
    "spectral_flux": {
        "dmean": 0.0273132547736,
        "dmean2": 0.0367006398737,
        "dvar": 0.00173625641037,
        "dvar2": 0.00248973444104,
        "max": 0.451799929142,
        "mean": 0.0923096165061,
        "median": 0.0791869238019,
        "min": 1.83653514796e-06,
        "var": 0.00578130874783
    },
    "spectral_kurtosis": {
        "dmean": 2.19530940056,
        "dmean2": 3.71596908569,
        "dvar": 92.7803344727,
        "dvar2": 250.719161987,
        "max": 386.993408203,
        "mean": 6.10960578918,
        "median": 1.98017168045,
        "min": -1.17826581001,
        "var": 558.405029297
    },
    "spectral_rms": {
        "dmean": 0.000758575566579,
        "dmean2": 0.000976448063739,
        "dvar": 1.07236769509e-06,
        "dvar2": 1.8215982891e-06,
        "max": 0.0134237855673,
        "mean": 0.00491232937202,
        "median": 0.00460712844506,
        "min": 1.28019985723e-08,
        "var": 7.7649292507e-06
    },
    "spectral_rolloff": {
        "dmean": 1361.49645996,
        "dmean2": 2154.4921875,
        "dvar": 3853878.75,
        "dvar2": 8923081,
        "max": 16903.5644531,
        "mean": 3658.15087891,
        "median": 2906.98242188,
        "min": 43.06640625,
        "var": 11529855
    },
    "spectral_skewness": {
        "dmean": 0.207783937454,
        "dmean2": 0.334615558386,
        "dvar": 0.157103970647,
        "dvar2": 0.435730785131,
        "max": 15.6100292206,
        "mean": 1.35623216629,
        "median": 1.12821662426,
        "min": 0.00626043509692,
        "var": 1.65810525417
    },
    "spectral_spread": {
        "dmean": 784567.0625,
        "dmean2": 1125197.75,
        "dvar": 898307981312,
        "dvar2": 1.74430329242e+12,
        "max": 39411716,
        "mean": 5968683.5,
        "median": 5921996,
        "min": 266657.53125,
        "var": 4.98010947584e+12
    },
    "spectral_strongpeak": {
        "dmean": 0.365174621344,
        "dmean2": 0.611909747124,
        "dvar": 0.833158373833,
        "dvar2": 2.21971511841,
        "max": 15.2612085342,
        "mean": 0.572853028774,
        "median": 0.28596791625,
        "min": 0,
        "var": 0.945015788078
    },
    "zerocrossingrate": {
        "dmean": 0.0230099279433,
        "dmean2": 0.0245296452194,
        "dvar": 0.000605069100857,
        "dvar2": 0.000688203668687,
        "max": 0.728515625,
        "mean": 0.116531088948,
        "median": 0.0986328125,
        "min": 0.0029296875,
        "var": 0.00679476186633
    },
    "barkbands": {
        "dmean": [0.000999981421046, 0.00714963627979, 0.00297420402057, 0.00152755074669, 0.00141318060923, 0.000489599478897, 0.00114970933646, 0.000327034736983, 0.000446019315859, 0.000196370965568, 0.000235095445532, 0.000210495854844, 0.000204843527172, 0.000283743516775, 0.000312040530844, 0.000302493426716, 0.000280847976683, 0.000343231484294, 0.00032451399602, 0.000380742450943, 0.000433209643234, 0.000371982343495, 0.0003449524811, 0.000325078406604, 0.00031371039222, 0.000301104591927, 6.40390790068e-05],
        "dmean2": [0.00131607009098, 0.00891446694732, 0.00530693680048, 0.00290725473315, 0.00254759774543, 0.000783199153375, 0.00199681334198, 0.000526911753695, 0.000693271285854, 0.000333828589646, 0.000374137307517, 0.000351285591023, 0.000344507716363, 0.000493688276038, 0.000507499848027, 0.000503513205331, 0.000467701000161, 0.000561372493394, 0.000534943188541, 0.000627363100648, 0.000711238768417, 0.000610100862104, 0.000553136283997, 0.00050894060405, 0.000509941659402, 0.000465014571091, 0.000104317507066],
        "dvar": [3.64182164958e-06, 0.00028136104811, 0.000141606273246, 4.66012243123e-05, 2.86903050437e-05, 7.93741037342e-07, 3.55723313987e-05, 4.91670277825e-07, 7.85841280049e-07, 2.04827728112e-07, 2.32532386235e-07, 2.41045228222e-07, 2.0720494831e-07, 5.66328481e-07, 4.28340229064e-07, 3.9132342522e-07, 3.33704946343e-07, 4.05693356242e-07, 2.83327636907e-07, 3.88820780017e-07, 5.80651260407e-07, 3.83433814477e-07, 2.83740661189e-07, 3.04885048763e-07, 3.25458074713e-07, 3.06048093535e-07, 2.20308358223e-08],
        "dvar2": [6.12863595961e-06, 0.000519718276337, 0.000387510401197, 0.00013603970001, 8.23737791507e-05, 1.88391447864e-06, 9.80635813903e-05, 1.18931393445e-06, 1.88762419384e-06, 5.41956524103e-07, 5.32520118668e-07, 6.25224970463e-07, 5.55237306799e-07, 1.59942067057e-06, 1.02594697182e-06, 9.75274133452e-07, 8.39319113766e-07, 1.05900187464e-06, 7.60356272167e-07, 1.01968976196e-06, 1.56672410867e-06, 1.03268018847e-06, 7.2307489063e-07, 7.45357851883e-07, 8.21698279196e-07, 7.15649150607e-07, 5.58483499447e-08],
        "max": [0.0298297442496, 0.173802942038, 0.0986509993672, 0.0596241354942, 0.0562904290855, 0.0202651433647, 0.0877002850175, 0.0221925228834, 0.016513472423, 0.0109973996878, 0.0110028898343, 0.0108984960243, 0.0116765145212, 0.00787428487092, 0.0141652533785, 0.0145375244319, 0.0189338885248, 0.0100734122097, 0.0122605254874, 0.00959043204784, 0.01073156856, 0.00914615672082, 0.00649577239528, 0.00742159597576, 0.00571327889338, 0.00570005085319, 0.00204627308995],
        "mean": [0.00280918949284, 0.0142550533637, 0.00204994529486, 0.000913057418074, 0.00111226085573, 0.000716508366168, 0.00103099900298, 0.000472719635582, 0.000747109355871, 0.00023487432918, 0.000352077826392, 0.000278034684015, 0.000290725991363, 0.000317093799822, 0.000436297385022, 0.000423242396209, 0.000403192796512, 0.00057628826471, 0.000577833736315, 0.00069496082142, 0.000838026986457, 0.000785542652011, 0.000689882552251, 0.000646204454824, 0.000536332314368, 0.000432899454609, 7.29864623281e-05],
        "median": [0.000321272644214, 0.00431875884533, 0.000113324473205, 4.55186382169e-05, 0.000187623823876, 0.000280452019069, 0.000226237636525, 0.000127237377455, 0.000307352747768, 6.44809770165e-05, 8.77683487488e-05, 8.24823000585e-05, 9.46169311646e-05, 8.48770869197e-05, 0.000136144444696, 0.000160967785632, 0.000174263608642, 0.000244541239226, 0.000301521242363, 0.000346136774169, 0.000343635620084, 0.000323319865856, 0.000409943517298, 0.000308811169816, 0.000200432958081, 0.000104327060399, 5.98507267568e-06],
        "min": [2.76252765374e-15, 1.22739510392e-15, 9.93100602635e-16, 6.49612437139e-16, 6.14764019381e-16, 5.39581374983e-16, 4.93994326459e-16, 3.389611185e-16, 1.52234574044e-15, 1.87306102927e-16, 2.05700415993e-16, 2.09062406228e-15, 1.52182396815e-15, 7.11541662891e-16, 5.7050044925e-15, 4.0391850292e-15, 2.17484158361e-15, 6.55662369965e-15, 2.31822012114e-15, 4.82538322315e-15, 1.05593227846e-14, 8.8036191496e-15, 1.02626359423e-14, 1.47657917387e-14, 1.76631407796e-14, 2.64512583793e-14, 3.87589334e-14],
        "var": [2.07538123504e-05, 0.000592066848185, 9.08215442905e-05, 2.50587436312e-05, 1.68341466633e-05, 1.35346363095e-06, 2.28416083701e-05, 9.92082959783e-07, 1.65260826179e-06, 2.40221453396e-07, 6.60985165268e-07, 3.48486508983e-07, 3.01196394048e-07, 4.5636349455e-07, 8.25221889045e-07, 6.04122590175e-07, 4.85066436795e-07, 9.21615708194e-07, 5.37068160611e-07, 8.25833183171e-07, 1.16964349672e-06, 9.55499558586e-07, 6.50414733627e-07, 7.29062435312e-07, 6.38202891423e-07, 5.18384467796e-07, 2.59107544309e-08]
    },
    "erbbands": {
        "dmean": [0.264670610428, 1.55564010143, 3.34878230095, 4.46037578583, 5.30948162079, 4.1856045723, 4.1512298584, 3.88207817078, 11.967168808, 13.9779205322, 8.05649662018, 9.61155033112, 7.6618142128, 8.13894176483, 8.13102912903, 7.9162607193, 8.81390190125, 12.5587511063, 14.3901252747, 16.7266407013, 15.2596731186, 16.1145343781, 17.7796993256, 17.4014110565, 16.7461109161, 17.5117321014, 16.7180366516, 17.2364463806, 12.7485780716, 12.3545084, 9.95888328552, 7.55642223358, 5.19779253006, 3.79499030113, 2.31583738327, 1.37502658367, 0.539677143097, 0.128410160542, 0.0103014148772, 0.000166839250596],
        "dmean2": [0.320433199406, 2.11780667305, 5.57483911514, 8.20124721527, 9.94731330872, 7.52488040924, 6.77135801315, 6.38710355759, 20.6884460449, 24.0032100677, 12.8790063858, 15.0723867416, 12.3154592514, 13.2785367966, 13.2473735809, 13.2733001709, 14.7165956497, 21.4713745117, 24.4790973663, 27.0678253174, 25.3524589539, 26.7094497681, 29.240480423, 28.5223007202, 27.8008537292, 28.7889614105, 27.6704692841, 28.0170516968, 20.8184738159, 20.2897052765, 16.0204410553, 12.1004238129, 8.18678665161, 6.18845701218, 3.73329234123, 2.14951658249, 0.840190768242, 0.204600170255, 0.0168066620827, 0.00026675243862],
        "dvar": [0.234364628792, 20.9408588409, 160.36151123, 347.657409668, 534.470336914, 231.412689209, 86.5153961182, 53.1287460327, 3063.84960938, 4517.64794922, 257.409484863, 445.547119141, 248.322509766, 355.28036499, 244.704086304, 309.58972168, 341.379089355, 902.034729004, 1144.19897461, 1328.27478027, 980.957336426, 1025.20874023, 1218.18151855, 941.122924805, 812.845153809, 883.251220703, 940.725891113, 900.815368652, 449.702514648, 428.788970947, 236.414001465, 180.52633667, 76.840057373, 50.8535079956, 17.7221698761, 6.0762090683, 1.02966630459, 0.074202299118, 0.000620392733254, 1.38748617928e-07],
        "dvar2": [0.342806518078, 41.0481529236, 406.114624023, 988.815673828, 1551.69995117, 661.472412109, 217.932693481, 131.434082031, 8502.65917969, 12325.9179688, 629.444458008, 1090.43432617, 625.530151367, 875.949707031, 616.602355957, 811.914550781, 908.563964844, 2487.08496094, 3111.20092773, 3142.90869141, 2471.74804688, 2626.84838867, 3187.03295898, 2412.07958984, 2203.40161133, 2320.18383789, 2609.17651367, 2372.67773438, 1223.42871094, 1158.85046387, 594.342285156, 458.013366699, 187.21572876, 133.161071777, 44.2135314941, 14.5761356354, 2.37686777115, 0.180740356445, 0.00160258181859, 3.5381472685e-07],
        "max": [5.70845651627, 43.8259735107, 109.777313232, 181.288787842, 234.135299683, 194.541595459, 225.403839111, 186.351394653, 800.20111084, 970.998596191, 455.282226562, 481.510437012, 302.062408447, 546.454406738, 376.367828369, 413.520233154, 518.921569824, 360.747741699, 686.644958496, 871.297119141, 978.488464355, 631.664672852, 687.651000977, 916.94342041, 413.366088867, 604.109863281, 497.509460449, 492.390625, 349.115692139, 255.322006226, 193.633361816, 198.50479126, 124.600700378, 87.7322006226, 39.8597068787, 25.499710083, 10.9113683701, 3.075309515, 0.366450846195, 0.00504453014582],
        "mean": [0.657530009747, 2.19000053406, 2.70314240456, 2.94026851654, 3.38216567039, 3.42788743973, 5.36080980301, 5.3385848999, 11.5318250656, 14.0188751221, 11.8949766159, 15.8873243332, 11.5783185959, 11.4630804062, 12.3572034836, 10.7246189117, 13.168296814, 16.3235282898, 18.7024841309, 24.4524726868, 23.0526428223, 24.4339542389, 30.075428009, 31.7692260742, 30.2995853424, 32.5349006653, 30.8974666595, 33.1652412415, 26.8660697937, 24.7794914246, 19.804101944, 14.4033174515, 10.1760911942, 6.57893848419, 3.63929176331, 1.99475216866, 0.757422626019, 0.168903127313, 0.0118199307472, 0.000245535396971],
        "median": [0.186758264899, 0.51075220108, 0.216565221548, 0.193867743015, 0.269747793674, 0.609446525574, 1.86995220184, 2.22359657288, 2.97928333282, 3.74695158005, 4.01981687546, 6.31689882278, 4.51854753494, 3.45009684563, 3.55573773384, 3.59295487404, 4.52628803253, 4.9882068634, 6.42308807373, 8.60344791412, 10.4303045273, 11.8045930862, 13.077870369, 16.6330986023, 16.2492485046, 16.1142349243, 13.8434171677, 13.188164711, 10.8159198761, 12.4076461792, 11.9802942276, 7.140583992, 4.80289793015, 2.69813632965, 1.18831801414, 0.515586495399, 0.17939658463, 0.0308220963925, 0.00113564205822, 8.90244264156e-05],
        "min": [9.9272539245e-14, 3.69142216794e-13, 1.04796618432e-12, 1.86381574237e-12, 2.1999917079e-12, 1.8927689277e-12, 2.17782931446e-12, 5.18534304036e-12, 8.43157748481e-12, 7.25659593179e-12, 9.4911769416e-12, 3.79673410766e-11, 1.17612196024e-11, 7.25393096285e-12, 3.5009481425e-11, 7.39669020478e-11, 5.67328163614e-11, 5.75844823214e-11, 1.1107056247e-10, 3.66878083469e-10, 1.82535653259e-10, 1.60974719665e-10, 3.29152094469e-10, 1.47001855133e-10, 1.84729329056e-10, 2.71571404253e-10, 5.8586446805e-10, 2.17025439286e-10, 2.42853182009e-10, 4.74145889218e-10, 2.67363881035e-10, 2.54765708529e-10, 2.78932404951e-10, 1.56085130931e-10, 1.55026783077e-10, 8.52697010223e-11, 5.70102229314e-11, 2.18184550288e-11, 5.71681764427e-12, 5.07111442682e-13],
        "var": [0.828076601028, 31.5688838959, 126.084999084, 202.694107056, 295.475494385, 138.926223755, 101.086601257, 85.0331039429, 1992.50061035, 3050.90966797, 481.425170898, 839.366027832, 420.929962158, 694.026062012, 641.203979492, 421.778442383, 523.382751465, 988.439147949, 1496.25134277, 2632.23120117, 1498.18469238, 1568.73742676, 2560.54492188, 1948.89306641, 1414.15673828, 1879.5012207, 1630.01159668, 1916.35266113, 1120.46325684, 903.458312988, 539.754760742, 356.594451904, 190.883483887, 97.4086914062, 31.3026256561, 10.4314680099, 1.63869845867, 0.0997833013535, 0.000710781605449, 1.78553847263e-07]
    },
    "gfcc": {
        "mean": [-11.8176994324, 31.7866783142, -105.916290283, 38.2602920532, -56.718044281, 15.6811304092, -30.2133388519, 20.4759349823, -13.3462820053, 13.6501731873, -10.109333992, 8.3765745163, -8.70800209045],
        "cov": [[27763.1777344, -5684.61962891, 974.644042969, 2475.83154297, -353.040802002, 1822.68701172, -245.587844849, 1135.07788086, -146.282592773, 1211.44177246, -192.72694397, 1013.58636475, -227.413360596], [-5684.61962891, 4888.35986328, -1005.64746094, -913.916259766, 144.868408203, -957.374084473, 143.834289551, -529.562438965, 85.3694839478, -649.175231934, 149.675842285, -596.678649902, 70.5697555542], [974.644042969, -1005.64746094, 1243.87988281, 462.234161377, 132.659057617, 345.972320557, -28.5706710815, 102.322639465, -11.4759187698, 180.327728271, -110.51927948, 175.623336792, -63.6728515625], [2475.83154297, -913.916259766, 462.234161377, 1132.12475586, 192.446640015, 417.191436768, 43.3968429565, 184.877883911, 54.6588935852, 187.184951782, 1.47869253159, 135.734268188, -8.90372753143], [-353.040802002, 144.868408203, 132.659057617, 192.446640015, 466.667144775, 189.66418457, 199.433944702, 29.4599437714, 40.2574157715, 1.88463199139, 21.017665863, 30.6015720367, 9.5737323761], [1822.68701172, -957.374084473, 345.972320557, 417.191436768, 189.66418457, 626.625244141, 183.249404907, 245.237060547, 13.246796608, 193.215179443, -29.4485092163, 174.694320679, -28.7434329987], [-245.587844849, 143.834289551, -28.5706710815, 43.3968429565, 199.433944702, 183.249404907, 340.520751953, 118.944488525, 87.2671279907, 28.9317150116, 40.8793754578, 30.332611084, 31.0231533051], [1135.07788086, -529.562438965, 102.322639465, 184.877883911, 29.4599437714, 245.237060547, 118.944488525, 292.588104248, 68.178604126, 137.883987427, 19.9022846222, 103.88495636, 10.9192323685], [-146.282592773, 85.3694839478, -11.4759187698, 54.6588935852, 40.2574157715, 13.246796608, 87.2671279907, 68.178604126, 157.867874146, 69.8064575195, 40.80809021, 26.0857372284, 30.0065383911], [1211.44177246, -649.175231934, 180.327728271, 187.184951782, 1.88463199139, 193.215179443, 28.9317150116, 137.883987427, 69.8064575195, 239.981124878, 51.2002792358, 125.897621155, -7.99974584579], [-192.72694397, 149.675842285, -110.51927948, 1.47869253159, 21.017665863, -29.4485092163, 40.8793754578, 19.9022846222, 40.80809021, 51.2002792358, 137.012435913, 26.0225200653, 32.2273826599], [1013.58636475, -596.678649902, 175.623336792, 135.734268188, 30.6015720367, 174.694320679, 30.332611084, 103.88495636, 26.0857372284, 125.897621155, 26.0225200653, 179.831176758, 27.8335208893], [-227.413360596, 70.5697555542, -63.6728515625, -8.90372753143, 9.5737323761, -28.7434329987, 31.0231533051, 10.9192323685, 30.0065383911, -7.99974584579, 32.2273826599, 27.8335208893, 98.8804092407]],
        "icov": [[7.79527326813e-05, -4.48714708909e-05, 0.000106780353235, -0.000148722348968, 8.14822415123e-05, -1.5968682419e-05, 5.57858184038e-05, -0.000141767523019, 0.000266602524789, -0.000332591735059, 0.000316710094921, -0.000380778859835, 0.000148445527884], [-4.48714708909e-05, 0.000732231419533, -0.000114002628834, 0.000269060343271, -0.000265730312094, 0.000183308249689, -0.000309177208692, 0.000451720261481, -0.00105274410453, 0.00148029171396, -0.00136504275724, 0.00157988560386, -0.00010942210065], [0.000106780353235, -0.000114002628834, 0.00147188478149, -0.000510100915562, -0.000241916030063, -2.54550286627e-05, 0.000290170399239, -9.28368626774e-06, 0.000555258302484, -0.00126185198314, 0.00185040873475, -0.00158781360369, 0.000728093727957], [-0.000148722348968, 0.000269060343271, -0.000510100915562, 0.001730740536, -0.000628121371847, -0.00080220279051, 0.000604309025221, 9.89750769804e-05, -0.00124049989972, 0.000849717878737, -0.0012899156427, 0.00152099027764, -0.00064213614678], [8.14822415123e-05, -0.000265730312094, -0.000241916030063, -0.000628121371847, 0.00375991174951, -0.000989059219137, -0.0017203472089, 0.000908916466869, 2.04289863177e-05, 0.000568345596548, -0.000313976081088, -0.000956228526775, 0.000363819272025], [-1.5968682419e-05, 0.000183308249689, -2.54550286627e-05, -0.00080220279051, -0.000989059219137, 0.00530596682802, -0.00232091778889, -0.0016860133037, 0.00236868113279, -0.00196377863176, 0.00206455425359, -0.00175132555887, 0.00123873550911], [5.57858184038e-05, -0.000309177208692, 0.000290170399239, 0.000604309025221, -0.0017203472089, -0.00232091778889, 0.00658248923719, -0.0017385011306, -0.00232614111155, 0.000965961429756, -0.000830812787171, 0.000268652540399, -0.00081190635683], [-0.000141767523019, 0.000451720261481, -9.28368626774e-06, 9.89750769804e-05, 0.000908916466869, -0.0016860133037, -0.0017385011306, 0.00728877587244, -0.00234228582121, -0.000146770165884, -0.00093641114654, 0.000470706552733, -0.000611431954894], [0.000266602524789, -0.00105274410453, 0.000555258302484, -0.00124049989972, 2.04289863177e-05, 0.00236868113279, -0.00232614111155, -0.00234228582121, 0.0127455852926, -0.00724255852401, 0.00322576588951, -0.00215622736141, -0.00161278445739], [-0.000332591735059, 0.00148029171396, -0.00126185198314, 0.000849717878737, 0.000568345596548, -0.00196377863176, 0.000965961429756, -0.000146770165884, -0.00724255852401, 0.0156282875687, -0.00819677114487, -7.05490356268e-06, 0.00266556441784], [0.000316710094921, -0.00136504275724, 0.00185040873475, -0.0012899156427, -0.000313976081088, 0.00206455425359, -0.000830812787171, -0.00093641114654, 0.00322576588951, -0.00819677114487, 0.0150016695261, -0.0051149809733, -0.00131901307032], [-0.000380778859835, 0.00157988560386, -0.00158781360369, 0.00152099027764, -0.000956228526775, -0.00175132555887, 0.000268652540399, 0.000470706552733, -0.00215622736141, -7.05490356268e-06, -0.0051149809733, 0.016864515841, -0.00586784631014], [0.000148445527884, -0.00010942210065, 0.000728093727957, -0.00064213614678, 0.000363819272025, 0.00123873550911, -0.00081190635683, -0.000611431954894, -0.00161278445739, 0.00266556441784, -0.00131901307032, -0.00586784631014, 0.0143775548786]]
    },
    "melbands": {
        "dmean": [0.00209624879062, 0.00172412581742, 0.000786748132668, 0.000352963368641, 0.000143907018355, 8.78589053173e-05, 0.000209459525649, 0.000136261747684, 6.43432867946e-05, 6.47697379463e-05, 3.83592487196e-05, 3.2373911381e-05, 2.89411837002e-05, 2.40857552853e-05, 2.17110973608e-05, 2.18882578338e-05, 2.44746479439e-05, 2.39179935306e-05, 2.48187661782e-05, 2.27656601055e-05, 1.70252405951e-05, 1.80233473657e-05, 1.64583689184e-05, 1.6820982637e-05, 1.5024811546e-05, 1.23405889099e-05, 1.4779605408e-05, 1.18274310807e-05, 1.08120357254e-05, 1.2073468497e-05, 9.55053201324e-06, 7.11894881533e-06, 9.48902834352e-06, 6.52061407891e-06, 6.12591838944e-06, 5.60616126677e-06, 4.61276931674e-06, 3.81421114071e-06, 3.54974167749e-06, 3.3285173231e-06],
        "dmean2": [0.00250668078661, 0.00252537522465, 0.00143337657209, 0.000648852845188, 0.000239857123233, 0.000143068551552, 0.00036236536107, 0.000231523124967, 0.000102552723547, 0.00010090674914, 6.1778438976e-05, 5.30293364136e-05, 4.65265075036e-05, 4.01873257942e-05, 3.65956366295e-05, 3.6285699025e-05, 4.23423407483e-05, 4.14720925619e-05, 4.02797777497e-05, 3.76742827939e-05, 2.83089502773e-05, 3.00718911603e-05, 2.73392670351e-05, 2.77374711004e-05, 2.47111511271e-05, 2.0458801373e-05, 2.45023875323e-05, 1.9530469217e-05, 1.81038285518e-05, 1.98648904188e-05, 1.56034056999e-05, 1.170284213e-05, 1.59106493811e-05, 1.07321948235e-05, 9.98944597086e-06, 9.0439007181e-06, 7.47825288272e-06, 6.11631776337e-06, 5.70581642023e-06, 5.51922994418e-06],
        "dvar": [1.71578176378e-05, 3.22451014654e-05, 1.04359969555e-05, 2.087281473e-06, 1.14984878508e-07, 2.61295713955e-08, 1.05426329355e-06, 3.52463956688e-07, 1.57216835106e-08, 1.99573833015e-08, 6.25510621077e-09, 5.5680358102e-09, 3.1440852144e-09, 3.63390317837e-09, 2.97299163066e-09, 2.46497600109e-09, 3.87593557249e-09, 3.78956555025e-09, 2.81887846398e-09, 2.52209364504e-09, 1.32281730014e-09, 1.35557987058e-09, 1.05592490307e-09, 1.07325537346e-09, 7.57769513804e-10, 3.96955607274e-10, 6.65953958645e-10, 3.97758603832e-10, 4.16150364169e-10, 4.50543019559e-10, 2.92931678914e-10, 1.48303438974e-10, 2.82970563648e-10, 1.123572832e-10, 8.73084521347e-11, 8.36932675941e-11, 7.25828216974e-11, 4.10497504044e-11, 4.03690240958e-11, 4.26665924813e-11],
        "dvar2": [2.70964046649e-05, 6.92412359058e-05, 2.9361110137e-05, 6.0282168306e-06, 3.03867778939e-07, 6.300141564e-08, 2.91614264825e-06, 9.58457121669e-07, 3.80287303869e-08, 4.81317208312e-08, 1.56360489001e-08, 1.388198001e-08, 7.55333839919e-09, 9.37380750798e-09, 7.68075913982e-09, 6.54540910361e-09, 1.08411795097e-08, 1.05149595697e-08, 6.63469368334e-09, 6.14109740837e-09, 3.22036175504e-09, 3.41047723396e-09, 2.78930900599e-09, 2.81584910944e-09, 1.92694415979e-09, 1.06317188386e-09, 1.74363601335e-09, 1.04020281277e-09, 1.14639664428e-09, 1.21218679539e-09, 7.80720932347e-10, 4.02304967118e-10, 7.53608786486e-10, 3.03494562814e-10, 2.2312013348e-10, 2.13729034471e-10, 1.87185586475e-10, 1.00979620499e-10, 1.02997534113e-10, 1.13390040413e-10],
        "max": [0.0432593785226, 0.050630889833, 0.0285224821419, 0.0149468919262, 0.00696923304349, 0.00427858158946, 0.0150884417817, 0.00854742527008, 0.00299623701721, 0.00310338241979, 0.00154632586055, 0.00227816076949, 0.0010786728235, 0.0014663732145, 0.00153181096539, 0.00142792379484, 0.000625238753855, 0.00112602766603, 0.00112636678386, 0.00106710672844, 0.00140684412327, 0.000818009953946, 0.000518404878676, 0.000703013443854, 0.000896541576367, 0.000328605790855, 0.000457672314951, 0.000375405623345, 0.000377347983886, 0.000276436010608, 0.000444431148935, 0.000235510990024, 0.000283566681901, 0.0001282809244, 0.000107605832454, 0.000135384456371, 0.000118826406833, 0.000106557934487, 0.000112149507913, 8.23038208182e-05],
        "mean": [0.00487967999652, 0.00192763411906, 0.00052676605992, 0.000246561481617, 0.000175321605639, 0.000125456906972, 0.00019661031547, 0.000144883873872, 9.41596372286e-05, 0.000107044295873, 5.6046024838e-05, 4.40840885858e-05, 4.40447656729e-05, 3.17481135426e-05, 2.71033168247e-05, 3.27687448589e-05, 2.88631908916e-05, 2.79860214505e-05, 3.44320433214e-05, 3.13143791573e-05, 2.49100758083e-05, 2.5140501748e-05, 2.45884912147e-05, 2.79406522168e-05, 2.56019866356e-05, 2.08879064303e-05, 2.41722336796e-05, 2.06161093956e-05, 1.79750004463e-05, 2.13846124097e-05, 1.76321445906e-05, 1.34599722514e-05, 1.81769537448e-05, 1.19325577543e-05, 1.15328630272e-05, 1.01630112113e-05, 8.26462837722e-06, 7.10786434865e-06, 6.43608836981e-06, 5.28856116944e-06],
        "median": [0.00149914599024, 0.00032275065314, 3.4440356103e-05, 2.88433475362e-05, 6.29129572189e-05, 5.17817388754e-05, 4.81565839436e-05, 3.90190689359e-05, 3.11243420583e-05, 4.0095193981e-05, 2.03153504117e-05, 1.23440077004e-05, 1.18380103231e-05, 9.6688636404e-06, 8.0117597463e-06, 9.48500291997e-06, 8.11922473076e-06, 8.27861003927e-06, 1.07083315015e-05, 1.04081000245e-05, 1.05162798718e-05, 1.06133520603e-05, 1.03962374851e-05, 1.13974920168e-05, 1.2514631635e-05, 1.07461137304e-05, 1.07240448415e-05, 9.5895729828e-06, 7.58356145525e-06, 8.14204668131e-06, 6.88758427714e-06, 5.22932487002e-06, 6.51347909297e-06, 6.26124756309e-06, 7.00905593476e-06, 5.43803434994e-06, 3.76087814402e-06, 3.36445691573e-06, 2.78930383502e-06, 1.96778182726e-06],
        "min": [8.74344889364e-16, 5.33524718833e-16, 3.384206056e-16, 1.4865040442e-16, 7.56951787407e-17, 1.20368265479e-16, 1.18675668657e-16, 7.93530177315e-17, 9.83134598266e-17, 2.40080424531e-16, 5.16199579722e-17, 2.69926503931e-17, 6.2371284306e-17, 2.5688129657e-16, 1.16242235644e-16, 1.63388288012e-16, 9.17943766272e-17, 8.80090591778e-17, 5.52505827209e-16, 3.62931621512e-16, 1.66163260591e-16, 1.36430233621e-16, 2.37807941013e-16, 3.50624153379e-16, 8.23590317822e-17, 1.0182711131e-16, 1.5985150194e-16, 1.58931835918e-16, 3.65235101142e-16, 2.1870344376e-16, 9.68940046606e-17, 1.32302589129e-16, 1.90728857188e-16, 2.6149320568e-16, 1.37051757281e-16, 1.29283035786e-16, 1.67324489822e-16, 2.04956310784e-16, 1.49255702105e-16, 1.244780164e-16],
        "var": [5.03706287418e-05, 3.77252908947e-05, 6.24744598099e-06, 1.18658476822e-06, 1.11112235857e-07, 4.53039561421e-08, 6.78971787238e-07, 2.4803594556e-07, 3.01773077638e-08, 3.99993886901e-08, 1.07206972189e-08, 1.03442534538e-08, 8.93872176277e-09, 5.08573583247e-09, 3.56420137848e-09, 4.22413348744e-09, 3.58193674721e-09, 4.25684465455e-09, 5.2356812219e-09, 4.3641468217e-09, 2.12810502553e-09, 2.04603956e-09, 1.60886171052e-09, 2.54870879957e-09, 1.47156364871e-09, 7.19200865529e-10, 1.20956922256e-09, 8.11893940966e-10, 6.34647778774e-10, 8.50296444366e-10, 5.78444236954e-10, 3.18443466041e-10, 6.40034747423e-10, 2.15113024615e-10, 1.85866849689e-10, 1.63231747563e-10, 1.31853764018e-10, 9.6026839258e-11, 8.41569314236e-11, 7.12951017667e-11]
    },
    "mfcc": {
        "mean": [-646.532775879, 61.7594833374, 10.4237117767, 23.0477142334, 3.5557706356, 2.38814544678, 0.487057685852, 6.71468305588, 4.28937244415, 9.4124917984, 5.83579874039, 6.12928152084, 4.66454362869],
        "cov": [[14121.09375, -2649.7355957, 126.445030212, 781.374023438, 501.672912598, 876.093933105, 491.465820312, 460.324127197, 405.592834473, 400.202392578, 324.429351807, 425.045135498, 395.639160156], [-2649.7355957, 2580.74902344, -218.279266357, -298.276763916, -194.661071777, -402.577697754, -83.4568099976, -112.234481812, -178.799682617, -52.5936698914, -103.676124573, -153.705093384, -162.618438721], [126.445030212, -218.279266357, 728.713439941, 221.567687988, 133.464355469, 164.590286255, -26.2676506042, 14.4270429611, 37.4264526367, -15.0567083359, 39.7407569885, 16.8630428314, -21.809261322], [781.374023438, -298.276763916, 221.567687988, 607.781066895, 261.989898682, 201.963317871, 67.3775939941, 69.256652832, 72.1842041016, 50.7597618103, 55.9187698364, 65.834274292, 48.6193580627], [501.672912598, -194.661071777, 133.464355469, 261.989898682, 324.875701904, 197.677703857, 90.6606750488, 83.4037399292, 52.4508094788, 23.8409404755, 25.1756000519, 43.866104126, 35.6514053345], [876.093933105, -402.577697754, 164.590286255, 201.963317871, 197.677703857, 413.674102783, 185.291244507, 153.853637695, 129.404190063, 48.9795188904, 85.8074111938, 60.3577423096, 57.8431930542], [491.465820312, -83.4568099976, -26.2676506042, 67.3775939941, 90.6606750488, 185.291244507, 269.619903564, 173.149307251, 89.2189559937, 90.9966812134, 41.1490478516, 32.2467689514, 53.4515724182], [460.324127197, -112.234481812, 14.4270429611, 69.256652832, 83.4037399292, 153.853637695, 173.149307251, 232.21987915, 138.605133057, 73.6080627441, 49.5316314697, 34.1030273438, 45.4142951965], [405.592834473, -178.799682617, 37.4264526367, 72.1842041016, 52.4508094788, 129.404190063, 89.2189559937, 138.605133057, 188.09375, 78.8918457031, 56.9213867188, 43.9554672241, 44.7507820129], [400.202392578, -52.5936698914, -15.0567083359, 50.7597618103, 23.8409404755, 48.9795188904, 90.9966812134, 73.6080627441, 78.8918457031, 144.313613892, 66.4935684204, 34.8954124451, 35.7624778748], [324.429351807, -103.676124573, 39.7407569885, 55.9187698364, 25.1756000519, 85.8074111938, 41.1490478516, 49.5316314697, 56.9213867188, 66.4935684204, 142.109313965, 76.4152984619, 37.2171134949], [425.045135498, -153.705093384, 16.8630428314, 65.834274292, 43.866104126, 60.3577423096, 32.2467689514, 34.1030273438, 43.9554672241, 34.8954124451, 76.4152984619, 131.373748779, 72.030418396], [395.639160156, -162.618438721, -21.809261322, 48.6193580627, 35.6514053345, 57.8431930542, 53.4515724182, 45.4142951965, 44.7507820129, 35.7624778748, 37.2171134949, 72.030418396, 118.506195068]],
