{
"lowlevel": {
    "average_loudness": 0.763350605965,
    "barkbands_crest": {
        "dmean": 2.47322869301,
        "dmean2": 3.61648797989,
        "dvar": 7.61827802658,
        "dvar2": 14.9983940125,
        "max": 26.4522800446,
        "mean": 11.8479909897,
        "median": 10.2415027618,
        "min": 1.94012641907,
        "var": 38.4485778809
    },
    "barkbands_flatness_db": {
        "dmean": 0.0283784531057,
        "dmean2": 0.0423390679061,
        "dvar": 0.00128819537349,
        "dvar2": 0.00296031800099,
        "max": 0.545200169086,
        "mean": 0.137770980597,
        "median": 0.116155132651,
        "min": 0.0120558757335,
        "var": 0.00748383579776
    },
    "barkbands_kurtosis": {
        "dmean": 6.44906711578,
        "dmean2": 9.91162109375,
        "dvar": 401.22479248,
        "dvar2": 913.446105957,
        "max": 528.552246094,
        "mean": 9.1173248291,
        "median": 2.57666492462,
        "min": -1.87100815773,
        "var": 642.917053223
    },
    "barkbands_skewness": {
        "dmean": 0.783117651939,
        "dmean2": 1.15032243729,
        "dvar": 1.36609780788,
        "dvar2": 3.01432800293,
        "max": 19.1745700836,
        "mean": 2.04341745377,
        "median": 1.64849257469,
        "min": -1.92480242252,
        "var": 4.06882333755
    },
    "barkbands_spread": {
        "dmean": 9.17883014679,
        "dmean2": 13.8682785034,
        "dvar": 145.283477783,
        "dvar2": 341.439483643,
        "max": 116.75276947,
        "mean": 29.1834793091,
        "median": 27.0034370422,
        "min": 0.155252337456,
        "var": 398.036407471
    },
    "dissonance": {
        "dmean": 0.0189748648554,
        "dmean2": 0.0316576771438,
        "dvar": 0.000450657185866,
        "dvar2": 0.00120788125787,
        "max": 0.500000119209,
        "mean": 0.461223036051,
        "median": 0.474309563637,
        "min": 0.199670419097,
        "var": 0.00160711933859
    },
    "dynamic_complexity": 2.23307204247,
    "erbbands_crest": {
        "dmean": 2.173402071,
        "dmean2": 3.572691679,
        "dvar": 5.23166036606,
        "dvar2": 13.4792442322,
        "max": 27.1141223907,
        "mean": 7.28800964355,
        "median": 6.25345563889,
        "min": 2.13769316673,
        "var": 14.4055356979
    },
    "erbbands_flatness_db": {
        "dmean": 0.0159543938935,
        "dmean2": 0.0232064705342,
        "dvar": 0.000300738756778,
        "dvar2": 0.000641595281195,
        "max": 0.490591526031,
        "mean": 0.128663927317,
        "median": 0.105524092913,
        "min": 0.0417053960264,
        "var": 0.00491450633854
    },
    "erbbands_kurtosis": {
        "dmean": 0.912671029568,
        "dmean2": 1.37128067017,
        "dvar": 2.89022111893,
        "dvar2": 5.31438779831,
        "max": 108.659721375,
        "mean": 0.827591598034,
        "median": -0.0167212486267,
        "min": -1.80525887012,
        "var": 10.6355571747
    },
    "erbbands_skewness": {
        "dmean": 0.347568631172,
        "dmean2": 0.516587913036,
        "dvar": 0.117077842355,
        "dvar2": 0.248234480619,
        "max": 9.11822414398,
        "mean": 0.34110969305,
        "median": 0.236243367195,
        "min": -2.48492622375,
        "var": 0.843806087971
    },
    "erbbands_spread": {
        "dmean": 10.388258934,
        "dmean2": 14.9216012955,
        "dvar": 139.913253784,
        "dvar2": 298.637237549,
        "max": 182.064147949,
        "mean": 48.0198135376,
        "median": 46.1367874146,
        "min": 1.75885510445,
        "var": 646.906616211
    },
    "hfc": {
        "dmean": 21.4392700195,
        "dmean2": 32.2957878113,
        "dvar": 1393.01013184,
        "dvar2": 3353.2800293,
        "max": 379.139312744,
        "mean": 43.0038528442,
        "median": 29.2712268829,
        "min": 1.82770933804e-11,
        "var": 1999.2923584
    },
    "melbands_crest": {
        "dmean": 3.283005476,
        "dmean2": 5.15687561035,
        "dvar": 16.8323249817,
        "dvar2": 40.3860664368,
        "max": 38.0849533081,
        "mean": 18.3266906738,
        "median": 14.2524719238,
        "min": 2.10235142708,
        "var": 108.928901672
    },
    "melbands_flatness_db": {
        "dmean": 0.0334229357541,
        "dmean2": 0.0488221645355,
        "dvar": 0.00185492576566,
        "dvar2": 0.00411412119865,
        "max": 0.666484773159,
        "mean": 0.205156043172,
        "median": 0.190185368061,
        "min": 0.0095226187259,
        "var": 0.0120243467391
    },
    "melbands_kurtosis": {
        "dmean": 27.2461891174,
        "dmean2": 43.526386261,
        "dvar": 6975.02246094,
        "dvar2": 15795.7646484,
        "max": 2204.97143555,
        "mean": 42.1112632751,
        "median": 11.3001880646,
        "min": -1.59721875191,
        "var": 11760.1650391
    },
    "melbands_skewness": {
        "dmean": 1.33882057667,
        "dmean2": 2.05755591393,
        "dvar": 5.72044992447,
        "dvar2": 13.0353813171,
        "max": 39.2310714722,
        "mean": 4.11645936966,
        "median": 2.59456586838,
        "min": -0.687873601913,
        "var": 16.7309608459
    },
    "melbands_spread": {
        "dmean": 8.63927078247,
        "dmean2": 13.1086921692,
        "dvar": 165.000778198,
        "dvar2": 370.012023926,
        "max": 166.255569458,
        "mean": 24.7703838348,
        "median": 17.2945346832,
        "min": 0.237570643425,
        "var": 533.976745605
    },
    "pitch_salience": {
        "dmean": 0.0843105390668,
        "dmean2": 0.128059461713,
        "dvar": 0.0104947648942,
        "dvar2": 0.0235377959907,
        "max": 0.913603484631,
        "mean": 0.492103427649,
        "median": 0.539270460606,
        "min": 0.0357775129378,
        "var": 0.0453478619456
    },
    "silence_rate_20dB": {
        "dmean": 0,
        "dmean2": 0,
        "dvar": 0,
        "dvar2": 0,
        "max": 1,
        "mean": 1,
        "median": 1,
        "min": 1,
        "var": 0
    },
    "silence_rate_30dB": {
        "dmean": 0.0665104314685,
        "dmean2": 0.133035719395,
        "dvar": 0.0620845854282,
        "dvar2": 0.14056161046,
        "max": 1,
        "mean": 0.909172058105,
        "median": 1,
        "min": 0,
        "var": 0.0825768783689
    },
    "silence_rate_60dB": {
        "dmean": 0.0133913625032,
        "dmean2": 0.0266741067171,
        "dvar": 0.0132141625509,
        "dvar2": 0.031098941341,
        "max": 1,
        "mean": 0.02488283813,
        "median": 0,
        "min": 0,
        "var": 0.0242629554123
    },
    "spectral_centroid": {
        "dmean": 316.478485107,
        "dmean2": 451.451477051,
        "dvar": 138589.546875,
        "dvar2": 289064.46875,
        "max": 4241.11914062,
        "mean": 1777.2454834,
        "median": 1834.06713867,
        "min": 124.684913635,
        "var": 900618.875
    },
    "spectral_complexity": {
        "dmean": 6.11650466919,
        "dmean2": 9.02466487885,
        "dvar": 54.9768447876,
        "dvar2": 109.896453857,
        "max": 65,
        "mean": 20.3870792389,
        "median": 17,
        "min": 0,
        "var": 175.925064087
    },
    "spectral_decrease": {
        "dmean": 2.81031797833e-09,
        "dmean2": 4.08943856556e-09,
        "dvar": 1.61199022172e-17,
        "dvar2": 3.26387503351e-17,
        "max": -9.60430973472e-24,
        "mean": -1.09677689153e-08,
        "median": -6.50517595346e-09,
        "min": -4.47025030326e-08,
        "var": 9.31611039922e-17
    },
    "spectral_energy": {
        "dmean": 0.0111019387841,
        "dmean2": 0.0159863363951,
        "dvar": 0.000238634995185,
        "dvar2": 0.000470201310236,
        "max": 0.169964700937,
        "mean": 0.0452955663204,
        "median": 0.0281301867217,
        "min": 1.69403614248e-15,
        "var": 0.00141001329757
    },
    "spectral_energyband_high": {
        "dmean": 0.00185153749771,
        "dmean2": 0.00281416205689,
        "dvar": 1.10069604489e-05,
        "dvar2": 2.61931381829e-05,
        "max": 0.0347468852997,
        "mean": 0.00333036994562,
        "median": 0.00210084300488,
        "min": 1.15230838601e-15,
        "var": 1.62404703588e-05
    },
    "spectral_energyband_low": {
        "dmean": 0.00869341846555,
        "dmean2": 0.0130472416058,
        "dvar": 0.000282380526187,
        "dvar2": 0.000622790597845,
        "max": 0.16857637465,
        "mean": 0.0273325163871,
        "median": 0.00329357665032,
        "min": 2.82828800951e-17,
        "var": 0.00142736372072
    },
    "spectral_energyband_middle_high": {
        "dmean": 0.00224806251936,
        "dmean2": 0.00351226888597,
        "dvar": 1.30525941131e-05,
        "dvar2": 3.03523684124e-05,
        "max": 0.041391775012,
        "mean": 0.00502332439646,
        "median": 0.00384616432711,
        "min": 2.78466581272e-16,
        "var": 2.69135998678e-05
    },
    "spectral_energyband_middle_low": {
        "dmean": 0.0057231481187,
        "dmean2": 0.00922548305243,
        "dvar": 0.00014621631999,
        "dvar2": 0.000352048140485,
        "max": 0.136767312884,
        "mean": 0.0102745182812,
        "median": 0.00561250094324,
        "min": 6.88028915012e-17,
        "var": 0.000175185778062
    },
    "spectral_entropy": {
        "dmean": 0.162723869085,
        "dmean2": 0.236375704408,
        "dvar": 0.0373562313616,
        "dvar2": 0.0812788680196,
        "max": 9.08215236664,
        "mean": 7.87940835953,
        "median": 8.17212963104,
        "min": 4.56121683121,
        "var": 0.588298261166
    },
    "spectral_flux": {
        "dmean": 0.0328140370548,
        "dmean2": 0.0464897193015,
        "dvar": 0.00181042740587,
        "dvar2": 0.00319998408668,
        "max": 0.39571839571,
        "mean": 0.0977761894464,
        "median": 0.0777259767056,
        "min": 3.2184576412e-05,
        "var": 0.0049966876395
    },
    "spectral_kurtosis": {
        "dmean": 2.84749913216,
        "dmean2": 4.59477806091,
        "dvar": 154.324371338,
        "dvar2": 384.041564941,
        "max": 349.150085449,
        "mean": 7.47722768784,
        "median": 2.21456456184,
        "min": -0.0943059921265,
        "var": 621.993835449
    },
    "spectral_rms": {
        "dmean": 0.000815784092993,
        "dmean2": 0.00113089289516,
        "dvar": 1.07728112653e-06,
        "dvar2": 1.87843727417e-06,
        "max": 0.0128770815209,
        "mean": 0.0060121063143,
        "median": 0.00523870997131,
        "min": 1.28558086399e-09,
        "var": 8.04531555332e-06
    },
    "spectral_rolloff": {
        "dmean": 1079.79260254,
        "dmean2": 1710.68469238,
        "dvar": 3442980,
        "dvar2": 7605676.5,
        "max": 19293.75,
        "mean": 2334.58105469,
        "median": 1033.59375,
        "min": 21.533203125,
        "var": 8749722
    },
    "spectral_skewness": {
        "dmean": 0.23388402164,
        "dmean2": 0.368190377951,
        "dvar": 0.334604084492,
        "dvar2": 0.855754554272,
        "max": 15.3811302185,
        "mean": 1.68331623077,
        "median": 1.30092060566,
        "min": 0.612674355507,
        "var": 2.00532364845
    },
    "spectral_spread": {
        "dmean": 744452.3125,
        "dmean2": 1030229.9375,
        "dvar": 598846144512,
        "dvar2": 1.10592956826e+12,
        "max": 15294987,
        "mean": 6587667,
        "median": 6743665,
        "min": 288501.46875,
        "var": 4.85389814989e+12
    },
    "spectral_strongpeak": {
        "dmean": 0.344577670097,
        "dmean2": 0.572982788086,
        "dvar": 0.27692258358,
        "dvar2": 0.698098003864,
        "max": 13.3815956116,
        "mean": 0.826287388802,
        "median": 0.700932383537,
        "min": 0,
        "var": 0.406466215849
    },
    "zerocrossingrate": {
        "dmean": 0.0192601103336,
        "dmean2": 0.0215122774243,
        "dvar": 0.000467004458187,
        "dvar2": 0.000583796703722,
        "max": 0.5400390625,
        "mean": 0.0899648144841,
        "median": 0.07177734375,
        "min": 0.0029296875,
        "var": 0.00444069551304
    },
    "barkbands": {
        "dmean": [0.000969787244685, 0.00723742041737, 0.0025733821094, 0.00165740191005, 0.00224748090841, 0.00198009237647, 0.000698944553733, 0.00044046738185, 0.000656104413792, 0.00047119834926, 0.000480974646052, 0.000445464480435, 0.000383072154364, 0.000389649911085, 0.000288565643132, 0.00023736039293, 0.000229677549214, 0.000248276686762, 0.000216256958083, 0.000202912662644, 0.00023914562189, 0.000246885669185, 0.000285423651803, 0.000239206259721, 0.000352468952769, 0.000500648457091, 0.00010900979396],
        "dmean2": [0.00155375082977, 0.0103961676359, 0.0045179054141, 0.00303054088727, 0.00377746741287, 0.00323973177001, 0.00117168563884, 0.000757870264351, 0.00103964773007, 0.000752030522563, 0.000782111019362, 0.000695123337209, 0.000618693884462, 0.000623213418294, 0.000464781041956, 0.000389653607272, 0.000393607188016, 0.000412886351114, 0.000344568281434, 0.00032854048186, 0.000388695683796, 0.000393432128476, 0.000446465564892, 0.000370095280232, 0.00055315165082, 0.000797589018475, 0.000174998131115],
        "dvar": [6.03295757173e-06, 0.000218082685024, 8.23126611067e-05, 3.12880874844e-05, 3.71114183508e-05, 3.03943506879e-05, 2.96189068649e-06, 2.10974349102e-06, 8.8482420324e-07, 5.95945834903e-07, 8.36450340103e-07, 5.68923724131e-07, 4.32689432728e-07, 3.63365813882e-07, 1.86128374935e-07, 1.82467132959e-07, 2.17472120312e-07, 2.04819286864e-07, 1.62378213986e-07, 1.77656858114e-07, 1.82124878734e-07, 2.11508719872e-07, 2.72966246939e-07, 1.39246651543e-07, 3.98859469897e-07, 1.04511582322e-06, 5.83027066625e-08],
        "dvar2": [1.43600145748e-05, 0.000438310147729, 0.000222820977797, 8.59693900566e-05, 9.51833280851e-05, 8.23452573968e-05, 8.32576915855e-06, 6.0063566707e-06, 2.21948926082e-06, 1.44559442106e-06, 2.19122011913e-06, 1.29174441099e-06, 1.07254754766e-06, 8.3370827042e-07, 4.63360521508e-07, 4.45736532129e-07, 6.04572960583e-07, 5.44021247606e-07, 3.85489983046e-07, 4.42901324504e-07, 4.45510977443e-07, 5.151769642e-07, 6.08596735674e-07, 3.15953570862e-07, 9.43270094922e-07, 2.62070216195e-06, 1.42593648889e-07],
        "max": [0.0374726839364, 0.154083043337, 0.0956694632769, 0.0844963565469, 0.0782672539353, 0.064715988934, 0.0292739663273, 0.0239312723279, 0.0101217376068, 0.0108509603888, 0.0140500208363, 0.0109997782856, 0.0105338571593, 0.00975663680583, 0.00661141658202, 0.0045087733306, 0.00515958713368, 0.00421566748992, 0.0061797844246, 0.00768310809508, 0.00530825136229, 0.00765291322023, 0.00710940547287, 0.00370258954354, 0.00737526919693, 0.011172734201, 0.00390365766361],
        "mean": [0.00302497320808, 0.0218266937882, 0.00188721250743, 0.00161138514522, 0.00274441903457, 0.00315004051663, 0.00105441885535, 0.000456514855614, 0.00111655506771, 0.000693429727107, 0.000586344336625, 0.000659504497889, 0.000583151879255, 0.000591008109041, 0.000438273331383, 0.000347354711266, 0.000302779866615, 0.000355494325049, 0.000358059653081, 0.000364036415704, 0.000464272423415, 0.000436849688413, 0.000485163123813, 0.000460537645267, 0.000568193325307, 0.000613380107097, 0.000115364280646],
        "median": [0.000187640776858, 0.00154340080917, 0.000253263162449, 0.000341591541655, 0.000686359941028, 0.00117667252198, 0.000261005305219, 9.40503014135e-05, 0.000550798955373, 0.000246606126893, 0.00016371953825, 0.000199192378204, 0.000227874668781, 0.000306212517899, 0.000221636073547, 0.000161405390827, 0.000128444866277, 0.000163599775988, 0.000198547379114, 0.000239197455812, 0.000317846599501, 0.000269941258011, 0.000257159408648, 0.000292894372251, 0.000316657766234, 0.000229158991715, 3.15376819344e-05],
        "min": [1.80194513564e-17, 1.67038437532e-17, 2.61802188244e-18, 3.2778458659e-19, 7.8155225463e-18, 1.36318777651e-17, 1.62783933313e-17, 1.31806896184e-17, 7.5343423494e-18, 3.80642180466e-17, 1.05616637455e-17, 2.38061885461e-17, 2.23504267686e-17, 2.36973580473e-17, 3.04916045318e-17, 3.55379389727e-17, 3.19458045923e-17, 2.7104215551e-17, 2.5249893339e-17, 2.60521328017e-17, 2.00389780803e-17, 2.65036956612e-17, 6.8839433032e-17, 1.73593883591e-16, 3.19995230248e-16, 2.59705225007e-16, 3.25799444109e-16],
        "var": [2.80196509266e-05, 0.0010402785847, 5.46481314814e-05, 2.15473264689e-05, 3.33997959387e-05, 2.96635535051e-05, 3.67844904758e-06, 1.6269251546e-06, 1.78943275841e-06, 1.12608847758e-06, 1.08847598312e-06, 1.12017698939e-06, 7.50883430101e-07, 6.38961182631e-07, 3.36685047841e-07, 2.83752285668e-07, 2.23658830123e-07, 2.39390288925e-07, 2.38708793177e-07, 2.23797329113e-07, 3.03020129877e-07, 3.07171177383e-07, 4.36486629951e-07, 2.6626216254e-07, 5.47085676317e-07, 1.06855634385e-06, 5.78328176459e-08]
    },
    "erbbands": {
        "dmean": [0.310499966145, 1.34554898739, 2.86814022064, 4.15022039413, 7.1448469162, 5.86735248566, 16.4578857422, 13.8449707031, 10.4319028854, 8.39249038696, 10.0682144165, 14.1161661148, 14.4366645813, 16.1570396423, 22.2267093658, 15.0910224915, 16.1504249573, 18.5669021606, 16.7812099457, 12.5007514954, 12.7262468338, 12.3501930237, 13.923163414, 11.7931394577, 10.3055458069, 9.28112316132, 9.18584251404, 10.1493225098, 9.24584960938, 9.99778652191, 7.39191627502, 5.38695001602, 3.91866350174, 3.24826622009, 2.951130867, 2.18832659721, 0.927740454674, 0.217524781823, 0.0177338160574, 0.000275711761788],
        "dmean2": [0.443516433239, 1.97411870956, 4.69637346268, 7.39193630219, 12.7424592972, 9.82050704956, 26.3802127838, 22.4607963562, 17.4435825348, 14.3062782288, 16.8202610016, 22.4565200806, 22.95561409, 25.732881546, 36.432384491, 24.5190525055, 25.6611213684, 29.7964992523, 26.7795543671, 19.834564209, 20.8606052399, 20.9882602692, 23.2805690765, 18.9977092743, 16.668920517, 14.9572982788, 14.9257497787, 16.7776641846, 14.6812849045, 15.6659297943, 11.6611881256, 8.44848442078, 6.12932682037, 5.03365850449, 4.77848911285, 3.54977965355, 1.48124837875, 0.34600174427, 0.0285368002951, 0.000436862930655],
        "dvar": [0.473358303308, 10.6155481339, 92.2178573608, 178.342758179, 607.312866211, 235.161499023, 3436.60839844, 971.79888916, 624.374389648, 415.646789551, 1062.54418945, 521.575439453, 516.783874512, 789.071838379, 2158.46142578, 720.211975098, 766.234924316, 875.4375, 646.338256836, 463.374145508, 529.180419922, 616.420532227, 703.230712891, 453.277862549, 527.002502441, 382.154846191, 258.182983398, 359.454650879, 303.373138428, 342.0597229, 184.261306763, 80.0084609985, 36.3356781006, 33.9776382446, 27.5312099457, 18.7625007629, 3.77019429207, 0.230922982097, 0.00153788726311, 3.53004054432e-07],
        "dvar2": [0.876796424389, 20.7065238953, 233.209945679, 480.25491333, 1683.28100586, 594.037841797, 8465.62109375, 2665.64770508, 1737.94030762, 1138.34985352, 3010.62915039, 1328.67041016, 1306.85620117, 2026.55847168, 5876.40917969, 1761.66918945, 1824.79943848, 2029.47949219, 1549.17126465, 1102.94104004, 1325.77307129, 1703.96728516, 1893.55151367, 1086.89624023, 1330.20544434, 959.99017334, 611.729736328, 919.892211914, 739.215637207, 776.690490723, 439.643066406, 183.395080566, 83.3229751587, 77.3789520264, 68.4482574463, 47.4583740234, 9.34049987793, 0.573124587536, 0.00369388493709, 8.48351419336e-07],
        "max": [8.24556446075, 36.2835502625, 95.7905197144, 159.465072632, 432.891387939, 277.641662598, 807.900390625, 511.215393066, 396.734802246, 301.453918457, 563.041564941, 300.990753174, 324.259735107, 435.090667725, 728.096923828, 316.803497314, 518.34967041, 427.833190918, 361.559387207, 306.762268066, 265.6640625, 285.238494873, 260.319274902, 249.633117676, 365.842712402, 361.436431885, 198.881637573, 256.414520264, 286.435760498, 247.025421143, 170.533660889, 98.1270065308, 55.5385322571, 76.0010147095, 58.6863708496, 43.6516456604, 28.766708374, 7.09395837784, 0.529806435108, 0.00805043894798],
        "mean": [1.1368945837, 2.80928587914, 2.55638980865, 3.86287713051, 7.61581468582, 7.6950917244, 20.998292923, 24.9084796906, 18.0736675262, 10.4076910019, 12.586807251, 22.9498004913, 23.4807567596, 24.6675224304, 29.421421051, 23.2420139313, 26.5315666199, 30.1155853271, 26.7451725006, 19.9850502014, 19.113740921, 17.1954421997, 19.8012275696, 18.9487857819, 17.798789978, 16.8768062592, 17.274766922, 18.9655132294, 16.3420295715, 15.6633319855, 13.0316877365, 10.4370584488, 7.27213859558, 5.77415800095, 4.20932674408, 2.63423705101, 1.15858709812, 0.252885967493, 0.0189071614295, 0.000360253470717],
        "median": [0.053323045373, 0.31084394455, 0.5443110466, 0.998197078705, 2.03135967255, 1.79254865646, 3.93464303017, 10.0840997696, 6.08037900925, 2.9701385498, 4.09673786163, 11.5736980438, 12.0604133606, 10.3478431702, 12.0070343018, 9.77589416504, 10.8710289001, 16.3002433777, 14.8249988556, 10.1611938477, 9.42600822449, 8.00992774963, 9.41360473633, 9.61562728882, 11.0164012909, 11.1471538544, 11.4741668701, 12.8381557465, 10.0813694, 8.63024711609, 7.11266803741, 6.59255886078, 4.54363489151, 3.39020180702, 2.18180799484, 1.08313441277, 0.403322637081, 0.084260314703, 0.00497998669744, 0.000166404468473],
        "min": [7.7179461044e-16, 2.74422496581e-15, 3.76281893082e-15, 1.81490552059e-15, 6.54459710235e-15, 3.10096559704e-14, 7.03977688318e-14, 1.24658719762e-13, 2.05107903318e-13, 2.82165295903e-13, 2.47198474797e-13, 1.41168598079e-13, 8.9740096864e-13, 1.00839746709e-12, 3.31160121027e-13, 1.14096958877e-12, 1.03991956105e-12, 7.88594829628e-13, 2.3318495572e-12, 1.40342164973e-12, 1.64426122457e-12, 1.97609441831e-12, 1.39528156824e-12, 1.29112269921e-12, 1.48360143615e-12, 1.0399444977e-12, 9.77162686704e-13, 7.90877129411e-13, 8.21605966855e-13, 1.3898424512e-12, 2.00479997187e-12, 2.77222147148e-12, 3.3772839126e-12, 3.1949978687e-12, 2.41097961907e-12, 1.29470208426e-12, 4.40969472309e-13, 9.82141072029e-14, 3.07136992705e-14, 6.74087072985e-15],
        "var": [3.31725478172, 21.5594940186, 73.9517364502, 125.797340393, 401.390655518, 252.10357666, 3253.36547852, 1312.97595215, 902.387023926, 418.942657471, 940.275939941, 892.882202148, 861.699645996, 1360.54760742, 2375.71044922, 1248.85412598, 1521.97839355, 1587.55944824, 1132.65820312, 833.674987793, 810.630371094, 659.558105469, 763.295043945, 672.459594727, 624.563842773, 480.207611084, 432.260284424, 532.352844238, 435.602020264, 477.169769287, 286.313659668, 146.503845215, 67.3147354126, 52.9056663513, 32.9931640625, 18.3999347687, 3.97870659828, 0.234375461936, 0.00156181317288, 3.76103457711e-07]
    },
    "gfcc": {
        "mean": [24.3029136658, 41.4743614197, -93.744468689, 19.6436824799, -53.9871788025, 19.871969223, -32.1272277832, 10.3118047714, -25.2185993195, 11.2454357147, -15.4358892441, 8.85445690155, -8.69628334045],
        "cov": [[11792.375, -4768.83056641, -86.7080841064, 653.519775391, 3.69008708, 1002.86834717, -163.927429199, 670.651062012, -140.861618042, 579.735412598, -191.190765381, 528.74017334, -196.162872314], [-4768.83056641, 4608.38183594, 403.013397217, -392.681121826, 75.7011947632, -862.368774414, -56.8553657532, -568.587463379, -18.6668395996, -494.276428223, 118.697189331, -365.741027832, 133.778045654], [-86.7080841064, 403.013397217, 896.084899902, 319.927032471, 271.263641357, 85.3629837036, 103.693481445, 56.6067123413, 72.9885177612, 14.435713768, 14.416592598, 11.6967306137, -4.11997747421], [653.519775391, -392.681121826, 319.927032471, 779.77142334, 408.371887207, 369.804107666, 173.337295532, 284.3777771, 191.832855225, 131.325393677, 39.5389900208, 73.3359909058, 15.2748718262], [3.69008708, 75.7011947632, 271.263641357, 408.371887207, 543.623779297, 295.260803223, 272.09161377, 178.894058228, 208.452819824, 90.7418289185, 54.8369064331, 45.5070228577, 34.4304771423], [1002.86834717, -862.368774414, 85.3629837036, 369.804107666, 295.260803223, 523.516418457, 241.772018433, 288.101745605, 125.655227661, 198.6615448, 28.6841697693, 103.210968018, 6.97502470016], [-163.927429199, -56.8553657532, 103.693481445, 173.337295532, 272.09161377, 241.772018433, 295.02557373, 174.798736572, 158.811767578, 87.4889907837, 61.1616096497, 25.9072723389, 32.2696609497], [670.651062012, -568.587463379, 56.6067123413, 284.3777771, 178.894058228, 288.101745605, 174.798736572, 287.524047852, 149.08430481, 144.375244141, 44.3270339966, 77.2098312378, 6.14395475388], [-140.861618042, -18.6668395996, 72.9885177612, 191.832855225, 208.452819824, 125.655227661, 158.811767578, 149.08430481, 204.830596924, 90.6106719971, 59.519947052, 39.67395401, 26.9370822906], [579.735412598, -494.276428223, 14.435713768, 131.325393677, 90.7418289185, 198.6615448, 87.4889907837, 144.375244141, 90.6106719971, 174.785598755, 37.4053421021, 76.7508544922, 16.5844173431], [-191.190765381, 118.697189331, 14.416592598, 39.5389900208, 54.8369064331, 28.6841697693, 61.1616096497, 44.3270339966, 59.519947052, 37.4053421021, 87.2536697388, 25.7470207214, 32.8905906677], [528.74017334, -365.741027832, 11.6967306137, 73.3359909058, 45.5070228577, 103.210968018, 25.9072723389, 77.2098312378, 39.67395401, 76.7508544922, 25.7470207214, 110.798713684, 29.2315559387], [-196.162872314, 133.778045654, -4.11997747421, 15.2748718262, 34.4304771423, 6.97502470016, 32.2696609497, 6.14395475388, 26.9370822906, 16.5844173431, 32.8905906677, 29.2315559387, 86.9065628052]],
        "icov": [[0.000192118895939, 7.54996581236e-05, -5.66677545066e-06, 4.22907942266e-06, -0.000166821511812, 6.7164073414e-08, 0.000296277139569, -0.000400623714086, 0.00047147544683, -0.000255816587014, 0.00025208806619, -0.000515931053087, 0.00028162333183], [7.54996581236e-05, 0.000854363373946, -0.00034260560642, 0.000119332929899, -0.000594362441916, 0.000703861413058, 5.79053084948e-05, 0.000576343969442, -0.000332534167683, 0.000954765768256, -0.00142393028364, 0.00168855686206, -0.00117339822464], [-5.66677545066e-06, -0.00034260560642, 0.00164151308127, -0.000773450476117, -0.000396279501729, 0.000494645268191, -0.000687765772454, 2.97462538583e-05, 0.000930159934796, -0.000761316739954, 0.000719283358194, -0.00118119444232, 0.0010809849482], [4.22907942266e-06, 0.000119332929899, -0.000773450476117, 0.00381899136119, -0.00207694480196, -0.00176700332668, 0.00347139220685, -0.00271115684882, -0.0014030522434, 0.00142991996836, -0.00058751978213, 0.00144740298856, -0.0011171803344], [-0.000166821511812, -0.000594362441916, -0.000396279501729, -0.00207694480196, 0.00713190855458, -0.00260570133105, -0.00370311015286, 0.00352232600562, -0.00405163923278, 0.0011793350568, 0.00116683589295, -0.0016162985703, 0.000527089403477], [6.7164073414e-08, 0.000703861413058, 0.000494645268191, -0.00176700332668, -0.00260570133105, 0.0105610089377, -0.00544110918418, -0.00326602160931, 0.00630155857652, -0.00516434712335, 0.00139824184589, -0.000914111849852, 0.000497269036714], [0.000296277139569, 5.79053084948e-05, -0.000687765772454, 0.00347139220685, -0.00370311015286, -0.00544110918418, 0.014411165379, -0.0045279734768, -0.00429545342922, 0.00259828753769, -0.00297458958812, 0.00403945660219, -0.00258767884225], [-0.000400623714086, 0.000576343969442, 2.97462538583e-05, -0.00271115684882, 0.00352232600562, -0.00326602160931, -0.0045279734768, 0.016035951674, -0.00686756242067, -0.000103730155388, -0.00220054155216, -0.000173099761014, 0.00114021485206], [0.00047147544683, -0.000332534167683, 0.000930159934796, -0.0014030522434, -0.00405163923278, 0.00630155857652, -0.00429545342922, -0.00686756242067, 0.0182882659137, -0.00701652141288, -0.000331946386723, -0.00303577492014, 0.00186383328401], [-0.000255816587014, 0.000954765768256, -0.000761316739954, 0.00142991996836, 0.0011793350568, -0.00516434712335, 0.00259828753769, -0.000103730155388, -0.00701652141288, 0.0174080505967, -0.0047791339457, -0.000472288025776, -0.00252434937283], [0.00025208806619, -0.00142393028364, 0.000719283358194, -0.00058751978213, 0.00116683589295, 0.00139824184589, -0.00297458958812, -0.00220054155216, -0.000331946386723, -0.0047791339457, 0.0206396132708, -0.00621376000345, -0.00112247210927], [-0.000515931053087, 0.00168855686206, -0.00118119444232, 0.00144740298856, -0.0016162985703, -0.000914111849852, 0.00403945660219, -0.000173099761014, -0.00303577492014, -0.000472288025776, -0.00621376000345, 0.0221277587116, -0.00890822522342], [0.00028162333183, -0.00117339822464, 0.0010809849482, -0.0011171803344, 0.000527089403477, 0.000497269036714, -0.00258767884225, 0.00114021485206, 0.00186383328401, -0.00252434937283, -0.00112247210927, -0.00890822522342, 0.0181528031826]]
    },
    "melbands": {
        "dmean": [0.00230299006216, 0.0014657775173, 0.000804123817943, 0.000448207283625, 0.000499862071592, 0.000318955950206, 0.000155663365149, 9.0532565082e-05, 8.38107443997e-05, 9.36840224313e-05, 7.38853850635e-05, 6.68873617542e-05, 7.27274891688e-05, 5.85976122238e-05, 3.83719961974e-05, 3.6621473555e-05, 3.57386052201e-05, 3.00277843053e-05, 2.00508566195e-05, 1.70095245267e-05, 1.48545350385e-05, 1.30317685034e-05, 1.38505683935e-05, 1.29542913783e-05, 9.92764671537e-06, 8.05346280686e-06, 7.91446018411e-06, 6.19015600023e-06, 6.29238775218e-06, 5.52908250029e-06, 6.39254267298e-06, 5.30206125404e-06, 5.17254738952e-06, 6.03767693974e-06, 4.6434174692e-06, 3.5730899981e-06, 3.53089626515e-06, 3.09719712277e-06, 2.58348291027e-06, 2.86806471195e-06],
        "dmean2": [0.00326131586917, 0.0021610322874, 0.00141019490547, 0.000775557127781, 0.00079432624625, 0.000519313267432, 0.000260313536273, 0.000155343994265, 0.000137918890687, 0.000148241175339, 0.000117475821753, 0.000106644067273, 0.000116857059766, 9.29764064495e-05, 6.16546676611e-05, 5.85784619034e-05, 5.74355472054e-05, 4.82586874568e-05, 3.2060808735e-05, 2.76448954537e-05, 2.46582749241e-05, 2.21623831749e-05, 2.38852462644e-05, 2.15136296902e-05, 1.60633189807e-05, 1.30320377139e-05, 1.30352264023e-05, 1.00490979094e-05, 1.03427564682e-05, 9.05832985154e-06, 1.06425986814e-05, 8.50349351822e-06, 8.2747601482e-06, 9.66569768934e-06, 7.53464973968e-06, 5.56272516405e-06, 5.66086237086e-06, 4.98147892358e-06, 3.96764517063e-06, 4.52481071989e-06],
        "dvar": [2.16836833715e-05, 1.76613229996e-05, 6.41265614831e-06, 1.8528965029e-06, 2.83797248812e-06, 5.58529222872e-07, 1.40600405985e-07, 5.68240530185e-08, 5.93135887073e-08, 1.99960314973e-08, 1.31340547327e-08, 1.37257707422e-08, 2.13681978778e-08, 1.1952879575e-08, 4.83875961521e-09, 3.8049110529e-09, 3.18424020485e-09, 2.15514739388e-09, 9.42089295464e-10, 9.52504075613e-10, 7.29092952678e-10, 7.00671520804e-10, 7.17245318693e-10, 5.80623160662e-10, 3.22355531157e-10, 2.55952453676e-10, 3.14551162894e-10, 1.56737955948e-10, 1.14570859744e-10, 8.8581940394e-11, 1.44852616013e-10, 9.85136000553e-11, 8.58705606621e-11, 1.32118940788e-10, 7.50902395819e-11, 3.74630812483e-11, 3.20264127718e-11, 2.30923249273e-11, 1.559346402e-11, 2.95194667321e-11],
        "dvar2": [4.18391718995e-05, 3.94692069676e-05, 1.7059755919e-05, 5.04647096022e-06, 6.7713772296e-06, 1.52623147187e-06, 3.94786468405e-07, 1.59062039984e-07, 1.65833284882e-07, 5.04122468215e-08, 3.29154445922e-08, 3.48486146606e-08, 5.65963880206e-08, 2.92121153933e-08, 1.22304255612e-08, 9.23430665267e-09, 7.37628802483e-09, 5.16280573848e-09, 2.28504881683e-09, 2.24930118975e-09, 1.85140780484e-09, 1.93374738444e-09, 1.99190108852e-09, 1.51075019161e-09, 7.74138031456e-10, 6.37032648854e-10, 8.02454103166e-10, 3.97833321841e-10, 2.78860323721e-10, 2.166293811e-10, 3.73977876444e-10, 2.40137687513e-10, 2.09399206308e-10, 2.97621705059e-10, 1.85242821082e-10, 8.44846137493e-11, 7.49275849699e-11, 5.56453806644e-11, 3.46932448048e-11, 6.93349475056e-11],
        "max": [0.0551236122847, 0.0403188206255, 0.0310552772135, 0.0206874199212, 0.024858083576, 0.011176510714, 0.00614164490253, 0.00360189122148, 0.00412466889247, 0.00171774288174, 0.00160719302949, 0.00178857683204, 0.00232973392121, 0.00150449306238, 0.000945704232436, 0.00084559363313, 0.000995165784843, 0.000554329482839, 0.000670225184876, 0.000370700785425, 0.000311408890411, 0.000342980638379, 0.000346290908055, 0.000242487963988, 0.000212346349144, 0.000228344681091, 0.000292687269393, 0.00023136746313, 0.000129914391437, 0.000120782366139, 0.000164009441505, 0.000154991648742, 0.00015021886793, 0.000160443116329, 0.000110305569251, 8.16792016849e-05, 6.12448275206e-05, 4.3635671318e-05, 4.09149324696e-05, 7.80549889896e-05],
        "mean": [0.00767420371994, 0.00205378467217, 0.000797910674009, 0.00055357045494, 0.000640016340185, 0.000560276559554, 0.000264230417088, 0.000102887206594, 0.000110012406367, 0.000153705652338, 0.000117609022709, 9.99362600851e-05, 9.43480918068e-05, 8.22101792437e-05, 5.59302607144e-05, 5.72336866753e-05, 5.50629993086e-05, 4.43033422926e-05, 3.0330294976e-05, 2.48542310146e-05, 2.09788904613e-05, 1.69916311279e-05, 1.81021714525e-05, 1.75976347236e-05, 1.51155118147e-05, 1.30735070343e-05, 1.27359899125e-05, 1.07147625386e-05, 1.07742353066e-05, 1.03873426269e-05, 1.11059389383e-05, 9.10779726837e-06, 8.46142575028e-06, 8.80355037225e-06, 7.46956266084e-06, 6.95262770023e-06, 6.21369736109e-06, 5.25641235072e-06, 4.71308067063e-06, 4.83802932649e-06],
        "median": [0.00045146694174, 0.000362146354746, 0.000199513204279, 0.00015850859927, 0.000119667929539, 0.000225623734877, 8.60390500748e-05, 2.71223743766e-05, 3.51071539626e-05, 7.61323608458e-05, 5.64882429899e-05, 3.84471422876e-05, 3.61127858923e-05, 2.48588858085e-05, 1.40408355946e-05, 2.54992773989e-05, 2.79112173303e-05, 2.2094729502e-05, 1.59020491992e-05, 1.09633692773e-05, 9.6274252428e-06, 7.31318687031e-06, 8.40983648231e-06, 7.62664649301e-06, 7.40703126212e-06, 7.36217771191e-06, 7.92955324869e-06, 7.00924965713e-06, 7.00019791111e-06, 6.83329926687e-06, 7.11173015588e-06, 5.65647405892e-06, 4.81293591292e-06, 4.53862958238e-06, 3.76933303414e-06, 4.32435399489e-06, 3.81657446269e-06, 3.1336489883e-06, 2.88788442049e-06, 2.8241279324e-06],
        "min": [6.63825511027e-18, 2.57041474306e-18, 3.86461806564e-19, 1.24838160085e-18, 2.3253362236e-18, 2.80754219567e-18, 3.21419224981e-18, 3.11907681912e-18, 1.75600476519e-18, 9.74368510365e-19, 4.70791251842e-18, 4.39435523157e-18, 1.16428431932e-18, 1.97468567655e-18, 3.33746863086e-18, 1.88975676831e-18, 1.31285515972e-18, 4.15650316874e-18, 1.66776579033e-18, 2.26523245312e-18, 1.72728360675e-18, 1.92622240523e-18, 1.46262168969e-18, 1.49098033622e-18, 8.83353930964e-19, 1.37629257148e-18, 8.3742477915e-19, 6.38859194228e-19, 6.19157561494e-19, 6.11400003216e-19, 4.17676061515e-19, 4.49356923879e-19, 5.18508912896e-19, 9.02508228625e-19, 1.13263173619e-18, 1.3436819064e-18, 1.73616277024e-18, 2.44681989747e-18, 2.41003682999e-18, 2.80377314721e-18],
        "var": [0.000136334318086, 2.11181722989e-05, 4.72662168249e-06, 1.40565123274e-06, 2.85139890366e-06, 6.91409979936e-07, 1.93858511466e-07, 4.90104383744e-08, 6.11560366792e-08, 3.63391734481e-08, 2.27029843813e-08, 2.44781954706e-08, 2.61621710962e-08, 1.98793745909e-08, 8.78435724161e-09, 6.31711483123e-09, 5.74177461132e-09, 3.54567952776e-09, 1.74610415016e-09, 1.51618695376e-09, 1.04562136727e-09, 7.26676607776e-10, 7.27468085771e-10, 6.64389154803e-10, 4.76195360921e-10, 3.32161687044e-10, 3.46105699656e-10, 1.96178601142e-10, 1.75112188638e-10, 1.57448276639e-10, 1.98411356789e-10, 1.40130587689e-10, 1.21378976314e-10, 1.73790731806e-10, 1.03384779904e-10, 7.2463882117e-11, 5.35906596877e-11, 3.77623210479e-11, 2.91311315348e-11, 4.18577394967e-11]
    },
    "mfcc": {
        "mean": [-627.233093262, 85.0135116577, 14.1384210587, 11.0212478638, 3.34087991714, 9.54507446289, 5.03929758072, 2.33839559555, 1.18710362911, 2.7646510601, 0.68538492918, -1.1425743103, -1.30984246731],
        "cov": [[8404.82714844, -2732.69311523, -591.958618164, 34.8634605408, 149.031448364, 310.708312988, 205.955841064, 254.242828369, 188.567687988, 184.601394653, 176.352828979, 106.197471619, 81.8726577759], [-2732.69311523, 3036.64257812, 527.399414062, 50.2818069458, -95.876449585, -299.772857666, -224.157150269, -273.60256958, -263.007629395, -290.571350098, -240.961608887, -156.708435059, -84.6856765747], [-591.958618164, 527.399414062, 640.00390625, 217.889938354, 146.94519043, 39.2855873108, 35.7649765015, 21.7459011078, 6.96773147583, 9.21678352356, 9.63314723969, -12.4073228836, -1.2486666441], [34.8634605408, 50.2818069458, 217.889938354, 442.403717041, 291.816772461, 152.08996582, 91.8429336548, 150.788284302, 117.791091919, 104.445343018, 77.3772125244, 52.1253318787, 31.2228755951], [149.031448364, -95.876449585, 146.94519043, 291.816772461, 350.042572021, 220.471969604, 144.632507324, 180.071212769, 148.478256226, 125.365028381, 100.503944397, 68.0536117554, 53.0240058899], [310.708312988, -299.772857666, 39.2855873108, 152.08996582, 220.471969604, 288.734527588, 185.840301514, 160.535873413, 166.651489258, 130.607620239, 100.061630249, 73.1261825562, 58.4207763672], [205.955841064, -224.157150269, 35.7649765015, 91.8429336548, 144.632507324, 185.840301514, 228.226791382, 153.408035278, 126.572052002, 132.352813721, 87.5510635376, 57.8196716309, 46.2614784241], [254.242828369, -273.60256958, 21.7459011078, 150.788284302, 180.071212769, 160.535873413, 153.408035278, 232.578872681, 155.21786499, 139.270599365, 114.015403748, 76.649559021, 55.0892181396], [188.567687988, -263.007629395, 6.96773147583, 117.791091919, 148.478256226, 166.651489258, 126.572052002, 155.21786499, 198.233627319, 143.298736572, 102.877227783, 83.0067749023, 60.9306793213], [184.601394653, -290.571350098, 9.21678352356, 104.445343018, 125.365028381, 130.607620239, 132.352813721, 139.270599365, 143.298736572, 181.760391235, 123.57409668, 72.7205657959, 48.7955131531], [176.352828979, -240.961608887, 9.63314723969, 77.3772125244, 100.503944397, 100.061630249, 87.5510635376, 114.015403748, 102.877227783, 123.57409668, 139.910430908, 84.6509399414, 47.1746025085], [106.197471619, -156.708435059, -12.4073228836, 52.1253318787, 68.0536117554, 73.1261825562, 57.8196716309, 76.649559021, 83.0067749023, 72.7205657959, 84.6509399414, 100.480354309, 61.0358085632], [81.8726577759, -84.6856765747, -1.2486666441, 31.2228755951, 53.0240058899, 58.4207763672, 46.2614784241, 55.0892181396, 60.9306793213, 48.7955131531, 47.1746025085, 61.0358085632, 81.3220748901]],
