{
"lowlevel": {
    "average_loudness": 0.878145813942,
    "barkbands_crest": {
        "dmean": 2.92968988419,
        "dmean2": 4.47944402695,
        "dvar": 8.94681739807,
        "dvar2": 20.3986778259,
        "max": 26.1159610748,
        "mean": 14.1876792908,
        "median": 14.3271217346,
        "min": 2.26743078232,
        "var": 28.00233078
    },
    "barkbands_flatness_db": {
        "dmean": 0.0261033196002,
        "dmean2": 0.0398494414985,
        "dvar": 0.000920037273318,
        "dvar2": 0.00195203453768,
        "max": 0.561653256416,
        "mean": 0.164959490299,
        "median": 0.127826094627,
        "min": 0.0175829064101,
        "var": 0.0110814431682
    },
    "barkbands_kurtosis": {
        "dmean": 3.75186061859,
        "dmean2": 5.73392438889,
        "dvar": 109.575431824,
        "dvar2": 196.581817627,
        "max": 497.403259277,
        "mean": 5.17070436478,
        "median": 1.9814324379,
        "min": -1.93520176411,
        "var": 190.123626709
    },
    "barkbands_skewness": {
        "dmean": 0.651096105576,
        "dmean2": 0.994426369667,
        "dvar": 0.745417296886,
        "dvar2": 1.54288566113,
        "max": 17.3169879913,
        "mean": 1.35175848007,
        "median": 1.35746455193,
        "min": -5.72279596329,
        "var": 3.24843192101
    },
    "barkbands_spread": {
        "dmean": 7.19239234924,
        "dmean2": 11.2453250885,
        "dvar": 84.1152648926,
        "dvar2": 195.936340332,
        "max": 104.044258118,
        "mean": 29.3885955811,
        "median": 29.9065475464,
        "min": 0.387740463018,
        "var": 373.977386475
    },
    "dissonance": {
        "dmean": 0.0254873093218,
        "dmean2": 0.04317477718,
        "dvar": 0.000935479009058,
        "dvar2": 0.00252817920409,
        "max": 0.500000119209,
        "mean": 0.444584727287,
        "median": 0.467530161142,
        "min": 0.0888240933418,
        "var": 0.00403312733397
    },
    "dynamic_complexity": 2.98701477051,
    "erbbands_crest": {
        "dmean": 3.18495321274,
        "dmean2": 5.27093696594,
        "dvar": 9.07146835327,
        "dvar2": 22.7036151886,
        "max": 32.6952781677,
        "mean": 11.5154008865,
        "median": 9.94506645203,
        "min": 2.03440594673,
        "var": 42.3294029236
    },
    "erbbands_flatness_db": {
        "dmean": 0.0151717653498,
        "dmean2": 0.0234995670617,
        "dvar": 0.000284592359094,
        "dvar2": 0.000590125040617,
        "max": 0.551892876625,
        "mean": 0.174815043807,
        "median": 0.116428941488,
        "min": 0.0375335626304,
        "var": 0.0165011640638
    },
    "erbbands_kurtosis": {
        "dmean": 1.46363151073,
        "dmean2": 2.20380926132,
        "dvar": 10.6618051529,
        "dvar2": 21.1678066254,
        "max": 67.7250213623,
        "mean": 1.90969824791,
        "median": -0.127897024155,
        "min": -1.88967359066,
        "var": 35.7215919495
    },
    "erbbands_skewness": {
        "dmean": 0.400737464428,
        "dmean2": 0.616224646568,
        "dvar": 0.166069477797,
        "dvar2": 0.341647088528,
        "max": 7.01497030258,
        "mean": 0.143657311797,
        "median": 0.213495522738,
        "min": -6.44172906876,
        "var": 1.49927008152
    },
    "erbbands_spread": {
        "dmean": 9.19623947144,
        "dmean2": 13.9153432846,
        "dvar": 162.600585938,
        "dvar2": 297.64944458,
        "max": 208.32043457,
        "mean": 42.4242553711,
        "median": 42.4176826477,
        "min": 0.857426702976,
        "var": 836.94152832
    },
    "hfc": {
        "dmean": 12.0864562988,
        "dmean2": 19.3758068085,
        "dvar": 452.829925537,
        "dvar2": 1230.88330078,
        "max": 344.960906982,
        "mean": 43.0929832458,
        "median": 37.9043579102,
        "min": 1.20310442246e-16,
        "var": 1702.56445312
    },
    "melbands_crest": {
        "dmean": 3.57118225098,
        "dmean2": 5.5653090477,
        "dvar": 13.6500825882,
        "dvar2": 32.8558006287,
        "max": 36.1327209473,
        "mean": 20.805639267,
        "median": 21.9965553284,
        "min": 2.42419314384,
        "var": 56.053150177
    },
    "melbands_flatness_db": {
        "dmean": 0.0311172846705,
        "dmean2": 0.0475603379309,
        "dvar": 0.00152135721873,
        "dvar2": 0.00329547701403,
        "max": 0.682387530804,
        "mean": 0.230307221413,
        "median": 0.20031312108,
        "min": 0.00701850419864,
        "var": 0.0143968109041
    },
    "melbands_kurtosis": {
        "dmean": 14.5132427216,
        "dmean2": 22.0810489655,
        "dvar": 1348.73974609,
        "dvar2": 2443.37695312,
        "max": 750.782714844,
        "mean": 24.757270813,
        "median": 9.43968963623,
        "min": -1.81832957268,
        "var": 2867.37255859
    },
    "melbands_skewness": {
        "dmean": 1.06260621548,
        "dmean2": 1.61729216576,
        "dvar": 2.51121520996,
        "dvar2": 4.78631353378,
        "max": 23.6156749725,
        "mean": 3.10353088379,
        "median": 2.74074697495,
        "min": -3.77902626991,
        "var": 10.0708856583
    },
    "melbands_spread": {
        "dmean": 9.18155574799,
        "dmean2": 14.6683769226,
        "dvar": 222.255081177,
        "dvar2": 526.188964844,
        "max": 249.029037476,
        "mean": 25.814447403,
        "median": 20.4856414795,
        "min": 0.335662633181,
        "var": 539.286987305
    },
    "pitch_salience": {
        "dmean": 0.081149533391,
        "dmean2": 0.124626941979,
        "dvar": 0.00687900511548,
        "dvar2": 0.0156424213201,
        "max": 0.941801130772,
        "mean": 0.444886416197,
        "median": 0.434012830257,
        "min": 0.0436148680747,
        "var": 0.0239473283291
    },
    "silence_rate_20dB": {
        "dmean": 0,
        "dmean2": 0,
        "dvar": 0,
        "dvar2": 0,
        "max": 1,
        "mean": 1,
        "median": 1,
        "min": 1,
        "var": 0
    },
    "silence_rate_30dB": {
        "dmean": 0.0491657108068,
        "dmean2": 0.0983439460397,
        "dvar": 0.0467445030808,
        "dvar2": 0.110066890717,
        "max": 1,
        "mean": 0.946383059025,
        "median": 1,
        "min": 0,
        "var": 0.0507384128869
    },
    "silence_rate_60dB": {
        "dmean": 0.0150299323723,
        "dmean2": 0.030063694343,
        "dvar": 0.0148051949218,
        "dvar2": 0.032723903656,
        "max": 1,
        "mean": 0.0678807944059,
        "median": 0,
        "min": 0,
        "var": 0.0632730126381
    },
    "spectral_centroid": {
        "dmean": 292.492462158,
        "dmean2": 453.99319458,
        "dvar": 141887.3125,
        "dvar2": 326799.375,
        "max": 10795.7978516,
        "mean": 1809.61022949,
        "median": 1932.38500977,
        "min": 116.597694397,
        "var": 618133.1875
    },
    "spectral_complexity": {
        "dmean": 5.04139614105,
        "dmean2": 8.29044628143,
        "dvar": 41.0837211609,
        "dvar2": 100.78289032,
        "max": 56,
        "mean": 19.9933776855,
        "median": 19,
        "min": 0,
        "var": 147.646957397
    },
    "spectral_decrease": {
        "dmean": 3.06427039298e-09,
        "dmean2": 4.56853443964e-09,
        "dvar": 2.08006013206e-17,
        "dvar2": 4.34928555143e-17,
        "max": 1.05816525416e-28,
        "mean": -1.05245661075e-08,
        "median": -9.65275326337e-09,
        "min": -6.42678941176e-08,
        "var": 8.1293054053e-17
    },
    "spectral_energy": {
        "dmean": 0.0119374236092,
        "dmean2": 0.0176236703992,
        "dvar": 0.000293076154776,
        "dvar2": 0.000610151968431,
        "max": 0.248676344752,
        "mean": 0.04363084957,
        "median": 0.0422364994884,
        "min": 1.05131335824e-20,
        "var": 0.00124377745669
    },
    "spectral_energyband_high": {
        "dmean": 0.00101523171179,
        "dmean2": 0.00163562584203,
        "dvar": 3.76830939786e-06,
        "dvar2": 1.03866705103e-05,
        "max": 0.0274648647755,
        "mean": 0.00323312077671,
        "median": 0.00251948228106,
        "min": 7.64194524758e-21,
        "var": 1.46205402416e-05
    },
    "spectral_energyband_low": {
        "dmean": 0.00968944374472,
        "dmean2": 0.0144135318696,
        "dvar": 0.000328000867739,
        "dvar2": 0.000686650455464,
        "max": 0.243140250444,
        "mean": 0.0263476949185,
        "median": 0.0192677751184,
        "min": 6.07961973008e-23,
        "var": 0.00100598670542
    },
    "spectral_energyband_middle_high": {
        "dmean": 0.00296161090955,
        "dmean2": 0.00493644131348,
        "dvar": 1.81414961844e-05,
        "dvar2": 4.95738677273e-05,
        "max": 0.0510634221137,
        "mean": 0.0070513933897,
        "median": 0.00564451515675,
        "min": 1.42901650634e-21,
        "var": 3.77190153813e-05
    },
    "spectral_energyband_middle_low": {
        "dmean": 0.00561723904684,
        "dmean2": 0.00946195423603,
        "dvar": 0.000212475046283,
        "dvar2": 0.000578098872211,
        "max": 0.143381565809,
        "mean": 0.00789387896657,
        "median": 0.00414933077991,
        "min": 3.91320043481e-22,
        "var": 0.000167036690982
    },
    "spectral_entropy": {
        "dmean": 0.167775034904,
        "dmean2": 0.263652294874,
        "dvar": 0.0393167324364,
        "dvar2": 0.0899411141872,
        "max": 9.80595302582,
        "mean": 7.61776018143,
        "median": 8.06935691833,
        "min": 4.51103162766,
        "var": 1.04798424244
    },
    "spectral_flux": {
        "dmean": 0.0322095863521,
        "dmean2": 0.0478162616491,
        "dvar": 0.00138811883517,
        "dvar2": 0.00226922822185,
        "max": 0.485999077559,
        "mean": 0.0983963087201,
        "median": 0.08560988307,
        "min": 1.02533571911e-10,
        "var": 0.00533422967419
    },
    "spectral_kurtosis": {
        "dmean": 6.9072766304,
        "dmean2": 11.9988365173,
        "dvar": 460.199615479,
        "dvar2": 1289.36352539,
        "max": 662.996887207,
        "mean": 24.2079353333,
        "median": 2.1843791008,
        "min": -1.27230143547,
        "var": 3479.19213867
    },
    "spectral_rms": {
        "dmean": 0.000840349763166,
        "dmean2": 0.00122823775746,
        "dvar": 1.01633440863e-06,
        "dvar2": 2.09164113585e-06,
        "max": 0.0155759770423,
        "mean": 0.00586589891464,
        "median": 0.00641921674833,
        "min": 3.20261070268e-12,
        "var": 8.15784278529e-06
    },
    "spectral_rolloff": {
        "dmean": 723.274353027,
        "dmean2": 1194.75280762,
        "dvar": 1928924.75,
        "dvar2": 4330886,
        "max": 18863.0859375,
        "mean": 2123.25048828,
        "median": 1184.32617188,
        "min": 21.533203125,
        "var": 6823722.5
    },
    "spectral_skewness": {
        "dmean": 0.391882926226,
        "dmean2": 0.663503170013,
        "dvar": 0.813192903996,
        "dvar2": 2.27190804482,
        "max": 20.6300163269,
        "mean": 2.42279195786,
        "median": 1.28744697571,
        "min": 0.000568433839362,
        "var": 8.13709354401
    },
    "spectral_spread": {
        "dmean": 562587.6875,
        "dmean2": 855380.5,
        "dvar": 841985556480,
        "dvar2": 1.47878235341e+12,
        "max": 40325048,
        "mean": 6190126.5,
        "median": 6842401,
        "min": 119515.984375,
        "var": 9.43504595354e+12
    },
    "spectral_strongpeak": {
        "dmean": 0.464775025845,
        "dmean2": 0.733525633812,
        "dvar": 0.74861395359,
        "dvar2": 1.94392263889,
        "max": 15.1302967072,
        "mean": 1.16977274418,
        "median": 0.572086691856,
        "min": 0,
        "var": 2.17007732391
    },
    "zerocrossingrate": {
        "dmean": 0.0144185079262,
        "dmean2": 0.0172406192869,
        "dvar": 0.000339260732289,
        "dvar2": 0.000406443490647,
        "max": 0.65673828125,
        "mean": 0.0867003276944,
        "median": 0.0712890625,
        "min": 0.0048828125,
        "var": 0.00374464923516
    },
    "barkbands": {
        "dmean": [0.00085823435802, 0.00806832779199, 0.00335082481615, 0.00259364419617, 0.00185603171121, 0.000420441676397, 0.000807820353657, 0.000528269039933, 0.000816825893708, 0.000953513081186, 0.000813172431663, 0.000253103091381, 0.000702230376191, 0.000329053902533, 0.000554398167878, 0.000516539730597, 0.000371485570213, 0.000222140006372, 0.000219814101001, 0.000219829729758, 0.000240471228608, 0.000195276472368, 0.000187304613064, 0.000199241490918, 0.000249226373853, 0.000113719848741, 4.11020300817e-05],
        "dmean2": [0.0013148416765, 0.0113208591938, 0.00562257692218, 0.00479259481654, 0.0030296430923, 0.00065883807838, 0.00122681155335, 0.000815382285509, 0.0012787040323, 0.0015069238143, 0.0013253580546, 0.000437496433733, 0.00110863836017, 0.00051882857224, 0.000878359947819, 0.000815714593045, 0.000653636932839, 0.000384032173315, 0.000379191711545, 0.000378337193979, 0.000413278205087, 0.000326419889461, 0.000315909681376, 0.000327307730913, 0.000363512546755, 0.000183160242159, 6.79886725266e-05],
        "dvar": [3.02101420857e-06, 0.000224642586545, 0.000164499229868, 0.000116760355013, 2.59334410657e-05, 1.38593122756e-06, 2.09095014725e-06, 1.8838007918e-06, 2.92540494229e-06, 3.43018950844e-06, 2.84143675344e-06, 2.54936054489e-07, 2.54393125942e-06, 9.74541080723e-07, 2.11397241401e-06, 2.25650614993e-06, 9.34724425861e-07, 1.77687709879e-07, 1.41479048921e-07, 1.54828640575e-07, 1.97081391207e-07, 1.24077629948e-07, 1.14742846336e-07, 1.19240880281e-07, 1.90680566448e-07, 4.00445401283e-08, 6.99105573432e-09],
        "dvar2": [7.25026848158e-06, 0.000411007902585, 0.000422625045758, 0.000330479699187, 6.54135801597e-05, 2.95534391626e-06, 4.34979983766e-06, 3.83939868698e-06, 6.5020249167e-06, 8.16281499283e-06, 6.89786247676e-06, 6.77135290061e-07, 5.8811378949e-06, 2.13015596273e-06, 5.12147471454e-06, 5.22267055203e-06, 2.52397603617e-06, 5.10296558787e-07, 3.98074064378e-07, 4.3317496079e-07, 5.60215255518e-07, 3.35389302109e-07, 3.25795269873e-07, 3.23247945744e-07, 4.08193500334e-07, 1.02546913183e-07, 1.84781772106e-08],
        "max": [0.0262116715312, 0.178108677268, 0.150262862444, 0.121966838837, 0.0576699115336, 0.0320411399007, 0.0322736315429, 0.0281102024019, 0.0307010002434, 0.0358176454902, 0.0329037904739, 0.00823625829071, 0.0255049373955, 0.021990545094, 0.0343129821122, 0.0301765017211, 0.0163328852504, 0.00819080136716, 0.00394677370787, 0.00439638551325, 0.00626169750467, 0.00857233162969, 0.00579859828576, 0.00564533472061, 0.00931709539145, 0.00619682809338, 0.00279072741978],
        "mean": [0.001702571637, 0.021283371374, 0.00262915738858, 0.00167055404745, 0.0020317172166, 0.000593592587393, 0.0013639642857, 0.000744167133234, 0.00117754936218, 0.00132165791001, 0.00106679310557, 0.000280195003143, 0.00100979139097, 0.000557218270842, 0.000824873859528, 0.000740864663385, 0.000474673492135, 0.000359624216799, 0.000375424046069, 0.000404432328651, 0.00047686212929, 0.000452216365375, 0.00045073806541, 0.000545978196897, 0.00066253321711, 0.000337884499459, 9.24681662582e-05],
        "median": [0.000221552472794, 0.0122171556577, 8.64577668835e-05, 6.82861937094e-05, 0.000316185993142, 0.000146999882418, 0.000631306669675, 0.000182689414942, 0.000333154865075, 0.000364486302715, 0.000230688019656, 9.47439257288e-05, 0.000285717775114, 0.000123688398162, 0.000260151544353, 0.000222314643906, 0.000190579215996, 0.000198115696548, 0.000256829429418, 0.000270146178082, 0.000343831139617, 0.000300733459881, 0.000304026587401, 0.00038784975186, 0.000400924531277, 0.000222694958211, 4.56539637526e-05],
        "min": [1.65617150311e-23, 2.95180706681e-23, 2.56505601734e-23, 4.36544659783e-24, 3.7698066006e-23, 1.73213508486e-22, 6.04464731734e-23, 1.66911639502e-23, 8.97748827473e-23, 6.07308417526e-23, 6.12017790912e-23, 1.56088789738e-22, 9.4695519395e-23, 9.01954402731e-23, 9.51832626264e-23, 1.50712519653e-22, 1.5314426859e-22, 1.83092192721e-22, 2.47147142867e-22, 2.16532120089e-22, 4.05588959535e-22, 4.0492699795e-22, 5.93664052117e-22, 9.20083537049e-22, 1.00966289589e-21, 1.69163282028e-21, 2.77863659858e-21],
        "var": [8.20866534923e-06, 0.000688424974214, 0.000123091376736, 6.8711451604e-05, 2.49250861089e-05, 2.26093015954e-06, 4.50081779491e-06, 3.54852159035e-06, 5.24856932316e-06, 5.15042529514e-06, 4.3882528189e-06, 2.61312351313e-07, 4.57837950307e-06, 3.03811452795e-06, 3.57078647539e-06, 3.5858404317e-06, 9.92208811113e-07, 2.26119439617e-07, 1.9802449458e-07, 2.40605800172e-07, 3.08048640818e-07, 3.20281543509e-07, 3.16664539923e-07, 4.73713555493e-07, 9.51232777879e-07, 3.26679213458e-07, 3.31456995184e-08]
    },
    "erbbands": {
        "dmean": [0.331630468369, 1.61444818974, 3.58540272713, 6.22890615463, 8.40921211243, 5.46538925171, 3.20124197006, 3.71839523315, 10.3853502274, 14.557762146, 7.50675392151, 21.8688926697, 15.265835762, 31.2259140015, 35.7913742065, 11.3523817062, 33.5659103394, 17.2490520477, 31.8995552063, 20.9268131256, 21.5926322937, 16.5288486481, 12.8603153229, 11.2550487518, 11.1405344009, 11.1964101791, 9.23343086243, 9.64572048187, 6.42558383942, 6.70859622955, 5.15395545959, 4.13591814041, 3.70678567886, 3.32791638374, 1.51018404961, 0.625122606754, 0.197257399559, 0.0610375031829, 0.00659412238747, 9.54600909608e-05],
        "dmean2": [0.461001306772, 2.15430188179, 5.42495584488, 10.9264640808, 14.7705011368, 8.67792224884, 5.20192241669, 5.8459405899, 15.7066421509, 22.2161064148, 11.9436073303, 34.1511573792, 23.9991455078, 50.1700515747, 58.1102142334, 18.9697608948, 52.9538612366, 26.7236785889, 50.270652771, 33.7536582947, 35.9568023682, 29.1215648651, 22.3968372345, 19.1707191467, 19.359834671, 19.2614841461, 15.9297456741, 16.4879169464, 10.7687759399, 11.2842693329, 8.53676986694, 6.84459495544, 6.04307556152, 4.85812664032, 2.28850412369, 1.00442373753, 0.319125682116, 0.100532434881, 0.0108377458528, 0.000154849869432],
        "dvar": [0.317749708891, 11.7376594543, 151.422988892, 602.01159668, 921.984191895, 192.04586792, 62.4925994873, 102.972267151, 418.294952393, 858.974853516, 177.148727417, 2203.26708984, 929.950561523, 4054.73974609, 5859.26416016, 366.713470459, 6111.94628906, 2836.05419922, 7748.83740234, 2136.31176758, 2565.25732422, 1878.22216797, 774.455627441, 325.906311035, 388.750030518, 416.557769775, 261.546905518, 371.240783691, 141.722167969, 135.048049927, 76.4182357788, 52.1286582947, 39.0638122559, 34.8602218628, 7.35994911194, 1.14702618122, 0.129990339279, 0.0151380337775, 0.000185406039236, 3.54531408675e-08],
        "dvar2": [0.653562247753, 19.6986732483, 357.084197998, 1616.86328125, 2555.82006836, 464.447753906, 153.630950928, 225.590637207, 853.082519531, 1816.8449707, 419.003753662, 4878.6015625, 2126.86474609, 9728.49902344, 14466.4511719, 945.165466309, 14220.1142578, 6361.56542969, 18780.6464844, 5280.79150391, 6345.76464844, 5143.04003906, 2168.55664062, 896.916870117, 1089.08862305, 1143.4621582, 741.812988281, 1058.86169434, 379.377838135, 374.927185059, 211.909164429, 141.805953979, 101.055122375, 71.2031555176, 17.9399814606, 2.94382309914, 0.33448395133, 0.0394119769335, 0.000490252219606, 9.35122344004e-08],
        "max": [7.49890851974, 46.5670471191, 168.53364563, 264.136657715, 302.152770996, 187.238952637, 140.203796387, 268.000976562, 477.320098877, 537.92401123, 256.70904541, 871.451782227, 461.208190918, 1184.77563477, 1605.71337891, 350.174835205, 1249.1776123, 1417.56140137, 2118.12524414, 821.635986328, 1054.59179688, 645.443908691, 500.008605957, 218.087036133, 210.97895813, 217.108856201, 192.422943115, 312.284423828, 275.007141113, 151.62437439, 162.314102173, 157.317932129, 114.124572754, 116.729049683, 64.6744689941, 26.7642059326, 13.0810022354, 4.22138309479, 0.495554000139, 0.00692282244563],
        "mean": [0.894906163216, 3.62295770645, 3.62835931778, 4.51092815399, 6.65480232239, 6.72124767303, 4.16693305969, 5.4446387291, 16.3986530304, 24.9183235168, 12.6632976532, 31.4880943298, 23.2950172424, 44.1209640503, 48.2720909119, 17.1763210297, 49.0575752258, 32.9555244446, 46.6801109314, 34.2613487244, 30.9395809174, 22.7708759308, 20.8644485474, 21.2830982208, 18.9236698151, 20.6930923462, 18.7231254578, 19.0286331177, 14.8474006653, 15.3750514984, 12.9985151291, 10.8365402222, 9.55597305298, 8.2850856781, 3.91733145714, 1.71340680122, 0.575824081898, 0.160458937287, 0.0144093399867, 0.000275698519545],
        "median": [0.433088868856, 1.2966439724, 0.477215200663, 0.260291278362, 0.596095561981, 1.21288979053, 1.14843964577, 1.7457678318, 7.42725276947, 8.50482177734, 5.55753993988, 8.90670490265, 8.98643684387, 14.0384140015, 12.6925106049, 8.54045295715, 14.3372144699, 9.47592926025, 13.9739141464, 14.6359081268, 12.6770000458, 10.9007377625, 11.948636055, 14.9376583099, 12.5756559372, 13.7446098328, 13.6513280869, 13.0258588791, 10.2822141647, 10.0377674103, 9.01265716553, 7.66198444366, 6.45433521271, 4.78819847107, 2.4540014267, 1.10172367096, 0.3679266572, 0.0891401916742, 0.00689605344087, 0.000196329739993],
        "min": [5.54296636529e-22, 7.7325659533e-21, 3.00803615832e-20, 2.08280410858e-20, 5.43265924566e-20, 1.97492938463e-19, 4.03068413788e-19, 1.87458007202e-18, 7.90495565977e-19, 8.3832588903e-19, 4.11112771095e-19, 1.74621156712e-18, 1.98587701664e-18, 3.26783863485e-18, 2.45357610192e-18, 6.73073845225e-18, 4.47813001605e-18, 4.27526893391e-18, 4.65276231903e-18, 5.28538343406e-18, 1.0516357409e-17, 8.47023682831e-18, 9.15049610201e-18, 9.00892744889e-18, 1.6420234954e-17, 9.93902256454e-18, 1.62657159612e-17, 1.38723747379e-17, 1.26473111517e-17, 1.41954466697e-17, 1.73482009067e-17, 2.26004454175e-17, 1.37484730083e-17, 9.10220116194e-18, 8.2794616821e-18, 5.95125017869e-18, 3.28357285087e-18, 1.16240579215e-18, 4.48403546524e-19, 4.07330196938e-20],
        "var": [1.11077427864, 30.5223560333, 148.48046875, 406.227630615, 608.580810547, 235.924758911, 84.5696487427, 164.539306641, 802.003479004, 1975.81188965, 381.280792236, 3892.21679688, 1779.45251465, 6070.50732422, 8878.3515625, 566.253479004, 10877.0996094, 9578.4765625, 12608.7949219, 3685.37866211, 3622.43652344, 1937.03320312, 958.046691895, 584.814025879, 540.20324707, 659.069641113, 473.44317627, 536.448303223, 362.224121094, 350.53112793, 252.482528687, 187.182479858, 156.718490601, 150.375137329, 35.2382087708, 7.28681325912, 1.03692018986, 0.0939631164074, 0.000878692604601, 2.01543755907e-07]
    },
    "gfcc": {
        "mean": [-1.47222995758, 54.7988052368, -102.564529419, 5.79536008835, -52.3171844482, 21.2222938538, -29.6324062347, 15.5513763428, -15.116063118, 10.3665008545, -10.7975311279, 5.40639066696, -7.75724840164],
        "cov": [[21253.1894531, -9657.53515625, 2001.84350586, 5875.33935547, 91.2225036621, 1686.3449707, 281.950622559, 1557.171875, -811.340026855, 980.314453125, -773.31652832, 977.502075195, -192.034973145], [-9657.53515625, 6560.90332031, -979.981384277, -2781.31542969, 574.847290039, -780.433227539, 124.214782715, -770.305480957, 550.129516602, -608.646118164, 508.894622803, -626.716064453, 145.589141846], [2001.84350586, -979.981384277, 1166.21655273, 928.470581055, -85.5970993042, 297.018737793, 97.3507461548, 285.638427734, -74.0514755249, 142.276351929, -115.391906738, 119.193862915, -54.6921386719], [5875.33935547, -2781.31542969, 928.470581055, 2280.23486328, 318.864898682, 641.699768066, 149.047409058, 523.447753906, -170.96395874, 334.115386963, -238.419692993, 297.863128662, -43.2756767273], [91.2225036621, 574.847290039, -85.5970993042, 318.864898682, 791.361572266, 252.11366272, 241.768676758, -1.54040122032, 149.233291626, 26.1999435425, 92.6135559082, -33.3701782227, 22.022895813], [1686.3449707, -780.433227539, 297.018737793, 641.699768066, 252.11366272, 437.171478271, 196.090011597, 198.708480835, -25.0277957916, 148.011779785, -17.4107646942, 98.4501342773, -32.8161811829], [281.950622559, 124.214782715, 97.3507461548, 149.047409058, 241.768676758, 196.090011597, 288.266021729, 123.390106201, 77.3704528809, 43.0187797546, 71.0999908447, 47.365070343, 6.66817378998], [1557.171875, -770.305480957, 285.638427734, 523.447753906, -1.54040122032, 198.708480835, 123.390106201, 281.751922607, 15.6089487076, 109.569198608, -39.1764221191, 122.169387817, 5.94655609131], [-811.340026855, 550.129516602, -74.0514755249, -170.96395874, 149.233291626, -25.0277957916, 77.3704528809, 15.6089487076, 196.482498169, 26.7258090973, 72.4393157959, -25.1388568878, 48.5399742126], [980.314453125, -608.646118164, 142.276351929, 334.115386963, 26.1999435425, 148.011779785, 43.0187797546, 109.569198608, 26.7258090973, 199.175918579, 23.9627418518, 75.0304260254, -16.4496040344], [-773.31652832, 508.894622803, -115.391906738, -238.419692993, 92.6135559082, -17.4107646942, 71.0999908447, -39.1764221191, 72.4393157959, 23.9627418518, 163.480667114, -2.47489619255, -0.572801947594], [977.502075195, -626.716064453, 119.193862915, 297.863128662, -33.3701782227, 98.4501342773, 47.365070343, 122.169387817, -25.1388568878, 75.0304260254, -2.47489619255, 161.636627197, 30.8781661987], [-192.034973145, 145.589141846, -54.6921386719, -43.2756767273, 22.022895813, -32.8161811829, 6.66817378998, 5.94655609131, 48.5399742126, -16.4496040344, -0.572801947594, 30.8781661987, 99.389465332]],
        "icov": [[0.000278981984593, 0.000153725763084, 0.000143914512591, -0.00043363662553, -5.24585339008e-05, 0.000144507823279, -0.000186254095752, -0.000463745585876, 0.00058989750687, -0.000223116076086, 9.81650446192e-05, 0.000115742674097, -5.66031449125e-05], [0.000153725763084, 0.00153669284191, -0.000637568824459, 0.000458790891571, -0.000774150481448, 0.000695087772328, -0.000692906440236, 0.000514534243848, -0.00113766628783, 0.00232151709497, -0.0026980463881, 0.00290683098137, -0.00166711257771], [0.000143914512591, -0.000637568824459, 0.00204447517172, -0.00150847306941, 0.00149831746239, -0.00090684107272, -0.00039048056351, -0.00025466675288, -7.49572927816e-06, -0.000599088030867, 0.00115468655713, -0.000848695694003, 0.00126507098321], [-0.00043363662553, 0.000458790891571, -0.00150847306941, 0.00393335288391, -0.00307267787866, 0.000584311957937, 0.00145117449574, -0.00248027523048, 0.00165503448807, -0.00127486162819, 0.00121662591118, -0.000288262323011, -0.00062525057001], [-5.24585339008e-05, -0.000774150481448, 0.00149831746239, -0.00307267787866, 0.00590835465118, -0.00347852171399, -0.00203887419775, 0.00479141948745, -0.00457621086389, 0.00226309034042, -0.00124215101823, 0.000327517831465, 0.000412233610405], [0.000144507823279, 0.000695087772328, -0.00090684107272, 0.000584311957937, -0.00347852171399, 0.00899699702859, -0.00340699707158, -0.00292040617205, 0.00439253821969, -0.00384874944575, 0.00107420689892, 0.000885917746928, 0.000109845146653], [-0.000186254095752, -0.000692906440236, -0.00039048056351, 0.00145117449574, -0.00203887419775, -0.00340699707158, 0.0101598780602, -0.00489189988002, -0.000304127723211, 0.00118964537978, -0.00175433617551, -0.00240728352219, 0.00109322718345], [-0.000463745585876, 0.000514534243848, -0.00025466675288, -0.00248027523048, 0.00479141948745, -0.00292040617205, -0.00489189988002, 0.0163026936352, -0.00952174048871, 0.00400191359222, -0.000979644362815, -0.00198911014013, 0.000381948513677], [0.00058989750687, -0.00113766628783, -7.49572927816e-06, 0.00165503448807, -0.00457621086389, 0.00439253821969, -0.000304127723211, -0.00952174048871, 0.0186714027077, -0.0101894885302, 0.0028731811326, 0.00119615334552, -0.00458307005465], [-0.000223116076086, 0.00232151709497, -0.000599088030867, -0.00127486162819, 0.00226309034042, -0.00384874944575, 0.00118964537978, 0.00400191359222, -0.0101894885302, 0.0174127798527, -0.00980986375362, 0.00273432652466, 0.000144277175423], [9.81650446192e-05, -0.0026980463881, 0.00115468655713, 0.00121662591118, -0.00124215101823, 0.00107420689892, -0.00175433617551, -0.000979644362815, 0.0028731811326, -0.00980986375362, 0.0189553312957, -0.00969993788749, 0.00620923191309], [0.000115742674097, 0.00290683098137, -0.000848695694003, -0.000288262323011, 0.000327517831465, 0.000885917746928, -0.00240728352219, -0.00198911014013, 0.00119615334552, 0.00273432652466, -0.00969993788749, 0.0204579401761, -0.0106698479503], [-5.66031449125e-05, -0.00166711257771, 0.00126507098321, -0.00062525057001, 0.000412233610405, 0.000109845146653, 0.00109322718345, 0.000381948513677, -0.00458307005465, 0.000144277175423, 0.00620923191309, -0.0106698479503, 0.0182795766741]]
    },
    "melbands": {
        "dmean": [0.00252012279816, 0.00174867757596, 0.00113264855463, 0.000502140668686, 0.00013643008424, 8.36993058329e-05, 0.000161982374266, 0.000157785150805, 7.96692766016e-05, 0.000124006124679, 7.95447922428e-05, 0.000133652545628, 0.000115790164273, 4.72984356747e-05, 6.56749980408e-05, 4.98380759382e-05, 3.49393631041e-05, 4.99000998389e-05, 2.77077961073e-05, 4.55645131296e-05, 2.16377866309e-05, 1.72314030351e-05, 1.91360450117e-05, 1.08221038317e-05, 9.51499623625e-06, 9.48118577071e-06, 7.41311805541e-06, 7.77352124715e-06, 6.15699809714e-06, 6.47258093522e-06, 6.32084538665e-06, 4.02424348067e-06, 3.76056368623e-06, 4.2716947064e-06, 3.33534899255e-06, 2.78006405097e-06, 2.63822039415e-06, 2.65943185696e-06, 3.32029208039e-06, 2.86379963654e-06],
        "dmean2": [0.00348489801399, 0.00241043465212, 0.00195414433256, 0.000839751795866, 0.000223052498768, 0.000131366221467, 0.000244310620474, 0.000240714216488, 0.000125492661027, 0.000194635926164, 0.000124634010717, 0.000214707193663, 0.000188226258615, 7.83968062024e-05, 0.000104453516542, 7.85923984949e-05, 5.37098312634e-05, 7.86846721894e-05, 4.50852894573e-05, 7.106285193e-05, 3.74613482563e-05, 3.09768438456e-05, 3.24509164784e-05, 1.87207097042e-05, 1.61050065799e-05, 1.64638531714e-05, 1.28674737425e-05, 1.33445146275e-05, 1.05355875348e-05, 1.12707166409e-05, 1.07456826299e-05, 6.77724301568e-06, 6.21344861429e-06, 7.32614716981e-06, 5.58498550163e-06, 4.62292564407e-06, 4.40050098405e-06, 4.43795534011e-06, 5.20094999956e-06, 4.200911917e-06],
        "dvar": [1.91863291548e-05, 2.34647231991e-05, 1.84239579539e-05, 2.20365336645e-06, 1.20402106063e-07, 5.2281265539e-08, 9.80196759315e-08, 1.15917600851e-07, 2.09097343884e-08, 6.74481626106e-08, 2.4587953007e-08, 8.16224243749e-08, 5.72423708434e-08, 9.56736467828e-09, 2.20607176971e-08, 1.29994397469e-08, 1.37230937725e-08, 1.81363368768e-08, 3.64814423115e-09, 2.08418953207e-08, 2.23445462133e-09, 2.36744512883e-09, 2.34958141831e-09, 3.78203024454e-10, 2.25440693891e-10, 3.13745501801e-10, 1.66627781018e-10, 1.98815089392e-10, 1.05450759236e-10, 1.743823419e-10, 1.45192705081e-10, 5.70600684757e-11, 4.14366700674e-11, 5.74183825486e-11, 3.07508740693e-11, 2.28096118382e-11, 2.22181838899e-11, 1.96627575333e-11, 3.37112629478e-11, 2.52460899408e-11],
        "dvar2": [3.81701174774e-05, 4.9200738431e-05, 4.87158431497e-05, 5.82338680033e-06, 3.00345362803e-07, 1.12766493032e-07, 1.99255737243e-07, 2.41338909746e-07, 4.80225494925e-08, 1.51484670141e-07, 5.62516255798e-08, 1.95008823312e-07, 1.38266500471e-07, 2.41133637502e-08, 5.09546893568e-08, 3.01912628231e-08, 2.95769311265e-08, 4.385189456e-08, 9.01086139038e-09, 4.7957314564e-08, 6.10421757585e-09, 6.71520838935e-09, 5.89912163562e-09, 1.06759112661e-09, 6.08071926145e-10, 8.8200829973e-10, 4.69266292491e-10, 5.49311374165e-10, 2.93079921443e-10, 4.92699769872e-10, 4.02211514094e-10, 1.54621176973e-10, 1.06676868727e-10, 1.63007080056e-10, 8.46875347627e-11, 6.2632399267e-11, 6.10662284628e-11, 5.38672301209e-11, 7.69255215083e-11, 5.14087314385e-11],
        "max": [0.0516684129834, 0.0736587792635, 0.0461399741471, 0.016180427745, 0.00615594536066, 0.00585700990632, 0.007389344275, 0.00667428737506, 0.00294506642967, 0.00475712120533, 0.00227712863125, 0.00542877940461, 0.0047666253522, 0.0016463882057, 0.00253185466863, 0.00179086870048, 0.00270470557734, 0.00337779801339, 0.00123424478807, 0.00265985075384, 0.000749167113099, 0.000647948763799, 0.00102326238994, 0.000203238145332, 0.00019024994981, 0.000203950272407, 0.000181516385055, 0.000166419937159, 0.0001565698185, 0.000146348858834, 0.00023645235342, 0.000217179142055, 0.000169558028574, 9.08173969947e-05, 8.25848401291e-05, 0.000123624515254, 7.75485823397e-05, 7.37698355806e-05, 0.000100665311038, 0.000100616081909],
        "mean": [0.00682151969522, 0.00285089877434, 0.000851276388858, 0.000511321995873, 0.000175729801413, 0.000119981181342, 0.000259827211266, 0.000259444525, 0.000126436076243, 0.000177801659447, 0.000113489040814, 0.000180980860023, 0.000154497931362, 5.88371985941e-05, 9.28760782699e-05, 7.41458425182e-05, 6.16930847173e-05, 7.02336110407e-05, 4.34366484114e-05, 6.41976657789e-05, 2.81781340163e-05, 2.09632562473e-05, 2.6948933737e-05, 1.71136434801e-05, 1.69482209458e-05, 1.44221803566e-05, 1.22756691781e-05, 1.36755606945e-05, 1.16999526654e-05, 1.06626912384e-05, 1.18944053611e-05, 8.33403009892e-06, 8.24721064419e-06, 8.61876014824e-06, 7.55244036554e-06, 6.7842252065e-06, 6.37857147012e-06, 6.25213579042e-06, 7.57356383474e-06, 6.87640067554e-06],
        "median": [0.00424686539918, 0.000784087518696, 5.33758320671e-05, 7.15908390703e-05, 4.6146036766e-05, 3.32094896294e-05, 0.000119347510918, 8.09532211861e-05, 4.45530968136e-05, 5.16939799127e-05, 3.56517266482e-05, 4.45962796221e-05, 3.70037996618e-05, 1.56111709657e-05, 2.63065376203e-05, 2.30993464356e-05, 1.10312794277e-05, 1.97097979253e-05, 1.74214255821e-05, 1.69301420101e-05, 1.21873363241e-05, 9.51570291363e-06, 1.01693594843e-05, 8.91267336556e-06, 1.10178416435e-05, 8.5317697085e-06, 7.836288205e-06, 8.76235935721e-06, 7.91816273704e-06, 6.39538666292e-06, 7.40765199225e-06, 5.32266176378e-06, 5.12607130077e-06, 5.29902172275e-06, 4.90693219035e-06, 4.52064523415e-06, 4.39797440777e-06, 4.19827028963e-06, 4.30005002272e-06, 3.86085139326e-06],
        "min": [6.80811415894e-24, 1.43983586619e-23, 4.18752296496e-24, 9.33901896774e-24, 1.33794722276e-23, 3.81458865647e-23, 1.35741331223e-23, 8.12314528794e-24, 3.27109220731e-24, 1.29820314817e-23, 9.76693735464e-24, 1.25342338e-23, 7.70278182193e-24, 1.51394997932e-23, 1.50778219145e-23, 8.87574067963e-24, 7.9402108106e-24, 7.40650144315e-24, 8.7836601016e-24, 4.93520217548e-24, 1.52261119874e-23, 9.85232681446e-24, 5.74970382114e-24, 9.67325538898e-24, 6.45557024824e-24, 1.08579272534e-23, 1.11078304996e-23, 5.28196255245e-24, 8.83122604761e-24, 1.07420246538e-23, 7.29464491109e-24, 6.65049422805e-24, 8.33932867471e-24, 7.63502498106e-24, 8.83265151926e-24, 1.31719087239e-23, 1.47978804227e-23, 1.0249956098e-23, 8.36264188104e-24, 7.08758391183e-24],
        "var": [6.37266421109e-05, 3.71442256437e-05, 1.29639838633e-05, 1.8510290829e-06, 1.53960854732e-07, 8.58950244265e-08, 1.91069702282e-07, 2.47968728218e-07, 4.39342073832e-08, 1.17914176201e-07, 4.5500080148e-08, 1.2018291784e-07, 8.97193572769e-08, 1.36265532191e-08, 3.92796408732e-08, 2.33155663665e-08, 4.41801262241e-08, 2.91838304634e-08, 6.46470033061e-09, 3.27569154024e-08, 2.28868879404e-09, 1.85497794902e-09, 3.5633651585e-09, 5.35154143222e-10, 4.0993405892e-10, 3.71373320984e-10, 2.37973557526e-10, 3.02458641466e-10, 1.96172605937e-10, 2.23027873947e-10, 2.34863489768e-10, 1.21840801337e-10, 1.22830565163e-10, 1.17218221241e-10, 8.82836095895e-11, 7.63964169703e-11, 6.88674464677e-11, 6.71804348262e-11, 1.1774330122e-10, 1.06932546151e-10]
    },
    "mfcc": {
        "mean": [-647.780761719, 93.3624725342, 11.160861969, -1.7687292099, 1.47056055069, 3.99601411819, 2.80911040306, 4.28800630569, 6.27431201935, 5.5049738884, 4.20184850693, 4.43680858612, 5.82814788818],
        "cov": [[14744.6416016, -6137.87890625, 341.41998291, 2861.18212891, 1326.41772461, 949.136535645, 971.932800293, 823.82043457, 699.812866211, 469.803955078, 110.347862244, -49.9908256531, 62.3388671875], [-6137.87890625, 4453.21582031, -332.919433594, -1287.13037109, -321.561981201, -246.409301758, -334.748321533, -270.580932617, -234.391235352, -109.490966797, -2.8163022995, 10.5067882538, -122.21697998], [341.41998291, -332.919433594, 848.983764648, 323.925872803, 14.2973957062, 1.98290598392, 66.8522109985, 66.3276901245, 60.6065216064, 41.8026809692, 63.2178344727, -11.4900426865, -21.6735687256], [2861.18212891, -1287.13037109, 323.925872803, 1027.24169922, 506.076080322, 337.596618652, 273.75567627, 248.19770813, 238.175094604, 171.678283691, 53.2558479309, 20.312877655, 46.851852417], [1326.41772461, -321.561981201, 14.2973957062, 506.076080322, 517.289794922, 335.938720703, 202.792678833, 154.457351685, 163.074203491, 121.226501465, 42.0547294617, 34.591758728, 47.1561508179], [949.136535645, -246.409301758, 1.98290598392, 337.596618652, 335.938720703, 369.502593994, 252.242385864, 152.535324097, 106.920700073, 120.288543701, 83.8198394775, 54.0915565491, 33.1493110657], [971.932800293, -334.748321533, 66.8522109985, 273.75567627, 202.792678833, 252.242385864, 299.801605225, 186.39630127, 76.8036956787, 81.3416976929, 98.1091918945, 69.6666412354, 21.8459243774], [823.82043457, -270.580932617, 66.3276901245, 248.19770813, 154.457351685, 152.535324097, 186.39630127, 235.6693573, 151.677719116, 53.9222259521, 34.6196632385, 58.4548225403, 51.1481590271], [699.812866211, -234.391235352, 60.6065216064, 238.175094604, 163.074203491, 106.920700073, 76.8036956787, 151.677719116, 208.126693726, 100.219589233, -7.79083681107, 11.9832773209, 56.0873527527], [469.803955078, -109.490966797, 41.8026809692, 171.678283691, 121.226501465, 120.288543701, 81.3416976929, 53.9222259521, 100.219589233, 162.715682983, 84.0738983154, 14.6024141312, 7.07662773132], [110.347862244, -2.8163022995, 63.2178344727, 53.2558479309, 42.0547294617, 83.8198394775, 98.1091918945, 34.6196632385, -7.79083681107, 84.0738983154, 167.315582275, 85.1496734619, -24.5152778625], [-49.9908256531, 10.5067882538, -11.4900426865, 20.312877655, 34.591758728, 54.0915565491, 69.6666412354, 58.4548225403, 11.9832773209, 14.6024141312, 85.1496734619, 144.117919922, 65.1381835938], [62.3388671875, -122.21697998, -21.6735687256, 46.851852417, 47.1561508179, 33.1493110657, 21.8459243774, 51.1481590271, 56.0873527527, 7.07662773132, -24.5152778625, 65.1381835938, 157.565155029]],
