{
"lowlevel": {
    "average_loudness": 0.571192145348,
    "barkbands_crest": {
        "dmean": 2.63756680489,
        "dmean2": 4.024102211,
        "dvar": 7.30765581131,
        "dvar2": 15.6452560425,
        "max": 26.629365921,
        "mean": 15.634604454,
        "median": 15.9674415588,
        "min": 2.40086388588,
        "var": 43.924079895
    },
    "barkbands_flatness_db": {
        "dmean": 0.0315389186144,
        "dmean2": 0.0432590246201,
        "dvar": 0.00156507501379,
        "dvar2": 0.00273636193015,
        "max": 0.53491204977,
        "mean": 0.188277974725,
        "median": 0.160222023726,
        "min": 0.0186602640897,
        "var": 0.0130937332287
    },
    "barkbands_kurtosis": {
        "dmean": 23.3602428436,
        "dmean2": 32.5456047058,
        "dvar": 6994.06591797,
        "dvar2": 14305.0292969,
        "max": 1487.4498291,
        "mean": 30.9098892212,
        "median": 5.97516584396,
        "min": -1.92077291012,
        "var": 10018.7304688
    },
    "barkbands_skewness": {
        "dmean": 1.20565009117,
        "dmean2": 1.73205769062,
        "dvar": 4.3524479866,
        "dvar2": 8.64906311035,
        "max": 31.073720932,
        "mean": 3.10199379921,
        "median": 2.32002687454,
        "min": -2.71550703049,
        "var": 13.0163345337
    },
    "barkbands_spread": {
        "dmean": 7.68128490448,
        "dmean2": 12.3672027588,
        "dvar": 139.146194458,
        "dvar2": 345.283630371,
        "max": 113.249382019,
        "mean": 21.699136734,
        "median": 15.6096982956,
        "min": 0.132722392678,
        "var": 403.596191406
    },
    "dissonance": {
        "dmean": 0.0211115367711,
        "dmean2": 0.0358670540154,
        "dvar": 0.00067399663385,
        "dvar2": 0.00188979040831,
        "max": 0.500000059605,
        "mean": 0.460487544537,
        "median": 0.476371318102,
        "min": 0.152906194329,
        "var": 0.00220153061673
    },
    "dynamic_complexity": 6.33240032196,
    "erbbands_crest": {
        "dmean": 3.11920523643,
        "dmean2": 4.94517946243,
        "dvar": 9.37484455109,
        "dvar2": 22.0613899231,
        "max": 33.2733459473,
        "mean": 9.72359371185,
        "median": 7.84593439102,
        "min": 2.28380942345,
        "var": 34.0901184082
    },
    "erbbands_flatness_db": {
        "dmean": 0.018379451707,
        "dmean2": 0.0270257312804,
        "dvar": 0.000413096277043,
        "dvar2": 0.0007998397341,
        "max": 0.482912927866,
        "mean": 0.151601240039,
        "median": 0.109636738896,
        "min": 0.033060323447,
        "var": 0.00952319707721
    },
    "erbbands_kurtosis": {
        "dmean": 1.98376262188,
        "dmean2": 3.18552088737,
        "dvar": 31.379196167,
        "dvar2": 76.3342208862,
        "max": 66.9170532227,
        "mean": 1.75380408764,
        "median": -0.310925483704,
        "min": -1.83727574348,
        "var": 45.8253288269
    },
    "erbbands_skewness": {
        "dmean": 0.534143447876,
        "dmean2": 0.793606042862,
        "dvar": 0.489079743624,
        "dvar2": 0.939471781254,
        "max": 7.66474723816,
        "mean": 0.494711458683,
        "median": 0.260926604271,
        "min": -3.26325178146,
        "var": 1.68806612492
    },
    "erbbands_spread": {
        "dmean": 11.504981041,
        "dmean2": 16.8937301636,
        "dvar": 229.147018433,
        "dvar2": 466.228027344,
        "max": 198.315582275,
        "mean": 46.8784255981,
        "median": 43.9354934692,
        "min": 1.47348105907,
        "var": 968.298095703
    },
    "hfc": {
        "dmean": 16.9008827209,
        "dmean2": 29.3921089172,
        "dvar": 1561.70556641,
        "dvar2": 4286.18945312,
        "max": 401.541381836,
        "mean": 29.9550991058,
        "median": 16.742980957,
        "min": 1.24815770787e-16,
        "var": 1701.29052734
    },
    "melbands_crest": {
        "dmean": 3.05096483231,
        "dmean2": 4.8773317337,
        "dvar": 9.27814674377,
        "dvar2": 23.8312969208,
        "max": 37.9118041992,
        "mean": 20.850189209,
        "median": 21.6475963593,
        "min": 2.08386945724,
        "var": 60.0314483643
    },
    "melbands_flatness_db": {
        "dmean": 0.0359602235258,
        "dmean2": 0.0497583374381,
        "dvar": 0.00204525818117,
        "dvar2": 0.00375125091523,
        "max": 0.697785615921,
        "mean": 0.274334162474,
        "median": 0.251907348633,
        "min": 0.00602795183659,
        "var": 0.0205622278154
    },
    "melbands_kurtosis": {
        "dmean": 35.1481399536,
        "dmean2": 54.5075378418,
        "dvar": 6012.54296875,
        "dvar2": 15286.6113281,
        "max": 1152.41564941,
        "mean": 64.0013046265,
        "median": 19.7430229187,
        "min": -1.69684040546,
        "var": 12954.5976562
    },
    "melbands_skewness": {
        "dmean": 1.55064547062,
        "dmean2": 2.37526488304,
        "dvar": 4.5853099823,
        "dvar2": 11.3325529099,
        "max": 28.9979400635,
        "mean": 4.868745327,
        "median": 3.77867555618,
        "min": -1.3435510397,
        "var": 16.8273353577
    },
    "melbands_spread": {
        "dmean": 7.00314474106,
        "dmean2": 11.4717874527,
        "dvar": 145.817871094,
        "dvar2": 373.642181396,
        "max": 244.034057617,
        "mean": 20.9862308502,
        "median": 9.52926635742,
        "min": 0.282578349113,
        "var": 915.662780762
    },
    "pitch_salience": {
        "dmean": 0.0838116779923,
        "dmean2": 0.129608809948,
        "dvar": 0.00771245872602,
        "dvar2": 0.0167035795748,
        "max": 0.995780706406,
        "mean": 0.397498637438,
        "median": 0.394595503807,
        "min": 0.0236497763544,
        "var": 0.0358014516532
    },
    "silence_rate_20dB": {
        "dmean": 0.000824969087262,
        "dmean2": 0.00165016506799,
        "dvar": 0.000824229849968,
        "dvar2": 0.00164748181123,
        "max": 1,
        "mean": 0.999175131321,
        "median": 1,
        "min": 0,
        "var": 0.000824116810691
    },
    "silence_rate_30dB": {
        "dmean": 0.0866217538714,
        "dmean2": 0.173267319798,
        "dvar": 0.079120926559,
        "dvar2": 0.17130099237,
        "max": 1,
        "mean": 0.702089607716,
        "median": 1,
        "min": 0,
        "var": 0.209154680371
    },
    "silence_rate_60dB": {
        "dmean": 0.0203492362052,
        "dmean2": 0.0407040715218,
        "dvar": 0.0199336279184,
        "dvar2": 0.0453711375594,
        "max": 1,
        "mean": 0.230272203684,
        "median": 0,
        "min": 0,
        "var": 0.177259221673
    },
    "spectral_centroid": {
        "dmean": 302.380859375,
        "dmean2": 481.093658447,
        "dvar": 192754.1875,
        "dvar2": 422943.4375,
        "max": 11347.4619141,
        "mean": 1481.87841797,
        "median": 1507.56774902,
        "min": 91.5132293701,
        "var": 925593.4375
    },
    "spectral_complexity": {
        "dmean": 4.30221366882,
        "dmean2": 6.6655664444,
        "dvar": 38.4678382874,
        "dvar2": 80.0874099731,
        "max": 60,
        "mean": 17.2154254913,
        "median": 13,
        "min": 0,
        "var": 195.68296814
    },
    "spectral_decrease": {
        "dmean": 4.71230165999e-09,
        "dmean2": 7.70182140286e-09,
        "dvar": 7.42787411296e-17,
        "dvar2": 2.00967367938e-16,
        "max": 4.71241293432e-29,
        "mean": -1.57312989302e-08,
        "median": -1.25696022479e-08,
        "min": -1.06739150851e-07,
        "var": 2.76387062447e-16
    },
    "spectral_energy": {
        "dmean": 0.0183498114347,
        "dmean2": 0.0303057935089,
        "dvar": 0.0010757407872,
        "dvar2": 0.00297505664639,
        "max": 0.406889170408,
        "mean": 0.0620904788375,
        "median": 0.0505606792867,
        "min": 1.11432957673e-20,
        "var": 0.00415160739794
    },
    "spectral_energyband_high": {
        "dmean": 0.00139935291372,
        "dmean2": 0.00243344740011,
        "dvar": 1.10529972517e-05,
        "dvar2": 3.02278913296e-05,
        "max": 0.0340948402882,
        "mean": 0.00207830965519,
        "median": 0.0011379502248,
        "min": 8.37183277954e-21,
        "var": 1.1453076695e-05
    },
    "spectral_energyband_low": {
        "dmean": 0.0183055438101,
        "dmean2": 0.0290781836957,
        "dvar": 0.00127802614588,
        "dvar2": 0.00327945291065,
        "max": 0.390333235264,
        "mean": 0.0493206679821,
        "median": 0.0220626182854,
        "min": 6.72451730663e-23,
        "var": 0.00350545207039
    },
    "spectral_energyband_middle_high": {
        "dmean": 0.00169238192029,
        "dmean2": 0.0029069732409,
        "dvar": 1.33742832986e-05,
        "dvar2": 3.66315616702e-05,
        "max": 0.0401493161917,
        "mean": 0.00338431331329,
        "median": 0.00155815423932,
        "min": 1.28770776404e-21,
        "var": 2.19249104703e-05
    },
    "spectral_energyband_middle_low": {
        "dmean": 0.00529674207792,
        "dmean2": 0.00906767509878,
        "dvar": 0.000158079434186,
        "dvar2": 0.000428725266829,
        "max": 0.11898419261,
        "mean": 0.00762420706451,
        "median": 0.00369110144675,
        "min": 3.06234162576e-22,
        "var": 0.000147751765326
    },
    "spectral_entropy": {
        "dmean": 0.200352534652,
        "dmean2": 0.28365662694,
        "dvar": 0.0836556777358,
        "dvar2": 0.137709617615,
        "max": 9.81166744232,
        "mean": 7.54658508301,
        "median": 8.052318573,
        "min": 3.703758955,
        "var": 0.955031812191
    },
    "spectral_flux": {
        "dmean": 0.0313453860581,
        "dmean2": 0.0477895736694,
        "dvar": 0.00235316855833,
        "dvar2": 0.00496855471283,
        "max": 0.460867613554,
        "mean": 0.0941949859262,
        "median": 0.0766777992249,
        "min": 1.05561809294e-10,
        "var": 0.00763284694403
    },
    "spectral_kurtosis": {
        "dmean": 4.59638357162,
        "dmean2": 7.82964992523,
        "dvar": 193.03125,
        "dvar2": 558.043273926,
        "max": 240.365570068,
        "mean": 17.1500205994,
        "median": 2.81065249443,
        "min": -1.22180700302,
        "var": 1757.77856445
    },
    "spectral_rms": {
        "dmean": 0.000959445547778,
        "dmean2": 0.00156796106603,
        "dvar": 2.02083674594e-06,
        "dvar2": 5.47931858819e-06,
        "max": 0.0199239812791,
        "mean": 0.0063237096183,
        "median": 0.00702335312963,
        "min": 3.29719693389e-12,
        "var": 2.05869437195e-05
    },
    "spectral_rolloff": {
        "dmean": 579.509338379,
        "dmean2": 1023.37243652,
        "dvar": 1816071.5,
        "dvar2": 4675740.5,
        "max": 18712.3535156,
        "mean": 1337.15209961,
        "median": 430.6640625,
        "min": 43.06640625,
        "var": 4315775.5
    },
    "spectral_skewness": {
        "dmean": 0.350634843111,
        "dmean2": 0.571535110474,
        "dvar": 0.493787288666,
        "dvar2": 1.38135230541,
        "max": 12.512594223,
        "mean": 2.20019698143,
        "median": 1.33215904236,
        "min": -0.0277433246374,
        "var": 5.21642637253
    },
    "spectral_spread": {
        "dmean": 679789.9375,
        "dmean2": 1009003.5625,
        "dvar": 1.33688878694e+12,
        "dvar2": 2.23640839782e+12,
        "max": 40920440,
        "mean": 5399414.5,
        "median": 5783619,
        "min": 328099.84375,
        "var": 6.52471068262e+12
    },
    "spectral_strongpeak": {
        "dmean": 0.226463019848,
        "dmean2": 0.367977946997,
        "dvar": 0.1935685426,
        "dvar2": 0.508201301098,
        "max": 8.61797428131,
        "mean": 0.630334436893,
        "median": 0.543002128601,
        "min": 0,
        "var": 0.336839407682
    },
    "zerocrossingrate": {
        "dmean": 0.0124264992774,
        "dmean2": 0.0161904320121,
        "dvar": 0.000322034728015,
        "dvar2": 0.000445000245236,
        "max": 0.685546875,
        "mean": 0.0578342750669,
        "median": 0.0380859375,
        "min": 0.00146484375,
        "var": 0.00299511430785
    },
    "barkbands": {
        "dmean": [0.00126943795476, 0.0166284292936, 0.00326647376642, 0.00135821616277, 0.00221064803191, 0.000750760256778, 0.000538192573003, 0.00039888775791, 0.0015927394852, 0.000575219397433, 0.000215443709749, 0.000178946385859, 0.000260504835751, 0.000139385665534, 0.000168013415532, 0.000244875176577, 0.000210924277781, 0.000184355987585, 0.000218146393308, 0.000228355944273, 0.000169178165379, 0.000181887182407, 0.000220749687287, 0.000194349006051, 0.000249345321208, 0.000359669124009, 0.000103783786471],
        "dmean2": [0.00217048544437, 0.0255886670202, 0.00535259163007, 0.00252995430492, 0.00393872708082, 0.00119983358309, 0.000936713418923, 0.000691462075338, 0.00270685902797, 0.000985969090834, 0.000380317709642, 0.000310290110065, 0.000439285562607, 0.00023449290893, 0.000288048060611, 0.000430807529483, 0.000368086562958, 0.00033029448241, 0.000387286912883, 0.000410406064475, 0.00029087474104, 0.000313985277899, 0.000387653126381, 0.000333337724442, 0.000429044128396, 0.000637106422801, 0.000176030996954],
        "dvar": [2.11096448766e-05, 0.0010011860868, 0.000120141368825, 2.66063379968e-05, 4.87771285407e-05, 4.03477224609e-06, 2.39356882048e-06, 1.10217717975e-06, 9.77530089585e-06, 2.66721326625e-06, 5.14898886195e-07, 1.30665796405e-07, 3.2091352864e-07, 7.59056675292e-08, 1.02551958037e-07, 3.04405062934e-07, 2.2811282463e-07, 2.12811258393e-07, 2.49205925229e-07, 3.30287832639e-07, 1.4383466862e-07, 1.58569932296e-07, 2.38916385342e-07, 1.99291704917e-07, 4.49992626272e-07, 1.06769721242e-06, 7.02966715949e-08],
        "dvar2": [5.83606670261e-05, 0.00241903355345, 0.000296135898679, 7.65156582929e-05, 0.000139819501783, 9.53963080974e-06, 6.70520921631e-06, 3.0182543469e-06, 2.67354716925e-05, 7.46180376154e-06, 1.36874996315e-06, 3.60247724984e-07, 8.6739123617e-07, 2.05969342915e-07, 2.87907170105e-07, 8.66612367645e-07, 6.41665906187e-07, 6.14007660715e-07, 7.1408300073e-07, 9.54753090809e-07, 4.18712403416e-07, 4.41600121803e-07, 6.69443920742e-07, 5.36923550953e-07, 1.22281812764e-06, 2.8969154755e-06, 1.80469044153e-07],
        "max": [0.0873806253076, 0.375664681196, 0.074428498745, 0.0459032654762, 0.0621321164072, 0.0217097997665, 0.0164979174733, 0.0265551581979, 0.0319676101208, 0.0307216793299, 0.0222358182073, 0.00514419516549, 0.00864461436868, 0.00657386286184, 0.00578131712973, 0.0053071109578, 0.00680112279952, 0.0085705704987, 0.00490985671058, 0.0066066775471, 0.00465023098513, 0.00577805377543, 0.00611022580415, 0.00477805174887, 0.00669934414327, 0.00953775178641, 0.00250506284647],
        "mean": [0.00302762375213, 0.0431605353951, 0.00292103970423, 0.00110475567635, 0.00215397379361, 0.000913153402507, 0.000634181895293, 0.000456994283013, 0.00214701821096, 0.000763272226322, 0.000237732383539, 0.000227671582252, 0.000385685270885, 0.000208690398722, 0.000259701308096, 0.000330715352902, 0.000306985049974, 0.000265052221948, 0.000335116958013, 0.00033229906694, 0.000327455083607, 0.000311078678351, 0.000312118121656, 0.000280389242107, 0.000286958529614, 0.000305630645016, 9.45963474805e-05],
        "median": [8.59402862261e-05, 0.00799943879247, 0.000369104818674, 0.000238086213358, 0.000494650332257, 0.000270434189588, 0.000140477728564, 9.81209450401e-05, 0.00047198322136, 8.17812542664e-05, 4.81059214508e-05, 6.35034812149e-05, 9.96908347588e-05, 8.58592975419e-05, 0.00010346504132, 0.000126718397951, 0.00014632375678, 0.000144041056046, 0.00020054608467, 0.000191564904526, 0.000228258257266, 0.000192763865925, 0.00015638867626, 0.000133272958919, 9.58944583545e-05, 6.43393723294e-05, 1.46655220306e-05],
        "min": [1.66443616216e-24, 8.98474153521e-24, 1.05933149068e-23, 1.11393628477e-23, 2.99330020379e-23, 3.02461577292e-23, 9.94835769236e-23, 2.538529465e-23, 3.69836798812e-23, 2.97358877858e-23, 9.46082461353e-23, 8.1240120883e-23, 4.32654960208e-23, 5.19980347804e-23, 7.21030416296e-23, 7.38005062145e-23, 1.4500259296e-22, 1.33409821263e-22, 1.57439862344e-22, 2.95563361018e-22, 4.33708001165e-22, 5.08811194413e-22, 6.40810519755e-22, 8.28937715022e-22, 1.33598383e-21, 1.8271959289e-21, 2.65353340691e-21],
        "var": [0.000104238941276, 0.00283636036329, 0.000102838632301, 1.53629716806e-05, 3.14649296342e-05, 4.355747933e-06, 2.51892288361e-06, 1.14160241083e-06, 1.40082775033e-05, 4.40289204562e-06, 7.46839077692e-07, 1.7416991227e-07, 5.52651727048e-07, 1.16204034839e-07, 1.6278778503e-07, 3.04211681623e-07, 2.44234257707e-07, 1.81311719416e-07, 2.37258774405e-07, 2.91828570198e-07, 2.05811332421e-07, 2.44770774316e-07, 2.68893302291e-07, 2.30812403856e-07, 3.90008153772e-07, 7.41726012166e-07, 5.71328619969e-08]
    },
    "erbbands": {
        "dmean": [0.584903120995, 3.49091076851, 5.02393341064, 2.88366818428, 6.97938203812, 6.64742279053, 5.61675548553, 7.37258911133, 8.28706169128, 6.05029249191, 13.8756771088, 35.628692627, 22.9818019867, 11.286948204, 8.80259895325, 7.06443309784, 11.7590522766, 6.3256688118, 6.09692382812, 12.077413559, 13.3117752075, 11.3745660782, 8.67072486877, 12.1526899338, 11.4505634308, 10.041056633, 6.64155673981, 7.26262283325, 6.0278673172, 6.51296901703, 6.74171113968, 4.40482473373, 3.57035803795, 2.96358418465, 1.7660626173, 1.72227489948, 0.579484343529, 0.183644846082, 0.0146997086704, 0.000228455290198],
        "dmean2": [0.932872474194, 5.08198022842, 7.57636022568, 4.62613916397, 13.0529632568, 11.6668796539, 8.96099853516, 11.8646326065, 13.7817735672, 10.7128305435, 23.6504764557, 60.7003974915, 38.6906318665, 19.2930927277, 15.5971736908, 12.1270809174, 19.8010921478, 10.5128126144, 10.1896495819, 20.8184947968, 23.6539707184, 19.7137775421, 15.1749486923, 21.8221530914, 20.5363254547, 17.9017353058, 11.4054527283, 12.5240154266, 10.3158273697, 11.4441947937, 11.9233512878, 7.63644599915, 6.17021656036, 5.15481424332, 3.04459547997, 3.10690331459, 1.0146021843, 0.315074682236, 0.0246594399214, 0.000386591680581],
        "dvar": [1.82255458832, 43.8664970398, 225.456436157, 80.0653381348, 773.319213867, 369.274871826, 153.114425659, 490.646240234, 528.581054688, 276.711883545, 1033.39379883, 5469.33935547, 2950.30810547, 1130.76843262, 667.869445801, 191.614517212, 723.733215332, 157.304855347, 139.679733276, 570.341064453, 1178.02148438, 598.006591797, 344.731811523, 962.274291992, 898.394897461, 577.273071289, 242.7006073, 270.62286377, 165.696060181, 195.747909546, 249.905288696, 94.8602600098, 77.168006897, 60.8306541443, 21.9819259644, 26.4225730896, 2.64108109474, 0.231438159943, 0.00134746392723, 3.1076194773e-07],
        "dvar2": [5.21432685852, 87.1786117554, 533.364013672, 198.903762817, 2244.07470703, 1042.78991699, 365.530944824, 1216.90661621, 1404.74243164, 789.636047363, 2815.83227539, 14947.5419922, 7994.62646484, 3036.68774414, 1809.15075684, 518.221313477, 1953.48059082, 419.381561279, 380.270050049, 1553.93518066, 3366.16821289, 1662.20605469, 975.789001465, 2778.47460938, 2595.9699707, 1671.10253906, 720.310241699, 781.870849609, 465.921020508, 555.517272949, 704.833740234, 263.129150391, 207.691741943, 165.26864624, 59.6843948364, 73.5172576904, 7.08053541183, 0.5973482728, 0.00339818256907, 7.96495385202e-07],
        "max": [16.8170013428, 77.0153503418, 109.326568604, 81.07421875, 256.142974854, 177.491714478, 139.766601562, 232.619506836, 266.929504395, 206.934066772, 585.618591309, 834.879150391, 766.629516602, 763.260864258, 536.376525879, 224.888946533, 447.413299561, 375.446899414, 284.1769104, 404.248504639, 315.027130127, 356.396850586, 267.640197754, 390.749725342, 310.675476074, 239.097091675, 247.695144653, 247.109512329, 191.811630249, 161.012069702, 212.672103882, 123.362991333, 92.7492446899, 76.7991943359, 49.6568374634, 52.6160545349, 15.990524292, 4.34738588333, 0.373193413019, 0.00570590374991],
        "mean": [1.46592092514, 8.6529750824, 6.17176103592, 3.16320586205, 5.83330965042, 6.79518079758, 6.87666511536, 8.52318286896, 10.2524366379, 7.10808086395, 18.7639122009, 47.4623298645, 32.0800895691, 15.5063476562, 9.94359111786, 10.3760719299, 17.8421897888, 10.5553264618, 10.3972949982, 19.1944179535, 17.6668148041, 17.761510849, 14.3917980194, 17.6721878052, 16.2020568848, 15.5652389526, 13.0046720505, 13.1344356537, 10.8925361633, 9.86615467072, 8.98705768585, 6.24535655975, 4.68058681488, 3.34858393669, 2.00048112869, 1.41633975506, 0.507702767849, 0.166185289621, 0.0137760359794, 0.000278370425804],
        "median": [0.219082206488, 1.79706597328, 1.2446423769, 0.964325487614, 0.986029863358, 1.41637444496, 1.8639318943, 2.27937674522, 2.07524585724, 2.5044169426, 4.16469097137, 10.1900873184, 5.67097568512, 2.5290517807, 2.58805084229, 3.26084804535, 4.79193401337, 4.44209957123, 4.85703849792, 7.05092525482, 7.45921325684, 8.97197151184, 8.95611667633, 9.77719688416, 9.76686859131, 9.36982440948, 9.04152870178, 8.38681221008, 6.94643115997, 5.71596670151, 4.31389522552, 3.03716135025, 1.97245049477, 1.15901660919, 0.627882957458, 0.293371021748, 0.110745750368, 0.0327671915293, 0.00190521148033, 0.000120259850519],
        "min": [2.11529643856e-22, 2.97315005832e-21, 1.20313767447e-20, 5.88176403455e-20, 9.06495859563e-20, 8.48467265512e-20, 2.46934738597e-19, 3.11998490834e-19, 9.61525807572e-19, 9.85169421214e-19, 9.26713084312e-19, 7.57208990947e-19, 5.14207056723e-19, 2.4624043938e-18, 4.69272879109e-18, 2.79129719562e-18, 2.18387551756e-18, 1.96917293135e-18, 3.42232288605e-18, 3.81942334681e-18, 5.04660244741e-18, 7.94032672994e-18, 8.84299170929e-18, 7.22989935213e-18, 7.38657728631e-18, 1.39329789526e-17, 1.64498662179e-17, 1.77067837023e-17, 1.95075393522e-17, 1.71989510544e-17, 1.84221013719e-17, 1.97708739545e-17, 1.43832762258e-17, 1.19553803596e-17, 8.78508741205e-18, 6.00626223891e-18, 3.33592014875e-18, 1.65306193116e-18, 3.64762791145e-19, 3.34125649768e-20],
        "var": [4.31821060181, 130.580688477, 241.732803345, 71.1902770996, 442.300323486, 268.27255249, 194.147354126, 464.564971924, 679.029846191, 219.857528687, 1419.07727051, 7546.48339844, 4528.67431641, 2030.1842041, 794.58782959, 337.067718506, 1237.51062012, 257.741394043, 255.732040405, 971.366394043, 1022.8392334, 737.569152832, 394.254425049, 801.389343262, 703.756164551, 567.840148926, 305.954864502, 439.126617432, 265.956329346, 235.126647949, 262.025421143, 108.308868408, 77.5181274414, 51.7292556763, 19.3051338196, 17.3291816711, 1.90177130699, 0.182036221027, 0.00115303252824, 2.87589301706e-07]
    },
    "gfcc": {
        "mean": [-48.1451148987, 78.4119949341, -85.1932754517, 29.9925575256, -42.3620529175, 17.4182529449, -24.3985080719, 16.3997001648, -12.7528934479, 6.29300022125, -15.806137085, 1.47969245911, -8.5919046402],
        "cov": [[35834.796875, -11010.7832031, -264.793121338, 3752.1418457, -596.15838623, 1885.35046387, 255.5756073, 2214.25976562, -50.295124054, 1432.7109375, -534.490966797, 1173.66589355, -629.931640625], [-11010.7832031, 6263.59423828, -59.3357124329, -1968.46264648, 599.107910156, -889.842712402, -75.2662582397, -1035.46057129, 134.752807617, -540.82800293, 464.407043457, -396.122955322, 413.562530518], [-264.793121338, -59.3357124329, 1333.22277832, 149.821563721, 328.678436279, 349.945159912, 125.159408569, -21.9252681732, -104.559364319, 3.69134044647, 23.2342853546, 51.3931465149, -83.8876647949], [3752.1418457, -1968.46264648, 149.821563721, 1055.56030273, -104.855987549, 373.822143555, 11.5732078552, 332.221374512, -43.6935577393, 168.476852417, -140.84197998, 121.83102417, -125.677520752], [-596.15838623, 599.107910156, 328.678436279, -104.855987549, 435.23928833, 18.3241767883, 114.136886597, -78.6907196045, 33.5398826599, 6.13171052933, 80.6332244873, -6.17308187485, 19.6366672516], [1885.35046387, -889.842712402, 349.945159912, 373.822143555, 18.3241767883, 432.820251465, 148.573822021, 232.782684326, 7.27562761307, 109.724128723, -67.0269699097, 52.9856643677, -81.8993377686], [255.5756073, -75.2662582397, 125.159408569, 11.5732078552, 114.136886597, 148.573822021, 301.714691162, 135.178482056, 71.1068725586, 79.6371078491, -1.98858582973, 17.725976944, 0.494828134775], [2214.25976562, -1035.46057129, -21.9252681732, 332.221374512, -78.6907196045, 232.782684326, 135.178482056, 335.286651611, 67.3844833374, 132.768859863, -94.3283996582, 56.3800621033, -59.9078788757], [-50.295124054, 134.752807617, -104.559364319, -43.6935577393, 33.5398826599, 7.27562761307, 71.1068725586, 67.3844833374, 145.876724243, 54.6953811646, 24.6116523743, -19.9207344055, 29.9842414856], [1432.7109375, -540.82800293, 3.69134044647, 168.476852417, 6.13171052933, 109.724128723, 79.6371078491, 132.768859863, 54.6953811646, 155.522262573, 10.3107881546, 60.6623764038, -32.0408172607], [-534.490966797, 464.407043457, 23.2342853546, -140.84197998, 80.6332244873, -67.0269699097, -1.98858582973, -94.3283996582, 24.6116523743, 10.3107881546, 123.750839233, 23.4268741608, 42.5745429993], [1173.66589355, -396.122955322, 51.3931465149, 121.83102417, -6.17308187485, 52.9856643677, 17.725976944, 56.3800621033, -19.9207344055, 60.6623764038, 23.4268741608, 117.166526794, 4.48842048645], [-629.931640625, 413.562530518, -83.8876647949, -125.677520752, 19.6366672516, -81.8993377686, 0.494828134775, -59.9078788757, 29.9842414856, -32.0408172607, 42.5745429993, 4.48842048645, 103.274238586]],
        "icov": [[0.000100488708995, 1.07500900413e-05, 0.00011977214308, -3.40077313012e-05, -0.000142598510138, -0.000176272616955, 0.000247634772677, -0.000301641237456, 0.000178500253242, -0.000409444241086, 0.00017913938791, -0.00060526363086, 0.000110556953587], [1.07500900413e-05, 0.00139932858292, -6.20788196102e-05, 0.000861375010572, -0.000644211133476, 0.00011798714695, -0.000557208491955, 0.00121880101506, -0.000933486619033, 0.00223561492749, -0.00271040573716, 0.00245385896415, -0.00163917278405], [0.00011977214308, -6.20788196102e-05, 0.00173225370236, 8.61879379954e-06, -0.00114236015361, -0.0018953998806, 0.000217421140405, 0.000355294236215, 0.000948655419052, 7.12579130777e-05, 0.000156158042955, -0.00153294706251, 0.00106481276453], [-3.40077313012e-05, 0.000861375010572, 8.61879379954e-06, 0.00269307475537, -0.000658210250549, -0.00100550288334, 0.000767027609982, -8.6564978119e-05, 0.000114014837891, 0.000303361361148, -0.000360789446859, 0.000764203781728, -0.000922125182115], [-0.000142598510138, -0.000644211133476, -0.00114236015361, -0.000658210250549, 0.00446065794677, 0.000792958657257, -0.00175914377905, 0.00115483475383, -0.00109805748798, -0.000493142229971, -0.000385973922675, 0.000139514449984, 0.000758919515647], [-0.000176272616955, 0.00011798714695, -0.0018953998806, -0.00100550288334, 0.000792958657257, 0.00716100493446, -0.00201403652318, -0.0022854343988, -5.96319259785e-05, 0.000344454776496, -0.000956908625085, 0.00223988480866, 0.000322423700709], [0.000247634772677, -0.000557208491955, 0.000217421140405, 0.000767027609982, -0.00175914377905, -0.00201403652318, 0.007214657031, -0.0040534986183, 0.000813826103695, -0.00364470458589, 0.00186793471221, -0.00189567229245, -0.000851515505929], [-0.000301641237456, 0.00121880101506, 0.000355294236215, -8.6564978119e-05, 0.00115483475383, -0.0022854343988, -0.0040534986183, 0.0155167141929, -0.00782001391053, 0.000622578256298, 0.00521628651768, -0.00140913494397, 0.00082554196706], [0.000178500253242, -0.000933486619033, 0.000948655419052, 0.000114014837891, -0.00109805748798, -5.96319259785e-05, 0.000813826103695, -0.00782001391053, 0.0174004938453, -0.008026516065, -0.00322050438263, 0.00608450081199, -0.00512143364176], [-0.000409444241086, 0.00223561492749, 7.12579130777e-05, 0.000303361361148, -0.000493142229971, 0.000344454776496, -0.00364470458589, 0.000622578256298, -0.008026516065, 0.0229519698769, -0.0104284556583, 8.73778553796e-05, 0.00346914632246], [0.00017913938791, -0.00271040573716, 0.000156158042955, -0.000360789446859, -0.000385973922675, -0.000956908625085, 0.00186793471221, 0.00521628651768, -0.00322050438263, -0.0104284556583, 0.0258205197752, -0.0134039195254, 0.00160349346697], [-0.00060526363086, 0.00245385896415, -0.00153294706251, 0.000764203781728, 0.000139514449984, 0.00223988480866, -0.00189567229245, -0.00140913494397, 0.00608450081199, 8.73778553796e-05, -0.0134039195254, 0.0267937649041, -0.0102703366429], [0.000110556953587, -0.00163917278405, 0.00106481276453, -0.000922125182115, 0.000758919515647, 0.000322423700709, -0.000851515505929, 0.00082554196706, -0.00512143364176, 0.00346914632246, 0.00160349346697, -0.0102703366429, 0.0196070745587]]
    },
    "melbands": {
        "dmean": [0.00487738195807, 0.00324779981747, 0.000598103913944, 0.000522045243997, 0.000212081664358, 0.000158952345373, 0.000118077958177, 6.87074498273e-05, 0.000153413551743, 0.000218722969294, 0.000116143397463, 5.20874855283e-05, 3.17460580845e-05, 1.92185216292e-05, 2.87435686914e-05, 2.12142967939e-05, 1.19197839012e-05, 1.08889726107e-05, 1.40171259773e-05, 1.68311507878e-05, 1.65595556609e-05, 1.33525500132e-05, 8.81297182787e-06, 9.0350604296e-06, 1.07396526801e-05, 7.89823388914e-06, 9.92255081655e-06, 6.17347177467e-06, 4.59892453364e-06, 3.98696874981e-06, 4.84440715809e-06, 3.65790720025e-06, 3.59559999197e-06, 3.77329956791e-06, 3.87705040339e-06, 3.72432373297e-06, 2.41873112827e-06, 2.55247095993e-06, 2.44809120886e-06, 2.56020211964e-06],
        "dmean2": [0.0074946526438, 0.0046007684432, 0.000966789317317, 0.000950501824263, 0.000342359999195, 0.000254599348409, 0.000197189932805, 0.00012218602933, 0.000261644658167, 0.000370982656023, 0.00019618589431, 8.94494150998e-05, 5.60954249522e-05, 3.39778453053e-05, 4.84269985463e-05, 3.58221877832e-05, 1.99382775463e-05, 1.81072900887e-05, 2.41435791395e-05, 2.93463963317e-05, 2.95736026601e-05, 2.33169357671e-05, 1.51629446918e-05, 1.60713861987e-05, 1.93033101823e-05, 1.39586927617e-05, 1.80367496796e-05, 1.09324619189e-05, 7.95281539467e-06, 6.80692346577e-06, 8.38692631078e-06, 6.29765281701e-06, 6.23517507847e-06, 6.61773992761e-06, 6.81947130943e-06, 6.64202707412e-06, 4.1434745981e-06, 4.41946212959e-06, 4.25583903052e-06, 4.45155592388e-06],
        "dvar": [9.62901758612e-05, 5.65411392017e-05, 3.88876151192e-06, 3.35895083481e-06, 2.18689166331e-07, 2.031662234e-07, 1.06340955597e-07, 3.60795908705e-08, 1.22559271176e-07, 1.92726218984e-07, 8.01648525339e-08, 2.59513530665e-08, 1.06632995767e-08, 1.7535425334e-09, 4.15310319468e-09, 1.85672788255e-09, 5.88057880169e-10, 5.49707612763e-10, 7.60741469819e-10, 1.24163668236e-09, 1.95524418878e-09, 9.15508502342e-10, 2.81334677776e-10, 4.71228445154e-10, 7.32533145253e-10, 2.98045643721e-10, 8.57080129091e-10, 1.96290872445e-10, 1.15574924631e-10, 6.64685875784e-11, 1.30646812813e-10, 6.5999483656e-11, 5.58498039482e-11, 5.97735125285e-11, 8.07251279711e-11, 7.8108006174e-11, 2.61111340882e-11, 3.54173392003e-11, 4.27416088633e-11, 4.46927286846e-11],
        "dvar2": [0.000258125626715, 0.000123369391076, 9.92148761725e-06, 9.68958011072e-06, 5.35172205218e-07, 4.93295658544e-07, 2.84894923652e-07, 1.02151055614e-07, 3.34695897664e-07, 5.25617167568e-07, 2.18530757934e-07, 7.06666511974e-08, 2.8421801801e-08, 4.8843329381e-09, 1.12904112726e-08, 5.00207608667e-09, 1.57765089881e-09, 1.51177026453e-09, 2.11524109339e-09, 3.45116579759e-09, 5.60127855209e-09, 2.56837906498e-09, 7.79075248758e-10, 1.35511957211e-09, 2.11547024342e-09, 8.55407467082e-10, 2.47268205911e-09, 5.76228231797e-10, 3.48362200198e-10, 1.89080404112e-10, 3.78589076755e-10, 1.85279305787e-10, 1.5630602368e-10, 1.69549638218e-10, 2.28103952393e-10, 2.21411153301e-10, 7.14834025306e-11, 9.48657402633e-11, 1.16020866525e-10, 1.2150930262e-10],
        "max": [0.1248832196, 0.0587681792676, 0.0197038501501, 0.0157993752509, 0.0048949373886, 0.00482117477804, 0.00348702119663, 0.00374899199232, 0.00620400765911, 0.00456738518551, 0.0042234249413, 0.00335820252076, 0.00282697123475, 0.000427425751695, 0.000853851204738, 0.000679779797792, 0.0007751371013, 0.00061462254962, 0.000464601063868, 0.000389989436371, 0.000417202565586, 0.00049158569891, 0.000221305759624, 0.00041296321433, 0.000315329700243, 0.000187854748219, 0.000370725058019, 0.000155616013217, 0.000173493943294, 0.000128108658828, 0.000166124780662, 0.000157111571752, 0.000131214619614, 7.64498254284e-05, 0.000127335631987, 0.000100453347841, 8.20354398456e-05, 6.75104383845e-05, 7.28998711566e-05, 7.50313920435e-05],
        "mean": [0.0128815211356, 0.00620453990996, 0.000628491688985, 0.000482332136016, 0.00025624744012, 0.000190667487914, 0.000144732359331, 7.60222610552e-05, 0.000203195639187, 0.000293595134281, 0.000157224349095, 6.84993865434e-05, 3.51041126123e-05, 2.24355535465e-05, 4.15408612753e-05, 3.17888116115e-05, 1.84215095942e-05, 1.65063192981e-05, 2.17196593439e-05, 2.44637230935e-05, 1.98431898752e-05, 1.88710764633e-05, 1.41389182318e-05, 1.29142881633e-05, 1.4601681869e-05, 1.18028865472e-05, 1.20003996926e-05, 9.76392311713e-06, 8.16895135358e-06, 7.3416831583e-06, 7.89557270764e-06, 6.25257871434e-06, 5.65863047086e-06, 5.38634003533e-06, 5.21353331351e-06, 4.54162045571e-06, 3.54417215931e-06, 3.33879415848e-06, 2.93541188512e-06, 2.76281275546e-06],
        "median": [0.00229668617249, 0.001309236628, 0.000180146540515, 9.08677975531e-05, 6.96240240359e-05, 5.32600788574e-05, 3.25930159306e-05, 2.51621477219e-05, 3.68974287994e-05, 6.29134883638e-05, 1.98584493774e-05, 8.02666727395e-06, 7.86178043199e-06, 5.69400071981e-06, 8.91497438715e-06, 8.92145362741e-06, 7.54772099754e-06, 6.34286516288e-06, 7.86044802226e-06, 9.2134323495e-06, 7.47244939703e-06, 8.58614839672e-06, 7.62745730754e-06, 6.84325732436e-06, 7.23218454368e-06, 7.1024242061e-06, 6.04265142101e-06, 5.55111455469e-06, 5.23507515027e-06, 5.02209695696e-06, 4.37627795691e-06, 3.71583269043e-06, 3.31557066602e-06, 2.89949321086e-06, 2.50481753028e-06, 2.03290437639e-06, 1.71854071596e-06, 1.43339980241e-06, 1.10851897261e-06, 9.07064247713e-07],
        "min": [3.1444835819e-24, 8.19801055443e-24, 1.05418354218e-23, 5.04764325347e-24, 9.42033238327e-24, 6.99746207544e-24, 1.64528948247e-23, 1.21409519289e-23, 8.51512948288e-24, 4.01124923467e-24, 2.10016821632e-24, 9.58503944053e-24, 1.53543539493e-23, 9.53072873379e-24, 6.20549858027e-24, 3.3296907675e-24, 3.69985428095e-24, 5.40634106809e-24, 5.05470947503e-24, 4.66113178106e-24, 6.07438003707e-24, 7.55965405473e-24, 8.4392876066e-24, 7.26707027815e-24, 5.55562944453e-24, 5.27282596545e-24, 4.3431230175e-24, 1.02480857088e-23, 1.00585287442e-23, 8.13459875942e-24, 1.01974021845e-23, 1.21615538203e-23, 7.75452557529e-24, 1.02495380018e-23, 1.0217510249e-23, 1.10903020102e-23, 1.11729060022e-23, 7.6034090137e-24, 1.04862783149e-23, 9.46904059986e-24],
        "var": [0.000265190581558, 0.000100335528259, 3.24845427713e-06, 2.07043922273e-06, 2.60497529325e-07, 2.07257173201e-07, 1.28379767261e-07, 2.87494579254e-08, 1.72374399199e-07, 2.7258218438e-07, 1.22816572912e-07, 4.50073223135e-08, 1.46624152819e-08, 1.66263935952e-09, 7.41798089621e-09, 3.06657721438e-09, 8.8528095965e-10, 8.95336582651e-10, 1.22684562509e-09, 1.59994884008e-09, 1.60657298576e-09, 1.00744346199e-09, 4.07599287655e-10, 4.34900671031e-10, 5.99149840852e-10, 2.89547358312e-10, 5.92832449797e-10, 2.24992108278e-10, 1.34327535206e-10, 1.0244136095e-10, 1.99445432392e-10, 1.0667440542e-10, 7.50736695032e-11, 7.01662131175e-11, 8.80333653197e-11, 6.95046173393e-11, 3.45946431224e-11, 3.78152058278e-11, 3.77877069913e-11, 3.72241473756e-11]
    },
    "mfcc": {
        "mean": [-686.499694824, 101.384078979, 22.9926185608, 24.3955421448, 11.0993747711, 9.4311580658, 4.08998966217, 9.95779705048, 9.73446655273, 10.265455246, 4.93022871017, 2.96381998062, -0.756671607494],
        "cov": [[22669.7851562, -4058.93920898, -1001.74951172, 1179.87060547, 147.626068115, 454.703033447, 671.551696777, 861.799255371, 625.690307617, 643.448242188, 634.565429688, 446.919433594, 269.833770752], [-4058.93920898, 2761.70678711, 310.62991333, -501.5206604, 33.805896759, -88.8042984009, -194.988983154, -260.399810791, -232.025939941, -214.111450195, -160.530975342, -74.6158828735, -63.1516456604], [-1001.74951172, 310.62991333, 654.573913574, 65.3452224731, 202.599914551, 173.798950195, 123.144393921, -0.198137372732, -34.7562294006, -65.4204788208, -16.4413509369, 19.2177696228, 48.0551300049], [1179.87060547, -501.5206604, 65.3452224731, 349.049438477, 121.356208801, 107.185058594, 128.346588135, 110.871131897, 82.4473114014, 48.9761047363, 55.6265792847, 51.8597297668, 37.2895050049], [147.626068115, 33.805896759, 202.599914551, 121.356208801, 254.250320435, 127.665626526, 61.3255805969, 19.1481761932, -4.64025878906, -24.1046180725, 4.48389720917, 30.3939743042, 22.5363063812], [454.703033447, -88.8042984009, 173.798950195, 107.185058594, 127.665626526, 200.88873291, 149.112976074, 66.6314086914, 43.8071479797, 37.8319854736, 57.4265556335, 41.7054176331, 34.5444297791], [671.551696777, -194.988983154, 123.144393921, 128.346588135, 61.3255805969, 149.112976074, 217.243865967, 127.464447021, 83.9588012695, 64.4900970459, 76.8849334717, 39.5978317261, 38.0169563293], [861.799255371, -260.399810791, -0.198137372732, 110.871131897, 19.1481761932, 66.6314086914, 127.464447021, 167.393066406, 121.13848114, 94.8261642456, 70.892791748, 29.359577179, 18.0432071686], [625.690307617, -232.025939941, -34.7562294006, 82.4473114014, -4.64025878906, 43.8071479797, 83.9588012695, 121.13848114, 174.48387146, 135.826522827, 80.4526748657, 20.3242969513, 6.24288797379], [643.448242188, -214.111450195, -65.4204788208, 48.9761047363, -24.1046180725, 37.8319854736, 64.4900970459, 94.8261642456, 135.826522827, 176.491622925, 109.537704468, 29.2604389191, 4.10752773285], [634.565429688, -160.530975342, -16.4413509369, 55.6265792847, 4.48389720917, 57.4265556335, 76.8849334717, 70.892791748, 80.4526748657, 109.537704468, 124.741851807, 57.1235313416, 23.7793979645], [446.919433594, -74.6158828735, 19.2177696228, 51.8597297668, 30.3939743042, 41.7054176331, 39.5978317261, 29.359577179, 20.3242969513, 29.2604389191, 57.1235313416, 80.9022827148, 43.7413635254], [269.833770752, -63.1516456604, 48.0551300049, 37.2895050049, 22.5363063812, 34.5444297791, 38.0169563293, 18.0432071686, 6.24288797379, 4.10752773285, 23.7793979645, 43.7413635254, 77.6991577148]],
