{
"lowlevel": {
    "average_loudness": 0.91200619936,
    "barkbands_crest": {
        "dmean": 2.97959852219,
        "dmean2": 4.55668449402,
        "dvar": 12.6085014343,
        "dvar2": 26.3856678009,
        "max": 26.6690540314,
        "mean": 18.3783893585,
        "median": 20.3501243591,
        "min": 2.1610045433,
        "var": 43.3738288879
    },
    "barkbands_flatness_db": {
        "dmean": 0.0442383773625,
        "dmean2": 0.0591120123863,
        "dvar": 0.00247601419687,
        "dvar2": 0.00450940895826,
        "max": 0.802249729633,
        "mean": 0.252672314644,
        "median": 0.230627045035,
        "min": 0.0152624575421,
        "var": 0.0147224767134
    },
    "barkbands_kurtosis": {
        "dmean": 49.441242218,
        "dmean2": 68.8630447388,
        "dvar": 27386.4550781,
        "dvar2": 69356.9296875,
        "max": 2931.36132812,
        "mean": 75.2469482422,
        "median": 19.7128257751,
        "min": -1.96425557137,
        "var": 44046.3085938
    },
    "barkbands_skewness": {
        "dmean": 1.96713852882,
        "dmean2": 2.56864237785,
        "dvar": 7.94031047821,
        "dvar2": 15.2611150742,
        "max": 42.4132270813,
        "mean": 5.28656148911,
        "median": 4.17180919647,
        "min": -6.04694795609,
        "var": 32.6753730774
    },
    "barkbands_spread": {
        "dmean": 8.61209487915,
        "dmean2": 13.852804184,
        "dvar": 224.125,
        "dvar2": 539.098999023,
        "max": 139.758056641,
        "mean": 14.8500843048,
        "median": 8.92770957947,
        "min": 0.0454815477133,
        "var": 331.481750488
    },
    "dissonance": {
        "dmean": 0.0237409006804,
        "dmean2": 0.0385800078511,
        "dvar": 0.000912521092687,
        "dvar2": 0.00241835415363,
        "max": 0.500000178814,
        "mean": 0.448912888765,
        "median": 0.472062885761,
        "min": 0.104543685913,
        "var": 0.00402759341523
    },
    "dynamic_complexity": 4.163002491,
    "erbbands_crest": {
        "dmean": 3.52891755104,
        "dmean2": 5.62432718277,
        "dvar": 14.4386005402,
        "dvar2": 30.5640964508,
        "max": 34.0421791077,
        "mean": 11.1207695007,
        "median": 8.68056869507,
        "min": 2.02909445763,
        "var": 47.0159187317
    },
    "erbbands_flatness_db": {
        "dmean": 0.0258791651577,
        "dmean2": 0.0369602330029,
        "dvar": 0.000937818724196,
        "dvar2": 0.00187369855121,
        "max": 0.580054581165,
        "mean": 0.160066336393,
        "median": 0.117941215634,
        "min": 0.0366165153682,
        "var": 0.0106312045828
    },
    "erbbands_kurtosis": {
        "dmean": 3.37395405769,
        "dmean2": 5.00647687912,
        "dvar": 71.8081893921,
        "dvar2": 134.931671143,
        "max": 209.254501343,
        "mean": 3.50521016121,
        "median": -0.393661141396,
        "min": -1.93943417072,
        "var": 146.438049316
    },
    "erbbands_skewness": {
        "dmean": 0.698496520519,
        "dmean2": 0.987418711185,
        "dvar": 0.745896220207,
        "dvar2": 1.38074612617,
        "max": 11.2175693512,
        "mean": 0.58533257246,
        "median": 0.0485133416951,
        "min": -4.72916412354,
        "var": 2.90736055374
    },
    "erbbands_spread": {
        "dmean": 15.7301454544,
        "dmean2": 23.4287376404,
        "dvar": 329.179443359,
        "dvar2": 736.361022949,
        "max": 228.171279907,
        "mean": 58.7983779907,
        "median": 59.6904067993,
        "min": 0.484080553055,
        "var": 1304.02001953
    },
    "hfc": {
        "dmean": 11.6905374527,
        "dmean2": 18.4817390442,
        "dvar": 364.634490967,
        "dvar2": 947.153076172,
        "max": 127.865470886,
        "mean": 26.2588558197,
        "median": 18.98686409,
        "min": 1.98396715723e-10,
        "var": 545.750915527
    },
    "melbands_crest": {
        "dmean": 3.68824648857,
        "dmean2": 5.78086900711,
        "dvar": 17.2428245544,
        "dvar2": 42.7434577942,
        "max": 38.0242538452,
        "mean": 24.5793495178,
        "median": 26.0855903625,
        "min": 2.25870060921,
        "var": 65.327545166
    },
    "melbands_flatness_db": {
        "dmean": 0.0503042712808,
        "dmean2": 0.0685495063663,
        "dvar": 0.00361527712084,
        "dvar2": 0.00639743963256,
        "max": 0.991889894009,
        "mean": 0.346463233232,
        "median": 0.326151072979,
        "min": 0.021427642554,
        "var": 0.0215427055955
    },
    "melbands_kurtosis": {
        "dmean": 83.5726013184,
        "dmean2": 122.679916382,
        "dvar": 28172.6054688,
        "dvar2": 61846.8710938,
        "max": 3714.89599609,
        "mean": 171.279998779,
        "median": 76.5629501343,
        "min": -1.93093430996,
        "var": 70165.046875
    },
    "melbands_skewness": {
        "dmean": 2.43107461929,
        "dmean2": 3.5115506649,
        "dvar": 9.8256855011,
        "dvar2": 19.7558345795,
        "max": 46.1293640137,
        "mean": 8.09321212769,
        "median": 7.42137479782,
        "min": -2.35310983658,
        "var": 39.1849403381
    },
    "melbands_spread": {
        "dmean": 7.56196498871,
        "dmean2": 11.9300737381,
        "dvar": 292.078765869,
        "dvar2": 576.24597168,
        "max": 300.52041626,
        "mean": 13.4368886948,
        "median": 4.17632961273,
        "min": 0.158482685685,
        "var": 839.370544434
    },
    "pitch_salience": {
        "dmean": 0.0868993550539,
        "dmean2": 0.131879597902,
        "dvar": 0.0101406993344,
        "dvar2": 0.0209626797587,
        "max": 0.883025527,
        "mean": 0.304608643055,
        "median": 0.240642741323,
        "min": 0.0152513710782,
        "var": 0.0410826317966
    },
    "silence_rate_20dB": {
        "dmean": 0,
        "dmean2": 0,
        "dvar": 0,
        "dvar2": 0,
        "max": 1,
        "mean": 1,
        "median": 1,
        "min": 1,
        "var": 0
    },
    "silence_rate_30dB": {
        "dmean": 0.082275941968,
        "dmean2": 0.16457387805,
        "dvar": 0.0755104497075,
        "dvar2": 0.149252250791,
        "max": 1,
        "mean": 0.469684839249,
        "median": 0,
        "min": 0,
        "var": 0.249073684216
    },
    "silence_rate_60dB": {
        "dmean": 0.0237745419145,
        "dmean2": 0.0474218539894,
        "dvar": 0.023208707571,
        "dvar2": 0.0539927147329,
        "max": 1,
        "mean": 0.103365384042,
        "median": 0,
        "min": 0,
        "var": 0.0926786512136
    },
    "spectral_centroid": {
        "dmean": 373.344787598,
        "dmean2": 556.640380859,
        "dvar": 253052.109375,
        "dvar2": 469775.03125,
        "max": 10925.4638672,
        "mean": 1390.31066895,
        "median": 1374.8293457,
        "min": 64.5062103271,
        "var": 969121.6875
    },
    "spectral_complexity": {
        "dmean": 4.71430492401,
        "dmean2": 7.28092432022,
        "dvar": 43.6857757568,
        "dvar2": 102.742736816,
        "max": 57,
        "mean": 12.7652244568,
        "median": 11,
        "min": 0,
        "var": 101.394607544
    },
    "spectral_decrease": {
        "dmean": 7.49200346206e-09,
        "dmean2": 1.151679907e-08,
        "dvar": 1.00631669889e-16,
        "dvar2": 1.87132222945e-16,
        "max": 5.26523685762e-11,
        "mean": -2.72921596434e-08,
        "median": -2.99106268642e-08,
        "min": -6.86855017307e-08,
        "var": 4.49588306562e-16
    },
    "spectral_energy": {
        "dmean": 0.0285338498652,
        "dmean2": 0.0439963713288,
        "dvar": 0.00145172094926,
        "dvar2": 0.00271749473177,
        "max": 0.262203633785,
        "mean": 0.105388730764,
        "median": 0.116305187345,
        "min": 2.08652912385e-14,
        "var": 0.00656202761456
    },
    "spectral_energyband_high": {
        "dmean": 0.000895774865057,
        "dmean2": 0.00145620398689,
        "dvar": 2.53857660937e-06,
        "dvar2": 6.51680102237e-06,
        "max": 0.0129384798929,
        "mean": 0.00147698656656,
        "median": 0.000653244787827,
        "min": 1.5502844234e-14,
        "var": 3.47629588759e-06
    },
    "spectral_energyband_low": {
        "dmean": 0.0285394322127,
        "dmean2": 0.0443555153906,
        "dvar": 0.00158730952535,
        "dvar2": 0.00317350379191,
        "max": 0.25810354948,
        "mean": 0.0924323871732,
        "median": 0.0884744003415,
        "min": 8.38958182168e-16,
        "var": 0.00665359944105
    },
    "spectral_energyband_middle_high": {
        "dmean": 0.00138076161966,
        "dmean2": 0.00227794982493,
        "dvar": 5.78036997467e-06,
        "dvar2": 1.5216727661e-05,
        "max": 0.0244046989828,
        "mean": 0.0024555856362,
        "median": 0.00169350323267,
        "min": 3.94631252521e-15,
        "var": 7.37094751457e-06
    },
    "spectral_energyband_middle_low": {
        "dmean": 0.00841682311147,
        "dmean2": 0.0138694932684,
        "dvar": 0.00043422949966,
        "dvar2": 0.00111674424261,
        "max": 0.19015622139,
        "mean": 0.0102399550378,
        "median": 0.00354175409302,
        "min": 3.189188896e-16,
        "var": 0.000380969489925
    },
    "spectral_entropy": {
        "dmean": 0.293467015028,
        "dmean2": 0.401057124138,
        "dvar": 0.144209384918,
        "dvar2": 0.245045021176,
        "max": 9.80100059509,
        "mean": 7.37094020844,
        "median": 7.85303401947,
        "min": 2.88569068909,
        "var": 1.29826772213
    },
    "spectral_flux": {
        "dmean": 0.0570255219936,
        "dmean2": 0.0865620523691,
        "dvar": 0.00478852726519,
        "dvar2": 0.0115751745179,
        "max": 0.536363720894,
        "mean": 0.124388001859,
        "median": 0.0859046578407,
        "min": 4.14758733314e-06,
        "var": 0.0115202162415
    },
    "spectral_kurtosis": {
        "dmean": 5.1215004921,
        "dmean2": 8.23849391937,
        "dvar": 357.143066406,
        "dvar2": 923.311462402,
        "max": 623.00592041,
        "mean": 13.3514299393,
        "median": 2.41787695885,
        "min": -1.22974896431,
        "var": 1568.58227539
    },
    "spectral_rms": {
        "dmean": 0.00154774752446,
        "dmean2": 0.00234369258396,
        "dvar": 4.47167167295e-06,
        "dvar2": 7.96307995188e-06,
        "max": 0.0159940123558,
        "mean": 0.00887983292341,
        "median": 0.0106521584094,
        "min": 4.51180470762e-09,
        "var": 2.39665732806e-05
    },
    "spectral_rolloff": {
        "dmean": 657.755859375,
        "dmean2": 1172.89550781,
        "dvar": 3405853.25,
        "dvar2": 8486165,
        "max": 18324.7558594,
        "mean": 1125.18127441,
        "median": 107.666015625,
        "min": 21.533203125,
        "var": 7463194.5
    },
    "spectral_skewness": {
        "dmean": 0.382189869881,
        "dmean2": 0.593242168427,
        "dvar": 0.528218150139,
        "dvar2": 1.26593565941,
        "max": 23.1313838959,
        "mean": 2.02468132973,
        "median": 1.27996706963,
        "min": -0.357744991779,
        "var": 5.02175521851
    },
    "spectral_spread": {
        "dmean": 963578.75,
        "dmean2": 1357327.875,
        "dvar": 1.50974522982e+12,
        "dvar2": 2.68961657651e+12,
        "max": 41714276,
        "mean": 6456000.5,
        "median": 6561213.5,
        "min": 230781.21875,
        "var": 1.03367342817e+13
    },
    "spectral_strongpeak": {
        "dmean": 0.331079006195,
        "dmean2": 0.533800065517,
        "dvar": 0.22351141274,
        "dvar2": 0.578417599201,
        "max": 6.26048326492,
        "mean": 0.903507530689,
        "median": 0.919879734516,
        "min": 0,
        "var": 0.353471577168
    },
    "zerocrossingrate": {
        "dmean": 0.0160334557295,
        "dmean2": 0.0194951798767,
        "dvar": 0.000623448111583,
        "dvar2": 0.000719959731214,
        "max": 0.623046875,
        "mean": 0.0506300330162,
        "median": 0.02685546875,
        "min": 0.001953125,
        "var": 0.00543660763651
    },
    "barkbands": {
        "dmean": [0.00226245843805, 0.0266396012157, 0.00896502938122, 0.00438106106594, 0.00393649609759, 0.000489668222144, 0.00041079102084, 0.000460519979242, 0.000166088168044, 0.000158555529197, 0.000364560663002, 0.000127336941659, 0.000194586260477, 0.000153309447342, 9.17673969525e-05, 0.000205175514566, 0.000195980785065, 0.000256210507359, 0.000176532601472, 0.00012668861018, 0.000139435811434, 0.000116735012853, 0.000103214028059, 0.000138669114676, 0.000119546552014, 0.000228393313591, 0.000115905735584],
        "dmean2": [0.00352159142494, 0.0394761301577, 0.0152482604608, 0.00789680238813, 0.00640503037721, 0.000756946683396, 0.000596961705014, 0.000722818891518, 0.0002613402321, 0.000255684601143, 0.000593527278397, 0.000216831613216, 0.0003378513793, 0.000257698673522, 0.000151915068273, 0.00034818155109, 0.000329930306179, 0.000430922431406, 0.000303289300064, 0.000213741630432, 0.0002360939543, 0.000196384251467, 0.00017223219038, 0.00023025435803, 0.000192289793631, 0.000374799361452, 0.000189492478967],
        "dvar": [1.25759361254e-05, 0.00144004414324, 0.000682057288941, 0.0002171715023, 8.87770438567e-05, 2.01477269002e-06, 7.98422661319e-07, 1.13789690204e-06, 2.3063057597e-07, 1.42448399743e-07, 5.63202263493e-07, 8.87070612521e-08, 1.97487253217e-07, 8.895658965e-08, 3.55233815696e-08, 3.32141439685e-07, 1.25163140297e-07, 3.71359448081e-07, 1.00418859006e-07, 4.87018851913e-08, 1.20834528161e-07, 4.40282725833e-08, 3.1796083988e-08, 6.450984813e-08, 4.51319017714e-08, 2.36207981175e-07, 6.55389840176e-08],
        "dvar2": [2.90523839794e-05, 0.00270307995379, 0.00177642109338, 0.000593847536948, 0.000222150789341, 4.23244455305e-06, 1.51423785155e-06, 2.53553935181e-06, 4.92740127811e-07, 3.28970287455e-07, 1.29777708935e-06, 2.24908575319e-07, 5.26658595845e-07, 2.29614940395e-07, 9.28676016088e-08, 9.07095738967e-07, 3.27993149085e-07, 9.5414441148e-07, 2.77351205114e-07, 1.33550827286e-07, 3.23075482811e-07, 1.15605445217e-07, 8.31817743574e-08, 1.68900072595e-07, 1.14014561348e-07, 6.0933837176e-07, 1.69335976352e-07],
        "max": [0.0421922281384, 0.23081278801, 0.194545850158, 0.147297754884, 0.0887089446187, 0.0412160977721, 0.0196126382798, 0.0356712564826, 0.0131194936112, 0.00875215604901, 0.0220133289695, 0.00607944419608, 0.0079397847876, 0.00512632494792, 0.00438007619232, 0.014467170462, 0.0041976631619, 0.0147150438279, 0.00634844880551, 0.00325421453454, 0.00959215313196, 0.002728699008, 0.00258568278514, 0.0028132640291, 0.00196716026403, 0.00345778255723, 0.00201331684366],
        "mean": [0.00410644803196, 0.0793465748429, 0.00779280113056, 0.00311880651861, 0.00480217207223, 0.000819539884105, 0.000601356266998, 0.000620976323262, 0.000223370647291, 0.000199819100089, 0.000472393934615, 0.000138039555168, 0.000213535284274, 0.000191496117623, 0.0001218985999, 0.000250005454291, 0.000253656238783, 0.000302382104564, 0.000254661368672, 0.000197802568437, 0.000220255882596, 0.000196163164219, 0.000175962253707, 0.00020995819068, 0.000200209615286, 0.000245201372309, 0.000113133413834],
        "median": [0.00124317430891, 0.0566457659006, 0.00100488215685, 0.000299590756185, 0.000715553527698, 0.000178713526111, 0.000115841401566, 9.75989823928e-05, 3.26367589878e-05, 3.46021988662e-05, 9.73852438619e-05, 4.43463795818e-05, 5.78471590416e-05, 6.53784518363e-05, 4.82526957057e-05, 0.000108290827484, 0.000119510586956, 0.000128897620016, 0.00013145673438, 9.35668867896e-05, 9.95274676825e-05, 7.62773706811e-05, 5.91244715906e-05, 8.50517608342e-05, 0.000103943231807, 5.18843153259e-05, 1.12201878437e-05],
        "min": [4.71496284347e-16, 4.48652493974e-16, 1.21545482457e-16, 7.32211146158e-17, 9.05835430291e-17, 4.75513477066e-17, 1.25779528845e-17, 1.31182556801e-17, 5.86612005876e-17, 1.07473227796e-16, 1.97379534897e-16, 1.53491899163e-16, 3.89566413719e-16, 8.05185178616e-16, 1.19839227229e-16, 2.12318734397e-16, 8.96516400275e-16, 2.29376442707e-16, 2.86817320281e-16, 9.17406456215e-16, 3.5980440234e-16, 8.03534734918e-16, 7.40622898008e-16, 1.83157978767e-15, 3.37372735847e-15, 5.11720259062e-15, 2.94738560645e-15],
        "var": [3.65904124919e-05, 0.00602147914469, 0.00052127201343, 0.000139510477311, 0.000120881129988, 6.38768688077e-06, 1.96155906451e-06, 2.11741371459e-06, 4.51854106132e-07, 2.62735539991e-07, 9.56351073e-07, 1.01772606342e-07, 2.23568562774e-07, 1.21837473444e-07, 4.41167813392e-08, 2.8658811857e-07, 1.45193055801e-07, 3.7653705931e-07, 1.24315548078e-07, 7.05444591631e-08, 1.26438749248e-07, 7.10998122599e-08, 5.59747626028e-08, 8.49556869298e-08, 6.50367155686e-08, 2.1285592311e-07, 5.71488385503e-08]
    },
    "erbbands": {
        "dmean": [1.09267532825, 5.22671079636, 10.4632663727, 9.9830827713, 16.8147678375, 11.3639116287, 5.7946805954, 4.44043588638, 5.04540729523, 10.7048845291, 5.13215875626, 4.24295186996, 3.1658680439, 6.59679508209, 16.7225914001, 5.07507419586, 9.43099975586, 8.09112739563, 5.09669303894, 7.53596925735, 9.34987163544, 11.0920772552, 12.7703857422, 12.027381897, 7.67391014099, 5.90466785431, 6.25031805038, 4.85976362228, 4.14874219894, 3.65978550911, 3.13258743286, 2.76880908012, 2.28229737282, 1.48378551006, 0.87966042757, 0.917067289352, 0.444914311171, 0.156371712685, 0.0173913687468, 0.000245862727752],
        "dmean2": [1.53058969975, 7.55174541473, 16.1289196014, 16.439447403, 29.9166984558, 17.6815776825, 9.01821327209, 6.73120069504, 7.1786608696, 16.2763729095, 8.31981372833, 6.64325618744, 5.09440326691, 10.7874803543, 27.1583347321, 8.49217987061, 16.3668136597, 13.6866912842, 8.33924865723, 12.524102211, 15.9826011658, 18.6811180115, 21.8801422119, 20.3327884674, 13.116566658, 9.72515964508, 10.6519927979, 8.30685138702, 6.94355249405, 6.03358459473, 5.2721414566, 4.57049560547, 3.79370236397, 2.47142267227, 1.41192674637, 1.54406797886, 0.734506487846, 0.246003657579, 0.028510896489, 0.000400281162001],
        "dvar": [2.57106685638, 62.4906768799, 682.591918945, 863.359619141, 2864.54785156, 720.683105469, 237.434753418, 196.243148804, 156.288848877, 526.721069336, 103.805656433, 163.115966797, 53.3545799255, 218.989654541, 1285.95849609, 117.052810669, 474.967071533, 257.178619385, 84.7379837036, 300.526611328, 664.4453125, 476.398986816, 947.379638672, 548.308654785, 186.403015137, 101.851448059, 159.225158691, 187.158401489, 52.6933670044, 42.6323623657, 31.2488384247, 23.1145820618, 17.8552970886, 7.5948433876, 2.35884690285, 3.84910917282, 0.920782625675, 0.110245876014, 0.00142094038893, 2.53840084952e-07],
        "dvar2": [4.72244358063, 102.518714905, 1653.24902344, 2090.20239258, 7881.29003906, 1539.0300293, 539.06427002, 406.980041504, 284.996765137, 1135.91906738, 251.220230103, 346.706817627, 124.668495178, 525.947937012, 2907.59326172, 279.80569458, 1265.42883301, 670.745117188, 222.903930664, 795.241821289, 1847.35461426, 1260.51037598, 2485.95825195, 1411.77233887, 511.241394043, 271.926239014, 416.454620361, 518.831665039, 139.476196289, 110.022186279, 82.9539871216, 60.7564468384, 46.7888183594, 19.9712429047, 5.83803224564, 10.1621685028, 2.38893675804, 0.273942321539, 0.00364968366921, 6.55395410831e-07],
        "max": [11.1327581406, 52.331237793, 192.87663269, 268.319580078, 518.434570312, 379.764038086, 384.530487061, 429.439422607, 299.516204834, 615.147277832, 284.693786621, 345.571411133, 322.058288574, 310.106231689, 1100.57287598, 311.69229126, 371.067199707, 246.90826416, 207.704284668, 363.089141846, 836.547607422, 291.055603027, 820.907165527, 407.536254883, 284.704650879, 193.657226562, 295.368011475, 386.848266602, 107.392288208, 79.8147354126, 81.952911377, 60.0073814392, 53.3109321594, 23.8662090302, 14.4468383789, 15.823846817, 6.54361820221, 2.80810570717, 0.278011292219, 0.00376020139083],
        "mean": [3.13062787056, 14.2925977707, 12.1985664368, 9.07692337036, 14.052567482, 16.4995555878, 9.18867206573, 7.70051622391, 7.79918336868, 15.7459278107, 6.76317310333, 5.95228624344, 4.35536384583, 7.90364122391, 22.5264720917, 6.67544031143, 10.4826688766, 10.2969064713, 6.73809242249, 10.0591421127, 12.0203065872, 14.1042404175, 15.6970262527, 16.4062747955, 11.372795105, 9.68705558777, 9.43677043915, 7.9648938179, 7.06872463226, 6.08432435989, 5.06730365753, 4.34641027451, 3.37342357635, 2.28210401535, 1.44559371471, 0.988707602024, 0.461337029934, 0.168395504355, 0.0171279981732, 0.000356124626705],
        "median": [1.18434762955, 9.66758060455, 4.09514808655, 1.43491220474, 1.54051089287, 2.11242198944, 2.70425128937, 1.84146332741, 1.81623888016, 3.44229221344, 1.9078669548, 1.02566862106, 1.13824236393, 2.02864646912, 5.22558116913, 2.70628213882, 3.09814786911, 4.17086601257, 3.29732561111, 4.73799419403, 6.20597934723, 6.90178775787, 7.06977510452, 7.38390254974, 6.270195961, 4.73624706268, 4.46928024292, 3.56384086609, 2.94352960587, 2.08540344238, 1.70267105103, 1.74691963196, 1.40226924419, 1.06962370872, 0.747709572315, 0.283572852612, 0.0846313983202, 0.0242347680032, 0.00155463535339, 0.000214234183659],
        "min": [2.02274127488e-14, 7.6163888022e-14, 1.44814688669e-13, 2.07325313601e-13, 2.85608830423e-13, 2.92232031759e-13, 3.22261531696e-13, 3.99544031757e-13, 2.64443713238e-13, 9.0351703441e-14, 5.19958967375e-13, 1.28036849786e-12, 2.48411686186e-12, 5.14726846215e-12, 8.96836424569e-12, 5.83200328308e-12, 1.50088171058e-11, 4.52523817029e-11, 1.5060175329e-11, 7.3804001105e-12, 1.63714302531e-11, 5.14695716602e-11, 1.55077235775e-11, 1.11044680395e-11, 2.42966809866e-11, 5.35156155501e-11, 1.38705418679e-11, 2.19616477781e-11, 2.15204052495e-11, 2.24597580117e-11, 2.86995479465e-11, 2.03792972081e-11, 3.8987160722e-11, 2.98650826291e-11, 3.05353416163e-11, 1.95176062812e-11, 8.32445050392e-12, 2.51036019229e-12, 4.73681207105e-13, 4.06029478431e-14],
        "var": [11.6998281479, 227.487167358, 699.351745605, 731.463134766, 1979.0222168, 1660.25976562, 515.019104004, 625.677307129, 383.24206543, 1071.4354248, 166.452163696, 335.024505615, 115.517730713, 321.002471924, 2272.53686523, 188.467208862, 526.010437012, 341.203582764, 100.265609741, 331.175140381, 529.261779785, 486.433044434, 916.031066895, 654.292358398, 239.646331787, 167.49079895, 191.510635376, 175.438598633, 87.4291687012, 71.2891769409, 49.3832855225, 33.6585884094, 22.8752689362, 9.34082126617, 3.46035885811, 3.26914048195, 0.806752860546, 0.109136715531, 0.001268053893, 2.57843936424e-07]
    },
    "gfcc": {
        "mean": [-47.0526924133, 62.9004898071, -66.4689407349, 38.8250923157, -34.3330345154, 20.7308826447, -21.6309757233, 13.6883792877, -19.1104564667, 9.35686683655, -5.59892034531, 6.95262718201, -9.51076412201],
        "cov": [[28924.2363281, -4804.42236328, -1510.39550781, 3281.84790039, 1152.92346191, 425.95135498, -483.781860352, 1790.53100586, 1041.91479492, 937.672729492, -788.767944336, 682.637023926, -80.8813705444], [-4804.42236328, 5858.35009766, 304.056365967, 20.2873535156, 606.371887207, -1171.2713623, 35.3119049072, -916.942138672, -179.066360474, -886.788146973, 278.040100098, -589.956176758, 324.972381592], [-1510.39550781, 304.056365967, 2453.08398438, 460.727996826, 277.277984619, 334.853393555, 118.073989868, 24.1146755219, 9.79532432556, -25.232383728, -4.24197530746, -111.496932983, -33.1405639648], [3281.84790039, 20.2873535156, 460.727996826, 1604.24975586, 839.468200684, -5.27659225464, 0.661255478859, 216.045410156, 266.98348999, 36.6449775696, -155.969116211, 11.7176504135, 95.163848877], [1152.92346191, 606.371887207, 277.277984619, 839.468200684, 822.31829834, -49.2655715942, 98.2891845703, 50.4054145813, 195.392715454, -52.6406173706, -16.1176128387, -38.9411277771, 82.7287445068], [425.95135498, -1171.2713623, 334.853393555, -5.27659225464, -49.2655715942, 723.756591797, 156.393203735, 265.912353516, 38.7614784241, 239.915435791, 31.0650100708, 102.58228302, -82.6007080078], [-483.781860352, 35.3119049072, 118.073989868, 0.661255478859, 98.2891845703, 156.393203735, 256.367370605, 60.6638565063, 98.6824188232, 73.6659088135, 104.912612915, 15.5542116165, 6.98809432983], [1790.53100586, -916.942138672, 24.1146755219, 216.045410156, 50.4054145813, 265.912353516, 60.6638565063, 391.961395264, 176.684875488, 246.249588013, -12.4688472748, 146.31451416, -23.9223937988], [1041.91479492, -179.066360474, 9.79532432556, 266.98348999, 195.392715454, 38.7614784241, 98.6824188232, 176.684875488, 255.064682007, 155.120513916, 35.4460220337, 49.1292228699, 24.7699298859], [937.672729492, -886.788146973, -25.232383728, 36.6449775696, -52.6406173706, 239.915435791, 73.6659088135, 246.249588013, 155.120513916, 300.702362061, 44.0030441284, 136.560760498, -37.2201766968], [-788.767944336, 278.040100098, -4.24197530746, -155.969116211, -16.1176128387, 31.0650100708, 104.912612915, -12.4688472748, 35.4460220337, 44.0030441284, 190.642944336, 30.3117237091, 37.4886512756], [682.637023926, -589.956176758, -111.496932983, 11.7176504135, -38.9411277771, 102.58228302, 15.5542116165, 146.31451416, 49.1292228699, 136.560760498, 30.3117237091, 172.248458862, 7.38980722427], [-80.8813705444, 324.972381592, -33.1405639648, 95.163848877, 82.7287445068, -82.6007080078, 6.98809432983, -23.9223937988, 24.7699298859, -37.2201766968, 37.4886512756, 7.38980722427, 101.586540222]],
        "icov": [[7.91888669482e-05, 4.83114899907e-06, 6.58748540445e-05, -0.000129447464133, 1.45794201671e-05, -1.38326868182e-05, 0.000172839747393, -0.000231037658523, -0.000156918540597, 7.10146923666e-05, 0.000110821019916, -9.03221298358e-05, 0.000130885586259], [4.83114899907e-06, 0.000846924667712, -9.4451737823e-05, 8.49895368447e-05, -0.00040816506953, 0.000736999325454, -0.000133495079353, 2.19368102989e-05, 1.29444351842e-05, 0.00116075971164, -0.00156880612485, 0.00167150760535, -0.000990385306068], [6.58748540445e-05, -9.4451737823e-05, 0.000580498017371, -0.000337421457516, 7.6549804362e-05, -0.00040246345452, 8.02068097983e-05, -0.000169754624949, -1.97336830752e-05, 4.55405170214e-05, 5.12503356731e-05, 0.000150720952661, 0.000416603084886], [-0.000129447464133, 8.49895368447e-05, -0.000337421457516, 0.00219919160008, -0.0018384619616, 0.000143765384564, 0.000247677613515, -0.000101281846582, -9.44692219491e-05, -0.000516292115208, 0.00121736922301, 0.00028954516165, -0.00160841818433], [1.45794201671e-05, -0.00040816506953, 7.6549804362e-05, -0.0018384619616, 0.00390185415745, -0.000681616656948, -0.000748801918235, 0.00041173392674, -0.00228257058188, 0.00182250910439, 6.38498313492e-05, -0.00111305073369, 0.000762928335462], [-1.38326868182e-05, 0.000736999325454, -0.00040246345452, 0.000143765384564, -0.000681616656948, 0.00385654880665, -0.00197349721566, -0.00177759118378, 0.00302872504108, -0.00141100725159, -0.00126826483756, 0.00203100359067, -0.000161784235388], [0.000172839747393, -0.000133495079353, 8.02068097983e-05, 0.000247677613515, -0.000748801918235, -0.00197349721566, 0.00786536559463, -4.37176458945e-05, -0.00349837681279, 0.000982630997896, -0.00271997530945, -0.000121337354358, 0.00103821244556], [-0.000231037658523, 2.19368102989e-05, -0.000169754624949, -0.000101281846582, 0.00041173392674, -0.00177759118378, -4.37176458945e-05, 0.00901377294213, -0.00355480029248, -0.00200712634251, 0.00152016070206, -0.00327291246504, -6.11785289948e-05], [-0.000156918540597, 1.29444351842e-05, -1.97336830752e-05, -9.44692219491e-05, -0.00228257058188, 0.00302872504108, -0.00349837681279, -0.00355480029248, 0.0141876628622, -0.0079887714237, -0.000648057553917, 0.00419720355421, -0.002811772516], [7.10146923666e-05, 0.00116075971164, 4.55405170214e-05, -0.000516292115208, 0.00182250910439, -0.00141100725159, 0.000982630997896, -0.00200712634251, -0.0079887714237, 0.0161045640707, -0.00450004590675, -0.00321650342084, 0.00341315334663], [0.000110821019916, -0.00156880612485, 5.12503356731e-05, 0.00121736922301, 6.38498313492e-05, -0.00126826483756, -0.00271997530945, 0.00152016070206, -0.000648057553917, -0.00450004590675, 0.0131948366761, -0.00459669437259, -0.00258071208373], [-9.03221298358e-05, 0.00167150760535, 0.000150720952661, 0.00028954516165, -0.00111305073369, 0.00203100359067, -0.000121337354358, -0.00327291246504, 0.00419720355421, -0.00321650342084, -0.00459669437259, 0.015693763271, -0.00549281481653], [0.000130885586259, -0.000990385306068, 0.000416603084886, -0.00160841818433, 0.000762928335462, -0.000161784235388, 0.00103821244556, -6.11785289948e-05, -0.002811772516, 0.00341315334663, -0.00258071208373, -0.00549281481653, 0.0172082781792]]
    },
    "melbands": {
        "dmean": [0.00842297915369, 0.00539858359843, 0.00191389943939, 0.00101236009505, 0.00026626282488, 9.46397994994e-05, 7.80088303145e-05, 0.000121195313113, 3.69299705199e-05, 2.51668752753e-05, 1.56818059622e-05, 2.58901727648e-05, 5.12416227139e-05, 2.30624464166e-05, 1.81840168807e-05, 1.64407374541e-05, 1.61901098181e-05, 8.86723319127e-06, 6.29296209809e-06, 1.5666910258e-05, 1.02670010165e-05, 1.04870787254e-05, 1.50875175677e-05, 1.01940922832e-05, 1.03098373074e-05, 6.06781486567e-06, 4.57869964521e-06, 4.35503534391e-06, 3.96216137233e-06, 3.98515885536e-06, 2.81263146462e-06, 2.41083921537e-06, 2.53577763942e-06, 1.9015963062e-06, 2.05270180231e-06, 1.44486477893e-06, 1.97342865249e-06, 1.58968521191e-06, 1.63542483733e-06, 1.20805327697e-06],
        "dmean2": [0.0117562301457, 0.00782018061727, 0.00311799324118, 0.00168460793793, 0.00040994718438, 0.000144306570292, 0.000111365843622, 0.000185473414604, 6.01477404416e-05, 3.95099195885e-05, 2.52219870163e-05, 4.24022800871e-05, 8.37288243929e-05, 3.75681011064e-05, 3.16859295708e-05, 2.83557474177e-05, 2.7323503673e-05, 1.46814327309e-05, 1.04522669062e-05, 2.60960277956e-05, 1.77435304067e-05, 1.76749563252e-05, 2.59752214333e-05, 1.70939110831e-05, 1.74689394044e-05, 1.03849242805e-05, 7.80691334512e-06, 7.17220837032e-06, 6.88038335284e-06, 6.80057155478e-06, 4.82844461658e-06, 4.05878608944e-06, 4.2413198571e-06, 3.10359519062e-06, 3.50591403731e-06, 2.40603685597e-06, 3.2981545246e-06, 2.63062793238e-06, 2.79398136627e-06, 2.01967486646e-06],
        "dvar": [0.000137712646392, 9.83793870546e-05, 3.07677692035e-05, 6.65824427415e-06, 5.06815354129e-07, 8.50037125133e-08, 3.60347556239e-08, 7.13358545568e-08, 5.29401278371e-09, 5.43252642871e-09, 1.33707545036e-09, 3.91232424235e-09, 1.09342783716e-08, 2.33938801664e-09, 1.73972924955e-09, 1.47867629252e-09, 1.05374742265e-09, 2.67851657521e-10, 1.79669085165e-10, 1.84803905512e-09, 1.11768538869e-09, 4.57042792501e-10, 1.06652020548e-09, 5.27925758664e-10, 3.98363786402e-10, 1.31569685702e-10, 6.02398339544e-11, 6.36115049524e-11, 5.16101883452e-11, 1.21365861805e-10, 4.83150464081e-11, 1.79987968973e-11, 2.52699076941e-11, 1.00281033477e-11, 1.40961062267e-11, 5.72235531529e-12, 1.25286534619e-11, 7.82226974166e-12, 9.59660996502e-12, 5.04189918982e-12],
        "dvar2": [0.000265480193775, 0.000216267842916, 7.21648539184e-05, 1.69532522705e-05, 1.09733946374e-06, 1.7656211071e-07, 6.59532304326e-08, 1.5567700018e-07, 1.27193544586e-08, 1.16902185709e-08, 3.10052006292e-09, 9.2540979324e-09, 2.53805119144e-08, 5.3674988898e-09, 4.69066652187e-09, 3.83330434062e-09, 2.71237898808e-09, 6.95336788148e-10, 4.7369469458e-10, 4.9092041543e-09, 3.16780046639e-09, 1.22682730641e-09, 2.77080047795e-09, 1.36840005993e-09, 1.02671060542e-09, 3.6557862293e-10, 1.63100005723e-10, 1.71409178518e-10, 1.36895564329e-10, 3.29523575093e-10, 1.34187064238e-10, 4.82398669621e-11, 6.62951568642e-11, 2.58862636188e-11, 3.79306482057e-11, 1.51284609839e-11, 3.31588576041e-11, 2.01992155641e-11, 2.57076183258e-11, 1.33148188655e-11],
        "max": [0.0767507478595, 0.0760211497545, 0.0533274561167, 0.0255251955241, 0.0179116465151, 0.00834276992828, 0.00456512719393, 0.00795293785632, 0.00165879947599, 0.00185855349991, 0.00156799843535, 0.00139516254421, 0.00306921615265, 0.00122166203801, 0.000581821775995, 0.00104295788333, 0.000569797179196, 0.000272989884252, 0.000281409913441, 0.00129168387502, 0.00128265493549, 0.000312904390739, 0.000723345961887, 0.000516856031027, 0.000344963860698, 0.000294007477351, 0.000121641300211, 0.000177879774128, 0.000142640739796, 0.000326627981849, 0.000184316537343, 8.47751143738e-05, 5.87435497437e-05, 4.42248310719e-05, 4.86021890538e-05, 4.31379994552e-05, 3.98989104724e-05, 3.89997549064e-05, 3.07981244987e-05, 2.01696566364e-05],
        "mean": [0.0247067585588, 0.010596438311, 0.00177202420309, 0.00115049292799, 0.000427362101618, 0.000161547141033, 0.000118503383419, 0.000175603723619, 4.70067097922e-05, 3.43876890838e-05, 2.08783112612e-05, 2.90372281597e-05, 6.73546237522e-05, 3.08928574668e-05, 1.94887215912e-05, 1.85233020602e-05, 2.02247465495e-05, 1.07939831651e-05, 8.63871082402e-06, 1.93284486159e-05, 1.24747566588e-05, 1.31357564896e-05, 1.74492943188e-05, 1.25727865452e-05, 1.36594999276e-05, 8.32824207464e-06, 6.83057714923e-06, 6.51812024444e-06, 5.73881015953e-06, 5.59517502552e-06, 4.39239647676e-06, 3.95795768782e-06, 3.77062860935e-06, 3.18749880535e-06, 3.02035482491e-06, 2.52429094871e-06, 2.75496427093e-06, 2.34277922573e-06, 2.22795824811e-06, 1.81552263712e-06],
        "median": [0.0159974340349, 0.00627754349262, 0.000253539328696, 0.000144087040098, 0.000107818093966, 3.35693694069e-05, 2.40706394834e-05, 3.65897722077e-05, 1.29080635816e-05, 4.88611249239e-06, 4.51061714557e-06, 3.9988935896e-06, 1.47896298586e-05, 7.96276162873e-06, 5.2019040595e-06, 5.4463653214e-06, 6.723757906e-06, 4.72716237709e-06, 3.91413732359e-06, 7.18930459698e-06, 6.23585856374e-06, 6.53930419503e-06, 6.58246699459e-06, 5.76390993956e-06, 5.64072706766e-06, 4.37615653937e-06, 3.33830485033e-06, 2.97003452943e-06, 2.68785015578e-06, 2.43296926783e-06, 1.83108613783e-06, 1.6794754174e-06, 1.18389561976e-06, 1.11063479835e-06, 9.87745806924e-07, 9.22575452478e-07, 1.1087730627e-06, 9.63782440522e-07, 9.58855366662e-07, 8.306529935e-07],
        "min": [1.75263464939e-16, 8.53996286e-17, 3.87979669546e-17, 2.13305974458e-17, 1.15283847643e-17, 8.93562518455e-18, 3.67268895077e-18, 1.01724738197e-18, 4.98886275911e-18, 8.47989581633e-18, 1.25319450989e-17, 1.96598481184e-17, 2.92359840666e-17, 2.24901475003e-17, 1.04746774323e-17, 5.4608839458e-17, 8.732542418e-17, 2.73278769168e-17, 7.55520467162e-18, 9.90561025805e-18, 2.07334822313e-17, 5.64861589454e-17, 2.96659095357e-17, 9.83680702906e-18, 8.17220117207e-18, 1.09900837458e-17, 2.73491801263e-17, 3.64222645307e-17, 6.56898245629e-18, 9.75446450781e-18, 1.46684401245e-17, 1.49075217913e-17, 1.0471447292e-17, 1.06147472341e-17, 1.81630449476e-17, 1.04651756086e-17, 1.34564559182e-17, 2.88121499557e-17, 2.80565535533e-17, 2.2040715458e-17],
        "var": [0.000622098334134, 0.000184031174285, 2.71900316875e-05, 8.13881433714e-06, 1.16671685646e-06, 2.7220659149e-07, 8.86084947638e-08, 1.41610598803e-07, 8.28996338242e-09, 1.10225428784e-08, 2.88568546836e-09, 5.95656501901e-09, 1.84482242815e-08, 4.1444843113e-09, 1.7684517184e-09, 1.78519543592e-09, 1.54047052892e-09, 2.97962016171e-10, 2.1535408179e-10, 1.84491899535e-09, 7.83295373008e-10, 4.41861380818e-10, 1.09044806518e-09, 5.4111293224e-10, 4.80375794698e-10, 1.490013668e-10, 8.70391536623e-11, 8.9721501062e-11, 6.5355471035e-11, 1.07281947215e-10, 4.95369405218e-11, 2.81079725467e-11, 3.34406877189e-11, 1.85924955987e-11, 1.90913534981e-11, 1.13092321966e-11, 1.51625084016e-11, 1.08711008945e-11, 1.05165372938e-11, 6.07771125094e-12]
    },
    "mfcc": {
        "mean": [-698.900756836, 96.4072570801, 30.1900901794, 35.05286026, 19.7506351471, 14.1922264099, 14.7763357162, 10.2396478653, 4.8253030777, 3.2410466671, 5.76811695099, 10.4686880112, 6.7357339859],
        "cov": [[18119.7246094, -1625.98010254, -1469.93127441, 1368.68969727, 885.174743652, 468.59967041, -20.2522773743, 591.106506348, 648.557128906, 643.506408691, 451.066925049, 233.193740845, 289.657775879], [-1625.98010254, 3837.62890625, 312.652893066, 613.563842773, 198.719329834, -259.779754639, -30.1909828186, -175.147216797, -263.199401855, -347.215606689, -320.40133667, -223.478363037, -324.339080811], [-1469.93127441, 312.652893066, 1839.03967285, 209.733551025, 282.914245605, 240.816329956, 205.018692017, 90.4401626587, 42.7223358154, 108.13306427, 7.07697629929, -82.4519424438, -35.0582389832], [1368.68969727, 613.563842773, 209.733551025, 1329.91552734, 714.146789551, 184.199676514, 8.12950897217, 81.1003875732, 224.481842041, 32.1482467651, -25.8648452759, -40.8893737793, -113.015357971], [885.174743652, 198.719329834, 282.914245605, 714.146789551, 640.02355957, 231.33921814, 76.0367202759, 118.286857605, 175.364135742, 93.3118209839, 2.26742815971, -25.5540370941, -39.3355445862], [468.59967041, -259.779754639, 240.816329956, 184.199676514, 231.33921814, 340.658843994, 162.315414429, 123.835914612, 104.653442383, 131.393386841, 67.6909103394, 8.5783662796, 32.4845428467], [-20.2522773743, -30.1909828186, 205.018692017, 8.12950897217, 76.0367202759, 162.315414429, 185.588943481, 94.5588378906, 33.0295372009, 70.5942153931, 45.000793457, 18.8748092651, 36.1916732788], [591.106506348, -175.147216797, 90.4401626587, 81.1003875732, 118.286857605, 123.835914612, 94.5588378906, 152.548370361, 93.2546005249, 99.3426437378, 56.2906455994, 20.1349124908, 52.5011253357], [648.557128906, -263.199401855, 42.7223358154, 224.481842041, 175.364135742, 104.653442383, 33.0295372009, 93.2546005249, 191.292068481, 128.517456055, 66.3783493042, 53.2969551086, 47.6034927368], [643.506408691, -347.215606689, 108.13306427, 32.1482467651, 93.3118209839, 131.393386841, 70.5942153931, 99.3426437378, 128.517456055, 220.796478271, 125.449493408, 67.1698226929, 106.624023438], [451.066925049, -320.40133667, 7.07697629929, -25.8648452759, 2.26742815971, 67.6909103394, 45.000793457, 56.2906455994, 66.3783493042, 125.449493408, 155.973922729, 103.734275818, 89.8467330933], [233.193740845, -223.478363037, -82.4519424438, -40.8893737793, -25.5540370941, 8.5783662796, 18.8748092651, 20.1349124908, 53.2969551086, 67.1698226929, 103.734275818, 141.311218262, 110.630439758], [289.657775879, -324.339080811, -35.0582389832, -113.015357971, -39.3355445862, 32.4845428467, 36.1916732788, 52.5011253357, 47.6034927368, 106.624023438, 89.8467330933, 110.630439758, 183.737960815]],
