{
"lowlevel": {
    "average_loudness": 0.87343287468,
    "barkbands_crest": {
        "dmean": 3.14658927917,
        "dmean2": 5.05987882614,
        "dvar": 13.743273735,
        "dvar2": 31.1604804993,
        "max": 26.1886405945,
        "mean": 13.2700824738,
        "median": 14.1452741623,
        "min": 2.13846254349,
        "var": 38.3466148376
    },
    "barkbands_flatness_db": {
        "dmean": 0.0371714793146,
        "dmean2": 0.0513684004545,
        "dvar": 0.00208736490458,
        "dvar2": 0.0039484584704,
        "max": 0.662402153015,
        "mean": 0.16358114779,
        "median": 0.140166267753,
        "min": 0.0134924808517,
        "var": 0.00980702787638
    },
    "barkbands_kurtosis": {
        "dmean": 18.4363117218,
        "dmean2": 29.5433673859,
        "dvar": 8247.45605469,
        "dvar2": 22880.3710938,
        "max": 1349.57495117,
        "mean": 20.4486579895,
        "median": 1.2973279953,
        "min": -1.94556832314,
        "var": 7375.35644531
    },
    "barkbands_skewness": {
        "dmean": 1.1843804121,
        "dmean2": 1.70807600021,
        "dvar": 4.02767038345,
        "dvar2": 9.29590129852,
        "max": 26.0335979462,
        "mean": 2.10904359818,
        "median": 1.3933198452,
        "min": -7.31155014038,
        "var": 9.62426662445
    },
    "barkbands_spread": {
        "dmean": 9.75394439697,
        "dmean2": 15.3889665604,
        "dvar": 139.658615112,
        "dvar2": 327.436340332,
        "max": 127.065567017,
        "mean": 31.7440872192,
        "median": 31.8244838715,
        "min": 0.117764949799,
        "var": 390.558227539
    },
    "dissonance": {
        "dmean": 0.0118445819244,
        "dmean2": 0.0198103636503,
        "dvar": 0.0001872908324,
        "dvar2": 0.000517094973475,
        "max": 0.500000119209,
        "mean": 0.482025742531,
        "median": 0.486850440502,
        "min": 0.229630470276,
        "var": 0.000312221003696
    },
    "dynamic_complexity": 4.00588321686,
    "erbbands_crest": {
        "dmean": 2.5443508625,
        "dmean2": 4.18421554565,
        "dvar": 7.9765124321,
        "dvar2": 19.7770328522,
        "max": 34.4268569946,
        "mean": 7.70085859299,
        "median": 6.4669008255,
        "min": 2.39774346352,
        "var": 18.1141357422
    },
    "erbbands_flatness_db": {
        "dmean": 0.0196714457124,
        "dmean2": 0.0297839846462,
        "dvar": 0.000465753109893,
        "dvar2": 0.00100232835393,
        "max": 0.547897458076,
        "mean": 0.145313069224,
        "median": 0.127620726824,
        "min": 0.0484442859888,
        "var": 0.00351934484206
    },
    "erbbands_kurtosis": {
        "dmean": 1.35565757751,
        "dmean2": 2.13568472862,
        "dvar": 12.2933912277,
        "dvar2": 26.9132289886,
        "max": 122.905403137,
        "mean": 0.858706057072,
        "median": -0.0590779781342,
        "min": -1.88841700554,
        "var": 21.5626792908
    },
    "erbbands_skewness": {
        "dmean": 0.439645648003,
        "dmean2": 0.65113556385,
        "dvar": 0.330956786871,
        "dvar2": 0.667800009251,
        "max": 7.92677640915,
        "mean": -0.332913398743,
        "median": -0.364275276661,
        "min": -6.78605699539,
        "var": 0.978315889835
    },
    "erbbands_spread": {
        "dmean": 12.0891637802,
        "dmean2": 18.394241333,
        "dvar": 253.262084961,
        "dvar2": 550.143127441,
        "max": 206.591766357,
        "mean": 47.7055931091,
        "median": 43.0594558716,
        "min": 0.523166537285,
        "var": 721.960876465
    },
    "hfc": {
        "dmean": 13.8693885803,
        "dmean2": 23.078207016,
        "dvar": 690.825622559,
        "dvar2": 1833.37744141,
        "max": 206.601928711,
        "mean": 29.8646755219,
        "median": 22.3875217438,
        "min": 1.10390402649e-16,
        "var": 853.213989258
    },
    "melbands_crest": {
        "dmean": 4.5439491272,
        "dmean2": 6.75906181335,
        "dvar": 31.5507659912,
        "dvar2": 60.5614051819,
        "max": 38.9982261658,
        "mean": 22.7747936249,
        "median": 24.6955566406,
        "min": 1.61413812637,
        "var": 122.310096741
    },
    "melbands_flatness_db": {
        "dmean": 0.0460563376546,
        "dmean2": 0.0640905797482,
        "dvar": 0.00345907290466,
        "dvar2": 0.00636305194348,
        "max": 0.768269360065,
        "mean": 0.203600585461,
        "median": 0.185601979494,
        "min": 0.00172091834247,
        "var": 0.0159155577421
    },
    "melbands_kurtosis": {
        "dmean": 64.6981887817,
        "dmean2": 84.2952270508,
        "dvar": 44641.3320312,
        "dvar2": 72882.4765625,
        "max": 3710.09643555,
        "mean": 99.7798690796,
        "median": 11.1662683487,
        "min": -1.95568048954,
        "var": 109380.382812
    },
    "melbands_skewness": {
        "dmean": 2.12851190567,
        "dmean2": 2.77971220016,
        "dvar": 10.6601066589,
        "dvar2": 16.2247104645,
        "max": 47.2189025879,
        "mean": 5.20719575882,
        "median": 3.28834843636,
        "min": -4.19185972214,
        "var": 40.7362861633
    },
    "melbands_spread": {
        "dmean": 14.7067461014,
        "dmean2": 23.4180736542,
        "dvar": 423.254455566,
        "dvar2": 947.392700195,
        "max": 278.904907227,
        "mean": 35.5179367065,
        "median": 28.1164283752,
        "min": 0.0467911362648,
        "var": 1000.32501221
    },
    "pitch_salience": {
        "dmean": 0.106794565916,
        "dmean2": 0.162046715617,
        "dvar": 0.0179049111903,
        "dvar2": 0.0375553704798,
        "max": 0.969930589199,
        "mean": 0.41123944521,
        "median": 0.385717719793,
        "min": 0.013041023165,
        "var": 0.0517604798079
    },
    "silence_rate_20dB": {
        "dmean": 0,
        "dmean2": 0,
        "dvar": 0,
        "dvar2": 0,
        "max": 1,
        "mean": 1,
        "median": 1,
        "min": 1,
        "var": 0
    },
    "silence_rate_30dB": {
        "dmean": 0.0596855841577,
        "dmean2": 0.119387075305,
        "dvar": 0.0561249814928,
        "dvar2": 0.10514190048,
        "max": 1,
        "mean": 0.853736519814,
        "median": 1,
        "min": 0,
        "var": 0.124882042408
    },
    "silence_rate_60dB": {
        "dmean": 0.0431654676795,
        "dmean2": 0.0863424390554,
        "dvar": 0.041300535202,
        "dvar2": 0.0983366817236,
        "max": 1,
        "mean": 0.11749034375,
        "median": 0,
        "min": 0,
        "var": 0.103682488203
    },
    "spectral_centroid": {
        "dmean": 389.989898682,
        "dmean2": 592.53302002,
        "dvar": 209404,
        "dvar2": 458213.96875,
        "max": 11689.1162109,
        "mean": 2575.79370117,
        "median": 2539.98486328,
        "min": 82.4681396484,
        "var": 1018025.125
    },
    "spectral_complexity": {
        "dmean": 5.69038105011,
        "dmean2": 9.10539627075,
        "dvar": 57.8691978455,
        "dvar2": 138.809448242,
        "max": 76,
        "mean": 15.2361793518,
        "median": 15,
        "min": 0,
        "var": 127.808555603
    },
    "spectral_decrease": {
        "dmean": 4.02481292738e-09,
        "dmean2": 4.69863259411e-09,
        "dvar": 3.4656339802e-17,
        "dvar2": 4.70926165e-17,
        "max": 1.31065996618e-28,
        "mean": -1.21199725811e-08,
        "median": -5.35963451398e-09,
        "min": -6.69006752219e-08,
        "var": 1.874450428e-16
    },
    "spectral_energy": {
        "dmean": 0.0157309733331,
        "dmean2": 0.0184883344918,
        "dvar": 0.000499829708133,
        "dvar2": 0.000695131660905,
        "max": 0.254354208708,
        "mean": 0.0484523102641,
        "median": 0.0239554420114,
        "min": 9.97806324055e-21,
        "var": 0.00274813664146
    },
    "spectral_energyband_high": {
        "dmean": 0.00111168622971,
        "dmean2": 0.0018415878294,
        "dvar": 4.3394579734e-06,
        "dvar2": 1.10745086204e-05,
        "max": 0.0219477359205,
        "mean": 0.00233984575607,
        "median": 0.00176166230813,
        "min": 7.1063514555e-21,
        "var": 6.24470158073e-06
    },
    "spectral_energyband_low": {
        "dmean": 0.0145491231233,
        "dmean2": 0.0192072000355,
        "dvar": 0.000702605117112,
        "dvar2": 0.00115026615094,
        "max": 0.250031739473,
        "mean": 0.0376686751842,
        "median": 0.0133986333385,
        "min": 1.05942157859e-23,
        "var": 0.00254149432294
    },
    "spectral_energyband_middle_high": {
        "dmean": 0.00302840163931,
        "dmean2": 0.00526971323416,
        "dvar": 5.25490977452e-05,
        "dvar2": 0.000150265856064,
        "max": 0.0614741817117,
        "mean": 0.00441043497995,
        "median": 0.00225858436897,
        "min": 1.20421149465e-21,
        "var": 4.27277955168e-05
    },
    "spectral_energyband_middle_low": {
        "dmean": 0.00359903927892,
        "dmean2": 0.00634703133255,
        "dvar": 0.000102408666862,
        "dvar2": 0.000293603079626,
        "max": 0.0763907954097,
        "mean": 0.00390425813384,
        "median": 0.001474236371,
        "min": 1.98940269467e-22,
        "var": 6.97167270118e-05
    },
    "spectral_entropy": {
        "dmean": 0.180425092578,
        "dmean2": 0.278840482235,
        "dvar": 0.0585228949785,
        "dvar2": 0.138475939631,
        "max": 9.82455348969,
        "mean": 8.02469062805,
        "median": 8.0888376236,
        "min": 5.39144325256,
        "var": 0.212784841657
    },
    "spectral_flux": {
        "dmean": 0.0442186370492,
        "dmean2": 0.0649267584085,
        "dvar": 0.00385882914998,
        "dvar2": 0.00680863810703,
        "max": 0.508217930794,
        "mean": 0.0976058095694,
        "median": 0.0738901793957,
        "min": 6.46806913585e-11,
        "var": 0.00780881522223
    },
    "spectral_kurtosis": {
        "dmean": 0.839163720608,
        "dmean2": 1.38957309723,
        "dvar": 2.63840866089,
        "dvar2": 7.10410881042,
        "max": 74.0512313843,
        "mean": 2.41389679909,
        "median": 2.24861955643,
        "min": -1.25538957119,
        "var": 6.77575159073
    },
    "spectral_rms": {
        "dmean": 0.00114466657396,
        "dmean2": 0.0014079118846,
        "dvar": 2.17427350435e-06,
        "dvar2": 3.38786071552e-06,
        "max": 0.0157527904958,
        "mean": 0.00574471475556,
        "median": 0.00483437301591,
        "min": 3.1200474062e-12,
        "var": 1.42688613778e-05
    },
    "spectral_rolloff": {
        "dmean": 1048.05334473,
        "dmean2": 1669.93457031,
        "dvar": 2410823.5,
        "dvar2": 4874156,
        "max": 19832.0800781,
        "mean": 2858.52856445,
        "median": 2153.3203125,
        "min": 21.533203125,
        "var": 9929298
    },
    "spectral_skewness": {
        "dmean": 0.16785402596,
        "dmean2": 0.267409145832,
        "dvar": 0.0468408986926,
        "dvar2": 0.129421159625,
        "max": 6.09152078629,
        "mean": 1.13696706295,
        "median": 1.16030490398,
        "min": -0.10369361937,
        "var": 0.1333373487
    },
    "spectral_spread": {
        "dmean": 720388.25,
        "dmean2": 1107856.125,
        "dvar": 985682149376,
        "dvar2": 1.92198423347e+12,
        "max": 42989888,
        "mean": 6095851.5,
        "median": 5748094,
        "min": 813426.3125,
        "var": 8.95744055706e+12
    },
    "spectral_strongpeak": {
        "dmean": 0.362263053656,
        "dmean2": 0.610611379147,
        "dvar": 0.502200901508,
        "dvar2": 1.28690707684,
        "max": 10.3699903488,
        "mean": 0.606604158878,
        "median": 0.376213818789,
        "min": 0,
        "var": 0.609847426414
    },
    "zerocrossingrate": {
        "dmean": 0.020336009562,
        "dmean2": 0.0230032838881,
        "dvar": 0.00057833106257,
        "dvar2": 0.000680966069922,
        "max": 0.86962890625,
        "mean": 0.101777404547,
        "median": 0.08251953125,
        "min": 0.00146484375,
        "var": 0.00697458675131
    },
    "barkbands": {
        "dmean": [0.00377614819445, 0.0128201032057, 0.00190740963444, 0.000801118847448, 0.00134987430647, 0.000787330267485, 0.000220637695747, 0.000223085531616, 0.000560930173378, 0.000477148161735, 0.000374984549126, 0.000397900061216, 0.000372265640181, 0.000299480219837, 0.000331457209541, 0.000313625321724, 0.000469493010314, 0.000422001699917, 0.000346202054061, 0.000297542341286, 0.000273169571301, 0.00022622794495, 0.00022301201534, 0.00022407049255, 0.00019322578737, 0.000106994957605, 2.95961854135e-05],
        "dmean2": [0.00485214870423, 0.0178438462317, 0.00354487355798, 0.00151614635251, 0.00249828700908, 0.00135967251845, 0.000350151298335, 0.000364836363588, 0.000928824825678, 0.000828953110613, 0.000625588407274, 0.000703885161784, 0.000660844088998, 0.0005000612, 0.00056082685478, 0.000545873015653, 0.00080656982027, 0.000765993259847, 0.000596052501351, 0.00052261503879, 0.000478251109598, 0.0003822055005, 0.00036806872231, 0.000371215603082, 0.000316406076308, 0.000167263715412, 4.99942361785e-05],
        "dvar": [4.48523751402e-05, 0.000629680638667, 4.84292650071e-05, 9.89203181234e-06, 2.55562026723e-05, 5.53166955797e-06, 5.09922529091e-07, 4.05580721008e-07, 1.45522369621e-06, 1.54643976202e-06, 8.69387690727e-07, 1.47908656345e-06, 9.97323013507e-07, 3.83324533004e-07, 4.52617001656e-07, 5.25113193817e-07, 7.98375197064e-07, 1.14285444397e-06, 4.06526368124e-07, 3.54741018782e-07, 2.17125545987e-07, 1.29485101752e-07, 1.57713870408e-07, 2.4554879019e-07, 2.56570729107e-07, 6.21795237521e-08, 5.01629404681e-09],
        "dvar2": [7.25110148778e-05, 0.0012957585277, 0.000139186333399, 2.86019476334e-05, 7.25134814274e-05, 1.53243836394e-05, 1.10341238724e-06, 7.76354795562e-07, 3.5399373246e-06, 4.11747259932e-06, 2.26746783483e-06, 4.12508734371e-06, 2.74512626675e-06, 9.89022396425e-07, 1.11582596674e-06, 1.36998585276e-06, 2.14477950067e-06, 3.27047428073e-06, 1.11585950435e-06, 1.0241540167e-06, 6.25126119758e-07, 3.439351417e-07, 4.07353724086e-07, 5.91425134644e-07, 6.46677563054e-07, 1.53194150698e-07, 1.29853381381e-08],
        "max": [0.0635614022613, 0.208886250854, 0.0654124766588, 0.0449027791619, 0.037864472717, 0.0394518822432, 0.0258779749274, 0.0224442314357, 0.0162933543324, 0.0131224580109, 0.0125183779746, 0.0167743302882, 0.0159573107958, 0.0127175189555, 0.0165241286159, 0.0206391159445, 0.0137405423447, 0.0146437501535, 0.00962015148252, 0.00785970315337, 0.00741309532896, 0.00458940211684, 0.00523150293157, 0.00742243975401, 0.00695733074099, 0.00326691195369, 0.00117846461944],
        "mean": [0.00722762104124, 0.0292216558009, 0.00150242133532, 0.000533490965609, 0.0010241282871, 0.000864227011334, 0.000304358545691, 0.000263822788838, 0.000669884961098, 0.000529459386598, 0.000407873769291, 0.000353085808456, 0.000345999666024, 0.000381518795621, 0.000409361877246, 0.000371660484234, 0.000584910041653, 0.000440139585407, 0.0004642844724, 0.000414685142459, 0.000438737159129, 0.000413553090766, 0.000377473625122, 0.000379070843337, 0.000304561050143, 0.000191120212548, 3.32724594045e-05],
        "median": [0.000675205490552, 0.00933834817261, 6.99383235769e-05, 2.75598613371e-05, 8.53728706716e-05, 0.000169264661963, 6.05399436608e-05, 4.17899100285e-05, 0.000105362152681, 5.91941570747e-05, 7.83582654549e-05, 6.31353468634e-05, 8.19814958959e-05, 0.000128174695419, 0.000147191967699, 0.000137374343467, 0.000232819176745, 0.000151262298459, 0.000235483603319, 0.000239626082475, 0.000284810579615, 0.000271179247648, 0.000249527278356, 0.00023255564156, 0.00013979144569, 7.39320021239e-05, 3.57686667485e-06],
        "min": [8.13211019909e-25, 3.97732506031e-24, 2.02659549843e-24, 1.65821816329e-25, 1.36502534664e-23, 9.24899731668e-24, 1.36245145128e-23, 1.5405568377e-23, 1.90375202723e-23, 1.69969232816e-23, 2.73035109152e-23, 2.74825255427e-23, 3.12993122812e-23, 4.44797864568e-23, 5.12622011052e-23, 8.03563000575e-23, 6.97214642458e-23, 1.21201851656e-22, 1.55522034198e-22, 2.2176005908e-22, 2.35229688643e-22, 3.3842062152e-22, 4.86866623886e-22, 5.86044993681e-22, 8.66987972713e-22, 1.28682161449e-21, 2.06778371227e-21],
        "var": [0.000136802278575, 0.00165996525902, 3.40724509442e-05, 6.88558884576e-06, 1.72031323018e-05, 4.60402361568e-06, 9.46074294461e-07, 8.82820643255e-07, 2.30762339015e-06, 2.03434206014e-06, 1.05841377263e-06, 1.17673516797e-06, 7.62542754273e-07, 4.74507061199e-07, 5.26660130618e-07, 5.37686219104e-07, 8.47624107791e-07, 8.43961345254e-07, 4.48430228062e-07, 3.38031810543e-07, 2.71336659807e-07, 2.03061503612e-07, 1.97443100092e-07, 3.15603188028e-07, 2.91345685355e-07, 9.64408926052e-08, 6.57348442346e-09]
    },
    "erbbands": {
        "dmean": [0.705879509449, 2.15749192238, 2.5258667469, 2.42598438263, 3.27346229553, 5.13405418396, 6.15757989883, 6.15700864792, 3.48713326454, 3.89407753944, 5.81446790695, 14.5184049606, 12.9872102737, 14.0042457581, 15.4148731232, 16.8134593964, 17.806394577, 15.901263237, 13.4061946869, 18.4725379944, 20.0038986206, 21.9655399323, 23.3118228912, 20.7927379608, 14.9530534744, 14.6006813049, 12.6268386841, 9.5312166214, 8.00339794159, 6.84047985077, 6.59688949585, 5.02542829514, 3.57015824318, 2.15287208557, 1.48638176918, 0.515137314796, 0.208896681666, 0.0531769096851, 0.00440006935969, 7.66796656535e-05],
        "dmean2": [0.915277302265, 3.50985121727, 4.58516263962, 4.5330915451, 6.19122028351, 9.12018299103, 11.1893415451, 10.4569253922, 5.56303787231, 6.12124967575, 9.80246639252, 23.8409805298, 22.4785709381, 24.4775276184, 25.7060756683, 29.8561382294, 31.4995746613, 27.2789974213, 22.9580974579, 30.5462551117, 34.9869003296, 38.2190856934, 41.8800354004, 36.2106895447, 26.2296943665, 25.5153198242, 22.1410751343, 16.6118125916, 13.5385866165, 11.3820772171, 10.918050766, 8.33551311493, 5.90930557251, 3.53005719185, 2.45564651489, 0.819288372993, 0.331255912781, 0.0859407484531, 0.00738484179601, 0.000120393364341],
        "dvar": [1.77260768414, 28.3845157623, 75.5177536011, 84.1513824463, 156.456268311, 349.430450439, 435.263092041, 299.581359863, 130.231445312, 158.680801392, 176.229431152, 1021.0255127, 1108.91931152, 1662.26208496, 1620.36340332, 2718.67163086, 2285.62768555, 1315.5723877, 1062.73010254, 1162.37854004, 1864.24829102, 1861.01940918, 3414.9543457, 1614.046875, 928.235900879, 793.070617676, 514.702880859, 255.753234863, 170.211135864, 108.176994324, 146.619338989, 95.0989608765, 84.3277664185, 28.888469696, 16.6486549377, 1.55490541458, 0.240167349577, 0.0142860719934, 0.000110807959572, 2.20656453109e-08],
        "dvar2": [2.77548670769, 75.8081054688, 214.572280884, 243.328598022, 456.728881836, 949.187927246, 1240.43469238, 800.438659668, 270.255767822, 301.820007324, 421.69052124, 2397.36450195, 2936.97021484, 4499.81494141, 4114.60351562, 7585.80419922, 6255.35498047, 3536.02392578, 2617.390625, 2896.38427734, 5129.11767578, 5175.25878906, 9929.47851562, 4424.64746094, 2587.26757812, 2279.94824219, 1486.50390625, 730.668212891, 451.780090332, 278.744934082, 374.098297119, 231.222717285, 209.570632935, 71.543762207, 42.6714782715, 3.78784322739, 0.611019492149, 0.0362224578857, 0.000284401903627, 5.57601147477e-08],
        "max": [12.7649259567, 43.2906608582, 68.487991333, 87.4452285767, 97.6160354614, 155.69367981, 277.318206787, 274.725006104, 416.933898926, 376.368682861, 341.816864014, 481.472412109, 479.971801758, 500.492431641, 764.818908691, 842.60345459, 841.520202637, 712.073974609, 1008.105896, 599.546813965, 571.365783691, 530.286010742, 615.288269043, 523.718994141, 441.047271729, 352.688079834, 338.192810059, 223.045471191, 195.312759399, 105.961158752, 161.315612793, 143.838607788, 150.893386841, 81.3558502197, 50.9453315735, 15.5960264206, 6.38505887985, 2.3280184269, 0.207234084606, 0.00280158245005],
        "mean": [1.61191225052, 3.45500183105, 2.33475589752, 1.79884076118, 2.17531061172, 4.02680969238, 5.21274137497, 7.0542140007, 5.21120500565, 5.16552019119, 7.01877689362, 17.902349472, 15.8918457031, 13.730050087, 17.8325538635, 15.6650495529, 17.1946487427, 18.9327831268, 16.9621429443, 25.0878715515, 24.2725906372, 27.4265003204, 25.5598506927, 27.4912014008, 20.6691856384, 20.6221466064, 18.9578647614, 15.6998329163, 14.1463441849, 13.0116252899, 10.9180936813, 8.49823951721, 5.73078489304, 3.52534151077, 2.13261675835, 0.883525311947, 0.348100334406, 0.0786745771766, 0.00521736172959, 0.000147257087519],
        "median": [0.379315078259, 1.04427683353, 0.308611303568, 0.138276025653, 0.170175462961, 0.261314660311, 0.918052136898, 1.40520191193, 1.13029849529, 0.959713578224, 1.82914757729, 3.02446317673, 2.42562294006, 2.94891047478, 3.85264897346, 3.6916410923, 4.85079908371, 6.63674688339, 7.26798677444, 9.80634498596, 9.67577552795, 11.9997940063, 10.5322847366, 12.9436969757, 11.0301609039, 12.1498451233, 11.1557731628, 10.3914899826, 9.4357509613, 8.5275220871, 7.34402513504, 5.58659553528, 3.0882806778, 1.7263468504, 0.879572272301, 0.361126542091, 0.127041324973, 0.0250379499048, 0.000796106818598, 8.97284844541e-05],
        "min": [9.37344217552e-23, 4.22541315331e-22, 1.61133662512e-21, 6.73573334361e-21, 7.70863506888e-21, 4.36615524862e-20, 4.27986577044e-20, 1.01440350918e-19, 1.65712051868e-19, 2.12198852661e-19, 4.1120259774e-19, 3.45438301072e-19, 3.72600921985e-19, 8.73190879765e-19, 1.31411185387e-18, 1.24047209983e-18, 1.73963237932e-18, 2.18799984009e-18, 2.22432857862e-18, 3.59940323004e-18, 4.10541318539e-18, 3.65950906848e-18, 5.53593147852e-18, 6.97350148638e-18, 8.87533447124e-18, 1.06774119558e-17, 1.08940224341e-17, 1.11550980062e-17, 1.2311237595e-17, 1.07470729711e-17, 1.15923440236e-17, 1.16663874418e-17, 1.00698064368e-17, 8.12418747341e-18, 6.86341077788e-18, 4.41240513971e-18, 2.42553385197e-18, 9.26225357944e-19, 2.65846413846e-19, 2.78735955741e-20],
        "var": [5.72921562195, 34.3862113953, 55.7290344238, 55.2723846436, 90.3632965088, 282.901123047, 271.866027832, 295.114013672, 319.957763672, 343.648986816, 280.284698486, 1744.89831543, 1800.37072754, 1571.06994629, 2275.77197266, 2245.31445312, 1786.73376465, 1373.14709473, 1168.89489746, 1574.37597656, 1739.27758789, 1749.65991211, 2326.86889648, 1721.21203613, 969.291137695, 790.023681641, 580.912109375, 323.228210449, 244.415100098, 191.285873413, 175.6065979, 124.911422729, 98.7562713623, 35.9013175964, 16.8274459839, 2.17054033279, 0.338281482458, 0.0221775323153, 0.00015874451492, 3.95909971473e-08]
    },
    "gfcc": {
        "mean": [-27.5381183624, 5.55612134933, -118.883720398, 38.3991966248, -54.7315292358, 23.0994434357, -29.22996521, 21.0322685242, -13.7404909134, 13.741522789, -10.6427574158, 12.5525598526, -4.98743486404],
        "cov": [[22590.1425781, 1153.36181641, 1734.76611328, 988.902770996, 566.462402344, 798.236022949, -218.771133423, 363.155944824, -293.933380127, 402.335021973, -18.8844490051, 554.332275391, -162.885543823], [1153.36181641, 2619.76635742, 1233.4432373, 1013.85571289, 1040.6517334, 612.534484863, 543.098205566, 63.1410903931, 205.007049561, -88.255027771, 78.7935638428, -66.5325546265, 58.503288269], [1734.76611328, 1233.4432373, 2661.40209961, 1246.18041992, 1128.15612793, 660.304931641, 434.61026001, 163.059005737, 131.202545166, 83.9184417725, 113.121383667, 52.7843933105, 17.8325214386], [988.902770996, 1013.85571289, 1246.18041992, 1170.57470703, 785.829528809, 631.472961426, 438.089416504, 124.273880005, 159.277313232, 52.4064483643, 104.66394043, -25.4498405457, 54.0908317566], [566.462402344, 1040.6517334, 1128.15612793, 785.829528809, 1002.08605957, 627.066894531, 499.349060059, 151.774658203, 205.054092407, 39.7710456848, 82.7504730225, -25.0890979767, 33.7939300537], [798.236022949, 612.534484863, 660.304931641, 631.472961426, 627.066894531, 743.078613281, 440.777557373, 164.732971191, 163.444061279, 47.3911247253, 36.1226730347, -34.8021507263, 41.7982902527], [-218.771133423, 543.098205566, 434.61026001, 438.089416504, 499.349060059, 440.777557373, 497.237487793, 155.273513794, 185.190795898, 12.709985733, 40.5055389404, -70.8220748901, 25.4452457428], [363.155944824, 63.1410903931, 163.059005737, 124.273880005, 151.774658203, 164.732971191, 155.273513794, 227.742294312, 131.27822876, 85.565246582, 15.8290271759, 1.74746143818, -13.6669340134], [-293.933380127, 205.007049561, 131.202545166, 159.277313232, 205.054092407, 163.444061279, 185.190795898, 131.27822876, 198.420135498, 74.7001419067, 49.4478302002, -22.9723968506, 21.1128883362], [402.335021973, -88.255027771, 83.9184417725, 52.4064483643, 39.7710456848, 47.3911247253, 12.709985733, 85.565246582, 74.7001419067, 158.632492065, 68.8013763428, 41.1377677917, -0.0925788730383], [-18.8844490051, 78.7935638428, 113.121383667, 104.66394043, 82.7504730225, 36.1226730347, 40.5055389404, 15.8290271759, 49.4478302002, 68.8013763428, 134.289794922, 61.3933906555, 33.1149024963], [554.332275391, -66.5325546265, 52.7843933105, -25.4498405457, -25.0890979767, -34.8021507263, -70.8220748901, 1.74746143818, -22.9723968506, 41.1377677917, 61.3933906555, 138.297729492, 49.6386756897], [-162.885543823, 58.503288269, 17.8325214386, 54.0908317566, 33.7939300537, 41.7982902527, 25.4452457428, -13.6669340134, 21.1128883362, -0.0925788730383, 33.1149024963, 49.6386756897, 103.507949829]],
        "icov": [[7.51444604248e-05, -6.44826795906e-05, 9.78109255811e-06, -5.86635978834e-05, 3.37885285262e-05, -0.000119554206321, 7.65683580539e-05, -0.000105064907984, 0.000229672994465, -0.00024278217461, 0.000257178850006, -0.000428927945904, 0.000264575442998], [-6.44826795906e-05, 0.000831998942886, 6.9503848863e-06, -0.000310419360176, -0.000638867961243, 0.000268446543487, -6.71541274642e-05, 0.000338851183187, -0.000684935715981, 0.00101567793172, -0.000325568660628, 0.000292528799037, -0.000144786696183], [9.78109255811e-06, 6.9503848863e-06, 0.00105711375363, -0.000854608835652, -0.00100072170608, 0.000340256810887, 0.000249667296885, -0.000271871715086, 0.000557797902729, -0.000269009935437, 0.000408130086726, -0.000741691153962, 0.000479088746943], [-5.86635978834e-05, -0.000310419360176, -0.000854608835652, 0.0030429251492, -0.00011624443141, -0.00115529354662, -0.000153447399498, 2.69646278639e-07, 0.000394038012018, -0.000141025375342, -0.00167167419568, 0.00188606709708, -0.00126773305237], [3.37885285262e-05, -0.000638867961243, -0.00100072170608, -0.00011624443141, 0.00475003849715, -0.00152999488637, -0.00166009052191, 0.000871692900546, -0.0014507008018, 4.74400003441e-05, -6.62976308377e-05, -0.00107679131906, 0.00107117358129], [-0.000119554206321, 0.000268446543487, 0.000340256810887, -0.00115529354662, -0.00152999488637, 0.00457630958408, -0.00217215321027, -0.000529197859578, 0.000589483417571, -0.00075999845285, 0.00123887951486, 0.000287119793938, -0.00133408198599], [7.65683580539e-05, -6.71541274642e-05, 0.000249667296885, -0.000153447399498, -0.00166009052191, -0.00217215321027, 0.00769456336275, -0.00265345815569, -0.00176462635864, 0.00260480726138, -0.0022291096393, 0.00292810122482, -0.00095592380967], [-0.000105064907984, 0.000338851183187, -0.000271871715086, 2.69646278639e-07, 0.000871692900546, -0.000529197859578, -0.00265345815569, 0.010950492695, -0.00632516294718, -0.00278179091401, 0.00381143135019, -0.00403477950022, 0.00372035359032], [0.000229672994465, -0.000684935715981, 0.000557797902729, 0.000394038012018, -0.0014507008018, 0.000589483417571, -0.00176462635864, -0.00632516294718, 0.0157874356955, -0.00516940373927, -0.00248040235601, 0.00447416026145, -0.00429617427289], [-0.00024278217461, 0.00101567793172, -0.000269009935437, -0.000141025375342, 4.74400003441e-05, -0.00075999845285, 0.00260480726138, -0.00278179091401, -0.00516940373927, 0.0144348200411, -0.00639132270589, -0.000181344032171, 0.00164674443658], [0.000257178850006, -0.000325568660628, 0.000408130086726, -0.00167167419568, -6.62976308377e-05, 0.00123887951486, -0.0022291096393, 0.00381143135019, -0.00248040235601, -0.00639132270589, 0.016450336203, -0.00887822452933, 0.0014595866669], [-0.000428927945904, 0.000292528799037, -0.000741691153962, 0.00188606709708, -0.00107679131906, 0.000287119793938, 0.00292810122482, -0.00403477950022, 0.00447416026145, -0.000181344032171, -0.00887822452933, 0.0195311754942, -0.0101539408788], [0.000264575442998, -0.000144786696183, 0.000479088746943, -0.00126773305237, 0.00107117358129, -0.00133408198599, -0.00095592380967, 0.00372035359032, -0.00429617427289, 0.00164674443658, 0.0014595866669, -0.0101539408788, 0.0169347319752]]
    },
    "melbands": {
        "dmean": [0.00458376482129, 0.00174852018245, 0.000441793701611, 0.000302525731968, 0.00022062563221, 0.000139604613651, 5.0131464377e-05, 4.37828275608e-05, 6.02038635407e-05, 8.53199671838e-05, 6.43594466965e-05, 5.72993885726e-05, 5.11664438818e-05, 4.63379801658e-05, 4.29559222539e-05, 3.45512344211e-05, 3.04277182295e-05, 2.19504709094e-05, 2.2552194423e-05, 2.32044531003e-05, 2.64754817181e-05, 2.21749978664e-05, 2.72935412795e-05, 2.02558330784e-05, 1.74931865331e-05, 1.18430316434e-05, 1.08487911348e-05, 9.83596783044e-06, 8.37283369037e-06, 7.09804771759e-06, 5.73805300519e-06, 4.74630633107e-06, 4.94368941872e-06, 3.85159410143e-06, 4.14300393459e-06, 3.69924828192e-06, 3.11971552946e-06, 2.78828747469e-06, 2.24038990382e-06, 1.84135274139e-06],
        "dmean2": [0.00611486984417, 0.0029797423631, 0.000827257812489, 0.000555226113647, 0.000395213341108, 0.000235902451095, 7.90833728388e-05, 6.89638472977e-05, 0.000100978504634, 0.000141086347867, 0.000111616245704, 0.000100581681181, 8.48781055538e-05, 8.05736635812e-05, 7.60960174375e-05, 6.17489058641e-05, 5.14811799803e-05, 3.70492161892e-05, 3.83946426155e-05, 3.82512225769e-05, 4.64683434984e-05, 3.85929561162e-05, 4.74833577755e-05, 3.66615277017e-05, 3.02776334138e-05, 2.06750501093e-05, 1.90425307665e-05, 1.72676755028e-05, 1.47268046931e-05, 1.24197495097e-05, 1.00179722722e-05, 8.12269172457e-06, 8.3481609181e-06, 6.4138862399e-06, 6.90424667482e-06, 6.25125221632e-06, 5.23544304087e-06, 4.69867427455e-06, 3.72483441424e-06, 3.06410015583e-06],
        "dvar": [7.49787141103e-05, 2.50654393312e-05, 2.77006529359e-06, 1.29380339331e-06, 5.31206922005e-07, 1.55049107775e-07, 2.54515768461e-08, 1.91231670499e-08, 1.61010085264e-08, 3.37277512585e-08, 2.83401107026e-08, 2.91698469823e-08, 1.58312829512e-08, 1.83201009918e-08, 1.42368685729e-08, 8.74106298454e-09, 4.56938931137e-09, 2.55664311943e-09, 1.90328908189e-09, 2.97932101212e-09, 3.39889894008e-09, 1.84051385244e-09, 3.51300322166e-09, 2.69249866847e-09, 1.07060438292e-09, 5.37407396362e-10, 4.78787787195e-10, 3.76373848754e-10, 2.47890319383e-10, 1.47183168431e-10, 8.48994624603e-11, 5.99991931138e-11, 6.05235792039e-11, 3.56619907216e-11, 5.8704485717e-11, 4.66490214512e-11, 4.28633170624e-11, 5.04526802281e-11, 3.41821154715e-11, 2.03287543049e-11],
        "dvar2": [0.000127200197312, 6.82182144374e-05, 8.01218357083e-06, 3.65008258996e-06, 1.4925102505e-06, 4.14622292055e-07, 5.11601641051e-08, 3.46923982875e-08, 3.97226749271e-08, 8.07026410143e-08, 7.48694901631e-08, 7.85228593259e-08, 4.02744824157e-08, 5.04708097537e-08, 3.99207849e-08, 2.43570905667e-08, 1.18948673133e-08, 6.30701046944e-09, 4.95422725066e-09, 7.24118542905e-09, 9.4830827635e-09, 5.12640330186e-09, 9.62548085681e-09, 7.58411733415e-09, 2.89730262004e-09, 1.45811562824e-09, 1.36704514375e-09, 1.08785269681e-09, 7.15102255189e-10, 4.18488910192e-10, 2.36790781427e-10, 1.60841159835e-10, 1.63219618377e-10, 9.3365114251e-11, 1.51541112992e-10, 1.2143289152e-10, 1.05234654324e-10, 1.27016758222e-10, 8.89131060444e-11, 5.14891844439e-11],
        "max": [0.081003844738, 0.0365101508796, 0.0146667109802, 0.00860170368105, 0.00811598170549, 0.00638487422839, 0.00581032363698, 0.00474815769121, 0.00274302950129, 0.00268272380345, 0.00242930604145, 0.00220086728223, 0.00193136988673, 0.00184030062519, 0.00133046472911, 0.00115893245675, 0.00151718733832, 0.00150640145876, 0.000658557633869, 0.00203117029741, 0.000817258725874, 0.000611822295468, 0.000866909918841, 0.000974472903181, 0.000470879254863, 0.000332553725457, 0.000291581469355, 0.000294323952403, 0.000197804372874, 0.000195849439478, 0.000114851965918, 0.000123628196889, 0.000120810582303, 5.43210007891e-05, 9.04070111574e-05, 0.000100550605566, 0.000129923719214, 0.000120322016301, 0.000104299586383, 7.33281485736e-05],
        "mean": [0.0109444027767, 0.00223365379497, 0.000321719562635, 0.000224032541155, 0.000187637706404, 0.000163003016496, 7.42127813282e-05, 5.64243346162e-05, 7.22000768292e-05, 0.000103366808617, 7.64867800171e-05, 5.39036300324e-05, 5.85777961533e-05, 4.40656185674e-05, 3.97795884055e-05, 3.19855462294e-05, 3.70416710211e-05, 2.71235458058e-05, 2.80907570414e-05, 3.07599439111e-05, 2.97920851153e-05, 2.70663658739e-05, 3.06907422782e-05, 2.12029190152e-05, 2.25964049605e-05, 1.53700439114e-05, 1.42181343108e-05, 1.32134555315e-05, 1.1646277926e-05, 1.04594764707e-05, 8.913712918e-06, 7.7740269262e-06, 8.21177854959e-06, 6.78735204929e-06, 6.48657214697e-06, 5.63681760468e-06, 4.97492101204e-06, 4.1504345063e-06, 3.40208771377e-06, 2.8457911867e-06],
        "median": [0.00335119361989, 0.000545318296645, 2.49196018558e-05, 1.27046378111e-05, 2.86833765131e-05, 3.14146891469e-05, 1.40817392094e-05, 8.99215683603e-06, 1.57686208695e-05, 1.72027121152e-05, 8.93503784027e-06, 9.94805668597e-06, 1.18064808703e-05, 7.35280218578e-06, 1.00934639704e-05, 8.39178483147e-06, 1.12251336759e-05, 1.00723073047e-05, 1.10980454338e-05, 1.11638264571e-05, 1.037677157e-05, 1.19085543702e-05, 1.01116220321e-05, 7.0124215199e-06, 1.01562973214e-05, 7.61776664149e-06, 7.35988942324e-06, 7.6322357927e-06, 6.5391723183e-06, 6.31374769e-06, 5.66263497603e-06, 5.05540538143e-06, 4.9883246902e-06, 4.3607869884e-06, 4.26810493082e-06, 3.70165412278e-06, 3.01367163047e-06, 2.17855267692e-06, 1.6174205939e-06, 1.33242065203e-06],
        "min": [1.74301479414e-24, 8.12805989138e-25, 1.31720651156e-24, 2.14164750879e-24, 1.34430565859e-24, 2.10390603651e-24, 2.88779317372e-24, 1.79439764363e-24, 2.78311803691e-24, 2.52141520654e-24, 1.44882499536e-24, 2.94336191639e-24, 4.54104427432e-24, 3.77802487463e-24, 2.63126270709e-24, 2.91929889777e-24, 3.51625716045e-24, 2.68404381254e-24, 3.70912931304e-24, 4.73040244601e-24, 3.94724973829e-24, 3.63772044061e-24, 4.22677195044e-24, 5.30534675627e-24, 5.17352060483e-24, 5.75049780964e-24, 6.01000267631e-24, 5.56578287324e-24, 6.4340016078e-24, 5.92847508505e-24, 6.04483877389e-24, 5.95645716465e-24, 5.17017149585e-24, 5.84205103415e-24, 5.15512752396e-24, 6.65229283091e-24, 5.9766504261e-24, 6.61415022285e-24, 7.40654640822e-24, 5.61620212913e-24],
        "var": [0.000238168504438, 2.31929770962e-05, 1.7663712697e-06, 8.9410889359e-07, 3.56294037829e-07, 1.58642237125e-07, 6.15099011725e-08, 4.44393073451e-08, 2.50905571875e-08, 5.51688330575e-08, 4.60342484132e-08, 2.81169931782e-08, 2.13523367876e-08, 1.63020832389e-08, 1.06583000203e-08, 6.37074704102e-09, 5.52513679253e-09, 2.90811086323e-09, 2.11083772683e-09, 3.54910967282e-09, 3.0281070984e-09, 1.81346415662e-09, 3.12006687153e-09, 2.13147077766e-09, 1.21386556362e-09, 5.96280413934e-10, 4.6006654042e-10, 3.54640178335e-10, 2.60120647244e-10, 1.72223901806e-10, 1.12091079474e-10, 7.97017035703e-11, 9.16332704159e-11, 5.62188906539e-11, 6.63555252411e-11, 5.31028276907e-11, 5.22394072444e-11, 5.44053795071e-11, 3.97820561215e-11, 2.35891271794e-11]
    },
    "mfcc": {
        "mean": [-665.824707031, 42.6810150146, -3.69428682327, 19.2894248962, 4.80341339111, 8.59236049652, 2.03151607513, 10.2609643936, 7.18169641495, 8.42702770233, 4.31848096848, 6.96356868744, 5.26749944687],
        "cov": [[13318.1103516, 1032.76623535, 605.914855957, 472.691101074, 491.56237793, 375.016784668, 236.253829956, 167.13621521, -86.5793762207, 28.7807579041, 85.2897186279, 45.495803833, 76.3932800293], [1032.76623535, 1810.02770996, 657.641418457, 626.192382812, 610.184387207, 543.690307617, 399.976593018, 348.340270996, 217.234588623, 119.989067078, 86.8079986572, 67.7363967896, 43.7581520081], [605.914855957, 657.641418457, 1379.57824707, 790.835510254, 671.419555664, 550.026062012, 428.882873535, 274.242370605, 167.994415283, 126.020706177, 112.49836731, 90.4328842163, 80.5595550537], [472.691101074, 626.192382812, 790.835510254, 786.682434082, 524.766906738, 452.320709229, 350.309448242, 232.274917603, 151.322631836, 117.977706909, 109.021186829, 94.4276809692, 82.6674957275], [491.56237793, 610.184387207, 671.419555664, 524.766906738, 644.036682129, 510.894744873, 374.405212402, 270.296203613, 203.133453369, 144.211547852, 114.77911377, 104.423416138, 74.1732330322], [375.016784668, 543.690307617, 550.026062012, 452.320709229, 510.894744873, 712.285400391, 470.481170654, 337.645568848, 264.431518555, 178.561981201, 115.405662537, 91.7588272095, 74.4722213745], [236.253829956, 399.976593018, 428.882873535, 350.309448242, 374.405212402, 470.481170654, 419.093353271, 284.454650879, 214.997680664, 152.24546814, 107.83102417, 79.3521728516, 63.476474762], [167.13621521, 348.340270996, 274.242370605, 232.274917603, 270.296203613, 337.645568848, 284.454650879, 301.004669189, 210.872131348, 132.403396606, 87.8341674805, 64.9173965454, 49.8260498047], [-86.5793762207, 217.234588623, 167.994415283, 151.322631836, 203.133453369, 264.431518555, 214.997680664, 210.872131348, 267.286499023, 168.610122681, 96.7629470825, 64.222984314, 47.5119934082], [28.7807579041, 119.989067078, 126.020706177, 117.977706909, 144.211547852, 178.561981201, 152.24546814, 132.403396606, 168.610122681, 193.002365112, 120.169532776, 69.2278518677, 46.776512146], [85.2897186279, 86.8079986572, 112.49836731, 109.021186829, 114.77911377, 115.405662537, 107.83102417, 87.8341674805, 96.7629470825, 120.169532776, 143.467559814, 85.0020141602, 44.411403656], [45.495803833, 67.7363967896, 90.4328842163, 94.4276809692, 104.423416138, 91.7588272095, 79.3521728516, 64.9173965454, 64.222984314, 69.2278518677, 85.0020141602, 132.324783325, 73.334312439], [76.3932800293, 43.7581520081, 80.5595550537, 82.6674957275, 74.1732330322, 74.4722213745, 63.476474762, 49.8260498047, 47.5119934082, 46.776512146, 44.411403656, 73.334312439, 114.590034485]],
