{
"lowlevel": {
    "average_loudness": 0.924496412277,
    "barkbands_crest": {
        "dmean": 3.29900240898,
        "dmean2": 4.95648384094,
        "dvar": 14.8040180206,
        "dvar2": 31.6507816315,
        "max": 26.6655883789,
        "mean": 17.6322288513,
        "median": 18.7006855011,
        "min": 1.8063532114,
        "var": 43.2743530273
    },
    "barkbands_flatness_db": {
        "dmean": 0.0480108745396,
        "dmean2": 0.0652771815658,
        "dvar": 0.0033986766357,
        "dvar2": 0.00655301567167,
        "max": 0.807101070881,
        "mean": 0.23360440135,
        "median": 0.214676231146,
        "min": 0.00946070533246,
        "var": 0.0173388775438
    },
    "barkbands_kurtosis": {
        "dmean": 62.4177818298,
        "dmean2": 87.1352767944,
        "dvar": 40777.8828125,
        "dvar2": 98237.25,
        "max": 3368.25244141,
        "mean": 82.8300094604,
        "median": 10.7012863159,
        "min": -1.96898555756,
        "var": 65156.1328125
    },
    "barkbands_skewness": {
        "dmean": 2.1819870472,
        "dmean2": 2.90829110146,
        "dvar": 11.5503692627,
        "dvar2": 23.4985637665,
        "max": 42.0956802368,
        "mean": 5.01843500137,
        "median": 3.01576328278,
        "min": -8.22006702423,
        "var": 39.3898696899
    },
    "barkbands_spread": {
        "dmean": 9.9834022522,
        "dmean2": 15.9019441605,
        "dvar": 289.554321289,
        "dvar2": 691.098327637,
        "max": 137.326065063,
        "mean": 17.6392612457,
        "median": 9.75081825256,
        "min": 0.0278548616916,
        "var": 398.134368896
    },
    "dissonance": {
        "dmean": 0.0230045374483,
        "dmean2": 0.0388658083975,
        "dvar": 0.000994254020043,
        "dvar2": 0.00274960300885,
        "max": 0.500000119209,
        "mean": 0.453464210033,
        "median": 0.475058734417,
        "min": 0.100846834481,
        "var": 0.00363392569125
    },
    "dynamic_complexity": 4.39299201965,
    "erbbands_crest": {
        "dmean": 3.59725499153,
        "dmean2": 5.79486751556,
        "dvar": 14.4861192703,
        "dvar2": 33.0399513245,
        "max": 34.1062698364,
        "mean": 10.8454685211,
        "median": 8.5020236969,
        "min": 2.35290193558,
        "var": 45.1412811279
    },
    "erbbands_flatness_db": {
        "dmean": 0.0249880366027,
        "dmean2": 0.0361736640334,
        "dvar": 0.000956245872658,
        "dvar2": 0.00191146729048,
        "max": 0.611976027489,
        "mean": 0.156282216311,
        "median": 0.116623029113,
        "min": 0.0381433516741,
        "var": 0.0106819737703
    },
    "erbbands_kurtosis": {
        "dmean": 3.53603100777,
        "dmean2": 5.18219470978,
        "dvar": 98.6007614136,
        "dvar2": 191.709289551,
        "max": 285.212982178,
        "mean": 3.6911482811,
        "median": -0.410592675209,
        "min": -1.93907403946,
        "var": 224.102401733
    },
    "erbbands_skewness": {
        "dmean": 0.692185223103,
        "dmean2": 0.974763214588,
        "dvar": 0.816882371902,
        "dvar2": 1.47245812416,
        "max": 13.0017910004,
        "mean": 0.515396952629,
        "median": 0.0333250910044,
        "min": -4.02941560745,
        "var": 3.20649957657
    },
    "erbbands_spread": {
        "dmean": 15.5355091095,
        "dmean2": 23.6576385498,
        "dvar": 394.132019043,
        "dvar2": 941.617248535,
        "max": 238.732116699,
        "mean": 56.3659591675,
        "median": 54.4404792786,
        "min": 0.237651407719,
        "var": 1224.27514648
    },
    "hfc": {
        "dmean": 9.27807331085,
        "dmean2": 14.1679773331,
        "dvar": 241.080337524,
        "dvar2": 610.748352051,
        "max": 113.662559509,
        "mean": 18.8676948547,
        "median": 12.5921516418,
        "min": 3.5496278139e-10,
        "var": 339.571777344
    },
    "melbands_crest": {
        "dmean": 4.08682203293,
        "dmean2": 6.23745346069,
        "dvar": 18.9747600555,
        "dvar2": 44.8836708069,
        "max": 38.1020431519,
        "mean": 23.6795978546,
        "median": 25.2923965454,
        "min": 2.24039793015,
        "var": 58.8452949524
    },
    "melbands_flatness_db": {
        "dmean": 0.0555351488292,
        "dmean2": 0.0773204863071,
        "dvar": 0.00508083589375,
        "dvar2": 0.00998681318015,
        "max": 0.998573720455,
        "mean": 0.325104445219,
        "median": 0.308734953403,
        "min": 0.0188401006162,
        "var": 0.0239285826683
    },
    "melbands_kurtosis": {
        "dmean": 89.3253555298,
        "dmean2": 136.281097412,
        "dvar": 44006.2695312,
        "dvar2": 109026.015625,
        "max": 3703.49511719,
        "mean": 151.08164978,
        "median": 39.7592926025,
        "min": -1.82562851906,
        "var": 71687.1875
    },
    "melbands_skewness": {
        "dmean": 2.56408929825,
        "dmean2": 3.77927303314,
        "dvar": 13.6006135941,
        "dvar2": 30.1845779419,
        "max": 44.4905662537,
        "mean": 7.29217720032,
        "median": 5.30759620667,
        "min": -3.82228970528,
        "var": 37.6098823547
    },
    "melbands_spread": {
        "dmean": 8.37746620178,
        "dmean2": 13.7766485214,
        "dvar": 325.726287842,
        "dvar2": 734.117797852,
        "max": 296.84185791,
        "mean": 13.9419517517,
        "median": 5.73422908783,
        "min": 0.100312523544,
        "var": 590.004882812
    },
    "pitch_salience": {
        "dmean": 0.0983596891165,
        "dmean2": 0.148458227515,
        "dvar": 0.0136412233114,
        "dvar2": 0.0289857648313,
        "max": 0.943363904953,
        "mean": 0.330844283104,
        "median": 0.318015515804,
        "min": 0.013253598474,
        "var": 0.0401083268225
    },
    "silence_rate_20dB": {
        "dmean": 0,
        "dmean2": 0,
        "dvar": 0,
        "dvar2": 0,
        "max": 1,
        "mean": 1,
        "median": 1,
        "min": 1,
        "var": 0
    },
    "silence_rate_30dB": {
        "dmean": 0.0961666852236,
        "dmean2": 0.19235907495,
        "dvar": 0.0869221463799,
        "dvar2": 0.164968669415,
        "max": 1,
        "mean": 0.749065160751,
        "median": 1,
        "min": 0,
        "var": 0.187977805734
    },
    "silence_rate_60dB": {
        "dmean": 0.0256444495171,
        "dmean2": 0.0512957535684,
        "dvar": 0.0249854288995,
        "dvar2": 0.058277387172,
        "max": 1,
        "mean": 0.109375,
        "median": 0,
        "min": 0,
        "var": 0.097412109375
    },
    "spectral_centroid": {
        "dmean": 387.003875732,
        "dmean2": 583.70916748,
        "dvar": 298264.625,
        "dvar2": 630957.5,
        "max": 10831.4306641,
        "mean": 1411.60961914,
        "median": 1463.14697266,
        "min": 52.9237556458,
        "var": 918766.0625
    },
    "spectral_complexity": {
        "dmean": 4.24629354477,
        "dmean2": 6.68300819397,
        "dvar": 37.2092170715,
        "dvar2": 87.1980133057,
        "max": 49,
        "mean": 11.0256414413,
        "median": 9,
        "min": 0,
        "var": 77.5003433228
    },
    "spectral_decrease": {
        "dmean": 5.16254061722e-09,
        "dmean2": 7.1331340834e-09,
        "dvar": 4.84378867999e-17,
        "dvar2": 7.20930983406e-17,
        "max": 9.1197362162e-12,
        "mean": -1.58893840307e-08,
        "median": -1.17341887318e-08,
        "min": -5.48148939572e-08,
        "var": 2.09413437857e-16
    },
    "spectral_energy": {
        "dmean": 0.0196537040174,
        "dmean2": 0.0271024666727,
        "dvar": 0.000683930527885,
        "dvar2": 0.00101265101694,
        "max": 0.20940002799,
        "mean": 0.0616814792156,
        "median": 0.046711191535,
        "min": 3.63600784951e-14,
        "var": 0.00304282223806
    },
    "spectral_energyband_high": {
        "dmean": 0.000713219342288,
        "dmean2": 0.00116035109386,
        "dvar": 1.75403124558e-06,
        "dvar2": 4.53193661087e-06,
        "max": 0.0101332021877,
        "mean": 0.00110530818347,
        "median": 0.00044992248877,
        "min": 2.65268780927e-14,
        "var": 2.15583531826e-06
    },
    "spectral_energyband_low": {
        "dmean": 0.0188967455178,
        "dmean2": 0.0275259129703,
        "dvar": 0.00082829175517,
        "dvar2": 0.00145392061677,
        "max": 0.205820769072,
        "mean": 0.0511426106095,
        "median": 0.0322670228779,
        "min": 6.44700863655e-16,
        "var": 0.00295310723595
    },
    "spectral_energyband_middle_high": {
        "dmean": 0.0010604854906,
        "dmean2": 0.00172222894616,
        "dvar": 3.37595793098e-06,
        "dvar2": 8.74092347658e-06,
        "max": 0.0203897692263,
        "mean": 0.00184856483247,
        "median": 0.00122551782988,
        "min": 8.24569209977e-15,
        "var": 4.28240809924e-06
    },
    "spectral_energyband_middle_low": {
        "dmean": 0.00876302365214,
        "dmean2": 0.0149160213768,
        "dvar": 0.000590807700064,
        "dvar2": 0.00155350728892,
        "max": 0.158521994948,
        "mean": 0.00881361123174,
        "median": 0.00260583660565,
        "min": 4.30991407038e-16,
        "var": 0.000430800399045
    },
    "spectral_entropy": {
        "dmean": 0.290827542543,
        "dmean2": 0.407304078341,
        "dvar": 0.159962460399,
        "dvar2": 0.275043010712,
        "max": 9.79036617279,
        "mean": 7.39063215256,
        "median": 7.8750166893,
        "min": 2.99875640869,
        "var": 1.28297162056
    },
    "spectral_flux": {
        "dmean": 0.0487173274159,
        "dmean2": 0.0720470100641,
        "dvar": 0.00319191021845,
        "dvar2": 0.00703570293263,
        "max": 0.481199324131,
        "mean": 0.106524936855,
        "median": 0.0729008764029,
        "min": 4.77226785733e-06,
        "var": 0.00901543628424
    },
    "spectral_kurtosis": {
        "dmean": 5.22339487076,
        "dmean2": 8.5165014267,
        "dvar": 421.357391357,
        "dvar2": 1130.21728516,
        "max": 694.729492188,
        "mean": 14.4934749603,
        "median": 2.56737709045,
        "min": -1.21974360943,
        "var": 1733.50366211
    },
    "spectral_rms": {
        "dmean": 0.00134161673486,
        "dmean2": 0.00183095282409,
        "dvar": 2.95303948405e-06,
        "dvar2": 4.45297018814e-06,
        "max": 0.0142930997536,
        "mean": 0.00670823547989,
        "median": 0.00675069540739,
        "min": 5.95594196184e-09,
        "var": 1.51765707415e-05
    },
    "spectral_rolloff": {
        "dmean": 930.571899414,
        "dmean2": 1673.35827637,
        "dvar": 5365367,
        "dvar2": 13825227,
        "max": 16795.8984375,
        "mean": 1181.31030273,
        "median": 236.865234375,
        "min": 43.06640625,
        "var": 6375870.5
    },
    "spectral_skewness": {
        "dmean": 0.365527331829,
        "dmean2": 0.577491164207,
        "dvar": 0.548900663853,
        "dvar2": 1.38349556923,
        "max": 24.5294761658,
        "mean": 2.09349656105,
        "median": 1.29166817665,
        "min": -0.147636264563,
        "var": 5.35127878189
    },
    "spectral_spread": {
        "dmean": 957898.75,
        "dmean2": 1358973,
        "dvar": 1.65286025626e+12,
        "dvar2": 3.17271834624e+12,
        "max": 40473628,
        "mean": 6112070.5,
        "median": 6275375,
        "min": 203904.171875,
        "var": 8.46804759347e+12
    },
    "spectral_strongpeak": {
        "dmean": 0.268097132444,
        "dmean2": 0.42674356699,
        "dvar": 0.128796309233,
        "dvar2": 0.31733071804,
        "max": 6.12165403366,
        "mean": 0.690840542316,
        "median": 0.601808011532,
        "min": 0,
        "var": 0.269967257977
    },
    "zerocrossingrate": {
        "dmean": 0.0187901221216,
        "dmean2": 0.0230985209346,
        "dvar": 0.000791381695308,
        "dvar2": 0.000984419253655,
        "max": 0.5546875,
        "mean": 0.0525294914842,
        "median": 0.0322265625,
        "min": 0.001953125,
        "var": 0.00376861845143
    },
    "barkbands": {
        "dmean": [0.00093794032, 0.0164420884103, 0.00735209463164, 0.00469253538176, 0.0040127155371, 0.000374021648895, 0.000284160982119, 0.000314120959956, 0.000112863584945, 0.000127952473122, 0.000316313875373, 0.000103345228126, 0.000156165013323, 0.000120793345559, 6.68398351991e-05, 0.000126816346892, 0.000129126856336, 0.000140824413393, 0.000141597687616, 8.45060567372e-05, 9.8405922472e-05, 9.06995192054e-05, 7.88331963122e-05, 0.000105809733213, 9.58718592301e-05, 0.000191604820429, 9.63099155342e-05],
        "dmean2": [0.00130702473689, 0.0220476835966, 0.0124943591654, 0.00854508485645, 0.00678885122761, 0.000571432989091, 0.000421997305239, 0.000497010478284, 0.000177821071702, 0.000203673567739, 0.000506740354467, 0.000176307847141, 0.000267923664069, 0.000203396542929, 0.000110014138045, 0.000214927553316, 0.000219147332245, 0.00024187300005, 0.00024427723838, 0.000143150100484, 0.00016848211817, 0.000152584339958, 0.000129524967633, 0.000174524087925, 0.000153957400471, 0.000316124322126, 0.000157687594765],
        "dvar": [1.9861133751e-06, 0.00062666652957, 0.000501269765664, 0.000264874426648, 0.00011067554442, 9.56228177529e-07, 3.60853618986e-07, 5.07415506945e-07, 9.43901810047e-08, 1.01184674861e-07, 3.791389247e-07, 6.40244124384e-08, 1.79509015652e-07, 4.85644093828e-08, 1.33057618257e-08, 9.21241820606e-08, 5.11386453184e-08, 9.63961710454e-08, 6.60883543446e-08, 2.05796695241e-08, 4.67063330234e-08, 2.81106267153e-08, 1.85369533057e-08, 3.75449040746e-08, 3.07971639302e-08, 1.63862225122e-07, 4.37687255328e-08],
        "dvar2": [3.3805001749e-06, 0.000956382602453, 0.00131229683757, 0.0007306682528, 0.000290077325189, 2.03109948416e-06, 7.03017178694e-07, 1.16090598112e-06, 2.14743963056e-07, 2.40799096218e-07, 8.535203051e-07, 1.63981184187e-07, 4.38511648326e-07, 1.2653853787e-07, 3.50660656068e-08, 2.4159120926e-07, 1.37226621177e-07, 2.55508410874e-07, 1.81551186529e-07, 5.56282344633e-08, 1.27356301505e-07, 7.28517193238e-08, 4.81924580242e-08, 9.80982903798e-08, 7.87204257335e-08, 4.23121207405e-07, 1.12793699714e-07],
        "max": [0.0130313914269, 0.175487443805, 0.153344973922, 0.110249117017, 0.0736920833588, 0.0298895221204, 0.0127782709897, 0.0130434790626, 0.00918503012508, 0.0128706023097, 0.0126112699509, 0.00447294069454, 0.0202331226319, 0.00252224924043, 0.00298698293045, 0.00662465533242, 0.00289840647019, 0.00491058127955, 0.00239316769876, 0.00191549607553, 0.00635603070259, 0.00214975490235, 0.00184175616596, 0.00247887219302, 0.00137065094896, 0.0027909129858, 0.00163027085364],
        "mean": [0.00155402172823, 0.042492788285, 0.00589064741507, 0.00314044393599, 0.00407588714734, 0.000587303249631, 0.000401571422117, 0.0004139750381, 0.00015215172607, 0.000162524636835, 0.000393955793697, 0.000110440516437, 0.000170715546119, 0.00014322201605, 9.39132150961e-05, 0.000166468103998, 0.000174385029823, 0.000182584117283, 0.000207262666663, 0.000143752156873, 0.000161297168233, 0.000149688785314, 0.000134332833113, 0.000155845598783, 0.000143519820995, 0.000189453989151, 8.93786127563e-05],
        "median": [0.00062303757295, 0.0188084505498, 0.000668413762469, 0.0002316787577, 0.000623304862529, 0.000152613647515, 9.16343706194e-05, 6.56413540128e-05, 2.38290886045e-05, 2.78479528788e-05, 6.8633002229e-05, 3.53807881766e-05, 4.61130257463e-05, 5.93215299887e-05, 4.7409281251e-05, 8.06674579508e-05, 9.27414075704e-05, 0.000100653109257, 0.000109008644358, 7.93969156803e-05, 7.67058954807e-05, 5.98460319452e-05, 4.92478648084e-05, 5.81223503104e-05, 5.83986147831e-05, 2.75083075394e-05, 4.85319833388e-06],
        "min": [3.96882899029e-16, 3.58279743035e-16, 7.43028948034e-17, 3.7225152503e-17, 6.73021145548e-17, 7.39478688845e-17, 9.38699514551e-17, 4.97835541466e-17, 8.19937951458e-17, 1.04473943687e-16, 1.26145506635e-16, 1.69679373765e-16, 1.1169774771e-15, 6.53198351121e-16, 1.89242658473e-16, 4.88233549506e-16, 1.08106995053e-15, 1.85068249821e-15, 1.0528038258e-15, 2.09236895015e-15, 1.29870998412e-15, 1.49994288366e-15, 2.16694363665e-15, 3.92306740004e-15, 1.34647438378e-15, 8.45151094155e-15, 7.41339921986e-15],
        "var": [4.78434003526e-06, 0.00241035805084, 0.000367136381101, 0.00016448488168, 9.46746367845e-05, 2.50203765972e-06, 7.62893932915e-07, 8.75856585481e-07, 2.06567420946e-07, 1.73606167664e-07, 6.1549764041e-07, 6.13896062873e-08, 2.6621410143e-07, 5.42390132807e-08, 1.75308940698e-08, 1.03759234094e-07, 6.17496809241e-08, 9.72688383172e-08, 7.58878613283e-08, 3.09172207835e-08, 5.46504779209e-08, 4.22237178554e-08, 3.21224433719e-08, 4.88024056722e-08, 3.91052523696e-08, 1.41968911294e-07, 3.74175037621e-08]
    },
    "erbbands": {
        "dmean": [0.630706608295, 3.4962978363, 8.38663864136, 9.40348243713, 19.7652606964, 9.74078655243, 4.61281824112, 3.34512042999, 3.67370009422, 7.04103946686, 3.53695988655, 2.86887931824, 2.57794117928, 5.27268648148, 14.9539461136, 4.14000225067, 7.50480222702, 6.33716678619, 4.12400102615, 4.71874570847, 5.97989034653, 7.02097845078, 7.47560977936, 7.61037731171, 6.49729824066, 3.93664932251, 4.4785451889, 3.48086285591, 3.37155723572, 2.77596497536, 2.29085016251, 2.04246973991, 1.78813350201, 1.17058837414, 0.706380844116, 0.769003331661, 0.37240499258, 0.13077262044, 0.0142681803554, 0.000199590038392],
        "dmean2": [0.771869599819, 4.57490301132, 12.886973381, 15.5632266998, 35.5584106445, 15.804561615, 7.33478689194, 5.00304889679, 5.31353378296, 10.716958046, 5.81280565262, 4.48423290253, 4.11601543427, 8.55327033997, 23.9715576172, 6.9202504158, 12.867931366, 10.7429466248, 6.800573349, 7.85589170456, 10.1278190613, 11.9458475113, 13.0185785294, 12.9618453979, 11.275809288, 6.55042648315, 7.69341659546, 5.95981407166, 5.66627693176, 4.55831718445, 3.79112815857, 3.35550498962, 2.98611903191, 1.95772016048, 1.1271198988, 1.30175065994, 0.617565631866, 0.206733122468, 0.0233514122665, 0.00032124077552],
        "dvar": [0.970512211323, 31.0618534088, 484.162475586, 853.57043457, 4282.25097656, 517.907348633, 143.991668701, 90.650642395, 75.46144104, 210.597824097, 52.3964691162, 70.451423645, 23.9628353119, 166.943359375, 916.243774414, 80.3699417114, 387.740539551, 146.265045166, 50.381526947, 101.399238586, 136.147705078, 166.999191284, 279.795318604, 189.291137695, 145.085174561, 40.1567497253, 68.3886642456, 78.1093673706, 38.2585906982, 24.8657627106, 16.5007038116, 12.6807470322, 11.0375261307, 4.94910573959, 1.61837005615, 2.70064353943, 0.632894456387, 0.0748209655285, 0.000933231029194, 1.66575247817e-07],
        "dvar2": [1.40328347683, 44.5689468384, 1170.32434082, 2083.41113281, 11773.8203125, 1235.80566406, 341.901550293, 190.728408813, 145.538345337, 454.385559082, 132.367401123, 159.18258667, 55.7727546692, 406.520385742, 2068.95092773, 196.534927368, 958.823486328, 380.235961914, 128.781036377, 272.626800537, 357.470672607, 448.965454102, 764.295959473, 488.381347656, 401.437225342, 105.665710449, 181.899505615, 221.228393555, 101.090866089, 64.1606521606, 43.2925987244, 33.0897483826, 28.8147754669, 13.1239757538, 4.05148172379, 7.13374233246, 1.64024484158, 0.186677768826, 0.00238558626734, 4.28301547117e-07],
        "max": [7.6626033783, 39.2561264038, 155.899627686, 225.390106201, 458.143341064, 309.52041626, 342.659332275, 316.972625732, 191.414535522, 240.196289062, 140.588668823, 260.066711426, 80.0356216431, 469.648071289, 641.060119629, 230.554870605, 837.764892578, 256.302093506, 144.227493286, 196.62689209, 294.521911621, 175.503158569, 201.706222534, 159.507080078, 136.771347046, 93.5822906494, 179.552932739, 276.451568604, 84.9298858643, 64.5388717651, 63.5474052429, 52.3140678406, 40.677936554, 17.046037674, 9.46323680878, 10.7139606476, 6.1505689621, 2.0040268898, 0.224791884422, 0.00294867600314],
        "mean": [1.50963580608, 8.2983083725, 8.8246421814, 7.9540476799, 14.6099834442, 12.2123031616, 6.74329376221, 5.45838451385, 5.5055065155, 10.0525312424, 4.59535837173, 4.02215576172, 3.48719263077, 6.41804647446, 19.0284938812, 5.22504377365, 8.28274726868, 7.69316196442, 5.49556589127, 6.68616580963, 8.33980369568, 9.5189409256, 9.8533372879, 11.4079046249, 9.32964324951, 7.07744312286, 6.91050052643, 5.84088373184, 5.49154996872, 4.62665224075, 3.81936168671, 3.22475242615, 2.502379179, 1.648011446, 1.03141546249, 0.755974769592, 0.358281493187, 0.132221594453, 0.0134386336431, 0.000256254570559],
        "median": [0.535245895386, 3.36664628983, 1.97771573067, 0.995246648788, 1.28308558464, 1.90657067299, 2.27077960968, 1.57175767422, 1.49437594414, 2.32532548904, 1.28770804405, 0.699295043945, 0.870276927948, 1.62032938004, 3.64453887939, 1.98689126968, 2.42036151886, 3.42519950867, 2.92394709587, 3.67672491074, 4.85976457596, 5.33437252045, 5.49439048767, 5.79076576233, 5.28750610352, 4.03358459473, 3.39746379852, 2.80499386787, 2.28747415543, 1.62591218948, 1.41468429565, 1.30624508858, 0.874757885933, 0.626141726971, 0.410901725292, 0.152660757303, 0.045513343066, 0.0126566626132, 0.00067996326834, 0.000128818210214],
        "min": [1.66414936844e-14, 5.8910741682e-14, 9.47730527954e-14, 1.09338251886e-13, 1.71253351669e-13, 2.33491123571e-13, 3.12221900894e-13, 7.23217709678e-13, 1.31768792926e-12, 1.1654158541e-12, 1.23782538039e-12, 1.8036377513e-12, 2.77304416409e-12, 3.88971233695e-12, 5.29864086635e-12, 1.066777916e-11, 4.6654267255e-11, 4.24803421606e-11, 1.86641813116e-11, 9.49156985647e-12, 4.22003265665e-11, 5.82243975256e-11, 9.42075445431e-11, 6.13267284177e-11, 8.8955905142e-11, 8.52867637624e-11, 5.84057038844e-11, 6.02731684007e-11, 4.44948140832e-11, 5.57526455558e-11, 5.73088937417e-11, 8.44245576226e-11, 5.60394300408e-11, 1.87220482173e-11, 8.29228959803e-12, 1.1904746286e-11, 2.04235153095e-11, 6.36076998364e-12, 1.16321405633e-12, 9.35776724663e-14],
        "var": [3.50342798233, 110.175605774, 474.038909912, 696.70111084, 2744.87988281, 755.078552246, 234.9793396, 245.598907471, 158.499847412, 400.066070557, 77.3276977539, 159.777313232, 40.2387657166, 245.179168701, 1492.68505859, 102.878501892, 556.731994629, 166.590377808, 59.1852989197, 117.519386292, 157.174026489, 185.299377441, 262.364074707, 246.689483643, 162.583404541, 71.5927734375, 88.2007675171, 78.1131210327, 56.8249549866, 40.1998062134, 26.9745693207, 18.654335022, 13.5616369247, 5.57396888733, 2.07958245277, 2.20927119255, 0.536843776703, 0.0710770562291, 0.000819125853013, 1.60068182709e-07]
    },
    "gfcc": {
        "mean": [-64.1090545654, 64.3787918091, -69.7189941406, 39.9952392578, -36.3424530029, 21.3928852081, -24.8463153839, 11.0353431702, -21.242067337, 7.64700555801, -5.52864694595, 6.74465751648, -9.47581768036],
        "cov": [[30968.2128906, -5511.22167969, -889.19732666, 3510.89038086, 590.030578613, 7.31785297394, -618.61706543, 1743.30639648, 730.599182129, 725.997436523, -1204.16491699, 634.492431641, -85.635925293], [-5511.22167969, 4882.69042969, 170.92855835, -737.193115234, 74.9648895264, -566.368103027, 109.679962158, -760.12097168, -225.699142456, -702.253479004, 395.003997803, -545.996154785, 197.947677612], [-889.19732666, 170.92855835, 2632.47924805, 751.910400391, 542.424194336, 241.178833008, 188.256500244, 72.1172027588, 74.0245285034, 3.02698254585, -50.5331382751, -108.305961609, -26.7195453644], [3510.89038086, -737.193115234, 751.910400391, 1535.4486084, 583.589538574, 204.377319336, 48.5048217773, 373.360595703, 265.921661377, 127.481506348, -187.024108887, 16.4719905853, 54.9932937622], [590.030578613, 74.9648895264, 542.424194336, 583.589538574, 596.284484863, 173.28074646, 159.949981689, 97.125869751, 159.248153687, 29.5834674835, 2.3493514061, -26.4571323395, 28.5572910309], [7.31785297394, -566.368103027, 241.178833008, 204.377319336, 173.28074646, 357.3152771, 124.05166626, 110.802238464, 62.1919403076, 128.443847656, 3.03422093391, 48.8259048462, -19.8147239685], [-618.61706543, 109.679962158, 188.256500244, 48.5048217773, 159.949981689, 124.05166626, 231.571426392, 27.7424507141, 88.0406951904, 38.3797035217, 104.044921875, -1.24621486664, 20.9347019196], [1743.30639648, -760.12097168, 72.1172027588, 373.360595703, 97.125869751, 110.802238464, 27.7424507141, 349.038208008, 172.602279663, 204.912017822, -45.5885810852, 122.163330078, 0.93283033371], [730.599182129, -225.699142456, 74.0245285034, 265.921661377, 159.248153687, 62.1919403076, 88.0406951904, 172.602279663, 229.749465942, 145.29284668, 35.7467727661, 38.8100242615, 21.2393264771], [725.997436523, -702.253479004, 3.02698254585, 127.481506348, 29.5834674835, 128.443847656, 38.3797035217, 204.912017822, 145.29284668, 255.902908325, 32.5429420471, 122.541557312, -20.8979988098], [-1204.16491699, 395.003997803, -50.5331382751, -187.024108887, 2.3493514061, 3.03422093391, 104.044921875, -45.5885810852, 35.7467727661, 32.5429420471, 212.084915161, 13.7485122681, 45.2691574097], [634.492431641, -545.996154785, -108.305961609, 16.4719905853, -26.4571323395, 48.8259048462, -1.24621486664, 122.163330078, 38.8100242615, 122.541557312, 13.7485122681, 166.779464722, 13.8187255859], [-85.635925293, 197.947677612, -26.7195453644, 54.9932937622, 28.5572910309, -19.8147239685, 20.9347019196, 0.93283033371, 21.2393264771, -20.8979988098, 45.2691574097, 13.8187255859, 89.032913208]],
        "icov": [[7.36664005672e-05, 1.53669516294e-05, 5.59567415621e-05, -0.000125339603983, -2.58086729445e-05, 0.000126701241243, 3.72176727979e-05, -0.00017043549451, -2.91161104542e-05, 2.18918885366e-05, 0.000229878540267, -0.000131861015689, 7.60806797189e-05], [1.53669516294e-05, 0.000911714450922, -7.71014529164e-05, 0.000264708447503, -0.000471417966764, 0.000782690185588, 0.000179535563802, -1.96424898604e-05, -0.00015772243205, 0.00127831567079, -0.00155505654402, 0.00187687354628, -0.0010784532642], [5.59567415621e-05, -7.71014529164e-05, 0.000581029220484, -0.000340202881489, -0.000261360575678, 6.64648132442e-06, -0.000321735540638, -0.000121734301501, 0.000460635812487, -0.00033592354157, 0.000315723707899, 6.84413171257e-05, 0.000412095629144], [-0.000125339603983, 0.000264708447503, -0.000340202881489, 0.00226897001266, -0.00145311793312, -0.000205839663977, 0.000712517474312, -0.00112394569442, -0.000580082414672, 0.000329937640345, 0.000571569311433, 0.00159026309848, -0.00226976629347], [-2.58086729445e-05, -0.000471417966764, -0.000261360575678, -0.00145311793312, 0.0044456361793, -0.00154041079804, -0.00127681042068, 0.0010075639002, -0.00223619001918, 0.00127246382181, 0.000202933399123, -0.00160514574964, 0.00134138518479], [0.000126701241243, 0.000782690185588, 6.64648132442e-06, -0.000205839663977, -0.00154041079804, 0.0063550923951, -0.00306230480783, -0.000248416006798, 0.00301705510356, -0.00318552413955, 0.000503180490341, 0.00182787142694, -0.000865054433234], [3.72176727979e-05, 0.000179535563802, -0.000321735540638, 0.000712517474312, -0.00127681042068, -0.00306230480783, 0.00992316380143, -0.000892848882359, -0.00375265628099, 0.00367056811228, -0.00463961111382, 9.76298761088e-05, 0.000604717119131], [-0.00017043549451, -1.96424898604e-05, -0.000121734301501, -0.00112394569442, 0.0010075639002, -0.000248416006798, -0.000892848882359, 0.0099517647177, -0.00322593189776, -0.00387325370684, 0.00204629870132, -0.00298220221885, -0.000452511536423], [-2.91161104542e-05, -0.00015772243205, 0.000460635812487, -0.000580082414672, -0.00223619001918, 0.00301705510356, -0.00375265628099, -0.00322593189776, 0.0144795570523, -0.00876265298575, 0.000146946375025, 0.00436467025429, -0.00313902576454], [2.18918885366e-05, 0.00127831567079, -0.00033592354157, 0.000329937640345, 0.00127246382181, -0.00318552413955, 0.00367056811228, -0.00387325370684, -0.00876265298575, 0.0197428930551, -0.00719115277752, -0.00452298298478, 0.00601762346923], [0.000229878540267, -0.00155505654402, 0.000315723707899, 0.000571569311433, 0.000202933399123, 0.000503180490341, -0.00463961111382, 0.00204629870132, 0.000146946375025, -0.00719115277752, 0.0143331848085, -0.00306627736427, -0.00399825721979], [-0.000131861015689, 0.00187687354628, 6.84413171257e-05, 0.00159026309848, -0.00160514574964, 0.00182787142694, 9.76298761088e-05, -0.00298220221885, 0.00436467025429, -0.00452298298478, -0.00306627736427, 0.0171091426164, -0.00753077864647], [7.60806797189e-05, -0.0010784532642, 0.000412095629144, -0.00226976629347, 0.00134138518479, -0.000865054433234, 0.000604717119131, -0.000452511536423, -0.00313902576454, 0.00601762346923, -0.00399825721979, -0.00753077864647, 0.0198312215507]]
    },
    "melbands": {
        "dmean": [0.00502085359767, 0.0040654563345, 0.00200565508567, 0.0010553651955, 0.000211687103729, 7.14829657227e-05, 5.63551257073e-05, 8.04206138127e-05, 2.49570002779e-05, 1.73361513589e-05, 1.28713045342e-05, 2.06185159186e-05, 4.42751261289e-05, 2.09747231565e-05, 1.36509088406e-05, 1.36801390909e-05, 1.25552451209e-05, 7.21854530639e-06, 4.45662226412e-06, 9.72792258835e-06, 6.56742986394e-06, 6.91275408826e-06, 8.98669077287e-06, 6.03446687819e-06, 6.51162736176e-06, 5.27403244632e-06, 3.58791635335e-06, 2.76426499113e-06, 2.76810533251e-06, 2.94273513646e-06, 1.99866394723e-06, 2.05089600058e-06, 1.76676542196e-06, 1.52276140852e-06, 1.47388755067e-06, 1.11330996333e-06, 1.40840961649e-06, 1.26293696212e-06, 1.25328506329e-06, 9.53323763042e-07],
        "dmean2": [0.0061418316327, 0.00569868041202, 0.00331359729171, 0.00181856728159, 0.000336109369528, 0.000107666033728, 8.17998807179e-05, 0.000123564823298, 4.11963192164e-05, 2.71998833341e-05, 2.05475425901e-05, 3.35495060426e-05, 7.12097316864e-05, 3.40955448337e-05, 2.37103358813e-05, 2.32411384786e-05, 2.13242146856e-05, 1.20605363918e-05, 7.36354650144e-06, 1.63763706951e-05, 1.11576218842e-05, 1.17624240374e-05, 1.5647168766e-05, 1.03512529677e-05, 1.10555247375e-05, 9.22138224269e-06, 6.17219984633e-06, 4.60148612547e-06, 4.76536615679e-06, 5.09230721946e-06, 3.44107706951e-06, 3.4801912534e-06, 2.96572261504e-06, 2.49237473327e-06, 2.47741036219e-06, 1.85334852176e-06, 2.34252934206e-06, 2.09446716326e-06, 2.14411807065e-06, 1.59969920333e-06],
        "dvar": [5.48125935893e-05, 6.70563968015e-05, 3.74707960873e-05, 8.63860259415e-06, 2.99512379343e-07, 3.94347807742e-08, 1.73571059747e-08, 2.95937603312e-08, 2.48286546878e-09, 2.59046029072e-09, 6.09779060579e-10, 3.00895530714e-09, 7.34930605262e-09, 1.88995086248e-09, 1.05025632635e-09, 2.01755767648e-09, 5.52694723321e-10, 1.64734018093e-10, 6.29725230294e-11, 7.29984905856e-10, 1.57652155219e-10, 1.59985066861e-10, 3.36312949711e-10, 1.54626131343e-10, 1.34144723107e-10, 1.05329946154e-10, 3.70366827485e-11, 2.04760236544e-11, 2.41298526299e-11, 4.91104518163e-11, 2.19081766617e-11, 1.51065809167e-11, 9.97871230091e-12, 7.30843337238e-12, 6.95440319914e-12, 3.40219671012e-12, 6.54668463537e-12, 4.92882167372e-12, 6.02223999835e-12, 3.25703006232e-12],
        "dvar2": [8.34432139527e-05, 0.000145283251186, 9.12897303351e-05, 2.29427605518e-05, 6.83508119437e-07, 8.30263857665e-08, 3.32029941319e-08, 6.48545395165e-08, 6.31524121886e-09, 5.87630299975e-09, 1.41708300649e-09, 7.2752119884e-09, 1.67134128759e-08, 4.47296910622e-09, 2.7665016944e-09, 4.62498261911e-09, 1.44196266039e-09, 4.21643164827e-10, 1.69555217089e-10, 1.92127891374e-09, 4.19502210747e-10, 4.33881430784e-10, 9.10284625455e-10, 4.12462869415e-10, 3.44173967104e-10, 2.96228902519e-10, 1.00354793919e-10, 5.40031734608e-11, 6.54294188274e-11, 1.36524402894e-10, 6.25033080848e-11, 4.08909399396e-11, 2.60391517376e-11, 1.89709740972e-11, 1.84693874777e-11, 8.86620030865e-12, 1.72539673521e-11, 1.26760884775e-11, 1.62346993487e-11, 8.64489209385e-12],
        "max": [0.0565512105823, 0.0605073049664, 0.0401695966721, 0.0192622859031, 0.0149359349161, 0.00623241113499, 0.00293229799718, 0.00303019187413, 0.000934396579396, 0.00141616829205, 0.000446154124802, 0.00209676288068, 0.0017588136252, 0.000752341002226, 0.000519305875059, 0.00280849845149, 0.000275729544228, 0.00019674084615, 0.000206103053642, 0.000639291538391, 0.000448679842521, 0.000192453968339, 0.000214322397369, 0.00018161785556, 0.000127544495626, 0.000100077675597, 9.71598856268e-05, 7.14938432793e-05, 7.96369859017e-05, 0.000190589387785, 0.00014008981816, 6.40985672362e-05, 3.47535460605e-05, 3.540628677e-05, 3.69621084246e-05, 3.51014059561e-05, 2.96546295431e-05, 3.1000803574e-05, 2.36013565882e-05, 1.64768171089e-05],
        "mean": [0.0126318652183, 0.00684227794409, 0.00166968943086, 0.000996745657176, 0.00030958672869, 0.000114810005471, 8.30608332762e-05, 0.000113000962301, 3.15994875564e-05, 2.38827287831e-05, 1.69127051777e-05, 2.36270352616e-05, 5.55869191885e-05, 2.63682541117e-05, 1.44213672684e-05, 1.5394143702e-05, 1.48524177348e-05, 8.91363197297e-06, 6.49824596621e-06, 1.25480401039e-05, 8.78873925103e-06, 9.18716523302e-06, 1.07017567643e-05, 8.08881031844e-06, 9.50345656747e-06, 6.99679731042e-06, 5.46290766579e-06, 4.62673415313e-06, 4.15468139181e-06, 4.17217324866e-06, 3.20217895933e-06, 3.15484157909e-06, 2.75387742477e-06, 2.48886431109e-06, 2.28421140491e-06, 1.90437560832e-06, 2.00974045583e-06, 1.7554993974e-06, 1.61651666986e-06, 1.3109684005e-06],
        "median": [0.00537469051778, 0.00286929821596, 0.000186205463251, 0.000118718933663, 9.11439565243e-05, 2.82907258224e-05, 2.05874312087e-05, 2.41045636358e-05, 8.77495585883e-06, 3.48711364495e-06, 3.85727571484e-06, 3.76094840249e-06, 1.04425325844e-05, 5.80317737331e-06, 4.23067922384e-06, 4.23971596319e-06, 5.96273457631e-06, 4.42530654254e-06, 3.57446970156e-06, 5.47846229892e-06, 5.14545263286e-06, 5.14683324582e-06, 4.77537196275e-06, 4.47439924756e-06, 4.44730403615e-06, 3.76750085707e-06, 2.91982019007e-06, 2.51632650361e-06, 2.08907704291e-06, 1.78462437361e-06, 1.49326046994e-06, 1.30395824272e-06, 9.98170776256e-07, 8.56244582792e-07, 7.99292024567e-07, 7.65412153214e-07, 7.91565582858e-07, 6.15830572315e-07, 5.73648208047e-07, 4.79188827285e-07],
        "min": [1.43120324831e-16, 5.99246296378e-17, 2.08882096737e-17, 1.49174099084e-17, 1.08250736213e-17, 1.62699759413e-17, 2.00991108021e-17, 1.20198905212e-17, 1.03488144574e-17, 1.17214073602e-17, 1.40036185226e-17, 1.53311755769e-17, 1.78511333366e-17, 1.26656199674e-17, 6.49904822324e-17, 1.17653564588e-16, 7.16249869058e-17, 3.31134031141e-17, 9.79045927216e-18, 2.03473824456e-17, 5.73211216732e-17, 6.2676692623e-17, 6.19386886979e-17, 1.01132954575e-16, 4.28987446199e-17, 3.44803819421e-17, 9.72628014823e-17, 4.58856177112e-17, 3.99771956359e-17, 2.43010873979e-17, 4.36303428583e-17, 2.21300112595e-17, 3.24020310961e-17, 3.60619281123e-17, 3.73374240732e-17, 2.54349071722e-17, 6.88873764203e-17, 4.54824002498e-17, 2.56820770111e-17, 1.16128324602e-17],
        "var": [0.000217869397602, 0.000115273680422, 3.07001064357e-05, 6.82684321873e-06, 5.33320132945e-07, 1.06439131287e-07, 3.68475312484e-08, 5.48652678845e-08, 3.64932617458e-09, 5.73591352193e-09, 1.01174590927e-09, 4.58959137362e-09, 1.1779131448e-08, 2.71445954603e-09, 1.13012299519e-09, 3.48122797256e-09, 6.43874398243e-10, 1.78035322596e-10, 7.92742399502e-11, 8.12270584127e-10, 1.67797123418e-10, 1.70029823554e-10, 3.35662553308e-10, 1.61378022057e-10, 1.81434686719e-10, 9.77754543996e-11, 5.40704946095e-11, 3.37973468656e-11, 3.02761704596e-11, 4.74051006782e-11, 2.30502266579e-11, 2.00725616684e-11, 1.48574381964e-11, 1.18248657394e-11, 1.0150255636e-11, 6.46734575616e-12, 8.05832831019e-12, 6.58797539091e-12, 6.16211465534e-12, 3.62398826226e-12]
    },
    "mfcc": {
        "mean": [-711.807495117, 94.5051498413, 29.5418243408, 34.4052085876, 18.8517227173, 15.1443281174, 13.5834331512, 9.54645442963, 1.89243686199, 2.77304077148, 3.50582337379, 7.19613218307, 6.14788579941],
        "cov": [[18192.3945312, -1381.88061523, -1373.90246582, 1304.40344238, 744.350769043, 209.088989258, -223.172164917, 399.818328857, 553.342651367, 419.658843994, 242.794281006, 66.1938323975, 23.1247806549], [-1381.88061523, 3137.03613281, 410.143829346, 73.754196167, -80.0629959106, -180.709503174, 58.8295898438, -98.2142486572, -276.115661621, -205.494018555, -215.311691284, -199.878265381, -207.76109314], [-1373.90246582, 410.143829346, 1732.62536621, 494.307220459, 414.916320801, 232.521377563, 213.285797119, 82.0121994019, 109.022132874, 98.338104248, 26.3540649414, -60.3821487427, -72.1281890869], [1304.40344238, 73.754196167, 494.307220459, 947.266967773, 571.407287598, 224.579788208, 80.084312439, 169.986709595, 244.742736816, 192.667663574, 53.7808609009, -41.3788452148, -47.5055084229], [744.350769043, -80.0629959106, 414.916320801, 571.407287598, 542.732055664, 250.184509277, 123.642364502, 143.932678223, 196.919113159, 156.883987427, 56.6309700012, -7.23355865479, -22.109085083], [209.088989258, -180.709503174, 232.521377563, 224.579788208, 250.184509277, 311.479431152, 148.554275513, 102.097923279, 110.371818542, 96.4481048584, 56.1347999573, 20.2075443268, 3.13223266602], [-223.172164917, 58.8295898438, 213.285797119, 80.084312439, 123.642364502, 148.554275513, 172.872528076, 74.5329208374, 39.9446258545, 43.2112541199, 35.6917266846, 24.1725635529, 14.8698740005], [399.818328857, -98.2142486572, 82.0121994019, 169.986709595, 143.932678223, 102.097923279, 74.5329208374, 125.479156494, 102.41015625, 72.5265655518, 37.7579154968, 14.5111751556, 16.1585178375], [553.342651367, -276.115661621, 109.022132874, 244.742736816, 196.919113159, 110.371818542, 39.9446258545, 102.41015625, 193.029251099, 129.330444336, 60.103969574, 35.9773368835, 25.1892204285], [419.658843994, -205.494018555, 98.338104248, 192.667663574, 156.883987427, 96.4481048584, 43.2112541199, 72.5265655518, 129.330444336, 171.220993042, 97.817489624, 53.7195396423, 52.2552375793], [242.794281006, -215.311691284, 26.3540649414, 53.7808609009, 56.6309700012, 56.1347999573, 35.6917266846, 37.7579154968, 60.103969574, 97.817489624, 129.210205078, 96.4421157837, 67.1461181641], [66.1938323975, -199.878265381, -60.3821487427, -41.3788452148, -7.23355865479, 20.2075443268, 24.1725635529, 14.5111751556, 35.9773368835, 53.7195396423, 96.4421157837, 138.622314453, 104.177032471], [23.1247806549, -207.76109314, -72.1281890869, -47.5055084229, -22.109085083, 3.13223266602, 14.8698740005, 16.1585178375, 25.1892204285, 52.2552375793, 67.1461181641, 104.177032471, 142.103210449]],
