{
"lowlevel": {
    "average_loudness": 0.923725128174,
    "barkbands_crest": {
        "dmean": 2.6600279808,
        "dmean2": 4.03992128372,
        "dvar": 9.92940235138,
        "dvar2": 21.1857776642,
        "max": 26.6734142303,
        "mean": 12.3106765747,
        "median": 12.7039232254,
        "min": 1.87080132961,
        "var": 31.0781078339
    },
    "barkbands_flatness_db": {
        "dmean": 0.0290760360658,
        "dmean2": 0.0410173945129,
        "dvar": 0.00141730008181,
        "dvar2": 0.00250983447768,
        "max": 0.602586388588,
        "mean": 0.12601596117,
        "median": 0.108984157443,
        "min": 0.0149193089455,
        "var": 0.00563307013363
    },
    "barkbands_kurtosis": {
        "dmean": 8.68139362335,
        "dmean2": 12.754119873,
        "dvar": 4824.63183594,
        "dvar2": 11262.1757812,
        "max": 3185.12255859,
        "mean": 11.9540519714,
        "median": 0.756026029587,
        "min": -1.95332348347,
        "var": 6526.1875
    },
    "barkbands_skewness": {
        "dmean": 0.832768619061,
        "dmean2": 1.15829634666,
        "dvar": 2.33211421967,
        "dvar2": 4.66584444046,
        "max": 46.929901123,
        "mean": 1.79280292988,
        "median": 1.42402338982,
        "min": -10.1035499573,
        "var": 7.45599794388
    },
    "barkbands_spread": {
        "dmean": 11.0575714111,
        "dmean2": 17.3743305206,
        "dvar": 170.526443481,
        "dvar2": 411.579528809,
        "max": 130.227355957,
        "mean": 46.1227684021,
        "median": 45.5984649658,
        "min": 0.0652696490288,
        "var": 471.691467285
    },
    "dissonance": {
        "dmean": 0.0105037484318,
        "dmean2": 0.0178757775575,
        "dvar": 0.000140689080581,
        "dvar2": 0.000391958950786,
        "max": 0.500000059605,
        "mean": 0.482014983892,
        "median": 0.486758470535,
        "min": 0.307903468609,
        "var": 0.000263095018454
    },
    "dynamic_complexity": 1.89566445351,
    "erbbands_crest": {
        "dmean": 1.74712443352,
        "dmean2": 2.81958389282,
        "dvar": 4.23877239227,
        "dvar2": 9.7196931839,
        "max": 27.6479320526,
        "mean": 5.79069328308,
        "median": 4.86858224869,
        "min": 2.07441329956,
        "var": 9.33016014099
    },
    "erbbands_flatness_db": {
        "dmean": 0.0136654488742,
        "dmean2": 0.020137200132,
        "dvar": 0.000227734170039,
        "dvar2": 0.000446662976174,
        "max": 0.344821244478,
        "mean": 0.107677675784,
        "median": 0.096731543541,
        "min": 0.0454505421221,
        "var": 0.00160578894429
    },
    "erbbands_kurtosis": {
        "dmean": 0.848883569241,
        "dmean2": 1.32279396057,
        "dvar": 5.11731052399,
        "dvar2": 10.9692296982,
        "max": 99.3853225708,
        "mean": -0.0300556924194,
        "median": -0.614083051682,
        "min": -1.94300878048,
        "var": 8.02925872803
    },
    "erbbands_skewness": {
        "dmean": 0.337203770876,
        "dmean2": 0.50825959444,
        "dvar": 0.146665602922,
        "dvar2": 0.295110166073,
        "max": 8.74989318848,
        "mean": -0.419782370329,
        "median": -0.380793243647,
        "min": -4.52545547485,
        "var": 0.568798184395
    },
    "erbbands_spread": {
        "dmean": 14.9406013489,
        "dmean2": 21.646030426,
        "dvar": 365.394165039,
        "dvar2": 614.59197998,
        "max": 255.794174194,
        "mean": 67.6916732788,
        "median": 60.5839767456,
        "min": 3.20329332352,
        "var": 1210.04443359
    },
    "hfc": {
        "dmean": 19.9693832397,
        "dmean2": 32.0106239319,
        "dvar": 727.134643555,
        "dvar2": 1832.30383301,
        "max": 468.840087891,
        "mean": 73.2305374146,
        "median": 71.5575942993,
        "min": 1.3124381118e-16,
        "var": 1691.82446289
    },
    "melbands_crest": {
        "dmean": 4.09212207794,
        "dmean2": 6.42242670059,
        "dvar": 29.0087146759,
        "dvar2": 67.5946426392,
        "max": 39.7476425171,
        "mean": 22.7910671234,
        "median": 23.3666248322,
        "min": 1.0009791851,
        "var": 95.9252700806
    },
    "melbands_flatness_db": {
        "dmean": 0.0392827019095,
        "dmean2": 0.0553830452263,
        "dvar": 0.00260686385445,
        "dvar2": 0.0049538332969,
        "max": 0.727320492268,
        "mean": 0.182223796844,
        "median": 0.171354860067,
        "min": -4.0554567704e-07,
        "var": 0.0104518067092
    },
    "melbands_kurtosis": {
        "dmean": 39.9590110779,
        "dmean2": 52.6152305603,
        "dvar": 16829.5644531,
        "dvar2": 25138.8007812,
        "max": 3932.54931641,
        "mean": 75.6431503296,
        "median": 17.9416027069,
        "min": -1.87491035461,
        "var": 68885.4296875
    },
    "melbands_skewness": {
        "dmean": 1.70308303833,
        "dmean2": 2.3456132412,
        "dvar": 7.22659301758,
        "dvar2": 12.3798570633,
        "max": 50.9728164673,
        "mean": 5.27134895325,
        "median": 4.0597410202,
        "min": -4.6901884079,
        "var": 30.7373256683
    },
    "melbands_spread": {
        "dmean": 15.9502696991,
        "dmean2": 25.1008701324,
        "dvar": 604.118774414,
        "dvar2": 1372.76367188,
        "max": 306.350311279,
        "mean": 40.6406745911,
        "median": 28.289691925,
        "min": 0.07935975492,
        "var": 1480.29516602
    },
    "pitch_salience": {
        "dmean": 0.0959384292364,
        "dmean2": 0.147184386849,
        "dvar": 0.0143980234861,
        "dvar2": 0.0312374047935,
        "max": 0.997667372227,
        "mean": 0.436102420092,
        "median": 0.426825433969,
        "min": 0.013564250432,
        "var": 0.0369522497058
    },
    "silence_rate_20dB": {
        "dmean": 0,
        "dmean2": 0,
        "dvar": 0,
        "dvar2": 0,
        "max": 1,
        "mean": 1,
        "median": 1,
        "min": 1,
        "var": 0
    },
    "silence_rate_30dB": {
        "dmean": 0.0732256099582,
        "dmean2": 0.146466195583,
        "dvar": 0.0678679198027,
        "dvar2": 0.148122698069,
        "max": 1,
        "mean": 0.865630447865,
        "median": 1,
        "min": 0,
        "var": 0.116321787238
    },
    "silence_rate_60dB": {
        "dmean": 0.0186132136732,
        "dmean2": 0.0372302345932,
        "dvar": 0.0182695947587,
        "dvar2": 0.0454463027418,
        "max": 1,
        "mean": 0.0315983220935,
        "median": 0,
        "min": 0,
        "var": 0.0305951349437
    },
    "spectral_centroid": {
        "dmean": 397.02130127,
        "dmean2": 590.16986084,
        "dvar": 197842.5625,
        "dvar2": 368194.78125,
        "max": 10969.453125,
        "mean": 2508.03344727,
        "median": 2563.74267578,
        "min": 83.9184036255,
        "var": 682525.1875
    },
    "spectral_complexity": {
        "dmean": 6.33237886429,
        "dmean2": 9.8132352829,
        "dvar": 48.0519828796,
        "dvar2": 111.441673279,
        "max": 64,
        "mean": 24.821352005,
        "median": 25,
        "min": 0,
        "var": 172.088348389
    },
    "spectral_decrease": {
        "dmean": 4.12347800349e-09,
        "dmean2": 5.72082781147e-09,
        "dvar": 2.94275657139e-17,
        "dvar2": 5.54528151457e-17,
        "max": 2.2847980452e-10,
        "mean": -1.41173650547e-08,
        "median": -1.18015499595e-08,
        "min": -6.80968170741e-08,
        "var": 1.22091196668e-16
    },
    "spectral_energy": {
        "dmean": 0.0158964525908,
        "dmean2": 0.0221820473671,
        "dvar": 0.000408668012824,
        "dvar2": 0.000781460723374,
        "max": 0.258754134178,
        "mean": 0.0599243044853,
        "median": 0.0520598143339,
        "min": 1.13046493012e-20,
        "var": 0.0017316499725
    },
    "spectral_energyband_high": {
        "dmean": 0.00199771928601,
        "dmean2": 0.00319903274067,
        "dvar": 7.07915569365e-06,
        "dvar2": 1.77759629878e-05,
        "max": 0.0529847368598,
        "mean": 0.00690232543275,
        "median": 0.00657902983949,
        "min": 8.28431238553e-21,
        "var": 1.87310706679e-05
    },
    "spectral_energyband_low": {
        "dmean": 0.0143721578643,
        "dmean2": 0.0205158162862,
        "dvar": 0.000539566623047,
        "dvar2": 0.00100248202216,
        "max": 0.256617844105,
        "mean": 0.0406337231398,
        "median": 0.0288527086377,
        "min": 7.56354534781e-23,
        "var": 0.00185045134276
    },
    "spectral_energyband_middle_high": {
        "dmean": 0.00235548731871,
        "dmean2": 0.00382857839577,
        "dvar": 1.46369866343e-05,
        "dvar2": 3.96226605517e-05,
        "max": 0.041497759521,
        "mean": 0.00502698868513,
        "median": 0.00389995146543,
        "min": 1.32005888665e-21,
        "var": 2.12709910556e-05
    },
    "spectral_energyband_middle_low": {
        "dmean": 0.00539841642603,
        "dmean2": 0.00831323768944,
        "dvar": 0.000114083202789,
        "dvar2": 0.000263324240223,
        "max": 0.101065352559,
        "mean": 0.00874479301274,
        "median": 0.00490728067234,
        "min": 2.69289875253e-22,
        "var": 0.000143417826621
    },
    "spectral_entropy": {
        "dmean": 0.123951040208,
        "dmean2": 0.186966702342,
        "dvar": 0.0252172555774,
        "dvar2": 0.0495833605528,
        "max": 9.8078212738,
        "mean": 8.29100036621,
        "median": 8.36448192596,
        "min": 5.04797840118,
        "var": 0.10550275445
    },
    "spectral_flux": {
        "dmean": 0.0339246205986,
        "dmean2": 0.0511457026005,
        "dvar": 0.00186006794684,
        "dvar2": 0.00402144482359,
        "max": 0.488956749439,
        "mean": 0.116824097931,
        "median": 0.0973535999656,
        "min": 1.06323325144e-10,
        "var": 0.00420361943543
    },
    "spectral_kurtosis": {
        "dmean": 0.51073127985,
        "dmean2": 0.797694385052,
        "dvar": 0.42105063796,
        "dvar2": 1.01055645943,
        "max": 21.4127502441,
        "mean": 1.24220561981,
        "median": 1.01874351501,
        "min": -1.29217922688,
        "var": 1.46158111095
    },
    "spectral_rms": {
        "dmean": 0.00106001622044,
        "dmean2": 0.00148195098154,
        "dvar": 1.55346458541e-06,
        "dvar2": 3.03506180899e-06,
        "max": 0.0158884562552,
        "mean": 0.00710571417585,
        "median": 0.00712671456859,
        "min": 3.32098281167e-12,
        "var": 7.97171651357e-06
    },
    "spectral_rolloff": {
        "dmean": 1480.33605957,
        "dmean2": 2389.67333984,
        "dvar": 4422651,
        "dvar2": 9082465,
        "max": 19078.4179688,
        "mean": 3815.63256836,
        "median": 3014.6484375,
        "min": 21.533203125,
        "var": 12834975
    },
    "spectral_skewness": {
        "dmean": 0.122374214232,
        "dmean2": 0.184890061617,
        "dvar": 0.0165616218001,
        "dvar2": 0.035634085536,
        "max": 4.26089811325,
        "mean": 0.996140301228,
        "median": 0.995556175709,
        "min": -0.446829736233,
        "var": 0.0775259509683
    },
    "spectral_spread": {
        "dmean": 825619.9375,
        "dmean2": 1216970.5,
        "dvar": 940434128896,
        "dvar2": 1.63191219814e+12,
        "max": 40808944,
        "mean": 7962330,
        "median": 7871475,
        "min": 2106661.75,
        "var": 4.4499379159e+12
    },
    "spectral_strongpeak": {
        "dmean": 0.401989579201,
        "dmean2": 0.670529544353,
        "dvar": 0.926930606365,
        "dvar2": 2.62333965302,
        "max": 14.5152759552,
        "mean": 0.744789659977,
        "median": 0.425590217113,
        "min": 0,
        "var": 0.995894193649
    },
    "zerocrossingrate": {
        "dmean": 0.0241167899221,
        "dmean2": 0.0286176670343,
        "dvar": 0.00070099713048,
        "dvar2": 0.000944557308685,
        "max": 0.55419921875,
        "mean": 0.130037501454,
        "median": 0.11572265625,
        "min": 0.00146484375,
        "var": 0.00558853382245
    },
    "barkbands": {
        "dmean": [0.00232919678092, 0.0102028502151, 0.00295545882545, 0.002758939052, 0.00177806115244, 0.00103716901504, 0.000862555985805, 0.000470693339594, 0.000445790792583, 0.000457270158222, 0.000376456882805, 0.000318737118505, 0.000332490395522, 0.000356562901288, 0.000308168964693, 0.000290237105219, 0.000339312828146, 0.000361500453437, 0.000337652658345, 0.000401416647946, 0.000384961575037, 0.000417574890889, 0.000417801580625, 0.000659343262669, 0.000519802444614, 0.000343592750141, 8.14411905594e-05],
        "dmean2": [0.00351091474295, 0.0141961658373, 0.00497255753726, 0.00444758636877, 0.00301674916409, 0.00168582226615, 0.00140285189264, 0.000754609063733, 0.000725405465346, 0.000737604685128, 0.000616418197751, 0.000520400586538, 0.000559699896257, 0.000601668842137, 0.00052210688591, 0.000496716762427, 0.000570695498027, 0.00061056681443, 0.000564471643884, 0.000671015295666, 0.000647174660116, 0.000706199323758, 0.000687220133841, 0.00108380068559, 0.000845022150315, 0.0005401247181, 0.000131743741804],
        "dvar": [2.90856987704e-05, 0.000375410076231, 9.99073163257e-05, 8.26141113066e-05, 2.30414116231e-05, 4.1871189751e-06, 3.29909426e-06, 1.32057357405e-06, 1.18016521355e-06, 1.38162010899e-06, 6.96267022704e-07, 3.88368192716e-07, 5.15364149578e-07, 4.6364039008e-07, 3.66089977888e-07, 3.0547690244e-07, 3.36526539968e-07, 3.68675472373e-07, 3.01573265915e-07, 3.10059334652e-07, 2.69104361905e-07, 4.02143058409e-07, 2.61419899061e-07, 5.56897873594e-07, 3.92417831563e-07, 2.20703228138e-07, 1.26779360343e-08],
        "dvar2": [7.68684258219e-05, 0.000651479000226, 0.000263320660451, 0.000184176620678, 6.47433334962e-05, 1.03496986412e-05, 7.92748778622e-06, 2.99014527627e-06, 2.89689569399e-06, 3.2594498407e-06, 1.59485318818e-06, 8.46934483434e-07, 1.29652221403e-06, 1.20406116366e-06, 9.41291091294e-07, 7.8609883758e-07, 8.83873440216e-07, 9.85106225926e-07, 8.12870950995e-07, 8.34254308302e-07, 7.23164816918e-07, 1.08583219571e-06, 6.8057278213e-07, 1.5049195099e-06, 9.86762074717e-07, 4.77912863062e-07, 3.07101544195e-08],
        "max": [0.124752789736, 0.252631127834, 0.136088907719, 0.0925049185753, 0.0532897561789, 0.0321827046573, 0.0370605774224, 0.0232440773398, 0.0229829307646, 0.0322200916708, 0.0182325709611, 0.0225147381425, 0.0202477481216, 0.0120482081547, 0.014712754637, 0.0131141301244, 0.00992777943611, 0.0162895973772, 0.0100470716134, 0.0116202868521, 0.00789288058877, 0.0129895592108, 0.00955384410918, 0.0108510730788, 0.00949968677014, 0.00696375779808, 0.00143867731094],
        "mean": [0.00707799661905, 0.0295211169869, 0.00279765948653, 0.00253598461859, 0.00190305593424, 0.00160781526938, 0.00128944905009, 0.000586271693464, 0.000566770380829, 0.000593794509768, 0.000495357788168, 0.000420264841523, 0.000408722815337, 0.000437909126049, 0.000397585099563, 0.000386073399568, 0.000497908040415, 0.000569818890654, 0.000574330508243, 0.000761051778682, 0.000788178644143, 0.000888608861715, 0.00101101049222, 0.0015614409931, 0.00129558565095, 0.000816950574517, 0.000133651075885],
        "median": [0.00107435917016, 0.0198927819729, 0.000400394259486, 0.00023423761013, 0.000484962627525, 0.000387684034649, 0.000301304389723, 0.000159059098223, 0.000193836196559, 0.000190036327695, 0.000153313521878, 0.000185315875569, 0.000131773820613, 0.000190850929357, 0.00019352309755, 0.000218953398871, 0.000308111862978, 0.000396714865929, 0.000425805599662, 0.000609239737969, 0.000652478483971, 0.000735668872949, 0.000859587860759, 0.00135713699274, 0.00113888585474, 0.000630593218375, 8.23036680231e-05],
        "min": [2.43067734867e-23, 3.09957617603e-23, 7.01684754332e-24, 2.91350566105e-23, 5.24388029225e-23, 5.2461275992e-23, 4.27868436226e-23, 1.44458796428e-23, 7.24359851078e-23, 4.02547705107e-23, 3.04164380887e-23, 7.98887516653e-23, 5.53224744952e-23, 1.03804426848e-22, 1.00397841469e-22, 2.15111488884e-22, 1.70586033692e-22, 9.22708828276e-23, 2.50393867161e-22, 3.53421398546e-22, 3.86201510031e-22, 4.7174982751e-22, 7.73651313559e-22, 1.02944697203e-21, 1.442400636e-21, 1.92898417873e-21, 2.30238332193e-21],
        "var": [0.000105983956018, 0.00131038122345, 7.18292285455e-05, 8.3784245362e-05, 1.86344805115e-05, 9.12661016628e-06, 7.71242866904e-06, 2.07805533137e-06, 1.50816265432e-06, 2.03087301998e-06, 1.19418302802e-06, 7.32804210202e-07, 6.43248597498e-07, 5.16982197496e-07, 4.07406190561e-07, 3.51162270817e-07, 4.22499653041e-07, 4.42527465339e-07, 4.01874501677e-07, 4.67664705184e-07, 4.41764086645e-07, 6.10345409768e-07, 6.50942354241e-07, 1.48678964251e-06, 9.92170384961e-07, 6.00035946263e-07, 2.23699938573e-08]
    },
    "erbbands": {
        "dmean": [0.497039407492, 1.76089262962, 3.05007505417, 7.66266489029, 6.05681228638, 5.89691257477, 7.49585103989, 7.63433599472, 11.7047996521, 12.3099012375, 10.7512664795, 8.61200618744, 14.4093151093, 13.1338701248, 11.7327928543, 13.3275709152, 14.8553638458, 17.6946182251, 15.0065040588, 16.1872444153, 15.4260396957, 18.7539272308, 18.0913410187, 19.6000003815, 17.0903396606, 17.5241985321, 15.4137010574, 16.4074745178, 15.5424690247, 12.8314981461, 12.400390625, 14.9073266983, 11.1874485016, 6.77009868622, 4.07299566269, 2.00506782532, 0.599308669567, 0.136374339461, 0.0131375975907, 0.000189158017747],
        "dmean2": [0.675555050373, 2.4150686264, 4.89773750305, 12.2594547272, 10.1455125809, 9.83658027649, 11.8183612823, 12.6917514801, 18.7291183472, 20.0513973236, 17.6177196503, 14.0918941498, 23.4630775452, 21.0802154541, 19.424987793, 21.8004989624, 24.7249603271, 29.5592803955, 25.8267707825, 27.2834243774, 26.1532840729, 31.4146308899, 30.3749656677, 33.1196479797, 28.3038768768, 29.3821811676, 25.8993625641, 27.7622280121, 26.4770069122, 21.160697937, 20.42827034, 24.6187572479, 18.2657203674, 11.1775751114, 6.49205112457, 3.20552062988, 0.935840427876, 0.218495473266, 0.0212123896927, 0.000299753708532],
        "dvar": [0.746747493744, 17.5720233917, 105.278762817, 684.538513184, 285.48147583, 264.402130127, 242.106002808, 243.235122681, 563.140258789, 803.766723633, 724.81652832, 416.813720703, 1878.26342773, 1005.57403564, 641.551879883, 672.348083496, 994.953857422, 1169.30688477, 985.17590332, 853.70123291, 755.395996094, 1080.77050781, 1008.6338501, 1142.6730957, 628.492553711, 715.120178223, 418.589935303, 567.458068848, 587.422302246, 322.194854736, 250.825576782, 302.7003479, 155.173980713, 60.2834091187, 25.5552444458, 7.53184938431, 0.699714004993, 0.03472764045, 0.000341001636116, 6.81430591953e-08],
        "dvar2": [1.25556027889, 33.0496711731, 268.915252686, 1518.0123291, 792.791320801, 725.641967773, 575.683532715, 617.842102051, 1287.32897949, 1917.25720215, 1824.5267334, 1008.98406982, 4681.15136719, 2259.15014648, 1547.74560547, 1456.46838379, 2473.84033203, 3026.47509766, 2703.43188477, 2225.98901367, 1969.71398926, 2829.12084961, 2669.76489258, 3059.30541992, 1640.24951172, 1955.51831055, 1116.77954102, 1558.84790039, 1598.91040039, 869.648071289, 668.382568359, 822.711364746, 410.350860596, 158.183990479, 62.7529983521, 17.3250350952, 1.53822696209, 0.0827927142382, 0.000821675930638, 1.60476844258e-07],
        "max": [10.4001922607, 62.2208786011, 150.333557129, 261.046661377, 204.953125, 209.063949585, 310.901763916, 281.277526855, 494.175476074, 678.885620117, 563.985473633, 503.278778076, 1361.07568359, 787.05078125, 725.061767578, 843.662475586, 1103.73449707, 644.665344238, 693.597717285, 457.172454834, 531.491882324, 617.800415039, 855.679626465, 631.388000488, 512.808105469, 735.966796875, 270.942138672, 321.242523193, 377.248321533, 405.210388184, 326.350738525, 301.244354248, 181.437042236, 130.843582153, 74.2409591675, 34.454246521, 13.9743328094, 2.42552924156, 0.237581297755, 0.00342027749866],
        "mean": [1.57497417927, 3.72078442574, 3.47598171234, 7.28657722473, 6.23677539825, 6.2951259613, 11.3233261108, 11.160782814, 18.2238731384, 16.2485332489, 13.7149200439, 11.3598403931, 18.5173625946, 18.8477058411, 15.3483514786, 18.3111171722, 19.5311527252, 22.7994098663, 19.41248703, 21.9650688171, 22.8419799805, 28.7063121796, 29.2250099182, 32.0478477478, 31.5017261505, 33.59425354, 31.0682430267, 33.1080513, 31.0122585297, 29.6338672638, 29.4553318024, 31.2489585876, 25.7629318237, 15.4787559509, 8.86811828613, 4.45258378983, 1.30751764774, 0.273011535406, 0.0208603944629, 0.000432378670666],
        "median": [0.855586588383, 1.94014894962, 0.79742282629, 1.03250479698, 1.2420334816, 1.51006042957, 2.36775255203, 3.27853298187, 4.41981649399, 4.04564714432, 4.83861732483, 4.31172609329, 5.86267566681, 6.8515753746, 5.84444570541, 8.48011207581, 7.76450204849, 10.8724393845, 10.4609956741, 12.3196678162, 14.8337259293, 18.494260788, 20.5934810638, 22.6812896729, 24.5673446655, 26.9259185791, 25.8803768158, 27.1320075989, 25.3523139954, 24.4203872681, 24.8965244293, 26.1229743958, 22.1083011627, 13.7633123398, 7.38437366486, 3.39235043526, 0.950279057026, 0.199765503407, 0.012180137448, 0.000326854933519],
        "min": [1.82654141416e-21, 3.50143614589e-21, 9.50502255892e-21, 7.38988037359e-20, 1.68190052339e-19, 9.21439588188e-20, 3.64005455596e-19, 4.13681270295e-19, 4.58551243183e-19, 6.12349192969e-19, 6.11512344683e-19, 1.60076116218e-18, 9.62931187433e-19, 1.90550897551e-18, 1.2398035311e-18, 4.17258397344e-18, 2.3203189596e-18, 3.38841303043e-18, 5.90285142746e-18, 8.66074810391e-18, 1.10269933719e-17, 9.54974640518e-18, 4.64725743205e-18, 1.12011148908e-17, 1.53459754925e-17, 1.45524313523e-17, 1.2787941782e-17, 1.68916385676e-17, 1.4737053102e-17, 2.15101254172e-17, 2.35597863309e-17, 1.82157876378e-17, 2.00207288217e-17, 1.29516292447e-17, 1.13637096479e-17, 7.30000621776e-18, 3.18587289436e-18, 1.39828358165e-18, 3.63685517644e-19, 3.30760220209e-20],
        "var": [3.51983642578, 42.7672653198, 87.5690002441, 676.984375, 225.142547607, 226.290420532, 555.602600098, 426.810943604, 1515.43273926, 1357.43017578, 867.611206055, 558.621887207, 2250.46557617, 1720.47607422, 1006.46813965, 1241.72741699, 1324.31982422, 1319.0345459, 902.16973877, 959.155212402, 891.22833252, 1382.55041504, 1219.40014648, 1432.03942871, 950.044189453, 981.053588867, 651.456115723, 817.674682617, 777.666381836, 691.741455078, 554.530395508, 663.485473633, 424.296142578, 145.454849243, 56.1839904785, 18.0703811646, 1.83204638958, 0.0697351768613, 0.000584926339798, 1.34737149438e-07]
    },
    "gfcc": {
        "mean": [55.433139801, -4.09778118134, -86.3369750977, 39.7576408386, -56.2642021179, 23.533624649, -37.0741271973, 18.2893505096, -22.6702156067, 13.0316495895, -12.7573127747, 9.46560096741, -11.1196241379],
        "cov": [[6721.91992188, -43.5259971619, 356.800201416, -104.226325989, 23.7338542938, 154.762634277, 71.2438812256, 105.739776611, -2.62257266045, 121.460525513, -34.9155769348, 81.5031661987, -56.6152572632], [-43.5259971619, 1197.83642578, 533.389343262, 404.075042725, 234.189559937, 159.36126709, 185.467102051, 100.060592651, 162.290267944, 37.1633644104, 78.546585083, 7.35635662079, 60.5435028076], [356.800201416, 533.389343262, 1868.5065918, 1080.87475586, 733.025085449, 576.243225098, 317.749755859, 186.577178955, 76.8510971069, 34.6759300232, -4.85087394714, -34.8293952942, -8.12185955048], [-104.226325989, 404.075042725, 1080.87475586, 1042.20629883, 625.909973145, 492.925506592, 240.623519897, 105.386726379, 59.9823646545, 7.48625278473, 13.2009468079, -49.1361236572, 8.74159526825], [23.7338542938, 234.189559937, 733.025085449, 625.909973145, 718.144104004, 502.160766602, 354.821838379, 165.625320435, 96.1028137207, 61.4073753357, 27.2430496216, -22.8159980774, -9.72722148895], [154.762634277, 159.36126709, 576.243225098, 492.925506592, 502.160766602, 555.537902832, 347.854125977, 228.743865967, 111.788902283, 67.8026046753, 24.9712657928, -24.9252586365, -3.79463505745], [71.2438812256, 185.467102051, 317.749755859, 240.623519897, 354.821838379, 347.854125977, 389.731018066, 235.696746826, 163.761611938, 81.9753189087, 48.1955528259, 8.34879970551, 19.4057617188], [105.739776611, 100.060592651, 186.577178955, 105.386726379, 165.625320435, 228.743865967, 235.696746826, 271.771087646, 155.518386841, 90.1654281616, 48.7717056274, 21.3908023834, 22.5928077698], [-2.62257266045, 162.290267944, 76.8510971069, 59.9823646545, 96.1028137207, 111.788902283, 163.761611938, 155.518386841, 200.754211426, 110.229995728, 77.684387207, 27.9585590363, 37.5665092468], [121.460525513, 37.1633644104, 34.6759300232, 7.48625278473, 61.4073753357, 67.8026046753, 81.9753189087, 90.1654281616, 110.229995728, 132.194396973, 81.1395950317, 44.2631454468, 21.6300354004], [-34.9155769348, 78.546585083, -4.85087394714, 13.2009468079, 27.2430496216, 24.9712657928, 48.1955528259, 48.7717056274, 77.684387207, 81.1395950317, 121.325485229, 76.6923065186, 59.731048584], [81.5031661987, 7.35635662079, -34.8293952942, -49.1361236572, -22.8159980774, -24.9252586365, 8.34879970551, 21.3908023834, 27.9585590363, 44.2631454468, 76.6923065186, 112.614044189, 79.6628875732], [-56.6152572632, 60.5435028076, -8.12185955048, 8.74159526825, -9.72722148895, -3.79463505745, 19.4057617188, 22.5928077698, 37.5665092468, 21.6300354004, 59.731048584, 79.6628875732, 120.287216187]],
        "icov": [[0.000170867599081, -2.64581867668e-05, -6.9506422733e-05, 8.60575310071e-05, 8.52074081195e-05, -0.000150961976033, 4.01734678235e-06, 3.26875087922e-05, 9.14573392947e-05, -0.000321745494148, 0.00037677664659, -0.00042335310718, 0.000200704671443], [-2.64581867668e-05, 0.00121604965534, -0.000266066956101, -0.000281392363831, 7.61466653785e-05, 0.000445270066848, -0.000423794786911, 0.000280144857243, -0.00112282019109, 0.000959988276009, -0.000989761669189, 0.000645865453407, -0.000344292580849], [-6.9506422733e-05, -0.000266066956101, 0.00157195387874, -0.00143139332067, -0.000340575585142, 0.000115787624964, 0.000111532972369, -0.000626444758382, 0.000460348441266, -0.000537291693036, 0.00108339369763, -0.000948620203417, 0.000430254935054], [8.60575310071e-05, -0.000281392363831, -0.00143139332067, 0.00416365638375, -0.001724327798, -0.00188627443276, 0.00176170107443, 0.000794967985712, -0.000932604889385, 0.0015910101356, -0.00155191530939, 0.0018755850615, -0.00131591840181], [8.52074081195e-05, 7.61466653785e-05, -0.000340575585142, -0.001724327798, 0.00617916649207, -0.00242983410135, -0.00361294718459, 0.00220231711864, 0.000863961875439, -0.00161359109916, 0.000429219478974, -0.00110907410271, 0.0012380592525], [-0.000150961976033, 0.000445270066848, 0.000115787624964, -0.00188627443276, -0.00242983410135, 0.00884430296719, -0.00344125670381, -0.00358942337334, 0.0028111836873, -0.00139440561179, -0.000688330910634, 0.00262313708663, -0.0008610393852], [4.01734678235e-06, -0.000423794786911, 0.000111532972369, 0.00176170107443, -0.00361294718459, -0.00344125670381, 0.0116039384156, -0.0038829986006, -0.00453527411446, 0.00291255163029, 4.84156189486e-05, -0.000808694050647, -4.45569385192e-05], [3.26875087922e-05, 0.000280144857243, -0.000626444758382, 0.000794967985712, 0.00220231711864, -0.00358942337334, -0.0038829986006, 0.0118799349293, -0.00533859850839, -0.000911676092073, 0.00185749458615, -0.00222176243551, 0.000614527671132], [9.14573392947e-05, -0.00112282019109, 0.000460348441266, -0.000932604889385, 0.000863961875439, 0.0028111836873, -0.00453527411446, -0.00533859850839, 0.0184718277305, -0.010311672464, -0.00274538993835, 0.00600638659671, -0.00392923643813], [-0.000321745494148, 0.000959988276009, -0.000537291693036, 0.0015910101356, -0.00161359109916, -0.00139440561179, 0.00291255163029, -0.000911676092073, -0.010311672464, 0.0231406632811, -0.0105796689168, -0.00276643154211, 0.00488529307768], [0.00037677664659, -0.000989761669189, 0.00108339369763, -0.00155191530939, 0.000429219478974, -0.000688330910634, 4.84156189486e-05, 0.00185749458615, -0.00274538993835, -0.0105796689168, 0.0261833239347, -0.0133287431672, -0.000897019752301], [-0.00042335310718, 0.000645865453407, -0.000948620203417, 0.0018755850615, -0.00110907410271, 0.00262313708663, -0.000808694050647, -0.00222176243551, 0.00600638659671, -0.00276643154211, -0.0133287431672, 0.0293565467, -0.0143856108189], [0.000200704671443, -0.000344292580849, 0.000430254935054, -0.00131591840181, 0.0012380592525, -0.0008610393852, -4.45569385192e-05, 0.000614527671132, -0.00392923643813, 0.00488529307768, -0.000897019752301, -0.0143856108189, 0.0189918726683]]
    },
    "melbands": {
        "dmean": [0.00350637850352, 0.00169161346275, 0.00120224175043, 0.000428828323493, 0.000248318072408, 0.000184870426892, 0.00017595681129, 0.000126153812744, 9.61582336458e-05, 5.21017755091e-05, 7.29342282284e-05, 5.27816882823e-05, 4.33590830653e-05, 3.09885726892e-05, 4.25724356319e-05, 3.14983517455e-05, 3.54744224751e-05, 2.49810364039e-05, 2.51824094448e-05, 2.19819066842e-05, 1.85360149771e-05, 2.13136154343e-05, 1.81354062079e-05, 1.63435142895e-05, 1.72585096152e-05, 1.2516267816e-05, 1.4837362869e-05, 1.26327095131e-05, 1.04196997199e-05, 1.08018739411e-05, 1.01751747934e-05, 1.01146824818e-05, 8.3955910668e-06, 7.51862626203e-06, 7.98497148935e-06, 9.39056462812e-06, 9.90973603621e-06, 9.41245161812e-06, 8.26682116895e-06, 5.96597328695e-06],
        "dmean2": [0.00487084733322, 0.0024698949419, 0.00191189709585, 0.000731930544134, 0.000392293382902, 0.00030450662598, 0.00028251556796, 0.00020303070778, 0.000157303264132, 8.56100814417e-05, 0.000118445088447, 8.48368435982e-05, 7.22325348761e-05, 5.10645986651e-05, 7.00446544215e-05, 5.27943702764e-05, 5.94096709392e-05, 4.33938002971e-05, 4.23068413511e-05, 3.74746996386e-05, 3.14660901495e-05, 3.61113852705e-05, 3.03657161567e-05, 2.78740226349e-05, 2.923647844e-05, 2.10947564483e-05, 2.48525557254e-05, 2.1292213205e-05, 1.75498698809e-05, 1.83371193998e-05, 1.71934061655e-05, 1.73908447323e-05, 1.41323289427e-05, 1.2496006093e-05, 1.33197727337e-05, 1.54499957716e-05, 1.65457822732e-05, 1.55727975653e-05, 1.37617671498e-05, 9.85744009085e-06],
        "dvar": [3.84448103432e-05, 2.08473284147e-05, 1.41610271385e-05, 1.4907577679e-06, 2.56055272985e-07, 1.32787533857e-07, 1.28668787625e-07, 8.70200835834e-08, 6.70682496207e-08, 1.43514835571e-08, 4.70364973637e-08, 1.61612465632e-08, 8.28725443824e-09, 3.45623396569e-09, 7.65759100574e-09, 5.01106223183e-09, 4.9283257475e-09, 3.03615865782e-09, 2.55506860114e-09, 1.99819361058e-09, 1.15089870967e-09, 1.49757084511e-09, 1.0695588859e-09, 7.47285178182e-10, 9.06976327375e-10, 4.21787799132e-10, 4.11295081326e-10, 4.05191602493e-10, 1.9779468341e-10, 2.10127998335e-10, 2.19865251005e-10, 2.61240418187e-10, 1.38823494367e-10, 9.90861698247e-11, 1.06045679182e-10, 1.16779863557e-10, 1.33335523178e-10, 1.12540948782e-10, 8.92639781536e-11, 4.71489548792e-11],
        "dvar2": [6.47051638225e-05, 4.56679772469e-05, 3.13069940603e-05, 4.24022391599e-06, 6.29676947028e-07, 3.33543596298e-07, 2.99549725469e-07, 1.99884354402e-07, 1.69220982116e-07, 3.47602338024e-08, 1.16100501657e-07, 3.62090837314e-08, 2.01285779156e-08, 8.14787526338e-09, 1.70036216218e-08, 1.25114754113e-08, 1.26061037165e-08, 8.36587954467e-09, 6.33030872166e-09, 5.11198683384e-09, 3.02084379733e-09, 3.91040622105e-09, 2.81389378465e-09, 1.98583816058e-09, 2.43198083894e-09, 1.12891851423e-09, 1.07156683526e-09, 1.11205944453e-09, 5.28130816857e-10, 5.69676916751e-10, 6.03413430333e-10, 7.19907189417e-10, 3.68427122144e-10, 2.65612781769e-10, 2.86025814145e-10, 3.0887847835e-10, 3.69585528848e-10, 3.06484365664e-10, 2.34417013578e-10, 1.27970675723e-10],
        "max": [0.0778485313058, 0.0711661800742, 0.0369089432061, 0.0136498454958, 0.00950752664357, 0.0054659480229, 0.00670482870191, 0.00600583432242, 0.00600789301097, 0.00279880827293, 0.00670191226527, 0.00295284064487, 0.00206469604746, 0.00176920485683, 0.00328983040527, 0.00217476929538, 0.00146766391117, 0.0014315355802, 0.00121225649491, 0.00102522177622, 0.000614754157141, 0.000642706174403, 0.00115541322157, 0.000498438894283, 0.00058215635363, 0.000420343159931, 0.000328340422129, 0.000567562470678, 0.000247436080826, 0.000298603175906, 0.000225888245041, 0.000244025330176, 0.000237974629272, 0.000220283356612, 0.000184418357094, 0.000219235647819, 0.000174161585164, 0.000138765535667, 0.000126934290165, 0.000131565611809],
        "mean": [0.0108967823908, 0.00276562501676, 0.00118661427405, 0.000439068535343, 0.000361843325663, 0.00028134873719, 0.000272403849522, 0.000162963871844, 0.00011985214951, 6.76479176036e-05, 9.22251929296e-05, 7.46408477426e-05, 5.56454542675e-05, 4.05740756833e-05, 5.4312255088e-05, 3.90540371882e-05, 4.37458220404e-05, 2.98319446301e-05, 3.25365399476e-05, 2.81907960016e-05, 2.59969874605e-05, 3.05905778077e-05, 2.68579933618e-05, 2.51881883742e-05, 2.62461453531e-05, 2.07658213185e-05, 2.49315944529e-05, 2.20214697038e-05, 1.90954488062e-05, 1.9607879949e-05, 1.90097707673e-05, 1.78768241312e-05, 1.66731388163e-05, 1.60705822054e-05, 1.66838490259e-05, 1.83282609214e-05, 1.91142426047e-05, 1.83791253221e-05, 1.66430072568e-05, 1.16606242955e-05],
        "median": [0.00678507564589, 0.00102343375329, 0.000198388792342, 9.53327398747e-05, 8.31505603855e-05, 7.90426420281e-05, 6.59426732454e-05, 3.51395028702e-05, 3.83746119041e-05, 2.450397551e-05, 2.65033504547e-05, 2.43638169195e-05, 1.89958482224e-05, 1.80802308023e-05, 2.08886685868e-05, 1.1180655747e-05, 1.92548523046e-05, 1.37953484227e-05, 1.5244363567e-05, 1.44076884681e-05, 1.54762419697e-05, 1.80722363439e-05, 1.73586740857e-05, 1.73802200152e-05, 1.75486165972e-05, 1.53180244524e-05, 1.83585325431e-05, 1.67431517184e-05, 1.54594363266e-05, 1.51942977027e-05, 1.50001396833e-05, 1.41196624099e-05, 1.30436364998e-05, 1.30073140099e-05, 1.35940654218e-05, 1.49551951836e-05, 1.56736950885e-05, 1.50157329699e-05, 1.40323463711e-05, 9.84523467196e-06],
        "min": [1.29039003311e-23, 4.11017830865e-24, 1.39957808538e-23, 9.87311724362e-24, 1.0021966619e-23, 8.82814081261e-24, 8.23032860799e-24, 6.04372884659e-24, 6.69418923359e-24, 9.93276617211e-24, 4.36503323471e-24, 7.59166997457e-24, 3.53564302276e-24, 9.24327491967e-24, 1.00233013716e-23, 3.10953309949e-24, 6.51278593527e-24, 9.7791015898e-24, 9.44333793385e-24, 1.5779313319e-23, 1.16480645356e-23, 1.20680233159e-23, 3.83148716147e-24, 4.37207500158e-24, 9.7432186738e-24, 8.69333079479e-24, 1.32383607888e-23, 9.3113536158e-24, 7.66867857614e-24, 8.39166801805e-24, 9.29132680399e-24, 7.37579897672e-24, 1.11927561092e-23, 1.24823693509e-23, 1.48253501372e-23, 1.24433302025e-23, 9.55343451722e-24, 1.3721834705e-23, 1.30721627845e-23, 1.02661419461e-23],
        "var": [0.000161899020895, 3.12661213684e-05, 1.44139166878e-05, 1.09267784865e-06, 5.04235572407e-07, 2.55110023772e-07, 3.21675059922e-07, 1.48683199086e-07, 7.71193029436e-08, 1.96774223582e-08, 5.80895864744e-08, 2.78237948237e-08, 1.27110704184e-08, 5.22744336706e-09, 1.44718104167e-08, 6.54589538129e-09, 5.61408919353e-09, 2.7912923084e-09, 3.12713654971e-09, 2.26920793267e-09, 1.34497724069e-09, 1.91478055633e-09, 1.23020427178e-09, 8.9835311412e-10, 1.10793507702e-09, 5.47280831764e-10, 6.13210648925e-10, 5.07441366704e-10, 2.75532596739e-10, 3.39234002e-10, 3.0589683564e-10, 2.95786006799e-10, 2.60425098153e-10, 2.11089284941e-10, 2.03137326404e-10, 2.49572112976e-10, 2.69590516577e-10, 2.54841536762e-10, 1.94103219608e-10, 9.6801851257e-11]
    },
    "mfcc": {
        "mean": [-598.651733398, 38.7199211121, 22.4892234802, 20.6527462006, 10.3585128784, 6.8968038559, 5.07598400116, 5.14856910706, 1.97460317612, 4.12285852432, 2.33208823204, 5.49796533585, 2.8503177166],
        "cov": [[5620.82470703, 136.79624939, -172.825546265, -232.553253174, -186.121490479, -79.2860794067, -51.3427200317, -40.6608123779, 2.75062847137, -5.75906467438, 42.1611862183, 27.2917098999, -0.884681940079], [136.79624939, 883.614257812, 312.70916748, 190.491210938, 98.1916809082, 91.0844268799, 76.6279373169, 113.014007568, 113.8074646, 96.050201416, 96.9995422363, 57.893447876, 65.955619812], [-172.825546265, 312.70916748, 1221.1282959, 656.066894531, 560.39642334, 411.222320557, 318.460662842, 233.328857422, 182.951171875, 137.801025391, 76.0423049927, 54.6189651489, 7.94791698456], [-232.553253174, 190.491210938, 656.066894531, 629.950927734, 467.863525391, 371.897369385, 251.972610474, 165.857131958, 114.867889404, 87.5924301147, 55.6254920959, 38.4461784363, 9.28076934814], [-186.121490479, 98.1916809082, 560.39642334, 467.863525391, 555.108703613, 426.285095215, 334.08984375, 203.585845947, 157.327148438, 121.502593994, 80.3955535889, 69.9164047241, 17.1429157257], [-79.2860794067, 91.0844268799, 411.222320557, 371.897369385, 426.285095215, 474.281768799, 341.349395752, 215.599334717, 169.143981934, 141.015335083, 95.9103088379, 73.4198455811, 19.1182136536], [-51.3427200317, 76.6279373169, 318.460662842, 251.972610474, 334.08984375, 341.349395752, 377.79006958, 250.355285645, 198.850311279, 145.490753174, 103.080459595, 86.190612793, 34.2950325012], [-40.6608123779, 113.014007568, 233.328857422, 165.857131958, 203.585845947, 215.599334717, 250.355285645, 256.467193604, 194.272293091, 146.655517578, 93.556892395, 74.8231430054, 37.5077781677], [2.75062847137, 113.8074646, 182.951171875, 114.867889404, 157.327148438, 169.143981934, 198.850311279, 194.272293091, 225.836166382, 163.078231812, 111.543884277, 77.1913070679, 44.4708023071], [-5.75906467438, 96.050201416, 137.801025391, 87.5924301147, 121.502593994, 141.015335083, 145.490753174, 146.655517578, 163.078231812, 186.251205444, 120.746009827, 88.743927002, 42.5377311707], [42.1611862183, 96.9995422363, 76.0423049927, 55.6254920959, 80.3955535889, 95.9103088379, 103.080459595, 93.556892395, 111.543884277, 120.746009827, 145.279159546, 95.8751373291, 54.5242118835], [27.2917098999, 57.893447876, 54.6189651489, 38.4461784363, 69.9164047241, 73.4198455811, 86.190612793, 74.8231430054, 77.1913070679, 88.743927002, 95.8751373291, 120.684089661, 64.3324203491], [-0.884681940079, 65.955619812, 7.94791698456, 9.28076934814, 17.1429157257, 19.1182136536, 34.2950325012, 37.5077781677, 44.4708023071, 42.5377311707, 54.5242118835, 64.3324203491, 97.3561401367]],
