{
"lowlevel": {
    "average_loudness": 0.858322739601,
    "barkbands_crest": {
        "dmean": 3.18210411072,
        "dmean2": 4.83084630966,
        "dvar": 11.1973352432,
        "dvar2": 25.2124938965,
        "max": 26.927904129,
        "mean": 15.3713245392,
        "median": 15.7324504852,
        "min": 2.15767931938,
        "var": 36.1377067566
    },
    "barkbands_flatness_db": {
        "dmean": 0.0374474562705,
        "dmean2": 0.0528149865568,
        "dvar": 0.00217425473966,
        "dvar2": 0.00362575612962,
        "max": 0.682570457458,
        "mean": 0.172499626875,
        "median": 0.129002958536,
        "min": 0.0126541508362,
        "var": 0.0143569316715
    },
    "barkbands_kurtosis": {
        "dmean": 15.8671884537,
        "dmean2": 22.8732452393,
        "dvar": 3632.56103516,
        "dvar2": 7595.64306641,
        "max": 1827.11938477,
        "mean": 28.3415184021,
        "median": 2.73808503151,
        "min": -1.9700717926,
        "var": 13971.7929688
    },
    "barkbands_skewness": {
        "dmean": 1.14141488075,
        "dmean2": 1.65308761597,
        "dvar": 2.96129608154,
        "dvar2": 5.84537410736,
        "max": 37.2271232605,
        "mean": 2.57246375084,
        "median": 1.8877903223,
        "min": -19.8210754395,
        "var": 9.65054512024
    },
    "barkbands_spread": {
        "dmean": 11.0357189178,
        "dmean2": 17.4808006287,
        "dvar": 224.185562134,
        "dvar2": 566.118896484,
        "max": 137.191238403,
        "mean": 33.6997642517,
        "median": 33.1384353638,
        "min": 0.0207818616182,
        "var": 534.785522461
    },
    "dissonance": {
        "dmean": 0.0196754988283,
        "dmean2": 0.0334391817451,
        "dvar": 0.00110633892473,
        "dvar2": 0.00321700051427,
        "max": 0.500000119209,
        "mean": 0.46667277813,
        "median": 0.4823371768,
        "min": 0.0745112001896,
        "var": 0.00243822834454
    },
    "dynamic_complexity": 2.87258982658,
    "erbbands_crest": {
        "dmean": 2.77604460716,
        "dmean2": 4.44273090363,
        "dvar": 9.83419418335,
        "dvar2": 21.633480072,
        "max": 33.5279006958,
        "mean": 8.97823047638,
        "median": 6.58552074432,
        "min": 2.01046729088,
        "var": 42.8417282104
    },
    "erbbands_flatness_db": {
        "dmean": 0.019871622324,
        "dmean2": 0.0292475093156,
        "dvar": 0.000603254535235,
        "dvar2": 0.00118841521908,
        "max": 0.626917004585,
        "mean": 0.143632516265,
        "median": 0.107129901648,
        "min": 0.0351259075105,
        "var": 0.00960793159902
    },
    "erbbands_kurtosis": {
        "dmean": 2.14148974419,
        "dmean2": 3.27028155327,
        "dvar": 73.1505432129,
        "dvar2": 162.67855835,
        "max": 314.626586914,
        "mean": 3.22264122963,
        "median": -0.412259817123,
        "min": -1.90593218803,
        "var": 274.131286621
    },
    "erbbands_skewness": {
        "dmean": 0.500550866127,
        "dmean2": 0.734017431736,
        "dvar": 0.415352284908,
        "dvar2": 0.903407275677,
        "max": 15.1297426224,
        "mean": 0.240395247936,
        "median": -0.0157218333334,
        "min": -4.49974822998,
        "var": 1.98971092701
    },
    "erbbands_spread": {
        "dmean": 15.0848960876,
        "dmean2": 21.8905639648,
        "dvar": 411.767150879,
        "dvar2": 821.624572754,
        "max": 224.954559326,
        "mean": 58.810344696,
        "median": 53.1058273315,
        "min": 0.189866393805,
        "var": 1425.36999512
    },
    "hfc": {
        "dmean": 16.5462245941,
        "dmean2": 26.5848026276,
        "dvar": 601.177185059,
        "dvar2": 1511.08398438,
        "max": 210.842941284,
        "mean": 43.8080673218,
        "median": 40.7033119202,
        "min": 3.31844760004e-11,
        "var": 1120.23999023
    },
    "melbands_crest": {
        "dmean": 4.28903436661,
        "dmean2": 6.74147367477,
        "dvar": 22.7455539703,
        "dvar2": 54.4187507629,
        "max": 39.9798812866,
        "mean": 23.6048793793,
        "median": 25.4197883606,
        "min": 3.37674856186,
        "var": 58.8713798523
    },
    "melbands_flatness_db": {
        "dmean": 0.0441750474274,
        "dmean2": 0.0618624389172,
        "dvar": 0.00297298841178,
        "dvar2": 0.00515636755154,
        "max": 0.835907101631,
        "mean": 0.24122171104,
        "median": 0.205245643854,
        "min": 0.0164079163224,
        "var": 0.0190309137106
    },
    "melbands_kurtosis": {
        "dmean": 51.4734420776,
        "dmean2": 71.5993652344,
        "dvar": 19267.3945312,
        "dvar2": 31116.5722656,
        "max": 2868.83374023,
        "mean": 92.2403488159,
        "median": 21.5329666138,
        "min": -1.79029536247,
        "var": 49680.4296875
    },
    "melbands_skewness": {
        "dmean": 1.93312561512,
        "dmean2": 2.68451595306,
        "dvar": 8.98442745209,
        "dvar2": 14.0520992279,
        "max": 53.2966308594,
        "mean": 5.55794095993,
        "median": 4.11472940445,
        "min": -6.07124042511,
        "var": 32.779209137
    },
    "melbands_spread": {
        "dmean": 10.6593875885,
        "dmean2": 17.0232067108,
        "dvar": 256.604248047,
        "dvar2": 650.533996582,
        "max": 198.652313232,
        "mean": 24.2121582031,
        "median": 17.5379333496,
        "min": 0.0966116786003,
        "var": 550.168945312
    },
    "pitch_salience": {
        "dmean": 0.0974103063345,
        "dmean2": 0.14446093142,
        "dvar": 0.0106803206727,
        "dvar2": 0.0233339518309,
        "max": 0.906634569168,
        "mean": 0.389720469713,
        "median": 0.381877601147,
        "min": 0.00408166926354,
        "var": 0.0349837988615
    },
    "silence_rate_20dB": {
        "dmean": 0,
        "dmean2": 0,
        "dvar": 0,
        "dvar2": 0,
        "max": 1,
        "mean": 1,
        "median": 1,
        "min": 1,
        "var": 0
    },
    "silence_rate_30dB": {
        "dmean": 0.084273673594,
        "dmean2": 0.168571427464,
        "dvar": 0.0771711319685,
        "dvar2": 0.167598322034,
        "max": 1,
        "mean": 0.869180262089,
        "median": 1,
        "min": 0,
        "var": 0.113702245057
    },
    "silence_rate_60dB": {
        "dmean": 0.0254249386489,
        "dmean2": 0.0507142841816,
        "dvar": 0.0247782059014,
        "dvar2": 0.0598558075726,
        "max": 1,
        "mean": 0.0684090256691,
        "median": 0,
        "min": 0,
        "var": 0.0637316703796
    },
    "spectral_centroid": {
        "dmean": 379.219329834,
        "dmean2": 549.331298828,
        "dvar": 211868.171875,
        "dvar2": 433218.3125,
        "max": 7085.12646484,
        "mean": 1905.38098145,
        "median": 2076.66137695,
        "min": 79.7821578979,
        "var": 906562.375
    },
    "spectral_complexity": {
        "dmean": 5.66176271439,
        "dmean2": 8.5821428299,
        "dvar": 45.8493385315,
        "dvar2": 95.0849075317,
        "max": 54,
        "mean": 19.9540138245,
        "median": 20,
        "min": 0,
        "var": 182.045394897
    },
    "spectral_decrease": {
        "dmean": 4.38861080809e-09,
        "dmean2": 6.15535045156e-09,
        "dvar": 3.09959597124e-17,
        "dvar2": 5.9922922337e-17,
        "max": 7.53753309768e-11,
        "mean": -1.3016390632e-08,
        "median": -1.1091252361e-08,
        "min": -4.47818457872e-08,
        "var": 1.04973832092e-16
    },
    "spectral_energy": {
        "dmean": 0.0170414708555,
        "dmean2": 0.0238923374563,
        "dvar": 0.000454924884252,
        "dvar2": 0.000882775930222,
        "max": 0.176191180944,
        "mean": 0.0531003847718,
        "median": 0.0469394251704,
        "min": 3.34825771303e-15,
        "var": 0.00155725958757
    },
    "spectral_energyband_high": {
        "dmean": 0.00143447751179,
        "dmean2": 0.00231842161156,
        "dvar": 4.55197096016e-06,
        "dvar2": 1.13648329716e-05,
        "max": 0.0183986127377,
        "mean": 0.00343986041844,
        "median": 0.00306136114523,
        "min": 2.63864230894e-15,
        "var": 9.232314369e-06
    },
    "spectral_energyband_low": {
        "dmean": 0.0133236730471,
        "dmean2": 0.0188196320087,
        "dvar": 0.000408663414419,
        "dvar2": 0.000751128885895,
        "max": 0.163331195712,
        "mean": 0.0366973616183,
        "median": 0.0276072062552,
        "min": 8.53757793285e-17,
        "var": 0.00146949174814
    },
    "spectral_energyband_middle_high": {
        "dmean": 0.00204812595621,
        "dmean2": 0.00310503994115,
        "dvar": 7.39156075724e-06,
        "dvar2": 1.62420328707e-05,
        "max": 0.0348661020398,
        "mean": 0.00494631985202,
        "median": 0.00394807802513,
        "min": 5.43152465889e-16,
        "var": 2.25955827773e-05
    },
    "spectral_energyband_middle_low": {
        "dmean": 0.00642566941679,
        "dmean2": 0.009989480488,
        "dvar": 0.000182619813131,
        "dvar2": 0.000417566101532,
        "max": 0.169618457556,
        "mean": 0.00897819548845,
        "median": 0.00405296124518,
        "min": 4.81309399269e-17,
        "var": 0.000242843365413
    },
    "spectral_entropy": {
        "dmean": 0.216122999787,
        "dmean2": 0.311882048845,
        "dvar": 0.0881279930472,
        "dvar2": 0.173001423478,
        "max": 8.96605205536,
        "mean": 7.8342165947,
        "median": 8.20567512512,
        "min": 3.36563873291,
        "var": 0.820486545563
    },
    "spectral_flux": {
        "dmean": 0.0412570089102,
        "dmean2": 0.0625319480896,
        "dvar": 0.00233291625045,
        "dvar2": 0.0046176337637,
        "max": 0.413968294859,
        "mean": 0.110476523638,
        "median": 0.0901151001453,
        "min": 3.07711957248e-06,
        "var": 0.00560313323513
    },
    "spectral_kurtosis": {
        "dmean": 2.14493227005,
        "dmean2": 3.48911881447,
        "dvar": 91.4740142822,
        "dvar2": 258.059631348,
        "max": 319.070892334,
        "mean": 5.74225616455,
        "median": 1.75883126259,
        "min": -1.28245306015,
        "var": 379.653106689
    },
    "spectral_rms": {
        "dmean": 0.00125892634969,
        "dmean2": 0.00176267209463,
        "dvar": 2.30094997278e-06,
        "dvar2": 4.50074321634e-06,
        "max": 0.0131108285859,
        "mean": 0.00652096746489,
        "median": 0.00676716770977,
        "min": 1.80737180777e-09,
        "var": 9.28226018004e-06
    },
    "spectral_rolloff": {
        "dmean": 1382.73217773,
        "dmean2": 2338.75805664,
        "dvar": 5974540,
        "dvar2": 15493541,
        "max": 16903.5644531,
        "mean": 2243.03466797,
        "median": 947.4609375,
        "min": 21.533203125,
        "var": 8298820.5
    },
    "spectral_skewness": {
        "dmean": 0.222419261932,
        "dmean2": 0.344970017672,
        "dvar": 0.201028063893,
        "dvar2": 0.503254830837,
        "max": 14.1689014435,
        "mean": 1.47764348984,
        "median": 1.18553698063,
        "min": -0.0666088238358,
        "var": 1.59560453892
    },
    "spectral_spread": {
        "dmean": 938215,
        "dmean2": 1313057.5,
        "dvar": 1.43739348582e+12,
        "dvar2": 2.80015640986e+12,
        "max": 17853598,
        "mean": 7166303,
        "median": 7139008,
        "min": 321677.21875,
        "var": 8.93438132224e+12
    },
    "spectral_strongpeak": {
        "dmean": 0.36533793807,
        "dmean2": 0.596007883549,
        "dvar": 0.699080526829,
        "dvar2": 1.82110774517,
        "max": 18.2957553864,
        "mean": 0.762342870235,
        "median": 0.569143235683,
        "min": 0,
        "var": 0.86653894186
    },
    "zerocrossingrate": {
        "dmean": 0.0210795775056,
        "dmean2": 0.0261789206415,
        "dvar": 0.000646699802019,
        "dvar2": 0.000920663645957,
        "max": 0.609375,
        "mean": 0.0866248756647,
        "median": 0.07421875,
        "min": 0.00048828125,
        "var": 0.00327572016977
    },
    "barkbands": {
        "dmean": [0.00173687387723, 0.0115910014138, 0.00506210606545, 0.00272813951597, 0.00257984409109, 0.000863825785927, 0.00105106178671, 0.000316356570693, 0.000396243471187, 0.000541658024304, 0.000310274073854, 0.000358089775546, 0.000338091806043, 0.000245250266744, 0.000273174460744, 0.000307609763695, 0.00027865145239, 0.000290812837193, 0.000218762972509, 0.000203460032935, 0.000263553956756, 0.000191584957065, 0.000221623689868, 0.000291855685646, 0.000259649037616, 0.000344044790836, 0.000145169717143],
        "dmean2": [0.00277115334757, 0.0154949016869, 0.00801624730229, 0.00486825080588, 0.0039668334648, 0.00134646508377, 0.0016308358172, 0.000499119341839, 0.000637246179394, 0.000839557964355, 0.00044410652481, 0.000555851787794, 0.000564138230402, 0.000395946379285, 0.000445620127721, 0.000486122939037, 0.00045013971976, 0.00044125536806, 0.00034878301085, 0.000321959523717, 0.000412668217905, 0.000308575574309, 0.000354102434358, 0.00048059024266, 0.000425073871156, 0.000576313177589, 0.0002341534273],
        "dvar": [1.2544677702e-05, 0.00031618741923, 0.000207239791052, 9.75749717327e-05, 8.25542301754e-05, 3.99287546315e-06, 4.52527137895e-06, 1.02002513813e-06, 7.55822156862e-07, 1.24708299154e-06, 4.45083941258e-07, 5.00694341099e-07, 3.24831262333e-07, 2.16710375867e-07, 2.14007528143e-07, 2.93539841323e-07, 2.31482431445e-07, 3.73654359009e-07, 8.9604121456e-08, 8.04724180625e-08, 4.13076634231e-07, 5.9133387964e-08, 8.16201293219e-08, 1.77528391987e-07, 1.35675122692e-07, 4.58314076468e-07, 9.97475595454e-08],
        "dvar2": [3.3771568269e-05, 0.000514214450959, 0.000496817694511, 0.000270635762718, 0.000169177321368, 8.27871554065e-06, 9.9783319456e-06, 2.06194954444e-06, 1.83300608114e-06, 2.70849659501e-06, 8.52967104947e-07, 1.1150239061e-06, 8.53497226672e-07, 5.15233182341e-07, 5.49822289031e-07, 6.41153462766e-07, 5.43405406006e-07, 7.17142199846e-07, 2.00866892897e-07, 1.94370898043e-07, 9.24585663142e-07, 1.43550721532e-07, 2.06122905411e-07, 4.48280303544e-07, 3.3836894886e-07, 1.18188756915e-06, 2.53611830203e-07],
        "max": [0.042451351881, 0.137944191694, 0.104189366102, 0.0903145223856, 0.166943177581, 0.0364789254963, 0.0400258898735, 0.0337814390659, 0.0149547625333, 0.0196682419628, 0.0135837085545, 0.00968695990741, 0.00986086949706, 0.00724841607735, 0.00799274630845, 0.00839931610972, 0.00797741301358, 0.0123362848535, 0.00590090826154, 0.00569064216688, 0.0144102778286, 0.0059407427907, 0.00337013532408, 0.00488930474967, 0.00433733128011, 0.00612416910008, 0.00328552816063],
        "mean": [0.00289143924601, 0.0276316236705, 0.00526740401983, 0.00217853416689, 0.00304182735272, 0.00122797919903, 0.0015449563507, 0.000400368095143, 0.000504697265569, 0.000760957074817, 0.00048125628382, 0.000488701625727, 0.000470508035505, 0.000335977674695, 0.000374915194698, 0.000481247639982, 0.000452618376585, 0.000513962295372, 0.000412412482547, 0.000406292325351, 0.000513666775078, 0.000436192436609, 0.000481389579363, 0.000594896264374, 0.000584195135161, 0.000478590402054, 0.000143619647133],
        "median": [0.00103593897074, 0.015033794567, 0.000441766955191, 0.000133471592562, 0.000345449836459, 0.000147371218191, 0.000290324387606, 6.25050161034e-05, 0.00010765119805, 0.000228697463172, 8.81992309587e-05, 0.000107273139292, 0.000238568318309, 0.000148332328536, 0.000203539675567, 0.000232745602261, 0.000277951883618, 0.000255942926742, 0.000279338360997, 0.000311281357426, 0.000374800758436, 0.000363729603123, 0.000382870755857, 0.000475859444123, 0.000491108628921, 0.00031468947418, 4.09962594858e-05],
        "min": [4.58219612e-17, 4.79172361613e-17, 1.25576695887e-17, 3.7482444551e-18, 5.67670686543e-18, 3.52288530107e-18, 6.20663392101e-19, 6.82374043647e-18, 1.88687474698e-17, 2.50335326692e-17, 2.58794704294e-17, 2.25633761455e-17, 4.37241716095e-17, 6.85855977718e-18, 4.81020084578e-17, 1.14868374674e-16, 3.40763472263e-17, 7.53809956917e-17, 6.93639317148e-17, 1.55123668431e-16, 1.36784293393e-16, 2.1067592723e-16, 1.71481264306e-16, 3.00968593851e-16, 3.9533356989e-16, 6.32504595066e-16, 7.31303629764e-16],
        "var": [2.06751738006e-05, 0.00109057722148, 0.000202154435101, 6.74336843076e-05, 0.000132060988108, 9.12704945222e-06, 9.51597121457e-06, 2.10134271583e-06, 1.11250233203e-06, 2.20076958612e-06, 1.20563913697e-06, 9.73839291873e-07, 4.76741149669e-07, 2.95394585237e-07, 2.90688404903e-07, 6.78121352848e-07, 4.66427394485e-07, 9.50032926994e-07, 2.41815683921e-07, 1.92474345795e-07, 6.24420636086e-07, 1.802225853e-07, 2.18523325657e-07, 3.68747009816e-07, 2.93310961297e-07, 4.32960774788e-07, 8.64651852339e-08]
    },
    "erbbands": {
        "dmean": [0.483696103096, 2.18493723869, 5.26084661484, 8.07871246338, 8.6222486496, 9.54323387146, 5.27637815475, 8.40442085266, 15.57791996, 10.5853471756, 5.73736953735, 8.67153549194, 9.24485206604, 19.9963378906, 13.7821264267, 12.8291168213, 15.306353569, 12.4388237, 14.6817855835, 11.5122880936, 18.5974121094, 13.9749689102, 13.4301576614, 13.6337985992, 10.8112182617, 9.94242191315, 9.84461021423, 9.85113334656, 6.98876857758, 7.21200227737, 6.42632865906, 6.05869436264, 4.80379676819, 3.36140060425, 1.8052226305, 1.45244717598, 0.673760592937, 0.202041968703, 0.0222436506301, 0.000312677875627],
        "dmean2": [0.642598569393, 2.89154028893, 7.49853944778, 13.9406852722, 14.1773042679, 15.1917390823, 8.70082855225, 12.8712749481, 24.2278652191, 16.0906925201, 9.4298582077, 13.9757585526, 14.7890863419, 30.1572418213, 20.2792072296, 20.3274822235, 25.4495315552, 20.1692390442, 23.8991069794, 18.4060211182, 29.3867321014, 22.4948978424, 20.7564601898, 20.839515686, 17.3021621704, 15.8173952103, 15.7028207779, 15.448059082, 11.1866769791, 11.7362508774, 10.3800363541, 9.80819988251, 7.98274421692, 5.56142473221, 2.99516415596, 2.46065092087, 1.13233816624, 0.317573070526, 0.0358752347529, 0.00049812864745],
        "dvar": [0.550017774105, 15.9160232544, 162.324737549, 749.536804199, 721.25958252, 1384.79492188, 407.938934326, 404.447906494, 1032.50476074, 825.413696289, 206.118087769, 410.350158691, 248.157577515, 1696.43664551, 599.587219238, 583.739440918, 706.469726562, 578.132629395, 604.539916992, 615.584350586, 1162.70300293, 487.025848389, 581.112915039, 714.961669922, 205.761566162, 201.286605835, 286.141113281, 499.65020752, 81.5932922363, 86.0722122192, 69.0459213257, 75.5606613159, 46.3635520935, 23.0013237, 6.40493869781, 7.02430915833, 1.90398585796, 0.169736683369, 0.00230019143783, 4.23957800422e-07],
        "dvar2": [1.04666018486, 21.4689826965, 347.944976807, 2024.06445312, 1666.72167969, 2838.3972168, 1071.46704102, 794.885742188, 2367.76367188, 1638.41601562, 496.700714111, 1000.69708252, 609.188720703, 3490.4777832, 1228.93737793, 1369.3223877, 1873.86999512, 1411.77990723, 1579.78320312, 1502.91162109, 2481.49169922, 1186.58630371, 1238.75842285, 1334.48730469, 515.639099121, 491.414611816, 637.758972168, 1154.23657227, 202.308654785, 217.319610596, 178.311981201, 177.781341553, 120.066581726, 58.6809692383, 16.3757514954, 18.3132209778, 4.98035430908, 0.418810665607, 0.00578877143562, 1.06573975245e-06],
        "max": [8.02938938141, 32.3120651245, 99.6511611938, 225.490447998, 381.239349365, 714.777709961, 456.442321777, 425.561065674, 734.95526123, 683.350769043, 443.225372314, 375.946624756, 165.374786377, 766.343811035, 361.496582031, 341.176757812, 458.255493164, 343.881896973, 480.660369873, 495.421661377, 566.547607422, 333.971984863, 332.928131104, 695.25958252, 156.865219116, 328.923828125, 343.144042969, 470.790863037, 260.639984131, 144.770217896, 94.759223938, 129.757873535, 73.7673721313, 51.0867271423, 30.8745975494, 24.9000148773, 12.4164686203, 4.14322042465, 0.469942182302, 0.0063237240538],
        "mean": [1.1281324625, 4.79320859909, 6.84612083435, 7.02332019806, 9.12587833405, 10.6134672165, 5.94117450714, 12.5840349197, 23.0976486206, 15.935008049, 7.38348531723, 10.8296442032, 13.2756786346, 30.7541599274, 21.9680538177, 18.407623291, 21.5631980896, 17.7690372467, 20.8162193298, 17.3781776428, 30.315076828, 24.1105861664, 24.8662586212, 26.1808052063, 21.0937576294, 19.7555007935, 20.0541496277, 18.789604187, 15.5313653946, 15.4831314087, 13.469865799, 12.5958566666, 9.5543346405, 6.80199575424, 3.98740148544, 2.20177507401, 0.853169977665, 0.240209132433, 0.0219120196998, 0.000390866218368],
        "median": [0.461819112301, 2.18191432953, 1.15880453587, 0.844197750092, 0.938472032547, 1.03090131283, 1.03307163715, 1.97643589973, 5.29300308228, 3.53718686104, 2.15104722977, 2.60755681992, 5.55648088455, 10.4973163605, 6.32622718811, 6.63703775406, 10.9595594406, 8.4606628418, 11.0792636871, 10.439540863, 14.2520523071, 16.1805152893, 14.6923208237, 15.0085773468, 15.7595891953, 15.0721187592, 15.0739688873, 13.8771247864, 12.8788223267, 12.3841629028, 10.7484807968, 9.86379814148, 7.6965045929, 5.52954006195, 3.43090438843, 1.55677103996, 0.505042076111, 0.1066275388, 0.00560482172295, 0.000192024250282],
        "min": [2.08071441207e-15, 8.36738362923e-15, 1.55117838198e-14, 1.43351855993e-14, 1.09074490908e-14, 2.13353470904e-14, 3.37541613041e-14, 2.50148497429e-14, 8.32221559732e-15, 4.82436932471e-14, 1.98139871481e-13, 3.94607767686e-13, 7.85186260628e-13, 8.37460363643e-13, 8.61974716864e-13, 1.2095921053e-12, 2.01585406354e-12, 5.86225133107e-13, 1.45050909218e-12, 4.30443007626e-12, 5.20194607875e-12, 2.17653737915e-12, 3.62336896598e-12, 3.46207220878e-12, 4.08086585357e-12, 8.9312411633e-12, 5.4099988378e-12, 4.65546481573e-12, 5.32102573808e-12, 7.48607252576e-12, 5.38503529962e-12, 6.74030622982e-12, 4.86223431309e-12, 4.69850330517e-12, 2.81297728166e-12, 2.22463865905e-12, 1.16432677302e-12, 4.26775775093e-13, 1.15179892533e-13, 9.42429440016e-15],
        "var": [1.86774778366, 50.855255127, 221.993988037, 549.209106445, 866.231628418, 1980.54504395, 356.758209229, 975.543823242, 2048.92333984, 1890.82067871, 320.066040039, 598.208984375, 399.928436279, 3533.36499023, 1511.23791504, 1056.00537109, 1003.53137207, 757.540588379, 851.386474609, 819.160522461, 2933.19604492, 950.562133789, 1361.0168457, 1962.63537598, 482.740997314, 473.175170898, 590.309326172, 745.901733398, 232.075241089, 231.113372803, 173.111618042, 191.037246704, 86.771697998, 43.1524658203, 13.3162355423, 7.30261945724, 1.6698038578, 0.164803981781, 0.00203384575434, 3.93256812004e-07]
    },
    "gfcc": {
        "mean": [1.28367328644, 23.9149990082, -90.6818847656, 30.584482193, -47.9088668823, 23.8584156036, -28.4806900024, 17.5613880157, -20.683549881, 11.0469322205, -11.9258413315, 10.2368612289, -8.67382240295],
        "cov": [[21266.3554688, -3831.40087891, 1265.44433594, 2219.01293945, 363.157440186, 1120.92907715, -1040.79577637, 480.734130859, -287.263702393, 940.560791016, -266.930023193, 266.102996826, -860.111206055], [-3831.40087891, 2952.62768555, -336.682952881, -576.727966309, -60.613067627, -615.36529541, 116.085655212, -272.687408447, 123.470596313, -299.672729492, 182.046783447, -154.284835815, 249.822631836], [1265.44433594, -336.682952881, 3440.31835938, 1386.29248047, 730.922729492, 889.162414551, 96.5741882324, 246.420257568, 89.1558151245, 252.748123169, -146.876556396, -154.86126709, -257.512207031], [2219.01293945, -576.727966309, 1386.29248047, 1327.61096191, 598.792663574, 649.049865723, 30.1287307739, 210.279052734, 51.9292106628, 206.304534912, -83.1630935669, -57.2150764465, -174.244033813], [363.157440186, -60.613067627, 730.922729492, 598.792663574, 667.169921875, 484.932678223, 251.893081665, 150.388000488, 129.738342285, 93.8334579468, 2.93529653549, -31.6241455078, -50.6547889709], [1120.92907715, -615.36529541, 889.162414551, 649.049865723, 484.932678223, 827.206420898, 323.189483643, 320.540008545, 113.708602905, 227.132217407, -2.95972752571, 40.5219154358, -70.1376037598], [-1040.79577637, 116.085655212, 96.5741882324, 30.1287307739, 251.893081665, 323.189483643, 503.330749512, 218.816238403, 171.585998535, 32.9163589478, 74.8235778809, 42.1093635559, 87.7770690918], [480.734130859, -272.687408447, 246.420257568, 210.279052734, 150.388000488, 320.540008545, 218.816238403, 302.200927734, 151.989837646, 182.753387451, 65.4055099487, 79.9418029785, -2.30974125862], [-287.263702393, 123.470596313, 89.1558151245, 51.9292106628, 129.738342285, 113.708602905, 171.585998535, 151.989837646, 224.893981934, 156.502700806, 126.829627991, 43.5675582886, 31.2768859863], [940.560791016, -299.672729492, 252.748123169, 206.304534912, 93.8334579468, 227.132217407, 32.9163589478, 182.753387451, 156.502700806, 300.598266602, 129.533706665, 80.7370452881, -42.5457611084], [-266.930023193, 182.046783447, -146.876556396, -83.1630935669, 2.93529653549, -2.95972752571, 74.8235778809, 65.4055099487, 126.829627991, 129.533706665, 179.615478516, 82.9805145264, 55.6410293579], [266.102996826, -154.284835815, -154.86126709, -57.2150764465, -31.6241455078, 40.5219154358, 42.1093635559, 79.9418029785, 43.5675582886, 80.7370452881, 82.9805145264, 119.881843567, 50.7598190308], [-860.111206055, 249.822631836, -257.512207031, -174.244033813, -50.6547889709, -70.1376037598, 87.7770690918, -2.30974125862, 31.2768859863, -42.5457611084, 55.6410293579, 50.7598190308, 135.005264282]],
        "icov": [[0.000112153495138, -2.82652927126e-05, 6.86481944285e-05, -0.000136614849907, -1.00539400592e-05, -4.44575125584e-05, 0.000153507920913, -2.23395982175e-05, 0.000121645287436, -0.000278869440081, 0.000366338121239, -0.000638758356217, 0.000567504845094], [-2.82652927126e-05, 0.000915452488698, -0.000195263288333, 0.00018398775137, -0.000258342945017, 0.000421333563281, 0.00020060595125, -0.000376965122996, -0.000272861885605, 0.00128440966364, -0.0024519066792, 0.00262738508172, -0.00153333845083], [6.86481944285e-05, -0.000195263288333, 0.000658109085634, -0.00047733791871, 4.29259052908e-05, -0.00047482692753, 0.00014846092381, 0.000161016199854, -0.000120576609334, -0.000543557165656, 0.000864363391884, -0.000258590443991, 0.000711178698111], [-0.000136614849907, 0.00018398775137, -0.00047733791871, 0.00258229998872, -0.00156781263649, -0.000581763568334, 0.00128509989008, -0.00123182672542, 0.000335054675816, 0.000215207022848, -0.000607945548836, 0.00188853789587, -0.00100488623139], [-1.00539400592e-05, -0.000258342945017, 4.29259052908e-05, -0.00156781263649, 0.00467975670472, -0.00204091146588, -0.00114726182073, 0.00224095885642, -0.00302744330838, 0.00170335778967, -8.38345658849e-05, -0.000805842748377, 0.00152793934103], [-4.44575125584e-05, 0.000421333563281, -0.00047482692753, -0.000581763568334, -0.00204091146588, 0.00638125883415, -0.00360880722292, -0.00177532760426, 0.00426632491872, -0.00443453574553, 0.00146840105299, 0.000337213947205, -0.000971915549599], [0.000153507920913, 0.00020060595125, 0.00014846092381, 0.00128509989008, -0.00114726182073, -0.00360880722292, 0.00861292053014, -0.00459564523771, -0.00386154372245, 0.00630355672911, -0.00334828207269, 0.00196459004655, -0.00191283843014], [-2.23395982175e-05, -0.000376965122996, 0.000161016199854, -0.00123182672542, 0.00224095885642, -0.00177532760426, -0.00459564523771, 0.0138740027323, -0.00523041887209, -0.00449713552371, 0.00652117468417, -0.00790213979781, 0.00249430490658], [0.000121645287436, -0.000272861885605, -0.000120576609334, 0.000335054675816, -0.00302744330838, 0.00426632491872, -0.00386154372245, -0.00523041887209, 0.0190120991319, -0.00940516404808, -0.00417121499777, 0.00544739514589, -0.00271345721558], [-0.000278869440081, 0.00128440966364, -0.000543557165656, 0.000215207022848, 0.00170335778967, -0.00443453574553, 0.00630355672911, -0.00449713552371, -0.00940516404808, 0.0215878821909, -0.0137626947835, 0.00137845077552, 0.00338350399397], [0.000366338121239, -0.0024519066792, 0.000864363391884, -0.000607945548836, -8.38345658849e-05, 0.00146840105299, -0.00334828207269, 0.00652117468417, -0.00417121499777, -0.0137626947835, 0.0277628973126, -0.0161124616861, 0.00200008763932], [-0.000638758356217, 0.00262738508172, -0.000258590443991, 0.00188853789587, -0.000805842748377, 0.000337213947205, 0.00196459004655, -0.00790213979781, 0.00544739514589, 0.00137845077552, -0.0161124616861, 0.0325341038406, -0.0149461952969], [0.000567504845094, -0.00153333845083, 0.000711178698111, -0.00100488623139, 0.00152793934103, -0.000971915549599, -0.00191283843014, 0.00249430490658, -0.00271345721558, 0.00338350399397, 0.00200008763932, -0.0149461952969, 0.0217644646764]]
    },
    "melbands": {
        "dmean": [0.0037198245991, 0.00242635887116, 0.00135763839353, 0.000703543541022, 0.000224592440645, 0.000180824499694, 0.000234411490965, 0.000103193371615, 4.85111340822e-05, 5.52245473955e-05, 4.84689808218e-05, 8.55380712892e-05, 4.50947482022e-05, 4.50915867987e-05, 3.59632649634e-05, 2.76773189398e-05, 2.33897426369e-05, 2.45447554335e-05, 1.70640196302e-05, 1.71935625985e-05, 2.26938063861e-05, 1.37254646688e-05, 1.54038734763e-05, 1.5537483705e-05, 1.13274109026e-05, 9.31297108764e-06, 7.40276846045e-06, 6.77735761201e-06, 6.06136245551e-06, 8.28622341942e-06, 5.49462856725e-06, 4.3146110329e-06, 4.22516313847e-06, 4.4231433094e-06, 4.13772659158e-06, 3.52509641743e-06, 4.33373679698e-06, 3.51442849933e-06, 3.53864993485e-06, 2.84903421743e-06],
        "dmean2": [0.00481419684365, 0.0031188945286, 0.00226513668895, 0.00109865574632, 0.00036163860932, 0.000279811007204, 0.000362861494068, 0.000157302449225, 8.02256399766e-05, 8.90405062819e-05, 7.75535590947e-05, 0.0001297427807, 6.53367169434e-05, 6.85835038894e-05, 6.03087755735e-05, 4.56832858617e-05, 3.79248012905e-05, 3.99727396143e-05, 2.74627473118e-05, 2.75260827038e-05, 3.57280150638e-05, 2.23262031795e-05, 2.48385622399e-05, 2.35691750277e-05, 1.74723063537e-05, 1.50849709826e-05, 1.17511008284e-05, 1.09065013021e-05, 9.86856412055e-06, 1.28725423565e-05, 8.92096977623e-06, 6.97785708326e-06, 6.89216858518e-06, 7.20823345546e-06, 6.80183120494e-06, 5.6553280956e-06, 7.11729398972e-06, 5.81575295655e-06, 5.99358600084e-06, 4.73335421702e-06],
        "dvar": [2.9021734008e-05, 2.28565950238e-05, 1.78993195732e-05, 6.32973114989e-06, 8.01103055892e-07, 1.76981984623e-07, 2.21106802201e-07, 8.81293331645e-08, 1.43833513988e-08, 1.48878145367e-08, 6.68713706631e-09, 3.24139648455e-08, 7.62258967058e-09, 8.16924572433e-09, 4.26460822212e-09, 2.01755256946e-09, 2.20543250329e-09, 1.73477632259e-09, 9.05660768602e-10, 1.06840503111e-09, 2.01242311704e-09, 5.0921755701e-10, 6.73112121596e-10, 1.15883003193e-09, 4.8948445297e-10, 1.6118942292e-10, 1.16547216322e-10, 9.34672408914e-11, 6.3887201085e-11, 7.81492148771e-10, 7.83200171384e-11, 3.54434918914e-11, 2.97792727977e-11, 3.41064503029e-11, 3.00318866997e-11, 2.0648385779e-11, 4.30357867398e-11, 2.21685760027e-11, 2.70014618303e-11, 1.59851402948e-11],
        "dvar2": [5.23549097124e-05, 4.00046264986e-05, 4.67564459541e-05, 1.37050810736e-05, 1.96552423404e-06, 3.53476963255e-07, 4.96647373893e-07, 1.74346666881e-07, 3.60039251746e-08, 3.6576629725e-08, 1.62920823499e-08, 6.74964582004e-08, 1.54733346136e-08, 1.77813017643e-08, 1.15187175354e-08, 5.04484276576e-09, 5.40646682978e-09, 4.51374937427e-09, 2.23477303329e-09, 2.5495840994e-09, 4.1570453746e-09, 1.24152310654e-09, 1.64854818685e-09, 2.17243134593e-09, 9.22086518251e-10, 4.18620998976e-10, 2.95669710937e-10, 2.30571006732e-10, 1.58314653054e-10, 1.68642722009e-09, 1.97101016064e-10, 9.13286737902e-11, 7.41511504976e-11, 8.7745054278e-11, 7.95057422676e-11, 4.98743546462e-11, 1.03838347643e-10, 5.75432479444e-11, 7.20046730573e-11, 4.08661438023e-11],
        "max": [0.0512304566801, 0.0397161915898, 0.0353704467416, 0.0458022579551, 0.0208045244217, 0.00861819274724, 0.00964399240911, 0.00832801498473, 0.00290475413203, 0.00203459174372, 0.00100068654865, 0.00335105787963, 0.0015321013052, 0.00125759735238, 0.000999556621537, 0.000664158782456, 0.000661867670715, 0.000713970628567, 0.00063332245918, 0.000638289027847, 0.00076601584442, 0.000300359650282, 0.0004252846702, 0.000705072423443, 0.000597816833761, 0.000153601969942, 0.000185930781299, 0.000245642731898, 0.000175593027961, 0.000634672644082, 0.000163076241734, 0.000188651189092, 0.000109706015792, 8.96169440239e-05, 6.04942142672e-05, 5.48472489754e-05, 0.000102375481219, 5.44813192391e-05, 4.82645482407e-05, 4.81257193314e-05],
        "mean": [0.00868009775877, 0.00456813070923, 0.00126918172464, 0.000783126626629, 0.000245264731348, 0.00026630947832, 0.000350557849742, 0.000152932305355, 5.93074400967e-05, 6.89467779011e-05, 6.79679142195e-05, 0.000128524654428, 7.14151901775e-05, 6.27525296295e-05, 4.71431922051e-05, 4.03886042477e-05, 3.16398763971e-05, 3.34748292516e-05, 2.41851721512e-05, 2.52630397881e-05, 3.64623047062e-05, 2.25922358368e-05, 2.39968303504e-05, 2.67795530817e-05, 2.03062463697e-05, 1.63433414855e-05, 1.38420455187e-05, 1.25036904137e-05, 1.17491063065e-05, 1.36608723551e-05, 9.95769460133e-06, 8.64464891492e-06, 8.54211612022e-06, 8.67496601131e-06, 7.77563491283e-06, 7.29913153918e-06, 8.0161189544e-06, 6.65304514769e-06, 6.34457137494e-06, 5.49778587811e-06],
        "median": [0.00470902584493, 0.00163664517459, 0.000163660297403, 8.01081914688e-05, 3.82008802262e-05, 3.73931106878e-05, 7.91366765043e-05, 3.2083124097e-05, 1.43137240229e-05, 1.51870081027e-05, 2.68893581961e-05, 4.07934421673e-05, 1.77544461621e-05, 1.1993386579e-05, 1.85739027074e-05, 2.18852655962e-05, 1.29804611788e-05, 1.58906586876e-05, 1.39365001814e-05, 1.37151282615e-05, 1.52230240928e-05, 1.48430517584e-05, 1.35925965878e-05, 1.218032412e-05, 1.07499563455e-05, 1.10702976599e-05, 1.0295748325e-05, 9.0965650088e-06, 8.64034336701e-06, 8.39800850372e-06, 7.33766955818e-06, 6.91620152793e-06, 6.6606044129e-06, 6.62838101562e-06, 5.94097400608e-06, 5.60718490306e-06, 5.91985372012e-06, 5.28493546881e-06, 4.8507226893e-06, 4.43055250798e-06],
        "min": [1.81476478077e-17, 9.29734961206e-18, 2.40032738396e-18, 1.07844964831e-18, 1.18791045877e-18, 5.71720769617e-19, 1.16214197323e-19, 7.02673955438e-19, 1.74501194844e-18, 2.69792980436e-18, 3.95605083654e-18, 3.30410554162e-18, 3.34906963216e-18, 1.71715312579e-18, 5.09884800208e-18, 3.58516951965e-18, 6.9415694196e-19, 1.76379018911e-18, 4.16913917978e-18, 7.84463103205e-18, 5.20871082231e-18, 1.2200663813e-18, 4.11553001787e-18, 3.32616768933e-18, 2.52255862231e-18, 3.568182125e-18, 3.50636650423e-18, 6.26068024787e-18, 2.36245099051e-18, 4.38127626531e-18, 2.14679052916e-18, 1.50222327171e-18, 7.01815931329e-18, 3.04328494793e-18, 3.44440199096e-18, 2.67481672369e-18, 4.60528670136e-18, 3.50249571256e-18, 2.91259289269e-18, 4.28509418523e-18],
        "var": [0.00010198255768, 5.60751286685e-05, 1.44577597894e-05, 9.02210285858e-06, 7.60701254876e-07, 4.25874418397e-07, 4.53347922758e-07, 2.01249875431e-07, 1.94870644066e-08, 2.13535500393e-08, 1.08481339467e-08, 6.48901590239e-08, 1.93341236354e-08, 1.69532192729e-08, 5.52163959e-09, 3.27633764563e-09, 2.7900144417e-09, 2.42322228949e-09, 1.24475130203e-09, 1.62299618189e-09, 5.23626830784e-09, 9.20167941842e-10, 1.15905574027e-09, 3.0832243425e-09, 1.29653288106e-09, 3.23460841445e-10, 2.4603061255e-10, 1.98843927435e-10, 1.63165259082e-10, 1.00336383646e-09, 1.36609126788e-10, 7.93111826214e-11, 7.84986450841e-11, 7.8879229537e-11, 6.14285775025e-11, 5.77966875748e-11, 9.30116539344e-11, 4.30091136316e-11, 4.10688774655e-11, 2.9655704975e-11]
    },
    "mfcc": {
        "mean": [-649.575805664, 63.4241027832, 16.0738544464, 17.2345943451, 9.94540214539, 9.51941585541, 8.66880226135, 8.70531272888, 5.70526218414, 4.0632314682, 2.57958436012, 4.91360378265, 5.26553249359],
        "cov": [[16541.2324219, -1255.28625488, -919.03314209, 650.307006836, 677.440551758, 396.393371582, 17.4609832764, -105.554832458, -277.372802734, 73.9456710815, 342.361938477, 297.155975342, 0.207724958658], [-1255.28625488, 1987.52148438, 61.9452857971, 17.9342765808, -146.952560425, -253.186157227, -212.713928223, -190.640350342, -145.420318604, -127.959892273, -72.5293731689, -15.9015388489, -8.08987236023], [-919.03314209, 61.9452857971, 2135.80078125, 668.003295898, 727.742553711, 538.278381348, 363.293609619, 186.196243286, 245.765029907, 221.219940186, 163.76512146, 97.9074707031, -27.7899398804], [650.307006836, 17.9342765808, 668.003295898, 702.266113281, 534.623291016, 306.838012695, 145.804122925, 64.2180328369, 77.1562576294, 103.181770325, 102.273475647, 66.4524688721, -25.6407680511], [677.440551758, -146.952560425, 727.742553711, 534.623291016, 691.68371582, 479.099121094, 264.468200684, 142.969070435, 144.413421631, 162.748077393, 150.768463135, 98.2708892822, -0.567184627056], [396.393371582, -253.186157227, 538.278381348, 306.838012695, 479.099121094, 530.964538574, 355.711456299, 219.782302856, 203.056976318, 200.403060913, 157.708557129, 100.055046082, 37.2931251526], [17.4609832764, -212.713928223, 363.293609619, 145.804122925, 264.468200684, 355.711456299, 360.529937744, 256.737915039, 214.752761841, 171.78276062, 117.983467102, 74.9082717896, 46.1883621216], [-105.554832458, -190.640350342, 186.196243286, 64.2180328369, 142.969070435, 219.782302856, 256.737915039, 267.356109619, 208.375549316, 139.174041748, 81.890953064, 44.354057312, 47.1132545471], [-277.372802734, -145.420318604, 245.765029907, 77.1562576294, 144.413421631, 203.056976318, 214.752761841, 208.375549316, 237.209838867, 167.964752197, 97.9505310059, 63.9796676636, 59.3402099609], [73.9456710815, -127.959892273, 221.219940186, 103.181770325, 162.748077393, 200.403060913, 171.78276062, 139.174041748, 167.964752197, 199.69720459, 147.75944519, 100.045249939, 82.4527740479], [342.361938477, -72.5293731689, 163.76512146, 102.273475647, 150.768463135, 157.708557129, 117.983467102, 81.890953064, 97.9505310059, 147.75944519, 186.216140747, 151.456054688, 103.533988953], [297.155975342, -15.9015388489, 97.9074707031, 66.4524688721, 98.2708892822, 100.055046082, 74.9082717896, 44.354057312, 63.9796676636, 100.045249939, 151.456054688, 181.559234619, 127.981086731], [0.207724958658, -8.08987236023, -27.7899398804, -25.6407680511, -0.567184627056, 37.2931251526, 46.1883621216, 47.1132545471, 59.3402099609, 82.4527740479, 103.533988953, 127.981086731, 160.029067993]],
