{
"lowlevel": {
    "average_loudness": 0.918262660503,
    "barkbands_crest": {
        "dmean": 3.0987534523,
        "dmean2": 4.48390245438,
        "dvar": 11.3364830017,
        "dvar2": 23.2485694885,
        "max": 26.5887508392,
        "mean": 13.9170980453,
        "median": 12.8208370209,
        "min": 2.128292799,
        "var": 34.9171943665
    },
    "barkbands_flatness_db": {
        "dmean": 0.0307255554944,
        "dmean2": 0.0456243418157,
        "dvar": 0.00143499672413,
        "dvar2": 0.00318445358425,
        "max": 0.520363390446,
        "mean": 0.156063899398,
        "median": 0.123398378491,
        "min": 0.0140567077324,
        "var": 0.0102362846956
    },
    "barkbands_kurtosis": {
        "dmean": 8.9345741272,
        "dmean2": 13.6740016937,
        "dvar": 1741.79309082,
        "dvar2": 4398.63769531,
        "max": 964.146179199,
        "mean": 10.496761322,
        "median": 1.07188034058,
        "min": -1.92339289188,
        "var": 1745.0345459
    },
    "barkbands_skewness": {
        "dmean": 0.935888767242,
        "dmean2": 1.32490026951,
        "dvar": 2.46521472931,
        "dvar2": 5.25403690338,
        "max": 29.1394939423,
        "mean": 1.9499835968,
        "median": 1.30622887611,
        "min": -4.15253448486,
        "var": 5.57477331161
    },
    "barkbands_spread": {
        "dmean": 11.8245735168,
        "dmean2": 17.6910591125,
        "dvar": 257.636413574,
        "dvar2": 563.509216309,
        "max": 115.617301941,
        "mean": 40.206287384,
        "median": 38.9794464111,
        "min": 0.249502077699,
        "var": 790.902709961
    },
    "dissonance": {
        "dmean": 0.0167187359184,
        "dmean2": 0.028352836147,
        "dvar": 0.000484031479573,
        "dvar2": 0.00136046949774,
        "max": 0.500000119209,
        "mean": 0.466643214226,
        "median": 0.479452490807,
        "min": 0.236940771341,
        "var": 0.00151707185432
    },
    "dynamic_complexity": 4.24327611923,
    "erbbands_crest": {
        "dmean": 1.85593700409,
        "dmean2": 2.96457076073,
        "dvar": 4.21714448929,
        "dvar2": 9.96490573883,
        "max": 28.5386161804,
        "mean": 7.67888593674,
        "median": 5.60723972321,
        "min": 2.27155947685,
        "var": 26.0149497986
    },
    "erbbands_flatness_db": {
        "dmean": 0.0129798548296,
        "dmean2": 0.0195394288749,
        "dvar": 0.000200545182452,
        "dvar2": 0.000448206381407,
        "max": 0.455413639545,
        "mean": 0.134470432997,
        "median": 0.0929169356823,
        "min": 0.0283520203084,
        "var": 0.00878702383488
    },
    "erbbands_kurtosis": {
        "dmean": 1.02710568905,
        "dmean2": 1.59319627285,
        "dvar": 6.40625238419,
        "dvar2": 14.6252117157,
        "max": 186.577545166,
        "mean": 1.08198165894,
        "median": -0.339264154434,
        "min": -1.82206201553,
        "var": 63.8254508972
    },
    "erbbands_skewness": {
        "dmean": 0.334691643715,
        "dmean2": 0.50291121006,
        "dvar": 0.134368270636,
        "dvar2": 0.306201159954,
        "max": 9.90375328064,
        "mean": -0.0621582716703,
        "median": -0.250421643257,
        "min": -2.96128749847,
        "var": 1.14809036255
    },
    "erbbands_spread": {
        "dmean": 11.9298248291,
        "dmean2": 17.8498668671,
        "dvar": 287.497344971,
        "dvar2": 623.545349121,
        "max": 211.780685425,
        "mean": 53.4967651367,
        "median": 51.2696304321,
        "min": 0.872627973557,
        "var": 934.400024414
    },
    "hfc": {
        "dmean": 29.7404232025,
        "dmean2": 46.338218689,
        "dvar": 2107.66625977,
        "dvar2": 5103.4609375,
        "max": 339.894378662,
        "mean": 64.2125320435,
        "median": 49.1399803162,
        "min": 1.16040800621e-16,
        "var": 3793.72119141
    },
    "melbands_crest": {
        "dmean": 3.81890249252,
        "dmean2": 6.17726325989,
        "dvar": 20.356136322,
        "dvar2": 51.7889060974,
        "max": 37.4459037781,
        "mean": 21.9811172485,
        "median": 22.2070007324,
        "min": 2.58071136475,
        "var": 59.0372962952
    },
    "melbands_flatness_db": {
        "dmean": 0.039440985769,
        "dmean2": 0.0578670762479,
        "dvar": 0.00249114003964,
        "dvar2": 0.00554803386331,
        "max": 0.652203202248,
        "mean": 0.234823152423,
        "median": 0.20202074945,
        "min": 0.00667034182698,
        "var": 0.0153973186389
    },
    "melbands_kurtosis": {
        "dmean": 32.489818573,
        "dmean2": 48.6014862061,
        "dvar": 8573.00292969,
        "dvar2": 17673.0859375,
        "max": 1991.05688477,
        "mean": 48.3682441711,
        "median": 12.258354187,
        "min": -1.80819380283,
        "var": 14979.2861328
    },
    "melbands_skewness": {
        "dmean": 1.63295447826,
        "dmean2": 2.39484000206,
        "dvar": 6.28734111786,
        "dvar2": 13.317565918,
        "max": 37.6736221313,
        "mean": 4.5653796196,
        "median": 3.23433017731,
        "min": -2.11496734619,
        "var": 17.3881988525
    },
    "melbands_spread": {
        "dmean": 12.7513980865,
        "dmean2": 20.335647583,
        "dvar": 460.588470459,
        "dvar2": 1128.64001465,
        "max": 234.773773193,
        "mean": 28.6202545166,
        "median": 21.0712356567,
        "min": 0.186815455556,
        "var": 808.73236084
    },
    "pitch_salience": {
        "dmean": 0.0952305644751,
        "dmean2": 0.143091470003,
        "dvar": 0.0123986648396,
        "dvar2": 0.0275570340455,
        "max": 0.934728145599,
        "mean": 0.413278669119,
        "median": 0.435411334038,
        "min": 0.018861848861,
        "var": 0.0289335977286
    },
    "silence_rate_20dB": {
        "dmean": 0,
        "dmean2": 0,
        "dvar": 0,
        "dvar2": 0,
        "max": 1,
        "mean": 1,
        "median": 1,
        "min": 1,
        "var": 0
    },
    "silence_rate_30dB": {
        "dmean": 0.0708480328321,
        "dmean2": 0.141717791557,
        "dvar": 0.0658237338066,
        "dvar2": 0.152611583471,
        "max": 1,
        "mean": 0.919963181019,
        "median": 1,
        "min": 0,
        "var": 0.0736333504319
    },
    "silence_rate_60dB": {
        "dmean": 0.0205489955842,
        "dmean2": 0.0411042943597,
        "dvar": 0.0201251022518,
        "dvar2": 0.0473893582821,
        "max": 1,
        "mean": 0.10349585861,
        "median": 0,
        "min": 0,
        "var": 0.0927843749523
    },
    "spectral_centroid": {
        "dmean": 356.293334961,
        "dmean2": 505.736541748,
        "dvar": 194800.578125,
        "dvar2": 409293.75,
        "max": 11053.8144531,
        "mean": 2065.10668945,
        "median": 2305.85791016,
        "min": 144.329345703,
        "var": 1114083.375
    },
    "spectral_complexity": {
        "dmean": 6.13801574707,
        "dmean2": 9.5748462677,
        "dvar": 57.4275131226,
        "dvar2": 137.788818359,
        "max": 64,
        "mean": 21.8316459656,
        "median": 20,
        "min": 0,
        "var": 228.442718506
    },
    "spectral_decrease": {
        "dmean": 4.0334922069e-09,
        "dmean2": 6.03574390468e-09,
        "dvar": 2.95497866125e-17,
        "dvar2": 6.37385145968e-17,
        "max": 9.40824361182e-29,
        "mean": -1.1864679017e-08,
        "median": -1.25313732724e-08,
        "min": -4.93231944176e-08,
        "var": 9.17706332349e-17
    },
    "spectral_energy": {
        "dmean": 0.016410747543,
        "dmean2": 0.024592038244,
        "dvar": 0.000455429311842,
        "dvar2": 0.00100197165739,
        "max": 0.195140823722,
        "mean": 0.0506043620408,
        "median": 0.0548440217972,
        "min": 1.02871872594e-20,
        "var": 0.00150548340753
    },
    "spectral_energyband_high": {
        "dmean": 0.0028385608457,
        "dmean2": 0.00445951800793,
        "dvar": 2.00683934963e-05,
        "dvar2": 4.8713725846e-05,
        "max": 0.0327171981335,
        "mean": 0.0056263175793,
        "median": 0.00411623809487,
        "min": 7.0976999864e-21,
        "var": 3.40506412613e-05
    },
    "spectral_energyband_low": {
        "dmean": 0.0138267641887,
        "dmean2": 0.0207291003317,
        "dvar": 0.000436394009739,
        "dvar2": 0.000909900292754,
        "max": 0.172052904963,
        "mean": 0.0340481996536,
        "median": 0.0295761507004,
        "min": 3.21350567677e-23,
        "var": 0.00116416043602
    },
    "spectral_energyband_middle_high": {
        "dmean": 0.00197118264623,
        "dmean2": 0.00323928031139,
        "dvar": 9.92168043012e-06,
        "dvar2": 2.75441725535e-05,
        "max": 0.0384442508221,
        "mean": 0.00446305051446,
        "median": 0.00330333597958,
        "min": 1.56274834694e-21,
        "var": 1.84601140063e-05
    },
    "spectral_energyband_middle_low": {
        "dmean": 0.00527114141732,
        "dmean2": 0.00894115865231,
        "dvar": 0.000163919394254,
        "dvar2": 0.000446113350336,
        "max": 0.123004369438,
        "mean": 0.00740527687594,
        "median": 0.00328429276124,
        "min": 1.80684412534e-22,
        "var": 0.000144310033647
    },
    "spectral_entropy": {
        "dmean": 0.152432367206,
        "dmean2": 0.22660022974,
        "dvar": 0.0340838134289,
        "dvar2": 0.0782694891095,
        "max": 9.82649517059,
        "mean": 7.80214929581,
        "median": 8.21918487549,
        "min": 4.69978904724,
        "var": 0.863716363907
    },
    "spectral_flux": {
        "dmean": 0.0349288955331,
        "dmean2": 0.0510548278689,
        "dvar": 0.00179194414522,
        "dvar2": 0.00312405196019,
        "max": 0.412500411272,
        "mean": 0.104471676052,
        "median": 0.0916938781738,
        "min": 6.82037828992e-11,
        "var": 0.00659034401178
    },
    "spectral_kurtosis": {
        "dmean": 3.94378113747,
        "dmean2": 6.7714805603,
        "dvar": 146.076385498,
        "dvar2": 414.412078857,
        "max": 225.798782349,
        "mean": 10.4126625061,
        "median": 1.92859458923,
        "min": -1.21709287167,
        "var": 715.710388184
    },
    "spectral_rms": {
        "dmean": 0.00111957348417,
        "dmean2": 0.00166581128724,
        "dvar": 1.98895918402e-06,
        "dvar2": 4.34438925367e-06,
        "max": 0.0137978726998,
        "mean": 0.00627796072513,
        "median": 0.00731480447575,
        "min": 3.16800882402e-12,
        "var": 9.95735445031e-06
    },
    "spectral_rolloff": {
        "dmean": 1497.3359375,
        "dmean2": 2431.01611328,
        "dvar": 5716187.5,
        "dvar2": 12570967,
        "max": 19035.3515625,
        "mean": 2845.13891602,
        "median": 1464.2578125,
        "min": 43.06640625,
        "var": 10124561
    },
    "spectral_skewness": {
        "dmean": 0.300928801298,
        "dmean2": 0.501973748207,
        "dvar": 0.394884139299,
        "dvar2": 1.14642298222,
        "max": 11.545173645,
        "mean": 1.73490655422,
        "median": 1.18664622307,
        "min": -0.0019098597113,
        "var": 2.60941147804
    },
    "spectral_spread": {
        "dmean": 668957.875,
        "dmean2": 939485.625,
        "dvar": 747213488128,
        "dvar2": 1.42111159091e+12,
        "max": 40804808,
        "mean": 6504992,
        "median": 7327321.5,
        "min": 361854.8125,
        "var": 8.06643197542e+12
    },
    "spectral_strongpeak": {
        "dmean": 0.24996188283,
        "dmean2": 0.403170347214,
        "dvar": 0.43203613162,
        "dvar2": 1.0973893404,
        "max": 14.1200695038,
        "mean": 0.621492803097,
        "median": 0.461373090744,
        "min": 0,
        "var": 0.675352632999
    },
    "zerocrossingrate": {
        "dmean": 0.0223427787423,
        "dmean2": 0.0259560421109,
        "dvar": 0.00074085482629,
        "dvar2": 0.000927921384573,
        "max": 0.775390625,
        "mean": 0.0990630686283,
        "median": 0.09326171875,
        "min": 0.001953125,
        "var": 0.00501678232104
    },
    "barkbands": {
        "dmean": [0.00107925815973, 0.0121315326542, 0.00449697300792, 0.00240635452792, 0.00149989838246, 0.000665898493025, 0.000842579291202, 0.000378424825612, 0.000636070151813, 0.000336154334946, 0.000202056515263, 0.000279305968434, 0.000227524215006, 0.00021758719231, 0.000286788068479, 0.000327781279339, 0.000304137152852, 0.000295366684441, 0.000262356625171, 0.00026614946546, 0.000356748350896, 0.000438400456915, 0.000391570938518, 0.000620071135927, 0.000610312330537, 0.000566674338188, 0.000147710379679],
        "dmean2": [0.00174876698293, 0.0170546788722, 0.00773036340252, 0.00452169356868, 0.00258293445222, 0.00100467121229, 0.00135179189965, 0.000603093882091, 0.00101293600164, 0.000563634443097, 0.000329760427121, 0.000439608440502, 0.000365039682947, 0.000367252709111, 0.000497946690302, 0.000555621110834, 0.000510802958161, 0.000500992231537, 0.000441947748186, 0.000445552082965, 0.000586193229537, 0.000724470301066, 0.000637527380604, 0.00102644576691, 0.000933448318392, 0.000845913600642, 0.000235773099121],
        "dvar": [3.14981252814e-06, 0.000334490759997, 0.000213191437069, 8.54640748003e-05, 3.53394862032e-05, 2.22600306188e-06, 4.4816360969e-06, 2.30876617024e-06, 3.38961467605e-06, 6.26747180377e-07, 3.16634611863e-07, 3.259772825e-07, 1.45207309288e-07, 1.6471629749e-07, 3.29115749764e-07, 3.54785271384e-07, 2.76283515177e-07, 2.09645790505e-07, 1.47222621649e-07, 1.45676906982e-07, 2.4239059826e-07, 5.0351735581e-07, 3.42364984363e-07, 1.02336343843e-06, 8.82676772562e-07, 7.75376975071e-07, 5.71657068349e-08],
        "dvar2": [8.0844911281e-06, 0.000613337790128, 0.000567108334508, 0.000247692019911, 8.45235190354e-05, 4.83281974084e-06, 9.92776585917e-06, 4.7331359383e-06, 7.14326370144e-06, 1.49693823914e-06, 6.77683203776e-07, 7.11913457963e-07, 3.54100961886e-07, 4.55876801198e-07, 9.3411705393e-07, 9.52766356477e-07, 7.31618399641e-07, 5.76920285766e-07, 4.03290243867e-07, 3.95791346364e-07, 6.40893404125e-07, 1.29009083594e-06, 8.66239076913e-07, 2.58518025475e-06, 2.0656648303e-06, 1.74563206201e-06, 1.39279208611e-07],
        "max": [0.0238065347075, 0.14803339541, 0.125708028674, 0.0737309753895, 0.112218849361, 0.0265544708818, 0.0335750393569, 0.0324056744576, 0.0441533662379, 0.0176038332283, 0.0147018432617, 0.0092851286754, 0.00511311972514, 0.0064417286776, 0.00550846615806, 0.00776399252936, 0.010301830247, 0.00552118523046, 0.00478968862444, 0.00801092479378, 0.00625395169482, 0.00569234741852, 0.00480776745826, 0.00755376322195, 0.00645724497736, 0.00679824640974, 0.00308302533813],
        "mean": [0.00222911452875, 0.0267808288336, 0.0041342349723, 0.00170182960574, 0.00141912919935, 0.00144016579725, 0.00142620445695, 0.000477922178106, 0.000867427210324, 0.000516764412168, 0.000269883312285, 0.000405795843108, 0.000362278835382, 0.000327190791722, 0.000410111795645, 0.000510970246978, 0.000504480733071, 0.000483453215566, 0.000447005179012, 0.000560898566619, 0.000731100153644, 0.000664614839479, 0.000694120943081, 0.00095692044124, 0.00107809773181, 0.000944006547797, 0.000259766762611],
        "median": [0.000845010741614, 0.0218597054482, 0.000605876906775, 0.000215038919123, 0.000310651841573, 0.000291844131425, 0.000225422583753, 9.51254405663e-05, 0.000143028679304, 0.0001242023136, 8.01790301921e-05, 0.000109216402052, 0.000163325981703, 0.000182504794793, 0.000218195462367, 0.000264429720119, 0.000242369133048, 0.000313014083076, 0.00029814458685, 0.000346799090039, 0.000480568152852, 0.000441171287093, 0.000474709377158, 0.000525067385752, 0.000656681775581, 0.000619976781309, 0.000100416931673],
        "min": [1.88927832288e-23, 1.43360134068e-23, 7.39472532756e-24, 4.17129727943e-24, 3.31722763295e-23, 2.4306039846e-23, 1.57658001317e-23, 7.912707964e-24, 3.2903098056e-23, 1.99709651819e-23, 5.68574463555e-23, 9.64382456633e-23, 1.21705321618e-22, 8.84065814191e-23, 1.14153688701e-22, 2.26915675304e-22, 1.63806790264e-22, 1.35060055168e-22, 2.27218067777e-22, 3.2876211152e-22, 3.83302162215e-22, 3.15657301726e-22, 4.39151873473e-22, 6.90429996911e-22, 1.12119697316e-21, 1.7557778899e-21, 2.18586414861e-21],
        "var": [8.27982239571e-06, 0.000852033670526, 0.00014946666488, 4.70574777864e-05, 3.47878958564e-05, 9.25268341234e-06, 1.1608951354e-05, 3.67901748177e-06, 4.94267760587e-06, 1.26527186239e-06, 5.54349469439e-07, 6.51257494155e-07, 2.83033585902e-07, 2.05217403959e-07, 3.56835840876e-07, 4.96216557622e-07, 5.17903799846e-07, 3.12592305818e-07, 2.49166816957e-07, 3.9968153942e-07, 6.40582300093e-07, 6.04017316164e-07, 5.53317022423e-07, 1.43050442603e-06, 1.55758948495e-06, 1.2467671695e-06, 1.11779399958e-07]
    },
    "erbbands": {
        "dmean": [0.517762899399, 2.31060290337, 4.72700405121, 6.99190664291, 6.48420953751, 4.96658563614, 2.95231962204, 7.30346012115, 12.8879795074, 8.45232963562, 7.35120868683, 10.2977571487, 14.3820171356, 11.7199392319, 9.97304344177, 9.66837406158, 10.4942951202, 9.71125411987, 15.4599790573, 10.5051841736, 21.3038387299, 16.3318424225, 16.3978404999, 13.0314216614, 14.1320772171, 13.3979654312, 13.4166231155, 15.1713781357, 15.6486063004, 11.658873558, 11.9239683151, 11.7227010727, 10.8035335541, 6.58387184143, 4.83494663239, 2.34072852135, 1.15877258778, 0.272152394056, 0.0239205341786, 0.000360466365237],
        "dmean2": [0.728202462196, 3.19608330727, 7.5570397377, 12.7027311325, 11.3778753281, 8.90953636169, 5.12641334534, 10.9202547073, 20.3735160828, 13.9471120834, 11.555150032, 16.5839519501, 23.5205745697, 19.2139987946, 15.7574863434, 15.2348079681, 16.6380004883, 16.1229171753, 26.6298027039, 18.1876945496, 36.1666793823, 27.6500606537, 27.6510601044, 21.8090305328, 23.8621501923, 22.6481952667, 22.262052536, 25.2462749481, 25.731760025, 18.9528961182, 19.5415420532, 19.5191230774, 17.8431053162, 10.477599144, 7.37853336334, 3.46302938461, 1.77021300793, 0.41762343049, 0.0374661274254, 0.00055515911663],
        "dvar": [0.57141238451, 16.0598564148, 189.062484741, 647.07409668, 513.352722168, 535.256103516, 117.500297546, 291.470947266, 962.932067871, 409.297119141, 773.888671875, 708.455627441, 1531.98779297, 736.649230957, 421.967926025, 311.978729248, 323.634765625, 266.932617188, 1047.6307373, 405.403747559, 1583.98571777, 815.051452637, 682.54901123, 343.968536377, 459.4425354, 385.755584717, 362.554779053, 514.805114746, 623.008850098, 302.473236084, 325.502105713, 342.13168335, 347.397613525, 99.9551620483, 58.6775093079, 12.255188942, 3.45108270645, 0.173863053322, 0.00149579683784, 3.13058478696e-07],
        "dvar2": [1.18058419228, 27.3279037476, 468.979034424, 1828.15710449, 1316.81079102, 1451.27148438, 323.022918701, 624.088562012, 2095.37695312, 991.060974121, 1589.72668457, 1545.89941406, 3362.53100586, 1726.91430664, 908.705078125, 693.16619873, 783.034179688, 740.603088379, 2942.46508789, 1142.80969238, 4286.32910156, 2198.17089844, 1893.57104492, 920.694885254, 1245.36206055, 1052.88195801, 933.336791992, 1371.12536621, 1601.03649902, 758.639648438, 817.489257812, 865.511474609, 876.244018555, 246.777435303, 136.823104858, 26.4475097656, 8.15042495728, 0.400559395552, 0.00353320385329, 7.18316016446e-07],
        "max": [6.33207845688, 35.9890861511, 121.639434814, 213.615158081, 283.504241943, 492.738891602, 196.022567749, 311.817565918, 530.59552002, 510.367767334, 567.334838867, 582.303955078, 886.815368652, 681.978027344, 375.443572998, 326.955596924, 244.52015686, 231.760696411, 344.50894165, 293.393188477, 525.17401123, 701.906921387, 282.351409912, 215.339950562, 370.009796143, 409.833648682, 315.879669189, 208.652862549, 210.857666016, 165.201828003, 139.14390564, 177.427993774, 136.252243042, 66.9879837036, 50.0454444885, 26.2060546875, 16.6755256653, 3.87944412231, 0.469817966223, 0.00636615417898],
        "mean": [1.15321493149, 4.44481086731, 5.24557495117, 5.60431528091, 5.48546075821, 4.31583070755, 3.30726981163, 16.5772075653, 23.9735202789, 13.318983078, 9.65789699554, 13.8374128342, 20.2993354797, 19.0837173462, 14.9093475342, 14.9336328506, 17.0075054169, 16.8270626068, 21.6705265045, 17.3122673035, 32.4713630676, 27.4101791382, 28.2454032898, 23.7473812103, 25.7928600311, 28.1312122345, 27.809425354, 27.2150192261, 24.1871948242, 20.795085907, 20.9902057648, 19.976474762, 15.1815738678, 11.4536523819, 7.76005744934, 4.05650997162, 1.78989267349, 0.480966866016, 0.0410542562604, 0.000691448687576],
        "median": [1.01061415672, 2.50044941902, 1.42789459229, 0.937629103661, 0.88509953022, 0.955217659473, 1.20012128353, 3.52772641182, 4.82193994522, 3.57774305344, 2.50079226494, 3.15240478516, 5.06098365784, 4.98883628845, 5.51289892197, 5.84923696518, 7.77370929718, 9.75981903076, 11.0801973343, 10.9284133911, 15.7629337311, 15.1037025452, 18.5447692871, 15.4663276672, 16.4046840668, 16.524187088, 17.952955246, 18.7754573822, 15.8774433136, 14.2210292816, 13.9196453094, 10.6920375824, 8.93731307983, 7.13649654388, 4.61292791367, 2.60111474991, 1.12595415115, 0.282152175903, 0.0161134749651, 0.000409955304349],
        "min": [4.87101792788e-22, 3.34597587004e-21, 5.96278597165e-21, 1.45195772247e-20, 9.60775968347e-20, 7.39067976611e-20, 3.09392354917e-19, 1.31751621907e-19, 2.14708130899e-19, 3.24246476616e-19, 5.993305075e-19, 8.23939874009e-19, 6.63298297124e-19, 1.25562129237e-18, 1.27983080094e-18, 4.62505011414e-18, 5.60797270602e-18, 5.63188649753e-18, 3.98284528453e-18, 1.20885895254e-17, 8.89833257381e-18, 9.62692070197e-18, 7.6373246813e-18, 1.21406109141e-17, 1.15826014904e-17, 1.32393234889e-17, 1.42078742313e-17, 1.38018327752e-17, 9.59745487419e-18, 1.16348966759e-17, 1.29454328347e-17, 1.37067036961e-17, 1.32351644248e-17, 1.05544093715e-17, 8.14433180287e-18, 5.92547853952e-18, 3.12493801415e-18, 1.31636902296e-18, 3.42060457342e-19, 3.22353221752e-20],
        "var": [1.46297109127, 36.4219398499, 165.801269531, 385.856170654, 428.654510498, 382.260314941, 85.5817642212, 1252.0760498, 2596.74169922, 805.499450684, 1242.22021484, 1009.9185791, 2304.46557617, 1638.31738281, 787.220092773, 734.289489746, 650.661865234, 467.969146729, 1113.50073242, 477.544891357, 2134.9284668, 1251.70532227, 1022.60534668, 663.783203125, 961.972717285, 1028.39819336, 1080.8548584, 891.616271973, 778.477600098, 489.535919189, 523.345336914, 635.857788086, 377.618408203, 178.207015991, 88.7255859375, 22.0848617554, 4.89517879486, 0.329475402832, 0.00299916043878, 6.62274260321e-07]
    },
    "gfcc": {
        "mean": [1.48016691208, 45.8605651855, -85.8942871094, 32.5170440674, -37.9937171936, 20.1118717194, -23.1196746826, 18.5797805786, -12.4574518204, 12.6591043472, -10.0429830551, 9.2182264328, -9.43768501282],
        "cov": [[27774.4394531, -10434.1162109, 1043.53051758, 2780.61083984, -461.267456055, 2146.27954102, -201.522506714, 1376.22546387, -841.13458252, 899.764709473, -966.481201172, 573.335083008, -475.635894775], [-10434.1162109, 7947.73095703, -1183.49829102, -1562.43786621, 553.709838867, -1517.44128418, 112.397262573, -969.775695801, 434.844207764, -762.694396973, 553.228759766, -495.785919189, 304.959197998], [1043.53051758, -1183.49829102, 923.159423828, 367.233551025, 107.896621704, 394.70401001, -1.26235437393, 187.312133789, -62.3444824219, 182.93838501, -71.0211715698, 83.1891937256, -83.7895355225], [2780.61083984, -1562.43786621, 367.233551025, 850.178955078, -19.4085483551, 447.011657715, 6.41088724136, 214.306732178, -131.631881714, 126.179374695, -161.741012573, 44.0916900635, -93.9752120972], [-461.267456055, 553.709838867, 107.896621704, -19.4085483551, 437.947631836, 89.2794723511, 141.933837891, -18.5027065277, 66.1167984009, -44.6192398071, 52.6535263062, -36.4004402161, 11.1919708252], [2146.27954102, -1517.44128418, 394.70401001, 447.011657715, 89.2794723511, 597.702880859, 137.961746216, 259.196166992, -80.1565246582, 158.520004272, -102.154426575, 109.758407593, -62.799041748], [-201.522506714, 112.397262573, -1.26235437393, 6.41088724136, 141.933837891, 137.961746216, 244.585296631, 79.8986968994, 67.0977630615, -4.20764923096, 52.0611953735, 12.2332277298, 26.1802368164], [1376.22546387, -969.775695801, 187.312133789, 214.306732178, -18.5027065277, 259.196166992, 79.8986968994, 253.695678711, 20.3656520844, 138.403839111, -50.296421051, 73.7942504883, -35.0702400208], [-841.13458252, 434.844207764, -62.3444824219, -131.631881714, 66.1167984009, -80.1565246582, 67.0977630615, 20.3656520844, 155.163131714, 24.5165290833, 76.170791626, -14.7618093491, 24.1937351227], [899.764709473, -762.694396973, 182.93838501, 126.179374695, -44.6192398071, 158.520004272, -4.20764923096, 138.403839111, 24.5165290833, 186.087966919, 7.83730268478, 80.539680481, -29.1091117859], [-966.481201172, 553.228759766, -71.0211715698, -161.741012573, 52.6535263062, -102.154426575, 52.0611953735, -50.296421051, 76.170791626, 7.83730268478, 152.615463257, 24.1513843536, 46.641544342], [573.335083008, -495.785919189, 83.1891937256, 44.0916900635, -36.4004402161, 109.758407593, 12.2332277298, 73.7942504883, -14.7618093491, 80.539680481, 24.1513843536, 120.143096924, 25.1716423035], [-475.635894775, 304.959197998, -83.7895355225, -93.9752120972, 11.1919708252, -62.799041748, 26.1802368164, -35.0702400208, 24.1937351227, -29.1091117859, 46.641544342, 25.1716423035, 95.9928131104]],
        "icov": [[9.45467836573e-05, 5.73244433326e-05, 0.00014092483616, -0.000117105104437, -0.000160605879501, 7.86921009421e-05, 4.97732362419e-05, -0.000256919680396, 0.000358471908839, -0.000193445652258, 0.000170554412762, -0.000108958323835, 5.41830668226e-05], [5.73244433326e-05, 0.000885439338163, 1.03391503217e-05, 0.000132685527205, -0.000510357378516, 0.000567319686525, -4.7821780754e-05, 0.000747220532503, -0.000825254828669, 0.00149345945101, -0.0015964359045, 0.00155062112026, -0.000643358449452], [0.00014092483616, 1.03391503217e-05, 0.00207221973687, -0.000331890245434, -0.000954841612838, -0.000636755954474, 0.000836075574625, -0.000666012172587, 0.00106463220436, -0.0015310854651, 0.000287907168968, -0.000351289927494, 0.000592314521782], [-0.000117105104437, 0.000132685527205, -0.000331890245434, 0.00261171045713, 0.00019101864018, -0.00139717047568, 0.000454292719951, -0.00037107814569, 0.000484971824335, 0.000264896661974, -0.000353279989213, 0.00190984713845, -0.000301490537822], [-0.000160605879501, -0.000510357378516, -0.000954841612838, 0.00019101864018, 0.00446808943525, -0.0022378473077, -0.000955693772994, 0.0014658740256, -0.00232917303219, 0.00140707066748, -0.000712936627679, 0.000726888363715, 0.000159871007781], [7.86921009421e-05, 0.000567319686525, -0.000636755954474, -0.00139717047568, -0.0022378473077, 0.00882607232779, -0.00512732192874, -0.00130162271671, 0.0038024103269, -0.00286654708907, 0.00304922834039, -0.00295221991837, 0.00108676869422], [4.97732362419e-05, -4.7821780754e-05, 0.000836075574625, 0.000454292719951, -0.000955693772994, -0.00512732192874, 0.0114659313112, -0.0050041358918, -0.00287654995918, 0.00583057524636, -0.0059849023819, 0.00245248875581, -0.00186720560305], [-0.000256919680396, 0.000747220532503, -0.000666012172587, -0.00037107814569, 0.0014658740256, -0.00130162271671, -0.0050041358918, 0.0164417605847, -0.00760187022388, -0.00349090597592, 0.00482034450397, -0.0028243965935, 0.00101358734537], [0.000358471908839, -0.000825254828669, 0.00106463220436, 0.000484971824335, -0.00232917303219, 0.0038024103269, -0.00287654995918, -0.00760187022388, 0.0193642675877, -0.00903965625912, -0.00126260449179, 0.00374203082174, -0.00142111629248], [-0.000193445652258, 0.00149345945101, -0.0015310854651, 0.000264896661974, 0.00140707066748, -0.00286654708907, 0.00583057524636, -0.00349090597592, -0.00903965625912, 0.0220232736319, -0.00969986524433, -0.00179419748019, 0.00245512556285], [0.000170554412762, -0.0015964359045, 0.000287907168968, -0.000353279989213, -0.000712936627679, 0.00304922834039, -0.0059849023819, 0.00482034450397, -0.00126260449179, -0.00969986524433, 0.0216532945633, -0.0110492976382, 0.00104671157897], [-0.000108958323835, 0.00155062112026, -0.000351289927494, 0.00190984713845, 0.000726888363715, -0.00295221991837, 0.00245248875581, -0.0028243965935, 0.00374203082174, -0.00179419748019, -0.0110492976382, 0.0252405274659, -0.010357006453], [5.41830668226e-05, -0.000643358449452, 0.000592314521782, -0.000301490537822, 0.000159871007781, 0.00108676869422, -0.00186720560305, 0.00101358734537, -0.00142111629248, 0.00245512556285, 0.00104671157897, -0.010357006453, 0.01783349365]]
    },
    "melbands": {
        "dmean": [0.00388977560215, 0.00233728438616, 0.00119526218623, 0.00039939006092, 0.000122929472127, 0.000149957850226, 0.000198552967049, 9.39339370234e-05, 5.47457202629e-05, 8.05444360594e-05, 7.33471097192e-05, 4.91519094794e-05, 3.2256662962e-05, 3.49796719092e-05, 2.27431028179e-05, 2.14060364669e-05, 1.77655074367e-05, 2.55709874182e-05, 1.87125824596e-05, 1.41171422001e-05, 2.61360128206e-05, 1.50458981807e-05, 2.01576349355e-05, 1.52976044774e-05, 1.05396075014e-05, 1.12471097964e-05, 9.77068975772e-06, 9.74174236035e-06, 9.78960088105e-06, 8.62688375491e-06, 9.90469197859e-06, 9.90056287264e-06, 7.95509822638e-06, 6.54567975289e-06, 7.16994418326e-06, 7.57314546718e-06, 7.2784951044e-06, 7.9823885244e-06, 6.30809790891e-06, 5.84913095736e-06],
        "dmean2": [0.00534201739356, 0.00330624380149, 0.00213369983248, 0.000696237606462, 0.000217298220377, 0.000225187730393, 0.000314014265314, 0.000153200104251, 8.60122963786e-05, 0.000129217209178, 0.000119775650091, 8.06966781965e-05, 5.14681087225e-05, 5.51388366148e-05, 3.61148304364e-05, 3.41216982633e-05, 2.95977151836e-05, 4.38966999354e-05, 3.26691806549e-05, 2.3817165129e-05, 4.45095211035e-05, 2.55362174357e-05, 3.41206687153e-05, 2.58761865553e-05, 1.75985642272e-05, 1.91510880541e-05, 1.63737513503e-05, 1.65445435414e-05, 1.62548658409e-05, 1.46432748807e-05, 1.64001339726e-05, 1.63482109201e-05, 1.31955948746e-05, 1.06418592623e-05, 1.170696396e-05, 1.26949016703e-05, 1.21694929476e-05, 1.33153325805e-05, 1.03102674984e-05, 9.26571556192e-06],
        "dvar": [3.09277056658e-05, 2.6979312679e-05, 1.73723183252e-05, 2.44205307354e-06, 2.77774375945e-07, 1.19458363201e-07, 2.22935298666e-07, 6.22422078322e-08, 3.65021755044e-08, 5.0257572326e-08, 3.94789587688e-08, 1.41555096533e-08, 6.48661613312e-09, 5.63460478276e-09, 1.50400147891e-09, 1.15444476201e-09, 8.86248130438e-10, 3.02978309108e-09, 1.35096778209e-09, 5.16676978979e-10, 2.38569652922e-09, 7.5506856323e-10, 1.1917878906e-09, 5.73506075963e-10, 2.32526872757e-10, 2.75562767049e-10, 2.6479021753e-10, 2.40853087474e-10, 2.36766273254e-10, 1.45845599486e-10, 2.32425884095e-10, 2.57831367367e-10, 1.43205794445e-10, 8.70575833645e-11, 1.07688143125e-10, 1.52395387976e-10, 1.39944542066e-10, 1.83877524318e-10, 1.077304565e-10, 7.53311996116e-11],
        "dvar2": [6.04249871685e-05, 5.75005578867e-05, 4.82776122226e-05, 6.09866265222e-06, 7.84337657933e-07, 2.57132370507e-07, 4.84816780499e-07, 1.41526783182e-07, 7.51009352484e-08, 1.07575978348e-07, 8.67291376494e-08, 3.30038396612e-08, 1.3588769221e-08, 1.22934835645e-08, 3.53249562934e-09, 2.80681300424e-09, 2.45391107434e-09, 8.47372305657e-09, 3.90383325666e-09, 1.40557987471e-09, 6.45738884586e-09, 1.98129646023e-09, 3.24645421657e-09, 1.54039236921e-09, 6.22616402879e-10, 7.71053609849e-10, 6.91846413492e-10, 6.61098453758e-10, 5.83340598048e-10, 3.94399624071e-10, 6.19466034024e-10, 6.70350663867e-10, 3.59377277936e-10, 2.20079274249e-10, 2.69461841729e-10, 3.96295274374e-10, 3.61010471517e-10, 4.67919647473e-10, 2.75747175094e-10, 1.85728807334e-10],
        "max": [0.0435235723853, 0.0495102144778, 0.0339234657586, 0.0276568941772, 0.00993906706572, 0.00631724298, 0.00789988785982, 0.00526883779094, 0.00405520386994, 0.00541061675176, 0.00443300697953, 0.00293658673763, 0.00195693178102, 0.00127593136858, 0.000501828501001, 0.000491570797749, 0.000391079724068, 0.000610657967627, 0.000391455570934, 0.000240645546, 0.000643184233923, 0.00079814856872, 0.000464704731712, 0.000336495839292, 0.000183346492122, 0.000239633431192, 0.000320425344398, 0.000384660088457, 0.000328059977619, 0.000147524217027, 0.000152138076373, 0.000154764231411, 0.000144391306094, 0.000102744117612, 9.81381672318e-05, 9.78284733719e-05, 0.000135507725645, 0.000103064798168, 7.31228283257e-05, 7.11391257937e-05],
        "mean": [0.00863514468074, 0.0037877401337, 0.000989751890302, 0.000359633006155, 0.000121668213978, 0.000334188516717, 0.000368034874555, 0.000137473121868, 6.99829761288e-05, 0.00010799629672, 0.000103423524706, 7.86222080933e-05, 4.65713710582e-05, 4.9537189625e-05, 3.46373890352e-05, 3.61813436029e-05, 2.9221710065e-05, 3.37829915225e-05, 2.72088072961e-05, 2.39088512899e-05, 3.8374815631e-05, 2.38036336668e-05, 3.22972628055e-05, 2.47293355642e-05, 1.80641982297e-05, 1.83130341611e-05, 1.80243532668e-05, 1.86832985491e-05, 1.92669540411e-05, 1.4425124391e-05, 1.63944878295e-05, 1.38669038279e-05, 1.23675754367e-05, 1.14307076728e-05, 1.24845364553e-05, 1.18518200907e-05, 1.19368878586e-05, 1.07337536974e-05, 9.24531468627e-06, 1.00851102616e-05],
        "median": [0.00766371563077, 0.00173089676537, 0.000164392069564, 7.01966491761e-05, 3.7866007915e-05, 6.94822956575e-05, 7.81148410169e-05, 3.66804633813e-05, 1.59627761604e-05, 1.92371226149e-05, 2.49701479333e-05, 1.65378442034e-05, 1.51650046973e-05, 1.223817344e-05, 1.31462575155e-05, 1.76554895006e-05, 1.58367711265e-05, 1.66914469446e-05, 1.46279708133e-05, 1.58964030561e-05, 1.76696848939e-05, 1.30391927087e-05, 1.58449511218e-05, 1.47933023982e-05, 1.12131092465e-05, 1.17183244583e-05, 9.75588591245e-06, 9.71755525825e-06, 1.06275401777e-05, 9.11271490622e-06, 1.05455110315e-05, 8.46385864861e-06, 7.87603130448e-06, 7.37013715479e-06, 8.16901410872e-06, 6.71265252095e-06, 6.32305318504e-06, 5.92657443121e-06, 5.85023508393e-06, 5.67312144995e-06],
        "min": [5.87757620172e-24, 3.74752396216e-24, 4.72540935091e-24, 4.76873477511e-24, 9.48055718022e-24, 3.45995181891e-24, 3.20357498294e-24, 4.08412538839e-24, 7.10274581843e-24, 5.08595270561e-24, 3.23668130576e-24, 4.7485446691e-24, 4.38376118703e-24, 5.53051526875e-24, 1.40053150267e-23, 9.36490622721e-24, 9.88078891592e-24, 5.28708304859e-24, 1.00864922856e-23, 1.90134158384e-23, 7.90096261399e-24, 9.45123837581e-24, 7.30316539773e-24, 7.38686669522e-24, 9.68641201116e-24, 1.04358724696e-23, 7.44203094946e-24, 6.6429606064e-24, 8.64438197562e-24, 9.34600669764e-24, 6.77621577937e-24, 4.3473221241e-24, 8.09582703479e-24, 5.76199782392e-24, 6.18824737557e-24, 1.04273945815e-23, 7.5773308499e-24, 9.0533677008e-24, 9.81001625981e-24, 8.41570303211e-24],
        "var": [8.16054016468e-05, 4.04275670007e-05, 1.08576696221e-05, 2.19832577386e-06, 1.78840835474e-07, 5.12376459483e-07, 6.03036085067e-07, 1.12203515812e-07, 5.94290483491e-08, 7.17482748769e-08, 5.93517910374e-08, 3.16991801697e-08, 1.21636762884e-08, 1.06109849796e-08, 3.16218962126e-09, 2.42098141534e-09, 1.48706480463e-09, 3.03691605197e-09, 1.41053535518e-09, 7.88098308835e-10, 3.12618642084e-09, 1.00469377262e-09, 2.2334638583e-09, 9.37845801019e-10, 4.29214969122e-10, 4.54442622422e-10, 6.21416529345e-10, 5.71600600185e-10, 7.82086173601e-10, 2.78663370157e-10, 3.5686811839e-10, 2.94270524615e-10, 2.01727856641e-10, 1.56415255748e-10, 1.90404594869e-10, 2.16127796215e-10, 2.5034263551e-10, 1.96779717521e-10, 1.28714067182e-10, 1.5122664232e-10]
    },
    "mfcc": {
        "mean": [-645.684204102, 79.8357772827, 18.2841148376, 22.8125667572, 13.9766597748, 11.3993558884, 7.33160018921, 10.5557804108, 8.9519071579, 7.76430892944, 6.8607339859, 7.76908636093, 6.05756044388],
        "cov": [[17070.7539062, -4935.10498047, 126.446281433, 791.50213623, 429.797698975, 597.701721191, 573.815490723, 348.235900879, 432.407897949, 364.192565918, 171.297302246, 141.25302124, -109.025985718], [-4935.10498047, 4343.77539062, -269.943939209, -349.212646484, -65.7769927979, -363.08605957, -332.285888672, -210.628433228, -282.724334717, -232.724517822, -152.072189331, -152.46762085, -15.9727716446], [126.446281433, -269.943939209, 475.2215271, 85.255569458, 73.9146194458, 83.7190628052, 65.4652099609, 23.4314613342, 28.5699653625, 23.9327945709, 27.6051673889, 26.734872818, 15.8667564392], [791.50213623, -349.212646484, 85.255569458, 390.276519775, 121.026756287, 106.700515747, 68.4589920044, 35.8474388123, 35.0401000977, 52.5752754211, 19.0094490051, 8.40746498108, -18.5952262878], [429.797698975, -65.7769927979, 73.9146194458, 121.026756287, 252.37828064, 142.468826294, 98.2480163574, 51.2635650635, 40.2214775085, 26.1628227234, 45.3423843384, 29.7254085541, -7.23785352707], [597.701721191, -363.08605957, 83.7190628052, 106.700515747, 142.468826294, 268.403839111, 194.238723755, 121.050979614, 83.6389389038, 44.1894760132, 52.2523002625, 43.4411697388, 5.96961545944], [573.815490723, -332.285888672, 65.4652099609, 68.4589920044, 98.2480163574, 194.238723755, 232.255218506, 148.964889526, 85.4978942871, 56.4633827209, 55.5620269775, 42.9506340027, 18.7588863373], [348.235900879, -210.628433228, 23.4314613342, 35.8474388123, 51.2635650635, 121.050979614, 148.964889526, 166.682601929, 101.64982605, 57.3650474548, 52.4418792725, 30.5027275085, 11.4169692993], [432.407897949, -282.724334717, 28.5699653625, 35.0401000977, 40.2214775085, 83.6389389038, 85.4978942871, 101.64982605, 130.278289795, 78.7055053711, 50.4093894958, 29.1972904205, 4.27518033981], [364.192565918, -232.724517822, 23.9327945709, 52.5752754211, 26.1628227234, 44.1894760132, 56.4633827209, 57.3650474548, 78.7055053711, 118.42691803, 72.7338180542, 39.2872238159, 11.9811286926], [171.297302246, -152.072189331, 27.6051673889, 19.0094490051, 45.3423843384, 52.2523002625, 55.5620269775, 52.4418792725, 50.4093894958, 72.7338180542, 121.105278015, 69.164680481, 28.7261161804], [141.25302124, -152.46762085, 26.734872818, 8.40746498108, 29.7254085541, 43.4411697388, 42.9506340027, 30.5027275085, 29.1972904205, 39.2872238159, 69.164680481, 105.696563721, 55.3139801025], [-109.025985718, -15.9727716446, 15.8667564392, -18.5952262878, -7.23785352707, 5.96961545944, 18.7588863373, 11.4169692993, 4.27518033981, 11.9811286926, 28.7261161804, 55.3139801025, 85.1967773438]],
