{
"lowlevel": {
    "average_loudness": 0.868888139725,
    "barkbands_crest": {
        "dmean": 2.68479299545,
        "dmean2": 3.98362803459,
        "dvar": 6.48050785065,
        "dvar2": 13.6005458832,
        "max": 26.4623947144,
        "mean": 11.3060083389,
        "median": 10.302532196,
        "min": 2.23747158051,
        "var": 26.2490062714
    },
    "barkbands_flatness_db": {
        "dmean": 0.0239381473511,
        "dmean2": 0.0336834006011,
        "dvar": 0.000897396181244,
        "dvar2": 0.00167861825321,
        "max": 0.444961756468,
        "mean": 0.123983748257,
        "median": 0.102992631495,
        "min": 0.0173602271825,
        "var": 0.00490061054006
    },
    "barkbands_kurtosis": {
        "dmean": 3.68609595299,
        "dmean2": 5.24872875214,
        "dvar": 86.3689117432,
        "dvar2": 160.106231689,
        "max": 167.581710815,
        "mean": 4.02186250687,
        "median": 1.07345724106,
        "min": -1.87208783627,
        "var": 137.449966431
    },
    "barkbands_skewness": {
        "dmean": 0.609225869179,
        "dmean2": 0.850963056087,
        "dvar": 0.768844366074,
        "dvar2": 1.27566039562,
        "max": 12.6438150406,
        "mean": 1.31237721443,
        "median": 1.05524194241,
        "min": -2.43237185478,
        "var": 2.17440629005
    },
    "barkbands_spread": {
        "dmean": 6.83524751663,
        "dmean2": 9.91302967072,
        "dvar": 71.889213562,
        "dvar2": 151.453826904,
        "max": 104.319374084,
        "mean": 27.6934070587,
        "median": 26.3704948425,
        "min": 0.853376626968,
        "var": 268.832275391
    },
    "dissonance": {
        "dmean": 0.0186146311462,
        "dmean2": 0.0306642819196,
        "dvar": 0.000408947147662,
        "dvar2": 0.00106848007999,
        "max": 0.500000178814,
        "mean": 0.463302493095,
        "median": 0.474294662476,
        "min": 0.19548612833,
        "var": 0.00127327477094
    },
    "dynamic_complexity": 3.38928675652,
    "erbbands_crest": {
        "dmean": 2.79300618172,
        "dmean2": 4.44148874283,
        "dvar": 7.66066026688,
        "dvar2": 18.1506385803,
        "max": 32.9417495728,
        "mean": 9.82964134216,
        "median": 8.29354095459,
        "min": 2.39112234116,
        "var": 28.8899326324
    },
    "erbbands_flatness_db": {
        "dmean": 0.0158327072859,
        "dmean2": 0.0240873489529,
        "dvar": 0.000273267854936,
        "dvar2": 0.000593827338889,
        "max": 0.473775237799,
        "mean": 0.152262926102,
        "median": 0.125916898251,
        "min": 0.0518711060286,
        "var": 0.00495270779356
    },
    "erbbands_kurtosis": {
        "dmean": 1.09591281414,
        "dmean2": 1.68864297867,
        "dvar": 4.72285079956,
        "dvar2": 11.0996656418,
        "max": 51.8457260132,
        "mean": 0.916708290577,
        "median": -0.0665196180344,
        "min": -1.85974109173,
        "var": 10.4606304169
    },
    "erbbands_skewness": {
        "dmean": 0.347852408886,
        "dmean2": 0.515330553055,
        "dvar": 0.137058839202,
        "dvar2": 0.294011116028,
        "max": 5.6513915062,
        "mean": 0.487188339233,
        "median": 0.347150623798,
        "min": -2.41416835785,
        "var": 0.667079389095
    },
    "erbbands_spread": {
        "dmean": 9.42913913727,
        "dmean2": 13.7142086029,
        "dvar": 223.494400024,
        "dvar2": 354.02722168,
        "max": 164.989486694,
        "mean": 38.3824272156,
        "median": 35.8538742065,
        "min": 1.13679862022,
        "var": 628.635742188
    },
    "hfc": {
        "dmean": 8.04731178284,
        "dmean2": 11.2871236801,
        "dvar": 177.618362427,
        "dvar2": 391.059875488,
        "max": 211.330917358,
        "mean": 25.0090427399,
        "median": 17.6898517609,
        "min": 1.19209444998e-16,
        "var": 648.453125
    },
    "melbands_crest": {
        "dmean": 3.42458081245,
        "dmean2": 5.38980340958,
        "dvar": 11.9637794495,
        "dvar2": 27.1284809113,
        "max": 36.0755195618,
        "mean": 17.1525497437,
        "median": 15.9780950546,
        "min": 2.73690891266,
        "var": 50.3393859863
    },
    "melbands_flatness_db": {
        "dmean": 0.0295257903636,
        "dmean2": 0.0416208691895,
        "dvar": 0.00138940440957,
        "dvar2": 0.0026927429717,
        "max": 0.523737370968,
        "mean": 0.187262177467,
        "median": 0.170231223106,
        "min": 0.0080488184467,
        "var": 0.00661133648828
    },
    "melbands_kurtosis": {
        "dmean": 17.7786178589,
        "dmean2": 26.2045650482,
        "dvar": 3500.91235352,
        "dvar2": 7262.00146484,
        "max": 759.537902832,
        "mean": 20.3753566742,
        "median": 5.12748765945,
        "min": -1.68370079994,
        "var": 4293.55859375
    },
    "melbands_skewness": {
        "dmean": 1.03896284103,
        "dmean2": 1.46216344833,
        "dvar": 4.12260723114,
        "dvar2": 7.21527147293,
        "max": 22.3318958282,
        "mean": 2.56309556961,
        "median": 1.88227140903,
        "min": -2.35792469978,
        "var": 9.2152633667
    },
    "melbands_spread": {
        "dmean": 8.78508758545,
        "dmean2": 13.2635984421,
        "dvar": 151.764892578,
        "dvar2": 327.540496826,
        "max": 195.922546387,
        "mean": 28.0168704987,
        "median": 23.67786026,
        "min": 0.773425340652,
        "var": 391.020019531
    },
    "pitch_salience": {
        "dmean": 0.0767212957144,
        "dmean2": 0.117086306214,
        "dvar": 0.00774834724143,
        "dvar2": 0.0165371149778,
        "max": 0.965746164322,
        "mean": 0.489315658808,
        "median": 0.50763553381,
        "min": 0.047891125083,
        "var": 0.0210553966463
    },
    "silence_rate_20dB": {
        "dmean": 0,
        "dmean2": 0,
        "dvar": 0,
        "dvar2": 0,
        "max": 1,
        "mean": 1,
        "median": 1,
        "min": 1,
        "var": 0
    },
    "silence_rate_30dB": {
        "dmean": 0,
        "dmean2": 0,
        "dvar": 0,
        "dvar2": 0,
        "max": 1,
        "mean": 1,
        "median": 1,
        "min": 1,
        "var": 0
    },
    "silence_rate_60dB": {
        "dmean": 0.0204261764884,
        "dmean2": 0.040857501328,
        "dvar": 0.0200087614357,
        "dvar2": 0.0480175241828,
        "max": 1,
        "mean": 0.0595057979226,
        "median": 0,
        "min": 0,
        "var": 0.0559639148414
    },
    "spectral_centroid": {
        "dmean": 278.860900879,
        "dmean2": 403.150146484,
        "dvar": 123659.34375,
        "dvar2": 231984.578125,
        "max": 10749.8125,
        "mean": 1653.89282227,
        "median": 1614.99694824,
        "min": 337.260986328,
        "var": 535918.8125
    },
    "spectral_complexity": {
        "dmean": 4.37397575378,
        "dmean2": 6.62496852875,
        "dvar": 29.7653903961,
        "dvar2": 64.0734481812,
        "max": 58,
        "mean": 19.2714328766,
        "median": 19,
        "min": 0,
        "var": 111.580352783
    },
    "spectral_decrease": {
        "dmean": 1.65242564076e-09,
        "dmean2": 2.42325626232e-09,
        "dvar": 5.24385607218e-18,
        "dvar2": 9.94344219055e-18,
        "max": 3.00841572152e-29,
        "mean": -6.87529322363e-09,
        "median": -5.14363174275e-09,
        "min": -2.62046224719e-08,
        "var": 3.59944533353e-17
    },
    "spectral_energy": {
        "dmean": 0.00654138950631,
        "dmean2": 0.00957055576146,
        "dvar": 8.0955629528e-05,
        "dvar2": 0.000159169867402,
        "max": 0.103589817882,
        "mean": 0.0282172597945,
        "median": 0.0216142982244,
        "min": 1.06991175499e-20,
        "var": 0.000576612888835
    },
    "spectral_energyband_high": {
        "dmean": 0.000629580346867,
        "dmean2": 0.000857036095113,
        "dvar": 1.06632546704e-06,
        "dvar2": 2.06330219044e-06,
        "max": 0.014376710169,
        "mean": 0.00162469584029,
        "median": 0.000778008019552,
        "min": 7.95855751276e-21,
        "var": 4.77294179291e-06
    },
    "spectral_energyband_low": {
        "dmean": 0.00507006747648,
        "dmean2": 0.00737953698263,
        "dvar": 8.31817451399e-05,
        "dvar2": 0.000142675446114,
        "max": 0.0872927457094,
        "mean": 0.0154270567,
        "median": 0.00614044582471,
        "min": 8.55116701562e-23,
        "var": 0.000423630670412
    },
    "spectral_energyband_middle_high": {
        "dmean": 0.00239544268698,
        "dmean2": 0.00370995164849,
        "dvar": 2.37642070715e-05,
        "dvar2": 6.02385771344e-05,
        "max": 0.068375132978,
        "mean": 0.00545424874872,
        "median": 0.00388985290192,
        "min": 1.554867109e-21,
        "var": 3.80979909096e-05
    },
    "spectral_energyband_middle_low": {
        "dmean": 0.00232859095559,
        "dmean2": 0.00347216660157,
        "dvar": 9.45487408899e-06,
        "dvar2": 2.22059825319e-05,
        "max": 0.0510061457753,
        "mean": 0.00632974971086,
        "median": 0.00546953920275,
        "min": 3.71065149904e-22,
        "var": 2.26608972298e-05
    },
    "spectral_entropy": {
        "dmean": 0.141855701804,
        "dmean2": 0.211977571249,
        "dvar": 0.0259966608137,
        "dvar2": 0.0571001917124,
        "max": 9.78549003601,
        "mean": 7.76940965652,
        "median": 7.90926599503,
        "min": 4.97342014313,
        "var": 0.267852306366
    },
    "spectral_flux": {
        "dmean": 0.02221538499,
        "dmean2": 0.0297760087997,
        "dvar": 0.000687067979015,
        "dvar2": 0.00113423494622,
        "max": 0.28575783968,
        "mean": 0.0745473280549,
        "median": 0.0597427934408,
        "min": 1.03436537113e-10,
        "var": 0.00263209315017
    },
    "spectral_kurtosis": {
        "dmean": 2.16659855843,
        "dmean2": 3.65569043159,
        "dvar": 46.1065559387,
        "dvar2": 133.945495605,
        "max": 137.620956421,
        "mean": 5.83947515488,
        "median": 2.91146683693,
        "min": -1.21808254719,
        "var": 149.373397827
    },
    "spectral_rms": {
        "dmean": 0.000594905868638,
        "dmean2": 0.00086148706032,
        "dvar": 5.25554867181e-07,
        "dvar2": 1.04855269001e-06,
        "max": 0.0100530218333,
        "mean": 0.00472151068971,
        "median": 0.00459207128733,
        "min": 3.23081470431e-12,
        "var": 5.23649578099e-06
    },
    "spectral_rolloff": {
        "dmean": 650.564086914,
        "dmean2": 1050.23791504,
        "dvar": 1085664.625,
        "dvar2": 2309428.25,
        "max": 18453.9550781,
        "mean": 1746.58203125,
        "median": 1184.32617188,
        "min": 64.599609375,
        "var": 2512387.25
    },
    "spectral_skewness": {
        "dmean": 0.222616314888,
        "dmean2": 0.351777821779,
        "dvar": 0.171214640141,
        "dvar2": 0.481808781624,
        "max": 9.22095298767,
        "mean": 1.58835577965,
        "median": 1.41323018074,
        "min": -0.271248549223,
        "var": 0.816143333912
    },
    "spectral_spread": {
        "dmean": 525521.8125,
        "dmean2": 733101.5,
        "dvar": 480442417152,
        "dvar2": 681674604544,
        "max": 40689752,
        "mean": 5233288.5,
        "median": 5301312,
        "min": 525793.8125,
        "var": 3.14010894336e+12
    },
    "spectral_strongpeak": {
        "dmean": 0.390441834927,
        "dmean2": 0.636262178421,
        "dvar": 0.490752756596,
        "dvar2": 1.23910844326,
        "max": 10.733707428,
        "mean": 0.808941602707,
        "median": 0.517068386078,
        "min": 0,
        "var": 0.845111727715
    },
    "zerocrossingrate": {
        "dmean": 0.0131502244622,
        "dmean2": 0.0149798281491,
        "dvar": 0.00027758203214,
        "dvar2": 0.00034345901804,
        "max": 0.79345703125,
        "mean": 0.0713010653853,
        "median": 0.06298828125,
        "min": 0.00927734375,
        "var": 0.00180738000199
    },
    "barkbands": {
        "dmean": [0.000420388794737, 0.00488544534892, 0.00186461454723, 0.000569337629713, 0.000288312556222, 0.000257005216554, 0.0003419368295, 0.00104334088974, 0.000593460106757, 0.000425258273026, 0.000518376531545, 0.00067163730273, 0.000246713287197, 0.000349008245394, 0.000365356536349, 0.000185566328582, 0.000410600128816, 0.000252614496276, 0.000257098930888, 0.000208525525522, 0.000176718123839, 0.000159717077622, 0.000124062527902, 9.71025510808e-05, 7.67723904573e-05, 3.93432601413e-05, 8.69059294928e-06],
        "dmean2": [0.000464807351818, 0.00725944433361, 0.00320439855568, 0.00105634494685, 0.000473858846817, 0.000389217049815, 0.000520855654031, 0.00143896671943, 0.0008597553242, 0.000623069528956, 0.000832089863252, 0.00108956301119, 0.00040446605999, 0.000572170189116, 0.000589339702856, 0.000314854783937, 0.000685651612002, 0.000417137081968, 0.000419174291892, 0.000315646087984, 0.000270836084383, 0.000240938272327, 0.000188115358469, 0.00014647381613, 0.00011187610653, 5.52940073248e-05, 1.34014999276e-05],
        "dvar": [6.37845687379e-07, 9.18408477446e-05, 3.68674045603e-05, 4.25527878178e-06, 3.79786570193e-07, 1.47354086266e-07, 5.41521671948e-07, 3.0599890124e-06, 1.79417679647e-06, 1.73669843662e-06, 3.12881570608e-06, 4.03502281188e-06, 4.50793947948e-07, 1.14297461096e-06, 9.78780008154e-07, 2.72572151516e-07, 1.40679321703e-06, 3.78795988354e-07, 5.79270647449e-07, 1.68250835486e-07, 1.24736260432e-07, 8.59080202531e-08, 6.09165198284e-08, 2.90561281702e-08, 1.88305051552e-08, 4.86657647514e-09, 4.03030109286e-10],
        "dvar2": [7.15452301847e-07, 0.000165115052368, 9.88448155113e-05, 1.23740492199e-05, 1.01131422525e-06, 3.17632213864e-07, 1.18705793284e-06, 5.87129125051e-06, 3.66545941688e-06, 3.81149538953e-06, 8.5208175733e-06, 1.08825170173e-05, 1.18343064059e-06, 3.01021418636e-06, 2.54131873589e-06, 7.44184319501e-07, 3.82325333703e-06, 1.02946410152e-06, 1.57882050189e-06, 3.94470873744e-07, 3.03789619238e-07, 1.95754878973e-07, 1.44621836284e-07, 6.49741949132e-08, 4.29473487884e-08, 9.97810456482e-09, 9.23760068439e-10],
        "max": [0.0101513424888, 0.0819861590862, 0.0452598556876, 0.0183836519718, 0.00923173967749, 0.00602871412411, 0.0205225162208, 0.0439281277359, 0.0402031354606, 0.0344284847379, 0.0474751740694, 0.0451356582344, 0.018721614033, 0.0311901979148, 0.0243967995048, 0.014476781711, 0.0381502434611, 0.0147048104554, 0.0195567738265, 0.00828388053924, 0.00665052281693, 0.00436107767746, 0.00530140521005, 0.00284733902663, 0.00200351304375, 0.000898442114703, 0.000257864245214],
        "mean": [0.000916442077141, 0.0119338538498, 0.00218049646355, 0.000625653075986, 0.000558356812689, 0.000591470336076, 0.000731519132387, 0.00226250034757, 0.00111173675396, 0.000790832273196, 0.000769622158259, 0.000942272541579, 0.00035814329749, 0.000484033807879, 0.000541934277862, 0.000247308722464, 0.000578923558351, 0.00038834894076, 0.000412206805777, 0.000389251188608, 0.00033399174572, 0.000306139903842, 0.000257466715993, 0.00021966881468, 0.000181115086889, 9.0987967269e-05, 1.30538628582e-05],
        "median": [6.6679858719e-05, 0.00331924855709, 0.000471165258205, 0.00013986590784, 0.000288949930109, 0.000347434193827, 0.000363226805348, 0.00114626181312, 0.000472257728688, 0.000273631419986, 0.000266840623226, 0.000345931737684, 0.000176995235961, 0.000168153928826, 0.000204964817385, 0.000124248501379, 0.000216250424273, 0.000152701846673, 0.000162541575264, 0.00016443975619, 0.000143609620864, 0.000137667171657, 0.000119274343888, 9.31350587052e-05, 7.82869756222e-05, 3.98983756895e-05, 1.20624940791e-06],
        "min": [3.68995273552e-23, 2.14568620053e-23, 4.57984053252e-23, 1.6194516057e-23, 7.59096299743e-23, 3.40064083843e-23, 7.16294852727e-23, 1.41979059504e-22, 2.73208122126e-23, 2.40112646139e-23, 7.24437348773e-23, 1.01314731344e-22, 9.6665828879e-23, 1.02318787193e-22, 1.21382645953e-22, 1.73706123722e-22, 2.52883537421e-22, 2.82684985859e-22, 2.16910849055e-22, 2.32695059622e-22, 3.03788087925e-22, 4.01440762864e-22, 5.0755744831e-22, 9.03369278407e-22, 1.3409601413e-21, 1.94765652898e-21, 2.49725099916e-21],
        "var": [3.17402736982e-06, 0.000328798836563, 2.86926406261e-05, 3.20482286043e-06, 5.68504674447e-07, 4.80943413095e-07, 1.37442202686e-06, 1.04639375422e-05, 4.59670445707e-06, 4.38153938376e-06, 3.25700693793e-06, 4.06221943194e-06, 5.08041750891e-07, 1.26420320612e-06, 1.23328266e-06, 2.31802133044e-07, 1.47421178553e-06, 4.78317815578e-07, 6.80268328779e-07, 4.12995007082e-07, 3.00877388781e-07, 2.23581579917e-07, 1.49258184479e-07, 1.00270959535e-07, 6.67344011163e-08, 1.58191397759e-08, 7.17475912015e-10]
    },
    "erbbands": {
        "dmean": [0.194463267922, 1.13258469105, 2.1464369297, 1.95386278629, 1.24909961224, 0.904719173908, 1.79610168934, 1.87586462498, 3.34611272812, 10.4426593781, 27.3964920044, 11.3548164368, 13.0535430908, 12.6771373749, 21.4534015656, 29.6543540955, 12.5579738617, 17.9394798279, 18.3355617523, 11.2329692841, 14.2794752121, 17.8708705902, 11.9807310104, 15.3897333145, 12.2890863419, 9.80640220642, 7.3347659111, 6.69234991074, 5.93527460098, 4.55579805374, 3.57375955582, 2.36102414131, 1.5812189579, 1.04150164127, 0.495672941208, 0.213373869658, 0.0654245167971, 0.0163411274552, 0.00125702982768, 2.30932328122e-05],
        "dmean2": [0.249190419912, 1.57322371006, 3.42265439034, 3.43533539772, 2.16518187523, 1.49206471443, 2.84066915512, 2.81611394882, 5.02196598053, 14.8272609711, 37.755241394, 16.5517139435, 18.8738918304, 19.9366092682, 34.9479904175, 48.0347747803, 20.4604358673, 29.2750282288, 29.3258323669, 18.3252983093, 24.0171852112, 29.8793449402, 19.3721656799, 25.580997467, 19.6046104431, 14.8569517136, 11.0650148392, 10.4244537354, 8.99847888947, 7.00815057755, 5.47842645645, 3.61495804787, 2.39589238167, 1.59792554379, 0.709199011326, 0.305767923594, 0.0920539870858, 0.0236930381507, 0.00194773485418, 3.3603169868e-05],
        "dvar": [0.10955838114, 6.01775026321, 42.2080917358, 43.1740684509, 12.6062078476, 3.23784375191, 9.27029895782, 7.41221046448, 38.0228538513, 380.751312256, 2336.79882812, 523.522521973, 1743.33227539, 1981.83984375, 7425.82910156, 7845.72216797, 1045.2677002, 2576.26904297, 2303.58105469, 855.349304199, 1559.71813965, 2486.3984375, 743.076599121, 2534.6394043, 1348.57092285, 453.25970459, 192.556243896, 207.715942383, 133.15524292, 61.8528327942, 68.8462142944, 22.1603221893, 7.17612934113, 4.09168958664, 0.690288007259, 0.129961892962, 0.0138313807547, 0.0012938916916, 8.79596518644e-06, 2.01760252949e-09],
        "dvar2": [0.158902525902, 10.8684892654, 103.164260864, 121.644226074, 35.670124054, 8.2332649231, 21.8336639404, 15.2891225815, 85.3967666626, 765.234985352, 4411.3515625, 1156.35314941, 3576.19140625, 5286.94433594, 20468.0292969, 21074.03125, 2705.90014648, 6792.09521484, 5748.12109375, 2343.08618164, 4215.00341797, 6773.17626953, 1954.09814453, 7174.09863281, 3553.31445312, 1082.0925293, 449.246856689, 517.981811523, 312.208312988, 143.920196533, 175.69392395, 52.9919319153, 16.7330112457, 9.86891937256, 1.44222140312, 0.271343708038, 0.0281921811402, 0.00281047984026, 2.03143936233e-05, 4.4535313215e-09],
        "max": [3.93450522423, 21.3012981415, 47.6233062744, 56.6753616333, 51.7128372192, 27.1545448303, 57.7239532471, 49.2477760315, 151.819946289, 369.12210083, 1203.47875977, 597.511901855, 1004.9552002, 1977.93713379, 2297.81982422, 2054.35375977, 725.69519043, 1599.10412598, 948.176086426, 685.789306641, 1263.43115234, 1452.52612305, 481.127716064, 1624.99108887, 933.885681152, 476.926971436, 247.010253906, 324.696746826, 226.107559204, 111.553344727, 234.658294678, 122.468597412, 34.8852310181, 35.6812667847, 15.4026966095, 4.90416908264, 1.61523973942, 0.490047931671, 0.041113127023, 0.000695819500834],
        "mean": [0.486932635307, 2.0848839283, 2.73192739487, 2.52431178093, 1.82573676109, 1.71944618225, 3.60763859749, 4.38686847687, 7.794444561, 23.671043396, 57.6300315857, 23.327999115, 25.2990875244, 21.7963085175, 30.2238311768, 43.1021270752, 20.2017784119, 26.5572299957, 28.3348007202, 18.1817054749, 20.5281448364, 26.331325531, 20.7699508667, 23.4381427765, 20.5031833649, 18.6414890289, 14.6501092911, 12.6351671219, 11.2614889145, 8.97917175293, 7.14981842041, 4.98576164246, 3.43608379364, 2.20897507668, 1.19376277924, 0.496447056532, 0.148168206215, 0.0316430516541, 0.00195233500563, 7.07261933712e-05],
        "median": [0.106499224901, 0.500523090363, 0.669383168221, 0.525206804276, 0.728990137577, 0.895482897758, 1.8400169611, 2.53479957581, 4.42328262329, 12.5685806274, 28.3948097229, 13.7337627411, 8.35485172272, 10.0335798264, 10.8016281128, 16.2398490906, 11.1436872482, 11.9986572266, 12.0641965866, 10.3774337769, 10.0377883911, 11.2203330994, 9.39530944824, 9.50070762634, 8.01553153992, 7.76052761078, 6.41407489777, 5.74523830414, 4.96849060059, 4.27127552032, 3.21009492874, 2.27043819427, 1.37029886246, 0.904949069023, 0.517521619797, 0.212621882558, 0.0637032315135, 0.010267640464, 0.00028265058063, 4.28368875873e-05],
        "min": [3.02190221762e-22, 7.21460629479e-21, 5.48712004171e-20, 4.42623053307e-20, 7.71102484536e-20, 4.37762384932e-19, 1.60806121204e-19, 3.13322057362e-19, 6.23512047034e-19, 2.97044962705e-18, 1.8415449599e-18, 6.50277957295e-19, 5.89304044501e-19, 9.93399247923e-19, 3.73829967619e-18, 4.3760460023e-18, 4.89801309884e-18, 4.39133974464e-18, 6.38900284425e-18, 7.25720044824e-18, 1.06681045195e-17, 1.55393521217e-17, 1.66232498917e-17, 8.8960164681e-18, 1.40536778389e-17, 1.22552068618e-17, 1.14081226294e-17, 1.14005621986e-17, 1.57681056114e-17, 1.54501754342e-17, 1.10611029916e-17, 1.83950889618e-17, 1.73132244017e-17, 1.17249501748e-17, 1.07998537116e-17, 8.23752610658e-18, 3.22648684205e-18, 1.30768528089e-18, 3.54016965356e-19, 3.81318953277e-20],
        "var": [0.592119276524, 13.6451015472, 40.4464683533, 36.339427948, 11.1072416306, 5.64941740036, 23.0296001434, 29.1415061951, 106.275337219, 1254.97973633, 7424.1328125, 1193.18029785, 4690.00585938, 2347.44677734, 6789.19726562, 8323.859375, 1211.54284668, 2966.98999023, 3313.5078125, 867.33392334, 1534.26904297, 2636.87744141, 1204.40307617, 2284.73657227, 1771.95080566, 1069.66455078, 544.117492676, 423.647064209, 312.704589844, 168.029067993, 131.421798706, 54.7812805176, 24.7435112, 11.0087490082, 2.89838337898, 0.474948048592, 0.0431436114013, 0.00272196764126, 1.56098303705e-05, 6.61312871131e-09]
    },
    "gfcc": {
        "mean": [-7.44093370438, 70.0678863525, -116.715568542, 25.5762062073, -57.2235221863, 23.6902065277, -25.5515422821, 20.0950775146, -13.4064598083, 12.4733896255, -12.7436485291, 2.20315742493, -15.5679016113],
        "cov": [[20116.9257812, -3080.86621094, 1298.02209473, 2470.23803711, 565.56262207, 1266.91040039, -100.862220764, 981.038574219, -405.735778809, 684.159606934, -386.836883545, 371.292327881, -420.273254395], [-3080.86621094, 2986.23852539, -519.02142334, -664.441040039, 90.2682647705, -529.448425293, 185.941970825, -382.92666626, 299.387512207, -341.800689697, 164.900741577, -233.588973999, 192.520248413], [1298.02209473, -519.02142334, 735.911071777, 436.830841064, 222.697250366, 264.482849121, 21.1019115448, 130.792984009, -69.0630264282, 106.978935242, -56.3438148499, 54.2251739502, -65.0516586304], [2470.23803711, -664.441040039, 436.830841064, 757.855529785, 105.519569397, 306.339080811, 52.2575531006, 135.833618164, -47.4045410156, 121.755096436, -35.5717926025, 57.9319229126, -64.8993530273], [565.56262207, 90.2682647705, 222.697250366, 105.519569397, 435.632568359, 122.037734985, 82.5542678833, 68.9224700928, 7.62067937851, 8.50235843658, 0.990729629993, -3.4289753437, -26.9636936188], [1266.91040039, -529.448425293, 264.482849121, 306.339080811, 122.037734985, 298.227996826, 32.3486022949, 141.798461914, -40.9691314697, 97.1723480225, -29.5934066772, 58.1609954834, -42.6154174805], [-100.862220764, 185.941970825, 21.1019115448, 52.2575531006, 82.5542678833, 32.3486022949, 173.651260376, 21.1575584412, 73.1800308228, 2.2318983078, 49.1563415527, -19.3243160248, 11.8538217545], [981.038574219, -382.92666626, 130.792984009, 135.833618164, 68.9224700928, 141.798461914, 21.1575584412, 195.551223755, 2.44284796715, 100.748725891, -12.9766044617, 60.1653709412, -15.2534532547], [-405.735778809, 299.387512207, -69.0630264282, -47.4045410156, 7.62067937851, -40.9691314697, 73.1800308228, 2.44284796715, 148.515060425, 6.95264673233, 50.5824737549, -29.3177089691, 35.6777458191], [684.159606934, -341.800689697, 106.978935242, 121.755096436, 8.50235843658, 97.1723480225, 2.2318983078, 100.748725891, 6.95264673233, 141.246749878, 30.0222129822, 55.9218330383, -21.9942512512], [-386.836883545, 164.900741577, -56.3438148499, -35.5717926025, 0.990729629993, -29.5934066772, 49.1563415527, -12.9766044617, 50.5824737549, 30.0222129822, 119.420722961, 35.066860199, 25.2450199127], [371.292327881, -233.588973999, 54.2251739502, 57.9319229126, -3.4289753437, 58.1609954834, -19.3243160248, 60.1653709412, -29.3177089691, 55.9218330383, 35.066860199, 114.324409485, 23.8503131866], [-420.273254395, 192.520248413, -65.0516586304, -64.8993530273, -26.9636936188, -42.6154174805, 11.8538217545, -15.2534532547, 35.6777458191, -21.9942512512, 25.2450199127, 23.8503131866, 89.4561691284]],
        "icov": [[0.000130675674882, -0.000108939333586, 0.000184826552868, -0.00041612656787, -8.58437488205e-05, 1.7278291125e-05, 9.58383752732e-05, -0.000343290594174, 0.000183203665074, -0.000358609220712, 0.000499284185935, -0.000348915084032, 0.000382895290386], [-0.000108939333586, 0.00113789609168, -0.000253469770541, 0.000524729897734, -0.000448887585662, 0.000677509699017, -0.000272647681413, 0.000812452693935, -0.00111568893772, 0.00158919906244, -0.0015414156951, 0.00142600433901, -0.00151171325706], [0.000184826552868, -0.000253469770541, 0.00297246337868, -0.0015638897894, -0.00111973809544, -0.00055475521367, 8.9614171884e-05, -6.57552518533e-05, 0.000725987309124, -0.00179266871419, 0.00202452065423, -0.00116729841102, 0.000825506576803], [-0.00041612656787, 0.000524729897734, -0.0015638897894, 0.00409079762176, 0.000675537856296, -0.0019272895297, -0.00111425668001, 0.00171285262331, -0.000817271415144, 0.000832959194668, -0.00140304653905, 0.000997776398435, -0.000867824885063], [-8.58437488205e-05, -0.000448887585662, -0.00111973809544, 0.000675537856296, 0.00369257549755, -0.00141473161057, -0.000927986693569, -0.00112668040674, 0.00031471150578, 0.0013776270207, -0.000880880805198, 0.000286660477286, 0.000993854133412], [1.7278291125e-05, 0.000677509699017, -0.00055475521367, -0.0019272895297, -0.00141473161057, 0.00972250103951, -0.00178181496449, -0.00236560986377, 0.000720907759387, -0.00105594203342, 0.00146614806727, -0.00127500214148, 0.000238447159063], [9.58383752732e-05, -0.000272647681413, 8.9614171884e-05, -0.00111425668001, -0.000927986693569, -0.00178181496449, 0.0103788701817, -0.00235049636103, -0.00273569207639, 0.00238438975066, -0.00486576743424, 0.00323669053614, -0.000423304241849], [-0.000343290594174, 0.000812452693935, -6.57552518533e-05, 0.00171285262331, -0.00112668040674, -0.00236560986377, -0.00235049636103, 0.0138501226902, -0.00351388403215, -0.00525432964787, 0.00434636836872, -0.00403355108574, -0.00100150215439], [0.000183203665074, -0.00111568893772, 0.000725987309124, -0.000817271415144, 0.00031471150578, 0.000720907759387, -0.00273569207639, -0.00351388403215, 0.0144441388547, -0.00453343847767, -0.00263530132361, 0.00585030065849, -0.00429300125688], [-0.000358609220712, 0.00158919906244, -0.00179266871419, 0.000832959194668, 0.0013776270207, -0.00105594203342, 0.00238438975066, -0.00525432964787, -0.00453343847767, 0.0202993527055, -0.00943473540246, -0.000109344131488, 0.00238676881418], [0.000499284185935, -0.0015414156951, 0.00202452065423, -0.00140304653905, -0.000880880805198, 0.00146614806727, -0.00486576743424, 0.00434636836872, -0.00263530132361, -0.00943473540246, 0.0218408126384, -0.0124606220052, 0.00382605893537], [-0.000348915084032, 0.00142600433901, -0.00116729841102, 0.000997776398435, 0.000286660477286, -0.00127500214148, 0.00323669053614, -0.00403355108574, 0.00585030065849, -0.000109344131488, -0.0124606220052, 0.0239877104759, -0.0117099620402], [0.000382895290386, -0.00151171325706, 0.000825506576803, -0.000867824885063, 0.000993854133412, 0.000238447159063, -0.000423304241849, -0.00100150215439, -0.00429300125688, 0.00238676881418, 0.00382605893537, -0.0117099620402, 0.0208414178342]]
    },
    "melbands": {
        "dmean": [0.0014161367435, 0.00111052766442, 0.000309011578793, 7.24136334611e-05, 5.3802086768e-05, 4.4973770855e-05, 5.77925093239e-05, 0.000127144521684, 0.000235451894696, 6.16609322606e-05, 6.53094830341e-05, 4.89039011882e-05, 6.30157301202e-05, 7.36414949642e-05, 5.85705238336e-05, 2.39538276219e-05, 3.80444507755e-05, 2.80415006273e-05, 2.65303478955e-05, 1.31358574436e-05, 2.03687668545e-05, 2.2726260795e-05, 1.09341144707e-05, 1.35255859277e-05, 1.31517608679e-05, 9.63225829764e-06, 7.72428120399e-06, 7.28623217583e-06, 4.7279172577e-06, 4.87929264636e-06, 4.38538154413e-06, 3.68608925783e-06, 3.14718204208e-06, 2.50101584243e-06, 2.31161970987e-06, 1.86509157629e-06, 1.40986207953e-06, 1.30709815949e-06, 9.7297549928e-07, 9.15181828987e-07],
        "dmean2": [0.00204076734371, 0.00159111153334, 0.000531800440513, 0.000121758042951, 8.53728561196e-05, 6.76523777656e-05, 8.64222820383e-05, 0.000177728841663, 0.000327141780872, 9.09693844733e-05, 9.44917919696e-05, 7.68832323956e-05, 0.000102564335975, 0.000120543991216, 9.45148713072e-05, 3.91030116589e-05, 6.24019739917e-05, 4.4899952627e-05, 4.31672888226e-05, 2.23846873268e-05, 3.44645995938e-05, 3.84062732337e-05, 1.77084402821e-05, 2.22787930397e-05, 2.2077043468e-05, 1.58037601068e-05, 1.22549236039e-05, 1.11407061922e-05, 7.152651051e-06, 7.63639854995e-06, 7.03306113792e-06, 5.67879715163e-06, 4.95363656228e-06, 3.8995963223e-06, 3.63506205758e-06, 2.8919550914e-06, 2.21718778448e-06, 2.03931290343e-06, 1.51653682678e-06, 1.44788964462e-06],
        "dvar": [6.63528862788e-06, 7.79334004619e-06, 9.97556412585e-07, 2.97264755034e-08, 7.82403741795e-09, 4.2480103879e-09, 1.38672779926e-08, 5.61527890852e-08, 1.78903192705e-07, 1.60284407968e-08, 4.51954811354e-08, 3.15631112358e-08, 6.05376584417e-08, 5.24146699377e-08, 3.21577466877e-08, 5.05268760165e-09, 1.2968755847e-08, 5.87768766991e-09, 6.18399154106e-09, 1.55193857765e-09, 4.08106304306e-09, 4.87487206158e-09, 7.62901908313e-10, 1.13042897265e-09, 2.17864792873e-09, 1.3071960181e-09, 3.08306186136e-10, 2.68092437139e-10, 7.76567074534e-11, 1.16233841996e-10, 1.29258256876e-10, 5.67453237177e-11, 3.37368501191e-11, 2.02046435138e-11, 2.97037359986e-11, 1.78487589292e-11, 8.46364905244e-12, 5.25948295332e-12, 3.33757023754e-12, 3.19717039302e-12],
        "dvar2": [1.0535472029e-05, 1.56467340275e-05, 2.73041541732e-06, 8.09672542346e-08, 1.8493427234e-08, 8.88681661593e-09, 2.99965421391e-08, 1.13176980676e-07, 3.49653760168e-07, 3.53271580877e-08, 9.34769204264e-08, 8.31966957549e-08, 1.66427412296e-07, 1.41399695508e-07, 8.55562518609e-08, 1.29714807784e-08, 3.41457706554e-08, 1.47765737424e-08, 1.68110272369e-08, 4.33172475667e-09, 1.10901385852e-08, 1.34202808866e-08, 1.8975927496e-09, 3.03255887069e-09, 6.19456619333e-09, 3.54014129123e-09, 7.4605599476e-10, 6.35358765599e-10, 1.78867462508e-10, 2.91273893893e-10, 3.47615936036e-10, 1.37031747061e-10, 8.27158896932e-11, 4.89989541996e-11, 7.67126015488e-11, 4.53204557216e-11, 2.07342268355e-11, 1.29736898308e-11, 8.16387062119e-12, 7.92244915504e-12],
        "max": [0.0255598686635, 0.0219707749784, 0.0085791638121, 0.00272444146685, 0.00160493236035, 0.00116725254338, 0.00322837103158, 0.004655695986, 0.00900694448501, 0.0032112293411, 0.0053407214582, 0.00744807394221, 0.00630096066743, 0.00569645361975, 0.0051636681892, 0.00216727610677, 0.0034013313707, 0.00152259727474, 0.00236609578133, 0.00117484794464, 0.0022407323122, 0.00229554623365, 0.000611052964814, 0.000703253201209, 0.00154921226203, 0.00104306533467, 0.000338079669746, 0.000324760767398, 0.000174874250661, 0.000230188496062, 0.000291635922622, 0.000128250045236, 8.39398271637e-05, 6.84026235831e-05, 0.000131673703436, 0.000107589359686, 8.36272956803e-05, 3.55004085577e-05, 2.93618777505e-05, 3.46945198544e-05],
        "mean": [0.00375465722755, 0.00189243955538, 0.000421313859988, 0.000124864076497, 0.000111996821943, 0.000105223574792, 0.000131419612444, 0.000289370305836, 0.000482256087707, 0.000120798948046, 0.00012323797273, 8.22979709483e-05, 8.94527183846e-05, 0.000103648097138, 8.6418542196e-05, 3.49912406818e-05, 5.25164759893e-05, 4.16550719819e-05, 3.85292405554e-05, 1.79807757377e-05, 2.71426051768e-05, 3.097951776e-05, 1.78271820914e-05, 2.10631096706e-05, 1.84763466677e-05, 1.45671265273e-05, 1.29377622216e-05, 1.27816119857e-05, 9.0454113888e-06, 8.41266319185e-06, 7.18436376701e-06, 6.62325874146e-06, 5.37189362149e-06, 4.75120941701e-06, 4.31388252764e-06, 3.49366700902e-06, 2.82646487904e-06, 2.60086630988e-06, 1.96804671759e-06, 1.79386108812e-06],
        "median": [0.000988389132544, 0.000531833735295, 0.000103421138192, 5.46584196854e-05, 6.01671854383e-05, 6.2225110014e-05, 6.7466236942e-05, 0.000154511042638, 0.000231717305724, 6.62273378111e-05, 3.52090937668e-05, 3.28303030983e-05, 3.04329369101e-05, 4.22335469921e-05, 3.04330314975e-05, 1.48471481225e-05, 1.8135553546e-05, 1.66622194229e-05, 1.5354144125e-05, 9.19577723835e-06, 1.09006996354e-05, 1.18409161587e-05, 7.16353952157e-06, 7.44347653381e-06, 6.51260324958e-06, 5.30830948264e-06, 4.74007629236e-06, 4.51313007943e-06, 3.81422387363e-06, 3.08043399855e-06, 3.00718784274e-06, 2.72884517472e-06, 2.37297649619e-06, 2.28767203225e-06, 1.82964890882e-06, 1.51476137944e-06, 1.26511849885e-06, 1.00091494915e-06, 7.5028901847e-07, 7.36040192351e-07],
        "min": [5.62233788925e-24, 2.12570971805e-23, 7.60328121824e-24, 1.93551645821e-23, 8.58585638506e-24, 7.13926928948e-24, 1.06718696757e-23, 3.42824907685e-23, 1.32087067185e-23, 3.5986757701e-24, 3.12189415545e-24, 3.41356521996e-24, 1.18454391118e-23, 1.06491788807e-23, 1.10922000096e-23, 1.03471555945e-23, 7.67006066044e-24, 1.03706076403e-23, 9.60891273811e-24, 8.62895580062e-24, 1.3408955115e-23, 1.62676513515e-23, 1.30190874339e-23, 1.52959088226e-23, 5.80320831203e-24, 9.14340197363e-24, 9.81200892246e-24, 8.02371252628e-24, 6.19248000876e-24, 6.71821083701e-24, 6.67474065683e-24, 9.31950570439e-24, 7.68723495121e-24, 9.11760858861e-24, 4.93529604993e-24, 1.04303023228e-23, 1.16951792531e-23, 1.20686930588e-23, 1.13745735595e-23, 8.8855801417e-24],
        "var": [3.17369231198e-05, 1.27548155433e-05, 8.76127160154e-07, 3.62890872907e-08, 1.94428491085e-08, 1.56066644053e-08, 3.8378999534e-08, 1.90839401171e-07, 5.34983882972e-07, 3.56056233386e-08, 1.22531133684e-07, 3.99512423144e-08, 5.62898705425e-08, 5.17980893733e-08, 3.3414551126e-08, 6.80266687425e-09, 1.50422128087e-08, 8.09860889461e-09, 6.5858545284e-09, 1.32718025458e-09, 3.99626731706e-09, 4.68266048159e-09, 1.23965626653e-09, 1.699061003e-09, 1.82126391746e-09, 1.28873289817e-09, 6.07782157935e-10, 6.03136318666e-10, 2.09636252801e-10, 2.47180054203e-10, 1.75600756158e-10, 1.21613469295e-10, 6.83688314296e-11, 4.8051781304e-11, 5.451777918e-11, 3.22425246224e-11, 1.84444837875e-11, 1.50102499874e-11, 9.65981895168e-12, 7.34783588141e-12]
    },
    "mfcc": {
        "mean": [-644.789367676, 100.628356934, 1.65161859989, 11.6386184692, -0.348348617554, 7.12541055679, 3.02692937851, 8.75121116638, 6.25562477112, 9.90137958527, 9.48854351044, 9.3306722641, 5.35573339462],
        "cov": [[11543.0556641, -1695.16796875, 229.717941284, 892.403564453, 387.371643066, 419.48059082, 392.132965088, 319.651489258, 225.612716675, 234.414794922, 229.065933228, 213.319778442, 92.5361022949], [-1695.16796875, 2388.73242188, -276.639709473, -333.539489746, -61.2531852722, -230.169235229, -169.827529907, -72.2391967773, -29.3707370758, -50.4072761536, -47.9071655273, -60.686630249, -16.5522251129], [229.717941284, -276.639709473, 427.231262207, 184.021911621, 87.2769088745, 136.637161255, 67.223449707, 33.8130912781, 22.6797409058, 38.1302375793, 18.2275848389, 13.2600460052, 15.2256975174], [892.403564453, -333.539489746, 184.021911621, 337.844238281, 94.0481109619, 142.434661865, 92.3686904907, 57.7268562317, 30.1850223541, 47.6281814575, 31.0394420624, 28.9050979614, 27.9305400848], [387.371643066, -61.2531852722, 87.2769088745, 94.0481109619, 310.942474365, 107.261810303, 120.907836914, 64.269241333, 52.1275634766, 25.6561355591, 30.0572776794, 15.7540655136, 1.50682401657], [419.48059082, -230.169235229, 136.637161255, 142.434661865, 107.261810303, 187.93637085, 101.216377258, 59.322353363, 28.4720840454, 35.9531974792, 28.8957004547, 26.2332420349, 17.8231811523], [392.132965088, -169.827529907, 67.223449707, 92.3686904907, 120.907836914, 101.216377258, 162.886795044, 69.5572433472, 33.6059570312, 27.7351970673, 27.0539035797, 30.0341758728, 25.2442245483], [319.651489258, -72.2391967773, 33.8130912781, 57.7268562317, 64.269241333, 59.322353363, 69.5572433472, 100.588768005, 48.9606628418, 29.2105484009, 17.7972583771, 13.4086847305, 11.9636592865], [225.612716675, -29.3707370758, 22.6797409058, 30.1850223541, 52.1275634766, 28.4720840454, 33.6059570312, 48.9606628418, 98.559753418, 55.7436485291, 18.3469619751, 1.53826844692, -7.82164525986], [234.414794922, -50.4072761536, 38.1302375793, 47.6281814575, 25.6561355591, 35.9531974792, 27.7351970673, 29.2105484009, 55.7436485291, 98.4087753296, 52.8793258667, 17.9233551025, 1.21725654602], [229.065933228, -47.9071655273, 18.2275848389, 31.0394420624, 30.0572776794, 28.8957004547, 27.0539035797, 17.7972583771, 18.3469619751, 52.8793258667, 85.2852401733, 50.7499847412, 19.9951343536], [213.319778442, -60.686630249, 13.2600460052, 28.9050979614, 15.7540655136, 26.2332420349, 30.0341758728, 13.4086847305, 1.53826844692, 17.9233551025, 50.7499847412, 83.7388381958, 51.3512268066], [92.5361022949, -16.5522251129, 15.2256975174, 27.9305400848, 1.50682401657, 17.8231811523, 25.2442245483, 11.9636592865, -7.82164525986, 1.21725654602, 19.9951343536, 51.3512268066, 79.8601455688]],
