{
"lowlevel": {
    "average_loudness": 0.93423718214,
    "barkbands_crest": {
        "dmean": 2.17964792252,
        "dmean2": 3.44018363953,
        "dvar": 5.04696559906,
        "dvar2": 12.7059793472,
        "max": 26.008731842,
        "mean": 11.3231458664,
        "median": 10.5761699677,
        "min": 2.61088585854,
        "var": 18.2274246216
    },
    "barkbands_flatness_db": {
        "dmean": 0.017694927752,
        "dmean2": 0.0272509753704,
        "dvar": 0.000476981396787,
        "dvar2": 0.000976346665993,
        "max": 0.328394502401,
        "mean": 0.115002311766,
        "median": 0.106542237103,
        "min": 0.0154490806162,
        "var": 0.00243433122523
    },
    "barkbands_kurtosis": {
        "dmean": 3.56109380722,
        "dmean2": 5.46778297424,
        "dvar": 58.9993934631,
        "dvar2": 130.936019897,
        "max": 219.998123169,
        "mean": 8.15419101715,
        "median": 3.15565395355,
        "min": -1.89083826542,
        "var": 272.454711914
    },
    "barkbands_skewness": {
        "dmean": 0.468150764704,
        "dmean2": 0.708391368389,
        "dvar": 0.405049473047,
        "dvar2": 0.844743132591,
        "max": 13.6192741394,
        "mean": 2.08703970909,
        "median": 1.82556653023,
        "min": -1.87688958645,
        "var": 2.56959199905
    },
    "barkbands_spread": {
        "dmean": 5.05326128006,
        "dmean2": 7.67156791687,
        "dvar": 51.4927139282,
        "dvar2": 102.738059998,
        "max": 97.373878479,
        "mean": 24.738067627,
        "median": 22.052734375,
        "min": 1.25263118744,
        "var": 261.691009521
    },
    "dissonance": {
        "dmean": 0.0111708687618,
        "dmean2": 0.0185198411345,
        "dvar": 0.000171822190168,
        "dvar2": 0.00044176710071,
        "max": 0.500000119209,
        "mean": 0.479693353176,
        "median": 0.483427971601,
        "min": 0,
        "var": 0.00028125976678
    },
    "dynamic_complexity": 2.38623070717,
    "erbbands_crest": {
        "dmean": 1.6444606781,
        "dmean2": 2.56058502197,
        "dvar": 2.59697175026,
        "dvar2": 6.2635641098,
        "max": 21.3115577698,
        "mean": 7.67629814148,
        "median": 7.09274864197,
        "min": 2.05171728134,
        "var": 8.85956382751
    },
    "erbbands_flatness_db": {
        "dmean": 0.0101522849873,
        "dmean2": 0.0152517100796,
        "dvar": 0.000124409067212,
        "dvar2": 0.000273076322628,
        "max": 0.2774772048,
        "mean": 0.115565702319,
        "median": 0.108934946358,
        "min": 0.0326671861112,
        "var": 0.00163325795438
    },
    "erbbands_kurtosis": {
        "dmean": 0.599004089832,
        "dmean2": 0.919016301632,
        "dvar": 0.57969969511,
        "dvar2": 1.27563965321,
        "max": 15.1510391235,
        "mean": 0.765141367912,
        "median": 0.181117773056,
        "min": -1.75924825668,
        "var": 3.34361362457
    },
    "erbbands_skewness": {
        "dmean": 0.231761410832,
        "dmean2": 0.337764412165,
        "dvar": 0.0637751445174,
        "dvar2": 0.123599536717,
        "max": 2.7902841568,
        "mean": 0.342590153217,
        "median": 0.381745696068,
        "min": -3.65335130692,
        "var": 0.606246888638
    },
    "erbbands_spread": {
        "dmean": 6.25707435608,
        "dmean2": 9.20769119263,
        "dvar": 61.9115753174,
        "dvar2": 129.544235229,
        "max": 154.604888916,
        "mean": 43.5017623901,
        "median": 39.1665229797,
        "min": 9.68345832825,
        "var": 474.311889648
    },
    "hfc": {
        "dmean": 5.14864730835,
        "dmean2": 7.61127090454,
        "dvar": 54.5004577637,
        "dvar2": 118.081954956,
        "max": 107.326774597,
        "mean": 27.528755188,
        "median": 23.9126548767,
        "min": 1.08246383588e-16,
        "var": 316.4269104
    },
    "melbands_crest": {
        "dmean": 2.90612578392,
        "dmean2": 4.49121284485,
        "dvar": 8.04896068573,
        "dvar2": 20.2568969727,
        "max": 39.1908226013,
        "mean": 16.0383281708,
        "median": 15.3880090714,
        "min": 1.59073317051,
        "var": 26.6808433533
    },
    "melbands_flatness_db": {
        "dmean": 0.0226664040238,
        "dmean2": 0.0342525802553,
        "dvar": 0.000856062222738,
        "dvar2": 0.00169361638837,
        "max": 0.441238284111,
        "mean": 0.199635073543,
        "median": 0.188825041056,
        "min": 0.00374899175949,
        "var": 0.00483195343986
    },
    "melbands_kurtosis": {
        "dmean": 8.23718070984,
        "dmean2": 12.7085809708,
        "dvar": 273.402160645,
        "dvar2": 624.857543945,
        "max": 748.659606934,
        "mean": 22.875377655,
        "median": 10.2697048187,
        "min": -1.85810923576,
        "var": 2230.2746582
    },
    "melbands_skewness": {
        "dmean": 0.637399196625,
        "dmean2": 0.96589243412,
        "dvar": 0.656966030598,
        "dvar2": 1.48685705662,
        "max": 24.0610771179,
        "mean": 3.31030154228,
        "median": 2.79919147491,
        "min": -0.719790875912,
        "var": 5.27330493927
    },
    "melbands_spread": {
        "dmean": 4.68488121033,
        "dmean2": 7.28014612198,
        "dvar": 54.5196113586,
        "dvar2": 118.307670593,
        "max": 165.295196533,
        "mean": 21.077123642,
        "median": 16.3491973877,
        "min": 0.592144310474,
        "var": 299.924377441
    },
    "pitch_salience": {
        "dmean": 0.0669664591551,
        "dmean2": 0.103794410825,
        "dvar": 0.00433470774442,
        "dvar2": 0.0103416321799,
        "max": 0.976051867008,
        "mean": 0.569268465042,
        "median": 0.584403574467,
        "min": 0.0613793954253,
        "var": 0.0177672542632
    },
    "silence_rate_20dB": {
        "dmean": 0,
        "dmean2": 0,
        "dvar": 0,
        "dvar2": 0,
        "max": 1,
        "mean": 1,
        "median": 1,
        "min": 1,
        "var": 0
    },
    "silence_rate_30dB": {
        "dmean": 0.0166184976697,
        "dmean2": 0.0332409963012,
        "dvar": 0.0163414478302,
        "dvar2": 0.0451398491859,
        "max": 1,
        "mean": 0.988922357559,
        "median": 1,
        "min": 0,
        "var": 0.0109545215964
    },
    "silence_rate_60dB": {
        "dmean": 0.0122832367197,
        "dmean2": 0.0245694331825,
        "dvar": 0.0121339708567,
        "dvar2": 0.0256528109312,
        "max": 1,
        "mean": 0.0380493663251,
        "median": 0,
        "min": 0,
        "var": 0.0366034656763
    },
    "spectral_centroid": {
        "dmean": 180.862747192,
        "dmean2": 265.715423584,
        "dvar": 69295.984375,
        "dvar2": 134948.859375,
        "max": 11380.5361328,
        "mean": 1239.91210938,
        "median": 1108.12133789,
        "min": 198.453872681,
        "var": 521409.15625
    },
    "spectral_complexity": {
        "dmean": 3.57947969437,
        "dmean2": 5.55919551849,
        "dvar": 14.2790365219,
        "dvar2": 30.6298484802,
        "max": 57,
        "mean": 23.1033115387,
        "median": 23,
        "min": 0,
        "var": 108.060401917
    },
    "spectral_decrease": {
        "dmean": 2.7053217444e-09,
        "dmean2": 4.28018820386e-09,
        "dvar": 1.44836562475e-17,
        "dvar2": 3.51771161721e-17,
        "max": 7.07238971028e-29,
        "mean": -1.0635857528e-08,
        "median": -9.06260577693e-09,
        "min": -3.98053288109e-08,
        "var": 5.19802579947e-17
    },
    "spectral_energy": {
        "dmean": 0.0103161660954,
        "dmean2": 0.0163243375719,
        "dvar": 0.000206838027225,
        "dvar2": 0.000505809905007,
        "max": 0.152180820704,
        "mean": 0.0426390916109,
        "median": 0.0372672080994,
        "min": 9.96919124381e-21,
        "var": 0.000761563482229
    },
    "spectral_energyband_high": {
        "dmean": 0.000406226172345,
        "dmean2": 0.00059074460296,
        "dvar": 4.3038272679e-07,
        "dvar2": 9.51171784891e-07,
        "max": 0.00920007098466,
        "mean": 0.00131021765992,
        "median": 0.000833465659525,
        "min": 6.90493620752e-21,
        "var": 1.8733142042e-06
    },
    "spectral_energyband_low": {
        "dmean": 0.00917737465352,
        "dmean2": 0.0142247639596,
        "dvar": 0.000198881272809,
        "dvar2": 0.000481163035147,
        "max": 0.138659238815,
        "mean": 0.0208832770586,
        "median": 0.00903529115021,
        "min": 5.35831308625e-23,
        "var": 0.000594243756495
    },
    "spectral_energyband_middle_high": {
        "dmean": 0.0012234908063,
        "dmean2": 0.00184449844528,
        "dvar": 3.14656062983e-06,
        "dvar2": 7.22436971046e-06,
        "max": 0.0258356966078,
        "mean": 0.00549773778766,
        "median": 0.00446921912953,
        "min": 1.46465817605e-21,
        "var": 1.80191946129e-05
    },
    "spectral_energyband_middle_low": {
        "dmean": 0.00511625269428,
        "dmean2": 0.00816081184894,
        "dvar": 8.42178487801e-05,
        "dvar2": 0.000212029161048,
        "max": 0.108071424067,
        "mean": 0.0169783923775,
        "median": 0.0175581295043,
        "min": 2.51610429516e-22,
        "var": 0.000182500763913
    },
    "spectral_entropy": {
        "dmean": 0.113258764148,
        "dmean2": 0.175189033151,
        "dvar": 0.0234110318124,
        "dvar2": 0.0491203963757,
        "max": 9.80944061279,
        "mean": 7.77834129333,
        "median": 7.82993412018,
        "min": 6.11635351181,
        "var": 0.110208205879
    },
    "spectral_flux": {
        "dmean": 0.0275286287069,
        "dmean2": 0.0434080176055,
        "dvar": 0.00104638026096,
        "dvar2": 0.00217072456144,
        "max": 0.295508801937,
        "mean": 0.0899971947074,
        "median": 0.0769772604108,
        "min": 6.50621986842e-11,
        "var": 0.00314626726322
    },
    "spectral_kurtosis": {
        "dmean": 0.891369819641,
        "dmean2": 1.43437290192,
        "dvar": 1.16902589798,
        "dvar2": 2.89488863945,
        "max": 40.0119285583,
        "mean": 4.72868680954,
        "median": 4.40148735046,
        "min": -1.2187179327,
        "var": 5.75352716446
    },
    "spectral_rms": {
        "dmean": 0.000716954469681,
        "dmean2": 0.00111444399226,
        "dvar": 8.53856533922e-07,
        "dvar2": 1.90984155779e-06,
        "max": 0.0121847894043,
        "mean": 0.00604275427759,
        "median": 0.00602978048846,
        "min": 3.1186600611e-12,
        "var": 5.08423545398e-06
    },
    "spectral_rolloff": {
        "dmean": 399.887329102,
        "dmean2": 626.928100586,
        "dvar": 960317.125,
        "dvar2": 1728529,
        "max": 19056.8847656,
        "mean": 1372.79638672,
        "median": 968.994140625,
        "min": 43.06640625,
        "var": 2852365.75
    },
    "spectral_skewness": {
        "dmean": 0.141743972898,
        "dmean2": 0.222232237458,
        "dvar": 0.0263797454536,
        "dvar2": 0.0601170919836,
        "max": 4.75330066681,
        "mean": 1.73804628849,
        "median": 1.74622988701,
        "min": -0.521966397762,
        "var": 0.193458870053
    },
    "spectral_spread": {
        "dmean": 466373.65625,
        "dmean2": 685411.5625,
        "dvar": 571115634688,
        "dvar2": 1.26853237965e+12,
        "max": 41326416,
        "mean": 5710435.5,
        "median": 5531251.5,
        "min": 1413474.375,
        "var": 3.49695901696e+12
    },
    "spectral_strongpeak": {
        "dmean": 0.264595538378,
        "dmean2": 0.445024639368,
        "dvar": 0.178875789046,
        "dvar2": 0.407212436199,
        "max": 8.21346569061,
        "mean": 0.675918519497,
        "median": 0.515463590622,
        "min": 0,
        "var": 0.38158261776
    },
    "zerocrossingrate": {
        "dmean": 0.0119792958722,
        "dmean2": 0.0135942483321,
        "dvar": 0.000247032992775,
        "dvar2": 0.000263078341959,
        "max": 0.53125,
        "mean": 0.0669031143188,
        "median": 0.05810546875,
        "min": 0.0048828125,
        "var": 0.00211711111479
    },
    "barkbands": {
        "dmean": [0.000321168568917, 0.00646015815437, 0.00386848743074, 0.00289372494444, 0.00289580202661, 0.00115359725896, 0.00064759637462, 0.00055912474636, 0.000492137914989, 0.00042092250078, 0.000340072525432, 0.000342419982189, 0.000329024216626, 0.000236046311329, 0.000295113684842, 0.000231773985433, 0.000211092701647, 0.000143414494232, 0.000122996119899, 0.000106568251795, 9.8409014754e-05, 7.38356175134e-05, 6.29334390396e-05, 5.26054209331e-05, 5.87596696278e-05, 0.00010478785407, 3.96400319005e-05],
        "dmean2": [0.000533932936378, 0.0100103057921, 0.0061935572885, 0.00486790994182, 0.00456459634006, 0.00174827617593, 0.0009517884464, 0.000861501146574, 0.000771017104853, 0.000660512770992, 0.000531480473001, 0.000538548978511, 0.000497656990774, 0.000379420031095, 0.000463987322291, 0.000359886413207, 0.000314619916026, 0.000222879330977, 0.000196157212486, 0.000160702780704, 0.000151699656271, 0.000120449898532, 0.000103445418063, 8.70483927429e-05, 8.99713850231e-05, 0.000150605323142, 6.27503177384e-05],
        "dvar": [2.19741400542e-06, 0.000133219786221, 8.09040211607e-05, 4.69820006401e-05, 2.37197727984e-05, 4.66982555736e-06, 1.62097376233e-06, 1.52652035013e-06, 1.18852653941e-06, 6.93474930813e-07, 4.49225950661e-07, 3.8002096403e-07, 3.49750422401e-07, 1.44893405718e-07, 2.31692183661e-07, 1.77626489517e-07, 1.76158877707e-07, 8.67758700451e-08, 6.44182307497e-08, 5.11044149221e-08, 4.81184549983e-08, 2.253536735e-08, 1.34791138251e-08, 7.90998555544e-09, 1.086746515e-08, 3.98711428318e-08, 5.82458348219e-09],
        "dvar2": [6.27128565611e-06, 0.000312462507281, 0.000204717274755, 0.000127353763673, 6.19737184024e-05, 9.93341836875e-06, 3.31212913807e-06, 3.23384460899e-06, 2.88972910312e-06, 1.70547093603e-06, 1.01176362932e-06, 9.19186049941e-07, 6.9401824021e-07, 3.42377603602e-07, 5.26861242633e-07, 4.03350753686e-07, 3.74687402882e-07, 2.0668537104e-07, 1.61233344897e-07, 1.0346738577e-07, 1.13666978052e-07, 5.54238539507e-08, 3.32192193753e-08, 1.91847604469e-08, 2.41217126273e-08, 7.57249125627e-08, 1.39868356896e-08],
        "max": [0.0766890048981, 0.112529337406, 0.106618314981, 0.0894262939692, 0.0685059279203, 0.0303639471531, 0.033444788307, 0.0210718195885, 0.0192189104855, 0.012415561825, 0.0129600344226, 0.0102930609137, 0.0122799379751, 0.00554028758779, 0.00709621235728, 0.00721292942762, 0.00786466151476, 0.00486908247694, 0.00463347462937, 0.00449731433764, 0.00410621287301, 0.00293873623013, 0.00180653959978, 0.000887462985702, 0.00135799869895, 0.00195943098515, 0.000952021044213],
        "mean": [0.000549764197785, 0.0130268856883, 0.00541621260345, 0.00370593555272, 0.00700013246387, 0.00261126551777, 0.00138818833511, 0.0009657239425, 0.00103575596586, 0.000824784685392, 0.000635789940134, 0.000643145642243, 0.000677670468576, 0.000458038557554, 0.000681852689013, 0.00049881474115, 0.00047656573588, 0.000357132725185, 0.00026599818375, 0.000232795151533, 0.000225079536904, 0.00017829753051, 0.000144325123983, 0.000129655411001, 0.000161365591339, 0.000255778664723, 9.21616810956e-05],
        "median": [5.84030058235e-05, 0.00398679077625, 0.00163949164562, 0.0015789110912, 0.00480139069259, 0.00103766343091, 0.000610596267506, 0.00037501231418, 0.000423689140007, 0.000383620674256, 0.000334456068231, 0.000341493607266, 0.000350686372258, 0.000253712147241, 0.000273981742794, 0.00023214702378, 0.000190587554243, 0.000160495605087, 0.00012822773715, 0.000119473130326, 0.000115489470772, 0.000100702018244, 8.77540005604e-05, 7.66822267906e-05, 8.59004212543e-05, 0.000106317980681, 4.19745556428e-05],
        "min": [4.0229519862e-24, 2.55488207825e-23, 1.51598886922e-23, 9.94970045195e-25, 2.89246863398e-23, 3.02126153635e-23, 3.33645943073e-23, 2.2726240176e-23, 3.065579742e-23, 3.52221250808e-23, 5.71241949374e-23, 5.38853781852e-23, 2.90485816781e-23, 7.92830642623e-23, 7.97615494221e-23, 7.39152002793e-23, 1.63260166455e-22, 2.18362403607e-22, 2.21171152327e-22, 2.75134110249e-22, 2.98079865171e-22, 4.04884639275e-22, 4.0495701253e-22, 6.06009005843e-22, 9.5347469388e-22, 1.38169818062e-21, 2.15470795463e-21],
        "var": [9.0961366368e-06, 0.000382123951567, 8.69578361744e-05, 3.99723139708e-05, 5.30021243321e-05, 1.57380181918e-05, 5.73263696424e-06, 3.72274416804e-06, 2.38694656218e-06, 1.41318434999e-06, 8.08982065337e-07, 7.86895782312e-07, 9.54240817919e-07, 3.25089615671e-07, 9.82362280411e-07, 5.71939494876e-07, 6.44594877031e-07, 2.78384163721e-07, 1.47840935938e-07, 1.33749850306e-07, 1.32804998998e-07, 7.86136666875e-08, 3.26225055858e-08, 1.91249096559e-08, 3.3763555507e-08, 1.1252753751e-07, 1.39352227535e-08]
    },
    "erbbands": {
        "dmean": [0.193157896399, 1.52106797695, 3.92056941986, 7.15119361877, 9.90806007385, 11.3471469879, 11.552022934, 9.24899482727, 8.51696586609, 10.273853302, 11.9823169708, 10.1870079041, 11.829003334, 13.4155626297, 12.3677845001, 14.3647842407, 14.3927001953, 12.6153554916, 14.7026844025, 12.3338279724, 11.4571762085, 9.70545291901, 8.28089141846, 6.04915571213, 5.95191431046, 5.13290500641, 4.33483839035, 3.48461914062, 2.78177165985, 2.47744035721, 1.69975876808, 1.30605077744, 0.837834239006, 0.702170670033, 0.453821599483, 0.386328607798, 0.217510834336, 0.0609861016273, 0.00687967753038, 9.50132089201e-05],
        "dmean2": [0.270320296288, 2.36911845207, 6.10679149628, 11.5235967636, 16.2013683319, 16.4911727905, 17.0325565338, 13.8628664017, 12.5385980606, 15.4590110779, 18.4466629028, 16.1548671722, 18.5449371338, 21.0732860565, 19.1416931152, 22.3463382721, 21.700296402, 19.3998317719, 22.9721717834, 19.0589084625, 17.9542827606, 14.5901899338, 12.6264419556, 9.32173156738, 9.27259159088, 7.93852567673, 6.63349628448, 5.29190826416, 4.46389722824, 4.16995668411, 2.78272128105, 2.14995026588, 1.37447679043, 1.11720609665, 0.682185649872, 0.587085604668, 0.31072896719, 0.090146780014, 0.0109520070255, 0.000148837032611],
        "dvar": [0.13278286159, 7.33442735672, 75.6949310303, 253.710357666, 435.557373047, 327.62991333, 374.250579834, 431.215393066, 265.940917969, 621.436523438, 648.670410156, 566.082580566, 675.94354248, 640.80279541, 436.882904053, 656.620239258, 653.65612793, 419.663360596, 598.33782959, 427.039154053, 444.913208008, 344.869873047, 274.542266846, 145.092483521, 147.441345215, 128.36807251, 78.8250350952, 71.4373168945, 33.8138389587, 25.8956756592, 8.99034881592, 4.7999663353, 1.92655324936, 1.60518360138, 0.572315514088, 0.555728793144, 0.172198712826, 0.0117745362222, 0.000214650397538, 3.78169957571e-08],
        "dvar2": [0.273217856884, 17.5178642273, 186.675918579, 650.578552246, 1172.10009766, 775.896728516, 798.524597168, 947.232971191, 518.880432129, 1387.43847656, 1343.45898438, 1430.08752441, 1666.42382812, 1530.47888184, 976.014892578, 1488.81994629, 1352.18603516, 924.181213379, 1337.67712402, 984.509338379, 1053.3939209, 780.643554688, 630.279296875, 353.559661865, 345.008270264, 277.131011963, 171.501846313, 152.454803467, 78.6352920532, 65.6836395264, 21.8978385925, 11.8901576996, 4.54397535324, 3.80774140358, 1.17318129539, 1.17579650879, 0.34793010354, 0.0228204857558, 0.000528396223672, 9.02979380157e-08],
        "max": [3.63018059731, 29.3187141418, 102.265716553, 208.367340088, 242.880889893, 351.437408447, 256.882446289, 349.085510254, 287.702880859, 509.897979736, 428.067962646, 563.267944336, 398.598571777, 348.754638672, 363.122070312, 486.060821533, 496.26953125, 289.682037354, 431.252441406, 326.101806641, 355.042938232, 283.013793945, 290.158233643, 221.365997314, 203.179351807, 237.239700317, 171.001449585, 182.289337158, 113.424423218, 94.7042617798, 41.7965049744, 22.3390846252, 17.4809455872, 18.6814994812, 8.84394741058, 7.58350467682, 3.94476890564, 1.17802476883, 0.20095397532, 0.00280500785448],
        "mean": [0.395755589008, 2.86380553246, 6.15989685059, 10.1444234848, 15.7357301712, 26.558134079, 26.0323429108, 19.3937797546, 19.3479232788, 20.5254001617, 21.7460594177, 21.6215209961, 25.5940628052, 27.7572441101, 26.0738334656, 28.5149040222, 30.543680191, 27.8126773834, 35.6465644836, 30.4083938599, 26.4346466064, 23.3190231323, 21.333530426, 14.2170991898, 13.0555953979, 11.1404876709, 9.72460174561, 8.2178144455, 6.59897184372, 5.26555252075, 3.89061450958, 2.89859580994, 2.123295784, 1.75390100479, 1.20650947094, 0.870867490768, 0.502859711647, 0.172743022442, 0.0145591963083, 0.000263102614554],
        "median": [0.089729309082, 0.977037608624, 2.44106435776, 4.89643144608, 8.73463726044, 14.8210163116, 12.8237867355, 7.28266906738, 9.4298992157, 7.18720579147, 9.57235717773, 10.1082954407, 11.2949075699, 14.3805446625, 14.5149803162, 15.3016405106, 16.4481334686, 14.5539951324, 15.7381124496, 14.5358734131, 12.7859258652, 10.5958824158, 9.25240039825, 7.07048797607, 6.13050365448, 5.84956550598, 4.91093826294, 4.19189214706, 3.60045433044, 3.04705238342, 2.37482118607, 1.71353161335, 1.24628853798, 0.952820837498, 0.624429285526, 0.349973261356, 0.189035251737, 0.0844913572073, 0.00572776049376, 0.000155554225785],
        "min": [2.97702423627e-22, 6.95625533283e-21, 1.97493830268e-20, 9.28399327534e-21, 3.96112981597e-20, 8.14044338191e-20, 1.16193491959e-19, 2.25086417078e-19, 2.08991808803e-19, 7.06617694105e-19, 5.77607710639e-19, 5.86689274885e-19, 1.11804481968e-18, 1.24179165971e-18, 2.47895586427e-18, 2.40861490652e-18, 1.61532967393e-18, 3.22034771434e-18, 4.66152877916e-18, 4.85429370834e-18, 5.64284994937e-18, 1.02413082748e-17, 1.03957197341e-17, 9.77646916646e-18, 1.27646980068e-17, 1.17499459185e-17, 1.11705025907e-17, 1.34431176308e-17, 1.26663925541e-17, 1.47382889098e-17, 1.26622897382e-17, 1.40599776465e-17, 1.0382025759e-17, 9.75371508217e-18, 7.35628841382e-18, 4.03139375545e-18, 2.61419141582e-18, 1.18748766608e-18, 3.08566440924e-19, 3.29406002762e-20],
        "var": [0.4557543993, 18.0224704742, 95.8182678223, 252.165588379, 457.923065186, 987.024658203, 1148.34924316, 1275.03430176, 1058.15393066, 1588.96081543, 1510.7097168, 979.14642334, 1485.63476562, 1300.66784668, 1103.90710449, 1552.99450684, 1755.49584961, 1183.92333984, 2877.44067383, 1715.32824707, 1330.22424316, 1081.28112793, 1005.72283936, 362.811126709, 376.336700439, 305.12902832, 234.818145752, 210.741073608, 113.26260376, 60.9258842468, 22.2160701752, 10.1473321915, 5.19847202301, 4.24325418472, 1.86664819717, 1.33210599422, 0.469445765018, 0.0410222671926, 0.000416284921812, 8.49691090821e-08]
    },
    "gfcc": {
        "mean": [41.660900116, 64.2405471802, -91.0491714478, 18.1993961334, -42.3155403137, 10.9416294098, -34.7030334473, 3.7658469677, -27.3530502319, 2.75987958908, -22.3464012146, 4.50059080124, -15.4971647263],
        "cov": [[5407.91259766, -677.676269531, 873.352600098, -76.6236495972, 304.939147949, 82.0311355591, -251.609802246, 123.622505188, -66.8310775757, 333.201690674, 5.61400079727, 282.040405273, -2.62604784966], [-677.676269531, 1251.50488281, -118.627288818, 43.8524475098, 10.9406108856, -20.003276825, 143.334381104, -57.2496643066, 38.0550880432, -156.794372559, 26.6363620758, -75.6616821289, 71.1940765381], [873.352600098, -118.627288818, 1301.19885254, 90.3287963867, 273.976776123, 146.558929443, 10.8082036972, 138.474197388, -22.6605510712, 165.056335449, -21.9260368347, 145.583145142, 2.65341997147], [-76.6236495972, 43.8524475098, 90.3287963867, 428.480377197, 121.720809937, 100.979431152, 97.0465774536, 38.9448204041, 80.451713562, 34.0579490662, 43.4176483154, -12.7413539886, 34.7419776917], [304.939147949, 10.9406108856, 273.976776123, 121.720809937, 376.224822998, 144.705596924, 53.1862297058, 64.6369628906, 58.7749214172, 88.0434951782, 26.3883056641, 54.3140525818, -3.01135706902], [82.0311355591, -20.003276825, 146.558929443, 100.979431152, 144.705596924, 309.140625, 134.458145142, 89.1706161499, 22.2141857147, 46.2601127625, 9.20966720581, 7.7068104744, 9.01067256927], [-251.609802246, 143.334381104, 10.8082036972, 97.0465774536, 53.1862297058, 134.458145142, 258.225067139, 113.190406799, 54.5613594055, -13.9135961533, 21.4098129272, -4.53837680817, 25.0627632141], [123.622505188, -57.2496643066, 138.474197388, 38.9448204041, 64.6369628906, 89.1706161499, 113.190406799, 169.838928223, 60.5949172974, 43.3100280762, 3.04835271835, 35.872795105, 20.2338256836], [-66.8310775757, 38.0550880432, -22.6605510712, 80.451713562, 58.7749214172, 22.2141857147, 54.5613594055, 60.5949172974, 113.810821533, 49.5778045654, 29.6637210846, 10.375834465, 20.1569919586], [333.201690674, -156.794372559, 165.056335449, 34.0579490662, 88.0434951782, 46.2601127625, -13.9135961533, 43.3100280762, 49.5778045654, 130.206237793, 45.0727310181, 57.0368156433, 3.90215730667], [5.61400079727, 26.6363620758, -21.9260368347, 43.4176483154, 26.3883056641, 9.20966720581, 21.4098129272, 3.04835271835, 29.6637210846, 45.0727310181, 76.3458251953, 33.1773605347, 22.860206604], [282.040405273, -75.6616821289, 145.583145142, -12.7413539886, 54.3140525818, 7.7068104744, -4.53837680817, 35.872795105, 10.375834465, 57.0368156433, 33.1773605347, 83.2123794556, 24.6465187073], [-2.62604784966, 71.1940765381, 2.65341997147, 34.7419776917, -3.01135706902, 9.01067256927, 25.0627632141, 20.2338256836, 20.1569919586, 3.90215730667, 22.860206604, 24.6465187073, 57.2846565247]],
        "icov": [[0.000279258238152, -4.21675467805e-05, 4.17955379817e-05, -8.80485604284e-05, -6.68130232953e-05, 1.60356376e-06, 0.000222879622015, -0.00021979502344, 0.000524744857103, -0.000730663479771, 0.000551350065507, -0.000719678704627, 4.77729481645e-05], [-4.21675467805e-05, 0.00153846677858, -0.000548750453163, 0.000658989942167, -0.000577096710913, 0.000151720203576, -0.000647295382805, 0.00111145304982, -0.00162919692229, 0.00282732443884, -0.00208328780718, 0.00219346652739, -0.00218347762711], [4.17955379817e-05, -0.000548750453163, 0.00169597880449, -0.000797433545813, -0.000345646549249, 8.70826406754e-05, -2.49409622484e-05, -0.000961774319876, 0.00240316311829, -0.00296397134662, 0.00310524133965, -0.00282440241426, 0.000740029034205], [-8.80485604284e-05, 0.000658989942167, -0.000797433545813, 0.00390275078826, -0.00100047350861, -0.000336428522132, -0.000720564392395, 0.0010874128202, -0.00256657483988, 0.00152646307833, -0.00303865014575, 0.00448108790442, -0.00313777546398], [-6.68130232953e-05, -0.000577096710913, -0.000345646549249, -0.00100047350861, 0.00487789465114, -0.00192902470008, 0.000344933912857, 0.000522689719219, -0.00210029515438, -0.000446055957582, 0.000768612604588, -0.00389285688289, 0.00369884050451], [1.60356376e-06, 0.000151720203576, 8.70826406754e-05, -0.000336428522132, -0.00192902470008, 0.00610348116606, -0.00296483910643, -0.00121017801575, 0.00349485478364, -0.00367684103549, 0.000986049533822, 0.00330126821063, -0.00211847852916], [0.000222879622015, -0.000647295382805, -2.49409622484e-05, -0.000720564392395, 0.000344933912857, -0.00296483910643, 0.00951434578747, -0.00590032432228, -0.00135104719084, 0.00463260849938, -0.00421763770282, -7.88326215115e-05, 0.00153563031927], [-0.00021979502344, 0.00111145304982, -0.000961774319876, 0.0010874128202, 0.000522689719219, -0.00121017801575, -0.00590032432228, 0.0148018887267, -0.00710942829028, 0.000143005920108, 0.00474341306835, -0.00377475935966, -0.00221226597205], [0.000524744857103, -0.00162919692229, 0.00240316311829, -0.00256657483988, -0.00210029515438, 0.00349485478364, -0.00135104719084, -0.00710942829028, 0.0224173255265, -0.0139619652182, 0.0029908362776, 0.00276577030309, -0.0033842776902], [-0.000730663479771, 0.00282732443884, -0.00296397134662, 0.00152646307833, -0.000446055957582, -0.00367684103549, 0.00463260849938, 0.000143005920108, -0.0139619652182, 0.030253848061, -0.0159889329225, -0.0026719160378, 0.00452394317836], [0.000551350065507, -0.00208328780718, 0.00310524133965, -0.00303865014575, 0.000768612604588, 0.000986049533822, -0.00421763770282, 0.00474341306835, 0.0029908362776, -0.0159889329225, 0.0321000702679, -0.0140409162268, -0.00236357748508], [-0.000719678704627, 0.00219346652739, -0.00282440241426, 0.00448108790442, -0.00389285688289, 0.00330126821063, -7.88326215115e-05, -0.00377475935966, 0.00276577030309, -0.0026719160378, -0.0140409162268, 0.0378069542348, -0.01615633443], [4.77729481645e-05, -0.00218347762711, 0.000740029034205, -0.00313777546398, 0.00369884050451, -0.00211847852916, 0.00153563031927, -0.00221226597205, -0.0033842776902, 0.00452394317836, -0.00236357748508, -0.01615633443, 0.0314555615187]]
    },
    "melbands": {
        "dmean": [0.00174474262167, 0.00187811569776, 0.00123396702111, 0.000728279119357, 0.000392928544898, 0.000202051945962, 0.000131702705403, 0.000112991307105, 9.94095462374e-05, 6.62639358779e-05, 5.99515624344e-05, 5.61342785659e-05, 4.45067271357e-05, 4.05778664572e-05, 3.20904619002e-05, 3.36579942086e-05, 2.43800113822e-05, 2.36027190113e-05, 2.09213503695e-05, 1.88644589798e-05, 1.43953229781e-05, 1.19384876598e-05, 8.52110042615e-06, 7.31386444386e-06, 5.21938272868e-06, 5.11122379976e-06, 4.10919665228e-06, 3.67632105736e-06, 2.82632890958e-06, 2.83301619675e-06, 1.98930183615e-06, 1.7855961687e-06, 1.53888038312e-06, 1.42996896102e-06, 1.06188633708e-06, 9.48005833834e-07, 8.0924365875e-07, 5.91990385601e-07, 6.48146624371e-07, 6.22376717274e-07],
        "dmean2": [0.00258773099631, 0.00291197514161, 0.0019658554811, 0.0011540283449, 0.000578000210226, 0.000304168177536, 0.000193375715753, 0.00017160497373, 0.000152672582772, 0.000105555300252, 9.40789686865e-05, 8.86158813955e-05, 6.908053183e-05, 6.38925630483e-05, 5.10235804541e-05, 4.91417449666e-05, 3.84042796213e-05, 3.69161280105e-05, 3.2860909414e-05, 2.8958216717e-05, 2.24974646699e-05, 1.78678528755e-05, 1.31907800096e-05, 1.13820797196e-05, 8.19253727968e-06, 8.09493303677e-06, 6.46298349238e-06, 5.72259068576e-06, 4.34844378105e-06, 4.43813496531e-06, 3.057354661e-06, 2.89077161142e-06, 2.60141769104e-06, 2.40864324041e-06, 1.72771467533e-06, 1.60309082275e-06, 1.33532216751e-06, 9.77679860625e-07, 1.05382093807e-06, 1.00896772892e-06],
        "dvar": [1.00663783087e-05, 1.22689461932e-05, 7.02963006916e-06, 1.69524423654e-06, 3.91195783322e-07, 1.80075872436e-07, 6.4210389894e-08, 7.88235041682e-08, 5.00818408966e-08, 2.24032490337e-08, 1.72560277178e-08, 1.11861808705e-08, 6.55984866427e-09, 5.68789504385e-09, 3.36721295291e-09, 4.70289140964e-09, 1.64360647315e-09, 1.50013035327e-09, 1.28268051736e-09, 1.29390709258e-09, 7.80465414518e-10, 5.33201482966e-10, 2.56934890031e-10, 2.60445387479e-10, 1.07190895049e-10, 1.0623257829e-10, 7.59230039948e-11, 7.26684407093e-11, 3.38409925082e-11, 4.27309437834e-11, 2.08795220696e-11, 1.58332531114e-11, 8.88669172971e-12, 8.26646216756e-12, 3.43810288399e-12, 2.57331569248e-12, 1.79868002003e-12, 8.81150133327e-13, 1.18901546595e-12, 1.29341828047e-12],
        "dvar2": [2.2712696591e-05, 2.93908524327e-05, 1.73920816451e-05, 4.52367521575e-06, 8.21495689252e-07, 3.94948415305e-07, 1.25722451116e-07, 1.75636600375e-07, 1.04099754594e-07, 5.71200047261e-08, 4.27511253065e-08, 2.69904667505e-08, 1.45801930529e-08, 1.43294780486e-08, 8.27930968228e-09, 7.90475596091e-09, 3.74733133413e-09, 3.45190298567e-09, 2.96184565762e-09, 2.81508816258e-09, 1.81727000115e-09, 1.17729148652e-09, 6.24667428895e-10, 6.19312712224e-10, 2.6533486519e-10, 2.55245435898e-10, 1.7929660534e-10, 1.55985405148e-10, 7.11018396937e-11, 1.05187240862e-10, 4.33573593694e-11, 3.77818124009e-11, 2.23632206503e-11, 2.14175899238e-11, 8.51973352978e-12, 6.37889003771e-12, 4.42402494846e-12, 2.10087069269e-12, 2.85242684507e-12, 3.18331732502e-12],
        "max": [0.0298810377717, 0.0420941710472, 0.0332673974335, 0.0185764860362, 0.00774358864874, 0.00691245729104, 0.00532515859231, 0.00563405873254, 0.0040928767994, 0.00334014068358, 0.00193876749836, 0.00146829243749, 0.00119210593402, 0.00157242885325, 0.00080232223263, 0.00170251866803, 0.000648002780508, 0.000642650702503, 0.000545482966118, 0.000629786693025, 0.000453088141512, 0.000368316977983, 0.000276375270914, 0.000301180494716, 0.000196885986952, 0.000168905564351, 0.00017869246949, 0.000175769586349, 0.000128562154714, 0.000101274294138, 0.000101657162304, 7.91743586888e-05, 5.45116054127e-05, 4.52825734101e-05, 2.87580060103e-05, 2.25711246458e-05, 1.39275916808e-05, 1.21273242257e-05, 1.42788885569e-05, 1.87314344657e-05],
        "mean": [0.00364522077143, 0.00345078646205, 0.00189664016943, 0.0015559126623, 0.000978356925771, 0.000438088842202, 0.000298517785268, 0.000217793713091, 0.000176105764695, 0.000141285156133, 0.000127768347738, 0.000110932938696, 8.74574834597e-05, 7.61222981964e-05, 6.1642662331e-05, 7.13523550075e-05, 4.75931483379e-05, 5.39851753274e-05, 4.58243084722e-05, 4.15587201132e-05, 2.93946013699e-05, 2.65660546575e-05, 1.9557068299e-05, 1.70258172147e-05, 1.06376546682e-05, 1.03164202301e-05, 8.14846043795e-06, 7.23831226423e-06, 5.95910341872e-06, 5.66989137951e-06, 4.3985182856e-06, 3.86045167033e-06, 3.20674871546e-06, 2.78615766547e-06, 2.28092085308e-06, 1.9486471956e-06, 1.70717248693e-06, 1.43411409681e-06, 1.46922673139e-06, 1.47784123783e-06],
        "median": [0.000976224371698, 0.00157997268252, 0.00093676027609, 0.00101520586759, 0.00050695281243, 0.000168046797626, 0.000144072982948, 7.60361726861e-05, 7.50281324144e-05, 6.06966605119e-05, 5.524986409e-05, 5.63624416827e-05, 4.62016723759e-05, 4.03293452109e-05, 3.52991955879e-05, 3.44500294887e-05, 2.41243324126e-05, 2.46766594501e-05, 1.99483820325e-05, 1.7507287339e-05, 1.36499429573e-05, 1.09808242996e-05, 9.25103086047e-06, 7.06614810042e-06, 5.41163717571e-06, 4.50840843769e-06, 4.04509773944e-06, 3.61176307706e-06, 3.07029313262e-06, 2.61430682258e-06, 2.26353677135e-06, 1.96657197193e-06, 1.79667642897e-06, 1.56263763529e-06, 1.37684992296e-06, 1.16080525459e-06, 9.64965693129e-07, 8.47318688102e-07, 7.89864827766e-07, 7.96095037003e-07],
        "min": [5.58967510347e-24, 1.17901162965e-23, 2.19174786767e-24, 5.31834521183e-24, 3.91007269598e-24, 5.76956221114e-24, 4.32455599281e-24, 8.29320476645e-24, 4.67295996147e-24, 4.17569793999e-24, 5.35558733517e-24, 4.63755903949e-24, 8.07926568895e-24, 5.91443533309e-24, 6.14411573552e-24, 3.09764003527e-24, 6.46275992653e-24, 7.37621076211e-24, 6.22746441218e-24, 6.31775822025e-24, 6.86438991819e-24, 8.81405570114e-24, 7.59343781186e-24, 9.70190918364e-24, 7.06486866206e-24, 8.14051127191e-24, 9.91144720614e-24, 7.1956365566e-24, 5.34115196946e-24, 7.82384120531e-24, 7.6947496402e-24, 6.9614205984e-24, 7.39932280891e-24, 8.72570564634e-24, 6.24337810322e-24, 8.12836202511e-24, 7.11795347896e-24, 7.4126790129e-24, 6.93597352332e-24, 8.40786175471e-24],
        "var": [3.25451183016e-05, 2.20153960981e-05, 7.51619973016e-06, 3.14233602694e-06, 1.31825322569e-06, 5.6335085219e-07, 2.53814476991e-07, 1.91595418642e-07, 1.11442851392e-07, 4.04201614401e-08, 3.72615041044e-08, 2.23080931505e-08, 1.40875364707e-08, 1.10370823592e-08, 5.93263971282e-09, 1.47727803324e-08, 3.96213328813e-09, 6.82463197066e-09, 4.3709005304e-09, 4.94107954552e-09, 2.15175788298e-09, 1.77937398149e-09, 7.24654669604e-10, 7.42854888713e-10, 2.14600143211e-10, 2.56015181277e-10, 1.56251345196e-10, 1.5648468632e-10, 9.03701141697e-11, 9.95441229446e-11, 6.16610096316e-11, 4.53428405933e-11, 2.35440954927e-11, 1.68333749717e-11, 8.17096650757e-12, 5.38335175049e-12, 3.60559108611e-12, 2.34283339257e-12, 2.89776167471e-12, 3.1879490367e-12]
    },
    "mfcc": {
        "mean": [-615.17590332, 113.480560303, 5.58870840073, 18.0537147522, 9.16634845734, 9.32293128967, 1.94686257839, 2.66745853424, 0.249620810151, -1.61999261379, -3.29792380333, -2.51041841507, -2.47350001335],
        "cov": [[3771.16235352, -290.676483154, 208.111480713, 28.7836761475, 300.295837402, 46.2606201172, -11.6176319122, -104.163551331, -26.2974796295, 3.4473733902, 38.6432037354, 50.6035194397, 96.5444641113], [-290.676483154, 996.642333984, 90.681640625, -7.4983921051, 7.90258550644, -7.04636669159, 44.6642379761, 53.7489280701, 18.0445098877, -19.9426269531, -35.9756546021, -29.4943904877, -37.6854820251], [208.111480713, 90.681640625, 769.742004395, 135.100601196, 166.514480591, 79.337928772, 106.876213074, 34.4895095825, 66.0852737427, 31.792219162, 9.98732471466, 23.5410861969, 33.5614585876], [28.7836761475, -7.4983921051, 135.100601196, 326.377502441, 112.15297699, 52.3552398682, 21.9289569855, 25.7962741852, 40.5276107788, 29.1278114319, 33.1054458618, 34.9102554321, 33.434173584], [300.295837402, 7.90258550644, 166.514480591, 112.15297699, 336.73046875, 135.429412842, 50.6951255798, -0.0410173386335, 33.3115463257, 39.9650421143, 42.0165405273, 31.1301231384, 42.9638938904], [46.2606201172, -7.04636669159, 79.337928772, 52.3552398682, 135.429412842, 213.229354858, 113.578933716, 51.8162612915, 44.4650688171, 48.2796859741, 45.8540992737, 28.3030700684, 26.525472641], [-11.6176319122, 44.6642379761, 106.876213074, 21.9289569855, 50.6951255798, 113.578933716, 189.920547485, 113.579277039, 76.7681732178, 46.4589805603, 33.8598442078, 30.856098175, 21.3582305908], [-104.163551331, 53.7489280701, 34.4895095825, 25.7962741852, -0.0410173386335, 51.8162612915, 113.579277039, 153.812286377, 102.496543884, 53.7152786255, 29.6767349243, 22.5759925842, 11.7963504791], [-26.2974796295, 18.0445098877, 66.0852737427, 40.5276107788, 33.3115463257, 44.4650688171, 76.7681732178, 102.496543884, 134.378692627, 67.2454147339, 38.3536949158, 33.0571861267, 21.2184753418], [3.4473733902, -19.9426269531, 31.792219162, 29.1278114319, 39.9650421143, 48.2796859741, 46.4589805603, 53.7152786255, 67.2454147339, 84.3785476685, 48.7641372681, 28.6662425995, 24.1922721863], [38.6432037354, -35.9756546021, 9.98732471466, 33.1054458618, 42.0165405273, 45.8540992737, 33.8598442078, 29.6767349243, 38.3536949158, 48.7641372681, 71.0212631226, 40.2969055176, 27.9595184326], [50.6035194397, -29.4943904877, 23.5410861969, 34.9102554321, 31.1301231384, 28.3030700684, 30.856098175, 22.5759925842, 33.0571861267, 28.6662425995, 40.2969055176, 59.026134491, 38.4158363342], [96.5444641113, -37.6854820251, 33.5614585876, 33.434173584, 42.9638938904, 26.525472641, 21.3582305908, 11.7963504791, 21.2184753418, 24.1922721863, 27.9595184326, 38.4158363342, 58.6732063293]],
