{
"lowlevel": {
    "average_loudness": 0.82222121954,
    "barkbands_crest": {
        "dmean": 2.45751786232,
        "dmean2": 3.58248472214,
        "dvar": 7.04976511002,
        "dvar2": 12.4876928329,
        "max": 26.8423881531,
        "mean": 12.5800800323,
        "median": 10.7273521423,
        "min": 2.01981592178,
        "var": 47.7781028748
    },
    "barkbands_flatness_db": {
        "dmean": 0.0236137397587,
        "dmean2": 0.0328161455691,
        "dvar": 0.000861981534399,
        "dvar2": 0.00142659270205,
        "max": 0.576182723045,
        "mean": 0.145083412528,
        "median": 0.134741067886,
        "min": 0.022959433496,
        "var": 0.00615829508752
    },
    "barkbands_kurtosis": {
        "dmean": 9.7492723465,
        "dmean2": 14.0472555161,
        "dvar": 2867.38989258,
        "dvar2": 5778.54199219,
        "max": 2289.29150391,
        "mean": 15.121307373,
        "median": 1.27684760094,
        "min": -1.79808938503,
        "var": 4576.49902344
    },
    "barkbands_skewness": {
        "dmean": 0.749850451946,
        "dmean2": 1.048148036,
        "dvar": 1.91644644737,
        "dvar2": 3.56698989868,
        "max": 42.8036346436,
        "mean": 1.98922789097,
        "median": 1.03325259686,
        "min": -2.66572117805,
        "var": 8.71832180023
    },
    "barkbands_spread": {
        "dmean": 5.90637159348,
        "dmean2": 8.78643703461,
        "dvar": 51.691493988,
        "dvar2": 95.5043182373,
        "max": 91.2701263428,
        "mean": 25.8042812347,
        "median": 21.3916625977,
        "min": 0.0510440208018,
        "var": 312.36807251
    },
    "dissonance": {
        "dmean": 0.0140207223594,
        "dmean2": 0.023982424289,
        "dvar": 0.000256518425886,
        "dvar2": 0.000712250592187,
        "max": 0.500000059605,
        "mean": 0.479263603687,
        "median": 0.485615074635,
        "min": 0.28511929512,
        "var": 0.000443904282292
    },
    "dynamic_complexity": 4.88634395599,
    "erbbands_crest": {
        "dmean": 2.56410002708,
        "dmean2": 4.16829538345,
        "dvar": 7.11632156372,
        "dvar2": 16.2405796051,
        "max": 31.3488845825,
        "mean": 8.17853546143,
        "median": 6.91408920288,
        "min": 2.17981767654,
        "var": 19.4444541931
    },
    "erbbands_flatness_db": {
        "dmean": 0.0150906406343,
        "dmean2": 0.0230355728418,
        "dvar": 0.00027145355125,
        "dvar2": 0.000569328141864,
        "max": 0.36467435956,
        "mean": 0.151323229074,
        "median": 0.137086197734,
        "min": 0.0518827885389,
        "var": 0.00296048098244
    },
    "erbbands_kurtosis": {
        "dmean": 0.935612499714,
        "dmean2": 1.45169639587,
        "dvar": 2.18071913719,
        "dvar2": 4.79148769379,
        "max": 44.0850105286,
        "mean": 0.599439740181,
        "median": 0.0712257623672,
        "min": -1.76786291599,
        "var": 3.8297431469
    },
    "erbbands_skewness": {
        "dmean": 0.361698061228,
        "dmean2": 0.548874020576,
        "dvar": 0.137527689338,
        "dvar2": 0.311334550381,
        "max": 5.9248008728,
        "mean": 0.1491882056,
        "median": 0.0259574837983,
        "min": -2.01988935471,
        "var": 0.538829445839
    },
    "erbbands_spread": {
        "dmean": 7.75894880295,
        "dmean2": 11.4884119034,
        "dvar": 83.8863677979,
        "dvar2": 165.976791382,
        "max": 130.098312378,
        "mean": 36.6959991455,
        "median": 33.705039978,
        "min": 3.19248867035,
        "var": 337.603790283
    },
    "hfc": {
        "dmean": 7.7549033165,
        "dmean2": 12.3075294495,
        "dvar": 137.339004517,
        "dvar2": 318.418365479,
        "max": 157.982711792,
        "mean": 29.1851062775,
        "median": 24.9578819275,
        "min": 1.0985910785e-16,
        "var": 720.180603027
    },
    "melbands_crest": {
        "dmean": 3.36128735542,
        "dmean2": 4.98726272583,
        "dvar": 12.8712759018,
        "dvar2": 27.4103736877,
        "max": 35.694152832,
        "mean": 17.170249939,
        "median": 15.1153011322,
        "min": 1.62582528591,
        "var": 82.2832565308
    },
    "melbands_flatness_db": {
        "dmean": 0.0288000870496,
        "dmean2": 0.0393542982638,
        "dvar": 0.00139539444353,
        "dvar2": 0.002240446629,
        "max": 0.710072696209,
        "mean": 0.191656187177,
        "median": 0.177805379033,
        "min": 0.00273522897623,
        "var": 0.0108579695225
    },
    "melbands_kurtosis": {
        "dmean": 15.2400035858,
        "dmean2": 23.0903739929,
        "dvar": 1921.27258301,
        "dvar2": 4679.1953125,
        "max": 1347.36242676,
        "mean": 32.30493927,
        "median": 5.49180459976,
        "min": -1.56820654869,
        "var": 4811.06738281
    },
    "melbands_skewness": {
        "dmean": 0.933437645435,
        "dmean2": 1.34232378006,
        "dvar": 1.82230222225,
        "dvar2": 3.24486398697,
        "max": 28.9949169159,
        "mean": 3.42830038071,
        "median": 2.10621452332,
        "min": -2.23908090591,
        "var": 11.7310619354
    },
    "melbands_spread": {
        "dmean": 7.8806271553,
        "dmean2": 12.0385141373,
        "dvar": 112.721374512,
        "dvar2": 241.505340576,
        "max": 167.059753418,
        "mean": 29.4131183624,
        "median": 22.5663108826,
        "min": 0.143687695265,
        "var": 613.367126465
    },
    "pitch_salience": {
        "dmean": 0.0762700811028,
        "dmean2": 0.114273644984,
        "dvar": 0.00881841219962,
        "dvar2": 0.0157594569027,
        "max": 0.946960508823,
        "mean": 0.480001688004,
        "median": 0.525329351425,
        "min": 0.0149267781526,
        "var": 0.0459893718362
    },
    "silence_rate_20dB": {
        "dmean": 0,
        "dmean2": 0,
        "dvar": 0,
        "dvar2": 0,
        "max": 1,
        "mean": 1,
        "median": 1,
        "min": 1,
        "var": 0
    },
    "silence_rate_30dB": {
        "dmean": 0.0858986601233,
        "dmean2": 0.171815484762,
        "dvar": 0.0785234645009,
        "dvar2": 0.197738528252,
        "max": 1,
        "mean": 0.912841141224,
        "median": 1,
        "min": 0,
        "var": 0.0795566141605
    },
    "silence_rate_60dB": {
        "dmean": 0.0222151689231,
        "dmean2": 0.0444350391626,
        "dvar": 0.0217235516757,
        "dvar2": 0.0485980175436,
        "max": 1,
        "mean": 0.238417595625,
        "median": 0,
        "min": 0,
        "var": 0.181595697999
    },
    "spectral_centroid": {
        "dmean": 300.732788086,
        "dmean2": 451.237304688,
        "dvar": 145381.65625,
        "dvar2": 293542.125,
        "max": 11697.3320312,
        "mean": 2000.69494629,
        "median": 2232.03198242,
        "min": 81.7357254028,
        "var": 1448115.875
    },
    "spectral_complexity": {
        "dmean": 4.20141744614,
        "dmean2": 6.73000431061,
        "dvar": 22.6099033356,
        "dvar2": 52.3008041382,
        "max": 60,
        "mean": 22.6480846405,
        "median": 24,
        "min": 0,
        "var": 244.543624878
    },
    "spectral_decrease": {
        "dmean": 1.87165460908e-09,
        "dmean2": 2.54235899e-09,
        "dvar": 9.51174159194e-18,
        "dvar2": 1.30642060445e-17,
        "max": 5.70939243881e-21,
        "mean": -1.05833146691e-08,
        "median": -7.0068031377e-09,
        "min": -3.46179369615e-08,
        "var": 1.02336767064e-16
    },
    "spectral_energy": {
        "dmean": 0.00728206941858,
        "dmean2": 0.0100908009335,
        "dvar": 0.000136575312354,
        "dvar2": 0.000195169312065,
        "max": 0.13518923521,
        "mean": 0.0425910204649,
        "median": 0.030899381265,
        "min": 1.01507985857e-20,
        "var": 0.00152405002154
    },
    "spectral_energyband_high": {
        "dmean": 0.000687255291268,
        "dmean2": 0.00109137909021,
        "dvar": 1.18079481126e-06,
        "dvar2": 2.69695465249e-06,
        "max": 0.0178654734045,
        "mean": 0.00185936246999,
        "median": 0.00134724657983,
        "min": 7.10308231494e-21,
        "var": 4.51511823485e-06
    },
    "spectral_energyband_low": {
        "dmean": 0.00681405747309,
        "dmean2": 0.00974103249609,
        "dvar": 0.000205739183002,
        "dvar2": 0.000316391000524,
        "max": 0.125050723553,
        "mean": 0.0300410371274,
        "median": 0.00916645303369,
        "min": 1.56322444027e-23,
        "var": 0.00137232278939
    },
    "spectral_energyband_middle_high": {
        "dmean": 0.00184714258648,
        "dmean2": 0.00297390553169,
        "dvar": 6.95465178069e-06,
        "dvar2": 1.65370875038e-05,
        "max": 0.0378227606416,
        "mean": 0.00640678498894,
        "median": 0.00460770074278,
        "min": 1.21456427798e-21,
        "var": 4.02888035751e-05
    },
    "spectral_energyband_middle_low": {
        "dmean": 0.00389884971082,
        "dmean2": 0.0067540933378,
        "dvar": 0.000135840542498,
        "dvar2": 0.000368737964891,
        "max": 0.0832561999559,
        "mean": 0.00529581215233,
        "median": 0.0020429873839,
        "min": 1.68885489394e-22,
        "var": 0.000104780039692
    },
    "spectral_entropy": {
        "dmean": 0.156939104199,
        "dmean2": 0.239213183522,
        "dvar": 0.0442243292928,
        "dvar2": 0.0962470397353,
        "max": 9.82674217224,
        "mean": 7.78998565674,
        "median": 7.93701457977,
        "min": 4.99493741989,
        "var": 0.289941310883
    },
    "spectral_flux": {
        "dmean": 0.0270229540765,
        "dmean2": 0.033645927906,
        "dvar": 0.00137169868685,
        "dvar2": 0.00202301121317,
        "max": 0.373535811901,
        "mean": 0.0827822089195,
        "median": 0.0722973793745,
        "min": 6.36364572149e-11,
        "var": 0.00474967621267
    },
    "spectral_kurtosis": {
        "dmean": 1.31258094311,
        "dmean2": 2.17696619034,
        "dvar": 4.33908033371,
        "dvar2": 11.7836990356,
        "max": 44.044708252,
        "mean": 4.13013267517,
        "median": 3.09095001221,
        "min": -1.27021145821,
        "var": 12.2934446335
    },
    "spectral_rms": {
        "dmean": 0.000562465749681,
        "dmean2": 0.000780670379754,
        "dvar": 6.8658539476e-07,
        "dvar2": 9.35327705065e-07,
        "max": 0.0114844217896,
        "mean": 0.00543691311032,
        "median": 0.00549051351845,
        "min": 3.14693778848e-12,
        "var": 1.19922142403e-05
    },
    "spectral_rolloff": {
        "dmean": 571.092956543,
        "dmean2": 909.104125977,
        "dvar": 1005736,
        "dvar2": 2030373,
        "max": 19724.4140625,
        "mean": 2019.75073242,
        "median": 1442.72460938,
        "min": 64.599609375,
        "var": 5754267
    },
    "spectral_skewness": {
        "dmean": 0.184814676642,
        "dmean2": 0.295568823814,
        "dvar": 0.0571262277663,
        "dvar2": 0.132987961173,
        "max": 4.972697258,
        "mean": 1.48500132561,
        "median": 1.33227300644,
        "min": -0.0995257124305,
        "var": 0.258790344
    },
    "spectral_spread": {
        "dmean": 491339.8125,
        "dmean2": 725148.625,
        "dvar": 435780354048,
        "dvar2": 805363908608,
        "max": 42276320,
        "mean": 5125265,
        "median": 4690225.5,
        "min": 1379960.125,
        "var": 1.38487697244e+13
    },
    "spectral_strongpeak": {
        "dmean": 0.360473543406,
        "dmean2": 0.605398476124,
        "dvar": 0.514056801796,
        "dvar2": 1.38031613827,
        "max": 8.01484870911,
        "mean": 0.755994975567,
        "median": 0.538245916367,
        "min": 0,
        "var": 0.793606162071
    },
    "zerocrossingrate": {
        "dmean": 0.0120776910335,
        "dmean2": 0.0140452664346,
        "dvar": 0.00023830650025,
        "dvar2": 0.000277154147625,
        "max": 0.5234375,
        "mean": 0.0754087716341,
        "median": 0.06591796875,
        "min": 0.001953125,
        "var": 0.00381933990866
    },
    "barkbands": {
        "dmean": [0.0005022152327, 0.00645469594747, 0.00267938314937, 0.00166544469539, 0.00153150549158, 0.000432614673628, 0.000335188407917, 0.000290289783152, 0.000590833253227, 0.000399170501623, 0.000536961073522, 0.000337911973475, 0.000348722212948, 0.000350079091731, 0.000373510498321, 0.000332690222422, 0.000301577267237, 0.000299840874504, 0.000282022083411, 0.000227285549045, 0.000231905229157, 0.000137257578899, 0.000123696838273, 0.000144887788338, 0.000107202278741, 6.57312994008e-05, 1.90627065422e-06],
        "dmean2": [0.000524417089764, 0.00915679708123, 0.00460218125954, 0.0031425205525, 0.0028652579058, 0.00078422029037, 0.00059776334092, 0.000470705155749, 0.000917077821214, 0.000630914815702, 0.000858813582454, 0.000561661145184, 0.000581303320359, 0.00058049603831, 0.000621433660854, 0.000544297101442, 0.000500078487676, 0.00049560808111, 0.000468855141662, 0.000381113932235, 0.000387831387343, 0.000230723118875, 0.000206231037737, 0.000226973555982, 0.000166400699527, 0.00010195509094, 3.2600078157e-06],
        "dvar": [8.02925910648e-07, 0.000192867286387, 8.38564592414e-05, 4.18506861024e-05, 3.45611151715e-05, 1.76716866918e-06, 9.00988140984e-07, 5.20557023265e-07, 1.45855563005e-06, 7.1834335813e-07, 1.57274484991e-06, 3.05454705085e-07, 3.74779546064e-07, 2.93719125466e-07, 3.68885764601e-07, 4.26610569093e-07, 2.4715092195e-07, 2.49108552453e-07, 1.90471851624e-07, 1.1696204183e-07, 1.04784206201e-07, 3.37327641375e-08, 3.47683339896e-08, 9.35120851864e-08, 5.05725310518e-08, 2.19316156347e-08, 2.19450291272e-11],
        "dvar2": [8.46585123782e-07, 0.000294063444017, 0.000219733919948, 0.000122940182337, 9.98564646579e-05, 5.15274405188e-06, 2.62513276539e-06, 1.18886123346e-06, 3.16713453685e-06, 1.61027708145e-06, 3.88031912735e-06, 7.70858321175e-07, 9.50391438437e-07, 7.71911288666e-07, 9.58950295171e-07, 1.07926393866e-06, 6.33708793885e-07, 6.52467463169e-07, 4.9643500688e-07, 3.081032105e-07, 2.75116434523e-07, 8.94404124097e-08, 8.72560832477e-08, 2.08100715327e-07, 1.14296220488e-07, 4.9765812804e-08, 6.31070543045e-11],
        "max": [0.00981250125915, 0.109699681401, 0.0725026801229, 0.0459224581718, 0.0446248874068, 0.0119314156473, 0.00861694663763, 0.0192268360406, 0.0306920502335, 0.0242291074246, 0.0222975574434, 0.00808608625084, 0.00979048572481, 0.00792869459838, 0.00930028967559, 0.0102454535663, 0.00704705575481, 0.00997467059642, 0.00640051672235, 0.0043746936135, 0.00521635450423, 0.0040307729505, 0.0046587116085, 0.00476469704881, 0.00319245061837, 0.00183952332009, 0.000149433093611],
        "mean": [0.00112083251588, 0.0257375724614, 0.00236584758386, 0.00145677872933, 0.00120166549459, 0.000462627765955, 0.00036299333442, 0.000433267472545, 0.00096789613599, 0.000657005817629, 0.000930126814637, 0.000566607574001, 0.000570147065446, 0.000614525692072, 0.00064104894409, 0.000602861808147, 0.000609529262874, 0.000575966085307, 0.000572888646275, 0.000481368420878, 0.00048173716641, 0.000314243807225, 0.000260860455455, 0.000274722144241, 0.000206857803278, 0.000118130417832, 2.85534429167e-06],
        "median": [6.32708834019e-05, 0.00580363534391, 9.21970349737e-05, 5.85700108786e-05, 0.000104168240796, 0.000169805862242, 0.000144273799378, 0.000156101508765, 0.000382457190426, 0.000268189964117, 0.000202932249522, 0.000285196641926, 0.000257502309978, 0.000301410065731, 0.000288026058115, 0.000258049811237, 0.000308793620206, 0.000301052350551, 0.000346089684172, 0.000298592611216, 0.000348127272446, 0.000231150304899, 0.0001794686832, 0.000135237060022, 8.17637555883e-05, 3.63472972822e-05, 4.72187480227e-08],
        "min": [5.36842427146e-25, 3.06269586375e-24, 7.13462171546e-25, 3.4176003421e-25, 9.80918637814e-24, 6.59305963212e-24, 4.44013279289e-24, 9.65128403505e-24, 1.53265497579e-23, 1.58121062668e-23, 1.8391998549e-23, 2.28763367404e-23, 3.44394709332e-23, 3.39364206448e-23, 3.26899257513e-23, 7.43632101646e-23, 7.08250995849e-23, 9.10844549588e-23, 1.34923159401e-22, 1.84735535137e-22, 1.85131253011e-22, 3.23191491351e-22, 2.94598199167e-22, 5.5682977618e-22, 7.776988642e-22, 1.29770572404e-21, 2.00194894046e-21],
        "var": [4.23983919973e-06, 0.00115621602163, 6.18582562311e-05, 2.42037167482e-05, 1.98753496079e-05, 1.10895814487e-06, 5.83569544688e-07, 8.82126130364e-07, 2.90703223982e-06, 1.68047142779e-06, 4.19355910708e-06, 6.46091223189e-07, 7.77554078013e-07, 6.5910973035e-07, 7.85503857514e-07, 9.92153104562e-07, 6.35435981167e-07, 6.06678497661e-07, 4.87238878577e-07, 3.17993055887e-07, 2.97171567354e-07, 1.23859607015e-07, 1.15748342466e-07, 1.93882087274e-07, 1.13421684489e-07, 3.82998166515e-08, 3.38105168862e-11]
    },
    "erbbands": {
        "dmean": [0.283381640911, 1.59661078453, 3.35076284409, 4.09170103073, 5.86609888077, 4.75953817368, 3.22672510147, 3.75447201729, 4.77685260773, 5.15012979507, 7.46726226807, 12.533911705, 15.827173233, 10.3132352829, 20.8138217926, 15.2711753845, 15.395324707, 19.0505714417, 12.3568887711, 23.0611057281, 16.0965900421, 13.4234333038, 13.8406124115, 17.7956447601, 11.6408061981, 11.409485817, 9.09048080444, 8.74474620819, 5.04506635666, 4.79273557663, 3.47564840317, 3.11921572685, 2.21818375587, 1.35547733307, 0.729556083679, 0.375858515501, 0.109930828214, 0.0109162451699, 0.000222262708121, 1.53456367116e-05],
        "dmean2": [0.298727959394, 2.0606918335, 5.28245687485, 7.31072044373, 11.0934534073, 8.87635612488, 5.91778850555, 6.78291320801, 8.66464138031, 8.90086078644, 11.8265209198, 19.6374950409, 24.6551265717, 16.725227356, 33.62657547, 25.0794487, 25.549243927, 31.5966892242, 20.7551383972, 38.2594718933, 26.2878837585, 22.2253856659, 22.7528152466, 29.5949764252, 19.6428394318, 19.0530376434, 15.2681884766, 14.6826848984, 8.43967437744, 8.05596637726, 5.74803304672, 5.01154184341, 3.46083307266, 2.09722828865, 1.16763973236, 0.57885402441, 0.175278916955, 0.0180296450853, 0.000364805368008, 2.38227585214e-05],
        "dvar": [0.298089295626, 10.7803020477, 105.751113892, 215.725875854, 546.059448242, 329.287872314, 129.039001465, 127.224998474, 203.890808105, 140.700576782, 358.515380859, 704.373962402, 1280.30273438, 266.323181152, 2484.13549805, 647.908630371, 857.744873047, 916.170410156, 425.337127686, 1684.7598877, 1133.73120117, 439.215393066, 504.742675781, 968.725830078, 265.0987854, 316.174591064, 162.011306763, 158.776611328, 46.7046661377, 48.2210769653, 31.5578784943, 35.4243659973, 23.8047618866, 8.94252681732, 2.13732790947, 0.722409784794, 0.0611472837627, 0.000419968273491, 1.76187541001e-07, 6.17970397077e-10],
        "dvar2": [0.290749371052, 19.4376888275, 263.781616211, 611.695068359, 1587.72436523, 955.68927002, 376.184814453, 370.659790039, 595.879943848, 402.433410645, 804.479431152, 1568.56738281, 2838.23266602, 649.233032227, 6326.05126953, 1614.1229248, 2156.02197266, 2400.11279297, 1123.51477051, 4391.75976562, 2808.42773438, 1137.09631348, 1307.44030762, 2542.16577148, 696.638671875, 830.639282227, 424.984436035, 418.370788574, 121.904663086, 125.432220459, 79.7238311768, 86.4193344116, 51.6960449219, 19.1895160675, 5.14953327179, 1.64815080166, 0.140207052231, 0.00112182681914, 4.65265884486e-07, 1.43110401307e-09],
        "max": [5.06122016907, 29.3462181091, 86.4251174927, 106.234977722, 170.479873657, 146.608276367, 96.2950210571, 107.922935486, 130.869369507, 125.753112793, 522.883300781, 826.002624512, 991.444946289, 290.708984375, 1115.56152344, 387.234893799, 494.633911133, 479.488433838, 364.691650391, 758.231384277, 669.779663086, 263.87713623, 431.41192627, 543.584777832, 195.908081055, 230.179504395, 296.638214111, 178.601913452, 137.460403442, 176.510437012, 171.213867188, 115.964576721, 72.036529541, 63.5242347717, 20.8415126801, 9.83123970032, 2.99695396423, 0.505501449108, 0.0101420776919, 0.000334983313223],
        "mean": [0.935447990894, 4.88757705688, 4.07113409042, 4.03285312653, 4.44356107712, 3.87734436989, 3.06582283974, 3.97217035294, 4.95805025101, 6.34305620193, 12.2209062576, 21.1845340729, 28.0147151947, 18.2630710602, 37.9010391235, 27.4371395111, 26.9286460876, 33.800403595, 23.3670692444, 42.818359375, 34.1284255981, 29.8283824921, 30.2561187744, 35.7162628174, 24.6400661469, 24.1790618896, 18.9187736511, 17.4723911285, 11.7703456879, 9.58785057068, 7.37500476837, 5.90375328064, 4.17683506012, 2.60358476639, 1.3282314539, 0.633126974106, 0.196583762765, 0.0235540587455, 0.000503025890794, 7.12981054676e-05],
        "median": [0.175167679787, 1.08930063248, 0.946187376976, 0.294075071812, 0.246050208807, 0.381921350956, 0.721006453037, 1.48710632324, 1.93153858185, 2.77592587471, 5.29575538635, 8.99914932251, 10.446390152, 10.1769723892, 12.6523475647, 15.6736221313, 13.1799945831, 16.5565071106, 13.141494751, 18.3254585266, 15.9841651917, 16.7517700195, 17.9470176697, 20.0265197754, 17.0284690857, 15.2542629242, 13.5740432739, 12.3897008896, 8.6042766571, 6.79896259308, 4.79127883911, 3.26713514328, 1.92758762836, 1.03845906258, 0.514913916588, 0.206247836351, 0.0576196908951, 0.00517526129261, 0.000128642452182, 5.74281220906e-05],
        "min": [1.13229093233e-22, 4.37954622433e-22, 2.00007384964e-21, 4.81997375531e-21, 6.87570135054e-21, 3.92202840681e-20, 4.55472593265e-20, 6.39320916106e-20, 7.43430966601e-20, 1.48869051934e-19, 3.28402826549e-19, 3.90615597407e-19, 4.70682467251e-19, 8.70148716267e-19, 1.07349080394e-18, 1.11501309934e-18, 2.06377447608e-18, 1.95441458166e-18, 2.66615221356e-18, 3.15356508079e-18, 4.13185980393e-18, 4.85539385855e-18, 5.38719695976e-18, 6.98725749996e-18, 6.5494283202e-18, 8.29720718778e-18, 1.01796270709e-17, 7.41336056736e-18, 1.02249830382e-17, 1.12478017918e-17, 8.8608513659e-18, 1.04029683178e-17, 8.74005239078e-18, 8.14415478622e-18, 5.86183443601e-18, 4.13600976906e-18, 2.23963948496e-18, 9.57637645103e-19, 2.67638733287e-19, 2.48728137251e-20],
        "var": [2.26153206825, 42.9799766541, 102.282363892, 141.432891846, 307.339355469, 190.113250732, 76.8793563843, 80.3856430054, 126.661651611, 115.053710938, 649.622253418, 1369.5501709, 3051.22265625, 637.236450195, 6230.98535156, 1372.25231934, 1783.47729492, 1996.7364502, 933.119750977, 3895.80249023, 3007.92626953, 1274.40856934, 1416.69213867, 2233.79663086, 743.880065918, 825.470825195, 476.048400879, 403.048431396, 171.054946899, 137.863876343, 108.060943604, 76.6180801392, 48.457736969, 20.3062019348, 4.48301458359, 1.18248438835, 0.106687866151, 0.00125748629216, 5.30750696726e-07, 3.82113940489e-09]
    },
    "gfcc": {
        "mean": [-27.4160118103, 58.9467964172, -128.449279785, 29.8796005249, -57.4258384705, 26.3825111389, -26.597038269, 19.0397319794, -20.0711727142, 9.26830863953, -13.7724123001, 3.55072259903, -9.93996143341],
        "cov": [[29063.1835938, -3186.4206543, -137.778564453, 2383.69848633, 1008.78442383, 1798.43200684, 121.187309265, 1395.20776367, -408.86618042, 674.686828613, -788.588684082, 614.695861816, -532.948242188], [-3186.4206543, 2162.75097656, 180.85244751, -92.4976654053, -15.6430130005, -215.262313843, 156.738616943, -236.084686279, 213.22845459, -180.86114502, 254.146652222, -220.353988647, 134.231491089], [-137.778564453, 180.85244751, 1305.01672363, 539.006591797, 616.948913574, 358.852783203, 326.134460449, 208.818664551, 163.166488647, 113.017456055, -1.18283760548, 23.6391658783, -2.44142818451], [2383.69848633, -92.4976654053, 539.006591797, 769.020751953, 541.596069336, 407.566314697, 275.809051514, 255.388137817, 160.171310425, 133.236663818, 4.12214183807, 64.0864562988, -8.05882835388], [1008.78442383, -15.6430130005, 616.948913574, 541.596069336, 695.565368652, 384.586242676, 361.709289551, 272.450714111, 197.688430786, 124.471214294, 38.0355873108, 70.0611877441, 7.60121393204], [1798.43200684, -215.262313843, 358.852783203, 407.566314697, 384.586242676, 408.310272217, 256.130859375, 269.134399414, 108.531845093, 136.880783081, 14.3206424713, 81.422706604, -12.9713115692], [121.187309265, 156.738616943, 326.134460449, 275.809051514, 361.709289551, 256.130859375, 354.530944824, 210.213668823, 188.00982666, 85.9277496338, 109.479408264, 44.5121841431, 43.4223327637], [1395.20776367, -236.084686279, 208.818664551, 255.388137817, 272.450714111, 269.134399414, 210.213668823, 280.408508301, 114.808883667, 125.600654602, 20.59116745, 85.801322937, 9.40790939331], [-408.86618042, 213.22845459, 163.166488647, 160.171310425, 197.688430786, 108.531845093, 188.00982666, 114.808883667, 218.952606201, 87.514503479, 102.55091095, 30.7367267609, 73.5203933716], [674.686828613, -180.86114502, 113.017456055, 133.236663818, 124.471214294, 136.880783081, 85.9277496338, 125.600654602, 87.514503479, 146.85824585, 33.582660675, 70.9245376587, 14.8857126236], [-788.588684082, 254.146652222, -1.18283760548, 4.12214183807, 38.0355873108, 14.3206424713, 109.479408264, 20.59116745, 102.55091095, 33.582660675, 163.419525146, 18.656496048, 53.6924591064], [614.695861816, -220.353988647, 23.6391658783, 64.0864562988, 70.0611877441, 81.422706604, 44.5121841431, 85.801322937, 30.7367267609, 70.9245376587, 18.656496048, 108.929138184, 27.388710022], [-532.948242188, 134.231491089, -2.44142818451, -8.05882835388, 7.60121393204, -12.9713115692, 43.4223327637, 9.40790939331, 73.5203933716, 14.8857126236, 53.6924591064, 27.388710022, 96.1957855225]],
        "icov": [[0.000156323061674, -0.000177793801413, 0.000288703216938, -0.000541464192793, 0.000126047467347, -0.000246824783972, 0.000232663107454, -0.00068125926191, 0.000630820228253, -0.00036714336602, 0.000579773623031, -0.000582635519095, 0.000411460903706], [-0.000177793801413, 0.00139392865822, -0.000589267292526, 0.000554913422093, 1.17427407531e-06, 0.000217132663238, -0.00055742287077, 0.00161043799017, -0.00180128403008, 0.00167882535607, -0.00197640876286, 0.00249243178405, -0.00126486888621], [0.000288703216938, -0.000589267292526, 0.00202970672399, -0.00118995422963, -0.000823519774713, -0.000619314494543, -0.000119315423944, -0.000718859722838, 0.00166473235004, -0.00168355554342, 0.0019675034564, -0.000815818086267, 0.000601600506343], [-0.000541464192793, 0.000554913422093, -0.00118995422963, 0.00567770702764, -0.00222363695502, -0.0020848964341, 0.000557615654543, 0.00286119501106, -0.00348283210769, 0.00150026788469, -0.00162254506722, 0.00220300629735, -0.0012575762812], [0.000126047467347, 1.17427407531e-06, -0.000823519774713, -0.00222363695502, 0.00628884788603, -0.000934423936997, -0.00309957866557, -0.000245743169216, -0.00148137332872, 0.00093275133986, 0.00173216860276, -0.00207211519592, 0.00190073414706], [-0.000246824783972, 0.000217132663238, -0.000619314494543, -0.0020848964341, -0.000934423936997, 0.0133103290573, -0.00475926650688, -0.0044542546384, 0.00313095911406, -0.00335522042587, -0.000245640403591, 0.000459267874248, 0.000724355457351], [0.000232663107454, -0.00055742287077, -0.000119315423944, 0.000557615654543, -0.00309957866557, -0.00475926650688, 0.0151699464768, -0.00609623035416, -0.00340416794643, 0.00417379988357, -0.00510022463277, 0.000496718334034, 0.000123429461382], [-0.00068125926191, 0.00161043799017, -0.000718859722838, 0.00286119501106, -0.000245743169216, -0.0044542546384, -0.00609623035416, 0.0182377882302, -0.0057360958308, -0.00103825121187, 0.000575004145503, -0.000341301114531, -0.00109226745553], [0.000630820228253, -0.00180128403008, 0.00166473235004, -0.00348283210769, -0.00148137332872, 0.00313095911406, -0.00340416794643, -0.0057360958308, 0.0204003416002, -0.0102800503373, 0.000173086649738, 0.00145072629675, -0.00611468963325], [-0.00036714336602, 0.00167882535607, -0.00168355554342, 0.00150026788469, 0.00093275133986, -0.00335522042587, 0.00417379988357, -0.00103825121187, -0.0102800503373, 0.0202509146184, -0.00493761105463, -0.00397303467616, 0.00200791843235], [0.000579773623031, -0.00197640876286, 0.0019675034564, -0.00162254506722, 0.00173216860276, -0.000245640403591, -0.00510022463277, 0.000575004145503, 0.000173086649738, -0.00493761105463, 0.0161822158843, -0.0059630847536, 0.00125730305444], [-0.000582635519095, 0.00249243178405, -0.000815818086267, 0.00220300629735, -0.00207211519592, 0.000459267874248, 0.000496718334034, -0.000341301114531, 0.00145072629675, -0.00397303467616, -0.0059630847536, 0.0232317950577, -0.0102873332798], [0.000411460903706, -0.00126486888621, 0.000601600506343, -0.0012575762812, 0.00190073414706, 0.000724355457351, 0.000123429461382, -0.00109226745553, -0.00611468963325, 0.00200791843235, 0.00125730305444, -0.0102873332798, 0.0209383945912]]
    },
    "melbands": {
        "dmean": [0.00201496179216, 0.00174551573582, 0.000762902549468, 0.000391292269342, 0.000127477440401, 8.46319671837e-05, 7.190501492e-05, 5.45092443645e-05, 6.76498166285e-05, 8.14288723632e-05, 7.89994810475e-05, 4.01050456276e-05, 7.76148954174e-05, 4.44073848485e-05, 3.67331740563e-05, 3.20956060023e-05, 3.80650562875e-05, 2.05578126042e-05, 2.57917072304e-05, 2.98929517157e-05, 1.9807699573e-05, 1.49184597831e-05, 1.42799644891e-05, 1.83617539733e-05, 1.54989720613e-05, 9.09952905204e-06, 9.59465160122e-06, 7.6205883488e-06, 6.05191144132e-06, 6.18297463006e-06, 5.50544427824e-06, 3.17582703246e-06, 2.99446014651e-06, 2.85007536149e-06, 2.25346639127e-06, 1.96200676328e-06, 2.04239745472e-06, 1.70633177277e-06, 1.50199718973e-06, 1.10052189939e-06],
        "dmean2": [0.00246392679401, 0.00245424872264, 0.00135967659298, 0.000732183398213, 0.000235683823121, 0.00015346283908, 0.000129971958813, 9.33213159442e-05, 0.000106182269519, 0.000127185179736, 0.000123031350086, 6.54620307614e-05, 0.00012475818221, 7.2696551797e-05, 6.06307548878e-05, 5.35628641956e-05, 6.30970898783e-05, 3.44979052898e-05, 4.28997118433e-05, 4.90831844218e-05, 3.23423555528e-05, 2.44605726039e-05, 2.39183682424e-05, 3.05470057356e-05, 2.5737865144e-05, 1.52296533997e-05, 1.60819181474e-05, 1.27532657643e-05, 1.02129333754e-05, 1.04551763798e-05, 9.30765872909e-06, 5.30048782821e-06, 5.09956362293e-06, 4.80205198983e-06, 3.75885451831e-06, 3.16543219014e-06, 3.33561206389e-06, 2.67165205514e-06, 2.49089634963e-06, 1.6939809484e-06],
        "dvar": [1.52537068061e-05, 1.91890012502e-05, 7.57772977522e-06, 2.29099805438e-06, 2.16877594994e-07, 6.53682974416e-08, 4.52743478263e-08, 1.42259590774e-08, 2.37434480965e-08, 2.78128364783e-08, 3.17279642559e-08, 4.04312894275e-09, 3.25178532989e-08, 5.88911852617e-09, 3.85558118765e-09, 2.57726462394e-09, 3.78805609103e-09, 1.12042608524e-09, 1.80828041429e-09, 2.990565795e-09, 1.81352322048e-09, 6.19688800274e-10, 6.03639360719e-10, 1.21487642168e-09, 8.21356538339e-10, 1.73277461823e-10, 1.97282509773e-10, 1.45579312494e-10, 8.02394400923e-11, 7.88645398986e-11, 6.94038021498e-11, 2.12199112448e-11, 1.70398330862e-11, 1.73041511675e-11, 1.35674301655e-11, 1.15842856141e-11, 1.56255078321e-11, 1.36812904755e-11, 1.08078017022e-11, 5.83602740786e-12],
        "dvar2": [1.74692759174e-05, 4.38862589363e-05, 2.13092243939e-05, 6.62271804686e-06, 6.33638876479e-07, 1.90544000134e-07, 1.3214513217e-07, 4.01307289621e-08, 5.36982192045e-08, 6.19471052232e-08, 7.03587801354e-08, 9.92200988037e-09, 8.07052700225e-08, 1.50315475622e-08, 9.61782564701e-09, 6.6306413693e-09, 9.91403137363e-09, 2.97023539098e-09, 4.70139349673e-09, 7.87850851225e-09, 4.49052839357e-09, 1.57112645116e-09, 1.62545121807e-09, 3.18623727402e-09, 2.15840678663e-09, 4.6218673333e-10, 5.1168252968e-10, 3.84246079399e-10, 2.14147422017e-10, 2.12136003208e-10, 1.84185625085e-10, 5.66004569602e-11, 4.62243021637e-11, 4.5418793726e-11, 3.55318760525e-11, 2.6226878308e-11, 3.98492835951e-11, 2.92128474189e-11, 2.65123045046e-11, 1.23280439676e-11],
        "max": [0.0346801131964, 0.0373537614942, 0.0194586273283, 0.0112430229783, 0.00377271487378, 0.00237673008814, 0.00191416253801, 0.00129405234475, 0.00390670914203, 0.00447438564152, 0.00487636495382, 0.00102517486084, 0.0033179842867, 0.00142457918264, 0.000947615248151, 0.000694632995874, 0.00101057963911, 0.000535522412974, 0.000639077217784, 0.000974379479885, 0.000813111604657, 0.000365533807781, 0.000404809543397, 0.000744030752685, 0.000495557731483, 0.000175785011379, 0.000179486305569, 0.000200196780497, 0.000189103346202, 0.000130014188471, 0.000117185125418, 8.76473859535e-05, 7.06455321051e-05, 9.77967356448e-05, 0.000108791369712, 6.57757336739e-05, 8.10044948594e-05, 6.49069697829e-05, 5.76530183025e-05, 5.17326188856e-05],
        "mean": [0.00770727265626, 0.00368878361769, 0.000712379813194, 0.000305470224703, 0.000117284398584, 8.98279831745e-05, 7.62230774853e-05, 6.96376810083e-05, 0.000111329783977, 0.000136252478114, 0.000136973263579, 6.48522982374e-05, 0.000135955444421, 7.67451638239e-05, 6.31320217508e-05, 5.33244565304e-05, 6.49979192531e-05, 3.49455294781e-05, 4.65645898657e-05, 5.36300503882e-05, 3.87731306546e-05, 3.06967085635e-05, 2.68767325906e-05, 3.32425406668e-05, 2.8492671845e-05, 1.77516285476e-05, 1.80556962732e-05, 1.49419238369e-05, 1.15711500257e-05, 1.09604961835e-05, 1.00562083389e-05, 6.75067985867e-06, 5.7427023421e-06, 5.11598500452e-06, 4.36819982497e-06, 3.76305160898e-06, 3.52440997631e-06, 3.04655577565e-06, 2.55111831393e-06, 2.03228523787e-06],
        "median": [0.00182835292071, 0.00102625542786, 3.57726894435e-05, 2.14454157685e-05, 2.44339898927e-05, 3.37974561262e-05, 3.08998060063e-05, 3.0836177757e-05, 4.6430825023e-05, 5.65431328141e-05, 4.76897912449e-05, 3.35377189913e-05, 3.52763090632e-05, 3.44830259564e-05, 3.07218360831e-05, 2.68217663688e-05, 2.93025368592e-05, 1.72482577909e-05, 2.16001390072e-05, 2.21936898015e-05, 1.43557526826e-05, 1.58802431542e-05, 1.22569672385e-05, 1.48706840264e-05, 1.38030991366e-05, 1.10199871415e-05, 1.09374432213e-05, 8.69726500241e-06, 7.70234328229e-06, 7.25037443772e-06, 6.60133810015e-06, 4.57224768979e-06, 4.03993954023e-06, 3.48748653778e-06, 2.74135572909e-06, 2.10436837733e-06, 1.80693405127e-06, 1.3812286852e-06, 1.05649291982e-06, 7.49004925638e-07],
        "min": [1.50056766404e-24, 8.61727395391e-25, 1.06273733847e-24, 1.51706787316e-24, 2.24183047717e-24, 1.68666567082e-24, 9.93281093996e-25, 2.25425128934e-24, 2.29602739073e-24, 2.47278863705e-24, 2.19197939835e-24, 2.83297207397e-24, 3.40838240381e-24, 3.18996358245e-24, 2.33057614572e-24, 4.74392904395e-24, 2.97716066187e-24, 2.89800123105e-24, 1.94032843084e-24, 2.73617962976e-24, 4.08078890119e-24, 4.34681606983e-24, 3.46381447633e-24, 3.31478484627e-24, 4.23028040931e-24, 5.13833267529e-24, 5.03029107457e-24, 4.52540510687e-24, 4.6124783903e-24, 4.391241955e-24, 3.8824262767e-24, 4.80530952212e-24, 5.61528744491e-24, 5.38550330728e-24, 3.94318197704e-24, 5.63299855553e-24, 5.56636229157e-24, 5.41907841069e-24, 5.06336840676e-24, 6.16018286e-24],
        "var": [0.000117559233331, 3.47347704519e-05, 4.94399546369e-06, 1.31681895255e-06, 1.26450458993e-07, 4.11063290073e-08, 2.83518897248e-08, 1.27683366102e-08, 4.49929125068e-08, 5.3668706812e-08, 7.57608376034e-08, 8.51071124686e-09, 8.54247943494e-08, 1.31771145107e-08, 8.29757684784e-09, 5.11453945862e-09, 8.20988166339e-09, 2.24218221767e-09, 4.05361522127e-09, 6.75018752005e-09, 4.69617678078e-09, 1.61363500339e-09, 1.39007705346e-09, 2.67250821473e-09, 1.72764569317e-09, 4.31583657701e-10, 4.7343429177e-10, 3.43428591121e-10, 2.00180497179e-10, 1.73411562887e-10, 1.51085560729e-10, 6.33528438043e-11, 4.47770258372e-11, 4.17696988109e-11, 4.19885064218e-11, 2.93743224189e-11, 2.89678524223e-11, 2.6913029097e-11, 1.9012385416e-11, 1.31619663085e-11]
    },
    "mfcc": {
        "mean": [-658.909912109, 89.9699401855, -9.60468959808, 10.4108982086, -2.22781825066, 7.80501317978, 6.82172107697, 9.1692609787, 5.64770841599, 7.47519493103, 4.83107709885, 4.41402101517, 1.71794986725],
        "cov": [[17409.6972656, -3017.9909668, -202.623657227, 1287.63989258, 1212.20581055, 991.379333496, 812.305908203, 898.37121582, 761.331115723, 490.756317139, 252.831512451, 133.300415039, 13.5946140289], [-3017.9909668, 1821.94311523, 295.46496582, -5.59388303757, -74.13331604, -55.2117042542, -26.9592590332, -62.6716117859, -75.5381698608, -22.4326610565, 34.633228302, 42.183555603, 20.2448787689], [-202.623657227, 295.46496582, 660.935424805, 281.022857666, 250.079147339, 207.46383667, 157.100662231, 106.819145203, 125.7135849, 113.668983459, 78.2749557495, 39.3051185608, 37.0266418457], [1287.63989258, -5.59388303757, 281.022857666, 510.110229492, 373.859222412, 308.217987061, 219.453384399, 230.217025757, 212.179855347, 171.624938965, 116.723144531, 86.5850601196, 66.4640426636], [1212.20581055, -74.13331604, 250.079147339, 373.859222412, 402.02520752, 292.628143311, 220.84085083, 212.638641357, 203.126358032, 162.253723145, 110.365440369, 77.836730957, 63.1846122742], [991.379333496, -55.2117042542, 207.46383667, 308.217987061, 292.628143311, 307.50769043, 214.702377319, 200.888076782, 181.231582642, 149.756896973, 124.576683044, 89.9019851685, 56.0251312256], [812.305908203, -26.9592590332, 157.100662231, 219.453384399, 220.84085083, 214.702377319, 273.495056152, 214.984466553, 162.808364868, 125.00453186, 127.749351501, 102.484840393, 44.1641235352], [898.37121582, -62.6716117859, 106.819145203, 230.217025757, 212.638641357, 200.888076782, 214.984466553, 253.366760254, 188.981124878, 133.054168701, 119.073524475, 101.676055908, 69.5602111816], [761.331115723, -75.5381698608, 125.7135849, 212.179855347, 203.126358032, 181.231582642, 162.808364868, 188.981124878, 225.85118103, 156.784057617, 84.9086380005, 76.5325164795, 92.6905899048], [490.756317139, -22.4326610565, 113.668983459, 171.624938965, 162.253723145, 149.756896973, 125.00453186, 133.054168701, 156.784057617, 170.624725342, 102.517196655, 69.2323150635, 73.2139434814], [252.831512451, 34.633228302, 78.2749557495, 116.723144531, 110.365440369, 124.576683044, 127.749351501, 119.073524475, 84.9086380005, 102.517196655, 161.472991943, 101.714355469, 19.1715106964], [133.300415039, 42.183555603, 39.3051185608, 86.5850601196, 77.836730957, 89.9019851685, 102.484840393, 101.676055908, 76.5325164795, 69.2323150635, 101.714355469, 122.438285828, 55.067691803], [13.5946140289, 20.2448787689, 37.0266418457, 66.4640426636, 63.1846122742, 56.0251312256, 44.1641235352, 69.5602111816, 92.6905899048, 73.2139434814, 19.1715106964, 55.067691803, 137.153289795]],
