{
"lowlevel": {
    "average_loudness": 0.810174882412,
    "barkbands_crest": {
        "dmean": 2.2024409771,
        "dmean2": 3.37040948868,
        "dvar": 4.66225528717,
        "dvar2": 9.67185020447,
        "max": 25.43217659,
        "mean": 9.60872745514,
        "median": 7.48743724823,
        "min": 1.9628919363,
        "var": 33.8815803528
    },
    "barkbands_flatness_db": {
        "dmean": 0.0179748628289,
        "dmean2": 0.0281540378928,
        "dvar": 0.000415628106566,
        "dvar2": 0.000964329054113,
        "max": 0.385363966227,
        "mean": 0.124141857028,
        "median": 0.0999281182885,
        "min": 0.0176736675203,
        "var": 0.00622414657846
    },
    "barkbands_kurtosis": {
        "dmean": 2.43701601028,
        "dmean2": 4.28748083115,
        "dvar": 38.350151062,
        "dvar2": 125.493598938,
        "max": 87.5379867554,
        "mean": 2.67404747009,
        "median": -0.423448085785,
        "min": -1.85543882847,
        "var": 73.0815353394
    },
    "barkbands_skewness": {
        "dmean": 0.463664084673,
        "dmean2": 0.754238605499,
        "dvar": 0.437535315752,
        "dvar2": 1.22780120373,
        "max": 9.07011032104,
        "mean": 1.059217453,
        "median": 0.552672445774,
        "min": -2.03042793274,
        "var": 2.19081449509
    },
    "barkbands_spread": {
        "dmean": 5.4740819931,
        "dmean2": 8.60427951813,
        "dvar": 39.9581184387,
        "dvar2": 95.887802124,
        "max": 126.227264404,
        "mean": 30.2155780792,
        "median": 28.5643043518,
        "min": 2.18176627159,
        "var": 254.223480225
    },
    "dissonance": {
        "dmean": 0.0177918579429,
        "dmean2": 0.0296713411808,
        "dvar": 0.000377071643015,
        "dvar2": 0.00100896856748,
        "max": 0.500000059605,
        "mean": 0.460018903017,
        "median": 0.471762895584,
        "min": 0.203841805458,
        "var": 0.00145436346065
    },
    "dynamic_complexity": 4.11861658096,
    "erbbands_crest": {
        "dmean": 2.34936904907,
        "dmean2": 3.72922921181,
        "dvar": 5.04028654099,
        "dvar2": 11.8043613434,
        "max": 31.1484203339,
        "mean": 8.10119915009,
        "median": 7.08273839951,
        "min": 2.22793912888,
        "var": 17.5740833282
    },
    "erbbands_flatness_db": {
        "dmean": 0.0124012734741,
        "dmean2": 0.0180355142802,
        "dvar": 0.000182860254426,
        "dvar2": 0.000353784387698,
        "max": 0.433449089527,
        "mean": 0.15581703186,
        "median": 0.120305560529,
        "min": 0.0291410181671,
        "var": 0.00724417017773
    },
    "erbbands_kurtosis": {
        "dmean": 0.498945951462,
        "dmean2": 0.803644299507,
        "dvar": 0.570861160755,
        "dvar2": 1.32349026203,
        "max": 21.8852329254,
        "mean": -0.0616012215614,
        "median": -0.420046567917,
        "min": -1.69944608212,
        "var": 1.84652328491
    },
    "erbbands_skewness": {
        "dmean": 0.26536744833,
        "dmean2": 0.414376020432,
        "dvar": 0.0525404810905,
        "dvar2": 0.126836925745,
        "max": 2.96342206001,
        "mean": 0.0774060562253,
        "median": 0.0355583131313,
        "min": -2.43473386765,
        "var": 0.233658984303
    },
    "erbbands_spread": {
        "dmean": 7.03674983978,
        "dmean2": 11.4161205292,
        "dvar": 90.8566360474,
        "dvar2": 209.801773071,
        "max": 139.445388794,
        "mean": 39.8744888306,
        "median": 39.604385376,
        "min": 2.15753102303,
        "var": 485.199035645
    },
    "hfc": {
        "dmean": 7.05294656754,
        "dmean2": 10.256067276,
        "dvar": 107.573524475,
        "dvar2": 201.116821289,
        "max": 151.652664185,
        "mean": 32.5120887756,
        "median": 20.4362773895,
        "min": 1.15545167233e-16,
        "var": 949.669799805
    },
    "melbands_crest": {
        "dmean": 2.66641950607,
        "dmean2": 4.1040430069,
        "dvar": 7.3959403038,
        "dvar2": 15.9923677444,
        "max": 38.852432251,
        "mean": 13.9973468781,
        "median": 11.0483646393,
        "min": 1.71784353256,
        "var": 61.9691772461
    },
    "melbands_flatness_db": {
        "dmean": 0.0220860186964,
        "dmean2": 0.0339074768126,
        "dvar": 0.000669487228151,
        "dvar2": 0.001457031467,
        "max": 0.494258910418,
        "mean": 0.180582925677,
        "median": 0.148155555129,
        "min": 0.00570496777073,
        "var": 0.00999000947922
    },
    "melbands_kurtosis": {
        "dmean": 10.4528303146,
        "dmean2": 18.144826889,
        "dvar": 778.094726562,
        "dvar2": 2396.671875,
        "max": 492.393554688,
        "mean": 17.6467952728,
        "median": 2.33667373657,
        "min": -1.54519343376,
        "var": 1747.21350098
    },
    "melbands_skewness": {
        "dmean": 0.761407196522,
        "dmean2": 1.22257781029,
        "dvar": 1.5051445961,
        "dvar2": 3.89421629906,
        "max": 20.7017745972,
        "mean": 2.5412838459,
        "median": 1.45178937912,
        "min": -1.7568821907,
        "var": 8.29605484009
    },
    "melbands_spread": {
        "dmean": 7.16927146912,
        "dmean2": 11.0229272842,
        "dvar": 71.1733398438,
        "dvar2": 153.659942627,
        "max": 147.969390869,
        "mean": 33.9329299927,
        "median": 32.9803962708,
        "min": 1.60525095463,
        "var": 387.395812988
    },
    "pitch_salience": {
        "dmean": 0.0572810843587,
        "dmean2": 0.088053278625,
        "dvar": 0.00251204171218,
        "dvar2": 0.00541443750262,
        "max": 0.962453365326,
        "mean": 0.511903941631,
        "median": 0.54499399662,
        "min": 0.0522315129638,
        "var": 0.0241112392396
    },
    "silence_rate_20dB": {
        "dmean": 0,
        "dmean2": 0,
        "dvar": 0,
        "dvar2": 0,
        "max": 1,
        "mean": 1,
        "median": 1,
        "min": 1,
        "var": 0
    },
    "silence_rate_30dB": {
        "dmean": 0,
        "dmean2": 0,
        "dvar": 0,
        "dvar2": 0,
        "max": 1,
        "mean": 1,
        "median": 1,
        "min": 1,
        "var": 0
    },
    "silence_rate_60dB": {
        "dmean": 0.0248940680176,
        "dmean2": 0.0497925318778,
        "dvar": 0.0242710169405,
        "dvar2": 0.0549124851823,
        "max": 1,
        "mean": 0.172654256225,
        "median": 0,
        "min": 0,
        "var": 0.142822980881
    },
    "spectral_centroid": {
        "dmean": 237.050033569,
        "dmean2": 385.742523193,
        "dvar": 93086.984375,
        "dvar2": 226407.484375,
        "max": 11167.6035156,
        "mean": 1908.43908691,
        "median": 2161.01879883,
        "min": 373.044311523,
        "var": 574697.625
    },
    "spectral_complexity": {
        "dmean": 3.69491529465,
        "dmean2": 5.65268850327,
        "dvar": 22.4591026306,
        "dvar2": 41.7828903198,
        "max": 57,
        "mean": 22.7196578979,
        "median": 19,
        "min": 0,
        "var": 184.517593384
    },
    "spectral_decrease": {
        "dmean": 2.03805372578e-09,
        "dmean2": 3.44900974447e-09,
        "dvar": 9.86959646854e-18,
        "dvar2": 3.28361950385e-17,
        "max": 3.84107769035e-29,
        "mean": -6.68848532115e-09,
        "median": -5.11470510389e-09,
        "min": -2.88616099908e-08,
        "var": 3.81178325852e-17
    },
    "spectral_energy": {
        "dmean": 0.00801687780768,
        "dmean2": 0.0135023752227,
        "dvar": 0.00014289918181,
        "dvar2": 0.000472588348202,
        "max": 0.110288083553,
        "mean": 0.0281928107142,
        "median": 0.0233236011118,
        "min": 1.05457918685e-20,
        "var": 0.000610908318777
    },
    "spectral_energyband_high": {
        "dmean": 0.000554049853235,
        "dmean2": 0.000824837188702,
        "dvar": 7.80653920174e-07,
        "dvar2": 1.50638845753e-06,
        "max": 0.0176965910941,
        "mean": 0.0023974867072,
        "median": 0.00136908935383,
        "min": 7.48027667426e-21,
        "var": 6.67751555739e-06
    },
    "spectral_energyband_low": {
        "dmean": 0.00568293966353,
        "dmean2": 0.00982992816716,
        "dvar": 0.000146062826389,
        "dvar2": 0.000471909996122,
        "max": 0.107612587512,
        "mean": 0.0143893938512,
        "median": 0.00199735607021,
        "min": 4.32034789319e-23,
        "var": 0.000496321357787
    },
    "spectral_energyband_middle_high": {
        "dmean": 0.0023119263351,
        "dmean2": 0.00351939792745,
        "dvar": 1.24959360619e-05,
        "dvar2": 2.83477202174e-05,
        "max": 0.0657142847776,
        "mean": 0.00684454990551,
        "median": 0.00352543406188,
        "min": 1.30780334558e-21,
        "var": 5.63958528801e-05
    },
    "spectral_energyband_middle_low": {
        "dmean": 0.0024699640926,
        "dmean2": 0.00390243623406,
        "dvar": 2.06477852771e-05,
        "dvar2": 5.39081011084e-05,
        "max": 0.0483605228364,
        "mean": 0.0054494892247,
        "median": 0.00353293586522,
        "min": 3.02317853146e-22,
        "var": 3.24071588693e-05
    },
    "spectral_entropy": {
        "dmean": 0.107298918068,
        "dmean2": 0.168607145548,
        "dvar": 0.0170054640621,
        "dvar2": 0.0399274900556,
        "max": 9.81122970581,
        "mean": 7.76876688004,
        "median": 8.10193347931,
        "min": 5.38338136673,
        "var": 0.472061425447
    },
    "spectral_flux": {
        "dmean": 0.0178997628391,
        "dmean2": 0.0284772999585,
        "dvar": 0.000444252364105,
        "dvar2": 0.00100635027047,
        "max": 0.251654773951,
        "mean": 0.0711332112551,
        "median": 0.0709358379245,
        "min": 6.68280222826e-11,
        "var": 0.00206069950946
    },
    "spectral_kurtosis": {
        "dmean": 3.53066515923,
        "dmean2": 6.15956830978,
        "dvar": 78.5394897461,
        "dvar2": 235.536422729,
        "max": 143.514068604,
        "mean": 7.85935211182,
        "median": 2.34222888947,
        "min": -1.20033633709,
        "var": 218.102615356
    },
    "spectral_rms": {
        "dmean": 0.000643980049063,
        "dmean2": 0.00104336999357,
        "dvar": 6.11260873029e-07,
        "dvar2": 1.88051421901e-06,
        "max": 0.0103729516268,
        "mean": 0.00462525710464,
        "median": 0.00477019231766,
        "min": 3.20758111912e-12,
        "var": 6.11210589341e-06
    },
    "spectral_rolloff": {
        "dmean": 521.343322754,
        "dmean2": 821.463562012,
        "dvar": 590865.875,
        "dvar2": 1368917.375,
        "max": 19121.484375,
        "mean": 2369.11425781,
        "median": 2024.12109375,
        "min": 43.06640625,
        "var": 3236398.5
    },
    "spectral_skewness": {
        "dmean": 0.279673188925,
        "dmean2": 0.478575468063,
        "dvar": 0.290013194084,
        "dvar2": 0.886980235577,
        "max": 9.44868183136,
        "mean": 1.63672232628,
        "median": 1.21606314182,
        "min": -0.0283199995756,
        "var": 1.0833902359
    },
    "spectral_spread": {
        "dmean": 397545.59375,
        "dmean2": 609419.875,
        "dvar": 405911764992,
        "dvar2": 676371103744,
        "max": 41320436,
        "mean": 5085163,
        "median": 5753794,
        "min": 463287.46875,
        "var": 5.21952034816e+12
    },
    "spectral_strongpeak": {
        "dmean": 0.581699550152,
        "dmean2": 0.981296598911,
        "dvar": 0.88799482584,
        "dvar2": 2.18299651146,
        "max": 11.2881212234,
        "mean": 1.0747410059,
        "median": 0.559490859509,
        "min": 0,
        "var": 1.71405899525
    },
    "zerocrossingrate": {
        "dmean": 0.00983075518161,
        "dmean2": 0.0115143330768,
        "dvar": 0.000109615750262,
        "dvar2": 0.000146827325807,
        "max": 0.7421875,
        "mean": 0.0882301256061,
        "median": 0.087890625,
        "min": 0.0068359375,
        "var": 0.00235562957823
    },
    "barkbands": {
        "dmean": [0.000284807058051, 0.0050824098289, 0.0010872008279, 0.00074710539775, 0.000491525453981, 0.000537646294106, 0.000270298653049, 0.000382473284844, 0.000718012452126, 0.000658801523969, 0.000679491902702, 0.000655083567835, 0.000325397762936, 0.000304078188492, 0.000352211704012, 0.000206769749639, 0.000343468622304, 0.000198105481104, 0.000225957206567, 0.000248537777225, 0.000186613222468, 0.000139295996632, 0.000112451278255, 0.000116401926789, 8.23855152703e-05, 3.6932000512e-05, 1.20686472656e-05],
        "dmean2": [0.000428990984801, 0.00841533206403, 0.00181991269346, 0.00135578447953, 0.000838134146761, 0.000930289388634, 0.000413764995756, 0.000564016692806, 0.00101221259683, 0.000961595447734, 0.00102525448892, 0.0011070095934, 0.000531780533493, 0.000510000158101, 0.000580036372412, 0.000353062147042, 0.000571702141315, 0.000325194501784, 0.00036980715231, 0.000392793328501, 0.000293184770271, 0.000218609013245, 0.00017723601195, 0.000187778714462, 0.000127975014038, 5.76661186642e-05, 1.9383873223e-05],
        "dvar": [8.26137522836e-07, 0.000129579682834, 1.0596161701e-05, 1.05773378891e-05, 1.8374788624e-06, 2.12384793485e-06, 2.46232815471e-07, 5.54366124561e-07, 2.78980473922e-06, 2.89659078589e-06, 2.94139317703e-06, 2.70255350188e-06, 3.74723327923e-07, 3.73044059643e-07, 4.74325048572e-07, 2.09522028172e-07, 5.70780287035e-07, 1.04424017877e-07, 1.3451256109e-07, 1.60123008186e-07, 9.11024926609e-08, 4.50117880746e-08, 3.22593471935e-08, 3.46360842229e-08, 1.96220568682e-08, 3.65894825549e-09, 6.35659525017e-10],
        "dvar2": [1.89133913864e-06, 0.000396619492676, 2.91654305329e-05, 3.04258719552e-05, 4.90833053846e-06, 6.19756701781e-06, 4.91893615617e-07, 1.12459827051e-06, 5.0717180784e-06, 5.80670484851e-06, 6.46527860226e-06, 7.68089648773e-06, 9.40535755944e-07, 1.03733384549e-06, 1.26519250898e-06, 6.04375770763e-07, 1.48285448631e-06, 2.81194616036e-07, 3.37477757739e-07, 3.8838837213e-07, 2.17483034248e-07, 1.05106281012e-07, 7.97966208665e-08, 8.44400744882e-08, 4.47601031794e-08, 8.40567793148e-09, 1.70043712444e-09],
        "max": [0.0504881925881, 0.102821446955, 0.047447539866, 0.0368827953935, 0.0169498417526, 0.0168518442661, 0.0162211991847, 0.012534650974, 0.0395971573889, 0.0365329794586, 0.0384837239981, 0.0408293902874, 0.0121583649889, 0.0114799402654, 0.0158750526607, 0.00915952958167, 0.0177661571652, 0.00507302070037, 0.00641622254625, 0.00745122181252, 0.00647172471508, 0.00293082324788, 0.00361311342567, 0.00467550940812, 0.00316877407022, 0.00112994469237, 0.000446159858257],
        "mean": [0.000687046267558, 0.0108814192936, 0.00220244447701, 0.000969926186372, 0.000646829255857, 0.000780542846769, 0.000536586449016, 0.000760153343435, 0.00122191908304, 0.0011427635327, 0.00116090488154, 0.00103586923797, 0.000511229154654, 0.000492543622386, 0.000597127247602, 0.000347176712239, 0.000610361457802, 0.000406925013522, 0.000478835223475, 0.000586483161896, 0.000503979332279, 0.000406388571719, 0.000357772572897, 0.000387198495446, 0.000307628099108, 0.000141255644849, 3.14680510201e-05],
        "median": [1.35168220368e-05, 0.000856032362208, 0.000465778954094, 0.000191612998606, 0.00024308382126, 0.000295496429317, 0.000216551939957, 0.000254762824625, 0.00039569492219, 0.0003026369086, 0.000341511971783, 0.000358113727998, 0.000206839147722, 0.000196136097657, 0.00024597425363, 0.00016448169481, 0.000226446194574, 0.000203385323402, 0.000231817728491, 0.000297371705528, 0.000251895457041, 0.000207258141018, 0.00019183504628, 0.000238228778471, 0.000186949080671, 8.55758116813e-05, 1.15695065688e-05],
        "min": [6.336561706e-25, 1.03755672088e-23, 4.69263770232e-24, 8.96818650025e-24, 3.78043381917e-23, 2.41093642006e-23, 4.4498075408e-23, 1.59059176057e-23, 5.79710592073e-23, 3.855111179e-23, 1.95392152976e-23, 6.30970205714e-23, 8.26829727222e-23, 8.20952713478e-23, 1.08095703954e-22, 9.33656892354e-23, 1.06704822272e-22, 8.02567647439e-23, 2.39684695408e-22, 2.05593749534e-22, 3.57018604274e-22, 3.90947625403e-22, 4.27215966215e-22, 8.09816383012e-22, 1.08388246395e-21, 1.3887297207e-21, 2.18139038589e-21],
        "var": [8.68997449288e-06, 0.000392569723772, 1.6747337213e-05, 7.72308703745e-06, 1.69380768966e-06, 1.76251012363e-06, 8.13852636838e-07, 1.68509177456e-06, 6.77221942169e-06, 8.05318904895e-06, 7.66697121435e-06, 4.96066923006e-06, 7.44311705603e-07, 6.89701039391e-07, 9.84163193607e-07, 3.37831068009e-07, 1.3663578784e-06, 2.6270691933e-07, 3.53652552576e-07, 5.14615805969e-07, 3.74912048073e-07, 2.15267704107e-07, 1.70201985839e-07, 2.13893557088e-07, 1.41723532465e-07, 2.71508469041e-08, 2.17604023689e-09]
    },
    "erbbands": {
        "dmean": [0.185000121593, 1.03251850605, 1.15328669548, 2.2230451107, 1.17963707447, 2.17129540443, 3.85270881653, 4.14010381699, 3.87903904915, 5.14631700516, 11.2338895798, 16.0927906036, 21.7069835663, 19.486366272, 20.7842674255, 26.9311656952, 17.7672863007, 15.1976509094, 14.2914237976, 14.2949857712, 11.9043331146, 18.2729225159, 10.3889541626, 12.6457424164, 12.6610488892, 9.29364776611, 7.8823800087, 7.08752393723, 5.24100399017, 4.1376709938, 3.35765004158, 2.91851568222, 1.78920698166, 1.16415214539, 0.526685357094, 0.214973732829, 0.0650416091084, 0.017718737945, 0.00177624030039, 2.90754360321e-05],
        "dmean2": [0.282028526068, 1.77082908154, 2.00816679001, 3.8912088871, 2.09270882607, 3.72708487511, 6.77094125748, 7.10599994659, 6.10266590118, 7.39198732376, 17.1008014679, 22.5240859985, 31.4231262207, 28.998003006, 32.4545783997, 45.4714546204, 29.6312732697, 25.1381931305, 23.6864051819, 23.7751464844, 19.8252563477, 30.5547122955, 17.119594574, 20.7574577332, 20.4046592712, 14.5975322723, 12.4903688431, 11.2097549438, 8.18926048279, 6.59053039551, 5.29332304001, 4.79355239868, 2.83518743515, 1.81498754025, 0.830018818378, 0.340742856264, 0.102990582585, 0.0282130707055, 0.00286298431456, 4.60141527583e-05],
        "dvar": [0.169170454144, 6.00876903534, 11.9018688202, 84.654083252, 15.8281497955, 44.3907585144, 108.691947937, 133.268295288, 54.9474525452, 120.376808167, 408.77243042, 2063.08398438, 3140.5546875, 2142.85571289, 4123.50048828, 3963.23046875, 1370.66687012, 715.624389648, 721.383789062, 664.036621094, 496.412597656, 1816.97619629, 363.868804932, 475.979309082, 439.754180908, 212.198577881, 167.75177002, 136.338912964, 65.9091567993, 41.9685707092, 29.4570636749, 21.4081611633, 9.15099525452, 3.98668980598, 0.747267723083, 0.118597246706, 0.0120013607666, 0.00108500558417, 1.4234585251e-05, 2.65033617275e-09],
        "dvar2": [0.420974254608, 19.6998825073, 30.7999134064, 243.510025024, 45.1555671692, 119.436714172, 314.446716309, 381.907928467, 128.935623169, 206.446914673, 907.370422363, 3637.43823242, 6317.75390625, 4327.48632812, 10119.9521484, 11238.6152344, 3650.96777344, 1892.95361328, 1941.83911133, 1784.48974609, 1278.13574219, 4747.86425781, 997.482666016, 1261.28222656, 1082.20397949, 509.100463867, 408.092437744, 325.518066406, 150.882629395, 103.491455078, 75.4277038574, 56.1086082458, 21.8172073364, 9.30142593384, 1.79918038845, 0.281754255295, 0.0283140912652, 0.0027070408687, 3.78012409783e-05, 6.81073197839e-09],
        "max": [4.28801631927, 21.8050003052, 37.7739295959, 115.697563171, 50.862071991, 91.0530548096, 111.70980072, 147.8881073, 121.534477234, 231.751449585, 290.564056396, 1192.24206543, 992.334228516, 956.812683105, 1968.75317383, 1509.55871582, 935.948425293, 477.230957031, 473.374267578, 582.252990723, 449.456237793, 1238.33056641, 343.184936523, 530.902954102, 429.759429932, 190.015533447, 320.316741943, 207.244628906, 131.62197876, 118.860092163, 110.044242859, 84.8053741455, 99.0751113892, 49.2182197571, 18.7935256958, 5.87147331238, 2.00991296768, 0.743060827255, 0.0786818340421, 0.00117636914365],
        "mean": [0.451931089163, 1.89318978786, 2.5011510849, 3.42014813423, 1.66830790043, 2.69178438187, 5.06448078156, 5.95645999908, 7.45927810669, 11.0975551605, 22.2126140594, 27.6119060516, 36.8135643005, 36.4340400696, 36.0112266541, 44.599445343, 29.8091259003, 25.7823619843, 26.5152454376, 26.5048980713, 22.4028549194, 33.6097068787, 21.8033504486, 26.2141151428, 28.2040348053, 23.8661766052, 21.0415611267, 18.7464141846, 14.6395835876, 12.2813262939, 10.4661655426, 8.96009159088, 5.82504606247, 3.94985413551, 1.82013702393, 0.750429451466, 0.236578479409, 0.0588539093733, 0.00466817477718, 0.000112626483315],
        "median": [0.0260807517916, 0.206800982356, 0.578754723072, 0.827353954315, 0.656893491745, 0.939985752106, 1.68584287167, 2.20351147652, 3.07723808289, 4.14424753189, 8.77748203278, 9.44486141205, 10.0585393906, 12.6531066895, 11.234919548, 16.3892917633, 12.5742111206, 13.0722312927, 11.6900625229, 12.5688772202, 10.9946050644, 12.3489551544, 10.9461612701, 12.7446556091, 13.1076221466, 12.6313199997, 10.7183084488, 9.58111190796, 7.24566888809, 6.47671461105, 5.6575012207, 5.59172201157, 3.32828330994, 2.26034426689, 1.12362968922, 0.461391746998, 0.134553194046, 0.0279681067914, 0.00175382499583, 7.58479072829e-05],
        "min": [2.50292110415e-22, 2.80250003223e-21, 7.41270231901e-21, 2.64322592061e-20, 7.63679637138e-20, 1.21594619467e-19, 1.21980163181e-19, 1.4159984041e-19, 4.41598021432e-19, 6.79394301266e-19, 3.61145892218e-19, 1.28528223137e-18, 1.6396759775e-18, 1.43013220658e-18, 1.80422608618e-18, 2.21027374604e-18, 3.81066970798e-18, 3.59934904971e-18, 4.05882016943e-18, 6.12899226717e-18, 5.32901927932e-18, 6.47408085179e-18, 5.21012033808e-18, 8.9833063566e-18, 7.65014349925e-18, 1.09358000181e-17, 1.30704347145e-17, 1.33897462833e-17, 1.30651209063e-17, 1.71149806417e-17, 1.33533974857e-17, 1.40842140384e-17, 1.25245724381e-17, 1.09819748942e-17, 8.40597812961e-18, 5.88894321264e-18, 2.29708841928e-18, 1.11091338543e-18, 2.78177453731e-19, 3.51266189153e-20],
        "var": [0.767231345177, 11.8376665115, 20.3696460724, 66.1413345337, 11.8153524399, 38.6108055115, 86.6928863525, 122.877815247, 144.98739624, 439.461303711, 1053.34851074, 4846.05810547, 7574.54101562, 6527.70068359, 10663.4394531, 7848.85351562, 2722.96875, 1277.23510742, 1509.95129395, 1393.68933105, 1033.13000488, 4137.63867188, 834.189147949, 1108.47265625, 1302.74914551, 783.223693848, 649.400024414, 500.06350708, 294.374206543, 193.252563477, 148.445907593, 108.098350525, 52.7831687927, 25.3329563141, 4.80539655685, 0.75984787941, 0.0799413993955, 0.00594533467665, 4.95364256494e-05, 1.58661954686e-08]
    },
    "gfcc": {
        "mean": [-6.85801696777, 70.2977905273, -123.510681152, 21.0798606873, -50.3941307068, 18.5744514465, -23.6273441315, 13.9873895645, -19.0879669189, 6.05029630661, -13.6289110184, 1.2860224247, -10.4394226074],
        "cov": [[18182.7207031, -7607.14404297, 2204.14916992, 2097.97241211, -860.012451172, 1839.57189941, -753.475708008, 967.311462402, -746.731445312, 665.542175293, -655.659057617, 428.918395996, -859.501403809], [-7607.14404297, 6738.59033203, -990.784545898, -903.93927002, 1241.97912598, -942.500793457, 750.606079102, -605.330444336, 640.139770508, -451.939147949, 419.554168701, -379.252349854, 558.653747559], [2204.14916992, -990.784545898, 1354.79077148, 701.979675293, 151.062408447, 586.184875488, 60.3158874512, 317.037872314, -50.2934036255, 175.271652222, -63.4153938293, 82.9163894653, -136.13848877], [2097.97241211, -903.93927002, 701.979675293, 695.82043457, 79.0228271484, 449.63659668, 27.1065635681, 241.555740356, -45.4267730713, 128.820510864, -58.9432487488, 56.7992134094, -120.822593689], [-860.012451172, 1241.97912598, 151.062408447, 79.0228271484, 605.743225098, 54.1928634644, 308.109924316, 21.0777130127, 204.292068481, -18.6680202484, 85.9848632812, -65.40259552, 75.6329421997], [1839.57189941, -942.500793457, 586.184875488, 449.63659668, 54.1928634644, 454.583740234, 33.6395568848, 238.266799927, -41.9961242676, 134.360214233, -59.0869598389, 62.4284133911, -110.756500244], [-753.475708008, 750.606079102, 60.3158874512, 27.1065635681, 308.109924316, 33.6395568848, 265.297668457, 50.5510292053, 148.765335083, -8.86512947083, 71.0047607422, -37.3204154968, 56.6722831726], [967.311462402, -605.330444336, 317.037872314, 241.555740356, 21.0777130127, 238.266799927, 50.5510292053, 203.086120605, 7.02832651138, 92.4148406982, -26.3964824677, 45.9409675598, -68.0590438843], [-746.731445312, 640.139770508, -50.2934036255, -45.4267730713, 204.292068481, -41.9961242676, 148.765335083, 7.02832651138, 151.537307739, 0.616650044918, 64.7020568848, -25.855758667, 71.0951766968], [665.542175293, -451.939147949, 175.271652222, 128.820510864, -18.6680202484, 134.360214233, -8.86512947083, 92.4148406982, 0.616650044918, 101.684318542, -4.87247514725, 31.5608997345, -31.5226287842], [-655.659057617, 419.554168701, -63.4153938293, -58.9432487488, 85.9848632812, -59.0869598389, 71.0047607422, -26.3964824677, 64.7020568848, -4.87247514725, 94.3444442749, -0.297882765532, 38.9684333801], [428.918395996, -379.252349854, 82.9163894653, 56.7992134094, -65.40259552, 62.4284133911, -37.3204154968, 45.9409675598, -25.855758667, 31.5608997345, -0.297882765532, 78.5447311401, -6.28477334976], [-859.501403809, 558.653747559, -136.13848877, -120.822593689, 75.6329421997, -110.756500244, 56.6722831726, -68.0590438843, 71.0951766968, -31.5226287842, 38.9684333801, -6.28477334976, 138.483215332]],
        "icov": [[0.000162865049788, 2.08681194636e-05, 6.77567659295e-05, -0.00020195482648, -6.62559468765e-05, -0.000246532261372, 0.000185188648175, 9.73322676145e-05, 5.07296317664e-05, -0.000347411958501, 0.000553372898139, -0.000355769414455, 0.000351130380295], [2.08681194636e-05, 0.00118832127191, -0.000271410885034, 3.48409521393e-05, -0.00102367612999, 0.000558387720957, -0.000510706449859, 0.00126418506261, -0.00134037411772, 0.00232238252647, -0.00170864863321, 0.0021242951043, -0.00127074762713], [6.77567659295e-05, -0.000271410885034, 0.00203398382291, -0.000969077751506, -0.000399535550969, -0.00143543153536, 0.000410952256061, -0.000860892178025, 0.00130874430761, -0.00100126827601, 0.00035614069202, -0.000776351196691, 0.000113131805847], [-0.00020195482648, 3.48409521393e-05, -0.000969077751506, 0.00478591583669, -0.000451394764241, -0.00279290764593, 0.000708346429747, -0.000982401077636, -4.64163858851e-05, 0.00117504608352, -0.00116040511057, 0.00107533473056, -0.000264333939413], [-6.62559468765e-05, -0.00102367612999, -0.000399535550969, -0.000451394764241, 0.00662421016023, -0.00223057437688, -0.003955909051, 0.00276799756102, -0.00376221328042, -0.000621118058916, 0.00166432652622, -0.000881987274624, 0.00179095903877], [-0.000246532261372, 0.000558387720957, -0.00143543153536, -0.00279290764593, -0.00223057437688, 0.0140438433737, -0.00323635712266, -0.00476588634774, 0.00462449900806, -0.00452640140429, 0.00166146166157, -0.000853617617395, -0.000108858497697], [0.000185188648175, -0.000510706449859, 0.000410952256061, 0.000708346429747, -0.003955909051, -0.00323635712266, 0.018172563985, -0.00931345950812, -0.00542919896543, 0.00619218032807, -0.0054265698418, 0.00445843394846, -0.00228416826576], [9.73322676145e-05, 0.00126418506261, -0.000860892178025, -0.000982401077636, 0.00276799756102, -0.00476588634774, -0.00931345950812, 0.0251823533326, -0.00891460571438, -0.00497588887811, 0.00567458430305, -0.00628519849852, 0.00622687442228], [5.07296317664e-05, -0.00134037411772, 0.00130874430761, -4.64163858851e-05, -0.00376221328042, 0.00462449900806, -0.00542919896543, -0.00891460571438, 0.029318658635, -0.0101029435173, -0.00312114949338, 0.000958641001489, -0.00586756784469], [-0.000347411958501, 0.00232238252647, -0.00100126827601, 0.00117504608352, -0.000621118058916, -0.00452640140429, 0.00619218032807, -0.00497588887811, -0.0101029435173, 0.0297082327306, -0.0106613254175, 0.0065877540037, -0.00449634762481], [0.000553372898139, -0.00170864863321, 0.00035614069202, -0.00116040511057, 0.00166432652622, 0.00166146166157, -0.0054265698418, 0.00567458430305, -0.00312114949338, -0.0106613254175, 0.025626886636, -0.012768949382, 0.00647925306112], [-0.000355769414455, 0.0021242951043, -0.000776351196691, 0.00107533473056, -0.000881987274624, -0.000853617617395, 0.00445843394846, -0.00628519849852, 0.000958641001489, 0.0065877540037, -0.012768949382, 0.0275427233428, -0.00986670143902], [0.000351130380295, -0.00127074762713, 0.000113131805847, -0.000264333939413, 0.00179095903877, -0.000108858497697, -0.00228416826576, 0.00622687442228, -0.00586756784469, -0.00449634762481, 0.00647925306112, -0.00986670143902, 0.0170549452305]]
    },
    "melbands": {
        "dmean": [0.00152564432938, 0.000762606156059, 0.000345449108863, 0.000102544210677, 0.00012697398779, 9.64300852502e-05, 5.85796224186e-05, 5.86855821894e-05, 0.000106653555122, 0.000102810969111, 0.000108530301077, 7.77503446443e-05, 6.92587345839e-05, 5.06213436893e-05, 9.01794919628e-05, 2.68810581474e-05, 3.19383361784e-05, 2.1073863536e-05, 3.24487446051e-05, 1.73449152499e-05, 1.50189680426e-05, 2.32271977438e-05, 1.04182108771e-05, 8.66266964294e-06, 1.14031372505e-05, 9.23534025787e-06, 1.14652257253e-05, 6.34862271909e-06, 5.24115921507e-06, 5.62738705412e-06, 3.9797523641e-06, 3.48003914041e-06, 2.79966775452e-06, 2.383372248e-06, 2.16934745367e-06, 2.06196227737e-06, 1.95390066438e-06, 1.44522141454e-06, 1.27078703827e-06, 1.06099560071e-06],
        "dmean2": [0.0024810761679, 0.00133866036776, 0.000603312510066, 0.000175799184944, 0.000219727822696, 0.000165872770594, 9.13243056857e-05, 8.35538667161e-05, 0.000161855467013, 0.000143283017678, 0.000157295668032, 0.000115235918202, 0.00010627102165, 8.31331344671e-05, 0.000152656371938, 4.42315358669e-05, 5.32588273927e-05, 3.49623878719e-05, 5.34358987352e-05, 2.9661845474e-05, 2.48466913035e-05, 3.89327433368e-05, 1.72130421561e-05, 1.41745631481e-05, 1.88845588127e-05, 1.52234060806e-05, 1.86190354725e-05, 1.03376460174e-05, 8.48997933645e-06, 8.99077804206e-06, 6.31771490589e-06, 5.5066357163e-06, 4.5020287871e-06, 3.86628698834e-06, 3.47782383869e-06, 3.35768663717e-06, 3.26224289893e-06, 2.33937021221e-06, 1.99507576326e-06, 1.70040573266e-06],
        "dvar": [1.15497441584e-05, 3.85757039112e-06, 1.97518079403e-06, 8.01078030577e-08, 1.16221741564e-07, 6.80242209228e-08, 1.17744445305e-08, 1.72521925634e-08, 3.78932121237e-08, 9.3341924412e-08, 8.12892437807e-08, 3.39966135243e-08, 3.4613290012e-08, 1.15735971917e-08, 6.7354129385e-08, 4.27364543754e-09, 3.66456620604e-09, 2.32950903012e-09, 5.02283192816e-09, 1.71997993625e-09, 1.06852815485e-09, 2.98438962432e-09, 3.18310239278e-10, 1.87570653454e-10, 4.02287231305e-10, 2.60936411367e-10, 4.52691883979e-10, 1.10560172129e-10, 6.84763704073e-11, 9.72148125888e-11, 4.0393695333e-11, 3.19442285124e-11, 1.82837564533e-11, 1.35405029203e-11, 1.32816735041e-11, 1.09818707947e-11, 1.02681274941e-11, 5.37974005621e-12, 5.27789227253e-12, 3.24326654942e-12],
        "dvar2": [3.30189395754e-05, 1.1585167158e-05, 5.69932035432e-06, 2.1323202759e-07, 3.30548971306e-07, 1.96146757503e-07, 2.6618501181e-08, 2.89024040256e-08, 8.18598309138e-08, 1.64335190789e-07, 1.6373034839e-07, 6.78970764056e-08, 8.1733290358e-08, 3.01059266405e-08, 1.87928634432e-07, 1.07538511429e-08, 9.77717817818e-09, 6.41350750286e-09, 1.3435475843e-08, 5.00864549835e-09, 2.54159004953e-09, 7.90206300394e-09, 8.41492486803e-10, 4.99539187793e-10, 1.08062558901e-09, 6.63951338353e-10, 1.13716824846e-09, 2.83617629382e-10, 1.71250874592e-10, 2.43977588132e-10, 9.82550429907e-11, 7.74802930148e-11, 4.63853642996e-11, 3.40450827252e-11, 3.47993370231e-11, 2.89983956986e-11, 2.77855672498e-11, 1.32268241498e-11, 1.34788022757e-11, 7.9027279512e-12],
        "max": [0.0331783480942, 0.0198132451624, 0.0174394100904, 0.0038915257901, 0.00340800872073, 0.00321894790977, 0.00250121532008, 0.00288921804167, 0.00333340652287, 0.00791027396917, 0.00497426092625, 0.00352222123183, 0.00523288920522, 0.00250672223046, 0.00734670134261, 0.00166017352603, 0.00108306994662, 0.00109237933066, 0.00173554173671, 0.000890072842594, 0.00081519462401, 0.00146244978532, 0.000286129012238, 0.000215271866182, 0.000498174398672, 0.000342391227605, 0.000477540306747, 0.000162898388226, 0.000154110995936, 0.000238901295234, 0.000102164303826, 0.000104241342342, 6.45809996058e-05, 6.02847467235e-05, 7.00992095517e-05, 6.33519375697e-05, 7.03022087691e-05, 6.32369192317e-05, 6.40445650788e-05, 4.02659607062e-05],
        "mean": [0.00345722888596, 0.00170117802918, 0.000538187508937, 0.000136680871947, 0.000168244107044, 0.000142189484905, 0.000113885085739, 0.000123597405036, 0.000203446354135, 0.000170761995832, 0.000181015959242, 0.000141960190376, 0.00011968279432, 8.61712978804e-05, 0.000139479714562, 4.23546080128e-05, 4.99383277202e-05, 3.66271597159e-05, 5.27786578459e-05, 2.81875327346e-05, 2.49273452937e-05, 4.01013057854e-05, 1.95950451598e-05, 1.84484324564e-05, 2.14343108382e-05, 1.81556315511e-05, 2.25191197387e-05, 1.44341029227e-05, 1.27716421048e-05, 1.3306576875e-05, 9.74933482212e-06, 8.47597129905e-06, 7.40505356589e-06, 6.40824191578e-06, 6.05740615356e-06, 5.68264431422e-06, 5.39857956028e-06, 4.12621648138e-06, 3.74500154976e-06, 3.2075222407e-06],
        "median": [0.000240656925598, 0.000316362158628, 0.000137210663524, 5.61827764614e-05, 5.77217106184e-05, 5.45931070519e-05, 4.63160540676e-05, 3.76119969587e-05, 7.27866936359e-05, 5.32021113031e-05, 4.21366457886e-05, 4.17921874032e-05, 3.49373585777e-05, 3.20801700582e-05, 3.96229370381e-05, 1.50131645569e-05, 2.19863959501e-05, 1.50400146595e-05, 1.97603003471e-05, 1.25282831505e-05, 1.08938056655e-05, 1.35013824547e-05, 9.68745098362e-06, 9.25345557334e-06, 9.99097665044e-06, 8.33548529044e-06, 9.72457110038e-06, 7.45873103369e-06, 6.60277373754e-06, 6.20895661996e-06, 5.13006034453e-06, 4.05171294915e-06, 3.78722324967e-06, 3.39289840667e-06, 3.35612185154e-06, 2.9718546557e-06, 3.39159987561e-06, 2.38625761995e-06, 1.84611724308e-06, 1.85644944395e-06],
        "min": [3.42817650165e-24, 5.84175323915e-24, 5.73096995236e-24, 7.54625130795e-24, 5.25998804308e-24, 3.75590482042e-24, 7.41600800592e-24, 6.08359551016e-24, 3.31192640878e-24, 8.28356804163e-24, 8.12400751291e-24, 5.2235588409e-24, 3.60223589937e-24, 7.35973697983e-24, 2.9177113152e-24, 1.00106614533e-23, 5.72901554947e-24, 6.11511957522e-24, 8.12448714034e-24, 5.30559209201e-24, 6.33019461242e-24, 6.53443977269e-24, 4.6319522106e-24, 3.85391684358e-24, 7.48218081409e-24, 6.64243838048e-24, 4.93283362062e-24, 6.10343181205e-24, 7.00971071871e-24, 6.82395921908e-24, 7.17585508054e-24, 7.07588352688e-24, 7.23638358894e-24, 7.23610748762e-24, 7.531584806e-24, 6.2720658189e-24, 8.02595210239e-24, 8.60106956762e-24, 8.13963090314e-24, 8.15510598752e-24],
        "var": [4.14936876041e-05, 7.53412905397e-06, 1.55190321038e-06, 7.08564655838e-08, 9.54085237481e-08, 6.14328214965e-08, 3.28017470963e-08, 6.36737169657e-08, 1.00216695387e-07, 2.17113182543e-07, 2.03088561079e-07, 1.05727842481e-07, 9.17581672866e-08, 2.62020876107e-08, 1.26922017785e-07, 7.88607668056e-09, 6.23529849975e-09, 4.36558522665e-09, 9.81368053488e-09, 2.68692379457e-09, 2.12971729141e-09, 6.76120803789e-09, 6.92389534596e-10, 5.13644182742e-10, 8.29758706189e-10, 5.87372872562e-10, 1.03301422971e-09, 3.23734622443e-10, 2.29778529537e-10, 3.35224764614e-10, 1.35189165418e-10, 1.12270304164e-10, 7.37751040814e-11, 5.42241113122e-11, 5.37994822303e-11, 4.47917120061e-11, 4.37738838233e-11, 2.77510757429e-11, 2.33069483851e-11, 1.72951254013e-11]
    },
    "mfcc": {
        "mean": [-644.63092041, 100.73009491, -6.03347396851, 9.28203678131, 0.849449157715, 5.40360307693, 7.2793803215, 7.32482814789, 5.20744991302, 5.8411655426, 1.54346632957, 2.98506140709, 2.12633776665],
        "cov": [[12596.453125, -5328.62695312, 865.237792969, 725.76348877, 1.89666235447, 531.93157959, 257.134124756, 210.418380737, -20.7046279907, 118.273284912, 110.833518982, 117.196800232, -48.7478141785], [-5328.62695312, 4489.69628906, -534.16784668, -199.446548462, 273.136169434, -134.220016479, -3.15957665443, -24.0328941345, 112.981826782, 2.51647472382, -34.2072372437, -53.6047058105, 59.7372055054], [865.237792969, -534.16784668, 853.001220703, 289.529205322, 236.946899414, 246.659362793, 195.734268188, 157.289001465, 95.5841293335, 91.3994674683, 79.1296615601, 82.2804260254, 35.353603363], [725.76348877, -199.446548462, 289.529205322, 344.090362549, 167.347717285, 172.907577515, 157.465255737, 110.816970825, 89.9353942871, 75.9218215942, 68.6881561279, 63.6506271362, 32.5023498535], [1.89666235447, 273.136169434, 236.946899414, 167.347717285, 303.879638672, 173.848236084, 154.530731201, 118.983383179, 103.426002502, 93.6546478271, 64.3625640869, 52.0440063477, 45.0386886597], [531.93157959, -134.220016479, 246.659362793, 172.907577515, 173.848236084, 207.685073853, 149.077774048, 103.415809631, 92.2548904419, 80.5179824829, 55.9496116638, 52.8467178345, 36.4860305786], [257.134124756, -3.15957665443, 195.734268188, 157.465255737, 154.530731201, 149.077774048, 182.991897583, 123.599220276, 92.1509246826, 85.2286071777, 73.5325241089, 59.06042099, 35.1372680664], [210.418380737, -24.0328941345, 157.289001465, 110.816970825, 118.983383179, 103.415809631, 123.599220276, 146.87840271, 86.7695388794, 54.3729629517, 66.9708938599, 59.8780174255, 32.5121765137], [-20.7046279907, 112.981826782, 95.5841293335, 89.9353942871, 103.426002502, 92.2548904419, 92.1509246826, 86.7695388794, 141.048873901, 79.6881103516, 29.7867507935, 37.9699707031, 34.4742698669], [118.273284912, 2.51647472382, 91.3994674683, 75.9218215942, 93.6546478271, 80.5179824829, 85.2286071777, 54.3729629517, 79.6881103516, 116.031494141, 61.5081367493, 24.5355453491, 18.4952487946], [110.833518982, -34.2072372437, 79.1296615601, 68.6881561279, 64.3625640869, 55.9496116638, 73.5325241089, 66.9708938599, 29.7867507935, 61.5081367493, 105.28528595, 55.1143913269, 14.9500923157], [117.196800232, -53.6047058105, 82.2804260254, 63.6506271362, 52.0440063477, 52.8467178345, 59.06042099, 59.8780174255, 37.9699707031, 24.5355453491, 55.1143913269, 87.2534408569, 42.5503425598], [-48.7478141785, 59.7372055054, 35.353603363, 32.5023498535, 45.0386886597, 36.4860305786, 35.1372680664, 32.5121765137, 34.4742698669, 18.4952487946, 14.9500923157, 42.5503425598, 63.8691139221]],
