{
"lowlevel": {
    "average_loudness": 0.933123886585,
    "barkbands_crest": {
        "dmean": 2.49448657036,
        "dmean2": 3.97935700417,
        "dvar": 7.36150312424,
        "dvar2": 15.2858400345,
        "max": 26.2358341217,
        "mean": 8.77103233337,
        "median": 7.609146595,
        "min": 1.85857605934,
        "var": 21.2044906616
    },
    "barkbands_flatness_db": {
        "dmean": 0.0178310740739,
        "dmean2": 0.0273194108158,
        "dvar": 0.000525681127328,
        "dvar2": 0.000909813097678,
        "max": 0.40902158618,
        "mean": 0.0969042852521,
        "median": 0.0776537209749,
        "min": 0.0114528359845,
        "var": 0.00431011617184
    },
    "barkbands_kurtosis": {
        "dmean": 2.11743044853,
        "dmean2": 3.09277582169,
        "dvar": 48.7952766418,
        "dvar2": 71.6104354858,
        "max": 254.084320068,
        "mean": 1.61487793922,
        "median": -0.764730930328,
        "min": -1.93863534927,
        "var": 105.092437744
    },
    "barkbands_skewness": {
        "dmean": 0.584346950054,
        "dmean2": 0.837781667709,
        "dvar": 0.522078216076,
        "dvar2": 0.906886994839,
        "max": 14.9418821335,
        "mean": 0.792919337749,
        "median": 0.572884559631,
        "min": -2.61165046692,
        "var": 1.98125135899
    },
    "barkbands_spread": {
        "dmean": 9.63244342804,
        "dmean2": 14.5007486343,
        "dvar": 129.158432007,
        "dvar2": 275.309204102,
        "max": 109.047401428,
        "mean": 47.3041687012,
        "median": 45.5456237793,
        "min": 1.25701498985,
        "var": 625.388793945
    },
    "dissonance": {
        "dmean": 0.0135968932882,
        "dmean2": 0.0234253406525,
        "dvar": 0.000291094824206,
        "dvar2": 0.000809028453659,
        "max": 0.500000178814,
        "mean": 0.477251112461,
        "median": 0.484418094158,
        "min": 0.209768339992,
        "var": 0.000676121213473
    },
    "dynamic_complexity": 1.97558927536,
    "erbbands_crest": {
        "dmean": 2.0120639801,
        "dmean2": 3.36888837814,
        "dvar": 5.03365039825,
        "dvar2": 13.4950342178,
        "max": 31.5916671753,
        "mean": 6.65887260437,
        "median": 5.26567459106,
        "min": 2.14874505997,
        "var": 15.0895824432
    },
    "erbbands_flatness_db": {
        "dmean": 0.0130260856822,
        "dmean2": 0.020014859736,
        "dvar": 0.000184735225048,
        "dvar2": 0.000404245918617,
        "max": 0.417796164751,
        "mean": 0.128555521369,
        "median": 0.0998019054532,
        "min": 0.0446309000254,
        "var": 0.00489344960079
    },
    "erbbands_kurtosis": {
        "dmean": 0.958487927914,
        "dmean2": 1.51800525188,
        "dvar": 1.9306448698,
        "dvar2": 4.76136350632,
        "max": 21.6061954498,
        "mean": 0.528555214405,
        "median": -0.0760858058929,
        "min": -1.67389130592,
        "var": 3.80947899818
    },
    "erbbands_skewness": {
        "dmean": 0.345803648233,
        "dmean2": 0.536869704723,
        "dvar": 0.106193929911,
        "dvar2": 0.241939619184,
        "max": 3.31694412231,
        "mean": -0.399676591158,
        "median": -0.378052502871,
        "min": -3.49742388725,
        "var": 0.510483443737
    },
    "erbbands_spread": {
        "dmean": 9.79036521912,
        "dmean2": 14.628411293,
        "dvar": 113.200515747,
        "dvar2": 248.30847168,
        "max": 117.386291504,
        "mean": 44.7365684509,
        "median": 43.9589233398,
        "min": 2.09071063995,
        "var": 463.639678955
    },
    "hfc": {
        "dmean": 21.4919338226,
        "dmean2": 31.6292037964,
        "dvar": 957.301940918,
        "dvar2": 2160.75292969,
        "max": 415.241149902,
        "mean": 67.836479187,
        "median": 48.2418327332,
        "min": 1.11649649474e-16,
        "var": 3655.45043945
    },
    "melbands_crest": {
        "dmean": 3.30832958221,
        "dmean2": 5.36819887161,
        "dvar": 11.3736314774,
        "dvar2": 26.920671463,
        "max": 36.0065231323,
        "mean": 14.7528781891,
        "median": 13.9157323837,
        "min": 1.89138865471,
        "var": 32.3011169434
    },
    "melbands_flatness_db": {
        "dmean": 0.0265619270504,
        "dmean2": 0.0391588062048,
        "dvar": 0.00099127611611,
        "dvar2": 0.00175940885674,
        "max": 0.533236861229,
        "mean": 0.150852531195,
        "median": 0.132854878902,
        "min": 0.00591806368902,
        "var": 0.00670207710937
    },
    "melbands_kurtosis": {
        "dmean": 8.52063655853,
        "dmean2": 12.1526708603,
        "dvar": 550.688842773,
        "dvar2": 986.144165039,
        "max": 669.262939453,
        "mean": 12.2816810608,
        "median": 4.26602649689,
        "min": -1.83619654179,
        "var": 1105.1887207
    },
    "melbands_skewness": {
        "dmean": 0.866461753845,
        "dmean2": 1.26110136509,
        "dvar": 1.31223630905,
        "dvar2": 2.30985808372,
        "max": 19.2628040314,
        "mean": 2.53345346451,
        "median": 2.096149683,
        "min": -1.24509429932,
        "var": 4.24229621887
    },
    "melbands_spread": {
        "dmean": 16.8668994904,
        "dmean2": 24.5324459076,
        "dvar": 457.595001221,
        "dvar2": 982.219909668,
        "max": 256.392974854,
        "mean": 51.6495285034,
        "median": 44.0536613464,
        "min": 0.663709759712,
        "var": 1435.29187012
    },
    "pitch_salience": {
        "dmean": 0.0728363543749,
        "dmean2": 0.117322817445,
        "dvar": 0.00620216457173,
        "dvar2": 0.0134257795289,
        "max": 0.985548734665,
        "mean": 0.557908117771,
        "median": 0.574675679207,
        "min": 0.0630433559418,
        "var": 0.015737619251
    },
    "silence_rate_20dB": {
        "dmean": 0,
        "dmean2": 0,
        "dvar": 0,
        "dvar2": 0,
        "max": 1,
        "mean": 1,
        "median": 1,
        "min": 1,
        "var": 0
    },
    "silence_rate_30dB": {
        "dmean": 0.00502778496593,
        "dmean2": 0.0100569007918,
        "dvar": 0.0050026611425,
        "dvar2": 0.0136607326567,
        "max": 1,
        "mean": 0.996560394764,
        "median": 1,
        "min": 0,
        "var": 0.00342773646116
    },
    "silence_rate_60dB": {
        "dmean": 0.00264620268717,
        "dmean2": 0.00529310572892,
        "dvar": 0.00263929390348,
        "dvar2": 0.00658786250278,
        "max": 1,
        "mean": 0.014287604019,
        "median": 0,
        "min": 0,
        "var": 0.0140838278458
    },
    "spectral_centroid": {
        "dmean": 361.291656494,
        "dmean2": 522.427246094,
        "dvar": 165936.890625,
        "dvar2": 356979.71875,
        "max": 11272.46875,
        "mean": 2227.41040039,
        "median": 2235.3190918,
        "min": 260.999328613,
        "var": 832316.625
    },
    "spectral_complexity": {
        "dmean": 5.33236312866,
        "dmean2": 8.50178623199,
        "dvar": 28.4765396118,
        "dvar2": 64.6345825195,
        "max": 63,
        "mean": 30.1229000092,
        "median": 31,
        "min": 0,
        "var": 150.004577637
    },
    "spectral_decrease": {
        "dmean": 2.84688717045e-09,
        "dmean2": 4.56519755332e-09,
        "dvar": 1.64563215354e-17,
        "dvar2": 3.79228330276e-17,
        "max": 9.05677826203e-23,
        "mean": -7.88897480675e-09,
        "median": -6.46398401472e-09,
        "min": -3.85642060508e-08,
        "var": 2.91204103915e-17
    },
    "spectral_energy": {
        "dmean": 0.0112834405154,
        "dmean2": 0.0182979535311,
        "dvar": 0.000247972522629,
        "dvar2": 0.000583225570153,
        "max": 0.149320870638,
        "mean": 0.0359277017415,
        "median": 0.0320978723466,
        "min": 1.07157136687e-20,
        "var": 0.000467202888103
    },
    "spectral_energyband_high": {
        "dmean": 0.00210929382592,
        "dmean2": 0.00291423872113,
        "dvar": 1.2211738067e-05,
        "dvar2": 2.63167712546e-05,
        "max": 0.0472533628345,
        "mean": 0.00618609506637,
        "median": 0.003440591041,
        "min": 7.59021495534e-21,
        "var": 5.113311272e-05
    },
    "spectral_energyband_low": {
        "dmean": 0.00655871396884,
        "dmean2": 0.00979570113122,
        "dvar": 0.000135297159432,
        "dvar2": 0.000246568844886,
        "max": 0.142547652125,
        "mean": 0.0142393400893,
        "median": 0.00859737303108,
        "min": 4.59797171157e-23,
        "var": 0.000297461287118
    },
    "spectral_energyband_middle_high": {
        "dmean": 0.00294760405086,
        "dmean2": 0.00489749060944,
        "dvar": 1.58914099302e-05,
        "dvar2": 4.18334966525e-05,
        "max": 0.0663907602429,
        "mean": 0.0075931083411,
        "median": 0.0059423870407,
        "min": 1.49890892621e-21,
        "var": 3.92469592043e-05
    },
    "spectral_energyband_middle_low": {
        "dmean": 0.00594956055284,
        "dmean2": 0.00989872496575,
        "dvar": 0.000142347198562,
        "dvar2": 0.000388554210076,
        "max": 0.111479572952,
        "mean": 0.00913833081722,
        "median": 0.00599753018469,
        "min": 2.22852145496e-22,
        "var": 0.000126542436192
    },
    "spectral_entropy": {
        "dmean": 0.117263138294,
        "dmean2": 0.173779860139,
        "dvar": 0.0162178166211,
        "dvar2": 0.0332567170262,
        "max": 9.80933952332,
        "mean": 8.04993247986,
        "median": 8.17640304565,
        "min": 5.49998140335,
        "var": 0.294504523277
    },
    "spectral_flux": {
        "dmean": 0.0274694859982,
        "dmean2": 0.0439615361392,
        "dvar": 0.0012724091066,
        "dvar2": 0.00269381422549,
        "max": 0.353011101484,
        "mean": 0.107317343354,
        "median": 0.0994642674923,
        "min": 6.77440534225e-11,
        "var": 0.00286174030043
    },
    "spectral_kurtosis": {
        "dmean": 1.56627416611,
        "dmean2": 2.6847884655,
        "dvar": 17.9819297791,
        "dvar2": 56.2707557678,
        "max": 94.7528991699,
        "mean": 3.96420717239,
        "median": 1.98613166809,
        "min": -1.23716235161,
        "var": 59.2555961609
    },
    "spectral_rms": {
        "dmean": 0.000884910754394,
        "dmean2": 0.00142250605859,
        "dvar": 1.21260586639e-06,
        "dvar2": 2.75857109955e-06,
        "max": 0.0120697515085,
        "mean": 0.00564719177783,
        "median": 0.00559598067775,
        "min": 3.23331942817e-12,
        "var": 3.16078421747e-06
    },
    "spectral_rolloff": {
        "dmean": 1151.6965332,
        "dmean2": 1714.2442627,
        "dvar": 2891511.5,
        "dvar2": 5800706,
        "max": 19379.8828125,
        "mean": 4160.85888672,
        "median": 3165.38085938,
        "min": 43.06640625,
        "var": 10685230
    },
    "spectral_skewness": {
        "dmean": 0.18087606132,
        "dmean2": 0.290838390589,
        "dvar": 0.0789295136929,
        "dvar2": 0.237061202526,
        "max": 7.43858003616,
        "mean": 1.24939310551,
        "median": 1.11738777161,
        "min": -0.0365209765732,
        "var": 0.462575137615
    },
    "spectral_spread": {
        "dmean": 495038.03125,
        "dmean2": 759624.6875,
        "dvar": 516309483520,
        "dvar2": 950456549376,
        "max": 41729784,
        "mean": 5915083.5,
        "median": 6266832.5,
        "min": 735852.1875,
        "var": 6.15014780109e+12
    },
    "spectral_strongpeak": {
        "dmean": 0.639241755009,
        "dmean2": 1.11898136139,
        "dvar": 2.21554923058,
        "dvar2": 6.27143335342,
        "max": 23.0288085938,
        "mean": 0.823905110359,
        "median": 0.387679219246,
        "min": 0,
        "var": 2.11084699631
    },
    "zerocrossingrate": {
        "dmean": 0.0228138081729,
        "dmean2": 0.0232332572341,
        "dvar": 0.000601551670115,
        "dvar2": 0.000741552968975,
        "max": 0.70263671875,
        "mean": 0.12688781321,
        "median": 0.11181640625,
        "min": 0.0048828125,
        "var": 0.0059204637073
    },
    "barkbands": {
        "dmean": [0.000235209226958, 0.00460532307625, 0.00281116762199, 0.00216509308666, 0.00294634653255, 0.000953915237915, 0.000429399486165, 0.000334207550623, 0.000854760175571, 0.000592138036154, 0.000707710394636, 0.000600058876444, 0.000593577162363, 0.000522779708263, 0.000397597847041, 0.000552141224034, 0.000330445094733, 0.000318835343933, 0.000320266262861, 0.000345913605997, 0.000318539037835, 0.000397892377805, 0.000454257853562, 0.000538943044376, 0.000396091578295, 0.000243058762862, 6.41282022116e-05],
        "dmean2": [0.00035643245792, 0.00687842536718, 0.00444458564743, 0.00363045907579, 0.0053550535813, 0.00155104440637, 0.000732273911126, 0.000541581364814, 0.00143547635525, 0.000966075866017, 0.00120314734522, 0.00102789583616, 0.000984323443845, 0.000895756238606, 0.000691856257617, 0.000962619611528, 0.000569503230508, 0.000543708680198, 0.000541897490621, 0.000575940764975, 0.00051932228962, 0.000624182983302, 0.000679653894622, 0.000782545423135, 0.00056109263096, 0.000364180770703, 0.00010321384616],
        "dvar": [1.28622491502e-06, 0.000111283130536, 5.5633703596e-05, 2.28346998483e-05, 8.02534996183e-05, 2.99076873489e-06, 5.50845982161e-07, 4.5724519282e-07, 5.28005512024e-06, 2.69038037004e-06, 2.93907828564e-06, 2.37327981267e-06, 2.44176271735e-06, 1.97293775273e-06, 4.6906657758e-07, 1.16361059099e-06, 3.88684810559e-07, 2.61095209453e-07, 2.65049635573e-07, 2.42683341867e-07, 1.78088328084e-07, 3.73355902639e-07, 5.08258040099e-07, 8.60919271872e-07, 6.48347167953e-07, 2.94747934504e-07, 1.85422628363e-08],
        "dvar2": [2.40946678787e-06, 0.000207150937058, 0.000124072947074, 6.07019755989e-05, 0.000231360289035, 8.14788108983e-06, 1.506447461e-06, 1.02148862879e-06, 1.29085710796e-05, 6.35192418486e-06, 8.07105880085e-06, 6.64350500301e-06, 6.12384883425e-06, 5.74667774345e-06, 1.33125354296e-06, 3.44631280313e-06, 1.13947453428e-06, 7.16345425644e-07, 7.27399083189e-07, 6.41339454432e-07, 4.50924744655e-07, 9.08571166747e-07, 1.12660575269e-06, 1.89369643522e-06, 1.45734031776e-06, 6.95161418207e-07, 4.62178491034e-08],
        "max": [0.0559774339199, 0.110096007586, 0.0828556716442, 0.0486093237996, 0.0933081135154, 0.0357179977, 0.014048403129, 0.0175149217248, 0.0780158564448, 0.0612524710596, 0.0495927929878, 0.0547073185444, 0.0396902896464, 0.0368117913604, 0.0168044269085, 0.0225729867816, 0.0144669376314, 0.0161618739367, 0.0119017865509, 0.00749579351395, 0.00562980305403, 0.00925534497947, 0.0134108718485, 0.0208491533995, 0.00957232434303, 0.0060955635272, 0.00151345995255],
        "mean": [0.000681045348756, 0.00872984249145, 0.00375364464708, 0.00255593331531, 0.00276653654873, 0.00142443948425, 0.000608987757005, 0.000476714718388, 0.001035202411, 0.000837469415274, 0.000856199185364, 0.00082056078827, 0.000827732903417, 0.000716236419976, 0.000605175388046, 0.000853572273627, 0.000580387772061, 0.000617093639448, 0.000661361031234, 0.000735806592274, 0.000773324456532, 0.000968877866399, 0.00113349489402, 0.00125976116396, 0.000945158011746, 0.00058307510335, 0.000120098098705],
        "median": [0.000186279299669, 0.00494980532676, 0.00123947730754, 0.000794226070866, 0.00095119792968, 0.000817307271063, 0.000230777572142, 0.000218744346057, 0.000400723860366, 0.000287740549538, 0.000347995810444, 0.000358060002327, 0.000318564736517, 0.000289192190394, 0.000358218880137, 0.000466653669719, 0.000357799115591, 0.000474784115795, 0.000518021930475, 0.000567499489989, 0.00052050629165, 0.000570003641769, 0.000466451368993, 0.000402237783419, 0.000268809555564, 0.000257514911937, 5.75640915486e-05],
        "min": [2.29652595082e-24, 3.23273179476e-23, 8.2209356412e-24, 1.60292424003e-24, 1.79045172194e-23, 1.3812741458e-23, 2.79456373812e-23, 3.47530557648e-23, 2.36396606404e-23, 4.24292498188e-23, 4.59807489457e-23, 7.29355801854e-23, 4.32975300845e-23, 5.27348655757e-23, 7.9426416066e-23, 9.31636903566e-23, 1.17373692698e-22, 2.06675397742e-22, 2.04675490197e-22, 2.2564819671e-22, 3.75941345284e-22, 4.65569348442e-22, 4.58911160453e-22, 6.8453471946e-22, 1.05510340449e-21, 1.42608835564e-21, 2.27791222556e-21],
        "var": [9.19779176911e-06, 0.00018093631661, 5.75557278353e-05, 2.31121848628e-05, 4.89054327772e-05, 3.43185229212e-06, 1.02460558082e-06, 1.00821102933e-06, 6.83811549607e-06, 5.4705878938e-06, 3.37081132784e-06, 3.54972303285e-06, 3.5489547372e-06, 2.60351339421e-06, 7.22029199096e-07, 1.83193446901e-06, 7.36913705168e-07, 4.46352885319e-07, 4.86622695917e-07, 5.26824806002e-07, 6.51619814107e-07, 1.21353878058e-06, 2.38092593463e-06, 3.51296080225e-06, 1.77362301201e-06, 6.84143572016e-07, 3.10672376713e-08]
    },
    "erbbands": {
        "dmean": [0.125098735094, 1.08421516418, 3.07376933098, 5.34086704254, 8.67889499664, 10.6328821182, 6.74834918976, 9.13010025024, 7.35594463348, 5.37846899033, 8.11403179169, 21.3426113129, 19.0337238312, 17.1990375519, 31.2949714661, 19.9230155945, 25.2996807098, 23.1884174347, 25.2651348114, 21.87758255, 25.3728866577, 18.0176410675, 16.9978885651, 17.8879642487, 14.4504594803, 14.6390752792, 14.3568086624, 13.5778074265, 14.1074314117, 13.9563779831, 13.0445184708, 11.9494533539, 8.71200180054, 5.0120806694, 2.61066174507, 1.17098724842, 0.407791525126, 0.12514193356, 0.00955902040005, 0.000150141917402],
        "dmean2": [0.185458675027, 1.63994467258, 4.73465538025, 8.69403553009, 15.1059846878, 19.5098705292, 12.1530370712, 14.4929542542, 12.4695949554, 8.71748352051, 13.5292367935, 35.4870223999, 31.0014667511, 28.2792186737, 54.1125946045, 33.8887710571, 41.9275512695, 39.2516555786, 43.9950256348, 38.1180458069, 43.9716491699, 30.9994621277, 29.0034351349, 30.165895462, 24.3084373474, 24.3645954132, 24.1058120728, 21.7365989685, 22.8192577362, 21.196762085, 19.4848899841, 17.4375247955, 12.674533844, 7.22545671463, 3.72902965546, 1.74815392494, 0.623025476933, 0.197024166584, 0.0152972890064, 0.000236285763094],
        "dvar": [0.0898365080357, 6.3023443222, 51.8137016296, 170.371826172, 380.545013428, 1304.74926758, 359.188537598, 232.717346191, 179.017166138, 95.0393066406, 272.080718994, 3817.0222168, 2269.02148438, 1989.23986816, 5960.07080078, 2047.11950684, 4177.42724609, 3446.49023438, 2411.81494141, 1214.85546875, 2755.57714844, 1122.29187012, 833.932312012, 1002.88879395, 365.88293457, 412.424438477, 372.958068848, 362.502685547, 428.538421631, 472.836425781, 423.443572998, 499.59765625, 221.220397949, 86.7965316772, 28.7683792114, 6.0941400528, 0.864003360271, 0.0862098112702, 0.000400289049139, 9.73454135078e-08],
        "dvar2": [0.198046475649, 11.3221111298, 111.512062073, 440.218109131, 1092.03845215, 3748.09008789, 1041.81860352, 594.854309082, 510.860076904, 204.851150513, 733.353759766, 9316.6796875, 5515.60205078, 4930.61914062, 16489.3066406, 5640.12109375, 10639.4472656, 9770.9453125, 6977.00878906, 3518.02832031, 8100.80908203, 3241.82885742, 2278.41064453, 2598.00439453, 1008.14147949, 1092.0769043, 1008.69122314, 875.036743164, 1053.46362305, 1091.08068848, 936.811706543, 1165.29699707, 480.230010986, 194.083099365, 65.450920105, 13.5355930328, 2.17444348335, 0.215580329299, 0.000996071379632, 2.38514758166e-07],
        "max": [3.19675397873, 27.9105968475, 91.3467712402, 137.964660645, 189.08605957, 375.445404053, 202.02557373, 316.305725098, 261.414764404, 265.204589844, 303.397705078, 2185.08374023, 1399.89379883, 1462.0222168, 2495.81835938, 1457.62976074, 1707.74951172, 1917.48461914, 1067.18432617, 638.94732666, 1501.92663574, 928.118591309, 1119.41577148, 929.924926758, 283.909729004, 293.209075928, 254.931243896, 260.737640381, 291.724853516, 448.733825684, 323.625305176, 590.788085938, 222.486465454, 121.733375549, 60.4283866882, 34.3530349731, 11.4242067337, 3.43753933907, 0.224027752876, 0.00360390986316],
        "mean": [0.23362134397, 1.98366892338, 4.77053880692, 6.32432317734, 10.1742706299, 8.76156902313, 6.65949678421, 14.5918178558, 10.9894351959, 8.38627052307, 10.7991943359, 25.8751163483, 27.4690418243, 23.9985427856, 39.9669532776, 30.2605934143, 37.4040641785, 35.2849235535, 38.1119766235, 37.275226593, 43.1282119751, 34.1153526306, 33.4046020508, 36.0173072815, 31.9843559265, 32.854183197, 31.5049934387, 32.4558410645, 33.5485267639, 33.0847053528, 32.0682830811, 28.2519664764, 19.8879413605, 11.8795557022, 5.92909669876, 2.79480814934, 0.955547451973, 0.258275955915, 0.017971618101, 0.000348482775735],
        "median": [0.143860086799, 0.902862250805, 1.8375544548, 2.11353373528, 4.50889587402, 2.07376265526, 2.61468672752, 8.2211561203, 4.96298789978, 4.27932500839, 4.87929868698, 9.92514038086, 11.0222120285, 9.70049858093, 17.5579185486, 14.6101894379, 16.0013275146, 18.4412498474, 21.6977863312, 24.1276168823, 26.9171829224, 22.9736289978, 25.1550750732, 27.006729126, 26.3697032928, 25.2210597992, 22.271282196, 21.2687397003, 20.1629314423, 17.2479190826, 13.1662282944, 9.15103054047, 6.07844257355, 3.38769459724, 1.69584786892, 0.848224103451, 0.471790522337, 0.164320170879, 0.00816540699452, 0.000210718179005],
        "min": [4.22338559145e-22, 8.99882599034e-21, 1.10938596088e-20, 1.80541264445e-20, 2.72464440357e-20, 5.82189554525e-20, 1.04944675733e-19, 1.83919150181e-19, 1.85724303847e-19, 6.96469118567e-19, 1.11845975416e-18, 5.07896495829e-19, 9.67664211501e-19, 1.53333425833e-18, 2.67548860114e-18, 2.36098191774e-18, 2.8238562653e-18, 2.07447323013e-18, 4.49727138902e-18, 4.83546211451e-18, 4.81722691791e-18, 5.95823654614e-18, 9.68782683766e-18, 1.16395793453e-17, 9.80611614679e-18, 1.26267466145e-17, 1.81547549435e-17, 1.12794133261e-17, 1.38430842724e-17, 1.2904623052e-17, 1.40577707286e-17, 1.09772872617e-17, 1.11176498855e-17, 9.05131714656e-18, 8.07577259216e-18, 5.72737167795e-18, 2.59711158374e-18, 1.3074714547e-18, 3.1751152037e-19, 2.78254866204e-20],
        "var": [0.141727507114, 10.8213405609, 63.7885742188, 157.479141235, 300.922515869, 771.283996582, 227.934524536, 357.065338135, 315.537811279, 242.104675293, 378.607269287, 4808.02587891, 4116.23486328, 3161.09130859, 7027.73193359, 3396.49853516, 6171.02246094, 4251.14257812, 3649.02075195, 2218.30737305, 4118.83789062, 2121.15722656, 1432.38696289, 1819.01733398, 839.25958252, 1004.07159424, 1004.3225708, 1208.55664062, 1353.34802246, 1779.69946289, 1900.06298828, 2017.14123535, 791.015075684, 269.92666626, 72.9900283813, 16.555065155, 1.81946730614, 0.135702759027, 0.000678802025504, 1.84822653182e-07]
    },
    "gfcc": {
        "mean": [52.7263679504, 47.8200645447, -107.910575867, 37.7720375061, -47.80701828, 20.9975643158, -30.0099620819, 7.90927743912, -21.8286151886, 2.80688095093, -16.63073349, 3.23909330368, -12.7671537399],
        "cov": [[8365.61816406, -3932.35693359, 1764.60473633, 901.457702637, -253.958053589, 814.228149414, -621.981933594, 486.894989014, -454.53137207, 215.559707642, -446.389892578, 146.862030029, -323.645874023], [-3932.35693359, 4042.10668945, -1693.8659668, -415.16607666, 524.541748047, -434.031463623, 627.532287598, -369.268768311, 488.150634766, -213.595581055, 445.081359863, -131.27180481, 361.764923096], [1764.60473633, -1693.8659668, 1415.95166016, 128.971130371, -71.3229217529, 265.934112549, -229.652374268, 197.969436646, -242.899169922, 108.812263489, -253.379547119, 70.2606124878, -223.316879272], [901.457702637, -415.16607666, 128.971130371, 590.573608398, 4.21054029465, 215.187515259, 37.5226020813, 134.255340576, 53.6620025635, 59.2198905945, 41.7680931091, 19.5798473358, 29.329164505], [-253.958053589, 524.541748047, -71.3229217529, 4.21054029465, 393.288421631, 67.0155944824, 144.463684082, 3.0880510807, 113.466064453, -2.64676499367, 54.3299789429, -4.85958862305, 42.3464889526], [814.228149414, -434.031463623, 265.934112549, 215.187515259, 67.0155944824, 290.711120605, 33.7631340027, 131.547851562, 4.21505975723, 62.6765480042, 0.112971246243, 23.142074585, -1.29270017147], [-621.981933594, 627.532287598, -229.652374268, 37.5226020813, 144.463684082, 33.7631340027, 257.805725098, 1.39578294754, 124.786079407, -17.0267620087, 103.932098389, -20.2234077454, 80.1248168945], [486.894989014, -369.268768311, 197.969436646, 134.255340576, 3.0880510807, 131.547851562, 1.39578294754, 164.709945679, -3.30394506454, 58.1061630249, -11.4357347488, 36.3976516724, -13.2560911179], [-454.53137207, 488.150634766, -242.899169922, 53.6620025635, 113.466064453, 4.21505975723, 124.786079407, -3.30394506454, 162.107803345, 8.21863174438, 95.3172454834, -11.9544057846, 74.0928878784], [215.559707642, -213.595581055, 108.812263489, 59.2198905945, -2.64676499367, 62.6765480042, -17.0267620087, 58.1061630249, 8.21863174438, 86.2390136719, 14.3987903595, 32.9673500061, -7.78369522095], [-446.389892578, 445.081359863, -253.379547119, 41.7680931091, 54.3299789429, 0.112971246243, 103.932098389, -11.4357347488, 95.3172454834, 14.3987903595, 138.260055542, 12.0074081421, 79.0346069336], [146.862030029, -131.27180481, 70.2606124878, 19.5798473358, -4.85958862305, 23.142074585, -20.2234077454, 36.3976516724, -11.9544057846, 32.9673500061, 12.0074081421, 65.4335327148, 7.85763835907], [-323.645874023, 361.764923096, -223.316879272, 29.329164505, 42.3464889526, -1.29270017147, 80.1248168945, -13.2560911179, 74.0928878784, -7.78369522095, 79.0346069336, 7.85763835907, 96.6495132446]],
        "icov": [[0.000308290618705, 0.000101352867205, 6.84337574057e-05, -0.000275327562122, -0.000101242454548, -0.000604761531577, 0.000430951447925, -1.05627050289e-05, 0.000186094257515, 0.00014087332238, 0.000391758338083, -0.000260148663074, 0.000141688418807], [0.000101352867205, 0.00148175924551, 0.000369630521163, 0.000461737072328, -0.00103294092696, 0.00104767596349, -0.00119337032083, 0.000602435844485, -0.000701108539943, 0.00115625490434, -0.00167690974195, 0.000778008659836, -0.00101579155307], [6.84337574057e-05, 0.000369630521163, 0.00216428702697, -5.82193752052e-05, -0.000480100279674, -0.00108299707063, -0.000405925529776, -0.000113549765956, 0.00080335867824, -0.000768894271459, 0.00182297488209, -0.00151432061102, 0.00233546178788], [-0.000275327562122, 0.000461737072328, -5.82193752052e-05, 0.00311077525839, 0.000269367184956, -0.000643647275865, -0.000443104247097, -0.000798192457296, -0.00161007267889, 0.000659350364003, -0.00176554196514, 0.00104250432923, -0.000951151887421], [-0.000101242454548, -0.00103294092696, -0.000480100279674, 0.000269367184956, 0.00465109059587, -0.00206790608354, -0.000603312626481, 0.000463707110612, -0.00258102919906, 0.000116458264529, 0.00174629583489, -0.00181358191185, 0.00154198450036], [-0.000604761531577, 0.00104767596349, -0.00108299707063, -0.000643647275865, -0.00206790608354, 0.0103772962466, -0.00295725767501, -0.00301892030984, 0.00106218422297, -0.00168030348141, -0.0029115350917, 0.00381753779948, -0.00405035633594], [0.000430951447925, -0.00119337032083, -0.000405925529776, -0.000443104247097, -0.000603312626481, -0.00295725767501, 0.0103456480429, -0.00217252969742, -0.00178929010872, 0.00226441933773, -0.00191983103286, 0.00156434532255, -0.000546674418729], [-1.05627050289e-05, 0.000602435844485, -0.000113549765956, -0.000798192457296, 0.000463707110612, -0.00301892030984, -0.00217252969742, 0.0129085760564, -0.00182067253627, -0.00312685268, 0.00207166024484, -0.0043930830434, 0.000824553368147], [0.000186094257515, -0.000701108539943, 0.00080335867824, -0.00161007267889, -0.00258102919906, 0.00106218422297, -0.00178929010872, -0.00182067253627, 0.0178236346692, -0.00557674327865, -0.00256067258306, 0.00475578242913, -0.00443465076387], [0.00014087332238, 0.00115625490434, -0.000768894271459, 0.000659350364003, 0.000116458264529, -0.00168030348141, 0.00226441933773, -0.00312685268, -0.00557674327865, 0.0229050870985, -0.00747524527833, -0.00605534017086, 0.00451251678169], [0.000391758338083, -0.00167690974195, 0.00182297488209, -0.00176554196514, 0.00174629583489, -0.0029115350917, -0.00191983103286, 0.00207166024484, -0.00256067258306, -0.00747524527833, 0.0245618671179, -0.00689667742699, -0.00475540244952], [-0.000260148663074, 0.000778008659836, -0.00151432061102, 0.00104250432923, -0.00181358191185, 0.00381753779948, 0.00156434532255, -0.0043930830434, 0.00475578242913, -0.00605534017086, -0.00689667742699, 0.0264858230948, -0.00929945800453], [0.000141688418807, -0.00101579155307, 0.00233546178788, -0.000951151887421, 0.00154198450036, -0.00405035633594, -0.000546674418729, 0.000824553368147, -0.00443465076387, 0.00451251678169, -0.00475540244952, -0.00929945800453, 0.028552563861]]
    },
    "melbands": {
        "dmean": [0.00122663890943, 0.0014516832307, 0.000995846581645, 0.000721987569705, 0.000279484811472, 0.000197262284928, 0.000103011327155, 6.30316862953e-05, 7.28854793124e-05, 0.000140434029163, 9.70039982349e-05, 7.17147486284e-05, 9.346382285e-05, 7.48430902604e-05, 4.71385246783e-05, 7.02469478711e-05, 4.43166973128e-05, 4.69254846394e-05, 2.91532414849e-05, 4.38613133156e-05, 2.7662534194e-05, 2.22172784561e-05, 1.56247861014e-05, 1.44374653246e-05, 1.61608313647e-05, 1.23166237245e-05, 1.1681988326e-05, 1.07816167656e-05, 1.00926408777e-05, 8.52996799949e-06, 8.80734478415e-06, 8.97224344953e-06, 8.14380928205e-06, 8.12899088487e-06, 8.15008752397e-06, 8.09939501778e-06, 7.55371456762e-06, 6.86339080858e-06, 5.30952638655e-06, 4.25758253186e-06],
        "dmean2": [0.00174231850542, 0.00212412676774, 0.00162724230904, 0.0012961999746, 0.000506891636178, 0.000316449673846, 0.000173333290149, 0.000101299257949, 0.000123572579469, 0.000233124723309, 0.000157744841999, 0.000117705589219, 0.000161305317306, 0.000127599298139, 7.97248867457e-05, 0.000115993549116, 7.53905114834e-05, 8.14145241748e-05, 5.01141803397e-05, 7.66065786593e-05, 4.76879577036e-05, 3.84602317354e-05, 2.65072631009e-05, 2.47382558882e-05, 2.72158322332e-05, 2.10054986383e-05, 1.96692599275e-05, 1.79632043e-05, 1.69703889696e-05, 1.41110576806e-05, 1.40423726407e-05, 1.47400432979e-05, 1.29332211145e-05, 1.27302819237e-05, 1.26644245029e-05, 1.15135317174e-05, 1.12708057713e-05, 9.99258463708e-06, 8.04721366876e-06, 6.40456937617e-06],
        "dvar": [8.13567021396e-06, 8.13455062598e-06, 4.69197539132e-06, 4.63145715912e-06, 6.82098459492e-07, 1.07778710401e-07, 3.24067421786e-08, 1.48378687115e-08, 2.53059866395e-08, 1.76638280891e-07, 6.17354345422e-08, 3.53602658265e-08, 4.76052441911e-08, 4.34299280982e-08, 1.51340096011e-08, 4.45737029509e-08, 1.64053410856e-08, 1.08412612221e-08, 3.50253381853e-09, 7.35391436635e-09, 4.03447497632e-09, 1.87776039162e-09, 6.17654316581e-10, 4.4832088042e-10, 8.52693193831e-10, 3.97554017484e-10, 2.81383916167e-10, 2.37274977444e-10, 2.04911004831e-10, 1.33752967035e-10, 1.54870741231e-10, 1.58751123358e-10, 1.76464037827e-10, 1.57309387738e-10, 1.66066230212e-10, 2.34082170314e-10, 2.10793674182e-10, 1.42632336497e-10, 9.62200458199e-11, 6.21947493507e-11],
        "dvar2": [1.59497903951e-05, 1.60199506354e-05, 1.22374895e-05, 1.33446028485e-05, 1.96999462787e-06, 2.83378483346e-07, 9.04521613165e-08, 3.14081596287e-08, 7.1624775444e-08, 4.26401072673e-07, 1.48355042029e-07, 8.77509620523e-08, 1.32701771349e-07, 1.21196677583e-07, 4.02322442028e-08, 1.1159087876e-07, 4.71865533314e-08, 3.15196686529e-08, 9.8215569011e-09, 2.19237303867e-08, 1.17182441528e-08, 5.42839906359e-09, 1.72517045094e-09, 1.22904419975e-09, 2.19753237829e-09, 1.11937692449e-09, 7.52987894259e-10, 6.24932383619e-10, 5.49192580301e-10, 3.58739232764e-10, 3.67972735615e-10, 3.97890526083e-10, 4.49436682315e-10, 3.65267371905e-10, 3.94364707557e-10, 5.13772691058e-10, 4.99365215845e-10, 3.1268029832e-10, 2.22332943722e-10, 1.47793902117e-10],
        "max": [0.0304987989366, 0.0415765494108, 0.0225804131478, 0.0219310894608, 0.00760954199359, 0.00694282120094, 0.00336494250223, 0.00330315856263, 0.00305358809419, 0.014961913228, 0.00775539828464, 0.00538989668712, 0.00695907510817, 0.00785519462079, 0.00360081484541, 0.00547519698739, 0.0042752022855, 0.00245550833642, 0.00182921043597, 0.00174833589699, 0.00186029658653, 0.0012207950931, 0.000814787112176, 0.000634830445051, 0.000866564572789, 0.000350678368704, 0.000283220928395, 0.000237468368141, 0.000231541416724, 0.000152261316543, 0.000193005776964, 0.000169916878804, 0.000208045516047, 0.000237069398281, 0.000195783388335, 0.000364344014088, 0.000375699164579, 0.000213593710214, 0.000107025436591, 0.000122984449263],
        "mean": [0.00227841734886, 0.00262346421368, 0.0012612529099, 0.000710216641892, 0.000258736952674, 0.000312322837999, 0.000153581437189, 9.55540672294e-05, 8.91682429938e-05, 0.000169948936673, 0.000137014547363, 9.62398189586e-05, 0.00011704829376, 0.00010167506116, 6.72630631016e-05, 9.45533247432e-05, 6.24143576715e-05, 6.53951719869e-05, 4.3673277105e-05, 6.46358821541e-05, 4.54198343505e-05, 3.76767711714e-05, 2.85228434223e-05, 2.75840284303e-05, 2.96737671306e-05, 2.36175601458e-05, 2.30154746532e-05, 2.19365501835e-05, 1.98737980099e-05, 1.87199530046e-05, 1.89355341718e-05, 1.97473236767e-05, 1.74543311005e-05, 1.85422777577e-05, 1.80460792762e-05, 1.9336155674e-05, 1.66013505805e-05, 1.46539114212e-05, 1.19142659969e-05, 9.40991594689e-06],
        "median": [0.0013731821673, 0.00113016483374, 0.00050892168656, 0.000260184053332, 9.3083261163e-05, 0.000184265416465, 6.6738735768e-05, 4.36622103734e-05, 3.65028827218e-05, 6.33452145848e-05, 5.08088814968e-05, 3.43208630511e-05, 5.20833891642e-05, 4.61041636299e-05, 2.92465701932e-05, 3.15520301228e-05, 2.95379286399e-05, 3.23600761476e-05, 2.42023816099e-05, 3.26135232172e-05, 2.81494139927e-05, 2.24144550884e-05, 2.09873269341e-05, 2.17997985601e-05, 2.0490044335e-05, 1.80296228791e-05, 1.58778657351e-05, 1.61742373166e-05, 1.38828327181e-05, 1.2538996998e-05, 1.15509228635e-05, 1.22866758829e-05, 8.67645940161e-06, 9.14359316084e-06, 7.77289915277e-06, 6.27963254374e-06, 5.22983236806e-06, 4.3927589104e-06, 3.38201607519e-06, 2.62210051005e-06],
        "min": [7.40626872918e-24, 9.42734693444e-24, 3.45710442547e-24, 4.95192997098e-24, 3.71809708381e-24, 3.689860991e-24, 3.33238906623e-24, 7.15761346097e-24, 9.3358658907e-24, 2.46699543978e-24, 4.66049872018e-24, 5.94115365752e-24, 7.72455122747e-24, 7.45425671577e-24, 5.28195032511e-24, 3.55284965683e-24, 3.98100667415e-24, 6.454380646e-24, 5.97422783426e-24, 6.52143934497e-24, 4.94552008169e-24, 6.13055758314e-24, 7.28951258204e-24, 9.60519089235e-24, 9.4031762363e-24, 7.10326962207e-24, 7.97950160571e-24, 7.25876909485e-24, 1.16216826603e-23, 8.70436064797e-24, 6.09257274726e-24, 7.41395933415e-24, 7.18666957469e-24, 7.15725137381e-24, 7.93275607505e-24, 7.07226975508e-24, 6.52435852475e-24, 6.88833894642e-24, 8.57049884096e-24, 6.99313911767e-24],
        "var": [1.29367281261e-05, 1.4741832274e-05, 4.55092003904e-06, 2.90041180051e-06, 4.1573451881e-07, 1.52595731606e-07, 5.84387152003e-08, 3.88858971689e-08, 2.95240347725e-08, 2.25536169296e-07, 1.15517323707e-07, 5.89145656704e-08, 5.47911511717e-08, 6.21551947688e-08, 2.29711201172e-08, 6.11182429111e-08, 1.91357312218e-08, 1.57883270901e-08, 5.18485698819e-09, 1.16155014496e-08, 5.54715962053e-09, 3.44698558585e-09, 1.04785669031e-09, 7.79778797089e-10, 1.49162571184e-09, 6.78021083722e-10, 6.35715091679e-10, 4.98489638456e-10, 4.38311664741e-10, 3.97349625425e-10, 4.60099985888e-10, 4.51442910832e-10, 4.81201689606e-10, 5.95212379384e-10, 5.94134907939e-10, 9.33828125937e-10, 7.20671688992e-10, 4.81417294917e-10, 2.60681143338e-10, 1.79135831169e-10]
    },
    "mfcc": {
        "mean": [-591.815307617, 81.143989563, 3.13733077049, 22.6723594666, 8.48236370087, 13.9805326462, 5.08111810684, 7.9734711647, 1.85630393028, 2.24241447449, -1.48545694351, 0.108651541173, -0.445571392775],
        "cov": [[5484.45410156, -2511.59716797, 975.822570801, 326.094299316, 418.339813232, 245.662506104, 114.698631287, 117.616996765, 107.294418335, 114.956611633, -34.7009353638, -45.0905342102, -9.25274562836], [-2511.59716797, 2938.91943359, -1209.67102051, -62.7165031433, -131.171539307, 35.9735717773, 18.6719074249, 18.3638286591, 11.8497476578, -39.2769966125, 48.1741905212, 38.5710906982, 24.3384933472], [975.822570801, -1209.67102051, 1037.13269043, -19.7474918365, 127.996185303, -3.61851811409, 54.9873352051, 5.70540332794, 19.6951065063, 15.2327413559, -4.28026294708, -26.1478939056, -4.40961885452], [326.094299316, -62.7165031433, -19.7474918365, 297.98223877, 62.5089263916, 90.419418335, 40.1647834778, 70.0316009521, 44.0065078735, 51.1792030334, 30.9571743011, 42.1287918091, 22.6359767914], [418.339813232, -131.171539307, 127.996185303, 62.5089263916, 250.598419189, 96.6220550537, 62.8258895874, 53.6831703186, 60.870880127, 47.0004005432, 30.0557861328, 14.6293983459, 18.9816093445], [245.662506104, 35.9735717773, -3.61851811409, 90.419418335, 96.6220550537, 171.801040649, 86.1034164429, 66.9621734619, 61.5719680786, 58.5056724548, 36.0732383728, 31.8263111115, 23.2861633301], [114.698631287, 18.6719074249, 54.9873352051, 40.1647834778, 62.8258895874, 86.1034164429, 143.086669922, 80.0404129028, 57.6856307983, 46.0231742859, 36.4280700684, 24.3096084595, 27.4633827209], [117.616996765, 18.3638286591, 5.70540332794, 70.0316009521, 53.6831703186, 66.9621734619, 80.0404129028, 111.12272644, 65.8240203857, 45.4032859802, 31.3203773499, 26.0919742584, 21.7154216766], [107.294418335, 11.8497476578, 19.6951065063, 44.0065078735, 60.870880127, 61.5719680786, 57.6856307983, 65.8240203857, 88.5638427734, 53.9854545593, 32.6171417236, 17.7435665131, 14.0440816879], [114.956611633, -39.2769966125, 15.2327413559, 51.1792030334, 47.0004005432, 58.5056724548, 46.0231742859, 45.4032859802, 53.9854545593, 82.1214828491, 42.2581863403, 27.0722045898, 15.3996706009], [-34.7009353638, 48.1741905212, -4.28026294708, 30.9571743011, 30.0557861328, 36.0732383728, 36.4280700684, 31.3203773499, 32.6171417236, 42.2581863403, 59.9139175415, 34.0756454468, 14.6480731964], [-45.0905342102, 38.5710906982, -26.1478939056, 42.1287918091, 14.6293983459, 31.8263111115, 24.3096084595, 26.0919742584, 17.7435665131, 27.0722045898, 34.0756454468, 59.938495636, 36.2524719238], [-9.25274562836, 24.3384933472, -4.40961885452, 22.6359767914, 18.9816093445, 23.2861633301, 27.4633827209, 21.7154216766, 14.0440816879, 15.3996706009, 14.6480731964, 36.2524719238, 64.866065979]],
