{
"lowlevel": {
    "average_loudness": 0.941642820835,
    "barkbands_crest": {
        "dmean": 2.08419394493,
        "dmean2": 2.91605949402,
        "dvar": 6.17752838135,
        "dvar2": 10.4369935989,
        "max": 26.5866889954,
        "mean": 11.6250371933,
        "median": 10.3901576996,
        "min": 1.82841038704,
        "var": 34.4947242737
    },
    "barkbands_flatness_db": {
        "dmean": 0.0202785097063,
        "dmean2": 0.0269875656813,
        "dvar": 0.000687955180183,
        "dvar2": 0.00108610314783,
        "max": 0.502386212349,
        "mean": 0.151716709137,
        "median": 0.130324319005,
        "min": 0.00994704291224,
        "var": 0.010395986028
    },
    "barkbands_kurtosis": {
        "dmean": 3.05981755257,
        "dmean2": 3.81013846397,
        "dvar": 61.2819519043,
        "dvar2": 84.9242477417,
        "max": 309.56262207,
        "mean": 5.67883682251,
        "median": 0.522418379784,
        "min": -1.84147024155,
        "var": 271.668151855
    },
    "barkbands_skewness": {
        "dmean": 0.511283755302,
        "dmean2": 0.638022720814,
        "dvar": 0.530267417431,
        "dvar2": 0.674483418465,
        "max": 17.1213035583,
        "mean": 1.52777481079,
        "median": 0.995857834816,
        "min": -2.73830318451,
        "var": 3.5874671936
    },
    "barkbands_spread": {
        "dmean": 6.42953014374,
        "dmean2": 9.07455921173,
        "dvar": 89.9784240723,
        "dvar2": 173.024093628,
        "max": 96.7428131104,
        "mean": 30.342124939,
        "median": 22.1620063782,
        "min": 1.09703803062,
        "var": 509.593536377
    },
    "dissonance": {
        "dmean": 0.0183960162103,
        "dmean2": 0.0310987774283,
        "dvar": 0.000471065635793,
        "dvar2": 0.00133591692429,
        "max": 0.500000059605,
        "mean": 0.456410497427,
        "median": 0.471219301224,
        "min": 0.218730837107,
        "var": 0.0018226262182
    },
    "dynamic_complexity": 2.47308945656,
    "erbbands_crest": {
        "dmean": 1.91118168831,
        "dmean2": 2.91477656364,
        "dvar": 3.65941739082,
        "dvar2": 7.86350679398,
        "max": 30.8389415741,
        "mean": 9.26871681213,
        "median": 8.0671749115,
        "min": 2.08735489845,
        "var": 26.9050827026
    },
    "erbbands_flatness_db": {
        "dmean": 0.0124789746478,
        "dmean2": 0.0177337601781,
        "dvar": 0.000193957079318,
        "dvar2": 0.000354095973307,
        "max": 0.505175173283,
        "mean": 0.153188347816,
        "median": 0.120359890163,
        "min": 0.0496582537889,
        "var": 0.00723480246961
    },
    "erbbands_kurtosis": {
        "dmean": 0.831959962845,
        "dmean2": 1.22231888771,
        "dvar": 1.95067751408,
        "dvar2": 4.19141769409,
        "max": 35.5387763977,
        "mean": 0.997536659241,
        "median": -0.205096006393,
        "min": -1.73360550404,
        "var": 10.321937561
    },
    "erbbands_skewness": {
        "dmean": 0.26613253355,
        "dmean2": 0.383749186993,
        "dvar": 0.0653468370438,
        "dvar2": 0.137373253703,
        "max": 3.62024974823,
        "mean": 0.296971678734,
        "median": 0.163017377257,
        "min": -3.95339083672,
        "var": 0.604973077774
    },
    "erbbands_spread": {
        "dmean": 7.55317115784,
        "dmean2": 10.5371007919,
        "dvar": 121.620269775,
        "dvar2": 223.801940918,
        "max": 162.602706909,
        "mean": 43.877040863,
        "median": 40.2586212158,
        "min": 1.97963070869,
        "var": 985.540344238
    },
    "hfc": {
        "dmean": 15.1377449036,
        "dmean2": 19.7895545959,
        "dvar": 894.359863281,
        "dvar2": 1618.93945312,
        "max": 348.894958496,
        "mean": 38.3359832764,
        "median": 19.271156311,
        "min": 1.16493791195e-16,
        "var": 2245.87744141
    },
    "melbands_crest": {
        "dmean": 2.88834547997,
        "dmean2": 4.22622394562,
        "dvar": 10.2346363068,
        "dvar2": 22.9230079651,
        "max": 35.5404930115,
        "mean": 17.1995983124,
        "median": 16.046585083,
        "min": 1.01243591309,
        "var": 43.751083374
    },
    "melbands_flatness_db": {
        "dmean": 0.0259434375912,
        "dmean2": 0.0343829579651,
        "dvar": 0.00117942225188,
        "dvar2": 0.00192533270456,
        "max": 0.650254964828,
        "mean": 0.227290213108,
        "median": 0.205007269979,
        "min": 1.34176843858e-06,
        "var": 0.016222205013
    },
    "melbands_kurtosis": {
        "dmean": 13.4517230988,
        "dmean2": 15.7312412262,
        "dvar": 1224.30981445,
        "dvar2": 1523.9206543,
        "max": 998.969177246,
        "mean": 33.0299835205,
        "median": 4.63699913025,
        "min": -1.78876364231,
        "var": 6624.11816406
    },
    "melbands_skewness": {
        "dmean": 0.827669322491,
        "dmean2": 1.00200855732,
        "dvar": 2.06983971596,
        "dvar2": 2.55937337875,
        "max": 26.6856193542,
        "mean": 3.31578612328,
        "median": 1.95121407509,
        "min": -2.01713776588,
        "var": 14.844502449
    },
    "melbands_spread": {
        "dmean": 7.8211889267,
        "dmean2": 11.2676534653,
        "dvar": 167.285614014,
        "dvar2": 327.387969971,
        "max": 153.844055176,
        "mean": 29.247674942,
        "median": 18.8632907867,
        "min": 0.552601635456,
        "var": 730.386108398
    },
    "pitch_salience": {
        "dmean": 0.0601115003228,
        "dmean2": 0.086043946445,
        "dvar": 0.00564934173599,
        "dvar2": 0.0104672471061,
        "max": 0.997590303421,
        "mean": 0.461872816086,
        "median": 0.481225609779,
        "min": 0.0324495024979,
        "var": 0.0269848648459
    },
    "silence_rate_20dB": {
        "dmean": 0,
        "dmean2": 0,
        "dvar": 0,
        "dvar2": 0,
        "max": 1,
        "mean": 1,
        "median": 1,
        "min": 1,
        "var": 0
    },
    "silence_rate_30dB": {
        "dmean": 0.00203847629018,
        "dmean2": 0.0040774717927,
        "dvar": 0.00203414377756,
        "dvar2": 0.00609893118963,
        "max": 1,
        "mean": 0.998980879784,
        "median": 1,
        "min": 0,
        "var": 0.00101802533027
    },
    "silence_rate_60dB": {
        "dmean": 0.00101923814509,
        "dmean2": 0.00203873589635,
        "dvar": 0.00101814395748,
        "dvar2": 0.0025443288032,
        "max": 1,
        "mean": 0.0191082805395,
        "median": 0,
        "min": 0,
        "var": 0.0187423434108
    },
    "spectral_centroid": {
        "dmean": 204.183517456,
        "dmean2": 297.500549316,
        "dvar": 87726.515625,
        "dvar2": 170213.171875,
        "max": 11230.3837891,
        "mean": 1577.98205566,
        "median": 1532.12084961,
        "min": 180.23614502,
        "var": 866930.1875
    },
    "spectral_complexity": {
        "dmean": 4.35393047333,
        "dmean2": 6.39831781387,
        "dvar": 37.3535690308,
        "dvar2": 69.293296814,
        "max": 64,
        "mean": 18.564458847,
        "median": 15,
        "min": 0,
        "var": 136.26953125
    },
    "spectral_decrease": {
        "dmean": 1.43320444401e-09,
        "dmean2": 1.9953054764e-09,
        "dvar": 4.1801117306e-18,
        "dvar2": 1.00527723065e-17,
        "max": 1.02027595288e-28,
        "mean": -7.46723483047e-09,
        "median": -7.04457159273e-09,
        "min": -4.62936995405e-08,
        "var": 1.52896395297e-17
    },
    "spectral_energy": {
        "dmean": 0.00619243318215,
        "dmean2": 0.00862071756274,
        "dvar": 7.2788221587e-05,
        "dvar2": 0.0001684610761,
        "max": 0.178957954049,
        "mean": 0.0316602811217,
        "median": 0.0295365899801,
        "min": 1.04099710738e-20,
        "var": 0.000265929411398
    },
    "spectral_energyband_high": {
        "dmean": 0.0013829569798,
        "dmean2": 0.00181643897668,
        "dvar": 8.32958903629e-06,
        "dvar2": 1.4818737327e-05,
        "max": 0.0329216942191,
        "mean": 0.00290525238961,
        "median": 0.000965699029621,
        "min": 7.14945451244e-21,
        "var": 2.09488480323e-05
    },
    "spectral_energyband_low": {
        "dmean": 0.00421017687768,
        "dmean2": 0.00575546734035,
        "dvar": 6.94759582984e-05,
        "dvar2": 0.000157167203724,
        "max": 0.169422790408,
        "mean": 0.015782110393,
        "median": 0.0119381193072,
        "min": 4.46305440867e-23,
        "var": 0.000240834924625
    },
    "spectral_energyband_middle_high": {
        "dmean": 0.00188818376046,
        "dmean2": 0.00276385503821,
        "dvar": 9.71027384367e-06,
        "dvar2": 2.12603881664e-05,
        "max": 0.0400020852685,
        "mean": 0.00488825142384,
        "median": 0.00264579057693,
        "min": 1.4150335997e-21,
        "var": 2.87368002319e-05
    },
    "spectral_energyband_middle_low": {
        "dmean": 0.00258130859584,
        "dmean2": 0.00386224291287,
        "dvar": 1.37199585879e-05,
        "dvar2": 3.27877387463e-05,
        "max": 0.0458871163428,
        "mean": 0.0086109675467,
        "median": 0.00729327928275,
        "min": 2.48193462728e-22,
        "var": 4.6299501264e-05
    },
    "spectral_entropy": {
        "dmean": 0.138808459044,
        "dmean2": 0.195193082094,
        "dvar": 0.027722876519,
        "dvar2": 0.0516200661659,
        "max": 9.80198287964,
        "mean": 7.62687301636,
        "median": 7.89132595062,
        "min": 5.31715583801,
        "var": 0.687706589699
    },
    "spectral_flux": {
        "dmean": 0.0208554342389,
        "dmean2": 0.028990663588,
        "dvar": 0.000680760887917,
        "dvar2": 0.00111026887316,
        "max": 0.333317607641,
        "mean": 0.0714200362563,
        "median": 0.0603997334838,
        "min": 6.87331094817e-11,
        "var": 0.00220565474592
    },
    "spectral_kurtosis": {
        "dmean": 3.889523983,
        "dmean2": 6.48021602631,
        "dvar": 101.371902466,
        "dvar2": 293.043395996,
        "max": 142.371520996,
        "mean": 9.9512014389,
        "median": 2.47408795357,
        "min": -1.19875609875,
        "var": 379.881469727
    },
    "spectral_rms": {
        "dmean": 0.00052447617054,
        "dmean2": 0.000712500943337,
        "dvar": 3.56237393362e-07,
        "dvar2": 7.46311798139e-07,
        "max": 0.013213369064,
        "mean": 0.00534498272464,
        "median": 0.00536807067692,
        "min": 3.18685876299e-12,
        "var": 2.31932995121e-06
    },
    "spectral_rolloff": {
        "dmean": 769.192565918,
        "dmean2": 1163.61791992,
        "dvar": 2078609.875,
        "dvar2": 3786996.75,
        "max": 19573.6816406,
        "mean": 2351.55541992,
        "median": 1033.59375,
        "min": 64.599609375,
        "var": 7726598.5
    },
    "spectral_skewness": {
        "dmean": 0.303845018148,
        "dmean2": 0.489067643881,
        "dvar": 0.311209082603,
        "dvar2": 0.886268258095,
        "max": 9.53055095673,
        "mean": 1.97517108917,
        "median": 1.3425154686,
        "min": -0.000417312141508,
        "var": 2.03690910339
    },
    "spectral_spread": {
        "dmean": 593408.875,
        "dmean2": 819636.4375,
        "dvar": 769658585088,
        "dvar2": 1.18124786483e+12,
        "max": 40950252,
        "mean": 5913920.5,
        "median": 6458101,
        "min": 570492.0625,
        "var": 8.64594847334e+12
    },
    "spectral_strongpeak": {
        "dmean": 0.393590480089,
        "dmean2": 0.679250538349,
        "dvar": 0.974849164486,
        "dvar2": 2.32856488228,
        "max": 16.6710643768,
        "mean": 0.845699071884,
        "median": 0.402134418488,
        "min": 0,
        "var": 1.4918564558
    },
    "zerocrossingrate": {
        "dmean": 0.0152040915564,
        "dmean2": 0.0159422457218,
        "dvar": 0.000388131506043,
        "dvar2": 0.000373738672351,
        "max": 0.869140625,
        "mean": 0.0839822590351,
        "median": 0.0654296875,
        "min": 0.0029296875,
        "var": 0.00479577854276
    },
    "barkbands": {
        "dmean": [0.000360004109098, 0.00371743435971, 0.00176373042632, 0.000711138360202, 0.000374192430172, 0.000672265479807, 0.000538356835023, 0.000770949758589, 0.000613950600382, 0.000297806225717, 0.00030305684777, 0.000274848978734, 0.00026519378298, 0.000337168632541, 0.000309424969601, 0.000278147868812, 0.000381919729989, 0.000231736063142, 0.00022347830236, 0.000225278316066, 0.000217650071136, 0.000229752520681, 0.000245474599069, 0.000266248622211, 0.000314216216793, 0.000209968318813, 3.46943234035e-05],
        "dmean2": [0.000495082873385, 0.00482491590083, 0.00285873189569, 0.00125212559942, 0.000633981835563, 0.000998808187433, 0.00084788055392, 0.00105559837539, 0.000844251480885, 0.000445219979156, 0.00043769957847, 0.000423726509325, 0.000409750704421, 0.000508551835082, 0.00048298042384, 0.000426445010817, 0.000590770912822, 0.000359976576874, 0.000356924487278, 0.000344013911672, 0.000323503569234, 0.000339234276908, 0.000353641429683, 0.000371970701963, 0.000431748805568, 0.000278753665043, 5.22060436197e-05],
        "dvar": [3.82174505376e-07, 4.50164188806e-05, 4.09535205108e-05, 5.84924873692e-06, 9.21908736018e-07, 2.14382703234e-06, 1.32549462251e-06, 1.82774056157e-06, 1.88313731542e-06, 3.94796444425e-07, 3.6015072169e-07, 2.76478886008e-07, 4.25603701615e-07, 4.78445997487e-07, 4.54355557622e-07, 4.74397211292e-07, 7.01469673459e-07, 2.86228242885e-07, 2.53831757391e-07, 2.44206177058e-07, 1.8338459995e-07, 2.12713459291e-07, 2.46302192863e-07, 2.78900301964e-07, 5.11005623594e-07, 1.97193372742e-07, 5.82538950411e-09],
        "dvar2": [8.00235341103e-07, 8.03996008472e-05, 0.000108467858809, 1.60759500432e-05, 2.57602141573e-06, 4.41747852165e-06, 3.25959899783e-06, 3.34762989951e-06, 3.61024740414e-06, 7.22857578239e-07, 6.89540854637e-07, 5.96214874804e-07, 8.67498670232e-07, 8.93648632427e-07, 1.02259832602e-06, 1.03128354567e-06, 1.5930176005e-06, 6.10859444805e-07, 5.92011531353e-07, 5.02256852997e-07, 3.96334911557e-07, 4.67370796287e-07, 4.89076398935e-07, 5.10621873673e-07, 9.91928573058e-07, 3.10749499022e-07, 1.21624701421e-08],
        "max": [0.0112979542464, 0.115219980478, 0.0864714756608, 0.0197665635496, 0.0160780716687, 0.0337659157813, 0.0229865070432, 0.0300770699978, 0.0376891121268, 0.019126361236, 0.0145219564438, 0.0123696457595, 0.0234072115272, 0.0257044807076, 0.0131664164364, 0.0191416945308, 0.0201808996499, 0.0184001401067, 0.0123173343018, 0.0137166203931, 0.00560435978696, 0.00631347484887, 0.00617093034089, 0.00720030814409, 0.00811935309321, 0.0051118475385, 0.00114245910663],
        "mean": [0.00102624320425, 0.0121176429093, 0.0023208966013, 0.000665455881972, 0.000672802736517, 0.00179204251617, 0.00122031476349, 0.00217597512528, 0.00165356160142, 0.000602597487159, 0.000613063573837, 0.000461508025182, 0.000399081996875, 0.000572272459976, 0.000502104114275, 0.000408845080528, 0.000583628076129, 0.000394617643906, 0.000385779712815, 0.00040984567022, 0.00039400337846, 0.000406903214753, 0.000430750573287, 0.000498803914525, 0.000536857405677, 0.000357735931175, 5.69302719668e-05],
        "median": [0.000346684886608, 0.00867892242968, 0.000814402243122, 0.000205749442102, 0.000357264769264, 0.00076084875036, 0.000584574067034, 0.000757457921281, 0.000447755563073, 0.000200647162274, 0.00024664303055, 0.000208885758184, 0.000145737052662, 0.000179998969543, 0.000124643847812, 0.000118702591863, 0.000130348504172, 8.63943641889e-05, 9.4691029517e-05, 0.000100982826552, 9.84386861091e-05, 9.90092084976e-05, 0.000117598901852, 0.000158085502335, 0.00018087256467, 0.000111628738523, 9.91072738543e-06],
        "min": [1.84925148111e-24, 1.49562316277e-23, 3.12649518668e-24, 5.00852443004e-24, 3.27404980462e-23, 4.31793082338e-23, 1.30109479671e-23, 1.152055227e-23, 4.1030842403e-23, 2.38999752728e-23, 2.60885972791e-23, 5.50359223491e-23, 5.14659670324e-23, 8.00377643349e-23, 9.0394857999e-23, 9.69234582289e-23, 1.29706958661e-22, 1.33487154875e-22, 2.21308830643e-22, 2.52886591891e-22, 3.74265956183e-22, 2.75198506542e-22, 5.17172261727e-22, 6.46215365537e-22, 9.20875578641e-22, 1.54055129043e-21, 2.17384801735e-21],
        "var": [2.06459321817e-06, 0.000187923520571, 3.19251776091e-05, 3.84523309549e-06, 9.66951688497e-07, 8.1219131971e-06, 4.41451265942e-06, 1.14492313514e-05, 1.04074661067e-05, 1.86051067885e-06, 1.1866186469e-06, 6.2720329197e-07, 7.65920560752e-07, 1.52174686718e-06, 1.10305063572e-06, 8.8757337835e-07, 1.42130465974e-06, 6.98893586559e-07, 5.20698051787e-07, 6.18409501385e-07, 4.26096022466e-07, 4.66358329732e-07, 5.42759778455e-07, 6.72890337228e-07, 9.90600710793e-07, 4.50566261634e-07, 1.11021423166e-08]
    },
    "erbbands": {
        "dmean": [0.139571964741, 0.842910706997, 1.94351422787, 2.17975687981, 1.57327389717, 1.25009655952, 2.62040996552, 6.47078990936, 8.246758461, 12.7459774017, 14.0241985321, 13.5250635147, 11.1284322739, 6.99501276016, 12.400551796, 11.5311126709, 12.3942661285, 17.9516334534, 13.9111738205, 13.3627538681, 16.5096683502, 19.0249061584, 10.2659282684, 14.4091215134, 11.5468788147, 9.98792362213, 9.88485431671, 8.40932941437, 8.39797115326, 7.47158050537, 7.10689020157, 5.4070110321, 4.89104604721, 3.2380759716, 2.41334033012, 1.18030917645, 0.326442629099, 0.0778815597296, 0.00543246092275, 9.37428776524e-05],
        "dmean2": [0.157683596015, 1.03378355503, 2.84593820572, 3.71856284142, 2.7053797245, 2.04886198044, 3.92915701866, 9.53862094879, 13.2323846817, 17.2621707916, 19.3032302856, 19.131778717, 16.3060722351, 10.8560523987, 18.1281299591, 17.6113262177, 18.7959480286, 26.7968635559, 21.4826393127, 20.9107131958, 25.696767807, 29.3187866211, 16.0240345001, 22.3939609528, 18.1776371002, 15.3524837494, 15.0821857452, 12.2630357742, 12.352973938, 11.2344379425, 10.2185020447, 7.53282642365, 6.92870903015, 4.57330513, 3.44163632393, 1.58814835548, 0.440806001425, 0.110141128302, 0.00812070071697, 0.000132302564452],
        "dvar": [0.0447042733431, 2.97366952896, 40.8641395569, 55.9589309692, 28.5319271088, 6.17479944229, 39.2129020691, 250.921600342, 409.618560791, 572.139343262, 689.247436523, 1176.87194824, 556.344421387, 324.499389648, 517.044250488, 444.259857178, 799.473815918, 1346.02563477, 732.271972656, 743.31262207, 1582.83068848, 1989.58410645, 420.15246582, 1504.43908691, 611.761901855, 521.266967773, 384.117523193, 307.767303467, 265.297424316, 221.226516724, 220.92024231, 112.229492188, 105.396034241, 54.8249130249, 29.455947876, 6.23841142654, 0.552134633064, 0.0288288667798, 0.00014178440324, 3.99529298534e-08],
        "dvar2": [0.0570053458214, 5.35743665695, 103.778205872, 148.89201355, 76.7373428345, 16.564491272, 82.3728637695, 516.234069824, 1113.75952148, 1026.81359863, 1202.50610352, 2536.56933594, 983.713378906, 679.585327148, 957.241149902, 958.715393066, 1623.82641602, 2456.6159668, 1486.76831055, 1682.48461914, 3791.11474609, 4448.70117188, 961.823791504, 3095.23608398, 1416.52990723, 1091.53881836, 829.945739746, 632.798828125, 572.147094727, 509.041534424, 455.403106689, 202.669754028, 200.613983154, 102.131469727, 61.4538269043, 10.9005899429, 0.979279577732, 0.0525112226605, 0.000288737704977, 7.39122683058e-08],
        "max": [2.57294297218, 32.4253463745, 95.9306640625, 59.9994125366, 82.8439178467, 38.7715950012, 176.154266357, 415.71685791, 462.638122559, 568.670593262, 689.520385742, 987.28918457, 754.481567383, 565.557495117, 714.574951172, 467.507965088, 948.242553711, 1383.33618164, 646.464538574, 524.766296387, 558.853271484, 1399.8034668, 476.336456299, 1274.55151367, 775.39251709, 768.927307129, 373.349334717, 221.740615845, 233.436279297, 173.42414856, 177.12059021, 154.874725342, 134.838516235, 93.9871063232, 66.8943252563, 27.9524269104, 9.10078144073, 2.53653216362, 0.182957470417, 0.00280741392635],
        "mean": [0.394657582045, 2.46443200111, 3.35497951508, 2.47469234467, 1.76791059971, 2.68393778801, 6.42953538895, 17.3259449005, 19.0400257111, 38.1410217285, 38.837474823, 36.232006073, 25.045747757, 13.18496418, 24.5240726471, 20.6372241974, 20.8541221619, 31.8302078247, 25.3361797333, 22.8593158722, 24.6160430908, 28.9823303223, 18.1971035004, 24.9615097046, 20.2941665649, 18.2634277344, 18.1233921051, 15.1686191559, 14.9497156143, 12.3897371292, 12.4653205872, 10.0086107254, 8.6691532135, 5.59814119339, 4.04145240784, 1.92718780041, 0.565665721893, 0.128822922707, 0.00894491095096, 0.000194183769054],
        "median": [0.212257862091, 1.69534754753, 1.62029480934, 0.910327613354, 0.689728438854, 1.36946368217, 2.92022657394, 6.59291410446, 8.28131103516, 12.0618982315, 16.992609024, 11.6462068558, 8.91509342194, 6.6898727417, 9.49429130554, 10.3110713959, 9.09872245789, 11.4624414444, 8.37495136261, 7.22194766998, 7.20832538605, 7.01490116119, 4.93870162964, 5.42436313629, 4.8973941803, 4.63198566437, 4.35170078278, 3.79518008232, 3.70061159134, 3.05289459229, 3.39344239235, 2.94243144989, 2.82116508484, 1.62761950493, 1.43387341499, 0.61841237545, 0.163522064686, 0.0343167260289, 0.00150801823474, 7.87619355833e-05],
        "min": [1.93495803935e-22, 2.99176707471e-21, 5.05860162954e-21, 2.77760334982e-20, 5.40970530678e-20, 9.60158297074e-20, 2.67467325955e-19, 3.21776463608e-19, 2.25136125463e-19, 3.11837423259e-19, 3.15799463297e-19, 1.31579961251e-18, 1.00403306829e-18, 9.96097717876e-19, 1.30548663482e-18, 2.44069834735e-18, 2.42021611461e-18, 4.14753280859e-18, 4.23555847424e-18, 7.17375364087e-18, 7.40725432008e-18, 9.91647196668e-18, 8.51086711282e-18, 1.06534261996e-17, 1.04827159735e-17, 1.10496060083e-17, 1.10038149439e-17, 1.30922648381e-17, 1.08316546702e-17, 1.44241323306e-17, 1.47255586002e-17, 1.36869324251e-17, 1.03766829995e-17, 8.36706259051e-18, 7.43071068071e-18, 5.25499612708e-18, 3.08174326295e-18, 1.13845219257e-18, 2.64394246582e-19, 3.54835990484e-20],
        "var": [0.258183777332, 9.51440143585, 39.5591964722, 40.3500061035, 20.6475410461, 12.8230991364, 126.904258728, 955.133666992, 1167.52062988, 3839.77709961, 3875.92871094, 4902.40527344, 2847.01074219, 732.77911377, 1932.14013672, 1019.31433105, 1521.60009766, 4315.65722656, 2235.3449707, 1622.75268555, 2413.00073242, 3534.97167969, 855.566467285, 3504.45239258, 1319.8302002, 1156.24462891, 956.067749023, 667.964904785, 613.881347656, 424.228302002, 463.296600342, 277.837158203, 226.899124146, 113.120933533, 53.2435646057, 12.8273763657, 1.20506167412, 0.0568252392113, 0.000278081424767, 8.66746319161e-08]
    },
    "gfcc": {
        "mean": [3.03727817535, 70.6390228271, -97.4749755859, 17.3308696747, -52.5527496338, 18.7467346191, -27.8207035065, 17.8419513702, -11.068110466, 15.6999588013, -9.14249706268, 3.89900708199, -11.7378225327],
        "cov": [[14133.9550781, -5583.12841797, 414.658050537, 1170.57250977, -498.390625, 750.90057373, -892.61114502, 758.251586914, -737.385681152, 505.130218506, -623.831542969, 605.435791016, -404.161804199], [-5583.12841797, 6733.22363281, -99.4048309326, -847.374633789, 454.605926514, -661.972473145, 771.242370605, -721.612792969, 701.189941406, -393.841949463, 504.219207764, -568.200805664, 282.552093506], [414.658050537, -99.4048309326, 1276.34863281, 421.465484619, 231.512893677, 392.72454834, 167.063827515, 221.680297852, 88.532043457, 169.685974121, 42.6978530884, 87.6324157715, -13.1200666428], [1170.57250977, -847.374633789, 421.465484619, 641.262268066, 188.259994507, 289.398498535, 39.0893554688, 199.796005249, -22.6954936981, 114.17804718, -46.1038475037, 94.5053710938, -20.9897098541], [-498.390625, 454.605926514, 231.512893677, 188.259994507, 364.293518066, 116.65246582, 169.845550537, 20.4512481689, 119.745880127, 9.48462486267, 53.3404693604, -36.3849411011, 36.0495643616], [750.90057373, -661.972473145, 392.72454834, 289.398498535, 116.65246582, 365.560394287, 38.0734405518, 196.788833618, -21.7168064117, 114.331336975, -38.8994827271, 86.9281539917, -30.1630306244], [-892.61114502, 771.242370605, 167.063827515, 39.0893554688, 169.845550537, 38.0734405518, 276.191864014, -3.56403636932, 164.560852051, -2.0097322464, 93.3341751099, -59.9282035828, 61.0779075623], [758.251586914, -721.612792969, 221.680297852, 199.796005249, 20.4512481689, 196.788833618, -3.56403636932, 251.509094238, -15.1924514771, 111.941009521, -34.8041305542, 94.9707794189, -25.3428497314], [-737.385681152, 701.189941406, 88.532043457, -22.6954936981, 119.745880127, -21.7168064117, 164.560852051, -15.1924514771, 191.338546753, 18.544500351, 91.1926116943, -54.0991516113, 51.7219085693], [505.130218506, -393.841949463, 169.685974121, 114.17804718, 9.48462486267, 114.331336975, -2.0097322464, 111.941009521, 18.544500351, 142.144714355, 23.0402126312, 63.4451637268, -8.6882648468], [-623.831542969, 504.219207764, 42.6978530884, -46.1038475037, 53.3404693604, -38.8994827271, 93.3341751099, -34.8041305542, 91.1926116943, 23.0402126312, 144.008178711, 18.296962738, 51.9107131958], [605.435791016, -568.200805664, 87.6324157715, 94.5053710938, -36.3849411011, 86.9281539917, -59.9282035828, 94.9707794189, -54.0991516113, 63.4451637268, 18.296962738, 150.361221313, 19.7246627808], [-404.161804199, 282.552093506, -13.1200666428, -20.9897098541, 36.0495643616, -30.1630306244, 61.0779075623, -25.3428497314, 51.7219085693, -8.6882648468, 51.9107131958, 19.7246627808, 93.5354614258]],
        "icov": [[0.000167072124896, -9.16553763091e-05, 6.67867352604e-05, -0.000245542236371, 0.000101152487332, 3.5338820453e-05, 0.000127305160277, 4.53362335975e-05, 7.34265486244e-05, -0.000568249379285, 0.000820341170765, -0.000772667233832, 0.000468892336357], [-9.16553763091e-05, 0.000833796046209, -0.000351052440237, 0.000577543163672, -0.000236342006247, 0.000109269138193, -0.000410793843912, 0.000474561005831, -0.000872959033586, 0.00157021963969, -0.00216640764847, 0.0021881882567, -0.000941810139921], [6.67867352604e-05, -0.000351052440237, 0.00152851315215, -0.00061712221941, 5.41447298019e-05, -0.00108000624459, -0.000249625765719, -4.11051914853e-05, -6.76216805005e-05, -0.00110572669655, 0.000728515267838, -0.0013141076779, 0.00101516814902], [-0.000245542236371, 0.000577543163672, -0.00061712221941, 0.0037983043585, -0.00190704676788, -0.000361850601621, -0.000997864641249, -0.000299991603242, 0.000367028638721, 0.000431325519457, -0.000602070183959, 0.000818157626782, -0.000852485361975], [0.000101152487332, -0.000236342006247, 5.41447298019e-05, -0.00190704676788, 0.00577011238784, -0.00209319917485, -0.00032978123636, 0.000449966202723, -0.00192665681243, 0.00129626342095, -0.000681221252307, 0.000961802375969, -0.000469923077617], [3.5338820453e-05, 0.000109269138193, -0.00108000624459, -0.000361850601621, -0.00209319917485, 0.00851714145392, -0.00279445783235, -0.00205190945417, 0.0022810343653, -0.0028689277824, 0.00309824943542, -0.0026938484516, 0.00173283019103], [0.000127305160277, -0.000410793843912, -0.000249625765719, -0.000997864641249, -0.00032978123636, -0.00279445783235, 0.0119958464056, -0.00232123513706, -0.00474544754252, 0.00277936458588, -0.00394829316065, 0.00456229504198, -0.00359270977788], [4.53362335975e-05, 0.000474561005831, -4.11051914853e-05, -0.000299991603242, 0.000449966202723, -0.00205190945417, -0.00232123513706, 0.0113290119916, -0.00313798524439, -0.00358676142059, 0.00428336206824, -0.00544176390395, 0.0026118021924], [7.34265486244e-05, -0.000872959033586, -6.76216805005e-05, 0.000367028638721, -0.00192665681243, 0.0022810343653, -0.00474544754252, -0.00313798524439, 0.0181355439126, -0.00632699765265, -0.00268659042194, 0.00447651417926, -0.00331517821178], [-0.000568249379285, 0.00157021963969, -0.00110572669655, 0.000431325519457, 0.00129626342095, -0.0028689277824, 0.00277936458588, -0.00358676142059, -0.00632699765265, 0.0198437962681, -0.0107748145238, 0.004752965644, -0.00114907207899], [0.000820341170765, -0.00216640764847, 0.000728515267838, -0.000602070183959, -0.000681221252307, 0.00309824943542, -0.00394829316065, 0.00428336206824, -0.00268659042194, -0.0107748145238, 0.0263771638274, -0.0180177949369, 0.00470184767619], [-0.000772667233832, 0.0021881882567, -0.0013141076779, 0.000818157626782, 0.000961802375969, -0.0026938484516, 0.00456229504198, -0.00544176390395, 0.00447651417926, 0.004752965644, -0.0180177949369, 0.0289330948144, -0.0137780718505], [0.000468892336357, -0.000941810139921, 0.00101516814902, -0.000852485361975, -0.000469923077617, 0.00173283019103, -0.00359270977788, 0.0026118021924, -0.00331517821178, -0.00114907207899, 0.00470184767619, -0.0137780718505, 0.0213293805718]]
    },
    "melbands": {
        "dmean": [0.00107863429002, 0.000924004474655, 0.000351105205482, 9.2127280368e-05, 8.05270392448e-05, 0.000146872262121, 0.00011591182556, 0.000151764572365, 0.00012239710486, 8.44270907692e-05, 5.4557731346e-05, 2.73874611594e-05, 3.70630223188e-05, 2.97925344057e-05, 3.20694998663e-05, 2.95405952784e-05, 3.75299568987e-05, 2.11059013964e-05, 2.44260681939e-05, 2.05557334994e-05, 2.07720386243e-05, 2.33857990679e-05, 1.14836384455e-05, 9.95419577521e-06, 1.24132848214e-05, 9.0502853709e-06, 8.06162825029e-06, 7.03912337485e-06, 6.64112531013e-06, 6.05227978667e-06, 5.22891605215e-06, 5.45388684259e-06, 4.12590588894e-06, 4.37154585597e-06, 4.43970247943e-06, 4.02125078836e-06, 3.1804693208e-06, 3.56990358341e-06, 3.3331425584e-06, 2.67673522103e-06],
        "dmean2": [0.00130384345539, 0.0012501203455, 0.000581584870815, 0.000157144138939, 0.00012139428145, 0.000219991343329, 0.000183724652743, 0.00020474154735, 0.000166295081726, 0.000120025761134, 8.0462625192e-05, 4.29448300565e-05, 5.41822519153e-05, 4.63746255264e-05, 4.80580347357e-05, 4.59489019704e-05, 5.62090208405e-05, 3.29302965838e-05, 3.89206361433e-05, 3.18064739986e-05, 3.32082818204e-05, 3.66370404663e-05, 1.7485474018e-05, 1.5605462977e-05, 1.93014857359e-05, 1.46650672832e-05, 1.24278330986e-05, 1.09202346721e-05, 1.01734822238e-05, 9.17383567867e-06, 7.70088354329e-06, 8.24011658551e-06, 6.31396596873e-06, 6.63205037199e-06, 6.62772572468e-06, 5.60746366318e-06, 4.67001882498e-06, 5.1211382015e-06, 5.02207603859e-06, 3.78257050215e-06],
        "dvar": [2.82113978756e-06, 6.65483412376e-06, 1.28427041091e-06, 6.7855864927e-08, 3.21664330727e-08, 1.11549532278e-07, 7.34423863946e-08, 8.6433729507e-08, 6.35307557673e-08, 5.13415123748e-08, 1.35680480184e-08, 4.8046864265e-09, 4.51445147931e-09, 2.23617524497e-09, 5.83443338087e-09, 7.35608907121e-09, 6.79355638411e-09, 1.65758140547e-09, 3.6620739774e-09, 2.66866262422e-09, 2.95267876815e-09, 3.25416116276e-09, 5.54950030374e-10, 4.90399443276e-10, 1.19122012254e-09, 4.95360197306e-10, 3.33754690551e-10, 2.46672987592e-10, 2.32113731014e-10, 1.51930024117e-10, 1.30682478727e-10, 1.25310511967e-10, 6.52300991e-11, 7.2677551477e-11, 8.37037245072e-11, 7.19840506647e-11, 3.93135003718e-11, 5.18172796338e-11, 6.11410505558e-11, 3.63488024402e-11],
        "dvar2": [4.20315291194e-06, 1.54653153004e-05, 3.26856411448e-06, 1.8800457724e-07, 6.79116496372e-08, 2.42608052758e-07, 1.93262394532e-07, 1.53426071847e-07, 1.02834725624e-07, 1.11559678828e-07, 2.40690560815e-08, 1.0172193754e-08, 8.68925287278e-09, 5.21161158673e-09, 1.17948779632e-08, 1.49944625605e-08, 1.24170611571e-08, 3.36038907811e-09, 8.54407211648e-09, 5.27228394276e-09, 7.34312965989e-09, 7.40148342615e-09, 1.17944665146e-09, 1.06525710475e-09, 2.43016740065e-09, 1.24290144843e-09, 6.75494438163e-10, 5.38586453214e-10, 4.80373185674e-10, 3.39489186763e-10, 2.73849720678e-10, 2.80522272078e-10, 1.48586060122e-10, 1.67503802495e-10, 1.87231535831e-10, 1.25068302936e-10, 8.07829358962e-11, 1.02282189662e-10, 1.292917301e-10, 6.66379590397e-11],
        "max": [0.0216886755079, 0.0458759702742, 0.00889752712101, 0.00439243437722, 0.00495416112244, 0.00811250414699, 0.0060508097522, 0.00708881719038, 0.00733298715204, 0.00651032617316, 0.0037239997182, 0.00208600796759, 0.00193573744036, 0.000846935610753, 0.0021604958456, 0.00323076942004, 0.00318020163104, 0.000976556155365, 0.0014551137574, 0.00184226699639, 0.000883018947206, 0.00181808404159, 0.000624683336355, 0.000586314185057, 0.00116947875358, 0.000787433527876, 0.000535139522981, 0.000531238853, 0.000395978771849, 0.000231811864069, 0.000206345444894, 0.000204404961551, 0.000116645845992, 8.71023730724e-05, 0.000137324706884, 0.000106094390503, 0.000105422899651, 9.80153054115e-05, 9.9372547993e-05, 8.56077458593e-05],
        "mean": [0.00348156341352, 0.00237401830964, 0.000421743461629, 0.000144129560795, 0.000208245299291, 0.00038912447053, 0.000270486460067, 0.000445933983428, 0.000328752532369, 0.000221606227569, 0.000117292365758, 4.65230477857e-05, 7.36490110285e-05, 5.32446283614e-05, 5.67632741877e-05, 4.14681126131e-05, 6.42206941848e-05, 3.67323991668e-05, 3.77103533538e-05, 3.25137370965e-05, 2.80703497992e-05, 3.35825279763e-05, 1.92682655324e-05, 1.67550279002e-05, 2.04553816729e-05, 1.37807010105e-05, 1.4104629372e-05, 1.16598739623e-05, 1.15294960779e-05, 1.0277214642e-05, 8.41523069539e-06, 9.088119441e-06, 6.81475739839e-06, 6.85504164721e-06, 7.27802080291e-06, 6.99150859873e-06, 5.68821269553e-06, 6.23240111963e-06, 5.2981886256e-06, 4.47880574939e-06],
        "median": [0.00230803759769, 0.00160311954096, 0.000162207317771, 7.17810180504e-05, 0.000107408472104, 0.000160184048582, 0.000114632850455, 0.000122938858112, 0.000122376804939, 6.78876240272e-05, 3.82672042178e-05, 2.08202181966e-05, 2.92516942864e-05, 2.79019477603e-05, 2.24840750889e-05, 1.26446248032e-05, 1.86368415598e-05, 1.24293228509e-05, 8.806682672e-06, 1.00368451967e-05, 7.10467929821e-06, 7.48464935896e-06, 4.71485782327e-06, 4.08028381571e-06, 4.229706974e-06, 3.12523116008e-06, 3.52246252078e-06, 2.8356639632e-06, 2.63288529823e-06, 2.38462757807e-06, 2.08007236324e-06, 2.04238017432e-06, 1.693341801e-06, 1.6391952613e-06, 1.88663284462e-06, 1.87451041711e-06, 1.68676297108e-06, 2.01122543331e-06, 1.58836496666e-06, 1.24634721033e-06],
        "min": [3.4980210629e-24, 2.64823859934e-24, 6.75359598178e-24, 8.3173549542e-24, 7.06768174005e-24, 8.30274761682e-24, 3.66171088403e-24, 3.36950812726e-24, 3.05870225542e-24, 8.11470210967e-24, 4.71259115006e-24, 3.88726554392e-24, 3.72744902984e-24, 5.3763955137e-24, 6.92527499172e-24, 5.36894630017e-24, 7.02552974644e-24, 6.32176523922e-24, 8.38402711132e-24, 7.41749185328e-24, 9.66247954901e-24, 7.0313318184e-24, 1.03354417989e-23, 5.95867899139e-24, 8.81253398846e-24, 6.56021028074e-24, 7.8298949239e-24, 7.22026084976e-24, 6.30938682833e-24, 7.69884856146e-24, 7.09420403255e-24, 7.23952562192e-24, 4.05951411144e-24, 8.44650568388e-24, 7.10424228757e-24, 9.09011126404e-24, 7.21288815574e-24, 6.66545260853e-24, 7.46931133728e-24, 6.95418595504e-24],
        "var": [1.5943973267e-05, 1.04605960587e-05, 1.02644264643e-06, 5.91257780513e-08, 1.05328432198e-07, 4.10069503687e-07, 2.24949474159e-07, 5.85226359817e-07, 3.76808856117e-07, 2.04240848234e-07, 6.87927297349e-08, 1.03704893561e-08, 1.58990438592e-08, 4.99857177871e-09, 1.39515590192e-08, 1.27622037382e-08, 2.19831903792e-08, 4.96845053988e-09, 7.85386244928e-09, 6.30642160715e-09, 4.20825152503e-09, 5.50542234024e-09, 1.4297919515e-09, 1.08499254026e-09, 2.73990252708e-09, 7.84362963469e-10, 7.68404173623e-10, 4.91079676923e-10, 5.67713487332e-10, 3.3768229879e-10, 2.52123516509e-10, 2.6330457259e-10, 1.27806848438e-10, 1.3300822943e-10, 1.61318181036e-10, 1.67997338263e-10, 8.66043070591e-11, 1.12710667188e-10, 1.05165029463e-10, 7.51638126739e-11]
    },
    "mfcc": {
        "mean": [-647.052978516, 111.802429199, 12.9724063873, 9.74255466461, 4.08592367172, 4.96196556091, 1.47035193443, 4.04952716827, 5.24807977676, 9.52505397797, 7.95779275894, 9.84049987793, 5.95409965515],
        "cov": [[9979.36132812, -4831.06787109, -438.766937256, 465.712249756, 177.524032593, 33.9972610474, -14.36332798, 101.929229736, -16.7416267395, -69.7191238403, -154.830810547, -102.822746277, -43.4815750122], [-4831.06787109, 5116.62060547, 117.059997559, -149.201126099, -174.436325073, 13.0092554092, -48.3843421936, -98.3019332886, -19.8260879517, 70.3511428833, 118.332298279, 89.801940918, 26.8693408966], [-438.766937256, 117.059997559, 856.54284668, 167.336700439, 210.922973633, 195.834197998, 184.738113403, 120.534156799, 119.651580811, 120.801727295, 100.627494812, 113.13835907, 95.0925827026], [465.712249756, -149.201126099, 167.336700439, 337.746582031, 156.615158081, 132.613952637, 102.204589844, 84.6630096436, 85.7508010864, 70.0479812622, 48.3859519958, 34.2011070251, 39.9476623535], [177.524032593, -174.436325073, 210.922973633, 156.615158081, 266.154541016, 146.021484375, 113.457733154, 88.0714950562, 79.0436019897, 61.9900360107, 42.3026428223, 40.8386192322, 41.7372322083], [33.9972610474, 13.0092554092, 195.834197998, 132.613952637, 146.021484375, 205.014572144, 118.353034973, 80.0565338135, 81.0486984253, 61.0128059387, 48.8080062866, 41.5123901367, 31.5695476532], [-14.36332798, -48.3843421936, 184.738113403, 102.204589844, 113.457733154, 118.353034973, 151.214508057, 90.3305358887, 73.8649139404, 58.1989097595, 44.5097770691, 47.5528068542, 41.8873710632], [101.929229736, -98.3019332886, 120.534156799, 84.6630096436, 88.0714950562, 80.0565338135, 90.3305358887, 129.594680786, 75.8554534912, 48.6092376709, 34.5589790344, 25.3312854767, 29.1907138824], [-16.7416267395, -19.8260879517, 119.651580811, 85.7508010864, 79.0436019897, 81.0486984253, 73.8649139404, 75.8554534912, 132.393783569, 82.9700546265, 44.2989273071, 37.1485557556, 24.2772750854], [-69.7191238403, 70.3511428833, 120.801727295, 70.0479812622, 61.9900360107, 61.0128059387, 58.1989097595, 48.6092376709, 82.9700546265, 117.203948975, 62.9980506897, 41.1957778931, 27.8722686768], [-154.830810547, 118.332298279, 100.627494812, 48.3859519958, 42.3026428223, 48.8080062866, 44.5097770691, 34.5589790344, 44.2989273071, 62.9980506897, 94.7286071777, 57.0170974731, 25.9733715057], [-102.822746277, 89.801940918, 113.13835907, 34.2011070251, 40.8386192322, 41.5123901367, 47.5528068542, 25.3312854767, 37.1485557556, 41.1957778931, 57.0170974731, 100.178718567, 60.1482276917], [-43.4815750122, 26.8693408966, 95.0925827026, 39.9476623535, 41.7372322083, 31.5695476532, 41.8873710632, 29.1907138824, 24.2772750854, 27.8722686768, 25.9733715057, 60.1482276917, 100.806938171]],
