{
"lowlevel": {
    "average_loudness": 0.960259497166,
    "barkbands_crest": {
        "dmean": 2.89376115799,
        "dmean2": 4.25100135803,
        "dvar": 11.1436758041,
        "dvar2": 22.4110279083,
        "max": 26.307849884,
        "mean": 12.185593605,
        "median": 9.5320892334,
        "min": 2.05646824837,
        "var": 50.0618400574
    },
    "barkbands_flatness_db": {
        "dmean": 0.0248213931918,
        "dmean2": 0.0320910327137,
        "dvar": 0.000768119061831,
        "dvar2": 0.00126571091823,
        "max": 0.320618331432,
        "mean": 0.117347635329,
        "median": 0.0995577871799,
        "min": 0.0104172863066,
        "var": 0.00428604241461
    },
    "barkbands_kurtosis": {
        "dmean": 4.60783195496,
        "dmean2": 6.20232248306,
        "dvar": 66.0307693481,
        "dvar2": 111.815765381,
        "max": 209.277099609,
        "mean": 8.5339307785,
        "median": 1.30157613754,
        "min": -1.83788847923,
        "var": 264.408538818
    },
    "barkbands_skewness": {
        "dmean": 0.671337962151,
        "dmean2": 0.866779863834,
        "dvar": 0.626554906368,
        "dvar2": 0.921305716038,
        "max": 13.3972330093,
        "mean": 2.07679033279,
        "median": 1.34952747822,
        "min": -2.03517150879,
        "var": 4.00145721436
    },
    "barkbands_spread": {
        "dmean": 6.88035345078,
        "dmean2": 9.70140361786,
        "dvar": 77.9083709717,
        "dvar2": 149.416137695,
        "max": 99.8729171753,
        "mean": 26.7649536133,
        "median": 26.6866931915,
        "min": 1.09686481953,
        "var": 275.356567383
    },
    "dissonance": {
        "dmean": 0.0134659809992,
        "dmean2": 0.0228682328016,
        "dvar": 0.000156569352839,
        "dvar2": 0.000429505453212,
        "max": 0.500000119209,
        "mean": 0.47546762228,
        "median": 0.478589117527,
        "min": 0.313578426838,
        "var": 0.000278568739304
    },
    "dynamic_complexity": 2.95459794998,
    "erbbands_crest": {
        "dmean": 1.77534425259,
        "dmean2": 2.82727766037,
        "dvar": 2.91886425018,
        "dvar2": 6.34336614609,
        "max": 29.3274383545,
        "mean": 6.64377117157,
        "median": 5.75579929352,
        "min": 2.27988767624,
        "var": 9.76821804047
    },
    "erbbands_flatness_db": {
        "dmean": 0.012527323328,
        "dmean2": 0.0182294566184,
        "dvar": 0.000178759582923,
        "dvar2": 0.000332672469085,
        "max": 0.369821250439,
        "mean": 0.117483511567,
        "median": 0.103780061007,
        "min": 0.0397005006671,
        "var": 0.00197932170704
    },
    "erbbands_kurtosis": {
        "dmean": 0.438588261604,
        "dmean2": 0.687725424767,
        "dvar": 0.390803158283,
        "dvar2": 0.87596321106,
        "max": 23.0479068756,
        "mean": -0.246195539832,
        "median": -0.500816464424,
        "min": -1.66540539265,
        "var": 1.15157139301
    },
    "erbbands_skewness": {
        "dmean": 0.246294155717,
        "dmean2": 0.371435105801,
        "dvar": 0.0501809380949,
        "dvar2": 0.104194447398,
        "max": 3.40274763107,
        "mean": 0.0803559198976,
        "median": 0.0627859011292,
        "min": -1.94255101681,
        "var": 0.263252466917
    },
    "erbbands_spread": {
        "dmean": 7.31989574432,
        "dmean2": 10.6580848694,
        "dvar": 50.0698623657,
        "dvar2": 98.3801498413,
        "max": 142.130264282,
        "mean": 48.02917099,
        "median": 47.8330993652,
        "min": 3.65544748306,
        "var": 315.339263916
    },
    "hfc": {
        "dmean": 12.5921545029,
        "dmean2": 18.5480232239,
        "dvar": 402.957641602,
        "dvar2": 853.471679688,
        "max": 196.509521484,
        "mean": 33.1392784119,
        "median": 22.0459213257,
        "min": 1.16648520291e-16,
        "var": 871.561828613
    },
    "melbands_crest": {
        "dmean": 3.84282970428,
        "dmean2": 5.69304656982,
        "dvar": 17.8887882233,
        "dvar2": 35.2294807434,
        "max": 37.3191070557,
        "mean": 17.9632701874,
        "median": 16.6226615906,
        "min": 1.93155181408,
        "var": 68.7664337158
    },
    "melbands_flatness_db": {
        "dmean": 0.0286907590926,
        "dmean2": 0.0347276479006,
        "dvar": 0.00118927354924,
        "dvar2": 0.00151558872312,
        "max": 0.433934241533,
        "mean": 0.183384925127,
        "median": 0.160043030977,
        "min": 0.00279593816958,
        "var": 0.00807658676058
    },
    "melbands_kurtosis": {
        "dmean": 12.9917192459,
        "dmean2": 17.5590209961,
        "dvar": 560.000610352,
        "dvar2": 1009.92266846,
        "max": 470.638916016,
        "mean": 28.4444007874,
        "median": 8.14517974854,
        "min": -1.64617681503,
        "var": 2075.25927734
    },
    "melbands_skewness": {
        "dmean": 0.932139337063,
        "dmean2": 1.18238270283,
        "dvar": 1.29207205772,
        "dvar2": 1.79596459866,
        "max": 17.9861392975,
        "mean": 3.6852555275,
        "median": 2.58079242706,
        "min": -1.12043809891,
        "var": 8.50250148773
    },
    "melbands_spread": {
        "dmean": 7.4661898613,
        "dmean2": 10.528635025,
        "dvar": 104.477127075,
        "dvar2": 181.830108643,
        "max": 149.134185791,
        "mean": 26.8643016815,
        "median": 23.0492286682,
        "min": 0.7554718256,
        "var": 459.436309814
    },
    "pitch_salience": {
        "dmean": 0.0793246999383,
        "dmean2": 0.115005210042,
        "dvar": 0.00933085568249,
        "dvar2": 0.0161771960557,
        "max": 0.945142090321,
        "mean": 0.465466111898,
        "median": 0.529735326767,
        "min": 0.0560879595578,
        "var": 0.0423167869449
    },
    "silence_rate_20dB": {
        "dmean": 0,
        "dmean2": 0,
        "dvar": 0,
        "dvar2": 0,
        "max": 1,
        "mean": 1,
        "median": 1,
        "min": 1,
        "var": 0
    },
    "silence_rate_30dB": {
        "dmean": 0.0585316196084,
        "dmean2": 0.117078140378,
        "dvar": 0.0551046319306,
        "dvar2": 0.126796707511,
        "max": 1,
        "mean": 0.947455465794,
        "median": 1,
        "min": 0,
        "var": 0.0497793667018
    },
    "silence_rate_60dB": {
        "dmean": 0.0244305897504,
        "dmean2": 0.0488673970103,
        "dvar": 0.0238322820514,
        "dvar2": 0.0543668940663,
        "max": 1,
        "mean": 0.0745547041297,
        "median": 0,
        "min": 0,
        "var": 0.068994730711
    },
    "spectral_centroid": {
        "dmean": 255.634521484,
        "dmean2": 364.684692383,
        "dvar": 77335.4921875,
        "dvar2": 129427.328125,
        "max": 11491.8867188,
        "mean": 1678.23181152,
        "median": 1622.54150391,
        "min": 281.176452637,
        "var": 404183.4375
    },
    "spectral_complexity": {
        "dmean": 5.42842578888,
        "dmean2": 7.94986009598,
        "dvar": 39.4894676208,
        "dvar2": 64.3636322021,
        "max": 58,
        "mean": 22.9223918915,
        "median": 21,
        "min": 0,
        "var": 155.225296021
    },
    "spectral_decrease": {
        "dmean": 3.057375908e-09,
        "dmean2": 4.21118739879e-09,
        "dvar": 1.35920424011e-17,
        "dvar2": 2.4867443074e-17,
        "max": 1.38453526847e-28,
        "mean": -1.06317337156e-08,
        "median": -9.11157016503e-09,
        "min": -3.83154095118e-08,
        "var": 6.87860699563e-17
    },
    "spectral_energy": {
        "dmean": 0.0120594669133,
        "dmean2": 0.0169878285378,
        "dvar": 0.000204626223422,
        "dvar2": 0.000385388557333,
        "max": 0.146735563874,
        "mean": 0.0431325510144,
        "median": 0.0381883792579,
        "min": 1.02722341927e-20,
        "var": 0.000997077208012
    },
    "spectral_energyband_high": {
        "dmean": 0.000964638486039,
        "dmean2": 0.00141493731644,
        "dvar": 2.77289018413e-06,
        "dvar2": 5.79605966777e-06,
        "max": 0.0170729011297,
        "mean": 0.00215990934521,
        "median": 0.000996080460027,
        "min": 7.75720284929e-21,
        "var": 6.49799949315e-06
    },
    "spectral_energyband_low": {
        "dmean": 0.00980016775429,
        "dmean2": 0.0123186241835,
        "dvar": 0.000221790964133,
        "dvar2": 0.000317812256981,
        "max": 0.138852491975,
        "mean": 0.0267211012542,
        "median": 0.0141683295369,
        "min": 4.43004689067e-23,
        "var": 0.00106935238
    },
    "spectral_energyband_middle_high": {
        "dmean": 0.00230756914243,
        "dmean2": 0.00346177723259,
        "dvar": 1.03278853203e-05,
        "dvar2": 1.96345208678e-05,
        "max": 0.0481274388731,
        "mean": 0.00625896453857,
        "median": 0.00409292243421,
        "min": 1.40702351869e-21,
        "var": 3.58035722456e-05
    },
    "spectral_energyband_middle_low": {
        "dmean": 0.00446862401441,
        "dmean2": 0.0069630490616,
        "dvar": 5.70070624235e-05,
        "dvar2": 0.000129012056277,
        "max": 0.0650277882814,
        "mean": 0.00872368644923,
        "median": 0.00522450916469,
        "min": 1.449782708e-22,
        "var": 8.40494903969e-05
    },
    "spectral_entropy": {
        "dmean": 0.10863673687,
        "dmean2": 0.151644229889,
        "dvar": 0.0126892048866,
        "dvar2": 0.0237632058561,
        "max": 9.81416034698,
        "mean": 7.94114017487,
        "median": 7.98682260513,
        "min": 6.53476238251,
        "var": 0.0855234637856
    },
    "spectral_flux": {
        "dmean": 0.0334574356675,
        "dmean2": 0.0492250360548,
        "dvar": 0.00124802067876,
        "dvar2": 0.00228210701607,
        "max": 0.322840332985,
        "mean": 0.0996138304472,
        "median": 0.0761522874236,
        "min": 7.01383534585e-11,
        "var": 0.00448870705441
    },
    "spectral_kurtosis": {
        "dmean": 0.779799640179,
        "dmean2": 1.29033744335,
        "dvar": 1.16195762157,
        "dvar2": 3.40446996689,
        "max": 33.2590408325,
        "mean": 3.43619656563,
        "median": 3.04336357117,
        "min": -1.18617868423,
        "var": 4.61391448975
    },
    "spectral_rms": {
        "dmean": 0.000921143568121,
        "dmean2": 0.00130547373556,
        "dvar": 1.11655685942e-06,
        "dvar2": 2.127491598e-06,
        "max": 0.0119648091495,
        "mean": 0.00594329740852,
        "median": 0.0061038476415,
        "min": 3.16570554493e-12,
        "var": 6.7578330345e-06
    },
    "spectral_rolloff": {
        "dmean": 790.537719727,
        "dmean2": 1226.62780762,
        "dvar": 2307851,
        "dvar2": 4695581.5,
        "max": 18776.953125,
        "mean": 2025.49023438,
        "median": 1270.45898438,
        "min": 21.533203125,
        "var": 5472016
    },
    "spectral_skewness": {
        "dmean": 0.122888930142,
        "dmean2": 0.197194427252,
        "dvar": 0.0168208461255,
        "dvar2": 0.0420530736446,
        "max": 3.84798979759,
        "mean": 1.40959453583,
        "median": 1.3994383812,
        "min": -0.0251618158072,
        "var": 0.112705677748
    },
    "spectral_spread": {
        "dmean": 483144.1875,
        "dmean2": 679817.5625,
        "dvar": 471861264384,
        "dvar2": 869280055296,
        "max": 40398288,
        "mean": 5596466.5,
        "median": 5666386,
        "min": 1376818.375,
        "var": 2.55334311526e+12
    },
    "spectral_strongpeak": {
        "dmean": 0.402793228626,
        "dmean2": 0.65913772583,
        "dvar": 0.567603230476,
        "dvar2": 1.32965326309,
        "max": 11.2282962799,
        "mean": 0.869870662689,
        "median": 0.572422862053,
        "min": 0,
        "var": 1.10953474045
    },
    "zerocrossingrate": {
        "dmean": 0.0171020831913,
        "dmean2": 0.018124256283,
        "dvar": 0.000485359458253,
        "dvar2": 0.000533767044544,
        "max": 0.70166015625,
        "mean": 0.0714213177562,
        "median": 0.0634765625,
        "min": 0.00341796875,
        "var": 0.00279749557376
    },
    "barkbands": {
        "dmean": [0.00120681128465, 0.00861675478518, 0.0060960338451, 0.00218318798579, 0.00153574661817, 0.000518830667716, 0.000921309343539, 0.000348758534528, 0.000536156236194, 0.000463868287625, 0.000445548590505, 0.000664847902954, 0.000313480355544, 0.000280210544588, 0.000296743382933, 0.00025960279163, 0.000247669522651, 0.000239711938775, 0.000191717743292, 0.000208761572139, 0.000197172979824, 0.000155795845785, 0.000127670005895, 0.000122675308376, 0.000157326416229, 0.000163893768331, 9.57990341703e-05],
        "dmean2": [0.00213827542029, 0.0103368163109, 0.00926345679909, 0.0037435090635, 0.00262237130664, 0.000804051116575, 0.00138524756767, 0.000536342035048, 0.000812028010841, 0.00075381307397, 0.000719753908925, 0.00104546826333, 0.000502130540553, 0.000450699240901, 0.000454816006823, 0.000410844950238, 0.00039248666144, 0.000377467978979, 0.000300415442325, 0.000322497857269, 0.000303109118249, 0.000238946347963, 0.000188479403732, 0.000181228751899, 0.000234909253777, 0.00024953079992, 0.00015062080638],
        "dvar": [1.53379114636e-05, 0.000200082344236, 0.00022093669395, 3.82764956157e-05, 8.91336094355e-06, 7.85388181157e-07, 3.17109402204e-06, 3.57152345032e-07, 9.30732710458e-07, 5.7867509895e-07, 8.57402596921e-07, 1.4649174318e-06, 3.05062911821e-07, 1.65665980489e-07, 3.06765855385e-07, 2.30708963045e-07, 1.61606791949e-07, 1.67968408959e-07, 9.316473637e-08, 1.27255745497e-07, 1.18172486907e-07, 7.87844101069e-08, 5.48579102144e-08, 4.82400857038e-08, 9.93676252392e-08, 1.44226362409e-07, 6.24387652692e-08],
        "dvar2": [4.90415222885e-05, 0.000259407301201, 0.000484624033561, 9.8498450825e-05, 2.47487296292e-05, 1.70978455571e-06, 6.22037759967e-06, 7.05527440914e-07, 1.75392881374e-06, 1.33134324187e-06, 1.93757955458e-06, 3.00356509797e-06, 7.07927540589e-07, 3.62795901765e-07, 6.12225790064e-07, 4.84946951929e-07, 3.39497972845e-07, 3.47607567619e-07, 2.00347344048e-07, 2.47413538546e-07, 2.447611962e-07, 1.60091076395e-07, 1.09703954365e-07, 9.92353150764e-08, 2.25533980824e-07, 3.37072293632e-07, 1.49799959104e-07],
        "max": [0.048405200243, 0.115964382887, 0.107096888125, 0.0531161762774, 0.0282011907548, 0.0201213471591, 0.0513057298958, 0.0169689208269, 0.0231524389237, 0.0147452987731, 0.0357680097222, 0.0349775999784, 0.017812686041, 0.0115832947195, 0.0219646897167, 0.0152928987518, 0.0117692034692, 0.0124854780734, 0.00704850349575, 0.00988149270415, 0.00716120842844, 0.00605217507109, 0.00712283095345, 0.00344051793218, 0.00403292430565, 0.00324451411143, 0.00225495616905],
        "mean": [0.00116272096056, 0.0181568507105, 0.00673233531415, 0.00180827884469, 0.00210724468343, 0.0010413111886, 0.00187667715363, 0.000684715399984, 0.00110743474215, 0.000725463614799, 0.00075836799806, 0.00113498524297, 0.000538878142834, 0.000529462995473, 0.000588669732679, 0.000470331229735, 0.000447937200079, 0.00048465616419, 0.000374279392418, 0.000450852850918, 0.000439585128333, 0.000349636102328, 0.000296708662063, 0.000265742623014, 0.00027663691435, 0.00022431150137, 9.84466823866e-05],
        "median": [0.000162846612511, 0.00370457861573, 0.000696344592143, 0.000173720123712, 0.000988849671558, 0.000381283636671, 0.000675699324347, 0.000274257210549, 0.000436417059973, 0.000354126910679, 0.000287648523226, 0.000445259356638, 0.000283444533125, 0.000321349798469, 0.000249550736044, 0.000272613950074, 0.000221969385166, 0.000246058159973, 0.000204901603865, 0.000215937441681, 0.000222959075472, 0.000150023493916, 0.000130922242533, 0.000112089837785, 8.16642204882e-05, 5.76370330236e-05, 1.12739780889e-05],
        "min": [1.02112317051e-23, 1.90255390528e-23, 1.22405598177e-23, 3.789785213e-24, 1.68665482398e-23, 9.74639699439e-24, 1.35574029602e-23, 3.39942693927e-23, 4.97045731597e-23, 2.24174863286e-23, 1.51769517535e-23, 7.45839902438e-23, 9.66532954569e-23, 6.0711341111e-23, 1.0655315903e-22, 1.49972618611e-22, 6.19062886776e-23, 1.91658401736e-22, 2.32397614885e-22, 2.8055018941e-22, 2.82001289579e-22, 4.23764314791e-22, 4.67330287931e-22, 7.52402606703e-22, 1.3730084423e-21, 1.77464148528e-21, 2.16649871148e-21],
        "var": [1.02908761619e-05, 0.000740847550333, 0.000232698977925, 2.84050329356e-05, 8.68873939908e-06, 2.53286020779e-06, 1.03080192275e-05, 1.29540751459e-06, 3.91397816202e-06, 1.21530911201e-06, 2.2324411475e-06, 4.30319596489e-06, 6.51314053357e-07, 4.64656125132e-07, 1.09941902338e-06, 5.57592898076e-07, 4.98294184581e-07, 5.84857502872e-07, 2.45828914558e-07, 4.13820771428e-07, 3.61807281024e-07, 2.51574761023e-07, 1.83939519616e-07, 1.36480650781e-07, 2.10515949561e-07, 1.7097563898e-07, 6.03267977795e-08]
    },
    "erbbands": {
        "dmean": [0.227172374725, 2.14698314667, 6.41586685181, 6.7008395195, 6.44044542313, 4.34985160828, 3.13751602173, 5.09075784683, 13.3442754745, 8.90856838226, 9.5191450119, 8.52451038361, 14.2927160263, 14.9277849197, 16.7669353485, 22.6204185486, 15.4619121552, 13.4718065262, 11.764799118, 14.6937427521, 15.3619937897, 15.7144536972, 13.216006279, 10.7115745544, 9.24290943146, 9.35406208038, 8.52768611908, 7.32422304153, 5.72486591339, 4.48159265518, 3.51636123657, 2.69862771034, 2.04942631721, 2.08545088768, 0.976931750774, 0.591162443161, 0.283496797085, 0.166531786323, 0.0128042930737, 0.00018927018391],
        "dmean2": [0.262039959431, 2.56272101402, 8.96535015106, 10.1533880234, 11.1389751434, 7.21880578995, 4.96283531189, 7.68207216263, 19.578250885, 14.4134511948, 14.1761455536, 13.1605968475, 22.9021205902, 24.0304374695, 27.0908164978, 35.7769737244, 24.1048355103, 21.1731319427, 18.5978946686, 22.3984737396, 24.2487125397, 24.7895641327, 20.7381534576, 16.7450714111, 14.2117404938, 14.5133924484, 13.1854190826, 11.4545965195, 8.78049850464, 6.70192098618, 5.21957540512, 3.95988726616, 3.06506061554, 3.24827313423, 1.436008811, 0.890874505043, 0.428591698408, 0.263910025358, 0.0199366677552, 0.000294244033284],
        "dvar": [0.127915218472, 14.2906808853, 199.6612854, 290.337585449, 228.28352356, 71.3662643433, 49.2994804382, 82.3782424927, 778.705932617, 341.520507812, 358.830780029, 212.927642822, 435.463928223, 578.118347168, 924.556274414, 1666.21057129, 759.275024414, 524.10546875, 285.593414307, 676.520324707, 997.363586426, 679.939697266, 569.332214355, 292.33215332, 225.341049194, 258.035614014, 210.430511475, 168.468521118, 109.524284363, 59.953037262, 42.3013916016, 24.374961853, 13.2911262512, 19.7397022247, 3.47858572006, 1.70251071453, 0.413611650467, 0.187038168311, 0.00115155021194, 2.29106845495e-07],
        "dvar2": [0.149027332664, 17.9135780334, 418.263916016, 644.242614746, 620.588867188, 189.783248901, 109.068740845, 170.773681641, 1362.62194824, 940.528930664, 640.327392578, 425.611572266, 1001.0692749, 1400.98022461, 2060.19824219, 3527.3894043, 1629.78552246, 1150.51953125, 596.889160156, 1373.54296875, 2059.02416992, 1385.27709961, 1154.2199707, 602.595581055, 461.778533936, 517.930419922, 423.921600342, 364.415374756, 228.117034912, 116.606765747, 84.9078216553, 48.6276550293, 28.2193012238, 48.517490387, 7.56274366379, 3.98924565315, 0.921330988407, 0.456919282675, 0.00272863986902, 5.42954012417e-07],
        "max": [3.13152194023, 30.6713409424, 114.481887817, 160.025604248, 139.81930542, 102.582572937, 148.507125854, 236.580688477, 916.580444336, 361.3644104, 466.214172363, 345.313751221, 320.438262939, 582.157958984, 1054.01696777, 1246.27160645, 740.92956543, 667.51348877, 437.567443848, 904.936035156, 1054.89489746, 821.352416992, 822.478820801, 388.248016357, 317.47869873, 414.058685303, 284.666748047, 249.33102417, 210.493865967, 194.318862915, 199.442199707, 93.7607498169, 46.8673629761, 57.7358207703, 26.386302948, 16.7749423981, 5.44579458237, 3.79300045967, 0.287194848061, 0.00399079779163],
        "mean": [0.527624070644, 4.00596189499, 8.35186576843, 6.93511247635, 7.00778055191, 6.39519786835, 5.54101085663, 11.1557970047, 28.5923843384, 16.2540931702, 20.9951229095, 17.9511604309, 24.8374862671, 27.1328372955, 28.435125351, 39.0739440918, 29.3949108124, 26.3839035034, 24.5935115814, 30.5727214813, 28.968793869, 29.2827243805, 26.7449989319, 22.3075218201, 19.7964000702, 20.2059879303, 18.2412624359, 16.0618476868, 12.6129179001, 10.4563922882, 8.07408237457, 5.96660137177, 4.20116710663, 3.44167852402, 1.75653028488, 0.876428365707, 0.394821554422, 0.18401260674, 0.0131429936737, 0.000247805379331],
        "median": [0.0889703482389, 0.857443749905, 1.45012879372, 0.965236663818, 2.26267766953, 2.51605606079, 1.65755438805, 4.41473197937, 10.8756313324, 6.48789453506, 7.61366558075, 8.10252952576, 14.230922699, 15.527551651, 14.5024662018, 16.7489032745, 14.4664268494, 14.6799459457, 15.9677581787, 14.7814865112, 15.9717235565, 14.5755491257, 13.4118347168, 12.0052337646, 10.3385620117, 9.78862094879, 9.09953308105, 8.01940727234, 5.55473518372, 4.44313716888, 3.52710437775, 2.52225923538, 1.73851752281, 1.00912749767, 0.522968769073, 0.252628743649, 0.0959598571062, 0.0292481668293, 0.00152199948207, 0.000111609973828],
        "min": [6.68232132614e-22, 3.99977530645e-21, 1.44484784662e-20, 1.69998863694e-20, 4.4044614658e-20, 3.81247576637e-20, 7.00020980419e-20, 9.298164721e-20, 1.81358922787e-19, 3.11040512287e-19, 8.47968436828e-19, 8.98789534784e-19, 5.49367867924e-19, 8.45104582451e-19, 6.96254051608e-19, 3.31187483553e-18, 4.7038130113e-18, 2.82959276285e-18, 5.40212715622e-18, 9.95041201439e-18, 7.73643498075e-18, 5.40410990815e-18, 1.0205636938e-17, 9.92673314218e-18, 1.30436919653e-17, 1.20474521792e-17, 1.27817867311e-17, 1.09949500493e-17, 1.43660146208e-17, 1.3904452802e-17, 1.29376027431e-17, 1.51976487737e-17, 1.32158580293e-17, 1.40103368835e-17, 1.00158527542e-17, 6.05655771529e-18, 3.0601776304e-18, 1.22424229923e-18, 2.65087889224e-19, 3.37358051882e-20],
        "var": [0.624254882336, 43.5263557434, 268.294342041, 296.671386719, 176.123199463, 94.7648086548, 123.053230286, 304.813293457, 2757.89697266, 698.078857422, 1754.18017578, 850.911621094, 924.510620117, 1328.96411133, 2193.58691406, 4682.21240234, 2109.05322266, 1429.28808594, 901.50213623, 2371.98510742, 2464.70507812, 2192.9855957, 2102.97436523, 824.161071777, 717.590209961, 790.825012207, 638.493652344, 490.967895508, 346.127868652, 208.320526123, 138.794967651, 76.6460418701, 32.8333854675, 34.7873573303, 8.10328960419, 2.36397743225, 0.525137484074, 0.178175330162, 0.00113304785918, 2.29331291735e-07]
    },
    "gfcc": {
        "mean": [30.8435707092, 51.0093574524, -111.381362915, 22.7020740509, -52.0586433411, 16.1815433502, -30.3021354675, 12.3684368134, -21.5772762299, 7.45300769806, -16.4884471893, 6.34847784042, -13.9594841003],
        "cov": [[8715.75195312, -1095.67663574, 1126.96459961, 472.940338135, 231.090744019, 255.598312378, -31.8491382599, -89.719581604, -258.424591064, 39.1570358276, -169.343139648, -50.3527259827, -168.797790527], [-1095.67663574, 1214.0604248, 117.084693909, 273.651733398, 392.707641602, 200.670562744, 309.35043335, 213.546844482, 293.125396729, 110.268623352, 184.158187866, 43.9303855896, 98.7744979858], [1126.96459961, 117.084693909, 1051.63024902, 387.953155518, 433.284301758, 339.703125, 241.344055176, 213.385620117, 111.256599426, 141.144287109, 34.7969856262, 27.8424186707, -18.8724918365], [472.940338135, 273.651733398, 387.953155518, 462.667236328, 256.462524414, 242.678100586, 195.413833618, 129.372436523, 94.4968261719, 57.6548080444, 58.2008323669, 3.12010121346, 26.0904121399], [231.090744019, 392.707641602, 433.284301758, 256.462524414, 447.243408203, 224.584945679, 234.277633667, 167.479660034, 138.374450684, 83.291809082, 67.9298553467, 23.0962905884, 25.8118801117], [255.598312378, 200.670562744, 339.703125, 242.678100586, 224.584945679, 310.861053467, 180.244873047, 165.315109253, 113.840278625, 75.9051437378, 67.3374938965, 20.0879821777, 42.5418014526], [-31.8491382599, 309.35043335, 241.344055176, 195.413833618, 234.277633667, 180.244873047, 236.078399658, 146.199493408, 136.856246948, 75.2343521118, 76.0111312866, 29.0868053436, 41.0612220764], [-89.719581604, 213.546844482, 213.385620117, 129.372436523, 167.479660034, 165.315109253, 146.199493408, 186.912246704, 128.617996216, 83.938949585, 74.4143829346, 37.172870636, 42.8399581909], [-258.424591064, 293.125396729, 111.256599426, 94.4968261719, 138.374450684, 113.840278625, 136.856246948, 128.617996216, 188.754974365, 95.3724746704, 98.947769165, 45.5475502014, 53.0663299561], [39.1570358276, 110.268623352, 141.144287109, 57.6548080444, 83.291809082, 75.9051437378, 75.2343521118, 83.938949585, 95.3724746704, 111.490364075, 71.5691070557, 44.5911750793, 31.5338153839], [-169.343139648, 184.158187866, 34.7969856262, 58.2008323669, 67.9298553467, 67.3374938965, 76.0111312866, 74.4143829346, 98.947769165, 71.5691070557, 113.931045532, 56.2229194641, 54.7275886536], [-50.3527259827, 43.9303855896, 27.8424186707, 3.12010121346, 23.0962905884, 20.0879821777, 29.0868053436, 37.172870636, 45.5475502014, 44.5911750793, 56.2229194641, 71.5833587646, 45.5707435608], [-168.797790527, 98.7744979858, -18.8724918365, 26.0904121399, 25.8118801117, 42.5418014526, 41.0612220764, 42.8399581909, 53.0663299561, 31.5338153839, 54.7275886536, 45.5707435608, 80.6087493896]],
        "icov": [[0.000179235401447, 0.000195314583834, -0.000102686346509, -0.000190476508578, -0.000142173841596, -9.62414487731e-05, 6.06445573794e-05, 0.000277148239547, 0.000110692286398, -0.000215626700083, 7.61775982028e-06, -7.1462141932e-05, 0.000138448784128], [0.000195314583834, 0.00219681649469, 0.000425260805059, -0.000625701388344, -0.0015149981482, 0.000569285417441, -0.000644826213829, 0.000247485993896, -0.00167622067966, 0.000588815193623, -0.00162559479941, 0.00132756098174, -0.000372892682208], [-0.000102686346509, 0.000425260805059, 0.00292566837743, -0.000978276482783, -0.00180709431879, -0.00114417332225, 0.000142931821756, -0.000808770535514, 0.000499541463796, -0.00250255875289, 0.00195778347552, -0.00183699384797, 0.00216444721445], [-0.000190476508578, -0.000625701388344, -0.000978276482783, 0.00496929418296, 0.000122229626868, -0.00186420429964, -0.00179074495099, 0.00071298511466, 0.0007105586119, 0.00108747242484, -0.00157321838196, 0.00194409454707, -0.000915767217521], [-0.000142173841596, -0.0015149981482, -0.00180709431879, 0.000122229626868, 0.00717519177124, -0.000393933412852, -0.00333741819486, -0.000614838441834, 0.000215879379539, 0.000890222843736, 0.00057325931266, -0.000377724179998, 0.000367140746675], [-9.62414487731e-05, 0.000569285417441, -0.00114417332225, -0.00186420429964, -0.000393933412852, 0.00989847443998, -0.00190863932949, -0.00465625664219, 8.31776342238e-05, 0.000823720998596, -0.00182972662151, 0.0037215333432, -0.00345326215029], [6.06445573794e-05, -0.000644826213829, 0.000142931821756, -0.00179074495099, -0.00333741819486, -0.00190863932949, 0.0148666845635, -0.00280738482252, -0.00346793583594, 0.000363768078387, 0.000163851393154, -0.000585749163292, -0.000114140471851], [0.000277148239547, 0.000247485993896, -0.000808770535514, 0.00071298511466, -0.000614838441834, -0.00465625664219, -0.00280738482252, 0.0171167515218, -0.00457988632843, -0.00262624374591, 0.000174932967639, -0.00112387968693, -0.000596509373281], [0.000110692286398, -0.00167622067966, 0.000499541463796, 0.0007105586119, 0.000215879379539, 8.31776342238e-05, -0.00346793583594, -0.00457988632843, 0.0187879968435, -0.00727213546634, -0.00440381001681, 0.0012250879081, -0.000966145191342], [-0.000215626700083, 0.000588815193623, -0.00250255875289, 0.00108747242484, 0.000890222843736, 0.000823720998596, 0.000363768078387, -0.00262624374591, -0.00727213546634, 0.0242620967329, -0.0084165642038, -0.00371348485351, 0.00148947502021], [7.61775982028e-06, -0.00162559479941, 0.00195778347552, -0.00157321838196, 0.00057325931266, -0.00182972662151, 0.000163851393154, 0.000174932967639, -0.00440381001681, -0.0084165642038, 0.0285741630942, -0.012166550383, -0.00274892849848], [-7.1462141932e-05, 0.00132756098174, -0.00183699384797, 0.00194409454707, -0.000377724179998, 0.0037215333432, -0.000585749163292, -0.00112387968693, 0.0012250879081, -0.00371348485351, -0.012166550383, 0.0335284881294, -0.0138314748183], [0.000138448784128, -0.000372892682208, 0.00216444721445, -0.000915767217521, 0.000367140746675, -0.00345326215029, -0.000114140471851, -0.000596509373281, -0.000966145191342, 0.00148947502021, -0.00274892849848, -0.0138314748183, 0.0257747415453]]
    },
    "melbands": {
        "dmean": [0.00229911692441, 0.00268858810887, 0.00104922684841, 0.000388490734622, 0.000119410513435, 0.000120651835459, 0.000190724415006, 9.02608881006e-05, 8.58910862007e-05, 5.89160663367e-05, 7.64426367823e-05, 6.36697441223e-05, 5.94419107074e-05, 5.86921523791e-05, 6.73493050272e-05, 3.23511085298e-05, 2.45004503086e-05, 1.95131087821e-05, 2.75617385341e-05, 1.63493459695e-05, 1.82601925189e-05, 1.84814161912e-05, 1.03136590042e-05, 1.33652820296e-05, 8.99278438737e-06, 7.32055104891e-06, 8.10272922536e-06, 6.39689278614e-06, 5.70286647417e-06, 5.21665742781e-06, 4.11405289924e-06, 3.71746659766e-06, 2.90363573185e-06, 2.60575529865e-06, 2.18212767322e-06, 1.95497500499e-06, 1.67945972862e-06, 1.44852856465e-06, 1.65620406278e-06, 1.89142906493e-06],
        "dmean2": [0.00262489914894, 0.00334337633103, 0.00154214957729, 0.000668153457809, 0.000190678663785, 0.000181348746992, 0.000283027358819, 0.000145123965922, 0.000127412509755, 9.10007365746e-05, 0.000122297104099, 0.000102709229395, 9.57605952863e-05, 9.43901977735e-05, 0.00010579010268, 5.08810408064e-05, 3.90942877857e-05, 3.14119934046e-05, 4.23359706474e-05, 2.58369673247e-05, 2.90781044896e-05, 2.92770509986e-05, 1.65109941008e-05, 2.1136866053e-05, 1.42189273902e-05, 1.14745735118e-05, 1.2574620996e-05, 1.00398510767e-05, 8.77546881384e-06, 8.29078180686e-06, 6.50830224913e-06, 5.85886664339e-06, 4.42481223217e-06, 3.94393327952e-06, 3.2799409837e-06, 2.94678943646e-06, 2.51796359407e-06, 2.24640712077e-06, 2.50490006692e-06, 3.0168723697e-06],
        "dvar": [1.1921452824e-05, 2.59914831986e-05, 6.07030187894e-06, 6.24628228252e-07, 6.31273593399e-08, 4.28893613957e-08, 1.41656215646e-07, 3.00602351899e-08, 3.72108495128e-08, 9.13090758559e-09, 1.25938894868e-08, 9.61103818753e-09, 1.51565693329e-08, 1.48666030597e-08, 2.40858071265e-08, 4.16375600665e-09, 1.67665514805e-09, 8.27768686928e-10, 3.02171510036e-09, 6.53057274924e-10, 1.47318524046e-09, 9.85794224029e-10, 3.56555784897e-10, 5.41983846691e-10, 2.03141489741e-10, 1.43280609599e-10, 1.74036202116e-10, 1.23380985984e-10, 9.89292398001e-11, 8.13783970766e-11, 5.27101105818e-11, 4.77857649284e-11, 2.55238642721e-11, 2.07281188741e-11, 1.64070458608e-11, 1.24070493462e-11, 9.62727553927e-12, 6.54288212151e-12, 9.78361749254e-12, 1.8661731882e-11],
        "dvar2": [1.61400821526e-05, 4.42134441982e-05, 1.18652797028e-05, 1.72621491856e-06, 1.43711091027e-07, 8.83743140889e-08, 2.57463341313e-07, 7.98319987894e-08, 6.51512266359e-08, 1.87900184301e-08, 2.87362382778e-08, 2.32863115457e-08, 3.34960148507e-08, 3.3117810716e-08, 4.86928826149e-08, 9.11320174879e-09, 3.76808539926e-09, 1.84729964658e-09, 5.98931837459e-09, 1.42703493466e-09, 3.09508263463e-09, 2.02256988935e-09, 7.37075234181e-10, 1.17436904645e-09, 4.37370334394e-10, 3.16601744821e-10, 3.703952145e-10, 2.5783705726e-10, 1.99520427957e-10, 1.88068172147e-10, 1.13710971195e-10, 1.05695348307e-10, 5.17696614744e-11, 4.23349653944e-11, 3.41173790608e-11, 2.54757291651e-11, 1.99261683542e-11, 1.41717653238e-11, 2.21886137936e-11, 4.78423828332e-11],
        "max": [0.0306614469737, 0.0444476827979, 0.0253133624792, 0.00792450644076, 0.00510958116502, 0.00475600641221, 0.011826894246, 0.00321962451562, 0.00515756616369, 0.00185822299682, 0.00182665442117, 0.00216208538041, 0.00516558811069, 0.00314880022779, 0.00570384878665, 0.00241862260737, 0.00116454064846, 0.000881656305864, 0.00231140106916, 0.000916075892746, 0.00124950462487, 0.00105330976658, 0.000634271476883, 0.000517898297403, 0.000313560740324, 0.000262736954028, 0.000351018388756, 0.000321094034007, 0.000219542896957, 0.000160102266818, 0.000145393860294, 0.000149418658111, 0.00012433786469, 0.000122558587464, 0.000128506871988, 8.45283066155e-05, 6.21005892754e-05, 3.70651796402e-05, 4.4222419092e-05, 6.73095710226e-05],
        "mean": [0.00492191174999, 0.0048217358999, 0.00123655819334, 0.000502842885908, 0.000201400776859, 0.000267175404588, 0.000406221312005, 0.000159335046192, 0.000189420010429, 0.000116986644571, 0.000128940868308, 0.000112249232188, 0.000100991710497, 9.1986694315e-05, 0.000113986687211, 5.7203014876e-05, 4.62970310764e-05, 3.63543367712e-05, 5.26411313331e-05, 3.06932306557e-05, 3.17469202855e-05, 3.22122505167e-05, 2.00809172384e-05, 2.52929130511e-05, 1.71648480318e-05, 1.45583690028e-05, 1.55301622726e-05, 1.27307785078e-05, 1.16768997032e-05, 1.01999312392e-05, 8.66321261128e-06, 7.46860769141e-06, 6.22394236416e-06, 5.66583594264e-06, 4.75372826259e-06, 4.13413999922e-06, 3.47363243236e-06, 2.93884409075e-06, 2.79899632005e-06, 2.97917267744e-06],
        "median": [0.0010483940132, 0.00156453833915, 0.000244161230512, 0.000204972107895, 5.51191333216e-05, 0.000113321773824, 0.00016048894031, 6.06117282587e-05, 5.8944155171e-05, 5.04821837239e-05, 6.9568042818e-05, 6.39793579467e-05, 4.55102272099e-05, 3.98981792387e-05, 3.43422580045e-05, 2.62193443632e-05, 2.58834752458e-05, 2.28677599807e-05, 2.06909171538e-05, 1.76915509655e-05, 1.58094189828e-05, 1.49491679622e-05, 1.03270394902e-05, 1.21615194075e-05, 9.13845360628e-06, 7.8817265603e-06, 7.71056147642e-06, 6.02620093559e-06, 5.73001307203e-06, 4.92199296787e-06, 4.24786412623e-06, 3.13937835017e-06, 2.67419204647e-06, 2.41253974309e-06, 2.04752723221e-06, 1.75605441655e-06, 1.45262345086e-06, 1.23340021219e-06, 1.00547651982e-06, 7.92030959929e-07],
        "min": [6.56764411148e-24, 6.88005511805e-24, 3.2083525218e-24, 3.05246670439e-24, 2.33286798387e-24, 1.99244531541e-24, 2.80139278864e-24, 3.89860896931e-24, 6.30197942443e-24, 6.75735332627e-24, 2.47321974954e-24, 3.63776658897e-24, 1.93768653567e-24, 6.25716818071e-24, 7.78892622164e-24, 7.17407067717e-24, 5.08924186116e-24, 8.8002324915e-24, 8.35634203786e-24, 1.01339225475e-23, 8.41276058094e-24, 3.99165235207e-24, 6.48101929548e-24, 8.80549340488e-24, 7.2803042087e-24, 7.92090817311e-24, 1.02808494688e-23, 7.57126056523e-24, 7.21000329141e-24, 7.63691272521e-24, 6.25751015191e-24, 6.61615235183e-24, 8.28908296822e-24, 6.78810075777e-24, 5.73919540502e-24, 1.22294881549e-23, 7.18694488715e-24, 7.15030860899e-24, 1.25744475624e-23, 1.08961049658e-23],
        "var": [5.18673223269e-05, 6.0555885284e-05, 7.32445232643e-06, 5.78516221594e-07, 1.44273585079e-07, 1.54127846486e-07, 4.88211185257e-07, 6.68239010793e-08, 1.87999887657e-07, 3.13403134555e-08, 2.72017128822e-08, 2.11865422983e-08, 3.88199730139e-08, 3.19781960911e-08, 7.35491951787e-08, 1.0213710766e-08, 4.44069980787e-09, 2.02591521337e-09, 1.06934328059e-08, 1.78089110126e-09, 3.47915363186e-09, 3.12592440821e-09, 1.3058469861e-09, 1.54529899987e-09, 5.15445575111e-10, 3.92057136755e-10, 5.14104814275e-10, 3.38872485628e-10, 3.0775712534e-10, 1.91907156832e-10, 1.4864887099e-10, 1.36897493341e-10, 8.18200646124e-11, 6.54436158043e-11, 5.0564621934e-11, 3.88169670018e-11, 2.74193341643e-11, 1.65353408049e-11, 1.70998042115e-11, 3.20340212689e-11]
    },
    "mfcc": {
        "mean": [-615.840087891, 92.6438522339, -2.81178665161, 14.4440765381, 1.05664551258, 6.80980825424, 3.39536237717, 6.41443443298, 2.62908625603, 2.63207912445, 0.9003662467, 2.6296620369, 2.21350860596],
        "cov": [[6401.00390625, -689.1796875, 456.856719971, 288.222961426, 160.851699829, 221.730255127, 126.159667969, -120.377120972, -78.2132492065, -114.204650879, -109.786872864, -97.5165863037, -100.943534851], [-689.1796875, 958.024475098, 21.0399208069, 204.537857056, 218.01159668, 148.33354187, 147.579238892, 186.636184692, 169.727584839, 187.376373291, 164.183792114, 137.81980896, 125.419158936], [456.856719971, 21.0399208069, 600.648803711, 197.092086792, 239.706451416, 193.20753479, 187.558731079, 117.987098694, 140.023345947, 108.665435791, 102.252120972, 74.6766586304, 65.5054244995], [288.222961426, 204.537857056, 197.092086792, 317.306060791, 169.658081055, 158.349212646, 144.25239563, 106.577308655, 96.9428787231, 88.6662979126, 71.3112258911, 56.8132591248, 50.9195632935], [160.851699829, 218.01159668, 239.706451416, 169.658081055, 275.566711426, 160.639297485, 166.838134766, 127.412727356, 126.711090088, 103.032722473, 92.5452804565, 67.8405914307, 62.0616569519], [221.730255127, 148.33354187, 193.20753479, 158.349212646, 160.639297485, 200.255203247, 145.869384766, 109.54360199, 104.425674438, 88.0688323975, 70.9695358276, 57.3568763733, 46.7017097473], [126.159667969, 147.579238892, 187.558731079, 144.25239563, 166.838134766, 145.869384766, 195.867599487, 124.196029663, 114.423629761, 86.0713272095, 70.2403106689, 56.452381134, 53.9287796021], [-120.377120972, 186.636184692, 117.987098694, 106.577308655, 127.412727356, 109.54360199, 124.196029663, 156.138519287, 113.54083252, 95.8573226929, 73.3675918579, 63.8181533813, 58.1798095703], [-78.2132492065, 169.727584839, 140.023345947, 96.9428787231, 126.711090088, 104.425674438, 114.423629761, 113.54083252, 140.805999756, 100.423622131, 80.4788284302, 60.030670166, 56.2429428101], [-114.204650879, 187.376373291, 108.665435791, 88.6662979126, 103.032722473, 88.0688323975, 86.0713272095, 95.8573226929, 100.423622131, 129.896575928, 89.3953475952, 63.4274253845, 52.8767089844], [-109.786872864, 164.183792114, 102.252120972, 71.3112258911, 92.5452804565, 70.9695358276, 70.2403106689, 73.3675918579, 80.4788284302, 89.3953475952, 111.44744873, 74.0961685181, 55.8094100952], [-97.5165863037, 137.81980896, 74.6766586304, 56.8132591248, 67.8405914307, 57.3568763733, 56.452381134, 63.8181533813, 60.030670166, 63.4274253845, 74.0961685181, 87.0148773193, 64.6705322266], [-100.943534851, 125.419158936, 65.5054244995, 50.9195632935, 62.0616569519, 46.7017097473, 53.9287796021, 58.1798095703, 56.2429428101, 52.8767089844, 55.8094100952, 64.6705322266, 85.8413238525]],
