{
"lowlevel": {
    "average_loudness": 0.948598384857,
    "barkbands_crest": {
        "dmean": 3.04601836205,
        "dmean2": 4.84957647324,
        "dvar": 8.19056987762,
        "dvar2": 20.3615379333,
        "max": 25.9151077271,
        "mean": 11.2602443695,
        "median": 10.1484622955,
        "min": 2.5963344574,
        "var": 24.6979827881
    },
    "barkbands_flatness_db": {
        "dmean": 0.0254939869046,
        "dmean2": 0.039727140218,
        "dvar": 0.000773092964664,
        "dvar2": 0.00172608264256,
        "max": 0.480985641479,
        "mean": 0.15304748714,
        "median": 0.134451791644,
        "min": 0.0282077696174,
        "var": 0.00625479035079
    },
    "barkbands_kurtosis": {
        "dmean": 4.35401296616,
        "dmean2": 6.8090763092,
        "dvar": 97.2703857422,
        "dvar2": 214.484710693,
        "max": 275.206237793,
        "mean": 4.90801095963,
        "median": 0.710099339485,
        "min": -1.87266349792,
        "var": 178.306259155
    },
    "barkbands_skewness": {
        "dmean": 0.711854755878,
        "dmean2": 1.0804656744,
        "dvar": 0.736892819405,
        "dvar2": 1.6123650074,
        "max": 14.6258010864,
        "mean": 1.58196890354,
        "median": 1.18472361565,
        "min": -2.77172732353,
        "var": 2.66166186333
    },
    "barkbands_spread": {
        "dmean": 8.76566505432,
        "dmean2": 13.6611604691,
        "dvar": 122.140144348,
        "dvar2": 287.651245117,
        "max": 98.4832687378,
        "mean": 31.5488872528,
        "median": 26.6378097534,
        "min": 0.341456860304,
        "var": 438.997039795
    },
    "dissonance": {
        "dmean": 0.0160007756203,
        "dmean2": 0.0273736063391,
        "dvar": 0.000395280425437,
        "dvar2": 0.00110926409252,
        "max": 0.5,
        "mean": 0.468447744846,
        "median": 0.475339114666,
        "min": 0.168935567141,
        "var": 0.000721213000361
    },
    "dynamic_complexity": 2.26950454712,
    "erbbands_crest": {
        "dmean": 2.316624403,
        "dmean2": 3.65489649773,
        "dvar": 5.50853681564,
        "dvar2": 13.3290424347,
        "max": 29.8465843201,
        "mean": 8.32765483856,
        "median": 7.24065971375,
        "min": 2.06911563873,
        "var": 21.121509552
    },
    "erbbands_flatness_db": {
        "dmean": 0.0115515394136,
        "dmean2": 0.0174814946949,
        "dvar": 0.000146077742102,
        "dvar2": 0.000311773590511,
        "max": 0.440607905388,
        "mean": 0.161172389984,
        "median": 0.113245740533,
        "min": 0.0420052818954,
        "var": 0.00882902182639
    },
    "erbbands_kurtosis": {
        "dmean": 0.708683013916,
        "dmean2": 1.10302114487,
        "dvar": 3.22344994545,
        "dvar2": 7.67161560059,
        "max": 53.0858840942,
        "mean": -0.242954045534,
        "median": -0.735480904579,
        "min": -1.76062917709,
        "var": 4.43900728226
    },
    "erbbands_skewness": {
        "dmean": 0.353596538305,
        "dmean2": 0.526322841644,
        "dvar": 0.153185591102,
        "dvar2": 0.318796485662,
        "max": 6.6361374855,
        "mean": 0.0550828240812,
        "median": 0.057961858809,
        "min": -2.7934012413,
        "var": 0.50506913662
    },
    "erbbands_spread": {
        "dmean": 10.0685987473,
        "dmean2": 15.1313428879,
        "dvar": 133.923675537,
        "dvar2": 294.54699707,
        "max": 163.684417725,
        "mean": 56.377204895,
        "median": 60.5477218628,
        "min": 2.08741092682,
        "var": 986.282897949
    },
    "hfc": {
        "dmean": 16.1107158661,
        "dmean2": 24.7208137512,
        "dvar": 467.555175781,
        "dvar2": 1041.7364502,
        "max": 212.659317017,
        "mean": 45.3766403198,
        "median": 36.8420829773,
        "min": 1.18037813143e-16,
        "var": 1069.29980469
    },
    "melbands_crest": {
        "dmean": 3.27206778526,
        "dmean2": 5.25138139725,
        "dvar": 8.99599075317,
        "dvar2": 21.4685592651,
        "max": 35.2183570862,
        "mean": 15.5513248444,
        "median": 15.3665542603,
        "min": 2.22152280807,
        "var": 31.454536438
    },
    "melbands_flatness_db": {
        "dmean": 0.0316029414535,
        "dmean2": 0.0482745915651,
        "dvar": 0.00132316711824,
        "dvar2": 0.002841319656,
        "max": 0.605677366257,
        "mean": 0.212200477719,
        "median": 0.206780970097,
        "min": 0.00591298891231,
        "var": 0.00925036333501
    },
    "melbands_kurtosis": {
        "dmean": 15.3405923843,
        "dmean2": 24.3392543793,
        "dvar": 1057.44104004,
        "dvar2": 2357.67114258,
        "max": 636.56854248,
        "mean": 25.6692199707,
        "median": 9.61631393433,
        "min": -1.78575706482,
        "var": 2347.25073242
    },
    "melbands_skewness": {
        "dmean": 1.04094076157,
        "dmean2": 1.61473405361,
        "dvar": 1.88289403915,
        "dvar2": 4.17592334747,
        "max": 21.1865463257,
        "mean": 3.4450340271,
        "median": 2.87711763382,
        "min": -1.4244478941,
        "var": 7.17631721497
    },
    "melbands_spread": {
        "dmean": 9.87478637695,
        "dmean2": 15.2114467621,
        "dvar": 166.662368774,
        "dvar2": 372.555786133,
        "max": 200.659667969,
        "mean": 27.856584549,
        "median": 21.9438705444,
        "min": 0.516541302204,
        "var": 535.051147461
    },
    "pitch_salience": {
        "dmean": 0.0829372182488,
        "dmean2": 0.130987480283,
        "dvar": 0.0067773219198,
        "dvar2": 0.014934788458,
        "max": 0.924961209297,
        "mean": 0.506538331509,
        "median": 0.525580048561,
        "min": 0.0919694676995,
        "var": 0.01891387254
    },
    "silence_rate_20dB": {
        "dmean": 0,
        "dmean2": 0,
        "dvar": 0,
        "dvar2": 0,
        "max": 1,
        "mean": 1,
        "median": 1,
        "min": 1,
        "var": 0
    },
    "silence_rate_30dB": {
        "dmean": 0.0437212772667,
        "dmean2": 0.08745341748,
        "dvar": 0.0418108031154,
        "dvar2": 0.0964481160045,
        "max": 1,
        "mean": 0.960134148598,
        "median": 1,
        "min": 0,
        "var": 0.0382748022676
    },
    "silence_rate_60dB": {
        "dmean": 0.000993665424176,
        "dmean2": 0.00186335400213,
        "dvar": 0.000992658780888,
        "dvar2": 0.00185995234642,
        "max": 1,
        "mean": 0.0255837067962,
        "median": 0,
        "min": 0,
        "var": 0.0249291546643
    },
    "spectral_centroid": {
        "dmean": 288.86315918,
        "dmean2": 444.640228271,
        "dvar": 139334.171875,
        "dvar2": 311352.9375,
        "max": 11109.1123047,
        "mean": 1415.51745605,
        "median": 1301.2565918,
        "min": 175.761657715,
        "var": 479492.5
    },
    "spectral_complexity": {
        "dmean": 5.04856538773,
        "dmean2": 7.78360271454,
        "dvar": 30.4678840637,
        "dvar2": 66.3474121094,
        "max": 57,
        "mean": 24.4189014435,
        "median": 24,
        "min": 0,
        "var": 118.768959045
    },
    "spectral_decrease": {
        "dmean": 4.32550706364e-09,
        "dmean2": 6.94114099531e-09,
        "dvar": 3.14448640133e-17,
        "dvar2": 7.53742922201e-17,
        "max": -1.00474549455e-28,
        "mean": -1.17629648244e-08,
        "median": -1.02348378661e-08,
        "min": -6.93489496939e-08,
        "var": 6.13047374765e-17
    },
    "spectral_energy": {
        "dmean": 0.0168694127351,
        "dmean2": 0.0268867556006,
        "dvar": 0.000448020582553,
        "dvar2": 0.00106508668978,
        "max": 0.264992415905,
        "mean": 0.0485119111836,
        "median": 0.0434390455484,
        "min": 1.10855700313e-20,
        "var": 0.000884428038262
    },
    "spectral_energyband_high": {
        "dmean": 0.00145793857519,
        "dmean2": 0.00222683581524,
        "dvar": 6.01082319918e-06,
        "dvar2": 1.3540292457e-05,
        "max": 0.0288480259478,
        "mean": 0.00337117584422,
        "median": 0.00219109561294,
        "min": 7.7269017048e-21,
        "var": 1.53173259605e-05
    },
    "spectral_energyband_low": {
        "dmean": 0.0127865364775,
        "dmean2": 0.0208969637752,
        "dvar": 0.000444747129222,
        "dvar2": 0.00108216237277,
        "max": 0.24629175663,
        "mean": 0.0231680329889,
        "median": 0.0128635866567,
        "min": 1.03526211384e-22,
        "var": 0.000808306329418
    },
    "spectral_energyband_middle_high": {
        "dmean": 0.00252523948438,
        "dmean2": 0.00407996959984,
        "dvar": 1.43715178638e-05,
        "dvar2": 3.6642930354e-05,
        "max": 0.0553065389395,
        "mean": 0.0063261622563,
        "median": 0.00489794462919,
        "min": 1.84673827282e-21,
        "var": 3.13328200718e-05
    },
    "spectral_energyband_middle_low": {
        "dmean": 0.00769366696477,
        "dmean2": 0.0123015986755,
        "dvar": 0.000184219825314,
        "dvar2": 0.000465366785647,
        "max": 0.213474586606,
        "mean": 0.0172815341502,
        "median": 0.0136649655178,
        "min": 4.23386418863e-22,
        "var": 0.000239369168412
    },
    "spectral_entropy": {
        "dmean": 0.146915495396,
        "dmean2": 0.227384001017,
        "dvar": 0.0309764724225,
        "dvar2": 0.0625511780381,
        "max": 9.80456829071,
        "mean": 7.74058866501,
        "median": 8.04564666748,
        "min": 4.38990592957,
        "var": 0.537131071091
    },
    "spectral_flux": {
        "dmean": 0.040030553937,
        "dmean2": 0.0606114305556,
        "dvar": 0.00174221559428,
        "dvar2": 0.00353586999699,
        "max": 0.435180157423,
        "mean": 0.112662479281,
        "median": 0.0978515967727,
        "min": 1.05288035235e-10,
        "var": 0.00424666563049
    },
    "spectral_kurtosis": {
        "dmean": 3.78596496582,
        "dmean2": 6.4744682312,
        "dvar": 69.7580718994,
        "dvar2": 202.685623169,
        "max": 134.234329224,
        "mean": 8.04327964783,
        "median": 1.25096011162,
        "min": -1.18624746799,
        "var": 247.213638306
    },
    "spectral_rms": {
        "dmean": 0.00111506588291,
        "dmean2": 0.00173808832187,
        "dvar": 1.40916290547e-06,
        "dvar2": 3.25326800521e-06,
        "max": 0.0160788428038,
        "mean": 0.00653371913359,
        "median": 0.00650995830074,
        "min": 3.28864561451e-12,
        "var": 4.63925834993e-06
    },
    "spectral_rolloff": {
        "dmean": 998.531982422,
        "dmean2": 1626.8848877,
        "dvar": 2785724.5,
        "dvar2": 5841440,
        "max": 18604.6875,
        "mean": 2477.12451172,
        "median": 1313.52539062,
        "min": 43.06640625,
        "var": 7785290.5
    },
    "spectral_skewness": {
        "dmean": 0.325855344534,
        "dmean2": 0.534820735455,
        "dvar": 0.270899116993,
        "dvar2": 0.80043643713,
        "max": 8.84204101562,
        "mean": 1.58322477341,
        "median": 1.16231644154,
        "min": 0.000586425245274,
        "var": 1.37433421612
    },
    "spectral_spread": {
        "dmean": 484937.9375,
        "dmean2": 747775.9375,
        "dvar": 424599912448,
        "dvar2": 738968862720,
        "max": 40602256,
        "mean": 5960602,
        "median": 7265587.5,
        "min": 551542.375,
        "var": 9.96937406874e+12
    },
    "spectral_strongpeak": {
        "dmean": 0.454470813274,
        "dmean2": 0.771254479885,
        "dvar": 0.664030730724,
        "dvar2": 1.75123620033,
        "max": 11.0864868164,
        "mean": 1.04564547539,
        "median": 0.631360650063,
        "min": 0,
        "var": 1.31065893173
    },
    "zerocrossingrate": {
        "dmean": 0.0163957811892,
        "dmean2": 0.0173512101173,
        "dvar": 0.000333251024131,
        "dvar2": 0.000331637042109,
        "max": 0.80078125,
        "mean": 0.0847739800811,
        "median": 0.06640625,
        "min": 0.00537109375,
        "var": 0.00349427340552
    },
    "barkbands": {
        "dmean": [0.000330787908752, 0.00910477992147, 0.00586102204397, 0.0030948582571, 0.00307806325145, 0.00210756040178, 0.000657078111544, 0.000835528306197, 0.00103572383523, 0.000669430242851, 0.000362524529919, 0.000446767167887, 0.000534360471647, 0.000778906920459, 0.000392380869016, 0.000221036127186, 0.000256983039435, 0.000136065747938, 0.000145528101712, 0.00013949078857, 0.000186960111023, 0.000242065420025, 0.000297594146105, 0.000404758524382, 0.000440366449766, 3.58370052709e-05, 7.88627767179e-06],
        "dmean2": [0.00051705079386, 0.0151076801121, 0.00892840046436, 0.0053197927773, 0.00525739276782, 0.00330238859169, 0.00112194125541, 0.00120152183808, 0.00149391230661, 0.00100069004111, 0.000606049841736, 0.000741032825317, 0.000887798669282, 0.00129392289091, 0.000648379384074, 0.000364345090929, 0.000437178940047, 0.000218137327465, 0.000237004598603, 0.000229334633332, 0.000306536065182, 0.000405703875003, 0.000459543021861, 0.000614913878962, 0.000701818615198, 5.49771793885e-05, 1.28114279505e-05],
        "dvar": [2.84460202238e-06, 0.000201695045689, 0.000221758353291, 7.33216002118e-05, 6.23634405201e-05, 1.80422994163e-05, 2.96370376418e-06, 2.99775638268e-06, 4.62267507828e-06, 2.84301540887e-06, 1.10416840471e-06, 1.22567269045e-06, 1.81578468528e-06, 4.04618685934e-06, 5.9233951788e-07, 1.69816019024e-07, 2.14765549345e-07, 4.17814547404e-08, 4.64544562817e-08, 5.07058430799e-08, 1.01034764555e-07, 1.56444102117e-07, 2.47754911697e-07, 4.22794443011e-07, 6.45484021788e-07, 4.27413127113e-09, 4.25341345478e-10],
        "dvar2": [6.98614712746e-06, 0.000502306385897, 0.000513279286679, 0.00018828814791, 0.000158745446242, 4.76107488794e-05, 8.03343846201e-06, 5.2071573009e-06, 7.59197973821e-06, 5.92046853853e-06, 3.07696700474e-06, 3.3047715533e-06, 4.94585037814e-06, 1.11456192826e-05, 1.48195590555e-06, 4.3062479449e-07, 5.76488275783e-07, 9.80971606168e-08, 1.12698288035e-07, 1.29912606894e-07, 2.58749054183e-07, 4.07135928526e-07, 5.657415727e-07, 8.63574257437e-07, 1.48837443703e-06, 9.85853887414e-09, 1.01616848269e-09],
        "max": [0.0496833920479, 0.128446370363, 0.193946421146, 0.113665886223, 0.207814589143, 0.10587733984, 0.0373226515949, 0.0444076061249, 0.0678195878863, 0.0520600266755, 0.0494081415236, 0.0282027404755, 0.035352986306, 0.0321801528335, 0.0147223621607, 0.0105102593079, 0.0116098970175, 0.00458915438503, 0.00420277193189, 0.00780684966594, 0.00660541048273, 0.00899202469736, 0.00545216025785, 0.00699517084286, 0.00746178394184, 0.00159053562675, 0.000697830051649],
        "mean": [0.000746998586692, 0.0154001973569, 0.0057944576256, 0.00297055696137, 0.00411619339138, 0.00474044354632, 0.00101682473905, 0.00149035488721, 0.00210946868174, 0.00124571716879, 0.000563311739825, 0.00070855760714, 0.000779112859163, 0.00121109676547, 0.000637445715256, 0.000429819658166, 0.000450801540865, 0.000271678203717, 0.000301400490571, 0.000305242021568, 0.000380737532396, 0.000442158459919, 0.00057304528309, 0.000880686508026, 0.000840171705931, 9.14891206776e-05, 1.39930061778e-05],
        "median": [5.46472656424e-05, 0.00691905338317, 0.000872304139193, 0.000972211710177, 0.00203488906845, 0.00302689149976, 0.000362328311894, 0.000352677830961, 0.000583659217227, 0.000400727789383, 0.000244828901486, 0.000352653005393, 0.00035784492502, 0.000419430085458, 0.000292237789836, 0.000226206408115, 0.000285157351755, 0.00017941070837, 0.000199025176698, 0.000204554729862, 0.000210966623854, 0.000243418195168, 0.000296333368169, 0.000482125004055, 0.000380149576813, 4.78550209664e-05, 5.11794951308e-07],
        "min": [3.40496663609e-23, 5.69143200713e-23, 1.43008538762e-23, 3.42450861398e-23, 5.71389687245e-23, 3.10601990745e-23, 1.66518540647e-22, 2.31186968986e-23, 7.39741755205e-23, 1.34650819373e-22, 7.17613260181e-23, 9.06798134906e-23, 5.11487881506e-23, 1.31493697057e-22, 1.89193179853e-22, 3.52239344122e-22, 8.32969968073e-23, 2.53846275892e-22, 2.56899028756e-22, 4.0340746252e-22, 5.22372281353e-22, 5.12267238215e-22, 6.50599614635e-22, 8.4756154717e-22, 1.1028436004e-21, 1.72168274098e-21, 2.44749677193e-21],
        "var": [1.43268371176e-05, 0.000385194725823, 0.00021469577041, 5.49874457647e-05, 6.87916908646e-05, 3.04284076265e-05, 3.79776975024e-06, 1.00319894045e-05, 2.28249300562e-05, 8.23619393486e-06, 1.1061274563e-06, 1.41366922435e-06, 2.05082710636e-06, 6.63917444399e-06, 1.06706681891e-06, 4.6465692094e-07, 4.12248766679e-07, 1.04255065025e-07, 1.21931392982e-07, 1.3626215889e-07, 2.43184388182e-07, 3.39430499707e-07, 5.37514210919e-07, 1.21582706925e-06, 1.2550434576e-06, 1.94380316287e-08, 1.14987852573e-09]
    },
    "erbbands": {
        "dmean": [0.197226643562, 2.32279753685, 6.00616025925, 7.25970888138, 10.9695119858, 10.987868309, 12.6093482971, 17.5165615082, 13.12895298, 9.57419967651, 20.7009868622, 25.0560741425, 26.1331691742, 11.1467037201, 14.0929460526, 21.012878418, 25.5348720551, 41.0265274048, 19.6025886536, 19.6940612793, 11.8413438797, 11.9220867157, 7.48193740845, 7.47978067398, 7.6360874176, 6.37431383133, 6.75856304169, 8.03150939941, 8.33431243896, 9.14977359772, 8.86613368988, 8.10413265228, 7.69405555725, 7.2039809227, 1.80069124699, 0.263879448175, 0.0525384657085, 0.0159169510007, 0.00099153642077, 3.35316617566e-05],
        "dmean2": [0.304127007723, 3.87410783768, 8.891913414, 11.7199411392, 19.7161388397, 18.4976406097, 18.4038829803, 28.1133880615, 22.0044631958, 15.3463754654, 29.4577121735, 36.2820320129, 38.198184967, 17.7165737152, 23.3582077026, 34.6895484924, 42.3312110901, 68.176574707, 32.5956764221, 32.5008964539, 19.1959953308, 20.4496536255, 11.8538341522, 12.0651655197, 12.6686410904, 10.3507852554, 11.0371952057, 13.1899290085, 13.904835701, 15.0602502823, 13.5716772079, 12.8426246643, 11.8290510178, 11.5826482773, 2.83540272713, 0.398105293512, 0.0832945108414, 0.0260144937783, 0.00157915684395, 5.24275601492e-05],
        "dvar": [0.106141246855, 13.0989198685, 191.095947266, 346.429046631, 938.514343262, 1577.42529297, 559.793640137, 1617.33996582, 1275.58752441, 590.230285645, 1749.46276855, 3029.14575195, 4398.30371094, 525.789245605, 1712.35803223, 2842.30029297, 4242.87792969, 11247.0683594, 1844.87036133, 1576.98632812, 499.059936523, 445.127716064, 136.013198853, 135.082138062, 151.982849121, 99.3757247925, 131.612014771, 189.895126343, 174.655990601, 238.946655273, 231.979385376, 164.919189453, 151.501983643, 171.246231079, 11.3473148346, 0.204554468393, 0.0118255782872, 0.00157132884488, 7.56397275836e-06, 2.33278019124e-09],
        "dvar2": [0.256792128086, 33.0133247375, 419.369506836, 756.485473633, 2594.68139648, 4013.51123047, 1187.25720215, 4358.53173828, 3402.72119141, 1408.28173828, 2943.19482422, 5368.60107422, 8842.93847656, 1274.90356445, 4783.29492188, 7708.30419922, 11511.9912109, 30944.4765625, 4755.90917969, 4040.42236328, 1200.54846191, 1214.86987305, 315.284759521, 333.868621826, 389.817687988, 253.325027466, 336.604217529, 486.572692871, 452.768768311, 608.045776367, 522.271789551, 385.908843994, 318.320526123, 395.751434326, 25.8293972015, 0.472016721964, 0.0285223405808, 0.00408316170797, 1.67258021975e-05, 5.3949094081e-09],
        "max": [4.13776922226, 36.013053894, 168.986785889, 238.666763306, 440.808349609, 1240.11975098, 496.345184326, 1013.60925293, 707.875610352, 702.659423828, 1214.70788574, 1914.90454102, 2014.10217285, 604.296691895, 1630.24145508, 1376.95788574, 1738.66748047, 2102.44824219, 833.633361816, 722.682861328, 722.77557373, 502.05166626, 370.351531982, 250.139709473, 245.093994141, 286.314910889, 356.996246338, 279.788330078, 292.246520996, 256.741973877, 172.111480713, 155.289962769, 114.12084198, 120.650665283, 36.7237319946, 9.18161201477, 2.48186039925, 0.912349939346, 0.119943410158, 0.00163791084196],
        "mean": [0.316690295935, 3.86688446999, 7.83141422272, 8.01924419403, 9.85729789734, 15.2933063507, 29.2312431335, 36.4095153809, 22.3538246155, 17.0680599213, 38.5749473572, 51.2191238403, 53.7603263855, 22.4127693176, 24.4375476837, 33.8801727295, 38.2167510986, 62.9101829529, 35.063079834, 33.8763122559, 26.2662830353, 21.5117435455, 15.6085605621, 15.6227531433, 15.2411527634, 14.5403318405, 14.4425058365, 15.2448539734, 15.6534023285, 16.4020271301, 16.9475917816, 15.970662117, 16.0551948547, 13.4150972366, 3.56221747398, 0.62994158268, 0.135659381747, 0.0321020521224, 0.00198502745479, 0.000106454499473],
        "median": [0.113862678409, 1.57959282398, 1.68751883507, 2.91943788528, 3.6260766983, 7.00518035889, 15.6628608704, 18.2694664001, 6.76735877991, 6.71821022034, 13.8293905258, 17.9096794128, 15.2411775589, 12.6180562973, 13.6074581146, 17.7017097473, 18.5816917419, 23.2530403137, 16.1222362518, 16.092338562, 14.8412380219, 14.8319454193, 10.6174278259, 9.89764785767, 10.0815677643, 9.80780982971, 8.0649728775, 8.52100563049, 8.70050430298, 8.28058433533, 8.73143196106, 9.08194732666, 8.11948013306, 5.66922092438, 1.78607785702, 0.359145462513, 0.0592790059745, 0.00546526536345, 0.000233780927374, 8.99395672604e-05],
        "min": [1.92350834809e-21, 1.15091349725e-20, 2.19001333987e-20, 6.1815724164e-20, 1.16828443552e-19, 2.88074333718e-19, 2.27168585776e-19, 3.0490761428e-19, 1.23051915251e-18, 2.61596985414e-18, 6.05140262231e-19, 2.02900766135e-18, 3.98614863031e-18, 2.63875888681e-18, 3.55022527467e-18, 3.05429244714e-18, 2.33422117736e-18, 6.23348958036e-18, 8.82314020177e-18, 1.37292435406e-17, 1.73105079406e-17, 6.91819040036e-18, 1.34041061388e-17, 1.10780221439e-17, 1.74957566931e-17, 1.63807420428e-17, 1.57941436027e-17, 2.24865608451e-17, 1.86206908933e-17, 1.90737625302e-17, 2.07410095749e-17, 2.02532244764e-17, 1.22809106722e-17, 9.74182353368e-18, 9.38801522464e-18, 6.16336368957e-18, 3.42510572842e-18, 1.56997908325e-18, 2.97964286067e-19, 3.40110947735e-20],
        "var": [0.211588516831, 24.8833942413, 231.702453613, 337.199066162, 598.264953613, 1785.1171875, 1521.6932373, 2454.00366211, 1845.25256348, 1571.91430664, 5940.84375, 12398.4785156, 16123.3583984, 964.891418457, 1696.80566406, 3177.64672852, 4832.81005859, 16982.2988281, 3437.15527344, 3031.57250977, 1620.73864746, 736.295837402, 361.118011475, 343.82333374, 314.206207275, 302.042541504, 359.382873535, 419.408630371, 405.630310059, 474.947570801, 480.463317871, 381.280273438, 429.659118652, 326.547058105, 22.7802009583, 0.721035778522, 0.0543011464179, 0.00357784400694, 2.67872910626e-05, 8.30996160772e-09]
    },
    "gfcc": {
        "mean": [18.082567215, 90.9311065674, -113.846954346, 28.0420703888, -57.45337677, 19.5853481293, -39.5754203796, 6.20644950867, -19.3169670105, 0.909181952477, -9.6833820343, -2.62895655632, -3.71198248863],
        "cov": [[15272.4169922, -4388.86767578, 2186.35595703, 2324.18994141, -1046.6138916, 1710.23095703, -421.222198486, 1011.7333374, -543.91607666, 497.637023926, -224.402008057, 320.486785889, -142.82131958], [-4388.86767578, 5554.30126953, -1854.48620605, -1161.50158691, 1739.73059082, -1014.73217773, 745.103820801, -872.451721191, 847.371582031, -427.977142334, 299.717010498, -410.694000244, 269.765960693], [2186.35595703, -1854.48620605, 1727.75463867, 797.609008789, -415.116729736, 734.979064941, -142.090560913, 543.74017334, -316.899841309, 251.424575806, -118.198280334, 145.642868042, -123.100769043], [2324.18994141, -1161.50158691, 797.609008789, 872.053466797, -205.983291626, 540.551513672, -77.1170043945, 348.974334717, -135.953125, 129.295837402, -47.8104820251, 78.8275299072, -55.7493057251], [-1046.6138916, 1739.73059082, -415.116729736, -205.983291626, 914.158752441, -211.832504272, 342.300476074, -205.14666748, 315.626831055, -81.5938262939, 74.5286331177, -116.941650391, 43.1400909424], [1710.23095703, -1014.73217773, 734.979064941, 540.551513672, -211.832504272, 523.43762207, -39.2785568237, 316.31463623, -131.22253418, 138.675537109, -38.5415649414, 64.8468093872, -44.8324623108], [-421.222198486, 745.103820801, -142.090560913, -77.1170043945, 342.300476074, -39.2785568237, 233.043777466, -45.4521446228, 151.704711914, -29.2851371765, 38.9967460632, -52.0380401611, 16.2642002106], [1011.7333374, -872.451721191, 543.74017334, 348.974334717, -205.14666748, 316.31463623, -45.4521446228, 308.235107422, -93.7180709839, 130.201049805, -35.4748916626, 80.937210083, -36.2097206116], [-543.91607666, 847.371582031, -316.899841309, -135.953125, 315.626831055, -131.22253418, 151.704711914, -93.7180709839, 209.345977783, -21.1447582245, 71.8444213867, -52.4720993042, 54.3071746826], [497.637023926, -427.977142334, 251.424575806, 129.295837402, -81.5938262939, 138.675537109, -29.2851371765, 130.201049805, -21.1447582245, 125.724899292, 18.3123817444, 63.487285614, -8.10172843933], [-224.402008057, 299.717010498, -118.198280334, -47.8104820251, 74.5286331177, -38.5415649414, 38.9967460632, -35.4748916626, 71.8444213867, 18.3123817444, 85.6268997192, 18.1132068634, 49.407497406], [320.486785889, -410.694000244, 145.642868042, 78.8275299072, -116.941650391, 64.8468093872, -52.0380401611, 80.937210083, -52.4720993042, 63.487285614, 18.1132068634, 98.4499511719, 18.0266170502], [-142.82131958, 269.765960693, -123.100769043, -55.7493057251, 43.1400909424, -44.8324623108, 16.2642002106, -36.2097206116, 54.3071746826, -8.10172843933, 49.407497406, 18.0266170502, 84.9617614746]],
        "icov": [[0.000131336855702, -3.02132666548e-05, 9.87475796137e-05, -0.000267072202405, 7.14946290827e-05, -0.000327474845108, 4.62210373371e-05, 0.000252923346125, -5.51714620087e-05, -0.000352900999133, 0.000532893114723, -0.000253923702985, -8.00202105893e-05], [-3.02132666548e-05, 0.00253210309893, -0.000796545180492, 0.000646728731226, -0.00189152185339, 0.00170247419737, -0.00154920388013, 0.000504883180838, -0.00168383447453, 0.00322188762948, -0.00477643031627, 0.00524621782824, -0.0034017553553], [9.87475796137e-05, -0.000796545180492, 0.00248382519931, -0.000662817503326, 4.21769000241e-05, -0.00181926216464, 0.000151332307723, -0.00130613555666, 0.00328211137094, -0.0030867762398, 0.00234627374448, -0.00122324109543, 0.000794858264271], [-0.000267072202405, 0.000646728731226, -0.000662817503326, 0.00458499277011, -0.00117534189485, -0.00304298731498, 0.00214409315959, -0.00157782179303, -0.00278449850157, 0.00482052052394, -0.00267091975547, -0.000430882704677, 0.00133809272666], [7.14946290827e-05, -0.00189152185339, 4.21769000241e-05, -0.00117534189485, 0.0051511018537, -0.000858928426169, -0.00229070638306, 0.00224584783427, -0.00257443613373, -0.00279611675069, 0.00532337417826, -0.00472028460354, 0.0030276090838], [-0.000327474845108, 0.00170247419737, -0.00181926216464, -0.00304298731498, -0.000858928426169, 0.0135296946391, -0.0055200685747, -0.00426214048639, 0.00569817097858, -0.00253734877333, -0.006377261132, 0.0109449708834, -0.00627093110234], [4.62210373371e-05, -0.00154920388013, 0.000151332307723, 0.00214409315959, -0.00229070638306, -0.0055200685747, 0.0157619155943, -0.00297440076247, -0.00760855199769, 0.0053731277585, 0.000531620986294, -0.00573847349733, 0.00687227165326], [0.000252923346125, 0.000504883180838, -0.00130613555666, -0.00157782179303, 0.00224584783427, -0.00426214048639, -0.00297440076247, 0.0165615454316, -0.00555798504502, -0.00588796939701, 0.00781338382512, -0.00580254662782, -0.000188709498616], [-5.51714620087e-05, -0.00168383447453, 0.00328211137094, -0.00278449850157, -0.00257443613373, 0.00569817097858, -0.00760855199769, -0.00555798504502, 0.0312582477927, -0.0140437129885, -0.00609125103801, 0.0127315623686, -0.00889461766928], [-0.000352900999133, 0.00322188762948, -0.0030867762398, 0.00482052052394, -0.00279611675069, -0.00253734877333, 0.0053731277585, -0.00588796939701, -0.0140437129885, 0.0331781469285, -0.015285695903, -0.00596961705014, 0.00670644361526], [0.000532893114723, -0.00477643031627, 0.00234627374448, -0.00267091975547, 0.00532337417826, -0.006377261132, 0.000531620986294, 0.00781338382512, -0.00609125103801, -0.015285695903, 0.0408261120319, -0.0190742239356, -0.00238985498436], [-0.000253923702985, 0.00524621782824, -0.00122324109543, -0.000430882704677, -0.00472028460354, 0.0109449708834, -0.00573847349733, -0.00580254662782, 0.0127315623686, -0.00596961705014, -0.0190742239356, 0.041525926441, -0.0187674444169], [-8.00202105893e-05, -0.0034017553553, 0.000794858264271, 0.00133809272666, 0.0030276090838, -0.00627093110234, 0.00687227165326, -0.000188709498616, -0.00889461766928, 0.00670644361526, -0.00238985498436, -0.0187674444169, 0.0299205482006]]
    },
    "melbands": {
        "dmean": [0.00219598808326, 0.00285854307003, 0.00135029526427, 0.000757435394917, 0.000427926424891, 0.000400986231398, 0.000184105156222, 0.000108490166895, 0.000181060851901, 0.000149495244841, 0.000129387655761, 4.42519667558e-05, 5.07502554683e-05, 5.1761042414e-05, 5.40200780961e-05, 5.51060657017e-05, 8.30140561447e-05, 3.34950600518e-05, 2.71761200565e-05, 2.09980116779e-05, 1.51237891259e-05, 1.38811155921e-05, 9.67279174802e-06, 6.84719634592e-06, 6.39107429379e-06, 5.98926408202e-06, 5.7739885051e-06, 4.2900119297e-06, 4.24579411629e-06, 4.63222841063e-06, 5.04128365719e-06, 4.84103202325e-06, 5.31731893716e-06, 5.45442435396e-06, 5.38592121302e-06, 5.39220991413e-06, 4.72453621114e-06, 5.12029373567e-06, 7.13817280484e-06, 6.14707914792e-06],
        "dmean2": [0.00348857208155, 0.00450460007414, 0.00217461190186, 0.00133553566411, 0.000631675065961, 0.00064123008633, 0.00030823450652, 0.000169339880813, 0.000256483530393, 0.000217333625187, 0.000189547688933, 7.06741266185e-05, 8.44440946821e-05, 8.56825936353e-05, 8.88640643097e-05, 9.24609194044e-05, 0.000138031740789, 5.56018312636e-05, 4.52788954135e-05, 3.48420981027e-05, 2.47307980317e-05, 2.38906595769e-05, 1.58981074492e-05, 1.10358505481e-05, 1.03536394818e-05, 1.01483583421e-05, 9.56406620389e-06, 6.98817166267e-06, 6.93141601005e-06, 7.7487238741e-06, 8.23772370495e-06, 8.12776488601e-06, 8.87959959073e-06, 8.98895359569e-06, 8.36251729197e-06, 8.55378129927e-06, 7.60608008932e-06, 7.7798113125e-06, 1.17429535749e-05, 9.86037412076e-06],
        "dvar": [1.21010280054e-05, 2.9599890695e-05, 1.21324655993e-05, 3.9013384594e-06, 8.25194092613e-07, 8.10184189959e-07, 2.42890052959e-07, 7.03959415205e-08, 1.13075273589e-07, 1.00473528164e-07, 1.11039874184e-07, 8.44227976415e-09, 2.31020731434e-08, 1.61733897386e-08, 1.70341003525e-08, 1.58080446511e-08, 4.96709979814e-08, 5.36147970465e-09, 2.22364682223e-09, 1.79604608963e-09, 9.00388374969e-10, 5.81269532507e-10, 3.82649550934e-10, 1.14138178076e-10, 1.05866308775e-10, 9.64656479696e-11, 8.68578958757e-11, 4.99592242575e-11, 5.64609504983e-11, 6.0295650417e-11, 7.42777506169e-11, 5.89447934907e-11, 8.02399605093e-11, 8.02650099163e-11, 8.99771229745e-11, 7.10190517506e-11, 5.55533431756e-11, 7.24483043002e-11, 1.24891819109e-10, 1.25896543191e-10],
        "dvar2": [2.96966354654e-05, 6.77613279549e-05, 2.6494901249e-05, 1.03628735815e-05, 1.77484082542e-06, 2.17939737013e-06, 6.45467366667e-07, 1.5880226556e-07, 1.9430882503e-07, 1.7810388897e-07, 2.22491678414e-07, 2.00824405994e-08, 6.43567830139e-08, 4.34090665635e-08, 4.63437395126e-08, 4.32318643107e-08, 1.36127553674e-07, 1.39773135288e-08, 5.58139223727e-09, 4.72985917099e-09, 2.20290763409e-09, 1.5686943966e-09, 9.93190973908e-10, 2.73702810416e-10, 2.67648042618e-10, 2.54994331206e-10, 2.1283816376e-10, 1.29056654252e-10, 1.46968257009e-10, 1.56560639453e-10, 1.9176771282e-10, 1.55821355818e-10, 2.11295661523e-10, 2.02244707093e-10, 2.03439848301e-10, 1.59370558417e-10, 1.35837063819e-10, 1.43052555912e-10, 3.23522375556e-10, 2.78644690654e-10],
        "max": [0.0345969311893, 0.0657645463943, 0.0415091812611, 0.0466089658439, 0.0242105890065, 0.0219712592661, 0.00975073408335, 0.00701383315027, 0.00914860609919, 0.0103425532579, 0.0100305108353, 0.00241993297823, 0.00728456256911, 0.00312880775891, 0.00336411967874, 0.00300059001893, 0.00373534252867, 0.00119283248205, 0.000740512332413, 0.000758928596042, 0.000889997754712, 0.000480047543533, 0.000868462491781, 0.000265380105702, 0.000223123002797, 0.000218545348616, 0.000242410678766, 0.000225332376431, 0.000254000799032, 0.000172724860022, 0.000174384302227, 0.000181045790669, 0.000171726976987, 0.000137121038279, 0.000100743534858, 9.68874956015e-05, 8.6150423158e-05, 8.10391720734e-05, 8.983664884e-05, 0.000103236969153],
        "mean": [0.00373746803962, 0.00464448099956, 0.00151322677266, 0.000822495203465, 0.000984496902674, 0.000854373443872, 0.000310109637212, 0.000196517255972, 0.000340289116139, 0.000307002395857, 0.00025915823062, 8.34664533613e-05, 8.24756280053e-05, 8.29942437122e-05, 8.21971407277e-05, 8.16361862235e-05, 0.000124440950458, 5.80066516704e-05, 4.47917591373e-05, 3.68709079339e-05, 3.17263220495e-05, 2.36265423155e-05, 1.69573067978e-05, 1.32997020046e-05, 1.24568214233e-05, 1.08859494503e-05, 1.1235160855e-05, 9.13406347536e-06, 8.69712312124e-06, 8.63831337483e-06, 9.00136637938e-06, 8.75074056239e-06, 8.77877664607e-06, 9.36948981689e-06, 9.74816794042e-06, 1.00960924101e-05, 9.21972696233e-06, 1.0733738236e-05, 1.2392057215e-05, 1.1048223314e-05],
        "median": [0.00158479064703, 0.00155664421618, 0.000563860579859, 0.000358999939635, 0.000553247635253, 0.000468152429676, 8.7899119535e-05, 6.89339940436e-05, 0.000126173865283, 9.67122978182e-05, 6.26584951533e-05, 4.2330379074e-05, 3.94612980017e-05, 3.91683606722e-05, 4.24475365435e-05, 3.8645004679e-05, 4.04794336646e-05, 2.46092677116e-05, 2.11364967981e-05, 1.80817332875e-05, 1.6806909116e-05, 1.45427202369e-05, 9.64631908573e-06, 8.43250381877e-06, 7.50645494918e-06, 6.64838080411e-06, 7.46765817894e-06, 5.73733314013e-06, 4.58783688373e-06, 4.64249023935e-06, 4.69003771286e-06, 4.86072531203e-06, 4.4001826609e-06, 4.62488469566e-06, 4.84721749672e-06, 5.25304403709e-06, 5.3298522289e-06, 5.35408435098e-06, 5.64532547287e-06, 4.44243232778e-06],
        "min": [1.82801412281e-23, 1.31114701456e-23, 1.30905779534e-23, 1.34124655461e-23, 8.8211309946e-24, 6.32884368812e-24, 2.42467506381e-23, 2.35232815688e-23, 3.52339595721e-24, 1.34062477444e-23, 2.08943789363e-23, 1.15566292458e-23, 1.1131160272e-23, 8.06274851932e-24, 8.27840179156e-24, 5.34857160071e-24, 1.17749275686e-23, 1.5094974906e-23, 1.09145737773e-23, 2.68752730396e-23, 1.74687504554e-23, 5.3495493938e-24, 1.37162385257e-23, 8.78879716382e-24, 8.78845479819e-24, 1.1527334896e-23, 1.4641898956e-23, 9.8925815976e-24, 8.58605833346e-24, 1.25971746451e-23, 1.32709186561e-23, 1.05017920534e-23, 9.65982818751e-24, 1.02288879898e-23, 1.16603218563e-23, 1.03915637303e-23, 1.41346251063e-23, 8.67503632154e-24, 8.22253150681e-24, 8.12899074725e-24],
        "var": [2.38282191276e-05, 4.65372977487e-05, 1.182575852e-05, 3.43896317645e-06, 1.89819706975e-06, 1.25085887248e-06, 3.53700983169e-07, 2.05702832545e-07, 4.01671542249e-07, 4.39810378339e-07, 4.04062660664e-07, 1.57932156242e-08, 2.27582557244e-08, 1.90954860813e-08, 1.85097412952e-08, 1.94239255791e-08, 7.60545333378e-08, 1.03115640471e-08, 4.47507320089e-09, 3.58834228997e-09, 2.73076738999e-09, 1.02089170451e-09, 7.50878803579e-10, 2.77944528504e-10, 2.44155362594e-10, 1.8677955016e-10, 1.72445710489e-10, 1.38229330759e-10, 1.45583864408e-10, 1.30369104401e-10, 1.58809840278e-10, 1.32329092128e-10, 1.43628345328e-10, 1.60573568331e-10, 1.71898259516e-10, 1.59454380255e-10, 1.27231059022e-10, 1.98643629323e-10, 2.63056243455e-10, 2.35858638176e-10]
    },
    "mfcc": {
        "mean": [-619.152099609, 115.804115295, 6.54447031021, 11.6450881958, 9.85682296753, 6.79968452454, 0.54404258728, 0.308731079102, -0.305467396975, 1.67050182819, 0.187611103058, -0.723580241203, -1.96744298935],
        "cov": [[9779.10644531, -3246.61499023, 1891.21716309, 387.607818604, 189.539642334, 165.862548828, 380.792266846, 236.425323486, 70.5334701538, 69.8067474365, 78.7093963623, 22.4229164124, -44.9397697449], [-3246.61499023, 5592.84912109, -2566.93481445, 123.684211731, 240.467727661, 275.755859375, -269.836120605, -107.945861816, 101.364196777, 109.472068787, 4.75674295425, 2.56217074394, 45.213760376], [1891.21716309, -2566.93481445, 2137.21508789, 50.8762359619, 120.049995422, -17.0890598297, 372.165802002, 155.479934692, 67.7426300049, 8.74456596375, 85.4130401611, 24.1057510376, 22.3669967651], [387.607818604, 123.684211731, 50.8762359619, 294.948364258, 182.849502563, 136.726989746, 86.4937438965, 103.344108582, 79.8753128052, 59.9455566406, 43.9163398743, 38.7675819397, 25.7121582031], [189.539642334, 240.467727661, 120.049995422, 182.849502563, 275.381713867, 146.48135376, 124.409324646, 79.2028427124, 99.9656600952, 62.2538337708, 67.748840332, 29.2552433014, 30.9851169586], [165.862548828, 275.755859375, -17.0890598297, 136.726989746, 146.48135376, 182.227432251, 97.6410980225, 72.1695098877, 67.0129394531, 63.942741394, 46.5246238708, 25.8012771606, 20.3229598999], [380.792266846, -269.836120605, 372.165802002, 86.4937438965, 124.409324646, 97.6410980225, 184.25138855, 99.9599685669, 77.7496261597, 48.1862487793, 61.6106948853, 26.0643596649, 21.5485706329], [236.425323486, -107.945861816, 155.479934692, 103.344108582, 79.2028427124, 72.1695098877, 99.9599685669, 113.635025024, 69.150100708, 45.4567642212, 33.4325485229, 27.6233139038, 16.0450267792], [70.5334701538, 101.364196777, 67.7426300049, 79.8753128052, 99.9656600952, 67.0129394531, 77.7496261597, 69.150100708, 103.928245544, 63.2687416077, 50.8873062134, 21.9556770325, 22.2182617188], [69.8067474365, 109.472068787, 8.74456596375, 59.9455566406, 62.2538337708, 63.942741394, 48.1862487793, 45.4567642212, 63.2687416077, 83.9320831299, 55.0912780762, 25.0916576385, 14.9331359863], [78.7093963623, 4.75674295425, 85.4130401611, 43.9163398743, 67.748840332, 46.5246238708, 61.6106948853, 33.4325485229, 50.8873062134, 55.0912780762, 81.6186218262, 36.1978302002, 20.4577693939], [22.4229164124, 2.56217074394, 24.1057510376, 38.7675819397, 29.2552433014, 25.8012771606, 26.0643596649, 27.6233139038, 21.9556770325, 25.0916576385, 36.1978302002, 59.4009742737, 34.3407402039], [-44.9397697449, 45.213760376, 22.3669967651, 25.7121582031, 30.9851169586, 20.3229598999, 21.5485706329, 16.0450267792, 22.2182617188, 14.9331359863, 20.4577693939, 34.3407402039, 56.649433136]],
