{
"lowlevel": {
    "average_loudness": 0.925936996937,
    "barkbands_crest": {
        "dmean": 2.74871587753,
        "dmean2": 4.18646669388,
        "dvar": 7.79495811462,
        "dvar2": 14.5141429901,
        "max": 26.6544075012,
        "mean": 11.5917787552,
        "median": 10.1387176514,
        "min": 2.17636680603,
        "var": 33.8022422791
    },
    "barkbands_flatness_db": {
        "dmean": 0.0224802512676,
        "dmean2": 0.033753015101,
        "dvar": 0.000685216858983,
        "dvar2": 0.00118482857943,
        "max": 0.453368723392,
        "mean": 0.139147490263,
        "median": 0.114602260292,
        "min": 0.0168533865362,
        "var": 0.00718726497144
    },
    "barkbands_kurtosis": {
        "dmean": 2.40844917297,
        "dmean2": 3.72789788246,
        "dvar": 34.2531509399,
        "dvar2": 70.1708679199,
        "max": 180.79359436,
        "mean": 3.51936125755,
        "median": 0.947833299637,
        "min": -1.81981468201,
        "var": 79.8221206665
    },
    "barkbands_skewness": {
        "dmean": 0.482078641653,
        "dmean2": 0.727526605129,
        "dvar": 0.354783535004,
        "dvar2": 0.653527081013,
        "max": 12.465139389,
        "mean": 1.30792701244,
        "median": 1.10861694813,
        "min": -2.63298201561,
        "var": 1.97971761227
    },
    "barkbands_spread": {
        "dmean": 5.89630746841,
        "dmean2": 9.03504753113,
        "dvar": 53.4483528137,
        "dvar2": 104.379310608,
        "max": 98.9405441284,
        "mean": 27.9848060608,
        "median": 26.6939411163,
        "min": 0.415397763252,
        "var": 303.713195801
    },
    "dissonance": {
        "dmean": 0.0191548727453,
        "dmean2": 0.0324516780674,
        "dvar": 0.000377815857064,
        "dvar2": 0.0010347077623,
        "max": 0.5,
        "mean": 0.463706612587,
        "median": 0.471154481173,
        "min": 0.253715753555,
        "var": 0.000811358040664
    },
    "dynamic_complexity": 2.73384356499,
    "erbbands_crest": {
        "dmean": 2.77677464485,
        "dmean2": 4.49775028229,
        "dvar": 6.75427389145,
        "dvar2": 16.300195694,
        "max": 31.0403385162,
        "mean": 9.42374515533,
        "median": 7.94399642944,
        "min": 2.07252502441,
        "var": 27.7545795441
    },
    "erbbands_flatness_db": {
        "dmean": 0.0172549635172,
        "dmean2": 0.0263047721237,
        "dvar": 0.000353078416083,
        "dvar2": 0.000772517465521,
        "max": 0.558904528618,
        "mean": 0.162629425526,
        "median": 0.11842931807,
        "min": 0.0429937504232,
        "var": 0.0103840166703
    },
    "erbbands_kurtosis": {
        "dmean": 0.925397396088,
        "dmean2": 1.4567668438,
        "dvar": 2.00028944016,
        "dvar2": 4.41143369675,
        "max": 33.2194404602,
        "mean": 0.694837391376,
        "median": -0.0354092121124,
        "min": -1.6925214529,
        "var": 5.76784849167
    },
    "erbbands_skewness": {
        "dmean": 0.320234775543,
        "dmean2": 0.49064424634,
        "dvar": 0.0926924794912,
        "dvar2": 0.203200936317,
        "max": 4.32554912567,
        "mean": 0.143719539046,
        "median": 0.174946352839,
        "min": -2.48735547066,
        "var": 0.359575182199
    },
    "erbbands_spread": {
        "dmean": 7.04444742203,
        "dmean2": 10.7846536636,
        "dvar": 48.4974975586,
        "dvar2": 102.686164856,
        "max": 99.6319046021,
        "mean": 38.7602043152,
        "median": 40.0127754211,
        "min": 1.52581679821,
        "var": 459.901428223
    },
    "hfc": {
        "dmean": 12.9174880981,
        "dmean2": 19.3995437622,
        "dvar": 367.705078125,
        "dvar2": 770.413879395,
        "max": 201.577789307,
        "mean": 40.4212989807,
        "median": 30.2950134277,
        "min": 1.14190576262e-16,
        "var": 1175.54614258
    },
    "melbands_crest": {
        "dmean": 3.52618193626,
        "dmean2": 5.30161142349,
        "dvar": 11.0676698685,
        "dvar2": 21.9067783356,
        "max": 38.1972923279,
        "mean": 16.423412323,
        "median": 15.0813217163,
        "min": 1.01379692554,
        "var": 50.1184959412
    },
    "melbands_flatness_db": {
        "dmean": 0.025362117216,
        "dmean2": 0.036533717066,
        "dvar": 0.000858211133163,
        "dvar2": 0.00136142328847,
        "max": 0.511387467384,
        "mean": 0.195449501276,
        "median": 0.187265604734,
        "min": 2.95537506645e-06,
        "var": 0.00710866553709
    },
    "melbands_kurtosis": {
        "dmean": 6.21296930313,
        "dmean2": 9.48752784729,
        "dvar": 134.819030762,
        "dvar2": 282.049285889,
        "max": 221.619842529,
        "mean": 13.2058124542,
        "median": 6.15041351318,
        "min": -1.84054791927,
        "var": 395.674377441
    },
    "melbands_skewness": {
        "dmean": 0.695149898529,
        "dmean2": 1.03643846512,
        "dvar": 0.630471467972,
        "dvar2": 1.18515515327,
        "max": 11.7873039246,
        "mean": 2.52238869667,
        "median": 2.22492289543,
        "min": -2.45887970924,
        "var": 4.30957317352
    },
    "melbands_spread": {
        "dmean": 6.55508708954,
        "dmean2": 9.92573642731,
        "dvar": 54.8492927551,
        "dvar2": 119.528396606,
        "max": 160.015869141,
        "mean": 25.6909332275,
        "median": 22.4280910492,
        "min": 0.585191905499,
        "var": 279.894256592
    },
    "pitch_salience": {
        "dmean": 0.0719152018428,
        "dmean2": 0.109490633011,
        "dvar": 0.0056107272394,
        "dvar2": 0.0100115370005,
        "max": 0.997666180134,
        "mean": 0.490589141846,
        "median": 0.52500975132,
        "min": 0.050691395998,
        "var": 0.0247298926115
    },
    "silence_rate_20dB": {
        "dmean": 0,
        "dmean2": 0,
        "dvar": 0,
        "dvar2": 0,
        "max": 1,
        "mean": 1,
        "median": 1,
        "min": 1,
        "var": 0
    },
    "silence_rate_30dB": {
        "dmean": 0.00137646251824,
        "dmean2": 0.00275324075483,
        "dvar": 0.00137458054814,
        "dvar2": 0.00343401962891,
        "max": 1,
        "mean": 0.998967766762,
        "median": 1,
        "min": 0,
        "var": 0.00103106303141
    },
    "silence_rate_60dB": {
        "dmean": 0.0110117001459,
        "dmean2": 0.0220259260386,
        "dvar": 0.0108912056312,
        "dvar2": 0.0247558448464,
        "max": 1,
        "mean": 0.0504645034671,
        "median": 0,
        "min": 0,
        "var": 0.0479190461338
    },
    "spectral_centroid": {
        "dmean": 193.995132446,
        "dmean2": 291.833618164,
        "dvar": 40086.6015625,
        "dvar2": 79862.2578125,
        "max": 11432.7929688,
        "mean": 1565.75366211,
        "median": 1576.89660645,
        "min": 206.49822998,
        "var": 359868.71875
    },
    "spectral_complexity": {
        "dmean": 4.01812362671,
        "dmean2": 6.22920751572,
        "dvar": 18.5894451141,
        "dvar2": 37.1900901794,
        "max": 57,
        "mean": 23.2169971466,
        "median": 23,
        "min": 0,
        "var": 130.90864563
    },
    "spectral_decrease": {
        "dmean": 2.41573405724e-09,
        "dmean2": 3.74638942091e-09,
        "dvar": 8.06362544487e-18,
        "dvar2": 1.90148192941e-17,
        "max": 9.63896580619e-29,
        "mean": -9.18914278003e-09,
        "median": -8.23245294157e-09,
        "min": -3.47180559856e-08,
        "var": 3.78029712481e-17
    },
    "spectral_energy": {
        "dmean": 0.00988333020359,
        "dmean2": 0.0153798945248,
        "dvar": 0.00013298272097,
        "dvar2": 0.000317684578476,
        "max": 0.14008666575,
        "mean": 0.0383484326303,
        "median": 0.0357706770301,
        "min": 1.06135439384e-20,
        "var": 0.000617246201728
    },
    "spectral_energyband_high": {
        "dmean": 0.000931754766498,
        "dmean2": 0.00138097326271,
        "dvar": 2.81190318674e-06,
        "dvar2": 5.83840983381e-06,
        "max": 0.019495235756,
        "mean": 0.00257184286602,
        "median": 0.00148281105794,
        "min": 7.71746182918e-21,
        "var": 9.22392246139e-06
    },
    "spectral_energyband_low": {
        "dmean": 0.0055876695551,
        "dmean2": 0.00774819497019,
        "dvar": 9.13805706659e-05,
        "dvar2": 0.000148582112161,
        "max": 0.114070758224,
        "mean": 0.0164544135332,
        "median": 0.00473666377366,
        "min": 2.27392327151e-23,
        "var": 0.000457560003269
    },
    "spectral_energyband_middle_high": {
        "dmean": 0.00320745864883,
        "dmean2": 0.00513214338571,
        "dvar": 1.93153500732e-05,
        "dvar2": 4.71602870675e-05,
        "max": 0.0651853531599,
        "mean": 0.00796362385154,
        "median": 0.00624790275469,
        "min": 1.35996338399e-21,
        "var": 4.38511997345e-05
    },
    "spectral_energyband_middle_low": {
        "dmean": 0.00528450543061,
        "dmean2": 0.0077334525995,
        "dvar": 6.2893377617e-05,
        "dvar2": 0.000124034515466,
        "max": 0.110349334776,
        "mean": 0.0125676412135,
        "median": 0.00980603694916,
        "min": 1.76585163104e-22,
        "var": 0.000162457741681
    },
    "spectral_entropy": {
        "dmean": 0.135545149446,
        "dmean2": 0.205442517996,
        "dvar": 0.0270058661699,
        "dvar2": 0.0540764890611,
        "max": 9.80881309509,
        "mean": 7.72784376144,
        "median": 7.9943318367,
        "min": 5.10514354706,
        "var": 0.42241358757
    },
    "spectral_flux": {
        "dmean": 0.0291789229959,
        "dmean2": 0.0459074489772,
        "dvar": 0.00102956953924,
        "dvar2": 0.00208756886423,
        "max": 0.276016533375,
        "mean": 0.0918528884649,
        "median": 0.0812523290515,
        "min": 6.60556401244e-11,
        "var": 0.00276043149643
    },
    "spectral_kurtosis": {
        "dmean": 2.21926045418,
        "dmean2": 3.74447250366,
        "dvar": 17.698507309,
        "dvar2": 52.0069465637,
        "max": 68.1275253296,
        "mean": 5.78205633163,
        "median": 3.16233444214,
        "min": -1.25467634201,
        "var": 53.0163841248
    },
    "spectral_rms": {
        "dmean": 0.000783861323725,
        "dmean2": 0.00120024231728,
        "dvar": 7.20913647001e-07,
        "dvar2": 1.54952908815e-06,
        "max": 0.0116905905306,
        "mean": 0.00568542489782,
        "median": 0.00590747175738,
        "min": 3.21786846301e-12,
        "var": 5.0887638281e-06
    },
    "spectral_rolloff": {
        "dmean": 658.203796387,
        "dmean2": 1009.1204834,
        "dvar": 992062.8125,
        "dvar2": 1990789,
        "max": 18733.8867188,
        "mean": 2036.70996094,
        "median": 1614.99023438,
        "min": 43.06640625,
        "var": 3249882.5
    },
    "spectral_skewness": {
        "dmean": 0.232630044222,
        "dmean2": 0.377812087536,
        "dvar": 0.0924068316817,
        "dvar2": 0.263095915318,
        "max": 6.46284103394,
        "mean": 1.63119208813,
        "median": 1.49560022354,
        "min": -0.0459584631026,
        "var": 0.413159668446
    },
    "spectral_spread": {
        "dmean": 487946.65625,
        "dmean2": 728230.25,
        "dvar": 493824409600,
        "dvar2": 853845868544,
        "max": 42514856,
        "mean": 5356274.5,
        "median": 6086662,
        "min": 875861.5625,
        "var": 6.37508727603e+12
    },
    "spectral_strongpeak": {
        "dmean": 0.58376032114,
        "dmean2": 0.976269900799,
        "dvar": 1.01746809483,
        "dvar2": 2.45573186874,
        "max": 13.0261545181,
        "mean": 1.24997425079,
        "median": 0.742336034775,
        "min": 0,
        "var": 1.96748530865
    },
    "zerocrossingrate": {
        "dmean": 0.013417204842,
        "dmean2": 0.0144685180858,
        "dvar": 0.000224979419727,
        "dvar2": 0.000227481854381,
        "max": 0.59326171875,
        "mean": 0.0820767208934,
        "median": 0.07421875,
        "min": 0.00390625,
        "var": 0.00224875658751
    },
    "barkbands": {
        "dmean": [0.000156246431288, 0.00438637658954, 0.00285590230487, 0.00157692318317, 0.00242400285788, 0.00114076596219, 0.000928570982069, 0.000472512358101, 0.000913122086786, 0.000707692990545, 0.000905052816961, 0.000463505886728, 0.000968580425251, 0.000477987836348, 0.000724973971955, 0.000258355983533, 0.00016653680359, 0.000185606899322, 0.000131986278575, 0.000146779639181, 0.000153636719915, 0.000148645267473, 0.000212586906855, 0.000171569859958, 0.000152252992848, 0.000171231920831, 6.58659046167e-05],
        "dmean2": [0.000255317892879, 0.00524057820439, 0.00428549060598, 0.00258540618233, 0.00401067640632, 0.00170667504426, 0.00134341476951, 0.000711049127858, 0.00141574046575, 0.00117824028712, 0.0015112448018, 0.000759193149861, 0.00155168992933, 0.000777243520133, 0.00117415399291, 0.000425913516665, 0.000268165982561, 0.000308586109895, 0.00021665157692, 0.000237968575675, 0.000243033457082, 0.000238872118643, 0.000319828541251, 0.000258917541942, 0.000233368686168, 0.000257098523434, 0.000103480488178],
        "dvar": [2.12865785443e-07, 6.33650270174e-05, 5.61376291444e-05, 1.41867576531e-05, 3.38737954735e-05, 5.47482250113e-06, 5.8503510445e-06, 1.04217247099e-06, 3.21326911035e-06, 2.1656996978e-06, 4.60228147858e-06, 9.58117880145e-07, 3.4763891108e-06, 1.75822196979e-06, 2.39206883634e-06, 2.6771081707e-07, 7.07084950591e-08, 8.16708336515e-08, 4.12283505113e-08, 5.41364890694e-08, 7.52364357481e-08, 6.95202189149e-08, 1.52132798803e-07, 1.05535484352e-07, 1.04725465633e-07, 1.11143357628e-07, 1.70965712698e-08],
        "dvar2": [6.64079323087e-07, 8.30073404359e-05, 0.000117197996587, 3.4895769204e-05, 8.53362798807e-05, 1.04229111457e-05, 1.00351871879e-05, 2.10614666685e-06, 6.82109021e-06, 5.51931452719e-06, 1.23254894788e-05, 2.2282658847e-06, 7.50813069317e-06, 3.8277398744e-06, 5.56705253985e-06, 6.51899370041e-07, 1.73953310423e-07, 2.01383230092e-07, 9.81557306545e-08, 1.24911764487e-07, 1.67147746311e-07, 1.60284471917e-07, 3.46989452282e-07, 2.41192367412e-07, 2.30622319464e-07, 2.18713665845e-07, 3.67561234782e-08],
        "max": [0.0220968481153, 0.086113922298, 0.0693555176258, 0.0642772242427, 0.1052659899, 0.0749668255448, 0.0956114009023, 0.0212334170938, 0.0583840459585, 0.0336006134748, 0.0496343150735, 0.0237242467701, 0.0352634489536, 0.0388349629939, 0.0412860959768, 0.0151814455166, 0.00639127008617, 0.00559351081029, 0.00536776753142, 0.00519589800388, 0.00616934336722, 0.00486030941829, 0.00597856845707, 0.0040037445724, 0.00421684933826, 0.00340176466852, 0.0012655792525],
        "mean": [0.000415073736804, 0.0115065639839, 0.00351636763662, 0.00243040802889, 0.00399337429553, 0.00210287328809, 0.00159227568656, 0.000790413178038, 0.0013272180222, 0.00100489193574, 0.00124570808839, 0.000723041768651, 0.00147199851926, 0.000858194078319, 0.00125750829466, 0.000426634360338, 0.000329190836055, 0.000355982687324, 0.000276207632851, 0.000320592720527, 0.000354766933015, 0.000337828591, 0.000412691850215, 0.000379462609999, 0.000387085456168, 0.000417389062932, 0.000114617243526],
        "median": [1.16939809232e-05, 0.00140100135468, 0.000770331884269, 0.000261081353528, 0.0013344513718, 0.000507016433403, 0.000359647878213, 0.000297021178994, 0.000587554881349, 0.000439909577835, 0.000550672237296, 0.000338925921824, 0.000643906125333, 0.000302840431686, 0.000533374608494, 0.000255349092185, 0.000226784846745, 0.000254676269833, 0.000195984321181, 0.000217839260586, 0.000213963750866, 0.000199925227207, 0.000204188065254, 0.000188029836863, 0.000166623998666, 8.75882542459e-05, 6.60044179313e-06],
        "min": [1.72060246696e-24, 9.7259260539e-24, 2.70235623237e-24, 3.3974349866e-24, 4.70135319537e-23, 1.54054137603e-23, 1.75005794152e-23, 2.02723132032e-23, 2.40975817741e-23, 4.62309251378e-23, 3.84666910513e-23, 6.34512822268e-23, 3.35520939227e-23, 8.91028931629e-23, 5.1606024553e-23, 5.65408543861e-23, 7.68786162232e-23, 1.11709646155e-22, 2.28023210771e-22, 2.02114607885e-22, 3.68309437881e-22, 5.28126750289e-22, 5.44765682181e-22, 7.88336041351e-22, 1.17089738113e-21, 1.36368084998e-21, 2.10863706412e-21],
        "var": [3.34985770678e-06, 0.000350429589162, 6.79411314195e-05, 2.25952535402e-05, 5.43635360373e-05, 1.44309551615e-05, 1.40139864016e-05, 2.19837329496e-06, 5.73078705202e-06, 3.32021863869e-06, 6.04206525168e-06, 1.71972942553e-06, 6.79629056322e-06, 5.01082604387e-06, 4.98411645822e-06, 4.27418740401e-07, 1.54514637529e-07, 1.65962191545e-07, 1.01075642078e-07, 1.42620052657e-07, 2.21298577685e-07, 1.95864046759e-07, 3.50004796701e-07, 2.67672760401e-07, 3.13500351012e-07, 3.29078631012e-07, 3.83249414426e-08]
    },
    "erbbands": {
        "dmean": [0.147786438465, 1.00256991386, 3.15726685524, 3.84882712364, 5.58835124969, 10.4147481918, 6.89333057404, 11.5379018784, 9.67244720459, 12.694018364, 10.9289970398, 24.230463028, 19.1850376129, 35.1915969849, 24.7453594208, 20.8768882751, 41.5062294006, 31.8908481598, 30.7419242859, 22.1974411011, 11.8179159164, 7.99063968658, 10.9115858078, 6.16615390778, 7.34076166153, 6.45909166336, 6.03006410599, 6.55627632141, 5.66422510147, 6.02716827393, 5.84739494324, 3.91183018684, 2.79163360596, 1.91429388523, 1.02535653114, 0.650311291218, 0.325953513384, 0.136198550463, 0.00725097768009, 0.000117596857308],
        "dmean2": [0.154482141137, 1.27775764465, 4.53909730911, 5.84028530121, 8.87032032013, 17.1229953766, 11.1339673996, 16.9435176849, 14.2969808578, 18.4682006836, 16.304977417, 37.3235092163, 31.0687446594, 58.4629669189, 41.6887359619, 33.8076629639, 66.3620986938, 51.4769821167, 49.1604804993, 36.7386817932, 19.2094726562, 12.8381986618, 17.9684963226, 10.1662425995, 12.0977916718, 10.4929599762, 9.70723342896, 10.4782009125, 9.03293323517, 9.48666572571, 8.89949417114, 5.78676080704, 4.27030754089, 2.96294116974, 1.5971391201, 1.029302001, 0.487021297216, 0.208819717169, 0.0113340476528, 0.000181329713087],
        "dvar": [0.0818332582712, 3.3255443573, 60.6867599487, 77.2143783569, 148.644287109, 727.792663574, 290.466247559, 648.024291992, 398.040771484, 1081.96520996, 700.900756836, 2194.04931641, 1662.0378418, 6189.94287109, 4304.28027344, 1930.84326172, 6100.3359375, 5141.03125, 5250.73242188, 1882.95446777, 439.938018799, 148.512115479, 301.603118896, 91.4625091553, 131.878753662, 97.2245330811, 116.400299072, 143.927047729, 101.107955933, 115.343132019, 116.309555054, 52.9878501892, 28.2726097107, 14.9315547943, 4.54909515381, 1.89760839939, 0.390986710787, 0.0717990398407, 0.000194350388483, 4.79330140024e-08],
        "dvar2": [0.0954401418567, 4.66615819931, 122.72454834, 177.632858276, 344.097625732, 1732.75402832, 623.178344727, 1158.21142578, 722.081848145, 1857.06958008, 1385.2746582, 4692.05273438, 4043.48754883, 16726.1894531, 11922.6953125, 4205.75537109, 13169.6708984, 11162.1289062, 11315.6064453, 4856.39111328, 1069.44787598, 353.374847412, 736.765319824, 223.083679199, 312.180236816, 229.615249634, 258.964599609, 326.844573975, 227.033248901, 278.754394531, 265.656433105, 113.394882202, 65.1858825684, 33.4285316467, 10.2232112885, 4.22196245193, 0.758086383343, 0.141395136714, 0.000416728755226, 9.845792448e-08],
        "max": [2.93789315224, 21.2678012848, 76.2249832153, 98.5139770508, 254.663238525, 605.364929199, 586.382263184, 954.803710938, 649.751831055, 1348.56848145, 616.784606934, 1343.26147461, 846.603271484, 1874.37451172, 2399.97973633, 1188.30883789, 1455.44311523, 2017.59973145, 2416.17456055, 1218.76452637, 482.2762146, 264.517364502, 349.055999756, 193.362915039, 298.447052002, 190.902923584, 250.483978271, 283.561431885, 220.430953979, 147.82170105, 165.312088013, 93.622215271, 59.4909439087, 54.2466545105, 30.1435279846, 16.61951828, 7.9229016304, 2.96453547478, 0.153319045901, 0.00238371267915],
        "mean": [0.312681376934, 2.62208342552, 4.59107446671, 5.93114852905, 10.1542139053, 17.0972366333, 11.1880578995, 21.1486225128, 18.2328071594, 22.5608959198, 18.7680358887, 35.8701972961, 29.4008731842, 50.4052886963, 36.2348976135, 34.6919250488, 65.6254653931, 61.0547714233, 59.6157646179, 39.3077926636, 22.4998493195, 17.1489086151, 21.1459732056, 13.6918439865, 15.6688070297, 14.2949533463, 13.6518850327, 14.69805336, 12.7819271088, 11.9130353928, 11.1911849976, 8.3121175766, 6.34757614136, 4.68100690842, 2.4633204937, 1.57763326168, 0.739535331726, 0.282563537359, 0.0133346859366, 0.000273816956906],
        "median": [0.0157732311636, 0.42463567853, 1.75817787647, 1.86098945141, 3.48165655136, 2.95887327194, 3.92850780487, 5.46794939041, 7.16072416306, 7.26779985428, 7.78818559647, 16.6930789948, 14.0162916183, 23.9504184723, 19.3701572418, 17.0064201355, 31.4743499756, 27.1169300079, 28.0267410278, 21.9404678345, 15.4722442627, 12.8039484024, 14.7417421341, 10.1323699951, 10.6510419846, 9.89891433716, 8.24360942841, 8.53701114655, 7.38918638229, 6.54895305634, 5.46119689941, 3.97984266281, 3.06813907623, 2.0185341835, 1.06412005424, 0.417631536722, 0.147649243474, 0.0318318866193, 0.00100077537354, 8.60907748574e-05],
        "min": [3.12154027244e-22, 1.64970267961e-21, 4.65829023781e-21, 9.69900772168e-21, 1.8312890189e-20, 1.33948251723e-19, 1.22265036429e-19, 1.4445396249e-19, 2.56265491003e-19, 2.71665138317e-19, 5.22855436822e-19, 4.20914292667e-19, 1.02026131793e-18, 1.18942047698e-18, 1.60490223513e-18, 2.4037175837e-18, 1.79724468181e-18, 3.83392299577e-18, 4.4364818858e-18, 4.91143079556e-18, 5.79078665243e-18, 5.081998333e-18, 6.34412995038e-18, 8.02916096464e-18, 1.46621535519e-17, 1.28679144308e-17, 1.28300303859e-17, 1.57012446025e-17, 1.79001983818e-17, 1.52733010582e-17, 1.40932038373e-17, 1.4191110589e-17, 1.53581764065e-17, 1.1216595576e-17, 8.45779437754e-18, 5.05917062963e-18, 2.47530468905e-18, 1.14702519584e-18, 3.07982994249e-19, 3.18623283425e-20],
        "var": [0.3669950068, 17.9870204926, 88.3390274048, 109.534126282, 299.191955566, 1509.89099121, 617.452758789, 1803.68127441, 1005.43408203, 2617.32543945, 1505.72192383, 3834.37109375, 2665.72070312, 8165.75195312, 5220.74804688, 3913.32177734, 12039.9453125, 15108.6152344, 12513.3662109, 3081.53466797, 738.106506348, 340.226348877, 615.867980957, 217.401443481, 338.013519287, 258.968841553, 323.779205322, 384.508972168, 285.353088379, 268.468933105, 262.907623291, 134.525024414, 75.9118423462, 45.7769165039, 12.426653862, 5.31278753281, 1.08609342575, 0.191482543945, 0.000463015341666, 1.3133093546e-07]
    },
    "gfcc": {
        "mean": [17.4110908508, 58.297252655, -128.391082764, 10.1257314682, -50.7394218445, 16.3764610291, -32.0726737976, 4.49136543274, -22.9140281677, 6.35097980499, -18.5774040222, 0.793646097183, -12.5256137848],
        "cov": [[14305.4892578, -2082.70800781, 5483.56298828, 1784.21508789, -505.383789062, 914.263244629, -697.587280273, 337.822021484, -762.433898926, 83.7221221924, -587.114379883, 460.247009277, -697.700805664], [-2082.70800781, 2504.85131836, -403.570068359, 120.854049683, 402.92276001, -255.074615479, 208.828536987, -224.481491089, 181.599121094, -250.520477295, 71.2036819458, -290.057373047, 116.794700623], [5483.56298828, -403.570068359, 3386.95703125, 1147.27062988, 261.945037842, 630.033874512, -38.1731681824, 367.72366333, -259.984924316, -1.56863451004, -287.688720703, 218.090744019, -360.294036865], [1784.21508789, 120.854049683, 1147.27062988, 794.974975586, 257.262268066, 402.394104004, 115.114685059, 218.340133667, -28.5192241669, 37.4213104248, -77.8920822144, 42.085105896, -89.2109069824], [-505.383789062, 402.92276001, 261.945037842, 257.262268066, 609.37121582, 264.293121338, 331.587860107, 190.103881836, 141.633987427, 55.4914665222, 24.1620235443, 9.58484268188, 19.3253707886], [914.263244629, -255.074615479, 630.033874512, 402.394104004, 264.293121338, 498.312286377, 203.771240234, 288.934692383, 61.6580505371, 133.851547241, 5.90536928177, 92.056854248, -35.1369476318], [-697.587280273, 208.828536987, -38.1731681824, 115.114685059, 331.587860107, 203.771240234, 342.171264648, 196.885177612, 164.38923645, 103.116439819, 84.0357284546, 17.1414718628, 43.9794616699], [337.822021484, -224.481491089, 367.72366333, 218.340133667, 190.103881836, 288.934692383, 196.885177612, 316.385772705, 103.550788879, 125.980690002, 31.3358287811, 103.696006775, -4.65958023071], [-762.433898926, 181.599121094, -259.984924316, -28.5192241669, 141.633987427, 61.6580505371, 164.38923645, 103.550788879, 195.798583984, 102.856002808, 97.1219711304, 14.7303199768, 78.7428359985], [83.7221221924, -250.520477295, -1.56863451004, 37.4213104248, 55.4914665222, 133.851547241, 103.116439819, 125.980690002, 102.856002808, 189.298110962, 88.7550048828, 63.4475212097, 28.5424098969], [-587.114379883, 71.2036819458, -287.688720703, -77.8920822144, 24.1620235443, 5.90536928177, 84.0357284546, 31.3358287811, 97.1219711304, 88.7550048828, 138.591751099, 27.6071166992, 62.9430999756], [460.247009277, -290.057373047, 218.090744019, 42.085105896, 9.58484268188, 92.056854248, 17.1414718628, 103.696006775, 14.7303199768, 63.4475212097, 27.6071166992, 140.977920532, 20.3021774292], [-697.700805664, 116.794700623, -360.294036865, -89.2109069824, 19.3253707886, -35.1369476318, 43.9794616699, -4.65958023071, 78.7428359985, 28.5424098969, 62.9430999756, 20.3021774292, 128.395706177]],
        "icov": [[0.000336068798788, -2.06739932764e-05, -0.000375478673959, -0.000193355066585, 0.000377361662686, -0.000234458799241, 0.000253098085523, 0.000348622270394, 0.000235475017689, -0.000690384127665, 0.000497991510201, -0.000516733329277, 0.000308650603984], [-2.06739932764e-05, 0.00151019997429, -0.000380238518119, -0.000741811236367, -0.00063321046764, 0.000890345138032, -0.000419537682319, 0.000803424103651, -0.00214711669832, 0.00302276271395, -0.00230471394025, 0.00238834018819, -0.00115967099555], [-0.000375478673959, -0.000380238518119, 0.00171286519617, -0.000794780498836, -0.000562850676943, 4.14001187892e-05, 0.000227701311815, -0.000694428163115, 0.000459854112705, -4.81325114379e-05, 0.000972184643615, -0.00199683522806, 0.00212050345726], [-0.000193355066585, -0.000741811236367, -0.000794780498836, 0.00427628681064, -0.00024813314667, -0.00216371519491, 0.000285647576675, -0.00113764428534, 0.00144031073432, -0.000853316741996, 0.000418905372499, 0.00165577873122, -0.00148964324035], [0.000377361662686, -0.00063321046764, -0.000562850676943, -0.00024813314667, 0.00515141757205, -0.00145133514889, -0.00402298336849, 0.00150423985906, -0.000474094296806, -0.000800417270511, 0.00286743603647, -0.00183174072299, 0.00048742161016], [-0.000234458799241, 0.000890345138032, 4.14001187892e-05, -0.00216371519491, -0.00145133514889, 0.0074800462462, -0.00132227502763, -0.00309432251379, 0.000360059901141, -0.000376657117158, -0.00111070240382, 0.00127458292991, -0.000659207173157], [0.000253098085523, -0.000419537682319, 0.000227701311815, 0.000285647576675, -0.00402298336849, -0.00132227502763, 0.0125522082672, -0.00476276641712, -0.00142657908145, -0.000881749379914, -0.0029508441221, 0.00202975352295, 0.000562237517443], [0.000348622270394, 0.000803424103651, -0.000694428163115, -0.00113764428534, 0.00150423985906, -0.00309432251379, -0.00476276641712, 0.0132418749854, -0.00533890444785, -0.000177951093065, 0.00263129151426, -0.00553133711219, 0.00236173323356], [0.000235475017689, -0.00214711669832, 0.000459854112705, 0.00144031073432, -0.000474094296806, 0.000360059901141, -0.00142657908145, -0.00533890444785, 0.0194100197405, -0.00897060055286, -0.000119644653751, 0.000162374402862, -0.00388805521652], [-0.000690384127665, 0.00302276271395, -4.81325114379e-05, -0.000853316741996, -0.000800417270511, -0.000376657117158, -0.000881749379914, -0.000177951093065, -0.00897060055286, 0.0198137834668, -0.0110019892454, 0.00365997524932, -0.00100452383049], [0.000497991510201, -0.00230471394025, 0.000972184643615, 0.000418905372499, 0.00286743603647, -0.00111070240382, -0.0029508441221, 0.00263129151426, -0.000119644653751, -0.0110019892454, 0.021683672443, -0.00853124354035, 0.00143055175431], [-0.000516733329277, 0.00238834018819, -0.00199683522806, 0.00165577873122, -0.00183174072299, 0.00127458292991, 0.00202975352295, -0.00553133711219, 0.000162374402862, 0.00365997524932, -0.00853124354035, 0.0208101850003, -0.00972635019571], [0.000308650603984, -0.00115967099555, 0.00212050345726, -0.00148964324035, 0.00048742161016, -0.000659207173157, 0.000562237517443, 0.00236173323356, -0.00388805521652, -0.00100452383049, 0.00143055175431, -0.00972635019571, 0.0185196846724]]
    },
    "melbands": {
        "dmean": [0.00126026244834, 0.00135745794978, 0.000664370832965, 0.000586401438341, 0.00028201736859, 0.000236987325479, 0.000171139210579, 0.000125419886899, 8.29463460832e-05, 0.00016515229072, 9.39011661103e-05, 0.000138988456456, 9.46002328419e-05, 5.80478335905e-05, 3.69428016711e-05, 0.000127997496747, 5.70597476326e-05, 4.20377327828e-05, 5.66353846807e-05, 2.13787971006e-05, 1.30423832161e-05, 8.9368531917e-06, 1.08387848741e-05, 8.19842898636e-06, 5.14742214364e-06, 5.68890936847e-06, 5.57238035981e-06, 4.60307501271e-06, 3.98670363211e-06, 4.33180775872e-06, 3.85338262276e-06, 3.71987061953e-06, 2.82384598904e-06, 4.02285877499e-06, 3.80484357265e-06, 2.82677910945e-06, 2.44138095695e-06, 2.16593821278e-06, 2.01376246878e-06, 1.73289822669e-06],
        "dmean2": [0.0013280895073, 0.00195231207181, 0.000959632568993, 0.000954450515565, 0.000460921350168, 0.000349523092154, 0.000249690318014, 0.000183664873475, 0.000125077611301, 0.000254453305388, 0.000153053522808, 0.000231427286053, 0.000159262388479, 9.46339132497e-05, 6.1533493863e-05, 0.000204168667551, 9.25548010855e-05, 6.69185901643e-05, 9.28743829718e-05, 3.56134078174e-05, 2.12861450564e-05, 1.44379910125e-05, 1.77516285476e-05, 1.3700792806e-05, 8.56597489474e-06, 9.41412599786e-06, 9.26334359974e-06, 7.48238016968e-06, 6.50952461001e-06, 6.94547907187e-06, 6.20952596364e-06, 6.05068453297e-06, 4.59616512671e-06, 6.34401703792e-06, 5.87557087783e-06, 4.3392774387e-06, 3.70413135897e-06, 3.35255822392e-06, 3.30723810293e-06, 2.71111525763e-06],
        "dvar": [5.26359463038e-06, 8.53536312206e-06, 1.85072406111e-06, 1.93525602299e-06, 4.08887473213e-07, 2.57904247292e-07, 1.50699406731e-07, 8.82061641505e-08, 4.33081517315e-08, 1.06780085218e-07, 4.17274641507e-08, 9.51272340899e-08, 5.05633828141e-08, 1.61078972383e-08, 4.74101957693e-09, 6.53025225006e-08, 2.53288607865e-08, 1.10674056586e-08, 1.60887090317e-08, 1.99409511126e-09, 5.15266329604e-10, 1.9343691926e-10, 3.24033799792e-10, 1.50833595614e-10, 6.69963737265e-11, 8.84281467495e-11, 8.19716516887e-11, 5.0210273439e-11, 4.81273562669e-11, 5.85306664247e-11, 5.16774782688e-11, 4.33558709767e-11, 2.54158569191e-11, 5.41166764179e-11, 5.32380493856e-11, 2.35943625748e-11, 2.19367614351e-11, 1.65639706812e-11, 1.42611391446e-11, 1.2360556155e-11],
        "dvar2": [6.31536158835e-06, 1.61442549143e-05, 3.73825764655e-06, 4.69223778055e-06, 9.69899019765e-07, 4.69943103099e-07, 2.64443315245e-07, 1.52702554601e-07, 8.57034052615e-08, 2.2632332275e-07, 1.0187456212e-07, 2.56640333873e-07, 1.37744663675e-07, 3.98195005857e-08, 1.17252616505e-08, 1.39998718396e-07, 5.51720340525e-08, 2.37001334114e-08, 4.03702102858e-08, 4.88214801919e-09, 1.28930521814e-09, 4.81929718354e-10, 7.7273309973e-10, 3.70318276044e-10, 1.69461708555e-10, 2.1268904693e-10, 2.00869945677e-10, 1.21515505991e-10, 1.10649364671e-10, 1.37887007368e-10, 1.1819535628e-10, 1.00704583561e-10, 6.27379190266e-11, 1.33685923442e-10, 1.25811888685e-10, 5.1278776364e-11, 4.9507266342e-11, 3.7161305283e-11, 3.67931345113e-11, 2.79939162129e-11],
        "max": [0.0254902224988, 0.0329341627657, 0.0237022284418, 0.0280596762896, 0.0166980177164, 0.0184175539762, 0.0138665372506, 0.0119591848925, 0.0051836669445, 0.0099743725732, 0.00418842071667, 0.00718941027299, 0.0066556353122, 0.00362703716382, 0.00138057325967, 0.00489982776344, 0.00463868491352, 0.00352160353214, 0.00361826526932, 0.00139341573231, 0.000546180526726, 0.000354704068741, 0.000460827024654, 0.00032054525218, 0.000169684630237, 0.000315615150612, 0.00022613935289, 0.000127905863337, 0.000188721329323, 0.000166747733601, 0.000195109678316, 0.000137879746035, 9.95632071863e-05, 9.24632404349e-05, 9.88679821603e-05, 8.11603604234e-05, 5.06917458551e-05, 4.32991364505e-05, 4.04726451961e-05, 5.41893859918e-05],
        "mean": [0.00308418506756, 0.00284675229341, 0.00118537060916, 0.00100253906567, 0.000460813316749, 0.000435947673395, 0.000312818330713, 0.000224124043598, 0.000136173854116, 0.000238549342612, 0.000139448689879, 0.000195754211745, 0.000134017056553, 9.25170970731e-05, 6.05373679718e-05, 0.000190868508071, 0.000102828329545, 8.08979166322e-05, 9.33140545385e-05, 3.3781179809e-05, 2.39586424868e-05, 1.75666446012e-05, 2.00212798518e-05, 1.57747963385e-05, 1.03096699604e-05, 1.08947724584e-05, 1.11668859972e-05, 9.23308016354e-06, 8.28623160487e-06, 8.82024050952e-06, 8.23939990369e-06, 7.57812586016e-06, 5.88852117289e-06, 7.04341209712e-06, 6.60817113385e-06, 5.88304146731e-06, 4.74667785966e-06, 4.51162577519e-06, 4.30898944614e-06, 3.87084128306e-06],
        "median": [0.000250650482485, 0.000940178637393, 0.000340034282999, 0.000282355584204, 0.000171272491571, 0.000107402927824, 0.000102394798887, 8.19846609375e-05, 4.7565488785e-05, 0.000102998994407, 6.18193444097e-05, 9.14059055503e-05, 6.58245480736e-05, 4.71348466817e-05, 3.52956412826e-05, 7.57867965149e-05, 3.61056481779e-05, 3.69885856344e-05, 3.75552044716e-05, 1.89254242287e-05, 1.62147462106e-05, 1.23799918583e-05, 1.28724141177e-05, 1.14042722998e-05, 7.31508180252e-06, 7.32558692107e-06, 6.9767424975e-06, 6.30193562756e-06, 4.93943798574e-06, 4.96220582136e-06, 4.53465099781e-06, 4.09066706197e-06, 3.50560867446e-06, 3.61042430086e-06, 3.0503540529e-06, 2.68336975751e-06, 2.26450083574e-06, 2.03889317163e-06, 1.95615757548e-06, 1.58151760843e-06],
        "min": [3.98400474002e-24, 2.39984030257e-24, 1.95693040303e-24, 3.80908982265e-24, 4.86500617669e-24, 3.24591137279e-24, 4.94159234325e-24, 3.36064685272e-24, 4.64102016671e-24, 2.55063915042e-24, 4.89788866024e-24, 4.34254872676e-24, 5.73903960499e-24, 5.46013152106e-24, 6.16655646169e-24, 2.2949338323e-24, 7.23014843234e-24, 6.1574084362e-24, 4.32697858465e-24, 3.81886854243e-24, 6.38195848173e-24, 4.70647668918e-24, 5.27551519227e-24, 5.23302872164e-24, 5.79895635176e-24, 1.07337439808e-23, 7.50076322158e-24, 8.97487682959e-24, 6.55743625136e-24, 8.98898955118e-24, 9.43361522319e-24, 9.6341980967e-24, 9.53678955212e-24, 6.82326581034e-24, 7.07134994326e-24, 7.54670805842e-24, 8.48845651796e-24, 8.79471046517e-24, 7.41782711917e-24, 9.59030824252e-24],
        "var": [2.83517110802e-05, 2.07678313018e-05, 3.79000971407e-06, 3.52868096343e-06, 7.27206554529e-07, 7.13992676538e-07, 3.68407285123e-07, 2.15011453975e-07, 9.43479747662e-08, 1.88160001358e-07, 6.67328805548e-08, 1.26525264932e-07, 6.49132516628e-08, 2.6970079503e-08, 7.2879458024e-09, 1.27435711761e-07, 7.2751831226e-08, 2.6835817124e-08, 2.84210237567e-08, 3.09203951332e-09, 8.33906665942e-10, 4.04975969426e-10, 6.89739210191e-10, 3.09844427893e-10, 1.41077899363e-10, 1.96755389759e-10, 1.95172766837e-10, 1.16777199022e-10, 1.19377924213e-10, 1.49752016343e-10, 1.3095748097e-10, 1.0651111243e-10, 6.56118631648e-11, 1.03550869268e-10, 1.00062826081e-10, 6.90427784389e-11, 4.60550694803e-11, 4.10292945452e-11, 3.63266985937e-11, 3.42281376853e-11]
    },
    "mfcc": {
        "mean": [-626.577758789, 101.612213135, -17.4028167725, 3.23141217232, -0.433970034122, 9.09142589569, 0.77651143074, -0.158768936992, 1.32968723774, 2.35230541229, 0.192222684622, -2.1896853447, -3.42375016212],
        "cov": [[9282.60546875, -1460.43603516, 3558.65112305, 1002.98254395, 660.996582031, 357.24331665, 310.559967041, 264.257080078, -80.6785964966, -183.017791748, -249.232513428, -50.8942527771, 117.560256958], [-1460.43603516, 1988.64074707, -328.913482666, 326.530944824, 58.8359870911, 52.3582077026, -22.8085803986, -19.6238250732, 30.6317501068, -28.0661945343, 8.00648880005, -72.5477752686, -77.927192688], [3558.65112305, -328.913482666, 2175.22631836, 710.777893066, 592.019287109, 310.317382812, 327.223754883, 355.745452881, 102.26839447, -35.9537811279, -52.4126472473, -10.9052991867, 81.7545547485], [1002.98254395, 326.530944824, 710.777893066, 564.813659668, 313.670501709, 214.674804688, 194.562133789, 166.523086548, 110.954612732, 32.2272758484, 21.433008194, -7.7661652565, 24.7620487213], [660.996582031, 58.8359870911, 592.019287109, 313.670501709, 432.580688477, 243.917755127, 247.736953735, 248.006820679, 155.656616211, 68.1305236816, 55.262298584, 15.2966003418, 31.5533638], [357.24331665, 52.3582077026, 310.317382812, 214.674804688, 243.917755127, 264.42956543, 216.593093872, 160.848266602, 140.520401001, 90.0563735962, 83.7101135254, 43.2363777161, 42.7600250244], [310.559967041, -22.8085803986, 327.223754883, 194.562133789, 247.736953735, 216.593093872, 285.248901367, 218.962814331, 154.749572754, 116.077095032, 98.6260223389, 67.2714614868, 63.1504440308], [264.257080078, -19.6238250732, 355.745452881, 166.523086548, 248.006820679, 160.848266602, 218.962814331, 286.824005127, 168.046051025, 82.3863449097, 78.941947937, 51.2562561035, 69.8646011353], [-80.6785964966, 30.6317501068, 102.26839447, 110.954612732, 155.656616211, 140.520401001, 154.749572754, 168.046051025, 203.012451172, 115.238250732, 101.281570435, 63.8040390015, 48.9204063416], [-183.017791748, -28.0661945343, -35.9537811279, 32.2272758484, 68.1305236816, 90.0563735962, 116.077095032, 82.3863449097, 115.238250732, 163.213760376, 113.695114136, 87.1415100098, 43.565700531], [-249.232513428, 8.00648880005, -52.4126472473, 21.433008194, 55.262298584, 83.7101135254, 98.6260223389, 78.941947937, 101.281570435, 113.695114136, 145.482543945, 93.1186447144, 56.8273239136], [-50.8942527771, -72.5477752686, -10.9052991867, -7.7661652565, 15.2966003418, 43.2363777161, 67.2714614868, 51.2562561035, 63.8040390015, 87.1415100098, 93.1186447144, 128.540512085, 68.3079452515], [117.560256958, -77.927192688, 81.7545547485, 24.7620487213, 31.5533638, 42.7600250244, 63.1504440308, 69.8646011353, 48.9204063416, 43.565700531, 56.8273239136, 68.3079452515, 119.038673401]],
