{
"lowlevel": {
    "average_loudness": 0.907630622387,
    "barkbands_crest": {
        "dmean": 2.98521995544,
        "dmean2": 4.61009979248,
        "dvar": 9.8572769165,
        "dvar2": 23.7757129669,
        "max": 26.5436115265,
        "mean": 13.6757211685,
        "median": 13.0857286453,
        "min": 2.01600003242,
        "var": 33.7550964355
    },
    "barkbands_flatness_db": {
        "dmean": 0.027602545917,
        "dmean2": 0.039875485003,
        "dvar": 0.00106163311284,
        "dvar2": 0.00187278701924,
        "max": 0.399337828159,
        "mean": 0.134755581617,
        "median": 0.113357149065,
        "min": 0.0177402626723,
        "var": 0.00523359701037
    },
    "barkbands_kurtosis": {
        "dmean": 5.19571685791,
        "dmean2": 6.77500867844,
        "dvar": 159.749801636,
        "dvar2": 245.480743408,
        "max": 178.774856567,
        "mean": 7.73474359512,
        "median": 0.681941270828,
        "min": -1.84975266457,
        "var": 439.313476562
    },
    "barkbands_skewness": {
        "dmean": 0.728178620338,
        "dmean2": 0.993673682213,
        "dvar": 1.0161755085,
        "dvar2": 1.38155639172,
        "max": 13.0215806961,
        "mean": 1.81696581841,
        "median": 1.14956450462,
        "min": -2.2015144825,
        "var": 4.51852989197
    },
    "barkbands_spread": {
        "dmean": 6.85989379883,
        "dmean2": 10.0860939026,
        "dvar": 64.1602554321,
        "dvar2": 118.039726257,
        "max": 95.4575500488,
        "mean": 29.4171085358,
        "median": 27.0615406036,
        "min": 0.971924722195,
        "var": 332.171447754
    },
    "dissonance": {
        "dmean": 0.0161642637104,
        "dmean2": 0.0273527298123,
        "dvar": 0.000287943898002,
        "dvar2": 0.000766814511735,
        "max": 0.499999970198,
        "mean": 0.471787214279,
        "median": 0.478328436613,
        "min": 0.189559325576,
        "var": 0.000634293362964
    },
    "dynamic_complexity": 3.50585269928,
    "erbbands_crest": {
        "dmean": 2.24554872513,
        "dmean2": 3.51216602325,
        "dvar": 4.78103065491,
        "dvar2": 10.926024437,
        "max": 26.3920288086,
        "mean": 8.67490673065,
        "median": 7.64525270462,
        "min": 2.19444298744,
        "var": 18.2451286316
    },
    "erbbands_flatness_db": {
        "dmean": 0.0148740205914,
        "dmean2": 0.0221745949239,
        "dvar": 0.000222804112127,
        "dvar2": 0.000481290539028,
        "max": 0.512561619282,
        "mean": 0.136791080236,
        "median": 0.120916470885,
        "min": 0.0456128828228,
        "var": 0.00266316765919
    },
    "erbbands_kurtosis": {
        "dmean": 0.701405465603,
        "dmean2": 1.07840895653,
        "dvar": 0.99321949482,
        "dvar2": 2.23050642014,
        "max": 15.4976291656,
        "mean": 0.328375786543,
        "median": -0.337996721268,
        "min": -1.56823420525,
        "var": 3.51883912086
    },
    "erbbands_skewness": {
        "dmean": 0.289988547564,
        "dmean2": 0.434365510941,
        "dvar": 0.0719926282763,
        "dvar2": 0.157921984792,
        "max": 3.68055129051,
        "mean": 0.20748154819,
        "median": 0.0916496068239,
        "min": -2.13774418831,
        "var": 0.403362631798
    },
    "erbbands_spread": {
        "dmean": 7.54995632172,
        "dmean2": 11.0172176361,
        "dvar": 95.1853637695,
        "dvar2": 159.646194458,
        "max": 122.397186279,
        "mean": 40.736415863,
        "median": 39.1514663696,
        "min": 2.99099683762,
        "var": 415.931610107
    },
    "hfc": {
        "dmean": 9.92543792725,
        "dmean2": 14.0173168182,
        "dvar": 197.380630493,
        "dvar2": 387.641906738,
        "max": 155.819961548,
        "mean": 31.712638855,
        "median": 17.116476059,
        "min": 1.12775568019e-16,
        "var": 912.963867188
    },
    "melbands_crest": {
        "dmean": 3.45253658295,
        "dmean2": 5.36701202393,
        "dvar": 14.1915807724,
        "dvar2": 37.6613540649,
        "max": 36.7282676697,
        "mean": 19.0304355621,
        "median": 18.0763034821,
        "min": 1.91788828373,
        "var": 53.9694290161
    },
    "melbands_flatness_db": {
        "dmean": 0.034905821085,
        "dmean2": 0.0502564907074,
        "dvar": 0.00162103050388,
        "dvar2": 0.0030097856652,
        "max": 0.449392795563,
        "mean": 0.200676009059,
        "median": 0.179452285171,
        "min": 0.0041722888127,
        "var": 0.00830779504031
    },
    "melbands_kurtosis": {
        "dmean": 18.9080600739,
        "dmean2": 24.0395565033,
        "dvar": 2325.38623047,
        "dvar2": 3162.44775391,
        "max": 628.827026367,
        "mean": 31.8796329498,
        "median": 6.14612674713,
        "min": -1.55170547962,
        "var": 6496.51904297
    },
    "melbands_skewness": {
        "dmean": 1.16639649868,
        "dmean2": 1.56974339485,
        "dvar": 3.31801271439,
        "dvar2": 4.28501749039,
        "max": 22.2573680878,
        "mean": 3.47306871414,
        "median": 2.31572818756,
        "min": -0.927771031857,
        "var": 13.8418140411
    },
    "melbands_spread": {
        "dmean": 9.4579000473,
        "dmean2": 14.6144418716,
        "dvar": 132.658325195,
        "dvar2": 288.487731934,
        "max": 192.761901855,
        "mean": 28.6135177612,
        "median": 24.924413681,
        "min": 0.756816804409,
        "var": 466.069763184
    },
    "pitch_salience": {
        "dmean": 0.0818435102701,
        "dmean2": 0.128617584705,
        "dvar": 0.00974280107766,
        "dvar2": 0.0226579122245,
        "max": 0.937190532684,
        "mean": 0.427358448505,
        "median": 0.444697082043,
        "min": 0.0285733621567,
        "var": 0.0273283049464
    },
    "silence_rate_20dB": {
        "dmean": 0,
        "dmean2": 0,
        "dvar": 0,
        "dvar2": 0,
        "max": 1,
        "mean": 1,
        "median": 1,
        "min": 1,
        "var": 0
    },
    "silence_rate_30dB": {
        "dmean": 0.00139794964343,
        "dmean2": 0.00279622501694,
        "dvar": 0.00139599095564,
        "dvar2": 0.00348744587973,
        "max": 1,
        "mean": 0.998951673508,
        "median": 1,
        "min": 0,
        "var": 0.00104722846299
    },
    "silence_rate_60dB": {
        "dmean": 0.00722273997962,
        "dmean2": 0.0144471628591,
        "dvar": 0.00717081781477,
        "dvar2": 0.0149369500577,
        "max": 1,
        "mean": 0.0354106016457,
        "median": 0,
        "min": 0,
        "var": 0.0341561697423
    },
    "spectral_centroid": {
        "dmean": 264.612457275,
        "dmean2": 392.424102783,
        "dvar": 100758.835938,
        "dvar2": 196783.296875,
        "max": 11313.46875,
        "mean": 1862.67919922,
        "median": 1972.21203613,
        "min": 345.838226318,
        "var": 678354.625
    },
    "spectral_complexity": {
        "dmean": 5.69687795639,
        "dmean2": 8.19060897827,
        "dvar": 41.3704452515,
        "dvar2": 79.0933074951,
        "max": 56,
        "mean": 21.2642974854,
        "median": 18,
        "min": 0,
        "var": 184.35987854
    },
    "spectral_decrease": {
        "dmean": 2.35255259717e-09,
        "dmean2": 3.59888852053e-09,
        "dvar": 9.34447822746e-18,
        "dvar2": 2.48540874159e-17,
        "max": 1.48706600092e-28,
        "mean": -8.3878726187e-09,
        "median": -6.82827172582e-09,
        "min": -3.6114190749e-08,
        "var": 3.52426090243e-17
    },
    "spectral_energy": {
        "dmean": 0.00931386463344,
        "dmean2": 0.014202799648,
        "dvar": 0.000136523565743,
        "dvar2": 0.000360655481927,
        "max": 0.137647643685,
        "mean": 0.0345342643559,
        "median": 0.0289516691118,
        "min": 1.02233586429e-20,
        "var": 0.000565728405491
    },
    "spectral_energyband_high": {
        "dmean": 0.000786401040386,
        "dmean2": 0.00110487558413,
        "dvar": 1.55862301199e-06,
        "dvar2": 2.95962377095e-06,
        "max": 0.0153727401048,
        "mean": 0.00219571427442,
        "median": 0.000866140180733,
        "min": 7.23216772693e-21,
        "var": 6.7150558607e-06
    },
    "spectral_energyband_low": {
        "dmean": 0.00798026099801,
        "dmean2": 0.012570431456,
        "dvar": 0.000169339982676,
        "dvar2": 0.000440316536697,
        "max": 0.1365429461,
        "mean": 0.0200739651918,
        "median": 0.0141231901944,
        "min": 2.24399294213e-23,
        "var": 0.000427794759162
    },
    "spectral_energyband_middle_high": {
        "dmean": 0.00244641373865,
        "dmean2": 0.00378094799817,
        "dvar": 1.21944567582e-05,
        "dvar2": 2.86619033432e-05,
        "max": 0.0489204861224,
        "mean": 0.00588802387938,
        "median": 0.00314198038541,
        "min": 1.23563789558e-21,
        "var": 3.66809254047e-05
    },
    "spectral_energyband_middle_low": {
        "dmean": 0.00264161662199,
        "dmean2": 0.00412230333313,
        "dvar": 1.73070911842e-05,
        "dvar2": 4.38476963609e-05,
        "max": 0.0560472682118,
        "mean": 0.00658605014905,
        "median": 0.00440750224516,
        "min": 2.58819128821e-22,
        "var": 4.01729012083e-05
    },
    "spectral_entropy": {
        "dmean": 0.143504887819,
        "dmean2": 0.208313554525,
        "dvar": 0.0250232741237,
        "dvar2": 0.0543710589409,
        "max": 9.80872917175,
        "mean": 7.89272737503,
        "median": 7.98262643814,
        "min": 6.31742572784,
        "var": 0.155847385526
    },
    "spectral_flux": {
        "dmean": 0.0276398137212,
        "dmean2": 0.0377552695572,
        "dvar": 0.000974117894657,
        "dvar2": 0.00163898989558,
        "max": 0.332979410887,
        "mean": 0.0807047337294,
        "median": 0.0696320906281,
        "min": 6.49357095872e-11,
        "var": 0.00309845223092
    },
    "spectral_kurtosis": {
        "dmean": 1.00409412384,
        "dmean2": 1.65718460083,
        "dvar": 2.43017435074,
        "dvar2": 7.02982568741,
        "max": 37.8142204285,
        "mean": 3.73448443413,
        "median": 2.61060094833,
        "min": -1.23512744904,
        "var": 9.17189693451
    },
    "spectral_rms": {
        "dmean": 0.0007366577629,
        "dmean2": 0.00109997775871,
        "dvar": 6.97087386925e-07,
        "dvar2": 1.66809343227e-06,
        "max": 0.0115883732215,
        "mean": 0.00539015885442,
        "median": 0.00531465234235,
        "min": 3.1581653525e-12,
        "var": 4.63822107122e-06
    },
    "spectral_rolloff": {
        "dmean": 673.557373047,
        "dmean2": 1096.07458496,
        "dvar": 951578.125,
        "dvar2": 1870485.75,
        "max": 19099.9511719,
        "mean": 1913.06054688,
        "median": 1399.65820312,
        "min": 64.599609375,
        "var": 3498851.5
    },
    "spectral_skewness": {
        "dmean": 0.147171273828,
        "dmean2": 0.231918126345,
        "dvar": 0.0286084469408,
        "dvar2": 0.0742659345269,
        "max": 4.09581708908,
        "mean": 1.46058046818,
        "median": 1.30030226707,
        "min": -0.0301759336144,
        "var": 0.187639892101
    },
    "spectral_spread": {
        "dmean": 471839.59375,
        "dmean2": 708906.0625,
        "dvar": 423911620608,
        "dvar2": 704630620160,
        "max": 41333200,
        "mean": 5391244,
        "median": 5687815,
        "min": 1154935.375,
        "var": 3.47495176602e+12
    },
    "spectral_strongpeak": {
        "dmean": 0.356946766376,
        "dmean2": 0.618258595467,
        "dvar": 0.541552126408,
        "dvar2": 1.34418034554,
        "max": 10.4535055161,
        "mean": 0.706859946251,
        "median": 0.357624441385,
        "min": 0,
        "var": 0.876916468143
    },
    "zerocrossingrate": {
        "dmean": 0.013397985138,
        "dmean2": 0.0143626257777,
        "dvar": 0.000222637332627,
        "dvar2": 0.000236217223573,
        "max": 0.6044921875,
        "mean": 0.0723602697253,
        "median": 0.06689453125,
        "min": 0.00244140625,
        "var": 0.00246127834544
    },
    "barkbands": {
        "dmean": [0.000375263422029, 0.00785772036761, 0.00123279716354, 0.000442452874267, 0.000373894203221, 0.000435849186033, 0.000288198498311, 0.000552986690309, 0.00148121372331, 0.000353788171196, 0.000518947781529, 0.000465010933112, 0.000297120335745, 0.000306409929181, 0.00044934390462, 0.000418433424784, 0.000226390460739, 0.000393156544305, 0.000231015714235, 0.000289251736831, 0.000231708487263, 0.000171181382029, 0.000152640350279, 0.000137052033097, 0.000117507945106, 5.03744849993e-05, 1.38131972562e-05],
        "dmean2": [0.000511560065206, 0.0126995956525, 0.00214717769995, 0.000823818380013, 0.000656803429592, 0.000720015144907, 0.000450457155239, 0.000830456905533, 0.00218809884973, 0.000589620729443, 0.000814180530142, 0.000792943115812, 0.000512652215548, 0.000506222131662, 0.000731627224013, 0.000643009145278, 0.000377375137759, 0.00060151546495, 0.000364680920029, 0.000451217434602, 0.000351881084498, 0.000259169522906, 0.000226201227633, 0.000207170291105, 0.000167885315022, 7.36517540645e-05, 2.20953952521e-05],
        "dvar": [4.92427602694e-07, 0.000184041418834, 1.99621699721e-05, 3.10471841658e-06, 9.6001701877e-07, 5.0665028084e-07, 2.82383979311e-07, 1.69984809872e-06, 5.88257580603e-06, 8.93730486951e-07, 1.7115881974e-06, 1.08206984351e-06, 2.56179845337e-07, 2.96058885851e-07, 6.03635271545e-07, 5.14625128289e-07, 1.96454081447e-07, 4.46571078783e-07, 1.70846831793e-07, 2.20690040464e-07, 1.38814115758e-07, 6.41654125388e-08, 5.58202195577e-08, 6.51787388506e-08, 4.56525661718e-08, 9.72003899591e-09, 5.25825161191e-10],
        "dvar2": [8.20558113901e-07, 0.000495259999298, 5.42937523278e-05, 9.06693458091e-06, 2.69404222308e-06, 1.36868118261e-06, 6.28091925137e-07, 3.5183734326e-06, 1.26419135995e-05, 2.26083534471e-06, 4.14587611886e-06, 2.81058919427e-06, 7.08451239007e-07, 7.08967888841e-07, 1.50306254909e-06, 1.10158600819e-06, 4.8857020829e-07, 9.77272975433e-07, 3.75555032406e-07, 5.10646032126e-07, 3.23941179659e-07, 1.44427630744e-07, 1.15508129284e-07, 1.28683979028e-07, 8.59839133227e-08, 2.02559586882e-08, 1.28167942925e-09],
        "max": [0.010893445462, 0.131922006607, 0.0391832962632, 0.0177915729582, 0.0122402282432, 0.0103691313416, 0.0100253531709, 0.0265801567584, 0.0382445044816, 0.0235520768911, 0.0239956825972, 0.0324829369783, 0.00658715656027, 0.0112942792475, 0.0100936572999, 0.0124683259055, 0.0101314261556, 0.00969099532813, 0.0118078021333, 0.0116228945553, 0.00636838190258, 0.00465858262032, 0.00371117168106, 0.00343866529875, 0.00326344417408, 0.00124135229271, 0.000333258940373],
        "mean": [0.00102883286308, 0.0174907241017, 0.00139415019657, 0.000342609913787, 0.000491745071486, 0.00077473197598, 0.000487195153255, 0.00107857875992, 0.00328594422899, 0.00045601054444, 0.000935668474995, 0.000630590307992, 0.000382686353987, 0.00043932403787, 0.000663224956952, 0.000699469528627, 0.00034154127934, 0.000723757373635, 0.000398646079702, 0.000562915520277, 0.000491135579068, 0.00037467625225, 0.000351007125573, 0.000320799765177, 0.00025238096714, 0.000114107897389, 2.17721426452e-05],
        "median": [9.46450018091e-05, 0.0117831462994, 0.000392373563955, 8.45426257001e-05, 0.000289503193926, 0.000438861461589, 0.000186553617823, 0.000312966847559, 0.00117171602324, 0.000180847695447, 0.00025039826869, 0.000242157591856, 0.000188632038771, 0.000206337907002, 0.000245913455728, 0.000206559023354, 0.000146464211866, 0.000220433532377, 0.000149007246364, 0.000174142987817, 0.000176504414412, 0.000143291486893, 0.00012266865815, 0.000103025427961, 0.000105154045741, 3.98023621528e-05, 5.45105785932e-06],
        "min": [1.62506322691e-24, 8.68744431472e-24, 9.4053923438e-25, 2.62830112604e-24, 4.6690487891e-24, 2.5384914419e-23, 2.60313070447e-23, 2.03839149331e-23, 3.72632995176e-23, 3.47434095736e-23, 2.06679884783e-23, 3.10915073861e-23, 6.30613893021e-23, 5.1499742901e-23, 5.87052867617e-23, 6.08203995534e-23, 1.00235115242e-22, 1.68558522326e-22, 1.89238883299e-22, 2.20712376068e-22, 3.24671545871e-22, 3.75875459621e-22, 5.19244201739e-22, 6.20569838296e-22, 9.98353684976e-22, 1.4162576089e-21, 1.96158410176e-21],
        "var": [2.88497426482e-06, 0.000356656004442, 1.4351914615e-05, 1.71488693468e-06, 6.83073380969e-07, 8.46930504395e-07, 7.40540087918e-07, 5.16925410921e-06, 1.99867026822e-05, 1.20775905543e-06, 4.62026901005e-06, 1.81518601039e-06, 2.95817699225e-07, 4.75109033005e-07, 1.03187301193e-06, 1.52275390519e-06, 3.37840816655e-07, 1.29586192088e-06, 4.07552903425e-07, 6.16745580828e-07, 4.42983917992e-07, 2.2166443614e-07, 2.07335475011e-07, 1.93112839497e-07, 1.19543869914e-07, 2.40773694316e-08, 1.05627762093e-09]
    },
    "erbbands": {
        "dmean": [0.289954662323, 1.70013785362, 1.72146034241, 1.35266113281, 1.29355013371, 1.31081950665, 2.23231458664, 4.04637336731, 3.52757954597, 5.64460325241, 19.2256298065, 26.3753910065, 20.9954071045, 18.47290802, 13.2911300659, 16.5474739075, 13.1208839417, 14.8097505569, 15.3112201691, 21.9020175934, 24.1755523682, 14.0053215027, 17.9929885864, 16.4197349548, 13.872636795, 10.0316162109, 10.9606208801, 8.87384223938, 6.78773975372, 5.3888425827, 4.04534816742, 3.26297545433, 2.15834999084, 1.3649122715, 0.921589612961, 0.300918459892, 0.081576988101, 0.0206136088818, 0.00223119929433, 3.84395607398e-05],
        "dmean2": [0.451834470034, 2.71992874146, 2.82927250862, 2.45084929466, 2.34510564804, 2.29073739052, 3.59128046036, 6.84239959717, 5.78526592255, 8.47712135315, 28.5167579651, 39.6316070557, 31.3424434662, 29.0670070648, 21.7161216736, 28.4610900879, 22.2872333527, 24.9569835663, 24.6073207855, 35.4638404846, 37.0556602478, 22.6961116791, 27.5235424042, 24.8740158081, 21.2181720734, 15.9882001877, 16.9144096375, 13.5094995499, 10.364282608, 8.04871940613, 6.09154939651, 5.042760849, 3.25475072861, 1.93815374374, 1.36672484875, 0.454934060574, 0.119180992246, 0.0310722999275, 0.00360747100785, 5.90782510699e-05],
        "dvar": [0.240444585681, 10.1845674515, 27.7114505768, 30.0078220367, 19.0761051178, 10.2202320099, 14.9656219482, 50.7652244568, 36.6909790039, 124.559150696, 1733.15466309, 2050.48730469, 1810.10925293, 1707.22900391, 944.07434082, 1405.96508789, 566.759887695, 729.567321777, 616.373046875, 1344.2578125, 2035.08459473, 807.413024902, 1209.98620605, 790.266662598, 591.907043457, 271.985900879, 343.656677246, 195.806762695, 115.401153564, 70.6469802856, 40.9094772339, 31.1972885132, 17.6900463104, 5.86057519913, 3.98536920547, 0.344208151102, 0.0243230722845, 0.00104237627238, 1.64605498867e-05, 3.58177620896e-09],
        "dvar2": [0.665548622608, 25.3864078522, 70.0569152832, 85.7527923584, 54.6496009827, 29.0620956421, 38.5393714905, 139.056564331, 94.0149230957, 255.566329956, 3789.48535156, 4606.26220703, 3631.39233398, 4080.00561523, 2333.85668945, 3697.87646484, 1499.57641602, 1859.29333496, 1524.49157715, 3330.37524414, 4170.70556641, 2024.28051758, 2607.26049805, 1667.73681641, 1329.92980957, 702.50390625, 808.311279297, 459.140228271, 269.324951172, 153.400848389, 85.3554153442, 67.6335144043, 33.8734054565, 11.0443868637, 8.71871852875, 0.720594465733, 0.0497875958681, 0.0022939494811, 4.1921310185e-05, 8.50828918431e-09],
        "max": [4.50677871704, 32.449016571, 47.3372039795, 54.9613876343, 47.0305938721, 56.8313865662, 68.3488464355, 103.652526855, 90.5367889404, 186.249740601, 894.708312988, 626.445983887, 642.281921387, 786.453674316, 739.533996582, 1203.96679688, 616.474914551, 362.644958496, 464.182312012, 557.840209961, 860.493225098, 680.840942383, 662.25994873, 524.755187988, 539.05859375, 273.954345703, 339.034362793, 216.966110229, 214.367172241, 157.123260498, 91.8943252563, 82.2269134521, 62.0299873352, 36.0844459534, 32.9857177734, 8.01049613953, 2.22957611084, 0.36945566535, 0.0731559544802, 0.00110082083847],
        "mean": [0.609908640385, 3.40018796921, 2.788189888, 1.22141122818, 1.24510002136, 1.81273078918, 3.72886443138, 6.81718730927, 6.03632116318, 10.9254970551, 40.7807388306, 55.8133277893, 40.8526916504, 32.5577392578, 23.8188514709, 22.4436092377, 18.7177219391, 21.1568565369, 25.4833393097, 34.96717453, 40.9648132324, 23.3682594299, 33.0639953613, 30.4217376709, 26.9592113495, 20.2166748047, 22.0056552887, 18.9920978546, 14.4546632767, 12.2850313187, 9.32164764404, 7.30103683472, 4.87326192856, 2.96401762962, 1.77641487122, 0.633293867111, 0.185903310776, 0.0433904416859, 0.00330429361202, 9.96416856651e-05],
        "median": [0.276520907879, 2.53908348083, 1.47552192211, 0.390365958214, 0.462365597486, 0.989349663258, 1.82605159283, 3.77584004402, 3.20641231537, 4.31566429138, 11.2770767212, 19.7186126709, 13.9063205719, 12.1924715042, 9.02930641174, 9.39678192139, 9.6288022995, 10.7816677094, 12.4518260956, 13.7898578644, 13.2977285385, 9.71768379211, 11.2843523026, 9.74958992004, 8.26997566223, 7.41539478302, 7.28046178818, 6.46327447891, 5.2271695137, 4.58755779266, 3.30686330795, 2.42359352112, 1.58064305782, 1.20747828484, 0.704761326313, 0.24155780673, 0.0627157539129, 0.0147378947586, 0.000815958017483, 6.32204755675e-05],
        "min": [1.74053373982e-22, 2.07407925143e-21, 1.972629871e-21, 6.37087479984e-21, 2.06565028907e-20, 2.32839290154e-20, 7.04490082172e-20, 1.66535639415e-19, 3.15160724768e-19, 3.32195475507e-19, 6.29545295627e-19, 7.79202327567e-19, 9.49872487103e-19, 9.38099639035e-19, 1.14534932792e-18, 2.30879405892e-18, 2.38555124989e-18, 2.92838170263e-18, 2.6425947301e-18, 4.0976773923e-18, 4.99742407845e-18, 6.47540930385e-18, 6.814800682e-18, 8.54665011894e-18, 9.31148612873e-18, 1.03478640269e-17, 1.01333396981e-17, 1.20851831957e-17, 1.33057948958e-17, 1.31217273571e-17, 1.51073950971e-17, 1.09457650629e-17, 1.15905225719e-17, 8.24763756239e-18, 7.25817403982e-18, 5.03717548356e-18, 2.40071739962e-18, 1.08904717613e-18, 2.87880308166e-19, 2.69428542107e-20],
        "var": [0.635414242744, 14.5555238724, 25.0108394623, 17.8353824615, 11.560544014, 7.86347723007, 24.2721118927, 80.1487731934, 67.3920593262, 379.929168701, 5067.06298828, 6265.91308594, 5226.02978516, 3675.48339844, 2946.4934082, 2085.28515625, 711.753417969, 942.684020996, 1174.4588623, 2536.94189453, 5714.07128906, 1441.16906738, 3290.22583008, 2132.93798828, 1805.79089355, 712.330993652, 931.669189453, 676.710510254, 355.040588379, 249.287567139, 144.242950439, 94.0351638794, 48.323184967, 16.1011257172, 7.92192316055, 0.776357769966, 0.0640026032925, 0.00321505940519, 2.66163806373e-05, 9.83496928342e-09]
    },
    "gfcc": {
        "mean": [8.48213863373, 53.1661834717, -114.451644897, 28.6335678101, -49.3880310059, 26.8071098328, -22.9262428284, 25.3316555023, -11.8853473663, 12.4087810516, -14.3325881958, 6.20261478424, -7.39476728439],
        "cov": [[16395.9921875, -1196.61352539, 1150.16442871, 1257.63586426, -791.404968262, 146.924179077, -294.401397705, 337.544219971, -212.830108643, 300.581665039, -352.440246582, 251.541610718, -90.3288269043], [-1196.61352539, 2289.10571289, 287.389648438, -37.620262146, 221.955032349, -99.3621063232, 172.999755859, 44.8411750793, 202.244430542, -83.1958312988, 126.360275269, -111.404380798, 86.6769943237], [1150.16442871, 287.389648438, 973.119812012, 494.627105713, 357.966339111, 380.466125488, 194.690811157, 125.353843689, 53.0469589233, 94.1071624756, 27.7687187195, 67.9921417236, 9.0695734024], [1257.63586426, -37.620262146, 494.627105713, 572.215393066, 286.101501465, 342.27041626, 171.465560913, 83.8022918701, 34.5473709106, 83.264793396, 40.2645874023, 52.8505325317, 9.81827068329], [-791.404968262, 221.955032349, 357.966339111, 286.101501465, 516.971191406, 356.688812256, 243.638015747, 80.9362487793, 80.0260696411, 46.4037780762, 86.5146484375, 22.7154922485, 17.5173282623], [146.924179077, -99.3621063232, 380.466125488, 342.27041626, 356.688812256, 417.926177979, 199.149902344, 95.6026153564, 35.5772247314, 71.4546127319, 53.8751678467, 54.2121810913, 7.36464452744], [-294.401397705, 172.999755859, 194.690811157, 171.465560913, 243.638015747, 199.149902344, 218.632629395, 102.152503967, 93.5720748901, 42.8539543152, 70.483833313, 25.4606952667, 32.1103782654], [337.544219971, 44.8411750793, 125.353843689, 83.8022918701, 80.9362487793, 95.6026153564, 102.152503967, 145.117111206, 89.4535064697, 62.5616989136, 31.0406723022, 22.2301998138, 18.8114147186], [-212.830108643, 202.244430542, 53.0469589233, 34.5473709106, 80.0260696411, 35.5772247314, 93.5720748901, 89.4535064697, 135.378005981, 56.9676895142, 52.9429016113, -3.07060837746, 26.3636798859], [300.581665039, -83.1958312988, 94.1071624756, 83.264793396, 46.4037780762, 71.4546127319, 42.8539543152, 62.5616989136, 56.9676895142, 95.6352844238, 40.3894805908, 23.845375061, -1.45595383644], [-352.440246582, 126.360275269, 27.7687187195, 40.2645874023, 86.5146484375, 53.8751678467, 70.483833313, 31.0406723022, 52.9429016113, 40.3894805908, 97.2339477539, 32.8496780396, 17.511177063], [251.541610718, -111.404380798, 67.9921417236, 52.8505325317, 22.7154922485, 54.2121810913, 25.4606952667, 22.2301998138, -3.07060837746, 23.845375061, 32.8496780396, 85.3893051147, 31.9157562256], [-90.3288269043, 86.6769943237, 9.0695734024, 9.81827068329, 17.5173282623, 7.36464452744, 32.1103782654, 18.8114147186, 26.3636798859, -1.45595383644, 17.511177063, 31.9157562256, 75.9168167114]],
        "icov": [[0.00018319755327, -0.000100234967249, 1.08888898467e-05, -0.00062988710124, 0.000479088135762, 8.98478174349e-05, 0.000199061309104, -0.000662077276502, 0.000425021135015, -0.000504113733768, 0.000775009160861, -0.000613033014815, 0.000294867029879], [-0.000100234967249, 0.00111834902782, -0.000870224437676, 0.000476277025882, -0.000519429566339, 0.000880362524185, -0.000113752692414, 0.000244317168836, -0.00131165073253, 0.00251501402818, -0.00272682402283, 0.0024629808031, -0.00123447016813], [1.08888898467e-05, -0.000870224437676, 0.00284517859109, -0.00142028555274, -0.000570612028241, -0.000875767960679, 0.000206045719096, -0.000545026152395, 0.000706552469637, -0.00221588346176, 0.00322912842967, -0.00284073175862, 0.00127638061531], [-0.00062988710124, 0.000476277025882, -0.00142028555274, 0.00656956108287, -0.00121671729721, -0.00254759355448, -0.00178795494139, 0.00327359186485, -0.00108114001341, 0.000280812848359, -0.00260350084864, 0.00265983236022, -0.0016370723024], [0.000479088135762, -0.000519429566339, -0.000570612028241, -0.00121671729721, 0.00876471213996, -0.00506022851914, -0.00301532098092, 0.00089245417621, -0.000601232808549, 0.000318096630508, -7.50949329813e-05, 0.000186545003089, 0.00106513511855], [8.98478174349e-05, 0.000880362524185, -0.000875767960679, -0.00254759355448, -0.00506022851914, 0.0121656367555, -0.00353472307324, -0.00280821532942, 0.00468218559399, -0.00237903743982, 0.000381627527531, -0.00086803920567, 0.000319512007991], [0.000199061309104, -0.000113752692414, 0.000206045719096, -0.00178795494139, -0.00301532098092, -0.00353472307324, 0.0187005959451, -0.00684297690168, -0.0052143195644, 0.00579251768067, -0.00444229366258, -2.11018596019e-05, -0.00164670508821], [-0.000662077276502, 0.000244317168836, -0.000545026152395, 0.00327359186485, 0.00089245417621, -0.00280821532942, -0.00684297690168, 0.0206558816135, -0.0105032185093, -0.0033397350926, 0.00287782587111, -0.00168372970074, 4.50160550827e-05], [0.000425021135015, -0.00131165073253, 0.000706552469637, -0.00108114001341, -0.000601232808549, 0.00468218559399, -0.0052143195644, -0.0105032185093, 0.0270242244005, -0.0131267644465, -0.00174815079663, 0.00585167808458, -0.00514203077182], [-0.000504113733768, 0.00251501402818, -0.00221588346176, 0.000280812848359, 0.000318096630508, -0.00237903743982, 0.00579251768067, -0.0033397350926, -0.0131267644465, 0.0303286723793, -0.0133173083887, 0.00213208585046, 0.00260766339488], [0.000775009160861, -0.00272682402283, 0.00322912842967, -0.00260350084864, -7.50949329813e-05, 0.000381627527531, -0.00444229366258, 0.00287782587111, -0.00174815079663, -0.0133173083887, 0.0299800187349, -0.0163607522845, 0.0054470798932], [-0.000613033014815, 0.0024629808031, -0.00284073175862, 0.00265983236022, 0.000186545003089, -0.00086803920567, -2.11018596019e-05, -0.00168372970074, 0.00585167808458, 0.00213208585046, -0.0163607522845, 0.0292877946049, -0.0136089306325], [0.000294867029879, -0.00123447016813, 0.00127638061531, -0.0016370723024, 0.00106513511855, 0.000319512007991, -0.00164670508821, 4.50160550827e-05, -0.00514203077182, 0.00260766339488, 0.0054470798932, -0.0136089306325, 0.0217009130865]]
    },
    "melbands": {
        "dmean": [0.00229110755026, 0.00126755656675, 0.000235438259551, 8.75691039255e-05, 7.08862717147e-05, 8.72978707775e-05, 5.69313451706e-05, 7.29272287572e-05, 0.000188154241187, 0.000178995702299, 0.000105968982098, 7.23257107893e-05, 5.57125713385e-05, 4.14541682403e-05, 4.91578357469e-05, 2.9818236726e-05, 2.78634342976e-05, 2.25481489906e-05, 4.27246486652e-05, 2.49113891186e-05, 2.87197599391e-05, 1.62267697306e-05, 1.351163246e-05, 1.82418789336e-05, 1.36706366902e-05, 9.87944804365e-06, 1.18740763355e-05, 6.51371783533e-06, 8.46805323818e-06, 6.22372408543e-06, 5.21107995155e-06, 4.61225772597e-06, 3.33959837917e-06, 3.3968799471e-06, 2.66980282504e-06, 2.20372362492e-06, 2.14184638025e-06, 1.72711759205e-06, 1.38127484206e-06, 1.19509081742e-06],
        "dmean2": [0.00371630536392, 0.00197837292217, 0.000424471421866, 0.000155620058649, 0.000116080598673, 0.000146697144373, 9.17057768675e-05, 0.000106942206912, 0.000280086911516, 0.000265439623035, 0.000158539100084, 0.000114831607789, 8.90405281098e-05, 7.09238520358e-05, 8.35049941088e-05, 5.00871574332e-05, 4.71009989269e-05, 3.64082588931e-05, 6.94160044077e-05, 3.98755946662e-05, 4.46190460934e-05, 2.66832303168e-05, 2.12075028685e-05, 2.84611960524e-05, 2.08917135751e-05, 1.53795735969e-05, 1.84071905096e-05, 1.04366345113e-05, 1.32374652821e-05, 9.48050728766e-06, 8.01118676463e-06, 7.10662789061e-06, 5.20294634043e-06, 5.13527220392e-06, 4.12504368796e-06, 3.38553195434e-06, 3.35617005476e-06, 2.70416194326e-06, 2.02353135137e-06, 1.74067270109e-06],
        "dvar": [1.52550865096e-05, 7.91043476056e-06, 8.40054610762e-07, 6.37051087438e-08, 1.727921628e-08, 2.27664269659e-08, 9.23737353276e-09, 2.70583324635e-08, 1.75075498987e-07, 9.04325290207e-08, 4.84586806238e-08, 2.62661945527e-08, 2.10069774909e-08, 8.28134805175e-09, 1.96566105615e-08, 2.89654789043e-09, 2.44292630569e-09, 1.9043961963e-09, 5.86722403995e-09, 1.89872695344e-09, 3.18181059278e-09, 1.27435528796e-09, 8.18094147981e-10, 1.14967813047e-09, 6.16522499719e-10, 3.48661266525e-10, 5.48696754699e-10, 1.28095145602e-10, 2.19121776279e-10, 1.2252432402e-10, 7.6100035995e-11, 6.09554420827e-11, 2.76055411169e-11, 3.17985637821e-11, 1.89484365698e-11, 1.23865128224e-11, 1.34368549273e-11, 1.15532167166e-11, 6.06840576053e-12, 4.50130644564e-12],
        "dvar2": [4.14591668232e-05, 1.82965450222e-05, 2.3851791866e-06, 1.80908642733e-07, 4.68290188849e-08, 6.25954896805e-08, 2.24060858756e-08, 5.16346858603e-08, 3.79391906336e-07, 1.93500753198e-07, 9.77090337528e-08, 6.34240464592e-08, 5.20833900453e-08, 2.09963957332e-08, 5.08840578561e-08, 7.67804930746e-09, 6.20605300483e-09, 4.56248727687e-09, 1.46444829596e-08, 4.4103249941e-09, 6.54457155136e-09, 3.14429637882e-09, 1.83011039656e-09, 2.70268918356e-09, 1.29314048358e-09, 7.88429987963e-10, 1.22315757523e-09, 3.25105331545e-10, 5.16545639595e-10, 2.78530004616e-10, 1.78667899919e-10, 1.43829462229e-10, 6.33813349027e-11, 7.16544115709e-11, 4.20575449467e-11, 2.77035842183e-11, 3.00175613532e-11, 2.4519575606e-11, 1.2198836559e-11, 8.96498326963e-12],
        "max": [0.0346517004073, 0.0285711549222, 0.00918815191835, 0.0028046683874, 0.00253266491927, 0.00223514158279, 0.00166435888968, 0.00349190505221, 0.00959891919047, 0.00436336454004, 0.00323173450306, 0.00290225818753, 0.00355330575258, 0.00266890740022, 0.00514356652275, 0.000855830032378, 0.000613793963566, 0.00106109119952, 0.00106562522706, 0.000818524276838, 0.00106028362643, 0.00090155081125, 0.000534606573638, 0.000694449816365, 0.000490295118652, 0.00042944168672, 0.000675318180583, 0.00019330008945, 0.000214779211092, 0.00022554534371, 0.000120295706438, 0.000188581107068, 7.94489096734e-05, 0.000129756779643, 7.16680515325e-05, 5.38295826118e-05, 5.18863962498e-05, 4.648797767e-05, 3.77422366e-05, 2.9827671824e-05],
        "mean": [0.00516897300258, 0.0025911857374, 0.000217244116357, 0.00010437653691, 0.000118646166811, 0.000150477164425, 9.93970315903e-05, 0.000137145092594, 0.000387695268728, 0.00038667221088, 0.00019835922285, 0.000121453922475, 0.000102382677142, 5.57268140255e-05, 6.11525974819e-05, 4.00165481551e-05, 3.85276580346e-05, 3.46805718436e-05, 6.21083236183e-05, 4.02297846449e-05, 4.53621760244e-05, 2.34560448007e-05, 2.25558742386e-05, 3.29550166498e-05, 2.35011029872e-05, 1.70746789081e-05, 2.06455915759e-05, 1.17117760965e-05, 1.51634058057e-05, 1.17848439913e-05, 1.01505384009e-05, 8.56908445712e-06, 6.59535544401e-06, 7.07996696292e-06, 5.62280865779e-06, 4.54398013972e-06, 4.4082421482e-06, 3.50735422217e-06, 2.85360079033e-06, 2.38326128965e-06],
        "median": [0.00313702900894, 0.00184548925608, 6.92817993695e-05, 5.70828051423e-05, 6.37630728306e-05, 8.50242213346e-05, 5.01387294207e-05, 4.39680661657e-05, 8.20948771434e-05, 0.000133377659949, 5.78715626034e-05, 4.13750094594e-05, 3.21266816172e-05, 2.27456057473e-05, 1.96112378035e-05, 1.8321123207e-05, 1.83999036381e-05, 1.66669888131e-05, 2.05406704481e-05, 1.32951008709e-05, 1.33070998345e-05, 8.96693927643e-06, 8.59370265971e-06, 9.86658778857e-06, 7.0741075433e-06, 5.4854795053e-06, 5.65695609112e-06, 4.34409503214e-06, 4.35135007137e-06, 4.2270803533e-06, 3.25432324644e-06, 2.84142993223e-06, 2.56476437244e-06, 2.4366438538e-06, 1.92116817743e-06, 1.61808713983e-06, 1.39464964377e-06, 1.094494678e-06, 1.00813451809e-06, 9.48989452354e-07],
        "min": [2.27729588854e-24, 1.96533334939e-24, 1.95049329804e-24, 1.22573730074e-24, 2.23431578819e-24, 4.249533743e-24, 5.56078938371e-24, 4.87395422594e-24, 5.60371406657e-24, 4.56458151715e-24, 4.71007350048e-24, 2.48159311362e-24, 3.66808211913e-24, 3.25836472547e-24, 7.39100427067e-24, 4.78449661043e-24, 4.39809360639e-24, 3.58460604143e-24, 5.59644629105e-24, 3.81389792986e-24, 6.0477260048e-24, 6.47190321885e-24, 4.68858256284e-24, 6.74443572895e-24, 6.24018518871e-24, 6.56632395275e-24, 5.84538831021e-24, 5.77436913506e-24, 5.93490430143e-24, 7.21955955241e-24, 5.67483303262e-24, 5.92603632156e-24, 4.81262817917e-24, 7.86997142446e-24, 8.83257973292e-24, 8.2862501687e-24, 5.97729531989e-24, 7.86355719644e-24, 7.5822320427e-24, 6.06322909374e-24],
        "var": [3.48716203007e-05, 1.02649973996e-05, 5.06047513227e-07, 4.19855759048e-08, 2.27255920748e-08, 3.54378393297e-08, 2.01152978718e-08, 8.68610499083e-08, 4.99209647842e-07, 3.14509009058e-07, 1.36621949309e-07, 5.41916271857e-08, 6.69072335313e-08, 1.60518407455e-08, 2.44222508883e-08, 3.82601994531e-09, 3.17646842163e-09, 3.5531333431e-09, 1.00790780166e-08, 4.65754323997e-09, 8.1449478273e-09, 2.14898054907e-09, 1.8171691929e-09, 3.50973161645e-09, 1.52856360902e-09, 8.87007856054e-10, 1.37054312344e-09, 2.89753943061e-10, 5.46790002165e-10, 3.42469302916e-10, 2.23451826487e-10, 1.58989890697e-10, 7.68986679889e-11, 9.74003100396e-11, 5.78024399178e-11, 3.70395068783e-11, 3.64770505468e-11, 2.738341498e-11, 1.59745706246e-11, 1.09429635492e-11]
    },
    "mfcc": {
        "mean": [-632.649902344, 90.5457458496, -1.82634758949, 14.1012592316, 3.4741396904, 8.43466281891, 6.25396108627, 12.9165973663, 12.2851638794, 12.1501789093, 7.71295309067, 4.40730667114, 3.33285498619],
        "cov": [[9277.84667969, -1300.87719727, 151.328643799, 290.947998047, -73.9980316162, -32.2524299622, -42.9257278442, 24.14478302, 57.1162719727, 90.3704147339, -89.302947998, -37.1033210754, -23.7241210938], [-1300.87719727, 2046.7644043, 123.11100769, 149.870071411, 93.7330169678, -36.9816856384, 30.924451828, 105.507247925, 87.475112915, 57.3909301758, 121.199752808, 32.1984100342, 40.6979522705], [151.328643799, 123.11100769, 424.60244751, 190.023803711, 197.870513916, 201.041900635, 159.109420776, 121.442382812, 91.633354187, 62.5843849182, 69.6813964844, 52.4582977295, 52.1851043701], [290.947998047, 149.870071411, 190.023803711, 258.985870361, 177.086700439, 182.01625061, 145.875595093, 105.411949158, 78.7690963745, 74.4468307495, 55.645614624, 55.8685417175, 34.5876808167], [-73.9980316162, 93.7330169678, 197.870513916, 177.086700439, 297.429718018, 270.286132812, 212.21875, 137.638519287, 97.3161697388, 75.6828536987, 82.5854797363, 66.8974609375, 51.516204834], [-32.2524299622, -36.9816856384, 201.041900635, 182.01625061, 270.286132812, 347.830810547, 247.772506714, 149.73348999, 97.3898544312, 66.7768096924, 64.818145752, 76.1599121094, 57.8072776794], [-42.9257278442, 30.924451828, 159.109420776, 145.875595093, 212.21875, 247.772506714, 245.440261841, 150.289901733, 92.1353225708, 63.2988204956, 64.8327789307, 71.3145523071, 54.8098754883], [24.14478302, 105.507247925, 121.442382812, 105.411949158, 137.638519287, 149.73348999, 150.289901733, 154.48487854, 95.3102798462, 60.8299713135, 55.7752037048, 47.9567146301, 46.403553009], [57.1162719727, 87.475112915, 91.633354187, 78.7690963745, 97.3161697388, 97.3898544312, 92.1353225708, 95.3102798462, 115.331451416, 83.3099365234, 55.502281189, 29.7005119324, 26.8334503174], [90.3704147339, 57.3909301758, 62.5843849182, 74.4468307495, 75.6828536987, 66.7768096924, 63.2988204956, 60.8299713135, 83.3099365234, 122.875289917, 82.3246612549, 37.8520469666, 11.7297496796], [-89.302947998, 121.199752808, 69.6813964844, 55.645614624, 82.5854797363, 64.818145752, 64.8327789307, 55.7752037048, 55.502281189, 82.3246612549, 130.122406006, 70.116569519, 29.1409645081], [-37.1033210754, 32.1984100342, 52.4582977295, 55.8685417175, 66.8974609375, 76.1599121094, 71.3145523071, 47.9567146301, 29.7005119324, 37.8520469666, 70.116569519, 99.4209594727, 46.2965126038], [-23.7241210938, 40.6979522705, 52.1851043701, 34.5876808167, 51.516204834, 57.8072776794, 54.8098754883, 46.403553009, 26.8334503174, 11.7297496796, 29.1409645081, 46.2965126038, 83.3820800781]],
