{
"lowlevel": {
    "average_loudness": 0.535567641258,
    "barkbands_crest": {
        "dmean": 2.79997062683,
        "dmean2": 4.3925614357,
        "dvar": 8.03106403351,
        "dvar2": 15.6165647507,
        "max": 25.8576965332,
        "mean": 11.1720972061,
        "median": 9.83580780029,
        "min": 1.99439239502,
        "var": 29.5153388977
    },
    "barkbands_flatness_db": {
        "dmean": 0.0219313185662,
        "dmean2": 0.0331450775266,
        "dvar": 0.000608473317698,
        "dvar2": 0.00120303581934,
        "max": 0.587426543236,
        "mean": 0.125462219119,
        "median": 0.100298702717,
        "min": 0.0116648310795,
        "var": 0.00715832319111
    },
    "barkbands_kurtosis": {
        "dmean": 3.06259179115,
        "dmean2": 4.61704206467,
        "dvar": 45.3178901672,
        "dvar2": 95.8955001831,
        "max": 195.569015503,
        "mean": 4.41221523285,
        "median": 1.33640909195,
        "min": -1.80237925053,
        "var": 105.088630676
    },
    "barkbands_skewness": {
        "dmean": 0.533568441868,
        "dmean2": 0.795955896378,
        "dvar": 0.441254407167,
        "dvar2": 0.859182715416,
        "max": 9.67773151398,
        "mean": 1.45546352863,
        "median": 1.28668308258,
        "min": -5.93023920059,
        "var": 2.1232984066
    },
    "barkbands_spread": {
        "dmean": 6.99475622177,
        "dmean2": 10.8523359299,
        "dvar": 67.6401062012,
        "dvar2": 149.039169312,
        "max": 108.725036621,
        "mean": 29.8483791351,
        "median": 27.8470726013,
        "min": 0.351757198572,
        "var": 268.35748291
    },
    "dissonance": {
        "dmean": 0.0182679481804,
        "dmean2": 0.031124567613,
        "dvar": 0.000416481023422,
        "dvar2": 0.00117025699001,
        "max": 0.499999523163,
        "mean": 0.468794167042,
        "median": 0.477862715721,
        "min": 0.121019400656,
        "var": 0.0011367558036
    },
    "dynamic_complexity": 3.35407805443,
    "erbbands_crest": {
        "dmean": 3.41218018532,
        "dmean2": 5.37671041489,
        "dvar": 9.5097694397,
        "dvar2": 22.690279007,
        "max": 33.5587882996,
        "mean": 9.89969158173,
        "median": 8.40129470825,
        "min": 2.40357804298,
        "var": 29.7448291779
    },
    "erbbands_flatness_db": {
        "dmean": 0.0152528434992,
        "dmean2": 0.0233501195908,
        "dvar": 0.000207162680454,
        "dvar2": 0.000456613779534,
        "max": 0.559690415859,
        "mean": 0.141834378242,
        "median": 0.100538685918,
        "min": 0.0423690862954,
        "var": 0.00916758179665
    },
    "erbbands_kurtosis": {
        "dmean": 0.913266599178,
        "dmean2": 1.41268491745,
        "dvar": 4.55333900452,
        "dvar2": 9.49952888489,
        "max": 87.9625473022,
        "mean": 0.54442679882,
        "median": -0.239951491356,
        "min": -1.71057510376,
        "var": 14.7912578583
    },
    "erbbands_skewness": {
        "dmean": 0.338914513588,
        "dmean2": 0.52426224947,
        "dvar": 0.0973977148533,
        "dvar2": 0.218601122499,
        "max": 7.51695156097,
        "mean": 0.388460338116,
        "median": 0.411425173283,
        "min": -4.5401558876,
        "var": 0.468302816153
    },
    "erbbands_spread": {
        "dmean": 7.23328924179,
        "dmean2": 11.3542108536,
        "dvar": 50.5418052673,
        "dvar2": 115.436828613,
        "max": 115.987480164,
        "mean": 43.3121147156,
        "median": 45.3325500488,
        "min": 0.449524879456,
        "var": 371.680297852
    },
    "hfc": {
        "dmean": 12.6795959473,
        "dmean2": 18.4124984741,
        "dvar": 262.079925537,
        "dvar2": 581.798156738,
        "max": 175.808578491,
        "mean": 32.0683403015,
        "median": 24.5454216003,
        "min": 1.14667032295e-16,
        "var": 735.762023926
    },
    "melbands_crest": {
        "dmean": 3.39280581474,
        "dmean2": 5.13993120193,
        "dvar": 11.2895383835,
        "dvar2": 21.2398910522,
        "max": 32.8148040771,
        "mean": 14.2755327225,
        "median": 12.4918518066,
        "min": 1.5014667511,
        "var": 42.8048553467
    },
    "melbands_flatness_db": {
        "dmean": 0.0279731024057,
        "dmean2": 0.0408006496727,
        "dvar": 0.000908468791749,
        "dvar2": 0.0017825413961,
        "max": 0.726392149925,
        "mean": 0.200687214732,
        "median": 0.179745480418,
        "min": 0.00135196989868,
        "var": 0.00928926281631
    },
    "melbands_kurtosis": {
        "dmean": 7.59597921371,
        "dmean2": 11.618311882,
        "dvar": 206.771347046,
        "dvar2": 438.682342529,
        "max": 195.563430786,
        "mean": 14.6196250916,
        "median": 7.99827432632,
        "min": -1.79921686649,
        "var": 446.118621826
    },
    "melbands_skewness": {
        "dmean": 0.735564768314,
        "dmean2": 1.10334956646,
        "dvar": 0.809658825397,
        "dvar2": 1.59008169174,
        "max": 12.0532464981,
        "mean": 2.65584397316,
        "median": 2.36883926392,
        "min": -4.13662528992,
        "var": 3.75787615776
    },
    "melbands_spread": {
        "dmean": 7.21351337433,
        "dmean2": 11.0753927231,
        "dvar": 72.2127838135,
        "dvar2": 155.965927124,
        "max": 151.379211426,
        "mean": 25.9662799835,
        "median": 22.7581443787,
        "min": 0.435813993216,
        "var": 317.046081543
    },
    "pitch_salience": {
        "dmean": 0.0776410475373,
        "dmean2": 0.119865216315,
        "dvar": 0.00646927859634,
        "dvar2": 0.0130167463794,
        "max": 0.973322033882,
        "mean": 0.510192334652,
        "median": 0.532373666763,
        "min": 0.0757187753916,
        "var": 0.021264122799
    },
    "silence_rate_20dB": {
        "dmean": 0,
        "dmean2": 0,
        "dvar": 0,
        "dvar2": 0,
        "max": 1,
        "mean": 1,
        "median": 1,
        "min": 1,
        "var": 0
    },
    "silence_rate_30dB": {
        "dmean": 0.0105645423755,
        "dmean2": 0.0211314111948,
        "dvar": 0.0104548176751,
        "dvar2": 0.027065647766,
        "max": 1,
        "mean": 0.986685752869,
        "median": 1,
        "min": 0,
        "var": 0.0131357898936
    },
    "silence_rate_60dB": {
        "dmean": 0.00220094644465,
        "dmean2": 0.00440237717703,
        "dvar": 0.00219629728235,
        "dvar2": 0.005483339075,
        "max": 1,
        "mean": 0.0227772891521,
        "median": 0,
        "min": 0,
        "var": 0.0222585313022
    },
    "spectral_centroid": {
        "dmean": 248.02583313,
        "dmean2": 379.2293396,
        "dvar": 67678.4765625,
        "dvar2": 142680.890625,
        "max": 11574.9902344,
        "mean": 1509.25720215,
        "median": 1416.44824219,
        "min": 282.504699707,
        "var": 440021.5625
    },
    "spectral_complexity": {
        "dmean": 4.67326927185,
        "dmean2": 7.1289896965,
        "dvar": 21.5749912262,
        "dvar2": 46.1470069885,
        "max": 56,
        "mean": 21.7654056549,
        "median": 20,
        "min": 0,
        "var": 96.7890777588
    },
    "spectral_decrease": {
        "dmean": 2.35178698738e-09,
        "dmean2": 3.79960640728e-09,
        "dvar": 8.61498764525e-18,
        "dvar2": 2.21865474e-17,
        "max": 4.90425980906e-26,
        "mean": -9.49575706954e-09,
        "median": -6.6594099124e-09,
        "min": -5.33332809027e-08,
        "var": 6.0294756566e-17
    },
    "spectral_energy": {
        "dmean": 0.00945093203336,
        "dmean2": 0.0152552891523,
        "dvar": 0.000131515145767,
        "dvar2": 0.000339552323567,
        "max": 0.203640297055,
        "mean": 0.0387478284538,
        "median": 0.0288697835058,
        "min": 1.06304114758e-20,
        "var": 0.000943200371694
    },
    "spectral_energyband_high": {
        "dmean": 0.00101190304849,
        "dmean2": 0.00146384129766,
        "dvar": 2.18095533455e-06,
        "dvar2": 4.88232262796e-06,
        "max": 0.0209930539131,
        "mean": 0.0020879751537,
        "median": 0.00132039678283,
        "min": 7.68802744719e-21,
        "var": 5.43154555999e-06
    },
    "spectral_energyband_low": {
        "dmean": 0.00716056255624,
        "dmean2": 0.0113246161491,
        "dvar": 0.000145679921843,
        "dvar2": 0.000331280112732,
        "max": 0.197990223765,
        "mean": 0.0201219543815,
        "median": 0.00553959049284,
        "min": 2.65372240536e-23,
        "var": 0.00057582516456
    },
    "spectral_energyband_middle_high": {
        "dmean": 0.0024089589715,
        "dmean2": 0.00379301491193,
        "dvar": 1.00564284367e-05,
        "dvar2": 2.50350785791e-05,
        "max": 0.0528108179569,
        "mean": 0.00464757764712,
        "median": 0.00356389116496,
        "min": 1.31286881709e-21,
        "var": 1.70601888385e-05
    },
    "spectral_energyband_middle_low": {
        "dmean": 0.00566748389974,
        "dmean2": 0.00851669535041,
        "dvar": 7.33640845283e-05,
        "dvar2": 0.000146237493027,
        "max": 0.179585829377,
        "mean": 0.0136862322688,
        "median": 0.00735774962232,
        "min": 2.2533366209e-22,
        "var": 0.000194692314835
    },
    "spectral_entropy": {
        "dmean": 0.143796265125,
        "dmean2": 0.223021298647,
        "dvar": 0.0211804006249,
        "dvar2": 0.0485618375242,
        "max": 9.81327152252,
        "mean": 7.73930931091,
        "median": 7.94690418243,
        "min": 4.05913639069,
        "var": 0.47544246912
    },
    "spectral_flux": {
        "dmean": 0.0294874291867,
        "dmean2": 0.0470259673893,
        "dvar": 0.00110178242903,
        "dvar2": 0.00263221468776,
        "max": 0.316421508789,
        "mean": 0.0929266810417,
        "median": 0.0783627033234,
        "min": 6.60662496932e-11,
        "var": 0.00322157982737
    },
    "spectral_kurtosis": {
        "dmean": 3.62843680382,
        "dmean2": 6.085688591,
        "dvar": 158.425552368,
        "dvar2": 450.766143799,
        "max": 459.10949707,
        "mean": 10.4020147324,
        "median": 2.71242690086,
        "min": -1.24517607689,
        "var": 1081.82873535
    },
    "spectral_rms": {
        "dmean": 0.000732855696697,
        "dmean2": 0.0011441098759,
        "dvar": 5.21266201758e-07,
        "dvar2": 1.19609910598e-06,
        "max": 0.0140951573849,
        "mean": 0.00557258585468,
        "median": 0.00530713051558,
        "min": 3.22042436121e-12,
        "var": 6.74892044117e-06
    },
    "spectral_rolloff": {
        "dmean": 693.218688965,
        "dmean2": 1132.03479004,
        "dvar": 1302476.75,
        "dvar2": 2844271.25,
        "max": 21253.2714844,
        "mean": 1846.13354492,
        "median": 1184.32617188,
        "min": 64.599609375,
        "var": 4254310
    },
    "spectral_skewness": {
        "dmean": 0.272852808237,
        "dmean2": 0.45082744956,
        "dvar": 0.281792223454,
        "dvar2": 0.81056702137,
        "max": 18.7519378662,
        "mean": 1.79204702377,
        "median": 1.40592765808,
        "min": -0.145571023226,
        "var": 3.10014152527
    },
    "spectral_spread": {
        "dmean": 452317.34375,
        "dmean2": 724697.3125,
        "dvar": 460000198656,
        "dvar2": 934717161472,
        "max": 41034852,
        "mean": 5762695,
        "median": 6428591,
        "min": 175974.3125,
        "var": 6.63843713843e+12
    },
    "spectral_strongpeak": {
        "dmean": 0.532941102982,
        "dmean2": 0.880129933357,
        "dvar": 0.895447134972,
        "dvar2": 2.13710570335,
        "max": 12.2065219879,
        "mean": 0.89374512434,
        "median": 0.596979141235,
        "min": 0,
        "var": 1.14340686798
    },
    "zerocrossingrate": {
        "dmean": 0.0138263599947,
        "dmean2": 0.016038313508,
        "dvar": 0.000230831457884,
        "dvar2": 0.000292825396173,
        "max": 0.64697265625,
        "mean": 0.0819394811988,
        "median": 0.0732421875,
        "min": 0.00537109375,
        "var": 0.00245949393138
    },
    "barkbands": {
        "dmean": [0.000734008906875, 0.00662443228066, 0.00243072630838, 0.00183175003622, 0.00154830736574, 0.0014016572386, 0.000418438779889, 0.000525182345882, 0.0029712759424, 0.000854591140524, 0.00023035495542, 0.000303995650029, 0.000785079784691, 0.000528312695678, 0.000197830435354, 0.000142156903166, 0.000206417229492, 0.000148739520228, 0.000157138681971, 0.000227523138165, 0.00020963443967, 0.000183102631127, 0.000139520416269, 0.000148166684085, 0.000161552467034, 0.000129824984469, 4.24909449066e-05],
        "dmean2": [0.00129310763441, 0.00996764935553, 0.00369802070782, 0.00318837957457, 0.00266879564151, 0.00220741680823, 0.000708689331077, 0.000797046697699, 0.00448261108249, 0.00142708094791, 0.000390843051719, 0.000515719177201, 0.00133741996251, 0.000891986943316, 0.000315667595714, 0.000237710250076, 0.000337019009748, 0.000247543124715, 0.000262289657257, 0.000346422719304, 0.000331254937919, 0.000280418258626, 0.000216120213736, 0.000233137820032, 0.000256825005636, 0.000195873290068, 6.70859153615e-05],
        "dvar": [2.37935341829e-06, 0.000141230877489, 4.27807499364e-05, 2.68052936008e-05, 1.79813305294e-05, 4.86470707983e-06, 7.81816652307e-07, 2.1941484647e-06, 3.10803443426e-05, 3.91406410927e-06, 1.50075635474e-07, 3.95717648871e-07, 2.47885304816e-06, 1.44245507272e-06, 8.03525423976e-08, 5.38003668282e-08, 1.28396507648e-07, 6.29854568501e-08, 5.68278970547e-08, 1.60273089023e-07, 1.23306122646e-07, 9.60568513619e-08, 6.54220997376e-08, 6.49110205586e-08, 8.99735965731e-08, 5.16221767555e-08, 5.46902789722e-09],
        "dvar2": [6.91289733368e-06, 0.00029367589741, 9.42588230828e-05, 7.48104866943e-05, 4.86312274006e-05, 1.16553674161e-05, 2.06772006095e-06, 4.88733758175e-06, 7.08406441845e-05, 9.96829294309e-06, 4.11654610843e-07, 1.00542820292e-06, 6.68019674777e-06, 3.83437964047e-06, 1.94046450019e-07, 1.47578361975e-07, 3.29596900883e-07, 1.74040039269e-07, 1.49197916244e-07, 3.11023541144e-07, 2.85536373212e-07, 2.23226678031e-07, 1.56853502631e-07, 1.53716115392e-07, 2.11712006148e-07, 1.12384576312e-07, 1.32335058467e-08],
        "max": [0.0206328108907, 0.18800124526, 0.0555650815368, 0.0531179085374, 0.045738954097, 0.0379902310669, 0.0128503888845, 0.0340863279998, 0.173692792654, 0.0782909616828, 0.00656468700618, 0.024605832994, 0.0316231735051, 0.0280157607049, 0.00748883979395, 0.00737298745662, 0.00705001503229, 0.00635049119592, 0.004943119362, 0.00801257696003, 0.00941768009216, 0.00797468423843, 0.00451997341588, 0.00272473250516, 0.0035654946696, 0.00241213501431, 0.0011676120339],
        "mean": [0.000688898668159, 0.0151183167472, 0.00294321542606, 0.00248650298454, 0.00228731008247, 0.00261203036644, 0.000642538419925, 0.0008857982466, 0.00402955012396, 0.00117763574235, 0.000333403120749, 0.000402493722504, 0.000848055293318, 0.000658902572468, 0.000325391913066, 0.000237832398852, 0.000320240447763, 0.00024492610828, 0.000272120698355, 0.000344289350323, 0.000343667750712, 0.000303740642266, 0.000237605869188, 0.000269348005531, 0.000350801303284, 0.000301713589579, 8.14995000837e-05],
        "median": [0.000267851981334, 0.00396994641051, 0.000336460361723, 0.000327521585859, 0.000560556480195, 0.00124455394689, 0.000192577630514, 0.000209138932405, 0.00177760142833, 0.000543920439668, 0.000190022066818, 0.000200315000257, 0.000395875249524, 0.00030143087497, 0.000201999529963, 0.000154253968503, 0.00019795334083, 0.000167139340192, 0.000192052597413, 0.000185583572602, 0.000194283726159, 0.000178021466127, 0.000120396536659, 0.000142173070344, 0.000151155254571, 0.000161105068401, 3.50217196683e-05],
        "min": [8.2392527942e-25, 6.21361319798e-24, 4.4541938441e-24, 5.31734572507e-24, 2.10479133566e-23, 1.06107976422e-23, 2.63461035667e-23, 1.2336097973e-23, 4.19328575164e-23, 4.01640199522e-23, 2.32586897326e-23, 5.58740397293e-23, 2.51415318971e-23, 3.60552978808e-23, 7.91774515643e-23, 9.48842212344e-23, 1.31984191835e-22, 2.00337600877e-22, 1.6527238023e-22, 2.6294839283e-22, 2.55815979531e-22, 3.69935980715e-22, 6.62376689483e-22, 7.32525230401e-22, 9.14326089375e-22, 1.54171138297e-21, 2.08568461966e-21],
        "var": [1.91706089936e-06, 0.000445039127953, 4.93815350637e-05, 2.71217431873e-05, 1.75498753379e-05, 1.09733400677e-05, 1.20416825666e-06, 3.97385065298e-06, 4.64074946649e-05, 5.23171593159e-06, 1.83853174462e-07, 4.75675108191e-07, 2.23764732254e-06, 1.53567680172e-06, 1.43894865801e-07, 8.52234123272e-08, 1.82101132395e-07, 8.57124362597e-08, 9.44492200006e-08, 2.78168812429e-07, 2.18950930275e-07, 1.68961591385e-07, 1.24772370214e-07, 1.24883271724e-07, 2.28432512017e-07, 1.37379316811e-07, 1.14778417881e-08]
    },
    "erbbands": {
        "dmean": [0.222861856222, 1.42051851749, 2.57852530479, 4.60542106628, 3.80673718452, 5.83035898209, 8.29224681854, 11.9300756454, 7.67608165741, 5.30040311813, 21.2417182922, 77.7422866821, 35.4972953796, 13.4075984955, 9.08616924286, 15.7172966003, 35.6814308167, 31.2443809509, 9.45290660858, 12.1953830719, 7.8381228447, 9.02190303802, 8.15436077118, 9.38005447388, 6.64227771759, 12.5367536545, 8.82358264923, 7.80679321289, 6.38293218613, 5.15469694138, 3.71864557266, 3.21689677238, 2.46539568901, 1.90716969967, 1.07380139828, 0.612147688866, 0.233390212059, 0.0787998214364, 0.00560885528103, 8.72795499163e-05],
        "dmean2": [0.334432154894, 2.08542466164, 3.71594905853, 7.35836315155, 6.07211017609, 10.2810325623, 12.7984418869, 19.1171321869, 13.0915517807, 8.57030963898, 31.8068180084, 115.995117188, 58.289516449, 22.8525466919, 15.1482105255, 26.1737155914, 60.3103408813, 52.8771705627, 15.5902194977, 18.9928474426, 13.1830005646, 14.6947402954, 13.2276906967, 15.7744503021, 10.4400987625, 19.1944637299, 13.7884073257, 12.1998558044, 9.90948009491, 8.14352703094, 5.84167671204, 4.90706253052, 3.86891841888, 3.04428505898, 1.71113371849, 0.953946888447, 0.35278737545, 0.123557083309, 0.00887483451515, 0.000136172791827],
        "dvar": [0.204059571028, 6.4719877243, 40.5395889282, 136.516662598, 87.575302124, 290.8230896, 232.044326782, 350.949798584, 210.270980835, 124.590446472, 2031.0144043, 24487.6992188, 5712.67431641, 1119.60131836, 187.220703125, 961.230895996, 5443.07861328, 4845.06787109, 241.71446228, 392.110015869, 193.92364502, 237.141601562, 165.088104248, 228.707077026, 109.496047974, 577.059020996, 206.000946045, 189.457489014, 126.1873703, 80.0505828857, 47.6141242981, 31.7392845154, 18.0139083862, 12.304930687, 3.87079501152, 1.25192499161, 0.163521230221, 0.019212661311, 8.50677388371e-05, 1.95709191075e-08],
        "dvar2": [0.38630592823, 13.365439415, 86.2093505859, 343.265106201, 190.670837402, 817.959960938, 524.039611816, 858.757568359, 562.336669922, 318.082092285, 4673.45605469, 54903.7226562, 14757.5576172, 3029.02514648, 498.065093994, 2448.41186523, 14629.6953125, 12891.1279297, 630.438232422, 873.920532227, 539.846801758, 611.61730957, 419.291351318, 612.312927246, 236.910247803, 1112.11950684, 475.737335205, 459.8671875, 297.538146973, 187.168548584, 116.01550293, 73.1070709229, 42.0763320923, 30.3644351959, 8.89609336853, 2.78171372414, 0.353019505739, 0.0454634167254, 0.000203134215553, 4.56679956073e-08],
        "max": [5.06273555756, 42.8866767883, 62.7969322205, 127.07334137, 107.225158691, 187.53578186, 376.371124268, 304.982635498, 220.213348389, 184.567840576, 939.20098877, 4799.77587891, 3033.75585938, 739.059387207, 274.864959717, 1199.82873535, 1560.37341309, 1561.20593262, 308.578521729, 628.063781738, 474.393371582, 274.20123291, 258.391113281, 329.198730469, 222.655883789, 516.528686523, 253.079681396, 475.570068359, 306.506256104, 182.310501099, 102.272781372, 74.9328460693, 51.8067970276, 47.1575546265, 21.9007759094, 13.7681522369, 3.79992580414, 1.86463534832, 0.122407928109, 0.00188473449089],
        "mean": [0.392574429512, 3.48052144051, 4.18192386627, 6.96096229553, 6.24239778519, 8.23239803314, 15.2478027344, 21.4681739807, 12.5601434708, 9.67677211761, 34.3396034241, 103.794540405, 54.9214286804, 19.3014755249, 14.8158988953, 21.4613304138, 39.929599762, 38.2244186401, 16.3693141937, 19.4627494812, 13.6930932999, 14.8984909058, 14.4247169495, 15.8227367401, 12.2771902084, 18.5921611786, 13.6449632645, 13.2834396362, 10.4790611267, 8.56223678589, 6.31075239182, 5.37078714371, 4.78934526443, 4.06143283844, 2.26472640038, 1.42567336559, 0.491346716881, 0.167832165956, 0.0112805748358, 0.000224506453378],
        "median": [0.084068633616, 0.973060011864, 0.908102035522, 1.03679871559, 1.15819227695, 2.06468153, 6.02921676636, 10.1952133179, 4.32961845398, 3.12730431557, 15.1462135315, 39.9688644409, 30.526260376, 9.91383361816, 9.28777980804, 12.0706577301, 19.2886734009, 18.0247612, 9.87907028198, 12.2689418793, 8.6968421936, 9.82706832886, 10.3206501007, 10.9535675049, 8.21483421326, 9.5706615448, 7.31422233582, 8.0930891037, 6.21433830261, 4.58726119995, 3.10835933685, 2.62393569946, 2.4356315136, 1.73104262352, 1.01044845581, 0.596165001392, 0.283970415592, 0.09046343714, 0.00508453557268, 0.000153476037667],
        "min": [8.93693135787e-23, 9.2001305706e-22, 6.47752778449e-21, 1.68613756221e-20, 3.93516636138e-20, 9.16291164356e-20, 1.22763076706e-19, 1.14043817568e-19, 4.48138900427e-19, 4.50763234318e-19, 3.75569854149e-19, 1.0894024502e-18, 1.0364586517e-18, 1.04368790006e-18, 1.65601827467e-18, 2.9408799881e-18, 1.59505423634e-18, 3.54325627801e-18, 4.2135062527e-18, 4.01992241472e-18, 6.32514946404e-18, 7.55007449747e-18, 1.06908098002e-17, 8.68237474103e-18, 8.26714578996e-18, 1.1825758676e-17, 1.23342249442e-17, 9.80212169162e-18, 1.09263354175e-17, 1.6681218709e-17, 1.62781981166e-17, 1.31178991653e-17, 1.37461014815e-17, 9.89921118883e-18, 6.62778838039e-18, 5.2845541855e-18, 2.68713489057e-18, 1.18028343993e-18, 2.73803322652e-19, 3.06320845894e-20],
        "var": [0.486666560173, 21.6573753357, 61.3251190186, 171.012664795, 130.496536255, 253.830688477, 513.679626465, 763.247436523, 361.578918457, 229.318145752, 3484.25244141, 36119.7578125, 8151.84228516, 1303.09545898, 277.304840088, 1139.47595215, 4972.25683594, 4955.75683594, 383.787475586, 635.365661621, 312.947692871, 344.912750244, 262.789855957, 340.772369385, 215.5625, 946.107421875, 366.565002441, 321.995666504, 212.557678223, 150.589508057, 86.5883712769, 57.3816299438, 37.6769790649, 31.0092010498, 9.34633541107, 3.4433734417, 0.3736512959, 0.0429652370512, 0.000201601578738, 5.54745014369e-08]
    },
    "gfcc": {
        "mean": [17.6433410645, 79.3490447998, -102.130752563, 20.3331985474, -49.351524353, 14.2181901932, -21.1991405487, 11.7772731781, -17.3228530884, 8.44148635864, -15.7038059235, 1.57608091831, -8.93862056732],
        "cov": [[15957.7910156, -5412.39794922, 1395.84289551, 1065.44274902, -144.853057861, 1223.37268066, -673.993469238, 877.216247559, -687.120849609, 668.994140625, -568.180114746, 500.340423584, -531.683654785], [-5412.39794922, 4226.70654297, -1515.18933105, -402.716430664, 481.663085938, -676.713745117, 632.46282959, -563.280151367, 575.143432617, -451.619812012, 384.737243652, -394.890411377, 316.244842529], [1395.84289551, -1515.18933105, 1750.89355469, -263.921325684, -124.474784851, 276.530609131, -378.28427124, 259.36529541, -327.25390625, 233.14163208, -224.313766479, 221.46875, -191.743484497], [1065.44274902, -402.716430664, -263.921325684, 576.241027832, -57.8088188171, 106.120941162, 30.6665802002, 80.1247558594, 16.4510135651, 20.8528442383, 12.9342422485, 10.0609560013, -7.32379627228], [-144.853057861, 481.663085938, -124.474784851, -57.8088188171, 320.188446045, -1.75152945518, 138.150100708, -12.8073301315, 97.5205764771, -17.5721664429, 50.6254005432, -14.5743560791, 17.2582912445], [1223.37268066, -676.713745117, 276.530609131, 106.120941162, -1.75152945518, 295.414367676, -40.3489265442, 142.912643433, -66.814743042, 102.939941406, -44.753162384, 83.0940246582, -53.4837913513], [-673.993469238, 632.46282959, -378.28427124, 30.6665802002, 138.150100708, -40.3489265442, 266.903411865, -30.9832515717, 154.253341675, -52.0443267822, 84.3464584351, -58.6947441101, 64.4056625366], [877.216247559, -563.280151367, 259.36529541, 80.1247558594, -12.8073301315, 142.912643433, -30.9832515717, 191.835632324, -32.1208724976, 95.3171081543, -46.3356056213, 74.1510620117, -30.8763237], [-687.120849609, 575.143432617, -327.25390625, 16.4510135651, 97.5205764771, -66.814743042, 154.253341675, -32.1208724976, 178.669433594, -34.6933059692, 81.515953064, -48.9684448242, 71.562538147], [668.994140625, -451.619812012, 233.14163208, 20.8528442383, -17.5721664429, 102.939941406, -52.0443267822, 95.3171081543, -34.6933059692, 126.602081299, -14.7557830811, 73.2707061768, -25.8709545135], [-568.180114746, 384.737243652, -224.313766479, 12.9342422485, 50.6254005432, -44.753162384, 84.3464584351, -46.3356056213, 81.515953064, -14.7557830811, 116.649269104, -3.19828796387, 58.5532913208], [500.340423584, -394.890411377, 221.46875, 10.0609560013, -14.5743560791, 83.0940246582, -58.6947441101, 74.1510620117, -48.9684448242, 73.2707061768, -3.19828796387, 109.668907166, -12.2988100052], [-531.683654785, 316.244842529, -191.743484497, -7.32379627228, 17.2582912445, -53.4837913513, 64.4056625366, -30.8763237, 71.562538147, -25.8709545135, 58.5532913208, -12.2988100052, 83.8636322021]],
        "icov": [[0.000159427494509, 6.2392304244e-05, 0.000160693918588, -0.000148967897985, -0.000224979667109, -0.000212510349229, 0.000154098481289, -0.000116751129099, 0.000184717442608, -0.000343245657859, 0.000431954715168, -0.000164068929735, 0.00029014761094], [6.2392304244e-05, 0.00173905759584, -0.000294561206829, 0.000523489899933, -0.00105616566725, 0.000839216285385, -0.000854452897329, 0.00147474964615, -0.00180466158781, 0.00193475384731, -0.00200757617131, 0.00202397094108, -0.00100305757951], [0.000160693918588, -0.000294561206829, 0.00194603763521, 0.000659429642837, -0.000107070212835, -0.000568300485611, 0.00107591261622, -0.00145947176497, 0.00138311344199, -0.00156302400865, 0.00181048200466, -0.00189675262664, 0.00172783888411], [-0.000148967897985, 0.000523489899933, 0.000659429642837, 0.00296970200725, 0.000593550794292, -0.000384408805985, -0.000267047056695, -0.000966497522313, -0.00081135815708, 0.00132934562862, -0.00172163092066, 0.000621980871074, 0.000726194004528], [-0.000224979667109, -0.00105616566725, -0.000107070212835, 0.000593550794292, 0.00553989131004, -0.000794503313955, -0.00166300148703, -0.000464942888357, -0.00132155022584, 3.56717318937e-05, -5.19200730196e-05, -0.00216718297452, 0.00267979735509], [-0.000212510349229, 0.000839216285385, -0.000568300485611, -0.000384408805985, -0.000794503313955, 0.00749168545008, -0.0019896440208, -0.00146451406181, 0.000507945078425, -0.000597184931394, -0.00144475256093, -4.59710863652e-05, 0.000469592574518], [0.000154098481289, -0.000854452897329, 0.00107591261622, -0.000267047056695, -0.00166300148703, -0.0019896440208, 0.0103622796014, -0.00278789130971, -0.0034416068811, 0.000437078240793, -0.000704252626747, 0.000988721149042, 0.000432882196037], [-0.000116751129099, 0.00147474964615, -0.00145947176497, -0.000966497522313, -0.000464942888357, -0.00146451406181, -0.00278789130971, 0.0148860206828, -0.00471886387095, -0.00265930430032, 0.00363793130964, -0.00214478233829, -0.00258750235662], [0.000184717442608, -0.00180466158781, 0.00138311344199, -0.00081135815708, -0.00132155022584, 0.000507945078425, -0.0034416068811, -0.00471886387095, 0.0199137628078, -0.00556175177917, -0.00104780565016, 0.00274435081519, -0.00500506814569], [-0.000343245657859, 0.00193475384731, -0.00156302400865, 0.00132934562862, 3.56717318937e-05, -0.000597184931394, 0.000437078240793, -0.00265930430032, -0.00556175177917, 0.0215158686042, -0.00685268593952, -0.0028770880308, 0.00111345772166], [0.000431954715168, -0.00200757617131, 0.00181048200466, -0.00172163092066, -5.19200730196e-05, -0.00144475256093, -0.000704252626747, 0.00363793130964, -0.00104780565016, -0.00685268593952, 0.0241315439343, -0.0101127559319, -0.00428387057036], [-0.000164068929735, 0.00202397094108, -0.00189675262664, 0.000621980871074, -0.00216718297452, -4.59710863652e-05, 0.000988721149042, -0.00214478233829, 0.00274435081519, -0.0028770880308, -0.0101127559319, 0.0247639641166, -0.00662408908829], [0.00029014761094, -0.00100305757951, 0.00172783888411, 0.000726194004528, 0.00267979735509, 0.000469592574518, 0.000432882196037, -0.00258750235662, -0.00500506814569, 0.00111345772166, -0.00428387057036, -0.00662408908829, 0.026656858623]]
    },
    "melbands": {
        "dmean": [0.00189874239732, 0.00126671022736, 0.00071792624658, 0.000354125222657, 0.000270483054919, 0.000264918286121, 0.000109323496872, 6.08948175795e-05, 0.000265526497969, 0.000442364136688, 0.00017380839563, 5.57636121812e-05, 3.25646979036e-05, 3.52008210029e-05, 7.38163580536e-05, 6.02142026764e-05, 6.24656313448e-05, 1.59527589858e-05, 1.35761447382e-05, 1.34182027978e-05, 1.06251891339e-05, 8.88945032784e-06, 1.21472658066e-05, 7.97889697424e-06, 8.30718090583e-06, 5.03937235408e-06, 6.96227198205e-06, 8.63436162035e-06, 4.81173356093e-06, 6.02164163865e-06, 4.74799890071e-06, 4.29020701631e-06, 2.85241367237e-06, 2.98925601783e-06, 2.25552412303e-06, 2.08001665669e-06, 2.01821148949e-06, 1.83160148026e-06, 1.88352578334e-06, 1.71475073785e-06],
        "dmean2": [0.00288053625263, 0.00189367751591, 0.00111180532258, 0.000595715770032, 0.000423575489549, 0.000422909244662, 0.000187342215213, 9.74335998762e-05, 0.000399669719627, 0.000662912847474, 0.000285842514131, 9.56027652137e-05, 5.46391856915e-05, 5.93410222791e-05, 0.000124437356135, 0.000101753415947, 0.000105913459265, 2.64570680883e-05, 2.16493735934e-05, 2.13953608181e-05, 1.81174691534e-05, 1.45422472997e-05, 1.98162397282e-05, 1.35620512083e-05, 1.4049272977e-05, 8.30024237075e-06, 1.06086417873e-05, 1.33950470627e-05, 7.74108866608e-06, 9.51936999627e-06, 7.6224678196e-06, 6.70699409966e-06, 4.55025656265e-06, 4.76429841001e-06, 3.68042492482e-06, 3.19690502693e-06, 3.20532080877e-06, 2.88447586172e-06, 3.14088129016e-06, 2.80015024146e-06],
        "dvar": [1.24386633615e-05, 6.83005146129e-06, 3.04716900246e-06, 1.00053966889e-06, 2.48370554345e-07, 1.70166345015e-07, 4.17768859506e-08, 1.54484904868e-08, 2.57008309745e-07, 7.29830901491e-07, 1.43594633073e-07, 2.14717825742e-08, 2.66501287705e-09, 5.36200772672e-09, 2.31715073795e-08, 1.22191803342e-08, 2.15059436925e-08, 7.16230796893e-10, 3.72523401015e-10, 4.26405188936e-10, 3.85687426441e-10, 2.18185441936e-10, 5.18799891935e-10, 2.33007446671e-10, 1.96296645605e-10, 5.95856003427e-11, 2.02169031516e-10, 2.89096052652e-10, 6.76904712837e-11, 1.06725815685e-10, 8.53435794257e-11, 6.71342356706e-11, 2.22528089705e-11, 3.01625842358e-11, 1.93058971587e-11, 1.33172205902e-11, 1.32322321503e-11, 9.37879808538e-12, 1.0812508007e-11, 9.94063945742e-12],
        "dvar2": [2.5386651032e-05, 1.37562965392e-05, 7.31867521608e-06, 2.63296465164e-06, 5.8189164065e-07, 4.15284233668e-07, 1.11903233346e-07, 3.79786868621e-08, 6.02621241796e-07, 1.64006416981e-06, 3.67630576648e-07, 5.78657939343e-08, 7.12219216936e-09, 1.36332687362e-08, 6.22146743012e-08, 3.25928510847e-08, 5.75026142258e-08, 1.902881408e-09, 9.03414010267e-10, 9.9132935194e-10, 1.08113806796e-09, 5.7407684162e-10, 1.29447108588e-09, 6.74368505482e-10, 5.28470267547e-10, 1.4985893082e-10, 4.01587457732e-10, 5.59935930955e-10, 1.63361962846e-10, 2.46248160751e-10, 2.2052028259e-10, 1.61047383762e-10, 4.98359929713e-11, 7.28870921951e-11, 4.98257823889e-11, 2.90511885381e-11, 3.18731499527e-11, 2.14182230979e-11, 2.76971553331e-11, 2.51322556516e-11],
        "max": [0.0504809245467, 0.0308697056025, 0.0201910976321, 0.0114020965993, 0.0106035741046, 0.00681965285912, 0.00293301860802, 0.00191050767899, 0.0119923278689, 0.0267551541328, 0.0151702594012, 0.00332712451927, 0.000988220097497, 0.00283183692954, 0.00297775957733, 0.00198596389964, 0.0035034485627, 0.000661627273075, 0.000533278274816, 0.000642366416287, 0.000666152918711, 0.000299114733934, 0.000419897114625, 0.000456647132523, 0.000315851910273, 0.000137380280648, 0.000357293058187, 0.00035176295205, 0.000182402640348, 0.000189637445146, 0.000378616299713, 0.000242724534473, 0.000135333524668, 0.000104272054159, 6.49763824185e-05, 7.20400857972e-05, 4.10370048485e-05, 4.07162769989e-05, 5.09210913151e-05, 4.81686147396e-05],
        "mean": [0.00403768755496, 0.00316931051202, 0.00114857265726, 0.000508645025548, 0.000501483271364, 0.000485742697492, 0.000175413893885, 0.000109892629553, 0.000389122142224, 0.000601560168434, 0.000252437865129, 7.41475669201e-05, 4.93527295475e-05, 4.74356093036e-05, 8.27840558486e-05, 7.01685858076e-05, 7.38177914172e-05, 2.58448908426e-05, 2.27633954637e-05, 2.11787209992e-05, 1.64854809555e-05, 1.41052823892e-05, 1.75583645614e-05, 1.24028410937e-05, 1.31730848807e-05, 8.84176097316e-06, 1.06648540168e-05, 1.21539442262e-05, 7.1479048529e-06, 9.04362968868e-06, 7.77003333496e-06, 6.41441511107e-06, 4.91790160595e-06, 4.6272630243e-06, 3.56799341716e-06, 3.5777973153e-06, 3.10546988658e-06, 3.25517589772e-06, 3.6991534671e-06, 3.36883795171e-06],
        "median": [0.00101618259214, 0.000835782499053, 0.000175141409272, 0.000109863016405, 0.000200373411644, 0.000233293190831, 5.9464804508e-05, 3.16791119985e-05, 0.000163924967637, 0.000255837279838, 0.000124193960801, 3.28207570419e-05, 2.951422357e-05, 2.38071734202e-05, 3.97879448428e-05, 3.6714165617e-05, 3.13404307235e-05, 1.49967709149e-05, 1.53349828906e-05, 1.32649420266e-05, 9.15960026759e-06, 8.90851879376e-06, 1.01601062852e-05, 7.83179712016e-06, 8.52175071486e-06, 6.06331968811e-06, 5.78170511289e-06, 5.76099319005e-06, 3.6247161006e-06, 4.55668896393e-06, 4.68952703159e-06, 3.47137893186e-06, 2.87583543468e-06, 2.27536202146e-06, 1.71086821865e-06, 1.68381461663e-06, 1.50774258145e-06, 1.65124276919e-06, 1.54954364007e-06, 1.37482322771e-06],
        "min": [1.49021623124e-24, 3.16664229029e-24, 5.87601228498e-24, 4.99505660224e-24, 4.12040549585e-24, 2.21384780593e-24, 7.09218612635e-24, 4.35392804532e-24, 3.36318777369e-24, 6.30330549961e-24, 5.44959588924e-24, 4.07242027028e-24, 3.99457310957e-24, 6.48545782136e-24, 8.10576352676e-24, 2.45065536942e-24, 5.74419244442e-24, 5.84869837056e-24, 5.48345103828e-24, 4.79516516531e-24, 8.36764720349e-24, 8.13655986763e-24, 7.00080763453e-24, 9.3646924459e-24, 7.00586423294e-24, 5.15755090466e-24, 6.27689483093e-24, 7.95970514129e-24, 7.9634601192e-24, 6.31901211466e-24, 5.13019084188e-24, 6.27387309923e-24, 6.63651876825e-24, 9.20484634954e-24, 8.95328018458e-24, 8.38754385324e-24, 6.81420337627e-24, 8.41969703488e-24, 8.57010756595e-24, 8.44800294188e-24],
        "var": [3.64431980415e-05, 1.86416345969e-05, 4.34033563579e-06, 9.84199232335e-07, 5.10823497279e-07, 3.78717601279e-07, 6.96983590842e-08, 3.18383897024e-08, 3.98910003696e-07, 1.09908739887e-06, 2.03143798672e-07, 2.45549820477e-08, 3.65653129997e-09, 6.48089715227e-09, 2.11336885769e-08, 1.18698881835e-08, 2.18552536069e-08, 1.05274144957e-09, 6.54537535283e-10, 6.94618196295e-10, 5.69645219883e-10, 3.16293130576e-10, 6.71340705249e-10, 2.72421168956e-10, 2.75315492626e-10, 1.05164189856e-10, 3.25801996492e-10, 4.54380172377e-10, 1.12523927676e-10, 1.70025632462e-10, 1.24390331369e-10, 9.62318350006e-11, 4.50113835093e-11, 5.11891640187e-11, 2.96765216568e-11, 2.79962164562e-11, 2.01632200519e-11, 1.83631356648e-11, 2.36625111866e-11, 2.32602513639e-11]
    },
    "mfcc": {
        "mean": [-627.767944336, 115.948822021, 4.93590784073, 17.1074619293, 0.250050008297, 7.72355270386, 5.8542804718, 4.75104475021, 6.99988412857, 7.04288816452, 8.07634544373, 0.539502382278, -5.4049448967],
        "cov": [[9026.43847656, -2433.06103516, 956.698791504, 135.818206787, 263.763763428, 229.618972778, 188.784637451, 74.2167892456, 93.2022628784, -40.3085479736, -38.1967086792, 123.659606934, 99.4975891113], [-2433.06103516, 2633.04077148, -849.471801758, -81.3558197021, -30.8420886993, -26.1404685974, -0.349112063646, 28.0906505585, 42.3088226318, 79.6403503418, 99.9841842651, -29.2462615967, -58.6131782532], [956.698791504, -849.471801758, 1079.72351074, -173.67817688, 148.422225952, -28.0634708405, 33.3531265259, -38.780418396, -14.116440773, -49.7751121521, -49.8829574585, 19.9694709778, 35.2230491638], [135.818206787, -81.3558197021, -173.67817688, 366.417022705, -49.4698829651, 35.1707839966, -25.9266490936, 38.4519042969, 4.74653244019, 17.3698005676, 19.6474246979, 6.7102894783, 7.25832080841], [263.763763428, -30.8420886993, 148.422225952, -49.4698829651, 189.982299805, 20.3310108185, 43.2957115173, 10.0460262299, 19.1026172638, -2.63481712341, 6.45539426804, 11.9667339325, 22.7273712158], [229.618972778, -26.1404685974, -28.0634708405, 35.1707839966, 20.3310108185, 123.181396484, 47.9428749084, 45.2282142639, 14.92050457, 23.784236908, 25.5895652771, 17.2905769348, 8.72155666351], [188.784637451, -0.349112063646, 33.3531265259, -25.9266490936, 43.2957115173, 47.9428749084, 107.546211243, 47.0991096497, 25.771074295, 20.2390422821, 25.2704524994, 19.0942687988, 11.822716713], [74.2167892456, 28.0906505585, -38.780418396, 38.4519042969, 10.0460262299, 45.2282142639, 47.0991096497, 105.171401978, 40.2899169922, 34.6988182068, 25.0077114105, 13.1854724884, 12.6075515747], [93.2022628784, 42.3088226318, -14.116440773, 4.74653244019, 19.1026172638, 14.92050457, 25.771074295, 40.2899169922, 94.9865112305, 43.1785545349, 29.2018070221, 15.8083457947, 10.3110675812], [-40.3085479736, 79.6403503418, -49.7751121521, 17.3698005676, -2.63481712341, 23.784236908, 20.2390422821, 34.6988182068, 43.1785545349, 73.5370254517, 36.774974823, 9.18345165253, 4.483066082], [-38.1967086792, 99.9841842651, -49.8829574585, 19.6474246979, 6.45539426804, 25.5895652771, 25.2704524994, 25.0077114105, 29.2018070221, 36.774974823, 66.6908340454, 26.9307136536, 5.86851358414], [123.659606934, -29.2462615967, 19.9694709778, 6.7102894783, 11.9667339325, 17.2905769348, 19.0942687988, 13.1854724884, 15.8083457947, 9.18345165253, 26.9307136536, 59.6996116638, 24.2881679535], [99.4975891113, -58.6131782532, 35.2230491638, 7.25832080841, 22.7273712158, 8.72155666351, 11.822716713, 12.6075515747, 10.3110675812, 4.483066082, 5.86851358414, 24.2881679535, 52.9583358765]],
