{
"lowlevel": {
    "average_loudness": 0.955782532692,
    "barkbands_crest": {
        "dmean": 2.52416276932,
        "dmean2": 3.51196694374,
        "dvar": 7.71048879623,
        "dvar2": 13.7359085083,
        "max": 26.6657752991,
        "mean": 10.7622337341,
        "median": 9.47937870026,
        "min": 1.86461091042,
        "var": 27.3209896088
    },
    "barkbands_flatness_db": {
        "dmean": 0.0255662295967,
        "dmean2": 0.0348489768803,
        "dvar": 0.00128047692124,
        "dvar2": 0.00204011355527,
        "max": 0.49120247364,
        "mean": 0.106929428875,
        "median": 0.0800000876188,
        "min": 0.0134025057778,
        "var": 0.00524109276012
    },
    "barkbands_kurtosis": {
        "dmean": 10.2127599716,
        "dmean2": 15.9872531891,
        "dvar": 4446.03466797,
        "dvar2": 11601.2763672,
        "max": 1891.859375,
        "mean": 8.80802822113,
        "median": 0.813732862473,
        "min": -1.87919330597,
        "var": 3281.36376953
    },
    "barkbands_skewness": {
        "dmean": 0.833503186703,
        "dmean2": 1.13848459721,
        "dvar": 3.05739164352,
        "dvar2": 5.82831192017,
        "max": 34.6926040649,
        "mean": 1.7946100235,
        "median": 1.29369688034,
        "min": -2.24537777901,
        "var": 5.34331178665
    },
    "barkbands_spread": {
        "dmean": 9.20845127106,
        "dmean2": 13.7641353607,
        "dvar": 118.35193634,
        "dvar2": 252.729919434,
        "max": 131.719329834,
        "mean": 38.3865699768,
        "median": 38.3148422241,
        "min": 0.116266004741,
        "var": 451.561462402
    },
    "dissonance": {
        "dmean": 0.0137825552374,
        "dmean2": 0.0231235269457,
        "dvar": 0.000213229679503,
        "dvar2": 0.000587051152252,
        "max": 0.500000119209,
        "mean": 0.474172234535,
        "median": 0.482129812241,
        "min": 0.235264956951,
        "var": 0.000788979872596
    },
    "dynamic_complexity": 1.69324302673,
    "erbbands_crest": {
        "dmean": 2.30498623848,
        "dmean2": 3.74482083321,
        "dvar": 6.0713634491,
        "dvar2": 14.1782388687,
        "max": 27.3825378418,
        "mean": 6.78914642334,
        "median": 5.57157611847,
        "min": 2.18089723587,
        "var": 14.0582857132
    },
    "erbbands_flatness_db": {
        "dmean": 0.0127734942362,
        "dmean2": 0.0191578753293,
        "dvar": 0.000205437216209,
        "dvar2": 0.00040548981633,
        "max": 0.398169964552,
        "mean": 0.110863447189,
        "median": 0.0911984443665,
        "min": 0.0238597653806,
        "var": 0.00309407804161
    },
    "erbbands_kurtosis": {
        "dmean": 0.616056263447,
        "dmean2": 1.00173437595,
        "dvar": 1.83641660213,
        "dvar2": 4.7940158844,
        "max": 36.6775436401,
        "mean": -0.324330627918,
        "median": -0.670456886292,
        "min": -1.87076056004,
        "var": 2.5854883194
    },
    "erbbands_skewness": {
        "dmean": 0.331043660641,
        "dmean2": 0.504579484463,
        "dvar": 0.124320283532,
        "dvar2": 0.276352822781,
        "max": 5.68381214142,
        "mean": 0.101347364485,
        "median": 0.0437292642891,
        "min": -4.06249094009,
        "var": 0.395270496607
    },
    "erbbands_spread": {
        "dmean": 11.2672729492,
        "dmean2": 16.8890190125,
        "dvar": 202.092483521,
        "dvar2": 438.720489502,
        "max": 175.240539551,
        "mean": 55.6589775085,
        "median": 53.2484703064,
        "min": 1.88099074364,
        "var": 635.905944824
    },
    "hfc": {
        "dmean": 18.2505054474,
        "dmean2": 29.1045188904,
        "dvar": 880.066772461,
        "dvar2": 2234.43237305,
        "max": 414.494232178,
        "mean": 52.727809906,
        "median": 46.9885482788,
        "min": 1.22279105634e-16,
        "var": 1374.96166992
    },
    "melbands_crest": {
        "dmean": 3.64950680733,
        "dmean2": 5.79804229736,
        "dvar": 16.4198379517,
        "dvar2": 39.0996170044,
        "max": 39.7728042603,
        "mean": 18.6652412415,
        "median": 18.3550930023,
        "min": 1.86997509003,
        "var": 45.4769210815
    },
    "melbands_flatness_db": {
        "dmean": 0.0329846292734,
        "dmean2": 0.0451125055552,
        "dvar": 0.00196672347374,
        "dvar2": 0.00329429516569,
        "max": 0.627299427986,
        "mean": 0.175231561065,
        "median": 0.151082217693,
        "min": 0.00585646741092,
        "var": 0.00732909142971
    },
    "melbands_kurtosis": {
        "dmean": 26.1717395782,
        "dmean2": 37.464050293,
        "dvar": 6672.265625,
        "dvar2": 12172.1591797,
        "max": 989.112426758,
        "mean": 34.5411262512,
        "median": 8.66727542877,
        "min": -1.81256973743,
        "var": 9816.22265625
    },
    "melbands_skewness": {
        "dmean": 1.24840784073,
        "dmean2": 1.727435112,
        "dvar": 4.67384767532,
        "dvar2": 8.18505191803,
        "max": 23.7357196808,
        "mean": 3.69154405594,
        "median": 2.67530083656,
        "min": -1.36620569229,
        "var": 11.5407075882
    },
    "melbands_spread": {
        "dmean": 10.5405302048,
        "dmean2": 16.1166954041,
        "dvar": 227.244613647,
        "dvar2": 520.760742188,
        "max": 216.282897949,
        "mean": 31.1663227081,
        "median": 27.9708213806,
        "min": 0.276699960232,
        "var": 525.393981934
    },
    "pitch_salience": {
        "dmean": 0.0870812907815,
        "dmean2": 0.131980344653,
        "dvar": 0.0121190259233,
        "dvar2": 0.0261695440859,
        "max": 0.952577471733,
        "mean": 0.498580813408,
        "median": 0.518845796585,
        "min": 0.0138222947717,
        "var": 0.0249182060361
    },
    "silence_rate_20dB": {
        "dmean": 0,
        "dmean2": 0,
        "dvar": 0,
        "dvar2": 0,
        "max": 1,
        "mean": 1,
        "median": 1,
        "min": 1,
        "var": 0
    },
    "silence_rate_30dB": {
        "dmean": 0.0549258925021,
        "dmean2": 0.109863758087,
        "dvar": 0.0519112758338,
        "dvar2": 0.0997649729252,
        "max": 1,
        "mean": 0.903454303741,
        "median": 1,
        "min": 0,
        "var": 0.0872277393937
    },
    "silence_rate_60dB": {
        "dmean": 0.00501307751983,
        "dmean2": 0.0100272484124,
        "dvar": 0.00498826755211,
        "dvar2": 0.012324327603,
        "max": 1,
        "mean": 0.0275689214468,
        "median": 0,
        "min": 0,
        "var": 0.0268116313964
    },
    "spectral_centroid": {
        "dmean": 340.346466064,
        "dmean2": 512.173217773,
        "dvar": 148424.96875,
        "dvar2": 299139.34375,
        "max": 11060.9355469,
        "mean": 1872.64440918,
        "median": 1936.63903809,
        "min": 101.141036987,
        "var": 599795.1875
    },
    "spectral_complexity": {
        "dmean": 5.98212718964,
        "dmean2": 9.20566749573,
        "dvar": 46.0874443054,
        "dvar2": 88.9151611328,
        "max": 60,
        "mean": 29.292470932,
        "median": 31,
        "min": 0,
        "var": 168.392227173
    },
    "spectral_decrease": {
        "dmean": 3.15299875098e-09,
        "dmean2": 4.03145472561e-09,
        "dvar": 1.86036807512e-17,
        "dvar2": 2.25390156765e-17,
        "max": 1.30327619151e-29,
        "mean": -1.31730830688e-08,
        "median": -1.13891838183e-08,
        "min": -5.96257621055e-08,
        "var": 8.44289156075e-17
    },
    "spectral_energy": {
        "dmean": 0.012196357362,
        "dmean2": 0.0157985053957,
        "dvar": 0.000262220331933,
        "dvar2": 0.000335414370056,
        "max": 0.226625204086,
        "mean": 0.0545008815825,
        "median": 0.0483391471207,
        "min": 1.10461892871e-20,
        "var": 0.00121481483802
    },
    "spectral_energyband_high": {
        "dmean": 0.00185467558913,
        "dmean2": 0.00299549172632,
        "dvar": 1.02322937892e-05,
        "dvar2": 2.59161661234e-05,
        "max": 0.044138032943,
        "mean": 0.00415765307844,
        "median": 0.00344643858261,
        "min": 8.17769898277e-21,
        "var": 1.55123489094e-05
    },
    "spectral_energyband_low": {
        "dmean": 0.0106774559245,
        "dmean2": 0.0141720240936,
        "dvar": 0.000421976816142,
        "dvar2": 0.000567007577047,
        "max": 0.222986191511,
        "mean": 0.0303283967078,
        "median": 0.0205602534115,
        "min": 6.98610736934e-23,
        "var": 0.00138188956771
    },
    "spectral_energyband_middle_high": {
        "dmean": 0.00240142410621,
        "dmean2": 0.00375159992836,
        "dvar": 8.90041337698e-06,
        "dvar2": 2.20026104216e-05,
        "max": 0.0465636104345,
        "mean": 0.00670525152236,
        "median": 0.00617977138609,
        "min": 1.56844632081e-21,
        "var": 2.03154395422e-05
    },
    "spectral_energyband_middle_low": {
        "dmean": 0.00627310853451,
        "dmean2": 0.00997384358197,
        "dvar": 8.88105205377e-05,
        "dvar2": 0.000225189112825,
        "max": 0.0917596295476,
        "mean": 0.0144274188206,
        "median": 0.0120710702613,
        "min": 2.43306362135e-22,
        "var": 0.000136860151542
    },
    "spectral_entropy": {
        "dmean": 0.1436842978,
        "dmean2": 0.216953873634,
        "dvar": 0.0343315042555,
        "dvar2": 0.0702873691916,
        "max": 9.80538845062,
        "mean": 7.99914360046,
        "median": 8.16549491882,
        "min": 5.30495119095,
        "var": 0.278002798557
    },
    "spectral_flux": {
        "dmean": 0.0319178663194,
        "dmean2": 0.0448672957718,
        "dvar": 0.0014364423696,
        "dvar2": 0.00230848649517,
        "max": 0.43958735466,
        "mean": 0.118576839566,
        "median": 0.10045184195,
        "min": 6.72732355933e-11,
        "var": 0.00480966176838
    },
    "spectral_kurtosis": {
        "dmean": 1.10457062721,
        "dmean2": 1.84739542007,
        "dvar": 6.25602483749,
        "dvar2": 18.6473331451,
        "max": 61.0771789551,
        "mean": 3.25921654701,
        "median": 1.99767160416,
        "min": -1.21841585636,
        "var": 24.3831558228
    },
    "spectral_rms": {
        "dmean": 0.000803004018962,
        "dmean2": 0.00107444939204,
        "dvar": 1.0081525943e-06,
        "dvar2": 1.53044459239e-06,
        "max": 0.0148693565279,
        "mean": 0.00690993620083,
        "median": 0.00686732446775,
        "min": 3.28279916272e-12,
        "var": 5.42427324035e-06
    },
    "spectral_rolloff": {
        "dmean": 1106.91821289,
        "dmean2": 1776.37182617,
        "dvar": 2575424.75,
        "dvar2": 5712985,
        "max": 18604.6875,
        "mean": 2466.81933594,
        "median": 1593.45703125,
        "min": 21.533203125,
        "var": 5990587
    },
    "spectral_skewness": {
        "dmean": 0.160317957401,
        "dmean2": 0.255453079939,
        "dvar": 0.0452078841627,
        "dvar2": 0.119969144464,
        "max": 6.03133630753,
        "mean": 1.33805298805,
        "median": 1.22224915028,
        "min": -0.0338788963854,
        "var": 0.297390013933
    },
    "spectral_spread": {
        "dmean": 556285.25,
        "dmean2": 832011.5,
        "dvar": 538631471104,
        "dvar2": 1.04122928333e+12,
        "max": 41882616,
        "mean": 6360872,
        "median": 6665428,
        "min": 1240543.75,
        "var": 3.80038047334e+12
    },
    "spectral_strongpeak": {
        "dmean": 0.249118641019,
        "dmean2": 0.410789102316,
        "dvar": 0.271607071161,
        "dvar2": 0.699685335159,
        "max": 13.2071075439,
        "mean": 0.548755884171,
        "median": 0.342351287603,
        "min": 0,
        "var": 0.375992298126
    },
    "zerocrossingrate": {
        "dmean": 0.0173500552773,
        "dmean2": 0.0192904882133,
        "dvar": 0.000359624827979,
        "dvar2": 0.000399913609726,
        "max": 0.87158203125,
        "mean": 0.092327080667,
        "median": 0.0869140625,
        "min": 0,
        "var": 0.00343960127793
    },
    "barkbands": {
        "dmean": [0.00109508703463, 0.00983404647559, 0.00417468417436, 0.00207833340392, 0.00258025573567, 0.00189499580301, 0.00122482166626, 0.000693543115631, 0.000904117943719, 0.000707758532371, 0.000668910040986, 0.000383126462111, 0.000360478559742, 0.000346609856933, 0.000384120299714, 0.000335596181685, 0.000331202259986, 0.000289162853733, 0.000305944966385, 0.000320640421705, 0.000336584431352, 0.000335772085236, 0.000390392058762, 0.000430914660683, 0.000322246021824, 0.000196045599296, 5.3891686548e-05],
        "dmean2": [0.00156040955335, 0.0126380249858, 0.00748772732913, 0.0035719324369, 0.00433411682025, 0.00311711779796, 0.00193473359104, 0.00109406956472, 0.00139414495789, 0.00112798775081, 0.00107712484896, 0.000635847449303, 0.000601756270044, 0.000575656595174, 0.000627778761555, 0.000568111601751, 0.000537301006261, 0.000467469333671, 0.000488890858833, 0.000527068041265, 0.000550908851437, 0.000544983893633, 0.000653747061733, 0.000724213547073, 0.0005217831349, 0.000312103307806, 8.73749304446e-05],
        "dvar": [3.28205373989e-06, 0.000438207847765, 0.000173658045242, 2.56842504314e-05, 3.10254145006e-05, 9.96483231575e-06, 3.4682432215e-06, 1.51800975345e-06, 2.19588423533e-06, 1.63273580256e-06, 1.5137175069e-06, 3.54024621174e-07, 3.2930688576e-07, 3.09918675612e-07, 3.3439906133e-07, 3.22129068309e-07, 2.25880668836e-07, 1.52609771931e-07, 1.48903538388e-07, 2.41378273813e-07, 2.25432913226e-07, 2.53175130638e-07, 4.4237202701e-07, 6.44791953164e-07, 2.99807368265e-07, 1.40440704399e-07, 8.00865507244e-09],
        "dvar2": [6.55171834296e-06, 0.000585601606872, 0.000481943541672, 6.79769873386e-05, 7.97300599515e-05, 2.60433080257e-05, 8.46160673973e-06, 3.474703135e-06, 4.77725370729e-06, 3.78519871447e-06, 3.58121519639e-06, 9.33200965392e-07, 8.64904905029e-07, 7.6520342418e-07, 8.1364532889e-07, 8.56281701545e-07, 5.77863602302e-07, 3.8122138335e-07, 3.55582301381e-07, 6.28683892501e-07, 5.6737178511e-07, 6.19744071173e-07, 1.13848602723e-06, 1.71959015915e-06, 7.46648652239e-07, 3.40911441299e-07, 1.90892635032e-08],
        "max": [0.026787981391, 0.218018263578, 0.113200679421, 0.0712775290012, 0.0749989300966, 0.0509279295802, 0.0357583165169, 0.0306374188513, 0.0338173955679, 0.0434820279479, 0.0345102623105, 0.0112575665116, 0.0132990768179, 0.0111504029483, 0.0166102964431, 0.00869500637054, 0.0133325885981, 0.015207731165, 0.00642623286694, 0.0101941861212, 0.00868095271289, 0.0077637033537, 0.00925081968307, 0.00941423047334, 0.00947121344507, 0.00627267593518, 0.00146401289385],
        "mean": [0.00292102829553, 0.0230029970407, 0.00351587426849, 0.0022082531359, 0.00368318683468, 0.00332136289217, 0.002155339811, 0.00109919614624, 0.00149282289203, 0.00111599615775, 0.000982619239949, 0.000579810992349, 0.000540587294381, 0.00054917705711, 0.000618733465672, 0.000478402129374, 0.000575449026655, 0.000563962443266, 0.00063929456519, 0.000571199459955, 0.00067484768806, 0.000624420878012, 0.000694173504598, 0.000751627492718, 0.000644058512989, 0.000399946788093, 9.64758364717e-05],
        "median": [0.00107752927579, 0.0138831958175, 0.000770515296608, 0.000711798493285, 0.00208351272158, 0.00197703461163, 0.00109425606206, 0.0005334643065, 0.000749223108869, 0.000547770643607, 0.000423162098741, 0.000314766832162, 0.000302470638417, 0.000333924370352, 0.000401975383284, 0.000300770567264, 0.00041351740947, 0.00046268600272, 0.000515605090186, 0.000443122087745, 0.000557476247195, 0.000475889013615, 0.000516576634254, 0.000541699293535, 0.000473057298223, 0.000278462306596, 5.08593984705e-05],
        "min": [4.73572070957e-23, 1.76033080377e-23, 6.846197208e-24, 1.96324712784e-23, 4.70386587513e-23, 7.76111729701e-24, 4.90614558845e-23, 3.94698065784e-23, 6.10156836482e-23, 1.01442817111e-22, 5.73436307977e-23, 5.88806473855e-23, 6.14543723531e-23, 1.56801919996e-22, 9.8546195598e-23, 1.35374993684e-22, 1.21342142679e-22, 2.0717954928e-22, 2.12737762244e-22, 2.08364014463e-22, 3.45025798056e-22, 4.36701381201e-22, 5.30941052589e-22, 8.21368588326e-22, 1.28286453673e-21, 1.85022370011e-21, 2.68851147421e-21],
        "var": [1.36823819048e-05, 0.00114305445459, 0.000112128291221, 2.34110921156e-05, 3.1392013625e-05, 1.6669575416e-05, 9.83762129181e-06, 3.7675126805e-06, 5.64402625969e-06, 3.31207570525e-06, 2.77278581962e-06, 6.17597095243e-07, 5.30689646894e-07, 5.5213666883e-07, 5.63478749882e-07, 3.48810715423e-07, 3.69350800611e-07, 2.74076882079e-07, 3.41178292729e-07, 3.34353842391e-07, 3.95312696355e-07, 3.8898991761e-07, 5.64338051845e-07, 7.30018996364e-07, 4.80406811221e-07, 2.40708487809e-07, 1.74273218079e-08]
    },
    "erbbands": {
        "dmean": [0.392837285995, 2.21249651909, 4.65465974808, 5.71851634979, 7.54700613022, 9.30813598633, 12.4929513931, 16.3888607025, 16.3882312775, 19.889793396, 13.9489917755, 19.4079704285, 23.4899501801, 21.1609516144, 24.2353229523, 15.6126260757, 15.7040338516, 17.4385585785, 16.7458286285, 19.4278335571, 18.3974952698, 16.3562602997, 15.1440935135, 15.6962404251, 15.3111839294, 15.3001070023, 14.2574663162, 12.6166753769, 11.1924858093, 14.9461688995, 10.0285196304, 9.13673973083, 7.08667373657, 3.87525677681, 2.37746548653, 0.988063156605, 0.353523164988, 0.0884386077523, 0.00892661511898, 0.000132493383717],
        "dmean2": [0.487454086542, 2.83986639977, 7.74941587448, 9.92255496979, 12.4673624039, 15.8709125519, 21.3970546722, 27.0427646637, 26.5497531891, 30.6082706451, 21.8684635162, 30.0734367371, 36.7136077881, 33.9998092651, 38.8415184021, 25.5669307709, 26.0141620636, 28.6585597992, 27.412815094, 32.0346031189, 30.9489364624, 26.5589790344, 24.3234806061, 25.100944519, 24.740732193, 25.1530303955, 23.4667625427, 20.4276790619, 18.1747283936, 25.1341762543, 16.6867809296, 15.2169723511, 12.0975608826, 6.37895774841, 3.87419867516, 1.59435045719, 0.556436896324, 0.140268430114, 0.0146375112236, 0.000214725310798],
        "dvar": [0.593759059906, 26.4192466736, 191.4815979, 213.209823608, 395.507629395, 425.865234375, 609.629516602, 834.198669434, 616.01184082, 1297.26574707, 593.908203125, 1166.71923828, 1612.81738281, 1627.72119141, 1754.20129395, 597.323730469, 676.532714844, 836.884399414, 796.289611816, 916.543701172, 927.641906738, 539.771484375, 389.243865967, 392.640411377, 402.350891113, 556.525695801, 405.766906738, 330.799102783, 271.951446533, 706.748535156, 237.905044556, 267.78125, 178.114608765, 45.234752655, 15.5297632217, 3.35699295998, 0.42484241724, 0.0244149249047, 0.000239416738623, 5.1912806498e-08],
        "dvar2": [0.753389120102, 41.6395301819, 501.386932373, 585.50982666, 964.370056152, 1166.68444824, 1690.51074219, 2197.97631836, 1544.79003906, 3069.51269531, 1344.35717773, 2528.23632812, 3562.65600586, 4117.88623047, 4001.40869141, 1521.62841797, 1750.17553711, 2041.66345215, 1950.20336914, 2365.61108398, 2478.33374023, 1377.8848877, 957.601623535, 934.942687988, 983.283935547, 1477.99353027, 1029.31530762, 828.929870605, 673.120727539, 1824.53051758, 595.810974121, 689.485290527, 486.615539551, 116.368293762, 38.1762313843, 8.15359401703, 0.993568122387, 0.0574255734682, 0.000608993053902, 1.30139952148e-07],
        "max": [9.74911689758, 54.0598831177, 129.663864136, 138.393341064, 302.856048584, 387.832214355, 397.606933594, 523.128295898, 488.196868896, 868.021850586, 816.339782715, 888.532165527, 1497.16674805, 1238.55847168, 1102.25109863, 564.559204102, 656.138549805, 635.123657227, 1019.03991699, 765.832824707, 543.135620117, 484.051635742, 655.133972168, 316.303466797, 295.836517334, 531.672912598, 272.961791992, 290.31439209, 350.532409668, 343.205841064, 222.435760498, 233.778808594, 152.572479248, 105.829658508, 66.81615448, 28.8393993378, 11.6455097198, 2.56532216072, 0.268399894238, 0.00341176567599],
        "mean": [0.954975247383, 3.95135521889, 4.69966554642, 5.99675559998, 9.52660655975, 12.9298305511, 18.0665092468, 28.5688819885, 29.0267925262, 34.3334350586, 24.0639514923, 32.5639343262, 39.2144508362, 34.0687217712, 37.6601486206, 25.7912197113, 25.3849372864, 29.419500351, 28.3258075714, 31.5435810089, 29.0115127563, 30.3818855286, 30.5149288177, 33.0141334534, 31.3740711212, 27.7551002502, 27.2855606079, 24.6185703278, 21.6362342834, 23.6200218201, 18.8266773224, 15.860953331, 12.1330928802, 7.37781858444, 4.52605819702, 1.94705879688, 0.709683179855, 0.181070432067, 0.0150185162202, 0.000305002031382],
        "median": [0.698653638363, 1.27238976955, 1.23203241825, 2.08537220955, 3.99432730675, 6.68797159195, 10.4865522385, 16.1132946014, 15.5277233124, 15.5471611023, 13.7127943039, 17.3940982819, 21.0279445648, 18.4746856689, 19.205488205, 15.5791387558, 14.6191701889, 18.3192119598, 17.4347896576, 20.4991779327, 20.0388946533, 23.0790023804, 25.6807422638, 26.757276535, 26.0738601685, 21.6227035522, 22.1291904449, 19.6082077026, 16.9084453583, 16.3742370605, 14.4434070587, 11.4761590958, 8.61512470245, 5.59648799896, 3.10323786736, 1.3533654213, 0.479047954082, 0.115525148809, 0.00763147976249, 0.000224347124458],
        "min": [1.30849562466e-21, 1.88576116445e-21, 8.4449704091e-21, 3.3163909961e-20, 5.19662648905e-20, 1.77050294073e-19, 1.87979004326e-19, 8.33320231403e-20, 2.40199937447e-19, 1.42021741297e-18, 8.21681205648e-19, 1.01515471842e-18, 2.36021470772e-18, 3.9500707343e-18, 2.00014422785e-18, 2.37546936578e-18, 3.5650417338e-18, 7.33050850285e-18, 6.4793839067e-18, 9.4323976004e-18, 5.29596431487e-18, 8.0636155187e-18, 1.03256161772e-17, 1.25724207006e-17, 1.09431933584e-17, 1.09299700491e-17, 1.28097156573e-17, 1.50157980791e-17, 1.42734051337e-17, 1.39732973901e-17, 1.55156550515e-17, 1.64658853976e-17, 1.22046198043e-17, 1.17259949039e-17, 1.10886100557e-17, 6.76938474406e-18, 3.22943760209e-18, 1.41423131367e-18, 3.7800988186e-19, 3.74194731004e-20],
        "var": [1.60023975372, 54.028087616, 152.803451538, 159.167556763, 427.341064453, 396.174743652, 606.691345215, 1385.51940918, 1730.86230469, 3636.03710938, 1667.54772949, 2739.48413086, 3720.16772461, 2898.08984375, 3433.26269531, 1133.25915527, 1142.29211426, 1588.20410156, 1278.98693848, 1418.23168945, 1081.83312988, 924.134765625, 735.689697266, 860.867675781, 811.63848877, 751.243408203, 674.489685059, 565.397277832, 441.056915283, 774.756896973, 360.414855957, 328.016540527, 193.386856079, 63.2063026428, 26.0146656036, 5.57772493362, 0.786822080612, 0.0530146285892, 0.000436371570686, 1.00435933348e-07]
    },
    "gfcc": {
        "mean": [63.6951560974, 47.1378974915, -95.8210678101, 32.2628097534, -56.5000724792, 17.0695667267, -33.2573509216, 15.6053552628, -20.2234306335, 9.12718868256, -12.6192531586, 8.08968639374, -8.34143066406],
        "cov": [[9433.73046875, -1726.33532715, 768.02911377, 246.772720337, 71.8393707275, 437.768707275, -25.7384319305, 363.555389404, -217.842391968, 365.083007812, -116.192596436, 386.47088623, -154.911880493], [-1726.33532715, 2682.68017578, -554.71307373, -190.825332642, 3.4966878891, -462.390106201, -31.7639656067, -225.619018555, 125.431655884, -269.943756104, 175.233718872, -197.100524902, 170.061676025], [768.02911377, -554.71307373, 950.156066895, 387.697540283, 223.491546631, 259.333068848, 99.7872085571, 111.913696289, -31.9471626282, 90.8449859619, -59.1534729004, 66.91040802, -78.974571228], [246.772720337, -190.825332642, 387.697540283, 432.863067627, 173.033493042, 188.186553955, 53.3319473267, 54.6309394836, -14.539940834, 47.4991874695, -42.2235069275, -1.01154279709, -42.7313804626], [71.8393707275, 3.4966878891, 223.491546631, 173.033493042, 294.761047363, 159.541091919, 129.01071167, 62.4308586121, 42.7089920044, 37.3696479797, 19.8448562622, 12.011516571, -14.5871858597], [437.768707275, -462.390106201, 259.333068848, 188.186553955, 159.541091919, 340.596679688, 142.449417114, 140.923355103, 21.654510498, 98.7346572876, -13.7958145142, 52.1044502258, -33.7020606995], [-25.7384319305, -31.7639656067, 99.7872085571, 53.3319473267, 129.01071167, 142.449417114, 198.08416748, 126.697418213, 77.0428314209, 52.6280708313, 39.4141273499, 27.6245117188, 4.82858657837], [363.555389404, -225.619018555, 111.913696289, 54.6309394836, 62.4308586121, 140.923355103, 126.697418213, 189.325881958, 77.4818878174, 90.7355117798, 28.891122818, 62.4749679565, 0.979605555534], [-217.842391968, 125.431655884, -31.9471626282, -14.539940834, 42.7089920044, 21.654510498, 77.0428314209, 77.4818878174, 127.677108765, 57.1613464355, 59.3299179077, 13.7488079071, 30.7091159821], [365.083007812, -269.943756104, 90.8449859619, 47.4991874695, 37.3696479797, 98.7346572876, 52.6280708313, 90.7355117798, 57.1613464355, 137.093109131, 50.481842041, 61.6262207031, -1.79533624649], [-116.192596436, 175.233718872, -59.1534729004, -42.2235069275, 19.8448562622, -13.7958145142, 39.4141273499, 28.891122818, 59.3299179077, 50.481842041, 111.907043457, 49.1398887634, 43.103767395], [386.47088623, -197.100524902, 66.91040802, -1.01154279709, 12.011516571, 52.1044502258, 27.6245117188, 62.4749679565, 13.7488079071, 61.6262207031, 49.1398887634, 114.242416382, 36.2958869934], [-154.911880493, 170.061676025, -78.974571228, -42.7313804626, -14.5871858597, -33.7020606995, 4.82858657837, 0.979605555534, 30.7091159821, -1.79533624649, 43.103767395, 36.2958869934, 87.351524353]],
        "icov": [[0.000183857351658, -0.0001268224878, -4.89905323775e-06, 0.000106548832264, -0.000115390845167, 1.73069620359e-05, 0.000223401395488, -0.000419917952968, 0.000616660923697, -0.000732551619876, 0.000674066017382, -0.000734483881388, 0.000341147766449], [-0.0001268224878, 0.00133067800198, 1.8867172912e-05, -0.000479021749925, -0.000261963054072, 0.000753487576731, -0.000198280875338, 0.00027834973298, -0.00128699385095, 0.0030716995243, -0.0035522156395, 0.00285361241549, -0.00169531884603], [-4.89905323775e-06, 1.8867172912e-05, 0.00214390270412, -0.00139011640567, -0.000667986052576, 0.000249353965046, -0.000503254530486, 5.99013692408e-05, 0.000308119604597, -0.00045129461796, 0.00127819261979, -0.0019218911184, 0.00127490912564], [0.000106548832264, -0.000479021749925, -0.00139011640567, 0.00496623711661, -0.00165486067999, -0.00165277346969, 0.0017012367025, -0.000947962398641, 0.00146683224011, -0.00215348694474, 0.00162936630659, 0.00116560596507, -0.000551543955225], [-0.000115390845167, -0.000261963054072, -0.000667986052576, -0.00165486067999, 0.00727128610015, -0.00200053933077, -0.00362966582179, 0.00288475607522, -0.00215772120282, 0.00142263714224, -0.00142661470454, -0.000515017658472, 0.00120836938731], [1.73069620359e-05, 0.000753487576731, 0.000249353965046, -0.00165277346969, -0.00200053933077, 0.00864885933697, -0.00372068048455, -0.00198659021407, 0.00229979329742, -0.0026767430827, 0.00182769342791, -0.000127278763102, -0.000501058064401], [0.000223401395488, -0.000198280875338, -0.000503254530486, 0.0017012367025, -0.00362966582179, -0.00372068048455, 0.015290546231, -0.00794391985983, -0.00179651437793, 0.00288323755376, -0.00346736679785, 0.00212816125713, -0.00012080855231], [-0.000419917952968, 0.00027834973298, 5.99013692408e-05, -0.000947962398641, 0.00288475607522, -0.00198659021407, -0.00794391985983, 0.018040496856, -0.00864964257926, -0.00114029564429, 0.00298703485169, -0.00581777608022, 0.00221672398038], [0.000616660923697, -0.00128699385095, 0.000308119604597, 0.00146683224011, -0.00215772120282, 0.00229979329742, -0.00179651437793, -0.00864964257926, 0.0228994321078, -0.0111363986507, -0.000523818773217, 0.00484319869429, -0.00471467617899], [-0.000732551619876, 0.0030716995243, -0.00045129461796, -0.00215348694474, 0.00142263714224, -0.0026767430827, 0.00288323755376, -0.00114029564429, -0.0111363986507, 0.027132017538, -0.0158039387316, 0.00195893831551, 0.00177469081245], [0.000674066017382, -0.0035522156395, 0.00127819261979, 0.00162936630659, -0.00142661470454, 0.00182769342791, -0.00346736679785, 0.00298703485169, -0.000523818773217, -0.0158039387316, 0.0311508383602, -0.0160143617541, 0.00183098192792], [-0.000734483881388, 0.00285361241549, -0.0019218911184, 0.00116560596507, -0.000515017658472, -0.000127278763102, 0.00212816125713, -0.00581777608022, 0.00484319869429, 0.00195893831551, -0.0160143617541, 0.0298991072923, -0.0143966665491], [0.000341147766449, -0.00169531884603, 0.00127490912564, -0.000551543955225, 0.00120836938731, -0.000501058064401, -0.00012080855231, 0.00221672398038, -0.00471467617899, 0.00177469081245, 0.00183098192792, -0.0143966665491, 0.0229991730303]]
    },
    "melbands": {
        "dmean": [0.00302795576863, 0.0022974468302, 0.00102564820554, 0.000576432270464, 0.000436339469161, 0.000366364547517, 0.000248501106398, 0.000199446541956, 0.000119191099657, 0.000123737001559, 0.000119138028822, 8.62778033479e-05, 9.36444557738e-05, 4.85919226776e-05, 3.79262164643e-05, 3.41655977536e-05, 3.4071796108e-05, 2.80334716081e-05, 2.66008955805e-05, 2.50519915426e-05, 2.27809759963e-05, 1.75422483153e-05, 1.79706185008e-05, 1.57314971148e-05, 1.3638740711e-05, 1.27906741909e-05, 1.13686382974e-05, 1.04927194116e-05, 9.7330130302e-06, 9.21683840716e-06, 7.59859040045e-06, 6.26127439318e-06, 7.97906250227e-06, 9.06590412342e-06, 5.97678535996e-06, 5.90432182435e-06, 5.8312712099e-06, 5.27521979166e-06, 4.58052272734e-06, 3.10888435706e-06],
        "dmean2": [0.00377163640223, 0.00320609821938, 0.00173547456507, 0.000959803815931, 0.000748746620957, 0.000602366111707, 0.00040001043817, 0.000307491107378, 0.000186259901966, 0.000191323328181, 0.000186241173651, 0.000138865667395, 0.000150885156472, 8.04601586424e-05, 6.25576722086e-05, 5.68644427403e-05, 5.60216794838e-05, 4.62566858914e-05, 4.36692607764e-05, 4.17526571255e-05, 3.83215738111e-05, 2.87314105663e-05, 2.96367088595e-05, 2.55503564404e-05, 2.20374549826e-05, 2.07143184525e-05, 1.85325934581e-05, 1.74821798282e-05, 1.61574189406e-05, 1.52699431055e-05, 1.23818999782e-05, 1.02210042314e-05, 1.31098040583e-05, 1.54818244482e-05, 9.96507242235e-06, 9.89355339698e-06, 9.75198327069e-06, 9.01589828572e-06, 7.91737329564e-06, 5.06965488967e-06],
        "dvar": [3.60183003068e-05, 3.35226322932e-05, 5.92759670326e-06, 1.60259423865e-06, 7.97804375452e-07, 3.85829281413e-07, 1.35030589377e-07, 1.26354137819e-07, 4.06060856051e-08, 4.19361221304e-08, 4.10496170389e-08, 2.91844504119e-08, 2.90415282933e-08, 5.60174440167e-09, 3.86385767825e-09, 2.66168354024e-09, 3.57766638537e-09, 2.20217777347e-09, 1.60721957965e-09, 1.57521762301e-09, 1.3475051075e-09, 6.29229945925e-10, 6.38724795277e-10, 6.06550143445e-10, 3.10220210631e-10, 2.81154211024e-10, 2.94254703936e-10, 2.87662976772e-10, 2.0838705761e-10, 1.86576989969e-10, 1.20006032889e-10, 7.97482843651e-11, 1.42685710469e-10, 2.84670731432e-10, 7.50175824238e-11, 1.07389930282e-10, 1.06925815424e-10, 9.13825612403e-11, 7.40526806542e-11, 2.60244794464e-11],
        "dvar2": [4.43759890913e-05, 7.23577904864e-05, 1.55426005222e-05, 4.04710226576e-06, 2.23087135964e-06, 1.01023442767e-06, 3.35506115334e-07, 2.98885964867e-07, 9.13514810463e-08, 9.15907492072e-08, 9.08591246684e-08, 7.36301970505e-08, 6.79665603798e-08, 1.44315883688e-08, 1.03660706685e-08, 7.07197944649e-09, 8.67937366422e-09, 5.52960033318e-09, 3.93907040319e-09, 4.04650757346e-09, 3.59982976761e-09, 1.58764634772e-09, 1.62197488773e-09, 1.57781354648e-09, 7.5219475093e-10, 6.85663525957e-10, 7.34873883967e-10, 7.75699837696e-10, 5.30855415182e-10, 4.6953724242e-10, 3.08947700756e-10, 1.98848423838e-10, 3.50575846131e-10, 7.54953433102e-10, 1.88688606406e-10, 2.78363443407e-10, 2.78497475081e-10, 2.49431891808e-10, 2.03316002922e-10, 6.44204689593e-11],
        "max": [0.0713292807341, 0.0577993914485, 0.0249180924147, 0.0155306411907, 0.0144428992644, 0.0109108220786, 0.00716274697334, 0.00788762327284, 0.00613155588508, 0.00481928838417, 0.00761489756405, 0.00518383504823, 0.00470746587962, 0.00128881447017, 0.00125341676176, 0.000895697448868, 0.00134167971555, 0.00161481439136, 0.000889301125426, 0.000676537107211, 0.000767019169871, 0.000584924360737, 0.000337979057804, 0.00118552008644, 0.000260333530605, 0.000288200913928, 0.000429999316111, 0.000430887710536, 0.000273205194389, 0.000349877635017, 0.000140901989653, 0.000162361058756, 0.000175765249878, 0.000232890874031, 0.000127051112941, 0.00023526790028, 0.000121704462799, 0.000113896981929, 0.000125418329844, 8.0364086898e-05],
        "mean": [0.00741822086275, 0.00342782586813, 0.00116213050205, 0.000804687384516, 0.000636078242678, 0.000644832151011, 0.000449918181403, 0.000341598351952, 0.000198818263016, 0.000206406635698, 0.000193585641682, 0.000133463036036, 0.000139307099744, 7.32531334506e-05, 5.91099087615e-05, 5.27707015863e-05, 5.45368930034e-05, 4.40554067609e-05, 4.2045587179e-05, 3.71617607016e-05, 3.371920684e-05, 3.06993933918e-05, 2.99937764794e-05, 2.88646915578e-05, 2.60335782514e-05, 2.4319440854e-05, 2.03158924705e-05, 1.73834123416e-05, 1.67778489413e-05, 1.66071986314e-05, 1.34351703309e-05, 1.16535729831e-05, 1.29191685119e-05, 1.31804818011e-05, 1.07778241727e-05, 1.01096775325e-05, 9.53315156949e-06, 8.74812212714e-06, 7.32775743018e-06, 5.86980331718e-06],
        "median": [0.00517849717289, 0.00104729807936, 0.00042734114686, 0.000413795845816, 0.000388501444831, 0.000376122858142, 0.000246131297899, 0.000156308829901, 0.000107073559775, 0.000107542611659, 9.94702422759e-05, 6.53864117339e-05, 6.19640195509e-05, 3.96121031372e-05, 3.41408340319e-05, 3.04312870867e-05, 3.22053892887e-05, 2.54641799984e-05, 2.70621021627e-05, 2.32292059081e-05, 2.1676565666e-05, 2.23467050091e-05, 2.08197379834e-05, 2.26971606025e-05, 1.96208329726e-05, 1.89127677004e-05, 1.57250160555e-05, 1.28364235934e-05, 1.26644326883e-05, 1.25593423945e-05, 1.00780043795e-05, 9.06238165044e-06, 8.92731532076e-06, 8.66444406711e-06, 8.18823446025e-06, 7.25315112504e-06, 6.73681097396e-06, 6.06795356362e-06, 5.26940084455e-06, 4.36080699728e-06],
        "min": [1.00309801437e-23, 5.66214578268e-24, 7.96259316107e-24, 7.54024176558e-24, 8.6355806545e-24, 1.70474005188e-24, 5.3349404787e-24, 1.54907038236e-23, 6.17849034946e-24, 7.30088085655e-24, 1.24175028964e-23, 1.66098387018e-23, 6.45564795104e-24, 8.48495160896e-24, 4.26897088127e-24, 9.49538618751e-24, 1.22843999736e-23, 1.02195873198e-23, 8.87215925112e-24, 1.14304611992e-23, 5.3689182956e-24, 9.21240837018e-24, 6.50075698975e-24, 1.02788086857e-23, 1.04359182235e-23, 6.22953359433e-24, 8.2102513091e-24, 6.51067139361e-24, 6.6834481035e-24, 9.14968682846e-24, 8.64604016125e-24, 8.18465277272e-24, 7.63286192446e-24, 7.62753474677e-24, 9.04214299897e-24, 8.63471448523e-24, 1.0126813333e-23, 7.40937684115e-24, 9.08850908754e-24, 9.64066991157e-24],
        "var": [0.00010038792243, 4.74379085063e-05, 5.2334812608e-06, 1.72315742475e-06, 7.40651046272e-07, 6.71980785683e-07, 3.90980204656e-07, 3.45988269146e-07, 1.10102256201e-07, 1.03565163556e-07, 9.41583166991e-08, 5.29019530404e-08, 5.43259375263e-08, 1.00041868123e-08, 6.17650819379e-09, 4.44067937977e-09, 6.50821441184e-09, 3.33821370546e-09, 2.70166378158e-09, 2.05030481482e-09, 1.65196578639e-09, 1.07047826159e-09, 1.07617148526e-09, 9.09519404235e-10, 6.39179376094e-10, 5.72583092051e-10, 4.29445617955e-10, 3.49207690542e-10, 3.0826827202e-10, 2.96755453544e-10, 1.86819740233e-10, 1.33305436134e-10, 1.96596308677e-10, 2.80570400246e-10, 1.16774534487e-10, 1.36421499097e-10, 1.24498383824e-10, 1.02468943053e-10, 7.43761857658e-11, 4.12674894257e-11]
    },
    "mfcc": {
        "mean": [-585.276733398, 86.2601776123, 14.7067155838, 20.7183856964, 4.75771951675, 4.51437759399, 2.09651732445, 5.72573471069, 2.1028380394, 4.28394699097, 1.79178392887, 2.52025794983, 1.8643860817],
        "cov": [[5959.27783203, -1186.94750977, 402.898101807, 2.87880754471, 176.676254272, 132.741119385, 243.55116272, 135.915786743, 54.9249954224, 81.4580764771, 74.1323471069, 28.3021354675, 82.8509063721], [-1186.94750977, 2107.47265625, -374.957550049, 104.929176331, -116.949989319, -222.96383667, -189.38343811, -86.0525512695, -107.26109314, -101.084266663, -94.4181518555, -27.9793395996, 6.6100769043], [402.898101807, -374.957550049, 620.879821777, 198.808883667, 178.435974121, 153.9972229, 127.395553589, 80.9230804443, 62.7537956238, 45.576423645, 35.5874137878, 11.724864006, 1.56327307224], [2.87880754471, 104.929176331, 198.808883667, 295.927276611, 140.692138672, 87.2034759521, 55.3388786316, 29.690158844, 17.0369720459, 19.943944931, 16.1001319885, -1.49372172356, -4.00209760666], [176.676254272, -116.949989319, 178.435974121, 140.692138672, 213.27394104, 149.614013672, 102.239204407, 60.357460022, 45.5107803345, 39.0928001404, 33.3728866577, 16.0950279236, 11.7965106964], [132.741119385, -222.96383667, 153.9972229, 87.2034759521, 149.614013672, 213.78137207, 136.765060425, 71.7685470581, 59.8964424133, 51.7923316956, 43.0473823547, 23.7825050354, 13.4332685471], [243.55116272, -189.38343811, 127.395553589, 55.3388786316, 102.239204407, 136.765060425, 181.873199463, 111.954208374, 72.0808868408, 62.6454391479, 57.7361373901, 40.1068763733, 24.4165687561], [135.915786743, -86.0525512695, 80.9230804443, 29.690158844, 60.357460022, 71.7685470581, 111.954208374, 139.752304077, 86.9513397217, 55.0547790527, 47.2234077454, 35.5541000366, 27.3085575104], [54.9249954224, -107.26109314, 62.7537956238, 17.0369720459, 45.5107803345, 59.8964424133, 72.0808868408, 86.9513397217, 117.348487854, 73.3395462036, 43.9748649597, 34.5046424866, 22.0949497223], [81.4580764771, -101.084266663, 45.576423645, 19.943944931, 39.0928001404, 51.7923316956, 62.6454391479, 55.0547790527, 73.3395462036, 105.83240509, 69.0460128784, 38.4679718018, 20.7933101654], [74.1323471069, -94.4181518555, 35.5874137878, 16.1001319885, 33.3728866577, 43.0473823547, 57.7361373901, 47.2234077454, 43.9748649597, 69.0460128784, 106.484283447, 64.5928192139, 27.2126693726], [28.3021354675, -27.9793395996, 11.724864006, -1.49372172356, 16.0950279236, 23.7825050354, 40.1068763733, 35.5541000366, 34.5046424866, 38.4679718018, 64.5928192139, 91.7994232178, 48.3832588196], [82.8509063721, 6.6100769043, 1.56327307224, -4.00209760666, 11.7965106964, 13.4332685471, 24.4165687561, 27.3085575104, 22.0949497223, 20.7933101654, 27.2126693726, 48.3832588196, 77.1320419312]],
