{
"lowlevel": {
    "average_loudness": 0.872603297234,
    "barkbands_crest": {
        "dmean": 2.46098256111,
        "dmean2": 3.57086086273,
        "dvar": 5.85568094254,
        "dvar2": 12.1738071442,
        "max": 26.3572673798,
        "mean": 10.4951257706,
        "median": 8.96564388275,
        "min": 2.09960007668,
        "var": 29.6237926483
    },
    "barkbands_flatness_db": {
        "dmean": 0.0220812819898,
        "dmean2": 0.0321039222181,
        "dvar": 0.000621622661129,
        "dvar2": 0.00125187402591,
        "max": 0.567539453506,
        "mean": 0.140428930521,
        "median": 0.120722956955,
        "min": 0.0139387408271,
        "var": 0.00777321122587
    },
    "barkbands_kurtosis": {
        "dmean": 3.03081798553,
        "dmean2": 4.65073490143,
        "dvar": 26.7008361816,
        "dvar2": 61.8709526062,
        "max": 139.558273315,
        "mean": 4.44023370743,
        "median": 1.53225421906,
        "min": -1.78146004677,
        "var": 69.4392242432
    },
    "barkbands_skewness": {
        "dmean": 0.580182731152,
        "dmean2": 0.870417416096,
        "dvar": 0.447366118431,
        "dvar2": 0.934665977955,
        "max": 11.191904068,
        "mean": 1.50027728081,
        "median": 1.22964549065,
        "min": -2.6630320549,
        "var": 2.12117552757
    },
    "barkbands_spread": {
        "dmean": 6.37863540649,
        "dmean2": 9.91258811951,
        "dvar": 60.4076194763,
        "dvar2": 138.108596802,
        "max": 101.316818237,
        "mean": 25.8523273468,
        "median": 22.8553848267,
        "min": 0.328834831715,
        "var": 279.571716309
    },
    "dissonance": {
        "dmean": 0.0190210137516,
        "dmean2": 0.0319044105709,
        "dvar": 0.000564685149584,
        "dvar2": 0.00159354915377,
        "max": 0.499999970198,
        "mean": 0.463160604239,
        "median": 0.473069548607,
        "min": 0.136034607887,
        "var": 0.00125170114916
    },
    "dynamic_complexity": 4.06179618835,
    "erbbands_crest": {
        "dmean": 2.67001676559,
        "dmean2": 4.32894515991,
        "dvar": 7.60495471954,
        "dvar2": 17.8033008575,
        "max": 32.6463470459,
        "mean": 8.24278068542,
        "median": 6.63187646866,
        "min": 1.92987501621,
        "var": 25.4482212067
    },
    "erbbands_flatness_db": {
        "dmean": 0.0154008073732,
        "dmean2": 0.023049287498,
        "dvar": 0.000277369428659,
        "dvar2": 0.000547651492525,
        "max": 0.560388028622,
        "mean": 0.149680510163,
        "median": 0.130589455366,
        "min": 0.0532795600593,
        "var": 0.00487083802
    },
    "erbbands_kurtosis": {
        "dmean": 0.960797607899,
        "dmean2": 1.5238866806,
        "dvar": 2.69442820549,
        "dvar2": 6.38172149658,
        "max": 29.770324707,
        "mean": 0.54269695282,
        "median": -0.314884662628,
        "min": -1.84427595139,
        "var": 7.35372829437
    },
    "erbbands_skewness": {
        "dmean": 0.383863002062,
        "dmean2": 0.597784996033,
        "dvar": 0.132306993008,
        "dvar2": 0.300725072622,
        "max": 3.73236036301,
        "mean": 0.233232110739,
        "median": 0.160653203726,
        "min": -3.50138950348,
        "var": 0.515392661095
    },
    "erbbands_spread": {
        "dmean": 8.78158950806,
        "dmean2": 13.1959896088,
        "dvar": 131.603668213,
        "dvar2": 243.336364746,
        "max": 157.201553345,
        "mean": 42.5794639587,
        "median": 39.0645828247,
        "min": 1.67837321758,
        "var": 685.501831055
    },
    "hfc": {
        "dmean": 8.51046466827,
        "dmean2": 13.8041534424,
        "dvar": 203.698135376,
        "dvar2": 503.141876221,
        "max": 137.674789429,
        "mean": 27.1365509033,
        "median": 16.9304981232,
        "min": 1.09752553752e-16,
        "var": 743.598266602
    },
    "melbands_crest": {
        "dmean": 3.32137513161,
        "dmean2": 5.01791334152,
        "dvar": 11.0363016129,
        "dvar2": 24.1218204498,
        "max": 38.9235343933,
        "mean": 16.1295070648,
        "median": 13.6093959808,
        "min": 1.68866300583,
        "var": 62.3165550232
    },
    "melbands_flatness_db": {
        "dmean": 0.028828876093,
        "dmean2": 0.0425969064236,
        "dvar": 0.00110790599138,
        "dvar2": 0.00236466364004,
        "max": 0.716896772385,
        "mean": 0.207329168916,
        "median": 0.185223668814,
        "min": 0.00399130675942,
        "var": 0.0114803304896
    },
    "melbands_kurtosis": {
        "dmean": 11.6399755478,
        "dmean2": 16.7373828888,
        "dvar": 755.911437988,
        "dvar2": 1486.52331543,
        "max": 296.573547363,
        "mean": 20.6920566559,
        "median": 6.71070575714,
        "min": -1.82324266434,
        "var": 1653.8092041
    },
    "melbands_skewness": {
        "dmean": 0.905810236931,
        "dmean2": 1.27411842346,
        "dvar": 1.83389794827,
        "dvar2": 3.24140357971,
        "max": 15.7423629761,
        "mean": 2.99569535255,
        "median": 2.25468397141,
        "min": -2.99477481842,
        "var": 7.68814992905
    },
    "melbands_spread": {
        "dmean": 8.234333992,
        "dmean2": 13.1084976196,
        "dvar": 128.521514893,
        "dvar2": 315.844421387,
        "max": 202.183898926,
        "mean": 26.0565261841,
        "median": 20.795331955,
        "min": 0.38464897871,
        "var": 432.194488525
    },
    "pitch_salience": {
        "dmean": 0.0784646123648,
        "dmean2": 0.118389345706,
        "dvar": 0.00670649297535,
        "dvar2": 0.0139363799244,
        "max": 0.990097761154,
        "mean": 0.520234465599,
        "median": 0.557864129543,
        "min": 0.0489153862,
        "var": 0.0280801337212
    },
    "silence_rate_20dB": {
        "dmean": 0,
        "dmean2": 0,
        "dvar": 0,
        "dvar2": 0,
        "max": 1,
        "mean": 1,
        "median": 1,
        "min": 1,
        "var": 0
    },
    "silence_rate_30dB": {
        "dmean": 0.00120221206453,
        "dmean2": 0.00240471330471,
        "dvar": 0.00120080902707,
        "dvar2": 0.00360124604777,
        "max": 1,
        "mean": 0.999398946762,
        "median": 1,
        "min": 0,
        "var": 0.000600737694185
    },
    "silence_rate_60dB": {
        "dmean": 0.011781678535,
        "dmean2": 0.0235661901534,
        "dvar": 0.011641507037,
        "dvar2": 0.0268562007695,
        "max": 1,
        "mean": 0.0346195474267,
        "median": 0,
        "min": 0,
        "var": 0.033423833549
    },
    "spectral_centroid": {
        "dmean": 316.939971924,
        "dmean2": 498.9921875,
        "dvar": 157843.96875,
        "dvar2": 341778.65625,
        "max": 11531.6318359,
        "mean": 1553.34973145,
        "median": 1506.74743652,
        "min": 148.199020386,
        "var": 948506.4375
    },
    "spectral_complexity": {
        "dmean": 5.11324834824,
        "dmean2": 8.09715080261,
        "dvar": 42.6003761292,
        "dvar2": 91.5487289429,
        "max": 61,
        "mean": 19.6715946198,
        "median": 17,
        "min": 0,
        "var": 161.44644165
    },
    "spectral_decrease": {
        "dmean": 1.83726955871e-09,
        "dmean2": 2.80596013091e-09,
        "dvar": 8.80606967547e-18,
        "dvar2": 1.96897506975e-17,
        "max": 2.49059864109e-28,
        "mean": -6.69454713886e-09,
        "median": -5.80927128624e-09,
        "min": -3.26182920674e-08,
        "var": 2.75590854786e-17
    },
    "spectral_energy": {
        "dmean": 0.00737868901342,
        "dmean2": 0.0112983379513,
        "dvar": 0.000131146109197,
        "dvar2": 0.000298047263641,
        "max": 0.126597881317,
        "mean": 0.0277281180024,
        "median": 0.0237850900739,
        "min": 1.00284509799e-20,
        "var": 0.000460029521491
    },
    "spectral_energyband_high": {
        "dmean": 0.00063297431916,
        "dmean2": 0.00106189423241,
        "dvar": 1.44682076098e-06,
        "dvar2": 3.73485954697e-06,
        "max": 0.0115099204704,
        "mean": 0.00171461817808,
        "median": 0.000589283125009,
        "min": 7.27598002663e-21,
        "var": 4.76484547107e-06
    },
    "spectral_energyband_low": {
        "dmean": 0.00516421115026,
        "dmean2": 0.00798959005624,
        "dvar": 0.000168428508914,
        "dvar2": 0.000382998492569,
        "max": 0.1212349087,
        "mean": 0.0121110221371,
        "median": 0.00629257690161,
        "min": 1.9863781073e-23,
        "var": 0.000287271366687
    },
    "spectral_energyband_middle_high": {
        "dmean": 0.00257669319399,
        "dmean2": 0.00397101044655,
        "dvar": 2.01498569368e-05,
        "dvar2": 4.05929677072e-05,
        "max": 0.0750813931227,
        "mean": 0.00634933356196,
        "median": 0.00237841159105,
        "min": 1.05420109907e-21,
        "var": 9.17437791941e-05
    },
    "spectral_energyband_middle_low": {
        "dmean": 0.00293662422337,
        "dmean2": 0.00464030867442,
        "dvar": 2.43445811066e-05,
        "dvar2": 6.28748166491e-05,
        "max": 0.0463825426996,
        "mean": 0.00813586264849,
        "median": 0.00511523801833,
        "min": 2.06398274061e-22,
        "var": 6.3122031861e-05
    },
    "spectral_entropy": {
        "dmean": 0.15910898149,
        "dmean2": 0.240160450339,
        "dvar": 0.0286481957883,
        "dvar2": 0.0627675503492,
        "max": 9.8232049942,
        "mean": 7.69262313843,
        "median": 7.88531017303,
        "min": 4.7689948082,
        "var": 0.42369312048
    },
    "spectral_flux": {
        "dmean": 0.0255825538188,
        "dmean2": 0.0355379059911,
        "dvar": 0.00095850310754,
        "dvar2": 0.00134398706723,
        "max": 0.337903350592,
        "mean": 0.078958325088,
        "median": 0.0654974430799,
        "min": 6.29984051037e-11,
        "var": 0.00325931748375
    },
    "spectral_kurtosis": {
        "dmean": 2.60531330109,
        "dmean2": 4.40147304535,
        "dvar": 44.3416862488,
        "dvar2": 123.875846863,
        "max": 201.790100098,
        "mean": 6.83553266525,
        "median": 2.7594833374,
        "min": -1.2457947731,
        "var": 200.35067749
    },
    "spectral_rms": {
        "dmean": 0.000649986031931,
        "dmean2": 0.000976598937996,
        "dvar": 5.98719680056e-07,
        "dvar2": 1.29185809783e-06,
        "max": 0.0111135104671,
        "mean": 0.00478545576334,
        "median": 0.00481715332717,
        "min": 3.12791546137e-12,
        "var": 4.15130853071e-06
    },
    "spectral_rolloff": {
        "dmean": 607.171325684,
        "dmean2": 1015.24853516,
        "dvar": 885707.125,
        "dvar2": 2073744.625,
        "max": 19509.0820312,
        "mean": 1672.79223633,
        "median": 1012.06054688,
        "min": 43.06640625,
        "var": 3719285
    },
    "spectral_skewness": {
        "dmean": 0.265448004007,
        "dmean2": 0.431834727526,
        "dvar": 0.145188391209,
        "dvar2": 0.390348494053,
        "max": 11.4783945084,
        "mean": 1.66825652122,
        "median": 1.2933344841,
        "min": -0.0621727183461,
        "var": 1.29301071167
    },
    "spectral_spread": {
        "dmean": 504013.15625,
        "dmean2": 772223,
        "dvar": 521318006784,
        "dvar2": 1.01534066278e+12,
        "max": 42496336,
        "mean": 5104379.5,
        "median": 4832301,
        "min": 517564.96875,
        "var": 9.52829162291e+12
    },
    "spectral_strongpeak": {
        "dmean": 0.465856999159,
        "dmean2": 0.762696325779,
        "dvar": 1.04335463047,
        "dvar2": 2.28686928749,
        "max": 16.3737640381,
        "mean": 0.915591537952,
        "median": 0.267192214727,
        "min": 0,
        "var": 3.33095502853
    },
    "zerocrossingrate": {
        "dmean": 0.0105239339173,
        "dmean2": 0.0123058380559,
        "dvar": 0.00015617547615,
        "dvar2": 0.000198778623599,
        "max": 0.83349609375,
        "mean": 0.0679405331612,
        "median": 0.06005859375,
        "min": 0.001953125,
        "var": 0.00308220135048
    },
    "barkbands": {
        "dmean": [0.000428074301453, 0.00364838703535, 0.00265284604393, 0.00108246062882, 0.000917442899663, 0.000791534548625, 0.000775443506427, 0.000555912149139, 0.000370937923435, 0.000391088920878, 0.000841240806039, 0.000420976663008, 0.000275783153484, 0.000611041323282, 0.000355252850568, 0.000322381412843, 0.0003467349743, 0.000267694354989, 0.000259353080764, 0.000231478945352, 0.000185193654033, 0.000157192931511, 0.000136013011797, 0.000129757128889, 7.26666548871e-05, 3.05604698951e-05, 7.27619362806e-06],
        "dmean2": [0.000541351269931, 0.00553888920695, 0.0046835904941, 0.00195960234851, 0.00149961863644, 0.00112849043217, 0.00118881335948, 0.000893424148671, 0.000592464522924, 0.000617527693976, 0.00125699944329, 0.000641358958092, 0.000454012595583, 0.000906042521819, 0.000573233584873, 0.000554099853616, 0.000573020835873, 0.000456385925645, 0.000441753974883, 0.000395627663238, 0.000307950482238, 0.000268476520432, 0.000231568104937, 0.000222991555347, 0.000122683690279, 4.90915663249e-05, 1.19672649816e-05],
        "dvar": [4.65708097863e-07, 7.51625921112e-05, 0.000107066734927, 1.70866387634e-05, 3.02632429339e-06, 1.51470419496e-06, 1.71629881152e-06, 1.10458597646e-06, 8.50857531987e-07, 7.74785689828e-07, 6.54034374747e-06, 2.01374450626e-06, 4.61784168238e-07, 4.61175068267e-06, 1.58809393724e-06, 6.07985896295e-07, 4.53835411918e-07, 2.46588086839e-07, 2.44271745942e-07, 1.93439518625e-07, 1.1247441023e-07, 9.91242643522e-08, 7.55400861863e-08, 6.09354344761e-08, 2.051016601e-08, 3.89027254855e-09, 2.67036670554e-10],
        "dvar2": [7.15778469385e-07, 0.000180366318091, 0.000305696768919, 4.93241168442e-05, 8.30407043395e-06, 2.93955372399e-06, 3.5999839838e-06, 2.74046237791e-06, 2.3858701752e-06, 1.68884162122e-06, 1.09164611786e-05, 3.44363434124e-06, 9.93177309283e-07, 7.93287836132e-06, 3.1928543649e-06, 1.48659853494e-06, 1.06831009816e-06, 6.55962992369e-07, 6.51132154417e-07, 5.26964583969e-07, 2.91823766929e-07, 2.65851440417e-07, 2.04623503919e-07, 1.68119967725e-07, 5.40734141907e-08, 9.67190860734e-09, 6.80166589717e-10],
        "max": [0.010576098226, 0.083304643631, 0.0859634131193, 0.0362886637449, 0.0174805615097, 0.0230529382825, 0.0313816815615, 0.0186671297997, 0.0226558167487, 0.0231096222997, 0.0521829277277, 0.0460110157728, 0.0210402943194, 0.0665314048529, 0.0612172298133, 0.0196236204356, 0.0157120805234, 0.00609021307901, 0.00646215584129, 0.00479077687487, 0.00404052995145, 0.00435835681856, 0.00279174488969, 0.00253754574805, 0.00182742846664, 0.000815323321149, 0.00020138961554],
        "mean": [0.00100119737908, 0.00756815681234, 0.00308576133102, 0.000968380772974, 0.0016504637897, 0.00197157403454, 0.00166644330602, 0.000947282358538, 0.000656184798572, 0.000560111075174, 0.00151264749002, 0.000627332134172, 0.000397816183977, 0.00104676419869, 0.000521119509358, 0.000424701895099, 0.000504304480273, 0.000358520628652, 0.000381702469895, 0.000352589791873, 0.000347034947481, 0.000287843344267, 0.000263672292931, 0.000305701891193, 0.000215421954636, 9.26493230509e-05, 1.27497287394e-05],
        "median": [0.00021486080368, 0.0036816704087, 0.000874236051459, 0.000277542450931, 0.000971387664322, 0.000830472621601, 0.000654025585391, 0.00031697563827, 0.000214794592466, 0.000201249262318, 0.000255044084042, 0.000154906651005, 0.000141368393088, 0.000200081427465, 0.00015610907576, 0.000134683345095, 0.000150471678353, 0.000116442031867, 9.88361716736e-05, 0.000105415361759, 9.91815250018e-05, 7.87119206507e-05, 7.25180871086e-05, 5.91400712437e-05, 3.15148827212e-05, 9.15608598007e-06, 2.56862392689e-07],
        "min": [5.47770714482e-25, 1.24647043887e-24, 1.79704959678e-24, 1.59142945196e-24, 1.07761097557e-23, 1.24823338522e-23, 8.57870299438e-24, 1.13175255054e-23, 1.67879003853e-23, 2.03833911295e-23, 1.55195934877e-23, 2.53748106885e-23, 5.1056273699e-23, 5.66848183459e-23, 3.99635609299e-23, 7.68604471788e-23, 6.69013937947e-23, 9.44736980193e-23, 1.68695481201e-22, 1.92148694566e-22, 2.62740032577e-22, 2.62287264283e-22, 4.18381557114e-22, 6.70425847506e-22, 1.09202007537e-21, 1.46021510948e-21, 2.15458113104e-21],
        "var": [2.65548646894e-06, 0.00012904140749, 6.94203845342e-05, 9.94885976979e-06, 3.90809236706e-06, 7.49425362301e-06, 6.55756275592e-06, 2.37451695284e-06, 1.73391276803e-06, 1.33345895392e-06, 2.22020316869e-05, 5.83500377616e-06, 1.17583283554e-06, 1.44625582834e-05, 4.35477522842e-06, 9.44389739743e-07, 9.64774358181e-07, 3.30943947802e-07, 3.7872774783e-07, 2.92693471238e-07, 2.63943178425e-07, 1.92402751509e-07, 1.46958072378e-07, 1.76098382099e-07, 9.30021784029e-08, 1.94186320357e-08, 6.71093236537e-10]
    },
    "erbbands": {
        "dmean": [0.114936619997, 0.878982424736, 2.91246581078, 3.26119351387, 3.34790277481, 3.18997001648, 4.06654167175, 6.60641956329, 11.1312980652, 13.5900878906, 10.007399559, 9.34682846069, 11.4159393311, 13.0181131363, 33.3908004761, 20.0175857544, 12.6358156204, 33.1006088257, 16.5516166687, 21.1658382416, 16.1476821899, 16.7840995789, 13.1128473282, 15.0502977371, 13.392124176, 10.9189405441, 8.48083686829, 6.60090780258, 5.69981908798, 5.07205915451, 3.79603290558, 3.14148902893, 1.98461258411, 0.964986622334, 0.514407634735, 0.189476937056, 0.0495697744191, 0.012369306758, 0.00109503127169, 2.17415836232e-05],
        "dmean2": [0.164633780718, 1.34206533432, 4.95341444016, 5.84024190903, 5.81678009033, 5.05706167221, 6.11118364334, 9.760597229, 16.6722812653, 21.7170352936, 15.8287715912, 14.7227878571, 18.1468906403, 19.789937973, 50.5775032043, 29.7680053711, 20.1051864624, 49.2981529236, 26.3036689758, 34.4464111328, 27.4746017456, 27.7622070312, 22.0666007996, 25.7151145935, 23.0645160675, 18.6505756378, 14.348772049, 10.9751701355, 9.61322021484, 8.72622776031, 6.39737844467, 5.38022375107, 3.43166589737, 1.64140856266, 0.862601459026, 0.311110824347, 0.0789004787803, 0.0196078978479, 0.00180367648136, 3.48726498487e-05],
        "dvar": [0.0355053581297, 6.40427494049, 110.982803345, 167.905715942, 88.6942443848, 29.1341247559, 42.6175346375, 116.821884155, 419.676940918, 581.164245605, 399.425720215, 546.259887695, 670.750976562, 1048.72851562, 10201.3769531, 5178.890625, 994.39276123, 13567.5722656, 5237.18652344, 2822.6784668, 1127.37927246, 952.298706055, 565.692749023, 932.588256836, 749.2578125, 403.44354248, 241.367340088, 144.793151855, 127.738471985, 114.98991394, 52.7977828979, 35.244884491, 15.3434095383, 3.48902845383, 1.0260784626, 0.145215734839, 0.0102486796677, 0.000677435251419, 6.35437118035e-06, 1.47514289672e-09],
        "dvar2": [0.064954996109, 15.1128883362, 304.320709229, 475.214904785, 256.293395996, 73.1021728516, 94.5833053589, 241.509902954, 867.77935791, 1394.92150879, 1004.32501221, 1476.7668457, 1562.66003418, 1979.89941406, 18086.4765625, 8901.96289062, 2036.98278809, 23418.4726562, 10098.6328125, 6259.22167969, 2854.31713867, 2276.65625, 1489.15026855, 2516.90600586, 2032.44628906, 1108.05541992, 626.835876465, 372.928375244, 338.062286377, 317.803710938, 139.505737305, 98.41847229, 42.5697631836, 9.3182182312, 2.69304156303, 0.37696954608, 0.0249572116882, 0.00163310242351, 1.6359044821e-05, 3.66181174272e-09],
        "max": [2.25703525543, 22.5955619812, 84.7416152954, 108.851524353, 91.4961395264, 77.8427505493, 135.414901733, 201.873779297, 510.849487305, 399.556762695, 448.34967041, 565.766357422, 638.349060059, 818.385437012, 2465.7019043, 2312.04174805, 1034.21081543, 3569.56713867, 3830.0859375, 2547.26757812, 620.551208496, 564.861755371, 312.596038818, 443.53112793, 400.319396973, 270.727386475, 254.875289917, 175.187698364, 176.714691162, 120.310195923, 87.1619338989, 60.9511184692, 44.104095459, 26.3822231293, 11.8848524094, 5.36154460907, 1.48417901993, 0.334087103605, 0.0364605337381, 0.000604792265221],
        "mean": [0.280293822289, 1.43255186081, 3.80672383308, 3.20566439629, 4.20446014404, 5.93838787079, 9.09663009644, 15.8059577942, 25.4193496704, 23.7927627563, 19.2785301208, 17.6624965668, 17.2282524109, 22.8209857941, 59.9926795959, 32.2374382019, 20.7819290161, 56.2280082703, 27.8496170044, 29.9395866394, 22.7897586823, 24.8521633148, 19.4462966919, 21.3221416473, 18.7524776459, 17.3453407288, 15.1990728378, 12.3431463242, 10.3648757935, 9.20690059662, 7.55061769485, 6.62524461746, 4.60121250153, 2.63741660118, 1.44519245625, 0.537004590034, 0.145988434553, 0.030309330672, 0.00182776688598, 6.96612041793e-05],
        "median": [0.111685357988, 0.681489288807, 1.35733234882, 1.1072306633, 2.11154866219, 3.03581953049, 4.54450130463, 6.53075838089, 8.51150131226, 9.33803844452, 6.60164403915, 5.91887378693, 6.8859744072, 7.66419744492, 11.7033338547, 8.15216255188, 7.32371807098, 10.9224786758, 8.04416656494, 10.6496276855, 8.33630466461, 8.16438770294, 6.85793733597, 5.89033031464, 4.78078174591, 5.17344236374, 5.04053401947, 3.31558156013, 2.69501447678, 2.67064213753, 1.936606884, 1.5094871521, 0.806515276432, 0.431412518024, 0.169673264027, 0.0559468455613, 0.0139922639355, 0.00168663798831, 6.04660308454e-05, 3.63926374121e-05],
        "min": [1.37878648871e-22, 5.98277310691e-22, 2.68978273933e-21, 6.66387566296e-21, 7.82683869373e-21, 4.58603859625e-20, 5.12429568371e-20, 1.09184971574e-19, 1.97000093915e-19, 2.19665980072e-19, 4.17168431112e-19, 4.39186272959e-19, 6.91906700501e-19, 9.05268840522e-19, 1.26055149561e-18, 1.92442225342e-18, 2.56683160344e-18, 2.9386825828e-18, 2.73241020781e-18, 2.90617066241e-18, 4.35463691368e-18, 5.17425833621e-18, 4.92784950354e-18, 5.52353659063e-18, 8.92342757924e-18, 8.45221918021e-18, 8.36595251413e-18, 1.08884695706e-17, 9.2631597558e-18, 1.25064389847e-17, 1.25582692947e-17, 1.30110489368e-17, 1.1135692349e-17, 1.05449646233e-17, 7.08419562313e-18, 4.54572059827e-18, 2.41581406619e-18, 1.06793215022e-18, 2.58568051636e-19, 2.91208482285e-20],
        "var": [0.166894733906, 7.45412111282, 80.7122955322, 102.916191101, 59.7849960327, 59.5054664612, 147.087615967, 504.256835938, 1720.4630127, 1323.39416504, 974.571594238, 1231.40759277, 1135.9979248, 2930.3671875, 30770.1289062, 14735.8945312, 2811.47192383, 41679.4375, 14573.5234375, 5476.75390625, 1689.43652344, 1947.85742188, 894.916809082, 1305.51525879, 968.29284668, 676.621276855, 516.893615723, 341.238647461, 255.095718384, 197.365600586, 119.397010803, 82.7007446289, 42.1589126587, 14.0232143402, 4.40953969955, 0.651615023613, 0.0499289855361, 0.00263074948452, 1.39864023367e-05, 6.5051208864e-09]
    },
    "gfcc": {
        "mean": [-14.3255109787, 90.9730072021, -110.143157959, 34.7442436218, -54.2343330383, 18.9091110229, -34.2550125122, 10.1453132629, -16.7240486145, 7.07847166061, -7.85672473907, 2.6766295433, -7.40283679962],
        "cov": [[21196.359375, -3756.88769531, -111.328262329, 696.293884277, -1195.30603027, 738.33380127, -975.277099609, 784.293823242, -816.354370117, 759.766113281, -652.104736328, 500.789489746, -586.406066895], [-3756.88769531, 3980.48754883, -237.503341675, -453.042602539, 303.969970703, -509.836029053, 327.044769287, -518.785339355, 324.528991699, -512.071289062, 331.544555664, -309.804412842, 341.192016602], [-111.328262329, -237.503341675, 1189.54992676, 4.81240320206, 13.5662765503, 125.038208008, -5.22681331635, 190.59312439, 31.0212039948, 160.436447144, 29.8243637085, 60.4992637634, -14.732837677], [696.293884277, -453.042602539, 4.81240320206, 335.305541992, 66.6859970093, 96.0603790283, -11.0459365845, 59.098033905, -28.8632831573, 68.2793655396, -30.3775653839, 36.9480400085, -19.5482177734], [-1195.30603027, 303.969970703, 13.5662765503, 66.6859970093, 327.24331665, 55.3449897766, 106.676139832, -46.1878166199, 88.5005874634, -45.859462738, 70.802116394, -31.1915340424, 50.9337234497], [738.33380127, -509.836029053, 125.038208008, 96.0603790283, 55.3449897766, 291.067565918, 3.91751646996, 106.30771637, -32.1559295654, 95.0266342163, -26.3521823883, 59.5888328552, -32.1584091187], [-975.277099609, 327.044769287, -5.22681331635, -11.0459365845, 106.676139832, 3.91751646996, 204.224472046, -20.1911182404, 86.2230300903, -41.8817329407, 68.820274353, -23.5655231476, 54.4675369263], [784.293823242, -518.785339355, 190.59312439, 59.098033905, -46.1878166199, 106.30771637, -20.1911182404, 209.046813965, 9.16592311859, 133.350540161, -12.3773336411, 77.4132766724, -30.5459022522], [-816.354370117, 324.528991699, 31.0212039948, -28.8632831573, 88.5005874634, -32.1559295654, 86.2230300903, 9.16592311859, 150.994918823, 9.95476341248, 79.8400497437, -12.5213842392, 52.4425621033], [759.766113281, -512.071289062, 160.436447144, 68.2793655396, -45.859462738, 95.0266342163, -41.8817329407, 133.350540161, 9.95476341248, 180.664321899, 2.804220438, 66.3193817139, -24.4586143494], [-652.104736328, 331.544555664, 29.8243637085, -30.3775653839, 70.802116394, -26.3521823883, 68.820274353, -12.3773336411, 79.8400497437, 2.804220438, 114.572822571, 12.6480941772, 62.8563804626], [500.789489746, -309.804412842, 60.4992637634, 36.9480400085, -31.1915340424, 59.5888328552, -23.5655231476, 77.4132766724, -12.5213842392, 66.3193817139, 12.6480941772, 98.7369003296, 12.2360954285], [-586.406066895, 341.192016602, -14.732837677, -19.5482177734, 50.9337234497, -32.1584091187, 54.4675369263, -30.5459022522, 52.4425621033, -24.4586143494, 62.8563804626, 12.2360954285, 101.224906921]],
        "icov": [[0.000137851006002, -0.000243289032369, 0.000123120087665, -0.000241917514359, 0.000248947006185, -0.000211991529795, 0.000170784172951, -0.000249263743171, 0.000401425990276, -0.000566475093365, 0.000516462489031, -0.000720187090337, 0.000651606591418], [-0.000243289032369, 0.00165903940797, -0.000426266982686, 0.000782369170338, -8.4140796389e-05, 0.000462947064079, 0.000107177962491, 0.000850064330734, -0.00160826544743, 0.00315912300721, -0.00319932121783, 0.00396890146658, -0.00342068634927], [0.000123120087665, -0.000426266982686, 0.00119359930977, -5.49425612917e-06, -8.62726956257e-05, -0.000285578717012, 0.000124727404909, -0.00116865686141, 0.000802697206382, -0.00143891072366, 0.000479638169054, -0.000702223274857, 0.000879121711478], [-0.000241917514359, 0.000782369170338, -5.49425612917e-06, 0.00464447960258, -0.00216519227251, 0.000502824899741, -0.0006354963989, 0.000298319093417, 0.000307426264044, -0.000386214727769, 0.000222956237849, 0.00108987069689, -0.00198400206864], [0.000248947006185, -8.4140796389e-05, -8.62726956257e-05, -0.00216519227251, 0.00651801144704, -0.00289516407065, 0.000198138586711, 0.000720365263987, -0.00236236373894, 0.00204292987473, -0.00226512574591, 0.00122099788859, 0.000182861273061], [-0.000211991529795, 0.000462947064079, -0.000285578717012, 0.000502824899741, -0.00289516407065, 0.0066007534042, -0.00192838790826, -0.000767222314607, 0.00178500264883, -0.00157114269678, 0.00107540935278, -0.00107169081457, -0.000215716470848], [0.000170784172951, 0.000107177962491, 0.000124727404909, -0.0006354963989, 0.000198138586711, -0.00192838790826, 0.00883443001658, -0.00160782469902, -0.00270890071988, 0.00311869522557, -0.00316231674515, 0.00239156093448, -0.00159608433023], [-0.000249263743171, 0.000850064330734, -0.00116865686141, 0.000298319093417, 0.000720365263987, -0.000767222314607, -0.00160782469902, 0.013368377462, -0.0046800696291, -0.00329432729632, 0.00152240041643, -0.00434817094356, 0.0010801802855], [0.000401425990276, -0.00160826544743, 0.000802697206382, 0.000307426264044, -0.00236236373894, 0.00178500264883, -0.00270890071988, -0.0046800696291, 0.0173595026135, -0.00683112349361, -0.00249614613131, 0.000549896038137, 0.000563024717849], [-0.000566475093365, 0.00315912300721, -0.00143891072366, -0.000386214727769, 0.00204292987473, -0.00157114269678, 0.00311869522557, -0.00329432729632, -0.00683112349361, 0.0205604266375, -0.00987970922142, 0.00587713206187, -0.00448175845668], [0.000516462489031, -0.00319932121783, 0.000479638169054, 0.000222956237849, -0.00226512574591, 0.00107540935278, -0.00316231674515, 0.00152240041643, -0.00249614613131, -0.00987970922142, 0.0275088753551, -0.0136775840074, 0.00100842816755], [-0.000720187090337, 0.00396890146658, -0.000702223274857, 0.00108987069689, 0.00122099788859, -0.00107169081457, 0.00239156093448, -0.00434817094356, 0.000549896038137, 0.00587713206187, -0.0136775840074, 0.0310162436217, -0.0151162510738], [0.000651606591418, -0.00342068634927, 0.000879121711478, -0.00198400206864, 0.000182861273061, -0.000215716470848, -0.00159608433023, 0.0010801802855, 0.000563024717849, -0.00448175845668, 0.00100842816755, -0.0151162510738, 0.0257792063057]]
    },
    "melbands": {
        "dmean": [0.00093300890876, 0.0013103535166, 0.000552291690838, 0.000229675380979, 0.00013391453831, 0.000157479880727, 0.000163151547895, 0.000141853059176, 7.84541189205e-05, 5.5133652495e-05, 5.70191368752e-05, 4.94280720886e-05, 0.000121181961731, 5.91650277784e-05, 3.6187338992e-05, 2.84642392216e-05, 6.98594085407e-05, 2.7393876735e-05, 2.20850160986e-05, 3.04515706375e-05, 1.87939021998e-05, 1.87509358511e-05, 1.48889866978e-05, 1.41548671309e-05, 1.25317837956e-05, 1.05169174276e-05, 8.83798566065e-06, 7.28966824681e-06, 5.91397929384e-06, 4.92984190714e-06, 4.19737261836e-06, 3.3878341128e-06, 3.26235795001e-06, 2.87366583507e-06, 2.45048613579e-06, 2.15702630157e-06, 1.95985103346e-06, 1.64401762959e-06, 1.07376752112e-06, 8.43881252877e-07],
        "dmean2": [0.00138871977106, 0.0021102828905, 0.000969036889728, 0.000382612983231, 0.000201341536012, 0.000228431061259, 0.000243422065978, 0.000228074743063, 0.000123611069284, 8.75217956491e-05, 9.08019792405e-05, 7.59207323426e-05, 0.000181759358384, 8.85964618647e-05, 5.57062121516e-05, 4.66889068775e-05, 0.000103386148112, 4.37046983279e-05, 3.60169469786e-05, 5.05390235048e-05, 3.22018058796e-05, 3.13682940032e-05, 2.44660805038e-05, 2.3896478524e-05, 2.15192594624e-05, 1.80617644219e-05, 1.54261178977e-05, 1.23022355183e-05, 9.97162169369e-06, 8.32252590044e-06, 7.01128556102e-06, 5.72437556912e-06, 5.65224581806e-06, 4.93799689139e-06, 4.11010478274e-06, 3.72347449229e-06, 3.33942125508e-06, 2.86520821646e-06, 1.82893313649e-06, 1.43504712469e-06],
        "dvar": [3.30299963025e-06, 1.87547630048e-05, 4.16335751652e-06, 2.33310643694e-07, 4.30357651737e-08, 6.58615277871e-08, 8.69946603643e-08, 6.62349677327e-08, 2.52060985417e-08, 2.02084287082e-08, 1.6521525481e-08, 1.65292401988e-08, 1.4012431393e-07, 2.92245303513e-08, 1.14225535697e-08, 6.96057878002e-09, 6.50598934726e-08, 1.30175861202e-08, 3.40742278837e-09, 5.74324365843e-09, 1.72172764934e-09, 1.26534138722e-09, 9.5517815879e-10, 8.35983171577e-10, 7.23425708227e-10, 4.64056598704e-10, 3.61483093458e-10, 1.75750289322e-10, 1.26577331949e-10, 8.78588313213e-11, 6.44735653754e-11, 4.23512024061e-11, 4.82582758476e-11, 3.62174977508e-11, 2.09276155433e-11, 1.96595621726e-11, 1.26010096455e-11, 9.57426846138e-12, 4.44368413594e-12, 2.56598735315e-12],
        "dvar2": [7.06382115823e-06, 4.73450418212e-05, 1.15740685942e-05, 6.55667918181e-07, 9.57071577545e-08, 1.32360867156e-07, 1.75378431777e-07, 1.61070516924e-07, 6.43949391588e-08, 5.77901317911e-08, 3.83720042407e-08, 3.28454063947e-08, 2.37956115257e-07, 4.92843810207e-08, 2.38951649578e-08, 1.4209216026e-08, 1.11121764235e-07, 2.54505305719e-08, 7.2002612761e-09, 1.32169954981e-08, 4.40161063153e-09, 3.08370795565e-09, 2.18685625164e-09, 2.17174545014e-09, 1.95324489916e-09, 1.23843457711e-09, 1.01882458026e-09, 4.72680727892e-10, 3.29884453087e-10, 2.32337510342e-10, 1.70427283397e-10, 1.11659549662e-10, 1.32759039873e-10, 1.00864476493e-10, 5.44034400862e-11, 5.54298308642e-11, 3.4576615876e-11, 2.67829248363e-11, 1.21654865001e-11, 6.97616053466e-12],
        "max": [0.0192914176732, 0.0356459915638, 0.0168135855347, 0.00496594887227, 0.00385742681101, 0.00495707523078, 0.0075138756074, 0.00473400903866, 0.00336643191986, 0.00390791380778, 0.00313937454484, 0.00365575472824, 0.00765605131164, 0.00449055060744, 0.00320720067248, 0.00322579732165, 0.00819955859333, 0.00591028248891, 0.00262655620463, 0.00191811076365, 0.00107333518099, 0.000773441162892, 0.000700604170561, 0.00044392363634, 0.00041261309525, 0.000406248989748, 0.000252649391769, 0.000204232914257, 0.000209248406463, 0.000134161484311, 0.000110957495053, 9.60453180596e-05, 8.93223113962e-05, 7.61829578551e-05, 6.33636009297e-05, 4.3356907554e-05, 5.17078842677e-05, 3.90456007153e-05, 3.64839106624e-05, 2.2829954105e-05],
        "mean": [0.00225744512863, 0.00198583584279, 0.000602102431003, 0.000368648179574, 0.000308319635224, 0.000381677644327, 0.000379522214644, 0.000243450384005, 0.000152765293024, 9.93795692921e-05, 8.25659662951e-05, 8.01742135081e-05, 0.000219536203076, 9.27585060708e-05, 5.69564399484e-05, 4.18129748141e-05, 0.00011756971071, 4.45506557298e-05, 3.18714810419e-05, 4.17082046624e-05, 2.41843845288e-05, 2.64057707682e-05, 2.10980979318e-05, 1.88193662325e-05, 1.66307054315e-05, 1.40140273288e-05, 1.15472548714e-05, 1.15258108053e-05, 9.79493961495e-06, 8.38150754134e-06, 6.96078404872e-06, 5.84017652727e-06, 5.38884887646e-06, 4.95195763506e-06, 4.55529243482e-06, 3.84242548535e-06, 4.11440851167e-06, 3.50041614183e-06, 2.42327519118e-06, 2.16855301005e-06],
        "median": [0.00101996678859, 0.00088666571537, 0.000244016511715, 0.0002045565343, 0.000163959426573, 0.000154442968778, 0.0001324419718, 9.30294554564e-05, 5.01996546518e-05, 3.38890677085e-05, 2.92626991722e-05, 2.48866253969e-05, 3.84355444112e-05, 2.06207932933e-05, 1.60938034242e-05, 1.420960416e-05, 2.01553921215e-05, 1.19887390611e-05, 1.13423839139e-05, 1.30681128212e-05, 8.11725112726e-06, 8.26759787742e-06, 6.0510383264e-06, 5.40664768778e-06, 4.27032819061e-06, 3.43851775142e-06, 3.00636338579e-06, 3.43151123161e-06, 3.22158939525e-06, 2.28186968343e-06, 1.70150349277e-06, 1.47604987433e-06, 1.35698519443e-06, 1.3841801092e-06, 1.13664691526e-06, 9.21731611925e-07, 8.6081831796e-07, 5.90296394876e-07, 3.86727975865e-07, 3.4830804907e-07],
        "min": [1.71163272404e-24, 1.37944359407e-24, 1.33360288686e-24, 2.17980964116e-24, 2.36089423968e-24, 2.35410175285e-24, 2.68281989484e-24, 2.20258306942e-24, 2.87833236488e-24, 2.51223187953e-24, 3.29995051416e-24, 3.36334554587e-24, 4.02010064846e-24, 3.71594546569e-24, 4.93257763525e-24, 4.0613774009e-24, 4.8319249002e-24, 3.55025312116e-24, 4.97736797416e-24, 4.21661970502e-24, 4.95855600815e-24, 4.28256650454e-24, 4.69784852303e-24, 4.58759258975e-24, 3.51449011202e-24, 5.29165765298e-24, 4.92766618726e-24, 4.61464065804e-24, 3.94126543947e-24, 4.52540707902e-24, 5.46765804296e-24, 5.17470586834e-24, 4.95982291877e-24, 5.58752624637e-24, 6.81372217111e-24, 6.40496324345e-24, 7.63297078726e-24, 6.60762239886e-24, 7.56073873848e-24, 8.77664870588e-24],
        "var": [9.95791378955e-06, 1.70240091393e-05, 2.70476743935e-06, 2.38200556169e-07, 1.50222049911e-07, 3.0434048881e-07, 3.73958897626e-07, 1.44045955608e-07, 6.24938394367e-08, 3.91202199523e-08, 2.79987553142e-08, 3.88038507992e-08, 4.72945913543e-07, 8.5224755253e-08, 2.97598781174e-08, 1.67963030151e-08, 2.02664580229e-07, 3.53582727541e-08, 8.57439719226e-09, 1.04060804418e-08, 2.39565522975e-09, 2.38501840499e-09, 2.05275574316e-09, 1.19643428498e-09, 9.60810320194e-10, 6.0586180517e-10, 3.81982057096e-10, 3.17209980505e-10, 2.39058356444e-10, 1.75269992964e-10, 1.26603574846e-10, 8.23292822805e-11, 7.76463476848e-11, 5.76699347998e-11, 4.60312343797e-11, 3.27961616198e-11, 3.23167881344e-11, 2.47377344303e-11, 1.30251755562e-11, 9.68341986457e-12]
    },
    "mfcc": {
        "mean": [-650.837219238, 117.265510559, 7.61157846451, 20.6029682159, 7.59245538712, 8.33012199402, 0.853918969631, 3.07175064087, 0.227462559938, 3.78294825554, 0.758649885654, 5.30716466904, 4.39464235306],
        "cov": [[12629.6171875, -3478.90722656, -270.896148682, 88.630859375, -202.470245361, -19.3513641357, -65.0099334717, -4.43720436096, -38.30027771, 60.367149353, 1.47220575809, 125.104049683, 6.51137733459], [-3478.90722656, 3057.08837891, -132.387924194, 28.8714447021, -21.825056076, -42.4989967346, -57.9336891174, -5.63309431076, -36.6730957031, -100.508079529, -47.1118011475, -80.1080703735, 15.4354009628], [-270.896148682, -132.387924194, 800.233642578, -52.7964935303, 85.7487106323, -23.3263092041, 61.723236084, -3.57850456238, 46.294467926, 67.1846237183, 51.5512771606, 75.2760314941, 51.5676040649], [88.630859375, 28.8714447021, -52.7964935303, 230.003082275, 39.9645347595, 30.2895126343, 11.7404966354, 6.76457881927, 8.63535118103, 4.87934064865, 6.68984937668, 1.92722201347, 3.36596298218], [-202.470245361, -21.825056076, 85.7487106323, 39.9645347595, 222.593490601, 74.0315628052, 48.8876953125, 28.0885734558, 26.8073444366, 31.2478504181, 27.179309845, 23.098695755, 22.9264945984], [-19.3513641357, -42.4989967346, -23.3263092041, 30.2895126343, 74.0315628052, 169.957626343, 71.144203186, 38.7746620178, 26.906375885, 15.9752340317, 3.20740461349, 17.8935070038, -3.08914089203], [-65.0099334717, -57.9336891174, 61.723236084, 11.7404966354, 48.8876953125, 71.144203186, 114.389122009, 44.7058830261, 30.0993423462, 25.2124423981, 15.3067903519, 25.4693927765, 15.0878744125], [-4.43720436096, -5.63309431076, -3.57850456238, 6.76457881927, 28.0885734558, 38.7746620178, 44.7058830261, 93.0800704956, 33.4290122986, 8.01846218109, 10.9903516769, 15.8979082108, 10.4343147278], [-38.30027771, -36.6730957031, 46.294467926, 8.63535118103, 26.8073444366, 26.906375885, 30.0993423462, 33.4290122986, 72.021484375, 43.3260116577, 23.3216667175, 25.7165489197, 18.7643604279], [60.367149353, -100.508079529, 67.1846237183, 4.87934064865, 31.2478504181, 15.9752340317, 25.2124423981, 8.01846218109, 43.3260116577, 82.3970718384, 42.0602912903, 32.6442375183, 23.6877708435], [1.47220575809, -47.1118011475, 51.5512771606, 6.68984937668, 27.179309845, 3.20740461349, 15.3067903519, 10.9903516769, 23.3216667175, 42.0602912903, 70.2558822632, 41.6270179749, 26.554359436], [125.104049683, -80.1080703735, 75.2760314941, 1.92722201347, 23.098695755, 17.8935070038, 25.4693927765, 15.8979082108, 25.7165489197, 32.6442375183, 41.6270179749, 77.5589141846, 42.9782485962], [6.51137733459, 15.4354009628, 51.5676040649, 3.36596298218, 22.9264945984, -3.08914089203, 15.0878744125, 10.4343147278, 18.7643604279, 23.6877708435, 26.554359436, 42.9782485962, 70.3215484619]],
