{
"lowlevel": {
    "average_loudness": 0.911578774452,
    "barkbands_crest": {
        "dmean": 2.53611111641,
        "dmean2": 3.89667749405,
        "dvar": 7.26957178116,
        "dvar2": 16.1387748718,
        "max": 26.0921020508,
        "mean": 12.4325094223,
        "median": 11.7772140503,
        "min": 2.26238751411,
        "var": 25.1030197144
    },
    "barkbands_flatness_db": {
        "dmean": 0.0204076077789,
        "dmean2": 0.0281339678913,
        "dvar": 0.000499016372487,
        "dvar2": 0.000878407910932,
        "max": 0.506340920925,
        "mean": 0.129648625851,
        "median": 0.113865040243,
        "min": 0.0209610946476,
        "var": 0.00445877201855
    },
    "barkbands_kurtosis": {
        "dmean": 2.95120453835,
        "dmean2": 4.14369678497,
        "dvar": 33.8356819153,
        "dvar2": 61.5896453857,
        "max": 213.892654419,
        "mean": 4.9125957489,
        "median": 0.812679171562,
        "min": -1.9346446991,
        "var": 222.25982666
    },
    "barkbands_skewness": {
        "dmean": 0.548310160637,
        "dmean2": 0.739431202412,
        "dvar": 0.454248666763,
        "dvar2": 0.754157423973,
        "max": 13.3481845856,
        "mean": 1.57456362247,
        "median": 1.21847498417,
        "min": -2.89813375473,
        "var": 2.71656560898
    },
    "barkbands_spread": {
        "dmean": 6.66178846359,
        "dmean2": 9.62205791473,
        "dvar": 74.5256347656,
        "dvar2": 144.856796265,
        "max": 126.138282776,
        "mean": 31.0910873413,
        "median": 30.4715919495,
        "min": 1.18844687939,
        "var": 285.883392334
    },
    "dissonance": {
        "dmean": 0.0158583447337,
        "dmean2": 0.0263280682266,
        "dvar": 0.00034271585173,
        "dvar2": 0.000906500674319,
        "max": 0.5,
        "mean": 0.465823501348,
        "median": 0.473056346178,
        "min": 0.0996768400073,
        "var": 0.000826875329949
    },
    "dynamic_complexity": 2.74665498734,
    "erbbands_crest": {
        "dmean": 2.40664815903,
        "dmean2": 3.68343091011,
        "dvar": 5.65253829956,
        "dvar2": 12.2470340729,
        "max": 33.5448112488,
        "mean": 9.3453502655,
        "median": 8.15593719482,
        "min": 2.14542889595,
        "var": 24.623216629
    },
    "erbbands_flatness_db": {
        "dmean": 0.0137811321765,
        "dmean2": 0.0185225196183,
        "dvar": 0.00021930312505,
        "dvar2": 0.000383369420888,
        "max": 0.564171433449,
        "mean": 0.138381078839,
        "median": 0.123416423798,
        "min": 0.0488017946482,
        "var": 0.00363237690181
    },
    "erbbands_kurtosis": {
        "dmean": 0.854742109776,
        "dmean2": 1.25248861313,
        "dvar": 2.79686188698,
        "dvar2": 5.43043279648,
        "max": 66.5358810425,
        "mean": 0.506113231182,
        "median": -0.339348196983,
        "min": -1.81669676304,
        "var": 7.87482595444
    },
    "erbbands_skewness": {
        "dmean": 0.308969318867,
        "dmean2": 0.453605085611,
        "dvar": 0.102375343442,
        "dvar2": 0.204097554088,
        "max": 4.11111164093,
        "mean": 0.0853314548731,
        "median": 0.0732777863741,
        "min": -5.47916603088,
        "var": 0.660864472389
    },
    "erbbands_spread": {
        "dmean": 9.04584884644,
        "dmean2": 12.6191654205,
        "dvar": 127.75642395,
        "dvar2": 213.345291138,
        "max": 143.219863892,
        "mean": 44.4942703247,
        "median": 41.6923522949,
        "min": 0.555469095707,
        "var": 558.757507324
    },
    "hfc": {
        "dmean": 9.23695755005,
        "dmean2": 12.7742099762,
        "dvar": 190.053634644,
        "dvar2": 389.863494873,
        "max": 225.335464478,
        "mean": 35.8302574158,
        "median": 32.7624969482,
        "min": 1.20787626197e-16,
        "var": 649.084655762
    },
    "melbands_crest": {
        "dmean": 2.97040367126,
        "dmean2": 4.74030351639,
        "dvar": 9.9996547699,
        "dvar2": 25.741235733,
        "max": 39.7522201538,
        "mean": 18.3704395294,
        "median": 17.7976131439,
        "min": 1.54195916653,
        "var": 43.2748260498
    },
    "melbands_flatness_db": {
        "dmean": 0.0252402089536,
        "dmean2": 0.0347082875669,
        "dvar": 0.000797676388174,
        "dvar2": 0.00145101442467,
        "max": 0.671594440937,
        "mean": 0.197110295296,
        "median": 0.180838227272,
        "min": 0.0010683768196,
        "var": 0.00619508046657
    },
    "melbands_kurtosis": {
        "dmean": 11.7799940109,
        "dmean2": 16.3884677887,
        "dvar": 732.878662109,
        "dvar2": 1291.78417969,
        "max": 704.462890625,
        "mean": 22.6986484528,
        "median": 7.39428663254,
        "min": -1.92124938965,
        "var": 2916.55395508
    },
    "melbands_skewness": {
        "dmean": 0.895090639591,
        "dmean2": 1.20059132576,
        "dvar": 1.69198167324,
        "dvar2": 2.71876358986,
        "max": 25.7133655548,
        "mean": 3.19657897949,
        "median": 2.48441243172,
        "min": -1.7445961237,
        "var": 8.44822978973
    },
    "melbands_spread": {
        "dmean": 7.94890594482,
        "dmean2": 11.4510316849,
        "dvar": 117.912902832,
        "dvar2": 234.752197266,
        "max": 219.166946411,
        "mean": 29.1815452576,
        "median": 26.0776538849,
        "min": 0.827235817909,
        "var": 428.730926514
    },
    "pitch_salience": {
        "dmean": 0.0706983357668,
        "dmean2": 0.106531068683,
        "dvar": 0.00620421255007,
        "dvar2": 0.0138777466491,
        "max": 0.99030995369,
        "mean": 0.45278519392,
        "median": 0.456304997206,
        "min": 0.0202669501305,
        "var": 0.0196646209806
    },
    "silence_rate_20dB": {
        "dmean": 0,
        "dmean2": 0,
        "dvar": 0,
        "dvar2": 0,
        "max": 1,
        "mean": 1,
        "median": 1,
        "min": 1,
        "var": 0
    },
    "silence_rate_30dB": {
        "dmean": 0.00375687633641,
        "dmean2": 0.00751476129517,
        "dvar": 0.00374220800586,
        "dvar2": 0.00987309776247,
        "max": 1,
        "mean": 0.996914386749,
        "median": 1,
        "min": 0,
        "var": 0.00307608465664
    },
    "silence_rate_60dB": {
        "dmean": 0.00107339327224,
        "dmean2": 0.00214707455598,
        "dvar": 0.00107214122545,
        "dvar2": 0.00214262236841,
        "max": 1,
        "mean": 0.0273678563535,
        "median": 0,
        "min": 0,
        "var": 0.0266188196838
    },
    "spectral_centroid": {
        "dmean": 267.059753418,
        "dmean2": 394.642913818,
        "dvar": 114676.710938,
        "dvar2": 208984.359375,
        "max": 10788.5146484,
        "mean": 1761.60559082,
        "median": 1776.96777344,
        "min": 198.869720459,
        "var": 464798.0625
    },
    "spectral_complexity": {
        "dmean": 4.59251308441,
        "dmean2": 6.89452505112,
        "dvar": 34.2719078064,
        "dvar2": 69.9975509644,
        "max": 60,
        "mean": 21.4188346863,
        "median": 20,
        "min": 0,
        "var": 126.034141541
    },
    "spectral_decrease": {
        "dmean": 2.16096740502e-09,
        "dmean2": 3.27232640984e-09,
        "dvar": 7.30186241106e-18,
        "dvar2": 1.7049851749e-17,
        "max": -1.02251796103e-29,
        "mean": -1.04230526432e-08,
        "median": -9.23651199969e-09,
        "min": -3.33064953395e-08,
        "var": 3.90515672955e-17
    },
    "spectral_energy": {
        "dmean": 0.00850088428706,
        "dmean2": 0.0128127988428,
        "dvar": 0.000106161467556,
        "dvar2": 0.000247582152952,
        "max": 0.130481570959,
        "mean": 0.0425889082253,
        "median": 0.0386034324765,
        "min": 1.09943846778e-20,
        "var": 0.000610077462625
    },
    "spectral_energyband_high": {
        "dmean": 0.000830383913126,
        "dmean2": 0.00119786569849,
        "dvar": 2.52770087172e-06,
        "dvar2": 5.22132495462e-06,
        "max": 0.0323479808867,
        "mean": 0.0021657301113,
        "median": 0.00154469395056,
        "min": 8.07435148941e-21,
        "var": 5.95244227952e-06
    },
    "spectral_energyband_low": {
        "dmean": 0.00705125788227,
        "dmean2": 0.0103214355186,
        "dvar": 0.000121337885503,
        "dvar2": 0.0002603631292,
        "max": 0.110172763467,
        "mean": 0.023362910375,
        "median": 0.0161548275501,
        "min": 1.06609717201e-22,
        "var": 0.000452245032648
    },
    "spectral_energyband_middle_high": {
        "dmean": 0.00233634491451,
        "dmean2": 0.0031753256917,
        "dvar": 9.80425011221e-06,
        "dvar2": 1.65302317328e-05,
        "max": 0.0794756785035,
        "mean": 0.00789032690227,
        "median": 0.0056297047995,
        "min": 1.60101817302e-21,
        "var": 6.12188814557e-05
    },
    "spectral_energyband_middle_low": {
        "dmean": 0.00365441967733,
        "dmean2": 0.00570848491043,
        "dvar": 3.29409922415e-05,
        "dvar2": 8.62734013936e-05,
        "max": 0.0674908161163,
        "mean": 0.00979708414525,
        "median": 0.00873221829534,
        "min": 3.95551468133e-22,
        "var": 5.36760599061e-05
    },
    "spectral_entropy": {
        "dmean": 0.132235258818,
        "dmean2": 0.188269644976,
        "dvar": 0.0206735860556,
        "dvar2": 0.0375476889312,
        "max": 9.80736732483,
        "mean": 7.77915096283,
        "median": 7.88804483414,
        "min": 4.80142498016,
        "var": 0.232772216201
    },
    "spectral_flux": {
        "dmean": 0.0285728629678,
        "dmean2": 0.0448774658144,
        "dvar": 0.00124610238709,
        "dvar2": 0.00256269541569,
        "max": 0.311383455992,
        "mean": 0.0883292481303,
        "median": 0.0750554203987,
        "min": 1.04854111505e-10,
        "var": 0.00326739391312
    },
    "spectral_kurtosis": {
        "dmean": 1.58775854111,
        "dmean2": 2.70782089233,
        "dvar": 52.9476585388,
        "dvar2": 164.097793579,
        "max": 287.199462891,
        "mean": 4.32617998123,
        "median": 2.49411559105,
        "min": -1.15200090408,
        "var": 165.023544312
    },
    "spectral_rms": {
        "dmean": 0.000617197772954,
        "dmean2": 0.00091055908706,
        "dvar": 4.55120783727e-07,
        "dvar2": 9.80227241598e-07,
        "max": 0.0112826898694,
        "mean": 0.00610092747957,
        "median": 0.00613692821935,
        "min": 3.27509221999e-12,
        "var": 4.32857177657e-06
    },
    "spectral_rolloff": {
        "dmean": 577.838256836,
        "dmean2": 923.041687012,
        "dvar": 1094362,
        "dvar2": 2136368.25,
        "max": 18561.6210938,
        "mean": 1760.45666504,
        "median": 1399.65820312,
        "min": 21.533203125,
        "var": 3126653.75
    },
    "spectral_skewness": {
        "dmean": 0.17974306643,
        "dmean2": 0.285680502653,
        "dvar": 0.157934099436,
        "dvar2": 0.460805743933,
        "max": 13.1021499634,
        "mean": 1.38104474545,
        "median": 1.28263425827,
        "min": -0.304367482662,
        "var": 0.546268701553
    },
    "spectral_spread": {
        "dmean": 508485.75,
        "dmean2": 704586.6875,
        "dvar": 469685665792,
        "dvar2": 632369315840,
        "max": 39195216,
        "mean": 5539213,
        "median": 5678642,
        "min": 309236.84375,
        "var": 3.29424594534e+12
    },
    "spectral_strongpeak": {
        "dmean": 0.513759791851,
        "dmean2": 0.889909148216,
        "dvar": 1.65458393097,
        "dvar2": 3.8589413166,
        "max": 13.5988683701,
        "mean": 0.99679172039,
        "median": 0.392545253038,
        "min": 0,
        "var": 2.9248046875
    },
    "zerocrossingrate": {
        "dmean": 0.0119031080976,
        "dmean2": 0.0134665239602,
        "dvar": 0.000223351584282,
        "dvar2": 0.00024895943352,
        "max": 0.6708984375,
        "mean": 0.0719232931733,
        "median": 0.0654296875,
        "min": 0.001953125,
        "var": 0.0019090186106
    },
    "barkbands": {
        "dmean": [0.0003465366608, 0.00690465513617, 0.00345973949879, 0.000859010382555, 0.00130912207533, 0.000718451221474, 0.0008653459372, 0.000908499408979, 0.000659782148432, 0.000334045354975, 0.000491765968036, 0.000395219394704, 0.000267416238785, 0.000349753943738, 0.000838856562041, 0.000406259903684, 0.000380432204111, 0.00027705161483, 0.000223791110329, 0.000227296492085, 0.000184305667062, 0.000177213951247, 0.000183506213943, 0.000175316061359, 0.000104413535155, 6.33882591501e-05, 1.40339907375e-05],
        "dmean2": [0.000503963558003, 0.0104123381898, 0.00565816368908, 0.00158092600759, 0.00224750023335, 0.00110748771112, 0.00131117773708, 0.00126991572324, 0.000894354248885, 0.000456454319647, 0.000690263928846, 0.000568419753108, 0.000393536261981, 0.000523314462043, 0.00122134340927, 0.000613541749772, 0.000558023399208, 0.00042120643775, 0.000363954604836, 0.000353487383109, 0.000292759243166, 0.000274243473541, 0.000270908407401, 0.000264615257038, 0.000151957909111, 8.97651771083e-05, 2.07135326491e-05],
        "dvar": [3.26515817051e-07, 0.000133148932946, 0.000112701556645, 9.68753010966e-06, 1.07423029476e-05, 1.73623607225e-06, 2.0991844849e-06, 3.00159945255e-06, 2.22259654947e-06, 6.42287659502e-07, 1.43229499372e-06, 2.99980888485e-06, 4.08621104953e-07, 8.0549023096e-07, 3.62740684068e-06, 1.09768302536e-06, 5.66892765619e-07, 2.0410959678e-07, 1.46817200175e-07, 1.34317303946e-07, 1.00927955771e-07, 1.55716108452e-07, 1.48649064613e-07, 2.03910204277e-07, 4.51298554083e-08, 2.41331790107e-08, 9.7208130434e-10],
        "dvar2": [6.46510841307e-07, 0.000311001116643, 0.000266593095148, 2.78516272374e-05, 2.9230985092e-05, 4.14134092352e-06, 4.75828210256e-06, 5.60325815968e-06, 3.98867314289e-06, 1.03064053292e-06, 2.2833080493e-06, 4.6692093747e-06, 7.24348126369e-07, 1.71924807546e-06, 7.1807266977e-06, 2.14041097024e-06, 1.10130451958e-06, 4.57335602277e-07, 3.73814231125e-07, 2.94827202652e-07, 2.33533128835e-07, 3.4734455312e-07, 3.21155368965e-07, 5.01543183873e-07, 9.14382809469e-08, 4.78596291487e-08, 2.08664885371e-09],
        "max": [0.0141952447593, 0.090296715498, 0.0789603963494, 0.0278971083462, 0.0532558858395, 0.0187908951193, 0.0246900711209, 0.036591000855, 0.0396606996655, 0.0220075640827, 0.0476966388524, 0.0785203650594, 0.016381084919, 0.0246916543692, 0.0378423556685, 0.026612104848, 0.0175159629434, 0.00887245405465, 0.00812425557524, 0.00966465566307, 0.00502365548164, 0.0149446781725, 0.0101700881496, 0.0116185545921, 0.00368487741798, 0.00267519475892, 0.0011974114459],
        "mean": [0.00116133515257, 0.0178412627429, 0.00390070630237, 0.000755631015636, 0.0018153807614, 0.00144085846841, 0.00178564793896, 0.00218268902972, 0.00147283542901, 0.000794684805442, 0.00108982785605, 0.000671166111715, 0.000531595316716, 0.000635996926576, 0.00161663861945, 0.000713791407179, 0.000829812139273, 0.000593775243033, 0.000402315752581, 0.000475767737953, 0.00035773581476, 0.000377652992029, 0.000399537704652, 0.00035976889194, 0.000225729643716, 0.000132977162139, 2.38077354879e-05],
        "median": [0.000590303330682, 0.0116928014904, 0.000660016259644, 0.000158156413818, 0.000850502750836, 0.000673851289321, 0.000882828782778, 0.000674094888382, 0.000383645266993, 0.00020685599884, 0.000377234711777, 0.000223452225327, 0.000226257310715, 0.000194359061425, 0.000453939603176, 0.000219398760237, 0.000344814005075, 0.000317224650644, 0.000265286740614, 0.000305938126985, 0.000229593846598, 0.000250399520155, 0.000260110769887, 0.000210069032619, 0.000133820067276, 7.93256767793e-05, 1.0160567399e-05],
        "min": [2.43279954228e-23, 6.72134356144e-23, 1.78901962386e-23, 2.03883972408e-23, 9.74827479889e-23, 6.8248591516e-23, 5.18098188793e-23, 1.78044454804e-23, 1.00432115898e-22, 1.06513993663e-22, 5.31651544896e-23, 1.32143440763e-22, 1.70213476774e-22, 1.05490790582e-22, 1.22984399622e-22, 1.74951021961e-22, 9.83880952508e-23, 1.64311547648e-22, 2.93839125649e-22, 3.79224521263e-22, 3.20218886755e-22, 5.05247158708e-22, 6.23271503881e-22, 9.2868108593e-22, 1.39583275051e-21, 1.627427772e-21, 2.58181264728e-21],
        "var": [2.20094148062e-06, 0.000305906665744, 0.000102749414509, 5.92626656726e-06, 9.2315931397e-06, 3.89960905522e-06, 6.69135624776e-06, 1.39064650284e-05, 8.40791290102e-06, 3.38115796694e-06, 7.85920565249e-06, 9.50899084273e-06, 1.37963627367e-06, 2.52552672464e-06, 1.26070790429e-05, 3.24117559103e-06, 2.37158701566e-06, 6.51777781968e-07, 2.35935459614e-07, 3.67239266552e-07, 1.85246605611e-07, 2.82386707795e-07, 2.99607876286e-07, 2.97581266295e-07, 1.1024223312e-07, 5.27523269511e-08, 1.85295567778e-09]
    },
    "erbbands": {
        "dmean": [0.20785947144, 1.57728219032, 3.23009514809, 3.97840356827, 1.68403744698, 5.80505800247, 7.31060266495, 5.87619447708, 8.9151802063, 16.2365493774, 19.1412982941, 17.4776821136, 10.8081998825, 11.5216112137, 20.717168808, 17.6843795776, 12.1330308914, 14.520731926, 41.1240272522, 24.5162525177, 18.890504837, 16.4536552429, 17.3829631805, 9.55649280548, 11.1997814178, 10.8669652939, 8.28636932373, 7.07222795486, 6.51149559021, 6.1582570076, 5.33007526398, 4.0232257843, 2.67803549767, 1.37864804268, 0.660331964493, 0.311990827322, 0.115007996559, 0.0273661557585, 0.00221753376536, 3.98035990656e-05],
        "dmean2": [0.3130620718, 2.26818013191, 4.98280715942, 6.94725990295, 2.918364048, 9.96600532532, 12.4933595657, 8.63501167297, 13.6312818527, 23.1457958221, 27.1974925995, 23.1704044342, 14.3237047195, 15.7120952606, 28.7198505402, 26.0992527008, 17.6413383484, 21.3201828003, 59.3448982239, 36.3817634583, 28.0000038147, 24.2069015503, 25.9079799652, 15.4481487274, 17.7254981995, 16.9665164948, 13.3201551437, 11.312538147, 10.2303438187, 9.1636095047, 7.96880578995, 6.10190486908, 4.04294061661, 2.0459215641, 0.970650434494, 0.446703344584, 0.165676340461, 0.0393040329218, 0.00329769868404, 5.65871341678e-05],
        "dvar": [0.0928289145231, 7.79803800583, 72.4743270874, 192.674530029, 18.0322570801, 220.002929688, 292.802764893, 123.282905579, 246.083465576, 728.990234375, 1535.56750488, 1610.14770508, 821.753173828, 504.493469238, 3598.54199219, 8060.47021484, 773.995788574, 1082.44250488, 9481.29296875, 3496.34106445, 1729.45019531, 1075.69763184, 802.366577148, 244.39414978, 310.935791016, 321.637786865, 218.177597046, 149.06729126, 195.229873657, 200.49848938, 124.92780304, 102.511169434, 42.1126937866, 8.73080253601, 1.69432985783, 0.466268569231, 0.0914490222931, 0.0039564804174, 2.99651474052e-05, 6.70122890511e-09],
        "dvar2": [0.213683858514, 17.2156333923, 155.05090332, 520.869873047, 50.3279838562, 595.376586914, 804.615539551, 260.295562744, 608.930297852, 1347.43151855, 3039.38061523, 2858.67578125, 1345.3548584, 776.908813477, 5393.67626953, 14074.890625, 1400.43469238, 2363.98095703, 17808.4804688, 7572.62646484, 3428.30297852, 2073.95458984, 1722.07177734, 610.955932617, 723.873413086, 711.608215332, 511.25567627, 347.009094238, 455.038391113, 421.671386719, 275.252838135, 254.962051392, 98.4866714478, 18.3301544189, 3.5448243618, 0.960563004017, 0.187342628837, 0.00772715499625, 6.58566350467e-05, 1.38288607232e-08],
        "max": [3.99187016487, 21.988243103, 64.408203125, 121.45753479, 36.3977890015, 267.644165039, 244.127731323, 236.20375061, 252.477813721, 646.053466797, 784.543579102, 1217.70117188, 908.813537598, 760.48260498, 2304.16796875, 3795.64208984, 742.138427734, 901.76751709, 2386.25805664, 2088.56811523, 988.923339844, 897.012512207, 598.11529541, 362.524108887, 398.477081299, 469.902862549, 270.262268066, 184.440856934, 489.386169434, 528.795959473, 300.109161377, 248.457183838, 141.992477417, 53.0671424866, 19.8632907867, 11.4088745117, 6.2940788269, 0.959945499897, 0.246640115976, 0.00284740445204],
        "mean": [0.623299658298, 3.49722266197, 5.07881116867, 3.6986758709, 2.35481548309, 7.67159080505, 10.5442504883, 12.6034145355, 19.3474636078, 39.3679695129, 43.2426681519, 41.2351417542, 25.3649559021, 28.2973651886, 46.9446983337, 31.9324474335, 25.3189201355, 31.0074863434, 85.7859954834, 49.1435585022, 40.1595840454, 37.6397819519, 39.2372550964, 19.4586105347, 22.2796802521, 22.8126220703, 16.08335495, 14.0195589066, 13.4895658493, 12.9157142639, 11.4532079697, 7.99370193481, 5.58385372162, 2.91023302078, 1.40633761883, 0.649758636951, 0.224799454212, 0.0524359568954, 0.00375985703431, 0.000115501774417],
        "median": [0.482984304428, 1.78694689274, 1.39572072029, 0.684033155441, 1.01839506626, 3.29645514488, 4.65555381775, 5.64757728577, 10.6056785583, 19.819858551, 15.2368869781, 13.4071216583, 8.20638084412, 12.3503684998, 12.2810268402, 11.9797048569, 11.9476089478, 13.9972801208, 23.4271450043, 19.4661445618, 16.278842926, 19.1896934509, 21.4217700958, 14.0270309448, 14.6265687943, 15.1154079437, 10.0664997101, 9.37786102295, 9.09537220001, 8.25609779358, 7.36705541611, 4.65343761444, 3.29847574234, 1.66788697243, 0.857447683811, 0.391899704933, 0.122785031796, 0.0289543904364, 0.00154338730499, 9.14830743568e-05],
        "min": [2.5950130039e-21, 1.26243214567e-20, 2.32543960826e-20, 4.50717274095e-20, 2.20665214252e-19, 3.39593158521e-19, 3.84029301027e-19, 5.19843103525e-19, 1.04056198452e-18, 3.06873150512e-19, 5.17030120756e-19, 2.12155903893e-18, 3.98154991969e-18, 2.97175553844e-18, 1.25551427587e-18, 6.14501641e-18, 9.21066439258e-18, 6.95910440781e-18, 5.51105608955e-18, 7.68843699853e-18, 7.9637946711e-18, 6.44440698808e-18, 9.59199961805e-18, 1.31487149518e-17, 1.5309371096e-17, 1.47059428391e-17, 1.69685597471e-17, 1.13595497566e-17, 1.98253686133e-17, 1.65777499949e-17, 1.87632472001e-17, 1.6356867956e-17, 1.87129380752e-17, 1.51909370302e-17, 8.82740431783e-18, 4.92647969244e-18, 3.55131756667e-18, 1.37919142593e-18, 3.80069742531e-19, 3.72953733903e-20],
        "var": [0.333653956652, 16.988401413, 91.2923202515, 133.13923645, 16.0001029968, 191.833267212, 282.408996582, 383.32409668, 623.757202148, 3410.35766602, 5695.87939453, 6194.21923828, 3267.55224609, 2686.50292969, 19954.3261719, 20329.421875, 2690.67211914, 3215.73461914, 40821.375, 8375.40136719, 5991.05224609, 4027.38720703, 2857.50952148, 429.860778809, 721.785705566, 828.9765625, 404.65234375, 272.599884033, 323.127990723, 408.791046143, 245.422424316, 142.545532227, 71.0540618896, 19.7578392029, 4.00097417831, 1.02846753597, 0.182156518102, 0.00890765246004, 5.20425419381e-05, 1.57110644494e-08]
    },
    "gfcc": {
        "mean": [24.8359413147, 63.8130569458, -108.662521362, 35.5451545715, -50.4956207275, 20.9147949219, -29.3213653564, 19.6760749817, -7.33814287186, 13.5157709122, -9.01165485382, 7.13425827026, -9.46577358246],
        "cov": [[18595.8359375, -1495.8651123, 1435.80151367, 924.894287109, -422.973937988, 926.172607422, -653.873596191, 514.322265625, -413.440307617, 416.941619873, -251.432739258, 411.471191406, -363.867156982], [-1495.8651123, 1988.96936035, -424.849395752, -235.106567383, 308.333465576, -292.98260498, 129.833145142, -155.940979004, 205.96055603, -190.272705078, 180.78338623, -63.132270813, 148.857513428], [1435.80151367, -424.849395752, 1106.79992676, 222.910324097, -22.3760662079, 241.101318359, -134.256103516, 46.3821868896, -118.856735229, 57.0993080139, -82.6301727295, 60.9167518616, -76.2903442383], [924.894287109, -235.106567383, 222.910324097, 524.959594727, -0.25995695591, 34.5623168945, -80.1079406738, 10.3455200195, 0.936624526978, 15.4128189087, -14.1387414932, 19.8795623779, -4.47320652008], [-422.973937988, 308.333465576, -22.3760662079, -0.25995695591, 410.399200439, 54.8124084473, 82.4704742432, -10.9650745392, 68.4306716919, -16.5707435608, 12.3764925003, -34.9042434692, 33.5406455994], [926.172607422, -292.98260498, 241.101318359, 34.5623168945, 54.8124084473, 331.673675537, 76.2319869995, 87.0077438354, -22.7100353241, 47.1623916626, -25.3362045288, -5.87990236282, -41.3094902039], [-653.873596191, 129.833145142, -134.256103516, -80.1079406738, 82.4704742432, 76.2319869995, 278.511230469, 43.699344635, 27.0892601013, 16.706325531, 50.0249328613, -42.5055503845, 10.5540466309], [514.322265625, -155.940979004, 46.3821868896, 10.3455200195, -10.9650745392, 87.0077438354, 43.699344635, 145.019180298, 51.8510246277, 47.2966346741, 0.915574252605, 24.308473587, -10.0033855438], [-413.440307617, 205.96055603, -118.856735229, 0.936624526978, 68.4306716919, -22.7100353241, 27.0892601013, 51.8510246277, 190.268051147, 14.7615365982, 38.0826721191, -1.59880232811, 57.2973670959], [416.941619873, -190.272705078, 57.0993080139, 15.4128189087, -16.5707435608, 47.1623916626, 16.706325531, 47.2966346741, 14.7615365982, 127.687759399, 28.6336631775, 21.4205646515, -9.8348941803], [-251.432739258, 180.78338623, -82.6301727295, -14.1387414932, 12.3764925003, -25.3362045288, 50.0249328613, 0.915574252605, 38.0826721191, 28.6336631775, 115.976913452, 29.4002513885, 24.8357620239], [411.471191406, -63.132270813, 60.9167518616, 19.8795623779, -34.9042434692, -5.87990236282, -42.5055503845, 24.308473587, -1.59880232811, 21.4205646515, 29.4002513885, 100.000236511, 29.0829582214], [-363.867156982, 148.857513428, -76.2903442383, -4.47320652008, 33.5406455994, -41.3094902039, 10.5540466309, -10.0033855438, 57.2973670959, -9.8348941803, 24.8357620239, 29.0829582214, 98.6761550903]],
        "icov": [[0.000138663934194, -0.000236965963268, 0.000119038275443, -0.000248416909017, 0.00010969878349, -0.000460289622424, 0.00037704402348, -0.00043989464757, 0.000426227023127, -0.000568869058043, 0.000525314942934, -0.000599709805101, 0.000375009345589], [-0.000236965963268, 0.00169811211526, -0.000451619009255, 0.000873699900694, -0.000808132463135, 0.00152529997285, -0.00085016421508, 0.00134065980092, -0.00167277525179, 0.0028068004176, -0.0029658365529, 0.00184791965876, -0.00115207466297], [0.000119038275443, -0.000451619009255, 0.00161579670385, -0.000703086145222, 7.28811937734e-05, -0.00152011483442, 0.000959555327427, -0.000403777288739, 0.00104358559474, -0.00121120130643, 0.00144112377893, -0.00159021851141, 0.000912173418328], [-0.000248416909017, 0.000873699900694, -0.000703086145222, 0.00275991414674, -0.000476811139379, 0.00102027563844, -0.000168307800777, 0.000872212287504, -0.00127985724248, 0.00157916964963, -0.00186593947001, 0.001557373791, -0.00104571506381], [0.00010969878349, -0.000808132463135, 7.28811937734e-05, -0.000476811139379, 0.00343126058578, -0.00145323236939, -0.000362898979802, 0.000517938809935, -0.000531504047103, -0.000922523322515, 0.00145544589031, -0.000292169104796, -8.85448025656e-05], [-0.000460289622424, 0.00152529997285, -0.00152011483442, 0.00102027563844, -0.00145323236939, 0.00710343010724, -0.00281224888749, -0.000684481172357, -0.00110774894711, 0.00220094714314, -0.00212454050779, 0.00285029713996, -0.000870942138135], [0.00037704402348, -0.00085016421508, 0.000959555327427, -0.000168307800777, -0.000362898979802, -0.00281224888749, 0.00737771950662, -0.004100298509, 0.00306198489852, -0.00179454730824, -0.00188684801105, 0.00250087492168, -0.00107064924669], [-0.00043989464757, 0.00134065980092, -0.000403777288739, 0.000872212287504, 0.000517938809935, -0.000684481172357, -0.004100298509, 0.0151179786772, -0.00760553125292, 0.000297577731544, 0.000999736483209, -0.00387935969047, 0.00292900041677], [0.000426227023127, -0.00167277525179, 0.00104358559474, -0.00127985724248, -0.000531504047103, -0.00110774894711, 0.00306198489852, -0.00760553125292, 0.0119448760524, -0.00349630694836, 7.3294446338e-05, 0.00190725061111, -0.004402582068], [-0.000568869058043, 0.0028068004176, -0.00121120130643, 0.00157916964963, -0.000922523322515, 0.00220094714314, -0.00179454730824, 0.000297577731544, -0.00349630694836, 0.0150486053899, -0.00800300482661, 0.00288666295819, -0.00104612822179], [0.000525314942934, -0.0029658365529, 0.00144112377893, -0.00186593947001, 0.00145544589031, -0.00212454050779, -0.00188684801105, 0.000999736483209, 7.3294446338e-05, -0.00800300482661, 0.0191089995205, -0.0101849520579, 0.00371191045269], [-0.000599709805101, 0.00184791965876, -0.00159021851141, 0.001557373791, -0.000292169104796, 0.00285029713996, 0.00250087492168, -0.00387935969047, 0.00190725061111, 0.00288666295819, -0.0101849520579, 0.0217345897108, -0.0101883383468], [0.000375009345589, -0.00115207466297, 0.000912173418328, -0.00104571506381, -8.85448025656e-05, -0.000870942138135, -0.00107064924669, 0.00292900041677, -0.004402582068, -0.00104612822179, 0.00371191045269, -0.0101883383468, 0.0185104385018]]
    },
    "melbands": {
        "dmean": [0.0018729964504, 0.001481413492, 0.000620412698481, 0.000230253615882, 0.000275934464298, 0.000129101259517, 0.000156014633831, 0.000179445632966, 0.000148852093844, 0.000110907276394, 5.22410518897e-05, 4.5485317969e-05, 6.16915349383e-05, 5.65960363019e-05, 3.11795120069e-05, 2.95973823086e-05, 3.01366144413e-05, 6.49675203022e-05, 5.52284800506e-05, 3.53295763489e-05, 2.24424602493e-05, 1.89650581888e-05, 1.7523929273e-05, 1.38587438414e-05, 7.90819831309e-06, 1.0115598343e-05, 6.70973895467e-06, 8.55165671965e-06, 5.83518794883e-06, 4.66890833195e-06, 4.5410047278e-06, 4.15158865508e-06, 3.48740536538e-06, 3.66587573808e-06, 3.55529027729e-06, 2.55928512161e-06, 2.73153159469e-06, 2.16768603423e-06, 1.41986970448e-06, 1.16854425869e-06],
        "dmean2": [0.00285782827996, 0.00206874799915, 0.00107511552051, 0.000391219975427, 0.000472026265925, 0.000191151819308, 0.000236462044995, 0.000253330013948, 0.000212367376662, 0.000146468839375, 6.98817166267e-05, 6.22700899839e-05, 8.6927349912e-05, 7.88117613411e-05, 4.54823639302e-05, 4.37673734268e-05, 4.47581478511e-05, 9.400799172e-05, 8.21878420538e-05, 5.34214523213e-05, 3.3697244362e-05, 2.82744294964e-05, 2.60836895905e-05, 2.11261685763e-05, 1.31104625325e-05, 1.65062956512e-05, 1.0491008652e-05, 1.34943866215e-05, 9.47891840042e-06, 7.48846287024e-06, 7.37615755497e-06, 6.69034852763e-06, 5.38091126145e-06, 5.53790050617e-06, 5.44796557733e-06, 3.9314818423e-06, 4.27724171459e-06, 3.3461719795e-06, 2.14028568735e-06, 1.77934248313e-06],
        "dvar": [8.72403506946e-06, 8.47898809297e-06, 4.44961142421e-06, 3.11039173084e-07, 4.34585501807e-07, 5.61341657601e-08, 7.09130461019e-08, 9.4721201549e-08, 9.48711686988e-08, 6.84246614924e-08, 1.98665262019e-08, 9.0145277909e-09, 2.73823577146e-08, 5.34296411558e-08, 1.44726639562e-08, 5.43254596863e-09, 6.13272055361e-09, 2.45119302633e-08, 1.76685563957e-08, 9.2223286785e-09, 2.26248486612e-09, 1.59274227141e-09, 1.05762065772e-09, 5.56412416142e-10, 1.85464435476e-10, 3.08380682101e-10, 1.29609906141e-10, 2.28230809252e-10, 1.14840428833e-10, 6.18942189168e-11, 6.08329775442e-11, 7.97651666939e-11, 6.57784035574e-11, 6.64687888063e-11, 5.14898228221e-11, 3.60284926892e-11, 4.69220634569e-11, 2.81448250122e-11, 9.45262444707e-12, 6.24076788511e-12],
        "dvar2": [1.99005571631e-05, 1.57419108291e-05, 1.19245059977e-05, 8.4267173861e-07, 1.19098194773e-06, 1.20752318367e-07, 1.68840500692e-07, 1.66540317537e-07, 1.85023765198e-07, 1.21264676523e-07, 3.24429869636e-08, 1.34031710175e-08, 4.21148591556e-08, 8.750851066e-08, 2.649902342e-08, 1.01087334059e-08, 1.33281616854e-08, 4.62385898459e-08, 3.76594933016e-08, 1.86718800421e-08, 4.78586281716e-09, 3.07400771504e-09, 2.2550261658e-09, 1.25395382966e-09, 4.70197991653e-10, 7.86985254742e-10, 2.61878324581e-10, 5.16466369671e-10, 2.71472122559e-10, 1.45560341558e-10, 1.45603196167e-10, 1.97133045998e-10, 1.45935527551e-10, 1.43893674753e-10, 1.1766651542e-10, 8.62576329808e-11, 1.18830806306e-10, 6.77340059041e-11, 2.02685073586e-11, 1.35553191935e-11],
        "max": [0.0268058162183, 0.0278473347425, 0.0183773804456, 0.00985077209771, 0.00863408856094, 0.00455673364922, 0.00393302645534, 0.00775600131601, 0.00691079022363, 0.00795557908714, 0.0044386764057, 0.00332898995839, 0.00642004050314, 0.0106758689508, 0.00467974040657, 0.00225228839554, 0.0020706995856, 0.00375516852364, 0.00325534073636, 0.00253004976548, 0.00120950001292, 0.0010970098665, 0.000897762365639, 0.000522410147823, 0.000285203161184, 0.000428461789852, 0.000377346732421, 0.000323230342474, 0.000203437622986, 0.000127378516481, 0.000122245532111, 0.000257037521806, 0.000326624314766, 0.000247965857852, 0.000195727785467, 0.000120748882182, 0.000168911166838, 0.000117747724289, 5.47636991541e-05, 4.86796488985e-05],
        "mean": [0.00524089485407, 0.00343555444852, 0.000606643036008, 0.000327232119162, 0.000390954141039, 0.000272804260021, 0.00033509923378, 0.000445539160864, 0.000321658619214, 0.000255312013905, 0.000117262272397, 0.000106870240415, 0.000135603288072, 0.000107328160084, 5.61351916986e-05, 5.58377578272e-05, 5.66983617318e-05, 0.00013178899826, 9.79160831776e-05, 6.19733546046e-05, 4.48380378657e-05, 4.07204352086e-05, 3.77934666176e-05, 2.91071246465e-05, 1.34339861688e-05, 1.73586868186e-05, 1.35140671773e-05, 1.63201348187e-05, 1.061238072e-05, 8.35708488012e-06, 8.16087504063e-06, 7.78005960456e-06, 7.03131581758e-06, 7.14928955858e-06, 7.22692493582e-06, 4.91815717396e-06, 4.96816119266e-06, 4.25748658017e-06, 2.89794570563e-06, 2.3044815407e-06],
        "median": [0.00391003023833, 0.00153201282956, 0.000128034997033, 0.00015205348609, 0.000184145756066, 0.000123344769236, 0.000170052953763, 0.000221925234655, 0.000104096565337, 6.61374506308e-05, 3.45775333699e-05, 3.88553016819e-05, 4.38597780885e-05, 3.46646411344e-05, 2.19135617954e-05, 2.24496416195e-05, 1.92359184439e-05, 3.12575903081e-05, 3.1204384868e-05, 1.71789688466e-05, 1.63810527738e-05, 1.83741503861e-05, 1.81311097549e-05, 1.45659232658e-05, 8.61467833602e-06, 1.01756941149e-05, 8.59537794895e-06, 9.59494991548e-06, 5.98784481554e-06, 4.89411104354e-06, 5.07821778228e-06, 4.8808824431e-06, 4.56375437352e-06, 4.38390725321e-06, 4.57153601019e-06, 2.95081781587e-06, 2.71357203019e-06, 2.44120565185e-06, 1.65219057635e-06, 1.28466024307e-06],
        "min": [2.18745512328e-23, 1.36508892883e-23, 1.18393112403e-23, 2.25123326529e-23, 1.28414548907e-23, 1.26411883504e-23, 1.47798754614e-23, 3.29896443803e-24, 4.54080485503e-24, 1.47168502083e-23, 2.02380356191e-23, 1.24025034952e-23, 4.59499486605e-24, 9.2691124809e-24, 2.09402559311e-23, 1.75771588764e-23, 1.21842880027e-23, 7.31834939243e-24, 1.02754441939e-23, 1.22544808461e-23, 8.14697835361e-24, 6.05369531527e-24, 6.6038977921e-24, 9.20496388981e-24, 1.05056101402e-23, 1.23402884022e-23, 1.19254012086e-23, 9.11759044481e-24, 1.18421464063e-23, 7.384094638e-24, 5.81542540087e-24, 1.32597089426e-23, 7.32547201755e-24, 1.00589815504e-23, 1.11075756975e-23, 1.02510423595e-23, 9.74870125709e-24, 1.41523003237e-23, 1.22204856742e-23, 1.31428391995e-23],
        "var": [2.32199108723e-05, 2.07575212698e-05, 3.15394368045e-06, 2.85626271079e-07, 3.90350436419e-07, 1.64739176967e-07, 2.07289616583e-07, 4.79921482111e-07, 3.52721798436e-07, 2.71132307716e-07, 7.89652432331e-08, 5.00135897141e-08, 1.46734123518e-07, 1.56909607085e-07, 3.50545015237e-08, 1.47671688211e-08, 1.76581540501e-08, 1.0728862776e-07, 4.19635455273e-08, 2.69417164134e-08, 7.31780369634e-09, 5.38982858345e-09, 3.30914140534e-09, 1.81465997784e-09, 2.62175475774e-10, 5.31238830703e-10, 3.75433961697e-10, 5.38219524504e-10, 2.19728096829e-10, 1.12308960742e-10, 1.02343827857e-10, 1.11827762328e-10, 1.25661425709e-10, 1.28385663212e-10, 9.88157056181e-11, 5.31078514499e-11, 6.20005990992e-11, 4.38539586589e-11, 1.95821726889e-11, 1.31839305098e-11]
    },
    "mfcc": {
        "mean": [-616.072753906, 94.2215118408, 5.61380290985, 21.3370361328, 9.50367546082, 8.49375629425, -1.5473754406, 9.33412742615, 5.60348367691, 12.1243944168, 6.4486041069, 7.57114315033, 7.61074256897],
        "cov": [[10194.4121094, -393.85635376, 472.100280762, 108.556419373, -1.85542297363, 72.1900100708, -72.3855438232, 19.1167373657, 24.4718704224, -45.829990387, -31.0897712708, 75.699760437, -15.0484199524], [-393.85635376, 1714.65661621, -335.199829102, -14.5698566437, 55.2878570557, -35.8656997681, -68.712348938, 48.2782554626, -33.1629142761, -6.3838596344, -5.35939693451, -15.258482933, 33.9914398193], [472.100280762, -335.199829102, 742.851867676, 98.7368774414, 33.3377685547, 69.7892379761, 20.8670806885, -23.3293685913, -24.9187107086, -52.4070510864, -29.2775039673, 4.35411977768, -6.07695817947], [108.556419373, -14.5698566437, 98.7368774414, 363.891967773, 94.0906066895, 10.5337247849, -44.548828125, -20.1339893341, -2.89344930649, -34.6667900085, -25.8607406616, 16.7486400604, 30.8506507874], [-1.85542297363, 55.2878570557, 33.3377685547, 94.0906066895, 301.341827393, 78.9583587646, -30.8705539703, 24.7844696045, 32.5451431274, 3.39664387703, -26.3098697662, -8.06357860565, 25.8586750031], [72.1900100708, -35.8656997681, 69.7892379761, 10.5337247849, 78.9583587646, 182.390106201, 110.137229919, 25.1803627014, 38.3992614746, 30.7988357544, 24.3173999786, -1.49131655693, -17.5485153198], [-72.3855438232, -68.712348938, 20.8670806885, -44.548828125, -30.8705539703, 110.137229919, 241.04309082, 38.0864028931, 21.5694217682, 29.8622283936, 59.272228241, 18.4397029877, -31.6339244843], [19.1167373657, 48.2782554626, -23.3293685913, -20.1339893341, 24.7844696045, 25.1803627014, 38.0864028931, 129.093063354, 47.9378547668, 36.0511436462, 19.7070198059, 4.48717546463, 4.2704539299], [24.4718704224, -33.1629142761, -24.9187107086, -2.89344930649, 32.5451431274, 38.3992614746, 21.5694217682, 47.9378547668, 135.413208008, 52.2127838135, 26.0697078705, 14.7336902618, -5.50933551788], [-45.829990387, -6.3838596344, -52.4070510864, -34.6667900085, 3.39664387703, 30.7988357544, 29.8622283936, 36.0511436462, 52.2127838135, 138.638961792, 58.1670455933, -4.90495157242, -3.45865130424], [-31.0897712708, -5.35939693451, -29.2775039673, -25.8607406616, -26.3098697662, 24.3173999786, 59.272228241, 19.7070198059, 26.0697078705, 58.1670455933, 105.594787598, 38.2968673706, -0.441497832537], [75.699760437, -15.258482933, 4.35411977768, 16.7486400604, -8.06357860565, -1.49131655693, 18.4397029877, 4.48717546463, 14.7336902618, -4.90495157242, 38.2968673706, 101.044654846, 47.6440124512], [-15.0484199524, 33.9914398193, -6.07695817947, 30.8506507874, 25.8586750031, -17.5485153198, -31.6339244843, 4.2704539299, -5.50933551788, -3.45865130424, -0.441497832537, 47.6440124512, 97.7282180786]],
