{
"lowlevel": {
    "average_loudness": 0.801876723766,
    "barkbands_crest": {
        "dmean": 2.3634428978,
        "dmean2": 3.47635221481,
        "dvar": 5.82065725327,
        "dvar2": 11.0549545288,
        "max": 25.9002189636,
        "mean": 11.6238851547,
        "median": 10.2900829315,
        "min": 2.15003180504,
        "var": 31.7203483582
    },
    "barkbands_flatness_db": {
        "dmean": 0.0240905061364,
        "dmean2": 0.0340617932379,
        "dvar": 0.000808581942692,
        "dvar2": 0.00144601601642,
        "max": 0.48686426878,
        "mean": 0.163133174181,
        "median": 0.156778782606,
        "min": 0.0184061266482,
        "var": 0.00656723510474
    },
    "barkbands_kurtosis": {
        "dmean": 3.7935693264,
        "dmean2": 5.83138084412,
        "dvar": 71.4102478027,
        "dvar2": 166.443710327,
        "max": 226.366516113,
        "mean": 5.58420181274,
        "median": 0.841890573502,
        "min": -1.75130224228,
        "var": 172.290374756
    },
    "barkbands_skewness": {
        "dmean": 0.602732956409,
        "dmean2": 0.882237613201,
        "dvar": 0.643822789192,
        "dvar2": 1.27401006222,
        "max": 11.4723148346,
        "mean": 1.56285989285,
        "median": 1.04891121387,
        "min": -2.24559307098,
        "var": 2.92737698555
    },
    "barkbands_spread": {
        "dmean": 5.24646663666,
        "dmean2": 7.89629268646,
        "dvar": 41.241859436,
        "dvar2": 88.2158279419,
        "max": 85.9960708618,
        "mean": 22.5386104584,
        "median": 18.5767745972,
        "min": 0.367830216885,
        "var": 215.463531494
    },
    "dissonance": {
        "dmean": 0.0215692277998,
        "dmean2": 0.0363617762923,
        "dvar": 0.000635243952274,
        "dvar2": 0.00171003991272,
        "max": 0.499999940395,
        "mean": 0.45800575614,
        "median": 0.472428828478,
        "min": 0.121090993285,
        "var": 0.00171932333615
    },
    "dynamic_complexity": 3.31281518936,
    "erbbands_crest": {
        "dmean": 2.83204317093,
        "dmean2": 4.62091588974,
        "dvar": 7.81470584869,
        "dvar2": 19.7533550262,
        "max": 29.1757469177,
        "mean": 9.0953168869,
        "median": 8.05936813354,
        "min": 2.28917837143,
        "var": 20.5731697083
    },
    "erbbands_flatness_db": {
        "dmean": 0.0178889948875,
        "dmean2": 0.0264216475189,
        "dvar": 0.000423864577897,
        "dvar2": 0.000831874320284,
        "max": 0.424932003021,
        "mean": 0.178779572248,
        "median": 0.163806259632,
        "min": 0.051723215729,
        "var": 0.00623095640913
    },
    "erbbands_kurtosis": {
        "dmean": 0.978285193443,
        "dmean2": 1.55980622768,
        "dvar": 1.73859834671,
        "dvar2": 4.31448078156,
        "max": 26.2771606445,
        "mean": 0.656270563602,
        "median": 0.096645116806,
        "min": -1.78251647949,
        "var": 4.25500440598
    },
    "erbbands_skewness": {
        "dmean": 0.345435738564,
        "dmean2": 0.532854437828,
        "dvar": 0.119178257883,
        "dvar2": 0.293532401323,
        "max": 3.83612179756,
        "mean": 0.286810725927,
        "median": 0.2152146101,
        "min": -2.14960932732,
        "var": 0.474232941866
    },
    "erbbands_spread": {
        "dmean": 8.18890571594,
        "dmean2": 12.6792516708,
        "dvar": 122.114898682,
        "dvar2": 274.563354492,
        "max": 150.10295105,
        "mean": 33.8196029663,
        "median": 30.8106651306,
        "min": 2.13060283661,
        "var": 396.747039795
    },
    "hfc": {
        "dmean": 8.93385696411,
        "dmean2": 13.2131853104,
        "dvar": 313.871734619,
        "dvar2": 795.950378418,
        "max": 255.215164185,
        "mean": 26.3216075897,
        "median": 17.3405914307,
        "min": 1.17187445004e-16,
        "var": 748.811401367
    },
    "melbands_crest": {
        "dmean": 3.05680775642,
        "dmean2": 4.56139993668,
        "dvar": 10.8336725235,
        "dvar2": 20.1143264771,
        "max": 37.6558074951,
        "mean": 17.9651222229,
        "median": 15.1307086945,
        "min": 1.80009257793,
        "var": 87.010559082
    },
    "melbands_flatness_db": {
        "dmean": 0.0284490138292,
        "dmean2": 0.0391399152577,
        "dvar": 0.0012549549574,
        "dvar2": 0.00213915202767,
        "max": 0.612780809402,
        "mean": 0.220882683992,
        "median": 0.215695023537,
        "min": 0.00513939419761,
        "var": 0.0101241124794
    },
    "melbands_kurtosis": {
        "dmean": 12.6112527847,
        "dmean2": 19.6553688049,
        "dvar": 992.494934082,
        "dvar2": 2282.13671875,
        "max": 710.954162598,
        "mean": 22.4921417236,
        "median": 4.5263133049,
        "min": -1.67954361439,
        "var": 2323.83984375
    },
    "melbands_skewness": {
        "dmean": 0.928176164627,
        "dmean2": 1.36207973957,
        "dvar": 2.13870763779,
        "dvar2": 4.01558685303,
        "max": 22.9634399414,
        "mean": 2.94198560715,
        "median": 1.82567119598,
        "min": -0.959384143353,
        "var": 9.73277187347
    },
    "melbands_spread": {
        "dmean": 6.69926309586,
        "dmean2": 10.2076530457,
        "dvar": 84.2829055786,
        "dvar2": 186.013778687,
        "max": 151.285339355,
        "mean": 24.3012657166,
        "median": 20.6804637909,
        "min": 0.220299273729,
        "var": 310.230682373
    },
    "pitch_salience": {
        "dmean": 0.06865888834,
        "dmean2": 0.103940367699,
        "dvar": 0.00633608596399,
        "dvar2": 0.0127763450146,
        "max": 0.933556079865,
        "mean": 0.484066903591,
        "median": 0.519633710384,
        "min": 0.0386706925929,
        "var": 0.0341508090496
    },
    "silence_rate_20dB": {
        "dmean": 0,
        "dmean2": 0,
        "dvar": 0,
        "dvar2": 0,
        "max": 1,
        "mean": 1,
        "median": 1,
        "min": 1,
        "var": 0
    },
    "silence_rate_30dB": {
        "dmean": 0.0803910940886,
        "dmean2": 0.160799652338,
        "dvar": 0.0739328339696,
        "dvar2": 0.165809884667,
        "max": 1,
        "mean": 0.9192917943,
        "median": 1,
        "min": 0,
        "var": 0.0741903707385
    },
    "silence_rate_60dB": {
        "dmean": 0.0173818580806,
        "dmean2": 0.0347674936056,
        "dvar": 0.0170821454376,
        "dvar2": 0.0400813557208,
        "max": 1,
        "mean": 0.0421464256942,
        "median": 0,
        "min": 0,
        "var": 0.0403642952442
    },
    "spectral_centroid": {
        "dmean": 245.303421021,
        "dmean2": 376.127105713,
        "dvar": 97607.34375,
        "dvar2": 211330.78125,
        "max": 10687.9375,
        "mean": 1566.92456055,
        "median": 1504.57580566,
        "min": 200.053039551,
        "var": 566112.5
    },
    "spectral_complexity": {
        "dmean": 3.91634988785,
        "dmean2": 5.87375068665,
        "dvar": 22.9074192047,
        "dvar2": 45.9266662598,
        "max": 57,
        "mean": 20.2149677277,
        "median": 18,
        "min": 0,
        "var": 126.469612122
    },
    "spectral_decrease": {
        "dmean": 3.17360560054e-09,
        "dmean2": 4.60627402887e-09,
        "dvar": 3.09173808629e-17,
        "dvar2": 6.30234070311e-17,
        "max": 5.16888601638e-29,
        "mean": -9.67532454155e-09,
        "median": -5.40748112954e-09,
        "min": -5.28098595964e-08,
        "var": 9.94851380032e-17
    },
    "spectral_energy": {
        "dmean": 0.0125173348933,
        "dmean2": 0.0180981680751,
        "dvar": 0.000456275040051,
        "dvar2": 0.000925044179894,
        "max": 0.202541306615,
        "mean": 0.0389044247568,
        "median": 0.022421579808,
        "min": 1.07394450281e-20,
        "var": 0.00152262230404
    },
    "spectral_energyband_high": {
        "dmean": 0.00043018523138,
        "dmean2": 0.000624961510766,
        "dvar": 7.32917612822e-07,
        "dvar2": 1.63410800269e-06,
        "max": 0.0126712061465,
        "mean": 0.00137874973007,
        "median": 0.000345922831912,
        "min": 7.80481016316e-21,
        "var": 3.69199779016e-06
    },
    "spectral_energyband_low": {
        "dmean": 0.00913633592427,
        "dmean2": 0.0138940289617,
        "dvar": 0.000485209078761,
        "dvar2": 0.00109521893319,
        "max": 0.195765778422,
        "mean": 0.0232762806118,
        "median": 0.00776703376323,
        "min": 2.8670941341e-23,
        "var": 0.00129170482978
    },
    "spectral_energyband_middle_high": {
        "dmean": 0.00374110043049,
        "dmean2": 0.00601396011189,
        "dvar": 7.45279758121e-05,
        "dvar2": 0.00020034328918,
        "max": 0.113746076822,
        "mean": 0.00745383137837,
        "median": 0.0042169499211,
        "min": 1.2538807016e-21,
        "var": 9.03219843167e-05
    },
    "spectral_energyband_middle_low": {
        "dmean": 0.00414195144549,
        "dmean2": 0.00678785843775,
        "dvar": 9.4334485766e-05,
        "dvar2": 0.000260041153524,
        "max": 0.0821156278253,
        "mean": 0.00746145518497,
        "median": 0.00533173698932,
        "min": 3.19676958246e-22,
        "var": 8.15234016045e-05
    },
    "spectral_entropy": {
        "dmean": 0.162501364946,
        "dmean2": 0.240329891443,
        "dvar": 0.0374103970826,
        "dvar2": 0.0747806429863,
        "max": 9.80616092682,
        "mean": 7.60804033279,
        "median": 7.85477542877,
        "min": 5.48009395599,
        "var": 0.429860949516
    },
    "spectral_flux": {
        "dmean": 0.0297991596162,
        "dmean2": 0.0414852686226,
        "dvar": 0.00207343208604,
        "dvar2": 0.00308339693584,
        "max": 0.462752848864,
        "mean": 0.084716796875,
        "median": 0.0672014206648,
        "min": 6.93814797281e-11,
        "var": 0.00525175780058
    },
    "spectral_kurtosis": {
        "dmean": 3.09599852562,
        "dmean2": 5.20042419434,
        "dvar": 34.8838577271,
        "dvar2": 93.989074707,
        "max": 118.371665955,
        "mean": 6.64673185349,
        "median": 3.09528565407,
        "min": -1.21108937263,
        "var": 75.4228973389
    },
    "spectral_rms": {
        "dmean": 0.000873524870258,
        "dmean2": 0.00121981371194,
        "dvar": 1.42582143781e-06,
        "dvar2": 2.59199509856e-06,
        "max": 0.0140570718795,
        "mean": 0.00545739987865,
        "median": 0.00467704096809,
        "min": 3.23689772902e-12,
        "var": 8.17225009087e-06
    },
    "spectral_rolloff": {
        "dmean": 423.102539062,
        "dmean2": 666.962402344,
        "dvar": 448629.71875,
        "dvar2": 879975.0625,
        "max": 18755.4199219,
        "mean": 1500.86071777,
        "median": 1076.66015625,
        "min": 43.06640625,
        "var": 2161076.25
    },
    "spectral_skewness": {
        "dmean": 0.304260760546,
        "dmean2": 0.496350079775,
        "dvar": 0.202875062823,
        "dvar2": 0.526366949081,
        "max": 8.67994976044,
        "mean": 1.69852185249,
        "median": 1.39875423908,
        "min": 0.00943133700639,
        "var": 0.651819765568
    },
    "spectral_spread": {
        "dmean": 461087.75,
        "dmean2": 667059.9375,
        "dvar": 444695740416,
        "dvar2": 829204922368,
        "max": 40977112,
        "mean": 4502218,
        "median": 4641595,
        "min": 822812.4375,
        "var": 4.25361932288e+12
    },
    "spectral_strongpeak": {
        "dmean": 0.493457555771,
        "dmean2": 0.825439155102,
        "dvar": 0.797349989414,
        "dvar2": 1.98256635666,
        "max": 12.5409755707,
        "mean": 0.91359513998,
        "median": 0.572010219097,
        "min": 0,
        "var": 1.28608763218
    },
    "zerocrossingrate": {
        "dmean": 0.009506393224,
        "dmean2": 0.0101630296558,
        "dvar": 0.000165199264302,
        "dvar2": 0.00015822496789,
        "max": 0.82080078125,
        "mean": 0.0608100555837,
        "median": 0.04638671875,
        "min": 0.00146484375,
        "var": 0.00227023428306
    },
    "barkbands": {
        "dmean": [0.000758272537496, 0.0071333469823, 0.00311335525475, 0.00139993056655, 0.000677300151438, 0.000583089073189, 0.00143002101686, 0.000317726604408, 0.000796213338617, 0.00112670916133, 0.000529249839019, 0.000401948753279, 0.000611217867117, 0.000785227690358, 0.00104065146297, 0.000252422934864, 0.000300577114103, 0.000195814674953, 0.000186053934158, 0.000131734006573, 0.000127759340103, 9.73517162492e-05, 8.54637110024e-05, 8.95573102753e-05, 8.10332785477e-05, 3.1485575164e-05, 3.89177921534e-06],
        "dmean2": [0.00100862130057, 0.0111301364377, 0.00556995999068, 0.00262964586727, 0.00119489163626, 0.000881147221662, 0.00218042894267, 0.000501070055179, 0.00124036928173, 0.00175968080293, 0.000810894474853, 0.000619425612967, 0.00100894679781, 0.00137871515471, 0.00183918478433, 0.000416263210354, 0.000511267397087, 0.000316980178468, 0.000309204740915, 0.000213890903979, 0.000201561750146, 0.000157277725521, 0.000137596623972, 0.000139811483677, 0.000124076163047, 4.57578316855e-05, 6.31657030681e-06],
        "dvar": [2.16810803977e-06, 0.000307162728859, 0.000185755430721, 4.4846063247e-05, 5.80799405725e-06, 1.0657332723e-06, 7.08982133801e-06, 4.1404908302e-07, 6.37871926301e-06, 5.05387788508e-06, 4.99850284541e-06, 6.13370843894e-07, 2.98442705571e-06, 8.41071232571e-06, 2.40219997067e-05, 2.27804434871e-07, 3.17363770819e-07, 1.02724023066e-07, 1.34532044171e-07, 5.63658595354e-08, 5.34574660094e-08, 3.26342544099e-08, 2.72374141019e-08, 3.86625274018e-08, 3.9027820975e-08, 5.917626833e-09, 1.05164252306e-10],
        "dvar2": [3.62010337085e-06, 0.000767018704209, 0.000518701330293, 0.000131719207275, 1.69011218532e-05, 2.42459373112e-06, 1.53057881107e-05, 9.4212333579e-07, 1.46043121276e-05, 1.19984742923e-05, 1.23450936371e-05, 1.2883248246e-06, 7.96501262812e-06, 2.39436612901e-05, 6.82466488797e-05, 6.10174367921e-07, 8.66745438088e-07, 2.70711495887e-07, 3.60967845836e-07, 1.53966027483e-07, 1.37834121006e-07, 8.35216553696e-08, 6.94992507988e-08, 9.33365882361e-08, 8.85339943579e-08, 1.30000419318e-08, 2.58034954514e-10],
        "max": [0.0354189015925, 0.160655766726, 0.112210430205, 0.0630905032158, 0.0236041210592, 0.0162075161934, 0.058953974396, 0.0127245252952, 0.0514394231141, 0.0388105288148, 0.0845473408699, 0.0238409731537, 0.0450841449201, 0.0720803141594, 0.0864233076572, 0.0100252991542, 0.00551767740399, 0.00467219157144, 0.00551226828247, 0.00323630752973, 0.00334871117957, 0.00320787820965, 0.00221646786667, 0.00298739015125, 0.00303666596301, 0.00131906219758, 0.000157144575496],
        "mean": [0.00216305605136, 0.0180100705475, 0.00251976470463, 0.00112774642184, 0.000832017220091, 0.00114484468941, 0.00244738301262, 0.000512146041729, 0.00127700529993, 0.00162462855224, 0.000845407077577, 0.000656894699205, 0.000791401078459, 0.000868621980771, 0.00103881047107, 0.000407983141486, 0.000443949073087, 0.000362413469702, 0.000314812205033, 0.000265179434791, 0.000294156343443, 0.000239712651819, 0.000209338541026, 0.000229420547839, 0.000194963431568, 7.820907922e-05, 4.42928694611e-06],
        "median": [0.000576658174396, 0.00545589998364, 0.000202005088795, 0.000104827544419, 0.000304048677208, 0.000629841117188, 0.00117347575724, 0.000209699908737, 0.000397905008867, 0.000578792125452, 0.000162885466125, 0.000219254972762, 0.000298134895274, 0.000285381625872, 0.00025221821852, 0.00019738903211, 0.00017567561008, 0.000157381989993, 0.000109741726192, 9.36682336032e-05, 8.03268776508e-05, 6.59759098198e-05, 4.61869603896e-05, 3.63966464647e-05, 2.12026334339e-05, 5.50651475351e-06, 6.8835859679e-08],
        "min": [2.32778771964e-24, 1.58376795596e-23, 4.52002665322e-24, 4.76975280011e-24, 3.90895409122e-23, 4.66036619155e-23, 3.13383388079e-23, 2.24206575494e-23, 1.09380537488e-22, 4.68345899014e-23, 6.31301337968e-23, 7.07009770546e-23, 3.37689707182e-23, 6.55784993002e-23, 8.26721243071e-23, 8.15461168727e-23, 1.38332490016e-22, 1.91206516966e-22, 2.9521704477e-22, 2.23811577061e-22, 4.97847618174e-22, 4.4645099517e-22, 5.54729008035e-22, 8.78888589489e-22, 1.2363730887e-21, 1.6937662031e-21, 2.254752784e-21],
        "var": [1.15401253424e-05, 0.000845994160045, 0.000117923329526, 2.494016735e-05, 3.73328020942e-06, 2.32383240473e-06, 1.46276170199e-05, 8.37216532545e-07, 9.73143141891e-06, 8.57338181959e-06, 7.74740419729e-06, 2.08707569982e-06, 2.78007860288e-06, 5.95604751652e-06, 1.56375244842e-05, 3.40511348895e-07, 4.44389115728e-07, 2.40962378939e-07, 2.23923322551e-07, 1.45947069541e-07, 1.85700955058e-07, 1.1924602461e-07, 9.1113435019e-08, 1.24494761167e-07, 1.10150253363e-07, 1.91647107073e-08, 1.52323847979e-10]
    },
    "erbbands": {
        "dmean": [0.251070141792, 1.61650443077, 3.5631916523, 4.33449745178, 3.08904647827, 2.16741943359, 2.90664553642, 6.12113952637, 22.5625343323, 9.59540939331, 8.83212852478, 15.3306970596, 23.2866249084, 33.3784751892, 20.9160671234, 15.285572052, 26.5703372955, 32.8439064026, 69.6055450439, 22.2833461761, 14.2483854294, 15.8895559311, 10.8764610291, 8.66972446442, 9.31461143494, 6.4122262001, 5.84120750427, 4.74313211441, 3.57290410995, 2.86067318916, 2.58173489571, 2.02840042114, 1.5069334507, 0.977365493774, 0.579025745392, 0.18771712482, 0.0516119562089, 0.00879695918411, 0.000547466799617, 2.13786133827e-05],
        "dmean2": [0.30404394865, 2.59913802147, 6.11367797852, 8.03500556946, 5.746530056, 3.72291731834, 4.74130678177, 9.07150363922, 34.4132766724, 14.8112859726, 13.3017692566, 24.1534557343, 35.8211555481, 52.4640769958, 31.0671691895, 24.1608810425, 43.5713005066, 57.2875099182, 123.145713806, 38.257106781, 23.4731292725, 26.8300304413, 17.612991333, 14.0589189529, 15.3724212646, 10.3275680542, 9.29690933228, 7.69445610046, 5.78495883942, 4.49473667145, 4.21704626083, 3.22025465965, 2.36468482018, 1.51921856403, 0.910448133945, 0.277387857437, 0.0769567638636, 0.0133561491966, 0.000892426352948, 3.09689894493e-05],
        "dvar": [0.231379196048, 22.0787143707, 205.507125854, 428.935394287, 193.15423584, 45.7691993713, 32.9235801697, 114.217765808, 1867.09509277, 303.984954834, 448.834716797, 2635.63964844, 2555.8515625, 5601.66650391, 5255.72167969, 856.506164551, 5033.73730469, 11722.8544922, 97129.578125, 13606.9609375, 734.428894043, 882.260192871, 292.839508057, 217.388519287, 357.201202393, 145.516693115, 120.815032959, 78.1181564331, 44.114780426, 29.6957092285, 25.825969696, 17.5599651337, 11.1664915085, 4.94986057281, 2.31486392021, 0.213628664613, 0.0153967579827, 0.000391070672777, 2.46968488682e-06, 1.3499588114e-09],
        "dvar2": [0.353543311357, 55.6741485596, 546.755981445, 1244.97241211, 563.76953125, 131.029144287, 87.3743667603, 241.524276733, 4057.640625, 708.618713379, 841.207092285, 5952.29589844, 5848.828125, 13973.640625, 12321.5996094, 2065.48828125, 13431.3691406, 33114.7773438, 276617.21875, 38571.40625, 1956.48632812, 2393.40087891, 775.15222168, 561.949462891, 949.362915039, 395.626281738, 321.92880249, 208.29397583, 113.550918579, 74.9042510986, 68.0833816528, 42.618106842, 27.047088623, 11.4769535065, 5.41535902023, 0.466098338366, 0.0348378121853, 0.000905545079149, 6.10842971582e-06, 2.72919509214e-09],
        "max": [6.19235992432, 42.5770530701, 118.272033691, 189.39225769, 123.395118713, 68.8222885132, 89.1951217651, 206.363647461, 930.627502441, 379.628723145, 722.278503418, 1462.38562012, 900.85546875, 1416.94238281, 2508.47631836, 507.040008545, 2036.10534668, 2490.12084961, 5513.1328125, 4347.14941406, 323.760284424, 361.821105957, 206.017074585, 178.158035278, 364.469573975, 149.980026245, 169.575531006, 112.126670837, 98.3205337524, 111.480583191, 72.1717987061, 64.317741394, 54.1768074036, 36.04479599, 23.0537834167, 8.15891265869, 2.07548594475, 0.420222371817, 0.0284257065505, 0.000663396785967],
        "mean": [0.828746438026, 2.73188519478, 3.4590113163, 3.42300796509, 2.62310934067, 3.05537986755, 5.26097679138, 12.229516983, 37.5732841492, 17.6354122162, 16.0734825134, 24.8136177063, 36.0404205322, 50.1851768494, 38.871509552, 25.2539024353, 36.1907691956, 38.226474762, 70.2317962646, 28.7274265289, 23.1108932495, 25.0041713715, 20.273809433, 17.1728534698, 16.5358333588, 13.2070350647, 12.5200777054, 10.3497543335, 8.47321605682, 7.20318841934, 6.04387140274, 4.96700525284, 3.69957566261, 2.41816186905, 1.23842835426, 0.448108792305, 0.125385835767, 0.0180955156684, 0.000742875912692, 6.60588775645e-05],
        "median": [0.204056859016, 0.552672386169, 0.344866275787, 0.298355698586, 0.447242319584, 1.11301493645, 2.65578198433, 7.22601509094, 17.3909568787, 9.52585411072, 6.26159763336, 8.26826000214, 14.8061523438, 18.635602951, 9.99678993225, 10.9350538254, 14.1685647964, 15.1125602722, 18.2268352509, 11.5756511688, 10.6754932404, 10.9415397644, 9.34596729279, 6.6806936264, 5.46086597443, 4.31398391724, 3.68505907059, 2.74574756622, 2.34501457214, 1.92361664772, 1.25391340256, 0.858428835869, 0.530611038208, 0.292042672634, 0.122458353639, 0.0360719040036, 0.00794666167349, 0.000989870750345, 4.53660613857e-05, 3.49137080775e-05],
        "min": [5.81171928501e-22, 2.96629835329e-21, 5.26278841725e-21, 1.61639072693e-20, 4.89987996794e-20, 1.86305669645e-19, 1.05024505125e-19, 4.85187647979e-19, 6.09879438455e-19, 4.19247420335e-19, 6.91786500818e-19, 2.51604974486e-18, 2.25722182927e-18, 1.68349690442e-18, 1.95946162417e-18, 2.88434095246e-18, 1.76457414954e-18, 3.33624957343e-18, 4.85344915693e-18, 5.61428574845e-18, 6.65381768632e-18, 6.85108661393e-18, 9.79387883681e-18, 1.61163602298e-17, 1.03542581331e-17, 1.01893770487e-17, 1.56502853136e-17, 1.90518273548e-17, 1.65197679427e-17, 1.69935687258e-17, 1.47636883177e-17, 1.68154386896e-17, 1.31182523714e-17, 1.4155937215e-17, 8.431842413e-18, 5.69909119998e-18, 2.90134364995e-18, 1.26715818717e-18, 3.08449549964e-19, 3.01481257699e-20],
        "var": [1.89211523533, 29.0040969849, 150.778030396, 244.857940674, 108.296012878, 38.6823501587, 51.4032897949, 262.72467041, 3737.62231445, 605.487792969, 1036.04760742, 4041.32861328, 4502.16357422, 8513.72167969, 12314.296875, 1799.73327637, 4956.79785156, 8871.33984375, 62553.2773438, 9297.40917969, 1120.42773438, 1265.93408203, 662.969726562, 520.158508301, 668.640930176, 380.390563965, 336.857086182, 235.302139282, 148.215057373, 106.966445923, 78.5800476074, 55.977355957, 34.3185577393, 15.3642683029, 5.12750196457, 0.636563539505, 0.0496941171587, 0.0011564331362, 3.70046154785e-06, 5.21189535974e-09]
    },
    "gfcc": {
        "mean": [-17.9092998505, 90.2845458984, -132.806640625, 21.8998394012, -56.6292419434, 16.2750320435, -31.3838996887, 12.517001152, -12.3560218811, 9.06369304657, -4.52843093872, 6.11163187027, -3.43245649338],
        "cov": [[12191.1289062, -3875.14868164, 1155.21887207, 1479.2590332, 275.0859375, 1562.49328613, -328.315124512, 653.961303711, -619.276184082, 745.32409668, -484.335479736, 392.8125, -326.887573242], [-3875.14868164, 4350.45019531, -618.551452637, -708.959899902, 355.76550293, -926.92199707, 656.762329102, -250.892745972, 705.284667969, -448.744415283, 524.401062012, -238.577728271, 281.340148926], [1155.21887207, -618.551452637, 1638.48681641, 751.131286621, 472.59185791, 808.938720703, 76.550491333, 362.54208374, 5.08218002319, 356.312896729, -37.07970047, 135.087539673, -5.21371269226], [1479.2590332, -708.959899902, 751.131286621, 834.995727539, 350.871612549, 571.152770996, 68.6173248291, 239.760559082, 3.92534446716, 216.751937866, -32.4870605469, 96.9385070801, -22.9254283905], [275.0859375, 355.76550293, 472.59185791, 350.871612549, 615.187072754, 347.587677002, 246.20501709, 140.677978516, 157.620574951, 126.358055115, 84.9270706177, 25.8744468689, 49.4477577209], [1562.49328613, -926.92199707, 808.938720703, 571.152770996, 347.587677002, 812.275146484, 102.910690308, 295.592193604, -48.8078575134, 303.806640625, -28.8802318573, 111.12726593, -17.254152298], [-328.315124512, 656.762329102, 76.550491333, 68.6173248291, 246.20501709, 102.910690308, 410.70980835, 115.478256226, 158.637496948, 11.0230398178, 160.123641968, 25.1740875244, 66.4528121948], [653.961303711, -250.892745972, 362.54208374, 239.760559082, 140.677978516, 295.592193604, 115.478256226, 258.976013184, 54.4411582947, 145.774383545, 16.8568344116, 93.2517929077, 27.4230899811], [-619.276184082, 705.284667969, 5.08218002319, 3.92534446716, 157.620574951, -48.8078575134, 158.637496948, 54.4411582947, 261.904144287, -0.104499347508, 134.240966797, 9.31807231903, 93.8315811157], [745.32409668, -448.744415283, 356.312896729, 216.751937866, 126.358055115, 303.806640625, 11.0230398178, 145.774383545, -0.104499347508, 235.871948242, 6.14168977737, 75.7567138672, 18.5175361633], [-484.335479736, 524.401062012, -37.07970047, -32.4870605469, 84.9270706177, -28.8802318573, 160.123641968, 16.8568344116, 134.240966797, 6.14168977737, 186.279495239, 17.7220592499, 53.3955497742], [392.8125, -238.577728271, 135.087539673, 96.9385070801, 25.8744468689, 111.12726593, 25.1740875244, 93.2517929077, 9.31807231903, 75.7567138672, 17.7220592499, 129.029678345, 27.4598388672], [-326.887573242, 281.340148926, -5.21371269226, -22.9254283905, 49.4477577209, -17.254152298, 66.4528121948, 27.4230899811, 93.8315811157, 18.5175361633, 53.3955497742, 27.4598388672, 110.837265015]],
        "icov": [[0.000175714987563, -0.000122439887491, 0.000217185239308, -0.000231700367294, 5.7978490986e-07, -0.000218313056394, 0.000160661700647, -0.000248227472184, 0.000345119566191, -0.000385841209209, 0.000332906725816, -0.000415813032305, 0.000437093229266], [-0.000122439887491, 0.00176528992597, -0.000895477773156, 0.000848492200021, -0.000836086866912, 0.00168011069763, -0.00137037574314, 0.000551213510334, -0.00204607122578, 0.00178441288881, -0.0018866333412, 0.00222565699369, -0.00159731530584], [0.000217185239308, -0.000895477773156, 0.00205754931085, -0.00103400275111, -9.48801243794e-05, -0.00155558646657, 0.0011651533423, -0.00114678358659, 0.00122651515994, -0.00153276207857, 0.00117962877266, -0.00133179721888, 0.0011612031376], [-0.000231700367294, 0.000848492200021, -0.00103400275111, 0.00338674383238, -0.00104623101652, -0.000230179852224, -0.000394647242501, 0.000100885663414, -0.00164984515868, 0.0014376117615, -0.000693829264492, 0.000639656791463, -0.000210337340832], [5.7978490986e-07, -0.000836086866912, -9.48801243794e-05, -0.00104623101652, 0.00428348872811, -0.00185192422941, -0.00118870206643, 0.0015512307873, -0.00131329835858, -0.00128987699281, 0.00162691134028, -0.00032667236519, 0.000657178403344], [-0.000218313056394, 0.00168011069763, -0.00155558646657, -0.000230179852224, -0.00185192422941, 0.00677673658356, -0.00196125893854, -0.00147784373257, 0.000268476054771, -0.00098469061777, -0.00194886361714, 0.00268159783445, -0.0013949124841], [0.000160661700647, -0.00137037574314, 0.0011651533423, -0.000394647242501, -0.00118870206643, -0.00196125893854, 0.00702172005549, -0.00373769225553, 0.00216534291394, 0.00105111533776, -0.00262177176774, -0.00118904584087, 0.000414233421907], [-0.000248227472184, 0.000551213510334, -0.00114678358659, 0.000100885663414, 0.0015512307873, -0.00147784373257, -0.00373769225553, 0.0119244260713, -0.00462287897244, -0.00175047339872, 0.00247531966306, -0.00299722584896, -3.96672039642e-05], [0.000345119566191, -0.00204607122578, 0.00122651515994, -0.00164984515868, -0.00131329835858, 0.000268476054771, 0.00216534291394, -0.00462287897244, 0.0130389910191, -0.0015985025093, -0.00261835427955, -0.000960264063906, -0.00287097063847], [-0.000385841209209, 0.00178441288881, -0.00153276207857, 0.0014376117615, -0.00128987699281, -0.00098469061777, 0.00105111533776, -0.00175047339872, -0.0015985025093, 0.0128899039701, -0.00460402900353, 0.00121803476941, -0.00410108873621], [0.000332906725816, -0.0018866333412, 0.00117962877266, -0.000693829264492, 0.00162691134028, -0.00194886361714, -0.00262177176774, 0.00247531966306, -0.00261835427955, -0.00460402900353, 0.0143112540245, -0.00483173085377, 0.00290140369907], [-0.000415813032305, 0.00222565699369, -0.00133179721888, 0.000639656791463, -0.00032667236519, 0.00268159783445, -0.00118904584087, -0.00299722584896, -0.000960264063906, 0.00121803476941, -0.00483173085377, 0.0154242599383, -0.00567269651219], [0.000437093229266, -0.00159731530584, 0.0011612031376, -0.000210337340832, 0.000657178403344, -0.0013949124841, 0.000414233421907, -3.96672039642e-05, -0.00287097063847, -0.00410108873621, 0.00290140369907, -0.00567269651219, 0.0167513806373]]
    },
    "melbands": {
        "dmean": [0.00196544802748, 0.00185346091166, 0.000725100981072, 0.000170342143974, 9.98711620923e-05, 0.000138718547532, 0.000323304149788, 9.00786762941e-05, 8.38231135276e-05, 0.000102370955574, 0.000126663158881, 0.000150406704051, 7.35783323762e-05, 4.44164288638e-05, 6.39709469397e-05, 5.34349346708e-05, 6.1765575083e-05, 0.000121364886581, 4.70444392704e-05, 2.1003832444e-05, 1.6379472072e-05, 1.69950635609e-05, 1.50937530634e-05, 1.01556288428e-05, 7.18386172593e-06, 8.82389758772e-06, 5.01558224641e-06, 4.37334938397e-06, 4.76670493299e-06, 3.05344906337e-06, 3.07228515339e-06, 2.21993718696e-06, 2.17262754632e-06, 1.61043919888e-06, 1.6776089069e-06, 1.39266535371e-06, 1.33745072617e-06, 1.1998562286e-06, 9.45944975683e-07, 8.6770580765e-07],
        "dmean2": [0.00291353510693, 0.00300677679479, 0.00133435474709, 0.000307588808937, 0.000163413365954, 0.000205383563298, 0.000494283856824, 0.000140241128975, 0.000125854188809, 0.000160858166055, 0.000194944324903, 0.000236078427406, 0.000113624068035, 6.66532359901e-05, 0.000102980207885, 8.96877609193e-05, 0.000108283384179, 0.000214824030991, 8.16785977804e-05, 3.537333032e-05, 2.72579636658e-05, 2.90641000902e-05, 2.51603105426e-05, 1.65941091836e-05, 1.17761201182e-05, 1.46040883919e-05, 8.30418412079e-06, 7.15727583156e-06, 7.82687766332e-06, 4.89932199343e-06, 5.13198165208e-06, 3.64465427083e-06, 3.56028954229e-06, 2.57331066678e-06, 2.79078426502e-06, 2.25880717153e-06, 2.1700002435e-06, 1.94335825654e-06, 1.4720993704e-06, 1.38396683269e-06],
        "dvar": [1.80005845323e-05, 4.03397607442e-05, 1.15234179248e-05, 4.58034094208e-07, 4.18999199781e-08, 5.60541160155e-08, 3.79138867856e-07, 2.76421960876e-08, 5.3333177874e-08, 1.1862618976e-07, 7.33610718839e-08, 1.06711127046e-07, 9.76972884814e-08, 8.40010994096e-09, 2.59854608942e-08, 2.64220467727e-08, 4.50867574386e-08, 2.79949063042e-07, 3.94051546948e-08, 8.25540347194e-09, 9.60731827426e-10, 1.21043552959e-09, 8.1752415948e-10, 3.67268548906e-10, 1.53816445692e-10, 3.72807035243e-10, 8.33991972704e-11, 7.01804586667e-11, 9.73656294478e-11, 3.07461694993e-11, 3.62782998087e-11, 1.70692522616e-11, 1.79570334297e-11, 9.26022106218e-12, 1.07482850745e-11, 7.24568235272e-12, 8.05297842299e-12, 7.1713420792e-12, 3.932637202e-12, 4.0918301733e-12],
        "dvar2": [3.89194065065e-05, 9.93875801214e-05, 3.32823947247e-05, 1.33624064347e-06, 1.13508086486e-07, 1.19917601182e-07, 8.17187014945e-07, 6.57802132764e-08, 9.63168531598e-08, 2.81388253143e-07, 1.67421660535e-07, 2.64861455435e-07, 2.4195549031e-07, 1.68992873029e-08, 6.75248656989e-08, 7.21448643048e-08, 1.2795976545e-07, 7.96705592165e-07, 1.12083881731e-07, 2.31416823482e-08, 2.58330956626e-09, 3.30315352848e-09, 2.2380262088e-09, 1.01773189876e-09, 4.04346112148e-10, 1.01086339299e-09, 2.28421018211e-10, 1.94340973869e-10, 2.69631983407e-10, 8.22762344366e-11, 9.97225496624e-11, 4.52057870304e-11, 4.83136100571e-11, 2.345004399e-11, 2.9070310395e-11, 1.85426170946e-11, 2.03255814957e-11, 1.81159341001e-11, 9.08714683362e-12, 9.92019747598e-12],
        "max": [0.0403062328696, 0.054225910455, 0.0304450206459, 0.00637964950874, 0.00238286727108, 0.00408377824351, 0.0139166554436, 0.00390648515895, 0.00799780152738, 0.00836745835841, 0.00463899830356, 0.00614565983415, 0.0119524095207, 0.00318070920184, 0.00462157046422, 0.00450283568352, 0.0043017975986, 0.00900154747069, 0.00449944334105, 0.00335224461742, 0.000366377586033, 0.000469733786304, 0.000404444144806, 0.0003272742033, 0.000148468956468, 0.000328520342009, 0.00017938351084, 0.000124346581288, 0.000164326018421, 7.6837852248e-05, 8.30269564176e-05, 4.83666881337e-05, 9.03175605345e-05, 5.11908765475e-05, 4.77790199511e-05, 3.33912503265e-05, 4.57963797089e-05, 4.42079326604e-05, 3.65504929505e-05, 3.38027857651e-05],
        "mean": [0.00594414630905, 0.00242070178501, 0.000587609945796, 0.000181786701432, 0.000180692673894, 0.0002769077837, 0.000545241171494, 0.000160518873599, 0.00014965684386, 0.000157933434821, 0.000191086670384, 0.000219493827899, 0.000122214565636, 8.01224086899e-05, 8.64500761963e-05, 6.87752180966e-05, 6.9435183832e-05, 0.000119802563859, 5.30059478479e-05, 2.96870530292e-05, 2.48895375989e-05, 2.44932507485e-05, 2.36445739574e-05, 1.7346777895e-05, 1.2825333215e-05, 1.38546483868e-05, 9.29136695049e-06, 8.24429844215e-06, 8.61546141095e-06, 6.27146437182e-06, 5.9005355979e-06, 4.71089106213e-06, 4.6193927119e-06, 3.73322154701e-06, 3.58125316779e-06, 3.12553402182e-06, 2.94997789752e-06, 2.62284197561e-06, 2.32235197473e-06, 1.95687130145e-06],
        "median": [0.00189751619473, 0.000347060558852, 5.67455281271e-05, 5.02824841533e-05, 9.15884593269e-05, 0.000162604017532, 0.000259979162365, 7.94963852968e-05, 4.97466389788e-05, 5.07777149323e-05, 7.45481811464e-05, 7.78071262175e-05, 2.87769144052e-05, 2.31769608945e-05, 3.04932800645e-05, 2.70988330158e-05, 2.46301715379e-05, 2.90841726382e-05, 1.67758771568e-05, 1.28922802105e-05, 1.10462224256e-05, 1.01483165054e-05, 9.72256020759e-06, 7.31259888198e-06, 4.8250421969e-06, 4.0945415094e-06, 3.27334282701e-06, 2.64253321802e-06, 2.36300229517e-06, 1.8244174953e-06, 1.48030846958e-06, 1.25319172639e-06, 1.24394978229e-06, 9.49519858295e-07, 7.26873452095e-07, 5.70667396005e-07, 4.84647102894e-07, 3.71160297163e-07, 3.04731230472e-07, 2.20486782609e-07],
        "min": [5.71371322563e-24, 3.03370502827e-24, 2.40177794216e-24, 9.55044946756e-24, 4.49502291797e-24, 1.10131758684e-23, 8.92584675774e-24, 4.59499131618e-24, 6.67708357372e-24, 1.68890560192e-23, 1.08007908469e-23, 6.81720972518e-24, 7.45671559521e-24, 6.55520495829e-24, 6.70262373439e-24, 3.60675883337e-24, 6.68007887858e-24, 7.26485831217e-24, 6.88861189229e-24, 5.31966970929e-24, 8.97100194482e-24, 6.47382251744e-24, 7.38083506474e-24, 1.01452561121e-23, 1.31695216308e-23, 1.02764365809e-23, 4.37362590212e-24, 7.27819479464e-24, 1.05816350322e-23, 1.08049520882e-23, 1.1432005e-23, 8.759809681e-24, 8.87373460635e-24, 1.00423791837e-23, 7.91836567442e-24, 9.98259299346e-24, 1.07440125832e-23, 8.21373491885e-24, 1.02336179998e-23, 1.22318160834e-23],
        "var": [8.95965567906e-05, 3.88602747989e-05, 6.67425456413e-06, 2.73337718681e-07, 5.88884105923e-08, 1.31832138095e-07, 7.67970789184e-07, 5.45027418752e-08, 1.21961633681e-07, 1.66545774505e-07, 1.30763865513e-07, 1.61591444225e-07, 1.45478566083e-07, 3.69532671129e-08, 2.78709677559e-08, 2.30305943205e-08, 3.31397771447e-08, 1.80369440272e-07, 2.6587114732e-08, 6.30510488264e-09, 1.40459965881e-09, 1.49822432238e-09, 1.31091471012e-09, 6.64545196649e-10, 3.14078568708e-10, 5.61552526701e-10, 1.86123463863e-10, 1.56126306328e-10, 1.91784477188e-10, 8.46458320103e-11, 8.52879294966e-11, 4.80450158824e-11, 4.82133985513e-11, 2.97658182824e-11, 2.91255387863e-11, 2.13363163942e-11, 2.1363731964e-11, 1.84037680928e-11, 1.35726412748e-11, 1.06451245388e-11]
    },
    "mfcc": {
        "mean": [-653.340820312, 120.079025269, -13.8253164291, 9.65041351318, -0.0459003187716, 3.82272386551, -1.50862753391, 4.37996816635, 0.905722796917, 4.06551551819, 4.78338432312, 3.53405308723, 4.12387943268],
        "cov": [[9416.54882812, -3355.59863281, 471.78012085, 365.473480225, 535.465270996, 752.849365234, 505.789581299, 95.0098190308, 175.99861145, 200.93687439, -35.6845779419, 31.9377536774, -52.123626709], [-3355.59863281, 3883.04931641, -655.07824707, 55.5118713379, -333.895568848, -398.843780518, -202.337432861, 157.594970703, -16.0525875092, -12.4011669159, 181.717575073, 35.5210952759, 130.583816528], [471.78012085, -655.07824707, 1153.97253418, 254.460510254, 480.126464844, 388.626525879, 291.060974121, 118.41545105, 202.859893799, 153.296875, 74.1018295288, 149.481491089, 57.0995025635], [365.473480225, 55.5118713379, 254.460510254, 428.348327637, 240.13470459, 202.660018921, 140.025726318, 144.922576904, 129.972686768, 92.5874557495, 86.8886566162, 82.0060424805, 63.0726928711], [535.465270996, -333.895568848, 480.126464844, 240.13470459, 573.545532227, 377.103088379, 213.802505493, 98.0864105225, 171.687042236, 157.591278076, 68.8669815063, 102.8019104, 48.4341163635], [752.849365234, -398.843780518, 388.626525879, 202.660018921, 377.103088379, 466.760498047, 311.599487305, 137.13053894, 164.242980957, 166.00553894, 94.7297821045, 107.3228302, 72.5337753296], [505.789581299, -202.337432861, 291.060974121, 140.025726318, 213.802505493, 311.599487305, 375.096496582, 162.807189941, 124.052375793, 140.071777344, 96.0649642944, 92.4261169434, 77.5142669678], [95.0098190308, 157.594970703, 118.41545105, 144.922576904, 98.0864105225, 137.13053894, 162.807189941, 238.944534302, 119.516105652, 67.930015564, 104.043617249, 72.0509872437, 71.2790908813], [175.99861145, -16.0525875092, 202.859893799, 129.972686768, 171.687042236, 164.242980957, 124.052375793, 119.516105652, 197.638412476, 107.354225159, 63.1268005371, 58.132183075, 44.1750526428], [200.93687439, -12.4011669159, 153.296875, 92.5874557495, 157.591278076, 166.00553894, 140.071777344, 67.930015564, 107.354225159, 176.225463867, 64.5540771484, 57.2961349487, 54.5258674622], [-35.6845779419, 181.717575073, 74.1018295288, 86.8886566162, 68.8669815063, 94.7297821045, 96.0649642944, 104.043617249, 63.1268005371, 64.5540771484, 126.33115387, 73.0419235229, 53.203742981], [31.9377536774, 35.5210952759, 149.481491089, 82.0060424805, 102.8019104, 107.3228302, 92.4261169434, 72.0509872437, 58.132183075, 57.2961349487, 73.0419235229, 127.134902954, 66.994354248], [-52.123626709, 130.583816528, 57.0995025635, 63.0726928711, 48.4341163635, 72.5337753296, 77.5142669678, 71.2790908813, 44.1750526428, 54.5258674622, 53.203742981, 66.994354248, 105.568939209]],
