{
"lowlevel": {
    "average_loudness": 0.781480789185,
    "barkbands_crest": {
        "dmean": 2.58683109283,
        "dmean2": 4.00685453415,
        "dvar": 6.9196305275,
        "dvar2": 15.8907833099,
        "max": 26.0804080963,
        "mean": 13.6463785172,
        "median": 13.5630931854,
        "min": 2.43565797806,
        "var": 25.5183963776
    },
    "barkbands_flatness_db": {
        "dmean": 0.0212379079312,
        "dmean2": 0.0317041613162,
        "dvar": 0.000578309933189,
        "dvar2": 0.00108615623321,
        "max": 0.389641195536,
        "mean": 0.168147116899,
        "median": 0.15543179214,
        "min": 0.0254175066948,
        "var": 0.00490052299574
    },
    "barkbands_kurtosis": {
        "dmean": 2.49898314476,
        "dmean2": 3.8026599884,
        "dvar": 29.5495491028,
        "dvar2": 53.1166992188,
        "max": 85.3471832275,
        "mean": 4.06058979034,
        "median": 1.80976867676,
        "min": -1.82331669331,
        "var": 71.0469665527
    },
    "barkbands_skewness": {
        "dmean": 0.451596528292,
        "dmean2": 0.682801187038,
        "dvar": 0.364018410444,
        "dvar2": 0.665654122829,
        "max": 9.15936851501,
        "mean": 1.23789298534,
        "median": 1.04029321671,
        "min": -2.49057793617,
        "var": 1.9614328146
    },
    "barkbands_spread": {
        "dmean": 4.32570409775,
        "dmean2": 6.753013134,
        "dvar": 34.2721786499,
        "dvar2": 73.6062164307,
        "max": 78.6933364868,
        "mean": 19.4955291748,
        "median": 14.5705080032,
        "min": 2.43102264404,
        "var": 163.264602661
    },
    "dissonance": {
        "dmean": 0.0289635360241,
        "dmean2": 0.0495635308325,
        "dvar": 0.000809208722785,
        "dvar2": 0.00231182598509,
        "max": 0.499999880791,
        "mean": 0.446919769049,
        "median": 0.458988577127,
        "min": 0.224314182997,
        "var": 0.00193942291662
    },
    "dynamic_complexity": 2.90869569778,
    "erbbands_crest": {
        "dmean": 3.46154904366,
        "dmean2": 5.49973154068,
        "dvar": 10.0929727554,
        "dvar2": 25.1896457672,
        "max": 32.5754814148,
        "mean": 14.090883255,
        "median": 13.5416059494,
        "min": 2.29742741585,
        "var": 40.5072860718
    },
    "erbbands_flatness_db": {
        "dmean": 0.0176512431353,
        "dmean2": 0.0266592074186,
        "dvar": 0.000346111803083,
        "dvar2": 0.000755580200348,
        "max": 0.449656784534,
        "mean": 0.191108167171,
        "median": 0.18098911643,
        "min": 0.0426375120878,
        "var": 0.00783819705248
    },
    "erbbands_kurtosis": {
        "dmean": 1.36335718632,
        "dmean2": 2.22166991234,
        "dvar": 5.23630475998,
        "dvar2": 13.1328763962,
        "max": 58.53465271,
        "mean": 1.67220079899,
        "median": 0.647156715393,
        "min": -1.78859853745,
        "var": 12.1651239395
    },
    "erbbands_skewness": {
        "dmean": 0.386413633823,
        "dmean2": 0.602646112442,
        "dvar": 0.134030714631,
        "dvar2": 0.33079713583,
        "max": 5.17117071152,
        "mean": 0.752063632011,
        "median": 0.71428924799,
        "min": -2.78172469139,
        "var": 0.693234086037
    },
    "erbbands_spread": {
        "dmean": 5.82790231705,
        "dmean2": 8.80919361115,
        "dvar": 70.3331375122,
        "dvar2": 115.960289001,
        "max": 181.942367554,
        "mean": 29.9908561707,
        "median": 21.5627727509,
        "min": 1.5576492548,
        "var": 528.999633789
    },
    "hfc": {
        "dmean": 8.41672229767,
        "dmean2": 12.4447345734,
        "dvar": 407.922271729,
        "dvar2": 840.747802734,
        "max": 332.650878906,
        "mean": 27.9502410889,
        "median": 17.4613265991,
        "min": 1.11760478441e-16,
        "var": 949.636535645
    },
    "melbands_crest": {
        "dmean": 2.97541761398,
        "dmean2": 4.76693105698,
        "dvar": 10.4084625244,
        "dvar2": 26.7275485992,
        "max": 36.0963020325,
        "mean": 16.7546768188,
        "median": 16.3649940491,
        "min": 1.28643488884,
        "var": 42.7261123657
    },
    "melbands_flatness_db": {
        "dmean": 0.0228636413813,
        "dmean2": 0.0339044295251,
        "dvar": 0.000824989634566,
        "dvar2": 0.00147863244638,
        "max": 0.468288779259,
        "mean": 0.232333704829,
        "median": 0.218241631985,
        "min": 0.000453112501418,
        "var": 0.00626419018954
    },
    "melbands_kurtosis": {
        "dmean": 8.93074226379,
        "dmean2": 13.5418157578,
        "dvar": 1363.24401855,
        "dvar2": 2210.10253906,
        "max": 638.524597168,
        "mean": 15.7274694443,
        "median": 4.45084238052,
        "min": -1.81812810898,
        "var": 2781.07641602
    },
    "melbands_skewness": {
        "dmean": 0.695991039276,
        "dmean2": 1.07171916962,
        "dvar": 1.56081104279,
        "dvar2": 2.67946100235,
        "max": 21.5326194763,
        "mean": 2.11854457855,
        "median": 1.44409382343,
        "min": -1.97799015045,
        "var": 6.81713819504
    },
    "melbands_spread": {
        "dmean": 4.57038593292,
        "dmean2": 7.02612257004,
        "dvar": 47.6336174011,
        "dvar2": 90.3187637329,
        "max": 167.857818604,
        "mean": 19.9566249847,
        "median": 17.9635486603,
        "min": 1.16651856899,
        "var": 165.269195557
    },
    "pitch_salience": {
        "dmean": 0.0670393705368,
        "dmean2": 0.109711423516,
        "dvar": 0.00636430643499,
        "dvar2": 0.016127306968,
        "max": 0.984676122665,
        "mean": 0.459600090981,
        "median": 0.460563212633,
        "min": 0.0673282369971,
        "var": 0.0158584527671
    },
    "silence_rate_20dB": {
        "dmean": 0,
        "dmean2": 0,
        "dvar": 0,
        "dvar2": 0,
        "max": 1,
        "mean": 1,
        "median": 1,
        "min": 1,
        "var": 0
    },
    "silence_rate_30dB": {
        "dmean": 0.0379310362041,
        "dmean2": 0.0758714154363,
        "dvar": 0.0364915430546,
        "dvar2": 0.074056558311,
        "max": 1,
        "mean": 0.891885221004,
        "median": 1,
        "min": 0,
        "var": 0.0964345112443
    },
    "silence_rate_60dB": {
        "dmean": 0.00172413792461,
        "dmean2": 0.00344870053232,
        "dvar": 0.00172109925188,
        "dvar2": 0.00392921455204,
        "max": 1,
        "mean": 0.0185937695205,
        "median": 0,
        "min": 0,
        "var": 0.0182477813214
    },
    "spectral_centroid": {
        "dmean": 181.789733887,
        "dmean2": 269.072235107,
        "dvar": 57234.0820312,
        "dvar2": 107796.46875,
        "max": 11229.2802734,
        "mean": 1311.65380859,
        "median": 1121.83374023,
        "min": 238.206359863,
        "var": 425795.125
    },
    "spectral_complexity": {
        "dmean": 3.62733983994,
        "dmean2": 5.39031887054,
        "dvar": 22.2302188873,
        "dvar2": 36.96326828,
        "max": 61,
        "mean": 20.4247016907,
        "median": 15,
        "min": 0,
        "var": 160.131027222
    },
    "spectral_decrease": {
        "dmean": 3.00555269561e-09,
        "dmean2": 4.58269466819e-09,
        "dvar": 3.26709044998e-17,
        "dvar2": 6.24460945206e-17,
        "max": 8.50805432617e-29,
        "mean": -1.06897228846e-08,
        "median": -5.45911316152e-09,
        "min": -5.9913141115e-08,
        "var": 1.39280592132e-16
    },
    "spectral_energy": {
        "dmean": 0.0118050463498,
        "dmean2": 0.0179735440761,
        "dvar": 0.000478998117615,
        "dvar2": 0.000921708182432,
        "max": 0.230254352093,
        "mean": 0.0428805910051,
        "median": 0.0223722346127,
        "min": 1.07689084907e-20,
        "var": 0.00210862583481
    },
    "spectral_energyband_high": {
        "dmean": 0.00060401216615,
        "dmean2": 0.000880808162037,
        "dvar": 4.30500222137e-06,
        "dvar2": 9.24729101826e-06,
        "max": 0.0340967848897,
        "mean": 0.00151724647731,
        "median": 0.000365381914889,
        "min": 7.61765570281e-21,
        "var": 7.87974204286e-06
    },
    "spectral_energyband_low": {
        "dmean": 0.00873570796102,
        "dmean2": 0.0136241689324,
        "dvar": 0.000534110236913,
        "dvar2": 0.00109502719715,
        "max": 0.21294644475,
        "mean": 0.0247893799096,
        "median": 0.00318518048152,
        "min": 2.68941078826e-23,
        "var": 0.00172343035229
    },
    "spectral_energyband_middle_high": {
        "dmean": 0.00210616714321,
        "dmean2": 0.00329586188309,
        "dvar": 1.21583025248e-05,
        "dvar2": 2.66397164523e-05,
        "max": 0.0489839427173,
        "mean": 0.00545567180961,
        "median": 0.00387535383925,
        "min": 1.34209095132e-21,
        "var": 3.31090705004e-05
    },
    "spectral_energyband_middle_low": {
        "dmean": 0.00536969956011,
        "dmean2": 0.00900117959827,
        "dvar": 0.000124521859107,
        "dvar2": 0.000347191293258,
        "max": 0.12521263957,
        "mean": 0.0123274307698,
        "median": 0.0100878318772,
        "min": 2.88150946274e-22,
        "var": 0.000122236058814
    },
    "spectral_entropy": {
        "dmean": 0.143865153193,
        "dmean2": 0.217569082975,
        "dvar": 0.0270360261202,
        "dvar2": 0.0574402436614,
        "max": 9.81445789337,
        "mean": 7.43040895462,
        "median": 7.53681945801,
        "min": 5.0914812088,
        "var": 0.502880394459
    },
    "spectral_flux": {
        "dmean": 0.0316831208766,
        "dmean2": 0.0480712726712,
        "dvar": 0.00213037338108,
        "dvar2": 0.00344757107086,
        "max": 0.48464769125,
        "mean": 0.0866732150316,
        "median": 0.0649973973632,
        "min": 6.68747349164e-11,
        "var": 0.00603067409247
    },
    "spectral_kurtosis": {
        "dmean": 3.79160499573,
        "dmean2": 6.57597398758,
        "dvar": 59.3412094116,
        "dvar2": 179.587402344,
        "max": 136.682220459,
        "mean": 9.97807884216,
        "median": 3.61871099472,
        "min": -1.23751747608,
        "var": 225.455322266
    },
    "spectral_rms": {
        "dmean": 0.000779804890044,
        "dmean2": 0.00117615424097,
        "dvar": 1.3237611256e-06,
        "dvar2": 2.48654419011e-06,
        "max": 0.0149879418314,
        "mean": 0.00571771385148,
        "median": 0.00467189168558,
        "min": 3.24133493483e-12,
        "var": 9.14242718864e-06
    },
    "spectral_rolloff": {
        "dmean": 324.546173096,
        "dmean2": 536.338256836,
        "dvar": 439473.9375,
        "dvar2": 836087.125,
        "max": 18992.2851562,
        "mean": 1181.38012695,
        "median": 882.861328125,
        "min": 64.599609375,
        "var": 1407769.875
    },
    "spectral_skewness": {
        "dmean": 0.310944616795,
        "dmean2": 0.528709471226,
        "dvar": 0.227940440178,
        "dvar2": 0.688992023468,
        "max": 9.15532970428,
        "mean": 2.01834893227,
        "median": 1.56865620613,
        "min": -0.0455226525664,
        "var": 1.29292452335
    },
    "spectral_spread": {
        "dmean": 433140.84375,
        "dmean2": 648782.3125,
        "dvar": 460377260032,
        "dvar2": 896795082752,
        "max": 41030732,
        "mean": 4692321.5,
        "median": 5108707,
        "min": 569183.75,
        "var": 5.66891485594e+12
    },
    "spectral_strongpeak": {
        "dmean": 0.499751359224,
        "dmean2": 0.828124821186,
        "dvar": 0.630593121052,
        "dvar2": 1.58861482143,
        "max": 8.08527374268,
        "mean": 1.36090707779,
        "median": 0.9314635396,
        "min": 0,
        "var": 1.39180791378
    },
    "zerocrossingrate": {
        "dmean": 0.00805501732975,
        "dmean2": 0.00927950907499,
        "dvar": 0.000163491000421,
        "dvar2": 0.000175246648723,
        "max": 0.74365234375,
        "mean": 0.0564687252045,
        "median": 0.04541015625,
        "min": 0.005859375,
        "var": 0.00139912462328
    },
    "barkbands": {
        "dmean": [0.00030704276287, 0.00757203809917, 0.00396123668179, 0.00139744638, 0.000706761609763, 0.00059134332696, 0.000613882322796, 0.000945432693698, 0.00235191034153, 0.00118396605831, 0.000513152568601, 0.00042057048995, 0.000397850584704, 0.000244644819759, 0.000218977671466, 0.000158683906193, 0.000176663626917, 0.000132661414682, 0.000150153864524, 0.000129550084239, 0.000127873106976, 0.000126902581542, 0.000127505816636, 9.95570517262e-05, 0.000102578051155, 6.24910971965e-05, 2.01847742574e-05],
        "dmean2": [0.000365998275811, 0.0118386214599, 0.00720269884914, 0.00264556473121, 0.00128808978479, 0.00100873771589, 0.000981251709163, 0.00148570281453, 0.00372182251886, 0.00184231472667, 0.000807591713965, 0.000697030103765, 0.000634626136161, 0.000387172185583, 0.000359422352631, 0.000255998282228, 0.000279709754977, 0.000210095997318, 0.000237938511418, 0.000202287425054, 0.000193435625988, 0.000196571025299, 0.000199955655262, 0.000150785024744, 0.000151672124048, 9.35650241445e-05, 3.28319329128e-05],
        "dvar": [7.06778394033e-07, 0.000401786935981, 0.000312158314046, 4.73212094221e-05, 9.65500021266e-06, 2.70709119832e-06, 2.35565153162e-06, 4.93265815749e-06, 1.70106814039e-05, 8.61774969962e-06, 2.85645614895e-06, 1.51288259076e-06, 8.06100104001e-07, 2.63209756213e-07, 1.41699132428e-07, 7.71127304233e-08, 1.63378629736e-07, 1.20131829817e-07, 1.49719198816e-07, 8.49966212968e-08, 1.36621366664e-07, 1.61358954642e-07, 1.83221473549e-07, 9.12806683573e-08, 1.04963270076e-07, 3.08805567784e-08, 2.9364715104e-09],
        "dvar2": [1.02430703919e-06, 0.000852039491292, 0.000867165392265, 0.000138746894663, 2.84024208668e-05, 7.75115040597e-06, 5.17571697856e-06, 1.22231986097e-05, 4.01203760703e-05, 1.91118851944e-05, 7.28305758457e-06, 4.0289246499e-06, 1.9650753984e-06, 5.83180678859e-07, 3.74350094035e-07, 1.92753702777e-07, 3.44408505271e-07, 2.55845833408e-07, 3.26754502566e-07, 1.98640464077e-07, 3.120230474e-07, 3.65418941328e-07, 4.16899979427e-07, 1.8260182344e-07, 2.32046701854e-07, 6.53592024946e-08, 7.58421148106e-09],
        "max": [0.010669705458, 0.187859863043, 0.147549450397, 0.0638523623347, 0.046678610146, 0.0330848991871, 0.0311106517911, 0.0486747585237, 0.0585636049509, 0.0595027878881, 0.0426269583404, 0.0248788204044, 0.019920732826, 0.0142349004745, 0.00605125864968, 0.00570150837302, 0.00733699416742, 0.0058572255075, 0.00591744901612, 0.00442868005484, 0.00608571758494, 0.0064525869675, 0.00788094010204, 0.00530183594674, 0.00570860179141, 0.0029340821784, 0.000751629588194],
        "mean": [0.000512940750923, 0.0205660611391, 0.00300914002582, 0.00104632193688, 0.000923866173252, 0.00125324982218, 0.00129864399787, 0.00190698646475, 0.00469391327351, 0.00190768192988, 0.000938464712817, 0.0006038339925, 0.000627024681307, 0.000403939338867, 0.000409863627283, 0.000295242236461, 0.000304697896354, 0.000240647626924, 0.000281219719909, 0.000274985533906, 0.00028614961775, 0.000256002531387, 0.000246814044658, 0.00022317294497, 0.000215820080484, 0.00013116307673, 2.27451364481e-05],
        "median": [1.03177026176e-05, 0.0023052089382, 0.000306837056996, 0.000150226871483, 0.000475397100672, 0.000756183522753, 0.000420855241828, 0.000474530970678, 0.00162977073342, 0.000378653290682, 0.000212990329601, 0.000191498183995, 0.000227936092415, 0.000197169152671, 0.000233307189774, 0.000139653478982, 0.000139030715218, 8.42324297992e-05, 7.3350922321e-05, 7.25853242329e-05, 7.59882677812e-05, 5.84699373576e-05, 4.51756204711e-05, 3.77219221264e-05, 2.94638448395e-05, 2.03519030038e-05, 1.07034725261e-06],
        "min": [2.23281833298e-24, 1.13459047765e-23, 2.73240276096e-24, 2.6573357433e-24, 4.62398140224e-23, 3.07124187004e-23, 5.73622226715e-23, 1.79849021457e-23, 5.72777135805e-23, 1.56673518684e-23, 1.69279673722e-23, 4.37491024656e-23, 7.96769204241e-23, 1.21496986608e-22, 1.06820929975e-22, 7.2940641517e-23, 1.30552743769e-22, 1.04862800504e-22, 1.56832098659e-22, 3.45075679309e-22, 3.74992516009e-22, 4.77889664463e-22, 5.71011854426e-22, 8.25572295561e-22, 1.06723060736e-21, 1.40608718497e-21, 2.15853124158e-21],
        "var": [1.865033596e-06, 0.00121661659796, 0.000193341489648, 2.56167659245e-05, 5.53016570848e-06, 2.65507810582e-06, 6.39277050141e-06, 1.38952564157e-05, 4.40823714598e-05, 1.91942872334e-05, 8.47462615639e-06, 1.85972453437e-06, 1.35436505388e-06, 4.85267264594e-07, 3.21140134929e-07, 1.7060985158e-07, 2.66345011823e-07, 1.9205727142e-07, 2.50706534644e-07, 1.77806896318e-07, 2.474197629e-07, 2.47035075063e-07, 2.70039578254e-07, 1.943567014e-07, 1.92600282389e-07, 5.96138889364e-08, 3.30337734944e-09]
    },
    "erbbands": {
        "dmean": [0.262475043535, 1.8674570322, 4.25507116318, 4.99299478531, 2.67375588417, 2.46124386787, 3.72800707817, 5.02075576782, 7.49726915359, 10.8194656372, 27.0270309448, 49.4114837646, 52.4044494629, 20.107000351, 18.5804615021, 19.9591617584, 19.2219467163, 14.2417449951, 8.56591510773, 10.9030885696, 8.73313713074, 8.4105796814, 7.40027427673, 7.58661270142, 6.85786437988, 6.41892337799, 5.54476308823, 5.17613458633, 4.66614580154, 4.13364744186, 3.59669589996, 2.52898573875, 1.57877147198, 1.23806476593, 0.726103901863, 0.326413571835, 0.10883706063, 0.0270128007978, 0.00346986227669, 5.46361916349e-05],
        "dmean2": [0.337277054787, 2.74220991135, 7.21817588806, 9.3113117218, 5.02283811569, 4.35293483734, 6.52382135391, 8.50167369843, 12.0246810913, 17.1451091766, 41.7624282837, 76.603302002, 80.327331543, 31.8483085632, 29.1492443085, 32.8865470886, 30.4169692993, 22.5797195435, 13.9321527481, 17.6218833923, 14.0480852127, 13.2060832977, 11.6580591202, 12.1444597244, 10.6551418304, 10.1284236908, 8.57067298889, 7.93579149246, 7.21646118164, 6.56587839127, 5.700050354, 3.96485567093, 2.36091756821, 1.86224973202, 1.08410215378, 0.501118600368, 0.163978144526, 0.0414937920868, 0.00571490637958, 8.67405469762e-05],
        "dvar": [0.441237509251, 23.8807353973, 284.446044922, 570.265930176, 168.968978882, 97.5213851929, 162.348876953, 170.076400757, 367.809509277, 577.906188965, 3360.58666992, 8450.05957031, 13590.9570312, 3588.15551758, 3560.09350586, 3214.45507812, 1967.05859375, 855.025634766, 291.413970947, 455.44128418, 246.394424438, 423.179718018, 342.651123047, 417.668762207, 282.863708496, 225.497238159, 262.685577393, 258.499267578, 224.731536865, 102.861869812, 193.848495483, 71.2376098633, 22.7031936646, 15.7882862091, 4.56216526031, 0.748641729355, 0.095719628036, 0.0043562608771, 0.000127175240777, 2.32200019212e-08],
        "dvar2": [0.72212010622, 52.2531776428, 740.812866211, 1633.92480469, 495.117156982, 284.535675049, 473.122039795, 481.914306641, 799.323120117, 1419.34313965, 8473.84179688, 20337.5058594, 27770.1035156, 8761.02148438, 9534.15136719, 8529.81152344, 4773.04589844, 1951.08862305, 740.980407715, 1218.66027832, 591.137573242, 863.30682373, 670.848083496, 951.798156738, 611.792480469, 544.710693359, 630.582458496, 583.320007324, 490.510070801, 226.320297241, 480.702850342, 164.156234741, 47.3161621094, 34.8025817871, 9.20063781738, 1.65290904045, 0.208986759186, 0.00975219812244, 0.000340609287377, 5.93475100175e-08],
        "max": [8.34219646454, 45.8369903564, 143.317886353, 214.26260376, 116.549972534, 156.225570679, 260.334960938, 251.10609436, 489.98135376, 492.864654541, 1336.37817383, 1213.98681641, 2283.80517578, 1524.9876709, 1373.55810547, 1253.03417969, 1005.46734619, 709.324890137, 362.684112549, 400.296325684, 243.131118774, 349.92565918, 320.117858887, 355.68862915, 271.243469238, 231.42427063, 262.106933594, 257.73550415, 258.617218018, 149.272689819, 259.910583496, 143.284759521, 86.9016418457, 72.7469406128, 35.1115646362, 15.5394515991, 5.29027557373, 1.08086180687, 0.155844777822, 0.00220486614853],
        "mean": [0.627802312374, 4.38912773132, 4.45156621933, 3.93683290482, 2.29433465004, 3.60381269455, 6.09627771378, 10.700006485, 16.108537674, 23.8010101318, 59.7947158813, 105.357574463, 96.7607727051, 37.0292243958, 35.2904586792, 30.6757602692, 31.6887378693, 24.0155162811, 17.2990036011, 21.1132087708, 17.6289196014, 15.7506904602, 14.139125824, 14.0301036835, 13.794128418, 13.3016653061, 11.9897975922, 10.7753391266, 9.45792484283, 8.01631259918, 6.72576761246, 5.18525838852, 3.47835564613, 2.56542825699, 1.44352817535, 0.653702795506, 0.228182002902, 0.0472564287484, 0.00381957506761, 0.000113375223009],
        "median": [0.0530997924507, 0.540842354298, 0.624840974808, 0.623802006245, 0.639035642147, 1.73786795139, 3.59681272507, 6.01099205017, 7.14707040787, 8.41598510742, 21.2089805603, 40.4755744934, 27.7242355347, 12.714184761, 11.1049556732, 12.119559288, 12.5398635864, 12.4154596329, 9.12423038483, 11.5625944138, 8.2339220047, 6.69652795792, 5.70722913742, 4.88785123825, 3.30965971947, 3.48754620552, 3.05221748352, 2.73897361755, 2.18501520157, 1.55980014801, 1.28432703018, 0.908901751041, 0.545371592045, 0.341239929199, 0.196122765541, 0.108492001891, 0.0340261757374, 0.00653052981943, 0.000291341042612, 3.51274575223e-05],
        "min": [4.25273727558e-22, 1.86633191163e-21, 4.6394189684e-21, 1.31680521533e-20, 8.78288095947e-21, 1.4119110979e-19, 1.69884842017e-19, 2.77167466203e-19, 5.77418182881e-19, 7.25663941299e-19, 7.57651946165e-19, 1.07579874125e-18, 9.90274262966e-19, 1.41252235852e-18, 1.24857898682e-18, 2.12142875798e-18, 4.24056746644e-18, 4.78943530369e-18, 7.47790050748e-18, 3.98285314275e-18, 3.85495489002e-18, 7.779738713e-18, 6.36495298153e-18, 7.84197743665e-18, 7.77614378606e-18, 1.53955864769e-17, 1.48894578211e-17, 1.63434047643e-17, 1.66065722762e-17, 1.87066845898e-17, 1.63527452878e-17, 1.51232604212e-17, 1.23030915203e-17, 9.55528934247e-18, 8.17830990089e-18, 4.97129592444e-18, 2.83402748491e-18, 1.11992003813e-18, 2.90462145653e-19, 2.60720446676e-20],
        "var": [1.53386878967, 56.9511375427, 222.689025879, 327.503295898, 93.8898620605, 61.6726989746, 106.636322021, 193.458648682, 917.210083008, 1982.42150879, 9898.3671875, 23697.0507812, 31875.765625, 8886.87011719, 9275.37207031, 4096.42138672, 3314.57617188, 1525.60388184, 704.39050293, 968.408935547, 598.206359863, 726.763183594, 606.884521484, 619.845947266, 532.197753906, 420.827697754, 442.837646484, 418.076751709, 357.744415283, 191.844589233, 235.106887817, 116.656112671, 47.4770011902, 28.7070522308, 8.75458049774, 1.47048652172, 0.176858022809, 0.00795187056065, 0.000118274168926, 3.06297707198e-08]
    },
    "gfcc": {
        "mean": [-10.5322217941, 90.691619873, -118.951660156, 10.3589391708, -54.9148292542, 15.641541481, -21.295337677, 19.3764915466, -12.2504940033, 9.62955856323, -13.638967514, 2.02297449112, -7.8097281456],
        "cov": [[15028.9326172, -3931.98120117, 2625.81176758, 1891.50830078, -296.85836792, 1353.87646484, -326.173065186, 910.989746094, -285.679199219, 636.559509277, -569.994445801, 484.199310303, -378.525024414], [-3931.98120117, 4560.15771484, -813.305725098, -887.739379883, 628.588195801, -576.682556152, 414.825805664, -497.702178955, 264.11151123, -428.235687256, 392.670349121, -349.686950684, 237.073944092], [2625.81176758, -813.305725098, 1347.73486328, 635.842102051, 115.39553833, 485.034210205, -25.9187889099, 274.74029541, -40.1158714294, 207.768539429, -104.429931641, 145.276412964, -108.236602783], [1891.50830078, -887.739379883, 635.842102051, 796.323913574, 75.5688934326, 314.488922119, 44.4952316284, 244.771011353, 25.96068573, 177.927062988, -99.9562225342, 68.7169876099, -57.7757339478], [-296.85836792, 628.588195801, 115.39553833, 75.5688934326, 408.749725342, 71.5962524414, 194.365737915, 58.5883216858, 118.72693634, -21.4762458801, 61.9166030884, -52.6766166687, 21.6257610321], [1353.87646484, -576.682556152, 485.034210205, 314.488922119, 71.5962524414, 348.981018066, 51.120059967, 183.06477356, -13.2393894196, 103.831504822, -63.760219574, 75.2153244019, -41.9263725281], [-326.173065186, 414.825805664, -25.9187889099, 44.4952316284, 194.365737915, 51.120059967, 226.729141235, 59.0024909973, 95.0883483887, -23.959941864, 38.0070800781, -41.1789398193, 42.6652069092], [910.989746094, -497.702178955, 274.74029541, 244.771011353, 58.5883216858, 183.06477356, 59.0024909973, 248.530502319, 50.8061637878, 112.70098877, -53.7721633911, 41.8369140625, -37.6520996094], [-285.679199219, 264.11151123, -40.1158714294, 25.96068573, 118.72693634, -13.2393894196, 95.0883483887, 50.8061637878, 143.125457764, 38.5875701904, 43.0737991333, -41.8465690613, 4.3063325882], [636.559509277, -428.235687256, 207.768539429, 177.927062988, -21.4762458801, 103.831504822, -23.959941864, 112.70098877, 38.5875701904, 179.701721191, 16.7741928101, 52.6753997803, -48.1997184753], [-569.994445801, 392.670349121, -104.429931641, -99.9562225342, 61.9166030884, -63.760219574, 38.0070800781, -53.7721633911, 43.0737991333, 16.7741928101, 149.267623901, 29.4296913147, 33.3648414612], [484.199310303, -349.686950684, 145.276412964, 68.7169876099, -52.6766166687, 75.2153244019, -41.1789398193, 41.8369140625, -41.8465690613, 52.6753997803, 29.4296913147, 140.383178711, 30.3995018005], [-378.525024414, 237.073944092, -108.236602783, -57.7757339478, 21.6257610321, -41.9263725281, 42.6652069092, -37.6520996094, 4.3063325882, -48.1997184753, 33.3648414612, 30.3995018005, 110.245346069]],
        "icov": [[0.000154496447067, -9.67414525803e-05, -1.55304041982e-05, -0.000175720037078, 0.000106962354039, -0.000270566757536, 0.000168649479747, -0.000169820210431, 9.57314259722e-05, -0.000127257197164, 0.000461643998278, -0.00047551796888, 0.000316045799991], [-9.67414525803e-05, 0.00108758441638, -0.000601767736953, 0.000639312609565, -0.000660368998069, 0.000791684200522, -0.000712012697477, 0.000799448462203, -0.000513856997713, 0.0010755576659, -0.00227736495435, 0.00246784207411, -0.00144844071474], [-1.55304041982e-05, -0.000601767736953, 0.00238309800625, -0.000981223885901, -0.000619331432972, -0.00207287305966, 0.00130768958479, -0.000178054586286, 0.000497003493365, -0.000911358511075, 0.00156827981118, -0.00229567242786, 0.00157299358398], [-0.000175720037078, 0.000639312609565, -0.000981223885901, 0.00316168740392, -0.000663679325953, 0.000295492151054, -0.00121667876374, 0.000346782064298, -0.000409111875342, -0.0011936245719, 0.000206872966373, 0.0013851710828, -0.00140311871655], [0.000106962354039, -0.000660368998069, -0.000619331432972, -0.000663679325953, 0.00623559532687, -0.00158800149802, -0.00174593017437, -0.00132277212106, -0.00209975079633, 0.00225502625108, -0.00198884983547, 0.000824246439151, 0.000670838693622], [-0.000270566757536, 0.000791684200522, -0.00207287305966, 0.000295492151054, -0.00158800149802, 0.0105044525117, -0.00476666539907, -0.000989599735476, 0.00279062287882, -0.00145507848356, 0.0011369951535, -0.00141235382762, 0.000601572624873], [0.000168649479747, -0.000712012697477, 0.00130768958479, -0.00121667876374, -0.00174593017437, -0.00476666539907, 0.0134645896032, -0.00413732184097, -0.00326082622632, 0.0033772313036, -0.00283379782923, 0.0031331339851, -0.00374011136591], [-0.000169820210431, 0.000799448462203, -0.000178054586286, 0.000346782064298, -0.00132277212106, -0.000989599735476, -0.00413732184097, 0.012686746195, -0.0042880307883, -0.00384659459814, 0.00516357831657, -0.00359753053635, 0.00143692211714], [9.57314259722e-05, -0.000513856997713, 0.000497003493365, -0.000409111875342, -0.00209975079633, 0.00279062287882, -0.00326082622632, -0.0042880307883, 0.0177791994065, -0.00670465780422, -0.00184204243124, 0.0046106739901, -0.00136180396657], [-0.000127257197164, 0.0010755576659, -0.000911358511075, -0.0011936245719, 0.00225502625108, -0.00145507848356, 0.0033772313036, -0.00384659459814, -0.00670465780422, 0.0173664111644, -0.00937942508608, 0.00133138766978, 0.00243947748095], [0.000461643998278, -0.00227736495435, 0.00156827981118, 0.000206872966373, -0.00198884983547, 0.0011369951535, -0.00283379782923, 0.00516357831657, -0.00184204243124, -0.00937942508608, 0.0231183003634, -0.0156990215182, 0.00511677470058], [-0.00047551796888, 0.00246784207411, -0.00229567242786, 0.0013851710828, 0.000824246439151, -0.00141235382762, 0.0031331339851, -0.00359753053635, 0.0046106739901, 0.00133138766978, -0.0156990215182, 0.0268313232809, -0.013852913864], [0.000316045799991, -0.00144844071474, 0.00157299358398, -0.00140311871655, 0.000670838693622, 0.000601572624873, -0.00374011136591, 0.00143692211714, -0.00136180396657, 0.00243947748095, 0.00511677470058, -0.013852913864, 0.019506001845]]
    },
    "melbands": {
        "dmean": [0.00209352816455, 0.00209030299447, 0.000791832339019, 0.000165395496879, 0.000124272308312, 0.000113851849164, 0.000119123316836, 0.000130118656671, 0.000255727209151, 0.000325980479829, 0.000258692889474, 8.16389438114e-05, 7.26115613361e-05, 5.155780309e-05, 4.61896743218e-05, 3.51100679836e-05, 2.67550876742e-05, 1.35195905386e-05, 1.426239578e-05, 1.28799310914e-05, 1.11342806122e-05, 9.24218238652e-06, 8.67532435223e-06, 7.32588432584e-06, 6.55627945889e-06, 5.64654010304e-06, 4.81250208395e-06, 4.48555874755e-06, 3.7822444483e-06, 3.25353539665e-06, 3.47302739101e-06, 3.04624632008e-06, 2.40356280301e-06, 2.38717984757e-06, 2.06347726817e-06, 2.07441780731e-06, 1.50158405177e-06, 1.19067078685e-06, 1.09122356662e-06, 1.10012479126e-06],
        "dmean2": [0.00313824787736, 0.00319757522084, 0.0014666300267, 0.000302659609588, 0.00021814169304, 0.000193272673641, 0.000190043327166, 0.000202329349122, 0.000390210363548, 0.000507295771968, 0.000396505638491, 0.000129887863295, 0.000113492271339, 8.58711573528e-05, 7.45826837374e-05, 5.58968022233e-05, 4.25196813012e-05, 2.19855246542e-05, 2.32181337196e-05, 2.08332694456e-05, 1.8124397684e-05, 1.4490866306e-05, 1.39736102938e-05, 1.17446015793e-05, 1.06374282041e-05, 8.84867677087e-06, 7.62661011322e-06, 7.17478587831e-06, 5.94130733589e-06, 4.97705013913e-06, 5.48147136215e-06, 4.77085495731e-06, 3.8441066863e-06, 3.80850815418e-06, 3.31377873408e-06, 3.3432922919e-06, 2.3855282052e-06, 1.82718326869e-06, 1.66620236541e-06, 1.67829682596e-06],
        "dvar": [2.93125085591e-05, 4.33772765973e-05, 1.39044832395e-05, 5.69287010421e-07, 1.97556616399e-07, 8.7305004115e-08, 9.2054207812e-08, 6.86484398216e-08, 2.34675837874e-07, 3.42833089917e-07, 3.3784854736e-07, 6.66375683522e-08, 5.64613138465e-08, 2.31316352739e-08, 8.93432705595e-09, 5.22217735721e-09, 3.44199069247e-09, 7.06776692727e-10, 5.80522518945e-10, 5.66313829164e-10, 4.00160904412e-10, 5.14175868549e-10, 4.29686342063e-10, 3.88419657549e-10, 2.99357816314e-10, 2.02505012759e-10, 9.07038888442e-11, 1.15678709667e-10, 1.22563334481e-10, 7.27942359169e-11, 1.17309842396e-10, 9.87662382435e-11, 3.96115223955e-11, 3.20999615777e-11, 5.2442803572e-11, 6.52971010595e-11, 2.23513239167e-11, 1.12130756069e-11, 1.11517253765e-11, 1.23030960419e-11],
        "dvar2": [5.48947537027e-05, 9.92606510408e-05, 3.95275383198e-05, 1.66890390574e-06, 5.76722641199e-07, 2.48225831001e-07, 1.97905606569e-07, 1.63659223062e-07, 5.78457616029e-07, 8.14352517864e-07, 6.90313356699e-07, 1.62552495908e-07, 1.44645753153e-07, 6.29553724707e-08, 2.27011387466e-08, 1.26028867342e-08, 7.73115527153e-09, 1.75413339409e-09, 1.50015877498e-09, 1.44130041235e-09, 9.40443167785e-10, 1.10559650324e-09, 9.00455543462e-10, 8.98081664591e-10, 7.11127934316e-10, 4.45240233571e-10, 2.11530584715e-10, 2.85005935519e-10, 3.01960539906e-10, 1.5665789499e-10, 2.81751677544e-10, 2.21810833589e-10, 9.08931055421e-11, 7.12694070426e-11, 1.30095323403e-10, 1.61004432009e-10, 5.13795568591e-11, 2.43761573426e-11, 2.41415984426e-11, 2.7534965627e-11],
        "max": [0.0620803683996, 0.0597439929843, 0.0332688204944, 0.00955533143133, 0.00883739441633, 0.00571520300582, 0.00732116075233, 0.00486720819026, 0.0101037295535, 0.00699327234179, 0.0113256527111, 0.00671065878123, 0.00627842312679, 0.00302687031217, 0.00183521769941, 0.00128835299984, 0.00162912067026, 0.000528940057848, 0.000388480519177, 0.000521541631315, 0.000294107972877, 0.000419869233156, 0.000325663888361, 0.000346097862348, 0.000302208296489, 0.000241816029302, 0.000136597838718, 0.000164478755323, 0.000182626841706, 0.00015377732052, 0.000174575616256, 0.000177361216629, 0.000120674587379, 9.74690119619e-05, 0.000134522517328, 0.000142943434184, 8.46632901812e-05, 5.78584949835e-05, 6.24153981335e-05, 6.40957659925e-05],
        "mean": [0.00579236168414, 0.0036571782548, 0.000633551855572, 0.000188368707313, 0.000208735757042, 0.000245203642407, 0.000257261941442, 0.000263425783487, 0.000554923608433, 0.00066104659345, 0.000466123310616, 0.000137894792715, 0.000136591232149, 7.34119021217e-05, 7.43343189242e-05, 5.70062729821e-05, 4.2802268581e-05, 2.53595917457e-05, 2.73676741926e-05, 2.39456239797e-05, 2.05376109079e-05, 1.64331413544e-05, 1.40470037877e-05, 1.25734595713e-05, 1.11057479444e-05, 1.03977754407e-05, 9.51290076046e-06, 8.52752691571e-06, 7.49844775783e-06, 6.57291730022e-06, 6.37086259303e-06, 5.5583655012e-06, 4.63868673251e-06, 4.35134506915e-06, 3.79587049792e-06, 3.63541062143e-06, 2.99235080092e-06, 2.42244254878e-06, 2.29100851357e-06, 2.11810743167e-06],
        "median": [0.000579336192459, 0.000505594071001, 0.000104751336039, 8.33122248878e-05, 0.000130329804961, 0.00013569596922, 0.000110451503133, 9.25487256609e-05, 0.000173353255377, 0.000236094361753, 0.000100100456621, 3.96499854105e-05, 3.15850811603e-05, 2.43033409788e-05, 3.25491018884e-05, 2.46922099905e-05, 1.99635542231e-05, 1.22149749586e-05, 1.62038031704e-05, 1.26415152408e-05, 8.77753973327e-06, 6.2168282966e-06, 4.67989730168e-06, 4.44095485364e-06, 3.45706234839e-06, 2.32371894526e-06, 2.44159809881e-06, 2.06961226468e-06, 1.6349414409e-06, 1.78797301942e-06, 1.42625447097e-06, 1.19831361189e-06, 9.83406607702e-07, 7.82751897077e-07, 7.27177734916e-07, 5.77554828851e-07, 5.4812670669e-07, 3.75984143375e-07, 3.18415231959e-07, 2.73325611033e-07],
        "min": [3.18258359147e-24, 2.48068276813e-24, 1.88893788996e-24, 4.2970038424e-24, 5.52435820938e-24, 6.59765474689e-24, 1.07727894402e-23, 8.18508743508e-24, 5.4561193745e-24, 6.6576665514e-24, 4.50844420298e-24, 5.86936455413e-24, 2.36048738466e-24, 5.19453152061e-24, 6.59092103021e-24, 8.92547520426e-24, 8.58028229391e-24, 1.27149492116e-23, 6.36621242363e-24, 5.32872031046e-24, 4.307104023e-24, 7.2565886833e-24, 7.06324439746e-24, 4.98320948916e-24, 6.30647750931e-24, 4.06792257983e-24, 7.93121464084e-24, 9.04611175819e-24, 9.7722148341e-24, 8.14131748775e-24, 9.68051448703e-24, 9.70258208199e-24, 8.39675380431e-24, 1.10363565461e-23, 8.66314108795e-24, 8.92262268322e-24, 8.63688385272e-24, 8.86836167472e-24, 7.9279929329e-24, 8.03528196032e-24],
        "var": [0.000103212943941, 6.07211513852e-05, 8.16791452962e-06, 3.22716516621e-07, 1.26522309074e-07, 1.0038076681e-07, 2.2981504344e-07, 2.01699322133e-07, 6.79913171098e-07, 8.81194523572e-07, 8.00456973593e-07, 1.62110637802e-07, 1.76365730908e-07, 2.72740532381e-08, 1.39295286417e-08, 8.51190584683e-09, 6.04805538984e-09, 1.67618374736e-09, 1.31684829707e-09, 1.21533560993e-09, 9.3137342283e-10, 8.61844429156e-10, 6.77033262786e-10, 5.49508272218e-10, 4.17421736065e-10, 3.44126949159e-10, 2.06238623401e-10, 1.93099564116e-10, 1.90637783337e-10, 1.35389463529e-10, 1.64430580263e-10, 1.41898409689e-10, 6.80260708874e-11, 5.84051279562e-11, 6.73118644157e-11, 7.89967327663e-11, 3.76629248622e-11, 2.21979743614e-11, 2.23895797735e-11, 2.07979779232e-11]
    },
    "mfcc": {
        "mean": [-654.967163086, 129.12399292, -3.9507689476, 7.17309236526, -5.07360982895, 1.62621700764, 2.41290378571, 7.01337480545, 9.17852210999, 10.2992506027, 7.30005884171, 4.90078449249, 0.522201299667],
        "cov": [[10159.0771484, -3569.84033203, 1455.98303223, 843.143859863, 380.766815186, 427.236999512, 140.132659912, 312.247436523, 344.485046387, 409.38458252, 179.59236145, 76.67212677, 175.920394897], [-3569.84033203, 4059.29638672, -860.080810547, -345.671936035, -69.7628173828, -177.995391846, 44.3946990967, -79.9958114624, -116.289733887, -150.266418457, 19.4739780426, 74.1182632446, -58.812664032], [1455.98303223, -860.080810547, 921.714782715, 300.724060059, 253.150802612, 219.188766479, 99.8144836426, 107.60559845, 85.5891189575, 95.7573623657, 33.7210502625, 29.1684036255, 72.0623016357], [843.143859863, -345.671936035, 300.724060059, 439.138702393, 167.729827881, 155.653457642, 96.5657806396, 88.6989135742, 125.255256653, 133.741271973, 80.8509063721, 32.7282180786, 29.370475769], [380.766815186, -69.7628173828, 253.150802612, 167.729827881, 283.198608398, 127.256202698, 110.109794617, 89.0584411621, 83.0335235596, 80.8977203369, 67.6448822021, 43.4697990417, 36.9934616089], [427.236999512, -177.995391846, 219.188766479, 155.653457642, 127.256202698, 183.289245605, 105.230461121, 82.9118041992, 77.7944259644, 67.6192474365, 46.7523765564, 25.2440090179, 22.9646854401], [140.132659912, 44.3946990967, 99.8144836426, 96.5657806396, 110.109794617, 105.230461121, 155.711227417, 102.87538147, 74.1118545532, 51.1931381226, 44.3637199402, 21.4895420074, 8.64302062988], [312.247436523, -79.9958114624, 107.60559845, 88.6989135742, 89.0584411621, 82.9118041992, 102.87538147, 154.939697266, 103.508537292, 58.6295013428, 33.5247993469, 10.5694599152, -2.71909618378], [344.485046387, -116.289733887, 85.5891189575, 125.255256653, 83.0335235596, 77.7944259644, 74.1118545532, 103.508537292, 153.732009888, 107.574806213, 53.0892753601, 8.32493972778, -10.9413948059], [409.38458252, -150.266418457, 95.7573623657, 133.741271973, 80.8977203369, 67.6192474365, 51.1931381226, 58.6295013428, 107.574806213, 152.916183472, 96.6597366333, 25.6982917786, -8.37181377411], [179.59236145, 19.4739780426, 33.7210502625, 80.8509063721, 67.6448822021, 46.7523765564, 44.3637199402, 33.5247993469, 53.0892753601, 96.6597366333, 149.690750122, 76.3803024292, -2.42175793648], [76.67212677, 74.1182632446, 29.1684036255, 32.7282180786, 43.4697990417, 25.2440090179, 21.4895420074, 10.5694599152, 8.32493972778, 25.6982917786, 76.3803024292, 124.211975098, 64.9293365479], [175.920394897, -58.812664032, 72.0623016357, 29.370475769, 36.9934616089, 22.9646854401, 8.64302062988, -2.71909618378, -10.9413948059, -8.37181377411, -2.42175793648, 64.9293365479, 127.359657288]],
