{
"lowlevel": {
    "average_loudness": 0.928399503231,
    "barkbands_crest": {
        "dmean": 2.30374789238,
        "dmean2": 3.34662270546,
        "dvar": 5.56098508835,
        "dvar2": 11.1026468277,
        "max": 26.7023429871,
        "mean": 12.8617076874,
        "median": 11.8652677536,
        "min": 1.8176766634,
        "var": 32.8034820557
    },
    "barkbands_flatness_db": {
        "dmean": 0.021753327921,
        "dmean2": 0.0310148131102,
        "dvar": 0.000617879733909,
        "dvar2": 0.00108115107287,
        "max": 0.664671301842,
        "mean": 0.200115218759,
        "median": 0.133519455791,
        "min": 0.0181608889252,
        "var": 0.0231910645962
    },
    "barkbands_kurtosis": {
        "dmean": 3.5437245369,
        "dmean2": 5.05003499985,
        "dvar": 48.1550064087,
        "dvar2": 81.4714431763,
        "max": 144.232437134,
        "mean": 7.46101856232,
        "median": 2.22134780884,
        "min": -1.91574215889,
        "var": 186.559020996
    },
    "barkbands_skewness": {
        "dmean": 0.512793958187,
        "dmean2": 0.719828426838,
        "dvar": 0.404474765062,
        "dvar2": 0.634834229946,
        "max": 10.7066793442,
        "mean": 1.55683755875,
        "median": 1.34947752953,
        "min": -9.40672111511,
        "var": 3.83181595802
    },
    "barkbands_spread": {
        "dmean": 5.34965467453,
        "dmean2": 8.15587043762,
        "dvar": 63.9266777039,
        "dvar2": 140.430252075,
        "max": 101.634391785,
        "mean": 21.5321235657,
        "median": 18.8719100952,
        "min": 0.10796456784,
        "var": 309.0675354
    },
    "dissonance": {
        "dmean": 0.0244303289801,
        "dmean2": 0.0419434793293,
        "dvar": 0.00127882231027,
        "dvar2": 0.00352311786264,
        "max": 0.500000059605,
        "mean": 0.441568911076,
        "median": 0.472429066896,
        "min": 0.0668782070279,
        "var": 0.00621089013293
    },
    "dynamic_complexity": 1.98763179779,
    "erbbands_crest": {
        "dmean": 2.07249069214,
        "dmean2": 3.26390743256,
        "dvar": 4.53905630112,
        "dvar2": 9.88316440582,
        "max": 32.4469451904,
        "mean": 9.31864070892,
        "median": 7.30072975159,
        "min": 2.13030028343,
        "var": 34.3156356812
    },
    "erbbands_flatness_db": {
        "dmean": 0.0139373280108,
        "dmean2": 0.0198243092746,
        "dvar": 0.000303096690914,
        "dvar2": 0.00048525899183,
        "max": 0.601638257504,
        "mean": 0.193258374929,
        "median": 0.127872109413,
        "min": 0.0416988953948,
        "var": 0.0205806363374
    },
    "erbbands_kurtosis": {
        "dmean": 1.08219480515,
        "dmean2": 1.68946945667,
        "dvar": 7.44109392166,
        "dvar2": 15.4179105759,
        "max": 75.547996521,
        "mean": 1.77571856976,
        "median": -0.0683398246765,
        "min": -1.8839455843,
        "var": 46.7356109619
    },
    "erbbands_skewness": {
        "dmean": 0.293530523777,
        "dmean2": 0.445079356432,
        "dvar": 0.101202398539,
        "dvar2": 0.218443498015,
        "max": 4.44550848007,
        "mean": 0.427897304296,
        "median": 0.457216024399,
        "min": -2.85982942581,
        "var": 0.631065666676
    },
    "erbbands_spread": {
        "dmean": 6.7691988945,
        "dmean2": 9.99013614655,
        "dvar": 75.5008468628,
        "dvar2": 154.033355713,
        "max": 143.242095947,
        "mean": 38.430229187,
        "median": 39.7817840576,
        "min": 0.288737684488,
        "var": 579.292663574
    },
    "hfc": {
        "dmean": 8.37016105652,
        "dmean2": 13.2759828568,
        "dvar": 160.185241699,
        "dvar2": 402.842529297,
        "max": 175.220993042,
        "mean": 28.5580787659,
        "median": 23.6042995453,
        "min": 1.19351164198e-16,
        "var": 404.027313232
    },
    "melbands_crest": {
        "dmean": 2.74712252617,
        "dmean2": 4.07609176636,
        "dvar": 8.15480995178,
        "dvar2": 18.3360404968,
        "max": 38.0323448181,
        "mean": 18.0382785797,
        "median": 16.5805873871,
        "min": 1.94427275658,
        "var": 60.3128585815
    },
    "melbands_flatness_db": {
        "dmean": 0.0245925355703,
        "dmean2": 0.0350398048759,
        "dvar": 0.000853193632793,
        "dvar2": 0.00150737981312,
        "max": 0.803726792336,
        "mean": 0.281652241945,
        "median": 0.207451060414,
        "min": 0.00397604517639,
        "var": 0.0320359691978
    },
    "melbands_kurtosis": {
        "dmean": 7.09678554535,
        "dmean2": 10.0836963654,
        "dvar": 168.699172974,
        "dvar2": 291.27923584,
        "max": 198.980072021,
        "mean": 18.201921463,
        "median": 9.12219238281,
        "min": -1.63840043545,
        "var": 646.822692871
    },
    "melbands_skewness": {
        "dmean": 0.644260644913,
        "dmean2": 0.893978118896,
        "dvar": 0.599792182446,
        "dvar2": 0.949954152107,
        "max": 11.6401481628,
        "mean": 2.70432710648,
        "median": 2.4118309021,
        "min": -3.48069739342,
        "var": 5.6799492836
    },
    "melbands_spread": {
        "dmean": 4.95034742355,
        "dmean2": 7.37964057922,
        "dvar": 56.1939964294,
        "dvar2": 125.942428589,
        "max": 210.304626465,
        "mean": 18.6081466675,
        "median": 14.8017854691,
        "min": 0.338857084513,
        "var": 264.077789307
    },
    "pitch_salience": {
        "dmean": 0.0668946132064,
        "dmean2": 0.104651853442,
        "dvar": 0.00606839498505,
        "dvar2": 0.0135084660724,
        "max": 0.86443990469,
        "mean": 0.478385150433,
        "median": 0.494766324759,
        "min": 0.0850182846189,
        "var": 0.0258987192065
    },
    "silence_rate_20dB": {
        "dmean": 0,
        "dmean2": 0,
        "dvar": 0,
        "dvar2": 0,
        "max": 1,
        "mean": 1,
        "median": 1,
        "min": 1,
        "var": 0
    },
    "silence_rate_30dB": {
        "dmean": 0.0352784134448,
        "dmean2": 0.0705635547638,
        "dvar": 0.0340379886329,
        "dvar2": 0.0831412598491,
        "max": 1,
        "mean": 0.958623290062,
        "median": 1,
        "min": 0,
        "var": 0.0396617092192
    },
    "silence_rate_60dB": {
        "dmean": 0.000190694132471,
        "dmean2": 0.000381424615625,
        "dvar": 0.000190657781786,
        "dvar2": 0.00038125453284,
        "max": 1,
        "mean": 0.0144913718104,
        "median": 0,
        "min": 0,
        "var": 0.0142814042047
    },
    "spectral_centroid": {
        "dmean": 189.571792603,
        "dmean2": 282.626831055,
        "dvar": 64495.4335938,
        "dvar2": 132253.828125,
        "max": 10716.2597656,
        "mean": 1145.11621094,
        "median": 1111.20996094,
        "min": 161.921569824,
        "var": 417877.03125
    },
    "spectral_complexity": {
        "dmean": 3.7036614418,
        "dmean2": 5.62086391449,
        "dvar": 16.9443187714,
        "dvar2": 33.1606864929,
        "max": 60,
        "mean": 20.3161411285,
        "median": 19,
        "min": 0,
        "var": 118.96749115
    },
    "spectral_decrease": {
        "dmean": 2.84808510109e-09,
        "dmean2": 4.4964827417e-09,
        "dvar": 1.16742448304e-17,
        "dvar2": 2.70766472755e-17,
        "max": -4.00819905757e-29,
        "mean": -1.1954557344e-08,
        "median": -9.9936174891e-09,
        "min": -5.74019551891e-08,
        "var": 4.88107004107e-17
    },
    "spectral_energy": {
        "dmean": 0.011006526649,
        "dmean2": 0.0174786951393,
        "dvar": 0.00016788674111,
        "dvar2": 0.000390226661693,
        "max": 0.219398602843,
        "mean": 0.0477094762027,
        "median": 0.0404078364372,
        "min": 1.09767739703e-20,
        "var": 0.00068664381979
    },
    "spectral_energyband_high": {
        "dmean": 0.000676201714668,
        "dmean2": 0.00110155227594,
        "dvar": 1.76936589469e-06,
        "dvar2": 4.50910238214e-06,
        "max": 0.024361917749,
        "mean": 0.00157892354764,
        "median": 0.000810164259747,
        "min": 7.95976839532e-21,
        "var": 4.57378155261e-06
    },
    "spectral_energyband_low": {
        "dmean": 0.00807929225266,
        "dmean2": 0.012775705196,
        "dvar": 0.000189263591892,
        "dvar2": 0.000428941828432,
        "max": 0.208748921752,
        "mean": 0.0243045948446,
        "median": 0.0155790895224,
        "min": 6.19034740218e-23,
        "var": 0.000784409465268
    },
    "spectral_energyband_middle_high": {
        "dmean": 0.00155853061005,
        "dmean2": 0.00228350213729,
        "dvar": 4.82988616568e-06,
        "dvar2": 9.78150092124e-06,
        "max": 0.0397579036653,
        "mean": 0.00513771362603,
        "median": 0.00383273768239,
        "min": 1.76144900464e-21,
        "var": 2.27495929721e-05
    },
    "spectral_energyband_middle_low": {
        "dmean": 0.00582042615861,
        "dmean2": 0.00911220628768,
        "dvar": 7.43112759665e-05,
        "dvar2": 0.000175668610609,
        "max": 0.156279861927,
        "mean": 0.0193195790052,
        "median": 0.0139081086963,
        "min": 3.04050923757e-22,
        "var": 0.00035995055805
    },
    "spectral_entropy": {
        "dmean": 0.138012319803,
        "dmean2": 0.210341051221,
        "dvar": 0.0292480178177,
        "dvar2": 0.059465225786,
        "max": 9.79342365265,
        "mean": 7.2553486824,
        "median": 7.84919309616,
        "min": 3.04766917229,
        "var": 1.71040773392
    },
    "spectral_flux": {
        "dmean": 0.0335949286819,
        "dmean2": 0.0500521175563,
        "dvar": 0.00147106696386,
        "dvar2": 0.00302136735991,
        "max": 0.415215462446,
        "mean": 0.0874789133668,
        "median": 0.0726398229599,
        "min": 1.04770102316e-10,
        "var": 0.00301717640832
    },
    "spectral_kurtosis": {
        "dmean": 15.1211700439,
        "dmean2": 26.2676849365,
        "dvar": 1706.52270508,
        "dvar2": 5179.18212891,
        "max": 617.81427002,
        "mean": 46.0167770386,
        "median": 3.06097173691,
        "min": -1.19352638721,
        "var": 9261.56054688
    },
    "spectral_rms": {
        "dmean": 0.00075492542237,
        "dmean2": 0.0011902730912,
        "dvar": 5.81552114909e-07,
        "dvar2": 1.31855426844e-06,
        "max": 0.0146303595975,
        "mean": 0.00656158709899,
        "median": 0.0062787164934,
        "min": 3.27246823389e-12,
        "var": 3.49159563484e-06
    },
    "spectral_rolloff": {
        "dmean": 442.894866943,
        "dmean2": 713.630126953,
        "dvar": 905692.75,
        "dvar2": 2095021.625,
        "max": 18475.4882812,
        "mean": 1250.05163574,
        "median": 775.1953125,
        "min": 21.533203125,
        "var": 2314015.25
    },
    "spectral_skewness": {
        "dmean": 0.543904006481,
        "dmean2": 0.93331682682,
        "dvar": 1.03705000877,
        "dvar2": 3.12680983543,
        "max": 20.9564838409,
        "mean": 3.48693490028,
        "median": 1.46444678307,
        "min": 0.0447101928294,
        "var": 19.0906009674
    },
    "spectral_spread": {
        "dmean": 550009.25,
        "dmean2": 802305.3125,
        "dvar": 738115584000,
        "dvar2": 1.17431441818e+12,
        "max": 41043868,
        "mean": 4853176,
        "median": 5242969,
        "min": 158498.890625,
        "var": 8.1160657961e+12
    },
    "spectral_strongpeak": {
        "dmean": 0.372840106487,
        "dmean2": 0.624762237072,
        "dvar": 0.367509633303,
        "dvar2": 0.881162941456,
        "max": 7.44471311569,
        "mean": 1.05903744698,
        "median": 0.692819178104,
        "min": 0,
        "var": 1.01327037811
    },
    "zerocrossingrate": {
        "dmean": 0.0113802868873,
        "dmean2": 0.0125607987866,
        "dvar": 0.000237997795921,
        "dvar2": 0.000273733137874,
        "max": 0.63427734375,
        "mean": 0.0582994036376,
        "median": 0.04736328125,
        "min": 0.001953125,
        "var": 0.00222043110989
    },
    "barkbands": {
        "dmean": [0.000707195489667, 0.00645719561726, 0.00282792956568, 0.00190241262317, 0.00170206697658, 0.00266133574769, 0.000898654572666, 0.000669895147439, 0.000847637944389, 0.000568434421439, 0.000431890308391, 0.000519780442119, 0.000310270726914, 0.000278020423139, 0.000213452236494, 0.000143809447763, 0.000141463751788, 9.48896122281e-05, 9.58982927841e-05, 0.000107491621748, 0.000106821731606, 0.000116105438792, 0.000139845185913, 0.000154275330715, 0.000118130446936, 9.04258631635e-05, 1.04695318441e-05],
        "dmean2": [0.000926568580326, 0.00982265174389, 0.00492713181302, 0.00322844157927, 0.00276471371762, 0.00393150793388, 0.00134882866405, 0.00104166439269, 0.00126275629736, 0.000827451352961, 0.000661916332319, 0.000799088040367, 0.000498780456837, 0.000448532809969, 0.000342695217114, 0.000230023637414, 0.000236718566157, 0.000152582404553, 0.00015754828928, 0.000172262065462, 0.000174882079591, 0.000189217622392, 0.000231293626712, 0.000257657491602, 0.000192005114513, 0.000150584688527, 1.69199520315e-05],
        "dvar": [5.0277290029e-06, 0.000151241009007, 8.84162072907e-05, 2.05191463465e-05, 1.95327666006e-05, 3.8316102291e-05, 4.16125931224e-06, 1.61488549111e-06, 1.93850200958e-06, 1.42911085277e-06, 9.22120705127e-07, 1.18465618471e-06, 3.86678692621e-07, 1.98286599584e-07, 1.60473248911e-07, 6.8222760774e-08, 6.16225221961e-08, 2.63828336955e-08, 4.29093205412e-08, 4.19353867187e-08, 3.72335264842e-08, 4.61499780613e-08, 6.51424585385e-08, 1.24291702264e-07, 8.10984133182e-08, 5.33098436506e-08, 4.43554276641e-10],
        "dvar2": [1.25301830849e-05, 0.000316158664646, 0.000243526199483, 5.27522461198e-05, 4.31668886449e-05, 7.74971413193e-05, 8.03709190222e-06, 3.77735591428e-06, 3.89941715184e-06, 2.43076760853e-06, 1.85475300896e-06, 2.58534987552e-06, 8.53894391639e-07, 5.17670684985e-07, 3.87748599451e-07, 1.74572946321e-07, 1.61860668868e-07, 6.38897219574e-08, 1.11697310956e-07, 1.00844744111e-07, 9.17544866752e-08, 1.15964326142e-07, 1.68740513118e-07, 3.33993398272e-07, 2.10981042414e-07, 1.39121354437e-07, 1.08999598236e-09],
        "max": [0.0964184403419, 0.159031048417, 0.125507026911, 0.0617541670799, 0.153874993324, 0.145580470562, 0.0606900267303, 0.0249642450362, 0.0375241301954, 0.0194211732596, 0.0242038797587, 0.0211132559925, 0.0153259737417, 0.0104233250022, 0.00897251907736, 0.00490304082632, 0.00500701507553, 0.00350616383366, 0.00488784443587, 0.00371388136409, 0.00372284604236, 0.00723692076281, 0.00672112032771, 0.00868805125356, 0.00338599085808, 0.00332418130711, 0.000303396722302],
        "mean": [0.00173629750498, 0.0168529115617, 0.00339184119366, 0.00377026293427, 0.00316289835609, 0.00684765540063, 0.00203472934663, 0.00117534480523, 0.00166590767913, 0.00117848627269, 0.000810838188045, 0.000945213832892, 0.000541652843822, 0.000523617491126, 0.000446775316959, 0.000285050366074, 0.000272619508905, 0.000194843480131, 0.000198047608137, 0.000224265138968, 0.000212370941881, 0.000248141062912, 0.000283608882455, 0.000302714848658, 0.000211323582334, 0.000172798216227, 1.93644336832e-05],
        "median": [5.2825169405e-05, 0.0031164593529, 0.00060743681388, 0.00108777801506, 0.000919249258004, 0.00221196655184, 0.000664284976665, 0.000502389215399, 0.000824801798444, 0.000428912346251, 0.000246244861046, 0.000291906268103, 0.000257807434537, 0.000276681850664, 0.000201770322747, 0.000154926980031, 0.000148875828017, 0.000111512927106, 0.0001165642243, 0.000121322147606, 0.000111991248559, 0.000129089588881, 0.000111081877549, 0.000100544377347, 4.39246359747e-05, 1.51584263222e-05, 9.19933029309e-07],
        "min": [3.16371877178e-25, 4.08382940778e-23, 1.8717002931e-23, 1.47072213721e-23, 6.47780705387e-23, 5.0288140903e-23, 1.57954045037e-23, 3.70506068404e-23, 4.74296876357e-23, 1.2136334726e-22, 3.39390207304e-23, 1.13442880849e-22, 1.37230962513e-22, 1.74088096484e-22, 1.86097172168e-22, 1.55076548668e-22, 2.68513989532e-22, 2.51047952758e-22, 2.62556537219e-22, 2.87004838663e-22, 4.36810685768e-22, 4.936550181e-22, 6.70722307745e-22, 9.28470655706e-22, 1.18538283635e-21, 1.84517519226e-21, 2.45989135448e-21],
        "var": [2.382556886e-05, 0.000602323794737, 6.773059431e-05, 3.88228691008e-05, 7.01131502865e-05, 0.000217893233639, 1.8597669623e-05, 3.94936296289e-06, 6.29977330391e-06, 4.24843801738e-06, 2.68234316536e-06, 3.11220310323e-06, 8.73292435699e-07, 5.20978858276e-07, 5.1427133485e-07, 1.70206703842e-07, 1.37484818197e-07, 6.79781990698e-08, 7.86344784842e-08, 1.0726751043e-07, 8.27994313113e-08, 1.3352811834e-07, 2.07367037319e-07, 2.86621002488e-07, 1.22454636653e-07, 9.57043368999e-08, 1.1474082795e-09]
    },
    "erbbands": {
        "dmean": [0.250492691994, 1.43903326988, 2.99079918861, 5.50804901123, 3.65322685242, 5.88512849808, 16.8606243134, 21.7150268555, 16.8982753754, 11.4006519318, 14.6867733002, 18.5112533569, 22.5537910461, 12.2007894516, 17.9712982178, 21.9933719635, 14.122549057, 13.7253293991, 9.17924690247, 11.3601446152, 8.96855735779, 6.02005720139, 4.98251104355, 4.75692415237, 4.70039510727, 5.47220087051, 5.05533838272, 4.09668445587, 3.91249012947, 4.15601301193, 4.2432551384, 3.41530156136, 2.4847881794, 1.45222091675, 0.82989692688, 0.42431423068, 0.155777290463, 0.0344930589199, 0.000892038573511, 3.02791759168e-05],
        "dmean2": [0.30912026763, 2.20958518982, 5.03591394424, 9.28565406799, 6.40346622467, 9.55604839325, 25.2607002258, 32.4110870361, 25.1646595001, 17.7293071747, 22.7375450134, 27.4208908081, 33.3581008911, 17.9629306793, 27.5601844788, 34.21925354, 22.4930992126, 22.3257389069, 14.7257823944, 18.2746963501, 14.6865386963, 9.9351234436, 8.00142669678, 7.44569778442, 7.57920360565, 8.78678226471, 8.40948581696, 6.69587659836, 6.38029813766, 6.79010677338, 7.10460996628, 5.69263601303, 4.15857219696, 2.3523645401, 1.36212408543, 0.716943442822, 0.256776690483, 0.0533385276794, 0.00140293163713, 4.88395235152e-05],
        "dvar": [0.202108442783, 9.28880500793, 93.8070526123, 179.180618286, 90.5621414185, 295.851654053, 1852.29040527, 3005.79736328, 1885.75036621, 577.827392578, 686.180358887, 939.104187012, 2100.37231445, 646.623413086, 1096.2421875, 2140.57202148, 877.650085449, 561.732055664, 329.43057251, 418.068359375, 293.069732666, 107.950035095, 72.2370986938, 92.8091659546, 73.3420562744, 111.022415161, 118.876441956, 49.2565116882, 58.0915794373, 62.1014137268, 62.190776825, 54.1600532532, 31.458190918, 12.0950956345, 4.311606884, 1.19685065746, 0.159375965595, 0.00585212698206, 3.45696457771e-06, 2.54267984445e-09],
        "dvar2": [0.306132316589, 20.0955448151, 249.695617676, 476.318695068, 242.450317383, 639.144714355, 3860.76782227, 6091.39453125, 3558.84570312, 1373.57067871, 1557.8248291, 1880.05737305, 3808.55078125, 1142.17626953, 2287.12866211, 4847.59082031, 1921.56274414, 1482.30126953, 790.995788574, 1042.6015625, 774.882873535, 269.77835083, 174.07585144, 222.073516846, 174.480377197, 270.56741333, 307.860992432, 127.178924561, 145.634277344, 162.227096558, 162.585372925, 146.405471802, 84.4250183105, 31.2770252228, 11.4457740784, 3.2627260685, 0.408648490906, 0.0126748662442, 7.85053362051e-06, 6.22189011423e-09],
        "max": [6.44948482513, 40.5137481689, 141.774078369, 171.855285645, 153.032791138, 680.423278809, 1431.31518555, 1677.25427246, 1339.06481934, 589.725524902, 580.388366699, 993.581359863, 759.330322266, 702.924804688, 942.752075195, 1089.76879883, 767.683227539, 714.392578125, 534.376647949, 587.952758789, 326.19418335, 217.644210815, 169.774673462, 224.508834839, 163.252471924, 242.604171753, 174.630645752, 169.220504761, 313.638366699, 198.27835083, 195.739105225, 175.422607422, 130.532775879, 48.4680252075, 30.250213623, 17.0896968842, 5.11852359772, 1.0493452549, 0.0264700017869, 0.000762952433433],
        "mean": [0.674413859844, 2.97703051567, 3.86392521858, 10.429400444, 6.08669662476, 11.2628622055, 38.9189529419, 54.6933326721, 41.5177497864, 22.6000537872, 27.3904590607, 38.4267539978, 45.2834205627, 27.3805713654, 37.0343666077, 41.010848999, 26.3850307465, 26.9086036682, 20.7680168152, 22.4538841248, 18.1205997467, 13.378821373, 11.2376098633, 10.4019355774, 9.92585468292, 11.0130605698, 9.42579555511, 8.48431873322, 8.30625152588, 8.3816986084, 8.21344280243, 7.05354213715, 4.45619869232, 2.5833978653, 1.41369879246, 0.713277697563, 0.297817975283, 0.0814581140876, 0.0020616275724, 0.000106337814941],
        "median": [0.0703644454479, 0.734287559986, 1.28406238556, 2.90339970589, 2.53395223618, 2.8844408989, 12.6031627655, 15.4995985031, 13.2065525055, 10.9041042328, 14.0683946609, 20.0536193848, 20.5921554565, 13.6274013519, 16.8784217834, 16.2908306122, 13.8375225067, 14.5088167191, 11.232213974, 10.8578205109, 9.98286437988, 7.95547533035, 6.77413320541, 6.09195661545, 5.76231908798, 5.79510736465, 5.11897563934, 4.41835165024, 4.32902622223, 3.6148917675, 3.0184340477, 2.36687350273, 1.48415517807, 0.649978637695, 0.232087522745, 0.0730570927262, 0.0253812205046, 0.00529541587457, 0.000176220259164, 7.8770739492e-05],
        "min": [9.54443238367e-22, 1.02256414675e-20, 2.31433276983e-20, 2.8546833351e-20, 1.64835705708e-19, 1.99461214731e-19, 2.51093802717e-19, 4.71505718756e-19, 3.73932217482e-19, 3.73160561368e-19, 8.16721895984e-19, 1.03520113037e-18, 4.24246708672e-18, 1.82879996781e-18, 1.98531618819e-18, 5.0437656315e-18, 6.5944447299e-18, 8.53036955012e-18, 7.73060583897e-18, 1.05709025257e-17, 1.0765497592e-17, 1.32741147055e-17, 1.73825057411e-17, 9.71752344883e-18, 1.3627205849e-17, 1.50864856256e-17, 1.49369098641e-17, 1.71845250246e-17, 1.67893312151e-17, 2.35460981461e-17, 1.85516097316e-17, 1.58573782518e-17, 1.78114849155e-17, 1.42260937114e-17, 7.71008183362e-18, 6.36791428812e-18, 3.57685428654e-18, 1.28835417337e-18, 3.8359826238e-19, 3.60251406245e-20],
        "var": [1.30421328545, 21.4847011566, 76.7521133423, 253.901565552, 122.763587952, 1147.7767334, 8858.63867188, 16511.5527344, 9124.72363281, 1337.43554688, 1713.83886719, 3532.86669922, 5319.94970703, 2321.73095703, 3217.44384766, 5160.93261719, 2028.24829102, 1431.00500488, 1052.34802246, 1153.76403809, 699.902404785, 304.144195557, 210.26272583, 214.765014648, 179.093612671, 281.66229248, 183.972930908, 135.871948242, 155.167297363, 173.126495361, 177.352645874, 136.468978882, 63.7540283203, 18.5135955811, 5.92844486237, 1.68262338638, 0.287013828754, 0.0195623412728, 1.16163109851e-05, 7.46586970024e-09]
    },
    "gfcc": {
        "mean": [-11.4734325409, 113.933143616, -92.1481170654, 11.9192323685, -52.5871620178, 15.335310936, -27.0443058014, 6.9528927803, -14.9223861694, 5.63989782333, -8.15904045105, 3.74676179886, -5.90863323212],
        "cov": [[18531.5136719, -8832.609375, -1742.98986816, 3348.40698242, -828.309143066, 2326.26000977, -562.953491211, 1575.49365234, -558.38885498, 831.924865723, -1101.85534668, 582.742492676, -758.930664062], [-8832.609375, 6904.50048828, 919.166564941, -2019.99084473, 708.932983398, -1577.37805176, 546.273864746, -1034.65917969, 492.058349609, -649.640930176, 776.065551758, -471.380767822, 554.807250977], [-1742.98986816, 919.166564941, 1884.45532227, -369.548187256, 0.704735040665, -366.006256104, -105.055755615, -121.17628479, -90.9763793945, -44.0354919434, 60.5627937317, -50.7945976257, 8.39608287811], [3348.40698242, -2019.99084473, -369.548187256, 1144.82324219, -229.8568573, 557.975158691, -91.3620834351, 335.789459229, -78.1204833984, 154.23059082, -214.431045532, 76.1727828979, -161.456558228], [-828.309143066, 708.932983398, 0.704735040665, -229.8568573, 473.527923584, -127.791534424, 183.209960938, -18.5288333893, 96.9758071899, 6.14900636673, 63.8256530762, -1.04265403748, 53.1907043457], [2326.26000977, -1577.37805176, -366.006256104, 557.975158691, -127.791534424, 580.159362793, -48.7147445679, 275.838378906, -78.6823959351, 133.002975464, -186.661727905, 89.1569824219, -124.406669617], [-562.953491211, 546.273864746, -105.055755615, -91.3620834351, 183.209960938, -48.7147445679, 234.766494751, -11.9937229156, 106.395393372, -18.8162250519, 74.3008270264, -16.4042282104, 67.2682037354], [1575.49365234, -1034.65917969, -121.17628479, 335.789459229, -18.5288333893, 275.838378906, -11.9937229156, 259.317901611, -25.8309612274, 133.246032715, -117.125610352, 81.2545852661, -88.4270324707], [-558.38885498, 492.058349609, -90.9763793945, -78.1204833984, 96.9758071899, -78.6823959351, 106.395393372, -25.8309612274, 164.775802612, 5.16134262085, 110.695365906, -17.2521533966, 69.2322769165], [831.924865723, -649.640930176, -44.0354919434, 154.23059082, 6.14900636673, 133.002975464, -18.8162250519, 133.246032715, 5.16134262085, 150.574508667, -26.3764419556, 88.2580718994, -34.123374939], [-1101.85534668, 776.065551758, 60.5627937317, -214.431045532, 63.8256530762, -186.661727905, 74.3008270264, -117.125610352, 110.695365906, -26.3764419556, 194.063491821, 0.416311919689, 117.30796814], [582.742492676, -471.380767822, -50.7945976257, 76.1727828979, -1.04265403748, 89.1569824219, -16.4042282104, 81.2545852661, -17.2521533966, 88.2580718994, 0.416311919689, 119.957855225, 17.7352371216], [-758.930664062, 554.807250977, 8.39608287811, -161.456558228, 53.1907043457, -124.406669617, 67.2682037354, -88.4270324707, 69.2322769165, -34.123374939, 117.30796814, 17.7352371216, 144.908569336]],
        "icov": [[0.000213236111449, -0.000186838267837, 0.000128755549667, -0.000374546507373, 0.000169281789567, -0.000151050087879, 0.000251649675192, -0.000566341448575, 0.000241846137214, -0.000400643592002, 0.000583444023505, -0.000640492304228, 0.000149298430188], [-0.000186838267837, 0.0030786821153, -0.000724598008674, 0.00164875714108, -0.00171346252318, 0.00151674228255, -0.00202125892974, 0.00240327557549, -0.00212387763895, 0.00479682581499, -0.0042896377854, 0.00501425005496, -0.00154764740728], [0.000128755549667, -0.000724598008674, 0.000917089695577, -0.000408306455938, 0.000403888348956, 0.000181803450687, 0.000773435109295, -0.00133539980743, 0.00154162931722, -0.00159075960983, 0.000571689393837, -0.000596842495725, 0.000273519282928], [-0.000374546507373, 0.00164875714108, -0.000408306455938, 0.00319563713856, -0.000437405746197, -0.000179125461727, -0.00111864483915, 0.000471294450108, -0.00145030335989, 0.00256831129082, -0.00268229213543, 0.00379334995523, -0.000871453026775], [0.000169281789567, -0.00171346252318, 0.000403888348956, -0.000437405746197, 0.00457115238532, -0.000121829973068, -0.00153465324547, -0.0015822009882, 0.000364895153325, -0.00354922213592, 0.00374245038256, -0.0036572215613, 0.00130837468896], [-0.000151050087879, 0.00151674228255, 0.000181803450687, -0.000179125461727, -0.000121829973068, 0.00617242697626, -0.00181097083259, -0.00132760195993, -0.000425870675826, 0.00208812090568, -0.000455187400803, 0.00143228576053, -0.000545547460206], [0.000251649675192, -0.00202125892974, 0.000773435109295, -0.00111864483915, -0.00153465324547, -0.00181097083259, 0.0102956946939, -0.00432506157085, -0.00114997208584, -0.000962784688454, 0.00164922175463, -0.00170573627111, -0.00144821591675], [-0.000566341448575, 0.00240327557549, -0.00133539980743, 0.000471294450108, -0.0015822009882, -0.00132760195993, -0.00432506157085, 0.0196904111654, -0.0064424094744, -0.00200405297801, 0.00287939049304, -0.00143518974073, 0.00235011894256], [0.000241846137214, -0.00212387763895, 0.00154162931722, -0.00145030335989, 0.000364895153325, -0.000425870675826, -0.00114997208584, -0.0064424094744, 0.0193689670414, -0.00883768126369, -0.00672322465107, 0.00631462736055, -0.00286916806363], [-0.000400643592002, 0.00479682581499, -0.00159075960983, 0.00256831129082, -0.00354922213592, 0.00208812090568, -0.000962784688454, -0.00200405297801, -0.00883768126369, 0.028837794438, -0.00911248195916, -0.00488378107548, 0.00379718118347], [0.000583444023505, -0.0042896377854, 0.000571689393837, -0.00268229213543, 0.00374245038256, -0.000455187400803, 0.00164922175463, 0.00287939049304, -0.00672322465107, -0.00911248195916, 0.0263419579715, -0.0130125088617, -0.00298119126819], [-0.000640492304228, 0.00501425005496, -0.000596842495725, 0.00379334995523, -0.0036572215613, 0.00143228576053, -0.00170573627111, -0.00143518974073, 0.00631462736055, -0.00488378107548, -0.0130125088617, 0.0347020737827, -0.0136832240969], [0.000149298430188, -0.00154764740728, 0.000273519282928, -0.000871453026775, 0.00130837468896, -0.000545547460206, -0.00144821591675, 0.00235011894256, -0.00286916806363, 0.00379718118347, -0.00298119126819, -0.0136832240969, 0.0201322045177]]
    },
    "melbands": {
        "dmean": [0.00194327998906, 0.00155566213652, 0.000869734270964, 0.000291906995699, 0.000528870616108, 0.000494715000968, 0.000242267371505, 0.000124094149214, 0.00012502966274, 0.00011649687076, 0.000112680274469, 4.91339997097e-05, 6.60043660901e-05, 6.39191566734e-05, 3.91142166336e-05, 2.7664586014e-05, 2.73692112387e-05, 1.64156372193e-05, 1.59007358889e-05, 1.19515807455e-05, 1.1933391761e-05, 6.85793565935e-06, 6.12306712355e-06, 5.03848559674e-06, 4.06071148973e-06, 3.86592637369e-06, 3.36047764904e-06, 3.94347262045e-06, 3.51417315869e-06, 2.65378207587e-06, 2.62787079919e-06, 2.40024178311e-06, 2.31381750382e-06, 2.42029432229e-06, 2.63358128905e-06, 2.22163521357e-06, 2.34291132983e-06, 1.80510824066e-06, 1.60292108831e-06, 1.22110441225e-06],
        "dmean2": [0.00266963033937, 0.00242462381721, 0.00146486691665, 0.000496120250318, 0.000795579922851, 0.000734999834094, 0.000360430218279, 0.000193909494556, 0.000190801787539, 0.000173718144652, 0.000166438796441, 7.2735339927e-05, 0.000100840887171, 9.7957898106e-05, 6.20862847427e-05, 4.509993596e-05, 4.470615022e-05, 2.65403250523e-05, 2.56774692389e-05, 1.92456736841e-05, 1.98953039217e-05, 1.13089618026e-05, 1.01958639789e-05, 8.12192956801e-06, 6.48231616651e-06, 6.33037916487e-06, 5.37708001502e-06, 6.38953906673e-06, 5.93751155975e-06, 4.37879953097e-06, 4.35059018855e-06, 3.96644281864e-06, 3.77278934138e-06, 4.00010685553e-06, 4.47909906143e-06, 3.69310578208e-06, 3.94228845835e-06, 2.99833686768e-06, 2.68282178695e-06, 1.99195369532e-06],
        "dvar": [1.15452921818e-05, 1.60102208611e-05, 4.53397024103e-06, 5.15894612363e-07, 1.74821377641e-06, 1.46415789004e-06, 3.64515898355e-07, 7.06764851088e-08, 4.24141219924e-08, 3.50810900329e-08, 5.22983185647e-08, 1.18974821106e-08, 2.00520471338e-08, 1.81616695016e-08, 5.14123010831e-09, 2.81442535943e-09, 2.2125770105e-09, 1.00514685464e-09, 8.87432238805e-10, 3.96778887524e-10, 5.10906039697e-10, 1.46157835834e-10, 1.16875356615e-10, 7.69275268486e-11, 7.17830656027e-11, 5.84509593504e-11, 3.6351727184e-11, 6.49777592843e-11, 6.30597657425e-11, 2.11322660759e-11, 2.05924166607e-11, 2.12404226152e-11, 1.87861219636e-11, 2.13564946977e-11, 2.62559626818e-11, 1.63166598288e-11, 3.26907390047e-11, 1.55810590124e-11, 1.51046172098e-11, 8.98193412008e-12],
        "dvar2": [2.07966604648e-05, 3.97695257561e-05, 1.19655287563e-05, 1.28194039917e-06, 3.66046447198e-06, 2.94284268421e-06, 6.84565748088e-07, 1.69881545276e-07, 9.42615514532e-08, 7.11562648803e-08, 9.49374552306e-08, 2.05976018464e-08, 4.02131981048e-08, 3.90528924754e-08, 1.16295879593e-08, 6.6326415471e-09, 5.87229598281e-09, 2.46738407483e-09, 2.16791828933e-09, 1.00793140501e-09, 1.40703526608e-09, 3.71420533218e-10, 3.05665576184e-10, 1.8942726554e-10, 1.77905482013e-10, 1.49231557667e-10, 8.42124078804e-11, 1.62569013806e-10, 1.6874858455e-10, 5.23630999671e-11, 5.49953173279e-11, 5.47900648462e-11, 4.83729202527e-11, 5.68654949518e-11, 6.89731952108e-11, 4.28926061335e-11, 8.91303281181e-11, 4.31804696166e-11, 3.92599217025e-11, 2.36276068155e-11],
        "max": [0.0464176647365, 0.0612080208957, 0.0274929050356, 0.0203522630036, 0.0398459732533, 0.0330999977887, 0.017908744514, 0.00673740636557, 0.00437078531832, 0.00533085688949, 0.00375637668185, 0.0031354110688, 0.00367825548165, 0.00300798844546, 0.00141083821654, 0.00111120496877, 0.00123773829546, 0.000799445086159, 0.000768811209127, 0.000493851548526, 0.000454908644315, 0.00020915317873, 0.000319463259075, 0.000258677115198, 0.000198296067538, 0.000181906420039, 9.86934464891e-05, 0.000204719151952, 0.000116195806186, 9.21701139305e-05, 0.000110209773993, 0.000178264992428, 0.000131433975184, 0.000111183057015, 0.000142302378663, 0.000111509143608, 0.000145158570376, 0.00011470298341, 7.46390796849e-05, 4.44851575594e-05],
        "mean": [0.00528760999441, 0.0027291662991, 0.00164195371326, 0.000474003376439, 0.00124777574092, 0.00126231543254, 0.000590331968851, 0.000235032144701, 0.000237991538597, 0.000236700187088, 0.000221294860239, 0.000104242826637, 0.000127677747514, 0.000118217380077, 7.26016369299e-05, 4.88883597427e-05, 5.1642593462e-05, 3.33498282998e-05, 3.21565275954e-05, 2.31168160099e-05, 2.18908789975e-05, 1.38790001074e-05, 1.20554741443e-05, 9.90152238955e-06, 8.09493394627e-06, 7.54360235078e-06, 6.72497026244e-06, 7.49285391066e-06, 6.02768886893e-06, 4.9082714213e-06, 5.10220934302e-06, 4.68164944323e-06, 4.61375202576e-06, 4.57825444755e-06, 4.61881927549e-06, 4.60357978227e-06, 4.3556797209e-06, 3.24622601511e-06, 2.50896891885e-06, 2.10839516512e-06],
        "median": [0.000808972865343, 0.00116361188702, 0.000493884610478, 0.000163939475897, 0.000387201958802, 0.000365810003132, 0.00018348141748, 0.000113723253889, 0.000121540077089, 0.000124742800836, 9.54343704507e-05, 4.58421636722e-05, 4.332120443e-05, 3.98414340452e-05, 3.55023075826e-05, 2.37724561885e-05, 2.64182963292e-05, 1.73015268956e-05, 1.43521065183e-05, 1.2360996152e-05, 1.12069747047e-05, 7.96886342869e-06, 6.81674418956e-06, 5.45856983081e-06, 4.58032081951e-06, 4.19530442741e-06, 3.78841332349e-06, 3.75780609829e-06, 3.17618264489e-06, 2.60980164057e-06, 2.59534658653e-06, 2.43882232098e-06, 2.16860166802e-06, 1.84329928743e-06, 1.65423614362e-06, 1.51232211465e-06, 1.364548325e-06, 1.08176868707e-06, 6.78679157318e-07, 4.63109472548e-07],
        "min": [1.05601606607e-23, 1.26402006966e-23, 9.50113067263e-24, 1.35155712441e-23, 8.83353109917e-24, 1.02573153814e-23, 5.19949108912e-24, 4.74009478552e-24, 6.9633051871e-24, 6.99372603019e-24, 2.12932033442e-23, 7.44488820366e-24, 4.78124689793e-24, 1.32123133906e-23, 9.92330220783e-24, 1.70662326008e-23, 1.62250781061e-23, 1.25291850902e-23, 1.43258986323e-23, 1.17633415685e-23, 1.29009965341e-23, 1.13555359792e-23, 2.08024450864e-23, 1.04788890548e-23, 7.40789930467e-24, 1.00282041421e-23, 8.14057674736e-24, 1.1196069325e-23, 8.09101182783e-24, 9.79039886682e-24, 1.03804463135e-23, 7.47229007606e-24, 1.3390024031e-23, 1.28189415893e-23, 9.90743427072e-24, 9.58471364098e-24, 9.80052626312e-24, 1.16740693353e-23, 1.2880568981e-23, 1.22000210446e-23],
        "var": [6.41211372567e-05, 2.11619026231e-05, 6.39796326141e-06, 1.13086434794e-06, 8.45391969051e-06, 8.25341521704e-06, 1.79461255811e-06, 1.54551202058e-07, 1.15627997843e-07, 1.19966699685e-07, 1.32671885922e-07, 4.27430357774e-08, 5.95549494165e-08, 4.85345630352e-08, 1.25638797144e-08, 5.8514753043e-09, 5.61089930073e-09, 2.7872859576e-09, 2.72705613646e-09, 1.00966768279e-09, 1.07290232254e-09, 3.45862227746e-10, 2.90226565003e-10, 1.91606314148e-10, 1.42660494529e-10, 1.13948309122e-10, 8.76613504008e-11, 1.58968213593e-10, 8.34169122665e-11, 4.5841389712e-11, 5.31358325395e-11, 4.99655802844e-11, 4.94544093177e-11, 5.61707659552e-11, 6.22129986416e-11, 5.27372034931e-11, 6.22825471752e-11, 3.55329377033e-11, 2.21561571173e-11, 1.27591999466e-11]
    },
    "mfcc": {
        "mean": [-656.12689209, 143.464889526, 21.0377826691, 8.95160198212, 2.67332315445, 8.48176002502, 1.09696805477, 4.51065254211, 1.47799694538, 4.60317516327, 1.17236709595, 3.90013837814, 2.34977555275],
        "cov": [[14756.2382812, -6930.33935547, -2135.06323242, 521.037475586, 238.253692627, 626.218994141, 379.496795654, 673.54095459, 471.04800415, 586.044921875, 192.730026245, 149.244171143, -179.61076355], [-6930.33935547, 5753.30175781, 808.506103516, -408.180786133, -102.79712677, -377.111175537, -160.924728394, -313.418914795, -215.307922363, -322.718902588, -99.9434738159, -72.343208313, 120.496368408], [-2135.06323242, 808.506103516, 1650.14379883, 16.6259441376, -34.6412315369, -130.772460938, -116.971824646, -185.512283325, -165.360900879, -156.514144897, -96.5222244263, -81.4543914795, -18.0345058441], [521.037475586, -408.180786133, 16.6259441376, 397.20501709, 45.3486442566, 81.396697998, 38.5949401855, 47.1732406616, 48.8069496155, 50.2333488464, 38.9932975769, 24.2794895172, -3.71859288216], [238.253692627, -102.79712677, -34.6412315369, 45.3486442566, 172.621154785, 44.4765357971, 50.9418067932, 26.4860286713, 46.4870643616, 25.1239776611, 25.3347434998, 10.8881320953, 8.58100891113], [626.218994141, -377.111175537, -130.772460938, 81.396697998, 44.4765357971, 149.820358276, 66.7276153564, 71.3115539551, 57.0770988464, 51.2585411072, 28.4172210693, 16.8290195465, -2.92061543465], [379.496795654, -160.924728394, -116.971824646, 38.5949401855, 50.9418067932, 66.7276153564, 125.410423279, 72.9443054199, 63.603302002, 32.7149505615, 26.3810367584, 10.7774591446, 6.25953102112], [673.54095459, -313.418914795, -185.512283325, 47.1732406616, 26.4860286713, 71.3115539551, 72.9443054199, 122.412117004, 74.4703674316, 57.976146698, 30.7163486481, 21.6421775818, -0.328126013279], [471.04800415, -215.307922363, -165.360900879, 48.8069496155, 46.4870643616, 57.0770988464, 63.603302002, 74.4703674316, 113.559043884, 69.2745666504, 44.0460472107, 22.7927150726, 10.6311159134], [586.044921875, -322.718902588, -156.514144897, 50.2333488464, 25.1239776611, 51.2585411072, 32.7149505615, 57.976146698, 69.2745666504, 95.0997848511, 52.8939323425, 31.6947383881, 3.02450895309], [192.730026245, -99.9434738159, -96.5222244263, 38.9932975769, 25.3347434998, 28.4172210693, 26.3810367584, 30.7163486481, 44.0460472107, 52.8939323425, 71.8907241821, 43.4541397095, 22.1709022522], [149.244171143, -72.343208313, -81.4543914795, 24.2794895172, 10.8881320953, 16.8290195465, 10.7774591446, 21.6421775818, 22.7927150726, 31.6947383881, 43.4541397095, 64.8227996826, 41.6171913147], [-179.61076355, 120.496368408, -18.0345058441, -3.71859288216, 8.58100891113, -2.92061543465, 6.25953102112, -0.328126013279, 10.6311159134, 3.02450895309, 22.1709022522, 41.6171913147, 69.2464904785]],
