{
"lowlevel": {
    "average_loudness": 0.973536968231,
    "barkbands_crest": {
        "dmean": 2.56717276573,
        "dmean2": 3.66972875595,
        "dvar": 6.43139362335,
        "dvar2": 11.9723129272,
        "max": 25.7528381348,
        "mean": 10.8831825256,
        "median": 9.32260608673,
        "min": 1.9397162199,
        "var": 28.1281147003
    },
    "barkbands_flatness_db": {
        "dmean": 0.021259592846,
        "dmean2": 0.0287899598479,
        "dvar": 0.000449345126981,
        "dvar2": 0.000834796461277,
        "max": 0.388809591532,
        "mean": 0.110947296023,
        "median": 0.0949867665768,
        "min": 0.0125281251967,
        "var": 0.00466828420758
    },
    "barkbands_kurtosis": {
        "dmean": 2.09176874161,
        "dmean2": 3.02410817146,
        "dvar": 27.7191066742,
        "dvar2": 56.6694641113,
        "max": 153.564086914,
        "mean": 2.30404424667,
        "median": -0.0168614387512,
        "min": -1.75769793987,
        "var": 63.5395431519
    },
    "barkbands_skewness": {
        "dmean": 0.504898905754,
        "dmean2": 0.713641524315,
        "dvar": 0.350135803223,
        "dvar2": 0.655873000622,
        "max": 11.9234647751,
        "mean": 1.25193107128,
        "median": 0.878088414669,
        "min": -2.34271526337,
        "var": 1.33451879025
    },
    "barkbands_spread": {
        "dmean": 7.33522987366,
        "dmean2": 10.6385860443,
        "dvar": 67.1140213013,
        "dvar2": 127.523918152,
        "max": 92.295249939,
        "mean": 33.0582084656,
        "median": 31.4187145233,
        "min": 1.58706951141,
        "var": 302.361877441
    },
    "dissonance": {
        "dmean": 0.0191815923899,
        "dmean2": 0.0320514477789,
        "dvar": 0.000398150557885,
        "dvar2": 0.00105037400499,
        "max": 0.500000059605,
        "mean": 0.463394850492,
        "median": 0.471825361252,
        "min": 0.224980279803,
        "var": 0.00116703240201
    },
    "dynamic_complexity": 2.66291618347,
    "erbbands_crest": {
        "dmean": 3.52569079399,
        "dmean2": 5.68835544586,
        "dvar": 10.7759475708,
        "dvar2": 25.5677547455,
        "max": 30.9428539276,
        "mean": 8.70365047455,
        "median": 7.30518007278,
        "min": 2.10440683365,
        "var": 24.9827041626
    },
    "erbbands_flatness_db": {
        "dmean": 0.0156971588731,
        "dmean2": 0.0237542968243,
        "dvar": 0.00022306968458,
        "dvar2": 0.000459803763079,
        "max": 0.500324547291,
        "mean": 0.132966756821,
        "median": 0.111692234874,
        "min": 0.0426395982504,
        "var": 0.00490982597694
    },
    "erbbands_kurtosis": {
        "dmean": 0.783880829811,
        "dmean2": 1.24382889271,
        "dvar": 1.74944579601,
        "dvar2": 4.09224128723,
        "max": 32.4231681824,
        "mean": 0.341967016459,
        "median": -0.200053930283,
        "min": -1.66888344288,
        "var": 4.0797662735
    },
    "erbbands_skewness": {
        "dmean": 0.337000191212,
        "dmean2": 0.515347003937,
        "dvar": 0.083917081356,
        "dvar2": 0.189062222838,
        "max": 4.48065519333,
        "mean": 0.182789489627,
        "median": 0.152875676751,
        "min": -2.52395963669,
        "var": 0.301803320646
    },
    "erbbands_spread": {
        "dmean": 7.65950059891,
        "dmean2": 11.5876617432,
        "dvar": 62.0258789062,
        "dvar2": 128.089279175,
        "max": 156.621948242,
        "mean": 39.0704727173,
        "median": 37.0824317932,
        "min": 3.72001624107,
        "var": 385.011291504
    },
    "hfc": {
        "dmean": 12.8846139908,
        "dmean2": 18.5369796753,
        "dvar": 307.454498291,
        "dvar2": 658.243347168,
        "max": 162.248001099,
        "mean": 38.6614303589,
        "median": 32.4653739929,
        "min": 1.19036795861e-16,
        "var": 777.989440918
    },
    "melbands_crest": {
        "dmean": 3.20265626907,
        "dmean2": 4.92997407913,
        "dvar": 9.75107097626,
        "dvar2": 21.717590332,
        "max": 35.8426628113,
        "mean": 17.6183776855,
        "median": 17.0271606445,
        "min": 1.17704951763,
        "var": 38.5184249878
    },
    "melbands_flatness_db": {
        "dmean": 0.0271009858698,
        "dmean2": 0.0364136397839,
        "dvar": 0.000835749204271,
        "dvar2": 0.00151815579738,
        "max": 0.506419301033,
        "mean": 0.179753541946,
        "median": 0.168042600155,
        "min": 0.00037157011684,
        "var": 0.00572202261537
    },
    "melbands_kurtosis": {
        "dmean": 8.83212471008,
        "dmean2": 12.7435932159,
        "dvar": 737.027770996,
        "dvar2": 1468.56982422,
        "max": 818.346374512,
        "mean": 14.3148908615,
        "median": 3.94828605652,
        "min": -1.67449891567,
        "var": 1360.10400391
    },
    "melbands_skewness": {
        "dmean": 0.839056789875,
        "dmean2": 1.18275702,
        "dvar": 1.22001969814,
        "dvar2": 2.17369771004,
        "max": 24.5561141968,
        "mean": 2.65053462982,
        "median": 1.893674016,
        "min": -0.506812870502,
        "var": 4.80948781967
    },
    "melbands_spread": {
        "dmean": 8.7739315033,
        "dmean2": 12.9066257477,
        "dvar": 119.156455994,
        "dvar2": 252.854980469,
        "max": 140.520645142,
        "mean": 30.4912071228,
        "median": 28.745847702,
        "min": 0.784710884094,
        "var": 313.575286865
    },
    "pitch_salience": {
        "dmean": 0.0785289779305,
        "dmean2": 0.117526046932,
        "dvar": 0.00592527911067,
        "dvar2": 0.0119769405574,
        "max": 0.992266595364,
        "mean": 0.475123792887,
        "median": 0.485367655754,
        "min": 0.0298191905022,
        "var": 0.020124014467
    },
    "silence_rate_20dB": {
        "dmean": 0,
        "dmean2": 0,
        "dvar": 0,
        "dvar2": 0,
        "max": 1,
        "mean": 1,
        "median": 1,
        "min": 1,
        "var": 0
    },
    "silence_rate_30dB": {
        "dmean": 0,
        "dmean2": 0,
        "dvar": 0,
        "dvar2": 0,
        "max": 1,
        "mean": 1,
        "median": 1,
        "min": 1,
        "var": 0
    },
    "silence_rate_60dB": {
        "dmean": 0.00476787937805,
        "dmean2": 0.00953695550561,
        "dvar": 0.00474526640028,
        "dvar2": 0.0107012689114,
        "max": 1,
        "mean": 0.0210764016956,
        "median": 0,
        "min": 0,
        "var": 0.0206323266029
    },
    "spectral_centroid": {
        "dmean": 247.354232788,
        "dmean2": 375.942993164,
        "dvar": 72698.578125,
        "dvar2": 149906.484375,
        "max": 11095.4589844,
        "mean": 1812.07543945,
        "median": 1948.2434082,
        "min": 245.638824463,
        "var": 445170.46875
    },
    "spectral_complexity": {
        "dmean": 5.6609787941,
        "dmean2": 8.27556800842,
        "dvar": 39.7602996826,
        "dvar2": 73.8438873291,
        "max": 58,
        "mean": 25.1635932922,
        "median": 24,
        "min": 0,
        "var": 147.110321045
    },
    "spectral_decrease": {
        "dmean": 1.99410710167e-09,
        "dmean2": 3.03686764624e-09,
        "dvar": 3.68504247963e-18,
        "dvar2": 8.33145246514e-18,
        "max": 1.06743037061e-24,
        "mean": -8.8042693136e-09,
        "median": -8.74281180785e-09,
        "min": -2.36805792753e-08,
        "var": 1.10333907867e-17
    },
    "spectral_energy": {
        "dmean": 0.00819205399603,
        "dmean2": 0.012523509562,
        "dvar": 6.59697107039e-05,
        "dvar2": 0.000145939484355,
        "max": 0.0961805209517,
        "mean": 0.0367360562086,
        "median": 0.0359878800809,
        "min": 1.06936560576e-20,
        "var": 0.00019767669437
    },
    "spectral_energyband_high": {
        "dmean": 0.000890977855306,
        "dmean2": 0.00125117076095,
        "dvar": 2.15251202462e-06,
        "dvar2": 4.39693212684e-06,
        "max": 0.0149156535044,
        "mean": 0.00230673723854,
        "median": 0.00136778550223,
        "min": 7.94269163931e-21,
        "var": 5.8334599089e-06
    },
    "spectral_energyband_low": {
        "dmean": 0.0042296666652,
        "dmean2": 0.00621226150542,
        "dvar": 3.09914867103e-05,
        "dvar2": 7.31702602934e-05,
        "max": 0.0776695758104,
        "mean": 0.0166107546538,
        "median": 0.0159262940288,
        "min": 5.52499182246e-23,
        "var": 7.94858206064e-05
    },
    "spectral_energyband_middle_high": {
        "dmean": 0.00454625673592,
        "dmean2": 0.00711843650788,
        "dvar": 3.25135697494e-05,
        "dvar2": 7.77540699346e-05,
        "max": 0.0594595707953,
        "mean": 0.00988522544503,
        "median": 0.00788049865514,
        "min": 1.451385118e-21,
        "var": 7.31302498025e-05
    },
    "spectral_energyband_middle_low": {
        "dmean": 0.00336571247317,
        "dmean2": 0.00492096832022,
        "dvar": 1.43971601574e-05,
        "dvar2": 3.05976791424e-05,
        "max": 0.0484238862991,
        "mean": 0.00849524140358,
        "median": 0.00712426379323,
        "min": 4.19055559871e-22,
        "var": 4.33482891822e-05
    },
    "spectral_entropy": {
        "dmean": 0.128701403737,
        "dmean2": 0.191343158484,
        "dvar": 0.0188571196049,
        "dvar2": 0.0372194126248,
        "max": 9.82731628418,
        "mean": 7.8900885582,
        "median": 8.01346874237,
        "min": 5.68681049347,
        "var": 0.25319725275
    },
    "spectral_flux": {
        "dmean": 0.0257037952542,
        "dmean2": 0.0403822250664,
        "dvar": 0.000655155046843,
        "dvar2": 0.00124955165666,
        "max": 0.237423911691,
        "mean": 0.0925846099854,
        "median": 0.0890331789851,
        "min": 1.03410134622e-10,
        "var": 0.00152575527318
    },
    "spectral_kurtosis": {
        "dmean": 1.35735619068,
        "dmean2": 2.26243019104,
        "dvar": 10.4454193115,
        "dvar2": 28.2773685455,
        "max": 83.6765823364,
        "mean": 4.41440010071,
        "median": 2.77492141724,
        "min": -1.18537056446,
        "var": 35.5126457214
    },
    "spectral_rms": {
        "dmean": 0.000672614434734,
        "dmean2": 0.00101959786844,
        "dvar": 4.42228298425e-07,
        "dvar2": 9.22774063383e-07,
        "max": 0.00968682859093,
        "mean": 0.00583100505173,
        "median": 0.00592537969351,
        "min": 3.22999006014e-12,
        "var": 1.83941756404e-06
    },
    "spectral_rolloff": {
        "dmean": 768.203063965,
        "dmean2": 1183.78979492,
        "dvar": 1450901,
        "dvar2": 2670828.5,
        "max": 20951.8066406,
        "mean": 1949.3848877,
        "median": 1593.45703125,
        "min": 64.599609375,
        "var": 2804045.25
    },
    "spectral_skewness": {
        "dmean": 0.16194498539,
        "dmean2": 0.261797457933,
        "dvar": 0.0500280633569,
        "dvar2": 0.131182149053,
        "max": 6.84594535828,
        "mean": 1.51345431805,
        "median": 1.33809483051,
        "min": -0.00709239859134,
        "var": 0.355089247227
    },
    "spectral_spread": {
        "dmean": 502253.28125,
        "dmean2": 717648.1875,
        "dvar": 406372581376,
        "dvar2": 591376154624,
        "max": 39682604,
        "mean": 5523300,
        "median": 5834367.5,
        "min": 787294.9375,
        "var": 3.87429774131e+12
    },
    "spectral_strongpeak": {
        "dmean": 0.675288259983,
        "dmean2": 1.21771168709,
        "dvar": 1.53302919865,
        "dvar2": 3.78203248978,
        "max": 8.61814498901,
        "mean": 0.843515634537,
        "median": 0.347884386778,
        "min": 0,
        "var": 1.52572417259
    },
    "zerocrossingrate": {
        "dmean": 0.0137242563069,
        "dmean2": 0.0155161181465,
        "dvar": 0.000274356454611,
        "dvar2": 0.000319185783155,
        "max": 0.67724609375,
        "mean": 0.0770150199533,
        "median": 0.07373046875,
        "min": 0.00439453125,
        "var": 0.00167484523263
    },
    "barkbands": {
        "dmean": [0.000356950389687, 0.00382618885487, 0.00153394869994, 0.000515376159456, 0.000631111790426, 0.00060170632787, 0.00105600070674, 0.000994423753582, 0.00115368014667, 0.00144108047243, 0.00168756674975, 0.000853422796354, 0.000699422846083, 0.00050716084661, 0.000585091882385, 0.000515800202265, 0.000474706990644, 0.000367857632227, 0.000308934628265, 0.000226810589083, 0.000206522570807, 0.000164273631526, 0.000169542210642, 0.000163974007592, 0.000158429058501, 8.75964542502e-05, 2.02020328288e-05],
        "dmean2": [0.000514146056958, 0.00555398641154, 0.0023446183186, 0.000905988912564, 0.0010054060258, 0.000908681249712, 0.0015103193, 0.00143783038948, 0.00172702618875, 0.00226854044013, 0.00272860284895, 0.00144109991379, 0.00120066083036, 0.000868947361596, 0.000995651935227, 0.000871564494446, 0.000784669828136, 0.000601930834819, 0.000500809168443, 0.000354015326593, 0.000315333716571, 0.000248817639658, 0.000255223043496, 0.000238678781898, 0.000225545445574, 0.000122643265058, 3.02695098071e-05],
        "dvar": [5.30071702087e-07, 3.18275015161e-05, 9.33903174882e-06, 1.79304686299e-06, 9.16098770176e-07, 1.49572315422e-06, 3.35828940479e-06, 3.73831971956e-06, 5.29298313268e-06, 7.86230884842e-06, 1.02088097265e-05, 2.57481451627e-06, 1.73995044861e-06, 6.51502034543e-07, 7.43053362839e-07, 6.7274754656e-07, 5.70662450627e-07, 3.95426468458e-07, 2.1814479112e-07, 1.02424991155e-07, 8.27556192462e-08, 6.27365039918e-08, 7.92059182686e-08, 8.65227605118e-08, 8.97006060541e-08, 2.76278342426e-08, 1.2417090689e-09],
        "dvar2": [1.1671717175e-06, 6.8578759965e-05, 2.41058314714e-05, 5.09761139256e-06, 2.30425780501e-06, 3.17014610118e-06, 6.772724646e-06, 7.1982362897e-06, 1.05910421553e-05, 1.75821041921e-05, 2.52735299e-05, 6.83551024849e-06, 4.76972854813e-06, 1.78982270427e-06, 2.02995170184e-06, 1.76767662197e-06, 1.51100118728e-06, 1.03015077002e-06, 5.56339784907e-07, 2.41584643845e-07, 1.94644854901e-07, 1.44000949831e-07, 1.76448594402e-07, 1.82493138823e-07, 1.85830415944e-07, 5.32649515605e-08, 2.70165800842e-09],
        "max": [0.020010728389, 0.0747575312853, 0.0227810591459, 0.0113682886586, 0.0170602891594, 0.0312303882092, 0.0242502056062, 0.0307509358972, 0.0442188642919, 0.0436703711748, 0.0365429706872, 0.0344067588449, 0.0223580580205, 0.00852634012699, 0.0103520564735, 0.00983999203891, 0.00912926532328, 0.00888696592301, 0.00620347773656, 0.00367896165699, 0.00309009035118, 0.00329602672718, 0.00475993845612, 0.0030590260867, 0.00348164699972, 0.00255052023567, 0.000452218955616],
        "mean": [0.000935742398724, 0.0114347469062, 0.00392705388367, 0.000623219937552, 0.00119675463066, 0.00105054478627, 0.00186038040556, 0.00158198201098, 0.00171963463072, 0.00180538545828, 0.00215520919301, 0.00106005207635, 0.000857316073962, 0.000639629026409, 0.000793242303189, 0.000716772978194, 0.000719144998584, 0.000578003993724, 0.00053721293807, 0.00044441150385, 0.0004578383232, 0.00036669918336, 0.000367205764633, 0.000349382637069, 0.000323193788063, 0.000192213148694, 4.31285116065e-05],
        "median": [0.000377263553673, 0.00993413291872, 0.00139704858884, 0.000322779931594, 0.000694270303939, 0.000406811101129, 0.00079882593127, 0.000533217331395, 0.000652506365441, 0.000560867658351, 0.0005235656281, 0.000495913380291, 0.000400311779231, 0.000339743273798, 0.000442989956355, 0.000400553137297, 0.000395280338125, 0.000318426347803, 0.000288780720439, 0.000246369687375, 0.000269668205874, 0.000199619375053, 0.000198925306904, 0.000172109095729, 0.000150912004756, 9.04564949451e-05, 1.80372917384e-05],
        "min": [1.69497888425e-24, 2.90733108897e-23, 2.41270299517e-23, 3.77460279602e-24, 4.31349553183e-23, 5.3711664703e-23, 6.94571958426e-23, 1.82527090634e-22, 5.57849741776e-23, 1.81649060047e-23, 1.26473537717e-22, 7.08694903657e-23, 6.05780993486e-23, 5.75144665154e-23, 2.22352197009e-22, 8.7286493597e-23, 1.86163815138e-22, 2.94505302907e-22, 1.78041564418e-22, 2.54598432677e-22, 5.43650068778e-22, 3.42865278431e-22, 7.79747933557e-22, 7.09623575959e-22, 1.29407287442e-21, 1.7499896451e-21, 2.65238714784e-21],
        "var": [2.27339182857e-06, 7.74709915277e-05, 2.23877959797e-05, 1.19065271065e-06, 2.10362577491e-06, 3.45781040778e-06, 7.49943410483e-06, 8.10404981166e-06, 1.09344173325e-05, 1.20641752801e-05, 1.5624331354e-05, 3.40068459082e-06, 2.08902497434e-06, 7.17900888958e-07, 9.31776298785e-07, 8.26183054414e-07, 7.87235478583e-07, 5.07955746798e-07, 3.77179105726e-07, 2.28682679904e-07, 2.19720661221e-07, 1.55911521915e-07, 1.81540926292e-07, 2.00106185844e-07, 1.94144121224e-07, 6.49922426987e-08, 3.16938919553e-09]
    },
    "erbbands": {
        "dmean": [0.14314571023, 0.814571797848, 1.67824149132, 1.6106877327, 1.62461006641, 2.40286302567, 3.54557394981, 5.68761301041, 11.7718439102, 20.5510177612, 19.5553188324, 29.5678272247, 27.0299301147, 52.0062255859, 70.3355865479, 34.8335838318, 33.3465385437, 27.0539836884, 29.4384784698, 27.2986984253, 28.4641361237, 23.6936149597, 19.6967639923, 17.9959487915, 14.1455545425, 11.379160881, 9.00835132599, 7.44828414917, 6.20982456207, 5.32017612457, 4.87889957428, 3.60910487175, 2.82663726807, 1.82704043388, 1.14248871803, 0.481523483992, 0.150295004249, 0.0365303494036, 0.00331142428331, 5.61538799957e-05],
        "dmean2": [0.202929317951, 1.11330187321, 2.36445355415, 2.68803524971, 2.78200268745, 3.74304318428, 5.31303071976, 8.69990921021, 16.8964500427, 29.6945266724, 28.3780784607, 43.8556938171, 41.8426322937, 82.5140762329, 113.942634583, 58.3162574768, 57.0111045837, 45.7209663391, 50.8327102661, 45.6799201965, 47.8728866577, 38.95835495, 32.2410049438, 29.4020462036, 22.7541217804, 17.745885849, 13.8747625351, 11.3844604492, 9.4395980835, 8.14330291748, 7.28433895111, 5.32522153854, 4.13253355026, 2.68242549896, 1.64275634289, 0.678218305111, 0.214552953839, 0.0528806857765, 0.00496822269633, 8.18567059468e-05],
        "dvar": [0.0504878349602, 1.51293957233, 8.41643428802, 14.9813642502, 12.5052680969, 14.0070104599, 42.111831665, 167.653411865, 569.09588623, 1264.33154297, 2003.35192871, 4131.52587891, 2990.015625, 9648.99511719, 16833.1191406, 5724.67480469, 4018.3659668, 1660.03405762, 2071.03320312, 1867.27966309, 2240.09912109, 1538.47717285, 1091.17004395, 817.279541016, 478.393005371, 262.468505859, 159.908050537, 113.910949707, 88.1452713013, 71.2538604736, 67.1299438477, 38.4455566406, 27.0794811249, 10.9788293839, 5.16607427597, 0.852466523647, 0.0792280137539, 0.00427476875484, 3.21114821418e-05, 8.15825895728e-09],
        "dvar2": [0.112145058811, 2.96238398552, 19.636548996, 40.7930183411, 35.0736846924, 33.1462936401, 89.3112258911, 359.273193359, 1144.62609863, 2584.38793945, 3825.06054688, 8235.00878906, 6189.48046875, 22254.4296875, 41992.5507812, 15282.9511719, 11040.609375, 4462.03808594, 5731.01318359, 4920.07763672, 6036.09667969, 4065.55102539, 2856.07543945, 2119.7878418, 1221.6282959, 623.781921387, 375.040740967, 268.694488525, 201.21421814, 164.68069458, 151.797637939, 83.9617996216, 57.2700691223, 22.746295929, 10.6775751114, 1.71755445004, 0.161101996899, 0.00894933473319, 6.73499234836e-05, 1.60986353137e-08],
        "max": [3.63858604431, 14.8013944626, 24.1121959686, 36.2764434814, 32.5237770081, 73.0777587891, 209.924041748, 396.242095947, 368.787963867, 606.121704102, 752.841247559, 1261.73254395, 1192.97485352, 1654.6072998, 1768.98815918, 1769.4309082, 1117.7779541, 422.402008057, 618.240600586, 531.149475098, 560.661560059, 472.656677246, 476.767272949, 367.388549805, 338.907989502, 167.47517395, 128.065414429, 122.13583374, 118.529876709, 141.061080933, 124.837974548, 63.5646286011, 60.6010894775, 36.8359603882, 29.7030506134, 15.2160768509, 3.97569394112, 1.03920686245, 0.0826349556446, 0.00129377993289],
        "mean": [0.423460066319, 2.20023584366, 4.85577106476, 2.87143778801, 2.28800487518, 4.66467666626, 6.76314258575, 9.57762527466, 21.1619968414, 35.4652900696, 32.169002533, 45.2963638306, 39.1844329834, 67.0254364014, 94.1165008545, 47.346660614, 42.8338241577, 36.4359855652, 39.2084121704, 38.3989372253, 41.6652641296, 37.6420822144, 33.170501709, 30.3673763275, 25.5299568176, 22.2445373535, 18.9208965302, 16.3864097595, 13.421500206, 11.6241836548, 10.3094711304, 7.62270307541, 5.72145557404, 3.65001797676, 2.261023283, 0.990396499634, 0.325376331806, 0.081542506814, 0.00704262219369, 0.000157525864779],
        "median": [0.349842756987, 1.73228514194, 2.58281064034, 1.8714120388, 1.35383152962, 2.41943573952, 3.53680086136, 3.79170179367, 8.45480155945, 16.2658538818, 13.0873699188, 16.9047966003, 19.2424678802, 27.2057743073, 34.8516960144, 23.213312149, 22.1714935303, 20.9957923889, 22.4434757233, 22.6170749664, 23.752948761, 22.1025943756, 19.2086009979, 16.6031970978, 14.3216152191, 12.4948797226, 10.9500589371, 9.44634246826, 7.2403922081, 6.27358722687, 5.48210525513, 3.92636656761, 2.67048716545, 1.62145149708, 1.07167351246, 0.466522485018, 0.150250807405, 0.037088342011, 0.00288270320743, 8.99522492546e-05],
        "min": [4.52091110829e-22, 8.22295723295e-21, 2.82993932567e-20, 1.82947649169e-20, 1.25709623295e-19, 1.24803356461e-19, 2.75968519604e-19, 4.14226666662e-19, 9.56876535542e-19, 2.06576425905e-18, 3.13679957734e-18, 1.50567447602e-18, 1.04328651067e-18, 1.64337213067e-18, 5.02139866773e-18, 2.91389528857e-18, 3.56808989436e-18, 2.43839775127e-18, 7.46333716561e-18, 1.09729817866e-17, 6.83278110698e-18, 1.19364859e-17, 1.66640034261e-17, 6.6717894259e-18, 1.1780124776e-17, 1.39078674036e-17, 1.49155520607e-17, 2.53670022614e-17, 1.18435050089e-17, 1.28685629404e-17, 2.56867356923e-17, 1.49052917124e-17, 1.24716560399e-17, 1.01471585774e-17, 1.2010134753e-17, 6.785583422e-18, 3.25773710521e-18, 1.32618786363e-18, 3.33631874641e-19, 3.91217397152e-20],
        "var": [0.140258997679, 3.71877861023, 25.1522312164, 12.8202543259, 10.7522277832, 40.0617485046, 99.6241226196, 364.668670654, 1239.18103027, 2895.43725586, 4045.24414062, 8519.32226562, 5225.99365234, 14074.3330078, 25796.1210938, 7705.68847656, 4882.171875, 1978.23547363, 2385.95874023, 2286.25219727, 2748.20288086, 2093.86572266, 1492.13378906, 1250.64135742, 834.572937012, 586.591247559, 395.26751709, 285.420288086, 211.186950684, 167.099212646, 150.03805542, 88.8265228271, 58.842300415, 24.5242519379, 10.3065376282, 1.84590005875, 0.182255446911, 0.0107214823365, 8.55445032357e-05, 2.33939285721e-08]
    },
    "gfcc": {
        "mean": [42.254989624, 57.4662208557, -112.034675598, 25.4658622742, -46.8467178345, 26.0938968658, -23.1238212585, 20.0986213684, -16.7515335083, 10.0571203232, -13.0209875107, 7.27431201935, -11.026137352],
        "cov": [[12573.3007812, 403.761352539, 1995.7713623, -134.575973511, -607.51751709, -225.266723633, -294.160888672, 489.010894775, -245.438522339, 189.546188354, -389.973907471, 247.797424316, -214.880249023], [403.761352539, 3273.07202148, 310.28024292, -280.635650635, 71.2181930542, -321.002441406, 151.32800293, -133.782058716, 107.184127808, -167.031234741, 137.728164673, -198.897338867, 38.1310119629], [1995.7713623, 310.28024292, 1425.4206543, 232.884567261, 0.250734686852, 142.633499146, 5.55166292191, 192.778106689, 19.3975105286, 106.456665039, -51.7281303406, 59.6357116699, -39.5377388], [-134.575973511, -280.635650635, 232.884567261, 365.066070557, 147.976547241, 139.777862549, 29.6680297852, 29.9211463928, 7.32191467285, 37.5800361633, 0.0524411648512, 17.610206604, -16.5332279205], [-607.51751709, 71.2181930542, 0.250734686852, 147.976547241, 223.374862671, 103.631484985, 78.8254165649, -22.1506748199, 24.4637031555, -13.4196987152, 32.1025733948, -16.4593811035, 5.72937345505], [-225.266723633, -321.002441406, 142.633499146, 139.777862549, 103.631484985, 219.8384552, 72.6157302856, 58.8941497803, 4.39188051224, 24.0945453644, -3.94816470146, 25.0085220337, 0.603641033173], [-294.160888672, 151.32800293, 5.55166292191, 29.6680297852, 78.8254165649, 72.6157302856, 134.27381897, 39.6159706116, 53.459815979, -2.77598571777, 32.8592987061, -1.33419072628, 25.4737300873], [489.010894775, -133.782058716, 192.778106689, 29.9211463928, -22.1506748199, 58.8941497803, 39.6159706116, 126.455612183, 40.5625038147, 52.2584152222, -16.7790699005, 32.2128562927, 2.92598390579], [-245.438522339, 107.184127808, 19.3975105286, 7.32191467285, 24.4637031555, 4.39188051224, 53.459815979, 40.5625038147, 101.517990112, 43.8287391663, 39.4122924805, -5.05613231659, 27.0179595947], [189.546188354, -167.031234741, 106.456665039, 37.5800361633, -13.4196987152, 24.0945453644, -2.77598571777, 52.2584152222, 43.8287391663, 94.9090652466, 26.4663333893, 32.823223114, 0.191369518638], [-389.973907471, 137.728164673, -51.7281303406, 0.0524411648512, 32.1025733948, -3.94816470146, 32.8592987061, -16.7790699005, 39.4122924805, 26.4663333893, 81.1478881836, 13.9764099121, 23.8155059814], [247.797424316, -198.897338867, 59.6357116699, 17.610206604, -16.4593811035, 25.0085220337, -1.33419072628, 32.2128562927, -5.05613231659, 32.823223114, 13.9764099121, 72.178237915, 24.5491161346], [-214.880249023, 38.1310119629, -39.5377388, -16.5332279205, 5.72937345505, 0.603641033173, 25.4737300873, 2.92598390579, 27.0179595947, 0.191369518638, 23.8155059814, 24.5491161346, 67.7109680176]],
        "icov": [[0.000213795035961, -0.000182340838364, -8.01352289272e-05, 1.49322604557e-05, 8.96876372281e-05, 0.00029189127963, 2.19976391236e-06, -0.000506860844325, 0.000507884717081, -0.000611770723481, 0.00114285689779, -0.00112411146984, 0.000553558114916], [-0.000182340838364, 0.00115844793618, -0.000742406584322, 0.000595782708842, -0.000579775078222, 0.00151317112613, -0.00125563703477, 0.000390573055483, -0.000118925352581, 0.00205299048685, -0.00331954262219, 0.00350352888927, -0.00108900421765], [-8.01352289272e-05, -0.000742406584322, 0.00169959536288, -0.001022167271, 0.000412386056269, -0.00157091603614, 0.00135936343577, -0.00127840810455, -0.000195168555365, -0.00121101550758, 0.00150830566417, -0.00164241471794, 0.000575820216909], [1.49322604557e-05, 0.000595782708842, -0.001022167271, 0.00554671091959, -0.00372999883257, -0.000433468841948, 0.000421215198003, 0.000374572788132, 4.62240350316e-05, -0.000747307611164, -0.000240720211877, 0.000432897650171, 0.00052558328025], [8.96876372281e-05, -0.000579775078222, 0.000412386056269, -0.00372999883257, 0.0111431730911, -0.00406909361482, -0.00324587686919, 0.00453894725069, -0.00242048106156, 0.00119563203771, -0.000165432997164, -0.0005927226739, 0.00129506818485], [0.00029189127963, 0.00151317112613, -0.00157091603614, -0.000433468841948, -0.00406909361482, 0.0132796317339, -0.00668961135671, -0.00379028450698, 0.00612393813208, -0.00147181143984, -0.000537522311788, 0.00218116561882, -0.00108366878703], [2.19976391236e-06, -0.00125563703477, 0.00135936343577, 0.000421215198003, -0.00324587686919, -0.00668961135671, 0.021212939173, -0.00910433474928, -0.00682442681864, 0.00822411943227, -0.00546327000484, -0.00168072350789, -0.000411424349295], [-0.000506860844325, 0.000390573055483, -0.00127840810455, 0.000374572788132, 0.00453894725069, -0.00379028450698, -0.00910433474928, 0.0267531815916, -0.0109448330477, -0.00603761989623, 0.0110929934308, -0.00698049087077, 0.00244874577038], [0.000507884717081, -0.000118925352581, -0.000195168555365, 4.62240350316e-05, -0.00242048106156, 0.00612393813208, -0.00682442681864, -0.0109448330477, 0.0318034365773, -0.0151184191927, -0.00541479699314, 0.0140841957182, -0.0110825933516], [-0.000611770723481, 0.00205299048685, -0.00121101550758, -0.000747307611164, 0.00119563203771, -0.00147181143984, 0.00822411943227, -0.00603761989623, -0.0151184191927, 0.033831294626, -0.0173461548984, -0.00257791951299, 0.00606425525621], [0.00114285689779, -0.00331954262219, 0.00150830566417, -0.000240720211877, -0.000165432997164, -0.000537522311788, -0.00546327000484, 0.0110929934308, -0.00541479699314, -0.0173461548984, 0.0397281497717, -0.0205729082227, 0.00360814901069], [-0.00112411146984, 0.00350352888927, -0.00164241471794, 0.000432897650171, -0.0005927226739, 0.00218116561882, -0.00168072350789, -0.00698049087077, 0.0140841957182, -0.00257791951299, -0.0205729082227, 0.0436301827431, -0.0196240767837], [0.000553558114916, -0.00108900421765, 0.000575820216909, 0.00052558328025, 0.00129506818485, -0.00108366878703, -0.000411424349295, 0.00244874577038, -0.0110825933516, 0.00606425525621, 0.00360814901069, -0.0196240767837, 0.0278030578047]]
    },
    "melbands": {
        "dmean": [0.0011366030667, 0.000817614549305, 0.000264661561232, 0.000137364841066, 0.00012248744315, 0.000122301542433, 0.000189957601833, 0.000219543624553, 0.000161871823366, 0.000184659482329, 0.000135829381179, 0.000213725317735, 0.00024464467424, 0.000116526985948, 8.80883162608e-05, 6.28160414635e-05, 5.20369321748e-05, 4.77929279441e-05, 3.59032164852e-05, 3.84454906452e-05, 3.39932921634e-05, 2.73143214145e-05, 2.31266712944e-05, 1.93686755665e-05, 1.55102879944e-05, 1.24712041725e-05, 8.76705689734e-06, 7.71169106883e-06, 6.51561958875e-06, 5.5380746744e-06, 4.51832056569e-06, 3.81147697226e-06, 3.46638262272e-06, 3.18909701491e-06, 2.99403859572e-06, 2.93466018775e-06, 2.07944094655e-06, 2.20731567424e-06, 1.77205004093e-06, 1.53836083427e-06],
        "dmean2": [0.00163081858773, 0.00112167501356, 0.000434237445006, 0.000224263421842, 0.000183579119039, 0.000186460194527, 0.000271392462309, 0.000318326900015, 0.000237270476646, 0.000274648395134, 0.00021102213941, 0.000339357065968, 0.00039542480954, 0.000194299747818, 0.000151056257891, 0.000107039733848, 8.86385241756e-05, 8.27399780974e-05, 6.10622373642e-05, 6.4486383053e-05, 5.74319092266e-05, 4.53307256976e-05, 3.86891806556e-05, 3.1584095268e-05, 2.56734438153e-05, 2.05764063139e-05, 1.39801277328e-05, 1.22056535474e-05, 1.02364147097e-05, 8.57344366523e-06, 7.02825536791e-06, 5.8931195781e-06, 5.28916643816e-06, 5.02458124174e-06, 4.56115685665e-06, 4.45023715656e-06, 3.13286818709e-06, 3.30688817485e-06, 2.64696814156e-06, 2.27080136028e-06],
        "dvar": [2.86151157525e-06, 1.47546813878e-06, 3.53676938403e-07, 5.58627171188e-08, 3.80127254118e-08, 7.08429439555e-08, 1.33046356154e-07, 1.39766655138e-07, 1.24345945096e-07, 1.6389543589e-07, 7.48704138687e-08, 1.85002889452e-07, 2.11144651985e-07, 4.53489015229e-08, 2.27365415384e-08, 1.10926086094e-08, 6.20365847581e-09, 5.61310065095e-09, 3.34780292377e-09, 3.40896733064e-09, 3.17578541242e-09, 2.19684914704e-09, 1.43755229942e-09, 1.12277431796e-09, 6.02499938829e-10, 3.77079034664e-10, 1.62931529379e-10, 1.17342233152e-10, 8.70290853272e-11, 6.17177350892e-11, 4.37654877616e-11, 3.23437908401e-11, 2.7282270193e-11, 2.56161238055e-11, 2.28554727227e-11, 3.02893127246e-11, 1.13063568924e-11, 1.60007614797e-11, 9.97415865178e-12, 7.65930981833e-12],
        "dvar2": [6.40644248051e-06, 2.89035710921e-06, 9.2970606147e-07, 1.48307563563e-07, 8.11643303678e-08, 1.51131089865e-07, 2.66840032737e-07, 2.86317202836e-07, 2.39069919417e-07, 3.25124290157e-07, 1.55510150535e-07, 4.25773436064e-07, 5.22834397998e-07, 1.17389411969e-07, 6.28085246035e-08, 2.98629636575e-08, 1.67994631539e-08, 1.55940327318e-08, 9.13748721132e-09, 8.65840288355e-09, 8.65871108147e-09, 5.8440421391e-09, 3.7849621215e-09, 2.89452284363e-09, 1.57858193184e-09, 9.79241243648e-10, 4.05907446543e-10, 2.79611583887e-10, 2.09236405979e-10, 1.48596038252e-10, 1.0666662692e-10, 7.65664476265e-11, 6.33954277962e-11, 6.1284394226e-11, 5.24432997029e-11, 7.10295919304e-11, 2.48859353263e-11, 3.54513259027e-11, 2.09024707265e-11, 1.6515930984e-11],
        "max": [0.0243665613234, 0.0136477537453, 0.00535799190402, 0.00360782351345, 0.00566511508077, 0.00763446092606, 0.00561866024509, 0.00740577979013, 0.00578410085291, 0.00862540863454, 0.00590405194089, 0.00730458740145, 0.00537499273196, 0.0037217035424, 0.00205088336952, 0.0017734010471, 0.0008039320237, 0.000974286522251, 0.000928332738113, 0.000800871406682, 0.000643039762508, 0.000595697259996, 0.000453287386335, 0.00048259072355, 0.000335588731105, 0.00026791068376, 0.00017210104852, 0.000110045912152, 0.000117238108942, 9.47317821556e-05, 7.700916467e-05, 6.47210108582e-05, 7.71245468059e-05, 9.2183923698e-05, 8.78449209267e-05, 6.85563209117e-05, 4.1787923692e-05, 4.80855778733e-05, 3.91290195694e-05, 2.98359482258e-05],
        "mean": [0.0034360892605, 0.00266141141765, 0.000506242678966, 0.00023958037491, 0.000244395836489, 0.000204937707167, 0.000340397382388, 0.000375466916012, 0.000257175503066, 0.000276922248304, 0.000189941943972, 0.000264862086624, 0.000320199964335, 0.000151667423779, 0.000109083543066, 7.76271917857e-05, 6.57398559269e-05, 6.09549169894e-05, 4.8111367505e-05, 5.31961704837e-05, 4.66725650767e-05, 3.97017720388e-05, 3.3650205296e-05, 2.93925277219e-05, 2.37255972024e-05, 1.99898604478e-05, 1.58759776241e-05, 1.39775802381e-05, 1.21345710795e-05, 1.0652797755e-05, 9.10604921955e-06, 7.63006391935e-06, 6.83784492139e-06, 6.3384504756e-06, 5.99222084929e-06, 5.44954309589e-06, 4.31664193457e-06, 4.18025274485e-06, 3.43139595316e-06, 2.92254139822e-06],
        "median": [0.00312742288224, 0.00223615532741, 0.000338929501595, 0.000131101653096, 0.000139228912303, 7.82002025517e-05, 0.000139529642183, 0.000171055929968, 9.66884181253e-05, 0.000100330609712, 8.87174828677e-05, 8.82948952494e-05, 9.81742923614e-05, 6.15907119936e-05, 5.09709097969e-05, 3.93459667976e-05, 3.52107017534e-05, 3.30140501319e-05, 2.68834519375e-05, 3.00762258121e-05, 2.48321284744e-05, 2.20096953853e-05, 1.78327227331e-05, 1.54720491992e-05, 1.25517326524e-05, 1.07565729195e-05, 8.82338372321e-06, 7.75703392719e-06, 6.55288613416e-06, 6.23740015726e-06, 5.04382069266e-06, 4.11286191593e-06, 3.66160725207e-06, 3.42343014381e-06, 3.13649888994e-06, 2.69147653853e-06, 2.25584767577e-06, 1.93314531316e-06, 1.50543019117e-06, 1.3212235217e-06],
        "min": [6.63184792283e-24, 1.37355040867e-23, 5.58810882015e-24, 1.13745151838e-23, 7.82624170904e-24, 1.13536734786e-23, 1.28746722457e-23, 2.99230592351e-23, 2.07247375541e-23, 9.74275719017e-24, 4.6294329833e-24, 5.28719033367e-24, 1.94607977905e-23, 8.83606176496e-24, 7.54113554498e-24, 5.27526196792e-24, 4.07412460426e-24, 1.07298367528e-23, 1.47904809075e-23, 9.92570271156e-24, 7.9789691246e-24, 1.08466733637e-23, 1.83286451297e-23, 1.07386483291e-23, 4.26273769683e-24, 8.05186618313e-24, 1.00018325221e-23, 8.22739483429e-24, 6.60353925482e-24, 1.42718443053e-23, 1.44909961757e-23, 6.5197831315e-24, 6.00397341241e-24, 6.92792714208e-24, 1.66648617499e-23, 1.1579148858e-23, 7.77694579108e-24, 7.9764992011e-24, 9.34067715336e-24, 7.8892590736e-24],
        "var": [7.4958506957e-06, 4.41837619292e-06, 3.41737006693e-07, 9.39783149079e-08, 9.94200135551e-08, 1.57353426289e-07, 2.93695705977e-07, 3.20237802498e-07, 2.51665539963e-07, 3.39503742453e-07, 1.29387075276e-07, 2.68717258223e-07, 3.23437632233e-07, 6.57424905626e-08, 2.85572898662e-08, 1.34267610363e-08, 7.11133862907e-09, 6.27722940294e-09, 3.64716323809e-09, 4.35626468231e-09, 3.73349928751e-09, 2.75546718775e-09, 1.93864213571e-09, 1.48014533963e-09, 8.64610549822e-10, 5.8523808022e-10, 3.11002723574e-10, 2.45502118634e-10, 1.89051677091e-10, 1.31199787146e-10, 9.78895228765e-11, 7.13930997653e-11, 6.08577216399e-11, 5.34274915975e-11, 5.02726506257e-11, 5.36404080875e-11, 2.76799815707e-11, 3.22753872239e-11, 2.22654273491e-11, 1.60535976873e-11]
    },
    "mfcc": {
        "mean": [-602.130126953, 98.9211425781, -2.38126826286, 13.3052806854, 4.33857345581, 9.72165775299, 7.85320854187, 12.2156028748, 7.94466304779, 7.44197750092, 4.27907085419, 6.6987490654, 5.24930810928],
        "cov": [[7552.52636719, -673.007019043, 149.018676758, 204.20211792, -34.2399330139, -27.7639274597, -0.626399099827, 89.2292709351, 48.5956726074, -14.2500915527, -30.8582000732, 17.6227531433, 52.1502151489], [-673.007019043, 2383.20288086, -104.542175293, 108.675590515, -59.7478103638, -15.0603599548, -1.41094267368, -22.8800792694, -71.9627075195, -15.3395986557, 5.35909032822, 28.4420852661, 9.14469242096], [149.018676758, -104.542175293, 807.392700195, 181.777481079, 190.344696045, 111.033599854, 90.4190750122, 71.9529342651, 84.6457366943, 69.8871383667, 51.2765960693, 42.5311660767, 43.5435447693], [204.20211792, 108.675590515, 181.777481079, 227.363479614, 108.639526367, 73.2328262329, 43.3495407104, 27.9515209198, 17.1042385101, 24.7723026276, 21.8123054504, 19.7519569397, 10.9366445541], [-34.2399330139, -59.7478103638, 190.344696045, 108.639526367, 171.403579712, 109.693649292, 69.2466888428, 38.0408706665, 26.659822464, 22.5701751709, 17.3382453918, 16.6001434326, 9.80703735352], [-27.7639274597, -15.0603599548, 111.033599854, 73.2328262329, 109.693649292, 145.605133057, 94.4213180542, 56.1026115417, 29.0165424347, 19.8541755676, 18.719707489, 19.8365821838, 10.5340442657], [-0.626399099827, -1.41094267368, 90.4190750122, 43.3495407104, 69.2466888428, 94.4213180542, 110.746452332, 74.7136154175, 34.7755393982, 16.7739505768, 13.3371419907, 18.7935390472, 13.1917133331], [89.2292709351, -22.8800792694, 71.9529342651, 27.9515209198, 38.0408706665, 56.1026115417, 74.7136154175, 100.853622437, 64.0960464478, 23.8433914185, 7.3068561554, 12.2472829819, 13.7037935257], [48.5956726074, -71.9627075195, 84.6457366943, 17.1042385101, 26.659822464, 29.0165424347, 34.7755393982, 64.0960464478, 92.3614959717, 54.6859207153, 14.8902416229, 7.97689437866, 14.5534410477], [-14.2500915527, -15.3395986557, 69.8871383667, 24.7723026276, 22.5701751709, 19.8541755676, 16.7739505768, 23.8433914185, 54.6859207153, 84.9135360718, 46.5806617737, 15.8003797531, 11.9080553055], [-30.8582000732, 5.35909032822, 51.2765960693, 21.8123054504, 17.3382453918, 18.719707489, 13.3371419907, 7.3068561554, 14.8902416229, 46.5806617737, 70.6146087646, 35.8605537415, 9.88552856445], [17.6227531433, 28.4420852661, 42.5311660767, 19.7519569397, 16.6001434326, 19.8365821838, 18.7935390472, 12.2472829819, 7.97689437866, 15.8003797531, 35.8605537415, 57.0859107971, 29.3903579712], [52.1502151489, 9.14469242096, 43.5435447693, 10.9366445541, 9.80703735352, 10.5340442657, 13.1917133331, 13.7037935257, 14.5534410477, 11.9080553055, 9.88552856445, 29.3903579712, 53.3459281921]],
