{
"lowlevel": {
    "average_loudness": 0.816972732544,
    "barkbands_crest": {
        "dmean": 2.94802689552,
        "dmean2": 4.73379898071,
        "dvar": 12.1576843262,
        "dvar2": 32.366191864,
        "max": 26.6041641235,
        "mean": 17.8400173187,
        "median": 19.4346027374,
        "min": 1.72540259361,
        "var": 40.5780906677
    },
    "barkbands_flatness_db": {
        "dmean": 0.0284115467221,
        "dmean2": 0.0438598319888,
        "dvar": 0.00108968059067,
        "dvar2": 0.00244589429349,
        "max": 0.466889947653,
        "mean": 0.190895348787,
        "median": 0.183800801635,
        "min": 0.0165578387678,
        "var": 0.00805492978543
    },
    "barkbands_kurtosis": {
        "dmean": 8.36065101624,
        "dmean2": 12.4187841415,
        "dvar": 223.858016968,
        "dvar2": 548.095031738,
        "max": 456.037384033,
        "mean": 18.8405990601,
        "median": 6.21457004547,
        "min": -1.82954204082,
        "var": 996.031799316
    },
    "barkbands_skewness": {
        "dmean": 0.915137529373,
        "dmean2": 1.35349678993,
        "dvar": 1.07122313976,
        "dvar2": 2.29103255272,
        "max": 19.1936759949,
        "mean": 3.25250577927,
        "median": 2.46017503738,
        "min": -3.45551586151,
        "var": 6.64365386963
    },
    "barkbands_spread": {
        "dmean": 6.01458930969,
        "dmean2": 9.61326789856,
        "dvar": 60.9319458008,
        "dvar2": 153.831985474,
        "max": 97.4122467041,
        "mean": 18.6119976044,
        "median": 14.9416294098,
        "min": 0.266936898232,
        "var": 219.174865723
    },
    "dissonance": {
        "dmean": 0.0155930956826,
        "dmean2": 0.0263565834612,
        "dvar": 0.000251580087934,
        "dvar2": 0.000697474111803,
        "max": 0.5,
        "mean": 0.47064769268,
        "median": 0.476959824562,
        "min": 0.27276340127,
        "var": 0.000623959698714
    },
    "dynamic_complexity": 4.17533111572,
    "erbbands_crest": {
        "dmean": 2.10755133629,
        "dmean2": 3.3798956871,
        "dvar": 4.50198745728,
        "dvar2": 10.8010797501,
        "max": 28.1710186005,
        "mean": 8.37921714783,
        "median": 7.37990856171,
        "min": 2.0731420517,
        "var": 17.9285049438
    },
    "erbbands_flatness_db": {
        "dmean": 0.0119954068214,
        "dmean2": 0.0184006839991,
        "dvar": 0.000191664992599,
        "dvar2": 0.000403447513236,
        "max": 0.487896323204,
        "mean": 0.140397056937,
        "median": 0.124092146754,
        "min": 0.0412898659706,
        "var": 0.00278767035343
    },
    "erbbands_kurtosis": {
        "dmean": 0.579540789127,
        "dmean2": 0.903697788715,
        "dvar": 0.748480677605,
        "dvar2": 1.76703166962,
        "max": 30.4288825989,
        "mean": 0.202051728964,
        "median": -0.291158914566,
        "min": -1.7379026413,
        "var": 3.23326086998
    },
    "erbbands_skewness": {
        "dmean": 0.269644588232,
        "dmean2": 0.398809939623,
        "dvar": 0.0653762221336,
        "dvar2": 0.142991259694,
        "max": 4.36478614807,
        "mean": 0.102819554508,
        "median": 0.00456367712468,
        "min": -3.23070001602,
        "var": 0.475719034672
    },
    "erbbands_spread": {
        "dmean": 7.62990522385,
        "dmean2": 11.6054458618,
        "dvar": 83.6699981689,
        "dvar2": 173.522964478,
        "max": 160.567504883,
        "mean": 45.6300392151,
        "median": 42.7362289429,
        "min": 3.29713487625,
        "var": 456.243621826
    },
    "hfc": {
        "dmean": 6.48559379578,
        "dmean2": 9.29698085785,
        "dvar": 113.04535675,
        "dvar2": 258.56149292,
        "max": 149.812225342,
        "mean": 23.4017314911,
        "median": 13.2865285873,
        "min": 1.20056702938e-16,
        "var": 590.304748535
    },
    "melbands_crest": {
        "dmean": 3.34808135033,
        "dmean2": 5.36852645874,
        "dvar": 16.4106044769,
        "dvar2": 44.0446434021,
        "max": 36.8478050232,
        "mean": 23.4566078186,
        "median": 24.8989963531,
        "min": 1.94114518166,
        "var": 63.5692062378
    },
    "melbands_flatness_db": {
        "dmean": 0.0336305275559,
        "dmean2": 0.0516174733639,
        "dvar": 0.00155770173296,
        "dvar2": 0.00358022144064,
        "max": 0.602877080441,
        "mean": 0.266807168722,
        "median": 0.264553129673,
        "min": 0.00411585858092,
        "var": 0.0118646267802
    },
    "melbands_kurtosis": {
        "dmean": 25.3808326721,
        "dmean2": 36.376335144,
        "dvar": 1704.65905762,
        "dvar2": 3470.83984375,
        "max": 737.871337891,
        "mean": 57.6756324768,
        "median": 20.5493869781,
        "min": -1.63884294033,
        "var": 6653.60449219
    },
    "melbands_skewness": {
        "dmean": 1.44480955601,
        "dmean2": 2.10484647751,
        "dvar": 2.95107126236,
        "dvar2": 5.58252906799,
        "max": 23.5375671387,
        "mean": 5.40957832336,
        "median": 4.08851194382,
        "min": -2.1901743412,
        "var": 16.3110542297
    },
    "melbands_spread": {
        "dmean": 6.63278484344,
        "dmean2": 10.7007436752,
        "dvar": 99.0557785034,
        "dvar2": 235.42930603,
        "max": 191.441253662,
        "mean": 16.4623126984,
        "median": 10.6757907867,
        "min": 0.357988417149,
        "var": 379.333465576
    },
    "pitch_salience": {
        "dmean": 0.0829329043627,
        "dmean2": 0.132394313812,
        "dvar": 0.0105169741437,
        "dvar2": 0.0257951766253,
        "max": 0.942633450031,
        "mean": 0.337084442377,
        "median": 0.318387717009,
        "min": 0.0316300205886,
        "var": 0.0385252051055
    },
    "silence_rate_20dB": {
        "dmean": 0,
        "dmean2": 0,
        "dvar": 0,
        "dvar2": 0,
        "max": 1,
        "mean": 1,
        "median": 1,
        "min": 1,
        "var": 0
    },
    "silence_rate_30dB": {
        "dmean": 0.11266695708,
        "dmean2": 0.225358188152,
        "dvar": 0.0999734029174,
        "dvar2": 0.215078011155,
        "max": 1,
        "mean": 0.845126569271,
        "median": 1,
        "min": 0,
        "var": 0.130881845951
    },
    "silence_rate_60dB": {
        "dmean": 0.0073244292289,
        "dmean2": 0.0146504361182,
        "dvar": 0.00727055594325,
        "dvar2": 0.0172356981784,
        "max": 1,
        "mean": 0.0450188480318,
        "median": 0,
        "min": 0,
        "var": 0.0429905727506
    },
    "spectral_centroid": {
        "dmean": 226.829956055,
        "dmean2": 352.411956787,
        "dvar": 79854.4921875,
        "dvar2": 160549.21875,
        "max": 11719.8271484,
        "mean": 1571.43322754,
        "median": 1597.70556641,
        "min": 168.175567627,
        "var": 552913.4375
    },
    "spectral_complexity": {
        "dmean": 4.2970700264,
        "dmean2": 6.55585479736,
        "dvar": 31.9585781097,
        "dvar2": 69.2959365845,
        "max": 53,
        "mean": 18.0653743744,
        "median": 14,
        "min": 0,
        "var": 162.494628906
    },
    "spectral_decrease": {
        "dmean": 4.77447414937e-09,
        "dmean2": 7.63020224781e-09,
        "dvar": 5.19829380599e-17,
        "dvar2": 1.51194759045e-16,
        "max": 6.3809856288e-20,
        "mean": -1.31477051468e-08,
        "median": -9.18481823931e-09,
        "min": -6.01238099307e-08,
        "var": 1.2736039011e-16
    },
    "spectral_energy": {
        "dmean": 0.0182936899364,
        "dmean2": 0.0291056167334,
        "dvar": 0.000743358628824,
        "dvar2": 0.00215720687993,
        "max": 0.232966929674,
        "mean": 0.0517451055348,
        "median": 0.0359320044518,
        "min": 1.09702801178e-20,
        "var": 0.00192331755534
    },
    "spectral_energyband_high": {
        "dmean": 0.000454007065855,
        "dmean2": 0.000667159212753,
        "dvar": 7.50164076635e-07,
        "dvar2": 1.76238972927e-06,
        "max": 0.0226692128927,
        "mean": 0.00140720466152,
        "median": 0.000598862359766,
        "min": 7.51528806304e-21,
        "var": 3.54876692654e-06
    },
    "spectral_energyband_low": {
        "dmean": 0.0171845778823,
        "dmean2": 0.0282337628305,
        "dvar": 0.000830766861327,
        "dvar2": 0.00239889603108,
        "max": 0.209963411093,
        "mean": 0.039031598717,
        "median": 0.0275749005377,
        "min": 5.51518912131e-23,
        "var": 0.00154406460933
    },
    "spectral_energyband_middle_high": {
        "dmean": 0.00163873028941,
        "dmean2": 0.00256394012831,
        "dvar": 7.80522168498e-06,
        "dvar2": 1.93167725229e-05,
        "max": 0.0274197086692,
        "mean": 0.00435022264719,
        "median": 0.00207930989563,
        "min": 1.75794439225e-21,
        "var": 2.46084346145e-05
    },
    "spectral_energyband_middle_low": {
        "dmean": 0.00348418019712,
        "dmean2": 0.00544246518984,
        "dvar": 3.89615161112e-05,
        "dvar2": 9.59249955486e-05,
        "max": 0.0706978589296,
        "mean": 0.00729060405865,
        "median": 0.00323168258183,
        "min": 3.85474016193e-22,
        "var": 7.57243469707e-05
    },
    "spectral_entropy": {
        "dmean": 0.113795012236,
        "dmean2": 0.171915978193,
        "dvar": 0.0196903664619,
        "dvar2": 0.042143240571,
        "max": 9.79340457916,
        "mean": 7.77721214294,
        "median": 7.95333957672,
        "min": 5.55140590668,
        "var": 0.288450628519
    },
    "spectral_flux": {
        "dmean": 0.0328676104546,
        "dmean2": 0.0479112416506,
        "dvar": 0.00178273080382,
        "dvar2": 0.00380769651383,
        "max": 0.378480613232,
        "mean": 0.0860272943974,
        "median": 0.0629881024361,
        "min": 1.04739106277e-10,
        "var": 0.00552734173834
    },
    "spectral_kurtosis": {
        "dmean": 1.37307906151,
        "dmean2": 2.3278260231,
        "dvar": 7.37821292877,
        "dvar2": 22.1825866699,
        "max": 95.4522018433,
        "mean": 4.31611251831,
        "median": 2.74492835999,
        "min": -1.21246528625,
        "var": 29.2206344604
    },
    "spectral_rms": {
        "dmean": 0.00107141165063,
        "dmean2": 0.00167226360645,
        "dvar": 1.92937250176e-06,
        "dvar2": 5.35442995897e-06,
        "max": 0.0150759676471,
        "mean": 0.00643955217674,
        "median": 0.00592077802867,
        "min": 3.27150004135e-12,
        "var": 9.0152161647e-06
    },
    "spectral_rolloff": {
        "dmean": 435.00958252,
        "dmean2": 734.535949707,
        "dvar": 573654.9375,
        "dvar2": 1285498.875,
        "max": 19379.8828125,
        "mean": 975.288452148,
        "median": 409.130859375,
        "min": 64.599609375,
        "var": 2371985.25
    },
    "spectral_skewness": {
        "dmean": 0.16764716804,
        "dmean2": 0.273599863052,
        "dvar": 0.0435828231275,
        "dvar2": 0.119848169386,
        "max": 7.84457969666,
        "mean": 1.46879029274,
        "median": 1.31798994541,
        "min": -0.074455074966,
        "var": 0.368983745575
    },
    "spectral_spread": {
        "dmean": 371535.375,
        "dmean2": 561538.0625,
        "dvar": 311419666432,
        "dvar2": 457403432960,
        "max": 41200384,
        "mean": 5006565.5,
        "median": 5338678.5,
        "min": 638031.8125,
        "var": 2.91339003494e+12
    },
    "spectral_strongpeak": {
        "dmean": 0.241778478026,
        "dmean2": 0.427378714085,
        "dvar": 0.256777107716,
        "dvar2": 0.71752935648,
        "max": 8.63469219208,
        "mean": 0.603600800037,
        "median": 0.430367350578,
        "min": 0,
        "var": 0.415823817253
    },
    "zerocrossingrate": {
        "dmean": 0.00933030620217,
        "dmean2": 0.0110797714442,
        "dvar": 0.000183926909813,
        "dvar2": 0.000211081467569,
        "max": 0.85107421875,
        "mean": 0.0453487858176,
        "median": 0.0322265625,
        "min": 0.00244140625,
        "var": 0.00227042776532
    },
    "barkbands": {
        "dmean": [0.000902141386177, 0.0170710794628, 0.00156591564883, 0.000728112761863, 0.000492907769512, 0.000765809440054, 0.000504375668243, 0.00109036406502, 0.00100356061012, 0.00028898473829, 0.000215919324546, 0.00034256777144, 0.000354011950549, 0.000258941814536, 0.000333512347424, 0.000258289801423, 0.00016721697466, 0.000181855095434, 0.00018695514882, 0.000149137325934, 0.000137539711432, 0.000114274524094, 9.74899739958e-05, 7.03496334609e-05, 4.98934678035e-05, 2.19164139708e-05, 6.66185087539e-06],
        "dmean2": [0.0013634293573, 0.0283505041152, 0.00281988363713, 0.00134958815761, 0.000851443910506, 0.00127897260245, 0.000798733206466, 0.00158277875744, 0.00154068437405, 0.000457589834696, 0.000354746123776, 0.000581510481425, 0.000593757315073, 0.000438774120994, 0.000540793815162, 0.000421958684456, 0.000284248933895, 0.000289217132377, 0.000302349886624, 0.000237925953115, 0.000210460028029, 0.000182509364095, 0.000150282590766, 0.000111668152385, 7.74770887801e-05, 3.21823135891e-05, 1.07565010694e-05],
        "dvar": [4.99492352901e-06, 0.000819109554868, 3.73593393306e-05, 6.67029189572e-06, 1.36135065532e-06, 3.55412316821e-06, 5.20868252352e-06, 8.35001173982e-06, 6.07725041846e-06, 3.28619819356e-07, 2.17533909108e-07, 5.95250071456e-07, 5.80434630137e-07, 3.09208246563e-07, 5.32977480816e-07, 3.10400054104e-07, 1.01678296005e-07, 1.26363616459e-07, 1.34571223498e-07, 8.76682619833e-08, 7.16741510587e-08, 4.22091233077e-08, 4.50135146934e-08, 1.88193904904e-08, 9.45670564079e-09, 1.7344343739e-09, 2.2880250472e-10],
        "dvar2": [1.22375959108e-05, 0.00236953794956, 0.000103017679066, 1.93604719243e-05, 3.83491669709e-06, 9.2955197033e-06, 1.2542177501e-05, 1.79234848474e-05, 1.36344424391e-05, 7.70599626776e-07, 5.62931859349e-07, 1.59346518558e-06, 1.64264997693e-06, 8.45406248118e-07, 1.33842672767e-06, 7.5307627867e-07, 2.82529100559e-07, 3.22650123508e-07, 3.2957041185e-07, 2.31030170994e-07, 1.60889257472e-07, 1.06196694105e-07, 1.09178031948e-07, 4.74408281548e-08, 2.22617160262e-08, 3.83151732564e-09, 5.8179283613e-10],
        "max": [0.0915715172887, 0.188090413809, 0.0473385304213, 0.0236609727144, 0.0119221918285, 0.039315007627, 0.0558934397995, 0.0557285137475, 0.0376139767468, 0.0196980684996, 0.0110691422597, 0.0128160575405, 0.0116040147841, 0.0106856059283, 0.0106873726472, 0.0110714482144, 0.00680096726865, 0.00475422758609, 0.0053897658363, 0.00797863863409, 0.0123525224626, 0.00386319868267, 0.00763106439263, 0.00326484721154, 0.00263228616677, 0.000601657200605, 0.000231910627917],
        "mean": [0.00213968520984, 0.0354137532413, 0.00123306107707, 0.00060816144105, 0.000745581346564, 0.00127801962662, 0.000658150063828, 0.0019661183469, 0.0018582388293, 0.00051648740191, 0.000353800132871, 0.000494658830576, 0.000553560676053, 0.000414169568103, 0.000556478160433, 0.000480954942759, 0.00026418993366, 0.000331788760377, 0.000351028778823, 0.000293338060146, 0.000327618035953, 0.000274302117759, 0.000231567944866, 0.000185686876648, 0.000136394868605, 6.57082855469e-05, 1.25976803247e-05],
        "median": [0.000391082314309, 0.0233678743243, 0.000187328303582, 9.80820768746e-05, 0.000328671885654, 0.000458531430922, 0.000113943962788, 0.000186634992133, 0.000260749598965, 0.000173182896106, 0.000125818740344, 0.000183369702427, 0.000215096806642, 0.000187696583453, 0.00017356875469, 0.000144491554238, 0.000114782735182, 0.000104011138319, 9.96088492684e-05, 0.000101048972283, 0.000111932036816, 9.41548933042e-05, 8.12742073322e-05, 7.54665088607e-05, 5.86818423471e-05, 1.79178387043e-05, 7.76171816597e-07],
        "min": [4.87442921881e-25, 2.18118178582e-23, 3.15955327066e-23, 1.65448980943e-23, 8.871905869e-23, 5.11276624555e-23, 8.61736380516e-23, 4.63635862985e-23, 8.43999505706e-23, 1.00557172439e-22, 1.01007416379e-22, 7.24620238285e-23, 1.4293835223e-22, 7.4221587544e-23, 9.6397849674e-23, 2.07648523933e-22, 1.20483294034e-22, 2.41830169879e-22, 3.67007880497e-22, 4.67671883635e-22, 3.47184121493e-22, 6.52690032925e-22, 7.23235200484e-22, 8.36836875878e-22, 1.09406207653e-21, 1.57508668685e-21, 2.3410120103e-21],
        "var": [1.13111345854e-05, 0.00131913949735, 2.42708138103e-05, 3.95784445573e-06, 1.24505174881e-06, 5.07106187797e-06, 6.38196570435e-06, 2.13555413211e-05, 1.651851926e-05, 7.5754462614e-07, 4.32701796171e-07, 9.57109250521e-07, 9.96464336822e-07, 5.93985987507e-07, 9.94132506094e-07, 9.72598968474e-07, 1.73109455659e-07, 3.22475187886e-07, 3.87905970456e-07, 2.32923696331e-07, 2.89169577172e-07, 1.57479945528e-07, 1.36840796472e-07, 6.96674149481e-08, 3.28128635374e-08, 7.63128760184e-09, 5.19515985786e-10]
    },
    "erbbands": {
        "dmean": [0.768909394741, 3.14828634262, 2.23678660393, 1.99541068077, 2.02224826813, 1.43699526787, 3.5226392746, 7.3398604393, 7.33179330826, 9.04041671753, 27.0817241669, 27.9675788879, 10.0112485886, 8.54222869873, 10.306432724, 14.6551074982, 15.8306779861, 13.4354553223, 18.1330795288, 14.5569963455, 11.4667463303, 7.45177268982, 10.3223800659, 7.89979124069, 9.03289699554, 7.48375988007, 5.71199941635, 5.21940422058, 4.15089607239, 3.53764414787, 2.77819871902, 1.85752999783, 1.10210871696, 0.644131302834, 0.343563705683, 0.127246782184, 0.0384979769588, 0.00993903912604, 0.00107190187555, 2.86097638309e-05],
        "dmean2": [1.23415350914, 5.18644809723, 3.77692961693, 3.60740280151, 3.6296787262, 2.46770262718, 5.54686260223, 12.5444927216, 11.6036777496, 13.5784540176, 39.6440696716, 42.4892730713, 15.6817369461, 13.8713274002, 16.8698310852, 24.7714233398, 26.5859565735, 22.544752121, 29.6727924347, 23.1724815369, 18.9919300079, 12.6442737579, 16.5291233063, 12.4724168777, 14.8290777206, 11.7582454681, 8.91017341614, 8.0189743042, 6.77610301971, 5.37639665604, 4.42160177231, 2.96621084213, 1.77432072163, 1.00785779953, 0.53651881218, 0.191503986716, 0.0574099011719, 0.0153939928859, 0.00173284648918, 4.4702373998e-05],
        "dvar": [1.72315752506, 27.5296840668, 53.2408714294, 56.0719070435, 38.5969467163, 10.945435524, 43.8539581299, 363.822570801, 897.03338623, 1084.45556641, 4686.89257812, 4673.51123047, 511.422668457, 262.137115479, 462.522186279, 1149.88269043, 1202.4095459, 667.491210938, 1640.42614746, 988.780578613, 474.963317871, 165.951461792, 434.344055176, 240.861724854, 337.16796875, 220.647949219, 152.440887451, 90.7200164795, 61.0459671021, 41.1270675659, 46.4063034058, 15.1268262863, 4.16130638123, 1.43864488602, 0.468082100153, 0.0577349700034, 0.00558608956635, 0.000420069380198, 6.12537542111e-06, 2.08061479157e-09],
        "dvar2": [4.85458374023, 77.9979248047, 137.898284912, 159.541442871, 110.804878235, 30.383348465, 102.93661499, 978.225341797, 2143.34277344, 2341.2253418, 10545.5048828, 10562.7998047, 1197.59997559, 675.904541016, 1227.84924316, 3007.25488281, 3399.94116211, 1822.63256836, 4252.23388672, 2295.09375, 1208.86755371, 454.219696045, 1151.71447754, 563.000244141, 841.28326416, 572.090881348, 368.998046875, 208.685028076, 158.144897461, 97.14503479, 114.057891846, 39.4034957886, 10.4956407547, 3.46818876266, 1.1076515913, 0.132857784629, 0.0129542918876, 0.00103215733543, 1.55305897351e-05, 5.3178181858e-09],
        "max": [9.84089756012, 36.5606269836, 60.1244125366, 65.5927124023, 57.3299789429, 41.0921859741, 157.341934204, 330.322967529, 738.697021484, 1007.23370361, 1071.14916992, 1088.42773438, 769.250671387, 323.158050537, 537.526123047, 620.922424316, 553.833312988, 445.132354736, 632.035461426, 535.522338867, 341.734313965, 185.347503662, 300.036865234, 419.005584717, 408.658111572, 354.302825928, 472.257965088, 385.279876709, 158.927444458, 153.781906128, 265.671417236, 85.4378585815, 58.027217865, 38.8864135742, 11.2523136139, 3.47512626648, 1.10713422298, 0.313909888268, 0.0432381518185, 0.000698553281836],
        "mean": [1.47565066814, 6.06306934357, 2.82788872719, 1.75170969963, 2.11450695992, 2.19679474831, 6.98694658279, 11.276058197, 9.90668010712, 14.1388025284, 50.486946106, 53.6329193115, 19.3766212463, 15.5602703094, 17.3878173828, 22.4006214142, 25.4964942932, 21.7746009827, 30.4575767517, 28.6189651489, 21.5009784698, 13.4946422577, 19.2820701599, 15.5618333817, 17.0319728851, 14.9741601944, 13.0264434814, 12.4011068344, 9.52639770508, 8.55451583862, 6.37709617615, 4.535633564, 2.85101246834, 1.71860587597, 0.876860618591, 0.348164737225, 0.108858801425, 0.0257120858878, 0.00195084628649, 9.22029066714e-05],
        "median": [0.733970284462, 4.80435037613, 1.29353606701, 0.339699923992, 0.532981216908, 0.952707290649, 2.75200748444, 3.34985518456, 2.48723602295, 2.88150787354, 7.38814544678, 8.72393035889, 4.93436574936, 6.63527536392, 7.19556665421, 9.01260185242, 9.97634124756, 11.07026577, 11.2425928116, 8.33711624146, 7.80318307877, 6.35272932053, 6.11593008041, 5.12817907333, 5.0314874649, 4.84854364395, 4.9902715683, 3.92633914948, 3.34213137627, 2.99369573593, 2.22150444984, 1.63606369495, 1.19117569923, 0.757565319538, 0.352187424898, 0.112117819488, 0.0263320244849, 0.0039182449691, 0.000131217064336, 5.69251678826e-05],
        "min": [2.27042902791e-22, 6.60033421709e-21, 3.6401986017e-20, 3.65867930293e-20, 2.42200783952e-19, 2.95887106302e-19, 2.32040214295e-19, 4.46066554499e-19, 8.42475388874e-19, 1.57950748013e-18, 1.00649775632e-18, 2.48600468386e-18, 1.78269354086e-18, 4.98700449786e-18, 3.26353233258e-18, 3.4126312244e-18, 6.11788654027e-18, 4.06535820499e-18, 3.8533389927e-18, 7.27786755585e-18, 1.10022557085e-17, 9.09933249958e-18, 1.06611413131e-17, 1.27090295788e-17, 2.43431247166e-17, 2.0962510345e-17, 1.50879695876e-17, 1.60311556636e-17, 1.82577472016e-17, 2.72486197793e-17, 2.05554167152e-17, 2.08658261663e-17, 1.17840712547e-17, 1.03883975313e-17, 9.03868858015e-18, 5.97286730322e-18, 2.73722026307e-18, 1.23956344193e-18, 2.92365333146e-19, 3.6896614174e-20],
        "var": [2.97665190697, 39.4556159973, 43.7111282349, 34.5952148438, 25.4042263031, 10.8735246658, 108.887992859, 482.745605469, 1105.2713623, 1741.38378906, 12120.0253906, 12843.3457031, 1383.39880371, 526.389831543, 922.303039551, 1934.14233398, 2108.35644531, 922.32824707, 2807.99365234, 2870.3840332, 1231.48950195, 320.910003662, 1101.57324219, 675.929321289, 920.297668457, 614.017272949, 484.908081055, 373.961456299, 190.16758728, 166.193786621, 120.32800293, 46.4538841248, 15.3488016129, 5.27899742126, 1.41684508324, 0.212371736765, 0.0220558382571, 0.0015034743119, 1.31090973809e-05, 8.04426303347e-09]
    },
    "gfcc": {
        "mean": [-14.327673912, 81.0552062988, -110.061477661, 38.4590492249, -42.5419654846, 28.4986476898, -20.1623306274, 18.9607658386, -8.94156360626, 14.0979413986, -6.32951831818, 3.0707321167, -1.73237705231],
        "cov": [[13732.5576172, -3624.1550293, 303.875915527, 129.369857788, -934.805603027, 584.866149902, -477.130981445, 437.115905762, -352.508392334, 404.450256348, -588.139831543, 382.70123291, -711.654724121], [-3624.1550293, 3286.17382812, -4.12673616409, 51.8114051819, 510.712677002, -438.345733643, 363.00302124, -90.171661377, 373.836364746, -190.333297729, 436.564971924, -222.812911987, 471.113220215], [303.875915527, -4.12673616409, 918.936096191, 338.450683594, 301.923828125, 232.590637207, 42.7236785889, 125.416183472, -20.1016979218, 114.20035553, -12.6102056503, 53.2895812988, 14.2530012131], [129.369857788, 51.8114051819, 338.450683594, 556.91619873, 306.256011963, 253.364578247, 182.827606201, 56.3832397461, 91.7946777344, 22.1481304169, 61.7797012329, 38.0834922791, 45.8728904724], [-934.805603027, 510.712677002, 301.923828125, 306.256011963, 600.192871094, 234.514480591, 278.127624512, 70.796875, 141.599151611, 15.8941440582, 122.194313049, 14.0000181198, 121.826194763], [584.866149902, -438.345733643, 232.590637207, 253.364578247, 234.514480591, 431.432128906, 165.805923462, 113.289207458, 36.4543151855, 84.7267532349, 20.2984199524, 66.0572280884, -37.9135055542], [-477.130981445, 363.00302124, 42.7236785889, 182.827606201, 278.127624512, 165.805923462, 295.696166992, 70.2639465332, 151.276626587, 5.88510751724, 127.103042603, 4.41607570648, 83.057220459], [437.115905762, -90.171661377, 125.416183472, 56.3832397461, 70.796875, 113.289207458, 70.2639465332, 170.559936523, 46.282207489, 77.267578125, 14.9258718491, 30.9731216431, 11.1021595001], [-352.508392334, 373.836364746, -20.1016979218, 91.7946777344, 141.599151611, 36.4543151855, 151.276626587, 46.282207489, 186.240661621, 17.4518680573, 98.3864517212, -4.1836771965, 65.0467071533], [404.450256348, -190.333297729, 114.20035553, 22.1481304169, 15.8941440582, 84.7267532349, 5.88510751724, 77.267578125, 17.4518680573, 115.813499451, 18.3536701202, 40.9332084656, -17.4219970703], [-588.139831543, 436.564971924, -12.6102056503, 61.7797012329, 122.194313049, 20.2984199524, 127.103042603, 14.9258718491, 98.3864517212, 18.3536701202, 170.49609375, 6.65775918961, 93.1586303711], [382.70123291, -222.812911987, 53.2895812988, 38.0834922791, 14.0000181198, 66.0572280884, 4.41607570648, 30.9731216431, -4.1836771965, 40.9332084656, 6.65775918961, 92.6758422852, 6.70452022552], [-711.654724121, 471.113220215, 14.2530012131, 45.8728904724, 121.826194763, -37.9135055542, 83.057220459, 11.1021595001, 65.0467071533, -17.4219970703, 93.1586303711, 6.70452022552, 155.188812256]],
        "icov": [[0.000155053945491, -8.49315620144e-05, 5.78468243475e-05, -0.000169154329342, 0.000277863728115, -0.00014723330969, 3.56731761713e-05, -0.000354195333784, 5.6063883676e-05, -0.000168801518157, 0.00035842176294, -0.00061593396822, 0.000534706108738], [-8.49315620144e-05, 0.00180411268957, -0.000774741696659, 0.000502937531564, -0.00086264393758, 0.00179670844227, -0.0003365247685, 0.000311304931529, -0.00143721979111, 0.00167356734164, -0.00268648541532, 0.00325175700709, -0.00240735244006], [5.78468243475e-05, -0.000774741696659, 0.00247964565642, -0.00134966638871, -0.000739059003536, -0.000670000736136, 0.0010818723822, -0.000952912785579, 0.00172597495839, -0.00251024356112, 0.00165270734578, -0.00110253028106, 0.00074432574911], [-0.000169154329342, 0.000502937531564, -0.00134966638871, 0.00384555780329, -0.000696777307894, -0.000911285402253, -0.000583382206969, 0.0011343145743, -0.00166901911143, 0.00202505057678, -0.0010197883239, 0.000700991193298, -0.00125103525352], [0.000277863728115, -0.00086264393758, -0.000739059003536, -0.000696777307894, 0.00524434586987, -0.00224653445184, -0.00235836557113, 0.000261377979768, -7.73987485445e-05, -0.000455660338048, 0.00198061810806, -0.00159204541706, -0.000394319649786], [-0.00014723330969, 0.00179670844227, -0.000670000736136, -0.000911285402253, -0.00224653445184, 0.0082414150238, -0.00383123429492, -0.000822940259241, 0.000840901629999, -0.000664034043439, -0.00225456268527, 0.00103316246532, 0.000969493878074], [3.56731761713e-05, -0.0003365247685, 0.0010818723822, -0.000583382206969, -0.00235836557113, -0.00383123429492, 0.012998891063, -0.00307250884362, -0.00441624084488, 0.00402820669115, -0.00395270669833, 0.00045448335004, 9.28395093069e-05], [-0.000354195333784, 0.000311304931529, -0.000952912785579, 0.0011343145743, 0.000261377979768, -0.000822940259241, -0.00307250884362, 0.0119194258004, -0.00175556424074, -0.00605662958696, 0.00237202318385, 0.00170846574474, -0.00387341971509], [5.6063883676e-05, -0.00143721979111, 0.00172597495839, -0.00166901911143, -7.73987485445e-05, 0.000840901629999, -0.00441624084488, -0.00175556424074, 0.0130136841908, -0.00434441911057, 3.12283664243e-05, -0.00141089374665, 0.00181018270086], [-0.000168801518157, 0.00167356734164, -0.00251024356112, 0.00202505057678, -0.000455660338048, -0.000664034043439, 0.00402820669115, -0.00605662958696, -0.00434441911057, 0.0211429912597, -0.00842252280563, -0.00133595115039, 0.00155843654647], [0.00035842176294, -0.00268648541532, 0.00165270734578, -0.0010197883239, 0.00198061810806, -0.00225456268527, -0.00395270669833, 0.00237202318385, 3.12283664243e-05, -0.00842252280563, 0.0181615799665, -0.00521648861468, -0.00184658775106], [-0.00061593396822, 0.00325175700709, -0.00110253028106, 0.000700991193298, -0.00159204541706, 0.00103316246532, 0.00045448335004, 0.00170846574474, -0.00141089374665, -0.00133595115039, -0.00521648861468, 0.0219642613083, -0.00904132239521], [0.000534706108738, -0.00240735244006, 0.00074432574911, -0.00125103525352, -0.000394319649786, 0.000969493878074, 9.28395093069e-05, -0.00387341971509, 0.00181018270086, 0.00155843654647, -0.00184658775106, -0.00904132239521, 0.018194463104]]
    },
    "melbands": {
        "dmean": [0.00560208270326, 0.00196085567586, 0.000353773211828, 0.000114448441309, 0.000109381391667, 0.000158028225997, 0.000112255154818, 0.000121710821986, 0.000215462365304, 0.000168661717908, 4.70941740787e-05, 3.57393728336e-05, 3.13318778353e-05, 4.17113369622e-05, 3.26268564095e-05, 3.60074191121e-05, 2.56815492321e-05, 3.00675128528e-05, 1.8960219677e-05, 2.35786719713e-05, 1.2768772649e-05, 8.8138922365e-06, 8.92052503332e-06, 9.69117081695e-06, 6.51166146781e-06, 8.93381002243e-06, 4.69066117148e-06, 5.62745162824e-06, 3.80380106435e-06, 4.00870430894e-06, 2.98291183753e-06, 2.64563300334e-06, 2.31300327869e-06, 1.95484744836e-06, 1.7385780211e-06, 1.67262805917e-06, 1.1079749811e-06, 8.86977602477e-07, 6.7082936539e-07, 5.6341968957e-07],
        "dmean2": [0.00913954060525, 0.00320160598494, 0.000634210009594, 0.000202062758035, 0.000174535045517, 0.000268873613095, 0.000177477355464, 0.000179546594154, 0.000315927027259, 0.000256819883361, 7.4553390732e-05, 5.79955230933e-05, 5.17019580002e-05, 7.01634999132e-05, 5.5661337683e-05, 6.00851271884e-05, 4.35077672591e-05, 4.92469443998e-05, 3.08619164571e-05, 3.76209427486e-05, 2.14592128032e-05, 1.49947563841e-05, 1.48027038449e-05, 1.53797027451e-05, 1.04367281892e-05, 1.46301181303e-05, 7.75872922532e-06, 8.86670477485e-06, 6.07833135291e-06, 6.2461563175e-06, 4.63937658424e-06, 4.36061964137e-06, 3.70851876141e-06, 2.99952239402e-06, 2.83985696115e-06, 2.73116347671e-06, 1.78985249022e-06, 1.46231650433e-06, 1.08217102479e-06, 8.88539148036e-07],
        "dvar": [8.80259467522e-05, 1.55622838065e-05, 1.62964317951e-06, 9.62517816561e-08, 4.24995967307e-08, 1.73534473902e-07, 2.24127177262e-07, 1.55078026864e-07, 2.70892826393e-07, 1.83386731578e-07, 1.15433733683e-08, 4.67846827945e-09, 4.54015980367e-09, 8.71362004773e-09, 4.5056030018e-09, 7.02056768276e-09, 2.71042255306e-09, 4.22391055466e-09, 1.54560442223e-09, 2.80979151057e-09, 5.80565873154e-10, 2.5644086854e-10, 3.29893917739e-10, 3.98958283077e-10, 1.915704817e-10, 3.78194281447e-10, 1.14886364311e-10, 1.25132820772e-10, 8.1166073862e-11, 6.45808614919e-11, 2.88534075105e-11, 2.53650399296e-11, 1.83686729022e-11, 1.25114823016e-11, 1.90232499891e-11, 1.37240514092e-11, 4.8516182391e-12, 2.70736948485e-12, 1.4385245382e-12, 1.07620607304e-12],
        "dvar2": [0.000254511862295, 3.89575543522e-05, 4.61088711745e-06, 2.74432267133e-07, 1.02818184189e-07, 4.61090309045e-07, 5.341829592e-07, 3.21674320958e-07, 6.11988809851e-07, 4.09060845641e-07, 2.75191087695e-08, 1.19725900305e-08, 1.18958789486e-08, 2.35315162911e-08, 1.27288117824e-08, 1.96646059436e-08, 7.37505523318e-09, 1.10484190685e-08, 3.79630815672e-09, 6.64931976146e-09, 1.56910195948e-09, 7.02025493293e-10, 9.18927378635e-10, 9.62155133344e-10, 4.38647007606e-10, 9.36408728336e-10, 3.02756625326e-10, 3.19788223679e-10, 2.05194514158e-10, 1.45117529105e-10, 6.99582891617e-11, 6.6812236299e-11, 4.67500343992e-11, 2.98631570861e-11, 4.7359238059e-11, 3.7059275787e-11, 1.25341282492e-11, 7.12367794961e-12, 3.68398974521e-12, 2.60077961771e-12],
        "max": [0.0673563107848, 0.0342770442367, 0.0110627580434, 0.00306450715289, 0.00468540471047, 0.0073243859224, 0.0118274101987, 0.0127715431154, 0.00795267894864, 0.00733363395557, 0.00381752219982, 0.00137553364038, 0.00168998970184, 0.00160880072508, 0.000951453635935, 0.00127925188281, 0.00101181992795, 0.00101741496474, 0.000584003166296, 0.00103495444637, 0.000424087163992, 0.000302426196868, 0.00028194920742, 0.000337084406056, 0.000387380365282, 0.000288851559162, 0.000425497506512, 0.000259020249359, 0.000330736278556, 0.000304585904814, 0.000191395214642, 8.52376688272e-05, 8.46575712785e-05, 7.98006585683e-05, 0.000177117995918, 9.52996779233e-05, 4.30265063187e-05, 4.16701295762e-05, 3.52659808414e-05, 3.18860948028e-05],
        "mean": [0.0113714607432, 0.00365844578482, 0.000318302656524, 0.000144837438711, 0.000216162821744, 0.000245214439929, 0.00014926600852, 0.000199842557777, 0.000397256953875, 0.000320648628986, 8.50976139191e-05, 6.21912404313e-05, 5.14803614351e-05, 6.19758866378e-05, 4.91346872877e-05, 5.59228865313e-05, 3.86203864764e-05, 4.9166912504e-05, 3.2992738852e-05, 4.51552987215e-05, 2.11162023334e-05, 1.38277191581e-05, 1.55264151545e-05, 1.72738327819e-05, 1.10928904178e-05, 1.57631293405e-05, 8.39185031509e-06, 1.0514107089e-05, 7.50840627006e-06, 8.68217011885e-06, 6.59018314764e-06, 5.39778329767e-06, 5.19012064615e-06, 4.3741852096e-06, 3.6167809867e-06, 3.39829603035e-06, 2.55882150668e-06, 2.05650508178e-06, 1.64875996234e-06, 1.38935627092e-06],
        "median": [0.00687557132915, 0.00265980674885, 5.71655255044e-05, 4.62116950075e-05, 9.28799854591e-05, 7.53024505684e-05, 3.10608193104e-05, 3.45413354808e-05, 5.97011421632e-05, 4.35002984887e-05, 2.1364819986e-05, 2.48364012805e-05, 2.05181804631e-05, 2.16477510548e-05, 2.16017488128e-05, 2.15651107283e-05, 1.89150905499e-05, 1.82567255251e-05, 1.11985564217e-05, 1.0359951375e-05, 8.21721823741e-06, 6.35607602817e-06, 5.36210973223e-06, 5.20632374901e-06, 3.66737049262e-06, 3.5600571664e-06, 3.29886074724e-06, 3.08391622639e-06, 3.07290929413e-06, 2.64056120614e-06, 2.0003433292e-06, 1.84122711744e-06, 1.76778530658e-06, 1.56487510594e-06, 1.27733233057e-06, 1.07295772978e-06, 9.27989844968e-07, 8.25492406875e-07, 7.146364851e-07, 6.01219994678e-07],
        "min": [3.88085407692e-24, 1.57271664577e-23, 1.22217273413e-23, 2.2226845469e-23, 7.65665554708e-24, 1.03598389001e-23, 1.47384318649e-23, 1.6741856152e-23, 7.60229593096e-24, 1.51391085182e-23, 8.41560126906e-24, 2.02977413456e-23, 1.07087907327e-23, 8.8593686604e-24, 1.4040878454e-23, 1.07246144936e-23, 7.74971510149e-24, 5.70321230369e-24, 8.73997061809e-24, 1.15941624588e-23, 1.22250902553e-23, 9.71311337508e-24, 7.30550910348e-24, 1.19476273646e-23, 8.7732360936e-24, 1.7165061095e-23, 1.64176816516e-23, 1.35139793228e-23, 9.64264048611e-24, 1.02804944814e-23, 8.29099595591e-24, 1.19555940709e-23, 1.05063358922e-23, 1.50606326353e-23, 1.02768452109e-23, 1.3749675184e-23, 1.30804103252e-23, 7.29029828751e-24, 8.98838291714e-24, 8.70272612817e-24],
        "var": [0.000146656151628, 2.10463513213e-05, 1.02535341284e-06, 7.37863530276e-08, 9.47810718799e-08, 2.27262873409e-07, 2.7942829206e-07, 3.0387826655e-07, 6.91839488809e-07, 5.38167512332e-07, 2.83944210366e-08, 9.33257915392e-09, 8.8223330863e-09, 1.40828655404e-08, 6.60960752796e-09, 1.17907443808e-08, 3.64223429195e-09, 7.9081434734e-09, 3.33592931057e-09, 9.46369294041e-09, 1.07864905896e-09, 4.13549944289e-10, 8.07043709639e-10, 1.0007042972e-09, 4.82857032136e-10, 1.04411945756e-09, 2.26468857556e-10, 3.36277228286e-10, 1.82890244615e-10, 2.50263948454e-10, 1.04088695996e-10, 6.46464964893e-11, 6.34872085459e-11, 4.51302294147e-11, 4.36822349126e-11, 3.07896520779e-11, 1.46859382294e-11, 8.51013010061e-12, 4.92745297689e-12, 3.58138453789e-12]
    },
    "mfcc": {
        "mean": [-656.569213867, 109.484321594, 1.7088547945, 22.2643718719, 10.2599487305, 16.723449707, 9.63391780853, 9.40406608582, 11.0017261505, 13.4160146713, 8.92160224915, 7.69190740585, 4.82375526428],
        "cov": [[10819.4746094, -2678.00488281, -149.287826538, -535.132751465, -564.154663086, -64.92943573, -252.471664429, 10.3828878403, -64.2993087769, 42.2732391357, 73.8883895874, -6.34485149384, -171.417327881], [-2678.00488281, 2508.18139648, -77.2474136353, 383.55380249, 159.74079895, -123.523765564, 70.8638458252, 22.2013950348, 99.1911621094, 63.8841209412, 43.0395317078, 35.6612472534, 113.886581421], [-149.287826538, -77.2474136353, 550.285095215, 138.124893188, 186.281646729, 88.5353927612, 71.8224945068, 17.6873931885, 40.3563499451, 30.4629268646, 14.091509819, 12.1046485901, 17.1519298553], [-535.132751465, 383.55380249, 138.124893188, 402.129516602, 209.261276245, 157.207305908, 119.16255188, 116.387626648, 97.1326141357, 59.0981788635, 39.3719406128, 39.9074630737, 48.2707901001], [-564.154663086, 159.74079895, 186.281646729, 209.261276245, 349.349517822, 210.905273438, 170.699798584, 112.27721405, 116.649368286, 53.0900115967, 51.0480690002, 55.7811126709, 43.9956626892], [-64.92943573, -123.523765564, 88.5353927612, 157.207305908, 210.905273438, 350.096191406, 189.420089722, 169.546432495, 86.6461334229, 89.0664596558, 61.0301513672, 56.0745506287, 64.5899505615], [-252.471664429, 70.8638458252, 71.8224945068, 119.16255188, 170.699798584, 189.420089722, 250.829849243, 125.922645569, 97.9042816162, 75.2667236328, 61.3205833435, 53.598487854, 66.4484634399], [10.3828878403, 22.2013950348, 17.6873931885, 116.387626648, 112.27721405, 169.546432495, 125.922645569, 175.030685425, 95.5269470215, 72.6854476929, 48.8903465271, 44.4947471619, 50.858379364], [-64.2993087769, 99.1911621094, 40.3563499451, 97.1326141357, 116.649368286, 86.6461334229, 97.9042816162, 95.5269470215, 138.498352051, 68.618270874, 52.1346321106, 42.5823936462, 31.1402606964], [42.2732391357, 63.8841209412, 30.4629268646, 59.0981788635, 53.0900115967, 89.0664596558, 75.2667236328, 72.6854476929, 68.618270874, 114.933433533, 67.553855896, 35.8774452209, 38.2812843323], [73.8883895874, 43.0395317078, 14.091509819, 39.3719406128, 51.0480690002, 61.0301513672, 61.3205833435, 48.8903465271, 52.1346321106, 67.553855896, 100.896270752, 65.0468215942, 35.2339096069], [-6.34485149384, 35.6612472534, 12.1046485901, 39.9074630737, 55.7811126709, 56.0745506287, 53.598487854, 44.4947471619, 42.5823936462, 35.8774452209, 65.0468215942, 95.8464050293, 48.5043373108], [-171.417327881, 113.886581421, 17.1519298553, 48.2707901001, 43.9956626892, 64.5899505615, 66.4484634399, 50.858379364, 31.1402606964, 38.2812843323, 35.2339096069, 48.5043373108, 82.0487823486]],
