{
"lowlevel": {
    "average_loudness": 0.85276299715,
    "barkbands_crest": {
        "dmean": 2.25267529488,
        "dmean2": 3.40347719193,
        "dvar": 5.50957584381,
        "dvar2": 12.909620285,
        "max": 26.6282672882,
        "mean": 13.9377393723,
        "median": 12.2605895996,
        "min": 2.21117925644,
        "var": 37.7984428406
    },
    "barkbands_flatness_db": {
        "dmean": 0.022471183911,
        "dmean2": 0.0322046764195,
        "dvar": 0.000698405492585,
        "dvar2": 0.0015138812596,
        "max": 0.383425652981,
        "mean": 0.152120485902,
        "median": 0.144436687231,
        "min": 0.0234813131392,
        "var": 0.00338816735893
    },
    "barkbands_kurtosis": {
        "dmean": 6.51728248596,
        "dmean2": 8.1769695282,
        "dvar": 328.149291992,
        "dvar2": 466.909545898,
        "max": 319.854766846,
        "mean": 10.8568534851,
        "median": 1.87258625031,
        "min": -1.9410392046,
        "var": 897.016845703
    },
    "barkbands_skewness": {
        "dmean": 0.705219328403,
        "dmean2": 0.969618856907,
        "dvar": 1.10936391354,
        "dvar2": 1.84769117832,
        "max": 17.4921855927,
        "mean": 2.34336686134,
        "median": 1.66426944733,
        "min": -4.33514976501,
        "var": 5.27141857147
    },
    "barkbands_spread": {
        "dmean": 6.83875989914,
        "dmean2": 10.5361680984,
        "dvar": 84.8634033203,
        "dvar2": 189.156829834,
        "max": 121.655532837,
        "mean": 28.0566101074,
        "median": 27.4498634338,
        "min": 1.11974573135,
        "var": 283.478393555
    },
    "dissonance": {
        "dmean": 0.0130159612745,
        "dmean2": 0.0219610799104,
        "dvar": 0.000159527931828,
        "dvar2": 0.000435271416791,
        "max": 0.499999880791,
        "mean": 0.475098609924,
        "median": 0.479548335075,
        "min": 0.250938922167,
        "var": 0.000354519666871
    },
    "dynamic_complexity": 2.21731424332,
    "erbbands_crest": {
        "dmean": 2.12732386589,
        "dmean2": 3.45215272903,
        "dvar": 4.31737184525,
        "dvar2": 10.4676322937,
        "max": 27.2211914062,
        "mean": 7.6080327034,
        "median": 6.81898069382,
        "min": 2.27815413475,
        "var": 11.5917520523
    },
    "erbbands_flatness_db": {
        "dmean": 0.011779201217,
        "dmean2": 0.0180402323604,
        "dvar": 0.000127432649606,
        "dvar2": 0.000261710607447,
        "max": 0.375336229801,
        "mean": 0.135772198439,
        "median": 0.128542214632,
        "min": 0.053848605603,
        "var": 0.00160432246048
    },
    "erbbands_kurtosis": {
        "dmean": 0.566319167614,
        "dmean2": 0.913101971149,
        "dvar": 0.474733054638,
        "dvar2": 1.20577418804,
        "max": 20.5903892517,
        "mean": -0.259302228689,
        "median": -0.508768558502,
        "min": -1.76359128952,
        "var": 1.45029306412
    },
    "erbbands_skewness": {
        "dmean": 0.303322941065,
        "dmean2": 0.469500005245,
        "dvar": 0.0815823674202,
        "dvar2": 0.200966194272,
        "max": 4.30627202988,
        "mean": -0.112626589835,
        "median": -0.130612507463,
        "min": -2.89571857452,
        "var": 0.350839674473
    },
    "erbbands_spread": {
        "dmean": 8.02502059937,
        "dmean2": 12.0533456802,
        "dvar": 88.908203125,
        "dvar2": 172.810745239,
        "max": 157.465255737,
        "mean": 45.9899482727,
        "median": 42.3142738342,
        "min": 6.49996900558,
        "var": 384.601837158
    },
    "hfc": {
        "dmean": 8.4121055603,
        "dmean2": 13.0532503128,
        "dvar": 237.375732422,
        "dvar2": 560.125183105,
        "max": 265.226135254,
        "mean": 28.2873344421,
        "median": 22.5735569,
        "min": 1.21926303176e-16,
        "var": 463.953613281
    },
    "melbands_crest": {
        "dmean": 3.38195967674,
        "dmean2": 5.17760133743,
        "dvar": 11.1996612549,
        "dvar2": 28.9258441925,
        "max": 36.4901275635,
        "mean": 22.6184959412,
        "median": 23.3255157471,
        "min": 1.49978947639,
        "var": 45.0326080322
    },
    "melbands_flatness_db": {
        "dmean": 0.0264041814953,
        "dmean2": 0.0380791574717,
        "dvar": 0.001002409379,
        "dvar2": 0.00226685078815,
        "max": 0.478433161974,
        "mean": 0.221404984593,
        "median": 0.213831812143,
        "min": 0.0025237952359,
        "var": 0.00540383439511
    },
    "melbands_kurtosis": {
        "dmean": 19.1663951874,
        "dmean2": 25.3199214935,
        "dvar": 2817.89428711,
        "dvar2": 3855.14208984,
        "max": 745.161193848,
        "mean": 38.4842796326,
        "median": 11.1764755249,
        "min": -1.39677238464,
        "var": 8267.39941406
    },
    "melbands_skewness": {
        "dmean": 1.00170314312,
        "dmean2": 1.41882300377,
        "dvar": 2.3442196846,
        "dvar2": 4.20413684845,
        "max": 21.5971298218,
        "mean": 4.17305088043,
        "median": 3.05932879448,
        "min": -0.447176456451,
        "var": 11.9466238022
    },
    "melbands_spread": {
        "dmean": 7.0645980835,
        "dmean2": 10.8556995392,
        "dvar": 93.5573196411,
        "dvar2": 215.509307861,
        "max": 163.174102783,
        "mean": 24.3512058258,
        "median": 22.1470565796,
        "min": 0.578179299831,
        "var": 337.197021484
    },
    "pitch_salience": {
        "dmean": 0.0638135522604,
        "dmean2": 0.100015930831,
        "dvar": 0.00507108028978,
        "dvar2": 0.012752440758,
        "max": 0.987281143665,
        "mean": 0.373366504908,
        "median": 0.38396859169,
        "min": 0.0199056081474,
        "var": 0.0212750770152
    },
    "silence_rate_20dB": {
        "dmean": 0,
        "dmean2": 0,
        "dvar": 0,
        "dvar2": 0,
        "max": 1,
        "mean": 1,
        "median": 1,
        "min": 1,
        "var": 0
    },
    "silence_rate_30dB": {
        "dmean": 0.0659974887967,
        "dmean2": 0.132011547685,
        "dvar": 0.0616461969912,
        "dvar2": 0.137187868357,
        "max": 1,
        "mean": 0.828001499176,
        "median": 1,
        "min": 0,
        "var": 0.142419621348
    },
    "silence_rate_60dB": {
        "dmean": 0.00552070280537,
        "dmean2": 0.0110427904874,
        "dvar": 0.00549026485533,
        "dvar2": 0.0119248544797,
        "max": 1,
        "mean": 0.0360055193305,
        "median": 0,
        "min": 0,
        "var": 0.0347097963095
    },
    "spectral_centroid": {
        "dmean": 287.738128662,
        "dmean2": 445.971618652,
        "dvar": 109344.648438,
        "dvar2": 249040.46875,
        "max": 11211.1904297,
        "mean": 1958.65917969,
        "median": 1981.68212891,
        "min": 297.057434082,
        "var": 432703.40625
    },
    "spectral_complexity": {
        "dmean": 4.36838150024,
        "dmean2": 6.70121717453,
        "dvar": 31.5424728394,
        "dvar2": 67.6490707397,
        "max": 58,
        "mean": 21.9102993011,
        "median": 21,
        "min": 0,
        "var": 104.018211365
    },
    "spectral_decrease": {
        "dmean": 2.84148615748e-09,
        "dmean2": 4.4242316477e-09,
        "dvar": 1.63479526033e-17,
        "dvar2": 4.52110883176e-17,
        "max": 2.63552327088e-26,
        "mean": -1.45370364635e-08,
        "median": -1.05263877614e-08,
        "min": -4.43949055295e-08,
        "var": 9.85316634547e-17
    },
    "spectral_energy": {
        "dmean": 0.0109030725434,
        "dmean2": 0.0170449241996,
        "dvar": 0.000231807192904,
        "dvar2": 0.000641233636998,
        "max": 0.169205904007,
        "mean": 0.0574318617582,
        "median": 0.0426970086992,
        "min": 1.09007242449e-20,
        "var": 0.00142999098171
    },
    "spectral_energyband_high": {
        "dmean": 0.000731281819753,
        "dmean2": 0.00115034729242,
        "dvar": 1.99271153178e-06,
        "dvar2": 4.65160792373e-06,
        "max": 0.0282338690013,
        "mean": 0.00170004856773,
        "median": 0.00114438741002,
        "min": 7.95928775814e-21,
        "var": 3.71116834685e-06
    },
    "spectral_energyband_low": {
        "dmean": 0.0104908989742,
        "dmean2": 0.015974085778,
        "dvar": 0.000261806650087,
        "dvar2": 0.000723875884432,
        "max": 0.157892137766,
        "mean": 0.0425972938538,
        "median": 0.0249482449144,
        "min": 6.70788496331e-23,
        "var": 0.00143925077282
    },
    "spectral_energyband_middle_high": {
        "dmean": 0.0020569935441,
        "dmean2": 0.00325599615462,
        "dvar": 9.80304230325e-06,
        "dvar2": 2.37451404246e-05,
        "max": 0.0321722663939,
        "mean": 0.00586937041953,
        "median": 0.00450700335205,
        "min": 1.55676289953e-21,
        "var": 2.30535497394e-05
    },
    "spectral_energyband_middle_low": {
        "dmean": 0.0022089111153,
        "dmean2": 0.00343474256806,
        "dvar": 6.56402471577e-06,
        "dvar2": 1.60853051057e-05,
        "max": 0.0405792482197,
        "mean": 0.00702786259353,
        "median": 0.00664752628654,
        "min": 1.59166192927e-22,
        "var": 1.9839120796e-05
    },
    "spectral_entropy": {
        "dmean": 0.123292833567,
        "dmean2": 0.183293536305,
        "dvar": 0.0205198042095,
        "dvar2": 0.0474987253547,
        "max": 9.80646324158,
        "mean": 7.75001144409,
        "median": 7.78664636612,
        "min": 5.47819805145,
        "var": 0.137637481093
    },
    "spectral_flux": {
        "dmean": 0.0245303139091,
        "dmean2": 0.0379977785051,
        "dvar": 0.00102798233274,
        "dvar2": 0.00185800949112,
        "max": 0.367848038673,
        "mean": 0.0867245942354,
        "median": 0.0754753798246,
        "min": 6.6474568905e-11,
        "var": 0.00247498159297
    },
    "spectral_kurtosis": {
        "dmean": 0.928117156029,
        "dmean2": 1.55585622787,
        "dvar": 2.41867017746,
        "dvar2": 7.27888154984,
        "max": 44.2647781372,
        "mean": 3.35847020149,
        "median": 3.0098991394,
        "min": -1.4252563715,
        "var": 7.1052107811
    },
    "spectral_rms": {
        "dmean": 0.000698192627169,
        "dmean2": 0.00107131118421,
        "dvar": 7.18461194538e-07,
        "dvar2": 1.89574552678e-06,
        "max": 0.0128483045846,
        "mean": 0.0070236264728,
        "median": 0.00645411619917,
        "min": 3.26111230034e-12,
        "var": 6.69960809319e-06
    },
    "spectral_rolloff": {
        "dmean": 534.149475098,
        "dmean2": 890.509338379,
        "dvar": 902815.875,
        "dvar2": 1839829.25,
        "max": 21296.3378906,
        "mean": 1330.22033691,
        "median": 818.26171875,
        "min": 64.599609375,
        "var": 2443992.75
    },
    "spectral_skewness": {
        "dmean": 0.140603616834,
        "dmean2": 0.227895841002,
        "dvar": 0.0266177356243,
        "dvar2": 0.0725635141134,
        "max": 4.93333053589,
        "mean": 1.28618240356,
        "median": 1.26197099686,
        "min": -0.0776652172208,
        "var": 0.136769339442
    },
    "spectral_spread": {
        "dmean": 417688.6875,
        "dmean2": 595635.375,
        "dvar": 462340685824,
        "dvar2": 666461863936,
        "max": 40530664,
        "mean": 4936117,
        "median": 4740385.5,
        "min": 1258279.75,
        "var": 2.3826113495e+12
    },
    "spectral_strongpeak": {
        "dmean": 0.203910276294,
        "dmean2": 0.353868335485,
        "dvar": 0.318139612675,
        "dvar2": 0.792330086231,
        "max": 13.0085411072,
        "mean": 0.49435839057,
        "median": 0.212196692824,
        "min": 0,
        "var": 0.434747070074
    },
    "zerocrossingrate": {
        "dmean": 0.00973928067833,
        "dmean2": 0.0116679547355,
        "dvar": 0.000162148891832,
        "dvar2": 0.000193634550669,
        "max": 0.6923828125,
        "mean": 0.0554800443351,
        "median": 0.05029296875,
        "min": 0.0029296875,
        "var": 0.00149505469017
    },
    "barkbands": {
        "dmean": [0.00153276289348, 0.0103509398177, 0.00168357568327, 0.000385889288737, 0.000317674945109, 0.00108750700019, 0.000383639504435, 0.000464371143607, 0.000827539013699, 0.000196594046429, 0.00025370248477, 0.000443218305008, 0.000278541032458, 0.000394758069888, 0.000303247012198, 0.000438814458903, 0.000347236695234, 0.000397419906221, 0.000340541446349, 0.000300996733131, 0.000258410203969, 0.000129413587274, 0.000102058234916, 0.000145834506839, 9.3120681413e-05, 2.79331925412e-05, 5.19291415912e-06],
        "dmean2": [0.0023460702505, 0.0161704272032, 0.00293312454596, 0.000697138253599, 0.000470711587695, 0.00170365546364, 0.0005616035196, 0.000699209747836, 0.00123670988251, 0.000313851371175, 0.000388100685086, 0.000699393218383, 0.00046704072156, 0.000623547646683, 0.000491049897391, 0.000724907440599, 0.000591202988289, 0.000637518707663, 0.000561121269129, 0.000494359410368, 0.000427640159614, 0.000212687140447, 0.000161612071679, 0.000232347898418, 0.000142247357871, 4.30552827311e-05, 8.67941253091e-06],
        "dvar": [7.02851684764e-06, 0.000316035962896, 6.07297297393e-05, 2.52779886978e-06, 2.20137081897e-07, 2.45510864261e-06, 4.40651490408e-07, 8.41091036818e-07, 2.09177756005e-06, 1.41285227073e-07, 2.90230559585e-07, 4.73121360756e-07, 2.13048281239e-07, 5.85519330798e-07, 3.19257566161e-07, 8.29238388178e-07, 5.03890134951e-07, 5.57075281904e-07, 4.40732407014e-07, 2.59379561385e-07, 1.75199545538e-07, 9.42321491948e-08, 5.92508264674e-08, 3.07271989186e-07, 1.03604037349e-07, 4.40530500967e-09, 2.67994487713e-10],
        "dvar2": [1.40909323818e-05, 0.00081828382099, 0.000168515442056, 7.33292199584e-06, 4.55387663578e-07, 6.41539782009e-06, 9.73467990661e-07, 1.77585491201e-06, 4.26935866926e-06, 3.4572946106e-07, 6.6120315978e-07, 1.09371546841e-06, 5.5356105122e-07, 1.38156804042e-06, 7.81162100338e-07, 2.04519074032e-06, 1.35411983138e-06, 1.3200004787e-06, 1.11940346414e-06, 6.50161609883e-07, 4.58429866512e-07, 2.43998471205e-07, 1.39328719229e-07, 7.02550721599e-07, 2.11279811424e-07, 9.6255226012e-09, 6.85578149806e-10],
        "max": [0.0584955215454, 0.149258807302, 0.0825280845165, 0.0190186202526, 0.00756283290684, 0.0308632999659, 0.0114375678822, 0.0216877218336, 0.026073647663, 0.00826642103493, 0.0166638679802, 0.0150967184454, 0.00677735451609, 0.0143394293264, 0.01021229662, 0.0170120727271, 0.0135327028111, 0.0142997736111, 0.00864378735423, 0.00797213613987, 0.00654508545995, 0.00589244486764, 0.00586788868532, 0.0169862192124, 0.00932162255049, 0.00122725591063, 0.000496742257383],
        "mean": [0.00504275970161, 0.0360996685922, 0.00173546234146, 0.000385740742786, 0.000825370079838, 0.00248093600385, 0.00076037744293, 0.000880645762663, 0.00161924748681, 0.000329758389853, 0.000490477308631, 0.000842835521325, 0.000413628062233, 0.000610792660154, 0.00051405915292, 0.000645840424113, 0.00051204522606, 0.000708916864824, 0.000564450048842, 0.000608355621807, 0.000505285686813, 0.000214126441278, 0.00017625275359, 0.000248446420301, 0.000158218521392, 5.25860523339e-05, 5.53506060896e-06],
        "median": [0.00558616174385, 0.017311539501, 0.000744414632209, 0.000131218577735, 0.000423671648605, 0.00155995390378, 0.000404957681894, 0.000346289190929, 0.000797772314399, 0.000154478024342, 0.000172211439349, 0.000392951420508, 0.000217721055378, 0.000234904844547, 0.000235851548496, 0.000260799919488, 0.000201369184651, 0.000295808597002, 0.000311033596518, 0.000365027808584, 0.000286114489427, 7.97073662397e-05, 5.87085196457e-05, 9.15891141631e-05, 5.70173069718e-05, 1.37129309223e-05, 4.60252664425e-07],
        "min": [1.15783221318e-23, 3.94949207542e-23, 6.6574567144e-24, 9.37177326139e-24, 7.07966927037e-24, 1.83997451631e-23, 1.91042452831e-23, 1.33906866742e-23, 4.06555875812e-23, 3.50083090656e-23, 6.52866523197e-23, 3.03683617497e-23, 9.36043480582e-23, 1.26276335113e-22, 6.72203523468e-23, 1.24852889252e-22, 1.35337784693e-22, 2.33923309741e-22, 2.81097974423e-22, 3.74660310905e-22, 4.11836106815e-22, 6.06769442512e-22, 5.1645110402e-22, 8.79561380556e-22, 1.02044280006e-21, 1.68871910889e-21, 2.52440457601e-21],
        "var": [2.60124652414e-05, 0.00139587325975, 3.87837499147e-05, 1.50391713305e-06, 1.01677289877e-06, 8.2187980297e-06, 1.26282952806e-06, 2.19490561904e-06, 5.79553397984e-06, 3.15430895625e-07, 1.02605758912e-06, 1.58371881298e-06, 3.3200933558e-07, 1.12883174097e-06, 7.41883525279e-07, 1.34216475089e-06, 7.86988209711e-07, 1.24565258375e-06, 5.68350571939e-07, 5.11626126354e-07, 3.71822380885e-07, 1.15380245802e-07, 9.4240832027e-08, 4.54643782177e-07, 1.68565094327e-07, 8.72135519359e-09, 2.79364809064e-10]
    },
    "erbbands": {
        "dmean": [0.515782415867, 1.85101282597, 1.98697376251, 1.59073376656, 0.778634190559, 1.28811490536, 3.34715890884, 12.1178817749, 6.20647382736, 5.68929290771, 12.8893585205, 15.8181505203, 10.872551918, 8.01290607452, 11.7785072327, 13.3847417831, 12.5864639282, 15.6462259293, 17.9361000061, 14.4365167618, 24.8817958832, 21.3472194672, 20.9980754852, 19.9621200562, 15.3209199905, 13.4722700119, 13.1745986938, 6.82489109039, 4.58178186417, 4.04776763916, 2.85380554199, 2.63408660889, 2.6453025341, 1.47451531887, 0.453733563423, 0.158286839724, 0.0458445437253, 0.00996615272015, 0.00077011983376, 2.2153946702e-05],
        "dmean2": [0.74175208807, 2.76088404655, 3.13805890083, 2.83867549896, 1.32203435898, 1.81427240372, 4.81909942627, 19.4528045654, 9.2895565033, 8.54771995544, 18.8046073914, 23.7719955444, 16.651014328, 12.2920379639, 18.2477302551, 21.4087638855, 20.9336986542, 25.2145233154, 28.5259838104, 23.4054412842, 41.2010307312, 36.0460205078, 33.7036552429, 32.666557312, 25.1561527252, 22.235162735, 21.8157424927, 11.3397703171, 7.61120462418, 6.63364887238, 4.57510280609, 4.34420871735, 4.17212867737, 2.25760006905, 0.719626009464, 0.246060743928, 0.0713507086039, 0.0159959960729, 0.00129924085923, 3.53418508894e-05],
        "dvar": [0.613016545773, 12.8929386139, 52.2464256287, 55.0281906128, 4.48153018951, 4.40286874771, 20.1252613068, 360.980133057, 128.943603516, 86.1054611206, 710.843322754, 831.835632324, 427.409057617, 299.045410156, 475.742431641, 445.339385986, 411.373474121, 772.74987793, 1062.74853516, 663.141601562, 2792.53540039, 1848.19909668, 1545.38781738, 1406.69775391, 1085.28063965, 521.395874023, 462.717681885, 178.353225708, 118.050331116, 102.488418579, 51.4634437561, 50.3011474609, 145.61076355, 38.0817451477, 1.46696066856, 0.147971570492, 0.0128851896152, 0.000780784175731, 4.85596410726e-06, 1.43119827101e-09],
        "dvar2": [1.57059121132, 30.4118423462, 135.093261719, 157.44732666, 12.4668197632, 7.85868835449, 41.325428009, 979.346008301, 304.917480469, 176.675567627, 1422.91540527, 1677.91491699, 958.823669434, 633.770996094, 1169.06982422, 1072.33520508, 1057.60192871, 1820.82885742, 2590.88549805, 1635.0579834, 6935.38769531, 4939.39013672, 3759.42895508, 3534.95849609, 2719.71972656, 1359.16381836, 1223.56225586, 463.11138916, 308.04107666, 259.949157715, 125.023735046, 118.465682983, 339.810302734, 80.1919174194, 3.16526293755, 0.31840851903, 0.028470216319, 0.00195924448781, 1.25742353703e-05, 3.6532046277e-09],
        "max": [7.79065942764, 34.6823387146, 82.2360305786, 79.2681274414, 24.2892417908, 44.7156791687, 163.623886108, 364.543151855, 233.095901489, 242.932556152, 600.668212891, 639.853942871, 455.055084229, 662.095397949, 655.543640137, 463.194824219, 287.094146729, 803.166870117, 622.715759277, 426.316894531, 1086.69775391, 796.670959473, 821.189697266, 496.559936523, 463.580474854, 325.312438965, 382.807861328, 166.74230957, 208.415374756, 217.702011108, 188.731613159, 123.74067688, 397.624328613, 204.117385864, 24.4288578033, 8.97598361969, 2.87360143661, 0.796791195869, 0.0288792327046, 0.000549918040633],
        "mean": [1.44895422459, 6.42478561401, 3.69404125214, 1.71508955956, 1.33185064793, 3.52388906479, 8.25997066498, 25.3943214417, 13.9643125534, 11.8900442123, 25.5289268494, 31.6683521271, 20.6447257996, 14.8528795242, 25.9816513062, 26.0119819641, 20.339963913, 26.0940856934, 32.1589012146, 24.9214324951, 36.8496208191, 34.4566307068, 38.3785057068, 34.2590332031, 27.3479938507, 28.2864131927, 28.0225296021, 12.0788679123, 7.47124528885, 6.65363693237, 4.98082399368, 4.47820234299, 4.38564157486, 2.39216971397, 0.804640889168, 0.28417673707, 0.0851817876101, 0.0161078218371, 0.000900193525013, 8.54537356645e-05],
        "median": [0.895299136639, 2.00623297691, 1.53467738628, 0.727791011333, 0.50335085392, 1.60247027874, 5.59020328522, 14.1981277466, 8.21497344971, 6.91558790207, 10.0521831512, 15.5591897964, 10.993429184, 8.16209602356, 11.2309370041, 14.2670736313, 11.9380731583, 14.2270088196, 14.7417240143, 12.9025793076, 16.0266208649, 14.3237771988, 15.6327915192, 19.1350078583, 14.4339265823, 16.7469406128, 15.7205705643, 6.99690485001, 2.87126898766, 2.31866359711, 1.61904764175, 1.61013400555, 1.52607274055, 0.852908015251, 0.277366042137, 0.0809838697314, 0.0199115667492, 0.0032072791364, 0.000117371411761, 6.07993933954e-05],
        "min": [7.00353892342e-22, 3.985592067e-21, 1.3266190186e-20, 2.47017909023e-20, 1.84396960076e-20, 2.34210164304e-20, 1.16180166596e-19, 1.67717176447e-19, 1.83005891086e-19, 3.67798156252e-19, 4.84263842331e-19, 8.77637389148e-19, 1.32297478394e-18, 3.15143095481e-18, 1.36835101721e-18, 1.76466658697e-18, 5.0429889089e-18, 5.39762026266e-18, 4.44047096431e-18, 5.47941477676e-18, 5.67269048996e-18, 9.2138465564e-18, 1.44026587219e-17, 1.12655994098e-17, 1.42898081253e-17, 1.85450898941e-17, 1.62555284048e-17, 1.71701171926e-17, 2.22020173318e-17, 1.88896701762e-17, 1.28247943327e-17, 1.73026596509e-17, 1.41859688343e-17, 1.02478032969e-17, 7.32403250583e-18, 5.88637357606e-18, 3.31652855365e-18, 1.26331386527e-18, 3.45406351221e-19, 3.69169414913e-20],
        "var": [2.48226475716, 56.4930763245, 52.1191253662, 32.9408340454, 5.14519357681, 24.7292404175, 85.7615432739, 1061.43078613, 368.433410645, 246.819549561, 1885.66516113, 2526.49023438, 974.401977539, 673.810302734, 1987.29370117, 1274.27844238, 692.659667969, 1415.41809082, 2656.88720703, 1245.50537109, 4146.31103516, 3009.03588867, 3640.86547852, 2074.96582031, 1532.38562012, 1038.99414062, 1245.58459473, 220.589233398, 138.647628784, 126.520515442, 79.1762771606, 82.2791595459, 197.631881714, 57.0168304443, 2.59221863747, 0.278501659632, 0.0247725434601, 0.00105205061845, 5.67740653423e-06, 4.10043332622e-09]
    },
    "gfcc": {
        "mean": [24.2429847717, 75.4261703491, -114.79637146, 45.395980835, -48.5065574646, 20.5049724579, -25.4871444702, 26.335395813, -14.4087200165, 18.0508136749, -0.877451241016, 6.76715707779, 0.0852699950337],
        "cov": [[9651.75390625, -1138.71142578, 491.35647583, 533.469726562, -84.4339294434, 817.269958496, 0.0809917077422, 472.343933105, 64.7929916382, 377.79473877, -172.116577148, 160.971252441, -123.534263611], [-1138.71142578, 1272.67541504, -177.368240356, -86.3607254028, 146.830505371, -341.089904785, 88.5629272461, -73.8624420166, 78.4779586792, -59.5415725708, 103.160736084, -96.4461746216, 161.700057983], [491.35647583, -177.368240356, 641.135253906, 141.427459717, 156.363586426, 215.602767944, 38.6800498962, 75.3179321289, 74.3829727173, 45.9856147766, -31.1997070312, 93.1916885376, -67.1483688354], [533.469726562, -86.3607254028, 141.427459717, 295.984619141, 43.3680038452, 51.6752357483, 43.6854095459, 34.261806488, 36.4784622192, 0.701480209827, -4.98386621475, 10.0189466476, -1.52921867371], [-84.4339294434, 146.830505371, 156.363586426, 43.3680038452, 317.813720703, 84.7395553589, 73.614982605, 12.7219867706, 51.6096687317, -20.1929302216, -38.7659454346, 10.5390024185, -30.5688858032], [817.269958496, -341.089904785, 215.602767944, 51.6752357483, 84.7395553589, 373.405426025, 43.4783401489, 27.811296463, 4.91155385971, 48.7015686035, -24.9623775482, 25.3475437164, -71.0964736938], [0.0809917077422, 88.5629272461, 38.6800498962, 43.6854095459, 73.614982605, 43.4783401489, 161.989456177, 13.5579128265, 14.7160100937, 13.5420265198, 14.1616325378, -11.2160434723, 11.0328884125], [472.343933105, -73.8624420166, 75.3179321289, 34.261806488, 12.7219867706, 27.811296463, 13.5579128265, 163.362609863, 29.2651367188, 53.1315765381, 11.1082429886, 1.48103785515, 44.2434234619], [64.7929916382, 78.4779586792, 74.3829727173, 36.4784622192, 51.6096687317, 4.91155385971, 14.7160100937, 29.2651367188, 131.878051758, 6.3224568367, -12.2100925446, 28.2534732819, -8.36842250824], [377.79473877, -59.5415725708, 45.9856147766, 0.701480209827, -20.1929302216, 48.7015686035, 13.5420265198, 53.1315765381, 6.3224568367, 124.943397522, 60.1333961487, 1.06980788708, 38.3452186584], [-172.116577148, 103.160736084, -31.1997070312, -4.98386621475, -38.7659454346, -24.9623775482, 14.1616325378, 11.1082429886, -12.2100925446, 60.1333961487, 130.595077515, -1.59035789967, 74.8383483887], [160.971252441, -96.4461746216, 93.1916885376, 10.0189466476, 10.5390024185, 25.3475437164, -11.2160434723, 1.48103785515, 28.2534732819, 1.06980788708, -1.59035789967, 100.931632996, -12.4876394272], [-123.534263611, 161.700057983, -67.1483688354, -1.52921867371, -30.5688858032, -71.0964736938, 11.0328884125, 44.2434234619, -8.36842250824, 38.3452186584, 74.8383483887, -12.4876394272, 162.189025879]],
        "icov": [[0.000236721331021, -0.000253336882452, 0.000244030103204, -0.000514532381203, 0.000308469723677, -0.000598357466515, 0.000196534892893, -0.000640347134322, 0.000344953325111, -0.000887825444806, 0.000835976039525, -0.000684457074385, 0.000275473023066], [-0.000253336882452, 0.00250391359441, -0.000640408834442, 0.00135626248084, -0.00166272802744, 0.00237969495356, -0.00104576593731, 0.00205756118521, -0.00226728175767, 0.0021471849177, -0.00258855544962, 0.00301900831982, -0.00189980212599], [0.000244030103204, -0.000640408834442, 0.00312490831129, -0.00155008945148, -0.000340376980603, -0.00177283177618, 0.000501380825881, -0.00169964891393, 0.000400833087042, -0.00189664762001, 0.00127251062077, -0.00307779759169, 0.00133669073693], [-0.000514532381203, 0.00135626248084, -0.00155008945148, 0.00544396322221, -0.000901299645193, 0.00173719262239, -0.00157181522809, 0.00145424611401, -0.00214085564949, 0.00327406194992, -0.00261902692728, 0.00280790938996, -0.00149249355309], [0.000308469723677, -0.00166272802744, -0.000340376980603, -0.000901299645193, 0.00558791030198, -0.00233557587489, -0.000953799870331, -0.00154799094889, 0.000344195985235, -0.000679395103361, 0.00279101124033, -0.0016760766739, 0.00102127343416], [-0.000598357466515, 0.00237969495356, -0.00177283177618, 0.00173719262239, -0.00233557587489, 0.0068980678916, -0.0018272845773, 0.00252954405732, -0.0013371478999, 0.00115105358418, -0.0028616450727, 0.00324405170977, -0.000298908475088], [0.000196534892893, -0.00104576593731, 0.000501380825881, -0.00157181522809, -0.000953799870331, -0.0018272845773, 0.00805686227977, -0.000989853986539, 0.000605176493991, -0.00140675413422, 0.000210308440728, -0.000256304163486, 0.000373288727133], [-0.000640347134322, 0.00205756118521, -0.00169964891393, 0.00145424611401, -0.00154799094889, 0.00252954405732, -0.000989853986539, 0.0111529808491, -0.00346302404068, -0.000216540778638, -0.00112851697486, 0.00403959862888, -0.00468278583139], [0.000344953325111, -0.00226728175767, 0.000400833087042, -0.00214085564949, 0.000344195985235, -0.0013371478999, 0.000605176493991, -0.00346302404068, 0.0115034999326, -0.00320831267163, 0.00344451726414, -0.00529043935239, 0.00240652216598], [-0.000887825444806, 0.0021471849177, -0.00189664762001, 0.00327406194992, -0.000679395103361, 0.00115105358418, -0.00140675413422, -0.000216540778638, -0.00320831267163, 0.0177750755101, -0.010056191124, 0.00477693928406, -0.00240000523627], [0.000835976039525, -0.00258855544962, 0.00127251062077, -0.00261902692728, 0.00279101124033, -0.0028616450727, 0.000210308440728, -0.00112851697486, 0.00344451726414, -0.010056191124, 0.0178550239652, -0.00517695210874, -0.00279734632932], [-0.000684457074385, 0.00301900831982, -0.00307779759169, 0.00280790938996, -0.0016760766739, 0.00324405170977, -0.000256304163486, 0.00403959862888, -0.00529043935239, 0.00477693928406, -0.00517695210874, 0.0167616009712, -0.00248040189035], [0.000275473023066, -0.00189980212599, 0.00133669073693, -0.00149249355309, 0.00102127343416, -0.000298908475088, 0.000373288727133, -0.00468278583139, 0.00240652216598, -0.00240000523627, -0.00279734632932, -0.00248040189035, 0.0119137316942]]
    },
    "melbands": {
        "dmean": [0.00351160368882, 0.00120284594595, 0.000251376652159, 6.48045970593e-05, 0.000100698009192, 0.000246509618592, 9.1401503596e-05, 7.18171650078e-05, 0.000114630027383, 0.000108394007839, 5.49325195607e-05, 3.20979488606e-05, 3.33469906764e-05, 4.87400393467e-05, 3.50422997144e-05, 3.2795847801e-05, 3.0363595215e-05, 3.23974636558e-05, 2.61845416389e-05, 2.48236392508e-05, 2.86466638499e-05, 2.42266632995e-05, 1.88352933037e-05, 1.84733362403e-05, 1.71090559888e-05, 1.35333402795e-05, 1.10655873868e-05, 9.56001258601e-06, 1.02879530459e-05, 5.88013881497e-06, 3.53938116859e-06, 2.79131950265e-06, 2.7149694688e-06, 2.18208424485e-06, 1.73916589574e-06, 1.71039891939e-06, 1.68474900875e-06, 1.76323180767e-06, 2.14691931433e-06, 1.05608546619e-06],
        "dmean2": [0.0053890501149, 0.00177969224751, 0.000445774639957, 9.69161555986e-05, 0.000144900026498, 0.000392519345041, 0.000136393558932, 0.00010797590221, 0.000165822188137, 0.000162768148584, 8.42165754875e-05, 4.94199593959e-05, 5.17375883646e-05, 7.60737602832e-05, 5.76766433369e-05, 5.46611772734e-05, 4.84156698803e-05, 5.12608385179e-05, 4.23743404099e-05, 4.08991363656e-05, 4.77465218864e-05, 4.09813692386e-05, 3.05775465677e-05, 2.98205359286e-05, 2.81085176539e-05, 2.25055955525e-05, 1.82883868547e-05, 1.59786013683e-05, 1.70673938555e-05, 9.70450764726e-06, 5.96154723098e-06, 4.68345842819e-06, 4.54371365777e-06, 3.59508999281e-06, 2.83897907138e-06, 2.75498814517e-06, 2.82880546365e-06, 2.82424753095e-06, 3.39963139595e-06, 1.63043193879e-06],
        "dvar": [3.25346009049e-05, 7.24632673155e-06, 1.30036823975e-06, 1.31933504122e-08, 1.6781990908e-08, 1.4077025412e-07, 2.40609185909e-08, 1.5875521342e-08, 6.72462832085e-08, 3.82429519163e-08, 1.09555333694e-08, 4.54294335483e-09, 4.19224344128e-09, 6.81854706031e-09, 5.51368772861e-09, 3.45348283304e-09, 3.14024695136e-09, 4.60762983323e-09, 2.82684897712e-09, 3.14611270369e-09, 4.08253608697e-09, 2.40464470558e-09, 1.25883981017e-09, 1.47663681282e-09, 1.01848363077e-09, 8.29058655061e-10, 4.69253080837e-10, 2.57440929685e-10, 3.06426856111e-10, 1.1034743258e-10, 5.45548259345e-11, 4.47181215668e-11, 4.29826833848e-11, 2.84098890246e-11, 1.70872049149e-11, 2.30644062876e-11, 2.08036747551e-11, 4.3085351259e-11, 1.99811389656e-10, 1.38947985062e-11],
        "dvar2": [8.32563091535e-05, 1.60407253134e-05, 3.68608721146e-06, 2.82772294469e-08, 3.50957414241e-08, 3.778277744e-07, 5.73065292997e-08, 3.24180717826e-08, 1.30347899585e-07, 7.73088473238e-08, 2.46008635685e-08, 9.73553326844e-09, 1.03947899177e-08, 1.5412529919e-08, 1.31667601266e-08, 8.75663630495e-09, 7.34336014219e-09, 1.10976516865e-08, 6.76827616175e-09, 7.66972085842e-09, 1.02031503246e-08, 6.50526477131e-09, 3.06252601057e-09, 3.59032825692e-09, 2.59502686006e-09, 2.11777217984e-09, 1.13903086962e-09, 6.82381207096e-10, 8.18916656709e-10, 2.82890016967e-10, 1.44047981876e-10, 1.181618553e-10, 1.11514547596e-10, 7.17157652708e-11, 4.35853540759e-11, 5.32937097231e-11, 5.17060248784e-11, 1.00286647042e-10, 5.08807163069e-10, 2.81180998624e-11],
        "max": [0.0504424199462, 0.0320701338351, 0.0120203811675, 0.00202069664374, 0.00425975210965, 0.00720485439524, 0.00320199877024, 0.00274188048206, 0.00646016793326, 0.00433235708624, 0.00231472263113, 0.00247701536864, 0.00198709592223, 0.00225010607392, 0.0020493902266, 0.000931050279178, 0.00182485557161, 0.00130497023929, 0.00110669527203, 0.0012569661485, 0.00133237661794, 0.000938596087508, 0.000913498224691, 0.000990273663774, 0.000441222800873, 0.00043235294288, 0.000454872497357, 0.000259665306658, 0.000379411911126, 0.000165425575688, 9.25079220906e-05, 0.000146810096339, 0.000129950538394, 0.000104142352939, 8.72870950843e-05, 0.000136131900945, 8.58755520312e-05, 0.000161506672157, 0.000537936051842, 0.000112975998491],
        "mean": [0.0117498366162, 0.00421462813392, 0.000274691468803, 0.000166157085914, 0.000259247404756, 0.000534730381332, 0.000204651951208, 0.000142608929309, 0.000220112458919, 0.000213171209907, 0.00010008746176, 5.65154150536e-05, 7.18596711522e-05, 9.70164401224e-05, 5.30930701643e-05, 4.80836351926e-05, 4.81546485389e-05, 5.35210128874e-05, 4.08652267652e-05, 3.70657180611e-05, 3.95471870434e-05, 3.46881533915e-05, 3.25946493831e-05, 3.26182525896e-05, 2.72680881608e-05, 2.13023886317e-05, 1.90074842976e-05, 1.84194977919e-05, 2.06210443139e-05, 1.03363909147e-05, 5.48672278455e-06, 4.17356204707e-06, 4.12079043599e-06, 3.43281135429e-06, 2.88545425065e-06, 2.69482529802e-06, 2.73478667623e-06, 2.9528127925e-06, 3.08014818984e-06, 1.69449378973e-06],
        "median": [0.0068222717382, 0.00137309974525, 0.000116633091238, 6.43008388579e-05, 0.000180488495971, 0.000315018260153, 0.000123029312817, 7.02735487721e-05, 7.97309767222e-05, 0.000101972364064, 5.0205282605e-05, 2.73020868917e-05, 3.47049135598e-05, 4.06833460147e-05, 2.02856790565e-05, 2.28634326049e-05, 2.13830735447e-05, 1.86606102943e-05, 1.84791369975e-05, 1.42392573252e-05, 1.5716179405e-05, 1.37701426866e-05, 1.17826139103e-05, 1.4102143723e-05, 1.46713782669e-05, 1.0235235095e-05, 9.78411208052e-06, 9.97191455099e-06, 1.03343681985e-05, 5.86063833907e-06, 2.53218286161e-06, 1.57471777129e-06, 1.45955095832e-06, 1.20235176837e-06, 9.09349239464e-07, 8.89326656761e-07, 9.78727257461e-07, 1.08842812097e-06, 8.71988390827e-07, 6.38177994006e-07],
        "min": [1.03125758767e-23, 6.1191940418e-24, 3.56899763956e-24, 1.28968798635e-24, 3.33827239086e-24, 3.38433752899e-24, 3.25377197728e-24, 3.5538026008e-24, 4.16602966074e-24, 5.82759318591e-24, 6.52914612158e-24, 1.21107196236e-23, 5.43134204233e-24, 3.74335049354e-24, 6.89475238558e-24, 1.04884058727e-23, 1.01354639817e-23, 7.05412437654e-24, 4.77860184731e-24, 9.0438414165e-24, 4.77018825133e-24, 6.74487039131e-24, 1.37167497076e-23, 1.0158045914e-23, 8.74143395507e-24, 1.1312230671e-23, 7.88848993421e-24, 1.32850660876e-23, 9.24635936581e-24, 9.57071057105e-24, 1.06183801732e-23, 1.1657691794e-23, 1.24978988667e-23, 9.98610105791e-24, 7.20936510293e-24, 7.7647799782e-24, 1.07775273388e-23, 1.03274687817e-23, 8.26518600481e-24, 9.08899975902e-24],
        "var": [0.000136614442454, 2.62583562289e-05, 7.93631954821e-07, 5.7850126467e-08, 7.03071805219e-08, 4.29782090805e-07, 7.08674718908e-08, 4.43511964932e-08, 1.77673484814e-07, 1.15507532428e-07, 2.50683012126e-08, 1.0250488458e-08, 1.63223248251e-08, 2.54668943711e-08, 1.1518551446e-08, 5.58739809975e-09, 6.17080431198e-09, 1.03824726594e-08, 5.02286434667e-09, 5.51416290406e-09, 5.58708102005e-09, 3.24091486981e-09, 3.00909208661e-09, 3.2012215101e-09, 1.41678146992e-09, 1.03369091065e-09, 8.08647926398e-10, 5.20312792851e-10, 8.50923664864e-10, 1.7312723477e-10, 6.20818466079e-11, 4.98917990255e-11, 4.98531632642e-11, 3.51515067054e-11, 2.57365517786e-11, 3.49185298731e-11, 3.12480666342e-11, 6.53772869175e-11, 1.97864724605e-10, 2.22284586571e-11]
    },
    "mfcc": {
        "mean": [-615.563049316, 100.453933716, 1.33573067188, 30.4536914825, 8.75854587555, 2.95202755928, 13.0671024323, 4.91410112381, 8.21260452271, 10.5618000031, 6.77459955215, 11.9034786224, 6.65131044388],
        "cov": [[5721.60302734, 52.5976486206, -42.6008491516, 213.128692627, 178.169143677, 183.79850769, 101.785461426, 191.092147827, 199.903579712, 233.64414978, 98.6366653442, 78.8550033569, 91.5733108521], [52.5976486206, 999.607788086, -145.352172852, 93.4763870239, 36.207824707, -95.1764450073, 32.3150901794, -66.6997146606, 56.3497772217, 19.0614280701, -9.49200344086, 25.7191581726, -4.0952167511], [-42.6008491516, -145.352172852, 440.882751465, 22.3009033203, 63.8934745789, 88.7545471191, -8.30566310883, 59.061920166, 4.80142068863, 9.20705318451, 48.1017875671, 24.8078727722, 33.5183334351], [213.128692627, 93.4763870239, 22.3009033203, 290.097442627, 33.3879241943, -26.0263824463, 10.3412427902, 28.7954216003, 58.9720726013, -11.9035263062, 7.89024782181, 43.9098052979, -8.22224521637], [178.169143677, 36.207824707, 63.8934745789, 33.3879241943, 215.738327026, 84.7844161987, 12.7843065262, 68.3698043823, 51.709564209, 17.7765369415, 23.4791164398, 13.8741502762, 14.4543380737], [183.79850769, -95.1764450073, 88.7545471191, -26.0263824463, 84.7844161987, 323.224029541, 24.4086723328, 132.635223389, -11.3231258392, 42.90102005, 54.5951118469, -55.104434967, 47.5152397156], [101.785461426, 32.3150901794, -8.30566310883, 10.3412427902, 12.7843065262, 24.4086723328, 222.242797852, -40.4179916382, 33.6873703003, 39.2347373962, -7.66538572311, 41.0490989685, -7.16522121429], [191.092147827, -66.6997146606, 59.061920166, 28.7954216003, 68.3698043823, 132.635223389, -40.4179916382, 198.05291748, 26.4281864166, 12.499537468, 39.7000923157, -33.9763793945, 26.2578697205], [199.903579712, 56.3497772217, 4.80142068863, 58.9720726013, 51.709564209, -11.3231258392, 33.6873703003, 26.4281864166, 117.137756348, 42.6298675537, -1.74417507648, 19.5838718414, 4.01622772217], [233.64414978, 19.0614280701, 9.20705318451, -11.9035263062, 17.7765369415, 42.90102005, 39.2347373962, 12.499537468, 42.6298675537, 112.934013367, 30.007932663, -11.7577009201, 8.77017688751], [98.6366653442, -9.49200344086, 48.1017875671, 7.89024782181, 23.4791164398, 54.5951118469, -7.66538572311, 39.7000923157, -1.74417507648, 30.007932663, 100.008834839, 18.9845237732, -5.39911937714], [78.8550033569, 25.7191581726, 24.8078727722, 43.9098052979, 13.8741502762, -55.104434967, 41.0490989685, -33.9763793945, 19.5838718414, -11.7577009201, 18.9845237732, 114.443519592, 10.3030338287], [91.5733108521, -4.0952167511, 33.5183334351, -8.22224521637, 14.4543380737, 47.5152397156, -7.16522121429, 26.2578697205, 4.01622772217, 8.77017688751, -5.39911937714, 10.3030338287, 85.3510513306]],
