{
"lowlevel": {
    "average_loudness": 0.579120397568,
    "barkbands_crest": {
        "dmean": 2.43793821335,
        "dmean2": 3.40437030792,
        "dvar": 6.23289012909,
        "dvar2": 12.066652298,
        "max": 26.6982345581,
        "mean": 12.2547721863,
        "median": 11.286696434,
        "min": 2.00207257271,
        "var": 30.416639328
    },
    "barkbands_flatness_db": {
        "dmean": 0.0251325499266,
        "dmean2": 0.0347635820508,
        "dvar": 0.000917509489227,
        "dvar2": 0.00177738675848,
        "max": 0.685549616814,
        "mean": 0.157648891211,
        "median": 0.145342588425,
        "min": 0.019299549982,
        "var": 0.00605837302282
    },
    "barkbands_kurtosis": {
        "dmean": 6.38508749008,
        "dmean2": 8.87469482422,
        "dvar": 450.773651123,
        "dvar2": 792.781616211,
        "max": 365.090057373,
        "mean": 9.53991699219,
        "median": 1.46686840057,
        "min": -1.89886569977,
        "var": 935.653442383
    },
    "barkbands_skewness": {
        "dmean": 0.750711858273,
        "dmean2": 1.0196416378,
        "dvar": 1.41428184509,
        "dvar2": 2.36936903,
        "max": 18.6081523895,
        "mean": 1.91835129261,
        "median": 1.34996473789,
        "min": -2.44667363167,
        "var": 5.38378190994
    },
    "barkbands_spread": {
        "dmean": 6.92009162903,
        "dmean2": 10.0286073685,
        "dvar": 82.9780273438,
        "dvar2": 167.722747803,
        "max": 98.4433288574,
        "mean": 24.924577713,
        "median": 19.7311019897,
        "min": 0.149970814586,
        "var": 291.9815979
    },
    "dissonance": {
        "dmean": 0.0192059483379,
        "dmean2": 0.0319631397724,
        "dvar": 0.000456723180832,
        "dvar2": 0.00126549298875,
        "max": 0.500000119209,
        "mean": 0.46442040801,
        "median": 0.473784804344,
        "min": 0.14201079309,
        "var": 0.00103386747651
    },
    "dynamic_complexity": 4.25122928619,
    "erbbands_crest": {
        "dmean": 2.72308135033,
        "dmean2": 4.25785541534,
        "dvar": 7.26777696609,
        "dvar2": 15.3895702362,
        "max": 31.4919872284,
        "mean": 9.49563694,
        "median": 8.04641914368,
        "min": 2.46258330345,
        "var": 27.1894168854
    },
    "erbbands_flatness_db": {
        "dmean": 0.0162538029253,
        "dmean2": 0.023060021922,
        "dvar": 0.000253675621934,
        "dvar2": 0.000481002760353,
        "max": 0.455307364464,
        "mean": 0.15276992321,
        "median": 0.132051736116,
        "min": 0.0368357561529,
        "var": 0.00467217294499
    },
    "erbbands_kurtosis": {
        "dmean": 1.101775527,
        "dmean2": 1.63709485531,
        "dvar": 3.28825473785,
        "dvar2": 6.5519785881,
        "max": 41.1246337891,
        "mean": 0.826820850372,
        "median": -0.0788223743439,
        "min": -1.87681555748,
        "var": 9.020819664
    },
    "erbbands_skewness": {
        "dmean": 0.395724207163,
        "dmean2": 0.566576778889,
        "dvar": 0.164703115821,
        "dvar2": 0.351412326097,
        "max": 4.08922719955,
        "mean": 0.0783259794116,
        "median": 0.019590202719,
        "min": -4.63559150696,
        "var": 0.686002969742
    },
    "erbbands_spread": {
        "dmean": 9.52141857147,
        "dmean2": 13.8698101044,
        "dvar": 148.217849731,
        "dvar2": 286.405609131,
        "max": 164.125610352,
        "mean": 40.8116264343,
        "median": 36.5549583435,
        "min": 2.03781962395,
        "var": 613.776977539
    },
    "hfc": {
        "dmean": 6.73223638535,
        "dmean2": 9.99269199371,
        "dvar": 199.749908447,
        "dvar2": 446.559967041,
        "max": 177.927612305,
        "mean": 17.5494632721,
        "median": 7.86605262756,
        "min": 1.17462439544e-16,
        "var": 573.222473145
    },
    "melbands_crest": {
        "dmean": 3.15009093285,
        "dmean2": 4.68779277802,
        "dvar": 10.9762954712,
        "dvar2": 24.6330680847,
        "max": 39.5783882141,
        "mean": 18.9105262756,
        "median": 17.8764610291,
        "min": 1.81939387321,
        "var": 58.8092041016
    },
    "melbands_flatness_db": {
        "dmean": 0.0307083055377,
        "dmean2": 0.0419949479401,
        "dvar": 0.00145490618888,
        "dvar2": 0.00293476437218,
        "max": 0.835441708565,
        "mean": 0.224225640297,
        "median": 0.216946080327,
        "min": 0.00543109374121,
        "var": 0.00968375243247
    },
    "melbands_kurtosis": {
        "dmean": 20.5705547333,
        "dmean2": 28.5795764923,
        "dvar": 3735.26220703,
        "dvar2": 6203.375,
        "max": 867.448730469,
        "mean": 35.8726463318,
        "median": 6.98071193695,
        "min": -1.81706047058,
        "var": 9570.12988281
    },
    "melbands_skewness": {
        "dmean": 1.10627985001,
        "dmean2": 1.4934040308,
        "dvar": 2.97330951691,
        "dvar2": 4.66215848923,
        "max": 27.608045578,
        "mean": 3.55492043495,
        "median": 2.36871480942,
        "min": -1.59806346893,
        "var": 14.1910047531
    },
    "melbands_spread": {
        "dmean": 8.61074638367,
        "dmean2": 12.7616157532,
        "dvar": 148.101821899,
        "dvar2": 313.803588867,
        "max": 167.661773682,
        "mean": 25.3502979279,
        "median": 19.193862915,
        "min": 0.0521797910333,
        "var": 483.433288574
    },
    "pitch_salience": {
        "dmean": 0.0708330124617,
        "dmean2": 0.104449704289,
        "dvar": 0.00642661144957,
        "dvar2": 0.0137770660222,
        "max": 0.945307970047,
        "mean": 0.443909555674,
        "median": 0.449895113707,
        "min": 0.0192301254719,
        "var": 0.0252168849111
    },
    "silence_rate_20dB": {
        "dmean": 0,
        "dmean2": 0,
        "dvar": 0,
        "dvar2": 0,
        "max": 1,
        "mean": 1,
        "median": 1,
        "min": 1,
        "var": 0
    },
    "silence_rate_30dB": {
        "dmean": 0.0205632541329,
        "dmean2": 0.041131105274,
        "dvar": 0.0201399326324,
        "dvar2": 0.0579894073308,
        "max": 1,
        "mean": 0.988713800907,
        "median": 1,
        "min": 0,
        "var": 0.0111586851999
    },
    "silence_rate_60dB": {
        "dmean": 0.0214573089033,
        "dmean2": 0.0429194159806,
        "dvar": 0.0209956951439,
        "dvar2": 0.0450950227678,
        "max": 1,
        "mean": 0.0854844152927,
        "median": 0,
        "min": 0,
        "var": 0.07817145437
    },
    "spectral_centroid": {
        "dmean": 282.748687744,
        "dmean2": 412.08480835,
        "dvar": 128115.710938,
        "dvar2": 259645.6875,
        "max": 10879.7373047,
        "mean": 1595.61486816,
        "median": 1444.65368652,
        "min": 84.0623626709,
        "var": 692967.625
    },
    "spectral_complexity": {
        "dmean": 4.23670101166,
        "dmean2": 6.55281114578,
        "dvar": 41.0568580627,
        "dvar2": 92.0223464966,
        "max": 62,
        "mean": 13.7205276489,
        "median": 11,
        "min": 0,
        "var": 96.3772888184
    },
    "spectral_decrease": {
        "dmean": 1.5585093216e-09,
        "dmean2": 2.27229035588e-09,
        "dvar": 7.00536944665e-18,
        "dvar2": 1.50408963933e-17,
        "max": 6.02559222441e-23,
        "mean": -6.15633943823e-09,
        "median": -3.12146419823e-09,
        "min": -3.40385639674e-08,
        "var": 4.57658651195e-17
    },
    "spectral_energy": {
        "dmean": 0.00619857152924,
        "dmean2": 0.00901772081852,
        "dvar": 0.000100948869658,
        "dvar2": 0.000217255030293,
        "max": 0.130008101463,
        "mean": 0.0248273462057,
        "median": 0.0128799760714,
        "min": 1.06159495476e-20,
        "var": 0.000701502838638
    },
    "spectral_energyband_high": {
        "dmean": 0.000551486271434,
        "dmean2": 0.000830763950944,
        "dvar": 1.46127001699e-06,
        "dvar2": 3.25671862811e-06,
        "max": 0.0169793926179,
        "mean": 0.00120281986892,
        "median": 0.000286869239062,
        "min": 8.0485982227e-21,
        "var": 3.91849471271e-06
    },
    "spectral_energyband_low": {
        "dmean": 0.00505111226812,
        "dmean2": 0.00729266181588,
        "dvar": 0.000125774546177,
        "dvar2": 0.00026864069514,
        "max": 0.126671433449,
        "mean": 0.016251983121,
        "median": 0.00546575291082,
        "min": 7.74081753934e-23,
        "var": 0.000570947653614
    },
    "spectral_energyband_middle_high": {
        "dmean": 0.00181461626198,
        "dmean2": 0.00274365418591,
        "dvar": 1.21521688925e-05,
        "dvar2": 2.68866369879e-05,
        "max": 0.0447325147688,
        "mean": 0.00385734555312,
        "median": 0.00162917526904,
        "min": 1.34429228976e-21,
        "var": 3.25470355165e-05
    },
    "spectral_energyband_middle_low": {
        "dmean": 0.0016845514765,
        "dmean2": 0.00266315299086,
        "dvar": 1.2755300304e-05,
        "dvar2": 3.53749601345e-05,
        "max": 0.0386848598719,
        "mean": 0.00391445076093,
        "median": 0.00293566496111,
        "min": 1.64352139274e-22,
        "var": 1.61378357006e-05
    },
    "spectral_entropy": {
        "dmean": 0.171988666058,
        "dmean2": 0.249137476087,
        "dvar": 0.0432257242501,
        "dvar2": 0.101942963898,
        "max": 9.80500888824,
        "mean": 7.66325950623,
        "median": 7.798869133,
        "min": 4.84914302826,
        "var": 0.338851600885
    },
    "spectral_flux": {
        "dmean": 0.0215074997395,
        "dmean2": 0.0325420536101,
        "dvar": 0.00106970150955,
        "dvar2": 0.00178246048745,
        "max": 0.371792137623,
        "mean": 0.0619895271957,
        "median": 0.0481556020677,
        "min": 6.8110399265e-11,
        "var": 0.00295049580745
    },
    "spectral_kurtosis": {
        "dmean": 2.25125932693,
        "dmean2": 3.73880505562,
        "dvar": 38.2588653564,
        "dvar2": 107.765357971,
        "max": 286.253356934,
        "mean": 6.54556703568,
        "median": 2.76084423065,
        "min": -1.2162309885,
        "var": 357.81918335
    },
    "spectral_rms": {
        "dmean": 0.000559618812986,
        "dmean2": 0.000797127955593,
        "dvar": 4.72582257771e-07,
        "dvar2": 1.00433635453e-06,
        "max": 0.0112622007728,
        "mean": 0.0042911991477,
        "median": 0.00354483164847,
        "min": 3.21823318862e-12,
        "var": 5.8072646425e-06
    },
    "spectral_rolloff": {
        "dmean": 564.875427246,
        "dmean2": 903.021850586,
        "dvar": 929487.6875,
        "dvar2": 1808116.5,
        "max": 19293.75,
        "mean": 1571.37585449,
        "median": 839.794921875,
        "min": 43.06640625,
        "var": 3322191.5
    },
    "spectral_skewness": {
        "dmean": 0.240801155567,
        "dmean2": 0.370050638914,
        "dvar": 0.122820943594,
        "dvar2": 0.333942562342,
        "max": 13.942281723,
        "mean": 1.64052653313,
        "median": 1.33894014359,
        "min": 0.0159354489297,
        "var": 1.17624604702
    },
    "spectral_spread": {
        "dmean": 511724.78125,
        "dmean2": 727827.25,
        "dvar": 450689236992,
        "dvar2": 829315416064,
        "max": 40254956,
        "mean": 5122031.5,
        "median": 5385586.5,
        "min": 313351.875,
        "var": 3.71507934003e+12
    },
    "spectral_strongpeak": {
        "dmean": 0.300086915493,
        "dmean2": 0.498625487089,
        "dvar": 0.428531944752,
        "dvar2": 1.00169050694,
        "max": 10.3360137939,
        "mean": 0.539335548878,
        "median": 0.230435162783,
        "min": 0,
        "var": 0.733592092991
    },
    "zerocrossingrate": {
        "dmean": 0.0120241716504,
        "dmean2": 0.0127695892006,
        "dvar": 0.000198396664928,
        "dvar2": 0.000233631959418,
        "max": 0.5107421875,
        "mean": 0.0612829811871,
        "median": 0.046875,
        "min": 0.00146484375,
        "var": 0.00215219613165
    },
    "barkbands": {
        "dmean": [0.000730845378712, 0.00422059232369, 0.00196784758009, 0.000670860579703, 0.000365309912013, 0.000418885407271, 0.000407259154599, 0.000208140700124, 0.000199824527954, 0.00030092074303, 0.000323871936416, 0.000350943708327, 0.000271471973974, 0.000286180089461, 0.000172376792761, 0.000243385482463, 0.000237033978919, 0.000258451589616, 0.000203334100661, 0.00020226239576, 0.000158830123837, 0.00013363060134, 0.000110155546281, 8.44078822411e-05, 6.03140324529e-05, 2.58783802565e-05, 1.32279910758e-06],
        "dmean2": [0.00099198310636, 0.00602036667988, 0.00354805751704, 0.00121002388187, 0.000609945738688, 0.00057058990933, 0.000632598181255, 0.000312321586534, 0.000297246180708, 0.000459386676084, 0.000480885704746, 0.000550840224605, 0.000425170466769, 0.000466509518446, 0.000291380187264, 0.000413662404753, 0.000392783986172, 0.000428283616202, 0.000329842383508, 0.000314283446642, 0.000243126545683, 0.000211264676182, 0.000163329314091, 0.000133834750159, 9.59207027336e-05, 3.93056507164e-05, 2.23416645895e-06],
        "dvar": [2.84845418719e-06, 9.12407413125e-05, 9.99476978905e-05, 7.99058398115e-06, 8.96237679626e-07, 4.82415657643e-07, 6.44962710794e-07, 2.45987536118e-07, 2.08605044349e-07, 4.16663482383e-07, 6.00731652867e-07, 7.52873916099e-07, 7.40907466934e-07, 4.80865082864e-07, 2.69567749456e-07, 4.5235586299e-07, 3.87817493674e-07, 5.89814590057e-07, 2.34678580568e-07, 2.38991475499e-07, 1.30558731826e-07, 9.24765544141e-08, 5.55609034336e-08, 3.23262021595e-08, 1.65252806994e-08, 3.82871823135e-09, 1.67458911321e-11],
        "dvar2": [5.10703375767e-06, 0.000182042625966, 0.000286526017589, 2.31938429351e-05, 2.51351161751e-06, 8.0232905475e-07, 1.36347625812e-06, 5.06546768975e-07, 4.30617035363e-07, 8.92282685072e-07, 1.1751681086e-06, 1.71021497408e-06, 1.47624973579e-06, 1.07441235286e-06, 7.24294466181e-07, 1.19671335597e-06, 9.47135788465e-07, 1.52777670337e-06, 5.71600367039e-07, 5.4565202845e-07, 2.80593695834e-07, 2.24292620032e-07, 1.24055333117e-07, 7.80975923931e-08, 4.10352143376e-08, 9.30306676139e-09, 4.574259721e-11],
        "max": [0.0227222051471, 0.0960920602083, 0.0944549590349, 0.0295107774436, 0.00980559457093, 0.0230948142707, 0.0190524570644, 0.0124960569665, 0.00873290933669, 0.0139917647466, 0.0138205159456, 0.0155272204429, 0.0271677672863, 0.0182703323662, 0.00900665298104, 0.0175124444067, 0.0144060738385, 0.0114936232567, 0.00780237372965, 0.00815461669117, 0.00631035026163, 0.00656145391986, 0.00351044978015, 0.00216250633821, 0.00158408621792, 0.000950141460635, 9.8001321021e-05],
        "mean": [0.00187584548257, 0.0122859114781, 0.00178083695937, 0.000636463868432, 0.00061781675322, 0.00105780432932, 0.000741542666219, 0.000348563917214, 0.000343935971614, 0.000511943886522, 0.000499030284118, 0.000474561355077, 0.000386622501537, 0.000400398916099, 0.000213830906432, 0.000289993535262, 0.000299098901451, 0.000345545209711, 0.000328048830852, 0.000357588171028, 0.00029269818333, 0.000228848162806, 0.000185807861271, 0.000159661401995, 0.000111180233944, 5.22287809872e-05, 1.48740105033e-06],
        "median": [0.000358243472874, 0.00384417129681, 0.000531054160092, 0.000147321668919, 0.000264693924692, 0.000477736000903, 0.000239080065512, 0.000122126220958, 0.000128980595036, 0.000149350511492, 0.000103172278614, 0.000107013715024, 7.8955112258e-05, 0.000102767204226, 5.25317518623e-05, 6.25017273705e-05, 5.51734556211e-05, 5.68974428461e-05, 4.63784890599e-05, 5.41353365406e-05, 5.24835777469e-05, 5.0333692343e-05, 4.1290622903e-05, 3.63894323527e-05, 2.75004185823e-05, 1.2054585568e-05, 1.72559538214e-07],
        "min": [4.98366387304e-24, 8.40530978969e-24, 5.68745677926e-23, 5.10307493156e-24, 3.14703404809e-23, 2.39927453153e-23, 2.47237874493e-23, 1.7265200676e-23, 3.83933995623e-23, 4.94610202438e-23, 4.1587222844e-23, 6.73086101049e-23, 6.86642581042e-23, 1.06152102145e-22, 8.30832028802e-23, 7.37736092131e-23, 2.03277603429e-22, 1.86181586596e-22, 1.78760323988e-22, 2.5696044631e-22, 4.64907614049e-22, 4.70196490967e-22, 5.30741174168e-22, 7.54278606288e-22, 1.30199561275e-21, 1.56989671416e-21, 2.55327168497e-21],
        "var": [1.13900186989e-05, 0.000387266569305, 5.79219995416e-05, 4.73505451737e-06, 9.77220111054e-07, 2.30462592299e-06, 2.20139645535e-06, 5.49011133444e-07, 4.55467045413e-07, 9.65208641901e-07, 1.37158565394e-06, 1.41174098189e-06, 1.62723040376e-06, 9.56496933213e-07, 2.92819322567e-07, 5.10091922479e-07, 5.53660527203e-07, 7.42533643461e-07, 4.88227328788e-07, 6.41435860871e-07, 3.66660003692e-07, 1.74836586098e-07, 1.0163190467e-07, 6.75664892924e-08, 3.38531762623e-08, 9.21752540961e-09, 1.8043929198e-11]
    },
    "erbbands": {
        "dmean": [0.213805243373, 0.855677068233, 2.02773046494, 2.47260904312, 1.42549610138, 1.18322849274, 2.04806351662, 3.85478258133, 6.41046380997, 4.57703876495, 3.88424396515, 4.69568109512, 8.91270637512, 9.16184139252, 11.3824157715, 14.6325931549, 13.2331199646, 13.6502017975, 9.47469329834, 10.5662555695, 12.4882659912, 13.9163312912, 14.0059947968, 12.7207574844, 9.03299045563, 8.26826095581, 7.15763235092, 5.97040319443, 5.10328292847, 4.16996240616, 3.0809044838, 2.05391407013, 1.27802467346, 0.779913723469, 0.38850492239, 0.142049685121, 0.0463251248002, 0.00684179691598, 0.000141005570185, 1.10839273475e-05],
        "dmean2": [0.261644601822, 1.16181504726, 3.44703125954, 4.4829211235, 2.48999333382, 1.91501140594, 2.9184243679, 5.32165956497, 10.1800003052, 6.59017038345, 5.84325361252, 6.91489934921, 13.7572336197, 13.8804893494, 17.0388412476, 22.8973140717, 20.2428703308, 21.6805648804, 15.6401081085, 17.7505016327, 20.9922027588, 22.8722858429, 23.1283149719, 20.9296703339, 14.2216749191, 13.1973056793, 10.9431114197, 9.21490097046, 7.98288965225, 6.23672771454, 4.7351732254, 3.25968980789, 2.03233337402, 1.25098133087, 0.613881766796, 0.2202372998, 0.0719055458903, 0.0106223830953, 0.00021929522336, 1.64523462445e-05],
        "dvar": [0.18472532928, 4.78835058212, 86.0065765381, 131.370025635, 25.7641658783, 7.74792909622, 16.6740455627, 46.8152046204, 127.447471619, 121.088592529, 74.4671707153, 128.381652832, 363.201538086, 549.593444824, 846.118469238, 1516.85620117, 1455.84460449, 1065.71630859, 443.556365967, 749.018859863, 1006.81451416, 1408.12646484, 1829.87097168, 1109.37463379, 471.17288208, 404.877746582, 292.793701172, 198.037612915, 136.722305298, 84.322555542, 45.9313468933, 19.9721508026, 7.63788175583, 2.87117314339, 0.646007061005, 0.101232975721, 0.0138537231833, 0.000326870853314, 1.42663736824e-07, 3.84618503713e-10],
        "dvar2": [0.288954705, 9.64538288116, 234.591796875, 379.708190918, 73.7596969604, 20.7216491699, 30.1805362701, 77.8834075928, 324.035583496, 220.144973755, 154.180053711, 263.176879883, 816.743225098, 1159.21984863, 1639.88659668, 3399.20898438, 2956.94165039, 2193.68725586, 1154.14331055, 1986.96411133, 2628.81640625, 3353.27734375, 4704.17480469, 2769.8996582, 1033.51416016, 991.664001465, 662.156616211, 424.31072998, 317.250488281, 192.25390625, 109.338912964, 49.2351303101, 18.553894043, 7.28457260132, 1.59229230881, 0.25096476078, 0.0340322777629, 0.000815238396171, 3.57430280928e-07, 9.08262853816e-10],
        "max": [5.87392091751, 23.0789680481, 88.728477478, 109.382797241, 53.0955963135, 32.0057792664, 118.288757324, 286.768157959, 199.751541138, 232.736358643, 168.145965576, 260.906982422, 350.185272217, 570.42980957, 645.960327148, 781.799560547, 1152.86889648, 990.668518066, 336.23651123, 483.760559082, 519.289489746, 653.243041992, 668.896057129, 621.066650391, 383.078582764, 365.831268311, 290.766571045, 312.264099121, 330.252288818, 156.290893555, 100.991447449, 66.6597366333, 38.0253868103, 19.5437755585, 11.6159601212, 4.98280096054, 1.79969418049, 0.365294158459, 0.00708119152114, 0.000284151232336],
        "mean": [0.580325484276, 1.84244334698, 2.23655605316, 2.30537199974, 1.60230696201, 2.29890322685, 4.97696304321, 9.42635250092, 11.7753372192, 8.72510814667, 6.78507375717, 8.34126663208, 15.3528871536, 15.0191240311, 18.1556568146, 20.3202133179, 19.9110851288, 20.5957107544, 13.5140581131, 13.8554439545, 15.7368144989, 18.3500080109, 18.922580719, 19.48919487, 15.9324645996, 14.5393772125, 13.0054302216, 10.747882843, 8.68337059021, 6.95497322083, 5.31123876572, 3.73519659042, 2.37865972519, 1.40266680717, 0.708590805531, 0.277937650681, 0.0871441885829, 0.0119561785832, 0.000257405394223, 4.00757526222e-05],
        "median": [0.149089947343, 0.633947312832, 0.878315627575, 0.63832461834, 0.462032735348, 0.999316036701, 2.47029614449, 4.19262981415, 4.32731819153, 2.95229387283, 2.95026111603, 3.19618487358, 5.17765378952, 4.83191490173, 4.81075286865, 4.8327422142, 4.98212480545, 6.38335943222, 4.92633771896, 3.90719509125, 3.73792028427, 3.55525445938, 3.26206564903, 2.79389286041, 2.34396100044, 2.60005545616, 2.1950199604, 1.99837386608, 1.71820878983, 1.54470741749, 1.11019670963, 0.847969830036, 0.545410215855, 0.341411083937, 0.17002658546, 0.0647715777159, 0.01933872886, 0.0026439151261, 6.54266041238e-05, 2.05482720048e-05],
        "min": [2.95310395414e-22, 2.63838243077e-21, 4.23118909945e-20, 6.34385038918e-20, 2.30613011083e-20, 1.17848047054e-19, 1.36787303606e-19, 1.83579385744e-19, 4.24545124418e-19, 5.77261173661e-19, 4.18071143655e-19, 9.68733652635e-19, 1.15359817978e-18, 1.96817762628e-18, 1.68617945115e-18, 2.58321991253e-18, 3.27661957064e-18, 4.50476150947e-18, 5.89269323594e-18, 5.15058980375e-18, 4.85581158476e-18, 1.09002585487e-17, 1.26520417976e-17, 9.61124893809e-18, 8.89880158522e-18, 1.16489471657e-17, 1.36146202959e-17, 1.91893328967e-17, 1.41323807655e-17, 1.76387298989e-17, 1.50204005121e-17, 1.91444600028e-17, 1.15194214352e-17, 1.48930544024e-17, 9.04793894094e-18, 5.29111124621e-18, 3.11376363125e-18, 1.42299870438e-18, 3.36049413379e-19, 3.21932942915e-20],
        "var": [0.940518379211, 11.8647041321, 59.3754119873, 76.4834136963, 17.1380767822, 12.3479137421, 67.4207000732, 212.772705078, 357.351257324, 380.352386475, 149.742858887, 294.052185059, 783.796264648, 1169.13024902, 1991.9095459, 2890.28173828, 3185.00024414, 2444.54296875, 603.081542969, 853.428100586, 1243.1517334, 2189.2434082, 2289.96557617, 1975.43395996, 1229.70153809, 949.084899902, 772.140136719, 535.036560059, 288.174560547, 151.527664185, 81.9123382568, 38.0132751465, 15.4690122604, 5.49391460419, 1.42979359627, 0.242393746972, 0.0289348997176, 0.000674107053783, 2.76738489902e-07, 1.80816672746e-09]
    },
    "gfcc": {
        "mean": [-45.6350517273, 81.1212463379, -112.321487427, 33.4856109619, -54.9554176331, 23.4091587067, -30.3103065491, 13.5279836655, -16.6152839661, 11.6549215317, -7.3616194725, 7.97271585464, -6.75791454315],
        "cov": [[20659.5839844, -3792.05810547, 626.239257812, 1980.00244141, -781.934997559, 933.59588623, -707.35559082, 708.438232422, -1233.62658691, 482.233856201, -418.356170654, 498.552032471, -378.586486816], [-3792.05810547, 3955.51904297, 243.841888428, -326.514526367, 696.78729248, -126.891189575, 643.061828613, -310.175964355, 558.391296387, -318.441375732, 296.178741455, -337.231414795, 244.081298828], [626.239257812, 243.841888428, 1430.71972656, 569.723571777, 343.778411865, 396.308532715, 123.59577179, 227.118087769, -8.84932136536, 126.129234314, 0.27768060565, 92.1185836792, -1.77255237103], [1980.00244141, -326.514526367, 569.723571777, 738.775939941, 189.336868286, 282.517028809, 72.1542663574, 181.973999023, -35.3030281067, 77.8231887817, -35.4628601074, 53.0240783691, -33.8779983521], [-781.934997559, 696.78729248, 343.778411865, 189.336868286, 471.093536377, 139.922042847, 211.090911865, 18.9202003479, 164.622558594, 2.10803675652, 66.154838562, -35.2781448364, 46.5920982361], [933.59588623, -126.891189575, 396.308532715, 282.517028809, 139.922042847, 315.424987793, 84.1728820801, 112.527397156, -26.0325775146, 69.0078277588, -3.08683633804, 29.2632217407, -22.0222530365], [-707.35559082, 643.061828613, 123.59577179, 72.1542663574, 211.090911865, 84.1728820801, 308.215576172, 29.7895507812, 152.010192871, -30.455368042, 89.5223083496, -46.579498291, 57.0382766724], [708.438232422, -310.175964355, 227.118087769, 181.973999023, 18.9202003479, 112.527397156, 29.7895507812, 221.698135376, 4.08281707764, 85.7854919434, -6.72469997406, 81.7701950073, 1.13239741325], [-1233.62658691, 558.391296387, -8.84932136536, -35.3030281067, 164.622558594, -26.0325775146, 152.010192871, 4.08281707764, 236.150177002, -4.01293039322, 73.2519302368, -53.4443092346, 57.4508628845], [482.233856201, -318.441375732, 126.129234314, 77.8231887817, 2.10803675652, 69.0078277588, -30.455368042, 85.7854919434, -4.01293039322, 161.281066895, 40.6568756104, 67.0712203979, -9.57336425781], [-418.356170654, 296.178741455, 0.27768060565, -35.4628601074, 66.154838562, -3.08683633804, 89.5223083496, -6.72469997406, 73.2519302368, 40.6568756104, 144.313659668, 26.230670929, 42.9542160034], [498.552032471, -337.231414795, 92.1185836792, 53.0240783691, -35.2781448364, 29.2632217407, -46.579498291, 81.7701950073, -53.4443092346, 67.0712203979, 26.230670929, 136.322494507, 26.2584972382], [-378.586486816, 244.081298828, -1.77255237103, -33.8779983521, 46.5920982361, -22.0222530365, 57.0382766724, 1.13239741325, 57.4508628845, -9.57336425781, 42.9542160034, 26.2584972382, 92.9819641113]],
        "icov": [[0.000166508034454, -0.000233199680224, 0.000309647992253, -0.000537251820788, 0.000285862159217, -0.00034304120345, 0.00018420953711, -0.000286355032586, 0.000768693804275, -0.000519960187376, 0.00032686983468, -0.000344972271705, 0.000184198783245], [-0.000233199680224, 0.00152647600044, -0.00110586546361, 0.00124034052715, -0.001073997817, 0.000942783372011, -0.00073997862637, 0.000751661311369, -0.00153527315706, 0.002343559172, -0.00233249505982, 0.0027562782634, -0.00183045410085], [0.000309647992253, -0.00110586546361, 0.00230789650232, -0.00166945462115, 0.000165976351127, -0.00171441677958, 0.0007276009419, -0.00115901930258, 0.00198123347946, -0.00206230743788, 0.00180041568819, -0.00217581237666, 0.00102425145451], [-0.000537251820788, 0.00124034052715, -0.00166945462115, 0.00450515141711, -0.00185208697803, 0.000300670420984, -0.000938744051382, -8.4888370111e-06, -0.00218655262142, 0.00234906934202, -0.00126925099175, 0.00189927988686, -0.000615717319306], [0.000285862159217, -0.001073997817, 0.000165976351127, -0.00185208697803, 0.00559665355831, -0.00197109836154, -0.000690522487275, 0.00107758084778, -0.00121635734104, -0.00158007908612, 0.0016535744071, -0.00230080541223, 0.000925506756175], [-0.00034304120345, 0.000942783372011, -0.00171441677958, 0.000300670420984, -0.00197109836154, 0.00819131266326, -0.00291308155283, -0.000350929098204, 0.000827949726954, -0.000511932943482, -0.000682074576616, 0.00227652769536, 3.22256928484e-05], [0.00018420953711, -0.00073997862637, 0.0007276009419, -0.000938744051382, -0.000690522487275, -0.00291308155283, 0.00925430934876, -0.00326920673251, -0.000897306541447, 0.00248776189983, -0.00402096938342, 0.0024529856164, -0.00164132099599], [-0.000286355032586, 0.000751661311369, -0.00115901930258, -8.4888370111e-06, 0.00107758084778, -0.000350929098204, -0.00326920673251, 0.011075953953, -0.00469106715173, -0.00173371774144, 0.0032895184122, -0.00549321901053, 0.00083486357471], [0.000768693804275, -0.00153527315706, 0.00198123347946, -0.00218655262142, -0.00121635734104, 0.000827949726954, -0.000897306541447, -0.00469106715173, 0.0147279938683, -0.00520185800269, -0.000104228478449, 0.00382001907565, -0.002851981204], [-0.000519960187376, 0.002343559172, -0.00206230743788, 0.00234906934202, -0.00158007908612, -0.000511932943482, 0.00248776189983, -0.00173371774144, -0.00520185800269, 0.0159720107913, -0.00885223597288, 0.00153150770348, 0.000228550707106], [0.00032686983468, -0.00233249505982, 0.00180041568819, -0.00126925099175, 0.0016535744071, -0.000682074576616, -0.00402096938342, 0.0032895184122, -0.000104228478449, -0.00885223597288, 0.0179505832493, -0.0100149288774, 0.00215078750625], [-0.000344972271705, 0.0027562782634, -0.00217581237666, 0.00189927988686, -0.00230080541223, 0.00227652769536, 0.0024529856164, -0.00549321901053, 0.00382001907565, 0.00153150770348, -0.0100149288774, 0.0242071505636, -0.0121474349871], [0.000184198783245, -0.00183045410085, 0.00102425145451, -0.000615717319306, 0.000925506756175, 3.22256928484e-05, -0.00164132099599, 0.00083486357471, -0.002851981204, 0.000228550707106, 0.00215078750625, -0.0121474349871, 0.0208681002259]]
    },
    "melbands": {
        "dmean": [0.00142584298737, 0.000959365221206, 0.000394827744458, 8.7730033556e-05, 6.46608968964e-05, 9.02091778698e-05, 9.12136893021e-05, 5.06278302055e-05, 3.17489975714e-05, 3.06567380903e-05, 4.60910705442e-05, 3.77821888833e-05, 3.58188226528e-05, 3.61472775694e-05, 3.48775465682e-05, 3.22339910781e-05, 2.75217498711e-05, 1.65442124853e-05, 1.56486930791e-05, 1.81785217137e-05, 1.36911257869e-05, 1.62602900673e-05, 1.33234843815e-05, 1.04310374809e-05, 1.11041244963e-05, 7.41811118132e-06, 7.66474659031e-06, 5.7423853832e-06, 4.88155319545e-06, 3.90686818719e-06, 3.66803669749e-06, 3.05978664983e-06, 2.76000059785e-06, 2.35714878727e-06, 1.94188351088e-06, 1.49524385051e-06, 1.29128602566e-06, 9.5914879239e-07, 8.0441600403e-07, 6.5529263793e-07],
        "dmean2": [0.00192472257186, 0.00141987716779, 0.000709438929334, 0.000148174905917, 9.40634199651e-05, 0.00012734856864, 0.000142614881042, 7.33110500732e-05, 4.74872758787e-05, 4.55569825135e-05, 7.14934649295e-05, 5.73061042815e-05, 5.40398468729e-05, 5.76040765736e-05, 5.30357792741e-05, 4.97816108691e-05, 4.4296230044e-05, 2.74569429166e-05, 2.65473718173e-05, 3.05179637508e-05, 2.32020520343e-05, 2.67637551588e-05, 2.22749968088e-05, 1.72633644979e-05, 1.83118208952e-05, 1.18525313155e-05, 1.20169188449e-05, 9.21590526559e-06, 7.56413783165e-06, 6.10276492807e-06, 5.769884865e-06, 4.82121095047e-06, 4.47110733148e-06, 3.59775435754e-06, 3.00150782095e-06, 2.3504580895e-06, 2.09410654861e-06, 1.52807865561e-06, 1.30862531478e-06, 1.068788265e-06],
        "dvar": [8.91484160093e-06, 1.11375857159e-05, 3.16044338433e-06, 6.58651799768e-08, 1.4669613968e-08, 2.23615010952e-08, 2.70753055531e-08, 1.45948764185e-08, 5.77877790064e-09, 5.6789124514e-09, 1.00282333548e-08, 8.44819325607e-09, 7.30932647741e-09, 8.50457126944e-09, 7.5190706994e-09, 1.34259172668e-08, 5.327411845e-09, 1.61850777225e-09, 2.78563194733e-09, 2.99750424482e-09, 1.31043131901e-09, 2.12943107591e-09, 1.6897052646e-09, 8.17947376497e-10, 8.60396032198e-10, 3.29457683357e-10, 4.1436992726e-10, 2.1276476414e-10, 1.48779086273e-10, 7.31440047419e-11, 8.24173229663e-11, 4.89945826965e-11, 4.14880109434e-11, 2.70144635828e-11, 1.8097823587e-11, 1.10017880223e-11, 8.63512993748e-12, 4.17361241054e-12, 3.03000528314e-12, 2.00495934959e-12],
        "dvar2": [1.60917243193e-05, 2.66083043243e-05, 9.06436707737e-06, 1.86761653254e-07, 2.87193877568e-08, 4.01983335507e-08, 6.31932266515e-08, 2.73421747465e-08, 1.13270841595e-08, 1.17860015081e-08, 2.23491660734e-08, 1.77736509954e-08, 1.43188261248e-08, 1.9941749585e-08, 1.61131357146e-08, 2.60172825506e-08, 1.10006936893e-08, 4.22494261798e-09, 7.49242090592e-09, 7.89056020523e-09, 3.40864159121e-09, 5.12180919898e-09, 4.41196190692e-09, 2.08449102423e-09, 2.16293383204e-09, 7.47106487786e-10, 8.99685437261e-10, 5.30924804121e-10, 3.47981921056e-10, 1.67552818842e-10, 1.82050624575e-10, 1.16951712203e-10, 1.03993529066e-10, 6.1354636649e-11, 4.31305650916e-11, 2.78808417326e-11, 2.23342629113e-11, 1.01762123034e-11, 7.71221107809e-12, 5.1546280265e-12],
        "max": [0.0372318290174, 0.0349351279438, 0.016839036718, 0.00278197648004, 0.00318797235377, 0.00557474559173, 0.0030562330503, 0.00290780491196, 0.00180340104271, 0.00173504394479, 0.00184312229976, 0.00211330829188, 0.00180195807479, 0.00181397225242, 0.00205421703868, 0.00377979804762, 0.00227645132691, 0.000735838955734, 0.000950657704379, 0.0016700377455, 0.000832475139759, 0.000835489307065, 0.000685378734488, 0.000436461501522, 0.000564507150557, 0.000458514899947, 0.000464800774353, 0.000351102120476, 0.000218019951717, 0.000131214954308, 0.000206630124012, 0.000176251269295, 0.000119205149531, 8.98275902728e-05, 7.46030273149e-05, 5.88773509662e-05, 4.84253832838e-05, 3.18325182889e-05, 2.57215087913e-05, 1.92065544979e-05],
        "mean": [0.00419441796839, 0.00157761154696, 0.000378281169105, 0.000133713794639, 0.000159567716764, 0.000218095403397, 0.000170521670952, 9.23139305087e-05, 5.38432541362e-05, 5.25982577528e-05, 7.78013927629e-05, 6.0986927565e-05, 5.615074042e-05, 4.97760229337e-05, 4.89218436996e-05, 4.57466849184e-05, 3.9091664803e-05, 2.24691939366e-05, 1.86447141459e-05, 2.20009806071e-05, 1.6351326849e-05, 2.03988747671e-05, 1.67217731359e-05, 1.42904737004e-05, 1.62137312145e-05, 1.19006126624e-05, 1.19798023661e-05, 9.2677100838e-06, 8.37487095851e-06, 6.75295314068e-06, 6.0630891312e-06, 4.91339642394e-06, 4.29848205385e-06, 3.6092587834e-06, 3.18732099913e-06, 2.49467871072e-06, 2.19806679524e-06, 1.71769420376e-06, 1.39935400512e-06, 1.10530049824e-06],
        "median": [0.00120119971689, 0.000681251229253, 0.000109454384074, 4.76458044432e-05, 8.35117243696e-05, 0.000101376564999, 5.93005497649e-05, 2.7038377084e-05, 2.16213120439e-05, 1.77129604708e-05, 2.30146906688e-05, 1.68430997292e-05, 1.37346087286e-05, 1.25569640659e-05, 1.02926060208e-05, 6.84774340698e-06, 1.0458905308e-05, 7.43474492992e-06, 4.03298963647e-06, 4.46493413619e-06, 3.67706161342e-06, 3.38456038662e-06, 2.99107045976e-06, 2.60931074081e-06, 2.15781528823e-06, 1.52158622768e-06, 1.69753832324e-06, 1.64230755217e-06, 1.25680230667e-06, 1.32056993607e-06, 1.03010620478e-06, 9.70298401626e-07, 9.24635060073e-07, 7.93016511125e-07, 6.42455916022e-07, 5.70714917103e-07, 5.05157515818e-07, 3.9440448063e-07, 3.25446677607e-07, 2.77219754707e-07],
        "min": [2.9292570834e-24, 1.67242961082e-23, 1.04731358922e-23, 3.45215156228e-24, 4.49905675821e-24, 4.10345879146e-24, 6.87669062629e-24, 5.98663069984e-24, 4.30418365993e-24, 5.58663128367e-24, 5.78561434727e-24, 8.0923844458e-24, 5.12009421116e-24, 8.42795325311e-24, 4.53034061512e-24, 4.60789510844e-24, 9.05322649469e-24, 1.02947349985e-23, 6.02133821309e-24, 6.38489146658e-24, 5.79855206054e-24, 1.13553482303e-23, 9.61455546016e-24, 9.12963082881e-24, 7.60060382432e-24, 7.04909696599e-24, 5.37818386137e-24, 8.3185918881e-24, 9.42521779885e-24, 9.24341533692e-24, 1.01687696891e-23, 6.88303858999e-24, 1.02331194397e-23, 9.83725483801e-24, 7.53458247744e-24, 1.0157654639e-23, 1.14381028947e-23, 6.40601834491e-24, 1.03830471879e-23, 1.31041534607e-23],
        "var": [4.44041106675e-05, 1.33994217322e-05, 1.87815680874e-06, 6.26287928185e-08, 5.39661044741e-08, 9.89358568404e-08, 8.53771524589e-08, 4.22825792157e-08, 1.17940626154e-08, 1.2908287772e-08, 2.18587512535e-08, 1.82623836054e-08, 1.69006710848e-08, 1.49946846051e-08, 1.48136365397e-08, 3.00859390734e-08, 1.1790615595e-08, 2.14693751666e-09, 2.93370794324e-09, 3.34220717768e-09, 1.55102952704e-09, 3.2748097567e-09, 1.85218407278e-09, 1.11017495197e-09, 1.47870560241e-09, 8.10880584901e-10, 9.62073309907e-10, 4.42444997306e-10, 3.55327434143e-10, 1.84913029333e-10, 2.01301572633e-10, 9.59064563877e-11, 6.65027963254e-11, 4.33435475011e-11, 3.14775358556e-11, 1.8151109088e-11, 1.42566835074e-11, 8.25244560188e-12, 5.73543252821e-12, 3.56969228482e-12]
    },
    "mfcc": {
        "mean": [-681.983886719, 105.436538696, 7.10299921036, 17.9735679626, 4.10109138489, 10.0214977264, 4.46082401276, 5.74915313721, 1.72771513462, 3.93632364273, 3.36212277412, 5.39948272705, 4.61470890045],
        "cov": [[11985.5791016, -2117.54858398, 75.0339126587, 676.327453613, 200.927993774, 82.2261505127, 63.8634414673, 88.8668899536, -199.832275391, -134.053665161, -94.2296218872, -19.8893089294, -62.4102935791], [-2117.54858398, 3144.38330078, 125.40587616, 26.5742397308, 170.470367432, 188.331436157, 174.115951538, 124.226394653, 195.904937744, 135.40864563, 104.82724762, 5.27680635452, -24.3580226898], [75.0339126587, 125.40587616, 870.899597168, 332.414855957, 296.470916748, 234.489471436, 191.018234253, 148.891967773, 97.696723938, 91.514175415, 45.0520858765, 43.6433410645, 43.7272834778], [676.327453613, 26.5742397308, 332.414855957, 438.224975586, 245.477783203, 166.032272339, 148.664932251, 133.625076294, 100.733848572, 75.7214202881, 58.0944442749, 52.8965454102, 28.433801651], [200.927993774, 170.470367432, 296.470916748, 245.477783203, 335.689483643, 195.048522949, 125.613739014, 103.51574707, 92.1597900391, 81.2891235352, 53.5384521484, 38.9263725281, 22.1158752441], [82.2261505127, 188.331436157, 234.489471436, 166.032272339, 195.048522949, 262.778045654, 153.345611572, 90.1271514893, 75.3490600586, 73.3526077271, 54.1855278015, 37.6240005493, 10.3484992981], [63.8634414673, 174.115951538, 191.018234253, 148.664932251, 125.613739014, 153.345611572, 199.238342285, 113.350357056, 64.4790802002, 58.3322944641, 53.8902854919, 46.8233146667, 27.4702682495], [88.8668899536, 124.226394653, 148.891967773, 133.625076294, 103.51574707, 90.1271514893, 113.350357056, 169.030929565, 95.6316375732, 53.6655731201, 33.6158294678, 25.7147674561, 25.3580436707], [-199.832275391, 195.904937744, 97.696723938, 100.733848572, 92.1597900391, 75.3490600586, 64.4790802002, 95.6316375732, 146.99420166, 87.4393310547, 40.9876823425, 21.7241401672, 11.9162683487], [-134.053665161, 135.40864563, 91.514175415, 75.7214202881, 81.2891235352, 73.3526077271, 58.3322944641, 53.6655731201, 87.4393310547, 118.792312622, 72.3474273682, 26.4762516022, 9.51718425751], [-94.2296218872, 104.82724762, 45.0520858765, 58.0944442749, 53.5384521484, 54.1855278015, 53.8902854919, 33.6158294678, 40.9876823425, 72.3474273682, 104.853347778, 53.5094184875, 17.0134754181], [-19.8893089294, 5.27680635452, 43.6433410645, 52.8965454102, 38.9263725281, 37.6240005493, 46.8233146667, 25.7147674561, 21.7241401672, 26.4762516022, 53.5094184875, 100.986915588, 57.5313339233], [-62.4102935791, -24.3580226898, 43.7272834778, 28.433801651, 22.1158752441, 10.3484992981, 27.4702682495, 25.3580436707, 11.9162683487, 9.51718425751, 17.0134754181, 57.5313339233, 99.4356079102]],
