{
"lowlevel": {
    "average_loudness": 0.72522097826,
    "barkbands_crest": {
        "dmean": 2.62831568718,
        "dmean2": 4.1161866188,
        "dvar": 6.58370685577,
        "dvar2": 13.3358736038,
        "max": 26.6104049683,
        "mean": 10.4239549637,
        "median": 9.26924800873,
        "min": 2.18917179108,
        "var": 28.0659599304
    },
    "barkbands_flatness_db": {
        "dmean": 0.023597849533,
        "dmean2": 0.0349244065583,
        "dvar": 0.000728767015971,
        "dvar2": 0.00130094529595,
        "max": 0.54815608263,
        "mean": 0.125163570046,
        "median": 0.093190766871,
        "min": 0.0241404753178,
        "var": 0.00677647162229
    },
    "barkbands_kurtosis": {
        "dmean": 4.65218496323,
        "dmean2": 6.65515089035,
        "dvar": 139.290054321,
        "dvar2": 219.239028931,
        "max": 215.613265991,
        "mean": 6.3175535202,
        "median": 0.601737737656,
        "min": -1.87987685204,
        "var": 321.276611328
    },
    "barkbands_skewness": {
        "dmean": 0.62813359499,
        "dmean2": 0.916879415512,
        "dvar": 0.836554884911,
        "dvar2": 1.34298634529,
        "max": 13.7519226074,
        "mean": 1.57855498791,
        "median": 1.05422198772,
        "min": -4.71876430511,
        "var": 3.53761720657
    },
    "barkbands_spread": {
        "dmean": 5.86151838303,
        "dmean2": 8.95180416107,
        "dvar": 40.6577224731,
        "dvar2": 87.0670166016,
        "max": 134.483810425,
        "mean": 25.4846630096,
        "median": 26.8486862183,
        "min": 0.190077602863,
        "var": 192.465713501
    },
    "dissonance": {
        "dmean": 0.0169072039425,
        "dmean2": 0.0284428987652,
        "dvar": 0.000394928385504,
        "dvar2": 0.00102671945933,
        "max": 0.500000059605,
        "mean": 0.467446655035,
        "median": 0.478762954473,
        "min": 0.156504839659,
        "var": 0.00173862045631
    },
    "dynamic_complexity": 3.31914901733,
    "erbbands_crest": {
        "dmean": 3.02961325645,
        "dmean2": 4.93858909607,
        "dvar": 7.48561382294,
        "dvar2": 18.0053806305,
        "max": 33.0545883179,
        "mean": 8.89475154877,
        "median": 7.64675188065,
        "min": 2.28621888161,
        "var": 22.2371520996
    },
    "erbbands_flatness_db": {
        "dmean": 0.0149582736194,
        "dmean2": 0.0221888553351,
        "dvar": 0.000250319222687,
        "dvar2": 0.000489954836667,
        "max": 0.554134011269,
        "mean": 0.149092033505,
        "median": 0.117950603366,
        "min": 0.031013244763,
        "var": 0.00735682854429
    },
    "erbbands_kurtosis": {
        "dmean": 0.639075636864,
        "dmean2": 1.03631949425,
        "dvar": 2.76373052597,
        "dvar2": 6.35894727707,
        "max": 78.7386627197,
        "mean": -0.0588078312576,
        "median": -0.444500923157,
        "min": -1.65820682049,
        "var": 4.23189258575
    },
    "erbbands_skewness": {
        "dmean": 0.323421061039,
        "dmean2": 0.50311601162,
        "dvar": 0.0988413020968,
        "dvar2": 0.231733113527,
        "max": 6.9459104538,
        "mean": 0.273831367493,
        "median": 0.21923443675,
        "min": -1.44625723362,
        "var": 0.267344355583
    },
    "erbbands_spread": {
        "dmean": 7.25274419785,
        "dmean2": 10.9476919174,
        "dvar": 58.3231964111,
        "dvar2": 116.657356262,
        "max": 124.323745728,
        "mean": 40.1544075012,
        "median": 40.0355415344,
        "min": 0.503127336502,
        "var": 353.535369873
    },
    "hfc": {
        "dmean": 6.90322780609,
        "dmean2": 10.7306165695,
        "dvar": 84.8687210083,
        "dvar2": 173.476593018,
        "max": 100.806518555,
        "mean": 28.2010345459,
        "median": 26.9868907928,
        "min": 1.0812214106e-16,
        "var": 384.631561279
    },
    "melbands_crest": {
        "dmean": 3.26808309555,
        "dmean2": 5.03539943695,
        "dvar": 11.4235076904,
        "dvar2": 26.085931778,
        "max": 36.4840545654,
        "mean": 15.0887069702,
        "median": 13.0284042358,
        "min": 1.00205695629,
        "var": 58.3534622192
    },
    "melbands_flatness_db": {
        "dmean": 0.0285690817982,
        "dmean2": 0.0423918366432,
        "dvar": 0.00105709035415,
        "dvar2": 0.00193287187722,
        "max": 0.592204749584,
        "mean": 0.181216612458,
        "median": 0.155163705349,
        "min": -2.58859216729e-07,
        "var": 0.00845691282302
    },
    "melbands_kurtosis": {
        "dmean": 12.7338151932,
        "dmean2": 18.6337280273,
        "dvar": 1041.32702637,
        "dvar2": 1729.12084961,
        "max": 452.753051758,
        "mean": 21.1619472504,
        "median": 4.88425731659,
        "min": -1.46758699417,
        "var": 2539.53857422
    },
    "melbands_skewness": {
        "dmean": 0.882273972034,
        "dmean2": 1.31184506416,
        "dvar": 1.77163434029,
        "dvar2": 3.1121275425,
        "max": 18.0352897644,
        "mean": 2.79503846169,
        "median": 1.90933811665,
        "min": -2.29287433624,
        "var": 7.74708461761
    },
    "melbands_spread": {
        "dmean": 7.05581283569,
        "dmean2": 10.8898468018,
        "dvar": 69.627281189,
        "dvar2": 165.447433472,
        "max": 197.770126343,
        "mean": 27.4563217163,
        "median": 26.7033824921,
        "min": 0.413604795933,
        "var": 329.350921631
    },
    "pitch_salience": {
        "dmean": 0.0756223574281,
        "dmean2": 0.117014721036,
        "dvar": 0.0052195857279,
        "dvar2": 0.0115405637771,
        "max": 0.997661590576,
        "mean": 0.525261580944,
        "median": 0.556927502155,
        "min": 0.055145740509,
        "var": 0.0246266108006
    },
    "silence_rate_20dB": {
        "dmean": 0,
        "dmean2": 0,
        "dvar": 0,
        "dvar2": 0,
        "max": 1,
        "mean": 1,
        "median": 1,
        "min": 1,
        "var": 0
    },
    "silence_rate_30dB": {
        "dmean": 0.0651294514537,
        "dmean2": 0.130272075534,
        "dvar": 0.0608837343752,
        "dvar2": 0.154162183404,
        "max": 1,
        "mean": 0.907270729542,
        "median": 1,
        "min": 0,
        "var": 0.0841344147921
    },
    "silence_rate_60dB": {
        "dmean": 0.0175970867276,
        "dmean2": 0.0351977348328,
        "dvar": 0.0172871816903,
        "dvar2": 0.0396338105202,
        "max": 1,
        "mean": 0.122560419142,
        "median": 0,
        "min": 0,
        "var": 0.107533439994
    },
    "spectral_centroid": {
        "dmean": 262.361572266,
        "dmean2": 386.651977539,
        "dvar": 88989.2265625,
        "dvar2": 184391.296875,
        "max": 11552.6699219,
        "mean": 1664.58117676,
        "median": 1743.79833984,
        "min": 249.011230469,
        "var": 516747.4375
    },
    "spectral_complexity": {
        "dmean": 4.72289657593,
        "dmean2": 7.40811157227,
        "dvar": 27.6554718018,
        "dvar2": 57.1492996216,
        "max": 56,
        "mean": 23.7233295441,
        "median": 25,
        "min": 0,
        "var": 158.833068848
    },
    "spectral_decrease": {
        "dmean": 3.38432570857e-09,
        "dmean2": 5.01989472212e-09,
        "dvar": 3.58552818516e-17,
        "dvar2": 7.18717448087e-17,
        "max": 2.34771337851e-26,
        "mean": -1.07000976968e-08,
        "median": -7.17488335411e-09,
        "min": -6.36504253748e-08,
        "var": 1.45425855869e-16
    },
    "spectral_energy": {
        "dmean": 0.0131221022457,
        "dmean2": 0.0195250697434,
        "dvar": 0.000511304941028,
        "dvar2": 0.00103107758332,
        "max": 0.242671832442,
        "mean": 0.0429426655173,
        "median": 0.0305014122277,
        "min": 1.04287094611e-20,
        "var": 0.0021269316785
    },
    "spectral_energyband_high": {
        "dmean": 0.000492304447107,
        "dmean2": 0.000771498482209,
        "dvar": 5.21370566275e-07,
        "dvar2": 1.14844306154e-06,
        "max": 0.00895968917757,
        "mean": 0.00159250223078,
        "median": 0.00140304293018,
        "min": 7.41216432849e-21,
        "var": 2.02636533686e-06
    },
    "spectral_energyband_low": {
        "dmean": 0.0104498686269,
        "dmean2": 0.0153063945472,
        "dvar": 0.000574412697461,
        "dvar2": 0.00108592584729,
        "max": 0.234798565507,
        "mean": 0.0257795900106,
        "median": 0.00619644019753,
        "min": 3.14453335902e-23,
        "var": 0.00199441122822
    },
    "spectral_energyband_middle_high": {
        "dmean": 0.00238669081591,
        "dmean2": 0.0038056387566,
        "dvar": 1.02471576611e-05,
        "dvar2": 2.2691760023e-05,
        "max": 0.0514704100788,
        "mean": 0.00649645552039,
        "median": 0.00547571899369,
        "min": 1.16114882739e-21,
        "var": 2.94316450891e-05
    },
    "spectral_energyband_middle_low": {
        "dmean": 0.00531606655568,
        "dmean2": 0.0088047767058,
        "dvar": 0.000125503502204,
        "dvar2": 0.000345686887158,
        "max": 0.108185812831,
        "mean": 0.0108621530235,
        "median": 0.00772400572896,
        "min": 1.87807119688e-22,
        "var": 0.000135549300467
    },
    "spectral_entropy": {
        "dmean": 0.150733798742,
        "dmean2": 0.229030027986,
        "dvar": 0.0376869700849,
        "dvar2": 0.090286411345,
        "max": 9.82173156738,
        "mean": 7.78446912766,
        "median": 7.98485898972,
        "min": 3.97637844086,
        "var": 0.38442838192
    },
    "spectral_flux": {
        "dmean": 0.0351607166231,
        "dmean2": 0.0530215315521,
        "dvar": 0.00207589333877,
        "dvar2": 0.00431569945067,
        "max": 0.505174875259,
        "mean": 0.0947071239352,
        "median": 0.0814766213298,
        "min": 6.30623886444e-11,
        "var": 0.00513088097796
    },
    "spectral_kurtosis": {
        "dmean": 2.49819970131,
        "dmean2": 4.15844154358,
        "dvar": 62.1313514709,
        "dvar2": 169.838241577,
        "max": 164.862045288,
        "mean": 6.30898094177,
        "median": 2.63436126709,
        "min": -1.27370071411,
        "var": 190.795806885
    },
    "spectral_rms": {
        "dmean": 0.000865732785314,
        "dmean2": 0.00129121507052,
        "dvar": 1.29325746911e-06,
        "dvar2": 2.72785496236e-06,
        "max": 0.0153867807239,
        "mean": 0.00561355613172,
        "median": 0.00545504130423,
        "min": 3.18972582722e-12,
        "var": 1.0383116205e-05
    },
    "spectral_rolloff": {
        "dmean": 482.031311035,
        "dmean2": 783.436706543,
        "dvar": 469332.15625,
        "dvar2": 1131131.75,
        "max": 21468.6035156,
        "mean": 1782.58776855,
        "median": 1571.92382812,
        "min": 43.06640625,
        "var": 2733915.5
    },
    "spectral_skewness": {
        "dmean": 0.234497264028,
        "dmean2": 0.388094723225,
        "dvar": 0.223245471716,
        "dvar2": 0.62793803215,
        "max": 9.84406280518,
        "mean": 1.5638307333,
        "median": 1.2862393856,
        "min": -0.0815038383007,
        "var": 0.96267926693
    },
    "spectral_spread": {
        "dmean": 429957.8125,
        "dmean2": 634761.8125,
        "dvar": 566764371968,
        "dvar2": 1.1567005696e+12,
        "max": 42463400,
        "mean": 5062800,
        "median": 5473859,
        "min": 470155.53125,
        "var": 5.15074005402e+12
    },
    "spectral_strongpeak": {
        "dmean": 0.506820380688,
        "dmean2": 0.829406857491,
        "dvar": 0.548534989357,
        "dvar2": 1.33167982101,
        "max": 7.6708574295,
        "mean": 0.922248661518,
        "median": 0.513900339603,
        "min": 0,
        "var": 0.952533304691
    },
    "zerocrossingrate": {
        "dmean": 0.0108586279675,
        "dmean2": 0.0127737876028,
        "dvar": 0.000152977270773,
        "dvar2": 0.000203056988539,
        "max": 0.8828125,
        "mean": 0.0743616968393,
        "median": 0.07275390625,
        "min": 0.0029296875,
        "var": 0.00284077320248
    },
    "barkbands": {
        "dmean": [0.00100661918987, 0.00981854181737, 0.00329608446918, 0.00282048108056, 0.00101550959516, 0.000589975737967, 0.000528419448528, 0.0010540492367, 0.00121121387929, 0.000831149169244, 0.000679784279782, 0.0003573250724, 0.000503256975207, 0.00033755772165, 0.000462462689029, 0.00037194028846, 0.000329530215822, 0.000281980697764, 0.000215097461478, 0.000185127617442, 0.00014979475236, 0.000122100580484, 0.000101907680801, 9.5227456768e-05, 6.17403056822e-05, 3.34894575644e-05, 8.56330734678e-06],
        "dmean2": [0.00108411652036, 0.0155646130443, 0.00561588350683, 0.00523034948856, 0.00164300051983, 0.000917305529583, 0.000800969835836, 0.00152823654935, 0.00187008292414, 0.00129701069091, 0.00109330634587, 0.000582434469834, 0.000831511861179, 0.000565924565308, 0.000774438900407, 0.000618747668341, 0.000553093850613, 0.000471056904644, 0.000365660293028, 0.000309656868922, 0.000245393137448, 0.000202407434699, 0.000164905955899, 0.000149020430399, 9.75787843345e-05, 4.80150192743e-05, 1.28349383886e-05],
        "dvar": [7.596735486e-06, 0.000713612535037, 0.000157147078426, 0.000108735264803, 4.46514604846e-06, 7.98537143964e-07, 9.96686026156e-07, 4.76138257e-06, 5.78747403779e-06, 2.68051780949e-06, 2.485918003e-06, 4.17158588562e-07, 6.82605275415e-07, 3.49486356299e-07, 5.2063825251e-07, 3.81287776463e-07, 2.7029489047e-07, 1.94672821863e-07, 7.99467798629e-08, 6.12842754322e-08, 4.17457854951e-08, 2.80810823483e-08, 2.06204298081e-08, 3.41248878044e-08, 1.36934747985e-08, 4.13351530781e-09, 2.77123490822e-10],
        "dvar2": [1.05513181552e-05, 0.00139341736212, 0.000421640870627, 0.000314543518471, 1.17404642879e-05, 1.7964731569e-06, 2.02402247851e-06, 8.91932268132e-06, 1.22514438772e-05, 6.0813708842e-06, 5.84507597523e-06, 1.08793744857e-06, 1.7693873815e-06, 9.39203800954e-07, 1.43410511555e-06, 9.62114427239e-07, 7.05231911979e-07, 5.11477026066e-07, 2.12819003309e-07, 1.57749042273e-07, 1.06698159641e-07, 7.12108558787e-08, 4.94527867545e-08, 8.19503469529e-08, 3.41528831882e-08, 7.90074228263e-09, 5.57569324044e-10],
        "max": [0.0346508361399, 0.2277803123, 0.121403858066, 0.0947001427412, 0.0243065729737, 0.0119456043467, 0.020171944052, 0.0527291372418, 0.0609328076243, 0.0271286424249, 0.0350350104272, 0.0122568309307, 0.0150098446757, 0.010361677967, 0.0137503091246, 0.00921536888927, 0.00884983316064, 0.00823921151459, 0.00368915428407, 0.00292367837392, 0.00322219636291, 0.00221436657012, 0.00202466873452, 0.00229116086848, 0.00134126399644, 0.00092404265888, 0.000241322821239],
        "mean": [0.00192044966388, 0.018586397171, 0.00374577892944, 0.00259330077097, 0.00201653549448, 0.00114125024993, 0.00090182677377, 0.00177360756788, 0.00190793303773, 0.00123446038924, 0.000924160063732, 0.000488622579724, 0.000698118412402, 0.00046367541654, 0.000709136424121, 0.000600916391704, 0.000560442334972, 0.00049481971655, 0.000420070922701, 0.000386458297726, 0.000355239550117, 0.000309085531626, 0.000247852120083, 0.000215625070268, 0.000149009254528, 8.16894316813e-05, 1.61081152328e-05],
        "median": [2.10623329622e-05, 0.00338049326092, 0.000929835368879, 0.000533679267392, 0.000845803355332, 0.000586982874665, 0.000352564326022, 0.000494719715789, 0.000650002097245, 0.000521156704053, 0.000357812037691, 0.000234576611547, 0.000373114598915, 0.000221936206799, 0.000433794310084, 0.000322041451, 0.000354232703103, 0.00032161665149, 0.000323746848153, 0.000304929562844, 0.000281035318039, 0.00024143558403, 0.000198406458367, 0.000149190658703, 9.42492915783e-05, 4.71149360237e-05, 6.96974530001e-06],
        "min": [1.38202593024e-24, 9.71863540141e-24, 3.37424563143e-24, 1.26131009579e-24, 9.64681671574e-24, 1.3696086285e-23, 1.20864045639e-23, 1.21119076481e-23, 1.90346062201e-23, 3.20427505755e-23, 2.40225737238e-23, 4.07641727071e-23, 3.29042781919e-23, 5.07637482982e-23, 6.50382873523e-23, 8.89819513198e-23, 7.23748830975e-23, 8.31573873598e-23, 1.14992191045e-22, 2.31064528307e-22, 2.89257774922e-22, 3.59443827753e-22, 4.283590446e-22, 6.37588483652e-22, 9.44888252161e-22, 1.38717259763e-21, 2.17349925248e-21],
        "var": [3.02387634292e-05, 0.0015021301806, 0.00011708871898, 6.59515135339e-05, 7.46825662645e-06, 2.09960580833e-06, 2.53046732723e-06, 1.1774853192e-05, 1.24564840007e-05, 4.91954733661e-06, 3.75930653718e-06, 5.44802162494e-07, 9.58937107498e-07, 4.63802223294e-07, 7.4102246117e-07, 6.89989633429e-07, 4.85280622797e-07, 3.73556417799e-07, 1.63444582313e-07, 1.39968108215e-07, 1.1472703676e-07, 8.92888536441e-08, 6.0428178017e-08, 6.46587636766e-08, 3.13339612035e-08, 1.10138387299e-08, 5.57498436304e-10]
    },
    "erbbands": {
        "dmean": [0.384597122669, 2.06863594055, 3.40242600441, 7.55454826355, 5.62238550186, 3.05538439751, 4.31939220428, 5.2045879364, 6.53183174133, 11.9105958939, 24.6012496948, 33.6405792236, 22.5924129486, 28.4405727386, 20.0612239838, 17.4828929901, 22.5044784546, 17.8581295013, 21.7861919403, 20.8468151093, 16.5215244293, 14.0248632431, 17.0602798462, 10.7065181732, 10.2438421249, 9.14613246918, 6.98156404495, 5.17490243912, 4.42648458481, 4.11147451401, 2.81296157837, 2.26602363586, 1.38784396648, 0.774715602398, 0.437419861555, 0.163497790694, 0.0627075582743, 0.0144004402682, 0.00143267493695, 2.98346894851e-05],
        "dmean2": [0.586341500282, 3.0345621109, 5.25097179413, 13.5593662262, 10.1085348129, 4.68538141251, 6.59512519836, 8.12506771088, 9.71234989166, 17.9351634979, 36.2062835693, 51.36353302, 35.2077522278, 45.1357383728, 32.6918792725, 28.460735321, 37.1185874939, 30.0357074738, 35.9910011292, 34.9895172119, 27.6837329865, 23.4898223877, 28.3788051605, 18.2180862427, 17.251083374, 15.2326021194, 11.5098457336, 8.44743919373, 7.33915138245, 6.80060005188, 4.5748052597, 3.59940958023, 2.17201662064, 1.21832430363, 0.70640784502, 0.240504980087, 0.0914695709944, 0.0208182930946, 0.00214547780342, 4.49678082077e-05],
        "dvar": [0.911067008972, 37.6601219177, 144.457977295, 768.172912598, 309.188598633, 31.7774772644, 57.4966201782, 74.3453063965, 158.027099609, 536.875366211, 3085.07519531, 4499.43505859, 1971.38366699, 4976.93554688, 1298.28369141, 948.273132324, 1431.47521973, 821.394775391, 1263.61828613, 1155.61499023, 562.052429199, 424.685668945, 793.473449707, 267.107299805, 187.134552002, 156.264205933, 96.6302642822, 49.0694770813, 38.586730957, 44.4671325684, 14.7170562744, 18.7634887695, 6.09270048141, 1.86741685867, 0.795201063156, 0.0822705850005, 0.0162864103913, 0.00080641329987, 8.64603043738e-06, 2.39537878421e-09],
        "dvar2": [2.22224068642, 65.2033920288, 360.323577881, 2181.88012695, 881.430969238, 72.2802047729, 127.339584351, 162.93812561, 317.258911133, 1040.8269043, 5940.71142578, 9313.24414062, 4535.0859375, 11785.2851562, 3376.54711914, 2449.78442383, 3684.57177734, 2184.86743164, 3356.25366211, 3181.16479492, 1448.51831055, 1091.5, 2070.61352539, 702.36151123, 492.3543396, 398.502838135, 252.811340332, 120.646476746, 98.0207595825, 115.818130493, 36.2251319885, 44.6607246399, 14.7233610153, 4.57177257538, 2.06880879402, 0.17509560287, 0.0319502539933, 0.00152947776951, 1.75329587364e-05, 4.80663597813e-09],
        "max": [7.64059591293, 56.4354820251, 125.097717285, 251.172210693, 161.07963562, 79.6603088379, 133.915176392, 146.649108887, 301.162017822, 440.109436035, 1443.25256348, 1723.48974609, 793.976928711, 1554.86499023, 779.907409668, 523.793395996, 747.01550293, 547.316162109, 572.470703125, 799.66204834, 296.249389648, 395.533508301, 536.077331543, 321.783538818, 158.116607666, 174.141265869, 163.157806396, 101.451889038, 96.1807937622, 104.310523987, 57.8869514465, 52.2588043213, 29.6011428833, 19.132856369, 10.9092674255, 4.07442569733, 1.72619664669, 0.399704426527, 0.041628099978, 0.000655243697111],
        "mean": [0.655001819134, 3.67359995842, 4.40602970123, 8.07148838043, 6.49102830887, 6.59896278381, 8.57191562653, 9.81911087036, 11.7209300995, 21.560754776, 41.0992050171, 54.1141471863, 36.2214431763, 43.5366134644, 29.0025844574, 25.0147628784, 32.1278762817, 27.1321678162, 34.5706100464, 36.2552070618, 30.1621055603, 26.7174453735, 30.7646121979, 21.0082015991, 20.8375701904, 19.0312404633, 15.9673376083, 12.9235649109, 11.0041217804, 9.28073406219, 6.83664751053, 5.03075838089, 3.17752289772, 1.85205769539, 0.968362808228, 0.401737511158, 0.140283480287, 0.0332286395133, 0.00256458879448, 9.30627138587e-05],
        "median": [0.0841506421566, 0.735468089581, 1.20060038567, 2.02633833885, 2.09750080109, 2.58728289604, 3.89453625679, 4.47998189926, 5.34311151505, 9.17043876648, 13.4914646149, 19.50756073, 18.5013618469, 15.4596605301, 15.8503742218, 13.3732748032, 17.3960781097, 16.3623142242, 20.9326286316, 22.8412322998, 21.4032459259, 19.2279930115, 19.8607215881, 15.7776279449, 16.2503490448, 15.0041913986, 12.8238334656, 10.1835031509, 8.6155872345, 7.25134801865, 5.33994817734, 3.55698609352, 2.20239496231, 1.20461058617, 0.594606995583, 0.246176227927, 0.0775658637285, 0.0173376854509, 0.00106139073614, 6.59895740682e-05],
        "min": [1.98325992947e-22, 2.132241398e-21, 4.46998709501e-21, 6.273614031e-21, 2.52906869529e-20, 3.2374007406e-20, 1.2426923043e-19, 1.43118699111e-19, 1.79053815989e-19, 1.88614434133e-19, 3.86139981607e-19, 4.75567692551e-19, 9.99799351118e-19, 1.05613459013e-18, 1.49911731191e-18, 1.84742187135e-18, 2.37760101022e-18, 1.98644322177e-18, 3.61470648496e-18, 4.43312270534e-18, 6.34287801252e-18, 4.41933525889e-18, 4.05951003806e-18, 6.58540984966e-18, 6.72247491793e-18, 1.12784562781e-17, 7.13226557006e-18, 9.5767232465e-18, 1.36553026928e-17, 1.33916744413e-17, 1.40595028448e-17, 1.13986638191e-17, 1.21609653475e-17, 1.04423809924e-17, 6.64478694198e-18, 4.81247931478e-18, 2.35793872027e-18, 1.03021829776e-18, 2.9239627487e-19, 3.12667906132e-20],
        "var": [1.86997234821, 73.516204834, 143.854202271, 504.907623291, 218.132629395, 86.7260131836, 147.511032104, 194.564102173, 381.619750977, 1371.8046875, 7002.76757812, 9709.57519531, 3482.21459961, 8888.28515625, 1756.87023926, 1256.31384277, 2014.60351562, 1175.97668457, 1966.22839355, 1975.19873047, 1014.57940674, 855.444152832, 1542.5802002, 494.054595947, 409.153289795, 352.473388672, 237.649047852, 157.988311768, 114.11391449, 93.3282470703, 47.0632362366, 35.7703399658, 12.7775859833, 4.73681402206, 1.44077408314, 0.234163567424, 0.0365645810962, 0.00199930695817, 1.60684430739e-05, 7.64980789825e-09]
    },
    "gfcc": {
        "mean": [6.26677465439, 70.0922775269, -124.425735474, 22.6470985413, -55.5296592712, 14.4103469849, -29.9386005402, 12.1565914154, -18.3365268707, 4.31555271149, -17.880235672, 0.696967840195, -11.0781679153],
        "cov": [[23330.1445312, -2675.59204102, 2269.09301758, 3128.34423828, 22.2980766296, 1721.41540527, -422.420623779, 815.024658203, -635.175537109, 279.092041016, -933.147583008, 166.099761963, -614.939086914], [-2675.59204102, 2273.35083008, -664.708618164, -481.368438721, 271.621887207, -311.108856201, 337.694335938, -173.697479248, 277.581207275, -144.931945801, 315.211029053, -116.139648438, 207.909683228], [2269.09301758, -664.708618164, 1778.8782959, 862.576049805, 447.63192749, 628.388671875, 114.25202179, 329.493896484, -32.8184776306, 155.806411743, -160.587738037, 93.7393569946, -127.722862244], [3128.34423828, -481.368438721, 862.576049805, 948.441223145, 247.138458252, 514.245849609, 61.8542060852, 238.11491394, -45.3099708557, 91.1384429932, -143.968521118, 53.0478286743, -93.0717468262], [22.2980766296, 271.621887207, 447.63192749, 247.138458252, 345.5597229, 197.16986084, 175.458251953, 99.6089630127, 81.8119125366, 32.1138572693, 34.7645759583, 12.9953260422, 16.4247722626], [1721.41540527, -311.108856201, 628.388671875, 514.245849609, 197.16986084, 413.822998047, 88.3644866943, 182.131240845, -2.32039904594, 81.2179870605, -66.8438339233, 48.7393493652, -52.3352432251], [-422.420623779, 337.694335938, 114.25202179, 61.8542060852, 175.458251953, 88.3644866943, 204.279418945, 69.2240371704, 110.818717957, 16.3417778015, 75.5813369751, 7.48740100861, 44.0034637451], [815.024658203, -173.697479248, 329.493896484, 238.11491394, 99.6089630127, 182.131240845, 69.2240371704, 161.774154663, 41.3412017822, 66.9963760376, -22.5407981873, 40.3836021423, -15.6141815186], [-635.175537109, 277.581207275, -32.8184776306, -45.3099708557, 81.8119125366, -2.32039904594, 110.818717957, 41.3412017822, 142.380783081, 38.9946289062, 83.1812362671, 1.33051657677, 53.2984619141], [279.092041016, -144.931945801, 155.806411743, 91.1384429932, 32.1138572693, 81.2179870605, 16.3417778015, 66.9963760376, 38.9946289062, 89.3293304443, 16.9176712036, 32.6796226501, -6.83208417892], [-933.147583008, 315.211029053, -160.587738037, -143.968521118, 34.7645759583, -66.8438339233, 75.5813369751, -22.5407981873, 83.1812362671, 16.9176712036, 129.678543091, 23.8863525391, 63.4164085388], [166.099761963, -116.139648438, 93.7393569946, 53.0478286743, 12.9953260422, 48.7393493652, 7.48740100861, 40.3836021423, 1.33051657677, 32.6796226501, 23.8863525391, 75.9710845947, 26.5737323761], [-614.939086914, 207.909683228, -127.722862244, -93.0717468262, 16.4247722626, -52.3352432251, 44.0034637451, -15.6141815186, 53.2984619141, -6.83208417892, 63.4164085388, 26.5737323761, 93.6821212769]],
        "icov": [[0.000130921966047, -0.000178035756107, 0.000125171558466, -0.000292979530059, 0.000210625439649, -0.000253740116023, 0.000220302972593, -0.000347744120518, 0.000300734798657, -0.00032622879371, 0.000601409818046, -0.000376964890165, 0.000298896658933], [-0.000178035756107, 0.00181440578308, -5.23121707374e-05, 0.000139128504088, -0.00136040593497, 0.000849261356052, -0.000919290119782, 0.000854141719174, -0.00123388296925, 0.00274593662471, -0.00355131598189, 0.00288528227247, -0.00135354918893], [0.000125171558466, -5.23121707374e-05, 0.00213888427243, -0.000244213762926, -0.00222164322622, -0.00102329580113, 0.000507029530127, -0.000979334348813, 0.000743444717955, -0.00156118546147, 0.00239633070305, -0.00190265115816, 0.00140838348307], [-0.000292979530059, 0.000139128504088, -0.000244213762926, 0.00448928633705, -0.00134941877332, -0.00318709388375, 0.000363887025742, -0.000217652850552, -0.000215771491639, 0.000318537990097, 0.000980484765023, 7.14841225999e-05, -0.000393914320739], [0.000210625439649, -0.00136040593497, -0.00222164322622, -0.00134941877332, 0.0105876307935, -0.00155605713371, -0.00400845101103, 0.000662047124933, -0.0001196024823, 7.97827524366e-05, -0.000408542808145, 0.00065745000029, -0.000536280334927], [-0.000253740116023, 0.000849261356052, -0.00102329580113, -0.00318709388375, -0.00155605713371, 0.0125525305048, -0.00456176046282, -0.00208125752397, 0.00223726499826, -0.00220298394561, -0.000663150218315, 0.000258032028796, -8.85262197698e-05], [0.000220302972593, -0.000919290119782, 0.000507029530127, 0.000363887025742, -0.00400845101103, -0.00456176046282, 0.0191252361983, -0.0067899255082, -0.00618793489411, 0.00712822889909, -0.00616440642625, 0.00141356640961, 0.000390674598748], [-0.000347744120518, 0.000854141719174, -0.000979334348813, -0.000217652850552, 0.000662047124933, -0.00208125752397, -0.0067899255082, 0.024074498564, -0.0101440381259, -0.00447331974283, 0.008364925161, -0.00888044480234, 0.00249495613389], [0.000300734798657, -0.00123388296925, 0.000743444717955, -0.000215771491639, -0.0001196024823, 0.00223726499826, -0.00618793489411, -0.0101440381259, 0.0292001459748, -0.0139016499743, -0.00578269036487, 0.0117254909128, -0.00903991423547], [-0.00032622879371, 0.00274593662471, -0.00156118546147, 0.000318537990097, 7.97827524366e-05, -0.00220298394561, 0.00712822889909, -0.00447331974283, -0.0139016499743, 0.0327384211123, -0.0141889909282, -0.00140720687341, 0.00491481041536], [0.000601409818046, -0.00355131598189, 0.00239633070305, 0.000980484765023, -0.000408542808145, -0.000663150218315, -0.00616440642625, 0.008364925161, -0.00578269036487, -0.0141889909282, 0.0375357381999, -0.0202537011355, 0.00265235989355], [-0.000376964890165, 0.00288528227247, -0.00190265115816, 7.14841225999e-05, 0.00065745000029, 0.000258032028796, 0.00141356640961, -0.00888044480234, 0.0117254909128, -0.00140720687341, -0.0202537011355, 0.0378207787871, -0.0173073746264], [0.000298896658933, -0.00135354918893, 0.00140838348307, -0.000393914320739, -0.000536280334927, -8.85262197698e-05, 0.000390674598748, 0.00249495613389, -0.00903991423547, 0.00491481041536, 0.00265235989355, -0.0173073746264, 0.0260614398867]]
    },
    "melbands": {
        "dmean": [0.00303301215172, 0.00181935867295, 0.00124005787075, 0.000261899491306, 0.000149916479131, 0.000114205889986, 0.000104435152025, 0.000143782352097, 0.00020579167176, 0.000205470103538, 0.000110768713057, 0.00011445657583, 7.2481634561e-05, 4.78235415358e-05, 4.28558523708e-05, 5.01704234921e-05, 3.49254005414e-05, 3.44656218658e-05, 2.96245780191e-05, 3.42939056281e-05, 1.92578427232e-05, 1.52457687363e-05, 2.04531061172e-05, 1.20809727377e-05, 9.35181742534e-06, 9.1656766017e-06, 6.12179746895e-06, 6.87749979988e-06, 4.53718666904e-06, 4.56283351014e-06, 3.28066630573e-06, 2.95569452646e-06, 2.52519748756e-06, 2.4343385121e-06, 1.86819181636e-06, 1.37979498049e-06, 1.52774634898e-06, 1.10885571303e-06, 7.91567742908e-07, 6.8660733632e-07],
        "dmean2": [0.00473084719852, 0.00240374938585, 0.00221122917719, 0.000439640105469, 0.000227034295676, 0.000178137881448, 0.00015524533228, 0.000213902938413, 0.000301679159747, 0.000315233250149, 0.000173050982994, 0.000181797222467, 0.000117104609672, 7.82893184805e-05, 7.01462195138e-05, 8.32029254525e-05, 5.88457041886e-05, 5.6971097365e-05, 4.99734233017e-05, 5.71919845243e-05, 3.25218934449e-05, 2.55313098023e-05, 3.44993422914e-05, 2.01259754249e-05, 1.59713144967e-05, 1.55035231728e-05, 1.03737365862e-05, 1.15065822683e-05, 7.51203606342e-06, 7.59857630328e-06, 5.40755945622e-06, 4.93457582706e-06, 4.22356379204e-06, 4.01487159252e-06, 3.0662752124e-06, 2.25536268772e-06, 2.44677585215e-06, 1.74611136572e-06, 1.26485224428e-06, 1.09091331524e-06],
        "dvar": [6.06817702646e-05, 2.76117461908e-05, 1.95853081095e-05, 3.99093806891e-07, 6.89465196047e-08, 3.28498934721e-08, 3.98448527505e-08, 7.70001591377e-08, 1.87522218198e-07, 1.62914631119e-07, 4.92625815696e-08, 8.03666964089e-08, 1.82858261866e-08, 6.18906081939e-09, 5.83604720106e-09, 7.58306661908e-09, 3.87160214999e-09, 3.22312265766e-09, 2.66600586052e-09, 3.40976269442e-09, 8.05234046108e-10, 4.79514372653e-10, 1.17855358805e-09, 3.24261645313e-10, 2.24859783571e-10, 1.68948147139e-10, 7.08906613966e-11, 9.40353905854e-11, 4.20957331493e-11, 4.51026820059e-11, 2.24548782346e-11, 1.88265739803e-11, 1.48182716098e-11, 1.50462003967e-11, 6.55138009814e-12, 3.90534696595e-12, 9.86690156662e-12, 3.91764789012e-12, 1.46563566405e-12, 1.63213333907e-12],
        "dvar2": [0.000128194049466, 5.34336868441e-05, 5.52468518435e-05, 1.08917595298e-06, 1.50074654925e-07, 7.30678735295e-08, 7.9529840491e-08, 1.46049288219e-07, 3.61240182656e-07, 3.41300449236e-07, 1.13230946397e-07, 1.89808332607e-07, 4.47373196266e-08, 1.63583138146e-08, 1.56404187379e-08, 1.9553374031e-08, 1.03947890295e-08, 8.62279048164e-09, 7.48059658662e-09, 8.71812666503e-09, 2.145839062e-09, 1.23316368228e-09, 3.10858028207e-09, 8.47900916146e-10, 5.97940585934e-10, 4.53672543976e-10, 1.84338613818e-10, 2.43248449161e-10, 1.10358250316e-10, 1.20461723929e-10, 5.65285179777e-11, 4.95054310046e-11, 4.00398013356e-11, 3.90189235089e-11, 1.65899776555e-11, 9.33678915432e-12, 2.4070719376e-11, 9.47031862653e-12, 3.60311216627e-12, 4.10806371559e-12],
        "max": [0.0654064565897, 0.0572417154908, 0.0392850525677, 0.00624959962443, 0.00430289283395, 0.0028560210485, 0.00464609311894, 0.00535574136302, 0.0107676750049, 0.0093459719792, 0.00393741996959, 0.00588986929506, 0.00234816269949, 0.00163678440731, 0.00182292191312, 0.00164373032749, 0.00125536357518, 0.000877893238794, 0.00123410334345, 0.00086189043941, 0.000384008511901, 0.000304518151097, 0.000589310715441, 0.000290857278742, 0.000299337785691, 0.000148194521898, 0.000141565906233, 0.000132346205646, 9.32265247684e-05, 0.000125262784422, 7.00275486452e-05, 6.70814115438e-05, 5.44970753253e-05, 5.05310053995e-05, 4.0344781155e-05, 2.68560124823e-05, 3.75152194465e-05, 2.44379043579e-05, 2.08894834941e-05, 1.81216400961e-05],
        "mean": [0.00567815219983, 0.00327883241698, 0.00133838970214, 0.000443886005087, 0.000312196323648, 0.000215978740016, 0.00018452925724, 0.000259755266597, 0.000336996366968, 0.00032156042289, 0.000168779239175, 0.000171172840055, 0.000101407335023, 6.75424744259e-05, 5.9586003772e-05, 6.93562396918e-05, 4.82095056213e-05, 5.30263823748e-05, 4.49133694929e-05, 5.44656686543e-05, 3.25522887579e-05, 2.68669300567e-05, 3.36977900588e-05, 2.10754733416e-05, 1.61223033501e-05, 1.65835372172e-05, 1.22902029034e-05, 1.29387181005e-05, 9.67244704952e-06, 9.17249963095e-06, 7.22394406694e-06, 6.5396275204e-06, 5.41474082638e-06, 4.94511414217e-06, 4.1060939111e-06, 3.19375317304e-06, 3.02597641166e-06, 2.33095988733e-06, 1.78623133706e-06, 1.50061805471e-06],
        "median": [0.000918373931199, 0.000879316823557, 0.000361839658581, 0.00016795990814, 0.000145551093738, 0.000104097867734, 7.68465179135e-05, 0.000110148961539, 0.000102917882032, 0.000110176333692, 7.6807300502e-05, 5.52757592232e-05, 4.81858187413e-05, 3.59919431503e-05, 3.20001563523e-05, 3.55299271178e-05, 2.3282278562e-05, 3.01786640193e-05, 2.74337835435e-05, 2.56895491475e-05, 2.25071544264e-05, 1.84207056009e-05, 1.8267050109e-05, 1.42634844451e-05, 1.05385670395e-05, 1.12395500764e-05, 9.59895805863e-06, 9.37907771004e-06, 7.38537846701e-06, 6.85153463564e-06, 5.26935764356e-06, 4.87955185235e-06, 4.05036144002e-06, 3.73803641196e-06, 3.08816379402e-06, 2.37962649408e-06, 2.01139800993e-06, 1.57605256845e-06, 1.19618846384e-06, 9.39865515193e-07],
        "min": [2.77350221691e-24, 2.90439041273e-24, 1.25283082713e-24, 2.12971302937e-24, 3.59389172314e-24, 2.90808563443e-24, 3.24219820451e-24, 1.64154696856e-24, 3.57501073181e-24, 2.88048023591e-24, 4.53962866342e-24, 4.25158478135e-24, 3.98935992228e-24, 4.6091651745e-24, 3.61761671487e-24, 3.97539235109e-24, 3.78486548197e-24, 5.85763064259e-24, 4.46027122851e-24, 5.59617137303e-24, 5.32178543424e-24, 4.3286553085e-24, 4.31710677928e-24, 3.29922515656e-24, 4.53229856789e-24, 3.12491154841e-24, 6.42441221464e-24, 7.04439772157e-24, 4.64786984595e-24, 4.24814574223e-24, 4.39918184001e-24, 5.8479540803e-24, 6.43887637377e-24, 6.95090823797e-24, 7.64342319426e-24, 7.30047932635e-24, 5.67999928269e-24, 7.04537196479e-24, 7.0211681345e-24, 8.04807807306e-24],
        "var": [0.000130435742904, 5.49722026335e-05, 1.30946582431e-05, 4.7024306582e-07, 1.82970296692e-07, 8.58899653622e-08, 1.00381818413e-07, 1.99719949023e-07, 4.32402032402e-07, 3.44797001617e-07, 8.63193250211e-08, 1.46110622268e-07, 2.66259352344e-08, 8.33973423653e-09, 7.39900007929e-09, 1.04106652188e-08, 5.3774753539e-09, 4.88628915107e-09, 3.22630988592e-09, 6.3225407132e-09, 1.33402922042e-09, 8.78935701998e-10, 2.17477125197e-09, 6.00938465656e-10, 3.7960168342e-10, 3.32752853049e-10, 1.49591949938e-10, 1.90104654241e-10, 1.00638913869e-10, 9.40689262596e-11, 5.98437688293e-11, 4.58166699024e-11, 3.2923715837e-11, 2.86551928019e-11, 1.84528538283e-11, 1.10523066393e-11, 1.57144020019e-11, 7.45995452911e-12, 4.09216150549e-12, 3.46540656414e-12]
    },
    "mfcc": {
        "mean": [-628.483764648, 100.848602295, -8.05054092407, 12.9358234406, -0.778864979744, 4.17194128036, -1.08377110958, 5.59428739548, 4.38620948792, 5.17608976364, 0.668345689774, 0.739077150822, -1.4132848978],
        "cov": [[12983.59375, -1643.88146973, 1259.52331543, 1521.34838867, 713.174072266, 844.102722168, 409.742004395, 482.913574219, 374.057556152, 256.013885498, -10.0166778564, -22.1534080505, -97.2622909546], [-1643.88146973, 1505.06652832, -275.613128662, -179.612045288, -19.011428833, -75.3190231323, 33.1203460693, 17.948551178, 2.77367663383, 9.32949542999, 58.2363586426, 54.0511169434, 60.9542961121], [1259.52331543, -275.613128662, 971.092346191, 396.41104126, 414.208496094, 329.733428955, 253.817184448, 224.546096802, 197.814651489, 145.749221802, 90.4653167725, 47.3100509644, 41.6791534424], [1521.34838867, -179.612045288, 396.41104126, 498.991607666, 279.368682861, 274.754638672, 184.401763916, 177.792022705, 141.881149292, 95.3747711182, 43.644493103, 30.6466426849, 21.6163673401], [713.174072266, -19.011428833, 414.208496094, 279.368682861, 310.209899902, 227.791183472, 174.658050537, 147.845703125, 127.319541931, 92.1457443237, 55.7403373718, 38.3231964111, 36.9071464539], [844.102722168, -75.3190231323, 329.733428955, 274.754638672, 227.791183472, 263.573913574, 170.142715454, 143.464096069, 114.197372437, 85.6348114014, 51.5158882141, 38.6857185364, 28.7584381104], [409.742004395, 33.1203460693, 253.817184448, 184.401763916, 174.658050537, 170.142715454, 177.902832031, 137.244064331, 97.606338501, 65.8074493408, 48.7571258545, 40.4794998169, 34.3052406311], [482.913574219, 17.948551178, 224.546096802, 177.792022705, 147.845703125, 143.464096069, 137.244064331, 160.36076355, 110.394805908, 65.1380081177, 42.4817962646, 40.783870697, 35.5922584534], [374.057556152, 2.77367663383, 197.814651489, 141.881149292, 127.319541931, 114.197372437, 97.606338501, 110.394805908, 126.336616516, 82.9269866943, 45.5411529541, 35.3201560974, 31.2367286682], [256.013885498, 9.32949542999, 145.749221802, 95.3747711182, 92.1457443237, 85.6348114014, 65.8074493408, 65.1380081177, 82.9269866943, 100.042984009, 61.7085037231, 32.5599098206, 23.3475627899], [-10.0166778564, 58.2363586426, 90.4653167725, 43.644493103, 55.7403373718, 51.5158882141, 48.7571258545, 42.4817962646, 45.5411529541, 61.7085037231, 82.3144607544, 51.0272254944, 27.329240799], [-22.1534080505, 54.0511169434, 47.3100509644, 30.6466426849, 38.3231964111, 38.6857185364, 40.4794998169, 40.783870697, 35.3201560974, 32.5599098206, 51.0272254944, 74.950553894, 48.7684516907], [-97.2622909546, 60.9542961121, 41.6791534424, 21.6163673401, 36.9071464539, 28.7584381104, 34.3052406311, 35.5922584534, 31.2367286682, 23.3475627899, 27.329240799, 48.7684516907, 69.6081695557]],
