{
"lowlevel": {
    "average_loudness": 0.925408184528,
    "barkbands_crest": {
        "dmean": 3.01217556,
        "dmean2": 4.53084993362,
        "dvar": 10.3977499008,
        "dvar2": 19.2996082306,
        "max": 26.4524211884,
        "mean": 12.4317464828,
        "median": 10.4009208679,
        "min": 2.31900453568,
        "var": 39.8827476501
    },
    "barkbands_flatness_db": {
        "dmean": 0.0288876071572,
        "dmean2": 0.0424749702215,
        "dvar": 0.00116799154785,
        "dvar2": 0.00218771700747,
        "max": 0.730032801628,
        "mean": 0.147551745176,
        "median": 0.109223991632,
        "min": 0.0187411010265,
        "var": 0.0121030593291
    },
    "barkbands_kurtosis": {
        "dmean": 7.5851726532,
        "dmean2": 11.7148685455,
        "dvar": 657.43145752,
        "dvar2": 1533.38342285,
        "max": 665.723999023,
        "mean": 10.6385297775,
        "median": 1.9690618515,
        "min": -1.90302717686,
        "var": 1279.14306641
    },
    "barkbands_skewness": {
        "dmean": 0.804501354694,
        "dmean2": 1.18448960781,
        "dvar": 1.66869950294,
        "dvar2": 3.29252123833,
        "max": 23.204574585,
        "mean": 1.97129797935,
        "median": 1.46342635155,
        "min": -3.68822574615,
        "var": 5.48766899109
    },
    "barkbands_spread": {
        "dmean": 8.06117916107,
        "dmean2": 12.1958751678,
        "dvar": 110.931045532,
        "dvar2": 221.00843811,
        "max": 111.265281677,
        "mean": 27.1537532806,
        "median": 23.7184181213,
        "min": 0.192209973931,
        "var": 404.538757324
    },
    "dissonance": {
        "dmean": 0.0197221077979,
        "dmean2": 0.0340968295932,
        "dvar": 0.000658673234284,
        "dvar2": 0.0018702695379,
        "max": 0.500000119209,
        "mean": 0.466731309891,
        "median": 0.479455649853,
        "min": 0.0809591263533,
        "var": 0.00191947887652
    },
    "dynamic_complexity": 3.27572584152,
    "erbbands_crest": {
        "dmean": 3.06493139267,
        "dmean2": 5.01824378967,
        "dvar": 8.84029865265,
        "dvar2": 21.8746643066,
        "max": 32.1777877808,
        "mean": 9.30606365204,
        "median": 7.51596593857,
        "min": 2.22708392143,
        "var": 33.2731437683
    },
    "erbbands_flatness_db": {
        "dmean": 0.0152178974822,
        "dmean2": 0.0238206833601,
        "dvar": 0.000264502246864,
        "dvar2": 0.000596854253672,
        "max": 0.56566542387,
        "mean": 0.145422622561,
        "median": 0.100201047957,
        "min": 0.0521968267858,
        "var": 0.0106788175181
    },
    "erbbands_kurtosis": {
        "dmean": 0.956021010876,
        "dmean2": 1.47213625908,
        "dvar": 4.12243270874,
        "dvar2": 8.5827255249,
        "max": 43.7934989929,
        "mean": 0.504319787025,
        "median": -0.370031356812,
        "min": -1.7243411541,
        "var": 11.7545623779
    },
    "erbbands_skewness": {
        "dmean": 0.351181477308,
        "dmean2": 0.559125781059,
        "dvar": 0.11587036401,
        "dvar2": 0.275919884443,
        "max": 3.39376735687,
        "mean": 0.231167301536,
        "median": 0.241038993001,
        "min": -3.35652256012,
        "var": 0.356951266527
    },
    "erbbands_spread": {
        "dmean": 8.85928916931,
        "dmean2": 13.4071540833,
        "dvar": 70.3080978394,
        "dvar2": 155.470626831,
        "max": 159.284469604,
        "mean": 48.038394928,
        "median": 50.0252609253,
        "min": 1.25793075562,
        "var": 571.616821289
    },
    "hfc": {
        "dmean": 17.0961837769,
        "dmean2": 26.0979118347,
        "dvar": 735.34387207,
        "dvar2": 1768.24951172,
        "max": 270.009643555,
        "mean": 41.6853141785,
        "median": 31.5616130829,
        "min": 1.17367413036e-16,
        "var": 1622.8482666
    },
    "melbands_crest": {
        "dmean": 3.90937948227,
        "dmean2": 5.80176448822,
        "dvar": 14.3200750351,
        "dvar2": 27.833612442,
        "max": 32.769618988,
        "mean": 16.7485294342,
        "median": 15.3433504105,
        "min": 2.02678060532,
        "var": 50.5252494812
    },
    "melbands_flatness_db": {
        "dmean": 0.0344251506031,
        "dmean2": 0.0491232015193,
        "dvar": 0.00159333646297,
        "dvar2": 0.00288667506538,
        "max": 0.912420809269,
        "mean": 0.21880595386,
        "median": 0.183568105102,
        "min": 0.00538718374446,
        "var": 0.0165134333074
    },
    "melbands_kurtosis": {
        "dmean": 16.6068382263,
        "dmean2": 25.3679618835,
        "dvar": 1292.2668457,
        "dvar2": 2806.70678711,
        "max": 640.8203125,
        "mean": 28.4645004272,
        "median": 10.3787250519,
        "min": -1.71561002731,
        "var": 2577.12426758
    },
    "melbands_skewness": {
        "dmean": 1.12525415421,
        "dmean2": 1.66255414486,
        "dvar": 2.05295109749,
        "dvar2": 4.11910152435,
        "max": 19.78074646,
        "mean": 3.51642799377,
        "median": 2.83444976807,
        "min": -3.14281654358,
        "var": 8.39416694641
    },
    "melbands_spread": {
        "dmean": 7.48208665848,
        "dmean2": 11.380443573,
        "dvar": 94.6165008545,
        "dvar2": 205.593444824,
        "max": 216.813430786,
        "mean": 21.996837616,
        "median": 18.9421272278,
        "min": 0.289179086685,
        "var": 295.224639893
    },
    "pitch_salience": {
        "dmean": 0.0924516692758,
        "dmean2": 0.14240732789,
        "dvar": 0.00907569751143,
        "dvar2": 0.0180902592838,
        "max": 0.951154828072,
        "mean": 0.470443278551,
        "median": 0.510272085667,
        "min": 0.0348822325468,
        "var": 0.0276849791408
    },
    "silence_rate_20dB": {
        "dmean": 0,
        "dmean2": 0,
        "dvar": 0,
        "dvar2": 0,
        "max": 1,
        "mean": 1,
        "median": 1,
        "min": 1,
        "var": 0
    },
    "silence_rate_30dB": {
        "dmean": 0.088953346014,
        "dmean2": 0.177928194404,
        "dvar": 0.0810414254665,
        "dvar2": 0.192439377308,
        "max": 1,
        "mean": 0.917099714279,
        "median": 1,
        "min": 0,
        "var": 0.0760281831026
    },
    "silence_rate_60dB": {
        "dmean": 0.0316654592752,
        "dmean2": 0.0633385702968,
        "dvar": 0.0306642185897,
        "dvar2": 0.0728621929884,
        "max": 1,
        "mean": 0.105135954916,
        "median": 0,
        "min": 0,
        "var": 0.0940797105432
    },
    "spectral_centroid": {
        "dmean": 266.372650146,
        "dmean2": 409.10824585,
        "dvar": 89817.875,
        "dvar2": 175497.34375,
        "max": 11327.8261719,
        "mean": 1467.59741211,
        "median": 1458.07629395,
        "min": 125.924476624,
        "var": 463238
    },
    "spectral_complexity": {
        "dmean": 4.85980176926,
        "dmean2": 7.23848676682,
        "dvar": 27.8774013519,
        "dvar2": 54.1431427002,
        "max": 58,
        "mean": 23.1282176971,
        "median": 25,
        "min": 0,
        "var": 160.61668396
    },
    "spectral_decrease": {
        "dmean": 3.88762355641e-09,
        "dmean2": 6.01276406442e-09,
        "dvar": 1.90086286744e-17,
        "dvar2": 4.45327935978e-17,
        "max": 1.1384853199e-28,
        "mean": -1.24029373438e-08,
        "median": -1.12319975543e-08,
        "min": -5.1620148156e-08,
        "var": 8.57602528773e-17
    },
    "spectral_energy": {
        "dmean": 0.0152141423896,
        "dmean2": 0.0239253025502,
        "dvar": 0.000277918501524,
        "dvar2": 0.000668840366416,
        "max": 0.197804361582,
        "mean": 0.0505924895406,
        "median": 0.0487995743752,
        "min": 1.05379376917e-20,
        "var": 0.00129138678312
    },
    "spectral_energyband_high": {
        "dmean": 0.00155241100583,
        "dmean2": 0.00237078638747,
        "dvar": 8.04728824733e-06,
        "dvar2": 1.95034735953e-05,
        "max": 0.0302489493042,
        "mean": 0.00316675798967,
        "median": 0.00171207380481,
        "min": 7.72995597228e-21,
        "var": 1.70252005773e-05
    },
    "spectral_energyband_low": {
        "dmean": 0.0129855386913,
        "dmean2": 0.0185925979167,
        "dvar": 0.000316900550388,
        "dvar2": 0.000642386847176,
        "max": 0.185973629355,
        "mean": 0.031056066975,
        "median": 0.0170615874231,
        "min": 7.17358710544e-24,
        "var": 0.00118172098882
    },
    "spectral_energyband_middle_high": {
        "dmean": 0.00244511570781,
        "dmean2": 0.00388823705725,
        "dvar": 1.11110848593e-05,
        "dvar2": 2.5856659704e-05,
        "max": 0.0396859049797,
        "mean": 0.00554925110191,
        "median": 0.00452838512138,
        "min": 1.37579310867e-21,
        "var": 2.46521867666e-05
    },
    "spectral_energyband_middle_low": {
        "dmean": 0.00724157271907,
        "dmean2": 0.0111127849668,
        "dvar": 0.000108943546365,
        "dvar2": 0.000217821914703,
        "max": 0.0988220274448,
        "mean": 0.0148676196113,
        "median": 0.011520428583,
        "min": 2.28203172032e-22,
        "var": 0.000219764959184
    },
    "spectral_entropy": {
        "dmean": 0.140307918191,
        "dmean2": 0.21480306983,
        "dvar": 0.0287391245365,
        "dvar2": 0.0563125275075,
        "max": 9.80861949921,
        "mean": 7.74883270264,
        "median": 8.03770637512,
        "min": 3.27950692177,
        "var": 0.692953526974
    },
    "spectral_flux": {
        "dmean": 0.0372987613082,
        "dmean2": 0.0583434663713,
        "dvar": 0.0016417328734,
        "dvar2": 0.00359449209645,
        "max": 0.372530400753,
        "mean": 0.108284085989,
        "median": 0.100767016411,
        "min": 6.53114159976e-11,
        "var": 0.00434574438259
    },
    "spectral_kurtosis": {
        "dmean": 7.61974906921,
        "dmean2": 13.6515026093,
        "dvar": 2400.72973633,
        "dvar2": 7638.06054688,
        "max": 1357.87475586,
        "mean": 15.5826501846,
        "median": 2.44918251038,
        "min": -1.22165858746,
        "var": 4668.9765625
    },
    "spectral_rms": {
        "dmean": 0.0010517896153,
        "dmean2": 0.00159678573254,
        "dvar": 1.15165710213e-06,
        "dvar2": 2.45329897552e-06,
        "max": 0.0138917192817,
        "mean": 0.00637072185054,
        "median": 0.00689995242283,
        "min": 3.20638654516e-12,
        "var": 8.77238380781e-06
    },
    "spectral_rolloff": {
        "dmean": 840.928283691,
        "dmean2": 1357.45812988,
        "dvar": 1918610.625,
        "dvar2": 4131388.75,
        "max": 19121.484375,
        "mean": 1843.83789062,
        "median": 1270.45898438,
        "min": 64.599609375,
        "var": 4568800
    },
    "spectral_skewness": {
        "dmean": 0.322990328074,
        "dmean2": 0.53769916296,
        "dvar": 0.863738179207,
        "dvar2": 2.6224822998,
        "max": 31.0974788666,
        "mean": 1.92316269875,
        "median": 1.36055374146,
        "min": -0.0344728678465,
        "var": 6.53817272186
    },
    "spectral_spread": {
        "dmean": 583985.9375,
        "dmean2": 864242.25,
        "dvar": 676782276608,
        "dvar2": 1.06823653786e+12,
        "max": 41627732,
        "mean": 5909763.5,
        "median": 6297108,
        "min": 104567.726562,
        "var": 6.22584030822e+12
    },
    "spectral_strongpeak": {
        "dmean": 0.445421785116,
        "dmean2": 0.731767296791,
        "dvar": 0.591134488583,
        "dvar2": 1.3972145319,
        "max": 16.0899848938,
        "mean": 0.933359026909,
        "median": 0.673679590225,
        "min": 0,
        "var": 1.21668767929
    },
    "zerocrossingrate": {
        "dmean": 0.0159901194274,
        "dmean2": 0.0172222275287,
        "dvar": 0.000354159856215,
        "dvar2": 0.000374785857275,
        "max": 0.71533203125,
        "mean": 0.0755712464452,
        "median": 0.06640625,
        "min": 0.00244140625,
        "var": 0.00262832455337
    },
    "barkbands": {
        "dmean": [0.000320932973409, 0.0104666063562, 0.00443396298215, 0.00407328689471, 0.00235115364194, 0.000848282303195, 0.000621582672466, 0.00111010624096, 0.0019396195421, 0.000903599895537, 0.000298146362184, 0.000314815784805, 0.000768227677327, 0.000637389312033, 0.000194536012714, 0.000176987668965, 0.000206383992918, 0.000153241111548, 0.000151527507114, 0.000214834071812, 0.000194229927729, 0.000298586615827, 0.000349576410372, 0.000312300166115, 0.000312407355523, 0.000151871005073, 2.16345233639e-05],
        "dmean2": [0.000527919793967, 0.0145985344425, 0.00670326082036, 0.00650181574747, 0.00411081360653, 0.00135389901698, 0.0010841533076, 0.00184098433238, 0.00327197206207, 0.00156159210019, 0.000509525998496, 0.000527780211996, 0.00129549601115, 0.000975313829258, 0.000324552383972, 0.000291452626698, 0.000344085769029, 0.000256018567597, 0.00025189583539, 0.000349672220182, 0.000318101607263, 0.000468815705972, 0.000567459443118, 0.000461259303847, 0.000508825585712, 0.0002398223005, 3.5512894101e-05],
        "dvar": [3.80983692594e-07, 0.000303566746879, 9.28244407987e-05, 5.78698163736e-05, 4.57264613942e-05, 2.73864816336e-06, 2.0855254661e-06, 5.45072134628e-06, 1.16146820801e-05, 4.84406473333e-06, 3.16292357638e-07, 3.8580546402e-07, 1.81288260137e-06, 2.44005013883e-06, 7.45678789826e-08, 6.14837318835e-08, 8.47523082825e-08, 4.3380236292e-08, 3.91267747091e-08, 8.5774907177e-08, 7.86836267253e-08, 2.19562082293e-07, 5.07464164912e-07, 3.33937890673e-07, 4.34173614394e-07, 9.73284812744e-08, 2.00504457482e-09],
        "dvar2": [9.73436272034e-07, 0.00058401748538, 0.000209742036532, 0.000145089201396, 0.000128846426378, 7.21083006283e-06, 5.86182477491e-06, 1.47703958646e-05, 3.02522239508e-05, 1.33448784254e-05, 8.28637894301e-07, 9.79201445261e-07, 4.59654074803e-06, 4.67120435133e-06, 1.97918183176e-07, 1.54706398803e-07, 2.16716458112e-07, 1.17949426226e-07, 1.00381988943e-07, 2.16439602241e-07, 2.03342196414e-07, 5.518778039e-07, 1.2988865592e-06, 6.94967980053e-07, 1.08016433842e-06, 2.35571519625e-07, 5.02808061853e-09],
        "max": [0.010170949623, 0.180480465293, 0.0868466645479, 0.0858869105577, 0.0748161301017, 0.0225079637021, 0.017493981868, 0.0313280038536, 0.0442204289138, 0.03465070948, 0.00900400057435, 0.0115751959383, 0.0275707636029, 0.0313091315329, 0.00430730171502, 0.00328812329099, 0.00276653957553, 0.00232782121748, 0.00210476736538, 0.00247536879033, 0.00502509064972, 0.00489842705429, 0.00720790028572, 0.00973367411643, 0.00840775854886, 0.00374367111363, 0.000740883173421],
        "mean": [0.000387206062442, 0.0215233359486, 0.00542550953105, 0.00547213060781, 0.00267999037169, 0.00145722378511, 0.000664320948999, 0.00159410387278, 0.00237346207723, 0.00110112165567, 0.000383201549994, 0.000461360934423, 0.00104995712172, 0.00110399106052, 0.000354803574737, 0.000304459448671, 0.000348238012521, 0.000270038523013, 0.00028493249556, 0.000391955429222, 0.000357765267836, 0.00054070999613, 0.000572289631236, 0.00063983630389, 0.000553257588763, 0.000270694843493, 2.6596509997e-05],
        "median": [5.14039311383e-05, 0.00794647168368, 0.00163755717222, 0.00203900504857, 0.00114885100629, 0.000681490462739, 0.000254737446085, 0.000446823367383, 0.00098570692353, 0.000482928240672, 0.00021805963479, 0.000244925380684, 0.000516170985065, 0.000351155700628, 0.000268226518529, 0.000216135202209, 0.000232823163969, 0.000208358862437, 0.000224562958465, 0.000276194186881, 0.000262195651885, 0.000277356972219, 0.000265390524874, 0.000258915330051, 0.000220083384193, 0.000136012386065, 7.95941014076e-06],
        "min": [5.11944645775e-25, 2.51144716015e-24, 6.33110574677e-25, 7.38819513698e-25, 1.01213070839e-23, 3.65392198699e-23, 1.65424226488e-23, 1.97740528782e-23, 4.37150899388e-23, 1.1943847932e-23, 1.87670214456e-23, 6.09599900683e-23, 5.19325656361e-23, 6.62998589555e-23, 6.53122934546e-23, 1.40423968535e-22, 9.33665348943e-23, 1.27579369245e-22, 1.74007228774e-22, 2.76480298228e-22, 3.95182306473e-22, 4.32735114787e-22, 5.59516649045e-22, 6.4704411125e-22, 1.03409804544e-21, 1.59187304107e-21, 2.24443281728e-21],
        "var": [5.88853595218e-07, 0.00100094149821, 0.000110340748506, 7.24140190869e-05, 3.24874272337e-05, 4.29214469477e-06, 1.5838292029e-06, 7.76499291533e-06, 1.31775195769e-05, 5.30191937287e-06, 3.42281339272e-07, 5.6941684079e-07, 2.56897442341e-06, 6.69011978971e-06, 1.30503536866e-07, 1.10911344109e-07, 1.32205769887e-07, 6.79628513467e-08, 7.25165918425e-08, 1.67673434248e-07, 1.45444502664e-07, 4.92755305004e-07, 6.88378861469e-07, 9.10560117973e-07, 8.14911118141e-07, 1.57720350558e-07, 2.38204100889e-09]
    },
    "erbbands": {
        "dmean": [0.338447660208, 2.36345410347, 4.80263948441, 10.7321939468, 6.90738630295, 8.75068664551, 9.40467357635, 5.9079117775, 8.04078102112, 12.2102537155, 28.8654823303, 46.7634391785, 39.9882545471, 12.7583875656, 12.2840995789, 16.6764736176, 33.5549354553, 36.6384429932, 11.5717954636, 10.2736749649, 9.27854156494, 9.78073978424, 7.94680547714, 9.13293361664, 6.53363418579, 12.0325374603, 7.96871900558, 8.13284111023, 10.7235908508, 8.4062538147, 11.3556175232, 8.17370986938, 4.86338567734, 3.25747013092, 2.3783185482, 0.826658308506, 0.273879081011, 0.0489233881235, 0.00334859499708, 7.09856831236e-05],
        "dmean2": [0.388187855482, 3.45201849937, 6.98898458481, 16.4898681641, 10.7610569, 15.7199211121, 14.8912324905, 9.94100284576, 13.9667549133, 20.3872833252, 48.2656784058, 78.2415542603, 69.3963851929, 21.9101867676, 20.8504009247, 27.6640625, 55.7982406616, 56.5986557007, 18.4911231995, 17.0524330139, 15.0829315186, 16.2529258728, 13.1749076843, 15.3599252701, 10.4783124924, 19.8827571869, 13.1250867844, 13.4900550842, 16.9211673737, 13.4199533463, 18.4371471405, 12.7120780945, 7.29022264481, 5.18336057663, 3.86410021782, 1.33015823364, 0.434464156628, 0.0779914408922, 0.00558309536427, 0.000115568953333],
        "dvar": [0.34757232666, 16.1161518097, 107.396606445, 368.556427002, 220.166732788, 736.067138672, 302.01071167, 195.432052612, 376.545166016, 705.784545898, 3696.19091797, 7715.44921875, 8411.76464844, 429.473571777, 606.397094727, 929.26550293, 3956.7956543, 7239.08447266, 314.320159912, 238.846496582, 195.568954468, 189.191864014, 116.178840637, 166.874343872, 80.2989578247, 285.128662109, 139.191711426, 153.980667114, 280.182312012, 185.332046509, 578.292785645, 246.495285034, 82.3065795898, 43.8672485352, 25.6729431152, 2.91840076447, 0.327203214169, 0.00939884688705, 5.98905462539e-05, 1.92830302836e-08],
        "dvar2": [0.505407989025, 33.409740448, 238.201095581, 891.946655273, 507.188873291, 2122.38671875, 785.121948242, 536.637695312, 1056.81225586, 1788.68518066, 10246.6328125, 19633.6289062, 23329.8769531, 1169.71899414, 1555.02258301, 2341.46459961, 9901.92871094, 14039.5771484, 724.304443359, 607.683349609, 477.827819824, 484.922515869, 303.958496094, 446.019714355, 196.946685791, 731.808532715, 366.997253418, 401.456390381, 724.517456055, 471.881530762, 1462.20874023, 583.56072998, 181.851013184, 103.332115173, 63.0124855042, 7.34981584549, 0.776643812656, 0.022940216586, 0.000154532739543, 4.99595351755e-08],
        "max": [5.26281499863, 45.8759841919, 95.1413650513, 221.663497925, 159.484451294, 293.942230225, 250.85848999, 184.432754517, 234.202407837, 652.45526123, 875.405700684, 1209.82702637, 1329.00439453, 239.493911743, 449.003265381, 649.960083008, 1397.0345459, 1630.04077148, 301.231719971, 255.739135742, 206.426483154, 135.760604858, 98.1884460449, 192.359588623, 113.791053772, 148.18572998, 318.959197998, 130.223373413, 187.912902832, 136.274520874, 250.517532349, 212.03578186, 165.70715332, 119.957923889, 59.0396499634, 20.2520141602, 6.58071374893, 1.13501465321, 0.13529369235, 0.00219108024612],
        "mean": [0.593533754349, 4.84238481522, 6.74645090103, 15.1885948181, 9.23481655121, 9.3194103241, 16.366771698, 8.9111995697, 8.72995185852, 17.0315876007, 41.4155426025, 59.0181922913, 48.3638114929, 18.2498931885, 17.4844112396, 25.8395271301, 48.5038261414, 63.6989936829, 23.2190589905, 18.490272522, 17.659992218, 17.5516624451, 15.0824565887, 16.9324588776, 13.2592334747, 21.2332077026, 14.7993249893, 14.5127563477, 18.6277294159, 15.5755872726, 18.3082790375, 14.7742319107, 9.85039234161, 6.33230829239, 3.92524170876, 1.43687725067, 0.464319199324, 0.0777312591672, 0.00405524857342, 0.000149839936057],
        "median": [0.138750195503, 1.98498356342, 3.18050026894, 7.19569349289, 4.08774757385, 3.58304858208, 7.27118206024, 4.02116966248, 3.18843007088, 6.85241651535, 16.5762348175, 25.3768863678, 18.8729896545, 11.8856191635, 11.1215333939, 15.2625827789, 24.7498550415, 22.6750221252, 16.5582847595, 13.0400562286, 11.9563207626, 12.7102441788, 12.0526561737, 13.0212478638, 10.4194612503, 14.2257528305, 10.3767290115, 10.6541337967, 9.65578651428, 8.61629676819, 7.66484498978, 5.50790214539, 4.10982322693, 2.65419793129, 1.4296309948, 0.669752836227, 0.229168176651, 0.038013394922, 0.00127921602689, 0.000119876043755],
        "min": [1.04988809989e-22, 5.79876530542e-22, 8.93347084596e-22, 1.76800323969e-21, 1.51918925014e-20, 4.97290515262e-20, 8.06071609556e-20, 3.496034398e-19, 2.84733170278e-19, 3.93490050036e-19, 3.6704263016e-19, 8.28862063943e-19, 7.62082170429e-19, 1.35041019351e-18, 2.12073537384e-18, 2.91551863052e-18, 3.31287489689e-18, 2.58539519075e-18, 4.09106077458e-18, 4.88171267769e-18, 7.15337604648e-18, 6.65703914121e-18, 7.42030143988e-18, 1.05367490654e-17, 9.1401753695e-18, 1.1809591431e-17, 1.92866192629e-17, 1.27659991619e-17, 1.51178374251e-17, 1.57728602455e-17, 1.61604175236e-17, 1.24733732669e-17, 1.254092249e-17, 8.35202610134e-18, 8.08996452993e-18, 5.35675009577e-18, 2.60128016043e-18, 1.1933108108e-18, 2.84337933042e-19, 3.21927999219e-20],
        "var": [1.15156555176, 47.8196983337, 145.750305176, 484.701812744, 260.802429199, 489.355834961, 514.007141113, 229.182693481, 285.463897705, 1021.36047363, 4896.19921875, 8818.56347656, 9112.10742188, 498.217071533, 704.151123047, 1385.38684082, 5785.23828125, 19788.9804688, 760.834655762, 387.945861816, 391.425842285, 298.800537109, 190.638504028, 278.999786377, 163.326248169, 522.049621582, 293.318450928, 244.943893433, 593.507202148, 371.43447876, 775.423156738, 521.289611816, 215.82421875, 101.75944519, 44.1849060059, 4.68624973297, 0.499227195978, 0.0133011648431, 6.41490187263e-05, 2.8343617231e-08]
    },
    "gfcc": {
        "mean": [13.3191204071, 69.5713729858, -103.507614136, 23.7918319702, -53.9095420837, 23.9376354218, -29.6824226379, 12.2928352356, -22.1306591034, 5.16607141495, -19.6965656281, -3.7540743351, -16.1293067932],
        "cov": [[21558.0058594, -5389.22851562, 2394.7434082, 3062.45654297, -456.58682251, 1925.05529785, -641.246704102, 1124.94458008, -591.034729004, 660.40045166, -871.400634766, 528.696350098, -683.432312012], [-5389.22851562, 3468.33911133, 140.815383911, -964.831665039, 511.958679199, -693.393493652, 305.177978516, -432.887054443, 229.506942749, -319.932098389, 306.208190918, -154.320510864, 318.668243408], [2394.7434082, 140.815383911, 2495.46826172, 545.498901367, 346.465515137, 600.853759766, 126.549484253, 423.816467285, 17.8144798279, 113.498634338, -195.937850952, 145.86289978, -41.9643936157], [3062.45654297, -964.831665039, 545.498901367, 816.680480957, 46.2232208252, 456.996307373, -21.5925121307, 255.213989258, -48.7290878296, 130.246276855, -115.700698853, 93.4606933594, -91.9797668457], [-456.58682251, 511.958679199, 346.465515137, 46.2232208252, 350.563201904, 87.3071594238, 176.091659546, 42.9649085999, 83.9141616821, -3.21342325211, 39.4805259705, 14.2809534073, 69.3175048828], [1925.05529785, -693.393493652, 600.853759766, 456.996307373, 87.3071594238, 465.398132324, 48.5236091614, 253.756164551, -15.6618862152, 119.973655701, -102.662094116, 74.8915481567, -78.7578659058], [-641.246704102, 305.177978516, 126.549484253, -21.5925121307, 176.091659546, 48.5236091614, 180.896652222, 53.5595817566, 85.0207824707, -5.5315785408, 37.8044433594, 2.95528197289, 53.7356796265], [1124.94458008, -432.887054443, 423.816467285, 255.213989258, 42.9649085999, 253.756164551, 53.5595817566, 252.479980469, 21.492181778, 96.1237411499, -79.9898223877, 69.5196151733, -33.763343811], [-591.034729004, 229.506942749, 17.8144798279, -48.7290878296, 83.9141616821, -15.6618862152, 85.0207824707, 21.492181778, 94.2894515991, 9.33103752136, 49.1253395081, -4.42095136642, 40.8051948547], [660.40045166, -319.932098389, 113.498634338, 130.246276855, -3.21342325211, 119.973655701, -5.5315785408, 96.1237411499, 9.33103752136, 106.377197266, 0.329348504543, 52.786403656, -17.3421401978], [-871.400634766, 306.208190918, -195.937850952, -115.700698853, 39.4805259705, -102.662094116, 37.8044433594, -79.9898223877, 49.1253395081, 0.329348504543, 131.022476196, 11.5546579361, 66.9460220337], [528.696350098, -154.320510864, 145.86289978, 93.4606933594, 14.2809534073, 74.8915481567, 2.95528197289, 69.5196151733, -4.42095136642, 52.786403656, 11.5546579361, 93.7347412109, 30.5669784546], [-683.432312012, 318.668243408, -41.9643936157, -91.9797668457, 69.3175048828, -78.7578659058, 53.7356796265, -33.763343811, 40.8051948547, -17.3421401978, 66.9460220337, 30.5669784546, 114.256843567]],
        "icov": [[0.000170957369846, -4.02033474529e-05, 1.86483703146e-05, -0.000425153702963, 5.79240404477e-05, -8.95699777175e-05, 0.00022158138745, 0.000159599090694, 0.000149135230458, -0.000320819934132, 0.000659895187709, -0.000704389240127, 0.000345214590197], [-4.02033474529e-05, 0.00168950413354, -0.000808557088021, 0.000778148707468, -0.00164835411124, 0.00172217283398, -0.000289627234451, 0.000287698843749, -0.000535473518539, 0.00217712554149, -0.00214410200715, 0.00144286989234, -0.000822810805403], [1.86483703146e-05, -0.000808557088021, 0.00117412209511, -0.000202492374228, -0.000108875610749, -0.0014941401314, 0.000943462830037, -0.000810278696008, -0.000142359363963, -0.00028697840753, 0.00165632378776, -0.00146509311162, 0.000416606955696], [-0.000425153702963, 0.000778148707468, -0.000202492374228, 0.00439992267638, -0.00154957547784, -0.00195356970653, 0.00131109333597, -0.00115083274432, -0.000407210754929, 0.00213129655458, -0.00269358418882, 0.00165659782942, -0.00100491382182], [5.79240404477e-05, -0.00164835411124, -0.000108875610749, -0.00154957547784, 0.00912893470377, -0.00249457475729, -0.00620241556317, 0.00310952356085, -0.000692312780302, -0.00292253191583, 0.00268408749253, -0.00115221668966, -0.00122634973377], [-8.95699777175e-05, 0.00172217283398, -0.0014941401314, -0.00195356970653, -0.00249457475729, 0.0118686016649, -0.0043828538619, -0.00286201294512, 0.00333624961786, -0.00193004263565, -0.00170518143568, 0.00137980410364, 0.00259514315985], [0.00022158138745, -0.000289627234451, 0.000943462830037, 0.00131109333597, -0.00620241556317, -0.0043828538619, 0.0207265950739, -0.00700776651502, -0.00771221378818, 0.00699700275436, -0.00323189701885, 0.00129311857745, -0.00217770272866], [0.000159599090694, 0.000287698843749, -0.000810278696008, -0.00115083274432, 0.00310952356085, -0.00286201294512, -0.00700776651502, 0.0210314951837, -0.00898202694952, -0.00833562482148, 0.013483075425, -0.00933957658708, 0.00112071121112], [0.000149135230458, -0.000535473518539, -0.000142359363963, -0.000407210754929, -0.000692312780302, 0.00333624961786, -0.00771221378818, -0.00898202694952, 0.0302917007357, -0.00639049615711, -0.00925236754119, 0.0105566447601, -0.00349320843816], [-0.000320819934132, 0.00217712554149, -0.00028697840753, 0.00213129655458, -0.00292253191583, -0.00193004263565, 0.00699700275436, -0.00833562482148, -0.00639049615711, 0.0291520077735, -0.01265485771, -0.00469603948295, 0.00368610629812], [0.000659895187709, -0.00214410200715, 0.00165632378776, -0.00269358418882, 0.00268408749253, -0.00170518143568, -0.00323189701885, 0.013483075425, -0.00925236754119, -0.01265485771, 0.0295160189271, -0.0125523228198, -0.00148487964179], [-0.000704389240127, 0.00144286989234, -0.00146509311162, 0.00165659782942, -0.00115221668966, 0.00137980410364, 0.00129311857745, -0.00933957658708, 0.0105566447601, -0.00469603948295, -0.0125523228198, 0.0332448408008, -0.0151821253821], [0.000345214590197, -0.000822810805403, 0.000416606955696, -0.00100491382182, -0.00122634973377, 0.00259514315985, -0.00217770272866, 0.00112071121112, -0.00349320843816, 0.00368610629812, -0.00148487964179, -0.0151821253821, 0.0230829473585]]
    },
    "melbands": {
        "dmean": [0.00292113400064, 0.00245921616443, 0.00164031097665, 0.000532006321009, 0.000344071508152, 0.000137245471706, 0.000124111844343, 0.000144138990436, 0.000260509201325, 0.000284052832285, 0.000195663116756, 5.26697804162e-05, 4.22062475991e-05, 3.81004101655e-05, 7.05431084498e-05, 6.3131978095e-05, 7.30223691789e-05, 2.01960883714e-05, 1.36885482789e-05, 1.31783936013e-05, 1.23929858091e-05, 1.06603856693e-05, 9.5279647212e-06, 8.4159846665e-06, 8.02301656222e-06, 5.18915430803e-06, 6.50652964396e-06, 8.58303337736e-06, 4.9204509196e-06, 4.66706069346e-06, 5.39111351827e-06, 5.29848966835e-06, 7.27056203687e-06, 4.28417843068e-06, 6.594241313e-06, 6.20212222202e-06, 5.04233003085e-06, 3.39910002367e-06, 3.16856312566e-06, 2.84888756141e-06],
        "dmean2": [0.003776518628, 0.0036117809359, 0.0024532340467, 0.000913136580493, 0.000562377215829, 0.000227773358347, 0.000216343600187, 0.000239613844315, 0.000437024253188, 0.000476617278764, 0.000339891324984, 9.02685351321e-05, 7.23110351828e-05, 6.40069265501e-05, 0.000117441428301, 0.000103985723399, 0.000112641391752, 3.24192478729e-05, 2.28786193475e-05, 2.18361547013e-05, 2.02959781745e-05, 1.78086484084e-05, 1.55777051987e-05, 1.43220240716e-05, 1.35519230753e-05, 8.54439531395e-06, 1.04863902379e-05, 1.44715686474e-05, 8.1767420852e-06, 7.87212684372e-06, 8.93049673323e-06, 8.41694327391e-06, 1.15192769954e-05, 6.9784759944e-06, 1.07734358608e-05, 1.00818160718e-05, 7.78293178882e-06, 5.20503999724e-06, 4.80354310639e-06, 4.62945035906e-06],
        "dvar": [2.39328001044e-05, 1.95571592485e-05, 7.87220051279e-06, 2.42139321927e-06, 4.91838022754e-07, 9.58770982606e-08, 8.98198351251e-08, 9.23075873516e-08, 2.53272503414e-07, 2.65739146244e-07, 2.10771446518e-07, 7.5912680586e-09, 7.02713931489e-09, 5.50983925152e-09, 1.57085295882e-08, 1.15936256151e-08, 3.26228040137e-08, 1.15767684328e-09, 4.02718136616e-10, 3.54002938074e-10, 3.82403164689e-10, 2.19216020336e-10, 2.19506982035e-10, 1.72956343691e-10, 1.40466527299e-10, 5.39988817549e-11, 7.31903773699e-11, 1.51855500397e-10, 6.60932281127e-11, 4.23327588261e-11, 6.96647739495e-11, 6.41716749183e-11, 1.3341336369e-10, 4.99066031556e-11, 1.87041354627e-10, 1.62516139435e-10, 9.23591550461e-11, 3.74556288762e-11, 3.91385777954e-11, 3.32095947964e-11],
        "dvar2": [4.07819024986e-05, 4.10892498621e-05, 1.79874841706e-05, 6.62802995066e-06, 1.36309267873e-06, 2.61432944626e-07, 2.52491133779e-07, 2.32711641956e-07, 6.96345693996e-07, 6.84592066591e-07, 5.83571477364e-07, 2.0350839236e-08, 1.83847284063e-08, 1.38249394155e-08, 3.95892243432e-08, 2.74071076944e-08, 6.25330471848e-08, 2.62443444754e-09, 1.05586472898e-09, 9.25762466686e-10, 9.40258759741e-10, 5.61033719482e-10, 5.32506427842e-10, 4.77365424967e-10, 3.79325931776e-10, 1.37694244895e-10, 1.79993561722e-10, 3.97522820217e-10, 1.80371440006e-10, 1.11030226679e-10, 1.79973994041e-10, 1.616536488e-10, 3.44863942958e-10, 1.30122662645e-10, 4.71551520054e-10, 4.05851630081e-10, 2.15722592567e-10, 8.72472719071e-11, 8.48352707528e-11, 8.08083600035e-11],
        "max": [0.0440902411938, 0.0442271418869, 0.0330548360944, 0.0183275099844, 0.00903068296611, 0.00402311142534, 0.00364727550186, 0.00770581280813, 0.00696468679234, 0.00677227135748, 0.00661785528064, 0.00108278403059, 0.0014396373881, 0.00131389126182, 0.00240520131774, 0.00188722496387, 0.0037057751324, 0.000595061050262, 0.000409353524446, 0.000243534654146, 0.000277423445368, 0.000152680368046, 0.000171205378138, 0.000157816393767, 0.00018252452719, 8.99545630091e-05, 9.94214060484e-05, 0.000112450979941, 0.000267810682999, 6.12001094851e-05, 8.69848154252e-05, 9.15248747333e-05, 0.000113302499813, 6.89666339895e-05, 0.000149694766151, 0.000134358138894, 0.000123146688566, 0.000118179646961, 0.000157393646077, 0.000100309647678],
        "mean": [0.00581125542521, 0.0046961447224, 0.00239572348073, 0.000579468149226, 0.000555693753995, 0.000213905237615, 0.000131786175189, 0.000206475859159, 0.000366932945326, 0.000352549366653, 0.000231375743169, 7.16635331628e-05, 5.51425619051e-05, 5.61644410482e-05, 9.70504406723e-05, 9.5749652246e-05, 0.000124209153, 3.73186812794e-05, 2.44186103373e-05, 2.21606806008e-05, 2.15461186599e-05, 1.8127324438e-05, 1.60450563271e-05, 1.37958368214e-05, 1.38829645948e-05, 9.26846860239e-06, 1.16317978609e-05, 1.42992221299e-05, 8.47487990541e-06, 8.00801353762e-06, 9.02146803128e-06, 9.48547676671e-06, 1.17650324682e-05, 7.47812600821e-06, 1.04064311017e-05, 9.72700127022e-06, 8.96258006833e-06, 6.71218276693e-06, 6.00723751631e-06, 5.20990806763e-06],
        "median": [0.00185875769239, 0.00237545627169, 0.00116840715054, 0.000242482172325, 0.000252772151725, 9.90279877442e-05, 4.81267597934e-05, 8.05968957138e-05, 0.000152786640683, 0.000145174431964, 8.13098376966e-05, 4.26313126809e-05, 3.19345381286e-05, 3.15060278808e-05, 5.00932910654e-05, 4.70120394311e-05, 3.75819945475e-05, 2.39125492953e-05, 1.91926155821e-05, 1.5070394511e-05, 1.24946491269e-05, 1.22718793136e-05, 1.02403719211e-05, 9.62614376476e-06, 9.94538186205e-06, 6.76037734593e-06, 8.12231701275e-06, 8.89606508281e-06, 5.42357520317e-06, 5.55848509975e-06, 5.97834559812e-06, 4.98636381963e-06, 5.29213184564e-06, 4.41476004198e-06, 4.27946997661e-06, 3.9671022023e-06, 3.01412160297e-06, 2.82609130409e-06, 2.54979431702e-06, 2.10465873351e-06],
        "min": [1.41996550522e-24, 5.38640832795e-25, 3.95870690756e-25, 2.39999472209e-24, 2.296652563e-24, 7.14805798882e-24, 3.91229097285e-24, 4.21164988131e-24, 3.15549588292e-24, 6.26464618766e-24, 3.79116019756e-24, 4.72987509249e-24, 4.81438733899e-24, 7.13599315014e-24, 8.55014070758e-24, 6.96663891329e-24, 4.0126380243e-24, 5.84609789059e-24, 5.75146416425e-24, 7.92871474063e-24, 7.18256276482e-24, 5.77219740099e-24, 6.8886237252e-24, 6.5516858498e-24, 8.39468619988e-24, 5.79989904054e-24, 7.15195101739e-24, 7.3356428012e-24, 1.20121956297e-23, 9.03834305599e-24, 6.39114437254e-24, 8.94145989278e-24, 7.77955139865e-24, 8.54863082781e-24, 8.41145738272e-24, 8.75637813606e-24, 6.92966184721e-24, 8.54198783012e-24, 6.87919841511e-24, 7.07824695416e-24],
        "var": [8.36774997879e-05, 4.23752571805e-05, 1.14587310236e-05, 1.75121215307e-06, 6.08059281149e-07, 1.1886618978e-07, 6.70307755968e-08, 1.42785481216e-07, 3.36574998983e-07, 3.03841147797e-07, 2.28917855338e-07, 8.71194938412e-09, 7.66156560417e-09, 7.86162068778e-09, 2.16716777857e-08, 2.25536602727e-08, 8.87608990752e-08, 2.69044408974e-09, 6.17191797669e-10, 5.81441006453e-10, 7.20024706524e-10, 3.67454705552e-10, 3.54871715347e-10, 2.38210035031e-10, 2.23989854442e-10, 9.28823337687e-11, 1.42340403353e-10, 2.5819169025e-10, 1.30536359499e-10, 7.31215504812e-11, 1.05048560128e-10, 1.42655984248e-10, 2.7210911302e-10, 8.3667434092e-11, 2.48043696693e-10, 2.33456920462e-10, 2.06892128429e-10, 9.47581943467e-11, 9.80126049765e-11, 6.99830124407e-11]
    },
    "mfcc": {
        "mean": [-629.604003906, 100.805480957, 10.8532171249, 10.902431488, 3.09248566628, 10.5330791473, 5.17444849014, 6.56177186966, 3.30696105957, 8.46816062927, 6.76432609558, 1.76796996593, -7.12101984024],
        "cov": [[15413.5839844, -2942.45068359, 1424.14904785, 958.681030273, 915.000488281, 686.803405762, 357.296112061, 427.552032471, 363.525756836, 243.80329895, -193.129745483, -81.5946807861, 330.697509766], [-2942.45068359, 2031.92260742, 71.473449707, 16.5958995819, -32.0200386047, -60.7106971741, 0.709127128124, -35.5523452759, -46.6533660889, -90.5369338989, -23.6854915619, -17.0924606323, -16.0808639526], [1424.14904785, 71.473449707, 1613.97155762, 373.522918701, 395.962188721, 211.08190918, 231.423522949, 235.529647827, 273.606811523, 120.830482483, -82.0111999512, -30.5677261353, 200.090667725], [958.681030273, 16.5958995819, 373.522918701, 349.349273682, 217.274551392, 146.425125122, 125.08391571, 112.980125427, 103.166030884, 45.2291183472, -19.4870243073, 3.2151722908, 77.3722305298], [915.000488281, -32.0200386047, 395.962188721, 217.274551392, 267.385528564, 166.377151489, 138.329925537, 126.326469421, 125.584014893, 71.0323944092, -5.99318552017, -0.381195902824, 78.1158447266], [686.803405762, -60.7106971741, 211.08190918, 146.425125122, 166.377151489, 193.549362183, 130.45954895, 105.019805908, 81.0356674194, 55.3052024841, 17.5855636597, 13.6310796738, 38.5203590393], [357.296112061, 0.709127128124, 231.423522949, 125.08391571, 138.329925537, 130.45954895, 149.778671265, 117.094512939, 103.24054718, 59.8747940063, 14.5468273163, 14.2865066528, 47.0731544495], [427.552032471, -35.5523452759, 235.529647827, 112.980125427, 126.326469421, 105.019805908, 117.094512939, 145.579025269, 121.444717407, 65.9310913086, 7.41933917999, 11.646364212, 48.1023216248], [363.525756836, -46.6533660889, 273.606811523, 103.166030884, 125.584014893, 81.0356674194, 103.24054718, 121.444717407, 157.61390686, 85.7795333862, 4.36222982407, 2.53136491776, 50.7554702759], [243.80329895, -90.5369338989, 120.830482483, 45.2291183472, 71.0323944092, 55.3052024841, 59.8747940063, 65.9310913086, 85.7795333862, 91.7440109253, 32.7346458435, 6.51080703735, 16.1250343323], [-193.129745483, -23.6854915619, -82.0111999512, -19.4870243073, -5.99318552017, 17.5855636597, 14.5468273163, 7.41933917999, 4.36222982407, 32.7346458435, 71.3460540771, 38.9996032715, -7.7779955864], [-81.5946807861, -17.0924606323, -30.5677261353, 3.2151722908, -0.381195902824, 13.6310796738, 14.2865066528, 11.646364212, 2.53136491776, 6.51080703735, 38.9996032715, 69.9302825928, 39.8897476196], [330.697509766, -16.0808639526, 200.090667725, 77.3722305298, 78.1158447266, 38.5203590393, 47.0731544495, 48.1023216248, 50.7554702759, 16.1250343323, -7.7779955864, 39.8897476196, 114.16608429]],
