{
"lowlevel": {
    "average_loudness": 0.954709589481,
    "barkbands_crest": {
        "dmean": 2.49543142319,
        "dmean2": 3.59146404266,
        "dvar": 5.28037977219,
        "dvar2": 10.3544902802,
        "max": 26.5911102295,
        "mean": 11.7528877258,
        "median": 10.5481042862,
        "min": 1.8975276947,
        "var": 26.5045833588
    },
    "barkbands_flatness_db": {
        "dmean": 0.0222289562225,
        "dmean2": 0.0317309461534,
        "dvar": 0.000614546355791,
        "dvar2": 0.000986522994936,
        "max": 0.780990719795,
        "mean": 0.154212072492,
        "median": 0.130045637488,
        "min": 0.0144603103399,
        "var": 0.00667082937434
    },
    "barkbands_kurtosis": {
        "dmean": 4.92835140228,
        "dmean2": 6.23150348663,
        "dvar": 236.187942505,
        "dvar2": 322.93762207,
        "max": 243.909118652,
        "mean": 8.90779781342,
        "median": 2.8077545166,
        "min": -1.81026744843,
        "var": 646.462341309
    },
    "barkbands_skewness": {
        "dmean": 0.580107152462,
        "dmean2": 0.775769650936,
        "dvar": 0.764355897903,
        "dvar2": 1.04255247116,
        "max": 15.3843040466,
        "mean": 2.06088709831,
        "median": 1.809217453,
        "min": -1.88358938694,
        "var": 4.54338932037
    },
    "barkbands_spread": {
        "dmean": 5.26751041412,
        "dmean2": 7.81155633926,
        "dvar": 27.5536842346,
        "dvar2": 65.9541244507,
        "max": 92.6837463379,
        "mean": 23.7017707825,
        "median": 21.8493442535,
        "min": 0.421235084534,
        "var": 172.763839722
    },
    "dissonance": {
        "dmean": 0.020922658965,
        "dmean2": 0.0350353382528,
        "dvar": 0.000543002970517,
        "dvar2": 0.00154057703912,
        "max": 0.499914497137,
        "mean": 0.453762531281,
        "median": 0.463784962893,
        "min": 0.147633165121,
        "var": 0.00150663300883
    },
    "dynamic_complexity": 1.99795377254,
    "erbbands_crest": {
        "dmean": 2.87743806839,
        "dmean2": 4.6233086586,
        "dvar": 7.29575824738,
        "dvar2": 16.5685710907,
        "max": 29.8955249786,
        "mean": 9.11044025421,
        "median": 8.00583171844,
        "min": 2.11908125877,
        "var": 21.6307506561
    },
    "erbbands_flatness_db": {
        "dmean": 0.0140727404505,
        "dmean2": 0.0207807775587,
        "dvar": 0.000242509428062,
        "dvar2": 0.0004564554838,
        "max": 0.474080622196,
        "mean": 0.155410662293,
        "median": 0.111368760467,
        "min": 0.0470928661525,
        "var": 0.0100971553475
    },
    "erbbands_kurtosis": {
        "dmean": 0.580521941185,
        "dmean2": 0.922814905643,
        "dvar": 0.701126873493,
        "dvar2": 1.70063734055,
        "max": 26.03282547,
        "mean": -0.443743675947,
        "median": -0.693775415421,
        "min": -1.78531384468,
        "var": 1.39304208755
    },
    "erbbands_skewness": {
        "dmean": 0.328349709511,
        "dmean2": 0.485196024179,
        "dvar": 0.0847004577518,
        "dvar2": 0.190091252327,
        "max": 3.82874751091,
        "mean": 0.23861604929,
        "median": 0.255642622709,
        "min": -2.94537830353,
        "var": 0.375591605902
    },
    "erbbands_spread": {
        "dmean": 10.0004301071,
        "dmean2": 14.248758316,
        "dvar": 130.211288452,
        "dvar2": 229.015487671,
        "max": 174.363311768,
        "mean": 55.4939880371,
        "median": 52.2449798584,
        "min": 1.79395020008,
        "var": 958.781066895
    },
    "hfc": {
        "dmean": 8.57710647583,
        "dmean2": 13.9440536499,
        "dvar": 86.1349182129,
        "dvar2": 218.110351562,
        "max": 159.752807617,
        "mean": 32.9425621033,
        "median": 31.6738185883,
        "min": 1.18253184505e-16,
        "var": 299.27166748
    },
    "melbands_crest": {
        "dmean": 3.54521918297,
        "dmean2": 5.55092906952,
        "dvar": 11.4694385529,
        "dvar2": 26.9022846222,
        "max": 33.360206604,
        "mean": 17.5564632416,
        "median": 16.7147884369,
        "min": 1.47051739693,
        "var": 42.3109855652
    },
    "melbands_flatness_db": {
        "dmean": 0.0248778518289,
        "dmean2": 0.0347336232662,
        "dvar": 0.000788904202636,
        "dvar2": 0.0012678761268,
        "max": 0.965369880199,
        "mean": 0.228736653924,
        "median": 0.207764536142,
        "min": 0.000819839362521,
        "var": 0.00855729263276
    },
    "melbands_kurtosis": {
        "dmean": 20.9590759277,
        "dmean2": 28.3857383728,
        "dvar": 5759.87792969,
        "dvar2": 8625.97460938,
        "max": 1135.48962402,
        "mean": 44.1717414856,
        "median": 13.7156581879,
        "min": -1.74626028538,
        "var": 15153.5117188
    },
    "melbands_skewness": {
        "dmean": 1.01046621799,
        "dmean2": 1.37432897091,
        "dvar": 2.94579005241,
        "dvar2": 4.15216159821,
        "max": 26.9380397797,
        "mean": 4.02417707443,
        "median": 3.13009524345,
        "min": -1.54059147835,
        "var": 15.2139635086
    },
    "melbands_spread": {
        "dmean": 5.31664180756,
        "dmean2": 7.82899808884,
        "dvar": 41.8896865845,
        "dvar2": 86.8408660889,
        "max": 147.122009277,
        "mean": 19.7656269073,
        "median": 16.8181037903,
        "min": 0.318056553602,
        "var": 208.673980713
    },
    "pitch_salience": {
        "dmean": 0.0807527154684,
        "dmean2": 0.121111705899,
        "dvar": 0.00610477291048,
        "dvar2": 0.0127780707553,
        "max": 0.987168967724,
        "mean": 0.487422674894,
        "median": 0.500145375729,
        "min": 0.0387627929449,
        "var": 0.0208582300693
    },
    "silence_rate_20dB": {
        "dmean": 0,
        "dmean2": 0,
        "dvar": 0,
        "dvar2": 0,
        "max": 1,
        "mean": 1,
        "median": 1,
        "min": 1,
        "var": 0
    },
    "silence_rate_30dB": {
        "dmean": 0.0206205807626,
        "dmean2": 0.0412452109158,
        "dvar": 0.0201965328306,
        "dvar2": 0.0418999679387,
        "max": 1,
        "mean": 0.972508609295,
        "median": 1,
        "min": 0,
        "var": 0.0267386808991
    },
    "silence_rate_60dB": {
        "dmean": 0.00903377868235,
        "dmean2": 0.0180693306029,
        "dvar": 0.00895242393017,
        "dvar2": 0.0191181506962,
        "max": 1,
        "mean": 0.02847324498,
        "median": 0,
        "min": 0,
        "var": 0.0276632085443
    },
    "spectral_centroid": {
        "dmean": 232.325119019,
        "dmean2": 336.682312012,
        "dvar": 55226.640625,
        "dvar2": 98798.9765625,
        "max": 11305.8017578,
        "mean": 1240.42321777,
        "median": 1138.56616211,
        "min": 106.920005798,
        "var": 380323.4375
    },
    "spectral_complexity": {
        "dmean": 4.51217603683,
        "dmean2": 7.26053237915,
        "dvar": 21.7316970825,
        "dvar2": 49.2610931396,
        "max": 55,
        "mean": 19.1127147675,
        "median": 18,
        "min": 0,
        "var": 79.5151062012
    },
    "spectral_decrease": {
        "dmean": 2.69570632483e-09,
        "dmean2": 3.99178734511e-09,
        "dvar": 6.5458611038e-18,
        "dvar2": 1.33399723443e-17,
        "max": 4.9540837395e-29,
        "mean": -1.18151959327e-08,
        "median": -1.11995168695e-08,
        "min": -4.37086384864e-08,
        "var": 3.8891961142e-17
    },
    "spectral_energy": {
        "dmean": 0.0106663228944,
        "dmean2": 0.0159747973084,
        "dvar": 0.000100049801404,
        "dvar2": 0.000210648795473,
        "max": 0.166870296001,
        "mean": 0.04758130759,
        "median": 0.0455633439124,
        "min": 1.07267384353e-20,
        "var": 0.000567216251511
    },
    "spectral_energyband_high": {
        "dmean": 0.000634022639133,
        "dmean2": 0.000997805618681,
        "dvar": 8.58281794081e-07,
        "dvar2": 2.12721238313e-06,
        "max": 0.0209257695824,
        "mean": 0.00187950546388,
        "median": 0.00121261412278,
        "min": 7.70668909417e-21,
        "var": 3.94493690692e-06
    },
    "spectral_energyband_low": {
        "dmean": 0.00712280487642,
        "dmean2": 0.00884265638888,
        "dvar": 0.000117654315545,
        "dvar2": 0.000164388446137,
        "max": 0.164790585637,
        "mean": 0.0233891569078,
        "median": 0.0140086803585,
        "min": 3.33788348243e-23,
        "var": 0.000713335815817
    },
    "spectral_energyband_middle_high": {
        "dmean": 0.00251348759048,
        "dmean2": 0.00400514015928,
        "dvar": 1.253110986e-05,
        "dvar2": 3.07123227685e-05,
        "max": 0.0648525059223,
        "mean": 0.00684369495139,
        "median": 0.00447703944519,
        "min": 1.54295538506e-21,
        "var": 4.64254699182e-05
    },
    "spectral_energyband_middle_low": {
        "dmean": 0.00763752078637,
        "dmean2": 0.0118957022205,
        "dvar": 9.31447793846e-05,
        "dvar2": 0.000207128337934,
        "max": 0.12283333391,
        "mean": 0.0193050280213,
        "median": 0.0177723057568,
        "min": 2.91404890223e-22,
        "var": 0.000187657336937
    },
    "spectral_entropy": {
        "dmean": 0.170524939895,
        "dmean2": 0.24284607172,
        "dvar": 0.0293121840805,
        "dvar2": 0.0584029071033,
        "max": 9.81956768036,
        "mean": 7.60176134109,
        "median": 7.81933403015,
        "min": 3.83197546005,
        "var": 0.529868841171
    },
    "spectral_flux": {
        "dmean": 0.0349210947752,
        "dmean2": 0.0492874234915,
        "dvar": 0.0011460322421,
        "dvar2": 0.00206035817973,
        "max": 0.401848256588,
        "mean": 0.104272380471,
        "median": 0.0888410806656,
        "min": 6.83468906471e-11,
        "var": 0.00315601238981
    },
    "spectral_kurtosis": {
        "dmean": 4.21407794952,
        "dmean2": 7.2350525856,
        "dvar": 131.591522217,
        "dvar2": 345.860351562,
        "max": 605.497558594,
        "mean": 9.48286628723,
        "median": 2.17619466782,
        "min": -1.21185219288,
        "var": 439.546356201
    },
    "spectral_rms": {
        "dmean": 0.000782066199463,
        "dmean2": 0.00118125858717,
        "dvar": 5.24806637259e-07,
        "dvar2": 1.11861197638e-06,
        "max": 0.0127593223006,
        "mean": 0.00654700119048,
        "median": 0.00666723633185,
        "min": 3.23498237746e-12,
        "var": 3.55752240466e-06
    },
    "spectral_rolloff": {
        "dmean": 377.899139404,
        "dmean2": 610.99407959,
        "dvar": 375010.71875,
        "dvar2": 784360.625,
        "max": 18755.4199219,
        "mean": 1196.96618652,
        "median": 904.39453125,
        "min": 64.599609375,
        "var": 1545918.25
    },
    "spectral_skewness": {
        "dmean": 0.338485240936,
        "dmean2": 0.566786646843,
        "dvar": 0.38102722168,
        "dvar2": 1.10759794712,
        "max": 20.2258701324,
        "mean": 1.71906161308,
        "median": 1.30627548695,
        "min": -0.0225824899971,
        "var": 1.77604115009
    },
    "spectral_spread": {
        "dmean": 481788.03125,
        "dmean2": 649380.6875,
        "dvar": 399910010880,
        "dvar2": 640410517504,
        "max": 40917356,
        "mean": 5847982,
        "median": 6471855,
        "min": 156916.375,
        "var": 8.3496534016e+12
    },
    "spectral_strongpeak": {
        "dmean": 0.524370014668,
        "dmean2": 0.864205241203,
        "dvar": 0.601397871971,
        "dvar2": 1.56880652905,
        "max": 12.2547445297,
        "mean": 1.27447462082,
        "median": 0.929031729698,
        "min": 0,
        "var": 1.32365310192
    },
    "zerocrossingrate": {
        "dmean": 0.0106111513451,
        "dmean2": 0.0120416013524,
        "dvar": 0.000119245807582,
        "dvar2": 0.000139182724524,
        "max": 0.58984375,
        "mean": 0.0647833421826,
        "median": 0.05859375,
        "min": 0.0029296875,
        "var": 0.00121955759823
    },
    "barkbands": {
        "dmean": [0.000665651576128, 0.00550725357607, 0.00330903893337, 0.00259473500773, 0.00294075743295, 0.00198811083101, 0.00228817830794, 0.00114302954171, 0.00033633649582, 0.00113958842121, 0.000516965810675, 0.000886868976522, 0.000276293721981, 0.000549027812667, 0.000205401680432, 0.000283458823105, 0.000232781443628, 0.000154205539729, 0.000129124993691, 0.000122758763609, 0.000115069095045, 0.000142093456816, 0.000118042880786, 0.000155472647748, 0.000111206485599, 6.37669363641e-05, 1.76856756298e-05],
        "dmean2": [0.00115056394134, 0.00621373672038, 0.00557508366182, 0.00442513963208, 0.00494894711301, 0.00317395292222, 0.00343204382807, 0.0016735146055, 0.000562766043004, 0.00176062143873, 0.000845919421408, 0.00147546769585, 0.000453315558843, 0.000902544881683, 0.000331031158566, 0.000468762242235, 0.000390030851122, 0.0002593077661, 0.000217537322897, 0.000201731527341, 0.000192255873117, 0.000229940749705, 0.000189067184692, 0.000244741182541, 0.00018326434656, 0.000100820725493, 2.83723729808e-05],
        "dvar": [2.42614555646e-06, 0.000142416771268, 8.08204713394e-05, 3.16439145536e-05, 4.65391021862e-05, 9.07243429538e-06, 1.66017816809e-05, 5.45877810509e-06, 4.90861111757e-07, 5.71727923671e-06, 2.30296768677e-06, 2.84849670606e-06, 2.89504157536e-07, 1.27534212879e-06, 1.54383400286e-07, 2.82860298739e-07, 2.06295837302e-07, 9.39698736602e-08, 5.01930195185e-08, 3.98336403862e-08, 2.87880812522e-08, 5.67757645342e-08, 3.4531147719e-08, 5.7694155231e-08, 3.32037970452e-08, 1.15281793001e-08, 6.95076662893e-10],
        "dvar2": [6.75210276313e-06, 0.000179609502084, 0.000204258438316, 8.1046266132e-05, 0.000123314166558, 2.10446123674e-05, 3.05743815261e-05, 1.02443200376e-05, 1.16181092835e-06, 1.22185410873e-05, 5.87641989114e-06, 8.08432741906e-06, 7.67901099152e-07, 3.36554489877e-06, 3.67186942185e-07, 7.40324878734e-07, 5.76856109546e-07, 2.31014212204e-07, 1.39910582675e-07, 1.0188820454e-07, 7.53025588551e-08, 1.42214403809e-07, 8.46396517318e-08, 1.39393776522e-07, 8.33997191307e-08, 2.91979045386e-08, 1.7347893122e-09],
        "max": [0.0165705867112, 0.158274441957, 0.0975754931569, 0.0654629841447, 0.0908313319087, 0.03889779374, 0.0653334334493, 0.0454433560371, 0.0156888086349, 0.0515651553869, 0.0508334562182, 0.0323529802263, 0.00988107454032, 0.0259125605226, 0.0146863795817, 0.0133519200608, 0.0143726700917, 0.00689330836758, 0.00445740483701, 0.004207523074, 0.00303972279653, 0.00768899498507, 0.00482375361025, 0.00495784590021, 0.00248760660179, 0.00135767587926, 0.000372950366],
        "mean": [0.00107480806764, 0.0140256825835, 0.00472583156079, 0.00531836692244, 0.00354459695518, 0.00326592405327, 0.00420504342765, 0.00200587604195, 0.000447813916253, 0.00174118834548, 0.000706283084583, 0.00139858538751, 0.000397901254473, 0.000853990088217, 0.000343118445016, 0.000501758418977, 0.000441942218458, 0.000304667424643, 0.000267984316451, 0.000283478206256, 0.000267406663625, 0.000311126001179, 0.000308512506308, 0.000382025493309, 0.000273256999208, 0.000144975681906, 3.90384630009e-05],
        "median": [0.000683894031681, 0.00559917744249, 0.00034338835394, 0.000463742064312, 0.000993186840788, 0.00144916516729, 0.00120705156587, 0.00056400289759, 0.000209523335798, 0.000523981929291, 0.000164488243172, 0.000584226858336, 0.000194933119928, 0.000318664271617, 0.00015800978872, 0.00023274718842, 0.000224224844715, 0.000178983900696, 0.000161738818861, 0.000176822708454, 0.000173069056473, 0.000177193578565, 0.0001623499993, 0.000171120322193, 0.000138537099701, 9.28564550122e-05, 2.18428831431e-05],
        "min": [9.26496701685e-24, 1.14388759784e-23, 7.76424828595e-24, 1.00050301698e-24, 2.76194844176e-23, 3.40041459313e-23, 1.66855030844e-23, 5.22341282275e-23, 9.31819288207e-23, 1.32149639632e-23, 4.06566604321e-23, 6.16251260292e-23, 5.55050673958e-23, 3.93296796381e-23, 1.03561198943e-22, 8.81683580475e-23, 1.63217567966e-22, 2.36291508043e-22, 2.21922248883e-22, 3.16645334233e-22, 2.70084340226e-22, 4.36935439387e-22, 5.6068007373e-22, 5.20069463842e-22, 1.15951637757e-21, 1.5316960554e-21, 2.12382055396e-21],
        "var": [3.06691072183e-06, 0.000561787106562, 8.94330587471e-05, 6.56987103866e-05, 4.56137677247e-05, 1.88396479643e-05, 6.21380822849e-05, 1.71787614818e-05, 7.74530803938e-07, 1.2169670299e-05, 4.72043484478e-06, 5.71493546886e-06, 4.13934856169e-07, 2.62815206042e-06, 3.73050539793e-07, 7.04737715296e-07, 5.43319629287e-07, 2.26367845357e-07, 1.30253425823e-07, 1.36690118779e-07, 1.06174475434e-07, 1.77545047109e-07, 1.43913240436e-07, 2.28298063121e-07, 1.12215737147e-07, 2.81547603009e-08, 2.2385264753e-09]
    },
    "erbbands": {
        "dmean": [0.188183382154, 1.35015285015, 3.40395712852, 6.9443602562, 8.30223464966, 9.22328567505, 15.7346668243, 16.7385311127, 42.3538627625, 19.1200485229, 18.3146781921, 7.3489947319, 31.0478115082, 16.9572658539, 25.6835594177, 38.9783172607, 13.8364362717, 25.4509525299, 14.5220985413, 13.8300628662, 11.0375881195, 11.6193475723, 8.07473564148, 7.44178962708, 6.04899549484, 5.5603966713, 4.91504383087, 4.70156908035, 5.32383203506, 4.81145858765, 3.17595148087, 3.4879424572, 2.46839404106, 1.51428079605, 0.696249067783, 0.341177135706, 0.102456703782, 0.0297284070402, 0.00252402969636, 4.33092645835e-05],
        "dmean2": [0.194061070681, 1.57762038708, 5.30623149872, 11.5097646713, 14.1034078598, 15.8609247208, 26.2152614594, 26.6913642883, 63.1562576294, 28.0548858643, 28.0574398041, 12.1784420013, 48.5108375549, 26.2769813538, 42.156791687, 64.7323608398, 22.9068832397, 41.4351577759, 23.6593494415, 22.7345428467, 18.5798339844, 19.4187812805, 13.7326698303, 12.5215969086, 10.1819124222, 9.10624408722, 8.27212524414, 7.82906007767, 8.71297168732, 7.8381524086, 5.01503944397, 5.68488264084, 3.86514019966, 2.53210639954, 1.13685798645, 0.541912913322, 0.163348183036, 0.0464941263199, 0.00408417452127, 7.0165246143e-05],
        "dvar": [0.131000161171, 9.9033498764, 82.850112915, 194.331726074, 510.194976807, 498.120056152, 921.37286377, 728.44543457, 5664.98242188, 1995.94702148, 1391.61437988, 224.507995605, 4330.58984375, 1056.38830566, 5491.27978516, 6060.61083984, 615.894836426, 3220.05932617, 692.649719238, 626.843200684, 451.150177002, 509.834136963, 196.31312561, 229.493438721, 89.0537643433, 83.1273727417, 61.7753448486, 45.7103919983, 97.4630432129, 68.0826568604, 21.1135234833, 29.8229541779, 15.0647306442, 6.12496948242, 1.4793792963, 0.348149031401, 0.0272094830871, 0.00193318515085, 1.48831495608e-05, 3.30410099281e-09],
        "dvar2": [0.114380985498, 13.9613323212, 192.811843872, 482.349945068, 1403.88977051, 1314.24182129, 2190.30395508, 1610.94824219, 10607.3710938, 3870.32495117, 2837.33007812, 577.869812012, 9603.8984375, 2236.69628906, 14101.6171875, 17177.6875, 1616.20581055, 8383.84667969, 1740.85339355, 1677.12658691, 1248.34033203, 1372.12438965, 537.887878418, 609.373535156, 244.458068848, 212.677108765, 165.172607422, 119.444732666, 251.887527466, 166.876358032, 51.0445747375, 77.733795166, 36.0536003113, 16.3067569733, 3.52749800682, 0.879621565342, 0.0690455809236, 0.00470376387239, 3.75046365662e-05, 8.32671798179e-09],
        "max": [5.06698846817, 37.2322311401, 103.861984253, 158.115829468, 326.737457275, 303.669128418, 338.181274414, 490.297424316, 1212.34204102, 938.283630371, 1029.39282227, 333.183990479, 1520.96520996, 749.747070312, 2470.13623047, 1652.88122559, 508.685913086, 1457.59069824, 890.830505371, 788.196777344, 858.894958496, 515.938110352, 349.721374512, 368.186096191, 181.96812439, 180.100799561, 148.966552734, 108.491127014, 361.126342773, 249.504562378, 93.962890625, 110.426651001, 85.2623672485, 36.32188797, 20.855928421, 6.88117170334, 2.1584546566, 0.597784817219, 0.0631950199604, 0.000974856666289],
        "mean": [0.467832446098, 2.86929392815, 4.86384916306, 15.2877559662, 10.6182498932, 10.8861818314, 20.6737766266, 28.8942470551, 80.4589309692, 35.4810943604, 30.7652835846, 11.5078363419, 47.1721420288, 26.8668880463, 37.8449478149, 62.3449554443, 25.3431739807, 41.7974319458, 24.9291534424, 27.6262645721, 21.4180011749, 23.0037384033, 18.2045345306, 14.8450756073, 13.7184934616, 12.7377910614, 11.7194023132, 10.4790086746, 11.3420000076, 10.6156816483, 8.36629962921, 7.90881586075, 6.18905925751, 3.57610845566, 1.63549947739, 0.679344832897, 0.249009415507, 0.0782645717263, 0.0057243197225, 0.000147708575241],
        "median": [0.150244131684, 1.11962461472, 0.79818302393, 1.41557848454, 2.99263691902, 2.84830451012, 4.60284423828, 12.3823356628, 21.4318065643, 10.5739593506, 12.0142774582, 6.20974063873, 14.128993988, 10.4961299896, 11.0408115387, 26.5773048401, 13.9664163589, 16.4298877716, 13.1366262436, 14.9705486298, 12.1777410507, 12.2165155411, 11.4857311249, 8.69029808044, 8.70562267303, 8.0456829071, 7.87411928177, 6.48351192474, 6.4379901886, 5.4294462204, 4.4773478508, 3.85667443275, 2.75263881683, 1.71325409412, 0.783470869064, 0.35196441412, 0.164708852768, 0.0568636581302, 0.00346258142963, 0.000129529085825],
        "min": [2.19312318355e-22, 3.03510984439e-21, 1.20025780963e-20, 3.87557058318e-21, 2.12521327085e-20, 9.0013238496e-20, 2.69028991252e-19, 1.78713780134e-19, 1.72926591924e-19, 5.48898804818e-19, 1.22204934003e-18, 2.01750736929e-18, 4.39629176478e-19, 1.11846750898e-18, 2.25979146584e-18, 2.30261832847e-18, 2.63546277886e-18, 2.23034342244e-18, 4.29374649443e-18, 5.11754890136e-18, 5.8976099975e-18, 8.6429868818e-18, 1.29091427669e-17, 1.12739009945e-17, 1.23881579473e-17, 1.55944423505e-17, 1.24722499556e-17, 9.80386125244e-18, 1.33158707828e-17, 1.65236590003e-17, 1.71166300399e-17, 1.08618277374e-17, 1.16046367547e-17, 1.25449185996e-17, 7.63781023632e-18, 5.45111982313e-18, 2.91755266764e-18, 1.35042466917e-18, 2.93268872868e-19, 3.20560178528e-20],
        "var": [0.699810445309, 27.1932735443, 95.8733901978, 465.647857666, 421.064453125, 540.802978516, 1523.5534668, 1643.92224121, 21019.1308594, 6156.21240234, 3391.74829102, 345.418792725, 9024.54003906, 2298.63549805, 11310.4375, 11453.4101562, 1362.56872559, 6987.79785156, 1422.72106934, 1691.92492676, 1025.18811035, 1231.92175293, 614.65637207, 483.46484375, 306.502807617, 267.842895508, 214.053710938, 163.738830566, 267.934356689, 205.754669189, 99.0599746704, 92.1900939941, 62.7317390442, 19.5640773773, 4.52138614655, 0.723339855671, 0.0789833068848, 0.00772420410067, 4.72679348604e-05, 1.33554580728e-08]
    },
    "gfcc": {
        "mean": [20.9192218781, 84.9012985229, -106.5521698, 24.728143692, -49.4126434326, 14.9620780945, -32.0245857239, 5.30637836456, -14.8889293671, 6.33190536499, -6.70106315613, 4.41479301453, -9.76501941681],
        "cov": [[9672.90527344, -3982.11108398, 2120.98876953, 1491.31567383, -594.883361816, 778.754516602, -496.174621582, 736.412597656, -404.270690918, 329.91217041, -572.261535645, 174.340423584, -397.932952881], [-3982.11108398, 4923.46044922, -2310.6484375, -1301.46899414, 869.586791992, -766.285949707, 711.554199219, -715.213012695, 643.757446289, -292.482208252, 725.985900879, -174.169067383, 536.508361816], [2120.98876953, -2310.6484375, 2417.50390625, 702.085449219, -60.1104164124, 719.108581543, -251.006729126, 448.23614502, -426.263061523, 114.281829834, -509.478302002, 26.0128669739, -398.352539062], [1491.31567383, -1301.46899414, 702.085449219, 952.074951172, -175.165496826, 362.688201904, -126.412101746, 258.276916504, -112.953811646, 82.8410339355, -131.651779175, 4.25770664215, -74.9674758911], [-594.883361816, 869.586791992, -60.1104164124, -175.165496826, 422.59854126, -20.3419036865, 208.354705811, -43.8058815002, 139.240661621, -42.8723716736, 92.9579467773, -53.4382858276, 40.1504859924], [778.754516602, -766.285949707, 719.108581543, 362.688201904, -20.3419036865, 407.048675537, -10.0436906815, 228.072265625, -66.9658126831, 71.3179779053, -107.728729248, 24.4424858093, -77.2817611694], [-496.174621582, 711.554199219, -251.006729126, -126.412101746, 208.354705811, -10.0436906815, 277.280426025, 4.58416700363, 182.045471191, 2.57676839828, 153.951477051, -21.8823165894, 85.7483825684], [736.412597656, -715.213012695, 448.23614502, 258.276916504, -43.8058815002, 228.072265625, 4.58416700363, 275.746520996, 8.43992710114, 101.672203064, -62.7205543518, 45.1613960266, -61.87317276], [-404.270690918, 643.757446289, -426.263061523, -112.953811646, 139.240661621, -66.9658126831, 182.045471191, 8.43992710114, 267.180541992, 52.6603126526, 203.954330444, 18.6042060852, 124.027824402], [329.91217041, -292.482208252, 114.281829834, 82.8410339355, -42.8723716736, 71.3179779053, 2.57676839828, 101.672203064, 52.6603126526, 126.692848206, 45.9109992981, 57.5254249573, -3.8628911972], [-572.261535645, 725.985900879, -509.478302002, -131.651779175, 92.9579467773, -107.728729248, 153.951477051, -62.7205543518, 203.954330444, 45.9109992981, 279.733581543, 59.2080116272, 161.465454102], [174.340423584, -174.169067383, 26.0128669739, 4.25770664215, -53.4382858276, 24.4424858093, -21.8823165894, 45.1613960266, 18.6042060852, 57.5254249573, 59.2080116272, 119.060646057, 56.6503334045], [-397.932952881, 536.508361816, -398.352539062, -74.9674758911, 40.1504859924, -77.2817611694, 85.7483825684, -61.87317276, 124.027824402, -3.8628911972, 161.465454102, 56.6503334045, 195.336257935]],
        "icov": [[0.000172438827576, 1.32116292662e-05, -7.78146568337e-06, -0.000185418408364, 2.94855781249e-05, 4.81565512018e-05, -1.22923656818e-05, -4.90293459734e-05, -8.79512517713e-05, -0.000210346712265, 0.000325871660607, -0.000299408595311, 9.99787589535e-05], [1.32116292662e-05, 0.00249045016244, 0.000146503036376, 0.00130791775882, -0.00206258194521, -5.00395326526e-05, -0.000954677350819, 0.00216048164293, -0.000835111655761, 0.00211593159474, -0.00286070629954, 0.00337766297162, -0.00254783313721], [-7.78146568337e-06, 0.000146503036376, 0.00224317773245, -0.000196370572667, -0.00168805429712, -0.00211304239929, -1.88026133401e-05, -0.000174132801476, 0.00202113064006, -0.00145636708476, 0.00164869253058, -0.00158313906286, 0.00132923841011], [-0.000185418408364, 0.00130791775882, -0.000196370572667, 0.00307112419978, -0.000560169806704, -0.00125433620997, 0.000839423679281, -0.0003765503061, 0.000142180651892, 0.00137074757367, -0.00322200520895, 0.00467955321074, -0.00281771551818], [2.94855781249e-05, -0.00206258194521, -0.00168805429712, -0.000560169806704, 0.0072670080699, 0.000489245634526, -0.00178415107075, -0.000630364171229, -0.00258246529847, 0.00111291266512, 0.0013726868201, -0.00151926802937, 0.00231874012388], [4.81565512018e-05, -5.00395326526e-05, -0.00211304239929, -0.00125433620997, 0.000489245634526, 0.00851170811802, -0.00191754230764, -0.00310717546381, 0.000518086599186, -3.79242555937e-05, -0.000220847927267, 0.000532496895175, -0.00173208629712], [-1.22923656818e-05, -0.000954677350819, -1.88026133401e-05, 0.000839423679281, -0.00178415107075, -0.00191754230764, 0.0117837013677, -0.00419599935412, -0.00219792104326, 0.00157527113333, -0.00398640567437, 0.00368113047443, -0.000358619203325], [-4.90293459734e-05, 0.00216048164293, -0.000174132801476, -0.0003765503061, -0.000630364171229, -0.00310717546381, -0.00419599935412, 0.015023692511, -0.00619084900245, -0.00230663502589, 0.0035607367754, -0.0028734607622, 0.000742805365007], [-8.79512517713e-05, -0.000835111655761, 0.00202113064006, 0.000142180651892, -0.00258246529847, 0.000518086599186, -0.00219792104326, -0.00619084900245, 0.0178780239075, -0.00727944681421, -0.00424609100446, 0.00336973578669, -0.00293247122318], [-0.000210346712265, 0.00211593159474, -0.00145636708476, 0.00137074757367, 0.00111291266512, -3.79242555937e-05, 0.00157527113333, -0.00230663502589, -0.00727944681421, 0.0232780575752, -0.00976594630629, -0.00144249014556, 0.00322336237878], [0.000325871660607, -0.00286070629954, 0.00164869253058, -0.00322200520895, 0.0013726868201, -0.000220847927267, -0.00398640567437, 0.0035607367754, -0.00424609100446, -0.00976594630629, 0.0225977376103, -0.0124672595412, 0.000594220415223], [-0.000299408595311, 0.00337766297162, -0.00158313906286, 0.00467955321074, -0.00151926802937, 0.000532496895175, 0.00368113047443, -0.0028734607622, 0.00336973578669, -0.00144249014556, -0.0124672595412, 0.0275750719011, -0.0131825506687], [9.99787589535e-05, -0.00254783313721, 0.00132923841011, -0.00281771551818, 0.00231874012388, -0.00173208629712, -0.000358619203325, 0.000742805365007, -0.00293247122318, 0.00322336237878, 0.000594220415223, -0.0131825506687, 0.0184387173504]]
    },
    "melbands": {
        "dmean": [0.00154303573072, 0.00156359223183, 0.00111328065395, 0.000592667784076, 0.000534692488145, 0.000430670013884, 0.000552328012418, 0.00021415714582, 0.0001371949038, 4.5569599024e-05, 0.000165178527823, 8.30885401228e-05, 7.1890950494e-05, 8.86091656866e-05, 8.80215302459e-05, 2.20517995331e-05, 5.59954969503e-05, 2.83161680272e-05, 1.42234903251e-05, 2.69899774139e-05, 1.27243292809e-05, 1.3822335859e-05, 9.50960111368e-06, 7.74664113123e-06, 6.56565134705e-06, 4.79129857922e-06, 4.91917535328e-06, 4.21508411819e-06, 3.19252649206e-06, 3.20279536936e-06, 2.98010741062e-06, 3.31063733938e-06, 2.77417620964e-06, 2.86460772259e-06, 1.91220919987e-06, 2.0777622467e-06, 2.3619197691e-06, 1.95380312107e-06, 1.58859234034e-06, 1.29360694245e-06],
        "dmean2": [0.00167858926579, 0.0020652373787, 0.00180540070869, 0.00101224158425, 0.000890872383025, 0.000678353593685, 0.000824968563393, 0.000312902819132, 0.000212349856156, 7.63425414334e-05, 0.000257400184637, 0.000128528583446, 0.000117878153105, 0.000146912381751, 0.000144774734508, 3.67504107999e-05, 9.14212942007e-05, 4.66862402391e-05, 2.27908603847e-05, 4.50128645753e-05, 2.17250508285e-05, 2.32063084695e-05, 1.56064543262e-05, 1.32210398078e-05, 1.09997963591e-05, 8.16396368464e-06, 8.0987902038e-06, 7.04893909642e-06, 5.37520554644e-06, 5.41365989193e-06, 4.99200223203e-06, 5.50731238036e-06, 4.47972706752e-06, 4.75159140478e-06, 3.07003392663e-06, 3.43433907801e-06, 3.85030625694e-06, 3.06439733322e-06, 2.61640184362e-06, 2.19636854126e-06],
        "dvar": [9.82375513559e-06, 1.30767039082e-05, 4.91782793688e-06, 2.65396761279e-06, 9.80516006166e-07, 4.14322499864e-07, 9.22263382108e-07, 2.8236334515e-07, 8.10321054701e-08, 9.46070688457e-09, 1.22680248182e-07, 3.10000665138e-08, 4.44711965031e-08, 3.09789172093e-08, 3.09291188216e-08, 2.32559305147e-09, 1.6507392786e-08, 3.03434788407e-09, 7.15075609836e-10, 2.74362799146e-09, 9.20693521422e-10, 7.44137251818e-10, 4.4860223869e-10, 1.93448576602e-10, 1.90167742664e-10, 6.33426991414e-11, 7.15736706014e-11, 5.52587316183e-11, 2.71488439368e-11, 2.91529127228e-11, 1.85555633359e-11, 5.11491959898e-11, 1.86295597004e-11, 2.43185905441e-11, 8.06516745749e-12, 8.99333559012e-12, 1.49149234629e-11, 1.07903156896e-11, 6.03596079368e-12, 4.51002906895e-12],
        "dvar2": [1.01181967693e-05, 2.3748338208e-05, 1.18208336062e-05, 7.27242286302e-06, 2.30903310694e-06, 8.99644874153e-07, 1.74227432126e-06, 5.35658159606e-07, 1.65232094673e-07, 2.46011815364e-08, 2.69526367447e-07, 6.47486402272e-08, 1.13272356828e-07, 8.83401511942e-08, 8.20121854872e-08, 6.02524474758e-09, 4.30887006075e-08, 7.93904675334e-09, 1.7481354142e-09, 7.30412619276e-09, 2.61716492922e-09, 1.98775640392e-09, 1.17887577478e-09, 5.1162130088e-10, 5.10280928623e-10, 1.7709875233e-10, 1.82136056237e-10, 1.44507794619e-10, 7.34572680461e-11, 7.58400772738e-11, 4.85783253901e-11, 1.3398981924e-10, 4.6709466156e-11, 6.07011108045e-11, 1.97950319331e-11, 2.41059915085e-11, 3.8740205488e-11, 2.70299806843e-11, 1.62063400894e-11, 1.22241288272e-11],
        "max": [0.0439831465483, 0.0454773083329, 0.0266972128302, 0.0233841445297, 0.0105324303731, 0.00944989547133, 0.0154702309519, 0.010966132395, 0.00798561424017, 0.00226661865599, 0.00756242405623, 0.00424282578751, 0.00707452883944, 0.00348079088144, 0.00376387126744, 0.00115176907275, 0.0033347143326, 0.0013677055249, 0.000916766060982, 0.00136184191797, 0.00143801991362, 0.000687558494974, 0.000528469739947, 0.00035331005347, 0.000312053540256, 0.000155127039761, 0.000193380459677, 0.000143619574374, 0.000121282864711, 0.000116255178, 7.15312708053e-05, 0.000287925504381, 8.7746862846e-05, 0.000148817300214, 5.55160222575e-05, 6.02198160777e-05, 7.03072655597e-05, 8.30431235954e-05, 3.76510215574e-05, 3.74269657186e-05],
        "mean": [0.00409792037681, 0.00306664966047, 0.00241693062708, 0.000679512682837, 0.000694425252732, 0.000768778147176, 0.00105517567135, 0.000376943440642, 0.000222619943088, 6.23587548034e-05, 0.000249312317465, 0.00012448761845, 9.987156227e-05, 0.000133593377541, 0.000146928956383, 3.11625735776e-05, 8.83560060174e-05, 4.37676644651e-05, 2.4384495191e-05, 4.89278972964e-05, 1.99638652703e-05, 2.51823130384e-05, 1.91980834643e-05, 1.4544073565e-05, 1.16671262731e-05, 9.38485754887e-06, 1.00328697954e-05, 8.37812331156e-06, 7.22051299817e-06, 6.60751993564e-06, 5.87912154515e-06, 6.6057255026e-06, 5.66806011193e-06, 5.99473378315e-06, 4.6933273552e-06, 4.72656529382e-06, 4.93233028465e-06, 4.55832150692e-06, 3.57181306754e-06, 2.84139787254e-06],
        "median": [0.00159085006453, 0.00124620250426, 0.000305266788928, 0.000226580013987, 0.000136005721288, 0.000338518846547, 0.000297001271974, 7.39543174859e-05, 8.88045760803e-05, 3.01943182421e-05, 7.20878306311e-05, 3.69198824046e-05, 2.39744913415e-05, 5.6933160522e-05, 5.46676274098e-05, 1.5500230802e-05, 3.11948642775e-05, 2.01322709472e-05, 1.17883528219e-05, 2.26527026825e-05, 1.02063459053e-05, 1.24663501992e-05, 1.03131096694e-05, 8.35544142319e-06, 6.23009827905e-06, 5.71518012293e-06, 5.9809508457e-06, 4.8571860134e-06, 4.74425314678e-06, 3.97559460907e-06, 3.59516116077e-06, 3.65330265595e-06, 3.0512212561e-06, 2.98748614114e-06, 2.51281085184e-06, 2.62811636276e-06, 2.17210867959e-06, 1.8415755676e-06, 1.90052219295e-06, 1.24742632579e-06],
        "min": [3.53158827771e-24, 5.58962343309e-24, 9.62241290921e-25, 3.70135193338e-24, 9.05845664249e-24, 4.31582054157e-24, 3.13508292371e-24, 6.97938375007e-24, 9.59058828814e-24, 1.0858513377e-23, 1.70795387121e-24, 4.17423460301e-24, 6.47791315566e-24, 8.0979396043e-24, 5.5615794279e-24, 4.94527080165e-24, 3.0771616006e-24, 6.11693829404e-24, 8.8053072337e-24, 6.68319961232e-24, 6.32646961123e-24, 6.93565719009e-24, 7.87600699925e-24, 1.17644869945e-23, 8.2019903577e-24, 8.4833021008e-24, 1.00197096879e-23, 7.85607879506e-24, 8.15107964146e-24, 5.06916890099e-24, 6.24244606406e-24, 7.44820220832e-24, 8.8187036696e-24, 8.79051924718e-24, 1.046771484e-23, 7.0773602745e-24, 6.49622222284e-24, 6.30359303941e-24, 9.55213131901e-24, 9.01871225237e-24],
        "var": [4.72048268421e-05, 2.68837920885e-05, 1.09082684503e-05, 2.0689089979e-06, 1.65073890912e-06, 1.04741286577e-06, 3.45646594724e-06, 9.01343298665e-07, 1.89647892057e-07, 1.28042305647e-08, 2.56453944303e-07, 6.54254890264e-08, 9.2110838068e-08, 5.257182778e-08, 7.61854579423e-08, 3.22103499428e-09, 3.5441594548e-08, 5.30244337327e-09, 1.7045059808e-09, 6.86258738725e-09, 1.67902458603e-09, 1.73341974108e-09, 1.10570963496e-09, 4.79260131581e-10, 3.59528767868e-10, 1.51581747154e-10, 1.95225557942e-10, 1.38890496326e-10, 8.35980729086e-11, 8.50123513252e-11, 5.26312500526e-11, 1.16222552415e-10, 5.38520096571e-11, 6.93805290997e-11, 3.35303104726e-11, 3.09593496672e-11, 4.03355404632e-11, 3.91956120338e-11, 1.81139513111e-11, 1.32781650258e-11]
    },
    "mfcc": {
        "mean": [-625.650695801, 117.196174622, 5.92481851578, 16.4397392273, 8.08740234375, 9.05014610291, 0.901728689671, 2.74129033089, -1.22982776165, 0.972280323505, 1.52280557156, 6.42944431305, 5.57843542099],
        "cov": [[6623.99121094, -2648.63354492, 1145.95043945, 663.359375, 137.217147827, 103.967796326, -42.0433044434, 145.283889771, 104.119735718, 141.097167969, -9.40239429474, -52.8215942383, -102.816146851], [-2648.63354492, 4342.96582031, -1942.33911133, -549.296691895, -199.748565674, -86.5580444336, 2.5513510704, -148.382965088, -77.0717163086, -130.765533447, 48.3092308044, 92.7134094238, 123.442878723], [1145.95043945, -1942.33911133, 1824.50219727, 223.308746338, 427.910308838, 210.851486206, 251.681930542, 183.760452271, 148.361343384, 113.50340271, -2.94891190529, -57.684677124, -80.40259552], [663.359375, -549.296691895, 223.308746338, 390.876983643, 98.0117874146, 89.3824691772, 41.7955207825, 65.5231246948, 37.9647903442, 62.1443328857, 14.9306020737, 9.58281135559, -5.57125663757], [137.217147827, -199.748565674, 427.910308838, 98.0117874146, 281.628479004, 116.055084229, 118.283332825, 87.1998443604, 75.9425430298, 55.9615135193, 19.1011772156, 1.54040801525, -10.5375709534], [103.967796326, -86.5580444336, 210.851486206, 89.3824691772, 116.055084229, 145.393920898, 91.05078125, 60.4906578064, 45.937412262, 43.3723983765, 19.9259872437, 9.9988079071, 5.93627500534], [-42.0433044434, 2.5513510704, 251.681930542, 41.7955207825, 118.283332825, 91.05078125, 169.387268066, 90.5942993164, 70.6544952393, 54.0314826965, 31.4139919281, 23.3566017151, 12.2259216309], [145.283889771, -148.382965088, 183.760452271, 65.5231246948, 87.1998443604, 60.4906578064, 90.5942993164, 135.811538696, 87.2322540283, 68.7784881592, 37.9653930664, 33.3774986267, 24.9587097168], [104.119735718, -77.0717163086, 148.361343384, 37.9647903442, 75.9425430298, 45.937412262, 70.6544952393, 87.2322540283, 122.096046448, 83.9239273071, 38.9785423279, 25.6617031097, 16.8849887848], [141.097167969, -130.765533447, 113.50340271, 62.1443328857, 55.9615135193, 43.3723983765, 54.0314826965, 68.7784881592, 83.9239273071, 120.659133911, 69.8549423218, 41.474281311, 21.3628139496], [-9.40239429474, 48.3092308044, -2.94891190529, 14.9306020737, 19.1011772156, 19.9259872437, 31.4139919281, 37.9653930664, 38.9785423279, 69.8549423218, 90.7878723145, 61.1394958496, 36.9938430786], [-52.8215942383, 92.7134094238, -57.684677124, 9.58281135559, 1.54040801525, 9.9988079071, 23.3566017151, 33.3774986267, 25.6617031097, 41.474281311, 61.1394958496, 97.3457489014, 76.7587661743], [-102.816146851, 123.442878723, -80.40259552, -5.57125663757, -10.5375709534, 5.93627500534, 12.2259216309, 24.9587097168, 16.8849887848, 21.3628139496, 36.9938430786, 76.7587661743, 105.984176636]],
