{
"lowlevel": {
    "average_loudness": 0.93146198988,
    "barkbands_crest": {
        "dmean": 2.27128505707,
        "dmean2": 3.21412611008,
        "dvar": 5.10079860687,
        "dvar2": 10.4011821747,
        "max": 25.9334278107,
        "mean": 13.8872785568,
        "median": 13.7383174896,
        "min": 2.7339682579,
        "var": 23.3874588013
    },
    "barkbands_flatness_db": {
        "dmean": 0.0225596763194,
        "dmean2": 0.0309819504619,
        "dvar": 0.000519478751812,
        "dvar2": 0.00107620563358,
        "max": 0.463009208441,
        "mean": 0.148862168193,
        "median": 0.137977331877,
        "min": 0.0211816094816,
        "var": 0.00473112845793
    },
    "barkbands_kurtosis": {
        "dmean": 5.1345038414,
        "dmean2": 7.56485557556,
        "dvar": 108.039039612,
        "dvar2": 245.652008057,
        "max": 239.080001831,
        "mean": 9.65869617462,
        "median": 4.35675954819,
        "min": -1.7355607748,
        "var": 224.929122925
    },
    "barkbands_skewness": {
        "dmean": 0.630400121212,
        "dmean2": 0.898722410202,
        "dvar": 0.52831107378,
        "dvar2": 1.15379464626,
        "max": 13.4271640778,
        "mean": 2.54734635353,
        "median": 2.1804394722,
        "min": -1.98334515095,
        "var": 2.42421793938
    },
    "barkbands_spread": {
        "dmean": 5.76901721954,
        "dmean2": 8.40087127686,
        "dvar": 45.5629119873,
        "dvar2": 99.1118927002,
        "max": 96.6395721436,
        "mean": 23.0184288025,
        "median": 20.4086074829,
        "min": 0.678055584431,
        "var": 216.354156494
    },
    "dissonance": {
        "dmean": 0.0182394254953,
        "dmean2": 0.0307848025113,
        "dvar": 0.00042688701069,
        "dvar2": 0.00115443929099,
        "max": 0.499999940395,
        "mean": 0.464951008558,
        "median": 0.472396373749,
        "min": 0.0704380571842,
        "var": 0.00104555825237
    },
    "dynamic_complexity": 1.60292100906,
    "erbbands_crest": {
        "dmean": 2.663595438,
        "dmean2": 4.28730106354,
        "dvar": 6.12330961227,
        "dvar2": 14.6452417374,
        "max": 29.0536899567,
        "mean": 8.05995941162,
        "median": 6.82831382751,
        "min": 2.41634488106,
        "var": 18.7680969238
    },
    "erbbands_flatness_db": {
        "dmean": 0.0106287375093,
        "dmean2": 0.0164395552129,
        "dvar": 0.000106992505607,
        "dvar2": 0.000230974692386,
        "max": 0.465508103371,
        "mean": 0.119399018586,
        "median": 0.0977666079998,
        "min": 0.042692180723,
        "var": 0.00333543890156
    },
    "erbbands_kurtosis": {
        "dmean": 0.580046832561,
        "dmean2": 0.911759197712,
        "dvar": 0.822943329811,
        "dvar2": 1.80447876453,
        "max": 20.6873340607,
        "mean": -0.15098592639,
        "median": -0.557386875153,
        "min": -1.6313791275,
        "var": 2.09855389595
    },
    "erbbands_skewness": {
        "dmean": 0.28849864006,
        "dmean2": 0.45849391818,
        "dvar": 0.0601606704295,
        "dvar2": 0.152005344629,
        "max": 4.26311445236,
        "mean": 0.165139645338,
        "median": 0.177622899413,
        "min": -2.3616309166,
        "var": 0.243493884802
    },
    "erbbands_spread": {
        "dmean": 7.9186797142,
        "dmean2": 12.2121534348,
        "dvar": 51.3335342407,
        "dvar2": 113.777084351,
        "max": 146.134552002,
        "mean": 50.5009002686,
        "median": 51.734752655,
        "min": 2.19850707054,
        "var": 381.954589844
    },
    "hfc": {
        "dmean": 10.5798883438,
        "dmean2": 15.971578598,
        "dvar": 167.448486328,
        "dvar2": 394.71206665,
        "max": 155.25050354,
        "mean": 36.465675354,
        "median": 32.2402191162,
        "min": 1.05100781155e-16,
        "var": 546.554260254
    },
    "melbands_crest": {
        "dmean": 2.97438025475,
        "dmean2": 4.41670751572,
        "dvar": 9.85056877136,
        "dvar2": 20.2312602997,
        "max": 34.2115821838,
        "mean": 19.070306778,
        "median": 18.2688961029,
        "min": 1.1700309515,
        "var": 33.9983634949
    },
    "melbands_flatness_db": {
        "dmean": 0.0261737611145,
        "dmean2": 0.0353340469301,
        "dvar": 0.00075649714563,
        "dvar2": 0.00148273969535,
        "max": 0.613507986069,
        "mean": 0.225118845701,
        "median": 0.205345571041,
        "min": 0.000226614996791,
        "var": 0.00712671829388
    },
    "melbands_kurtosis": {
        "dmean": 12.1323776245,
        "dmean2": 17.8851947784,
        "dvar": 413.62097168,
        "dvar2": 889.330505371,
        "max": 434.921783447,
        "mean": 27.1212368011,
        "median": 15.7076663971,
        "min": -1.64322757721,
        "var": 1079.92797852
    },
    "melbands_skewness": {
        "dmean": 0.89473092556,
        "dmean2": 1.30291855335,
        "dvar": 0.90100479126,
        "dvar2": 1.93923020363,
        "max": 17.3998527527,
        "mean": 4.01509666443,
        "median": 3.50413274765,
        "min": -0.730050325394,
        "var": 4.37846469879
    },
    "melbands_spread": {
        "dmean": 5.04082012177,
        "dmean2": 7.39603567123,
        "dvar": 38.8010025024,
        "dvar2": 85.6460876465,
        "max": 147.639022827,
        "mean": 17.8594055176,
        "median": 15.5317983627,
        "min": 0.57434117794,
        "var": 163.974822998
    },
    "pitch_salience": {
        "dmean": 0.0622436329722,
        "dmean2": 0.0917669311166,
        "dvar": 0.00388106727041,
        "dvar2": 0.00797352939844,
        "max": 0.991199195385,
        "mean": 0.428865820169,
        "median": 0.447234690189,
        "min": 0.0674111843109,
        "var": 0.0151072526351
    },
    "silence_rate_20dB": {
        "dmean": 0,
        "dmean2": 0,
        "dvar": 0,
        "dvar2": 0,
        "max": 1,
        "mean": 1,
        "median": 1,
        "min": 1,
        "var": 0
    },
    "silence_rate_30dB": {
        "dmean": 0.109455108643,
        "dmean2": 0.21893632412,
        "dvar": 0.0974751412868,
        "dvar2": 0.215142965317,
        "max": 1,
        "mean": 0.804721057415,
        "median": 1,
        "min": 0,
        "var": 0.157141506672
    },
    "silence_rate_60dB": {
        "dmean": 0.000238464286667,
        "dmean2": 0.000476985442219,
        "dvar": 0.000238407432334,
        "dvar2": 0.000476768880617,
        "max": 1,
        "mean": 0.0139484982938,
        "median": 0,
        "min": 0,
        "var": 0.0137539273128
    },
    "spectral_centroid": {
        "dmean": 225.958236694,
        "dmean2": 351.914001465,
        "dvar": 52894.359375,
        "dvar2": 117159.023438,
        "max": 11313.5078125,
        "mean": 1436.94921875,
        "median": 1433.44384766,
        "min": 198.029464722,
        "var": 401364.25
    },
    "spectral_complexity": {
        "dmean": 4.91665649414,
        "dmean2": 7.29453849792,
        "dvar": 21.6932907104,
        "dvar2": 44.9621276855,
        "max": 60,
        "mean": 26.5848827362,
        "median": 26,
        "min": 0,
        "var": 122.914329529
    },
    "spectral_decrease": {
        "dmean": 4.25666391024e-09,
        "dmean2": 6.4968732616e-09,
        "dvar": 2.34374843686e-17,
        "dvar2": 6.0691743703e-17,
        "max": 7.48397425238e-27,
        "mean": -2.00473824208e-08,
        "median": -1.66545159885e-08,
        "min": -5.8812588577e-08,
        "var": 1.1188668635e-16
    },
    "spectral_energy": {
        "dmean": 0.0163134559989,
        "dmean2": 0.0250622369349,
        "dvar": 0.000332226540195,
        "dvar2": 0.000871281023137,
        "max": 0.223533168435,
        "mean": 0.078971080482,
        "median": 0.0670540332794,
        "min": 1.01609113534e-20,
        "var": 0.00159159721807
    },
    "spectral_energyband_high": {
        "dmean": 0.00086057302542,
        "dmean2": 0.00127962243278,
        "dvar": 1.63117488228e-06,
        "dvar2": 3.76498860533e-06,
        "max": 0.0160507373512,
        "mean": 0.00237799971364,
        "median": 0.00175547238905,
        "min": 7.14245740456e-21,
        "var": 5.70219481233e-06
    },
    "spectral_energyband_low": {
        "dmean": 0.0130947353318,
        "dmean2": 0.0196812562644,
        "dvar": 0.000370318535715,
        "dvar2": 0.000942931277677,
        "max": 0.219423383474,
        "mean": 0.0442920066416,
        "median": 0.0371282249689,
        "min": 4.7524369877e-23,
        "var": 0.000959656958003
    },
    "spectral_energyband_middle_high": {
        "dmean": 0.00219784118235,
        "dmean2": 0.00354032963514,
        "dvar": 7.02259330865e-06,
        "dvar2": 1.7876871425e-05,
        "max": 0.0390457436442,
        "mean": 0.00595162715763,
        "median": 0.00509983301163,
        "min": 1.40756716376e-21,
        "var": 1.83149531949e-05
    },
    "spectral_energyband_middle_low": {
        "dmean": 0.00699657341465,
        "dmean2": 0.0108829485252,
        "dvar": 0.000101431935036,
        "dvar2": 0.00023264461197,
        "max": 0.107955679297,
        "mean": 0.0159618519247,
        "median": 0.0139018343762,
        "min": 2.97311981655e-22,
        "var": 0.000145922851516
    },
    "spectral_entropy": {
        "dmean": 0.105148665607,
        "dmean2": 0.160761773586,
        "dvar": 0.0126160057262,
        "dvar2": 0.0245362482965,
        "max": 9.82742595673,
        "mean": 7.82586097717,
        "median": 8.01215648651,
        "min": 4.63049030304,
        "var": 0.284042060375
    },
    "spectral_flux": {
        "dmean": 0.030050393194,
        "dmean2": 0.0459651909769,
        "dvar": 0.00124374125153,
        "dvar2": 0.00233263312839,
        "max": 0.408165425062,
        "mean": 0.113345876336,
        "median": 0.100267320871,
        "min": 6.54764367725e-11,
        "var": 0.00410898635164
    },
    "spectral_kurtosis": {
        "dmean": 1.70538640022,
        "dmean2": 2.837692976,
        "dvar": 41.0127258301,
        "dvar2": 110.599731445,
        "max": 319.701171875,
        "mean": 5.19087409973,
        "median": 2.45019483566,
        "min": -1.20959627628,
        "var": 224.086364746
    },
    "spectral_rms": {
        "dmean": 0.000876502366737,
        "dmean2": 0.00133835105225,
        "dvar": 7.97352129212e-07,
        "dvar2": 2.1001812911e-06,
        "max": 0.0147675704211,
        "mean": 0.00847346801311,
        "median": 0.00808817520738,
        "min": 3.14850511114e-12,
        "var": 5.24496954313e-06
    },
    "spectral_rolloff": {
        "dmean": 363.531585693,
        "dmean2": 587.653503418,
        "dvar": 445638.1875,
        "dvar2": 1001955.5625,
        "max": 19272.2167969,
        "mean": 911.373962402,
        "median": 581.396484375,
        "min": 64.599609375,
        "var": 1846602.5
    },
    "spectral_skewness": {
        "dmean": 0.173056513071,
        "dmean2": 0.281294643879,
        "dvar": 0.0910842865705,
        "dvar2": 0.257197827101,
        "max": 14.4956140518,
        "mean": 1.47407150269,
        "median": 1.30190002918,
        "min": -0.0371739454567,
        "var": 0.913833141327
    },
    "spectral_spread": {
        "dmean": 424986.125,
        "dmean2": 662742.75,
        "dvar": 301128908800,
        "dvar2": 640442236928,
        "max": 41786104,
        "mean": 5570788,
        "median": 6000618,
        "min": 286462.28125,
        "var": 4.22809514803e+12
    },
    "spectral_strongpeak": {
        "dmean": 0.198862984776,
        "dmean2": 0.341985613108,
        "dvar": 0.233116477728,
        "dvar2": 0.582760512829,
        "max": 7.36710882187,
        "mean": 0.406643360853,
        "median": 0.221142038703,
        "min": 0,
        "var": 0.321038454771
    },
    "zerocrossingrate": {
        "dmean": 0.0100971814245,
        "dmean2": 0.0119968941435,
        "dvar": 0.000141453056131,
        "dvar2": 0.000205374642974,
        "max": 0.51171875,
        "mean": 0.0543894544244,
        "median": 0.04833984375,
        "min": 0.00244140625,
        "var": 0.00144112377893
    },
    "barkbands": {
        "dmean": [0.00566682964563, 0.0110396808013, 0.00418710522354, 0.00290830689482, 0.00245621730573, 0.00185801042244, 0.000757003086619, 0.000882650550921, 0.00174449617043, 0.00100661290344, 0.000369874789612, 0.000438734510681, 0.000454971916042, 0.000396726565668, 0.000302175758407, 0.000227607320994, 0.000260101951426, 0.000199408765184, 0.000200696464162, 0.000184302902198, 0.000197088054847, 0.000185941535165, 0.00019250085461, 0.000156379144755, 0.000142600430991, 8.82483436726e-05, 6.93125639373e-06],
        "dmean2": [0.00747326388955, 0.0155469467863, 0.00673643313348, 0.00507979327813, 0.00419964827597, 0.00291375163943, 0.00121093448251, 0.00139105285052, 0.00274971476756, 0.00165233912412, 0.000606877263635, 0.000735941401217, 0.00077487033559, 0.000685597129632, 0.000513281847816, 0.000380436424166, 0.000436285539763, 0.00033320885268, 0.000335408869432, 0.000301157531794, 0.000311999378027, 0.000291064701742, 0.000297601072816, 0.000241550456849, 0.000214135739952, 0.000135785056045, 1.15257989819e-05],
        "dvar": [0.000146864767885, 0.000342207204085, 0.000142648132169, 6.2023573264e-05, 3.05379180645e-05, 6.87212059347e-06, 1.81821860679e-06, 3.30301963913e-06, 6.71709130984e-06, 3.92023366658e-06, 5.2330130984e-07, 5.46599551399e-07, 4.77934634091e-07, 5.10433096679e-07, 1.74437971623e-07, 9.37395299161e-08, 1.18737212063e-07, 6.59970567085e-08, 7.78201396656e-08, 6.42343849222e-08, 8.84110420429e-08, 7.89433514115e-08, 1.03543399632e-07, 6.26367722134e-08, 5.42679039484e-08, 2.48737634934e-08, 1.61421542799e-10],
        "dvar2": [0.000201922899578, 0.000733259308618, 0.000357570097549, 0.000175129505806, 8.49481439218e-05, 1.63330932992e-05, 4.27879240306e-06, 8.12858525023e-06, 1.70045695995e-05, 9.93772027869e-06, 1.31554304517e-06, 1.50232176566e-06, 1.33436526539e-06, 1.47780508541e-06, 5.018914635e-07, 2.55040504271e-07, 3.15247149274e-07, 1.77109996002e-07, 2.13760102952e-07, 1.71313033093e-07, 2.18183856759e-07, 1.98608518076e-07, 2.50961733173e-07, 1.42649383861e-07, 1.26665199218e-07, 5.92023496893e-08, 4.34561053808e-10],
        "max": [0.153267160058, 0.214197561145, 0.117169797421, 0.0767731517553, 0.0571992695332, 0.050175987184, 0.0225981473923, 0.0323626771569, 0.0359436906874, 0.0364194214344, 0.0216095205396, 0.0174947138876, 0.0128567833453, 0.0106331752613, 0.00678014289588, 0.00541749969125, 0.00438606133685, 0.00361142749898, 0.00663611106575, 0.00426863925532, 0.00545781385154, 0.00424547633156, 0.00484692398459, 0.00356257916428, 0.0046514403075, 0.00380479474552, 0.000259176042164],
        "mean": [0.0187874231488, 0.0300869327039, 0.00602440023795, 0.00363905378617, 0.00359796383418, 0.00314295850694, 0.0011327334214, 0.00128000660334, 0.00267445039935, 0.00138516630977, 0.000550807570107, 0.000657778349705, 0.000651375332382, 0.000576638674829, 0.00052032788517, 0.000406742154155, 0.000469865073683, 0.000394794653403, 0.00041103202966, 0.000405410712119, 0.00046902243048, 0.000425797014032, 0.00040854132385, 0.000346401677234, 0.000313028751407, 0.000200227659661, 1.21192952065e-05],
        "median": [0.00538267940283, 0.02209915407, 0.00273076468147, 0.00149374338798, 0.00182224367745, 0.00181986787356, 0.000506362994201, 0.00044344185153, 0.00121540622786, 0.00053510197904, 0.000224998104386, 0.000366947613657, 0.00035073858453, 0.000316483638017, 0.000350267451722, 0.000292091805022, 0.000332926021656, 0.000289067567792, 0.000307855952997, 0.000313849013764, 0.000338770478265, 0.000293041637633, 0.000244214577833, 0.000200696464162, 0.000144674078911, 0.000109284170321, 5.16869567946e-06],
        "min": [1.81859220481e-24, 1.02141165694e-23, 9.11173473031e-24, 4.86336219057e-24, 4.02161384145e-23, 3.11331150657e-23, 3.12475914048e-23, 2.29323537533e-23, 1.0453423047e-23, 4.76445417918e-23, 2.47096920826e-23, 5.8977607857e-23, 5.11371729626e-23, 6.74769340894e-23, 1.2345575979e-22, 1.02488001013e-22, 4.87146978741e-23, 2.14306472108e-22, 1.98730520819e-22, 2.08385484101e-22, 2.33434746094e-22, 5.06938123079e-22, 4.92983186288e-22, 8.74039303733e-22, 1.05031904514e-21, 1.48337303644e-21, 1.86771949903e-21],
        "var": [0.000971978530288, 0.000831923156511, 0.000126633414766, 4.5582826715e-05, 2.64342397713e-05, 1.36832368298e-05, 3.51411495103e-06, 6.10806955592e-06, 1.38647828862e-05, 5.95853043706e-06, 1.05227013592e-06, 8.96892572655e-07, 7.24272354091e-07, 6.55750795886e-07, 3.11399247721e-07, 1.72749537342e-07, 2.21486246232e-07, 1.57226196507e-07, 1.75811152303e-07, 1.66220942788e-07, 2.58683456877e-07, 2.16485929627e-07, 2.62250949845e-07, 1.76196365942e-07, 1.99966521564e-07, 9.15241855637e-08, 3.79018566532e-10]
    },
    "erbbands": {
        "dmean": [0.437147825956, 2.27204346657, 4.51524877548, 7.19966459274, 8.89075088501, 7.6450419426, 11.4901132584, 15.8997182846, 13.6348819733, 7.63388967514, 26.0539169312, 39.5500106812, 32.8171386719, 25.9454994202, 13.9306287766, 19.3322486877, 20.4573459625, 21.9606895447, 15.1822595596, 12.8926143646, 13.0166730881, 11.9915027618, 10.9668149948, 9.66767883301, 10.0714836121, 8.72183895111, 8.5565738678, 7.22903203964, 6.55598688126, 6.60782814026, 5.33201026917, 3.60487675667, 2.59158635139, 1.78018307686, 0.971100866795, 0.484505623579, 0.143908023834, 0.0271544344723, 0.000544710841496, 2.85972055281e-05],
        "dmean2": [0.634491980076, 3.0634932518, 6.72404766083, 12.1356172562, 14.7470626831, 13.3592367172, 18.561378479, 24.8678302765, 21.6029663086, 12.2309980392, 40.6927146912, 61.8283081055, 53.4792976379, 42.6232299805, 22.9033699036, 32.3782958984, 34.6481399536, 37.8857116699, 26.0048484802, 21.5340671539, 21.6724472046, 20.0655536652, 18.3644523621, 16.0504188538, 16.7708930969, 14.1779661179, 13.6454057693, 11.5782108307, 10.3245677948, 10.3837833405, 8.31983280182, 5.52924776077, 4.06199216843, 2.70489573479, 1.50051498413, 0.768832027912, 0.220661446452, 0.0422811508179, 0.000849787320476, 4.5431072067e-05],
        "dvar": [0.58259665966, 16.1378650665, 124.278617859, 404.299346924, 422.013305664, 313.441131592, 413.708862305, 591.898132324, 565.620300293, 157.857131958, 2423.89160156, 4062.96704102, 4172.36376953, 3073.97021484, 544.950134277, 1158.19433594, 1103.53259277, 1710.29016113, 532.402709961, 367.069793701, 346.592895508, 257.255584717, 195.572113037, 180.01550293, 207.168731689, 136.796478271, 159.544555664, 126.524856567, 94.436340332, 120.232887268, 75.7248535156, 33.4213790894, 18.370092392, 8.40460300446, 2.70785450935, 0.767813742161, 0.0695853680372, 0.00231515057385, 8.93644653388e-07, 1.12888765003e-09],
        "dvar2": [1.43434858322, 29.0133228302, 287.329223633, 1081.53771973, 1135.8248291, 876.645568848, 1019.70080566, 1401.19897461, 1342.51782227, 374.571868896, 5970.25830078, 10197.3632812, 10895.3212891, 7691.88037109, 1402.76831055, 3171.65991211, 3083.87036133, 4944.84472656, 1528.70837402, 1011.86499023, 928.114318848, 688.108825684, 521.288452148, 487.262695312, 560.877929688, 357.053100586, 385.677459717, 319.30279541, 236.559158325, 299.613433838, 188.87159729, 74.8907241821, 42.9949111938, 20.3391094208, 6.49097824097, 1.90917909145, 0.159266963601, 0.0054240450263, 2.10652706301e-06, 2.9306497229e-09],
        "max": [8.60411739349, 47.761264801, 127.44380188, 201.435150146, 261.200134277, 218.335952759, 284.50982666, 555.031921387, 397.914733887, 271.926605225, 879.009521484, 991.34161377, 1375.96130371, 1318.7322998, 580.856567383, 806.845275879, 658.555175781, 536.262939453, 384.424560547, 392.909698486, 379.443237305, 207.549591064, 163.492294312, 193.168334961, 426.839355469, 212.919403076, 229.779968262, 210.111480713, 152.720779419, 161.847900391, 118.654541016, 78.0132293701, 58.7735176086, 45.8270874023, 36.5293464661, 14.4556188583, 7.81579875946, 1.35255241394, 0.0259103868157, 0.00077652867185],
        "mean": [1.13959395885, 5.64393520355, 8.59153747559, 9.2661190033, 13.9024744034, 9.72933387756, 17.6685028076, 25.8404941559, 21.0256938934, 12.168211937, 40.7533493042, 62.59349823, 47.5112037659, 39.1493110657, 23.5058708191, 30.1854915619, 31.2055721283, 32.4660949707, 26.6900653839, 24.5378913879, 24.5828170776, 23.5609664917, 22.2721252441, 20.8463573456, 21.4048976898, 19.8018569946, 19.3920726776, 17.2204532623, 15.0485906601, 14.1918373108, 11.1269378662, 7.83876609802, 5.50651311874, 3.81988024712, 2.01299023628, 0.925662696362, 0.339063644409, 0.071937635541, 0.0014618402347, 0.000136400209158],
        "median": [0.952881336212, 3.92769432068, 5.17826604843, 4.39864349365, 7.50889968872, 4.19530105591, 7.74901437759, 13.0045776367, 9.93279647827, 7.45556163788, 17.3405761719, 29.4965553284, 21.4040489197, 17.1351699829, 14.1139373779, 17.9293842316, 17.2907886505, 17.4508743286, 17.2415428162, 16.6926841736, 17.4304046631, 17.4981155396, 17.1187820435, 15.719373703, 16.2819976807, 15.3619098663, 14.1287069321, 12.3992519379, 10.4606952667, 8.80444335938, 6.78237915039, 4.61324501038, 3.04301404953, 1.77134346962, 0.93099462986, 0.430134534836, 0.181688189507, 0.0405630841851, 0.000857600243762, 0.000131168097141],
        "min": [9.54936509936e-23, 1.52313596795e-21, 1.24721767695e-20, 1.50100500915e-20, 1.91877225441e-20, 7.54613737624e-20, 1.3803766465e-19, 2.74076395651e-19, 3.80884205242e-19, 3.48412765007e-19, 3.97589143562e-19, 2.91857909539e-19, 7.64370513895e-19, 1.36414201206e-18, 8.9832848499e-19, 2.35690205616e-18, 3.43005826555e-18, 3.36795209759e-18, 4.70975175451e-18, 7.80717877546e-18, 4.99613243592e-18, 3.74356592156e-18, 1.07517506774e-17, 1.28986731419e-17, 1.02510731419e-17, 9.94824231964e-18, 1.09999975054e-17, 8.17681270398e-18, 1.55668988905e-17, 1.70985644153e-17, 1.3576090223e-17, 1.51819836273e-17, 1.43131941756e-17, 8.26601586124e-18, 7.20214247949e-18, 4.78891335272e-18, 2.86170784333e-18, 1.01919291077e-18, 2.33029031169e-19, 3.02690556981e-20],
        "var": [1.1682113409, 39.2321548462, 143.210479736, 315.813323975, 397.361846924, 270.825714111, 726.346801758, 1170.39440918, 1011.0567627, 263.040435791, 4572.52148438, 8755.06347656, 5613.37597656, 5411.93554688, 1083.71826172, 1859.36999512, 1677.81408691, 2118.36083984, 940.648254395, 694.593994141, 653.385192871, 513.113342285, 437.013977051, 433.502075195, 480.272674561, 380.239624023, 426.180633545, 350.991027832, 266.88961792, 308.840545654, 182.796615601, 88.8478546143, 48.4326972961, 29.2430610657, 8.40628051758, 1.9433054924, 0.299368083477, 0.0117587512359, 4.43054295829e-06, 6.48509779211e-09]
    },
    "gfcc": {
        "mean": [52.4864387512, 82.166053772, -96.287979126, 38.19323349, -48.9639663696, 23.2193641663, -25.354341507, 15.9532966614, -18.7869930267, 8.19483947754, -17.1287918091, 4.30913066864, -10.8388586044],
        "cov": [[8496.71582031, -2871.65795898, 347.962554932, 778.618652344, -463.788482666, 621.306884766, -587.024597168, 397.136077881, -413.978912354, 347.735351562, -288.81427002, 281.380065918, -248.357635498], [-2871.65795898, 2351.20874023, -431.110198975, -334.673034668, 408.246948242, -314.761657715, 461.475921631, -210.959350586, 337.864379883, -193.239547729, 276.020446777, -134.728256226, 219.666564941], [347.962554932, -431.110198975, 597.869750977, 50.2593765259, 54.2607192993, 138.938674927, -4.14477920532, 113.256645203, -29.601316452, 105.512229919, -63.3513908386, 61.8699569702, -65.8542404175], [778.618652344, -334.673034668, 50.2593765259, 390.16192627, 16.6006278992, 128.339889526, -4.35095691681, 57.3822746277, 16.2076148987, 63.6825370789, 22.3227844238, 38.5222740173, 7.6672000885], [-463.788482666, 408.246948242, 54.2607192993, 16.6006278992, 298.726989746, 14.1306858063, 152.094665527, 18.125213623, 91.0215911865, 18.9574584961, 64.7858734131, 19.0689144135, 38.4061012268], [621.306884766, -314.761657715, 138.938674927, 128.339889526, 14.1306858063, 213.83114624, 6.81655883789, 88.5887985229, -6.83375167847, 58.8248252869, -5.16727256775, 35.3728599548, -8.58972454071], [-587.024597168, 461.475921631, -4.14477920532, -4.35095691681, 152.094665527, 6.81655883789, 222.920639038, 27.4706573486, 112.092559814, -4.69317436218, 64.0945739746, -8.53830242157, 51.1216392517], [397.136077881, -210.959350586, 113.256645203, 57.3822746277, 18.125213623, 88.5887985229, 27.4706573486, 139.824554443, 21.9829082489, 61.456237793, -16.672668457, 33.4588661194, -12.7622623444], [-413.978912354, 337.864379883, -29.601316452, 16.2076148987, 91.0215911865, -6.83375167847, 112.092559814, 21.9829082489, 136.307830811, 17.1429519653, 69.7660293579, -5.13745594025, 46.0520973206], [347.735351562, -193.239547729, 105.512229919, 63.6825370789, 18.9574584961, 58.8248252869, -4.69317436218, 61.456237793, 17.1429519653, 99.2677459717, 14.8052711487, 45.3499603271, -10.1350469589], [-288.81427002, 276.020446777, -63.3513908386, 22.3227844238, 64.7858734131, -5.16727256775, 64.0945739746, -16.672668457, 69.7660293579, 14.8052711487, 111.832702637, 22.2690429688, 54.6077804565], [281.380065918, -134.728256226, 61.8699569702, 38.5222740173, 19.0689144135, 35.3728599548, -8.53830242157, 33.4588661194, -5.13745594025, 45.3499603271, 22.2690429688, 74.4431838989, 11.0710268021], [-248.357635498, 219.666564941, -65.8542404175, 7.6672000885, 38.4061012268, -8.58972454071, 51.1216392517, -12.7622623444, 46.0520973206, -10.1350469589, 54.6077804565, 11.0710268021, 72.1189727783]],
        "icov": [[0.000317149533657, -0.000238420252572, 0.000279427913483, -0.000487666693516, 0.000279846775811, -0.00060253078118, 0.000528189702891, -0.000471572275274, 0.000551134347916, -0.000618212565314, 0.000750260252971, -0.00102150812745, 0.000596638536081], [-0.000238420252572, 0.00398339610547, -0.000140972158988, 0.00225648912601, -0.00244868197478, 0.00253481976688, -0.00342745450325, 0.00224559288472, -0.00337353441864, 0.00356586906128, -0.00482027232647, 0.00460663810372, -0.00329179153778], [0.000279427913483, -0.000140972158988, 0.00307488278486, -5.77457904001e-05, -0.000420531869167, -0.00159900984727, -9.75937364274e-05, -0.00034051964758, 0.000422610057285, -0.00237473961897, 0.00248895375989, -0.00241312920116, 0.00213023577817], [-0.000487666693516, 0.00225648912601, -5.77457904001e-05, 0.00511217489839, -0.00165651529096, -2.82362889266e-05, -0.00180801481474, 0.00180097634438, -0.00282231858, 0.00129437935539, -0.00338760693558, 0.00316834379919, -0.00260671623982], [0.000279846775811, -0.00244868197478, -0.000420531869167, -0.00165651529096, 0.00726137775928, -0.00171556929126, -0.00119444797747, -0.000500987749547, 0.00109857448842, -0.00241886777803, 0.00243174587376, -0.00482783420011, 0.00275937700644], [-0.00060253078118, 0.00253481976688, -0.00159900984727, -2.82362889266e-05, -0.00171556929126, 0.0106412088498, -0.00319476076402, -0.00211318465881, 6.05603563599e-05, 0.00199373392388, -0.0051636043936, 0.00507574668154, -0.00380899291486], [0.000528189702891, -0.00342745450325, -9.75937364274e-05, -0.00180801481474, -0.00119444797747, -0.00319476076402, 0.0142353037372, -0.00502314791083, -0.00187688786536, -0.000260810164036, 0.00303374393843, -0.00247782887891, 0.000882751133759], [-0.000471572275274, 0.00224559288472, -0.00034051964758, 0.00180097634438, -0.000500987749547, -0.00211318465881, -0.00502314791083, 0.0168978404254, -0.00695308716968, -0.00287835369818, 0.00379381375387, -0.00155362847727, -0.000998867675662], [0.000551134347916, -0.00337353441864, 0.000422610057285, -0.00282231858, 0.00109857448842, 6.05603563599e-05, -0.00187688786536, -0.00695308716968, 0.0231492388994, -0.00843705795705, -0.00324783031829, 0.00347611028701, -0.00166067923419], [-0.000618212565314, 0.00356586906128, -0.00237473961897, 0.00129437935539, -0.00241886777803, 0.00199373392388, -0.000260810164036, -0.00287835369818, -0.00843705795705, 0.0266677234322, -0.00987485889345, -0.00329335290007, 0.00302278902382], [0.000750260252971, -0.00482027232647, 0.00248895375989, -0.00338760693558, 0.00243174587376, -0.0051636043936, 0.00303374393843, 0.00379381375387, -0.00324783031829, -0.00987485889345, 0.0297035817057, -0.0140285091475, -0.00314206373878], [-0.00102150812745, 0.00460663810372, -0.00241312920116, 0.00316834379919, -0.00482783420011, 0.00507574668154, -0.00247782887891, -0.00155362847727, 0.00347611028701, -0.00329335290007, -0.0140285091475, 0.0335594005883, -0.0126444138587], [0.000596638536081, -0.00329179153778, 0.00213023577817, -0.00260671623982, 0.00275937700644, -0.00380899291486, 0.000882751133759, -0.000998867675662, -0.00166067923419, 0.00302278902382, -0.00314206373878, -0.0126444138587, 0.0312491785735]]
    },
    "melbands": {
        "dmean": [0.00349430227652, 0.00219113775529, 0.00121986144222, 0.000578924489673, 0.000373309332645, 0.000352129834937, 0.000198426103452, 9.0389570687e-05, 0.000236348147155, 0.000244302849751, 0.000165318706422, 0.000109954584332, 5.34434475412e-05, 5.13736231369e-05, 4.70526756544e-05, 4.26277583756e-05, 4.19791067543e-05, 2.50539014814e-05, 1.92831648747e-05, 1.59247265401e-05, 1.74386441358e-05, 1.27029588839e-05, 1.40857173392e-05, 1.06098605102e-05, 8.22079891805e-06, 8.37252900965e-06, 7.21423702998e-06, 5.93747427047e-06, 5.92475362282e-06, 5.32287958777e-06, 4.3790601012e-06, 4.0780364543e-06, 3.85988732887e-06, 3.95208280679e-06, 3.32905051437e-06, 2.75591355603e-06, 2.17439264816e-06, 1.96026985577e-06, 1.64703999417e-06, 1.57739896167e-06],
        "dmean2": [0.00492528593168, 0.00311194802634, 0.00197194330394, 0.000977507559583, 0.00061232491862, 0.000549359188881, 0.000313924130751, 0.000145445737871, 0.000368283537682, 0.000384473300073, 0.000269828247838, 0.000180938106496, 8.73558237799e-05, 8.64018147695e-05, 7.9636949522e-05, 7.27119040675e-05, 7.26444486645e-05, 4.31438311352e-05, 3.24486973113e-05, 2.65938160737e-05, 2.90794305329e-05, 2.13455423363e-05, 2.39187320403e-05, 1.78501231858e-05, 1.37589586302e-05, 1.41377922773e-05, 1.19577307487e-05, 9.76047340373e-06, 9.59603130468e-06, 8.59877764015e-06, 7.11624397809e-06, 6.54712675896e-06, 6.19251477474e-06, 6.27740837444e-06, 5.28187683813e-06, 4.33042805525e-06, 3.36082962349e-06, 3.09461916004e-06, 2.6022480597e-06, 2.45014598477e-06],
        "dvar": [3.14073440677e-05, 1.8644017473e-05, 9.09573009267e-06, 1.85373380646e-06, 4.1954461949e-07, 2.78839564771e-07, 1.1730489291e-07, 1.88399660317e-08, 1.55501311383e-07, 1.39855202974e-07, 1.04653246069e-07, 6.07310255418e-08, 1.10108659968e-08, 7.30152471817e-09, 4.83473883151e-09, 3.85847132023e-09, 6.78545619692e-09, 1.41202283199e-09, 6.39408137548e-10, 4.93299845417e-10, 5.93096571855e-10, 3.11644265949e-10, 4.03766020618e-10, 2.12066142424e-10, 1.3854531411e-10, 1.55761986642e-10, 1.17030746205e-10, 6.72006200686e-11, 8.38040886686e-11, 7.8903751588e-11, 4.13511030972e-11, 3.79145013996e-11, 3.63364685563e-11, 5.06043124071e-11, 2.9871306817e-11, 2.12010686784e-11, 1.21055648145e-11, 1.0368149915e-11, 7.16535641584e-12, 6.85451348459e-12],
        "dvar2": [7.28041268303e-05, 3.61373276974e-05, 2.27496802836e-05, 5.06092646901e-06, 1.06888626306e-06, 6.6036403723e-07, 2.74550984614e-07, 4.65282212758e-08, 3.82982477731e-07, 3.54502333266e-07, 2.73148401675e-07, 1.51710182195e-07, 2.76908007635e-08, 2.01245100584e-08, 1.35609550256e-08, 1.09118403202e-08, 1.97253804401e-08, 4.04095112927e-09, 1.78597081568e-09, 1.35920130706e-09, 1.58459201316e-09, 8.38775549017e-10, 1.08125841614e-09, 5.74276626253e-10, 3.77462477941e-10, 4.25828650119e-10, 3.24887089453e-10, 1.76910125438e-10, 2.05810937737e-10, 2.09320907829e-10, 1.06353897911e-10, 9.64240146062e-11, 9.18027459607e-11, 1.2700014651e-10, 7.79960124264e-11, 5.03677134722e-11, 2.73992009636e-11, 2.46263773263e-11, 1.72898084738e-11, 1.71986608982e-11],
        "max": [0.063205525279, 0.0546015538275, 0.0311093106866, 0.0151753053069, 0.00999577529728, 0.0117470026016, 0.00586952781305, 0.00249494286254, 0.00641859928146, 0.00539673632011, 0.00678919116035, 0.00590825174004, 0.00292795943096, 0.00218231836334, 0.00119071919471, 0.000858113227878, 0.00121957494412, 0.000572177115828, 0.000397204217734, 0.000381775025744, 0.00045982762822, 0.000230335019296, 0.000293467543088, 0.00023465702543, 0.00018522652681, 0.000399569486035, 0.000230346631724, 0.000165075718542, 0.000162139869644, 0.000160800846061, 9.6763309557e-05, 8.5177969595e-05, 9.69239335973e-05, 0.000120049502584, 8.34353049868e-05, 5.7769833802e-05, 5.56805207452e-05, 4.39283430751e-05, 3.985366493e-05, 4.00397839257e-05],
        "mean": [0.00971013773233, 0.00563442474231, 0.00181786844041, 0.00085879029939, 0.000555228965823, 0.000582007749472, 0.000307512935251, 0.000139062161907, 0.00037605012767, 0.000378679280402, 0.000230469042435, 0.000160463154316, 8.26957329991e-05, 7.66301964177e-05, 7.05617640051e-05, 6.28114576102e-05, 5.9170073655e-05, 4.13808229496e-05, 3.48397115886e-05, 2.80001968349e-05, 3.03278466163e-05, 2.34065973927e-05, 2.4233446311e-05, 1.97010613192e-05, 1.61853004101e-05, 1.6008347302e-05, 1.45514668475e-05, 1.24757134472e-05, 1.19906653708e-05, 1.12482002805e-05, 9.59096541919e-06, 8.56710812513e-06, 7.98394376034e-06, 7.86903729022e-06, 6.51525260764e-06, 5.50508457309e-06, 4.4972480282e-06, 3.94039852836e-06, 3.40358974427e-06, 3.16975479109e-06],
        "median": [0.00750193931162, 0.00410248059779, 0.00100367399864, 0.000414120091591, 0.000267053663265, 0.000313076685416, 0.000144307268783, 8.32779987832e-05, 0.000162948403158, 0.000173084263224, 8.97851132322e-05, 6.17619298282e-05, 3.74766641471e-05, 4.35744805145e-05, 4.21922304668e-05, 3.77199030481e-05, 2.88115261355e-05, 2.47849493462e-05, 2.47814477916e-05, 1.91287035705e-05, 2.01785296667e-05, 1.63595177582e-05, 1.61773295986e-05, 1.33311441459e-05, 1.17061244964e-05, 1.15350849228e-05, 1.06006082206e-05, 9.54413735599e-06, 8.3026206994e-06, 7.74127056502e-06, 6.92992034601e-06, 5.77662194701e-06, 5.31731438969e-06, 4.52691620012e-06, 3.9548276618e-06, 3.23036147165e-06, 2.58299132838e-06, 2.16449006984e-06, 1.70591545157e-06, 1.38385871651e-06],
        "min": [2.0521889072e-24, 5.77729620345e-24, 3.17153559449e-24, 4.29641811318e-24, 3.60918103078e-24, 5.97767988958e-24, 6.30623375129e-24, 2.81892679998e-24, 2.4183844503e-24, 1.54890274942e-24, 3.63673475891e-24, 5.36768412272e-24, 2.76764827735e-24, 5.285223309e-24, 4.01100271564e-24, 6.85812478489e-24, 6.06457410158e-24, 5.45685498729e-24, 1.01348818024e-23, 7.70942797506e-24, 5.57374879066e-24, 2.71129165985e-24, 8.76094879614e-24, 1.18497920462e-23, 9.63528830247e-24, 8.35606909198e-24, 5.96223241534e-24, 6.45990148904e-24, 6.24427188263e-24, 5.94287889632e-24, 4.10855838278e-24, 7.68472400695e-24, 8.88526617506e-24, 8.74555733102e-24, 7.32354561922e-24, 6.96066329193e-24, 9.95101568029e-24, 1.01192710339e-23, 7.70370084489e-24, 6.49962379106e-24],
        "var": [7.09307205398e-05, 3.63514773198e-05, 8.46450257086e-06, 1.68860026406e-06, 6.35881008293e-07, 5.50882816697e-07, 2.1988458343e-07, 3.09025836032e-08, 3.12653554602e-07, 2.86850109887e-07, 1.42853096463e-07, 1.06412862522e-07, 2.21102798292e-08, 1.16157030661e-08, 7.61761231871e-09, 5.40392131043e-09, 8.33870128503e-09, 2.47692066857e-09, 1.21871335246e-09, 8.85192807942e-10, 1.11960785087e-09, 5.7668259057e-10, 7.22715554069e-10, 4.67682892413e-10, 2.94878788054e-10, 3.06924818894e-10, 2.42784764515e-10, 1.64802171909e-10, 1.82188847342e-10, 1.77358988607e-10, 1.07660540205e-10, 9.33077226595e-11, 8.70940125575e-11, 1.14797331363e-10, 6.44816006146e-11, 4.820613006e-11, 3.08408194816e-11, 2.54584513193e-11, 2.05331793235e-11, 2.19903192877e-11]
    },
    "mfcc": {
        "mean": [-595.012512207, 112.840164185, 14.0039730072, 26.8480243683, 6.64587831497, 13.4718055725, 6.07545423508, 10.2780532837, 6.86436891556, 8.41442775726, 4.08175420761, 2.59100031853, -0.427152574062],
        "cov": [[5829.28173828, -2044.97155762, 234.335601807, 52.9271583557, 184.371902466, 63.5686340332, 14.1795864105, -58.3422622681, -49.8147888184, -75.9489898682, -5.93168067932, -5.18803501129, -39.2330245972], [-2044.97155762, 1980.40209961, -416.28213501, 63.0712356567, -43.2871627808, 48.6829681396, 55.0309867859, 107.237312317, 59.1280517578, 86.5393981934, 40.6625900269, 50.6307144165, 74.8422088623], [234.335601807, -416.28213501, 482.085479736, -50.1925544739, 54.0702819824, 9.91085243225, 33.7418861389, -1.70922839642, 33.0893173218, 9.32018184662, 25.3906040192, 10.0647802353, -0.570958912373], [52.9271583557, 63.0712356567, -50.1925544739, 260.718292236, 51.4981193542, 79.1877365112, 27.3383750916, 40.247013092, 26.2070636749, 43.6137313843, 31.3171024323, 31.8317260742, 23.4144229889], [184.371902466, -43.2871627808, 54.0702819824, 51.4981193542, 152.495834351, 64.3353424072, 46.1797332764, 24.0095939636, 22.1482219696, 17.2623558044, 24.5139789581, 18.8115081787, 18.1795654297], [63.5686340332, 48.6829681396, 9.91085243225, 79.1877365112, 64.3353424072, 131.189880371, 59.3972854614, 41.5776062012, 28.3140029907, 31.6478099823, 26.3052368164, 25.8304786682, 22.0017776489], [14.1795864105, 55.0309867859, 33.7418861389, 27.3383750916, 46.1797332764, 59.3972854614, 100.595245361, 51.89320755, 39.7280082703, 26.1159496307, 21.3613853455, 17.4645881653, 19.5846652985], [-58.3422622681, 107.237312317, -1.70922839642, 40.247013092, 24.0095939636, 41.5776062012, 51.89320755, 90.4161148071, 53.5353889465, 42.2028694153, 23.1497955322, 20.0220527649, 20.6076107025], [-49.8147888184, 59.1280517578, 33.0893173218, 26.2070636749, 22.1482219696, 28.3140029907, 39.7280082703, 53.5353889465, 85.9751434326, 53.4981842041, 29.7621212006, 16.42628479, 13.9831571579], [-75.9489898682, 86.5393981934, 9.32018184662, 43.6137313843, 17.2623558044, 31.6478099823, 26.1159496307, 42.2028694153, 53.4981842041, 80.6011886597, 42.2077636719, 24.1247653961, 16.4150466919], [-5.93168067932, 40.6625900269, 25.3906040192, 31.3171024323, 24.5139789581, 26.3052368164, 21.3613853455, 23.1497955322, 29.7621212006, 42.2077636719, 60.3952980042, 35.3862266541, 15.0593891144], [-5.18803501129, 50.6307144165, 10.0647802353, 31.8317260742, 18.8115081787, 25.8304786682, 17.4645881653, 20.0220527649, 16.42628479, 24.1247653961, 35.3862266541, 62.1659431458, 37.5294914246], [-39.2330245972, 74.8422088623, -0.570958912373, 23.4144229889, 18.1795654297, 22.0017776489, 19.5846652985, 20.6076107025, 13.9831571579, 16.4150466919, 15.0593891144, 37.5294914246, 64.1295089722]],
