{
"lowlevel": {
    "average_loudness": 0.891432702541,
    "barkbands_crest": {
        "dmean": 2.56353807449,
        "dmean2": 3.98498988152,
        "dvar": 7.23548269272,
        "dvar2": 17.3482532501,
        "max": 26.3187408447,
        "mean": 12.3833360672,
        "median": 11.6744327545,
        "min": 1.88719975948,
        "var": 23.9833679199
    },
    "barkbands_flatness_db": {
        "dmean": 0.0240170862526,
        "dmean2": 0.036630474031,
        "dvar": 0.000797826156486,
        "dvar2": 0.00175841315649,
        "max": 0.443996399641,
        "mean": 0.149091571569,
        "median": 0.135263502598,
        "min": 0.0146944718435,
        "var": 0.00478450395167
    },
    "barkbands_kurtosis": {
        "dmean": 3.70472073555,
        "dmean2": 5.44961738586,
        "dvar": 54.2241363525,
        "dvar2": 110.034828186,
        "max": 204.611984253,
        "mean": 6.392578125,
        "median": 1.47953224182,
        "min": -1.70288491249,
        "var": 184.116653442
    },
    "barkbands_skewness": {
        "dmean": 0.617296695709,
        "dmean2": 0.938632190228,
        "dvar": 0.660229980946,
        "dvar2": 1.40534639359,
        "max": 13.385386467,
        "mean": 1.75602674484,
        "median": 1.37203860283,
        "min": -2.40774059296,
        "var": 3.18616676331
    },
    "barkbands_spread": {
        "dmean": 6.93689107895,
        "dmean2": 11.0000305176,
        "dvar": 96.6651687622,
        "dvar2": 243.711364746,
        "max": 115.901306152,
        "mean": 23.4748363495,
        "median": 20.1807403564,
        "min": 0.692582070827,
        "var": 228.350402832
    },
    "dissonance": {
        "dmean": 0.0208475962281,
        "dmean2": 0.0351455956697,
        "dvar": 0.00049430411309,
        "dvar2": 0.00133665953763,
        "max": 0.5,
        "mean": 0.463548153639,
        "median": 0.473660498857,
        "min": 0.172375649214,
        "var": 0.00116576300934
    },
    "dynamic_complexity": 2.78713655472,
    "erbbands_crest": {
        "dmean": 2.71806621552,
        "dmean2": 4.2782831192,
        "dvar": 6.58192777634,
        "dvar2": 15.1965875626,
        "max": 31.4931049347,
        "mean": 9.97966575623,
        "median": 8.52382183075,
        "min": 2.17636799812,
        "var": 30.2919273376
    },
    "erbbands_flatness_db": {
        "dmean": 0.013699201867,
        "dmean2": 0.0207595583051,
        "dvar": 0.000218625573325,
        "dvar2": 0.000473299674923,
        "max": 0.514049828053,
        "mean": 0.15680386126,
        "median": 0.119685053825,
        "min": 0.0456449836493,
        "var": 0.00767807802185
    },
    "erbbands_kurtosis": {
        "dmean": 0.899570524693,
        "dmean2": 1.38609004021,
        "dvar": 2.85293984413,
        "dvar2": 6.66542053223,
        "max": 50.8499755859,
        "mean": 0.639756083488,
        "median": -0.325906395912,
        "min": -1.80179560184,
        "var": 10.6140022278
    },
    "erbbands_skewness": {
        "dmean": 0.323788493872,
        "dmean2": 0.493360310793,
        "dvar": 0.101558938622,
        "dvar2": 0.227700009942,
        "max": 5.68294429779,
        "mean": 0.445925354958,
        "median": 0.312007546425,
        "min": -2.54897260666,
        "var": 0.54064565897
    },
    "erbbands_spread": {
        "dmean": 7.91728830338,
        "dmean2": 12.0819597244,
        "dvar": 98.7410736084,
        "dvar2": 205.436065674,
        "max": 151.199203491,
        "mean": 42.8697509766,
        "median": 41.8598518372,
        "min": 1.94307470322,
        "var": 769.860168457
    },
    "hfc": {
        "dmean": 12.4379482269,
        "dmean2": 18.7197608948,
        "dvar": 395.964874268,
        "dvar2": 986.790222168,
        "max": 192.367477417,
        "mean": 31.6511726379,
        "median": 22.5881881714,
        "min": 1.17519931906e-16,
        "var": 835.552978516
    },
    "melbands_crest": {
        "dmean": 3.16009879112,
        "dmean2": 4.97790193558,
        "dvar": 11.4832305908,
        "dvar2": 28.0035495758,
        "max": 38.110748291,
        "mean": 17.548664093,
        "median": 16.6425971985,
        "min": 2.41105484962,
        "var": 36.1830062866
    },
    "melbands_flatness_db": {
        "dmean": 0.0303557869047,
        "dmean2": 0.0464024432003,
        "dvar": 0.00149767345283,
        "dvar2": 0.0034245129209,
        "max": 0.507957041264,
        "mean": 0.218756780028,
        "median": 0.212787270546,
        "min": 0.0069689406082,
        "var": 0.00601181294769
    },
    "melbands_kurtosis": {
        "dmean": 13.0323934555,
        "dmean2": 19.3606796265,
        "dvar": 944.902404785,
        "dvar2": 1839.84423828,
        "max": 568.347595215,
        "mean": 27.9858703613,
        "median": 8.67941761017,
        "min": -1.72315454483,
        "var": 3363.90307617
    },
    "melbands_skewness": {
        "dmean": 0.917468607426,
        "dmean2": 1.41200852394,
        "dvar": 1.88386654854,
        "dvar2": 3.78981757164,
        "max": 19.6669921875,
        "mean": 3.33723020554,
        "median": 2.52088737488,
        "min": -2.05642771721,
        "var": 10.1189422607
    },
    "melbands_spread": {
        "dmean": 7.67770242691,
        "dmean2": 12.584066391,
        "dvar": 137.262237549,
        "dvar2": 356.378265381,
        "max": 139.226593018,
        "mean": 21.6179847717,
        "median": 18.6025772095,
        "min": 0.68948662281,
        "var": 247.44418335
    },
    "pitch_salience": {
        "dmean": 0.0731079652905,
        "dmean2": 0.1171098575,
        "dvar": 0.00732743972912,
        "dvar2": 0.0175633635372,
        "max": 0.972770750523,
        "mean": 0.454807043076,
        "median": 0.466340601444,
        "min": 0.0460889339447,
        "var": 0.0186334848404
    },
    "silence_rate_20dB": {
        "dmean": 0,
        "dmean2": 0,
        "dvar": 0,
        "dvar2": 0,
        "max": 1,
        "mean": 1,
        "median": 1,
        "min": 1,
        "var": 0
    },
    "silence_rate_30dB": {
        "dmean": 0.0354147255421,
        "dmean2": 0.0708388835192,
        "dvar": 0.0341588966548,
        "dvar2": 0.0762024223804,
        "max": 1,
        "mean": 0.952875375748,
        "median": 1,
        "min": 0,
        "var": 0.0449072979391
    },
    "silence_rate_60dB": {
        "dmean": 0.00958594027907,
        "dmean2": 0.0191744342446,
        "dvar": 0.00949371978641,
        "dvar2": 0.023066394031,
        "max": 1,
        "mean": 0.0507188513875,
        "median": 0,
        "min": 0,
        "var": 0.048152346164
    },
    "spectral_centroid": {
        "dmean": 303.538696289,
        "dmean2": 474.268371582,
        "dvar": 154581.453125,
        "dvar2": 378331.46875,
        "max": 11194.2744141,
        "mean": 1456.42016602,
        "median": 1314.8449707,
        "min": 305.0546875,
        "var": 421717.875
    },
    "spectral_complexity": {
        "dmean": 5.67221403122,
        "dmean2": 8.72649765015,
        "dvar": 45.6711959839,
        "dvar2": 94.4642562866,
        "max": 60,
        "mean": 21.2911338806,
        "median": 20,
        "min": 0,
        "var": 135.464508057
    },
    "spectral_decrease": {
        "dmean": 2.78774914264e-09,
        "dmean2": 4.39274128183e-09,
        "dvar": 1.51983336793e-17,
        "dvar2": 3.81978639638e-17,
        "max": 3.17577421886e-29,
        "mean": -1.11545892523e-08,
        "median": -1.03078079405e-08,
        "min": -5.07321438192e-08,
        "var": 7.58876272733e-17
    },
    "spectral_energy": {
        "dmean": 0.0107335271314,
        "dmean2": 0.0167402513325,
        "dvar": 0.000212249302422,
        "dvar2": 0.000528107164428,
        "max": 0.196108654141,
        "mean": 0.0449708886445,
        "median": 0.0435118228197,
        "min": 1.06540281285e-20,
        "var": 0.0011624294566
    },
    "spectral_energyband_high": {
        "dmean": 0.00103218830191,
        "dmean2": 0.00163155398332,
        "dvar": 3.91358207708e-06,
        "dvar2": 9.79047763394e-06,
        "max": 0.0208689086139,
        "mean": 0.00206143083051,
        "median": 0.000957356765866,
        "min": 7.42944545627e-21,
        "var": 7.50007166062e-06
    },
    "spectral_energyband_low": {
        "dmean": 0.00930689647794,
        "dmean2": 0.0151361692697,
        "dvar": 0.000298338796711,
        "dvar2": 0.00074282818241,
        "max": 0.188865765929,
        "mean": 0.0294613149017,
        "median": 0.0174951143563,
        "min": 7.12672782104e-23,
        "var": 0.00104425207246
    },
    "spectral_energyband_middle_high": {
        "dmean": 0.00266180164181,
        "dmean2": 0.00416858261451,
        "dvar": 1.66540703503e-05,
        "dvar2": 4.10986795032e-05,
        "max": 0.0602197051048,
        "mean": 0.00572232622653,
        "median": 0.00438310578465,
        "min": 1.52961164508e-21,
        "var": 2.69305855909e-05
    },
    "spectral_energyband_middle_low": {
        "dmean": 0.00510709593073,
        "dmean2": 0.00835334509611,
        "dvar": 8.8130167569e-05,
        "dvar2": 0.000240392400883,
        "max": 0.0887169167399,
        "mean": 0.0105775091797,
        "median": 0.00734681356698,
        "min": 2.54279884332e-22,
        "var": 0.000108166183054
    },
    "spectral_entropy": {
        "dmean": 0.145737424493,
        "dmean2": 0.222569152713,
        "dvar": 0.025358485058,
        "dvar2": 0.0555167719722,
        "max": 9.81028842926,
        "mean": 7.68363332748,
        "median": 7.83123540878,
        "min": 4.90362358093,
        "var": 0.346868395805
    },
    "spectral_flux": {
        "dmean": 0.0328850336373,
        "dmean2": 0.0463954284787,
        "dvar": 0.00156902638264,
        "dvar2": 0.00249162106775,
        "max": 0.406297773123,
        "mean": 0.0906189680099,
        "median": 0.0688164159656,
        "min": 6.42381911553e-11,
        "var": 0.00444245710969
    },
    "spectral_kurtosis": {
        "dmean": 2.14320445061,
        "dmean2": 3.62261247635,
        "dvar": 25.0115470886,
        "dvar2": 69.3688430786,
        "max": 149.729492188,
        "mean": 6.18451690674,
        "median": 2.85410928726,
        "min": -1.16709601879,
        "var": 106.681343079
    },
    "spectral_rms": {
        "dmean": 0.000761121860705,
        "dmean2": 0.00117122300435,
        "dvar": 7.77562206622e-07,
        "dvar2": 1.91094545698e-06,
        "max": 0.0138320466504,
        "mean": 0.00603252043948,
        "median": 0.00651540886611,
        "min": 3.2239996263e-12,
        "var": 7.48257980376e-06
    },
    "spectral_rolloff": {
        "dmean": 642.434020996,
        "dmean2": 1112.62207031,
        "dvar": 1293142.375,
        "dvar2": 3312581,
        "max": 19401.4160156,
        "mean": 1366.78967285,
        "median": 947.4609375,
        "min": 43.06640625,
        "var": 1992117.125
    },
    "spectral_skewness": {
        "dmean": 0.223004505038,
        "dmean2": 0.361384391785,
        "dvar": 0.114816077054,
        "dvar2": 0.301663398743,
        "max": 9.0350446701,
        "mean": 1.63945364952,
        "median": 1.36834192276,
        "min": -0.0382686294615,
        "var": 0.685103714466
    },
    "spectral_spread": {
        "dmean": 429764.375,
        "dmean2": 660464.75,
        "dvar": 402298175488,
        "dvar2": 821302853632,
        "max": 40677992,
        "mean": 5193829,
        "median": 5544454.5,
        "min": 588144.5625,
        "var": 5.38827292672e+12
    },
    "spectral_strongpeak": {
        "dmean": 0.423183441162,
        "dmean2": 0.702585339546,
        "dvar": 0.392163306475,
        "dvar2": 0.912391006947,
        "max": 7.1965045929,
        "mean": 0.928672194481,
        "median": 0.661873340607,
        "min": 0,
        "var": 0.810888946056
    },
    "zerocrossingrate": {
        "dmean": 0.0111167030409,
        "dmean2": 0.013657245785,
        "dvar": 0.000170687562786,
        "dvar2": 0.00024248783302,
        "max": 0.53076171875,
        "mean": 0.0614272356033,
        "median": 0.05224609375,
        "min": 0.0048828125,
        "var": 0.00123873958364
    },
    "barkbands": {
        "dmean": [0.000269907643087, 0.00684070074931, 0.00523689901456, 0.00274800369516, 0.000779303663876, 0.00027199665783, 0.000461294053821, 0.00128001859412, 0.00097272725543, 0.000775129010435, 0.000651659443974, 0.000591176445596, 0.000287089816993, 0.000350967107806, 0.000291259289952, 0.000227295298828, 0.000326037348714, 0.000294605793897, 0.000271056313068, 0.000266815157374, 0.000245102593908, 0.000229011537158, 0.00020053042681, 0.000164049342857, 0.000120217977383, 7.8291981481e-05, 2.34244380408e-05],
        "dmean2": [0.00034009871888, 0.0102794598788, 0.00855717342347, 0.00478423107415, 0.00143466854934, 0.000428828730946, 0.000758634705562, 0.00193840451539, 0.0015546255745, 0.00123251660261, 0.00103338598274, 0.000971949135419, 0.000468089652713, 0.000567077775486, 0.000476777320728, 0.000376066513127, 0.000532019825187, 0.00049058831064, 0.000443234835984, 0.000431166641647, 0.000402454024879, 0.000373894930817, 0.000336558150593, 0.000274721794995, 0.000192530060303, 0.000119373296911, 3.55292322638e-05],
        "dvar": [6.09369180893e-07, 0.000181048497325, 0.000183213167475, 5.98568658461e-05, 6.73602880852e-06, 2.79148679283e-07, 1.24068242258e-06, 6.2533581513e-06, 5.42872612641e-06, 3.46964407072e-06, 1.65786912021e-06, 8.03630769042e-07, 3.32688813387e-07, 4.76158533047e-07, 2.92987238026e-07, 2.35224916878e-07, 3.84772562256e-07, 3.25044140936e-07, 2.46441572926e-07, 2.324659647e-07, 1.94590413116e-07, 1.91614219602e-07, 1.51843934759e-07, 1.14155753295e-07, 6.16218898131e-08, 2.48005722625e-08, 2.40252862049e-09],
        "dvar2": [8.88422505341e-07, 0.000392945163185, 0.000493684899993, 0.000169387931237, 1.97146673599e-05, 6.19599518359e-07, 2.95013228424e-06, 1.45604490172e-05, 1.37428760354e-05, 8.62513934408e-06, 3.76634284294e-06, 2.06291974791e-06, 7.70216274759e-07, 1.11775250389e-06, 6.98914391251e-07, 5.8138903114e-07, 9.59434146353e-07, 8.273613048e-07, 6.24762321877e-07, 5.69187477595e-07, 4.97447274483e-07, 4.83342148527e-07, 3.98200143081e-07, 3.08558014694e-07, 1.50830928192e-07, 5.53056977992e-08, 5.19758724948e-09],
        "max": [0.0435339957476, 0.149471253157, 0.142951324582, 0.0718300417066, 0.0264300089329, 0.0123045174405, 0.0266138650477, 0.0433675833046, 0.0398738831282, 0.0418373458087, 0.0385839864612, 0.0134464874864, 0.00975815206766, 0.0151411946863, 0.00980696547776, 0.0130267580971, 0.0140511384234, 0.0101741394028, 0.00681429775432, 0.00575205171481, 0.00867981370538, 0.00401810137555, 0.00408731168136, 0.00586520321667, 0.0034079416655, 0.00165052281227, 0.000614846183453],
        "mean": [0.000440788717242, 0.0176006723195, 0.00897229090333, 0.00359051395208, 0.000722030352335, 0.000483888085, 0.000785961805377, 0.00246397242881, 0.00162277498748, 0.00129012088291, 0.00099218194373, 0.000891428091563, 0.000374481809558, 0.000504058552906, 0.000422400858952, 0.000319593294989, 0.00045853460324, 0.000397988012992, 0.000398980511818, 0.00038743019104, 0.000393287686165, 0.000339691439876, 0.000326621753629, 0.000313701544655, 0.000262225192273, 0.000169296967215, 4.59214606963e-05],
        "median": [6.08814661973e-05, 0.00545730628073, 0.000610313552897, 0.000164926750585, 0.00024283050152, 0.000261074863374, 0.000324341061059, 0.00111181754619, 0.000585607602261, 0.000445657060482, 0.000434541027062, 0.000528162869159, 0.000157084927196, 0.000229567333008, 0.000199162808713, 0.000143287325045, 0.000230975681916, 0.000194386127987, 0.000195576663828, 0.000183431518963, 0.00017096218653, 0.000131430206238, 0.000131246924866, 0.000131202323246, 0.000110274297185, 5.90655436099e-05, 6.35171636532e-06],
        "min": [3.63643183632e-24, 3.83815918923e-23, 1.6371990828e-23, 2.38264976126e-23, 1.09186316778e-23, 2.26139821137e-23, 6.709155976e-23, 1.78962057809e-23, 4.62263907653e-23, 5.67224059903e-23, 2.55518452752e-23, 7.92922150488e-23, 7.89578831754e-23, 3.48053509319e-23, 1.46720214519e-22, 1.49826622546e-22, 1.57525677789e-22, 1.90350520843e-22, 2.90184819014e-22, 2.35050610907e-22, 3.37481006141e-22, 4.77774604367e-22, 6.74404079362e-22, 8.46157753412e-22, 1.15546317237e-21, 1.58611650216e-21, 2.2632594561e-21],
        "var": [1.50521157138e-06, 0.000573555997107, 0.000244050374022, 6.3836472691e-05, 3.87355885323e-06, 6.78187063841e-07, 2.99132125292e-06, 1.26354198073e-05, 9.30895566853e-06, 6.85478062223e-06, 2.963497991e-06, 1.20203230836e-06, 5.00242038015e-07, 7.60555053603e-07, 4.58437028783e-07, 3.56305150717e-07, 4.87847501063e-07, 3.88830017073e-07, 3.28054483134e-07, 3.05578339521e-07, 3.45011727632e-07, 2.50841367233e-07, 2.40572745724e-07, 2.33930592231e-07, 1.5342047277e-07, 6.52170086823e-08, 7.09478564787e-09]
    },
    "erbbands": {
        "dmean": [0.202466130257, 1.66922593117, 5.10253620148, 8.13326644897, 5.12935876846, 1.99440395832, 1.37697446346, 2.41517114639, 4.98312282562, 15.0015363693, 29.8108100891, 21.9801578522, 27.7266407013, 20.425907135, 22.6884651184, 25.3301506042, 13.9526004791, 18.2746353149, 13.6779289246, 13.3015193939, 13.232667923, 15.9252786636, 16.0040435791, 14.5013370514, 14.0542907715, 12.4940605164, 11.1863451004, 8.84426212311, 8.23708152771, 7.39101409912, 5.45665407181, 3.81426620483, 2.54330801964, 1.62288582325, 0.794690847397, 0.393007189035, 0.138632327318, 0.039162453264, 0.00372558669187, 5.8420264395e-05],
        "dmean2": [0.277428895235, 2.43410253525, 8.0343132019, 13.8259115219, 9.14458560944, 3.56300330162, 2.35127735138, 3.85870170593, 8.04931735992, 23.1672992706, 45.8388442993, 34.874835968, 43.105922699, 32.8076019287, 37.3363761902, 41.2560653687, 22.3761425018, 29.3334827423, 22.2242431641, 21.954126358, 21.6686725616, 26.3551120758, 26.4367847443, 24.1498222351, 22.8519039154, 20.3621273041, 18.419002533, 14.3440904617, 13.4314880371, 12.4077005386, 9.18746376038, 6.3963971138, 4.23918247223, 2.70317840576, 1.2401881218, 0.618745625019, 0.211887314916, 0.0581340938807, 0.00578290037811, 8.87760979822e-05],
        "dvar": [0.167193368077, 11.2251691818, 152.67515564, 443.849273682, 271.183166504, 31.5549316406, 6.29602050781, 24.9591579437, 164.383636475, 1086.3605957, 3619.0378418, 3586.05712891, 3799.40722656, 3752.49511719, 1616.40783691, 1528.73254395, 657.995910645, 1175.80529785, 705.950195312, 624.76574707, 592.305236816, 1095.11950684, 1056.47680664, 726.483947754, 612.977661133, 538.516906738, 410.760253906, 253.124221802, 242.301208496, 240.203216553, 116.381759644, 55.2974052429, 27.6106243134, 12.1761131287, 2.50358057022, 0.645443856716, 0.080690741539, 0.00695691863075, 6.00659877819e-05, 1.21503775929e-08],
        "dvar2": [0.295747488737, 23.4781932831, 385.592987061, 1266.66235352, 772.286865234, 92.6246337891, 17.2717628479, 57.4324302673, 423.486907959, 2527.65161133, 8520.11230469, 8979.32910156, 8577.07617188, 9416.12011719, 3975.13793945, 3856.99145508, 1528.90563965, 2737.75976562, 1718.5324707, 1557.54528809, 1473.33874512, 2844.54760742, 2657.03686523, 1877.80664062, 1539.07128906, 1328.5559082, 1044.05065918, 625.61529541, 607.705871582, 637.492858887, 315.433532715, 148.745605469, 73.2590026855, 31.9820632935, 5.8126168251, 1.54466927052, 0.171957314014, 0.0146461213008, 0.00013570158626, 2.64681823126e-08],
        "max": [7.30501127243, 39.330532074, 138.878219604, 210.397842407, 154.300491333, 66.4397277832, 37.2692909241, 108.50868988, 341.213928223, 807.189941406, 1284.82141113, 1093.24841309, 1653.81347656, 1475.4251709, 755.79888916, 657.05065918, 410.98046875, 796.072143555, 461.946990967, 491.521453857, 428.146972656, 856.934997559, 666.518310547, 617.889709473, 325.504516602, 324.126464844, 269.230224609, 274.390930176, 152.876266479, 191.373062134, 131.485717773, 91.1823348999, 101.462882996, 56.9029159546, 18.922252655, 9.17707538605, 3.20177268982, 1.01051187515, 0.105540409684, 0.00146878592204],
        "mean": [0.519871175289, 3.9234457016, 9.68030166626, 12.8842992783, 5.61745262146, 2.18839907646, 1.97531223297, 4.13856744766, 8.84474563599, 29.5959091187, 56.3243026733, 38.7732467651, 48.1719398499, 32.1524200439, 33.2295188904, 39.7966384888, 21.1867008209, 27.8793640137, 20.8478164673, 20.3408946991, 19.755979538, 22.515712738, 22.2824440002, 20.2738265991, 20.8769664764, 18.1842956543, 16.9084262848, 14.5620994568, 12.3018808365, 11.089425087, 8.75608634949, 6.96426391602, 4.90352153778, 3.21522068977, 1.73092269897, 0.796810925007, 0.301592439413, 0.0839410573244, 0.00709998421371, 0.000163076954777],
        "median": [0.209433227777, 1.22094404697, 1.71060490608, 1.2337744236, 0.793454885483, 0.877575039864, 1.20484375954, 2.05492377281, 3.9952545166, 12.4425144196, 26.072479248, 15.9478378296, 15.0375080109, 11.877658844, 17.222322464, 23.5616493225, 11.3590335846, 13.6777000427, 10.9206047058, 11.0352630615, 10.6510219574, 11.9176750183, 10.8091754913, 10.6493692398, 10.0510177612, 8.79147148132, 7.86747455597, 6.10394001007, 4.80149269104, 4.18409061432, 3.58524465561, 2.93846273422, 1.96911644936, 1.40101790428, 0.657497107983, 0.295912384987, 0.0966223478317, 0.020600438118, 0.000884616049007, 9.05819397303e-05],
        "min": [4.02586794743e-22, 5.67690378934e-21, 1.63433182205e-20, 6.49447933249e-20, 7.8849331068e-20, 3.8546913813e-20, 5.67802104863e-20, 3.19146080959e-19, 9.3793213496e-19, 5.12044599806e-19, 4.13581026344e-19, 6.68024341855e-19, 1.68682248068e-18, 2.22997036399e-18, 1.29795680971e-18, 4.03802733038e-18, 4.70404668982e-18, 2.17077318345e-18, 3.83533788821e-18, 8.33895085739e-18, 8.28593437039e-18, 9.03302239295e-18, 7.64909049833e-18, 1.35897602098e-17, 1.53527070883e-17, 1.16400301587e-17, 1.5578318946e-17, 1.20256518342e-17, 1.53955021044e-17, 1.89107698993e-17, 1.85405867228e-17, 1.64302802353e-17, 1.30740370861e-17, 1.35189072273e-17, 7.96905223107e-18, 4.88093926382e-18, 3.0041446225e-18, 1.10080596213e-18, 3.35141686054e-19, 3.31765244654e-20],
        "var": [0.652880012989, 29.9854850769, 238.633514404, 503.3487854, 199.367645264, 20.3788833618, 6.12147283554, 55.6129226685, 291.799041748, 2234.22705078, 7240.11425781, 6255.59863281, 9437.24316406, 5486.54052734, 2324.51269531, 2428.12231445, 1032.3963623, 1995.36743164, 1027.90100098, 877.178039551, 795.153015137, 1168.33154297, 1300.51025391, 864.792175293, 849.249511719, 691.758789062, 586.749938965, 451.010894775, 325.062835693, 306.930786133, 173.835464478, 103.306816101, 61.8080825806, 25.6284141541, 6.57214546204, 1.40395641327, 0.225366130471, 0.0205251220614, 0.000169277845998, 4.37922693663e-08]
    },
    "gfcc": {
        "mean": [8.86358165741, 72.9246902466, -116.725265503, 21.2237148285, -52.3079795837, 21.7049407959, -19.8449420929, 21.3347530365, -14.0737161636, 8.4129781723, -14.2008132935, -1.03178334236, -16.0658054352],
        "cov": [[14924.4619141, -4256.31152344, 3277.58374023, 2779.59472656, 661.898498535, 1984.05700684, 434.972503662, 1061.54309082, -472.844512939, 302.45715332, -799.153564453, 133.626541138, -786.287841797], [-4256.31152344, 2517.89013672, -1029.55834961, -722.817810059, -47.9476928711, -535.813842773, 55.5194358826, -258.945831299, 302.992614746, -95.2272720337, 388.619476318, -62.9936523438, 350.298614502], [3277.58374023, -1029.55834961, 1996.91577148, 981.193847656, 531.678344727, 756.022583008, 173.185440063, 285.197052002, -131.660720825, 67.9334259033, -247.878067017, 6.30277633667, -263.744903564], [2779.59472656, -722.817810059, 981.193847656, 844.602172852, 279.669464111, 553.209472656, 197.851852417, 273.632232666, -40.2643966675, 81.7688293457, -117.604759216, 56.3615722656, -124.689208984], [661.898498535, -47.9476928711, 531.678344727, 279.669464111, 323.737945557, 246.054321289, 111.496582031, 91.0985183716, 10.1509828568, 24.7720317841, -26.8142814636, 3.12754511833, -50.6588478088], [1984.05700684, -535.813842773, 756.022583008, 553.209472656, 246.054321289, 549.437316895, 225.983581543, 279.171600342, -2.89581513405, 93.8772964478, -77.4922561646, 67.1278533936, -70.8037719727], [434.972503662, 55.5194358826, 173.185440063, 197.851852417, 111.496582031, 225.983581543, 230.427246094, 168.954421997, 80.1733703613, 47.9576835632, 36.3860626221, 50.0549163818, 35.8962478638], [1061.54309082, -258.945831299, 285.197052002, 273.632232666, 91.0985183716, 279.171600342, 168.954421997, 248.990005493, 47.9656257629, 80.5541534424, -19.7616615295, 57.0449371338, -12.2683916092], [-472.844512939, 302.992614746, -131.660720825, -40.2643966675, 10.1509828568, -2.89581513405, 80.1733703613, 47.9656257629, 138.831604004, 50.6912193298, 86.9770507812, 16.281162262, 64.8177566528], [302.45715332, -95.2272720337, 67.9334259033, 81.7688293457, 24.7720317841, 93.8772964478, 47.9576835632, 80.5541534424, 50.6912193298, 125.300460815, 51.6059455872, 36.4369354248, -9.8640832901], [-799.153564453, 388.619476318, -247.878067017, -117.604759216, -26.8142814636, -77.4922561646, 36.3860626221, -19.7616615295, 86.9770507812, 51.6059455872, 172.321914673, 54.8183670044, 80.0327301025], [133.626541138, -62.9936523438, 6.30277633667, 56.3615722656, 3.12754511833, 67.1278533936, 50.0549163818, 57.0449371338, 16.281162262, 36.4369354248, 54.8183670044, 98.6039199829, 46.2435112], [-786.287841797, 350.298614502, -263.744903564, -124.689208984, -50.6588478088, -70.8037719727, 35.8962478638, -12.2683916092, 64.8177566528, -9.8640832901, 80.0327301025, 46.2435112, 141.234542847]],
        "icov": [[0.000338458979968, 3.77620381187e-05, 0.000190952676348, -0.000783023249824, 0.000163463933859, -0.000309814262437, 0.000176858797204, -0.000428601895692, 0.000388844753616, -0.000207019256777, 0.000606518355198, -0.000363199855201, 0.000859369873069], [3.77620381187e-05, 0.00186001916882, -0.000124857731862, 0.000280570267932, -0.000964282895438, 0.000556758430321, -0.000622373016085, 8.32248406368e-05, -0.000999621464871, 0.00173896236811, -0.00365454168059, 0.00381219643168, -0.00288699683733], [0.000190952676348, -0.000124857731862, 0.00220942986198, -0.00146167562343, -0.0014941013651, -0.00170381134376, 0.00104640878271, 0.000204759373446, 0.00041947956197, -0.000134539077408, 0.00135734735522, -0.000721438555047, 0.00183516682591], [-0.000783023249824, 0.000280570267932, -0.00146167562343, 0.00626369332895, -0.000425902660936, -0.00159682100639, -0.000888770853635, 0.000483601354063, -0.0010748389177, 0.00105323747266, -0.00189638254233, 0.000563723500818, -0.00148333213292], [0.000163463933859, -0.000964282895438, -0.0014941013651, -0.000425902660936, 0.00757995480672, -0.00220199278556, -0.00124125217553, 0.00148858665489, -0.000774364452809, 0.000177965412149, 0.000561740191188, -0.000914418546017, 0.002544187475], [-0.000309814262437, 0.000556758430321, -0.00170381134376, -0.00159682100639, -0.00220199278556, 0.0133055346087, -0.00602322863415, -0.00359971285798, 0.00229813088663, -0.00324656767771, 0.00150124682114, -0.00092710898025, -0.00242711673491], [0.000176858797204, -0.000622373016085, 0.00104640878271, -0.000888770853635, -0.00124125217553, -0.00602322863415, 0.0165485087782, -0.00687629729509, -0.00378424325027, 0.0046039824374, -0.00336845894344, 0.000709300802555, -0.000835549319163], [-0.000428601895692, 8.32248406368e-05, 0.000204759373446, 0.000483601354063, 0.00148858665489, -0.00359971285798, -0.00687629729509, 0.01720947586, -0.00521424971521, -0.00407959613949, 0.00551615748554, -0.00475750491023, 0.000728673825506], [0.000388844753616, -0.000999621464871, 0.00041947956197, -0.0010748389177, -0.000774364452809, 0.00229813088663, -0.00378424325027, -0.00521424971521, 0.0207893941551, -0.00711134169251, -0.00317980581895, 0.00578416325152, -0.00426792167127], [-0.000207019256777, 0.00173896236811, -0.000134539077408, 0.00105323747266, 0.000177965412149, -0.00324656767771, 0.0046039824374, -0.00407959613949, -0.00711134169251, 0.0195709671825, -0.0113210603595, 0.00209674984217, 0.00248399679549], [0.000606518355198, -0.00365454168059, 0.00135734735522, -0.00189638254233, 0.000561740191188, 0.00150124682114, -0.00336845894344, 0.00551615748554, -0.00317980581895, -0.0113210603595, 0.0272931922227, -0.0183327719569, 0.00679588317871], [-0.000363199855201, 0.00381219643168, -0.000721438555047, 0.000563723500818, -0.000914418546017, -0.00092710898025, 0.000709300802555, -0.00475750491023, 0.00578416325152, 0.00209674984217, -0.0183327719569, 0.0319491140544, -0.0162935908884], [0.000859369873069, -0.00288699683733, 0.00183516682591, -0.00148333213292, 0.002544187475, -0.00242711673491, -0.000835549319163, 0.000728673825506, -0.00426792167127, 0.00248399679549, 0.00679588317871, -0.0162935908884, 0.0247302968055]]
    },
    "melbands": {
        "dmean": [0.0018057069974, 0.0022491265554, 0.00128848908935, 0.000233372978983, 4.94397318107e-05, 5.67874449189e-05, 8.14368395368e-05, 0.000183034702786, 0.000250528712058, 0.000134518952109, 0.000136752205435, 7.98331384431e-05, 7.38764865673e-05, 6.29029236734e-05, 5.6539716752e-05, 2.87364164251e-05, 3.85490748158e-05, 2.15837262658e-05, 2.3451355446e-05, 1.8400593035e-05, 1.70584298758e-05, 1.83380507224e-05, 1.5689918655e-05, 1.31638325911e-05, 1.21743387353e-05, 1.07187415779e-05, 9.5454061011e-06, 8.73982480698e-06, 7.35270532459e-06, 7.06245691617e-06, 5.02800321556e-06, 4.93880634167e-06, 4.42698501502e-06, 4.31983153248e-06, 3.4141321521e-06, 2.69859106083e-06, 2.4289695375e-06, 1.96806263375e-06, 1.59236583386e-06, 1.37839708714e-06],
        "dmean2": [0.00264712958597, 0.00343883782625, 0.00217129150406, 0.000422426353907, 8.50442229421e-05, 9.02634856175e-05, 0.000130672124214, 0.000280357897282, 0.000388852437027, 0.000212915590964, 0.000213699779124, 0.000129844032926, 0.000120138494822, 0.000103265279904, 9.24023697735e-05, 4.59117691207e-05, 6.22036604909e-05, 3.55891315849e-05, 3.85012826882e-05, 3.06351394102e-05, 2.82189012069e-05, 3.04682071146e-05, 2.60969973169e-05, 2.18343047891e-05, 2.0398030756e-05, 1.77474539669e-05, 1.54972694872e-05, 1.44037621794e-05, 1.2200060155e-05, 1.15522389024e-05, 8.30960834719e-06, 8.12342841527e-06, 7.38400012779e-06, 7.35667254048e-06, 5.8186969909e-06, 4.48934633823e-06, 4.13494217355e-06, 3.32566060024e-06, 2.66962979367e-06, 2.30594400819e-06],
        "dvar": [1.21199755085e-05, 2.29103934544e-05, 1.07813702925e-05, 5.91921832438e-07, 9.10051234371e-09, 1.43629019789e-08, 4.10480964774e-08, 1.58234556125e-07, 2.48958286875e-07, 1.43184919921e-07, 9.51742435973e-08, 6.21721838456e-08, 1.77898620279e-08, 8.43042258225e-09, 9.44948119752e-09, 4.66339766803e-09, 5.85708415102e-09, 2.17784590362e-09, 2.17913020961e-09, 1.82968418194e-09, 1.10514419838e-09, 1.56756019276e-09, 1.00214170295e-09, 6.77123412895e-10, 5.58989909916e-10, 4.23167889618e-10, 3.27308374848e-10, 2.72448785754e-10, 1.84289097871e-10, 1.93896496081e-10, 9.0217444626e-11, 8.76077821399e-11, 7.61292001661e-11, 8.83715600697e-11, 4.50589079937e-11, 2.7602215652e-11, 2.29761678433e-11, 1.55526962836e-11, 1.27519253837e-11, 8.07921264612e-12],
        "dvar2": [2.51016190305e-05, 5.30218349013e-05, 3.02428616124e-05, 1.71802582827e-06, 2.54745646799e-08, 3.19707389451e-08, 1.00843955408e-07, 3.68306587006e-07, 5.99534814683e-07, 3.52297945483e-07, 2.16483059035e-07, 1.5998823244e-07, 4.32759286184e-08, 2.14321129732e-08, 2.43746125506e-08, 1.00391490676e-08, 1.35598954287e-08, 5.53712631302e-09, 5.23978327394e-09, 4.50945059072e-09, 2.80359535587e-09, 4.07095601673e-09, 2.52565302006e-09, 1.70013614298e-09, 1.45231993098e-09, 1.09367970236e-09, 8.17745315906e-10, 6.8219191407e-10, 4.72443639765e-10, 5.22980048157e-10, 2.22882684531e-10, 2.18172480082e-10, 1.95724006447e-10, 2.38232128469e-10, 1.25065166556e-10, 7.18315268378e-11, 6.35036606633e-11, 4.18871430596e-11, 3.4009552119e-11, 2.12929240212e-11],
        "max": [0.0462480075657, 0.0539321675897, 0.0318855643272, 0.00740477070212, 0.00109544093721, 0.00283644557931, 0.00492943171412, 0.0100658722222, 0.0116473501548, 0.00685040466487, 0.00815739296377, 0.00603287201375, 0.00295713311061, 0.00152791442815, 0.00152940116823, 0.0013062854996, 0.00181675027125, 0.000884928333107, 0.000871821597684, 0.00125793588813, 0.000602113257628, 0.0010614116909, 0.000514695537277, 0.000479119393276, 0.000570062664337, 0.000367337546777, 0.000247223943006, 0.00023460756347, 0.000125052727526, 0.000388994754758, 9.90979751805e-05, 0.000100001889223, 8.55401231092e-05, 0.000129247215227, 9.22401013668e-05, 5.97771904722e-05, 7.36409419915e-05, 9.20179591049e-05, 7.51919578761e-05, 5.07141521666e-05],
        "mean": [0.00481302849948, 0.00521931890398, 0.00205354182981, 0.000234592836932, 6.99746815371e-05, 9.90388725768e-05, 0.000145165642607, 0.000362232123734, 0.000458563998109, 0.000231260899454, 0.000230077290325, 0.000117145827971, 0.000107947060314, 9.64805731201e-05, 8.46885377541e-05, 3.72964204871e-05, 5.57535022381e-05, 3.02938224195e-05, 3.31363298756e-05, 2.62912926701e-05, 2.3192673325e-05, 2.4696058972e-05, 2.14596493606e-05, 1.80570696102e-05, 1.5984653146e-05, 1.4644672774e-05, 1.39442254294e-05, 1.18597126857e-05, 1.01501154859e-05, 1.10923601824e-05, 7.48094544178e-06, 7.0118721851e-06, 6.25874645266e-06, 6.22067909717e-06, 5.20800040249e-06, 4.35658648712e-06, 4.27966642746e-06, 3.67076154362e-06, 2.74239732789e-06, 2.70042369266e-06],
        "median": [0.00169760885183, 0.00162293296307, 0.000201733375434, 5.57961611776e-05, 4.24172540079e-05, 4.8617264838e-05, 6.01611318416e-05, 0.000153400644194, 0.000202305440325, 8.47808987601e-05, 6.73971298966e-05, 3.78930417355e-05, 5.18352462677e-05, 6.1470833316e-05, 4.55411573057e-05, 1.22208020912e-05, 2.48913092946e-05, 1.50059995576e-05, 1.56842052093e-05, 1.14657595987e-05, 1.16179198812e-05, 1.27398034238e-05, 9.54329516389e-06, 8.84054315975e-06, 7.83705399954e-06, 6.7246674007e-06, 6.30855538475e-06, 5.3588873925e-06, 4.64778258902e-06, 4.31525404565e-06, 2.94049550575e-06, 2.67385394181e-06, 2.24888435696e-06, 2.28753378906e-06, 2.08863389162e-06, 1.75567924998e-06, 1.73343607912e-06, 1.44172838645e-06, 1.06944605704e-06, 1.18107482194e-06],
        "min": [7.42269044665e-24, 7.67132047131e-24, 1.14761827884e-23, 3.90360758644e-24, 1.80786645751e-24, 7.12180785334e-24, 1.35892981843e-23, 4.5775137084e-24, 3.46560676831e-24, 5.33494521186e-24, 8.22595674086e-24, 9.01135849101e-24, 3.97371286622e-24, 6.59280049131e-24, 1.56843123779e-23, 7.78573764586e-24, 3.04625777742e-24, 4.38568048562e-24, 1.04597505003e-23, 1.03638439469e-23, 9.41202962224e-24, 8.77716383205e-24, 6.32617339396e-24, 9.08650695856e-24, 1.04003626848e-23, 1.04700711676e-23, 1.0303948105e-23, 6.39911778414e-24, 9.96795015734e-24, 7.53362243372e-24, 6.88393710257e-24, 6.37599784873e-24, 1.18666973354e-23, 9.71626329667e-24, 1.11989399898e-23, 8.24246207758e-24, 1.05851888506e-23, 7.81324207019e-24, 1.00705675505e-23, 1.19584450142e-23],
        "var": [4.49906947324e-05, 4.91603350383e-05, 1.23600448205e-05, 3.72270761773e-07, 8.20039147698e-09, 3.47861295324e-08, 9.00236045709e-08, 3.18123085208e-07, 4.78586002828e-07, 2.6521053087e-07, 2.29855473322e-07, 8.32092439396e-08, 2.64773660774e-08, 1.29381971803e-08, 1.35706965665e-08, 7.98646304645e-09, 9.83711689884e-09, 2.63890420626e-09, 3.16225579056e-09, 2.82403345153e-09, 1.31446442619e-09, 1.61649005292e-09, 1.2541571115e-09, 8.60465365626e-10, 6.37346231347e-10, 5.19329301785e-10, 4.27961166505e-10, 3.29155341872e-10, 2.19555915115e-10, 3.73748948457e-10, 1.26725310801e-10, 1.15693260527e-10, 9.51605322319e-11, 1.07808595384e-10, 6.36559555067e-11, 4.27873639297e-11, 4.392772604e-11, 3.59149099349e-11, 2.13587307563e-11, 1.8189890566e-11]
    },
    "mfcc": {
        "mean": [-633.735778809, 107.466262817, -2.19249868393, 11.7150831223, -2.13971209526, 5.37756538391, 6.95914459229, 11.9873743057, 9.24929904938, 10.8190078735, 7.83222055435, 8.6306810379, 4.07197380066],
        "cov": [[9948.25292969, -2638.02319336, 1195.90136719, 1264.9251709, 780.527038574, 883.309814453, 883.213928223, 780.185974121, 517.810424805, 352.512908936, 192.595199585, 142.832748413, 10.2325000763], [-2638.02319336, 1867.17077637, -620.58795166, -246.557876587, -235.581207275, -263.031219482, -211.924636841, -151.429779053, -100.586860657, -31.347114563, -4.36978673935, 10.9818239212, 38.5573005676], [1195.90136719, -620.58795166, 1076.02441406, 344.976745605, 477.536132812, 377.888092041, 315.198303223, 208.986816406, 169.375473022, 81.9721221924, 48.6018600464, 37.5153274536, 24.0098876953], [1264.9251709, -246.557876587, 344.976745605, 347.148712158, 226.011962891, 206.470932007, 193.390441895, 161.361495972, 109.465515137, 77.3232040405, 50.4839897156, 55.3007850647, 33.7267417908], [780.527038574, -235.581207275, 477.536132812, 226.011962891, 358.301422119, 231.141967773, 187.299987793, 119.079589844, 88.4986877441, 58.8644447327, 34.6272735596, 20.9896907806, 17.2695674896], [883.309814453, -263.031219482, 377.888092041, 206.470932007, 231.141967773, 271.633850098, 215.065719604, 159.492584229, 122.385993958, 86.697052002, 56.7805709839, 50.1167106628, 34.3408966064], [883.213928223, -211.924636841, 315.198303223, 193.390441895, 187.299987793, 215.065719604, 255.892776489, 194.458892822, 129.805206299, 90.2490615845, 58.1783638, 52.932144165, 39.5876197815], [780.185974121, -151.429779053, 208.986816406, 161.361495972, 119.079589844, 159.492584229, 194.458892822, 233.831436157, 147.705596924, 84.618309021, 48.231716156, 48.2698631287, 35.625793457], [517.810424805, -100.586860657, 169.375473022, 109.465515137, 88.4986877441, 122.385993958, 129.805206299, 147.705596924, 162.096435547, 96.3253097534, 41.8261756897, 38.8134040833, 19.6964836121], [352.512908936, -31.347114563, 81.9721221924, 77.3232040405, 58.8644447327, 86.697052002, 90.2490615845, 84.618309021, 96.3253097534, 121.817085266, 67.1092987061, 36.4401092529, 20.5883388519], [192.595199585, -4.36978673935, 48.6018600464, 50.4839897156, 34.6272735596, 56.7805709839, 58.1783638, 48.231716156, 41.8261756897, 67.1092987061, 94.9299087524, 61.5034141541, 32.4088630676], [142.832748413, 10.9818239212, 37.5153274536, 55.3007850647, 20.9896907806, 50.1167106628, 52.932144165, 48.2698631287, 38.8134040833, 36.4401092529, 61.5034141541, 114.543708801, 73.8573608398], [10.2325000763, 38.5573005676, 24.0098876953, 33.7267417908, 17.2695674896, 34.3408966064, 39.5876197815, 35.625793457, 19.6964836121, 20.5883388519, 32.4088630676, 73.8573608398, 96.8691558838]],
