{
"lowlevel": {
    "average_loudness": 0.544190049171,
    "barkbands_crest": {
        "dmean": 2.11459422112,
        "dmean2": 3.16322135925,
        "dvar": 5.17142486572,
        "dvar2": 11.8305463791,
        "max": 26.1150379181,
        "mean": 10.1065940857,
        "median": 8.95369815826,
        "min": 2.04472565651,
        "var": 25.9927043915
    },
    "barkbands_flatness_db": {
        "dmean": 0.0202673338354,
        "dmean2": 0.0296458080411,
        "dvar": 0.000621192681137,
        "dvar2": 0.00116139324382,
        "max": 0.534178733826,
        "mean": 0.164632901549,
        "median": 0.141671329737,
        "min": 0.0208592284471,
        "var": 0.00865329429507
    },
    "barkbands_kurtosis": {
        "dmean": 3.62089014053,
        "dmean2": 4.91579771042,
        "dvar": 166.175231934,
        "dvar2": 271.193695068,
        "max": 412.179138184,
        "mean": 5.53161001205,
        "median": 0.00062370300293,
        "min": -1.84846544266,
        "var": 497.671813965
    },
    "barkbands_skewness": {
        "dmean": 0.531230926514,
        "dmean2": 0.747637927532,
        "dvar": 0.749614179134,
        "dvar2": 1.2276417017,
        "max": 18.2616901398,
        "mean": 1.07030940056,
        "median": 0.564417362213,
        "min": -6.71493196487,
        "var": 4.27457427979
    },
    "barkbands_spread": {
        "dmean": 5.49456691742,
        "dmean2": 8.56200504303,
        "dvar": 77.3240432739,
        "dvar2": 184.048706055,
        "max": 101.843299866,
        "mean": 22.5185470581,
        "median": 18.8314304352,
        "min": 0.507954418659,
        "var": 256.683349609
    },
    "dissonance": {
        "dmean": 0.0184054840356,
        "dmean2": 0.0315144732594,
        "dvar": 0.000469066493679,
        "dvar2": 0.00126811186783,
        "max": 0.499996513128,
        "mean": 0.460753053427,
        "median": 0.475693643093,
        "min": 0.170647397637,
        "var": 0.00160077831242
    },
    "dynamic_complexity": 5.29726362228,
    "erbbands_crest": {
        "dmean": 2.19037413597,
        "dmean2": 3.47686886787,
        "dvar": 4.78375148773,
        "dvar2": 11.1554460526,
        "max": 27.5877952576,
        "mean": 9.09723091125,
        "median": 8.24320316315,
        "min": 2.28982615471,
        "var": 20.2113285065
    },
    "erbbands_flatness_db": {
        "dmean": 0.0147005580366,
        "dmean2": 0.0212987978011,
        "dvar": 0.000297527731163,
        "dvar2": 0.000553962658159,
        "max": 0.508264660835,
        "mean": 0.202945649624,
        "median": 0.193028852344,
        "min": 0.0519937612116,
        "var": 0.00961815565825
    },
    "erbbands_kurtosis": {
        "dmean": 0.762769520283,
        "dmean2": 1.20352804661,
        "dvar": 2.10415196419,
        "dvar2": 4.76098394394,
        "max": 33.9363555908,
        "mean": 0.421207666397,
        "median": -0.140872240067,
        "min": -1.7598747015,
        "var": 4.84423017502
    },
    "erbbands_skewness": {
        "dmean": 0.293103009462,
        "dmean2": 0.445821195841,
        "dvar": 0.0929569005966,
        "dvar2": 0.199362948537,
        "max": 4.29901075363,
        "mean": -0.0132867870852,
        "median": -0.0622650459409,
        "min": -4.43822717667,
        "var": 0.606349647045
    },
    "erbbands_spread": {
        "dmean": 6.11894464493,
        "dmean2": 9.09319972992,
        "dvar": 69.9087677002,
        "dvar2": 133.306732178,
        "max": 166.045883179,
        "mean": 31.4441127777,
        "median": 24.738571167,
        "min": 3.1586561203,
        "var": 496.765686035
    },
    "hfc": {
        "dmean": 8.92385959625,
        "dmean2": 13.2325496674,
        "dvar": 328.471588135,
        "dvar2": 755.393920898,
        "max": 280.558410645,
        "mean": 22.7599525452,
        "median": 9.738489151,
        "min": 1.07355311545e-16,
        "var": 840.542480469
    },
    "melbands_crest": {
        "dmean": 2.72617077827,
        "dmean2": 4.20664358139,
        "dvar": 10.9146652222,
        "dvar2": 25.6987438202,
        "max": 38.7611579895,
        "mean": 15.2536087036,
        "median": 11.7962646484,
        "min": 1.40337693691,
        "var": 85.5703964233
    },
    "melbands_flatness_db": {
        "dmean": 0.0229887068272,
        "dmean2": 0.0328202694654,
        "dvar": 0.000970392720774,
        "dvar2": 0.00173972570337,
        "max": 0.576475858688,
        "mean": 0.206650063396,
        "median": 0.184700250626,
        "min": 0.00153781985864,
        "var": 0.0129897939041
    },
    "melbands_kurtosis": {
        "dmean": 12.7205352783,
        "dmean2": 17.7378864288,
        "dvar": 2535.01660156,
        "dvar2": 4659.42333984,
        "max": 1439.20861816,
        "mean": 23.4790172577,
        "median": 1.41877317429,
        "min": -1.85154008865,
        "var": 7471.64892578
    },
    "melbands_skewness": {
        "dmean": 0.762039244175,
        "dmean2": 1.08014142513,
        "dvar": 2.19690585136,
        "dvar2": 3.7893910408,
        "max": 31.7211418152,
        "mean": 2.33843970299,
        "median": 1.09896421432,
        "min": -3.38408827782,
        "var": 13.1612176895
    },
    "melbands_spread": {
        "dmean": 8.31174945831,
        "dmean2": 12.6890306473,
        "dvar": 193.761352539,
        "dvar2": 414.492614746,
        "max": 275.547393799,
        "mean": 32.0000419617,
        "median": 24.8498306274,
        "min": 0.425211250782,
        "var": 744.605102539
    },
    "pitch_salience": {
        "dmean": 0.0643683820963,
        "dmean2": 0.0974551811814,
        "dvar": 0.0054992204532,
        "dvar2": 0.0119276186451,
        "max": 0.969818651676,
        "mean": 0.541011810303,
        "median": 0.582451820374,
        "min": 0.0317285396159,
        "var": 0.0331385582685
    },
    "silence_rate_20dB": {
        "dmean": 0,
        "dmean2": 0,
        "dvar": 0,
        "dvar2": 0,
        "max": 1,
        "mean": 1,
        "median": 1,
        "min": 1,
        "var": 0
    },
    "silence_rate_30dB": {
        "dmean": 0.0237428303808,
        "dmean2": 0.0474919974804,
        "dvar": 0.0231797881424,
        "dvar2": 0.0479063987732,
        "max": 1,
        "mean": 0.950120031834,
        "median": 1,
        "min": 0,
        "var": 0.0473951287568
    },
    "silence_rate_60dB": {
        "dmean": 0.0637588351965,
        "dmean2": 0.127534687519,
        "dvar": 0.059689629823,
        "dvar2": 0.118993662298,
        "max": 1,
        "mean": 0.309815943241,
        "median": 0,
        "min": 0,
        "var": 0.213824078441
    },
    "spectral_centroid": {
        "dmean": 237.512832642,
        "dmean2": 350.124481201,
        "dvar": 113712.359375,
        "dvar2": 216506.40625,
        "max": 11816.5673828,
        "mean": 1837.58935547,
        "median": 1884.73852539,
        "min": 173.065032959,
        "var": 1049503
    },
    "spectral_complexity": {
        "dmean": 3.59743905067,
        "dmean2": 5.42929553986,
        "dvar": 25.8466968536,
        "dvar2": 53.6566925049,
        "max": 57,
        "mean": 15.1379032135,
        "median": 12,
        "min": 0,
        "var": 142.383270264
    },
    "spectral_decrease": {
        "dmean": 2.05908112783e-09,
        "dmean2": 2.87300649937e-09,
        "dvar": 2.53065105432e-17,
        "dvar2": 5.02382751816e-17,
        "max": 8.42335012165e-29,
        "mean": -6.22446849619e-09,
        "median": -1.81317494352e-09,
        "min": -6.9123380797e-08,
        "var": 1.00354114398e-16
    },
    "spectral_energy": {
        "dmean": 0.00829934608191,
        "dmean2": 0.0115251513198,
        "dvar": 0.000360618490959,
        "dvar2": 0.000707806495484,
        "max": 0.263803720474,
        "mean": 0.0255569238216,
        "median": 0.00817805714905,
        "min": 1.01471715926e-20,
        "var": 0.00151440571062
    },
    "spectral_energyband_high": {
        "dmean": 0.000682702404447,
        "dmean2": 0.00106465851422,
        "dvar": 3.6422948142e-06,
        "dvar2": 8.64357025421e-06,
        "max": 0.0377113707364,
        "mean": 0.00139004539233,
        "median": 0.000272298406344,
        "min": 7.15712047339e-21,
        "var": 6.98272287991e-06
    },
    "spectral_energyband_low": {
        "dmean": 0.00599587941542,
        "dmean2": 0.00846049748361,
        "dvar": 0.000408555235481,
        "dvar2": 0.000856538070366,
        "max": 0.260233938694,
        "mean": 0.0154505763203,
        "median": 0.000172110914718,
        "min": 3.34650983421e-23,
        "var": 0.00134853797499
    },
    "spectral_energyband_middle_high": {
        "dmean": 0.00206157728098,
        "dmean2": 0.00303376675583,
        "dvar": 1.41953078128e-05,
        "dvar2": 3.00296360365e-05,
        "max": 0.0597602799535,
        "mean": 0.00527368532494,
        "median": 0.00230635562912,
        "min": 1.29647545444e-21,
        "var": 5.66652379348e-05
    },
    "spectral_energyband_middle_low": {
        "dmean": 0.00174117076676,
        "dmean2": 0.00269549107179,
        "dvar": 1.33045577968e-05,
        "dvar2": 3.28301612171e-05,
        "max": 0.0401229970157,
        "mean": 0.00375729356892,
        "median": 0.00228948472068,
        "min": 1.89834971842e-22,
        "var": 2.10268099181e-05
    },
    "spectral_entropy": {
        "dmean": 0.137785375118,
        "dmean2": 0.198626443744,
        "dvar": 0.0284966751933,
        "dvar2": 0.0513103567064,
        "max": 9.81898021698,
        "mean": 7.48458862305,
        "median": 7.61792373657,
        "min": 4.65360450745,
        "var": 0.662894129753
    },
    "spectral_flux": {
        "dmean": 0.0209901947528,
        "dmean2": 0.0299740545452,
        "dvar": 0.00124421576038,
        "dvar2": 0.00195432058536,
        "max": 0.463465631008,
        "mean": 0.0618017837405,
        "median": 0.045854061842,
        "min": 6.60998963897e-11,
        "var": 0.00440552551299
    },
    "spectral_kurtosis": {
        "dmean": 4.58065319061,
        "dmean2": 7.93846225739,
        "dvar": 95.9033966064,
        "dvar2": 278.123443604,
        "max": 194.69354248,
        "mean": 11.4259395599,
        "median": 4.53078937531,
        "min": -1.22618567944,
        "var": 412.038787842
    },
    "spectral_rms": {
        "dmean": 0.000667296990287,
        "dmean2": 0.000879266357515,
        "dvar": 1.08098447527e-06,
        "dvar2": 1.82121050329e-06,
        "max": 0.0160427391529,
        "mean": 0.00388736883178,
        "median": 0.00282464013435,
        "min": 3.14637573808e-12,
        "var": 9.82197798294e-06
    },
    "spectral_rolloff": {
        "dmean": 620.864562988,
        "dmean2": 996.534362793,
        "dvar": 1584621.125,
        "dvar2": 3423972.25,
        "max": 18992.2851562,
        "mean": 2323.64038086,
        "median": 1550.390625,
        "min": 43.06640625,
        "var": 5958749
    },
    "spectral_skewness": {
        "dmean": 0.366182416677,
        "dmean2": 0.62052321434,
        "dvar": 0.338966190815,
        "dvar2": 0.999132394791,
        "max": 10.8363552094,
        "mean": 1.89972889423,
        "median": 1.47081041336,
        "min": -0.214014932513,
        "var": 1.7737493515
    },
    "spectral_spread": {
        "dmean": 417989,
        "dmean2": 636969,
        "dvar": 426152132608,
        "dvar2": 807506411520,
        "max": 42063380,
        "mean": 4175610,
        "median": 3540762.5,
        "min": 394065.0625,
        "var": 8.00346865664e+12
    },
    "spectral_strongpeak": {
        "dmean": 0.556125760078,
        "dmean2": 0.901563346386,
        "dvar": 1.33962631226,
        "dvar2": 3.2775015831,
        "max": 16.8374214172,
        "mean": 1.13591229916,
        "median": 0.538211584091,
        "min": 0,
        "var": 3.10665941238
    },
    "zerocrossingrate": {
        "dmean": 0.0121144810691,
        "dmean2": 0.0133319152519,
        "dvar": 0.00035177153768,
        "dvar2": 0.000375173229259,
        "max": 0.58544921875,
        "mean": 0.080030195415,
        "median": 0.06298828125,
        "min": 0.00244140625,
        "var": 0.00404314836487
    },
    "barkbands": {
        "dmean": [0.000894105760381, 0.00482434080914, 0.00218198611401, 0.000393740250729, 0.000399660173571, 0.00049559836043, 0.000246768031502, 0.000122625759104, 0.000404887308832, 0.00035137264058, 0.000340704573318, 0.000369756366126, 0.000281634012936, 0.00050374789862, 0.000347402703483, 0.000197737492272, 0.000349775014911, 0.000274870806606, 0.000251418503467, 0.00016693053476, 0.000126276238007, 0.000132832647068, 0.00013168528676, 0.000133595138323, 0.000128505693283, 6.39619247522e-05, 1.17986419355e-05],
        "dmean2": [0.00109547912143, 0.00636926246807, 0.00393887469545, 0.00070668902481, 0.000707714876626, 0.000780146045145, 0.000375567382434, 0.000185984856216, 0.000607674359344, 0.000533323152922, 0.000510097132064, 0.00056266959291, 0.000442858960014, 0.000781662762165, 0.000555158767384, 0.000317998084938, 0.000564035435673, 0.000435061432654, 0.000397166004404, 0.000274061079836, 0.000207736811717, 0.00021728957654, 0.00020699579909, 0.000216245316551, 0.000204989162739, 9.89982581814e-05, 1.90038426808e-05],
        "dvar": [6.12285930401e-06, 0.00025596251362, 0.000167214282556, 3.80735764338e-06, 3.4906286146e-06, 8.11753693597e-07, 3.0438536669e-07, 1.32803407382e-07, 1.27865121158e-06, 9.08801894184e-07, 9.47223782077e-07, 1.45929720929e-06, 1.04184312022e-06, 2.49415916187e-06, 8.81443781964e-07, 3.75167331867e-07, 1.81181155767e-06, 1.15803550216e-06, 4.40997979467e-07, 1.409000987e-07, 9.80573489073e-08, 1.85732034197e-07, 1.98220320158e-07, 2.72568030368e-07, 1.68353608387e-07, 3.94752923683e-08, 1.28158150758e-09],
        "dvar2": [8.8880324256e-06, 0.000441927200882, 0.000467488745926, 1.0919990018e-05, 1.00825727714e-05, 2.07720358958e-06, 7.03716125372e-07, 2.77440051377e-07, 2.56917473962e-06, 2.00652584681e-06, 2.11466749533e-06, 3.27935595124e-06, 2.23958136303e-06, 5.90214585827e-06, 2.08486972042e-06, 9.86890995591e-07, 4.78955325889e-06, 3.02730745716e-06, 1.06766469798e-06, 3.70215730072e-07, 2.63481808815e-07, 4.71311864203e-07, 4.40120885514e-07, 6.22973232112e-07, 4.16516229507e-07, 9.56249763817e-08, 3.19112136715e-09],
        "max": [0.0463726259768, 0.213513806462, 0.1562076509, 0.0242602620274, 0.0238910540938, 0.01440715231, 0.0108054457232, 0.0106933508068, 0.034224588424, 0.0254098027945, 0.0185666400939, 0.0376018323004, 0.0404492504895, 0.0441774278879, 0.0216599591076, 0.0220279041678, 0.0342470854521, 0.0502792187035, 0.0160319041461, 0.00947492104024, 0.00751571077853, 0.0108700580895, 0.0128924511373, 0.0125294560567, 0.00539494166151, 0.00282071949914, 0.000559305713978],
        "mean": [0.00249724346213, 0.0112149799243, 0.00161919055972, 0.000406872335589, 0.000449520128313, 0.00105141440872, 0.000470664730528, 0.000209101795917, 0.000757678586524, 0.000581313855946, 0.000600840023253, 0.0006398751284, 0.000426587503171, 0.000801389629487, 0.000504436553456, 0.00028588360874, 0.000522082846146, 0.000467890757136, 0.000490057573188, 0.000312857126119, 0.000245480827289, 0.000230328209, 0.000237965825363, 0.000226545904297, 0.000196359644178, 9.55804862315e-05, 1.47274768096e-05],
        "median": [1.53794849211e-06, 9.39009332797e-05, 3.8035774196e-05, 2.84726556856e-05, 0.000102679929114, 0.000501775182784, 0.000163129850989, 4.95722924825e-05, 0.00012297630019, 0.000150271254824, 8.28747215564e-05, 0.000144467689097, 8.43783200253e-05, 0.000188807360246, 0.000132631568704, 7.4297793617e-05, 0.000110850291094, 0.000110059161671, 0.00011673298286, 9.54067800194e-05, 3.92369984183e-05, 2.73294390354e-05, 1.39244993989e-05, 1.89837737707e-05, 1.58241709869e-05, 3.05756339003e-06, 1.29784112346e-07],
        "min": [7.06024593716e-25, 9.70541567036e-24, 1.46586695472e-24, 5.75783855479e-25, 8.8203784213e-24, 1.56140311821e-23, 1.5577366505e-23, 5.10900795443e-24, 3.30822862329e-23, 1.81741088561e-23, 1.72357146331e-23, 3.17092801382e-23, 3.34940842472e-23, 7.18827222451e-23, 7.61006731529e-23, 7.9271887681e-23, 9.17347224693e-23, 8.57678227584e-23, 1.08538980674e-22, 2.14266991197e-22, 2.23958040133e-22, 3.53954340352e-22, 3.86173792614e-22, 6.14211392208e-22, 9.97327080327e-22, 1.29719711702e-21, 2.00184554288e-21],
        "var": [3.62589598808e-05, 0.00082377664512, 0.000102380057797, 2.36995083469e-06, 2.40675149143e-06, 2.04063053388e-06, 6.60545197206e-07, 2.91738899705e-07, 4.17726914748e-06, 2.04058096642e-06, 3.11139956466e-06, 3.00606780002e-06, 1.8836401523e-06, 5.25648601979e-06, 1.40047256991e-06, 5.1889645647e-07, 2.90849584417e-06, 2.61519471678e-06, 1.18396042126e-06, 2.74512046872e-07, 1.94255107999e-07, 2.65518394826e-07, 3.32828705041e-07, 4.01054847998e-07, 2.28974130323e-07, 5.29907921987e-08, 1.71690039963e-09]
    },
    "erbbands": {
        "dmean": [0.217686548829, 1.03589975834, 2.5218372345, 1.90045464039, 0.645894289017, 1.65697395802, 2.66857004166, 4.31834745407, 3.94567108154, 4.1441950798, 2.77851319313, 8.52041244507, 14.4213628769, 7.57241821289, 13.4085626602, 16.321554184, 12.5936603546, 24.6360549927, 13.0421352386, 20.3996620178, 15.3926849365, 14.6477851868, 13.9691705704, 13.9753379822, 10.2340669632, 8.30173873901, 5.51329088211, 5.19758558273, 4.78323316574, 4.64906358719, 3.54034423828, 3.12410950661, 2.01939249039, 1.38604688644, 1.01461482048, 0.32205092907, 0.126100763679, 0.0201619341969, 0.00185609934852, 3.49927286152e-05],
        "dmean2": [0.279980480671, 1.42404568195, 4.34297418594, 3.45880103111, 1.05447649956, 2.98150753975, 4.51110458374, 6.79404211044, 5.98973608017, 6.36638259888, 4.11414241791, 12.8006019592, 21.4872989655, 11.6001119614, 19.9537391663, 24.5485420227, 19.4856109619, 38.3696479797, 20.1499729156, 33.0755844116, 24.3587875366, 23.4641399384, 21.6312236786, 22.4051361084, 16.2282848358, 13.5628471375, 9.00440216064, 8.7223033905, 7.93198442459, 7.3957862854, 5.62877845764, 5.06052923203, 3.25512647629, 2.23481273651, 1.61954176426, 0.505758404732, 0.198688596487, 0.0312413815409, 0.00299226748757, 5.3314906836e-05],
        "dvar": [0.442457318306, 18.0392036438, 202.747451782, 115.422470093, 4.74229049683, 62.0174026489, 114.247383118, 58.2362098694, 57.5129699707, 159.021636963, 46.9580459595, 636.451171875, 1478.12854004, 325.611083984, 1183.22619629, 2476.12304688, 2181.46386719, 6023.98925781, 1446.51391602, 3397.64501953, 2373.41186523, 2627.88037109, 3504.19946289, 1379.23254395, 746.438293457, 397.59967041, 124.199661255, 304.940856934, 232.111831665, 267.462341309, 141.706359863, 179.66595459, 65.4000549316, 19.1947860718, 14.0376243591, 1.08431577682, 0.21797272563, 0.00327847455628, 3.14344033541e-05, 8.03705013652e-09],
        "dvar2": [0.773145139217, 34.4769935608, 539.161560059, 329.518768311, 12.3524284363, 181.648468018, 323.610198975, 147.61946106, 127.73323822, 360.818908691, 97.5974655151, 1347.77648926, 3118.31396484, 820.921203613, 2682.73535156, 5358.88671875, 4557.28564453, 14177.3515625, 3473.04418945, 8466.75585938, 6302.06347656, 6852.85205078, 9338.72851562, 3542.25244141, 1831.06738281, 1047.24597168, 324.690643311, 849.613769531, 613.639099121, 625.639343262, 324.094512939, 416.745544434, 154.236358643, 47.6739387512, 34.3144416809, 2.57992553711, 0.550783216953, 0.00790185574442, 7.70431361161e-05, 1.88381221733e-08],
        "max": [9.70044326782, 48.1534118652, 163.878662109, 122.252159119, 25.7141170502, 97.985206604, 130.977157593, 126.611061096, 186.922775269, 266.920715332, 177.188690186, 631.274536133, 960.227416992, 481.130218506, 728.354858398, 1234.02416992, 1823.68212891, 2431.1652832, 1007.78259277, 1580.96411133, 1304.01867676, 1287.40356445, 2581.984375, 1230.08837891, 984.694091797, 579.200195312, 158.754486084, 473.483306885, 299.59085083, 609.059692383, 321.032287598, 446.516784668, 252.362350464, 84.1913223267, 53.8747596741, 21.6497344971, 6.86803722382, 0.823138058186, 0.0893296077847, 0.00132545689121],
        "mean": [0.562088668346, 1.55111658573, 2.08952403069, 1.69455242157, 0.906212627888, 1.7381875515, 3.76947045326, 9.12642478943, 8.51707363129, 7.03326034546, 5.50115823746, 16.1035060883, 25.8570461273, 13.575797081, 24.8739261627, 28.9959754944, 20.9166469574, 39.9728469849, 21.4926376343, 29.1492710114, 23.2227363586, 24.5481719971, 25.2785415649, 26.8048706055, 20.3677539825, 15.6206903458, 11.2199363708, 9.14919090271, 8.2084980011, 8.04277896881, 6.47213172913, 5.0272269249, 3.517765522, 2.32984256744, 1.35989403725, 0.494137823582, 0.171179175377, 0.0309412200004, 0.0022945413366, 7.19022646081e-05],
        "median": [0.00186413538177, 0.0229943208396, 0.0479779317975, 0.0910482183099, 0.222355186939, 0.358583211899, 1.04916465282, 4.14970493317, 3.56547999382, 1.48358619213, 1.65432572365, 3.14079427719, 6.47661876678, 4.48149585724, 6.58060073853, 8.24449253082, 5.24634838104, 10.6460704803, 6.25300979614, 7.90712213516, 5.95344686508, 5.83696842194, 5.838804245, 6.65212535858, 5.23693275452, 4.61157608032, 2.91236448288, 1.25780105591, 1.06461191177, 0.581381320953, 0.373190641403, 0.310782670975, 0.344245642424, 0.238207578659, 0.0711333826184, 0.0199901647866, 0.00438616704196, 0.000637575285509, 3.6520359572e-05, 1.62665710377e-05],
        "min": [2.06437893812e-22, 1.64032581188e-21, 3.04899722944e-21, 1.70330818383e-20, 1.93601961641e-20, 2.66308310207e-20, 7.21336584699e-20, 1.29093037569e-19, 2.99812931339e-19, 2.62723729485e-19, 2.44273698567e-19, 5.7378567092e-19, 8.98218986957e-19, 7.88690812976e-19, 1.26352448613e-18, 1.54051594381e-18, 1.8939683584e-18, 3.14016971795e-18, 5.87556273905e-18, 4.53352836963e-18, 5.36702491975e-18, 5.5096329253e-18, 6.88571528951e-18, 7.30310566352e-18, 7.92538784808e-18, 9.57326149564e-18, 1.25935245596e-17, 1.08210063742e-17, 1.32333537265e-17, 1.11521606878e-17, 1.14277292914e-17, 1.17574153595e-17, 1.07367158426e-17, 9.57885902684e-18, 7.22456651872e-18, 3.72943602233e-18, 2.28294073567e-18, 9.50252473197e-19, 2.55263439239e-19, 2.84598501397e-20],
        "var": [1.79014194012, 29.6613254547, 143.392852783, 68.8379135132, 4.51022911072, 42.0692672729, 87.6375045776, 161.530227661, 184.846481323, 314.169891357, 129.469726562, 1819.89916992, 3884.80957031, 700.41394043, 3459.21630859, 4949.94726562, 4182.77197266, 12758.0742188, 2635.92504883, 4556.32763672, 3447.40161133, 5145.10498047, 7749.94824219, 3326.94018555, 1914.40722656, 730.403991699, 320.274780273, 390.262023926, 319.877471924, 386.537139893, 244.060165405, 224.228439331, 98.1929626465, 29.9777240753, 15.8818702698, 1.51249587536, 0.230691596866, 0.00528281135485, 4.32231026934e-05, 1.61705617785e-08]
    },
    "gfcc": {
        "mean": [-75.543548584, 87.3761901855, -144.256835938, 13.4610366821, -51.417427063, 8.48189353943, -32.4623336792, 5.77105617523, -19.6597194672, 3.41319775581, -4.95299720764, 3.62504696846, -3.47117948532],
        "cov": [[23156.2128906, -8583.9453125, 2359.35498047, 3425.28686523, -540.659301758, 2256.15087891, -387.903106689, 2059.03662109, -872.165405273, 1281.72583008, -863.828613281, 455.397705078, -587.891601562], [-8583.9453125, 6559.80078125, -1388.46643066, -1523.09899902, 609.200622559, -1254.77453613, 353.384552002, -1146.48120117, 547.071472168, -722.118835449, 636.281860352, -392.387420654, 410.650421143], [2359.35498047, -1388.46643066, 1733.34326172, 860.865905762, 155.811294556, 677.723449707, 166.008377075, 435.11517334, 72.1040496826, 285.412750244, -195.475570679, 218.81010437, -144.897735596], [3425.28686523, -1523.09899902, 860.865905762, 1239.85314941, -10.8835477829, 637.968017578, 69.21900177, 468.261108398, -11.3432502747, 271.620910645, -143.876571655, 138.543670654, -81.1659698486], [-540.659301758, 609.200622559, 155.811294556, -10.8835477829, 348.596557617, -8.79862213135, 133.732421875, -10.8338956833, 92.9877166748, -12.2880172729, 71.3925476074, -32.5666732788, 24.9646377563], [2256.15087891, -1254.77453613, 677.723449707, 637.968017578, -8.79862213135, 589.524658203, 88.3377151489, 329.509796143, -11.0449848175, 223.495178223, -115.395378113, 125.102256775, -84.8836364746], [-387.903106689, 353.384552002, 166.008377075, 69.21900177, 133.732421875, 88.3377151489, 216.792190552, 14.9870939255, 117.24646759, 8.04468536377, 57.1900482178, 12.1413269043, 16.1718425751], [2059.03662109, -1146.48120117, 435.11517334, 468.261108398, -10.8338956833, 329.509796143, 14.9870939255, 414.328552246, -65.7398986816, 190.541946411, -92.0830688477, 76.8833999634, -52.3455238342], [-872.165405273, 547.071472168, 72.1040496826, -11.3432502747, 92.9877166748, -11.0449848175, 117.24646759, -65.7398986816, 227.465545654, -2.99764299393, 70.0801391602, 35.890171051, 27.385055542], [1281.72583008, -722.118835449, 285.412750244, 271.620910645, -12.2880172729, 223.495178223, 8.04468536377, 190.541946411, -2.99764299393, 207.285568237, -21.726272583, 73.1771469116, -37.4229125977], [-863.828613281, 636.281860352, -195.475570679, -143.876571655, 71.3925476074, -115.395378113, 57.1900482178, -92.0830688477, 70.0801391602, -21.726272583, 170.519073486, -8.0808801651, 74.5596313477], [455.397705078, -392.387420654, 218.81010437, 138.543670654, -32.5666732788, 125.102256775, 12.1413269043, 76.8833999634, 35.890171051, 73.1771469116, -8.0808801651, 150.772354126, 7.6158914566], [-587.891601562, 410.650421143, -144.897735596, -81.1659698486, 24.9646377563, -84.8836364746, 16.1718425751, -52.3455238342, 27.385055542, -37.4229125977, 74.5596313477, 7.6158914566, 124.761985779]],
        "icov": [[0.000132180328364, -1.19018359328e-05, 7.81295821071e-05, -0.000196604029043, -2.66968181677e-05, -0.00010213196947, 0.000104664868559, -0.000176615969394, 0.000338378769811, -0.000341016013408, 0.00017378674238, -0.00011815122707, 0.000199835893], [-1.19018359328e-05, 0.00108557287604, -0.00019097092445, 3.42113489751e-05, -0.000628943322226, 0.000645835476462, -0.000532680540346, 0.00106455816422, -0.00133440154605, 0.00144476792775, -0.00151253503282, 0.00153173599392, -0.00121112470515], [7.81295821071e-05, -0.00019097092445, 0.00161734351423, -0.000428241502959, -0.000847520423122, -0.000754908949602, -0.000301056832541, -0.000348065921571, 0.000212786093471, -0.000773496809416, 0.00166732922662, -0.00167662615422, 0.000972670153715], [-0.000196604029043, 3.42113489751e-05, -0.000428241502959, 0.00242926552892, 0.000201574381208, -0.00150750414468, 0.000336304685334, -0.000805511197541, -0.00104991951957, 0.000658320088405, -0.000301710300846, 0.000706764461938, -0.000838439678773], [-2.66968181677e-05, -0.000628943322226, -0.000847520423122, 0.000201574381208, 0.00507333129644, 0.000227297161473, -0.00150932290126, -0.00105829827953, 0.000108215208456, -0.000516172905918, -0.000756137713324, 0.00123211287428, 0.000180367584107], [-0.00010213196947, 0.000645835476462, -0.000754908949602, -0.00150750414468, 0.000227297161473, 0.0072878152132, -0.00349905714393, 0.000223537848797, 0.000176699162694, -0.00175275886431, 0.000736200832762, -0.000513093662448, 2.25713083637e-05], [0.000104664868559, -0.000532680540346, -0.000301056832541, 0.000336304685334, -0.00150932290126, -0.00349905714393, 0.0103252856061, -0.00153050979134, -0.00294417445548, 0.00175073591527, -0.00236967904493, 0.000645301886834, 0.000604637374636], [-0.000176615969394, 0.00106455816422, -0.000348065921571, -0.000805511197541, -0.00105829827953, 0.000223537848797, -0.00153050979134, 0.00777804618701, 0.000363242143067, -0.0018734211335, -3.46374763467e-05, 0.00122096634004, -0.00213436037302], [0.000338378769811, -0.00133440154605, 0.000212786093471, -0.00104991951957, 0.000108215208456, 0.000176699162694, -0.00294417445548, 0.000363242143067, 0.0103514222428, -0.00373832136393, 0.0013783632312, -0.00459958380088, 0.00224690022878], [-0.000341016013408, 0.00144476792775, -0.000773496809416, 0.000658320088405, -0.000516172905918, -0.00175275886431, 0.00175073591527, -0.0018734211335, -0.00373832136393, 0.0146600464359, -0.00666695646942, 0.000871332886163, 0.000214436760871], [0.00017378674238, -0.00151253503282, 0.00166732922662, -0.000301710300846, -0.000756137713324, 0.000736200832762, -0.00236967904493, -3.46374763467e-05, 0.0013783632312, -0.00666695646942, 0.0152612552047, -0.00330552062951, -0.002738582436], [-0.00011815122707, 0.00153173599392, -0.00167662615422, 0.000706764461938, 0.00123211287428, -0.000513093662448, 0.000645301886834, 0.00122096634004, -0.00459958380088, 0.000871332886163, -0.00330552062951, 0.013515711762, -0.00483149150386], [0.000199835893, -0.00121112470515, 0.000972670153715, -0.000838439678773, 0.000180367584107, 2.25713083637e-05, 0.000604637374636, -0.00213436037302, 0.00224690022878, 0.000214436760871, -0.002738582436, -0.00483149150386, 0.0140355546027]]
    },
    "melbands": {
        "dmean": [0.00156970019452, 0.00127594720107, 0.000299177569104, 6.85117411194e-05, 9.52706031967e-05, 9.88232641248e-05, 5.92875076109e-05, 4.10821485275e-05, 2.8091502827e-05, 5.71445052628e-05, 7.16836220818e-05, 2.84965444735e-05, 5.14028979524e-05, 4.55167792097e-05, 3.27307825501e-05, 2.49043678195e-05, 5.25729010405e-05, 2.31847443501e-05, 2.4874932933e-05, 1.90260379895e-05, 2.2260892365e-05, 1.67585531017e-05, 1.7765976736e-05, 1.3165729797e-05, 1.20308668556e-05, 8.7888302005e-06, 6.40547295916e-06, 5.45345619685e-06, 4.00250473831e-06, 2.9623276987e-06, 3.40911174135e-06, 2.88643354907e-06, 2.68161443273e-06, 2.74447506854e-06, 2.23586835091e-06, 1.97604731511e-06, 1.97628196474e-06, 1.57501597187e-06, 1.13104374577e-06, 1.26112547605e-06],
        "dmean2": [0.00189504504669, 0.00193751440383, 0.000543520611245, 0.000118267525977, 0.000164769196999, 0.000154417881276, 9.04003100004e-05, 6.31368748145e-05, 4.19971984229e-05, 8.56384649524e-05, 0.000106821855297, 4.4305845222e-05, 7.67034216551e-05, 6.92228204571e-05, 4.96719003422e-05, 3.97721123591e-05, 8.18650296424e-05, 3.63401450159e-05, 3.98511510866e-05, 3.10857976729e-05, 3.57673416147e-05, 2.72627748927e-05, 2.76068585663e-05, 2.1231278879e-05, 1.93466039491e-05, 1.4034074411e-05, 1.04258951978e-05, 8.978257938e-06, 6.61843705529e-06, 4.87121087644e-06, 5.79565266889e-06, 4.84145857627e-06, 4.39213999925e-06, 4.38182905782e-06, 3.59042746823e-06, 3.18745719596e-06, 3.26373469761e-06, 2.56851012637e-06, 1.7921881863e-06, 2.07947118724e-06],
        "dvar": [2.07995763049e-05, 3.85167113564e-05, 2.7384344321e-06, 8.07981805906e-08, 1.70179703218e-07, 3.01912592704e-08, 1.23400223373e-08, 1.57344182128e-08, 6.08558448079e-09, 2.45306690516e-08, 3.67404595636e-08, 5.15087483777e-09, 2.03243537555e-08, 2.33394032989e-08, 1.28263364374e-08, 5.18128295823e-09, 3.03352614139e-08, 6.26027407691e-09, 5.32994270941e-09, 3.31365535011e-09, 6.39752251175e-09, 3.76166298111e-09, 7.63833085671e-09, 1.53847889983e-09, 1.1598045857e-09, 5.04949748681e-10, 2.31561395059e-10, 1.89517901372e-10, 6.99109381497e-11, 4.09115553934e-11, 1.67091770975e-10, 9.38928171323e-11, 8.77533462562e-11, 8.67553459627e-11, 4.81679245101e-11, 9.43499584016e-11, 5.90757998076e-11, 4.48313712542e-11, 1.38943865094e-11, 1.80763667923e-11],
        "dvar2": [3.4659744415e-05, 9.18079531402e-05, 7.78519461164e-06, 2.26711463824e-07, 4.88031389523e-07, 7.55369171657e-08, 2.80848375667e-08, 3.55523397388e-08, 1.26704611247e-08, 5.1043677729e-08, 7.72631452151e-08, 1.32127970787e-08, 4.54134294614e-08, 5.30305754864e-08, 2.75132485683e-08, 1.11803757363e-08, 7.16159362923e-08, 1.53362123001e-08, 1.2189325993e-08, 8.8001579357e-09, 1.73678564863e-08, 9.79749703589e-09, 1.97693399429e-08, 4.08137079688e-09, 3.00892399885e-09, 1.21106058515e-09, 5.79289227698e-10, 5.05143371576e-10, 1.86496693089e-10, 1.0606483053e-10, 4.70786243323e-10, 2.59167104444e-10, 2.09401981865e-10, 2.00699123987e-10, 1.17840431857e-10, 2.28365437671e-10, 1.36201577794e-10, 1.10131515019e-10, 3.2402559802e-11, 4.73751107788e-11],
        "max": [0.069578140974, 0.0755831822753, 0.0187988989055, 0.00393248768523, 0.00484387110919, 0.00315718282945, 0.00251522427425, 0.00241520861164, 0.00194393354468, 0.00378088187426, 0.00480823218822, 0.00212844274938, 0.00262330053374, 0.0053453319706, 0.00427688192576, 0.00208096951246, 0.00548913516104, 0.00243008276448, 0.00208908016793, 0.00181239226367, 0.00231172260828, 0.00159674475435, 0.00381745561026, 0.001275246148, 0.00110981205944, 0.0005420075031, 0.000500443333294, 0.000468824291602, 0.000148067832924, 8.06944153737e-05, 0.000376335403416, 0.000216629181523, 0.000330735347234, 0.000330396695063, 0.000171872481587, 0.000343356485246, 0.000208710756851, 0.000239466797211, 0.000108461244963, 8.32021978567e-05],
        "mean": [0.0039860769175, 0.00140061276034, 0.000272502715234, 8.43357047415e-05, 0.000124248079374, 0.000213545019506, 0.000125393285998, 6.82797617628e-05, 5.46104784007e-05, 0.000106856532511, 0.000126846338389, 4.81405440951e-05, 9.25621716306e-05, 7.91339916759e-05, 5.47598101548e-05, 3.87291875086e-05, 8.34576712805e-05, 3.5460710933e-05, 3.67634020222e-05, 2.68001113e-05, 3.07927657559e-05, 2.51265191764e-05, 2.81021948467e-05, 2.1372557967e-05, 2.17755386984e-05, 1.65374876815e-05, 1.19965143313e-05, 9.73167880147e-06, 7.50392973714e-06, 5.45717421119e-06, 5.31683554073e-06, 4.66127312393e-06, 4.40359917775e-06, 4.50540755992e-06, 3.87922273148e-06, 3.24370466842e-06, 2.971009053e-06, 2.53477310252e-06, 2.08495657716e-06, 1.92077936845e-06],
        "median": [2.31140893447e-05, 2.73549303529e-05, 2.02284900297e-05, 1.89752081496e-05, 3.11569310725e-05, 9.84603684628e-05, 5.38429230801e-05, 1.2565353245e-05, 1.1871848983e-05, 2.07495722861e-05, 2.84606649075e-05, 1.44159312185e-05, 1.62362739502e-05, 1.8014365196e-05, 1.22283963719e-05, 9.23704556044e-06, 1.97222652787e-05, 8.15014027467e-06, 9.42993756325e-06, 7.35610183256e-06, 6.60340583636e-06, 5.76547336095e-06, 4.21076674684e-06, 5.42081124877e-06, 4.97477140016e-06, 3.80517576559e-06, 3.25119299305e-06, 2.80742142422e-06, 1.77646859356e-06, 8.70001144904e-07, 5.71457803744e-07, 6.16332897607e-07, 4.52775140047e-07, 2.53738733136e-07, 1.98130720719e-07, 1.77844711402e-07, 1.86944291158e-07, 2.37219694554e-07, 2.27354988169e-07, 1.73502371581e-07],
        "min": [4.14260916932e-24, 2.82518483355e-24, 3.69272179507e-24, 2.1092448499e-24, 1.94724634655e-24, 3.52810900669e-24, 4.58133968379e-24, 3.24026293149e-24, 2.60467198091e-24, 3.62454054703e-24, 3.89315123514e-24, 3.43137375489e-24, 4.64048531902e-24, 3.31678618639e-24, 4.67491120892e-24, 4.11370451689e-24, 5.73778847159e-24, 6.81316286873e-24, 5.82539541942e-24, 5.1487373562e-24, 5.10487353442e-24, 5.29741475986e-24, 4.2081149956e-24, 3.66386131886e-24, 5.50036382166e-24, 4.18968444384e-24, 5.6684239322e-24, 5.76613224392e-24, 6.96595733746e-24, 5.59718269271e-24, 7.02714375586e-24, 6.60282928e-24, 4.64107538697e-24, 5.16591046367e-24, 6.86340384206e-24, 5.46301244109e-24, 6.31195812045e-24, 6.73266119108e-24, 6.1471126181e-24, 8.15948889871e-24],
        "var": [8.94074473763e-05, 3.90294517274e-05, 1.64749371834e-06, 6.62426558051e-08, 1.18343841393e-07, 8.74428849329e-08, 3.71892916462e-08, 3.11355741189e-08, 1.84128623459e-08, 7.42384003161e-08, 9.71223315105e-08, 9.66930802093e-09, 6.62415970965e-08, 4.86690190371e-08, 2.35208617028e-08, 9.24785581446e-09, 6.38565822442e-08, 1.03704342891e-08, 8.87892070978e-09, 3.80295617219e-09, 8.25852719544e-09, 5.53552759186e-09, 1.66025984072e-08, 2.72814504321e-09, 2.53862419974e-09, 1.26717558668e-09, 5.66474422925e-10, 3.06181663356e-10, 1.59770016661e-10, 9.08977407232e-11, 1.77762651821e-10, 1.13072218255e-10, 1.18194093401e-10, 1.26178276161e-10, 8.29190605067e-11, 1.06312868231e-10, 7.59695917285e-11, 5.95196600339e-11, 2.51703848736e-11, 2.29982092398e-11]
    },
    "mfcc": {
        "mean": [-702.091064453, 111.290985107, -21.4569225311, 4.76553583145, 2.33862709999, -0.383532762527, 1.68654739857, -0.0554629079998, -3.14614772797, -0.478738665581, -0.835570216179, -0.321561992168, 2.62278437614],
        "cov": [[14793.3417969, -4970.39746094, 510.005493164, 1719.26818848, 324.020629883, 519.233398438, 792.527832031, 502.563568115, 519.743713379, 681.096496582, 335.613708496, 109.179382324, 107.588554382], [-4970.39746094, 3969.56567383, -583.609802246, -564.535339355, 16.6339607239, -297.27835083, -207.987091064, -315.955718994, -271.26852417, -249.999603271, -140.386260986, -99.3461914062, 4.3825674057], [510.005493164, -583.609802246, 1176.61779785, 257.356018066, 194.926864624, 370.917510986, 72.6480331421, 271.771881104, 210.681549072, 116.468338013, 113.754882812, 157.032684326, 43.5408782959], [1719.26818848, -564.535339355, 257.356018066, 610.112060547, 158.579299927, 183.370437622, 189.463241577, 174.114532471, 169.013534546, 149.656280518, 90.3300018311, 94.7052688599, 58.9848937988], [324.020629883, 16.6339607239, 194.926864624, 158.579299927, 241.552108765, 77.6420211792, 98.891494751, 69.2096939087, 80.5363616943, 63.9182243347, 42.8084869385, 36.8698387146, 32.5428581238], [519.233398438, -297.27835083, 370.917510986, 183.370437622, 77.6420211792, 345.111938477, 58.861415863, 152.44934082, 110.591316223, 85.4923324585, 81.0307312012, 90.4794921875, 48.7049942017], [792.527832031, -207.987091064, 72.6480331421, 189.463241577, 98.891494751, 58.861415863, 264.98538208, 71.8800125122, 72.7421798706, 111.031333923, 69.8486938477, -0.947335898876, 20.0921077728], [502.563568115, -315.955718994, 271.771881104, 174.114532471, 69.2096939087, 152.44934082, 71.8800125122, 205.295043945, 119.906394958, 64.537322998, 59.8319244385, 76.1135635376, 25.5352973938], [519.743713379, -271.26852417, 210.681549072, 169.013534546, 80.5363616943, 110.591316223, 72.7421798706, 119.906394958, 161.727264404, 90.8640289307, 55.3458900452, 59.0147018433, 33.6866722107], [681.096496582, -249.999603271, 116.468338013, 149.656280518, 63.9182243347, 85.4923324585, 111.031333923, 64.537322998, 90.8640289307, 149.134475708, 78.2380371094, 18.5576477051, 27.2102718353], [335.613708496, -140.386260986, 113.754882812, 90.3300018311, 42.8084869385, 81.0307312012, 69.8486938477, 59.8319244385, 55.3458900452, 78.2380371094, 116.909210205, 62.8968963623, 25.4908542633], [109.179382324, -99.3461914062, 157.032684326, 94.7052688599, 36.8698387146, 90.4794921875, -0.947335898876, 76.1135635376, 59.0147018433, 18.5576477051, 62.8968963623, 149.114364624, 55.3789176941], [107.588554382, 4.3825674057, 43.5408782959, 58.9848937988, 32.5428581238, 48.7049942017, 20.0921077728, 25.5352973938, 33.6866722107, 27.2102718353, 25.4908542633, 55.3789176941, 89.4883041382]],
