{
"lowlevel": {
    "average_loudness": 0.976452052593,
    "barkbands_crest": {
        "dmean": 2.2500166893,
        "dmean2": 3.47957777977,
        "dvar": 5.16315507889,
        "dvar2": 12.7354726791,
        "max": 25.6313610077,
        "mean": 13.4660892487,
        "median": 13.4020385742,
        "min": 3.00070047379,
        "var": 15.452796936
    },
    "barkbands_flatness_db": {
        "dmean": 0.0267084557563,
        "dmean2": 0.0393349789083,
        "dvar": 0.000904893502593,
        "dvar2": 0.00162089022342,
        "max": 0.523746788502,
        "mean": 0.150975003839,
        "median": 0.133047565818,
        "min": 0.018040439114,
        "var": 0.00508508086205
    },
    "barkbands_kurtosis": {
        "dmean": 7.4241642952,
        "dmean2": 11.1091518402,
        "dvar": 170.09147644,
        "dvar2": 349.05255127,
        "max": 299.554199219,
        "mean": 13.0900764465,
        "median": 7.08679485321,
        "min": -1.70844769478,
        "var": 348.400878906
    },
    "barkbands_skewness": {
        "dmean": 0.772025644779,
        "dmean2": 1.15256118774,
        "dvar": 0.892160654068,
        "dvar2": 1.71751010418,
        "max": 14.9518299103,
        "mean": 2.94586777687,
        "median": 2.70709681511,
        "min": -2.71392917633,
        "var": 2.96561574936
    },
    "barkbands_spread": {
        "dmean": 6.79134750366,
        "dmean2": 10.212395668,
        "dvar": 72.753036499,
        "dvar2": 140.305511475,
        "max": 94.8202972412,
        "mean": 22.2846889496,
        "median": 18.8122138977,
        "min": 0.327495157719,
        "var": 234.618148804
    },
    "dissonance": {
        "dmean": 0.0108766583726,
        "dmean2": 0.018614243716,
        "dvar": 0.000213529390749,
        "dvar2": 0.000613284646533,
        "max": 0.500000119209,
        "mean": 0.474604159594,
        "median": 0.479501932859,
        "min": 0.122157044709,
        "var": 0.000691701949108
    },
    "dynamic_complexity": 1.42319083214,
    "erbbands_crest": {
        "dmean": 1.75812160969,
        "dmean2": 2.83071947098,
        "dvar": 4.10707998276,
        "dvar2": 8.58431434631,
        "max": 29.4884757996,
        "mean": 6.43313026428,
        "median": 5.22202205658,
        "min": 1.97430360317,
        "var": 14.2717781067
    },
    "erbbands_flatness_db": {
        "dmean": 0.0100652910769,
        "dmean2": 0.0149977700785,
        "dvar": 0.000176526285941,
        "dvar2": 0.000325074885041,
        "max": 0.514168083668,
        "mean": 0.110604912043,
        "median": 0.0751692205667,
        "min": 0.0408635288477,
        "var": 0.00630575837567
    },
    "erbbands_kurtosis": {
        "dmean": 0.490180671215,
        "dmean2": 0.789279282093,
        "dvar": 3.92959117889,
        "dvar2": 10.0051403046,
        "max": 72.8610534668,
        "mean": -0.459914773703,
        "median": -0.874001026154,
        "min": -1.81884360313,
        "var": 7.01249980927
    },
    "erbbands_skewness": {
        "dmean": 0.249830231071,
        "dmean2": 0.381347358227,
        "dvar": 0.0959523320198,
        "dvar2": 0.207739502192,
        "max": 6.37921237946,
        "mean": 0.0533195957541,
        "median": 0.0854226574302,
        "min": -2.08223104477,
        "var": 0.437014967203
    },
    "erbbands_spread": {
        "dmean": 8.29393196106,
        "dmean2": 13.243229866,
        "dvar": 80.0982666016,
        "dvar2": 179.473190308,
        "max": 142.134719849,
        "mean": 66.4894866943,
        "median": 69.2157897949,
        "min": 0.828238844872,
        "var": 637.220031738
    },
    "hfc": {
        "dmean": 10.3794469833,
        "dmean2": 15.8488044739,
        "dvar": 200.271759033,
        "dvar2": 438.704833984,
        "max": 205.174407959,
        "mean": 35.6732292175,
        "median": 30.800535202,
        "min": 1.05576833524e-16,
        "var": 502.654449463
    },
    "melbands_crest": {
        "dmean": 2.43255329132,
        "dmean2": 3.90081858635,
        "dvar": 6.80050086975,
        "dvar2": 16.7844905853,
        "max": 33.2877655029,
        "mean": 18.143245697,
        "median": 18.4556751251,
        "min": 1.56895303726,
        "var": 18.1464691162
    },
    "melbands_flatness_db": {
        "dmean": 0.0313017964363,
        "dmean2": 0.0460920110345,
        "dvar": 0.00128016166855,
        "dvar2": 0.00230152625591,
        "max": 0.623288094997,
        "mean": 0.243116512895,
        "median": 0.230812773108,
        "min": 0.003329167841,
        "var": 0.00657363515347
    },
    "melbands_kurtosis": {
        "dmean": 21.1305427551,
        "dmean2": 32.0441246033,
        "dvar": 950.632202148,
        "dvar2": 1844.02734375,
        "max": 553.67388916,
        "mean": 49.3484649658,
        "median": 36.0750160217,
        "min": -1.42431092262,
        "var": 2321.14477539
    },
    "melbands_skewness": {
        "dmean": 1.10605919361,
        "dmean2": 1.70442938805,
        "dvar": 1.62336063385,
        "dvar2": 3.21801543236,
        "max": 18.0499954224,
        "mean": 5.41481924057,
        "median": 5.26311016083,
        "min": -0.587192058563,
        "var": 5.90936183929
    },
    "melbands_spread": {
        "dmean": 4.39829683304,
        "dmean2": 6.85617399216,
        "dvar": 37.3201332092,
        "dvar2": 76.3231506348,
        "max": 186.02571106,
        "mean": 13.8173942566,
        "median": 10.3454351425,
        "min": 0.399160414934,
        "var": 208.130508423
    },
    "pitch_salience": {
        "dmean": 0.0669910162687,
        "dmean2": 0.104217201471,
        "dvar": 0.00448789354414,
        "dvar2": 0.0101957973093,
        "max": 0.912947297096,
        "mean": 0.478310137987,
        "median": 0.475869119167,
        "min": 0.0885094255209,
        "var": 0.0126901818439
    },
    "silence_rate_20dB": {
        "dmean": 0,
        "dmean2": 0,
        "dvar": 0,
        "dvar2": 0,
        "max": 1,
        "mean": 1,
        "median": 1,
        "min": 1,
        "var": 0
    },
    "silence_rate_30dB": {
        "dmean": 0.0259000267833,
        "dmean2": 0.0518067590892,
        "dvar": 0.0252296365798,
        "dvar2": 0.0659613981843,
        "max": 1,
        "mean": 0.981095433235,
        "median": 1,
        "min": 0,
        "var": 0.0185471586883
    },
    "silence_rate_60dB": {
        "dmean": 0.0018130018143,
        "dmean2": 0.003626473248,
        "dvar": 0.00180966313928,
        "dvar2": 0.00361342960969,
        "max": 1,
        "mean": 0.0207173377275,
        "median": 0,
        "min": 0,
        "var": 0.0202899463475
    },
    "spectral_centroid": {
        "dmean": 229.512237549,
        "dmean2": 351.18170166,
        "dvar": 73974.0546875,
        "dvar2": 139441.75,
        "max": 11790.8916016,
        "mean": 1293.64147949,
        "median": 1131.49108887,
        "min": 194.252578735,
        "var": 825804.75
    },
    "spectral_complexity": {
        "dmean": 5.66252279282,
        "dmean2": 8.57246494293,
        "dvar": 35.0340003967,
        "dvar2": 62.4506225586,
        "max": 58,
        "mean": 26.4099445343,
        "median": 27,
        "min": 0,
        "var": 137.580047607
    },
    "spectral_decrease": {
        "dmean": 3.66416830211e-09,
        "dmean2": 5.97573812655e-09,
        "dvar": 1.5591366893e-17,
        "dvar2": 4.38867192173e-17,
        "max": 4.14662374558e-22,
        "mean": -1.73937984016e-08,
        "median": -1.79469701322e-08,
        "min": -4.88360392126e-08,
        "var": 3.92526681373e-17
    },
    "spectral_energy": {
        "dmean": 0.0140541326255,
        "dmean2": 0.023072110489,
        "dvar": 0.000225718147703,
        "dvar2": 0.000644220446702,
        "max": 0.186153098941,
        "mean": 0.0688839405775,
        "median": 0.0712076574564,
        "min": 9.86015042138e-21,
        "var": 0.000558992556762
    },
    "spectral_energyband_high": {
        "dmean": 0.000874332385138,
        "dmean2": 0.00129128235858,
        "dvar": 1.95986308427e-06,
        "dvar2": 4.18452555095e-06,
        "max": 0.0208394359797,
        "mean": 0.00237234891392,
        "median": 0.00158211623784,
        "min": 7.01799014839e-21,
        "var": 6.20811215413e-06
    },
    "spectral_energyband_low": {
        "dmean": 0.0141814714298,
        "dmean2": 0.0223683062941,
        "dvar": 0.000277373212157,
        "dvar2": 0.000696711998899,
        "max": 0.183208495378,
        "mean": 0.0459470339119,
        "median": 0.0465820766985,
        "min": 1.84563128009e-23,
        "var": 0.000648802379146
    },
    "spectral_energyband_middle_high": {
        "dmean": 0.00164461310487,
        "dmean2": 0.00264651700854,
        "dvar": 4.76481727674e-06,
        "dvar2": 1.0668599316e-05,
        "max": 0.0231486298144,
        "mean": 0.00463677756488,
        "median": 0.00386024476029,
        "min": 1.24658814323e-21,
        "var": 1.26160703076e-05
    },
    "spectral_energyband_middle_low": {
        "dmean": 0.0061096274294,
        "dmean2": 0.00931641459465,
        "dvar": 7.59914109949e-05,
        "dvar2": 0.000157436326845,
        "max": 0.101951509714,
        "mean": 0.018799835816,
        "median": 0.0135935684666,
        "min": 2.04680248606e-22,
        "var": 0.000206746073673
    },
    "spectral_entropy": {
        "dmean": 0.142042815685,
        "dmean2": 0.210207179189,
        "dvar": 0.031318128109,
        "dvar2": 0.0572369545698,
        "max": 9.82352828979,
        "mean": 7.83251428604,
        "median": 7.9838218689,
        "min": 3.91589188576,
        "var": 0.338101476431
    },
    "spectral_flux": {
        "dmean": 0.0375399328768,
        "dmean2": 0.0609158314764,
        "dvar": 0.0018071756931,
        "dvar2": 0.00424541952088,
        "max": 0.332281202078,
        "mean": 0.100983604789,
        "median": 0.0828116089106,
        "min": 6.47546183341e-11,
        "var": 0.00319583830424
    },
    "spectral_kurtosis": {
        "dmean": 2.03892445564,
        "dmean2": 3.47234535217,
        "dvar": 34.2076759338,
        "dvar2": 101.662528992,
        "max": 242.448425293,
        "mean": 5.47979545593,
        "median": 2.56875801086,
        "min": -1.24536216259,
        "var": 206.656158447
    },
    "spectral_rms": {
        "dmean": 0.000834322650917,
        "dmean2": 0.00136742962059,
        "dvar": 7.76173180839e-07,
        "dvar2": 2.18011086872e-06,
        "max": 0.0134763782844,
        "mean": 0.0079993577674,
        "median": 0.0083349198103,
        "min": 3.10155742235e-12,
        "var": 3.21386642099e-06
    },
    "spectral_rolloff": {
        "dmean": 423.120513916,
        "dmean2": 700.934143066,
        "dvar": 801651.5625,
        "dvar2": 1816866.875,
        "max": 19530.6152344,
        "mean": 958.715393066,
        "median": 387.59765625,
        "min": 64.599609375,
        "var": 3267969.5
    },
    "spectral_skewness": {
        "dmean": 0.19926391542,
        "dmean2": 0.328440189362,
        "dvar": 0.119012989104,
        "dvar2": 0.353748857975,
        "max": 12.3646907806,
        "mean": 1.45554208755,
        "median": 1.34577584267,
        "min": -0.090861402452,
        "var": 0.92266535759
    },
    "spectral_spread": {
        "dmean": 479721.875,
        "dmean2": 695154.6875,
        "dvar": 432286269440,
        "dvar2": 757060993024,
        "max": 42241188,
        "mean": 6104143,
        "median": 6433621.5,
        "min": 437087.46875,
        "var": 1.0861439615e+13
    },
    "spectral_strongpeak": {
        "dmean": 0.234317570925,
        "dmean2": 0.400293171406,
        "dvar": 0.115896135569,
        "dvar2": 0.288792848587,
        "max": 6.01678991318,
        "mean": 0.69035577774,
        "median": 0.508662521839,
        "min": 0,
        "var": 0.278044521809
    },
    "zerocrossingrate": {
        "dmean": 0.0122652687132,
        "dmean2": 0.0140992552042,
        "dvar": 0.000191872517462,
        "dvar2": 0.00025579080102,
        "max": 0.64794921875,
        "mean": 0.0562512911856,
        "median": 0.046875,
        "min": 0.00390625,
        "var": 0.00210968125612
    },
    "barkbands": {
        "dmean": [0.000591842341237, 0.0107199279591, 0.00608152011409, 0.00349359610118, 0.0026779260952, 0.000991293461993, 0.000475377019029, 0.000477988854982, 0.000394677044824, 0.000385199004086, 0.000276007747743, 0.000438952207332, 0.000245625007665, 0.000281686690869, 0.000235110215726, 0.000159634117153, 0.000188690799405, 0.000166934740264, 0.000156223177328, 0.000159787217854, 0.000148520935909, 0.000140218631714, 0.000165275312611, 0.000171987441718, 0.000173768930836, 0.00012093809346, 3.39123398589e-05],
        "dmean2": [0.000955388997681, 0.0163148269057, 0.00953985471278, 0.00565528776497, 0.00418678717688, 0.00148418569006, 0.000771960243583, 0.000754416338168, 0.000647692009807, 0.000628421374131, 0.000440121162683, 0.00071579933865, 0.000423895631684, 0.000479786860524, 0.000390433444409, 0.000263669790002, 0.000312499061693, 0.000276185863186, 0.000255382794421, 0.000259158754488, 0.000237643151195, 0.000220935704419, 0.0002585031325, 0.00026298884768, 0.00026176677784, 0.000175861627213, 5.34429018444e-05],
        "dvar": [2.19667663259e-06, 0.000194916123291, 9.84858197626e-05, 4.299606735e-05, 2.21919126489e-05, 1.28739316096e-06, 4.48233805628e-07, 6.14428131485e-07, 5.16095383318e-07, 8.83589962086e-07, 2.84314268129e-07, 5.6906935697e-07, 2.19687677827e-07, 2.69249028406e-07, 1.52337449322e-07, 7.89249767763e-08, 1.03534596008e-07, 5.71515705872e-08, 4.81286548393e-08, 5.29593862097e-08, 4.40489991149e-08, 4.26824158239e-08, 7.10032352913e-08, 9.21960250366e-08, 1.19011289712e-07, 4.57993856173e-08, 3.96472987774e-09],
        "dvar2": [5.84800955039e-06, 0.000460736890091, 0.000215741325519, 9.87062812783e-05, 4.27905652032e-05, 2.63278343482e-06, 1.11953954729e-06, 1.36448375088e-06, 1.24346343e-06, 1.97769054466e-06, 6.2136143697e-07, 1.34899755722e-06, 5.79324421324e-07, 7.32263742975e-07, 3.57614425184e-07, 1.91498017443e-07, 2.44570713903e-07, 1.44767327015e-07, 1.19000922894e-07, 1.26011542534e-07, 1.02224099408e-07, 9.62248023484e-08, 1.64546520409e-07, 2.00284745233e-07, 2.60545505171e-07, 9.78356027304e-08, 9.88499238019e-09],
        "max": [0.0465679615736, 0.144562780857, 0.114330708981, 0.0780507177114, 0.0601850152016, 0.0157998409122, 0.00769676733762, 0.0179755501449, 0.0146010518074, 0.0391461998224, 0.0116331996396, 0.0154424225911, 0.00891008228064, 0.0108126942068, 0.00962192751467, 0.00707867741585, 0.00875744596124, 0.00401041936129, 0.00441657099873, 0.00356027134694, 0.00514884199947, 0.00414066435769, 0.00388129148632, 0.00466649560258, 0.00359997549094, 0.00232786941342, 0.00182143494021],
        "mean": [0.00157024350483, 0.0303249340504, 0.011347938329, 0.00646380800754, 0.0069605410099, 0.00257475930266, 0.000918238947634, 0.000983675476164, 0.000561794207897, 0.000633831077721, 0.000523414462805, 0.000780347851105, 0.000342665356584, 0.000436852074927, 0.000461565272417, 0.000316602207022, 0.000371545640519, 0.000388015352655, 0.00038394681178, 0.000397173484089, 0.000373350223526, 0.00036851328332, 0.000357526732842, 0.000376759155188, 0.000332843977958, 0.000269642769126, 6.3352905272e-05],
        "median": [0.000924090039916, 0.0287800617516, 0.00765642337501, 0.00252008880489, 0.00383875588886, 0.00211942172609, 0.000652209273539, 0.000612751930021, 0.000278067862382, 0.000320583814755, 0.00024700796348, 0.000416063237935, 0.00018940816517, 0.00025505584199, 0.0002883959678, 0.000205015472602, 0.00024619945907, 0.000273755111266, 0.000280968815787, 0.000281462183921, 0.000261019304162, 0.000239259796217, 0.000206981203519, 0.000180970702786, 0.000161551564815, 0.000167168589542, 3.57011231245e-05],
        "min": [5.49207328798e-25, 4.77033655718e-24, 1.71935271407e-24, 5.87254238168e-25, 1.36394965591e-23, 8.10150052242e-24, 1.55275010294e-23, 1.11335378987e-23, 2.0706022618e-23, 1.03741338486e-23, 1.85088114941e-23, 2.44598598339e-23, 5.10564283158e-23, 2.37048142403e-23, 5.69412296945e-23, 7.20580639362e-23, 7.02368239198e-23, 1.21850800191e-22, 1.53772504793e-22, 1.57881775912e-22, 2.51739827948e-22, 3.50704612075e-22, 3.34100087141e-22, 5.61282990654e-22, 8.61609885092e-22, 1.39467710084e-21, 1.60963026218e-21],
        "var": [5.04435547555e-06, 0.00045819877414, 0.000137218346936, 9.48189626797e-05, 7.90170888649e-05, 3.69939152733e-06, 8.32612045087e-07, 1.66566860571e-06, 8.01236410553e-07, 1.74860792868e-06, 8.65813035489e-07, 1.44569264648e-06, 2.69439084377e-07, 4.01969543873e-07, 4.31162249015e-07, 1.836300072e-07, 2.46941510795e-07, 1.76324959966e-07, 1.54741854885e-07, 1.72538719312e-07, 1.66075437846e-07, 1.79604739969e-07, 2.04789870395e-07, 2.65072316097e-07, 2.20359225978e-07, 1.08029986734e-07, 7.45837080984e-09]
    },
    "erbbands": {
        "dmean": [0.276551127434, 2.59962368011, 6.85292100906, 8.09999370575, 14.3033313751, 4.95717096329, 5.49277544022, 8.65980529785, 8.20984363556, 7.00184774399, 11.6183366776, 9.22992515564, 12.828086853, 9.14472579956, 10.865114212, 19.8773727417, 11.6781587601, 14.8737354279, 11.4911680222, 10.6401023865, 9.29144668579, 8.73244762421, 8.55746555328, 8.83024024963, 7.24203538895, 7.67754983902, 6.23073148727, 5.86891889572, 5.2642621994, 5.29422712326, 4.28690910339, 3.70435023308, 2.95592975616, 2.24627304077, 1.16511821747, 0.51934671402, 0.20895011723, 0.0719667524099, 0.00483033480123, 8.04134542705e-05],
        "dmean2": [0.402751117945, 3.94568562508, 10.6330804825, 13.0043973923, 22.4399147034, 7.84942483902, 8.48180389404, 13.086309433, 12.5144519806, 11.6497144699, 18.120639801, 14.944685936, 20.948102951, 14.5022439957, 17.4038467407, 32.1564750671, 19.9602642059, 25.3899669647, 18.7742233276, 17.4650707245, 15.4865636826, 14.2623186111, 13.9855041504, 14.7325878143, 11.8015098572, 12.4330205917, 10.0421915054, 9.30711174011, 8.44086742401, 8.57239627838, 6.56688594818, 5.49728727341, 4.6085691452, 3.58159089088, 1.73967075348, 0.776128828526, 0.296959042549, 0.109991617501, 0.00730926776305, 0.000122218145407],
        "dvar": [0.150332182646, 11.5746688843, 101.623779297, 224.767196655, 619.316955566, 56.990486145, 56.2738494873, 120.599052429, 117.503082275, 130.663497925, 383.06552124, 271.626220703, 1199.61499023, 298.83581543, 406.071929932, 1218.47241211, 433.23614502, 763.393493652, 446.337097168, 305.952636719, 243.495437622, 186.083175659, 154.812805176, 192.774658203, 102.672821045, 128.210479736, 81.4012145996, 66.8381271362, 60.5807762146, 68.7214660645, 45.6947288513, 41.0337104797, 28.4007873535, 21.1327190399, 5.26621580124, 0.99347525835, 0.11435751617, 0.0152989923954, 6.91247259965e-05, 1.65004827579e-08],
        "dvar2": [0.337876319885, 28.1204910278, 217.063613892, 551.876403809, 1270.67810059, 123.485496521, 120.838890076, 247.435180664, 255.102493286, 322.743286133, 813.273681641, 621.865600586, 2594.38793945, 656.58404541, 901.601989746, 2864.01513672, 1141.42443848, 2090.92480469, 1047.41442871, 739.865112305, 571.719604492, 453.228302002, 385.357208252, 510.321899414, 242.002456665, 300.820587158, 190.725708008, 156.992675781, 143.59197998, 166.680267334, 98.0553817749, 83.4543228149, 65.6898040771, 51.6772880554, 11.2330093384, 2.15703964233, 0.228122651577, 0.0355465486646, 0.000160873576533, 3.8213102016e-08],
        "max": [4.23403024673, 33.4037742615, 115.358146667, 167.314208984, 264.578338623, 112.087715149, 223.287643433, 201.113708496, 131.388381958, 204.031829834, 483.064331055, 349.215911865, 1502.4329834, 531.779846191, 539.99395752, 739.41003418, 389.63885498, 551.894348145, 640.693237305, 454.077728271, 375.594482422, 341.85723877, 241.60055542, 392.520202637, 201.213729858, 163.461883545, 238.521484375, 140.792953491, 151.701843262, 148.594024658, 104.108398438, 102.005332947, 75.9269256592, 48.211555481, 24.9357776642, 10.8341608047, 4.1852517128, 2.90292906761, 0.172626689076, 0.00260050408542],
        "mean": [0.810940086842, 6.79721832275, 15.9140758514, 15.5316171646, 33.7544517517, 12.4572563171, 13.6643638611, 20.7829246521, 18.5826873779, 13.0723152161, 22.5275917053, 14.857793808, 20.2018489838, 17.8579006195, 22.1558418274, 35.8700141907, 18.1012516022, 23.1340484619, 23.1180953979, 21.6400279999, 19.081243515, 19.7353343964, 20.4963417053, 20.6413288116, 18.5259780884, 19.1340255737, 16.0526943207, 14.3008985519, 13.3794898987, 12.0902070999, 9.58085536957, 8.19313716888, 6.04441738129, 3.95054912567, 2.25453686714, 1.07858645916, 0.474437564611, 0.153113886714, 0.00975060462952, 0.000237574233324],
        "median": [0.794861376286, 5.95162057877, 12.2856998444, 8.06449794769, 16.1147766113, 8.20965480804, 10.1452636719, 15.2379188538, 10.9764280319, 7.964635849, 13.5236606598, 8.60657691956, 9.58090496063, 10.495139122, 12.0936994553, 18.4504871368, 10.8959798813, 13.9563684464, 14.6168708801, 13.1530313492, 12.6780138016, 14.022105217, 14.5771818161, 14.6933736801, 13.5714225769, 13.1303071976, 11.2904930115, 9.8600358963, 8.78608989716, 7.12270307541, 5.6372051239, 4.05513858795, 2.86330747604, 1.8944092989, 1.1039044857, 0.594505786896, 0.301564633846, 0.0977399349213, 0.00593128195032, 0.000183314114111],
        "min": [1.68707320425e-22, 5.28398875747e-22, 3.81139946223e-21, 7.73702093482e-21, 2.29508838056e-20, 2.63336114557e-20, 9.82460701976e-20, 7.53931248996e-20, 1.40303945658e-19, 3.17602200044e-19, 3.59854430637e-19, 6.06468714295e-19, 4.06412265565e-19, 8.60313331989e-19, 1.40250923381e-18, 1.3922742179e-18, 2.51515907814e-18, 1.68204995874e-18, 2.34625934361e-18, 2.65933024826e-18, 3.99427361187e-18, 5.45983541166e-18, 5.9357190355e-18, 8.10306045339e-18, 7.72847419454e-18, 8.29778290549e-18, 9.94706193291e-18, 1.06567274774e-17, 1.09494137566e-17, 1.15986769184e-17, 9.90520245801e-18, 1.11429210804e-17, 1.08885605605e-17, 7.55394239401e-18, 5.98610095225e-18, 4.65627204636e-18, 2.50846698019e-18, 9.18123330639e-19, 2.1349853435e-19, 2.65092080057e-20],
        "var": [0.445731729269, 25.0188598633, 171.091247559, 415.849304199, 1833.01123047, 161.34135437, 170.261810303, 344.757965088, 378.905487061, 294.021240234, 929.062683105, 485.948669434, 2430.48876953, 757.237609863, 1416.11071777, 3170.47216797, 567.495117188, 1061.50219727, 1109.69665527, 934.475952148, 598.627624512, 546.215393066, 504.688934326, 536.010864258, 340.794616699, 405.646179199, 306.005249023, 246.775466919, 237.653198242, 217.62701416, 143.966415405, 122.293449402, 70.2270355225, 32.2911643982, 10.2440481186, 2.04228854179, 0.315658628941, 0.037665810436, 0.000154110559379, 4.06067535152e-08]
    },
    "gfcc": {
        "mean": [42.765422821, 81.2574768066, -84.0239944458, 40.6839256287, -40.5180206299, 15.4388513565, -27.5432872772, 6.18054533005, -21.5653018951, 3.94014835358, -13.976348877, 2.44597578049, -13.94739151],
        "cov": [[17855.9863281, -2559.91992188, 897.462036133, 1722.46520996, -174.922119141, 1054.19189453, -294.318145752, 640.247558594, -593.38092041, 301.054199219, -571.6484375, 172.483016968, -581.152282715], [-2559.91992188, 3321.04199219, -1593.65979004, -384.05581665, 514.937072754, -440.507995605, 373.24118042, -477.157348633, 437.306854248, -379.590362549, 371.232940674, -289.193084717, 360.739379883], [897.462036133, -1593.65979004, 1492.48474121, 202.814590454, -18.4445381165, 344.898895264, -109.494514465, 306.388793945, -242.646072388, 253.80821228, -196.632644653, 225.704406738, -199.616073608], [1722.46520996, -384.05581665, 202.814590454, 641.26739502, 68.0215148926, 167.953048706, 13.7661352158, 106.881111145, -42.6594276428, 18.3121147156, -57.651966095, 12.0791902542, -47.0720558167], [-174.922119141, 514.937072754, -18.4445381165, 68.0215148926, 365.541992188, -2.10219907761, 103.452507019, -35.5299873352, 72.7984771729, -43.883026123, 39.445526123, -27.398935318, 37.2804985046], [1054.19189453, -440.507995605, 344.898895264, 167.953048706, -2.10219907761, 234.590194702, 10.9075670242, 120.772865295, -51.2259254456, 81.2356109619, -35.9008789062, 58.5108375549, -40.6668014526], [-294.318145752, 373.24118042, -109.494514465, 13.7661352158, 103.452507019, 10.9075670242, 130.951217651, -13.2140674591, 72.6134872437, -21.2480812073, 60.4098854065, -14.5652151108, 54.0533790588], [640.247558594, -477.157348633, 306.388793945, 106.881111145, -35.5299873352, 120.772865295, -13.2140674591, 145.252456665, -38.8416442871, 89.9449691772, -40.0022468567, 67.7968826294, -40.4350891113], [-593.38092041, 437.306854248, -242.646072388, -42.6594276428, 72.7984771729, -51.2259254456, 72.6134872437, -38.8416442871, 126.428497314, -25.6181640625, 81.4013137817, -33.1841163635, 74.8178024292], [301.054199219, -379.590362549, 253.80821228, 18.3121147156, -43.883026123, 81.2356109619, -21.2480812073, 89.9449691772, -25.6181640625, 115.256607056, -3.1214928627, 75.8415222168, -26.4476165771], [-571.6484375, 371.232940674, -196.632644653, -57.651966095, 39.445526123, -35.9008789062, 60.4098854065, -40.0022468567, 81.4013137817, -3.1214928627, 115.252510071, 2.06790351868, 80.2502670288], [172.483016968, -289.193084717, 225.704406738, 12.0791902542, -27.398935318, 58.5108375549, -14.5652151108, 67.7968826294, -33.1841163635, 75.8415222168, 2.06790351868, 94.9371566772, -4.71960687637], [-581.152282715, 360.739379883, -199.616073608, -47.0720558167, 37.2804985046, -40.6668014526, 54.0533790588, -40.4350891113, 74.8178024292, -26.4476165771, 80.2502670288, -4.71960687637, 95.8686599731]],
        "icov": [[0.000187475860002, -0.000275759201031, 0.000476938352222, -0.000319931685226, -3.0563580367e-05, -0.000842427369207, 0.000480160408188, -0.000515449617524, 0.000575084239244, -0.000510668323841, 0.000718952447642, -0.000681040692143, 0.000951459282078], [-0.000275759201031, 0.00275913905352, -6.08939444646e-05, 0.00103719939943, -0.0016222379636, 0.00162507116329, -0.00307136937045, 0.00292809773237, -0.00176532869227, 0.00280594383366, -0.00309006450698, 0.00196857983246, -0.00254913768731], [0.000476938352222, -6.08939444646e-05, 0.00400433549657, -0.00035883221426, -0.00170212576631, -0.00324748503044, 0.000533721176907, -0.00172769033816, 0.00281161186285, -0.00264442944899, 0.00354633294046, -0.0045122182928, 0.00342212291434], [-0.000319931685226, 0.00103719939943, -0.00035883221426, 0.00291844666936, -0.000967928499449, 0.000116159186291, -0.00115890440065, -0.000504967116285, -0.000773219624534, 0.00271978392266, -0.00167371786665, 0.0015753461048, -0.00145795696881], [-3.0563580367e-05, -0.0016222379636, -0.00170212576631, -0.000967928499449, 0.00563313486055, 7.47179583414e-05, -0.00101386522874, 0.000448285776656, -0.00233084964566, 0.000657583645079, 0.00104681379162, -0.000896475219633, 0.00158146803733], [-0.000842427369207, 0.00162507116329, -0.00324748503044, 0.000116159186291, 7.47179583414e-05, 0.013905858621, -0.00577436108142, -0.0018009825144, 0.00071598397335, -0.000194854364963, -0.00465397210792, 0.00624853977934, -0.00596977863461], [0.000480160408188, -0.00307136937045, 0.000533721176907, -0.00115890440065, -0.00101386522874, -0.00577436108142, 0.0194638259709, -0.00600422779098, -0.00247789267451, 0.00123699125834, -0.000999417854473, -0.00252099055797, 0.00243577547371], [-0.000515449617524, 0.00292809773237, -0.00172769033816, -0.000504967116285, 0.000448285776656, -0.0018009825144, -0.00600422779098, 0.0279019605368, -0.00858421716839, -0.00704693188891, 0.0054815323092, -0.00325731211342, -0.00376614183187], [0.000575084239244, -0.00176532869227, 0.00281161186285, -0.000773219624534, -0.00233084964566, 0.00071598397335, -0.00247789267451, -0.00858421716839, 0.0300301648676, -0.0105708213523, -0.00372134917416, 0.010245368816, -0.0081428354606], [-0.000510668323841, 0.00280594383366, -0.00264442944899, 0.00271978392266, 0.000657583645079, -0.000194854364963, 0.00123699125834, -0.00704693188891, -0.0105708213523, 0.0388045236468, -0.016562987119, -0.0128708481789, 0.0103530213237], [0.000718952447642, -0.00309006450698, 0.00354633294046, -0.00167371786665, 0.00104681379162, -0.00465397210792, -0.000999417854473, 0.0054815323092, -0.00372134917416, -0.016562987119, 0.0378918275237, -0.00926593411714, -0.0107976943254], [-0.000681040692143, 0.00196857983246, -0.0045122182928, 0.0015753461048, -0.000896475219633, 0.00624853977934, -0.00252099055797, -0.00325731211342, 0.010245368816, -0.0128708481789, -0.00926593411714, 0.0392457172275, -0.0189688969404], [0.000951459282078, -0.00254913768731, 0.00342212291434, -0.00145795696881, 0.00158146803733, -0.00596977863461, 0.00243577547371, -0.00376614183187, -0.0081428354606, 0.0103530213237, -0.0107976943254, -0.0189688969404, 0.0434068515897]]
    },
    "melbands": {
        "dmean": [0.00267356471159, 0.00326284137554, 0.00148546753917, 0.000697734823916, 0.000170428524143, 0.000196018576389, 0.000119265343528, 7.85528318374e-05, 9.38582525123e-05, 5.86111236771e-05, 6.38734345557e-05, 3.70351954189e-05, 3.43638239428e-05, 4.87983925268e-05, 3.54568401235e-05, 2.60195956798e-05, 2.99967705359e-05, 1.90375958482e-05, 1.68784681591e-05, 1.28063184093e-05, 1.2442109437e-05, 1.11270292109e-05, 8.11439804238e-06, 7.94193692855e-06, 7.81763446867e-06, 6.12686790191e-06, 5.35232038601e-06, 5.66274093217e-06, 4.40862550022e-06, 4.11344126405e-06, 3.4817917367e-06, 3.22583514389e-06, 3.09769029627e-06, 3.39498819812e-06, 2.48110245593e-06, 2.68780172519e-06, 2.34651224673e-06, 2.17604019781e-06, 2.16051080315e-06, 1.92086895368e-06],
        "dmean2": [0.00401137629524, 0.00507857603952, 0.00227852026001, 0.00108973903116, 0.000266661605565, 0.000293008022709, 0.000183212672709, 0.000130127737066, 0.000146743273945, 9.54097849899e-05, 0.000104589547846, 5.92082033108e-05, 5.58746505703e-05, 7.92146747699e-05, 5.91953976254e-05, 4.46960984846e-05, 5.12180631631e-05, 3.14845601679e-05, 2.8183856557e-05, 2.08964193007e-05, 2.08579840546e-05, 1.84070413525e-05, 1.31356218844e-05, 1.3123939425e-05, 1.32030336317e-05, 9.98175983113e-06, 8.87984242581e-06, 9.18851492315e-06, 7.18266801414e-06, 6.69506380291e-06, 5.58516649107e-06, 5.24413462699e-06, 4.98460349263e-06, 5.63691128264e-06, 3.85880002796e-06, 4.08671712648e-06, 3.57298404197e-06, 3.47953755409e-06, 3.38715426551e-06, 3.17857961818e-06],
        "dvar": [1.2540383068e-05, 1.81258328666e-05, 5.73332044951e-06, 1.47461844335e-06, 5.41233973195e-08, 5.5048616332e-08, 2.41973125981e-08, 1.67961911046e-08, 2.43830946545e-08, 1.16863150268e-08, 2.98917619546e-08, 4.8284709564e-09, 4.24281720868e-09, 6.69058142222e-09, 3.67283869984e-09, 2.61688981595e-09, 3.25658433553e-09, 1.22726573348e-09, 7.96241184098e-10, 5.75502923095e-10, 5.0259901796e-10, 3.53032408862e-10, 1.34150093811e-10, 1.36746669543e-10, 1.62000371451e-10, 8.33893856744e-11, 5.73528897985e-11, 7.20677129085e-11, 4.29432045479e-11, 4.09747895336e-11, 2.30952462016e-11, 2.32803620132e-11, 2.40831261183e-11, 3.15214833402e-11, 1.45196389634e-11, 2.08945812041e-11, 1.66894414955e-11, 1.42982015117e-11, 1.74808310188e-11, 1.53426559651e-11],
        "dvar2": [2.92598942906e-05, 3.99454838771e-05, 1.27121502373e-05, 2.88386809189e-06, 1.19456970538e-07, 1.12008727626e-07, 5.34462216706e-08, 4.14257499415e-08, 5.2231136749e-08, 2.63760497887e-08, 6.49891518378e-08, 1.09126441217e-08, 1.00608970044e-08, 1.55591752815e-08, 9.36591781908e-09, 6.78350309258e-09, 8.92668339247e-09, 2.94529844957e-09, 1.80725956422e-09, 1.37594580174e-09, 1.1548041412e-09, 8.4193935157e-10, 3.27350424545e-10, 3.49340972816e-10, 4.35458391568e-10, 1.95197080721e-10, 1.42352157839e-10, 1.73881797849e-10, 1.06881947737e-10, 9.77665032265e-11, 5.5478042299e-11, 5.74421066268e-11, 6.0741758845e-11, 8.22051246518e-11, 3.22431560618e-11, 4.52828260999e-11, 3.58887086715e-11, 3.44560005527e-11, 4.10546180385e-11, 3.86149792697e-11],
        "max": [0.0371284261346, 0.0498458594084, 0.0281058475375, 0.0145311765373, 0.00617857463658, 0.00387005857192, 0.00181241368409, 0.00252368021756, 0.0037013606634, 0.00233375979587, 0.0074597154744, 0.00203698477708, 0.00160143547691, 0.00165967585053, 0.00129044265486, 0.00103004765697, 0.00124376267195, 0.00101165927481, 0.000715400092304, 0.000643667590339, 0.000622186926194, 0.000505796168, 0.000253196194535, 0.000223295821343, 0.000368121865904, 0.000208644167287, 0.000123309655464, 0.000146834165207, 0.000118760370242, 0.000194436084712, 8.68323695613e-05, 9.08844231162e-05, 9.59009703365e-05, 0.000102052217699, 6.40393118374e-05, 6.47282722639e-05, 6.4944892074e-05, 6.50076399324e-05, 4.87592915306e-05, 3.87737964047e-05],
        "mean": [0.00771931745112, 0.00884030945599, 0.00345812737942, 0.00174378033262, 0.000428101368016, 0.000486829841975, 0.00026655709371, 0.00014885031851, 0.000173550928594, 8.91023591976e-05, 9.82865167316e-05, 6.8656008807e-05, 6.61177109578e-05, 9.21741011553e-05, 5.96710597165e-05, 3.65424930351e-05, 4.42620112153e-05, 3.56863420166e-05, 3.23311251123e-05, 2.47632215178e-05, 2.29740726354e-05, 2.16561729758e-05, 1.85753924598e-05, 1.75805434992e-05, 1.66412646649e-05, 1.42463204611e-05, 1.20175309348e-05, 1.30095622808e-05, 1.02603635241e-05, 9.13971780392e-06, 7.91723778093e-06, 7.45653233025e-06, 7.2745651778e-06, 6.61036392557e-06, 5.34954142495e-06, 5.37763708053e-06, 4.93360539622e-06, 4.32407523476e-06, 3.73129819309e-06, 3.20558729072e-06],
        "median": [0.00758230732754, 0.00775462063029, 0.00197445834056, 0.000909658439923, 0.00032139083487, 0.000376489915652, 0.000162023279699, 8.70328658493e-05, 0.000101265504782, 4.71111015941e-05, 4.55205845356e-05, 3.90355417039e-05, 3.50035006704e-05, 5.37726191396e-05, 3.5377099266e-05, 1.94685671886e-05, 2.47074858635e-05, 2.13180046558e-05, 1.97317949642e-05, 1.44625901157e-05, 1.45036874528e-05, 1.41458358485e-05, 1.26920513139e-05, 1.19669502965e-05, 1.12665475172e-05, 1.00316874523e-05, 8.67106155056e-06, 8.51320783113e-06, 6.99407473803e-06, 6.03132912147e-06, 5.4010392887e-06, 4.91636183142e-06, 4.33860350313e-06, 3.69467056771e-06, 3.15482657243e-06, 2.84560996988e-06, 2.25610938287e-06, 2.02085379897e-06, 1.7711563487e-06, 1.50941571064e-06],
        "min": [1.71523742395e-24, 2.09884253557e-24, 1.95971922354e-24, 2.93191337529e-24, 3.23246346372e-24, 1.73724052953e-24, 2.25329144284e-24, 3.26024576429e-24, 2.75081990209e-24, 3.25773284788e-24, 1.94494819752e-24, 2.83709584435e-24, 3.80323055827e-24, 2.69982990533e-24, 2.7293141733e-24, 4.39922719951e-24, 2.76122182198e-24, 2.97105211745e-24, 3.27702878005e-24, 4.13246402365e-24, 3.92150999582e-24, 4.8060877334e-24, 3.01842143988e-24, 6.33275131062e-24, 5.58259665457e-24, 5.63025844717e-24, 4.64843506479e-24, 5.59175099095e-24, 5.68806104671e-24, 4.12059640019e-24, 6.26106436472e-24, 5.86161991219e-24, 6.82655614918e-24, 5.10185456374e-24, 5.85933537101e-24, 5.33669806079e-24, 5.95105307302e-24, 6.54729583886e-24, 5.97985122922e-24, 6.34865474647e-24],
        "var": [3.26974331983e-05, 3.58435790986e-05, 1.36565422508e-05, 4.85682085127e-06, 1.62656377256e-07, 1.63177261925e-07, 7.40264169963e-08, 4.17302281619e-08, 5.65361588656e-08, 2.14193640602e-08, 5.98763989501e-08, 1.15145155632e-08, 1.25535892792e-08, 1.84294304262e-08, 6.94606816509e-09, 3.32545657677e-09, 4.54385729043e-09, 2.82142242902e-09, 2.1184305421e-09, 1.43185419077e-09, 1.11751730092e-09, 8.51316572792e-10, 4.95136154299e-10, 3.5886077443e-10, 4.06674915965e-10, 2.3888505063e-10, 1.57930099554e-10, 2.07328279545e-10, 1.36463437772e-10, 1.25241289561e-10, 7.87506310163e-11, 7.79193445877e-11, 7.94379145796e-11, 7.52191850473e-11, 4.5857675296e-11, 5.19780295194e-11, 4.659043637e-11, 3.70909206127e-11, 2.92005690461e-11, 2.21110178777e-11]
    },
    "mfcc": {
        "mean": [-604.474243164, 114.244842529, 17.8187122345, 34.8799858093, 13.1671705246, 15.4140472412, 7.58401489258, 6.92522573471, 0.604082763195, 2.28949451447, 1.36179411411, 2.27084803581, 1.57690751553],
        "cov": [[7215.84375, -1199.46350098, 830.813720703, 293.316894531, 193.850997925, 183.871337891, 184.980316162, 142.530090332, 87.1288146973, 106.228599548, 28.2348995209, 26.8702068329, -47.6562080383], [-1199.46350098, 2666.08007812, -1190.53771973, 13.6001958847, 12.5454559326, 119.637054443, -26.072095871, 19.4489612579, 4.32982492447, -21.2214241028, -3.29119300842, -6.82857322693, 9.83496665955], [830.813720703, -1190.53771973, 1073.91259766, -7.41183328629, 118.21320343, 22.726770401, 139.534164429, 44.8313102722, 38.1387252808, 25.8227672577, 37.0035858154, 13.6593379974, 19.1161613464], [293.316894531, 13.6001958847, -7.41183328629, 346.808837891, 107.874588013, 82.0080032349, 28.7169685364, 60.212852478, 23.5925674438, 19.3772029877, 9.58952617645, -0.791676580906, -2.99097156525], [193.850997925, 12.5454559326, 118.21320343, 107.874588013, 192.561553955, 70.3584136963, 60.0396690369, 35.3840713501, 33.1613006592, 16.2727184296, 19.6232299805, -0.0594851113856, 3.28398799896], [183.871337891, 119.637054443, 22.726770401, 82.0080032349, 70.3584136963, 106.587928772, 56.0595283508, 40.1649017334, 23.7651596069, 16.777179718, 17.3542613983, 8.72895526886, 3.78125667572], [184.980316162, -26.072095871, 139.534164429, 28.7169685364, 60.0396690369, 56.0595283508, 94.4499664307, 40.4067230225, 23.4088821411, 14.5668354034, 20.5874347687, 9.81473827362, 8.79474067688], [142.530090332, 19.4489612579, 44.8313102722, 60.212852478, 35.3840713501, 40.1649017334, 40.4067230225, 61.0482749939, 30.5714817047, 18.0043830872, 11.0096960068, 6.71342515945, 0.925229489803], [87.1288146973, 4.32982492447, 38.1387252808, 23.5925674438, 33.1613006592, 23.7651596069, 23.4088821411, 30.5714817047, 48.7844963074, 25.3976173401, 14.269241333, 8.49527835846, 3.30156707764], [106.228599548, -21.2214241028, 25.8227672577, 19.3772029877, 16.2727184296, 16.777179718, 14.5668354034, 18.0043830872, 25.3976173401, 42.5608825684, 20.7740821838, 11.1422977448, 4.86008834839], [28.2348995209, -3.29119300842, 37.0035858154, 9.58952617645, 19.6232299805, 17.3542613983, 20.5874347687, 11.0096960068, 14.269241333, 20.7740821838, 37.3920783997, 18.4190101624, 10.6588945389], [26.8702068329, -6.82857322693, 13.6593379974, -0.791676580906, -0.0594851113856, 8.72895526886, 9.81473827362, 6.71342515945, 8.49527835846, 11.1422977448, 18.4190101624, 35.3275909424, 21.7851772308], [-47.6562080383, 9.83496665955, 19.1161613464, -2.99097156525, 3.28398799896, 3.78125667572, 8.79474067688, 0.925229489803, 3.30156707764, 4.86008834839, 10.6588945389, 21.7851772308, 41.899055481]],
