{
"lowlevel": {
    "average_loudness": 0.887444972992,
    "barkbands_crest": {
        "dmean": 2.39348459244,
        "dmean2": 3.60963368416,
        "dvar": 6.7690372467,
        "dvar2": 15.1264600754,
        "max": 25.1701641083,
        "mean": 11.5275011063,
        "median": 10.7122192383,
        "min": 2.20447039604,
        "var": 18.9230041504
    },
    "barkbands_flatness_db": {
        "dmean": 0.0267717447132,
        "dmean2": 0.0381102561951,
        "dvar": 0.000811623875052,
        "dvar2": 0.00163837312721,
        "max": 0.417149841785,
        "mean": 0.141279935837,
        "median": 0.131518676877,
        "min": 0.0206277351826,
        "var": 0.00357129587792
    },
    "barkbands_kurtosis": {
        "dmean": 6.09587287903,
        "dmean2": 8.87458229065,
        "dvar": 130.359298706,
        "dvar2": 266.907226562,
        "max": 215.751602173,
        "mean": 10.4916610718,
        "median": 6.18408679962,
        "min": -1.80341005325,
        "var": 222.505493164
    },
    "barkbands_skewness": {
        "dmean": 0.69683021307,
        "dmean2": 1.00463426113,
        "dvar": 0.718924105167,
        "dvar2": 1.34406876564,
        "max": 13.3092699051,
        "mean": 2.55613398552,
        "median": 2.30989789963,
        "min": -2.12043499947,
        "var": 2.10044622421
    },
    "barkbands_spread": {
        "dmean": 6.38368368149,
        "dmean2": 9.51271152496,
        "dvar": 53.2015762329,
        "dvar2": 118.766921997,
        "max": 65.2880172729,
        "mean": 18.6674633026,
        "median": 15.9378900528,
        "min": 0.642059862614,
        "var": 145.540435791
    },
    "dissonance": {
        "dmean": 0.0151511533186,
        "dmean2": 0.0253061130643,
        "dvar": 0.000222615009989,
        "dvar2": 0.00060191960074,
        "max": 0.500000059605,
        "mean": 0.468277096748,
        "median": 0.472912222147,
        "min": 0.252980351448,
        "var": 0.000483361014631
    },
    "dynamic_complexity": 2.58534598351,
    "erbbands_crest": {
        "dmean": 2.03311395645,
        "dmean2": 3.20833158493,
        "dvar": 4.14163970947,
        "dvar2": 9.71286869049,
        "max": 29.4306526184,
        "mean": 7.57904434204,
        "median": 6.50482273102,
        "min": 2.28215074539,
        "var": 15.6345367432
    },
    "erbbands_flatness_db": {
        "dmean": 0.0129933515564,
        "dmean2": 0.0191229265183,
        "dvar": 0.000217585547944,
        "dvar2": 0.000449073209893,
        "max": 0.352457433939,
        "mean": 0.117860503495,
        "median": 0.101837098598,
        "min": 0.0441338680685,
        "var": 0.00256454688497
    },
    "erbbands_kurtosis": {
        "dmean": 0.731221199036,
        "dmean2": 1.12661755085,
        "dvar": 1.29486060143,
        "dvar2": 2.92330765724,
        "max": 23.4535980225,
        "mean": -0.0293948519975,
        "median": -0.496368765831,
        "min": -1.74398291111,
        "var": 2.85870194435
    },
    "erbbands_skewness": {
        "dmean": 0.330120831728,
        "dmean2": 0.490887612104,
        "dvar": 0.11641548574,
        "dvar2": 0.265168190002,
        "max": 3.93589472771,
        "mean": 0.499990493059,
        "median": 0.4652736485,
        "min": -2.22428274155,
        "var": 0.405144989491
    },
    "erbbands_spread": {
        "dmean": 9.18285274506,
        "dmean2": 13.9299564362,
        "dvar": 100.968238831,
        "dvar2": 224.318862915,
        "max": 140.742477417,
        "mean": 51.7921981812,
        "median": 50.9414215088,
        "min": 5.26023626328,
        "var": 397.814361572
    },
    "hfc": {
        "dmean": 9.962059021,
        "dmean2": 14.5012073517,
        "dvar": 162.026077271,
        "dvar2": 371.808868408,
        "max": 131.976455688,
        "mean": 24.3444156647,
        "median": 18.9256057739,
        "min": 1.07813847537e-16,
        "var": 334.506591797
    },
    "melbands_crest": {
        "dmean": 3.12571716309,
        "dmean2": 4.96049451828,
        "dvar": 9.85754299164,
        "dvar2": 25.680639267,
        "max": 35.3623199463,
        "mean": 17.9606609344,
        "median": 17.5455093384,
        "min": 1.3612319231,
        "var": 32.5886611938
    },
    "melbands_flatness_db": {
        "dmean": 0.0330239459872,
        "dmean2": 0.0465040765703,
        "dvar": 0.00124947505537,
        "dvar2": 0.00247150287032,
        "max": 0.545604944229,
        "mean": 0.227966308594,
        "median": 0.221191123128,
        "min": 0.000624762906227,
        "var": 0.00539362616837
    },
    "melbands_kurtosis": {
        "dmean": 13.9094562531,
        "dmean2": 20.253200531,
        "dvar": 631.627197266,
        "dvar2": 1234.82250977,
        "max": 450.608001709,
        "mean": 29.2400188446,
        "median": 18.475151062,
        "min": -1.37045526505,
        "var": 1258.63586426
    },
    "melbands_skewness": {
        "dmean": 0.898263931274,
        "dmean2": 1.30585360527,
        "dvar": 1.09477972984,
        "dvar2": 1.9918692112,
        "max": 15.9659090042,
        "mean": 3.95290255547,
        "median": 3.54380631447,
        "min": -0.212246060371,
        "var": 3.91249752045
    },
    "melbands_spread": {
        "dmean": 5.41030883789,
        "dmean2": 8.12754249573,
        "dvar": 55.5308380127,
        "dvar2": 114.298316956,
        "max": 153.492202759,
        "mean": 15.0244235992,
        "median": 11.5888767242,
        "min": 0.626892030239,
        "var": 185.210708618
    },
    "pitch_salience": {
        "dmean": 0.0704615414143,
        "dmean2": 0.109149195254,
        "dvar": 0.00596767570823,
        "dvar2": 0.0135231614113,
        "max": 0.981645643711,
        "mean": 0.517087101936,
        "median": 0.531406283379,
        "min": 0.0726014301181,
        "var": 0.0150208100677
    },
    "silence_rate_20dB": {
        "dmean": 0,
        "dmean2": 0,
        "dvar": 0,
        "dvar2": 0,
        "max": 1,
        "mean": 1,
        "median": 1,
        "min": 1,
        "var": 0
    },
    "silence_rate_30dB": {
        "dmean": 0.0728148445487,
        "dmean2": 0.145650327206,
        "dvar": 0.0675152316689,
        "dvar2": 0.139465853572,
        "max": 1,
        "mean": 0.875212490559,
        "median": 1,
        "min": 0,
        "var": 0.109210647643
    },
    "silence_rate_60dB": {
        "dmean": 0.00283326255158,
        "dmean2": 0.00566732790321,
        "dvar": 0.002825031057,
        "dvar2": 0.00648543564603,
        "max": 1,
        "mean": 0.0239376779646,
        "median": 0,
        "min": 0,
        "var": 0.023364270106
    },
    "spectral_centroid": {
        "dmean": 290.358184814,
        "dmean2": 426.836914062,
        "dvar": 102464.15625,
        "dvar2": 230183.921875,
        "max": 11164.9501953,
        "mean": 1135.22729492,
        "median": 1028.53808594,
        "min": 171.213394165,
        "var": 369545.34375
    },
    "spectral_complexity": {
        "dmean": 5.25116872787,
        "dmean2": 7.51544332504,
        "dvar": 27.931552887,
        "dvar2": 58.7047348022,
        "max": 58,
        "mean": 20.6828613281,
        "median": 19,
        "min": 0,
        "var": 114.627632141
    },
    "spectral_decrease": {
        "dmean": 5.11065412212e-09,
        "dmean2": 7.6036688057e-09,
        "dvar": 7.34090434335e-17,
        "dvar2": 1.60069507045e-16,
        "max": 4.4464170321e-29,
        "mean": -1.60429554086e-08,
        "median": -1.43302969491e-08,
        "min": -9.62184500963e-08,
        "var": 1.63383774914e-16
    },
    "spectral_energy": {
        "dmean": 0.0198022350669,
        "dmean2": 0.0294170659035,
        "dvar": 0.00105550943408,
        "dvar2": 0.00229978258722,
        "max": 0.366480797529,
        "mean": 0.062757961452,
        "median": 0.0564257390797,
        "min": 1.0220978883e-20,
        "var": 0.00239728391171
    },
    "spectral_energyband_high": {
        "dmean": 0.000843708170578,
        "dmean2": 0.00128578022122,
        "dvar": 1.70692624124e-06,
        "dvar2": 4.26189990321e-06,
        "max": 0.0117991883308,
        "mean": 0.00135133578442,
        "median": 0.000758067239076,
        "min": 7.45324305475e-21,
        "var": 2.62654589278e-06
    },
    "spectral_energyband_low": {
        "dmean": 0.0167517885566,
        "dmean2": 0.025057176128,
        "dvar": 0.00110670714639,
        "dvar2": 0.00241022231057,
        "max": 0.342232972383,
        "mean": 0.0419850051403,
        "median": 0.0322558283806,
        "min": 4.26718403243e-23,
        "var": 0.00203944114037
    },
    "spectral_energyband_middle_high": {
        "dmean": 0.00193840858992,
        "dmean2": 0.00286670750938,
        "dvar": 8.44274472911e-06,
        "dvar2": 1.71878309629e-05,
        "max": 0.0365442931652,
        "mean": 0.00382288475521,
        "median": 0.0027879839763,
        "min": 1.47505962894e-21,
        "var": 1.23472445921e-05
    },
    "spectral_energyband_middle_low": {
        "dmean": 0.00648482050747,
        "dmean2": 0.0100952647626,
        "dvar": 9.12962568691e-05,
        "dvar2": 0.000234948020079,
        "max": 0.143088445067,
        "mean": 0.0179439727217,
        "median": 0.0154538806528,
        "min": 2.3640230198e-22,
        "var": 0.00016897439491
    },
    "spectral_entropy": {
        "dmean": 0.175721675158,
        "dmean2": 0.262439608574,
        "dvar": 0.0381514057517,
        "dvar2": 0.0878005251288,
        "max": 9.80068492889,
        "mean": 7.70404338837,
        "median": 7.7804236412,
        "min": 5.79334306717,
        "var": 0.187470600009
    },
    "spectral_flux": {
        "dmean": 0.035457380116,
        "dmean2": 0.0550241880119,
        "dvar": 0.0020202237647,
        "dvar2": 0.00396894803271,
        "max": 0.532623529434,
        "mean": 0.103415809572,
        "median": 0.0823342502117,
        "min": 6.47449177604e-11,
        "var": 0.00588228739798
    },
    "spectral_kurtosis": {
        "dmean": 1.3555161953,
        "dmean2": 2.24136900902,
        "dvar": 5.82535409927,
        "dvar2": 15.50593853,
        "max": 38.6874237061,
        "mean": 3.93000435829,
        "median": 3.04019021988,
        "min": -1.22320830822,
        "var": 14.4045791626
    },
    "spectral_rms": {
        "dmean": 0.00111186201684,
        "dmean2": 0.00164153508376,
        "dvar": 2.24531254389e-06,
        "dvar2": 4.57627629658e-06,
        "max": 0.0189087875187,
        "mean": 0.0072247129865,
        "median": 0.0074195349589,
        "min": 3.15779780796e-12,
        "var": 9.03076124814e-06
    },
    "spectral_rolloff": {
        "dmean": 366.304229736,
        "dmean2": 589.967041016,
        "dvar": 513047.1875,
        "dvar2": 1093190.625,
        "max": 19013.8183594,
        "mean": 846.425354004,
        "median": 452.197265625,
        "min": 64.599609375,
        "var": 1456823.625
    },
    "spectral_skewness": {
        "dmean": 0.216098129749,
        "dmean2": 0.343112319708,
        "dvar": 0.073085218668,
        "dvar2": 0.178553566337,
        "max": 4.61959266663,
        "mean": 1.49448025227,
        "median": 1.42105984688,
        "min": -0.0137910908088,
        "var": 0.241420149803
    },
    "spectral_spread": {
        "dmean": 462035.6875,
        "dmean2": 660370.125,
        "dvar": 378805452800,
        "dvar2": 739407757312,
        "max": 41289496,
        "mean": 5414222,
        "median": 5526683,
        "min": 1273730.375,
        "var": 2.67761352704e+12
    },
    "spectral_strongpeak": {
        "dmean": 0.223550394177,
        "dmean2": 0.379195511341,
        "dvar": 0.155243843794,
        "dvar2": 0.405494332314,
        "max": 6.62061405182,
        "mean": 0.477916538715,
        "median": 0.309213876724,
        "min": 0,
        "var": 0.200650885701
    },
    "zerocrossingrate": {
        "dmean": 0.01114407368,
        "dmean2": 0.0133099881932,
        "dvar": 0.00016570976004,
        "dvar2": 0.000212781305891,
        "max": 0.74951171875,
        "mean": 0.0493241511285,
        "median": 0.04296875,
        "min": 0.00244140625,
        "var": 0.00127578061074
    },
    "barkbands": {
        "dmean": [0.00151089625433, 0.0133551592007, 0.00598718505353, 0.00297786435112, 0.00240526627749, 0.00202616304159, 0.000577099039219, 0.000622961262707, 0.00055467907805, 0.000403622456361, 0.000532441481482, 0.000213253995753, 0.000231739366427, 0.000273875688436, 0.000237093787291, 0.000166512138094, 0.000175695415237, 0.000152032313053, 0.00015607693058, 0.000175819252036, 0.000242913272814, 0.000187225989066, 0.00014628955978, 9.93142748484e-05, 8.48761264933e-05, 5.28754244442e-05, 1.57939011842e-05],
        "dmean2": [0.00262606563047, 0.0207461491227, 0.00960146076977, 0.00461179157719, 0.00388030731119, 0.0031055349391, 0.000900880724657, 0.00096397503512, 0.000848494644742, 0.000626652385108, 0.00083896308206, 0.000328926020302, 0.000367492204532, 0.00042968877824, 0.000375993666239, 0.000260510947555, 0.000275598431472, 0.000230608755373, 0.000238999316934, 0.000274205900496, 0.000395732495235, 0.000304939836496, 0.000231406869716, 0.00014875906345, 0.000130465676193, 7.44159842725e-05, 2.33845184994e-05],
        "dvar": [5.52721394342e-06, 0.000864429515786, 0.000249865261139, 3.39187063219e-05, 1.69772538356e-05, 8.65272977535e-06, 9.22266224279e-07, 1.0717906207e-06, 1.05449453258e-06, 4.55554186374e-07, 1.22579569961e-06, 1.21830055377e-07, 3.52337735876e-07, 5.11280461524e-07, 2.89809577225e-07, 8.33145250567e-08, 1.05641326797e-07, 7.35638465699e-08, 7.05596860939e-08, 7.66003438457e-08, 1.66433750337e-07, 9.43075164628e-08, 5.45019602782e-08, 2.42562840924e-08, 1.98490166525e-08, 6.49273568243e-09, 8.15818246291e-10],
        "dvar2": [1.57861650223e-05, 0.00208918051794, 0.000630599330179, 8.93090473255e-05, 4.43274875579e-05, 1.81215073098e-05, 2.16243142859e-06, 2.27411987908e-06, 2.18927038986e-06, 9.96947733256e-07, 2.78007519228e-06, 2.62478948798e-07, 7.78752053066e-07, 1.07833534457e-06, 6.21901051545e-07, 1.93287903016e-07, 2.42486521529e-07, 1.6475286202e-07, 1.62114375257e-07, 1.88888137131e-07, 4.36209575128e-07, 2.49023486276e-07, 1.34855156375e-07, 5.56973951404e-08, 4.67752627742e-08, 1.28095996033e-08, 1.57205570783e-09],
        "max": [0.0332488156855, 0.305947244167, 0.149996072054, 0.0982133150101, 0.0607483386993, 0.0387400202453, 0.016130162403, 0.0225945264101, 0.0223607365042, 0.00890502333641, 0.025667976588, 0.00831754971296, 0.019560540095, 0.0231598634273, 0.0146935684606, 0.00625494820997, 0.00785085838288, 0.00899542775005, 0.00549739412963, 0.00537362601608, 0.00434778723866, 0.00310329045169, 0.00258051697165, 0.00199998379685, 0.00187968765385, 0.00147363834549, 0.000641339691356],
        "mean": [0.00545387016609, 0.0270071364939, 0.00732113560662, 0.00477792322636, 0.00487600732595, 0.004070289433, 0.00123172183521, 0.00135877344292, 0.00134517275728, 0.000636569340713, 0.000740684685297, 0.000394938397221, 0.000321089231875, 0.000357778888429, 0.000328961352352, 0.000278430059552, 0.000278902909486, 0.000243011803832, 0.000253926264122, 0.000265954702627, 0.000328829977661, 0.000262332585407, 0.000212337457924, 0.000165630248375, 0.000136559217935, 8.93659089343e-05, 2.05951437238e-05],
        "median": [0.00410603918135, 0.0190935842693, 0.00295344321057, 0.00223880889826, 0.00355613091961, 0.00246838759631, 0.000574159435928, 0.000662321574055, 0.000516417552717, 0.000318149977829, 0.000350805261405, 0.000237514730543, 0.000169007224031, 0.00015919560974, 0.000164888580912, 0.000182420932106, 0.000173446984263, 0.000151945307152, 0.000157852220582, 0.0001552363683, 0.000175330671482, 0.000139354509884, 0.00010015994485, 8.88406138984e-05, 5.55345395696e-05, 4.29420324508e-05, 6.05694913247e-06],
        "min": [4.63647356688e-24, 1.92007450599e-23, 5.26484111537e-24, 8.96548622937e-24, 2.59046996026e-23, 5.05843455511e-23, 2.44833458008e-23, 1.34587117278e-23, 4.8484672345e-23, 3.32182195886e-23, 1.60972463519e-23, 3.51994469075e-23, 9.5699928654e-23, 6.99751745347e-23, 8.67409615711e-23, 1.02672626019e-22, 9.64003992725e-23, 1.80474020175e-22, 1.6670406811e-22, 1.86523649306e-22, 3.43519338784e-22, 3.77332062884e-22, 5.20590389719e-22, 7.61770538212e-22, 1.07368245458e-21, 1.57212157959e-21, 2.01018661731e-21],
        "var": [3.25861328747e-05, 0.00117863086052, 0.000222481059609, 4.85142227262e-05, 2.67506475211e-05, 2.1923928216e-05, 2.82146970676e-06, 3.70608290723e-06, 5.81802532906e-06, 7.00500606854e-07, 1.33335925057e-06, 2.45223787942e-07, 3.84915381346e-07, 5.68536790979e-07, 3.27480535134e-07, 1.14651925287e-07, 1.35493209541e-07, 9.51382190806e-08, 9.40885698242e-08, 1.00441070572e-07, 1.86786238032e-07, 1.10782487184e-07, 8.21952426122e-08, 5.0483350833e-08, 4.31537721113e-08, 1.55227581899e-08, 1.71320735376e-09]
    },
    "erbbands": {
        "dmean": [0.422878444195, 3.03751277924, 6.83908128738, 8.46647357941, 6.94578504562, 9.51513004303, 16.054807663, 15.0503292084, 8.52374076843, 11.9939889908, 11.0146751404, 12.9874372482, 11.7051639557, 15.0325269699, 18.7396697998, 9.12935352325, 10.5477218628, 15.3664216995, 12.7622556686, 7.56724262238, 9.57653331757, 9.1735162735, 8.95412635803, 7.61029148102, 7.93042802811, 8.50019836426, 7.85031700134, 10.9815731049, 6.47261810303, 5.65435409546, 3.96443986893, 2.52537918091, 1.55866885185, 1.03673493862, 0.567436337471, 0.253806561232, 0.0901223123074, 0.0313196070492, 0.00195312022697, 4.54552646261e-05],
        "dmean2": [0.687494456768, 4.58123350143, 10.8278560638, 13.4100255966, 10.7025718689, 15.4652900696, 24.6295852661, 23.2528381348, 13.3207187653, 18.5088386536, 16.5883579254, 20.1301364899, 18.0149345398, 23.7137889862, 29.2311649323, 13.7891654968, 16.6279888153, 24.1559200287, 19.9436416626, 11.7011709213, 14.8093938828, 14.2610464096, 13.6963100433, 11.6801118851, 12.1522274017, 13.4345331192, 12.6383886337, 17.9565391541, 10.4470300674, 9.25630950928, 6.28955173492, 3.86740040779, 2.38467049599, 1.61120331287, 0.863320887089, 0.372556686401, 0.126981779933, 0.0440201759338, 0.00287963193841, 6.55165640637e-05],
        "dvar": [0.673935174942, 56.038520813, 337.010375977, 346.717193604, 136.20501709, 298.082458496, 608.920593262, 559.625366211, 226.692108154, 414.984191895, 357.657958984, 575.93737793, 374.033050537, 997.612243652, 1767.10498047, 240.608856201, 720.472290039, 1645.10327148, 975.651062012, 156.894729614, 294.673980713, 301.309997559, 303.484313965, 220.336502075, 167.940322876, 183.902404785, 155.383361816, 366.816436768, 105.806991577, 92.0226898193, 42.1705551147, 15.9725217819, 6.37776708603, 3.06543064117, 0.86656165123, 0.161697775126, 0.0198442880064, 0.0028005822096, 1.20092036013e-05, 3.6326155417e-09],
        "dvar2": [1.94658195972, 129.712478638, 785.06439209, 943.713134766, 338.546966553, 789.578186035, 1355.18701172, 1193.83312988, 576.860656738, 921.28729248, 698.801513672, 1291.46984863, 845.468139648, 2206.24829102, 4024.55883789, 485.744842529, 1590.60754395, 3467.25415039, 1991.61035156, 350.311553955, 666.321044922, 697.130615234, 681.431152344, 511.966705322, 402.584197998, 464.110748291, 403.520751953, 962.360107422, 274.874694824, 242.228912354, 104.88457489, 37.4671173096, 14.8241558075, 7.518658638, 1.99168050289, 0.346183478832, 0.0373819060624, 0.00499029224738, 2.2990629077e-05, 7.07044378601e-09],
        "max": [9.28524112701, 77.0158615112, 161.71081543, 283.402252197, 156.460418701, 216.203475952, 386.550109863, 377.989807129, 229.005661011, 448.356506348, 414.972869873, 613.284973145, 287.013092041, 806.984313965, 1287.45361328, 356.951812744, 910.415283203, 1320.7199707, 931.156433105, 277.51071167, 386.241455078, 460.800323486, 613.041442871, 466.58972168, 313.71282959, 293.193847656, 161.522445679, 218.966491699, 109.880836487, 98.0312957764, 77.4762191772, 44.6944007874, 37.3965034485, 25.4398536682, 12.8027410507, 5.69495725632, 3.39724946022, 1.02767705917, 0.0851567685604, 0.0012930118246],
        "mean": [1.09487211704, 4.70560932159, 9.08352947235, 13.2182159424, 13.6102924347, 17.8311386108, 29.8271999359, 31.1268882751, 19.4591331482, 26.2074642181, 26.5710067749, 30.8109378815, 21.7923355103, 20.932888031, 28.5977287292, 17.8819694519, 15.708231926, 20.3227558136, 18.0554695129, 13.5031490326, 16.2890129089, 15.4104709625, 14.0982952118, 12.9515295029, 12.669298172, 12.5079135895, 11.9906158447, 13.4298505783, 9.37959384918, 7.83808422089, 5.83167648315, 4.01987314224, 2.50993824005, 1.60275447369, 0.917585253716, 0.408209115267, 0.153420746326, 0.0489108562469, 0.00264365458861, 0.00011641166202],
        "median": [0.902609229088, 2.21255540848, 3.85176205635, 7.23556137085, 8.39402580261, 11.7710905075, 18.6612739563, 18.1398048401, 9.49539089203, 13.6833457947, 12.023859024, 12.8097324371, 12.5246458054, 10.2723302841, 14.3102302551, 10.669719696, 9.29471969604, 9.62449073792, 8.97470664978, 9.03638076782, 10.8145751953, 10.0411272049, 8.63962745667, 8.32354545593, 8.0283946991, 7.23977088928, 7.04857730865, 6.42012214661, 5.04131031036, 3.88407731056, 2.72000551224, 2.09152984619, 1.26953792572, 0.679930686951, 0.36648029089, 0.181879267097, 0.0733086913824, 0.0213956851512, 0.000876300677191, 8.97379213711e-05],
        "min": [4.02549585752e-22, 3.31009893045e-21, 9.79826374063e-21, 2.15731304849e-20, 3.16742449195e-20, 8.89183680201e-20, 2.14276277996e-19, 4.52063148651e-19, 3.95293148675e-19, 2.65950974645e-19, 5.59757411514e-19, 1.31584086814e-18, 1.21427694419e-18, 1.6676816247e-18, 1.35272350749e-18, 1.36750460465e-18, 3.8593546637e-18, 4.71188505331e-18, 6.4714566213e-18, 6.38066279572e-18, 5.48301714833e-18, 6.53973955368e-18, 1.15130380824e-17, 8.88066234157e-18, 1.05961398062e-17, 8.4232198823e-18, 1.30325564599e-17, 1.29335512124e-17, 1.23766047157e-17, 1.50969842019e-17, 1.5312357218e-17, 1.78614201547e-17, 1.33259872017e-17, 1.00996941267e-17, 8.34039097884e-18, 4.98087302157e-18, 2.95325481686e-18, 1.1744096304e-18, 2.83689862881e-19, 2.70145248871e-20],
        "var": [1.07824921608, 71.6412200928, 345.243347168, 366.849029541, 254.570114136, 434.436767578, 1253.90087891, 1556.68933105, 661.688537598, 1294.33764648, 1906.51782227, 2610.54907227, 672.211547852, 1092.65405273, 2031.80895996, 548.147460938, 780.131774902, 1808.52246094, 1119.32116699, 238.900024414, 392.561218262, 387.836761475, 368.223052979, 276.119567871, 216.977401733, 224.277084351, 211.070373535, 366.534057617, 133.410171509, 108.40763092, 64.1556091309, 29.3534488678, 12.7840614319, 6.33367776871, 1.8294980526, 0.347298830748, 0.0486478954554, 0.00680416543037, 2.56542025454e-05, 1.02902530941e-08]
    },
    "gfcc": {
        "mean": [31.4000263214, 86.0933761597, -91.4451980591, 36.0300636292, -52.6211166382, 14.0554800034, -31.3118267059, 8.36431503296, -20.3567886353, 6.05977487564, -14.4282798767, 7.42766523361, -8.92452049255],
        "cov": [[10382.7939453, -1179.85351562, 1183.44775391, 800.890930176, 23.5156269073, 535.769592285, 248.013320923, 434.13772583, -231.868026733, 289.693817139, -393.665679932, 62.9493865967, -320.075897217], [-1179.85351562, 1602.9699707, -221.018890381, 35.2779846191, 345.807891846, -111.904914856, 159.884902954, -88.2836380005, 219.762573242, -142.237823486, 186.670333862, -132.122238159, 132.344970703], [1183.44775391, -221.018890381, 892.626281738, 228.010574341, 100.0287323, 204.42388916, 52.5117530823, 173.31942749, -28.0085010529, 132.844451904, -98.958404541, 57.1500244141, -62.9773254395], [800.890930176, 35.2779846191, 228.010574341, 349.054107666, 99.5517883301, 115.919586182, 86.0859527588, 26.0892124176, 0.873517870903, 0.897750496864, -26.6534805298, -41.0808258057, -9.03911590576], [23.5156269073, 345.807891846, 100.0287323, 99.5517883301, 289.172973633, 59.1678924561, 109.481872559, 13.0623207092, 56.8078155518, -30.3208866119, 19.7739658356, -40.7001609802, 5.88063955307], [535.769592285, -111.904914856, 204.42388916, 115.919586182, 59.1678924561, 185.081451416, 39.829875946, 56.6482124329, -13.9702529907, 38.3739204407, -32.0021400452, -0.387376338243, -19.3015956879], [248.013320923, 159.884902954, 52.5117530823, 86.0859527588, 109.481872559, 39.829875946, 139.351882935, 43.3211326599, 49.9039878845, -5.57840061188, 0.362691104412, -31.3291492462, -7.39953041077], [434.13772583, -88.2836380005, 173.31942749, 26.0892124176, 13.0623207092, 56.6482124329, 43.3211326599, 129.237533569, 26.7706756592, 54.6583213806, -31.6235218048, 19.8109111786, -26.0732803345], [-231.868026733, 219.762573242, -28.0085010529, 0.873517870903, 56.8078155518, -13.9702529907, 49.9039878845, 26.7706756592, 114.511741638, 6.18117904663, 39.081615448, -18.4178657532, 16.0630950928], [289.693817139, -142.237823486, 132.844451904, 0.897750496864, -30.3208866119, 38.3739204407, -5.57840061188, 54.6583213806, 6.18117904663, 99.5663833618, 2.74737071991, 40.296333313, -7.06974697113], [-393.665679932, 186.670333862, -98.958404541, -26.6534805298, 19.7739658356, -32.0021400452, 0.362691104412, -31.6235218048, 39.081615448, 2.74737071991, 99.9424819946, 15.8926954269, 42.2033348083], [62.9493865967, -132.122238159, 57.1500244141, -41.0808258057, -40.7001609802, -0.387376338243, -31.3291492462, 19.8109111786, -18.4178657532, 40.296333313, 15.8926954269, 88.035484314, 14.5298938751], [-320.075897217, 132.344970703, -62.9773254395, -9.03911590576, 5.88063955307, -19.3015956879, -7.39953041077, -26.0732803345, 16.0630950928, -7.06974697113, 42.2033348083, 14.5298938751, 70.6736755371]],
        "icov": [[0.000181877010618, -7.19714662409e-05, 9.64179635048e-05, -0.000393005931983, 6.55381372781e-05, -9.07009816729e-05, -0.000188588834135, -0.000242642694502, 0.000376321841031, -0.000430668820627, 0.000410798558732, -0.000356392847607, 0.000553994905204], [-7.19714662409e-05, 0.00199604127556, -0.000602009764407, 0.000539833330549, -0.00126044743229, 0.000964051811025, -0.000480816146592, 0.000144554011058, -0.00166140147485, 0.0019552432932, -0.00258368020877, 0.00255561922677, -0.0025693748612], [9.64179635048e-05, -0.000602009764407, 0.00287938723341, -0.00165150314569, -0.000900734215975, -0.000883840024471, 0.00100015697535, -0.00174002139829, 0.000997704453766, -0.00289897201583, 0.00265603605658, -0.00249722157605, 0.00162552134134], [-0.000393005931983, 0.000539833330549, -0.00165150314569, 0.00590825360268, -6.97867071722e-05, -0.00152549776249, -0.00214033946395, 0.00185174262151, -0.000496930093504, 0.00196354207583, -0.00170869054273, 0.00347806327045, -0.00284388684668], [6.55381372781e-05, -0.00126044743229, -0.000900734215975, -6.97867071722e-05, 0.00720913056284, -0.00215410697274, -0.00352022750303, 0.00118096196093, -0.000534011283889, 0.00180854462087, -0.000337930396199, -0.000686036655679, 0.00136966968421], [-9.07009816729e-05, 0.000964051811025, -0.000883840024471, -0.00152549776249, -0.00215410697274, 0.0096915718168, -0.00034749659244, -0.00195821956731, 0.00154334504623, -0.00157996150665, -0.000741068797652, 0.00218919734471, -0.00164788216352], [-0.000188588834135, -0.000480816146592, 0.00100015697535, -0.00214033946395, -0.00352022750303, -0.00034749659244, 0.0147445080802, -0.0047785746865, -0.00277215661481, 0.000758003967348, -1.30494736368e-05, 0.00135629146826, 0.00107744266279], [-0.000242642694502, 0.000144554011058, -0.00174002139829, 0.00185174262151, 0.00118096196093, -0.00195821956731, -0.0047785746865, 0.0180729664862, -0.00642373971641, -0.00405675405636, 0.00487716589123, -0.00349602801725, 0.00171140197199], [0.000376321841031, -0.00166140147485, 0.000997704453766, -0.000496930093504, -0.000534011283889, 0.00154334504623, -0.00277215661481, -0.00642373971641, 0.0179268494248, -0.00432598264888, -0.00352004473098, 0.00286835129373, 0.000451877654996], [-0.000430668820627, 0.0019552432932, -0.00289897201583, 0.00196354207583, 0.00180854462087, -0.00157996150665, 0.000758003967348, -0.00405675405636, -0.00432598264888, 0.0222671572119, -0.00779033079743, -0.00134073744994, -0.00180489826016], [0.000410798558732, -0.00258368020877, 0.00265603605658, -0.00170869054273, -0.000337930396199, -0.000741068797652, -1.30494736368e-05, 0.00487716589123, -0.00352004473098, -0.00779033079743, 0.023822626099, -0.00911874417216, -0.0018597219605], [-0.000356392847607, 0.00255561922677, -0.00249722157605, 0.00347806327045, -0.000686036655679, 0.00218919734471, 0.00135629146826, -0.00349602801725, 0.00286835129373, -0.00134073744994, -0.00911874417216, 0.0239917915314, -0.00894623808563], [0.000553994905204, -0.0025693748612, 0.00162552134134, -0.00284388684668, 0.00136966968421, -0.00164788216352, 0.00107744266279, 0.00171140197199, 0.000451877654996, -0.00180489826016, -0.0018597219605, -0.00894623808563, 0.025401506573]]
    },
    "melbands": {
        "dmean": [0.00358345732093, 0.00352721964009, 0.00139548373409, 0.00051428808365, 0.000532956561074, 0.000343619176419, 0.000122534329421, 0.000136719638249, 9.4028597232e-05, 8.24964081403e-05, 5.81591702939e-05, 5.97432626819e-05, 6.22955340077e-05, 3.09213137371e-05, 2.60520773736e-05, 2.15571944864e-05, 3.21771221934e-05, 1.99037513084e-05, 1.51725835167e-05, 1.17218332889e-05, 1.14909016702e-05, 1.11798899525e-05, 7.14364932719e-06, 7.59177237342e-06, 6.35506921753e-06, 6.16268243903e-06, 6.34207708572e-06, 5.65872505831e-06, 4.38884990217e-06, 5.95743404119e-06, 6.89905937179e-06, 3.74371438738e-06, 3.46199021806e-06, 3.07941286337e-06, 2.3792056254e-06, 1.89489696822e-06, 1.47674870732e-06, 1.16374405934e-06, 9.69651523519e-07, 8.74209831636e-07],
        "dmean2": [0.00569260679185, 0.00537706026807, 0.00217886851169, 0.000828023825306, 0.000822077738121, 0.000528815260623, 0.000190384715097, 0.000210978803807, 0.000139384777867, 0.000128482148284, 8.96973506315e-05, 9.42837286857e-05, 9.79448304861e-05, 4.69830119982e-05, 4.15135764342e-05, 3.40056794812e-05, 5.10563186253e-05, 3.12464144372e-05, 2.42368296313e-05, 1.86032411875e-05, 1.78317641257e-05, 1.75929017132e-05, 1.10574510472e-05, 1.16667406473e-05, 9.87583007372e-06, 9.66327297647e-06, 9.93862522591e-06, 9.09173104446e-06, 7.0225160016e-06, 9.85945916909e-06, 1.14411423056e-05, 6.10880715612e-06, 5.64179072171e-06, 5.08596485815e-06, 3.81225117962e-06, 2.96394796351e-06, 2.28181056627e-06, 1.80659571924e-06, 1.4973549014e-06, 1.37924439514e-06],
        "dvar": [5.23276285094e-05, 8.03498915047e-05, 8.16058218334e-06, 7.58267276524e-07, 6.40634141291e-07, 2.52918880506e-07, 4.27282174087e-08, 5.69028095754e-08, 3.33639675887e-08, 2.39936088775e-08, 9.33784871648e-09, 1.53023744787e-08, 1.6323554064e-08, 3.1600562167e-09, 3.51942963661e-09, 2.04430250506e-09, 8.30975199761e-09, 2.49408005359e-09, 9.63156332467e-10, 3.81703085806e-10, 4.42660630373e-10, 5.20662235548e-10, 1.46857664918e-10, 2.03958419598e-10, 1.71272288019e-10, 1.2407264105e-10, 1.06767553132e-10, 9.05616068247e-11, 5.23527297902e-11, 9.64749391485e-11, 1.59625132556e-10, 3.46172153443e-11, 3.68287726704e-11, 2.67645072771e-11, 1.59683464368e-11, 9.01951603682e-12, 5.80741357781e-12, 3.53694330768e-12, 3.02638881837e-12, 2.26801715429e-12],
        "dvar2": [0.000132300454425, 0.000174854212673, 2.17278739001e-05, 2.00383851734e-06, 1.50784092057e-06, 5.42665020475e-07, 1.04965202752e-07, 1.2365485702e-07, 6.10130825862e-08, 5.38978888187e-08, 2.09843804555e-08, 3.36435981296e-08, 3.68371182446e-08, 6.71632349736e-09, 7.76043673767e-09, 4.67654226455e-09, 1.76757115611e-08, 5.05839148346e-09, 2.27944529918e-09, 9.14554265652e-10, 9.91237092407e-10, 1.222175805e-09, 3.26623644797e-10, 4.60249810486e-10, 4.04370675833e-10, 2.86986462372e-10, 2.57704163564e-10, 2.30778396393e-10, 1.32702709932e-10, 2.51570431153e-10, 4.20163320802e-10, 8.98227117685e-11, 9.748079427e-11, 6.94961241332e-11, 4.0418324937e-11, 2.11708532649e-11, 1.38322296325e-11, 8.27996785718e-12, 7.37183925015e-12, 5.65609278164e-12],
        "max": [0.0780383944511, 0.0878674983978, 0.0432718023658, 0.0116303488612, 0.0134198721498, 0.0072949253954, 0.00297725386918, 0.00545615423471, 0.00436635548249, 0.00405877130106, 0.00141763524152, 0.00297522172332, 0.00347129255533, 0.00152127840556, 0.00198939093389, 0.00110457313713, 0.00302088307217, 0.00150254520122, 0.000779349240474, 0.0004270960344, 0.000559354841243, 0.000660291465465, 0.000448388687801, 0.000457921705674, 0.000433198758401, 0.00029836667818, 0.00023282780603, 0.0002498664835, 0.000153556422447, 9.33173068915e-05, 0.00015676188923, 7.5188705523e-05, 6.035401384e-05, 5.93356344325e-05, 5.18489578099e-05, 3.32558665832e-05, 3.09001516143e-05, 3.23040840158e-05, 2.91685992124e-05, 2.57522715401e-05],
        "mean": [0.00865375902504, 0.00539655983448, 0.00234879902564, 0.00105183338746, 0.00102513015736, 0.000712467997801, 0.000279541010968, 0.000295160425594, 0.000223768860451, 0.000192129897187, 0.000104011589428, 8.05246163509e-05, 9.10693706828e-05, 5.62661625736e-05, 4.01962570322e-05, 3.07002846966e-05, 3.97800104111e-05, 2.7462361686e-05, 2.18845889322e-05, 1.92453717318e-05, 1.85715634871e-05, 1.72138607013e-05, 1.21251869132e-05, 1.17676108857e-05, 1.02935691757e-05, 9.4140332294e-06, 9.21479113458e-06, 7.98034398031e-06, 6.92392995916e-06, 7.98199016572e-06, 7.83275572758e-06, 5.2710156524e-06, 4.84653037347e-06, 4.11359724239e-06, 3.43938313563e-06, 2.85160604108e-06, 2.28527937907e-06, 1.80463132438e-06, 1.5111746734e-06, 1.28975591451e-06],
        "median": [0.0067443381995, 0.00257757818326, 0.00141468748916, 0.000784022151493, 0.000687026767991, 0.00044292761595, 0.000134593166877, 0.000146967882756, 8.75841506058e-05, 7.93895524112e-05, 5.67695606151e-05, 3.50182817783e-05, 4.5831038733e-05, 3.20722647302e-05, 2.21852715185e-05, 1.67389443959e-05, 1.61095431395e-05, 1.32120476337e-05, 1.19293299576e-05, 1.24614743982e-05, 1.19157775771e-05, 1.06696479634e-05, 7.68836434872e-06, 7.10897529643e-06, 6.30577142147e-06, 5.61342903893e-06, 5.2622349358e-06, 4.47104866907e-06, 4.12383769799e-06, 4.05941773352e-06, 3.40631504514e-06, 2.78592960967e-06, 2.48800552072e-06, 1.89453112398e-06, 1.53259657054e-06, 1.39335907079e-06, 1.1475692645e-06, 8.90450905899e-07, 6.87399790422e-07, 5.07032950736e-07],
        "min": [4.55133220381e-24, 4.54289612529e-24, 3.82211233847e-24, 3.61632298298e-24, 7.10179918534e-24, 9.56109751206e-24, 6.31835381024e-24, 2.23499341971e-24, 5.40585828521e-24, 7.74823440957e-24, 5.81988167613e-24, 6.65109139575e-24, 3.14561875274e-24, 4.99375340402e-24, 4.44873532106e-24, 1.17242243228e-23, 7.34200969757e-24, 1.19126863485e-23, 5.25866709549e-24, 9.84128512837e-24, 5.304602466e-24, 6.45071047064e-24, 7.43493830106e-24, 8.0464530196e-24, 6.97930801942e-24, 6.78184351307e-24, 7.89941486889e-24, 3.97150366126e-24, 8.75871316434e-24, 6.15476259672e-24, 8.60268515476e-24, 6.76197526231e-24, 7.83729443919e-24, 7.74919366443e-24, 8.77355006024e-24, 9.60363368093e-24, 8.60240116483e-24, 9.59952213789e-24, 7.03099576366e-24, 7.64170347748e-24],
        "var": [8.03179646027e-05, 0.00010164303967, 9.52861955739e-06, 1.17344973205e-06, 1.23917720884e-06, 6.83671487423e-07, 1.31640803147e-07, 1.86514867551e-07, 1.99411246626e-07, 1.05520463478e-07, 1.63213016435e-08, 1.71227778623e-08, 1.85463608915e-08, 5.0501789417e-09, 4.14664658166e-09, 2.36753883165e-09, 8.88905304919e-09, 2.86927148707e-09, 1.08700382029e-09, 5.28636745489e-10, 5.79554848557e-10, 6.11472650291e-10, 2.15118881042e-10, 2.48930820401e-10, 2.06275829751e-10, 1.50966447676e-10, 1.36290145836e-10, 1.03610932334e-10, 7.36419536462e-11, 1.12458195534e-10, 1.46826217851e-10, 4.39550479348e-11, 4.1643234e-11, 3.2284671464e-11, 2.3667389229e-11, 1.55042419875e-11, 1.0417373561e-11, 6.66004838085e-12, 5.70781486312e-12, 4.52492340472e-12]
    },
    "mfcc": {
        "mean": [-617.37322998, 118.177383423, 18.0269546509, 29.1820602417, 5.54400396347, 10.5505933762, 1.17393493652, 5.64469003677, 1.58237743378, 0.927429080009, -1.03123342991, 2.07311153412, 1.1738101244],
        "cov": [[6758.21044922, -507.228912354, 616.748352051, 361.510620117, 24.7000656128, 277.583831787, 264.814788818, 211.604949951, 236.317749023, 212.790802002, 109.729248047, 7.01776170731, -66.5168380737], [-507.228912354, 1348.25500488, -189.067489624, 157.152038574, 167.871444702, 34.2721176147, 36.4332351685, 71.6433792114, 42.3526916504, 60.8655967712, 63.3714790344, 15.4114017487, 30.9346561432], [616.748352051, -189.067489624, 603.731750488, 98.4519958496, 85.2995758057, 78.2038345337, 71.1515274048, 37.5525360107, 75.4034042358, 48.2387657166, 44.8161659241, 23.3274803162, 11.7673053741], [361.510620117, 157.152038574, 98.4519958496, 250.276626587, 77.7235794067, 86.0282592773, 68.5638885498, 57.2743759155, 50.7129402161, 46.1751976013, 28.8571796417, 3.67835950851, -5.78730201721], [24.7000656128, 167.871444702, 85.2995758057, 77.7235794067, 168.137451172, 84.4699249268, 61.5097160339, 44.2805366516, 35.4977989197, 31.9565830231, 24.9171142578, 2.1307387352, 2.45041465759], [277.583831787, 34.2721176147, 78.2038345337, 86.0282592773, 84.4699249268, 148.11517334, 75.1081314087, 39.2661743164, 32.1368713379, 32.9650192261, 17.7927856445, -0.188737168908, -6.68623113632], [264.814788818, 36.4332351685, 71.1515274048, 68.5638885498, 61.5097160339, 75.1081314087, 112.004867554, 46.4562339783, 38.6368980408, 34.5182380676, 17.555770874, -1.7205041647, -3.24215483665], [211.604949951, 71.6433792114, 37.5525360107, 57.2743759155, 44.2805366516, 39.2661743164, 46.4562339783, 94.8998947144, 47.5707244873, 38.0104064941, 25.6244869232, 4.4376373291, -1.10828185081], [236.317749023, 42.3526916504, 75.4034042358, 50.7129402161, 35.4977989197, 32.1368713379, 38.6368980408, 47.5707244873, 94.0738754272, 54.18201828, 33.0454330444, 8.75903892517, 0.0646529197693], [212.790802002, 60.8655967712, 48.2387657166, 46.1751976013, 31.9565830231, 32.9650192261, 34.5182380676, 38.0104064941, 54.18201828, 88.4668579102, 44.6170387268, 12.2605667114, -2.1050298214], [109.729248047, 63.3714790344, 44.8161659241, 28.8571796417, 24.9171142578, 17.7927856445, 17.555770874, 25.6244869232, 33.0454330444, 44.6170387268, 61.9560394287, 26.8624076843, 5.81305551529], [7.01776170731, 15.4114017487, 23.3274803162, 3.67835950851, 2.1307387352, -0.188737168908, -1.7205041647, 4.4376373291, 8.75903892517, 12.2605667114, 26.8624076843, 52.1757469177, 25.274974823], [-66.5168380737, 30.9346561432, 11.7673053741, -5.78730201721, 2.45041465759, -6.68623113632, -3.24215483665, -1.10828185081, 0.0646529197693, -2.1050298214, 5.81305551529, 25.274974823, 49.4891014099]],
