{
"lowlevel": {
    "average_loudness": 0.937471628189,
    "barkbands_crest": {
        "dmean": 2.85117697716,
        "dmean2": 4.37475967407,
        "dvar": 8.25316047668,
        "dvar2": 18.1027183533,
        "max": 26.3011455536,
        "mean": 12.9035511017,
        "median": 12.2572021484,
        "min": 2.05111980438,
        "var": 27.7284622192
    },
    "barkbands_flatness_db": {
        "dmean": 0.0240646023303,
        "dmean2": 0.0321119688451,
        "dvar": 0.000683398742694,
        "dvar2": 0.00116753310431,
        "max": 0.460613101721,
        "mean": 0.136069566011,
        "median": 0.110250502825,
        "min": 0.0184067878872,
        "var": 0.0062081781216
    },
    "barkbands_kurtosis": {
        "dmean": 3.58627533913,
        "dmean2": 4.89823961258,
        "dvar": 54.3469200134,
        "dvar2": 84.324546814,
        "max": 140.782043457,
        "mean": 4.44145774841,
        "median": 0.744981050491,
        "min": -1.82865285873,
        "var": 120.552001953
    },
    "barkbands_skewness": {
        "dmean": 0.618111371994,
        "dmean2": 0.837621569633,
        "dvar": 0.636190354824,
        "dvar2": 0.964949905872,
        "max": 11.6960477829,
        "mean": 1.57160830498,
        "median": 1.21789121628,
        "min": -2.02856254578,
        "var": 2.31788754463
    },
    "barkbands_spread": {
        "dmean": 6.43972873688,
        "dmean2": 9.26100921631,
        "dvar": 50.8275909424,
        "dvar2": 97.3262863159,
        "max": 95.7959899902,
        "mean": 29.506980896,
        "median": 29.5414390564,
        "min": 0.561434388161,
        "var": 257.120361328
    },
    "dissonance": {
        "dmean": 0.0179913640022,
        "dmean2": 0.0293034706265,
        "dvar": 0.000476611923659,
        "dvar2": 0.00120723678265,
        "max": 0.500000178814,
        "mean": 0.463341623545,
        "median": 0.474330425262,
        "min": 0.209931313992,
        "var": 0.00135795318056
    },
    "dynamic_complexity": 2.89155077934,
    "erbbands_crest": {
        "dmean": 2.33770298958,
        "dmean2": 3.64982914925,
        "dvar": 5.2470703125,
        "dvar2": 11.9596147537,
        "max": 32.8809165955,
        "mean": 8.91792392731,
        "median": 7.53486061096,
        "min": 2.11949110031,
        "var": 25.6650428772
    },
    "erbbands_flatness_db": {
        "dmean": 0.0148420734331,
        "dmean2": 0.0198772028089,
        "dvar": 0.000257048784988,
        "dvar2": 0.000428936764365,
        "max": 0.490435779095,
        "mean": 0.148559823632,
        "median": 0.115925371647,
        "min": 0.0594062879682,
        "var": 0.00607367092744
    },
    "erbbands_kurtosis": {
        "dmean": 0.743933320045,
        "dmean2": 1.14225804806,
        "dvar": 2.55008339882,
        "dvar2": 5.40711355209,
        "max": 67.617729187,
        "mean": 0.0563300475478,
        "median": -0.699541330338,
        "min": -1.83843243122,
        "var": 8.98444652557
    },
    "erbbands_skewness": {
        "dmean": 0.321551859379,
        "dmean2": 0.478248178959,
        "dvar": 0.0965610742569,
        "dvar2": 0.209573879838,
        "max": 6.63893079758,
        "mean": 0.240824192762,
        "median": 0.0872770696878,
        "min": -1.93316113949,
        "var": 0.51254171133
    },
    "erbbands_spread": {
        "dmean": 8.14071655273,
        "dmean2": 11.4257478714,
        "dvar": 108.710876465,
        "dvar2": 166.317993164,
        "max": 147.428436279,
        "mean": 45.2320404053,
        "median": 46.010055542,
        "min": 1.4207521677,
        "var": 589.461547852
    },
    "hfc": {
        "dmean": 9.2289686203,
        "dmean2": 12.9331645966,
        "dvar": 156.316101074,
        "dvar2": 314.845153809,
        "max": 167.381515503,
        "mean": 34.604434967,
        "median": 35.3664321899,
        "min": 1.12943201133e-16,
        "var": 581.461486816
    },
    "melbands_crest": {
        "dmean": 3.41212391853,
        "dmean2": 5.36064577103,
        "dvar": 11.3296937943,
        "dvar2": 27.5909805298,
        "max": 34.4496078491,
        "mean": 18.6323375702,
        "median": 18.0376415253,
        "min": 2.94236063957,
        "var": 36.9870109558
    },
    "melbands_flatness_db": {
        "dmean": 0.0290136728436,
        "dmean2": 0.0389096811414,
        "dvar": 0.000999926705845,
        "dvar2": 0.00175252719782,
        "max": 0.566259920597,
        "mean": 0.20522120595,
        "median": 0.179339557886,
        "min": 0.00949149671942,
        "var": 0.00893227010965
    },
    "melbands_kurtosis": {
        "dmean": 15.3561878204,
        "dmean2": 20.563325882,
        "dvar": 1378.8848877,
        "dvar2": 2113.95898438,
        "max": 573.606567383,
        "mean": 23.2822647095,
        "median": 7.52797937393,
        "min": -1.6570366621,
        "var": 2799.69824219
    },
    "melbands_skewness": {
        "dmean": 1.04896175861,
        "dmean2": 1.38605213165,
        "dvar": 2.55735039711,
        "dvar2": 3.70872402191,
        "max": 21.0429039001,
        "mean": 3.17260980606,
        "median": 2.4805021286,
        "min": -1.29165995121,
        "var": 8.61967372894
    },
    "melbands_spread": {
        "dmean": 7.51755905151,
        "dmean2": 11.1075525284,
        "dvar": 75.741973877,
        "dvar2": 158.431427002,
        "max": 156.741485596,
        "mean": 26.9769515991,
        "median": 24.6398124695,
        "min": 0.924199044704,
        "var": 331.586853027
    },
    "pitch_salience": {
        "dmean": 0.0777987316251,
        "dmean2": 0.115770414472,
        "dvar": 0.00687915459275,
        "dvar2": 0.0149188572541,
        "max": 0.972052097321,
        "mean": 0.451422035694,
        "median": 0.463289856911,
        "min": 0.0294556375593,
        "var": 0.0194450840354
    },
    "silence_rate_20dB": {
        "dmean": 0,
        "dmean2": 0,
        "dvar": 0,
        "dvar2": 0,
        "max": 1,
        "mean": 1,
        "median": 1,
        "min": 1,
        "var": 0
    },
    "silence_rate_30dB": {
        "dmean": 0.00292932987213,
        "dmean2": 0.005859375,
        "dvar": 0.00292029976845,
        "dvar2": 0.008266242221,
        "max": 1,
        "mean": 0.998047351837,
        "median": 1,
        "min": 0,
        "var": 0.00194883719087
    },
    "silence_rate_60dB": {
        "dmean": 0.0112290978432,
        "dmean2": 0.0224609375,
        "dvar": 0.0111038926989,
        "dvar2": 0.0258617810905,
        "max": 1,
        "mean": 0.03758848086,
        "median": 0,
        "min": 0,
        "var": 0.0361749902368
    },
    "spectral_centroid": {
        "dmean": 267.59262085,
        "dmean2": 388.152679443,
        "dvar": 97212.671875,
        "dvar2": 174206.703125,
        "max": 10962.3886719,
        "mean": 1758.36364746,
        "median": 1884.85205078,
        "min": 345.222686768,
        "var": 514001.40625
    },
    "spectral_complexity": {
        "dmean": 5.30550479889,
        "dmean2": 7.87036132812,
        "dvar": 42.8279914856,
        "dvar2": 88.5747756958,
        "max": 59,
        "mean": 22.7287044525,
        "median": 23,
        "min": 0,
        "var": 155.328216553
    },
    "spectral_decrease": {
        "dmean": 2.49876652703e-09,
        "dmean2": 3.69142028056e-09,
        "dvar": 8.36521715056e-18,
        "dvar2": 1.84246060748e-17,
        "max": -1.11505686361e-28,
        "mean": -1.02648680667e-08,
        "median": -1.01140926745e-08,
        "min": -3.3518382736e-08,
        "var": 3.85372495517e-17
    },
    "spectral_energy": {
        "dmean": 0.00986015144736,
        "dmean2": 0.0145465368405,
        "dvar": 0.000126751358039,
        "dvar2": 0.000276126811514,
        "max": 0.129683509469,
        "mean": 0.0418807268143,
        "median": 0.041918233037,
        "min": 1.06651328667e-20,
        "var": 0.000605420209467
    },
    "spectral_energyband_high": {
        "dmean": 0.000735561072361,
        "dmean2": 0.00106646073982,
        "dvar": 1.2765806332e-06,
        "dvar2": 2.63371862275e-06,
        "max": 0.0170077495277,
        "mean": 0.00234620110132,
        "median": 0.00193873629905,
        "min": 7.52331995448e-21,
        "var": 4.80144990433e-06
    },
    "spectral_energyband_low": {
        "dmean": 0.00722848437726,
        "dmean2": 0.0106707066298,
        "dvar": 0.000127576771774,
        "dvar2": 0.000277517101495,
        "max": 0.104396209121,
        "mean": 0.0225215349346,
        "median": 0.0168880075216,
        "min": 1.66497840937e-22,
        "var": 0.000435961410403
    },
    "spectral_energyband_middle_high": {
        "dmean": 0.00227123894729,
        "dmean2": 0.00319824530743,
        "dvar": 8.28425891086e-06,
        "dvar2": 1.55907728185e-05,
        "max": 0.0474744960666,
        "mean": 0.00627676863223,
        "median": 0.00584880961105,
        "min": 1.75116518668e-21,
        "var": 2.93471257464e-05
    },
    "spectral_energyband_middle_low": {
        "dmean": 0.00479709729552,
        "dmean2": 0.00712688174099,
        "dvar": 4.38564784417e-05,
        "dvar2": 9.74035283434e-05,
        "max": 0.0944317132235,
        "mean": 0.0114215482026,
        "median": 0.0091631244868,
        "min": 3.58884279247e-22,
        "var": 0.000106516199594
    },
    "spectral_entropy": {
        "dmean": 0.139418885112,
        "dmean2": 0.196810975671,
        "dvar": 0.0209688134491,
        "dvar2": 0.0402704440057,
        "max": 9.80936050415,
        "mean": 7.71590137482,
        "median": 7.97110939026,
        "min": 4.61415863037,
        "var": 0.411129206419
    },
    "spectral_flux": {
        "dmean": 0.0310518611223,
        "dmean2": 0.0498858131468,
        "dvar": 0.00140837952495,
        "dvar2": 0.00291630695574,
        "max": 0.306400239468,
        "mean": 0.0881241932511,
        "median": 0.0753592923284,
        "min": 1.03272126961e-10,
        "var": 0.00313951144926
    },
    "spectral_kurtosis": {
        "dmean": 2.09383487701,
        "dmean2": 3.49676465988,
        "dvar": 33.9781837463,
        "dvar2": 98.0761795044,
        "max": 129.484603882,
        "mean": 6.1292681694,
        "median": 2.41573429108,
        "min": -1.1912920475,
        "var": 147.783615112
    },
    "spectral_rms": {
        "dmean": 0.00073945755139,
        "dmean2": 0.00106371939182,
        "dvar": 5.93166305407e-07,
        "dvar2": 1.1564942497e-06,
        "max": 0.0112481331453,
        "mean": 0.00600790651515,
        "median": 0.00639498513192,
        "min": 3.22567948914e-12,
        "var": 4.76417108075e-06
    },
    "spectral_rolloff": {
        "dmean": 598.267028809,
        "dmean2": 956.571411133,
        "dvar": 676905.25,
        "dvar2": 1406142.25,
        "max": 18540.0878906,
        "mean": 1744.16369629,
        "median": 1291.9921875,
        "min": 64.599609375,
        "var": 2564571.25
    },
    "spectral_skewness": {
        "dmean": 0.198362484574,
        "dmean2": 0.328803241253,
        "dvar": 0.138531118631,
        "dvar2": 0.398643255234,
        "max": 9.14753723145,
        "mean": 1.54576647282,
        "median": 1.20865416527,
        "min": 0.00558972591534,
        "var": 0.869655609131
    },
    "spectral_spread": {
        "dmean": 463332.15625,
        "dmean2": 657749.5,
        "dvar": 391859503104,
        "dvar2": 593948311552,
        "max": 40093644,
        "mean": 5126902,
        "median": 5697429,
        "min": 536881.4375,
        "var": 3.43640244224e+12
    },
    "spectral_strongpeak": {
        "dmean": 0.445520877838,
        "dmean2": 0.738193154335,
        "dvar": 0.641541898251,
        "dvar2": 1.40332531929,
        "max": 8.18670845032,
        "mean": 0.918568789959,
        "median": 0.432177782059,
        "min": 0,
        "var": 1.28540718555
    },
    "zerocrossingrate": {
        "dmean": 0.0112955486402,
        "dmean2": 0.0125400424004,
        "dvar": 0.000178502115887,
        "dvar2": 0.000227155251196,
        "max": 0.70703125,
        "mean": 0.0702358707786,
        "median": 0.06591796875,
        "min": 0.00390625,
        "var": 0.00188514508773
    },
    "barkbands": {
        "dmean": [0.000315310724545, 0.00709150079638, 0.00353943556547, 0.000866756134201, 0.000994145171717, 0.00060687068617, 0.0013436061563, 0.00176509772427, 0.000709502841346, 0.000386146159144, 0.000519873050507, 0.000547266216017, 0.000336271012202, 0.000265988375759, 0.000468104321044, 0.000232745951507, 0.000358895165846, 0.000347709457856, 0.000294512399705, 0.000245606410317, 0.000224458111916, 0.000173143693246, 0.000142630626215, 0.000125008780742, 8.8907625468e-05, 4.58347931271e-05, 1.3295762983e-05],
        "dmean2": [0.000466765923193, 0.0107553163543, 0.00576661759987, 0.00159894314129, 0.00174351362512, 0.000944347877521, 0.00185269513167, 0.0023176826071, 0.00103817752097, 0.000529033248313, 0.000713718705811, 0.000810301862657, 0.000527767639142, 0.000424474565079, 0.000760313763749, 0.000382331985747, 0.000570516334847, 0.000552234880161, 0.000489064666908, 0.000380794663215, 0.000358373858035, 0.000267144845566, 0.000213096980588, 0.000187464451301, 0.00013081060024, 6.65235565975e-05, 2.07022985705e-05],
        "dvar": [2.13593423837e-07, 0.000138359493576, 0.000114491696877, 9.85256428976e-06, 8.71746669873e-06, 1.28629801566e-06, 7.43547752791e-06, 1.31422475533e-05, 2.71160774901e-06, 1.77386721134e-06, 8.58510361468e-07, 1.46796651279e-06, 4.00613402007e-07, 2.76421047829e-07, 4.73034361903e-07, 1.75744574449e-07, 2.9662101042e-07, 2.82820479924e-07, 2.10888785546e-07, 1.04378145238e-07, 1.05025307562e-07, 5.88461332995e-08, 4.85730780042e-08, 4.37086171701e-08, 2.26965912731e-08, 6.09869532653e-09, 7.5837641722e-10],
        "dvar2": [4.33816268242e-07, 0.000328380730934, 0.000268981500994, 2.83525223495e-05, 2.42764126597e-05, 3.1049246445e-06, 1.05969456854e-05, 1.90146092791e-05, 5.29571616426e-06, 2.42144983531e-06, 1.38806058203e-06, 2.96045391224e-06, 8.53489325436e-07, 6.45998738946e-07, 1.23431198062e-06, 4.52244535154e-07, 7.53989922941e-07, 6.78936942222e-07, 5.61939543786e-07, 2.44545702799e-07, 2.52244717558e-07, 1.36905001114e-07, 1.0421157981e-07, 9.80832126629e-08, 4.73764885101e-08, 1.21539365239e-08, 1.77531533918e-09],
        "max": [0.00995609350502, 0.0853438824415, 0.0760978385806, 0.0254631694406, 0.0383712723851, 0.0211011879146, 0.0510429702699, 0.0868534967303, 0.0282653458416, 0.041353456676, 0.0162001308054, 0.0215481333435, 0.0175277050585, 0.00886644423008, 0.0080051748082, 0.0111338309944, 0.010544362478, 0.00930883828551, 0.00505850976333, 0.00604696618393, 0.0043360190466, 0.00330905243754, 0.00255775777623, 0.00244935392402, 0.0016774184769, 0.00110325356945, 0.000405814120313],
        "mean": [0.00103183870669, 0.0171148981899, 0.00389941013418, 0.000730212894268, 0.00116210756823, 0.00117932900321, 0.00301110581495, 0.00372693524696, 0.00120678765234, 0.00066451006569, 0.00089647679124, 0.00088201998733, 0.000531448284164, 0.000417148636188, 0.000731618260033, 0.000346546876244, 0.000626056047622, 0.000672452268191, 0.000513975392096, 0.000549665477592, 0.000506384356413, 0.000440559757408, 0.000361162266927, 0.000308832502924, 0.000222704024054, 0.000121189368656, 2.531302016e-05],
        "median": [0.000500485009979, 0.0122815612704, 0.000683934427798, 0.000142781529576, 0.000362089485861, 0.000474433065392, 0.000857761478983, 0.00102740933653, 0.000281005981378, 0.000198382287635, 0.000313430267852, 0.000280076288618, 0.00027900619898, 0.000195074855583, 0.000405895989388, 0.000190855382243, 0.000373223738279, 0.000380051147658, 0.000345894368365, 0.000380271463655, 0.000342376821209, 0.000343607040122, 0.000261876091827, 0.000229243247304, 0.00016830835375, 9.25338463276e-05, 1.69177528733e-05],
        "min": [1.96105299012e-23, 1.79462700494e-23, 1.08102494469e-22, 6.84770898104e-23, 2.59192288428e-23, 1.10258293551e-22, 4.74610811443e-23, 1.84061791126e-23, 7.78027951726e-23, 1.17134812994e-22, 1.76054758275e-22, 8.3707595753e-23, 1.03240347124e-22, 1.31496789391e-22, 1.6311054794e-22, 2.6616265392e-22, 1.56747772584e-22, 2.1333080894e-22, 1.97483880775e-22, 2.54834333642e-22, 4.66997123571e-22, 4.88515582991e-22, 7.0833009651e-22, 8.28678766697e-22, 1.21571548479e-21, 1.63681453519e-21, 2.20461606652e-21],
        "var": [1.63244897067e-06, 0.000290990545182, 0.000105005077785, 5.97339931119e-06, 6.34527896182e-06, 2.90937168756e-06, 3.75678209821e-05, 5.52428937226e-05, 7.17372677173e-06, 6.11887162449e-06, 2.45749970418e-06, 3.53483028448e-06, 8.07488504506e-07, 5.54638518224e-07, 8.17491240923e-07, 2.7640609801e-07, 5.61179035685e-07, 6.52786070532e-07, 3.19914931879e-07, 3.253122145e-07, 2.78959049638e-07, 1.8904705712e-07, 1.48733832361e-07, 1.15787749166e-07, 6.061959823e-08, 1.72500733697e-08, 1.20752952082e-09]
    },
    "erbbands": {
        "dmean": [0.209424838424, 1.62059628963, 3.25698041916, 4.05243968964, 1.46658325195, 4.019551754, 6.45405721664, 4.86507844925, 11.7302894592, 31.2887363434, 33.9623031616, 17.4434661865, 12.2700748444, 15.4096231461, 17.5810070038, 24.6124515533, 15.6026153564, 15.0954637527, 19.7506732941, 16.0549297333, 14.7779045105, 14.2728290558, 19.1861495972, 15.1450147629, 14.0328702927, 11.5867757797, 9.19109630585, 8.80533599854, 7.01521539688, 5.07452726364, 4.09356117249, 3.00541830063, 1.97081267834, 1.17605853081, 0.567584276199, 0.257433444262, 0.0751067399979, 0.0228215269744, 0.00196872930974, 3.60977683158e-05],
        "dmean2": [0.322899073362, 2.34762048721, 5.00749969482, 7.08398628235, 2.56059098244, 7.10773420334, 11.280424118, 7.11366033554, 16.3507633209, 40.1580162048, 48.1962280273, 25.2272014618, 16.1394424438, 21.8054351807, 24.9723453522, 35.8990020752, 23.902721405, 23.6938724518, 32.1050567627, 26.2424526215, 23.7429409027, 22.6873874664, 30.249792099, 24.7421035767, 22.8969783783, 17.8873538971, 14.5768108368, 14.0783100128, 10.9570436478, 7.62747716904, 6.24206209183, 4.60672712326, 2.96585345268, 1.75090301037, 0.846644937992, 0.380771487951, 0.111183203757, 0.0343044102192, 0.00308004277758, 5.30784382136e-05],
        "dvar": [0.0944825038314, 7.98721456528, 71.742729187, 195.21182251, 17.3201332092, 137.989761353, 331.385345459, 78.7140274048, 469.384124756, 4191.79785156, 3827.67578125, 1521.26306152, 2408.6081543, 880.129943848, 1320.10559082, 3364.71679688, 753.927429199, 740.78503418, 997.051452637, 542.474487305, 461.312896729, 408.534637451, 915.12512207, 542.730163574, 423.704223633, 251.862625122, 169.841674805, 153.110473633, 96.0429992676, 58.6000404358, 40.4359664917, 24.3785686493, 11.1871747971, 3.83869886398, 0.870780110359, 0.182101488113, 0.0159753002226, 0.00264503853396, 1.59932278621e-05, 4.09361966547e-09],
        "dvar2": [0.225129723549, 17.7987422943, 150.755249023, 526.63684082, 48.0289077759, 386.601379395, 924.366943359, 160.840484619, 791.316101074, 5296.38232422, 7854.51269531, 2982.62524414, 3010.18774414, 1672.84887695, 2183.73120117, 6854.02880859, 1543.73474121, 1713.18041992, 2573.89575195, 1407.42626953, 1179.05224609, 1018.05395508, 2187.22338867, 1363.234375, 1095.63830566, 590.82019043, 411.816223145, 372.98550415, 227.715866089, 128.785827637, 88.0550537109, 56.8388557434, 24.3156681061, 8.13327121735, 1.84815824032, 0.382353246212, 0.0322996266186, 0.00617303047329, 3.67666762031e-05, 9.0829797017e-09],
        "max": [3.90465450287, 20.0929069519, 60.3140602112, 105.681304932, 34.638874054, 138.978408813, 247.759918213, 178.126052856, 363.138702393, 1595.65185547, 953.423217773, 799.895019531, 1576.1574707, 615.739562988, 777.311645508, 1105.27197266, 725.243591309, 463.137512207, 448.550811768, 317.854278564, 334.844665527, 326.076690674, 647.596008301, 281.837585449, 293.100646973, 320.364440918, 167.572113037, 194.401550293, 145.315093994, 93.385345459, 88.8979797363, 58.0973739624, 42.4239807129, 22.6970367432, 10.1031684875, 6.26369476318, 1.87049198151, 0.880538284779, 0.0627773478627, 0.000998005154543],
        "mean": [0.590870678425, 3.38322877884, 5.03458929062, 3.66847872734, 1.86395895481, 4.46934318542, 8.02006721497, 10.3853254318, 26.7077350616, 74.4345855713, 68.3383407593, 32.1302528381, 23.8658390045, 26.320526123, 30.0976982117, 41.0696144104, 26.7376804352, 25.8799057007, 32.2373695374, 27.6256427765, 25.6211471558, 27.6766338348, 38.2101669312, 28.3316421509, 26.5644607544, 26.038230896, 21.0252723694, 19.7907981873, 16.9233322144, 12.5328378677, 10.1200370789, 7.01378202438, 4.84773778915, 2.83272528648, 1.4047743082, 0.627699315548, 0.194042593241, 0.0514720119536, 0.00370013574138, 0.000112470748718],
        "median": [0.49856364727, 1.81159687042, 1.41073274612, 0.693364202976, 0.583445250988, 1.38888096809, 2.74556803703, 4.38079357147, 9.81198310852, 22.0660247803, 22.8613529205, 11.0450658798, 6.50840139389, 11.2429685593, 11.7477645874, 13.9226493835, 14.7821483612, 15.1186075211, 20.7040061951, 18.3547058105, 16.6648292542, 19.9959602356, 24.6619796753, 19.9487171173, 18.1260604858, 18.0916213989, 14.8994674683, 13.8876085281, 12.9246683121, 9.24460220337, 7.46965265274, 4.98292303085, 3.62631869316, 2.09559965134, 1.08314490318, 0.475776493549, 0.141942247748, 0.0396022200584, 0.00234011770226, 0.000101577097666],
        "min": [3.33427245586e-22, 6.87154363705e-21, 9.93203968675e-20, 1.90829417018e-19, 1.42998938868e-19, 9.41026966599e-20, 1.73720284647e-19, 1.26918116075e-18, 7.49105567775e-19, 7.33329217241e-19, 4.27465614817e-19, 1.47261041258e-18, 2.37461364744e-18, 6.38895486777e-18, 5.74716156051e-18, 3.53883044814e-18, 3.35631097803e-18, 7.1280403315e-18, 9.30248971238e-18, 8.61607538775e-18, 1.50816168405e-17, 8.55027813311e-18, 1.07126746653e-17, 1.16910068184e-17, 8.00629107507e-18, 1.45655405107e-17, 2.17956350774e-17, 1.29598861616e-17, 1.70232926339e-17, 2.36259839409e-17, 1.67213071902e-17, 1.8532430722e-17, 1.30013212928e-17, 1.59348189008e-17, 7.10406284708e-18, 4.84819573286e-18, 2.94186846893e-18, 1.4894113814e-18, 3.00469376703e-19, 3.1955454016e-20],
        "var": [0.285478562117, 16.7394828796, 92.1988677979, 135.149627686, 14.9084720612, 98.4409408569, 250.867385864, 269.408508301, 2071.18652344, 21007.0214844, 11247.3837891, 3962.8215332, 9058.80078125, 2111.29541016, 3413.45825195, 7856.87011719, 1720.94226074, 1552.00036621, 1712.7755127, 907.86529541, 806.842834473, 859.01361084, 2146.2277832, 1040.14990234, 828.20715332, 771.819213867, 451.251708984, 398.480773926, 285.972229004, 176.625686646, 120.558753967, 60.9563522339, 28.6737041473, 9.97588348389, 2.37994885445, 0.477319836617, 0.0453701205552, 0.00437883520499, 2.61442401097e-05, 9.18635922886e-09]
    },
    "gfcc": {
        "mean": [18.9999027252, 65.7464370728, -114.540054321, 29.8601779938, -50.3089866638, 17.0916976929, -25.7390651703, 20.5477485657, -6.6687078476, 17.4425506592, -7.36706113815, 5.82826566696, -12.3760652542],
        "cov": [[16034.7626953, -2926.81323242, 2120.9609375, 1995.45007324, -203.101028442, 1275.55334473, -130.105758667, 441.626037598, -806.85369873, 415.28894043, -242.418548584, 353.506164551, -522.731994629], [-2926.81323242, 3240.32080078, -435.481811523, -687.262268066, 430.875518799, -427.039886475, 216.4271698, -197.990402222, 448.80569458, -278.177001953, 178.855804443, -191.227096558, 297.207672119], [2120.9609375, -435.481811523, 1201.28430176, 480.082611084, 263.563018799, 375.025695801, -50.1363105774, 73.5271987915, -174.01651001, 75.0939254761, -93.7155380249, 57.5839157104, -93.7892074585], [1995.45007324, -687.262268066, 480.082611084, 672.417297363, 96.9599533081, 324.325164795, 32.5480384827, 78.6851119995, -142.421646118, 92.2111663818, -33.1352348328, 50.31457901, -99.8768157959], [-203.101028442, 430.875518799, 263.563018799, 96.9599533081, 407.249084473, 163.265930176, 116.576858521, 22.8185214996, 95.799118042, -13.2455034256, 25.8141841888, -31.5225315094, 23.0418338776], [1275.55334473, -427.039886475, 375.025695801, 324.325164795, 163.265930176, 382.813171387, 102.829734802, 105.646697998, -65.0964584351, 81.3919830322, -2.82583975792, 27.603225708, -69.2762985229], [-130.105758667, 216.4271698, -50.1363105774, 32.5480384827, 116.576858521, 102.829734802, 208.220932007, 79.548248291, 94.409072876, 35.0019836426, 73.4516296387, -2.28147506714, 16.3770942688], [441.626037598, -197.990402222, 73.5271987915, 78.6851119995, 22.8185214996, 105.646697998, 79.548248291, 148.372436523, 49.5654220581, 72.6347122192, 18.487279892, 37.8974952698, -20.9120464325], [-806.85369873, 448.80569458, -174.01651001, -142.421646118, 95.799118042, -65.0964584351, 94.409072876, 49.5654220581, 223.087615967, 29.8482818604, 75.7580947876, -21.7029457092, 60.4073410034], [415.28894043, -278.177001953, 75.0939254761, 92.2111663818, -13.2455034256, 81.3919830322, 35.0019836426, 72.6347122192, 29.8482818604, 143.029006958, 52.1213569641, 44.0487518311, -20.8633613586], [-242.418548584, 178.855804443, -93.7155380249, -33.1352348328, 25.8141841888, -2.82583975792, 73.4516296387, 18.487279892, 75.7580947876, 52.1213569641, 103.892158508, 29.5806484222, 37.4455718994], [353.506164551, -191.227096558, 57.5839157104, 50.31457901, -31.5225315094, 27.603225708, -2.28147506714, 37.8974952698, -21.7029457092, 44.0487518311, 29.5806484222, 92.0305099487, 21.2880916595], [-522.731994629, 297.207672119, -93.7892074585, -99.8768157959, 23.0418338776, -69.2762985229, 16.3770942688, -20.9120464325, 60.4073410034, -20.8633613586, 37.4455718994, 21.2880916595, 94.4551010132]],
        "icov": [[0.000160357012646, -0.000186823177501, -3.17304911732e-05, -0.000281020940747, 0.000335877033649, -0.000406503851991, 0.000219291236135, -0.000197658795514, 0.000145315469126, -0.00020711007528, 0.000336195662385, -0.000608749280218, 0.000550011580344], [-0.000186823177501, 0.00156750658061, -0.000587933522183, 0.000663033511955, -0.000988943153061, 0.00156550575048, -0.00115749612451, 0.000662634614855, -0.0010430283146, 0.00245350250043, -0.00290176598355, 0.00294138141908, -0.00241557974368], [-3.17304911732e-05, -0.000587933522183, 0.00230546970852, -0.00047975112102, -0.00153778656386, -0.00100213417318, 0.0015895474935, -0.000730390544049, 0.0015429869527, -0.0021362262778, 0.00243456871249, -0.00170552835334, 0.00061970326351], [-0.000281020940747, 0.000663033511955, -0.00047975112102, 0.00368209322914, -0.000987809617072, -0.000477466732264, -0.00104592344724, 0.000827607756946, 0.000516843283549, -7.33918204787e-05, -0.000675545597915, 0.000598870276008, -0.00018296513008], [0.000335877033649, -0.000988943153061, -0.00153778656386, -0.000987809617072, 0.00761598814279, -0.00439810287207, -0.000791465688962, 0.00230949721299, -0.00447757123038, 0.00184592872392, 0.00130335520953, -0.00148783205077, 0.00105398625601], [-0.000406503851991, 0.00156550575048, -0.00100213417318, -0.000477466732264, -0.00439810287207, 0.0110449381173, -0.00442711357027, -0.002846051706, 0.00387109746225, -0.0005100875278, -0.00284270360135, 0.004438649863, -0.00182625802699], [0.000219291236135, -0.00115749612451, 0.0015895474935, -0.00104592344724, -0.000791465688962, -0.00442711357027, 0.0139787364751, -0.00731784105301, 0.000832046789583, 0.00129652477335, -0.00693232845515, 0.00251179724, 0.000166730795172], [-0.000197658795514, 0.000662634614855, -0.000730390544049, 0.000827607756946, 0.00230949721299, -0.002846051706, -0.00731784105301, 0.0205470900983, -0.0104312542826, -0.00210674293339, 0.0085610980168, -0.0102787539363, 0.00526653928682], [0.000145315469126, -0.0010430283146, 0.0015429869527, 0.000516843283549, -0.00447757123038, 0.00387109746225, 0.000832046789583, -0.0104312542826, 0.0181231014431, -0.00667845411226, -0.00383909838274, 0.00765363685787, -0.00562598323449], [-0.00020711007528, 0.00245350250043, -0.0021362262778, -7.33918204787e-05, 0.00184592872392, -0.0005100875278, 0.00129652477335, -0.00210674293339, -0.00667845411226, 0.0212541315705, -0.0145356729627, 0.00145885080565, 0.00181877531577], [0.000336195662385, -0.00290176598355, 0.00243456871249, -0.000675545597915, 0.00130335520953, -0.00284270360135, -0.00693232845515, 0.0085610980168, -0.00383909838274, -0.0145356729627, 0.034121774137, -0.016438908875, 0.00281107635237], [-0.000608749280218, 0.00294138141908, -0.00170552835334, 0.000598870276008, -0.00148783205077, 0.004438649863, 0.00251179724, -0.0102787539363, 0.00765363685787, 0.00145885080565, -0.016438908875, 0.0331335067749, -0.0183002818376], [0.000550011580344, -0.00241557974368, 0.00061970326351, -0.00018296513008, 0.00105398625601, -0.00182625802699, 0.000166730795172, 0.00526653928682, -0.00562598323449, 0.00181877531577, 0.00281107635237, -0.0183002818376, 0.0282038599253]]
    },
    "melbands": {
        "dmean": [0.00191266462207, 0.00150230457075, 0.000628907117061, 0.000159593168064, 0.000232659018366, 0.000107475047116, 0.000221796479309, 0.0003511790419, 0.000262953573838, 0.000103887141449, 5.95583769609e-05, 5.9098143538e-05, 5.66862945561e-05, 6.11093564657e-05, 4.65622943011e-05, 3.89558299503e-05, 2.93430966849e-05, 2.81076263491e-05, 3.64920888387e-05, 1.960359441e-05, 2.03413346753e-05, 1.76258417923e-05, 1.53576384037e-05, 1.83670254046e-05, 1.27413122755e-05, 1.23118015836e-05, 7.96092899691e-06, 9.51928450377e-06, 6.02880254519e-06, 6.40985717837e-06, 5.64456877328e-06, 4.69929500468e-06, 3.30841453433e-06, 2.91928904517e-06, 2.81418579107e-06, 2.13003863792e-06, 2.03039371627e-06, 1.56774513016e-06, 1.22820154047e-06, 1.01726038793e-06],
        "dmean2": [0.00298165110871, 0.0021028702613, 0.0010910956189, 0.00027773148031, 0.000407587474911, 0.000158521143021, 0.000305132067297, 0.000444704084657, 0.000378016702598, 0.000151008483954, 7.8628101619e-05, 8.48587224027e-05, 8.05222807685e-05, 8.96350757102e-05, 6.73158065183e-05, 6.09771705058e-05, 4.65016091766e-05, 4.58806025563e-05, 5.94899247517e-05, 3.21245970554e-05, 3.28052374243e-05, 2.82176861219e-05, 2.4049075364e-05, 2.94179408229e-05, 2.09565369005e-05, 2.05275664484e-05, 1.28640667754e-05, 1.47079899762e-05, 9.60197303357e-06, 1.03160864455e-05, 9.17637316888e-06, 7.4979625424e-06, 5.06630112795e-06, 4.48466971648e-06, 4.37564085587e-06, 3.30995067088e-06, 3.21200809594e-06, 2.4304258659e-06, 1.85144381248e-06, 1.56920714289e-06],
        "dvar": [9.17158013181e-06, 8.2287551777e-06, 4.52761878478e-06, 1.84177793017e-07, 4.62656146283e-07, 3.80045683812e-08, 1.92039109947e-07, 5.87571150845e-07, 2.36838744172e-07, 6.55341807487e-08, 5.98006053565e-08, 1.35617241881e-08, 1.07756834566e-08, 1.51436072571e-08, 1.35166535742e-08, 7.09320513437e-09, 3.7343266257e-09, 2.23355178797e-09, 3.57608320734e-09, 1.43096401395e-09, 1.06872988237e-09, 7.29006299771e-10, 5.9813715092e-10, 9.49291201202e-10, 4.26772894802e-10, 4.2857428717e-10, 1.34428843057e-10, 1.823006468e-10, 7.00015462263e-11, 9.12783598706e-11, 6.39157268778e-11, 4.51630538523e-11, 2.25063318676e-11, 1.9772291443e-11, 1.89365155501e-11, 1.20207004073e-11, 1.08346170577e-11, 6.72616779981e-12, 4.59428762395e-12, 2.74803942622e-12],
        "dvar2": [2.15308027691e-05, 1.46726169987e-05, 1.21059638332e-05, 5.10007055254e-07, 1.29085424305e-06, 7.96794097369e-08, 2.89919597662e-07, 7.15841167676e-07, 4.94317475841e-07, 1.27554230289e-07, 7.47151247538e-08, 2.68083741872e-08, 1.8156026016e-08, 3.16073780482e-08, 2.38759145788e-08, 1.48584637927e-08, 8.63753690794e-09, 5.75758241084e-09, 9.2659018236e-09, 3.70127684057e-09, 2.74923039889e-09, 1.8490480258e-09, 1.43693257293e-09, 2.33724462007e-09, 1.07975839381e-09, 1.14343201574e-09, 3.3196642657e-10, 4.23078322376e-10, 1.7159240695e-10, 2.24296928253e-10, 1.59512916764e-10, 1.10808175136e-10, 5.22420232074e-11, 4.46304312951e-11, 4.33878870332e-11, 2.78788034325e-11, 2.60411414654e-11, 1.54636772137e-11, 9.77022542731e-12, 6.23039684081e-12],
        "max": [0.0282857771963, 0.0241496097296, 0.0160236041993, 0.00441819243133, 0.00899550318718, 0.00450168736279, 0.00790404062718, 0.0201100874692, 0.00728559540585, 0.00549156777561, 0.00784107670188, 0.00227748998441, 0.00200054142624, 0.00234799319878, 0.00298642111011, 0.00243557710201, 0.00106277444866, 0.000672059017234, 0.000854739162605, 0.00104873476084, 0.000614428776316, 0.000471484847367, 0.000472979503684, 0.000475382868899, 0.000247941206908, 0.000331784482114, 0.000227987940889, 0.000216484244447, 0.000114428519737, 0.000131075343234, 0.000140217904118, 0.000108746935439, 5.906208753e-05, 5.29852550244e-05, 7.07899889676e-05, 4.62278949271e-05, 3.63499493687e-05, 3.50710106432e-05, 3.38120480592e-05, 2.19020530494e-05],
        "mean": [0.00499619962648, 0.00336799141951, 0.000595961580984, 0.000196379682166, 0.000281226646621, 0.000223780531087, 0.000503271294292, 0.000834249891341, 0.000507183605805, 0.000182151794434, 0.000111180444947, 9.6840551123e-05, 9.59714234341e-05, 9.88491156022e-05, 8.10918063507e-05, 5.88983166381e-05, 4.6572615247e-05, 4.35171350546e-05, 5.70012816752e-05, 2.87868442683e-05, 3.27137713612e-05, 3.10531722789e-05, 2.97735241475e-05, 3.34886572091e-05, 2.11736951314e-05, 2.02832525247e-05, 1.52581578732e-05, 1.92060742847e-05, 1.29672462208e-05, 1.2427342881e-05, 1.1394286048e-05, 1.00309043773e-05, 7.74590989749e-06, 6.48604827802e-06, 6.23239202469e-06, 4.64483491669e-06, 4.22332414018e-06, 3.58972329195e-06, 2.76641208075e-06, 2.26791257774e-06],
        "median": [0.00403433479369, 0.00150327477604, 0.00012180210615, 6.57279306324e-05, 9.57355296123e-05, 8.54910176713e-05, 0.000159352988703, 0.000277408689726, 0.000150518870214, 4.76580025861e-05, 2.49907352554e-05, 3.82526341127e-05, 3.55733354809e-05, 3.9534206735e-05, 2.79314226646e-05, 2.6530431569e-05, 2.1675527023e-05, 2.52545723924e-05, 2.9261194868e-05, 1.37656388688e-05, 1.76051544258e-05, 1.99408605113e-05, 1.58700604516e-05, 1.8272199668e-05, 1.23447462101e-05, 1.25441320051e-05, 1.03319689515e-05, 1.14713066068e-05, 8.52738594403e-06, 7.89433943282e-06, 7.50905928726e-06, 7.27895758246e-06, 5.6415101426e-06, 4.40793792222e-06, 4.31392800238e-06, 3.35245704264e-06, 2.72914894595e-06, 2.60618912762e-06, 2.00488761948e-06, 1.64096491062e-06],
        "min": [4.26996681816e-24, 3.68136330244e-23, 3.35158978289e-23, 7.62072529943e-24, 5.82573975721e-24, 2.56065575121e-23, 1.21951435176e-23, 7.55715809883e-24, 4.00863494963e-24, 1.08671892693e-23, 1.26038633967e-23, 2.49798091006e-23, 2.31208489111e-23, 9.95113558715e-24, 5.8719792336e-24, 1.11962065868e-23, 1.36242873209e-23, 1.51926595519e-23, 1.01387819307e-23, 1.88263437857e-23, 1.65768785154e-23, 8.72236482041e-24, 9.34872511232e-24, 9.70959505544e-24, 9.69553676525e-24, 6.07252305849e-24, 7.10257463561e-24, 9.07727886369e-24, 1.44540759076e-23, 1.07495693195e-23, 6.05491094992e-24, 9.69321593646e-24, 9.99416952725e-24, 1.51474877987e-23, 9.73136761642e-24, 9.34405032259e-24, 1.21480011899e-23, 7.88691142354e-24, 1.00369431433e-23, 1.51311930879e-23],
        "var": [2.12691611523e-05, 2.07205212064e-05, 3.2104831007e-06, 1.43598271052e-07, 3.37233075243e-07, 1.22222175492e-07, 9.24734081309e-07, 2.88492924483e-06, 6.71869997859e-07, 1.70170935121e-07, 2.23649337272e-07, 3.02530409613e-08, 2.87584533964e-08, 3.37967698272e-08, 3.77892312997e-08, 1.41633647033e-08, 7.61631291368e-09, 3.74511710532e-09, 5.97177418626e-09, 2.27860841306e-09, 1.79979564585e-09, 1.35245326049e-09, 1.45579737154e-09, 1.95522065205e-09, 7.53885898153e-10, 6.41966202419e-10, 3.05564074043e-10, 5.23587340151e-10, 1.79489118013e-10, 2.06013262005e-10, 1.46291409542e-10, 1.12022495447e-10, 6.5166788632e-11, 5.2481390761e-11, 5.08589455273e-11, 2.75321120069e-11, 2.46802404902e-11, 1.61500951501e-11, 1.04360348488e-11, 6.53777032511e-12]
    },
    "mfcc": {
        "mean": [-624.048706055, 98.6997070312, -0.716106832027, 20.3588504791, 4.41399097443, 6.55611753464, 0.433949798346, 5.78420829773, 7.07941627502, 10.3143920898, 11.0820207596, 13.096241951, 9.95924091339],
        "cov": [[11094.2207031, -2503.02636719, 832.373046875, 814.703186035, -23.410867691, 470.789916992, 494.993682861, 213.957717896, -202.909408569, 20.7359218597, 197.043228149, 55.0978813171, -142.277023315], [-2503.02636719, 2944.26220703, -402.694091797, -215.534042358, 54.6479377747, -181.23348999, -195.724868774, -29.5352725983, 146.664321899, -10.651096344, -97.708190918, 45.9445419312, 161.051513672], [832.373046875, -402.694091797, 622.32043457, 165.259307861, 206.741149902, 154.018325806, 126.303413391, 28.1799049377, -10.8614578247, -4.99875497818, -10.9774217606, -41.0026779175, -33.9481086731], [814.703186035, -215.534042358, 165.259307861, 296.028808594, 95.3188247681, 132.292984009, 97.8053588867, 40.8838729858, -7.1791176796, 11.6088876724, 35.7018318176, 7.92053508759, -18.9220085144], [-23.410867691, 54.6479377747, 206.741149902, 95.3188247681, 295.865966797, 165.955154419, 95.5763549805, 54.4928665161, 61.0839195251, 26.5068492889, 11.6489400864, 9.85080718994, 18.0356311798], [470.789916992, -181.23348999, 154.018325806, 132.292984009, 165.955154419, 232.118225098, 167.708190918, 74.1031494141, 27.8185138702, 45.5377044678, 51.3015632629, 13.2431383133, 3.33169770241], [494.993682861, -195.724868774, 126.303413391, 97.8053588867, 95.5763549805, 167.708190918, 207.976333618, 95.8077697754, 21.676733017, 43.3112258911, 65.3769683838, 18.1510486603, -9.79019165039], [213.957717896, -29.5352725983, 28.1799049377, 40.8838729858, 54.4928665161, 74.1031494141, 95.8077697754, 120.737007141, 58.0046157837, 37.2943840027, 47.103187561, 31.9358291626, 5.46413230896], [-202.909408569, 146.664321899, -10.8614578247, -7.1791176796, 61.0839195251, 27.8185138702, 21.676733017, 58.0046157837, 103.595046997, 56.8844146729, 35.8711433411, 42.4720649719, 36.3143615723], [20.7359218597, -10.651096344, -4.99875497818, 11.6088876724, 26.5068492889, 45.5377044678, 43.3112258911, 37.2943840027, 56.8844146729, 100.588348389, 72.8935241699, 40.9250030518, 33.5265922546], [197.043228149, -97.708190918, -10.9774217606, 35.7018318176, 11.6489400864, 51.3015632629, 65.3769683838, 47.103187561, 35.8711433411, 72.8935241699, 112.911849976, 65.2965164185, 27.8290977478], [55.0978813171, 45.9445419312, -41.0026779175, 7.92053508759, 9.85080718994, 13.2431383133, 18.1510486603, 31.9358291626, 42.4720649719, 40.9250030518, 65.2965164185, 96.2016067505, 63.0353851318], [-142.277023315, 161.051513672, -33.9481086731, -18.9220085144, 18.0356311798, 3.33169770241, -9.79019165039, 5.46413230896, 36.3143615723, 33.5265922546, 27.8290977478, 63.0353851318, 104.656570435]],
