{
"lowlevel": {
    "average_loudness": 0.884909629822,
    "barkbands_crest": {
        "dmean": 2.56794977188,
        "dmean2": 3.99243116379,
        "dvar": 8.75958633423,
        "dvar2": 18.9876041412,
        "max": 26.3171653748,
        "mean": 11.7811641693,
        "median": 11.0052471161,
        "min": 1.87853121758,
        "var": 25.9422626495
    },
    "barkbands_flatness_db": {
        "dmean": 0.0205850563943,
        "dmean2": 0.0310666561127,
        "dvar": 0.000734215369448,
        "dvar2": 0.00149908452295,
        "max": 0.485295921564,
        "mean": 0.142518669367,
        "median": 0.122238770127,
        "min": 0.0155267780647,
        "var": 0.00627527898178
    },
    "barkbands_kurtosis": {
        "dmean": 3.04829311371,
        "dmean2": 4.58087539673,
        "dvar": 91.7196121216,
        "dvar2": 196.724807739,
        "max": 147.977416992,
        "mean": 4.23049020767,
        "median": 0.602682352066,
        "min": -1.82792818546,
        "var": 162.864700317
    },
    "barkbands_skewness": {
        "dmean": 0.517456591129,
        "dmean2": 0.769711077213,
        "dvar": 0.755634665489,
        "dvar2": 1.48740375042,
        "max": 11.4651165009,
        "mean": 1.22119402885,
        "median": 0.940419971943,
        "min": -1.99652469158,
        "var": 2.27061605453
    },
    "barkbands_spread": {
        "dmean": 5.54041862488,
        "dmean2": 8.78259277344,
        "dvar": 69.2920074463,
        "dvar2": 177.873397827,
        "max": 110.226791382,
        "mean": 25.2281284332,
        "median": 21.6713409424,
        "min": 1.06752741337,
        "var": 262.104125977
    },
    "dissonance": {
        "dmean": 0.0240446683019,
        "dmean2": 0.0408204942942,
        "dvar": 0.00064969167579,
        "dvar2": 0.00179405079689,
        "max": 0.500000119209,
        "mean": 0.449807107449,
        "median": 0.461925178766,
        "min": 0.248036727309,
        "var": 0.00170060037635
    },
    "dynamic_complexity": 4.31216573715,
    "erbbands_crest": {
        "dmean": 3.14166307449,
        "dmean2": 4.87307691574,
        "dvar": 10.0325613022,
        "dvar2": 21.2599830627,
        "max": 31.2116031647,
        "mean": 11.9201393127,
        "median": 10.7821826935,
        "min": 2.37107419968,
        "var": 40.568447113
    },
    "erbbands_flatness_db": {
        "dmean": 0.0161566529423,
        "dmean2": 0.0241845566779,
        "dvar": 0.000367727334378,
        "dvar2": 0.000701158598531,
        "max": 0.576158761978,
        "mean": 0.184010848403,
        "median": 0.161432236433,
        "min": 0.0519958138466,
        "var": 0.00646166410297
    },
    "erbbands_kurtosis": {
        "dmean": 1.12006855011,
        "dmean2": 1.78436052799,
        "dvar": 3.13141155243,
        "dvar2": 6.97319555283,
        "max": 32.7698822021,
        "mean": 1.21346127987,
        "median": -0.0274350643158,
        "min": -1.81220853329,
        "var": 10.8735580444
    },
    "erbbands_skewness": {
        "dmean": 0.395825445652,
        "dmean2": 0.621369481087,
        "dvar": 0.189372181892,
        "dvar2": 0.442462950945,
        "max": 5.17096376419,
        "mean": 0.670255362988,
        "median": 0.495310336351,
        "min": -1.89017784595,
        "var": 0.803368210793
    },
    "erbbands_spread": {
        "dmean": 7.21956920624,
        "dmean2": 10.4771289825,
        "dvar": 110.622932434,
        "dvar2": 180.936309814,
        "max": 170.226974487,
        "mean": 34.1255836487,
        "median": 31.4578742981,
        "min": 2.02562522888,
        "var": 526.713745117
    },
    "hfc": {
        "dmean": 6.41178846359,
        "dmean2": 9.75609016418,
        "dvar": 93.3710403442,
        "dvar2": 206.976150513,
        "max": 107.425735474,
        "mean": 27.3536758423,
        "median": 21.8895893097,
        "min": 1.1486216751e-16,
        "var": 497.975860596
    },
    "melbands_crest": {
        "dmean": 3.29481315613,
        "dmean2": 5.24041509628,
        "dvar": 12.9450321198,
        "dvar2": 29.0404605865,
        "max": 35.8551483154,
        "mean": 17.6567115784,
        "median": 17.5129318237,
        "min": 2.16692686081,
        "var": 42.0622138977
    },
    "melbands_flatness_db": {
        "dmean": 0.0233478602022,
        "dmean2": 0.0350551344454,
        "dvar": 0.00112950662151,
        "dvar2": 0.00222796108574,
        "max": 0.492581427097,
        "mean": 0.193137183785,
        "median": 0.163757309318,
        "min": 0.00641655828804,
        "var": 0.00827802438289
    },
    "melbands_kurtosis": {
        "dmean": 11.0856866837,
        "dmean2": 16.2583389282,
        "dvar": 1953.10656738,
        "dvar2": 3839.35009766,
        "max": 758.439147949,
        "mean": 17.2311859131,
        "median": 4.33059215546,
        "min": -1.48572850227,
        "var": 3856.46972656
    },
    "melbands_skewness": {
        "dmean": 0.771127164364,
        "dmean2": 1.13451075554,
        "dvar": 2.35101699829,
        "dvar2": 4.12344646454,
        "max": 21.9858932495,
        "mean": 2.1641163826,
        "median": 1.65844893456,
        "min": -1.34044837952,
        "var": 7.37596035004
    },
    "melbands_spread": {
        "dmean": 7.5033326149,
        "dmean2": 11.8131723404,
        "dvar": 149.561813354,
        "dvar2": 348.18069458,
        "max": 149.388366699,
        "mean": 28.8179130554,
        "median": 25.6264953613,
        "min": 0.764963150024,
        "var": 390.719604492
    },
    "pitch_salience": {
        "dmean": 0.0701814517379,
        "dmean2": 0.11100371182,
        "dvar": 0.00698631815612,
        "dvar2": 0.0150366881862,
        "max": 0.854232847691,
        "mean": 0.519251167774,
        "median": 0.523452162743,
        "min": 0.0350385867059,
        "var": 0.0203249976039
    },
    "silence_rate_20dB": {
        "dmean": 0,
        "dmean2": 0,
        "dvar": 0,
        "dvar2": 0,
        "max": 1,
        "mean": 1,
        "median": 1,
        "min": 1,
        "var": 0
    },
    "silence_rate_30dB": {
        "dmean": 0,
        "dmean2": 0,
        "dvar": 0,
        "dvar2": 0,
        "max": 1,
        "mean": 1,
        "median": 1,
        "min": 1,
        "var": 0
    },
    "silence_rate_60dB": {
        "dmean": 0.0542627796531,
        "dmean2": 0.108536586165,
        "dvar": 0.051310967654,
        "dvar2": 0.114034578204,
        "max": 1,
        "mean": 0.14570209384,
        "median": 0,
        "min": 0,
        "var": 0.124478988349
    },
    "spectral_centroid": {
        "dmean": 247.348815918,
        "dmean2": 377.701843262,
        "dvar": 121683.773438,
        "dvar2": 260071.8125,
        "max": 11254.6435547,
        "mean": 1602.77685547,
        "median": 1558.63378906,
        "min": 193.682601929,
        "var": 526832.125
    },
    "spectral_complexity": {
        "dmean": 3.7457575798,
        "dmean2": 5.85691070557,
        "dvar": 25.9622077942,
        "dvar2": 51.6114120483,
        "max": 55,
        "mean": 18.5557804108,
        "median": 14,
        "min": 0,
        "var": 161.10710144
    },
    "spectral_decrease": {
        "dmean": 1.64774305311e-09,
        "dmean2": 2.45875253491e-09,
        "dvar": 6.1724291755e-18,
        "dvar2": 1.39134111681e-17,
        "max": -1.23408888859e-29,
        "mean": -6.34800256805e-09,
        "median": -5.49838885533e-09,
        "min": -2.93025408382e-08,
        "var": 2.52421228043e-17
    },
    "spectral_energy": {
        "dmean": 0.00658377073705,
        "dmean2": 0.00977559946477,
        "dvar": 9.32556649786e-05,
        "dvar2": 0.000204702562769,
        "max": 0.112396046519,
        "mean": 0.0264398604631,
        "median": 0.0232213288546,
        "min": 1.04649066909e-20,
        "var": 0.00042314757593
    },
    "spectral_energyband_high": {
        "dmean": 0.000445376412245,
        "dmean2": 0.000735437264666,
        "dvar": 9.15751968478e-07,
        "dvar2": 2.55504573943e-06,
        "max": 0.0115498462692,
        "mean": 0.00149996462278,
        "median": 0.000864938658196,
        "min": 7.75988391614e-21,
        "var": 2.61627701548e-06
    },
    "spectral_energyband_low": {
        "dmean": 0.00231027207337,
        "dmean2": 0.00340161821805,
        "dvar": 5.01637732668e-05,
        "dvar2": 0.000111149420263,
        "max": 0.106868371367,
        "mean": 0.00792230758816,
        "median": 0.00138195022009,
        "min": 4.20767993881e-23,
        "var": 0.000133035253384
    },
    "spectral_energyband_middle_high": {
        "dmean": 0.00270957616158,
        "dmean2": 0.00407033320516,
        "dvar": 1.97947010747e-05,
        "dvar2": 3.8287438656e-05,
        "max": 0.0575354509056,
        "mean": 0.00775772379711,
        "median": 0.00539117120206,
        "min": 1.54199865456e-21,
        "var": 7.11977700121e-05
    },
    "spectral_energyband_middle_low": {
        "dmean": 0.00407079188153,
        "dmean2": 0.00625560060143,
        "dvar": 5.40155015187e-05,
        "dvar2": 0.000128936895635,
        "max": 0.0685433223844,
        "mean": 0.00961534865201,
        "median": 0.00553759606555,
        "min": 2.25596144512e-22,
        "var": 0.000120835211419
    },
    "spectral_entropy": {
        "dmean": 0.15658724308,
        "dmean2": 0.236106023192,
        "dvar": 0.0387485660613,
        "dvar2": 0.0884111970663,
        "max": 9.80436515808,
        "mean": 7.57725572586,
        "median": 7.84783649445,
        "min": 5.49073600769,
        "var": 0.458803683519
    },
    "spectral_flux": {
        "dmean": 0.0260040853173,
        "dmean2": 0.0402240306139,
        "dvar": 0.00117004511412,
        "dvar2": 0.00227723247372,
        "max": 0.332074761391,
        "mean": 0.0714484006166,
        "median": 0.0652095973492,
        "min": 1.02298128302e-10,
        "var": 0.00250052078627
    },
    "spectral_kurtosis": {
        "dmean": 2.42584991455,
        "dmean2": 4.14223575592,
        "dvar": 32.0896186829,
        "dvar2": 97.4373321533,
        "max": 100.929962158,
        "mean": 6.07153606415,
        "median": 2.75650906563,
        "min": -1.23322927952,
        "var": 89.5882263184
    },
    "spectral_rms": {
        "dmean": 0.000657530734316,
        "dmean2": 0.000947353721131,
        "dvar": 7.7014345834e-07,
        "dvar2": 1.45582646383e-06,
        "max": 0.0104716131464,
        "mean": 0.00456968741491,
        "median": 0.00475972238928,
        "min": 3.19525655934e-12,
        "var": 4.91294395033e-06
    },
    "spectral_rolloff": {
        "dmean": 620.342102051,
        "dmean2": 1007.62774658,
        "dvar": 1362322.5,
        "dvar2": 3094908.5,
        "max": 18540.0878906,
        "mean": 2030.87963867,
        "median": 1571.92382812,
        "min": 21.533203125,
        "var": 3586671.5
    },
    "spectral_skewness": {
        "dmean": 0.244328171015,
        "dmean2": 0.403863042593,
        "dvar": 0.144694775343,
        "dvar2": 0.43370693922,
        "max": 6.97147798538,
        "mean": 1.64962744713,
        "median": 1.34715127945,
        "min": -0.00606461754069,
        "var": 0.599631309509
    },
    "spectral_spread": {
        "dmean": 458183.8125,
        "dmean2": 676948.6875,
        "dvar": 494297219072,
        "dvar2": 788451819520,
        "max": 41116944,
        "mean": 5175962,
        "median": 5476838,
        "min": 582739.9375,
        "var": 4.2230111273e+12
    },
    "spectral_strongpeak": {
        "dmean": 0.60083848238,
        "dmean2": 0.965829372406,
        "dvar": 0.954918086529,
        "dvar2": 1.98941993713,
        "max": 8.34615135193,
        "mean": 1.38089108467,
        "median": 0.653175473213,
        "min": 0,
        "var": 2.19361424446
    },
    "zerocrossingrate": {
        "dmean": 0.0113601181656,
        "dmean2": 0.0132311815396,
        "dvar": 0.000259629974607,
        "dvar2": 0.000286438589683,
        "max": 0.6708984375,
        "mean": 0.0772610530257,
        "median": 0.07275390625,
        "min": 0.00341796875,
        "var": 0.00227583106607
    },
    "barkbands": {
        "dmean": [0.000164750017575, 0.0016475423472, 0.000983936013654, 0.000631246715784, 0.00112479540985, 0.000232705599046, 0.00150266196579, 0.00162324320991, 0.000232551872614, 0.000695425726008, 0.00129182368983, 0.000450485676993, 0.000306961883325, 0.000433046428952, 0.000287225528155, 0.00030301802326, 0.000312538497383, 0.000163635922945, 0.000173353095306, 0.000149534505908, 0.000150271473103, 0.000112712958071, 0.000102640144178, 7.89980331319e-05, 6.00034945819e-05, 2.5154917239e-05, 4.85657574245e-06],
        "dmean2": [0.000259308231762, 0.00232334155589, 0.00175265781581, 0.00109833851457, 0.00187647924758, 0.000333979609422, 0.00230923271738, 0.0023760474287, 0.000387783773476, 0.00110959459562, 0.00196601380594, 0.000733908091206, 0.000484936172143, 0.00067510898225, 0.000461094081402, 0.000492400373332, 0.00050170335453, 0.000278068619082, 0.000289404357318, 0.000249758217251, 0.000253545731539, 0.00018772855401, 0.000175461333129, 0.000129742737045, 9.71086556092e-05, 3.96274044761e-05, 7.9440223999e-06],
        "dvar": [1.86241535971e-07, 1.90483533515e-05, 4.11655564676e-05, 8.89614420885e-06, 2.73196692433e-05, 2.55922742554e-07, 1.28120154841e-05, 1.20998438433e-05, 5.52251947283e-07, 4.29830151916e-06, 7.03075784259e-06, 1.79072139872e-06, 3.24831262333e-07, 6.13086740486e-07, 3.27499520836e-07, 2.4129391818e-07, 2.61853216443e-07, 7.43922825563e-08, 7.32247613655e-08, 5.36875681689e-08, 7.59420686336e-08, 4.19332657486e-08, 5.35075699304e-08, 2.53461056587e-08, 1.31184210161e-08, 1.636367708e-09, 8.25870552501e-11],
        "dvar2": [4.40791609435e-07, 3.77087162633e-05, 0.000113497131679, 2.50229368248e-05, 7.03752739355e-05, 5.69723226818e-07, 2.7287615012e-05, 2.34216186072e-05, 1.49019319906e-06, 9.59828139457e-06, 1.38978766699e-05, 4.10250413552e-06, 7.30250292236e-07, 1.44460511819e-06, 8.03888497103e-07, 5.71842917907e-07, 6.17419402715e-07, 2.04751174238e-07, 1.91697424157e-07, 1.40347822253e-07, 2.13620864997e-07, 1.16218195956e-07, 1.59157849566e-07, 6.78191511838e-08, 3.33597220958e-08, 3.85696541372e-09, 2.04699340811e-10],
        "max": [0.015356509015, 0.0573909655213, 0.0834780931473, 0.0405931770802, 0.0651788413525, 0.0154574587941, 0.0498319901526, 0.0506470389664, 0.0221215672791, 0.0385101437569, 0.0363203510642, 0.0360130853951, 0.00965968426317, 0.0185572952032, 0.0112453540787, 0.00818570982665, 0.00829666201025, 0.00487521570176, 0.00372138270177, 0.00257480703294, 0.00333105749451, 0.00244123395532, 0.00296554807574, 0.00198772689328, 0.00166392675601, 0.00056559452787, 0.000102757388959],
        "mean": [0.000554917438421, 0.00620644260198, 0.000901696039364, 0.000568884366658, 0.00111954659224, 0.000434395944467, 0.00322705996223, 0.00373792415485, 0.000340905127814, 0.00113460619468, 0.00235805730335, 0.000729935360141, 0.00046155200107, 0.00068958470365, 0.000544954324141, 0.000546513299923, 0.000545326038264, 0.000313500029733, 0.000354901276296, 0.00033503092709, 0.000345918873791, 0.000272059958661, 0.000244224997004, 0.000214026120375, 0.000172916305019, 7.79253896326e-05, 7.05758475306e-06],
        "median": [5.90007184655e-05, 0.000754103180952, 0.00027114956174, 0.000110658198537, 0.00019969503046, 0.000130627842736, 0.000769921112806, 0.000890694675036, 0.00011243942572, 0.000172300045961, 0.00053499196656, 0.000199001951842, 0.000171073159436, 0.00025691150222, 0.000124084763229, 0.000287385191768, 0.000217457185499, 0.000128072424559, 0.000140273506986, 0.000161006028065, 0.000134591609822, 0.000114903974463, 0.000110938053695, 0.000122008510516, 0.000116595518193, 4.55821791547e-05, 1.07520395431e-06],
        "min": [2.10465210171e-24, 3.14772382807e-23, 2.08496252794e-24, 1.6329370251e-23, 3.65300312181e-23, 4.21649782601e-23, 3.08562659087e-23, 6.57010314869e-23, 3.13376950974e-23, 2.22748586992e-23, 1.86915842549e-23, 1.21474835394e-22, 1.25815728696e-22, 5.86345922028e-23, 1.18000944403e-22, 1.4539757877e-22, 1.58624769289e-22, 1.84267254682e-22, 4.62629131319e-22, 2.61651934642e-22, 5.784581965e-22, 5.55718151258e-22, 6.39460393782e-22, 8.15144791328e-22, 1.29366786692e-21, 1.59747004075e-21, 2.31014460252e-21],
        "var": [8.67709729846e-07, 7.47904414311e-05, 2.57276587945e-05, 5.69188568988e-06, 2.40140107053e-05, 5.41421684375e-07, 4.21806726081e-05, 4.3835141696e-05, 4.9986419981e-07, 9.08018682821e-06, 1.96090077225e-05, 4.52188305644e-06, 6.28517511814e-07, 1.18614548228e-06, 8.88252429831e-07, 5.75588330776e-07, 6.68718826091e-07, 1.62609850918e-07, 1.8814208147e-07, 1.49419392415e-07, 1.72034091861e-07, 1.01889675364e-07, 9.44024804994e-08, 7.0599639912e-08, 4.15182732638e-08, 7.38948768841e-09, 1.45628620274e-10]
    },
    "erbbands": {
        "dmean": [0.0689642876387, 0.335511833429, 0.9640879035, 1.70367789268, 3.73262166977, 3.10897040367, 1.91959619522, 1.99649548531, 13.6259031296, 39.6088829041, 18.9980106354, 5.87701034546, 8.87453460693, 32.3906860352, 57.1597328186, 18.7926578522, 13.713675499, 24.4524364471, 14.3593034744, 14.8137207031, 14.1751918793, 14.9539995193, 8.85603141785, 9.13555240631, 8.34434890747, 7.89981555939, 6.67802047729, 5.11238002777, 4.51559972763, 3.74885082245, 2.79721426964, 1.95830130577, 1.20758259296, 0.849991202354, 0.378275871277, 0.155826240778, 0.0411139912903, 0.00780002120882, 0.000680458266288, 1.5274832549e-05],
        "dmean2": [0.0939350351691, 0.474384576082, 1.645434618, 3.01165342331, 6.26874446869, 5.08850574493, 2.73839402199, 2.88900470734, 20.5214080811, 58.4509353638, 28.4271945953, 9.55702209473, 14.2309675217, 52.4821548462, 86.8162384033, 29.3677616119, 21.4719352722, 37.9335403442, 22.7552185059, 23.5524959564, 22.809299469, 24.0582237244, 14.6933479309, 15.3019781113, 13.8062105179, 13.155916214, 11.3232479095, 8.6321516037, 7.59898233414, 6.441157341, 4.67932748795, 3.23660683632, 2.00406861305, 1.37358617783, 0.612200021744, 0.244922325015, 0.0657060518861, 0.012359559536, 0.00112349912524, 2.33739556279e-05],
        "dvar": [0.0250931698829, 1.13982629776, 33.3289680481, 83.5608215332, 289.10333252, 191.445083618, 30.5620555878, 14.3176727295, 1659.12646484, 5902.37402344, 2353.61987305, 275.338470459, 363.218170166, 9145.26074219, 14831.7216797, 3655.63989258, 691.346130371, 1833.76135254, 791.91394043, 762.469726562, 536.185119629, 595.28704834, 199.721618652, 236.18598938, 173.681991577, 157.244491577, 152.088882446, 83.5284729004, 70.3291549683, 67.8836898804, 33.5449295044, 13.8522491455, 6.4411315918, 2.74979400635, 0.443230271339, 0.064310759306, 0.00511119328439, 0.00020254982519, 1.80473978162e-06, 5.28446564285e-10],
        "dvar2": [0.0376868247986, 2.47033786774, 87.8561019897, 235.110488892, 726.932495117, 478.849700928, 75.6998977661, 30.4862098694, 3189.10083008, 11681.7705078, 5201.56835938, 720.803222656, 816.723999023, 22471.1621094, 30086.4003906, 7967.47216797, 1538.19506836, 4337.30859375, 1965.5546875, 1816.3059082, 1199.56555176, 1426.92663574, 528.00390625, 630.446533203, 451.951385498, 408.549468994, 427.375061035, 230.824081421, 201.204971313, 203.250640869, 94.7448806763, 36.9563789368, 17.8749046326, 7.20444917679, 1.08872509003, 0.150394886732, 0.0131082599983, 0.000481545866933, 4.46360627393e-06, 1.17761678187e-09],
        "max": [1.77668595314, 15.425242424, 78.9097518921, 129.371124268, 192.101989746, 199.746307373, 230.912124634, 89.3637924194, 728.643981934, 1233.50073242, 1265.8182373, 416.676239014, 379.098114014, 1638.54968262, 1785.03173828, 1821.43835449, 490.807525635, 990.796936035, 539.199768066, 841.711242676, 352.874603271, 352.597290039, 265.430908203, 294.348480225, 146.663848877, 148.505874634, 158.560531616, 101.326522827, 98.1973419189, 109.779930115, 69.2672576904, 46.0212364197, 34.4414787292, 25.3021068573, 8.97911643982, 3.31628751755, 1.03444337845, 0.186954587698, 0.0184771958739, 0.000330416311044],
        "mean": [0.296814203262, 0.919094264507, 1.06227362156, 1.57018053532, 3.3667845726, 3.35376214981, 3.4314968586, 4.16471672058, 32.1525039673, 93.4478530884, 41.6433181763, 9.96414089203, 16.7576847076, 49.9574356079, 105.014419556, 37.1107940674, 23.3281078339, 39.699432373, 27.4022808075, 29.1720218658, 28.7437744141, 26.877866745, 18.9331188202, 18.5881347656, 17.5271530151, 17.8303089142, 14.8622646332, 11.5432662964, 10.1548986435, 8.66445732117, 6.69492530823, 5.1479306221, 3.09500741959, 2.23020601273, 1.0643914938, 0.455469429493, 0.120377540588, 0.0191782042384, 0.00104927050415, 5.5897529819e-05],
        "median": [0.0271750986576, 0.145959302783, 0.380177170038, 0.374281257391, 0.393797576427, 0.713139057159, 1.11931943893, 1.50527918339, 6.59618663788, 30.4499092102, 11.9334611893, 4.4176235199, 4.51125526428, 13.434217453, 30.9068470001, 13.3805599213, 10.1499118805, 16.0318641663, 12.0268058777, 13.5124855042, 15.5734977722, 12.5499000549, 9.10865497589, 7.76300477982, 7.16595077515, 8.23902702332, 6.19264411926, 4.56873416901, 4.18452167511, 3.78945636749, 3.19906997681, 3.07754278183, 1.57918381691, 1.53220772743, 0.641800582409, 0.28344720602, 0.0694210752845, 0.00960184819996, 0.000348419882357, 4.29315841757e-05],
        "min": [1.48796473702e-21, 4.71291889336e-21, 2.60918251086e-21, 2.97228192258e-20, 6.06998058188e-20, 1.22714143803e-19, 2.43743346547e-19, 4.51283996212e-19, 4.11825593988e-19, 8.86218354027e-19, 1.25889971933e-18, 6.66033214723e-19, 5.28281224652e-19, 8.35065970236e-19, 1.71482047646e-18, 4.56533718649e-18, 6.56112920355e-18, 3.12269345956e-18, 4.14873139329e-18, 7.082102029e-18, 8.72475203099e-18, 1.01759428084e-17, 1.07418766225e-17, 2.27060432945e-17, 1.54862123848e-17, 1.40578253225e-17, 2.13440159697e-17, 2.31320793603e-17, 1.92312908061e-17, 1.78886393599e-17, 1.62375802398e-17, 1.42848318067e-17, 1.63737622928e-17, 1.40574812154e-17, 8.76367749626e-18, 6.45947449653e-18, 2.78960333652e-18, 1.29818376739e-18, 3.33456951791e-19, 3.16006032268e-20],
        "var": [0.161657035351, 2.42918014526, 23.6384239197, 51.1909217834, 254.726882935, 184.691726685, 46.7663116455, 38.3298377991, 6841.19970703, 20985.8398438, 7207.66259766, 321.684631348, 791.042541504, 14303.2070312, 37717.78125, 10658.6708984, 1410.27990723, 3575.16796875, 1948.69006348, 2290.43774414, 1518.24938965, 1327.84899902, 499.223632812, 537.206726074, 460.357666016, 441.317871094, 318.403198242, 187.964569092, 147.588134766, 116.049301147, 69.2064056396, 38.8487930298, 15.548075676, 7.485476017, 1.55318129063, 0.263659119606, 0.0185309648514, 0.000571945740376, 3.04964510178e-06, 2.30480012853e-09]
    },
    "gfcc": {
        "mean": [-19.149728775, 63.7923431396, -133.157699585, 13.5646352768, -60.6965065002, 17.4121646881, -29.610534668, 17.3180618286, -15.8860082626, 13.9578018188, -8.72775554657, 5.45120477676, -12.255815506],
        "cov": [[16603.3574219, -3487.09692383, 2279.55859375, 1984.5645752, -646.32611084, 1284.2253418, -714.602478027, 768.419677734, -446.247344971, 636.685119629, -464.78918457, 463.580169678, -319.573303223], [-3487.09692383, 4991.61328125, 87.6398162842, 53.6430931091, 1052.01879883, -566.503540039, 760.007019043, -417.189483643, 468.639556885, -286.065124512, 354.868713379, -424.786376953, 207.348602295], [2279.55859375, 87.6398162842, 1952.64916992, 751.077697754, 74.2160415649, 465.494567871, 12.3437900543, 238.676025391, -146.134887695, 193.009384155, -131.156326294, 80.0199966431, -66.3505401611], [1984.5645752, 53.6430931091, 751.077697754, 823.372619629, 190.815429688, 266.995513916, 82.9162597656, 83.8363113403, 8.28479194641, 57.5949287415, -49.4554214478, 10.2349748611, 6.56225538254], [-646.32611084, 1052.01879883, 74.2160415649, 190.815429688, 581.105957031, 74.2289657593, 253.279373169, -56.0967178345, 162.915313721, -88.8912811279, 74.8377609253, -64.0220794678, 82.2753448486], [1284.2253418, -566.503540039, 465.494567871, 266.995513916, 74.2289657593, 460.386444092, -33.5841064453, 159.35105896, -36.2503890991, 52.9221954346, -78.6568908691, 104.356338501, -14.553153038], [-714.602478027, 760.007019043, 12.3437900543, 82.9162597656, 253.279373169, -33.5841064453, 352.466430664, 19.8729114532, 161.363098145, 45.676525116, 104.875076294, -34.9094772339, 66.7935409546], [768.419677734, -417.189483643, 238.676025391, 83.8363113403, -56.0967178345, 159.35105896, 19.8729114532, 251.334411621, 27.8921604156, 159.150115967, 17.9889564514, 89.5255584717, -16.8185405731], [-446.247344971, 468.639556885, -146.134887695, 8.28479194641, 162.915313721, -36.2503890991, 161.363098145, 27.8921604156, 226.270172119, 42.6500320435, 104.213050842, -19.1905612946, 32.1723098755], [636.685119629, -286.065124512, 193.009384155, 57.5949287415, -88.8912811279, 52.9221954346, 45.676525116, 159.150115967, 42.6500320435, 232.081161499, 47.582408905, 73.1666259766, -16.5771656036], [-464.78918457, 354.868713379, -131.156326294, -49.4554214478, 74.8377609253, -78.6568908691, 104.875076294, 17.9889564514, 104.213050842, 47.582408905, 137.998275757, 2.64249324799, 39.5634155273], [463.580169678, -424.786376953, 80.0199966431, 10.2349748611, -64.0220794678, 104.356338501, -34.9094772339, 89.5255584717, -19.1905612946, 73.1666259766, 2.64249324799, 128.470169067, 20.5049877167], [-319.573303223, 207.348602295, -66.3505401611, 6.56225538254, 82.2753448486, -14.553153038, 66.7935409546, -16.8185405731, 32.1723098755, -16.5771656036, 39.5634155273, 20.5049877167, 106.286102295]],
        "icov": [[0.000154994559125, -9.66393417912e-05, 0.00013921536447, -0.000432544882642, 0.00012895380496, -0.00020026259881, 0.000337053876137, -0.000159842107678, 0.000145466969116, -0.00038481989759, 0.000284635345452, -0.000306504982291, 0.000252945930697], [-9.66393417912e-05, 0.00111345143523, -0.00088765315013, 0.000681445235386, -0.000967479601968, 0.00107396498788, -0.000913883326575, 0.000740001909435, -0.00088612199761, 0.00113025424071, -0.00158361333888, 0.001791942399, -0.000783292285632], [0.00013921536447, -0.00088765315013, 0.00184464256745, -0.00141017965507, 0.00050201715203, -0.00129768368788, 0.000647216336802, -0.000920884835068, 0.00178421393503, -0.00186655833386, 0.00162872450892, -0.00122672703583, 0.00106932991184], [-0.000432544882642, 0.000681445235386, -0.00141017965507, 0.00356577755883, -0.00105906510726, 0.000266126909992, -0.00127417605836, 0.000965162646025, -0.0011333412258, 0.00101906736381, -0.000799043569714, 0.00215769466013, -0.0015375490766], [0.00012895380496, -0.000967479601968, 0.00050201715203, -0.00105906510726, 0.00520074740052, -0.00257086358033, -0.00107598328032, 0.000202332419576, -0.000992722692899, 0.0012431172654, -2.20930360229e-05, -0.000433177570812, -0.00042958726408], [-0.00020026259881, 0.00107396498788, -0.00129768368788, 0.000266126909992, -0.00257086358033, 0.00653659179807, -0.000489993894007, -0.00195186969358, -0.00116979796439, 0.00238105584867, 0.00127987063024, -0.00185493240133, -3.27325324179e-05], [0.000337053876137, -0.000913883326575, 0.000647216336802, -0.00127417605836, -0.00107598328032, -0.000489993894007, 0.00751862861216, -0.00127862684894, -0.000948227825575, -0.00329806306399, 0.000648716231808, 0.000201488277526, -0.00139018055052], [-0.000159842107678, 0.000740001909435, -0.000920884835068, 0.000965162646025, 0.000202332419576, -0.00195186969358, -0.00127862684894, 0.0105103012174, -0.00180191977415, -0.00352502940223, -0.00211912463419, -0.000748924037907, 0.000413017696701], [0.000145466969116, -0.00088612199761, 0.00178421393503, -0.0011333412258, -0.000992722692899, -0.00116979796439, -0.000948227825575, -0.00180191977415, 0.0106675783172, -0.00261299847625, -0.00274986959994, -0.000153182161739, 0.0016854981659], [-0.00038481989759, 0.00113025424071, -0.00186655833386, 0.00101906736381, 0.0012431172654, 0.00238105584867, -0.00329806306399, -0.00352502940223, -0.00261299847625, 0.013073399663, -0.0048109088093, -0.00147462787572, 0.00119364063721], [0.000284635345452, -0.00158361333888, 0.00162872450892, -0.000799043569714, -2.20930360229e-05, 0.00127987063024, 0.000648716231808, -0.00211912463419, -0.00274986959994, -0.0048109088093, 0.0182882566005, -0.0044338312, -0.00140946439933], [-0.000306504982291, 0.001791942399, -0.00122672703583, 0.00215769466013, -0.000433177570812, -0.00185493240133, 0.000201488277526, -0.000748924037907, -0.000153182161739, -0.00147462787572, -0.0044338312, 0.0194214563817, -0.00776024581864], [0.000252945930697, -0.000783292285632, 0.00106932991184, -0.0015375490766, -0.00042958726408, -3.27325324179e-05, -0.00139018055052, 0.000413017696701, 0.0016854981659, 0.00119364063721, -0.00140946439933, -0.00776024581864, 0.0154244722798]]
    },
    "melbands": {
        "dmean": [0.000499718764331, 0.000442537828349, 0.000335332239047, 0.000287978327833, 6.79071890772e-05, 4.44539255113e-05, 0.00023462617537, 0.000436919479398, 0.000127373015857, 3.25117362081e-05, 4.6147590183e-05, 0.000131071661599, 0.000180414033821, 8.43456873554e-05, 3.66719759768e-05, 2.68336862064e-05, 5.14684688824e-05, 2.36198720813e-05, 1.65843430295e-05, 2.6429659556e-05, 1.57420599862e-05, 1.60322178999e-05, 1.40281663334e-05, 9.13499570743e-06, 7.94403058535e-06, 6.99660677128e-06, 5.35197887075e-06, 5.75046669837e-06, 4.82672612634e-06, 4.14300393459e-06, 3.13392388307e-06, 2.74349713436e-06, 2.36550954469e-06, 2.26629526878e-06, 1.79714163551e-06, 1.44687771808e-06, 1.26642112264e-06, 9.31839792884e-07, 8.30711087474e-07, 7.46417867958e-07],
        "dmean2": [0.000707587692887, 0.000683862774167, 0.000571574259084, 0.000482691073557, 9.77164017968e-05, 6.5393440309e-05, 0.000356348464265, 0.000638658471871, 0.000193712534383, 5.36106272193e-05, 7.36634465284e-05, 0.000213406441617, 0.000275472877547, 0.000130360756884, 5.78237195441e-05, 4.25415564678e-05, 7.99231202109e-05, 3.75755007553e-05, 2.66075676336e-05, 4.23799247073e-05, 2.55553131865e-05, 2.59194730461e-05, 2.27246655413e-05, 1.5452167645e-05, 1.33621751957e-05, 1.15917173389e-05, 8.89394777914e-06, 9.65685831034e-06, 8.18641365186e-06, 7.10006997906e-06, 5.29335784449e-06, 4.6329464567e-06, 3.98829251935e-06, 3.9249339352e-06, 3.02408739117e-06, 2.37753124566e-06, 2.10597568184e-06, 1.5523141883e-06, 1.38172197239e-06, 1.21637117445e-06],
        "dvar": [1.45314811562e-06, 4.47717911811e-06, 2.34311642089e-06, 1.94195604308e-06, 3.79949511853e-08, 7.4582366949e-09, 4.34454221931e-07, 7.28674365291e-07, 1.31810352855e-07, 8.75391048538e-09, 9.92952209344e-09, 1.63270428288e-07, 1.37856460469e-07, 3.80305955616e-08, 8.1959248277e-09, 2.40156849962e-09, 8.95682106261e-09, 2.02693328788e-09, 1.03240360705e-09, 2.01776328979e-09, 8.2947332336e-10, 7.47799211442e-10, 5.82113357517e-10, 3.02183250644e-10, 1.90607488126e-10, 1.38110300973e-10, 6.68381600066e-11, 8.2668032142e-11, 6.80940859255e-11, 5.92866172822e-11, 2.79262255681e-11, 2.61875920254e-11, 1.63673762044e-11, 2.85739990696e-11, 1.2735271171e-11, 6.78052709466e-12, 5.54794361493e-12, 3.22481234424e-12, 2.98410883677e-12, 1.8559455188e-12],
        "dvar2": [2.36518803831e-06, 1.0712704352e-05, 6.32363435216e-06, 4.96097163705e-06, 9.81553469614e-08, 1.66773812538e-08, 8.71199461017e-07, 1.41739860737e-06, 3.03623664877e-07, 2.29402523644e-08, 2.19229132625e-08, 3.95707928647e-07, 2.77647245639e-07, 8.20978769411e-08, 1.943412542e-08, 5.54034329525e-09, 2.11072741507e-08, 5.01067098924e-09, 2.49236875582e-09, 4.90839813239e-09, 1.89424076424e-09, 1.83462678383e-09, 1.39332423377e-09, 8.4355228358e-10, 5.13233566757e-10, 3.62771451767e-10, 1.77274958602e-10, 2.18832049703e-10, 1.89706070297e-10, 1.68350763885e-10, 7.6960986195e-11, 7.54336523801e-11, 4.5825430256e-11, 8.73961805703e-11, 3.61525080705e-11, 1.81245591452e-11, 1.47054625421e-11, 8.85164424397e-12, 8.17787504381e-12, 4.83440501173e-12],
        "max": [0.0130279911682, 0.0311741642654, 0.0202451273799, 0.0174269303679, 0.00869067572057, 0.00204423372634, 0.0113070644438, 0.0117963347584, 0.00924307666719, 0.00219673104584, 0.00187626492698, 0.00695917708799, 0.0049218996428, 0.00358803407289, 0.00251044565812, 0.000899151258636, 0.00225168676116, 0.000870854593813, 0.000749369617552, 0.000828545016702, 0.00056383095216, 0.000456420821138, 0.000432155909948, 0.000367562664906, 0.000257633713773, 0.000143247234519, 0.000109175831312, 9.69482425717e-05, 8.81953747012e-05, 0.000106944069557, 5.35756480531e-05, 6.59669967717e-05, 5.12344158778e-05, 7.03724290361e-05, 4.19716816396e-05, 3.41525337717e-05, 3.30834300257e-05, 2.28958506341e-05, 2.38077791437e-05, 2.14190113184e-05],
        "mean": [0.00209301128052, 0.000752358289901, 0.000322478532325, 0.000268994161161, 0.00011831469601, 8.30275384942e-05, 0.000530076387804, 0.00103683676571, 0.000260898610577, 5.04975942022e-05, 8.5416220827e-05, 0.000192376566702, 0.000330126553308, 0.000150002902956, 6.36664626654e-05, 4.16036709794e-05, 8.01888672868e-05, 4.16562506871e-05, 3.19235514326e-05, 4.7327059292e-05, 2.98194245261e-05, 2.7597297958e-05, 2.33610971918e-05, 1.64263765328e-05, 1.4423232642e-05, 1.31028627948e-05, 1.12949783215e-05, 1.16601513582e-05, 9.75427519734e-06, 7.82878942118e-06, 6.3768839027e-06, 5.66506832911e-06, 5.26382063981e-06, 4.67804329674e-06, 3.92020001527e-06, 3.34047035722e-06, 3.08594553644e-06, 2.19117441702e-06, 1.96269274966e-06, 1.8471673684e-06],
        "median": [0.000217955763219, 0.000218327797484, 6.92781468388e-05, 3.72422728105e-05, 4.08725900343e-05, 2.99859093502e-05, 9.9686505564e-05, 0.00034507381497, 7.36418005545e-05, 1.8009723135e-05, 2.08656128962e-05, 2.9126280424e-05, 8.29463097034e-05, 4.34143803432e-05, 1.89883394341e-05, 1.56126334332e-05, 2.80153581116e-05, 1.76102403202e-05, 9.07745379664e-06, 2.28985954891e-05, 1.33491876113e-05, 1.10051514639e-05, 1.08958447527e-05, 5.90793024458e-06, 5.98796941631e-06, 4.60865976493e-06, 4.96195389132e-06, 5.38402127859e-06, 3.80939582101e-06, 3.26292388309e-06, 2.39784435507e-06, 2.19902995013e-06, 2.29632905757e-06, 1.98859015654e-06, 1.79076221229e-06, 1.87092825854e-06, 1.82596068043e-06, 1.10699068046e-06, 1.13458315809e-06, 1.31294495986e-06],
        "min": [1.0545855457e-23, 2.75034816327e-24, 5.80673885902e-24, 6.76002519816e-24, 7.76899170657e-24, 9.46510418394e-24, 6.24710507657e-24, 1.1207996113e-23, 1.01670925708e-23, 3.97893196997e-24, 2.7339718053e-24, 3.42170863108e-24, 3.87712986458e-24, 1.15129074189e-23, 1.33466335258e-23, 1.32565077451e-23, 4.94025009642e-24, 6.05379826162e-24, 9.28145736521e-24, 8.91662812921e-24, 1.0501272983e-23, 1.05092633551e-23, 1.04931264164e-23, 8.08637963659e-24, 2.05117056666e-23, 1.37916031412e-23, 8.56782618021e-24, 9.06546093847e-24, 1.27613342329e-23, 1.25406748493e-23, 1.49197073678e-23, 1.10763241839e-23, 1.01219713048e-23, 1.07647619916e-23, 9.61922078355e-24, 8.37594128705e-24, 9.30272189977e-24, 1.19433556828e-23, 1.1285455943e-23, 1.23548381527e-23],
        "var": [8.01599526312e-06, 4.52153608421e-06, 1.62457797614e-06, 1.71886301814e-06, 4.93526890466e-08, 1.63572213552e-08, 1.66942629676e-06, 2.658759513e-06, 3.6410315829e-07, 9.09997410758e-09, 2.25764438255e-08, 2.68957933258e-07, 3.76480869591e-07, 9.31597554654e-08, 1.87586746137e-08, 4.69124206148e-09, 1.69439591247e-08, 4.67855443276e-09, 2.78950573751e-09, 5.12877029735e-09, 2.31381114268e-09, 1.77140424551e-09, 1.12042464195e-09, 5.57235868559e-10, 3.68892472125e-10, 3.090703804e-10, 1.82429446549e-10, 1.97089608522e-10, 1.44874834351e-10, 9.80530379113e-11, 6.08582628736e-11, 4.89843166029e-11, 3.89643282916e-11, 3.9048608097e-11, 2.51423309255e-11, 1.58127087813e-11, 1.51851222568e-11, 7.85254326841e-12, 6.45126009904e-12, 5.11176431045e-12]
    },
    "mfcc": {
        "mean": [-656.476623535, 97.3729324341, -11.252161026, 3.27936410904, -4.470307827, 0.483141839504, 0.567948460579, 3.01929759979, 2.3224542141, 5.40110206604, 3.32028412819, 10.6662788391, 11.9190425873],
        "cov": [[11674.1308594, -2566.48779297, 377.459655762, 589.576965332, 162.698181152, 400.378173828, -7.38822126389, 219.257369995, 163.908966064, 168.230453491, 241.853240967, 99.7754364014, -28.6653003693], [-2566.48779297, 3394.79125977, 94.3777923584, 420.096008301, 240.385910034, 60.9637680054, 219.023498535, 3.33895611763, 91.1321868896, 102.438919067, 41.6833839417, 107.389808655, 92.6554107666], [377.459655762, 94.3777923584, 1169.89245605, 328.631561279, 226.440078735, 263.113006592, 177.132675171, 111.976524353, 79.8466262817, 113.593803406, 35.8555870056, -28.5814857483, 18.7620182037], [589.576965332, 420.096008301, 328.631561279, 587.365539551, 139.217132568, 178.242996216, 150.332763672, 45.9168701172, 97.5815658569, 83.0875396729, 85.9749603271, 30.8218326569, 14.9489507675], [162.698181152, 240.385910034, 226.440078735, 139.217132568, 375.461883545, 183.630813599, 104.594848633, 132.988235474, 79.4306182861, 26.4458293915, 21.4682273865, -10.8281793594, -53.7618713379], [400.378173828, 60.9637680054, 263.113006592, 178.242996216, 183.630813599, 276.713531494, 110.65096283, 110.705429077, 87.2878646851, 42.8201942444, 16.1383609772, 15.3347740173, -29.5447387695], [-7.38822126389, 219.023498535, 177.132675171, 150.332763672, 104.594848633, 110.65096283, 177.091842651, 69.2138977051, 75.9910736084, 58.042514801, 40.4939689636, 4.86568450928, 32.032951355], [219.257369995, 3.33895611763, 111.976524353, 45.9168701172, 132.988235474, 110.705429077, 69.2138977051, 151.087905884, 77.0098342896, 32.7168083191, 24.0688438416, 20.5620880127, -14.7863197327], [163.908966064, 91.1321868896, 79.8466262817, 97.5815658569, 79.4306182861, 87.2878646851, 75.9910736084, 77.0098342896, 132.345748901, 71.5941543579, 45.854801178, 25.7986793518, 26.6033363342], [168.230453491, 102.438919067, 113.593803406, 83.0875396729, 26.4458293915, 42.8201942444, 58.042514801, 32.7168083191, 71.5941543579, 131.036880493, 77.9574432373, 47.7932510376, 53.8997764587], [241.853240967, 41.6833839417, 35.8555870056, 85.9749603271, 21.4682273865, 16.1383609772, 40.4939689636, 24.0688438416, 45.854801178, 77.9574432373, 131.687271118, 67.1641311646, 49.2647361755], [99.7754364014, 107.389808655, -28.5814857483, 30.8218326569, -10.8281793594, 15.3347740173, 4.86568450928, 20.5620880127, 25.7986793518, 47.7932510376, 67.1641311646, 139.448516846, 64.7352523804], [-28.6653003693, 92.6554107666, 18.7620182037, 14.9489507675, -53.7618713379, -29.5447387695, 32.032951355, -14.7863197327, 26.6033363342, 53.8997764587, 49.2647361755, 64.7352523804, 128.283401489]],
