{
"lowlevel": {
    "average_loudness": 0.943374037743,
    "barkbands_crest": {
        "dmean": 2.97803163528,
        "dmean2": 4.39359712601,
        "dvar": 10.3640766144,
        "dvar2": 21.174703598,
        "max": 25.9500808716,
        "mean": 14.597325325,
        "median": 15.3708286285,
        "min": 1.92924511433,
        "var": 34.6854858398
    },
    "barkbands_flatness_db": {
        "dmean": 0.0291505530477,
        "dmean2": 0.0439838990569,
        "dvar": 0.00101206335239,
        "dvar2": 0.00221262243576,
        "max": 0.426832348108,
        "mean": 0.118911758065,
        "median": 0.112240083516,
        "min": 0.0169057082385,
        "var": 0.00326973176561
    },
    "barkbands_kurtosis": {
        "dmean": 4.50608539581,
        "dmean2": 6.71067905426,
        "dvar": 60.0373649597,
        "dvar2": 132.382904053,
        "max": 126.105697632,
        "mean": 6.27582120895,
        "median": 2.34789299965,
        "min": -1.84242212772,
        "var": 117.988601685
    },
    "barkbands_skewness": {
        "dmean": 0.762978434563,
        "dmean2": 1.12791478634,
        "dvar": 0.757301390171,
        "dvar2": 1.61385941505,
        "max": 9.74892902374,
        "mean": 2.0943210125,
        "median": 1.81396567822,
        "min": -2.00014925003,
        "var": 2.34451603889
    },
    "barkbands_spread": {
        "dmean": 10.2066459656,
        "dmean2": 15.8140525818,
        "dvar": 141.555923462,
        "dvar2": 325.592712402,
        "max": 96.9717178345,
        "mean": 31.8820915222,
        "median": 30.5381851196,
        "min": 1.09023714066,
        "var": 288.738861084
    },
    "dissonance": {
        "dmean": 0.00990972854197,
        "dmean2": 0.0170264989138,
        "dvar": 0.000112723995699,
        "dvar2": 0.000310866453219,
        "max": 0.500000178814,
        "mean": 0.483993530273,
        "median": 0.48800984025,
        "min": 0.349838227034,
        "var": 0.00023252957908
    },
    "dynamic_complexity": 2.60535502434,
    "erbbands_crest": {
        "dmean": 1.86671638489,
        "dmean2": 3.23025226593,
        "dvar": 5.80970191956,
        "dvar2": 16.9749183655,
        "max": 26.2893867493,
        "mean": 5.71320533752,
        "median": 4.79080581665,
        "min": 2.21576738358,
        "var": 8.4448595047
    },
    "erbbands_flatness_db": {
        "dmean": 0.0122196124867,
        "dmean2": 0.0192118827254,
        "dvar": 0.00020871826564,
        "dvar2": 0.000462905562017,
        "max": 0.542920053005,
        "mean": 0.105330377817,
        "median": 0.0932972282171,
        "min": 0.0470436662436,
        "var": 0.00225515593775
    },
    "erbbands_kurtosis": {
        "dmean": 0.516116082668,
        "dmean2": 0.836710572243,
        "dvar": 0.475379943848,
        "dvar2": 1.21937549114,
        "max": 14.3585681915,
        "mean": 0.0124052725732,
        "median": -0.189920306206,
        "min": -1.60595214367,
        "var": 1.0166438818
    },
    "erbbands_skewness": {
        "dmean": 0.271215111017,
        "dmean2": 0.438679724932,
        "dvar": 0.0765033513308,
        "dvar2": 0.210424721241,
        "max": 3.10812520981,
        "mean": -0.0934580489993,
        "median": -0.139468222857,
        "min": -2.02446770668,
        "var": 0.208885401487
    },
    "erbbands_spread": {
        "dmean": 9.03202533722,
        "dmean2": 14.0254364014,
        "dvar": 122.095298767,
        "dvar2": 272.983703613,
        "max": 158.831665039,
        "mean": 47.1806526184,
        "median": 45.8569297791,
        "min": 2.5566971302,
        "var": 342.988861084
    },
    "hfc": {
        "dmean": 18.5391139984,
        "dmean2": 27.452911377,
        "dvar": 693.824707031,
        "dvar2": 1654.34570312,
        "max": 209.503189087,
        "mean": 46.1521720886,
        "median": 38.8030014038,
        "min": 1.2217142657e-16,
        "var": 1285.1003418
    },
    "melbands_crest": {
        "dmean": 3.61321902275,
        "dmean2": 5.85328149796,
        "dvar": 16.2718029022,
        "dvar2": 41.8474998474,
        "max": 38.3671875,
        "mean": 22.131685257,
        "median": 22.1177711487,
        "min": 1.59994208813,
        "var": 64.8176574707
    },
    "melbands_flatness_db": {
        "dmean": 0.0366256423295,
        "dmean2": 0.0560393594205,
        "dvar": 0.00167838076595,
        "dvar2": 0.00369221623987,
        "max": 0.482463270426,
        "mean": 0.194567084312,
        "median": 0.193107888103,
        "min": 0.00473032752052,
        "var": 0.00516500789672
    },
    "melbands_kurtosis": {
        "dmean": 17.8422431946,
        "dmean2": 26.6817092896,
        "dvar": 922.020996094,
        "dvar2": 1878.71984863,
        "max": 739.736083984,
        "mean": 31.8252906799,
        "median": 15.8488693237,
        "min": -1.29317200184,
        "var": 2263.04589844
    },
    "melbands_skewness": {
        "dmean": 1.28422617912,
        "dmean2": 1.94743645191,
        "dvar": 2.39545440674,
        "dvar2": 5.10732889175,
        "max": 24.4072914124,
        "mean": 4.3204870224,
        "median": 3.72729563713,
        "min": -0.70556640625,
        "var": 7.7844004631
    },
    "melbands_spread": {
        "dmean": 10.1622142792,
        "dmean2": 16.532793045,
        "dvar": 202.353607178,
        "dvar2": 495.382629395,
        "max": 156.096588135,
        "mean": 24.4344234467,
        "median": 19.2391796112,
        "min": 0.89062577486,
        "var": 380.17980957
    },
    "pitch_salience": {
        "dmean": 0.0892925858498,
        "dmean2": 0.138838201761,
        "dvar": 0.0105452602729,
        "dvar2": 0.024309610948,
        "max": 0.871802806854,
        "mean": 0.402214646339,
        "median": 0.380583673716,
        "min": 0.0593295916915,
        "var": 0.0292048063129
    },
    "silence_rate_20dB": {
        "dmean": 0,
        "dmean2": 0,
        "dvar": 0,
        "dvar2": 0,
        "max": 1,
        "mean": 1,
        "median": 1,
        "min": 1,
        "var": 0
    },
    "silence_rate_30dB": {
        "dmean": 0.12470562011,
        "dmean2": 0.2494392097,
        "dvar": 0.10916017741,
        "dvar2": 0.234336823225,
        "max": 1,
        "mean": 0.77472525835,
        "median": 1,
        "min": 0,
        "var": 0.174521565437
    },
    "silence_rate_60dB": {
        "dmean": 0.00336436019279,
        "dmean2": 0.00672947522253,
        "dvar": 0.00335312820971,
        "dvar2": 0.00847900100052,
        "max": 1,
        "mean": 0.0255662705749,
        "median": 0,
        "min": 0,
        "var": 0.0249148607254
    },
    "spectral_centroid": {
        "dmean": 317.644256592,
        "dmean2": 517.140808105,
        "dvar": 126668.046875,
        "dvar2": 315974.03125,
        "max": 11122.8642578,
        "mean": 2050.65551758,
        "median": 2145.12060547,
        "min": 171.892608643,
        "var": 397895.5
    },
    "spectral_complexity": {
        "dmean": 5.64584493637,
        "dmean2": 8.61103630066,
        "dvar": 36.3553581238,
        "dvar2": 73.1761779785,
        "max": 62,
        "mean": 32.5273590088,
        "median": 36,
        "min": 0,
        "var": 199.740066528
    },
    "spectral_decrease": {
        "dmean": 4.49232784305e-09,
        "dmean2": 6.95995794331e-09,
        "dvar": 3.60425092202e-17,
        "dvar2": 9.18090276502e-17,
        "max": 7.62694212893e-30,
        "mean": -1.651918069e-08,
        "median": -1.57638133658e-08,
        "min": -6.13616464307e-08,
        "var": 1.14056202426e-16
    },
    "spectral_energy": {
        "dmean": 0.0171759892255,
        "dmean2": 0.0266355928034,
        "dvar": 0.000512165948749,
        "dvar2": 0.00129688973539,
        "max": 0.235942542553,
        "mean": 0.0665331631899,
        "median": 0.0652887523174,
        "min": 1.10525231964e-20,
        "var": 0.00173740345053
    },
    "spectral_energyband_high": {
        "dmean": 0.00176236045081,
        "dmean2": 0.00266937306151,
        "dvar": 7.03157184034e-06,
        "dvar2": 1.61486550496e-05,
        "max": 0.0200438350439,
        "mean": 0.00347671308555,
        "median": 0.0026514264755,
        "min": 7.85650087351e-21,
        "var": 1.17148529171e-05
    },
    "spectral_energyband_low": {
        "dmean": 0.0167947392911,
        "dmean2": 0.0263175144792,
        "dvar": 0.00054553989321,
        "dvar2": 0.00139500270598,
        "max": 0.220099464059,
        "mean": 0.0488935410976,
        "median": 0.0441724359989,
        "min": 2.50069396049e-23,
        "var": 0.00145338731818
    },
    "spectral_energyband_middle_high": {
        "dmean": 0.00293641537428,
        "dmean2": 0.00468227826059,
        "dvar": 1.36197331813e-05,
        "dvar2": 3.37216770276e-05,
        "max": 0.0322012975812,
        "mean": 0.00778339151293,
        "median": 0.00646093115211,
        "min": 1.72637662744e-21,
        "var": 3.37110977853e-05
    },
    "spectral_energyband_middle_low": {
        "dmean": 0.00294050062075,
        "dmean2": 0.00504186656326,
        "dvar": 2.10434955079e-05,
        "dvar2": 6.22975348961e-05,
        "max": 0.0490481629968,
        "mean": 0.0068262508139,
        "median": 0.00588533794507,
        "min": 2.95286338312e-22,
        "var": 2.50924167631e-05
    },
    "spectral_entropy": {
        "dmean": 0.117236346006,
        "dmean2": 0.179580658674,
        "dvar": 0.023175785318,
        "dvar2": 0.055008392781,
        "max": 9.79630661011,
        "mean": 8.1307849884,
        "median": 8.21013450623,
        "min": 6.12930107117,
        "var": 0.113384112716
    },
    "spectral_flux": {
        "dmean": 0.0339273139834,
        "dmean2": 0.0490597561002,
        "dvar": 0.00131967721973,
        "dvar2": 0.00263890554197,
        "max": 0.356927603483,
        "mean": 0.112088419497,
        "median": 0.0968163833022,
        "min": 1.0513098031e-10,
        "var": 0.00369982980192
    },
    "spectral_kurtosis": {
        "dmean": 0.958210289478,
        "dmean2": 1.53410673141,
        "dvar": 4.15252399445,
        "dvar2": 11.3841629028,
        "max": 44.9471206665,
        "mean": 2.979804039,
        "median": 2.25042581558,
        "min": -1.18110430241,
        "var": 9.63780021667
    },
    "spectral_rms": {
        "dmean": 0.00101762393024,
        "dmean2": 0.00153724802658,
        "dvar": 1.42472674725e-06,
        "dvar2": 3.33132152264e-06,
        "max": 0.0151719423011,
        "mean": 0.00755041185766,
        "median": 0.00798099860549,
        "min": 3.28374003336e-12,
        "var": 7.90168451203e-06
    },
    "spectral_rolloff": {
        "dmean": 905.507202148,
        "dmean2": 1531.59765625,
        "dvar": 2070769.375,
        "dvar2": 5099931.5,
        "max": 19293.75,
        "mean": 1504.14123535,
        "median": 990.52734375,
        "min": 43.06640625,
        "var": 3006490.5
    },
    "spectral_skewness": {
        "dmean": 0.154829517007,
        "dmean2": 0.245911747217,
        "dvar": 0.0512774251401,
        "dvar2": 0.129794329405,
        "max": 4.92817687988,
        "mean": 1.33870244026,
        "median": 1.25155377388,
        "min": -0.0044447989203,
        "var": 0.162909641862
    },
    "spectral_spread": {
        "dmean": 610529.125,
        "dmean2": 873330.75,
        "dvar": 600896897024,
        "dvar2": 1.06874994688e+12,
        "max": 39941708,
        "mean": 5941356.5,
        "median": 5990972.5,
        "min": 1254874.25,
        "var": 2.56772643226e+12
    },
    "spectral_strongpeak": {
        "dmean": 0.181015998125,
        "dmean2": 0.302170842886,
        "dvar": 0.135295689106,
        "dvar2": 0.363281726837,
        "max": 5.85785675049,
        "mean": 0.490070611238,
        "median": 0.396620750427,
        "min": 0,
        "var": 0.17047534883
    },
    "zerocrossingrate": {
        "dmean": 0.0164131931961,
        "dmean2": 0.0198958721012,
        "dvar": 0.000369036337361,
        "dvar2": 0.00051938946126,
        "max": 0.80712890625,
        "mean": 0.0696273297071,
        "median": 0.0615234375,
        "min": 0.0029296875,
        "var": 0.00184068258386
    },
    "barkbands": {
        "dmean": [0.00250414269976, 0.015578597784, 0.00299825845286, 0.000701855169609, 0.000783982162829, 0.000489981146529, 0.000507841468789, 0.000480540853459, 0.00139192317147, 0.00056434632279, 0.000611645227764, 0.000432641099906, 0.000670746143442, 0.000337809789926, 0.000534076942131, 0.000461588904727, 0.000348047615262, 0.000332449795678, 0.000362139428034, 0.000334325741278, 0.000391479028622, 0.000337831064826, 0.000298797502182, 0.000311192474328, 0.000316704885336, 0.000184885779163, 1.34723723022e-05],
        "dmean2": [0.00373043632135, 0.0242055207491, 0.00539568345994, 0.00113681145012, 0.00135127676185, 0.000824051676318, 0.000837560393848, 0.000745780882426, 0.00245877262205, 0.00091667129891, 0.0010326806223, 0.000736528716516, 0.00111865845975, 0.000567291339394, 0.000885336659849, 0.000774305604864, 0.000573099998292, 0.000548380194232, 0.000629598216619, 0.000541259942111, 0.000663912680466, 0.000544955080841, 0.000458676367998, 0.000467671838123, 0.000461655698018, 0.000275577855064, 2.13177245314e-05],
        "dvar": [2.09796889976e-05, 0.000467750127427, 6.2470404373e-05, 1.11095130251e-06, 2.27345140047e-06, 4.71745011055e-07, 5.75594924612e-07, 3.70016039142e-07, 1.64896064234e-05, 6.55858229948e-07, 7.99991312306e-07, 5.01050351431e-07, 9.24707649119e-07, 2.19026816239e-07, 6.65199422656e-07, 3.89265068179e-07, 2.2232816832e-07, 1.92777747543e-07, 3.70619773093e-07, 2.12784897258e-07, 3.22590096857e-07, 2.49400443408e-07, 2.14007329191e-07, 1.89079443658e-07, 2.42299392994e-07, 9.22042744378e-08, 5.74053971025e-10],
        "dvar2": [5.05601747136e-05, 0.00110699387733, 0.000176126792212, 3.0096498449e-06, 6.52235667076e-06, 1.31479953325e-06, 1.48578294557e-06, 8.718642448e-07, 5.09043857164e-05, 1.55120824274e-06, 2.05895321415e-06, 1.31414583393e-06, 2.28128010349e-06, 5.75831961669e-07, 1.83425947853e-06, 9.99505800792e-07, 5.74897796923e-07, 4.88985847369e-07, 1.02457408957e-06, 5.4093777635e-07, 8.67547782946e-07, 6.06912522017e-07, 4.85027555897e-07, 4.10917408544e-07, 5.40104281299e-07, 2.00778558224e-07, 1.36496125513e-09],
        "max": [0.0545371994376, 0.196957170963, 0.0674289166927, 0.0179123617709, 0.0127949947491, 0.00746839540079, 0.0110770566389, 0.0112741049379, 0.0467276908457, 0.0173108894378, 0.0162258259952, 0.0120165543631, 0.014989268966, 0.00827206205577, 0.017373720184, 0.0122318966314, 0.00711602298543, 0.00597766041756, 0.00630026403815, 0.00442080106586, 0.00503803323954, 0.00430538645014, 0.00490684295073, 0.00366003531963, 0.00409243861213, 0.00237950868905, 0.000291985925287],
        "mean": [0.0045790639706, 0.0410301424563, 0.00295850588009, 0.00111875531729, 0.00128108472563, 0.000804902578238, 0.000854386773426, 0.000854756508488, 0.00170913548209, 0.000913024763577, 0.000868851086125, 0.000631225702818, 0.00107662659138, 0.000589789531659, 0.00089136918541, 0.000799810222816, 0.000628532667179, 0.000604929344263, 0.000571796088479, 0.000598215847276, 0.00072319933679, 0.000582991866395, 0.000469812453957, 0.000544899259694, 0.000534879625775, 0.000295680889394, 1.70313760464e-05],
        "median": [0.00105307600461, 0.0295441001654, 0.00130332494155, 0.000632894982118, 0.000877738522831, 0.00053221185226, 0.000439969735453, 0.000491177954245, 0.00067133147968, 0.000488846097142, 0.000487237615744, 0.000398737494834, 0.000611281488091, 0.000444451405201, 0.000601416337304, 0.000523959752172, 0.000455806672107, 0.000433466455434, 0.000383733422495, 0.000442665535957, 0.000558019091841, 0.000410661334172, 0.000315764773404, 0.000340559927281, 0.000356991018634, 0.000179251743248, 5.99009899815e-06],
        "min": [8.88533973634e-25, 5.52161100128e-24, 1.43194678382e-23, 1.4779730311e-23, 3.27123357119e-23, 7.2766410542e-23, 4.26557191629e-23, 5.71406411096e-23, 4.81935227175e-23, 8.45352433712e-23, 3.81161938402e-23, 1.08073275061e-22, 1.26358641704e-22, 7.6487631515e-23, 1.17889683461e-22, 1.64881849906e-22, 2.74129517974e-22, 2.40170128855e-22, 3.28000841813e-22, 3.46715979877e-22, 2.9701483984e-22, 6.5298725047e-22, 7.97113425275e-22, 9.74816498945e-22, 1.18445336888e-21, 1.76143607994e-21, 2.31455677098e-21],
        "var": [5.25015457242e-05, 0.0012311518658, 3.91524772567e-05, 1.71053966369e-06, 1.99307783078e-06, 7.34250590995e-07, 1.24307030092e-06, 1.06024185698e-06, 1.17207973744e-05, 1.59398780397e-06, 1.31922899982e-06, 6.98617725448e-07, 1.96421387955e-06, 3.48920963233e-07, 1.11750887299e-06, 8.0122606505e-07, 4.09261531331e-07, 3.81736839472e-07, 3.92498435531e-07, 3.48827825292e-07, 4.86467342853e-07, 3.73296956013e-07, 3.1287149227e-07, 3.58543900347e-07, 3.86155960541e-07, 1.41120082731e-07, 7.3894029784e-10]
    },
    "erbbands": {
        "dmean": [0.776372969151, 2.73105120659, 3.55132222176, 2.37270259857, 2.34538078308, 2.99539399147, 3.10586547852, 4.62824487686, 6.91705274582, 7.26050519943, 13.6807928085, 34.9943237305, 14.9733448029, 22.2481136322, 24.0935783386, 18.1164093018, 29.7581310272, 18.9437847137, 24.5318984985, 26.1101093292, 20.209022522, 16.904510498, 18.458108902, 19.4693336487, 16.1390190125, 17.1855125427, 14.0770940781, 16.0953445435, 12.6247816086, 8.55821800232, 9.3315410614, 6.42694282532, 5.44733810425, 3.86918020248, 2.05383586884, 1.00910449028, 0.302390933037, 0.0474284626544, 0.00161214114632, 5.24370589119e-05],
        "dmean2": [1.14043009281, 4.03999185562, 5.91637897491, 3.77285909653, 4.00153541565, 5.09120941162, 5.10453796387, 7.85698890686, 11.5766410828, 11.3706865311, 23.4211196899, 61.4975242615, 25.0224838257, 36.3898658752, 40.3226737976, 30.5826644897, 49.560798645, 31.4044475555, 40.6070899963, 43.6441116333, 33.4293708801, 27.4785614014, 29.8162784576, 33.7733306885, 27.3974876404, 28.0153579712, 23.5469074249, 27.1661109924, 20.474905014, 13.4504175186, 14.6060285568, 9.64541721344, 8.3540687561, 5.69492149353, 3.01552844048, 1.54760861397, 0.438794702291, 0.069953635335, 0.00246560317464, 7.69683465478e-05],
        "dvar": [1.28497505188, 14.1773118973, 62.616153717, 18.2070541382, 16.2220039368, 32.9441642761, 27.6721630096, 43.9863586426, 132.147201538, 102.028015137, 565.94152832, 11450.8945312, 479.563293457, 1105.81018066, 1250.97875977, 912.00604248, 1836.99377441, 641.713867188, 1535.56689453, 1288.9552002, 606.843017578, 467.424316406, 599.262512207, 1129.24169922, 596.497314453, 620.895202637, 356.172607422, 596.606628418, 334.756652832, 138.77293396, 253.167510986, 88.9604949951, 64.1252365112, 37.403553009, 9.49669742584, 2.76098227501, 0.23881265521, 0.00588637217879, 8.495378097e-06, 5.39978151082e-09],
        "dvar2": [3.26869392395, 30.0024356842, 169.585189819, 46.6781730652, 47.0421600342, 92.4876403809, 71.2242736816, 124.229927063, 359.706665039, 225.252563477, 1778.73828125, 34870.953125, 1273.12255859, 2656.48510742, 3242.41064453, 2329.05175781, 4461.29785156, 1659.45617676, 4239.36669922, 3389.88330078, 1534.92871094, 1191.71228027, 1490.18188477, 3119.31665039, 1603.73144531, 1586.44616699, 939.752929688, 1587.30322266, 817.722961426, 310.601318359, 601.197143555, 192.907089233, 144.644989014, 83.174079895, 21.0013427734, 6.16903591156, 0.518940508366, 0.0130737600848, 1.91599756363e-05, 1.22738503805e-08],
        "max": [9.89330768585, 36.4540519714, 67.7707061768, 58.3211326599, 48.0945854187, 59.8684616089, 95.3333740234, 71.6843109131, 149.28112793, 153.105545044, 302.736419678, 1239.72705078, 249.473556519, 640.83807373, 850.720581055, 607.735168457, 629.414550781, 454.701812744, 1038.90136719, 671.416931152, 381.356903076, 258.004730225, 410.525421143, 296.771453857, 253.674377441, 219.245254517, 171.971954346, 224.019454956, 181.662307739, 120.563163757, 160.222412109, 88.2822799683, 65.888130188, 55.1666374207, 30.1892471313, 12.5463695526, 4.16794872284, 0.80986303091, 0.0327539481223, 0.000789881509263],
        "mean": [1.74274361134, 6.89202070236, 4.9545674324, 3.67505812645, 3.56360459328, 4.72396230698, 5.404276371, 7.36047554016, 11.0811052322, 14.8171377182, 20.7230224609, 44.4527587891, 24.5406570435, 35.3127174377, 36.7004928589, 29.315782547, 49.0584182739, 35.8662948608, 42.7005195618, 45.2487182617, 39.1801643372, 33.5128860474, 35.5584449768, 30.3184604645, 28.3613643646, 29.6775627136, 27.7368373871, 27.6327896118, 21.8688964844, 15.6405658722, 13.5617675781, 10.9997472763, 9.28031253815, 6.52436876297, 3.41167593002, 1.61903524399, 0.486174285412, 0.0737759396434, 0.00229226145893, 0.000144582358189],
        "median": [0.978790700436, 4.79761457443, 2.65922212601, 2.22428321838, 2.51604557037, 2.9429910183, 3.06271600723, 4.36123943329, 5.82578277588, 7.7335729599, 12.253487587, 17.2208862305, 16.0447731018, 18.1927871704, 22.8222541809, 20.0441856384, 28.3479404449, 27.8380260468, 30.3122634888, 32.0759506226, 28.6195297241, 26.5194854736, 25.4118003845, 21.7944450378, 19.8241729736, 21.3610191345, 21.2092132568, 21.1985244751, 15.3380498886, 11.4685993195, 8.76620864868, 7.23604393005, 5.67071008682, 3.96869897842, 2.33612918854, 0.98575347662, 0.290889501572, 0.0432664901018, 0.00109902513213, 0.000133531764732],
        "min": [1.50609437621e-22, 1.73434490514e-21, 1.41031354072e-20, 3.06345047389e-20, 1.05223054321e-19, 7.28038363248e-20, 2.22089619267e-19, 6.58393322887e-19, 6.77440655756e-19, 6.77366984983e-19, 1.6357080955e-18, 9.50857142224e-19, 2.29424395194e-18, 2.33511639358e-18, 2.34741077902e-18, 4.31042286917e-18, 5.81698387602e-18, 3.93151376444e-18, 6.67113347167e-18, 5.444631832e-18, 9.79852759186e-18, 1.46780304565e-17, 1.15240958328e-17, 1.68628344843e-17, 1.75181848682e-17, 1.46559678952e-17, 1.40053953066e-17, 1.48473874152e-17, 2.37808685476e-17, 1.93256390268e-17, 2.53466883599e-17, 2.20217101563e-17, 1.514817841e-17, 1.09590073973e-17, 9.59016906736e-18, 5.65330179e-18, 3.60002154755e-18, 1.34112808966e-18, 2.96677012089e-19, 3.38046259689e-20],
        "var": [3.20408964157, 40.1571311951, 52.8114013672, 19.6916065216, 14.9968357086, 31.5932064056, 51.5838012695, 70.8955688477, 200.311233521, 371.832275391, 744.24395752, 8295.00878906, 778.630187988, 2523.35375977, 2042.27722168, 1467.28112793, 3958.21044922, 1161.29248047, 2431.18798828, 2205.22851562, 1403.99633789, 924.921264648, 1409.41772461, 1105.92358398, 826.750549316, 922.397583008, 657.953430176, 770.423156738, 518.526672363, 252.871444702, 315.743255615, 153.909820557, 110.981643677, 60.029209137, 15.3860874176, 4.08796739578, 0.384238213301, 0.00918995868415, 1.16660748972e-05, 1.23932473173e-08]
    },
    "gfcc": {
        "mean": [57.1887702942, 52.9075698853, -103.860877991, 39.8714332581, -44.7268486023, 35.5121917725, -26.3785190582, 23.1127433777, -19.2672290802, 15.4244117737, -16.3706684113, 6.81107759476, -9.61012744904],
        "cov": [[12597.4179688, -373.074279785, 1105.97961426, 609.407958984, -408.893218994, 490.564483643, -118.272636414, 458.305267334, -200.257125854, 317.080718994, -167.205444336, 217.878067017, -100.63130188], [-373.074279785, 1382.00756836, -140.970336914, -163.864212036, -33.5109863281, -160.265182495, 72.9170379639, -118.735031128, 83.0686798096, -86.6418228149, 65.4970932007, -82.1001052856, 47.937412262], [1105.97961426, -140.970336914, 785.902038574, 210.679626465, 109.663543701, 206.108047485, 27.4755306244, 132.358673096, -43.8051528931, 89.0802001953, -22.1273670197, 57.9943733215, -1.31246984005], [609.407958984, -163.864212036, 210.679626465, 302.592926025, 92.7832641602, 104.73072052, 12.2826480865, 37.577381134, -17.017156601, 24.8190956116, -3.07460594177, 29.7357826233, 4.37389087677], [-408.893218994, -33.5109863281, 109.663543701, 92.7832641602, 262.308807373, 82.3991012573, 59.404964447, 34.0981254578, 23.8362808228, 29.3939971924, 24.0026435852, 21.2337188721, 10.6966981888], [490.564483643, -160.265182495, 206.108047485, 104.73072052, 82.3991012573, 172.741134644, 50.4421463013, 78.9526901245, 2.0319621563, 44.0580673218, -0.639274835587, 30.1540775299, 6.51862382889], [-118.272636414, 72.9170379639, 27.4755306244, 12.2826480865, 59.404964447, 50.4421463013, 107.9217453, 58.6978874207, 57.122177124, 20.6215400696, 18.7584152222, 4.29358434677, 14.1904697418], [458.305267334, -118.735031128, 132.358673096, 37.577381134, 34.0981254578, 78.9526901245, 58.6978874207, 127.329536438, 50.0846405029, 58.1092567444, 0.502635002136, 26.4752349854, 3.22382998466], [-200.257125854, 83.0686798096, -43.8051528931, -17.017156601, 23.8362808228, 2.0319621563, 57.122177124, 50.0846405029, 101.787239075, 37.3049926758, 29.0352172852, 3.93822193146, 15.7400436401], [317.080718994, -86.6418228149, 89.0802001953, 24.8190956116, 29.3939971924, 44.0580673218, 20.6215400696, 58.1092567444, 37.3049926758, 78.1423034668, 26.0028934479, 30.7223377228, 7.49605464935], [-167.205444336, 65.4970932007, -22.1273670197, -3.07460594177, 24.0026435852, -0.639274835587, 18.7584152222, 0.502635002136, 29.0352172852, 26.0028934479, 60.9830589294, 28.5779914856, 25.3569145203], [217.878067017, -82.1001052856, 57.9943733215, 29.7357826233, 21.2337188721, 30.1540775299, 4.29358434677, 26.4752349854, 3.93822193146, 30.7223377228, 28.5779914856, 62.0326194763, 26.1516666412], [-100.63130188, 47.937412262, -1.31246984005, 4.37389087677, 10.6966981888, 6.51862382889, 14.1904697418, 3.22382998466, 15.7400436401, 7.49605464935, 25.3569145203, 26.1516666412, 50.8954162598]],
        "icov": [[0.000244678696617, -0.000431962835137, 0.000269786280114, -0.000512990751304, 0.000610881485045, -0.00053007772658, 0.000448673061328, -0.00100610440131, 0.00109858671203, -0.00143343256786, 0.00118202902377, -0.00119736383203, 0.000717524206266], [-0.000431962835137, 0.00221744528972, -0.00128891458735, 0.00131071661599, -0.000889097922482, 0.00187986542005, -0.00203533610329, 0.00314661627635, -0.00339940260164, 0.00431355973706, -0.00419473275542, 0.00426644226536, -0.00246062828228], [0.000269786280114, -0.00128891458735, 0.00319745903835, -0.00151378090959, 0.000307029520627, -0.00227048061788, 0.00124265800696, -0.00340984505601, 0.00432753190398, -0.00461056549102, 0.00337640265934, -0.00252187321894, 0.00101011979859], [-0.000512990751304, 0.00131071661599, -0.00151378090959, 0.00593716604635, -0.00223701144569, -0.000607347988989, -0.000460923300125, 0.00301784370095, -0.00300583732314, 0.00412753783166, -0.00262341159396, 0.00198397180066, -0.00170353194699], [0.000610881485045, -0.000889097922482, 0.000307029520627, -0.00223701144569, 0.00684680975974, -0.00272139511071, -0.00148900039494, -0.000636307464447, 0.00195546890609, -0.00368445483036, 0.001489622402, -0.00320242368616, 0.00245171226561], [-0.00053007772658, 0.00187986542005, -0.00227048061788, -0.000607347988989, -0.00272139511071, 0.0150243686512, -0.00634737173095, -0.00121110316832, 0.00144212669693, 0.00137165409978, -0.00248182727955, 0.00313396123238, -0.00335278525017], [0.000448673061328, -0.00203533610329, 0.00124265800696, -0.000460923300125, -0.00148900039494, -0.00634737173095, 0.0225924812257, -0.0106541467831, -0.00452738534659, 0.00319808046333, -0.00216023134999, 0.00115581240971, -0.00021106658096], [-0.00100610440131, 0.00314661627635, -0.00340984505601, 0.00301784370095, -0.000636307464447, -0.00121110316832, -0.0106541467831, 0.0299012046307, -0.0146539639682, -0.00182414031588, 0.00497838435695, -0.00198787380941, -0.000593208184], [0.00109858671203, -0.00339940260164, 0.00432753190398, -0.00300583732314, 0.00195546890609, 0.00144212669693, -0.00452738534659, -0.0146539639682, 0.0314141847193, -0.0172086749226, 0.00130632088985, 0.000470968370792, -0.00073477596743], [-0.00143343256786, 0.00431355973706, -0.00461056549102, 0.00412753783166, -0.00368445483036, 0.00137165409978, 0.00319808046333, -0.00182414031588, -0.0172086749226, 0.0420770868659, -0.0212820004672, 0.00429685879499, -2.82154724118e-05], [0.00118202902377, -0.00419473275542, 0.00337640265934, -0.00262341159396, 0.001489622402, -0.00248182727955, -0.00216023134999, 0.00497838435695, 0.00130632088985, -0.0212820004672, 0.0447218604386, -0.0225822906941, -0.00105481827632], [-0.00119736383203, 0.00426644226536, -0.00252187321894, 0.00198397180066, -0.00320242368616, 0.00313396123238, 0.00115581240971, -0.00198787380941, 0.000470968370792, 0.00429685879499, -0.0225822906941, 0.043798558414, -0.0185788720846], [0.000717524206266, -0.00246062828228, 0.00101011979859, -0.00170353194699, 0.00245171226561, -0.00335278525017, -0.00021106658096, -0.000593208184, -0.00073477596743, -2.82154724118e-05, -0.00105481827632, -0.0185788720846, 0.0338708013296]]
    },
    "melbands": {
        "dmean": [0.0053750355728, 0.00210046069697, 0.000396989140427, 0.000190769293113, 0.000109556152893, 0.000100767712865, 0.000105852872366, 8.285590593e-05, 0.000137235721922, 0.000215808468056, 7.10319873178e-05, 9.2007459898e-05, 7.7785407484e-05, 5.61624874535e-05, 5.47100971744e-05, 6.75728151691e-05, 3.49237634509e-05, 3.81516729249e-05, 3.83673796023e-05, 3.97656403948e-05, 2.19507201109e-05, 1.83062311407e-05, 2.08403307624e-05, 1.55591933435e-05, 1.6934098312e-05, 1.46033398778e-05, 1.15199763968e-05, 1.15914026537e-05, 8.67638391355e-06, 1.0407924492e-05, 1.04960945464e-05, 7.809509043e-06, 6.26739483778e-06, 4.53016036772e-06, 6.1655614445e-06, 4.1826119741e-06, 4.10709617427e-06, 3.88161697629e-06, 3.90895593227e-06, 3.29370436702e-06],
        "dmean2": [0.0081055527553, 0.00315751158632, 0.000619963917416, 0.000326835579472, 0.000183322379598, 0.00017194787506, 0.000175354027306, 0.000129893072881, 0.000242749636527, 0.000376360170776, 0.000117712021165, 0.000150107618538, 0.000131527383928, 9.46224827203e-05, 9.37495569815e-05, 0.000111065506644, 5.85623201914e-05, 6.34583993815e-05, 6.39649733785e-05, 6.70268927934e-05, 3.62737555406e-05, 3.03256147163e-05, 3.37018027494e-05, 2.58287745964e-05, 2.97278966173e-05, 2.53466987488e-05, 1.90586197277e-05, 1.89335951291e-05, 1.44684763654e-05, 1.80073475349e-05, 1.77860765689e-05, 1.26955765154e-05, 1.03059237517e-05, 7.11957636668e-06, 9.88719511952e-06, 6.39022391624e-06, 6.32531146039e-06, 6.03266789767e-06, 6.10170809523e-06, 4.87917395731e-06],
        "dvar": [5.72135322727e-05, 1.00493998616e-05, 4.67646970037e-07, 1.28842870595e-07, 3.69595554162e-08, 2.1617593049e-08, 2.8503700733e-08, 1.26627046626e-08, 9.9983381574e-08, 3.85643147638e-07, 1.11374705014e-08, 1.89832896069e-08, 1.1683871648e-08, 7.6826776052e-09, 6.54749765516e-09, 1.23009575859e-08, 2.58480969961e-09, 3.51402595911e-09, 4.0111935995e-09, 3.2817943918e-09, 7.38101413322e-10, 5.65851254741e-10, 8.26253843123e-10, 4.13095391227e-10, 8.74712857701e-10, 5.81633574637e-10, 2.79663014968e-10, 2.66867750121e-10, 1.2983361608e-10, 2.08638828436e-10, 2.8783042616e-10, 1.1982598247e-10, 8.99183158487e-11, 3.65046395889e-11, 1.19886864325e-10, 4.02842308123e-11, 3.55531090679e-11, 3.11156239663e-11, 3.74542723225e-11, 2.8175954625e-11],
        "dvar2": [0.000142771415995, 2.39566234086e-05, 1.138557991e-06, 3.70178753428e-07, 9.9642406326e-08, 6.11896382452e-08, 7.61670122529e-08, 2.80904846051e-08, 3.27609399164e-07, 1.16627700208e-06, 2.92896498166e-08, 4.49253185764e-08, 3.03417699854e-08, 2.01605665495e-08, 1.71513860892e-08, 3.06076408663e-08, 6.74545397317e-09, 9.66093249843e-09, 1.10004760856e-08, 8.48553582955e-09, 1.88741888785e-09, 1.47313727883e-09, 2.10406025936e-09, 1.04836406223e-09, 2.42869124811e-09, 1.60600743815e-09, 7.32066074427e-10, 6.79814093907e-10, 3.35565270015e-10, 5.92391524723e-10, 7.68237529147e-10, 2.89684415344e-10, 2.28265170654e-10, 7.89056459061e-11, 2.9170024729e-10, 9.13060183017e-11, 8.07673233849e-11, 7.0006597741e-11, 9.01881833104e-11, 6.14569575785e-11],
        "max": [0.0662994384766, 0.0303295738995, 0.00932352710515, 0.0033711832948, 0.00263517000712, 0.0016306724865, 0.00209581013769, 0.00184990710113, 0.00354120694101, 0.00711453845724, 0.00123829953372, 0.00284744868986, 0.00225175591186, 0.0013427559752, 0.00108848733362, 0.00210150401108, 0.000928988505621, 0.00153233855963, 0.00173583894502, 0.00114010239486, 0.000484609219711, 0.000320615945384, 0.000402632314945, 0.000217201930354, 0.000267195224296, 0.000250130047789, 0.000254757818766, 0.000180270915735, 0.000128531522932, 0.000142000702908, 0.00014958230895, 0.000131429595058, 7.8469303844e-05, 8.44157693791e-05, 0.000114785754704, 6.81618766976e-05, 5.80295927648e-05, 4.83497933601e-05, 5.01185677422e-05, 5.68849391129e-05],
        "mean": [0.0134049495682, 0.00480823498219, 0.000636966957245, 0.000305837049382, 0.000190070219105, 0.000156380643602, 0.000174963424797, 0.000166393452673, 0.000179842216312, 0.000277232262306, 0.000115376678878, 0.000142150674947, 0.000114470756671, 8.61944572534e-05, 8.17932741484e-05, 0.000109775988676, 6.01464998908e-05, 6.38102283119e-05, 6.24256645096e-05, 6.41426668153e-05, 4.0981980419e-05, 3.30596376443e-05, 3.75076851924e-05, 2.73780224234e-05, 2.38962275034e-05, 2.20000038098e-05, 1.93761788978e-05, 1.928790698e-05, 1.63375407283e-05, 1.8404720322e-05, 1.54334666149e-05, 1.28711471916e-05, 1.01145378721e-05, 8.06088701211e-06, 8.19104479888e-06, 6.59207535136e-06, 6.76674790157e-06, 6.53062943456e-06, 6.01284000368e-06, 5.46090177522e-06],
        "median": [0.00913785770535, 0.00308293616399, 0.000410539680161, 0.000200292095542, 0.000122442637803, 9.71365661826e-05, 9.00842496776e-05, 8.87396308826e-05, 9.34117051656e-05, 0.000105620420072, 7.47950398363e-05, 6.7988599767e-05, 6.96404677001e-05, 5.51072953385e-05, 5.023979611e-05, 6.18000049144e-05, 4.44150573458e-05, 4.47047896159e-05, 4.17238697992e-05, 3.83892984246e-05, 3.05396388285e-05, 2.54777169175e-05, 2.32279926422e-05, 1.94769636437e-05, 1.6066544049e-05, 1.37636852742e-05, 1.38119512485e-05, 1.32659206429e-05, 1.19672149594e-05, 1.33127232402e-05, 1.08079402708e-05, 8.57323448145e-06, 7.02168654243e-06, 5.71633518121e-06, 4.88229943585e-06, 4.33635705122e-06, 4.2490355554e-06, 3.79659468308e-06, 3.66154108633e-06, 3.21739389619e-06],
        "min": [1.70920677954e-24, 5.28082659275e-24, 7.97047545923e-24, 6.64362877159e-24, 6.07308354417e-24, 1.4777592498e-23, 1.08402559803e-23, 7.52968680667e-24, 1.27811953839e-23, 6.10879606621e-24, 1.20554867384e-23, 9.90917370902e-24, 6.26949689336e-24, 1.2455900701e-23, 1.32685978273e-23, 1.10473887659e-23, 6.50204598847e-24, 1.00653381915e-23, 7.79266778892e-24, 1.14390298063e-23, 1.03887206756e-23, 1.62687084251e-23, 9.81064182651e-24, 1.36698629708e-23, 1.35183543454e-23, 1.29759935404e-23, 1.14084322584e-23, 9.45820953963e-24, 9.62537389861e-24, 6.12060807497e-24, 9.66074878819e-24, 1.35498866935e-23, 1.28514537027e-23, 9.23528060326e-24, 1.33170812186e-23, 1.64330044858e-23, 1.25124281069e-23, 1.19873693881e-23, 7.81960344453e-24, 9.70838415395e-24],
        "var": [0.000147825616295, 2.09412846743e-05, 5.33132094915e-07, 1.18159427132e-07, 5.17782510201e-08, 3.07233563035e-08, 5.04230257548e-08, 4.60434854688e-08, 8.48744150517e-08, 2.96452753901e-07, 1.8034238991e-08, 4.49355006538e-08, 1.89083113611e-08, 1.12242997119e-08, 9.71563807184e-09, 2.47664182496e-08, 4.14474632393e-09, 5.43314593315e-09, 6.28306207062e-09, 6.26811447191e-09, 1.57151269775e-09, 9.74668346032e-10, 1.73645975377e-09, 7.53482776172e-10, 8.02698796321e-10, 6.68511801472e-10, 3.9428990628e-10, 4.2194947536e-10, 2.46160924977e-10, 3.48476969503e-10, 3.08701841867e-10, 1.91585594611e-10, 1.21963036892e-10, 6.93160112641e-11, 1.35994757122e-10, 6.03173067049e-11, 6.01257862942e-11, 5.62394818215e-11, 5.24141945124e-11, 4.48997852787e-11]
    },
    "mfcc": {
        "mean": [-586.059204102, 87.5559158325, 6.39401960373, 18.683134079, 12.1134824753, 16.9383201599, 12.2686519623, 10.5986871719, 12.3145647049, 8.83123970032, 6.58999490738, 6.55112695694, 3.03793025017],
        "cov": [[7179.71289062, -687.487121582, 158.506561279, 347.158721924, 126.054756165, 99.2174911499, 97.2920455933, 148.690429688, 161.257003784, 147.049865723, 109.851417542, 60.4079780579, 74.0475692749], [-687.487121582, 1142.41003418, -125.919212341, 17.6488246918, -57.5238227844, -24.8374481201, -47.4577636719, -12.3311367035, -8.25034999847, -0.841599345207, -0.228873968124, 23.9895648956, 2.71846294403], [158.506561279, -125.919212341, 396.414916992, 58.3758049011, 89.5111541748, 64.5531082153, 88.2159042358, 40.9568786621, 50.3797988892, 28.7453384399, 27.3793411255, 20.6678638458, 14.1465930939], [347.158721924, 17.6488246918, 58.3758049011, 182.309417725, 78.3944473267, 65.6122741699, 44.7562408447, 30.4657402039, 18.3894615173, 11.1553039551, 12.2590532303, 11.723950386, 14.6990432739], [126.054756165, -57.5238227844, 89.5111541748, 78.3944473267, 165.553527832, 88.418838501, 82.1953887939, 34.1162948608, 29.6935062408, 18.3199768066, 17.8618984222, 17.1932601929, 17.2790565491], [99.2174911499, -24.8374481201, 64.5531082153, 65.6122741699, 88.418838501, 106.328987122, 68.4439163208, 36.129447937, 23.1196632385, 18.0240936279, 12.4635953903, 11.6534347534, 11.1976356506], [97.2920455933, -47.4577636719, 88.2159042358, 44.7562408447, 82.1953887939, 68.4439163208, 105.182014465, 46.8589668274, 36.9765701294, 20.4368858337, 18.6581993103, 14.3017807007, 11.9219999313], [148.690429688, -12.3311367035, 40.9568786621, 30.4657402039, 34.1162948608, 36.129447937, 46.8589668274, 76.9213180542, 48.7322807312, 34.2283821106, 24.9644680023, 16.3976688385, 8.77537155151], [161.257003784, -8.25034999847, 50.3797988892, 18.3894615173, 29.6935062408, 23.1196632385, 36.9765701294, 48.7322807312, 82.4152526855, 54.8194274902, 35.5027961731, 23.8696346283, 9.6958732605], [147.049865723, -0.841599345207, 28.7453384399, 11.1553039551, 18.3199768066, 18.0240936279, 20.4368858337, 34.2283821106, 54.8194274902, 73.6679992676, 42.4135742188, 25.1618843079, 11.1982412338], [109.851417542, -0.228873968124, 27.3793411255, 12.2590532303, 17.8618984222, 12.4635953903, 18.6581993103, 24.9644680023, 35.5027961731, 42.4135742188, 58.6443214417, 33.0809783936, 12.6797351837], [60.4079780579, 23.9895648956, 20.6678638458, 11.723950386, 17.1932601929, 11.6534347534, 14.3017807007, 16.3976688385, 23.8696346283, 25.1618843079, 33.0809783936, 50.5723648071, 25.234582901], [74.0475692749, 2.71846294403, 14.1465930939, 14.6990432739, 17.2790565491, 11.1976356506, 11.9219999313, 8.77537155151, 9.6958732605, 11.1982412338, 12.6797351837, 25.234582901, 51.6443099976]],
