{
"lowlevel": {
    "average_loudness": 0.901719868183,
    "barkbands_crest": {
        "dmean": 2.40306711197,
        "dmean2": 3.51560115814,
        "dvar": 6.61847543716,
        "dvar2": 13.1814146042,
        "max": 24.6286716461,
        "mean": 13.1579446793,
        "median": 12.2940998077,
        "min": 2.02540659904,
        "var": 34.2523155212
    },
    "barkbands_flatness_db": {
        "dmean": 0.0190908610821,
        "dmean2": 0.0284128002822,
        "dvar": 0.000376691605197,
        "dvar2": 0.000782585586421,
        "max": 0.462379783392,
        "mean": 0.107817545533,
        "median": 0.103279389441,
        "min": 0.0136549612507,
        "var": 0.00287354947068
    },
    "barkbands_kurtosis": {
        "dmean": 1.76201784611,
        "dmean2": 2.70675635338,
        "dvar": 8.39657020569,
        "dvar2": 15.6297206879,
        "max": 47.3366317749,
        "mean": 2.6719520092,
        "median": 0.733600854874,
        "min": -1.83134543896,
        "var": 30.8167304993
    },
    "barkbands_skewness": {
        "dmean": 0.435851037502,
        "dmean2": 0.667496144772,
        "dvar": 0.230411276221,
        "dvar2": 0.45959597826,
        "max": 6.58905649185,
        "mean": 1.3214277029,
        "median": 1.13132834435,
        "min": -4.0344004631,
        "var": 1.66366267204
    },
    "barkbands_spread": {
        "dmean": 7.23809957504,
        "dmean2": 11.1253519058,
        "dvar": 69.4479751587,
        "dvar2": 159.581008911,
        "max": 93.714012146,
        "mean": 33.4064712524,
        "median": 32.3676795959,
        "min": 0.62531286478,
        "var": 193.07258606
    },
    "dissonance": {
        "dmean": 0.0135471764952,
        "dmean2": 0.023300236091,
        "dvar": 0.0002120800782,
        "dvar2": 0.000598506710958,
        "max": 0.500000119209,
        "mean": 0.478034466505,
        "median": 0.482792675495,
        "min": 0.289332419634,
        "var": 0.000370518653654
    },
    "dynamic_complexity": 2.21664142609,
    "erbbands_crest": {
        "dmean": 2.53813576698,
        "dmean2": 4.03658819199,
        "dvar": 6.05532646179,
        "dvar2": 13.5212192535,
        "max": 31.0952281952,
        "mean": 8.84694480896,
        "median": 7.08936786652,
        "min": 2.2037153244,
        "var": 29.6606845856
    },
    "erbbands_flatness_db": {
        "dmean": 0.0134083880112,
        "dmean2": 0.0195570290089,
        "dvar": 0.000210640602745,
        "dvar2": 0.000375545932911,
        "max": 0.568615734577,
        "mean": 0.12425146997,
        "median": 0.102058820426,
        "min": 0.048103235662,
        "var": 0.00450898706913
    },
    "erbbands_kurtosis": {
        "dmean": 0.714651525021,
        "dmean2": 1.06384885311,
        "dvar": 2.18135285378,
        "dvar2": 4.12567520142,
        "max": 36.526599884,
        "mean": 0.380682498217,
        "median": -0.158452033997,
        "min": -1.73540449142,
        "var": 6.35540771484
    },
    "erbbands_skewness": {
        "dmean": 0.26722496748,
        "dmean2": 0.408975690603,
        "dvar": 0.0668608993292,
        "dvar2": 0.144083470106,
        "max": 3.7862534523,
        "mean": 0.0718914195895,
        "median": 0.0619687624276,
        "min": -4.76249170303,
        "var": 0.384627789259
    },
    "erbbands_spread": {
        "dmean": 6.56900930405,
        "dmean2": 10.0399513245,
        "dvar": 39.7242088318,
        "dvar2": 81.5627746582,
        "max": 118.868415833,
        "mean": 42.4420204163,
        "median": 42.8047828674,
        "min": 0.585897922516,
        "var": 350.345367432
    },
    "hfc": {
        "dmean": 12.5078954697,
        "dmean2": 18.2284164429,
        "dvar": 323.1902771,
        "dvar2": 752.231994629,
        "max": 218.34979248,
        "mean": 50.0196609497,
        "median": 44.5059051514,
        "min": 1.19592886225e-16,
        "var": 920.868347168
    },
    "melbands_crest": {
        "dmean": 2.83617067337,
        "dmean2": 4.34660291672,
        "dvar": 8.75414180756,
        "dvar2": 21.136428833,
        "max": 31.0932273865,
        "mean": 17.2704162598,
        "median": 17.7777462006,
        "min": 1.86758506298,
        "var": 34.7026672363
    },
    "melbands_flatness_db": {
        "dmean": 0.0242132656276,
        "dmean2": 0.0363750047982,
        "dvar": 0.000668480759487,
        "dvar2": 0.00150212273002,
        "max": 0.485014945269,
        "mean": 0.175726249814,
        "median": 0.178716316819,
        "min": 0.00516849197447,
        "var": 0.00421466538683
    },
    "melbands_kurtosis": {
        "dmean": 6.79059123993,
        "dmean2": 10.7581157684,
        "dvar": 132.555099487,
        "dvar2": 262.008483887,
        "max": 175.601852417,
        "mean": 16.8832149506,
        "median": 6.3878030777,
        "min": -1.68608462811,
        "var": 579.663391113
    },
    "melbands_skewness": {
        "dmean": 0.697788178921,
        "dmean2": 1.07322013378,
        "dvar": 0.660666108131,
        "dvar2": 1.29849922657,
        "max": 11.2992019653,
        "mean": 2.98421764374,
        "median": 2.31269860268,
        "min": -4.16244459152,
        "var": 5.29007482529
    },
    "melbands_spread": {
        "dmean": 7.86818218231,
        "dmean2": 12.7697134018,
        "dvar": 101.487266541,
        "dvar2": 256.051269531,
        "max": 197.266708374,
        "mean": 30.1995506287,
        "median": 26.254655838,
        "min": 1.46670413017,
        "var": 421.99810791
    },
    "pitch_salience": {
        "dmean": 0.0642662197351,
        "dmean2": 0.0982119962573,
        "dvar": 0.0044820937328,
        "dvar2": 0.00999986939132,
        "max": 0.993694067001,
        "mean": 0.448934197426,
        "median": 0.456350207329,
        "min": 0.120980113745,
        "var": 0.0192434247583
    },
    "silence_rate_20dB": {
        "dmean": 0,
        "dmean2": 0,
        "dvar": 0,
        "dvar2": 0,
        "max": 1,
        "mean": 1,
        "median": 1,
        "min": 1,
        "var": 0
    },
    "silence_rate_30dB": {
        "dmean": 0.0661238580942,
        "dmean2": 0.13226403296,
        "dvar": 0.0617521256208,
        "dvar2": 0.134755209088,
        "max": 1,
        "mean": 0.747995555401,
        "median": 1,
        "min": 0,
        "var": 0.188480943441
    },
    "silence_rate_60dB": {
        "dmean": 0.00123365409672,
        "dmean2": 0.0024676125031,
        "dvar": 0.00123224162962,
        "dvar2": 0.00246123573743,
        "max": 1,
        "mean": 0.0284938942641,
        "median": 0,
        "min": 0,
        "var": 0.0276825223118
    },
    "spectral_centroid": {
        "dmean": 241.801879883,
        "dmean2": 394.382019043,
        "dvar": 67521.703125,
        "dvar2": 177404.21875,
        "max": 11147.3554688,
        "mean": 1947.00964355,
        "median": 1940.33642578,
        "min": 621.779541016,
        "var": 293104.6875
    },
    "spectral_complexity": {
        "dmean": 4.90944957733,
        "dmean2": 7.60814332962,
        "dvar": 21.356306076,
        "dvar2": 45.1448173523,
        "max": 60,
        "mean": 31.2211666107,
        "median": 32,
        "min": 0,
        "var": 113.166725159
    },
    "spectral_decrease": {
        "dmean": 3.07485015227e-09,
        "dmean2": 4.54522686155e-09,
        "dvar": 1.85762382072e-17,
        "dvar2": 3.31949895923e-17,
        "max": 1.70301534965e-28,
        "mean": -1.46089957909e-08,
        "median": -1.00661612379e-08,
        "min": -4.25432347129e-08,
        "var": 1.12449010348e-16
    },
    "spectral_energy": {
        "dmean": 0.0121590625495,
        "dmean2": 0.0179224442691,
        "dvar": 0.000273802666925,
        "dvar2": 0.000487938261358,
        "max": 0.164882838726,
        "mean": 0.059674680233,
        "median": 0.0426154099405,
        "min": 1.02046695309e-20,
        "var": 0.00170393311419
    },
    "spectral_energyband_high": {
        "dmean": 0.00110259756912,
        "dmean2": 0.00164385477547,
        "dvar": 3.31433079737e-06,
        "dvar2": 8.03412058303e-06,
        "max": 0.0214347094297,
        "mean": 0.00339475157671,
        "median": 0.00283867865801,
        "min": 7.36650056594e-21,
        "var": 8.51999175211e-06
    },
    "spectral_energyband_low": {
        "dmean": 0.00972128752619,
        "dmean2": 0.0145401349291,
        "dvar": 0.000267351308139,
        "dvar2": 0.000495288462844,
        "max": 0.153692245483,
        "mean": 0.038585100323,
        "median": 0.0161982998252,
        "min": 4.78646655388e-23,
        "var": 0.00159554253332
    },
    "spectral_energyband_middle_high": {
        "dmean": 0.00259449728765,
        "dmean2": 0.00401892513037,
        "dvar": 7.95794858277e-06,
        "dvar2": 1.74564538611e-05,
        "max": 0.0416580401361,
        "mean": 0.0090404106304,
        "median": 0.00816851947457,
        "min": 1.35651097526e-21,
        "var": 2.9829054256e-05
    },
    "spectral_energyband_middle_low": {
        "dmean": 0.00330787920393,
        "dmean2": 0.00511687621474,
        "dvar": 1.45866024468e-05,
        "dvar2": 3.43347710441e-05,
        "max": 0.0583174303174,
        "mean": 0.00956554338336,
        "median": 0.00801789667457,
        "min": 2.204878347e-22,
        "var": 4.15844515373e-05
    },
    "spectral_entropy": {
        "dmean": 0.113607466221,
        "dmean2": 0.167593225837,
        "dvar": 0.0147588495165,
        "dvar2": 0.0294550862163,
        "max": 9.81659603119,
        "mean": 8.04550361633,
        "median": 8.15704917908,
        "min": 5.09564876556,
        "var": 0.172979459167
    },
    "spectral_flux": {
        "dmean": 0.0247644577175,
        "dmean2": 0.0386865101755,
        "dvar": 0.00082959322026,
        "dvar2": 0.00182036287151,
        "max": 0.316674917936,
        "mean": 0.0990558192134,
        "median": 0.0915725380182,
        "min": 6.73338260149e-11,
        "var": 0.00207604584284
    },
    "spectral_kurtosis": {
        "dmean": 1.02178585529,
        "dmean2": 1.68136978149,
        "dvar": 10.0824422836,
        "dvar2": 28.992395401,
        "max": 98.5860061646,
        "mean": 3.64932727814,
        "median": 2.30848455429,
        "min": -1.19826829433,
        "var": 43.9455757141
    },
    "spectral_rms": {
        "dmean": 0.000803368922789,
        "dmean2": 0.00117274490185,
        "dvar": 1.01779846773e-06,
        "dvar2": 1.83928830211e-06,
        "max": 0.0126831112429,
        "mean": 0.00711819762364,
        "median": 0.00644794618711,
        "min": 3.15527725475e-12,
        "var": 7.55023347665e-06
    },
    "spectral_rolloff": {
        "dmean": 773.995178223,
        "dmean2": 1328.27746582,
        "dvar": 1866138.5,
        "dvar2": 4842965,
        "max": 19530.6152344,
        "mean": 1944.26550293,
        "median": 1356.59179688,
        "min": 64.599609375,
        "var": 3886259.25
    },
    "spectral_skewness": {
        "dmean": 0.134739279747,
        "dmean2": 0.216917723417,
        "dvar": 0.0457880608737,
        "dvar2": 0.125615119934,
        "max": 7.27949285507,
        "mean": 1.39760684967,
        "median": 1.28619682789,
        "min": -0.0319913104177,
        "var": 0.27651783824
    },
    "spectral_spread": {
        "dmean": 492524.125,
        "dmean2": 699190.0625,
        "dvar": 397276741632,
        "dvar2": 724498907136,
        "max": 40857640,
        "mean": 5919824,
        "median": 6315782.5,
        "min": 710645.9375,
        "var": 3.02955364352e+12
    },
    "spectral_strongpeak": {
        "dmean": 0.480794698,
        "dmean2": 0.824137926102,
        "dvar": 0.913666248322,
        "dvar2": 2.19029283524,
        "max": 9.550740242,
        "mean": 0.997940957546,
        "median": 0.577293097973,
        "min": 0,
        "var": 1.54269552231
    },
    "zerocrossingrate": {
        "dmean": 0.0141563611105,
        "dmean2": 0.0161271374673,
        "dvar": 0.000260661006905,
        "dvar2": 0.000324789230945,
        "max": 0.56396484375,
        "mean": 0.0824762880802,
        "median": 0.068359375,
        "min": 0.0078125,
        "var": 0.0022183295805
    },
    "barkbands": {
        "dmean": [0.00046606225078, 0.00921168457717, 0.00153868005145, 0.000517721113283, 0.000595823803451, 0.000662946666125, 0.000424630154157, 0.000870637246408, 0.00165248499252, 0.000877953949384, 0.000475462991744, 0.00052585726371, 0.000613055774011, 0.000704453501385, 0.00052555144066, 0.000414005306084, 0.000479069596622, 0.000323003245285, 0.000277375977021, 0.000259208754869, 0.000244975235546, 0.000230460544117, 0.000237207015743, 0.000241540546995, 0.000190410995856, 0.000135457259603, 3.72588183382e-05],
        "dmean2": [0.000759744085371, 0.0132709713653, 0.00275058951229, 0.000919781625271, 0.00092987739481, 0.000966950028669, 0.000667510845233, 0.00127236242406, 0.0026441225782, 0.00132231030148, 0.000730956206098, 0.000840377470013, 0.000990639906377, 0.00113938888535, 0.000874577206559, 0.000691022491083, 0.000795170257334, 0.00053548719734, 0.000456359004602, 0.000421742210165, 0.00040171405999, 0.000373321323423, 0.000382964557502, 0.000374169787392, 0.000296762998914, 0.000199498943402, 5.74396653974e-05],
        "dvar": [5.02796183355e-07, 0.000242158930632, 1.176533533e-05, 1.11768463285e-06, 1.81346320005e-06, 1.65263952567e-06, 6.07685763043e-07, 2.94054302685e-06, 7.88664965512e-06, 3.16534305966e-06, 6.98784845099e-07, 7.32160231109e-07, 1.06030131519e-06, 1.2660932498e-06, 5.98026645093e-07, 4.68461763603e-07, 4.20974942017e-07, 1.66381056488e-07, 1.16950921836e-07, 1.17114673515e-07, 1.12233223604e-07, 1.40130339332e-07, 1.45618230363e-07, 1.20354116007e-07, 7.60267937494e-08, 6.90256953817e-08, 5.25057908263e-09],
        "dvar2": [1.34927972795e-06, 0.000409021100495, 3.48950707121e-05, 3.34624701281e-06, 4.36989466834e-06, 3.27276006828e-06, 1.38863197208e-06, 5.13118584422e-06, 1.92638326553e-05, 6.39559948468e-06, 1.56109763338e-06, 1.62369417467e-06, 2.39036899075e-06, 3.04906893689e-06, 1.60201182098e-06, 1.24433177007e-06, 1.11520773771e-06, 4.32263021821e-07, 2.99003204418e-07, 3.04077843793e-07, 3.00137116938e-07, 3.65652965684e-07, 3.76442898187e-07, 2.93279697416e-07, 1.73836397721e-07, 1.59923800425e-07, 1.16172484965e-08],
        "max": [0.00840172357857, 0.148729458451, 0.0615546032786, 0.0109728546813, 0.0280034206808, 0.0269715692848, 0.013171182014, 0.0465387441218, 0.0431785844266, 0.0530347749591, 0.0328330546618, 0.020965764299, 0.025050252676, 0.0239625573158, 0.0131639000028, 0.0130154117942, 0.00932680629194, 0.00459313532338, 0.00458704074845, 0.00568549940363, 0.00358295813203, 0.00473800767213, 0.0054762060754, 0.00459270039573, 0.00369770056568, 0.0031224610284, 0.000988822779618],
        "mean": [0.000818748492748, 0.0344471484423, 0.00293777952902, 0.000810449244455, 0.00110720191151, 0.00132357666735, 0.00067803269485, 0.00178684317507, 0.00274273776449, 0.0015346200671, 0.000836663588416, 0.000946416461375, 0.00108433747664, 0.00129025639035, 0.00088691979181, 0.000719283882063, 0.000836598337628, 0.000611748546362, 0.00057595456019, 0.000568623712752, 0.000571646844037, 0.000536043837201, 0.000559103034902, 0.00059323431924, 0.000504357914906, 0.000298930128338, 6.73686809023e-05],
        "median": [0.000509455741849, 0.0133308712393, 0.00123753771186, 0.000279512692941, 0.000588263617828, 0.000594280019868, 0.00030240076012, 0.000550724740606, 0.00107426079921, 0.000557288294658, 0.00045340161887, 0.000473316787975, 0.000510992715135, 0.000639083213173, 0.000530726101715, 0.000446705467766, 0.000550837779883, 0.00042932893848, 0.000427901250077, 0.000408112449804, 0.000439641822595, 0.000401433295337, 0.000430047453847, 0.000459726143163, 0.000406221719459, 0.000228390534176, 3.68595974578e-05],
        "min": [2.57375612761e-24, 9.80632517964e-24, 1.13387561189e-23, 1.46225734415e-23, 1.34167490608e-23, 2.56610252022e-23, 3.68829360327e-23, 2.67692753775e-23, 5.77197533664e-23, 3.24957271291e-23, 7.78499311894e-23, 5.30692353144e-23, 8.25382766996e-23, 8.07715311945e-23, 7.09255373553e-23, 1.03737304251e-22, 1.4602856652e-22, 2.02309500705e-22, 2.26819345921e-22, 1.35177412427e-22, 3.67121148301e-22, 3.64889063214e-22, 4.54683522334e-22, 7.33260776931e-22, 1.17111669709e-21, 1.76514344852e-21, 2.40623487848e-21],
        "var": [8.11003530998e-07, 0.00141022284515, 1.6202495317e-05, 1.40663928505e-06, 2.1987693799e-06, 4.54489509139e-06, 1.17938270705e-06, 1.48557383e-05, 1.78041409526e-05, 1.02114663605e-05, 1.79929111255e-06, 2.13496741708e-06, 3.20877143167e-06, 4.00469843953e-06, 1.08722576897e-06, 8.43513078053e-07, 7.56134170388e-07, 3.14511453325e-07, 2.44469418931e-07, 2.72110384003e-07, 2.54416903545e-07, 2.67296684342e-07, 3.06185967247e-07, 3.45924917156e-07, 2.31781271509e-07, 1.14425922959e-07, 8.55612913853e-09]
    },
    "erbbands": {
        "dmean": [0.318911105394, 1.99840283394, 2.30313920975, 1.64112865925, 1.62402236462, 2.10122466087, 3.29534864426, 6.00631809235, 4.78089189529, 10.5439395905, 23.059715271, 38.3666648865, 39.130153656, 12.6570711136, 18.5760231018, 24.8594779968, 26.3467273712, 38.3935585022, 23.2936382294, 26.1089019775, 25.8189277649, 20.3585929871, 16.5111083984, 15.7478084564, 13.0733880997, 12.5025939941, 10.1509656906, 9.70480632782, 8.28217601776, 8.05625152588, 6.79971885681, 5.40272665024, 3.97223567963, 2.4358921051, 1.31683456898, 0.634171128273, 0.25701931119, 0.0641553029418, 0.00605458719656, 9.38456360018e-05],
        "dmean2": [0.472881257534, 2.95034384727, 3.94685292244, 2.90249466896, 2.7480635643, 3.21801424026, 4.90379476547, 8.88799762726, 7.48669099808, 16.3537940979, 34.1008224487, 61.4876594543, 59.4543190002, 19.8877887726, 28.4728355408, 39.4390830994, 42.0663719177, 62.4861526489, 38.5163536072, 43.2750282288, 42.7308158875, 33.4990577698, 27.2557868958, 26.0249271393, 21.3215370178, 20.3597011566, 16.7940807343, 15.9527444839, 13.5694417953, 13.1289234161, 10.9128541946, 8.52376937866, 6.2457447052, 3.89292240143, 2.05014061928, 0.975288808346, 0.378458678722, 0.093427695334, 0.00944837089628, 0.00014053065388],
        "dvar": [0.2275287956, 14.2501525879, 21.5674648285, 12.4951887131, 25.9284744263, 16.039768219, 35.852596283, 153.944412231, 77.9083175659, 383.940307617, 2031.94885254, 4899.26904297, 5789.80859375, 324.811706543, 979.538391113, 1745.07470703, 2332.14526367, 3974.6472168, 1485.6817627, 1630.26416016, 2013.85791016, 666.798706055, 425.910736084, 414.001342773, 289.592681885, 283.65423584, 193.410751343, 187.665298462, 194.020858765, 183.263519287, 122.677330017, 59.9615478516, 33.5067672729, 12.1396837234, 3.80422258377, 1.21801424026, 0.300471395254, 0.0159742161632, 0.000145245037857, 3.24439923816e-08],
        "dvar2": [0.479603171349, 23.8042163849, 57.6025619507, 38.6769638062, 68.7637939453, 38.1429977417, 74.3570327759, 315.435577393, 179.539016724, 833.395629883, 3537.6418457, 12454.6474609, 12079.0097656, 796.143432617, 2081.21899414, 3861.80053711, 5121.87158203, 9614.00292969, 3922.84570312, 4411.14453125, 5375.63574219, 1758.92077637, 1091.35095215, 1057.24853516, 752.052734375, 725.175354004, 520.984436035, 497.305603027, 517.576660156, 481.761383057, 319.228729248, 150.177963257, 82.394317627, 29.0808067322, 8.72698020935, 2.96820664406, 0.684288799763, 0.0334271714091, 0.000333500211127, 7.25165918425e-08],
        "max": [4.48493528366, 37.4960479736, 80.8517608643, 36.9795837402, 125.527961731, 83.7564468384, 116.164558411, 228.699539185, 133.667526245, 332.43371582, 1278.54907227, 1217.72558594, 2145.81713867, 390.897796631, 1034.7130127, 1075.13916016, 1238.83789062, 1315.78393555, 801.059326172, 701.560913086, 872.664550781, 356.565216064, 223.715866089, 264.938873291, 214.713989258, 302.902008057, 184.581481934, 166.849258423, 175.584609985, 161.179504395, 147.173721313, 117.299758911, 75.2903823853, 53.0221786499, 21.4795398712, 11.6362581253, 7.83981561661, 1.77135121822, 0.1686591506, 0.0024298876524],
        "mean": [0.851075053215, 8.05524158478, 6.28184556961, 3.11207938194, 3.04536151886, 3.73288559914, 6.35538244247, 11.560669899, 8.03733062744, 18.8277111053, 49.3707580566, 64.4673309326, 72.7012710571, 24.6885585785, 35.5787734985, 48.0969314575, 52.1616897583, 73.6760559082, 42.8003120422, 45.2118186951, 48.2357063293, 40.041229248, 33.5455551147, 32.4380645752, 28.6247901917, 27.6824207306, 22.8692111969, 22.4368457794, 18.9236278534, 17.9459400177, 15.6884794235, 12.9626617432, 9.42217636108, 6.12346172333, 3.25357103348, 1.43520092964, 0.531807541847, 0.131173044443, 0.0104415584356, 0.000241221525357],
        "median": [0.38037031889, 2.90568351746, 2.68216967583, 1.25709104538, 0.977374434471, 1.89477574825, 3.39060640335, 4.74366569519, 4.07064008713, 8.70669841766, 17.7606678009, 29.0441989899, 26.0114173889, 16.6095905304, 22.0009307861, 25.3679046631, 26.7990188599, 35.8788223267, 26.8435459137, 30.0627918243, 30.7514705658, 29.0758113861, 25.1720695496, 24.1492271423, 21.1419277191, 19.6478042603, 17.2012367249, 17.0524406433, 14.1747837067, 13.9116735458, 11.7554187775, 9.93242454529, 7.36807250977, 5.08375406265, 2.48026919365, 1.1287279129, 0.381868034601, 0.0819793567061, 0.00551106594503, 0.000175731023774],
        "min": [5.85911404819e-22, 1.52847780583e-21, 1.18723609655e-20, 2.58300555643e-20, 2.22478061344e-20, 6.76452278321e-20, 5.86279057925e-20, 2.90777327315e-19, 2.11498605499e-19, 5.99346637522e-19, 7.35239642564e-19, 1.28289933082e-18, 9.29715749936e-19, 2.32462546866e-18, 2.59228539845e-18, 2.27688370563e-18, 3.86612720497e-18, 2.74506276246e-18, 6.87749725012e-18, 5.48930206662e-18, 5.30786289439e-18, 8.51042208965e-18, 1.06453247926e-17, 1.06220280779e-17, 1.00431091826e-17, 7.72787697013e-18, 1.43561000339e-17, 1.44648147275e-17, 1.36139643417e-17, 1.34900650937e-17, 1.25029458009e-17, 1.15600434479e-17, 1.23196682198e-17, 1.3583976563e-17, 7.86771764295e-18, 5.71374056863e-18, 3.54174088313e-18, 1.27825564226e-18, 2.87588416807e-19, 3.55889030178e-20],
        "var": [0.957969725132, 82.7068557739, 66.4556121826, 14.7671585083, 25.7235279083, 23.5164985657, 87.4097595215, 389.770477295, 130.762863159, 909.555541992, 10728.9609375, 9703.05175781, 18581.078125, 676.63104248, 2686.62011719, 5287.8671875, 7395.87402344, 12633.5654297, 2724.60205078, 2637.62475586, 3737.6640625, 1296.11352539, 828.489257812, 820.812683105, 645.927001953, 661.356750488, 415.36428833, 422.466918945, 338.694763184, 315.629089355, 259.297729492, 170.184631348, 87.985206604, 34.6878318787, 10.2186565399, 2.17017889023, 0.458276629448, 0.0291684605181, 0.000216077140067, 5.87160577936e-08]
    },
    "gfcc": {
        "mean": [63.3628349304, 44.4510879517, -111.150733948, 27.2172393799, -46.6478385925, 29.23645401, -25.2270145416, 22.7924976349, -14.7247467041, 12.6145515442, -15.7013750076, 4.44354772568, -12.8790979385],
        "cov": [[11189.8632812, -1212.42736816, 2358.0234375, 1873.07141113, 155.274047852, 847.307617188, 348.499694824, 647.749633789, -158.623580933, 87.4529571533, -341.887451172, 155.607666016, -106.491394043], [-1212.42736816, 1462.4407959, -252.137130737, 39.7547264099, 364.473724365, -2.19583392143, 186.625015259, 9.11892795563, 179.642837524, 87.9172744751, 228.679702759, 31.8231105804, 81.9615936279], [2358.0234375, -252.137130737, 1212.71948242, 634.607055664, 292.557769775, 379.867126465, 217.141403198, 235.485748291, -9.72657203674, 13.3302488327, -104.887870789, 41.5805740356, -32.2244300842], [1873.07141113, 39.7547264099, 634.607055664, 664.196777344, 206.384002686, 263.58392334, 135.135986328, 139.915618896, -12.6581802368, 5.0830488205, -36.143119812, 17.3972797394, 7.43245267868], [155.274047852, 364.473724365, 292.557769775, 206.384002686, 358.146118164, 158.962341309, 171.665374756, 82.5247879028, 67.9632110596, 29.3017749786, 38.3115119934, 9.98908519745, 8.80899620056], [847.307617188, -2.19583392143, 379.867126465, 263.58392334, 158.962341309, 272.983856201, 163.400939941, 144.23664856, 19.297832489, -4.55365419388, -43.6309165955, -7.19362401962, -14.0606136322], [348.499694824, 186.625015259, 217.141403198, 135.135986328, 171.665374756, 163.400939941, 218.875335693, 143.016342163, 69.2961120605, 9.44183921814, -7.87364959717, -6.29355573654, -4.54224634171], [647.749633789, 9.11892795563, 235.485748291, 139.915618896, 82.5247879028, 144.23664856, 143.016342163, 170.08996582, 52.948802948, 10.8189620972, -39.5277633667, -6.20501613617, -12.2074232101], [-158.623580933, 179.642837524, -9.72657203674, -12.6581802368, 67.9632110596, 19.297832489, 69.2961120605, 52.948802948, 94.6352539062, 40.0847663879, 29.7725753784, -2.84806156158, 1.26845467091], [87.4529571533, 87.9172744751, 13.3302488327, 5.0830488205, 29.3017749786, -4.55365419388, 9.44183921814, 10.8189620972, 40.0847663879, 81.5530853271, 54.031791687, 31.6805229187, 0.842871427536], [-341.887451172, 228.679702759, -104.887870789, -36.143119812, 38.3115119934, -43.6309165955, -7.87364959717, -39.5277633667, 29.7725753784, 54.031791687, 107.660621643, 43.1836128235, 21.5284442902], [155.607666016, 31.8231105804, 41.5805740356, 17.3972797394, 9.98908519745, -7.19362401962, -6.29355573654, -6.20501613617, -2.84806156158, 31.6805229187, 43.1836128235, 73.456741333, 30.9712467194], [-106.491394043, 81.9615936279, -32.2244300842, 7.43245267868, 8.80899620056, -14.0606136322, -4.54224634171, -12.2074232101, 1.26845467091, 0.842871427536, 21.5284442902, 30.9712467194, 59.7700157166]],
        "icov": [[0.00031331484206, 5.75753801968e-05, -4.7013443691e-05, -0.000755619141273, 0.000307565525873, 6.61826561554e-05, -4.77277462778e-05, -0.00058741326211, 0.000481113966089, -0.000759270915296, 0.000774092157371, -0.000934190291446, 0.000600281811785], [5.75753801968e-05, 0.00204981467687, 0.000671458488796, -0.000737878435757, -0.00145845743828, 0.000721117947251, -0.00115691439714, -1.60278032126e-05, -0.00133764161728, 0.000764878001064, -0.00319864717312, 0.00100510334596, -0.00131223467179], [-4.7013443691e-05, 0.000671458488796, 0.00310552096926, -0.00163690606132, -0.00190446898341, -0.000733693072107, -9.51215770328e-05, -0.000655717623886, 0.000170800558408, -0.000724336656276, 0.00228599179536, -0.00316393375397, 0.00166294304654], [-0.000755619141273, -0.000737878435757, -0.00163690606132, 0.00573231186718, -0.00079380517127, -0.0019818705041, 0.00148672761861, 0.000165400895639, 0.0010040277848, 0.00129068666138, -0.00273535843007, 0.00401152204722, -0.00326517410576], [0.000307565525873, -0.00145845743828, -0.00190446898341, -0.00079380517127, 0.00831370148808, -0.00184631918091, -0.00368977128528, 0.00330477114767, -0.00139518198557, -0.000737190886866, -0.000173136635567, 9.06959176064e-05, 0.000410183885833], [6.61826561554e-05, 0.000721117947251, -0.000733693072107, -0.0019818705041, -0.00184631918091, 0.0122841577977, -0.00469064852223, -0.00428277580068, 0.00322701386176, 7.83387658885e-05, -0.000536452105734, 0.0013986871345, 0.000309537164867], [-4.77277462778e-05, -0.00115691439714, -9.51215770328e-05, 0.00148672761861, -0.00368977128528, -0.00469064852223, 0.0189456641674, -0.0105782784522, -0.00338080339134, 0.00435426039621, -0.00166531081777, -0.000262054090854, 0.000730848463718], [-0.00058741326211, -1.60278032126e-05, -0.000655717623886, 0.000165400895639, 0.00330477114767, -0.00428277580068, -0.0105782784522, 0.0248862747103, -0.0103587796912, -0.00196273135953, 0.00777655420825, -0.00220599607565, -2.48114520218e-05], [0.000481113966089, -0.00133764161728, 0.000170800558408, 0.0010040277848, -0.00139518198557, 0.00322701386176, -0.00338080339134, -0.0103587796912, 0.0286331549287, -0.0125707630068, -0.00125485716853, 0.00678137643263, -0.00224145967513], [-0.000759270915296, 0.000764878001064, -0.000724336656276, 0.00129068666138, -0.000737190886866, 7.83387658885e-05, 0.00435426039621, -0.00196273135953, -0.0125707630068, 0.0305202361196, -0.0152049325407, -0.00516203837469, 0.00509230280295], [0.000774092157371, -0.00319864717312, 0.00228599179536, -0.00273535843007, -0.000173136635567, -0.000536452105734, -0.00166531081777, 0.00777655420825, -0.00125485716853, -0.0152049325407, 0.0363943316042, -0.0173300765455, 0.0048113358207], [-0.000934190291446, 0.00100510334596, -0.00316393375397, 0.00401152204722, 9.06959176064e-05, 0.0013986871345, -0.000262054090854, -0.00220599607565, 0.00678137643263, -0.00516203837469, -0.0173300765455, 0.0361687093973, -0.017972862348], [0.000600281811785, -0.00131223467179, 0.00166294304654, -0.00326517410576, 0.000410183885833, 0.000309537164867, 0.000730848463718, -2.48114520218e-05, -0.00224145967513, 0.00509230280295, 0.0048113358207, -0.017972862348, 0.0285210162401]]
    },
    "melbands": {
        "dmean": [0.00266519701108, 0.001664151554, 0.00027475389652, 0.000124176964164, 0.000113695663458, 0.000133285808261, 7.61120390962e-05, 0.000121479781228, 0.000208561614272, 0.000241549947532, 0.000195201850147, 4.92126382596e-05, 6.78983124089e-05, 6.26327018836e-05, 6.21261278866e-05, 5.57207167731e-05, 7.74652871769e-05, 3.86990577681e-05, 3.40899314324e-05, 3.20136132359e-05, 3.54007861461e-05, 2.49131317105e-05, 1.77425281436e-05, 1.86317156476e-05, 1.34905494633e-05, 1.04684204416e-05, 1.02973963294e-05, 8.58284602145e-06, 6.83958705849e-06, 6.33916079096e-06, 6.38649862594e-06, 5.15286910741e-06, 4.87703755425e-06, 4.8143647291e-06, 4.43403951067e-06, 3.77653600481e-06, 3.5439286421e-06, 3.14972362503e-06, 2.528168352e-06, 2.17338629227e-06],
        "dmean2": [0.00384185253642, 0.00267177890055, 0.000481519877212, 0.000200185619178, 0.000166973812156, 0.000196483873879, 0.000118542971904, 0.00018878300034, 0.000313330587232, 0.000388847780414, 0.00029717979487, 7.81275666668e-05, 0.000104972044937, 9.87466264633e-05, 9.91899214569e-05, 8.94713157322e-05, 0.000126102677314, 6.40574216959e-05, 5.65733425901e-05, 5.34261707799e-05, 5.88008624618e-05, 4.12481713283e-05, 2.93362936645e-05, 3.11352487188e-05, 2.25037401833e-05, 1.72343025042e-05, 1.69291906786e-05, 1.40414249472e-05, 1.14256263259e-05, 1.05826666186e-05, 1.05282460936e-05, 8.51663298818e-06, 7.99326335255e-06, 7.91199909145e-06, 7.18664205124e-06, 6.13205293121e-06, 5.68533960177e-06, 5.03529417983e-06, 4.06493791161e-06, 3.55344650416e-06],
        "dvar": [1.80589231604e-05, 9.80829827313e-06, 3.27717572191e-07, 9.44097422462e-08, 3.98139228253e-08, 7.10032566076e-08, 1.76249645989e-08, 4.32107007953e-08, 1.31741643372e-07, 1.79508433007e-07, 1.43241450701e-07, 5.37521893662e-09, 1.47054501909e-08, 1.00427888228e-08, 1.02519281953e-08, 7.08875624866e-09, 1.74176619794e-08, 3.81767062407e-09, 2.3430153373e-09, 2.14492779094e-09, 3.64190944069e-09, 1.1585361559e-09, 6.07254524443e-10, 7.31699922873e-10, 3.41376427127e-10, 1.85379253614e-10, 2.19838050541e-10, 1.34678115882e-10, 9.9423691502e-11, 7.45961556414e-11, 7.85387865854e-11, 7.10663819459e-11, 6.21320633831e-11, 5.97526056412e-11, 5.38266792249e-11, 3.13932976836e-11, 2.5087185801e-11, 2.09607973339e-11, 1.28683704317e-11, 9.56363981064e-12],
        "dvar2": [3.22736450471e-05, 2.02378068934e-05, 9.86028453553e-07, 2.35025169104e-07, 8.3457500466e-08, 1.43376524875e-07, 4.04968965029e-08, 9.31174497509e-08, 2.44174998443e-07, 4.59355078419e-07, 2.99143437132e-07, 1.33780284628e-08, 3.29213563077e-08, 2.20146496588e-08, 2.36790622665e-08, 1.62930753334e-08, 4.21907593307e-08, 1.00539683245e-08, 6.34973273961e-09, 5.77317882389e-09, 9.70686997448e-09, 3.06887470991e-09, 1.58613921997e-09, 1.94696525568e-09, 8.82343642594e-10, 4.75687655932e-10, 5.80295589359e-10, 3.43849088091e-10, 2.71787564676e-10, 2.03618316652e-10, 2.10270162393e-10, 1.90512008946e-10, 1.64170260719e-10, 1.57843876858e-10, 1.4236425927e-10, 8.11478106932e-11, 6.30679466984e-11, 5.3011699197e-11, 3.18512369257e-11, 2.35544847516e-11],
        "max": [0.0431098006666, 0.0375678129494, 0.00580598600209, 0.00703273294494, 0.00341359432787, 0.00493519380689, 0.00185391225386, 0.00399361783639, 0.00968623161316, 0.00665811169893, 0.0105676492676, 0.00168906431645, 0.0049203732051, 0.00227146293037, 0.00238101696596, 0.00160973018501, 0.00300683104433, 0.00125551421661, 0.000821654684842, 0.000713368121069, 0.00114424782805, 0.000477094523376, 0.000448227976449, 0.00035407897667, 0.000246568903094, 0.000191260522115, 0.00021831371123, 0.000168867685716, 0.000139778610901, 0.000123467645608, 0.000111928893602, 0.000129266569274, 9.86217273748e-05, 9.4779265055e-05, 0.000103200545709, 8.52347584441e-05, 6.12413859926e-05, 7.01903627487e-05, 5.14106359333e-05, 4.48126193078e-05],
        "mean": [0.00912257283926, 0.00620515458286, 0.000540731474757, 0.000231851285207, 0.000222199116251, 0.000259652617387, 0.000127259496367, 0.000221704816795, 0.000430237036198, 0.00039799316437, 0.000352021801518, 8.79718863871e-05, 0.000119503230962, 0.000115584356536, 0.000120525939565, 0.000103698956082, 0.000142833887367, 6.52466114843e-05, 5.80777414143e-05, 5.34186292498e-05, 6.04039705649e-05, 4.41676929768e-05, 3.16379228025e-05, 3.22526866512e-05, 2.52153513429e-05, 2.04013194889e-05, 2.08705350815e-05, 1.74193646671e-05, 1.39450057759e-05, 1.31274728119e-05, 1.33631283461e-05, 1.08236554297e-05, 9.87305247691e-06, 9.96969174594e-06, 9.28374993237e-06, 8.04571664048e-06, 7.93782692199e-06, 6.84290898789e-06, 5.77003993385e-06, 4.95626636621e-06],
        "median": [0.00368229416199, 0.00237129512243, 0.000208730285522, 0.00010605265561, 0.000127431630972, 0.000110841363494, 6.32908340776e-05, 0.000101260222436, 0.000158590672072, 0.000166259007528, 0.000113820278784, 5.50190961803e-05, 6.62916500005e-05, 5.9057452745e-05, 5.93515724177e-05, 5.40440632903e-05, 6.2979037466e-05, 3.8620280975e-05, 3.63212238881e-05, 3.5073790059e-05, 3.42900784744e-05, 2.91128108074e-05, 2.25172207138e-05, 2.00657650566e-05, 1.76010562427e-05, 1.4232263311e-05, 1.41194759635e-05, 1.18765901789e-05, 1.01260939118e-05, 9.96489416139e-06, 9.6099147413e-06, 7.93918479758e-06, 7.09349569661e-06, 7.54033499106e-06, 6.49427647659e-06, 6.21062781647e-06, 5.8367472775e-06, 5.02207876707e-06, 4.64412642032e-06, 3.93028767576e-06],
        "min": [5.49728134767e-24, 4.7322014433e-24, 7.71362787052e-24, 3.42486604686e-24, 2.22993011599e-24, 5.87426259149e-24, 4.24102390598e-24, 5.94087518962e-24, 6.49169179466e-24, 8.16765676452e-24, 4.18950734457e-24, 8.59424513193e-24, 9.20573934008e-24, 5.63715940237e-24, 8.75877469549e-24, 6.85426409962e-24, 4.68366756497e-24, 1.08469407876e-23, 6.00667723317e-24, 7.86130578742e-24, 5.52037722282e-24, 8.26723231e-24, 1.06165468604e-23, 8.44228133373e-24, 8.4012739773e-24, 8.53177444798e-24, 6.10785101084e-24, 4.3051042606e-24, 8.05419490052e-24, 9.82776878562e-24, 6.8659092643e-24, 7.58080420446e-24, 7.48077111965e-24, 7.04451605071e-24, 7.65147667524e-24, 6.22746441218e-24, 7.7161403925e-24, 7.95393620149e-24, 8.89251975108e-24, 1.29442852763e-23],
        "var": [9.96960152406e-05, 5.06941141794e-05, 4.3492639179e-07, 1.09374568069e-07, 8.89907809665e-08, 1.84371330647e-07, 3.07197502991e-08, 1.1258655519e-07, 6.63476384943e-07, 3.5531442677e-07, 4.62609847318e-07, 1.03411457175e-08, 3.63976013773e-08, 2.93161104281e-08, 3.2146836304e-08, 2.0179092175e-08, 5.71987328613e-08, 6.83702428006e-09, 4.12049683263e-09, 3.2919127424e-09, 6.74885880514e-09, 2.12658179954e-09, 9.79537007062e-10, 1.26263310918e-09, 6.18710749301e-10, 3.68493846548e-10, 4.82421047554e-10, 2.90406226844e-10, 1.81140408229e-10, 1.50303491875e-10, 1.67286934305e-10, 1.18955498229e-10, 1.04923937594e-10, 1.02532281276e-10, 1.02084930786e-10, 7.12279263348e-11, 6.72828182058e-11, 4.97268302924e-11, 3.38411972056e-11, 2.40468357032e-11]
    },
    "mfcc": {
        "mean": [-580.982116699, 83.1567764282, -0.836779773235, 12.1611289978, 7.54152679443, 11.0412855148, 7.3561706543, 11.6275100708, 10.1622056961, 11.7145662308, 8.77810955048, 6.67705965042, 1.33163416386],
        "cov": [[6323.56494141, -197.974136353, 777.628417969, 687.602355957, 399.492797852, 239.726791382, 271.125305176, 297.912353516, 295.987823486, 112.317390442, -92.9870529175, 30.8690738678, 174.155761719], [-197.974136353, 1141.55786133, -199.733566284, 186.387710571, 127.38193512, 111.397964478, 100.194068909, 78.5958633423, 41.1962242126, 66.9966049194, 123.302047729, 135.718856812, 115.233055115], [777.628417969, -199.733566284, 591.854003906, 224.898956299, 215.882476807, 158.182525635, 175.885162354, 150.10067749, 135.37109375, 59.7385063171, -13.4956197739, -2.51363921165, 20.5271434784], [687.602355957, 186.387710571, 224.898956299, 349.376190186, 211.702865601, 147.675216675, 128.406814575, 85.7753753662, 69.1916503906, 45.1392440796, 12.0167531967, 38.0405387878, 53.3735427856], [399.492797852, 127.38193512, 215.882476807, 211.702865601, 234.020507812, 152.757339478, 134.164962769, 93.3365402222, 72.8469696045, 48.2618370056, 22.0598220825, 30.2100353241, 32.0063438416], [239.726791382, 111.397964478, 158.182525635, 147.675216675, 152.757339478, 163.151779175, 131.811752319, 91.933631897, 68.1231460571, 45.5704994202, 26.1714019775, 30.9807796478, 28.758605957], [271.125305176, 100.194068909, 175.885162354, 128.406814575, 134.164962769, 131.811752319, 183.964294434, 140.454681396, 106.228218079, 61.5762557983, 25.6536655426, 28.1522579193, 30.3285007477], [297.912353516, 78.5958633423, 150.10067749, 85.7753753662, 93.3365402222, 91.933631897, 140.454681396, 175.566680908, 133.894485474, 74.4062347412, 26.0366668701, 14.204003334, 16.5876731873], [295.987823486, 41.1962242126, 135.37109375, 69.1916503906, 72.8469696045, 68.1231460571, 106.228218079, 133.894485474, 153.241699219, 87.5335998535, 24.9013214111, 11.4403438568, 12.770772934], [112.317390442, 66.9966049194, 59.7385063171, 45.1392440796, 48.2618370056, 45.5704994202, 61.5762557983, 74.4062347412, 87.5335998535, 92.2957611084, 48.0089759827, 19.7414703369, 7.99743461609], [-92.9870529175, 123.302047729, -13.4956197739, 12.0167531967, 22.0598220825, 26.1714019775, 25.6536655426, 26.0366668701, 24.9013214111, 48.0089759827, 79.270980835, 47.3501319885, 16.7696609497], [30.8690738678, 135.718856812, -2.51363921165, 38.0405387878, 30.2100353241, 30.9807796478, 28.1522579193, 14.204003334, 11.4403438568, 19.7414703369, 47.3501319885, 81.5070266724, 54.9255752563], [174.155761719, 115.233055115, 20.5271434784, 53.3735427856, 32.0063438416, 28.758605957, 30.3285007477, 16.5876731873, 12.770772934, 7.99743461609, 16.7696609497, 54.9255752563, 82.9319915771]],
