{
"lowlevel": {
    "average_loudness": 0.900876760483,
    "barkbands_crest": {
        "dmean": 2.95614743233,
        "dmean2": 4.48333740234,
        "dvar": 8.69903945923,
        "dvar2": 19.69622612,
        "max": 26.4738235474,
        "mean": 11.6937160492,
        "median": 10.9530525208,
        "min": 1.67877078056,
        "var": 33.3665084839
    },
    "barkbands_flatness_db": {
        "dmean": 0.0238923188299,
        "dmean2": 0.032063882798,
        "dvar": 0.000680649245623,
        "dvar2": 0.0011591555085,
        "max": 0.472280174494,
        "mean": 0.122288577259,
        "median": 0.0994320511818,
        "min": 0.0125748347491,
        "var": 0.00543128466234
    },
    "barkbands_kurtosis": {
        "dmean": 3.81199097633,
        "dmean2": 4.89680147171,
        "dvar": 121.684883118,
        "dvar2": 193.663513184,
        "max": 316.307342529,
        "mean": 4.6521320343,
        "median": 0.176088690758,
        "min": -1.93665397167,
        "var": 300.610137939
    },
    "barkbands_skewness": {
        "dmean": 0.635997951031,
        "dmean2": 0.835470020771,
        "dvar": 0.611025333405,
        "dvar2": 0.962431371212,
        "max": 16.90574646,
        "mean": 1.00554454327,
        "median": 0.726783871651,
        "min": -3.83179998398,
        "var": 3.97278141975
    },
    "barkbands_spread": {
        "dmean": 7.7463517189,
        "dmean2": 11.1127481461,
        "dvar": 75.9657897949,
        "dvar2": 158.150619507,
        "max": 107.413780212,
        "mean": 33.1140136719,
        "median": 31.8876609802,
        "min": 0.62539088726,
        "var": 349.230804443
    },
    "dissonance": {
        "dmean": 0.0148217054084,
        "dmean2": 0.0248257294297,
        "dvar": 0.000290868978482,
        "dvar2": 0.000774919986725,
        "max": 0.500000119209,
        "mean": 0.474983841181,
        "median": 0.481302917004,
        "min": 0.250298857689,
        "var": 0.000595672638156
    },
    "dynamic_complexity": 3.27828359604,
    "erbbands_crest": {
        "dmean": 2.5346121788,
        "dmean2": 4.08999967575,
        "dvar": 6.19609165192,
        "dvar2": 15.4222812653,
        "max": 29.5047492981,
        "mean": 8.47877693176,
        "median": 7.15721559525,
        "min": 2.18486452103,
        "var": 22.0067424774
    },
    "erbbands_flatness_db": {
        "dmean": 0.0159441251308,
        "dmean2": 0.0240606255829,
        "dvar": 0.000224528281251,
        "dvar2": 0.000497126951814,
        "max": 0.516823470592,
        "mean": 0.151600807905,
        "median": 0.119828522205,
        "min": 0.0404332987964,
        "var": 0.0066015040502
    },
    "erbbands_kurtosis": {
        "dmean": 1.2076716423,
        "dmean2": 1.90651845932,
        "dvar": 5.01848173141,
        "dvar2": 12.5486660004,
        "max": 57.7848625183,
        "mean": 1.00505959988,
        "median": -0.162529349327,
        "min": -1.84710919857,
        "var": 12.871304512
    },
    "erbbands_skewness": {
        "dmean": 0.380625426769,
        "dmean2": 0.57857811451,
        "dvar": 0.131238415837,
        "dvar2": 0.303438216448,
        "max": 4.63946771622,
        "mean": -0.126938119531,
        "median": -0.0463699400425,
        "min": -4.2098274231,
        "var": 0.756319761276
    },
    "erbbands_spread": {
        "dmean": 9.00512599945,
        "dmean2": 13.228430748,
        "dvar": 185.826446533,
        "dvar2": 329.155487061,
        "max": 193.7890625,
        "mean": 40.2569885254,
        "median": 36.9849243164,
        "min": 1.18541479111,
        "var": 794.631591797
    },
    "hfc": {
        "dmean": 15.6329917908,
        "dmean2": 22.6002578735,
        "dvar": 469.931243896,
        "dvar2": 1133.3605957,
        "max": 222.656173706,
        "mean": 39.4141578674,
        "median": 31.8070678711,
        "min": 1.15627355899e-16,
        "var": 1095.78125
    },
    "melbands_crest": {
        "dmean": 3.53138780594,
        "dmean2": 5.63565731049,
        "dvar": 15.2429599762,
        "dvar2": 37.6590461731,
        "max": 37.2622261047,
        "mean": 16.5306167603,
        "median": 15.7283420563,
        "min": 2.27516436577,
        "var": 68.1165161133
    },
    "melbands_flatness_db": {
        "dmean": 0.0294454675168,
        "dmean2": 0.0395084135234,
        "dvar": 0.00110168976244,
        "dvar2": 0.00200240453705,
        "max": 0.529763460159,
        "mean": 0.167408257723,
        "median": 0.14906911552,
        "min": 0.00666542630643,
        "var": 0.00736066745594
    },
    "melbands_kurtosis": {
        "dmean": 17.4105987549,
        "dmean2": 21.0962295532,
        "dvar": 2700.86621094,
        "dvar2": 3462.32714844,
        "max": 1111.62646484,
        "mean": 27.8806171417,
        "median": 3.83666729927,
        "min": -1.84003806114,
        "var": 8033.43798828
    },
    "melbands_skewness": {
        "dmean": 1.03839445114,
        "dmean2": 1.3598805666,
        "dvar": 3.05758714676,
        "dvar2": 4.22375822067,
        "max": 27.354598999,
        "mean": 2.75598621368,
        "median": 1.82041656971,
        "min": -3.33781170845,
        "var": 15.4079732895
    },
    "melbands_spread": {
        "dmean": 11.58934021,
        "dmean2": 17.5931358337,
        "dvar": 203.734130859,
        "dvar2": 467.350402832,
        "max": 242.390136719,
        "mean": 39.8159561157,
        "median": 34.8710327148,
        "min": 0.483932256699,
        "var": 762.814758301
    },
    "pitch_salience": {
        "dmean": 0.0840711146593,
        "dmean2": 0.126551538706,
        "dvar": 0.00856109429151,
        "dvar2": 0.0193211734295,
        "max": 0.940822482109,
        "mean": 0.485335409641,
        "median": 0.496834754944,
        "min": 0.0184631217271,
        "var": 0.0301589407027
    },
    "silence_rate_20dB": {
        "dmean": 0,
        "dmean2": 0,
        "dvar": 0,
        "dvar2": 0,
        "max": 1,
        "mean": 1,
        "median": 1,
        "min": 1,
        "var": 0
    },
    "silence_rate_30dB": {
        "dmean": 0,
        "dmean2": 0,
        "dvar": 0,
        "dvar2": 0,
        "max": 1,
        "mean": 1,
        "median": 1,
        "min": 1,
        "var": 0
    },
    "silence_rate_60dB": {
        "dmean": 0.0199154280126,
        "dmean2": 0.0398362874985,
        "dvar": 0.019518904388,
        "dvar2": 0.042614992708,
        "max": 1,
        "mean": 0.0681942179799,
        "median": 0,
        "min": 0,
        "var": 0.0635417252779
    },
    "spectral_centroid": {
        "dmean": 295.759918213,
        "dmean2": 450.052825928,
        "dvar": 105063.109375,
        "dvar2": 218361.5625,
        "max": 10943.9267578,
        "mean": 2174.69384766,
        "median": 2218.43676758,
        "min": 389.206542969,
        "var": 484720.90625
    },
    "spectral_complexity": {
        "dmean": 5.48874664307,
        "dmean2": 8.13424301147,
        "dvar": 45.2612571716,
        "dvar2": 92.8776092529,
        "max": 60,
        "mean": 21.8681125641,
        "median": 21,
        "min": 0,
        "var": 154.957901001
    },
    "spectral_decrease": {
        "dmean": 1.83286597011e-09,
        "dmean2": 2.88945201099e-09,
        "dvar": 5.09303250878e-18,
        "dvar2": 1.39129810342e-17,
        "max": 1.53302383524e-29,
        "mean": -7.27631643826e-09,
        "median": -7.30612992328e-09,
        "min": -2.77028480156e-08,
        "var": 2.34450332189e-17
    },
    "spectral_energy": {
        "dmean": 0.00779020227492,
        "dmean2": 0.0122950598598,
        "dvar": 8.65684196469e-05,
        "dvar2": 0.000235176135902,
        "max": 0.109698280692,
        "mean": 0.0310375187546,
        "median": 0.0316182523966,
        "min": 1.04298928787e-20,
        "var": 0.000396338931751
    },
    "spectral_energyband_high": {
        "dmean": 0.00130192539655,
        "dmean2": 0.00188639876433,
        "dvar": 5.41762392459e-06,
        "dvar2": 1.30799426188e-05,
        "max": 0.0235959868878,
        "mean": 0.00258647557348,
        "median": 0.00119086634368,
        "min": 7.50983222529e-21,
        "var": 1.05942772279e-05
    },
    "spectral_energyband_low": {
        "dmean": 0.00469610188156,
        "dmean2": 0.00745150027797,
        "dvar": 6.84752230882e-05,
        "dvar2": 0.000188702179003,
        "max": 0.0973584651947,
        "mean": 0.014753466472,
        "median": 0.00730454456061,
        "min": 1.18774495096e-22,
        "var": 0.00025480039767
    },
    "spectral_energyband_middle_high": {
        "dmean": 0.00346822733991,
        "dmean2": 0.00525852944702,
        "dvar": 2.01452949113e-05,
        "dvar2": 4.6230838052e-05,
        "max": 0.070757009089,
        "mean": 0.00864560157061,
        "median": 0.00706625264138,
        "min": 1.40390846475e-21,
        "var": 6.19627608103e-05
    },
    "spectral_energyband_middle_low": {
        "dmean": 0.0022693099454,
        "dmean2": 0.00348141859286,
        "dvar": 1.47590271808e-05,
        "dvar2": 3.665494296e-05,
        "max": 0.0500496141613,
        "mean": 0.00536997616291,
        "median": 0.00384178035893,
        "min": 3.65051884105e-22,
        "var": 2.9650869692e-05
    },
    "spectral_entropy": {
        "dmean": 0.155974850059,
        "dmean2": 0.231374174356,
        "dvar": 0.0249568689615,
        "dvar2": 0.0568807311356,
        "max": 9.80821418762,
        "mean": 7.84018564224,
        "median": 8.00679969788,
        "min": 5.46415710449,
        "var": 0.354536980391
    },
    "spectral_flux": {
        "dmean": 0.0252190362662,
        "dmean2": 0.036411780864,
        "dvar": 0.000782677088864,
        "dvar2": 0.00140907859895,
        "max": 0.286535292864,
        "mean": 0.0829282402992,
        "median": 0.0716111212969,
        "min": 1.02126848645e-10,
        "var": 0.00216221390292
    },
    "spectral_kurtosis": {
        "dmean": 1.62982285023,
        "dmean2": 2.75078201294,
        "dvar": 14.6720409393,
        "dvar2": 47.0410270691,
        "max": 83.6624984741,
        "mean": 4.63164949417,
        "median": 2.66143679619,
        "min": -1.19092643261,
        "var": 49.5750160217
    },
    "spectral_rms": {
        "dmean": 0.000697799841873,
        "dmean2": 0.00105738302227,
        "dvar": 5.73898603307e-07,
        "dvar2": 1.39180690439e-06,
        "max": 0.0103451786563,
        "mean": 0.00510451989248,
        "median": 0.00555401435122,
        "min": 3.18990667214e-12,
        "var": 4.22445191361e-06
    },
    "spectral_rolloff": {
        "dmean": 869.867675781,
        "dmean2": 1321.28234863,
        "dvar": 1670551.5,
        "dvar2": 2997687.75,
        "max": 18863.0859375,
        "mean": 2751.29443359,
        "median": 2196.38671875,
        "min": 43.06640625,
        "var": 5180912
    },
    "spectral_skewness": {
        "dmean": 0.205378308892,
        "dmean2": 0.33616939187,
        "dvar": 0.0853345096111,
        "dvar2": 0.264988064766,
        "max": 7.36682939529,
        "mean": 1.45483219624,
        "median": 1.32199406624,
        "min": 0.0126835666597,
        "var": 0.402436673641
    },
    "spectral_spread": {
        "dmean": 632401.5625,
        "dmean2": 914686.8125,
        "dvar": 708371415040,
        "dvar2": 1.28773586944e+12,
        "max": 41047384,
        "mean": 5568320.5,
        "median": 5799576,
        "min": 737698.625,
        "var": 4.49163296768e+12
    },
    "spectral_strongpeak": {
        "dmean": 0.761374652386,
        "dmean2": 1.28649961948,
        "dvar": 1.87869429588,
        "dvar2": 4.99529695511,
        "max": 16.7551441193,
        "mean": 1.50139200687,
        "median": 0.493615090847,
        "min": 0,
        "var": 4.52803421021
    },
    "zerocrossingrate": {
        "dmean": 0.0164237264544,
        "dmean2": 0.0165420752019,
        "dvar": 0.000396127958084,
        "dvar2": 0.000387359468732,
        "max": 0.8271484375,
        "mean": 0.0980921834707,
        "median": 0.0888671875,
        "min": 0.0048828125,
        "var": 0.00311700557359
    },
    "barkbands": {
        "dmean": [0.000297933234833, 0.00471908319741, 0.000991204055026, 0.00045669885003, 0.000465912802611, 0.000347399502061, 0.00030376855284, 0.000707074592356, 0.000814963306766, 0.000308059854433, 0.000441086711362, 0.000980255543254, 0.000747994810808, 0.000738672388252, 0.000659755256493, 0.000414135196479, 0.00037734900252, 0.000612167350482, 0.000394710194087, 0.000383333797799, 0.000261437438894, 0.000286208814941, 0.000278511404758, 0.000223913230002, 0.000224113173317, 8.93567630555e-05, 2.09411609831e-05],
        "dmean2": [0.000402773788664, 0.00758468732238, 0.00168467080221, 0.000827624637168, 0.000826084229629, 0.000549762917217, 0.000455525878351, 0.00102145969868, 0.00120840896852, 0.000473153835628, 0.000658608856611, 0.00142724520992, 0.00111967267003, 0.00115712231491, 0.0010825949721, 0.000675349903759, 0.000622818944976, 0.00101783545688, 0.000675737916026, 0.00067064864561, 0.00041948465514, 0.000458434777102, 0.000431081309216, 0.000339457328664, 0.000317301193718, 0.000125278442283, 3.15505494655e-05],
        "dvar": [3.9104460825e-07, 7.59116010158e-05, 1.03153324744e-05, 2.43637600761e-06, 2.02291312235e-06, 4.82950724745e-07, 3.72107791691e-07, 2.63600918515e-06, 2.50167181548e-06, 4.99621478411e-07, 1.61713774105e-06, 4.03358717449e-06, 3.67881193597e-06, 2.71622957371e-06, 2.02998080567e-06, 7.15247608696e-07, 5.60075704925e-07, 1.38718098697e-06, 4.51648162425e-07, 9.42232304624e-07, 2.27559795007e-07, 3.6245563706e-07, 3.00191402403e-07, 1.68755221353e-07, 1.4135650872e-07, 2.42633149128e-08, 1.71756642242e-09],
        "dvar2": [7.8042307905e-07, 0.000197478191694, 2.74216072285e-05, 6.92052799423e-06, 5.84923645874e-06, 1.2615300875e-06, 7.95536379883e-07, 5.46043429495e-06, 5.55240558242e-06, 1.08248752895e-06, 3.12308497996e-06, 7.95834785094e-06, 7.35772300686e-06, 6.01363854003e-06, 5.01823797094e-06, 1.69483485024e-06, 1.46377851706e-06, 3.83009501093e-06, 1.27478676859e-06, 3.25792575495e-06, 5.81137385325e-07, 9.47049329625e-07, 7.52487267164e-07, 4.09457442174e-07, 2.85653868559e-07, 4.93980429894e-08, 3.99465172052e-09],
        "max": [0.0175136737525, 0.0879925787449, 0.0408387705684, 0.0166491679847, 0.0144396647811, 0.0092947781086, 0.0127840545028, 0.0369825139642, 0.0265307668597, 0.0192152839154, 0.0452561825514, 0.0425704531372, 0.0281631164253, 0.0471486188471, 0.0217581447214, 0.0256531257182, 0.0147370966151, 0.0194152370095, 0.00843438412994, 0.0232788994908, 0.00670089852065, 0.00827317871153, 0.00693470006809, 0.0052283233963, 0.00403396366164, 0.00190341135021, 0.000525988813024],
        "mean": [0.000583838263992, 0.0124266846105, 0.00146841676906, 0.000493152125273, 0.000653541006614, 0.000758582667913, 0.000656659191009, 0.00128455471713, 0.0014662387548, 0.000489893951453, 0.000728821614757, 0.00143911677878, 0.00098343915306, 0.00106997275725, 0.000836903054733, 0.000599913822953, 0.000553275051061, 0.000975977047347, 0.000602931133471, 0.000582783308346, 0.00043564705993, 0.000443446391728, 0.000486197473947, 0.000413583882619, 0.000393999449443, 0.000173487045686, 3.64427287423e-05],
        "median": [2.70953714789e-05, 0.00317717390135, 0.000335948949214, 0.000129845633637, 0.000278302759398, 0.000402110861614, 0.00026470591547, 0.000281520799035, 0.000484494084958, 0.000205961783649, 0.00017824297538, 0.000462244963273, 0.000300174957374, 0.000395991693949, 0.000342656509019, 0.000299354607705, 0.000233593251323, 0.000289889692795, 0.00029854598688, 0.000351310998667, 0.000183475582162, 0.000151830550749, 0.000185836237506, 0.000145486061228, 0.000191222323338, 7.2280781751e-05, 7.97229131422e-06],
        "min": [2.84579394302e-23, 4.29450764984e-23, 3.78182284546e-23, 3.55125994433e-23, 9.58356569059e-23, 3.13197153797e-23, 2.43771540789e-23, 8.77368953085e-23, 8.73921946474e-23, 3.07116708602e-23, 5.34557960907e-23, 3.56105854341e-23, 1.18527651052e-22, 7.65777888501e-23, 5.98110173153e-23, 1.64155517272e-22, 1.84582533987e-22, 2.66679490342e-22, 2.86674021954e-22, 3.04521766432e-22, 4.62980874931e-22, 4.81252357621e-22, 5.94865241151e-22, 8.52714260385e-22, 1.22136398131e-21, 1.68682806415e-21, 2.19942599285e-21],
        "var": [1.31099727696e-06, 0.000219816967729, 9.33431783778e-06, 1.60869285537e-06, 1.46853199112e-06, 9.45381316342e-07, 1.16289038488e-06, 7.4151789704e-06, 6.0642905737e-06, 1.06080563e-06, 3.81883364753e-06, 6.91856894264e-06, 5.62175409868e-06, 4.40444637206e-06, 2.32893580687e-06, 1.02720639461e-06, 8.720970186e-07, 3.36206221618e-06, 7.79549282015e-07, 9.49047432641e-07, 3.36795039857e-07, 4.53852521787e-07, 5.12246856488e-07, 3.90844633102e-07, 3.11793343144e-07, 5.79939438694e-08, 3.4922151837e-09]
    },
    "erbbands": {
        "dmean": [0.209036231041, 0.887225985527, 1.09901046753, 1.35459172726, 1.46161794662, 1.53829228878, 2.3110897541, 2.93973040581, 3.53011655807, 7.65658092499, 18.9543304443, 16.5264949799, 9.6203918457, 12.7359371185, 20.7133674622, 30.7018604279, 37.5610427856, 28.3685836792, 30.7718067169, 33.4976081848, 24.1200618744, 22.2621116638, 30.9196968079, 28.7652072906, 19.4840240479, 14.8930034637, 11.0444698334, 10.4022855759, 9.91195487976, 9.52069377899, 8.04491043091, 5.48769187927, 3.30873537064, 2.42739629745, 1.72970807552, 0.454454958439, 0.160924717784, 0.0393497794867, 0.00336037878878, 5.84217559663e-05],
        "dmean2": [0.308351576328, 1.42955565453, 1.81412470341, 2.36131834984, 2.6498374939, 2.70193266869, 3.69857788086, 4.65357208252, 5.34003019333, 11.2615261078, 27.2036628723, 24.8304462433, 14.9580287933, 18.7351570129, 30.6854705811, 45.2035713196, 55.1489372253, 43.4606170654, 49.4649848938, 54.9394874573, 38.4008865356, 36.6761856079, 50.6865577698, 49.737361908, 34.4018363953, 25.4498844147, 18.0978050232, 16.6773967743, 16.0192337036, 14.8100128174, 12.589389801, 8.48377609253, 5.01920986176, 3.4801094532, 2.47801184654, 0.650905013084, 0.22877214849, 0.0577554628253, 0.00502848159522, 8.49487114465e-05],
        "dvar": [0.15331299603, 2.60275578499, 9.99935913086, 20.3515090942, 27.6375808716, 20.2635231018, 27.2552070618, 31.798160553, 42.1008872986, 280.710083008, 1453.21704102, 1098.35571289, 453.900512695, 748.066345215, 2219.0300293, 3915.98901367, 8741.58984375, 6074.80224609, 4366.54736328, 4182.86230469, 2907.37133789, 1590.6439209, 3658.60668945, 3152.0625, 2244.80029297, 623.824829102, 375.137664795, 442.43927002, 447.417816162, 378.657165527, 253.620651245, 107.444633484, 34.9867134094, 15.4243869781, 10.0516233444, 0.601160943508, 0.0800362899899, 0.00666891178116, 4.2432173359e-05, 1.07018607309e-08],
        "dvar2": [0.368154168129, 7.01080036163, 25.6448192596, 56.6055984497, 78.9188232422, 58.7003746033, 74.165687561, 81.2523727417, 83.6901397705, 614.998291016, 3017.11450195, 2479.75952148, 1073.79064941, 1429.25012207, 4267.96777344, 8090.06152344, 17301.7753906, 12744.5507812, 10766.5878906, 10574.3964844, 6856.42089844, 4170.48681641, 9418.77832031, 9530.55273438, 7732.68798828, 1887.1081543, 982.831359863, 1146.94042969, 1180.76989746, 972.919128418, 646.377807617, 265.735473633, 83.0533828735, 33.0245323181, 20.6660823822, 1.27208578587, 0.165281668305, 0.0151560166851, 9.52156551648e-05, 2.33721895171e-08],
        "max": [4.34018421173, 22.3222446442, 41.3377609253, 52.9692459106, 69.0728607178, 49.0559997559, 60.4302062988, 71.9791183472, 134.830795288, 306.817749023, 646.684509277, 640.696777344, 453.110626221, 667.051574707, 1413.87927246, 1216.94702148, 1405.28942871, 3086.87182617, 1760.90136719, 1141.78161621, 1731.15515137, 719.490966797, 1032.38525391, 784.172668457, 1074.0369873, 425.446411133, 401.974578857, 343.667144775, 357.153961182, 284.008178711, 211.202865601, 117.39478302, 78.0673751831, 40.5399169922, 34.1414108276, 9.73097705841, 3.51277375221, 0.984131872654, 0.0813553333282, 0.00126155221369],
        "mean": [0.498747617006, 2.22137522697, 1.94633603096, 1.82190811634, 1.59069848061, 2.24313354492, 4.56418991089, 6.60237121582, 8.46708965302, 14.9125175476, 35.591796875, 29.4203071594, 16.848695755, 24.0399494171, 33.9910163879, 46.4068069458, 52.7733039856, 45.6950492859, 42.0808601379, 45.5641479492, 37.4450149536, 35.1667633057, 51.2416687012, 45.5214118958, 28.8846073151, 25.3318519592, 17.9278011322, 16.7384147644, 15.710021019, 14.9750566483, 14.1700382233, 9.7888841629, 6.04937505722, 4.33471345901, 2.88849854469, 0.889629483223, 0.299766153097, 0.0706413388252, 0.00580489588901, 0.000136382266646],
        "median": [0.0897621065378, 0.588221669197, 0.877347648144, 0.648782372475, 0.557197093964, 0.999132692814, 2.10461235046, 3.59209775925, 3.75613927841, 5.40358638763, 9.86855888367, 11.5806045532, 8.52086830139, 9.51749324799, 14.5038976669, 19.0997428894, 17.6916694641, 17.6995620728, 19.7381305695, 20.7047653198, 19.8531684875, 18.4691047668, 18.6739883423, 19.0120620728, 17.3148078918, 16.8896045685, 9.15005302429, 6.552318573, 5.68190097809, 5.52833271027, 5.1120672226, 3.49350070953, 2.07758808136, 1.93592905998, 1.37704658508, 0.409031927586, 0.121635749936, 0.0210125185549, 0.00132665922865, 6.97492796462e-05],
        "min": [2.58739652031e-21, 5.00180000929e-21, 3.30435874936e-20, 9.6147021845e-20, 2.41098591635e-19, 3.12537062961e-19, 2.17771322879e-19, 2.44072331786e-19, 3.36045432572e-19, 8.8820689622e-19, 2.27960450946e-18, 1.91733476314e-18, 5.43536554798e-19, 1.998012997e-18, 1.97446026983e-18, 1.792090933e-18, 4.26098600627e-18, 3.98598484855e-18, 4.40693871664e-18, 4.53199560395e-18, 9.40941604145e-18, 1.1490911001e-17, 1.21710875566e-17, 1.6522077431e-17, 1.40012643666e-17, 1.3768682685e-17, 1.44875820467e-17, 2.32654887038e-17, 1.67627671369e-17, 2.08604594185e-17, 1.38373750718e-17, 1.47410947064e-17, 1.54219718841e-17, 9.98482603659e-18, 9.78658723971e-18, 5.38423234444e-18, 3.74193720293e-18, 1.3630865296e-18, 3.15846483345e-19, 3.11914040863e-20],
        "var": [0.47764056921, 6.61782979965, 10.7263879776, 14.9492292404, 17.2182197571, 15.1612892151, 41.2898406982, 68.5031356812, 187.619171143, 726.475646973, 3795.94506836, 2283.43676758, 896.308837891, 2463.2890625, 4319.64550781, 6327.86230469, 13767.8193359, 10455.2285156, 5439.75537109, 5404.98242188, 4278.81542969, 2522.11962891, 9774.30175781, 4925.76611328, 2189.74023438, 928.74420166, 517.004577637, 581.577819824, 558.502502441, 492.400848389, 459.471679688, 221.874404907, 83.3698272705, 36.7606086731, 18.8335456848, 1.41873252392, 0.182261437178, 0.0127298878506, 8.932097262e-05, 2.69489941473e-08]
    },
    "gfcc": {
        "mean": [12.0505561829, 38.6934623718, -125.674537659, 23.506975174, -50.1375732422, 22.6727809906, -30.8257102966, 20.2951889038, -19.576089859, 11.4634332657, -11.8779001236, 2.74184441566, -13.0825300217],
        "cov": [[19432.3925781, -1010.61663818, 2743.97070312, 2530.89477539, 142.286865234, 702.626831055, -428.034912109, 161.040969849, -431.331115723, 288.394866943, -234.677841187, 640.97052002, -246.380966187], [-1010.61663818, 2204.7956543, -565.126037598, -246.857452393, 349.340240479, -392.189941406, 82.2904281616, -160.317886353, -59.5385742188, -159.245849609, 177.792785645, -242.281600952, 164.242950439], [2743.97070312, -565.126037598, 1899.93334961, 823.957580566, 257.15335083, 612.564575195, 212.825027466, 322.639465332, 221.266967773, 286.44708252, -47.4693336487, 314.33190918, -91.3625946045], [2530.89477539, -246.857452393, 823.957580566, 868.843261719, 267.7734375, 309.28326416, 96.0934143066, 226.435745239, 19.6660652161, 62.8055038452, 14.2450523376, 134.023483276, -55.2658996582], [142.286865234, 349.340240479, 257.15335083, 267.7734375, 534.880187988, 259.019439697, 185.085510254, 89.3341064453, 28.3935546875, 33.8946037292, 59.9404335022, -23.7044029236, 37.556842804], [702.626831055, -392.189941406, 612.564575195, 309.28326416, 259.019439697, 535.36541748, 194.309463501, 137.3230896, 97.4665145874, 179.998809814, -33.1046714783, 94.1138305664, -2.44822025299], [-428.034912109, 82.2904281616, 212.825027466, 96.0934143066, 185.085510254, 194.309463501, 276.184265137, 143.776657104, 164.386962891, 106.771484375, 71.2867126465, 31.6696777344, 26.7955608368], [161.040969849, -160.317886353, 322.639465332, 226.435745239, 89.3341064453, 137.3230896, 143.776657104, 268.104095459, 139.766189575, 81.0636825562, 47.1192855835, 87.4399032593, -29.199382782], [-431.331115723, -59.5385742188, 221.266967773, 19.6660652161, 28.3935546875, 97.4665145874, 164.386962891, 139.766189575, 261.880981445, 146.966018677, 55.1920814514, 84.2463150024, 16.0514507294], [288.394866943, -159.245849609, 286.44708252, 62.8055038452, 33.8946037292, 179.998809814, 106.771484375, 81.0636825562, 146.966018677, 204.172805786, 40.352935791, 93.6863861084, 18.5088481903], [-234.677841187, 177.792785645, -47.4693336487, 14.2450523376, 59.9404335022, -33.1046714783, 71.2867126465, 47.1192855835, 55.1920814514, 40.352935791, 132.714431763, 37.8303413391, 37.0866470337], [640.97052002, -242.281600952, 314.33190918, 134.023483276, -23.7044029236, 94.1138305664, 31.6696777344, 87.4399032593, 84.2463150024, 93.6863861084, 37.8303413391, 171.926361084, 20.3783054352], [-246.380966187, 164.242950439, -91.3625946045, -55.2658996582, 37.556842804, -2.44822025299, 26.7955608368, -29.199382782, 16.0514507294, 18.5088481903, 37.0866470337, 20.3783054352, 109.589988708]],
        "icov": [[0.000139464638778, -0.000105637598608, 3.65649466403e-05, -0.000446793448646, 6.54637115076e-05, 7.52398773329e-05, 8.70793519425e-05, 0.000170002211235, 0.000394788570702, -0.000518133630976, 0.000405743398005, -0.000555123900995, 0.000275883328868], [-0.000105637598608, 0.00126859534066, -0.000466109922854, 0.000476933899336, -0.00101609923877, 0.00142716732807, -0.000546248629689, 0.000239830318606, -0.000252621102845, 0.0003492597898, -0.00120711058844, 0.00212189625017, -0.0017172988737], [3.65649466403e-05, -0.000466109922854, 0.00193478167057, -0.00114271510392, -5.78845138079e-05, -0.000808552722447, -0.000231258527492, 0.000175638750079, -0.000245040107984, -0.00101359200198, 0.00212432863191, -0.00308200903237, 0.00198387587443], [-0.000446793448646, 0.000476933899336, -0.00114271510392, 0.00427750730887, -0.00106611358933, -0.00053868960822, 0.000347526918631, -0.00209482735954, -0.00013362817117, 0.00250908965245, -0.00234234309755, 0.00153869902715, -0.000702219491359], [6.54637115076e-05, -0.00101609923877, -5.78845138079e-05, -0.00106611358933, 0.00516771618277, -0.00346391811036, -0.000378131691832, -0.000191817249288, 0.000130107146106, 0.00163989630528, -0.00221456866711, 0.00163472385611, -0.000573476369027], [7.52398773329e-05, 0.00142716732807, -0.000808552722447, -0.00053868960822, -0.00346391811036, 0.00907940696925, -0.00457436544821, 0.000351366004907, 0.00335807888769, -0.00592522602528, 0.00510726263747, -0.000525315583218, -0.00143527449109], [8.70793519425e-05, -0.000546248629689, -0.000231258527492, 0.000347526918631, -0.000378131691832, -0.00457436544821, 0.0123603716493, -0.002699440578, -0.00537635106593, 0.00168863567524, -0.00482231937349, 0.00352769717574, -0.00123892538249], [0.000170002211235, 0.000239830318606, 0.000175638750079, -0.00209482735954, -0.000191817249288, 0.000351366004907, -0.002699440578, 0.00912692863494, -0.00256820349023, 0.000808739569038, -0.000645299791358, -0.00277302181348, 0.00325178587809], [0.000394788570702, -0.000252621102845, -0.000245040107984, -0.00013362817117, 0.000130107146106, 0.00335807888769, -0.00537635106593, -0.00256820349023, 0.0129657965153, -0.00790055654943, 0.00342790898867, -0.00367470527999, 0.000613735755906], [-0.000518133630976, 0.0003492597898, -0.00101359200198, 0.00250908965245, 0.00163989630528, -0.00592522602528, 0.00168863567524, 0.000808739569038, -0.00790055654943, 0.016861518845, -0.00723861670122, 0.00154433702119, -0.00168787944131], [0.000405743398005, -0.00120711058844, 0.00212432863191, -0.00234234309755, -0.00221456866711, 0.00510726263747, -0.00482231937349, -0.000645299791358, 0.00342790898867, -0.00723861670122, 0.0190489515662, -0.00922295171767, 0.00118032272439], [-0.000555123900995, 0.00212189625017, -0.00308200903237, 0.00153869902715, 0.00163472385611, -0.000525315583218, 0.00352769717574, -0.00277302181348, -0.00367470527999, 0.00154433702119, -0.00922295171767, 0.0206202641129, -0.00883070379496], [0.000275883328868, -0.0017172988737, 0.00198387587443, -0.000702219491359, -0.000573476369027, -0.00143527449109, -0.00123892538249, 0.00325178587809, 0.000613735755906, -0.00168787944131, 0.00118032272439, -0.00883070379496, 0.0163902901113]]
    },
    "melbands": {
        "dmean": [0.00153811729979, 0.000660581921693, 0.000232750535361, 0.00010581195238, 7.72156126914e-05, 6.60347868688e-05, 5.39652064617e-05, 0.000103291058622, 0.000171596882865, 9.57838929025e-05, 4.9807898904e-05, 5.17906846653e-05, 6.78270516801e-05, 8.75243422342e-05, 0.00010068735719, 7.73754218244e-05, 5.54158468731e-05, 5.52760429855e-05, 5.92454562138e-05, 2.91531578114e-05, 2.77133913187e-05, 2.3990718546e-05, 2.84115922113e-05, 2.82100590994e-05, 2.48656142503e-05, 1.39784951898e-05, 1.83330175787e-05, 8.6039690359e-06, 8.00854195404e-06, 6.27818462817e-06, 5.82486472922e-06, 5.82626216783e-06, 6.18563353783e-06, 5.39001939615e-06, 5.37125833944e-06, 3.60577610081e-06, 3.52687698069e-06, 2.50299899562e-06, 2.03660124498e-06, 2.08499727705e-06],
        "dmean2": [0.00236457725987, 0.00106614385732, 0.000402077450417, 0.000191345665371, 0.000125039849081, 0.000103825303086, 8.16306564957e-05, 0.000149226747453, 0.000247514224611, 0.000145040918142, 7.72067360231e-05, 7.63628195273e-05, 0.000101159108453, 0.000127641105792, 0.000150386666064, 0.000114228067105, 8.57059058035e-05, 8.87324640644e-05, 9.72018315224e-05, 4.77305184177e-05, 4.43006138084e-05, 3.97964722652e-05, 4.68367070425e-05, 4.7233843361e-05, 4.31197549915e-05, 2.38990141952e-05, 3.2994797948e-05, 1.45563799379e-05, 1.32769309857e-05, 1.01986097434e-05, 9.44420389715e-06, 9.6058811323e-06, 1.00728202597e-05, 8.51823642734e-06, 8.54916379467e-06, 5.79706693316e-06, 5.58116835236e-06, 3.8622692955e-06, 3.13281361741e-06, 3.01860836771e-06],
        "dvar": [8.01461192168e-06, 1.72506133822e-06, 5.62789352898e-07, 1.20500089906e-07, 3.34170024985e-08, 1.58401185502e-08, 9.12748543413e-09, 5.53642784951e-08, 1.16231753111e-07, 3.64844687795e-08, 1.2726430576e-08, 1.12650573314e-08, 3.21583399909e-08, 4.65703742236e-08, 5.74652219143e-08, 5.80090784297e-08, 1.96524538865e-08, 1.86112689704e-08, 2.02774543823e-08, 2.99309332874e-09, 4.13902023766e-09, 2.09108308447e-09, 3.00732816427e-09, 3.36118843869e-09, 2.46962117423e-09, 5.92023430279e-10, 3.6025999961e-09, 1.78558751118e-10, 2.07190098411e-10, 1.43194664459e-10, 1.45572359722e-10, 1.68160763092e-10, 1.63001778741e-10, 1.19856319314e-10, 1.17295340107e-10, 4.99845893842e-11, 4.6369835055e-11, 2.03368207691e-11, 1.22418186699e-11, 1.19017590922e-11],
        "dvar2": [2.02925166377e-05, 4.43313592768e-06, 1.53589053298e-06, 3.48136580897e-07, 9.247050059e-08, 4.0436777482e-08, 1.90586693094e-08, 1.16272531159e-07, 2.41086382857e-07, 8.43332657041e-08, 2.9536039392e-08, 2.19826148395e-08, 6.20959283992e-08, 8.63420552832e-08, 1.2650495762e-07, 1.11670274805e-07, 4.12804475047e-08, 4.53772948106e-08, 4.93752452257e-08, 7.59117391169e-09, 9.84970238704e-09, 5.53074874787e-09, 7.81973508168e-09, 9.63136947973e-09, 7.47034611948e-09, 1.68600577943e-09, 1.29002870608e-08, 4.91745699716e-10, 5.53191381591e-10, 3.66832786369e-10, 3.8142966563e-10, 4.54835197283e-10, 4.23724777487e-10, 3.08015390971e-10, 3.04263059192e-10, 1.25673915718e-10, 1.17140866451e-10, 4.85604959022e-11, 2.90916856577e-11, 2.4921877062e-11],
        "max": [0.0286282543093, 0.0223033707589, 0.00826020073146, 0.00399999273941, 0.00210110493936, 0.00155860406812, 0.00173208478373, 0.0053384527564, 0.00530677242205, 0.00350299454294, 0.00253381719813, 0.00248300121166, 0.00678486609831, 0.00593259371817, 0.00378365628421, 0.00449040159583, 0.00520381610841, 0.00354856369086, 0.00228909240104, 0.0010282312287, 0.00200042687356, 0.000892673619092, 0.000944889907259, 0.000847610179335, 0.000658834993374, 0.000296806392726, 0.00143306143582, 0.000213789739064, 0.000373590912204, 0.000164006807609, 0.000195083819563, 0.000256383209489, 0.000214324565604, 0.000143346594996, 0.00016671505, 9.71783520072e-05, 8.52265511639e-05, 6.14928794676e-05, 4.86709650431e-05, 4.05343598686e-05],
        "mean": [0.00391241535544, 0.00165938190185, 0.000314761535265, 0.00013058084005, 0.000152662978508, 0.000151693806401, 0.000125207341625, 0.000197226254386, 0.000318418897223, 0.000168444719748, 8.26793329907e-05, 9.56576768658e-05, 0.000111234367068, 0.000132577915792, 0.00014077994274, 9.8823227745e-05, 8.58516723383e-05, 7.07523795427e-05, 7.17782313586e-05, 4.25697762694e-05, 4.00498975068e-05, 3.3870794141e-05, 4.35456859122e-05, 4.34688117821e-05, 3.71991191059e-05, 2.18909353862e-05, 2.3045549824e-05, 1.4468037989e-05, 1.19926380648e-05, 9.52198388404e-06, 9.07058620214e-06, 8.77788534126e-06, 8.86089674168e-06, 8.34708498587e-06, 8.86906946107e-06, 6.38700294076e-06, 5.86678652326e-06, 4.40589610662e-06, 3.57371686732e-06, 3.58045735993e-06],
        "median": [0.000956806645263, 0.000982054858468, 0.0001186576701, 5.41328008694e-05, 7.61540140957e-05, 8.52382218e-05, 5.82759785175e-05, 5.24586066604e-05, 9.28755907807e-05, 6.21752551524e-05, 3.72249123757e-05, 3.76999887521e-05, 4.48486825917e-05, 3.81496138289e-05, 4.09452004533e-05, 2.47129937634e-05, 3.18288366543e-05, 2.67092109425e-05, 2.56107814494e-05, 2.23656334128e-05, 1.75828354259e-05, 1.41160526255e-05, 1.50929608935e-05, 1.28927895275e-05, 1.44012501551e-05, 1.09705288196e-05, 1.15872016977e-05, 9.48194974626e-06, 5.78104027227e-06, 3.79820835406e-06, 3.53023324351e-06, 3.12211250275e-06, 2.69527663477e-06, 3.36834114023e-06, 3.25536257151e-06, 1.97737381313e-06, 2.17443334805e-06, 1.44618047671e-06, 1.34397828333e-06, 1.57996066719e-06],
        "min": [1.77423368836e-23, 1.33814790897e-23, 1.93269833151e-23, 2.34411769258e-23, 8.46057265154e-24, 5.60345808121e-24, 5.50986367911e-24, 1.19313129322e-23, 2.05692420256e-23, 1.08021776644e-23, 2.17465601287e-24, 7.519992495e-24, 7.29635910584e-24, 3.74469076822e-24, 6.74032970794e-24, 1.17757290513e-23, 6.73333645601e-24, 7.31579427196e-24, 5.48078587171e-24, 9.35434653513e-24, 1.03587834042e-23, 1.16887831689e-23, 8.83169778643e-24, 1.43696914566e-23, 1.37338017249e-23, 9.33870263452e-24, 9.86462515598e-24, 9.49188522282e-24, 9.07209920299e-24, 9.82133168064e-24, 1.50100492964e-23, 9.11218516989e-24, 9.06325764996e-24, 1.36242557664e-23, 7.54309507547e-24, 6.5929026488e-24, 1.06616531381e-23, 9.99163491716e-24, 1.19971323307e-23, 7.05062341184e-24],
        "var": [2.41732850554e-05, 3.73772877538e-06, 4.22872261652e-07, 7.70540538042e-08, 4.52481430102e-08, 3.47094015751e-08, 3.53573952339e-08, 1.57305663606e-07, 2.88477451704e-07, 7.57858913403e-08, 2.57750656374e-08, 3.59124427973e-08, 6.56899885598e-08, 8.62218030306e-08, 8.58979163354e-08, 8.78017374362e-08, 3.5818331412e-08, 2.28560104176e-08, 2.20360032444e-08, 4.13829592816e-09, 5.90510884635e-09, 3.077760935e-09, 5.9093459015e-09, 6.88935308801e-09, 3.57018770103e-09, 1.00241792644e-09, 2.86037016295e-09, 2.86040385822e-10, 2.67618649463e-10, 1.87179299838e-10, 1.81785100861e-10, 1.88822193992e-10, 2.00213762236e-10, 1.52746024162e-10, 1.91887894463e-10, 1.00905200862e-10, 8.64296342828e-11, 4.69805999659e-11, 2.75204928291e-11, 2.67111697344e-11]
    },
    "mfcc": {
        "mean": [-625.826782227, 78.1028518677, -12.6532077789, 10.0258874893, 4.85484695435, 4.24691963196, 6.89003944397, 6.72336626053, 1.86336326599, 9.76196193695, 4.37539243698, 4.78804206848, 3.91958069801],
        "cov": [[10176.4277344, -111.814865112, 1015.9831543, 509.57989502, 191.265197754, 427.254180908, -27.6700706482, 259.937072754, 132.58505249, 17.107585907, 254.882659912, 182.044036865, 90.2663574219], [-111.814865112, 1937.76220703, -558.300170898, 84.5232162476, 66.1202545166, -160.248062134, 126.38293457, -184.11869812, -116.244194031, 4.47399187088, -195.119110107, -54.8391304016, 9.43980312347], [1015.9831543, -558.300170898, 1244.59313965, 310.895782471, 173.246307373, 335.781036377, 27.991317749, 276.558044434, 250.629592896, 103.776672363, 299.876983643, 160.331726074, 115.992698669], [509.57989502, 84.5232162476, 310.895782471, 398.088226318, 211.293685913, 51.3948402405, 126.627235413, 195.678314209, 76.2345352173, 84.0009841919, 118.680831909, 64.5383148193, 35.8539390564], [191.265197754, 66.1202545166, 173.246307373, 211.293685913, 335.963806152, 198.425186157, 191.857147217, 146.671905518, 96.5909042358, 81.359664917, 56.5555763245, 46.1372184753, 52.4824409485], [427.254180908, -160.248062134, 335.781036377, 51.3948402405, 198.425186157, 431.152679443, 168.667785645, 90.7682037354, 187.898193359, 96.7743759155, 95.2112808228, 79.8756332397, 86.2202529907], [-27.6700706482, 126.38293457, 27.991317749, 126.627235413, 191.857147217, 168.667785645, 273.614898682, 117.813926697, 72.5783843994, 102.128890991, 30.3752689362, 38.3169555664, 44.6021194458], [259.937072754, -184.11869812, 276.558044434, 195.678314209, 146.671905518, 90.7682037354, 117.813926697, 234.736816406, 115.164756775, 80.97290802, 124.753852844, 69.0120620728, 44.2116203308], [132.58505249, -116.244194031, 250.629592896, 76.2345352173, 96.5909042358, 187.898193359, 72.5783843994, 115.164756775, 197.812835693, 102.781677246, 101.92742157, 77.7913665771, 68.1938934326], [17.107585907, 4.47399187088, 103.776672363, 84.0009841919, 81.359664917, 96.7743759155, 102.128890991, 80.97290802, 102.781677246, 136.012908936, 88.1677780151, 56.3876228333, 47.947845459], [254.882659912, -195.119110107, 299.876983643, 118.680831909, 56.5555763245, 95.2112808228, 30.3752689362, 124.753852844, 101.92742157, 88.1677780151, 208.055709839, 105.148414612, 55.191116333], [182.044036865, -54.8391304016, 160.331726074, 64.5383148193, 46.1372184753, 79.8756332397, 38.3169555664, 69.0120620728, 77.7913665771, 56.3876228333, 105.148414612, 127.946075439, 70.8027496338], [90.2663574219, 9.43980312347, 115.992698669, 35.8539390564, 52.4824409485, 86.2202529907, 44.6021194458, 44.2116203308, 68.1938934326, 47.947845459, 55.191116333, 70.8027496338, 113.587028503]],
