{
"lowlevel": {
    "average_loudness": 0.771046698093,
    "barkbands_crest": {
        "dmean": 2.51302242279,
        "dmean2": 4.03670406342,
        "dvar": 6.43215084076,
        "dvar2": 16.4640369415,
        "max": 25.9692153931,
        "mean": 11.6088132858,
        "median": 11.4216852188,
        "min": 1.91255581379,
        "var": 21.5861682892
    },
    "barkbands_flatness_db": {
        "dmean": 0.0182371307164,
        "dmean2": 0.0293037611991,
        "dvar": 0.000350174494088,
        "dvar2": 0.000907585257664,
        "max": 0.596929371357,
        "mean": 0.12800617516,
        "median": 0.098297432065,
        "min": 0.0176235772669,
        "var": 0.00698870420456
    },
    "barkbands_kurtosis": {
        "dmean": 1.63568019867,
        "dmean2": 2.65279698372,
        "dvar": 8.3224105835,
        "dvar2": 20.5981006622,
        "max": 88.5117263794,
        "mean": 2.52385139465,
        "median": 1.1077003479,
        "min": -1.91379451752,
        "var": 32.5380630493
    },
    "barkbands_skewness": {
        "dmean": 0.396304398775,
        "dmean2": 0.63423460722,
        "dvar": 0.179275736213,
        "dvar2": 0.431403160095,
        "max": 9.00361633301,
        "mean": 1.3043192625,
        "median": 1.2441034317,
        "min": -5.57615709305,
        "var": 1.00304329395
    },
    "barkbands_spread": {
        "dmean": 5.38942575455,
        "dmean2": 8.86835479736,
        "dvar": 49.7224464417,
        "dvar2": 143.01701355,
        "max": 104.277648926,
        "mean": 26.4958000183,
        "median": 27.3920879364,
        "min": 0.844461917877,
        "var": 182.162231445
    },
    "dissonance": {
        "dmean": 0.0210358630866,
        "dmean2": 0.0356559604406,
        "dvar": 0.000517920649145,
        "dvar2": 0.00139123038389,
        "max": 0.500000178814,
        "mean": 0.460105478764,
        "median": 0.470792263746,
        "min": 0.158595919609,
        "var": 0.00158465851564
    },
    "dynamic_complexity": 2.7854654789,
    "erbbands_crest": {
        "dmean": 2.75743365288,
        "dmean2": 4.60725927353,
        "dvar": 9.92985630035,
        "dvar2": 27.9153747559,
        "max": 31.0957660675,
        "mean": 9.00580024719,
        "median": 7.62928915024,
        "min": 2.27727556229,
        "var": 22.4147701263
    },
    "erbbands_flatness_db": {
        "dmean": 0.0137461340055,
        "dmean2": 0.021323191002,
        "dvar": 0.000213188919588,
        "dvar2": 0.000499467190821,
        "max": 0.581734001637,
        "mean": 0.14924223721,
        "median": 0.110373474658,
        "min": 0.0508984662592,
        "var": 0.00838577188551
    },
    "erbbands_kurtosis": {
        "dmean": 0.75403547287,
        "dmean2": 1.19110274315,
        "dvar": 1.61204957962,
        "dvar2": 3.39820361137,
        "max": 40.6896629333,
        "mean": 0.330518186092,
        "median": -0.348474979401,
        "min": -1.87095558643,
        "var": 5.59902191162
    },
    "erbbands_skewness": {
        "dmean": 0.314191311598,
        "dmean2": 0.507720291615,
        "dvar": 0.110617563128,
        "dvar2": 0.297327935696,
        "max": 3.94396162033,
        "mean": 0.465434640646,
        "median": 0.427430152893,
        "min": -3.94313240051,
        "var": 0.328373342752
    },
    "erbbands_spread": {
        "dmean": 6.38022613525,
        "dmean2": 9.8887090683,
        "dvar": 52.4751701355,
        "dvar2": 115.57346344,
        "max": 139.207946777,
        "mean": 39.5598068237,
        "median": 42.2644348145,
        "min": 0.666524648666,
        "var": 359.596984863
    },
    "hfc": {
        "dmean": 8.43197822571,
        "dmean2": 12.2069864273,
        "dvar": 169.283401489,
        "dvar2": 355.41027832,
        "max": 184.730865479,
        "mean": 35.0969581604,
        "median": 32.0263366699,
        "min": 1.11941518499e-16,
        "var": 598.929016113
    },
    "melbands_crest": {
        "dmean": 3.17058563232,
        "dmean2": 5.14809608459,
        "dvar": 11.8780536652,
        "dvar2": 32.0595397949,
        "max": 37.8261108398,
        "mean": 16.4984016418,
        "median": 15.8194856644,
        "min": 2.62446951866,
        "var": 42.6172142029
    },
    "melbands_flatness_db": {
        "dmean": 0.0221897251904,
        "dmean2": 0.0356518775225,
        "dvar": 0.000573494064156,
        "dvar2": 0.00145757605787,
        "max": 0.653673052788,
        "mean": 0.194123029709,
        "median": 0.168299973011,
        "min": 0.00858730543405,
        "var": 0.00817265361547
    },
    "melbands_kurtosis": {
        "dmean": 4.78646230698,
        "dmean2": 7.8254776001,
        "dvar": 97.8519821167,
        "dvar2": 239.384231567,
        "max": 419.58605957,
        "mean": 10.4687175751,
        "median": 6.68864250183,
        "min": -1.92958331108,
        "var": 333.119476318
    },
    "melbands_skewness": {
        "dmean": 0.602285563946,
        "dmean2": 0.950216591358,
        "dvar": 0.480587393045,
        "dvar2": 1.14083659649,
        "max": 18.6181488037,
        "mean": 2.33450508118,
        "median": 2.1885304451,
        "min": -3.80919289589,
        "var": 2.40761470795
    },
    "melbands_spread": {
        "dmean": 5.78959751129,
        "dmean2": 9.48739337921,
        "dvar": 49.4219589233,
        "dvar2": 128.860458374,
        "max": 135.63633728,
        "mean": 23.763376236,
        "median": 23.4397449493,
        "min": 1.01102006435,
        "var": 138.299514771
    },
    "pitch_salience": {
        "dmean": 0.0700519457459,
        "dmean2": 0.113352976739,
        "dvar": 0.00471878843382,
        "dvar2": 0.0126952985302,
        "max": 0.84369802475,
        "mean": 0.500131905079,
        "median": 0.502030670643,
        "min": 0.0693457871675,
        "var": 0.0142595171928
    },
    "silence_rate_20dB": {
        "dmean": 0,
        "dmean2": 0,
        "dvar": 0,
        "dvar2": 0,
        "max": 1,
        "mean": 1,
        "median": 1,
        "min": 1,
        "var": 0
    },
    "silence_rate_30dB": {
        "dmean": 0.00943168066442,
        "dmean2": 0.0188656430691,
        "dvar": 0.00934209488332,
        "dvar2": 0.0245556235313,
        "max": 1,
        "mean": 0.988514065742,
        "median": 1,
        "min": 0,
        "var": 0.0113549111411
    },
    "silence_rate_60dB": {
        "dmean": 0.00386940757744,
        "dmean2": 0.00773975066841,
        "dvar": 0.00385454692878,
        "dvar2": 0.0088895605877,
        "max": 1,
        "mean": 0.029863378033,
        "median": 0,
        "min": 0,
        "var": 0.0289722904563
    },
    "spectral_centroid": {
        "dmean": 216.297714233,
        "dmean2": 356.808837891,
        "dvar": 59526.5039062,
        "dvar2": 157093.109375,
        "max": 11200.0253906,
        "mean": 1485.9675293,
        "median": 1552.77502441,
        "min": 332.86706543,
        "var": 291773.875
    },
    "spectral_complexity": {
        "dmean": 4.32164430618,
        "dmean2": 6.43681240082,
        "dvar": 20.1729831696,
        "dvar2": 38.1775054932,
        "max": 57,
        "mean": 24.4982471466,
        "median": 25,
        "min": 0,
        "var": 133.751541138
    },
    "spectral_decrease": {
        "dmean": 2.57855270469e-09,
        "dmean2": 4.02188682358e-09,
        "dvar": 1.03602866254e-17,
        "dvar2": 2.30381381125e-17,
        "max": -9.70439141434e-31,
        "mean": -1.00187573793e-08,
        "median": -8.08343703085e-09,
        "min": -3.72711923546e-08,
        "var": 4.69914655459e-17
    },
    "spectral_energy": {
        "dmean": 0.0102987587452,
        "dmean2": 0.0159613061696,
        "dvar": 0.000161544434377,
        "dvar2": 0.00035376631422,
        "max": 0.147890552878,
        "mean": 0.0409965999424,
        "median": 0.0338814221323,
        "min": 1.01570929132e-20,
        "var": 0.000749505648855
    },
    "spectral_energyband_high": {
        "dmean": 0.000573249475565,
        "dmean2": 0.000846166338306,
        "dvar": 1.1488355085e-06,
        "dvar2": 2.50389985013e-06,
        "max": 0.0168456379324,
        "mean": 0.0020624587778,
        "median": 0.00184931687545,
        "min": 7.23692078428e-21,
        "var": 3.5283201214e-06
    },
    "spectral_energyband_low": {
        "dmean": 0.00565615529194,
        "dmean2": 0.00945321470499,
        "dvar": 0.000108038730104,
        "dvar2": 0.000261082255747,
        "max": 0.115805588663,
        "mean": 0.018511204049,
        "median": 0.00591383222491,
        "min": 3.2263574831e-23,
        "var": 0.000446242833277
    },
    "spectral_energyband_middle_high": {
        "dmean": 0.00246875151061,
        "dmean2": 0.00374877802096,
        "dvar": 1.1083409845e-05,
        "dvar2": 2.40704121097e-05,
        "max": 0.0753314495087,
        "mean": 0.00741763971746,
        "median": 0.0069801947102,
        "min": 1.47190256973e-21,
        "var": 3.91627036151e-05
    },
    "spectral_energyband_middle_low": {
        "dmean": 0.00492548430339,
        "dmean2": 0.00772057427093,
        "dvar": 3.93841000914e-05,
        "dvar2": 9.6066192782e-05,
        "max": 0.091937020421,
        "mean": 0.013666193001,
        "median": 0.0119597604498,
        "min": 4.37558753098e-22,
        "var": 9.3030379503e-05
    },
    "spectral_entropy": {
        "dmean": 0.11702811718,
        "dmean2": 0.182432606816,
        "dvar": 0.015324014239,
        "dvar2": 0.0344563424587,
        "max": 9.79176044464,
        "mean": 7.74627733231,
        "median": 8.01672554016,
        "min": 4.00239658356,
        "var": 0.459697574377
    },
    "spectral_flux": {
        "dmean": 0.0253400504589,
        "dmean2": 0.0395109653473,
        "dvar": 0.000778322049882,
        "dvar2": 0.00164248608053,
        "max": 0.314531177282,
        "mean": 0.0876170173287,
        "median": 0.0808245465159,
        "min": 1.00782403256e-10,
        "var": 0.0020214735996
    },
    "spectral_kurtosis": {
        "dmean": 2.73422002792,
        "dmean2": 4.6743144989,
        "dvar": 68.8899993896,
        "dvar2": 199.707260132,
        "max": 171.367218018,
        "mean": 8.33992767334,
        "median": 2.69852161407,
        "min": -1.24333441257,
        "var": 329.173370361
    },
    "spectral_rms": {
        "dmean": 0.00080764683662,
        "dmean2": 0.00123322883155,
        "dvar": 8.4148393853e-07,
        "dvar2": 1.82344422228e-06,
        "max": 0.0120118055493,
        "mean": 0.00589779252186,
        "median": 0.00574935181066,
        "min": 3.1479133536e-12,
        "var": 5.21264973941e-06
    },
    "spectral_rolloff": {
        "dmean": 610.891052246,
        "dmean2": 1065.48522949,
        "dvar": 1086240.625,
        "dvar2": 3172050,
        "max": 18927.6855469,
        "mean": 1522.72119141,
        "median": 1227.39257812,
        "min": 43.06640625,
        "var": 1374072.875
    },
    "spectral_skewness": {
        "dmean": 0.230772390962,
        "dmean2": 0.387853324413,
        "dvar": 0.223990559578,
        "dvar2": 0.672418415546,
        "max": 10.415350914,
        "mean": 1.80376124382,
        "median": 1.37791907787,
        "min": -0.0153883872554,
        "var": 1.47171092033
    },
    "spectral_spread": {
        "dmean": 432063.46875,
        "dmean2": 619201.0625,
        "dvar": 344777457664,
        "dvar2": 488673378304,
        "max": 41591464,
        "mean": 5465673.5,
        "median": 6120405.5,
        "min": 502668.71875,
        "var": 4.4496102359e+12
    },
    "spectral_strongpeak": {
        "dmean": 0.420071333647,
        "dmean2": 0.691055595875,
        "dvar": 0.456695437431,
        "dvar2": 1.1106569767,
        "max": 8.5724029541,
        "mean": 0.998798489571,
        "median": 0.594232857227,
        "min": 0,
        "var": 1.03002905846
    },
    "zerocrossingrate": {
        "dmean": 0.0107940267771,
        "dmean2": 0.0138656757772,
        "dvar": 0.000171300838701,
        "dvar2": 0.000243179107201,
        "max": 0.8232421875,
        "mean": 0.072378501296,
        "median": 0.0732421875,
        "min": 0.0029296875,
        "var": 0.0012859760318
    },
    "barkbands": {
        "dmean": [0.000335562304826, 0.00457699317485, 0.00144480611198, 0.000520074856468, 0.000725247315131, 0.00157628254965, 0.000869063835125, 0.0010872768471, 0.00215877685696, 0.00115332473069, 0.000493591011036, 0.00072338769678, 0.000314026372507, 0.000423046789365, 0.000400184158934, 0.000220117246499, 0.000267584982794, 0.000232568956562, 0.000170535073266, 0.00019143949612, 0.000141503682244, 0.000133966823341, 0.000108229804027, 0.000108721629658, 0.000105574261397, 6.53102979413e-05, 2.39423752646e-05],
        "dmean2": [0.000570913602132, 0.00737923197448, 0.00248494464904, 0.000920728547499, 0.00117893679999, 0.00239194813184, 0.00137088214979, 0.00167449843138, 0.00354968663305, 0.00178097444586, 0.000784801377449, 0.00114480184857, 0.000533684564289, 0.000706222024746, 0.000639171223156, 0.000361710001016, 0.000443695142167, 0.000366185035091, 0.000276718084933, 0.000308003043756, 0.000230688601732, 0.00021351739997, 0.000169227903825, 0.000173656459083, 0.000163560151123, 9.91301712929e-05, 3.79527118639e-05],
        "dvar": [1.46510092236e-06, 8.71707452461e-05, 2.03806903301e-05, 4.62439584226e-06, 2.76392302112e-06, 7.35185267331e-06, 3.32123227054e-06, 3.54079884346e-06, 1.49368197526e-05, 7.4011468314e-06, 6.18398473762e-07, 1.05701792563e-06, 2.95329925848e-07, 4.63935236894e-07, 3.65748405784e-07, 1.13155458337e-07, 1.7656377338e-07, 9.97306983663e-08, 5.1904876841e-08, 7.03411870973e-08, 5.19158227519e-08, 4.31268283307e-08, 4.25023571893e-08, 3.24853601796e-08, 3.67374113353e-08, 1.56437334198e-08, 1.84659865177e-09],
        "dvar2": [4.28743032899e-06, 0.000194674808881, 5.4468811868e-05, 1.32469676828e-05, 7.32218995836e-06, 1.64921457326e-05, 7.91374714026e-06, 7.41548865335e-06, 3.92761648982e-05, 1.59288792929e-05, 1.50369396579e-06, 2.53504390457e-06, 8.81163600752e-07, 1.26160796299e-06, 8.75593173078e-07, 2.89251261165e-07, 4.6049632374e-07, 2.38519390905e-07, 1.33041197614e-07, 1.71183728526e-07, 1.34076501013e-07, 1.02953933379e-07, 9.99217988351e-08, 7.22234219097e-08, 7.66249215189e-08, 3.37538210715e-08, 4.17846957035e-09],
        "max": [0.0423327349126, 0.112319394946, 0.0541632771492, 0.0319906063378, 0.0308658629656, 0.0515957549214, 0.0594452507794, 0.0546491593122, 0.0473213605583, 0.0692114979029, 0.0137110361829, 0.0146875996143, 0.00985711254179, 0.00992543250322, 0.00793272908777, 0.00615698751062, 0.00702410610393, 0.00387863442302, 0.00323240156285, 0.00344028207473, 0.00342715042643, 0.00320229236968, 0.00386154418811, 0.00346358609386, 0.00263694371097, 0.00186709873378, 0.000512101629283],
        "mean": [0.000948285858613, 0.0155696803704, 0.00177959864959, 0.000620174629148, 0.00138345733285, 0.00372612848878, 0.00149919406977, 0.00213860906661, 0.00340854213573, 0.00198730034754, 0.000855467747897, 0.00126783188898, 0.000454192399047, 0.000661013764329, 0.0007066919934, 0.000391635083361, 0.000489913276397, 0.000487895275, 0.000368035689462, 0.000439624564024, 0.000350433867425, 0.00033646429074, 0.000292701093713, 0.000312396936351, 0.000293900753604, 0.000181883093319, 4.55186709587e-05],
        "median": [3.78004006052e-05, 0.00328625994734, 0.00041974731721, 0.00021429710614, 0.000706909573637, 0.00162026041653, 0.000619290571194, 0.00107629655395, 0.00150324369315, 0.000730958767235, 0.000466848316137, 0.000701445096638, 0.00024554412812, 0.000352620496415, 0.000367041910067, 0.000232744409004, 0.000311066076392, 0.000333708769176, 0.00029095550417, 0.00030767507269, 0.000287989882054, 0.000251563382335, 0.000249999866355, 0.000264562986558, 0.000227206604904, 0.000131938606501, 2.3222368327e-05],
        "min": [2.21223166659e-23, 2.19679428977e-23, 9.06159591447e-25, 1.19778462593e-23, 8.94110032998e-23, 6.14365567184e-23, 3.70208699397e-23, 1.37734356745e-22, 9.44835430034e-23, 2.99928481816e-23, 1.48747486071e-23, 1.00247503513e-22, 7.68295743184e-23, 9.03174928323e-23, 1.21299657786e-22, 3.53492635841e-22, 1.92350163331e-22, 1.77161902467e-22, 1.2414272511e-22, 3.36207544826e-22, 3.98743615874e-22, 3.01643244543e-22, 5.62142533496e-22, 9.82873835878e-22, 1.18527711637e-21, 1.63770573345e-21, 2.29381364193e-21],
        "var": [1.44907571666e-05, 0.000388615095289, 1.63925560628e-05, 2.97954807138e-06, 4.430250101e-06, 2.82409091596e-05, 6.11677569395e-06, 1.05562021417e-05, 2.57208957919e-05, 2.03211457119e-05, 1.18523917081e-06, 2.57326064457e-06, 4.02615967232e-07, 7.51994036818e-07, 8.35004811961e-07, 2.33656336945e-07, 3.70700661279e-07, 2.56716958802e-07, 1.25799886064e-07, 2.03745372573e-07, 1.12229216143e-07, 1.1244107867e-07, 9.25338525803e-08, 9.21078822103e-08, 9.34501471761e-08, 3.73274282595e-08, 3.27911164888e-09]
    },
    "erbbands": {
        "dmean": [0.170500934124, 0.920336186886, 1.60951733589, 1.60309040546, 1.9632679224, 2.58422780037, 11.0414381027, 10.2142782211, 14.377614975, 11.9110136032, 37.839553833, 46.1159172058, 36.3886795044, 23.4741611481, 14.4395227432, 31.4502334595, 15.1798944473, 21.5496711731, 15.0953683853, 17.4027957916, 11.8153162003, 14.5530452728, 10.7878503799, 11.4332838058, 9.03077888489, 7.94775247574, 7.02888154984, 5.64955997467, 5.19767427444, 3.55821251869, 3.22260546684, 2.49070978165, 1.85853993893, 1.205966115, 0.797040343285, 0.341845840216, 0.114236921072, 0.0351101122797, 0.0040417467244, 5.98999795329e-05],
        "dmean2": [0.269577205181, 1.48161792755, 2.72649669647, 2.77665758133, 3.25866031647, 4.22480535507, 16.9254379272, 15.9491376877, 22.6476917267, 18.0738754272, 57.1598052979, 78.2568054199, 57.0639343262, 36.4004096985, 22.9365444183, 49.2084312439, 25.1260509491, 35.8106994629, 24.7194480896, 27.665145874, 19.3347148895, 24.1135826111, 17.0424613953, 18.2251644135, 14.5201072693, 12.8661708832, 11.3778438568, 9.21631622314, 8.39632892609, 5.65583658218, 5.05573225021, 3.87420988083, 3.00482726097, 1.90702652931, 1.24089300632, 0.528474867344, 0.173410207033, 0.0543620586395, 0.00643534353003, 9.25051863305e-05],
        "dvar": [0.134794294834, 3.85191106796, 19.9869232178, 36.0361862183, 39.4251861572, 38.062286377, 493.269744873, 332.750518799, 960.432067871, 625.520507812, 3301.70239258, 9076.25878906, 6193.86914062, 1798.60705566, 623.913513184, 2134.234375, 574.853881836, 1179.95959473, 632.906311035, 591.233154297, 291.786651611, 515.221130371, 218.936721802, 261.874420166, 147.801635742, 136.926559448, 98.4393997192, 95.7962417603, 70.752746582, 28.8235874176, 38.4976730347, 19.4003982544, 7.95953464508, 4.24145412445, 2.34772849083, 0.394849270582, 0.0427071712911, 0.00462999939919, 5.47040908714e-05, 1.177480069e-08],
        "dvar2": [0.321709871292, 8.51671981812, 51.6067504883, 102.074287415, 101.751075745, 102.353599548, 1177.98620605, 814.76184082, 2303.37744141, 1338.36083984, 6729.70849609, 25060.1972656, 13857.6113281, 4097.3984375, 1632.9329834, 4864.78417969, 1658.91271973, 3176.65917969, 1762.09057617, 1421.01281738, 725.691467285, 1407.3951416, 538.87298584, 617.637023926, 382.078918457, 340.664215088, 249.513626099, 250.301712036, 177.127731323, 66.2174758911, 91.6611938477, 43.6200256348, 17.9381809235, 9.02184963226, 5.11347150803, 0.864489853382, 0.0938144475222, 0.0101111447439, 0.00013038860925, 2.68178830254e-08],
        "max": [4.98190879822, 25.9696807861, 55.6812019348, 86.258644104, 88.2158584595, 166.241455078, 428.065856934, 310.719390869, 1030.41015625, 466.702911377, 1515.87207031, 1313.31030273, 1521.20703125, 1016.88293457, 439.016113281, 755.115478516, 400.521270752, 522.153503418, 499.827941895, 326.426635742, 253.752349854, 463.158996582, 190.998336792, 238.298904419, 173.248840332, 188.842803955, 132.71257019, 165.08972168, 127.782112122, 78.6320800781, 113.049835205, 86.5220413208, 40.3598861694, 32.2786102295, 22.5034790039, 10.0579071045, 2.62870573997, 0.870884418488, 0.0894557237625, 0.00134940946009],
        "mean": [0.540596008301, 3.0900554657, 2.74386000633, 2.12543463707, 2.89050173759, 4.95085430145, 24.4951705933, 22.2655353546, 25.6160087585, 23.7785682678, 74.3371200562, 68.3826522827, 63.652431488, 43.2602996826, 26.6170444489, 56.9710693359, 26.8758335114, 34.7644233704, 27.6892967224, 34.248336792, 23.7523670197, 27.7721996307, 23.7624015808, 23.9101219177, 20.111782074, 18.5685920715, 16.9830131531, 13.8494119644, 12.3237285614, 9.58791828156, 8.41309356689, 6.49021148682, 5.25387144089, 3.46667408943, 1.98507332802, 0.905360162258, 0.302142739296, 0.0825225636363, 0.00722743850201, 0.000161192525411],
        "median": [0.0872906222939, 0.740654230118, 1.23824822903, 0.975209951401, 1.01649641991, 2.65466475487, 7.42477464676, 11.2812595367, 9.09748077393, 11.3272428513, 36.4996299744, 32.7100486755, 26.1915988922, 22.6050338745, 16.8587627411, 31.511095047, 17.9368133545, 20.5355625153, 18.9709300995, 22.5533542633, 17.0656471252, 19.0824623108, 17.5930366516, 17.4103717804, 15.4514160156, 13.4349431992, 13.2068748474, 11.0029478073, 9.29555606842, 8.11004829407, 6.99207162857, 5.23956537247, 4.34806203842, 2.71587109566, 1.47852158546, 0.654954731464, 0.214122518897, 0.0510983169079, 0.00355045194738, 0.00011876784265],
        "min": [3.52695848461e-22, 6.01251980209e-21, 4.11166279341e-21, 1.83286906312e-20, 2.73635043096e-19, 2.16217994011e-19, 2.29013870626e-19, 6.3156366802e-19, 5.83298403061e-19, 7.18259485745e-19, 3.6032194278e-18, 2.32106032022e-18, 1.25031151662e-18, 9.10769798391e-19, 1.13165690384e-18, 4.14880294442e-18, 3.78030059897e-18, 4.24857292041e-18, 5.4750228613e-18, 1.35149706747e-17, 1.43513619434e-17, 1.20963443437e-17, 7.69467394035e-18, 9.29970542244e-18, 8.87853731457e-18, 1.73605225891e-17, 1.42630140909e-17, 1.36671024243e-17, 1.04399300563e-17, 1.51686527845e-17, 1.77697106402e-17, 1.65207158917e-17, 1.92238991201e-17, 1.4568802911e-17, 7.91609199235e-18, 6.02405696184e-18, 3.19420343031e-18, 1.13573573144e-18, 2.85637511332e-19, 3.5766662839e-20],
        "var": [0.63587898016, 16.8342533112, 22.5528411865, 24.0319213867, 38.7153053284, 64.2297744751, 1891.24304199, 830.66015625, 1914.46691895, 1592.90710449, 11179.7138672, 11377.4589844, 15440.5644531, 4414.15380859, 1022.59765625, 5711.16015625, 929.39251709, 1934.66711426, 1094.55285645, 1451.28515625, 661.143005371, 1014.63146973, 566.877868652, 668.640686035, 381.691223145, 377.660919189, 260.598327637, 190.798217773, 159.497558594, 84.1343765259, 80.9050674438, 45.3617401123, 25.4560642242, 12.228061676, 4.8094625473, 0.935555279255, 0.102742381394, 0.00927825737745, 8.73799654073e-05, 2.43144189227e-08]
    },
    "gfcc": {
        "mean": [27.5028114319, 67.6960296631, -113.937362671, 9.79102706909, -59.1580047607, 13.5152521133, -28.0260314941, 16.2229614258, -15.903752327, 10.4335050583, -12.7258014679, 5.41793489456, -9.3026342392],
        "cov": [[17898.6269531, -4209.54931641, 2657.26318359, 2936.84790039, -97.5605010986, 1266.95153809, -361.640563965, 1028.06286621, -581.589782715, 466.504547119, -482.451843262, 604.166931152, -250.824462891], [-4209.54931641, 3438.62890625, -279.518157959, -597.67388916, 514.290344238, -276.944854736, 479.066864014, -388.0390625, 300.228210449, -324.663909912, 228.275985718, -231.491271973, 226.453308105], [2657.26318359, -279.518157959, 1584.39941406, 789.628540039, 344.552337646, 534.099609375, 232.889328003, 427.095977783, 44.7456245422, 144.515563965, -82.2474441528, 109.539451599, -50.3136520386], [2936.84790039, -597.67388916, 789.628540039, 833.807556152, 146.034637451, 395.693359375, 70.3404541016, 313.597351074, -29.9537506104, 124.310760498, -71.2684249878, 106.827384949, -51.6903305054], [-97.5605010986, 514.290344238, 344.552337646, 146.034637451, 316.085083008, 158.108505249, 212.842514038, 79.2818527222, 115.195083618, 17.8178062439, 38.2188529968, -2.90560936928, 23.5426864624], [1266.95153809, -276.944854736, 534.099609375, 395.693359375, 158.108505249, 327.737304688, 125.20438385, 222.559646606, 27.9527416229, 95.5803146362, -29.0305137634, 48.9438819885, -37.0690193176], [-361.640563965, 479.066864014, 232.889328003, 70.3404541016, 212.842514038, 125.20438385, 267.461517334, 113.895500183, 131.894714355, 0.748409807682, 33.4128608704, -30.7569446564, 20.2283344269], [1028.06286621, -388.0390625, 427.095977783, 313.597351074, 79.2818527222, 222.559646606, 113.895500183, 283.486022949, 62.5682373047, 105.07824707, -37.7447395325, 40.7521591187, -43.78307724], [-581.589782715, 300.228210449, 44.7456245422, -29.9537506104, 115.195083618, 27.9527416229, 131.894714355, 62.5682373047, 158.434738159, 47.4228668213, 42.2487716675, -42.4888305664, 5.91828536987], [466.504547119, -324.663909912, 144.515563965, 124.310760498, 17.8178062439, 95.5803146362, 0.748409807682, 105.07824707, 47.4228668213, 134.004898071, 27.7899341583, 47.3636054993, -26.6836872101], [-482.451843262, 228.275985718, -82.2474441528, -71.2684249878, 38.2188529968, -29.0305137634, 33.4128608704, -37.7447395325, 42.2487716675, 27.7899341583, 101.442985535, 40.6034622192, 43.7186317444], [604.166931152, -231.491271973, 109.539451599, 106.827384949, -2.90560936928, 48.9438819885, -30.7569446564, 40.7521591187, -42.4888305664, 47.3636054993, 40.6034622192, 128.740753174, 42.5562973022], [-250.824462891, 226.453308105, -50.3136520386, -51.6903305054, 23.5426864624, -37.0690193176, 20.2283344269, -43.78307724, 5.91828536987, -26.6836872101, 43.7186317444, 42.5562973022, 89.6621627808]],
        "icov": [[0.000199226356926, 1.6098632841e-05, -3.35365766659e-05, -0.000591520278249, 0.000170354149304, 2.97901478916e-05, -4.54414876003e-05, 0.000188925405382, 0.000178641392267, -0.000261911045527, 0.000687874678988, -0.000546648632735, 6.12417206867e-05], [1.6098632841e-05, 0.00180804810952, -0.000520991568919, -0.000194442764041, -0.00156864547171, 0.000905227730982, -0.000958330812864, 0.00141028570943, -0.00132418272551, 0.00348303583451, -0.00364592508413, 0.00268868100829, -0.00160931388382], [-3.35365766659e-05, -0.000520991568919, 0.00200805580243, -0.000364713720046, -0.00100691104308, -0.00111040298361, 0.000242350215558, -0.0013344961917, 0.000817989232019, -0.00114800187293, 0.00223840097897, -0.00146692642011, 0.000446734426077], [-0.000591520278249, -0.000194442764041, -0.000364713720046, 0.00558736687526, -0.00134038482793, -0.00286568887532, 0.0019513880834, -0.00283031933941, 0.0008542779251, 0.000777780776843, -0.00162277964409, 0.00115646247286, -0.000384878861951], [0.000170354149304, -0.00156864547171, -0.00100691104308, -0.00134038482793, 0.0132611468434, -0.00464885076508, -0.00525452801958, 0.00594754796475, -0.00587943475693, -0.00106639054138, 0.00434099789709, -0.00658732838929, 0.00286697689444], [2.97901478916e-05, 0.000905227730982, -0.00111040298361, -0.00286568887532, -0.00464885076508, 0.0159754958004, -0.00567944115028, -0.00269673042931, 0.00727982213721, -0.00652911933139, 0.000189326121472, 0.00309670669958, -0.000673931383062], [-4.54414876003e-05, -0.000958330812864, 0.000242350215558, 0.0019513880834, -0.00525452801958, -0.00567944115028, 0.0206708181649, -0.0107237249613, -0.00601469585672, 0.0108703989536, -0.00842047203332, 0.00423376495019, -0.00158574793022], [0.000188925405382, 0.00141028570943, -0.0013344961917, -0.00283031933941, 0.00594754796475, -0.00269673042931, -0.0107237249613, 0.0216875523329, -0.0105573879555, -0.00289225555025, 0.0106592467055, -0.0104022538289, 0.00449513504282], [0.000178641392267, -0.00132418272551, 0.000817989232019, 0.0008542779251, -0.00587943475693, 0.00727982213721, -0.00601469585672, -0.0105573879555, 0.0339576452971, -0.0208555329591, -0.00402748025954, 0.01760051772, -0.0092872781679], [-0.000261911045527, 0.00348303583451, -0.00114800187293, 0.000777780776843, -0.00106639054138, -0.00652911933139, 0.0108703989536, -0.00289225555025, -0.0208555329591, 0.0388319306076, -0.0195491537452, -0.00396576197818, 0.00833795499057], [0.000687874678988, -0.00364592508413, 0.00223840097897, -0.00162277964409, 0.00434099789709, 0.000189326121472, -0.00842047203332, 0.0106592467055, -0.00402748025954, -0.0195491537452, 0.0427710413933, -0.0241759177297, 0.00256398296915], [-0.000546648632735, 0.00268868100829, -0.00146692642011, 0.00115646247286, -0.00658732838929, 0.00309670669958, 0.00423376495019, -0.0104022538289, 0.01760051772, -0.00396576197818, -0.0241759177297, 0.0403343625367, -0.0211989153177], [6.12417206867e-05, -0.00160931388382, 0.000446734426077, -0.000384878861951, 0.00286697689444, -0.000673931383062, -0.00158574793022, 0.00449513504282, -0.0092872781679, 0.00833795499057, 0.00256398296915, -0.0211989153177, 0.028844865039]]
    },
    "melbands": {
        "dmean": [0.00137996824924, 0.000917959318031, 0.000287807459245, 0.000151893837028, 0.000302881759126, 0.000259085616563, 0.000202636409085, 0.000137954644742, 0.000386249594158, 0.000268556468654, 0.000183323994861, 0.000102684585727, 5.26790972799e-05, 5.9858768509e-05, 8.43838715809e-05, 2.20422753046e-05, 4.70718186989e-05, 2.29970974033e-05, 3.57503813575e-05, 1.81484429049e-05, 1.41975297083e-05, 1.80555271072e-05, 1.07078667497e-05, 1.01194682429e-05, 1.00130982901e-05, 7.09616733729e-06, 6.85538043399e-06, 5.79805828238e-06, 5.55349561182e-06, 3.87644331568e-06, 3.49071797245e-06, 3.54895064447e-06, 2.47202365244e-06, 2.03252534448e-06, 2.14465194404e-06, 1.81713721759e-06, 1.62208493748e-06, 1.48032324887e-06, 1.23452150547e-06, 1.09211691779e-06],
        "dmean2": [0.00220006494783, 0.00153086706996, 0.00049172056606, 0.000245071045356, 0.000465509685455, 0.000399310025387, 0.000316098565236, 0.00021121687314, 0.000588766066357, 0.000456051406218, 0.000286811264232, 0.000158771072165, 8.45011236379e-05, 9.28029621718e-05, 0.00013685952581, 3.73081311409e-05, 7.83521682024e-05, 3.83110600524e-05, 5.70084957872e-05, 2.95601694233e-05, 2.34143317357e-05, 3.02564349113e-05, 1.72435920831e-05, 1.61013522302e-05, 1.61464104167e-05, 1.15414432003e-05, 1.11484341687e-05, 9.49401328398e-06, 9.04567332327e-06, 6.27901681582e-06, 5.78363687964e-06, 5.77426408199e-06, 3.98910469812e-06, 3.25569590132e-06, 3.45526859746e-06, 2.84132647721e-06, 2.57452256847e-06, 2.41742691287e-06, 1.98485440706e-06, 1.76344792635e-06],
        "dvar": [8.00265206635e-06, 4.09752465202e-06, 1.03427839804e-06, 1.61210095939e-07, 3.46940396412e-07, 1.87121358408e-07, 1.80904194735e-07, 9.02376413592e-08, 3.3742523442e-07, 3.13943672836e-07, 1.71257255488e-07, 4.54699637942e-08, 7.48136930184e-09, 9.28065269079e-09, 1.56770614268e-08, 2.78123635233e-09, 5.84944137572e-09, 1.94077531823e-09, 3.40220984718e-09, 8.51349546416e-10, 5.28976196179e-10, 8.43685121765e-10, 2.44647690995e-10, 2.10683678836e-10, 2.08004391489e-10, 1.05705076636e-10, 9.70903218933e-11, 7.6178847952e-11, 6.70120556268e-11, 3.45657669154e-11, 3.67331234874e-11, 3.2855988763e-11, 1.39760911178e-11, 8.882700131e-12, 1.59264060273e-11, 1.18617546341e-11, 7.38077134133e-12, 4.65486807086e-12, 3.77055071193e-12, 3.45233347118e-12],
        "dvar2": [1.81583036465e-05, 1.01189971247e-05, 2.87533612209e-06, 4.18939833935e-07, 8.3844014398e-07, 4.39071897063e-07, 4.30123151318e-07, 1.91594452303e-07, 7.09244261543e-07, 8.57528561937e-07, 3.79141624762e-07, 1.00285866722e-07, 1.92063396298e-08, 2.0814910684e-08, 4.02646307407e-08, 8.25492119105e-09, 1.56152637487e-08, 5.70200020533e-09, 7.92724819121e-09, 2.17393414381e-09, 1.31774868795e-09, 2.29990404499e-09, 5.98575411459e-10, 5.25799404016e-10, 4.98546648409e-10, 2.74932770994e-10, 2.49457232648e-10, 1.9334878143e-10, 1.70757796791e-10, 8.8014574795e-11, 9.77290678938e-11, 8.30821245135e-11, 3.4623998113e-11, 2.09902789594e-11, 3.98046734462e-11, 2.7825859672e-11, 1.69856784887e-11, 1.10366247391e-11, 8.49300491046e-12, 7.809322633e-12],
        "max": [0.0338337123394, 0.0307121984661, 0.0135032879189, 0.00712332874537, 0.0111309252679, 0.00706201884896, 0.0138820782304, 0.00554844783619, 0.0116078834981, 0.00891159009188, 0.00859506707639, 0.00574152171612, 0.00124081771355, 0.00173406070098, 0.00152734667063, 0.00131963996682, 0.00119474460371, 0.00100041460246, 0.000871602445841, 0.000590708397795, 0.000428057363024, 0.000612506992184, 0.000293181772577, 0.000217455453821, 0.000209770718357, 0.000204916999792, 0.000125890423078, 0.00013962695084, 0.000110811866762, 7.51400220906e-05, 0.000103232428955, 7.60373077355e-05, 5.79471197852e-05, 4.77964567835e-05, 7.30810352252e-05, 6.6182561568e-05, 5.67662464164e-05, 3.1256742659e-05, 2.64936443273e-05, 2.95256359095e-05],
        "mean": [0.00466093234718, 0.0023944277782, 0.000395019334974, 0.000259001011727, 0.000687648367602, 0.000584760389756, 0.000365321087884, 0.000263465713942, 0.000720598734915, 0.000393267109757, 0.00031501534977, 0.000181026494829, 9.11596580409e-05, 0.000110713037429, 0.000140072748763, 3.36083976435e-05, 7.17239818186e-05, 3.71686328435e-05, 6.1387567257e-05, 3.34998767357e-05, 2.56353287114e-05, 3.14656135743e-05, 2.13211442315e-05, 2.07124357985e-05, 1.92159186554e-05, 1.399039229e-05, 1.40994197864e-05, 1.20466929729e-05, 1.16441788123e-05, 8.62435354065e-06, 7.63517618907e-06, 7.49853188609e-06, 5.65856680623e-06, 5.09993333253e-06, 5.06880633111e-06, 4.18445597461e-06, 3.89040178561e-06, 3.78959589398e-06, 3.18469847116e-06, 2.87533089249e-06],
        "median": [0.000818595697638, 0.000994849950075, 0.00021206800011, 0.000108894084406, 0.000235427956795, 0.000292970711598, 0.000131686465465, 0.000112622015877, 0.000328031397657, 0.000184528020327, 0.000119172262202, 8.34525562823e-05, 5.25682589796e-05, 5.86705828027e-05, 7.91103520896e-05, 1.86218894669e-05, 3.80924066121e-05, 2.29162196774e-05, 2.93422581308e-05, 1.99129590328e-05, 1.60724302987e-05, 1.94087169803e-05, 1.43294801092e-05, 1.4897867004e-05, 1.28056080939e-05, 1.0346736417e-05, 9.3610933618e-06, 8.24354901852e-06, 8.44607438921e-06, 6.62076035951e-06, 6.0058237068e-06, 5.18010756423e-06, 4.48568380307e-06, 4.25681355409e-06, 4.06009121434e-06, 3.25154701386e-06, 3.07153595713e-06, 3.08123799186e-06, 2.57275655713e-06, 2.17944398173e-06],
        "min": [6.58894138377e-24, 4.641441024e-24, 9.84778613109e-24, 2.15667156195e-23, 8.29409854585e-24, 1.34607738102e-23, 8.48878310637e-24, 1.20115763739e-23, 2.66112349838e-23, 1.49510961432e-23, 6.32676543407e-24, 3.87069985934e-24, 2.47352937744e-24, 8.63130818384e-24, 1.55211364996e-23, 4.40935104594e-24, 8.68025226984e-24, 7.22372000483e-24, 1.26145358959e-23, 2.70458058347e-23, 1.25670551468e-23, 1.31806792794e-23, 7.22166186673e-24, 8.15030498005e-24, 7.53054824277e-24, 4.50210649447e-24, 1.06939285932e-23, 1.11711018773e-23, 6.91386332987e-24, 1.1719328652e-23, 6.52552012243e-24, 5.14178630833e-24, 7.35104373265e-24, 8.11244675634e-24, 9.90708007217e-24, 9.57338559838e-24, 9.88023750215e-24, 1.22314658292e-23, 1.45074644359e-23, 1.20693170478e-23],
        "var": [3.71859641746e-05, 1.0130865121e-05, 7.33062506697e-07, 2.26371327017e-07, 1.3248028381e-06, 5.58885290047e-07, 3.69171914372e-07, 2.37846592199e-07, 1.09914969926e-06, 4.17678194253e-07, 4.39010619857e-07, 1.16059972299e-07, 1.24848380523e-08, 2.51484166824e-08, 2.95700122166e-08, 3.87482490538e-09, 9.52728562709e-09, 2.72724176575e-09, 7.73238095775e-09, 1.82610082611e-09, 1.08605624494e-09, 1.60909596758e-09, 5.57445256621e-10, 4.77867134752e-10, 4.95225138675e-10, 2.27715707402e-10, 2.38353614623e-10, 1.8231338661e-10, 1.57897264708e-10, 7.70742913936e-11, 6.39904448874e-11, 6.90399126757e-11, 3.23713209016e-11, 2.43043796894e-11, 3.12838227545e-11, 2.27324426644e-11, 1.65884320169e-11, 1.37518278015e-11, 1.01302377944e-11, 9.00551681837e-12]
    },
    "mfcc": {
        "mean": [-615.734924316, 106.579154968, 0.797796666622, 5.12376976013, -4.95596837997, -0.782198011875, 0.355102568865, 4.70535898209, 4.70294427872, 5.83792543411, 3.70593643188, 4.00259971619, 2.39326810837],
        "cov": [[11226.2724609, -2534.48095703, 821.239501953, 1152.6081543, 436.860076904, 321.196411133, 252.909637451, 254.510543823, 194.788986206, 69.7832565308, 27.2937431335, 72.5267868042, 62.4948387146], [-2534.48095703, 2656.30029297, -32.3910064697, -139.342041016, 102.322898865, 79.2047271729, 104.454681396, 106.171417236, 27.5624427795, 0.46655189991, -32.9574241638, -49.4258117676, -8.04308795929], [821.239501953, -32.3910064697, 901.561889648, 358.189117432, 344.730407715, 225.973022461, 278.650848389, 256.563140869, 249.570373535, 173.493011475, 126.516044617, 75.7269821167, 51.1700706482], [1152.6081543, -139.342041016, 358.189117432, 396.335205078, 207.039779663, 158.99067688, 152.709243774, 155.308273315, 128.116592407, 87.21144104, 67.4805908203, 56.6708641052, 42.6464500427], [436.860076904, 102.322898865, 344.730407715, 207.039779663, 241.837387085, 160.95262146, 149.915405273, 131.593276978, 120.502906799, 87.0384140015, 64.8409042358, 41.8570632935, 37.0984535217], [321.196411133, 79.2047271729, 225.973022461, 158.99067688, 160.95262146, 173.840744019, 137.301422119, 105.552970886, 87.9829177856, 69.2386398315, 53.4665870667, 41.3051071167, 37.9850463867], [252.909637451, 104.454681396, 278.650848389, 152.709243774, 149.915405273, 137.301422119, 186.246765137, 158.138000488, 124.753578186, 84.6633987427, 61.0178756714, 43.2626495361, 33.3420791626], [254.510543823, 106.171417236, 256.563140869, 155.308273315, 131.593276978, 105.552970886, 158.138000488, 184.069152832, 144.736526489, 90.8955230713, 62.6010894775, 41.4637870789, 28.0930767059], [194.788986206, 27.5624427795, 249.570373535, 128.116592407, 120.502906799, 87.9829177856, 124.753578186, 144.736526489, 174.594741821, 127.742111206, 84.6103439331, 47.1919403076, 22.4116420746], [69.7832565308, 0.46655189991, 173.493011475, 87.21144104, 87.0384140015, 69.2386398315, 84.6633987427, 90.8955230713, 127.742111206, 141.843688965, 102.323379517, 54.2875213623, 24.1324291229], [27.2937431335, -32.9574241638, 126.516044617, 67.4805908203, 64.8409042358, 53.4665870667, 61.0178756714, 62.6010894775, 84.6103439331, 102.323379517, 111.959732056, 70.7692108154, 31.5507736206], [72.5267868042, -49.4258117676, 75.7269821167, 56.6708641052, 41.8570632935, 41.3051071167, 43.2626495361, 41.4637870789, 47.1919403076, 54.2875213623, 70.7692108154, 84.4874191284, 52.4038887024], [62.4948387146, -8.04308795929, 51.1700706482, 42.6464500427, 37.0984535217, 37.9850463867, 33.3420791626, 28.0930767059, 22.4116420746, 24.1324291229, 31.5507736206, 52.4038887024, 72.545539856]],
