{
"lowlevel": {
    "average_loudness": 0.965778589249,
    "barkbands_crest": {
        "dmean": 2.530356884,
        "dmean2": 3.47892594337,
        "dvar": 8.5157699585,
        "dvar2": 14.5449743271,
        "max": 26.3724899292,
        "mean": 12.5739040375,
        "median": 11.3557929993,
        "min": 1.87144839764,
        "var": 44.7118415833
    },
    "barkbands_flatness_db": {
        "dmean": 0.0230701733381,
        "dmean2": 0.0293889716268,
        "dvar": 0.000769152189605,
        "dvar2": 0.0011220772285,
        "max": 0.410198897123,
        "mean": 0.117590270936,
        "median": 0.0988535359502,
        "min": 0.00962105579674,
        "var": 0.00584030803293
    },
    "barkbands_kurtosis": {
        "dmean": 3.69644713402,
        "dmean2": 4.66876649857,
        "dvar": 34.3417320251,
        "dvar2": 52.6763725281,
        "max": 98.9139556885,
        "mean": 6.48167276382,
        "median": 1.35754823685,
        "min": -1.8108048439,
        "var": 141.008102417
    },
    "barkbands_skewness": {
        "dmean": 0.677465260029,
        "dmean2": 0.850475549698,
        "dvar": 0.619731783867,
        "dvar2": 0.990494549274,
        "max": 9.78376865387,
        "mean": 1.95393955708,
        "median": 1.41796839237,
        "min": -2.37395358086,
        "var": 3.23119235039
    },
    "barkbands_spread": {
        "dmean": 7.96476459503,
        "dmean2": 11.2451591492,
        "dvar": 97.6543273926,
        "dvar2": 175.887969971,
        "max": 100.931747437,
        "mean": 34.4030265808,
        "median": 30.6761741638,
        "min": 1.38584756851,
        "var": 460.711486816
    },
    "dissonance": {
        "dmean": 0.0121702076867,
        "dmean2": 0.0207455940545,
        "dvar": 0.00018653870211,
        "dvar2": 0.000522637914401,
        "max": 0.500000119209,
        "mean": 0.478562235832,
        "median": 0.481890380383,
        "min": 0.287062823772,
        "var": 0.000268944044365
    },
    "dynamic_complexity": 2.96602201462,
    "erbbands_crest": {
        "dmean": 1.72376894951,
        "dmean2": 2.73771810532,
        "dvar": 3.20414471626,
        "dvar2": 7.80068588257,
        "max": 23.5299701691,
        "mean": 6.21651363373,
        "median": 5.38400840759,
        "min": 2.04990911484,
        "var": 8.91222953796
    },
    "erbbands_flatness_db": {
        "dmean": 0.0106841502711,
        "dmean2": 0.0160651598126,
        "dvar": 0.00015559727035,
        "dvar2": 0.000363606930478,
        "max": 0.485701620579,
        "mean": 0.109571792185,
        "median": 0.0942787304521,
        "min": 0.0374263785779,
        "var": 0.00219828588888
    },
    "erbbands_kurtosis": {
        "dmean": 0.440754890442,
        "dmean2": 0.67560583353,
        "dvar": 0.359250754118,
        "dvar2": 0.839324891567,
        "max": 11.4336967468,
        "mean": -0.315300196409,
        "median": -0.549267292023,
        "min": -1.84185397625,
        "var": 0.994241476059
    },
    "erbbands_skewness": {
        "dmean": 0.239297300577,
        "dmean2": 0.358012497425,
        "dvar": 0.0568380691111,
        "dvar2": 0.123594470322,
        "max": 2.48761153221,
        "mean": -0.0209258142859,
        "median": -0.0467181764543,
        "min": -2.72232079506,
        "var": 0.25538417697
    },
    "erbbands_spread": {
        "dmean": 9.47016334534,
        "dmean2": 13.2868337631,
        "dvar": 149.498703003,
        "dvar2": 249.896499634,
        "max": 198.042984009,
        "mean": 55.4079666138,
        "median": 49.1201934814,
        "min": 1.86390697956,
        "var": 849.550720215
    },
    "hfc": {
        "dmean": 19.0295791626,
        "dmean2": 26.2818107605,
        "dvar": 1039.09326172,
        "dvar2": 2133.67700195,
        "max": 347.636993408,
        "mean": 43.8761138916,
        "median": 24.4125804901,
        "min": 1.13956781934e-16,
        "var": 2260.12353516
    },
    "melbands_crest": {
        "dmean": 3.37251424789,
        "dmean2": 4.93721866608,
        "dvar": 14.815155983,
        "dvar2": 30.8465614319,
        "max": 36.1953697205,
        "mean": 18.6826019287,
        "median": 18.2386112213,
        "min": 2.21390771866,
        "var": 49.6073303223
    },
    "melbands_flatness_db": {
        "dmean": 0.0319379344583,
        "dmean2": 0.0413920022547,
        "dvar": 0.00145954359323,
        "dvar2": 0.00233987928368,
        "max": 0.497247040272,
        "mean": 0.190725386143,
        "median": 0.177898228168,
        "min": 0.0105396369472,
        "var": 0.00944986008108
    },
    "melbands_kurtosis": {
        "dmean": 20.0801811218,
        "dmean2": 22.4803295135,
        "dvar": 1835.51843262,
        "dvar2": 2145.96411133,
        "max": 937.317382812,
        "mean": 44.0943336487,
        "median": 9.71293544769,
        "min": -1.6232149601,
        "var": 8984.1953125
    },
    "melbands_skewness": {
        "dmean": 1.22194397449,
        "dmean2": 1.47413277626,
        "dvar": 2.84958839417,
        "dvar2": 3.52887558937,
        "max": 28.2014160156,
        "mean": 4.39949226379,
        "median": 2.80427885056,
        "min": -1.57172596455,
        "var": 17.172706604
    },
    "melbands_spread": {
        "dmean": 10.2425556183,
        "dmean2": 15.1829786301,
        "dvar": 227.921783447,
        "dvar2": 483.059753418,
        "max": 185.704650879,
        "mean": 29.9848060608,
        "median": 22.1846046448,
        "min": 1.00797855854,
        "var": 666.774780273
    },
    "pitch_salience": {
        "dmean": 0.0753877982497,
        "dmean2": 0.105612419546,
        "dvar": 0.00783340539783,
        "dvar2": 0.0133075816557,
        "max": 0.979261159897,
        "mean": 0.438793867826,
        "median": 0.466409474611,
        "min": 0.0199156701565,
        "var": 0.0358918048441
    },
    "silence_rate_20dB": {
        "dmean": 0,
        "dmean2": 0,
        "dvar": 0,
        "dvar2": 0,
        "max": 1,
        "mean": 1,
        "median": 1,
        "min": 1,
        "var": 0
    },
    "silence_rate_30dB": {
        "dmean": 0,
        "dmean2": 0,
        "dvar": 0,
        "dvar2": 0,
        "max": 1,
        "mean": 1,
        "median": 1,
        "min": 1,
        "var": 0
    },
    "silence_rate_60dB": {
        "dmean": 0.00525920372456,
        "dmean2": 0.0105197243392,
        "dvar": 0.00523171294481,
        "dvar2": 0.0116617698222,
        "max": 1,
        "mean": 0.0403155125678,
        "median": 0,
        "min": 0,
        "var": 0.0386899188161
    },
    "spectral_centroid": {
        "dmean": 273.888366699,
        "dmean2": 403.872680664,
        "dvar": 112488.570312,
        "dvar2": 230448.484375,
        "max": 11495.4433594,
        "mean": 1853.94848633,
        "median": 1917.93017578,
        "min": 340.055084229,
        "var": 554073.6875
    },
    "spectral_complexity": {
        "dmean": 5.72777366638,
        "dmean2": 8.24846553802,
        "dvar": 48.3969802856,
        "dvar2": 80.329574585,
        "max": 64,
        "mean": 23.658821106,
        "median": 22,
        "min": 0,
        "var": 198.154159546
    },
    "spectral_decrease": {
        "dmean": 1.96219884785e-09,
        "dmean2": 2.8060018753e-09,
        "dvar": 5.42673950176e-18,
        "dvar2": 1.30316457341e-17,
        "max": -2.44901146404e-29,
        "mean": -8.92053275692e-09,
        "median": -8.91381635171e-09,
        "min": -3.7638642425e-08,
        "var": 1.9803306052e-17
    },
    "spectral_energy": {
        "dmean": 0.00836979039013,
        "dmean2": 0.0120477359742,
        "dvar": 0.000101395322417,
        "dvar2": 0.000243787580985,
        "max": 0.144846096635,
        "mean": 0.0376478359103,
        "median": 0.0373725257814,
        "min": 1.0428647261e-20,
        "var": 0.000349283975083
    },
    "spectral_energyband_high": {
        "dmean": 0.00172954890877,
        "dmean2": 0.00238181953318,
        "dvar": 1.0300633221e-05,
        "dvar2": 2.11931856029e-05,
        "max": 0.0347225032747,
        "mean": 0.00359570072033,
        "median": 0.00153948133811,
        "min": 7.65519710104e-21,
        "var": 2.16104981519e-05
    },
    "spectral_energyband_low": {
        "dmean": 0.00580959254876,
        "dmean2": 0.00778962485492,
        "dvar": 7.11940883775e-05,
        "dvar2": 0.000131367181893,
        "max": 0.139256507158,
        "mean": 0.0218107774854,
        "median": 0.0179685167968,
        "min": 1.48530186446e-23,
        "var": 0.000287786591798
    },
    "spectral_energyband_middle_high": {
        "dmean": 0.00300343846902,
        "dmean2": 0.00476577365771,
        "dvar": 2.78477346001e-05,
        "dvar2": 6.9717207225e-05,
        "max": 0.0570464357734,
        "mean": 0.00600610068068,
        "median": 0.00380374724045,
        "min": 1.867132637e-21,
        "var": 3.89206325053e-05
    },
    "spectral_energyband_middle_low": {
        "dmean": 0.0030714138411,
        "dmean2": 0.00504102464765,
        "dvar": 2.8123091397e-05,
        "dvar2": 7.37161462894e-05,
        "max": 0.0509885028005,
        "mean": 0.00699970126152,
        "median": 0.00495720561594,
        "min": 2.15325604667e-22,
        "var": 4.30995642091e-05
    },
    "spectral_entropy": {
        "dmean": 0.099355854094,
        "dmean2": 0.150233760476,
        "dvar": 0.0123970508575,
        "dvar2": 0.0280992425978,
        "max": 9.80325126648,
        "mean": 8.05694484711,
        "median": 8.15104198456,
        "min": 5.74339151382,
        "var": 0.154304102063
    },
    "spectral_flux": {
        "dmean": 0.0258773546666,
        "dmean2": 0.0349844060838,
        "dvar": 0.000947279273532,
        "dvar2": 0.00152091600467,
        "max": 0.317526906729,
        "mean": 0.0865347161889,
        "median": 0.073535874486,
        "min": 1.02120749357e-10,
        "var": 0.00280026276596
    },
    "spectral_kurtosis": {
        "dmean": 1.09576034546,
        "dmean2": 1.82684278488,
        "dvar": 16.0066699982,
        "dvar2": 46.2566375732,
        "max": 230.172683716,
        "mean": 3.30405974388,
        "median": 2.05479049683,
        "min": -1.1992212534,
        "var": 81.4511642456
    },
    "spectral_rms": {
        "dmean": 0.00067383487476,
        "dmean2": 0.000965883547906,
        "dvar": 5.99318696004e-07,
        "dvar2": 1.40717702379e-06,
        "max": 0.0118875261396,
        "mean": 0.0058006523177,
        "median": 0.00603829463944,
        "min": 3.18971628624e-12,
        "var": 3.08193853016e-06
    },
    "spectral_rolloff": {
        "dmean": 878.814941406,
        "dmean2": 1333.8458252,
        "dvar": 2041928.375,
        "dvar2": 3605157.25,
        "max": 18410.8886719,
        "mean": 2297.5012207,
        "median": 1098.19335938,
        "min": 64.599609375,
        "var": 6271882
    },
    "spectral_skewness": {
        "dmean": 0.14293949306,
        "dmean2": 0.225723147392,
        "dvar": 0.0579420179129,
        "dvar2": 0.163936346769,
        "max": 12.4382667542,
        "mean": 1.32064211369,
        "median": 1.21620130539,
        "min": -0.0615867115557,
        "var": 0.325387299061
    },
    "spectral_spread": {
        "dmean": 548646.375,
        "dmean2": 779854.0625,
        "dvar": 604065693696,
        "dvar2": 1.04511091507e+12,
        "max": 41182388,
        "mean": 6333803.5,
        "median": 6562916,
        "min": 381755.96875,
        "var": 5.01973988147e+12
    },
    "spectral_strongpeak": {
        "dmean": 0.23255315423,
        "dmean2": 0.410549938679,
        "dvar": 0.346437960863,
        "dvar2": 0.933061182499,
        "max": 8.76489448547,
        "mean": 0.481289505959,
        "median": 0.343870431185,
        "min": 0,
        "var": 0.360463887453
    },
    "zerocrossingrate": {
        "dmean": 0.01670024544,
        "dmean2": 0.0175942685455,
        "dvar": 0.000361825252185,
        "dvar2": 0.000325565197272,
        "max": 0.630859375,
        "mean": 0.0839020237327,
        "median": 0.06689453125,
        "min": 0.0048828125,
        "var": 0.00341463205405
    },
    "barkbands": {
        "dmean": [0.000567780807614, 0.00525049073622, 0.00233457772993, 0.00108026713133, 0.000674238544889, 0.000485460128402, 0.000490690115839, 0.000584425462876, 0.00068700889824, 0.000790712307207, 0.000432117492892, 0.000470479601063, 0.000310401926981, 0.00045064414735, 0.000296753423754, 0.000396629300667, 0.00040302349953, 0.000296976126265, 0.000294188706903, 0.000299680628814, 0.000342461426044, 0.000294899771689, 0.000283678935375, 0.000340346625308, 0.000358674733434, 0.000157127782586, 3.37039855367e-05],
        "dmean2": [0.000784786883742, 0.00700547127053, 0.00378238712437, 0.00194176170044, 0.00114765809849, 0.000727902748622, 0.000782621384133, 0.000933996518143, 0.00108009425458, 0.00127844559029, 0.00068608939182, 0.000779982830863, 0.000521348614711, 0.00073772930773, 0.00050030235434, 0.000657076830976, 0.000670787820127, 0.000480631832033, 0.000473190069897, 0.000478015193949, 0.000536806124728, 0.000447663594969, 0.00040940096369, 0.000495259999298, 0.000488661578856, 0.000218381741433, 5.00326750625e-05],
        "dvar": [1.01161595012e-06, 7.21778342267e-05, 4.76897621411e-05, 1.2908669305e-05, 2.42133864958e-06, 8.20097966425e-07, 9.49393211158e-07, 2.60854631051e-06, 2.31483272728e-06, 3.27261454913e-06, 9.21401351661e-07, 1.27440239339e-06, 4.29193789842e-07, 9.51126366999e-07, 3.37470765999e-07, 5.66138851354e-07, 6.26733310582e-07, 2.76053214066e-07, 2.4469153459e-07, 2.54813187439e-07, 3.79874137479e-07, 2.5334276188e-07, 2.32958612401e-07, 4.38944056214e-07, 4.82598693452e-07, 8.99765595364e-08, 3.49265616428e-09],
        "dvar2": [2.0442969344e-06, 0.00012724615226, 0.000122639190522, 3.67718639609e-05, 6.70088002153e-06, 1.71745818989e-06, 2.17383717427e-06, 6.51006166663e-06, 5.41380904906e-06, 8.13832048152e-06, 2.21452455662e-06, 3.29379122377e-06, 1.14787781058e-06, 2.48054675467e-06, 9.01011560472e-07, 1.47884713897e-06, 1.67772111581e-06, 7.09883124728e-07, 6.07034053246e-07, 6.40952805497e-07, 9.46667569224e-07, 5.97766415922e-07, 4.65626669666e-07, 8.64038440795e-07, 9.54769348027e-07, 1.57113490218e-07, 7.50249107284e-09],
        "max": [0.0417192727327, 0.130450770259, 0.0518701896071, 0.0265082735568, 0.0155774895102, 0.0200525000691, 0.0193400010467, 0.0435085557401, 0.0306045264006, 0.0328298695385, 0.0262328702956, 0.021711518988, 0.0117252161726, 0.0202289260924, 0.0107243461534, 0.0156295094639, 0.0115954745561, 0.0133176632226, 0.00650811800733, 0.00704996660352, 0.0063494197093, 0.00562153849751, 0.00565362442285, 0.00695094373077, 0.00742262043059, 0.00352662731893, 0.000804098963272],
        "mean": [0.00135025056079, 0.0166577659547, 0.00330776185729, 0.000998251955025, 0.000996574526653, 0.00130609318148, 0.000991792767309, 0.00091813900508, 0.00124733452685, 0.00116711622104, 0.000716872746125, 0.00066367193358, 0.000407282350352, 0.000602546671871, 0.000413788045989, 0.000499293673784, 0.000560562941246, 0.000488487770781, 0.000509841134772, 0.00054213689873, 0.000580708961934, 0.000549077056348, 0.000546650204342, 0.000613823765889, 0.000614328717347, 0.00032531117904, 7.23719131202e-05],
        "median": [0.000690725282766, 0.0127434823662, 0.00134400860406, 0.000354046642315, 0.000424227182521, 0.000450086954515, 0.000366481981473, 0.000316032674164, 0.000465326331323, 0.000485621509142, 0.000268950243481, 0.000323158368701, 0.000191730214283, 0.000259462278336, 0.000196923385374, 0.000209435413126, 0.000224886098295, 0.000210504920688, 0.000219859197387, 0.000226243209909, 0.00021720919176, 0.000216525688302, 0.000228355507716, 0.000267303083092, 0.000283068569843, 0.00012286377023, 1.56712430908e-05],
        "min": [2.48465136958e-23, 2.05139906022e-24, 1.73326368449e-24, 4.61008340859e-24, 3.67970543236e-23, 4.7021073464e-23, 2.79847995919e-23, 4.05349013291e-23, 3.54457987019e-23, 1.39943343985e-22, 1.03487494091e-22, 5.32979103136e-23, 2.92157223712e-23, 1.59717209114e-22, 2.42334258308e-22, 2.0037994693e-22, 1.99122527891e-22, 2.21064422602e-22, 2.60366962269e-22, 3.74172883218e-22, 3.89610928998e-22, 4.44728577337e-22, 6.03306532464e-22, 8.81433442148e-22, 1.23784034474e-21, 1.45472736389e-21, 2.7445408438e-21],
        "var": [3.2933012335e-06, 0.000236428997596, 4.10230604757e-05, 7.70314090914e-06, 2.41582824856e-06, 4.82127234136e-06, 3.07388108922e-06, 3.48646608472e-06, 4.79453319713e-06, 4.20796322942e-06, 1.55412408276e-06, 1.29803447635e-06, 3.99287500841e-07, 1.01327736957e-06, 3.52922768343e-07, 6.14571774804e-07, 7.53095434902e-07, 4.65515256565e-07, 4.69568448125e-07, 4.95641700127e-07, 6.05466937031e-07, 5.00547514548e-07, 5.25970278886e-07, 8.35301875668e-07, 8.83726102074e-07, 2.25964441825e-07, 1.28039658875e-08]
    },
    "erbbands": {
        "dmean": [0.189378648996, 1.23476445675, 2.5992667675, 3.11409115791, 2.99684596062, 1.96958243847, 2.3863799572, 4.90018844604, 7.67879629135, 9.35264396667, 10.488986969, 17.1767349243, 26.2496604919, 13.2410259247, 20.1589660645, 18.4663982391, 14.5708293915, 19.4509010315, 19.3343029022, 17.6419010162, 21.1630420685, 20.1713886261, 16.8127498627, 15.5316057205, 14.1122236252, 14.1419744492, 14.6893100739, 12.6022987366, 10.9658918381, 9.62707138062, 8.43684577942, 6.78532743454, 5.93722820282, 3.99915528297, 2.74331212044, 0.846863210201, 0.290266126394, 0.0591784566641, 0.00538888620213, 9.04006665223e-05],
        "dmean2": [0.233091369271, 1.50461673737, 3.71314620972, 5.36698579788, 5.26868677139, 3.30524086952, 3.68776917458, 7.21295261383, 12.2313289642, 14.9106826782, 16.9686450958, 26.5956230164, 42.3521575928, 21.7846813202, 32.1280136108, 30.4393386841, 24.1237106323, 31.9732971191, 32.0581703186, 29.5482559204, 35.250957489, 32.5857162476, 27.1573944092, 24.9365253448, 22.3086452484, 22.663274765, 23.7540035248, 19.3533096313, 16.6397838593, 14.7144136429, 12.1323432922, 10.2479400635, 8.45350837708, 5.7059135437, 3.78507113457, 1.18147432804, 0.408627808094, 0.0842018947005, 0.00808155816048, 0.000129502062919],
        "dvar": [0.0678610950708, 4.5998840332, 39.9621620178, 102.224708557, 76.2939682007, 16.1943016052, 19.826965332, 87.569190979, 227.33253479, 580.430725098, 776.392578125, 1626.77685547, 3759.73193359, 740.407592773, 2496.69335938, 2261.6730957, 860.693786621, 1962.16674805, 1408.37548828, 1171.86096191, 1745.24987793, 1308.61108398, 785.683410645, 698.022644043, 562.471923828, 561.388916016, 801.594909668, 448.837402344, 364.831634521, 271.178985596, 203.408706665, 155.174682617, 146.28968811, 61.7757415771, 27.0029449463, 2.35915160179, 0.336412250996, 0.0107537284493, 9.72358175204e-05, 2.31715482357e-08],
        "dvar2": [0.118918776512, 7.40705060959, 90.1638793945, 278.930023193, 213.869476318, 44.5730018616, 44.5481491089, 173.691177368, 523.330627441, 1422.82714844, 1973.90332031, 3723.13842773, 9330.828125, 1914.79858398, 6112.09375, 5872.69726562, 2275.98193359, 5246.18212891, 3672.56201172, 3146.84301758, 4539.96289062, 3309.91259766, 1961.15087891, 1795.55651855, 1368.06591797, 1408.03356934, 2096.50341797, 1071.48706055, 872.34967041, 608.096008301, 394.950622559, 334.493835449, 284.613555908, 126.571380615, 51.3955574036, 4.16824579239, 0.603142023087, 0.0198593996465, 0.000213491512113, 4.53605188966e-08],
        "max": [3.86011266708, 29.2570304871, 50.3089981079, 71.6802597046, 95.0513687134, 53.1242408752, 87.5447845459, 248.79460144, 345.694366455, 471.879608154, 768.799926758, 928.831420898, 1325.44445801, 457.729919434, 1453.50012207, 1001.62237549, 531.479309082, 1068.12817383, 619.771240234, 722.524291992, 511.113891602, 783.799499512, 456.48248291, 542.377563477, 367.079498291, 317.689422607, 291.476379395, 233.532653809, 193.92237854, 281.510620117, 160.219161987, 134.631530762, 138.202056885, 82.7824325562, 60.8142356873, 17.0458221436, 6.80281877518, 1.26656258106, 0.134819954634, 0.00207344000228],
        "mean": [0.51752448082, 3.45140147209, 5.04864835739, 3.42338585854, 3.09377932549, 3.20679235458, 5.4734210968, 13.73503685, 16.6374015808, 15.9696273804, 16.924287796, 32.0109176636, 40.4570159912, 21.9594612122, 32.6864814758, 26.9637260437, 20.9010181427, 26.0093765259, 27.1845340729, 25.8961181641, 27.8963222504, 30.6190834045, 27.9145507812, 25.7513999939, 25.4509563446, 25.0751895905, 23.939617157, 22.3529548645, 19.7837982178, 17.6891765594, 16.2694015503, 12.458571434, 10.1944541931, 6.73930025101, 4.54185152054, 1.67173993587, 0.571064829826, 0.135362312198, 0.0111849792302, 0.000228749369853],
        "median": [0.350676238537, 2.5359852314, 2.21640634537, 1.57517242432, 1.14556992054, 1.44131410122, 2.18049788475, 4.31378126144, 5.99451732635, 6.59759807587, 7.57695484161, 11.4064369202, 18.3045883179, 11.8883914948, 12.6518106461, 13.8341407776, 10.6308927536, 12.3649654388, 13.3910799026, 13.2612419128, 12.5779008865, 13.0929880142, 12.0733089447, 11.7282781601, 10.6571483612, 10.377664566, 9.08525085449, 8.54022789001, 7.62977313995, 7.13861322403, 6.85066318512, 5.87926673889, 3.87775945663, 3.15320110321, 1.96107208729, 0.703570604324, 0.197794944048, 0.0404561720788, 0.00230828579515, 9.96050875983e-05],
        "min": [1.93633734687e-22, 2.61746547464e-22, 1.45957493308e-21, 1.04060855867e-20, 9.65501625337e-20, 1.00503937228e-19, 1.98462200271e-19, 4.8904246473e-19, 2.47857303474e-19, 7.0242512917e-19, 9.55717448709e-19, 8.04245892697e-19, 2.79143533478e-18, 4.68155109947e-18, 4.17391738859e-18, 1.97204283449e-18, 1.40993928026e-18, 7.05790120582e-18, 7.82651660382e-18, 1.53826146305e-17, 9.84831476574e-18, 1.22020911132e-17, 9.988537596e-18, 1.49719194564e-17, 1.40531633326e-17, 1.81933114862e-17, 1.41770931863e-17, 1.44839904284e-17, 1.83530781128e-17, 1.40550807372e-17, 1.90652955095e-17, 1.61017968879e-17, 1.58306520462e-17, 1.19284696927e-17, 9.31858747428e-18, 5.46288315863e-18, 2.88003030749e-18, 1.48013816974e-18, 3.63880396227e-19, 3.76375418206e-20],
        "var": [0.274575948715, 14.0412149429, 53.1875, 68.7939071655, 51.697971344, 22.3911018372, 66.5403671265, 636.662719727, 829.135253906, 895.253967285, 982.766784668, 3474.52685547, 4938.89453125, 994.233337402, 3788.55688477, 2195.46069336, 855.593688965, 1853.6986084, 1561.15808105, 1246.60412598, 1801.71960449, 1894.56176758, 1468.54711914, 1200.83862305, 1162.84277344, 1086.08496094, 1082.76025391, 847.025390625, 678.64666748, 538.458740234, 476.234771729, 287.045806885, 272.245513916, 106.082580566, 50.237903595, 5.79298019409, 0.769564568996, 0.0376749485731, 0.00031683142879, 8.03408539696e-08]
    },
    "gfcc": {
        "mean": [36.1059684753, 52.5466575623, -100.107131958, 34.4218254089, -49.569732666, 28.802192688, -26.1208515167, 21.5306625366, -16.1287193298, 10.5719652176, -12.8978824615, 5.8872628212, -9.27373600006],
        "cov": [[9559.93945312, -3300.62158203, 671.897949219, 388.154693604, -471.440185547, 65.2894210815, -223.06539917, 342.317260742, -368.128479004, 422.95425415, -346.549224854, 441.044372559, -163.263397217], [-3300.62158203, 2971.02075195, -771.22265625, -94.3693161011, 237.440826416, -114.779197693, 249.432800293, -182.071487427, 299.120025635, -284.25592041, 219.976730347, -299.747009277, 129.858566284], [671.897949219, -771.22265625, 785.227661133, 213.399002075, 129.782592773, 195.865097046, 19.6405353546, 146.465484619, -42.3034667969, 154.944885254, -21.5885219574, 128.316253662, -18.5781917572], [388.154693604, -94.3693161011, 213.399002075, 330.202606201, 136.919113159, 158.143081665, 75.103553772, 87.2241287231, 27.1371994019, 43.4904212952, 5.72569894791, 6.86721134186, -3.9265294075], [-471.440185547, 237.440826416, 129.782592773, 136.919113159, 296.953063965, 138.426574707, 124.705307007, 30.5505237579, 81.9591522217, -3.07284522057, 50.222743988, -31.7600593567, 15.7978134155], [65.2894210815, -114.779197693, 195.865097046, 158.143081665, 138.426574707, 261.7684021, 89.747467041, 112.713729858, 18.3966846466, 57.8381004333, 6.09675121307, 10.7677221298, -4.83709526062], [-223.06539917, 249.432800293, 19.6405353546, 75.103553772, 124.705307007, 89.747467041, 173.267089844, 78.5283889771, 94.0060195923, 9.20472335815, 44.2159042358, -16.962053299, 25.1295185089], [342.317260742, -182.071487427, 146.465484619, 87.2241287231, 30.5505237579, 112.713729858, 78.5283889771, 162.002243042, 55.0154838562, 92.5852737427, 15.6354074478, 40.1203117371, 5.45956420898], [-368.128479004, 299.120025635, -42.3034667969, 27.1371994019, 81.9591522217, 18.3966846466, 94.0060195923, 55.0154838562, 134.396255493, 35.1450614929, 69.0908355713, -15.1581163406, 30.0284099579], [422.95425415, -284.25592041, 154.944885254, 43.4904212952, -3.07284522057, 57.8381004333, 9.20472335815, 92.5852737427, 35.1450614929, 145.859512329, 44.8397026062, 77.2559738159, 9.3314704895], [-346.549224854, 219.976730347, -21.5885219574, 5.72569894791, 50.222743988, 6.09675121307, 44.2159042358, 15.6354074478, 69.0908355713, 44.8397026062, 109.289924622, 29.6197948456, 43.5957794189], [441.044372559, -299.747009277, 128.316253662, 6.86721134186, -31.7600593567, 10.7677221298, -16.962053299, 40.1203117371, -15.1581163406, 77.2559738159, 29.6197948456, 114.565246582, 31.8707580566], [-163.263397217, 129.858566284, -18.5781917572, -3.9265294075, 15.7978134155, -4.83709526062, 25.1295185089, 5.45956420898, 30.0284099579, 9.3314704895, 43.5957794189, 31.8707580566, 71.0462112427]],
        "icov": [[0.000264360714937, 8.55594844325e-05, 0.000290074298391, -0.000463575473987, -1.25054020828e-05, 0.000402362871682, -0.000338418525644, -0.000223918716074, 0.000512892380357, -0.000747436832171, 0.000985348364338, -0.000881565152667, 0.000340647180565], [8.55594844325e-05, 0.00126650242601, 0.000241691683186, -0.000142947566928, 0.000404891761718, -0.00020064850105, -0.000589058850892, 0.000718149298336, -0.00136932963505, 0.00158363871742, -0.00210720510222, 0.00217953836545, -0.00132745597512], [0.000290074298391, 0.000241691683186, 0.00330671900883, -0.00120473653078, -0.00215630978346, 0.000571085256524, -0.000104566170194, -0.00140238029417, 0.00227642524987, -0.00259454874322, 0.00243867561221, -0.0031434353441, 0.000978347612545], [-0.000463575473987, -0.000142947566928, -0.00120473653078, 0.00568987196311, -0.0011212262325, -0.00212450674735, 0.000535441737156, -0.000633108138572, -0.000759422488045, 0.00141787924804, -0.00162819470279, 0.00216122856364, -0.000676305731758], [-1.25054020828e-05, 0.000404891761718, -0.00215630978346, -0.0011212262325, 0.0095777772367, -0.00423350185156, -0.00315243261866, 0.00556647218764, -0.00561372283846, 0.00314961117692, -0.00316804158501, 0.00224274490029, -0.000228364981012], [0.000402362871682, -0.00020064850105, 0.000571085256524, -0.00212450674735, -0.00423350185156, 0.0106308683753, -0.00230061123148, -0.00640901643783, 0.00779361091554, -0.00435842014849, 0.00169756705873, 0.000603586784564, 0.000260652042925], [-0.000338418525644, -0.000589058850892, -0.000104566170194, 0.000535441737156, -0.00315243261866, -0.00230061123148, 0.0165925975889, -0.00719138560817, -0.00668179430068, 0.00663647660986, -0.00199123728089, -0.000365514570149, -0.00113238685299], [-0.000223918716074, 0.000718149298336, -0.00140238029417, -0.000633108138572, 0.00556647218764, -0.00640901643783, -0.00719138560817, 0.0224010404199, -0.00965445395559, -0.00591432489455, 0.00395029876381, -0.000622308521997, -0.000368264736608], [0.000512892380357, -0.00136932963505, 0.00227642524987, -0.000759422488045, -0.00561372283846, 0.00779361091554, -0.00668179430068, -0.00965445395559, 0.0297351703048, -0.0118988547474, -0.00340265990235, 0.00551103055477, -0.00227031251416], [-0.000747436832171, 0.00158363871742, -0.00259454874322, 0.00141787924804, 0.00314961117692, -0.00435842014849, 0.00663647660986, -0.00591432489455, -0.0118988547474, 0.0285725183785, -0.0136248078197, -0.0040766983293, 0.00336341559887], [0.000985348364338, -0.00210720510222, 0.00243867561221, -0.00162819470279, -0.00316804158501, 0.00169756705873, -0.00199123728089, 0.00395029876381, -0.00340265990235, -0.0136248078197, 0.0307524222881, -0.0133811440319, -0.00175573560409], [-0.000881565152667, 0.00217953836545, -0.0031434353441, 0.00216122856364, 0.00224274490029, 0.000603586784564, -0.000365514570149, -0.000622308521997, 0.00551103055477, -0.0040766983293, -0.0133811440319, 0.0331840030849, -0.0154615454376], [0.000340647180565, -0.00132745597512, 0.000978347612545, -0.000676305731758, -0.000228364981012, 0.000260652042925, -0.00113238685299, -0.000368264736608, -0.00227031251416, 0.00336341559887, -0.00175573560409, -0.0154615454376, 0.0265313889831]]
    },
    "melbands": {
        "dmean": [0.00149664515629, 0.00127821101341, 0.000519686378539, 0.000169766513864, 8.17463878775e-05, 0.000109739099571, 0.000107007814222, 0.000115628601634, 8.38786436361e-05, 0.000113413196232, 0.000133214140078, 5.78678263992e-05, 5.74855366722e-05, 5.60147018405e-05, 4.07404731959e-05, 3.52103888872e-05, 3.94418602809e-05, 3.562909842e-05, 2.0956278604e-05, 3.22885534842e-05, 2.52301761066e-05, 2.49190852628e-05, 1.57519243658e-05, 1.32346276587e-05, 1.32794084493e-05, 1.14921131171e-05, 9.64818354987e-06, 1.02334306575e-05, 9.85430597211e-06, 8.34408911032e-06, 7.41328631193e-06, 6.34013031231e-06, 6.26740347798e-06, 5.30786110176e-06, 5.38533686267e-06, 4.51400046586e-06, 4.35541323895e-06, 4.43795443061e-06, 3.84528038921e-06, 3.3350791e-06],
        "dmean2": [0.0019357589772, 0.00164432753809, 0.000874280463904, 0.000294335128274, 0.000127089922898, 0.000164314493304, 0.000170342580532, 0.000184451084351, 0.000136550457682, 0.000175435547135, 0.000215521009522, 9.55463619903e-05, 9.20074307942e-05, 9.11387469387e-05, 6.72431051498e-05, 5.90251693211e-05, 6.49420398986e-05, 5.90543313592e-05, 3.5394958104e-05, 5.40897199244e-05, 4.26790611527e-05, 4.09112471971e-05, 2.54757997027e-05, 2.15259296965e-05, 2.15577601921e-05, 1.84863347386e-05, 1.51863978317e-05, 1.66639947565e-05, 1.62329561135e-05, 1.31122760649e-05, 1.15262319014e-05, 9.65013896348e-06, 9.95314712782e-06, 8.17417640064e-06, 7.81345806899e-06, 6.91999775881e-06, 6.65428751745e-06, 6.40741609459e-06, 5.50912545805e-06, 4.90727734359e-06],
        "dvar": [4.60934552393e-06, 6.26373548585e-06, 2.47251318797e-06, 1.92867531723e-07, 2.1519381832e-08, 4.08062881263e-08, 4.36472156196e-08, 9.46380254163e-08, 4.62671039259e-08, 6.98977515867e-08, 9.68496394194e-08, 1.64261990676e-08, 1.91844637953e-08, 1.74482206461e-08, 9.74252145625e-09, 6.13687634043e-09, 9.03042529643e-09, 5.24103693778e-09, 1.71981284769e-09, 3.92146004558e-09, 3.16381676413e-09, 2.26315943763e-09, 7.09305836288e-10, 5.44648215417e-10, 5.10426034772e-10, 4.15733919512e-10, 2.61084626141e-10, 3.13381959272e-10, 3.76307845995e-10, 1.98649416361e-10, 1.61735555504e-10, 1.1027629504e-10, 1.33034666616e-10, 8.13093620211e-11, 7.98999755247e-11, 6.95039442666e-11, 6.35836799878e-11, 8.09717431993e-11, 5.65718340229e-11, 4.3224129137e-11],
        "dvar2": [8.03405146144e-06, 1.08188787635e-05, 6.52091739539e-06, 5.45741670521e-07, 5.00028143335e-08, 8.43072882617e-08, 1.00059160957e-07, 2.32956068658e-07, 1.16904097069e-07, 1.58885228529e-07, 2.40691122144e-07, 4.24541788391e-08, 4.72166661325e-08, 4.51554384995e-08, 2.49897631477e-08, 1.64890376908e-08, 2.42422046881e-08, 1.350680634e-08, 4.57807480814e-09, 1.06473541095e-08, 8.43365732806e-09, 5.90411541879e-09, 1.82222603673e-09, 1.3783191255e-09, 1.32726918345e-09, 9.96576487999e-10, 6.4970490099e-10, 8.08871136737e-10, 1.00247776746e-09, 4.88433793411e-10, 3.93357374451e-10, 2.63124771971e-10, 3.2867814026e-10, 1.83088558203e-10, 1.55056134599e-10, 1.653432391e-10, 1.32204830416e-10, 1.62083596544e-10, 1.08411994659e-10, 9.32735208514e-11],
        "max": [0.0347053706646, 0.0228281002492, 0.0110018337145, 0.00410803547129, 0.00241506402381, 0.00483132712543, 0.00443593226373, 0.00641573406756, 0.00523065729067, 0.00613125134259, 0.00647981232032, 0.00223525310867, 0.00401707738638, 0.00253480672836, 0.00205272831954, 0.00155220378656, 0.00241909222677, 0.00142162921838, 0.000850993499625, 0.00146823225077, 0.00059955852339, 0.000999423093162, 0.000388073764043, 0.000549426476937, 0.000429145409726, 0.000296543963486, 0.000232883350691, 0.000278400664683, 0.000210346071981, 0.000141737327795, 0.000137889393955, 0.000109312706627, 0.000135530470288, 0.000157607762958, 9.89449981716e-05, 9.9308002973e-05, 8.5111700173e-05, 0.000104628641566, 7.95112500782e-05, 7.43706405046e-05],
        "mean": [0.00464608473703, 0.00347143691033, 0.000601878738962, 0.000218091503484, 0.00018780490791, 0.000303458655253, 0.000228003045777, 0.000188143487321, 0.000131674736622, 0.000209384830669, 0.000200734793907, 9.00456652744e-05, 9.28927402128e-05, 8.42648150865e-05, 5.76231395826e-05, 4.31061453128e-05, 5.12038168381e-05, 4.79459631606e-05, 2.96322577924e-05, 4.17725095758e-05, 3.05782668875e-05, 3.48014036717e-05, 2.58418531303e-05, 2.1206220481e-05, 2.06517834158e-05, 1.90188311535e-05, 1.7109030523e-05, 1.66369300132e-05, 1.50580626723e-05, 1.39923040479e-05, 1.24921743918e-05, 1.11713325168e-05, 1.03894262793e-05, 9.40745030675e-06, 9.95938353299e-06, 7.73577266955e-06, 7.62292711443e-06, 7.35953699404e-06, 6.24088943368e-06, 5.48673642697e-06],
        "median": [0.00365714565851, 0.00239793490618, 0.000287239759928, 8.76531848917e-05, 7.76838060119e-05, 0.000103469894384, 8.48472918733e-05, 6.6739768954e-05, 5.31339464942e-05, 6.97057475918e-05, 8.85621411726e-05, 4.44760080427e-05, 3.75403069484e-05, 3.79441371479e-05, 2.71931239695e-05, 1.78508380486e-05, 2.20946749323e-05, 2.10399230127e-05, 1.41136442835e-05, 1.86299566849e-05, 1.26254844872e-05, 1.3778050743e-05, 1.10665559987e-05, 9.25869426283e-06, 9.15922646527e-06, 7.50784647607e-06, 7.26164353182e-06, 6.72511032462e-06, 5.72092721995e-06, 5.26127541889e-06, 4.79980099044e-06, 4.41253587269e-06, 3.89549040847e-06, 3.7670911297e-06, 4.29903957411e-06, 3.26076997226e-06, 3.65853088624e-06, 2.8646275041e-06, 2.23936854127e-06, 2.90438219963e-06],
        "min": [2.52286237187e-24, 5.97713054657e-25, 4.52844182692e-24, 6.55359568205e-24, 6.76036283062e-24, 1.03495198106e-23, 4.15929515519e-24, 7.60112762796e-24, 7.27402960906e-24, 5.23564813428e-24, 1.46773629868e-23, 1.93097261939e-23, 1.47777802469e-23, 6.32710503869e-24, 3.66850494857e-24, 3.77967990481e-24, 1.53957817686e-23, 1.08463554528e-23, 2.15310559511e-23, 1.7551815931e-23, 1.07236654939e-23, 1.46238103754e-23, 7.58030485551e-24, 1.01488817168e-23, 1.24451556266e-23, 1.01405939442e-23, 1.39929504209e-23, 1.05645009734e-23, 6.65576303003e-24, 1.23737219051e-23, 6.81922526479e-24, 9.39204777551e-24, 1.01326382819e-23, 6.97060293933e-24, 1.10669919594e-23, 1.00474073832e-23, 9.6102829895e-24, 1.13097591698e-23, 1.112031659e-23, 9.84812928559e-24],
        "var": [1.80201532203e-05, 1.50350824697e-05, 1.81054303994e-06, 1.54294653498e-07, 6.97552309248e-08, 2.64688253537e-07, 1.51409267346e-07, 1.39063843108e-07, 6.53918519333e-08, 1.52600463821e-07, 1.25554905139e-07, 2.02008685335e-08, 2.81541296943e-08, 1.97453253747e-08, 9.95987559094e-09, 5.50244916298e-09, 8.50967296628e-09, 5.99792038258e-09, 1.87572557486e-09, 4.16678513915e-09, 2.978414404e-09, 2.92378565803e-09, 1.27868993172e-09, 8.64261662237e-10, 8.37895086647e-10, 8.26015422728e-10, 5.00434249595e-10, 5.50007983602e-10, 4.62975185966e-10, 3.49935858068e-10, 2.84271911566e-10, 2.1822374463e-10, 2.10090209118e-10, 1.57028112735e-10, 1.87266244178e-10, 1.13709153204e-10, 1.16069993894e-10, 1.44885950459e-10, 1.05694196451e-10, 6.79880943211e-11]
    },
    "mfcc": {
        "mean": [-611.01348877, 88.2655563354, 10.165394783, 17.4567928314, 7.79589891434, 11.4713659286, 8.41576766968, 12.0275115967, 8.82305908203, 8.82163047791, 4.54476165771, 5.67554616928, 4.14945077896],
        "cov": [[7285.43505859, -1913.44543457, 148.865737915, 96.7629852295, -206.614425659, -167.42036438, -136.843490601, -70.1084213257, 8.77337646484, -145.903762817, -80.5309066772, -19.6291389465, -18.1223087311], [-1913.44543457, 1886.68066406, -422.767303467, 103.460723877, -20.0218105316, 60.5089569092, -2.11819267273, 92.0060577393, 20.7517662048, 83.3917160034, 43.0733261108, 19.2216320038, 4.06026649475], [148.865737915, -422.767303467, 454.593780518, 55.2145004272, 112.360313416, 54.9381561279, 78.1437911987, 18.8798999786, 35.0220336914, 12.7028141022, 15.7100944519, 33.1853713989, 40.7254486084], [96.7629852295, 103.460723877, 55.2145004272, 209.428787231, 87.645149231, 67.1738204956, 42.3297080994, 56.2611808777, 42.6992149353, 31.4229335785, 31.6369552612, 29.7551689148, 19.8399429321], [-206.614425659, -20.0218105316, 112.360313416, 87.645149231, 214.690063477, 131.717666626, 97.795539856, 57.4730110168, 50.1010665894, 44.6306991577, 33.3337631226, 38.9237098694, 32.4945297241], [-167.42036438, 60.5089569092, 54.9381561279, 67.1738204956, 131.717666626, 158.465545654, 103.874679565, 70.6355667114, 51.286945343, 40.3616447449, 28.2083358765, 28.9350681305, 22.4485034943], [-136.843490601, -2.11819267273, 78.1437911987, 42.3297080994, 97.795539856, 103.874679565, 129.201629639, 83.2645339966, 58.9135093689, 46.6713523865, 33.3886871338, 32.0265197754, 28.6442699432], [-70.1084213257, 92.0060577393, 18.8798999786, 56.2611808777, 57.4730110168, 70.6355667114, 83.2645339966, 114.042037964, 74.4852371216, 51.5995788574, 33.2565040588, 25.2791061401, 19.8760471344], [8.77337646484, 20.7517662048, 35.0220336914, 42.6992149353, 50.1010665894, 51.286945343, 58.9135093689, 74.4852371216, 101.103675842, 66.0624313354, 39.7014122009, 31.5634269714, 24.1112270355], [-145.903762817, 83.3917160034, 12.7028141022, 31.4229335785, 44.6306991577, 40.3616447449, 46.6713523865, 51.5995788574, 66.0624313354, 101.062667847, 60.3623886108, 36.7968139648, 28.0777111053], [-80.5309066772, 43.0733261108, 15.7100944519, 31.6369552612, 33.3337631226, 28.2083358765, 33.3886871338, 33.2565040588, 39.7014122009, 60.3623886108, 82.4779891968, 49.795627594, 28.4192962646], [-19.6291389465, 19.2216320038, 33.1853713989, 29.7551689148, 38.9237098694, 28.9350681305, 32.0265197754, 25.2791061401, 31.5634269714, 36.7968139648, 49.795627594, 76.7488708496, 50.1844902039], [-18.1223087311, 4.06026649475, 40.7254486084, 19.8399429321, 32.4945297241, 22.4485034943, 28.6442699432, 19.8760471344, 24.1112270355, 28.0777111053, 28.4192962646, 50.1844902039, 74.4052276611]],
