{
"lowlevel": {
    "average_loudness": 0.76114988327,
    "barkbands_crest": {
        "dmean": 3.12637662888,
        "dmean2": 4.63327121735,
        "dvar": 9.58671379089,
        "dvar2": 20.0850086212,
        "max": 26.2380237579,
        "mean": 12.2737197876,
        "median": 10.8031711578,
        "min": 2.03707814217,
        "var": 38.6168136597
    },
    "barkbands_flatness_db": {
        "dmean": 0.0246694665402,
        "dmean2": 0.0339647121727,
        "dvar": 0.000665012048557,
        "dvar2": 0.00124177115504,
        "max": 0.390111148357,
        "mean": 0.126884490252,
        "median": 0.117829799652,
        "min": 0.0209956038743,
        "var": 0.0036132261157
    },
    "barkbands_kurtosis": {
        "dmean": 5.60103607178,
        "dmean2": 7.55482625961,
        "dvar": 139.607116699,
        "dvar2": 278.483398438,
        "max": 298.929229736,
        "mean": 7.9070930481,
        "median": 1.64344835281,
        "min": -1.73066926003,
        "var": 315.472137451
    },
    "barkbands_skewness": {
        "dmean": 0.754607260227,
        "dmean2": 0.999883651733,
        "dvar": 0.872666120529,
        "dvar2": 1.64785015583,
        "max": 15.689081192,
        "mean": 1.95768165588,
        "median": 1.35371911526,
        "min": -1.96482336521,
        "var": 3.81549453735
    },
    "barkbands_spread": {
        "dmean": 5.70121860504,
        "dmean2": 8.62649917603,
        "dvar": 43.9464263916,
        "dvar2": 102.251823425,
        "max": 84.0062942505,
        "mean": 22.3052062988,
        "median": 20.7993087769,
        "min": 0.718723595142,
        "var": 163.186508179
    },
    "dissonance": {
        "dmean": 0.0159210301936,
        "dmean2": 0.0270731560886,
        "dvar": 0.000269262265647,
        "dvar2": 0.000737242866307,
        "max": 0.500000119209,
        "mean": 0.468836098909,
        "median": 0.476457178593,
        "min": 0.304519861937,
        "var": 0.000691331806593
    },
    "dynamic_complexity": 3.56937932968,
    "erbbands_crest": {
        "dmean": 2.63717961311,
        "dmean2": 4.321372509,
        "dvar": 7.43529748917,
        "dvar2": 18.862695694,
        "max": 29.6811923981,
        "mean": 8.65856647491,
        "median": 7.52841472626,
        "min": 2.23790836334,
        "var": 19.1059837341
    },
    "erbbands_flatness_db": {
        "dmean": 0.0135180940852,
        "dmean2": 0.0211965963244,
        "dvar": 0.000173895867192,
        "dvar2": 0.000420459924499,
        "max": 0.33147713542,
        "mean": 0.138761982322,
        "median": 0.122867941856,
        "min": 0.0573496855795,
        "var": 0.00268458132632
    },
    "erbbands_kurtosis": {
        "dmean": 0.692200541496,
        "dmean2": 1.10818684101,
        "dvar": 0.920872986317,
        "dvar2": 2.28840231895,
        "max": 17.1206035614,
        "mean": 0.315516293049,
        "median": -0.177843332291,
        "min": -1.78690683842,
        "var": 2.87581205368
    },
    "erbbands_skewness": {
        "dmean": 0.297077417374,
        "dmean2": 0.478745728731,
        "dvar": 0.0780212730169,
        "dvar2": 0.200937271118,
        "max": 3.0041410923,
        "mean": 0.321782886982,
        "median": 0.223945617676,
        "min": -1.78084266186,
        "var": 0.359272032976
    },
    "erbbands_spread": {
        "dmean": 8.42730236053,
        "dmean2": 12.2399396896,
        "dvar": 118.577514648,
        "dvar2": 200.774383545,
        "max": 132.534515381,
        "mean": 41.4802017212,
        "median": 37.2294769287,
        "min": 3.50907683372,
        "var": 563.031066895
    },
    "hfc": {
        "dmean": 9.49877357483,
        "dmean2": 14.9807329178,
        "dvar": 321.781921387,
        "dvar2": 844.405883789,
        "max": 303.855682373,
        "mean": 24.9725151062,
        "median": 15.7905635834,
        "min": 1.16426028559e-16,
        "var": 633.413208008
    },
    "melbands_crest": {
        "dmean": 3.81052422523,
        "dmean2": 5.80502986908,
        "dvar": 14.5569210052,
        "dvar2": 34.1502227783,
        "max": 34.9163970947,
        "mean": 17.3398857117,
        "median": 15.8735351562,
        "min": 1.57520329952,
        "var": 66.504989624
    },
    "melbands_flatness_db": {
        "dmean": 0.031580183655,
        "dmean2": 0.0436617136002,
        "dvar": 0.00118142797146,
        "dvar2": 0.00231576920487,
        "max": 0.501738786697,
        "mean": 0.192175507545,
        "median": 0.184114247561,
        "min": 0.00113962357864,
        "var": 0.00608894322067
    },
    "melbands_kurtosis": {
        "dmean": 19.1837425232,
        "dmean2": 24.2498855591,
        "dvar": 1701.89196777,
        "dvar2": 2727.74438477,
        "max": 564.15246582,
        "mean": 31.1311149597,
        "median": 6.91576910019,
        "min": -1.64946496487,
        "var": 4552.7109375
    },
    "melbands_skewness": {
        "dmean": 1.19067800045,
        "dmean2": 1.54862117767,
        "dvar": 2.56904292107,
        "dvar2": 4.21389293671,
        "max": 20.9899635315,
        "mean": 3.48655629158,
        "median": 2.22135138512,
        "min": -1.07312619686,
        "var": 12.1007127762
    },
    "melbands_spread": {
        "dmean": 7.41500473022,
        "dmean2": 11.625790596,
        "dvar": 96.3367614746,
        "dvar2": 226.029449463,
        "max": 144.954421997,
        "mean": 22.8371315002,
        "median": 20.2599029541,
        "min": 0.597716808319,
        "var": 264.687347412
    },
    "pitch_salience": {
        "dmean": 0.0917166098952,
        "dmean2": 0.135626971722,
        "dvar": 0.00974689330906,
        "dvar2": 0.020226387307,
        "max": 0.992679715157,
        "mean": 0.481808274984,
        "median": 0.504555702209,
        "min": 0.0416899994016,
        "var": 0.0343400835991
    },
    "silence_rate_20dB": {
        "dmean": 0,
        "dmean2": 0,
        "dvar": 0,
        "dvar2": 0,
        "max": 1,
        "mean": 1,
        "median": 1,
        "min": 1,
        "var": 0
    },
    "silence_rate_30dB": {
        "dmean": 0.0730851888657,
        "dmean2": 0.14618691802,
        "dvar": 0.0677457079291,
        "dvar2": 0.151061758399,
        "max": 1,
        "mean": 0.898190021515,
        "median": 1,
        "min": 0,
        "var": 0.0914490818977
    },
    "silence_rate_60dB": {
        "dmean": 0.0192329455167,
        "dmean2": 0.0384702421725,
        "dvar": 0.0188604071736,
        "dvar2": 0.0435473695397,
        "max": 1,
        "mean": 0.0785067901015,
        "median": 0,
        "min": 0,
        "var": 0.0723439455032
    },
    "spectral_centroid": {
        "dmean": 252.152877808,
        "dmean2": 392.568603516,
        "dvar": 83666.3984375,
        "dvar2": 182503.9375,
        "max": 11576.3886719,
        "mean": 1555.82763672,
        "median": 1528.11010742,
        "min": 269.653411865,
        "var": 387708.59375
    },
    "spectral_complexity": {
        "dmean": 4.80461597443,
        "dmean2": 6.9230594635,
        "dvar": 33.0861473083,
        "dvar2": 59.0857429504,
        "max": 62,
        "mean": 21.427148819,
        "median": 18,
        "min": 0,
        "var": 163.340408325
    },
    "spectral_decrease": {
        "dmean": 2.92419843895e-09,
        "dmean2": 4.74686778773e-09,
        "dvar": 1.65634960186e-17,
        "dvar2": 4.19017934584e-17,
        "max": 1.78411123413e-29,
        "mean": -1.01604520353e-08,
        "median": -5.82909276403e-09,
        "min": -5.04961548131e-08,
        "var": 9.86234540329e-17
    },
    "spectral_energy": {
        "dmean": 0.0114858197048,
        "dmean2": 0.0187916234136,
        "dvar": 0.000244708295213,
        "dvar2": 0.000634370488115,
        "max": 0.194716945291,
        "mean": 0.0406129807234,
        "median": 0.0242783762515,
        "min": 1.05607481664e-20,
        "var": 0.00148898537736
    },
    "spectral_energyband_high": {
        "dmean": 0.000655459240079,
        "dmean2": 0.00101976108272,
        "dvar": 2.06830259231e-06,
        "dvar2": 5.39867596672e-06,
        "max": 0.0290379412472,
        "mean": 0.00142006075475,
        "median": 0.000676594208926,
        "min": 7.68839499326e-21,
        "var": 3.33970410793e-06
    },
    "spectral_energyband_low": {
        "dmean": 0.010579190217,
        "dmean2": 0.0163075309247,
        "dvar": 0.00031941672205,
        "dvar2": 0.000732828921173,
        "max": 0.184737563133,
        "mean": 0.0259280987084,
        "median": 0.00515211978927,
        "min": 8.03995548786e-23,
        "var": 0.00131328671705
    },
    "spectral_energyband_middle_high": {
        "dmean": 0.00340737891383,
        "dmean2": 0.0056270188652,
        "dvar": 3.93445261579e-05,
        "dvar2": 0.000106488121673,
        "max": 0.0683097839355,
        "mean": 0.00653207441792,
        "median": 0.00331221194938,
        "min": 1.53424989477e-21,
        "var": 5.6938821217e-05
    },
    "spectral_energyband_middle_low": {
        "dmean": 0.00383525458165,
        "dmean2": 0.00599763542414,
        "dvar": 5.39056673006e-05,
        "dvar2": 0.000125977559946,
        "max": 0.0643730536103,
        "mean": 0.00767568079755,
        "median": 0.00555797154084,
        "min": 3.3653419635e-22,
        "var": 6.77679927321e-05
    },
    "spectral_entropy": {
        "dmean": 0.116496868432,
        "dmean2": 0.178393423557,
        "dvar": 0.0157105326653,
        "dvar2": 0.0348313786089,
        "max": 9.80442428589,
        "mean": 7.79131507874,
        "median": 7.92934751511,
        "min": 6.19392490387,
        "var": 0.177585631609
    },
    "spectral_flux": {
        "dmean": 0.02919392474,
        "dmean2": 0.0424360111356,
        "dvar": 0.00128781702369,
        "dvar2": 0.00211550248787,
        "max": 0.369890451431,
        "mean": 0.0923570767045,
        "median": 0.0751205086708,
        "min": 6.63521043665e-11,
        "var": 0.00518943462521
    },
    "spectral_kurtosis": {
        "dmean": 1.03573405743,
        "dmean2": 1.75183999538,
        "dvar": 2.30679392815,
        "dvar2": 6.84973907471,
        "max": 30.7095336914,
        "mean": 3.97087144852,
        "median": 2.93834543228,
        "min": -1.22469830513,
        "var": 9.18151569366
    },
    "spectral_rms": {
        "dmean": 0.000831192417536,
        "dmean2": 0.0013366920175,
        "dvar": 9.09943366878e-07,
        "dvar2": 2.26801421377e-06,
        "max": 0.0137828784063,
        "mean": 0.00550683075562,
        "median": 0.00486684869975,
        "min": 3.20985490791e-12,
        "var": 9.2973386927e-06
    },
    "spectral_rolloff": {
        "dmean": 506.405700684,
        "dmean2": 813.633911133,
        "dvar": 605915.25,
        "dvar2": 1255087.125,
        "max": 18604.6875,
        "mean": 1427.16577148,
        "median": 1076.66015625,
        "min": 64.599609375,
        "var": 1895557.5
    },
    "spectral_skewness": {
        "dmean": 0.148594781756,
        "dmean2": 0.245574086905,
        "dvar": 0.0257815960795,
        "dvar2": 0.0688855871558,
        "max": 4.18699264526,
        "mean": 1.51785433292,
        "median": 1.3877620697,
        "min": -0.0805064961314,
        "var": 0.170528292656
    },
    "spectral_spread": {
        "dmean": 388743.90625,
        "dmean2": 585747.25,
        "dvar": 268296732672,
        "dvar2": 498183012352,
        "max": 41333212,
        "mean": 5124990.5,
        "median": 5309023,
        "min": 1784706.75,
        "var": 2.16990049894e+12
    },
    "spectral_strongpeak": {
        "dmean": 0.397209256887,
        "dmean2": 0.674211740494,
        "dvar": 0.51508808136,
        "dvar2": 1.28958916664,
        "max": 11.6507205963,
        "mean": 0.799219608307,
        "median": 0.624240279198,
        "min": 0,
        "var": 0.681054770947
    },
    "zerocrossingrate": {
        "dmean": 0.0108328945935,
        "dmean2": 0.0124237686396,
        "dvar": 0.000161463554832,
        "dvar2": 0.000191121565877,
        "max": 0.63037109375,
        "mean": 0.0603985115886,
        "median": 0.052734375,
        "min": 0.00341796875,
        "var": 0.00138096965384
    },
    "barkbands": {
        "dmean": [0.000567354785744, 0.0100012449548, 0.00337943877093, 0.00165240804199, 0.00135864992626, 0.00066746288212, 0.000800601614174, 0.000595943187363, 0.000444187986432, 0.000929967965931, 0.000913923955522, 0.000726599770132, 0.000560476037208, 0.00034961316851, 0.000291720498353, 0.000256019149674, 0.000256171246292, 0.000196920940652, 0.000237495085457, 0.000224257659283, 0.000184856631677, 0.000136452028528, 0.000115261776955, 0.000115308881504, 7.4474955909e-05, 3.28715941578e-05, 6.5917511165e-06],
        "dmean2": [0.000639757898171, 0.0141653381288, 0.00576245877892, 0.00300721218809, 0.00238737720065, 0.00113589235116, 0.00125745718833, 0.00090133852791, 0.000771257735323, 0.00158743397333, 0.0015083149774, 0.00124338828027, 0.000933318282478, 0.000591817428358, 0.000477941532154, 0.000418572686613, 0.000418249925133, 0.000325125729432, 0.000391182198655, 0.000387227104511, 0.000308479036903, 0.000215438034502, 0.000184478776646, 0.000189247642993, 0.000114623588161, 4.92559702252e-05, 1.08473404907e-05],
        "dvar": [1.06599691208e-06, 0.000284503475996, 0.000124598649563, 3.45996959368e-05, 1.01698988146e-05, 1.54714678047e-06, 2.17139358938e-06, 1.43788736295e-06, 1.30833086587e-06, 5.16935506312e-06, 3.59656769433e-06, 4.33237164543e-06, 1.68813414803e-06, 4.18939634983e-07, 2.30814634961e-07, 1.75261462232e-07, 1.56186061417e-07, 1.29496385171e-07, 1.95316118834e-07, 2.62594397782e-07, 1.55424515924e-07, 7.53133448939e-08, 7.77155122478e-08, 6.93350870051e-08, 2.3515212888e-08, 4.99490360184e-09, 2.29215924019e-10],
        "dvar2": [1.26365739561e-06, 0.000529114564415, 0.000335289543727, 0.000100022101833, 2.89131894533e-05, 4.16078455601e-06, 5.13781060363e-06, 3.20852450386e-06, 3.5688403841e-06, 1.3632487935e-05, 9.05944943952e-06, 1.16550336315e-05, 4.28920066042e-06, 1.13307430638e-06, 5.7665448594e-07, 4.49599724561e-07, 4.03898553714e-07, 3.49918394704e-07, 5.39939662758e-07, 7.48436718823e-07, 4.34650530678e-07, 1.88377896393e-07, 2.02963093443e-07, 1.83623470207e-07, 5.93859752485e-08, 1.19528307252e-08, 5.95595017749e-10],
        "max": [0.0136021096259, 0.16647207737, 0.101690351963, 0.0494287982583, 0.0458038002253, 0.0208019316196, 0.0224869921803, 0.0370841361582, 0.030136462301, 0.0385021455586, 0.0416600294411, 0.0492031387985, 0.0344570912421, 0.0101350126788, 0.00703502446413, 0.00608809757978, 0.00581505801529, 0.00762676680461, 0.00760999321938, 0.00684195850044, 0.00679296208546, 0.00536522641778, 0.00636942125857, 0.00576921133325, 0.00414523063228, 0.0025944323279, 0.000524129543919],
        "mean": [0.00116578489542, 0.0210596807301, 0.00293773319572, 0.00136077753268, 0.00160344422329, 0.00109074788634, 0.00163115619216, 0.00112139957491, 0.000522473361343, 0.00118074682541, 0.00123294605874, 0.000828137970529, 0.000715169648174, 0.000517142820172, 0.000474173022667, 0.000414422684116, 0.000441376323579, 0.000334097712766, 0.00040050628013, 0.000325949164107, 0.000327800866216, 0.000254565995419, 0.000220719797653, 0.000221290261834, 0.00015309448645, 6.82890313328e-05, 9.32684633881e-06],
        "median": [0.000108351792733, 0.00290158437565, 0.000455904693808, 0.00016123255773, 0.000779283931479, 0.000535001163371, 0.000791118480265, 0.000419356016209, 0.000208231285797, 0.000399739248678, 0.000375027768314, 0.000287164410111, 0.00030008883914, 0.000222196424147, 0.000200716662221, 0.000187094352441, 0.000211932463571, 0.000158483861014, 0.000178119575139, 0.000119198244647, 0.000137184222694, 0.000115200891742, 8.86463240022e-05, 0.000111823726911, 7.46227597119e-05, 3.16124387609e-05, 1.87075920621e-06],
        "min": [2.38425990526e-24, 2.59742266474e-23, 2.48419319916e-23, 1.6821862425e-23, 6.6154815834e-23, 3.5554115615e-23, 1.87929071273e-23, 6.79159951366e-23, 3.24779272716e-23, 8.45100755529e-23, 3.05392858198e-23, 3.1667397935e-23, 1.03467987138e-22, 5.37340178656e-23, 9.74352396297e-23, 1.40329696502e-22, 7.52961864908e-23, 2.2410404882e-22, 2.83803628488e-22, 2.54548298989e-22, 3.90173102834e-22, 5.64693798016e-22, 6.9068939962e-22, 6.13066597263e-22, 1.02971404878e-21, 1.7408165433e-21, 2.21020276683e-21],
        "var": [5.51288530914e-06, 0.00102958816569, 8.77489655977e-05, 2.03869858524e-05, 7.19190393283e-06, 2.42756004809e-06, 5.44348495168e-06, 3.70181965081e-06, 1.60605088695e-06, 6.03353373663e-06, 5.8597665884e-06, 3.93910386265e-06, 1.97966755877e-06, 6.08694676885e-07, 4.50608155234e-07, 3.18510814168e-07, 3.14462994311e-07, 1.95407380943e-07, 2.83168503756e-07, 2.62726018718e-07, 2.05187106417e-07, 1.20526877367e-07, 1.04496791664e-07, 9.34495858473e-08, 4.03621243095e-08, 8.43103098447e-09, 3.18651049991e-10]
    },
    "erbbands": {
        "dmean": [0.388450413942, 2.0032081604, 3.64159178734, 4.87017583847, 4.71711492538, 4.45278453827, 4.86665964127, 5.69120121002, 10.8115558624, 14.6452846527, 8.4182100296, 10.4165506363, 19.2327671051, 30.5213718414, 42.7821426392, 29.6527748108, 27.0972270966, 19.6696834564, 14.6563091278, 13.4881896973, 13.3617286682, 12.436750412, 10.1177825928, 11.7884349823, 12.2118396759, 11.426358223, 8.14566707611, 6.43103694916, 5.23550081253, 4.17906570435, 3.27233958244, 2.43946766853, 1.95231246948, 0.977086186409, 0.493336319923, 0.183380827308, 0.0528075918555, 0.0125402249396, 0.00100758881308, 2.38690663537e-05],
        "dmean2": [0.524141073227, 2.97820019722, 6.0670580864, 8.66712474823, 8.42117977142, 7.74708271027, 8.47183418274, 9.63743400574, 16.5805797577, 23.3032150269, 12.8954687119, 17.8279018402, 33.3389816284, 51.5926170349, 70.7327270508, 50.0885848999, 44.9579811096, 33.1543235779, 24.3215732574, 21.9540977478, 21.6838054657, 20.2650089264, 16.688369751, 19.105381012, 20.6383991241, 19.7240695953, 13.776011467, 10.6843280792, 8.35664558411, 6.74321222305, 5.23711109161, 3.91051197052, 3.32178473473, 1.55154561996, 0.760768473148, 0.276632130146, 0.0802147909999, 0.0193552095443, 0.0016764717875, 3.94745111407e-05],
        "dvar": [0.438490271568, 13.5993757248, 111.780860901, 312.197265625, 194.745193481, 99.1529693604, 95.3575210571, 108.371269226, 411.841522217, 844.783691406, 321.309997559, 678.501525879, 2370.39501953, 6444.34863281, 7889.83984375, 8330.08496094, 4101.17138672, 1381.66833496, 641.523925781, 610.941162109, 478.567199707, 377.37802124, 295.303222656, 427.449615479, 575.069702148, 692.471191406, 351.778808594, 186.479095459, 102.043991089, 85.2534942627, 64.1462783813, 32.5770988464, 18.0923595428, 4.34084320068, 0.872938275337, 0.135432615876, 0.0150493904948, 0.000769411504734, 6.34699290458e-06, 1.88638327181e-09],
        "dvar2": [0.717876791954, 25.7653694153, 285.352294922, 878.661987305, 555.793701172, 283.994018555, 271.016052246, 290.687225342, 915.737731934, 2170.86694336, 649.640869141, 1788.78149414, 6548.33740234, 16816.5097656, 20104.9277344, 22060.09375, 10379.5654297, 3728.35375977, 1622.94372559, 1559.49890137, 1222.28112793, 974.953369141, 786.513183594, 1121.8079834, 1625.08496094, 1982.8972168, 994.657409668, 510.851715088, 259.969696045, 218.739761353, 166.883972168, 85.3878707886, 48.3474884033, 11.3484802246, 2.09987616539, 0.320683091879, 0.0368395671248, 0.00183483958244, 1.68185251823e-05, 4.96093699454e-09],
        "max": [5.90877103806, 36.4097366333, 119.408821106, 135.542022705, 115.657226562, 213.97076416, 129.23260498, 187.665664673, 355.652496338, 872.286254883, 555.532531738, 831.351989746, 776.259887695, 1515.87976074, 1347.76989746, 2454.23535156, 1658.51086426, 528.645568848, 451.095703125, 568.002929688, 306.454040527, 287.428009033, 280.581207275, 327.766448975, 407.619689941, 417.400878906, 385.946258545, 285.947052002, 176.388595581, 191.881698608, 178.328491211, 126.134773254, 78.7900238037, 55.2520256042, 24.9804515839, 10.3578567505, 4.9530377388, 1.06822156906, 0.0916397869587, 0.00142229523044],
        "mean": [0.885358989239, 3.59815812111, 3.85385465622, 4.1562628746, 4.35900211334, 5.511531353, 6.48231983185, 10.1637201309, 23.2360038757, 28.0977020264, 15.6315507889, 13.6175098419, 24.0874099731, 38.730304718, 59.2164573669, 37.9742240906, 35.6348228455, 29.6091823578, 24.2036590576, 22.949672699, 23.4701099396, 22.1428489685, 18.7693977356, 21.3168964386, 19.1668491364, 16.8868026733, 13.7902345657, 11.4569625854, 9.5871553421, 7.65685892105, 6.18793773651, 4.69718790054, 3.5461602211, 1.89831840992, 1.03453028202, 0.378503441811, 0.107758209109, 0.0233632028103, 0.00141512975097, 7.45328725316e-05],
        "median": [0.0820221751928, 0.576585710049, 0.863542616367, 0.558646440506, 1.06451654434, 2.81644296646, 3.64365339279, 4.85531711578, 10.0981359482, 14.269826889, 6.51183986664, 5.6936507225, 8.7954826355, 14.5015726089, 20.2270011902, 14.6281528473, 15.579120636, 12.7896728516, 11.2062683105, 9.92848300934, 10.988073349, 11.076338768, 9.74087333679, 10.5695886612, 7.91439437866, 6.19211959839, 5.51812934875, 4.9556183815, 4.28071832657, 3.16714668274, 2.47187376022, 2.23468065262, 1.78471779823, 0.874218344688, 0.559259831905, 0.174164041877, 0.0504090897739, 0.00935358833522, 0.000296856072964, 4.7327230277e-05],
        "min": [2.92460171544e-22, 7.26528645539e-21, 3.17045856459e-20, 4.1518159498e-20, 6.79347604336e-20, 3.5498569725e-19, 2.52443089393e-19, 4.6522814169e-19, 2.55658262885e-19, 8.18147283276e-19, 1.91137988991e-18, 7.99615439025e-19, 1.46962801288e-18, 1.97385105131e-18, 1.6825891771e-18, 1.93340295333e-18, 3.66520089828e-18, 2.45797442803e-18, 4.55571294007e-18, 5.30897379795e-18, 8.03527631091e-18, 4.9128796024e-18, 9.37494246224e-18, 1.73575811349e-17, 1.26090176524e-17, 1.2123156576e-17, 1.31616652915e-17, 1.74576948044e-17, 2.07839716816e-17, 1.39599351144e-17, 1.82015667487e-17, 1.24510063031e-17, 1.14474633393e-17, 9.99121187092e-18, 7.90141201802e-18, 6.76725723552e-18, 3.0429364981e-18, 1.45394808059e-18, 3.13358479159e-19, 3.37926415436e-20],
        "var": [2.02368164062, 34.612701416, 98.1798706055, 197.16973877, 122.418792725, 74.2215270996, 83.7403564453, 195.593811035, 1228.91894531, 1577.46838379, 973.410522461, 1036.82678223, 2587.50561523, 7194.63720703, 12479.2548828, 8177.95996094, 4803.84179688, 1930.23535156, 1172.40686035, 1111.97094727, 939.518859863, 739.015625, 515.366271973, 727.439697266, 718.443786621, 695.290527344, 404.589569092, 251.98260498, 164.525924683, 121.681373596, 84.9939117432, 44.0795516968, 23.9350204468, 6.73285770416, 1.69059252739, 0.24577255547, 0.0230403058231, 0.00125159276649, 8.11452355265e-06, 5.56237544913e-09]
    },
    "gfcc": {
        "mean": [9.8145532608, 68.7019577026, -118.323562622, 26.4228649139, -56.6051712036, 20.9523105621, -33.4552307129, 12.9254322052, -24.1573104858, 8.72669792175, -9.5736541748, 9.296833992, -9.69419670105],
        "cov": [[9783.98925781, -1425.62207031, 1330.81945801, 978.655151367, 487.68927002, 908.182617188, 319.292633057, 556.303588867, 118.388710022, 423.666442871, -169.459518433, 3.41943454742, -226.401123047], [-1425.62207031, 1438.84472656, -14.4344596863, -163.698471069, 85.1474304199, -231.186141968, 50.6927452087, -69.8510284424, 128.432281494, -68.1248245239, 104.956176758, -6.81746387482, 75.6011352539], [1330.81945801, -14.4344596863, 934.237548828, 550.367370605, 435.360290527, 480.219146729, 257.834472656, 239.597412109, 121.718559265, 130.838409424, 9.67487621307, 2.40356731415, -16.1831493378], [978.655151367, -163.698471069, 550.367370605, 623.302368164, 419.721099854, 418.112823486, 251.032363892, 185.299468994, 101.118797302, 84.0491256714, 15.6178216934, -6.7772436142, -24.6271972656], [487.68927002, 85.1474304199, 435.360290527, 419.721099854, 566.68145752, 418.21661377, 293.407470703, 169.058822632, 87.0299453735, 54.8205947876, 12.4521121979, -4.53448486328, -8.16010856628], [908.182617188, -231.186141968, 480.219146729, 418.112823486, 418.21661377, 514.54083252, 277.121276855, 205.673568726, 66.4281082153, 91.9931182861, 3.02824306488, 10.9101934433, -9.35673236847], [319.292633057, 50.6927452087, 257.834472656, 251.032363892, 293.407470703, 277.121276855, 269.745025635, 154.376220703, 87.5702438354, 52.0881156921, 40.8975791931, 18.8665885925, 11.315114975], [556.303588867, -69.8510284424, 239.597412109, 185.299468994, 169.058822632, 205.673568726, 154.376220703, 177.876541138, 94.3985519409, 82.0979003906, 28.4860744476, 24.9764347076, 10.95362854], [118.388710022, 128.432281494, 121.718559265, 101.118797302, 87.0299453735, 66.4281082153, 87.5702438354, 94.3985519409, 146.585968018, 81.3193206787, 58.9736022949, 18.2341480255, 28.6527843475], [423.666442871, -68.1248245239, 130.838409424, 84.0491256714, 54.8205947876, 91.9931182861, 52.0881156921, 82.0979003906, 81.3193206787, 105.906829834, 46.3200378418, 24.6881275177, 9.10650634766], [-169.459518433, 104.956176758, 9.67487621307, 15.6178216934, 12.4521121979, 3.02824306488, 40.8975791931, 28.4860744476, 58.9736022949, 46.3200378418, 84.6045608521, 41.1301612854, 33.738368988], [3.41943454742, -6.81746387482, 2.40356731415, -6.7772436142, -4.53448486328, 10.9101934433, 18.8665885925, 24.9764347076, 18.2341480255, 24.6881275177, 41.1301612854, 64.3920288086, 42.7412986755], [-226.401123047, 75.6011352539, -16.1831493378, -24.6271972656, -8.16010856628, -9.35673236847, 11.315114975, 10.95362854, 28.6527843475, 9.10650634766, 33.738368988, 42.7412986755, 79.0430908203]],
        "icov": [[0.000207467630389, -8.02414774626e-07, -7.95160522102e-05, -0.000209493402508, 0.000136833361466, 7.93111103121e-05, -8.55465987115e-05, -0.000257981446339, 0.00029069930315, -0.00104576069862, 0.00102281884756, -0.000549188465811, 0.000460465991637], [-8.02414774626e-07, 0.00191521807574, -0.00116072816309, 0.00139823101927, -0.00147215975448, 0.00170850055292, -0.000779356691055, 0.00107752264012, -0.00253611174412, 0.0032674248796, -0.00282541266643, 0.00155604816973, -0.000716143462341], [-7.95160522102e-05, -0.00116072816309, 0.00351460138336, -0.00221847975627, 0.00047294277465, -0.00197171955369, 0.00127453438472, -0.00162627920508, 0.00135110481642, -0.00270615145564, 0.00199220445938, -0.000474379921798, -2.69033671429e-06], [-0.000209493402508, 0.00139823101927, -0.00221847975627, 0.00624853558838, -0.00234694196843, -0.000872838543728, -0.000177570240339, 0.00117697555106, -0.00376323843375, 0.0049058618024, -0.00425520399585, 0.00196634372696, 0.000623899570201], [0.000136833361466, -0.00147215975448, 0.00047294277465, -0.00234694196843, 0.00761204631999, -0.00420217309147, -0.00303796585649, 0.00109736400191, 0.000279874395346, -0.00135626026895, 0.00325881689787, -0.000970308261458, 0.000925309082959], [7.93111103121e-05, 0.00170850055292, -0.00197171955369, -0.000872838543728, -0.00420217309147, 0.0127244079486, -0.0057509704493, -0.00222574127838, 0.00442053517327, -0.00476357340813, 0.00206777895801, 0.00111247925088, -0.00241620815359], [-8.55465987115e-05, -0.000779356691055, 0.00127453438472, -0.000177570240339, -0.00303796585649, -0.0057509704493, 0.0170887541026, -0.0081368451938, -0.00233150064014, 0.00775991426781, -0.00752340815961, 0.000348872621544, 0.00136667478364], [-0.000257981446339, 0.00107752264012, -0.00162627920508, 0.00117697555106, 0.00109736400191, -0.00222574127838, -0.0081368451938, 0.0227799676359, -0.0092140622437, -0.00337164918892, 0.00490666227415, -0.00534717785195, 0.000647597189527], [0.00029069930315, -0.00253611174412, 0.00135110481642, -0.00376323843375, 0.000279874395346, 0.00442053517327, -0.00233150064014, -0.0092140622437, 0.0261421613395, -0.0178883709013, -0.00108527578413, 0.00710868928581, -0.00627095159143], [-0.00104576069862, 0.0032674248796, -0.00270615145564, 0.0049058618024, -0.00135626026895, -0.00476357340813, 0.00775991426781, -0.00337164918892, -0.0178883709013, 0.0411942228675, -0.0210432913154, 0.00104779412504, 0.00366038829088], [0.00102281884756, -0.00282541266643, 0.00199220445938, -0.00425520399585, 0.00325881689787, 0.00206777895801, -0.00752340815961, 0.00490666227415, -0.00108527578413, -0.0210432913154, 0.0402890630066, -0.0191686283797, 0.00167848181445], [-0.000549188465811, 0.00155604816973, -0.000474379921798, 0.00196634372696, -0.000970308261458, 0.00111247925088, 0.000348872621544, -0.00534717785195, 0.00710868928581, 0.00104779412504, -0.0191686283797, 0.0390943661332, -0.0174786131829], [0.000460465991637, -0.000716143462341, -2.69033671429e-06, 0.000623899570201, 0.000925309082959, -0.00241620815359, 0.00136667478364, 0.000647597189527, -0.00627095159143, 0.00366038829088, 0.00167848181445, -0.0174786131829, 0.0249594766647]]
    },
    "melbands": {
        "dmean": [0.00310284201987, 0.00187713839114, 0.000812843383756, 0.00031769706402, 0.000178869857336, 0.000128766580019, 0.00016443739878, 0.000157957154443, 6.45444815746e-05, 6.68559732731e-05, 9.8409880593e-05, 0.000127023828099, 0.000133121473482, 9.8426862678e-05, 7.1539390774e-05, 4.34534231317e-05, 3.88943553844e-05, 2.36425457842e-05, 1.72893142008e-05, 2.08462643059e-05, 1.46387028508e-05, 1.30121443362e-05, 1.31336846607e-05, 1.06704073914e-05, 9.97952065518e-06, 9.51188212639e-06, 8.43931411509e-06, 7.63048774388e-06, 5.5818236433e-06, 4.75214028484e-06, 3.8730236156e-06, 2.92060417451e-06, 2.95345466839e-06, 2.34174626712e-06, 2.05349215321e-06, 1.75282821147e-06, 1.53660460001e-06, 1.60265938121e-06, 9.77602667263e-07, 8.28809447739e-07],
        "dmean2": [0.0041056307964, 0.00307538616471, 0.00142345367931, 0.000557726481929, 0.000310716888634, 0.000217014850932, 0.000252366560744, 0.000249254197115, 0.000100275879959, 0.000115677816211, 0.000171150444658, 0.000215360909351, 0.000220899863052, 0.000167026009876, 0.000119178293971, 7.22535187379e-05, 6.56303964206e-05, 3.92485198972e-05, 2.86031518044e-05, 3.41156810464e-05, 2.37540334638e-05, 2.14068513742e-05, 2.15636664507e-05, 1.76597695827e-05, 1.62046326295e-05, 1.59050214279e-05, 1.4722603737e-05, 1.32009690788e-05, 9.46037107497e-06, 8.13561382529e-06, 6.47464776193e-06, 4.72489227832e-06, 4.84705742565e-06, 3.85443081541e-06, 3.35527511197e-06, 2.80918334283e-06, 2.52745508078e-06, 2.74240187537e-06, 1.62943024407e-06, 1.32949082854e-06],
        "dvar": [2.5713503419e-05, 1.80986971827e-05, 7.76011620474e-06, 6.61077024233e-07, 1.28175969394e-07, 5.6173526275e-08, 9.34482144999e-08, 1.01567088961e-07, 1.93783709079e-08, 2.82036207722e-08, 6.13081070355e-08, 1.18683573191e-07, 7.80429871838e-08, 5.80869183864e-08, 3.00871327852e-08, 9.50324174909e-09, 5.40989164577e-09, 1.64279778669e-09, 8.24408152855e-10, 1.21327492497e-09, 6.0435834115e-10, 4.45336045818e-10, 4.62549054614e-10, 4.48927478525e-10, 3.15842685339e-10, 3.73157615918e-10, 3.94064975096e-10, 3.08145120531e-10, 1.6264935232e-10, 9.4633779979e-11, 6.59403920356e-11, 3.09984919677e-11, 4.07519053225e-11, 2.8579680289e-11, 2.68150814053e-11, 1.36031064885e-11, 1.3727148758e-11, 1.22789998655e-11, 4.56124938167e-12, 3.06055094462e-12],
        "dvar2": [4.54086148238e-05, 4.33882632933e-05, 2.13973798964e-05, 1.89361594494e-06, 3.6518105162e-07, 1.48661172261e-07, 2.09377702731e-07, 2.55661433357e-07, 3.9942797514e-08, 7.6552680639e-08, 1.69696164676e-07, 3.09083191041e-07, 1.98130607032e-07, 1.5486796201e-07, 7.91277727785e-08, 2.43924400678e-08, 1.44685836645e-08, 4.25036228435e-09, 2.15237250245e-09, 3.12623016363e-09, 1.53617873977e-09, 1.13785447731e-09, 1.19665866105e-09, 1.19723120307e-09, 8.18950740555e-10, 1.0577788645e-09, 1.12172970912e-09, 8.89742557408e-10, 4.57598708925e-10, 2.69752636894e-10, 1.79371059672e-10, 7.76789188528e-11, 1.0693562702e-10, 7.5553993617e-11, 7.09194716841e-11, 3.45121084488e-11, 3.72698330531e-11, 3.32345470588e-11, 1.21443185369e-11, 8.00801005368e-12],
        "max": [0.0500951111317, 0.0534859187901, 0.0209114700556, 0.00972602702677, 0.00617098109797, 0.0043290713802, 0.00530369114131, 0.0101699559018, 0.00418729754165, 0.00449163699523, 0.004002942238, 0.00650404207408, 0.00631626695395, 0.00517167150974, 0.00385005935095, 0.00270431046374, 0.00119547836948, 0.000816982006654, 0.000488111865707, 0.000565260124858, 0.000362406775821, 0.000331527873641, 0.000322019739542, 0.000427272287197, 0.000243087881245, 0.000352365692379, 0.000393693393562, 0.000324297492625, 0.000289332674583, 0.00014381002984, 0.000178868678631, 0.000110726330604, 0.000124597150716, 0.000108180145617, 0.000116447583423, 6.46450425847e-05, 8.18701155367e-05, 5.47337840544e-05, 4.73659420095e-05, 4.64780678158e-05],
        "mean": [0.00670892931521, 0.00289983861148, 0.000735003966838, 0.000351767113898, 0.000242838359554, 0.00022297941905, 0.000353250448825, 0.000302177941194, 0.000113268528366, 8.16638930701e-05, 0.000120971621072, 0.000154484048835, 0.000179550770554, 0.000124418278574, 9.03617983568e-05, 5.7689157984e-05, 5.64286274312e-05, 3.73959373974e-05, 2.83731769741e-05, 3.3623262425e-05, 2.48644737439e-05, 2.21036734729e-05, 2.1220970666e-05, 1.75830537046e-05, 1.68146598298e-05, 1.4431476302e-05, 1.17764548122e-05, 1.09268685264e-05, 8.8544729806e-06, 7.63838670537e-06, 6.44179226583e-06, 5.29979752173e-06, 4.87907846036e-06, 4.03532976634e-06, 3.65311120731e-06, 3.08191147269e-06, 2.84166571873e-06, 2.7303619845e-06, 1.82803876214e-06, 1.5152937749e-06],
        "median": [0.00078812596621, 0.000612524861936, 0.00011337606702, 0.000143368670251, 0.0001426571107, 0.000102846432128, 0.000159542876645, 0.000143253506394, 4.54717956018e-05, 3.36188604706e-05, 4.31481312262e-05, 5.07546646986e-05, 5.79602565267e-05, 4.38238857896e-05, 3.71685055143e-05, 2.55105333054e-05, 2.25070216402e-05, 1.70125695149e-05, 1.29213658511e-05, 1.4082312191e-05, 1.16779183372e-05, 1.07439391286e-05, 1.00174411273e-05, 8.28421343613e-06, 7.67735673435e-06, 5.63686171517e-06, 4.53439906778e-06, 3.87645786759e-06, 3.44722093359e-06, 3.15417628372e-06, 2.70019745585e-06, 2.35793959291e-06, 2.0671366201e-06, 1.588757641e-06, 1.39815404054e-06, 1.23757263282e-06, 1.42659894209e-06, 1.36950802698e-06, 8.80528546077e-07, 6.39508641598e-07],
        "min": [4.87990933692e-24, 1.49612472053e-23, 6.24586814267e-24, 1.62389494363e-23, 1.02150813463e-23, 9.0028837583e-24, 3.93264042876e-24, 1.03316481668e-23, 1.63761197259e-23, 4.14778606901e-24, 7.51332188719e-24, 8.23246484333e-24, 4.44428732885e-24, 6.31740638829e-24, 7.03070782943e-24, 9.89775652513e-24, 4.04861087044e-24, 6.41653780508e-24, 9.1786317128e-24, 8.01428642733e-24, 8.80780476733e-24, 3.797722337e-24, 7.99690624386e-24, 9.77289088789e-24, 1.44046032848e-23, 8.96386590907e-24, 1.06487276522e-23, 7.30706394832e-24, 6.72785466158e-24, 9.72577932577e-24, 1.03187921006e-23, 1.2482056962e-23, 1.0492896069e-23, 6.01270215833e-24, 9.67765249966e-24, 1.08039778449e-23, 5.58111241278e-24, 7.56838595609e-24, 8.20814189504e-24, 8.41956213966e-24],
        "var": [0.000107589141408, 2.78096031252e-05, 5.18073193234e-06, 4.43423857632e-07, 1.09625041489e-07, 1.03629602677e-07, 2.77406911664e-07, 1.99915433541e-07, 5.73817580118e-08, 3.53969440425e-08, 6.61805117375e-08, 1.33586212314e-07, 1.20487428035e-07, 6.01083485208e-08, 3.07624503648e-08, 1.06768176522e-08, 7.85505349654e-09, 2.81731327156e-09, 1.46615786178e-09, 2.18679963027e-09, 1.18325738097e-09, 8.35722602233e-10, 8.21465673262e-10, 6.21140749946e-10, 5.16795717331e-10, 4.5505924029e-10, 3.65075969455e-10, 3.0677516083e-10, 1.79799328204e-10, 1.18606721666e-10, 8.61303667277e-11, 5.06184365257e-11, 5.19554677059e-11, 3.66701911891e-11, 3.27078503171e-11, 1.96328422269e-11, 1.68903415559e-11, 1.51330059595e-11, 6.38946577938e-12, 4.58860597088e-12]
    },
    "mfcc": {
        "mean": [-632.504699707, 103.617431641, -3.30748009682, 12.8523283005, 1.70920288563, 7.33559703827, 4.83767080307, 5.83743572235, -1.33044195175, -0.863202989101, -0.166378960013, 5.59130096436, 5.45911550522],
        "cov": [[8159.48339844, -1439.43310547, 715.953613281, 355.10256958, 399.741333008, 457.979980469, 352.80670166, 209.07824707, 302.274047852, 414.720123291, 285.118133545, 111.211212158, -41.3112106323], [-1439.43310547, 1347.82507324, -152.424240112, -7.87430810928, -95.7522888184, -154.291992188, -145.113113403, -50.4522743225, -54.5902519226, -79.5956192017, -55.6060943604, -12.377828598, 56.265083313], [715.953613281, -152.424240112, 559.024536133, 219.420501709, 238.131942749, 218.806930542, 177.125274658, 135.802780151, 137.863800049, 146.852127075, 89.8863220215, 79.5440139771, 41.1516342163], [355.10256958, -7.87430810928, 219.420501709, 306.29788208, 217.671630859, 192.044692993, 150.917526245, 134.399047852, 107.508644104, 95.9748077393, 86.8059921265, 56.9520263672, 36.846534729], [399.741333008, -95.7522888184, 238.131942749, 217.671630859, 355.215789795, 297.486358643, 242.473815918, 177.322357178, 156.48274231, 142.111465454, 85.2397003174, 61.3730697632, 37.227596283], [457.979980469, -154.291992188, 218.806930542, 192.044692993, 297.486358643, 344.9793396, 282.723907471, 197.25100708, 156.862960815, 138.071334839, 93.0761871338, 63.9245033264, 36.1492042542], [352.80670166, -145.113113403, 177.125274658, 150.917526245, 242.473815918, 282.723907471, 313.412139893, 211.585449219, 151.133148193, 120.275131226, 79.9903869629, 58.7012863159, 34.0587272644], [209.07824707, -50.4522743225, 135.802780151, 134.399047852, 177.322357178, 197.25100708, 211.585449219, 195.737457275, 137.253082275, 97.0911941528, 69.8178634644, 50.3639831543, 34.8435173035], [302.274047852, -54.5902519226, 137.863800049, 107.508644104, 156.48274231, 156.862960815, 151.133148193, 137.253082275, 152.520584106, 117.632972717, 67.0668182373, 50.6348991394, 37.3137817383], [414.720123291, -79.5956192017, 146.852127075, 95.9748077393, 142.111465454, 138.071334839, 120.275131226, 97.0911941528, 117.632972717, 144.186126709, 82.2472457886, 51.9560165405, 35.7186584473], [285.118133545, -55.6060943604, 89.8863220215, 86.8059921265, 85.2397003174, 93.0761871338, 79.9903869629, 69.8178634644, 67.0668182373, 82.2472457886, 109.273704529, 64.0867462158, 24.0670051575], [111.211212158, -12.377828598, 79.5440139771, 56.9520263672, 61.3730697632, 63.9245033264, 58.7012863159, 50.3639831543, 50.6348991394, 51.9560165405, 64.0867462158, 81.0840988159, 46.2378997803], [-41.3112106323, 56.265083313, 41.1516342163, 36.846534729, 37.227596283, 36.1492042542, 34.0587272644, 34.8435173035, 37.3137817383, 35.7186584473, 24.0670051575, 46.2378997803, 74.7511138916]],
