{
"lowlevel": {
    "average_loudness": 0.738956749439,
    "barkbands_crest": {
        "dmean": 2.91097402573,
        "dmean2": 4.35176706314,
        "dvar": 10.8544998169,
        "dvar2": 22.0391254425,
        "max": 26.2376747131,
        "mean": 12.9532804489,
        "median": 11.4971246719,
        "min": 2.04775214195,
        "var": 47.9919242859
    },
    "barkbands_flatness_db": {
        "dmean": 0.0289054084569,
        "dmean2": 0.0426109470427,
        "dvar": 0.00108844460919,
        "dvar2": 0.00214776722714,
        "max": 0.328891783953,
        "mean": 0.143632307649,
        "median": 0.133909612894,
        "min": 0.0174172148108,
        "var": 0.00457694893703
    },
    "barkbands_kurtosis": {
        "dmean": 5.72018241882,
        "dmean2": 9.03309059143,
        "dvar": 121.547218323,
        "dvar2": 265.102416992,
        "max": 181.64225769,
        "mean": 7.94194316864,
        "median": 0.551753044128,
        "min": -1.90484142303,
        "var": 281.193817139
    },
    "barkbands_skewness": {
        "dmean": 0.837272465229,
        "dmean2": 1.2621036768,
        "dvar": 1.2821457386,
        "dvar2": 2.60714149475,
        "max": 12.7522325516,
        "mean": 1.87227869034,
        "median": 1.02034437656,
        "min": -2.06793951988,
        "var": 4.35199403763
    },
    "barkbands_spread": {
        "dmean": 8.50850772858,
        "dmean2": 12.9709653854,
        "dvar": 120.209365845,
        "dvar2": 257.79309082,
        "max": 122.437339783,
        "mean": 25.5006389618,
        "median": 22.2264041901,
        "min": 0.805584251881,
        "var": 285.625793457
    },
    "dissonance": {
        "dmean": 0.0164096597582,
        "dmean2": 0.0271557755768,
        "dvar": 0.000291720469249,
        "dvar2": 0.000767511315644,
        "max": 0.500000119209,
        "mean": 0.468898355961,
        "median": 0.474509179592,
        "min": 0.20547889173,
        "var": 0.000623451138381
    },
    "dynamic_complexity": 3.94374775887,
    "erbbands_crest": {
        "dmean": 2.93949794769,
        "dmean2": 4.74644756317,
        "dvar": 8.08762454987,
        "dvar2": 19.7292690277,
        "max": 32.8658676147,
        "mean": 8.66392803192,
        "median": 7.23604822159,
        "min": 2.26620149612,
        "var": 22.4711742401
    },
    "erbbands_flatness_db": {
        "dmean": 0.0190501362085,
        "dmean2": 0.0264431070536,
        "dvar": 0.000351475202478,
        "dvar2": 0.000616046541836,
        "max": 0.414607435465,
        "mean": 0.150578871369,
        "median": 0.137861296535,
        "min": 0.0520764403045,
        "var": 0.0032461124938
    },
    "erbbands_kurtosis": {
        "dmean": 0.962043046951,
        "dmean2": 1.5234181881,
        "dvar": 3.74105525017,
        "dvar2": 8.99679279327,
        "max": 58.4935874939,
        "mean": 0.434842407703,
        "median": -0.192766666412,
        "min": -1.80280923843,
        "var": 6.76148462296
    },
    "erbbands_skewness": {
        "dmean": 0.372493714094,
        "dmean2": 0.579455435276,
        "dvar": 0.133206650615,
        "dvar2": 0.314709037542,
        "max": 4.45990180969,
        "mean": 0.163322746754,
        "median": 0.140015542507,
        "min": -2.53298163414,
        "var": 0.376181989908
    },
    "erbbands_spread": {
        "dmean": 10.133149147,
        "dmean2": 14.2267694473,
        "dvar": 139.461517334,
        "dvar2": 245.439804077,
        "max": 151.292739868,
        "mean": 39.5750427246,
        "median": 35.4267501831,
        "min": 0.982708513737,
        "var": 479.125274658
    },
    "hfc": {
        "dmean": 11.4040117264,
        "dmean2": 17.2470664978,
        "dvar": 330.343994141,
        "dvar2": 755.66595459,
        "max": 178.447296143,
        "mean": 23.3543663025,
        "median": 13.3137083054,
        "min": 1.08604056485e-16,
        "var": 688.855834961
    },
    "melbands_crest": {
        "dmean": 3.6223552227,
        "dmean2": 5.54063510895,
        "dvar": 15.2244110107,
        "dvar2": 35.6664657593,
        "max": 36.8182258606,
        "mean": 19.3529949188,
        "median": 19.0961284637,
        "min": 1.65291893482,
        "var": 90.6911621094
    },
    "melbands_flatness_db": {
        "dmean": 0.0351074002683,
        "dmean2": 0.0515649542212,
        "dvar": 0.00184172275476,
        "dvar2": 0.0036408836022,
        "max": 0.42692232132,
        "mean": 0.198942601681,
        "median": 0.185990780592,
        "min": 0.00401576468721,
        "var": 0.00785811431706
    },
    "melbands_kurtosis": {
        "dmean": 19.5163135529,
        "dmean2": 30.4025669098,
        "dvar": 1842.15441895,
        "dvar2": 4076.84326172,
        "max": 555.382568359,
        "mean": 30.504743576,
        "median": 4.81836366653,
        "min": -1.77749562263,
        "var": 3541.92504883
    },
    "melbands_skewness": {
        "dmean": 1.28987503052,
        "dmean2": 1.90902853012,
        "dvar": 3.65028357506,
        "dvar2": 7.14830493927,
        "max": 19.5589962006,
        "mean": 3.5144071579,
        "median": 2.06495857239,
        "min": -3.18515872955,
        "var": 11.8438606262
    },
    "melbands_spread": {
        "dmean": 9.80913257599,
        "dmean2": 15.037314415,
        "dvar": 155.281433105,
        "dvar2": 333.517791748,
        "max": 168.099563599,
        "mean": 27.2048015594,
        "median": 24.2730312347,
        "min": 0.81931245327,
        "var": 426.825500488
    },
    "pitch_salience": {
        "dmean": 0.0862312763929,
        "dmean2": 0.134617641568,
        "dvar": 0.0106995105743,
        "dvar2": 0.0242657251656,
        "max": 0.990274071693,
        "mean": 0.450269430876,
        "median": 0.474560111761,
        "min": 0.04131051898,
        "var": 0.0382992103696
    },
    "silence_rate_20dB": {
        "dmean": 0,
        "dmean2": 0,
        "dvar": 0,
        "dvar2": 0,
        "max": 1,
        "mean": 1,
        "median": 1,
        "min": 1,
        "var": 0
    },
    "silence_rate_30dB": {
        "dmean": 0.041991982609,
        "dmean2": 0.0839928239584,
        "dvar": 0.0402326397598,
        "dvar2": 0.077363088727,
        "max": 1,
        "mean": 0.947990298271,
        "median": 1,
        "min": 0,
        "var": 0.0493105389178
    },
    "silence_rate_60dB": {
        "dmean": 0.0569740459323,
        "dmean2": 0.113960117102,
        "dvar": 0.0537222065032,
        "dvar2": 0.117230609059,
        "max": 1,
        "mean": 0.0991665795445,
        "median": 0,
        "min": 0,
        "var": 0.0893267914653
    },
    "spectral_centroid": {
        "dmean": 335.748413086,
        "dmean2": 505.957733154,
        "dvar": 153413.75,
        "dvar2": 333021.875,
        "max": 11744.1269531,
        "mean": 1820.70812988,
        "median": 1790.03637695,
        "min": 230.29914856,
        "var": 547467.6875
    },
    "spectral_complexity": {
        "dmean": 5.59337425232,
        "dmean2": 8.49551582336,
        "dvar": 51.9991798401,
        "dvar2": 107.776229858,
        "max": 58,
        "mean": 17.9038925171,
        "median": 14,
        "min": 0,
        "var": 148.604553223
    },
    "spectral_decrease": {
        "dmean": 2.97154767459e-09,
        "dmean2": 4.44482406436e-09,
        "dvar": 4.10496154477e-17,
        "dvar2": 9.01141875146e-17,
        "max": 1.08663061911e-28,
        "mean": -7.8164417161e-09,
        "median": -4.80923256774e-09,
        "min": -7.13549255238e-08,
        "var": 8.22572025401e-17
    },
    "spectral_energy": {
        "dmean": 0.0118904123083,
        "dmean2": 0.017655428499,
        "dvar": 0.000598467362579,
        "dvar2": 0.00128992344253,
        "max": 0.273463994265,
        "mean": 0.0316193513572,
        "median": 0.0200311802328,
        "min": 1.04544772681e-20,
        "var": 0.00124807935208
    },
    "spectral_energyband_high": {
        "dmean": 0.000886183814146,
        "dmean2": 0.00140821072273,
        "dvar": 2.80107906292e-06,
        "dvar2": 7.23437324268e-06,
        "max": 0.0164201110601,
        "mean": 0.00142609479371,
        "median": 0.000533786253072,
        "min": 7.13149968483e-21,
        "var": 4.10741267842e-06
    },
    "spectral_energyband_low": {
        "dmean": 0.00873490702361,
        "dmean2": 0.0136905582622,
        "dvar": 0.00064413464861,
        "dvar2": 0.00149699405301,
        "max": 0.264266818762,
        "mean": 0.0196819230914,
        "median": 0.00693316897377,
        "min": 2.70383368996e-23,
        "var": 0.00107783463318
    },
    "spectral_energyband_middle_high": {
        "dmean": 0.00302959419787,
        "dmean2": 0.00477249734104,
        "dvar": 2.53165108006e-05,
        "dvar2": 5.6971788581e-05,
        "max": 0.0556272119284,
        "mean": 0.00562290102243,
        "median": 0.0025924439542,
        "min": 1.29663166152e-21,
        "var": 5.13324957865e-05
    },
    "spectral_energyband_middle_low": {
        "dmean": 0.00340306665748,
        "dmean2": 0.00538123957813,
        "dvar": 4.58967588202e-05,
        "dvar2": 0.000119192030979,
        "max": 0.0576011165977,
        "mean": 0.00547509407625,
        "median": 0.00208315858617,
        "min": 1.99685231841e-22,
        "var": 5.33710081072e-05
    },
    "spectral_entropy": {
        "dmean": 0.171405568719,
        "dmean2": 0.249802440405,
        "dvar": 0.0368490591645,
        "dvar2": 0.0730674564838,
        "max": 9.81808280945,
        "mean": 7.85442256927,
        "median": 7.92314529419,
        "min": 5.81864595413,
        "var": 0.169814914465
    },
    "spectral_flux": {
        "dmean": 0.0334149412811,
        "dmean2": 0.048639498651,
        "dvar": 0.00236755725928,
        "dvar2": 0.00400952342898,
        "max": 0.467681497335,
        "mean": 0.0818006247282,
        "median": 0.0637030303478,
        "min": 6.73504654825e-11,
        "var": 0.00518122455105
    },
    "spectral_kurtosis": {
        "dmean": 1.47986197472,
        "dmean2": 2.37307238579,
        "dvar": 5.00286626816,
        "dvar2": 12.3611392975,
        "max": 50.6404151917,
        "mean": 3.65272784233,
        "median": 2.67245769501,
        "min": -1.23307275772,
        "var": 12.3832597733
    },
    "spectral_rms": {
        "dmean": 0.000959238386713,
        "dmean2": 0.00135726237204,
        "dvar": 1.90681703316e-06,
        "dvar2": 3.4636905184e-06,
        "max": 0.0163338351995,
        "mean": 0.00482664303854,
        "median": 0.00442070281133,
        "min": 3.19366408319e-12,
        "var": 7.55157634558e-06
    },
    "spectral_rolloff": {
        "dmean": 779.106079102,
        "dmean2": 1255.64868164,
        "dvar": 1653636.125,
        "dvar2": 3254654.5,
        "max": 19466.015625,
        "mean": 1831.94433594,
        "median": 1528.85742188,
        "min": 64.599609375,
        "var": 4086929
    },
    "spectral_skewness": {
        "dmean": 0.225518599153,
        "dmean2": 0.350286215544,
        "dvar": 0.0661593452096,
        "dvar2": 0.14943125844,
        "max": 5.59932374954,
        "mean": 1.36206996441,
        "median": 1.29801440239,
        "min": -0.227375417948,
        "var": 0.233591884375
    },
    "spectral_spread": {
        "dmean": 693938.5625,
        "dmean2": 938159.125,
        "dvar": 851273449472,
        "dvar2": 1.29707029299e+12,
        "max": 41493800,
        "mean": 5119635.5,
        "median": 4978739,
        "min": 1338852.75,
        "var": 5.18469556634e+12
    },
    "spectral_strongpeak": {
        "dmean": 0.423792034388,
        "dmean2": 0.695901572704,
        "dvar": 0.752893686295,
        "dvar2": 1.81186652184,
        "max": 11.4692192078,
        "mean": 0.736414074898,
        "median": 0.363449305296,
        "min": 0,
        "var": 1.1664737463
    },
    "zerocrossingrate": {
        "dmean": 0.0147415297106,
        "dmean2": 0.0166038293391,
        "dvar": 0.000330483104335,
        "dvar2": 0.000399651587941,
        "max": 0.5087890625,
        "mean": 0.0669061765075,
        "median": 0.0595703125,
        "min": 0.001953125,
        "var": 0.00234308582731
    },
    "barkbands": {
        "dmean": [0.00044600685942, 0.00759094068781, 0.00293602584861, 0.000901046558283, 0.000593895965721, 0.000716033566277, 0.000512348895427, 0.000512560363859, 0.000850083422847, 0.000633118557744, 0.000513869337738, 0.0004234375956, 0.000736358924769, 0.000473064079415, 0.000399735610699, 0.000324860418914, 0.000345256878063, 0.000281225744402, 0.000225456460612, 0.000228598364629, 0.000257333827903, 0.000192827123101, 0.000153929562657, 0.000115511087643, 0.000139827738167, 4.47838829132e-05, 5.83512110097e-06],
        "dmean2": [0.000694367161486, 0.0118709681556, 0.00541160674766, 0.00164525909349, 0.00104035448749, 0.00110810459591, 0.000750954379328, 0.000745653233025, 0.00131318101194, 0.000977524323389, 0.000811158970464, 0.000673280039337, 0.00116917898413, 0.000787734054029, 0.00065282068681, 0.00055182777578, 0.000573917932343, 0.000473552790936, 0.00036033874494, 0.00037116065505, 0.000435447873315, 0.000322043837514, 0.000258959276835, 0.000179492504685, 0.000200434209546, 6.46252083243e-05, 9.09489881451e-06],
        "dvar": [9.50292132984e-07, 0.000503471121192, 0.000169696606463, 1.25034557641e-05, 3.34117498824e-06, 2.75465777122e-06, 8.17780687612e-07, 1.32619607029e-06, 4.18921899836e-06, 2.5928031846e-06, 1.14342822144e-06, 1.68612996276e-06, 3.28962619278e-06, 1.45962042097e-06, 1.22644325984e-06, 3.17365731917e-07, 4.13011690625e-07, 3.42015113119e-07, 1.85214190651e-07, 1.79576787218e-07, 3.33378835649e-07, 1.79183260229e-07, 1.53684169391e-07, 4.62336551266e-08, 9.66510071976e-08, 7.032715299e-09, 2.11480527534e-10],
        "dvar2": [2.24217228606e-06, 0.00122803531121, 0.000484819756821, 3.59496989404e-05, 9.42372480495e-06, 7.42691509004e-06, 1.61480386396e-06, 2.57773444901e-06, 8.9322356871e-06, 5.89137562201e-06, 2.67044197244e-06, 3.35982304023e-06, 7.45319766793e-06, 3.54139297087e-06, 2.97657652482e-06, 8.30998374113e-07, 1.08633889795e-06, 8.67872927302e-07, 4.58199366449e-07, 4.43149474449e-07, 9.09168875296e-07, 4.8839297051e-07, 4.23682990913e-07, 1.09843746543e-07, 1.89812638496e-07, 1.43460168189e-08, 5.30447963332e-10],
        "max": [0.0517476461828, 0.233667463064, 0.107908323407, 0.0332986935973, 0.0277354437858, 0.0180107057095, 0.0132145127282, 0.0322444140911, 0.0421440005302, 0.0310247894377, 0.0227285195142, 0.0357290431857, 0.0304162614048, 0.0308261327446, 0.0361348167062, 0.00993765424937, 0.00847054831684, 0.00556622957811, 0.00883319135755, 0.00707619683817, 0.00631069205701, 0.00460485508665, 0.00444470811635, 0.00273026246578, 0.00330171803944, 0.00152815121692, 0.000508486584295],
        "mean": [0.00090213434305, 0.0162514578551, 0.00211543403566, 0.00068618694786, 0.000593807606492, 0.00105308613274, 0.000783084891737, 0.000846473209094, 0.00116482365411, 0.000865697511472, 0.000725005636923, 0.000509911740664, 0.000857983250171, 0.000608288915828, 0.000507336633746, 0.000423613906605, 0.000453482964076, 0.000346025190083, 0.0003283440019, 0.000333321862854, 0.00033052751678, 0.000267839495791, 0.000208891331567, 0.000185760829481, 0.0001911813888, 7.17025977792e-05, 7.94005063653e-06],
        "median": [0.000172017753357, 0.00482624489814, 0.000144407167681, 0.000100696415757, 0.000144461475429, 0.000241169851506, 0.000205854492378, 0.00020991472411, 0.000212542974623, 0.000222911403398, 0.000221021298785, 0.000121758748719, 0.000188189384062, 0.000168035796378, 0.000160203373525, 0.000157672460773, 0.000162855198141, 0.00010538911738, 0.000106189872895, 0.000113320529636, 9.61050245678e-05, 9.00643426576e-05, 6.2280043494e-05, 4.78390102217e-05, 3.01132076856e-05, 1.12677553261e-05, 2.32844939774e-07],
        "min": [5.16926844733e-25, 3.60179492612e-24, 4.51259676678e-24, 3.90537305714e-24, 1.11253787104e-23, 8.98718779287e-24, 6.29070265779e-24, 1.00241549191e-23, 1.52510841682e-23, 3.58840014684e-23, 2.78036581954e-23, 4.44350706653e-23, 3.81694230187e-23, 1.04232387044e-22, 3.48417426632e-23, 4.27771848096e-23, 8.7583793184e-23, 7.738709703e-23, 1.85570844172e-22, 2.20199528127e-22, 2.94941031805e-22, 3.42606633028e-22, 5.44868473912e-22, 7.47338043961e-22, 9.23118720402e-22, 1.48898568711e-21, 1.81568264914e-21],
        "var": [2.1735147584e-06, 0.000776530418079, 9.90750413621e-05, 7.24882147551e-06, 2.2623391942e-06, 3.15345414492e-06, 1.7981228666e-06, 3.16851992466e-06, 7.79845686338e-06, 4.19540310759e-06, 1.79135190592e-06, 2.87984653369e-06, 4.77491039419e-06, 2.3284112558e-06, 1.54387134899e-06, 4.24762674811e-07, 5.63712774238e-07, 3.72822000827e-07, 2.81092155774e-07, 2.72149463854e-07, 3.34860629891e-07, 1.89497782799e-07, 1.44066191865e-07, 8.7878532895e-08, 1.51490382905e-07, 1.89134059525e-08, 6.7228195233e-10]
    },
    "erbbands": {
        "dmean": [0.278154224157, 1.65266597271, 3.28548383713, 3.35600876808, 2.05259943008, 1.86870455742, 4.16226148605, 6.27644729614, 7.38338279724, 8.94517421722, 10.6017913818, 23.3398551941, 15.5724163055, 18.4920082092, 21.7145328522, 20.9792442322, 35.4143791199, 25.6214332581, 20.7328262329, 19.7696762085, 16.8680534363, 14.7659759521, 13.2713413239, 13.9621543884, 12.0072555542, 11.7244768143, 11.4233560562, 8.56878471375, 7.10573673248, 5.68311023712, 4.39370584488, 2.73463392258, 1.78061485291, 1.64215254784, 0.944309234619, 0.259800255299, 0.0746338665485, 0.0150457778946, 0.000924221705645, 2.77558610833e-05],
        "dmean2": [0.427971333265, 2.53908205032, 5.6994433403, 6.11878204346, 3.63320088387, 3.29338645935, 6.79880523682, 9.7544965744, 10.8175058365, 12.9622268677, 15.9291725159, 35.7825164795, 24.3778800964, 28.7128219604, 34.5431137085, 32.4561042786, 55.9785995483, 42.3862113953, 33.436630249, 33.0152053833, 28.5477333069, 24.5166416168, 22.0456867218, 23.008605957, 19.3124103546, 18.9848003387, 19.2536201477, 14.4884805679, 11.9327135086, 9.58420467377, 7.38866281509, 4.42241334915, 2.67714071274, 2.3686606884, 1.37153768539, 0.377879440784, 0.106607012451, 0.0218859873712, 0.00143249845132, 3.9106762415e-05],
        "dvar": [0.39109826088, 28.9473552704, 182.358398438, 198.851211548, 41.7114753723, 41.1651611328, 130.187469482, 198.369995117, 180.869995117, 266.356262207, 741.60559082, 3362.34594727, 1449.91320801, 2633.78930664, 2445.87011719, 4180.97216797, 7588.9453125, 4211.25195312, 4261.52832031, 1113.1685791, 864.778564453, 621.024597168, 550.925231934, 789.225585938, 634.443054199, 469.923675537, 603.547973633, 392.90927124, 264.551025391, 176.302734375, 121.586448669, 29.1924819946, 9.79843425751, 13.3126707077, 4.22724723816, 0.246748328209, 0.0194456987083, 0.00101573916618, 5.92364631302e-06, 2.26635532563e-09],
        "dvar2": [0.93034183979, 69.974357605, 497.053192139, 567.306640625, 117.298210144, 116.924247742, 366.356170654, 527.042602539, 368.310394287, 476.932525635, 1541.30297852, 7171.89404297, 3028.23364258, 6266.14111328, 5777.11816406, 8156.73730469, 17063.6738281, 10194.5341797, 10324.9492188, 2814, 2311.94140625, 1589.38378906, 1389.51574707, 1947.40209961, 1588.39782715, 1135.37768555, 1615.03259277, 1082.90966797, 729.50213623, 482.037200928, 335.079864502, 74.298614502, 21.2166576385, 26.3011322021, 8.55666637421, 0.52093142271, 0.0385486520827, 0.00217148684897, 1.51962076416e-05, 4.58199123088e-09],
        "max": [6.39416837692, 56.7970314026, 110.278129578, 117.915046692, 56.2734909058, 119.88785553, 124.694023132, 159.032272339, 188.030105591, 393.612609863, 868.637329102, 1179.9173584, 1154.88537598, 1233.55859375, 1214.45556641, 1793.47106934, 1538.70178223, 1667.09619141, 2207.20654297, 435.255126953, 600.817016602, 280.841461182, 334.697143555, 321.555541992, 516.114868164, 290.210693359, 290.852386475, 220.735046387, 171.932403564, 173.186019897, 127.301994324, 60.9047546387, 47.8290367126, 40.6488265991, 23.0051708221, 10.0207548141, 2.96085786819, 0.828514695168, 0.0897978916764, 0.00125469348859],
        "mean": [0.64951980114, 2.90107750893, 2.87197542191, 2.55596637726, 1.77232789993, 1.85549032688, 5.51265335083, 8.96741008759, 11.1317234039, 15.7590312958, 17.1767253876, 32.5119018555, 22.6427536011, 25.3217773438, 31.6351242065, 27.6487522125, 42.5736885071, 33.7164878845, 27.5044288635, 26.5113945007, 23.0965976715, 20.394159317, 18.3707675934, 18.6456985474, 16.9792346954, 16.9780387878, 14.3328275681, 11.4703617096, 9.6939573288, 7.80838155746, 5.95623445511, 4.12367582321, 2.88124108315, 2.29524254799, 1.25462710857, 0.400891005993, 0.118292585015, 0.0230756215751, 0.00127859809436, 6.39656864223e-05],
        "median": [0.20529705286, 0.776800453663, 0.394016474485, 0.344352006912, 0.296126872301, 0.543837845325, 1.29314148426, 1.98566401005, 2.62535238266, 4.87046718597, 4.41497564316, 6.07306098938, 6.28251552582, 7.63727331161, 10.4431362152, 6.96493339539, 10.352353096, 10.3085479736, 9.39869022369, 9.4653377533, 8.98390388489, 8.06560707092, 6.25332784653, 5.75165939331, 5.3403635025, 5.75796699524, 4.26685905457, 3.52089071274, 3.19149112701, 2.59536194801, 1.7352925539, 1.12245070934, 0.712761342525, 0.405248641968, 0.176121935248, 0.0664431974292, 0.0164010431617, 0.00216426374391, 7.02774050296e-05, 3.09306560666e-05],
        "min": [2.2367321717e-22, 3.38144154172e-22, 3.53178010344e-21, 1.58355537247e-20, 2.4555633581e-20, 3.64326983285e-20, 6.71101712228e-20, 7.49266725823e-20, 1.15247585079e-19, 2.75339190254e-19, 2.07742106919e-19, 2.95696130978e-19, 9.37738264504e-19, 1.36845886088e-18, 1.54804483835e-18, 2.03238317863e-18, 2.17394149199e-18, 5.58836066729e-18, 3.47071088393e-18, 3.59572599863e-18, 3.67432263248e-18, 5.45388881023e-18, 5.54214691364e-18, 7.46803555149e-18, 1.01651034337e-17, 9.57737920073e-18, 1.03989498744e-17, 9.58121483723e-18, 1.16164976975e-17, 1.22433351657e-17, 1.49366368945e-17, 1.39615067576e-17, 1.1648545156e-17, 9.02577215489e-18, 7.79526654746e-18, 4.47218506899e-18, 2.79108212866e-18, 1.0868981609e-18, 2.43770359164e-19, 2.72131726343e-20],
        "var": [0.903243780136, 37.0838241577, 125.379798889, 117.798347473, 26.5897274017, 26.5674934387, 111.56451416, 239.562454224, 375.65322876, 792.912597656, 1506.23901367, 6114.69091797, 2822.57983398, 3679.89233398, 3623.01855469, 7329.89208984, 11116.1669922, 6784.47021484, 5204.68554688, 1757.96020508, 1122.77270508, 894.248535156, 762.939086914, 1066.5098877, 875.639648438, 751.888305664, 620.961975098, 391.866882324, 262.997619629, 177.752960205, 115.58946228, 44.6304931641, 21.7465686798, 20.9229049683, 6.60762214661, 0.570940196514, 0.0556561760604, 0.00306051876396, 1.74320375663e-05, 7.19781256819e-09]
    },
    "gfcc": {
        "mean": [-16.9365673065, 66.5683517456, -128.780319214, 28.8746643066, -56.3319320679, 23.6033267975, -28.668844223, 16.9265136719, -15.5910892487, 11.199757576, -10.0499830246, 5.49172449112, -7.47075939178],
        "cov": [[11789.2109375, -1844.80310059, 1307.38745117, 975.999572754, -32.616859436, 914.333740234, -159.318450928, 445.161071777, -320.475219727, 269.756286621, -336.832489014, 167.730545044, -308.470458984], [-1844.80310059, 1763.15332031, -263.010620117, 40.0798873901, 257.276947021, -117.44039917, 289.559020996, -23.9700679779, 298.287017822, -74.989074707, 251.019119263, -45.7175941467, 179.142776489], [1307.38745117, -263.010620117, 1630.29528809, 503.880737305, 373.599212646, 639.026062012, 226.903274536, 470.386322021, 120.761543274, 178.472213745, 39.7989616394, 151.125473022, -64.1494522095], [975.999572754, 40.0798873901, 503.880737305, 787.064086914, 344.860351562, 512.099853516, 305.136413574, 187.151062012, 217.798873901, 54.1387901306, 88.9716339111, 70.4359436035, 34.6620063782], [-32.616859436, 257.276947021, 373.599212646, 344.860351562, 431.541320801, 340.665374756, 242.414169312, 183.068603516, 163.986541748, 81.7457351685, 100.809204102, 42.5740394592, 39.9689369202], [914.333740234, -117.44039917, 639.026062012, 512.099853516, 340.665374756, 617.696899414, 276.561920166, 269.907592773, 192.001220703, 114.51953125, 87.7132797241, 85.7594909668, 0.536331355572], [-159.318450928, 289.559020996, 226.903274536, 305.136413574, 242.414169312, 276.561920166, 352.377410889, 183.389846802, 213.445983887, 50.0994911194, 130.332183838, 44.8540878296, 72.6403579712], [445.161071777, -23.9700679779, 470.386322021, 187.151062012, 183.068603516, 269.907592773, 183.389846802, 306.999420166, 125.467926025, 110.349746704, 68.2832717896, 83.3902893066, 18.4373207092], [-320.475219727, 298.287017822, 120.761543274, 217.798873901, 163.986541748, 192.001220703, 213.445983887, 125.467926025, 291.710998535, 75.6907043457, 139.38369751, 51.3715820312, 75.9486541748], [269.756286621, -74.989074707, 178.472213745, 54.1387901306, 81.7457351685, 114.51953125, 50.0994911194, 110.349746704, 75.6907043457, 151.084503174, 59.4638442993, 49.6443023682, 21.6053791046], [-336.832489014, 251.019119263, 39.7989616394, 88.9716339111, 100.809204102, 87.7132797241, 130.332183838, 68.2832717896, 139.38369751, 59.4638442993, 153.909759521, 52.5576400757, 69.5857162476], [167.730545044, -45.7175941467, 151.125473022, 70.4359436035, 42.5740394592, 85.7594909668, 44.8540878296, 83.3902893066, 51.3715820312, 49.6443023682, 52.5576400757, 105.197624207, 44.4077949524], [-308.470458984, 179.142776489, -64.1494522095, 34.6620063782, 39.9689369202, 0.536331355572, 72.6403579712, 18.4373207092, 75.9486541748, 21.6053791046, 69.5857162476, 44.4077949524, 115.978752136]],
        "icov": [[0.00016490201233, -5.84858171351e-05, 7.40449831937e-05, -0.000329124333803, 0.000327163550537, -0.000256905914284, 0.000170505096321, -0.000253968319157, 0.000349968118826, -0.000422261538915, 0.00034922210034, -0.000202505034395, 0.000207767021493], [-5.84858171351e-05, 0.00150947121438, -0.000272023724392, 0.000349021604052, -0.00129458552692, 0.00125299906358, -0.000377958611352, 0.000225209383643, -0.00114614656195, 0.00178481743205, -0.00209444807842, 0.00159243366215, -0.00103563931771], [7.40449831937e-05, -0.000272023724392, 0.00165159150492, -0.000476149376482, 1.76708290383e-05, -0.000999727868475, 0.000622668594588, -0.00185999611858, 0.000706675171386, -0.000563285837416, 0.000751582847442, -0.00125539186411, 0.00124907249119], [-0.000329124333803, 0.000349021604052, -0.000476149376482, 0.00415217597038, -0.00151423900388, -0.00154643435962, -0.00151810608804, 0.00197906140238, -0.00172718137037, 0.00192961073481, 1.11759459287e-06, -0.000143804500112, -0.000927607761696], [0.000327163550537, -0.00129458552692, 1.76708290383e-05, -0.00151423900388, 0.00684235757217, -0.00277837784961, -0.000683000602294, -0.000975763774477, 0.00184138421901, -0.00282635376789, 0.00107148278039, 0.000309556606226, 0.000129122840008], [-0.000256905914284, 0.00125299906358, -0.000999727868475, -0.00154643435962, -0.00277837784961, 0.00770576577634, -0.00184449949302, -0.00031241736724, -0.00179798924364, 0.000616658304352, -0.00160250230692, 9.73369606072e-05, 0.00140403804835], [0.000170505096321, -0.000377958611352, 0.000622668594588, -0.00151810608804, -0.000683000602294, -0.00184449949302, 0.0102656446397, -0.00458573410287, -0.00167041027453, 0.00236112135462, -0.00272171595134, 0.00280127930455, -0.00240689096972], [-0.000253968319157, 0.000225209383643, -0.00185999611858, 0.00197906140238, -0.000975763774477, -0.00031241736724, -0.00458573410287, 0.0108855152503, -0.00136332516558, -0.00245376816019, 0.00128273991868, -0.00327420746908, 0.000669711851515], [0.000349968118826, -0.00114614656195, 0.000706675171386, -0.00172718137037, 0.00184138421901, -0.00179798924364, -0.00167041027453, -0.00136332516558, 0.0100191663951, -0.00345947407186, -0.00220876792446, -0.000491110724397, -0.000158396025654], [-0.000422261538915, 0.00178481743205, -0.000563285837416, 0.00192961073481, -0.00282635376789, 0.000616658304352, 0.00236112135462, -0.00245376816019, -0.00345947407186, 0.0142708765343, -0.00611749431118, 0.00147395825479, -0.00217279023491], [0.00034922210034, -0.00209444807842, 0.000751582847442, 1.11759459287e-06, 0.00107148278039, -0.00160250230692, -0.00272171595134, 0.00128273991868, -0.00220876792446, -0.00611749431118, 0.0195124279708, -0.00701078539714, -0.000718533352483], [-0.000202505034395, 0.00159243366215, -0.00125539186411, -0.000143804500112, 0.000309556606226, 9.73369606072e-05, 0.00280127930455, -0.00327420746908, -0.000491110724397, 0.00147395825479, -0.00701078539714, 0.0202480144799, -0.00849031843245], [0.000207767021493, -0.00103563931771, 0.00124907249119, -0.000927607761696, 0.000129122840008, 0.00140403804835, -0.00240689096972, 0.000669711851515, -0.000158396025654, -0.00217279023491, -0.000718533352483, -0.00849031843245, 0.0172831919044]]
    },
    "melbands": {
        "dmean": [0.00224654050544, 0.0017418685602, 0.000549610762391, 0.000124795231386, 0.000135288661113, 0.000137944327435, 0.00011154585809, 0.000100619909063, 9.71330082393e-05, 0.000139390263939, 7.66809098423e-05, 7.67843885114e-05, 7.3529270594e-05, 5.45699767827e-05, 7.10272579454e-05, 6.00934872637e-05, 5.23648086528e-05, 3.39191501553e-05, 2.36037303694e-05, 2.87156381091e-05, 2.16438183998e-05, 1.6755922843e-05, 1.51128278958e-05, 1.40439587994e-05, 1.14899430628e-05, 8.99876704352e-06, 8.42083227326e-06, 7.77762215876e-06, 7.64286778576e-06, 5.9396315919e-06, 5.19656759934e-06, 4.32121441918e-06, 3.67046072824e-06, 3.10711357088e-06, 2.93697348752e-06, 1.90236653452e-06, 1.65224412285e-06, 1.35491154651e-06, 1.02886997411e-06, 1.68243161625e-06],
        "dmean2": [0.00353075377643, 0.00273889536038, 0.000995786627755, 0.000219068126171, 0.000223219540203, 0.000213592022192, 0.000163064716617, 0.000145272832015, 0.000146039688843, 0.000214756088099, 0.00012066263298, 0.000119622942293, 0.000116215029266, 8.59157007653e-05, 0.000112212699605, 9.60748802754e-05, 8.72026867e-05, 5.47642666788e-05, 3.87960499211e-05, 4.83472867927e-05, 3.6859571992e-05, 2.79750038317e-05, 2.51640212809e-05, 2.37399544858e-05, 1.90196278709e-05, 1.42766002682e-05, 1.39070380101e-05, 1.26427567011e-05, 1.29372601805e-05, 1.01240812e-05, 8.7911985247e-06, 7.32556009098e-06, 6.17395971858e-06, 5.27955035068e-06, 5.01345721204e-06, 3.12779570777e-06, 2.66427196038e-06, 2.07952439268e-06, 1.55657141931e-06, 2.47626553573e-06],
        "dvar": [3.5944271076e-05, 3.65556479665e-05, 4.93284233016e-06, 1.59297258051e-07, 1.44676207015e-07, 9.65682573906e-08, 4.10452614119e-08, 3.6132355774e-08, 5.28260990507e-08, 1.2007635064e-07, 3.60205518746e-08, 5.0916394656e-08, 2.32456081051e-08, 2.37352821841e-08, 2.88135044713e-08, 2.19890683439e-08, 2.09267003726e-08, 9.93033033581e-09, 2.47094078532e-09, 2.42342634849e-09, 1.72661707154e-09, 8.8322632541e-10, 8.63041360599e-10, 8.299120835e-10, 5.54460088953e-10, 3.47663620115e-10, 2.79963857652e-10, 2.01314145909e-10, 2.75307110442e-10, 1.85501891625e-10, 1.4175656482e-10, 1.01688220344e-10, 5.75385607215e-11, 5.78257927653e-11, 6.52698450843e-11, 1.35261454814e-11, 1.15373648135e-11, 5.834117911e-12, 3.37832713193e-12, 1.77878614616e-11],
        "dvar2": [8.76472840901e-05, 8.96471028682e-05, 1.40329111673e-05, 4.47156850214e-07, 4.10796644701e-07, 2.57163776496e-07, 8.21021401975e-08, 6.37776977896e-08, 1.09812376081e-07, 2.55603197274e-07, 7.56620508469e-08, 1.20853428598e-07, 5.44328280228e-08, 4.77608388394e-08, 6.46500097901e-08, 4.94453757938e-08, 5.04826616066e-08, 2.4159096057e-08, 6.02245497916e-09, 6.320025836e-09, 4.73916994537e-09, 2.32170505043e-09, 2.25583218771e-09, 2.13820783301e-09, 1.36658562244e-09, 8.59715187929e-10, 7.20637938212e-10, 4.84877804574e-10, 7.23406723413e-10, 5.0729365153e-10, 3.88114040906e-10, 2.82150691699e-10, 1.55587154271e-10, 1.59238969233e-10, 1.83085394068e-10, 3.51040724267e-11, 2.92858792772e-11, 1.30585342886e-11, 7.36071099905e-12, 3.71804254051e-11],
        "max": [0.0625048577785, 0.0532261766493, 0.0178946480155, 0.00661091832444, 0.0041413968429, 0.00338216498494, 0.00290946965106, 0.00477086380124, 0.00658687390387, 0.00808411370963, 0.00574805261567, 0.00536395795643, 0.00315606966615, 0.00414167903364, 0.00276432419196, 0.00303359865211, 0.00382110639475, 0.00329233100638, 0.00134979479481, 0.000995818874799, 0.000851496122777, 0.000432178174378, 0.000402013480198, 0.00027901440626, 0.000301699968986, 0.000435881840531, 0.00021659983031, 0.000201377508347, 0.000225816576858, 0.000158430309966, 0.000134448229801, 0.000111492510769, 8.7330401584e-05, 9.8463606264e-05, 9.55945724854e-05, 3.81423487852e-05, 4.07708139392e-05, 3.77427422791e-05, 2.74198446277e-05, 4.87910328957e-05],
        "mean": [0.00508704967797, 0.00229335878976, 0.000426491984399, 0.000117368646897, 0.000176025467226, 0.000200586509891, 0.000167930033058, 0.000177102920134, 0.000150602820213, 0.000191642277059, 0.000107227780973, 0.00010054512677, 0.000105569641164, 6.91915629432e-05, 8.74363395269e-05, 7.04507692717e-05, 6.60851874272e-05, 4.34676876466e-05, 3.09460156132e-05, 3.6670055124e-05, 2.72285105893e-05, 2.20016154344e-05, 1.92249790416e-05, 1.73923272087e-05, 1.45644880831e-05, 1.24464331748e-05, 1.13598052849e-05, 1.0969604773e-05, 8.96017536434e-06, 7.64416108723e-06, 6.57587679598e-06, 5.59498494113e-06, 4.92730123369e-06, 4.03950662076e-06, 3.68116184291e-06, 2.71003796115e-06, 2.41115662902e-06, 2.07177117773e-06, 1.71951762695e-06, 2.10793200495e-06],
        "median": [0.00153545453213, 0.000559430802241, 5.7809145801e-05, 2.76699302049e-05, 4.58846152469e-05, 4.41036900156e-05, 3.97678631998e-05, 5.42150737601e-05, 3.6255492887e-05, 3.47801069438e-05, 2.83298650174e-05, 2.70068994723e-05, 3.26708504872e-05, 1.89041456906e-05, 1.97417684831e-05, 1.75836557901e-05, 1.71336687345e-05, 1.4057090084e-05, 1.07146252049e-05, 1.24446933114e-05, 9.41686175793e-06, 8.51028016768e-06, 6.61439617033e-06, 4.88302748636e-06, 4.0778991206e-06, 3.68836958842e-06, 3.45327202922e-06, 3.63971594197e-06, 2.4208297873e-06, 2.25810208576e-06, 1.81286861789e-06, 1.77212007202e-06, 1.54789995577e-06, 1.2246426877e-06, 9.98237851491e-07, 7.79864876677e-07, 6.14950465661e-07, 5.11513633228e-07, 3.93612083371e-07, 3.22161355371e-07],
        "min": [2.62746493348e-24, 1.30402977343e-24, 3.15783879981e-24, 1.90284688822e-24, 2.15552298047e-24, 1.86970447501e-24, 1.78025573419e-24, 2.84116183067e-24, 1.86947452206e-24, 2.18313271772e-24, 4.25913773009e-24, 4.73759567417e-24, 4.17221945783e-24, 5.05766020925e-24, 4.03278829283e-24, 4.29754855085e-24, 9.44030160822e-24, 4.57515343657e-24, 2.34847184979e-24, 3.8827086889e-24, 4.05942023699e-24, 5.0521665819e-24, 4.71000565844e-24, 2.8516741911e-24, 4.56064036806e-24, 7.06384472061e-24, 5.69516828904e-24, 5.24588557667e-24, 6.10906427892e-24, 6.00541426686e-24, 5.86222339078e-24, 6.11386410309e-24, 6.3914248126e-24, 6.86460291064e-24, 7.83514006005e-24, 6.85235584509e-24, 7.75090233715e-24, 7.45614998194e-24, 8.2838046999e-24, 6.89053119087e-24],
        "var": [6.43141538603e-05, 3.7034656998e-05, 2.93582525046e-06, 1.05342380152e-07, 1.14852859667e-07, 1.17020952928e-07, 8.63043894128e-08, 1.07615811373e-07, 1.06927835475e-07, 2.20833683784e-07, 6.88364210077e-08, 7.02678519815e-08, 3.67221133502e-08, 3.97555304232e-08, 4.37389005015e-08, 3.20418820365e-08, 3.37826158159e-08, 1.21804895059e-08, 3.39788219783e-09, 3.55259399676e-09, 2.00644967308e-09, 1.18972265373e-09, 1.1289547075e-09, 9.49939127359e-10, 7.48731854294e-10, 4.97011098943e-10, 3.79192760525e-10, 3.19977572216e-10, 2.73828959507e-10, 1.93451282771e-10, 1.44558295889e-10, 9.51377310265e-11, 6.49512457707e-11, 5.49279718931e-11, 5.44698001981e-11, 1.88449811311e-11, 1.71357684986e-11, 1.17167438946e-11, 8.01716072002e-12, 2.33102981362e-11]
    },
    "mfcc": {
        "mean": [-653.782348633, 97.1671676636, -10.2563524246, 12.6569032669, 0.299001008272, 8.08717918396, 2.54844474792, 7.08861589432, 5.02078437805, 6.20453262329, 4.54658174515, 6.48269271851, 4.82568597794],
        "cov": [[8464.31347656, -1343.97546387, 434.102539062, 254.114242554, 110.541511536, 252.9349823, 119.807472229, 56.6758995056, 56.1945114136, 8.77059745789, -30.1570644379, -57.0615386963, 18.1372737885], [-1343.97546387, 1483.23681641, -219.253219604, 91.8187179565, 9.29531669617, -77.4134597778, 25.6785621643, 35.8419342041, 20.1343917847, 60.70860672, 35.3345565796, 63.3904571533, 44.7065162659], [434.102539062, -219.253219604, 1028.63757324, 182.920013428, 342.68359375, 234.863418579, 248.652557373, 310.540313721, 189.992462158, 166.362258911, 182.53729248, 129.784667969, 97.4156570435], [254.114242554, 91.8187179565, 182.920013428, 346.339996338, 165.964874268, 215.018768311, 136.546783447, 179.901748657, 123.300376892, 91.1204986572, 68.4149703979, 82.2608642578, 75.8379898071], [110.541511536, 9.29531669617, 342.68359375, 165.964874268, 352.653259277, 238.549301147, 188.017929077, 195.735137939, 135.424362183, 125.715866089, 128.342880249, 94.5444946289, 82.8321228027], [252.9349823, -77.4134597778, 234.863418579, 215.018768311, 238.549301147, 403.950042725, 177.139328003, 232.039535522, 140.921890259, 143.529266357, 127.106193542, 110.83921814, 84.534866333], [119.807472229, 25.6785621643, 248.652557373, 136.546783447, 188.017929077, 177.139328003, 274.148223877, 189.452682495, 134.092941284, 111.855918884, 102.632019043, 75.374206543, 88.2270812988], [56.6758995056, 35.8419342041, 310.540313721, 179.901748657, 195.735137939, 232.039535522, 189.452682495, 330.339324951, 166.984008789, 146.971710205, 122.997047424, 118.932144165, 100.713172913], [56.1945114136, 20.1343917847, 189.992462158, 123.300376892, 135.424362183, 140.921890259, 134.092941284, 166.984008789, 182.791717529, 120.226974487, 95.6855773926, 80.7987823486, 72.1794891357], [8.77059745789, 60.70860672, 166.362258911, 91.1204986572, 125.715866089, 143.529266357, 111.855918884, 146.971710205, 120.226974487, 174.146774292, 120.424415588, 89.1511154175, 67.7456512451], [-30.1570644379, 35.3345565796, 182.53729248, 68.4149703979, 128.342880249, 127.106193542, 102.632019043, 122.997047424, 95.6855773926, 120.424415588, 152.550521851, 101.492225647, 58.8385009766], [-57.0615386963, 63.3904571533, 129.784667969, 82.2608642578, 94.5444946289, 110.83921814, 75.374206543, 118.932144165, 80.7987823486, 89.1511154175, 101.492225647, 135.368896484, 77.5190658569], [18.1372737885, 44.7065162659, 97.4156570435, 75.8379898071, 82.8321228027, 84.534866333, 88.2270812988, 100.713172913, 72.1794891357, 67.7456512451, 58.8385009766, 77.5190658569, 122.783843994]],
