{
"lowlevel": {
    "average_loudness": 0.731665551662,
    "barkbands_crest": {
        "dmean": 2.84108495712,
        "dmean2": 4.2690911293,
        "dvar": 7.90102767944,
        "dvar2": 16.7416706085,
        "max": 26.8533420563,
        "mean": 11.309885025,
        "median": 9.90633678436,
        "min": 1.84834563732,
        "var": 36.1094093323
    },
    "barkbands_flatness_db": {
        "dmean": 0.0275918953121,
        "dmean2": 0.0402964875102,
        "dvar": 0.00110572564881,
        "dvar2": 0.00237506953999,
        "max": 0.801574647427,
        "mean": 0.121310099959,
        "median": 0.100154235959,
        "min": 0.0164235010743,
        "var": 0.00919535849243
    },
    "barkbands_kurtosis": {
        "dmean": 10.0855112076,
        "dmean2": 16.5969371796,
        "dvar": 3914.796875,
        "dvar2": 11582.8730469,
        "max": 3355.76733398,
        "mean": 10.8797082901,
        "median": 0.401069879532,
        "min": -1.93270683289,
        "var": 3056.99536133
    },
    "barkbands_skewness": {
        "dmean": 0.872071921825,
        "dmean2": 1.2971367836,
        "dvar": 2.16408252716,
        "dvar2": 4.66702508926,
        "max": 34.635433197,
        "mean": 1.66692245007,
        "median": 0.990046024323,
        "min": -2.29034519196,
        "var": 5.29178190231
    },
    "barkbands_spread": {
        "dmean": 9.40477657318,
        "dmean2": 14.4810113907,
        "dvar": 139.082214355,
        "dvar2": 333.811828613,
        "max": 115.418190002,
        "mean": 31.2054767609,
        "median": 28.7151966095,
        "min": 0.00960480701178,
        "var": 352.858795166
    },
    "dissonance": {
        "dmean": 0.0151910511777,
        "dmean2": 0.0246363580227,
        "dvar": 0.00023333086574,
        "dvar2": 0.000609945796896,
        "max": 0.5,
        "mean": 0.471103817225,
        "median": 0.476989716291,
        "min": 0.292091727257,
        "var": 0.000540130771697
    },
    "dynamic_complexity": 3.32623648643,
    "erbbands_crest": {
        "dmean": 2.68741464615,
        "dmean2": 4.19695949554,
        "dvar": 6.73660564423,
        "dvar2": 15.5325975418,
        "max": 30.7116966248,
        "mean": 8.63136672974,
        "median": 7.48698425293,
        "min": 2.2515437603,
        "var": 20.2709770203
    },
    "erbbands_flatness_db": {
        "dmean": 0.0175984352827,
        "dmean2": 0.0256940312684,
        "dvar": 0.000343566876836,
        "dvar2": 0.000734306871891,
        "max": 0.49888047576,
        "mean": 0.132677361369,
        "median": 0.119417332113,
        "min": 0.0469975098968,
        "var": 0.00308780767955
    },
    "erbbands_kurtosis": {
        "dmean": 1.20126676559,
        "dmean2": 1.8918530941,
        "dvar": 15.1032104492,
        "dvar2": 38.2806510925,
        "max": 153.267807007,
        "mean": 1.00281655788,
        "median": -0.236259698868,
        "min": -1.78387653828,
        "var": 61.879650116
    },
    "erbbands_skewness": {
        "dmean": 0.400780260563,
        "dmean2": 0.600867629051,
        "dvar": 0.187512546778,
        "dvar2": 0.470318377018,
        "max": 8.28716373444,
        "mean": 0.283664375544,
        "median": 0.108359903097,
        "min": -2.12093496323,
        "var": 0.890507340431
    },
    "erbbands_spread": {
        "dmean": 11.6638784409,
        "dmean2": 17.455286026,
        "dvar": 237.193588257,
        "dvar2": 520.159606934,
        "max": 172.051696777,
        "mean": 42.9805145264,
        "median": 37.5196723938,
        "min": 0.688316762447,
        "var": 571.586364746
    },
    "hfc": {
        "dmean": 10.8577070236,
        "dmean2": 16.1849136353,
        "dvar": 291.332336426,
        "dvar2": 682.358703613,
        "max": 175.767776489,
        "mean": 25.2908420563,
        "median": 13.7785902023,
        "min": 1.09501123933e-16,
        "var": 768.936401367
    },
    "melbands_crest": {
        "dmean": 3.64946842194,
        "dmean2": 5.68197870255,
        "dvar": 13.6007347107,
        "dvar2": 31.6425857544,
        "max": 36.7680091858,
        "mean": 17.3034210205,
        "median": 16.0462017059,
        "min": 1.69064617157,
        "var": 64.2811737061
    },
    "melbands_flatness_db": {
        "dmean": 0.036588601768,
        "dmean2": 0.0530812591314,
        "dvar": 0.00183984881733,
        "dvar2": 0.00400680024177,
        "max": 0.985258221626,
        "mean": 0.18402376771,
        "median": 0.161950021982,
        "min": 0.00241823121905,
        "var": 0.0148457288742
    },
    "melbands_kurtosis": {
        "dmean": 20.1969833374,
        "dmean2": 31.2224407196,
        "dvar": 3872.74780273,
        "dvar2": 7568.4765625,
        "max": 699.958190918,
        "mean": 26.6210308075,
        "median": 5.02348995209,
        "min": -1.54438745975,
        "var": 5220.55761719
    },
    "melbands_skewness": {
        "dmean": 1.19393634796,
        "dmean2": 1.74688017368,
        "dvar": 3.72488355637,
        "dvar2": 6.59156990051,
        "max": 21.291437149,
        "mean": 3.03830456734,
        "median": 2.0255420208,
        "min": -1.75954771042,
        "var": 9.79286193848
    },
    "melbands_spread": {
        "dmean": 11.539182663,
        "dmean2": 17.8555316925,
        "dvar": 210.221740723,
        "dvar2": 462.479888916,
        "max": 165.083724976,
        "mean": 33.491191864,
        "median": 28.5767765045,
        "min": 0.138983920217,
        "var": 627.360412598
    },
    "pitch_salience": {
        "dmean": 0.0878736972809,
        "dmean2": 0.136684373021,
        "dvar": 0.00903872866184,
        "dvar2": 0.0211755931377,
        "max": 0.984474122524,
        "mean": 0.48431712389,
        "median": 0.509080827236,
        "min": 0.01330040209,
        "var": 0.0298938509077
    },
    "silence_rate_20dB": {
        "dmean": 0,
        "dmean2": 0,
        "dvar": 0,
        "dvar2": 0,
        "max": 1,
        "mean": 1,
        "median": 1,
        "min": 1,
        "var": 0
    },
    "silence_rate_30dB": {
        "dmean": 0.00440324470401,
        "dmean2": 0.00880750920624,
        "dvar": 0.00438367482275,
        "dvar2": 0.0131329391152,
        "max": 1,
        "mean": 0.997798621655,
        "median": 1,
        "min": 0,
        "var": 0.0021966046188
    },
    "silence_rate_60dB": {
        "dmean": 0.0368482023478,
        "dmean2": 0.0737049505115,
        "dvar": 0.0354900062084,
        "dvar2": 0.0847287625074,
        "max": 1,
        "mean": 0.0653458461165,
        "median": 0,
        "min": 0,
        "var": 0.0610775351524
    },
    "spectral_centroid": {
        "dmean": 361.526123047,
        "dmean2": 542.864440918,
        "dvar": 181701.203125,
        "dvar2": 404334.6875,
        "max": 11467.5332031,
        "mean": 1843.95324707,
        "median": 1889.41699219,
        "min": 69.3431549072,
        "var": 747540.375
    },
    "spectral_complexity": {
        "dmean": 5.45098495483,
        "dmean2": 8.59775161743,
        "dvar": 50.4531135559,
        "dvar2": 117.892471313,
        "max": 55,
        "mean": 17.6396713257,
        "median": 17,
        "min": 0,
        "var": 125.527313232
    },
    "spectral_decrease": {
        "dmean": 1.83904502737e-09,
        "dmean2": 2.83632339837e-09,
        "dvar": 9.14589036036e-18,
        "dvar2": 2.05850595597e-17,
        "max": 2.14131150489e-28,
        "mean": -6.16557560562e-09,
        "median": -3.35143224284e-09,
        "min": -3.54594824614e-08,
        "var": 4.11774380134e-17
    },
    "spectral_energy": {
        "dmean": 0.00752727128565,
        "dmean2": 0.011531339027,
        "dvar": 0.000134344649268,
        "dvar2": 0.000299726991216,
        "max": 0.13563413918,
        "mean": 0.0255642961711,
        "median": 0.0147925941274,
        "min": 1.0270362535e-20,
        "var": 0.000639380945358
    },
    "spectral_energyband_high": {
        "dmean": 0.000890462077223,
        "dmean2": 0.00133737490978,
        "dvar": 2.09619156522e-06,
        "dvar2": 4.84536803924e-06,
        "max": 0.0155678754672,
        "mean": 0.00175910757389,
        "median": 0.000674122129567,
        "min": 7.12927663693e-21,
        "var": 5.58126157557e-06
    },
    "spectral_energyband_low": {
        "dmean": 0.00560871930793,
        "dmean2": 0.00880993064493,
        "dvar": 0.000154643523274,
        "dvar2": 0.00035268755164,
        "max": 0.129952862859,
        "mean": 0.0143004609272,
        "median": 0.00366643909365,
        "min": 1.35526555952e-23,
        "var": 0.000501628674101
    },
    "spectral_energyband_middle_high": {
        "dmean": 0.00259006745182,
        "dmean2": 0.00390505325049,
        "dvar": 1.9670878828e-05,
        "dvar2": 4.53116444987e-05,
        "max": 0.0569698438048,
        "mean": 0.00543481204659,
        "median": 0.00305598671548,
        "min": 1.132248195e-21,
        "var": 4.4676799007e-05
    },
    "spectral_energyband_middle_low": {
        "dmean": 0.00196256395429,
        "dmean2": 0.00308925495483,
        "dvar": 1.54516583279e-05,
        "dvar2": 4.24023273808e-05,
        "max": 0.0378483310342,
        "mean": 0.00453425664455,
        "median": 0.00336361397058,
        "min": 1.95641922116e-22,
        "var": 2.00576050702e-05
    },
    "spectral_entropy": {
        "dmean": 0.195920661092,
        "dmean2": 0.284443259239,
        "dvar": 0.0520806722343,
        "dvar2": 0.126576393843,
        "max": 9.81916618347,
        "mean": 7.83905601501,
        "median": 7.93581485748,
        "min": 3.11329340935,
        "var": 0.391088485718
    },
    "spectral_flux": {
        "dmean": 0.0258265696466,
        "dmean2": 0.0397225171328,
        "dvar": 0.00127937656362,
        "dvar2": 0.00219072331674,
        "max": 0.378130555153,
        "mean": 0.0731120035052,
        "median": 0.0617226101458,
        "min": 6.56225351836e-11,
        "var": 0.00298839597963
    },
    "spectral_kurtosis": {
        "dmean": 2.4395570755,
        "dmean2": 4.16655111313,
        "dvar": 185.546600342,
        "dvar2": 600.545654297,
        "max": 383.490325928,
        "mean": 6.41544866562,
        "median": 2.73066997528,
        "min": -1.41638958454,
        "var": 655.285827637
    },
    "spectral_rms": {
        "dmean": 0.000729731807951,
        "dmean2": 0.00107662857044,
        "dvar": 8.04131047971e-07,
        "dvar2": 1.66223890119e-06,
        "max": 0.0115033034235,
        "mean": 0.00443017855287,
        "median": 0.00379892089404,
        "min": 3.16541714715e-12,
        "var": 5.31428895556e-06
    },
    "spectral_rolloff": {
        "dmean": 1014.63604736,
        "dmean2": 1684.08728027,
        "dvar": 2806346,
        "dvar2": 6690306,
        "max": 19207.6171875,
        "mean": 2345.40893555,
        "median": 1636.5234375,
        "min": 43.06640625,
        "var": 5629780.5
    },
    "spectral_skewness": {
        "dmean": 0.219003334641,
        "dmean2": 0.342047840357,
        "dvar": 0.176760062575,
        "dvar2": 0.514196157455,
        "max": 16.7765522003,
        "mean": 1.57764863968,
        "median": 1.32531714439,
        "min": -0.0610122159123,
        "var": 1.88727867603
    },
    "spectral_spread": {
        "dmean": 780017.9375,
        "dmean2": 1175591.875,
        "dvar": 1.3852672e+12,
        "dvar2": 3.24409465242e+12,
        "max": 41640992,
        "mean": 5835713,
        "median": 5709260,
        "min": 246566.90625,
        "var": 4.7616884736e+12
    },
    "spectral_strongpeak": {
        "dmean": 0.491949290037,
        "dmean2": 0.818179488182,
        "dvar": 1.0587195158,
        "dvar2": 2.5801486969,
        "max": 12.9491653442,
        "mean": 0.814382553101,
        "median": 0.350527197123,
        "min": 0,
        "var": 1.58469510078
    },
    "zerocrossingrate": {
        "dmean": 0.0176653712988,
        "dmean2": 0.0196640565991,
        "dvar": 0.000357376557076,
        "dvar2": 0.00043749526958,
        "max": 0.5615234375,
        "mean": 0.0829169005156,
        "median": 0.07373046875,
        "min": 0.001953125,
        "var": 0.00277713686228
    },
    "barkbands": {
        "dmean": [0.000542771304026, 0.0045670485124, 0.00218737614341, 0.000689652108122, 0.000476476241602, 0.000410821579862, 0.000451452797279, 0.000311517011141, 0.000304163026158, 0.000372783601051, 0.000428146362538, 0.000538683903869, 0.000417194562033, 0.000323315733112, 0.000345804059179, 0.000229691635468, 0.000327332178131, 0.000371165282559, 0.000297992752166, 0.000286874157609, 0.000216276792344, 0.00018072144303, 0.000144912992255, 0.000130783868372, 0.000148193867062, 5.76317179366e-05, 8.40882239572e-06],
        "dmean2": [0.000771274149884, 0.00698348274454, 0.00401458935812, 0.00127280317247, 0.000789217941929, 0.00057770422427, 0.000662630365696, 0.000461724877823, 0.000455995177617, 0.000535358383786, 0.000641038408503, 0.000809517223388, 0.000625469489023, 0.000499498739373, 0.000549408898223, 0.000386734551284, 0.000549495976884, 0.000629087851848, 0.000497192784678, 0.000443483557319, 0.000354153162334, 0.000284582580207, 0.000223388109589, 0.000199775386136, 0.000237975531491, 8.88731083251e-05, 1.35519630931e-05],
        "dvar": [1.41909492868e-06, 9.18936930248e-05, 0.000107043342723, 9.01142357179e-06, 1.15972943604e-06, 6.1686449726e-07, 6.16202441961e-07, 5.86550356729e-07, 8.69398490977e-07, 5.38612482615e-07, 1.05331127997e-06, 1.95973916561e-06, 1.03564332221e-06, 1.06092340957e-06, 3.22932351082e-07, 2.31777434578e-07, 4.53891885854e-07, 9.93977664621e-07, 3.42998788483e-07, 2.91281622822e-07, 1.47490936797e-07, 1.35798629231e-07, 8.24560331125e-08, 4.7159296912e-08, 8.68607727966e-08, 1.0523129923e-08, 2.40765435366e-10],
        "dvar2": [2.7127452995e-06, 0.000198863592232, 0.000305836554617, 2.61928380496e-05, 3.09308802571e-06, 1.14949614272e-06, 1.37448921578e-06, 1.25922338157e-06, 1.62542323778e-06, 9.18103467029e-07, 2.1889600248e-06, 4.10912207371e-06, 1.92793845599e-06, 2.24469931709e-06, 7.88782358541e-07, 5.71981559006e-07, 1.11535700853e-06, 2.67813447863e-06, 8.61262947183e-07, 6.20118157713e-07, 3.65080836673e-07, 3.05774250364e-07, 2.00516595328e-07, 1.07172532182e-07, 2.29842669341e-07, 2.48577194384e-08, 6.12895956209e-10],
        "max": [0.0219672061503, 0.110009014606, 0.0979361534119, 0.0306257400662, 0.0168888419867, 0.0185627620667, 0.0141836777329, 0.0192663874477, 0.0198903083801, 0.0141304563731, 0.0217848215252, 0.0318538509309, 0.0201497413218, 0.0372571237385, 0.00983208604157, 0.0103838928044, 0.0107258539647, 0.0189958550036, 0.00709883356467, 0.00734518049285, 0.00538955861703, 0.00690563488752, 0.00564018823206, 0.00277261249721, 0.00372774363495, 0.00136548059527, 0.000414614623878],
        "mean": [0.00128594017588, 0.0110529446974, 0.00165347359143, 0.000543228874449, 0.000759423128329, 0.000927034649067, 0.000852946017403, 0.000540803186595, 0.000566969683859, 0.000635204662103, 0.000653550494462, 0.000792251550592, 0.000644443265628, 0.000479165988509, 0.00052293780027, 0.00029399318737, 0.000441388780018, 0.000500144378748, 0.000429616076872, 0.000473717256682, 0.000344696716638, 0.000304331275402, 0.000256466853898, 0.000255757244304, 0.000232399223023, 0.000104271231976, 1.71511856024e-05],
        "median": [0.000190868915524, 0.00270042615011, 0.00029654201353, 8.89716102392e-05, 0.000280634674709, 0.000497390166856, 0.000395002862206, 0.000159538947628, 0.000142600620165, 0.000195541026187, 0.000150280044181, 0.000174373781192, 0.000191833722056, 0.000121310455143, 0.000261492212303, 0.000118812080473, 0.000185129872989, 0.00017832274898, 0.000167471080204, 0.00015691180306, 0.000124631580547, 0.000102831450931, 8.36734325276e-05, 8.95424018381e-05, 8.04751398391e-05, 3.2626769098e-05, 3.94026710637e-06],
        "min": [3.68156572415e-24, 5.68840617336e-24, 3.18461766931e-24, 4.42897238323e-24, 1.22305531171e-23, 6.10431928057e-24, 1.79496574181e-23, 1.72301862959e-23, 1.46025994834e-23, 1.94350698809e-23, 3.41197676964e-23, 2.18577090525e-23, 2.98784885939e-23, 4.31086957164e-23, 7.96931835806e-23, 6.88700245827e-23, 8.34110092962e-23, 8.69006143966e-23, 1.62207788142e-22, 1.97209243584e-22, 3.21067196219e-22, 4.41087599295e-22, 4.78521510494e-22, 7.33952601634e-22, 8.79561582505e-22, 1.41579019935e-21, 2.0354210786e-21],
        "var": [6.60844852973e-06, 0.000337564153597, 6.1772094341e-05, 5.02615148434e-06, 1.60789068104e-06, 1.68002316059e-06, 1.67567407061e-06, 1.40390386605e-06, 2.3003408387e-06, 1.5514608549e-06, 2.09698214348e-06, 3.86648753192e-06, 2.53139160122e-06, 2.43304339165e-06, 5.1053370953e-07, 2.76375118347e-07, 6.72123803724e-07, 1.19260027986e-06, 5.64087088151e-07, 7.39880306355e-07, 2.91715991807e-07, 2.90044681606e-07, 1.54626334847e-07, 1.38258357651e-07, 1.30192788106e-07, 2.73130584816e-08, 9.60713064657e-10]
    },
    "erbbands": {
        "dmean": [0.203395769, 0.945801079273, 2.23432040215, 2.68008184433, 1.43976593018, 1.85574388504, 2.31688475609, 3.64659333229, 5.77158737183, 5.58153772354, 8.73001003265, 6.64911413193, 10.7600593567, 15.4742288589, 12.8570966721, 24.962305069, 19.9480381012, 19.1964530945, 14.6592559814, 14.0310049057, 14.2775478363, 16.3316898346, 19.9407291412, 18.7127494812, 13.9496221542, 11.5543794632, 10.0616407394, 8.16258621216, 7.17197465897, 4.96640634537, 4.21729469299, 2.90234708786, 2.15178847313, 1.56172716618, 1.15835297108, 0.340124130249, 0.0897784084082, 0.0171077176929, 0.00142892810982, 2.93393477477e-05],
        "dmean2": [0.275652050972, 1.3980897665, 3.8963329792, 4.91809129715, 2.55304336548, 3.01154732704, 3.5719268322, 5.10658550262, 8.20580291748, 8.40058422089, 12.7083473206, 10.0131130219, 15.6386022568, 22.6724243164, 19.3509788513, 37.2118530273, 29.3831138611, 29.2438907623, 23.0404930115, 22.6993751526, 23.7939624786, 27.3319759369, 33.7420196533, 31.0594615936, 22.4756336212, 18.3714809418, 16.0776004791, 13.0827579498, 11.2646074295, 7.84546279907, 6.52456283569, 4.48876190186, 3.30039405823, 2.44768738747, 1.90928709507, 0.529166042805, 0.139627337456, 0.0265147946775, 0.00230346806347, 4.55198533018e-05],
        "dvar": [0.14844635129, 4.86608743668, 90.0887451172, 150.382278442, 24.7343559265, 15.9305076599, 19.2484130859, 76.0037078857, 84.9264526367, 110.31439209, 654.639770508, 360.044464111, 594.212036133, 1209.20910645, 876.691101074, 4263.32861328, 2262.0625, 3110.56201172, 791.042480469, 512.885742188, 749.829406738, 1228.95056152, 2839.18774414, 1880.86633301, 788.528015137, 503.057983398, 344.614257812, 204.842102051, 251.205596924, 103.710403442, 68.6312484741, 26.9228038788, 12.1596040726, 6.83868408203, 7.94720077515, 0.399290949106, 0.0270106717944, 0.000860469473992, 7.17647390047e-06, 2.06139261216e-09],
        "dvar2": [0.272717773914, 10.218380928, 245.024536133, 433.998016357, 71.3909378052, 37.9403152466, 46.0174026489, 134.332702637, 185.304534912, 249.565917969, 1313.50183105, 731.608459473, 1019.29345703, 2255.65478516, 1748.87060547, 9026.71972656, 4098.07861328, 6656.328125, 1914.19482422, 1239.41125488, 1910.06799316, 3012.9128418, 7536.0625, 4904.10742188, 1867.65600586, 1153.60009766, 828.87512207, 480.2918396, 538.137207031, 267.144287109, 168.036026001, 62.7414169312, 27.5830287933, 16.4925441742, 21.9462928772, 0.952937841415, 0.0649578198791, 0.00207591755316, 1.84721957339e-05, 4.95196728068e-09],
        "max": [4.79905748367, 25.415473938, 91.8995361328, 121.657165527, 52.7003746033, 97.1048736572, 80.7152557373, 221.647262573, 163.403121948, 167.689239502, 529.657592773, 573.184692383, 550.18182373, 833.00958252, 621.005187988, 1592.05712891, 997.865234375, 2021.80627441, 565.617248535, 329.984710693, 387.16607666, 631.650390625, 1072.97497559, 667.749694824, 454.047271729, 352.573944092, 295.210784912, 281.65447998, 332.663787842, 214.669708252, 139.311050415, 78.5296936035, 43.6352539062, 30.1600246429, 39.8240890503, 7.51355552673, 2.50025844574, 0.674180209637, 0.054859701544, 0.000827763229609],
        "mean": [0.498936980963, 1.74395239353, 2.08032512665, 2.08925533295, 1.58683884144, 3.03564786911, 4.77776241302, 7.91724777222, 11.6565790176, 10.3630886078, 15.9390096664, 12.9672851562, 18.7758274078, 25.0498828888, 20.4912166595, 38.1866531372, 32.6449623108, 30.3827419281, 22.6863632202, 22.178899765, 20.337387085, 22.6019668579, 26.9833183289, 26.6678695679, 21.1046695709, 19.0665206909, 16.1417064667, 13.35435009, 11.9236927032, 8.37853336334, 7.38478946686, 5.6031126976, 4.08287143707, 2.7472410202, 1.59873628616, 0.569640755653, 0.164811387658, 0.0363048613071, 0.00279900291935, 8.02292342996e-05],
        "median": [0.0860030353069, 0.479779720306, 0.593453407288, 0.381816029549, 0.371170043945, 0.994734942913, 2.44404697418, 3.65862393379, 5.76861524582, 5.1244096756, 4.67041921616, 4.46830320358, 6.15076065063, 7.30499887466, 7.10053634644, 9.37307548523, 11.0453939438, 10.8859195709, 11.4663991928, 12.3699655533, 10.2720241547, 10.0119066238, 10.0881280899, 9.83533382416, 8.15836715698, 6.90939044952, 5.70455646515, 4.64675331116, 3.80983304977, 2.93739104271, 2.3532397747, 1.94378244877, 1.38335251808, 0.929756760597, 0.533314049244, 0.180789396167, 0.0513299740851, 0.0112954219803, 0.000596353900619, 3.75612544303e-05],
        "min": [1.31767513832e-22, 1.48213691033e-21, 4.52797374842e-21, 8.76232988333e-21, 2.21750110093e-20, 4.66875310321e-20, 1.19370098155e-19, 6.24024084758e-20, 2.20019858278e-19, 3.03622356554e-19, 4.18137214706e-19, 3.28634075229e-19, 9.625315558e-19, 7.4922737012e-19, 1.57240685835e-18, 8.91935619626e-19, 1.79967411126e-18, 2.17745969793e-18, 2.65240054268e-18, 4.89077154617e-18, 4.55731642968e-18, 4.37587725745e-18, 5.7097568668e-18, 3.63531941224e-18, 9.45901958124e-18, 1.03251248319e-17, 1.17430579856e-17, 1.32179144003e-17, 1.41298380123e-17, 1.24285160894e-17, 1.37515923064e-17, 1.21781185918e-17, 1.18638304909e-17, 8.29814107469e-18, 7.63680190315e-18, 5.21089747426e-18, 2.71375935295e-18, 1.07138666326e-18, 2.78182701158e-19, 2.83059977769e-20],
        "var": [0.776513695717, 10.8700246811, 61.721496582, 84.9682846069, 15.8718338013, 33.6908950806, 53.215297699, 184.772125244, 257.465240479, 254.732940674, 1600.85534668, 903.505981445, 1719.41687012, 2676.484375, 1933.96740723, 8596.58300781, 5873.28564453, 7011.43408203, 1223.55297852, 811.422607422, 962.50982666, 1897.14587402, 3731.84570312, 2574.51220703, 1413.37268066, 1142.17199707, 673.594726562, 446.505187988, 551.112976074, 166.371383667, 131.139694214, 67.3292922974, 36.943359375, 17.1385574341, 7.81875276566, 0.868972420692, 0.0718857422471, 0.00347618432716, 2.59151129285e-05, 9.4537169204e-09]
    },
    "gfcc": {
        "mean": [-1.32381033897, 50.8967781067, -108.059532166, 27.941034317, -52.8845672607, 22.6873073578, -34.6224212646, 16.3830356598, -19.9266986847, 15.0286817551, -8.7004442215, 9.29109191895, -9.10399436951],
        "cov": [[12224.9726562, -2554.29443359, -1461.2479248, 716.383789062, -667.833984375, 171.52142334, -162.796340942, 269.40222168, -418.593017578, 151.586257935, -197.881668091, 299.809234619, -157.73500061], [-2554.29443359, 1793.57434082, 527.50592041, -133.311630249, 409.821533203, 48.6346664429, 222.333374023, 49.8844718933, 276.802490234, -3.01337385178, 134.817779541, -76.8984069824, 124.535400391], [-1461.2479248, 527.50592041, 1443.98449707, 341.574951172, 414.279144287, 316.212341309, 246.200180054, 134.521881104, 198.617019653, 46.4705619812, 16.8900566101, -54.4999389648, -16.5335330963], [716.383789062, -133.311630249, 341.574951172, 482.785766602, 175.548919678, 192.560928345, 145.723739624, 93.0439682007, 48.4534492493, 47.6682014465, -3.10036492348, 15.1542758942, -31.9878520966], [-667.833984375, 409.821533203, 414.279144287, 175.548919678, 446.134613037, 191.378112793, 243.189804077, 80.1518707275, 138.529663086, 9.87151432037, 50.2679824829, -13.6214561462, 44.4294586182], [171.52142334, 48.6346664429, 316.212341309, 192.560928345, 191.378112793, 261.570251465, 166.517410278, 103.971725464, 62.190612793, 40.7645683289, 13.264421463, 10.5035324097, 2.89589691162], [-162.796340942, 222.333374023, 246.200180054, 145.723739624, 243.189804077, 166.517410278, 300.513336182, 108.992218018, 120.8724823, 22.2580947876, 53.5068206787, 5.63462734222, 41.4478034973], [269.40222168, 49.8844718933, 134.521881104, 93.0439682007, 80.1518707275, 103.971725464, 108.992218018, 171.567077637, 90.6309814453, 54.356262207, 10.2642755508, 16.8689212799, 13.5524196625], [-418.593017578, 276.802490234, 198.617019653, 48.4534492493, 138.529663086, 62.190612793, 120.8724823, 90.6309814453, 175.210845947, 71.4935684204, 50.6952590942, 3.84865927696, 30.4297504425], [151.586257935, -3.01337385178, 46.4705619812, 47.6682014465, 9.87151432037, 40.7645683289, 22.2580947876, 54.356262207, 71.4935684204, 124.014297485, 62.3084869385, 40.4424591064, 14.7672214508], [-197.881668091, 134.817779541, 16.8900566101, -3.10036492348, 50.2679824829, 13.264421463, 53.5068206787, 10.2642755508, 50.6952590942, 62.3084869385, 115.006286621, 60.3037719727, 43.4601631165], [299.809234619, -76.8984069824, -54.4999389648, 15.1542758942, -13.6214561462, 10.5035324097, 5.63462734222, 16.8689212799, 3.84865927696, 40.4424591064, 60.3037719727, 102.35824585, 50.2562561035], [-157.73500061, 124.535400391, -16.5335330963, -31.9878520966, 44.4294586182, 2.89589691162, 41.4478034973, 13.5524196625, 30.4297504425, 14.7672214508, 43.4601631165, 50.2562561035, 89.0916442871]],
        "icov": [[0.000191326471395, 4.71967832709e-05, 0.000222191447392, -0.00029135402292, 0.000117225878057, -0.000103006757854, -0.000131372071337, -0.000322814652463, 0.000355920259608, -0.000308732676785, 0.000502771232277, -0.000607701251283, 0.000291653355816], [4.71967832709e-05, 0.00136383518111, -0.000212655053474, 0.000314249627991, -0.000450909981737, -3.59899859177e-05, 0.000584726512898, -0.000226347954595, -0.00148698408157, 0.00138048001099, -0.00218595098704, 0.0023204931058, -0.00172462756746], [0.000222191447392, -0.000212655053474, 0.00152824691031, -0.000830564764328, -0.000219801862841, -0.00118712836411, 0.000271373632131, -0.000169278122485, -0.000430370535469, -0.000144412842928, 0.000743113982026, -0.000545223476365, 0.000839733460452], [-0.00029135402292, 0.000314249627991, -0.000830564764328, 0.00432833423838, -0.00130666210316, -0.000525017676409, -0.000947136199102, 0.000375156203518, 0.000129772015498, -0.00104096508585, 0.000784742995165, -0.00109155045357, 0.00185822765343], [0.000117225878057, -0.000450909981737, -0.000219801862841, -0.00130666210316, 0.006416878663, -0.002544245217, -0.00177019974217, 0.000966982566752, -0.00211390061304, 0.0023527238518, -0.00138239050284, 0.00132091261912, -0.00185173505452], [-0.000103006757854, -3.59899859177e-05, -0.00118712836411, -0.000525017676409, -0.002544245217, 0.0104182874784, -0.00359885487705, -0.00235845823772, 0.00388677394949, -0.00387608353049, 0.00269880192354, -0.00209086854011, 0.00160018971656], [-0.000131372071337, 0.000584726512898, 0.000271373632131, -0.000947136199102, -0.00177019974217, -0.00359885487705, 0.0103078652173, -0.00252983253449, -0.00429864414036, 0.00574972201139, -0.00666669663042, 0.00469171535224, -0.00362981716171], [-0.000322814652463, -0.000226347954595, -0.000169278122485, 0.000375156203518, 0.000966982566752, -0.00235845823772, -0.00252983253449, 0.0124041270465, -0.00518642831594, -0.00248352065682, 0.00454971240833, -0.00244600465521, 7.6106407505e-05], [0.000355920259608, -0.00148698408157, -0.000430370535469, 0.000129772015498, -0.00211390061304, 0.00388677394949, -0.00429864414036, -0.00518642831594, 0.0186507161707, -0.0105176186189, 0.00288096326403, -0.00057588913478, 0.000684630475007], [-0.000308732676785, 0.00138048001099, -0.000144412842928, -0.00104096508585, 0.0023527238518, -0.00387608353049, 0.00574972201139, -0.00248352065682, -0.0105176186189, 0.0221317186952, -0.0137072820216, 0.00326087442227, -0.0014501666883], [0.000502771232277, -0.00218595098704, 0.000743113982026, 0.000784742995165, -0.00138239050284, 0.00269880192354, -0.00666669663042, 0.00454971240833, 0.00288096326403, -0.0137072820216, 0.0286171864718, -0.0174697600305, 0.0045592803508], [-0.000607701251283, 0.0023204931058, -0.000545223476365, -0.00109155045357, 0.00132091261912, -0.00209086854011, 0.00469171535224, -0.00244600465521, -0.00057588913478, 0.00326087442227, -0.0174697600305, 0.0307749789208, -0.016395939514], [0.000291653355816, -0.00172462756746, 0.000839733460452, 0.00185822765343, -0.00185173505452, 0.00160018971656, -0.00362981716171, 7.6106407505e-05, 0.000684630475007, -0.0014501666883, 0.0045592803508, -0.016395939514, 0.024554412812]]
    },
    "melbands": {
        "dmean": [0.00142999063246, 0.00106449786108, 0.000422348326538, 0.000112904526759, 7.7863856859e-05, 8.1481251982e-05, 9.3713766546e-05, 5.7634737459e-05, 7.52001215005e-05, 4.13447851315e-05, 5.32433077751e-05, 6.03761072853e-05, 4.45665464213e-05, 5.69660733163e-05, 5.16778491146e-05, 4.46103258582e-05, 3.8335845602e-05, 2.11985861824e-05, 2.66012521024e-05, 1.71500123543e-05, 1.81426403287e-05, 1.84496693691e-05, 1.97285917238e-05, 1.54719618877e-05, 1.60455729201e-05, 1.10789032988e-05, 9.87249677564e-06, 7.96057156549e-06, 7.36283618608e-06, 5.56614077141e-06, 4.78738047605e-06, 4.62209436591e-06, 3.25014252667e-06, 2.73248838312e-06, 2.67668838205e-06, 2.12255872611e-06, 1.78035111276e-06, 1.70603630067e-06, 1.30481021188e-06, 1.37640950015e-06],
        "dmean2": [0.00213268725201, 0.00166079076007, 0.000768272439018, 0.000189879821846, 0.000120491691632, 0.000113341528049, 0.000133613779326, 8.72163509484e-05, 0.000109467153379, 6.2571518356e-05, 7.78647008701e-05, 8.87030546437e-05, 6.82272220729e-05, 8.47390765557e-05, 7.6760945376e-05, 6.73088725307e-05, 5.88890507061e-05, 3.37305318681e-05, 4.21078766522e-05, 2.83684476017e-05, 3.0446164601e-05, 3.11572912324e-05, 3.37334349751e-05, 2.60414090008e-05, 2.66953811661e-05, 1.81371797225e-05, 1.57105459948e-05, 1.26832119349e-05, 1.16832170534e-05, 9.25789663597e-06, 7.69516100263e-06, 7.36595984563e-06, 5.22382197232e-06, 4.3749996621e-06, 4.20322339778e-06, 3.33112916451e-06, 2.79116216007e-06, 2.68958342531e-06, 2.00129738914e-06, 2.20551623897e-06],
        "dvar": [8.23018308438e-06, 1.18433054013e-05, 3.58984743798e-06, 7.86179938927e-08, 2.03220800188e-08, 3.11957784049e-08, 2.30297843018e-08, 1.18799325932e-08, 5.85510520068e-08, 1.38394939952e-08, 1.45854723854e-08, 1.81104997665e-08, 1.11449995899e-08, 2.03271248722e-08, 1.95292191307e-08, 1.16153531238e-08, 1.59441349012e-08, 1.87978077548e-09, 1.93036564511e-09, 1.27611654577e-09, 1.26945653989e-09, 1.65352587178e-09, 2.55632004453e-09, 1.83810122678e-09, 1.43129241792e-09, 5.64230384636e-10, 4.29301399985e-10, 2.69036570799e-10, 2.17270215708e-10, 1.08265736654e-10, 7.16604345308e-11, 1.43485612281e-10, 4.0889382158e-11, 3.2978845349e-11, 3.13965242693e-11, 1.49685246836e-11, 1.05501571021e-11, 7.63049432667e-12, 5.235247999e-12, 5.53374100015e-12],
        "dvar2": [1.66092231666e-05, 2.84800462396e-05, 1.0299610949e-05, 2.1258259153e-07, 4.86814180078e-08, 5.5241450525e-08, 5.08986808256e-08, 2.7063656205e-08, 1.14400350526e-07, 2.84103904846e-08, 2.52292746694e-08, 3.36053211925e-08, 2.47625813188e-08, 4.38754597099e-08, 3.68993688937e-08, 2.30340884144e-08, 3.40918830943e-08, 4.53858106653e-09, 4.56710891328e-09, 3.03989922124e-09, 3.27836890968e-09, 4.02647648556e-09, 6.82960799026e-09, 5.05020159025e-09, 3.72798680814e-09, 1.32540278752e-09, 9.93062854171e-10, 6.11704686904e-10, 5.00294139449e-10, 2.65896415996e-10, 1.69041697307e-10, 3.07249586884e-10, 1.03957835396e-10, 8.57534182552e-11, 8.12175049436e-11, 3.50614329236e-11, 2.54253527954e-11, 1.79313144194e-11, 1.22171014624e-11, 1.39039665198e-11],
        "max": [0.0320218242705, 0.0350063443184, 0.0185695495456, 0.0045264470391, 0.00223447638564, 0.00435087783262, 0.00241009634919, 0.00207651685923, 0.00539400288835, 0.00382677162997, 0.00272241584025, 0.00310227531008, 0.00212346948683, 0.0034962547943, 0.00352874328382, 0.00223980029114, 0.00463679339737, 0.000846822222229, 0.000568814051803, 0.000914833450224, 0.000587266229559, 0.000811321369838, 0.000767042802181, 0.00096862053033, 0.000598175276536, 0.000437630165834, 0.000356272357749, 0.000306754314806, 0.000265893060714, 0.000208661469514, 0.000194456020836, 0.000289291841909, 0.000103525795566, 0.00012237514602, 9.110555402e-05, 6.59852448734e-05, 6.56784977764e-05, 3.60208505299e-05, 3.05394969473e-05, 2.96583202726e-05],
        "mean": [0.00366319832392, 0.0014905242715, 0.000341085862601, 0.000162233031006, 0.000158485170687, 0.000178963542567, 0.000187850542716, 0.00010527548875, 0.00013552364544, 7.91819547885e-05, 9.00541854207e-05, 9.50976682361e-05, 6.71662783134e-05, 8.60236905282e-05, 8.26959367259e-05, 6.64207909722e-05, 5.71675336687e-05, 3.07825030177e-05, 4.00942699343e-05, 2.34243761952e-05, 2.43944050453e-05, 2.46486142714e-05, 2.47906282311e-05, 2.08646979445e-05, 2.18625064008e-05, 1.54543195094e-05, 1.46817974382e-05, 1.24469315779e-05, 1.12667939902e-05, 8.37365496409e-06, 7.35051708034e-06, 7.17556713425e-06, 5.22208802067e-06, 4.37945845988e-06, 4.38198139818e-06, 3.74398359781e-06, 3.33194884661e-06, 3.02846433442e-06, 2.38274719777e-06, 2.28983140005e-06],
        "median": [0.000766890589148, 0.000471774983453, 6.89993903507e-05, 4.2359726649e-05, 8.38136475068e-05, 8.49989664857e-05, 9.20068050618e-05, 5.21999099874e-05, 3.3504293242e-05, 2.36758114625e-05, 2.57242973021e-05, 2.40982008108e-05, 1.91197068489e-05, 2.18299974222e-05, 2.04946227313e-05, 1.91006984096e-05, 1.50549903992e-05, 1.37511260618e-05, 1.81357809197e-05, 1.0333942555e-05, 1.14044551083e-05, 9.70950077317e-06, 9.09730897547e-06, 7.68715199229e-06, 7.35985713618e-06, 5.56403665541e-06, 5.15268629897e-06, 4.13202542404e-06, 3.6972480757e-06, 2.88604724119e-06, 2.42342548518e-06, 2.07984180634e-06, 1.78651043825e-06, 1.50532275711e-06, 1.38607651934e-06, 1.13072599106e-06, 1.17635761399e-06, 9.9543296983e-07, 7.66889399983e-07, 7.49467119476e-07],
        "min": [1.86855076594e-24, 2.22941834248e-24, 2.71090275142e-24, 2.40829748312e-24, 3.89779565372e-24, 1.31566773975e-24, 3.59477090862e-24, 3.88897303335e-24, 3.02649661453e-24, 1.98329985372e-24, 4.60678320899e-24, 2.62584658533e-24, 5.39152665472e-24, 3.22935633783e-24, 2.95526720796e-24, 3.72079341039e-24, 3.75184810321e-24, 3.58607726702e-24, 6.84937868403e-24, 4.33382313629e-24, 5.3254828253e-24, 2.89734233498e-24, 7.24449860107e-24, 3.92199435641e-24, 2.54489486253e-24, 5.48055434104e-24, 5.48214902336e-24, 7.09912258029e-24, 6.66615863904e-24, 6.71357864578e-24, 7.53318856022e-24, 8.9141645166e-24, 4.81914377582e-24, 5.85396993356e-24, 6.11975768292e-24, 6.26230287634e-24, 7.13579435719e-24, 8.36352224981e-24, 6.96396151937e-24, 6.50535368225e-24],
        "var": [3.73983893951e-05, 1.34761412482e-05, 2.06118420465e-06, 1.01073318604e-07, 5.07506072722e-08, 7.96070338538e-08, 6.78994993564e-08, 2.68856563679e-08, 1.42354593891e-07, 3.49866375871e-08, 4.18629966248e-08, 4.05712050622e-08, 2.04912371515e-08, 3.9836546506e-08, 4.56841320329e-08, 2.3715747588e-08, 3.59881191514e-08, 2.89872126302e-09, 3.35899374981e-09, 1.73266245795e-09, 1.63499669359e-09, 2.70180144923e-09, 2.91034951694e-09, 2.05311101453e-09, 1.91764248925e-09, 1.01140196218e-09, 7.92362730984e-10, 6.28614660325e-10, 4.27955337834e-10, 2.13135106786e-10, 1.44700848526e-10, 2.84062190437e-10, 7.1695607784e-11, 4.7768258099e-11, 5.07293512753e-11, 3.37210884216e-11, 2.40684954605e-11, 2.03193590426e-11, 1.45777209748e-11, 1.20880085455e-11]
    },
    "mfcc": {
        "mean": [-645.571533203, 86.3245773315, 3.45288562775, 14.8065023422, 7.0099196434, 7.0664691925, 3.93828749657, 3.34144639969, 1.05513823032, 3.72801303864, 4.2119550705, 6.80054712296, 5.71616983414],
        "cov": [[8608.27929688, -1311.73266602, -929.635864258, 28.7883224487, -359.207855225, -72.5021514893, 47.2216072083, 57.7367591858, -56.7486724854, -54.2532691956, -65.611114502, -77.697769165, -102.843002319], [-1311.73266602, 1216.31176758, 163.185684204, -35.3411903381, 114.374000549, -3.60018348694, 8.86145877838, 31.0061225891, 85.6485748291, 77.5212478638, 56.6222915649, 43.2883415222, 73.4959945679], [-929.635864258, 163.185684204, 945.922241211, 262.841033936, 276.136077881, 234.235244751, 155.185134888, 143.083755493, 148.113113403, 133.270950317, 110.7942276, 85.7689285278, 58.0503349304], [28.7883224487, -35.3411903381, 262.841033936, 316.873443604, 164.251449585, 160.99432373, 126.751853943, 111.253364563, 95.4579849243, 83.2784118652, 69.1447296143, 53.9304389954, 33.2313652039], [-359.207855225, 114.374000549, 276.136077881, 164.251449585, 253.617263794, 160.328536987, 108.82183075, 100.698745728, 96.7668685913, 72.7933807373, 57.2945594788, 48.3267021179, 33.2732276917], [-72.5021514893, -3.60018348694, 234.235244751, 160.99432373, 160.328536987, 238.19871521, 159.378234863, 115.49621582, 95.3440246582, 75.119644165, 59.5441551208, 46.433467865, 31.5724754333], [47.2216072083, 8.86145877838, 155.185134888, 126.751853943, 108.82183075, 159.378234863, 207.08795166, 142.443145752, 93.9035873413, 73.0138397217, 51.3383636475, 37.6335296631, 21.0500335693], [57.7367591858, 31.0061225891, 143.083755493, 111.253364563, 100.698745728, 115.49621582, 142.443145752, 174.52897644, 119.899383545, 78.3771896362, 49.9860839844, 35.014465332, 27.5920543671], [-56.7486724854, 85.6485748291, 148.113113403, 95.4579849243, 96.7668685913, 95.3440246582, 93.9035873413, 119.899383545, 155.261550903, 109.359802246, 61.3393745422, 33.5843849182, 33.2923431396], [-54.2532691956, 77.5212478638, 133.270950317, 83.2784118652, 72.7933807373, 75.119644165, 73.0138397217, 78.3771896362, 109.359802246, 130.754043579, 78.7036209106, 33.514377594, 28.1335525513], [-65.611114502, 56.6222915649, 110.7942276, 69.1447296143, 57.2945594788, 59.5441551208, 51.3383636475, 49.9860839844, 61.3393745422, 78.7036209106, 98.9835968018, 58.9809608459, 32.8650436401], [-77.697769165, 43.2883415222, 85.7689285278, 53.9304389954, 48.3267021179, 46.433467865, 37.6335296631, 35.014465332, 33.5843849182, 33.514377594, 58.9809608459, 90.7571640015, 58.6269340515], [-102.843002319, 73.4959945679, 58.0503349304, 33.2313652039, 33.2732276917, 31.5724754333, 21.0500335693, 27.5920543671, 33.2923431396, 28.1335525513, 32.8650436401, 58.6269340515, 81.5420684814]],
