{
"lowlevel": {
    "average_loudness": 0.915387809277,
    "barkbands_crest": {
        "dmean": 3.07982802391,
        "dmean2": 4.70941448212,
        "dvar": 9.27521038055,
        "dvar2": 20.674665451,
        "max": 26.6107654572,
        "mean": 11.4525289536,
        "median": 10.6184329987,
        "min": 2.14274334908,
        "var": 33.2608337402
    },
    "barkbands_flatness_db": {
        "dmean": 0.024556344375,
        "dmean2": 0.03338271752,
        "dvar": 0.000682554615196,
        "dvar2": 0.00115975132212,
        "max": 0.458587259054,
        "mean": 0.118080109358,
        "median": 0.0969575345516,
        "min": 0.0161770936102,
        "var": 0.00459722708911
    },
    "barkbands_kurtosis": {
        "dmean": 3.548630476,
        "dmean2": 4.79913187027,
        "dvar": 109.65007019,
        "dvar2": 188.16519165,
        "max": 298.811431885,
        "mean": 3.84434366226,
        "median": 0.0788216590881,
        "min": -1.93601894379,
        "var": 218.095291138
    },
    "barkbands_skewness": {
        "dmean": 0.628190517426,
        "dmean2": 0.852715432644,
        "dvar": 0.639761984348,
        "dvar2": 1.00994575024,
        "max": 16.5854053497,
        "mean": 0.925842046738,
        "median": 0.740107893944,
        "min": -4.44050264359,
        "var": 3.47695589066
    },
    "barkbands_spread": {
        "dmean": 7.8253903389,
        "dmean2": 11.3925027847,
        "dvar": 78.8857116699,
        "dvar2": 167.958374023,
        "max": 104.328338623,
        "mean": 34.011089325,
        "median": 33.3845176697,
        "min": 0.844848752022,
        "var": 337.566864014
    },
    "dissonance": {
        "dmean": 0.0153866978362,
        "dmean2": 0.0258560013026,
        "dvar": 0.000268304662313,
        "dvar2": 0.000748295104131,
        "max": 0.500000059605,
        "mean": 0.475790023804,
        "median": 0.480746954679,
        "min": 0.290710896254,
        "var": 0.000445575045887
    },
    "dynamic_complexity": 3.04366397858,
    "erbbands_crest": {
        "dmean": 2.69667410851,
        "dmean2": 4.3539891243,
        "dvar": 7.04650688171,
        "dvar2": 17.696269989,
        "max": 30.3753128052,
        "mean": 8.74771881104,
        "median": 7.49222707748,
        "min": 2.17620015144,
        "var": 22.6647548676
    },
    "erbbands_flatness_db": {
        "dmean": 0.0162020493299,
        "dmean2": 0.0244926512241,
        "dvar": 0.000234138671658,
        "dvar2": 0.000516324827913,
        "max": 0.520462393761,
        "mean": 0.149933442473,
        "median": 0.118376642466,
        "min": 0.0466284528375,
        "var": 0.00616226391867
    },
    "erbbands_kurtosis": {
        "dmean": 1.13644552231,
        "dmean2": 1.78227806091,
        "dvar": 4.10347700119,
        "dvar2": 9.6058511734,
        "max": 47.2648925781,
        "mean": 0.83058398962,
        "median": -0.223058462143,
        "min": -1.8841534853,
        "var": 10.7032566071
    },
    "erbbands_skewness": {
        "dmean": 0.388107091188,
        "dmean2": 0.589039206505,
        "dvar": 0.132952332497,
        "dvar2": 0.316519171,
        "max": 4.22460031509,
        "mean": -0.0687915459275,
        "median": 0.0184152238071,
        "min": -5.21259689331,
        "var": 0.708581984043
    },
    "erbbands_spread": {
        "dmean": 9.18192005157,
        "dmean2": 13.6174535751,
        "dvar": 179.821105957,
        "dvar2": 320.810791016,
        "max": 184.910736084,
        "mean": 40.8180618286,
        "median": 38.5475769043,
        "min": 1.43664634228,
        "var": 736.190185547
    },
    "hfc": {
        "dmean": 15.2249708176,
        "dmean2": 22.2919578552,
        "dvar": 359.443695068,
        "dvar2": 871.274719238,
        "max": 216.319213867,
        "mean": 42.3954238892,
        "median": 38.2083625793,
        "min": 1.17661492287e-16,
        "var": 955.017089844
    },
    "melbands_crest": {
        "dmean": 3.49603676796,
        "dmean2": 5.60226869583,
        "dvar": 13.7592067719,
        "dvar2": 33.1625213623,
        "max": 35.6939926147,
        "mean": 15.6405878067,
        "median": 14.6229734421,
        "min": 2.1015086174,
        "var": 52.4809303284
    },
    "melbands_flatness_db": {
        "dmean": 0.0296824425459,
        "dmean2": 0.0402855463326,
        "dvar": 0.00108320335858,
        "dvar2": 0.00189190043602,
        "max": 0.497736424208,
        "mean": 0.162207901478,
        "median": 0.146311715245,
        "min": 0.004176014103,
        "var": 0.0062264916487
    },
    "melbands_kurtosis": {
        "dmean": 16.8341217041,
        "dmean2": 22.0559272766,
        "dvar": 2626.64111328,
        "dvar2": 3977.17236328,
        "max": 821.504943848,
        "mean": 24.2825431824,
        "median": 3.90003585815,
        "min": -1.83936738968,
        "var": 5948.03369141
    },
    "melbands_skewness": {
        "dmean": 1.03604447842,
        "dmean2": 1.3860527277,
        "dvar": 3.10694742203,
        "dvar2": 4.50713729858,
        "max": 23.0852794647,
        "mean": 2.58350658417,
        "median": 1.82345855236,
        "min": -3.07003426552,
        "var": 13.0398902893
    },
    "melbands_spread": {
        "dmean": 11.6083345413,
        "dmean2": 17.7688903809,
        "dvar": 199.699432373,
        "dvar2": 462.873535156,
        "max": 219.955581665,
        "mean": 40.6718826294,
        "median": 36.1938781738,
        "min": 0.558042407036,
        "var": 743.446044922
    },
    "pitch_salience": {
        "dmean": 0.0837056189775,
        "dmean2": 0.12554949522,
        "dvar": 0.00795598141849,
        "dvar2": 0.0168214794248,
        "max": 0.949272215366,
        "mean": 0.487970858812,
        "median": 0.494180381298,
        "min": 0.0246534496546,
        "var": 0.0269628632814
    },
    "silence_rate_20dB": {
        "dmean": 0,
        "dmean2": 0,
        "dvar": 0,
        "dvar2": 0,
        "max": 1,
        "mean": 1,
        "median": 1,
        "min": 1,
        "var": 0
    },
    "silence_rate_30dB": {
        "dmean": 0,
        "dmean2": 0,
        "dvar": 0,
        "dvar2": 0,
        "max": 1,
        "mean": 1,
        "median": 1,
        "min": 1,
        "var": 0
    },
    "silence_rate_60dB": {
        "dmean": 0.0194261800498,
        "dmean2": 0.0388581678271,
        "dvar": 0.0190474819392,
        "dvar2": 0.041830740869,
        "max": 1,
        "mean": 0.0593157038093,
        "median": 0,
        "min": 0,
        "var": 0.0557992607355
    },
    "spectral_centroid": {
        "dmean": 295.29309082,
        "dmean2": 453.253326416,
        "dvar": 101330.101562,
        "dvar2": 219773.015625,
        "max": 10955.2685547,
        "mean": 2210.06640625,
        "median": 2224.82324219,
        "min": 265.382293701,
        "var": 475632.28125
    },
    "spectral_complexity": {
        "dmean": 5.39629411697,
        "dmean2": 7.90016460419,
        "dvar": 39.2087936401,
        "dvar2": 79.815071106,
        "max": 58,
        "mean": 22.2214260101,
        "median": 22,
        "min": 0,
        "var": 135.314880371
    },
    "spectral_decrease": {
        "dmean": 1.90452942306e-09,
        "dmean2": 2.98432278889e-09,
        "dvar": 5.08222539408e-18,
        "dvar2": 1.33193176444e-17,
        "max": -1.17263952079e-28,
        "mean": -7.4199815181e-09,
        "median": -7.42917416474e-09,
        "min": -2.6502956274e-08,
        "var": 2.19492077756e-17
    },
    "spectral_energy": {
        "dmean": 0.00804354716092,
        "dmean2": 0.0126309283078,
        "dvar": 8.49849675433e-05,
        "dvar2": 0.000220989342779,
        "max": 0.105297364295,
        "mean": 0.0318501256406,
        "median": 0.032540243119,
        "min": 1.11148299298e-20,
        "var": 0.00037055183202
    },
    "spectral_energyband_high": {
        "dmean": 0.00131452793721,
        "dmean2": 0.00199834932573,
        "dvar": 4.31570515502e-06,
        "dvar2": 1.12492616609e-05,
        "max": 0.0261373836547,
        "mean": 0.00282355770469,
        "median": 0.00153567886446,
        "min": 7.99216253294e-21,
        "var": 9.25923995965e-06
    },
    "spectral_energyband_low": {
        "dmean": 0.00465444615111,
        "dmean2": 0.00762137025595,
        "dvar": 6.45880645607e-05,
        "dvar2": 0.000176078654476,
        "max": 0.07635948807,
        "mean": 0.0142464656383,
        "median": 0.00761987315491,
        "min": 7.26588856452e-23,
        "var": 0.000223985538469
    },
    "spectral_energyband_middle_high": {
        "dmean": 0.00340179982595,
        "dmean2": 0.00517038814723,
        "dvar": 1.97573826881e-05,
        "dvar2": 4.33781606262e-05,
        "max": 0.0829695314169,
        "mean": 0.00889296643436,
        "median": 0.00754364673048,
        "min": 1.82260140104e-21,
        "var": 6.15828248556e-05
    },
    "spectral_energyband_middle_low": {
        "dmean": 0.00266775931232,
        "dmean2": 0.00398186361417,
        "dvar": 1.95103402802e-05,
        "dvar2": 4.70508166472e-05,
        "max": 0.0510438382626,
        "mean": 0.00640695542097,
        "median": 0.00448113353923,
        "min": 2.7478544635e-22,
        "var": 4.20814503741e-05
    },
    "spectral_entropy": {
        "dmean": 0.159508943558,
        "dmean2": 0.239515885711,
        "dvar": 0.0249747615308,
        "dvar2": 0.0576346255839,
        "max": 9.79763698578,
        "mean": 7.84238529205,
        "median": 7.98974657059,
        "min": 5.71495056152,
        "var": 0.300455003977
    },
    "spectral_flux": {
        "dmean": 0.0259827747941,
        "dmean2": 0.0391127131879,
        "dvar": 0.000796586624347,
        "dvar2": 0.00147714663763,
        "max": 0.292955696583,
        "mean": 0.0858157649636,
        "median": 0.0754336565733,
        "min": 1.0542689638e-10,
        "var": 0.00196603639051
    },
    "spectral_kurtosis": {
        "dmean": 1.26028120518,
        "dmean2": 2.09389352798,
        "dvar": 5.02011823654,
        "dvar2": 14.5330076218,
        "max": 82.7411193848,
        "mean": 4.06227111816,
        "median": 2.58447360992,
        "min": -1.16201162338,
        "var": 25.9241790771
    },
    "spectral_rms": {
        "dmean": 0.000722064694855,
        "dmean2": 0.00109500042163,
        "dvar": 5.97493510668e-07,
        "dvar2": 1.37590450322e-06,
        "max": 0.0101355379447,
        "mean": 0.00521181710064,
        "median": 0.00563441030681,
        "min": 3.29298285688e-12,
        "var": 3.91022285839e-06
    },
    "spectral_rolloff": {
        "dmean": 900.390625,
        "dmean2": 1393.14880371,
        "dvar": 1785693.75,
        "dvar2": 3355552,
        "max": 18238.6230469,
        "mean": 2902.08837891,
        "median": 2454.78515625,
        "min": 64.599609375,
        "var": 5281221.5
    },
    "spectral_skewness": {
        "dmean": 0.179646983743,
        "dmean2": 0.292773783207,
        "dvar": 0.0458130761981,
        "dvar2": 0.132332369685,
        "max": 7.02952051163,
        "mean": 1.40165758133,
        "median": 1.30009460449,
        "min": -0.195149376988,
        "var": 0.261028468609
    },
    "spectral_spread": {
        "dmean": 627699.5,
        "dmean2": 916892.0625,
        "dvar": 681286565888,
        "dvar2": 1.2168733655e+12,
        "max": 39802088,
        "mean": 5678385,
        "median": 5972732,
        "min": 964126.5625,
        "var": 4.41366767206e+12
    },
    "spectral_strongpeak": {
        "dmean": 0.877056241035,
        "dmean2": 1.47192370892,
        "dvar": 2.3629989624,
        "dvar2": 6.34760761261,
        "max": 20.4119777679,
        "mean": 1.71334862709,
        "median": 0.516878426075,
        "min": 0,
        "var": 5.63519191742
    },
    "zerocrossingrate": {
        "dmean": 0.0173227470368,
        "dmean2": 0.0179819725454,
        "dvar": 0.000413900241256,
        "dvar2": 0.000389686232666,
        "max": 0.7919921875,
        "mean": 0.104185707867,
        "median": 0.095703125,
        "min": 0.00537109375,
        "var": 0.00312676583417
    },
    "barkbands": {
        "dmean": [0.000126622951939, 0.00465651415288, 0.00107604835648, 0.000518816523254, 0.000551620381884, 0.00035266688792, 0.000267043884378, 0.000488950521685, 0.00143590138759, 0.000361619167961, 0.000433159002569, 0.000804528943263, 0.000774564396124, 0.000732757791411, 0.000641896971501, 0.000689436215907, 0.000382744998205, 0.000492690305691, 0.000536764971912, 0.000437326409156, 0.000266168848611, 0.00024179671891, 0.000255428516539, 0.000243232439971, 0.000176063884282, 0.000128282335936, 2.17918623093e-05],
        "dmean2": [0.000180374874617, 0.00734503241256, 0.00183357775677, 0.0009088604711, 0.000976730254479, 0.0005322091165, 0.000389757216908, 0.000745286699384, 0.00203494820744, 0.000578777166083, 0.000635858159512, 0.00120384967886, 0.00119635032024, 0.00110482529271, 0.00103144615423, 0.00114476983435, 0.000611024384852, 0.000830224074889, 0.000912900024559, 0.000751724350266, 0.00043636735063, 0.000389452732634, 0.000402709585615, 0.000372290262021, 0.000259993743384, 0.000181256313226, 3.1563155062e-05],
        "dvar": [8.31850996974e-08, 6.89686421538e-05, 1.19024471132e-05, 3.24988332068e-06, 3.56609484697e-06, 5.03492969983e-07, 2.19431001369e-07, 1.36647065574e-06, 6.43368412057e-06, 9.09925063297e-07, 8.03897364676e-07, 3.59749424206e-06, 3.82578537028e-06, 6.06891580901e-06, 1.84048542451e-06, 2.13340854316e-06, 6.53286463148e-07, 6.95658627592e-07, 1.28570434299e-06, 8.91770866929e-07, 1.50663055365e-07, 2.13362767454e-07, 2.12268886912e-07, 1.95011054416e-07, 7.57611999802e-08, 4.5060943421e-08, 1.24597387963e-09],
        "dvar2": [1.87085930747e-07, 0.000172782456502, 3.25673972839e-05, 9.22195158637e-06, 1.01434925455e-05, 1.24978691929e-06, 4.2692093416e-07, 3.23193853546e-06, 1.36935832415e-05, 1.97682356884e-06, 1.57986448812e-06, 6.96138067724e-06, 8.80552579474e-06, 1.19246114991e-05, 4.33226341556e-06, 5.37420964974e-06, 1.57942713486e-06, 1.98630345949e-06, 3.80497590413e-06, 2.96937446365e-06, 4.0508496113e-07, 5.61300169011e-07, 5.3914345699e-07, 4.81147878872e-07, 1.70773887476e-07, 9.37499819997e-08, 2.61494847997e-09],
        "max": [0.00729012163356, 0.0740501657128, 0.0513406246901, 0.0294963680208, 0.0257386341691, 0.0119065418839, 0.00816387590021, 0.0200941264629, 0.0445246584713, 0.0368597395718, 0.0211391672492, 0.0458261147141, 0.0338566787541, 0.0779913514853, 0.0258438345045, 0.023306177929, 0.0217487588525, 0.0164433047175, 0.0197370611131, 0.0228139515966, 0.00702885305509, 0.00567192677408, 0.00594033300877, 0.00635610427707, 0.0029945152346, 0.00247143558227, 0.000370155932615],
        "mean": [0.000210957194213, 0.0119535112754, 0.00161652860697, 0.00071780680446, 0.000682586221956, 0.000754470238462, 0.000653458293527, 0.000830790610053, 0.00266840332188, 0.000532788806595, 0.000752630003262, 0.00127162528224, 0.00107651110739, 0.000949301233049, 0.000930602662265, 0.000868734729011, 0.000580309599172, 0.000732444808818, 0.000873915152624, 0.000721262476873, 0.000488666992169, 0.000415501970565, 0.000443773751613, 0.000482294359244, 0.000360586913303, 0.000241084577283, 3.95782371925e-05],
        "median": [1.14120230137e-05, 0.0032405462116, 0.000446536199888, 0.000197390472749, 0.00026103676646, 0.000325317610987, 0.000281717570033, 0.000254003767623, 0.000880006351508, 0.000201242932235, 0.000284686044324, 0.000465802178951, 0.000382414524211, 0.000236072562984, 0.000339871825418, 0.00035909053986, 0.000274358433671, 0.000384035956813, 0.000302697182633, 0.000418150651967, 0.000324126594933, 0.000172513522557, 0.000180632443517, 0.000186361023225, 0.000161988427863, 0.000135729656904, 1.33703997562e-05],
        "min": [5.88657978678e-23, 5.90732966848e-24, 3.12052674395e-23, 1.14153095478e-23, 3.41470906827e-23, 8.54888815424e-23, 2.97010106675e-23, 4.1432246386e-23, 4.97775427934e-23, 5.48182724699e-23, 4.67608503395e-23, 5.71644394654e-23, 2.04873639434e-22, 1.28479036708e-22, 1.44010685568e-22, 2.41755903358e-22, 2.81367550282e-22, 2.43160101012e-22, 2.68406956884e-22, 4.12516571921e-22, 4.20559545275e-22, 6.19049772752e-22, 7.76170922668e-22, 9.14122727344e-22, 1.08575654502e-21, 1.9965068352e-21, 2.10846762942e-21],
        "var": [1.94470374026e-07, 0.00020053301705, 1.05394601633e-05, 2.48747664955e-06, 2.3292525384e-06, 1.08429628654e-06, 9.01271675957e-07, 2.56667158283e-06, 1.66608970176e-05, 1.65462233781e-06, 2.45714818448e-06, 6.92978073857e-06, 5.21444508195e-06, 8.89973671292e-06, 2.94819801638e-06, 2.3001948648e-06, 1.03344677882e-06, 1.00509976164e-06, 2.9930074561e-06, 1.19030789847e-06, 2.71620962167e-07, 3.06798682459e-07, 3.4955985484e-07, 5.04506999732e-07, 2.24811415706e-07, 9.4557115915e-08, 3.14424775105e-09]
    },
    "erbbands": {
        "dmean": [0.16193562746, 0.984468877316, 1.19501292706, 1.5244204998, 1.81876349449, 1.81762576103, 1.93875014782, 3.38390541077, 3.32647895813, 4.80766487122, 16.3036880493, 30.7778739929, 18.0565624237, 13.9095573425, 17.6720657349, 26.271648407, 36.9159622192, 39.3477478027, 28.6701660156, 30.4557495117, 32.5956115723, 24.5540542603, 23.035451889, 28.0612468719, 25.7879505157, 17.050409317, 13.3500537872, 9.98425579071, 8.84784603119, 8.04678630829, 7.06657981873, 5.89443492889, 3.82488417625, 2.11354970932, 1.34520447254, 0.78369063139, 0.153333827853, 0.041416335851, 0.00332602742128, 5.81247732043e-05],
        "dmean2": [0.240204334259, 1.58062577248, 2.01361918449, 2.5464413166, 3.21123385429, 3.23883247375, 3.0424785614, 5.08091020584, 4.98255777359, 7.09655332565, 23.5478553772, 44.3061294556, 27.3588047028, 21.0024662018, 26.0767059326, 39.4846305847, 55.9956970215, 59.021774292, 44.3353614807, 49.7920570374, 53.6659965515, 39.1200447083, 38.29246521, 46.7527732849, 44.2151756287, 29.9159736633, 22.7247905731, 16.3817749023, 14.2033891678, 12.9963140488, 11.0582809448, 9.16152667999, 5.96013832092, 3.24086856842, 1.94836509228, 1.12764132023, 0.218657910824, 0.0583311356604, 0.0048916041851, 8.27776748338e-05],
        "dvar": [0.0914363637567, 3.11565375328, 11.104183197, 23.9269104004, 44.705871582, 36.2913169861, 25.1297836304, 41.9870796204, 36.0437164307, 75.335609436, 1410.89318848, 3972.43725586, 1290.41113281, 888.094787598, 1862.44140625, 3504.29199219, 7432.81005859, 12989.8222656, 5814.31835938, 3488.19213867, 3740.96655273, 2690.36499023, 1632.4765625, 3271.05053711, 2166.13964844, 1693.18518066, 433.139129639, 287.337524414, 279.339202881, 246.495101929, 170.834106445, 120.399406433, 47.3077163696, 12.568318367, 4.16055393219, 1.73808503151, 0.0554832145572, 0.00427459413186, 3.07344562316e-05, 7.58314921967e-09],
        "dvar2": [0.211939379573, 7.96994876862, 30.5847911835, 64.5015563965, 125.831687927, 104.005493164, 68.3935546875, 99.0509567261, 79.7538223267, 164.817428589, 2995.39746094, 8496.18457031, 2852.50537109, 1953.80810547, 3585.34741211, 6996.94287109, 16763.2753906, 25321.90625, 11802.7382812, 8593.56542969, 9523.56933594, 6482.1953125, 4586.71386719, 8862.81445312, 6740.37255859, 5818.94628906, 1315.53710938, 769.591491699, 725.540527344, 649.280822754, 434.770172119, 305.641448975, 118.77897644, 30.0748443604, 9.24198532104, 3.54975223541, 0.115085862577, 0.00883463863283, 6.3695202698e-05, 1.53497090594e-08],
        "max": [3.16545844078, 16.5724697113, 49.3816642761, 82.2845687866, 101.27747345, 75.5120010376, 82.6266479492, 99.830329895, 99.1077880859, 149.825668335, 707.373840332, 1118.44299316, 926.015258789, 906.567871094, 1023.26580811, 1424.48901367, 1753.42565918, 1834.85327148, 3146.0390625, 1307.00939941, 1135.35083008, 1493.3013916, 755.78302002, 1042.95983887, 557.917114258, 1054.00488281, 377.509307861, 330.17086792, 260.734710693, 211.590637207, 174.394714355, 171.018447876, 121.751045227, 47.2129554749, 20.9838962555, 15.4653968811, 2.43906760216, 0.765117704868, 0.0655422732234, 0.000951711437665],
        "mean": [0.37193363905, 2.53763532639, 2.3013176918, 2.54369544983, 2.12357759476, 2.23794412613, 3.64775180817, 7.20503950119, 8.03695011139, 10.9652366638, 30.8852672577, 54.9325027466, 31.8029022217, 23.4592819214, 32.8307991028, 42.7156219482, 54.5753440857, 54.3577384949, 46.8388366699, 42.3716201782, 46.0541419983, 39.2856712341, 37.0973587036, 48.8802337646, 43.9696464539, 27.4685287476, 23.8861522675, 17.1652832031, 15.3315639496, 13.7314138412, 12.1453800201, 11.1096496582, 7.31417751312, 4.20070743561, 2.56614351273, 1.39195716381, 0.327954053879, 0.0808722227812, 0.00593373458833, 0.000142219956615],
        "median": [0.0644234269857, 0.649229109287, 1.1786737442, 0.79975092411, 0.690754175186, 0.83314293623, 1.65367007256, 3.16707849503, 4.21990680695, 5.15967464447, 8.8866815567, 16.916809082, 13.8325967789, 12.3788070679, 12.438873291, 18.2845306396, 22.6686058044, 18.4463939667, 19.1993961334, 21.739648819, 23.4649143219, 21.1141548157, 20.5764598846, 20.0560474396, 20.3012065887, 18.3306465149, 17.1591529846, 9.35186672211, 6.50252389908, 5.17995357513, 4.99949598312, 4.31610393524, 2.88625192642, 1.62349319458, 1.27395164967, 0.766390800476, 0.170186802745, 0.0374851375818, 0.00200696871616, 8.09157136246e-05],
        "min": [4.2248696597e-22, 1.73580862708e-21, 2.74634820113e-20, 4.7151769995e-20, 4.01729990321e-20, 1.74013662345e-19, 3.09766240553e-19, 6.77574348822e-19, 5.12400080674e-19, 6.86806408242e-19, 9.38740807407e-19, 1.48852867629e-18, 1.75852042822e-18, 8.87872508457e-19, 2.60581724609e-18, 2.99071865398e-18, 9.63446789788e-18, 7.93776908749e-18, 7.75040440694e-18, 7.35707506258e-18, 1.36548800035e-17, 1.739562648e-17, 1.34082031643e-17, 1.19701546325e-17, 1.54381813153e-17, 1.70529420958e-17, 1.87684915252e-17, 1.83962188905e-17, 2.58410578161e-17, 1.5801161403e-17, 2.48100681724e-17, 2.20943878993e-17, 1.34925929576e-17, 9.92389591267e-18, 9.332440268e-18, 7.3518646519e-18, 3.56442465707e-18, 1.34754804519e-18, 3.15712841977e-19, 3.06661896338e-20],
        "var": [0.280320197344, 8.4242811203, 12.7840080261, 23.1829719543, 29.9677085876, 24.0275878906, 34.0232582092, 103.794250488, 110.503517151, 224.414276123, 3773.55322266, 9138.83007812, 2648.06713867, 1786.47241211, 5727.99511719, 6444.79589844, 10471.2958984, 19359.0644531, 10920.6289062, 4461.08203125, 4672.75195312, 4302.40576172, 2556.36987305, 9090.27441406, 4090.84106445, 1765.68151855, 708.391174316, 420.351715088, 417.559173584, 358.051086426, 267.923339844, 259.399841309, 114.437110901, 35.9400138855, 10.8099927902, 3.44806194305, 0.156332686543, 0.0109446048737, 7.3832074122e-05, 2.28057537299e-08]
    },
    "gfcc": {
        "mean": [21.2197322845, 32.0930976868, -125.899925232, 22.920249939, -50.4917373657, 21.7431659698, -28.4876441956, 20.9201946259, -21.6601963043, 11.2343521118, -17.145154953, 1.13907372952, -13.308924675],
        "cov": [[17111.4257812, -94.6920471191, 2952.70410156, 2070.72705078, 44.5519332886, 532.363464355, -491.421478271, 94.1937866211, -328.988189697, 240.769302368, -66.5919570923, 470.372009277, -287.591827393], [-94.6920471191, 1810.49975586, -265.223937988, 71.8681106567, 321.266326904, -219.951339722, 152.348846436, -107.957122803, -34.8442955017, -33.9642219543, 60.7913551331, -147.275482178, 124.551132202], [2952.70410156, -265.223937988, 2126.4362793, 827.109802246, 320.294952393, 641.0546875, 176.690261841, 370.23614502, 225.324829102, 198.932281494, 25.2544689178, 279.852294922, -160.131164551], [2070.72705078, 71.8681106567, 827.109802246, 791.967712402, 334.475646973, 281.131317139, 128.520233154, 173.530227661, -3.69553518295, 58.0164871216, 54.4647979736, 59.3427238464, -46.154209137], [44.5519332886, 321.266326904, 320.294952393, 334.475646973, 584.694946289, 289.703674316, 174.386825562, 54.2212638855, 30.4711170197, 56.1737709045, 9.27711772919, -9.65068912506, 23.0534553528], [532.363464355, -219.951339722, 641.0546875, 281.131317139, 289.703674316, 496.721435547, 176.397918701, 150.377670288, 163.880004883, 128.306533813, -10.2061653137, 111.25100708, -22.8282260895], [-491.421478271, 152.348846436, 176.690261841, 128.520233154, 174.386825562, 176.397918701, 287.695159912, 188.257492065, 160.43536377, 80.6922225952, 71.9243240356, 16.8022861481, 17.3043937683], [94.1937866211, -107.957122803, 370.23614502, 173.530227661, 54.2212638855, 150.377670288, 188.257492065, 291.300354004, 167.522918701, 87.3055419922, 75.2753448486, 77.2502746582, -30.185792923], [-328.988189697, -34.8442955017, 225.324829102, -3.69553518295, 30.4711170197, 163.880004883, 160.43536377, 167.522918701, 296.805541992, 132.324050903, 57.2323608398, 89.9810562134, 8.52551269531], [240.769302368, -33.9642219543, 198.932281494, 58.0164871216, 56.1737709045, 128.306533813, 80.6922225952, 87.3055419922, 132.324050903, 145.999084473, 59.1054000854, 70.1438751221, 11.8194580078], [-66.5919570923, 60.7913551331, 25.2544689178, 54.4647979736, 9.27711772919, -10.2061653137, 71.9243240356, 75.2753448486, 57.2323608398, 59.1054000854, 128.217010498, 50.1065559387, 20.3070697784], [470.372009277, -147.275482178, 279.852294922, 59.3427238464, -9.65068912506, 111.25100708, 16.8022861481, 77.2502746582, 89.9810562134, 70.1438751221, 50.1065559387, 155.469924927, 19.0459690094], [-287.591827393, 124.551132202, -160.131164551, -46.154209137, 23.0534553528, -22.8282260895, 17.3043937683, -30.185792923, 8.52551269531, 11.8194580078, 20.3070697784, 19.0459690094, 102.129013062]],
        "icov": [[0.00016445289657, -0.000140761243529, 1.18128909889e-05, -0.000519557332154, 0.000296051788609, -5.1161256124e-05, 0.000313987344271, 3.02966054733e-05, 0.000290413328912, -0.000588655064348, 0.000447276164778, -0.000537510437425, 0.000351159425918], [-0.000140761243529, 0.00122031569481, -0.000380336423405, 0.000390205299482, -0.00105736986734, 0.00157984229736, -0.00144951418042, 0.00102489208803, -0.000693181180395, 0.000498748268001, -0.000458003283711, 0.00104799261317, -0.0012685029069], [1.18128909889e-05, -0.000380336423405, 0.00184413662646, -0.00128462794237, 0.000285035261186, -0.00106401916128, 0.000467027304694, -0.000753052998334, 4.949650247e-06, -0.000593007425778, 0.00133361236658, -0.00259267422371, 0.00249069859274], [-0.000519557332154, 0.000390205299482, -0.00128462794237, 0.00500161852688, -0.00193163333461, -0.00045928475447, -0.00037736032391, -0.00144488248043, 0.000694884161931, 0.00232257368043, -0.0034959896002, 0.00322861829773, -0.00195632549003], [0.000296051788609, -0.00105736986734, 0.000285035261186, -0.00193163333461, 0.00482314266264, -0.0032103038393, -4.32993729191e-05, 0.000467364530778, 0.00135523395147, -0.00118261959869, 0.000388782384107, 0.000329501199303, -7.869212277e-05], [-5.1161256124e-05, 0.00157984229736, -0.00106401916128, -0.00045928475447, -0.0032103038393, 0.0095270704478, -0.00534030143172, 0.00260956352577, -0.00113961216994, -0.00304196053185, 0.00536270765588, -0.00377237121575, 0.000668072374538], [0.000313987344271, -0.00144951418042, 0.000467027304694, -0.00037736032391, -4.32993729191e-05, -0.00534030143172, 0.0146627947688, -0.00728854024783, -0.0022117649205, 0.00112451706082, -0.00469014653936, 0.00544326985255, -0.00263694743626], [3.02966054733e-05, 0.00102489208803, -0.000753052998334, -0.00144488248043, 0.000467364530778, 0.00260956352577, -0.00728854024783, 0.0114714894444, -0.00248037441634, -1.30501200601e-06, -0.000465413904749, -0.00273530883715, 0.0029148790054], [0.000290413328912, -0.000693181180395, 4.949650247e-06, 0.000694884161931, 0.00135523395147, -0.00113961216994, -0.0022117649205, -0.00248037441634, 0.0100073739886, -0.0062132854946, 0.00218854960985, -0.00327010056935, 0.00112429691944], [-0.000588655064348, 0.000498748268001, -0.000593007425778, 0.00232257368043, -0.00118261959869, -0.00304196053185, 0.00112451706082, -1.30501200601e-06, -0.0062132854946, 0.0182543005794, -0.00846537388861, 0.00289746560156, -0.00320099689998], [0.000447276164778, -0.000458003283711, 0.00133361236658, -0.0034959896002, 0.000388782384107, 0.00536270765588, -0.00469014653936, -0.000465413904749, 0.00218854960985, -0.00846537388861, 0.0190992485732, -0.00989154912531, 0.00294125638902], [-0.000537510437425, 0.00104799261317, -0.00259267422371, 0.00322861829773, 0.000329501199303, -0.00377237121575, 0.00544326985255, -0.00273530883715, -0.00327010056935, 0.00289746560156, -0.00989154912531, 0.0209814459085, -0.010054432787], [0.000351159425918, -0.0012685029069, 0.00249069859274, -0.00195632549003, -7.869212277e-05, 0.000668072374538, -0.00263694743626, 0.0029148790054, 0.00112429691944, -0.00320099689998, 0.00294125638902, -0.010054432787, 0.018390763551]]
    },
    "melbands": {
        "dmean": [0.00139172468334, 0.000764173571952, 0.000263791996986, 0.000132299188408, 6.74201583024e-05, 7.23950361134e-05, 5.23716007592e-05, 5.82719694648e-05, 0.000155296875164, 0.000206681259442, 8.956988313e-05, 5.62721324968e-05, 5.33750790055e-05, 6.75589981256e-05, 8.36258259369e-05, 9.76295632427e-05, 7.43375931052e-05, 4.43005337729e-05, 5.71483833482e-05, 4.88613077323e-05, 3.30084985762e-05, 3.04168006551e-05, 1.69366230693e-05, 2.41972084041e-05, 2.40956869675e-05, 2.3870201403e-05, 1.59033970704e-05, 1.2885499018e-05, 1.11377394205e-05, 6.31919283478e-06, 5.5828013501e-06, 5.82422717343e-06, 4.54887185697e-06, 4.76346576761e-06, 4.27883151133e-06, 4.52390077044e-06, 3.44169802702e-06, 2.87213902084e-06, 2.38592679125e-06, 1.69827421814e-06],
        "dmean2": [0.00213580252603, 0.00125966593623, 0.000437939161202, 0.000236472740653, 0.000109177388367, 0.000109217638965, 7.76605520514e-05, 8.61363514559e-05, 0.000221675611101, 0.000298066006508, 0.000136258531711, 8.54425670695e-05, 7.91525890236e-05, 0.000102086160041, 0.000124985759612, 0.00014976147213, 0.000111419358291, 6.83204416418e-05, 9.2451555247e-05, 8.14882878331e-05, 5.46192750335e-05, 4.85942000523e-05, 2.80804306385e-05, 4.05577811762e-05, 4.02063124056e-05, 4.14194837504e-05, 2.66713032033e-05, 2.30913774431e-05, 1.91658182302e-05, 1.05875869849e-05, 9.2078016678e-06, 9.37325785344e-06, 7.52324194764e-06, 7.71499890106e-06, 6.80589255353e-06, 7.11753227733e-06, 5.50831191504e-06, 4.53269876743e-06, 3.75036734113e-06, 2.63678248302e-06],
        "dvar": [6.29033047517e-06, 2.08770961763e-06, 6.66557070872e-07, 2.23166608748e-07, 3.30154499295e-08, 1.94072757864e-08, 8.54978488007e-09, 1.50094123796e-08, 1.34944073693e-07, 1.76407368713e-07, 3.44670141317e-08, 1.4437175011e-08, 1.2357936896e-08, 3.69769033171e-08, 4.77527528631e-08, 6.75164599784e-08, 6.35324752807e-08, 2.59120209734e-08, 1.70121037257e-08, 1.62264193193e-08, 4.12532763505e-09, 4.78882178356e-09, 8.74605388113e-10, 2.79791612101e-09, 2.81624190634e-09, 2.48616394138e-09, 8.23282553242e-10, 1.49379153491e-09, 4.05461192399e-10, 1.00253437496e-10, 1.04108784094e-10, 1.22255164325e-10, 8.68697336287e-11, 7.83568696039e-11, 6.33434138475e-11, 7.05684885527e-11, 4.33023374102e-11, 2.7346834866e-11, 1.7695339985e-11, 8.19644786071e-12],
        "dvar2": [1.53656274051e-05, 5.89168166698e-06, 1.76809885488e-06, 6.32390140254e-07, 9.25712697608e-08, 4.68770089412e-08, 1.8158972992e-08, 3.37317587196e-08, 2.75064792277e-07, 3.77943337071e-07, 7.60056337867e-08, 3.16783506094e-08, 2.43001974098e-08, 6.90217802912e-08, 9.43228712913e-08, 1.5496439687e-07, 1.22642376255e-07, 5.12159381572e-08, 4.05350064625e-08, 4.07471247854e-08, 1.05913349202e-08, 1.14396971895e-08, 2.37790964697e-09, 7.93064014459e-09, 7.60907781228e-09, 7.99138888397e-09, 2.23061058513e-09, 5.21275600462e-09, 1.29816335459e-09, 2.75671208083e-10, 2.78955664124e-10, 3.17743442668e-10, 2.33143060413e-10, 2.04109312785e-10, 1.63374605511e-10, 1.79777692733e-10, 1.1198571237e-10, 6.92352147835e-11, 4.5112611563e-11, 2.00091367086e-11],
        "max": [0.0231792628765, 0.0195681862533, 0.0128981303424, 0.00650774408132, 0.00291782477871, 0.00226186984219, 0.00142870331183, 0.0027570752427, 0.00683249533176, 0.00764646288007, 0.00511439703405, 0.00340221892111, 0.00287470035255, 0.00648090848699, 0.00612248992547, 0.00434900494292, 0.00416325964034, 0.00734215602279, 0.00233633769676, 0.00222691521049, 0.00135515397415, 0.00192570220679, 0.000529207114596, 0.00128788186703, 0.00104188965634, 0.000545657123439, 0.000510414654855, 0.00102007284295, 0.000416279042838, 0.000249540491495, 0.000188135687495, 0.000178700356628, 0.000134171510581, 0.00010880093032, 0.00010868350364, 0.000151084313984, 0.000119601434562, 0.000104391103378, 5.92398500885e-05, 3.54652947863e-05],
        "mean": [0.00340946228243, 0.0020074788481, 0.000425925769377, 0.000150578081957, 0.000120431970572, 0.000156555106514, 0.000129849635414, 0.000121572709759, 0.000289002637146, 0.000366721156752, 0.000151919157361, 9.10885792109e-05, 9.70938490354e-05, 0.00011111148342, 0.00012480825535, 0.000135940223117, 9.45767314988e-05, 6.7866894824e-05, 7.67186065787e-05, 5.86663227296e-05, 4.54518230981e-05, 4.4909567805e-05, 2.500487426e-05, 3.74827322958e-05, 3.91848443542e-05, 3.48112043866e-05, 2.60919168795e-05, 1.69576560438e-05, 1.75954955921e-05, 1.06362249426e-05, 8.8773385869e-06, 9.46524323808e-06, 7.08464676791e-06, 7.83913583291e-06, 6.76569379721e-06, 7.68653535488e-06, 6.33088620816e-06, 5.16825821251e-06, 4.43697035735e-06, 3.20782532981e-06],
        "median": [0.000802410184406, 0.00106040970422, 0.000158280890901, 5.11633952556e-05, 5.85952147958e-05, 7.2705981438e-05, 6.72727255733e-05, 5.47667041246e-05, 6.73974573147e-05, 0.000115298869787, 6.22967781965e-05, 4.32299384556e-05, 4.02214645874e-05, 4.4846747187e-05, 3.38755271514e-05, 3.8810143451e-05, 2.48329761234e-05, 2.33300397667e-05, 2.54092992691e-05, 2.34244944295e-05, 2.11805563595e-05, 1.85052085726e-05, 1.3461769413e-05, 1.76719477167e-05, 1.24377620523e-05, 1.25821761685e-05, 1.18904899864e-05, 8.95739503903e-06, 1.11961307994e-05, 6.68622351441e-06, 4.22641278419e-06, 3.70598809241e-06, 2.86241856884e-06, 2.72680563285e-06, 2.48103378908e-06, 3.32988179252e-06, 2.19177309191e-06, 1.98855173039e-06, 1.76440528321e-06, 1.21711650536e-06],
        "min": [6.40271459544e-24, 1.02070018329e-23, 7.29714007814e-24, 7.56137534923e-24, 1.01805734148e-23, 1.60717109244e-23, 7.89355521009e-24, 8.18343319376e-24, 7.48172564135e-24, 8.61594827315e-24, 8.63589777659e-24, 3.57823204532e-24, 7.11021948665e-24, 7.85065853178e-24, 1.06024167839e-23, 2.3016110271e-23, 1.34882545687e-23, 1.1395135219e-23, 1.11315783683e-23, 1.1483001702e-23, 1.63124160524e-23, 1.82196008867e-23, 1.60889349134e-23, 1.014750831e-23, 9.11840928243e-24, 1.22887884068e-23, 9.74477904067e-24, 1.21843795106e-23, 1.38551663975e-23, 8.87418583478e-24, 1.10323664876e-23, 1.68098149412e-23, 8.2476796036e-24, 8.76627991814e-24, 1.58914404303e-23, 1.30744993905e-23, 1.32745710821e-23, 1.02003525243e-23, 7.80844185158e-24, 7.96109826965e-24],
        "var": [1.85320513992e-05, 4.95132053402e-06, 6.11170037246e-07, 1.42934666769e-07, 3.49495898888e-08, 4.51337243135e-08, 2.97510567293e-08, 3.69890997831e-08, 3.96572971795e-07, 4.07222188414e-07, 6.88361154744e-08, 2.91810469122e-08, 3.94485084598e-08, 7.64938690168e-08, 8.4353281693e-08, 9.43943518905e-08, 9.21401976939e-08, 4.24327595283e-08, 2.41449100713e-08, 1.6100443645e-08, 5.15871523277e-09, 7.52186579689e-09, 1.26393173705e-09, 4.12513045944e-09, 7.6388539938e-09, 3.76997633111e-09, 1.7464304447e-09, 1.33179067774e-09, 5.30955779343e-10, 1.49702028551e-10, 1.34248293038e-10, 1.80517226167e-10, 1.07194128574e-10, 1.22935064906e-10, 9.09413863659e-11, 1.15344102325e-10, 9.34868987779e-11, 6.03803257393e-11, 4.53602641559e-11, 2.13362643525e-11]
    },
    "mfcc": {
        "mean": [-619.430236816, 74.0068435669, -13.4193840027, 10.791390419, 1.87410032749, 3.94200658798, 8.24652767181, 5.80240774155, 6.59774923325, 9.18026638031, 2.18219542503, 5.3086476326, -0.259309381247],
        "cov": [[9133.98535156, 355.90322876, 1071.74926758, 389.852783203, 258.449951172, 268.160888672, -24.6770439148, 284.150482178, 6.74233341217, 98.6225357056, 249.920440674, 94.9696731567, 134.612792969], [355.90322876, 1500.74890137, -338.19430542, 245.759185791, 33.693775177, -8.72197341919, 108.731781006, -151.635345459, 41.8542861938, -54.9034423828, -94.7706375122, 24.9955215454, 6.9771900177], [1071.74926758, -338.19430542, 1406.32177734, 240.826187134, 270.963867188, 281.777099609, 66.6543502808, 424.95614624, 146.951873779, 239.358032227, 306.309631348, 114.530555725, 139.139282227], [389.852783203, 245.759185791, 240.826187134, 432.496337891, 227.744277954, 86.2576293945, 228.303115845, 139.836898804, 59.3382148743, 104.271865845, 68.1287765503, 39.9062919617, 45.6366195679], [258.449951172, 33.693775177, 270.963867188, 227.744277954, 385.679046631, 292.370330811, 180.530975342, 145.590667725, 112.355819702, 74.1237564087, 61.5155143738, 63.911075592, 49.9508399963], [268.160888672, -8.72197341919, 281.777099609, 86.2576293945, 292.370330811, 417.534301758, 131.809906006, 135.026672363, 169.341491699, 75.1340942383, 82.4578475952, 77.835319519, 72.6959915161], [-24.6770439148, 108.731781006, 66.6543502808, 228.303115845, 180.530975342, 131.809906006, 291.762054443, 108.170799255, 77.268157959, 87.704460144, 32.404384613, 46.3385772705, 30.7531833649], [284.150482178, -151.635345459, 424.95614624, 139.836898804, 145.590667725, 135.026672363, 108.170799255, 277.404052734, 118.502342224, 135.240875244, 148.910324097, 68.8946685791, 76.2537994385], [6.74233341217, 41.8542861938, 146.951873779, 59.3382148743, 112.355819702, 169.341491699, 77.268157959, 118.502342224, 190.391281128, 98.8720092773, 78.9943313599, 72.1658859253, 60.8444519043], [98.6225357056, -54.9034423828, 239.358032227, 104.271865845, 74.1237564087, 75.1340942383, 87.704460144, 135.240875244, 98.8720092773, 171.045135498, 131.846801758, 54.8225059509, 56.8060417175], [249.920440674, -94.7706375122, 306.309631348, 68.1287765503, 61.5155143738, 82.4578475952, 32.404384613, 148.910324097, 78.9943313599, 131.846801758, 200.578353882, 88.6098709106, 70.9846191406], [94.9696731567, 24.9955215454, 114.530555725, 39.9062919617, 63.911075592, 77.835319519, 46.3385772705, 68.8946685791, 72.1658859253, 54.8225059509, 88.6098709106, 126.237709045, 72.3419876099], [134.612792969, 6.9771900177, 139.139282227, 45.6366195679, 49.9508399963, 72.6959915161, 30.7531833649, 76.2537994385, 60.8444519043, 56.8060417175, 70.9846191406, 72.3419876099, 118.351005554]],
