{
"lowlevel": {
    "average_loudness": 0.951697826385,
    "barkbands_crest": {
        "dmean": 2.43239569664,
        "dmean2": 3.51912212372,
        "dvar": 8.20400333405,
        "dvar2": 14.0954084396,
        "max": 26.4205322266,
        "mean": 13.2880306244,
        "median": 11.9205255508,
        "min": 2.02614116669,
        "var": 43.3028106689
    },
    "barkbands_flatness_db": {
        "dmean": 0.0209303088486,
        "dmean2": 0.0283776912838,
        "dvar": 0.000660388031974,
        "dvar2": 0.00093982933322,
        "max": 0.414126038551,
        "mean": 0.129275307059,
        "median": 0.106214515865,
        "min": 0.0180559940636,
        "var": 0.00593127217144
    },
    "barkbands_kurtosis": {
        "dmean": 3.68506932259,
        "dmean2": 4.66557407379,
        "dvar": 47.3562698364,
        "dvar2": 62.5668296814,
        "max": 134.322372437,
        "mean": 7.45986652374,
        "median": 0.820404052734,
        "min": -1.85057008266,
        "var": 242.799331665
    },
    "barkbands_skewness": {
        "dmean": 0.578129827976,
        "dmean2": 0.772673308849,
        "dvar": 0.506939888,
        "dvar2": 0.677515566349,
        "max": 11.0053701401,
        "mean": 2.01055645943,
        "median": 1.32086062431,
        "min": -2.53799033165,
        "var": 3.65310621262
    },
    "barkbands_spread": {
        "dmean": 6.94278478622,
        "dmean2": 10.3113031387,
        "dvar": 99.4550323486,
        "dvar2": 193.326934814,
        "max": 126.053276062,
        "mean": 29.7665100098,
        "median": 28.4342479706,
        "min": 1.27127611637,
        "var": 356.995910645
    },
    "dissonance": {
        "dmean": 0.0142557332292,
        "dmean2": 0.0239152591676,
        "dvar": 0.000318374484777,
        "dvar2": 0.000864170491695,
        "max": 0.5,
        "mean": 0.47084197402,
        "median": 0.478978306055,
        "min": 0.0221079271287,
        "var": 0.000982842640951
    },
    "dynamic_complexity": 2.65411949158,
    "erbbands_crest": {
        "dmean": 2.04740953445,
        "dmean2": 3.36176300049,
        "dvar": 4.7420630455,
        "dvar2": 11.3965396881,
        "max": 28.6764316559,
        "mean": 6.54823589325,
        "median": 5.29128599167,
        "min": 2.20017623901,
        "var": 14.2009725571
    },
    "erbbands_flatness_db": {
        "dmean": 0.0112702548504,
        "dmean2": 0.0173771325499,
        "dvar": 0.000138489747769,
        "dvar2": 0.000298904982628,
        "max": 0.411941558123,
        "mean": 0.129006996751,
        "median": 0.100924484432,
        "min": 0.0395805090666,
        "var": 0.00471544126049
    },
    "erbbands_kurtosis": {
        "dmean": 0.544228255749,
        "dmean2": 0.858915746212,
        "dvar": 0.414692789316,
        "dvar2": 0.979741692543,
        "max": 11.7710809708,
        "mean": 0.0518281199038,
        "median": -0.224578380585,
        "min": -1.72401428223,
        "var": 1.29545915127
    },
    "erbbands_skewness": {
        "dmean": 0.259023249149,
        "dmean2": 0.395447075367,
        "dvar": 0.054843891412,
        "dvar2": 0.126496478915,
        "max": 2.52687239647,
        "mean": -0.0470108240843,
        "median": -0.156956881285,
        "min": -2.02888441086,
        "var": 0.274953216314
    },
    "erbbands_spread": {
        "dmean": 7.43191337585,
        "dmean2": 11.3562345505,
        "dvar": 66.5292129517,
        "dvar2": 144.369186401,
        "max": 123.055213928,
        "mean": 44.1391372681,
        "median": 43.5078544617,
        "min": 3.92355680466,
        "var": 405.680450439
    },
    "hfc": {
        "dmean": 11.7010250092,
        "dmean2": 18.0794334412,
        "dvar": 306.029785156,
        "dvar2": 677.040588379,
        "max": 164.33757019,
        "mean": 36.6010780334,
        "median": 30.8995723724,
        "min": 1.23987187277e-16,
        "var": 782.825439453
    },
    "melbands_crest": {
        "dmean": 3.22578763962,
        "dmean2": 4.71826934814,
        "dvar": 13.3499040604,
        "dvar2": 25.0585021973,
        "max": 35.6240577698,
        "mean": 19.8010444641,
        "median": 18.9792785645,
        "min": 1.78153681755,
        "var": 73.6293258667
    },
    "melbands_flatness_db": {
        "dmean": 0.0255523007363,
        "dmean2": 0.0345856249332,
        "dvar": 0.000986272469163,
        "dvar2": 0.00149412488099,
        "max": 0.503594458103,
        "mean": 0.19483730197,
        "median": 0.169754207134,
        "min": 0.00777004566044,
        "var": 0.00808149389923
    },
    "melbands_kurtosis": {
        "dmean": 12.0857114792,
        "dmean2": 15.6786708832,
        "dvar": 437.799438477,
        "dvar2": 604.566345215,
        "max": 380.774200439,
        "mean": 31.4120597839,
        "median": 8.97752666473,
        "min": -1.41949474812,
        "var": 2511.35888672
    },
    "melbands_skewness": {
        "dmean": 0.890783905983,
        "dmean2": 1.2305855751,
        "dvar": 1.30137884617,
        "dvar2": 1.87993264198,
        "max": 15.5691003799,
        "mean": 3.96553707123,
        "median": 2.8634326458,
        "min": -0.968323409557,
        "var": 9.9007024765
    },
    "melbands_spread": {
        "dmean": 7.67525529861,
        "dmean2": 11.6629972458,
        "dvar": 113.272315979,
        "dvar2": 232.358352661,
        "max": 184.33972168,
        "mean": 26.4571838379,
        "median": 24.1379261017,
        "min": 0.947958469391,
        "var": 407.026885986
    },
    "pitch_salience": {
        "dmean": 0.0740722939372,
        "dmean2": 0.105280429125,
        "dvar": 0.00726421549916,
        "dvar2": 0.0125822275877,
        "max": 0.992882966995,
        "mean": 0.441110163927,
        "median": 0.477801024914,
        "min": 0.0487781725824,
        "var": 0.0394788719714
    },
    "silence_rate_20dB": {
        "dmean": 0,
        "dmean2": 0,
        "dvar": 0,
        "dvar2": 0,
        "max": 1,
        "mean": 1,
        "median": 1,
        "min": 1,
        "var": 0
    },
    "silence_rate_30dB": {
        "dmean": 0.0198957845569,
        "dmean2": 0.039796281606,
        "dvar": 0.0195005405694,
        "dvar2": 0.0545596852899,
        "max": 1,
        "mean": 0.987803459167,
        "median": 1,
        "min": 0,
        "var": 0.012046889402
    },
    "silence_rate_60dB": {
        "dmean": 0.00971103738993,
        "dmean2": 0.0194243751466,
        "dvar": 0.00961434934288,
        "dvar2": 0.0197611842304,
        "max": 1,
        "mean": 0.0561278872192,
        "median": 0,
        "min": 0,
        "var": 0.0529711693525
    },
    "spectral_centroid": {
        "dmean": 267.777832031,
        "dmean2": 379.142456055,
        "dvar": 89856.8046875,
        "dvar2": 152188.140625,
        "max": 10892.2910156,
        "mean": 1953.57202148,
        "median": 2138.30737305,
        "min": 273.667510986,
        "var": 515968.5
    },
    "spectral_complexity": {
        "dmean": 5.05589771271,
        "dmean2": 7.68613052368,
        "dvar": 29.7602577209,
        "dvar2": 55.9995079041,
        "max": 62,
        "mean": 27.8375377655,
        "median": 30,
        "min": 0,
        "var": 172.838500977
    },
    "spectral_decrease": {
        "dmean": 2.1283144136e-09,
        "dmean2": 3.18919135545e-09,
        "dvar": 6.80215846711e-18,
        "dvar2": 1.50809633678e-17,
        "max": 5.22258997103e-29,
        "mean": -1.21609371462e-08,
        "median": -1.16190701505e-08,
        "min": -3.36597274497e-08,
        "var": 5.33468894068e-17
    },
    "spectral_energy": {
        "dmean": 0.00837632920593,
        "dmean2": 0.0126556623727,
        "dvar": 9.85056685749e-05,
        "dvar2": 0.000227713157074,
        "max": 0.132471039891,
        "mean": 0.0492180176079,
        "median": 0.0489400923252,
        "min": 1.10489002423e-20,
        "var": 0.000791841710452
    },
    "spectral_energyband_high": {
        "dmean": 0.00104109535459,
        "dmean2": 0.00159618223552,
        "dvar": 2.58262480202e-06,
        "dvar2": 5.58856118005e-06,
        "max": 0.0179251972586,
        "mean": 0.00263241003267,
        "median": 0.0018249041168,
        "min": 8.19700928799e-21,
        "var": 6.5129934228e-06
    },
    "spectral_energyband_low": {
        "dmean": 0.00715320603922,
        "dmean2": 0.00975950714201,
        "dvar": 0.00013577050413,
        "dvar2": 0.000229762619711,
        "max": 0.113812506199,
        "mean": 0.0328270345926,
        "median": 0.0264536738396,
        "min": 2.51406357511e-23,
        "var": 0.000786102027632
    },
    "spectral_energyband_middle_high": {
        "dmean": 0.00281185517088,
        "dmean2": 0.00447925878689,
        "dvar": 1.49459438035e-05,
        "dvar2": 3.66992208001e-05,
        "max": 0.0409214496613,
        "mean": 0.00740242563188,
        "median": 0.00621087942272,
        "min": 1.54691821835e-21,
        "var": 3.39645775966e-05
    },
    "spectral_energyband_middle_low": {
        "dmean": 0.00431978562847,
        "dmean2": 0.00674520153552,
        "dvar": 9.62258709478e-05,
        "dvar2": 0.000227142110816,
        "max": 0.0841996073723,
        "mean": 0.00741263618693,
        "median": 0.00448292680085,
        "min": 3.31658379623e-22,
        "var": 0.000102036559838
    },
    "spectral_entropy": {
        "dmean": 0.116728402674,
        "dmean2": 0.174039676785,
        "dvar": 0.0185021050274,
        "dvar2": 0.0379431731999,
        "max": 9.78349590302,
        "mean": 7.94849014282,
        "median": 8.12466526031,
        "min": 5.19445180893,
        "var": 0.267867803574
    },
    "spectral_flux": {
        "dmean": 0.028185185045,
        "dmean2": 0.0364157259464,
        "dvar": 0.00093494693283,
        "dvar2": 0.00157791667152,
        "max": 0.348950684071,
        "mean": 0.0983325093985,
        "median": 0.0841017439961,
        "min": 1.05113751037e-10,
        "var": 0.00390601786785
    },
    "spectral_kurtosis": {
        "dmean": 1.62225008011,
        "dmean2": 2.81103515625,
        "dvar": 25.3809700012,
        "dvar2": 77.9223709106,
        "max": 119.400436401,
        "mean": 4.55975103378,
        "median": 2.24575424194,
        "min": -1.22693133354,
        "var": 100.123626709
    },
    "spectral_rms": {
        "dmean": 0.000591788091697,
        "dmean2": 0.000881000305526,
        "dvar": 4.26882849069e-07,
        "dvar2": 8.96156791441e-07,
        "max": 0.0113683789968,
        "mean": 0.0065037580207,
        "median": 0.00690987939015,
        "min": 3.28320205224e-12,
        "var": 5.71866621613e-06
    },
    "spectral_rolloff": {
        "dmean": 615.227233887,
        "dmean2": 985.678894043,
        "dvar": 1038762.75,
        "dvar2": 2266522.5,
        "max": 19143.0175781,
        "mean": 1735.77490234,
        "median": 1378.125,
        "min": 64.599609375,
        "var": 3007033.75
    },
    "spectral_skewness": {
        "dmean": 0.174759671092,
        "dmean2": 0.293770700693,
        "dvar": 0.0970423519611,
        "dvar2": 0.299970507622,
        "max": 8.6984128952,
        "mean": 1.39109635353,
        "median": 1.17728686333,
        "min": -0.00123438169248,
        "var": 0.62093269825
    },
    "spectral_spread": {
        "dmean": 503087.21875,
        "dmean2": 789024.875,
        "dvar": 482758066176,
        "dvar2": 892427304960,
        "max": 41031216,
        "mean": 5230928,
        "median": 5581617.5,
        "min": 674904.625,
        "var": 2.52345555354e+12
    },
    "spectral_strongpeak": {
        "dmean": 0.210013151169,
        "dmean2": 0.347185045481,
        "dvar": 0.197938382626,
        "dvar2": 0.511190474033,
        "max": 8.29263114929,
        "mean": 0.543269753456,
        "median": 0.398045241833,
        "min": 0,
        "var": 0.281939387321
    },
    "zerocrossingrate": {
        "dmean": 0.0132828811184,
        "dmean2": 0.0148624181747,
        "dvar": 0.000270959775662,
        "dvar2": 0.000342778279446,
        "max": 0.85009765625,
        "mean": 0.0708476155996,
        "median": 0.068359375,
        "min": 0.00390625,
        "var": 0.00292694638483
    },
    "barkbands": {
        "dmean": [0.000597656646278, 0.00703903706744, 0.0036739599891, 0.0020750828553, 0.00201023230329, 0.000372619484551, 0.000700485834386, 0.00029251005617, 0.000602316868026, 0.000522881222423, 0.000791761907749, 0.000599351304118, 0.000466996541945, 0.000412693771068, 0.000549979449715, 0.000346101616742, 0.000380367971957, 0.000358084856998, 0.000280039763311, 0.000268311676336, 0.000267258612439, 0.000234011051361, 0.000201883653062, 0.000198442707187, 0.000169725128217, 6.74524126225e-05, 1.17466533993e-05],
        "dmean2": [0.000837770523503, 0.00980752427131, 0.00572558771819, 0.00354116852395, 0.00360573921353, 0.000618344347458, 0.00101560680196, 0.000476983841509, 0.000974146532826, 0.00087315129349, 0.00129925250076, 0.000999222858809, 0.000781215087045, 0.000702245801222, 0.000928946596105, 0.000596347730607, 0.000644689775072, 0.00058197643375, 0.000473308813525, 0.00043679101509, 0.00042083216249, 0.000368973502191, 0.000322398700519, 0.000320576684317, 0.000278878986137, 0.00010235850641, 1.79102189577e-05],
        "dvar": [7.84495966855e-07, 0.000160987969139, 9.41671532928e-05, 3.93210902985e-05, 4.0503913624e-05, 5.70652446186e-07, 1.10948826659e-06, 2.96647328923e-07, 8.49802120229e-07, 1.00331317299e-06, 1.59245246323e-06, 1.34322328904e-06, 6.52168751003e-07, 4.74536591355e-07, 6.99712359165e-07, 3.36121672717e-07, 3.07534378408e-07, 3.05321293581e-07, 1.5023501021e-07, 1.32089525096e-07, 1.23089122894e-07, 1.12492386961e-07, 8.37787652586e-08, 1.01486413939e-07, 1.08712974622e-07, 1.78611347934e-08, 4.94164376086e-10],
        "dvar2": [1.63248375884e-06, 0.000264056376182, 0.000216407250264, 0.000105236795207, 0.000113169531687, 1.60001752647e-06, 2.15568752537e-06, 7.96926485691e-07, 2.10675580092e-06, 2.59268108493e-06, 4.02878640671e-06, 3.2960176668e-06, 1.54994472723e-06, 1.31037631945e-06, 1.87209138858e-06, 9.33850571982e-07, 8.34891125123e-07, 7.76487581788e-07, 3.92134211324e-07, 3.21509645573e-07, 2.94321807814e-07, 2.54115377629e-07, 1.91888929635e-07, 2.44083707912e-07, 2.71056450174e-07, 3.92172943009e-08, 1.02636488197e-09],
        "max": [0.0195465590805, 0.101866200566, 0.073711283505, 0.0599189698696, 0.0534517541528, 0.00870080292225, 0.0158881247044, 0.00617402885109, 0.0158625300974, 0.0149681102484, 0.0154656050727, 0.0217215940356, 0.0230761691928, 0.0166764203459, 0.011781332083, 0.00699318014085, 0.00776831433177, 0.0134153291583, 0.00487612606958, 0.00379730504937, 0.00434027938172, 0.00516644399613, 0.00297473929822, 0.00408038496971, 0.00353077985346, 0.00262445607223, 0.000236104388023],
        "mean": [0.001640266506, 0.0254277698696, 0.00477993860841, 0.00204316712916, 0.00193214253522, 0.000608183385339, 0.0013243398862, 0.000410925335018, 0.00100128701888, 0.000688091269694, 0.00114630872849, 0.000872031436302, 0.000701032811776, 0.000580251391511, 0.000795658561401, 0.000560715736356, 0.000603128573857, 0.000658448901959, 0.000530075340066, 0.000548569194507, 0.000589365838096, 0.000509776640683, 0.000429113511927, 0.000407799205277, 0.000282668275759, 0.000127616789541, 1.93407267943e-05],
        "median": [0.000858217128552, 0.0183855611831, 0.000674394308589, 0.000387123523979, 0.000460934184957, 0.000330849783495, 0.000565451220609, 0.000205889838981, 0.000604289118201, 0.000291905831546, 0.00059939728817, 0.000466356897959, 0.000403270911193, 0.000331758899847, 0.000464491575258, 0.000354664633051, 0.000372190756025, 0.000419863732532, 0.000356194272172, 0.000376715877792, 0.00044659213745, 0.000371324131265, 0.000279666855931, 0.000242204594542, 0.000149272207636, 6.235831097e-05, 4.59056536783e-06],
        "min": [4.2297763272e-24, 7.86780600128e-24, 1.11258409829e-23, 6.19523155559e-24, 8.83881788719e-23, 4.9013347991e-23, 3.61673445283e-23, 7.09476254607e-23, 4.61020126441e-23, 1.12207953812e-22, 1.80716247804e-23, 1.54387980383e-22, 1.60024309509e-22, 1.82941577086e-22, 1.22069219998e-22, 8.27483661358e-23, 9.95513937179e-23, 1.73171364381e-22, 2.80766147972e-22, 3.32880394585e-22, 4.29753851654e-22, 6.4291825512e-22, 4.94137068911e-22, 9.46381559543e-22, 1.28745310711e-21, 1.85920999964e-21, 2.63059307935e-21],
        "var": [3.72818840333e-06, 0.000651319976896, 9.96796588879e-05, 2.9106533475e-05, 2.61527929979e-05, 6.40911537175e-07, 3.15570378007e-06, 3.40702257517e-07, 1.41421298849e-06, 1.36217840918e-06, 2.47839943768e-06, 1.88955505109e-06, 1.02479020825e-06, 5.53726522412e-07, 9.18214311696e-07, 4.25349099942e-07, 4.78222148104e-07, 5.556147471e-07, 2.75942426242e-07, 2.87176959546e-07, 3.18804580957e-07, 2.51826577369e-07, 1.93451583641e-07, 2.35537243043e-07, 1.42243195e-07, 3.01543927606e-08, 1.14241738292e-09]
    },
    "erbbands": {
        "dmean": [0.284692645073, 1.70547997952, 4.05242395401, 5.39124774933, 8.85971450806, 4.71718883514, 2.44823527336, 3.36641335487, 7.30606937408, 10.0142049789, 8.41531562805, 11.4158964157, 15.1918792725, 26.2697029114, 19.6274471283, 22.4535560608, 20.8765697479, 19.6017246246, 18.7376785278, 31.0549583435, 16.9483470917, 23.0836582184, 19.3530273438, 13.7265663147, 14.7792367935, 12.6005649567, 11.0424079895, 10.1664495468, 8.50631332397, 7.31159877777, 5.78159093857, 4.04053783417, 3.49593067169, 2.32409381866, 0.999327361584, 0.442764788866, 0.101216189563, 0.0199060067534, 0.00186561781447, 3.43080464518e-05],
        "dmean2": [0.361088842154, 2.1518535614, 5.81177902222, 8.48882293701, 15.6650648117, 8.23642158508, 4.2875123024, 5.42212724686, 10.4144010544, 15.0968036652, 13.3342695236, 18.8089179993, 24.8297348022, 43.3196144104, 32.4575691223, 37.6335754395, 34.6381607056, 33.2207565308, 31.7093086243, 52.9839401245, 28.6362571716, 38.9212303162, 31.7429447174, 22.4995956421, 24.8663673401, 20.6255893707, 17.7184410095, 16.0645027161, 13.4006767273, 11.3897676468, 9.28683280945, 6.43433475494, 5.75203704834, 3.88074660301, 1.61167573929, 0.696379065514, 0.151318058372, 0.0290207788348, 0.00291870161891, 5.26200819877e-05],
        "dvar": [0.234082818031, 9.18290138245, 96.4626235962, 214.595809937, 879.886352539, 167.554550171, 32.2460289001, 44.8153610229, 173.881576538, 250.704528809, 233.701980591, 323.356384277, 697.177001953, 2191.05493164, 873.15447998, 1958.4934082, 1372.09875488, 1197.01428223, 842.472290039, 2862.3359375, 671.090576172, 1186.88012695, 851.73840332, 376.941314697, 459.463104248, 318.638763428, 218.835830688, 195.60874939, 148.701889038, 109.24282074, 74.1059799194, 33.7696228027, 35.0568733215, 19.1945209503, 3.82468318939, 0.846125304699, 0.0371005758643, 0.00130351551343, 1.4635829757e-05, 3.25636895226e-09],
        "dvar2": [0.347987502813, 14.840174675, 205.299118042, 528.457946777, 2448.85498047, 461.095947266, 92.8426818848, 120.147750854, 318.053588867, 550.321044922, 567.29284668, 831.313476562, 1796.70910645, 5591.55810547, 2298.49438477, 4851.17480469, 3221.25488281, 3202.02709961, 2252.20361328, 7806.34912109, 1796.10559082, 3204.40991211, 2160.17358398, 954.98425293, 1212.83312988, 785.957092285, 533.219482422, 472.455627441, 339.907226562, 240.189819336, 177.421905518, 79.168838501, 87.1352462769, 48.5758209229, 9.36822509766, 2.00871491432, 0.0773883238435, 0.00247013312764, 3.20794642903e-05, 6.92609569697e-09],
        "max": [4.06429958344, 27.3174228668, 75.2557907104, 135.930374146, 248.379318237, 99.2937774658, 62.479434967, 72.1165313721, 235.961669922, 296.569458008, 281.401916504, 231.681213379, 402.015960693, 780.097473145, 443.928100586, 819.546813965, 1082.85327148, 874.913269043, 418.301452637, 801.847045898, 396.619903564, 507.990478516, 645.374572754, 280.331512451, 257.169616699, 199.847640991, 255.186965942, 182.050872803, 202.949615479, 104.709281921, 77.4169692993, 97.5991363525, 70.382019043, 40.7317886353, 20.901309967, 13.1835699081, 4.19189023972, 0.512600302696, 0.0529701113701, 0.000839796033688],
        "mean": [0.995871841908, 4.59567117691, 6.22787189484, 6.20134019852, 8.29252052307, 5.25202465057, 3.36349081993, 5.90196466446, 14.5773611069, 16.6927776337, 13.1892843246, 18.506105423, 23.3888912201, 39.5915145874, 31.0514144897, 33.5147628784, 33.3752593994, 31.0235481262, 29.610534668, 45.4338798523, 31.7377033234, 38.1428985596, 35.7301025391, 28.4263935089, 28.0820903778, 25.5487995148, 24.6815185547, 21.6219387054, 18.4212360382, 15.438580513, 11.8318357468, 8.92418670654, 6.35721921921, 3.76340174675, 1.68577945232, 0.72148758173, 0.202549412847, 0.0427112840116, 0.00284693296999, 0.000111495268357],
        "median": [0.721626758575, 2.95180463791, 1.70506906509, 1.29897344112, 1.31405639648, 1.67216336727, 1.71543085575, 3.03808617592, 4.98819684982, 8.07496547699, 6.53254413605, 11.2361783981, 13.5075321198, 20.3770637512, 19.9375038147, 19.2145290375, 20.491985321, 19.7165527344, 19.2309513092, 27.1920452118, 21.9233436584, 24.373374939, 23.3799743652, 19.2719135284, 18.7513923645, 17.6287994385, 18.5555305481, 16.041891098, 13.1537532806, 10.6758098602, 7.66180849075, 5.50900602341, 3.68729782104, 1.96720147133, 0.878988623619, 0.344291627407, 0.0996349230409, 0.0168651156127, 0.000638568133581, 9.7734045994e-05],
        "min": [3.27348371803e-22, 1.58056160873e-21, 1.0220259139e-20, 1.87260442868e-20, 9.95681180739e-20, 2.78411132254e-19, 6.01103517445e-19, 3.05039808081e-19, 5.13316855287e-19, 4.02406953642e-19, 1.9953335522e-18, 8.06131347505e-19, 2.7833279308e-18, 3.07006367949e-18, 1.37699019492e-18, 7.07458461159e-18, 7.11797767934e-18, 1.09856988614e-17, 7.78996762845e-18, 5.00932307156e-18, 4.37972861039e-18, 6.30090521388e-18, 7.52060866969e-18, 1.42208841279e-17, 1.49484209095e-17, 1.55430512734e-17, 1.92423469022e-17, 1.59877303358e-17, 2.5485193136e-17, 1.85006669864e-17, 1.20333950719e-17, 1.59872886214e-17, 1.84655151191e-17, 1.27240263633e-17, 9.84429632233e-18, 7.07254147548e-18, 3.62676512393e-18, 1.11505011567e-18, 3.26418756302e-19, 4.39635671138e-20],
        "var": [1.06523764133, 29.5680274963, 126.414726257, 198.612838745, 575.160583496, 120.224533081, 28.1123123169, 59.4723701477, 545.277038574, 514.385131836, 392.448822021, 469.082611084, 973.734924316, 3476.88354492, 1273.85998535, 2654.26782227, 2196.76000977, 1560.31225586, 1109.69824219, 3333.70239258, 1138.51037598, 1882.12902832, 1522.98620605, 795.527587891, 819.054077148, 628.637878418, 616.364501953, 439.068847656, 331.722198486, 250.682891846, 152.173553467, 103.508766174, 61.2561759949, 25.0759563446, 5.12633466721, 1.10242211819, 0.073211401701, 0.00365020753816, 2.85995920422e-05, 9.09204000976e-09]
    },
    "gfcc": {
        "mean": [28.1418552399, 61.6691093445, -118.15687561, 35.9836082458, -50.8396606445, 27.7603549957, -25.3538589478, 16.7983665466, -16.6262779236, 7.38283061981, -13.2251815796, 4.78250312805, -8.96084213257],
        "cov": [[17992.4980469, -3017.6628418, 1589.48803711, 2476.92333984, 452.338165283, 1587.07958984, 15.8539123535, 1147.08544922, -240.659408569, 763.506713867, -246.981338501, 461.769836426, -495.977172852], [-3017.6628418, 2110.8137207, -536.77947998, -583.855834961, -97.8805084229, -560.33782959, 43.5084152222, -399.510406494, 154.398269653, -322.213317871, 158.681533813, -226.885192871, 185.450195312], [1589.48803711, -536.77947998, 1202.10888672, 661.810058594, 406.307250977, 534.622802734, 215.643844604, 355.212341309, 58.9019355774, 229.158676147, -34.1913528442, 123.687980652, -86.3163604736], [2476.92333984, -583.855834961, 661.810058594, 786.990539551, 303.334197998, 507.623565674, 155.934494019, 321.493225098, 36.306476593, 202.987335205, -11.0353145599, 104.711181641, -70.8301696777], [452.338165283, -97.8805084229, 406.307250977, 303.334197998, 281.856079102, 248.631515503, 156.189865112, 156.517379761, 69.7145385742, 96.7946929932, 27.0076770782, 51.7825927734, -10.7739210129], [1587.07958984, -560.33782959, 534.622802734, 507.623565674, 248.631515503, 515.813293457, 169.847442627, 314.295471191, 47.5737991333, 199.901138306, 7.65952682495, 120.621406555, -28.1167926788], [15.8539123535, 43.5084152222, 215.643844604, 155.934494019, 156.189865112, 169.847442627, 188.560546875, 138.787307739, 97.8840637207, 71.569770813, 65.2341690063, 47.3697929382, 37.5461502075], [1147.08544922, -399.510406494, 355.212341309, 321.493225098, 156.517379761, 314.295471191, 138.787307739, 279.261505127, 78.7555618286, 171.412017822, 27.700799942, 106.805862427, -4.79650068283], [-240.659408569, 154.398269653, 58.9019355774, 36.306476593, 69.7145385742, 47.5737991333, 97.8840637207, 78.7555618286, 127.036445618, 58.9233779907, 73.0894088745, 22.2687511444, 50.012512207], [763.506713867, -322.213317871, 229.158676147, 202.987335205, 96.7946929932, 199.901138306, 71.569770813, 171.412017822, 58.9233779907, 167.436050415, 39.9600372314, 88.9560317993, -7.89571714401], [-246.981338501, 158.681533813, -34.1913528442, -11.0353145599, 27.0076770782, 7.65952682495, 65.2341690063, 27.700799942, 73.0894088745, 39.9600372314, 108.328910828, 29.9569454193, 55.5299568176], [461.769836426, -226.885192871, 123.687980652, 104.711181641, 51.7825927734, 120.621406555, 47.3697929382, 106.805862427, 22.2687511444, 88.9560317993, 29.9569454193, 94.8944854736, 15.5602407455], [-495.977172852, 185.450195312, -86.3163604736, -70.8301696777, -10.7739210129, -28.1167926788, 37.5461502075, -4.79650068283, 50.012512207, -7.89571714401, 55.5299568176, 15.5602407455, 87.6932754517]],
        "icov": [[0.000164892539033, -0.000143915152876, 0.00014037519577, -0.000518086773809, 0.000207228687941, 3.49381989508e-05, 0.000386866886402, -0.000710122636519, 0.000485314085381, -0.000128477287944, 1.52474149218e-05, -0.00039948959602, 0.000561723194551], [-0.000143915152876, 0.00198746984825, -0.000494872918352, 0.000439693249064, -0.000467855337774, 0.000545595248695, -0.00100059737451, 0.00220352481119, -0.00289308466017, 0.00254557374865, -0.00197157938965, 0.00240025715902, -0.00178083393257], [0.00014037519577, -0.000494872918352, 0.00254448014311, -0.000929821049795, -0.00175581115764, -0.000267481751507, -9.46259315242e-05, -0.00123470788822, 0.000968933105469, -0.0014126310125, 0.00199673324823, -0.00120704423171, 0.00153548608068], [-0.000518086773809, 0.000439693249064, -0.000929821049795, 0.0060708350502, -0.0025098414626, -0.00281875277869, 0.000412362307543, 0.000273299228866, -0.00077245925786, 0.000683573132847, -0.00119916466065, 0.00251412182115, -0.000430234067608], [0.000207228687941, -0.000467855337774, -0.00175581115764, -0.0025098414626, 0.0127246333286, -0.00223569641821, -0.00597232906148, 0.00364023284055, -0.0026218155399, -4.68847865704e-05, 0.000649287365377, -0.00240896642208, 0.00351602048613], [3.49381989508e-05, 0.000545595248695, -0.000267481751507, -0.00281875277869, -0.00223569641821, 0.0117589617148, -0.00315525149927, -0.00674221664667, 0.00596705172211, -0.00343911442906, 0.00072720926255, 0.00221182056703, -0.00358416652307], [0.000386866886402, -0.00100059737451, -9.46259315242e-05, 0.000412362307543, -0.00597232906148, -0.00315525149927, 0.0219906903803, -0.00936569925398, -0.0044545410201, 0.0072510833852, -0.00610648654401, -0.00163344433531, 0.000220926143811], [-0.000710122636519, 0.00220352481119, -0.00123470788822, 0.000273299228866, 0.00364023284055, -0.00674221664667, -0.00936569925398, 0.0298239309341, -0.013689590618, -0.00526194786653, 0.00563275953755, -0.00575298722833, -0.000956572243012], [0.000485314085381, -0.00289308466017, 0.000968933105469, -0.00077245925786, -0.0026218155399, 0.00596705172211, -0.0044545410201, -0.013689590618, 0.0334156118333, -0.0141522185877, -0.00422135880217, 0.00976726133376, -0.00744920037687], [-0.000128477287944, 0.00254557374865, -0.0014126310125, 0.000683573132847, -4.68847865704e-05, -0.00343911442906, 0.0072510833852, -0.00526194786653, -0.0141522185877, 0.0327052250504, -0.0110522760078, -0.0107391094789, 0.00847099162638], [1.52474149218e-05, -0.00197157938965, 0.00199673324823, -0.00119916466065, 0.000649287365377, 0.00072720926255, -0.00610648654401, 0.00563275953755, -0.00422135880217, -0.0110522760078, 0.0263180322945, -0.00667974958196, -0.00557973235846], [-0.00039948959602, 0.00240025715902, -0.00120704423171, 0.00251412182115, -0.00240896642208, 0.00221182056703, -0.00163344433531, -0.00575298722833, 0.00976726133376, -0.0107391094789, -0.00667974958196, 0.0350285470486, -0.0142178740352], [0.000561723194551, -0.00178083393257, 0.00153548608068, -0.000430234067608, 0.00351602048613, -0.00358416652307, 0.000220926143811, -0.000956572243012, -0.00744920037687, 0.00847099162638, -0.00557973235846, -0.0142178740352, 0.0297133214772]]
    },
    "melbands": {
        "dmean": [0.00207012752071, 0.00182656128891, 0.000948552449699, 0.000523617549334, 9.33078263188e-05, 7.79411784606e-05, 0.000118868840218, 9.58845703281e-05, 7.881950296e-05, 7.7403477917e-05, 7.99623157945e-05, 0.000104771985207, 8.97548015928e-05, 4.60198934888e-05, 7.28389786673e-05, 4.62664029328e-05, 3.71487185475e-05, 3.13095079036e-05, 4.61186173197e-05, 3.24443681166e-05, 1.90988685063e-05, 2.84015677607e-05, 1.70112598425e-05, 1.94140629901e-05, 1.13789965326e-05, 1.10315368147e-05, 1.16466453619e-05, 8.63646982907e-06, 7.81794460636e-06, 6.87983992975e-06, 5.87201157032e-06, 5.22595610164e-06, 4.82875293528e-06, 4.23503206548e-06, 3.72486147171e-06, 2.91992728307e-06, 2.46440981755e-06, 2.52988138527e-06, 2.59844819084e-06, 1.86820636827e-06],
        "dmean2": [0.00278974766843, 0.00235358718783, 0.00142743671313, 0.000927124987356, 0.000163644159329, 0.000124066151329, 0.000172249521711, 0.000146250880789, 0.000123254882055, 0.000127263658214, 0.000130526808789, 0.000173169755726, 0.000147834536619, 7.85630109021e-05, 0.000120148601127, 7.74747531977e-05, 6.32760566077e-05, 5.34305145266e-05, 7.81197813922e-05, 5.60819316888e-05, 3.22515879816e-05, 4.80716917082e-05, 2.82607215922e-05, 3.22633495671e-05, 1.87987243407e-05, 1.87932455447e-05, 1.92567076738e-05, 1.42168873936e-05, 1.26637469293e-05, 1.09241236714e-05, 9.44891689869e-06, 8.50826563692e-06, 7.57568386689e-06, 6.69405972076e-06, 6.10891220276e-06, 4.7009230002e-06, 3.94445532947e-06, 4.17004685005e-06, 4.35998526882e-06, 3.12265456159e-06],
        "dvar": [1.27048424474e-05, 1.38866907946e-05, 6.06168850936e-06, 2.7519354262e-06, 4.96250045501e-08, 2.19672422475e-08, 3.78905298248e-08, 2.27230216865e-08, 2.08694341808e-08, 1.46181280414e-08, 2.02915000358e-08, 3.28295257646e-08, 1.96973459765e-08, 5.83858428271e-09, 2.56960408507e-08, 5.19331155857e-09, 4.28275770403e-09, 2.73944178453e-09, 4.87676654615e-09, 3.78222031472e-09, 9.03452979095e-10, 1.91256810389e-09, 7.03326008544e-10, 1.1939195188e-09, 2.60700960819e-10, 2.49287007703e-10, 2.75289596674e-10, 1.59869464889e-10, 1.25101165538e-10, 7.95212576343e-11, 6.97787314041e-11, 5.46744004237e-11, 4.90746852877e-11, 3.552292141e-11, 3.33395568097e-11, 1.68224635611e-11, 1.27468166231e-11, 1.70825593254e-11, 2.62752736235e-11, 1.14579864693e-11],
        "dvar2": [1.92943898583e-05, 2.40251829382e-05, 1.36541748361e-05, 7.63029129303e-06, 1.43300809441e-07, 5.76399656893e-08, 7.14669496915e-08, 5.16616829316e-08, 4.85342042111e-08, 3.76834066174e-08, 5.21774907725e-08, 8.40345961706e-08, 5.09581710162e-08, 1.5946309162e-08, 6.16752160454e-08, 1.33115491963e-08, 1.16336282829e-08, 7.39772465508e-09, 1.33305526617e-08, 1.06171480496e-08, 2.43121145438e-09, 5.20737897247e-09, 1.78189396571e-09, 3.1922202659e-09, 6.77186695608e-10, 6.64653831972e-10, 7.19429626983e-10, 4.08132333485e-10, 3.18618409434e-10, 1.95011992665e-10, 1.72751507543e-10, 1.30584432156e-10, 1.13607984131e-10, 8.16485559718e-11, 8.29850632655e-11, 4.03840572094e-11, 3.04433041276e-11, 4.23992993492e-11, 6.80868139646e-11, 2.9091307488e-11],
        "max": [0.0288640595973, 0.0324457921088, 0.0220588333905, 0.0139883058146, 0.00238259509206, 0.00156354194041, 0.00310601433739, 0.00261935289018, 0.00296240462922, 0.00204855878837, 0.00219016079791, 0.00295169185847, 0.0020680911839, 0.00114725460298, 0.0031398688443, 0.00146448297892, 0.00157313211821, 0.00074972276343, 0.000852159340866, 0.000765134464018, 0.000442719669081, 0.000716240319889, 0.000318678154144, 0.00103272171691, 0.000240012625, 0.000213429579162, 0.000202832758077, 0.000149149404024, 0.000233572907746, 0.000111095221655, 0.000134968940984, 0.000101541663753, 0.000127872350276, 7.090390136e-05, 5.68356445001e-05, 5.39620923519e-05, 5.66966773476e-05, 6.46641638014e-05, 6.36871191091e-05, 3.1253661291e-05],
        "mean": [0.00782503001392, 0.00424876250327, 0.00118775083683, 0.000508091121446, 0.000127591833007, 0.000141072639963, 0.000233223297982, 0.000155392976012, 0.000119578762678, 0.000124082245748, 0.000117276751553, 0.000155962785357, 0.00013315405522, 6.8360757723e-05, 0.000102977355709, 7.02252800693e-05, 5.52240744582e-05, 4.4482483645e-05, 6.69068540446e-05, 4.71594285045e-05, 3.36496741511e-05, 4.29807041655e-05, 2.85818441625e-05, 3.29326867359e-05, 2.15793170355e-05, 1.97270364879e-05, 2.06957702176e-05, 1.58925595315e-05, 1.59550345415e-05, 1.38435734698e-05, 1.17036397569e-05, 1.05007275124e-05, 9.57024985837e-06, 8.24002654554e-06, 6.88557202011e-06, 6.17587602392e-06, 5.10224163008e-06, 4.53989468951e-06, 3.99014334107e-06, 2.90274942927e-06],
        "median": [0.00573102710769, 0.00308953295462, 0.000220306581468, 0.000117201714602, 6.44997926429e-05, 7.14148845873e-05, 9.06699351617e-05, 7.34435016057e-05, 5.24104762007e-05, 7.47613594285e-05, 6.21922445134e-05, 7.86200180301e-05, 7.79027905082e-05, 3.94241324102e-05, 4.75319720863e-05, 3.92685724364e-05, 3.24805623677e-05, 2.58108502749e-05, 3.9346057747e-05, 2.8299895348e-05, 2.16159878619e-05, 2.47513689828e-05, 1.85796543519e-05, 1.93568976101e-05, 1.42886210597e-05, 1.32339309857e-05, 1.30286189233e-05, 1.06129973574e-05, 1.12350217023e-05, 1.02359354059e-05, 8.7024336608e-06, 7.43197415431e-06, 6.53490496916e-06, 5.41839790458e-06, 4.35052379544e-06, 3.8980683712e-06, 3.03330239149e-06, 2.61097466137e-06, 2.0594666239e-06, 1.50276196109e-06],
        "min": [2.92628504994e-24, 4.31084480141e-24, 5.42675718275e-24, 1.19319455986e-23, 2.19195052604e-23, 7.68850265069e-24, 7.81396230019e-24, 5.18105540976e-24, 1.58279213502e-23, 5.21556649664e-24, 1.40670307708e-23, 1.29861225144e-23, 2.91025618521e-24, 1.40341952245e-23, 1.55122775917e-23, 2.12751605175e-23, 1.83376160559e-23, 1.2907587467e-23, 6.82107041045e-24, 6.69538672444e-24, 4.83712743787e-24, 6.22827062803e-24, 6.75074740505e-24, 7.53053483214e-24, 1.215473254e-23, 9.26143607543e-24, 1.25713118403e-23, 9.45146399003e-24, 1.30437803579e-23, 7.88628506798e-24, 9.69511866897e-24, 1.4422892236e-23, 1.2473935639e-23, 1.04873227667e-23, 6.51852450392e-24, 7.31949324075e-24, 1.07396604376e-23, 1.35005008454e-23, 1.21688137072e-23, 1.01372176195e-23],
        "var": [6.0045189457e-05, 3.15704237437e-05, 6.58436238155e-06, 1.81560187684e-06, 3.98592732154e-08, 3.36308865201e-08, 1.13680208358e-07, 4.44666099497e-08, 3.94107999568e-08, 2.13083559686e-08, 2.84171299825e-08, 5.17935490052e-08, 2.8933767382e-08, 7.71312436143e-09, 3.67365231568e-08, 8.33294233615e-09, 5.23011900455e-09, 3.33064886782e-09, 6.34826191614e-09, 3.83506959523e-09, 1.53025614402e-09, 2.88839996365e-09, 1.16154286189e-09, 1.82213288902e-09, 4.98854679787e-10, 4.0317713057e-10, 5.07299091623e-10, 2.73563921516e-10, 3.26729254763e-10, 1.801780114e-10, 1.38024480734e-10, 1.11858876328e-10, 1.02462600904e-10, 7.69105057419e-11, 5.59820557966e-11, 4.50799328422e-11, 3.62135772758e-11, 3.11612749493e-11, 3.24603365021e-11, 1.48414145557e-11]
    },
    "mfcc": {
        "mean": [-606.941467285, 89.8393936157, -1.38404202461, 16.1206455231, 4.73502206802, 12.7611885071, 7.43078660965, 11.2911663055, 7.43154478073, 6.6327252388, 3.04929280281, 4.45133972168, 3.36222028732],
        "cov": [[10563.3515625, -1882.23400879, 628.822692871, 1079.94396973, 701.515625, 802.936950684, 561.232055664, 517.735229492, 358.805145264, 344.001495361, 271.182830811, 264.256469727, 168.36857605], [-1882.23400879, 1479.76696777, -213.400939941, -242.357772827, -177.329483032, -233.263656616, -176.167861938, -138.055297852, -106.076057434, -95.5768508911, -80.5614624023, -83.8510665894, -48.0219306946], [628.822692871, -213.400939941, 699.027770996, 272.562866211, 291.142364502, 244.82131958, 218.706726074, 180.01914978, 168.114364624, 133.528701782, 110.105628967, 87.7694702148, 69.5103607178], [1079.94396973, -242.357772827, 272.562866211, 361.850708008, 218.905212402, 224.43850708, 164.732284546, 152.719818115, 122.458885193, 113.684188843, 89.5598983765, 84.6031494141, 56.3755569458], [701.515625, -177.329483032, 291.142364502, 218.905212402, 242.630233765, 200.094451904, 160.838180542, 131.698806763, 115.792144775, 96.4009933472, 83.6923217773, 72.958442688, 51.2143135071], [802.936950684, -233.263656616, 244.82131958, 224.43850708, 200.094451904, 252.453079224, 184.727478027, 154.036300659, 123.931304932, 102.634368896, 89.7245941162, 83.5949859619, 58.3036346436], [561.232055664, -176.167861938, 218.706726074, 164.732284546, 160.838180542, 184.727478027, 198.926132202, 152.499221802, 119.329345703, 95.3274230957, 87.7817687988, 82.02684021, 59.289642334], [517.735229492, -138.055297852, 180.01914978, 152.719818115, 131.698806763, 154.036300659, 152.499221802, 167.581832886, 124.859962463, 92.8063964844, 78.5971298218, 72.0381393433, 57.2414093018], [358.805145264, -106.076057434, 168.114364624, 122.458885193, 115.792144775, 123.931304932, 119.329345703, 124.859962463, 140.389022827, 101.193603516, 74.7238922119, 64.6139831543, 55.4862785339], [344.001495361, -95.5768508911, 133.528701782, 113.684188843, 96.4009933472, 102.634368896, 95.3274230957, 92.8063964844, 101.193603516, 114.442863464, 80.7587661743, 63.506603241, 50.9932098389], [271.182830811, -80.5614624023, 110.105628967, 89.5598983765, 83.6923217773, 89.7245941162, 87.7817687988, 78.5971298218, 74.7238922119, 80.7587661743, 99.7792816162, 76.6013259888, 50.0301513672], [264.256469727, -83.8510665894, 87.7694702148, 84.6031494141, 72.958442688, 83.5949859619, 82.02684021, 72.0381393433, 64.6139831543, 63.506603241, 76.6013259888, 98.128692627, 60.6470603943], [168.36857605, -48.0219306946, 69.5103607178, 56.3755569458, 51.2143135071, 58.3036346436, 59.289642334, 57.2414093018, 55.4862785339, 50.9932098389, 50.0301513672, 60.6470603943, 77.4025802612]],
