{
"lowlevel": {
    "average_loudness": 0.945647776127,
    "barkbands_crest": {
        "dmean": 2.59496259689,
        "dmean2": 3.98750376701,
        "dvar": 8.82403659821,
        "dvar2": 19.8329124451,
        "max": 26.5806446075,
        "mean": 11.5568475723,
        "median": 10.0582790375,
        "min": 1.9292447567,
        "var": 35.880279541
    },
    "barkbands_flatness_db": {
        "dmean": 0.0183634888381,
        "dmean2": 0.0271797087044,
        "dvar": 0.000410077220295,
        "dvar2": 0.000821689376608,
        "max": 0.458005100489,
        "mean": 0.116649568081,
        "median": 0.0970975235105,
        "min": 0.0155119588599,
        "var": 0.00612568529323
    },
    "barkbands_kurtosis": {
        "dmean": 3.56864070892,
        "dmean2": 5.50109767914,
        "dvar": 263.043029785,
        "dvar2": 694.95880127,
        "max": 894.279174805,
        "mean": 5.36456441879,
        "median": 1.2293753624,
        "min": -1.87015008926,
        "var": 455.771942139
    },
    "barkbands_skewness": {
        "dmean": 0.537208676338,
        "dmean2": 0.795566320419,
        "dvar": 0.516268193722,
        "dvar2": 1.18938779831,
        "max": 25.8124732971,
        "mean": 1.63828408718,
        "median": 1.40912497044,
        "min": -2.78502368927,
        "var": 2.49232649803
    },
    "barkbands_spread": {
        "dmean": 8.44902515411,
        "dmean2": 12.2119274139,
        "dvar": 110.171234131,
        "dvar2": 221.025650024,
        "max": 107.732299805,
        "mean": 35.6965446472,
        "median": 32.1346054077,
        "min": 0.169362545013,
        "var": 409.484375
    },
    "dissonance": {
        "dmean": 0.0129609368742,
        "dmean2": 0.0216546244919,
        "dvar": 0.00021328945877,
        "dvar2": 0.000591058225837,
        "max": 0.499942004681,
        "mean": 0.471706539392,
        "median": 0.476048320532,
        "min": 0.103239029646,
        "var": 0.000466657831566
    },
    "dynamic_complexity": 1.91144013405,
    "erbbands_crest": {
        "dmean": 1.98298978806,
        "dmean2": 3.19214725494,
        "dvar": 3.64488077164,
        "dvar2": 9.02363109589,
        "max": 29.2125644684,
        "mean": 6.67654848099,
        "median": 5.8475856781,
        "min": 1.94186615944,
        "var": 11.5763578415
    },
    "erbbands_flatness_db": {
        "dmean": 0.0102411052212,
        "dmean2": 0.015568273142,
        "dvar": 0.000114939553896,
        "dvar2": 0.000239319473621,
        "max": 0.484271556139,
        "mean": 0.115855626762,
        "median": 0.085479311645,
        "min": 0.0364972688258,
        "var": 0.00700892880559
    },
    "erbbands_kurtosis": {
        "dmean": 0.543377637863,
        "dmean2": 0.866986751556,
        "dvar": 0.974689781666,
        "dvar2": 2.46656513214,
        "max": 34.8589172363,
        "mean": -0.144911363721,
        "median": -0.449290037155,
        "min": -1.63111078739,
        "var": 1.97795474529
    },
    "erbbands_skewness": {
        "dmean": 0.273640185595,
        "dmean2": 0.419592767954,
        "dvar": 0.0597804449499,
        "dvar2": 0.146514117718,
        "max": 4.31187105179,
        "mean": 0.0910432562232,
        "median": 0.123333543539,
        "min": -5.09343290329,
        "var": 0.3344822824
    },
    "erbbands_spread": {
        "dmean": 7.61519002914,
        "dmean2": 11.7437019348,
        "dvar": 50.5915641785,
        "dvar2": 109.508071899,
        "max": 111.223922729,
        "mean": 50.8260955811,
        "median": 50.6950378418,
        "min": 2.32129478455,
        "var": 425.003875732
    },
    "hfc": {
        "dmean": 20.5434379578,
        "dmean2": 28.7534389496,
        "dvar": 1180.09521484,
        "dvar2": 2649.46704102,
        "max": 427.131164551,
        "mean": 60.283744812,
        "median": 42.1442565918,
        "min": 1.14378326409e-16,
        "var": 2888.35302734
    },
    "melbands_crest": {
        "dmean": 3.30390262604,
        "dmean2": 4.92365312576,
        "dvar": 12.1897468567,
        "dvar2": 26.2727794647,
        "max": 37.0884437561,
        "mean": 17.3740673065,
        "median": 17.2362308502,
        "min": 1.69981837273,
        "var": 55.7934608459
    },
    "melbands_flatness_db": {
        "dmean": 0.0243478436023,
        "dmean2": 0.0351420864463,
        "dvar": 0.000769969250541,
        "dvar2": 0.00162013538647,
        "max": 0.604586422443,
        "mean": 0.192665413022,
        "median": 0.179934576154,
        "min": 0.00573580758646,
        "var": 0.00906684622169
    },
    "melbands_kurtosis": {
        "dmean": 8.21742630005,
        "dmean2": 12.6587076187,
        "dvar": 221.843704224,
        "dvar2": 466.921325684,
        "max": 552.311523438,
        "mean": 19.9334392548,
        "median": 10.4659166336,
        "min": -1.92764234543,
        "var": 820.130981445
    },
    "melbands_skewness": {
        "dmean": 0.725582301617,
        "dmean2": 1.10060334206,
        "dvar": 0.659585654736,
        "dvar2": 1.42283058167,
        "max": 19.9157161713,
        "mean": 3.29144358635,
        "median": 2.92225790024,
        "min": -1.15459275246,
        "var": 4.19410514832
    },
    "melbands_spread": {
        "dmean": 8.22291374207,
        "dmean2": 12.763458252,
        "dvar": 149.887405396,
        "dvar2": 372.429779053,
        "max": 192.179626465,
        "mean": 27.6986045837,
        "median": 22.4352226257,
        "min": 0.310672491789,
        "var": 448.308624268
    },
    "pitch_salience": {
        "dmean": 0.0732426419854,
        "dmean2": 0.112507723272,
        "dvar": 0.00662955129519,
        "dvar2": 0.0135879386216,
        "max": 0.842376768589,
        "mean": 0.497294306755,
        "median": 0.521978139877,
        "min": 0.048835363239,
        "var": 0.0256052371114
    },
    "silence_rate_20dB": {
        "dmean": 0,
        "dmean2": 0,
        "dvar": 0,
        "dvar2": 0,
        "max": 1,
        "mean": 1,
        "median": 1,
        "min": 1,
        "var": 0
    },
    "silence_rate_30dB": {
        "dmean": 0.0357142873108,
        "dmean2": 0.0714384615421,
        "dvar": 0.0344410389662,
        "dvar2": 0.0862703248858,
        "max": 1,
        "mean": 0.957370221615,
        "median": 1,
        "min": 0,
        "var": 0.0408130288124
    },
    "silence_rate_60dB": {
        "dmean": 0.00276854936965,
        "dmean2": 0.00553786521778,
        "dvar": 0.00276085501537,
        "dvar2": 0.0068915784359,
        "max": 1,
        "mean": 0.0200692042708,
        "median": 0,
        "min": 0,
        "var": 0.0196662954986
    },
    "spectral_centroid": {
        "dmean": 250.028274536,
        "dmean2": 382.58895874,
        "dvar": 65904.8984375,
        "dvar2": 145091.46875,
        "max": 11477.1416016,
        "mean": 1670.23364258,
        "median": 1624.77648926,
        "min": 138.460754395,
        "var": 518362.9375
    },
    "spectral_complexity": {
        "dmean": 4.45764112473,
        "dmean2": 7.16765880585,
        "dvar": 19.1375541687,
        "dvar2": 43.2082061768,
        "max": 65,
        "mean": 29.7514190674,
        "median": 30,
        "min": 0,
        "var": 127.464775085
    },
    "spectral_decrease": {
        "dmean": 3.0310212118e-09,
        "dmean2": 4.67165239826e-09,
        "dvar": 1.42046680792e-17,
        "dvar2": 3.1521199549e-17,
        "max": 7.94035216943e-29,
        "mean": -1.27020607366e-08,
        "median": -1.08873159377e-08,
        "min": -4.67882799171e-08,
        "var": 6.18842403613e-17
    },
    "spectral_energy": {
        "dmean": 0.011901258491,
        "dmean2": 0.0183765236288,
        "dvar": 0.000206469747354,
        "dvar2": 0.000460686773295,
        "max": 0.181361243129,
        "mean": 0.0534083992243,
        "median": 0.0479056574404,
        "min": 1.05673656113e-20,
        "var": 0.000962043181062
    },
    "spectral_energyband_high": {
        "dmean": 0.00195710244589,
        "dmean2": 0.00270366296172,
        "dvar": 1.26810746224e-05,
        "dvar2": 2.85443020402e-05,
        "max": 0.0464135594666,
        "mean": 0.0046742670238,
        "median": 0.00256598880515,
        "min": 7.59762646132e-21,
        "var": 3.16027071676e-05
    },
    "spectral_energyband_low": {
        "dmean": 0.0100469142199,
        "dmean2": 0.0150566352531,
        "dvar": 0.000218170724111,
        "dvar2": 0.000455055618659,
        "max": 0.149098783731,
        "mean": 0.0307094343007,
        "median": 0.0187497828156,
        "min": 1.70456890851e-23,
        "var": 0.000868501258083
    },
    "spectral_energyband_middle_high": {
        "dmean": 0.00220531504601,
        "dmean2": 0.00360919116065,
        "dvar": 6.76061654303e-06,
        "dvar2": 1.73147054738e-05,
        "max": 0.0617535598576,
        "mean": 0.00702788028866,
        "median": 0.00613699108362,
        "min": 1.43898740526e-21,
        "var": 2.06863751373e-05
    },
    "spectral_energyband_middle_low": {
        "dmean": 0.00411177100614,
        "dmean2": 0.00636688806117,
        "dvar": 3.27776688209e-05,
        "dvar2": 8.10159181128e-05,
        "max": 0.0735246017575,
        "mean": 0.012007846497,
        "median": 0.0104553811252,
        "min": 3.09659409248e-22,
        "var": 7.15612477507e-05
    },
    "spectral_entropy": {
        "dmean": 0.111872136593,
        "dmean2": 0.164415061474,
        "dvar": 0.0140580674633,
        "dvar2": 0.0300343092531,
        "max": 9.81919288635,
        "mean": 7.98348331451,
        "median": 8.13909244537,
        "min": 5.33324098587,
        "var": 0.351398080587
    },
    "spectral_flux": {
        "dmean": 0.0281759109348,
        "dmean2": 0.0447036921978,
        "dvar": 0.00102933484595,
        "dvar2": 0.00221645389684,
        "max": 0.332862496376,
        "mean": 0.103876948357,
        "median": 0.0917908400297,
        "min": 6.73209682445e-11,
        "var": 0.00258855614811
    },
    "spectral_kurtosis": {
        "dmean": 3.13657140732,
        "dmean2": 5.47777986526,
        "dvar": 117.190475464,
        "dvar2": 370.110473633,
        "max": 201.058151245,
        "mean": 6.77832269669,
        "median": 2.47987174988,
        "min": -1.24571979046,
        "var": 303.8175354
    },
    "spectral_rms": {
        "dmean": 0.000795043539256,
        "dmean2": 0.00121665431652,
        "dvar": 7.76887418397e-07,
        "dvar2": 1.70818202605e-06,
        "max": 0.0133017972112,
        "mean": 0.00683948025107,
        "median": 0.00683646323159,
        "min": 3.21086039701e-12,
        "var": 5.3272774494e-06
    },
    "spectral_rolloff": {
        "dmean": 1072.23864746,
        "dmean2": 1689.58190918,
        "dvar": 3761380.75,
        "dvar2": 8043305.5,
        "max": 18755.4199219,
        "mean": 2328.71484375,
        "median": 1313.52539062,
        "min": 64.599609375,
        "var": 7101560
    },
    "spectral_skewness": {
        "dmean": 0.271854937077,
        "dmean2": 0.455694496632,
        "dvar": 0.359363853931,
        "dvar2": 1.14361929893,
        "max": 11.2108697891,
        "mean": 1.56557571888,
        "median": 1.37051582336,
        "min": -0.0387456677854,
        "var": 1.06172513962
    },
    "spectral_spread": {
        "dmean": 569535.25,
        "dmean2": 855083.8125,
        "dvar": 538715619328,
        "dvar2": 994756198400,
        "max": 41487468,
        "mean": 6524895.5,
        "median": 6837045,
        "min": 355304.5625,
        "var": 7.2639357911e+12
    },
    "spectral_strongpeak": {
        "dmean": 0.358328849077,
        "dmean2": 0.590683102608,
        "dvar": 0.426312476397,
        "dvar2": 1.07898271084,
        "max": 16.0370826721,
        "mean": 0.767439424992,
        "median": 0.55860555172,
        "min": 0,
        "var": 0.730810701847
    },
    "zerocrossingrate": {
        "dmean": 0.0184101089835,
        "dmean2": 0.0213985219598,
        "dvar": 0.000500489783008,
        "dvar2": 0.000637294375338,
        "max": 0.64306640625,
        "mean": 0.0934468284249,
        "median": 0.08349609375,
        "min": 0.001953125,
        "var": 0.00329526839778
    },
    "barkbands": {
        "dmean": [0.000532487756573, 0.00808594934642, 0.0041296328418, 0.0013445786899, 0.00174961308949, 0.00106227875222, 0.000816570362076, 0.000729882856831, 0.00117173185572, 0.000570854987018, 0.000626511289738, 0.000532826932613, 0.000667571206577, 0.000411197484937, 0.000288427603664, 0.000287396687781, 0.000262518035015, 0.000203154995688, 0.00020855643379, 0.000233390572248, 0.000210638871067, 0.000265726092039, 0.000346935907146, 0.000470512371976, 0.000451223691925, 0.000323218962876, 9.85546648735e-05],
        "dmean2": [0.000851171149407, 0.0111667355523, 0.00614994950593, 0.00213118852116, 0.00270306365564, 0.00169173686299, 0.00125626381487, 0.00112572871149, 0.00176297943108, 0.00091476860689, 0.00102893775329, 0.000906517729163, 0.0011353881564, 0.000696362520102, 0.00049670523731, 0.000477595545817, 0.000447166035883, 0.000341842212947, 0.000350154441549, 0.000385941792047, 0.000349011766957, 0.000409076135838, 0.000533522572368, 0.0006732486072, 0.000640369195025, 0.000449277460575, 0.000140946984175],
        "dvar": [1.94219296645e-06, 0.000147155325976, 0.000105783139588, 1.11491017378e-05, 1.08247704702e-05, 2.47978528023e-06, 1.34970184718e-06, 1.16705518849e-06, 3.14455678563e-06, 9.4374706805e-07, 1.22943970382e-06, 1.60307968144e-06, 1.08648430341e-06, 3.51729170234e-07, 1.62120088021e-07, 1.75211866349e-07, 2.39034960714e-07, 1.05351432467e-07, 1.23509849459e-07, 1.05174287057e-07, 1.53989859086e-07, 1.66050071471e-07, 4.16125345737e-07, 9.35713501349e-07, 8.19911576855e-07, 3.52970346285e-07, 3.97378556727e-08],
        "dvar2": [3.92121683035e-06, 0.000260465836618, 0.000246392330155, 2.9543236451e-05, 2.87073089567e-05, 6.36903132545e-06, 3.25955375047e-06, 2.47510615736e-06, 6.61178137307e-06, 2.07228595173e-06, 2.91335027214e-06, 4.08057712775e-06, 2.99174234897e-06, 9.5609834716e-07, 4.6565483558e-07, 4.72851070299e-07, 6.74289367453e-07, 2.88383148472e-07, 3.56838171456e-07, 2.8052829748e-07, 4.48557273103e-07, 3.90699511854e-07, 9.80735194389e-07, 2.09525546779e-06, 1.90484490759e-06, 7.63853279295e-07, 7.84513005669e-08],
        "max": [0.0240585580468, 0.143410652876, 0.105388641357, 0.0484259948134, 0.0438512712717, 0.0234763491899, 0.0187775101513, 0.0495144687593, 0.0514341965318, 0.0233995039016, 0.0336879789829, 0.057847533375, 0.0210993755609, 0.0139535106719, 0.00825446192175, 0.00972175132483, 0.0183378718793, 0.00755805009976, 0.00770181696862, 0.00514480657876, 0.0102066472173, 0.00566661963239, 0.00717768911272, 0.0182066895068, 0.0134449796751, 0.00552318990231, 0.00356163526885],
        "mean": [0.00123910896946, 0.0228804331273, 0.00563825992867, 0.00189773575403, 0.00298608280718, 0.00177663995419, 0.00152264966164, 0.00137107621413, 0.00228847004473, 0.000888232141733, 0.000979374861345, 0.000807651202194, 0.00103781500366, 0.000737228430808, 0.000532161153387, 0.000559715612326, 0.000482629489852, 0.000428394239862, 0.000452073611086, 0.000512260652613, 0.000514690123964, 0.000594816228841, 0.000643542269245, 0.000876973965205, 0.000841259083245, 0.000687080842908, 0.000232133475947],
        "median": [0.000103810765722, 0.00807619839907, 0.00205693976022, 0.000476251996588, 0.00176526256837, 0.00111793389078, 0.000868968490977, 0.000723696954083, 0.0012720777886, 0.000490575330332, 0.000598590413574, 0.000472742016427, 0.000654971576296, 0.000536144245416, 0.00037972338032, 0.000392374349758, 0.000336424243869, 0.000289722782327, 0.000304010609398, 0.000355874246452, 0.00030389422318, 0.000333733827574, 0.000299574894598, 0.000317652622471, 0.000323071551975, 0.000380289682653, 0.000117887480883],
        "min": [9.48590565715e-24, 8.06649718634e-24, 4.13960558142e-24, 6.15025977868e-24, 3.36456023389e-23, 1.81556526663e-23, 2.22543893364e-23, 1.99416085122e-23, 3.04744382979e-23, 3.31850779642e-23, 5.0983935154e-23, 4.62196223387e-23, 5.47300462663e-23, 7.14775759059e-23, 9.10117535378e-23, 1.08931416887e-22, 1.019906463e-22, 1.42882311551e-22, 2.33767784235e-22, 2.680322164e-22, 3.30598024349e-22, 4.18238577653e-22, 4.95913962323e-22, 6.82022229031e-22, 1.10953213113e-21, 1.20840242865e-21, 2.32764767158e-21],
        "var": [9.20458569453e-06, 0.000678508426063, 0.000118456868222, 1.30402950163e-05, 1.36298058351e-05, 4.79041136714e-06, 3.19738023791e-06, 4.48825949206e-06, 9.07355024538e-06, 1.79598782779e-06, 2.04804337045e-06, 2.36540904552e-06, 1.48742208239e-06, 6.09124867879e-07, 2.98664446063e-07, 3.80804436872e-07, 4.07364865396e-07, 2.82819684116e-07, 2.95238095305e-07, 3.10057373554e-07, 5.60407102057e-07, 4.72798092233e-07, 7.66922312323e-07, 2.08775145438e-06, 1.62906587775e-06, 7.89382283983e-07, 1.51378202418e-07]
    },
    "erbbands": {
        "dmean": [0.276317685843, 1.74734306335, 4.42363977432, 4.0531244278, 4.84548425674, 6.5417470932, 6.51182079315, 8.51332187653, 10.0607671738, 16.3376522064, 17.1798229218, 25.6458835602, 16.8222122192, 17.0179214478, 23.7611732483, 23.4528503418, 29.3369350433, 18.2789554596, 18.0724468231, 16.347234726, 12.4255113602, 14.9714536667, 11.5035657883, 10.3729286194, 9.68177032471, 11.6123161316, 10.4615077972, 7.51556777954, 9.52031421661, 9.16981220245, 10.5236387253, 8.01692390442, 8.78394412994, 5.21647882462, 3.60857844353, 1.48346436024, 0.583175957203, 0.186199501157, 0.0154371568933, 0.000234743769397],
        "dmean2": [0.382430881262, 2.32575535774, 6.39394378662, 6.07619094849, 7.11424160004, 10.5292634964, 10.7828063965, 13.51745224, 14.9941368103, 25.9386711121, 25.5140781403, 38.3449363708, 27.4259033203, 27.3374118805, 39.2546691895, 39.7579460144, 49.805606842, 31.0571136475, 30.9528026581, 27.1812896729, 20.7274055481, 25.6825027466, 19.3384513855, 17.4159221649, 16.1602039337, 19.2323417664, 17.1011714935, 12.327044487, 14.9495697021, 14.1660518646, 16.0577468872, 11.713809967, 12.9553585052, 7.87143659592, 5.09718179703, 2.09445714951, 0.824195921421, 0.268399804831, 0.0210295151919, 0.000317841477226],
        "dvar": [0.227274462581, 6.7986240387, 107.163093567, 92.6792297363, 78.5495300293, 185.313796997, 103.079841614, 177.968795776, 235.093444824, 675.981933594, 643.032409668, 1952.5168457, 708.636291504, 589.717346191, 1972.40039062, 2171.47607422, 2409.5769043, 787.660339355, 817.636535645, 567.512756348, 354.609069824, 784.163574219, 355.106933594, 246.727279663, 239.598739624, 271.321350098, 513.503967285, 116.384643555, 222.882339478, 232.31350708, 376.389190674, 266.889648438, 356.257202148, 112.95375824, 51.1507644653, 7.8327422142, 1.13641488552, 0.107827685773, 0.00111507775728, 2.13526391235e-07],
        "dvar2": [0.375923901796, 12.1496124268, 240.437271118, 226.940185547, 180.014328003, 512.20300293, 286.521087646, 430.49130249, 500.715881348, 1621.54467773, 1281.86584473, 3932.21582031, 1775.14416504, 1362.6776123, 4727.99853516, 5639.65234375, 6601.38183594, 2169.98266602, 2211.96166992, 1549.16491699, 963.285339355, 2213.47314453, 965.699645996, 699.073059082, 692.863342285, 715.543762207, 1519.24975586, 305.292510986, 545.145874023, 561.785705566, 831.998657227, 595.344360352, 859.979431152, 270.429107666, 115.390625, 17.4348926544, 2.47329235077, 0.221052750945, 0.00206322129816, 3.89423490788e-07],
        "max": [7.13103532791, 31.1285591125, 100.718826294, 168.709991455, 148.497497559, 167.865402222, 128.354949951, 233.699371338, 285.933502197, 576.809204102, 1155.28405762, 1366.92553711, 497.223571777, 469.226074219, 1425.63391113, 2147.07519531, 1097.64160156, 699.28527832, 1066.80432129, 651.306030273, 470.388031006, 1069.82653809, 474.87878418, 375.354766846, 290.34588623, 284.147674561, 661.705383301, 272.320983887, 205.56703186, 204.49760437, 197.876022339, 410.76473999, 268.426239014, 164.116851807, 102.504821777, 29.1145019531, 10.8015928268, 5.12715482712, 0.599123597145, 0.00805582106113],
        "mean": [0.822879016399, 4.45897722244, 7.12508916855, 6.34696865082, 8.68472671509, 10.2591762543, 10.486328125, 14.6647138596, 19.2598400116, 29.8483734131, 36.1702613831, 50.0129699707, 29.4046535492, 30.2133274078, 39.6800041199, 37.8031196594, 47.0800552368, 34.7651519775, 33.3658447266, 33.3083496094, 26.0086956024, 28.337556839, 24.5396461487, 22.9964351654, 22.483423233, 25.3616256714, 23.9850578308, 18.4060821533, 20.7366752625, 19.3576812744, 19.0295200348, 16.6074752808, 14.7413396835, 9.53002357483, 6.25130605698, 2.84257316589, 1.23928463459, 0.444034993649, 0.0344471409917, 0.000590184063185],
        "median": [0.202645614743, 1.66053187847, 3.21491980553, 3.01922035217, 3.90736150742, 5.68105316162, 6.89797735214, 9.02519989014, 10.1364765167, 16.3553371429, 21.593044281, 24.0845890045, 19.4503002167, 20.6063480377, 25.0779933929, 25.2227325439, 30.359872818, 25.2635955811, 23.4428539276, 23.4287586212, 18.5316619873, 19.9130764008, 16.58710289, 15.6752462387, 15.6906776428, 17.5928249359, 13.073392868, 12.4035596848, 11.9532032013, 9.80505084991, 8.68369293213, 6.74755239487, 5.10442733765, 3.614569664, 2.24330091476, 1.29570734501, 0.69348013401, 0.277397662401, 0.0139041142538, 0.000311245647026],
        "min": [2.50909087995e-22, 1.70448138281e-21, 5.56987760407e-21, 2.3271341976e-20, 6.4299702307e-20, 7.99216544099e-20, 9.21967949804e-20, 1.63239079105e-19, 2.24561700226e-19, 3.39641109147e-19, 4.62273297445e-19, 6.19019887621e-19, 1.45576787793e-18, 1.03036491552e-18, 2.25857840547e-18, 1.61541745847e-18, 2.3462980143e-18, 3.55492407414e-18, 3.68443326111e-18, 5.60374788104e-18, 6.69324235508e-18, 6.67116283658e-18, 7.14064077377e-18, 9.17391027643e-18, 1.4741010334e-17, 1.30949614469e-17, 1.399320101e-17, 1.39249883879e-17, 1.33395273212e-17, 1.48692034766e-17, 1.33215584767e-17, 1.14835408217e-17, 1.02197858624e-17, 8.16754662676e-18, 1.01769271533e-17, 4.31648527588e-18, 2.53503912339e-18, 1.04845432154e-18, 3.41219938442e-19, 3.55451270688e-20],
        "var": [1.19341731071, 28.4494075775, 147.039779663, 103.665893555, 151.863143921, 191.901184082, 137.53036499, 369.205963135, 665.456665039, 1605.69555664, 2563.62573242, 5892.67871094, 1217.98962402, 1139.26464844, 3421.05957031, 3170.01464844, 3152.64916992, 1345.99902344, 1417.5612793, 1300.90722656, 757.975708008, 1342.13427734, 960.73260498, 747.785522461, 654.580566406, 767.20111084, 1731.11523438, 460.112091064, 584.729614258, 591.291503906, 680.826599121, 700.504089355, 616.365234375, 232.142837524, 91.7161560059, 15.1774644852, 2.63526296616, 0.374899536371, 0.00413337117061, 8.24195353744e-07]
    },
    "gfcc": {
        "mean": [56.7640647888, 63.8234443665, -94.5475769043, 20.2744503021, -44.8417778015, 19.8774585724, -25.8139400482, 12.6817493439, -18.390668869, 9.31618309021, -14.9513931274, 3.13943767548, -13.6216259003],
        "cov": [[14274.2158203, -5412.35205078, 1456.62304688, 975.413269043, -1272.46923828, 653.511352539, -887.67401123, 693.170349121, -483.172546387, 426.753173828, -550.178405762, 417.990631104, -439.406951904], [-5412.35205078, 4762.28125, -1602.06188965, -651.25604248, 944.754760742, -569.364196777, 656.771118164, -531.372619629, 390.25088501, -330.304992676, 394.667724609, -387.105834961, 282.1144104], [1456.62304688, -1602.06188965, 1481.30200195, 239.454193115, -9.11476802826, 389.164520264, -99.3639678955, 289.690429688, -109.765586853, 191.023254395, -139.166137695, 225.367126465, -128.472763062], [975.413269043, -651.25604248, 239.454193115, 590.290344238, -194.824066162, 200.040725708, -66.9350204468, 130.663208008, -35.2050018311, 28.8487911224, -31.7644462585, 32.5097122192, -12.8813581467], [-1272.46923828, 944.754760742, -9.11476802826, -194.824066162, 473.002471924, -78.3150100708, 226.1925354, -53.458770752, 112.17880249, -34.1301765442, 77.0105743408, -35.2673492432, 33.5972976685], [653.511352539, -569.364196777, 389.164520264, 200.040725708, -78.3150100708, 257.737518311, -35.4686355591, 123.989646912, -29.9861068726, 65.5552597046, -29.1169471741, 64.5378875732, -24.5908641815], [-887.67401123, 656.771118164, -99.3639678955, -66.9350204468, 226.1925354, -35.4686355591, 234.474945068, -20.0671157837, 99.5455474854, -13.7377624512, 80.5064620972, -32.6524658203, 43.9090805054], [693.170349121, -531.372619629, 289.690429688, 130.663208008, -53.458770752, 123.989646912, -20.0671157837, 185.351364136, 0.135251402855, 78.5798492432, -23.5916023254, 68.9213027954, -24.159734726], [-483.172546387, 390.25088501, -109.765586853, -35.2050018311, 112.17880249, -29.9861068726, 99.5455474854, 0.135251402855, 120.435600281, 7.20412731171, 59.6538009644, -16.8200569153, 39.4516487122], [426.753173828, -330.304992676, 191.023254395, 28.8487911224, -34.1301765442, 65.5552597046, -13.7377624512, 78.5798492432, 7.20412731171, 106.986488342, 8.98060894012, 66.2659606934, -6.3114695549], [-550.178405762, 394.667724609, -139.166137695, -31.7644462585, 77.0105743408, -29.1169471741, 80.5064620972, -23.5916023254, 59.6538009644, 8.98060894012, 104.893760681, -0.221104681492, 53.0492515564], [417.990631104, -387.105834961, 225.367126465, 32.5097122192, -35.2673492432, 64.5378875732, -32.6524658203, 68.9213027954, -16.8200569153, 66.2659606934, -0.221104681492, 108.105049133, 2.32545399666], [-439.406951904, 282.1144104, -128.472763062, -12.8813581467, 33.5972976685, -24.5908641815, 43.9090805054, -24.159734726, 39.4516487122, -6.3114695549, 53.0492515564, 2.32545399666, 80.560585022]],
        "icov": [[0.000148489445564, 5.24939059687e-05, 0.000130964574055, -0.000107080581074, 3.28680544044e-05, -4.50765437563e-05, 0.000112706766231, -0.000150659965584, 5.04416348122e-05, -0.00031747421599, 0.000358299177606, -0.000264804868493, 0.000405869592214], [5.24939059687e-05, 0.0014872548636, 0.000533427577466, 0.00019287635223, -0.00157806451898, 1.5346597138e-05, -0.000682460551616, 0.00107039755676, -0.000531933619641, 0.000912424409762, -0.00177029520273, 0.00192110880744, -0.00124231725931], [0.000130964574055, 0.000533427577466, 0.00263425381854, -0.000229426397709, -0.00198648218066, -0.00206282828003, -5.21976617165e-05, -0.000216298358282, 0.000861310167238, -0.00140933913644, 0.00185726420023, -0.00234358967282, 0.00148536602501], [-0.000107080581074, 0.00019287635223, -0.000229426397709, 0.00293162325397, 0.000903345935512, -0.00158297363669, -0.000365567510016, -0.00104961323086, -0.000319645449053, 0.00185421458445, -0.0011861496605, 0.00133448874112, -0.00108770071529], [3.28680544044e-05, -0.00157806451898, -0.00198648218066, 0.000903345935512, 0.00739260902628, 0.00102452421561, -0.00314622768201, -0.000648259767331, -0.001646578894, 0.00137098203413, 0.000714687746949, -0.00178178364877, 0.00192670000251], [-4.50765437563e-05, 1.5346597138e-05, -0.00206282828003, -0.00158297363669, 0.00102452421561, 0.009107301943, -0.000740993011277, -0.00196560751647, 0.000583819579333, -0.00034027005313, -0.00132610241417, 0.00125370966271, -0.00115079293028], [0.000112706766231, -0.000682460551616, -5.21976617165e-05, -0.000365567510016, -0.00314622768201, -0.000740993011277, 0.0113965794444, -0.00173995224759, -0.00277929310687, -0.000487143610371, -0.00250998348929, 0.00116437079851, 0.000157548900461], [-0.000150659965584, 0.00107039755676, -0.000216298358282, -0.00104961323086, -0.000648259767331, -0.00196560751647, -0.00173995224759, 0.0130804535002, -0.00360472942702, -0.00327364960685, 0.000906866393052, -0.00128197250888, 0.000407182291383], [5.04416348122e-05, -0.000531933619641, 0.000861310167238, -0.000319645449053, -0.001646578894, 0.000583819579333, -0.00277929310687, -0.00360472942702, 0.0174544751644, -0.00446573644876, -0.00211062887684, 0.00228310166858, -0.00281456508674], [-0.00031747421599, 0.000912424409762, -0.00140933913644, 0.00185421458445, 0.00137098203413, -0.00034027005313, -0.000487143610371, -0.00327364960685, -0.00446573644876, 0.0226198416203, -0.00775523483753, -0.00513090146706, 0.000944277679082], [0.000358299177606, -0.00177029520273, 0.00185726420023, -0.0011861496605, 0.000714687746949, -0.00132610241417, -0.00250998348929, 0.000906866393052, -0.00211062887684, -0.00775523483753, 0.0254114419222, -0.00698247132823, -0.00424285698682], [-0.000264804868493, 0.00192110880744, -0.00234358967282, 0.00133448874112, -0.00178178364877, 0.00125370966271, 0.00116437079851, -0.00128197250888, 0.00228310166858, -0.00513090146706, -0.00698247132823, 0.0251617357135, -0.00923759303987], [0.000405869592214, -0.00124231725931, 0.00148536602501, -0.00108770071529, 0.00192670000251, -0.00115079293028, 0.000157548900461, 0.000407182291383, -0.00281456508674, 0.000944277679082, -0.00424285698682, -0.00923759303987, 0.0245664212853]]
    },
    "melbands": {
        "dmean": [0.00228373124264, 0.00199660821818, 0.000677137984894, 0.000426858692663, 0.000232243706705, 0.000195562271983, 0.00015093832917, 0.000177893991349, 0.000163318793057, 0.000152775552124, 8.82391905179e-05, 7.34487985028e-05, 8.96794808796e-05, 6.66799096507e-05, 8.11392383184e-05, 5.15563806402e-05, 3.40492733812e-05, 3.37507481163e-05, 2.34105136769e-05, 2.10350062844e-05, 1.53072251123e-05, 1.59939063451e-05, 1.45427266034e-05, 9.62127614912e-06, 9.09521440917e-06, 8.51552613312e-06, 7.53925951358e-06, 8.54192057886e-06, 7.55156634114e-06, 5.16446471011e-06, 4.81328288515e-06, 5.54437383471e-06, 6.09227299719e-06, 5.30613442606e-06, 6.29152282272e-06, 5.86347550779e-06, 4.84636120746e-06, 5.48297703062e-06, 7.11656957719e-06, 3.94706830775e-06],
        "dmean2": [0.00321394414641, 0.00298955896869, 0.000972829060629, 0.000646619417239, 0.000383299367968, 0.000310266041197, 0.000227485652431, 0.000280248292256, 0.000242203299422, 0.000230098026805, 0.000143969809869, 0.000117401155876, 0.000146861391841, 0.000112830304715, 0.00013719665003, 8.74469769769e-05, 5.81924250582e-05, 5.76103848289e-05, 3.97105759475e-05, 3.50317823177e-05, 2.56662551692e-05, 2.73610348813e-05, 2.48819233093e-05, 1.61499810929e-05, 1.53513683472e-05, 1.4360838577e-05, 1.2607244571e-05, 1.42736462294e-05, 1.24928001242e-05, 8.57423219713e-06, 7.94990683062e-06, 8.76680041983e-06, 9.79031665338e-06, 8.42744975671e-06, 9.72756697593e-06, 9.12123960006e-06, 7.11067468728e-06, 8.19086744741e-06, 1.08458143586e-05, 6.09405924479e-06],
        "dvar": [1.3481935639e-05, 1.53230121214e-05, 2.08970777749e-06, 6.3453620669e-07, 1.49043515307e-07, 8.85711983756e-08, 4.91793521462e-08, 7.03847504724e-08, 5.46313856375e-08, 6.44373940872e-08, 1.97596072837e-08, 1.25670824858e-08, 2.95691222618e-08, 3.24801519014e-08, 1.38802143113e-08, 7.71574804048e-09, 2.85716028614e-09, 3.03180280881e-09, 1.07092745782e-09, 1.07135811334e-09, 6.70744682019e-10, 8.93625173859e-10, 7.19113546488e-10, 2.44169906516e-10, 1.9109634708e-10, 2.39855080242e-10, 1.31089458733e-10, 1.58707533227e-10, 3.47672390877e-10, 6.28824700644e-11, 4.95876256723e-11, 6.72657068934e-11, 1.02784981915e-10, 8.27160007155e-11, 1.27984206566e-10, 1.26113092191e-10, 9.38497543568e-11, 1.16183521137e-10, 2.63167543313e-10, 5.75835802652e-11],
        "dvar2": [2.3439855795e-05, 3.13344680762e-05, 4.84164411318e-06, 1.64920049883e-06, 4.15918918861e-07, 2.18961019982e-07, 1.09062810338e-07, 1.67526309269e-07, 1.1272837952e-07, 1.31215699639e-07, 4.8411415321e-08, 2.80896177429e-08, 6.97334883171e-08, 8.30893469583e-08, 3.80546012479e-08, 2.12683808343e-08, 7.87812481917e-09, 8.05222732936e-09, 3.00583513635e-09, 2.87731105608e-09, 1.8357307896e-09, 2.52170240245e-09, 2.07423922483e-09, 6.81044054485e-10, 5.38808220263e-10, 6.90865420427e-10, 3.68955060948e-10, 4.2615491691e-10, 1.03509023575e-09, 1.68993333216e-10, 1.33548269665e-10, 1.64785074475e-10, 2.57674659387e-10, 2.11572814823e-10, 2.86144080652e-10, 2.9093621956e-10, 2.07633216176e-10, 2.78774919815e-10, 6.51849907385e-10, 1.38634950742e-10],
        "max": [0.0459192208946, 0.0404421165586, 0.0259774755687, 0.0112311262637, 0.00470265094191, 0.00514665106311, 0.00379959749989, 0.00550853693858, 0.00763739133254, 0.0075616328977, 0.00242373975925, 0.00245688133873, 0.00559160439298, 0.00850930996239, 0.00152085954323, 0.00198778999038, 0.00138791417703, 0.00212527997792, 0.000633210700471, 0.000893648713827, 0.000703693367541, 0.00114569731522, 0.000739709357731, 0.000304487184621, 0.000349863985321, 0.000327237794409, 0.000243073998718, 0.000208321333048, 0.000543233996723, 0.000177783789695, 0.00018707383424, 0.000133441353682, 0.000132760949782, 0.000119266594993, 0.00012700491061, 0.000191491126316, 0.000244328461122, 0.000163901117048, 0.000221255671931, 0.000112799025374],
        "mean": [0.0068155056797, 0.00450334278867, 0.00118776073214, 0.000735896348488, 0.000379108329071, 0.000340155180311, 0.000288945244392, 0.000327313668095, 0.000327450194163, 0.000296662386972, 0.000144558216562, 0.000122928729979, 0.000141174532473, 9.7957039543e-05, 0.000121342171042, 8.26451578178e-05, 6.02601394348e-05, 5.62833520235e-05, 4.36920454376e-05, 4.06482213293e-05, 2.83015269815e-05, 2.83891495201e-05, 2.63626534434e-05, 1.95808697754e-05, 1.83364554687e-05, 1.72922591446e-05, 1.57779395522e-05, 1.682698894e-05, 1.57165013661e-05, 1.14496615424e-05, 1.04962018668e-05, 1.13507494461e-05, 1.19404303405e-05, 1.03539023257e-05, 1.08977465061e-05, 1.03799084172e-05, 1.00251945696e-05, 9.41148118727e-06, 1.08350077426e-05, 7.22590584701e-06],
        "median": [0.00219935132191, 0.00263705221005, 0.000623152067419, 0.000429958250606, 0.000248538854066, 0.000218101355131, 0.000162048250786, 0.0001775000419, 0.000191217302927, 0.000149476109073, 9.02065075934e-05, 7.73992578615e-05, 8.48807540024e-05, 4.96485554322e-05, 7.6504657045e-05, 5.45974362467e-05, 4.16519505961e-05, 3.60500380339e-05, 3.02573116642e-05, 2.81331795122e-05, 1.83225638466e-05, 1.94917083718e-05, 1.71472966031e-05, 1.30494518089e-05, 1.18675498015e-05, 1.12974767035e-05, 1.08228614408e-05, 1.12275984065e-05, 8.03841248853e-06, 6.90849492457e-06, 7.11352549843e-06, 6.68183702146e-06, 6.1044170252e-06, 5.0843432291e-06, 4.95646008858e-06, 4.50331208413e-06, 3.91520779885e-06, 3.61781940228e-06, 3.2250568438e-06, 2.89199965664e-06],
        "min": [2.58084167626e-24, 2.79138194654e-24, 4.46449045106e-24, 8.32008362407e-24, 3.51466050598e-24, 3.47814019037e-24, 4.11857178868e-24, 4.31174331398e-24, 4.54221612719e-24, 3.75532224664e-24, 7.40078062387e-24, 3.71001007624e-24, 7.55394980153e-24, 5.8543667306e-24, 3.44876892672e-24, 5.69988843826e-24, 6.36306762964e-24, 5.48866422557e-24, 6.32185083063e-24, 8.35675382325e-24, 7.52967339603e-24, 5.49160588789e-24, 8.33459235384e-24, 5.90387209114e-24, 7.06853292097e-24, 1.05333236127e-23, 1.02873851814e-23, 7.61247854753e-24, 8.74711296473e-24, 7.33980877564e-24, 8.42254324502e-24, 7.62772407338e-24, 6.45639500232e-24, 9.38182492704e-24, 7.52624263995e-24, 6.06321213323e-24, 6.8388118922e-24, 5.99837131669e-24, 7.0384788982e-24, 6.46998076483e-24],
        "var": [6.64811668685e-05, 3.26726913045e-05, 2.84791008198e-06, 8.43515806537e-07, 1.7961971821e-07, 1.80868752864e-07, 1.31922917035e-07, 1.85005831099e-07, 1.82978439511e-07, 1.94492486116e-07, 3.46843407328e-08, 2.48223077648e-08, 4.97431322799e-08, 4.86335167693e-08, 1.96915106443e-08, 1.04582307259e-08, 4.6885948457e-09, 5.22726528729e-09, 2.23463625382e-09, 2.32947683365e-09, 1.18318022047e-09, 1.42279565907e-09, 1.48768608543e-09, 5.99144567293e-10, 5.27470733758e-10, 4.76623518431e-10, 3.25974330861e-10, 3.67330138529e-10, 9.81951520096e-10, 2.20852600097e-10, 1.53479826071e-10, 1.79834688807e-10, 2.2344245898e-10, 1.89402354911e-10, 2.23762758322e-10, 2.45540143773e-10, 2.56926452336e-10, 2.24087692846e-10, 4.10355194269e-10, 1.23989513101e-10]
    },
    "mfcc": {
        "mean": [-592.649108887, 104.946762085, 10.8162965775, 12.2983703613, 7.21805858612, 9.80288600922, 6.494764328, 6.41957950592, 4.46320676804, 7.09289216995, 4.49591732025, 3.74504685402, 2.03156399727],
        "cov": [[8990.859375, -3093.29663086, 786.822692871, 349.628448486, -255.314147949, -108.199417114, -275.083435059, -62.2383384705, -4.44819259644, -49.8594703674, -59.0103302002, -36.2829704285, -74.6750564575], [-3093.29663086, 3047.92602539, -972.25982666, -245.578781128, 125.461891174, 6.77878761292, 99.7720413208, -17.5989780426, -39.4927978516, 47.0015144348, 32.5202522278, -0.538355827332, 42.0975036621], [786.822692871, -972.25982666, 915.691040039, 86.5119628906, 142.231445312, 127.09059906, 88.935836792, 97.5256195068, 77.8044509888, 26.2745189667, 39.7437896729, 36.1645584106, 28.0797977448], [349.628448486, -245.578781128, 86.5119628906, 351.611999512, 17.0177345276, 55.4595870972, 43.5158538818, 56.5220489502, 44.6691551208, 17.0187587738, 17.0427494049, 24.0665473938, 6.38467979431], [-255.314147949, 125.461891174, 142.231445312, 17.0177345276, 194.231948853, 47.9489822388, 64.7251739502, 52.4966430664, 41.8883666992, 26.4928913116, 26.9183940887, 16.3691539764, 19.5259380341], [-108.199417114, 6.77878761292, 127.09059906, 55.4595870972, 47.9489822388, 128.080444336, 56.4865951538, 41.904094696, 24.7663879395, 15.13078022, 14.8108921051, 18.2823448181, 15.322766304], [-275.083435059, 99.7720413208, 88.935836792, 43.5158538818, 64.7251739502, 56.4865951538, 120.522163391, 58.1939849854, 37.9971733093, 27.2441520691, 29.2352199554, 26.7274246216, 23.1379032135], [-62.2383384705, -17.5989780426, 97.5256195068, 56.5220489502, 52.4966430664, 41.904094696, 58.1939849854, 94.5683288574, 50.7871704102, 25.2394924164, 28.8976688385, 25.0930595398, 18.4599533081], [-4.44819259644, -39.4927978516, 77.8044509888, 44.6691551208, 41.8883666992, 24.7663879395, 37.9971733093, 50.7871704102, 80.595375061, 39.4526329041, 23.536655426, 22.7461585999, 20.1141986847], [-49.8594703674, 47.0015144348, 26.2745189667, 17.0187587738, 26.4928913116, 15.13078022, 27.2441520691, 25.2394924164, 39.4526329041, 66.8132476807, 32.5326385498, 17.8552780151, 16.363237381], [-59.0103302002, 32.5202522278, 39.7437896729, 17.0427494049, 26.9183940887, 14.8108921051, 29.2352199554, 28.8976688385, 23.536655426, 32.5326385498, 62.2879104614, 35.3089561462, 18.0922050476], [-36.2829704285, -0.538355827332, 36.1645584106, 24.0665473938, 16.3691539764, 18.2823448181, 26.7274246216, 25.0930595398, 22.7461585999, 17.8552780151, 35.3089561462, 61.8161697388, 31.1062068939], [-74.6750564575, 42.0975036621, 28.0797977448, 6.38467979431, 19.5259380341, 15.322766304, 23.1379032135, 18.4599533081, 20.1141986847, 16.363237381, 18.0922050476, 31.1062068939, 56.2662696838]],
