{
"lowlevel": {
    "average_loudness": 0.875719547272,
    "barkbands_crest": {
        "dmean": 2.28179764748,
        "dmean2": 3.27343416214,
        "dvar": 5.62573337555,
        "dvar2": 11.6106004715,
        "max": 26.4512329102,
        "mean": 12.5880088806,
        "median": 11.6749544144,
        "min": 1.97228479385,
        "var": 31.9969406128
    },
    "barkbands_flatness_db": {
        "dmean": 0.0212093889713,
        "dmean2": 0.0301396846771,
        "dvar": 0.000834245642181,
        "dvar2": 0.00153800181579,
        "max": 0.561981141567,
        "mean": 0.151512220502,
        "median": 0.112044855952,
        "min": 0.0136333536357,
        "var": 0.012353473343
    },
    "barkbands_kurtosis": {
        "dmean": 3.73227715492,
        "dmean2": 5.48724222183,
        "dvar": 108.906608582,
        "dvar2": 227.311065674,
        "max": 138.553253174,
        "mean": 4.78037977219,
        "median": 0.665357708931,
        "min": -1.85179233551,
        "var": 153.145095825
    },
    "barkbands_skewness": {
        "dmean": 0.54776597023,
        "dmean2": 0.760980844498,
        "dvar": 0.846840143204,
        "dvar2": 1.44362390041,
        "max": 11.5016880035,
        "mean": 1.1736600399,
        "median": 0.891840457916,
        "min": -6.63233995438,
        "var": 2.74574637413
    },
    "barkbands_spread": {
        "dmean": 5.22191143036,
        "dmean2": 7.39129066467,
        "dvar": 51.910697937,
        "dvar2": 99.7596740723,
        "max": 113.610855103,
        "mean": 27.0354881287,
        "median": 27.7396240234,
        "min": 0.524214744568,
        "var": 302.470367432
    },
    "dissonance": {
        "dmean": 0.0194365326315,
        "dmean2": 0.0327232293785,
        "dvar": 0.000639051722828,
        "dvar2": 0.00168774474878,
        "max": 0.500000059605,
        "mean": 0.452250599861,
        "median": 0.470306992531,
        "min": 0.123889647424,
        "var": 0.00269427383319
    },
    "dynamic_complexity": 3.0848300457,
    "erbbands_crest": {
        "dmean": 2.25106263161,
        "dmean2": 3.57407021523,
        "dvar": 6.68669366837,
        "dvar2": 15.2856531143,
        "max": 33.8678817749,
        "mean": 11.0087909698,
        "median": 8.3139667511,
        "min": 2.40051865578,
        "var": 49.1967887878
    },
    "erbbands_flatness_db": {
        "dmean": 0.0130946207792,
        "dmean2": 0.0199023019522,
        "dvar": 0.000210019963561,
        "dvar2": 0.000439224328147,
        "max": 0.552828192711,
        "mean": 0.181027725339,
        "median": 0.129967823625,
        "min": 0.0479549914598,
        "var": 0.012070119381
    },
    "erbbands_kurtosis": {
        "dmean": 1.29296386242,
        "dmean2": 1.91388320923,
        "dvar": 7.8952589035,
        "dvar2": 15.5828828812,
        "max": 64.921836853,
        "mean": 2.22628378868,
        "median": -0.296554207802,
        "min": -1.75888538361,
        "var": 42.7173843384
    },
    "erbbands_skewness": {
        "dmean": 0.316179841757,
        "dmean2": 0.469277173281,
        "dvar": 0.126008108258,
        "dvar2": 0.26670396328,
        "max": 5.6591424942,
        "mean": 0.661563813686,
        "median": 0.307579249144,
        "min": -2.41505503654,
        "var": 1.15130710602
    },
    "erbbands_spread": {
        "dmean": 6.97091531754,
        "dmean2": 10.2710771561,
        "dvar": 151.459503174,
        "dvar2": 260.572631836,
        "max": 166.801864624,
        "mean": 36.8018989563,
        "median": 38.1348953247,
        "min": 0.489717245102,
        "var": 630.108215332
    },
    "hfc": {
        "dmean": 7.0673828125,
        "dmean2": 9.66436290741,
        "dvar": 115.440574646,
        "dvar2": 207.788391113,
        "max": 132.565841675,
        "mean": 29.6994094849,
        "median": 18.8077373505,
        "min": 1.10639430335e-16,
        "var": 671.226501465
    },
    "melbands_crest": {
        "dmean": 2.93612456322,
        "dmean2": 4.41788244247,
        "dvar": 9.58514785767,
        "dvar2": 21.9157161713,
        "max": 35.0078086853,
        "mean": 18.1833248138,
        "median": 17.7073822021,
        "min": 1.75109291077,
        "var": 46.286945343
    },
    "melbands_flatness_db": {
        "dmean": 0.0251136627048,
        "dmean2": 0.0353800170124,
        "dvar": 0.00125279230997,
        "dvar2": 0.00232573319227,
        "max": 0.666563391685,
        "mean": 0.21775457263,
        "median": 0.177957847714,
        "min": 0.00428195437416,
        "var": 0.0163058172911
    },
    "melbands_kurtosis": {
        "dmean": 16.2063407898,
        "dmean2": 24.7871284485,
        "dvar": 3627.30053711,
        "dvar2": 8295.63476562,
        "max": 717.856689453,
        "mean": 19.6454944611,
        "median": 4.91276359558,
        "min": -1.66122364998,
        "var": 3674.13427734
    },
    "melbands_skewness": {
        "dmean": 0.908612847328,
        "dmean2": 1.28698027134,
        "dvar": 3.90094017982,
        "dvar2": 7.30454969406,
        "max": 21.4589061737,
        "mean": 2.39959049225,
        "median": 1.83877754211,
        "min": -4.26426506042,
        "var": 8.57033252716
    },
    "melbands_spread": {
        "dmean": 6.5155377388,
        "dmean2": 9.7138967514,
        "dvar": 98.3915786743,
        "dvar2": 214.183258057,
        "max": 176.238494873,
        "mean": 27.2343196869,
        "median": 24.6684932709,
        "min": 0.831434011459,
        "var": 386.58392334
    },
    "pitch_salience": {
        "dmean": 0.0710675492883,
        "dmean2": 0.108476176858,
        "dvar": 0.00718983402476,
        "dvar2": 0.0160191226751,
        "max": 0.979383409023,
        "mean": 0.476812183857,
        "median": 0.487227708101,
        "min": 0.0392121933401,
        "var": 0.022817030549
    },
    "silence_rate_20dB": {
        "dmean": 0,
        "dmean2": 0,
        "dvar": 0,
        "dvar2": 0,
        "max": 1,
        "mean": 1,
        "median": 1,
        "min": 1,
        "var": 0
    },
    "silence_rate_30dB": {
        "dmean": 0.000243932183366,
        "dmean2": 0.000487923884066,
        "dvar": 0.000243852453423,
        "dvar2": 0.000731566920877,
        "max": 1,
        "mean": 0.999878048897,
        "median": 1,
        "min": 0,
        "var": 0.000121931298054
    },
    "silence_rate_60dB": {
        "dmean": 0.0173191856593,
        "dmean2": 0.0346425957978,
        "dvar": 0.0170189682394,
        "dvar2": 0.038812123239,
        "max": 1,
        "mean": 0.0623170733452,
        "median": 0,
        "min": 0,
        "var": 0.0584384612739
    },
    "spectral_centroid": {
        "dmean": 208.208297729,
        "dmean2": 306.810058594,
        "dvar": 105008.289062,
        "dvar2": 189052.703125,
        "max": 11679.3789062,
        "mean": 1562.40356445,
        "median": 1633.18115234,
        "min": 233.987670898,
        "var": 783641.125
    },
    "spectral_complexity": {
        "dmean": 4.04073667526,
        "dmean2": 6.15174436569,
        "dvar": 27.2486171722,
        "dvar2": 57.0962791443,
        "max": 54,
        "mean": 18.6164627075,
        "median": 19,
        "min": 0,
        "var": 122.84072113
    },
    "spectral_decrease": {
        "dmean": 1.59832613811e-09,
        "dmean2": 2.23637353081e-09,
        "dvar": 4.82364666664e-18,
        "dvar2": 8.00826307365e-18,
        "max": 2.72714400501e-28,
        "mean": -7.58018803282e-09,
        "median": -5.92127014087e-09,
        "min": -2.9070294616e-08,
        "var": 3.75995543006e-17
    },
    "spectral_energy": {
        "dmean": 0.00637377379462,
        "dmean2": 0.00891936477274,
        "dvar": 7.33289853088e-05,
        "dvar2": 0.000124421218061,
        "max": 0.112724423409,
        "mean": 0.031303152442,
        "median": 0.0246993117034,
        "min": 1.0164399406e-20,
        "var": 0.00060191884404
    },
    "spectral_energyband_high": {
        "dmean": 0.000559898559004,
        "dmean2": 0.000762153242249,
        "dvar": 8.71421264037e-07,
        "dvar2": 1.60218417022e-06,
        "max": 0.0144530553371,
        "mean": 0.00191152468324,
        "median": 0.000960336066782,
        "min": 7.27579908087e-21,
        "var": 4.51320556749e-06
    },
    "spectral_energyband_low": {
        "dmean": 0.00431812228635,
        "dmean2": 0.00573893077672,
        "dvar": 7.86714153946e-05,
        "dvar2": 0.000123374789837,
        "max": 0.107050828636,
        "mean": 0.0136004537344,
        "median": 0.0039518782869,
        "min": 1.26888970802e-23,
        "var": 0.000436108239228
    },
    "spectral_energyband_middle_high": {
        "dmean": 0.00187554641161,
        "dmean2": 0.00266420934349,
        "dvar": 7.80309164838e-06,
        "dvar2": 1.50647565533e-05,
        "max": 0.050212495029,
        "mean": 0.00604587001726,
        "median": 0.00399809889495,
        "min": 1.29053231522e-21,
        "var": 3.51509916072e-05
    },
    "spectral_energyband_middle_low": {
        "dmean": 0.00304381805472,
        "dmean2": 0.00466672657058,
        "dvar": 1.82458825293e-05,
        "dvar2": 4.29557076131e-05,
        "max": 0.0892315655947,
        "mean": 0.0101958373562,
        "median": 0.00872216559947,
        "min": 1.67915556512e-22,
        "var": 6.16580437054e-05
    },
    "spectral_entropy": {
        "dmean": 0.140674516559,
        "dmean2": 0.213555902243,
        "dvar": 0.0295911468565,
        "dvar2": 0.0625308230519,
        "max": 9.82599544525,
        "mean": 7.51456832886,
        "median": 7.86048460007,
        "min": 3.9916601181,
        "var": 0.803851127625
    },
    "spectral_flux": {
        "dmean": 0.0250175800174,
        "dmean2": 0.0355393514037,
        "dvar": 0.000935708230827,
        "dvar2": 0.00187204219401,
        "max": 0.317911475897,
        "mean": 0.071315869689,
        "median": 0.0591869279742,
        "min": 6.37709537954e-11,
        "var": 0.00275182188489
    },
    "spectral_kurtosis": {
        "dmean": 5.23119068146,
        "dmean2": 9.24911499023,
        "dvar": 282.043121338,
        "dvar2": 863.249267578,
        "max": 362.063964844,
        "mean": 16.3767871857,
        "median": 2.708766222,
        "min": -1.25711357594,
        "var": 1624.58825684
    },
    "spectral_rms": {
        "dmean": 0.000561191001907,
        "dmean2": 0.000779395457357,
        "dvar": 4.72072997582e-07,
        "dvar2": 8.07434162198e-07,
        "max": 0.0104868989438,
        "mean": 0.00505784200504,
        "median": 0.00490885786712,
        "min": 3.1490454775e-12,
        "var": 4.95779795529e-06
    },
    "spectral_rolloff": {
        "dmean": 514.10748291,
        "dmean2": 815.723571777,
        "dvar": 818934.125,
        "dvar2": 1658101.75,
        "max": 19573.6816406,
        "mean": 1834.86218262,
        "median": 1248.92578125,
        "min": 64.599609375,
        "var": 3212613.25
    },
    "spectral_skewness": {
        "dmean": 0.324936181307,
        "dmean2": 0.564731121063,
        "dvar": 0.556349754333,
        "dvar2": 1.70624899864,
        "max": 15.5726251602,
        "mean": 2.20709991455,
        "median": 1.33783745766,
        "min": -0.0640409737825,
        "var": 4.79604816437
    },
    "spectral_spread": {
        "dmean": 463218.4375,
        "dmean2": 692730.5625,
        "dvar": 571726036992,
        "dvar2": 942888124416,
        "max": 41908556,
        "mean": 5181449.5,
        "median": 5627253.5,
        "min": 210146.90625,
        "var": 7.66812304179e+12
    },
    "spectral_strongpeak": {
        "dmean": 0.354974806309,
        "dmean2": 0.580448269844,
        "dvar": 0.355687201023,
        "dvar2": 0.793662786484,
        "max": 7.64329147339,
        "mean": 1.08706378937,
        "median": 0.791902184486,
        "min": 0,
        "var": 0.996751666069
    },
    "zerocrossingrate": {
        "dmean": 0.00990105047822,
        "dmean2": 0.0111259389669,
        "dvar": 0.000192446444998,
        "dvar2": 0.000222983740969,
        "max": 0.73388671875,
        "mean": 0.0693032443523,
        "median": 0.06396484375,
        "min": 0.0029296875,
        "var": 0.00220066239126
    },
    "barkbands": {
        "dmean": [0.000433934794273, 0.00408123899251, 0.00170478667133, 0.000574713747483, 0.000322906824294, 0.00135908671655, 0.000775891472585, 0.000524183327798, 0.000641877937596, 0.000426207989221, 0.000508016499225, 0.000325958477333, 0.000237760556047, 0.000366634776583, 0.00029357499443, 0.000332717405399, 0.000265246024355, 0.000230455189012, 0.000208939192817, 0.000170278683072, 0.000168813290657, 0.000140928503242, 0.000114325412142, 9.71292392933e-05, 7.81608468969e-05, 4.21373697463e-05, 1.10041337393e-05],
        "dmean2": [0.000465112796519, 0.00563654303551, 0.0028948339168, 0.00107014994137, 0.000572808843572, 0.00199424265884, 0.00122158764862, 0.000762656796724, 0.000898367259651, 0.000601070583798, 0.000707926985342, 0.000488548306748, 0.000387732143281, 0.000584644323681, 0.000461916119093, 0.000530409510247, 0.000421055214247, 0.000358273129677, 0.000307138398057, 0.000255490653217, 0.000245906092459, 0.000213685474591, 0.000167413498275, 0.000145130048622, 0.000116156654258, 5.97458929406e-05, 1.72677700903e-05],
        "dvar": [6.15486953848e-07, 8.37444167701e-05, 4.32952911069e-05, 6.26842984275e-06, 1.96624387172e-06, 7.50371009417e-06, 3.46959609487e-06, 2.268060598e-06, 1.67197106293e-06, 1.3942011492e-06, 1.13573480576e-06, 3.9112308059e-07, 2.49339819902e-07, 5.6324245179e-07, 3.04540009211e-07, 4.68716308433e-07, 2.02425582074e-07, 1.57963114589e-07, 1.18193696608e-07, 7.83549793937e-08, 6.9640279321e-08, 5.31754906774e-08, 3.32381411283e-08, 2.57713068663e-08, 1.85995752133e-08, 5.86952086934e-09, 3.97929633689e-10],
        "dvar2": [7.26856967503e-07, 0.000145099009387, 0.000112114583317, 1.78144582605e-05, 5.5638156482e-06, 1.46087713802e-05, 6.92926778356e-06, 4.17855471824e-06, 2.86078352474e-06, 2.38884740611e-06, 1.87907539839e-06, 7.39031520425e-07, 6.01204988016e-07, 1.31435888306e-06, 7.10419556071e-07, 1.11027782168e-06, 4.65678084538e-07, 3.58500614084e-07, 2.28787740753e-07, 1.64218889154e-07, 1.3929631848e-07, 1.16024608587e-07, 6.85718362092e-08, 5.41642037888e-08, 4.05120132996e-08, 1.23515428996e-08, 9.39047173354e-10],
        "max": [0.0104275355116, 0.0800503492355, 0.0850435644388, 0.052020445466, 0.046086307615, 0.0484403856099, 0.0332099013031, 0.0353150367737, 0.0305513441563, 0.0417836382985, 0.0398983694613, 0.0126480218023, 0.0128417005762, 0.0147445425391, 0.00932365749031, 0.0156817287207, 0.00759405409917, 0.00526666082442, 0.00487211393192, 0.00398531602696, 0.00354528822936, 0.00314880674705, 0.00351143022999, 0.00405718619004, 0.0049711894244, 0.00195093441289, 0.00039697648026],
        "mean": [0.00107767479494, 0.0108872205019, 0.00143259728793, 0.000402024976211, 0.000390068016713, 0.00423387344927, 0.00189576053526, 0.0012712366879, 0.00153034832329, 0.000887806643732, 0.00107308279257, 0.000577871163841, 0.000374555704184, 0.000590863695834, 0.000532041245606, 0.000594054465182, 0.000494278268889, 0.000465881632408, 0.000481776514789, 0.000399063981604, 0.000433900626376, 0.000354553136276, 0.000298802508041, 0.000268710602541, 0.000216286920477, 0.000116856550449, 2.19582980208e-05],
        "median": [0.000270964985248, 0.00262060668319, 0.00024635437876, 6.65509141982e-05, 0.000122329132864, 0.000975119648501, 0.000352461036528, 0.000292323646136, 0.000470550905447, 0.000293892866466, 0.000342552695656, 0.000246290699579, 0.000166770885698, 0.000213365099626, 0.000204256473808, 0.000210918107769, 0.000203762785532, 0.000184600939974, 0.000184040603926, 0.000168218830368, 0.000195944186999, 0.000159532166435, 0.000146761332871, 0.000127321254695, 0.000110563945782, 5.68268842471e-05, 2.7691530704e-06],
        "min": [1.41050114651e-24, 6.04184780776e-24, 1.67143316117e-24, 2.32905975785e-24, 1.5127171475e-23, 9.06897452494e-24, 1.3171681532e-23, 2.15923709539e-23, 2.36229194343e-23, 2.79771855065e-23, 3.16299806846e-23, 4.75422864858e-23, 3.91351654715e-23, 4.04475144734e-23, 3.81292668432e-23, 6.74851761081e-23, 7.46269232097e-23, 6.69075090445e-23, 1.34140849197e-22, 2.15542547726e-22, 2.94666836376e-22, 3.4019572264e-22, 3.62217942324e-22, 6.77593955184e-22, 1.01748758827e-21, 1.15134130472e-21, 2.06598273651e-21],
        "var": [3.57125986739e-06, 0.000334235606715, 3.18178681482e-05, 3.66979361388e-06, 1.2743565776e-06, 4.2594212573e-05, 1.57061203936e-05, 9.28781628318e-06, 7.55290466259e-06, 5.42635552847e-06, 3.90744207834e-06, 1.14416729957e-06, 4.55750210904e-07, 1.15761974939e-06, 7.1299962201e-07, 1.17023319035e-06, 5.7953053556e-07, 4.68283985811e-07, 4.58316890217e-07, 2.91548644782e-07, 2.93352513836e-07, 1.87077972669e-07, 1.22360532373e-07, 9.99436693405e-08, 7.98388199996e-08, 2.20670877127e-08, 1.13821740921e-09]
    },
    "erbbands": {
        "dmean": [0.161529198289, 0.991251528263, 1.98359942436, 1.85665869713, 1.37342715263, 0.942388534546, 5.1548705101, 13.2348327637, 13.4978027344, 9.76675605774, 10.6986064911, 14.9916582108, 14.9023895264, 14.077000618, 16.8479557037, 14.1686143875, 11.1041183472, 19.2636070251, 12.7097320557, 16.0686016083, 15.2141714096, 14.2235393524, 13.5970678329, 10.8874731064, 9.9254360199, 7.27554941177, 7.39810371399, 6.35420179367, 5.06076431274, 4.36633110046, 3.18996334076, 2.2528219223, 1.65370535851, 1.03404140472, 0.49288251996, 0.228097423911, 0.0719620287418, 0.0185038000345, 0.00168304459658, 2.8298190955e-05],
        "dmean2": [0.185629799962, 1.30600011349, 3.1059422493, 3.26756167412, 2.50283408165, 1.63725376129, 7.26513290405, 19.62251091, 21.2474575043, 14.3725652695, 15.4506406784, 20.9925308228, 21.030664444, 19.5655155182, 24.3326969147, 20.6052246094, 17.7228298187, 30.4365997314, 20.3194007874, 25.0253429413, 23.9423389435, 22.4057674408, 20.904794693, 17.0029602051, 14.3666715622, 11.0014944077, 10.8551139832, 9.34712600708, 7.57868814468, 6.53234243393, 4.65673542023, 3.4109723568, 2.52269268036, 1.5764721632, 0.723157644272, 0.33080264926, 0.10247066617, 0.0271165594459, 0.0026570756454, 4.16511065851e-05],
        "dvar": [0.0892310887575, 5.83422660828, 47.2728729248, 57.7989730835, 41.4212799072, 12.6599235535, 168.381408691, 1047.3248291, 937.469421387, 730.692321777, 746.172607422, 1109.92834473, 1184.34326172, 1264.49450684, 1340.82373047, 805.72869873, 464.142547607, 1424.10144043, 663.698059082, 887.145080566, 667.05291748, 580.000305176, 547.926147461, 341.387756348, 300.202026367, 134.454315186, 135.88180542, 101.364349365, 67.3838882446, 49.5345306396, 27.048456192, 13.5762758255, 7.48207855225, 3.33169388771, 0.715576052666, 0.159788370132, 0.0174453929067, 0.00111727975309, 9.75066268438e-06, 2.21844054238e-09],
        "dvar2": [0.119450338185, 10.053355217, 112.084342957, 154.554107666, 115.734199524, 35.595500946, 267.943054199, 1990.03344727, 2054.21166992, 1330.3684082, 1516.18371582, 1843.37939453, 2200.30834961, 1855.91906738, 2810.49804688, 1383.13867188, 1117.63293457, 3262.21289062, 1572.24316406, 1953.57470703, 1524.69213867, 1373.5324707, 1262.14196777, 769.095458984, 561.261169434, 295.35369873, 276.264343262, 210.480194092, 145.039077759, 108.911628723, 56.860534668, 28.8387870789, 16.8612194061, 7.53768110275, 1.55931985378, 0.339528083801, 0.0373726151884, 0.00238604377955, 2.33632254094e-05, 4.93998664197e-09],
        "max": [3.79649877548, 21.3498096466, 68.0301513672, 125.141647339, 230.000152588, 118.736610413, 271.253509521, 558.348815918, 592.732910156, 661.023986816, 949.57019043, 876.278320312, 890.852600098, 1524.79309082, 1238.77026367, 642.09375, 501.916778564, 782.143371582, 483.537994385, 441.838897705, 512.683837891, 369.494262695, 358.486663818, 269.625915527, 291.428039551, 210.171356201, 162.384811401, 149.394790649, 107.437828064, 115.516304016, 77.5511398315, 54.8155097961, 81.3160018921, 58.0339012146, 34.4900131226, 10.054312706, 3.97554087639, 0.744148910046, 0.064670458436, 0.00102866254747],
        "mean": [0.44984665513, 1.85921823978, 2.0962831974, 1.48024702072, 1.14150512218, 1.40324759483, 14.6487178802, 38.9223823547, 34.2293052673, 26.7079181671, 25.4961280823, 36.367099762, 32.8501853943, 30.2605075836, 33.0385513306, 27.1790122986, 19.8719730377, 32.9427070618, 24.8434963226, 31.3096065521, 29.8826885223, 27.9070281982, 28.0978889465, 23.5778312683, 23.4755592346, 17.8648509979, 18.0557308197, 16.094171524, 12.8472137451, 10.7951889038, 8.23935508728, 6.03881931305, 4.26529693604, 2.62985229492, 1.38175225258, 0.613762676716, 0.193398162723, 0.0460858270526, 0.00328199728392, 9.43258273765e-05],
        "median": [0.10043913126, 0.402716755867, 0.481330871582, 0.27598720789, 0.249944359064, 0.523058354855, 2.23343086243, 8.79339981079, 8.28506469727, 6.15309524536, 8.96776866913, 12.1250076294, 13.1012325287, 10.9958705902, 13.2789993286, 12.2274532318, 11.2177906036, 14.0814876556, 12.8895359039, 14.7544136047, 14.0610208511, 12.2260818481, 11.0326595306, 10.3298711777, 8.56539154053, 7.65913963318, 7.76009750366, 7.83334159851, 5.81338310242, 4.87126922607, 3.9537191391, 2.95104765892, 1.93138706684, 1.25005698204, 0.747798442841, 0.316384732723, 0.0920635461807, 0.0162485167384, 0.000530413584784, 4.97626788274e-05],
        "min": [1.51007200222e-22, 7.56771406748e-22, 2.70698773257e-21, 7.22927582597e-21, 9.05380280492e-21, 3.95847863749e-20, 6.77364503441e-20, 5.9672705992e-20, 1.52565657468e-19, 2.4911653086e-19, 4.04859285664e-19, 5.32393294574e-19, 5.21800316252e-19, 9.19825875135e-19, 1.2809375686e-18, 2.17288973184e-18, 2.36616213633e-18, 2.84391498156e-18, 2.13417147532e-18, 2.60911190647e-18, 4.02766151653e-18, 5.20472133022e-18, 5.13494409606e-18, 6.87390108241e-18, 1.03408263743e-17, 1.03706057035e-17, 1.25289225809e-17, 1.06081546046e-17, 1.04088338555e-17, 1.23360869278e-17, 1.1771326883e-17, 1.29318215778e-17, 1.16174961045e-17, 9.55699995198e-18, 6.50213550944e-18, 4.06881871509e-18, 2.06634762817e-18, 9.94381007913e-19, 2.70870579639e-19, 3.11505814306e-20],
        "var": [0.596167683601, 13.9149456024, 44.4100952148, 39.7690010071, 25.7934951782, 9.41247177124, 959.117736816, 4825.77099609, 3993.23706055, 3640.95214844, 2739.92871094, 4810.22070312, 4139.43164062, 4704.08300781, 3295.49145508, 2678.39453125, 904.809143066, 3163.59936523, 1518.34008789, 2419.19140625, 1762.47436523, 1614.1072998, 1602.67675781, 1103.67272949, 1192.08520508, 530.251098633, 538.492553711, 403.227325439, 248.779693604, 169.712844849, 93.2187423706, 48.62474823, 28.3155136108, 11.7631015778, 3.31581807137, 0.634397029877, 0.0601010210812, 0.00386587833054, 2.59652715613e-05, 9.39526678678e-09]
    },
    "gfcc": {
        "mean": [-18.9674167633, 72.4351882935, -116.487579346, 13.4499721527, -53.9978599548, 19.1154594421, -26.1217460632, 18.3185634613, -9.33169937134, 15.3723840714, -6.48465967178, 10.9963274002, -4.97433805466],
        "cov": [[29537.1816406, -6497.29736328, 914.153625488, 4778.69873047, -1042.96240234, 789.108398438, -1375.5612793, 1023.92022705, -781.07244873, 1050.45935059, -367.2003479, 1013.39508057, -419.094604492], [-6497.29736328, 5167.97753906, -316.588531494, -1711.19445801, 518.237304688, -713.391052246, 576.088867188, -508.663848877, 514.024353027, -489.103210449, 328.246490479, -383.274627686, 328.254577637], [914.153625488, -316.588531494, 844.932250977, 516.296508789, 84.8088760376, 163.647323608, -55.0653991699, 45.1211929321, -39.2253761292, 92.9982528687, 14.4820623398, 60.1632041931, -48.2881317139], [4778.69873047, -1711.19445801, 516.296508789, 1381.17199707, -40.8411064148, 393.288879395, -207.495864868, 244.874465942, -180.558746338, 234.420425415, -108.092895508, 180.407546997, -152.834838867], [-1042.96240234, 518.237304688, 84.8088760376, -40.8411064148, 380.401947021, 80.5256881714, 228.037261963, -6.80258226395, 83.5652389526, -62.996471405, 27.8825263977, -66.9423675537, 5.28847932816], [789.108398438, -713.391052246, 163.647323608, 393.288879395, 80.5256881714, 394.807342529, 64.393196106, 186.287216187, -42.9667549133, 70.6200790405, -95.1832427979, -2.31184673309, -92.7939910889], [-1375.5612793, 576.088867188, -55.0653991699, -207.495864868, 228.037261963, 64.393196106, 308.743286133, 41.6313209534, 130.418960571, -63.5772819519, 11.2638673782, -98.4326324463, 11.2968730927], [1023.92022705, -508.663848877, 45.1211929321, 244.874465942, -6.80258226395, 186.287216187, 41.6313209534, 212.29850769, 28.926651001, 91.7757263184, -54.1613845825, 9.20882797241, -66.4179916382], [-781.07244873, 514.024353027, -39.2253761292, -180.558746338, 83.5652389526, -42.9667549133, 130.418960571, 28.926651001, 186.185562134, 30.5483818054, 85.5446624756, -42.3891296387, 17.5806655884], [1050.45935059, -489.103210449, 92.9982528687, 234.420425415, -62.996471405, 70.6200790405, -63.5772819519, 91.7757263184, 30.5483818054, 183.051376343, 62.428981781, 92.7434158325, -30.0394382477], [-367.2003479, 328.246490479, 14.4820623398, -108.092895508, 27.8825263977, -95.1832427979, 11.2638673782, -54.1613845825, 85.5446624756, 62.428981781, 180.779586792, 87.9699630737, 76.9747161865], [1013.39508057, -383.274627686, 60.1632041931, 180.407546997, -66.9423675537, -2.31184673309, -98.4326324463, 9.20882797241, -42.3891296387, 92.7434158325, 87.9699630737, 187.799453735, 77.4457778931], [-419.094604492, 328.254577637, -48.2881317139, -152.834838867, 5.28847932816, -92.7939910889, 11.2968730927, -66.4179916382, 17.5806655884, -30.0394382477, 76.9747161865, 77.4457778931, 149.076141357]],
        "icov": [[0.000135156311444, -0.00013152572501, 0.000138612624141, -0.000451107829576, 8.3613624156e-05, 0.000270322983852, 0.000181083451025, -0.000509436475113, 0.000247983727604, -0.000233117491007, 0.000329460017383, -0.000522105605341, 0.000201498638489], [-0.00013152572501, 0.00113381270785, -0.000343321589753, 0.000438609917182, -0.000286181923002, 0.000307823123876, -0.000392631598515, 0.00100317783654, -0.00165313074831, 0.0018636144232, -0.00195968453772, 0.00266461609863, -0.00165133271366], [0.000138612624141, -0.000343321589753, 0.00189864530694, -0.00116906256881, -0.000322771171341, -0.000269208976533, 0.000631588045508, -6.00537059654e-05, 0.000476028653793, -0.00079859548714, -6.6525458351e-06, -0.000333242001943, 0.000290868949378], [-0.000451107829576, 0.000438609917182, -0.00116906256881, 0.00380939268507, -0.00123850873206, -0.00151736428961, 0.000421847624239, 0.000943116552662, -0.000456856621895, -0.000207979202969, 0.000647905573715, -0.000933558389079, 0.000942856946494], [8.3613624156e-05, -0.000286181923002, -0.000322771171341, -0.00123850873206, 0.00651771156117, -0.00127820449416, -0.00440397206694, 0.00184481334873, -0.000402456935262, 0.0018690029392, -0.00152449205052, -0.000605387380347, 0.00114546820987], [0.000270322983852, 0.000307823123876, -0.000269208976533, -0.00151736428961, -0.00127820449416, 0.00797063298523, -0.00200744951144, -0.00526407826692, 0.00378587143496, -0.00164509227034, 0.000391634006519, 0.00118722987827, -0.00034406434861], [0.000181083451025, -0.000392631598515, 0.000631588045508, 0.000421847624239, -0.00440397206694, -0.00200744951144, 0.0118788024411, -0.0041249091737, -0.00387932523154, 0.00244983448647, 6.49877401884e-05, 0.000896312587429, -0.00136863125954], [-0.000509436475113, 0.00100317783654, -6.00537059654e-05, 0.000943116552662, 0.00184481334873, -0.00526407826692, -0.0041249091737, 0.0189990010113, -0.0100470138714, -0.00264878431335, 0.00742340553552, -0.00362269976176, 0.00144153018482], [0.000247983727604, -0.00165313074831, 0.000476028653793, -0.000456856621895, -0.000402456935262, 0.00378587143496, -0.00387932523154, -0.0100470138714, 0.0242074429989, -0.00974281039089, -0.00905885268003, 0.00967416539788, -0.00295470864512], [-0.000233117491007, 0.0018636144232, -0.00079859548714, -0.000207979202969, 0.0018690029392, -0.00164509227034, 0.00244983448647, -0.00264878431335, -0.00974281039089, 0.023923387751, -0.0100936917588, -0.00400833785534, 0.00557694537565], [0.000329460017383, -0.00195968453772, -6.6525458351e-06, 0.000647905573715, -0.00152449205052, 0.000391634006519, 6.49877401884e-05, 0.00742340553552, -0.00905885268003, -0.0100936917588, 0.0282422658056, -0.0191695746034, 0.00391399115324], [-0.000522105605341, 0.00266461609863, -0.000333242001943, -0.000933558389079, -0.000605387380347, 0.00118722987827, 0.000896312587429, -0.00362269976176, 0.00967416539788, -0.00400833785534, -0.0191695746034, 0.0365740545094, -0.0203724373132], [0.000201498638489, -0.00165133271366, 0.000290868949378, 0.000942856946494, 0.00114546820987, -0.00034406434861, -0.00136863125954, 0.00144153018482, -0.00295470864512, 0.00557694537565, 0.00391399115324, -0.0203724373132, 0.0224974043667]]
    },
    "melbands": {
        "dmean": [0.00118370912969, 0.00101764232386, 0.000302428379655, 7.67753954278e-05, 0.000143220022437, 0.000292728102067, 0.000188146645087, 0.000110438879346, 9.56945877988e-05, 9.59602184594e-05, 7.43363925721e-05, 5.53822283109e-05, 5.44462200196e-05, 3.70045418094e-05, 3.57280077878e-05, 2.53982780123e-05, 4.16016009694e-05, 2.03003091883e-05, 2.20900310524e-05, 2.9286609788e-05, 1.52331831487e-05, 1.72900836333e-05, 1.35530481202e-05, 1.01175392047e-05, 9.62701687968e-06, 8.08029290056e-06, 7.1834820119e-06, 5.06170954395e-06, 4.76144532513e-06, 4.31189164374e-06, 4.12226881963e-06, 2.88874389298e-06, 3.20969593304e-06, 2.52091103903e-06, 2.09097856896e-06, 1.72629847839e-06, 1.40280587857e-06, 1.32126740482e-06, 1.06317384052e-06, 9.01175440049e-07],
        "dmean2": [0.00154667219613, 0.00140675879084, 0.000523560272995, 0.000138939198223, 0.000204891970498, 0.000436737231212, 0.000294842786388, 0.000161377189215, 0.000137214359711, 0.000133884619572, 0.000105029146653, 7.72083294578e-05, 7.7951917774e-05, 5.27732190676e-05, 5.58887186344e-05, 4.12828849221e-05, 6.56992706354e-05, 3.2674830436e-05, 3.55119991582e-05, 4.61247218482e-05, 2.4284767278e-05, 2.77897797787e-05, 2.08339151868e-05, 1.57858557941e-05, 1.52590764628e-05, 1.18887437566e-05, 1.0635639228e-05, 7.87683075032e-06, 7.14105362931e-06, 6.3614429564e-06, 6.23852338322e-06, 4.41544761998e-06, 4.90587399327e-06, 3.84798931918e-06, 3.13039663524e-06, 2.59577427641e-06, 2.18860623136e-06, 2.06297318073e-06, 1.65996505075e-06, 1.40878466937e-06],
        "dvar": [5.61173965252e-06, 8.35660830489e-06, 1.38588279697e-06, 1.38159933272e-07, 1.1703097158e-07, 4.07085991583e-07, 1.76000540364e-07, 1.03573391641e-07, 5.39783613362e-08, 5.00148971128e-08, 3.26047775445e-08, 2.05289971689e-08, 1.19834533407e-08, 4.82196682583e-09, 5.22867482644e-09, 3.65879393449e-09, 7.35275662578e-09, 2.00399186134e-09, 2.02734673493e-09, 4.22279189394e-09, 6.73310629473e-10, 9.24754384179e-10, 6.90102974765e-10, 3.575738039e-10, 2.89948509646e-10, 2.1208003409e-10, 1.90881394024e-10, 7.65781049683e-11, 5.38168572206e-11, 5.88448526018e-11, 4.52467299739e-11, 2.12089790175e-11, 3.01050052942e-11, 1.55292029236e-11, 1.26101733222e-11, 7.8053397079e-12, 5.14373960092e-12, 4.69548401896e-12, 3.57288200761e-12, 2.34347307185e-12],
        "dvar2": [8.43708767206e-06, 1.62090927915e-05, 3.56193936568e-06, 3.89067537299e-07, 1.92980465386e-07, 8.0085362697e-07, 3.71845658265e-07, 1.87231577797e-07, 1.06575889447e-07, 8.25828792017e-08, 5.9651043216e-08, 3.03365723653e-08, 2.36542074816e-08, 8.64712301762e-09, 1.21398473496e-08, 8.46748715588e-09, 1.66811933155e-08, 4.84502660214e-09, 5.13399012192e-09, 9.94566473622e-09, 1.52469792347e-09, 2.18284768039e-09, 1.47561562969e-09, 8.53195236683e-10, 6.56223242412e-10, 4.08937467222e-10, 3.75987824208e-10, 1.7429846455e-10, 1.15507173271e-10, 1.18960771789e-10, 9.55507756251e-11, 4.60585632134e-11, 7.15754053249e-11, 3.50617590517e-11, 2.86535292021e-11, 1.71980502756e-11, 1.17431186303e-11, 1.10909692888e-11, 8.33011264134e-12, 5.4594037624e-12],
        "max": [0.0257835555822, 0.0255130827427, 0.0200715921819, 0.0124875931069, 0.00701740989462, 0.0111211845651, 0.00766747910529, 0.00804627873003, 0.00709207169712, 0.00596961146221, 0.00513952318579, 0.00561774848029, 0.00343421287835, 0.00140963913873, 0.00139350199606, 0.00167834362946, 0.00178692536429, 0.00106324895751, 0.000998240546323, 0.00142254168168, 0.000625407497864, 0.000455270026578, 0.000426939368481, 0.000397122727009, 0.000260935310507, 0.000318393838825, 0.000235373270698, 0.000195945991436, 9.480243898e-05, 0.000149968167534, 0.000133489636937, 6.13744632574e-05, 8.37010302348e-05, 7.64734722907e-05, 5.98524056841e-05, 4.79333539261e-05, 3.53204013663e-05, 6.12071817159e-05, 5.87015929341e-05, 4.61490417365e-05],
        "mean": [0.00345054222271, 0.00157956185285, 0.000254231330473, 7.37642185413e-05, 0.000407153303968, 0.000879672705196, 0.000476328947116, 0.000287301925709, 0.000215931708226, 0.000230955571169, 0.000158302253112, 0.000114903217764, 0.000110210072307, 7.24757774151e-05, 6.05996647209e-05, 3.85999701393e-05, 6.71529924148e-05, 3.6718796764e-05, 3.7006331695e-05, 5.32795129402e-05, 2.85780697595e-05, 3.0998919101e-05, 2.60482083831e-05, 2.09563349927e-05, 1.86959150597e-05, 1.73104181158e-05, 1.56550395332e-05, 1.09907387014e-05, 1.07957812361e-05, 9.97787810775e-06, 9.51901711232e-06, 6.9218876888e-06, 7.01554790794e-06, 5.75917238166e-06, 4.92355684401e-06, 4.06519347962e-06, 3.47172249349e-06, 3.13269606522e-06, 2.51145274888e-06, 2.11211454371e-06],
        "median": [0.000819641281851, 0.000377336691599, 4.78737638332e-05, 1.9052742573e-05, 6.05737877777e-05, 0.000218336121179, 0.000110358465463, 4.51676532975e-05, 6.14817909081e-05, 7.23446573829e-05, 5.60589905945e-05, 3.4022712498e-05, 3.88857697544e-05, 3.03648921545e-05, 2.51482979365e-05, 1.43187116919e-05, 2.23128099606e-05, 1.65723722603e-05, 1.54615772772e-05, 1.80582901521e-05, 1.38820496431e-05, 1.21982484416e-05, 9.52640039031e-06, 8.6081063273e-06, 7.59314752941e-06, 5.92769174546e-06, 5.43031364941e-06, 4.62390107714e-06, 4.7826588343e-06, 4.26845826951e-06, 4.46237527285e-06, 3.21379593515e-06, 2.74630656349e-06, 2.71467570201e-06, 2.32228194363e-06, 1.91763410839e-06, 1.74047818291e-06, 1.4011541225e-06, 1.10667485842e-06, 1.03252523331e-06],
        "min": [1.87042253565e-24, 1.25858744098e-24, 1.34727512825e-24, 1.02362482593e-24, 3.57540910657e-24, 1.40105700236e-24, 2.45211752311e-24, 2.89984085468e-24, 2.75568973767e-24, 2.84556367453e-24, 2.16984120033e-24, 3.46510781378e-24, 3.98044973835e-24, 4.42568164997e-24, 4.05495291768e-24, 3.19229683579e-24, 5.16696280412e-24, 3.31013135579e-24, 2.80878776799e-24, 3.73100087607e-24, 4.65541253949e-24, 4.2022229935e-24, 5.31925319073e-24, 3.66633715881e-24, 5.14552511459e-24, 4.44166752178e-24, 4.69693068337e-24, 5.74640598812e-24, 7.75128099039e-24, 5.40152546669e-24, 5.82131266981e-24, 6.05727082732e-24, 5.67187046549e-24, 5.71694518876e-24, 5.49331732162e-24, 8.0560274244e-24, 6.81189516926e-24, 7.28051641228e-24, 7.38981151298e-24, 7.75573095475e-24],
        "var": [3.21554871334e-05, 1.35195859912e-05, 1.0359586895e-06, 8.56251389791e-08, 6.65464369831e-07, 1.97774420485e-06, 7.75053422331e-07, 4.90146476295e-07, 2.09185230915e-07, 2.17596863195e-07, 1.16507933967e-07, 7.89953560343e-08, 3.4212842337e-08, 1.53332777586e-08, 1.00723305252e-08, 6.98681379419e-09, 1.62729154596e-08, 4.02940569799e-09, 3.46311734845e-09, 1.08415187938e-08, 1.72177716529e-09, 2.45759967932e-09, 1.98835703458e-09, 1.01994668267e-09, 8.64193272498e-10, 7.15132564277e-10, 6.70364208588e-10, 2.50463039198e-10, 1.86827497917e-10, 2.14561868273e-10, 1.57283547297e-10, 7.44357908644e-11, 8.15442574575e-11, 4.96854779541e-11, 3.67493639686e-11, 2.44437785984e-11, 1.60206743705e-11, 1.59218940116e-11, 1.16773925599e-11, 7.55700016453e-12]
    },
    "mfcc": {
        "mean": [-653.351867676, 103.334724426, 0.53152358532, 5.61250829697, 0.0536628440022, 4.94179391861, -0.193857312202, 6.55348825455, 6.31228733063, 6.62374973297, 5.46738433838, 7.64532661438, 8.18583965302],
        "cov": [[15648.2041016, -4389.47509766, -267.066009521, 1709.79907227, 435.049346924, 338.694976807, 137.638259888, 142.641357422, 31.4668827057, 61.9170837402, 73.6320877075, 208.618621826, 243.527770996], [-4389.47509766, 3765.44580078, 29.1725559235, -753.324462891, -147.628448486, -153.50402832, -87.8135604858, -4.53757333755, 43.3765449524, 9.78748893738, 7.58798551559, -33.2848320007, -4.61245298386], [-267.066009521, 29.1725559235, 521.149597168, 135.862091064, 86.3135986328, 85.3860549927, 19.8875160217, -28.4343910217, -17.6165351868, 0.485535115004, 16.9790782928, 33.568649292, 40.3694572449], [1709.79907227, -753.324462891, 135.862091064, 524.551269531, 180.133804321, 154.065933228, 73.8025283813, 44.5982627869, 4.09427213669, 17.5897750854, 27.621925354, 56.1242485046, 64.7717971802], [435.049346924, -147.628448486, 86.3135986328, 180.133804321, 220.353729248, 134.686767578, 95.3361587524, 69.6096572876, 32.5819778442, 40.6132202148, 29.0005741119, 24.6277999878, 18.0524711609], [338.694976807, -153.50402832, 85.3860549927, 154.065933228, 134.686767578, 182.388793945, 117.934768677, 75.7426147461, 48.4511413574, 46.1370239258, 31.6731567383, 19.9808597565, 12.3919410706], [137.638259888, -87.8135604858, 19.8875160217, 73.8025283813, 95.3361587524, 117.934768677, 154.546813965, 111.625831604, 75.0840148926, 60.9323043823, 28.9949417114, 1.38986885548, -12.8220329285], [142.641357422, -4.53757333755, -28.4343910217, 44.5982627869, 69.6096572876, 75.7426147461, 111.625831604, 148.875823975, 102.086502075, 74.3138275146, 30.2638034821, -2.92946410179, -17.3251686096], [31.4668827057, 43.3765449524, -17.6165351868, 4.09427213669, 32.5819778442, 48.4511413574, 75.0840148926, 102.086502075, 128.816879272, 96.7442474365, 47.4318122864, 5.4471988678, -20.4395656586], [61.9170837402, 9.78748893738, 0.485535115004, 17.5897750854, 40.6132202148, 46.1370239258, 60.9323043823, 74.3138275146, 96.7442474365, 127.116210938, 83.1289520264, 34.2481651306, -3.457269907], [73.6320877075, 7.58798551559, 16.9790782928, 27.621925354, 29.0005741119, 31.6731567383, 28.9949417114, 30.2638034821, 47.4318122864, 83.1289520264, 106.640594482, 68.7725753784, 26.7036628723], [208.618621826, -33.2848320007, 33.568649292, 56.1242485046, 24.6277999878, 19.9808597565, 1.38986885548, -2.92946410179, 5.4471988678, 34.2481651306, 68.7725753784, 104.922821045, 83.5508880615], [243.527770996, -4.61245298386, 40.3694572449, 64.7717971802, 18.0524711609, 12.3919410706, -12.8220329285, -17.3251686096, -20.4395656586, -3.457269907, 26.7036628723, 83.5508880615, 128.10357666]],
