{
"lowlevel": {
    "average_loudness": 0.913242459297,
    "barkbands_crest": {
        "dmean": 2.44401550293,
        "dmean2": 3.8384411335,
        "dvar": 5.48382711411,
        "dvar2": 12.8112192154,
        "max": 26.1354503632,
        "mean": 12.3758630753,
        "median": 11.3525457382,
        "min": 2.06023550034,
        "var": 32.4564819336
    },
    "barkbands_flatness_db": {
        "dmean": 0.0206627193838,
        "dmean2": 0.0305089764297,
        "dvar": 0.00048699681065,
        "dvar2": 0.00103313301224,
        "max": 0.516094267368,
        "mean": 0.142920613289,
        "median": 0.106999233365,
        "min": 0.0208352897316,
        "var": 0.00988670624793
    },
    "barkbands_kurtosis": {
        "dmean": 4.76783847809,
        "dmean2": 7.04145956039,
        "dvar": 444.238311768,
        "dvar2": 866.343139648,
        "max": 1488.2598877,
        "mean": 6.87563323975,
        "median": 0.0549899339676,
        "min": -1.73801243305,
        "var": 1268.9284668
    },
    "barkbands_skewness": {
        "dmean": 0.581423938274,
        "dmean2": 0.85445868969,
        "dvar": 0.565534174442,
        "dvar2": 1.21695649624,
        "max": 28.5260639191,
        "mean": 1.49244701862,
        "median": 0.915136933327,
        "min": -2.07722854614,
        "var": 3.53700566292
    },
    "barkbands_spread": {
        "dmean": 6.11383962631,
        "dmean2": 9.41884994507,
        "dvar": 57.6415977478,
        "dvar2": 132.776412964,
        "max": 90.880897522,
        "mean": 30.1717357635,
        "median": 32.3761520386,
        "min": 0.168623566628,
        "var": 324.317657471
    },
    "dissonance": {
        "dmean": 0.0177368223667,
        "dmean2": 0.0298631191254,
        "dvar": 0.000594496203121,
        "dvar2": 0.00162560166791,
        "max": 0.500000119209,
        "mean": 0.461812645197,
        "median": 0.477662920952,
        "min": 0.187694504857,
        "var": 0.00222519203089
    },
    "dynamic_complexity": 4.18304252625,
    "erbbands_crest": {
        "dmean": 1.96862196922,
        "dmean2": 3.17182946205,
        "dvar": 4.66627931595,
        "dvar2": 10.7278251648,
        "max": 31.903131485,
        "mean": 8.5296754837,
        "median": 6.35286235809,
        "min": 2.21995711327,
        "var": 36.4876594543
    },
    "erbbands_flatness_db": {
        "dmean": 0.0123092029244,
        "dmean2": 0.0181617792696,
        "dvar": 0.000195728236577,
        "dvar2": 0.000350573420292,
        "max": 0.433179199696,
        "mean": 0.151944816113,
        "median": 0.120041042566,
        "min": 0.053031694144,
        "var": 0.00632010446861
    },
    "erbbands_kurtosis": {
        "dmean": 0.989677071571,
        "dmean2": 1.50091958046,
        "dvar": 6.84934568405,
        "dvar2": 14.937795639,
        "max": 95.0383377075,
        "mean": 1.0245038271,
        "median": -0.396892547607,
        "min": -1.7313439846,
        "var": 23.8972053528
    },
    "erbbands_skewness": {
        "dmean": 0.284338712692,
        "dmean2": 0.439074724913,
        "dvar": 0.112025186419,
        "dvar2": 0.258859395981,
        "max": 6.43584346771,
        "mean": 0.21155911684,
        "median": 0.0617814585567,
        "min": -2.61566257477,
        "var": 0.656944692135
    },
    "erbbands_spread": {
        "dmean": 6.48436927795,
        "dmean2": 9.24309825897,
        "dvar": 67.6445236206,
        "dvar2": 113.543388367,
        "max": 131.167404175,
        "mean": 40.3485832214,
        "median": 38.2304229736,
        "min": 1.67983853817,
        "var": 523.52947998
    },
    "hfc": {
        "dmean": 5.34763765335,
        "dmean2": 7.90037870407,
        "dvar": 61.0874862671,
        "dvar2": 124.184303284,
        "max": 101.420509338,
        "mean": 28.4237785339,
        "median": 21.4608383179,
        "min": 1.09171164896e-16,
        "var": 574.335998535
    },
    "melbands_crest": {
        "dmean": 3.50387763977,
        "dmean2": 5.55370330811,
        "dvar": 10.4047269821,
        "dvar2": 24.6878242493,
        "max": 38.7084465027,
        "mean": 19.2242202759,
        "median": 18.5727920532,
        "min": 2.61117267609,
        "var": 54.4132041931
    },
    "melbands_flatness_db": {
        "dmean": 0.0258371327072,
        "dmean2": 0.0384993590415,
        "dvar": 0.000693967624102,
        "dvar2": 0.00150239816867,
        "max": 0.640552222729,
        "mean": 0.202668011189,
        "median": 0.160362377763,
        "min": 0.00719126593322,
        "var": 0.0125464899465
    },
    "melbands_kurtosis": {
        "dmean": 12.6876373291,
        "dmean2": 18.7003135681,
        "dvar": 1857.34301758,
        "dvar2": 4119.74658203,
        "max": 1861.11413574,
        "mean": 23.2120265961,
        "median": 4.53843212128,
        "min": -1.68716621399,
        "var": 5210.82714844
    },
    "melbands_skewness": {
        "dmean": 0.866089463234,
        "dmean2": 1.25178849697,
        "dvar": 1.41085863113,
        "dvar2": 3.09358072281,
        "max": 31.1498432159,
        "mean": 2.98609304428,
        "median": 1.99006938934,
        "min": -1.86392498016,
        "var": 8.47285747528
    },
    "melbands_spread": {
        "dmean": 6.83125400543,
        "dmean2": 10.5409317017,
        "dvar": 62.0291481018,
        "dvar2": 136.621292114,
        "max": 141.030441284,
        "mean": 30.1240825653,
        "median": 28.2349853516,
        "min": 0.144621059299,
        "var": 427.177429199
    },
    "pitch_salience": {
        "dmean": 0.0705630332232,
        "dmean2": 0.110650330782,
        "dvar": 0.00421211170033,
        "dvar2": 0.00956817995757,
        "max": 0.975044369698,
        "mean": 0.481018424034,
        "median": 0.502650916576,
        "min": 0.027453571558,
        "var": 0.0288756918162
    },
    "silence_rate_20dB": {
        "dmean": 0,
        "dmean2": 0,
        "dvar": 0,
        "dvar2": 0,
        "max": 1,
        "mean": 1,
        "median": 1,
        "min": 1,
        "var": 0
    },
    "silence_rate_30dB": {
        "dmean": 0,
        "dmean2": 0,
        "dvar": 0,
        "dvar2": 0,
        "max": 1,
        "mean": 1,
        "median": 1,
        "min": 1,
        "var": 0
    },
    "silence_rate_60dB": {
        "dmean": 0.0275218375027,
        "dmean2": 0.055050265044,
        "dvar": 0.0267668031156,
        "dvar2": 0.0613502934575,
        "max": 1,
        "mean": 0.0608997382224,
        "median": 0,
        "min": 0,
        "var": 0.0571957528591
    },
    "spectral_centroid": {
        "dmean": 216.988647461,
        "dmean2": 327.657287598,
        "dvar": 85630.3671875,
        "dvar2": 180992.96875,
        "max": 11286.8466797,
        "mean": 1834.22692871,
        "median": 2052.29321289,
        "min": 124.539710999,
        "var": 579163.5
    },
    "spectral_complexity": {
        "dmean": 3.50676083565,
        "dmean2": 5.54140758514,
        "dvar": 20.2760791779,
        "dvar2": 44.0208435059,
        "max": 59,
        "mean": 19.5848293304,
        "median": 18,
        "min": 0,
        "var": 166.113632202
    },
    "spectral_decrease": {
        "dmean": 1.52233103901e-09,
        "dmean2": 2.2717956405e-09,
        "dvar": 2.99198320634e-18,
        "dvar2": 6.45619265745e-18,
        "max": -6.19616621537e-29,
        "mean": -7.09356706707e-09,
        "median": -7.42835393197e-09,
        "min": -2.92329165319e-08,
        "var": 2.73207019522e-17
    },
    "spectral_energy": {
        "dmean": 0.00589345721528,
        "dmean2": 0.00881072785705,
        "dvar": 4.31837797805e-05,
        "dvar2": 9.42415135796e-05,
        "max": 0.112103350461,
        "mean": 0.0293508917093,
        "median": 0.0313361473382,
        "min": 1.01359998076e-20,
        "var": 0.000441218056949
    },
    "spectral_energyband_high": {
        "dmean": 0.000448919163318,
        "dmean2": 0.000672425609082,
        "dvar": 5.42040140772e-07,
        "dvar2": 1.21402251807e-06,
        "max": 0.00930232927203,
        "mean": 0.00180574099068,
        "median": 0.00104470946826,
        "min": 7.41621298985e-21,
        "var": 3.29256749865e-06
    },
    "spectral_energyband_low": {
        "dmean": 0.00479975156486,
        "dmean2": 0.00713044079021,
        "dvar": 4.99679517816e-05,
        "dvar2": 9.85704245977e-05,
        "max": 0.108546346426,
        "mean": 0.0140854939818,
        "median": 0.00893664173782,
        "min": 7.29688511829e-23,
        "var": 0.000300986808725
    },
    "spectral_energyband_middle_high": {
        "dmean": 0.00158809509594,
        "dmean2": 0.00243614031933,
        "dvar": 5.36885272595e-06,
        "dvar2": 1.168988274e-05,
        "max": 0.0422591492534,
        "mean": 0.00638397643343,
        "median": 0.00403286330402,
        "min": 1.42545756983e-21,
        "var": 4.00761418859e-05
    },
    "spectral_energyband_middle_low": {
        "dmean": 0.00279985088855,
        "dmean2": 0.00422419561073,
        "dvar": 2.09537229239e-05,
        "dvar2": 4.74287335237e-05,
        "max": 0.052180390805,
        "mean": 0.00761378742754,
        "median": 0.00540356943384,
        "min": 4.53247972191e-22,
        "var": 5.66499948036e-05
    },
    "spectral_entropy": {
        "dmean": 0.134161099792,
        "dmean2": 0.20312961936,
        "dvar": 0.0281529445201,
        "dvar2": 0.0626272335649,
        "max": 9.82089138031,
        "mean": 7.63810443878,
        "median": 7.85957527161,
        "min": 4.690574646,
        "var": 0.518135786057
    },
    "spectral_flux": {
        "dmean": 0.0220302529633,
        "dmean2": 0.0349621735513,
        "dvar": 0.000548445328604,
        "dvar2": 0.00121283018962,
        "max": 0.282751321793,
        "mean": 0.0733789801598,
        "median": 0.0697837769985,
        "min": 1.00677702286e-10,
        "var": 0.00187525548972
    },
    "spectral_kurtosis": {
        "dmean": 2.03631258011,
        "dmean2": 3.53695869446,
        "dvar": 30.97356987,
        "dvar2": 93.0596923828,
        "max": 112.681793213,
        "mean": 5.89305067062,
        "median": 2.66398906708,
        "min": -1.17166531086,
        "var": 127.06967926
    },
    "spectral_rms": {
        "dmean": 0.000547561852727,
        "dmean2": 0.000822784379125,
        "dvar": 2.86633223823e-07,
        "dvar2": 6.23024675406e-07,
        "max": 0.0104579692706,
        "mean": 0.00491356151178,
        "median": 0.00552918203175,
        "min": 3.144643183e-12,
        "var": 4.49206254416e-06
    },
    "spectral_rolloff": {
        "dmean": 532.852172852,
        "dmean2": 863.531921387,
        "dvar": 700685.9375,
        "dvar2": 1436057.125,
        "max": 18432.421875,
        "mean": 1919.15856934,
        "median": 1808.7890625,
        "min": 43.06640625,
        "var": 2483754.25
    },
    "spectral_skewness": {
        "dmean": 0.194991603494,
        "dmean2": 0.327216684818,
        "dvar": 0.120116136968,
        "dvar2": 0.358051687479,
        "max": 8.45982837677,
        "mean": 1.55324864388,
        "median": 1.26826572418,
        "min": 0.0044419830665,
        "var": 0.972336530685
    },
    "spectral_spread": {
        "dmean": 376305.71875,
        "dmean2": 557350.1875,
        "dvar": 279602954240,
        "dvar2": 372418838528,
        "max": 39771412,
        "mean": 5045476.5,
        "median": 5239137,
        "min": 723216.375,
        "var": 3.35174985318e+12
    },
    "spectral_strongpeak": {
        "dmean": 0.363197356462,
        "dmean2": 0.630104601383,
        "dvar": 0.504136323929,
        "dvar2": 1.24647951126,
        "max": 6.48241329193,
        "mean": 0.707908451557,
        "median": 0.303336679935,
        "min": 0,
        "var": 0.965243160725
    },
    "zerocrossingrate": {
        "dmean": 0.00955481734127,
        "dmean2": 0.0110701816157,
        "dvar": 0.000112409470603,
        "dvar2": 0.000141928830999,
        "max": 0.51953125,
        "mean": 0.0699508190155,
        "median": 0.07373046875,
        "min": 0.00146484375,
        "var": 0.00154756847769
    },
    "barkbands": {
        "dmean": [0.000446632388048, 0.00424316897988, 0.00105772202369, 0.000740564544685, 0.000835242390167, 0.000318381091347, 0.000617976591457, 0.000739474082366, 0.000891091825906, 0.000403742713388, 0.000453850487247, 0.000233347425819, 0.000425972073572, 0.000359482975909, 0.000295037403703, 0.000320032850141, 0.000283641071292, 0.000199471818632, 0.000198369016289, 0.000153624059749, 0.000146202190081, 0.000115821545478, 8.57869454194e-05, 8.13511505839e-05, 6.11493887845e-05, 3.91322791984e-05, 7.89791283751e-06],
        "dmean2": [0.000692873611115, 0.00631661526859, 0.00168740889058, 0.00119857373647, 0.00140522816218, 0.00052615639288, 0.000901933643036, 0.00108842062764, 0.00129072600976, 0.000618393183686, 0.000710460590199, 0.000355701486114, 0.000677705800626, 0.000583912886214, 0.000478098838357, 0.000521064328495, 0.00047117570648, 0.000318801641697, 0.000315627839882, 0.000245388015173, 0.00023506800062, 0.000181794195669, 0.000134466274176, 0.000126265047584, 9.40865938901e-05, 6.1118931626e-05, 1.26296436065e-05],
        "dvar": [5.30874331162e-07, 4.99042544106e-05, 2.73108580586e-05, 7.52565438233e-06, 9.43475242821e-06, 5.20430944562e-07, 1.7703409867e-06, 2.75967317975e-06, 6.08134905633e-06, 6.58885596749e-07, 1.12196380542e-06, 3.13539999297e-07, 8.94933521067e-07, 5.69478174839e-07, 3.15584458122e-07, 3.60825026746e-07, 2.03227926932e-07, 1.0270738926e-07, 9.18875215916e-08, 5.38259961047e-08, 4.67377034852e-08, 3.13656833839e-08, 1.81368271512e-08, 1.81295263246e-08, 1.34572619714e-08, 6.84005430074e-09, 2.82098316928e-10],
        "dvar2": [1.1984440107e-06, 9.74393842625e-05, 6.89080989105e-05, 1.8957976863e-05, 1.80358474609e-05, 1.29984164232e-06, 3.17323497256e-06, 5.06147944179e-06, 1.143686859e-05, 1.44492582876e-06, 2.68668622994e-06, 7.39658787552e-07, 2.24592577069e-06, 1.47449634369e-06, 8.27561279948e-07, 9.5246247156e-07, 5.6188872577e-07, 2.45518549491e-07, 2.25364686912e-07, 1.29565691509e-07, 1.14458757139e-07, 7.27913089804e-08, 4.37569696032e-08, 4.13020515566e-08, 3.31175833423e-08, 1.77007599689e-08, 7.59856011445e-10],
        "max": [0.0100569408387, 0.101584106684, 0.0629744008183, 0.0294016692787, 0.0403663367033, 0.0140679627657, 0.031593516469, 0.0301904380322, 0.0502842925489, 0.0179985705763, 0.0263382829726, 0.0165418814868, 0.019158244133, 0.0147991525009, 0.0107565261424, 0.0106536801904, 0.00673038745299, 0.00460059987381, 0.00485451333225, 0.00307379034348, 0.00289162946865, 0.00222884025425, 0.00170885305852, 0.00187718914822, 0.00147717597429, 0.000950172718149, 0.000270182528766],
        "mean": [0.00086905003991, 0.0115949576721, 0.00124910043087, 0.000842056411784, 0.00131674250588, 0.00069515267387, 0.00126621220261, 0.00128666323144, 0.00189573259559, 0.000791435653809, 0.000887903443072, 0.000421360804467, 0.000849074102007, 0.000669274828397, 0.000558325962629, 0.00061745516723, 0.000607571972068, 0.000420148833655, 0.000513248203788, 0.000412050954765, 0.000435659982031, 0.000341653067153, 0.000265212700469, 0.000248702068347, 0.000181547147804, 9.81178891379e-05, 1.65532401297e-05],
        "median": [0.00023276777938, 0.00713597610593, 0.000230073666899, 0.000141098978929, 0.000578644569032, 0.000343655468896, 0.000426004466135, 0.000331857037963, 0.000264961330686, 0.00028024794301, 0.000232840073295, 0.000134307570988, 0.000260114204139, 0.000192441279069, 0.00020837970078, 0.000272422446869, 0.000283722009044, 0.000208236888284, 0.000247505086008, 0.000211293052416, 0.000259368447587, 0.000188348611118, 0.000152816617629, 0.000126981656649, 7.76833621785e-05, 3.51304988726e-05, 3.25344035446e-06],
        "min": [3.4474408005e-23, 3.92316305385e-23, 1.82503806615e-23, 8.57028584852e-24, 3.14837100955e-23, 1.6129731644e-22, 9.28979641384e-23, 3.08917583386e-23, 4.91151678458e-23, 1.31157629689e-22, 1.28775711518e-22, 7.36239528331e-23, 7.71317774649e-23, 8.47523631359e-23, 1.15114079521e-22, 1.75051705857e-22, 2.12392455738e-22, 1.3787722261e-22, 2.07345790672e-22, 2.93588709644e-22, 3.11852770731e-22, 7.17880791313e-22, 5.25198700557e-22, 9.91605579466e-22, 9.96697001344e-22, 1.4780090852e-21, 2.45130511471e-21],
        "var": [1.92838979274e-06, 0.000233113081777, 2.24099840125e-05, 7.1138306339e-06, 1.18622674563e-05, 1.41793270814e-06, 5.95673873249e-06, 7.75030457589e-06, 2.30348559853e-05, 1.97288841264e-06, 3.10026712214e-06, 7.14929001333e-07, 2.7202866022e-06, 1.51068820742e-06, 7.93366496055e-07, 8.72317343692e-07, 5.8299315242e-07, 3.11167639211e-07, 3.7240207007e-07, 2.24543043714e-07, 2.2379828124e-07, 1.36702325904e-07, 8.25607031629e-08, 8.19666539087e-08, 5.4598572774e-08, 1.83966264444e-08, 5.59568058556e-10]
    },
    "erbbands": {
        "dmean": [0.193468376994, 0.752519845963, 1.1307785511, 1.82659482956, 2.53528118134, 3.15658402443, 2.28073573112, 2.7437942028, 7.59606313705, 15.4846286774, 11.0592308044, 23.4972877502, 11.852517128, 11.1570444107, 19.7806758881, 10.8107795715, 19.659318924, 19.9634933472, 10.6224737167, 19.2543525696, 12.2364835739, 12.8277444839, 10.6533317566, 11.0432338715, 8.75891685486, 7.80886888504, 6.27957725525, 5.00830936432, 4.15695381165, 3.47131729126, 2.35301160812, 1.82539737225, 1.30573391914, 0.770057201385, 0.451216936111, 0.207044929266, 0.0688426420093, 0.0143013792112, 0.00120080425404, 2.10288326343e-05],
        "dmean2": [0.279829442501, 1.06893968582, 1.63837742805, 2.94816327095, 3.83339619637, 5.21449708939, 3.81723546982, 4.50333309174, 10.8913145065, 22.8551692963, 16.2924671173, 33.8905334473, 17.5678920746, 17.1653461456, 31.0868854523, 16.5886173248, 31.5696430206, 32.5551109314, 17.2587070465, 31.2747707367, 20.2835884094, 21.1453933716, 17.5245513916, 17.718706131, 13.7418889999, 12.4979019165, 10.1197986603, 7.99072980881, 6.57648181915, 5.68431568146, 3.64465355873, 2.87543320656, 2.03542041779, 1.20400333405, 0.703551650047, 0.32381349802, 0.109489761293, 0.0220994222909, 0.0019210689934, 3.29470967699e-05],
        "dvar": [0.0800481289625, 2.53487229347, 23.3128566742, 49.8461799622, 60.6410713196, 172.264862061, 32.2869682312, 38.5293769836, 323.882904053, 1027.96459961, 607.27355957, 4529.34326172, 558.528808594, 635.201538086, 2157.49023438, 707.291625977, 2027.16003418, 1681.07592773, 455.770294189, 1407.18945312, 423.227142334, 422.251068115, 306.009521484, 295.017974854, 194.248352051, 145.718200684, 92.2312240601, 53.7176589966, 39.6685829163, 31.5915279388, 12.6185674667, 8.3425693512, 5.04039669037, 1.96292030811, 0.813372552395, 0.18344797194, 0.0219215620309, 0.000887512986083, 6.73401200402e-06, 1.56454127431e-09],
        "dvar2": [0.146862253547, 4.40660476685, 51.2672996521, 127.981765747, 143.987075806, 335.257598877, 85.6758880615, 95.233291626, 564.248474121, 2047.36999512, 1096.54125977, 8566.12109375, 1128.11364746, 1450.20629883, 5324.42333984, 1723.67407227, 5108.15136719, 4419.55761719, 1146.55322266, 3713.01855469, 1115.77185059, 1154.54345703, 799.163208008, 735.123901367, 456.112030029, 359.885620117, 227.550842285, 131.155075073, 93.3688659668, 81.1201248169, 29.1983013153, 19.509601593, 11.9502305984, 4.90747976303, 2.01957654953, 0.468784034252, 0.058781567961, 0.00228752684779, 1.80657007149e-05, 4.08223144177e-09],
        "max": [3.71011567116, 26.7084350586, 63.7054367065, 79.3492050171, 103.294662476, 193.368484497, 66.9149246216, 127.759796143, 480.976715088, 771.775817871, 825.572692871, 1453.07055664, 490.854278564, 638.457275391, 979.624633789, 856.686279297, 944.866516113, 758.480651855, 455.445617676, 768.552307129, 376.253479004, 292.383453369, 319.212860107, 226.522903442, 307.236938477, 182.482437134, 141.4427948, 96.2312011719, 70.3762130737, 62.6195144653, 52.7421226501, 38.7923049927, 33.6344833374, 19.4741344452, 10.7673616409, 5.13137626648, 1.90441322327, 0.423747062683, 0.0400707758963, 0.000631270289887],
        "mean": [0.472745865583, 2.02888417244, 1.78385674953, 2.24246621132, 3.61204624176, 4.62724590302, 4.03292560577, 6.00424623489, 17.1230335236, 28.8636684418, 22.7286014557, 50.8523483276, 24.0720748901, 23.7023525238, 39.7034835815, 22.8353557587, 41.0478515625, 39.6294364929, 22.259021759, 40.1773262024, 27.8134899139, 29.1593647003, 26.1667842865, 27.4756355286, 23.5472621918, 21.5600891113, 18.2037296295, 15.4886951447, 12.5076904297, 10.1526479721, 7.38655233383, 5.52535772324, 3.78483223915, 2.23367261887, 1.20130741596, 0.521208763123, 0.161875247955, 0.0346957854927, 0.00251430110075, 8.03035654826e-05],
        "median": [0.276876747608, 0.985616922379, 0.589909911156, 0.53459918499, 0.790788888931, 1.9572160244, 2.34154653549, 2.98107242584, 6.14303445816, 8.89781761169, 7.22199201584, 7.58390235901, 8.32862663269, 9.76120471954, 12.9077072144, 9.97163200378, 14.9938697815, 14.629404068, 11.7152738571, 15.5278835297, 16.3062057495, 14.7251224518, 14.2446222305, 14.2105998993, 11.8601140976, 10.6971168518, 9.96011734009, 9.18643188477, 6.82224702835, 5.90815448761, 4.15541267395, 2.87966632843, 1.90062177181, 0.955931961536, 0.493654847145, 0.204192608595, 0.0538223832846, 0.00869199912995, 0.000505079398863, 5.62355016882e-05],
        "min": [8.69533532191e-22, 1.05000287474e-20, 2.23951363719e-20, 2.23259407749e-20, 5.78919606166e-20, 7.70768574988e-20, 6.66957330564e-19, 1.45535232307e-18, 1.9001635276e-18, 6.44052285812e-19, 5.82922604569e-19, 1.23849989446e-18, 3.82885610093e-18, 5.39745524012e-18, 3.16681775497e-18, 3.39535390295e-18, 3.6825390175e-18, 4.34154388536e-18, 4.89714704074e-18, 8.09467366916e-18, 9.11519699655e-18, 1.15190533398e-17, 7.73183751091e-18, 1.23446325307e-17, 9.70771225958e-18, 1.20417636581e-17, 1.67115067544e-17, 1.35270218691e-17, 2.13338069065e-17, 2.10227489459e-17, 1.53440878663e-17, 2.03205056931e-17, 1.542253933e-17, 1.163811689e-17, 6.92281020408e-18, 4.82370167415e-18, 2.75511093895e-18, 1.44792051886e-18, 3.36952875553e-19, 3.49650569708e-20],
        "var": [0.341383069754, 10.6146755219, 28.8687458038, 42.2737770081, 86.1893005371, 199.221038818, 34.819519043, 106.193260193, 1208.4173584, 2985.47949219, 2062.35693359, 17300.0410156, 1608.31347656, 1897.72509766, 5713.20263672, 1736.27758789, 6121.50537109, 4493.84277344, 1086.00170898, 4040.95800781, 1190.69091797, 1260.15063477, 1054.11767578, 1043.76318359, 787.171569824, 646.891845703, 405.965606689, 271.228729248, 182.764785767, 118.135688782, 63.4244346619, 39.197933197, 19.9115943909, 8.02086353302, 2.58833003044, 0.519406020641, 0.0505310669541, 0.00220572506078, 1.33041357913e-05, 5.6711213503e-09]
    },
    "gfcc": {
        "mean": [-3.95633912086, 68.3526611328, -118.468833923, 33.3488807678, -54.7992362976, 17.7086544037, -27.4747695923, 14.8697538376, -12.4263305664, 11.3481836319, -8.21136951447, 6.1259264946, -8.25166130066],
        "cov": [[14880.2587891, -4186.97314453, 716.233764648, 801.808959961, 427.495239258, 1055.87402344, -401.082489014, 762.004333496, -1037.20471191, 336.577789307, -1035.78637695, 287.092895508, -655.030151367], [-4186.97314453, 3000.67236328, 115.397331238, -409.719604492, 147.418106079, -378.299499512, 383.359954834, -309.483764648, 502.662567139, -167.74961853, 467.603851318, -106.159851074, 281.312835693], [716.233764648, 115.397331238, 1649.36572266, 576.140136719, 431.214691162, 444.437530518, 215.750915527, 239.780914307, 49.0860595703, 67.0055007935, -57.1505088806, 46.081653595, -47.5966491699], [801.808959961, -409.719604492, 576.140136719, 647.005187988, 258.979553223, 361.750671387, 84.5475082397, 193.085601807, -6.70650911331, 87.0021209717, -36.6239929199, 62.6478271484, -43.7785835266], [427.495239258, 147.418106079, 431.214691162, 258.979553223, 320.463195801, 210.143127441, 146.723922729, 115.081489563, 49.5676383972, 53.3248405457, 16.3056030273, 23.5595855713, -9.26803588867], [1055.87402344, -378.299499512, 444.437530518, 361.750671387, 210.143127441, 356.359375, 104.52432251, 190.914840698, -22.0011539459, 81.998298645, -48.2211952209, 48.2452049255, -44.1136322021], [-401.082489014, 383.359954834, 215.750915527, 84.5475082397, 146.723922729, 104.52432251, 233.029937744, 79.9237365723, 143.492233276, 31.0398216248, 81.3879852295, -1.34104776382, 32.0209197998], [762.004333496, -309.483764648, 239.780914307, 193.085601807, 115.081489563, 190.914840698, 79.9237365723, 203.593887329, 9.21693897247, 80.2116546631, -20.4178409576, 23.447221756, -35.4357261658], [-1037.20471191, 502.662567139, 49.0860595703, -6.70650911331, 49.5676383972, -22.0011539459, 143.492233276, 9.21693897247, 221.462997437, 21.9251976013, 140.380371094, -12.0706253052, 53.3535270691], [336.577789307, -167.74961853, 67.0055007935, 87.0021209717, 53.3248405457, 81.998298645, 31.0398216248, 80.2116546631, 21.9251976013, 119.238845825, 37.753692627, 55.6545715332, -4.38717937469], [-1035.78637695, 467.603851318, -57.1505088806, -36.6239929199, 16.3056030273, -48.2211952209, 81.3879852295, -20.4178409576, 140.380371094, 37.753692627, 198.927963257, 27.8002758026, 80.7618255615], [287.092895508, -106.159851074, 46.081653595, 62.6478271484, 23.5595855713, 48.2452049255, -1.34104776382, 23.447221756, -12.0706253052, 55.6545715332, 27.8002758026, 106.745643616, 22.5281848907], [-655.030151367, 281.312835693, -47.5966491699, -43.7785835266, -9.26803588867, -44.1136322021, 32.0209197998, -35.4357261658, 53.3535270691, -4.38717937469, 80.7618255615, 22.5281848907, 102.376701355]],
        "icov": [[0.000235218030866, -7.74021391408e-05, 0.000110784589197, 0.000204334210139, -0.000262925721472, -0.000365578307537, 0.000256516766967, -0.00055788422469, 0.000466647994472, -0.000314822100336, 0.000802655762527, -0.000659120967612, 0.000657055526972], [-7.74021391408e-05, 0.00199739891104, -0.000619644182734, 0.000595543475356, -0.00153349211905, 0.00154872832354, -0.00200656987727, 0.0022474960424, -0.0010386405047, 0.00212141079828, -0.002847480122, 0.00105342606548, -0.00143642199691], [0.000110784589197, -0.000619644182734, 0.00135821022559, -0.000469336519018, -0.000481396506075, -0.00109367840923, 0.000580561812967, -0.000971982488409, 6.44840547466e-05, -0.000247398216743, 0.00161964562722, -0.000830736069474, 0.000670302193612], [0.000204334210139, 0.000595543475356, -0.000469336519018, 0.00456889951602, -0.00189425435383, -0.00344385998324, 0.00151865032967, -8.94750846783e-05, -0.00102565519046, 0.000826747564133, -0.000368287146557, -0.000939837074839, 0.000312390853651], [-0.000262925721472, -0.00153349211905, -0.000481396506075, -0.00189425435383, 0.00899216998369, -0.00223426194862, -0.00207140832208, -0.000258337851847, 0.00115508656017, -0.00213157152757, 0.000531559693627, 0.000517296430189, 0.00068096985342], [-0.000365578307537, 0.00154872832354, -0.00109367840923, -0.00344385998324, -0.00223426194862, 0.0140399280936, -0.00540806073695, -0.00233332882635, 0.0018423065776, 0.000775968946982, -0.00185947737191, 0.000180628703674, -0.00134420709219], [0.000256516766967, -0.00200656987727, 0.000580561812967, 0.00151865032967, -0.00207140832208, -0.00540806073695, 0.0149241453037, -0.00493178982288, -0.00580348353833, -0.000378518772777, 0.00304420455359, -0.000904177431948, -1.27626735775e-05], [-0.00055788422469, 0.0022474960424, -0.000971982488409, -8.94750846783e-05, -0.000258337851847, -0.00233332882635, -0.00493178982288, 0.0162023566663, -0.00226443796419, -0.00318183843046, -0.00310822762549, 0.00423796614632, -0.00155030330643], [0.000466647994472, -0.0010386405047, 6.44840547466e-05, -0.00102565519046, 0.00115508656017, 0.0018423065776, -0.00580348353833, -0.00226443796419, 0.0152270803228, -0.00292254448868, -0.00409868964925, 0.00146963028237, 0.0022100280039], [-0.000314822100336, 0.00212141079828, -0.000247398216743, 0.000826747564133, -0.00213157152757, 0.000775968946982, -0.000378518772777, -0.00318183843046, -0.00292254448868, 0.0202247910202, -0.00791771057993, -0.00572707504034, 0.00144947727676], [0.000802655762527, -0.002847480122, 0.00161964562722, -0.000368287146557, 0.000531559693627, -0.00185947737191, 0.00304420455359, -0.00310822762549, -0.00409868964925, -0.00791771057993, 0.0202874019742, -0.00516376970336, -0.00229674694128], [-0.000659120967612, 0.00105342606548, -0.000830736069474, -0.000939837074839, 0.000517296430189, 0.000180628703674, -0.000904177431948, 0.00423796614632, 0.00146963028237, -0.00572707504034, -0.00516376970336, 0.0179149229079, -0.00690559251234], [0.000657055526972, -0.00143642199691, 0.000670302193612, 0.000312390853651, 0.00068096985342, -0.00134420709219, -1.27626735775e-05, -0.00155030330643, 0.0022100280039, 0.00144947727676, -0.00229674694128, -0.00690559251234, 0.0195556953549]]
    },
    "melbands": {
        "dmean": [0.00138628832065, 0.000619446684141, 0.000319796177791, 0.00020137980755, 9.37962904572e-05, 6.35340911685e-05, 0.000117931580462, 0.000176408648258, 0.000101540565083, 0.000140451622428, 5.84128938499e-05, 4.65181838081e-05, 6.4229745476e-05, 3.53654577339e-05, 3.90655950468e-05, 3.53968171112e-05, 4.19850584876e-05, 1.73721364263e-05, 1.81960804184e-05, 3.10526957037e-05, 1.26859622469e-05, 1.26427139548e-05, 1.75533623405e-05, 9.00138275028e-06, 1.00263396234e-05, 8.15872044768e-06, 5.21229458172e-06, 5.69357780478e-06, 4.31887337982e-06, 4.22781158704e-06, 3.21546849591e-06, 2.5577278393e-06, 2.26353677135e-06, 2.07690050047e-06, 1.54205463332e-06, 1.2883291447e-06, 1.20304002849e-06, 1.03574313925e-06, 8.85371434833e-07, 6.39369147848e-07],
        "dmean2": [0.00204048957676, 0.000879438361153, 0.000482359144371, 0.000326483219396, 0.000153863642481, 0.000103825434053, 0.00016955594765, 0.000259692489635, 0.000148875289597, 0.000202962910407, 8.71643787832e-05, 7.18358860468e-05, 0.000100328623375, 5.51127777726e-05, 6.25420434517e-05, 5.61895612918e-05, 6.8852219556e-05, 2.79142732325e-05, 2.94646379189e-05, 5.13171726197e-05, 2.06264758162e-05, 2.08555684367e-05, 2.89298695861e-05, 1.42317476275e-05, 1.61176540132e-05, 1.30757334773e-05, 8.18288845039e-06, 9.17067700357e-06, 7.01611952536e-06, 6.89924536346e-06, 5.23181324752e-06, 4.08027972298e-06, 3.63154072147e-06, 3.44343698089e-06, 2.44586635745e-06, 2.02524961423e-06, 1.93556206796e-06, 1.61874856985e-06, 1.43924626173e-06, 1.00012402982e-06],
        "dvar": [4.232496849e-06, 3.3935209558e-06, 1.22539790937e-06, 5.42043324003e-07, 7.85396991887e-08, 2.14653486097e-08, 7.54585443019e-08, 1.3904177365e-07, 5.46571925497e-08, 1.53833681793e-07, 1.40372282686e-08, 1.21935359587e-08, 2.26058709529e-08, 5.89208415391e-09, 7.5817361278e-09, 6.2553522362e-09, 8.20812751101e-09, 1.15406528778e-09, 1.22480903197e-09, 3.5074534388e-09, 4.4335699001e-10, 4.67998528819e-10, 8.69168625961e-10, 2.43657177768e-10, 2.64155197716e-10, 2.00093136504e-10, 6.12800296618e-11, 8.00025878878e-11, 4.34866309629e-11, 4.04074204652e-11, 2.36993896729e-11, 1.56157187875e-11, 1.18788269152e-11, 1.18162762561e-11, 5.28455968221e-12, 4.15827788869e-12, 3.66316482356e-12, 3.18941401067e-12, 2.51470393987e-12, 1.25022203961e-12],
        "dvar2": [7.98208202468e-06, 5.82901202506e-06, 2.91974333777e-06, 1.0688686416e-06, 1.91553354512e-07, 5.13678806158e-08, 1.31351939103e-07, 2.73225879255e-07, 1.02833951132e-07, 2.89733094405e-07, 2.84963359576e-08, 2.78644076701e-08, 5.35919184586e-08, 1.43047635959e-08, 1.90960989244e-08, 1.54125494589e-08, 2.16963087496e-08, 2.82825740605e-09, 3.21820814442e-09, 9.60358548241e-09, 1.0956536789e-09, 1.27824917318e-09, 2.31770180825e-09, 5.59568225089e-10, 6.45938358357e-10, 4.84917550558e-10, 1.45181353051e-10, 1.99173330606e-10, 1.08691104728e-10, 1.01621419613e-10, 5.99482061214e-11, 3.75768027805e-11, 2.92224230924e-11, 3.12288042648e-11, 1.26497423647e-11, 9.91912888632e-12, 9.06393363143e-12, 7.6971450047e-12, 6.44021554835e-12, 3.08451224632e-12],
        "max": [0.0289617627859, 0.0248825605959, 0.0118654258549, 0.0106161758304, 0.00381810939871, 0.00311933550984, 0.00732714403421, 0.00699362065643, 0.00627695722505, 0.00978065934032, 0.00243247230537, 0.0028778729029, 0.00402719015256, 0.00177462212741, 0.00198427354917, 0.00178777065594, 0.00173438235652, 0.00071400863817, 0.000726396217942, 0.000987542211078, 0.000337692763424, 0.000372940063244, 0.000489785859827, 0.000275456928648, 0.000208345867577, 0.000311012787279, 0.000103299200418, 0.000136288028443, 9.74543072516e-05, 8.92323878361e-05, 7.81686685514e-05, 5.24817805854e-05, 4.66089477413e-05, 3.94572416553e-05, 3.03389533656e-05, 2.99718503811e-05, 2.61061177298e-05, 2.95107111015e-05, 2.1103211111e-05, 1.64217926795e-05],
        "mean": [0.00368391233496, 0.00152715924196, 0.000435596331954, 0.000301652064081, 0.000159250528668, 0.000140508345794, 0.00026203590096, 0.00032200186979, 0.000210208643693, 0.000299389474094, 0.000111536937766, 9.19510348467e-05, 0.000126715021906, 6.89224179951e-05, 7.79628462624e-05, 7.30617975933e-05, 7.75056250859e-05, 3.27934139932e-05, 3.67855463992e-05, 6.22073785053e-05, 2.55651648331e-05, 2.67367304332e-05, 3.53237446689e-05, 1.94757722056e-05, 2.21008267545e-05, 1.93451633095e-05, 1.32147351906e-05, 1.43590050357e-05, 1.10711907837e-05, 1.08580361484e-05, 8.80873994902e-06, 7.05701722836e-06, 6.18007015873e-06, 5.46209457752e-06, 4.38218830823e-06, 3.55271845365e-06, 3.32436570716e-06, 2.76500281871e-06, 2.23613778871e-06, 1.74787726337e-06],
        "median": [0.00230625248514, 0.000617940793745, 0.000103241254692, 0.000111555455078, 9.42878978094e-05, 6.52787275612e-05, 8.99961596588e-05, 9.27932051127e-05, 5.35333238076e-05, 4.32482738688e-05, 3.52428360202e-05, 2.9852562875e-05, 3.59613259207e-05, 2.44371931331e-05, 2.66712886514e-05, 2.39232722379e-05, 2.06000495382e-05, 1.43583929457e-05, 1.39146341098e-05, 2.47800962825e-05, 1.39935664265e-05, 1.22731598822e-05, 1.5984132915e-05, 9.56356961979e-06, 1.02845497167e-05, 9.11023289518e-06, 6.69088422001e-06, 6.80565608491e-06, 6.02756517765e-06, 6.10785991739e-06, 4.8971041906e-06, 3.677927225e-06, 3.47140326085e-06, 3.13629675475e-06, 2.44167949859e-06, 1.86029888027e-06, 1.68532869793e-06, 1.36927474159e-06, 1.01582349998e-06, 7.06782429916e-07],
        "min": [1.21982508407e-23, 1.25694540729e-23, 5.33356233869e-24, 3.68990674493e-24, 1.90466063722e-23, 3.44230878699e-23, 2.5106489118e-23, 6.4678394019e-24, 4.70787139526e-24, 8.43681137221e-24, 1.83494237259e-23, 2.0317685327e-23, 1.27050403298e-23, 9.09767644012e-24, 7.11615172065e-24, 8.03957336364e-24, 8.40316882119e-24, 7.00803360043e-24, 9.75600689794e-24, 1.16874405276e-23, 1.07016539081e-23, 1.21816311192e-23, 7.9935417521e-24, 7.98662580854e-24, 1.03378849011e-23, 6.50975631496e-24, 7.83393546945e-24, 7.99044152874e-24, 1.05825587883e-23, 8.88273156497e-24, 7.76560197126e-24, 1.26593495062e-23, 1.28873949944e-23, 1.01203754392e-23, 6.42801849227e-24, 1.45872245843e-23, 1.14484322394e-23, 1.02237020183e-23, 9.90386783057e-24, 1.0510800845e-23],
        "var": [2.07496905205e-05, 9.30882742978e-06, 1.31250988034e-06, 7.22867639524e-07, 7.95202268478e-08, 6.74843221304e-08, 2.77413846561e-07, 4.01671513828e-07, 2.06699439786e-07, 5.90860736338e-07, 3.85976868245e-08, 3.57502862869e-08, 6.30697059023e-08, 1.43034792899e-08, 2.08808206281e-08, 2.1303046438e-08, 2.13296580398e-08, 2.65987187831e-09, 3.49106232811e-09, 9.00781937929e-09, 1.17024356872e-09, 1.30311628155e-09, 2.31062058376e-09, 7.26112725502e-10, 8.18741796582e-10, 6.73556044273e-10, 2.45223896744e-10, 3.0987706845e-10, 1.55260290735e-10, 1.50687962108e-10, 9.85575371315e-11, 6.20927614881e-11, 4.59910894091e-11, 3.66372418514e-11, 2.27490734583e-11, 1.61550928884e-11, 1.53515707091e-11, 1.09580105406e-11, 7.65944252468e-12, 5.30518684538e-12]
    },
    "mfcc": {
        "mean": [-646.10760498, 97.2839660645, 0.0353671945632, 21.596124649, 2.08106732368, 7.09560680389, 0.829631567001, 6.12960624695, 3.91106677055, 6.66570949554, 6.12032747269, 8.33588218689, 4.96498918533],
        "cov": [[13080.5214844, -3244.58154297, -702.150756836, 47.0140609741, 80.1321487427, 323.858459473, 359.310028076, 273.680023193, 194.930282593, -59.2249946594, -220.138763428, -211.408401489, -232.204452515], [-3244.58154297, 2283.52392578, 196.30229187, -76.7275009155, -56.9177284241, -115.7527771, -84.0076217651, -72.0834579468, -66.9137115479, 10.931016922, 91.3948669434, 53.0135536194, 100.520301819], [-702.150756836, 196.30229187, 1000.06066895, 273.774536133, 354.247558594, 230.064163208, 215.134963989, 190.831634521, 150.52986145, 136.994003296, 93.4189071655, 36.5717010498, 46.044921875], [47.0140609741, -76.7275009155, 273.774536133, 318.942871094, 199.915924072, 175.125213623, 117.653137207, 112.469261169, 70.8382797241, 72.6211013794, 62.0477485657, 53.7016181946, 32.6674957275], [80.1321487427, -56.9177284241, 354.247558594, 199.915924072, 276.97454834, 173.599472046, 151.261856079, 118.744735718, 86.4596633911, 78.8445739746, 47.4030532837, 36.3021697998, 31.2087135315], [323.858459473, -115.7527771, 230.064163208, 175.125213623, 173.599472046, 225.565689087, 144.48538208, 115.982933044, 85.4600830078, 57.5073013306, 49.7882041931, 32.4716873169, 30.9933719635], [359.310028076, -84.0076217651, 215.134963989, 117.653137207, 151.261856079, 144.48538208, 208.432983398, 124.260932922, 97.0071792603, 80.0853652954, 50.0388679504, 42.9510231018, 20.4548606873], [273.680023193, -72.0834579468, 190.831634521, 112.469261169, 118.744735718, 115.982933044, 124.260932922, 153.894287109, 85.3809814453, 75.468460083, 53.0402145386, 32.8294830322, 18.6834754944], [194.930282593, -66.9137115479, 150.52986145, 70.8382797241, 86.4596633911, 85.4600830078, 97.0071792603, 85.3809814453, 120.005691528, 72.7226333618, 46.8916702271, 25.8258113861, 9.7110080719], [-59.2249946594, 10.931016922, 136.994003296, 72.6211013794, 78.8445739746, 57.5073013306, 80.0853652954, 75.468460083, 72.7226333618, 128.454925537, 73.5041885376, 58.9067459106, 22.5248165131], [-220.138763428, 91.3948669434, 93.4189071655, 62.0477485657, 47.4030532837, 49.7882041931, 50.0388679504, 53.0402145386, 46.8916702271, 73.5041885376, 111.284561157, 65.9420471191, 45.509223938], [-211.408401489, 53.0135536194, 36.5717010498, 53.7016181946, 36.3021697998, 32.4716873169, 42.9510231018, 32.8294830322, 25.8258113861, 58.9067459106, 65.9420471191, 99.3000106812, 57.5218391418], [-232.204452515, 100.520301819, 46.044921875, 32.6674957275, 31.2087135315, 30.9933719635, 20.4548606873, 18.6834754944, 9.7110080719, 22.5248165131, 45.509223938, 57.5218391418, 99.2778015137]],
