{
"lowlevel": {
    "average_loudness": 0.89419233799,
    "barkbands_crest": {
        "dmean": 2.69171023369,
        "dmean2": 3.94694137573,
        "dvar": 6.5468916893,
        "dvar2": 13.3049144745,
        "max": 25.4918746948,
        "mean": 8.80913829803,
        "median": 7.35052776337,
        "min": 2.09630417824,
        "var": 23.3835372925
    },
    "barkbands_flatness_db": {
        "dmean": 0.0217250101268,
        "dmean2": 0.0330415852368,
        "dvar": 0.000484685122501,
        "dvar2": 0.00102574937046,
        "max": 0.28688532114,
        "mean": 0.0916783958673,
        "median": 0.0836660265923,
        "min": 0.0115151014179,
        "var": 0.0017268776428
    },
    "barkbands_kurtosis": {
        "dmean": 0.962110996246,
        "dmean2": 1.47642922401,
        "dvar": 2.53567504883,
        "dvar2": 4.83909416199,
        "max": 36.6413803101,
        "mean": 0.171721965075,
        "median": -0.715721964836,
        "min": -1.89173138142,
        "var": 7.3996553421
    },
    "barkbands_skewness": {
        "dmean": 0.431915432215,
        "dmean2": 0.620503544807,
        "dvar": 0.202475681901,
        "dvar2": 0.386531829834,
        "max": 6.09954929352,
        "mean": 0.0930171608925,
        "median": -0.0159881561995,
        "min": -2.90295052528,
        "var": 1.15242803097
    },
    "barkbands_spread": {
        "dmean": 10.3927774429,
        "dmean2": 15.7260732651,
        "dvar": 101.702644348,
        "dvar2": 232.967193604,
        "max": 116.821495056,
        "mean": 49.9041900635,
        "median": 47.4489402771,
        "min": 3.98723435402,
        "var": 545.836364746
    },
    "dissonance": {
        "dmean": 0.0113358553499,
        "dmean2": 0.0196166932583,
        "dvar": 0.00016249140026,
        "dvar2": 0.000460298586404,
        "max": 0.500000059605,
        "mean": 0.483588963747,
        "median": 0.488365292549,
        "min": 0.315348088741,
        "var": 0.00028877297882
    },
    "dynamic_complexity": 2.04686403275,
    "erbbands_crest": {
        "dmean": 2.79221868515,
        "dmean2": 4.67737483978,
        "dvar": 8.40347099304,
        "dvar2": 22.3430709839,
        "max": 29.4723262787,
        "mean": 7.85214853287,
        "median": 6.48082304001,
        "min": 2.33948755264,
        "var": 20.1572418213
    },
    "erbbands_flatness_db": {
        "dmean": 0.0201438590884,
        "dmean2": 0.0300007164478,
        "dvar": 0.000398499250878,
        "dvar2": 0.000772179337218,
        "max": 0.347209274769,
        "mean": 0.133835524321,
        "median": 0.124411821365,
        "min": 0.0506573095918,
        "var": 0.00205754395574
    },
    "erbbands_kurtosis": {
        "dmean": 0.669896364212,
        "dmean2": 1.07573747635,
        "dvar": 0.475428789854,
        "dvar2": 1.26103425026,
        "max": 10.572974205,
        "mean": 0.1164316535,
        "median": -0.0958483219147,
        "min": -1.4786118269,
        "var": 1.04342365265
    },
    "erbbands_skewness": {
        "dmean": 0.332388579845,
        "dmean2": 0.525668740273,
        "dvar": 0.0824788361788,
        "dvar2": 0.217874988914,
        "max": 2.53721785545,
        "mean": -0.175423175097,
        "median": -0.221903562546,
        "min": -1.91620743275,
        "var": 0.276641726494
    },
    "erbbands_spread": {
        "dmean": 8.06067943573,
        "dmean2": 12.2658576965,
        "dvar": 75.4637374878,
        "dvar2": 153.497390747,
        "max": 138.467773438,
        "mean": 37.6311798096,
        "median": 35.9486656189,
        "min": 5.04732179642,
        "var": 208.779998779
    },
    "hfc": {
        "dmean": 20.7946414948,
        "dmean2": 33.10364151,
        "dvar": 671.720336914,
        "dvar2": 1639.07568359,
        "max": 288.553527832,
        "mean": 65.3441696167,
        "median": 59.5774307251,
        "min": 1.05824742862e-16,
        "var": 1844.57958984
    },
    "melbands_crest": {
        "dmean": 3.93082761765,
        "dmean2": 5.93409776688,
        "dvar": 14.9804782867,
        "dvar2": 33.9570465088,
        "max": 37.3174133301,
        "mean": 14.854924202,
        "median": 13.2936964035,
        "min": 1.57470297813,
        "var": 70.2359085083
    },
    "melbands_flatness_db": {
        "dmean": 0.0272704493254,
        "dmean2": 0.0397539660335,
        "dvar": 0.000879092141986,
        "dvar2": 0.00181575375609,
        "max": 0.367073625326,
        "mean": 0.111280821264,
        "median": 0.103971779346,
        "min": 0.00304918852635,
        "var": 0.00406899955124
    },
    "melbands_kurtosis": {
        "dmean": 4.67104625702,
        "dmean2": 6.51660394669,
        "dvar": 121.914840698,
        "dvar2": 206.292251587,
        "max": 266.542022705,
        "mean": 6.45472669601,
        "median": 0.803202748299,
        "min": -1.69300305843,
        "var": 347.430603027
    },
    "melbands_skewness": {
        "dmean": 0.711112737656,
        "dmean2": 0.980638742447,
        "dvar": 0.78532409668,
        "dvar2": 1.28891789913,
        "max": 14.9749698639,
        "mean": 1.68994045258,
        "median": 1.09801220894,
        "min": -1.13439965248,
        "var": 3.61176800728
    },
    "melbands_spread": {
        "dmean": 16.9718971252,
        "dmean2": 26.0612449646,
        "dvar": 291.580505371,
        "dvar2": 670.683837891,
        "max": 256.37677002,
        "mean": 69.5903549194,
        "median": 68.6513824463,
        "min": 2.55517268181,
        "var": 1187.39343262
    },
    "pitch_salience": {
        "dmean": 0.0792204886675,
        "dmean2": 0.12249263376,
        "dvar": 0.00737647153437,
        "dvar2": 0.015611955896,
        "max": 0.998992443085,
        "mean": 0.543971419334,
        "median": 0.548038005829,
        "min": 0.0540360882878,
        "var": 0.0237755086273
    },
    "silence_rate_20dB": {
        "dmean": 0,
        "dmean2": 0,
        "dvar": 0,
        "dvar2": 0,
        "max": 1,
        "mean": 1,
        "median": 1,
        "min": 1,
        "var": 0
    },
    "silence_rate_30dB": {
        "dmean": 0.00407181214541,
        "dmean2": 0.00814513117075,
        "dvar": 0.00405571097508,
        "dvar2": 0.00881800521165,
        "max": 1,
        "mean": 0.995188772678,
        "median": 1,
        "min": 0,
        "var": 0.0047878716141
    },
    "silence_rate_60dB": {
        "dmean": 0.00444197654724,
        "dmean2": 0.00888559781015,
        "dvar": 0.0044219950214,
        "dvar2": 0.0110285254195,
        "max": 1,
        "mean": 0.0958549231291,
        "median": 0,
        "min": 0,
        "var": 0.0866644009948
    },
    "spectral_centroid": {
        "dmean": 306.770294189,
        "dmean2": 478.771057129,
        "dvar": 97280.5390625,
        "dvar2": 230144.90625,
        "max": 11943.3417969,
        "mean": 3398.63134766,
        "median": 2924.70947266,
        "min": 962.017944336,
        "var": 4267190
    },
    "spectral_complexity": {
        "dmean": 5.54839897156,
        "dmean2": 8.91151428223,
        "dvar": 36.5637283325,
        "dvar2": 88.6795501709,
        "max": 55,
        "mean": 22.7194671631,
        "median": 24,
        "min": 0,
        "var": 125.590904236
    },
    "spectral_decrease": {
        "dmean": 1.97001082114e-09,
        "dmean2": 2.79193579367e-09,
        "dvar": 5.80437847066e-18,
        "dvar2": 1.10765075762e-17,
        "max": 6.0179694561e-11,
        "mean": -5.61376278796e-09,
        "median": -4.55672166666e-09,
        "min": -4.17893168958e-08,
        "var": 2.40124046728e-17
    },
    "spectral_energy": {
        "dmean": 0.00838113296777,
        "dmean2": 0.0122976014391,
        "dvar": 9.04649350559e-05,
        "dvar2": 0.000179054928594,
        "max": 0.161833882332,
        "mean": 0.027114611119,
        "median": 0.0249785929918,
        "min": 9.76436549138e-21,
        "var": 0.000380360666895
    },
    "spectral_energyband_high": {
        "dmean": 0.0019446691731,
        "dmean2": 0.00303137255833,
        "dvar": 5.51289713258e-06,
        "dvar2": 1.35467580549e-05,
        "max": 0.0281488168985,
        "mean": 0.00543230818585,
        "median": 0.00451624905691,
        "min": 6.83412825462e-21,
        "var": 1.68933147506e-05
    },
    "spectral_energyband_low": {
        "dmean": 0.0053703780286,
        "dmean2": 0.00741024129093,
        "dvar": 0.000101561512565,
        "dvar2": 0.000184179603821,
        "max": 0.156349912286,
        "mean": 0.0107274465263,
        "median": 0.00398126896471,
        "min": 8.43264934208e-24,
        "var": 0.000309702270897
    },
    "spectral_energyband_middle_high": {
        "dmean": 0.00351668032818,
        "dmean2": 0.0056448657997,
        "dvar": 1.84917826118e-05,
        "dvar2": 4.68389662274e-05,
        "max": 0.0550211891532,
        "mean": 0.00865494553,
        "median": 0.00709975138307,
        "min": 1.14490803676e-21,
        "var": 4.92952640343e-05
    },
    "spectral_energyband_middle_low": {
        "dmean": 0.00201405026019,
        "dmean2": 0.0035071936436,
        "dvar": 2.0517505618e-05,
        "dvar2": 5.95844358031e-05,
        "max": 0.0368518568575,
        "mean": 0.00261418288574,
        "median": 0.00169675704092,
        "min": 1.45379971395e-22,
        "var": 1.41301816257e-05
    },
    "spectral_entropy": {
        "dmean": 0.172178447247,
        "dmean2": 0.269761323929,
        "dvar": 0.0412670485675,
        "dvar2": 0.0975826978683,
        "max": 9.82759857178,
        "mean": 8.19348812103,
        "median": 8.14644050598,
        "min": 6.68582201004,
        "var": 0.306356877089
    },
    "spectral_flux": {
        "dmean": 0.0226067043841,
        "dmean2": 0.0325102396309,
        "dvar": 0.000627418630756,
        "dvar2": 0.00128486379981,
        "max": 0.365656763315,
        "mean": 0.0969406589866,
        "median": 0.0955835878849,
        "min": 6.28516544365e-11,
        "var": 0.00240259477869
    },
    "spectral_kurtosis": {
        "dmean": 0.577499806881,
        "dmean2": 0.911678850651,
        "dvar": 0.397523373365,
        "dvar2": 0.953173100948,
        "max": 13.3198432922,
        "mean": 2.09761977196,
        "median": 2.04594063759,
        "min": -1.29569959641,
        "var": 2.17846179008
    },
    "spectral_rms": {
        "dmean": 0.000790516496636,
        "dmean2": 0.00117741548456,
        "dvar": 6.81844710471e-07,
        "dvar2": 1.46496563502e-06,
        "max": 0.0125652980059,
        "mean": 0.00469743600115,
        "median": 0.00493653304875,
        "min": 3.08645600397e-12,
        "var": 4.38742335973e-06
    },
    "spectral_rolloff": {
        "dmean": 1528.24951172,
        "dmean2": 2362.09594727,
        "dvar": 3232934.5,
        "dvar2": 6304091,
        "max": 19659.8144531,
        "mean": 6654.47216797,
        "median": 5620.16601562,
        "min": 64.599609375,
        "var": 21061474
    },
    "spectral_skewness": {
        "dmean": 0.113368302584,
        "dmean2": 0.179201543331,
        "dvar": 0.0115742860362,
        "dvar2": 0.0283536780626,
        "max": 3.05786824226,
        "mean": 1.17719399929,
        "median": 1.21660816669,
        "min": -0.109549716115,
        "var": 0.146820411086
    },
    "spectral_spread": {
        "dmean": 754920.875,
        "dmean2": 1109727.625,
        "dvar": 969944662016,
        "dvar2": 1.91463673037e+12,
        "max": 43078480,
        "mean": 8800921,
        "median": 6601413,
        "min": 2396023,
        "var": 7.15091670467e+13
    },
    "spectral_strongpeak": {
        "dmean": 1.08573079109,
        "dmean2": 1.8612112999,
        "dvar": 3.11415457726,
        "dvar2": 8.13041782379,
        "max": 18.4705200195,
        "mean": 1.41384720802,
        "median": 0.388064265251,
        "min": 0,
        "var": 4.52253055573
    },
    "zerocrossingrate": {
        "dmean": 0.0238577313721,
        "dmean2": 0.0271171443164,
        "dvar": 0.000647376582492,
        "dvar2": 0.000818893779069,
        "max": 0.759765625,
        "mean": 0.18910625577,
        "median": 0.1689453125,
        "min": 0.0234375,
        "var": 0.0109641393647
    },
    "barkbands": {
        "dmean": [0.000403069134336, 0.00477405497804, 0.00155780359637, 0.000676720810588, 0.00054583849851, 0.000304987188429, 0.000216500178794, 0.000360027945135, 0.00023939293169, 0.00022114397143, 0.00111766101327, 0.000588466937188, 0.000304868619423, 0.00045534624951, 0.000943927792832, 0.000464747077785, 0.000416606140789, 0.000586439738981, 0.000599277671427, 0.000488867459353, 0.000415371818235, 0.000373155926354, 0.000354500924004, 0.000366519816453, 0.000373607210349, 0.000400607736083, 0.000222012051381],
        "dmean2": [0.000514156534337, 0.00674009835348, 0.0026762757916, 0.00127721054014, 0.00100539717823, 0.000510935555212, 0.000354053161573, 0.000568421557546, 0.000387137522921, 0.000350506103132, 0.0017965384759, 0.000989701598883, 0.000517933222, 0.000758288311772, 0.00157024664804, 0.000765589764342, 0.000687595806085, 0.000994688482024, 0.00101067021023, 0.000818395987153, 0.000690825399943, 0.000622125924565, 0.000589260889683, 0.000591452291701, 0.000587322341744, 0.000606044777669, 0.000360285135685],
        "dvar": [7.1408317126e-07, 9.2354726803e-05, 2.37564308918e-05, 6.28820589554e-06, 3.1166075587e-06, 4.67398933779e-07, 1.85892218951e-07, 4.07985083939e-07, 2.92405246682e-07, 1.50573171709e-07, 5.53996687813e-06, 2.31505578085e-06, 3.99803269602e-07, 6.64964431962e-07, 6.36152435618e-06, 8.99717690572e-07, 4.6402678322e-07, 9.51486754275e-07, 6.63346384044e-07, 5.53650693291e-07, 2.9224526088e-07, 2.31250510296e-07, 1.70523833276e-07, 1.92500976937e-07, 3.15547879381e-07, 3.56643795385e-07, 3.05848345761e-07],
        "dvar2": [1.34346726099e-06, 0.000169812861714, 6.17122059339e-05, 1.83634074347e-05, 9.049410437e-06, 1.18971900065e-06, 4.49883060583e-07, 9.7470081073e-07, 7.14481416253e-07, 3.6952420146e-07, 1.35971467898e-05, 6.72646410749e-06, 9.81877633421e-07, 1.66702773186e-06, 1.59997016453e-05, 2.35166953644e-06, 1.13560292903e-06, 2.69119709628e-06, 1.81413952305e-06, 1.49231595969e-06, 8.23428877084e-07, 6.26278335858e-07, 4.53993806104e-07, 5.00567011841e-07, 7.74854015617e-07, 7.80659945576e-07, 7.24618018921e-07],
        "max": [0.0165390558541, 0.137303575873, 0.0529297143221, 0.021916044876, 0.0165096744895, 0.0107384882867, 0.0098919402808, 0.0100113293156, 0.0147305550054, 0.0118246199563, 0.0353448539972, 0.0335594713688, 0.0155086405575, 0.020532540977, 0.0509234927595, 0.0233920067549, 0.0136596774682, 0.018621545285, 0.0119862193242, 0.0101672550663, 0.00867038965225, 0.00627093296498, 0.0063339015469, 0.00598543370143, 0.00594916939735, 0.00614714063704, 0.0101344846189],
        "mean": [0.000529209035449, 0.00880346540362, 0.00118347455282, 0.000435293331975, 0.000444273347966, 0.000361762999091, 0.000293651071843, 0.000540301960427, 0.000350095768226, 0.000327121902956, 0.00149661954492, 0.000878722465131, 0.000389503635233, 0.000632198469248, 0.00138188817073, 0.000675803748891, 0.000638141820673, 0.000860661850311, 0.00101256708149, 0.000858140818309, 0.000805052288342, 0.000764850061387, 0.000770571117755, 0.00081506621791, 0.000803806469776, 0.000846098584589, 0.000216260799789],
        "median": [8.89498041943e-05, 0.00276357028633, 7.72727798903e-05, 3.11889816658e-05, 6.42243248876e-05, 5.46935334569e-05, 0.000112054898636, 0.00021621385531, 0.000124306388898, 0.000157783797476, 0.000369715329725, 0.000267852039542, 0.000176528847078, 0.000344146159478, 0.000381523277611, 0.000377591786673, 0.000402330013458, 0.000497796980198, 0.000718995870557, 0.000549700693227, 0.000677273143083, 0.000615008408204, 0.000617613492068, 0.000651738082524, 0.000558293540962, 0.000479600246763, 2.54153819697e-05],
        "min": [9.76070663539e-26, 7.67508314061e-25, 4.30998888733e-25, 2.80555866448e-25, 4.74834311514e-24, 4.61736183373e-24, 6.15650676819e-24, 5.81811304998e-24, 8.28486098465e-24, 7.5688316625e-24, 1.0505237009e-23, 2.69154702359e-23, 1.90321796839e-23, 2.73667744044e-23, 3.6879054837e-23, 4.1612154004e-23, 4.26025814923e-23, 6.77165710998e-23, 9.34559033685e-23, 1.36974551165e-22, 2.15158113719e-22, 2.11886877939e-22, 3.24412168405e-22, 4.60683711975e-22, 8.6551223484e-22, 1.15320054259e-21, 1.77776865612e-21],
        "var": [1.29521754388e-06, 0.000240163863054, 1.7267127987e-05, 3.42872067449e-06, 1.8314992758e-06, 7.00501857409e-07, 3.34268008828e-07, 8.30371618576e-07, 5.53019390281e-07, 2.67413497568e-07, 1.02990425148e-05, 4.48002856501e-06, 5.3249073062e-07, 9.91265324046e-07, 1.18566931633e-05, 1.35975642479e-06, 7.24602671198e-07, 1.42344663345e-06, 1.05973231257e-06, 1.04654793631e-06, 4.81385200146e-07, 4.84504596443e-07, 4.56401693327e-07, 4.65307437025e-07, 6.59884847209e-07, 1.07159257823e-06, 3.04693003272e-07]
    },
    "erbbands": {
        "dmean": [0.157513782382, 1.18012821674, 2.04319095612, 1.99799335003, 1.91329419613, 1.74038732052, 1.9895979166, 2.7035882473, 2.9945628643, 6.00461244583, 6.00561666489, 5.38406991959, 7.40367984772, 10.215845108, 51.2079963684, 27.662525177, 14.6050462723, 24.2207927704, 30.6939373016, 41.1799507141, 19.0829906464, 19.4199523926, 26.2743263245, 38.5325202942, 27.8436050415, 21.0261077881, 19.292886734, 13.334523201, 15.7579488754, 10.089176178, 10.8383579254, 7.10188579559, 6.59278488159, 4.32714414597, 2.94718623161, 1.84280645847, 0.743923306465, 0.292160600424, 0.0323131605983, 0.000442979770014],
        "dmean2": [0.196654975414, 1.62909674644, 3.29527211189, 3.59429454803, 3.58994245529, 3.1883225441, 3.56659245491, 4.45175886154, 4.90549707413, 9.49132728577, 9.68018054962, 8.71589851379, 11.6199617386, 16.6658668518, 82.2598495483, 46.5701522827, 24.7977638245, 40.5363540649, 51.1598892212, 68.5096740723, 31.1833953857, 32.4159088135, 44.4050636292, 65.206993103, 46.809551239, 35.001083374, 32.4184494019, 21.8740940094, 26.4594573975, 16.61120224, 17.9867229462, 11.4681787491, 10.6830978394, 6.8973903656, 4.64424991608, 2.86951708794, 1.14242005348, 0.453516036272, 0.0527488701046, 0.000708993058652],
        "dvar": [0.0909246057272, 6.27434635162, 34.9556846619, 46.0221786499, 50.3733291626, 29.6290435791, 27.1068668365, 37.7612571716, 39.0614700317, 124.365661621, 146.41885376, 155.567001343, 202.850021362, 1168.18078613, 12432.203125, 5614.9296875, 867.26751709, 1593.93981934, 7450.57568359, 7782.36035156, 999.577087402, 963.174438477, 2651.83129883, 3691.27734375, 1883.97094727, 972.722839355, 672.508850098, 240.775177002, 572.329040527, 137.777709961, 165.108840942, 75.4403457642, 77.7316818237, 40.0263328552, 19.8048095703, 7.90775966644, 1.24824619293, 0.375769048929, 0.00706707779318, 1.18318541809e-06],
        "dvar2": [0.158015877008, 11.6801357269, 84.7677688599, 130.55090332, 146.672943115, 85.4418258667, 76.2881393433, 88.5268325806, 97.9999084473, 298.132141113, 364.170776367, 362.971984863, 494.186462402, 2520.0793457, 30943.3242188, 16503.9921875, 2147.51171875, 4007.56762695, 19562.3808594, 20077.9824219, 2505.77050781, 2445.58349609, 7548.46728516, 10294.5332031, 5115.11328125, 2623.97119141, 1903.74914551, 652.003967285, 1526.05957031, 371.364379883, 449.720336914, 204.437850952, 193.708099365, 98.334274292, 49.4475212097, 18.504983902, 2.67506527901, 0.877190470695, 0.0170515943319, 2.83082022179e-06],
        "max": [4.66125917435, 36.8713569641, 71.0618743896, 62.8948173523, 61.2980957031, 70.9151382446, 80.7711639404, 131.145599365, 156.648086548, 215.94821167, 276.365203857, 399.910095215, 468.662384033, 1125.09436035, 1786.38781738, 1722.28491211, 801.207092285, 855.542114258, 2292.60083008, 1803.2421875, 658.529541016, 645.540527344, 1287.02172852, 670.346801758, 644.452270508, 577.849182129, 365.701080322, 206.792663574, 347.382995605, 223.062255859, 194.643676758, 139.846389771, 102.721481323, 60.7105789185, 49.1600723267, 27.1495780945, 13.9855308533, 9.84917354584, 1.63434648514, 0.0199270620942],
        "mean": [0.30481749773, 1.73596668243, 1.80846977234, 1.46652328968, 1.30944132805, 1.44984853268, 1.93902850151, 3.37262773514, 3.91759896278, 9.46254920959, 9.3687620163, 8.21410560608, 11.2128143311, 14.9257173538, 70.0785217285, 42.7772827148, 20.6554050446, 34.5414276123, 47.5565414429, 63.4876480103, 32.5895805359, 32.4518890381, 42.7670402527, 61.8346595764, 46.7819862366, 39.160118103, 35.0938606262, 28.1395359039, 29.9713897705, 23.2608852386, 22.7691307068, 15.9640083313, 13.4580621719, 8.84984016418, 6.10163974762, 3.64743804932, 1.54805254936, 0.404796719551, 0.0325995124876, 0.000547575997189],
        "median": [0.0862100347877, 0.460230767727, 0.263273090124, 0.147980213165, 0.151791960001, 0.192964553833, 0.323815941811, 0.490284442902, 1.2720566988, 3.54962730408, 4.22386980057, 3.39612627029, 5.13733673096, 6.32369041443, 17.9622116089, 13.7549667358, 11.1162605286, 20.4610900879, 18.4580688477, 28.6408843994, 22.1066398621, 21.8580245972, 27.6024284363, 34.1194763184, 33.8587799072, 27.1371593475, 26.7786979675, 23.7967681885, 22.8898086548, 19.7233657837, 17.9961929321, 12.779132843, 10.1886014938, 6.57318210602, 4.13835334778, 2.17100977898, 0.80985212326, 0.145085632801, 0.0049738176167, 0.000180776565685],
        "min": [2.71124235604e-23, 3.8189412754e-22, 1.34444839587e-21, 4.40261913101e-21, 6.95057654405e-21, 1.17840077363e-20, 2.27923656272e-20, 3.83774064109e-20, 9.46308967174e-20, 2.03674304085e-19, 1.83473416153e-19, 2.68411423377e-19, 4.11932429534e-19, 4.74387771106e-19, 7.37387261928e-19, 1.20390813182e-18, 8.33052354131e-19, 1.24618419555e-18, 2.05537238901e-18, 2.52415156537e-18, 3.02924479781e-18, 3.03486859199e-18, 5.27332769022e-18, 5.72341816821e-18, 5.91719308492e-18, 7.01841987518e-18, 7.99446652821e-18, 9.56851265174e-18, 8.21570342766e-18, 9.54089474545e-18, 9.20188552474e-18, 9.76579770938e-18, 7.96086976045e-18, 7.93482267014e-18, 6.11467128922e-18, 3.65096925584e-18, 2.11333831121e-18, 9.27480397728e-19, 2.45657571731e-19, 2.28519064755e-20],
        "var": [0.302585601807, 11.873131752, 30.7774009705, 28.0301456451, 27.7370357513, 18.4086399078, 22.6958656311, 69.9339752197, 59.4492149353, 245.885360718, 295.4246521, 325.827728271, 336.553436279, 2044.23266602, 23098.8945312, 10951.3701172, 1163.6529541, 2381.58447266, 12398.8691406, 13757.8818359, 1776.79382324, 1553.37438965, 4179.01464844, 6074.49023438, 2648.52905273, 1839.3404541, 1168.81896973, 515.966247559, 1022.71990967, 380.506744385, 414.758178711, 190.045700073, 144.973739624, 73.453453064, 41.2559890747, 17.8809928894, 4.11165332794, 0.483662545681, 0.006920251064, 1.23570362121e-06]
    },
    "gfcc": {
        "mean": [-29.2437171936, -18.2619132996, -112.700279236, 24.2341537476, -44.9825782776, 27.6407260895, -25.0398311615, 23.1777210236, -17.1227893829, 17.5785694122, -11.7545528412, 10.600733757, -13.9737176895],
        "cov": [[92672.1875, -1400.05090332, -7045.15332031, 3077.546875, -2699.54394531, 2467.55444336, -1523.39782715, 1993.05126953, -1262.81848145, 1545.72900391, -834.380981445, 937.120117188, -1193.49291992], [-1400.05090332, 1018.9552002, 396.772491455, 311.737792969, 176.813766479, 67.0410690308, 25.7226219177, -95.8309783936, -107.452919006, -127.007804871, 1.74712955952, -33.313835144, 9.7860212326], [-7045.15332031, 396.772491455, 2102.27978516, 438.074249268, 890.769287109, 124.148757935, 443.611968994, -124.601173401, 163.87727356, -91.2637786865, 111.460243225, -75.5163345337, 33.0882835388], [3077.546875, 311.737792969, 438.074249268, 685.100341797, 327.793609619, 352.23425293, 172.312423706, 152.073760986, 16.2933692932, 114.756950378, 15.8835458755, 42.3617897034, -67.9443511963], [-2699.54394531, 176.813766479, 890.769287109, 327.793609619, 577.584716797, 203.530975342, 323.646728516, 56.4546737671, 154.381195068, 32.6966094971, 77.555229187, -17.0384654999, 13.9975013733], [2467.55444336, 67.0410690308, 124.148757935, 352.23425293, 203.530975342, 381.649383545, 185.195724487, 196.479690552, 53.364780426, 122.279602051, 16.939458847, 56.0338630676, -45.3688201904], [-1523.39782715, 25.7226219177, 443.611968994, 172.312423706, 323.646728516, 185.195724487, 325.817749023, 144.149765015, 152.686096191, 63.2853813171, 85.2947387695, 22.4305095673, 29.6422271729], [1993.05126953, -95.8309783936, -124.601173401, 152.073760986, 56.4546737671, 196.479690552, 144.149765015, 288.390869141, 145.736877441, 132.837860107, 7.24282312393, 28.7087097168, -32.8410301208], [-1262.81848145, -107.452919006, 163.87727356, 16.2933692932, 154.381195068, 53.364780426, 152.686096191, 145.736877441, 250.338348389, 123.300292969, 45.4319114685, -16.7942752838, -1.4386408329], [1545.72900391, -127.007804871, -91.2637786865, 114.756950378, 32.6966094971, 122.279602051, 63.2853813171, 132.837860107, 123.300292969, 222.467514038, 97.1831283569, 73.778717041, -3.69683337212], [-834.380981445, 1.74712955952, 111.460243225, 15.8835458755, 77.555229187, 16.939458847, 85.2947387695, 7.24282312393, 45.4319114685, 97.1831283569, 172.767028809, 108.590148926, 70.2907333374], [937.120117188, -33.313835144, -75.5163345337, 42.3617897034, -17.0384654999, 56.0338630676, 22.4305095673, 28.7087097168, -16.7942752838, 73.778717041, 108.590148926, 148.510681152, 68.1446685791], [-1193.49291992, 9.7860212326, 33.0882835388, -67.9443511963, 13.9975013733, -45.3688201904, 29.6422271729, -32.8410301208, -1.4386408329, -3.69683337212, 70.2907333374, 68.1446685791, 121.703010559]],
        "icov": [[6.03730040893e-05, 7.71060003899e-05, 7.33926790417e-05, -0.000273035111604, 0.000113663096272, -4.44768993475e-05, 0.00013173307525, -0.000255346065387, 0.000381909980206, -0.000327969522914, 0.000385999621358, -0.000390644127037, 0.000273174082395], [7.71060003899e-05, 0.00182923185639, 0.000165864141309, -0.00186709745321, 0.000594297365751, -0.000888979353476, 0.00110346986912, 6.22489687885e-06, -0.000234181206906, 0.00215905043297, -0.0021660097409, 0.00159307383001, -0.000723417964764], [7.33926790417e-05, 0.000165864141309, 0.00212894217111, -0.00118718645535, -0.00227863714099, 0.000689567590598, -0.00065325741889, 0.00138586643152, -0.000466312892968, 0.000869145034812, -9.10892631509e-05, -0.000517357082572, 0.000880194420461], [-0.000273035111604, -0.00186709745321, -0.00118718645535, 0.00726166367531, -0.00344859925099, -0.000665149476845, -1.80447259481e-05, -0.00132890744135, 0.00250177551061, -0.00369336060248, 0.00230243895203, -0.00124890392181, 0.000930752139539], [0.000113663096272, 0.000594297365751, -0.00227863714099, -0.00344859925099, 0.011994282715, -0.00362877571024, -0.00365854939446, 0.00270379451104, -0.00390895130113, 0.00230640824884, -0.00252049742267, 0.00297700776719, -0.00153778807726], [-4.44768993475e-05, -0.000888979353476, 0.000689567590598, -0.000665149476845, -0.00362877571024, 0.0118526713923, -0.0056713190861, -0.00265498855151, 0.0049754679203, -0.00618559354916, 0.00750022055581, -0.00645811902359, 0.00373237766325], [0.00013173307525, 0.00110346986912, -0.00065325741889, -1.80447259481e-05, -0.00365854939446, -0.0056713190861, 0.0165034793317, -0.00672946916893, -0.00219653663225, 0.005981719587, -0.00877440255135, 0.00436328351498, -0.00337791116908], [-0.000255346065387, 6.22489687885e-06, 0.00138586643152, -0.00132890744135, 0.00270379451104, -0.00265498855151, -0.00672946916893, 0.0151959164068, -0.0092023415491, 0.00166728592012, 0.00188907014672, -0.00135911605321, 0.000427440478234], [0.000381909980206, -0.000234181206906, -0.000466312892968, 0.00250177551061, -0.00390895130113, 0.0049754679203, -0.00219653663225, -0.0092023415491, 0.0197870712727, -0.0142478840426, 0.00687452312559, -2.08864639717e-05, 0.00148603192065], [-0.000327969522914, 0.00215905043297, 0.000869145034812, -0.00369336060248, 0.00230640824884, -0.00618559354916, 0.005981719587, 0.00166728592012, -0.0142478840426, 0.0247469544411, -0.018483845517, 0.00554147362709, -0.00111027248204], [0.000385999621358, -0.0021660097409, -9.10892631509e-05, 0.00230243895203, -0.00252049742267, 0.00750022055581, -0.00877440255135, 0.00188907014672, 0.00687452312559, -0.018483845517, 0.0327680148184, -0.0214345902205, 0.00359850074165], [-0.000390644127037, 0.00159307383001, -0.000517357082572, -0.00124890392181, 0.00297700776719, -0.00645811902359, 0.00436328351498, -0.00135911605321, -2.08864639717e-05, 0.00554147362709, -0.0214345902205, 0.0311954971403, -0.0136142587289], [0.000273174082395, -0.000723417964764, 0.000880194420461, 0.000930752139539, -0.00153778807726, 0.00373237766325, -0.00337791116908, 0.000427440478234, 0.00148603192065, -0.00111027248204, 0.00359850074165, -0.0136142587289, 0.0192688927054]]
    },
    "melbands": {
        "dmean": [0.0013254074147, 0.0012065616902, 0.000343462335877, 0.000127132690977, 7.28854356566e-05, 6.07680703979e-05, 4.54233631899e-05, 7.16049835319e-05, 4.93928528158e-05, 3.32210438501e-05, 3.67140892195e-05, 3.47835484718e-05, 0.000144481455209, 9.74177310127e-05, 5.04568415636e-05, 3.1165087421e-05, 5.1131566579e-05, 3.88884691347e-05, 8.0207020801e-05, 4.78559595649e-05, 1.88612193597e-05, 1.95960783458e-05, 2.85533587885e-05, 2.54701935773e-05, 3.47108507412e-05, 1.59889914357e-05, 2.38097254623e-05, 1.41368309414e-05, 1.20184786283e-05, 1.32927843879e-05, 7.69861890149e-06, 1.00430243037e-05, 7.05628735886e-06, 5.99285522185e-06, 7.17669126971e-06, 5.69558551433e-06, 4.39475570602e-06, 5.51914217795e-06, 3.83269298254e-06, 4.26355472882e-06],
        "dmean2": [0.00174847536255, 0.0017452967586, 0.000614368414972, 0.000237012776779, 0.000130029249704, 0.000100140714494, 7.38245144021e-05, 0.000112420369987, 8.03335060482e-05, 5.36807747267e-05, 5.75503872824e-05, 5.71653727093e-05, 0.000232236707234, 0.000159120783792, 8.53493620525e-05, 5.36144943908e-05, 8.51763179526e-05, 6.54627219774e-05, 0.00013238536485, 7.98919936642e-05, 3.06725160044e-05, 3.28616406478e-05, 4.74037224194e-05, 4.37199450971e-05, 5.86356763961e-05, 2.68779986072e-05, 3.99641612603e-05, 2.36869673245e-05, 2.02360479307e-05, 2.21692989726e-05, 1.27448693092e-05, 1.67809248524e-05, 1.20101540233e-05, 9.90975695458e-06, 1.19776686915e-05, 9.40949394135e-06, 7.1860731623e-06, 8.99646784092e-06, 6.25329221293e-06, 6.90482920618e-06],
        "dvar": [6.12938993072e-06, 8.42633107823e-06, 1.34979870836e-06, 1.92302948676e-07, 3.79446909449e-08, 1.79996693106e-08, 8.6749336603e-09, 1.8084815423e-08, 1.16132374828e-08, 6.15909812041e-09, 5.02864061502e-09, 1.62123487968e-08, 9.45417824028e-08, 3.79043321175e-08, 2.10922141974e-08, 3.85617848764e-09, 7.89238097099e-09, 1.34789885919e-08, 5.87763580029e-08, 8.97092622409e-09, 1.06116149201e-09, 9.02740660003e-10, 2.65457611448e-09, 2.14177120483e-09, 3.17468296096e-09, 6.20136220153e-10, 1.50989720726e-09, 4.66946314948e-10, 2.84840262488e-10, 4.71333583274e-10, 9.421390057e-11, 3.36125544065e-10, 7.18767614871e-11, 4.86253155796e-11, 7.90570733877e-11, 5.12933792662e-11, 2.90355430671e-11, 5.54412661613e-11, 2.20818745233e-11, 4.58480614585e-11],
        "dvar2": [1.06299212348e-05, 1.809848618e-05, 3.79576567866e-06, 5.599994779e-07, 1.07225829993e-07, 4.33678195577e-08, 2.1319772614e-08, 4.32112656767e-08, 2.97091737878e-08, 1.37471083406e-08, 1.2258032811e-08, 3.49551783074e-08, 2.34306497759e-07, 1.04151510527e-07, 5.67948603702e-08, 9.64596402753e-09, 1.95608116371e-08, 3.6171368123e-08, 1.43303481082e-07, 2.38506761008e-08, 2.43863285121e-09, 2.30357777298e-09, 7.1492141096e-09, 6.42082786939e-09, 8.86424889046e-09, 1.71084857392e-09, 4.15690415423e-09, 1.24765064946e-09, 7.91216536733e-10, 1.30878907711e-09, 2.58502164119e-10, 8.85930162564e-10, 2.00123709271e-10, 1.2801429361e-10, 2.13968204266e-10, 1.42213796295e-10, 7.92214974177e-11, 1.37509753584e-10, 5.84756271182e-11, 1.11979217565e-10],
        "max": [0.0376001186669, 0.0359532833099, 0.0102832941338, 0.00365382991731, 0.0033262539655, 0.00255121081136, 0.00227982294746, 0.00243137171492, 0.00273760315031, 0.00278456462547, 0.00233076815493, 0.0041591282934, 0.00481992634013, 0.00355644803494, 0.00553470756859, 0.00131949444767, 0.00196453602985, 0.00334457866848, 0.0055651688017, 0.00229249405675, 0.000871200347319, 0.000671710993629, 0.000977375195362, 0.000733844761271, 0.000618642312475, 0.000635537842754, 0.000477104273159, 0.000337701756507, 0.000286798021989, 0.000386707397411, 0.000188229925698, 0.000285931950202, 0.000139815179864, 0.000105501130747, 0.000113534973934, 0.000100845274574, 8.96191122592e-05, 8.42744702823e-05, 7.13140907465e-05, 7.09400774213e-05],
        "mean": [0.00259992061183, 0.00144715060014, 0.000253349659033, 9.44514758885e-05, 7.11994362064e-05, 7.51051484258e-05, 6.03331754974e-05, 0.000111459979962, 7.56026711315e-05, 4.99088855577e-05, 5.39411885256e-05, 4.60618830402e-05, 0.000197428016691, 0.00014411736629, 7.1368762292e-05, 3.84670347557e-05, 6.92236426403e-05, 5.71977434447e-05, 0.000118189273053, 6.62694365019e-05, 3.14476092171e-05, 3.07242298732e-05, 4.19874995714e-05, 3.89591150451e-05, 5.28071250301e-05, 2.64259742835e-05, 3.61134552804e-05, 2.42913829425e-05, 2.07282955671e-05, 2.20387810259e-05, 1.43295910675e-05, 1.74934211827e-05, 1.38883551699e-05, 1.26951672428e-05, 1.38137002068e-05, 1.14093900265e-05, 9.16803674045e-06, 1.00366823972e-05, 7.92698119767e-06, 7.45980560168e-06],
        "median": [0.000821463880129, 0.000342341896612, 2.6252168027e-05, 1.28706424221e-05, 1.11109238787e-05, 1.09083812276e-05, 1.90373757505e-05, 4.04645325034e-05, 3.20518083754e-05, 2.00213908101e-05, 2.31901449297e-05, 1.40583688335e-05, 4.91803184559e-05, 4.57315763924e-05, 2.32995917031e-05, 1.70847088157e-05, 3.59040677722e-05, 2.46846684604e-05, 2.91303549602e-05, 3.63845392712e-05, 1.98664565687e-05, 2.01142174774e-05, 2.38039719989e-05, 2.28929675359e-05, 2.59379048657e-05, 1.80029019248e-05, 2.26570518862e-05, 1.52273805725e-05, 1.50894811668e-05, 1.58875373018e-05, 1.08608328446e-05, 1.20201711979e-05, 1.13679161586e-05, 1.02934209281e-05, 1.04106111394e-05, 8.76237299963e-06, 7.24272513253e-06, 7.38036669645e-06, 5.97647795075e-06, 5.09582241648e-06],
        "min": [4.01942479188e-25, 7.79707702834e-25, 1.05179554189e-24, 6.27689867663e-25, 1.12282112653e-24, 9.13581096235e-25, 1.42548131928e-24, 1.69254071241e-24, 1.42160456097e-24, 1.37806624293e-24, 2.00296714216e-24, 1.72186779986e-24, 2.07487950507e-24, 2.67229294049e-24, 2.25620825603e-24, 1.33740933795e-24, 1.92486241837e-24, 2.62522811838e-24, 2.44335327845e-24, 3.02232728743e-24, 3.09839517237e-24, 2.39913723028e-24, 3.353368822e-24, 3.25332035441e-24, 3.02360208666e-24, 3.4406385318e-24, 4.11650773412e-24, 3.8792179794e-24, 4.28810509696e-24, 4.5972348366e-24, 4.47892897221e-24, 4.06692822066e-24, 4.0039431994e-24, 4.45750390445e-24, 4.16447323817e-24, 4.52929971316e-24, 5.89843328963e-24, 4.91811584271e-24, 6.1193908626e-24, 6.27895651891e-24],
        "var": [1.99087626243e-05, 1.11689996629e-05, 8.34457523524e-07, 1.0737042544e-07, 3.00714617651e-08, 3.16091330888e-08, 1.43835352517e-08, 3.56330751572e-08, 2.13489865786e-08, 1.3884802641e-08, 8.37776248375e-09, 2.78548100141e-08, 1.76814026531e-07, 7.69521406596e-08, 3.23160058713e-08, 5.48952661106e-09, 1.20340128973e-08, 2.05491463845e-08, 1.14447601618e-07, 1.27048398468e-08, 2.01560612645e-09, 1.52375556617e-09, 4.02381372666e-09, 3.18519788323e-09, 5.184552343e-09, 9.66855262519e-10, 2.09936246165e-09, 9.15567899273e-10, 5.36794497741e-10, 6.23520290954e-10, 1.74878167503e-10, 5.65944291431e-10, 1.48997286731e-10, 1.25394139516e-10, 1.79325415628e-10, 1.12454122403e-10, 6.67466151794e-11, 9.05482425151e-11, 5.14211208336e-11, 6.70071845232e-11]
    },
    "mfcc": {
        "mean": [-635.613952637, 27.0338230133, -10.5227165222, 8.04539203644, 5.08310699463, 8.58080005646, 7.72975683212, 9.39107227325, 6.37514686584, 9.51329040527, 7.86158752441, 8.09051990509, 8.93832778931],
        "cov": [[22786.8847656, 1149.70544434, 212.300857544, 967.30657959, 561.737854004, 617.200561523, 549.290405273, 466.988464355, 235.633422852, 437.792938232, 343.653991699, 332.56072998, 384.672485352], [1149.70544434, 611.143920898, 199.503845215, 208.302536011, 137.06980896, 102.713500977, 86.8856048584, 42.7804260254, -39.3419036865, -31.234998703, -44.2627754211, -46.2385673523, -33.8939666748], [212.300857544, 199.503845215, 656.99810791, 378.159362793, 322.603240967, 302.228759766, 228.451812744, 121.262168884, 37.5602416992, 44.4476051331, 50.2052612305, 30.8602828979, 12.6539869308], [967.30657959, 208.302536011, 378.159362793, 435.560516357, 277.399353027, 260.821075439, 209.970947266, 116.851066589, 44.7050056458, 80.5264205933, 71.3092193604, 47.6185493469, 54.9458732605], [561.737854004, 137.06980896, 322.603240967, 277.399353027, 289.952545166, 242.674179077, 180.084671021, 120.060775757, 72.8231277466, 81.093421936, 78.5811080933, 45.1226043701, 35.8381729126], [617.200561523, 102.713500977, 302.228759766, 260.821075439, 242.674179077, 310.34085083, 217.175552368, 120.911018372, 62.3366889954, 81.7083129883, 78.9351730347, 61.9116249084, 68.7481613159], [549.290405273, 86.8856048584, 228.451812744, 209.970947266, 180.084671021, 217.175552368, 258.775817871, 152.287796021, 74.884223938, 71.3715362549, 53.7286567688, 63.2223587036, 74.4977340698], [466.988464355, 42.7804260254, 121.262168884, 116.851066589, 120.060775757, 120.911018372, 152.287796021, 200.937530518, 138.80430603, 100.78036499, 76.0611877441, 52.1688194275, 50.5763053894], [235.633422852, -39.3419036865, 37.5602416992, 44.7050056458, 72.8231277466, 62.3366889954, 74.884223938, 138.80430603, 196.400588989, 149.671630859, 106.872131348, 59.2320365906, 35.140247345], [437.792938232, -31.234998703, 44.4476051331, 80.5264205933, 81.093421936, 81.7083129883, 71.3715362549, 100.78036499, 149.671630859, 196.60899353, 145.526184082, 66.2090072632, 41.9691734314], [343.653991699, -44.2627754211, 50.2052612305, 71.3092193604, 78.5811080933, 78.9351730347, 53.7286567688, 76.0611877441, 106.872131348, 145.526184082, 174.813293457, 98.7113647461, 58.371963501], [332.56072998, -46.2385673523, 30.8602828979, 47.6185493469, 45.1226043701, 61.9116249084, 63.2223587036, 52.1688194275, 59.2320365906, 66.2090072632, 98.7113647461, 164.937210083, 123.086006165], [384.672485352, -33.8939666748, 12.6539869308, 54.9458732605, 35.8381729126, 68.7481613159, 74.4977340698, 50.5763053894, 35.140247345, 41.9691734314, 58.371963501, 123.086006165, 165.532958984]],
