{
"lowlevel": {
    "average_loudness": 0.944171190262,
    "barkbands_crest": {
        "dmean": 2.97356295586,
        "dmean2": 4.25266647339,
        "dvar": 8.41399478912,
        "dvar2": 16.9522628784,
        "max": 25.83776474,
        "mean": 12.4771757126,
        "median": 11.6601057053,
        "min": 2.03147935867,
        "var": 29.3043422699
    },
    "barkbands_flatness_db": {
        "dmean": 0.0262926798314,
        "dmean2": 0.0356208719313,
        "dvar": 0.0007186732837,
        "dvar2": 0.00143750163261,
        "max": 0.424684941769,
        "mean": 0.122253753245,
        "median": 0.111980341375,
        "min": 0.0146016245708,
        "var": 0.00306225684471
    },
    "barkbands_kurtosis": {
        "dmean": 3.74368357658,
        "dmean2": 5.17740249634,
        "dvar": 47.1662330627,
        "dvar2": 92.4396057129,
        "max": 168.690444946,
        "mean": 5.07050418854,
        "median": 1.07464551926,
        "min": -1.87353146076,
        "var": 122.272888184
    },
    "barkbands_skewness": {
        "dmean": 0.696806252003,
        "dmean2": 0.953215837479,
        "dvar": 0.591253578663,
        "dvar2": 1.23465049267,
        "max": 12.4007511139,
        "mean": 1.84258139133,
        "median": 1.51332294941,
        "min": -1.93499994278,
        "var": 2.29967975616
    },
    "barkbands_spread": {
        "dmean": 9.55482673645,
        "dmean2": 13.9632711411,
        "dvar": 109.843978882,
        "dvar2": 255.359741211,
        "max": 115.170631409,
        "mean": 35.2561569214,
        "median": 34.3891983032,
        "min": 1.48954987526,
        "var": 341.005279541
    },
    "dissonance": {
        "dmean": 0.00959434919059,
        "dmean2": 0.0160974208266,
        "dvar": 0.000115217451821,
        "dvar2": 0.000303727923892,
        "max": 0.500000178814,
        "mean": 0.482744127512,
        "median": 0.487413525581,
        "min": 0.355851262808,
        "var": 0.000254063634202
    },
    "dynamic_complexity": 1.63975858688,
    "erbbands_crest": {
        "dmean": 2.47661828995,
        "dmean2": 3.82873558998,
        "dvar": 5.72515916824,
        "dvar2": 11.8559408188,
        "max": 29.3086528778,
        "mean": 7.85533761978,
        "median": 6.87642478943,
        "min": 2.3623688221,
        "var": 13.4626407623
    },
    "erbbands_flatness_db": {
        "dmean": 0.0137873273343,
        "dmean2": 0.0203261598945,
        "dvar": 0.000201798655326,
        "dvar2": 0.000454773107776,
        "max": 0.356805801392,
        "mean": 0.124528609216,
        "median": 0.119171097875,
        "min": 0.0561597384512,
        "var": 0.00142841250636
    },
    "erbbands_kurtosis": {
        "dmean": 0.707996726036,
        "dmean2": 1.10620224476,
        "dvar": 0.775948822498,
        "dvar2": 1.7502835989,
        "max": 17.3571872711,
        "mean": 0.0431239530444,
        "median": -0.26557970047,
        "min": -1.75685071945,
        "var": 1.79554545879
    },
    "erbbands_skewness": {
        "dmean": 0.338204473257,
        "dmean2": 0.493292152882,
        "dvar": 0.10276646167,
        "dvar2": 0.229042217135,
        "max": 2.95894217491,
        "mean": -0.271962791681,
        "median": -0.283813744783,
        "min": -3.53638195992,
        "var": 0.436296403408
    },
    "erbbands_spread": {
        "dmean": 9.63537311554,
        "dmean2": 14.6214866638,
        "dvar": 135.74987793,
        "dvar2": 323.781860352,
        "max": 193.503265381,
        "mean": 49.8231735229,
        "median": 44.1930389404,
        "min": 8.30252075195,
        "var": 539.551086426
    },
    "hfc": {
        "dmean": 12.6710014343,
        "dmean2": 20.7401618958,
        "dvar": 352.475341797,
        "dvar2": 984.373779297,
        "max": 313.813079834,
        "mean": 37.8664894104,
        "median": 34.0979194641,
        "min": 1.16031297971e-16,
        "var": 504.769470215
    },
    "melbands_crest": {
        "dmean": 3.59411740303,
        "dmean2": 5.24086380005,
        "dvar": 12.2151899338,
        "dvar2": 28.8185920715,
        "max": 37.6172943115,
        "mean": 20.9216461182,
        "median": 22.1632099152,
        "min": 2.13440132141,
        "var": 51.9798851013
    },
    "melbands_flatness_db": {
        "dmean": 0.0337176211178,
        "dmean2": 0.0461083352566,
        "dvar": 0.00132252834737,
        "dvar2": 0.00284208077937,
        "max": 0.555345952511,
        "mean": 0.192983970046,
        "median": 0.182336553931,
        "min": 0.00579084269702,
        "var": 0.00500934291631
    },
    "melbands_kurtosis": {
        "dmean": 15.1432342529,
        "dmean2": 21.2863826752,
        "dvar": 1051.15527344,
        "dvar2": 2433.34448242,
        "max": 1113.20178223,
        "mean": 27.3845767975,
        "median": 11.7584409714,
        "min": -1.57112681866,
        "var": 2167.40429688
    },
    "melbands_skewness": {
        "dmean": 1.09063398838,
        "dmean2": 1.54166650772,
        "dvar": 1.78535139561,
        "dvar2": 4.00896310806,
        "max": 29.518951416,
        "mean": 3.91884803772,
        "median": 3.27445650101,
        "min": -0.395151376724,
        "var": 6.52374076843
    },
    "melbands_spread": {
        "dmean": 12.1243963242,
        "dmean2": 18.8792533875,
        "dvar": 305.411804199,
        "dvar2": 802.281982422,
        "max": 147.098617554,
        "mean": 29.7090187073,
        "median": 25.8488311768,
        "min": 0.827717125416,
        "var": 494.758148193
    },
    "pitch_salience": {
        "dmean": 0.0796078816056,
        "dmean2": 0.116945892572,
        "dvar": 0.00620565749705,
        "dvar2": 0.012467472814,
        "max": 0.872537374496,
        "mean": 0.468037098646,
        "median": 0.45337164402,
        "min": 0.0708106458187,
        "var": 0.0212865546346
    },
    "silence_rate_20dB": {
        "dmean": 0,
        "dmean2": 0,
        "dvar": 0,
        "dvar2": 0,
        "max": 1,
        "mean": 1,
        "median": 1,
        "min": 1,
        "var": 0
    },
    "silence_rate_30dB": {
        "dmean": 0.0408548079431,
        "dmean2": 0.0817181766033,
        "dvar": 0.0391866676509,
        "dvar2": 0.0827882289886,
        "max": 1,
        "mean": 0.943542480469,
        "median": 1,
        "min": 0,
        "var": 0.0532641969621
    },
    "silence_rate_60dB": {
        "dmean": 0.00104755919892,
        "dmean2": 0.00209533795714,
        "dvar": 0.00104632240254,
        "dvar2": 0.00230083731003,
        "max": 1,
        "mean": 0.0145595474169,
        "median": 0,
        "min": 0,
        "var": 0.0143473055214
    },
    "spectral_centroid": {
        "dmean": 339.315307617,
        "dmean2": 507.489318848,
        "dvar": 188379.390625,
        "dvar2": 460697.5,
        "max": 11051.3261719,
        "mean": 2039.60949707,
        "median": 2200.06420898,
        "min": 213.593536377,
        "var": 752067.3125
    },
    "spectral_complexity": {
        "dmean": 5.32097196579,
        "dmean2": 8.33567333221,
        "dvar": 27.5790748596,
        "dvar2": 67.4735488892,
        "max": 57,
        "mean": 27.300409317,
        "median": 28,
        "min": 0,
        "var": 108.03024292
    },
    "spectral_decrease": {
        "dmean": 3.4611458144e-09,
        "dmean2": 5.05394792683e-09,
        "dvar": 1.51214803286e-17,
        "dvar2": 3.35039812558e-17,
        "max": 1.97063559322e-28,
        "mean": -1.21828067634e-08,
        "median": -1.05983852805e-08,
        "min": -4.87244413705e-08,
        "var": 5.67185966976e-17
    },
    "spectral_energy": {
        "dmean": 0.0130424071103,
        "dmean2": 0.0193456094712,
        "dvar": 0.000205961187021,
        "dvar2": 0.000468463316793,
        "max": 0.187121659517,
        "mean": 0.0494152754545,
        "median": 0.04396019876,
        "min": 1.04816062073e-20,
        "var": 0.000805458577815
    },
    "spectral_energyband_high": {
        "dmean": 0.00122486916371,
        "dmean2": 0.00200227368623,
        "dvar": 3.87197269447e-06,
        "dvar2": 1.06178031274e-05,
        "max": 0.0250324830413,
        "mean": 0.00272993301041,
        "median": 0.00217273295857,
        "min": 7.42116395662e-21,
        "var": 5.61352771911e-06
    },
    "spectral_energyband_low": {
        "dmean": 0.0111396536231,
        "dmean2": 0.0163959879428,
        "dvar": 0.000242221241933,
        "dvar2": 0.000492826395202,
        "max": 0.177749723196,
        "mean": 0.0290811229497,
        "median": 0.0213379003108,
        "min": 2.61055719881e-23,
        "var": 0.000870353949722
    },
    "spectral_energyband_middle_high": {
        "dmean": 0.00212654774077,
        "dmean2": 0.00330280582421,
        "dvar": 5.14433622811e-06,
        "dvar2": 1.21100820252e-05,
        "max": 0.0319740176201,
        "mean": 0.00658908765763,
        "median": 0.00591674167663,
        "min": 1.46313376862e-21,
        "var": 1.82124804269e-05
    },
    "spectral_energyband_middle_low": {
        "dmean": 0.0054300208576,
        "dmean2": 0.00802624225616,
        "dvar": 7.861659833e-05,
        "dvar2": 0.000191085287952,
        "max": 0.0971798524261,
        "mean": 0.0123710762709,
        "median": 0.00685052527115,
        "min": 1.89044836138e-22,
        "var": 0.000195302447537
    },
    "spectral_entropy": {
        "dmean": 0.147295713425,
        "dmean2": 0.214545086026,
        "dvar": 0.029303336516,
        "dvar2": 0.0674213916063,
        "max": 9.82141208649,
        "mean": 7.86212301254,
        "median": 7.95379543304,
        "min": 5.10242033005,
        "var": 0.2071608603
    },
    "spectral_flux": {
        "dmean": 0.0273173656315,
        "dmean2": 0.0442298129201,
        "dvar": 0.000961688056123,
        "dvar2": 0.00230583874509,
        "max": 0.370495408773,
        "mean": 0.0987006649375,
        "median": 0.0869187042117,
        "min": 6.53148299334e-11,
        "var": 0.00225290586241
    },
    "spectral_kurtosis": {
        "dmean": 0.981098413467,
        "dmean2": 1.6393930912,
        "dvar": 5.23453521729,
        "dvar2": 12.0124464035,
        "max": 138.596405029,
        "mean": 3.10200881958,
        "median": 2.30231428146,
        "min": -1.22916185856,
        "var": 19.3275051117
    },
    "spectral_rms": {
        "dmean": 0.000897024292499,
        "dmean2": 0.00133777281735,
        "dvar": 7.98815506187e-07,
        "dvar2": 1.9086633074e-06,
        "max": 0.0135113922879,
        "mean": 0.00664677051827,
        "median": 0.00654889270663,
        "min": 3.19780508497e-12,
        "var": 4.03047988584e-06
    },
    "spectral_rolloff": {
        "dmean": 1021.27478027,
        "dmean2": 1696.61157227,
        "dvar": 3061782.75,
        "dvar2": 7985301.5,
        "max": 19293.75,
        "mean": 1905.89404297,
        "median": 1485.79101562,
        "min": 43.06640625,
        "var": 3618976.25
    },
    "spectral_skewness": {
        "dmean": 0.148475810885,
        "dmean2": 0.236543893814,
        "dvar": 0.0393130145967,
        "dvar2": 0.0899389237165,
        "max": 9.09753131866,
        "mean": 1.19290184975,
        "median": 1.14248216152,
        "min": -0.0434372313321,
        "var": 0.230697795749
    },
    "spectral_spread": {
        "dmean": 530225.1875,
        "dmean2": 781826.3125,
        "dvar": 717385039872,
        "dvar2": 1.49393716019e+12,
        "max": 41495348,
        "mean": 5310696,
        "median": 4935904,
        "min": 584340.1875,
        "var": 3.77187834266e+12
    },
    "spectral_strongpeak": {
        "dmean": 0.353265345097,
        "dmean2": 0.580376505852,
        "dvar": 0.972350955009,
        "dvar2": 2.55380320549,
        "max": 16.8215484619,
        "mean": 0.650059759617,
        "median": 0.320385396481,
        "min": 0,
        "var": 1.05286765099
    },
    "zerocrossingrate": {
        "dmean": 0.0164131242782,
        "dmean2": 0.0199992731214,
        "dvar": 0.000340506638167,
        "dvar2": 0.000481561059132,
        "max": 0.66943359375,
        "mean": 0.07430998981,
        "median": 0.07080078125,
        "min": 0.0068359375,
        "var": 0.00147380901035
    },
    "barkbands": {
        "dmean": [0.00133243692107, 0.00916892942041, 0.00179480982479, 0.0020645307377, 0.00369028793648, 0.000765151809901, 0.000197428526008, 0.000350714457454, 0.000366500520613, 0.000266084185569, 0.000380401557777, 0.000531941885129, 0.000311591487844, 0.000269636017038, 0.000258862506598, 0.000433503329987, 0.000325109664118, 0.000439141236711, 0.000577959814109, 0.000257541309111, 0.000257993204286, 0.000398507254431, 0.000158890150487, 0.000150413776282, 0.000156812471687, 0.000172789325006, 3.8428712287e-05],
        "dmean2": [0.00225973688066, 0.0135001195595, 0.00291450647637, 0.00326248747297, 0.00522633129731, 0.00124645826872, 0.000330500886776, 0.000486252451083, 0.000542341964319, 0.000403174228268, 0.000557486782782, 0.000810972240288, 0.000490615493618, 0.000428032974014, 0.00042476967792, 0.000717376999091, 0.000547747185919, 0.000700454926118, 0.000898897240404, 0.000435622700024, 0.000425464648288, 0.000663525832351, 0.000262426648987, 0.000249217293458, 0.000253192876698, 0.000286696391413, 6.751086039e-05],
        "dvar": [4.09083077102e-06, 0.000233385988395, 1.28414576466e-05, 2.37093154283e-05, 4.99019843119e-05, 4.29554620496e-06, 2.04604774012e-07, 3.46180399902e-07, 5.19028844792e-07, 1.52130468223e-07, 7.12415271664e-07, 7.12264636604e-07, 2.35759586076e-07, 1.81527227028e-07, 1.4700682982e-07, 7.43966609207e-07, 1.7932642038e-07, 4.81505651351e-07, 9.79040123639e-07, 1.40293394679e-07, 1.08446862157e-07, 3.19373469893e-07, 4.66870275773e-08, 7.10707510621e-08, 8.29755393283e-08, 2.34906138985e-07, 1.11573816852e-08],
        "dvar2": [1.1812446246e-05, 0.000454035296571, 3.28409041686e-05, 5.60669468541e-05, 9.85904189292e-05, 1.02166277429e-05, 5.69880569401e-07, 6.18878857495e-07, 9.31003228288e-07, 3.17119031479e-07, 1.33727473894e-06, 1.55269526658e-06, 5.25473637936e-07, 4.19318638478e-07, 3.74351316168e-07, 1.96445262191e-06, 4.68476486049e-07, 1.03649301764e-06, 1.98793713935e-06, 3.84694601507e-07, 2.86074339328e-07, 8.62499518917e-07, 1.25425827946e-07, 1.9676654972e-07, 1.97105350708e-07, 6.2416398805e-07, 3.10229744116e-08],
        "max": [0.0400719605386, 0.166234523058, 0.0593247525394, 0.0872557610273, 0.0853042602539, 0.0352833010256, 0.00782931502908, 0.0125233661383, 0.0207855980843, 0.00699942139909, 0.0168796498328, 0.0198774188757, 0.0127291101962, 0.00843076501042, 0.00650202762336, 0.0277214217931, 0.00660729408264, 0.0117308581248, 0.0243439320475, 0.00431516207755, 0.0035841439385, 0.0112280221656, 0.00204423931427, 0.00304035749286, 0.00480992533267, 0.0142234992236, 0.00151746347547],
        "mean": [0.00366004928946, 0.0216738060117, 0.0024671824649, 0.00272305496037, 0.00680121826008, 0.00106213695835, 0.00028846290661, 0.000730465631932, 0.000651058566291, 0.000455895380583, 0.000562172790524, 0.000934931391384, 0.000579139043111, 0.000455647706985, 0.0004267533659, 0.000706099031959, 0.000547562085558, 0.000749529630411, 0.00102876254823, 0.000438518618466, 0.00048236027942, 0.000938832177781, 0.000285058631562, 0.000245900388109, 0.000268233125098, 0.000218080545892, 3.44489999407e-05],
        "median": [0.0017389554996, 0.0122765284032, 0.00130271771923, 0.000973333022557, 0.00191615172662, 0.0003928951337, 0.000149324987433, 0.000301787105855, 0.000241018642555, 0.000259534426732, 0.000196500855964, 0.000497962115332, 0.000319175858749, 0.000263898487901, 0.000264687550953, 0.000361002865247, 0.000398737436626, 0.000440389179857, 0.000649193534628, 0.000304104061797, 0.000365624495316, 0.000647493929137, 0.000205156829907, 0.000137086535688, 0.000124151280033, 7.80045593274e-05, 4.19963316745e-06],
        "min": [4.01244337287e-25, 3.11839496569e-24, 5.77457473193e-25, 2.43536290634e-24, 1.68096855681e-23, 1.52094654446e-23, 1.08071112005e-23, 1.99763941227e-23, 4.70482702326e-23, 4.60937706253e-23, 3.56715391385e-23, 4.11141682027e-23, 4.68610514516e-23, 8.93701655485e-23, 8.25616522259e-23, 1.03968554092e-22, 1.28512358193e-22, 1.47604761096e-22, 1.49495300965e-22, 2.39402851184e-22, 2.29340469643e-22, 3.68531656843e-22, 3.59269192882e-22, 6.71086723618e-22, 1.02814955459e-21, 1.48472255656e-21, 2.12726256235e-21],
        "var": [2.24448831432e-05, 0.000770803249907, 1.33425610329e-05, 3.57979879482e-05, 0.000132571294671, 5.61344859307e-06, 2.20561730657e-07, 1.44378157074e-06, 1.63384891039e-06, 3.6244583157e-07, 1.38892244195e-06, 1.59162766522e-06, 6.59660997826e-07, 3.40264961096e-07, 2.67877226179e-07, 1.29332420329e-06, 2.85429507585e-07, 1.04958280644e-06, 2.02420528694e-06, 1.98791994421e-07, 1.73603837084e-07, 1.00827514871e-06, 7.24552933207e-08, 9.77773666477e-08, 1.48390668642e-07, 2.20402583295e-07, 8.51807691049e-09]
    },
    "erbbands": {
        "dmean": [0.378303259611, 1.91251695156, 2.23355770111, 4.87825536728, 8.41161823273, 15.9342775345, 7.43357753754, 5.88117170334, 3.56445074081, 4.11109638214, 7.5430316925, 9.72661113739, 5.93841505051, 9.14873409271, 19.899023056, 23.4308166504, 14.7094545364, 14.5119161606, 14.5213670731, 15.2928419113, 18.4038333893, 14.4011888504, 23.821767807, 23.5854148865, 28.5829334259, 12.2576084137, 11.3087282181, 10.5623893738, 15.662774086, 9.00134658813, 4.32040262222, 3.26841259003, 2.49794626236, 1.86323261261, 1.12001943588, 0.732729613781, 0.329004377127, 0.0800095796585, 0.00489188870415, 8.34608290461e-05],
        "dmean2": [0.531967282295, 2.84261584282, 3.45579338074, 7.78373003006, 12.742972374, 21.7490787506, 11.8535823822, 9.73581886292, 5.86769914627, 6.15262985229, 10.6943397522, 14.2685108185, 8.96797847748, 13.8661794662, 29.0411281586, 35.5010948181, 23.0329780579, 23.1010913849, 23.9860343933, 25.2238101959, 30.3562831879, 24.128610611, 38.3011131287, 36.6765213013, 45.16173172, 20.3846225739, 18.8683509827, 17.5797653198, 26.210357666, 15.1104354858, 7.21076011658, 5.47992038727, 4.12791728973, 3.08415842056, 1.78629255295, 1.18676316738, 0.554602324963, 0.136536732316, 0.00852715410292, 0.000144564342918],
        "dvar": [0.328952521086, 13.8623132706, 16.4458274841, 113.664871216, 260.90512085, 1112.40087891, 301.664825439, 355.692047119, 77.1821060181, 68.2469406128, 169.925308228, 379.654388428, 69.0765151978, 211.682388306, 1900.44726562, 1389.87548828, 534.722106934, 515.764587402, 486.508789062, 560.202087402, 961.127197266, 336.178619385, 1540.38134766, 2201.67041016, 3192.95996094, 263.945465088, 219.6431427, 240.743743896, 520.766906738, 156.017593384, 43.542301178, 32.6583824158, 20.1055469513, 13.2024755478, 4.8142414093, 3.15398836136, 0.993297994137, 0.0515075065196, 0.000181359413546, 4.33589697479e-08],
        "dvar2": [0.81647080183, 26.1742591858, 38.1214828491, 283.837615967, 668.182556152, 1983.51220703, 757.621582031, 834.291687012, 200.411560059, 136.167907715, 319.523071289, 678.782409668, 139.338607788, 436.980834961, 3499.50512695, 3003.30737305, 1183.63879395, 1192.35131836, 1251.57666016, 1473.17895508, 2494.20166016, 854.149047852, 3171.21459961, 3690.13256836, 7081.17822266, 711.825561523, 592.004638672, 651.619567871, 1424.29162598, 421.82824707, 119.557029724, 90.5301818848, 54.5601501465, 34.3103103638, 11.1579151154, 7.96096944809, 2.69781565666, 0.142177402973, 0.000496912689414, 1.201235591e-07],
        "max": [6.80680179596, 41.9406967163, 66.8821792603, 188.273864746, 212.546051025, 414.238647461, 314.820770264, 441.416259766, 217.429931641, 185.626205444, 346.243682861, 591.567199707, 188.704605103, 260.763977051, 882.044067383, 891.439025879, 522.685058594, 449.220275879, 438.603027344, 638.047729492, 954.449890137, 238.908538818, 829.303588867, 1785.16577148, 1046.93994141, 205.657669067, 211.164016724, 140.810501099, 523.291259766, 280.134490967, 66.3866577148, 52.599281311, 59.4543838501, 41.8417778015, 51.9754753113, 51.201007843, 29.2819824219, 5.70745849609, 0.204268738627, 0.00352950044908],
        "mean": [0.944812595844, 3.56894135475, 3.32771921158, 7.1237783432, 14.4780721664, 28.1707801819, 11.2431945801, 8.14417457581, 5.34190797806, 7.51179599762, 15.9938154221, 18.0043792725, 11.5474224091, 15.9408750534, 32.1682052612, 41.4537734985, 28.9386386871, 26.1420612335, 25.0005493164, 27.2778892517, 33.6628189087, 26.8427410126, 42.256526947, 44.3501586914, 48.7242965698, 22.6023521423, 20.6168785095, 19.9263458252, 34.8415145874, 20.6245098114, 7.30564260483, 5.26848363876, 3.93159413338, 2.96108675003, 1.87292635441, 1.02905845642, 0.384543091059, 0.0885773077607, 0.00456527527422, 0.000143713928992],
        "median": [0.683533370495, 1.35715544224, 1.84107816219, 3.12372922897, 4.8488111496, 6.13638496399, 4.70942115784, 2.6670897007, 2.54236292839, 3.4160490036, 6.80044412613, 7.11511564255, 6.76099777222, 8.61965370178, 12.927526474, 22.9511070251, 16.774389267, 16.0747585297, 15.7525730133, 18.1851902008, 22.4370136261, 21.1445484161, 26.4783248901, 29.010389328, 28.6764316559, 17.0305252075, 15.5596265793, 15.4036588669, 23.1892166138, 14.6835956573, 5.08271884918, 3.02819442749, 2.10035920143, 1.50271260738, 0.712494552135, 0.351281881332, 0.13182143867, 0.0278696995229, 0.000766588491388, 9.1360816441e-05],
        "min": [1.28899341799e-22, 8.36846215991e-22, 1.36243068846e-21, 5.81999836128e-21, 2.19097816851e-20, 6.07215193099e-20, 7.65193377659e-20, 1.40721904512e-19, 2.06283348059e-19, 2.48484900915e-19, 6.45898397843e-19, 9.56079340227e-19, 1.89403887554e-18, 1.38499378774e-18, 1.41544096192e-18, 1.32007013922e-18, 2.37918795623e-18, 4.13123321462e-18, 3.27131424099e-18, 5.18385528568e-18, 4.45549918168e-18, 7.63479102708e-18, 6.50559147004e-18, 9.23113628556e-18, 7.68775209298e-18, 1.15701259524e-17, 9.98398562109e-18, 1.0315219344e-17, 1.31311960936e-17, 1.47511813468e-17, 9.40134854893e-18, 1.13806064663e-17, 1.24979148885e-17, 9.34494723886e-18, 7.52238214492e-18, 4.30851621786e-18, 2.76505323632e-18, 1.16217707671e-18, 2.84571508167e-19, 2.90541923345e-20],
        "var": [1.15489089489, 33.3689308167, 20.7428913116, 154.486541748, 510.219543457, 2934.56152344, 429.914459229, 471.532012939, 91.1561355591, 191.135025024, 724.108581543, 1184.41296387, 213.555450439, 497.192169189, 3978.48657227, 3032.234375, 1431.35327148, 1016.07104492, 881.300415039, 1023.58947754, 1759.28479004, 551.680664062, 3162.82739258, 4998.15234375, 5935.36132812, 423.592926025, 321.428192139, 321.358551025, 1449.6394043, 464.430175781, 54.4807243347, 43.1227722168, 27.0181407928, 17.2375297546, 9.1240644455, 3.97043132782, 0.814537644386, 0.0410128645599, 0.000147738886881, 3.89180065952e-08]
    },
    "gfcc": {
        "mean": [48.4589118958, 56.8302993774, -106.146369934, 52.3298149109, -42.4736709595, 23.0199279785, -27.5311546326, 8.60382175446, -26.6321678162, 5.53324127197, -18.9244613647, 8.16937828064, -14.8026609421],
        "cov": [[5508.8203125, -1186.32739258, 524.574584961, 237.570297241, 169.014907837, 512.903625488, 78.0216369629, 118.851089478, -319.157226562, 64.866973877, -109.87525177, 303.489868164, 15.3718118668], [-1186.32739258, 1343.30065918, -350.973083496, 5.1520857811, -64.1175994873, -261.80670166, 49.8498878479, -59.1002960205, 260.007263184, -50.1813697815, 61.8696632385, -171.048034668, -0.803339779377], [524.574584961, -350.973083496, 841.284423828, 83.1745071411, 188.692230225, 201.523757935, -116.363372803, -56.0566864014, -235.758010864, 13.7178936005, -18.6457805634, 14.2971038818, 23.5264034271], [237.570297241, 5.1520857811, 83.1745071411, 320.952453613, 112.070419312, 101.390899658, 104.402038574, 69.5276870728, 89.890953064, 40.5348167419, -2.86436104774, 22.7785358429, -3.93089413643], [169.014907837, -64.1175994873, 188.692230225, 112.070419312, 257.972808838, 154.805435181, 66.7520675659, 12.3195428848, -30.0100402832, 15.8313398361, 13.1983661652, 24.0333938599, 13.0682401657], [512.903625488, -261.80670166, 201.523757935, 101.390899658, 154.805435181, 331.827453613, 103.572555542, 34.6961555481, -82.50025177, 31.6429786682, 25.1386165619, 97.4183654785, 42.2170410156], [78.0216369629, 49.8498878479, -116.363372803, 104.402038574, 66.7520675659, 103.572555542, 272.256134033, 134.480392456, 165.770584106, 48.1148681641, 48.8597755432, 96.0372848511, 19.3884315491], [118.851089478, -59.1002960205, -56.0566864014, 69.5276870728, 12.3195428848, 34.6961555481, 134.480392456, 196.238296509, 143.003112793, 67.4892272949, 14.4425563812, 48.4997329712, 2.85710191727], [-319.157226562, 260.007263184, -235.758010864, 89.890953064, -30.0100402832, -82.50025177, 165.770584106, 143.003112793, 315.853729248, 75.8104019165, 22.7649917603, 8.62253475189, -8.53781414032], [64.866973877, -50.1813697815, 13.7178936005, 40.5348167419, 15.8313398361, 31.6429786682, 48.1148681641, 67.4892272949, 75.8104019165, 91.5926742554, 29.7805423737, 25.6723117828, 7.24010133743], [-109.87525177, 61.8696632385, -18.6457805634, -2.86436104774, 13.1983661652, 25.1386165619, 48.8597755432, 14.4425563812, 22.7649917603, 29.7805423737, 85.25756073, 40.5210494995, 20.3217105865], [303.489868164, -171.048034668, 14.2971038818, 22.7785358429, 24.0333938599, 97.4183654785, 96.0372848511, 48.4997329712, 8.62253475189, 25.6723117828, 40.5210494995, 140.700241089, 45.8883552551], [15.3718118668, -0.803339779377, 23.5264034271, -3.93089413643, 13.0682401657, 42.2170410156, 19.3884315491, 2.85710191727, -8.53781414032, 7.24010133743, 20.3217105865, 45.8883552551, 68.3763198853]],
        "icov": [[0.000288653420284, -1.63855820574e-05, -5.35388062417e-06, -0.000169975857716, 7.49000173528e-05, -0.000143177705468, -3.90755758417e-06, -0.000174911678187, 0.00048179004807, -0.000423019606387, 0.000721740885638, -0.000758840236813, 0.000409203086747], [-1.63855820574e-05, 0.00196100072935, 3.91027861042e-05, -0.00017023239343, -6.83049001964e-05, 0.000433096778579, -0.000666690815706, 0.00122619525064, -0.00217260443605, 0.00237588514574, -0.00273188296705, 0.0033491498325, -0.00207165279426], [-5.35388062417e-06, 3.91027861042e-05, 0.00215782085434, -0.000548451789655, -0.00112039991654, -0.00038664668682, 0.00111030344851, -0.000374799710698, 0.00137187144719, -0.00122368871234, 0.000315673329169, -7.48169477447e-05, -0.000361364975106], [-0.000169975857716, -0.00017023239343, -0.000548451789655, 0.00487455911934, -0.00125606090296, -0.00114713795483, -0.000288143608486, 0.000117468574899, -0.00220674835145, 4.30833861174e-05, 0.000911840877961, 0.000174966975464, 0.000861745909788], [7.49000173528e-05, -6.83049001964e-05, -0.00112039991654, -0.00125606090296, 0.00681455200538, -0.00200085365213, -0.00203162897378, 0.000615456374362, 0.000548770651221, 7.72444946051e-06, -0.000427551975008, 0.00158622208983, -9.07952198759e-05], [-0.000143177705468, 0.000433096778579, -0.00038664668682, -0.00114713795483, -0.00200085365213, 0.00810833554715, -0.00419922964647, 5.31532277819e-05, 0.00421051774174, -0.00264208950102, 0.000261521956418, -0.000468898622785, -0.00228853640147], [-3.90755758417e-06, -0.000666690815706, 0.00111030344851, -0.000288143608486, -0.00203162897378, -0.00419922964647, 0.0135559253395, -0.00371361570433, -0.00585641246289, 0.00417854031548, -0.00247508799657, -0.00610816339031, 0.00254794163629], [-0.000174911678187, 0.00122619525064, -0.000374799710698, 0.000117468574899, 0.000615456374362, 5.31532277819e-05, -0.00371361570433, 0.0116635141894, -0.00412140553817, -0.00301203271374, 0.000620428530965, 0.00103655108251, -0.000471077219117], [0.00048179004807, -0.00217260443605, 0.00137187144719, -0.00220674835145, 0.000548770651221, 0.00421051774174, -0.00585641246289, -0.00412140553817, 0.0153192719445, -0.0101127382368, 0.00528795877472, -0.00205773301423, 0.00118856655899], [-0.000423019606387, 0.00237588514574, -0.00122368871234, 4.30833861174e-05, 7.72444946051e-06, -0.00264208950102, 0.00417854031548, -0.00301203271374, -0.0101127382368, 0.024604126811, -0.010877372697, 0.00388943986036, -0.00212807673961], [0.000721740885638, -0.00273188296705, 0.000315673329169, 0.000911840877961, -0.000427551975008, 0.000261521956418, -0.00247508799657, 0.000620428530965, 0.00528795877472, -0.010877372697, 0.02232353203, -0.00895944982767, 0.0015358190285], [-0.000758840236813, 0.0033491498325, -7.48169477447e-05, 0.000174966975464, 0.00158622208983, -0.000468898622785, -0.00610816339031, 0.00103655108251, -0.00205773301423, 0.00388943986036, -0.00895944982767, 0.0222507249564, -0.0110180033371], [0.000409203086747, -0.00207165279426, -0.000361364975106, 0.000861745909788, -9.07952198759e-05, -0.00228853640147, 0.00254794163629, -0.000471077219117, 0.00118856655899, -0.00212807673961, 0.0015358190285, -0.0110180033371, 0.0227216761559]]
    },
    "melbands": {
        "dmean": [0.00284558464773, 0.0016291688662, 0.000855097721796, 0.000986812869087, 0.000305626250338, 0.000131081134896, 5.1930819609e-05, 5.01085341966e-05, 6.01598003414e-05, 6.20006103418e-05, 2.96947182505e-05, 3.81457975891e-05, 5.39781503903e-05, 6.73494287184e-05, 4.31489388575e-05, 3.0497834814e-05, 2.96461294056e-05, 2.33486643992e-05, 1.55189827638e-05, 3.72400209017e-05, 1.93946489162e-05, 1.56649621204e-05, 1.98912075575e-05, 2.65862599917e-05, 1.98728739633e-05, 2.42334663199e-05, 1.10122909973e-05, 8.86949965206e-06, 8.18758599053e-06, 7.12262544766e-06, 6.53416236673e-06, 9.15192958928e-06, 8.76561625773e-06, 4.14347960032e-06, 2.75676006822e-06, 1.94280187316e-06, 2.17520187107e-06, 1.86309739547e-06, 1.76664264018e-06, 1.55349937359e-06],
        "dmean2": [0.00406221393496, 0.00245743268169, 0.00135968462564, 0.00135960651096, 0.000474065745948, 0.000216097658267, 8.53719757288e-05, 7.32821572456e-05, 8.61614535097e-05, 9.08119473024e-05, 4.50772458862e-05, 5.79059342272e-05, 7.94307416072e-05, 0.000101171382994, 6.6841392254e-05, 4.8620859161e-05, 4.69530823466e-05, 3.86538922612e-05, 2.53479356616e-05, 6.16794641246e-05, 3.20942926919e-05, 2.60871784121e-05, 3.31521987391e-05, 4.22232806159e-05, 3.0772142054e-05, 3.83268707083e-05, 1.78519458132e-05, 1.49001280079e-05, 1.39363683047e-05, 1.18030138765e-05, 1.09669072117e-05, 1.54617064254e-05, 1.46896236402e-05, 6.9488992267e-06, 4.64669847133e-06, 3.22654955198e-06, 3.71085434381e-06, 3.13950999953e-06, 2.95463360089e-06, 2.57612009591e-06],
        "dvar": [1.90213941096e-05, 8.77427464729e-06, 3.52207143806e-06, 3.76053571927e-06, 3.81648959547e-07, 1.59529477628e-07, 1.62517324043e-08, 9.81872627648e-09, 1.03690753761e-08, 1.64078475251e-08, 1.71504577207e-09, 3.88877197111e-09, 1.37081190843e-08, 1.04129975753e-08, 4.82880357922e-09, 2.22579932263e-09, 2.45111309027e-09, 1.14653220251e-09, 4.72132666296e-10, 5.78468206669e-09, 7.59342921874e-10, 4.23906215685e-10, 8.0295575744e-10, 2.14171147483e-09, 2.11398631933e-09, 2.16617279669e-09, 2.64770594338e-10, 1.48922277288e-10, 1.49389223214e-10, 8.64249991017e-11, 1.03914161997e-10, 1.84473783471e-10, 1.68089556163e-10, 3.15701076392e-11, 1.89586332744e-11, 8.62766282028e-12, 1.68999172295e-11, 1.20982382099e-11, 9.34329263264e-12, 9.80378452031e-12],
        "dvar2": [3.97560834244e-05, 1.82110416063e-05, 8.68882398208e-06, 7.00784494256e-06, 9.68202130025e-07, 3.75811168851e-07, 4.2234443498e-08, 1.8117237488e-08, 1.94834850475e-08, 2.90706339001e-08, 3.52703777295e-09, 8.01069788281e-09, 2.59109711465e-08, 2.18564846222e-08, 1.06111253118e-08, 5.15138598445e-09, 5.5937627863e-09, 2.95513835624e-09, 1.17500065233e-09, 1.55012909175e-08, 1.96222305071e-09, 1.06646513842e-09, 1.9933381612e-09, 4.67870986398e-09, 3.4891880496e-09, 4.61120164275e-09, 6.63151866753e-10, 4.04422856315e-10, 4.04410283039e-10, 2.25991975134e-10, 2.84840734333e-10, 5.16125198136e-10, 4.43054259947e-10, 8.5452124543e-11, 5.22372423095e-11, 2.3190560583e-11, 4.75646154408e-11, 3.32946656356e-11, 2.46155370393e-11, 2.5616904431e-11],
        "max": [0.0484952926636, 0.0339164882898, 0.030760532245, 0.0242330655456, 0.0101456604898, 0.00862325076014, 0.00310518359765, 0.00237307115458, 0.00272081140429, 0.00321291713044, 0.000928286928684, 0.00109739881009, 0.00231980532408, 0.00184897729196, 0.00201115384698, 0.00122561259195, 0.00102747837082, 0.000746437290218, 0.000424723082688, 0.00243102922104, 0.000663937651552, 0.000319134182064, 0.000444887322374, 0.000912735238671, 0.00175397202838, 0.000925936212298, 0.0002544602321, 0.000148878141772, 0.00020159331325, 0.000127292092657, 9.60552206379e-05, 0.000242939931923, 0.000280615058728, 9.85980586847e-05, 4.4402662752e-05, 2.97404094454e-05, 3.90289751522e-05, 4.19341995439e-05, 3.88289809052e-05, 3.78316362912e-05],
        "mean": [0.00727987848222, 0.00275375368074, 0.00127803720534, 0.00179127592128, 0.000501922157127, 0.000179875016329, 7.73314823164e-05, 9.36117139645e-05, 0.000125370614114, 0.000110733657493, 5.57285457035e-05, 6.27734771115e-05, 8.38089472381e-05, 0.000117550283903, 7.99261470092e-05, 5.51863267901e-05, 4.85764321638e-05, 3.90229324694e-05, 2.69787651632e-05, 5.72713470319e-05, 3.4798260458e-05, 2.65894177574e-05, 3.22694249917e-05, 4.30645268352e-05, 3.37702804245e-05, 4.05191676691e-05, 1.94382573682e-05, 1.44053447002e-05, 1.32297382152e-05, 1.20840632007e-05, 1.11258605102e-05, 1.89678412426e-05, 1.95441371034e-05, 8.37401512399e-06, 4.1732655518e-06, 3.09599045067e-06, 3.24492793879e-06, 2.7255000532e-06, 2.70571467809e-06, 2.39236192101e-06],
        "median": [0.00490727601573, 0.0014178120764, 0.000568833842408, 0.00042177978321, 0.000195432061446, 6.10544593656e-05, 3.65581981896e-05, 4.24886311521e-05, 5.35849540029e-05, 3.81459067285e-05, 3.22587075061e-05, 2.96666948998e-05, 3.12887277687e-05, 6.4418920374e-05, 4.48532300652e-05, 3.06886649923e-05, 2.6830661227e-05, 2.47825610131e-05, 1.81331870408e-05, 2.63305300905e-05, 2.49727963819e-05, 1.97753015527e-05, 2.19390840357e-05, 2.1349893359e-05, 1.99092373805e-05, 2.35191364482e-05, 1.31244805743e-05, 9.83373865893e-06, 9.29643829295e-06, 8.76215653989e-06, 7.97770917416e-06, 1.2904036339e-05, 1.19111900858e-05, 5.98602036916e-06, 2.71195790447e-06, 1.80797576377e-06, 1.73284217908e-06, 1.30747389449e-06, 1.5174159671e-06, 1.09801214876e-06],
        "min": [1.79200049256e-24, 1.27205339524e-24, 1.26455823057e-24, 3.92726631384e-24, 3.01883500021e-24, 2.80141527118e-24, 3.44689932637e-24, 2.46095493462e-24, 6.39498533629e-24, 5.95334944711e-24, 9.28323624655e-24, 5.17558702597e-24, 4.67336898585e-24, 5.36947562583e-24, 2.51618880583e-24, 5.73725954036e-24, 7.9229544783e-24, 4.43881973391e-24, 8.20146418747e-24, 5.06915036276e-24, 4.12461682979e-24, 7.19831000621e-24, 4.46140994923e-24, 6.55122831047e-24, 7.36567079156e-24, 4.46819415301e-24, 6.68239970736e-24, 7.41966122077e-24, 6.47689986383e-24, 4.36703299711e-24, 6.96380690264e-24, 7.28573788261e-24, 7.42969237604e-24, 8.49366221107e-24, 5.52220974671e-24, 3.88842161958e-24, 7.9247341485e-24, 8.37747956581e-24, 8.40159898799e-24, 7.31323836263e-24],
        "var": [7.2325929068e-05, 1.57776121341e-05, 5.13398845214e-06, 1.03321708593e-05, 6.48552997973e-07, 2.08645914768e-07, 1.93525995229e-08, 3.05586240756e-08, 4.38089138299e-08, 5.14677829244e-08, 5.07610442568e-09, 9.06251607091e-09, 2.7644995626e-08, 2.3685799988e-08, 1.12715490275e-08, 5.77793102252e-09, 4.40894787346e-09, 2.09518091765e-09, 9.25077403569e-10, 9.70869962202e-09, 1.3774982266e-09, 6.59966692407e-10, 1.35071331897e-09, 4.68910288376e-09, 4.55576465441e-09, 4.25373558599e-09, 4.82040185545e-10, 2.10908693288e-10, 1.83735540671e-10, 1.28302160562e-10, 1.25381996452e-10, 4.13444167791e-10, 5.48893708263e-10, 7.31662230802e-11, 2.13572406288e-11, 1.29922279532e-11, 1.9420709832e-11, 1.47838685738e-11, 1.23267073632e-11, 1.2549317488e-11]
    },
    "mfcc": {
        "mean": [-597.643005371, 86.8605499268, 2.15848875046, 37.0548324585, 10.3212871552, 20.7780742645, 9.05538368225, 10.7730426788, 2.74379968643, -2.01032781601, 6.44607686996, -2.20640826225, 1.45859193802],
        "cov": [[3988.64624023, -872.14050293, 94.2529296875, -20.8002109528, 36.0346984863, 298.019775391, 291.334777832, 261.426971436, 30.2144412994, -77.3561248779, -92.5879440308, -113.843955994, 97.6083602905], [-872.14050293, 972.647399902, -108.650215149, 80.2329864502, -65.5323562622, -116.522117615, -161.292282104, -95.9998703003, -10.010014534, 33.261138916, 62.901058197, 41.0434036255, -58.9410018921], [94.2529296875, -108.650215149, 494.477020264, 9.72371196747, 180.552444458, 80.6613540649, 118.703643799, -65.1382293701, -57.7269134521, -38.4690361023, -80.4363555908, -8.36397647858, -66.5391159058], [-20.8002109528, 80.2329864502, 9.72371196747, 274.681152344, 25.472032547, 20.2139434814, -48.7490577698, 47.3525314331, 78.9987716675, 58.1894950867, 118.405250549, -9.45574760437, 27.1192588806], [36.0346984863, -65.5323562622, 180.552444458, 25.472032547, 244.095169067, 112.660591125, 121.063995361, -39.6748657227, -33.2867164612, -13.1525554657, -61.8551673889, -10.7617511749, -46.3451728821], [298.019775391, -116.522117615, 80.6613540649, 20.2139434814, 112.660591125, 244.744232178, 158.179138184, 81.5414123535, 10.6326580048, -16.2168312073, -14.9386339188, -11.5970687866, 41.4225883484], [291.334777832, -161.292282104, 118.703643799, -48.7490577698, 121.063995361, 158.179138184, 241.394821167, 65.8612518311, -22.4945468903, -32.6565475464, -54.3269309998, -3.18420481682, 19.3488616943], [261.426971436, -95.9998703003, -65.1382293701, 47.3525314331, -39.6748657227, 81.5414123535, 65.8612518311, 198.146118164, 98.9567108154, 33.1997375488, 81.0059661865, 4.37052726746, 100.151473999], [30.2144412994, -10.010014534, -57.7269134521, 78.9987716675, -33.2867164612, 10.6326580048, -22.4945468903, 98.9567108154, 154.388000488, 70.8422317505, 104.079864502, 16.7076721191, 66.8565139771], [-77.3561248779, 33.261138916, -38.4690361023, 58.1894950867, -13.1525554657, -16.2168312073, -32.6565475464, 33.1997375488, 70.8422317505, 97.2846984863, 84.0971450806, 20.9006481171, 27.5103969574], [-92.5879440308, 62.901058197, -80.4363555908, 118.405250549, -61.8551673889, -14.9386339188, -54.3269309998, 81.0059661865, 104.079864502, 84.0971450806, 183.462478638, 34.2611846924, 71.6065597534], [-113.843955994, 41.0434036255, -8.36397647858, -9.45574760437, -10.7617511749, -11.5970687866, -3.18420481682, 4.37052726746, 16.7076721191, 20.9006481171, 34.2611846924, 72.8266830444, 22.9022407532], [97.6083602905, -58.9410018921, -66.5391159058, 27.1192588806, -46.3451728821, 41.4225883484, 19.3488616943, 100.151473999, 66.8565139771, 27.5103969574, 71.6065597534, 22.9022407532, 141.354202271]],
