{
"lowlevel": {
    "average_loudness": 0.908775150776,
    "barkbands_crest": {
        "dmean": 3.53850126266,
        "dmean2": 5.02628517151,
        "dvar": 16.6133918762,
        "dvar2": 32.4830360413,
        "max": 26.6998214722,
        "mean": 13.8924694061,
        "median": 12.9387741089,
        "min": 1.98126900196,
        "var": 59.045627594
    },
    "barkbands_flatness_db": {
        "dmean": 0.0478303581476,
        "dmean2": 0.0634086951613,
        "dvar": 0.00436206208542,
        "dvar2": 0.00733025372028,
        "max": 0.986405491829,
        "mean": 0.186083182693,
        "median": 0.127655446529,
        "min": 0.0118218073621,
        "var": 0.022161770612
    },
    "barkbands_kurtosis": {
        "dmean": 53.6728515625,
        "dmean2": 81.5652770996,
        "dvar": 55046.4492188,
        "dvar2": 135963.140625,
        "max": 5352.34423828,
        "mean": 68.2315216064,
        "median": 1.87788820267,
        "min": -1.91709518433,
        "var": 64153.9023438
    },
    "barkbands_skewness": {
        "dmean": 2.00631737709,
        "dmean2": 2.7094347477,
        "dvar": 12.9034461975,
        "dvar2": 26.8777580261,
        "max": 61.8463783264,
        "mean": 3.57149529457,
        "median": 1.53483760357,
        "min": -5.30268001556,
        "var": 35.0596084595
    },
    "barkbands_spread": {
        "dmean": 14.1381835938,
        "dmean2": 20.9125919342,
        "dvar": 287.831085205,
        "dvar2": 675.288269043,
        "max": 112.102119446,
        "mean": 36.6320877075,
        "median": 34.3136940002,
        "min": 0.0113832810894,
        "var": 827.797058105
    },
    "dissonance": {
        "dmean": 0.0109923165292,
        "dmean2": 0.0184909868985,
        "dvar": 0.000314464763505,
        "dvar2": 0.000795702682808,
        "max": 0.49998742342,
        "mean": 0.483402311802,
        "median": 0.490495234728,
        "min": 0.209245160222,
        "var": 0.000485806463985
    },
    "dynamic_complexity": 5.23280096054,
    "erbbands_crest": {
        "dmean": 1.88814342022,
        "dmean2": 2.92249274254,
        "dvar": 7.19760131836,
        "dvar2": 13.4339122772,
        "max": 28.5309467316,
        "mean": 6.76780653,
        "median": 4.80058813095,
        "min": 2.19603323936,
        "var": 25.7774600983
    },
    "erbbands_flatness_db": {
        "dmean": 0.0193754583597,
        "dmean2": 0.0282836295664,
        "dvar": 0.00102899177,
        "dvar2": 0.00202813674696,
        "max": 0.564988851547,
        "mean": 0.133114501834,
        "median": 0.117738842964,
        "min": 0.0238032601774,
        "var": 0.00416237255558
    },
    "erbbands_kurtosis": {
        "dmean": 4.11167812347,
        "dmean2": 6.70841932297,
        "dvar": 583.403503418,
        "dvar2": 1250.51708984,
        "max": 417.820953369,
        "mean": 5.73108386993,
        "median": -0.0469863414764,
        "min": -1.86618196964,
        "var": 1369.56433105
    },
    "erbbands_skewness": {
        "dmean": 0.555626273155,
        "dmean2": 0.834427595139,
        "dvar": 1.12352025509,
        "dvar2": 2.40381479263,
        "max": 16.8894100189,
        "mean": -0.0241118874401,
        "median": -0.46333783865,
        "min": -2.98188328743,
        "var": 3.58398723602
    },
    "erbbands_spread": {
        "dmean": 16.2961521149,
        "dmean2": 24.3718700409,
        "dvar": 382.71282959,
        "dvar2": 815.689025879,
        "max": 220.397491455,
        "mean": 59.5317230225,
        "median": 54.6394844055,
        "min": 0.378349274397,
        "var": 1129.16687012
    },
    "hfc": {
        "dmean": 37.3435401917,
        "dmean2": 56.8679504395,
        "dvar": 6146.94873047,
        "dvar2": 14664.3603516,
        "max": 695.794189453,
        "mean": 52.4311103821,
        "median": 16.2514457703,
        "min": 1.12334052095e-16,
        "var": 7687.38769531
    },
    "melbands_crest": {
        "dmean": 4.80642557144,
        "dmean2": 7.23870229721,
        "dvar": 29.0118045807,
        "dvar2": 66.1659698486,
        "max": 39.7229385376,
        "mean": 21.8802165985,
        "median": 22.2216796875,
        "min": 1.02526926994,
        "var": 98.6378555298
    },
    "melbands_flatness_db": {
        "dmean": 0.0609779134393,
        "dmean2": 0.080465875566,
        "dvar": 0.00627043657005,
        "dvar2": 0.0110983802006,
        "max": 1,
        "mean": 0.242831200361,
        "median": 0.18829806149,
        "min": 1.14762030989e-06,
        "var": 0.0330619812012
    },
    "melbands_kurtosis": {
        "dmean": 100.090621948,
        "dmean2": 140.719161987,
        "dvar": 67791.609375,
        "dvar2": 143320.9375,
        "max": 7403.45361328,
        "mean": 166.920944214,
        "median": 18.1798439026,
        "min": -1.79585254192,
        "var": 146019.46875
    },
    "melbands_skewness": {
        "dmean": 2.82121014595,
        "dmean2": 3.88155198097,
        "dvar": 16.6924495697,
        "dvar2": 31.8698291779,
        "max": 76.8828964233,
        "mean": 7.03021001816,
        "median": 3.88425564766,
        "min": -1.48021245003,
        "var": 59.7887878418
    },
    "melbands_spread": {
        "dmean": 19.9119987488,
        "dmean2": 29.1312580109,
        "dvar": 1108.39587402,
        "dvar2": 2180.27587891,
        "max": 250.148452759,
        "mean": 38.6729202271,
        "median": 21.769317627,
        "min": 0.0775143355131,
        "var": 2265.86523438
    },
    "pitch_salience": {
        "dmean": 0.119273968041,
        "dmean2": 0.172621950507,
        "dvar": 0.0216861441731,
        "dvar2": 0.0440862476826,
        "max": 0.99590164423,
        "mean": 0.424253851175,
        "median": 0.480547964573,
        "min": 0.00236222078092,
        "var": 0.0660746321082
    },
    "silence_rate_20dB": {
        "dmean": 0.00030057108961,
        "dmean2": 0.000601232517511,
        "dvar": 0.000300487532513,
        "dvar2": 0.000600898056291,
        "max": 1,
        "mean": 0.999398946762,
        "median": 1,
        "min": 0,
        "var": 0.00060071767075
    },
    "silence_rate_30dB": {
        "dmean": 0.063420496881,
        "dmean2": 0.126860067248,
        "dvar": 0.0594011507928,
        "dvar2": 0.115278154612,
        "max": 1,
        "mean": 0.774755835533,
        "median": 1,
        "min": 0,
        "var": 0.174504846334
    },
    "silence_rate_60dB": {
        "dmean": 0.0306582506746,
        "dmean2": 0.0613257177174,
        "dvar": 0.0297198724002,
        "dvar2": 0.0683818161488,
        "max": 1,
        "mean": 0.139444023371,
        "median": 0,
        "min": 0,
        "var": 0.120006643236
    },
    "spectral_centroid": {
        "dmean": 451.172454834,
        "dmean2": 664.170776367,
        "dvar": 327224.40625,
        "dvar2": 649463.3125,
        "max": 10987.4453125,
        "mean": 2210.99951172,
        "median": 2410.07348633,
        "min": 45.7758750916,
        "var": 1319941.75
    },
    "spectral_complexity": {
        "dmean": 7.04899311066,
        "dmean2": 10.7936267853,
        "dvar": 93.8573532104,
        "dvar2": 194.309967041,
        "max": 67,
        "mean": 16.2413215637,
        "median": 11,
        "min": 0,
        "var": 248.242462158
    },
    "spectral_decrease": {
        "dmean": 4.01696453878e-09,
        "dmean2": 4.9719233175e-09,
        "dvar": 2.90766128324e-17,
        "dvar2": 4.31606300018e-17,
        "max": 1.2677384206e-29,
        "mean": -1.35734010698e-08,
        "median": -6.78988287817e-09,
        "min": -1.04812997392e-07,
        "var": 2.42885374136e-16
    },
    "spectral_energy": {
        "dmean": 0.0159186795354,
        "dmean2": 0.020741969347,
        "dvar": 0.000430077809142,
        "dvar2": 0.000744424934965,
        "max": 0.397811919451,
        "mean": 0.0559847392142,
        "median": 0.0315044857562,
        "min": 1.02451876484e-20,
        "var": 0.00354270078242
    },
    "spectral_energyband_high": {
        "dmean": 0.00412537856027,
        "dmean2": 0.00628871843219,
        "dvar": 9.34128547669e-05,
        "dvar2": 0.000228896329645,
        "max": 0.084927842021,
        "mean": 0.00527438195422,
        "median": 0.00127742520999,
        "min": 7.24391142981e-21,
        "var": 0.000104368467873
    },
    "spectral_energyband_low": {
        "dmean": 0.014844102785,
        "dmean2": 0.016441879794,
        "dvar": 0.000466067867819,
        "dvar2": 0.000553465622943,
        "max": 0.396708577871,
        "mean": 0.0446817874908,
        "median": 0.0150873064995,
        "min": 3.92184407841e-23,
        "var": 0.00360209634528
    },
    "spectral_energyband_middle_high": {
        "dmean": 0.00240335729904,
        "dmean2": 0.00426354678348,
        "dvar": 3.24050561176e-05,
        "dvar2": 9.25451313378e-05,
        "max": 0.0444143079221,
        "mean": 0.00315984128974,
        "median": 0.001323022414,
        "min": 1.18355924237e-21,
        "var": 2.68389903795e-05
    },
    "spectral_energyband_middle_low": {
        "dmean": 0.0033574050758,
        "dmean2": 0.00579335307702,
        "dvar": 6.69513756293e-05,
        "dvar2": 0.000181787603651,
        "max": 0.0600282624364,
        "mean": 0.00372068979777,
        "median": 0.00173954723869,
        "min": 2.52761156696e-22,
        "var": 4.88021469209e-05
    },
    "spectral_entropy": {
        "dmean": 0.215330109,
        "dmean2": 0.320160239935,
        "dvar": 0.210990533233,
        "dvar2": 0.397328644991,
        "max": 9.80945301056,
        "mean": 8.0137834549,
        "median": 8.26612472534,
        "min": 2.3024699688,
        "var": 0.813767194748
    },
    "spectral_flux": {
        "dmean": 0.0389751344919,
        "dmean2": 0.0536941550672,
        "dvar": 0.00247580278665,
        "dvar2": 0.00440829107538,
        "max": 0.434974610806,
        "mean": 0.0988227128983,
        "median": 0.0715839713812,
        "min": 6.80262721153e-11,
        "var": 0.00693179387599
    },
    "spectral_kurtosis": {
        "dmean": 2.0206284523,
        "dmean2": 3.25237560272,
        "dvar": 97.954246521,
        "dvar2": 209.695266724,
        "max": 292.291442871,
        "mean": 3.47483849525,
        "median": 0.97739481926,
        "min": -1.24174022675,
        "var": 208.900787354
    },
    "spectral_rms": {
        "dmean": 0.00106692640111,
        "dmean2": 0.00141996960156,
        "dvar": 1.70814348621e-06,
        "dvar2": 3.09235360874e-06,
        "max": 0.019700486213,
        "mean": 0.00621899683028,
        "median": 0.00554401334375,
        "min": 3.16153526969e-12,
        "var": 1.59434093803e-05
    },
    "spectral_rolloff": {
        "dmean": 1410.23522949,
        "dmean2": 2157.10522461,
        "dvar": 4696147.5,
        "dvar2": 8234672,
        "max": 19013.8183594,
        "mean": 3122.05102539,
        "median": 1550.390625,
        "min": 43.06640625,
        "var": 12502515
    },
    "spectral_skewness": {
        "dmean": 0.253666520119,
        "dmean2": 0.400211662054,
        "dvar": 0.44136980176,
        "dvar2": 0.923224389553,
        "max": 15.9704399109,
        "mean": 1.15647315979,
        "median": 0.91649222374,
        "min": 0.00992587022483,
        "var": 1.27774477005
    },
    "spectral_spread": {
        "dmean": 836284.375,
        "dmean2": 1237471.75,
        "dvar": 1.48677905613e+12,
        "dvar2": 2.76913245389e+12,
        "max": 42154932,
        "mean": 6682306,
        "median": 6600867.5,
        "min": 322666.25,
        "var": 5.4089309225e+12
    },
    "spectral_strongpeak": {
        "dmean": 0.256172478199,
        "dmean2": 0.4260443151,
        "dvar": 0.694668054581,
        "dvar2": 1.97509026527,
        "max": 12.4129533768,
        "mean": 0.522142708302,
        "median": 0.347339510918,
        "min": 0,
        "var": 0.527090609074
    },
    "zerocrossingrate": {
        "dmean": 0.0278657134622,
        "dmean2": 0.0281724259257,
        "dvar": 0.00120320520364,
        "dvar2": 0.00126858090516,
        "max": 0.84619140625,
        "mean": 0.0967653095722,
        "median": 0.08154296875,
        "min": 0.001953125,
        "var": 0.00802995823324
    },
    "barkbands": {
        "dmean": [0.00121691310778, 0.014068191871, 0.00289189117029, 0.00133028032724, 0.00124773045536, 0.000622849853244, 0.000211097794818, 0.000164542128914, 0.000395611423301, 0.000376120151486, 0.000285558315227, 0.000361627055099, 0.000303180742776, 0.000242637572228, 0.00014411797747, 0.000190505685168, 0.000168978862348, 0.000266142509645, 0.000439534080215, 0.000395370763727, 0.000535094470251, 0.000697827374097, 0.000712280860171, 0.00101175555028, 0.000711846048944, 0.000388654938433, 5.88774528296e-05],
        "dmean2": [0.00114801770542, 0.0169867873192, 0.00484082754701, 0.0023763072677, 0.00222346931696, 0.0011652209796, 0.000390592351323, 0.000290534604574, 0.000732457847334, 0.000687558553182, 0.000512592319865, 0.000635220494587, 0.000530233897734, 0.000404323393013, 0.000245273840846, 0.000326001871144, 0.000296707235975, 0.000462601310574, 0.000776289671194, 0.000673307746183, 0.000868556206115, 0.00111767544877, 0.00112784607336, 0.00155903981067, 0.00105149531737, 0.000515245134011, 8.73579338077e-05],
        "dvar": [4.00282169721e-06, 0.000535531900823, 6.51078225928e-05, 1.24512343973e-05, 9.00338545762e-06, 4.18655372414e-06, 4.06102770967e-07, 1.6211258469e-07, 1.58395687322e-06, 1.19638036722e-06, 6.97132747973e-07, 8.5054102783e-07, 4.26475310178e-07, 2.0685479285e-07, 5.53234791312e-08, 1.6594813701e-07, 1.02767806709e-07, 3.49808402689e-07, 8.16289684735e-07, 7.51993354697e-07, 1.47894911606e-06, 3.66070821656e-06, 3.22423147736e-06, 5.63028606848e-06, 2.31159492614e-06, 7.60988598358e-07, 2.59249350876e-08],
        "dvar2": [3.45469766216e-06, 0.00069540127879, 0.000161684525665, 3.60490885214e-05, 2.55736104009e-05, 1.21794855659e-05, 1.17980061987e-06, 4.41520313643e-07, 4.61578019895e-06, 3.4690672237e-06, 2.00419913199e-06, 2.319065743e-06, 1.1906349755e-06, 5.22039670159e-07, 1.4542781912e-07, 4.44371266894e-07, 2.87254408704e-07, 9.76695673671e-07, 2.3168156531e-06, 2.02769729185e-06, 3.65744926967e-06, 9.49024069996e-06, 8.05693616712e-06, 1.41156633617e-05, 5.29080398337e-06, 1.39883115935e-06, 5.08639885766e-08],
        "max": [0.0357423126698, 0.382550686598, 0.089054055512, 0.0360975340009, 0.0256703831255, 0.0182311683893, 0.00668847328052, 0.00435969838873, 0.0109323216602, 0.0102034797892, 0.00912072136998, 0.00925147626549, 0.00598130607978, 0.00623150542378, 0.00335962069221, 0.00964981503785, 0.00319285015576, 0.00403416063637, 0.00643329136074, 0.010373339057, 0.011670854874, 0.0187714770436, 0.0175575707108, 0.021738126874, 0.0172824580222, 0.00745338387787, 0.00286620645784],
        "mean": [0.00295800459571, 0.0383702144027, 0.00255987932906, 0.00130273483228, 0.00116867246106, 0.000475182081573, 0.000184643300599, 0.000168744358234, 0.000308912742184, 0.000310103670927, 0.000286237249384, 0.000398799573304, 0.000347389111994, 0.000304491230054, 0.000204783311347, 0.000244555936661, 0.000196582419449, 0.000288342358544, 0.000462407217128, 0.00048048759345, 0.000650185043924, 0.000806204974651, 0.000855281017721, 0.00119864591397, 0.000908130314201, 0.000483916519443, 6.12486473983e-05],
        "median": [0.000284027162706, 0.00925145018846, 0.000434911518823, 0.000239904315094, 0.000250868877629, 7.52059859224e-05, 1.67846465047e-05, 2.38210632233e-05, 4.42685486632e-05, 6.97646537446e-05, 5.68400719203e-05, 9.89744366962e-05, 0.000110460321594, 7.54494030843e-05, 0.000100925950392, 7.03926561982e-05, 7.37472437322e-05, 9.81378470897e-05, 0.000130169923068, 0.000135748996399, 0.00017510582984, 0.000174024113221, 0.000204742769711, 0.000274858437479, 0.000131982815219, 1.98229517991e-05, 5.3537490885e-07],
        "min": [4.96828779071e-24, 3.42019638473e-24, 8.69674025162e-24, 1.62852902813e-23, 3.24293081963e-23, 1.66573817708e-23, 3.37736218421e-23, 2.33218790688e-23, 3.31502828874e-23, 4.22740240807e-23, 7.05759646892e-23, 2.62676197952e-23, 6.31372966538e-23, 7.49304390207e-23, 9.76864571182e-23, 1.2118972213e-22, 1.18194120662e-22, 1.33565056467e-22, 1.89752917686e-22, 2.00729809897e-22, 2.96312841987e-22, 4.606476137e-22, 5.34075140167e-22, 9.03407749575e-22, 1.00297608171e-21, 1.6403832662e-21, 2.23540370469e-21],
        "var": [2.67646319116e-05, 0.00317671010271, 5.27363081346e-05, 8.50087508297e-06, 6.23536789135e-06, 2.39279006564e-06, 3.26790427607e-07, 1.65872066304e-07, 9.36552908115e-07, 7.00496457284e-07, 5.26534677192e-07, 7.80138009304e-07, 3.93585281699e-07, 3.00654335206e-07, 8.43694749619e-08, 2.51932021911e-07, 9.79241505661e-08, 2.67815408961e-07, 6.5704074359e-07, 7.105670079e-07, 1.55042232564e-06, 3.34256083079e-06, 3.36616699315e-06, 5.95012670601e-06, 3.25043083649e-06, 1.30697958411e-06, 3.8846302175e-08]
    },
    "erbbands": {
        "dmean": [0.638777911663, 2.5268163681, 3.36055397987, 4.15887403488, 4.00773668289, 3.98084211349, 5.1943602562, 4.74743938446, 3.20257282257, 3.19379854202, 4.37050056458, 9.01430988312, 11.4189682007, 11.4484500885, 12.4631605148, 14.8737163544, 13.6683244705, 13.0728778839, 9.63605213165, 8.88259506226, 9.4252281189, 9.3141784668, 13.2841653824, 22.0604991913, 18.7656669617, 17.776884079, 20.8608379364, 24.0201263428, 25.5024929047, 19.6565151215, 22.1077919006, 18.8236656189, 17.7211380005, 9.8841676712, 4.19829511642, 2.07553386688, 0.580023884773, 0.143801808357, 0.00851854868233, 0.00016889917606],
        "dmean2": [0.682218074799, 3.48229575157, 5.23695659637, 7.20539617538, 6.98421859741, 7.23668241501, 9.54444026947, 8.94882583618, 5.94050598145, 5.87482213974, 7.80978965759, 16.6202201843, 20.9635944366, 20.5604724884, 22.9505558014, 25.3873825073, 23.8893470764, 22.6315002441, 15.7080039978, 15.4609775543, 15.8021173477, 16.2060680389, 22.8353252411, 39.5648002625, 32.2835197449, 30.6500740051, 34.5694274902, 38.3737640381, 40.8238945007, 31.5818786621, 35.375213623, 28.5108852386, 27.9047241211, 15.1639566422, 6.04218149185, 2.7830414772, 0.774437785149, 0.205217316747, 0.0121233956888, 0.000234669641941],
        "dvar": [1.19094574451, 22.2237682343, 70.0909957886, 132.014968872, 72.6024017334, 111.493400574, 248.865356445, 264.962585449, 99.5677337646, 88.591758728, 119.94783783, 806.65838623, 1051.75952148, 1182.53308105, 1202.93017578, 1370.8347168, 899.908996582, 620.385742188, 302.257110596, 241.550338745, 321.11428833, 331.446075439, 854.705078125, 2643.87646484, 1216.95275879, 1320.88500977, 2065.64526367, 3758.84033203, 5216.015625, 2496.49926758, 3273.13037109, 1967.53015137, 1750.16955566, 493.820373535, 81.6396255493, 23.2736930847, 1.68771636486, 0.129056170583, 0.000556911807507, 1.46137907109e-07],
        "dvar2": [1.10669207573, 38.579914093, 157.859680176, 372.970947266, 200.385253906, 319.532440186, 723.149353027, 769.331298828, 286.940582275, 258.240386963, 333.751312256, 2337.73779297, 3078.36645508, 3406.33740234, 3521.25195312, 3671.27514648, 2495.77441406, 1717.35620117, 724.796691895, 675.496154785, 841.274536133, 915.474853516, 2377.52709961, 7557.77294922, 3299.77905273, 3529.95410156, 5361.39111328, 9346.45898438, 13475.5126953, 6271.10839844, 8328.51660156, 4764.35839844, 4497.67285156, 1178.72045898, 183.89994812, 45.3797264099, 3.00662326813, 0.231990918517, 0.000974981288891, 2.54670652566e-07],
        "max": [17.9326229095, 63.1793746948, 96.3157653809, 145.410430908, 88.1478424072, 86.9108581543, 129.686523438, 153.938293457, 91.064201355, 106.612449646, 115.192771912, 241.175064087, 294.294952393, 348.163238525, 335.192871094, 386.888549805, 269.241363525, 258.20892334, 288.408905029, 217.270202637, 369.427490234, 164.93258667, 231.996261597, 386.79083252, 260.89553833, 394.294464111, 418.732391357, 616.796203613, 738.68939209, 586.086853027, 580.765075684, 481.049804688, 375.285919189, 260.712097168, 97.0483779907, 44.0380096436, 12.0304298401, 5.58441734314, 0.339924514294, 0.00499775167555],
        "mean": [1.83915841579, 5.62366628647, 3.75385499001, 4.0342798233, 4.05944728851, 3.48192548752, 4.19986629486, 3.45950174332, 2.69775986671, 2.75817894936, 4.39900779724, 7.33639574051, 9.72067832947, 10.534330368, 12.017578125, 17.1108875275, 16.0474262238, 15.7790193558, 13.8656616211, 11.5705776215, 12.6576967239, 11.0129518509, 14.935669899, 21.5408878326, 22.5262680054, 21.7963428497, 23.9652824402, 29.5880279541, 29.2669563293, 23.5079307556, 25.4547328949, 23.0340576172, 20.622171402, 12.0110197067, 5.51607894897, 2.55802750587, 0.749050676823, 0.16743773222, 0.0093558114022, 0.000248465919867],
        "median": [0.306324213743, 1.59629881382, 1.27292084694, 0.828673183918, 1.37214374542, 0.622791111469, 0.601137936115, 0.530738830566, 0.315385520458, 0.279807060957, 0.655340433121, 1.18858671188, 2.28639340401, 2.25824308395, 2.99117016792, 4.82516050339, 5.17094182968, 4.91257095337, 5.16258859634, 4.68692731857, 4.18161487579, 4.10958909988, 5.11760091782, 6.24967622757, 6.79947805405, 6.27441549301, 6.50117254257, 6.95860481262, 6.14805221558, 5.60203409195, 5.65221405029, 5.29318189621, 4.45190095901, 2.07279133797, 0.581697642803, 0.128993391991, 0.0334898792207, 0.00464662443846, 0.000188065765542, 8.44594615046e-05],
        "min": [1.41567829469e-22, 8.66681818951e-22, 1.12212914674e-20, 5.10546472319e-20, 4.73766888046e-20, 1.44419052883e-19, 1.31737857105e-19, 1.06631316389e-19, 2.2905042167e-19, 6.46631486661e-19, 7.34774456867e-19, 7.7497533124e-19, 1.38168951138e-18, 2.32190900753e-18, 2.19664015518e-18, 1.84599126248e-18, 3.27807664929e-18, 3.25500472085e-18, 4.1869425881e-18, 6.1288714988e-18, 5.93459531064e-18, 7.92913332189e-18, 7.52591172459e-18, 9.47499657477e-18, 9.05894954207e-18, 1.06492299123e-17, 1.40650102133e-17, 1.45420502356e-17, 1.65207655225e-17, 1.41299703612e-17, 1.56096839805e-17, 1.29809106112e-17, 1.45048486148e-17, 1.18945139286e-17, 6.55621823225e-18, 4.81292061564e-18, 2.91220721973e-18, 1.17052074415e-18, 2.96320755739e-19, 3.15632928575e-20],
        "var": [8.25154972076, 73.4250183105, 72.7888412476, 89.9710540771, 60.997756958, 71.0940246582, 149.613021851, 150.173904419, 64.5861968994, 68.8836364746, 110.66746521, 499.252410889, 614.992858887, 811.457702637, 796.634643555, 1311.66796875, 837.068237305, 698.406921387, 520.489990234, 314.502471924, 509.465057373, 308.083953857, 688.565185547, 1809.50537109, 1279.80566406, 1320.40075684, 1968.02355957, 3854.32543945, 4746.96875, 2483.59155273, 3229.26733398, 2233.38476562, 1752.45349121, 592.325317383, 126.728126526, 36.5496330261, 3.09962105751, 0.218591064215, 0.000943754741456, 2.77322271813e-07]
    },
    "gfcc": {
        "mean": [-40.0897026062, 34.8418006897, -92.4480743408, 62.8695716858, -41.1903038025, 46.4868202209, -23.0897865295, 13.3172893524, -22.2465782166, 2.99357628822, -10.5776262283, -0.455698251724, -6.27555990219],
        "cov": [[29115.7773438, -2992.75927734, -613.524719238, -106.756233215, -1242.17602539, 737.437316895, -860.802307129, 915.58190918, -911.786437988, 625.811401367, -650.714660645, 421.775787354, -527.256408691], [-2992.75927734, 2998.41870117, -118.002960205, 148.420166016, -13.8145942688, -433.183349609, 51.1234359741, -560.715209961, 213.715713501, -441.671539307, 265.92401123, -332.597320557, 237.325668335], [-613.524719238, -118.002960205, 1985.39221191, 302.592895508, 922.718505859, 221.31072998, 418.587280273, 259.866729736, 142.478042603, 217.20640564, 46.5180244446, 146.227600098, -11.3726491928], [-106.756233215, 148.420166016, 302.592895508, 574.805114746, 155.290542603, 151.207504272, 33.574016571, -43.9254379272, 50.5114784241, -54.7390289307, 30.3439998627, -42.9783248901, 36.3923454285], [-1242.17602539, -13.8145942688, 922.718505859, 155.290542603, 847.328735352, 282.525238037, 480.408752441, 194.992630005, 210.677093506, 157.741760254, 98.17527771, 96.3095855713, 17.0985279083], [737.437316895, -433.183349609, 221.31072998, 151.207504272, 282.525238037, 422.552825928, 234.868408203, 231.696105957, 68.3213653564, 121.68712616, 3.25407886505, 51.1547546387, -35.7262802124], [-860.802307129, 51.1234359741, 418.587280273, 33.574016571, 480.408752441, 234.868408203, 458.529205322, 214.637268066, 219.27935791, 113.801445007, 95.6620941162, 51.0110397339, 15.9951782227], [915.58190918, -560.715209961, 259.866729736, -43.9254379272, 194.992630005, 231.696105957, 214.637268066, 347.872741699, 79.767829895, 197.024887085, -5.84711742401, 112.319290161, -40.6011009216], [-911.786437988, 213.715713501, 142.478042603, 50.5114784241, 210.677093506, 68.3213653564, 219.27935791, 79.767829895, 207.92124939, 52.7012138367, 99.2099304199, 8.35790920258, 46.4230499268], [625.811401367, -441.671539307, 217.20640564, -54.7390289307, 157.741760254, 121.68712616, 113.801445007, 197.024887085, 52.7012138367, 216.467193604, 14.5050287247, 119.640556335, -23.6038856506], [-650.714660645, 265.92401123, 46.5180244446, 30.3439998627, 98.17527771, 3.25407886505, 95.6620941162, -5.84711742401, 99.2099304199, 14.5050287247, 124.566230774, 19.0243434906, 58.6876068115], [421.775787354, -332.597320557, 146.227600098, -42.9783248901, 96.3095855713, 51.1547546387, 51.0110397339, 112.319290161, 8.35790920258, 119.640556335, 19.0243434906, 138.430130005, 10.41451931], [-527.256408691, 237.325668335, -11.3726491928, 36.3923454285, 17.0985279083, -35.7262802124, 15.9951782227, -40.6011009216, 46.4230499268, -23.6038856506, 58.6876068115, 10.41451931, 87.1671905518]],
        "icov": [[6.52664457448e-05, -9.72252673819e-05, 1.26534687297e-05, -5.89723713347e-05, 0.000108401567559, -0.000155818561325, 0.000124047946883, -0.000221937239985, 0.000215470179683, -0.000158339273185, 0.000137502967846, -0.000261890032561, 0.000255582301179], [-9.72252673819e-05, 0.00131690187845, -0.000260341272224, 0.000233704427956, 1.32123732328e-05, 0.000807672273368, -0.000926024571527, 0.00117066642269, -0.0004538235371, 0.000844115798827, -0.00177895044908, 0.00257694139145, -0.00190134113654], [1.26534687297e-05, -0.000260341272224, 0.00145597197115, -0.00080061587505, -0.00187360052951, 0.00103618321009, 0.000421506556449, -0.00128247670364, 0.000921872036997, -0.000488863966893, 0.000468355196062, -0.000382447469747, 0.000534097081982], [-5.89723713347e-05, 0.000233704427956, -0.00080061587505, 0.00317921652459, -3.14978060487e-05, -0.00223950622603, 0.00159898691345, 0.0012472945964, -0.00202006776817, 0.0014571766369, -0.000391241192119, 0.000845066562761, -0.00141606375109], [0.000108401567559, 1.32123732328e-05, -0.00187360052951, -3.14978060487e-05, 0.00654697371647, -0.00190811336506, -0.00502623291686, 0.00332934432663, -0.000131419597892, -0.00142498046625, 0.000554490718059, -0.00188985047862, 0.000331791990902], [-0.000155818561325, 0.000807672273368, 0.00103618321009, -0.00223950622603, -0.00190811336506, 0.00747640244663, -0.00281045841984, -0.00291354977526, 0.00261606648564, -0.000489090569317, -0.00131998409051, 0.00307195656933, -0.000478146510432], [0.000124047946883, -0.000926024571527, 0.000421506556449, 0.00159898691345, -0.00502623291686, -0.00281045841984, 0.0138589907438, -0.0054723918438, -0.00657647149637, 0.0032621899154, -0.000964708917309, -0.001166564296, 0.00257568177767], [-0.000221937239985, 0.00117066642269, -0.00128247670364, 0.0012472945964, 0.00332934432663, -0.00291354977526, -0.0054723918438, 0.013455783017, -0.00330869131722, -0.00419867876917, 0.00244153477252, -0.00136817817111, -0.000648573797662], [0.000215470179683, -0.0004538235371, 0.000921872036997, -0.00202006776817, -0.000131419597892, 0.00261606648564, -0.00657647149637, -0.00330869131722, 0.0183702521026, -0.00543985469267, -0.00595867587253, 0.00557027198374, -0.00364403403364], [-0.000158339273185, 0.000844115798827, -0.000488863966893, 0.0014571766369, -0.00142498046625, -0.000489090569317, 0.0032621899154, -0.00419867876917, -0.00543985469267, 0.0172193832695, -0.00271071819589, -0.0076178656891, 0.00389179540798], [0.000137502967846, -0.00177895044908, 0.000468355196062, -0.000391241192119, 0.000554490718059, -0.00131998409051, -0.000964708917309, 0.00244153477252, -0.00595867587253, -0.00271071819589, 0.0210639983416, -0.00669570220634, -0.00437838584185], [-0.000261890032561, 0.00257694139145, -0.000382447469747, 0.000845066562761, -0.00188985047862, 0.00307195656933, -0.001166564296, -0.00136817817111, 0.00557027198374, -0.0076178656891, -0.00669570220634, 0.0246139783412, -0.0112585490569], [0.000255582301179, -0.00190134113654, 0.000534097081982, -0.00141606375109, 0.000331791990902, -0.000478146510432, 0.00257568177767, -0.000648573797662, -0.00364403403364, 0.00389179540798, -0.00437838584185, -0.0112585490569, 0.0251075383276]]
    },
    "melbands": {
        "dmean": [0.00459444290027, 0.00196850346401, 0.000686678686179, 0.000282767228782, 0.000179799593752, 0.00010793270485, 4.7977653594e-05, 3.3566946513e-05, 3.80068886443e-05, 5.98023507337e-05, 5.7359575294e-05, 4.70577542728e-05, 3.96839859604e-05, 4.21303047915e-05, 3.24996508425e-05, 3.30951734213e-05, 2.41007965087e-05, 1.69431204995e-05, 1.06187972051e-05, 1.5429328414e-05, 1.04293558252e-05, 9.66550851444e-06, 1.0649718206e-05, 1.34557194542e-05, 1.92091683857e-05, 1.50864971147e-05, 1.05659200926e-05, 1.3635918549e-05, 1.4948853277e-05, 1.0836049114e-05, 1.60058061738e-05, 1.66927129612e-05, 1.13677451736e-05, 1.13173209684e-05, 1.37244196594e-05, 1.19556634672e-05, 1.12966727102e-05, 1.2132935808e-05, 1.20481990962e-05, 7.48998127165e-06],
        "dmean2": [0.00517412973568, 0.00278020324185, 0.00118296814617, 0.000500596070196, 0.000330375944031, 0.000203085932299, 8.89304792508e-05, 6.11703071627e-05, 6.8827670475e-05, 0.000109996821266, 0.000105407903902, 8.45766189741e-05, 7.27506121621e-05, 7.70196202211e-05, 5.31758851139e-05, 5.78638318984e-05, 4.16316543124e-05, 2.76225036941e-05, 1.82791482075e-05, 2.69316060439e-05, 1.73612879735e-05, 1.69908962562e-05, 1.81274990609e-05, 2.35520183196e-05, 3.46670240106e-05, 2.64577647613e-05, 1.78540703928e-05, 2.4008571927e-05, 2.48371270573e-05, 1.82889416465e-05, 2.54309761658e-05, 2.7182555641e-05, 1.82865096576e-05, 1.85163298738e-05, 2.23755960178e-05, 1.85624085134e-05, 1.72035433934e-05, 1.92152383534e-05, 1.91197323147e-05, 1.14776303235e-05],
        "dvar": [5.67784700252e-05, 1.48579720189e-05, 3.17772378366e-06, 4.16515007373e-07, 2.98323612924e-07, 1.34071029834e-07, 2.16955715615e-08, 8.9818366078e-09, 1.00466275299e-08, 3.49797417698e-08, 2.66458748399e-08, 1.98402752005e-08, 1.31826354277e-08, 1.18077547739e-08, 5.81520120946e-09, 4.79707784606e-09, 2.02200411969e-09, 1.12059916901e-09, 2.87522033959e-10, 1.14921716587e-09, 3.71200653548e-10, 3.18413934108e-10, 5.43893152738e-10, 8.41047065325e-10, 2.04407113458e-09, 8.19747769665e-10, 4.13239553687e-10, 9.00434005136e-10, 1.18485676825e-09, 4.97878793748e-10, 1.83664006226e-09, 2.41054087802e-09, 8.68983274227e-10, 8.15284839639e-10, 1.32068267433e-09, 8.13913880737e-10, 6.69518385177e-10, 7.7346457017e-10, 8.41153979803e-10, 2.85628909413e-10],
        "dvar2": [6.10940041952e-05, 2.8470531106e-05, 8.79328945302e-06, 1.17312413295e-06, 8.6647844455e-07, 3.89539849266e-07, 6.25408276278e-08, 2.57972612161e-08, 2.83988068617e-08, 1.01428909716e-07, 7.79964892672e-08, 5.7155641997e-08, 3.85558358573e-08, 3.40342971583e-08, 1.49471244271e-08, 1.31844046791e-08, 5.54410473086e-09, 2.59830623683e-09, 7.75949360321e-10, 3.20529891518e-09, 9.78449543609e-10, 8.79793460307e-10, 1.50423407064e-09, 2.34513075625e-09, 5.84778891977e-09, 2.30917573951e-09, 1.09389564074e-09, 2.4644817298e-09, 3.09832293155e-09, 1.30616384375e-09, 4.48602843761e-09, 6.32857322103e-09, 2.21545137791e-09, 2.04531036552e-09, 3.37618932811e-09, 2.03653538478e-09, 1.58259938488e-09, 1.98794536388e-09, 2.09928741057e-09, 6.78842371205e-10],
        "max": [0.128363281488, 0.0452688634396, 0.0216590166092, 0.00571192894131, 0.00452071335167, 0.00336504145525, 0.00136415776797, 0.00108179775998, 0.000927645538468, 0.00160785613116, 0.00147631939035, 0.00137728592381, 0.001176605816, 0.00101503601763, 0.000682681507897, 0.000778310932219, 0.000518919550814, 0.000635487667751, 0.000219904031837, 0.00078632804798, 0.000304533896269, 0.00016460288316, 0.000213447056012, 0.000206113618333, 0.000346060318407, 0.000201296526939, 0.000173285821802, 0.000363342260243, 0.000323774613207, 0.000222142582061, 0.00043586891843, 0.000522366666701, 0.000355948024662, 0.000304624409182, 0.00037195981713, 0.000303628039546, 0.000275329395663, 0.000261414912529, 0.000296973157674, 0.000214489933569],
        "mean": [0.0129557000473, 0.00364842661656, 0.00069526117295, 0.000269630894763, 0.000145388912642, 7.97849788796e-05, 4.13971829403e-05, 3.03845899907e-05, 3.55259653588e-05, 4.86624994664e-05, 4.80883245473e-05, 4.16919356212e-05, 3.8007969124e-05, 4.35765250586e-05, 3.77409669454e-05, 3.70753150492e-05, 2.83828594547e-05, 2.35179031733e-05, 1.45427684402e-05, 1.85534699995e-05, 1.36423122967e-05, 1.1121427633e-05, 1.1841547348e-05, 1.42550943565e-05, 1.77834535862e-05, 1.6975473045e-05, 1.36714579639e-05, 1.52498905663e-05, 1.57940958161e-05, 1.35639102155e-05, 1.90409609786e-05, 1.83172087418e-05, 1.30675134642e-05, 1.31722572405e-05, 1.48370354509e-05, 1.43930592458e-05, 1.38878667713e-05, 1.43707948155e-05, 1.33836174427e-05, 9.18662044569e-06],
        "median": [0.00269040069543, 0.00142443599179, 0.000190089180251, 6.88657019055e-05, 2.05691412702e-05, 1.27119828903e-05, 4.43750286649e-06, 3.4126655919e-06, 5.18902379554e-06, 7.73681858846e-06, 1.06884463094e-05, 7.88387478678e-06, 8.55082453199e-06, 1.09809698188e-05, 1.14683916763e-05, 1.04389837361e-05, 8.13513906905e-06, 7.53139465814e-06, 7.05758156982e-06, 5.33381353307e-06, 4.7377093324e-06, 4.12983808928e-06, 4.08196910939e-06, 4.56090629086e-06, 4.7570301831e-06, 4.89941021442e-06, 4.37735343439e-06, 4.05482978749e-06, 3.77588594347e-06, 4.08619689551e-06, 3.90219884139e-06, 3.35788877237e-06, 3.147647476e-06, 2.98943018606e-06, 3.05881894747e-06, 3.13981627187e-06, 3.24864004142e-06, 3.17224612445e-06, 2.50281209446e-06, 1.4245129023e-06],
        "min": [1.31280239973e-24, 4.86213117312e-24, 7.94511594771e-24, 6.86244616492e-24, 4.82815651166e-24, 2.56642879309e-24, 4.46736584906e-24, 6.2305654244e-24, 5.56791121996e-24, 5.2600894117e-24, 7.31545348405e-24, 8.61071418105e-24, 9.62168676274e-24, 3.550100871e-24, 5.96995615246e-24, 4.72445443478e-24, 6.08457369768e-24, 6.09168567317e-24, 7.98586929094e-24, 5.72900292769e-24, 5.56165870843e-24, 8.96206651735e-24, 5.62645929305e-24, 6.63008876301e-24, 7.10948742372e-24, 6.8058469727e-24, 6.25367471019e-24, 6.7748613052e-24, 7.32344543388e-24, 7.69746647715e-24, 8.60096938229e-24, 9.14844989456e-24, 6.39524644925e-24, 7.18941402178e-24, 8.94468317844e-24, 8.08092781888e-24, 8.04267516472e-24, 1.05161043568e-23, 8.64359784788e-24, 1.06465322523e-23],
        "var": [0.000380922778277, 3.12199990731e-05, 2.28113049161e-06, 3.04210743707e-07, 1.7650857842e-07, 7.59080833745e-08, 1.5183903912e-08, 7.40793293375e-09, 7.81511388936e-09, 2.17402984504e-08, 1.5526033792e-08, 1.32106174888e-08, 8.57910986696e-09, 9.64624025102e-09, 5.74785508078e-09, 4.91277107884e-09, 2.36521557895e-09, 1.91081084289e-09, 3.99682675845e-10, 1.51874601784e-09, 5.41782618768e-10, 3.08881725752e-10, 4.43575981501e-10, 6.56872389815e-10, 1.35918387656e-09, 7.63365426426e-10, 4.68483363214e-10, 7.89149467995e-10, 1.05062647471e-09, 5.15290532466e-10, 1.88846827065e-09, 2.09314188204e-09, 8.13055900384e-10, 8.14814826722e-10, 1.24371335453e-09, 8.83327078149e-10, 7.89446452654e-10, 7.92564847085e-10, 8.45153835805e-10, 3.54814955195e-10]
    },
    "mfcc": {
        "mean": [-676.729919434, 55.9039726257, 21.0786323547, 26.3640995026, 20.8932571411, 29.0187091827, 21.7265262604, 15.3444824219, 7.73833227158, 8.67844104767, 3.2040579319, 3.2333779335, -1.05212330818],
        "cov": [[18512.9882812, -1795.55541992, -417.142242432, -764.803649902, -472.054260254, -360.95614624, -86.2909317017, -202.06703186, -213.782028198, -119.555931091, -142.021438599, -207.073440552, -275.520599365], [-1795.55541992, 2060.2043457, 182.082641602, 264.046813965, 39.0468139648, 29.516664505, -37.687122345, -55.5622596741, -71.8684997559, -38.3335647583, -68.9698791504, -21.0938682556, -25.5332431793], [-417.142242432, 182.082641602, 815.896240234, 386.196014404, 342.534454346, 170.070327759, 162.6068573, 92.2958450317, 88.1504821777, 47.8143501282, 68.5451965332, 24.5995941162, 34.4784469604], [-764.803649902, 264.046813965, 386.196014404, 444.935089111, 254.328811646, 178.180023193, 73.0907287598, 60.6780586243, 43.2888679504, 21.7279720306, 21.3122291565, 22.2397289276, 33.8045349121], [-472.054260254, 39.0468139648, 342.534454346, 254.328811646, 357.70135498, 241.625076294, 207.289398193, 134.970962524, 117.818481445, 80.8336410522, 89.3486022949, 58.4434127808, 60.5428085327], [-360.95614624, 29.516664505, 170.070327759, 178.180023193, 241.625076294, 317.100128174, 207.952346802, 161.746170044, 125.781684875, 103.063796997, 101.230804443, 70.3053741455, 65.2070922852], [-86.2909317017, -37.687122345, 162.6068573, 73.0907287598, 207.289398193, 207.952346802, 303.561889648, 210.465881348, 180.504638672, 146.754547119, 152.458847046, 98.9175033569, 80.8736038208], [-202.06703186, -55.5622596741, 92.2958450317, 60.6780586243, 134.970962524, 161.746170044, 210.465881348, 232.644073486, 177.425857544, 136.192993164, 133.248886108, 106.613380432, 93.4949569702], [-213.782028198, -71.8684997559, 88.1504821777, 43.2888679504, 117.818481445, 125.781684875, 180.504638672, 177.425857544, 208.595611572, 151.972213745, 142.584625244, 102.535888672, 92.0339355469], [-119.555931091, -38.3335647583, 47.8143501282, 21.7279720306, 80.8336410522, 103.063796997, 146.754547119, 136.192993164, 151.972213745, 161.580810547, 136.56652832, 86.7940750122, 69.2530059814], [-142.021438599, -68.9698791504, 68.5451965332, 21.3122291565, 89.3486022949, 101.230804443, 152.458847046, 133.248886108, 142.584625244, 136.56652832, 164.20451355, 106.806350708, 84.5985488892], [-207.073440552, -21.0938682556, 24.5995941162, 22.2397289276, 58.4434127808, 70.3053741455, 98.9175033569, 106.613380432, 102.535888672, 86.7940750122, 106.806350708, 131.632125854, 99.1725006104], [-275.520599365, -25.5332431793, 34.4784469604, 33.8045349121, 60.5428085327, 65.2070922852, 80.8736038208, 93.4949569702, 92.0339355469, 69.2530059814, 84.5985488892, 99.1725006104, 119.606147766]],
