{
"lowlevel": {
    "average_loudness": 0.902957201004,
    "barkbands_crest": {
        "dmean": 2.68176579475,
        "dmean2": 3.79168081284,
        "dvar": 8.96293449402,
        "dvar2": 14.5470848083,
        "max": 26.4615001678,
        "mean": 9.96771430969,
        "median": 7.314432621,
        "min": 1.92177379131,
        "var": 48.4559936523
    },
    "barkbands_flatness_db": {
        "dmean": 0.0248221699148,
        "dmean2": 0.0343494825065,
        "dvar": 0.000809565302916,
        "dvar2": 0.00132081273478,
        "max": 0.752349674702,
        "mean": 0.121281154454,
        "median": 0.0926763862371,
        "min": 0.0182431600988,
        "var": 0.00568709569052
    },
    "barkbands_kurtosis": {
        "dmean": 3.13421797752,
        "dmean2": 4.70522928238,
        "dvar": 186.03666687,
        "dvar2": 333.02053833,
        "max": 793.265625,
        "mean": 3.64897608757,
        "median": -0.85487818718,
        "min": -1.90355658531,
        "var": 546.664733887
    },
    "barkbands_skewness": {
        "dmean": 0.627037107944,
        "dmean2": 0.902975618839,
        "dvar": 0.690577864647,
        "dvar2": 1.36051249504,
        "max": 22.8350048065,
        "mean": 0.848278105259,
        "median": 0.31192651391,
        "min": -4.21818113327,
        "var": 3.65005397797
    },
    "barkbands_spread": {
        "dmean": 10.0630970001,
        "dmean2": 15.04134655,
        "dvar": 122.017326355,
        "dvar2": 267.514770508,
        "max": 134.485671997,
        "mean": 46.6668510437,
        "median": 46.6257781982,
        "min": 0.151857107878,
        "var": 511.461303711
    },
    "dissonance": {
        "dmean": 0.0114782433957,
        "dmean2": 0.019310593605,
        "dvar": 0.000205519769224,
        "dvar2": 0.00053346453933,
        "max": 0.500000059605,
        "mean": 0.480395644903,
        "median": 0.486700505018,
        "min": 0.159454494715,
        "var": 0.000421150878537
    },
    "dynamic_complexity": 1.84716272354,
    "erbbands_crest": {
        "dmean": 2.18189144135,
        "dmean2": 3.59741473198,
        "dvar": 5.48278284073,
        "dvar2": 13.9570627213,
        "max": 31.006937027,
        "mean": 6.84644651413,
        "median": 5.59222459793,
        "min": 2.29295611382,
        "var": 14.5313901901
    },
    "erbbands_flatness_db": {
        "dmean": 0.0138158882037,
        "dmean2": 0.0199572164565,
        "dvar": 0.000254267652053,
        "dvar2": 0.000470899627544,
        "max": 0.393867313862,
        "mean": 0.131314650178,
        "median": 0.113524071872,
        "min": 0.0445534177125,
        "var": 0.00311310449615
    },
    "erbbands_kurtosis": {
        "dmean": 0.884965896606,
        "dmean2": 1.41270434856,
        "dvar": 14.1990995407,
        "dvar2": 39.4914855957,
        "max": 264.793640137,
        "mean": 0.445134550333,
        "median": -0.141166687012,
        "min": -1.89488756657,
        "var": 11.1833095551
    },
    "erbbands_skewness": {
        "dmean": 0.344770699739,
        "dmean2": 0.523048102856,
        "dvar": 0.155988335609,
        "dvar2": 0.351356893778,
        "max": 13.5675497055,
        "mean": -0.51966637373,
        "median": -0.528768658638,
        "min": -3.36799621582,
        "var": 0.552947998047
    },
    "erbbands_spread": {
        "dmean": 10.5418586731,
        "dmean2": 16.5818881989,
        "dvar": 160.412826538,
        "dvar2": 411.780822754,
        "max": 165.915985107,
        "mean": 50.0488433838,
        "median": 46.2119178772,
        "min": 1.56260383129,
        "var": 505.50769043
    },
    "hfc": {
        "dmean": 15.9516744614,
        "dmean2": 24.3700027466,
        "dvar": 509.805328369,
        "dvar2": 1170.28491211,
        "max": 267.704071045,
        "mean": 55.2082824707,
        "median": 48.3181037903,
        "min": 1.1453796565e-16,
        "var": 1186.18933105
    },
    "melbands_crest": {
        "dmean": 3.72799110413,
        "dmean2": 5.44715976715,
        "dvar": 15.2740755081,
        "dvar2": 28.7971858978,
        "max": 39.920715332,
        "mean": 15.9396400452,
        "median": 13.6903753281,
        "min": 1.86940419674,
        "var": 73.6364822388
    },
    "melbands_flatness_db": {
        "dmean": 0.0310907419771,
        "dmean2": 0.0433500930667,
        "dvar": 0.00148838362657,
        "dvar2": 0.00242234487087,
        "max": 0.89399087429,
        "mean": 0.146863058209,
        "median": 0.110050797462,
        "min": 0.00546861952171,
        "var": 0.0101504223421
    },
    "melbands_kurtosis": {
        "dmean": 19.9452228546,
        "dmean2": 27.5662708282,
        "dvar": 41733.5429688,
        "dvar2": 45937.1640625,
        "max": 22230.4433594,
        "mean": 35.2982788086,
        "median": 2.82867908478,
        "min": -1.86843442917,
        "var": 125476.90625
    },
    "melbands_skewness": {
        "dmean": 1.12654781342,
        "dmean2": 1.61639690399,
        "dvar": 3.82809042931,
        "dvar2": 6.05730295181,
        "max": 138.436203003,
        "mean": 3.37038779259,
        "median": 1.80186998844,
        "min": -3.7497587204,
        "var": 18.9786491394
    },
    "melbands_spread": {
        "dmean": 16.0279693604,
        "dmean2": 23.8095378876,
        "dvar": 387.199066162,
        "dvar2": 727.195739746,
        "max": 231.745544434,
        "mean": 56.6840744019,
        "median": 55.3043823242,
        "min": 0.0171611513942,
        "var": 1545.4083252
    },
    "pitch_salience": {
        "dmean": 0.0791243910789,
        "dmean2": 0.102468542755,
        "dvar": 0.00655627530068,
        "dvar2": 0.0095557179302,
        "max": 0.978320002556,
        "mean": 0.508997917175,
        "median": 0.569083094597,
        "min": 0.0043228128925,
        "var": 0.0401221998036
    },
    "silence_rate_20dB": {
        "dmean": 0,
        "dmean2": 0,
        "dvar": 0,
        "dvar2": 0,
        "max": 1,
        "mean": 1,
        "median": 1,
        "min": 1,
        "var": 0
    },
    "silence_rate_30dB": {
        "dmean": 0.0585325621068,
        "dmean2": 0.117077194154,
        "dvar": 0.0551044233143,
        "dvar2": 0.106262415648,
        "max": 1,
        "mean": 0.86512106657,
        "median": 1,
        "min": 0,
        "var": 0.116682365537
    },
    "silence_rate_60dB": {
        "dmean": 0.00453421287239,
        "dmean2": 0.00906935986131,
        "dvar": 0.0045138434507,
        "dvar2": 0.011049230583,
        "max": 1,
        "mean": 0.0194744970649,
        "median": 0,
        "min": 0,
        "var": 0.0190941467881
    },
    "spectral_centroid": {
        "dmean": 347.322174072,
        "dmean2": 534.926086426,
        "dvar": 183299.515625,
        "dvar2": 448428.71875,
        "max": 10980.2558594,
        "mean": 2775.81152344,
        "median": 2927.27587891,
        "min": 46.7361297607,
        "var": 687673.625
    },
    "spectral_complexity": {
        "dmean": 5.2337179184,
        "dmean2": 8.17169952393,
        "dvar": 31.1260147095,
        "dvar2": 67.4130554199,
        "max": 62,
        "mean": 23.455537796,
        "median": 22,
        "min": 0,
        "var": 106.447341919
    },
    "spectral_decrease": {
        "dmean": 3.6495413358e-09,
        "dmean2": 5.64765700872e-09,
        "dvar": 3.76855082924e-17,
        "dvar2": 8.88904763687e-17,
        "max": 4.69614190374e-17,
        "mean": -9.56051238177e-09,
        "median": -3.79071884993e-09,
        "min": -6.88433487994e-08,
        "var": 1.40589694787e-16
    },
    "spectral_energy": {
        "dmean": 0.0144516834989,
        "dmean2": 0.0222044363618,
        "dvar": 0.000535468221642,
        "dvar2": 0.00125655881129,
        "max": 0.261928349733,
        "mean": 0.0410911515355,
        "median": 0.0197641178966,
        "min": 1.04256883132e-20,
        "var": 0.00206663482822
    },
    "spectral_energyband_high": {
        "dmean": 0.00160861387849,
        "dmean2": 0.00247275549918,
        "dvar": 4.8805491133e-06,
        "dvar2": 1.13761798275e-05,
        "max": 0.0300937369466,
        "mean": 0.00525070307776,
        "median": 0.0046045249328,
        "min": 7.62203636732e-21,
        "var": 1.35824457175e-05
    },
    "spectral_energyband_low": {
        "dmean": 0.0104106981307,
        "dmean2": 0.0144646130502,
        "dvar": 0.000434661196778,
        "dvar2": 0.000700064643752,
        "max": 0.257722645998,
        "mean": 0.0249866228551,
        "median": 0.00388831505552,
        "min": 2.54047684703e-23,
        "var": 0.00199252576567
    },
    "spectral_energyband_middle_high": {
        "dmean": 0.00225865421817,
        "dmean2": 0.00377842155285,
        "dvar": 1.74361084646e-05,
        "dvar2": 4.90721904498e-05,
        "max": 0.0770380049944,
        "mean": 0.00506747234613,
        "median": 0.00360451079905,
        "min": 1.33712241504e-21,
        "var": 2.60370252363e-05
    },
    "spectral_energyband_middle_low": {
        "dmean": 0.00601166859269,
        "dmean2": 0.0104569979012,
        "dvar": 0.000351890223101,
        "dvar2": 0.00097201456083,
        "max": 0.189335495234,
        "mean": 0.00668108416721,
        "median": 0.00275558512658,
        "min": 2.40773020535e-22,
        "var": 0.000234430248383
    },
    "spectral_entropy": {
        "dmean": 0.154779523611,
        "dmean2": 0.238762587309,
        "dvar": 0.0376667268574,
        "dvar2": 0.0894266813993,
        "max": 9.80893516541,
        "mean": 8.10510253906,
        "median": 8.26291656494,
        "min": 4.44566106796,
        "var": 0.270321398973
    },
    "spectral_flux": {
        "dmean": 0.0315190963447,
        "dmean2": 0.0469681955874,
        "dvar": 0.00176767469384,
        "dvar2": 0.00300803873688,
        "max": 0.456375718117,
        "mean": 0.104064002633,
        "median": 0.0832160785794,
        "min": 6.49618067672e-11,
        "var": 0.0046365535818
    },
    "spectral_kurtosis": {
        "dmean": 0.776104986668,
        "dmean2": 1.27049160004,
        "dvar": 4.13721752167,
        "dvar2": 12.2191505432,
        "max": 64.5478286743,
        "mean": 1.9705477953,
        "median": 1.45069122314,
        "min": -1.25291085243,
        "var": 7.64066267014
    },
    "spectral_rms": {
        "dmean": 0.000981574063189,
        "dmean2": 0.0014461837709,
        "dvar": 1.73593093677e-06,
        "dvar2": 3.48032563124e-06,
        "max": 0.0159856136888,
        "mean": 0.00557003356516,
        "median": 0.00439113518223,
        "min": 3.18926374025e-12,
        "var": 9.06355762709e-06
    },
    "spectral_rolloff": {
        "dmean": 1240.00695801,
        "dmean2": 1873.31921387,
        "dvar": 2907256.25,
        "dvar2": 4932110,
        "max": 18583.1542969,
        "mean": 4937.21240234,
        "median": 5232.56835938,
        "min": 21.533203125,
        "var": 12359558
    },
    "spectral_skewness": {
        "dmean": 0.128599837422,
        "dmean2": 0.203939542174,
        "dvar": 0.0342091247439,
        "dvar2": 0.0891695171595,
        "max": 6.25742340088,
        "mean": 1.05943036079,
        "median": 1.01904833317,
        "min": 0.0151663171127,
        "var": 0.113962315023
    },
    "spectral_spread": {
        "dmean": 616913.6875,
        "dmean2": 894385.625,
        "dvar": 628446658560,
        "dvar2": 1.09832667136e+12,
        "max": 44920208,
        "mean": 6765108.5,
        "median": 6811303,
        "min": 1142643.5,
        "var": 4.30084404019e+12
    },
    "spectral_strongpeak": {
        "dmean": 0.644188404083,
        "dmean2": 1.10628211498,
        "dvar": 1.66663813591,
        "dvar2": 4.50476837158,
        "max": 18.5350284576,
        "mean": 1.01554918289,
        "median": 0.580587267876,
        "min": 0,
        "var": 2.33821773529
    },
    "zerocrossingrate": {
        "dmean": 0.0222984626889,
        "dmean2": 0.0224698949605,
        "dvar": 0.000555541191716,
        "dvar2": 0.000539186352398,
        "max": 0.796875,
        "mean": 0.152137815952,
        "median": 0.154296875,
        "min": 0.00146484375,
        "var": 0.00687390752137
    },
    "barkbands": {
        "dmean": [0.000667573651299, 0.009829913266, 0.00176885118708, 0.00228064833209, 0.00269697932526, 0.000764686963521, 0.000440660689492, 0.00041964740376, 0.000512751983479, 0.000429497449659, 0.000432969158283, 0.000309121736791, 0.000409628031775, 0.000276770471828, 0.000367679836927, 0.000339598511346, 0.0004070228606, 0.000254722574027, 0.000358153571142, 0.00034543289803, 0.000386441970477, 0.000372365844669, 0.000300777290249, 0.000341069186106, 0.000341006816598, 0.000274672202067, 4.98632880408e-06],
        "dmean2": [0.000757849076763, 0.012868902646, 0.00301053421572, 0.00428087962791, 0.0050679189153, 0.00133259536233, 0.000725801161025, 0.000606189307291, 0.000755501445383, 0.000670267792884, 0.000736211426556, 0.000502905226313, 0.000667101354338, 0.000475023931358, 0.000619896047283, 0.000564024725463, 0.00069872912718, 0.000430601008702, 0.000607963651419, 0.000588201801293, 0.000641630380414, 0.000620379520115, 0.000484337448142, 0.000537616200745, 0.000510667276103, 0.000412239605794, 8.54134941619e-06],
        "dvar": [2.43725253313e-06, 0.000440909672761, 3.5525939893e-05, 8.7856198661e-05, 0.000106846164272, 3.88226271753e-06, 1.35346397201e-06, 1.03243758076e-06, 1.65568212651e-06, 1.79218341145e-06, 1.23945414998e-06, 7.31288878342e-07, 1.05750370949e-06, 4.18367648081e-07, 1.21079415294e-06, 1.27918076487e-06, 2.56125235865e-06, 2.57174519902e-07, 4.38596060803e-07, 4.078936513e-07, 2.59567315197e-07, 2.51653887062e-07, 1.71666897586e-07, 2.68179235263e-07, 2.42738479983e-07, 2.88075455046e-07, 1.14111838034e-10],
        "dvar2": [3.32097283717e-06, 0.0006230303552, 9.75022921921e-05, 0.000252868921962, 0.000311349402182, 1.10681485239e-05, 3.19023183692e-06, 1.86007241609e-06, 3.13791861117e-06, 3.18956290357e-06, 3.29733461513e-06, 1.72287229816e-06, 2.59285820903e-06, 1.10241671791e-06, 3.33661341756e-06, 3.41868621945e-06, 7.66361608839e-06, 6.11244388438e-07, 1.16534067729e-06, 1.15256102617e-06, 6.73198826462e-07, 6.76299180213e-07, 4.30512130833e-07, 6.18221520199e-07, 5.35841195415e-07, 5.82431425755e-07, 2.91687590748e-10],
        "max": [0.0198062863201, 0.250557780266, 0.0713262110949, 0.101024977863, 0.101593181491, 0.0224630925804, 0.0283354390413, 0.0353412330151, 0.0492376424372, 0.0713051483035, 0.0213181469589, 0.0327109433711, 0.0376437604427, 0.0143309319392, 0.0423977710307, 0.0557849109173, 0.0593510456383, 0.0328382775187, 0.0240373220295, 0.0216385517269, 0.0093300063163, 0.00831289123744, 0.00803240761161, 0.00739701977, 0.00688049616292, 0.00859738234431, 0.000191067156265],
        "mean": [0.000934554263949, 0.021506158635, 0.0017983719008, 0.00150992209092, 0.00205654045567, 0.000960414821748, 0.000506803859025, 0.000631724135019, 0.000764121999964, 0.000593506789301, 0.000436570233433, 0.000401690893341, 0.000519399007317, 0.000309473223751, 0.000488215126097, 0.000490127073135, 0.000608553003985, 0.000444267498096, 0.000643375562504, 0.000663548184093, 0.000903564505279, 0.000843695946969, 0.000735541165341, 0.000833071128, 0.000893647549674, 0.000609744107351, 4.55216422779e-06],
        "median": [4.91490973218e-05, 0.00183809897862, 0.00035581109114, 8.7085965788e-05, 0.000403850746807, 0.000283158529783, 0.000114167967695, 0.000130477768835, 0.000195767875994, 0.000146904349094, 8.62874803715e-05, 0.000139781011967, 0.000178214264452, 0.000120032702398, 0.000228358781897, 0.000252022524364, 0.000315308454446, 0.000301187537843, 0.000464858982014, 0.000493831117637, 0.000778092129622, 0.000667730113491, 0.00056335440604, 0.000620843202341, 0.000555740727577, 0.000396581541281, 7.60731097671e-07],
        "min": [1.22999359975e-24, 5.20328708779e-24, 1.2271291472e-23, 6.65388475222e-24, 2.32920759038e-23, 1.10341887563e-23, 2.26233316932e-23, 3.87244876397e-23, 6.41609604298e-23, 3.53299339676e-23, 5.50328237035e-23, 6.93560638745e-23, 5.06679364081e-23, 7.37412406724e-23, 8.82746333886e-23, 1.01303220286e-22, 1.48563978092e-22, 1.71712325116e-22, 1.83114369179e-22, 2.26648497581e-22, 3.45938175646e-22, 3.77185524082e-22, 5.43038720509e-22, 8.46445327921e-22, 1.26831435706e-21, 1.73511210708e-21, 2.24166349899e-21],
        "var": [5.89093133385e-06, 0.00181502429768, 2.55520735664e-05, 4.94135238114e-05, 5.90041636315e-05, 3.62070773008e-06, 1.83289421329e-06, 2.58558702626e-06, 4.14947226091e-06, 4.3831551011e-06, 1.28641670472e-06, 1.26345514673e-06, 1.56945918661e-06, 4.39984887635e-07, 1.55934083068e-06, 1.67603036516e-06, 2.85429928226e-06, 5.15315321081e-07, 6.60626994886e-07, 5.29690055373e-07, 5.07303241193e-07, 5.2315232324e-07, 4.3090079771e-07, 5.99932889145e-07, 7.76053127538e-07, 5.56345071345e-07, 1.18760501433e-10]
    },
    "erbbands": {
        "dmean": [0.383434891701, 2.17089104652, 2.00309824944, 5.09728908539, 9.97164344788, 7.99244356155, 5.38745498657, 6.99337673187, 7.66588830948, 4.79542827606, 10.06254673, 14.1784296036, 12.0817518234, 11.7432174683, 19.0868034363, 14.388510704, 19.2322502136, 15.334405899, 19.1568908691, 16.3978500366, 19.6336688995, 16.7979812622, 14.9096164703, 14.0471105576, 18.348947525, 17.8999862671, 14.2514619827, 16.0631141663, 13.100066185, 11.2962226868, 8.54006099701, 7.07181501389, 6.1151804924, 3.81576609612, 2.7423312664, 1.44293498993, 0.497836500406, 0.0449656881392, 0.000897679070476, 4.77084358863e-05],
        "dmean2": [0.407181382179, 2.86449360847, 3.15044641495, 9.36192131042, 18.9659042358, 14.8713054657, 8.93191623688, 12.3727474213, 12.8368873596, 7.73293542862, 14.3879566193, 20.649723053, 18.5152187347, 19.1743030548, 32.0139732361, 23.1908531189, 31.316827774, 26.1923599243, 32.1697349548, 27.9352455139, 33.0833511353, 28.3797569275, 25.2431716919, 23.6349697113, 31.5149269104, 30.5878276825, 24.067199707, 26.3617973328, 21.6398983002, 18.8689937592, 13.8753013611, 11.3742265701, 9.47684574127, 5.867000103, 4.10040855408, 2.17663812637, 0.749408245087, 0.0682000592351, 0.00135853549, 6.94293557899e-05],
        "dvar": [0.677206277847, 23.1473464966, 27.6834964752, 406.238555908, 1683.48901367, 879.625854492, 189.449981689, 353.842529297, 419.035705566, 140.906433105, 694.077880859, 1337.31286621, 2059.12109375, 858.928344727, 2238.96850586, 1800.47009277, 2298.77197266, 1287.21716309, 4217.25292969, 1636.2364502, 3742.27197266, 2414.07763672, 1154.83032227, 717.098144531, 1217.22583008, 1251.3848877, 420.147155762, 392.829437256, 334.249267578, 272.932281494, 150.202178955, 90.8484039307, 96.1656341553, 31.2748126984, 15.2256917953, 6.68874502182, 1.11353266239, 0.00834086351097, 3.32523154611e-06, 6.62965193854e-09],
        "dvar2": [0.695940971375, 37.217010498, 63.0079345703, 1159.99353027, 4874.10302734, 2550.19799805, 518.515930176, 1012.94866943, 1049.72216797, 328.39352417, 1211.87927246, 2521.22094727, 3177.06420898, 2127.05957031, 5806.42675781, 4189.97070312, 5617.54003906, 3395.50244141, 11633.2851562, 4343.69677734, 10861.453125, 6939.91455078, 2730.92016602, 1952.84594727, 3313.35473633, 3538.49047852, 1116.34228516, 1014.42370605, 898.111083984, 724.630859375, 389.534667969, 224.561401367, 220.87437439, 73.5824127197, 32.858215332, 14.6036920547, 2.20290327072, 0.0173791237175, 6.94172285876e-06, 1.30481696559e-08],
        "max": [11.4997224808, 59.2211418152, 62.2688751221, 231.336364746, 420.866973877, 321.487213135, 279.841064453, 222.26701355, 423.085418701, 378.96862793, 971.510070801, 1489.44775391, 2826.46557617, 851.721374512, 1140.64086914, 1695.12719727, 1598.36157227, 763.960632324, 2528.86083984, 1658.61401367, 1982.40686035, 1637.06591797, 2216.0078125, 1027.19250488, 999.341186523, 1396.48095703, 380.119445801, 437.479522705, 362.908721924, 286.915863037, 263.47833252, 128.236740112, 153.21534729, 75.6609191895, 52.5636253357, 47.2840995789, 19.585975647, 1.47820770741, 0.0275469962507, 0.00126726529561],
        "mean": [0.789342224598, 4.09016704559, 2.96507525444, 3.90616178513, 6.33518075943, 6.43421125412, 7.52868032455, 7.78737926483, 8.49140548706, 6.33742856979, 16.3300704956, 21.8511333466, 17.4773616791, 15.3083963394, 20.9264659882, 20.0992355347, 24.9256286621, 18.6048202515, 26.0619392395, 22.6106395721, 30.5888271332, 27.8718738556, 26.1816291809, 27.2877445221, 32.3077774048, 34.0040588379, 31.8154850006, 39.6357803345, 30.007270813, 24.6579704285, 20.4194469452, 17.3290691376, 13.9850540161, 9.37888622284, 6.73968076706, 3.26528382301, 1.02901494503, 0.0903806462884, 0.00186243071221, 0.000143430486787],
        "median": [0.0395279489458, 0.436101078987, 0.841622710228, 0.538392007351, 0.556859791279, 1.32889688015, 2.00633859634, 2.12788724899, 1.94240486622, 2.07308888435, 4.20345067978, 6.09900665283, 4.66207361221, 5.20814752579, 5.65718460083, 7.71519374847, 8.89034366608, 8.24061393738, 11.7980232239, 11.9068479538, 17.2498168945, 16.5194892883, 17.3508701324, 20.6816120148, 22.1172237396, 24.5102825165, 26.6307201385, 34.0237922668, 24.0366172791, 17.6061306, 15.7741498947, 14.0077781677, 9.54151630402, 6.47636175156, 3.80728721619, 2.03816628456, 0.665217876434, 0.0583254434168, 0.00122449919581, 9.58620512392e-05],
        "min": [1.80567067896e-22, 1.06394167585e-21, 7.92863441566e-21, 2.41455652547e-20, 4.41322182547e-20, 6.21516305785e-20, 8.312787755e-20, 1.03003004955e-19, 2.67642326353e-19, 3.45247713489e-19, 9.76469652519e-19, 1.28005403631e-18, 1.3575098847e-18, 1.9455428628e-18, 2.17981219959e-18, 2.70357593243e-18, 2.83995650874e-18, 3.42881770142e-18, 5.28610059965e-18, 6.26080722009e-18, 6.00589621149e-18, 8.19255808694e-18, 1.05273415403e-17, 8.76622852127e-18, 9.0014009325e-18, 1.22648261452e-17, 1.26822496064e-17, 1.34938684701e-17, 1.27331832526e-17, 1.29819296977e-17, 1.41400967062e-17, 1.47051917591e-17, 1.40662228601e-17, 9.87833976762e-18, 9.13697418053e-18, 6.36130015194e-18, 3.06407758019e-18, 1.28402636441e-18, 2.97871228249e-19, 3.16214733814e-20],
        "var": [2.91193509102, 71.3575363159, 38.6522140503, 238.387786865, 923.7734375, 507.194030762, 243.378234863, 276.229156494, 477.98223877, 202.921951294, 1844.17224121, 3357.07055664, 5263.87255859, 1407.18273926, 2694.05322266, 3201.22387695, 3496.1784668, 1349.84509277, 5538.78320312, 2046.54345703, 4519.40869141, 2987.94213867, 2286.8269043, 925.726135254, 1843.38525391, 1561.06713867, 733.75769043, 936.251525879, 663.296813965, 569.919006348, 334.225952148, 219.679962158, 199.125549316, 83.6065750122, 48.417640686, 13.6925458908, 1.97388422489, 0.0157764423639, 6.14548434896e-06, 1.62527378222e-08]
    },
    "gfcc": {
        "mean": [34.0813140869, 6.63952684402, -108.145545959, 45.2185935974, -58.3787231445, 26.6891613007, -34.1633338928, 19.3362159729, -24.9299049377, 14.838640213, -19.4542541504, 8.67356109619, -11.5547580719],
        "cov": [[11374.0117188, 599.11315918, 349.405517578, 329.056427002, -274.30645752, 347.274169922, -406.50970459, 114.57964325, -363.552703857, 67.6695404053, -220.735992432, 82.3577423096, -161.5912323], [599.11315918, 2920.40087891, -34.2818756104, 189.416290283, 344.446746826, -353.150543213, 255.674026489, -428.061279297, 125.231544495, -238.443634033, 170.742828369, -103.606964111, 187.191879272], [349.405517578, -34.2818756104, 1340.43554688, 550.571594238, 427.997344971, 439.341033936, 40.6617355347, 240.402648926, -47.0246543884, 132.398727417, 11.9526481628, 84.2304916382, -18.0857429504], [329.056427002, 189.416290283, 550.571594238, 809.756164551, 424.081817627, 348.615142822, 151.634735107, 136.576141357, 72.6695327759, 29.3408927917, 26.663438797, -9.60526752472, 47.0427513123], [-274.30645752, 344.446746826, 427.997344971, 424.081817627, 526.215148926, 280.401489258, 182.24937439, 92.1191329956, 71.2441711426, 30.8270244598, 56.7130432129, 14.273434639, 64.9483032227], [347.274169922, -353.150543213, 439.341033936, 348.615142822, 280.401489258, 459.74319458, 130.770858765, 224.184432983, 31.9231433868, 92.3022918701, 14.9582328796, 56.4735107422, 9.79561901093], [-406.50970459, 255.674026489, 40.6617355347, 151.634735107, 182.24937439, 130.770858765, 272.728729248, 101.994812012, 141.55128479, 34.4966201782, 59.2972221375, -13.31828022, 47.9323158264], [114.57964325, -428.061279297, 240.402648926, 136.576141357, 92.1191329956, 224.184432983, 101.994812012, 294.58605957, 91.3214416504, 121.621711731, 6.82517910004, 35.1941871643, -16.1931381226], [-363.552703857, 125.231544495, -47.0246543884, 72.6695327759, 71.2441711426, 31.9231433868, 141.55128479, 91.3214416504, 219.189331055, 77.4084625244, 68.3360900879, -17.7505626678, 32.6165390015], [67.6695404053, -238.443634033, 132.398727417, 29.3408927917, 30.8270244598, 92.3022918701, 34.4966201782, 121.621711731, 77.4084625244, 169.571578979, 65.5158538818, 33.2756881714, -21.2789535522], [-220.735992432, 170.742828369, 11.9526481628, 26.663438797, 56.7130432129, 14.9582328796, 59.2972221375, 6.82517910004, 68.3360900879, 65.5158538818, 164.643417358, 67.9814605713, 42.0871582031], [82.3577423096, -103.606964111, 84.2304916382, -9.60526752472, 14.273434639, 56.4735107422, -13.31828022, 35.1941871643, -17.7505626678, 33.2756881714, 67.9814605713, 124.782318115, 55.4038658142], [-161.5912323, 187.191879272, -18.0857429504, 47.0427513123, 64.9483032227, 9.79561901093, 47.9323158264, -16.1931381226, 32.6165390015, -21.2789535522, 42.0871582031, 55.4038658142, 130.04133606]],
        "icov": [[0.000205923803151, -0.000436318630818, 0.000279460742604, -0.000211876482354, 0.000443546450697, -0.000681517936755, 0.000649618741591, -0.000461563060526, 0.000386903237086, -0.000684143800754, 0.000681812816765, -0.00052476185374, 0.000326278357534], [-0.000436318630818, 0.00195247726515, -0.00109793245792, 0.00042015381041, -0.00144347432069, 0.00252451840788, -0.00244992645457, 0.00218768976629, -0.00121367326938, 0.00251688878052, -0.0025033983402, 0.00189344200771, -0.00123143591918], [0.000279460742604, -0.00109793245792, 0.00224838452414, -0.000915039738175, -8.71838856256e-05, -0.00160928058904, 0.00186031265184, -0.00175274594221, 0.00157089950517, -0.00236283475533, 0.0018533928087, -0.00198530359194, 0.00129759078845], [-0.000211876482354, 0.00042015381041, -0.000915039738175, 0.00306897098199, -0.00146676308941, -0.00072083104169, -6.22765364824e-05, 0.00032357085729, -0.0010374262929, 0.0017001790693, -0.00153762788977, 0.00255644624121, -0.00130855815951], [0.000443546450697, -0.00144347432069, -8.71838856256e-05, -0.00146676308941, 0.00619879737496, -0.00361442775466, 0.000190086779185, -0.000427103514085, 0.000913975993171, -0.00157849281095, 0.000945124076679, -0.000220198489842, -0.000499046815094], [-0.000681517936755, 0.00252451840788, -0.00160928058904, -0.00072083104169, -0.00361442775466, 0.010067277588, -0.00504493201151, -1.99816131499e-05, 0.000131485809106, 0.00205236137845, -0.00169620383531, -0.000490616250318, -0.000479158887174], [0.000649618741591, -0.00244992645457, 0.00186031265184, -6.22765364824e-05, 0.000190086779185, -0.00504493201151, 0.0118623953313, -0.00490316702053, -0.00158615689725, -0.00102877931204, 0.000263173307758, 0.00131348182913, -0.000498057750519], [-0.000461563060526, 0.00218768976629, -0.00175274594221, 0.00032357085729, -0.000427103514085, -1.99816131499e-05, -0.00490316702053, 0.0119461147115, -0.00466398941353, -0.000839803076815, 0.0015522063477, -0.00218459544703, 0.000886926311068], [0.000386903237086, -0.00121367326938, 0.00157089950517, -0.0010374262929, 0.000913975993171, 0.000131485809106, -0.00158615689725, -0.00466398941353, 0.0125093664974, -0.00575078837574, -0.00155237317085, 0.00404269527644, -0.00293945311569], [-0.000684143800754, 0.00251688878052, -0.00236283475533, 0.0017001790693, -0.00157849281095, 0.00205236137845, -0.00102877931204, -0.000839803076815, -0.00575078837574, 0.0168957430869, -0.0085397483781, 0.00232027913444, 0.00147397234105], [0.000681812816765, -0.0025033983402, 0.0018533928087, -0.00153762788977, 0.000945124076679, -0.00169620383531, 0.000263173307758, 0.0015522063477, -0.00155237317085, -0.0085397483781, 0.0177987348288, -0.0129628768191, 0.0037711719051], [-0.00052476185374, 0.00189344200771, -0.00198530359194, 0.00255644624121, -0.000220198489842, -0.000490616250318, 0.00131348182913, -0.00218459544703, 0.00404269527644, 0.00232027913444, -0.0129628768191, 0.024929555133, -0.0122479274869], [0.000326278357534, -0.00123143591918, 0.00129759078845, -0.00130855815951, -0.000499046815094, -0.000479158887174, -0.000498057750519, 0.000886926311068, -0.00293945311569, 0.00147397234105, 0.0037711719051, -0.0122479274869, 0.0160772688687]]
    },
    "melbands": {
        "dmean": [0.00291864271276, 0.00161665549967, 0.00102096959017, 0.000684599857777, 0.000206437092857, 0.000153341985424, 0.000110888984636, 5.47147610632e-05, 8.13310180092e-05, 8.85529516381e-05, 6.00449093326e-05, 4.82189716422e-05, 6.1219005147e-05, 4.17186929553e-05, 3.77131691494e-05, 3.94803209929e-05, 3.01747495541e-05, 3.02362550428e-05, 2.08546825888e-05, 2.76035389106e-05, 2.54382684943e-05, 2.03318886633e-05, 1.65984474734e-05, 1.28935444081e-05, 1.20975582831e-05, 1.76520061359e-05, 9.7802203527e-06, 1.41475684359e-05, 8.99868791748e-06, 1.07848836706e-05, 1.06492198029e-05, 9.08857691684e-06, 6.73336398904e-06, 6.6046432039e-06, 5.86008718528e-06, 4.93333664053e-06, 4.68161897516e-06, 4.66789242637e-06, 4.04989623348e-06, 3.29993008563e-06],
        "dmean2": [0.00355344614945, 0.00212133978494, 0.00187333661597, 0.00129445234779, 0.000352382514393, 0.000271111697657, 0.000184143646038, 8.66128248163e-05, 0.000117239556857, 0.000129054038553, 9.28419758566e-05, 7.82172355684e-05, 0.00010406243382, 6.75574701745e-05, 6.03986954957e-05, 6.5312065999e-05, 5.18187771377e-05, 5.08894663653e-05, 3.54478906957e-05, 4.63629803562e-05, 4.3242915126e-05, 3.42749262927e-05, 2.86684789899e-05, 2.17729484575e-05, 2.04312818823e-05, 3.04747190967e-05, 1.66880054167e-05, 2.41974194068e-05, 1.52452512339e-05, 1.82041821972e-05, 1.75297318492e-05, 1.50735577336e-05, 1.13650903586e-05, 1.09738475658e-05, 9.70035944192e-06, 8.11486279417e-06, 7.61144247008e-06, 7.38709059078e-06, 6.26586597718e-06, 5.24404413227e-06],
        "dvar": [3.83950464311e-05, 1.19876667668e-05, 1.60427807714e-05, 7.36776746635e-06, 3.21034974604e-07, 1.68524593391e-07, 8.57108091168e-08, 1.63892845961e-08, 4.31524647126e-08, 5.33902095867e-08, 5.14881364211e-08, 1.50710643965e-08, 2.41195241557e-08, 1.02047472694e-08, 7.73323005632e-09, 1.20151444349e-08, 5.71660274673e-09, 9.3503969012e-09, 2.4148487654e-09, 1.15042970705e-08, 9.40507760561e-09, 4.56639348556e-09, 3.00258551356e-09, 7.13760550664e-10, 6.58256726904e-10, 1.32550292964e-09, 4.03053007636e-10, 9.30639343366e-10, 1.55901569432e-10, 2.96535185296e-10, 2.11383119342e-10, 1.61942889654e-10, 1.10212866611e-10, 8.37349425908e-11, 7.60420476587e-11, 4.21657708749e-11, 4.2119981114e-11, 5.43676666187e-11, 3.63757218791e-11, 2.25349912342e-11],
        "dvar2": [4.58298382e-05, 2.21248137677e-05, 4.54353357782e-05, 2.14298270294e-05, 8.93373794497e-07, 4.81910205963e-07, 2.10170213677e-07, 3.7818423948e-08, 7.73776278606e-08, 1.00295672212e-07, 8.04272985988e-08, 3.67246677513e-08, 6.42563691144e-08, 2.4553445499e-08, 1.77321393124e-08, 3.00610381032e-08, 1.49601149246e-08, 2.55514418512e-08, 6.69612010284e-09, 3.05403951018e-08, 2.79403078451e-08, 1.32089397198e-08, 8.50418491183e-09, 1.83552373301e-09, 1.82101256296e-09, 3.60025254054e-09, 1.07099495938e-09, 2.64207100642e-09, 4.18283963022e-10, 7.79320330491e-10, 5.61558133327e-10, 4.32943236817e-10, 3.03994690531e-10, 2.18434492716e-10, 2.01378705378e-10, 1.09181406971e-10, 1.04692560177e-10, 1.27385282878e-10, 8.58719970132e-11, 5.46545170232e-11],
        "max": [0.0831473469734, 0.0465354248881, 0.0431381128728, 0.0257849786431, 0.0100961765274, 0.00475965347141, 0.00652442313731, 0.00341214961372, 0.00742141949013, 0.00837163813412, 0.0139557505026, 0.00371819129214, 0.00295168557204, 0.0033303196542, 0.0021554233972, 0.00519531825557, 0.00175607914571, 0.00365221197717, 0.00176891265437, 0.00555822532624, 0.00360722257756, 0.00254764757119, 0.00302117317915, 0.0010973875178, 0.000926500477362, 0.00123156257905, 0.000505531090312, 0.00133169454057, 0.000263372494373, 0.000376846874133, 0.00039770125295, 0.000293231161777, 0.000209038233152, 0.000141685348353, 0.00023861003865, 0.000122845332953, 9.0838111646e-05, 0.000100401703094, 9.56695294008e-05, 6.58690987621e-05],
        "mean": [0.00653362693265, 0.00290763820522, 0.000748068792745, 0.000477330118883, 0.000260842847638, 0.000173168242327, 0.000124414058519, 7.43936689105e-05, 0.000130476619233, 0.000133890032885, 8.40507636894e-05, 6.07253532507e-05, 6.26037654001e-05, 5.40433684364e-05, 4.9458729336e-05, 4.97543805977e-05, 3.29054564645e-05, 4.00527569582e-05, 2.77093731711e-05, 3.72599461116e-05, 3.75361341867e-05, 3.17883132084e-05, 2.42608366534e-05, 2.19792891585e-05, 2.07112989301e-05, 2.78699990304e-05, 1.67043344845e-05, 2.46269228228e-05, 1.87793702935e-05, 2.13090097532e-05, 2.40192293859e-05, 1.88067278941e-05, 1.2964202142e-05, 1.35694936034e-05, 1.23990885186e-05, 1.04254495454e-05, 1.06264951683e-05, 1.00584211395e-05, 8.66561822477e-06, 7.55575183575e-06],
        "median": [0.000469362712465, 0.000615936529357, 8.79290746525e-05, 6.46657572361e-05, 6.96506685927e-05, 4.83776711917e-05, 2.76661521639e-05, 2.35299939959e-05, 3.18841775879e-05, 3.35807344527e-05, 2.06743225135e-05, 1.83071861102e-05, 1.36809167088e-05, 1.84007240023e-05, 1.7457665308e-05, 1.76087942236e-05, 1.22999108498e-05, 1.81007289939e-05, 1.43756378748e-05, 1.69157247001e-05, 2.0255221898e-05, 1.73693442775e-05, 1.32040477183e-05, 1.43401939567e-05, 1.43785637192e-05, 1.73061871465e-05, 1.16944374895e-05, 1.71079263964e-05, 1.51907843247e-05, 1.70807834365e-05, 2.02011215151e-05, 1.48053341036e-05, 8.88691192813e-06, 9.54914048634e-06, 9.18805562833e-06, 8.27320491226e-06, 8.11300014902e-06, 6.80282619214e-06, 5.93735921939e-06, 5.24360257259e-06],
        "min": [1.46711828533e-24, 3.69238613476e-24, 4.35463565355e-24, 4.69925900633e-24, 4.60505915348e-24, 2.28320327342e-24, 4.52550174233e-24, 3.85453333838e-24, 6.85675058919e-24, 7.13003093942e-24, 6.29626097172e-24, 7.40118925381e-24, 6.87850185093e-24, 6.05532746848e-24, 7.36926799728e-24, 5.41308780098e-24, 5.6970134347e-24, 7.34771552849e-24, 7.36866530755e-24, 6.77285523192e-24, 5.90480846903e-24, 7.15223895162e-24, 7.60752528991e-24, 7.97301874679e-24, 6.86914280515e-24, 6.850989538e-24, 6.69695419106e-24, 8.80522913648e-24, 8.65967562199e-24, 6.27926299137e-24, 8.7966084645e-24, 6.76708392554e-24, 7.57554171336e-24, 7.37033769267e-24, 7.13183821975e-24, 7.97622467751e-24, 8.01947003233e-24, 9.54812548333e-24, 7.78117093008e-24, 8.43091858125e-24],
        "var": [0.000174487839104, 3.15864126605e-05, 9.51314359554e-06, 4.04353249905e-06, 3.08007741978e-07, 1.33902972266e-07, 1.04290492686e-07, 2.49103244698e-08, 1.15899027264e-07, 1.3432917001e-07, 1.30077552285e-07, 2.56768899476e-08, 2.4931372522e-08, 1.68054850036e-08, 1.29826549511e-08, 1.64068350017e-08, 5.96661076102e-09, 1.2483861056e-08, 2.88327761666e-09, 1.48827403734e-08, 1.07783391101e-08, 5.62115731739e-09, 3.70624153589e-09, 1.28771260322e-09, 7.59968643571e-10, 1.95910643264e-09, 4.8554205101e-10, 1.06044950599e-09, 2.81894785292e-10, 4.5206680066e-10, 4.16298773231e-10, 2.98099794849e-10, 1.8108789468e-10, 1.82045503672e-10, 1.42436021311e-10, 8.89527618231e-11, 9.41718716896e-11, 1.0755612373e-10, 7.90655735328e-11, 5.60091764634e-11]
    },
    "mfcc": {
        "mean": [-609.003173828, 42.5654640198, 7.18281173706, 22.9342212677, 4.4629983902, 11.3104104996, 4.4623837471, 5.47835588455, 6.54171276093, 4.63080310822, 2.57186889648, 4.72547578812, 1.19951605797],
        "cov": [[4922.82421875, 111.09777832, 414.890655518, -70.2398529053, 162.316421509, 70.9207839966, 61.9196929932, -20.268157959, -32.8944320679, -97.9452133179, -69.0295028687, -58.895904541, -37.3188667297], [111.09777832, 2322.41845703, -88.380065918, 355.289428711, -29.4209632874, 66.4931869507, -27.3393192291, -89.9760894775, -117.778053284, -108.196296692, -119.83707428, -83.6705551147, 6.73613023758], [414.890655518, -88.380065918, 845.233276367, 271.459289551, 395.385162354, 205.523117065, 211.202011108, 130.065841675, 87.7060546875, 58.6392402649, 75.4202575684, 74.9976654053, 54.3463859558], [-70.2398529053, 355.289428711, 271.459289551, 518.830993652, 293.899169922, 230.760787964, 152.28012085, 102.932769775, 100.10559845, 54.7204360962, 31.03647995, 48.9490242004, 25.6440429688], [162.316421509, -29.4209632874, 395.385162354, 293.899169922, 482.013641357, 266.69354248, 240.09437561, 143.340148926, 121.374984741, 40.0115089417, 57.3106384277, 80.5180053711, 49.8001708984], [70.9207839966, 66.4931869507, 205.523117065, 230.760787964, 266.69354248, 306.242645264, 193.927978516, 129.612380981, 107.264198303, 56.8322067261, 31.6997718811, 45.50938797, 33.346446991], [61.9196929932, -27.3393192291, 211.202011108, 152.28012085, 240.09437561, 193.927978516, 261.425476074, 144.1459198, 110.645278931, 43.6517219543, 55.4625816345, 75.1356658936, 40.0985031128], [-20.268157959, -89.9760894775, 130.065841675, 102.932769775, 143.340148926, 129.612380981, 144.1459198, 193.460403442, 130.032348633, 62.1661605835, 46.3184242249, 53.3084449768, 29.0378608704], [-32.8944320679, -117.778053284, 87.7060546875, 100.10559845, 121.374984741, 107.264198303, 110.645278931, 130.032348633, 208.497558594, 114.758621216, 73.2219543457, 43.6283721924, 7.53699493408], [-97.9452133179, -108.196296692, 58.6392402649, 54.7204360962, 40.0115089417, 56.8322067261, 43.6517219543, 62.1661605835, 114.758621216, 179.291625977, 115.948348999, 49.3538780212, 23.4989280701], [-69.0295028687, -119.83707428, 75.4202575684, 31.03647995, 57.3106384277, 31.6997718811, 55.4625816345, 46.3184242249, 73.2219543457, 115.948348999, 156.788879395, 93.0985870361, 50.7858390808], [-58.895904541, -83.6705551147, 74.9976654053, 48.9490242004, 80.5180053711, 45.50938797, 75.1356658936, 53.3084449768, 43.6283721924, 49.3538780212, 93.0985870361, 174.637512207, 83.1063079834], [-37.3188667297, 6.73613023758, 54.3463859558, 25.6440429688, 49.8001708984, 33.346446991, 40.0985031128, 29.0378608704, 7.53699493408, 23.4989280701, 50.7858390808, 83.1063079834, 123.510551453]],
