{
"lowlevel": {
    "average_loudness": 0.90320956707,
    "barkbands_crest": {
        "dmean": 2.84053897858,
        "dmean2": 4.07590246201,
        "dvar": 10.7820806503,
        "dvar2": 20.1336784363,
        "max": 26.2095451355,
        "mean": 15.7557888031,
        "median": 16.0942192078,
        "min": 2.3416697979,
        "var": 47.3552780151
    },
    "barkbands_flatness_db": {
        "dmean": 0.039134927094,
        "dmean2": 0.051818266511,
        "dvar": 0.00241245492361,
        "dvar2": 0.00381497526541,
        "max": 0.671372830868,
        "mean": 0.181788176298,
        "median": 0.158662259579,
        "min": 0.0110877361149,
        "var": 0.0142538622022
    },
    "barkbands_kurtosis": {
        "dmean": 38.2988624573,
        "dmean2": 49.5609970093,
        "dvar": 10373.6113281,
        "dvar2": 16667.6152344,
        "max": 1844.27661133,
        "mean": 74.4264526367,
        "median": 8.14737415314,
        "min": -1.96490085125,
        "var": 45347.5585938
    },
    "barkbands_skewness": {
        "dmean": 1.74612271786,
        "dmean2": 2.16351985931,
        "dvar": 6.24006605148,
        "dvar2": 9.47949695587,
        "max": 32.1887283325,
        "mean": 4.82969808578,
        "median": 2.84820318222,
        "min": -4.32029151917,
        "var": 31.4336490631
    },
    "barkbands_spread": {
        "dmean": 10.314953804,
        "dmean2": 16.0856609344,
        "dvar": 243.348754883,
        "dvar2": 565.377258301,
        "max": 131.978134155,
        "mean": 27.0275878906,
        "median": 19.4427566528,
        "min": 0.128198176622,
        "var": 626.968200684
    },
    "dissonance": {
        "dmean": 0.0157233215868,
        "dmean2": 0.0259246639907,
        "dvar": 0.000353845040081,
        "dvar2": 0.000899479200598,
        "max": 0.500000059605,
        "mean": 0.472816705704,
        "median": 0.480787605047,
        "min": 0.212598770857,
        "var": 0.000689957640134
    },
    "dynamic_complexity": 3.42637109756,
    "erbbands_crest": {
        "dmean": 2.34477043152,
        "dmean2": 3.52702617645,
        "dvar": 6.69862318039,
        "dvar2": 13.5092430115,
        "max": 29.3595657349,
        "mean": 7.60975408554,
        "median": 6.01065921783,
        "min": 1.85099041462,
        "var": 24.1483612061
    },
    "erbbands_flatness_db": {
        "dmean": 0.0168420672417,
        "dmean2": 0.0243798587471,
        "dvar": 0.000526479969267,
        "dvar2": 0.000952346541453,
        "max": 0.412497609854,
        "mean": 0.102698102593,
        "median": 0.0766884386539,
        "min": 0.0248836800456,
        "var": 0.00498309824616
    },
    "erbbands_kurtosis": {
        "dmean": 1.60167777538,
        "dmean2": 2.40786719322,
        "dvar": 33.0446357727,
        "dvar2": 64.222114563,
        "max": 153.619155884,
        "mean": 1.61008906364,
        "median": -0.485659837723,
        "min": -1.85527563095,
        "var": 118.814552307
    },
    "erbbands_skewness": {
        "dmean": 0.456122279167,
        "dmean2": 0.654799342155,
        "dvar": 0.432051032782,
        "dvar2": 0.825357079506,
        "max": 11.4704608917,
        "mean": 0.426118344069,
        "median": 0.169209614396,
        "min": -3.44236660004,
        "var": 1.93423390388
    },
    "erbbands_spread": {
        "dmean": 12.991692543,
        "dmean2": 19.1674060822,
        "dvar": 205.440063477,
        "dvar2": 425.880584717,
        "max": 205.757949829,
        "mean": 67.6952285767,
        "median": 67.4329681396,
        "min": 2.39839196205,
        "var": 920.686706543
    },
    "hfc": {
        "dmean": 19.5402870178,
        "dmean2": 30.2789211273,
        "dvar": 876.018859863,
        "dvar2": 1989.22839355,
        "max": 436.512145996,
        "mean": 47.7036552429,
        "median": 30.8987102509,
        "min": 1.19619422179e-16,
        "var": 2154.97265625
    },
    "melbands_crest": {
        "dmean": 3.71897625923,
        "dmean2": 5.84098625183,
        "dvar": 19.3017673492,
        "dvar2": 39.7187919617,
        "max": 38.8095855713,
        "mean": 23.2206745148,
        "median": 23.8838729858,
        "min": 1.62557113171,
        "var": 85.7434692383
    },
    "melbands_flatness_db": {
        "dmean": 0.0480431690812,
        "dmean2": 0.063079059124,
        "dvar": 0.00370892719366,
        "dvar2": 0.0057673342526,
        "max": 0.837171435356,
        "mean": 0.268924534321,
        "median": 0.243883833289,
        "min": 0.00308018201031,
        "var": 0.0216533765197
    },
    "melbands_kurtosis": {
        "dmean": 83.553527832,
        "dmean2": 118.447242737,
        "dvar": 28414.4433594,
        "dvar2": 59931.8046875,
        "max": 3146.02075195,
        "mean": 168.911514282,
        "median": 44.3304824829,
        "min": -1.90924370289,
        "var": 74289.890625
    },
    "melbands_skewness": {
        "dmean": 2.21885371208,
        "dmean2": 3.1471953392,
        "dvar": 8.96874713898,
        "dvar2": 16.6839790344,
        "max": 42.9858779907,
        "mean": 7.73896360397,
        "median": 5.81814479828,
        "min": -1.89106822014,
        "var": 38.1847572327
    },
    "melbands_spread": {
        "dmean": 9.44552326202,
        "dmean2": 14.5740413666,
        "dvar": 391.887298584,
        "dvar2": 742.748046875,
        "max": 315.797668457,
        "mean": 21.0468215942,
        "median": 9.29469299316,
        "min": 0.0585607774556,
        "var": 1065.2833252
    },
    "pitch_salience": {
        "dmean": 0.093837544322,
        "dmean2": 0.135399162769,
        "dvar": 0.0121615910903,
        "dvar2": 0.0219932440668,
        "max": 0.944528639317,
        "mean": 0.384489119053,
        "median": 0.378146320581,
        "min": 0.00759003357962,
        "var": 0.0512217991054
    },
    "silence_rate_20dB": {
        "dmean": 0.00789168290794,
        "dmean2": 0.0157845877111,
        "dvar": 0.00782922375947,
        "dvar2": 0.0220354832709,
        "max": 1,
        "mean": 0.995126128197,
        "median": 1,
        "min": 0,
        "var": 0.00484958058223
    },
    "silence_rate_30dB": {
        "dmean": 0.110947772861,
        "dmean2": 0.22191272676,
        "dvar": 0.0986459329724,
        "dvar2": 0.19572865963,
        "max": 1,
        "mean": 0.654107987881,
        "median": 1,
        "min": 0,
        "var": 0.226256653666
    },
    "silence_rate_60dB": {
        "dmean": 0.0222823992372,
        "dmean2": 0.0445682443678,
        "dvar": 0.0217876434326,
        "dvar2": 0.0498550906777,
        "max": 1,
        "mean": 0.0831657126546,
        "median": 0,
        "min": 0,
        "var": 0.0762505307794
    },
    "spectral_centroid": {
        "dmean": 391.527618408,
        "dmean2": 577.321350098,
        "dvar": 268234.65625,
        "dvar2": 521368.15625,
        "max": 11302.1357422,
        "mean": 1561.33789062,
        "median": 1547.69226074,
        "min": 55.5917701721,
        "var": 943280.125
    },
    "spectral_complexity": {
        "dmean": 5.68061876297,
        "dmean2": 8.64964389801,
        "dvar": 58.0123558044,
        "dvar2": 119.100547791,
        "max": 61,
        "mean": 17.7289962769,
        "median": 14,
        "min": 0,
        "var": 204.899490356
    },
    "spectral_decrease": {
        "dmean": 7.38486072294e-09,
        "dmean2": 9.65768709449e-09,
        "dvar": 8.19414445392e-17,
        "dvar2": 1.30382219854e-16,
        "max": 1.85376485773e-17,
        "mean": -2.26125713709e-08,
        "median": -1.78873840184e-08,
        "min": -1.2191854637e-07,
        "var": 3.91330730409e-16
    },
    "spectral_energy": {
        "dmean": 0.0279788374901,
        "dmean2": 0.0369231253862,
        "dvar": 0.00113929831423,
        "dvar2": 0.00185351900291,
        "max": 0.462185055017,
        "mean": 0.0896716117859,
        "median": 0.07338565588,
        "min": 1.05047268747e-20,
        "var": 0.00545636098832
    },
    "spectral_energyband_high": {
        "dmean": 0.00168668769766,
        "dmean2": 0.00260665337555,
        "dvar": 7.34647301215e-06,
        "dvar2": 1.62842115969e-05,
        "max": 0.051517598331,
        "mean": 0.00358174997382,
        "median": 0.0017103938153,
        "min": 7.69305596214e-21,
        "var": 2.0787369067e-05
    },
    "spectral_energyband_low": {
        "dmean": 0.0283650513738,
        "dmean2": 0.0379919372499,
        "dvar": 0.00143300229684,
        "dvar2": 0.00226307893172,
        "max": 0.459816724062,
        "mean": 0.0738808214664,
        "median": 0.0483990237117,
        "min": 2.88004344363e-23,
        "var": 0.00612993817776
    },
    "spectral_energyband_middle_high": {
        "dmean": 0.00177423108835,
        "dmean2": 0.00277093285695,
        "dvar": 8.80241077539e-06,
        "dvar2": 1.8281471057e-05,
        "max": 0.0466314665973,
        "mean": 0.00382498372346,
        "median": 0.00198013242334,
        "min": 1.45694051631e-21,
        "var": 2.41458001256e-05
    },
    "spectral_energyband_middle_low": {
        "dmean": 0.00706248218194,
        "dmean2": 0.0119934752584,
        "dvar": 0.000225192852668,
        "dvar2": 0.000583697576076,
        "max": 0.158016383648,
        "mean": 0.0103403581306,
        "median": 0.00465401308611,
        "min": 1.97917754273e-22,
        "var": 0.000266244518571
    },
    "spectral_entropy": {
        "dmean": 0.22827142477,
        "dmean2": 0.326340824366,
        "dvar": 0.108927749097,
        "dvar2": 0.216016754508,
        "max": 9.81258106232,
        "mean": 7.93017721176,
        "median": 8.13820266724,
        "min": 4.90296792984,
        "var": 0.43991741538
    },
    "spectral_flux": {
        "dmean": 0.0573789216578,
        "dmean2": 0.0778402760625,
        "dvar": 0.00365793192759,
        "dvar2": 0.00609649857506,
        "max": 0.513386130333,
        "mean": 0.130374565721,
        "median": 0.0982221961021,
        "min": 6.7741860732e-11,
        "var": 0.0100530050695
    },
    "spectral_kurtosis": {
        "dmean": 1.09747385979,
        "dmean2": 1.73846423626,
        "dvar": 8.43571949005,
        "dvar2": 21.6636123657,
        "max": 70.1133728027,
        "mean": 3.11492943764,
        "median": 1.92770910263,
        "min": -1.23321986198,
        "var": 30.575006485
    },
    "spectral_rms": {
        "dmean": 0.00145402119961,
        "dmean2": 0.00186137005221,
        "dvar": 2.40357144321e-06,
        "dvar2": 3.5275272694e-06,
        "max": 0.0212346948683,
        "mean": 0.00835625547916,
        "median": 0.00846142787486,
        "min": 3.20133004307e-12,
        "var": 1.76578905666e-05
    },
    "spectral_rolloff": {
        "dmean": 1053.5760498,
        "dmean2": 1740.00341797,
        "dvar": 4794086.5,
        "dvar2": 9988102,
        "max": 18992.2851562,
        "mean": 2213.14550781,
        "median": 322.998046875,
        "min": 21.533203125,
        "var": 13070416
    },
    "spectral_skewness": {
        "dmean": 0.182881146669,
        "dmean2": 0.277102649212,
        "dvar": 0.0834289342165,
        "dvar2": 0.194717124104,
        "max": 6.52977848053,
        "mean": 1.4309387207,
        "median": 1.31450653076,
        "min": -0.0467518419027,
        "var": 0.384119808674
    },
    "spectral_spread": {
        "dmean": 914618,
        "dmean2": 1297585.375,
        "dvar": 1.22898599117e+12,
        "dvar2": 2.34195124224e+12,
        "max": 41636908,
        "mean": 8197335,
        "median": 8258816,
        "min": 969031.625,
        "var": 5.74561242317e+12
    },
    "spectral_strongpeak": {
        "dmean": 0.315970897675,
        "dmean2": 0.497621297836,
        "dvar": 0.695466637611,
        "dvar2": 1.71598494053,
        "max": 30.8001346588,
        "mean": 0.763113081455,
        "median": 0.623853325844,
        "min": 0,
        "var": 1.32518947124
    },
    "zerocrossingrate": {
        "dmean": 0.0226296167821,
        "dmean2": 0.0253427941352,
        "dvar": 0.000937078439165,
        "dvar2": 0.000876507663634,
        "max": 0.82763671875,
        "mean": 0.0849812626839,
        "median": 0.06005859375,
        "min": 0.00048828125,
        "var": 0.00685619842261
    },
    "barkbands": {
        "dmean": [0.00289322854951, 0.0257759522647, 0.00681705726311, 0.00390435871668, 0.00235421163961, 0.00112422695383, 0.000361616403097, 0.000288452254608, 0.00065869622631, 0.000323088635923, 0.00038514850894, 0.00020634784596, 0.00034605836845, 0.000401740631787, 0.000214601313928, 0.000183276482858, 0.000153868502821, 0.000184621836524, 0.000159645744134, 0.000210702419281, 0.000228135337238, 0.000228043005336, 0.000195330823772, 0.000287507777102, 0.000366988300811, 0.000449713872513, 0.000135537076858],
        "dmean2": [0.00395801803097, 0.0364807397127, 0.0121675515547, 0.00701307412237, 0.00426358869299, 0.00171671970747, 0.000602453597821, 0.000490628590342, 0.0010184237035, 0.000495865067933, 0.000611589755863, 0.000336963828886, 0.000556595332455, 0.00065949279815, 0.000358058401616, 0.000293226883514, 0.000247483636485, 0.00029903522227, 0.000255495368037, 0.000353296374669, 0.000371573027223, 0.000366108637536, 0.000304089364363, 0.000452686304925, 0.000564360583667, 0.000708975829184, 0.000227599608479],
        "dvar": [2.00746417249e-05, 0.0014910773607, 0.000342856656061, 0.000104731137981, 3.87906984542e-05, 6.54602990835e-06, 6.02891987e-07, 8.06433604339e-07, 2.12022905544e-06, 7.04555191078e-07, 9.16573071663e-07, 2.51932959827e-07, 4.15608525373e-07, 7.11734571723e-07, 1.69607730527e-07, 1.85161155741e-07, 7.87161056337e-08, 2.88953884819e-07, 8.53502726272e-08, 1.56665805662e-07, 1.99958989811e-07, 2.06072172659e-07, 1.31938861614e-07, 2.67321297542e-07, 4.18276613345e-07, 6.77406887917e-07, 7.66512968653e-08],
        "dvar2": [3.61612001143e-05, 0.00267319520935, 0.000934172712732, 0.000280073028989, 0.000110042463348, 1.28396723085e-05, 1.4611109691e-06, 1.75862146534e-06, 4.96102029501e-06, 1.44498471855e-06, 2.04812113225e-06, 6.10922768374e-07, 9.782613688e-07, 1.62101480328e-06, 4.08034253496e-07, 4.3902247171e-07, 1.94443941837e-07, 7.14923544365e-07, 2.00351095714e-07, 3.96790284185e-07, 4.53507169595e-07, 4.77648995911e-07, 3.00015841503e-07, 6.15221665612e-07, 9.4312957799e-07, 1.62345395438e-06, 2.05422509225e-07],
        "max": [0.0879210680723, 0.385555237532, 0.140599787235, 0.0961778908968, 0.0507269017398, 0.0659926086664, 0.0266073606908, 0.048167437315, 0.0329204127192, 0.0181810110807, 0.0287073589861, 0.0133767407387, 0.0134690115228, 0.028073258698, 0.0104716429487, 0.0170860886574, 0.00604439666495, 0.0173764098436, 0.00964534375817, 0.0148328812793, 0.0137006845325, 0.0162822324783, 0.0142753431574, 0.013644002378, 0.00892267748713, 0.0199717972428, 0.00876357126981],
        "mean": [0.00573156448081, 0.0603535994887, 0.00592546677217, 0.00401213997975, 0.00227462709881, 0.00194802181795, 0.000474085507449, 0.00033063016599, 0.00111940025818, 0.00048149729264, 0.000491445418447, 0.000296705518849, 0.000559083651751, 0.000554221100174, 0.000300600513583, 0.000285634130705, 0.000246767362114, 0.000276934646536, 0.000286852242425, 0.00033962004818, 0.000403815414757, 0.000404740567319, 0.000379027158488, 0.000536678358912, 0.000692922156304, 0.000771415187046, 0.000194424996153],
        "median": [0.00197309418581, 0.0317353233695, 0.00090538704535, 0.000625370070338, 0.000703411875293, 0.000587904476561, 0.000147081533214, 7.93857034296e-05, 0.000280313019175, 9.33211631491e-05, 0.000108523119707, 8.25951210572e-05, 0.000210966274608, 0.000148202845594, 0.000100573903183, 0.000103038124507, 0.000108684966108, 0.000110080363811, 0.00013105601829, 0.000149577943375, 0.000181440802407, 0.000175308145117, 0.000172548447154, 0.000243455171585, 0.000316651596222, 0.000331787043251, 7.04159756424e-05],
        "min": [2.78186907289e-24, 9.96833354374e-24, 6.60330772414e-24, 6.99909738409e-24, 2.32789129707e-23, 4.18969864334e-23, 3.20355877185e-23, 1.05585663728e-23, 3.84363041293e-23, 2.97600995047e-23, 6.29048792985e-23, 5.32511403283e-23, 6.69944920033e-23, 7.35372096879e-23, 8.40800516963e-23, 1.35534898945e-22, 1.20011921244e-22, 1.72770105548e-22, 1.91549841854e-22, 2.34292673349e-22, 2.77677271589e-22, 3.49472020066e-22, 5.06878396842e-22, 7.07620348887e-22, 1.01373841638e-21, 1.65926756128e-21, 2.41761184308e-21],
        "var": [7.68910176703e-05, 0.00508725550026, 0.000233561280766, 0.00011257002916, 2.58874333667e-05, 1.62127616932e-05, 8.34720253806e-07, 1.28799763388e-06, 5.72404769628e-06, 1.44902355714e-06, 1.50789799136e-06, 4.14380366465e-07, 8.67219910106e-07, 1.38920972859e-06, 3.10186067054e-07, 2.74208105111e-07, 1.29543039407e-07, 3.15483049462e-07, 1.95898991251e-07, 3.06665413063e-07, 5.28193993432e-07, 5.46916055555e-07, 3.93043876556e-07, 6.3381679638e-07, 8.45597867283e-07, 1.07223672785e-06, 9.79197167794e-08]
    },
    "erbbands": {
        "dmean": [1.13024616241, 5.11427307129, 8.06129360199, 9.97234916687, 10.5782251358, 7.36650943756, 6.91706800461, 8.854139328, 4.89858484268, 6.38031148911, 7.46339893341, 16.8359909058, 10.6009063721, 9.20503425598, 14.1536121368, 9.06047058105, 15.4944591522, 18.6110668182, 12.5875749588, 11.5128526688, 9.93565559387, 7.859852314, 10.0554695129, 8.69946670532, 7.72328042984, 9.6766910553, 10.2795152664, 8.45306491852, 8.91414356232, 6.9369187355, 5.36719274521, 5.10273075104, 5.50307416916, 3.90921115875, 2.890396595, 1.62461316586, 0.930547356606, 0.280162185431, 0.0176766403019, 0.000273635378107],
        "dmean2": [1.35345578194, 7.82845401764, 13.4068908691, 17.4402828217, 19.006860733, 13.2984809875, 10.8323850632, 13.6609554291, 8.01098632812, 10.7896709442, 12.0173711777, 25.7945365906, 16.4876613617, 14.2325649261, 22.4051361084, 14.5277729034, 24.7121601105, 30.9782218933, 20.4718208313, 19.0437259674, 15.8985738754, 12.4990386963, 16.2617073059, 13.9709587097, 12.4976959229, 16.1124973297, 16.8049240112, 13.8481616974, 14.4102182388, 10.9409952164, 8.31878852844, 7.98068332672, 8.71886348724, 6.05269289017, 4.51612710953, 2.48972272873, 1.49113237858, 0.469617336988, 0.0290876794606, 0.000449088111054],
        "dvar": [2.7457485199, 77.9114227295, 381.874542236, 647.24987793, 773.523071289, 363.048736572, 226.864349365, 426.117034912, 119.942657471, 242.707992554, 366.849853516, 1526.03857422, 662.179321289, 544.891418457, 1219.75292969, 397.965118408, 852.61541748, 1640.546875, 585.089904785, 532.842895508, 612.536193848, 212.345901489, 946.887023926, 306.072357178, 188.198608398, 348.490203857, 439.010955811, 307.249328613, 300.264801025, 179.766265869, 106.825683594, 73.551322937, 119.003791809, 48.7854270935, 26.1839962006, 9.48506450653, 2.96194624901, 0.315028876066, 0.00114006991498, 2.4784722541e-07],
        "dvar2": [3.27907013893, 179.145935059, 962.522888184, 1728.3927002, 2136.62524414, 1028.90222168, 463.238861084, 874.401550293, 288.946411133, 569.249206543, 806.307495117, 3505.77368164, 1311.20117188, 1133.84692383, 2746.26513672, 943.727111816, 1977.53881836, 3857.93188477, 1317.65393066, 1231.83996582, 1497.57336426, 497.876251221, 2357.79638672, 693.83984375, 459.519470215, 861.434326172, 991.044555664, 762.831115723, 712.826599121, 387.535217285, 239.453475952, 169.346847534, 271.714019775, 111.533874512, 59.955657959, 21.3054008484, 7.294277668, 0.849261283875, 0.00294692930765, 6.42970235276e-07],
        "max": [23.2552719116, 69.9995193481, 176.397232056, 189.53729248, 220.06690979, 156.941299438, 408.822723389, 560.264160156, 289.190917969, 621.292785645, 897.271118164, 875.547668457, 674.92376709, 562.800231934, 903.870422363, 686.672607422, 569.652954102, 1502.72619629, 570.689147949, 710.788085938, 1051.76623535, 327.55178833, 1014.3170166, 526.672485352, 358.856384277, 904.417175293, 676.737792969, 690.880615234, 590.376831055, 570.862365723, 339.862426758, 192.110321045, 384.253112793, 104.300079346, 84.2707443237, 75.8235702515, 41.1194496155, 14.1908464432, 1.24058175087, 0.0176213532686],
        "mean": [2.81012701988, 9.08732795715, 8.54928874969, 10.3545274734, 10.7600870132, 7.08209180832, 11.4242715836, 14.8633642197, 6.87700986862, 7.50239181519, 11.113527298, 28.0138626099, 16.6584358215, 14.472155571, 18.9679279327, 14.6167011261, 25.7375774384, 25.7504787445, 19.5784473419, 17.1397838593, 15.6943359375, 13.5018091202, 15.6941556931, 14.8093223572, 13.9671907425, 16.1078891754, 17.6712398529, 14.7025928497, 15.2495088577, 12.6878576279, 10.5270347595, 9.72415924072, 9.82026863098, 7.26632928848, 5.22008514404, 2.94360256195, 1.47716510296, 0.431463390589, 0.0276357848197, 0.000546764582396],
        "median": [1.16793942451, 4.89351224899, 2.61765861511, 2.26006221771, 2.2912979126, 2.23427677155, 3.90427923203, 4.3763923645, 2.47949314117, 2.0709810257, 3.86349606514, 6.68500471115, 4.41867923737, 3.93642044067, 5.01547813416, 5.76778268814, 10.0778503418, 7.98882675171, 6.76208877563, 6.25470256805, 5.98190879822, 6.08761358261, 6.76905250549, 6.43318223953, 6.69988489151, 7.16027450562, 7.11611366272, 7.05846500397, 6.692070961, 5.61522674561, 4.73747158051, 4.68455696106, 4.26217746735, 3.30196523666, 2.38607239723, 1.30204701424, 0.599326491356, 0.19025310874, 0.0103523414582, 0.000335995689966],
        "min": [2.92225381295e-22, 1.44534746694e-21, 6.92912558588e-21, 2.07559697438e-20, 3.68159769889e-20, 6.33833735964e-20, 9.15913375461e-20, 2.3126093261e-19, 5.40403453132e-19, 1.56828261337e-19, 3.76527212311e-19, 7.53471737241e-19, 1.04015645923e-18, 1.56501475881e-18, 2.51517189944e-18, 2.19446901287e-18, 3.08891905476e-18, 5.16859793928e-18, 4.24686520604e-18, 4.2322365169e-18, 8.61933447937e-18, 7.03085819005e-18, 9.6207201561e-18, 9.89746831928e-18, 1.08793697567e-17, 1.13875829076e-17, 1.4377849921e-17, 1.15235176336e-17, 1.15328225883e-17, 1.47061595604e-17, 1.07461837519e-17, 1.34432441894e-17, 1.26694258254e-17, 1.1534754055e-17, 7.45523824024e-18, 5.01156762615e-18, 3.07216616581e-18, 1.31025274612e-18, 3.11635823834e-19, 3.60259678051e-20],
        "var": [13.8291606903, 132.458343506, 326.446105957, 606.786315918, 645.461303711, 244.672958374, 532.042419434, 989.650878906, 170.245895386, 340.601104736, 683.558959961, 3982.54345703, 1440.19946289, 1177.6809082, 1952.61206055, 697.766723633, 1850.26599121, 2776.51635742, 1358.52709961, 996.788024902, 812.801513672, 384.689117432, 983.831054688, 604.061706543, 424.999328613, 775.560913086, 1226.92468262, 622.617797852, 771.035888672, 516.662536621, 310.917419434, 177.586380005, 262.342926025, 105.321250916, 47.4553146362, 16.5292854309, 4.2278585434, 0.375787258148, 0.00186254794244, 4.06731345493e-07]
    },
    "gfcc": {
        "mean": [9.638007164, 29.5247192383, -66.8791427612, 27.0872192383, -39.8936233521, 25.6217575073, -26.9904556274, 16.640007019, -21.729631424, 14.560544014, -14.603685379, 8.11025047302, -10.860742569],
        "cov": [[24002.8789062, -1823.98950195, 1991.61962891, 2194.52416992, 515.804870605, 801.547668457, -481.880340576, -202.958450317, -748.74621582, 170.201629639, -607.002868652, 17.2141723633, -448.560302734], [-1823.98950195, 1851.25683594, 422.561096191, 77.2560043335, 427.09487915, 106.88584137, 252.590484619, 81.4565582275, 142.977798462, -105.807250977, 45.5688667297, -100.688270569, 36.3102798462], [1991.61962891, 422.561096191, 2634.37207031, 1134.95239258, 944.36920166, 627.152770996, 280.81552124, 149.863418579, 3.30051612854, 29.7690448761, -84.1061859131, -9.36637783051, -128.467987061], [2194.52416992, 77.2560043335, 1134.95239258, 1025.15710449, 582.208679199, 422.583312988, 213.557525635, 120.669258118, 52.1906318665, 34.7601242065, -51.7127227783, -8.75187397003, -82.9769744873], [515.804870605, 427.09487915, 944.36920166, 582.208679199, 682.346069336, 344.932525635, 247.215286255, 123.65625, 105.958686829, 14.4606838226, -9.58080482483, -16.5121212006, -53.025390625], [801.547668457, 106.88584137, 627.152770996, 422.583312988, 344.932525635, 378.357574463, 200.402572632, 140.495254517, 62.8666191101, 59.965221405, 25.6025676727, 20.1350975037, -2.14675807953], [-481.880340576, 252.590484619, 280.81552124, 213.557525635, 247.215286255, 200.402572632, 289.662719727, 177.115859985, 149.125228882, 36.8250274658, 60.3518218994, 31.7691555023, 22.0649414062], [-202.958450317, 81.4565582275, 149.863418579, 120.669258118, 123.65625, 140.495254517, 177.115859985, 208.89402771, 136.715576172, 55.4248542786, 42.5636711121, 42.185508728, 24.5684642792], [-748.74621582, 142.977798462, 3.30051612854, 52.1906318665, 105.958686829, 62.8666191101, 149.125228882, 136.715576172, 188.162994385, 63.4870147705, 57.1723823547, 22.4049682617, 26.7166290283], [170.201629639, -105.807250977, 29.7690448761, 34.7601242065, 14.4606838226, 59.965221405, 36.8250274658, 55.4248542786, 63.4870147705, 116.686386108, 61.0485877991, 32.8241539001, 25.8345890045], [-607.002868652, 45.5688667297, -84.1061859131, -51.7127227783, -9.58080482483, 25.6025676727, 60.3518218994, 42.5636711121, 57.1723823547, 61.0485877991, 126.282707214, 62.686504364, 62.6121559143], [17.2141723633, -100.688270569, -9.36637783051, -8.75187397003, -16.5121212006, 20.1350975037, 31.7691555023, 42.185508728, 22.4049682617, 32.8241539001, 62.686504364, 112.094787598, 46.0154457092], [-448.560302734, 36.3102798462, -128.467987061, -82.9769744873, -53.025390625, -2.14675807953, 22.0649414062, 24.5684642792, 26.7166290283, 25.8345890045, 62.6121559143, 46.0154457092, 108.068916321]],
        "icov": [[9.78496027528e-05, -2.99496005027e-05, 7.97819302534e-05, -0.000233799728449, 1.17958652481e-05, -0.000135798254632, 0.000150805295561, -0.000106416715425, 0.000507719698362, -0.000558413623367, 0.000566613744013, -0.000349094159901, 0.000156362642883], [-2.99496005027e-05, 0.00101449585054, -0.000201914474019, 0.000397002935642, -0.000654655916151, 0.000305102934362, -0.000429380743299, 9.07738722162e-05, -0.000711809436325, 0.00172364793252, -0.00131473795045, 0.00156262947712, -0.000788216420915], [7.97819302534e-05, -0.000201914474019, 0.00113441748545, -0.000646465399768, -0.000858086510561, -0.000593083561398, 0.000298074039165, -0.000370583758922, 0.00142712274101, -0.00109529099427, 0.00104657700285, -0.000876460806467, 0.000517614651471], [-0.000233799728449, 0.000397002935642, -0.000646465399768, 0.00334650580771, -0.00111474073492, -0.00117753911763, -0.000594681245275, 0.000745741825085, -0.0016114244936, 0.00134548370261, -0.000459097151179, 0.00066262629116, 0.000139286057674], [1.17958652481e-05, -0.000654655916151, -0.000858086510561, -0.00111474073492, 0.00562110543251, -0.00206686602905, -0.00122645916417, 0.00195182603784, -0.00257041747682, 0.000795150583144, 0.000360474397894, -0.00040026041097, 0.00132358737756], [-0.000135798254632, 0.000305102934362, -0.000593083561398, -0.00117753911763, -0.00206686602905, 0.00994327105582, -0.0036470789928, -0.0033964405302, 0.00418565236032, -0.00271717133, -0.001542563783, 0.00198045559227, -0.00190992420539], [0.000150805295561, -0.000429380743299, 0.000298074039165, -0.000594681245275, -0.00122645916417, -0.0036470789928, 0.0133219817653, -0.00538328895345, -0.00397211266682, 0.00365685438737, -0.00309437233955, -0.000503489456605, 0.000612512638327], [-0.000106416715425, 9.07738722162e-05, -0.000370583758922, 0.000745741825085, 0.00195182603784, -0.0033964405302, -0.00538328895345, 0.0157129298896, -0.00825070589781, -0.000421201693825, 0.00339115783572, -0.00335870985873, -0.000317179306876], [0.000507719698362, -0.000711809436325, 0.00142712274101, -0.0016114244936, -0.00257041747682, 0.00418565236032, -0.00397211266682, -0.00825070589781, 0.0201855283231, -0.0101373279467, 0.00218420661986, -0.000132217188366, 0.00053843180649], [-0.000558413623367, 0.00172364793252, -0.00109529099427, 0.00134548370261, 0.000795150583144, -0.00271717133, 0.00365685438737, -0.000421201693825, -0.0101373279467, 0.0220878962427, -0.0121232485399, 0.00411663157865, -0.000983690260909], [0.000566613744013, -0.00131473795045, 0.00104657700285, -0.000459097151179, 0.000360474397894, -0.001542563783, -0.00309437233955, 0.00339115783572, 0.00218420661986, -0.0121232485399, 0.0239354483783, -0.0101167205721, -0.00350942392834], [-0.000349094159901, 0.00156262947712, -0.000876460806467, 0.00066262629116, -0.00040026041097, 0.00198045559227, -0.000503489456605, -0.00335870985873, -0.000132217188366, 0.00411663157865, -0.0101167205721, 0.0176316034049, -0.00439537875354], [0.000156362642883, -0.000788216420915, 0.000517614651471, 0.000139286057674, 0.00132358737756, -0.00190992420539, 0.000612512638327, -0.000317179306876, 0.00053843180649, -0.000983690260909, -0.00350942392834, -0.00439537875354, 0.0154548613355]]
    },
    "melbands": {
        "dmean": [0.00802824553102, 0.00459879217669, 0.00172449916136, 0.000641357037239, 0.000235695988522, 0.000201804883545, 7.30801839381e-05, 6.8055887823e-05, 7.4987525295e-05, 9.81087068794e-05, 5.25928335264e-05, 3.67221728084e-05, 5.63338180655e-05, 2.46109102591e-05, 3.27279703924e-05, 3.13042073685e-05, 3.79294106096e-05, 2.3607219191e-05, 1.65364344866e-05, 1.39141684485e-05, 1.22517567434e-05, 8.49643765832e-06, 9.4481601991e-06, 9.53293510975e-06, 7.30025431039e-06, 6.12258008914e-06, 6.16156739852e-06, 6.908807336e-06, 7.05266756995e-06, 5.97193047724e-06, 4.78857373309e-06, 5.36309107702e-06, 4.66158917334e-06, 4.0746376726e-06, 3.26503800352e-06, 3.17647436532e-06, 3.31294268108e-06, 3.98114798372e-06, 3.69352346752e-06, 3.44272302755e-06],
        "dmean2": [0.0106643978506, 0.00720285205171, 0.00297199934721, 0.00116455601528, 0.000375293166144, 0.000308866350679, 0.000119880802231, 0.000115294329589, 0.000118020579976, 0.000150734660565, 8.22258443804e-05, 5.67698079976e-05, 8.90958835953e-05, 3.98788142775e-05, 5.22856826137e-05, 5.06189317093e-05, 6.31847360637e-05, 3.79333141609e-05, 2.80276271951e-05, 2.25019266509e-05, 1.97012377612e-05, 1.36491635203e-05, 1.52798638737e-05, 1.55103971338e-05, 1.18307989396e-05, 9.79576998361e-06, 1.02606354631e-05, 1.15419497888e-05, 1.15199618449e-05, 9.84848338703e-06, 7.84296116763e-06, 8.75541354617e-06, 7.46807154428e-06, 6.54580435366e-06, 5.10644213136e-06, 5.03340061186e-06, 5.24211418451e-06, 6.39157497062e-06, 5.83281052968e-06, 5.38414678886e-06],
        "dvar": [0.000138925126521, 8.20447312435e-05, 1.80310307769e-05, 3.01915679302e-06, 2.12829505131e-07, 2.15128380887e-07, 2.53773517755e-08, 3.07227772112e-08, 2.98764852857e-08, 4.89801728065e-08, 1.71502314572e-08, 9.62770663193e-09, 1.96773211059e-08, 3.81160347729e-09, 4.42745573537e-09, 3.24334514801e-09, 7.05211178342e-09, 2.16062301384e-09, 1.08010589361e-09, 8.65275961992e-10, 9.74196834314e-10, 2.70782729572e-10, 4.45948639127e-10, 8.66549998424e-10, 2.17222601018e-10, 1.33084904208e-10, 1.1612785733e-10, 1.97756519493e-10, 2.25964053024e-10, 1.32923894114e-10, 9.91084991853e-11, 9.29602783639e-11, 1.30340724325e-10, 6.28172305839e-11, 4.56084718603e-11, 2.97541886962e-11, 3.06034711461e-11, 6.37075114884e-11, 4.5166179824e-11, 3.92322251075e-11],
        "dvar2": [0.00019992167654, 0.000180400063982, 4.69151964353e-05, 8.57539998833e-06, 4.57392701492e-07, 4.30194830869e-07, 6.056946944e-08, 7.00311773016e-08, 6.6236502505e-08, 1.12581602707e-07, 3.4377038105e-08, 2.01463201677e-08, 4.45388899095e-08, 9.18956644114e-09, 1.06727879867e-08, 7.65643637379e-09, 1.64354734267e-08, 4.74443551113e-09, 2.69216515747e-09, 1.92945193156e-09, 2.44887066181e-09, 6.76235623054e-10, 1.08415587619e-09, 2.16560569477e-09, 4.8741344294e-10, 3.28118116011e-10, 2.93198215706e-10, 4.85839979358e-10, 5.1723059169e-10, 3.01440816752e-10, 2.54621768114e-10, 2.24216659128e-10, 3.00768743244e-10, 1.4715782759e-10, 1.06353224838e-10, 6.8020734878e-11, 7.19145853978e-11, 1.48607612327e-10, 1.04413873381e-10, 9.13239345257e-11],
        "max": [0.147197410464, 0.0809438601136, 0.0313000902534, 0.0137937972322, 0.0112786600366, 0.0125136235729, 0.00423702085391, 0.00798230245709, 0.00619585998356, 0.00486825453117, 0.00330392247997, 0.00255463318899, 0.00406016223133, 0.0015031126095, 0.00120026094373, 0.00185341306496, 0.00331873586401, 0.00113715487532, 0.000743339536712, 0.000887784874067, 0.00128129636869, 0.00036044549779, 0.000525170180481, 0.0010067691328, 0.000485135708004, 0.000352062808815, 0.000225757277803, 0.000776520115323, 0.0004879811313, 0.000291961594485, 0.000374695373466, 0.000204879077501, 0.000547583505977, 0.000312349846354, 0.000248676718911, 0.000121488985314, 0.000125311664306, 0.000273320998531, 0.000188665057067, 9.36997239478e-05],
        "mean": [0.0200445577502, 0.0068958257325, 0.00187652150635, 0.00062196503859, 0.000378064200049, 0.000345608073985, 9.92309142021e-05, 7.84920775914e-05, 0.000118447933346, 0.000162832671776, 7.87178141763e-05, 5.65048358112e-05, 7.19989038771e-05, 3.48387147824e-05, 5.29162607563e-05, 4.90658894705e-05, 5.02133916598e-05, 3.53165232809e-05, 2.21412374231e-05, 2.12114628084e-05, 1.79899197974e-05, 1.34449537654e-05, 1.47604014273e-05, 1.36181861308e-05, 1.17151967061e-05, 1.06326715468e-05, 9.68650783761e-06, 1.08692538561e-05, 1.14243648568e-05, 9.55636551225e-06, 8.0045492723e-06, 8.66994923854e-06, 7.81850485509e-06, 6.89698799761e-06, 5.97676398684e-06, 5.89949377172e-06, 5.85204088566e-06, 6.76583249515e-06, 6.50169886285e-06, 6.07592210145e-06],
        "median": [0.00962364766747, 0.00415226165205, 0.000415807764512, 0.000165729376022, 0.000144104371429, 0.000103767204564, 3.1696366932e-05, 2.05237447517e-05, 3.66733765986e-05, 4.03512131015e-05, 1.60839808814e-05, 1.42532244354e-05, 1.63725417224e-05, 9.40680001804e-06, 1.95767970581e-05, 1.86498800758e-05, 1.41051841638e-05, 1.07648920675e-05, 7.5758453022e-06, 7.5908310464e-06, 6.31993043498e-06, 5.78140725338e-06, 6.18584772383e-06, 5.16266572959e-06, 4.83602343593e-06, 4.97568453284e-06, 4.45209661848e-06, 4.73199270346e-06, 4.28514840678e-06, 4.13931411458e-06, 3.92202673538e-06, 3.87139152735e-06, 3.14461817652e-06, 3.06509355141e-06, 2.59903640654e-06, 2.73486170954e-06, 2.82039172816e-06, 2.95737709166e-06, 2.80092899629e-06, 2.7391297408e-06],
        "min": [4.06423189408e-24, 3.06732706891e-24, 3.96821687229e-24, 3.53089802442e-24, 3.87032909472e-24, 5.87118445624e-24, 8.25444487473e-24, 1.7805227636e-24, 3.86711369767e-24, 3.9841029532e-24, 4.81542981867e-24, 6.25370429247e-24, 9.11219936938e-24, 3.87998672435e-24, 8.39504828703e-24, 7.34623483657e-24, 7.82777131034e-24, 6.10190260519e-24, 6.60378853486e-24, 6.02497801731e-24, 9.35108459529e-24, 7.3774358631e-24, 6.85351310403e-24, 9.34925759343e-24, 6.95387829928e-24, 9.36200006363e-24, 4.10706940782e-24, 8.31793318924e-24, 1.01366748832e-23, 5.4766486907e-24, 7.44996294586e-24, 6.43997249599e-24, 6.47225938955e-24, 9.01870199718e-24, 4.73458104222e-24, 8.16317287913e-24, 8.38874607726e-24, 7.82830615803e-24, 9.30330407912e-24, 9.17730721534e-24],
        "var": [0.000608312897384, 0.000104634156742, 1.82179373951e-05, 2.05526521313e-06, 4.6585867608e-07, 5.18029253271e-07, 3.63894052668e-08, 4.54229649449e-08, 6.52904077469e-08, 1.25630378989e-07, 3.6385792157e-08, 2.01820871126e-08, 3.1015648716e-08, 6.14155215573e-09, 8.47595060804e-09, 6.20339690727e-09, 1.19491376793e-08, 5.15687448299e-09, 1.65366775828e-09, 1.58336821432e-09, 1.1811344125e-09, 4.26079421745e-10, 6.05632932693e-10, 9.00816365945e-10, 4.32449187571e-10, 3.02131486496e-10, 1.7979301381e-10, 4.44066727834e-10, 6.2451532834e-10, 2.97337571231e-10, 1.77485665054e-10, 2.13028664153e-10, 3.24267362961e-10, 1.47761844427e-10, 1.24040805405e-10, 7.5045497594e-11, 6.51047549205e-11, 1.26314320115e-10, 1.10135088549e-10, 7.53436688039e-11]
    },
    "mfcc": {
        "mean": [-649.854492188, 77.3623962402, 30.2152099609, 19.6768016815, 16.0349159241, 14.9994039536, 12.9876899719, 5.98395729065, 7.01459980011, 6.87829637527, 6.80403995514, 4.27925491333, 0.579746723175],
        "cov": [[16288.5566406, 159.530975342, -272.145843506, 465.049743652, 352.807647705, 354.870361328, -83.7980575562, -297.874847412, -312.366271973, -258.467102051, -205.405456543, -277.036956787, -312.71963501], [159.530975342, 1366.63830566, 464.553588867, 275.368927002, 331.875305176, 192.640365601, 223.099884033, 155.298812866, 124.899597168, 74.0524902344, 17.0527038574, -1.2138479948, 14.5076475143], [-272.145843506, 464.553588867, 1077.859375, 526.367248535, 516.751464844, 345.528015137, 295.690063477, 208.821411133, 145.029037476, 102.419677734, 81.4323425293, 45.393371582, 29.8588657379], [465.049743652, 275.368927002, 526.367248535, 567.631896973, 438.092681885, 304.526092529, 195.324005127, 206.875930786, 138.265457153, 93.046005249, 76.3943405151, 51.83228302, 34.6005363464], [352.807647705, 331.875305176, 516.751464844, 438.092681885, 511.540588379, 327.275512695, 230.09828186, 170.467269897, 119.548774719, 89.1204910278, 66.9390182495, 40.4499435425, 22.1081581116], [354.870361328, 192.640365601, 345.528015137, 304.526092529, 327.275512695, 312.499420166, 205.774307251, 139.999298096, 94.0310668945, 81.1543579102, 73.7847137451, 46.9691238403, 20.9319171906], [-83.7980575562, 223.099884033, 295.690063477, 195.324005127, 230.09828186, 205.774307251, 235.478469849, 152.74937439, 104.175010681, 77.5785903931, 71.1372451782, 57.0015869141, 33.3975601196], [-297.874847412, 155.298812866, 208.821411133, 206.875930786, 170.467269897, 139.999298096, 152.74937439, 255.809173584, 156.944488525, 91.3097686768, 83.4473571777, 75.2296295166, 61.3055229187], [-312.366271973, 124.899597168, 145.029037476, 138.265457153, 119.548774719, 94.0310668945, 104.175010681, 156.944488525, 171.252075195, 113.521064758, 71.1094818115, 57.9304351807, 53.7491455078], [-258.467102051, 74.0524902344, 102.419677734, 93.046005249, 89.1204910278, 81.1543579102, 77.5785903931, 91.3097686768, 113.521064758, 135.923309326, 93.5510482788, 59.6452903748, 41.8147544861], [-205.405456543, 17.0527038574, 81.4323425293, 76.3943405151, 66.9390182495, 73.7847137451, 71.1372451782, 83.4473571777, 71.1094818115, 93.5510482788, 128.341567993, 81.3864059448, 35.4921875], [-277.036956787, -1.2138479948, 45.393371582, 51.83228302, 40.4499435425, 46.9691238403, 57.0015869141, 75.2296295166, 57.9304351807, 59.6452903748, 81.3864059448, 99.3327102661, 57.2576446533], [-312.71963501, 14.5076475143, 29.8588657379, 34.6005363464, 22.1081581116, 20.9319171906, 33.3975601196, 61.3055229187, 53.7491455078, 41.8147544861, 35.4921875, 57.2576446533, 95.4895324707]],
