{
"lowlevel": {
    "average_loudness": 0.613975405693,
    "barkbands_crest": {
        "dmean": 2.49800682068,
        "dmean2": 3.69497728348,
        "dvar": 7.21216964722,
        "dvar2": 14.79662323,
        "max": 24.6277713776,
        "mean": 9.76053142548,
        "median": 8.38085460663,
        "min": 1.8872770071,
        "var": 27.1621265411
    },
    "barkbands_flatness_db": {
        "dmean": 0.0227071065456,
        "dmean2": 0.029199089855,
        "dvar": 0.000631313654594,
        "dvar2": 0.00104966340587,
        "max": 0.409333497286,
        "mean": 0.118628717959,
        "median": 0.106542035937,
        "min": 0.0171759352088,
        "var": 0.00399236101657
    },
    "barkbands_kurtosis": {
        "dmean": 3.57795166969,
        "dmean2": 4.5721988678,
        "dvar": 139.294784546,
        "dvar2": 262.511047363,
        "max": 374.915130615,
        "mean": 4.83598279953,
        "median": -0.234800338745,
        "min": -1.90563583374,
        "var": 380.821166992
    },
    "barkbands_skewness": {
        "dmean": 0.579173445702,
        "dmean2": 0.727853357792,
        "dvar": 0.599320411682,
        "dvar2": 0.961043655872,
        "max": 16.3431568146,
        "mean": 1.1189866066,
        "median": 0.608020246029,
        "min": -3.5926027298,
        "var": 3.71071696281
    },
    "barkbands_spread": {
        "dmean": 7.78146505356,
        "dmean2": 11.3209438324,
        "dvar": 87.8780822754,
        "dvar2": 184.472229004,
        "max": 117.448661804,
        "mean": 35.0478096008,
        "median": 33.3846511841,
        "min": 0.767822742462,
        "var": 366.581451416
    },
    "dissonance": {
        "dmean": 0.0146460244432,
        "dmean2": 0.0246151965111,
        "dvar": 0.000250963174039,
        "dvar2": 0.00068255874794,
        "max": 0.499999970198,
        "mean": 0.473635345697,
        "median": 0.479864180088,
        "min": 0.291316956282,
        "var": 0.000543184345588
    },
    "dynamic_complexity": 2.73330593109,
    "erbbands_crest": {
        "dmean": 2.73034524918,
        "dmean2": 4.42799377441,
        "dvar": 7.80713415146,
        "dvar2": 19.1123142242,
        "max": 31.198431015,
        "mean": 8.2994146347,
        "median": 6.95672416687,
        "min": 2.21094918251,
        "var": 21.0170059204
    },
    "erbbands_flatness_db": {
        "dmean": 0.0162428412586,
        "dmean2": 0.023960005492,
        "dvar": 0.000235467479797,
        "dvar2": 0.00049865047913,
        "max": 0.379186600447,
        "mean": 0.144088208675,
        "median": 0.139168709517,
        "min": 0.0553384460509,
        "var": 0.002042141743
    },
    "erbbands_kurtosis": {
        "dmean": 0.859798073769,
        "dmean2": 1.36499142647,
        "dvar": 1.87546956539,
        "dvar2": 4.48512840271,
        "max": 29.3513069153,
        "mean": 0.452294617891,
        "median": -0.1434071064,
        "min": -1.69093894958,
        "var": 4.21002054214
    },
    "erbbands_skewness": {
        "dmean": 0.333384245634,
        "dmean2": 0.50834017992,
        "dvar": 0.104723423719,
        "dvar2": 0.247072651982,
        "max": 5.09922504425,
        "mean": 0.134874776006,
        "median": 0.0611625574529,
        "min": -2.96022248268,
        "var": 0.550297141075
    },
    "erbbands_spread": {
        "dmean": 7.91030025482,
        "dmean2": 11.992524147,
        "dvar": 79.4742584229,
        "dvar2": 177.291946411,
        "max": 150.639724731,
        "mean": 37.6920280457,
        "median": 35.4117088318,
        "min": 3.9301879406,
        "var": 316.256652832
    },
    "hfc": {
        "dmean": 18.8460273743,
        "dmean2": 29.3269824982,
        "dvar": 1229.84484863,
        "dvar2": 3064.32348633,
        "max": 396.369842529,
        "mean": 46.8809738159,
        "median": 34.4147415161,
        "min": 1.05580658407e-16,
        "var": 1790.25598145
    },
    "melbands_crest": {
        "dmean": 3.74201345444,
        "dmean2": 5.07342100143,
        "dvar": 14.7976140976,
        "dvar2": 25.5417461395,
        "max": 38.3972511292,
        "mean": 17.9287109375,
        "median": 15.5473842621,
        "min": 1.54989266396,
        "var": 94.3972549438
    },
    "melbands_flatness_db": {
        "dmean": 0.0270603876561,
        "dmean2": 0.0334468819201,
        "dvar": 0.00102088495623,
        "dvar2": 0.00168656476308,
        "max": 0.546636998653,
        "mean": 0.153150752187,
        "median": 0.135174185038,
        "min": 0.00333078950644,
        "var": 0.00733894156292
    },
    "melbands_kurtosis": {
        "dmean": 13.8128118515,
        "dmean2": 17.0800323486,
        "dvar": 3139.12988281,
        "dvar2": 5939.80859375,
        "max": 2035.21447754,
        "mean": 22.787530899,
        "median": 2.43303394318,
        "min": -1.74490106106,
        "var": 8323.08886719
    },
    "melbands_skewness": {
        "dmean": 0.89689540863,
        "dmean2": 1.08185756207,
        "dvar": 2.22944831848,
        "dvar2": 3.31811618805,
        "max": 38.3414726257,
        "mean": 2.62807583809,
        "median": 1.49636566639,
        "min": -1.7781560421,
        "var": 12.1845788956
    },
    "melbands_spread": {
        "dmean": 11.663403511,
        "dmean2": 16.8762760162,
        "dvar": 216.26171875,
        "dvar2": 446.209503174,
        "max": 249.95526123,
        "mean": 45.8386268616,
        "median": 40.67370224,
        "min": 0.2682094872,
        "var": 1177.7331543
    },
    "pitch_salience": {
        "dmean": 0.0753027647734,
        "dmean2": 0.108326971531,
        "dvar": 0.00722075346857,
        "dvar2": 0.0129547342658,
        "max": 0.863873302937,
        "mean": 0.497873485088,
        "median": 0.532515466213,
        "min": 0.0155497556552,
        "var": 0.0312565565109
    },
    "silence_rate_20dB": {
        "dmean": 0.00151122629177,
        "dmean2": 0.00302277877927,
        "dvar": 0.00150874292012,
        "dvar2": 0.00366077432409,
        "max": 1,
        "mean": 0.998812735081,
        "median": 1,
        "min": 0,
        "var": 0.00118562323041
    },
    "silence_rate_30dB": {
        "dmean": 0.045984454453,
        "dmean2": 0.0919788405299,
        "dvar": 0.0438670702279,
        "dvar2": 0.0843904092908,
        "max": 1,
        "mean": 0.905234754086,
        "median": 1,
        "min": 0,
        "var": 0.0857819467783
    },
    "silence_rate_60dB": {
        "dmean": 0.000215889464016,
        "dmean2": 0.000431825552369,
        "dvar": 0.000215842854232,
        "dvar2": 0.000431690947153,
        "max": 1,
        "mean": 0.0332433879375,
        "median": 0,
        "min": 0,
        "var": 0.0321384109557
    },
    "spectral_centroid": {
        "dmean": 295.197784424,
        "dmean2": 454.2215271,
        "dvar": 125822.9375,
        "dvar2": 290348.3125,
        "max": 11535.9277344,
        "mean": 2278.05566406,
        "median": 2352.38769531,
        "min": 309.529998779,
        "var": 975154.125
    },
    "spectral_complexity": {
        "dmean": 5.29706382751,
        "dmean2": 7.94515800476,
        "dvar": 36.15076828,
        "dvar2": 64.7765731812,
        "max": 62,
        "mean": 26.7252025604,
        "median": 27,
        "min": 0,
        "var": 148.90826416
    },
    "spectral_decrease": {
        "dmean": 3.36179173388e-09,
        "dmean2": 3.64721897128e-09,
        "dvar": 2.56378493181e-17,
        "dvar2": 2.9943931557e-17,
        "max": 1.59445703133e-20,
        "mean": -9.98896165783e-09,
        "median": -5.78717962441e-09,
        "min": -1.01879997771e-07,
        "var": 1.4464272097e-16
    },
    "spectral_energy": {
        "dmean": 0.0136054521427,
        "dmean2": 0.0153154078871,
        "dvar": 0.000372185284505,
        "dvar2": 0.000467364181532,
        "max": 0.38786944747,
        "mean": 0.0419530123472,
        "median": 0.0259257480502,
        "min": 9.99722571955e-21,
        "var": 0.0021071867086
    },
    "spectral_energyband_high": {
        "dmean": 0.00183184118941,
        "dmean2": 0.0028775006067,
        "dvar": 1.37723418447e-05,
        "dvar2": 3.40495316777e-05,
        "max": 0.0489829368889,
        "mean": 0.00374451465905,
        "median": 0.00223728106357,
        "min": 7.0811369871e-21,
        "var": 2.04749885597e-05
    },
    "spectral_energyband_low": {
        "dmean": 0.0102221891284,
        "dmean2": 0.00964831653982,
        "dvar": 0.000437533919467,
        "dvar2": 0.000459548085928,
        "max": 0.374967932701,
        "mean": 0.023179108277,
        "median": 0.00523322774097,
        "min": 1.5829697865e-23,
        "var": 0.00208812579513
    },
    "spectral_energyband_middle_high": {
        "dmean": 0.00283764023334,
        "dmean2": 0.00450885295868,
        "dvar": 1.33917765197e-05,
        "dvar2": 3.3908207115e-05,
        "max": 0.0439963229001,
        "mean": 0.00769075145945,
        "median": 0.00696035893634,
        "min": 1.14403844698e-21,
        "var": 2.92699987767e-05
    },
    "spectral_energyband_middle_low": {
        "dmean": 0.00434774905443,
        "dmean2": 0.00715440604836,
        "dvar": 9.72229900071e-05,
        "dvar2": 0.000265407172265,
        "max": 0.125055268407,
        "mean": 0.00746773043647,
        "median": 0.00434812856838,
        "min": 1.83700877796e-22,
        "var": 0.00010370783275
    },
    "spectral_entropy": {
        "dmean": 0.139197558165,
        "dmean2": 0.210628062487,
        "dvar": 0.0256902910769,
        "dvar2": 0.0598495006561,
        "max": 9.82097816467,
        "mean": 7.9580039978,
        "median": 8.00302410126,
        "min": 6.28592252731,
        "var": 0.166374191642
    },
    "spectral_flux": {
        "dmean": 0.0297908429056,
        "dmean2": 0.0422735437751,
        "dvar": 0.00185047206469,
        "dvar2": 0.00292522530071,
        "max": 0.55936807394,
        "mean": 0.100667193532,
        "median": 0.0849006026983,
        "min": 6.2972814463e-11,
        "var": 0.00478124246001
    },
    "spectral_kurtosis": {
        "dmean": 0.904191017151,
        "dmean2": 1.52055847645,
        "dvar": 1.67645132542,
        "dvar2": 4.73942327499,
        "max": 38.5976104736,
        "mean": 3.08646655083,
        "median": 2.34167671204,
        "min": -1.26052498817,
        "var": 8.50305747986
    },
    "spectral_rms": {
        "dmean": 0.000925838132389,
        "dmean2": 0.00110292620957,
        "dvar": 1.02329056517e-06,
        "dvar2": 1.50996152115e-06,
        "max": 0.0194527432323,
        "mean": 0.00576139288023,
        "median": 0.00502925552428,
        "min": 3.1230419726e-12,
        "var": 7.73615010985e-06
    },
    "spectral_rolloff": {
        "dmean": 930.811523438,
        "dmean2": 1459.4005127,
        "dvar": 2178372,
        "dvar2": 4877608.5,
        "max": 19358.3496094,
        "mean": 3147.1940918,
        "median": 2304.05273438,
        "min": 43.06640625,
        "var": 8543972
    },
    "spectral_skewness": {
        "dmean": 0.148214295506,
        "dmean2": 0.237460434437,
        "dvar": 0.0271778777242,
        "dvar2": 0.0675645545125,
        "max": 4.58346652985,
        "mean": 1.31431639194,
        "median": 1.2287825346,
        "min": -0.0625244453549,
        "var": 0.182322010398
    },
    "spectral_spread": {
        "dmean": 494000.34375,
        "dmean2": 758141,
        "dvar": 551011418112,
        "dvar2": 1.1441626153e+12,
        "max": 42901292,
        "mean": 5652933,
        "median": 5604619,
        "min": 1535709,
        "var": 7.5512152064e+12
    },
    "spectral_strongpeak": {
        "dmean": 0.695397973061,
        "dmean2": 1.17928171158,
        "dvar": 1.42653059959,
        "dvar2": 3.57831597328,
        "max": 12.7679319382,
        "mean": 1.08108651638,
        "median": 0.460581064224,
        "min": 0,
        "var": 2.12754821777
    },
    "zerocrossingrate": {
        "dmean": 0.0160016994923,
        "dmean2": 0.0168428830802,
        "dvar": 0.000350714253727,
        "dvar2": 0.00036266099778,
        "max": 0.51416015625,
        "mean": 0.104508683085,
        "median": 0.0869140625,
        "min": 0.00146484375,
        "var": 0.00538926618174
    },
    "barkbands": {
        "dmean": [0.00250035617501, 0.00819479487836, 0.00176396418829, 0.000853307079524, 0.00110365299042, 0.00107717700303, 0.00081776350271, 0.000838787178509, 0.000758457288612, 0.000633582705632, 0.000430703425081, 0.000794230028987, 0.000564237241633, 0.00042868393939, 0.000669285131153, 0.000380247278372, 0.000450282677775, 0.00026813877048, 0.000311811571009, 0.000318358564982, 0.000355435884558, 0.000320145860314, 0.000396821764298, 0.00039240316255, 0.000325802247971, 0.000201245216886, 8.39338099468e-06],
        "dmean2": [0.00310765113682, 0.00897334702313, 0.00325271650217, 0.00160223804414, 0.00191985908896, 0.00170886854175, 0.00130240269937, 0.00132915959693, 0.00112754001748, 0.000993184628896, 0.000702645629644, 0.00127049395815, 0.000924046675209, 0.000696097849868, 0.00109692837577, 0.00061830697814, 0.000757849833462, 0.000428103056038, 0.0005020723911, 0.000511396094225, 0.000573204364628, 0.000505175732542, 0.000641461461782, 0.000657775963191, 0.000535458792001, 0.000315021781716, 1.41934488056e-05],
        "dvar": [4.25444923167e-05, 0.000384440470953, 5.49482429051e-05, 1.28617739392e-05, 1.34576011988e-05, 8.0476365838e-06, 2.98703707813e-06, 5.17223634233e-06, 3.40921974384e-06, 1.62488561273e-06, 9.82953224593e-07, 2.57606689047e-06, 1.14476461022e-06, 1.04045068383e-06, 1.53614098508e-06, 4.06161660749e-07, 7.06863659161e-07, 1.57412415547e-07, 1.72425700384e-07, 2.05207030035e-07, 3.07904173269e-07, 2.88847815e-07, 7.18168678304e-07, 7.80529433086e-07, 5.14582609412e-07, 2.13381724734e-07, 2.76686035194e-10],
        "dvar2": [7.49176761019e-05, 0.000511108140927, 0.000156931841047, 3.72956455976e-05, 3.73207913071e-05, 2.11735550693e-05, 7.52420464778e-06, 1.32000832309e-05, 6.55970916341e-06, 3.71661394638e-06, 2.24739210353e-06, 6.30781232758e-06, 2.82297810372e-06, 2.40680060415e-06, 3.97364919991e-06, 1.03995876088e-06, 1.92539414456e-06, 3.82427685963e-07, 4.22591966753e-07, 5.04524507505e-07, 7.50527817672e-07, 6.53806125683e-07, 1.80737663413e-06, 2.13071803046e-06, 1.36979019771e-06, 5.21091862993e-07, 7.21590009967e-10],
        "max": [0.0992792472243, 0.310834854841, 0.106340378523, 0.0519005134702, 0.0493145361543, 0.0502373315394, 0.0332892872393, 0.0583820976317, 0.0799483060837, 0.0308930203319, 0.0312071535736, 0.041182667017, 0.0185051243752, 0.0258027929813, 0.0226792767644, 0.013971217908, 0.0153793450445, 0.00623967638239, 0.00675119459629, 0.00505094602704, 0.00783925130963, 0.00595035497099, 0.0128670679405, 0.013522496447, 0.00938810873777, 0.00619656965137, 0.00021595301223],
        "mean": [0.00466443086043, 0.0172038674355, 0.00128036213573, 0.000545796472579, 0.00104990345426, 0.00167356105521, 0.00127407116815, 0.00135615211911, 0.00135216757189, 0.00100023148116, 0.000553088495508, 0.00113683112431, 0.00082589086378, 0.000580671825446, 0.000986024271697, 0.000664605700877, 0.000686872052029, 0.000492565392051, 0.000603033346124, 0.00062648038147, 0.000645754742436, 0.000587006856222, 0.000623916101176, 0.000652126735076, 0.000562024593819, 0.000317109806929, 8.43759789859e-06],
        "median": [0.00061001512222, 0.00335635757074, 0.000170080122189, 4.45616497018e-05, 0.000228497970966, 0.000445348734502, 0.000404341262765, 0.000402977573685, 0.000371374859242, 0.000405910570407, 0.000191942221136, 0.000538180407602, 0.00036137382267, 0.000267296592938, 0.000471925799502, 0.000417656323407, 0.000435913621914, 0.000338876416208, 0.000455662986496, 0.000461358431494, 0.000434127636254, 0.00034656986827, 0.000337486446369, 0.000316884339554, 0.00021662004292, 0.000107909851067, 3.99367650061e-07],
        "min": [2.22879139527e-25, 1.91003301664e-24, 2.66229846725e-24, 1.9934075285e-24, 9.58964323277e-24, 1.05270079923e-23, 1.84240152577e-23, 9.57670670279e-24, 1.16410058082e-23, 1.20778470008e-23, 1.84799060528e-23, 2.54161659326e-23, 4.1141797267e-23, 4.26953042031e-23, 5.85766077708e-23, 6.54470182754e-23, 8.35962275259e-23, 1.17234095873e-22, 1.7616988148e-22, 2.13017965638e-22, 2.72558687652e-22, 3.89100050054e-22, 4.41432426174e-22, 6.25610419667e-22, 8.49300120874e-22, 1.43441539465e-21, 2.07854513817e-21],
        "var": [0.000101630750578, 0.00132288667373, 3.17914491461e-05, 7.04157628206e-06, 9.41423240874e-06, 1.1541394997e-05, 5.68389668842e-06, 1.00737206594e-05, 1.25858468891e-05, 3.65810001313e-06, 1.66080815234e-06, 3.62761602446e-06, 1.97910685529e-06, 1.34367553528e-06, 2.39595442508e-06, 6.96525148669e-07, 7.57729196721e-07, 2.91454995249e-07, 3.41630084222e-07, 3.91705697211e-07, 4.9019843118e-07, 4.93107279453e-07, 8.02128170108e-07, 9.10098776785e-07, 9.01899511518e-07, 3.23416486481e-07, 3.09484743388e-10]
    },
    "erbbands": {
        "dmean": [0.511073291302, 1.22785377502, 1.97824192047, 2.67499828339, 2.40983510017, 4.39449167252, 5.69552564621, 10.4178771973, 11.4706926346, 11.8898019791, 20.5726966858, 15.2384090424, 16.8291606903, 22.7549629211, 17.9494304657, 33.9141845703, 24.1649856567, 25.5100402832, 33.1629829407, 21.5406894684, 23.4115200043, 21.8603992462, 14.3200206757, 14.1689453125, 16.5483837128, 15.6930208206, 15.7861785889, 12.9191417694, 11.5708141327, 12.2136039734, 10.9470071793, 9.11816596985, 5.97944641113, 3.72512960434, 2.50552129745, 1.19552123547, 0.294167459011, 0.0519061647356, 0.00102625391446, 4.76090281154e-05],
        "dmean2": [0.548539817333, 1.70486176014, 3.51236915588, 4.96376991272, 4.2238202095, 7.81643867493, 9.71347141266, 16.289937973, 18.2210273743, 19.0202445984, 32.1689910889, 22.3922367096, 26.2883872986, 36.104598999, 28.7017059326, 54.1169395447, 39.3429450989, 41.1850776672, 54.2583999634, 34.6959190369, 38.0529022217, 36.9750137329, 22.7492046356, 22.9784297943, 26.5420646667, 25.3015861511, 25.8886356354, 20.4995975494, 18.3426055908, 19.4217987061, 17.7448272705, 15.4495725632, 9.96261310577, 6.16342926025, 4.14119911194, 1.93527829647, 0.45543679595, 0.0831752568483, 0.00164375989698, 7.1902788477e-05],
        "dvar": [1.55747449398, 13.3820466995, 64.0127716064, 126.923789978, 65.6398544312, 242.543579102, 364.700256348, 720.573608398, 617.357116699, 896.325256348, 2861.9206543, 1804.06567383, 1217.58764648, 2137.56079102, 1310.73608398, 4999.67041016, 2320.70581055, 3275.17993164, 5047.93359375, 1504.10766602, 1681.38598633, 2154.02880859, 449.868774414, 378.270050049, 540.60546875, 512.961730957, 608.376098633, 476.932159424, 391.735809326, 573.348693848, 509.270446777, 519.541381836, 149.590454102, 64.9230499268, 30.7330760956, 7.68394374847, 0.449950069189, 0.0114714289084, 4.44762508778e-06, 7.88224241433e-09],
        "dvar2": [2.1047577858, 31.6506233215, 177.56930542, 365.663543701, 179.595184326, 684.632263184, 1040.20239258, 1789.75732422, 1536.99145508, 2232.71704102, 7356.81152344, 3296.81567383, 2840.12133789, 4980.94824219, 2984.61425781, 12216.3583984, 5617.35205078, 7809.25292969, 12805.3359375, 3867.4855957, 4303.50195312, 5994.35693359, 1095.8293457, 912.655944824, 1304.35009766, 1272.59912109, 1534.02978516, 1139.80529785, 888.241638184, 1392.67016602, 1284.20727539, 1454.42053223, 397.072662354, 175.425033569, 81.3743972778, 19.4315986633, 1.08648872375, 0.028310386464, 1.09292514026e-05, 1.93086719946e-08],
        "max": [19.2616596222, 55.5236701965, 116.713348389, 156.238800049, 127.886665344, 221.718978882, 301.981689453, 630.166015625, 566.062927246, 664.908569336, 1350.96899414, 2231.15112305, 1200.18676758, 1101.37194824, 936.448059082, 1986.88037109, 942.572875977, 1365.5144043, 1411.45495605, 798.850891113, 938.753479004, 669.450195312, 362.045379639, 289.899108887, 461.908111572, 312.187591553, 389.813171387, 344.892272949, 246.744216919, 448.259399414, 324.391815186, 435.066772461, 165.126205444, 119.459350586, 68.6200332642, 36.6370506287, 9.3159236908, 1.12646698952, 0.0212839376181, 0.000975022616331],
        "mean": [0.998071014881, 1.85255944729, 1.62362873554, 1.83785629272, 1.90459132195, 3.91328454018, 7.045814991, 15.9202661514, 19.3524036407, 18.635389328, 35.2958374023, 28.9428520203, 28.5509605408, 36.2676506042, 27.8393440247, 50.100605011, 37.9153823853, 37.4553527832, 48.0742607117, 37.2433547974, 41.3795089722, 34.6050720215, 27.469078064, 29.1829566956, 31.5938606262, 30.9173431396, 29.0079975128, 22.4594249725, 21.2055511475, 21.0758132935, 17.1119995117, 14.1227769852, 10.011425972, 6.22886323929, 4.11172008514, 1.78399276733, 0.489501357079, 0.0709819495678, 0.00144949497189, 0.00011065518629],
        "median": [0.167609706521, 0.405805140734, 0.318930417299, 0.222967162728, 0.321905791759, 0.769100129604, 1.63550424576, 3.98557519913, 6.29864549637, 6.36062145233, 11.4346313477, 8.5367975235, 13.5989103317, 15.2282409668, 14.7396297455, 25.5385437012, 17.9955768585, 18.9825325012, 20.6164360046, 23.5630111694, 27.1771793365, 22.9179382324, 20.003326416, 22.4095478058, 23.040977478, 22.9284439087, 20.6622009277, 14.0030412674, 12.7645492554, 12.358795166, 9.23494625092, 6.7907781601, 4.8999876976, 2.51126694679, 1.4757617712, 0.580733537674, 0.181123062968, 0.0177443381399, 0.000406603794545, 6.30420981906e-05],
        "min": [8.31747422997e-23, 6.85060239662e-22, 3.89005997639e-21, 7.99405680885e-21, 1.00564749543e-20, 2.72903395382e-20, 6.94887936977e-20, 1.04225300019e-19, 1.58372672164e-19, 1.47763499196e-19, 2.82265768059e-19, 2.51747172004e-19, 6.3781379303e-19, 1.00743009227e-18, 1.06834408617e-18, 1.05875406434e-18, 1.89450664618e-18, 2.76406661665e-18, 3.33429597962e-18, 4.2205546587e-18, 4.45034915518e-18, 5.4463043912e-18, 5.91428761301e-18, 9.04691406416e-18, 8.63659939311e-18, 9.9021906934e-18, 1.01100884783e-17, 1.02082433841e-17, 1.21307227971e-17, 1.20018976885e-17, 1.27401960899e-17, 1.08024543674e-17, 1.0020441125e-17, 8.51611309227e-18, 6.03474041304e-18, 3.859179715e-18, 2.5861564037e-18, 9.78418490042e-19, 2.65133771899e-19, 3.03965836841e-20],
        "var": [4.91014957428, 18.8893680573, 40.7941436768, 71.190788269, 43.8755378723, 159.279327393, 336.368347168, 1197.70959473, 1338.88354492, 1623.7557373, 6187.09228516, 7273.90380859, 2652.81103516, 4843.18457031, 2168.62133789, 6905.04345703, 4170.29443359, 4393.56835938, 7705.15185547, 2585.69873047, 2678.91308594, 1990.76025391, 824.39453125, 773.208496094, 1061.46691895, 953.992431641, 941.571044922, 730.10949707, 650.409057617, 765.005981445, 577.027099609, 487.651702881, 210.031707764, 103.72077179, 54.0888252258, 10.9007997513, 0.708893358707, 0.0156149854884, 6.17705381956e-06, 1.41548941457e-08]
    },
    "gfcc": {
        "mean": [26.3242969513, 34.421913147, -126.1014328, 29.2991104126, -60.8730049133, 28.7865352631, -30.4421825409, 24.530122757, -15.478925705, 19.898891449, -8.1560344696, 12.0908060074, -7.15487718582],
        "cov": [[18985.0078125, -446.406829834, 895.208312988, 2120.89257812, 40.8186798096, 829.239990234, -315.272216797, 114.140235901, -419.319793701, 87.3007125854, -452.788269043, 131.867874146, -207.998168945], [-446.406829834, 2143.78417969, -89.3454208374, -9.29564094543, 143.40864563, -69.1962280273, 70.9298324585, -152.217910767, 98.8731079102, -120.504356384, 159.685256958, -75.6914825439, 104.186599731], [895.208312988, -89.3454208374, 1022.94470215, 367.938903809, 243.260116577, 233.025421143, 98.1917877197, 17.109746933, 8.88759326935, 54.5902137756, -58.0035400391, 47.7874755859, -20.2889385223], [2120.89257812, -9.29564094543, 367.938903809, 618.463867188, 279.884735107, 258.055206299, 84.8462295532, 61.3551254272, -4.7598028183, 29.4361438751, 5.23482227325, 43.352558136, 13.3918428421], [40.8186798096, 143.40864563, 243.260116577, 279.884735107, 380.61114502, 202.317657471, 148.748336792, 43.7592773438, 56.3302764893, 26.902545929, 55.3521842957, 49.1783866882, 34.2468109131], [829.239990234, -69.1962280273, 233.025421143, 258.055206299, 202.317657471, 302.769226074, 149.888504028, 71.3760147095, 37.8711090088, 54.7625999451, 14.7825012207, 46.9516525269, 22.8386936188], [-315.272216797, 70.9298324585, 98.1917877197, 84.8462295532, 148.748336792, 149.888504028, 229.360107422, 125.19103241, 90.4747238159, 34.344959259, 48.4480895996, 28.8771896362, 29.4823951721], [114.140235901, -152.217910767, 17.109746933, 61.3551254272, 43.7592773438, 71.3760147095, 125.19103241, 189.206985474, 100.819145203, 51.3744163513, 10.4661474228, 13.9280548096, 9.63695049286], [-419.319793701, 98.8731079102, 8.88759326935, -4.7598028183, 56.3302764893, 37.8711090088, 90.4747238159, 100.819145203, 160.283798218, 80.7328262329, 44.3150520325, 3.07099676132, 25.7350673676], [87.3007125854, -120.504356384, 54.5902137756, 29.4361438751, 26.902545929, 54.7625999451, 34.344959259, 51.3744163513, 80.7328262329, 128.585845947, 58.4608688354, 33.3495597839, 3.32059407234], [-452.788269043, 159.685256958, -58.0035400391, 5.23482227325, 55.3521842957, 14.7825012207, 48.4480895996, 10.4661474228, 44.3150520325, 58.4608688354, 150.350738525, 62.1202354431, 43.844909668], [131.867874146, -75.6914825439, 47.7874755859, 43.352558136, 49.1783866882, 46.9516525269, 28.8771896362, 13.9280548096, 3.07099676132, 33.3495597839, 62.1202354431, 111.428031921, 52.7207450867], [-207.998168945, 104.186599731, -20.2889385223, 13.3918428421, 34.2468109131, 22.8386936188, 29.4823951721, 9.63695049286, 25.7350673676, 3.32059407234, 43.844909668, 52.7207450867, 100.570281982]],
        "icov": [[0.000244838418439, -0.000337031262461, 0.00019976303156, -0.000928053283133, 0.00061457825359, -0.000529222772457, 0.00062062399229, -0.000710567168426, 0.000887807400431, -0.00100868858863, 0.00127871637233, -0.00110351108015, 0.00064358394593], [-0.000337031262461, 0.00148399837781, -0.000388606771594, 0.000956782314461, -0.00070335919736, 0.000846081762575, -0.00133543915581, 0.00268455501646, -0.00329041481018, 0.00360675156116, -0.00353082176298, 0.00285073043779, -0.00149078131653], [0.00019976303156, -0.000388606771594, 0.00175874726847, -0.00139415508602, 9.79787000688e-05, -0.000407706596889, -0.000283234199742, 0.000274234305834, 0.000771736958995, -0.00211002863944, 0.00294952280819, -0.00213612173684, 0.00117825332563], [-0.000928053283133, 0.000956782314461, -0.00139415508602, 0.00735315354541, -0.00436435174197, -0.000326996057993, 0.000225683994358, -0.00025304540759, -0.000983812846243, 0.00335046346299, -0.00519391195849, 0.00473309494555, -0.00272814230993], [0.00061457825359, -0.00070335919736, 9.79787000688e-05, -0.00436435174197, 0.00793045107275, -0.00286217103712, -0.000857854087371, 0.000864057685249, -0.00107076065615, 0.000230692021432, 0.00143456237856, -0.00364155485295, 0.0022687013261], [-0.000529222772457, 0.000846081762575, -0.000407706596889, -0.000326996057993, -0.00286217103712, 0.0106389187276, -0.00713999662548, 0.00309632462449, 0.000201643575565, -0.00254480005242, 0.000556364422664, 0.00142963347025, -0.00261427578516], [0.00062062399229, -0.00133543915581, -0.000283234199742, 0.000225683994358, -0.000857854087371, -0.00713999662548, 0.0159240718931, -0.00994420982897, 0.000829735596199, 0.00170250795782, -0.000873129523825, -0.00208980962634, 0.00198573246598], [-0.000710567168426, 0.00268455501646, 0.000274234305834, -0.00025304540759, 0.000864057685249, 0.00309632462449, -0.00994420982897, 0.0183502286673, -0.0123086264357, 0.00514763221145, -0.00243489770219, 0.00183553283568, -0.000923232000787], [0.000887807400431, -0.00329041481018, 0.000771736958995, -0.000983812846243, -0.00107076065615, 0.000201643575565, 0.000829735596199, -0.0123086264357, 0.025850340724, -0.0187524147332, 0.00780835561454, 0.000346357439412, -0.00279482034966], [-0.00100868858863, 0.00360675156116, -0.00211002863944, 0.00335046346299, 0.000230692021432, -0.00254480005242, 0.00170250795782, 0.00514763221145, -0.0187524147332, 0.0287228375673, -0.0160287171602, 0.0030051828362, 0.00207534665242], [0.00127871637233, -0.00353082176298, 0.00294952280819, -0.00519391195849, 0.00143456237856, 0.000556364422664, -0.000873129523825, -0.00243489770219, 0.00780835561454, -0.0160287171602, 0.0242601428181, -0.0136543987319, 0.00257598352619], [-0.00110351108015, 0.00285073043779, -0.00213612173684, 0.00473309494555, -0.00364155485295, 0.00142963347025, -0.00208980962634, 0.00183553283568, 0.000346357439412, 0.0030051828362, -0.0136543987319, 0.0251650791615, -0.0123715950176], [0.00064358394593, -0.00149078131653, 0.00117825332563, -0.00272814230993, 0.0022687013261, -0.00261427578516, 0.00198573246598, -0.000923232000787, -0.00279482034966, 0.00207534665242, 0.00257598352619, -0.0123715950176, 0.018756210804]]
    },
    "melbands": {
        "dmean": [0.0032326830551, 0.00110990030225, 0.000446586258477, 0.000235437168158, 0.000201040515094, 0.000224057570449, 0.000176048939466, 0.000133375418955, 0.0001624723227, 9.97317183646e-05, 8.5431332991e-05, 9.58313030424e-05, 6.31561051705e-05, 9.37624499784e-05, 6.25595203019e-05, 5.54106445634e-05, 4.59076545667e-05, 5.14490639034e-05, 3.87172331102e-05, 2.63422007265e-05, 2.93099237751e-05, 2.5519011615e-05, 1.73858952621e-05, 1.58031180035e-05, 1.21189905258e-05, 1.42603084896e-05, 1.09204211185e-05, 1.13344995043e-05, 1.18942789413e-05, 8.15737257653e-06, 8.23172194941e-06, 6.89460921421e-06, 6.9510965659e-06, 7.61112278269e-06, 7.09264168108e-06, 5.36094466952e-06, 5.82424308959e-06, 4.55446115666e-06, 3.68677797269e-06, 3.21067500408e-06],
        "dmean2": [0.00335211539641, 0.00173537468072, 0.000819995009806, 0.000411166634876, 0.00034963170765, 0.000351886119461, 0.00027931338991, 0.000214039318962, 0.000252634927165, 0.000147420782014, 0.000132990797283, 0.000151522632223, 0.000101651101431, 0.000150270105223, 0.000100445155113, 9.16658682399e-05, 7.42158881621e-05, 8.4224564489e-05, 6.3450926973e-05, 4.27666745964e-05, 4.76118693769e-05, 4.35499787272e-05, 2.81994289253e-05, 2.55830073002e-05, 1.98325360543e-05, 2.31330122915e-05, 1.75488439709e-05, 1.83486499736e-05, 1.97364734049e-05, 1.32667018988e-05, 1.31943515953e-05, 1.1168988749e-05, 1.11143763206e-05, 1.23116706163e-05, 1.15906759675e-05, 8.93748620001e-06, 9.99826534098e-06, 7.60896818974e-06, 6.16429815636e-06, 5.3549738368e-06],
        "dvar": [5.7097782701e-05, 1.46130223584e-05, 3.27854149873e-06, 6.2308976112e-07, 4.88306739044e-07, 3.2843249187e-07, 1.34159378717e-07, 1.16862715061e-07, 1.68703508052e-07, 6.46645688107e-08, 3.06955953988e-08, 4.04961326694e-08, 1.89659985494e-08, 3.56807596802e-08, 1.58466164635e-08, 1.07227222657e-08, 1.1904806918e-08, 1.29314798869e-08, 5.01944974474e-09, 1.85458148838e-09, 2.47833531475e-09, 3.2834013286e-09, 9.9343022697e-10, 6.54440446279e-10, 3.1212021856e-10, 4.10233624848e-10, 2.88509299784e-10, 2.82539658336e-10, 3.55353191317e-10, 1.67850927602e-10, 1.97898489263e-10, 1.44013717618e-10, 1.29627752976e-10, 2.45665016108e-10, 2.09602404877e-10, 1.20080737021e-10, 2.2959169288e-10, 7.90818174834e-11, 6.49114512141e-11, 4.75799850908e-11],
        "dvar2": [7.05836719135e-05, 3.70608868252e-05, 9.35513526201e-06, 1.6996677914e-06, 1.40674785598e-06, 8.27783026125e-07, 3.32461837615e-07, 2.9351036801e-07, 4.29182051676e-07, 1.2215564027e-07, 7.13384977757e-08, 9.33399135761e-08, 4.21543511209e-08, 8.69868017617e-08, 3.83675597959e-08, 2.64958650575e-08, 2.82800840523e-08, 3.24995923506e-08, 1.36092435099e-08, 4.79041117885e-09, 6.32118757338e-09, 9.20060383436e-09, 2.48786635737e-09, 1.65329860913e-09, 7.71039287972e-10, 1.04241959509e-09, 6.90251467095e-10, 7.14684034175e-10, 9.27454224531e-10, 4.06857159074e-10, 4.84701778714e-10, 3.38582856196e-10, 3.02728064838e-10, 6.13085859857e-10, 5.30373023278e-10, 3.17353893164e-10, 6.48618270205e-10, 2.08580555605e-10, 1.7643070338e-10, 1.2957176998e-10],
        "max": [0.120432689786, 0.0550940297544, 0.0242832284421, 0.0113602885976, 0.0110424868762, 0.012324148789, 0.00780783127993, 0.0080681880936, 0.0101490281522, 0.0120200738311, 0.00600621337071, 0.0049132690765, 0.00457467790693, 0.00463349604979, 0.00262894295156, 0.00180628790986, 0.00310638057999, 0.00216632662341, 0.00128976185806, 0.000776643981226, 0.00123432488181, 0.000856245518662, 0.00106223055627, 0.000483605108457, 0.000284563779132, 0.000402073579608, 0.0003350264451, 0.000297636492178, 0.00032241010922, 0.000192100997083, 0.000238727952819, 0.000157668036991, 0.000139216295793, 0.000322441570461, 0.000218754663365, 0.000164738317835, 0.00027417394449, 0.000102688536572, 0.000114672868222, 0.000104656704934],
        "mean": [0.00662276986986, 0.00129686505534, 0.000313458556775, 0.000202106384677, 0.000229161218158, 0.000345885026036, 0.000299560691928, 0.000209418998566, 0.000281936401734, 0.00018150289543, 0.000141680517117, 0.000149086859892, 8.76600097399e-05, 0.000133197710966, 9.52898335527e-05, 8.19565320853e-05, 6.34511379758e-05, 7.09448140697e-05, 5.89544870309e-05, 4.5490127377e-05, 4.87434481329e-05, 3.67452994396e-05, 2.74126941804e-05, 2.66825845756e-05, 2.22652943194e-05, 2.48191117862e-05, 1.94020431081e-05, 2.06125387194e-05, 2.01318252948e-05, 1.32545892484e-05, 1.30518928927e-05, 1.15197699415e-05, 1.2077417523e-05, 1.17480076369e-05, 1.03657612271e-05, 8.28379779705e-06, 8.53541041579e-06, 7.31963609724e-06, 5.84168128626e-06, 5.06160586156e-06],
        "median": [0.00125230522826, 0.000314006523695, 4.14028763771e-05, 3.68749751942e-05, 5.03507508256e-05, 8.6313499196e-05, 0.000101499921584, 7.23956909496e-05, 8.57709310367e-05, 5.21135116287e-05, 6.57305063214e-05, 5.64099536859e-05, 3.71587921109e-05, 6.16767938482e-05, 4.56743764516e-05, 3.96496616304e-05, 2.84251891571e-05, 2.61589648289e-05, 3.10499635816e-05, 2.81489446934e-05, 3.01038598991e-05, 2.27723539865e-05, 1.61970947374e-05, 1.74089727807e-05, 1.53501059685e-05, 1.73873904714e-05, 1.2924294424e-05, 1.4433785509e-05, 1.37211673064e-05, 8.04146111477e-06, 7.29974181013e-06, 6.40891585135e-06, 6.76195350024e-06, 6.26251585345e-06, 5.45863940715e-06, 4.14286159867e-06, 3.90331570088e-06, 3.5902048694e-06, 2.42040073317e-06, 1.89459115063e-06],
        "min": [8.20212702785e-25, 1.65817378986e-24, 2.16345418801e-24, 9.19476155173e-25, 2.51919002715e-24, 2.32562091594e-24, 2.81769499368e-24, 9.80350677684e-25, 2.51180155591e-24, 1.4114322982e-24, 2.91188439412e-24, 2.70114414759e-24, 2.74228225772e-24, 2.58979721968e-24, 2.28639875174e-24, 4.53052520858e-24, 5.23329575106e-24, 5.04513230921e-24, 5.8017753462e-24, 4.00820147057e-24, 3.89915564992e-24, 5.05838714457e-24, 3.30681340682e-24, 5.68656970517e-24, 6.03299244967e-24, 6.45806738744e-24, 4.95852642587e-24, 4.48717217424e-24, 5.58151946501e-24, 5.24417335408e-24, 4.2950092076e-24, 5.74822510137e-24, 6.37168514616e-24, 5.81592198881e-24, 6.13306694968e-24, 6.34964240032e-24, 6.2546812967e-24, 6.78529083523e-24, 7.07429476102e-24, 7.12157356165e-24],
        "var": [0.000200119960937, 1.34969213832e-05, 1.88943249668e-06, 4.41790632522e-07, 3.81234912084e-07, 5.47331751477e-07, 2.95269643402e-07, 2.07418722198e-07, 3.92796323467e-07, 2.48415290116e-07, 6.719601231e-08, 9.2994049794e-08, 3.37760965863e-08, 5.10604749593e-08, 2.45860256598e-08, 1.66155622594e-08, 1.54304018452e-08, 1.92755624795e-08, 7.26946947083e-09, 3.24502091864e-09, 4.00433597392e-09, 2.71596789503e-09, 1.52020174227e-09, 1.03915298588e-09, 5.63950330879e-10, 7.19390047532e-10, 5.11526543345e-10, 4.98904695334e-10, 5.10069986248e-10, 2.55800075566e-10, 2.85701379221e-10, 2.18255372109e-10, 2.1661489269e-10, 2.87175477842e-10, 2.28858751394e-10, 1.37081485052e-10, 2.03799963017e-10, 1.10398634678e-10, 9.12195805003e-11, 7.29202115357e-11]
    },
    "mfcc": {
        "mean": [-607.534301758, 68.6675109863, -5.84112358093, 9.12399768829, -0.3725233078, 7.00712347031, 3.76712036133, 7.47325181961, 5.69844293594, 10.3910942078, 6.04186439514, 9.73239135742, 10.2622509003],
        "cov": [[8931.91308594, 70.1187133789, 280.838684082, 468.230773926, 309.400268555, 256.845855713, 24.9417037964, 55.7030982971, -10.6532325745, -18.4295864105, -95.2153778076, -58.0794487, -38.0599098206], [70.1187133789, 1710.58288574, -28.7870254517, 85.2449264526, 29.8608150482, 37.5465240479, -23.4364109039, 1.06277787685, -65.4337310791, -26.9768028259, -9.19608211517, 24.3537158966, -7.44124698639], [280.838684082, -28.7870254517, 557.940612793, 100.050704956, 94.5897903442, 123.763237, 51.0415916443, 18.0343666077, 46.863155365, 15.3917970657, 33.2986755371, -18.0178318024, -29.5237445831], [468.230773926, 85.2449264526, 100.050704956, 262.348754883, 172.116317749, 92.1489105225, 84.5517807007, 68.7433853149, 24.7302474976, 20.8829078674, 15.1452770233, 25.1927490234, 29.6297054291], [309.400268555, 29.8608150482, 94.5897903442, 172.116317749, 250.779708862, 162.848480225, 95.7859115601, 58.7284126282, 31.1408882141, 15.6215305328, 21.895483017, 16.6615276337, 16.7073917389], [256.845855713, 37.5465240479, 123.763237, 92.1489105225, 162.848480225, 249.626190186, 126.15120697, 63.557094574, 42.43907547, 20.4416027069, 35.4994621277, 23.0513114929, 16.4840106964], [24.9417037964, -23.4364109039, 51.0415916443, 84.5517807007, 95.7859115601, 126.15120697, 183.930770874, 113.500259399, 44.5366783142, 25.9954319, 35.7241783142, 39.8280754089, 39.1580543518], [55.7030982971, 1.06277787685, 18.0343666077, 68.7433853149, 58.7284126282, 63.557094574, 113.500259399, 159.415176392, 94.8771286011, 47.3775520325, 31.6617183685, 30.3708648682, 33.542350769], [-10.6532325745, -65.4337310791, 46.863155365, 24.7302474976, 31.1408882141, 42.43907547, 44.5366783142, 94.8771286011, 148.460357666, 93.0972213745, 48.0826377869, 17.1411037445, 13.7803544998], [-18.4295864105, -26.9768028259, 15.3917970657, 20.8829078674, 15.6215305328, 20.4416027069, 25.9954319, 47.3775520325, 93.0972213745, 143.466094971, 85.8742828369, 28.7437095642, 14.4301347733], [-95.2153778076, -9.19608211517, 33.2986755371, 15.1452770233, 21.895483017, 35.4994621277, 35.7241783142, 31.6617183685, 48.0826377869, 85.8742828369, 119.889221191, 65.4195022583, 22.4154567719], [-58.0794487, 24.3537158966, -18.0178318024, 25.1927490234, 16.6615276337, 23.0513114929, 39.8280754089, 30.3708648682, 17.1411037445, 28.7437095642, 65.4195022583, 110.647697449, 68.4514083862], [-38.0599098206, -7.44124698639, -29.5237445831, 29.6297054291, 16.7073917389, 16.4840106964, 39.1580543518, 33.542350769, 13.7803544998, 14.4301347733, 22.4154567719, 68.4514083862, 116.066841125]],
