{
"lowlevel": {
    "average_loudness": 0.933871507645,
    "barkbands_crest": {
        "dmean": 2.99228143692,
        "dmean2": 4.36857414246,
        "dvar": 10.2808227539,
        "dvar2": 16.9848403931,
        "max": 26.5547351837,
        "mean": 10.5403347015,
        "median": 8.13227081299,
        "min": 1.80226290226,
        "var": 45.5741691589
    },
    "barkbands_flatness_db": {
        "dmean": 0.02830744721,
        "dmean2": 0.0395608469844,
        "dvar": 0.00107883871533,
        "dvar2": 0.00188845139928,
        "max": 0.945789217949,
        "mean": 0.113065198064,
        "median": 0.0929183363914,
        "min": 0.0109600443393,
        "var": 0.00603303685784
    },
    "barkbands_kurtosis": {
        "dmean": 5.09421825409,
        "dmean2": 7.49901103973,
        "dvar": 1126.75561523,
        "dvar2": 2644.06079102,
        "max": 2698.90307617,
        "mean": 6.15191221237,
        "median": -0.0856049060822,
        "min": -1.95141541958,
        "var": 2125.59716797
    },
    "barkbands_skewness": {
        "dmean": 0.763335883617,
        "dmean2": 1.03862512112,
        "dvar": 1.06743264198,
        "dvar2": 1.92626976967,
        "max": 44.5062103271,
        "mean": 1.39532911777,
        "median": 0.901088118553,
        "min": -5.90395402908,
        "var": 4.47326135635
    },
    "barkbands_spread": {
        "dmean": 11.3596439362,
        "dmean2": 17.0398044586,
        "dvar": 172.438949585,
        "dvar2": 365.593109131,
        "max": 133.241622925,
        "mean": 43.6306419373,
        "median": 42.4198989868,
        "min": 0.0412741266191,
        "var": 631.601135254
    },
    "dissonance": {
        "dmean": 0.0113726174459,
        "dmean2": 0.019242817536,
        "dvar": 0.000199094007257,
        "dvar2": 0.00052626861725,
        "max": 0.500000059605,
        "mean": 0.479280561209,
        "median": 0.486836522818,
        "min": 0.263664126396,
        "var": 0.000581698084716
    },
    "dynamic_complexity": 1.83143150806,
    "erbbands_crest": {
        "dmean": 1.75837659836,
        "dmean2": 2.87757706642,
        "dvar": 3.40265798569,
        "dvar2": 8.34429073334,
        "max": 33.448890686,
        "mean": 6.03597402573,
        "median": 5.27648162842,
        "min": 1.91764211655,
        "var": 8.22640228271
    },
    "erbbands_flatness_db": {
        "dmean": 0.0152777098119,
        "dmean2": 0.0223142486066,
        "dvar": 0.000284386886051,
        "dvar2": 0.000543376314454,
        "max": 0.401203840971,
        "mean": 0.11841442436,
        "median": 0.102648615837,
        "min": 0.026768302545,
        "var": 0.00292781577446
    },
    "erbbands_kurtosis": {
        "dmean": 0.91180562973,
        "dmean2": 1.42119085789,
        "dvar": 24.6590194702,
        "dvar2": 65.0998764038,
        "max": 375.577789307,
        "mean": 0.239968672395,
        "median": -0.198890447617,
        "min": -1.87542426586,
        "var": 26.3260765076
    },
    "erbbands_skewness": {
        "dmean": 0.351465910673,
        "dmean2": 0.538238227367,
        "dvar": 0.159166902304,
        "dvar2": 0.349467903376,
        "max": 17.8710269928,
        "mean": -0.36935532093,
        "median": -0.448434233665,
        "min": -6.0439043045,
        "var": 0.614498257637
    },
    "erbbands_spread": {
        "dmean": 11.1675662994,
        "dmean2": 16.6423664093,
        "dvar": 168.636169434,
        "dvar2": 331.476593018,
        "max": 200.791046143,
        "mean": 53.6214103699,
        "median": 49.5740585327,
        "min": 2.18194723129,
        "var": 618.993896484
    },
    "hfc": {
        "dmean": 28.0991535187,
        "dmean2": 41.17552948,
        "dvar": 1590.64904785,
        "dvar2": 3422.56713867,
        "max": 441.735961914,
        "mean": 68.2865066528,
        "median": 46.7878952026,
        "min": 1.19841225698e-16,
        "var": 3747.7746582
    },
    "melbands_crest": {
        "dmean": 4.34998130798,
        "dmean2": 6.52759742737,
        "dvar": 18.4315376282,
        "dvar2": 38.6574020386,
        "max": 39.9890327454,
        "mean": 17.3270549774,
        "median": 14.8975057602,
        "min": 1.00288248062,
        "var": 86.2135238647
    },
    "melbands_flatness_db": {
        "dmean": 0.0368506386876,
        "dmean2": 0.0500279031694,
        "dvar": 0.00165478710551,
        "dvar2": 0.0028043303173,
        "max": 1,
        "mean": 0.166297882795,
        "median": 0.145126521587,
        "min": 7.76579511808e-08,
        "var": 0.0107360826805
    },
    "melbands_kurtosis": {
        "dmean": 171.708740234,
        "dmean2": 284.132720947,
        "dvar": 42185680,
        "dvar2": 112832976,
        "max": 541428.375,
        "mean": 194.449829102,
        "median": 7.18786382675,
        "min": -1.90979099274,
        "var": 44068216
    },
    "melbands_skewness": {
        "dmean": 1.46416497231,
        "dmean2": 2.01849627495,
        "dvar": 24.9809207916,
        "dvar2": 58.2933273315,
        "max": 394.171051025,
        "mean": 4.12484502792,
        "median": 2.56078052521,
        "min": -2.95734190941,
        "var": 88.1913604736
    },
    "melbands_spread": {
        "dmean": 15.874663353,
        "dmean2": 22.7755317688,
        "dvar": 392.104919434,
        "dvar2": 719.079101562,
        "max": 283.105529785,
        "mean": 46.5282974243,
        "median": 35.2528686523,
        "min": 0.000417023606133,
        "var": 1632.73205566
    },
    "pitch_salience": {
        "dmean": 0.0988918915391,
        "dmean2": 0.148471921682,
        "dvar": 0.0135768903419,
        "dvar2": 0.0257924310863,
        "max": 0.997743964195,
        "mean": 0.520150959492,
        "median": 0.585206210613,
        "min": 0.00140776182525,
        "var": 0.0412060320377
    },
    "silence_rate_20dB": {
        "dmean": 0,
        "dmean2": 0,
        "dvar": 0,
        "dvar2": 0,
        "max": 1,
        "mean": 1,
        "median": 1,
        "min": 1,
        "var": 0
    },
    "silence_rate_30dB": {
        "dmean": 0.0699209645391,
        "dmean2": 0.139854937792,
        "dvar": 0.0650279372931,
        "dvar2": 0.131253764033,
        "max": 1,
        "mean": 0.888992190361,
        "median": 1,
        "min": 0,
        "var": 0.0986885279417
    },
    "silence_rate_60dB": {
        "dmean": 0.0092980004847,
        "dmean2": 0.0185977313668,
        "dvar": 0.00921150576323,
        "dvar2": 0.0229017380625,
        "max": 1,
        "mean": 0.0312383789569,
        "median": 0,
        "min": 0,
        "var": 0.0302629768848
    },
    "spectral_centroid": {
        "dmean": 372.606781006,
        "dmean2": 546.917114258,
        "dvar": 159462.703125,
        "dvar2": 302797.8125,
        "max": 11388.5947266,
        "mean": 2437.39990234,
        "median": 2608.75488281,
        "min": 13.7136898041,
        "var": 927237.6875
    },
    "spectral_complexity": {
        "dmean": 7.14309644699,
        "dmean2": 10.8002605438,
        "dvar": 60.877155304,
        "dvar2": 120.828842163,
        "max": 61,
        "mean": 27.9520263672,
        "median": 28,
        "min": 0,
        "var": 179.439224243
    },
    "spectral_decrease": {
        "dmean": 3.99197341849e-09,
        "dmean2": 5.4250155479e-09,
        "dvar": 2.90346416881e-17,
        "dvar2": 4.91420027897e-17,
        "max": 1.26804189371e-09,
        "mean": -1.10605746784e-08,
        "median": -6.96579904869e-09,
        "min": -7.61528795579e-08,
        "var": 1.19653144679e-16
    },
    "spectral_energy": {
        "dmean": 0.0160503145307,
        "dmean2": 0.0224261619151,
        "dvar": 0.000425717997132,
        "dvar2": 0.000739608192816,
        "max": 0.291273921728,
        "mean": 0.0479389801621,
        "median": 0.0351094231009,
        "min": 1.07386251176e-20,
        "var": 0.00171167263761
    },
    "spectral_energyband_high": {
        "dmean": 0.00270974985324,
        "dmean2": 0.00393307115883,
        "dvar": 1.44442356032e-05,
        "dvar2": 2.97631777357e-05,
        "max": 0.0440846346319,
        "mean": 0.00635289167985,
        "median": 0.00422665243968,
        "min": 7.87256627197e-21,
        "var": 4.07573788834e-05
    },
    "spectral_energyband_low": {
        "dmean": 0.0132428966463,
        "dmean2": 0.0178343877196,
        "dvar": 0.000557034683879,
        "dvar2": 0.000944626983255,
        "max": 0.282715886831,
        "mean": 0.0275927204639,
        "median": 0.0069848401472,
        "min": 3.10359999774e-23,
        "var": 0.00177418300882
    },
    "spectral_energyband_middle_high": {
        "dmean": 0.00240427278914,
        "dmean2": 0.00389709952287,
        "dvar": 1.07466039481e-05,
        "dvar2": 2.7559181035e-05,
        "max": 0.0487443841994,
        "mean": 0.005465275608,
        "median": 0.00442684721202,
        "min": 1.42176575128e-21,
        "var": 1.86856832443e-05
    },
    "spectral_energyband_middle_low": {
        "dmean": 0.00649542035535,
        "dmean2": 0.0110910786316,
        "dvar": 0.000183355543413,
        "dvar2": 0.000495462736581,
        "max": 0.216624826193,
        "mean": 0.00926629733294,
        "median": 0.00474403472617,
        "min": 2.68536658239e-22,
        "var": 0.000175715089426
    },
    "spectral_entropy": {
        "dmean": 0.142636731267,
        "dmean2": 0.21833525598,
        "dvar": 0.0302323196083,
        "dvar2": 0.0701048001647,
        "max": 9.79336166382,
        "mean": 8.07275485992,
        "median": 8.21807670593,
        "min": 3.9325106144,
        "var": 0.271812796593
    },
    "spectral_flux": {
        "dmean": 0.0374638177454,
        "dmean2": 0.0509435273707,
        "dvar": 0.00181346642785,
        "dvar2": 0.00316788838245,
        "max": 0.553044497967,
        "mean": 0.121231392026,
        "median": 0.105952426791,
        "min": 6.80076064907e-11,
        "var": 0.00492572272196
    },
    "spectral_kurtosis": {
        "dmean": 1.23618471622,
        "dmean2": 2.07257795334,
        "dvar": 16.1358966827,
        "dvar2": 47.5086326599,
        "max": 171.441970825,
        "mean": 3.78304815292,
        "median": 1.74576354027,
        "min": -1.21782791615,
        "var": 153.304824829
    },
    "spectral_rms": {
        "dmean": 0.00113140942995,
        "dmean2": 0.00159633369185,
        "dvar": 1.53338373821e-06,
        "dvar2": 2.63440142589e-06,
        "max": 0.0168573334813,
        "mean": 0.00624808063731,
        "median": 0.00585261452943,
        "min": 3.23677412997e-12,
        "var": 7.7311633504e-06
    },
    "spectral_rolloff": {
        "dmean": 1465.81555176,
        "dmean2": 2232.2265625,
        "dvar": 4478696.5,
        "dvar2": 8415954,
        "max": 18949.21875,
        "mean": 4086.45922852,
        "median": 3617.578125,
        "min": 21.533203125,
        "var": 14140729
    },
    "spectral_skewness": {
        "dmean": 0.168209061027,
        "dmean2": 0.27137234807,
        "dvar": 0.068403467536,
        "dvar2": 0.194711387157,
        "max": 10.3928127289,
        "mean": 1.23136591911,
        "median": 1.09701919556,
        "min": -0.225439548492,
        "var": 0.737078070641
    },
    "spectral_spread": {
        "dmean": 705950.3125,
        "dmean2": 1018425.625,
        "dvar": 705131446272,
        "dvar2": 1.40349787341e+12,
        "max": 41592896,
        "mean": 6495261.5,
        "median": 6676661,
        "min": 551332.125,
        "var": 4.30511122022e+12
    },
    "spectral_strongpeak": {
        "dmean": 0.523384809494,
        "dmean2": 0.896766364574,
        "dvar": 1.53634226322,
        "dvar2": 4.08833026886,
        "max": 24.6608161926,
        "mean": 0.818943798542,
        "median": 0.510314702988,
        "min": 0,
        "var": 2.32833552361
    },
    "zerocrossingrate": {
        "dmean": 0.0265518762171,
        "dmean2": 0.0273654535413,
        "dvar": 0.000842476612888,
        "dvar2": 0.000885131710675,
        "max": 0.87548828125,
        "mean": 0.129879355431,
        "median": 0.11865234375,
        "min": 0.00048828125,
        "var": 0.00716293184087
    },
    "barkbands": {
        "dmean": [0.00110272376332, 0.0114170825109, 0.00354003277607, 0.00182293425314, 0.0024313677568, 0.00144306779839, 0.000986546860076, 0.00077643932309, 0.000869493407663, 0.000430725107435, 0.000400918885134, 0.000309743802063, 0.00042375238263, 0.000377587188268, 0.000340734404745, 0.000289778254228, 0.000285342190182, 0.000268731848337, 0.000370865891455, 0.000456368143205, 0.000522228947375, 0.000489540514536, 0.000448790349765, 0.000490184000228, 0.000499565037899, 0.000623471045401, 0.000115347764222],
        "dmean2": [0.00163710501511, 0.0155595578253, 0.00616040918976, 0.00330608035438, 0.00428840052336, 0.00252720783465, 0.00169377774, 0.00133533589542, 0.00144876446575, 0.000724158482626, 0.000670124660246, 0.00052670534933, 0.000726315542124, 0.000640711397864, 0.000564114830922, 0.000463256525109, 0.000460122450022, 0.000438869930804, 0.000585663714446, 0.000725204241462, 0.000825278460979, 0.000778093526606, 0.000667452055495, 0.000726658734493, 0.000737552763894, 0.000924104009755, 0.000181046954822],
        "dvar": [3.58003580914e-06, 0.000534493301529, 8.72146483744e-05, 2.50621014857e-05, 3.44350592059e-05, 1.03073762148e-05, 4.264295967e-06, 2.88326236841e-06, 1.26378581626e-05, 1.42886381127e-06, 6.36259926523e-07, 3.25750846741e-07, 4.9728095064e-07, 4.46825794143e-07, 2.61565759274e-07, 1.65502640925e-07, 1.81723663673e-07, 1.48124229327e-07, 2.71705232535e-07, 3.13451295142e-07, 5.16713214438e-07, 6.07892673088e-07, 4.45174180186e-07, 5.89606486301e-07, 7.3698555525e-07, 2.11557062357e-06, 7.64324568081e-08],
        "dvar2": [8.86222278496e-06, 0.000931485265028, 0.000236121151829, 7.2061746323e-05, 9.73516434897e-05, 2.83402187051e-05, 1.13899532153e-05, 7.35882167646e-06, 3.13668861054e-05, 4.11209884987e-06, 1.68641668097e-06, 8.37357276851e-07, 1.34204185542e-06, 1.1875696373e-06, 6.724379773e-07, 4.16285132587e-07, 4.4870270699e-07, 3.59902060154e-07, 6.37747007204e-07, 7.15136707186e-07, 1.25353142266e-06, 1.41794873798e-06, 9.3418321967e-07, 1.22037010897e-06, 1.56815110586e-06, 4.91523769597e-06, 1.89048918742e-07],
        "max": [0.0291517116129, 0.236676037312, 0.151942357421, 0.0641012489796, 0.0748381093144, 0.0408249646425, 0.0319408625364, 0.072226472199, 0.215446874499, 0.0424630306661, 0.0278974212706, 0.023572627455, 0.0158914234489, 0.0161792952567, 0.00773430243134, 0.00889346655458, 0.00922008790076, 0.00845139008015, 0.00830042082816, 0.0173361767083, 0.0199036914855, 0.0131744667888, 0.0141964284703, 0.0185017939657, 0.0189669970423, 0.0171444229782, 0.0111793261021],
        "mean": [0.00175202684477, 0.0216533504426, 0.00355833489448, 0.00168352015316, 0.00265364861116, 0.00164050934836, 0.00111704028677, 0.000923398241866, 0.00110057683196, 0.000557656923775, 0.000512596219778, 0.000407778221415, 0.000554805854335, 0.000489766534884, 0.000503843475599, 0.000493094557896, 0.000476151326438, 0.000453251850558, 0.000655367737636, 0.000921772152651, 0.00101945234928, 0.000898535887245, 0.000913343625143, 0.000987621722743, 0.000951008289121, 0.000921317317989, 0.000139174546348],
        "median": [0.000428315543104, 0.00219565164298, 0.00071450159885, 0.000276621780358, 0.000840680557303, 0.000458959490061, 0.000292695040116, 0.000238567765336, 0.000292008771794, 0.000230421748711, 0.000237853615545, 0.000221757989493, 0.000288476701826, 0.000254255020991, 0.000298477098113, 0.000330541748554, 0.000310060771881, 0.00029473102768, 0.000416415045038, 0.000710080028512, 0.000700340897311, 0.00052400061395, 0.000566892209463, 0.000583534827456, 0.000458399124909, 0.000361835584044, 2.25047788263e-05],
        "min": [6.27824614966e-24, 5.0557038342e-24, 4.80809459555e-24, 5.28796223407e-24, 1.34847315159e-23, 4.68374992205e-23, 1.83436634636e-23, 2.65435065419e-23, 4.70314075418e-23, 4.37544793416e-23, 4.15264616216e-23, 8.18905903419e-23, 7.70424531668e-23, 8.03179614175e-23, 1.00530086111e-22, 1.40231145686e-22, 9.57665148253e-23, 1.94431708513e-22, 2.24661047728e-22, 2.37546112427e-22, 4.12227053658e-22, 5.03730576773e-22, 6.63215482128e-22, 8.74576486455e-22, 1.03842145759e-21, 1.63024818324e-21, 2.32307051128e-21],
        "var": [7.91375077824e-06, 0.00148923532106, 7.29488456273e-05, 1.92447223526e-05, 2.75358852377e-05, 1.12849584184e-05, 4.60520550405e-06, 3.99179270971e-06, 1.48361868924e-05, 1.48600759076e-06, 7.17001512385e-07, 3.86673036701e-07, 6.19373963673e-07, 5.38336678346e-07, 3.85179106388e-07, 3.14425847137e-07, 2.96817887602e-07, 2.58019724697e-07, 5.23348376191e-07, 8.03316197562e-07, 1.43336660585e-06, 1.20327263176e-06, 1.17733577554e-06, 1.46211561969e-06, 1.67499797499e-06, 2.76978153124e-06, 9.80529790695e-08]
    },
    "erbbands": {
        "dmean": [0.433765262365, 2.57820630074, 4.3459405899, 4.74085474014, 7.85197639465, 7.79177427292, 8.92657852173, 13.1276836395, 13.9909505844, 14.7578020096, 16.509557724, 20.6699771881, 15.2249679565, 13.9050703049, 13.6313114166, 13.0370597839, 18.4165248871, 17.9989833832, 16.7853813171, 15.9127817154, 16.2079772949, 15.1943597794, 14.941286087, 18.0047206879, 18.2947483063, 20.9799289703, 21.901599884, 20.0484428406, 18.0660381317, 14.3654489517, 12.9640665054, 10.8696241379, 8.17411804199, 5.8401350975, 3.67200803757, 2.11381793022, 1.28819513321, 0.271055400372, 0.0187260657549, 0.000297919264995],
        "dmean2": [0.530183255672, 3.63568782806, 7.27016019821, 8.24789428711, 14.1485157013, 13.6585321426, 15.811709404, 22.9642982483, 24.5169582367, 25.1663627625, 28.5092067719, 33.9705734253, 25.7978248596, 23.124414444, 22.800447464, 22.1916618347, 31.6802997589, 31.1064147949, 27.8104572296, 26.2193450928, 25.7464981079, 24.4551239014, 24.4391422272, 28.218755722, 29.2976589203, 32.9688186646, 35.1686782837, 31.3003616333, 28.8766002655, 22.1610946655, 19.664522171, 16.2509212494, 12.29271698, 8.75449085236, 5.46295928955, 3.11713695526, 1.92173457146, 0.41194075346, 0.0297201909125, 0.00046325448784],
        "dvar": [0.613829433918, 33.1354675293, 127.446365356, 148.502532959, 437.815612793, 319.659637451, 483.021484375, 841.181152344, 1012.90020752, 899.152954102, 1623.59753418, 8116.99511719, 2291.95922852, 978.145446777, 659.95715332, 557.157226562, 953.701538086, 1028.18200684, 689.751525879, 514.491394043, 521.312255859, 538.343444824, 443.200469971, 687.545532227, 574.091796875, 735.872192383, 971.891601562, 837.618713379, 835.321960449, 550.878723145, 381.3230896, 303.427246094, 165.793380737, 97.4793319702, 44.415145874, 15.8377742767, 10.6942644119, 0.377419650555, 0.00163944077212, 3.39646135217e-07],
        "dvar2": [0.903766572475, 66.5480194092, 330.565185547, 405.466430664, 1260.09008789, 896.186340332, 1331.36621094, 2318.66064453, 2775.14868164, 2379.21899414, 3952.54052734, 20018.2949219, 6988.78613281, 2589.03393555, 1714.1361084, 1451.15356445, 2594.90673828, 2860.48852539, 1821.55700684, 1306.23510742, 1284.51611328, 1323.59313965, 1079.46813965, 1565.42602539, 1360.65222168, 1687.32336426, 2539.10986328, 1819.5357666, 2027.72180176, 1189.61657715, 827.462402344, 645.975524902, 351.670318604, 207.467498779, 98.6045913696, 34.9819908142, 25.1068344116, 0.911627829075, 0.00394115783274, 8.02631859642e-07],
        "max": [10.8240070343, 61.8000335693, 171.133148193, 171.812393188, 311.884399414, 234.220932007, 302.209533691, 408.069824219, 436.3515625, 543.648376465, 2232.31884766, 5784.05322266, 1611.93896484, 1308.53259277, 541.548583984, 940.983520508, 591.487121582, 382.658569336, 558.981323242, 280.604003906, 430.349639893, 497.154174805, 373.254333496, 579.757263184, 422.844421387, 908.711730957, 1029.95019531, 918.758056641, 573.985107422, 565.409423828, 397.449493408, 508.259124756, 257.031585693, 238.725494385, 155.55619812, 67.3795547485, 41.4652481079, 21.6332263947, 1.27538442612, 0.0169216636568],
        "mean": [0.887943744659, 3.78230142593, 4.52661085129, 5.04050731659, 7.53314495087, 9.33305072784, 10.0882043839, 14.592048645, 14.9442138672, 18.2291126251, 19.910490036, 26.8477420807, 20.3225345612, 18.9060649872, 18.101568222, 17.8702774048, 24.6458110809, 24.0646533966, 25.9500694275, 26.3798599243, 28.8639602661, 26.7498435974, 25.6408309937, 31.9944324493, 33.8817253113, 42.6436042786, 41.7766227722, 39.8366470337, 32.8529281616, 27.3110904694, 26.0242271423, 21.6829090118, 15.6665449142, 10.7994823456, 6.80484199524, 3.57323455811, 1.77833771706, 0.381339341402, 0.0229885894805, 0.000463567208499],
        "median": [0.0747699663043, 0.472935199738, 1.1301612854, 1.22374737263, 1.82235407829, 2.86921215057, 2.77314424515, 4.22772502899, 4.10306501389, 5.33112430573, 6.32553625107, 6.85546684265, 7.73791408539, 9.71702289581, 9.95203590393, 9.97435665131, 13.394071579, 13.625828743, 16.8695793152, 17.3529891968, 19.8801612854, 18.0421485901, 16.7486686707, 19.0744667053, 24.6215324402, 32.1838989258, 30.6381187439, 24.9027709961, 19.5796508789, 15.8943157196, 16.2843379974, 13.2546272278, 8.82758522034, 5.15028858185, 3.24854683876, 1.66427826881, 0.611869692802, 0.121810570359, 0.00422589574009, 0.000205877775443],
        "min": [2.35051317726e-22, 1.11138409886e-21, 6.04038544897e-21, 9.94526843732e-21, 1.90560635018e-20, 5.24876180897e-20, 2.16225542034e-19, 4.00007793823e-19, 3.16169807567e-19, 1.7734330988e-19, 1.09719686972e-18, 1.0379132488e-18, 1.35098477384e-18, 1.15498805001e-18, 2.17241058747e-18, 3.52448589555e-18, 3.53862489376e-18, 5.1917561013e-18, 4.63534851277e-18, 6.41613354116e-18, 6.74623940334e-18, 6.96866661569e-18, 1.10945028904e-17, 9.32953603687e-18, 1.10792653963e-17, 1.02138070009e-17, 1.57034217418e-17, 1.66970641809e-17, 1.87609823796e-17, 1.83979493523e-17, 1.93515992631e-17, 1.99472040457e-17, 1.2659380544e-17, 1.07860745369e-17, 8.51058338987e-18, 5.80547241702e-18, 3.13765178016e-18, 1.31667187446e-18, 2.96072575705e-19, 3.55385807098e-20],
        "var": [2.5422000885, 58.0430984497, 112.810119629, 138.987609863, 304.632263184, 322.201690674, 569.399353027, 778.425231934, 942.11529541, 1192.56079102, 2009.84851074, 9318.42089844, 2447.67358398, 1041.89599609, 757.448364258, 651.853515625, 1135.80041504, 1062.21020508, 962.391967773, 853.050964355, 973.198608398, 900.09777832, 788.857910156, 1399.51757812, 1103.17028809, 1897.24707031, 2087.44116211, 2865.9621582, 1562.85241699, 1212.20715332, 964.62121582, 734.678405762, 378.388092041, 214.856399536, 93.7299346924, 27.3185138702, 13.0277824402, 0.487603217363, 0.00232868152671, 5.25243137872e-07]
    },
    "gfcc": {
        "mean": [46.8440971375, 24.7707099915, -96.6029129028, 38.9883842468, -52.4144706726, 20.4129333496, -31.3753261566, 13.7351446152, -22.8973121643, 11.4996261597, -17.1490573883, 4.46593999863, -12.0397386551],
        "cov": [[11537.1474609, -3092.34350586, 295.040985107, 979.593688965, -348.296722412, 579.247375488, -40.0356750488, 417.1534729, -120.135040283, 353.326568604, -159.043624878, 293.37109375, -123.854431152], [-3092.34350586, 3592.98193359, -619.030212402, -255.585617065, 74.522857666, -608.418273926, 16.009552002, -448.843383789, 74.7078018188, -399.466156006, 89.0659866333, -358.150054932, 65.8164596558], [295.040985107, -619.030212402, 1236.43859863, 354.758544922, 199.926544189, 247.881072998, -50.67395401, 114.806610107, -70.7272949219, 194.313201904, -14.2882652283, 154.003601074, -53.0189628601], [979.593688965, -255.585617065, 354.758544922, 901.456176758, 212.592788696, 355.844421387, 101.878501892, 109.524101257, 25.7548236847, 96.5856246948, 77.1356506348, 19.1798038483, 36.2807197571], [-348.296722412, 74.522857666, 199.926544189, 212.592788696, 473.496520996, 226.784423828, 133.553497314, 50.8884468079, 65.886932373, 51.7816123962, 48.7655563354, 43.5211601257, 13.6054105759], [579.247375488, -608.418273926, 247.881072998, 355.844421387, 226.784423828, 488.394561768, 139.274124146, 190.900131226, 44.3845405579, 134.490112305, 40.7849464417, 92.3346328735, 6.30528020859], [-40.0356750488, 16.009552002, -50.67395401, 101.878501892, 133.553497314, 139.274124146, 254.983734131, 131.907119751, 111.012054443, 32.6692733765, 44.3235549927, 7.24560070038, 33.9339637756], [417.1534729, -448.843383789, 114.806610107, 109.524101257, 50.8884468079, 190.900131226, 131.907119751, 257.094604492, 90.6547546387, 108.072555542, 13.3066616058, 73.185218811, 17.1106300354], [-120.135040283, 74.7078018188, -70.7272949219, 25.7548236847, 65.886932373, 44.3845405579, 111.012054443, 90.6547546387, 178.440444946, 62.9933624268, 54.9751281738, 18.2131347656, 35.8463058472], [353.326568604, -399.466156006, 194.313201904, 96.5856246948, 51.7816123962, 134.490112305, 32.6692733765, 108.072555542, 62.9933624268, 193.751144409, 62.8861122131, 94.7646026611, 7.41656112671], [-159.043624878, 89.0659866333, -14.2882652283, 77.1356506348, 48.7655563354, 40.7849464417, 44.3235549927, 13.3066616058, 54.9751281738, 62.8861122131, 138.202133179, 45.1671524048, 45.4986763], [293.37109375, -358.150054932, 154.003601074, 19.1798038483, 43.5211601257, 92.3346328735, 7.24560070038, 73.185218811, 18.2131347656, 94.7646026611, 45.1671524048, 155.266876221, 39.447517395], [-123.854431152, 65.8164596558, -53.0189628601, 36.2807197571, 13.6054105759, 6.30528020859, 33.9339637756, 17.1106300354, 35.8463058472, 7.41656112671, 45.4986763, 39.447517395, 99.7713775635]],
        "icov": [[0.000146239748574, 7.27429578546e-05, 0.0001183830027, -0.000251593854045, 0.00014840226504, 5.37930609426e-05, -4.60698611278e-05, 1.32154944765e-08, 4.92319813929e-05, -0.000126780942082, 0.000279592204606, -0.000347589782905, 0.00028164521791], [7.27429578546e-05, 0.000726450874936, -6.88890067977e-05, -6.85400009388e-05, -0.000299058592645, 0.000581329455599, -0.000185195953236, 0.000570739153773, -0.000574654550292, 0.000844976108056, -0.000779864378273, 0.000949470500927, -0.000307558773784], [0.0001183830027, -6.88890067977e-05, 0.0015649672132, -0.000747990445234, -0.000399849959649, 0.000263516645646, 0.000373507238692, -0.000445789803052, 0.00099532387685, -0.00141361553688, 0.00113219337072, -0.00156567594968, 0.00113351957407], [-0.000251593854045, -6.85400009388e-05, -0.000747990445234, 0.00240893382579, -0.000357247976353, -0.00144784280565, 0.000203080329811, -1.55921475198e-06, 6.05675668339e-05, 0.000299795472529, -0.00155050400645, 0.00242319796234, -0.00176421739161], [0.00014840226504, -0.000299058592645, -0.000399849959649, -0.000357247976353, 0.00388767919503, -0.00176540634129, -0.00153297511861, 0.00152616098057, -0.000928212306462, 0.000140025877045, 0.000560888904147, -0.00156700145453, 0.000826872186735], [5.37930609426e-05, 0.000581329455599, 0.000263516645646, -0.00144784280565, -0.00176540634129, 0.00573013210669, -0.00112595548853, -0.00187077617738, 0.00119392934721, -0.000726484053303, -0.00023140751, -0.000688556290697, 0.00093503302196], [-4.60698611278e-05, -0.000185195953236, 0.000373507238692, 0.000203080329811, -0.00153297511861, -0.00112595548853, 0.00857896544039, -0.00397757254541, -0.00236603734083, 0.00158769835252, -0.0015433919616, 0.00186694180593, -0.00106814946048], [1.32154944765e-08, 0.000570739153773, -0.000445789803052, -1.55921475198e-06, 0.00152616098057, -0.00187077617738, -0.00397757254541, 0.0103778308257, -0.0033043154981, -0.00157632923219, 0.00253869220614, -0.00155798473861, -0.000366998079699], [4.92319813929e-05, -0.000574654550292, 0.00099532387685, 6.05675668339e-05, -0.000928212306462, 0.00119392934721, -0.00236603734083, -0.0033043154981, 0.0114591363817, -0.00441253045574, -0.000797622022219, 0.000727010599803, -0.00134315481409], [-0.000126780942082, 0.000844976108056, -0.00141361553688, 0.000299795472529, 0.000140025877045, -0.000726484053303, 0.00158769835252, -0.00157632923219, -0.00441253045574, 0.0137371430174, -0.00571471778676, -0.0021482121665, 0.00220177392475], [0.000279592204606, -0.000779864378273, 0.00113219337072, -0.00155050400645, 0.000560888904147, -0.00023140751, -0.0015433919616, 0.00253869220614, -0.000797622022219, -0.00571471778676, 0.0141740972176, -0.00445241341367, -0.00193733070046], [-0.000347589782905, 0.000949470500927, -0.00156567594968, 0.00242319796234, -0.00156700145453, -0.000688556290697, 0.00186694180593, -0.00155798473861, 0.000727010599803, -0.0021482121665, -0.00445241341367, 0.0164527315646, -0.00745774386451], [0.00028164521791, -0.000307558773784, 0.00113351957407, -0.00176421739161, 0.000826872186735, 0.00093503302196, -0.00106814946048, -0.000366998079699, -0.00134315481409, 0.00220177392475, -0.00193733070046, -0.00745774386451, 0.0162247344851]]
    },
    "melbands": {
        "dmean": [0.00339969340712, 0.00253427610733, 0.000898341531865, 0.000577354454435, 0.000308444636175, 0.00028807434137, 0.000212585669942, 0.000164874800248, 0.000134171321406, 0.000132455854327, 7.64205979067e-05, 5.65873706364e-05, 4.92029757879e-05, 3.58915458492e-05, 3.91004541598e-05, 4.30273321399e-05, 3.4468161175e-05, 2.86678859993e-05, 2.74570193142e-05, 2.0303457859e-05, 2.05293181352e-05, 1.78515238076e-05, 1.42177013913e-05, 1.2799504475e-05, 1.6092966689e-05, 1.44216801345e-05, 1.56647474796e-05, 1.52521315613e-05, 1.51971198648e-05, 1.36727967401e-05, 1.20095028251e-05, 1.11695389933e-05, 1.02150879684e-05, 8.16530609882e-06, 7.78537742008e-06, 7.81815106166e-06, 6.90014712745e-06, 6.22947436568e-06, 5.47929039385e-06, 5.07828826812e-06],
        "dmean2": [0.0044117635116, 0.00381076894701, 0.00156337977387, 0.00102078146301, 0.000546835013665, 0.000504496099893, 0.000369910965674, 0.000281455373624, 0.000230898920563, 0.000217999142478, 0.000129765932797, 9.40611498663e-05, 8.27167168609e-05, 6.0371519794e-05, 6.67057611281e-05, 7.4003910413e-05, 5.92717478867e-05, 4.7396577429e-05, 4.55349618278e-05, 3.3004933357e-05, 3.2900217775e-05, 2.894311001e-05, 2.33967912209e-05, 2.09870722756e-05, 2.53446196439e-05, 2.35346651607e-05, 2.53269972745e-05, 2.42113801505e-05, 2.47703555942e-05, 2.19513458433e-05, 1.88850372069e-05, 1.81149298442e-05, 1.66180125234e-05, 1.2556085494e-05, 1.20457762023e-05, 1.19278265629e-05, 1.05145927591e-05, 9.60849683906e-06, 8.30106910144e-06, 7.74984710006e-06],
        "dvar": [4.08680716646e-05, 3.4309385228e-05, 5.19246532349e-06, 1.88937178791e-06, 5.73191357489e-07, 4.05388902891e-07, 2.21189111471e-07, 1.09301680595e-07, 1.2811239003e-07, 3.68714751176e-07, 5.77266554558e-08, 1.68650533539e-08, 9.22035781059e-09, 4.63989469068e-09, 4.98748242705e-09, 5.42514833057e-09, 3.845512353e-09, 2.3099437918e-09, 1.8936785473e-09, 8.65981619746e-10, 9.22235177114e-10, 8.06753663873e-10, 4.25221469147e-10, 3.55792811879e-10, 5.79873982165e-10, 4.7140863435e-10, 4.432979539e-10, 4.04571098844e-10, 4.49393855462e-10, 4.36092828515e-10, 2.96314722759e-10, 3.67521652e-10, 2.79647610624e-10, 1.73047395857e-10, 1.48194387317e-10, 1.4207951482e-10, 1.33846655981e-10, 9.26034179893e-11, 8.99378210795e-11, 7.44610414993e-11],
        "dvar2": [6.33863601252e-05, 7.95430823928e-05, 1.43791066876e-05, 5.3731528169e-06, 1.60540582783e-06, 1.12221061954e-06, 6.03970477187e-07, 2.89601246095e-07, 3.01710599615e-07, 9.24136486447e-07, 1.76797257723e-07, 4.4858566639e-08, 2.43387177079e-08, 1.17349205908e-08, 1.30721273806e-08, 1.4603271481e-08, 1.05297983666e-08, 6.06758776556e-09, 4.87375650948e-09, 2.1930128824e-09, 2.29914931538e-09, 2.00928140792e-09, 1.06881792306e-09, 8.55344184369e-10, 1.34098454563e-09, 1.14830589482e-09, 1.08825015666e-09, 9.58847556909e-10, 1.16523923843e-09, 1.09243369906e-09, 6.66907751246e-10, 9.45534539554e-10, 6.62068788682e-10, 3.78993725292e-10, 3.3291250312e-10, 3.17398662908e-10, 2.9850297234e-10, 2.00439095877e-10, 1.98315044941e-10, 1.63289687327e-10],
        "max": [0.0784513801336, 0.0758589357138, 0.0297422967851, 0.017744731158, 0.00898663885891, 0.00849004462361, 0.00700037740171, 0.0064088748768, 0.0195746812969, 0.0399156585336, 0.00809672940522, 0.00493020983413, 0.00213253404945, 0.00329064764082, 0.00127158570103, 0.00206309463829, 0.000900712970179, 0.00129693932831, 0.000681296514813, 0.000607613474131, 0.000446571502835, 0.000583379238378, 0.000374821800506, 0.000452895008493, 0.000519990164321, 0.000376756041078, 0.000485217664391, 0.000588710303418, 0.000517158245202, 0.00058492802782, 0.000455682806205, 0.000430910440627, 0.000392304762499, 0.000320373597788, 0.000267836177954, 0.000200241745915, 0.000395233277231, 0.000182137053343, 0.000248811440542, 0.000211621882045],
        "mean": [0.00685763638467, 0.00325619569048, 0.000965220446233, 0.000628997629974, 0.000357346812962, 0.000322839099681, 0.000231023572269, 0.000207056786167, 0.000156891721417, 0.000170349347172, 9.90873595583e-05, 7.64278011047e-05, 6.27944900771e-05, 4.91981991217e-05, 4.75942797493e-05, 5.69092517253e-05, 4.35001929873e-05, 4.17858354922e-05, 3.92909132643e-05, 3.38963473041e-05, 3.35135991918e-05, 2.89389663521e-05, 2.290393968e-05, 2.11468286579e-05, 2.66675706371e-05, 2.40569461312e-05, 2.666810542e-05, 2.88577302854e-05, 2.69133070105e-05, 2.40514546022e-05, 2.22520193347e-05, 1.90468545043e-05, 1.63639342645e-05, 1.48215531226e-05, 1.47344107972e-05, 1.47023647514e-05, 1.27641887957e-05, 1.12727202577e-05, 9.75811144599e-06, 8.84491601028e-06],
        "median": [0.000715103582479, 0.000883244036231, 0.000242647831328, 0.000192072970094, 0.000116447423352, 9.51990368776e-05, 6.31469520158e-05, 5.92546748521e-05, 4.84588272229e-05, 4.06824619859e-05, 3.55867305188e-05, 3.87454419979e-05, 3.15118013532e-05, 2.78357838397e-05, 2.24263148993e-05, 2.89201925625e-05, 2.20932779484e-05, 2.52929039561e-05, 2.23748647841e-05, 2.23527422349e-05, 2.17859960685e-05, 1.80501428986e-05, 1.53433102241e-05, 1.36040816869e-05, 1.49147463162e-05, 1.59456394613e-05, 1.89359234355e-05, 2.05927499337e-05, 1.93669002329e-05, 1.44806272147e-05, 1.32978893816e-05, 1.1081608136e-05, 8.87828991836e-06, 8.33648664411e-06, 8.8687556854e-06, 9.10308335733e-06, 7.3495880315e-06, 6.45371437713e-06, 4.70704662803e-06, 4.1224279812e-06],
        "min": [2.06880961483e-24, 3.14654783367e-24, 2.13228432149e-24, 2.08574448632e-24, 6.86751617396e-24, 8.90185513103e-24, 4.72294494944e-24, 1.97231831827e-24, 1.0986760861e-23, 6.35719732121e-24, 6.66616652765e-24, 4.24755054668e-24, 6.35489858053e-24, 1.0453587919e-23, 7.02426283583e-24, 7.4251288157e-24, 1.01290521203e-23, 5.6433768096e-24, 7.30689276551e-24, 9.96982291313e-24, 7.16788916312e-24, 5.96654590677e-24, 1.14177250398e-23, 7.27386394827e-24, 7.45998226822e-24, 8.53834723705e-24, 7.13392002368e-24, 6.73591682003e-24, 9.66031175925e-24, 9.23373443589e-24, 7.45028480111e-24, 9.75403553453e-24, 8.89646168903e-24, 9.80680086276e-24, 9.22757895424e-24, 9.39338568361e-24, 1.22342710185e-23, 9.09060824641e-24, 7.44362050418e-24, 9.72506067349e-24],
        "var": [0.000144102523336, 4.25848083978e-05, 4.4884163799e-06, 1.55987129347e-06, 5.64338677123e-07, 3.79195967071e-07, 2.09015595942e-07, 1.59074744488e-07, 1.56248006533e-07, 4.11536916545e-07, 6.01995893135e-08, 1.77163297366e-08, 1.02356194631e-08, 5.5897584339e-09, 5.56994583789e-09, 7.44353600979e-09, 4.13958201051e-09, 3.09928838149e-09, 2.62528065953e-09, 1.6126254776e-09, 1.52662571473e-09, 1.2609974176e-09, 6.64697241692e-10, 5.98698368659e-10, 1.11855691376e-09, 7.37736427503e-10, 8.02433841596e-10, 9.83234271779e-10, 8.80296668893e-10, 1.04558195435e-09, 8.65477578493e-10, 6.01044047865e-10, 4.81822748366e-10, 3.83433396145e-10, 3.41970785023e-10, 3.28004873262e-10, 2.84337470235e-10, 1.97550878434e-10, 1.85224946492e-10, 1.5504966755e-10]
    },
    "mfcc": {
        "mean": [-600.257629395, 62.1321372986, 12.5536661148, 24.8580360413, 5.81728363037, 11.1491785049, 5.73265266418, 3.88255548477, 3.91227507591, 6.80410766602, -0.0486172437668, 3.96373605728, 1.38277733326],
        "cov": [[7151.0078125, -1015.24108887, -37.5606117249, -21.2265777588, 51.0102577209, 120.272247314, 70.2016372681, 93.2927322388, 104.133087158, 54.5787887573, 68.9734802246, -43.8698921204, 45.6783599854], [-1015.24108887, 2202.4387207, -353.136505127, 157.983093262, -221.336196899, -163.431106567, -204.348632812, -121.103591919, -120.131813049, -125.71484375, -96.3964920044, -66.4726257324, -76.6938476562], [-37.5606117249, -353.136505127, 864.005371094, 220.717391968, 220.302352905, 110.588699341, 86.7857589722, -24.7085952759, -5.37749052048, -5.92159700394, 22.6956672668, 45.4937591553, 51.4738769531], [-21.2265777588, 157.983093262, 220.717391968, 467.824279785, 198.554855347, 157.760116577, 95.4336929321, 32.2524337769, 1.87632727623, 66.702835083, -14.4092025757, 27.606212616, 25.4218654633], [51.0102577209, -221.336196899, 220.302352905, 198.554855347, 395.843780518, 253.648254395, 154.483810425, 80.1055755615, 45.6608734131, 54.203540802, 41.9210929871, 51.6668930054, 55.3043937683], [120.272247314, -163.431106567, 110.588699341, 157.760116577, 253.648254395, 311.411956787, 172.516403198, 92.0162811279, 53.3892784119, 68.9861297607, 57.4674758911, 56.0280685425, 46.2791137695], [70.2016372681, -204.348632812, 86.7857589722, 95.4336929321, 154.483810425, 172.516403198, 227.941833496, 123.279197693, 66.4377822876, 91.3955459595, 34.8489074707, 47.6690940857, 40.5955734253], [93.2927322388, -121.103591919, -24.7085952759, 32.2524337769, 80.1055755615, 92.0162811279, 123.279197693, 189.090805054, 115.035125732, 80.558555603, 45.7852287292, 25.7091236115, 44.5175704956], [104.133087158, -120.131813049, -5.37749052048, 1.87632727623, 45.6608734131, 53.3892784119, 66.4377822876, 115.035125732, 172.234512329, 84.6038208008, 62.6184921265, 26.2285041809, 49.8343811035], [54.5787887573, -125.71484375, -5.92159700394, 66.702835083, 54.203540802, 68.9861297607, 91.3955459595, 80.558555603, 84.6038208008, 167.628540039, 54.232509613, 47.8765220642, 27.1717071533], [68.9734802246, -96.3964920044, 22.6956672668, -14.4092025757, 41.9210929871, 57.4674758911, 34.8489074707, 45.7852287292, 62.6184921265, 54.232509613, 138.760055542, 60.282623291, 50.2899703979], [-43.8698921204, -66.4726257324, 45.4937591553, 27.606212616, 51.6668930054, 56.0280685425, 47.6690940857, 25.7091236115, 26.2285041809, 47.8765220642, 60.282623291, 107.254180908, 55.8823356628], [45.6783599854, -76.6938476562, 51.4738769531, 25.4218654633, 55.3043937683, 46.2791137695, 40.5955734253, 44.5175704956, 49.8343811035, 27.1717071533, 50.2899703979, 55.8823356628, 124.83833313]],
