{
"lowlevel": {
    "average_loudness": 0.862136363983,
    "barkbands_crest": {
        "dmean": 2.34428977966,
        "dmean2": 3.62196278572,
        "dvar": 7.17007493973,
        "dvar2": 15.6460466385,
        "max": 25.2032699585,
        "mean": 14.3971881866,
        "median": 15.5045452118,
        "min": 2.01759409904,
        "var": 29.1741218567
    },
    "barkbands_flatness_db": {
        "dmean": 0.028916047886,
        "dmean2": 0.040228523314,
        "dvar": 0.00122544565238,
        "dvar2": 0.00223075924441,
        "max": 0.559206008911,
        "mean": 0.154238924384,
        "median": 0.135226875544,
        "min": 0.0142511278391,
        "var": 0.00825020112097
    },
    "barkbands_kurtosis": {
        "dmean": 11.2188158035,
        "dmean2": 16.2457180023,
        "dvar": 1080.63757324,
        "dvar2": 2087.44213867,
        "max": 581.980041504,
        "mean": 20.2832622528,
        "median": 2.39893651009,
        "min": -1.92668247223,
        "var": 2849.37597656
    },
    "barkbands_skewness": {
        "dmean": 1.00131678581,
        "dmean2": 1.38245105743,
        "dvar": 2.1016638279,
        "dvar2": 3.93325614929,
        "max": 19.2130680084,
        "mean": 2.80693078041,
        "median": 1.9194996357,
        "min": -3.38505244255,
        "var": 9.92519760132
    },
    "barkbands_spread": {
        "dmean": 13.0392074585,
        "dmean2": 18.6786346436,
        "dvar": 253.030044556,
        "dvar2": 487.210021973,
        "max": 144.54737854,
        "mean": 45.8140678406,
        "median": 43.5639953613,
        "min": 0.283425182104,
        "var": 1035.8626709
    },
    "dissonance": {
        "dmean": 0.00821784790605,
        "dmean2": 0.0138083957136,
        "dvar": 9.25444328459e-05,
        "dvar2": 0.000246442359639,
        "max": 0.500000059605,
        "mean": 0.484149307013,
        "median": 0.489729583263,
        "min": 0.181150794029,
        "var": 0.00059667811729
    },
    "dynamic_complexity": 2.22764849663,
    "erbbands_crest": {
        "dmean": 1.45071446896,
        "dmean2": 2.43518161774,
        "dvar": 2.26749205589,
        "dvar2": 5.76908683777,
        "max": 24.9534244537,
        "mean": 5.40891361237,
        "median": 4.68373966217,
        "min": 1.86035120487,
        "var": 5.9964261055
    },
    "erbbands_flatness_db": {
        "dmean": 0.0122751640156,
        "dmean2": 0.0185696668923,
        "dvar": 0.000166853526025,
        "dvar2": 0.000345718581229,
        "max": 0.417604267597,
        "mean": 0.0951250493526,
        "median": 0.0864428579807,
        "min": 0.0358704887331,
        "var": 0.00171547092032
    },
    "erbbands_kurtosis": {
        "dmean": 1.05255627632,
        "dmean2": 1.59820330143,
        "dvar": 3.94156050682,
        "dvar2": 7.465924263,
        "max": 120.392723083,
        "mean": 1.55230379105,
        "median": 0.533699154854,
        "min": -1.85077595711,
        "var": 36.6236610413
    },
    "erbbands_skewness": {
        "dmean": 0.300473451614,
        "dmean2": 0.45771047473,
        "dvar": 0.0978608503938,
        "dvar2": 0.200318545103,
        "max": 7.72536945343,
        "mean": -0.650143027306,
        "median": -0.809173643589,
        "min": -3.09804105759,
        "var": 0.905372560024
    },
    "erbbands_spread": {
        "dmean": 11.8334093094,
        "dmean2": 18.378911972,
        "dvar": 206.917999268,
        "dvar2": 463.75769043,
        "max": 199.072998047,
        "mean": 56.255859375,
        "median": 50.9969291687,
        "min": 1.28502416611,
        "var": 728.580993652
    },
    "hfc": {
        "dmean": 32.2599182129,
        "dmean2": 46.1256866455,
        "dvar": 2014.30566406,
        "dvar2": 3991.24267578,
        "max": 508.372558594,
        "mean": 96.4623184204,
        "median": 75.3751220703,
        "min": 1.1383897818e-16,
        "var": 5851.40576172
    },
    "melbands_crest": {
        "dmean": 3.08964681625,
        "dmean2": 4.52796316147,
        "dvar": 16.0635795593,
        "dvar2": 32.4957885742,
        "max": 38.5924034119,
        "mean": 27.8097000122,
        "median": 30.9305076599,
        "min": 1.00024878979,
        "var": 78.3843536377
    },
    "melbands_flatness_db": {
        "dmean": 0.0357677415013,
        "dmean2": 0.0491096675396,
        "dvar": 0.00174282351509,
        "dvar2": 0.0031468665693,
        "max": 0.735846936703,
        "mean": 0.228307202458,
        "median": 0.214085936546,
        "min": 1.7688766718e-07,
        "var": 0.0138143477961
    },
    "melbands_kurtosis": {
        "dmean": 57.129070282,
        "dmean2": 83.5652236938,
        "dvar": 36694.21875,
        "dvar2": 69151.625,
        "max": 4322.99902344,
        "mean": 111.772712708,
        "median": 30.8771247864,
        "min": -1.76077795029,
        "var": 91046.96875
    },
    "melbands_skewness": {
        "dmean": 1.94353687763,
        "dmean2": 2.76112937927,
        "dvar": 10.1899747849,
        "dvar2": 19.3768482208,
        "max": 52.1868782043,
        "mean": 7.03840780258,
        "median": 5.30231952667,
        "min": -2.754737854,
        "var": 40.2200775146
    },
    "melbands_spread": {
        "dmean": 13.1176176071,
        "dmean2": 19.0570087433,
        "dvar": 401.079498291,
        "dvar2": 810.521911621,
        "max": 224.614181519,
        "mean": 33.0746192932,
        "median": 19.0926208496,
        "min": 0.132840394974,
        "var": 1446.33483887
    },
    "pitch_salience": {
        "dmean": 0.0782555416226,
        "dmean2": 0.115804411471,
        "dvar": 0.00829819962382,
        "dvar2": 0.0172738321126,
        "max": 0.997746527195,
        "mean": 0.340713083744,
        "median": 0.301196277142,
        "min": 0.0126820337027,
        "var": 0.037395387888
    },
    "silence_rate_20dB": {
        "dmean": 0.00892003811896,
        "dmean2": 0.017841970548,
        "dvar": 0.00883866567165,
        "dvar2": 0.0215612817556,
        "max": 1,
        "mean": 0.98938202858,
        "median": 1,
        "min": 0,
        "var": 0.0105068245903
    },
    "silence_rate_30dB": {
        "dmean": 0.125092923641,
        "dmean2": 0.250212401152,
        "dvar": 0.109435304999,
        "dvar2": 0.226049244404,
        "max": 1,
        "mean": 0.60649818182,
        "median": 1,
        "min": 0,
        "var": 0.238636314869
    },
    "silence_rate_60dB": {
        "dmean": 0.000637145596556,
        "dmean2": 0.00127442646772,
        "dvar": 0.00063680607127,
        "dvar2": 0.0014852413442,
        "max": 1,
        "mean": 0.0283499676734,
        "median": 0,
        "min": 0,
        "var": 0.0275465250015
    },
    "spectral_centroid": {
        "dmean": 332.292388916,
        "dmean2": 508.196807861,
        "dvar": 147300.359375,
        "dvar2": 309733.71875,
        "max": 10983.7470703,
        "mean": 2757.63232422,
        "median": 2932.8215332,
        "min": 124.96320343,
        "var": 838766.875
    },
    "spectral_complexity": {
        "dmean": 5.9547624588,
        "dmean2": 8.88508892059,
        "dvar": 37.4678688049,
        "dvar2": 77.2141418457,
        "max": 60,
        "mean": 27.0488433838,
        "median": 27,
        "min": 0,
        "var": 164.569381714
    },
    "spectral_decrease": {
        "dmean": 7.09499570206e-09,
        "dmean2": 1.02666932733e-08,
        "dvar": 8.43224806237e-17,
        "dvar2": 1.70152706363e-16,
        "max": -6.52964580006e-30,
        "mean": -2.50869849339e-08,
        "median": -2.0017544955e-08,
        "min": -1.28040611003e-07,
        "var": 4.03957053507e-16
    },
    "spectral_energy": {
        "dmean": 0.0269869696349,
        "dmean2": 0.0394933894277,
        "dvar": 0.00115224369802,
        "dvar2": 0.00235926383175,
        "max": 0.485830724239,
        "mean": 0.10343336314,
        "median": 0.085808172822,
        "min": 1.03501822329e-20,
        "var": 0.00537885539234
    },
    "spectral_energyband_high": {
        "dmean": 0.00322645227425,
        "dmean2": 0.0046160062775,
        "dvar": 2.0135570594e-05,
        "dvar2": 4.06259096053e-05,
        "max": 0.0530073828995,
        "mean": 0.00893437676132,
        "median": 0.00670024799183,
        "min": 7.62781774588e-21,
        "var": 5.92362594034e-05
    },
    "spectral_energyband_low": {
        "dmean": 0.0263082236052,
        "dmean2": 0.0375069119036,
        "dvar": 0.00124892219901,
        "dvar2": 0.0024782596156,
        "max": 0.478135436773,
        "mean": 0.0840838178992,
        "median": 0.0634453594685,
        "min": 1.2567192882e-22,
        "var": 0.00604279106483
    },
    "spectral_energyband_middle_high": {
        "dmean": 0.00169357063714,
        "dmean2": 0.00263727875426,
        "dvar": 4.26829137723e-06,
        "dvar2": 9.71977169684e-06,
        "max": 0.0411892458797,
        "mean": 0.00514843128622,
        "median": 0.00416052248329,
        "min": 1.47489716146e-21,
        "var": 1.83321753866e-05
    },
    "spectral_energyband_middle_low": {
        "dmean": 0.00295128533617,
        "dmean2": 0.0047910134308,
        "dvar": 4.13103298342e-05,
        "dvar2": 0.000107042433228,
        "max": 0.108913607895,
        "mean": 0.0048916595988,
        "median": 0.00297208409756,
        "min": 2.08115441236e-22,
        "var": 4.74841035611e-05
    },
    "spectral_entropy": {
        "dmean": 0.111597813666,
        "dmean2": 0.163024097681,
        "dvar": 0.0180561412126,
        "dvar2": 0.0339892692864,
        "max": 9.8002576828,
        "mean": 8.24982452393,
        "median": 8.37027359009,
        "min": 4.02953910828,
        "var": 0.326667398214
    },
    "spectral_flux": {
        "dmean": 0.0376807153225,
        "dmean2": 0.0613677762449,
        "dvar": 0.0024957540445,
        "dvar2": 0.00600005732849,
        "max": 0.576510310173,
        "mean": 0.122049950063,
        "median": 0.114524431527,
        "min": 1.01735841973e-10,
        "var": 0.0037773672957
    },
    "spectral_kurtosis": {
        "dmean": 0.564851760864,
        "dmean2": 0.88802677393,
        "dvar": 2.88114404678,
        "dvar2": 7.70163583755,
        "max": 163.218017578,
        "mean": 2.6752409935,
        "median": 1.43111205101,
        "min": -1.24515473843,
        "var": 104.430114746
    },
    "spectral_rms": {
        "dmean": 0.00132475583814,
        "dmean2": 0.00193360913545,
        "dvar": 2.26288966587e-06,
        "dvar2": 4.56999623566e-06,
        "max": 0.0217711087316,
        "mean": 0.00936815794557,
        "median": 0.00914960540831,
        "min": 3.17769400203e-12,
        "var": 1.31481383505e-05
    },
    "spectral_rolloff": {
        "dmean": 1386.85913086,
        "dmean2": 2116.23828125,
        "dvar": 4403786.5,
        "dvar2": 8423790,
        "max": 18669.2871094,
        "mean": 3363.61303711,
        "median": 1162.79296875,
        "min": 43.06640625,
        "var": 15940964
    },
    "spectral_skewness": {
        "dmean": 0.110520541668,
        "dmean2": 0.172600001097,
        "dvar": 0.0157173480839,
        "dvar2": 0.0343368276954,
        "max": 11.2728586197,
        "mean": 1.16661250591,
        "median": 1.05285584927,
        "min": 0.0133572425693,
        "var": 0.720152497292
    },
    "spectral_spread": {
        "dmean": 565611.5,
        "dmean2": 870296.4375,
        "dvar": 418707046400,
        "dvar2": 741795823616,
        "max": 41012336,
        "mean": 7522611.5,
        "median": 7619328,
        "min": 747895.3125,
        "var": 2.17041325261e+12
    },
    "spectral_strongpeak": {
        "dmean": 0.224906429648,
        "dmean2": 0.372928112745,
        "dvar": 0.497357785702,
        "dvar2": 1.32359445095,
        "max": 17.1628341675,
        "mean": 0.520604670048,
        "median": 0.389832407236,
        "min": 0,
        "var": 0.650124192238
    },
    "zerocrossingrate": {
        "dmean": 0.0245674382895,
        "dmean2": 0.0262732226402,
        "dvar": 0.000718967290595,
        "dvar2": 0.000759389833547,
        "max": 0.6767578125,
        "mean": 0.111227184534,
        "median": 0.091796875,
        "min": 0.00146484375,
        "var": 0.00758701888844
    },
    "barkbands": {
        "dmean": [0.00684545049444, 0.0214609690011, 0.00126464746427, 0.00100885832217, 0.0010972142918, 0.000818478874862, 0.000363634928362, 0.000255158549407, 0.0002845240233, 0.000190286969882, 0.000283532164758, 0.000215768406633, 0.00020683411276, 0.000266873015789, 0.00028032794944, 0.000272123725154, 0.000406020670198, 0.000388130720239, 0.000441756885266, 0.00039155894774, 0.000438555638539, 0.000574670324568, 0.000583763874602, 0.000596219208091, 0.000781790062319, 0.000651523063425, 0.000290621828754],
        "dmean2": [0.00990126561373, 0.0313195101917, 0.0022637960501, 0.00171180849429, 0.00179043237586, 0.00131383538246, 0.00057777488837, 0.000438760325778, 0.000451002211776, 0.000304992048768, 0.00046055810526, 0.000363056868082, 0.000336199707817, 0.000426442507887, 0.000467394391308, 0.000447347963927, 0.000666176492814, 0.000623258645646, 0.000724277633708, 0.000626118679065, 0.000698029296473, 0.000925116532017, 0.000889559800271, 0.000880360719748, 0.00115479168016, 0.00094073114451, 0.000452786392998],
        "dvar": [8.23858863441e-05, 0.00089246040443, 1.65096316778e-05, 7.35028152121e-06, 1.10882610898e-05, 3.04200852952e-06, 8.72269083629e-07, 7.65592631069e-07, 2.65095764007e-07, 3.04198948697e-07, 5.03485807712e-07, 1.83369380125e-07, 1.73791761426e-07, 4.03408932925e-07, 1.91069901234e-07, 1.45942223639e-07, 5.89579485677e-07, 6.38594372049e-07, 3.71896817342e-07, 2.58804334408e-07, 2.76195009974e-07, 4.82601933527e-07, 6.08346510944e-07, 6.58850410673e-07, 1.43387376283e-06, 9.38637242598e-07, 2.32046261317e-07],
        "dvar2": [0.000166152327438, 0.00191364716738, 4.81676252093e-05, 2.01828461286e-05, 2.62622634182e-05, 7.17884904589e-06, 1.87264379292e-06, 2.05265655495e-06, 6.40760788428e-07, 7.73445947289e-07, 1.20175195661e-06, 4.904997013e-07, 3.85629078892e-07, 8.27494204714e-07, 4.97907024055e-07, 3.67089967312e-07, 1.57721842697e-06, 1.5013833945e-06, 9.64610876508e-07, 6.55892449686e-07, 6.78184846947e-07, 1.1854119748e-06, 1.38253506066e-06, 1.42178510032e-06, 3.19800437865e-06, 1.84647990409e-06, 5.0769557447e-07],
        "max": [0.114184506238, 0.386758089066, 0.0799718797207, 0.0528377071023, 0.0618187114596, 0.0419172905385, 0.0410793162882, 0.0102952178568, 0.00892338063568, 0.0214037094265, 0.0184467639774, 0.00670344056562, 0.0217343941331, 0.0242930203676, 0.00644461205229, 0.00730567425489, 0.0199450198561, 0.0225897412747, 0.0134213203564, 0.0136589882895, 0.00930709019303, 0.00808053929359, 0.00916479807347, 0.0135201178491, 0.0172319095582, 0.0161527320743, 0.00599151710048],
        "mean": [0.018639465794, 0.0643116608262, 0.00157106132247, 0.00137198646553, 0.00118359678891, 0.00113999762107, 0.000462277879706, 0.000262121844571, 0.000397737487219, 0.000247540418059, 0.00036144675687, 0.000308785936795, 0.000313046009978, 0.000425554491812, 0.000429155363236, 0.000482960545924, 0.000716369482689, 0.000669629196636, 0.000849843781907, 0.000811737321783, 0.000952366623096, 0.00134018831886, 0.0012475483818, 0.00138413452078, 0.00172255921643, 0.00143552431837, 0.00039502402069],
        "median": [0.0140778282657, 0.0476519241929, 0.00071587250568, 0.000356731005013, 0.000354646937922, 0.000478877977002, 0.000109501241241, 5.14265120728e-05, 0.000185468874406, 7.94801453594e-05, 0.000130394677399, 0.00013434739958, 0.00017391135043, 0.000162179305335, 0.00026513406192, 0.000341050850693, 0.000447770958999, 0.000449147017207, 0.000621980638243, 0.000617182115093, 0.000755364599172, 0.00114427483641, 0.000875523372088, 0.000917044410016, 0.00114757101983, 0.000855984399095, 0.000116236682516],
        "min": [2.28462657571e-24, 2.68101257506e-23, 6.96310544752e-23, 3.39016192571e-23, 6.88855272772e-24, 2.36229257452e-23, 6.41090723149e-23, 3.39804548605e-23, 4.17546980142e-23, 1.32396254906e-22, 8.41375060137e-23, 4.19782832828e-23, 3.60605895597e-23, 1.1988748317e-22, 1.62319099571e-22, 1.10152308511e-22, 2.14970276471e-22, 2.67188046879e-22, 1.44276979766e-22, 3.05568010562e-22, 5.2896665365e-22, 4.96982723699e-22, 6.90787546539e-22, 9.74898489992e-22, 1.16526786777e-21, 1.4336990837e-21, 2.34083368987e-21],
        "var": [0.00033300044015, 0.00382989319041, 1.13609548862e-05, 9.44864768826e-06, 1.08860695036e-05, 4.47213187726e-06, 1.57080125973e-06, 6.63237017307e-07, 3.87448835681e-07, 4.07384817436e-07, 7.90242268067e-07, 2.61203780383e-07, 3.32437394945e-07, 1.26752581764e-06, 2.76559802614e-07, 2.79422920357e-07, 9.94506990537e-07, 9.44340627029e-07, 7.35290029752e-07, 5.96405925535e-07, 6.65006155032e-07, 1.13011878966e-06, 1.39908536312e-06, 1.9037495349e-06, 3.07135155708e-06, 2.53643520409e-06, 4.28999186397e-07]
    },
    "erbbands": {
        "dmean": [1.2496291399, 2.7992477417, 1.74834430218, 2.47993254662, 2.83138036728, 4.73084115982, 5.44284391403, 6.53685474396, 5.09234857559, 5.34727668762, 5.70908403397, 6.88134098053, 4.88627672195, 6.361328125, 10.0030584335, 9.91476917267, 9.0282125473, 9.20004653931, 12.9592952728, 17.1224308014, 15.2905321121, 20.1351604462, 20.281080246, 21.7937889099, 19.3094329834, 19.152256012, 17.3692531586, 18.7801647186, 21.0207386017, 19.1396827698, 17.1955909729, 13.1949520111, 10.5661020279, 8.68671607971, 5.88290739059, 3.15674352646, 1.16327691078, 0.391211777925, 0.0477377213538, 0.000643879349809],
        "dmean2": [1.71841478348, 4.44768810272, 3.0120177269, 4.31826543808, 4.79867649078, 7.59335422516, 8.8547039032, 10.6235990524, 8.25709629059, 8.77760982513, 9.62056732178, 10.8552103043, 7.81447553635, 10.2885560989, 16.4316482544, 16.5916156769, 14.6844682693, 14.4886198044, 21.0275592804, 28.1465988159, 24.9689216614, 32.92735672, 32.4257049561, 35.659072876, 31.2375011444, 30.7071475983, 28.3149662018, 29.6957511902, 33.9283638, 30.1079444885, 26.3332672119, 19.6978187561, 15.9222297668, 13.0023965836, 8.82971572876, 4.64356613159, 1.68746578693, 0.580541789532, 0.0748331099749, 0.000991900102235],
        "dvar": [3.02672719955, 17.3746395111, 21.1353797913, 54.2448616028, 48.7685050964, 296.285583496, 132.789337158, 192.768234253, 189.194061279, 249.205154419, 270.900268555, 146.170761108, 156.158721924, 319.458465576, 504.374603271, 367.331268311, 202.323577881, 454.102783203, 678.341430664, 683.93359375, 544.841003418, 1564.68640137, 1332.53039551, 1136.06933594, 745.069702148, 677.352294922, 459.539123535, 530.551940918, 634.577880859, 564.28918457, 579.853515625, 328.922515869, 207.464172363, 162.407714844, 84.1602630615, 21.5088672638, 3.0624127388, 0.353087514639, 0.00670611672103, 1.12393377094e-06],
        "dvar2": [5.67120981216, 46.551109314, 59.6153373718, 154.705734253, 134.096130371, 681.986328125, 329.790527344, 472.674285889, 410.049499512, 619.530639648, 704.337463379, 340.953186035, 354.813171387, 829.910339355, 1235.42907715, 980.138305664, 493.832733154, 946.337280273, 1559.24377441, 1743.42675781, 1378.90185547, 4180.82519531, 3111.19750977, 2957.78662109, 1836.78588867, 1760.47143555, 1163.11108398, 1283.44934082, 1593.84460449, 1346.33056641, 1366.53759766, 722.069702148, 468.153564453, 365.96661377, 192.327270508, 43.611541748, 6.19536399841, 0.719847500324, 0.0151129942387, 2.47272942033e-06],
        "max": [24.8029289246, 57.9597625732, 95.3839950562, 146.650817871, 174.79095459, 331.694396973, 255.701187134, 348.333374023, 666.514648438, 195.305953979, 194.44682312, 193.869537354, 544.076965332, 749.695678711, 565.150512695, 315.589599609, 430.413665771, 1114.23779297, 798.627685547, 468.386108398, 525.441650391, 1263.5345459, 934.878112793, 851.476806641, 445.843353271, 662.97869873, 312.725097656, 502.558135986, 275.292205811, 346.953948975, 349.6980896, 302.372833252, 187.209228516, 168.470626831, 144.192123413, 70.1823883057, 27.3992118835, 7.79347610474, 0.969826817513, 0.0128309344873],
        "mean": [3.83108067513, 6.41164207458, 3.19959020615, 3.32718038559, 3.68509149551, 4.82662582397, 6.95860910416, 8.83444404602, 6.43776750565, 6.32641887665, 6.90652561188, 9.84354114532, 7.07640028, 9.23795509338, 14.0130157471, 15.0879220963, 14.3786735535, 16.1813716888, 21.8908615112, 27.8901596069, 28.9575920105, 38.0938796997, 38.4438209534, 41.2428321838, 38.9718704224, 39.5333557129, 36.5482292175, 41.0876274109, 47.2825889587, 44.1397247314, 35.3936882019, 29.1103744507, 23.1869106293, 18.5560531616, 12.3276567459, 6.69405555725, 2.47103643417, 0.706934630871, 0.0635252147913, 0.00108475435991],
        "median": [2.71810817719, 4.72526025772, 1.93743538857, 1.20516252518, 1.19991838932, 1.15860104561, 2.82164955139, 3.78112220764, 1.71921825409, 1.65021288395, 2.20763301849, 4.57154560089, 2.76945018768, 3.52902603149, 6.17919206619, 7.39443492889, 8.74485969543, 7.42163562775, 10.3652210236, 18.4166297913, 20.2546863556, 25.3910827637, 27.9014396667, 29.9894447327, 28.9215755463, 30.3918380737, 28.0689945221, 32.1970901489, 40.9869880676, 34.9496383667, 23.6299762726, 19.4174404144, 15.2197570801, 12.5895357132, 7.80614280701, 3.959182024, 1.3916258812, 0.358283162117, 0.0178264733404, 0.000506828422658],
        "min": [5.6842832865e-22, 7.26135330851e-21, 5.59496500654e-20, 1.36327171466e-19, 3.77981893428e-20, 1.94580441989e-20, 5.79141523215e-20, 2.97060306905e-19, 9.27139702713e-19, 5.08820042983e-19, 1.14315605853e-18, 9.62909887532e-19, 1.87650388733e-18, 4.19579093911e-18, 3.00238314139e-18, 2.14110262847e-18, 2.09134688744e-18, 5.50853939254e-18, 8.6372098524e-18, 5.86169546967e-18, 7.87516805873e-18, 1.36554060904e-17, 1.19252685037e-17, 7.95330602093e-18, 1.04671459528e-17, 1.6231063711e-17, 2.12339380825e-17, 2.11234780378e-17, 1.74483162306e-17, 1.37945833644e-17, 1.95673048058e-17, 1.71483011312e-17, 1.85043049268e-17, 1.09206138092e-17, 1.05387500153e-17, 5.70028895751e-18, 2.43009244433e-18, 1.27530974191e-18, 3.29436052683e-19, 3.34906495342e-20],
        "var": [14.9208145142, 41.1785049438, 20.8635673523, 52.4777374268, 52.554058075, 288.718444824, 164.606704712, 263.431030273, 340.975006104, 253.648193359, 286.751312256, 230.957794189, 261.769683838, 455.448608398, 806.045166016, 550.415344238, 361.245910645, 1251.33532715, 1784.81445312, 1106.32507324, 1089.07470703, 2873.76367188, 2202.56494141, 2181.59399414, 1476.76989746, 1434.43041992, 1012.10852051, 1268.92443848, 1339.98974609, 1425.97485352, 1240.79907227, 863.37298584, 538.52923584, 348.102508545, 171.679702759, 54.5846710205, 8.21863555908, 0.829561591148, 0.0116931470111, 2.11951964957e-06]
    },
    "gfcc": {
        "mean": [59.1172943115, 1.38153290749, -69.2861175537, 53.2950019836, -34.8696594238, 30.0466556549, -25.4188861847, 21.7327575684, -16.6356945038, 16.0482807159, -11.6862745285, 16.1809864044, -8.07476043701],
        "cov": [[16318.9277344, -2742.7355957, -2062.98071289, -119.871734619, -478.057495117, 354.20703125, -176.288818359, 458.037689209, 64.409576416, 458.283843994, 104.033447266, 394.007843018, -26.3437633514], [-2742.7355957, 1833.37731934, 615.023864746, 163.310562134, 180.959594727, -74.3644104004, 93.794670105, -159.486083984, -25.7691764832, -136.080444336, 16.5912818909, -66.4802703857, 8.51277542114], [-2062.98071289, 615.023864746, 773.112365723, 211.126861572, 143.615570068, -21.6746253967, 47.2175445557, -50.9705963135, 10.2311477661, -50.7690467834, 9.23822498322, -66.7760009766, 16.2658309937], [-119.871734619, 163.310562134, 211.126861572, 363.906433105, 172.621032715, 152.471069336, 60.3628005981, 70.1366271973, 52.8331031799, 37.5610618591, 32.2175636292, 15.3310623169, 28.5256977081], [-478.057495117, 180.959594727, 143.615570068, 172.621032715, 277.629089355, 130.52204895, 124.274940491, 39.1080207825, 61.9854850769, 9.67284202576, 35.7430381775, 12.1922960281, 27.5276031494], [354.20703125, -74.3644104004, -21.6746253967, 152.471069336, 130.52204895, 246.698287964, 124.896820068, 105.697227478, 35.7173271179, 56.8036880493, 25.4956588745, 38.4953193665, 23.9675483704], [-176.288818359, 93.794670105, 47.2175445557, 60.3628005981, 124.274940491, 124.896820068, 182.355072021, 93.4016952515, 69.1006698608, 15.8522052765, 21.9253387451, 18.7806034088, 17.3160762787], [458.037689209, -159.486083984, -50.9705963135, 70.1366271973, 39.1080207825, 105.697227478, 93.4016952515, 160.231689453, 89.0896682739, 63.3988380432, 15.7814044952, 25.1372241974, 8.28975105286], [64.409576416, -25.7691764832, 10.2311477661, 52.8331031799, 61.9854850769, 35.7173271179, 69.1006698608, 89.0896682739, 126.745941162, 58.7920646667, 31.1954784393, 17.2906417847, 15.9545316696], [458.283843994, -136.080444336, -50.7690467834, 37.5610618591, 9.67284202576, 56.8036880493, 15.8522052765, 63.3988380432, 58.7920646667, 108.096321106, 47.6565551758, 29.4990615845, 10.2802705765], [104.033447266, 16.5912818909, 9.23822498322, 32.2175636292, 35.7430381775, 25.4956588745, 21.9253387451, 15.7814044952, 31.1954784393, 47.6565551758, 79.6827926636, 37.0729598999, 26.2864532471], [394.007843018, -66.4802703857, -66.7760009766, 15.3310623169, 12.1922960281, 38.4953193665, 18.7806034088, 25.1372241974, 17.2906417847, 29.4990615845, 37.0729598999, 86.7068557739, 44.5664253235], [-26.3437633514, 8.51277542114, 16.2658309937, 28.5256977081, 27.5276031494, 23.9675483704, 17.3160762787, 8.28975105286, 15.9545316696, 10.2802705765, 26.2864532471, 44.5664253235, 78.106262207]],
        "icov": [[0.000122986864881, 6.43982493784e-05, 0.000235649669776, -0.000155585628818, 0.00011433641339, -9.38047924137e-06, 7.4583782407e-05, -0.000164683515322, 0.000128994841361, -0.000180371178431, -2.72477191174e-05, -0.000339388498105, 0.000205947348149], [6.43982493784e-05, 0.0010039525805, -0.000301613792544, -0.000579424900934, 0.000171951047378, 0.000463151780423, -0.00121190352365, 0.00125112209935, -0.00014434143668, 0.000516626401804, -0.00047593517229, -7.12820910849e-05, 0.000282227731077], [0.000235649669776, -0.000301613792544, 0.00288753234781, -0.0019036923768, 7.38351309337e-06, 0.00133476278279, -0.000965778308455, 0.000157147806021, 0.000649047957268, -0.000525581825059, -0.000355142576154, 0.00142211886123, -0.000763798016123], [-0.000155585628818, -0.000579424900934, -0.0019036923768, 0.00706550106406, -0.00282487785444, -0.00431514112279, 0.00517891952768, -0.00289760460146, -0.0013275971869, 0.00102624401916, -0.000430418847827, -0.000154649562319, -0.000325000612065], [0.00011433641339, 0.000171951047378, 7.38351309337e-06, -0.00282487785444, 0.00903952307999, -0.00291366432793, -0.00404899101704, 0.00469791376963, -0.00419310806319, 0.00227825739421, -0.00197115028277, 0.000516352243721, 8.2649406977e-05], [-9.38047924137e-06, 0.000463151780423, 0.00133476278279, -0.00431514112279, -0.00291366432793, 0.0145069910213, -0.00819106306881, -0.00354604236782, 0.00896675791591, -0.00700608920306, 0.00265647261404, -0.000933324336074, -0.0012590107508], [7.4583782407e-05, -0.00121190352365, -0.000965778308455, 0.00517891952768, -0.00404899101704, -0.00819106306881, 0.0189500711858, -0.00809036474675, -0.00511903269216, 0.00675719650462, -0.00285063614137, -0.000895405828487, 0.000691460852977], [-0.000164683515322, 0.00125112209935, 0.000157147806021, -0.00289760460146, 0.00469791376963, -0.00354604236782, -0.00809036474675, 0.0215954035521, -0.010272115469, -0.00261574517936, 0.00345414853655, -0.000467941077659, 0.00131469802], [0.000128994841361, -0.00014434143668, 0.000649047957268, -0.0013275971869, -0.00419310806319, 0.00896675791591, -0.00511903269216, -0.010272115469, 0.0225526206195, -0.00990894623101, 0.000352891831426, 0.000729354273062, -0.00247714715078], [-0.000180371178431, 0.000516626401804, -0.000525581825059, 0.00102624401916, 0.00227825739421, -0.00700608920306, 0.00675719650462, -0.00261574517936, -0.00990894623101, 0.024476878345, -0.0120314592496, 0.00024492511875, 0.00245585036464], [-2.72477191174e-05, -0.00047593517229, -0.000355142576154, -0.000430418847827, -0.00197115028277, 0.00265647261404, -0.00285063614137, 0.00345414853655, 0.000352891831426, -0.0120314592496, 0.0240032672882, -0.00679861009121, -0.00226878724061], [-0.000339388498105, -7.12820910849e-05, 0.00142211886123, -0.000154649562319, 0.000516352243721, -0.000933324336074, -0.000895405828487, -0.000467941077659, 0.000729354273062, 0.00024492511875, -0.00679861009121, 0.0232150349766, -0.0111331539229], [0.000205947348149, 0.000282227731077, -0.000763798016123, -0.000325000612065, 8.2649406977e-05, -0.0012590107508, 0.000691460852977, 0.00131469802, -0.00247714715078, 0.00245585036464, -0.00226878724061, -0.0111331539229, 0.0204826612025]]
    },
    "melbands": {
        "dmean": [0.00818255357444, 0.00165527977515, 0.000431505235611, 0.000264714763034, 0.000189334372408, 0.000148242368596, 7.7023076301e-05, 5.68361974729e-05, 5.12708684255e-05, 3.93576410715e-05, 2.49043150689e-05, 2.58721374848e-05, 4.1270879592e-05, 2.43158065132e-05, 2.362370833e-05, 1.82876174222e-05, 1.92248153326e-05, 2.47756597673e-05, 2.03472136491e-05, 2.0499668608e-05, 2.09244935832e-05, 2.16348653339e-05, 2.37763015321e-05, 2.22968756134e-05, 1.88643170986e-05, 1.71561969182e-05, 1.27576895466e-05, 1.39103822221e-05, 1.21342382045e-05, 1.21345974549e-05, 1.14384138215e-05, 1.2818130017e-05, 1.26463228298e-05, 1.12078405436e-05, 1.07335217763e-05, 9.68518997979e-06, 8.0753934526e-06, 7.91265119915e-06, 7.7960849012e-06, 7.89721980254e-06],
        "dmean2": [0.0115622859448, 0.00270775426179, 0.000747474143282, 0.000434093177319, 0.000303217326291, 0.00023953836353, 0.000123435514979, 9.44508137763e-05, 8.53394667502e-05, 6.20964929112e-05, 3.98495685658e-05, 4.1958213842e-05, 6.700137601e-05, 4.07168190577e-05, 3.91733155993e-05, 2.99792081933e-05, 3.04263267026e-05, 4.04160455219e-05, 3.37601923093e-05, 3.37752389896e-05, 3.42945822922e-05, 3.5801276681e-05, 3.87306063203e-05, 3.60949998139e-05, 3.1421030144e-05, 2.81966586044e-05, 2.06031418202e-05, 2.26892152568e-05, 1.99416135729e-05, 1.96407781914e-05, 1.82748990483e-05, 2.09593545151e-05, 2.07197645068e-05, 1.76564717549e-05, 1.67281414178e-05, 1.47719720189e-05, 1.22859983094e-05, 1.2255328329e-05, 1.17701001727e-05, 1.2065901501e-05],
        "dvar": [0.000127252729726, 8.1740463429e-06, 1.57518923061e-06, 6.63214507313e-07, 1.83623200201e-07, 9.91599620193e-08, 4.20061105899e-08, 3.21577893203e-08, 1.73113487989e-08, 4.72621852765e-09, 4.09987688244e-09, 6.00942229312e-09, 1.06145732204e-08, 2.42438558118e-09, 1.4513776847e-09, 1.95550775572e-09, 1.87677473562e-09, 3.17700066255e-09, 1.08319286873e-09, 8.3253903771e-10, 1.31897714972e-09, 2.68345035082e-09, 1.50799350784e-09, 3.22049364954e-09, 8.72761141135e-10, 5.63239788143e-10, 3.36171035453e-10, 3.72090941392e-10, 2.46265896564e-10, 2.33288610652e-10, 1.91791499349e-10, 2.42046910293e-10, 2.33541214145e-10, 1.98257632533e-10, 2.25915508523e-10, 1.80604073363e-10, 1.20593077191e-10, 1.1810614986e-10, 1.18050139108e-10, 1.34612002101e-10],
        "dvar2": [0.00025203396217, 2.19251905946e-05, 4.46854028269e-06, 1.59415606049e-06, 4.45217295919e-07, 2.39866750462e-07, 8.99876866356e-08, 8.22656147648e-08, 4.50694948029e-08, 1.1104314801e-08, 9.42105149448e-09, 1.57182622473e-08, 2.51859315625e-08, 6.44947872885e-09, 3.90464061084e-09, 4.47112125102e-09, 3.8739145225e-09, 6.98433533231e-09, 2.77810729976e-09, 2.11600492683e-09, 3.3464042648e-09, 7.31096427842e-09, 3.75190811752e-09, 7.60533414024e-09, 2.36624009275e-09, 1.43563605448e-09, 8.2471313112e-10, 9.83218839679e-10, 6.34988395198e-10, 5.9672239372e-10, 4.67162419859e-10, 6.23060714133e-10, 5.83958992273e-10, 4.77718864467e-10, 5.49959411345e-10, 4.11871869943e-10, 2.76209777272e-10, 2.79599843278e-10, 2.681313227e-10, 3.13041509381e-10],
        "max": [0.153576314449, 0.0571458376944, 0.0251723509282, 0.01468387153, 0.0070830732584, 0.00782233290374, 0.00979833304882, 0.00220068451017, 0.00152033998165, 0.00116646906827, 0.00267802271992, 0.0033877545502, 0.00272834370844, 0.00090781977633, 0.000544760376215, 0.0024022157304, 0.00182260281872, 0.00196603429504, 0.000651917129289, 0.000490057689603, 0.000978339696303, 0.00181532022543, 0.000915742130019, 0.00167660578154, 0.000774253159761, 0.00035154770012, 0.000380459823646, 0.000458105641883, 0.000293892575428, 0.000344478670741, 0.000233583035879, 0.000170512255863, 0.00021355257195, 0.000201489063329, 0.000263000751147, 0.000172069776454, 0.000183476062375, 0.000160716910614, 0.000148878360051, 0.000161593357916],
        "mean": [0.0250941030681, 0.00366647401825, 0.000592292752117, 0.00029579619877, 0.000241493078647, 0.000203384799534, 9.68066888163e-05, 6.43211169518e-05, 6.36740078335e-05, 5.61550623388e-05, 3.43025822076e-05, 3.59332516382e-05, 5.32929007022e-05, 3.56966520485e-05, 3.62138780474e-05, 2.76271894109e-05, 3.22782761941e-05, 3.89719461964e-05, 3.17522681144e-05, 3.38375866704e-05, 3.53746618202e-05, 3.84360282624e-05, 3.94625567424e-05, 3.48835237673e-05, 3.26463596139e-05, 3.16179575748e-05, 2.46084109676e-05, 2.65774033323e-05, 2.24914056162e-05, 2.36030555243e-05, 2.31094254559e-05, 2.60534834524e-05, 2.71272110695e-05, 2.34746730712e-05, 2.03349354706e-05, 1.90134378499e-05, 1.70057101059e-05, 1.61422194651e-05, 1.57353661052e-05, 1.57199956448e-05],
        "median": [0.0182487033308, 0.00265878252685, 0.000218807952479, 8.44306123327e-05, 9.88684114418e-05, 8.65319452714e-05, 2.33802129515e-05, 1.62150918186e-05, 2.26148349611e-05, 2.64175796474e-05, 1.1553155673e-05, 1.28147366922e-05, 1.95281900233e-05, 1.52145239554e-05, 2.26556239795e-05, 1.49207298819e-05, 1.33814428409e-05, 1.51185449795e-05, 1.99915666599e-05, 2.40500958171e-05, 2.23266142712e-05, 2.41369580181e-05, 2.59909938904e-05, 2.10514990613e-05, 2.27777854889e-05, 2.32309103012e-05, 1.81127652468e-05, 1.98865018319e-05, 1.60800555022e-05, 1.79925882549e-05, 1.74033193616e-05, 2.16932712647e-05, 2.27843811444e-05, 1.72653235495e-05, 1.31723663799e-05, 1.23858753796e-05, 1.13431833597e-05, 1.01830337371e-05, 1.04610162452e-05, 1.02881767816e-05],
        "min": [6.06180796082e-24, 2.40523043136e-23, 2.01089053998e-23, 1.51188012663e-24, 1.86722626848e-24, 6.71518397772e-24, 1.38466309225e-23, 4.90380235601e-24, 1.11335473651e-23, 4.90004658924e-24, 1.1082499387e-23, 1.87640032638e-23, 1.1572802472e-23, 4.25639446629e-24, 5.41975880322e-24, 3.74138031343e-24, 1.1108814998e-23, 1.36889644488e-23, 1.10156252815e-23, 4.53577271132e-24, 1.02079658209e-23, 1.41771494423e-23, 1.40079119568e-23, 1.068474783e-23, 5.57719059079e-24, 6.19308900937e-24, 9.3802740265e-24, 1.00350830092e-23, 1.44691447286e-23, 9.79509180035e-24, 1.45461627965e-23, 1.27038349503e-23, 4.78334526794e-24, 8.70087546049e-24, 1.00543477814e-23, 1.30524594056e-23, 1.01963766654e-23, 1.2376444264e-23, 1.07458214413e-23, 9.27840762895e-24],
        "var": [0.00059567700373, 1.48478438859e-05, 1.56743453772e-06, 6.44499323244e-07, 2.15929730984e-07, 1.39915030672e-07, 7.74780843926e-08, 2.96333144689e-08, 1.85665509633e-08, 7.45268824431e-09, 6.73966571441e-09, 8.01176369691e-09, 1.68588751848e-08, 3.6023943828e-09, 1.9713048971e-09, 3.51167783741e-09, 5.6777311741e-09, 8.97567886682e-09, 1.57656010469e-09, 1.37487843332e-09, 2.29646457406e-09, 4.6112407226e-09, 2.30639485288e-09, 4.21936796613e-09, 1.52629586747e-09, 1.01162800359e-09, 6.42801700756e-10, 7.1369432586e-10, 4.79217110438e-10, 5.01260366548e-10, 4.1793812855e-10, 4.51734427642e-10, 5.12069053826e-10, 4.62090227193e-10, 4.44204922845e-10, 3.91466636884e-10, 3.0376220983e-10, 2.89271273601e-10, 2.53535081818e-10, 2.73175287946e-10]
    },
    "mfcc": {
        "mean": [-594.505859375, 42.5203056335, 26.3852043152, 35.4526443481, 22.6235733032, 19.6396808624, 12.3830432892, 14.0974712372, 9.49018573761, 6.0612077713, 8.30940532684, 6.37101364136, 7.64687395096],
        "cov": [[8537.67480469, -480.470062256, -614.055114746, -303.015045166, -262.530914307, -235.742904663, -211.395339966, -52.4060897827, -17.649477005, 26.8463554382, 89.9578704834, 68.8603820801, 134.060180664], [-480.470062256, 1037.57751465, 191.011734009, 173.591522217, 49.8654327393, 90.1358718872, 59.9839324951, 28.691783905, -22.9327354431, -70.0761642456, -1.28247761726, -17.4437789917, -1.00266325474], [-614.055114746, 191.011734009, 443.862945557, 188.214263916, 107.218765259, 55.9002609253, 49.7236595154, 3.29589104652, 8.02313518524, 11.2415971756, -12.5665655136, 21.5070514679, -8.75691604614], [-303.015045166, 173.591522217, 188.214263916, 252.235900879, 155.531784058, 90.0774612427, 48.9849815369, 45.8843078613, 35.9993400574, 23.5071601868, 28.8225288391, 16.9434776306, 23.5657615662], [-262.530914307, 49.8654327393, 107.218765259, 155.531784058, 193.231491089, 117.196334839, 73.3316497803, 42.7637863159, 37.2358627319, 31.2466773987, 21.7571239471, 19.0491352081, 20.5244007111], [-235.742904663, 90.1358718872, 55.9002609253, 90.0774612427, 117.196334839, 172.564727783, 111.367195129, 71.2592391968, 52.5204811096, 18.2141265869, 29.2374362946, 21.0777339935, 26.8972301483], [-211.395339966, 59.9839324951, 49.7236595154, 48.9849815369, 73.3316497803, 111.367195129, 145.761199951, 81.3283920288, 51.0062332153, 29.3459129333, 25.7791996002, 23.7906074524, 15.5405979156], [-52.4060897827, 28.691783905, 3.29589104652, 45.8843078613, 42.7637863159, 71.2592391968, 81.3283920288, 141.059616089, 92.0157318115, 33.4744033813, 42.716003418, 26.7434940338, 30.9243431091], [-17.649477005, -22.9327354431, 8.02313518524, 35.9993400574, 37.2358627319, 52.5204811096, 51.0062332153, 92.0157318115, 117.228034973, 64.9797439575, 43.6380615234, 27.3517417908, 29.6124858856], [26.8463554382, -70.0761642456, 11.2415971756, 23.5071601868, 31.2466773987, 18.2141265869, 29.3459129333, 33.4744033813, 64.9797439575, 113.508338928, 61.7228622437, 34.214881897, 22.7732810974], [89.9578704834, -1.28247761726, -12.5665655136, 28.8225288391, 21.7571239471, 29.2374362946, 25.7791996002, 42.716003418, 43.6380615234, 61.7228622437, 93.8964309692, 50.6802177429, 30.2441959381], [68.8603820801, -17.4437789917, 21.5070514679, 16.9434776306, 19.0491352081, 21.0777339935, 23.7906074524, 26.7434940338, 27.3517417908, 34.214881897, 50.6802177429, 75.6852645874, 35.7594680786], [134.060180664, -1.00266325474, -8.75691604614, 23.5657615662, 20.5244007111, 26.8972301483, 15.5405979156, 30.9243431091, 29.6124858856, 22.7732810974, 30.2441959381, 35.7594680786, 63.9228134155]],
