{
"lowlevel": {
    "average_loudness": 0.617965221405,
    "barkbands_crest": {
        "dmean": 2.2353887558,
        "dmean2": 3.34158372879,
        "dvar": 7.55169963837,
        "dvar2": 16.8010730743,
        "max": 26.1715335846,
        "mean": 13.0324811935,
        "median": 13.2618980408,
        "min": 1.85864973068,
        "var": 34.4790458679
    },
    "barkbands_flatness_db": {
        "dmean": 0.0244810897857,
        "dmean2": 0.0350432246923,
        "dvar": 0.00105419103056,
        "dvar2": 0.00211854022928,
        "max": 0.477882236242,
        "mean": 0.138375878334,
        "median": 0.118569478393,
        "min": 0.00757693499327,
        "var": 0.00649849465117
    },
    "barkbands_kurtosis": {
        "dmean": 7.00804901123,
        "dmean2": 9.85591125488,
        "dvar": 503.169555664,
        "dvar2": 875.004943848,
        "max": 890.60357666,
        "mean": 11.5246925354,
        "median": 2.15217971802,
        "min": -1.82247793674,
        "var": 1490.27697754
    },
    "barkbands_skewness": {
        "dmean": 0.735232412815,
        "dmean2": 1.03610277176,
        "dvar": 1.3468285799,
        "dvar2": 2.4925673008,
        "max": 22.7592315674,
        "mean": 2.21416306496,
        "median": 1.64165711403,
        "min": -5.74358510971,
        "var": 5.63481330872
    },
    "barkbands_spread": {
        "dmean": 6.9511346817,
        "dmean2": 10.6178216934,
        "dvar": 92.1741714478,
        "dvar2": 208.136032104,
        "max": 98.5040283203,
        "mean": 29.5396842957,
        "median": 29.6974430084,
        "min": 0.204282909632,
        "var": 338.151306152
    },
    "dissonance": {
        "dmean": 0.0150141697377,
        "dmean2": 0.0252009872347,
        "dvar": 0.00030952913221,
        "dvar2": 0.000830284669064,
        "max": 0.499998658895,
        "mean": 0.470009028912,
        "median": 0.47807982564,
        "min": 0.188474848866,
        "var": 0.000892548996489
    },
    "dynamic_complexity": 5.1682510376,
    "erbbands_crest": {
        "dmean": 2.02183222771,
        "dmean2": 3.22881674767,
        "dvar": 5.14722204208,
        "dvar2": 11.6719264984,
        "max": 33.5232429504,
        "mean": 7.65555381775,
        "median": 6.18762302399,
        "min": 2.05696177483,
        "var": 21.2962551117
    },
    "erbbands_flatness_db": {
        "dmean": 0.0115363290533,
        "dmean2": 0.0168204493821,
        "dvar": 0.000197824570932,
        "dvar2": 0.000379021657864,
        "max": 0.524267077446,
        "mean": 0.12442971766,
        "median": 0.0992673188448,
        "min": 0.0480774305761,
        "var": 0.00514118792489
    },
    "erbbands_kurtosis": {
        "dmean": 0.638987541199,
        "dmean2": 0.963253855705,
        "dvar": 4.18286323547,
        "dvar2": 8.36548423767,
        "max": 77.7101287842,
        "mean": 0.112004421651,
        "median": -0.489659547806,
        "min": -1.8872385025,
        "var": 10.8098773956
    },
    "erbbands_skewness": {
        "dmean": 0.259845167398,
        "dmean2": 0.401972293854,
        "dvar": 0.093660980463,
        "dvar2": 0.211975604296,
        "max": 5.67738866806,
        "mean": 0.14125739038,
        "median": 0.0439907163382,
        "min": -3.93116974831,
        "var": 0.445846647024
    },
    "erbbands_spread": {
        "dmean": 7.54371881485,
        "dmean2": 11.3027000427,
        "dvar": 93.3616485596,
        "dvar2": 189.347976685,
        "max": 197.266876221,
        "mean": 48.0809593201,
        "median": 49.0998497009,
        "min": 0.363432079554,
        "var": 466.674804688
    },
    "hfc": {
        "dmean": 12.2001180649,
        "dmean2": 19.3004837036,
        "dvar": 915.342407227,
        "dvar2": 2336.72924805,
        "max": 418.70791626,
        "mean": 35.5052070618,
        "median": 24.6160678864,
        "min": 1.17665052472e-16,
        "var": 1644.0168457
    },
    "melbands_crest": {
        "dmean": 2.90348649025,
        "dmean2": 4.39686918259,
        "dvar": 13.4979286194,
        "dvar2": 28.9384937286,
        "max": 38.5474739075,
        "mean": 22.2531280518,
        "median": 24.2206554413,
        "min": 1.87549781799,
        "var": 94.1375427246
    },
    "melbands_flatness_db": {
        "dmean": 0.0299116782844,
        "dmean2": 0.0428753383458,
        "dvar": 0.00158746598754,
        "dvar2": 0.00328056770377,
        "max": 0.565474390984,
        "mean": 0.209148779511,
        "median": 0.195142924786,
        "min": 0.00457052560523,
        "var": 0.00983453448862
    },
    "melbands_kurtosis": {
        "dmean": 22.5192909241,
        "dmean2": 31.5314178467,
        "dvar": 3114.41650391,
        "dvar2": 5789.74414062,
        "max": 1350.50488281,
        "mean": 42.3956298828,
        "median": 13.1684207916,
        "min": -1.53153014183,
        "var": 8618.82324219
    },
    "melbands_skewness": {
        "dmean": 1.16535294056,
        "dmean2": 1.64840996265,
        "dvar": 3.25201773643,
        "dvar2": 6.00975513458,
        "max": 32.5462722778,
        "mean": 4.27176046371,
        "median": 3.30863857269,
        "min": -4.23925733566,
        "var": 14.5876874924
    },
    "melbands_spread": {
        "dmean": 6.92521333694,
        "dmean2": 10.8662405014,
        "dvar": 94.5206375122,
        "dvar2": 223.139022827,
        "max": 179.91217041,
        "mean": 25.3135204315,
        "median": 20.0929031372,
        "min": 0.190454557538,
        "var": 453.354095459
    },
    "pitch_salience": {
        "dmean": 0.0733464211226,
        "dmean2": 0.113873995841,
        "dvar": 0.00875348877162,
        "dvar2": 0.0209770277143,
        "max": 0.970047473907,
        "mean": 0.414298534393,
        "median": 0.419847369194,
        "min": 0.0249668583274,
        "var": 0.0338014215231
    },
    "silence_rate_20dB": {
        "dmean": 0.0365079380572,
        "dmean2": 0.0730255320668,
        "dvar": 0.0351752154529,
        "dvar2": 0.0679578557611,
        "max": 1,
        "mean": 0.943393707275,
        "median": 1,
        "min": 0,
        "var": 0.0534017644823
    },
    "silence_rate_30dB": {
        "dmean": 0.053439155221,
        "dmean2": 0.106892444193,
        "dvar": 0.0505854450166,
        "dvar2": 0.102605089545,
        "max": 1,
        "mean": 0.862187564373,
        "median": 1,
        "min": 0,
        "var": 0.118814252317
    },
    "silence_rate_60dB": {
        "dmean": 0.0232804231346,
        "dmean2": 0.0465670078993,
        "dvar": 0.0227399449795,
        "dvar2": 0.0531279891729,
        "max": 1,
        "mean": 0.200502574444,
        "median": 0,
        "min": 0,
        "var": 0.160306885839
    },
    "spectral_centroid": {
        "dmean": 256.59072876,
        "dmean2": 404.106933594,
        "dvar": 101125.242188,
        "dvar2": 216319.640625,
        "max": 10895.7753906,
        "mean": 1962.01074219,
        "median": 2120.20605469,
        "min": 127.426025391,
        "var": 549525.75
    },
    "spectral_complexity": {
        "dmean": 4.24603176117,
        "dmean2": 6.69956350327,
        "dvar": 30.9299125671,
        "dvar2": 66.198097229,
        "max": 60,
        "mean": 17.968126297,
        "median": 17,
        "min": 0,
        "var": 129.646057129
    },
    "spectral_decrease": {
        "dmean": 7.19175208275e-09,
        "dmean2": 9.38270794393e-09,
        "dvar": 3.61286577649e-16,
        "dvar2": 6.78876101978e-16,
        "max": 4.52052802006e-29,
        "mean": -1.69202607481e-08,
        "median": -9.05356056791e-09,
        "min": -2.15595150621e-07,
        "var": 9.07601520455e-16
    },
    "spectral_energy": {
        "dmean": 0.0278338454664,
        "dmean2": 0.0362313874066,
        "dvar": 0.0051507758908,
        "dvar2": 0.00961425807327,
        "max": 0.819324970245,
        "mean": 0.0670815110207,
        "median": 0.0367191806436,
        "min": 1.05019537194e-20,
        "var": 0.0132767949253
    },
    "spectral_energyband_high": {
        "dmean": 0.00105775624979,
        "dmean2": 0.0017276868457,
        "dvar": 7.01942599335e-06,
        "dvar2": 1.80512815859e-05,
        "max": 0.0386188700795,
        "mean": 0.00267312070355,
        "median": 0.00174192024861,
        "min": 7.61685841056e-21,
        "var": 1.10928649519e-05
    },
    "spectral_energyband_low": {
        "dmean": 0.0256859418005,
        "dmean2": 0.0337485894561,
        "dvar": 0.00543426070362,
        "dvar2": 0.0104579199106,
        "max": 0.807141125202,
        "mean": 0.0547263510525,
        "median": 0.0240250620991,
        "min": 6.79511720221e-23,
        "var": 0.0126531422138
    },
    "spectral_energyband_middle_high": {
        "dmean": 0.00185660331044,
        "dmean2": 0.00314246071503,
        "dvar": 1.75768709596e-05,
        "dvar2": 4.67472382297e-05,
        "max": 0.0693073794246,
        "mean": 0.00497819529846,
        "median": 0.00331217655912,
        "min": 1.52059273088e-21,
        "var": 4.45257683168e-05
    },
    "spectral_energyband_middle_low": {
        "dmean": 0.00266659585759,
        "dmean2": 0.00448660226539,
        "dvar": 8.03216680652e-05,
        "dvar2": 0.000227493641432,
        "max": 0.167272910476,
        "mean": 0.00505685480312,
        "median": 0.00329437386245,
        "min": 2.90087530376e-22,
        "var": 6.22214283794e-05
    },
    "spectral_entropy": {
        "dmean": 0.151443704963,
        "dmean2": 0.22544644773,
        "dvar": 0.0363865792751,
        "dvar2": 0.0802038162947,
        "max": 9.80175495148,
        "mean": 7.85143613815,
        "median": 8.02033805847,
        "min": 4.67389917374,
        "var": 0.377488553524
    },
    "spectral_flux": {
        "dmean": 0.0385526865721,
        "dmean2": 0.0570686720312,
        "dvar": 0.00552915595472,
        "dvar2": 0.00992350000888,
        "max": 0.744396388531,
        "mean": 0.0887488499284,
        "median": 0.0535674095154,
        "min": 1.02479039144e-10,
        "var": 0.0122405253351
    },
    "spectral_kurtosis": {
        "dmean": 2.2097992897,
        "dmean2": 3.68562650681,
        "dvar": 58.7814865112,
        "dvar2": 151.473968506,
        "max": 164.21307373,
        "mean": 5.54081583023,
        "median": 2.3081278801,
        "min": -1.15078508854,
        "var": 179.106689453
    },
    "spectral_rms": {
        "dmean": 0.00116451631766,
        "dmean2": 0.00143845926505,
        "dvar": 4.71078237751e-06,
        "dvar2": 7.39086590329e-06,
        "max": 0.0282726269215,
        "mean": 0.00632244488224,
        "median": 0.00598528143018,
        "min": 3.20090742106e-12,
        "var": 2.54720634985e-05
    },
    "spectral_rolloff": {
        "dmean": 622.753173828,
        "dmean2": 1035.48596191,
        "dvar": 1143999.375,
        "dvar2": 2732449,
        "max": 19272.2167969,
        "mean": 1803.39160156,
        "median": 990.52734375,
        "min": 43.06640625,
        "var": 4165692.75
    },
    "spectral_skewness": {
        "dmean": 0.198297262192,
        "dmean2": 0.323684155941,
        "dvar": 0.214271605015,
        "dvar2": 0.550723314285,
        "max": 10.2732477188,
        "mean": 1.50178062916,
        "median": 1.26819133759,
        "min": 0.0259944051504,
        "var": 0.963054656982
    },
    "spectral_spread": {
        "dmean": 420631.90625,
        "dmean2": 638975.4375,
        "dvar": 269118980096,
        "dvar2": 410488569856,
        "max": 38709528,
        "mean": 5881054,
        "median": 6446308.5,
        "min": 579440.375,
        "var": 3.70017225933e+12
    },
    "spectral_strongpeak": {
        "dmean": 0.22791531682,
        "dmean2": 0.363283514977,
        "dvar": 0.262666404247,
        "dvar2": 0.605640590191,
        "max": 8.30698108673,
        "mean": 0.601460874081,
        "median": 0.298424512148,
        "min": 3.53647511275e-09,
        "var": 0.692294418812
    },
    "zerocrossingrate": {
        "dmean": 0.0114408945665,
        "dmean2": 0.0130005935207,
        "dvar": 0.000176065106643,
        "dvar2": 0.000201717484742,
        "max": 0.48974609375,
        "mean": 0.0696472749114,
        "median": 0.05810546875,
        "min": 0.001953125,
        "var": 0.00233419798315
    },
    "barkbands": {
        "dmean": [0.00197156588547, 0.022976892069, 0.00427330238745, 0.000794563326053, 0.000836383609567, 0.000406874372857, 0.000458194350358, 0.00041756342398, 0.000393821013859, 0.000422975281253, 0.000519915658515, 0.000356153905159, 0.000258383137407, 0.00020353065338, 0.000244585069595, 0.000178845672053, 0.000212023602217, 0.000209194593481, 0.000218315442908, 0.000201162518351, 0.000196025284822, 0.000184140473721, 0.000185451383004, 0.000210261219763, 0.000197137196665, 0.000148899009218, 4.68512698717e-05],
        "dmean2": [0.00249617127702, 0.0305029563606, 0.0076026301831, 0.00143763481174, 0.00145131663885, 0.00067197647877, 0.00076902913861, 0.000684367201757, 0.000632525712717, 0.000707207946107, 0.000828526041005, 0.00059627572773, 0.000426468468504, 0.000351719296305, 0.000416288472479, 0.000300577376038, 0.000362050603144, 0.000358268414857, 0.000373814691557, 0.000350952788722, 0.000330339360517, 0.000308062561089, 0.000301518826745, 0.000349032023223, 0.000329541100655, 0.000241983012529, 7.82153074397e-05],
        "dvar": [2.55534214375e-05, 0.00497662229463, 0.000304601475364, 1.87759778782e-05, 1.40510192068e-05, 1.09430231987e-06, 1.22278800063e-06, 1.31443664486e-06, 1.05889841961e-06, 1.64338496234e-06, 2.72738930107e-06, 1.00793363345e-06, 4.84532108658e-07, 3.21498390576e-07, 1.77758352038e-07, 1.44427630744e-07, 1.39398295573e-07, 1.4681512539e-07, 2.33084250567e-07, 2.81294489923e-07, 1.34422180054e-07, 1.47430114339e-07, 1.67739699464e-07, 2.83800545731e-07, 3.26117287841e-07, 1.40401525073e-07, 1.01242827455e-08],
        "dvar2": [4.72601896035e-05, 0.0101426029578, 0.000832355464809, 5.464734204e-05, 4.03897247452e-05, 3.04039599541e-06, 3.50627533408e-06, 3.25486371366e-06, 2.18209061131e-06, 3.80816572942e-06, 5.70412566958e-06, 2.2645547233e-06, 9.77489776233e-07, 9.00852057839e-07, 4.90938248277e-07, 3.71271028143e-07, 3.84585803204e-07, 4.02229971996e-07, 6.64395486183e-07, 8.10927303974e-07, 3.59270529771e-07, 3.90647613813e-07, 4.1525018446e-07, 7.32495493594e-07, 8.86534166966e-07, 3.5517825836e-07, 2.6193745839e-08],
        "max": [0.0676483735442, 0.778468251228, 0.203332677484, 0.0858915746212, 0.0709363892674, 0.0257993917912, 0.0247814711183, 0.0170349497348, 0.0212597921491, 0.0317590646446, 0.0318313390017, 0.0305944867432, 0.0302116274834, 0.0260579567403, 0.00703572202474, 0.0050648804754, 0.00533922947943, 0.00678026583046, 0.00824781879783, 0.00928324833512, 0.00535194482654, 0.0068481513299, 0.00598095962778, 0.00757021410391, 0.00714799482375, 0.0045527392067, 0.00162891077343],
        "mean": [0.00590762449428, 0.0453481376171, 0.00324919074774, 0.000727418519091, 0.000921484956052, 0.000707129540388, 0.000823661102913, 0.000764567463193, 0.000825745693874, 0.000687022169586, 0.00107328803279, 0.000594293349423, 0.000443186145276, 0.000269495707471, 0.000409900647355, 0.000309576629661, 0.000369629968191, 0.000389943772461, 0.000406405306421, 0.000391901674448, 0.000435520749306, 0.000406206265325, 0.000412430410506, 0.000434453802882, 0.000382087862818, 0.000302099244436, 8.9056789875e-05],
        "median": [0.00270982366055, 0.0177819058299, 0.000306042842567, 0.000125373975607, 0.000160650830367, 0.000309083377942, 0.000313952070428, 0.00013032683637, 0.000175085981027, 0.000154976121848, 0.000185727330972, 0.000167763093486, 0.000149304658407, 0.00010694640514, 0.000213898325455, 0.000115545131848, 0.000202507057111, 0.000213823310332, 0.000214942832827, 0.000246788142249, 0.000279836938716, 0.000256508646999, 0.000249895587331, 0.000249029340921, 0.000224934978178, 0.000181527007953, 4.91907521791e-05],
        "min": [5.95661612012e-23, 2.02328370257e-23, 6.75173900321e-24, 7.79697023629e-24, 6.88495078883e-23, 3.10025585859e-23, 4.77193037175e-23, 4.61119680687e-23, 7.02384773722e-23, 4.08254703549e-23, 7.21626921358e-23, 1.15399912226e-22, 8.56614464431e-23, 7.67569864933e-23, 1.14194343437e-22, 1.82704363457e-22, 1.37246878571e-22, 3.18108172652e-22, 2.24236754157e-22, 2.74196514353e-22, 4.58464904995e-22, 4.41349576847e-22, 8.26273005993e-22, 7.17426962789e-22, 1.20865769142e-21, 1.63917783625e-21, 2.38902483654e-21],
        "var": [7.61644623708e-05, 0.0103129288182, 0.00020427936397, 1.08949043351e-05, 8.69268569659e-06, 1.23903691929e-06, 2.04740331355e-06, 3.11357712235e-06, 3.9584319893e-06, 4.10500570069e-06, 1.14984859465e-05, 3.29032104673e-06, 1.39868427596e-06, 2.91293247301e-07, 2.89235288164e-07, 2.87510033559e-07, 2.41911635612e-07, 2.76746703776e-07, 3.12321304818e-07, 2.84081039581e-07, 2.59844881612e-07, 2.36246748386e-07, 2.87219791062e-07, 3.92717709019e-07, 3.79463727995e-07, 1.97005434188e-07, 1.56064405843e-08]
    },
    "erbbands": {
        "dmean": [0.893862485886, 5.05483055115, 6.42006158829, 3.16514372826, 2.54924249649, 2.95024847984, 2.98794198036, 3.27062344551, 5.19263601303, 7.94849061966, 8.96801185608, 10.2680368423, 10.7241926193, 19.6810646057, 15.4075498581, 15.6315126419, 11.7733688354, 11.3328142166, 11.0550746918, 9.80939483643, 10.011059761, 9.22987365723, 12.1361865997, 9.73959636688, 11.7866296768, 8.94365310669, 8.22767066956, 7.60660409927, 7.15339326859, 5.90165519714, 5.15281248093, 4.64920759201, 3.50325131416, 2.37820792198, 1.39412474632, 0.702189266682, 0.263903975487, 0.0771182253957, 0.00804753694683, 0.00012666436669],
        "dmean2": [1.05285453796, 7.72452163696, 10.9669818878, 5.60706710815, 4.42967653275, 5.10275268555, 5.19653701782, 5.41420507431, 8.65855312347, 13.2784528732, 14.7106866837, 16.3753623962, 17.5056419373, 32.084072113, 25.8207302094, 25.7090988159, 19.3514461517, 19.4905910492, 18.818819046, 16.7508563995, 17.0410881042, 15.8866882324, 20.7892227173, 16.7704029083, 20.4707698822, 15.5104446411, 14.101234436, 12.7157411575, 11.9609270096, 9.7161989212, 8.46778774261, 7.75574874878, 5.81298351288, 4.02235984802, 2.31977701187, 1.16127181053, 0.429084002972, 0.125950008631, 0.0134786497802, 0.000202347990125],
        "dvar": [6.19230413437, 330.530914307, 658.406982422, 195.675262451, 174.246047974, 145.203720093, 103.38722229, 68.4309768677, 134.205673218, 447.719848633, 635.359619141, 783.057067871, 894.331970215, 4333.06298828, 2762.77856445, 2137.17480469, 922.886657715, 892.920349121, 476.471191406, 291.745941162, 354.868988037, 343.826171875, 555.305541992, 484.27545166, 676.691955566, 482.943817139, 263.147003174, 216.362213135, 230.32383728, 150.626327515, 129.548965454, 122.877365112, 82.4783477783, 44.7931556702, 15.9813985825, 3.65985989571, 0.405343323946, 0.0286641120911, 0.000300971645629, 6.51990532674e-08],
        "dvar2": [8.77432155609, 817.498962402, 1723.96520996, 550.227783203, 503.19128418, 412.933929443, 299.955230713, 184.921188354, 382.328552246, 1207.60290527, 1559.38867188, 1560.23327637, 1971.51660156, 9516.98144531, 6455.84765625, 4529.34716797, 1839.3347168, 2518.43579102, 1287.79528809, 789.79284668, 969.221740723, 961.395568848, 1513.14599609, 1383.90136719, 1915.84741211, 1381.96813965, 728.103515625, 567.158447266, 610.639770508, 377.60067749, 323.660491943, 320.964630127, 211.329818726, 120.937538147, 43.4918518066, 9.64478302002, 1.01088297367, 0.0701917037368, 0.000784361560363, 1.5980917567e-07],
        "max": [33.8090667725, 182.653259277, 265.752502441, 231.412689209, 263.705383301, 236.237594604, 242.21182251, 184.694610596, 244.977828979, 397.076629639, 401.871520996, 640.437805176, 756.597106934, 1445.79980469, 1484.55615234, 1521.17993164, 1308.10693359, 1438.20983887, 344.692352295, 246.8956604, 299.300476074, 261.532592773, 429.119598389, 433.221374512, 402.982269287, 353.863067627, 245.201293945, 202.674377441, 261.632232666, 191.750183105, 182.704330444, 147.739929199, 132.022567749, 87.9950408936, 51.595161438, 29.1935749054, 7.46401119232, 2.48866605759, 0.288778662682, 0.00419673509896],
        "mean": [2.11563181877, 6.77366304398, 5.58900117874, 2.81121468544, 2.50860595703, 3.42935562134, 3.88321375847, 5.76382446289, 9.87010383606, 14.5682868958, 16.7625694275, 23.0653495789, 19.9175758362, 39.1962966919, 29.6343669891, 28.6812667847, 21.6398525238, 17.5544567108, 18.368888855, 18.6237678528, 19.1890048981, 17.1537761688, 22.4762210846, 19.088010788, 21.7584877014, 17.9831943512, 17.2284011841, 16.6851730347, 15.0425081253, 13.6990871429, 11.2117862701, 9.37047672272, 7.07474470139, 4.60051870346, 2.58574295044, 1.32187366486, 0.532709956169, 0.162146568298, 0.014581291005, 0.000297589314869],
        "median": [1.04112756252, 1.33683562279, 0.567904055119, 0.522577702999, 0.425036907196, 0.577771484852, 1.44778060913, 2.38530302048, 4.30182361603, 4.29955625534, 4.10730648041, 5.15658664703, 6.02773046494, 7.31495904922, 6.92123651505, 9.01284313202, 8.66419315338, 8.6010055542, 9.56653118134, 10.6798095703, 10.7204446793, 10.7860689163, 12.0109357834, 11.6646738052, 11.6578655243, 11.6194343567, 10.6526384354, 10.7040348053, 9.20194911957, 8.28578281403, 6.81502962112, 5.67045497894, 4.07326602936, 2.62762784958, 1.5120087862, 0.787011265755, 0.319330245256, 0.0970212295651, 0.00771186221391, 0.000202666124096],
        "min": [1.28163143985e-21, 2.81694176562e-21, 6.66840698098e-21, 1.93181408155e-20, 1.66130902526e-19, 2.37083250146e-19, 2.23654334793e-19, 2.16409499247e-19, 6.60913328623e-19, 9.26272920829e-19, 1.24007908564e-18, 1.46250743537e-18, 1.14505278367e-18, 1.70941299e-18, 3.66586471072e-18, 4.49338818963e-18, 3.34853796182e-18, 4.68931543029e-18, 5.51498643823e-18, 7.34499822564e-18, 9.07549232714e-18, 8.98422287272e-18, 1.65860234554e-17, 9.15250366935e-18, 1.62914876004e-17, 1.30883034701e-17, 1.39895266737e-17, 1.88623881052e-17, 1.58678222342e-17, 2.18614521844e-17, 2.13373091893e-17, 1.41345529418e-17, 1.38040016428e-17, 1.36376581032e-17, 7.99944780986e-18, 5.40791700692e-18, 3.26360884678e-18, 1.14039410246e-18, 3.54043952123e-19, 3.69893327196e-20],
        "var": [18.5607833862, 386.248016357, 502.606964111, 123.858795166, 103.862365723, 96.3912582397, 73.1572265625, 89.1853561401, 234.777099609, 771.186645508, 1567.65356445, 3133.25634766, 2323.11962891, 16764.953125, 9161.3515625, 7703.87207031, 2793.17797852, 1012.46496582, 695.006652832, 528.069885254, 607.690124512, 479.620513916, 1050.34216309, 702.042236328, 913.104614258, 536.010681152, 439.51574707, 379.885375977, 347.553344727, 294.575286865, 218.930511475, 167.395950317, 114.212692261, 54.1450157166, 18.0046386719, 4.36665391922, 0.589083909988, 0.0497237332165, 0.000435264082626, 1.27955985363e-07]
    },
    "gfcc": {
        "mean": [0.159993052483, 49.9550361633, -102.510391235, 30.325466156, -47.4843025208, 22.7075557709, -22.3252182007, 17.7158527374, -12.9465389252, 13.0199975967, -8.58697223663, 8.23289012909, -9.73583126068],
        "cov": [[17794.2597656, -5907.95507812, 2013.64599609, 739.999755859, 298.87097168, 1343.19372559, 304.181549072, 1381.07580566, 26.3719291687, 982.352539062, -213.339752197, 909.905273438, -146.014007568], [-5907.95507812, 4169.92822266, -398.382263184, -210.661407471, 179.523956299, -659.906188965, -27.2720851898, -677.630065918, 101.4868927, -477.792327881, 202.9165802, -391.559844971, 191.560638428], [2013.64599609, -398.382263184, 892.606140137, 382.948608398, 243.779037476, 230.032897949, 102.745094299, 190.494812012, 40.2886619568, 124.615570068, -0.802250564098, 124.055038452, 20.7883625031], [739.999755859, -210.661407471, 382.948608398, 539.549682617, 149.371810913, 299.005462646, 55.6529769897, 129.456878662, -24.4447898865, 69.7534637451, -7.92375993729, 51.7819480896, -7.38262462616], [298.87097168, 179.523956299, 243.779037476, 149.371810913, 227.852981567, 100.053367615, 107.176490784, 38.5189247131, 40.7843780518, 16.0352649689, 30.2619800568, 33.3287773132, 35.3746261597], [1343.19372559, -659.906188965, 230.032897949, 299.005462646, 100.053367615, 382.104309082, 122.120079041, 209.679916382, -27.0944843292, 88.531463623, -32.0317611694, 98.4819793701, -5.74439573288], [304.181549072, -27.2720851898, 102.745094299, 55.6529769897, 107.176490784, 122.120079041, 176.146408081, 121.26625824, 57.7671890259, 11.0286254883, 6.48742055893, 26.4516029358, 29.2165203094], [1381.07580566, -677.630065918, 190.494812012, 129.456878662, 38.5189247131, 209.679916382, 121.26625824, 267.032348633, 70.9065475464, 122.578620911, -35.6408233643, 76.6461791992, -18.2129440308], [26.3719291687, 101.4868927, 40.2886619568, -24.4447898865, 40.7843780518, -27.0944843292, 57.7671890259, 70.9065475464, 133.676239014, 64.9953460693, 32.1696014404, -16.1006259918, 1.43883907795], [982.352539062, -477.792327881, 124.615570068, 69.7534637451, 16.0352649689, 88.531463623, 11.0286254883, 122.578620911, 64.9953460693, 179.73374939, 50.4919700623, 76.7136993408, -36.0276679993], [-213.339752197, 202.9165802, -0.802250564098, -7.92375993729, 30.2619800568, -32.0317611694, 6.48742055893, -35.6408233643, 32.1696014404, 50.4919700623, 124.369247437, 52.1910018921, 21.1173381805], [909.905273438, -391.559844971, 124.055038452, 51.7819480896, 33.3287773132, 98.4819793701, 26.4516029358, 76.6461791992, -16.1006259918, 76.7136993408, 52.1910018921, 154.053146362, 43.249206543], [-146.014007568, 191.560638428, 20.7883625031, -7.38262462616, 35.3746261597, -5.74439573288, 29.2165203094, -18.2129440308, 1.43883907795, -36.0276679993, 21.1173381805, 43.249206543, 101.999107361]],
        "icov": [[0.000189077298273, 1.08657086457e-05, -0.00024989634403, 0.000287804636173, -0.000160347175552, -0.000167348669493, 0.000220777947106, -0.000420233904151, 0.000263205933152, -0.00051731755957, 0.000561161898077, -0.000631593633443, 0.000195121785509], [1.08657086457e-05, 0.0015357430093, 8.80162315298e-06, -0.000819216715172, -0.000751950079575, 0.00076805613935, -0.000293183373287, 0.00158944516443, -0.00189729616977, 0.00294890441, -0.00335477362387, 0.00300525780767, -0.00176928157452], [-0.00024989634403, 8.80162315298e-06, 0.00282119144686, -0.00180524680763, -0.00208341097459, 0.00168766628485, -4.326078124e-05, -0.000553886289708, -1.93632240553e-05, -7.56156659918e-05, 0.000574943318497, -0.000604100234341, -0.000238140288275], [0.000287804636173, -0.000819216715172, -0.00180524680763, 0.00642138766125, -0.0018401327543, -0.00524897687137, 0.00480589875951, -0.00398430693895, 0.00291495374404, -0.00132773933001, -0.00101086916402, 0.00173143530264, 2.80759059024e-06], [-0.000160347175552, -0.000751950079575, -0.00208341097459, -0.0018401327543, 0.0131822349504, -0.00230794074014, -0.00872792676091, 0.00949729979038, -0.00571040157229, -0.0015517398715, 0.00409208331257, -0.00497656967491, 0.00176359817851], [-0.000167348669493, 0.00076805613935, 0.00168766628485, -0.00524897687137, -0.00230794074014, 0.0138343963772, -0.00618483265862, -0.00502373324707, 0.00852110888809, -0.00299013382755, -0.000177404086571, 0.0014856394846, -0.00172137771733], [0.000220777947106, -0.000293183373287, -4.326078124e-05, 0.00480589875951, -0.00872792676091, -0.00618483265862, 0.0246300343424, -0.0165234357119, -0.00161835364997, 0.010637097992, -0.0098118474707, 0.0047040944919, -0.00228665373288], [-0.000420233904151, 0.00158944516443, -0.000553886289708, -0.00398430693895, 0.00949729979038, -0.00502373324707, -0.0165234357119, 0.0349346213043, -0.0200789105147, -0.00374851911329, 0.0144663397223, -0.0114639308304, 0.00445707514882], [0.000263205933152, -0.00189729616977, -1.93632240553e-05, 0.00291495374404, -0.00571040157229, 0.00852110888809, -0.00161835364997, -0.0200789105147, 0.0357144773006, -0.0169015396386, -0.00566726364195, 0.0150868995115, -0.00820388831198], [-0.00051731755957, 0.00294890441, -7.56156659918e-05, -0.00132773933001, -0.0015517398715, -0.00299013382755, 0.010637097992, -0.00374851911329, -0.0169015396386, 0.0327199846506, -0.0175386890769, -0.00043183634989, 0.00590393040329], [0.000561161898077, -0.00335477362387, 0.000574943318497, -0.00101086916402, 0.00409208331257, -0.000177404086571, -0.0098118474707, 0.0144663397223, -0.00566726364195, -0.0175386890769, 0.0355069860816, -0.0243034213781, 0.00771673023701], [-0.000631593633443, 0.00300525780767, -0.000604100234341, 0.00173143530264, -0.00497656967491, 0.0014856394846, 0.0047040944919, -0.0114639308304, 0.0150868995115, -0.00043183634989, -0.0243034213781, 0.0382725223899, -0.0194464344531], [0.000195121785509, -0.00176928157452, -0.000238140288275, 2.80759059024e-06, 0.00176359817851, -0.00172137771733, -0.00228665373288, 0.00445707514882, -0.00820388831198, 0.00590393040329, 0.00771673023701, -0.0194464344531, 0.0230461917818]]
    },
    "melbands": {
        "dmean": [0.00675597134978, 0.00445662392303, 0.000539728207514, 0.000197606059373, 0.000106699641037, 7.48489837861e-05, 8.74899706105e-05, 8.66282935021e-05, 6.99646552675e-05, 6.70635999995e-05, 5.31012119609e-05, 7.77819950599e-05, 5.46642550034e-05, 4.47327875008e-05, 2.49888616963e-05, 3.09272945742e-05, 2.22959242819e-05, 1.64738630701e-05, 1.84107666428e-05, 1.45524945765e-05, 1.28325982587e-05, 1.02660351331e-05, 1.26598652059e-05, 8.88902559382e-06, 8.35351238493e-06, 1.00143215604e-05, 7.64022661315e-06, 6.32811907053e-06, 5.33573893335e-06, 5.48526395505e-06, 4.76171271657e-06, 4.46149851996e-06, 3.65844039152e-06, 3.51759354089e-06, 3.18455158776e-06, 3.26112581206e-06, 2.89160652756e-06, 2.62965681941e-06, 2.1287587515e-06, 2.20462675316e-06],
        "dmean2": [0.00841844361275, 0.00715692481026, 0.000939918565564, 0.000343319319654, 0.000185323515325, 0.000122670331621, 0.000145275233081, 0.000144565361552, 0.000114878275781, 0.000106537772808, 8.72721066116e-05, 0.0001274542592, 9.0441921202e-05, 7.51307743485e-05, 4.14710702898e-05, 5.09045385115e-05, 3.83639417123e-05, 2.80250260403e-05, 3.15129946102e-05, 2.41548041231e-05, 2.19307112275e-05, 1.75584700628e-05, 2.18541972572e-05, 1.5264884496e-05, 1.43808820212e-05, 1.72295513039e-05, 1.34673691718e-05, 1.08351405288e-05, 9.1680794867e-06, 9.29201632971e-06, 7.93306753621e-06, 7.47197645978e-06, 6.09662674833e-06, 5.76194133828e-06, 5.26053736394e-06, 5.46749697605e-06, 4.81736060465e-06, 4.35966785517e-06, 3.53529799213e-06, 3.78076310881e-06],
        "dvar": [0.000374279392418, 0.000280050415313, 5.46682622371e-06, 8.37285995203e-07, 1.46509776755e-07, 3.37730341471e-08, 3.90063839006e-08, 5.6563116857e-08, 3.85095333399e-08, 3.46406103802e-08, 2.22112621628e-08, 6.80603235992e-08, 2.90550996596e-08, 1.49362762158e-08, 4.75342387674e-09, 8.29178414818e-09, 4.16456114039e-09, 1.18969734064e-09, 1.08131736898e-09, 8.87838247365e-10, 5.68045055438e-10, 3.50021345241e-10, 6.34154506685e-10, 2.89719248592e-10, 3.66382535422e-10, 4.71618077924e-10, 4.873121906e-10, 1.78223963365e-10, 1.22339652298e-10, 1.02288885695e-10, 8.38816446858e-11, 8.07608077635e-11, 5.61089820439e-11, 5.32049335145e-11, 4.53479094553e-11, 5.50010037514e-11, 4.54604895395e-11, 4.29041767391e-11, 2.61307416677e-11, 4.54593619692e-11],
        "dvar2": [0.000629330112133, 0.000703268509824, 1.5235441424e-05, 2.40609711e-06, 4.23989320097e-07, 9.10435886681e-08, 1.116982844e-07, 1.50407473143e-07, 9.49275218431e-08, 6.75610607459e-08, 4.91709464256e-08, 1.52608052417e-07, 6.74354652119e-08, 3.46581892074e-08, 1.04248600863e-08, 1.59843374092e-08, 1.16928999816e-08, 3.20048920699e-09, 3.05810288204e-09, 2.15905204826e-09, 1.56783230842e-09, 9.60749590995e-10, 1.76295156251e-09, 7.84590059588e-10, 1.03685116049e-09, 1.31372657197e-09, 1.41638079043e-09, 4.97323182636e-10, 3.38945899125e-10, 2.76429351631e-10, 2.14793988151e-10, 2.15072223919e-10, 1.48477161122e-10, 1.31338218079e-10, 1.12264385288e-10, 1.4512539781e-10, 1.18732246257e-10, 1.09205269827e-10, 6.6951479083e-11, 1.26270327527e-10],
        "max": [0.231085956097, 0.153663501143, 0.0399038083851, 0.0180164109915, 0.00898877717555, 0.00421138340607, 0.00427362136543, 0.00421421602368, 0.00300214136951, 0.00424236757681, 0.00372903910466, 0.00550040928647, 0.00424080202356, 0.00370699516498, 0.00297715328634, 0.00420297635719, 0.00325029529631, 0.000519616703968, 0.000718342955224, 0.000487080164021, 0.000370109715732, 0.000269186042715, 0.000327612360707, 0.000365574349416, 0.000348764413502, 0.000323996908264, 0.000448170263553, 0.000195368251298, 0.000171574036358, 0.000158447714057, 0.000144844714669, 0.000153309694724, 0.000123570440337, 0.000104259102955, 0.000118587704492, 9.61500700214e-05, 9.08337751753e-05, 9.79826290859e-05, 8.04660157883e-05, 8.76882768353e-05],
        "mean": [0.0152360321954, 0.00494810007513, 0.000486198317958, 0.000212969564018, 0.000137706490932, 0.000133516266942, 0.000166437414009, 0.000159824397997, 0.000124258905998, 0.00014877547801, 9.15402342798e-05, 0.000148340142914, 0.000105261795397, 8.0632911704e-05, 4.61363561044e-05, 5.10065838171e-05, 3.02068183373e-05, 2.58146665146e-05, 2.91991782433e-05, 2.62272151303e-05, 2.24188734137e-05, 1.80223487405e-05, 2.10995458474e-05, 1.71436495293e-05, 1.45378417074e-05, 1.69971881405e-05, 1.27842868096e-05, 1.20808999782e-05, 1.02765716292e-05, 1.09363672891e-05, 9.40829886531e-06, 8.61479929881e-06, 7.57572161092e-06, 7.57950920161e-06, 6.52379685562e-06, 6.09897324466e-06, 5.50406730326e-06, 5.1406655075e-06, 4.1224029701e-06, 3.87396175938e-06],
        "median": [0.00687013566494, 0.000709011976141, 8.7428590632e-05, 3.62376085832e-05, 4.79701993754e-05, 5.56954146305e-05, 6.95581256878e-05, 4.38454808318e-05, 2.87309740088e-05, 3.14901371894e-05, 2.65940780082e-05, 2.41282778006e-05, 2.04443713301e-05, 2.06585373235e-05, 1.69810173247e-05, 1.67619891727e-05, 1.21122002383e-05, 1.20478362078e-05, 1.60794552357e-05, 9.18749992707e-06, 1.18221269076e-05, 1.05043027361e-05, 8.653390978e-06, 9.76585306489e-06, 6.8217855187e-06, 8.30535100249e-06, 7.42468819226e-06, 6.81115398038e-06, 6.33479794487e-06, 5.65959635423e-06, 5.36252900929e-06, 4.83591884404e-06, 4.43662884209e-06, 4.06709796152e-06, 3.40512406183e-06, 3.38519362231e-06, 2.98244685837e-06, 2.77852291219e-06, 2.30179011851e-06, 2.04351067623e-06],
        "min": [1.35064535897e-23, 3.69561849232e-24, 6.16974385418e-24, 1.79217727629e-23, 7.14415154962e-24, 5.71246603654e-24, 9.23724013375e-24, 9.60952726075e-24, 1.24952806374e-23, 8.54744990303e-24, 5.30304486014e-24, 6.25297538499e-24, 9.46706765874e-24, 1.83547816692e-23, 4.23338497141e-24, 9.83075304643e-24, 8.28658306801e-24, 8.15359610774e-24, 8.95919664137e-24, 1.06904055404e-23, 1.13442962891e-23, 8.95504092212e-24, 1.17150656477e-23, 1.64556447938e-23, 5.86343389784e-24, 9.88978666341e-24, 1.19485384989e-23, 7.96591347662e-24, 5.98942129529e-24, 1.48175640801e-23, 8.3613836479e-24, 7.79302435405e-24, 1.01461995898e-23, 1.37050966543e-23, 1.32467321808e-23, 1.0512746176e-23, 7.65151848487e-24, 9.84170480238e-24, 8.43260201042e-24, 1.3257545886e-23],
        "var": [0.00100488890894, 0.00026624914608, 3.53404948328e-06, 5.14442035637e-07, 9.87173933709e-08, 4.50978738797e-08, 6.95917918847e-08, 1.00103804357e-07, 9.41640792007e-08, 1.41671335996e-07, 5.54325474411e-08, 2.50871266871e-07, 1.00160093552e-07, 5.09332842569e-08, 1.50525529818e-08, 2.48058356078e-08, 3.88242415994e-09, 1.60104662861e-09, 1.62212598909e-09, 2.19008544633e-09, 9.14473052838e-10, 5.42442146756e-10, 1.06919184617e-09, 5.55577139849e-10, 5.32261179575e-10, 7.07012448586e-10, 4.14156736683e-10, 2.58153276533e-10, 1.79709289116e-10, 2.00883309986e-10, 1.47404408124e-10, 1.22432897154e-10, 9.16188305777e-11, 1.04387734567e-10, 8.12826542185e-11, 7.2994492395e-11, 6.30092644727e-11, 5.93872104271e-11, 4.03191924292e-11, 4.66752886341e-11]
    },
    "mfcc": {
        "mean": [-647.174316406, 86.7108840942, 8.65608406067, 17.5723667145, 6.17181253433, 10.6291093826, 6.67443752289, 9.56946372986, 6.46893310547, 8.21574306488, 6.38104867935, 8.54055976868, 7.35369825363],
        "cov": [[13367.6328125, -3539.2019043, 397.495819092, 310.920379639, 156.908935547, 413.253997803, 592.084716797, 635.65612793, 626.596496582, 415.891082764, 357.57321167, 305.266174316, 281.359863281], [-3539.2019043, 2381.40209961, 4.38002586365, -31.1107063293, 59.6334991455, -108.814498901, -168.742080688, -187.42855835, -192.076171875, -146.275405884, -123.880706787, -100.015167236, -81.4138641357], [397.495819092, 4.38002586365, 558.344848633, 226.257705688, 204.387664795, 111.198928833, 92.8779067993, 75.348487854, 61.9758911133, 40.69789505, 44.9483108521, -1.13278591633, 3.14739274979], [310.920379639, -31.1107063293, 226.257705688, 290.83013916, 160.308746338, 144.286026001, 98.7555389404, 70.6218490601, 42.6975784302, 51.5083961487, 32.7188262939, 24.6285018921, 23.1787528992], [156.908935547, 59.6334991455, 204.387664795, 160.308746338, 183.721343994, 119.624168396, 79.307144165, 47.4345054626, 29.1239776611, 18.6697692871, 23.967382431, 13.3947191238, 8.72159290314], [413.253997803, -108.814498901, 111.198928833, 144.286026001, 119.624168396, 181.491882324, 133.710754395, 87.7760238647, 41.3606414795, 28.7336330414, 18.908449173, 13.837313652, 16.1730709076], [592.084716797, -168.742080688, 92.8779067993, 98.7555389404, 79.307144165, 133.710754395, 169.036178589, 130.45223999, 70.5202865601, 29.8694763184, 17.2963848114, 12.9898519516, 18.7704181671], [635.65612793, -187.42855835, 75.348487854, 70.6218490601, 47.4345054626, 87.7760238647, 130.45223999, 169.209625244, 119.46572113, 52.2798271179, 21.5136489868, 10.1687345505, 12.696062088], [626.596496582, -192.076171875, 61.9758911133, 42.6975784302, 29.1239776611, 41.3606414795, 70.5202865601, 119.46572113, 163.041671753, 97.7530899048, 38.9520378113, 12.8097953796, 4.3139629364], [415.891082764, -146.275405884, 40.69789505, 51.5083961487, 18.6697692871, 28.7336330414, 29.8694763184, 52.2798271179, 97.7530899048, 127.97983551, 73.9121017456, 32.9878921509, 13.5502595901], [357.57321167, -123.880706787, 44.9483108521, 32.7188262939, 23.967382431, 18.908449173, 17.2963848114, 21.5136489868, 38.9520378113, 73.9121017456, 108.437515259, 72.7390136719, 34.0070915222], [305.266174316, -100.015167236, -1.13278591633, 24.6285018921, 13.3947191238, 13.837313652, 12.9898519516, 10.1687345505, 12.8097953796, 32.9878921509, 72.7390136719, 115.388969421, 73.0021896362], [281.359863281, -81.4138641357, 3.14739274979, 23.1787528992, 8.72159290314, 16.1730709076, 18.7704181671, 12.696062088, 4.3139629364, 13.5502595901, 34.0070915222, 73.0021896362, 102.390899658]],
