{
"lowlevel": {
    "average_loudness": 0.926217734814,
    "barkbands_crest": {
        "dmean": 2.57979369164,
        "dmean2": 3.62688827515,
        "dvar": 9.98046779633,
        "dvar2": 16.8401355743,
        "max": 25.5876922607,
        "mean": 8.47445964813,
        "median": 5.77994251251,
        "min": 1.81491804123,
        "var": 40.5112266541
    },
    "barkbands_flatness_db": {
        "dmean": 0.0213249325752,
        "dmean2": 0.0287471283227,
        "dvar": 0.000644785293844,
        "dvar2": 0.000929654634092,
        "max": 0.391121387482,
        "mean": 0.0960958898067,
        "median": 0.0767128765583,
        "min": 0.00974611472338,
        "var": 0.00415318831801
    },
    "barkbands_kurtosis": {
        "dmean": 2.53635406494,
        "dmean2": 3.33011722565,
        "dvar": 75.9383468628,
        "dvar2": 126.641853333,
        "max": 426.632476807,
        "mean": 3.05466294289,
        "median": -0.551796913147,
        "min": -1.90163934231,
        "var": 197.271652222
    },
    "barkbands_skewness": {
        "dmean": 0.556563079357,
        "dmean2": 0.721115648746,
        "dvar": 0.590369224548,
        "dvar2": 0.851242899895,
        "max": 19.6083030701,
        "mean": 0.906870424747,
        "median": 0.399262875319,
        "min": -3.79924559593,
        "var": 2.92339968681
    },
    "barkbands_spread": {
        "dmean": 8.2152671814,
        "dmean2": 12.159661293,
        "dvar": 88.8074493408,
        "dvar2": 172.470321655,
        "max": 118.028282166,
        "mean": 38.8632965088,
        "median": 40.4178886414,
        "min": 0.818757414818,
        "var": 392.602783203
    },
    "dissonance": {
        "dmean": 0.0131631856784,
        "dmean2": 0.022347426042,
        "dvar": 0.000224941046326,
        "dvar2": 0.000602036423516,
        "max": 0.500000059605,
        "mean": 0.478761225939,
        "median": 0.484802365303,
        "min": 0.274227440357,
        "var": 0.000471815641504
    },
    "dynamic_complexity": 4.88606739044,
    "erbbands_crest": {
        "dmean": 1.90706121922,
        "dmean2": 3.19630551338,
        "dvar": 3.76861453056,
        "dvar2": 9.62567996979,
        "max": 28.701997757,
        "mean": 5.79312324524,
        "median": 4.97343540192,
        "min": 2.02092146873,
        "var": 8.31941986084
    },
    "erbbands_flatness_db": {
        "dmean": 0.0126329073682,
        "dmean2": 0.0187197271734,
        "dvar": 0.000147740996908,
        "dvar2": 0.000294399767881,
        "max": 0.379728913307,
        "mean": 0.127079352736,
        "median": 0.106436446309,
        "min": 0.0492162816226,
        "var": 0.00348527240567
    },
    "erbbands_kurtosis": {
        "dmean": 0.569089829922,
        "dmean2": 0.90986508131,
        "dvar": 0.593737006187,
        "dvar2": 1.40180373192,
        "max": 15.6483211517,
        "mean": -0.124412760139,
        "median": -0.494202852249,
        "min": -1.82491779327,
        "var": 1.83319020271
    },
    "erbbands_skewness": {
        "dmean": 0.290887057781,
        "dmean2": 0.454640477896,
        "dvar": 0.0633996129036,
        "dvar2": 0.153822287917,
        "max": 3.2843515873,
        "mean": -0.00164801510982,
        "median": 0.000997548224404,
        "min": -2.82024931908,
        "var": 0.324829906225
    },
    "erbbands_spread": {
        "dmean": 8.85548496246,
        "dmean2": 13.5923318863,
        "dvar": 117.738746643,
        "dvar2": 266.361083984,
        "max": 160.440475464,
        "mean": 45.702331543,
        "median": 45.1277618408,
        "min": 3.41678714752,
        "var": 379.863830566
    },
    "hfc": {
        "dmean": 25.3053531647,
        "dmean2": 39.0366897583,
        "dvar": 1820.18286133,
        "dvar2": 4560.90722656,
        "max": 393.377349854,
        "mean": 62.4086990356,
        "median": 52.7130737305,
        "min": 1.19165293406e-16,
        "var": 3435.96484375
    },
    "melbands_crest": {
        "dmean": 4.124563694,
        "dmean2": 5.72033548355,
        "dvar": 18.9579601288,
        "dvar2": 33.5725364685,
        "max": 37.3890953064,
        "mean": 14.7989349365,
        "median": 10.640958786,
        "min": 2.15528655052,
        "var": 105.396903992
    },
    "melbands_flatness_db": {
        "dmean": 0.0293869618326,
        "dmean2": 0.0393584184349,
        "dvar": 0.00143260625191,
        "dvar2": 0.00233159353957,
        "max": 0.510535180569,
        "mean": 0.129407554865,
        "median": 0.100627370179,
        "min": 0.00541947316378,
        "var": 0.00765114044771
    },
    "melbands_kurtosis": {
        "dmean": 11.6888875961,
        "dmean2": 15.251373291,
        "dvar": 1283.62719727,
        "dvar2": 2326.23461914,
        "max": 1783.53771973,
        "mean": 19.7446498871,
        "median": 2.27937936783,
        "min": -1.52622509003,
        "var": 3194.01074219
    },
    "melbands_skewness": {
        "dmean": 0.929215013981,
        "dmean2": 1.17461287975,
        "dvar": 2.08976435661,
        "dvar2": 2.83147644997,
        "max": 33.442111969,
        "mean": 2.66170310974,
        "median": 1.46980977058,
        "min": -2.21944856644,
        "var": 9.78180408478
    },
    "melbands_spread": {
        "dmean": 13.5532932281,
        "dmean2": 20.8760871887,
        "dvar": 331.817199707,
        "dvar2": 703.06640625,
        "max": 233.632827759,
        "mean": 50.830745697,
        "median": 48.5658454895,
        "min": 0.256591260433,
        "var": 1189.70544434
    },
    "pitch_salience": {
        "dmean": 0.088684245944,
        "dmean2": 0.132491469383,
        "dvar": 0.0135806864128,
        "dvar2": 0.0255429465324,
        "max": 0.945842981339,
        "mean": 0.580312132835,
        "median": 0.659479856491,
        "min": 0.0342290922999,
        "var": 0.0440040044487
    },
    "silence_rate_20dB": {
        "dmean": 0,
        "dmean2": 0,
        "dvar": 0,
        "dvar2": 0,
        "max": 1,
        "mean": 1,
        "median": 1,
        "min": 1,
        "var": 0
    },
    "silence_rate_30dB": {
        "dmean": 0.0677434504032,
        "dmean2": 0.135508149862,
        "dvar": 0.0631521940231,
        "dvar2": 0.117151029408,
        "max": 1,
        "mean": 0.838037014008,
        "median": 1,
        "min": 0,
        "var": 0.13573898375
    },
    "silence_rate_60dB": {
        "dmean": 0.0210130158812,
        "dmean2": 0.0420326218009,
        "dvar": 0.0205723457038,
        "dvar2": 0.0437192730606,
        "max": 1,
        "mean": 0.0950141102076,
        "median": 0,
        "min": 0,
        "var": 0.0859899222851
    },
    "spectral_centroid": {
        "dmean": 311.271575928,
        "dmean2": 508.049285889,
        "dvar": 150338.671875,
        "dvar2": 410670.46875,
        "max": 11434.8535156,
        "mean": 2421.03051758,
        "median": 2504.06542969,
        "min": 307.050079346,
        "var": 601657.375
    },
    "spectral_complexity": {
        "dmean": 6.12890052795,
        "dmean2": 9.30897140503,
        "dvar": 49.5277404785,
        "dvar2": 103.239120483,
        "max": 61,
        "mean": 26.1531829834,
        "median": 26,
        "min": 0,
        "var": 207.930969238
    },
    "spectral_decrease": {
        "dmean": 3.78250675226e-09,
        "dmean2": 4.2273864409e-09,
        "dvar": 4.02526170014e-17,
        "dvar2": 3.52892553934e-17,
        "max": 4.69807438589e-29,
        "mean": -1.00466763797e-08,
        "median": -4.01868316402e-09,
        "min": -6.85466972072e-08,
        "var": 2.0295049706e-16
    },
    "spectral_energy": {
        "dmean": 0.0155204739422,
        "dmean2": 0.0179744102061,
        "dvar": 0.00058898399584,
        "dvar2": 0.000550553959329,
        "max": 0.260993361473,
        "mean": 0.0435791909695,
        "median": 0.0213667005301,
        "min": 1.06313323605e-20,
        "var": 0.00301089789718
    },
    "spectral_energyband_high": {
        "dmean": 0.0024610303808,
        "dmean2": 0.00381255475804,
        "dvar": 1.78518821485e-05,
        "dvar2": 4.44415454695e-05,
        "max": 0.0399858616292,
        "mean": 0.00573683204129,
        "median": 0.00435716100037,
        "min": 7.53483666736e-21,
        "var": 3.64529769286e-05
    },
    "spectral_energyband_low": {
        "dmean": 0.0120762437582,
        "dmean2": 0.0136570017785,
        "dvar": 0.000685213657562,
        "dvar2": 0.000653733673971,
        "max": 0.258483409882,
        "mean": 0.0262871496379,
        "median": 0.00227978592739,
        "min": 7.94975018999e-23,
        "var": 0.00287421885878
    },
    "spectral_energyband_middle_high": {
        "dmean": 0.00265586865135,
        "dmean2": 0.00434495415539,
        "dvar": 1.14731292342e-05,
        "dvar2": 2.92889635602e-05,
        "max": 0.033151153475,
        "mean": 0.00651618652046,
        "median": 0.00591573817655,
        "min": 1.51966497997e-21,
        "var": 2.50868088187e-05
    },
    "spectral_energyband_middle_low": {
        "dmean": 0.00488334335387,
        "dmean2": 0.00869178585708,
        "dvar": 0.00015303811233,
        "dvar2": 0.000436888221884,
        "max": 0.093889400363,
        "mean": 0.00553928920999,
        "median": 0.00295612728223,
        "min": 3.65479055441e-22,
        "var": 9.32541224756e-05
    },
    "spectral_entropy": {
        "dmean": 0.0971957668662,
        "dmean2": 0.154603272676,
        "dvar": 0.0122727351263,
        "dvar2": 0.0310755632818,
        "max": 9.79822158813,
        "mean": 8.23215389252,
        "median": 8.34739875793,
        "min": 6.11438083649,
        "var": 0.143093302846
    },
    "spectral_flux": {
        "dmean": 0.0381867364049,
        "dmean2": 0.0526980757713,
        "dvar": 0.00263180187903,
        "dvar2": 0.00407144427299,
        "max": 0.494473099709,
        "mean": 0.106662496924,
        "median": 0.0919203609228,
        "min": 1.03108355187e-10,
        "var": 0.00598400691524
    },
    "spectral_kurtosis": {
        "dmean": 0.87503528595,
        "dmean2": 1.45191788673,
        "dvar": 4.99102306366,
        "dvar2": 14.8654880524,
        "max": 54.6913108826,
        "mean": 2.53607368469,
        "median": 1.69962000847,
        "min": -1.24524784088,
        "var": 12.3677949905
    },
    "spectral_rms": {
        "dmean": 0.00109726586379,
        "dmean2": 0.00132692838088,
        "dvar": 2.17779484046e-06,
        "dvar2": 2.30354976338e-06,
        "max": 0.015957057476,
        "mean": 0.00541721424088,
        "median": 0.00456569390371,
        "min": 3.22056378961e-12,
        "var": 1.31700608108e-05
    },
    "spectral_rolloff": {
        "dmean": 1219.55529785,
        "dmean2": 1891.3861084,
        "dvar": 3212517.75,
        "dvar2": 6643700,
        "max": 19078.4179688,
        "mean": 4574.82617188,
        "median": 4543.50585938,
        "min": 64.599609375,
        "var": 12056338
    },
    "spectral_skewness": {
        "dmean": 0.132299080491,
        "dmean2": 0.20961779356,
        "dvar": 0.0320428200066,
        "dvar2": 0.0893628895283,
        "max": 5.32472801208,
        "mean": 1.23592579365,
        "median": 1.15666055679,
        "min": -0.0127826724201,
        "var": 0.171385556459
    },
    "spectral_spread": {
        "dmean": 542414.6875,
        "dmean2": 784059.8125,
        "dvar": 522917576704,
        "dvar2": 792582291456,
        "max": 42903748,
        "mean": 6609749.5,
        "median": 7015973,
        "min": 1109172.375,
        "var": 3.8461987881e+12
    },
    "spectral_strongpeak": {
        "dmean": 0.594714283943,
        "dmean2": 0.982279539108,
        "dvar": 1.51580905914,
        "dvar2": 4.07258081436,
        "max": 22.1838111877,
        "mean": 0.861105978489,
        "median": 0.492805123329,
        "min": 0,
        "var": 1.80224335194
    },
    "zerocrossingrate": {
        "dmean": 0.0197240505368,
        "dmean2": 0.0206326395273,
        "dvar": 0.000425382895628,
        "dvar2": 0.000367290660506,
        "max": 0.7373046875,
        "mean": 0.140466451645,
        "median": 0.13720703125,
        "min": 0.00390625,
        "var": 0.00633107963949
    },
    "barkbands": {
        "dmean": [0.00217595393769, 0.010623219423, 0.00160112266894, 0.00116387021262, 0.0017482774565, 0.00105431105476, 0.000578650739044, 0.000552879006136, 0.000584322260693, 0.000708742474671, 0.000576238380745, 0.000609244510997, 0.000471517647384, 0.000521869922522, 0.000304416695144, 0.000351360678906, 0.000297431484796, 0.000331788643962, 0.000283537199721, 0.000307850074023, 0.000339203310432, 0.000442697841208, 0.00043201961671, 0.000587374903262, 0.000586086127441, 0.000271378899924, 8.91031086212e-05],
        "dmean2": [0.00237784907222, 0.0129819391295, 0.00299521698616, 0.00220320210792, 0.00324788619764, 0.00188747805078, 0.00098348618485, 0.000933285569772, 0.000939614896197, 0.00116235052701, 0.000958273536526, 0.00100938684773, 0.000810237368569, 0.000906452827621, 0.0005188457435, 0.000581278640311, 0.000514178420417, 0.000574914040044, 0.000478428322822, 0.000513289414812, 0.000568681105506, 0.000728453218471, 0.00070159859024, 0.000927990826312, 0.000935237272643, 0.000426394399256, 0.000144482022733],
        "dvar": [2.29807174037e-05, 0.000633600517176, 3.67456450476e-05, 1.8009564883e-05, 3.16093828587e-05, 6.98977828506e-06, 1.11910651412e-06, 7.47391993627e-07, 9.0959008503e-07, 1.08883602934e-06, 6.36899244455e-07, 9.67634264271e-07, 4.62204894802e-07, 5.93751053657e-07, 1.74958898924e-07, 3.15079773827e-07, 2.09631096482e-07, 2.71797745199e-07, 1.54480630954e-07, 2.29171973842e-07, 3.06788081161e-07, 5.41756662642e-07, 4.779470828e-07, 1.00580189155e-06, 1.14610566015e-06, 2.16163826394e-07, 1.99857144167e-08],
        "dvar2": [2.66201841441e-05, 0.000738993112464, 0.0001057989939, 5.25713076058e-05, 9.18365694815e-05, 2.02221199288e-05, 2.94463961836e-06, 1.97489453058e-06, 2.16848593482e-06, 2.60569709098e-06, 1.5492082639e-06, 2.2899087071e-06, 1.23136021557e-06, 1.64095183663e-06, 4.7701252015e-07, 8.04771389085e-07, 5.80726407406e-07, 7.40710902392e-07, 4.13625855344e-07, 5.78749961733e-07, 7.70913516135e-07, 1.32773823225e-06, 1.19363539852e-06, 2.41927318712e-06, 2.92073605124e-06, 5.17903231412e-07, 4.96477703393e-08],
        "max": [0.0497503206134, 0.225161164999, 0.0500166341662, 0.0312476865947, 0.0485494323075, 0.0210623200983, 0.0115697048604, 0.0129577293992, 0.0131562799215, 0.0158239677548, 0.00907649844885, 0.0176249351352, 0.0133661786094, 0.0079114343971, 0.00465919915587, 0.0088393734768, 0.00686916988343, 0.00562450289726, 0.00434831762686, 0.0109132193029, 0.0117193395272, 0.0124359838665, 0.0153299393132, 0.0179158281535, 0.0116648478433, 0.00645567988977, 0.00145457801409],
        "mean": [0.00312451436184, 0.0218665488064, 0.0010008784011, 0.000747409067117, 0.0013034051517, 0.00102026714012, 0.000642496743239, 0.000642342143692, 0.000795322353952, 0.000939219025895, 0.000788174686022, 0.00082816707436, 0.000642817176413, 0.000663905579131, 0.000449254177511, 0.000611510069575, 0.000482965173433, 0.000536244362593, 0.000532101781573, 0.000596542551648, 0.000713639543392, 0.000900578976143, 0.000891160452738, 0.00113823800348, 0.00100227352232, 0.000566398142837, 0.000152776396135],
        "median": [0.000262761517661, 0.00163895636797, 5.14621024195e-05, 7.1143374953e-05, 0.000231056299526, 0.000348219764419, 0.000214795945794, 0.000299402046949, 0.000354790419806, 0.000475379754789, 0.000457984628156, 0.000415564078139, 0.000390985922422, 0.000416398921516, 0.000278511550277, 0.000304550485453, 0.000299896259094, 0.00034439668525, 0.000400076649385, 0.000414983922383, 0.000519349065144, 0.000616240897216, 0.000634545343928, 0.000715381582268, 0.000610580085777, 0.000472985848319, 4.63650430902e-05],
        "min": [1.97306008418e-23, 2.19516497645e-23, 1.81120854562e-23, 5.637956073e-23, 1.03666855817e-22, 4.9743596531e-23, 5.23517536994e-23, 3.10186892137e-23, 5.72852109145e-23, 5.12710931453e-23, 4.98352621682e-23, 4.31109550141e-23, 1.34783032461e-22, 5.67274736328e-23, 1.43435132652e-22, 1.4496340235e-22, 1.98144390856e-22, 2.15389975716e-22, 2.29932557084e-22, 4.49395200773e-22, 4.24234450647e-22, 5.83012688092e-22, 6.77352576369e-22, 5.69564086405e-22, 1.14096055154e-21, 1.84570873992e-21, 2.3992957298e-21],
        "var": [5.7937377278e-05, 0.00220418674871, 2.08750643651e-05, 9.73553778749e-06, 1.74747056008e-05, 4.4080366024e-06, 1.23137363062e-06, 8.3202650103e-07, 1.43918555295e-06, 1.63917991358e-06, 9.62001195148e-07, 1.53820110427e-06, 6.20756964054e-07, 6.15685905814e-07, 2.74325429928e-07, 8.4116754806e-07, 3.45511182331e-07, 3.86704016364e-07, 2.93229533099e-07, 4.78010406368e-07, 7.36222887099e-07, 1.20365496059e-06, 1.01272394204e-06, 2.00147042051e-06, 1.60496415447e-06, 3.67120293276e-07, 3.98875243945e-08]
    },
    "erbbands": {
        "dmean": [0.614783287048, 1.8210183382, 1.90926539898, 3.20420193672, 4.39823246002, 6.0951051712, 7.83715963364, 9.05740261078, 8.33175849915, 10.3430557251, 10.7106351852, 13.9297647476, 22.1122493744, 16.5933380127, 22.2185688019, 24.1286506653, 22.8405838013, 22.4811897278, 18.4640464783, 17.0979576111, 16.2048778534, 16.8959598541, 18.5016651154, 15.1002101898, 13.737950325, 15.0031881332, 13.3033485413, 14.6693181992, 15.1628866196, 14.8742933273, 12.8983011246, 11.997841835, 10.1439361572, 7.92140102386, 3.82144570351, 1.45400702953, 0.445576906204, 0.12954069674, 0.0152683686465, 0.000220992937102],
        "dmean2": [0.65087968111, 2.34413695335, 3.24353480339, 6.09255218506, 8.41170406342, 11.2865972519, 14.2491731644, 15.8905382156, 14.203953743, 17.7022094727, 17.9089298248, 22.3675918579, 36.1776847839, 27.4529342651, 36.9148674011, 40.0312995911, 38.7055931091, 38.6886558533, 31.8155002594, 28.9706630707, 26.8868331909, 29.0259780884, 32.0868263245, 25.7494602203, 23.1706676483, 25.0959873199, 22.3345661163, 24.3462257385, 24.7720432281, 25.0266990662, 20.956193924, 19.0464420319, 16.2228012085, 13.1152601242, 5.94619226456, 2.30464839935, 0.695661962032, 0.206251844764, 0.0250638276339, 0.00035594846122],
        "dvar": [1.79086053371, 20.6127223969, 41.3291893005, 141.296218872, 259.282562256, 363.093292236, 508.480560303, 418.73046875, 243.482162476, 317.246307373, 307.494750977, 576.662353516, 1134.20349121, 668.305847168, 1047.84179688, 1444.49633789, 1067.62573242, 1028.79980469, 646.096069336, 554.515808105, 713.218200684, 690.174377441, 899.82598877, 414.718231201, 424.139221191, 626.374206543, 419.872833252, 602.096191406, 642.387451172, 685.929992676, 451.246124268, 397.707122803, 335.231658936, 235.371063232, 43.7136878967, 6.90103149414, 0.491027742624, 0.0413977615535, 0.000622914114501, 1.2520061432e-07],
        "dvar2": [1.57693564892, 39.0985984802, 112.790649414, 410.445526123, 755.609558105, 1053.68005371, 1480.06628418, 1201.04882812, 640.327514648, 863.898681641, 773.51385498, 1397.62573242, 2700.83935547, 1630.31494141, 2583.3515625, 3485.75878906, 2743.96044922, 2812.72949219, 1768.09484863, 1504.85412598, 1776.24853516, 1890.8972168, 2452.21386719, 1118.59631348, 1123.75085449, 1560.43737793, 1077.57678223, 1514.18847656, 1519.11572266, 1789.34729004, 1141.50756836, 970.545349121, 839.965393066, 621.574401855, 104.428871155, 17.2291946411, 1.13089632988, 0.0998031720519, 0.0015823993599, 3.11003503839e-07],
        "max": [13.1809644699, 44.5648422241, 54.4054908752, 83.4792709351, 132.913131714, 160.343048096, 189.368301392, 169.471221924, 186.363922119, 156.740249634, 269.086029053, 350.691894531, 606.629882812, 443.755981445, 415.996063232, 635.052490234, 591.662353516, 412.313018799, 314.24331665, 285.908172607, 533.141906738, 294.371948242, 373.395965576, 194.353775024, 237.070709229, 657.080322266, 412.215637207, 551.918579102, 507.542755127, 340.602416992, 543.373779297, 267.581054688, 353.359741211, 136.570922852, 78.6216430664, 42.9751319885, 8.43271446228, 2.28651356697, 0.282857120037, 0.00395817542449],
        "mean": [1.14211308956, 2.82713794708, 1.53325915337, 2.06060767174, 2.81218576431, 4.65156602859, 6.6342830658, 9.50975799561, 9.45001602173, 11.7034101486, 13.344124794, 19.2645969391, 30.1652793884, 24.3081912994, 31.6714267731, 34.9120750427, 33.2469024658, 32.1442832947, 27.0741539001, 28.937412262, 30.8077774048, 28.4790878296, 29.6282043457, 27.8435173035, 26.1608257294, 28.4511966705, 27.2017669678, 30.5376358032, 31.1046924591, 29.0344257355, 25.8356285095, 23.2904434204, 18.5392665863, 12.772110939, 6.59478712082, 2.79208898544, 0.942342758179, 0.268967241049, 0.0245217289776, 0.000433564797277],
        "median": [0.0763809457421, 0.173726767302, 0.103614836931, 0.183652758598, 0.319195687771, 0.831549882889, 1.81466758251, 3.60160636902, 3.25601911545, 5.09551239014, 5.85220956802, 9.11570644379, 15.0720539093, 13.7908058167, 19.1847648621, 19.37292099, 20.9988212585, 22.6911811829, 19.317073822, 18.2905635834, 16.1872749329, 17.6734867096, 18.5522022247, 20.6613540649, 19.4401893616, 19.7198219299, 19.9617538452, 21.8730316162, 21.2283840179, 20.1188011169, 18.1163196564, 15.3124847412, 11.33659935, 7.1309633255, 4.11562490463, 2.03464126587, 0.778200149536, 0.15041616559, 0.00690646935254, 0.000248929427471],
        "min": [1.24880755605e-21, 3.21700334719e-21, 1.59850165372e-20, 1.1333929233e-19, 1.75008023915e-19, 2.89595751509e-19, 8.75740560606e-19, 2.25305438994e-19, 4.81329160614e-19, 1.00171861693e-18, 5.30552197325e-19, 1.02695775858e-18, 1.94047534757e-18, 1.80489692965e-18, 2.49608263885e-18, 1.63474556746e-18, 6.8872728706e-18, 3.49411802731e-18, 5.79866596135e-18, 6.49197070049e-18, 1.00178876185e-17, 1.16771763585e-17, 1.12156989122e-17, 1.30054952462e-17, 1.34596595887e-17, 2.2173315819e-17, 1.82016957889e-17, 1.65193725504e-17, 2.38538291863e-17, 1.88601596807e-17, 1.689397618e-17, 1.3121067267e-17, 1.03115466621e-17, 1.40327534781e-17, 6.98651055587e-18, 5.88582019223e-18, 3.48244030502e-18, 1.51966499531e-18, 3.22904608717e-19, 3.59358955913e-20],
        "var": [6.52578830719, 42.7497444153, 29.2279758453, 77.4293746948, 138.658859253, 203.990570068, 290.745452881, 297.476196289, 263.106109619, 302.163330078, 414.141845703, 890.790771484, 1780.23742676, 1053.76293945, 1522.37536621, 2325.42504883, 1554.93994141, 1182.03186035, 770.663146973, 1116.61706543, 2140.81054688, 1184.1192627, 1226.19287109, 800.716552734, 736.913696289, 1247.15563965, 912.963562012, 1483.23632812, 1520.64111328, 1156.67272949, 909.333618164, 764.559631348, 581.368103027, 296.831329346, 68.4584732056, 10.7909879684, 0.943594813347, 0.0888574644923, 0.00109331728891, 2.36444137158e-07]
    },
    "gfcc": {
        "mean": [13.8575172424, 9.22864151001, -120.950935364, 14.3120641708, -62.154499054, 21.7454624176, -31.364025116, 14.0548028946, -20.4915218353, 11.8740339279, -11.2892007828, 11.1276702881, -8.23205661774],
        "cov": [[27149.953125, -3228.88256836, 3194.95947266, 1240.39526367, 511.893066406, 1762.2253418, -55.4094543457, 1013.19390869, -86.2442474365, 732.340576172, 100.518699646, 494.325805664, -118.806289673], [-3228.88256836, 3685.85546875, 40.2817459106, 240.073135376, 283.320373535, -287.732757568, 197.735137939, -284.832550049, 91.6822967529, -276.185577393, 82.540222168, -214.336700439, 70.7647857666], [3194.95947266, 40.2817459106, 1710.16784668, 685.807739258, 571.122314453, 505.68359375, 181.274459839, 313.920074463, 82.4481506348, 246.766433716, 67.215713501, 169.622329712, -4.62717676163], [1240.39526367, 240.073135376, 685.807739258, 707.444274902, 392.707489014, 327.457885742, 111.763458252, 171.637283325, 72.739730835, 124.857849121, 45.2601394653, 89.8061752319, 29.2174263], [511.893066406, 283.320373535, 571.122314453, 392.707489014, 576.077270508, 328.145202637, 295.963500977, 202.254623413, 156.931152344, 134.354324341, 90.8221435547, 92.4936676025, 39.0416793823], [1762.2253418, -287.732757568, 505.68359375, 327.457885742, 328.145202637, 441.612365723, 221.700912476, 256.305175781, 98.8525009155, 160.546691895, 57.967628479, 103.707221985, 14.5612430573], [-55.4094543457, 197.735137939, 181.274459839, 111.763458252, 295.963500977, 221.700912476, 349.664428711, 158.63444519, 160.424423218, 74.1939163208, 72.4332962036, 25.638923645, 15.2049703598], [1013.19390869, -284.832550049, 313.920074463, 171.637283325, 202.254623413, 256.305175781, 158.63444519, 248.96572876, 118.47454834, 152.951004028, 51.7699928284, 90.2660903931, 17.2534408569], [-86.2442474365, 91.6822967529, 82.4481506348, 72.739730835, 156.931152344, 98.8525009155, 160.424423218, 118.47454834, 159.297409058, 93.1385726929, 68.1706008911, 35.1711540222, 22.0180358887], [732.340576172, -276.185577393, 246.766433716, 124.857849121, 134.354324341, 160.546691895, 74.1939163208, 152.951004028, 93.1385726929, 171.273117065, 69.9077377319, 93.9752426147, 17.2905101776], [100.518699646, 82.540222168, 67.215713501, 45.2601394653, 90.8221435547, 57.967628479, 72.4332962036, 51.7699928284, 68.1706008911, 69.9077377319, 87.9080123901, 51.1057853699, 29.3030147552], [494.325805664, -214.336700439, 169.622329712, 89.8061752319, 92.4936676025, 103.707221985, 25.638923645, 90.2660903931, 35.1711540222, 93.9752426147, 51.1057853699, 113.692756653, 44.6540412903], [-118.806289673, 70.7647857666, -4.62717676163, 29.2174263, 39.0416793823, 14.5612430573, 15.2049703598, 17.2534408569, 22.0180358887, 17.2905101776, 29.3030147552, 44.6540412903, 66.5735473633]],
        "icov": [[7.17385264579e-05, 2.40484987444e-05, -0.000104393118818, 3.6383215047e-05, 0.000110004722956, -0.000356031843694, 0.000216010783333, -9.43691120483e-05, 3.41194208886e-05, 0.000111135123007, -0.000240712091909, 0.000102172612969, 6.49917055853e-05], [2.40484987444e-05, 0.00068501959322, -0.000293835066259, -0.000423698656959, -0.000217657696339, 0.000604259897955, -0.000217430788325, 0.000259777356405, -0.000437732262071, 0.00132681324612, -0.00168617861345, 0.00166322756559, -0.00111513456795], [-0.000104393118818, -0.000293835066259, 0.00160415295977, -0.000526291900314, -0.000950704910792, 0.00014332216233, -3.52173738065e-05, -0.000460546725662, 0.00120457715821, -0.00145493040327, 0.00112094217911, -0.00132252066396, 0.00149526132736], [3.6383215047e-05, -0.000423698656959, -0.000526291900314, 0.00369492988102, -0.00145897408947, -0.00267927814275, 0.00239085080102, 0.000413803296397, -0.000954918621574, -0.000395525275962, 0.00113958492875, -6.14294986008e-05, -0.00039640290197], [0.000110004722956, -0.000217657696339, -0.000950704910792, -0.00145897408947, 0.00646612001583, -0.00164223031607, -0.00310228555463, 0.00116839271504, -0.0014183097519, 0.000280878477497, -6.00777748332e-05, -0.00196216790937, -0.000286490976578], [-0.000356031843694, 0.000604259897955, 0.00014332216233, -0.00267927814275, -0.00164223031607, 0.0130007555708, -0.00588449742645, -0.00631052767858, 0.00597250647843, -0.00164222775493, -0.000567707698792, 0.0003851231304, -0.000550125783775], [0.000216010783333, -0.000217430788325, -3.52173738065e-05, 0.00239085080102, -0.00310228555463, -0.00588449742645, 0.0123020876199, -0.00211878470145, -0.00738698430359, 0.00562693178654, -0.00361853814684, 0.00231157848611, 0.00143460882828], [-9.43691120483e-05, 0.000259777356405, -0.000460546725662, 0.000413803296397, 0.00116839271504, -0.00631052767858, -0.00211878470145, 0.020279886201, -0.0083734113723, -0.00721183605492, 0.00763691496104, -0.00418451335281, -0.000647275941446], [3.41194208886e-05, -0.000437732262071, 0.00120457715821, -0.000954918621574, -0.0014183097519, 0.00597250647843, -0.00738698430359, -0.0083734113723, 0.0251361373812, -0.0103925457224, -0.00547734461725, 0.00652377633378, -0.00316743599251], [0.000111135123007, 0.00132681324612, -0.00145493040327, -0.000395525275962, 0.000280878477497, -0.00164222775493, 0.00562693178654, -0.00721183605492, -0.0103925457224, 0.0297591965646, -0.0127662951127, -0.00786966178566, 0.00624466268346], [-0.000240712091909, -0.00168617861345, 0.00112094217911, 0.00113958492875, -6.00777748332e-05, -0.000567707698792, -0.00361853814684, 0.00763691496104, -0.00547734461725, -0.0127662951127, 0.0319890193641, -0.0108352806419, -0.00173816445749], [0.000102172612969, 0.00166322756559, -0.00132252066396, -6.14294986008e-05, -0.00196216790937, 0.0003851231304, 0.00231157848611, -0.00418451335281, 0.00652377633378, -0.00786966178566, -0.0108352806419, 0.0340695492923, -0.018224094063], [6.49917055853e-05, -0.00111513456795, 0.00149526132736, -0.00039640290197, -0.000286490976578, -0.000550125783775, 0.00143460882828, -0.000647275941446, -0.00316743599251, 0.00624466268346, -0.00173816445749, -0.018224094063, 0.0291431788355]]
    },
    "melbands": {
        "dmean": [0.00389065826312, 0.00130992673803, 0.00058687228011, 0.00037268458982, 0.000282817083644, 0.000200830327231, 0.000123114587041, 0.000118455507618, 8.65457404871e-05, 9.16535936994e-05, 0.000112916604849, 7.02101460774e-05, 7.17048897059e-05, 5.6222153944e-05, 7.60852199164e-05, 4.63256801595e-05, 4.7224744776e-05, 3.46773886122e-05, 2.4425187803e-05, 2.81285010715e-05, 1.84705022548e-05, 1.85691096704e-05, 1.72369800566e-05, 1.6757119738e-05, 1.27739967866e-05, 1.10183673314e-05, 9.34889067139e-06, 1.17523104564e-05, 8.96650544746e-06, 9.07048342924e-06, 9.30117312237e-06, 9.00927261682e-06, 9.94366291707e-06, 8.12679445517e-06, 7.40176164982e-06, 8.41354994918e-06, 7.65828190197e-06, 7.07832668922e-06, 7.36075025998e-06, 7.0435348789e-06],
        "dmean2": [0.00449228333309, 0.00177691411227, 0.00111046724487, 0.000698080111761, 0.000512144528329, 0.000354098359821, 0.000209865072975, 0.000202232040465, 0.00014314436703, 0.000147455240949, 0.000184846197953, 0.000116078968858, 0.000119062809972, 9.34120107559e-05, 0.000126744955196, 7.96266540419e-05, 8.16191313788e-05, 6.01740212005e-05, 4.15342910856e-05, 4.71602979815e-05, 3.03450833599e-05, 3.19638747897e-05, 2.9928607546e-05, 2.92508630082e-05, 2.17959895963e-05, 1.86753641174e-05, 1.57280101121e-05, 1.98814959731e-05, 1.52131951836e-05, 1.51878866745e-05, 1.54227582243e-05, 1.4727337657e-05, 1.67819071066e-05, 1.36979897434e-05, 1.21901339298e-05, 1.3772811144e-05, 1.23342433653e-05, 1.14085942187e-05, 1.18909511002e-05, 1.19615915537e-05],
        "dvar": [7.80761474743e-05, 1.19638316392e-05, 4.67270547233e-06, 1.61439254498e-06, 6.50992603823e-07, 2.12615617556e-07, 5.23292165155e-08, 4.01772339842e-08, 2.26836682771e-08, 2.58222723204e-08, 2.97511935088e-08, 1.16043858966e-08, 9.64944746329e-09, 5.46910738919e-09, 2.06323704788e-08, 5.4638018554e-09, 4.96976770847e-09, 2.71634514881e-09, 1.33585764672e-09, 2.03021977008e-09, 1.04410580182e-09, 7.96383459178e-10, 6.7515532054e-10, 8.00225385955e-10, 2.80228173999e-10, 2.67880134741e-10, 1.70282440926e-10, 4.07219508114e-10, 1.85436555e-10, 2.56693916123e-10, 2.15223602829e-10, 2.28996127616e-10, 2.88496920797e-10, 1.90844354209e-10, 1.56659643591e-10, 1.91484716972e-10, 1.66696420556e-10, 1.59030219549e-10, 1.75496839283e-10, 2.01231226127e-10],
        "dvar2": [7.91225975263e-05, 2.64746722678e-05, 1.35950995173e-05, 4.70268560093e-06, 1.89384002169e-06, 6.11048449173e-07, 1.38773160074e-07, 1.0888925317e-07, 5.50350023332e-08, 6.1962630582e-08, 7.08954601691e-08, 2.83134564683e-08, 2.39922588463e-08, 1.37203555184e-08, 4.79654360674e-08, 1.44446143935e-08, 1.36164004516e-08, 7.4454575838e-09, 3.63022834016e-09, 5.44036060646e-09, 2.58259258423e-09, 2.17650009127e-09, 1.8224071141e-09, 2.22195528643e-09, 7.53979656487e-10, 7.13708647737e-10, 4.47178766239e-10, 1.02267738722e-09, 4.9326626117e-10, 6.49560460975e-10, 5.5250276576e-10, 5.39692179835e-10, 7.48668738115e-10, 4.99722097036e-10, 4.07274186598e-10, 4.82058337692e-10, 4.05535466319e-10, 4.07270855929e-10, 4.35355501649e-10, 5.45613998426e-10],
        "max": [0.0839787870646, 0.0275227203965, 0.015409800224, 0.0111353769898, 0.00663502514362, 0.0038234537933, 0.00239381473511, 0.00211016158573, 0.00288941129111, 0.00234377966262, 0.00302056805231, 0.00169636984356, 0.00118208827917, 0.00106216908898, 0.00272605824284, 0.0017873904435, 0.000944829080254, 0.000721953751054, 0.000512428348884, 0.000706803635694, 0.000716236827429, 0.000333457253873, 0.000312459538691, 0.000246262789005, 0.000167277903529, 0.000270702526905, 0.00023164479353, 0.000485089607537, 0.000216225045733, 0.000338606652804, 0.00030137837166, 0.000378181110136, 0.000232747537666, 0.000236354520894, 0.000416286144173, 0.000192045976291, 0.000175824025064, 0.000288682553219, 0.000170633822563, 0.000132776083774],
        "mean": [0.0077911154367, 0.00169328344055, 0.000375000847271, 0.00025854667183, 0.000243142509134, 0.000209197460208, 0.000138407907798, 0.000132289074827, 0.000108238134999, 0.000124545826111, 0.000150633364683, 9.71092740656e-05, 0.000100159842987, 8.2079146523e-05, 9.99549592962e-05, 6.23948435532e-05, 6.18904596195e-05, 4.55607296317e-05, 3.63198960258e-05, 4.42044329247e-05, 3.34380856657e-05, 2.95306344924e-05, 2.67796622211e-05, 2.51316287176e-05, 2.22845228564e-05, 1.93910673261e-05, 1.72768232005e-05, 1.99141450139e-05, 1.67434081959e-05, 1.71608007804e-05, 1.78496320586e-05, 1.75869136001e-05, 1.74139386218e-05, 1.53123073687e-05, 1.4450533854e-05, 1.46821585076e-05, 1.42619282997e-05, 1.27215635075e-05, 1.23330264614e-05, 1.03580232462e-05],
        "median": [0.000574185745791, 0.000109040047391, 3.89295237255e-05, 4.15100766986e-05, 6.82175304973e-05, 8.05458548712e-05, 4.49592225777e-05, 5.61548877158e-05, 4.17813207605e-05, 5.69633230043e-05, 7.27001752239e-05, 4.99871493957e-05, 6.16315737716e-05, 5.11393591296e-05, 4.90294332849e-05, 3.70395682694e-05, 3.93892114516e-05, 2.85845471808e-05, 2.13740859181e-05, 2.29186225624e-05, 1.57222293637e-05, 1.74862616404e-05, 1.62688447745e-05, 1.58295224537e-05, 1.58662587637e-05, 1.39981711982e-05, 1.25374772324e-05, 1.27981029436e-05, 1.20389613585e-05, 1.17857762234e-05, 1.23489317048e-05, 1.17203262562e-05, 1.12138041004e-05, 1.05317158159e-05, 1.00962388387e-05, 9.50749017647e-06, 9.01019666344e-06, 7.90111880633e-06, 6.72785336064e-06, 5.66217295273e-06],
        "min": [9.87731792794e-24, 6.24005975982e-24, 2.26600863005e-23, 1.25041237681e-23, 2.89848385615e-23, 5.4862100793e-24, 8.93441615376e-24, 1.04473851057e-23, 3.93407891662e-24, 7.50455922025e-24, 9.33526083439e-24, 7.0138112177e-24, 8.24685524396e-24, 4.86669433903e-24, 8.24531223203e-24, 1.42037703424e-23, 5.19187305935e-24, 8.20762361342e-24, 9.72987430273e-24, 9.72900655573e-24, 1.1789773142e-23, 1.26616790124e-23, 1.13945498842e-23, 8.90633428325e-24, 1.08022668056e-23, 7.94337966486e-24, 1.46031437974e-23, 1.44336128557e-23, 1.13519498176e-23, 8.64328703669e-24, 9.40999751655e-24, 1.54326121066e-23, 9.60478699557e-24, 1.10793029226e-23, 8.52677385871e-24, 1.02023609642e-23, 7.65303309781e-24, 6.56031401595e-24, 9.19289826227e-24, 1.22931405524e-23],
        "var": [0.000285892543616, 1.73325461219e-05, 2.54205679084e-06, 8.75140756307e-07, 3.74947660475e-07, 1.46188995132e-07, 5.59177522064e-08, 3.92956778228e-08, 3.38197168048e-08, 3.95898034355e-08, 4.62366109844e-08, 1.78534307338e-08, 1.41105376272e-08, 8.76994743493e-09, 3.00233011785e-08, 7.18595716265e-09, 5.48874723449e-09, 2.83687451308e-09, 2.07279504671e-09, 4.02350197604e-09, 2.99688052152e-09, 1.3510887964e-09, 1.04642294829e-09, 9.54560985811e-10, 5.43438793965e-10, 4.70085137483e-10, 3.45138417845e-10, 7.25183635364e-10, 3.42466471848e-10, 5.48034506664e-10, 5.02115737877e-10, 5.39761180196e-10, 4.73118710875e-10, 3.20690030087e-10, 3.03276292968e-10, 3.20114268426e-10, 3.10115710889e-10, 2.64515603865e-10, 3.12464693009e-10, 2.11205136713e-10]
    },
    "mfcc": {
        "mean": [-623.968994141, 52.3278312683, -4.67429971695, -1.66409790516, -3.99406862259, 5.22656679153, 2.97231793404, 4.64218521118, 1.27879822254, 2.42349410057, 2.49236750603, 3.42577266693, 2.66704916954],
        "cov": [[16932.6484375, -253.020507812, 805.212463379, 444.317657471, 494.997528076, 428.074279785, 277.346984863, 231.308395386, 120.991218567, 140.879547119, 212.45475769, 221.218505859, 134.009140015], [-253.020507812, 2623.32568359, 184.000335693, 384.588409424, 92.6654891968, 118.944511414, 98.3237686157, 62.3384590149, -4.69873809814, 13.4661989212, 18.4576206207, -36.7549209595, -49.5820579529], [805.212463379, 184.000335693, 914.891357422, 436.782623291, 396.114593506, 245.248962402, 187.1509552, 125.99230957, 104.761123657, 88.2625045776, 91.0233840942, 78.8754196167, 69.1614837646], [444.317657471, 384.588409424, 436.782623291, 495.838195801, 354.755462646, 239.562469482, 170.737106323, 127.534172058, 108.769592285, 80.41771698, 72.3266525269, 66.9413146973, 64.8159484863], [494.997528076, 92.6654891968, 396.114593506, 354.755462646, 418.349914551, 253.53565979, 201.818511963, 151.358047485, 134.390548706, 93.8427734375, 91.0835418701, 87.0056533813, 86.8213577271], [428.074279785, 118.944511414, 245.248962402, 239.562469482, 253.53565979, 271.608276367, 220.368652344, 167.545928955, 135.358032227, 106.559082031, 94.8576202393, 80.2745437622, 72.8554153442], [277.346984863, 98.3237686157, 187.1509552, 170.737106323, 201.818511963, 220.368652344, 244.578399658, 181.404083252, 140.52255249, 113.206207275, 99.2289962769, 80.2290878296, 71.0538482666], [231.308395386, 62.3384590149, 125.99230957, 127.534172058, 151.358047485, 167.545928955, 181.404083252, 188.642089844, 145.478271484, 110.337287903, 88.0211105347, 75.020149231, 66.1163864136], [120.991218567, -4.69873809814, 104.761123657, 108.769592285, 134.390548706, 135.358032227, 140.52255249, 145.478271484, 161.738143921, 117.311782837, 88.3075637817, 76.1231155396, 67.5213928223], [140.879547119, 13.4661989212, 88.2625045776, 80.41771698, 93.8427734375, 106.559082031, 113.206207275, 110.337287903, 117.311782837, 135.486968994, 98.3620223999, 73.5591201782, 62.2663116455], [212.45475769, 18.4576206207, 91.0233840942, 72.3266525269, 91.0835418701, 94.8576202393, 99.2289962769, 88.0211105347, 88.3075637817, 98.3620223999, 115.913955688, 81.8990402222, 61.9031906128], [221.218505859, -36.7549209595, 78.8754196167, 66.9413146973, 87.0056533813, 80.2745437622, 80.2290878296, 75.020149231, 76.1231155396, 73.5591201782, 81.8990402222, 99.9923171997, 76.7453765869], [134.009140015, -49.5820579529, 69.1614837646, 64.8159484863, 86.8213577271, 72.8554153442, 71.0538482666, 66.1163864136, 67.5213928223, 62.2663116455, 61.9031906128, 76.7453765869, 93.2579956055]],
