{
"lowlevel": {
    "average_loudness": 0.75467389822,
    "barkbands_crest": {
        "dmean": 2.89620065689,
        "dmean2": 4.40150117874,
        "dvar": 8.45523834229,
        "dvar2": 17.9501438141,
        "max": 26.2267303467,
        "mean": 9.80279541016,
        "median": 8.25065612793,
        "min": 1.83070278168,
        "var": 31.8540153503
    },
    "barkbands_flatness_db": {
        "dmean": 0.0253853350878,
        "dmean2": 0.0367731489241,
        "dvar": 0.000727359612938,
        "dvar2": 0.00144457328133,
        "max": 0.508630096912,
        "mean": 0.129265263677,
        "median": 0.11075809598,
        "min": 0.015432045795,
        "var": 0.00547552993521
    },
    "barkbands_kurtosis": {
        "dmean": 2.68247961998,
        "dmean2": 3.78601384163,
        "dvar": 144.100860596,
        "dvar2": 254.548065186,
        "max": 672.344665527,
        "mean": 2.86620140076,
        "median": -0.52211368084,
        "min": -1.91883563995,
        "var": 431.165618896
    },
    "barkbands_skewness": {
        "dmean": 0.575016915798,
        "dmean2": 0.818275868893,
        "dvar": 0.576000511646,
        "dvar2": 0.974073708057,
        "max": 21.9599571228,
        "mean": 0.665712296963,
        "median": 0.343630135059,
        "min": -3.5948472023,
        "var": 2.84263038635
    },
    "barkbands_spread": {
        "dmean": 8.40442562103,
        "dmean2": 12.6863222122,
        "dvar": 85.3477859497,
        "dvar2": 183.320327759,
        "max": 116.041725159,
        "mean": 36.9034881592,
        "median": 34.3455810547,
        "min": 0.199097499251,
        "var": 460.377716064
    },
    "dissonance": {
        "dmean": 0.0158098898828,
        "dmean2": 0.0267797317356,
        "dvar": 0.000323121959809,
        "dvar2": 0.000909647613298,
        "max": 0.499999970198,
        "mean": 0.475798338652,
        "median": 0.481490582228,
        "min": 0.223466157913,
        "var": 0.000466927333036
    },
    "dynamic_complexity": 3.0796380043,
    "erbbands_crest": {
        "dmean": 3.33967757225,
        "dmean2": 5.58812522888,
        "dvar": 12.1348648071,
        "dvar2": 31.3210449219,
        "max": 34.3366584778,
        "mean": 8.72980594635,
        "median": 7.17938327789,
        "min": 1.98639142513,
        "var": 25.5816802979
    },
    "erbbands_flatness_db": {
        "dmean": 0.0202895104885,
        "dmean2": 0.0308220461011,
        "dvar": 0.0004328234063,
        "dvar2": 0.00097156886477,
        "max": 0.524578332901,
        "mean": 0.170378983021,
        "median": 0.150504380465,
        "min": 0.0583544448018,
        "var": 0.00579050881788
    },
    "erbbands_kurtosis": {
        "dmean": 1.04086530209,
        "dmean2": 1.72550535202,
        "dvar": 6.97512245178,
        "dvar2": 19.2744083405,
        "max": 100.857810974,
        "mean": 0.307257056236,
        "median": -0.260010242462,
        "min": -1.95720541477,
        "var": 7.85241174698
    },
    "erbbands_skewness": {
        "dmean": 0.418695986271,
        "dmean2": 0.666605293751,
        "dvar": 0.180084571242,
        "dvar2": 0.450723111629,
        "max": 6.72967576981,
        "mean": 0.0317869707942,
        "median": -0.0303424485028,
        "min": -4.40627574921,
        "var": 0.549598157406
    },
    "erbbands_spread": {
        "dmean": 8.6296043396,
        "dmean2": 13.0518941879,
        "dvar": 87.6073074341,
        "dvar2": 182.081161499,
        "max": 163.252151489,
        "mean": 37.6172332764,
        "median": 35.6486282349,
        "min": 0.825276732445,
        "var": 353.717285156
    },
    "hfc": {
        "dmean": 23.3043365479,
        "dmean2": 35.5224876404,
        "dvar": 1725.23693848,
        "dvar2": 4001.46191406,
        "max": 661.991149902,
        "mean": 59.1105918884,
        "median": 37.9930953979,
        "min": 1.10502747011e-16,
        "var": 5020.74707031
    },
    "melbands_crest": {
        "dmean": 3.87794589996,
        "dmean2": 6.00084161758,
        "dvar": 14.5658121109,
        "dvar2": 32.541759491,
        "max": 35.714641571,
        "mean": 15.5090713501,
        "median": 14.1541509628,
        "min": 1.74950659275,
        "var": 66.4494400024
    },
    "melbands_flatness_db": {
        "dmean": 0.0294721070677,
        "dmean2": 0.042324770242,
        "dvar": 0.00116845511366,
        "dvar2": 0.0022685287986,
        "max": 0.618179023266,
        "mean": 0.140296012163,
        "median": 0.117897883058,
        "min": 0.00342585495673,
        "var": 0.00815970357507
    },
    "melbands_kurtosis": {
        "dmean": 8.2549161911,
        "dmean2": 11.2056741714,
        "dvar": 723.060302734,
        "dvar2": 1288.5390625,
        "max": 881.322143555,
        "mean": 13.4299888611,
        "median": 1.8586063385,
        "min": -1.78394114971,
        "var": 2245.56298828
    },
    "melbands_skewness": {
        "dmean": 0.810872256756,
        "dmean2": 1.13610708714,
        "dvar": 1.36151170731,
        "dvar2": 2.24732708931,
        "max": 25.9186172485,
        "mean": 2.11608934402,
        "median": 1.35424637794,
        "min": -3.81027555466,
        "var": 6.71409702301
    },
    "melbands_spread": {
        "dmean": 14.8875303268,
        "dmean2": 23.1341819763,
        "dvar": 294.842681885,
        "dvar2": 676.621887207,
        "max": 247.341552734,
        "mean": 51.565776825,
        "median": 46.5121765137,
        "min": 0.253953307867,
        "var": 1219.6048584
    },
    "pitch_salience": {
        "dmean": 0.0826272219419,
        "dmean2": 0.123915448785,
        "dvar": 0.00645833741874,
        "dvar2": 0.0142556428909,
        "max": 0.90223634243,
        "mean": 0.518678188324,
        "median": 0.534748971462,
        "min": 0.0281438343227,
        "var": 0.0238397084177
    },
    "silence_rate_20dB": {
        "dmean": 0.00164919311646,
        "dmean2": 0.00329877482727,
        "dvar": 0.00164651987143,
        "dvar2": 0.00328805134632,
        "max": 1,
        "mean": 0.996937572956,
        "median": 1,
        "min": 0,
        "var": 0.00305310147814
    },
    "silence_rate_30dB": {
        "dmean": 0.0261514894664,
        "dmean2": 0.052309140563,
        "dvar": 0.025469308719,
        "dvar2": 0.0507529303432,
        "max": 1,
        "mean": 0.937455832958,
        "median": 1,
        "min": 0,
        "var": 0.0586288645864
    },
    "silence_rate_60dB": {
        "dmean": 0.0131935449317,
        "dmean2": 0.0263901986182,
        "dvar": 0.0130201270804,
        "dvar2": 0.0306437797844,
        "max": 1,
        "mean": 0.0624263845384,
        "median": 0,
        "min": 0,
        "var": 0.0585285760462
    },
    "spectral_centroid": {
        "dmean": 344.914459229,
        "dmean2": 537.887817383,
        "dvar": 139421.71875,
        "dvar2": 317349.53125,
        "max": 11709.4980469,
        "mean": 2532.66943359,
        "median": 2565.3894043,
        "min": 134.092819214,
        "var": 1138961.125
    },
    "spectral_complexity": {
        "dmean": 5.83955717087,
        "dmean2": 8.9062204361,
        "dvar": 36.1636505127,
        "dvar2": 75.0976486206,
        "max": 60,
        "mean": 25.6793880463,
        "median": 26,
        "min": 0,
        "var": 152.336807251
    },
    "spectral_decrease": {
        "dmean": 2.74237077491e-09,
        "dmean2": 3.74357389532e-09,
        "dvar": 3.38710608506e-17,
        "dvar2": 5.61708112262e-17,
        "max": 1.55980693047e-28,
        "mean": -7.9245774387e-09,
        "median": -4.60181182049e-09,
        "min": -1.41742162896e-07,
        "var": 1.49977863867e-16
    },
    "spectral_energy": {
        "dmean": 0.0115728089586,
        "dmean2": 0.0158616900444,
        "dvar": 0.000487125478685,
        "dvar2": 0.000805475865491,
        "max": 0.542042970657,
        "mean": 0.0352706685662,
        "median": 0.0224157199264,
        "min": 1.02546969943e-20,
        "var": 0.00226223072968
    },
    "spectral_energyband_high": {
        "dmean": 0.00219953339547,
        "dmean2": 0.00336315808818,
        "dvar": 1.74518863787e-05,
        "dvar2": 4.02872901759e-05,
        "max": 0.0698758214712,
        "mean": 0.00503062456846,
        "median": 0.00257100630552,
        "min": 7.25422937704e-21,
        "var": 5.60953158129e-05
    },
    "spectral_energyband_low": {
        "dmean": 0.00694979494438,
        "dmean2": 0.00859352014959,
        "dvar": 0.00047309754882,
        "dvar2": 0.000726381025743,
        "max": 0.486128270626,
        "mean": 0.0169885586947,
        "median": 0.00177180371247,
        "min": 1.94493151311e-23,
        "var": 0.00199575419538
    },
    "spectral_energyband_middle_high": {
        "dmean": 0.00359848118387,
        "dmean2": 0.00577501161024,
        "dvar": 2.89562958642e-05,
        "dvar2": 7.79549591243e-05,
        "max": 0.104874931276,
        "mean": 0.00808257330209,
        "median": 0.00665891682729,
        "min": 1.15411476296e-21,
        "var": 4.77520989079e-05
    },
    "spectral_energyband_middle_low": {
        "dmean": 0.00430647144094,
        "dmean2": 0.00716628925875,
        "dvar": 0.000190045364434,
        "dvar2": 0.000530182442162,
        "max": 0.258313328028,
        "mean": 0.00575551856309,
        "median": 0.00285129458643,
        "min": 1.71788636365e-22,
        "var": 0.00014751960407
    },
    "spectral_entropy": {
        "dmean": 0.178783789277,
        "dmean2": 0.264292746782,
        "dvar": 0.0360501483083,
        "dvar2": 0.0819963738322,
        "max": 9.83056259155,
        "mean": 7.90710687637,
        "median": 7.97273445129,
        "min": 5.14045715332,
        "var": 0.259866654873
    },
    "spectral_flux": {
        "dmean": 0.0283627454191,
        "dmean2": 0.0397155806422,
        "dvar": 0.00167127477471,
        "dvar2": 0.00238827290013,
        "max": 0.74422121048,
        "mean": 0.101854629815,
        "median": 0.0866121798754,
        "min": 6.39914926603e-11,
        "var": 0.00490721780807
    },
    "spectral_kurtosis": {
        "dmean": 1.50395977497,
        "dmean2": 2.58757734299,
        "dvar": 22.0977878571,
        "dvar2": 66.7833709717,
        "max": 169.872283936,
        "mean": 4.34494256973,
        "median": 2.00814986229,
        "min": -1.42227518559,
        "var": 156.846084595
    },
    "spectral_rms": {
        "dmean": 0.000888979586307,
        "dmean2": 0.00122308696155,
        "dvar": 1.20703771245e-06,
        "dvar2": 1.99890018848e-06,
        "max": 0.0229961387813,
        "mean": 0.00509760295972,
        "median": 0.00467642955482,
        "min": 3.16300219523e-12,
        "var": 8.42487952468e-06
    },
    "spectral_rolloff": {
        "dmean": 1156.75683594,
        "dmean2": 1801.51342773,
        "dvar": 2490455.5,
        "dvar2": 5250959.5,
        "max": 19466.015625,
        "mean": 4329.81396484,
        "median": 3531.4453125,
        "min": 64.599609375,
        "var": 10885796
    },
    "spectral_skewness": {
        "dmean": 0.191894203424,
        "dmean2": 0.31355458498,
        "dvar": 0.0734149962664,
        "dvar2": 0.212356001139,
        "max": 10.7124624252,
        "mean": 1.30237650871,
        "median": 1.15837872028,
        "min": -0.0745345056057,
        "var": 0.87513923645
    },
    "spectral_spread": {
        "dmean": 605244.875,
        "dmean2": 884009.0625,
        "dvar": 594752765952,
        "dvar2": 1.1687011287e+12,
        "max": 42811272,
        "mean": 5799726.5,
        "median": 5587218.5,
        "min": 605683.75,
        "var": 1.28180667023e+13
    },
    "spectral_strongpeak": {
        "dmean": 0.888610243797,
        "dmean2": 1.50552916527,
        "dvar": 2.09801697731,
        "dvar2": 5.45644521713,
        "max": 25.0668430328,
        "mean": 1.40740048885,
        "median": 0.715608716011,
        "min": 0,
        "var": 3.38955307007
    },
    "zerocrossingrate": {
        "dmean": 0.0194136239588,
        "dmean2": 0.0217942669988,
        "dvar": 0.00045317094191,
        "dvar2": 0.000572288467083,
        "max": 0.52734375,
        "mean": 0.132782191038,
        "median": 0.1220703125,
        "min": 0.001953125,
        "var": 0.00611130613834
    },
    "barkbands": {
        "dmean": [0.000431458611274, 0.00636443542317, 0.00243716803379, 0.00161093217321, 0.000848210416734, 0.000484774413053, 0.000740980729461, 0.000848209834658, 0.000826259376481, 0.000650271773338, 0.000614820106421, 0.00089687097352, 0.000697206647601, 0.000444422941655, 0.000828065094538, 0.000416795432102, 0.000513257575221, 0.000421314325649, 0.000441644777311, 0.000373835209757, 0.000384873826988, 0.0003844165185, 0.000446271355031, 0.000451951811556, 0.000464129494503, 0.000373533839593, 1.4551377717e-05],
        "dmean2": [0.000605888490099, 0.00776126235723, 0.00447989813983, 0.00300504127517, 0.00149679731112, 0.000810867815744, 0.00116900843568, 0.00134117156267, 0.00128835591022, 0.00105640885886, 0.00103346083779, 0.0014925111318, 0.0011523833964, 0.000718303781468, 0.0014009331353, 0.000689130392857, 0.000853050209116, 0.000703831610736, 0.000744841410778, 0.000620744016487, 0.000636988959741, 0.000611944531556, 0.000712341512553, 0.000700120872352, 0.000716886948794, 0.000588873925153, 2.44458497036e-05],
        "dvar": [1.52393818098e-06, 0.000419288786361, 0.000205513424589, 0.000101535646536, 1.54746157932e-05, 2.30130081036e-06, 3.37105279868e-06, 7.85528482083e-06, 5.72118051423e-06, 4.84981001136e-06, 6.07386255069e-06, 6.15059434494e-06, 3.96039695261e-06, 9.38666062211e-07, 7.08020479578e-06, 7.26355665392e-07, 7.05762545294e-07, 3.9370499394e-07, 4.60962496618e-07, 2.77090663303e-07, 2.76971263702e-07, 3.75967090349e-07, 6.14079056049e-07, 6.40203268176e-07, 9.85377369034e-07, 1.29108548208e-06, 2.10346451368e-09],
        "dvar2": [2.48644846579e-06, 0.000611266412307, 0.000584556837566, 0.000295702368021, 4.48465107183e-05, 5.91584921494e-06, 8.23089067126e-06, 1.84471573448e-05, 1.35892578328e-05, 1.17343242891e-05, 1.60357212735e-05, 1.72371765075e-05, 1.06220149974e-05, 2.38399684349e-06, 1.96234741452e-05, 1.93169535123e-06, 1.80588676812e-06, 1.02705007521e-06, 1.26301722503e-06, 7.36982542549e-07, 7.1178340022e-07, 8.72089231052e-07, 1.52733036884e-06, 1.46893387409e-06, 2.3239622351e-06, 3.19462424159e-06, 5.59755086726e-09],
        "max": [0.0371656157076, 0.466130495071, 0.287834703922, 0.211323797703, 0.0743245407939, 0.0223675016314, 0.0342125333846, 0.0749688148499, 0.0563318803906, 0.0622415095568, 0.0946481749415, 0.0710998103023, 0.0606042407453, 0.0310546196997, 0.103473782539, 0.0225542858243, 0.0246070660651, 0.0109476614743, 0.00873554404825, 0.00909055303782, 0.0093018617481, 0.0111472308636, 0.0103829232976, 0.0156350061297, 0.0188577044755, 0.0174602866173, 0.00109060783871],
        "mean": [0.000749722938053, 0.0139916343614, 0.00171967048664, 0.00115174311213, 0.00080243172124, 0.000520256522577, 0.00103063602, 0.00105579837691, 0.00107750529423, 0.000781259848736, 0.000693749578204, 0.00115243776236, 0.000918923760764, 0.000587289920077, 0.00101747142617, 0.000578080012929, 0.000793430779595, 0.000616848410573, 0.000670851499308, 0.000646361440886, 0.000745704048313, 0.000713485758752, 0.000802790862508, 0.000960462901276, 0.000906843983103, 0.000572240445763, 1.30952157633e-05],
        "median": [0.000101901430753, 0.00108419347089, 8.76248886925e-05, 5.70194424654e-05, 0.000113944188342, 9.7881849797e-05, 0.000292505603284, 0.000307245063595, 0.000320492021274, 0.000244123308221, 0.000181993789738, 0.00047874962911, 0.000390049244743, 0.000251487770583, 0.000483122246806, 0.000299345818348, 0.000479217676912, 0.000407338346122, 0.000472321058623, 0.000424625526648, 0.000515996129252, 0.000379464676371, 0.000420812313678, 0.000418759649619, 0.000256628612988, 8.71354859555e-05, 3.84111809026e-09],
        "min": [1.12219388351e-24, 5.20354977847e-24, 2.43629790373e-24, 2.32755599174e-24, 9.01372822917e-24, 6.19033667368e-24, 7.18071604144e-24, 6.9328180797e-24, 2.24265061641e-23, 1.51545481038e-23, 1.47019312708e-23, 2.85062398057e-23, 2.3988130479e-23, 3.9276737605e-23, 4.76735403187e-23, 4.43180668158e-23, 6.3829727202e-23, 8.34881914472e-23, 1.49629394697e-22, 1.03949085005e-22, 1.91857118954e-22, 3.24148272344e-22, 4.09844138366e-22, 5.83539773394e-22, 8.66093846208e-22, 1.24237075399e-21, 1.96354986741e-21],
        "var": [4.60327646579e-06, 0.00152211345267, 0.000121369179396, 6.45786785753e-05, 9.88640022115e-06, 2.20085235014e-06, 5.18529486726e-06, 9.44319253904e-06, 7.64000742492e-06, 5.6863732425e-06, 5.83689097766e-06, 6.76825857227e-06, 4.4515272748e-06, 1.36758137614e-06, 6.78856440572e-06, 9.13404790026e-07, 1.07945129457e-06, 5.40167889085e-07, 5.29737178567e-07, 5.47406671103e-07, 6.13657846316e-07, 9.65034359979e-07, 1.26287818603e-06, 2.61823220171e-06, 3.81249719794e-06, 2.04348407351e-06, 1.97854088668e-09]
    },
    "erbbands": {
        "dmean": [0.278792977333, 1.39183473587, 2.70359587669, 4.31900405884, 4.2180814743, 2.44952511787, 3.38673257828, 3.90751123428, 7.50527095795, 13.5188570023, 20.7031784058, 17.1168785095, 14.2408638, 25.9020519257, 23.7766914368, 41.6801643372, 31.3583202362, 26.0963783264, 39.6150627136, 29.3471832275, 27.3527030945, 22.876789093, 21.9080123901, 20.8593006134, 22.3872051239, 17.9556808472, 15.9151086807, 15.4710798264, 14.0080623627, 13.3466825485, 13.2154188156, 10.779624939, 7.53689289093, 5.64366912842, 3.34731721878, 1.86388301849, 0.634216368198, 0.101573035121, 0.00196203566156, 7.66054508858e-05],
        "dmean2": [0.281575679779, 1.78504145145, 4.61297750473, 8.06609249115, 7.63955020905, 4.29717063904, 5.40699481964, 6.66109800339, 11.9119997025, 21.3862247467, 32.1294555664, 27.0064144135, 22.4006671906, 42.108417511, 39.6903648376, 69.4546203613, 51.3521690369, 41.9574546814, 66.5433731079, 49.4863700867, 45.2648849487, 37.8575706482, 36.2955627441, 34.8298187256, 37.7517089844, 29.7353954315, 26.3274726868, 25.2766723633, 22.4989833832, 21.1993751526, 21.1982593536, 17.0440368652, 11.7876672745, 8.94504642487, 5.13796567917, 2.91719031334, 1.00195419788, 0.162856608629, 0.00314839882776, 0.000117893381685],
        "dvar": [0.618728220463, 24.5852279663, 200.635040283, 728.854553223, 572.055786133, 106.910362244, 178.319610596, 132.197189331, 291.097961426, 1710.00830078, 5643.52734375, 2932.92797852, 1570.5859375, 7362.26171875, 6417.19287109, 14258.9892578, 8233.421875, 4110.60693359, 20421.8652344, 11232.7294922, 2472.01513672, 1271.91149902, 963.987976074, 990.116638184, 1117.99475098, 698.596435547, 471.427490234, 553.567321777, 499.26965332, 517.485839844, 573.247375488, 394.668762207, 192.220306396, 140.228942871, 58.7388420105, 28.5175304413, 3.60549163818, 0.103342674673, 3.87437321479e-05, 4.3624428514e-08],
        "dvar2": [0.615133404732, 46.2959709167, 534.35760498, 2118.28149414, 1657.62255859, 304.961883545, 415.035583496, 360.413085938, 706.46673584, 4131.87988281, 13030.7089844, 7381.93652344, 3525.47460938, 17874.1699219, 17257.4921875, 39847.0585938, 21867.5917969, 10701.4482422, 56321.1171875, 29670.515625, 6411.27929688, 3213.81689453, 2460.42016602, 2704.5065918, 3053.49658203, 1872.85461426, 1260.72253418, 1380.05297852, 1196.9362793, 1237.88464355, 1429.6809082, 963.274902344, 452.181274414, 350.037597656, 137.689102173, 69.5278625488, 8.97966384888, 0.262482792139, 9.86334125628e-05, 1.0747518786e-07],
        "max": [21.2913532257, 115.157043457, 297.372955322, 583.681762695, 500.604766846, 181.420059204, 275.274475098, 182.378250122, 356.128509521, 793.497253418, 2350.75537109, 1541.7824707, 902.031494141, 2444.72729492, 3118.66235352, 3581.31201172, 2851.90405273, 2012.77990723, 6162.78759766, 4738.38037109, 1138.93200684, 1004.27935791, 511.773284912, 429.72064209, 496.521148682, 568.904968262, 403.305053711, 433.283966064, 438.112335205, 369.726043701, 354.344207764, 507.64453125, 304.653839111, 223.334197998, 191.868789673, 76.6456222534, 30.1029758453, 6.46125125885, 0.124606847763, 0.00399747816846],
        "mean": [0.581723630428, 2.41159415245, 2.28777980804, 3.06767177582, 3.42259502411, 2.3238222599, 3.28316807747, 4.47929525375, 10.7212171555, 18.3402767181, 27.5527954102, 22.9747943878, 20.2368011475, 32.5999908447, 31.2989025116, 54.9059295654, 43.8005981445, 36.6792106628, 48.37940979, 38.0757904053, 40.9421691895, 37.9240531921, 35.0438652039, 32.8281402588, 34.7526321411, 31.6147003174, 30.0267066956, 29.0250473022, 26.1532993317, 24.134727478, 22.9962425232, 20.5092945099, 15.0620756149, 10.2920665741, 6.45694065094, 3.04190135002, 0.918023705482, 0.122810728848, 0.00245554395951, 0.000146996084368],
        "median": [0.037096504122, 0.183678865433, 0.183936327696, 0.208064496517, 0.32682788372, 0.319225907326, 0.351257205009, 1.09281861782, 3.05985641479, 5.68726730347, 8.3717956543, 7.34650039673, 7.7133603096, 11.0979347229, 13.0347204208, 22.9458274841, 19.8191680908, 16.5185394287, 22.2245483398, 18.35754776, 24.0153388977, 25.3393630981, 24.6235599518, 23.7212028503, 24.8883972168, 21.5473709106, 21.2567329407, 17.5387306213, 14.330286026, 12.691614151, 11.7946491241, 8.90929412842, 6.43146944046, 3.37465906143, 1.51550078392, 0.520873069763, 0.130978167057, 0.00991119258106, 0.000266047863988, 5.43044152437e-05],
        "min": [1.66258380631e-22, 8.39764218791e-22, 4.10705998566e-21, 1.18459388457e-20, 2.04449288308e-20, 4.34603828074e-20, 6.18798435861e-20, 5.25638253348e-20, 1.84992985712e-19, 8.90204020411e-20, 2.5875049666e-19, 4.83529409345e-19, 6.41333911825e-19, 8.88664223701e-19, 9.80995881433e-19, 1.01212920193e-18, 1.32037309411e-18, 2.06407453585e-18, 3.0568711827e-18, 2.78062780649e-18, 4.12403591611e-18, 4.33696999016e-18, 4.90294805838e-18, 6.04537588777e-18, 8.38765111596e-18, 5.68237015749e-18, 9.99021346392e-18, 6.63842261435e-18, 1.1724268578e-17, 1.16946935623e-17, 9.96434752617e-18, 1.20104887863e-17, 7.95432345308e-18, 8.64874571323e-18, 6.50284523041e-18, 4.1893616778e-18, 2.26238384988e-18, 9.52550897926e-19, 2.51887637611e-19, 2.78552263484e-20],
        "var": [2.81270051003, 52.4787940979, 144.173599243, 441.104217529, 358.403442383, 73.6839141846, 183.997940063, 130.201538086, 534.475646973, 2417.28515625, 6967.89306641, 3462.93066406, 2316.75195312, 8725.94824219, 6271.54394531, 15842.4296875, 9652.54199219, 5953.68701172, 18778.546875, 11324.7207031, 3497.25195312, 1955.22412109, 1443.8302002, 1182.67285156, 1359.86254883, 1256.27722168, 961.630493164, 1326.66601562, 1262.1953125, 1141.72814941, 1093.19995117, 1156.12341309, 696.181396484, 431.012634277, 231.490112305, 55.9493713379, 5.12070894241, 0.117826335132, 4.51491650892e-05, 7.17084702728e-08]
    },
    "gfcc": {
        "mean": [3.77962613106, 18.3578720093, -143.776977539, 25.2470397949, -66.7376174927, 29.3353633881, -32.7699966431, 22.1482658386, -16.9365615845, 13.2619743347, -9.4928150177, 2.95890903473, -11.8989124298],
        "cov": [[25471.1054688, -1680.51281738, 1945.67700195, 3998.63208008, 366.412872314, 1463.1373291, -63.9721336365, 1074.65539551, -537.221313477, 465.846954346, -603.209777832, 353.566375732, -501.079101562], [-1680.51281738, 2460.40283203, -290.645080566, 93.0706634521, 238.226974487, -234.84828186, 154.508895874, -216.365478516, 188.654098511, -271.827301025, 147.263946533, -235.441635132, 200.305343628], [1945.67700195, -290.645080566, 2215.16748047, 991.096496582, 710.150146484, 508.522033691, 202.791625977, 327.016052246, -99.3497314453, 235.088119507, -273.714691162, 203.872268677, -152.857040405], [3998.63208008, 93.0706634521, 991.096496582, 1579.58789062, 467.418395996, 459.851348877, 151.132202148, 226.15814209, -15.7613754272, 30.4477367401, -33.3742866516, -32.8189620972, -50.7686805725], [366.412872314, 238.226974487, 710.150146484, 467.418395996, 590.649719238, 281.481658936, 185.749038696, 118.104530334, 41.9787445068, 40.6969451904, -82.5432281494, 42.1994094849, -36.455242157], [1463.1373291, -234.84828186, 508.522033691, 459.851348877, 281.481658936, 497.027618408, 180.473464966, 237.119094849, 18.2647285461, 83.2335662842, -56.1699180603, 35.0249938965, -54.4074935913], [-63.9721336365, 154.508895874, 202.791625977, 151.132202148, 185.749038696, 180.473464966, 300.554077148, 160.645507812, 96.701171875, 28.5963897705, -9.86466217041, 6.22092866898, 6.43095064163], [1074.65539551, -216.365478516, 327.016052246, 226.15814209, 118.104530334, 237.119094849, 160.645507812, 344.22857666, 94.025177002, 121.378410339, -33.2083435059, 64.46509552, -43.2975463867], [-537.221313477, 188.654098511, -99.3497314453, -15.7613754272, 41.9787445068, 18.2647285461, 96.701171875, 94.025177002, 227.424072266, 57.2770500183, 75.2366104126, -36.7532463074, 26.8755283356], [465.846954346, -271.827301025, 235.088119507, 30.4477367401, 40.6969451904, 83.2335662842, 28.5963897705, 121.378410339, 57.2770500183, 221.010604858, -2.77570319176, 76.0881652832, -39.3899726868], [-603.209777832, 147.263946533, -273.714691162, -33.3742866516, -82.5432281494, -56.1699180603, -9.86466217041, -33.2083435059, 75.2366104126, -2.77570319176, 217.221710205, -36.0071563721, 56.8353424072], [353.566375732, -235.441635132, 203.872268677, -32.8189620972, 42.1994094849, 35.0249938965, 6.22092866898, 64.46509552, -36.7532463074, 76.0881652832, -36.0071563721, 179.782608032, -10.5287647247], [-501.079101562, 200.305343628, -152.857040405, -50.7686805725, -36.455242157, -54.4074935913, 6.43095064163, -43.2975463867, 26.8755283356, -39.3899726868, 56.8353424072, -10.5287647247, 138.723602295]],
        "icov": [[0.000140995223774, -6.93513065926e-05, 0.000206032258575, -0.000459263654193, 0.000214998566662, -0.000163681805134, 0.000223144539632, -0.000292419223115, 0.00031509186374, -0.000314077420626, 0.000410343549447, -0.000314807781251, 0.000216822445509], [-6.93513065926e-05, 0.000811617122963, -0.000138521267218, 0.000167717167642, -0.000637867313344, 0.000654677278362, -0.000515551073477, 0.000393865571823, -0.00063028302975, 0.000776569300797, -0.000394066009903, 0.000707163533662, -0.000719961128198], [0.000206032258575, -0.000138521267218, 0.00159133120906, -0.00112718355376, -0.000658955192193, -0.000159210248967, 0.000310128700221, -0.000751392857637, 0.00122929480858, -0.00146071100608, 0.00136426521931, -0.000979654025286, 0.000514438317623], [-0.000459263654193, 0.000167717167642, -0.00112718355376, 0.0027328201104, -0.00103148142807, -0.000103261612821, -0.000343051215168, 0.000452727166703, -0.000668267079163, 0.00138957134914, -0.00198553083465, 0.00184129492845, -0.00082005688455], [0.000214998566662, -0.000637867313344, -0.000658955192193, -0.00103148142807, 0.00472981482744, -0.00181258539669, -0.000657450291328, 0.00100994971581, -0.00100060098339, -2.36293508351e-05, 0.00130175822414, -0.00167102599517, 0.000998766743578], [-0.000163681805134, 0.000654677278362, -0.000159210248967, -0.000103261612821, -0.00181258539669, 0.00522544514388, -0.00163062871434, -0.00169339450076, 0.000783021736424, 9.73384521785e-05, -0.000738459406421, 0.00136264436878, -0.000347686756868], [0.000223144539632, -0.000515551073477, 0.000310128700221, -0.000343051215168, -0.000657450291328, -0.00163062871434, 0.00664789974689, -0.0025695245713, -0.000821744324639, 0.000233973623835, 0.000832988473121, -0.000483217823785, -0.000308184011374], [-0.000292419223115, 0.000393865571823, -0.000751392857637, 0.000452727166703, 0.00100994971581, -0.00169339450076, -0.0025695245713, 0.00790641736239, -0.00375650706701, -0.000233045982895, 5.45855509699e-05, -0.00126002042089, 0.000444461242296], [0.00031509186374, -0.00063028302975, 0.00122929480858, -0.000668267079163, -0.00100060098339, 0.000783021736424, -0.000821744324639, -0.00375650706701, 0.00987670570612, -0.0038949334994, -0.00109975109808, 0.00192313978914, -0.000354903633706], [-0.000314077420626, 0.000776569300797, -0.00146071100608, 0.00138957134914, -2.36293508351e-05, 9.73384521785e-05, 0.000233973623835, -0.000233045982895, -0.0038949334994, 0.00915963295847, -0.00197388743982, -0.00142340338789, 0.000647717155516], [0.000410343549447, -0.000394066009903, 0.00136426521931, -0.00198553083465, 0.00130175822414, -0.000738459406421, 0.000832988473121, 5.45855509699e-05, -0.00109975109808, -0.00197388743982, 0.00816553551704, -0.00125110312365, -0.000929120753426], [-0.000314807781251, 0.000707163533662, -0.000979654025286, 0.00184129492845, -0.00167102599517, 0.00136264436878, -0.000483217823785, -0.00126002042089, 0.00192313978914, -0.00142340338789, -0.00125110312365, 0.00975642260164, -0.00236304593273], [0.000216822445509, -0.000719961128198, 0.000514438317623, -0.00082005688455, 0.000998766743578, -0.000347686756868, -0.000308184011374, 0.000444461242296, -0.000354903633706, 0.000647717155516, -0.000929120753426, -0.00236304593273, 0.0100311534479]]
    },
    "melbands": {
        "dmean": [0.00203282223083, 0.00139067624696, 0.000767773250118, 0.00022978981724, 0.000108672567876, 8.89429284143e-05, 0.000124982470879, 0.000144680496305, 0.000169952400029, 0.000107672982267, 7.27830774849e-05, 0.000108337037091, 9.20406746445e-05, 0.000106943662104, 8.24608723633e-05, 6.33682357147e-05, 4.51480700576e-05, 6.17919795332e-05, 4.48136634077e-05, 3.20122562698e-05, 3.54536387022e-05, 2.61529967247e-05, 2.21807986236e-05, 2.63374950009e-05, 1.71078518179e-05, 1.92538518604e-05, 1.44487448779e-05, 1.23394274851e-05, 1.1331294445e-05, 9.40804602578e-06, 1.02152753243e-05, 8.32362911751e-06, 8.11215977592e-06, 8.19163142296e-06, 8.42794270284e-06, 7.06934633854e-06, 6.85585519022e-06, 5.44150952919e-06, 5.89708224652e-06, 5.01671866004e-06],
        "dmean2": [0.0022281089332, 0.00201315130107, 0.00141781452112, 0.000412737688748, 0.000172845873749, 0.000150980922626, 0.000198334368179, 0.000230123667279, 0.00026690372033, 0.000167829624843, 0.000114622613182, 0.000176176137757, 0.000154197477968, 0.00017861383094, 0.000135732581839, 0.000103234640846, 7.27675651433e-05, 0.000103767677501, 7.64622309362e-05, 5.34379105375e-05, 5.91167336097e-05, 4.34947614849e-05, 3.6595716665e-05, 4.41893425887e-05, 2.87333768938e-05, 3.26203153236e-05, 2.4442859285e-05, 2.05106643989e-05, 1.88325739146e-05, 1.57620215759e-05, 1.67897251231e-05, 1.35090458571e-05, 1.3092529116e-05, 1.31861961563e-05, 1.36535227284e-05, 1.15230131996e-05, 1.08662416096e-05, 8.604638424e-06, 9.42141923588e-06, 8.05849049357e-06],
        "dvar": [3.49099100276e-05, 3.39753751177e-05, 2.19912508328e-05, 1.30965543121e-06, 1.56786555294e-07, 6.89041144142e-08, 7.85233567058e-08, 1.76649692207e-07, 3.84655351127e-07, 1.04273482293e-07, 4.05731128694e-08, 1.37842761205e-07, 1.30264083964e-07, 9.17161386838e-08, 4.67272727178e-08, 2.27434213684e-08, 1.22098366973e-08, 4.7396106595e-08, 1.80286274798e-08, 9.84316717023e-09, 3.97230559557e-09, 1.52294354905e-09, 1.93206450838e-09, 1.92622295891e-09, 7.60293494828e-10, 8.5316231857e-10, 4.60484650411e-10, 3.78518799637e-10, 2.55430621099e-10, 1.7734516633e-10, 2.57900312217e-10, 1.9392053241e-10, 1.73331973774e-10, 1.91362717339e-10, 2.36355574001e-10, 1.46149911617e-10, 1.9130649842e-10, 9.61184257187e-11, 1.54469964597e-10, 1.19747198268e-10],
        "dvar2": [3.9142636524e-05, 7.6653152064e-05, 6.35668984614e-05, 3.78592676498e-06, 3.63839745887e-07, 1.86068305652e-07, 1.91443362496e-07, 4.30164050158e-07, 9.15260386591e-07, 2.53057407917e-07, 9.08668340571e-08, 3.33693122911e-07, 3.45636806287e-07, 2.60913253669e-07, 1.25617148683e-07, 6.0662145529e-08, 3.13697299248e-08, 1.29846412733e-07, 5.02379400302e-08, 2.56662087139e-08, 1.04216750785e-08, 3.98002297786e-09, 4.71921790535e-09, 4.97771335262e-09, 2.0831179004e-09, 2.3425090756e-09, 1.24413557234e-09, 1.03724440148e-09, 6.95607182966e-10, 4.69866756614e-10, 6.49050591051e-10, 4.71553185388e-10, 4.29899921217e-10, 4.70712413492e-10, 5.99749250263e-10, 3.74088510169e-10, 4.75463890481e-10, 2.33552066575e-10, 3.85989462615e-10, 3.08269604288e-10],
        "max": [0.156489118934, 0.120313033462, 0.0998830646276, 0.0230704192072, 0.00784931145608, 0.00402237102389, 0.00598005903885, 0.0082791633904, 0.0202968195081, 0.00870316755027, 0.00458939373493, 0.0106767853722, 0.0139159820974, 0.00828825868666, 0.00727090891451, 0.00443005096167, 0.0033908621408, 0.00913678202778, 0.00434596417472, 0.00450518587604, 0.00137638184242, 0.000705680402461, 0.00161344546359, 0.000865025795065, 0.000408835563576, 0.000389769877074, 0.000278580846498, 0.000352227449184, 0.000308542017592, 0.00022043917852, 0.000309226801619, 0.000325446657371, 0.000220337722567, 0.000253333419096, 0.000231225567404, 0.000203125353437, 0.000478339556139, 0.000238976892433, 0.000200760885491, 0.000231959333178],
        "mean": [0.00444009061903, 0.00184945564251, 0.000565115537029, 0.000200321432203, 0.000108437547169, 9.88499596133e-05, 0.000179145674338, 0.0001952284656, 0.000223113354878, 0.000141990734846, 0.000100529985502, 0.000132367218612, 0.000108165339043, 0.000135026668431, 0.000114264657896, 8.6523439677e-05, 6.03536063863e-05, 7.31796244509e-05, 5.5711458117e-05, 4.2290543206e-05, 5.02740440425e-05, 4.01850993512e-05, 3.23401873175e-05, 3.5931738239e-05, 2.41633115365e-05, 2.79410778603e-05, 2.17467004404e-05, 2.02010451176e-05, 1.93427003978e-05, 1.58794427989e-05, 1.78515856533e-05, 1.45828962559e-05, 1.35210229928e-05, 1.36829021358e-05, 1.36711996674e-05, 1.18115185614e-05, 1.26978784465e-05, 1.0456588825e-05, 9.80904042081e-06, 8.4112289187e-06],
        "median": [0.000335864489898, 0.000174426531885, 4.54803084722e-05, 2.72049474006e-05, 1.22352957987e-05, 2.24512805289e-05, 5.28886084794e-05, 6.65462866891e-05, 6.28565394436e-05, 4.33809582319e-05, 3.56398813892e-05, 4.09205822507e-05, 3.32659219566e-05, 5.37861669727e-05, 4.99571506225e-05, 4.14608075516e-05, 2.38574284595e-05, 3.17888261634e-05, 2.75208240055e-05, 1.99766000151e-05, 2.7464775485e-05, 2.54972255789e-05, 1.83289375855e-05, 2.08854326047e-05, 1.56223268277e-05, 1.92411189346e-05, 1.40430393003e-05, 1.28049186969e-05, 1.28867750391e-05, 1.0526198821e-05, 9.75164766714e-06, 7.56275812819e-06, 7.28272243578e-06, 6.62389675199e-06, 6.73049089528e-06, 5.41637791684e-06, 5.02230250277e-06, 4.4372955017e-06, 3.50595496457e-06, 2.4796568141e-06],
        "min": [2.01799829507e-24, 1.58165645142e-24, 2.53181239327e-24, 2.38445416226e-24, 2.2361926855e-24, 1.16161237547e-24, 2.56892593228e-24, 1.24580128761e-24, 1.98450582483e-24, 2.58839659715e-24, 2.51825936849e-24, 3.21285376212e-24, 2.67261834562e-24, 2.67182889306e-24, 2.67557716566e-24, 2.62346047831e-24, 3.4467857304e-24, 3.82166860421e-24, 3.21501090227e-24, 3.38126964893e-24, 4.13349230384e-24, 3.68463715409e-24, 3.78943811421e-24, 2.81831267177e-24, 4.79709669124e-24, 4.58236007537e-24, 3.82297101356e-24, 3.0179437846e-24, 5.00398532439e-24, 4.77677090115e-24, 3.58346258755e-24, 6.03985790613e-24, 5.48687745562e-24, 5.53449152214e-24, 4.5995118836e-24, 5.78324027037e-24, 6.67737702998e-24, 5.59395901262e-24, 5.18293684302e-24, 6.21261016133e-24],
        "var": [0.000153765708092, 4.30455802416e-05, 1.3482970644e-05, 8.27254950764e-07, 1.66607506458e-07, 6.58659402575e-08, 1.38462240784e-07, 2.39648954903e-07, 4.53242279264e-07, 1.32105697048e-07, 5.99023266545e-08, 1.62581372365e-07, 1.24741504237e-07, 9.6634970248e-08, 5.66193065765e-08, 2.77500653567e-08, 1.79409269663e-08, 4.38525162849e-08, 1.71612146715e-08, 1.0408934159e-08, 5.47786216387e-09, 2.2225017382e-09, 2.89402124487e-09, 2.58237253803e-09, 8.59017690313e-10, 9.77107839084e-10, 6.2593341621e-10, 6.34640728858e-10, 4.71746086639e-10, 3.0783817162e-10, 6.24536755645e-10, 4.60501858868e-10, 3.39782563197e-10, 4.06052275137e-10, 4.07856304285e-10, 3.15443088317e-10, 5.26243271182e-10, 3.46298267839e-10, 3.50638157398e-10, 3.30769578394e-10]
    },
    "mfcc": {
        "mean": [-620.867797852, 50.0715904236, -16.1602458954, 0.437518537045, -4.65111255646, 3.8388068676, 3.65006232262, 6.69260072708, 3.78951978683, 9.43803310394, 6.54269647598, 10.6749849319, 5.30014753342],
        "cov": [[11215.7158203, -338.656066895, 1059.07019043, 1420.89953613, 912.430603027, 621.218322754, 369.060577393, 402.039215088, 325.472503662, 97.5403823853, 115.736434937, 138.962738037, 101.089103699], [-338.656066895, 1504.09143066, -103.562278748, 313.564361572, 95.5612030029, 30.0781936646, 32.0038223267, 36.5481071472, 54.6067276001, -12.2572984695, -88.3099746704, -3.90236449242, -56.421245575], [1059.07019043, -103.562278748, 1107.61242676, 468.95425415, 421.880126953, 314.956207275, 245.23197937, 158.523162842, 179.333572388, 70.3658981323, 89.7540283203, -1.54726731777, 50.3919677734], [1420.89953613, 313.564361572, 468.95425415, 770.225463867, 387.162597656, 254.925582886, 166.198181152, 116.928634644, 113.04839325, 39.2392158508, 20.9996356964, 43.2944946289, -9.42654800415], [912.430603027, 95.5612030029, 421.880126953, 387.162597656, 526.151672363, 268.220947266, 170.223403931, 144.478378296, 106.60899353, 66.5432281494, 49.5799255371, 12.1112422943, 18.5719470978], [621.218322754, 30.0781936646, 314.956207275, 254.925582886, 268.220947266, 359.436218262, 178.138092041, 124.449066162, 114.737884521, 57.5881919861, 52.6327972412, -8.72238731384, 19.1819419861], [369.060577393, 32.0038223267, 245.23197937, 166.198181152, 170.223403931, 178.138092041, 272.781219482, 145.438415527, 106.193885803, 67.9558639526, 42.1656761169, 39.2188873291, 0.673502743244], [402.039215088, 36.5481071472, 158.523162842, 116.928634644, 144.478378296, 124.449066162, 145.438415527, 285.117828369, 152.849075317, 57.8653564453, 86.082069397, 28.8274669647, 37.841709137], [325.472503662, 54.6067276001, 179.333572388, 113.04839325, 106.60899353, 114.737884521, 106.193885803, 152.849075317, 262.778717041, 104.920654297, 64.9336624146, 25.3475494385, 53.1041603088], [97.5403823853, -12.2572984695, 70.3658981323, 39.2392158508, 66.5432281494, 57.5881919861, 67.9558639526, 57.8653564453, 104.920654297, 202.472686768, 80.696472168, 60.7540969849, 16.8455085754], [115.736434937, -88.3099746704, 89.7540283203, 20.9996356964, 49.5799255371, 52.6327972412, 42.1656761169, 86.082069397, 64.9336624146, 80.696472168, 204.968643188, 70.8129272461, 43.9849739075], [138.962738037, -3.90236449242, -1.54726731777, 43.2944946289, 12.1112422943, -8.72238731384, 39.2188873291, 28.8274669647, 25.3475494385, 60.7540969849, 70.8129272461, 176.640136719, 36.1922416687], [101.089103699, -56.421245575, 50.3919677734, -9.42654800415, 18.5719470978, 19.1819419861, 0.673502743244, 37.841709137, 53.1041603088, 16.8455085754, 43.9849739075, 36.1922416687, 133.760559082]],
