{
"lowlevel": {
    "average_loudness": 0.896012425423,
    "barkbands_crest": {
        "dmean": 2.51345896721,
        "dmean2": 3.86231899261,
        "dvar": 6.59252595901,
        "dvar2": 14.8348617554,
        "max": 26.4790687561,
        "mean": 8.7427482605,
        "median": 7.33021259308,
        "min": 1.93527626991,
        "var": 22.9630088806
    },
    "barkbands_flatness_db": {
        "dmean": 0.0179638043046,
        "dmean2": 0.0271387118846,
        "dvar": 0.000419354590122,
        "dvar2": 0.000869881885592,
        "max": 0.494045615196,
        "mean": 0.0950229093432,
        "median": 0.076211579144,
        "min": 0.00925574172288,
        "var": 0.00409562047571
    },
    "barkbands_kurtosis": {
        "dmean": 1.54760181904,
        "dmean2": 2.3674890995,
        "dvar": 20.3157577515,
        "dvar2": 43.3972053528,
        "max": 150.602340698,
        "mean": 1.19317615032,
        "median": -0.777935504913,
        "min": -1.95109009743,
        "var": 60.1685752869
    },
    "barkbands_skewness": {
        "dmean": 0.441761106253,
        "dmean2": 0.657877624035,
        "dvar": 0.307746171951,
        "dvar2": 0.622124910355,
        "max": 9.84970188141,
        "mean": 0.604602456093,
        "median": 0.409197300673,
        "min": -4.69738388062,
        "var": 1.58983922005
    },
    "barkbands_spread": {
        "dmean": 7.994161129,
        "dmean2": 12.1834011078,
        "dvar": 90.744720459,
        "dvar2": 196.03616333,
        "max": 127.298805237,
        "mean": 41.4260025024,
        "median": 40.6822395325,
        "min": 0.36824080348,
        "var": 424.606109619
    },
    "dissonance": {
        "dmean": 0.0123290168121,
        "dmean2": 0.0209043193609,
        "dvar": 0.000178280592081,
        "dvar2": 0.000487180921482,
        "max": 0.500000059605,
        "mean": 0.47861623764,
        "median": 0.483520001173,
        "min": 0.183504670858,
        "var": 0.000427861639764
    },
    "dynamic_complexity": 3.13734769821,
    "erbbands_crest": {
        "dmean": 2.54184889793,
        "dmean2": 4.12667274475,
        "dvar": 8.29227256775,
        "dvar2": 19.6326370239,
        "max": 33.9428863525,
        "mean": 7.44014310837,
        "median": 5.87616872787,
        "min": 2.11905932426,
        "var": 21.48295784
    },
    "erbbands_flatness_db": {
        "dmean": 0.013972598128,
        "dmean2": 0.0212372448295,
        "dvar": 0.000215046093217,
        "dvar2": 0.000467019417556,
        "max": 0.528837740421,
        "mean": 0.141195937991,
        "median": 0.122460529208,
        "min": 0.0512690171599,
        "var": 0.00340200425126
    },
    "erbbands_kurtosis": {
        "dmean": 0.716783225536,
        "dmean2": 1.16622936726,
        "dvar": 3.85054087639,
        "dvar2": 9.64337825775,
        "max": 102.416069031,
        "mean": 0.022523265332,
        "median": -0.521354198456,
        "min": -1.83330631256,
        "var": 8.83310031891
    },
    "erbbands_skewness": {
        "dmean": 0.326383262873,
        "dmean2": 0.50863045454,
        "dvar": 0.109625808895,
        "dvar2": 0.249066829681,
        "max": 5.47596406937,
        "mean": -0.0531010068953,
        "median": -0.0985541194677,
        "min": -4.89683818817,
        "var": 0.547707080841
    },
    "erbbands_spread": {
        "dmean": 6.97653865814,
        "dmean2": 10.90691185,
        "dvar": 53.1660194397,
        "dvar2": 122.32081604,
        "max": 174.911697388,
        "mean": 41.3379249573,
        "median": 40.3386154175,
        "min": 0.578474640846,
        "var": 219.464019775
    },
    "hfc": {
        "dmean": 16.1761112213,
        "dmean2": 25.5766944885,
        "dvar": 858.676452637,
        "dvar2": 2117.96484375,
        "max": 339.790679932,
        "mean": 46.3388671875,
        "median": 38.2824859619,
        "min": 1.05496444803e-16,
        "var": 1653.10131836
    },
    "melbands_crest": {
        "dmean": 3.67047071457,
        "dmean2": 5.50477075577,
        "dvar": 13.44647789,
        "dvar2": 29.106678009,
        "max": 37.6668701172,
        "mean": 15.2469177246,
        "median": 14.1540794373,
        "min": 1.50710070133,
        "var": 61.2874565125
    },
    "melbands_flatness_db": {
        "dmean": 0.02310670726,
        "dmean2": 0.0341883823276,
        "dvar": 0.000743176555261,
        "dvar2": 0.00152671523392,
        "max": 0.555024921894,
        "mean": 0.125511601567,
        "median": 0.10418343544,
        "min": 0.00268176966347,
        "var": 0.0067166457884
    },
    "melbands_kurtosis": {
        "dmean": 4.66735839844,
        "dmean2": 7.0896859169,
        "dvar": 153.560653687,
        "dvar2": 335.335083008,
        "max": 356.602935791,
        "mean": 7.90495967865,
        "median": 2.34801769257,
        "min": -1.89408898354,
        "var": 446.959533691
    },
    "melbands_skewness": {
        "dmean": 0.596947073936,
        "dmean2": 0.894637107849,
        "dvar": 0.620038688183,
        "dvar2": 1.286059618,
        "max": 17.308380127,
        "mean": 1.97890150547,
        "median": 1.53154087067,
        "min": -3.79850959778,
        "var": 3.01113271713
    },
    "melbands_spread": {
        "dmean": 13.0439653397,
        "dmean2": 20.0663452148,
        "dvar": 249.28616333,
        "dvar2": 551.304382324,
        "max": 272.806976318,
        "mean": 54.223110199,
        "median": 51.5631065369,
        "min": 0.523526728153,
        "var": 1098.4239502
    },
    "pitch_salience": {
        "dmean": 0.0716600194573,
        "dmean2": 0.112583480775,
        "dvar": 0.00612624688074,
        "dvar2": 0.0137421609834,
        "max": 0.880591094494,
        "mean": 0.559062719345,
        "median": 0.57673740387,
        "min": 0.0596781894565,
        "var": 0.0209226757288
    },
    "silence_rate_20dB": {
        "dmean": 0,
        "dmean2": 0,
        "dvar": 0,
        "dvar2": 0,
        "max": 1,
        "mean": 1,
        "median": 1,
        "min": 1,
        "var": 0
    },
    "silence_rate_30dB": {
        "dmean": 0.00474214600399,
        "dmean2": 0.00948522891849,
        "dvar": 0.00471991393715,
        "dvar2": 0.0115692289546,
        "max": 1,
        "mean": 0.995851039886,
        "median": 1,
        "min": 0,
        "var": 0.00413188198581
    },
    "silence_rate_60dB": {
        "dmean": 0.00889152381569,
        "dmean2": 0.0176860000938,
        "dvar": 0.00881122145802,
        "dvar2": 0.0219136998057,
        "max": 1,
        "mean": 0.0660871267319,
        "median": 0,
        "min": 0,
        "var": 0.0617175996304
    },
    "spectral_centroid": {
        "dmean": 289.817352295,
        "dmean2": 448.485473633,
        "dvar": 101028.625,
        "dvar2": 223775.4375,
        "max": 11840.1074219,
        "mean": 2707.48779297,
        "median": 2671.60131836,
        "min": 231.828323364,
        "var": 2449402.75
    },
    "spectral_complexity": {
        "dmean": 4.56451272964,
        "dmean2": 7.30866527557,
        "dvar": 25.4229125977,
        "dvar2": 58.2348937988,
        "max": 58,
        "mean": 26.1163692474,
        "median": 28,
        "min": 0,
        "var": 179.062820435
    },
    "spectral_decrease": {
        "dmean": 1.7671748509e-09,
        "dmean2": 2.60895016702e-09,
        "dvar": 6.52250648639e-18,
        "dvar2": 1.47540268481e-17,
        "max": 2.35995294257e-28,
        "mean": -5.63530067055e-09,
        "median": -4.67944305527e-09,
        "min": -4.33634816943e-08,
        "var": 2.42862064187e-17
    },
    "spectral_energy": {
        "dmean": 0.00747101940215,
        "dmean2": 0.0112353591248,
        "dvar": 9.98071263894e-05,
        "dvar2": 0.000227594035096,
        "max": 0.164649352431,
        "mean": 0.0254720486701,
        "median": 0.0218381993473,
        "min": 9.84108810878e-21,
        "var": 0.000398337462684
    },
    "spectral_energyband_high": {
        "dmean": 0.0015662855003,
        "dmean2": 0.00249639735557,
        "dvar": 8.56803399074e-06,
        "dvar2": 2.14011342905e-05,
        "max": 0.034297015518,
        "mean": 0.00403736624867,
        "median": 0.00336747663096,
        "min": 6.81891507837e-21,
        "var": 1.51879658006e-05
    },
    "spectral_energyband_low": {
        "dmean": 0.00440549477935,
        "dmean2": 0.0064205955714,
        "dvar": 9.29635934881e-05,
        "dvar2": 0.000211444392335,
        "max": 0.160697460175,
        "mean": 0.00951009150594,
        "median": 0.0045532071963,
        "min": 5.78285609511e-24,
        "var": 0.000275306490948
    },
    "spectral_energyband_middle_high": {
        "dmean": 0.00251759006642,
        "dmean2": 0.00405630329624,
        "dvar": 1.21426792248e-05,
        "dvar2": 3.11380135827e-05,
        "max": 0.0474672168493,
        "mean": 0.00710064964369,
        "median": 0.00564379012212,
        "min": 1.06425045494e-21,
        "var": 3.98929150833e-05
    },
    "spectral_energyband_middle_low": {
        "dmean": 0.0026401092764,
        "dmean2": 0.00418391311541,
        "dvar": 2.53403468378e-05,
        "dvar2": 6.53263050481e-05,
        "max": 0.0819396823645,
        "mean": 0.00531881256029,
        "median": 0.0036095676478,
        "min": 1.52331375826e-22,
        "var": 3.39940233971e-05
    },
    "spectral_entropy": {
        "dmean": 0.117436379194,
        "dmean2": 0.182347580791,
        "dvar": 0.0187311209738,
        "dvar2": 0.042360059917,
        "max": 9.82961463928,
        "mean": 8.09987449646,
        "median": 8.15347957611,
        "min": 4.70184803009,
        "var": 0.281015396118
    },
    "spectral_flux": {
        "dmean": 0.020838983357,
        "dmean2": 0.0305173192173,
        "dvar": 0.000633739342447,
        "dvar2": 0.00116706686094,
        "max": 0.359628766775,
        "mean": 0.0845545828342,
        "median": 0.0794780254364,
        "min": 6.34450894599e-11,
        "var": 0.00219536246732
    },
    "spectral_kurtosis": {
        "dmean": 1.06847631931,
        "dmean2": 1.80294883251,
        "dvar": 11.7471389771,
        "dvar2": 30.398141861,
        "max": 129.197418213,
        "mean": 3.02631378174,
        "median": 2.04212331772,
        "min": -1.27576732635,
        "var": 48.7968292236
    },
    "spectral_rms": {
        "dmean": 0.000672201218549,
        "dmean2": 0.000992659013718,
        "dvar": 5.74319756197e-07,
        "dvar2": 1.23593963508e-06,
        "max": 0.0126741277054,
        "mean": 0.00455937813967,
        "median": 0.00461579486728,
        "min": 3.09855786862e-12,
        "var": 4.06284880228e-06
    },
    "spectral_rolloff": {
        "dmean": 1101.40466309,
        "dmean2": 1750.61730957,
        "dvar": 2319913.5,
        "dvar2": 5006537,
        "max": 19616.7480469,
        "mean": 4563.57958984,
        "median": 4155.90820312,
        "min": 43.06640625,
        "var": 12710972
    },
    "spectral_skewness": {
        "dmean": 0.141059011221,
        "dmean2": 0.232805415988,
        "dvar": 0.0528420694172,
        "dvar2": 0.138243675232,
        "max": 9.22327136993,
        "mean": 1.14526998997,
        "median": 1.11346399784,
        "min": -0.154775992036,
        "var": 0.378976613283
    },
    "spectral_spread": {
        "dmean": 569823.1875,
        "dmean2": 873315.1875,
        "dvar": 652449415168,
        "dvar2": 1.36290815181e+12,
        "max": 43370676,
        "mean": 6600142,
        "median": 5636905.5,
        "min": 672678.625,
        "var": 3.48352906527e+13
    },
    "spectral_strongpeak": {
        "dmean": 0.673948585987,
        "dmean2": 1.14174520969,
        "dvar": 1.65110743046,
        "dvar2": 4.28242206573,
        "max": 21.7580947876,
        "mean": 1.01179587841,
        "median": 0.353668630123,
        "min": 0,
        "var": 2.1755399704
    },
    "zerocrossingrate": {
        "dmean": 0.0177208650857,
        "dmean2": 0.0198846887797,
        "dvar": 0.00040243708645,
        "dvar2": 0.0004590076569,
        "max": 0.52587890625,
        "mean": 0.138368234038,
        "median": 0.12841796875,
        "min": 0.0029296875,
        "var": 0.00760772125795
    },
    "barkbands": {
        "dmean": [0.000637220568024, 0.00331814587116, 0.00125624274369, 0.000554148864467, 0.000529120618012, 0.000391875510104, 0.000427237246186, 0.000700935954228, 0.000646702595986, 0.000924050982576, 0.000690042506903, 0.000352745410055, 0.000463529955596, 0.000361516402336, 0.000435741967522, 0.000441552110715, 0.000444093078841, 0.000280989566818, 0.000356451055268, 0.000314672477543, 0.000333893840434, 0.000244324561208, 0.000245778006501, 0.000396719988203, 0.000377789547201, 0.000198558846023, 4.09466483688e-05],
        "dmean2": [0.000737648690119, 0.00488611543551, 0.00220288243145, 0.00103671604302, 0.000922807608731, 0.000604959379416, 0.000675000657793, 0.000984743470326, 0.000990824657492, 0.00143408123404, 0.00113131047692, 0.000589909672271, 0.000771403370891, 0.000614819640759, 0.000722539494745, 0.000726879923604, 0.000750792736653, 0.00047776158317, 0.000605298730079, 0.00052826263709, 0.00056661554845, 0.00040689916932, 0.000398642499931, 0.000642674218398, 0.000603024382144, 0.0003136768064, 6.84394908603e-05],
        "dvar": [3.75212471226e-06, 6.05012101005e-05, 2.1740082957e-05, 5.72597673454e-06, 2.48594415098e-06, 6.41854910555e-07, 1.18765524348e-06, 1.999432925e-06, 3.26861027133e-06, 5.28465943717e-06, 3.80337269235e-06, 6.27965505373e-07, 1.63514664564e-06, 1.02179456007e-06, 8.61789260398e-07, 1.04225023279e-06, 5.91439743403e-07, 1.81000160637e-07, 2.53934558714e-07, 1.9439045218e-07, 2.086798645e-07, 1.05872132394e-07, 1.67504524029e-07, 7.64453261581e-07, 8.51721154049e-07, 2.05791735652e-07, 9.53931778014e-09],
        "dvar2": [4.77061985293e-06, 0.00014333735453, 5.92347605561e-05, 1.6756610421e-05, 7.05194861439e-06, 1.54964459398e-06, 2.85697001345e-06, 3.80892402063e-06, 7.02262241248e-06, 1.21049015434e-05, 9.88067131402e-06, 1.51637971157e-06, 4.26013093602e-06, 2.84171665044e-06, 2.20097376769e-06, 2.48938931691e-06, 1.6369625655e-06, 5.01015222198e-07, 6.95840185472e-07, 5.33810123216e-07, 5.91411151163e-07, 2.8393188245e-07, 4.14148786376e-07, 1.96455039259e-06, 2.14267629417e-06, 4.96908114656e-07, 2.35962609452e-08],
        "max": [0.0338435173035, 0.136334270239, 0.0599965676665, 0.0445900820196, 0.0291185416281, 0.02186941728, 0.0345288515091, 0.0347389951348, 0.05293693766, 0.059126585722, 0.0403800457716, 0.0229160040617, 0.0315675996244, 0.026153543964, 0.0268615353853, 0.0257984492928, 0.0130496369675, 0.00894283875823, 0.0099576311186, 0.00694059440866, 0.00697398139164, 0.0037148182746, 0.00545530300587, 0.0126520702615, 0.0123684518039, 0.00459529226646, 0.00136282981839],
        "mean": [0.00122347613797, 0.00690974062309, 0.00115388259292, 0.000464380893391, 0.000624039967079, 0.000724559416994, 0.000681646750309, 0.00125640118495, 0.000985584803857, 0.00138773757499, 0.000860347528942, 0.000482613424538, 0.000658436038066, 0.000508676457684, 0.000627153844107, 0.000656758784316, 0.000743043667171, 0.000514830870088, 0.000723507662769, 0.000696303148288, 0.000831146433484, 0.000620091508608, 0.000518805463798, 0.000685637292918, 0.000580368447118, 0.000305564637529, 4.72675237688e-05],
        "median": [0.00013693429355, 0.00274179293774, 0.000280145177385, 0.000118948810268, 0.000271154480288, 0.000364097446436, 0.000255016057054, 0.000553533725906, 0.00037736853119, 0.00045766675612, 0.000240304332692, 0.000212820188608, 0.000298504455714, 0.00021976736025, 0.000273922283668, 0.000329930946464, 0.000441833719378, 0.000364935374819, 0.000537586049177, 0.000544404319953, 0.0007043396472, 0.000576540827751, 0.000401171040721, 0.000418945361162, 0.00028264397406, 0.000126780723804, 3.37766823577e-06],
        "min": [3.3658301126e-25, 2.3570296101e-24, 7.07840009178e-25, 2.25735382998e-25, 4.06914176436e-24, 5.96552867063e-24, 2.97643905136e-24, 4.87230550665e-24, 1.45131316127e-23, 8.417206601e-24, 1.09641181864e-23, 1.77787128377e-23, 2.84218443107e-23, 1.1881553164e-23, 3.75689168541e-23, 5.37502684002e-23, 5.7523440597e-23, 7.37621170874e-23, 9.29980295665e-23, 1.60197278306e-22, 1.25977337897e-22, 2.7695197394e-22, 2.60440294779e-22, 5.3712461137e-22, 7.78800593651e-22, 1.2325437433e-21, 1.83382629849e-21],
        "var": [1.02516460174e-05, 0.000165210149135, 1.48001072375e-05, 3.16417072099e-06, 1.76126798124e-06, 1.28803503685e-06, 2.06401728065e-06, 4.87181205244e-06, 6.15366298007e-06, 9.28073586692e-06, 5.13439681527e-06, 1.02839783267e-06, 2.28332828556e-06, 1.321398031e-06, 1.37537472256e-06, 1.64787070389e-06, 9.74009253696e-07, 3.13181118372e-07, 5.62362288292e-07, 4.75042469361e-07, 5.79439870307e-07, 2.78909936924e-07, 2.95301305187e-07, 9.06984439553e-07, 9.27698295072e-07, 2.6183187174e-07, 1.04977608828e-08]
    },
    "erbbands": {
        "dmean": [0.1638700068, 0.585039973259, 1.3389377594, 1.80290460587, 1.52687847614, 1.91074514389, 2.33064031601, 3.88929247856, 6.50164651871, 9.36855125427, 12.9064846039, 18.009935379, 23.05742836, 21.7702827454, 34.1831016541, 16.3859882355, 20.8316555023, 21.3831424713, 25.302154541, 15.8311386108, 21.7532691956, 17.1071052551, 14.4809932709, 17.385345459, 18.2185783386, 15.6050977707, 13.4929084778, 12.7906246185, 8.68814182281, 7.59856796265, 7.40120744705, 7.76937150955, 7.75450897217, 4.23815488815, 2.32805871964, 1.01577579975, 0.361944198608, 0.0811228454113, 0.00595743907616, 0.000101848461782],
        "dmean2": [0.210096985102, 0.937462925911, 2.25856471062, 3.25384688377, 2.82782030106, 3.31418085098, 3.65938162804, 5.97452688217, 10.2199764252, 13.3934297562, 18.6246566772, 27.310585022, 35.7905426025, 34.0126647949, 55.7479629517, 26.9358043671, 34.6405448914, 36.1348266602, 42.103225708, 26.21575737, 36.4906349182, 28.763551712, 24.3337802887, 29.6848049164, 30.9567947388, 26.1574478149, 22.7157440186, 21.73777771, 14.588300705, 12.6285181046, 12.0663499832, 12.7425365448, 12.4648141861, 6.84535884857, 3.66707062721, 1.61376714706, 0.579484641552, 0.13209232688, 0.0100086927414, 0.000166701895068],
        "dvar": [0.179981291294, 2.2287068367, 21.6071205139, 52.9687576294, 39.3482093811, 28.2929916382, 36.3415870667, 60.6362495422, 308.571685791, 408.854736328, 941.19519043, 2668.01098633, 5639.25390625, 2792.25732422, 9300.35644531, 1471.46081543, 3240.87817383, 3079.95410156, 2959.00952148, 1026.02087402, 1858.3951416, 705.492614746, 484.961914062, 785.700134277, 752.255126953, 516.41204834, 355.499694824, 318.29800415, 149.676147461, 107.8411026, 138.894348145, 257.705108643, 361.660980225, 94.3878479004, 30.0288200378, 5.32496643066, 0.736426353455, 0.0369788855314, 0.000220881498535, 5.66406619384e-08],
        "dvar2": [0.330557256937, 5.88743591309, 56.5824279785, 151.864227295, 114.776382446, 79.2565383911, 81.9387130737, 143.340835571, 758.266784668, 792.609863281, 1809.17456055, 5732.77978516, 12930.7900391, 6356.08251953, 24145.125, 3504.5793457, 8412.12792969, 8555.14453125, 7671.23193359, 2506.2421875, 4861.99755859, 1875.18322754, 1324.87109375, 2212.99707031, 2070.81005859, 1423.7635498, 991.080749512, 893.428894043, 406.441741943, 279.839111328, 340.477722168, 649.136230469, 930.204650879, 239.887512207, 74.0957946777, 12.8970708847, 1.83742511272, 0.0928306281567, 0.000544546172023, 1.38996028909e-07],
        "max": [7.93924188614, 22.9452114105, 56.737247467, 109.343200684, 135.731903076, 84.130607605, 185.064483643, 198.260879517, 511.548553467, 523.53338623, 939.251403809, 1540.17663574, 2432.49414062, 1296.69421387, 1978.89770508, 1151.60253906, 1434.16381836, 1396.02575684, 1618.0826416, 784.452026367, 817.483703613, 515.542358398, 594.823303223, 704.142456055, 505.519622803, 383.594512939, 282.748626709, 249.041519165, 144.314559937, 131.350753784, 179.760910034, 182.936325073, 291.256988525, 131.885604858, 66.3481063843, 25.1612739563, 10.3894319534, 1.93985021114, 0.228381365538, 0.00333607848734],
        "mean": [0.337666392326, 0.99110686779, 1.35623669624, 1.62065649033, 1.33212912083, 2.25607609749, 3.99127292633, 7.0336971283, 10.738740921, 17.0323982239, 22.5809688568, 28.6602935791, 35.4791107178, 33.1535263062, 44.6877174377, 24.4141979218, 30.9484596252, 32.666431427, 38.1575813293, 26.2759208679, 36.1007461548, 32.8871154785, 29.457490921, 33.4503211975, 37.0060081482, 34.985294342, 33.3520622253, 30.9499416351, 22.024263382, 17.8204517365, 15.9950904846, 13.9309558868, 11.7429885864, 6.82883358002, 3.66276049614, 1.56960844994, 0.529256403446, 0.110982730985, 0.00679503148422, 0.000159933188115],
        "median": [0.104733981192, 0.348640918732, 0.419205218554, 0.467264354229, 0.425349026918, 0.937399983406, 1.64076137543, 3.42436909676, 3.80877661705, 8.01430702209, 9.14422893524, 11.5803804398, 11.4453868866, 13.3461227417, 14.0666837692, 11.497344017, 15.2444696426, 16.5349330902, 17.9437541962, 15.0617408752, 20.6513290405, 22.691034317, 22.2363758087, 23.0614337921, 27.0579357147, 27.2066841125, 27.595331192, 26.6216945648, 20.2017097473, 15.4005651474, 12.572766304, 9.03591823578, 6.23737764359, 3.5891122818, 1.76131057739, 0.698398470879, 0.20687289536, 0.0281538777053, 0.000663382583298, 7.20582902431e-05],
        "min": [7.7362528746e-23, 5.54840887444e-22, 1.72659998237e-21, 2.8526759277e-21, 1.00306514096e-20, 1.98037620741e-20, 2.64736343926e-20, 4.78498878138e-20, 7.57375357648e-20, 1.35625114846e-19, 2.54770362046e-19, 3.68007768989e-19, 3.03611086218e-19, 3.80469606809e-19, 8.12875092546e-19, 6.64073675551e-19, 1.44143718062e-18, 1.65012368223e-18, 1.91582681288e-18, 2.63693495356e-18, 3.28090229826e-18, 4.12601784085e-18, 4.66516961462e-18, 5.888040345e-18, 6.65752428264e-18, 7.37611345156e-18, 6.0235383196e-18, 6.59707971374e-18, 8.56575881827e-18, 1.03625985952e-17, 7.32160224919e-18, 9.96997235434e-18, 9.61589355723e-18, 6.75655393199e-18, 5.97344467529e-18, 3.85317355658e-18, 2.31800181991e-18, 8.58298526812e-19, 2.30422455812e-19, 2.53567773914e-20],
        "var": [0.5511084795, 3.24730968475, 16.5373535156, 31.4356746674, 21.9220237732, 21.7211494446, 77.7256164551, 127.262275696, 518.125732422, 961.092834473, 2183.65795898, 4971.55566406, 9269.03320312, 5413.78320312, 12841.9648438, 2542.20727539, 4577.16259766, 4087.77709961, 4935.32373047, 1791.94592285, 2815.4753418, 1395.0736084, 927.308532715, 1514.76623535, 1615.01757812, 1249.1953125, 980.832092285, 786.829406738, 363.208282471, 250.15927124, 273.706115723, 331.61050415, 373.137817383, 107.365402222, 35.3794174194, 6.69589042664, 0.848232150078, 0.0417267382145, 0.000243383852649, 6.74013236335e-08]
    },
    "gfcc": {
        "mean": [-6.48856496811, 29.0899429321, -123.379745483, 28.3985748291, -62.6965255737, 17.4499969482, -29.559305191, 18.2226467133, -18.2733745575, 11.4963064194, -14.4018545151, 5.10582542419, -9.93925189972],
        "cov": [[48202.203125, -1876.10900879, -2888.41113281, 1441.3182373, -1942.70544434, 1757.36853027, -850.321105957, 1114.87255859, -721.957519531, 888.977661133, -563.373474121, 630.751220703, -468.545837402], [-1876.10900879, 3547.97387695, -375.898712158, 355.068206787, 437.717681885, -482.480682373, 300.540008545, -181.06111145, 317.142303467, -223.101043701, 174.911880493, -190.190353394, 203.187469482], [-2888.41113281, -375.898712158, 1640.30834961, 329.235229492, 401.590362549, 307.537109375, 169.205047607, 168.950576782, 89.2367401123, 91.6748886108, 5.73412799835, 33.5617294312, -30.0360851288], [1441.3182373, 355.068206787, 329.235229492, 737.699279785, 123.799804688, 214.871612549, 155.251937866, 127.628593445, 75.0816879272, 75.6150436401, -8.13019943237, -5.19636201859, -27.1979846954], [-1942.70544434, 437.717681885, 401.590362549, 123.799804688, 484.941131592, 77.3082733154, 199.728485107, 35.9093055725, 101.526054382, 0.833850085735, 65.2862548828, -0.751181423664, 54.121547699], [1757.36853027, -482.480682373, 307.537109375, 214.871612549, 77.3082733154, 510.15826416, 81.974937439, 191.748336792, -25.2330760956, 143.254867554, -8.46698379517, 89.5983505249, -52.8495903015], [-850.321105957, 300.540008545, 169.205047607, 155.251937866, 199.728485107, 81.974937439, 244.053695679, 76.4083328247, 95.8093643188, 1.16434979439, 33.7498588562, -4.1107673645, 39.5556907654], [1114.87255859, -181.06111145, 168.950576782, 127.628593445, 35.9093055725, 191.748336792, 76.4083328247, 226.794204712, 42.4870529175, 82.4530334473, -21.7494430542, 43.3635292053, -13.3051290512], [-721.957519531, 317.142303467, 89.2367401123, 75.0816879272, 101.526054382, -25.2330760956, 95.8093643188, 42.4870529175, 159.265686035, 27.491979599, 43.4364051819, -23.7761497498, 24.4048728943], [888.977661133, -223.101043701, 91.6748886108, 75.6150436401, 0.833850085735, 143.254867554, 1.16434979439, 82.4530334473, 27.491979599, 152.198287964, 38.5446243286, 47.8306236267, -32.1787643433], [-563.373474121, 174.911880493, 5.73412799835, -8.13019943237, 65.2862548828, -8.46698379517, 33.7498588562, -21.7494430542, 43.4364051819, 38.5446243286, 105.971496582, 33.0854988098, 25.538860321], [630.751220703, -190.190353394, 33.5617294312, -5.19636201859, -0.751181423664, 89.5983505249, -4.1107673645, 43.3635292053, -23.7761497498, 47.8306236267, 33.0854988098, 101.813148499, 24.3788433075], [-468.545837402, 203.187469482, -30.0360851288, -27.1979846954, 54.121547699, -52.8495903015, 39.5556907654, -13.3051290512, 24.4048728943, -32.1787643433, 25.538860321, 24.3788433075, 95.2983932495]],
        "icov": [[6.24253661954e-05, -6.7356020736e-05, 0.000132738336106, -0.000114973707241, 0.000102167003206, -0.000125410108012, 0.000169770763023, -0.000173439679202, 0.000117350893561, -0.000256441737292, 0.000401473313104, -0.000379289587727, 0.000110097826109], [-6.7356020736e-05, 0.000775913125835, 0.000137130627991, -0.000409712345572, -0.000556896789931, 0.000391949201003, -7.04980120645e-05, 9.41964317462e-05, -0.000708019069862, 0.00114656996448, -0.00163356331177, 0.00143772328738, -0.000844711903483], [0.000132738336106, 0.000137130627991, 0.0013017184101, -0.000635326723568, -0.000770837825257, -0.000386974861613, 0.000638463709038, -0.000540795153938, -0.0002875837381, -0.00019453218556, 0.000812607002445, -0.000787551514804, 0.000463513773866], [-0.000114973707241, -0.000409712345572, -0.000635326723568, 0.00247416249476, 0.000282652355963, -0.000431403197581, -0.00136163784191, 0.000407912506489, -0.000127275692648, -0.000742413219996, 0.000662760576233, 0.000411074899603, 0.000535652099643], [0.000102167003206, -0.000556896789931, -0.000770837825257, 0.000282652355963, 0.00460457382724, -0.00092437263811, -0.00206972379237, 0.000307258276735, 0.000194758496946, -0.000427267281339, -0.000333537929691, -0.000239500659518, -0.000741754309274], [-0.000125410108012, 0.000391949201003, -0.000386974861613, -0.000431403197581, -0.00092437263811, 0.00522809848189, -0.0019409598317, -0.001457961509, 0.00191761273891, -0.00189202104229, -3.76212592528e-05, -0.00148184620775, 0.0015882474836], [0.000169770763023, -7.04980120645e-05, 0.000638463709038, -0.00136163784191, -0.00206972379237, -0.0019409598317, 0.0100368559361, -0.00294186384417, -0.00266668386757, 0.00272285565734, -0.00153150549158, 0.000940243189689, -0.00190787063912], [-0.000173439679202, 9.41964317462e-05, -0.000540795153938, 0.000407912506489, 0.000307258276735, -0.001457961509, -0.00294186384417, 0.0104766990989, -0.00379614206031, -0.00261584529653, 0.00525799812749, -0.00323651079088, 0.000100895573269], [0.000117350893561, -0.000708019069862, -0.0002875837381, -0.000127275692648, 0.000194758496946, 0.00191761273891, -0.00266668386757, -0.00379614206031, 0.0140469530597, -0.00505617586896, -0.00304258125834, 0.00505521008745, -0.00229308800772], [-0.000256441737292, 0.00114656996448, -0.00019453218556, -0.000742413219996, -0.000427267281339, -0.00189202104229, 0.00272285565734, -0.00261584529653, -0.00505617586896, 0.0177897401154, -0.0097023351118, -0.00064943783218, 0.00378737854771], [0.000401473313104, -0.00163356331177, 0.000812607002445, 0.000662760576233, -0.000333537929691, -3.76212592528e-05, -0.00153150549158, 0.00525799812749, -0.00304258125834, -0.0097023351118, 0.0243287421763, -0.0124894408509, 0.00161867740098], [-0.000379289587727, 0.00143772328738, -0.000787551514804, 0.000411074899603, -0.000239500659518, -0.00148184620775, 0.000940243189689, -0.00323651079088, 0.00505521008745, -0.00064943783218, -0.0124894408509, 0.0261409804225, -0.0114431530237], [0.000110097826109, -0.000844711903483, 0.000463513773866, 0.000535652099643, -0.000741754309274, 0.0015882474836, -0.00190787063912, 0.000100895573269, -0.00229308800772, 0.00378737854771, 0.00161867740098, -0.0114431530237, 0.0196023415774]]
    },
    "melbands": {
        "dmean": [0.00111574481707, 0.000680515135173, 0.000297531485558, 0.000118633288366, 8.1991951447e-05, 8.43970701681e-05, 9.51286274358e-05, 0.000114338843559, 9.61359110079e-05, 0.000119440381241, 0.000115296890726, 9.25765707507e-05, 9.53356211539e-05, 6.21852232143e-05, 2.85066398646e-05, 5.53168683837e-05, 4.25659090979e-05, 3.91339308408e-05, 2.13711900869e-05, 3.79487028113e-05, 2.64564187091e-05, 1.96979653992e-05, 1.92309726117e-05, 1.31530969156e-05, 1.53637993208e-05, 1.6070998754e-05, 9.37074764806e-06, 1.26066224766e-05, 9.44991643337e-06, 9.2992440841e-06, 8.81552750798e-06, 5.85658426644e-06, 4.57819078292e-06, 4.27799250247e-06, 4.68963298772e-06, 4.71582734463e-06, 5.09551637151e-06, 5.36276638741e-06, 6.03652142672e-06, 2.89114063889e-06],
        "dmean2": [0.00152272172272, 0.00109111366328, 0.000533110054675, 0.000213904597331, 0.000130845102831, 0.000130363579956, 0.000148790073581, 0.000161638949066, 0.00014095150982, 0.000181309020263, 0.000179117239895, 0.000144921825267, 0.000156287642312, 0.000101761703263, 4.68643484055e-05, 9.24745036173e-05, 7.22444310668e-05, 6.53308161418e-05, 3.54659314326e-05, 6.26038599876e-05, 4.47800921393e-05, 3.32821473421e-05, 3.23362219206e-05, 2.232355655e-05, 2.63284418907e-05, 2.74831236311e-05, 1.55912348418e-05, 2.12617778743e-05, 1.59685951076e-05, 1.58138209372e-05, 1.5071157577e-05, 9.88506508293e-06, 7.691234714e-06, 7.14833686288e-06, 7.80221762398e-06, 7.70492806623e-06, 8.42491863295e-06, 8.71797601576e-06, 9.90093667497e-06, 4.73353156849e-06],
        "dvar": [7.34841887606e-06, 4.0115619413e-06, 1.43692022903e-06, 1.58351184609e-07, 4.08165128363e-08, 2.83811552038e-08, 6.28916225764e-08, 5.95839786399e-08, 5.41212479277e-08, 1.21589991409e-07, 1.38254208082e-07, 5.53369048362e-08, 7.16741865858e-08, 1.80515566939e-08, 3.93694410405e-09, 2.80865855018e-08, 1.53931392077e-08, 6.73393918404e-09, 1.99057859085e-09, 9.11096886824e-09, 3.01379454726e-09, 1.04836583859e-09, 1.04517960953e-09, 4.59516397155e-10, 6.64610921852e-10, 7.28697768793e-10, 1.66703775784e-10, 3.80763198748e-10, 1.79235473685e-10, 1.92771743013e-10, 1.65869415425e-10, 7.22067960979e-11, 3.4109812197e-11, 4.06301312039e-11, 5.09339376231e-11, 8.18352191567e-11, 1.09338031684e-10, 1.44136202973e-10, 2.99348101862e-10, 3.52860310415e-11],
        "dvar2": [1.48561675815e-05, 1.00254810604e-05, 4.09410313296e-06, 4.54683572571e-07, 9.83559971246e-08, 6.83036702753e-08, 1.51332145037e-07, 1.14200268797e-07, 1.06931445032e-07, 2.60330125457e-07, 3.1743411455e-07, 1.25616679725e-07, 1.85525209417e-07, 4.56123316894e-08, 9.12135789122e-09, 7.50761870449e-08, 4.28727418011e-08, 1.76918941719e-08, 4.99263164144e-09, 2.16924718188e-08, 8.33487412422e-09, 2.86711920872e-09, 2.7245090628e-09, 1.2673478933e-09, 1.86514492739e-09, 1.99272975898e-09, 4.4703057922e-10, 1.05309849729e-09, 4.96953034279e-10, 5.48054823746e-10, 4.64240423881e-10, 1.95242474965e-10, 9.19255921383e-11, 1.05018591046e-10, 1.31867697317e-10, 2.01642882947e-10, 2.78256140351e-10, 3.71646269315e-10, 7.74506514478e-10, 8.91585277829e-11],
        "max": [0.051557186991, 0.0259760133922, 0.0199687033892, 0.0080520324409, 0.00525988359004, 0.00442721880972, 0.00785315223038, 0.00632468005642, 0.00738021871075, 0.010319375433, 0.0119725260884, 0.00566383032128, 0.0054793888703, 0.00260298675857, 0.00269093248062, 0.00426859362051, 0.00319790956564, 0.00242188689299, 0.00137892994098, 0.00255711819045, 0.000908213609364, 0.0005568395718, 0.000817397027276, 0.000565088237636, 0.000636331795249, 0.00065916555468, 0.000169498685864, 0.000352891191142, 0.000249465723755, 0.000218682864215, 0.000201077753445, 9.63253260124e-05, 8.12986399978e-05, 7.27813021513e-05, 0.000111895496957, 0.000103933540231, 0.000124609432532, 0.000194244377781, 0.000282608700218, 8.54134996189e-05],
        "mean": [0.00240305089392, 0.000904683955014, 0.000274235382676, 0.000119953103422, 0.000137700277264, 0.000150282139657, 0.000156380832777, 0.000207434248296, 0.000162896423717, 0.000183976866538, 0.000173673819518, 0.000133663401357, 0.000121540862892, 8.81065789144e-05, 4.35996771557e-05, 7.57925226935e-05, 5.89685587329e-05, 5.83943874517e-05, 3.15979741572e-05, 5.27456941199e-05, 4.08544219681e-05, 3.45599437424e-05, 3.3381034882e-05, 2.42224032263e-05, 2.62197700067e-05, 2.83676927211e-05, 1.99551323021e-05, 2.50133216468e-05, 2.0865467377e-05, 2.00057365873e-05, 1.80106690095e-05, 1.29019654196e-05, 1.06798024717e-05, 8.88627891982e-06, 9.62420381256e-06, 8.25514143799e-06, 8.57409213495e-06, 8.25142433314e-06, 7.99582630862e-06, 4.95679205414e-06],
        "median": [0.000969991495367, 0.00033518410055, 8.23254740681e-05, 4.574675404e-05, 6.25563770882e-05, 7.29692837922e-05, 5.47312956769e-05, 9.87430830719e-05, 6.35031392449e-05, 6.81450110278e-05, 5.42422094441e-05, 4.57765418105e-05, 3.50549707946e-05, 3.78200165869e-05, 2.33314985962e-05, 3.1786839827e-05, 2.42267014983e-05, 2.68324365607e-05, 1.63186123245e-05, 2.36959403992e-05, 2.20298952627e-05, 2.18836084969e-05, 2.19809335249e-05, 1.637826972e-05, 1.57751292136e-05, 1.84324635484e-05, 1.48511317093e-05, 1.80811202881e-05, 1.66899408214e-05, 1.51160857058e-05, 1.41301316035e-05, 1.1160394024e-05, 9.43811937759e-06, 7.11220036465e-06, 7.57491352488e-06, 5.43247642781e-06, 5.30946317667e-06, 4.36417485616e-06, 3.72499948753e-06, 2.66125834969e-06],
        "min": [9.38325986503e-25, 8.9546066542e-25, 9.1723460691e-25, 9.99819469002e-25, 7.46305212043e-25, 8.77687136187e-25, 1.13258268859e-24, 1.46577465799e-24, 1.75086652395e-24, 1.80664707577e-24, 1.33685782557e-24, 1.18966249432e-24, 1.77244739173e-24, 1.86226374174e-24, 1.57248387264e-24, 2.67178077255e-24, 2.14126313632e-24, 2.86620382568e-24, 3.1738361101e-24, 3.32323827973e-24, 2.48313198403e-24, 3.24950976181e-24, 4.04352902849e-24, 3.65655607244e-24, 4.33200402304e-24, 3.9705392788e-24, 4.65282980889e-24, 4.41719823979e-24, 3.65140007757e-24, 3.9238955112e-24, 3.42040227743e-24, 4.10891494791e-24, 4.39587454066e-24, 4.8630245581e-24, 3.28802786765e-24, 5.08545375109e-24, 5.42185598994e-24, 5.90233854554e-24, 5.5860838142e-24, 5.11611638004e-24],
        "var": [2.31338181038e-05, 4.04063666792e-06, 8.65748916112e-07, 9.6865377941e-08, 7.39412442385e-08, 5.66336275654e-08, 1.12406944197e-07, 1.42201855624e-07, 1.21209552617e-07, 2.27499683092e-07, 2.24652112024e-07, 1.06565757108e-07, 9.90100517129e-08, 2.86394143956e-08, 7.02490066118e-09, 3.64743826253e-08, 1.95331022468e-08, 1.15247882349e-08, 2.76475908834e-09, 1.38735236632e-08, 4.03619049294e-09, 1.83426174249e-09, 1.81628490026e-09, 8.07959421589e-10, 1.17810905476e-09, 1.31382338342e-09, 4.10605632828e-10, 7.62875762561e-10, 4.25777690882e-10, 4.39049213652e-10, 3.27309346293e-10, 1.46076081786e-10, 8.68184760194e-11, 7.44506886696e-11, 1.00326552621e-10, 1.10440746826e-10, 1.37630393193e-10, 1.59534288557e-10, 2.69443800605e-10, 4.67980237895e-11]
    },
    "mfcc": {
        "mean": [-626.925842285, 61.7671699524, -6.61702871323, 13.0674762726, -5.2461476326, 1.8030359745, 0.144263803959, 4.54241037369, 5.60824775696, 6.15892076492, 2.93691897392, 5.22127151489, 1.10550320148],
        "cov": [[16371.8583984, -411.999603271, 84.527923584, 11.6266479492, 20.2362060547, 388.957977295, 363.708374023, 288.457702637, 287.352661133, 160.611602783, 114.191711426, 290.752319336, 243.725814819], [-411.999603271, 2507.609375, -292.724029541, 493.879272461, 135.062850952, -23.6839466095, -39.7263679504, 57.3414115906, 36.1165390015, 41.3442764282, 28.6961917877, -17.2903385162, -7.60251951218], [84.527923584, -292.724029541, 945.82623291, 219.582473755, 249.588394165, 182.530136108, 146.963760376, 119.671409607, 118.086990356, 94.577507019, 83.4040908813, 64.4365081787, 45.875415802], [11.6266479492, 493.879272461, 219.582473755, 626.381469727, 136.561401367, 121.699256897, 67.6426620483, 91.020652771, 102.099349976, 88.9280776978, 68.3218383789, 28.1354389191, 14.6332044601], [20.2362060547, 135.062850952, 249.588394165, 136.561401367, 270.364654541, 132.328720093, 121.864356995, 79.3076248169, 75.3301620483, 56.7108154297, 47.0404396057, 39.7926254272, 36.4863815308], [388.957977295, -23.6839466095, 182.530136108, 121.699256897, 132.328720093, 257.098510742, 149.71635437, 91.5724258423, 64.4396896362, 52.2578544617, 59.9438056946, 59.1192092896, 44.6558799744], [363.708374023, -39.7263679504, 146.963760376, 67.6426620483, 121.864356995, 149.71635437, 208.305175781, 116.258384705, 85.7981338501, 42.4177703857, 39.733039856, 44.6336326599, 43.2792053223], [288.457702637, 57.3414115906, 119.671409607, 91.020652771, 79.3076248169, 91.5724258423, 116.258384705, 162.00390625, 107.628646851, 59.3975067139, 30.5741233826, 24.1530437469, 27.5041179657], [287.352661133, 36.1165390015, 118.086990356, 102.099349976, 75.3301620483, 64.4396896362, 85.7981338501, 107.628646851, 150.274963379, 91.2352142334, 44.1836051941, 23.2025909424, 17.1431255341], [160.611602783, 41.3442764282, 94.577507019, 88.9280776978, 56.7108154297, 52.2578544617, 42.4177703857, 59.3975067139, 91.2352142334, 115.607589722, 65.4736633301, 30.8868923187, 11.5444221497], [114.191711426, 28.6961917877, 83.4040908813, 68.3218383789, 47.0404396057, 59.9438056946, 39.733039856, 30.5741233826, 44.1836051941, 65.4736633301, 101.712532043, 67.025138855, 29.1984386444], [290.752319336, -17.2903385162, 64.4365081787, 28.1354389191, 39.7926254272, 59.1192092896, 44.6336326599, 24.1530437469, 23.2025909424, 30.8868923187, 67.025138855, 106.413566589, 65.2044906616], [243.725814819, -7.60251951218, 45.875415802, 14.6332044601, 36.4863815308, 44.6558799744, 43.2792053223, 27.5041179657, 17.1431255341, 11.5444221497, 29.1984386444, 65.2044906616, 96.2879714966]],
