{
"lowlevel": {
    "average_loudness": 0.808898031712,
    "barkbands_crest": {
        "dmean": 3.01141166687,
        "dmean2": 4.23057174683,
        "dvar": 12.4945468903,
        "dvar2": 21.9158191681,
        "max": 26.6084499359,
        "mean": 12.5591897964,
        "median": 10.2986030579,
        "min": 2.0314514637,
        "var": 52.3196716309
    },
    "barkbands_flatness_db": {
        "dmean": 0.036284673959,
        "dmean2": 0.0451826117933,
        "dvar": 0.00255094631575,
        "dvar2": 0.00347108510323,
        "max": 0.815536618233,
        "mean": 0.151119291782,
        "median": 0.10237441957,
        "min": 0.0108925113454,
        "var": 0.0148903308436
    },
    "barkbands_kurtosis": {
        "dmean": 45.1489601135,
        "dmean2": 64.789680481,
        "dvar": 31784.421875,
        "dvar2": 82045.2578125,
        "max": 3253.31103516,
        "mean": 60.712978363,
        "median": 1.8762614727,
        "min": -1.94518220425,
        "var": 34743.6640625
    },
    "barkbands_skewness": {
        "dmean": 1.76861512661,
        "dmean2": 2.15285634995,
        "dvar": 10.9906377792,
        "dvar2": 21.3220729828,
        "max": 49.0966491699,
        "mean": 3.80868577957,
        "median": 1.49940848351,
        "min": -3.29377532005,
        "var": 33.8237495422
    },
    "barkbands_spread": {
        "dmean": 11.4179296494,
        "dmean2": 16.2018661499,
        "dvar": 247.099365234,
        "dvar2": 482.089996338,
        "max": 132.859985352,
        "mean": 36.1927833557,
        "median": 31.722328186,
        "min": 0.0393735207617,
        "var": 880.00567627
    },
    "dissonance": {
        "dmean": 0.0140042677522,
        "dmean2": 0.0238567516208,
        "dvar": 0.000211516424315,
        "dvar2": 0.000575039128307,
        "max": 0.500000178814,
        "mean": 0.475610285997,
        "median": 0.481395840645,
        "min": 0.341846585274,
        "var": 0.000473276682897
    },
    "dynamic_complexity": 3.13328456879,
    "erbbands_crest": {
        "dmean": 2.43449521065,
        "dmean2": 3.68026828766,
        "dvar": 6.94686460495,
        "dvar2": 14.5735578537,
        "max": 30.0985927582,
        "mean": 7.8209605217,
        "median": 6.29819869995,
        "min": 1.76257646084,
        "var": 22.4989833832
    },
    "erbbands_flatness_db": {
        "dmean": 0.0158389378339,
        "dmean2": 0.0237503033131,
        "dvar": 0.000406371167628,
        "dvar2": 0.000808712211438,
        "max": 0.449644982815,
        "mean": 0.101953752339,
        "median": 0.0831876546144,
        "min": 0.0255958363414,
        "var": 0.0035243188031
    },
    "erbbands_kurtosis": {
        "dmean": 1.54255926609,
        "dmean2": 2.45715212822,
        "dvar": 116.267562866,
        "dvar2": 273.572418213,
        "max": 300.737182617,
        "mean": 0.675031125546,
        "median": -0.776376843452,
        "min": -1.83626401424,
        "var": 143.187393188
    },
    "erbbands_skewness": {
        "dmean": 0.409608721733,
        "dmean2": 0.595215380192,
        "dvar": 0.396096915007,
        "dvar2": 0.851244151592,
        "max": 14.4051885605,
        "mean": 0.330391168594,
        "median": 0.229812383652,
        "min": -3.4342815876,
        "var": 1.07721340656
    },
    "erbbands_spread": {
        "dmean": 15.0133695602,
        "dmean2": 23.0326652527,
        "dvar": 431.634979248,
        "dvar2": 905.73425293,
        "max": 192.512908936,
        "mean": 72.69506073,
        "median": 67.3233337402,
        "min": 0.638999819756,
        "var": 1556.34069824
    },
    "hfc": {
        "dmean": 41.0301437378,
        "dmean2": 65.3955535889,
        "dvar": 5817.04150391,
        "dvar2": 14404.3681641,
        "max": 1048.73034668,
        "mean": 75.5043487549,
        "median": 39.6577148438,
        "min": 1.12001234322e-16,
        "var": 8570.48730469
    },
    "melbands_crest": {
        "dmean": 3.96842122078,
        "dmean2": 6.08667373657,
        "dvar": 22.9677200317,
        "dvar2": 51.5307731628,
        "max": 37.4267616272,
        "mean": 19.2400932312,
        "median": 17.0283298492,
        "min": 1.70674860477,
        "var": 104.400848389
    },
    "melbands_flatness_db": {
        "dmean": 0.04620770365,
        "dmean2": 0.0579343065619,
        "dvar": 0.0042896065861,
        "dvar2": 0.00654166936874,
        "max": 0.981787502766,
        "mean": 0.219487562776,
        "median": 0.168628409505,
        "min": 0.00371928233653,
        "var": 0.0233285892755
    },
    "melbands_kurtosis": {
        "dmean": 97.0941696167,
        "dmean2": 115.312805176,
        "dvar": 46495.6875,
        "dvar2": 77965.734375,
        "max": 3067.33691406,
        "mean": 202.645111084,
        "median": 16.2134666443,
        "min": -1.84926533699,
        "var": 186858.015625
    },
    "melbands_skewness": {
        "dmean": 2.34810304642,
        "dmean2": 2.84107708931,
        "dvar": 13.0875577927,
        "dvar2": 18.0582313538,
        "max": 42.3635139465,
        "mean": 7.34707403183,
        "median": 3.60333657265,
        "min": -1.72038149834,
        "var": 77.3557357788
    },
    "melbands_spread": {
        "dmean": 14.0588741302,
        "dmean2": 23.0000343323,
        "dvar": 649.422241211,
        "dvar2": 1679.62280273,
        "max": 273.376281738,
        "mean": 28.6531219482,
        "median": 20.3179073334,
        "min": 0.0694477558136,
        "var": 987.853149414
    },
    "pitch_salience": {
        "dmean": 0.0906139835715,
        "dmean2": 0.130450904369,
        "dvar": 0.0135611137375,
        "dvar2": 0.0252030268312,
        "max": 0.919682562351,
        "mean": 0.454491555691,
        "median": 0.52677822113,
        "min": 0.00899553671479,
        "var": 0.0578898377717
    },
    "silence_rate_20dB": {
        "dmean": 0.0524017475545,
        "dmean2": 0.104814656079,
        "dvar": 0.0496565625072,
        "dvar2": 0.100644923747,
        "max": 1,
        "mean": 0.927795529366,
        "median": 1,
        "min": 0,
        "var": 0.0669903457165
    },
    "silence_rate_30dB": {
        "dmean": 0.0815848335624,
        "dmean2": 0.163187041879,
        "dvar": 0.074926532805,
        "dvar2": 0.143577605486,
        "max": 1,
        "mean": 0.753141641617,
        "median": 1,
        "min": 0,
        "var": 0.185909852386
    },
    "silence_rate_60dB": {
        "dmean": 0.02066247724,
        "dmean2": 0.0413293577731,
        "dvar": 0.0202358476818,
        "dvar2": 0.0500608123839,
        "max": 1,
        "mean": 0.0700745508075,
        "median": 0,
        "min": 0,
        "var": 0.0651662498713
    },
    "spectral_centroid": {
        "dmean": 413.273101807,
        "dmean2": 631.955810547,
        "dvar": 319633.09375,
        "dvar2": 748573.3125,
        "max": 11587.125,
        "mean": 1743.23254395,
        "median": 1641.328125,
        "min": 46.595451355,
        "var": 1115746.5
    },
    "spectral_complexity": {
        "dmean": 5.87794208527,
        "dmean2": 8.92011070251,
        "dvar": 58.3911972046,
        "dvar2": 115.892936707,
        "max": 66,
        "mean": 19.8193817139,
        "median": 18,
        "min": 0,
        "var": 209.386962891
    },
    "spectral_decrease": {
        "dmean": 8.27424173622e-09,
        "dmean2": 9.37342736762e-09,
        "dvar": 1.75702214771e-16,
        "dvar2": 1.94838316941e-16,
        "max": 1.35232755549e-10,
        "mean": -2.28651959588e-08,
        "median": -9.8663850423e-09,
        "min": -1.58875351985e-07,
        "var": 9.82654251175e-16
    },
    "spectral_energy": {
        "dmean": 0.0320461280644,
        "dmean2": 0.038321621716,
        "dvar": 0.00250083045103,
        "dvar2": 0.0029261270538,
        "max": 0.602115631104,
        "mean": 0.0931468829513,
        "median": 0.0493691414595,
        "min": 1.0276102716e-20,
        "var": 0.0137400375679
    },
    "spectral_energyband_high": {
        "dmean": 0.00382459023967,
        "dmean2": 0.00610933732241,
        "dvar": 5.21974179719e-05,
        "dvar2": 0.000131272550789,
        "max": 0.108583129942,
        "mean": 0.00621245801449,
        "median": 0.00296175200492,
        "min": 7.08463958001e-21,
        "var": 7.68615136622e-05
    },
    "spectral_energyband_low": {
        "dmean": 0.0300545524806,
        "dmean2": 0.0321889780462,
        "dvar": 0.0026522167027,
        "dvar2": 0.00276837288402,
        "max": 0.597381591797,
        "mean": 0.0744007602334,
        "median": 0.017649943009,
        "min": 1.60137280701e-23,
        "var": 0.0149865830317
    },
    "spectral_energyband_middle_high": {
        "dmean": 0.00269826431759,
        "dmean2": 0.00445572566241,
        "dvar": 3.2784857467e-05,
        "dvar2": 8.45559334266e-05,
        "max": 0.11851785332,
        "mean": 0.00464132148772,
        "median": 0.00230281567201,
        "min": 1.18991920307e-21,
        "var": 4.36776535935e-05
    },
    "spectral_energyband_middle_low": {
        "dmean": 0.00408748816699,
        "dmean2": 0.00640509324148,
        "dvar": 3.912754255e-05,
        "dvar2": 9.37297518249e-05,
        "max": 0.12818312645,
        "mean": 0.00799479987472,
        "median": 0.00450979918242,
        "min": 1.63291518943e-22,
        "var": 8.25442839414e-05
    },
    "spectral_entropy": {
        "dmean": 0.1769105196,
        "dmean2": 0.246848255396,
        "dvar": 0.058558113873,
        "dvar2": 0.102953411639,
        "max": 9.82122421265,
        "mean": 8.09660720825,
        "median": 8.2080745697,
        "min": 2.9275226593,
        "var": 0.289655059576
    },
    "spectral_flux": {
        "dmean": 0.046064760536,
        "dmean2": 0.0683542117476,
        "dvar": 0.00253815273754,
        "dvar2": 0.00707841385156,
        "max": 0.570438683033,
        "mean": 0.131134927273,
        "median": 0.113118961453,
        "min": 6.48536918613e-11,
        "var": 0.00768923107535
    },
    "spectral_kurtosis": {
        "dmean": 0.997200846672,
        "dmean2": 1.51212477684,
        "dvar": 38.2173614502,
        "dvar2": 76.2434387207,
        "max": 340.961273193,
        "mean": 2.55483841896,
        "median": 1.65604901314,
        "min": -1.31856989861,
        "var": 78.8604507446
    },
    "spectral_rms": {
        "dmean": 0.00149229960516,
        "dmean2": 0.00187657470815,
        "dvar": 3.22495998262e-06,
        "dvar2": 4.61800345875e-06,
        "max": 0.024236952886,
        "mean": 0.00797426793724,
        "median": 0.00694010220468,
        "min": 3.16630163928e-12,
        "var": 2.72862289421e-05
    },
    "spectral_rolloff": {
        "dmean": 1719.68603516,
        "dmean2": 2744.078125,
        "dvar": 7757962,
        "dvar2": 16111729,
        "max": 19509.0820312,
        "mean": 3724.88989258,
        "median": 1571.92382812,
        "min": 21.533203125,
        "var": 19028934
    },
    "spectral_skewness": {
        "dmean": 0.163876444101,
        "dmean2": 0.254417061806,
        "dvar": 0.124823726714,
        "dvar2": 0.223823323846,
        "max": 16.5284900665,
        "mean": 1.29548144341,
        "median": 1.21744441986,
        "min": -0.223510071635,
        "var": 0.408367216587
    },
    "spectral_spread": {
        "dmean": 899074.5625,
        "dmean2": 1358210.625,
        "dvar": 1.36237167411e+12,
        "dvar2": 2.63205788058e+12,
        "max": 43395216,
        "mean": 8325333.5,
        "median": 8305179,
        "min": 513183.375,
        "var": 9.96853625651e+12
    },
    "spectral_strongpeak": {
        "dmean": 0.451984137297,
        "dmean2": 0.742317855358,
        "dvar": 0.953069329262,
        "dvar2": 2.46664428711,
        "max": 28.2601585388,
        "mean": 0.861164867878,
        "median": 0.590462803841,
        "min": 0,
        "var": 1.48087501526
    },
    "zerocrossingrate": {
        "dmean": 0.0274403765798,
        "dmean2": 0.0295453853905,
        "dvar": 0.00105689337943,
        "dvar2": 0.00113290047739,
        "max": 0.8515625,
        "mean": 0.118923261762,
        "median": 0.103515625,
        "min": 0.001953125,
        "var": 0.00928959902376
    },
    "barkbands": {
        "dmean": [0.00587551994249, 0.0263990405947, 0.00435196561739, 0.00105826975778, 0.001532083028, 0.000827203330118, 0.000791947997641, 0.000524905277416, 0.000547900446691, 0.000863085093442, 0.000313555035973, 0.000316179182846, 0.000349405570887, 0.000438772316556, 0.000327818968799, 0.000224199669901, 0.0002794105676, 0.000191509796423, 0.00026491493918, 0.000240452383878, 0.000496370077599, 0.000408519525081, 0.000527103547938, 0.000789907295257, 0.000832879683003, 0.0007634133799, 0.000394836999476],
        "dmean2": [0.0078249303624, 0.0285962875932, 0.00732725253329, 0.00190536654554, 0.00240889983252, 0.00126513594296, 0.00133825885132, 0.000849214440677, 0.000887031725142, 0.00137616903521, 0.000509448174853, 0.00050806638319, 0.000583987450227, 0.000762802257668, 0.000570094503928, 0.000393797061406, 0.000481617462356, 0.000331481016474, 0.000455906003481, 0.00040539551992, 0.000873341399711, 0.000694814138114, 0.000903494074009, 0.00134672527201, 0.00130669667851, 0.00117459322792, 0.000644865969662],
        "dvar": [0.000147872211528, 0.00226831948385, 0.000119725285913, 8.05201943876e-06, 1.38823770612e-05, 4.69727774544e-06, 3.08236030833e-06, 1.28692659018e-06, 1.7313797116e-06, 9.53535345616e-06, 5.12683470788e-07, 1.19668743537e-06, 5.60857131404e-07, 1.0467432503e-06, 3.93421885292e-07, 2.23152113676e-07, 4.93159973303e-07, 1.4035641982e-07, 3.06971628561e-07, 2.24300961804e-07, 1.60441459229e-06, 6.76050945003e-07, 1.15468856166e-06, 2.89137847176e-06, 2.54648421105e-06, 3.00330088976e-06, 1.02362935195e-06],
        "dvar2": [0.000225586481974, 0.0022304400336, 0.000318322476232, 2.309534284e-05, 3.20647159242e-05, 1.0008818208e-05, 8.10915207694e-06, 3.01556951854e-06, 3.86987130696e-06, 2.33557220781e-05, 1.22883898257e-06, 2.42260693994e-06, 1.39257394949e-06, 2.89017793875e-06, 1.0906389889e-06, 6.18338560798e-07, 1.17021772894e-06, 3.86767226246e-07, 8.32481532598e-07, 6.01346471285e-07, 4.52477843282e-06, 1.82265102922e-06, 3.18200341098e-06, 7.81551898399e-06, 6.08650907452e-06, 7.14314182915e-06, 2.66567917606e-06],
        "max": [0.118511863053, 0.530613780022, 0.106573656201, 0.0350680202246, 0.0613308809698, 0.119464069605, 0.0284638665617, 0.0283158533275, 0.0369367972016, 0.115185916424, 0.0222759321332, 0.0711840838194, 0.0159065462649, 0.00785124115646, 0.00576404156163, 0.00512784998864, 0.0259462930262, 0.00320120272227, 0.00624914793298, 0.00804764963686, 0.0239079426974, 0.019992172718, 0.0117067182437, 0.0209418665618, 0.031314201653, 0.0239075105637, 0.0128220086917],
        "mean": [0.00768920453265, 0.061899125576, 0.00489496812224, 0.00104273972102, 0.00234407652169, 0.00143078272231, 0.00116638618056, 0.000855405640323, 0.000775039196014, 0.00119911821093, 0.000462273834273, 0.000437690556282, 0.000446768273832, 0.000478516798466, 0.000395937764551, 0.00027752915048, 0.000336957891705, 0.000267849245574, 0.000360718782758, 0.000368424080079, 0.000616833684035, 0.000611779163592, 0.000733800872695, 0.00106104859151, 0.00121876643971, 0.00120602885727, 0.000569048861507],
        "median": [0.000707069120836, 0.0100682601333, 0.000531293160748, 0.000244282011408, 0.000533525657374, 0.000522398739122, 0.000438109564129, 0.000273761397693, 0.000237840315094, 0.000306245929096, 0.00015130432439, 0.000117170304293, 0.000149792787852, 0.000149371655425, 0.00016314352979, 0.00011986579193, 0.000125841383124, 0.000125008111354, 0.000160462222993, 0.000173059350345, 0.000257333333138, 0.000274831516435, 0.00027569240774, 0.000377373071387, 0.000464683864266, 0.000450354302302, 9.04332700884e-05],
        "min": [1.13974584143e-24, 3.5274136258e-24, 3.65664886221e-25, 2.40698383249e-24, 2.03855541861e-23, 1.18357377004e-23, 1.15144125656e-23, 2.98862616349e-24, 2.73716905855e-23, 1.22291237011e-23, 1.92955156536e-23, 2.97418484188e-23, 4.22580354479e-23, 3.95408324589e-23, 4.63680796502e-23, 5.49182621674e-23, 9.07383027936e-23, 9.31104580227e-23, 1.50316107582e-22, 1.64967955651e-22, 2.86485174964e-22, 2.60062903722e-22, 4.82100742815e-22, 7.07776707429e-22, 9.46065106413e-22, 1.22691806695e-21, 1.95912638984e-21],
        "var": [0.000312231219141, 0.0120069617406, 0.000120049175166, 5.98758242631e-06, 2.10419439099e-05, 1.17799454529e-05, 4.75311207992e-06, 3.26294002662e-06, 3.44969930666e-06, 1.22957098938e-05, 9.75742750597e-07, 2.48813239523e-06, 8.08537834018e-07, 8.64629669195e-07, 3.99976869403e-07, 2.0714159632e-07, 5.87166312016e-07, 1.49654425741e-07, 3.29764020535e-07, 3.11626706662e-07, 1.47871287481e-06, 1.05723063371e-06, 1.35964614856e-06, 3.32796207658e-06, 3.91306775782e-06, 4.1767075345e-06, 1.34059564516e-06]
    },
    "erbbands": {
        "dmean": [1.45023715496, 4.22885084152, 4.83185386658, 4.12342119217, 2.88167572021, 6.4022192955, 7.23026180267, 6.98501157761, 9.77964401245, 13.0287771225, 9.69756221771, 13.7957725525, 18.4919815063, 23.7181739807, 12.7875919342, 13.2270097733, 15.8240146637, 22.0872173309, 18.4180660248, 16.4085407257, 11.1180620193, 14.2902116776, 10.0602998734, 15.0131702423, 11.1871318817, 11.910859108, 17.6108951569, 18.8803386688, 13.2364730835, 14.2146196365, 15.0359296799, 17.249994278, 13.8060665131, 8.89396190643, 6.18672037125, 3.33418560028, 1.54479706287, 0.570194125175, 0.0576376058161, 0.000802825321443],
        "dmean2": [1.53884160519, 5.33216238022, 7.17647123337, 7.12069368362, 4.77602338791, 10.2606716156, 11.3335599899, 10.6612548828, 16.1387577057, 21.3315353394, 15.8597183228, 21.9685630798, 29.6968574524, 38.7631645203, 20.5830974579, 20.7535667419, 26.187505722, 38.6005935669, 31.678155899, 28.9315414429, 19.1004524231, 24.6689510345, 17.185382843, 26.422492981, 18.7317066193, 20.1076316833, 30.749414444, 33.1645965576, 22.3389797211, 24.0904159546, 25.7605304718, 30.5029983521, 23.0603199005, 14.3777542114, 9.76739120483, 5.23856782913, 2.42649364471, 0.90573656559, 0.092368260026, 0.00127817667089],
        "dvar": [8.09591293335, 66.1967926025, 111.770462036, 120.507453918, 34.3800582886, 381.753051758, 208.056869507, 356.221099854, 441.598907471, 591.363891602, 660.180908203, 1108.41296387, 3427.84179688, 7171.93798828, 842.930480957, 2713.52148438, 1065.43347168, 2878.20385742, 1350.41491699, 1534.72766113, 587.15447998, 1129.59667969, 368.531921387, 1353.10229492, 438.739257812, 566.435852051, 1976.33044434, 2156.36889648, 697.592102051, 774.37890625, 915.842468262, 1658.40771484, 805.864196777, 314.115844727, 149.264175415, 50.7487106323, 13.8880558014, 2.06363630295, 0.0188462585211, 3.48956109519e-06],
        "dvar2": [7.39822053909, 82.6031799316, 264.112365723, 336.313446045, 90.2353744507, 930.30871582, 472.347106934, 764.256774902, 1144.28686523, 1451.98632812, 1654.88000488, 2446.69238281, 8172.79345703, 17783.9980469, 1905.78845215, 5198.99804688, 2577.95141602, 7966.98095703, 3710.22924805, 4343.41552734, 1431.42358398, 2929.89550781, 1009.76641846, 3794.69970703, 1097.77722168, 1529.00378418, 5563.84521484, 6077.83740234, 1879.69067383, 2047.06860352, 2534.53320312, 4679.65332031, 2120.89282227, 790.90625, 359.541290283, 121.664291382, 34.0630340576, 5.25261116028, 0.0471828468144, 8.66115624376e-06],
        "max": [31.3435153961, 83.204750061, 92.8289871216, 149.278625488, 100.622573853, 340.71206665, 481.473388672, 992.461181641, 356.958190918, 637.445922852, 608.684204102, 1048.16955566, 1364.26049805, 2938.70776367, 1041.04528809, 3623.0859375, 717.718444824, 410.80078125, 399.552490234, 325.799377441, 839.59375, 711.296020508, 171.49949646, 433.687744141, 403.607971191, 412.429779053, 1436.00109863, 582.94732666, 530.822875977, 834.52911377, 416.386535645, 485.30166626, 325.612091064, 395.296844482, 200.10168457, 105.865089417, 48.0874519348, 19.2500267029, 1.78304505348, 0.0242009349167],
        "mean": [3.08758068085, 8.65739917755, 6.70767498016, 4.38958358765, 3.89204525948, 8.67935180664, 12.0862150192, 12.2077941895, 15.5484542847, 21.0550518036, 15.0617847443, 20.3170547485, 27.8295021057, 30.6785335541, 20.8944816589, 19.9155063629, 21.313079834, 24.544675827, 22.750038147, 19.0659103394, 15.1450996399, 17.5470638275, 14.7096977234, 18.2302093506, 17.8008499146, 18.1794013977, 23.3237552643, 23.0388183594, 20.4563407898, 21.7034454346, 21.2778701782, 21.7962875366, 18.0648021698, 13.0953159332, 8.71652984619, 4.92621660233, 2.30331134796, 0.869426548481, 0.0876084938645, 0.00135101063643],
        "median": [0.363351166248, 1.77773714066, 1.67518603802, 1.02697610855, 1.22420096397, 1.72835826874, 3.08093166351, 4.36978816986, 5.92629337311, 7.61434078217, 5.96532869339, 6.53148317337, 7.25054454803, 9.03657531738, 7.26208734512, 6.09816217422, 7.64712524414, 8.32956695557, 8.78432655334, 7.82575416565, 6.59775304794, 7.12704133987, 7.3285112381, 7.98992681503, 8.28367137909, 8.7567691803, 9.6891336441, 9.66690444946, 9.67007350922, 8.99829864502, 7.85059165955, 7.42044734955, 6.26245117188, 5.13407325745, 3.30281448364, 1.83268153667, 0.7908603549, 0.245650559664, 0.0142513681203, 0.000469808059279],
        "min": [1.06015761737e-22, 7.97964385311e-22, 1.09887167943e-21, 7.0425882703e-21, 3.56565605758e-20, 7.27390771301e-20, 3.38058602775e-20, 9.26822724518e-20, 9.16067502473e-20, 2.70671410057e-19, 2.07134788328e-19, 4.94846635992e-19, 5.25670694338e-19, 1.15876175136e-18, 1.45829977439e-18, 1.957736539e-18, 2.23512742152e-18, 2.64891273562e-18, 2.16722933491e-18, 2.23782320313e-18, 3.96547407808e-18, 5.14795316555e-18, 5.58402458651e-18, 7.07802154704e-18, 8.06519708803e-18, 8.82935232817e-18, 8.71401770818e-18, 1.15426238514e-17, 1.04205177817e-17, 1.17965856702e-17, 1.21553918045e-17, 1.29986983031e-17, 1.16390003189e-17, 9.92218613035e-18, 6.1854121888e-18, 3.95912381251e-18, 2.4424197102e-18, 9.91092551387e-19, 2.46039858421e-19, 2.92590972507e-20],
        "var": [36.2399520874, 233.539428711, 154.549484253, 92.6384048462, 44.2315979004, 415.173522949, 507.331848145, 876.650756836, 824.565185547, 1405.18579102, 996.338439941, 2431.33813477, 5870.63574219, 8603.5390625, 1913.97229004, 5835.59082031, 1666.48815918, 2294.61010742, 1483.82763672, 1171.59130859, 764.054626465, 1119.34265137, 419.196258545, 1059.18444824, 786.870239258, 720.00201416, 2461.11767578, 1786.91442871, 1139.84362793, 1226.36071777, 1178.81970215, 1575.99108887, 959.254821777, 475.263031006, 201.177444458, 68.527130127, 17.2993373871, 2.70997595787, 0.0297345668077, 5.50117556486e-06]
    },
    "gfcc": {
        "mean": [23.5317630768, 17.7765789032, -76.1701049805, 21.1692390442, -50.4874267578, 20.0327739716, -30.1545333862, 14.8099908829, -18.8834457397, 14.2270803452, -14.3500385284, 8.12417697906, -11.0504045486],
        "cov": [[24715.8847656, -15.4789218903, 1599.63952637, 780.655456543, -329.480499268, 463.136291504, -544.374633789, 43.3820800781, -667.541503906, -63.552696228, -406.50970459, 285.209381104, -266.95401001], [-15.4789218903, 1652.27233887, 632.810119629, 291.708282471, 347.011383057, 93.3727874756, 133.557647705, 48.3288269043, 74.5489730835, 1.12501192093, 69.3095474243, 18.9962463379, 56.4080047607], [1599.63952637, 632.810119629, 2608.68188477, 1121.8951416, 1219.29748535, 548.276733398, 482.545318604, 186.748275757, 260.653808594, 103.143157959, 167.315002441, 135.691055298, 132.833862305], [780.655456543, 291.708282471, 1121.8951416, 872.405700684, 696.308288574, 410.306488037, 303.274810791, 129.842468262, 178.192321777, 99.6818237305, 110.337295532, 51.1213684082, 80.7484054565], [-329.480499268, 347.011383057, 1219.29748535, 696.308288574, 957.020874023, 397.753295898, 439.800872803, 128.679840088, 250.347961426, 82.7823257446, 141.458709717, 60.6987571716, 124.013725281], [463.136291504, 93.3727874756, 548.276733398, 410.306488037, 397.753295898, 350.260742188, 239.760406494, 121.881607056, 111.930732727, 60.084980011, 55.4864387512, 32.1136627197, 49.99376297], [-544.374633789, 133.557647705, 482.545318604, 303.274810791, 439.800872803, 239.760406494, 375.578460693, 157.365661621, 196.806137085, 54.2164764404, 85.0515594482, 25.7620162964, 83.8696594238], [43.3820800781, 48.3288269043, 186.748275757, 129.842468262, 128.679840088, 121.881607056, 157.365661621, 160.715393066, 110.913955688, 58.0488014221, 35.7830886841, 20.3213768005, 28.7346992493], [-667.541503906, 74.5489730835, 260.653808594, 178.192321777, 250.347961426, 111.930732727, 196.806137085, 110.913955688, 203.183563232, 83.0618591309, 91.8479766846, 13.6383752823, 56.0521621704], [-63.552696228, 1.12501192093, 103.143157959, 99.6818237305, 82.7823257446, 60.084980011, 54.2164764404, 58.0488014221, 83.0618591309, 104.266517639, 62.8572921753, 22.6566619873, 13.4152956009], [-406.50970459, 69.3095474243, 167.315002441, 110.337295532, 141.458709717, 55.4864387512, 85.0515594482, 35.7830886841, 91.8479766846, 62.8572921753, 110.617668152, 40.1791038513, 43.5294342041], [285.209381104, 18.9962463379, 135.691055298, 51.1213684082, 60.6987571716, 32.1136627197, 25.7620162964, 20.3213768005, 13.6383752823, 22.6566619873, 40.1791038513, 81.2981033325, 43.2797393799], [-266.95401001, 56.4080047607, 132.833862305, 80.7484054565, 124.013725281, 49.99376297, 83.8696594238, 28.7346992493, 56.0521621704, 13.4152956009, 43.5294342041, 43.2797393799, 90.1094284058]],
        "icov": [[6.72912137816e-05, -3.02669172925e-06, -6.21703657089e-05, -8.176141273e-05, 0.000117764953757, -0.000124414727907, 7.14239358786e-05, -6.84628175804e-05, 0.000130193278892, -6.22981315246e-05, 0.000290484080324, -0.000377902819309, 0.000197940767976], [-3.02669172925e-06, 0.00070510461228, -0.000117565774417, -9.18464575079e-05, -0.000182909338037, 0.000311402283842, 0.000121320415928, -0.000416983035393, 0.000259307445958, 0.000402490783017, -0.000567936513107, 0.000439169671154, -0.000253535661614], [-6.21703657089e-05, -0.000117565774417, 0.00136419967748, -0.000776430650149, -0.00150199281052, 0.000420353695517, 0.000459860253613, -0.000645009684376, -4.68564139737e-05, 0.000666818930767, -9.84593643807e-05, -0.00105926929973, 0.000671946851071], [-8.176141273e-05, -9.18464575079e-05, -0.000776430650149, 0.00456395605579, -0.00145595148206, -0.00287098065019, 0.0012550560059, -1.86666293303e-05, -6.75913252053e-05, -0.00119485857431, -0.000831275479868, 0.00182315462735, -0.000949733075686], [0.000117764953757, -0.000182909338037, -0.00150199281052, -0.00145595148206, 0.00671704346314, -0.00158399692737, -0.00426403060555, 0.00450684083626, -0.00207163626328, -0.000261591310846, 0.000621132436208, -0.000752998399548, -0.000462524767499], [-0.000124414727907, 0.000311402283842, 0.000420353695517, -0.00287098065019, -0.00158399692737, 0.0099080093205, -0.00330110150389, -0.00308277341537, 0.00342147634365, -0.00165426568128, 0.000128081985167, 0.000374385446776, 4.30046975453e-06], [7.14239358786e-05, 0.000121320415928, 0.000459860253613, 0.0012550560059, -0.00426403060555, -0.00330110150389, 0.0136506743729, -0.00715425750241, -0.00464995531365, 0.00518822669983, -0.0015656715259, 0.00138228584547, -0.00217855372466], [-6.84628175804e-05, -0.000416983035393, -0.000645009684376, -1.86666293303e-05, 0.00450684083626, -0.00308277341537, -0.00715425750241, 0.0184329636395, -0.00699830846861, -0.004972233437, 0.00587353296578, -0.00426732515916, 0.00162015692331], [0.000130193278892, 0.000259307445958, -4.68564139737e-05, -6.75913252053e-05, -0.00207163626328, 0.00342147634365, -0.00464995531365, -0.00699830846861, 0.0214917398989, -0.0076319379732, -0.00724888918921, 0.0075051416643, -0.00447012437508], [-6.22981315246e-05, 0.000402490783017, 0.000666818930767, -0.00119485857431, -0.000261591310846, -0.00165426568128, 0.00518822669983, -0.004972233437, -0.0076319379732, 0.022738840431, -0.00889162067324, -0.0029981310945, 0.00478308461607], [0.000290484080324, -0.000567936513107, -9.84593643807e-05, -0.000831275479868, 0.000621132436208, 0.000128081985167, -0.0015656715259, 0.00587353296578, -0.00724888918921, -0.00889162067324, 0.0248060729355, -0.00992085691541, -0.000620709033683], [-0.000377902819309, 0.000439169671154, -0.00105926929973, 0.00182315462735, -0.000752998399548, 0.000374385446776, 0.00138228584547, -0.00426732515916, 0.0075051416643, -0.0029981310945, -0.00992085691541, 0.0264194905758, -0.012682909146], [0.000197940767976, -0.000253535661614, 0.000671946851071, -0.000949733075686, -0.000462524767499, 4.30046975453e-06, -0.00217855372466, 0.00162015692331, -0.00447012437508, 0.00478308461607, -0.000620709033683, -0.012682909146, 0.0223084837198]]
    },
    "melbands": {
        "dmean": [0.00942752603441, 0.00289355008863, 0.000675968476571, 0.000319748709444, 0.000270490680123, 0.000154054883751, 0.000156124529894, 0.000139283234603, 8.43262459966e-05, 8.2563063188e-05, 9.65247163549e-05, 0.000106325060187, 4.32606466347e-05, 3.92038564314e-05, 3.05096527882e-05, 3.89768938476e-05, 4.18778545281e-05, 3.08743219648e-05, 2.11501719605e-05, 2.17264696403e-05, 1.26560053104e-05, 1.59674273164e-05, 1.1313775758e-05, 9.83564768831e-06, 1.31291944854e-05, 9.55225732469e-06, 7.40511040931e-06, 8.12227517599e-06, 1.03162183223e-05, 1.36419712362e-05, 9.99691928882e-06, 7.02625402482e-06, 9.79081960395e-06, 7.45815577829e-06, 7.95317282609e-06, 1.20888798847e-05, 1.03024631244e-05, 9.4920533229e-06, 9.6629764812e-06, 7.27593851479e-06],
        "dmean2": [0.0100382510573, 0.00374301476404, 0.00115791300777, 0.000507840479258, 0.000423571793362, 0.000233769140323, 0.00026077387156, 0.000226426491281, 0.00013841483451, 0.000131781795062, 0.000155462199473, 0.000174616565346, 7.03112527844e-05, 6.26172186458e-05, 4.73190011689e-05, 6.81495293975e-05, 7.31123509468e-05, 5.30568941031e-05, 3.65786836483e-05, 3.86730062019e-05, 2.15145955735e-05, 2.77242488664e-05, 1.91057115444e-05, 1.72509462573e-05, 2.32271140703e-05, 1.62226497196e-05, 1.25214392028e-05, 1.36951766763e-05, 1.7873939214e-05, 2.4327171559e-05, 1.73627595359e-05, 1.18585658129e-05, 1.69021495822e-05, 1.24673915707e-05, 1.34520450956e-05, 2.14139490708e-05, 1.82830517588e-05, 1.6095029423e-05, 1.61454827321e-05, 1.17845038403e-05],
        "dvar": [0.000315144687193, 2.64275240625e-05, 2.94478422802e-06, 7.89772968801e-07, 2.96988645232e-07, 1.70823284407e-07, 1.18569815299e-07, 6.57897061274e-08, 5.34384767548e-08, 4.03223339163e-08, 1.00358711563e-07, 1.63101972817e-07, 9.63509183549e-09, 1.64239590816e-08, 5.66043167893e-09, 9.04849084549e-09, 9.59035961756e-09, 3.9655092543e-09, 1.72610292726e-09, 2.65898214558e-09, 1.07319120257e-09, 1.50352719164e-09, 5.36666988626e-10, 4.10496053815e-10, 1.05560682417e-09, 3.68232222492e-10, 1.77657999423e-10, 2.57381171931e-10, 5.90747506468e-10, 1.31270383452e-09, 4.9008863634e-10, 1.98444274901e-10, 4.05522448954e-10, 1.88313642457e-10, 2.54519294529e-10, 8.63625448932e-10, 5.3809345868e-10, 3.6655387059e-10, 4.48528075792e-10, 1.98270524998e-10],
        "dvar2": [0.000300336047076, 3.79411103495e-05, 8.14818668005e-06, 1.87014654784e-06, 6.76257343457e-07, 3.62685653954e-07, 3.11144077614e-07, 1.5784092966e-07, 1.34936584573e-07, 8.6900548979e-08, 2.40519568706e-07, 4.04716303137e-07, 2.28979910588e-08, 3.39554624418e-08, 1.12054765466e-08, 2.46872460252e-08, 2.63458268535e-08, 1.08741691207e-08, 4.71421479631e-09, 7.5434192226e-09, 2.31904051518e-09, 3.73150488286e-09, 1.44232237265e-09, 1.14630738235e-09, 2.95799051919e-09, 9.41764333184e-10, 4.68628746919e-10, 6.84563072895e-10, 1.66382718714e-09, 3.7112564133e-09, 1.35979483229e-09, 5.38372291192e-10, 1.08988984504e-09, 4.9072707009e-10, 7.07567449076e-10, 2.44954700968e-09, 1.51626999845e-09, 9.8213448485e-10, 1.18444820618e-09, 4.9666715185e-10],
        "max": [0.194797754288, 0.0653922706842, 0.0225561149418, 0.0160435028374, 0.0143386237323, 0.0222920775414, 0.00547694554552, 0.00751051586121, 0.00540888216347, 0.00702697923407, 0.00877850968391, 0.0144993318245, 0.00302889593877, 0.0079458495602, 0.00398951023817, 0.000919789832551, 0.000847254297696, 0.00076336186612, 0.000381908699637, 0.000424955476774, 0.00153239781503, 0.0011869642185, 0.00052140338812, 0.000161943724379, 0.000399801851017, 0.000396914692828, 0.000266044517048, 0.000347718974808, 0.000798885826953, 0.000596835336182, 0.00045203458285, 0.000352700764779, 0.000557154417038, 0.000345364125678, 0.000287708477117, 0.000244159047725, 0.000378519878723, 0.000234145365539, 0.000408407038776, 0.000294525088975],
        "mean": [0.0215265173465, 0.00588342081755, 0.000755158194806, 0.000449505343568, 0.00044523406541, 0.000270563061349, 0.000239937857259, 0.000226431235205, 0.000124646336189, 0.000119964395708, 0.000140796269989, 0.000131052511279, 6.58416902297e-05, 5.62038076168e-05, 4.67289501103e-05, 4.40610165242e-05, 4.57789028587e-05, 3.70452435163e-05, 2.55124268733e-05, 2.40545978158e-05, 1.68451042555e-05, 1.85706121556e-05, 1.52950779011e-05, 1.29904638015e-05, 1.47663331518e-05, 1.33377307066e-05, 1.1851329873e-05, 1.17355903058e-05, 1.37566421472e-05, 1.51289250425e-05, 1.2608103134e-05, 1.09304392026e-05, 1.30115122374e-05, 1.14507920443e-05, 1.17047211461e-05, 1.3622703591e-05, 1.30614162117e-05, 1.22269193525e-05, 1.24656298794e-05, 1.06015377241e-05],
        "median": [0.00305008538999, 0.00171581003815, 0.000179447000846, 0.00010582858522, 0.000111300832941, 9.85747756204e-05, 9.04169719433e-05, 8.11492282082e-05, 4.63826982013e-05, 3.7219200749e-05, 3.53550458385e-05, 3.49709298462e-05, 2.22106682486e-05, 1.56557416631e-05, 1.67186190083e-05, 1.41418722706e-05, 1.43664256029e-05, 1.33996481964e-05, 1.02790672827e-05, 9.65932485997e-06, 6.63274113322e-06, 6.53323695587e-06, 6.98281564837e-06, 5.86596070207e-06, 5.91263869865e-06, 5.7928100432e-06, 5.41558893019e-06, 5.43976602785e-06, 5.82909297009e-06, 5.10375775775e-06, 5.43688656762e-06, 5.19013974554e-06, 5.04955823999e-06, 4.73305954074e-06, 4.36868594988e-06, 4.55256213172e-06, 4.33007744505e-06, 4.18784111389e-06, 4.21302411269e-06, 4.09612584917e-06],
        "min": [1.45887804153e-24, 7.55009947006e-25, 1.89147250005e-24, 4.48143400001e-24, 1.3121181615e-24, 2.35094039277e-24, 1.51603249322e-24, 3.12905701247e-24, 2.40914491694e-24, 3.19185921521e-24, 2.05671972981e-24, 3.92964985707e-24, 3.2004956644e-24, 4.09158130724e-24, 3.36245176647e-24, 4.03007658347e-24, 4.58329132566e-24, 2.9055271613e-24, 3.49460213974e-24, 3.83064939119e-24, 4.04312868158e-24, 4.59538338005e-24, 3.90373735405e-24, 3.78814319903e-24, 5.4707657605e-24, 4.86821565729e-24, 4.66425685353e-24, 5.36019862159e-24, 4.4722078773e-24, 4.73162675813e-24, 6.77825182937e-24, 5.92544388702e-24, 4.26115405856e-24, 6.23962351974e-24, 6.09713709646e-24, 7.90984992094e-24, 7.03154086654e-24, 7.61401367085e-24, 8.0000956085e-24, 7.31160699828e-24],
        "var": [0.00157148868311, 8.19385386421e-05, 2.41863722295e-06, 9.70809082901e-07, 6.67354754569e-07, 4.31696292935e-07, 2.02571342811e-07, 1.76057071144e-07, 7.36407343993e-08, 8.64636220399e-08, 1.60518382586e-07, 1.84219899779e-07, 1.91048847853e-08, 3.41285399941e-08, 1.23863550527e-08, 8.49488746013e-09, 7.93298049473e-09, 4.35335811844e-09, 1.67317681932e-09, 1.99121008571e-09, 1.60231716784e-09, 1.61194713133e-09, 5.74532976749e-10, 4.0086214903e-10, 8.01740840384e-10, 5.25622101399e-10, 3.36705080484e-10, 3.16476428397e-10, 7.85256637492e-10, 1.1104897002e-09, 4.80530004676e-10, 3.75803804742e-10, 5.23731835678e-10, 3.20507620444e-10, 3.78953868285e-10, 6.63028631998e-10, 5.86108772627e-10, 4.37714753332e-10, 5.27408894335e-10, 3.02788599749e-10]
    },
    "mfcc": {
        "mean": [-630.412536621, 70.6894989014, 24.6137447357, 12.9446897507, 7.2097196579, 8.44648265839, 4.32317638397, 3.47413897514, 4.82939338684, 6.17354393005, 4.11143684387, 3.26677560806, 2.4392311573],
        "cov": [[11997.3203125, -124.391227722, 511.845825195, -85.8439483643, 23.70794487, -2.96185779572, -16.6213054657, -64.0684585571, -197.182937622, -207.049789429, -136.596664429, -115.792442322, -107.146095276], [-124.391227722, 1394.5736084, 374.227325439, 279.378265381, 223.270065308, 113.462280273, 114.643478394, 103.289306641, 59.7236328125, 34.914276123, 41.9214553833, 25.8551521301, 32.4566497803], [511.845825195, 374.227325439, 1147.69213867, 674.032287598, 663.328308105, 444.624206543, 359.765441895, 255.160400391, 208.659912109, 143.715072632, 141.665481567, 118.363708496, 106.94493103], [-85.8439483643, 279.378265381, 674.032287598, 659.296081543, 561.986206055, 417.782958984, 316.535644531, 222.200942993, 206.889678955, 148.061462402, 135.858764648, 116.719764709, 86.8511657715], [23.70794487, 223.270065308, 663.328308105, 561.986206055, 627.000610352, 443.947845459, 324.875457764, 215.413497925, 193.427337646, 132.934997559, 124.452072144, 112.572769165, 78.7252044678], [-2.96185779572, 113.462280273, 444.624206543, 417.782958984, 443.947845459, 427.145721436, 298.983093262, 205.045623779, 181.890426636, 127.773735046, 110.632171631, 94.667427063, 56.2526435852], [-16.6213054657, 114.643478394, 359.765441895, 316.535644531, 324.875457764, 298.983093262, 286.159423828, 199.113677979, 169.611358643, 115.533805847, 92.2371673584, 77.5274963379, 51.2444953918], [-64.0684585571, 103.289306641, 255.160400391, 222.200942993, 215.413497925, 205.045623779, 199.113677979, 209.607925415, 163.950866699, 104.800567627, 77.9234008789, 65.2975997925, 44.0024261475], [-197.182937622, 59.7236328125, 208.659912109, 206.889678955, 193.427337646, 181.890426636, 169.611358643, 163.950866699, 196.765609741, 130.90335083, 88.5172729492, 68.3522872925, 43.1420860291], [-207.049789429, 34.914276123, 143.715072632, 148.061462402, 132.934997559, 127.773735046, 115.533805847, 104.800567627, 130.90335083, 148.451309204, 95.3245010376, 63.977973938, 39.9625892639], [-136.596664429, 41.9214553833, 141.665481567, 135.858764648, 124.452072144, 110.632171631, 92.2371673584, 77.9234008789, 88.5172729492, 95.3245010376, 114.898994446, 76.8971786499, 44.0369873047], [-115.792442322, 25.8551521301, 118.363708496, 116.719764709, 112.572769165, 94.667427063, 77.5274963379, 65.2975997925, 68.3522872925, 63.977973938, 76.8971786499, 106.374649048, 61.4978485107], [-107.146095276, 32.4566497803, 106.94493103, 86.8511657715, 78.7252044678, 56.2526435852, 51.2444953918, 44.0024261475, 43.1420860291, 39.9625892639, 44.0369873047, 61.4978485107, 87.4594573975]],
