{
"lowlevel": {
    "average_loudness": 0.972060501575,
    "barkbands_crest": {
        "dmean": 2.70356488228,
        "dmean2": 4.07345962524,
        "dvar": 7.55328798294,
        "dvar2": 15.2412977219,
        "max": 26.5026683807,
        "mean": 7.84075498581,
        "median": 6.39177703857,
        "min": 1.94792616367,
        "var": 22.0152587891
    },
    "barkbands_flatness_db": {
        "dmean": 0.0202649347484,
        "dmean2": 0.030052928254,
        "dvar": 0.000553193560336,
        "dvar2": 0.00112176965922,
        "max": 0.529536962509,
        "mean": 0.0873237028718,
        "median": 0.0708349496126,
        "min": 0.0160721503198,
        "var": 0.00327923404984
    },
    "barkbands_kurtosis": {
        "dmean": 1.7725725174,
        "dmean2": 2.81466984749,
        "dvar": 40.4407119751,
        "dvar2": 96.6906051636,
        "max": 219.451141357,
        "mean": 0.806926369667,
        "median": -0.874351024628,
        "min": -1.90795814991,
        "var": 60.9884033203
    },
    "barkbands_skewness": {
        "dmean": 0.540914773941,
        "dmean2": 0.796984672546,
        "dvar": 0.454863786697,
        "dvar2": 0.887399017811,
        "max": 12.4361486435,
        "mean": 0.216186493635,
        "median": 0.0183720868081,
        "min": -4.1402387619,
        "var": 1.77351975441
    },
    "barkbands_spread": {
        "dmean": 9.86544322968,
        "dmean2": 15.3747959137,
        "dvar": 110.978500366,
        "dvar2": 231.832901001,
        "max": 110.249259949,
        "mean": 56.5582504272,
        "median": 61.2221031189,
        "min": 0.264794945717,
        "var": 655.989318848
    },
    "dissonance": {
        "dmean": 0.0105688776821,
        "dmean2": 0.0178910214454,
        "dvar": 0.000237089800066,
        "dvar2": 0.000638748635538,
        "max": 0.500000119209,
        "mean": 0.481354027987,
        "median": 0.487043499947,
        "min": 0.125596806407,
        "var": 0.000570359115954
    },
    "dynamic_complexity": 1.56319630146,
    "erbbands_crest": {
        "dmean": 1.74723553658,
        "dmean2": 2.82774186134,
        "dvar": 3.78126144409,
        "dvar2": 8.59384059906,
        "max": 33.427406311,
        "mean": 6.11097717285,
        "median": 5.09649085999,
        "min": 2.35094547272,
        "var": 11.6162910461
    },
    "erbbands_flatness_db": {
        "dmean": 0.0125552807003,
        "dmean2": 0.0191596634686,
        "dvar": 0.000223956099944,
        "dvar2": 0.000437676266301,
        "max": 0.499012470245,
        "mean": 0.117536216974,
        "median": 0.0982896983624,
        "min": 0.0459400191903,
        "var": 0.00311465142295
    },
    "erbbands_kurtosis": {
        "dmean": 0.77178299427,
        "dmean2": 1.17678141594,
        "dvar": 2.06975746155,
        "dvar2": 4.03591966629,
        "max": 53.9232139587,
        "mean": 0.401414602995,
        "median": -0.096128821373,
        "min": -1.8639601469,
        "var": 4.59183835983
    },
    "erbbands_skewness": {
        "dmean": 0.282850265503,
        "dmean2": 0.418137252331,
        "dvar": 0.0780628100038,
        "dvar2": 0.164652109146,
        "max": 4.25053071976,
        "mean": -0.495011240244,
        "median": -0.554985940456,
        "min": -3.8219192028,
        "var": 0.42721542716
    },
    "erbbands_spread": {
        "dmean": 10.242972374,
        "dmean2": 16.069190979,
        "dvar": 170.447845459,
        "dvar2": 348.524627686,
        "max": 162.292312622,
        "mean": 47.9938926697,
        "median": 43.0644454956,
        "min": 0.95555716753,
        "var": 532.895935059
    },
    "hfc": {
        "dmean": 18.8665485382,
        "dmean2": 31.1765365601,
        "dvar": 703.659790039,
        "dvar2": 1966.34191895,
        "max": 285.143280029,
        "mean": 76.5275421143,
        "median": 73.5634765625,
        "min": 1.09024575256e-16,
        "var": 2059.31494141
    },
    "melbands_crest": {
        "dmean": 4.04153823853,
        "dmean2": 6.39013242722,
        "dvar": 14.6608943939,
        "dvar2": 32.8011398315,
        "max": 32.8637580872,
        "mean": 13.7183141708,
        "median": 12.7234172821,
        "min": 1.61880648136,
        "var": 38.4047317505
    },
    "melbands_flatness_db": {
        "dmean": 0.030300391838,
        "dmean2": 0.0448286682367,
        "dvar": 0.00126515130978,
        "dvar2": 0.00238931085914,
        "max": 0.610745847225,
        "mean": 0.114929884672,
        "median": 0.0982451289892,
        "min": 0.0046405675821,
        "var": 0.00563484849408
    },
    "melbands_kurtosis": {
        "dmean": 8.59690284729,
        "dmean2": 13.3191232681,
        "dvar": 554.880371094,
        "dvar2": 1343.63818359,
        "max": 451.547058105,
        "mean": 10.2914562225,
        "median": 2.04755663872,
        "min": -1.80644619465,
        "var": 836.524841309
    },
    "melbands_skewness": {
        "dmean": 0.912702798843,
        "dmean2": 1.35133004189,
        "dvar": 1.63458180428,
        "dvar2": 3.24937057495,
        "max": 18.0942630768,
        "mean": 2.1995306015,
        "median": 1.61164951324,
        "min": -2.17724061012,
        "var": 4.66177129745
    },
    "melbands_spread": {
        "dmean": 18.9575843811,
        "dmean2": 28.4864425659,
        "dvar": 405.690246582,
        "dvar2": 743.204284668,
        "max": 229.078994751,
        "mean": 74.3484725952,
        "median": 74.5601348877,
        "min": 0.52750980854,
        "var": 2051.24707031
    },
    "pitch_salience": {
        "dmean": 0.0802813544869,
        "dmean2": 0.120141863823,
        "dvar": 0.00680555589497,
        "dvar2": 0.0138411670923,
        "max": 0.990998268127,
        "mean": 0.566162407398,
        "median": 0.590556800365,
        "min": 0.0627718046308,
        "var": 0.0166621990502
    },
    "silence_rate_20dB": {
        "dmean": 0,
        "dmean2": 0,
        "dvar": 0,
        "dvar2": 0,
        "max": 1,
        "mean": 1,
        "median": 1,
        "min": 1,
        "var": 0
    },
    "silence_rate_30dB": {
        "dmean": 0.00458518415689,
        "dmean2": 0.00917168240994,
        "dvar": 0.0045641339384,
        "dvar2": 0.0110937515274,
        "max": 1,
        "mean": 0.996275067329,
        "median": 1,
        "min": 0,
        "var": 0.00371101964265
    },
    "silence_rate_60dB": {
        "dmean": 0.00745092425495,
        "dmean2": 0.0149039840326,
        "dvar": 0.00739541603252,
        "dvar2": 0.0178337562829,
        "max": 1,
        "mean": 0.026790831238,
        "median": 0,
        "min": 0,
        "var": 0.026072576642
    },
    "spectral_centroid": {
        "dmean": 328.309539795,
        "dmean2": 502.927276611,
        "dvar": 149102.515625,
        "dvar2": 279119.625,
        "max": 11336.0527344,
        "mean": 2802.44384766,
        "median": 3022.11914062,
        "min": 137.001647949,
        "var": 786722.5
    },
    "spectral_complexity": {
        "dmean": 5.158618927,
        "dmean2": 8.50157642365,
        "dvar": 28.2573032379,
        "dvar2": 67.1095428467,
        "max": 57,
        "mean": 25.8425502777,
        "median": 27,
        "min": 0,
        "var": 88.6087646484
    },
    "spectral_decrease": {
        "dmean": 1.99416039237e-09,
        "dmean2": 3.02010239039e-09,
        "dvar": 1.06542169842e-17,
        "dvar2": 2.51424574667e-17,
        "max": 1.40548474723e-17,
        "mean": -5.36780841998e-09,
        "median": -4.01108879444e-09,
        "min": -4.8999201141e-08,
        "var": 2.0840228235e-17
    },
    "spectral_energy": {
        "dmean": 0.00813511479646,
        "dmean2": 0.012787412852,
        "dvar": 0.000154804452905,
        "dvar2": 0.000376840267563,
        "max": 0.186483472586,
        "mean": 0.0272006895393,
        "median": 0.0230733882636,
        "min": 1.00806659483e-20,
        "var": 0.000310720060952
    },
    "spectral_energyband_high": {
        "dmean": 0.00193012389354,
        "dmean2": 0.0031325398013,
        "dvar": 6.76227728036e-06,
        "dvar2": 1.80348888534e-05,
        "max": 0.0379366762936,
        "mean": 0.00737658049911,
        "median": 0.00702085951343,
        "min": 7.38229293018e-21,
        "var": 2.88351129711e-05
    },
    "spectral_energyband_low": {
        "dmean": 0.00598474498838,
        "dmean2": 0.00901908334345,
        "dvar": 0.000182020434295,
        "dvar2": 0.000454702530988,
        "max": 0.184200465679,
        "mean": 0.00878391694278,
        "median": 0.00355856702663,
        "min": 1.24203107679e-22,
        "var": 0.000277255254332
    },
    "spectral_energyband_middle_high": {
        "dmean": 0.00221790070646,
        "dmean2": 0.00384630169719,
        "dvar": 1.73985281435e-05,
        "dvar2": 4.9283815315e-05,
        "max": 0.0389414578676,
        "mean": 0.00554285291582,
        "median": 0.00441017653793,
        "min": 1.42759287115e-21,
        "var": 2.03898835025e-05
    },
    "spectral_energyband_middle_low": {
        "dmean": 0.00397131964564,
        "dmean2": 0.00672083580866,
        "dvar": 6.28059133305e-05,
        "dvar2": 0.000169485574588,
        "max": 0.0830091759562,
        "mean": 0.00630382215604,
        "median": 0.00297509739175,
        "min": 3.41674388765e-22,
        "var": 6.15785611444e-05
    },
    "spectral_entropy": {
        "dmean": 0.118214726448,
        "dmean2": 0.182271122932,
        "dvar": 0.0229454785585,
        "dvar2": 0.0461946614087,
        "max": 9.80726242065,
        "mean": 8.19847869873,
        "median": 8.33702754974,
        "min": 4.01869010925,
        "var": 0.204186692834
    },
    "spectral_flux": {
        "dmean": 0.0235251560807,
        "dmean2": 0.0353461205959,
        "dvar": 0.000815278384835,
        "dvar2": 0.00150753394701,
        "max": 0.390319645405,
        "mean": 0.101667359471,
        "median": 0.0908122360706,
        "min": 1.00402519632e-10,
        "var": 0.00232192408293
    },
    "spectral_kurtosis": {
        "dmean": 0.851221501827,
        "dmean2": 1.35119152069,
        "dvar": 14.4457950592,
        "dvar2": 33.6330299377,
        "max": 136.162460327,
        "mean": 2.36551332474,
        "median": 1.39888000488,
        "min": -1.20704269409,
        "var": 38.4422645569
    },
    "spectral_rms": {
        "dmean": 0.000702708086465,
        "dmean2": 0.00109314161818,
        "dvar": 7.61881778999e-07,
        "dvar2": 1.66254289979e-06,
        "max": 0.0134883318096,
        "mean": 0.00491241924465,
        "median": 0.00474453624338,
        "min": 3.13604784502e-12,
        "var": 2.40528538598e-06
    },
    "spectral_rolloff": {
        "dmean": 1353.05664062,
        "dmean2": 2048.74487305,
        "dvar": 2611860.25,
        "dvar2": 4771233.5,
        "max": 18410.8886719,
        "mean": 7125.63964844,
        "median": 8311.81640625,
        "min": 64.599609375,
        "var": 14100376
    },
    "spectral_skewness": {
        "dmean": 0.127003505826,
        "dmean2": 0.198291182518,
        "dvar": 0.0660951435566,
        "dvar2": 0.153181746602,
        "max": 9.69180488586,
        "mean": 1.12284171581,
        "median": 1.04724192619,
        "min": -0.0503916405141,
        "var": 0.279157817364
    },
    "spectral_spread": {
        "dmean": 491837.34375,
        "dmean2": 781616.8125,
        "dvar": 373468266496,
        "dvar2": 682001891328,
        "max": 40259248,
        "mean": 7171762,
        "median": 7627598,
        "min": 626062.5,
        "var": 4.0704564265e+12
    },
    "spectral_strongpeak": {
        "dmean": 0.856709241867,
        "dmean2": 1.48451685905,
        "dvar": 3.39909100533,
        "dvar2": 8.50194168091,
        "max": 31.1054115295,
        "mean": 1.11386549473,
        "median": 0.378256201744,
        "min": 0,
        "var": 4.17394924164
    },
    "zerocrossingrate": {
        "dmean": 0.0232249479741,
        "dmean2": 0.0251074377447,
        "dvar": 0.000564296380617,
        "dvar2": 0.000614066084381,
        "max": 0.8759765625,
        "mean": 0.200301706791,
        "median": 0.216796875,
        "min": 0.0048828125,
        "var": 0.00892056338489
    },
    "barkbands": {
        "dmean": [0.000177356458153, 0.00468211108819, 0.00181106745731, 0.00152027257718, 0.00196981360205, 0.000314590783091, 0.000327011017362, 0.00046308428864, 0.000450531573733, 0.000496918568388, 0.000252967642155, 0.000347519031493, 0.000305004767142, 0.000250222306931, 0.000385398190701, 0.000264002708718, 0.00037635784247, 0.000403432321036, 0.000521912937984, 0.00046839445713, 0.000374572147848, 0.000418391951825, 0.000507709744852, 0.000411350891227, 0.000456126959762, 0.000272732664598, 0.000161979492987],
        "dmean2": [0.000297202670481, 0.0074863745831, 0.00292308744974, 0.00280897994526, 0.00341259897687, 0.00048952549696, 0.000498041161336, 0.00071626767749, 0.000719997799024, 0.000840824563056, 0.000432921748143, 0.000568981980905, 0.00050990487216, 0.000413942907471, 0.00064855342498, 0.000433115870692, 0.000642754253931, 0.000685733335558, 0.000896364217624, 0.000779730908107, 0.000618418445811, 0.000696486153174, 0.000856702681631, 0.000690198270604, 0.000769824779127, 0.000426610349678, 0.000263453635853],
        "dvar": [9.6604161115e-08, 0.00013296463294, 2.61653331108e-05, 2.0825640604e-05, 1.66353602253e-05, 3.90742087575e-07, 6.642295034e-07, 1.26251654819e-06, 9.38435562148e-07, 1.32085403948e-06, 3.78467007067e-07, 4.17204262249e-07, 3.29894874085e-07, 3.36080745456e-07, 4.74822741126e-07, 1.94675976672e-07, 4.05565486972e-07, 5.03663272866e-07, 7.28071086087e-07, 6.38265760244e-07, 2.08752666708e-07, 2.9419354064e-07, 4.93889217523e-07, 2.51123452699e-07, 4.08182074807e-07, 1.01719770385e-07, 7.41345544952e-08],
        "dvar2": [2.44338764332e-07, 0.000351805676473, 6.34502284811e-05, 6.024448885e-05, 4.32126362284e-05, 7.79856463851e-07, 1.26172471937e-06, 2.63586275651e-06, 2.10228154174e-06, 3.57529734174e-06, 1.00239935819e-06, 9.62898070611e-07, 8.33859871818e-07, 7.74548823301e-07, 1.20767788303e-06, 4.27143191928e-07, 1.0619664863e-06, 1.27623809476e-06, 1.90988907889e-06, 1.58682712481e-06, 5.49158926333e-07, 7.92823755091e-07, 1.35201935336e-06, 6.78120443354e-07, 1.12376596917e-06, 2.30475706076e-07, 1.79191701477e-07],
        "max": [0.0118178613484, 0.134682387114, 0.0642722770572, 0.0535850003362, 0.046737510711, 0.0217502489686, 0.0244527049363, 0.0252763926983, 0.0228864587843, 0.0297124776989, 0.0166522115469, 0.0128479432315, 0.0133081832901, 0.0132816405967, 0.012326602824, 0.0141714485362, 0.0138593809679, 0.0221547298133, 0.0148640880361, 0.0145920077339, 0.0107501996681, 0.0108440136537, 0.0106682861224, 0.00721268774942, 0.00787346344441, 0.00463146390393, 0.00360380462371],
        "mean": [0.00023846795375, 0.00614796951413, 0.00170454091858, 0.00125125749037, 0.00225090002641, 0.000609936192632, 0.00054374395404, 0.000708586187102, 0.000741266645491, 0.000627430272289, 0.000313560973154, 0.00048881949624, 0.000452310283436, 0.000360459380317, 0.000548408075701, 0.000426463899203, 0.000560970336664, 0.000659539015032, 0.000903681095224, 0.000931292073801, 0.000907622801606, 0.00103286560625, 0.00119297101628, 0.00114780280273, 0.00120524107479, 0.000987487612292, 0.000257060281001],
        "median": [9.42385013332e-05, 0.00197693426162, 0.000323236978147, 0.000243274305831, 0.000425030535553, 0.000197119312361, 0.000189064900042, 0.000213118008105, 0.000291711272439, 0.000218859786401, 9.93425928755e-05, 0.000185705619515, 0.000219308509259, 0.000146473321365, 0.000273175246548, 0.000261415378191, 0.000361035694368, 0.000421742151957, 0.000621850893367, 0.000562080531381, 0.00076104758773, 0.000843192799948, 0.000961134210229, 0.00107258395292, 0.00118241412565, 0.00100360973738, 3.34273572662e-05],
        "min": [4.28365039943e-23, 7.97202635977e-23, 3.76780715375e-24, 1.48719875939e-23, 1.21436338982e-22, 7.49510440676e-23, 6.3022829781e-23, 1.0848254241e-23, 4.99852056936e-23, 5.30105251304e-23, 1.18237160912e-22, 3.27494027081e-23, 1.12900245521e-22, 4.02145354491e-23, 1.60130168331e-22, 1.68427823851e-22, 1.81976276395e-22, 2.34786008027e-22, 2.06915489136e-22, 3.27660432555e-22, 4.15333474307e-22, 5.86801643817e-22, 5.75717201466e-22, 6.94907344217e-22, 1.17941768476e-21, 1.54323104462e-21, 2.40642390218e-21],
        "var": [2.08480713582e-07, 0.000170508632436, 2.31192789215e-05, 1.23593781609e-05, 1.76614630618e-05, 1.63488732596e-06, 1.66135760082e-06, 3.12193651553e-06, 2.33791638493e-06, 1.64655284607e-06, 4.44321585746e-07, 8.07325250207e-07, 5.95763765432e-07, 5.87033298416e-07, 7.18983187653e-07, 3.57069922075e-07, 5.47120180272e-07, 8.05896718248e-07, 1.12076634196e-06, 1.44667069435e-06, 5.56122643047e-07, 8.57092516071e-07, 1.34539391183e-06, 7.79743004387e-07, 8.15689190858e-07, 4.83204985358e-07, 1.80699956331e-07]
    },
    "erbbands": {
        "dmean": [0.117359444499, 1.14750051498, 2.29709649086, 3.62297129631, 6.94491767883, 6.34106397629, 2.432700634, 2.94497919083, 4.36840438843, 5.20009660721, 10.6616458893, 12.0267877579, 12.3497123718, 13.9461622238, 11.9148206711, 14.9381895065, 13.2270507812, 14.2574472427, 17.9391784668, 15.476360321, 14.8821706772, 17.0510978699, 21.3816356659, 22.5480556488, 24.4999370575, 21.3757686615, 17.8879814148, 14.8749704361, 14.8076095581, 16.6593894958, 14.3067932129, 8.81867027283, 7.77506780624, 5.80296754837, 3.15982031822, 1.3987878561, 0.539729595184, 0.210154756904, 0.0240707844496, 0.000316664285492],
        "dmean2": [0.182980552316, 1.83680999279, 3.57318258286, 6.29484701157, 12.3776960373, 10.93932724, 3.91325330734, 4.57567167282, 6.45756483078, 8.38903808594, 16.4301643372, 19.0779304504, 21.1287727356, 23.2603683472, 20.8094978333, 23.9153785706, 22.0268878937, 23.5764312744, 29.6060504913, 26.6691513062, 25.1068191528, 29.1479644775, 36.3968887329, 38.9339408875, 41.2087287903, 36.1058769226, 29.4930896759, 24.6566238403, 24.6480426788, 28.1611919403, 23.7572383881, 14.5871648788, 13.1791830063, 9.78859329224, 5.37497806549, 2.2395837307, 0.859481453896, 0.337026357651, 0.0390659496188, 0.000510108598974],
        "dvar": [0.0821801051497, 8.78916931152, 43.066822052, 102.702224731, 263.048736572, 173.868927002, 18.6613693237, 40.6222343445, 146.874908447, 101.864471436, 859.18737793, 718.636291504, 1065.54223633, 1098.90466309, 929.102050781, 812.47277832, 601.649597168, 1002.99530029, 1055.59057617, 806.730285645, 613.474975586, 873.142883301, 1408.08557129, 1567.2109375, 1781.89855957, 1119.51745605, 628.067504883, 388.480987549, 398.409362793, 625.276916504, 335.596038818, 103.935440063, 109.493034363, 63.0867462158, 20.4931468964, 2.8499083519, 0.411854416132, 0.0920809134841, 0.00163714890368, 2.5035714657e-07],
        "dvar2": [0.201426967978, 23.1980876923, 103.990074158, 281.764129639, 720.198242188, 445.33493042, 42.8925895691, 78.7729110718, 265.685424805, 219.184921265, 1796.71923828, 1612.05371094, 2882.2800293, 2870.56079102, 2562.61254883, 1757.63647461, 1505.7578125, 2301.31030273, 2628.3347168, 2133.47583008, 1553.70666504, 2298.95458984, 3529.91577148, 4267.61230469, 4381.52880859, 2936.32446289, 1607.84863281, 1000.42230225, 1042.79589844, 1718.58728027, 877.08581543, 275.187469482, 304.391601562, 172.282852173, 57.1630897522, 6.7699098587, 0.982095360756, 0.226689070463, 0.00392397958785, 6.01111935339e-07],
        "max": [4.45391368866, 36.9307289124, 78.8632125854, 132.467300415, 159.100418091, 136.553985596, 84.7109375, 205.541610718, 365.213439941, 402.314727783, 689.942016602, 643.496154785, 1266.71533203, 802.418762207, 730.42565918, 661.986450195, 553.655029297, 796.348327637, 753.978027344, 399.426544189, 426.254699707, 718.663513184, 711.141723633, 828.298339844, 960.485839844, 592.635009766, 420.621185303, 563.215515137, 467.806427002, 329.890777588, 320.996063232, 203.318603516, 164.990036011, 159.607452393, 71.4134597778, 24.7262420654, 9.78884983063, 5.49561595917, 0.462917149067, 0.00605557626113],
        "mean": [0.147344887257, 1.45231628418, 2.28596901894, 3.5242190361, 6.81128692627, 7.13090467453, 3.9961066246, 5.69644737244, 8.06558895111, 8.40257263184, 17.0283126831, 20.5791015625, 16.0801563263, 19.3184528351, 15.0919122696, 22.9310455322, 20.984413147, 22.1566123962, 27.6151618958, 23.7760295868, 24.5748348236, 27.3094024658, 36.5850448608, 39.3884010315, 44.7388420105, 43.7469024658, 40.9534759521, 35.7693824768, 34.8610954285, 37.5010261536, 34.323348999, 24.5918769836, 19.2385005951, 14.0940580368, 8.06106758118, 4.30687236786, 1.78306877613, 0.512826085091, 0.0404274836183, 0.000669967674185],
        "median": [0.0500563457608, 0.432596623898, 0.555480480194, 0.928227066994, 0.725477159023, 1.47544491291, 1.91780090332, 1.42994642258, 2.70363640785, 3.147585392, 5.15387678146, 7.82535934448, 6.36693096161, 6.33640050888, 5.9706735611, 9.65982055664, 10.7274198532, 10.8282699585, 14.0384063721, 14.6633071899, 15.9275007248, 18.5731830597, 24.1497344971, 26.9099235535, 30.2457942963, 28.6599578857, 29.0186805725, 29.7954444885, 28.4863319397, 29.2984313965, 27.3779315948, 23.0718898773, 17.2764587402, 13.547375679, 7.83800125122, 4.24093914032, 1.7841334343, 0.350371360779, 0.00823824480176, 0.00031385733746],
        "min": [5.24124537061e-21, 6.41272658455e-21, 5.04429237429e-21, 3.23148833792e-20, 8.19290860473e-20, 5.04153865449e-19, 1.02729617885e-18, 3.17080197379e-19, 7.83932456503e-19, 6.07359846309e-19, 2.61822257714e-19, 7.88827246079e-19, 1.62607144136e-18, 2.291664596e-18, 4.65272302795e-18, 2.35706666511e-18, 4.4817419002e-18, 2.49213678053e-18, 6.9116308581e-18, 1.01929959639e-17, 7.52294049183e-18, 1.10914522483e-17, 1.02175913522e-17, 1.05620028895e-17, 1.26284919656e-17, 1.29708082544e-17, 1.60167213619e-17, 1.79052871969e-17, 2.17547227243e-17, 2.0947305111e-17, 1.53058423435e-17, 1.3396032856e-17, 1.30811251968e-17, 1.15959033818e-17, 8.47619914617e-18, 6.38376058711e-18, 2.62287164237e-18, 1.25208892096e-18, 3.75328058917e-19, 3.16625222193e-20],
        "var": [0.101825945079, 10.4179754257, 40.7465515137, 72.6850967407, 222.137466431, 187.954330444, 42.2745933533, 174.639099121, 416.366485596, 312.318756104, 2068.22729492, 1864.27124023, 1112.29138184, 1634.8548584, 929.202209473, 1813.53234863, 1166.66101074, 1764.47387695, 1858.95959473, 929.449157715, 905.995117188, 1184.36779785, 2144.68945312, 2035.70300293, 3367.90600586, 2362.96557617, 1750.04260254, 973.476806641, 998.825012207, 1338.26086426, 1122.31872559, 364.31842041, 254.242782593, 117.592163086, 38.6427688599, 10.1923036575, 1.67404723167, 0.301058888435, 0.00397741422057, 6.85983877702e-07]
    },
    "gfcc": {
        "mean": [47.3025131226, -3.63916969299, -96.8693466187, 33.5403213501, -54.8105049133, 19.6219158173, -31.7387752533, 15.7918434143, -25.3448562622, 8.26342964172, -20.6162891388, 3.93253016472, -16.680896759],
        "cov": [[17378.0976562, 317.333618164, 393.323760986, 906.528869629, -12.1706371307, 412.726989746, -453.128875732, 109.87840271, -273.186462402, 56.6070022583, -264.705444336, 70.8361053467, -162.413543701], [317.333618164, 2886.77026367, -475.217987061, -188.46206665, -108.537780762, -214.096984863, 72.4120254517, -67.3933868408, 18.6964511871, -147.455886841, 114.918518066, -165.031539917, -28.1318950653], [393.323760986, -475.217987061, 1509.00256348, 491.91494751, 386.465606689, 426.764007568, 67.8938217163, 153.859207153, 2.86353421211, 58.8888397217, -147.073654175, 36.526222229, -42.5338668823], [906.528869629, -188.46206665, 491.91494751, 434.104705811, 177.484161377, 211.003723145, 14.1103343964, 120.818870544, 17.5731964111, 69.4512710571, -54.0445175171, 15.0405378342, -35.5416717529], [-12.1706371307, -108.537780762, 386.465606689, 177.484161377, 328.427093506, 184.224899292, 75.7664794922, 53.6790542603, 53.35679245, 29.9434261322, -22.4880218506, 5.16308069229, -6.03461742401], [412.726989746, -214.096984863, 426.764007568, 211.003723145, 184.224899292, 340.85836792, 111.078979492, 143.792236328, 46.46692276, 101.028526306, -20.6926860809, 52.1089935303, -2.32216143608], [-453.128875732, 72.4120254517, 67.8938217163, 14.1103343964, 75.7664794922, 111.078979492, 233.798187256, 122.645614624, 110.236289978, 67.7086791992, 74.4044342041, 10.2957401276, 15.360329628], [109.87840271, -67.3933868408, 153.859207153, 120.818870544, 53.6790542603, 143.792236328, 122.645614624, 207.924087524, 117.735466003, 116.317245483, 38.5506515503, 40.1663169861, 2.476541996], [-273.186462402, 18.6964511871, 2.86353421211, 17.5731964111, 53.35679245, 46.46692276, 110.236289978, 117.735466003, 175.310089111, 120.055976868, 73.2453765869, 11.5707960129, 14.0466032028], [56.6070022583, -147.455886841, 58.8888397217, 69.4512710571, 29.9434261322, 101.028526306, 67.7086791992, 116.317245483, 120.055976868, 184.770782471, 88.3009414673, 50.2860069275, 9.4036359787], [-264.705444336, 114.918518066, -147.073654175, -54.0445175171, -22.4880218506, -20.6926860809, 74.4044342041, 38.5506515503, 73.2453765869, 88.3009414673, 146.069091797, 46.2557907104, 25.4461708069], [70.8361053467, -165.031539917, 36.526222229, 15.0405378342, 5.16308069229, 52.1089935303, 10.2957401276, 40.1663169861, 11.5707960129, 50.2860069275, 46.2557907104, 94.1623764038, 40.1807060242], [-162.413543701, -28.1318950653, -42.5338668823, -35.5416717529, -6.03461742401, -2.32216143608, 15.360329628, 2.476541996, 14.0466032028, 9.4036359787, 25.4461708069, 40.1807060242, 67.2857131958]],
        "icov": [[7.74657601141e-05, -3.60553713108e-05, 5.90534727962e-05, -0.000177307927515, 5.80177329539e-05, -0.000115629809443, 0.000146392325405, -9.69442317e-06, 5.9120284277e-05, -5.53755671717e-05, 0.000113827059977, -0.000155831527081, 0.000129141306388], [-3.60553713108e-05, 0.00052850774955, -3.19176024277e-06, 3.84656414099e-05, 0.000112836489279, -0.000304187327856, 0.000277675426332, -0.000336154189426, -0.000254634360317, 0.00119264435489, -0.001568526146, 0.00153097556904, -0.000333738804329], [5.90534727962e-05, -3.19176024277e-06, 0.00152777764015, -0.000958609103691, -0.000752509164158, -0.000695044000167, -0.000240762543399, 0.000110814791697, 0.000250161159784, -0.000227153621381, 0.00137392559554, -0.000909111869987, 0.0005628450308], [-0.000177307927515, 3.84656414099e-05, -0.000958609103691, 0.005580262281, -0.00174036121462, -0.000231308455113, 0.00135309493635, -0.00316699477844, 0.0019063964719, -0.00143695494626, -4.03721351177e-05, 0.00143177586142, 0.000536441162694], [5.80177329539e-05, 0.000112836489279, -0.000752509164158, -0.00174036121462, 0.00669356714934, -0.00341188139282, -0.000216306856601, 0.00331519753672, -0.0047309929505, 0.00339726521634, -0.00138253578916, 0.000267518043984, 7.81162962085e-05], [-0.000115629809443, -0.000304187327856, -0.000695044000167, -0.000231308455113, -0.00341188139282, 0.0110206240788, -0.00521337520331, -0.00222977274098, 0.00536122918129, -0.0075195170939, 0.00678599951789, -0.00475599849597, 0.000584191700909], [0.000146392325405, 0.000277675426332, -0.000240762543399, 0.00135309493635, -0.000216306856601, -0.00521337520331, 0.0124587146565, -0.00552198151127, -0.00343816028908, 0.00649529742077, -0.00924597773701, 0.0067101540044, -0.00250865682028], [-9.69442317e-06, -0.000336154189426, 0.000110814791697, -0.00316699477844, 0.00331519753672, -0.00222977274098, -0.00552198151127, 0.0167527236044, -0.00831765960902, -0.00203510955907, 0.00489750364795, -0.00750554446131, 0.00374831841327], [5.9120284277e-05, -0.000254634360317, 0.000250161159784, 0.0019063964719, -0.0047309929505, 0.00536122918129, -0.00343816028908, -0.00831765960902, 0.0215201620013, -0.012466496788, 0.000936073309276, 0.00580533687025, -0.00451791565865], [-5.53755671717e-05, 0.00119264435489, -0.000227153621381, -0.00143695494626, 0.00339726521634, -0.0075195170939, 0.00649529742077, -0.00203510955907, -0.012466496788, 0.0237330980599, -0.0140122231096, 0.00158059282694, 0.00174058508128], [0.000113827059977, -0.001568526146, 0.00137392559554, -4.03721351177e-05, -0.00138253578916, 0.00678599951789, -0.00924597773701, 0.00489750364795, 0.000936073309276, -0.0140122231096, 0.0259669311345, -0.014947026968, 0.00337534910068], [-0.000155831527081, 0.00153097556904, -0.000909111869987, 0.00143177586142, 0.000267518043984, -0.00475599849597, 0.0067101540044, -0.00750554446131, 0.00580533687025, 0.00158059282694, -0.014947026968, 0.0308910235763, -0.0151773616672], [0.000129141306388, -0.000333738804329, 0.0005628450308, 0.000536441162694, 7.81162962085e-05, 0.000584191700909, -0.00250865682028, 0.00374831841327, -0.00451791565865, 0.00174058508128, 0.00337534910068, -0.0151773616672, 0.0246220380068]]
    },
    "melbands": {
        "dmean": [0.00118634512182, 0.0012799842516, 0.000679037650116, 0.000523938797414, 0.000105054088635, 6.30872236798e-05, 6.85137201799e-05, 6.07913643762e-05, 8.35622849991e-05, 7.74758955231e-05, 6.23257219559e-05, 5.88856019021e-05, 3.5175577068e-05, 4.44105280621e-05, 2.39472010435e-05, 3.40624719684e-05, 2.78325824183e-05, 2.73362766166e-05, 2.49503500527e-05, 2.19833927986e-05, 1.94388976524e-05, 1.90772079804e-05, 2.03876625164e-05, 2.03133095056e-05, 1.88866288227e-05, 2.53035595961e-05, 1.04857981569e-05, 1.74576089194e-05, 1.4199215002e-05, 1.03059028334e-05, 1.01199393612e-05, 9.70188284555e-06, 8.71149222803e-06, 1.03988531919e-05, 9.45483134274e-06, 7.92166429164e-06, 5.44077829545e-06, 5.80419509788e-06, 6.11736686551e-06, 4.94020287078e-06],
        "dmean2": [0.00188539782539, 0.00199275882915, 0.0011728622485, 0.000912643852644, 0.000172637577634, 9.75505754468e-05, 0.000101714678749, 9.74736176431e-05, 0.000128650877741, 0.000123809761135, 0.000106883650005, 9.82655765256e-05, 6.15572207607e-05, 7.34965142328e-05, 3.84324266633e-05, 5.72028548049e-05, 4.57685455331e-05, 4.51436280855e-05, 4.25852995249e-05, 3.59220612154e-05, 3.33301140927e-05, 3.27949237544e-05, 3.42844468832e-05, 3.44398067682e-05, 3.26122753904e-05, 4.29144565715e-05, 1.75815985131e-05, 2.94344536087e-05, 2.30016994465e-05, 1.70907733263e-05, 1.69891609403e-05, 1.62422456924e-05, 1.45819667523e-05, 1.77260208147e-05, 1.58842758538e-05, 1.30662438096e-05, 9.0561052275e-06, 9.81296489044e-06, 1.04405035017e-05, 8.30943281471e-06],
        "dvar": [8.20337027108e-06, 1.23743247968e-05, 3.32631248057e-06, 1.28910380681e-06, 3.22100461858e-08, 1.87107058736e-08, 3.4654174641e-08, 1.39571598723e-08, 5.09277917615e-08, 3.04395619821e-08, 2.66352309097e-08, 2.02295584728e-08, 8.47827585915e-09, 6.92579948947e-09, 1.52920631713e-09, 4.96068430778e-09, 4.7660688729e-09, 2.44626230383e-09, 2.44582665232e-09, 1.55618917752e-09, 1.22802112923e-09, 1.31819943849e-09, 9.86771109268e-10, 1.41922096297e-09, 1.12342068981e-09, 2.08985673211e-09, 2.36826336319e-10, 8.2533468948e-10, 6.29901464322e-10, 1.72831166045e-10, 2.06724193319e-10, 1.7793172491e-10, 1.29622299005e-10, 2.90366675149e-10, 1.46463979833e-10, 1.09414352578e-10, 4.27234150835e-11, 5.76613409797e-11, 7.0028836896e-11, 4.36274245896e-11],
        "dvar2": [2.18208515435e-05, 3.01865165966e-05, 9.05352499103e-06, 3.35952631758e-06, 8.03705404451e-08, 3.55419693676e-08, 6.35040180441e-08, 2.99938456294e-08, 1.07627997181e-07, 6.92355897058e-08, 7.21149007177e-08, 5.28509787046e-08, 2.35365025247e-08, 1.68443126114e-08, 3.41345307575e-09, 1.26826762425e-08, 1.08056310566e-08, 6.06396222125e-09, 6.12229955621e-09, 3.37444294729e-09, 3.28017479845e-09, 3.54570639516e-09, 2.31689178953e-09, 3.60185681281e-09, 3.02004710129e-09, 5.22269827385e-09, 6.04962580031e-10, 2.11639483716e-09, 1.54903567751e-09, 4.5316400632e-10, 5.32596466929e-10, 4.65097960145e-10, 3.54781259926e-10, 8.05965016948e-10, 3.9480149705e-10, 2.78899237038e-10, 1.15024080538e-10, 1.59583610215e-10, 1.92594246107e-10, 1.1818186707e-10],
        "max": [0.0397047959268, 0.0467078909278, 0.0231281984597, 0.0128292609006, 0.00302303163335, 0.0053671784699, 0.00551594607532, 0.00489432411268, 0.00507400790229, 0.00431119976565, 0.00619874941185, 0.00353326415643, 0.00252080406062, 0.00141520588659, 0.00100670428947, 0.00179552601185, 0.00167532020714, 0.00112176197581, 0.00117874413263, 0.00137306889519, 0.000553082907572, 0.000760017777793, 0.000702363729943, 0.00125310092699, 0.000624045147561, 0.000940436730161, 0.000343030435033, 0.000567777024116, 0.000465833814815, 0.000313163822284, 0.000322170497384, 0.000306332280161, 0.000175383436726, 0.00022608510335, 0.00017151159409, 0.000243806018261, 0.000180626113433, 0.000125446371385, 8.51816512295e-05, 0.000197430344997],
        "mean": [0.00157258438412, 0.00152771000285, 0.000677418953273, 0.000566917646211, 0.000157449394464, 0.000121469791338, 0.000123624806292, 9.78692478384e-05, 0.000135568741825, 0.000125867925817, 7.76223751018e-05, 7.92930513853e-05, 4.20444230258e-05, 6.21991639491e-05, 4.05414284614e-05, 4.87141878693e-05, 4.02154619223e-05, 4.09022395615e-05, 3.49763540726e-05, 3.46727611031e-05, 2.8046009902e-05, 2.71778208116e-05, 3.34698488587e-05, 3.23813328578e-05, 2.97828446492e-05, 4.02334444516e-05, 2.04302705242e-05, 3.2607204048e-05, 2.81266329694e-05, 2.16881962842e-05, 2.08759938687e-05, 1.99428322958e-05, 1.95934335352e-05, 2.06322474696e-05, 2.03307208722e-05, 1.78612117452e-05, 1.37596480272e-05, 1.33487792482e-05, 1.2936310668e-05, 1.1526733033e-05],
        "median": [0.000551847217139, 0.000465319899376, 0.000157964896061, 7.38677044865e-05, 7.47772646719e-05, 3.18392667396e-05, 4.18319759774e-05, 3.63241924788e-05, 4.1400842747e-05, 4.80221860926e-05, 2.96351790894e-05, 2.3863001843e-05, 1.4298095266e-05, 2.49570293818e-05, 2.15340060095e-05, 2.19589674089e-05, 1.60088893608e-05, 2.04446278076e-05, 1.78324880835e-05, 2.06238673854e-05, 1.65945020854e-05, 1.71505398612e-05, 2.1412039132e-05, 2.0289886379e-05, 1.8574319256e-05, 2.37888198171e-05, 1.5879253624e-05, 1.91492927115e-05, 1.6133819372e-05, 1.74849519681e-05, 1.64108241734e-05, 1.54737754201e-05, 1.53496694111e-05, 1.53206347022e-05, 1.56451787916e-05, 1.46728907566e-05, 1.28763276734e-05, 1.14840340757e-05, 1.1472387996e-05, 1.09406355477e-05],
        "min": [3.40624553739e-23, 3.73080484413e-24, 5.84168026952e-24, 1.84166441414e-23, 3.49005001789e-23, 8.55815001235e-24, 1.27168306449e-23, 5.57777474229e-24, 1.8162774897e-24, 6.42894855927e-24, 8.67022190343e-24, 8.52253215362e-24, 1.84914754868e-23, 3.83003999614e-24, 1.07497231473e-23, 8.10862866956e-24, 3.97616582921e-24, 9.43680379897e-24, 1.35525861755e-23, 1.18717507784e-23, 8.05659145995e-24, 1.26526654877e-23, 6.31046441232e-24, 1.29739677456e-23, 7.56605566098e-24, 9.02400393132e-24, 8.9885170235e-24, 8.63294507022e-24, 1.01407690713e-23, 1.10802598109e-23, 9.31098600661e-24, 1.109832867e-23, 1.43417074048e-23, 1.05131122074e-23, 8.32090325055e-24, 9.23950574227e-24, 8.41277241385e-24, 8.71075357674e-24, 9.90245103638e-24, 1.04078655409e-23],
        "var": [1.04442551674e-05, 1.36579956234e-05, 2.42984924625e-06, 1.30530168008e-06, 5.47691776376e-08, 8.04097055607e-08, 9.48375529219e-08, 4.47781616231e-08, 1.27735390265e-07, 6.98375401953e-08, 2.72374514054e-08, 3.02934957119e-08, 8.03703592567e-09, 1.17982059678e-08, 3.61783181191e-09, 8.49324077734e-09, 8.31929991563e-09, 4.29238911082e-09, 3.54270679459e-09, 2.7721667184e-09, 1.43649803164e-09, 1.45243872485e-09, 1.85528126195e-09, 2.22906515468e-09, 1.46533929435e-09, 3.66427710397e-09, 3.94484139798e-10, 1.75764514054e-09, 1.4947149074e-09, 3.67537167367e-10, 4.18327428253e-10, 3.65431684912e-10, 3.5914865526e-10, 4.78487527378e-10, 4.26108176521e-10, 3.05070552153e-10, 1.15567305725e-10, 1.3350005823e-10, 1.1795521504e-10, 8.23683690698e-11]
    },
    "mfcc": {
        "mean": [-599.161682129, 42.1810493469, 10.4732255936, 18.8291778564, 3.9165391922, 6.57841730118, 4.63746404648, 6.33527231216, 3.52714776993, 5.21361684799, 2.55019950867, 0.538197636604, -1.54672193527],
        "cov": [[7079.18261719, -315.178649902, 202.38482666, 388.182189941, 364.994384766, 225.792129517, 108.691207886, 103.785842896, 77.7774963379, 84.3454055786, 60.7155799866, 49.8763313293, 33.7222824097], [-315.178649902, 1969.5300293, -246.772644043, -49.4020500183, -220.797439575, -154.182601929, -31.7695541382, -8.72051334381, -97.1996383667, -10.4249744415, 64.8543624878, -6.50980377197, -67.8551483154], [202.38482666, -246.772644043, 984.545410156, 242.262573242, 361.338592529, 245.964019775, 185.411621094, 146.405685425, 188.254959106, 87.3804550171, 21.2715377808, 68.2448120117, 48.5626792908], [388.182189941, -49.4020500183, 242.262573242, 252.957092285, 162.874664307, 75.2372436523, 52.1315498352, 48.8401527405, 57.2381286621, 53.020450592, 28.5378437042, 27.2193717957, 11.0972986221], [364.994384766, -220.797439575, 361.338592529, 162.874664307, 349.10144043, 184.859558105, 85.1437988281, 71.3565139771, 107.84589386, 38.7101402283, 12.3429059982, 25.0811748505, 11.172211647], [225.792129517, -154.182601929, 245.964019775, 75.2372436523, 184.859558105, 205.543960571, 118.600891113, 70.5939483643, 89.9940185547, 52.4227409363, 24.2568817139, 37.5828094482, 33.1374740601], [108.691207886, -31.7695541382, 185.411621094, 52.1315498352, 85.1437988281, 118.600891113, 156.603912354, 97.2613372803, 72.0383758545, 53.2465667725, 36.1059570312, 41.957408905, 40.1613006592], [103.785842896, -8.72051334381, 146.405685425, 48.8401527405, 71.3565139771, 70.5939483643, 97.2613372803, 132.233093262, 97.3693695068, 46.8944549561, 34.5834083557, 36.6430397034, 29.9226264954], [77.7774963379, -97.1996383667, 188.254959106, 57.2381286621, 107.84589386, 89.9940185547, 72.0383758545, 97.3693695068, 163.092666626, 97.6229553223, 50.8352546692, 56.2088813782, 45.2747001648], [84.3454055786, -10.4249744415, 87.3804550171, 53.020450592, 38.7101402283, 52.4227409363, 53.2465667725, 46.8944549561, 97.6229553223, 150.443649292, 96.6910705566, 73.4203796387, 55.6567344666], [60.7155799866, 64.8543624878, 21.2715377808, 28.5378437042, 12.3429059982, 24.2568817139, 36.1059570312, 34.5834083557, 50.8352546692, 96.6910705566, 131.557388306, 92.3202438354, 52.8868331909], [49.8763313293, -6.50980377197, 68.2448120117, 27.2193717957, 25.0811748505, 37.5828094482, 41.957408905, 36.6430397034, 56.2088813782, 73.4203796387, 92.3202438354, 121.114067078, 77.1611251831], [33.7222824097, -67.8551483154, 48.5626792908, 11.0972986221, 11.172211647, 33.1374740601, 40.1613006592, 29.9226264954, 45.2747001648, 55.6567344666, 52.8868331909, 77.1611251831, 107.084869385]],
