{
"lowlevel": {
    "average_loudness": 0.674800336361,
    "barkbands_crest": {
        "dmean": 2.78140592575,
        "dmean2": 3.91319537163,
        "dvar": 9.45962715149,
        "dvar2": 17.7839221954,
        "max": 26.7502365112,
        "mean": 11.038772583,
        "median": 8.7261838913,
        "min": 1.97170245647,
        "var": 46.6220169067
    },
    "barkbands_flatness_db": {
        "dmean": 0.0294045656919,
        "dmean2": 0.0386566855013,
        "dvar": 0.00215924251825,
        "dvar2": 0.00324865733273,
        "max": 0.614998579025,
        "mean": 0.122428961098,
        "median": 0.0823734179139,
        "min": 0.0112601481378,
        "var": 0.0102345896885
    },
    "barkbands_kurtosis": {
        "dmean": 33.7281265259,
        "dmean2": 49.7327613831,
        "dvar": 57169.2070312,
        "dvar2": 146701.78125,
        "max": 6320.01855469,
        "mean": 35.7085113525,
        "median": -0.0224514007568,
        "min": -1.91338956356,
        "var": 49976.296875
    },
    "barkbands_skewness": {
        "dmean": 1.18455207348,
        "dmean2": 1.52734398842,
        "dvar": 11.2684526443,
        "dvar2": 25.3744430542,
        "max": 66.381439209,
        "mean": 2.33927989006,
        "median": 0.888923108578,
        "min": -2.86072945595,
        "var": 22.5793972015
    },
    "barkbands_spread": {
        "dmean": 7.22630262375,
        "dmean2": 10.3215970993,
        "dvar": 73.1378173828,
        "dvar2": 137.832321167,
        "max": 112.719543457,
        "mean": 34.7116470337,
        "median": 36.6636695862,
        "min": 0.0331800803542,
        "var": 353.397949219
    },
    "dissonance": {
        "dmean": 0.0129878399894,
        "dmean2": 0.021775694564,
        "dvar": 0.000151075670146,
        "dvar2": 0.000400488381274,
        "max": 0.500000059605,
        "mean": 0.474893212318,
        "median": 0.477778553963,
        "min": 0.305025994778,
        "var": 0.000303738896037
    },
    "dynamic_complexity": 3.45292568207,
    "erbbands_crest": {
        "dmean": 2.60259461403,
        "dmean2": 4.07057237625,
        "dvar": 8.49494552612,
        "dvar2": 17.558555603,
        "max": 31.6147117615,
        "mean": 7.89741611481,
        "median": 6.31837463379,
        "min": 2.25062084198,
        "var": 22.1570320129
    },
    "erbbands_flatness_db": {
        "dmean": 0.01576211676,
        "dmean2": 0.0229774545878,
        "dvar": 0.000478918635054,
        "dvar2": 0.0010752013186,
        "max": 0.378934323788,
        "mean": 0.12286695838,
        "median": 0.113602355123,
        "min": 0.0580410733819,
        "var": 0.00177913240623
    },
    "erbbands_kurtosis": {
        "dmean": 1.95656847954,
        "dmean2": 3.35317873955,
        "dvar": 168.650054932,
        "dvar2": 458.768249512,
        "max": 273.531982422,
        "mean": 0.575714230537,
        "median": -0.678505659103,
        "min": -1.86993801594,
        "var": 116.718330383
    },
    "erbbands_skewness": {
        "dmean": 0.432904243469,
        "dmean2": 0.653855443001,
        "dvar": 0.784823417664,
        "dvar2": 1.78913354874,
        "max": 12.8544149399,
        "mean": 0.247369080782,
        "median": 0.105041660368,
        "min": -2.26219773293,
        "var": 1.14654552937
    },
    "erbbands_spread": {
        "dmean": 10.6083240509,
        "dmean2": 15.2226963043,
        "dvar": 177.709579468,
        "dvar2": 321.859344482,
        "max": 180.262008667,
        "mean": 54.0987319946,
        "median": 49.220615387,
        "min": 1.31162893772,
        "var": 682.837219238
    },
    "hfc": {
        "dmean": 10.19257164,
        "dmean2": 16.2650432587,
        "dvar": 452.787475586,
        "dvar2": 1236.1439209,
        "max": 218.459411621,
        "mean": 28.2719707489,
        "median": 24.5853309631,
        "min": 1.06419393078e-16,
        "var": 585.101074219
    },
    "melbands_crest": {
        "dmean": 3.92332005501,
        "dmean2": 5.93493318558,
        "dvar": 19.2005271912,
        "dvar2": 41.4411087036,
        "max": 36.2969436646,
        "mean": 16.7334461212,
        "median": 14.4322967529,
        "min": 1.64471113682,
        "var": 83.3467636108
    },
    "melbands_flatness_db": {
        "dmean": 0.0354821756482,
        "dmean2": 0.0466732606292,
        "dvar": 0.00344234937802,
        "dvar2": 0.00544767081738,
        "max": 0.736894190311,
        "mean": 0.162938058376,
        "median": 0.119207590818,
        "min": 0.00267820153385,
        "var": 0.0155439497903
    },
    "melbands_kurtosis": {
        "dmean": 39.3327445984,
        "dmean2": 48.642124176,
        "dvar": 11443.1044922,
        "dvar2": 18290.4941406,
        "max": 1562.95544434,
        "mean": 72.0606689453,
        "median": 5.33194160461,
        "min": -1.74557185173,
        "var": 36723.046875
    },
    "melbands_skewness": {
        "dmean": 1.43069589138,
        "dmean2": 1.80080127716,
        "dvar": 7.02046966553,
        "dvar2": 10.5526838303,
        "max": 33.1004829407,
        "mean": 4.18243837357,
        "median": 2.06172704697,
        "min": -1.47171270847,
        "var": 32.3442687988
    },
    "melbands_spread": {
        "dmean": 10.5264234543,
        "dmean2": 16.0426216125,
        "dvar": 222.958908081,
        "dvar2": 475.631072998,
        "max": 239.623077393,
        "mean": 38.911315918,
        "median": 37.86302948,
        "min": 0.133833318949,
        "var": 752.519470215
    },
    "pitch_salience": {
        "dmean": 0.0881281122565,
        "dmean2": 0.129724100232,
        "dvar": 0.0122967101634,
        "dvar2": 0.0238228552043,
        "max": 0.899949789047,
        "mean": 0.489425897598,
        "median": 0.535456478596,
        "min": 0.0133400922641,
        "var": 0.0424957796931
    },
    "silence_rate_20dB": {
        "dmean": 0.0384615398943,
        "dmean2": 0.0769303664565,
        "dvar": 0.0369768887758,
        "dvar2": 0.0782134830952,
        "max": 1,
        "mean": 0.951785564423,
        "median": 1,
        "min": 0,
        "var": 0.0458864569664
    },
    "silence_rate_30dB": {
        "dmean": 0.045282304287,
        "dmean2": 0.0905731916428,
        "dvar": 0.043229136616,
        "dvar2": 0.0823624953628,
        "max": 1,
        "mean": 0.850525736809,
        "median": 1,
        "min": 0,
        "var": 0.127128764987
    },
    "silence_rate_60dB": {
        "dmean": 0.0299355816096,
        "dmean2": 0.0598768368363,
        "dvar": 0.0290358010679,
        "dvar2": 0.0756245329976,
        "max": 1,
        "mean": 0.106564365327,
        "median": 0,
        "min": 0,
        "var": 0.0952047035098
    },
    "spectral_centroid": {
        "dmean": 335.473083496,
        "dmean2": 493.454101562,
        "dvar": 167670.640625,
        "dvar2": 305745.0625,
        "max": 11600.7373047,
        "mean": 2213.30029297,
        "median": 2172.64038086,
        "min": 77.6581268311,
        "var": 1571823.75
    },
    "spectral_complexity": {
        "dmean": 5.53239870071,
        "dmean2": 8.78787326813,
        "dvar": 49.3669395447,
        "dvar2": 115.291412354,
        "max": 58,
        "mean": 17.8633136749,
        "median": 18,
        "min": 0,
        "var": 115.995475769
    },
    "spectral_decrease": {
        "dmean": 5.27562526997e-09,
        "dmean2": 5.514560808e-09,
        "dvar": 1.44375773243e-16,
        "dvar2": 1.49038821966e-16,
        "max": 1.40246687996e-28,
        "mean": -1.42258764768e-08,
        "median": -3.72517039438e-09,
        "min": -1.39795076848e-07,
        "var": 7.41689736005e-16
    },
    "spectral_energy": {
        "dmean": 0.0203129444271,
        "dmean2": 0.0211212672293,
        "dvar": 0.00200207787566,
        "dvar2": 0.00200914870948,
        "max": 0.530948221684,
        "mean": 0.0562563166022,
        "median": 0.0166806131601,
        "min": 1.00067948421e-20,
        "var": 0.0106523167342
    },
    "spectral_energyband_high": {
        "dmean": 0.000873798562679,
        "dmean2": 0.00145387649536,
        "dvar": 3.50133177562e-06,
        "dvar2": 9.69157827058e-06,
        "max": 0.0201581045985,
        "mean": 0.00207201903686,
        "median": 0.00147428014316,
        "min": 7.23640056523e-21,
        "var": 4.34400180893e-06
    },
    "spectral_energyband_low": {
        "dmean": 0.0189015101641,
        "dmean2": 0.0206556115299,
        "dvar": 0.00259917625226,
        "dvar2": 0.00333414413035,
        "max": 0.530784010887,
        "mean": 0.0446072109044,
        "median": 0.00360227772035,
        "min": 1.19598586529e-23,
        "var": 0.0108240256086
    },
    "spectral_energyband_middle_high": {
        "dmean": 0.00188256101683,
        "dmean2": 0.00318856653757,
        "dvar": 1.31257420435e-05,
        "dvar2": 3.6591594835e-05,
        "max": 0.0333902575076,
        "mean": 0.00377716706134,
        "median": 0.00294723478146,
        "min": 1.25732321486e-21,
        "var": 1.40432493936e-05
    },
    "spectral_energyband_middle_low": {
        "dmean": 0.00555041711777,
        "dmean2": 0.00947788357735,
        "dvar": 0.000260664033704,
        "dvar2": 0.000717047660146,
        "max": 0.122565895319,
        "mean": 0.0069043324329,
        "median": 0.00369040365331,
        "min": 1.26584861768e-22,
        "var": 0.000172907399246
    },
    "spectral_entropy": {
        "dmean": 0.177063196898,
        "dmean2": 0.263004541397,
        "dvar": 0.106665425003,
        "dvar2": 0.220944806933,
        "max": 9.83202075958,
        "mean": 8.024310112,
        "median": 8.08906745911,
        "min": 3.97454214096,
        "var": 0.227060049772
    },
    "spectral_flux": {
        "dmean": 0.0386008881032,
        "dmean2": 0.0493619963527,
        "dvar": 0.00407029781491,
        "dvar2": 0.00427263975143,
        "max": 0.657827377319,
        "mean": 0.101843968034,
        "median": 0.068155169487,
        "min": 6.41145608826e-11,
        "var": 0.0131780924276
    },
    "spectral_kurtosis": {
        "dmean": 0.662098348141,
        "dmean2": 1.09991562366,
        "dvar": 2.2051987648,
        "dvar2": 5.7684173584,
        "max": 36.9390907288,
        "mean": 2.06346917152,
        "median": 1.90182209015,
        "min": -1.26462888718,
        "var": 2.61293554306
    },
    "spectral_rms": {
        "dmean": 0.00108541059308,
        "dmean2": 0.00110825558659,
        "dvar": 2.8842177926e-06,
        "dvar2": 2.40263443629e-06,
        "max": 0.0227595753968,
        "mean": 0.00558305624872,
        "median": 0.00403407588601,
        "min": 3.12453622003e-12,
        "var": 2.37136719079e-05
    },
    "spectral_rolloff": {
        "dmean": 889.187866211,
        "dmean2": 1403.88574219,
        "dvar": 1629033,
        "dvar2": 3557713.5,
        "max": 19573.6816406,
        "mean": 3180.65771484,
        "median": 2885.44921875,
        "min": 64.599609375,
        "var": 8459740
    },
    "spectral_skewness": {
        "dmean": 0.136679798365,
        "dmean2": 0.220048949122,
        "dvar": 0.0530322901905,
        "dvar2": 0.128804266453,
        "max": 5.24630212784,
        "mean": 1.18560528755,
        "median": 1.17951154709,
        "min": -0.0661775991321,
        "var": 0.111553497612
    },
    "spectral_spread": {
        "dmean": 547319.3125,
        "dmean2": 851132.5,
        "dvar": 552403992576,
        "dvar2": 1.21977136742e+12,
        "max": 43128172,
        "mean": 6822573.5,
        "median": 6292196.5,
        "min": 2048037.875,
        "var": 1.57736606106e+13
    },
    "spectral_strongpeak": {
        "dmean": 0.441878527403,
        "dmean2": 0.707339763641,
        "dvar": 0.504202961922,
        "dvar2": 1.26489686966,
        "max": 12.2510442734,
        "mean": 0.836444139481,
        "median": 0.550729930401,
        "min": 0,
        "var": 0.795369207859
    },
    "zerocrossingrate": {
        "dmean": 0.0162186529487,
        "dmean2": 0.0180614106357,
        "dvar": 0.000349131412804,
        "dvar2": 0.00041318917647,
        "max": 0.5283203125,
        "mean": 0.110354982316,
        "median": 0.1103515625,
        "min": 0.001953125,
        "var": 0.00513774296269
    },
    "barkbands": {
        "dmean": [0.000961646495853, 0.0177962519228, 0.00767169799656, 0.00271380902268, 0.00128089915961, 0.00077168259304, 0.000710065476596, 0.000652605609503, 0.00061470764922, 0.00045334114111, 0.000321728992276, 0.000191796410945, 0.000208220793866, 0.000281282555079, 0.000237187981838, 0.000247329095146, 0.000342074345099, 0.000210001526284, 0.000294521567412, 0.000242172856815, 0.000219747060328, 0.000169169958099, 0.00022381155577, 0.000171815074282, 0.000158835682669, 8.45175090944e-05, 4.69838232675e-06],
        "dmean2": [0.00126962724607, 0.0192908532917, 0.0139907803386, 0.00520654674619, 0.00234705605544, 0.00126022065524, 0.00115982291754, 0.00101593206637, 0.000948668865021, 0.000709799176548, 0.000529827433638, 0.000309443625156, 0.000339324382367, 0.000481871335069, 0.000394018512452, 0.000427553197369, 0.000604707573075, 0.000362653576303, 0.000521117646713, 0.000425738049671, 0.000375377334422, 0.000288390147034, 0.000396420276957, 0.00029280805029, 0.000259419030044, 0.000128950705403, 7.56015606385e-06],
        "dvar": [7.00753344063e-06, 0.00247291848063, 0.00114452105481, 0.000161387113621, 2.34131093748e-05, 3.37000960826e-06, 1.90988134818e-06, 1.37030622227e-06, 2.37463655139e-06, 7.33390606911e-07, 3.72264821635e-07, 2.13758454493e-07, 1.67658399164e-07, 3.4249046621e-07, 1.53801224201e-07, 1.98002197749e-07, 6.53326935662e-07, 1.42429868788e-07, 4.68469096404e-07, 2.49346612691e-07, 1.28978257408e-07, 7.59465521583e-08, 3.32658686375e-07, 1.25522504391e-07, 9.6047990894e-08, 2.22458425014e-08, 6.93213333958e-11],
        "dvar2": [1.18677871797e-05, 0.00334186572582, 0.00317668216303, 0.000471535284305, 6.74806215102e-05, 8.27784242574e-06, 4.71938028568e-06, 3.09514052788e-06, 4.9105283324e-06, 1.63248466833e-06, 8.98764653812e-07, 4.74625807101e-07, 3.96792160018e-07, 9.04403862023e-07, 3.93957748202e-07, 5.38297229014e-07, 1.86056752227e-06, 3.95045475443e-07, 1.3374029777e-06, 7.13054078005e-07, 3.58941065315e-07, 2.07737031133e-07, 9.44025259741e-07, 3.52044224883e-07, 2.50678823477e-07, 4.73220467256e-08, 1.63080104976e-10],
        "max": [0.0283214394003, 0.521352112293, 0.26517033577, 0.0959582552314, 0.0365474820137, 0.0365111157298, 0.0195850580931, 0.0242002625018, 0.0328478142619, 0.0218516923487, 0.0111632263288, 0.0160069782287, 0.0123761380091, 0.0166526269168, 0.00936417002231, 0.00768555188552, 0.00781298987567, 0.00408439012244, 0.00659070489928, 0.00514117861167, 0.00490957405418, 0.0036273743026, 0.00552359595895, 0.00545177236199, 0.0037401302252, 0.00156213948503, 0.000108187254227],
        "mean": [0.00161932187621, 0.0370546616614, 0.00496144266799, 0.00158941070549, 0.00102675775997, 0.00111361802556, 0.00102682795841, 0.000944624189287, 0.000924609601498, 0.000657724274788, 0.000421268399805, 0.000261774373939, 0.000281034910586, 0.000347929861164, 0.000341673352523, 0.000319511193084, 0.000409975124057, 0.000294819794362, 0.000386483210605, 0.000356973148882, 0.000410472101066, 0.000341630278854, 0.000348583940649, 0.000352368922904, 0.000296500482364, 0.000160940675414, 5.40837800145e-06],
        "median": [0.000103031699837, 0.00267031230032, 0.000156911642989, 5.75408776058e-05, 0.00021188397659, 0.000316210236633, 0.000313581083901, 0.000311546697048, 0.000223800816457, 0.000246964191319, 0.000156138150487, 9.57692536758e-05, 0.0001194165161, 0.000166121273651, 0.000181518233148, 0.000160861905897, 0.000205251402804, 0.000180410192115, 0.000228897260968, 0.000228279663133, 0.000284589012153, 0.000242957452429, 0.000219931112952, 0.000234281716985, 0.000171246778336, 8.96517303772e-05, 1.04492085029e-06],
        "min": [2.29247983394e-25, 3.77938092652e-24, 1.38136114236e-25, 1.17618243918e-24, 2.99445130962e-24, 8.91210874508e-24, 3.94780627966e-24, 6.68428745151e-24, 1.99659874696e-23, 1.7510550617e-23, 1.7572510908e-23, 1.83216637107e-23, 2.06932856698e-23, 3.14446867243e-23, 2.67529585786e-23, 6.25962074926e-23, 7.03557210354e-23, 1.03177850408e-22, 1.0495161362e-22, 1.45592951218e-22, 2.50057017243e-22, 2.72871859121e-22, 3.98879098001e-22, 6.0042427453e-22, 9.35430605079e-22, 1.18171464576e-21, 1.91177090561e-21],
        "var": [1.8080803784e-05, 0.00852123834193, 0.000699488329701, 8.61375083332e-05, 1.33320863824e-05, 4.88951900479e-06, 3.44237469108e-06, 2.92045524475e-06, 4.74209991808e-06, 1.4639733763e-06, 5.77648052058e-07, 3.89856211314e-07, 2.57719989349e-07, 3.81411581429e-07, 2.29313002365e-07, 2.21417067792e-07, 4.77887510897e-07, 1.42594444696e-07, 3.37613528245e-07, 2.10738136275e-07, 1.8215773423e-07, 1.2363024382e-07, 2.51924632266e-07, 1.71807741367e-07, 1.40844562679e-07, 4.09957650049e-08, 1.01548124076e-10]
    },
    "erbbands": {
        "dmean": [0.763425886631, 4.1969742775, 8.77498435974, 9.26382732391, 6.23439216614, 3.86289381981, 3.85720610619, 6.94428873062, 9.70777606964, 12.9996356964, 11.7948112488, 15.8733758926, 12.3773946762, 12.2471761703, 12.9176664352, 8.37946128845, 9.76787757874, 13.1621246338, 12.4923219681, 12.8503246307, 14.7497272491, 15.8984537125, 10.3881645203, 13.3199081421, 16.483915329, 11.4963655472, 9.10740661621, 7.56374359131, 6.76413202286, 6.53980016708, 5.68367481232, 4.29272222519, 2.76402759552, 2.06488704681, 1.0775039196, 0.445915490389, 0.141565233469, 0.0240321811289, 0.000476269022329, 3.26054941979e-05],
        "dmean2": [0.658317744732, 4.81373310089, 14.6495323181, 17.3248825073, 11.7042818069, 6.9467253685, 6.52230596542, 11.5141000748, 15.5826978683, 20.8403663635, 18.4840888977, 24.0401382446, 19.5744571686, 19.6759853363, 20.9933586121, 13.4546232224, 15.8130578995, 22.3100852966, 21.322971344, 21.3423786163, 25.7628173828, 28.3163719177, 18.0223369598, 22.844045639, 29.5830879211, 19.9473686218, 15.6650075912, 12.8883056641, 11.6469097137, 11.2432260513, 9.94644165039, 7.5258808136, 4.67323970795, 3.40309476852, 1.77303206921, 0.708890855312, 0.215069875121, 0.0357833094895, 0.00071131484583, 3.75596791855e-05],
        "dvar": [3.16417050362, 156.254119873, 1254.1998291, 1758.08093262, 731.041320801, 193.27305603, 98.6359558105, 271.864685059, 369.960327148, 535.889160156, 523.848632812, 1737.38366699, 594.989807129, 620.10345459, 641.241271973, 301.548797607, 383.456878662, 769.86517334, 453.573364258, 564.79486084, 879.013549805, 1569.00732422, 375.001647949, 585.501586914, 1935.74060059, 459.591003418, 219.753250122, 148.191604614, 135.026031494, 176.308197021, 166.289367676, 98.9771652222, 29.3271160126, 15.6105871201, 4.59250164032, 0.605821073055, 0.0618414245546, 0.00164677260909, 6.32994272109e-07, 2.31593944022e-09],
        "dvar2": [2.81759738922, 271.033935547, 3252.05566406, 5035.5078125, 2118.58935547, 545.585571289, 260.859283447, 683.20892334, 897.567993164, 1321.41149902, 1186.33618164, 3528.08569336, 1338.28979492, 1378.64355469, 1532.72399902, 712.108215332, 898.079040527, 1976.13439941, 1177.96398926, 1472.72998047, 2457.59375, 4501.66650391, 1044.73156738, 1636.1661377, 5576.71777344, 1297.64587402, 607.51776123, 415.430328369, 376.581481934, 489.487915039, 468.827270508, 281.727172852, 81.3567199707, 40.9745979309, 12.1848087311, 1.44042396545, 0.13110075891, 0.00309343542904, 1.21713003409e-06, 2.94531177225e-09],
        "max": [20.5167884827, 125.726287842, 301.413818359, 299.642883301, 197.695892334, 154.136001587, 167.953689575, 313.612976074, 298.773742676, 497.882507324, 510.454101562, 933.687988281, 699.042907715, 804.103088379, 513.63885498, 468.199798584, 555.600952148, 928.314697266, 527.967895508, 685.281555176, 397.301513672, 402.171875, 181.829788208, 265.520812988, 427.82800293, 204.680603027, 283.767700195, 218.235443115, 131.784973145, 163.627578735, 118.848625183, 116.078460693, 93.2384643555, 49.5460662842, 21.6389865875, 10.2033958435, 2.77093958855, 0.491448134184, 0.00933640450239, 0.000572978169657],
        "mean": [1.46417975426, 6.65507030487, 6.87862014771, 5.71731090546, 4.07979202271, 3.33091306686, 5.02409887314, 9.84329223633, 15.1519374847, 18.7516689301, 18.0127029419, 24.7836894989, 17.9622592926, 17.1606807709, 18.6961154938, 12.3390512466, 13.9222764969, 17.5124664307, 16.9848079681, 18.6015892029, 19.0653953552, 19.483247757, 15.5488090515, 19.317609787, 20.4477348328, 17.9054870605, 16.4147777557, 14.4093332291, 12.529592514, 11.5754976273, 9.6459236145, 7.78878259659, 5.48746395111, 3.73719263077, 1.90161395073, 0.83348608017, 0.263387829065, 0.0398750007153, 0.000825750583317, 9.60360193858e-05],
        "median": [0.106241956353, 0.439240664244, 0.362872838974, 0.263838171959, 0.368192672729, 0.787607491016, 1.63021540642, 2.88507223129, 4.19170284271, 7.30519580841, 6.80647087097, 6.62355709076, 6.99938583374, 6.86366224289, 7.99018192291, 5.74657011032, 6.48585557938, 8.93437480927, 9.22683429718, 10.1153612137, 10.5018787384, 10.5385227203, 10.229886055, 11.772485733, 11.5592422485, 11.550286293, 11.3121490479, 10.4914474487, 8.62578392029, 7.7241859436, 6.25833654404, 5.06650400162, 3.57001495361, 2.08574700356, 1.10785245895, 0.494370788336, 0.144416943192, 0.0175362862647, 0.000393971276935, 4.85013079015e-05],
        "min": [1.06087466038e-22, 3.08813245487e-22, 2.66183752478e-21, 5.33810910892e-21, 9.21011166791e-21, 1.36996425205e-20, 3.25621974577e-20, 9.57811042839e-20, 8.77191823141e-20, 1.70579208442e-19, 1.79016592862e-19, 4.60116889287e-19, 5.13170547716e-19, 5.8961423723e-19, 1.21328794638e-18, 8.00704008711e-19, 1.12300779996e-18, 2.10224850753e-18, 2.57600110732e-18, 2.32934515444e-18, 3.32645968409e-18, 4.53186242788e-18, 5.13362598375e-18, 6.47687630867e-18, 6.81078802885e-18, 7.14916900588e-18, 7.95742786192e-18, 9.26244672611e-18, 9.6410762438e-18, 9.44753583279e-18, 1.14848601748e-17, 1.02542950104e-17, 9.40445792085e-18, 8.13244273593e-18, 6.35021799968e-18, 3.9741214242e-18, 2.12918791893e-18, 9.65319154464e-19, 2.31398167043e-19, 2.69892571043e-20],
        "var": [13.4823608398, 340.364898682, 948.260681152, 997.018493652, 400.845550537, 118.955909729, 104.936607361, 365.715270996, 794.968383789, 993.193908691, 1030.02819824, 3515.53955078, 1218.87609863, 1109.02282715, 1086.08557129, 481.94543457, 600.844238281, 957.535827637, 573.84197998, 796.586547852, 756.895751953, 1073.49963379, 357.916168213, 608.609008789, 1257.09765625, 469.672149658, 304.722045898, 207.083709717, 177.253555298, 188.163772583, 148.322006226, 97.6027069092, 43.4676856995, 24.365026474, 5.71298646927, 0.974254369736, 0.115046352148, 0.00342595810071, 1.3079203427e-06, 1.33202791019e-08]
    },
    "gfcc": {
        "mean": [0.845820069313, 27.3423080444, -109.236076355, 34.0890350342, -63.5920639038, 24.7504367828, -32.9973869324, 24.8350353241, -17.5626087189, 18.6915168762, -13.0143461227, 9.73411655426, -9.03229618073],
        "cov": [[24681.53125, 1240.24121094, -340.838226318, 673.740661621, -685.988647461, 483.905548096, -720.420593262, 531.235717773, -412.622436523, 364.167663574, -338.193572998, 318.303344727, -363.410125732], [1240.24121094, 1101.14086914, 720.413513184, 351.492431641, 372.774108887, 161.016036987, 138.61328125, 69.1654129028, 80.4140090942, 21.0878982544, 59.681312561, 16.6359844208, 22.2186412811], [-340.838226318, 720.413513184, 1495.61633301, 581.973571777, 698.39642334, 297.325042725, 280.695739746, 49.0040664673, 127.156822205, -19.1550045013, 57.8378639221, -21.0002880096, 15.0824422836], [673.740661621, 351.492431641, 581.973571777, 588.913574219, 428.215148926, 305.606842041, 207.607666016, 73.2020339966, 134.118652344, 25.3614463806, 67.1468505859, -1.44649648666, 32.7934379578], [-685.988647461, 372.774108887, 698.39642334, 428.215148926, 606.601318359, 301.988647461, 285.204986572, 72.0629882812, 158.110900879, 9.00092029572, 69.444229126, -4.78775310516, 48.7820625305], [483.905548096, 161.016036987, 297.325042725, 305.606842041, 301.988647461, 306.242462158, 200.655166626, 105.415390015, 106.107711792, 49.1991577148, 49.7985725403, 17.2996749878, 34.1816940308], [-720.420593262, 138.61328125, 280.695739746, 207.607666016, 285.204986572, 200.655166626, 278.331237793, 112.002830505, 148.32598877, 40.9117202759, 64.9809875488, 3.18085026741, 47.4675483704], [531.235717773, 69.1654129028, 49.0040664673, 73.2020339966, 72.0629882812, 105.415390015, 112.002830505, 171.167282104, 107.140586853, 76.6760940552, 23.155412674, 21.6065864563, 12.574259758], [-412.622436523, 80.4140090942, 127.156822205, 134.118652344, 158.110900879, 106.107711792, 148.32598877, 107.140586853, 198.707870483, 91.1972808838, 76.2059936523, 16.0820674896, 38.1970405579], [364.167663574, 21.0878982544, -19.1550045013, 25.3614463806, 9.00092029572, 49.1991577148, 40.9117202759, 76.6760940552, 91.1972808838, 129.258499146, 78.3046875, 51.331451416, 17.0285110474], [-338.193572998, 59.681312561, 57.8378639221, 67.1468505859, 69.444229126, 49.7985725403, 64.9809875488, 23.155412674, 76.2059936523, 78.3046875, 143.207107544, 72.7600479126, 51.7361984253], [318.303344727, 16.6359844208, -21.0002880096, -1.44649648666, -4.78775310516, 17.2996749878, 3.18085026741, 21.6065864563, 16.0820674896, 51.331451416, 72.7600479126, 105.555770874, 52.0515632629], [-363.410125732, 22.2186412811, 15.0824422836, 32.7934379578, 48.7820625305, 34.1816940308, 47.4675483704, 12.574259758, 38.1970405579, 17.0285110474, 51.7361984253, 52.0515632629, 99.0161209106]],
        "icov": [[0.000153314686031, -0.000224860210437, 7.51836851123e-05, -0.000424384954385, 0.000329172849888, -0.000496456166729, 0.000579689512961, -0.000496391672641, 0.000393895024899, -0.000496108492371, 0.000751184183173, -0.000826245755889, 0.000511824910063], [-0.000224860210437, 0.00175771245267, -0.000626439170446, 0.000220681366045, -0.000873226032127, 0.00125914276578, -0.000519757333677, -7.99548797659e-05, -0.000119027921755, 0.000590785639361, -0.00144232495222, 0.0012299871305, -0.000891168427188], [7.51836851123e-05, -0.000626439170446, 0.00194023782387, -0.0010160759557, -0.00175145175308, 0.000798321154434, -5.6703825976e-05, -0.000193843225134, 0.000841272296384, -0.000472901156172, 0.000587255053688, -0.000671321467962, 0.000899433391169], [-0.000424384954385, 0.000220681366045, -0.0010160759557, 0.00655378215015, -0.00153600377962, -0.00317153451033, 0.000222454968025, 0.00189971190412, -0.00305437319912, 0.00299660698511, -0.00350970122963, 0.0032781297341, -0.00134571106173], [0.000329172849888, -0.000873226032127, -0.00175145175308, -0.00153600377962, 0.00887459795922, -0.00472400616854, -0.00162730040029, 0.00143937871326, -0.00217183190398, 0.00144010840449, 0.00155495328363, -0.00221722759306, 0.000978722120635], [-0.000496456166729, 0.00125914276578, 0.000798321154434, -0.00317153451033, -0.00472400616854, 0.0146641880274, -0.00642697513103, -0.00148578791413, 0.00332512520254, -0.00278402888216, -0.000441691867309, 0.00141020561568, -0.00195551360957], [0.000579689512961, -0.000519757333677, -5.6703825976e-05, 0.000222454968025, -0.00162730040029, -0.00642697513103, 0.015713814646, -0.00668624090031, -0.00259445351548, 0.00264065689407, -0.001834776951, 0.000763739109971, -0.000380500248866], [-0.000496391672641, -7.99548797659e-05, -0.000193843225134, 0.00189971190412, 0.00143937871326, -0.00148578791413, -0.00668624090031, 0.0166469719261, -0.00633860006928, -0.0038883278612, 0.00454299291596, -0.00174999167211, 0.000151652930072], [0.000393895024899, -0.000119027921755, 0.000841272296384, -0.00305437319912, -0.00217183190398, 0.00332512520254, -0.00259445351548, -0.00633860006928, 0.0178064741194, -0.0101110944524, -0.000748461578041, 0.00352615187876, -0.00226617930457], [-0.000496108492371, 0.000590785639361, -0.000472901156172, 0.00299660698511, 0.00144010840449, -0.00278402888216, 0.00264065689407, -0.0038883278612, -0.0101110944524, 0.0252420622855, -0.0116338999942, -0.00166584888939, 0.00311957113445], [0.000751184183173, -0.00144232495222, 0.000587255053688, -0.00350970122963, 0.00155495328363, -0.000441691867309, -0.001834776951, 0.00454299291596, -0.000748461578041, -0.0116338999942, 0.0236290581524, -0.0137054175138, 0.000990664353594], [-0.000826245755889, 0.0012299871305, -0.000671321467962, 0.0032781297341, -0.00221722759306, 0.00141020561568, 0.000763739109971, -0.00174999167211, 0.00352615187876, -0.00166584888939, -0.0137054175138, 0.0273947604001, -0.0121440477669], [0.000511824910063, -0.000891168427188, 0.000899433391169, -0.00134571106173, 0.000978722120635, -0.00195551360957, -0.000380500248866, 0.000151652930072, -0.00226617930457, 0.00311957113445, 0.000990664353594, -0.0121440477669, 0.0190466362983]]
    },
    "melbands": {
        "dmean": [0.00551913492382, 0.00443807756528, 0.00152721547056, 0.000348910805769, 0.000137827388244, 0.00015579322644, 0.000147815735545, 0.00014587440819, 0.000100282399217, 9.11723982426e-05, 6.1283200921e-05, 5.13083614351e-05, 4.42635646323e-05, 2.63786005235e-05, 2.23066635954e-05, 1.71627070813e-05, 2.80245949398e-05, 2.13842849917e-05, 1.47938817463e-05, 1.95226093638e-05, 1.83632782864e-05, 1.78357531695e-05, 1.41159280247e-05, 1.03004094854e-05, 1.12420866571e-05, 1.25427668536e-05, 1.16905330287e-05, 6.88119416736e-06, 5.47342187929e-06, 6.93671563567e-06, 4.46141802968e-06, 4.27176610174e-06, 3.28481041834e-06, 4.39997438662e-06, 3.63911954082e-06, 3.44345608028e-06, 2.48642322731e-06, 2.19111552724e-06, 1.6132652263e-06, 1.96743030756e-06],
        "dmean2": [0.00539633631706, 0.00607705069706, 0.00282486760989, 0.000643685052637, 0.000235153391259, 0.00025658053346, 0.000237800908508, 0.000232522914303, 0.000154998793732, 0.000139535419294, 9.73224305199e-05, 8.23023510748e-05, 7.22983895685e-05, 4.23754136136e-05, 3.58357428922e-05, 2.85792921204e-05, 4.74303851661e-05, 3.67681677744e-05, 2.48844571615e-05, 3.2816627936e-05, 3.22501873598e-05, 3.20507460856e-05, 2.43338072323e-05, 1.77860711119e-05, 1.92468614841e-05, 2.2322699806e-05, 2.11499900615e-05, 1.17459258036e-05, 9.35706430027e-06, 1.21029643196e-05, 7.5755369835e-06, 7.39524602977e-06, 5.56527220397e-06, 7.71907161834e-06, 6.34996058579e-06, 6.14386817688e-06, 4.31259286415e-06, 3.75315948986e-06, 2.64480172518e-06, 3.28067267219e-06],
        "dvar": [0.00019149754371, 0.000224514136789, 4.56308407593e-05, 1.89064883216e-06, 1.35948269531e-07, 1.33267406e-07, 8.53103401255e-08, 6.6783776731e-08, 3.9133773555e-08, 5.37832818281e-08, 1.47392551497e-08, 1.18703100682e-08, 6.90778634294e-09, 3.56160123616e-09, 1.73838610174e-09, 9.15227116316e-10, 3.80352593865e-09, 1.45521428241e-09, 6.71183386647e-10, 1.23854293488e-09, 1.60192081822e-09, 2.35466734999e-09, 6.35931474147e-10, 3.42305961354e-10, 3.91915416786e-10, 9.68202518159e-10, 1.07523889792e-09, 1.10367937012e-10, 7.47440928595e-11, 1.55034762805e-10, 4.63942877171e-11, 5.52037096591e-11, 2.45049813774e-11, 1.04432455739e-10, 5.8347979226e-11, 8.16779283097e-11, 2.33169837605e-11, 1.78906923998e-11, 7.20837322124e-12, 1.48520050425e-11],
        "dvar2": [0.000189139711438, 0.000488287652843, 0.000129271735204, 5.44865679331e-06, 3.69623307961e-07, 3.3148643297e-07, 2.07024626775e-07, 1.60344740152e-07, 8.60938484948e-08, 1.11252070667e-07, 3.33245395723e-08, 2.62256616423e-08, 1.66422111647e-08, 7.9297715061e-09, 4.13719281056e-09, 2.2714436998e-09, 9.70832036984e-09, 3.88705023724e-09, 1.77879067031e-09, 3.30754756916e-09, 4.50934889429e-09, 6.80062628433e-09, 1.72163527878e-09, 9.42769751155e-10, 1.08566589052e-09, 2.76608713712e-09, 3.11660519614e-09, 3.05084651986e-10, 2.02101335667e-10, 4.3485814949e-10, 1.29423249895e-10, 1.54459153801e-10, 6.68506985879e-11, 2.93077645486e-10, 1.63787608476e-10, 2.34590846748e-10, 6.58473484072e-11, 5.06609511286e-11, 1.8304918345e-11, 3.932944595e-11],
        "max": [0.145999401808, 0.135465070605, 0.0478650704026, 0.0104548046365, 0.00538532435894, 0.00690897740424, 0.00456334929913, 0.00602724449709, 0.00383611419238, 0.00503431400284, 0.00344175263308, 0.00358266639523, 0.00149886438157, 0.00208029453643, 0.00121269922238, 0.000755876302719, 0.00210828799754, 0.000792505394202, 0.000619065656792, 0.000757010478992, 0.000452885578852, 0.000499147514347, 0.00032215853571, 0.000265955750365, 0.000239153785515, 0.000299232720863, 0.000339639664162, 0.000165734236361, 0.000292414042633, 0.000152185821207, 0.000179380571353, 0.000119517259009, 7.44127246435e-05, 0.000115441522212, 6.82765748934e-05, 8.96066485438e-05, 5.83935325267e-05, 7.42791016819e-05, 5.73459074076e-05, 3.66715430573e-05],
        "mean": [0.0114570567384, 0.00537166558206, 0.000965244078543, 0.00025929036201, 0.000172292318894, 0.000222322531044, 0.000226328047574, 0.000209284218727, 0.000157477290486, 0.000139555049827, 8.58080093167e-05, 6.90622473485e-05, 6.1123901105e-05, 3.75495583285e-05, 3.20340368489e-05, 2.31128251471e-05, 3.54357762262e-05, 2.72534834949e-05, 2.08698420465e-05, 2.68012063316e-05, 2.1852350983e-05, 2.00541417144e-05, 1.8426349925e-05, 1.42597946251e-05, 1.53214969032e-05, 1.49790148498e-05, 1.36049438879e-05, 1.11524905151e-05, 9.49555851548e-06, 1.07518608274e-05, 7.84946223575e-06, 7.11739221515e-06, 6.31258762951e-06, 6.54474888506e-06, 5.7624956753e-06, 5.08063658344e-06, 4.60901901533e-06, 4.0484933379e-06, 3.19625860357e-06, 3.16219484375e-06],
        "median": [0.000838715932332, 0.000354689254891, 4.79358459415e-05, 3.93526934204e-05, 5.78314065933e-05, 6.27810586593e-05, 5.94458106207e-05, 7.9722420196e-05, 5.50521072e-05, 3.66273416148e-05, 2.96734888252e-05, 2.35085062741e-05, 2.39499404415e-05, 1.48191393237e-05, 1.44480654853e-05, 1.10815863081e-05, 1.62083742907e-05, 1.40919892146e-05, 1.14351141747e-05, 1.36271155498e-05, 1.07889190986e-05, 1.00382949313e-05, 9.08191123017e-06, 8.56552924233e-06, 8.5236160885e-06, 8.00121506472e-06, 7.29902103558e-06, 7.26589314581e-06, 6.49541016173e-06, 6.45389991405e-06, 5.49083370061e-06, 4.69985434393e-06, 4.33608238382e-06, 4.02177784053e-06, 3.59532191396e-06, 3.13799546348e-06, 2.9663267469e-06, 2.59931175606e-06, 2.01164448299e-06, 1.63872721259e-06],
        "min": [1.2852084397e-24, 1.01411155784e-24, 1.39238525165e-24, 8.97060080905e-25, 1.4154850711e-24, 1.87671685682e-24, 1.23315752363e-24, 1.61502694404e-24, 1.08115388795e-24, 2.22865669727e-24, 2.31151095536e-24, 1.82058190923e-24, 3.3932591514e-24, 2.15046204333e-24, 2.01423582298e-24, 1.47183241949e-24, 3.29367926718e-24, 3.84397285744e-24, 2.5971154823e-24, 3.62041401564e-24, 3.29195974762e-24, 3.76945508418e-24, 2.50808247117e-24, 4.77374443629e-24, 3.85110139901e-24, 3.87758543175e-24, 4.53303378625e-24, 4.55851083805e-24, 3.57097886372e-24, 5.15874760665e-24, 4.50666177176e-24, 5.141416727e-24, 4.65289252333e-24, 5.38289138882e-24, 5.95004293663e-24, 5.25076744239e-24, 5.92206243475e-24, 5.6173298058e-24, 6.37251147796e-24, 6.03464826871e-24],
        "var": [0.000799783330876, 0.000296478567179, 2.65463804681e-05, 1.06335232886e-06, 1.24120504097e-07, 1.87548906183e-07, 1.79115176024e-07, 1.3218419781e-07, 7.98306771799e-08, 1.06380383613e-07, 3.00092786176e-08, 2.12837036884e-08, 1.14313154498e-08, 6.63586208205e-09, 2.82797496531e-09, 1.28552601897e-09, 4.745609683e-09, 1.60694091367e-09, 8.85657436278e-10, 1.67733205103e-09, 1.26997146133e-09, 1.49228740476e-09, 6.99549029815e-10, 3.51752960093e-10, 4.30250612915e-10, 6.70192124019e-10, 6.66848742892e-10, 1.57727095274e-10, 1.10277537102e-10, 1.73274616877e-10, 7.03282293513e-11, 6.72825753445e-11, 4.2422274027e-11, 8.59434606815e-11, 5.45945302854e-11, 5.83965584222e-11, 3.30601067355e-11, 2.48331320785e-11, 1.52301695561e-11, 1.98431149984e-11]
    },
    "mfcc": {
        "mean": [-635.06463623, 63.1610374451, 7.73855447769, 14.8332681656, 0.667406141758, 3.93261361122, 1.91583263874, 5.22164916992, 6.70387840271, 9.15314102173, 5.4127664566, 7.03250932693, 5.06577301025],
        "cov": [[9757.18066406, 887.207275391, 250.540405273, 100.880172729, 9.23747730255, -140.486328125, -190.582855225, 9.39485359192, -66.3277893066, -60.607383728, 47.0656471252, 40.1798553467, 121.164833069], [887.207275391, 889.92175293, 351.275421143, 248.190032959, 197.187988281, 111.826545715, 101.831497192, 82.151260376, 61.0305976868, 33.4432907104, 39.1422996521, 45.6844940186, 44.9700927734], [250.540405273, 351.275421143, 629.980041504, 374.687011719, 311.276916504, 254.542007446, 177.679321289, 136.509750366, 101.034858704, 69.0938339233, 71.3052368164, 52.9058456421, 48.0533256531], [100.880172729, 248.190032959, 374.687011719, 393.093536377, 306.439727783, 255.870147705, 165.855041504, 150.171340942, 112.436775208, 81.6587982178, 78.4705734253, 51.2448310852, 55.3344726562], [9.23747730255, 197.187988281, 311.276916504, 306.439727783, 360.86730957, 281.562652588, 174.867248535, 155.005371094, 118.111129761, 83.3118667603, 76.0911026001, 46.8775978088, 51.9647903442], [-140.486328125, 111.826545715, 254.542007446, 255.870147705, 281.562652588, 333.374420166, 202.304641724, 159.526916504, 123.261329651, 85.4914474487, 78.9810562134, 56.1562042236, 57.8284034729], [-190.582855225, 101.831497192, 177.679321289, 165.855041504, 174.867248535, 202.304641724, 209.08203125, 139.69128418, 100.884872437, 67.573387146, 54.5720672607, 45.2963256836, 38.1354484558], [9.39485359192, 82.151260376, 136.509750366, 150.171340942, 155.005371094, 159.526916504, 139.69128418, 171.187072754, 125.759178162, 79.2534713745, 65.957359314, 41.1393623352, 42.1453704834], [-66.3277893066, 61.0305976868, 101.034858704, 112.436775208, 118.111129761, 123.261329651, 100.884872437, 125.759178162, 169.200195312, 114.204780579, 75.1136169434, 38.5018997192, 33.1534805298], [-60.607383728, 33.4432907104, 69.0938339233, 81.6587982178, 83.3118667603, 85.4914474487, 67.573387146, 79.2534713745, 114.204780579, 135.823928833, 90.7461624146, 44.6497039795, 33.6490707397], [47.0656471252, 39.1422996521, 71.3052368164, 78.4705734253, 76.0911026001, 78.9810562134, 54.5720672607, 65.957359314, 75.1136169434, 90.7461624146, 119.96521759, 76.082244873, 51.2359848022], [40.1798553467, 45.6844940186, 52.9058456421, 51.2448310852, 46.8775978088, 56.1562042236, 45.2963256836, 41.1393623352, 38.5018997192, 44.6497039795, 76.082244873, 117.463088989, 78.7583007812], [121.164833069, 44.9700927734, 48.0533256531, 55.3344726562, 51.9647903442, 57.8284034729, 38.1354484558, 42.1453704834, 33.1534805298, 33.6490707397, 51.2359848022, 78.7583007812, 111.348709106]],
