{
"lowlevel": {
    "average_loudness": 0.931240439415,
    "barkbands_crest": {
        "dmean": 2.36363434792,
        "dmean2": 3.46232295036,
        "dvar": 6.72636651993,
        "dvar2": 12.9609832764,
        "max": 26.653137207,
        "mean": 12.3390989304,
        "median": 11.7266731262,
        "min": 1.78874182701,
        "var": 38.3200416565
    },
    "barkbands_flatness_db": {
        "dmean": 0.0277785751969,
        "dmean2": 0.0396562181413,
        "dvar": 0.00123389356304,
        "dvar2": 0.00250630243681,
        "max": 0.871246337891,
        "mean": 0.1578489393,
        "median": 0.124501399696,
        "min": 0.00983029045165,
        "var": 0.013514874503
    },
    "barkbands_kurtosis": {
        "dmean": 9.59058666229,
        "dmean2": 15.2315979004,
        "dvar": 8163.11328125,
        "dvar2": 22700.5761719,
        "max": 5265.45166016,
        "mean": 13.1216011047,
        "median": 1.39100313187,
        "min": -1.89914524555,
        "var": 8637.43847656
    },
    "barkbands_skewness": {
        "dmean": 0.7580088377,
        "dmean2": 1.067715168,
        "dvar": 1.67677557468,
        "dvar2": 3.63031196594,
        "max": 52.7377128601,
        "mean": 1.80713510513,
        "median": 1.26136767864,
        "min": -3.74839806557,
        "var": 6.74526786804
    },
    "barkbands_spread": {
        "dmean": 8.05146789551,
        "dmean2": 12.0867013931,
        "dvar": 110.625923157,
        "dvar2": 235.321548462,
        "max": 134.752441406,
        "mean": 34.2619552612,
        "median": 29.1788043976,
        "min": 0.0365867242217,
        "var": 691.688598633
    },
    "dissonance": {
        "dmean": 0.018224498257,
        "dmean2": 0.0306107010692,
        "dvar": 0.000937871925998,
        "dvar2": 0.00249204807915,
        "max": 0.499999940395,
        "mean": 0.461160004139,
        "median": 0.482650369406,
        "min": 0.0384378507733,
        "var": 0.00331201707013
    },
    "dynamic_complexity": 2.4753267765,
    "erbbands_crest": {
        "dmean": 2.16845536232,
        "dmean2": 3.46255397797,
        "dvar": 5.68063831329,
        "dvar2": 13.3309288025,
        "max": 33.162727356,
        "mean": 9.00086593628,
        "median": 6.60875797272,
        "min": 1.98046600819,
        "var": 36.3452796936
    },
    "erbbands_flatness_db": {
        "dmean": 0.0171425454319,
        "dmean2": 0.0252206251025,
        "dvar": 0.000444708013674,
        "dvar2": 0.000956832780503,
        "max": 0.651241898537,
        "mean": 0.144892916083,
        "median": 0.116211518645,
        "min": 0.020890371874,
        "var": 0.00793223269284
    },
    "erbbands_kurtosis": {
        "dmean": 1.45186972618,
        "dmean2": 2.17230916023,
        "dvar": 20.3669395447,
        "dvar2": 43.8734664917,
        "max": 236.326080322,
        "mean": 2.16553711891,
        "median": 0.148795127869,
        "min": -1.85462582111,
        "var": 98.2866363525
    },
    "erbbands_skewness": {
        "dmean": 0.348236531019,
        "dmean2": 0.52158677578,
        "dvar": 0.156134188175,
        "dvar2": 0.328089177608,
        "max": 12.8397512436,
        "mean": 0.135369330645,
        "median": -0.206134542823,
        "min": -3.38419008255,
        "var": 1.5289041996
    },
    "erbbands_spread": {
        "dmean": 9.15842723846,
        "dmean2": 13.5771894455,
        "dvar": 140.802429199,
        "dvar2": 263.364257812,
        "max": 176.563140869,
        "mean": 44.8092422485,
        "median": 41.0827026367,
        "min": 0.389747798443,
        "var": 758.146972656
    },
    "hfc": {
        "dmean": 13.7915906906,
        "dmean2": 21.6010570526,
        "dvar": 442.934051514,
        "dvar2": 1101.32714844,
        "max": 253.179595947,
        "mean": 44.3413505554,
        "median": 37.4143829346,
        "min": 1.16346222173e-16,
        "var": 1130.07800293
    },
    "melbands_crest": {
        "dmean": 3.10847306252,
        "dmean2": 4.68371152878,
        "dvar": 11.6322803497,
        "dvar2": 24.8085269928,
        "max": 39.9893188477,
        "mean": 19.5825862885,
        "median": 18.6113491058,
        "min": 1.64140808582,
        "var": 81.306427002
    },
    "melbands_flatness_db": {
        "dmean": 0.0330336801708,
        "dmean2": 0.0467366427183,
        "dvar": 0.00181412871461,
        "dvar2": 0.00348147843033,
        "max": 0.941256463528,
        "mean": 0.225856676698,
        "median": 0.200870007277,
        "min": 0.00404149480164,
        "var": 0.0218887683004
    },
    "melbands_kurtosis": {
        "dmean": 205.528625488,
        "dmean2": 348.087310791,
        "dvar": 24422456,
        "dvar2": 62538876,
        "max": 392679.25,
        "mean": 278.577056885,
        "median": 9.42803573608,
        "min": -1.78488457203,
        "var": 33402386
    },
    "melbands_skewness": {
        "dmean": 1.43318045139,
        "dmean2": 2.0397901535,
        "dvar": 35.2579460144,
        "dvar2": 82.0377731323,
        "max": 428.324768066,
        "mean": 4.52562522888,
        "median": 2.61381745338,
        "min": -2.38319277763,
        "var": 146.642471313
    },
    "melbands_spread": {
        "dmean": 10.1505651474,
        "dmean2": 15.161819458,
        "dvar": 240.034317017,
        "dvar2": 480.016815186,
        "max": 221.724533081,
        "mean": 34.7358589172,
        "median": 20.8315105438,
        "min": 0.000700710166711,
        "var": 1248.86743164
    },
    "pitch_salience": {
        "dmean": 0.0710204392672,
        "dmean2": 0.10530821234,
        "dvar": 0.00701423268765,
        "dvar2": 0.0139003302902,
        "max": 0.970731139183,
        "mean": 0.44038105011,
        "median": 0.455444157124,
        "min": 0.00152183603495,
        "var": 0.0334872677922
    },
    "silence_rate_20dB": {
        "dmean": 0,
        "dmean2": 0,
        "dvar": 0,
        "dvar2": 0,
        "max": 1,
        "mean": 1,
        "median": 1,
        "min": 1,
        "var": 0
    },
    "silence_rate_30dB": {
        "dmean": 0.0392795540392,
        "dmean2": 0.0785666406155,
        "dvar": 0.0377387627959,
        "dvar2": 0.0854207053781,
        "max": 1,
        "mean": 0.935147047043,
        "median": 1,
        "min": 0,
        "var": 0.0606507249177
    },
    "silence_rate_60dB": {
        "dmean": 0.00153286068235,
        "dmean2": 0.00306601519696,
        "dvar": 0.00153045065235,
        "dvar2": 0.00324827665463,
        "max": 1,
        "mean": 0.0257687512785,
        "median": 0,
        "min": 0,
        "var": 0.0251045748591
    },
    "spectral_centroid": {
        "dmean": 264.817718506,
        "dmean2": 388.811737061,
        "dvar": 117122.695312,
        "dvar2": 229025.671875,
        "max": 11348.7001953,
        "mean": 2042.6105957,
        "median": 2360.70922852,
        "min": 38.034362793,
        "var": 1350615.5
    },
    "spectral_complexity": {
        "dmean": 4.81184148788,
        "dmean2": 7.59126186371,
        "dvar": 34.401348114,
        "dvar2": 80.8308639526,
        "max": 57,
        "mean": 21.0763492584,
        "median": 20,
        "min": 0,
        "var": 132.992874146
    },
    "spectral_decrease": {
        "dmean": 3.04228642278e-09,
        "dmean2": 4.40884262431e-09,
        "dvar": 1.63841434095e-17,
        "dvar2": 3.1736269817e-17,
        "max": 6.18127918087e-17,
        "mean": -1.13541442914e-08,
        "median": -9.37949096169e-09,
        "min": -6.02088121582e-08,
        "var": 7.48357049971e-17
    },
    "spectral_energy": {
        "dmean": 0.0118956957012,
        "dmean2": 0.0174103267491,
        "dvar": 0.000228843695368,
        "dvar2": 0.000451155530754,
        "max": 0.229384720325,
        "mean": 0.0468749664724,
        "median": 0.0393524989486,
        "min": 1.05421608364e-20,
        "var": 0.00102509744465
    },
    "spectral_energyband_high": {
        "dmean": 0.00131667067762,
        "dmean2": 0.00205103773624,
        "dvar": 4.13159705204e-06,
        "dvar2": 9.95311074803e-06,
        "max": 0.0275151468813,
        "mean": 0.00366831570864,
        "median": 0.00288865459152,
        "min": 7.61792389027e-21,
        "var": 1.33300645757e-05
    },
    "spectral_energyband_low": {
        "dmean": 0.00997861847281,
        "dmean2": 0.0144302519038,
        "dvar": 0.000297615595628,
        "dvar2": 0.000582965381909,
        "max": 0.228598073125,
        "mean": 0.0281904507428,
        "median": 0.0159462913871,
        "min": 7.83019043119e-23,
        "var": 0.00117070623673
    },
    "spectral_energyband_middle_high": {
        "dmean": 0.00183379568625,
        "dmean2": 0.00294188200496,
        "dvar": 8.54023528518e-06,
        "dvar2": 2.17968317884e-05,
        "max": 0.0483642667532,
        "mean": 0.00486596859992,
        "median": 0.00371257471852,
        "min": 1.50585090218e-21,
        "var": 2.48004453169e-05
    },
    "spectral_energyband_middle_low": {
        "dmean": 0.00421432359144,
        "dmean2": 0.00669261114672,
        "dvar": 6.18238482275e-05,
        "dvar2": 0.00015540602908,
        "max": 0.111266963184,
        "mean": 0.0112725459039,
        "median": 0.00381421204656,
        "min": 2.89737932466e-22,
        "var": 0.000246327166678
    },
    "spectral_entropy": {
        "dmean": 0.164770081639,
        "dmean2": 0.24706324935,
        "dvar": 0.0519985482097,
        "dvar2": 0.121621049941,
        "max": 9.79168891907,
        "mean": 7.67034912109,
        "median": 8.12351322174,
        "min": 3.13718032837,
        "var": 1.00380992889
    },
    "spectral_flux": {
        "dmean": 0.0268607959151,
        "dmean2": 0.0413811765611,
        "dvar": 0.00125906686299,
        "dvar2": 0.00240130024031,
        "max": 0.496998339891,
        "mean": 0.0934496894479,
        "median": 0.0812372267246,
        "min": 1.02675028202e-10,
        "var": 0.00313971471041
    },
    "spectral_kurtosis": {
        "dmean": 6.86932897568,
        "dmean2": 11.6287784576,
        "dvar": 3111.76708984,
        "dvar2": 8919.79882812,
        "max": 2313.25439453,
        "mean": 13.6236562729,
        "median": 1.90526342392,
        "min": -1.19664144516,
        "var": 5474.73486328
    },
    "spectral_rms": {
        "dmean": 0.000844365975354,
        "dmean2": 0.00123993039597,
        "dvar": 8.65872323175e-07,
        "dvar2": 1.69617067058e-06,
        "max": 0.01495961193,
        "mean": 0.006363353692,
        "median": 0.00619618268684,
        "min": 3.20702904337e-12,
        "var": 5.23963808519e-06
    },
    "spectral_rolloff": {
        "dmean": 841.752319336,
        "dmean2": 1312.51074219,
        "dvar": 2003148.625,
        "dvar2": 3959593.75,
        "max": 18776.953125,
        "mean": 2891.27612305,
        "median": 1055.12695312,
        "min": 21.533203125,
        "var": 10645038
    },
    "spectral_skewness": {
        "dmean": 0.306133568287,
        "dmean2": 0.488727390766,
        "dvar": 0.88058924675,
        "dvar2": 2.388484478,
        "max": 35.9600944519,
        "mean": 1.8548412323,
        "median": 1.18580698967,
        "min": -0.0152343586087,
        "var": 6.60166501999
    },
    "spectral_spread": {
        "dmean": 585410.25,
        "dmean2": 894398.625,
        "dvar": 611658366976,
        "dvar2": 1.1631451177e+12,
        "max": 40160936,
        "mean": 5956935.5,
        "median": 6590957.5,
        "min": 37461.3828125,
        "var": 4.7929926615e+12
    },
    "spectral_strongpeak": {
        "dmean": 0.509986460209,
        "dmean2": 0.852673590183,
        "dvar": 1.44841837883,
        "dvar2": 3.70182561874,
        "max": 24.4466285706,
        "mean": 1.03949809074,
        "median": 0.479369848967,
        "min": 0,
        "var": 2.2848610878
    },
    "zerocrossingrate": {
        "dmean": 0.016298994422,
        "dmean2": 0.0180276688188,
        "dvar": 0.000428614555858,
        "dvar2": 0.000434403598774,
        "max": 0.8125,
        "mean": 0.0974591448903,
        "median": 0.07177734375,
        "min": 0.00048828125,
        "var": 0.00625139893964
    },
    "barkbands": {
        "dmean": [0.00113399571273, 0.00828931853175, 0.00318279513158, 0.00155408075079, 0.00120356748812, 0.00117289728951, 0.000642370374408, 0.00058841163991, 0.000339656980941, 0.000389793363865, 0.000336447061272, 0.000254470738582, 0.000237168831518, 0.000292071315926, 0.000305930356262, 0.000285919377347, 0.000300860789139, 0.000243260888965, 0.00032973830821, 0.00028957054019, 0.000297746999422, 0.000299840001389, 0.000248339958489, 0.000253699778114, 0.000254789862083, 0.000197457295144, 6.0699730966e-05],
        "dmean2": [0.00174844730645, 0.0117909340188, 0.0053201271221, 0.00275487964973, 0.00194154004566, 0.00172612105962, 0.000970940396655, 0.000845880538691, 0.000532249745447, 0.000596711761318, 0.00050035933964, 0.000399822223699, 0.000381825084332, 0.00047211672063, 0.000507022661623, 0.000474698783364, 0.000497828063089, 0.000407050305512, 0.000547777803149, 0.000481466180645, 0.000483643671032, 0.000487901997985, 0.000399983924581, 0.000403153913794, 0.000411205954151, 0.000310140254442, 9.93466819637e-05],
        "dvar": [5.28993859916e-06, 0.000243401678745, 0.00011013718904, 2.7428892281e-05, 9.98590621748e-06, 8.62449815031e-06, 5.01015665577e-06, 4.57977603219e-06, 1.12721818368e-06, 5.51555046968e-07, 1.12905070182e-06, 5.13925897394e-07, 3.08813582706e-07, 4.87167028496e-07, 4.69818814963e-07, 7.71599331983e-07, 2.6400959996e-07, 1.85200718761e-07, 6.22499669589e-07, 2.56794635334e-07, 2.4729888537e-07, 2.29186497336e-07, 1.40104745583e-07, 1.62634592016e-07, 1.9341914026e-07, 1.14624036485e-07, 2.64339039546e-08],
        "dvar2": [1.16628661999e-05, 0.00049456715351, 0.000289916264592, 7.82355564297e-05, 2.38945358433e-05, 1.70986077137e-05, 8.5059691628e-06, 6.54133555145e-06, 2.22894868784e-06, 1.17265051358e-06, 2.03193144444e-06, 8.8193502279e-07, 6.92065270869e-07, 1.13843668714e-06, 1.16321973564e-06, 1.97430290427e-06, 6.6159304879e-07, 5.00022395045e-07, 1.65168739841e-06, 6.81585504481e-07, 6.29163025678e-07, 5.69339931644e-07, 3.55722761469e-07, 4.00080665486e-07, 4.81989559376e-07, 2.76182078096e-07, 6.10355215258e-08],
        "max": [0.0823035538197, 0.199861288071, 0.144888088107, 0.0659363716841, 0.0875142812729, 0.081469796598, 0.104493938386, 0.0953860655427, 0.0473635755479, 0.0182411614805, 0.0417778268456, 0.0455953143537, 0.0195679143071, 0.020498258993, 0.0151936709881, 0.0366749241948, 0.0099017387256, 0.00771352369338, 0.0283336564898, 0.0151225626469, 0.0148217920214, 0.0152314277366, 0.00560250598937, 0.00760677177459, 0.00637398706749, 0.00419920962304, 0.00443135946989],
        "mean": [0.00258758966811, 0.0209996905178, 0.00370630598627, 0.0020175348036, 0.00214393506758, 0.00325040519238, 0.00155571545474, 0.00121860357467, 0.000625739165116, 0.000674036273267, 0.000686101033352, 0.000448968145065, 0.000394190486986, 0.000391471694456, 0.000429196516052, 0.000440075760707, 0.000480285787489, 0.000389795080991, 0.000524016504642, 0.000523426337168, 0.000597668811679, 0.000623739091679, 0.00056090723956, 0.000576370803174, 0.000537193205673, 0.000424902711529, 6.7263848905e-05],
        "median": [0.000826997100376, 0.00979375652969, 0.000846778042614, 0.000241005240241, 0.000609575770795, 0.000445528712589, 0.000222906761337, 0.000206698023248, 0.000167294841958, 0.00026666559279, 0.00013126891281, 0.000163864286151, 0.000105514700408, 0.000157648333698, 0.000186821853276, 0.000177924492164, 0.000259653897956, 0.000226373478654, 0.000311012234306, 0.00034197428613, 0.000431350752478, 0.000450529711088, 0.000384709768696, 0.00037103422801, 0.000324773835018, 0.000235210522078, 5.7092206589e-06],
        "min": [5.2144092377e-24, 5.61261091875e-23, 1.55402569103e-23, 7.85903702346e-24, 2.37882615246e-23, 3.57692537611e-23, 6.6859123472e-23, 5.62529580211e-23, 8.76222959071e-23, 5.98779253418e-23, 6.80898032821e-23, 1.17643041366e-22, 5.69795746454e-23, 1.26934888818e-22, 2.0316650657e-22, 1.53841684739e-22, 2.11220410381e-22, 2.31474862196e-22, 1.56399765018e-22, 2.43499147119e-22, 4.08832755577e-22, 6.47274029494e-22, 7.75815039115e-22, 7.41447663757e-22, 1.25313076625e-21, 1.5235720755e-21, 2.30021803127e-21],
        "var": [2.08976452996e-05, 0.000879506231286, 8.95716802916e-05, 2.72471388598e-05, 2.60077431449e-05, 6.08486225246e-05, 3.18312704621e-05, 2.25571984629e-05, 5.54932967134e-06, 1.56353655711e-06, 5.97897133048e-06, 2.17017941395e-06, 1.0476812804e-06, 6.68680343097e-07, 7.07227059138e-07, 1.17405693345e-06, 4.6690465183e-07, 2.99372914014e-07, 7.93547599187e-07, 4.47618617727e-07, 4.63883850443e-07, 5.15517626809e-07, 3.92777366187e-07, 4.68308314794e-07, 4.50351507197e-07, 2.75915908787e-07, 3.78026179249e-08]
    },
    "erbbands": {
        "dmean": [0.329949975014, 1.71306777, 3.51556015015, 4.66820430756, 3.66774988174, 4.09664678574, 6.31259298325, 10.9115343094, 10.5382385254, 11.6301860809, 9.21711730957, 8.69339942932, 13.7923583984, 9.05386161804, 13.3483304977, 11.8110742569, 10.746096611, 15.2209596634, 14.6783046722, 14.2733955383, 16.4320545197, 13.1908092499, 12.3646497726, 17.7186698914, 14.6199159622, 13.3284721375, 11.8751096725, 12.0048751831, 10.4594402313, 10.0077638626, 6.99518156052, 5.59081506729, 4.16203308105, 2.99707126617, 1.87662112713, 0.959310233593, 0.355398744345, 0.104625083506, 0.00913691986352, 0.00013637408847],
        "dmean2": [0.44656303525, 2.44088840485, 5.4235033989, 8.13275623322, 6.03269958496, 6.65835857391, 9.97155094147, 16.1357440948, 15.3891382217, 16.487197876, 14.1785268784, 13.329659462, 20.8869056702, 13.8494987488, 20.3248939514, 18.3010597229, 17.267534256, 24.1801261902, 24.4846858978, 24.0096797943, 26.9492797852, 22.0164604187, 20.5950984955, 29.5933570862, 24.43516922, 22.106098175, 19.5102901459, 19.6585845947, 17.0927181244, 16.352481842, 11.2312650681, 8.88457584381, 6.68038797379, 4.85387945175, 3.03458380699, 1.53336906433, 0.559513628483, 0.165926933289, 0.0148930707946, 0.000217136417632],
        "dvar": [0.338614523411, 13.8434848785, 100.727088928, 274.805328369, 90.6076507568, 143.716705322, 381.628631592, 943.878417969, 902.262512207, 1969.32348633, 532.70703125, 817.692016602, 762.957824707, 824.445983887, 1952.4276123, 1270.18981934, 584.370605469, 1219.0814209, 1353.98779297, 948.387817383, 2193.3137207, 484.224182129, 459.13168335, 2222.10375977, 954.37097168, 592.327453613, 325.827667236, 465.900115967, 251.758605957, 276.02444458, 111.387397766, 77.5114822388, 45.1261749268, 24.4690570831, 12.3211421967, 2.90636706352, 0.361623108387, 0.0460202507675, 0.000748962920625, 1.16821674112e-07],
        "dvar2": [0.601476252079, 27.2531528473, 242.141281128, 769.491027832, 236.059951782, 349.51373291, 882.754882812, 1844.68798828, 1633.68261719, 2769.35229492, 1082.59020996, 1531.16638184, 1569.41125488, 1391.58728027, 3773.82739258, 2073.91845703, 1316.23583984, 2725.0300293, 3489.98413086, 2352.35400391, 5487.83251953, 1263.14489746, 1232.22155762, 5841.59375, 2530.53125, 1545.51635742, 856.970275879, 1201.86401367, 653.461791992, 696.096618652, 281.00567627, 194.350250244, 111.194946289, 62.5322532654, 31.284696579, 6.99165534973, 0.877356946468, 0.109599523246, 0.00171125668567, 2.66387900183e-07],
        "max": [10.0447769165, 49.3810920715, 118.518577576, 265.476226807, 268.969665527, 365.509399414, 649.049438477, 1011.38720703, 850.266784668, 1700.12670898, 736.434204102, 1349.82275391, 602.746643066, 1552.20275879, 1726.42333984, 2329.49169922, 822.051696777, 1154.23010254, 788.921325684, 1314.5057373, 2028.35437012, 355.294555664, 431.296905518, 1790.84082031, 701.532836914, 795.557006836, 333.207458496, 813.924255371, 355.590270996, 520.391235352, 152.126922607, 174.279830933, 123.663345337, 72.3953399658, 53.8482551575, 26.7315750122, 8.08159637451, 4.30249166489, 0.890808641911, 0.0103386519477],
        "mean": [0.895243704319, 3.4698767662, 4.90395021439, 5.73808717728, 6.25743913651, 6.89700889587, 12.3570833206, 30.9370746613, 27.9841499329, 27.4931144714, 18.0581645966, 17.6475925446, 24.5049324036, 17.8584022522, 26.338224411, 22.2551212311, 18.8651390076, 23.17278862, 20.7497406006, 21.861240387, 27.4685401917, 22.3866672516, 21.3389015198, 27.1645812988, 24.5767402649, 24.6702632904, 23.2818508148, 23.8434352875, 21.5535049438, 20.6985740662, 15.7875995636, 12.1845092773, 9.20985603333, 6.19778203964, 3.71649885178, 1.90747582912, 0.751578390598, 0.175789609551, 0.0109344879165, 0.000246242794674],
        "median": [0.364700317383, 1.45221602917, 1.58505284786, 1.04638409615, 1.32944309711, 1.94727218151, 2.53091192245, 3.59219026566, 4.13352966309, 3.42310738564, 4.81238174438, 4.98976373672, 8.74614334106, 5.80936861038, 6.33888053894, 8.60564231873, 6.50240087509, 10.2024002075, 9.3690032959, 11.6629314423, 13.5959920883, 13.5573635101, 13.0969161987, 15.9716405869, 14.6460208893, 16.7476787567, 17.1583919525, 16.8399124146, 15.657289505, 14.1618976593, 11.0004072189, 7.93869018555, 5.79285907745, 3.86174058914, 2.12414669991, 1.04692542553, 0.411308586597, 0.079104244709, 0.00212503550574, 0.000139101874083],
        "min": [1.35254622346e-21, 1.3143733528e-20, 2.00290250038e-20, 2.41544655242e-20, 7.77243266609e-20, 4.54748584047e-20, 1.96675994211e-19, 2.9633476611e-19, 9.23897154712e-19, 1.45478187864e-18, 1.01450093554e-18, 1.98816954771e-18, 1.18636621597e-18, 2.15751782093e-18, 3.68005582131e-18, 4.81216126384e-18, 2.61973352592e-18, 5.50585022836e-18, 1.08422922129e-17, 8.7055093284e-18, 9.15040842086e-18, 1.18307283772e-17, 1.0439397352e-17, 1.2050226543e-17, 9.49907497522e-18, 1.08842964444e-17, 1.52323721615e-17, 2.13820034121e-17, 2.36439503038e-17, 2.11952376103e-17, 2.15146103905e-17, 1.44306736749e-17, 1.33801460251e-17, 1.62492716106e-17, 7.91879108269e-18, 4.92111542617e-18, 2.9994046708e-18, 1.18792131552e-18, 3.90714212846e-19, 3.15533020667e-20],
        "var": [1.78404045105, 33.2011756897, 110.226287842, 218.529647827, 217.896270752, 337.293548584, 1247.63818359, 7055.82373047, 5499.49853516, 11239.1787109, 2516.56738281, 4425.27050781, 2272.97509766, 3895.12915039, 8802.265625, 5577.38867188, 1956.2401123, 1991.41723633, 1770.67089844, 1382.52197266, 3416.7265625, 812.182312012, 821.403076172, 2474.19042969, 1548.41040039, 1041.76794434, 619.401306152, 810.296569824, 555.963378906, 606.887268066, 309.510803223, 205.082550049, 123.93812561, 57.154838562, 23.9609375, 6.06148719788, 0.889239549637, 0.0800993740559, 0.00106770929415, 1.77504077215e-07]
    },
    "gfcc": {
        "mean": [16.6225357056, 46.7279167175, -87.8843765259, 38.1025848389, -49.432888031, 20.9423427582, -27.9602603912, 14.9739017487, -17.2757873535, 12.7641267776, -13.753329277, 9.47037220001, -8.43455028534],
        "cov": [[17947.0097656, -4780.7578125, -2533.86157227, 1066.28991699, -192.548141479, 1366.82592773, -205.705612183, 972.875366211, -216.020553589, 537.803833008, -504.264984131, 65.750289917, -684.688110352], [-4780.7578125, 5790.85742188, 1021.83416748, -526.47265625, 168.416946411, -876.431762695, 248.074584961, -798.448974609, 149.394241333, -501.127471924, 296.062255859, -226.145141602, 371.463623047], [-2533.86157227, 1021.83416748, 1449.27844238, 134.213241577, 166.548141479, -120.374809265, 46.22057724, -160.001556396, 4.97331285477, -34.9041023254, 62.7383880615, 46.1305999756, 115.164749146], [1066.28991699, -526.47265625, 134.213241577, 645.60559082, 169.935531616, 300.477020264, 50.0127792358, 175.323043823, 58.159488678, 106.713043213, -22.604467392, 36.2306251526, -27.0800113678], [-192.548141479, 168.416946411, 166.548141479, 169.935531616, 421.292388916, 129.213516235, 153.228302002, 54.618396759, 70.8222961426, -14.3847780228, 8.86028575897, 4.14062547684, 17.3400630951], [1366.82592773, -876.431762695, -120.374809265, 300.477020264, 129.213516235, 442.886047363, 94.9130706787, 241.667633057, 10.6807823181, 103.190315247, -56.787147522, 39.1097564697, -59.0644569397], [-205.705612183, 248.074584961, 46.22057724, 50.0127792358, 153.228302002, 94.9130706787, 258.324737549, 71.0803527832, 46.2833824158, -26.1832637787, 41.635887146, 1.88871359825, 21.1541461945], [972.875366211, -798.448974609, -160.001556396, 175.323043823, 54.618396759, 241.667633057, 71.0803527832, 295.623443604, 62.619556427, 130.26512146, -26.9609394073, 28.5922985077, -66.87084198], [-216.020553589, 149.394241333, 4.97331285477, 58.159488678, 70.8222961426, 10.6807823181, 46.2833824158, 62.619556427, 171.407363892, 76.8115386963, 41.4418449402, -15.4308366776, 13.2928600311], [537.803833008, -501.127471924, -34.9041023254, 106.713043213, -14.3847780228, 103.190315247, -26.1832637787, 130.26512146, 76.8115386963, 213.606719971, 51.2343139648, 42.0941848755, -48.0512237549], [-504.264984131, 296.062255859, 62.7383880615, -22.604467392, 8.86028575897, -56.787147522, 41.635887146, -26.9609394073, 41.4418449402, 51.2343139648, 151.9009552, 42.9414558411, 42.1969413757], [65.750289917, -226.145141602, 46.1305999756, 36.2306251526, 4.14062547684, 39.1097564697, 1.88871359825, 28.5922985077, -15.4308366776, 42.0941848755, 42.9414558411, 116.60749054, 42.1045951843], [-684.688110352, 371.463623047, 115.164749146, -27.0800113678, 17.3400630951, -59.0644569397, 21.1541461945, -66.87084198, 13.2928600311, -48.0512237549, 42.1969413757, 42.1045951843, 133.361129761]],
        "icov": [[0.000137208873639, -7.6037060353e-05, 0.000234528139117, -0.00017371676222, 3.39035177603e-05, -0.000186580917216, 7.22232944099e-05, -7.20559692127e-05, 0.000272935867542, -0.000290130003123, 0.000383339531254, -0.000328520371113, 0.000394488743041], [-7.6037060353e-05, 0.00067021464929, -0.00035770284012, 0.000117165734991, -3.35081349476e-05, 0.000433873821748, -0.000574470090214, 0.000948846514802, -0.000872927019373, 0.000927153392695, -0.00113281677477, 0.00133727956563, -0.000803786912002], [0.000234528139117, -0.00035770284012, 0.0013827419607, -0.000681500998326, -0.000293579942081, 1.3569825569e-05, 9.07531830308e-06, 0.000129541673232, 0.00102763588075, -0.00131951319054, 0.00123599311337, -0.00116539746523, 0.000374665600248], [-0.00017371676222, 0.000117165734991, -0.000681500998326, 0.00287194247358, -0.000547269242816, -0.00147203251254, 0.000563279667404, -0.00016029489052, -0.000951394380536, 0.000286016525934, -0.000606361893006, 0.000436803005869, -0.000545226037502], [3.39035177603e-05, -3.35081349476e-05, -0.000293579942081, -0.000547269242816, 0.00382921891287, -0.00103569997009, -0.00147441565059, 0.000550868513528, -0.00174708885606, 0.00118656095583, 0.000177577865543, -0.000684368656948, 0.000724850106053], [-0.000186580917216, 0.000433873821748, 1.3569825569e-05, -0.00147203251254, -0.00103569997009, 0.00696053635329, -0.00220126053318, -0.00222188280895, 0.00171711144503, -0.00145279290155, 0.00146081170533, 0.000363031838788, -0.00129601755179], [7.22232944099e-05, -0.000574470090214, 9.07531830308e-06, 0.000563279667404, -0.00147441565059, -0.00220126053318, 0.00789663288742, -0.00344332773238, -0.000519331835676, 0.00334798288532, -0.00319204316474, -0.000156631940627, 0.000632617331576], [-7.20559692127e-05, 0.000948846514802, 0.000129541673232, -0.00016029489052, 0.000550868513528, -0.00222188280895, -0.00344332773238, 0.0111196553335, -0.00361652555875, -0.00221898965538, 0.00149014231283, -0.000736544432584, 0.00123093579896], [0.000272935867542, -0.000872927019373, 0.00102763588075, -0.000951394380536, -0.00174708885606, 0.00171711144503, -0.000519331835676, -0.00361652555875, 0.0128564853221, -0.00725266989321, 0.00116185471416, 0.00353145739064, -0.00336852460168], [-0.000290130003123, 0.000927153392695, -0.00131951319054, 0.000286016525934, 0.00118656095583, -0.00145279290155, 0.00334798288532, -0.00221898965538, -0.00725266989321, 0.0155893648043, -0.00802625901997, -0.00179294857662, 0.00412963842973], [0.000383339531254, -0.00113281677477, 0.00123599311337, -0.000606361893006, 0.000177577865543, 0.00146081170533, -0.00319204316474, 0.00149014231283, 0.00116185471416, -0.00802625901997, 0.0152726713568, -0.00605394225568, -0.000118454248877], [-0.000328520371113, 0.00133727956563, -0.00116539746523, 0.000436803005869, -0.000684368656948, 0.000363031838788, -0.000156631940627, -0.000736544432584, 0.00353145739064, -0.00179294857662, -0.00605394225568, 0.0184773467481, -0.00932725984603], [0.000394488743041, -0.000803786912002, 0.000374665600248, -0.000545226037502, 0.000724850106053, -0.00129601755179, 0.000632617331576, 0.00123093579896, -0.00336852460168, 0.00412963842973, -0.000118454248877, -0.00932725984603, 0.0159829966724]]
    },
    "melbands": {
        "dmean": [0.00252563343383, 0.00178704282735, 0.000760219991207, 0.000246161187533, 0.000219870853471, 0.000243153263, 0.000159721734235, 0.000133376801386, 6.84228070895e-05, 5.71406635572e-05, 6.79469594616e-05, 3.54144685843e-05, 4.13858251704e-05, 3.5046490666e-05, 2.1647545509e-05, 2.60470405919e-05, 3.18890888593e-05, 2.29651723203e-05, 2.08700876101e-05, 2.27003911277e-05, 2.11680635402e-05, 1.61023090186e-05, 1.22107267089e-05, 1.24833559312e-05, 1.56316928042e-05, 1.21958228192e-05, 1.02370859167e-05, 9.55248742684e-06, 7.74194177211e-06, 8.06758544059e-06, 7.96054519014e-06, 6.73050044497e-06, 5.95517303736e-06, 5.78328354095e-06, 4.60360433863e-06, 4.05552509619e-06, 3.50293453266e-06, 3.30163857143e-06, 2.9289556096e-06, 2.63318270299e-06],
        "dmean2": [0.00348764099181, 0.00259490055032, 0.0012992543634, 0.000401105586207, 0.000350780901499, 0.000356441509211, 0.000231723766774, 0.000187857891433, 0.000106793944724, 8.72072196216e-05, 0.000102989753941, 5.46996670892e-05, 6.30627473583e-05, 5.42102570762e-05, 3.41191625921e-05, 4.18200070271e-05, 5.04870076838e-05, 3.84834202123e-05, 3.47832246916e-05, 3.795648081e-05, 3.48088433384e-05, 2.68676922133e-05, 2.02895826078e-05, 2.08917626878e-05, 2.6147627068e-05, 2.04017396754e-05, 1.71242063516e-05, 1.59627452376e-05, 1.28328747451e-05, 1.32804225359e-05, 1.31476144816e-05, 1.11470526463e-05, 9.72429006652e-06, 9.54528240982e-06, 7.50670642446e-06, 6.58678027321e-06, 5.61145270694e-06, 5.33267166247e-06, 4.76693139717e-06, 4.29504189015e-06],
        "dvar": [1.95646571228e-05, 1.83572119568e-05, 6.39050813334e-06, 3.42351484051e-07, 4.75486245932e-07, 4.34003993632e-07, 2.22311555831e-07, 2.65930765408e-07, 2.69622759674e-08, 3.82220441963e-08, 1.85102724259e-08, 1.24655894496e-08, 1.55701282978e-08, 8.81262440799e-09, 2.43612374717e-09, 4.71730476903e-09, 6.15929662828e-09, 3.37500538627e-09, 2.22323359722e-09, 3.51500539786e-09, 3.49628792584e-09, 7.59069973544e-10, 4.61091276271e-10, 6.23391116505e-10, 2.01615102391e-09, 9.96251192653e-10, 3.97750526959e-10, 3.02253250206e-10, 1.49759274426e-10, 1.63242544482e-10, 2.84764156699e-10, 1.1519094012e-10, 9.57727439022e-11, 8.86815690326e-11, 5.12464549962e-11, 3.9521396572e-11, 3.25458826556e-11, 3.0525589001e-11, 2.9747208169e-11, 1.84554767302e-11],
        "dvar2": [3.78192562493e-05, 3.79252487619e-05, 1.7595346435e-05, 8.57972850099e-07, 1.11815484161e-06, 8.42088525133e-07, 3.90049137877e-07, 3.61188938314e-07, 5.87374984207e-08, 7.16510584198e-08, 3.81152496232e-08, 2.18366533744e-08, 3.0162414788e-08, 1.5802877229e-08, 4.6229868822e-09, 1.01980965894e-08, 1.36056224065e-08, 8.87393092341e-09, 5.45699929688e-09, 9.21440079793e-09, 8.89823503769e-09, 1.94263138908e-09, 1.22127608027e-09, 1.70525982224e-09, 5.28944843481e-09, 2.59545496206e-09, 1.03112296479e-09, 7.93567711543e-10, 4.03333977328e-10, 4.19919210515e-10, 7.38239303022e-10, 3.00941188636e-10, 2.36583058699e-10, 2.30460941997e-10, 1.31705563122e-10, 1.01192047797e-10, 8.26102103391e-11, 7.46228287496e-11, 7.87361773003e-11, 4.71192876383e-11],
        "max": [0.0650286898017, 0.061362285167, 0.0392212346196, 0.0149336550385, 0.0239566396922, 0.0196746401489, 0.0168205667287, 0.0216431114823, 0.00558717129752, 0.00922188255936, 0.00297932303511, 0.0057052639313, 0.00460185389966, 0.00504138879478, 0.00260913767852, 0.00271055847406, 0.00264356378466, 0.00116441585124, 0.00160596973728, 0.00233003217727, 0.00266402424313, 0.00051981426077, 0.000577999686357, 0.000503881659824, 0.00173946039286, 0.000822355097625, 0.000608471396845, 0.000420964759542, 0.000327155692503, 0.000297544058412, 0.000742083007935, 0.000303403649013, 0.000290378113277, 0.000208797573578, 0.0001102318638, 0.000116873867228, 0.000167164820596, 0.000137297232868, 0.000127050298033, 9.28088629735e-05],
        "mean": [0.00672601396218, 0.00329844770022, 0.00104878656566, 0.000429018691648, 0.000428909290349, 0.000690625340212, 0.000417708855821, 0.000303860986605, 0.000125131904497, 0.000113353220513, 0.000117710857012, 6.47403867333e-05, 8.04123774287e-05, 6.68531065458e-05, 3.71706373699e-05, 4.46209123766e-05, 4.39814975834e-05, 3.04780314764e-05, 2.97558162856e-05, 3.29141803377e-05, 3.34274955094e-05, 2.52461904893e-05, 1.89365855476e-05, 1.96210403374e-05, 2.20626698137e-05, 1.84144755622e-05, 1.62900760188e-05, 1.65781439136e-05, 1.40348256537e-05, 1.44284203998e-05, 1.40277406899e-05, 1.23852105389e-05, 1.15688580991e-05, 1.11027366074e-05, 9.36814740271e-06, 8.09548146208e-06, 7.08480501999e-06, 6.700884569e-06, 5.67844699617e-06, 5.06960213897e-06],
        "median": [0.0030106625054, 0.00147570820991, 0.000208013036172, 0.000123742676806, 9.19345693546e-05, 8.30093486002e-05, 6.00955936534e-05, 3.75411982532e-05, 3.49994661519e-05, 3.03513152176e-05, 4.11267028539e-05, 1.91494327737e-05, 1.75679015229e-05, 2.2719745175e-05, 1.60756699188e-05, 1.16855462693e-05, 1.71989086084e-05, 1.26168151837e-05, 1.32142949951e-05, 1.40827050927e-05, 1.51877875396e-05, 1.38717314258e-05, 1.03457850855e-05, 1.09112143036e-05, 1.1520120097e-05, 9.35766456678e-06, 9.30004898692e-06, 1.04260088847e-05, 9.72174348135e-06, 9.72851103143e-06, 8.97722929949e-06, 8.5315296019e-06, 7.89857313066e-06, 7.27281303625e-06, 6.1977571022e-06, 5.25861833012e-06, 4.38618963017e-06, 4.00566113967e-06, 3.4743075048e-06, 3.00002170661e-06],
        "min": [1.45481696586e-23, 1.39157398709e-23, 5.97404639625e-24, 4.55100640426e-24, 5.64014642419e-24, 6.89994703464e-24, 1.3727358309e-23, 1.57180409148e-23, 1.03146221819e-23, 1.17116475134e-23, 6.17188916141e-24, 8.81356266308e-24, 9.39931476217e-24, 1.3065388047e-23, 9.3941485121e-24, 6.86727083822e-24, 9.48694695355e-24, 1.71705910099e-23, 1.48279454896e-23, 1.19225865529e-23, 9.73264399337e-24, 1.48466509594e-23, 6.73986349114e-24, 1.18993893091e-23, 9.78184840347e-24, 4.64404623714e-24, 8.88187407317e-24, 6.86890220257e-24, 8.58785614746e-24, 8.42103652069e-24, 1.51338515491e-23, 1.49673103902e-23, 9.10503335692e-24, 1.31433953465e-23, 1.27241615293e-23, 8.71302707387e-24, 9.64081190653e-24, 7.90182562782e-24, 1.27739907172e-23, 1.38077306135e-23],
        "var": [9.06256536837e-05, 3.24848697346e-05, 6.0791312535e-06, 7.98203871e-07, 1.48654885379e-06, 3.18468960359e-06, 1.41970576806e-06, 1.44065711538e-06, 1.13761544185e-07, 2.05263262387e-07, 5.35025819204e-08, 5.48413119361e-08, 7.34551335313e-08, 4.05024884742e-08, 8.48353831628e-09, 1.79510930565e-08, 9.30623755835e-09, 4.03681443828e-09, 3.5856537739e-09, 4.98753216505e-09, 5.24292964599e-09, 1.22847310102e-09, 7.27502447173e-10, 1.01335950742e-09, 2.16911888451e-09, 1.47770962133e-09, 6.24966634e-10, 5.1900261866e-10, 2.48544018699e-10, 2.95543117756e-10, 3.97269883656e-10, 2.09984737931e-10, 1.99066249595e-10, 1.78898812431e-10, 1.19926638065e-10, 9.60235918557e-11, 7.5385392373e-11, 7.60402921185e-11, 5.386058613e-11, 4.03968247742e-11]
    },
    "mfcc": {
        "mean": [-630.740234375, 81.618019104, 18.3588237762, 26.691947937, 8.45036315918, 12.6467990875, 3.9214155674, 6.87139797211, 6.9412779808, 4.44855594635, 3.86823272705, 4.22399759293, 4.50372457504],
        "cov": [[10075.8095703, -2876.55566406, -983.364440918, -486.510406494, -97.6115493774, 81.1412658691, 174.163284302, 305.24710083, 267.023773193, 391.506072998, 278.813049316, 243.656280518, 29.4270248413], [-2876.55566406, 4549.87792969, 483.869995117, 357.610687256, -109.587554932, -23.0476779938, -103.856773376, -171.692962646, -134.016387939, -352.852386475, -151.02557373, -129.000411987, -24.3990955353], [-983.364440918, 483.869995117, 901.299682617, 320.98928833, 141.908065796, 114.229064941, 31.7514648438, -36.8403701782, -24.4394035339, -55.2851715088, -33.4030456543, -32.3106155396, 24.777141571], [-486.510406494, 357.610687256, 320.98928833, 377.980041504, 156.153106689, 101.769004822, 29.3625812531, 26.76445961, 22.5910167694, 14.7146434784, 4.54313707352, 2.85998511314, 31.6865177155], [-97.6115493774, -109.587554932, 141.908065796, 156.153106689, 294.08026123, 130.613235474, 54.9855804443, 54.5170783997, 61.7681732178, 58.42578125, 27.3490276337, 19.7257595062, 11.8725471497], [81.1412658691, -23.0476779938, 114.229064941, 101.769004822, 130.613235474, 199.640106201, 105.83366394, 91.5313415527, 66.3971939087, 39.421497345, 13.3874750137, 21.2721614838, 9.20612049103], [174.163284302, -103.856773376, 31.7514648438, 29.3625812531, 54.9855804443, 105.83366394, 217.940505981, 138.895706177, 58.1245079041, 51.4820594788, 20.8252124786, 11.4393825531, 37.9514350891], [305.24710083, -171.692962646, -36.8403701782, 26.76445961, 54.5170783997, 91.5313415527, 138.895706177, 207.739105225, 113.29044342, 67.0472488403, 11.2189340591, 7.97756147385, 10.15209198], [267.023773193, -134.016387939, -24.4394035339, 22.5910167694, 61.7681732178, 66.3971939087, 58.1245079041, 113.29044342, 160.09967041, 100.796646118, 47.0538635254, 29.4813327789, -5.49791908264], [391.506072998, -352.852386475, -55.2851715088, 14.7146434784, 58.42578125, 39.421497345, 51.4820594788, 67.0472488403, 100.796646118, 170.082046509, 100.815887451, 51.0463562012, 11.132724762], [278.813049316, -151.02557373, -33.4030456543, 4.54313707352, 27.3490276337, 13.3874750137, 20.8252124786, 11.2189340591, 47.0538635254, 100.815887451, 153.333480835, 89.3827133179, 23.0255146027], [243.656280518, -129.000411987, -32.3106155396, 2.85998511314, 19.7257595062, 21.2721614838, 11.4393825531, 7.97756147385, 29.4813327789, 51.0463562012, 89.3827133179, 133.116317749, 54.2823219299], [29.4270248413, -24.3990955353, 24.777141571, 31.6865177155, 11.8725471497, 9.20612049103, 37.9514350891, 10.15209198, -5.49791908264, 11.132724762, 23.0255146027, 54.2823219299, 141.894744873]],
