{
"lowlevel": {
    "average_loudness": 0.960302948952,
    "barkbands_crest": {
        "dmean": 3.51483488083,
        "dmean2": 4.98819160461,
        "dvar": 14.3806724548,
        "dvar2": 28.3313388824,
        "max": 26.6260089874,
        "mean": 13.5159702301,
        "median": 12.6766529083,
        "min": 2.49676728249,
        "var": 42.4401626587
    },
    "barkbands_flatness_db": {
        "dmean": 0.0506384298205,
        "dmean2": 0.057559914887,
        "dvar": 0.00275205634534,
        "dvar2": 0.0042891567573,
        "max": 0.743492007256,
        "mean": 0.201134905219,
        "median": 0.165061980486,
        "min": 0.0154267437756,
        "var": 0.0167013891041
    },
    "barkbands_kurtosis": {
        "dmean": 47.5551834106,
        "dmean2": 66.4257049561,
        "dvar": 48737.5039062,
        "dvar2": 129975.820312,
        "max": 6439.22460938,
        "mean": 59.0994720459,
        "median": 6.34682369232,
        "min": -1.92890536785,
        "var": 41472.1601562
    },
    "barkbands_skewness": {
        "dmean": 1.99752962589,
        "dmean2": 2.4415345192,
        "dvar": 10.0715818405,
        "dvar2": 21.2346973419,
        "max": 60.816368103,
        "mean": 3.89479708672,
        "median": 2.28952121735,
        "min": -6.42155885696,
        "var": 23.7367534637
    },
    "barkbands_spread": {
        "dmean": 12.3439130783,
        "dmean2": 18.6383876801,
        "dvar": 302.451080322,
        "dvar2": 694.820922852,
        "max": 109.297698975,
        "mean": 22.4324893951,
        "median": 15.6697273254,
        "min": 0.037592202425,
        "var": 473.412322998
    },
    "dissonance": {
        "dmean": 0.0245976820588,
        "dmean2": 0.0408008210361,
        "dvar": 0.000607729132753,
        "dvar2": 0.00161313277204,
        "max": 0.5,
        "mean": 0.455272644758,
        "median": 0.463633477688,
        "min": 0.23798802495,
        "var": 0.00127516116481
    },
    "dynamic_complexity": 4.70341062546,
    "erbbands_crest": {
        "dmean": 3.3483684063,
        "dmean2": 5.02026176453,
        "dvar": 11.2227697372,
        "dvar2": 23.7060184479,
        "max": 31.2600288391,
        "mean": 10.0473766327,
        "median": 8.57508659363,
        "min": 2.36029815674,
        "var": 33.1919250488
    },
    "erbbands_flatness_db": {
        "dmean": 0.0242995582521,
        "dmean2": 0.0323963500559,
        "dvar": 0.000782744202297,
        "dvar2": 0.00133892055601,
        "max": 0.420195609331,
        "mean": 0.144867360592,
        "median": 0.124096632004,
        "min": 0.05100331828,
        "var": 0.00445099361241
    },
    "erbbands_kurtosis": {
        "dmean": 2.59516716003,
        "dmean2": 3.87681531906,
        "dvar": 45.5469932556,
        "dvar2": 88.5212097168,
        "max": 137.179550171,
        "mean": 2.21652245522,
        "median": 0.106417894363,
        "min": -1.96351826191,
        "var": 74.3713226318
    },
    "erbbands_skewness": {
        "dmean": 0.624918222427,
        "dmean2": 0.869747459888,
        "dvar": 0.500227093697,
        "dvar2": 0.972683727741,
        "max": 9.08257102966,
        "mean": 0.602790176868,
        "median": 0.638782441616,
        "min": -6.23700332642,
        "var": 1.6051325798
    },
    "erbbands_spread": {
        "dmean": 15.2201089859,
        "dmean2": 22.0898361206,
        "dvar": 223.836013794,
        "dvar2": 479.969390869,
        "max": 176.013977051,
        "mean": 53.5790786743,
        "median": 51.0653076172,
        "min": 0.639392733574,
        "var": 834.011962891
    },
    "hfc": {
        "dmean": 29.873298645,
        "dmean2": 47.6869468689,
        "dvar": 3238.7121582,
        "dvar2": 8342.8359375,
        "max": 444.536834717,
        "mean": 30.544878006,
        "median": 9.0984916687,
        "min": 1.10089203027e-16,
        "var": 3023.15576172
    },
    "melbands_crest": {
        "dmean": 4.53277826309,
        "dmean2": 6.36323070526,
        "dvar": 25.5251674652,
        "dvar2": 51.5587043762,
        "max": 38.5075721741,
        "mean": 20.7521247864,
        "median": 19.3354072571,
        "min": 1.69173204899,
        "var": 111.094352722
    },
    "melbands_flatness_db": {
        "dmean": 0.0644949674606,
        "dmean2": 0.0742367208004,
        "dvar": 0.00454440200701,
        "dvar2": 0.00874322652817,
        "max": 0.890601098537,
        "mean": 0.273099303246,
        "median": 0.247543603182,
        "min": 0.00366403418593,
        "var": 0.0244061499834
    },
    "melbands_kurtosis": {
        "dmean": 92.545211792,
        "dmean2": 105.439552307,
        "dvar": 42099.2890625,
        "dvar2": 49491.7109375,
        "max": 3738.45410156,
        "mean": 150.548324585,
        "median": 20.9172706604,
        "min": -1.92487347126,
        "var": 132593.109375
    },
    "melbands_skewness": {
        "dmean": 2.60231566429,
        "dmean2": 3.03830313683,
        "dvar": 11.2620687485,
        "dvar2": 15.4370670319,
        "max": 47.0772438049,
        "mean": 6.49939155579,
        "median": 3.66477584839,
        "min": -5.58037567139,
        "var": 53.5233230591
    },
    "melbands_spread": {
        "dmean": 16.0785923004,
        "dmean2": 26.3911857605,
        "dvar": 746.475463867,
        "dvar2": 1930.88781738,
        "max": 225.673568726,
        "mean": 22.2332687378,
        "median": 11.0769348145,
        "min": 0.0629872232676,
        "var": 909.763366699
    },
    "pitch_salience": {
        "dmean": 0.117145784199,
        "dmean2": 0.165549337864,
        "dvar": 0.0179915223271,
        "dvar2": 0.0343055874109,
        "max": 0.922302782536,
        "mean": 0.432277351618,
        "median": 0.475253939629,
        "min": 0.00893777608871,
        "var": 0.0611529499292
    },
    "silence_rate_20dB": {
        "dmean": 0,
        "dmean2": 0,
        "dvar": 0,
        "dvar2": 0,
        "max": 1,
        "mean": 1,
        "median": 1,
        "min": 1,
        "var": 0
    },
    "silence_rate_30dB": {
        "dmean": 0.0724894404411,
        "dmean2": 0.144998639822,
        "dvar": 0.0672313794494,
        "dvar2": 0.131320744753,
        "max": 1,
        "mean": 0.854223430157,
        "median": 1,
        "min": 0,
        "var": 0.124518454075
    },
    "silence_rate_60dB": {
        "dmean": 0.063496388495,
        "dmean2": 0.127010077238,
        "dvar": 0.0594622269273,
        "dvar2": 0.120685614645,
        "max": 1,
        "mean": 0.144822895527,
        "median": 0,
        "min": 0,
        "var": 0.123853884637
    },
    "spectral_centroid": {
        "dmean": 462.257141113,
        "dmean2": 699.391723633,
        "dvar": 382428.96875,
        "dvar2": 913415.375,
        "max": 11482.8037109,
        "mean": 1417.00671387,
        "median": 1119.97851562,
        "min": 53.2781028748,
        "var": 1488913.75
    },
    "spectral_complexity": {
        "dmean": 5.72802829742,
        "dmean2": 8.72880935669,
        "dvar": 66.8910140991,
        "dvar2": 148.218566895,
        "max": 55,
        "mean": 10.1450958252,
        "median": 7,
        "min": 0,
        "var": 106.784950256
    },
    "spectral_decrease": {
        "dmean": 6.57410614835e-09,
        "dmean2": 6.59836052463e-09,
        "dvar": 8.93029417094e-17,
        "dvar2": 8.07053058318e-17,
        "max": 1.63867279873e-28,
        "mean": -1.31518085311e-08,
        "median": -5.58906343429e-09,
        "min": -8.51036148219e-08,
        "var": 3.79995232583e-16
    },
    "spectral_energy": {
        "dmean": 0.0266228783876,
        "dmean2": 0.0284139085561,
        "dvar": 0.00132024334744,
        "dvar2": 0.00134642911144,
        "max": 0.322506695986,
        "mean": 0.0524084977806,
        "median": 0.0232892092317,
        "min": 9.99095401029e-21,
        "var": 0.00548603199422
    },
    "spectral_energyband_high": {
        "dmean": 0.00271054287441,
        "dmean2": 0.0043995869346,
        "dvar": 2.88382689178e-05,
        "dvar2": 7.44700664654e-05,
        "max": 0.0403999909759,
        "mean": 0.00245756283402,
        "median": 0.000269065378234,
        "min": 7.12101937109e-21,
        "var": 2.61094410234e-05
    },
    "spectral_energyband_low": {
        "dmean": 0.0208319351077,
        "dmean2": 0.0180171635002,
        "dvar": 0.00128837116063,
        "dvar2": 0.000944950559642,
        "max": 0.318713456392,
        "mean": 0.0394671410322,
        "median": 0.0107590816915,
        "min": 1.38893587845e-23,
        "var": 0.00556413317099
    },
    "spectral_energyband_middle_high": {
        "dmean": 0.00278027867898,
        "dmean2": 0.00471787294373,
        "dvar": 4.27140985266e-05,
        "dvar2": 0.000112837726192,
        "max": 0.0674813091755,
        "mean": 0.00265947077423,
        "median": 0.000670119537972,
        "min": 1.17096018708e-21,
        "var": 3.4274195059e-05
    },
    "spectral_energyband_middle_low": {
        "dmean": 0.00600500125438,
        "dmean2": 0.00882980413735,
        "dvar": 0.000129470776301,
        "dvar2": 0.000285673915641,
        "max": 0.105414390564,
        "mean": 0.00819837395102,
        "median": 0.00179480575025,
        "min": 1.52492896675e-22,
        "var": 0.000206038035685
    },
    "spectral_entropy": {
        "dmean": 0.282573729753,
        "dmean2": 0.389559805393,
        "dvar": 0.115734688938,
        "dvar2": 0.233619585633,
        "max": 9.81978416443,
        "mean": 7.7519569397,
        "median": 7.87749481201,
        "min": 3.81330251694,
        "var": 0.520307838917
    },
    "spectral_flux": {
        "dmean": 0.0424945428967,
        "dmean2": 0.0564354583621,
        "dvar": 0.00230514234863,
        "dvar2": 0.00422736583278,
        "max": 0.377698510885,
        "mean": 0.1029914096,
        "median": 0.0821900069714,
        "min": 6.40544700614e-11,
        "var": 0.00612735794857
    },
    "spectral_kurtosis": {
        "dmean": 1.91193068027,
        "dmean2": 2.94593429565,
        "dvar": 36.3185844421,
        "dvar2": 80.5423202515,
        "max": 186.686843872,
        "mean": 4.76064300537,
        "median": 1.51255273819,
        "min": -1.25497996807,
        "var": 251.670303345
    },
    "spectral_rms": {
        "dmean": 0.00167158804834,
        "dmean2": 0.001796075725,
        "dvar": 3.27246516463e-06,
        "dvar2": 4.42190275862e-06,
        "max": 0.0177381131798,
        "mean": 0.00572552671656,
        "median": 0.00476667378098,
        "min": 3.12206207068e-12,
        "var": 1.83484989975e-05
    },
    "spectral_rolloff": {
        "dmean": 1604.21081543,
        "dmean2": 2743.52416992,
        "dvar": 7516387.5,
        "dvar2": 17252188,
        "max": 19466.015625,
        "mean": 2054.46508789,
        "median": 538.330078125,
        "min": 43.06640625,
        "var": 10674997
    },
    "spectral_skewness": {
        "dmean": 0.263563275337,
        "dmean2": 0.394715160131,
        "dvar": 0.152941793203,
        "dvar2": 0.339812666178,
        "max": 10.5276975632,
        "mean": 1.47954285145,
        "median": 1.20917868614,
        "min": -0.057117164135,
        "var": 1.09288620949
    },
    "spectral_spread": {
        "dmean": 948405.5,
        "dmean2": 1309882.75,
        "dvar": 1.38683967078e+12,
        "dvar2": 2.5011313705e+12,
        "max": 42552116,
        "mean": 7206088,
        "median": 7099660,
        "min": 429625.5,
        "var": 1.34270345544e+13
    },
    "spectral_strongpeak": {
        "dmean": 0.363135814667,
        "dmean2": 0.557285249233,
        "dvar": 0.672634482384,
        "dvar2": 1.83862400055,
        "max": 24.0104522705,
        "mean": 0.600124418736,
        "median": 0.30657222867,
        "min": 0,
        "var": 0.684587597847
    },
    "zerocrossingrate": {
        "dmean": 0.0235703643411,
        "dmean2": 0.0260708127171,
        "dvar": 0.000600107887294,
        "dvar2": 0.000751352054067,
        "max": 0.80029296875,
        "mean": 0.069946423173,
        "median": 0.0546875,
        "min": 0.00146484375,
        "var": 0.0046179969795
    },
    "barkbands": {
        "dmean": [0.00378212239593, 0.0175785198808, 0.00101613090374, 0.0012231048895, 0.00158949173056, 0.00104092352558, 0.0015030647628, 0.000938049342949, 0.000826677947771, 0.000440411153249, 0.000738812377676, 0.000246674317168, 0.000589970615692, 0.000258631422184, 0.000152565247845, 0.000205503572943, 0.000122166791698, 0.00011382692901, 0.000169615392224, 0.000153095897986, 0.0002856075007, 0.000258237472735, 0.000391569570638, 0.000727901351638, 0.000688758154865, 0.000303246109979, 4.8684894864e-05],
        "dmean2": [0.00381636316888, 0.0155916716903, 0.00158578495029, 0.00213607773185, 0.00276012346148, 0.00152027746662, 0.0020784328226, 0.00152376375627, 0.00137924891897, 0.000731206557248, 0.00129234860651, 0.000414248992456, 0.00110823451541, 0.000429313222412, 0.000260474160314, 0.0003580180055, 0.00021772281616, 0.00019225597498, 0.000297882856103, 0.000249240954872, 0.000465205375804, 0.000419027725002, 0.000645171501674, 0.00124630052596, 0.00113526394125, 0.000477591704112, 7.90646663518e-05],
        "dvar": [5.95782330493e-05, 0.00100894120988, 4.7434436965e-06, 8.90133833309e-06, 1.31927536131e-05, 7.37981008569e-06, 1.32471359393e-05, 6.72646547173e-06, 5.56530358153e-06, 1.556056759e-06, 9.22086019273e-06, 3.13771209903e-07, 4.10976417697e-06, 2.66376076752e-07, 1.28945004008e-07, 2.30071790952e-07, 7.82396227805e-08, 6.12341395367e-08, 1.35914874022e-07, 8.7990144948e-08, 6.79005722759e-07, 2.89834673595e-07, 6.85220641117e-07, 2.43397903432e-06, 1.91257913684e-06, 4.22056984917e-07, 1.26195063288e-08],
        "dvar2": [5.97899233981e-05, 0.000733154767659, 1.20467857414e-05, 2.4439095796e-05, 3.60321137123e-05, 1.52866668941e-05, 2.5580460715e-05, 1.72373329406e-05, 1.47608006955e-05, 4.03800186177e-06, 2.50898083323e-05, 7.86691771282e-07, 1.18489333545e-05, 6.43105124709e-07, 3.49444007952e-07, 6.26370194823e-07, 2.16274088416e-07, 1.62830588124e-07, 3.71470122218e-07, 2.20947981688e-07, 1.65717551681e-06, 7.31760394501e-07, 1.8187980686e-06, 6.50444235362e-06, 4.92597382618e-06, 1.05907531633e-06, 3.19415178751e-08],
        "max": [0.0645375847816, 0.265372008085, 0.0153074525297, 0.0196196436882, 0.0322583205998, 0.0399000607431, 0.0724808424711, 0.0487308911979, 0.0350342355669, 0.0282055772841, 0.0466760285199, 0.0112622948363, 0.0255332328379, 0.00777313765138, 0.0042572482489, 0.00441385060549, 0.00267476565205, 0.0040862923488, 0.00267186574638, 0.00457655079663, 0.0245408620685, 0.00960932392627, 0.0123677197844, 0.0114383753389, 0.00991579238325, 0.00599709246308, 0.00108916196041],
        "mean": [0.00569494161755, 0.0321437418461, 0.0013086469844, 0.00103699730244, 0.00158269226085, 0.00149810838047, 0.00216990383342, 0.00104847399052, 0.000780148489866, 0.000436870934209, 0.00059682445135, 0.000261530047283, 0.000373304443201, 0.000284489971818, 0.000138537085149, 0.00017607184418, 0.000102325175249, 0.00010028770339, 0.000133859459311, 0.000161377887707, 0.00028875033604, 0.00025015004212, 0.000354950956535, 0.000585480825976, 0.000569595838897, 0.000287319184281, 4.30711843364e-05],
        "median": [0.000514875049703, 0.00688046496361, 0.00015270926815, 2.73653586191e-05, 0.000152211199747, 0.000107075204141, 0.000194279637071, 8.23947266326e-05, 7.17099537724e-05, 5.67010392842e-05, 3.66278618458e-05, 5.37931700819e-05, 2.77589078905e-05, 5.57070452487e-05, 2.22487469728e-05, 2.10710895772e-05, 1.15870734589e-05, 1.28409092213e-05, 1.61582502187e-05, 2.73394507531e-05, 3.45934531651e-05, 4.17519622715e-05, 4.20327633037e-05, 4.03122867283e-05, 3.13699420076e-05, 1.08609729068e-05, 7.71214388351e-07],
        "min": [3.1844529946e-25, 4.32377738709e-24, 2.37497422354e-25, 1.29042113395e-24, 9.17917129366e-24, 9.8783418694e-24, 9.2277635477e-24, 1.2468326838e-23, 2.08265858078e-23, 2.28936475041e-23, 9.50266421822e-24, 1.98841573502e-23, 3.56165208235e-23, 3.00337174874e-23, 4.05719178382e-23, 6.69957857352e-23, 7.16290498215e-23, 6.42720825323e-23, 1.49782433713e-22, 2.3682260707e-22, 2.53633422287e-22, 3.39730786955e-22, 4.09039222564e-22, 5.5294817663e-22, 9.07965219906e-22, 1.28728690359e-21, 1.82536445893e-21],
        "var": [0.000171921143192, 0.0041342084296, 5.34611535841e-06, 6.56783731756e-06, 1.13679043352e-05, 1.36464223033e-05, 2.48794131039e-05, 7.88654051576e-06, 4.81032839161e-06, 1.48643891862e-06, 6.29265787211e-06, 3.46098715909e-07, 2.30679211199e-06, 3.95146741994e-07, 1.0740011902e-07, 1.80074849254e-07, 6.09335586432e-08, 4.96377694503e-08, 9.76670406772e-08, 9.49835197162e-08, 7.39230074487e-07, 2.75421683682e-07, 5.82245888836e-07, 1.86411682535e-06, 1.6475968323e-06, 4.20814131985e-07, 1.18245004899e-08]
    },
    "erbbands": {
        "dmean": [1.05918514729, 1.99491930008, 1.48397433758, 2.42434048653, 4.93210554123, 5.16777181625, 8.34823513031, 7.99876976013, 18.7861938477, 21.6755275726, 23.16938591, 17.8850040436, 14.2311143875, 14.0016775131, 29.1806106567, 11.8070440292, 27.1619091034, 14.7314529419, 9.54764461517, 9.07134532928, 11.4346313477, 7.58567285538, 6.29518604279, 8.09863090515, 8.27831745148, 7.20769786835, 10.622759819, 10.4420375824, 8.78069210052, 12.3727912903, 11.3357896805, 14.0477323532, 12.1902656555, 8.45837402344, 4.42300367355, 1.52934932709, 0.539378702641, 0.103192195296, 0.00802115816623, 0.000162778087542],
        "dmean2": [0.989574372768, 2.05388569832, 2.1721124649, 3.90976142883, 8.98822021484, 8.77919769287, 12.6238908768, 11.5756149292, 25.6181259155, 32.3870353699, 37.5412406921, 30.8885784149, 23.4147281647, 23.7438812256, 51.3502044678, 20.2239532471, 50.8508605957, 26.0741615295, 15.1718139648, 15.4734096527, 19.7652282715, 13.5667200089, 10.9261484146, 14.0961866379, 14.0901298523, 11.7525577545, 17.1746425629, 17.1659584045, 14.2942390442, 20.3138103485, 18.8574962616, 23.8439331055, 21.0643615723, 14.266210556, 7.16903352737, 2.39383006096, 0.862286746502, 0.165431424975, 0.0133080780506, 0.000257058098214],
        "dvar": [4.15793418884, 14.1847410202, 10.0508499146, 27.9256076813, 193.618835449, 133.116531372, 438.401885986, 423.903533936, 2825.4921875, 2831.90917969, 4032.97827148, 2980.41577148, 1535.97961426, 1446.18798828, 15799.0224609, 749.113952637, 8889.671875, 1035.11865234, 393.521575928, 404.243347168, 727.671936035, 319.397369385, 182.975006104, 329.258911133, 274.427429199, 222.965026855, 1492.7902832, 635.289794922, 377.279144287, 653.889038086, 576.743408203, 939.957336426, 685.155944824, 306.806945801, 78.5981369019, 9.84065246582, 1.50494170189, 0.0538029111922, 0.000370412715711, 1.12043416323e-07],
        "dvar2": [3.43587017059, 11.4899501801, 25.7145214081, 72.5092926025, 549.324462891, 352.755859375, 909.28692627, 896.494812012, 5273.49316406, 6337.43945312, 10268.2597656, 8246.29589844, 3951.77197266, 3894.85693359, 42912.03125, 1912.73730469, 25648.109375, 2854.57617188, 917.207763672, 1089.21691895, 1983.55993652, 901.353149414, 493.632659912, 900.225219727, 726.486755371, 567.013549805, 3802.33813477, 1598.30822754, 966.837768555, 1689.29394531, 1531.50280762, 2512.09204102, 1842.59387207, 813.938171387, 196.392150879, 24.2535171509, 3.85096693039, 0.137740373611, 0.000963417522144, 2.912613013e-07],
        "max": [16.5351924896, 31.9770450592, 23.4083862305, 32.7013549805, 101.301254272, 144.060745239, 354.668121338, 337.056854248, 1337.30407715, 754.870178223, 1138.65087891, 693.594970703, 710.956298828, 512.914550781, 1891.06225586, 472.565032959, 1235.93200684, 496.07144165, 335.614044189, 295.760986328, 253.307769775, 161.257568359, 162.607940674, 146.855880737, 184.899383545, 320.764282227, 1400.63586426, 495.305084229, 338.394317627, 316.843963623, 282.294921875, 253.899383545, 211.677505493, 133.189498901, 68.8342895508, 27.6006240845, 11.8795614243, 2.08420705795, 0.204035490751, 0.00336581235752],
        "mean": [1.76765537262, 3.81565213203, 2.06958580017, 2.61932110786, 3.74589037895, 5.52176046371, 11.3668766022, 11.5781612396, 26.3147945404, 29.5674552917, 25.4523963928, 15.7274217606, 14.7993574142, 13.7515258789, 22.6787700653, 11.3763751984, 17.8047580719, 12.6243000031, 11.0066280365, 8.82328128815, 9.66373825073, 6.26030349731, 5.39729738235, 6.42936706543, 7.35042667389, 7.58055973053, 10.9503688812, 10.2949962616, 8.62933063507, 11.2453203201, 10.0580043793, 11.3954782486, 9.77934932709, 6.7283821106, 3.78884720802, 1.49330985546, 0.48887142539, 0.0944447144866, 0.00683593610302, 0.000182242234587],
        "median": [0.301703989506, 0.848062038422, 0.699698865414, 0.232385784388, 0.219023525715, 0.526870727539, 0.689351201057, 1.04781067371, 2.54094839096, 2.87307882309, 1.97838187218, 1.48503017426, 2.34529948235, 2.03535842896, 1.85673141479, 2.19837713242, 1.67023634911, 2.45154213905, 1.99003362656, 1.84714770317, 1.0478836298, 0.749247074127, 0.679843425751, 0.75913721323, 1.13334596157, 1.24314463139, 1.377191782, 1.35777449608, 1.50546479225, 1.49702763557, 1.09965920448, 0.853274345398, 0.654383778572, 0.370643526316, 0.215121328831, 0.0689073503017, 0.0156108699739, 0.00284070638008, 0.000135748952744, 4.81115203002e-05],
        "min": [1.06313989025e-22, 5.68057803838e-22, 1.5509054874e-21, 5.47011307907e-21, 1.43800082678e-20, 2.15581071402e-20, 3.21143599354e-20, 3.85156263526e-20, 1.15904301862e-19, 1.53932353711e-19, 3.39825363628e-19, 4.78764797318e-19, 6.0145615488e-19, 9.39673039957e-19, 9.10317020403e-19, 1.45006787973e-18, 1.96774335646e-18, 1.91860303781e-18, 2.92764613227e-18, 2.34265262934e-18, 4.23673886098e-18, 4.87618669761e-18, 5.77159068554e-18, 5.46978019057e-18, 6.7114043462e-18, 1.11486096015e-17, 1.02436971724e-17, 9.82888842906e-18, 1.17805946146e-17, 1.16276820066e-17, 9.80066089065e-18, 9.36135767504e-18, 9.79141962885e-18, 8.4635474187e-18, 6.61574504427e-18, 4.66474651174e-18, 2.26774335986e-18, 1.0019803162e-18, 2.31577432592e-19, 2.64787606506e-20],
        "var": [14.4979715347, 53.6834259033, 11.0680074692, 27.106672287, 119.244895935, 139.417800903, 806.668945312, 753.720031738, 5166.56054688, 4653.74121094, 4372.40332031, 2177.625, 1472.23803711, 1200.74719238, 10614.9804688, 704.103210449, 5009.44238281, 773.811096191, 598.321838379, 382.98425293, 568.231628418, 232.990005493, 144.811660767, 238.723770142, 230.976379395, 240.141723633, 1455.09838867, 620.560974121, 352.733612061, 572.999572754, 482.47946167, 717.044128418, 518.994689941, 241.813430786, 72.8944473267, 10.4011898041, 1.38166534901, 0.0509456135333, 0.000318692880683, 1.04409259905e-07]
    },
    "gfcc": {
        "mean": [-62.5740470886, 56.9588012695, -83.8794250488, 28.3749046326, -57.5320701599, 31.6585826874, -26.5988883972, 15.3910770416, -11.2327880859, 16.4448604584, -7.54532146454, 4.96005678177, -6.12983512878],
        "cov": [[25690.0527344, -2328.47583008, 830.487670898, 452.079711914, -1123.07043457, -328.364959717, -1115.74597168, 427.143829346, -881.674621582, 378.754058838, -639.276794434, 332.383361816, -634.727233887], [-2328.47583008, 3485.74194336, 365.805023193, -95.6738128662, 429.244934082, -286.770111084, 208.008834839, -361.969848633, 357.984069824, -168.520721436, 164.089294434, -232.051834106, 263.05456543], [830.487670898, 365.805023193, 1671.53234863, 536.272827148, 546.094238281, 80.2548370361, 150.543212891, 84.7629470825, 17.1752948761, 39.776638031, 18.5984344482, 43.3565101624, -32.6819915771], [452.079711914, -95.6738128662, 536.272827148, 807.445251465, 411.202911377, 334.09387207, 261.05670166, 200.184066772, 105.916374207, 104.325515747, 87.1181411743, 79.170135498, 58.8334999084], [-1123.07043457, 429.244934082, 546.094238281, 411.202911377, 1116.18188477, 423.429718018, 303.494537354, 69.7659225464, 285.476898193, 120.178619385, 199.911102295, -7.26371622086, 96.1826629639], [-328.364959717, -286.770111084, 80.2548370361, 334.09387207, 423.429718018, 511.558441162, 277.880584717, 167.566619873, 106.725013733, 98.5128860474, 120.025405884, 68.8707733154, 55.9161148071], [-1115.74597168, 208.008834839, 150.543212891, 261.05670166, 303.494537354, 277.880584717, 482.162963867, 198.313201904, 219.789169312, 37.6220245361, 172.693099976, 67.0304489136, 141.302398682], [427.143829346, -361.969848633, 84.7629470825, 200.184066772, 69.7659225464, 167.566619873, 198.313201904, 267.956237793, 103.111633301, 95.4484634399, 59.1366844177, 87.4552307129, 19.5937633514], [-881.674621582, 357.984069824, 17.1752948761, 105.916374207, 285.476898193, 106.725013733, 219.789169312, 103.111633301, 297.615356445, 112.816841125, 144.592773438, -0.38836106658, 97.6062698364], [378.754058838, -168.520721436, 39.776638031, 104.325515747, 120.178619385, 98.5128860474, 37.6220245361, 95.4484634399, 112.816841125, 200.225509644, 89.3010940552, 52.4381446838, 0.423160284758], [-639.276794434, 164.089294434, 18.5984344482, 87.1181411743, 199.911102295, 120.025405884, 172.693099976, 59.1366844177, 144.592773438, 89.3010940552, 197.609741211, 64.40574646, 77.3260650635], [332.383361816, -232.051834106, 43.3565101624, 79.170135498, -7.26371622086, 68.8707733154, 67.0304489136, 87.4552307129, -0.38836106658, 52.4381446838, 64.40574646, 134.423248291, 31.9874229431], [-634.727233887, 263.05456543, -32.6819915771, 58.8334999084, 96.1826629639, 55.9161148071, 141.302398682, 19.5937633514, 97.6062698364, 0.423160284758, 77.3260650635, 31.9874229431, 142.662734985]],
        "icov": [[6.42471641186e-05, -4.50816551165e-05, -7.28901113689e-06, -3.86614410672e-05, 6.14281725575e-06, 7.47417698221e-06, 0.000155599918799, -0.000253743550275, 0.00020211141964, -0.000199702000828, 0.000153476983542, -0.000138583243825, 6.71053494443e-05], [-4.50816551165e-05, 0.000741370662581, -0.000229729324928, -1.90542341443e-05, 3.69491608581e-05, 0.000385574210668, -0.000370361172827, 0.00128060160205, -0.00109722651541, 0.000656955235172, -0.000527584750671, 0.000802645576186, -0.000742698204704], [-7.28901113689e-06, -0.000229729324928, 0.0012021958828, -0.000642122526187, -0.000861469656229, 0.00101610319689, -0.000723948760424, -0.000281325250398, 0.00108034710865, -0.000478367495816, 0.000592421565671, -0.000737639260478, 0.000976165465545], [-3.86614410672e-05, -1.90542341443e-05, -0.000642122526187, 0.00248011527583, -0.000136991598993, -0.00106440100353, -0.000136874383315, -0.000842203386128, 0.0003096263099, -0.000434032583144, 0.00028764246963, 0.000224750110647, -0.00096283107996], [6.14281725575e-06, 3.69491608581e-05, -0.000861469656229, -0.000136991598993, 0.00267307390459, -0.00227889162488, 0.000762587820645, 0.00127764802892, -0.00247581582516, 0.000674079172313, -0.000974204740487, 0.000694106332958, 4.28782586823e-05], [7.47417698221e-06, 0.000385574210668, 0.00101610319689, -0.00106440100353, -0.00227889162488, 0.00612879218534, -0.00304538151249, -0.0005862772814, 0.0029979122337, -0.00191665650345, 3.56115306204e-05, 0.000300240615616, 9.31202448555e-05], [0.000155599918799, -0.000370361172827, -0.000723948760424, -0.000136874383315, 0.000762587820645, -0.00304538151249, 0.00922972708941, -0.00517963152379, -0.00271705328487, 0.00440758420154, -0.00349239376374, 0.000273058220046, -0.00280745746568], [-0.000253743550275, 0.00128060160205, -0.000281325250398, -0.000842203386128, 0.00127764802892, -0.0005862772814, -0.00517963152379, 0.0135580822825, -0.00599472178146, -0.000795185216703, 0.00308973272331, -0.00430300086737, 0.002823082963], [0.00020211141964, -0.00109722651541, 0.00108034710865, 0.0003096263099, -0.00247581582516, 0.0029979122337, -0.00271705328487, -0.00599472178146, 0.0156860146672, -0.00760483182967, -0.00224839011207, 0.00563082331792, -0.0037024372723], [-0.000199702000828, 0.000656955235172, -0.000478367495816, -0.000434032583144, 0.000674079172313, -0.00191665650345, 0.00440758420154, -0.000795185216703, -0.00760483182967, 0.0132520785555, -0.00468279514462, -0.00209114374593, 0.00218073697761], [0.000153476983542, -0.000527584750671, 0.000592421565671, 0.00028764246963, -0.000974204740487, 3.56115306204e-05, -0.00349239376374, 0.00308973272331, -0.00224839011207, -0.00468279514462, 0.0148902628571, -0.00742238713428, 0.000495916057844], [-0.000138583243825, 0.000802645576186, -0.000737639260478, 0.000224750110647, 0.000694106332958, 0.000300240615616, 0.000273058220046, -0.00430300086737, 0.00563082331792, -0.00209114374593, -0.00742238713428, 0.0177368316799, -0.00642342912033], [6.71053494443e-05, -0.000742698204704, 0.000976165465545, -0.00096283107996, 4.28782586823e-05, 9.31202448555e-05, -0.00280745746568, 0.002823082963, -0.0037024372723, 0.00218073697761, 0.000495916057844, -0.00642342912033, 0.0153238903731]]
    },
    "melbands": {
        "dmean": [0.00669943727553, 0.00109404826071, 0.000507884018589, 0.000351726455847, 0.000274279969744, 0.000202995215659, 0.000275515048997, 0.000221855225391, 0.000195576008991, 0.000105647552118, 7.17688162695e-05, 5.31079895154e-05, 0.000109288695967, 3.09498791466e-05, 4.46208978246e-05, 5.98630904278e-05, 2.40272565861e-05, 1.74840042746e-05, 1.27193825392e-05, 1.22013207147e-05, 1.34486990646e-05, 7.44570661482e-06, 7.00729697201e-06, 5.09230540047e-06, 6.81501160216e-06, 6.47147999189e-06, 5.86787382417e-06, 4.41783458882e-06, 6.40265534457e-06, 7.01552335158e-06, 5.93610820943e-06, 4.64722916149e-06, 5.70653901377e-06, 7.25319705452e-06, 6.33588842902e-06, 6.40134112473e-06, 9.64962873695e-06, 8.82351014297e-06, 7.68279551266e-06, 6.99897145751e-06],
        "dmean2": [0.00599724473432, 0.00130615034141, 0.000852563942317, 0.000623288215138, 0.000425280712079, 0.00028659083182, 0.000380889308872, 0.000340422062436, 0.000318940728903, 0.000182008327101, 0.000117213916383, 8.9744986326e-05, 0.000192141305888, 5.31112018507e-05, 7.91332568042e-05, 0.000112569105113, 4.17782466684e-05, 2.71123171842e-05, 2.22139533435e-05, 2.10550642805e-05, 2.31321373576e-05, 1.32260156533e-05, 1.27043804241e-05, 8.57375107444e-06, 1.19912065202e-05, 1.12977641038e-05, 9.70670862444e-06, 7.32164016881e-06, 1.01936129795e-05, 1.20478416648e-05, 9.70040946413e-06, 7.5781704254e-06, 9.45988176682e-06, 1.19529477161e-05, 1.06819243229e-05, 1.04968112282e-05, 1.66888403328e-05, 1.54172175826e-05, 1.31664201035e-05, 1.18119132821e-05],
        "dvar": [0.00015217019245, 4.37229937233e-06, 1.45741705637e-06, 7.75070589043e-07, 4.11311958715e-07, 2.65152692691e-07, 5.30027875811e-07, 3.03365567333e-07, 2.96704229186e-07, 1.0077847179e-07, 3.93918959674e-08, 1.99165182124e-08, 2.20848150434e-07, 6.70841204808e-09, 1.44665328605e-08, 4.30856523792e-08, 2.44633446833e-09, 1.51026979811e-09, 9.66433044702e-10, 7.25369153631e-10, 1.07596087595e-09, 2.88671503368e-10, 2.7313354356e-10, 1.29351682143e-10, 2.54487625417e-10, 1.87423659925e-10, 1.44864578666e-10, 8.30383956041e-11, 9.19185560999e-10, 2.75029804486e-10, 2.44165548891e-10, 1.2028575358e-10, 1.43438094735e-10, 2.3995214149e-10, 1.87889995229e-10, 1.72736047688e-10, 4.74601857814e-10, 3.70548453033e-10, 2.7166935368e-10, 2.05727504476e-10],
        "dvar2": [0.000114924274385, 6.57174086882e-06, 3.93790242015e-06, 2.16729517888e-06, 9.07938442651e-07, 5.37212258678e-07, 1.01985494894e-06, 7.04269382368e-07, 7.52629205181e-07, 2.78580927215e-07, 1.00561415195e-07, 5.37330251404e-08, 6.02101295044e-07, 1.75945569225e-08, 3.94583423713e-08, 1.24260907342e-07, 6.63887078645e-09, 3.29813598654e-09, 2.63931276834e-09, 1.93355176314e-09, 2.91859336699e-09, 7.98617283415e-10, 7.81338493905e-10, 3.45345502195e-10, 7.02152891385e-10, 5.06634123543e-10, 3.67393837575e-10, 2.16154608101e-10, 2.32586327975e-09, 7.41474548427e-10, 5.95198279552e-10, 3.13805675889e-10, 3.65980107331e-10, 6.26451612806e-10, 5.04857655681e-10, 4.43314746024e-10, 1.28559751733e-09, 1.00555530569e-09, 7.25764559562e-10, 5.42718037178e-10],
        "max": [0.103560067713, 0.0170576758683, 0.00837098620832, 0.00617564190179, 0.00918328855187, 0.00721527542919, 0.0170720610768, 0.00692442711443, 0.0111305238679, 0.00371079775505, 0.00375471939333, 0.00240993057378, 0.00734135136008, 0.00159131397959, 0.00211400934495, 0.0023765147198, 0.000767149263993, 0.000749470840674, 0.000368195353076, 0.000347157911165, 0.000345740729244, 0.000186772958841, 0.000128801882965, 0.000203915435122, 0.000135056892759, 0.000125574981212, 0.00020006208797, 0.000215924883378, 0.0011583006708, 0.000334284326527, 0.000383403763408, 0.000224081566557, 0.000194437336177, 0.000233835336985, 0.000162011623615, 0.00016581795353, 0.000179383030627, 0.000146742575453, 0.000153736429638, 0.000102423240605],
        "mean": [0.01181425713, 0.00223109591752, 0.000490985170472, 0.000311611074721, 0.000366278691217, 0.00029728555819, 0.000391265377402, 0.000296730548143, 0.000204950134503, 9.23520565266e-05, 7.52406776883e-05, 5.44968424947e-05, 8.62299493747e-05, 2.78661864286e-05, 3.74133087462e-05, 3.77689320885e-05, 2.22403741645e-05, 2.0847784981e-05, 1.08971535155e-05, 1.1606123735e-05, 1.10589389806e-05, 6.26300470685e-06, 5.35686604053e-06, 4.5527117436e-06, 5.24509187017e-06, 5.21947686138e-06, 5.69812164031e-06, 4.59738885183e-06, 6.74212469676e-06, 6.46750277156e-06, 5.85588713875e-06, 4.5981155381e-06, 5.25075802216e-06, 6.55463236399e-06, 5.60575745112e-06, 5.72845146962e-06, 7.51619654693e-06, 6.99137399351e-06, 6.2401145442e-06, 5.50489130546e-06],
        "median": [0.00227197492495, 0.000717584800441, 3.46999731846e-05, 2.83647350443e-05, 2.55298873526e-05, 2.54336682701e-05, 3.95524548367e-05, 2.53451653407e-05, 1.25831811602e-05, 8.43386442284e-06, 1.1328455912e-05, 8.5487808974e-06, 5.98967835685e-06, 4.07216703024e-06, 4.86368389829e-06, 2.77054823528e-06, 4.49483104603e-06, 3.21398511005e-06, 1.72672253029e-06, 2.08218853004e-06, 8.4672609546e-07, 7.74682462179e-07, 5.189009471e-07, 6.30580814232e-07, 5.68743246276e-07, 6.42608029011e-07, 9.31864747145e-07, 7.20984246527e-07, 7.98522023615e-07, 8.78171590557e-07, 7.55827159082e-07, 8.35212858874e-07, 7.72790599513e-07, 8.07474236808e-07, 6.359409781e-07, 5.52206643079e-07, 4.98556175899e-07, 4.69075160936e-07, 3.6015970295e-07, 2.9327310358e-07],
        "min": [1.67797025428e-24, 1.1482705682e-24, 2.40725027026e-24, 8.71250129808e-25, 9.29722866686e-25, 1.05663796456e-24, 1.76981752669e-24, 1.54930250469e-24, 1.77144356623e-24, 2.74461708879e-24, 2.6983594686e-24, 3.59798591124e-24, 1.89210792751e-24, 2.61197249416e-24, 3.25541675226e-24, 3.05347802407e-24, 2.56908528219e-24, 3.72080406001e-24, 2.77039173836e-24, 3.81607755254e-24, 4.93829174922e-24, 4.16052459491e-24, 4.05194893536e-24, 3.06482421047e-24, 3.70942947462e-24, 5.32391496425e-24, 5.84658461777e-24, 6.65944779932e-24, 5.68000835459e-24, 5.05664100096e-24, 5.32824265518e-24, 4.87535997607e-24, 6.12974702856e-24, 5.97644216682e-24, 4.26171099436e-24, 5.23401243119e-24, 4.4152580364e-24, 5.98397933834e-24, 6.61222027465e-24, 6.22195106331e-24],
        "var": [0.000594241428189, 1.25834649225e-05, 1.13543433145e-06, 5.52645531116e-07, 6.98624148754e-07, 4.92260312512e-07, 9.62680474004e-07, 4.73117040656e-07, 3.10432596962e-07, 7.4088063684e-08, 3.89429359871e-08, 1.74330363478e-08, 1.4835123352e-07, 5.69256997096e-09, 1.09056204067e-08, 2.41308200088e-08, 2.13782680447e-09, 2.69925726215e-09, 7.31786298225e-10, 6.48953835114e-10, 8.4134144096e-10, 2.24918625391e-10, 1.87126314444e-10, 1.0418276658e-10, 1.77674333579e-10, 1.39459555015e-10, 1.38438094321e-10, 8.78699335516e-11, 8.79257222586e-10, 2.36630520734e-10, 2.4436416779e-10, 1.07583081332e-10, 1.29286276129e-10, 2.04893060851e-10, 1.53369567046e-10, 1.52331786074e-10, 3.43326700403e-10, 2.73053607502e-10, 2.09338199553e-10, 1.63595678671e-10]
    },
    "mfcc": {
        "mean": [-710.001586914, 93.0613174438, 29.8180446625, 10.3060894012, 4.17912626266, 15.3674631119, 5.40742254257, 5.23300361633, 6.43028211594, 11.2156906128, 6.77778100967, 7.13841104507, 7.06787490845],
        "cov": [[15466.2773438, -1795.59521484, 638.317565918, -56.8113365173, -411.895355225, -792.655456543, -382.335266113, -445.262969971, -239.873474121, -331.947601318, -296.220672607, 21.8397006989, -10.5889472961], [-1795.59521484, 2720.86547852, 388.24432373, 161.079193115, 124.459350586, 159.503890991, -139.933074951, -119.567459106, -6.38208246231, 86.6890945435, 7.60969257355, -106.350212097, -54.7784080505], [638.317565918, 388.24432373, 953.657653809, 410.852783203, 127.17275238, 33.3142433167, 85.1259002686, 45.0960083008, 22.8030529022, -7.36344909668, -27.4543857574, -13.2827997208, -2.94378137589], [-56.8113365173, 161.079193115, 410.852783203, 557.750549316, 272.457824707, 209.769424438, 167.48260498, 139.536987305, 142.646820068, 94.1507415771, 82.8863601685, 85.3341827393, 76.7011947632], [-411.895355225, 124.459350586, 127.17275238, 272.457824707, 628.620422363, 359.937408447, 229.745849609, 106.617965698, 97.5249786377, 137.765441895, 156.015960693, 70.3511047363, 39.6067123413], [-792.655456543, 159.503890991, 33.3142433167, 209.769424438, 359.937408447, 418.295928955, 260.979034424, 168.923492432, 128.564605713, 135.534194946, 125.85761261, 81.6137008667, 72.4172592163], [-382.335266113, -139.933074951, 85.1259002686, 167.48260498, 229.745849609, 260.979034424, 328.688537598, 235.333480835, 138.705856323, 88.3975753784, 95.3210983276, 104.525848389, 81.1429595947], [-445.262969971, -119.567459106, 45.0960083008, 139.536987305, 106.617965698, 168.923492432, 235.333480835, 290.130462646, 168.212463379, 76.3532943726, 71.2798309326, 100.02986908, 97.913772583], [-239.873474121, -6.38208246231, 22.8030529022, 142.646820068, 97.5249786377, 128.564605713, 138.705856323, 168.212463379, 198.586853027, 125.922668457, 78.3265457153, 74.4326324463, 70.8299713135], [-331.947601318, 86.6890945435, -7.36344909668, 94.1507415771, 137.765441895, 135.534194946, 88.3975753784, 76.3532943726, 125.922668457, 183.650665283, 130.340148926, 57.8105354309, 39.1334877014], [-296.220672607, 7.60969257355, -27.4543857574, 82.8863601685, 156.015960693, 125.85761261, 95.3210983276, 71.2798309326, 78.3265457153, 130.340148926, 168.535858154, 107.818229675, 54.6710586548], [21.8397006989, -106.350212097, -13.2827997208, 85.3341827393, 70.3511047363, 81.6137008667, 104.525848389, 100.02986908, 74.4326324463, 57.8105354309, 107.818229675, 170.074874878, 129.065063477], [-10.5889472961, -54.7784080505, -2.94378137589, 76.7011947632, 39.6067123413, 72.4172592163, 81.1429595947, 97.913772583, 70.8299713135, 39.1334877014, 54.6710586548, 129.065063477, 170.794937134]],
