{
"lowlevel": {
    "average_loudness": 0.93541431427,
    "barkbands_crest": {
        "dmean": 2.98154211044,
        "dmean2": 4.28335571289,
        "dvar": 9.47003078461,
        "dvar2": 19.6707878113,
        "max": 26.4939842224,
        "mean": 14.179810524,
        "median": 15.2997970581,
        "min": 1.90531802177,
        "var": 37.9438095093
    },
    "barkbands_flatness_db": {
        "dmean": 0.0336222760379,
        "dmean2": 0.0480125918984,
        "dvar": 0.00164319539908,
        "dvar2": 0.00372099573724,
        "max": 0.802149415016,
        "mean": 0.140408307314,
        "median": 0.130774304271,
        "min": 0.00981083605438,
        "var": 0.0064519229345
    },
    "barkbands_kurtosis": {
        "dmean": 9.94354248047,
        "dmean2": 14.42208004,
        "dvar": 497.825531006,
        "dvar2": 1102.62524414,
        "max": 504.530303955,
        "mean": 15.9666872025,
        "median": 4.74394130707,
        "min": -1.94277858734,
        "var": 980.859863281
    },
    "barkbands_skewness": {
        "dmean": 1.05949008465,
        "dmean2": 1.4861022234,
        "dvar": 1.67083179951,
        "dvar2": 3.65947175026,
        "max": 15.664223671,
        "mean": 2.88002610207,
        "median": 2.32273578644,
        "min": -2.80033588409,
        "var": 6.29762220383
    },
    "barkbands_spread": {
        "dmean": 11.0636978149,
        "dmean2": 16.6121768951,
        "dvar": 196.498779297,
        "dvar2": 481.419403076,
        "max": 122.938461304,
        "mean": 32.3344841003,
        "median": 23.6262550354,
        "min": 0.0560009032488,
        "var": 677.563598633
    },
    "dissonance": {
        "dmean": 0.0104445992038,
        "dmean2": 0.0174919944257,
        "dvar": 0.000179000388016,
        "dvar2": 0.000492492516059,
        "max": 0.500000059605,
        "mean": 0.481270253658,
        "median": 0.485291182995,
        "min": 0.0181086137891,
        "var": 0.000260021857684
    },
    "dynamic_complexity": 2.01644921303,
    "erbbands_crest": {
        "dmean": 1.7129971981,
        "dmean2": 2.84019565582,
        "dvar": 3.75250172615,
        "dvar2": 9.51815223694,
        "max": 26.459236145,
        "mean": 5.21939468384,
        "median": 4.56500816345,
        "min": 2.03000926971,
        "var": 5.56454277039
    },
    "erbbands_flatness_db": {
        "dmean": 0.0121445152909,
        "dmean2": 0.0184390451759,
        "dvar": 0.000184794509551,
        "dvar2": 0.000405471742852,
        "max": 0.423600256443,
        "mean": 0.0972975343466,
        "median": 0.0873158127069,
        "min": 0.0391840822995,
        "var": 0.00186870375182
    },
    "erbbands_kurtosis": {
        "dmean": 0.778390169144,
        "dmean2": 1.24062371254,
        "dvar": 25.686088562,
        "dvar2": 68.0345077515,
        "max": 275.32800293,
        "mean": -0.0797394439578,
        "median": -0.565324783325,
        "min": -1.86137831211,
        "var": 24.3563270569
    },
    "erbbands_skewness": {
        "dmean": 0.338495761156,
        "dmean2": 0.504999518394,
        "dvar": 0.177183195949,
        "dvar2": 0.356723874807,
        "max": 13.3233346939,
        "mean": -0.190072998405,
        "median": -0.149203538895,
        "min": -3.56986856461,
        "var": 0.537992119789
    },
    "erbbands_spread": {
        "dmean": 13.6123180389,
        "dmean2": 19.424156189,
        "dvar": 297.175689697,
        "dvar2": 604.413269043,
        "max": 202.422225952,
        "mean": 62.380191803,
        "median": 55.45570755,
        "min": 1.047914505,
        "var": 855.026489258
    },
    "hfc": {
        "dmean": 22.2056655884,
        "dmean2": 34.7666511536,
        "dvar": 1566.51330566,
        "dvar2": 4020.47436523,
        "max": 584.278381348,
        "mean": 58.2625923157,
        "median": 33.4100837708,
        "min": 1.15014156985e-16,
        "var": 3953.68530273
    },
    "melbands_crest": {
        "dmean": 4.33732366562,
        "dmean2": 6.73755502701,
        "dvar": 26.462272644,
        "dvar2": 53.4760665894,
        "max": 39.7570266724,
        "mean": 23.4592056274,
        "median": 23.8940467834,
        "min": 1.80406093597,
        "var": 90.172958374
    },
    "melbands_flatness_db": {
        "dmean": 0.0432763583958,
        "dmean2": 0.060306224972,
        "dvar": 0.00253014802001,
        "dvar2": 0.00577050633729,
        "max": 0.931589245796,
        "mean": 0.221838831902,
        "median": 0.220011144876,
        "min": 0.0070369313471,
        "var": 0.0105303199962
    },
    "melbands_kurtosis": {
        "dmean": 46.8182449341,
        "dmean2": 68.9693603516,
        "dvar": 16586.7226562,
        "dvar2": 40909.3984375,
        "max": 3587.80688477,
        "mean": 75.5186538696,
        "median": 27.9416160583,
        "min": -1.77998709679,
        "var": 22938.3945312
    },
    "melbands_skewness": {
        "dmean": 1.97752285004,
        "dmean2": 2.8163599968,
        "dvar": 8.06903266907,
        "dvar2": 18.8873882294,
        "max": 48.8214988708,
        "mean": 6.09200954437,
        "median": 4.83612585068,
        "min": -0.87470304966,
        "var": 22.3831748962
    },
    "melbands_spread": {
        "dmean": 12.6298847198,
        "dmean2": 19.617565155,
        "dvar": 489.203613281,
        "dvar2": 1207.62585449,
        "max": 253.737686157,
        "mean": 25.5332603455,
        "median": 13.1499595642,
        "min": 0.0141147347167,
        "var": 1077.18078613
    },
    "pitch_salience": {
        "dmean": 0.0985779762268,
        "dmean2": 0.143994256854,
        "dvar": 0.0121064484119,
        "dvar2": 0.02649426274,
        "max": 0.929919540882,
        "mean": 0.411775290966,
        "median": 0.39755988121,
        "min": 0.0107785500586,
        "var": 0.0470715537667
    },
    "silence_rate_20dB": {
        "dmean": 0,
        "dmean2": 0,
        "dvar": 0,
        "dvar2": 0,
        "max": 1,
        "mean": 1,
        "median": 1,
        "min": 1,
        "var": 0
    },
    "silence_rate_30dB": {
        "dmean": 0.0990166142583,
        "dmean2": 0.198055624962,
        "dvar": 0.0892158895731,
        "dvar2": 0.182334154844,
        "max": 1,
        "mean": 0.769439399242,
        "median": 1,
        "min": 0,
        "var": 0.177389785647
    },
    "silence_rate_60dB": {
        "dmean": 0.00700802542269,
        "dmean2": 0.0140176350251,
        "dvar": 0.0069591444917,
        "dvar2": 0.0151785556227,
        "max": 1,
        "mean": 0.0292721521109,
        "median": 0,
        "min": 0,
        "var": 0.0284141842276
    },
    "spectral_centroid": {
        "dmean": 405.817199707,
        "dmean2": 595.775756836,
        "dvar": 240599.296875,
        "dvar2": 498758.90625,
        "max": 11390.9765625,
        "mean": 1958.13671875,
        "median": 1954.78869629,
        "min": 46.2870140076,
        "var": 920163.4375
    },
    "spectral_complexity": {
        "dmean": 6.18876457214,
        "dmean2": 9.94573783875,
        "dvar": 51.5046310425,
        "dvar2": 125.016197205,
        "max": 58,
        "mean": 26.9371604919,
        "median": 27,
        "min": 0,
        "var": 152.333831787
    },
    "spectral_decrease": {
        "dmean": 5.5902851237e-09,
        "dmean2": 7.9383157825e-09,
        "dvar": 3.3236765522e-17,
        "dvar2": 6.91216869093e-17,
        "max": -5.49973730856e-29,
        "mean": -1.87418560671e-08,
        "median": -1.60378608172e-08,
        "min": -7.41701171592e-08,
        "var": 1.59775573378e-16
    },
    "spectral_energy": {
        "dmean": 0.020845670253,
        "dmean2": 0.0298524294049,
        "dvar": 0.00044143316336,
        "dvar2": 0.000914850621484,
        "max": 0.281175464392,
        "mean": 0.0760208442807,
        "median": 0.0667204782367,
        "min": 1.06396946395e-20,
        "var": 0.002166708
    },
    "spectral_energyband_high": {
        "dmean": 0.00234382878989,
        "dmean2": 0.00366836087778,
        "dvar": 2.08608744288e-05,
        "dvar2": 5.3496361943e-05,
        "max": 0.0628826394677,
        "mean": 0.0051205996424,
        "median": 0.00245766481385,
        "min": 7.29768786315e-21,
        "var": 5.02242364746e-05
    },
    "spectral_energyband_low": {
        "dmean": 0.0214760135859,
        "dmean2": 0.0302530042827,
        "dvar": 0.00064623268554,
        "dvar2": 0.00136643147562,
        "max": 0.279993027449,
        "mean": 0.0567023158073,
        "median": 0.0445281267166,
        "min": 6.23086645372e-23,
        "var": 0.00262960838154
    },
    "spectral_energyband_middle_high": {
        "dmean": 0.00195541977882,
        "dmean2": 0.0032934632618,
        "dvar": 9.90017906588e-06,
        "dvar2": 2.72272973234e-05,
        "max": 0.0281415563077,
        "mean": 0.00460732867941,
        "median": 0.00360566028394,
        "min": 2.0331859138e-21,
        "var": 1.38042069011e-05
    },
    "spectral_energyband_middle_low": {
        "dmean": 0.00633775489405,
        "dmean2": 0.010322721675,
        "dvar": 0.00019193123444,
        "dvar2": 0.000500041409396,
        "max": 0.199403733015,
        "mean": 0.0106580965221,
        "median": 0.00563654256985,
        "min": 2.47431688151e-22,
        "var": 0.000196602530195
    },
    "spectral_entropy": {
        "dmean": 0.14173206687,
        "dmean2": 0.210322916508,
        "dvar": 0.0391277074814,
        "dvar2": 0.0828785970807,
        "max": 9.81794548035,
        "mean": 8.12481880188,
        "median": 8.24033546448,
        "min": 4.0824804306,
        "var": 0.194488599896
    },
    "spectral_flux": {
        "dmean": 0.0399877689779,
        "dmean2": 0.0564832761884,
        "dvar": 0.00227180751972,
        "dvar2": 0.00337401335128,
        "max": 0.490965992212,
        "mean": 0.126844093204,
        "median": 0.105689428747,
        "min": 1.03148892205e-10,
        "var": 0.00628939224407
    },
    "spectral_kurtosis": {
        "dmean": 1.08974289894,
        "dmean2": 1.8024533987,
        "dvar": 22.2493362427,
        "dvar2": 67.9558029175,
        "max": 194.119125366,
        "mean": 3.2384724617,
        "median": 1.96945858002,
        "min": -1.22296202183,
        "var": 100.660697937
    },
    "spectral_rms": {
        "dmean": 0.00119588314556,
        "dmean2": 0.00169951084536,
        "dvar": 1.2168189869e-06,
        "dvar2": 2.3619879812e-06,
        "max": 0.0165625326335,
        "mean": 0.00815552659333,
        "median": 0.00806803256273,
        "min": 3.22183013775e-12,
        "var": 7.65408185543e-06
    },
    "spectral_rolloff": {
        "dmean": 1108.62805176,
        "dmean2": 1755.52844238,
        "dvar": 3750565.5,
        "dvar2": 8072467,
        "max": 18669.2871094,
        "mean": 2166.98974609,
        "median": 495.263671875,
        "min": 21.533203125,
        "var": 9598981
    },
    "spectral_skewness": {
        "dmean": 0.155818864703,
        "dmean2": 0.246999680996,
        "dvar": 0.0850954800844,
        "dvar2": 0.247523456812,
        "max": 10.7746400833,
        "mean": 1.24809503555,
        "median": 1.18542838097,
        "min": -0.0238821152598,
        "var": 0.42771884799
    },
    "spectral_spread": {
        "dmean": 697253.125,
        "dmean2": 979937.3125,
        "dvar": 861755277312,
        "dvar2": 1.43464713421e+12,
        "max": 40530548,
        "mean": 6649097,
        "median": 6902104,
        "min": 489886.84375,
        "var": 5.44141213696e+12
    },
    "spectral_strongpeak": {
        "dmean": 0.303026407957,
        "dmean2": 0.517432928085,
        "dvar": 0.751733601093,
        "dvar2": 1.74807703495,
        "max": 21.9602375031,
        "mean": 0.568788766861,
        "median": 0.443282097578,
        "min": 0,
        "var": 0.720019519329
    },
    "zerocrossingrate": {
        "dmean": 0.0193225704134,
        "dmean2": 0.0216889940202,
        "dvar": 0.000510951154865,
        "dvar2": 0.000607171736192,
        "max": 0.6376953125,
        "mean": 0.0809030905366,
        "median": 0.052734375,
        "min": 0.00048828125,
        "var": 0.00492149125785
    },
    "barkbands": {
        "dmean": [0.00451739318669, 0.0181361418217, 0.00514115253463, 0.00322202197276, 0.00256805820391, 0.000724342826288, 0.000704392674379, 0.000585653644521, 0.00055463280296, 0.000516126339789, 0.000416254129959, 0.00035688225762, 0.000257143605268, 0.000198729758267, 0.000228916702326, 0.000192231527762, 0.00023189582862, 0.000265401613433, 0.000261062581558, 0.000314545235597, 0.000342128245393, 0.000356374192052, 0.00054228171939, 0.000538088788744, 0.000319784507155, 0.000376496172976, 0.000110204819066],
        "dmean2": [0.00748112937436, 0.0242252871394, 0.00903339311481, 0.00564630329609, 0.00401386711746, 0.00119412306231, 0.00113521446474, 0.000970591499936, 0.000924662395846, 0.000875084660947, 0.000700323551428, 0.000620516657364, 0.00043623498641, 0.000344121217495, 0.000394922099076, 0.000323541869875, 0.000399213779019, 0.000461825577077, 0.000447006517788, 0.000544559501577, 0.000561979308259, 0.00058134860592, 0.000881862477399, 0.000871887663379, 0.000496091495734, 0.000581398431677, 0.000172125000972],
        "dvar": [5.09115961904e-05, 0.000533577636816, 0.000239285101998, 0.000108125226689, 3.71217720385e-05, 1.91631806956e-06, 2.61818763647e-06, 8.66153641255e-07, 6.54673101508e-07, 6.22168840891e-07, 3.77648461836e-07, 3.99828820719e-07, 1.35953655445e-07, 1.07894187806e-07, 1.16740181966e-07, 5.66625963927e-08, 1.058293293e-07, 1.81360874763e-07, 1.43624760085e-07, 3.0794475947e-07, 3.95815817456e-07, 5.05678713125e-07, 1.93298160411e-06, 1.28210353978e-06, 3.63610837439e-07, 5.99259635692e-07, 6.09463342016e-08],
        "dvar2": [0.000126235652715, 0.000954656570684, 0.000657202617731, 0.000307582988171, 8.52977245813e-05, 4.91010632686e-06, 6.52443577565e-06, 2.28449857786e-06, 1.65054746049e-06, 1.63190156854e-06, 9.43984616697e-07, 1.1045329984e-06, 3.64726048474e-07, 2.98185199199e-07, 3.2513747783e-07, 1.536269707e-07, 2.93717107525e-07, 5.0783057759e-07, 3.8659720758e-07, 8.36915432956e-07, 9.92096488517e-07, 1.27009616335e-06, 4.99383304486e-06, 3.34166384164e-06, 8.37197092096e-07, 1.49746074385e-06, 1.31334232378e-07],
        "max": [0.0942426621914, 0.233659774065, 0.145420759916, 0.10453209281, 0.178334251046, 0.0238722786307, 0.031611315906, 0.0160730686039, 0.0136020351201, 0.0112894233316, 0.0097625721246, 0.00584266753867, 0.00471917260438, 0.0045027192682, 0.00358170783147, 0.00338098616339, 0.0065048430115, 0.0117205865681, 0.00672705937177, 0.0152127901092, 0.0203826855868, 0.0158480163664, 0.0180757269263, 0.0187320895493, 0.0242293458432, 0.0127243502066, 0.00617131125182],
        "mean": [0.00741266133264, 0.0430626049638, 0.00528502743691, 0.00314562884159, 0.00346486154012, 0.0010205124272, 0.00108814565465, 0.000843167654239, 0.000873257115018, 0.000678417796735, 0.000590151001234, 0.00047955440823, 0.000409811909776, 0.000294818950351, 0.000351631257217, 0.000331537681632, 0.000393178634113, 0.000461021991214, 0.00047028172412, 0.000555659993552, 0.000695025082678, 0.000689073000103, 0.000851814402267, 0.000955058610998, 0.000746073201299, 0.000708468898665, 0.000163346645422],
        "median": [0.00344848772511, 0.0311937592924, 0.000908431655262, 0.000649669091217, 0.000975442118943, 0.000490763457492, 0.000408066116506, 0.000457115937024, 0.000503531307913, 0.000373417075025, 0.000340322294505, 0.000262891117018, 0.000249796721619, 0.000196427688934, 0.000244513445068, 0.00025261042174, 0.000274169375189, 0.000316149467835, 0.00031856179703, 0.00029241037555, 0.000306223053485, 0.000312590214889, 0.000358073157258, 0.000450137828011, 0.000359778932761, 0.000248944154009, 2.74773847195e-05],
        "min": [2.12567453486e-23, 3.65603960521e-23, 9.01465671845e-24, 4.99335463483e-24, 3.52198089852e-23, 3.71318121819e-23, 3.37704316886e-23, 4.20897430178e-23, 8.82653690061e-23, 2.34360666848e-23, 1.42166947239e-22, 1.26390511684e-22, 2.01117121669e-22, 2.8479504363e-22, 1.7516155316e-22, 1.06347272644e-22, 1.2219356972e-22, 2.83892712972e-22, 4.25103737499e-22, 2.50113588037e-22, 4.03343722559e-22, 5.972856936e-22, 4.65344478908e-22, 9.28898483374e-22, 1.11395712332e-21, 1.36454842027e-21, 2.50879214779e-21],
        "var": [9.86783124972e-05, 0.00188563484699, 0.000164914526977, 7.01748358551e-05, 5.43063906662e-05, 2.40584336098e-06, 4.08811411035e-06, 1.23293739307e-06, 1.12058432933e-06, 7.60596719829e-07, 5.97489190568e-07, 3.92973220187e-07, 2.28779427403e-07, 1.12503698801e-07, 1.32090065108e-07, 9.07455302013e-08, 1.82455721642e-07, 2.99944730386e-07, 2.71095586868e-07, 7.11952850452e-07, 1.21101425066e-06, 1.09229927148e-06, 2.21553318625e-06, 2.56018734035e-06, 1.92123889065e-06, 1.21377024698e-06, 1.13896376774e-07]
    },
    "erbbands": {
        "dmean": [0.917604029179, 3.07255339622, 5.63214349747, 8.71447753906, 9.48445129395, 9.45504188538, 5.65578603745, 6.10153102875, 9.83334732056, 10.8981637955, 11.3681354523, 13.2458591461, 14.7002820969, 15.2733240128, 17.0041599274, 13.5302915573, 11.6300973892, 10.4357814789, 10.5489120483, 10.6446447372, 10.5669374466, 12.9563646317, 13.1449346542, 13.6955957413, 13.2183580399, 14.6015796661, 14.580532074, 14.0713653564, 12.3147497177, 13.753162384, 15.9297800064, 13.1357488632, 7.93814086914, 4.12383174896, 2.3084423542, 1.5178052187, 0.762086093426, 0.172682106495, 0.018469741568, 0.00026422625524],
        "dmean2": [1.16428160667, 4.48168802261, 9.43173122406, 15.2357301712, 15.5938577652, 14.5607461929, 9.33643054962, 9.725233078, 15.6641511917, 17.8859539032, 19.021774292, 21.8918018341, 24.9870033264, 25.8987064362, 29.1100463867, 23.368270874, 19.7794284821, 17.9807300568, 18.1711463928, 18.2329216003, 17.9468860626, 22.3276596069, 22.8237781525, 23.2928161621, 22.8478145599, 25.3432025909, 24.554889679, 23.0975646973, 20.3166313171, 22.0576038361, 26.1361618042, 21.8211746216, 12.6360931396, 6.49765396118, 3.61392664909, 2.35496902466, 1.20356154442, 0.264299511909, 0.0292383246124, 0.000411486951634],
        "dvar": [1.35917103291, 24.8334655762, 227.754348755, 820.469848633, 542.986083984, 606.045043945, 177.358978271, 110.551422119, 502.856719971, 504.113708496, 290.803863525, 406.341156006, 516.510803223, 500.990783691, 744.866638184, 543.932495117, 276.921325684, 353.564758301, 222.92767334, 239.712417603, 176.265686035, 332.833618164, 367.210540771, 484.774108887, 419.472259521, 683.858520508, 808.131225586, 646.088500977, 532.000366211, 934.689331055, 1751.21789551, 864.881408691, 247.345336914, 64.4785308838, 18.8357105255, 9.3996591568, 2.70288777351, 0.0994927212596, 0.00171165436041, 2.82207480495e-07],
        "dvar2": [1.87924492359, 55.2040672302, 600.942749023, 2267.30175781, 1388.99084473, 1338.37231445, 451.318878174, 272.661071777, 1197.6192627, 1361.02783203, 756.624206543, 1011.203125, 1357.59411621, 1308.48217773, 1994.6932373, 1496.72424316, 739.601257324, 978.320495605, 616.235534668, 660.462280273, 487.31817627, 920.901672363, 1016.13952637, 1275.4074707, 1148.11523438, 1874.7611084, 2098.19018555, 1619.68041992, 1349.94506836, 2387.86132812, 4601.19677734, 2339.94628906, 622.090148926, 157.40435791, 44.4411621094, 23.0291233063, 6.96663284302, 0.2177041471, 0.0037880516611, 6.202469649e-07],
        "max": [14.4251327515, 51.2380523682, 143.589279175, 301.700592041, 520.679931641, 513.083679199, 182.238037109, 244.618728638, 554.540283203, 545.842224121, 272.146209717, 399.070098877, 336.33795166, 395.574615479, 329.41229248, 245.337051392, 210.369247437, 292.870239258, 191.562362671, 271.56451416, 212.150588989, 265.739257812, 289.606170654, 733.619995117, 412.322387695, 778.251708984, 1098.16333008, 539.045288086, 383.217559814, 607.440246582, 553.592956543, 396.201507568, 259.30078125, 315.952301025, 161.147445679, 50.8358535767, 27.2127513885, 5.83392810822, 0.989196240902, 0.0123186055571],
        "mean": [2.10974502563, 6.01240253448, 7.18581151962, 8.56800937653, 11.6296310425, 12.400645256, 7.31747245789, 9.59504318237, 15.4864997864, 16.3114433289, 17.463136673, 21.0012741089, 20.2807388306, 21.714553833, 23.5199241638, 19.8605499268, 19.1952362061, 16.5457305908, 17.1928920746, 18.1185417175, 18.9104957581, 22.9217014313, 23.7852706909, 25.5654678345, 24.1233558655, 25.9056491852, 28.2342433929, 26.5217494965, 23.6248703003, 25.3878498077, 24.3603496552, 21.2718296051, 14.6578388214, 9.34340763092, 4.9690861702, 2.97892141342, 1.30273115635, 0.314872980118, 0.0267070960253, 0.000505032541696],
        "median": [1.23754394054, 3.78113555908, 1.75154328346, 1.9113175869, 3.40878725052, 2.80161952972, 3.00154423714, 5.0904750824, 6.01922893524, 7.77808761597, 9.29376506805, 12.4360294342, 11.5759773254, 13.4330348969, 13.1682415009, 11.5507707596, 12.0894832611, 11.531539917, 12.6063528061, 13.0133590698, 14.8867225647, 16.1109046936, 17.2133312225, 16.3676223755, 15.3224802017, 14.0537204742, 13.0618200302, 11.6469039917, 10.8782367706, 11.5897579193, 9.9119682312, 10.1617164612, 6.76947546005, 4.34247970581, 2.44323205948, 1.27883148193, 0.38543266058, 0.0918986946344, 0.00443912483752, 0.0002139222197],
        "min": [2.06203989611e-21, 4.55547184923e-21, 8.12275771111e-21, 1.66822167025e-20, 2.30417088831e-20, 1.15443355465e-19, 3.60951453075e-19, 3.19141557315e-19, 3.69806835123e-19, 6.42450036966e-19, 1.0739104947e-18, 1.62730869676e-18, 1.46554670374e-18, 2.79525649562e-18, 5.81874370277e-18, 5.85316682396e-18, 8.5362797556e-18, 1.00498234076e-17, 1.27608466539e-17, 6.84339631578e-18, 6.61775840188e-18, 6.90041552976e-18, 1.63039681014e-17, 1.22141844937e-17, 2.75849332183e-17, 1.1120647588e-17, 1.64648878178e-17, 1.37848739183e-17, 1.89560001351e-17, 1.95250424939e-17, 1.48925432048e-17, 1.74567700165e-17, 1.52385809792e-17, 1.20475506137e-17, 8.08080929491e-18, 3.45596845746e-18, 3.36793638116e-18, 1.27256877555e-18, 3.92152912576e-19, 3.42208044458e-20],
        "var": [5.85995912552, 49.4509544373, 201.250595093, 539.610534668, 613.581970215, 873.109619141, 182.076568604, 182.445068359, 859.070251465, 620.307739258, 480.817352295, 685.862976074, 644.345214844, 646.887817383, 916.931213379, 605.481567383, 465.842712402, 356.554351807, 275.826904297, 310.457427979, 258.724182129, 560.927612305, 572.313537598, 1179.90087891, 812.293334961, 1503.66601562, 2258.08374023, 1576.36206055, 1190.4432373, 1567.52038574, 1945.85742188, 1265.22937012, 607.031860352, 338.750671387, 76.2685623169, 21.6980991364, 4.52143096924, 0.240000247955, 0.00306405453011, 5.66238668398e-07]
    },
    "gfcc": {
        "mean": [55.4284629822, 46.1455802917, -84.9247817993, 39.0270385742, -46.2284088135, 24.7661418915, -24.2024002075, 20.0358314514, -17.0227222443, 9.42154312134, -13.9325618744, 8.09386920929, -11.0176057816],
        "cov": [[7609.07226562, -2394.21630859, 148.217651367, 422.371368408, -557.651123047, 315.553253174, -80.4372787476, 168.52935791, -162.957702637, 234.282653809, -156.696228027, 227.378433228, -129.478088379], [-2394.21630859, 3041.82592773, -736.033325195, -163.577072144, 282.738891602, -364.813446045, 144.908493042, -177.78163147, 73.7645492554, -204.03793335, 149.529006958, -218.965866089, -6.41952228546], [148.217651367, -736.033325195, 911.306213379, 240.598480225, 74.2943572998, 224.38772583, -52.2517967224, 64.4975204468, 7.10454750061, 37.5052032471, -65.1658706665, 52.1565322876, -7.9415230751], [422.371368408, -163.577072144, 240.598480225, 488.105865479, 48.419418335, 201.031280518, 73.3242645264, 97.9720077515, 88.6160354614, 64.4453964233, 37.0910377502, 40.5617294312, 30.5988674164], [-557.651123047, 282.738891602, 74.2943572998, 48.419418335, 221.82598877, 63.9586372375, 101.742034912, 48.9483070374, 79.0481491089, 18.602388382, 62.3468742371, 14.3991708755, 41.1863288879], [315.553253174, -364.813446045, 224.38772583, 201.031280518, 63.9586372375, 274.664459229, 84.953956604, 145.864990234, 82.6468963623, 93.4670257568, 41.2232170105, 76.9872894287, 38.7324676514], [-80.4372787476, 144.908493042, -52.2517967224, 73.3242645264, 101.742034912, 84.953956604, 170.424789429, 109.940887451, 119.585922241, 54.1731872559, 80.4442520142, 38.7327461243, 50.0265655518], [168.52935791, -177.78163147, 64.4975204468, 97.9720077515, 48.9483070374, 145.864990234, 109.940887451, 182.052764893, 121.575546265, 105.065765381, 62.3090438843, 66.598739624, 39.0671958923], [-162.957702637, 73.7645492554, 7.10454750061, 88.6160354614, 79.0481491089, 82.6468963623, 119.585922241, 121.575546265, 165.18699646, 93.4488296509, 96.0194320679, 48.2294387817, 48.0649223328], [234.282653809, -204.03793335, 37.5052032471, 64.4453964233, 18.602388382, 93.4670257568, 54.1731872559, 105.065765381, 93.4488296509, 131.589019775, 73.4111404419, 68.0260696411, 32.4945297241], [-156.696228027, 149.529006958, -65.1658706665, 37.0910377502, 62.3468742371, 41.2232170105, 80.4442520142, 62.3090438843, 96.0194320679, 73.4111404419, 115.921287537, 55.038898468, 50.9967689514], [227.378433228, -218.965866089, 52.1565322876, 40.5617294312, 14.3991708755, 76.9872894287, 38.7327461243, 66.598739624, 48.2294387817, 68.0260696411, 55.038898468, 92.4995422363, 48.1905403137], [-129.478088379, -6.41952228546, -7.9415230751, 30.5988674164, 41.1863288879, 38.7324676514, 50.0265655518, 39.0671958923, 48.0649223328, 32.4945297241, 50.9967689514, 48.1905403137, 74.5997772217]],
        "icov": [[0.000287251168629, 8.56025872054e-05, 0.000136110218591, -0.000318311474985, 0.000483301555505, 3.66251770174e-05, -0.000683330988977, 0.000121034740005, 0.000635982200038, -0.000626349123195, 0.000545742106624, -0.00101483834442, 0.000905557302758], [8.56025872054e-05, 0.00103217130527, 0.000452906737337, -0.000287503644358, -0.000899501435924, 0.000658118340652, -0.00011983980221, -6.90452288836e-05, -0.00017695457791, 0.00165791064501, -0.00255928514525, 0.00187705270946, 0.000603813154157], [0.000136110218591, 0.000452906737337, 0.00240633706562, -0.000813338789158, -0.00181483908091, -0.00104449840728, 0.00205458444543, 0.00025529708364, -0.00138369167689, 0.000514929706696, 0.00207583350129, -0.00169317226391, 0.00123970466666], [-0.000318311474985, -0.000287503644358, -0.000813338789158, 0.0036880671978, 0.000511777412612, -0.00259080040269, 0.000130814834847, 0.000944930303376, -0.00193132727873, 0.000575964630116, -0.000728947343305, 0.00212312838994, -0.00157624215353], [0.000483301555505, -0.000899501435924, -0.00181483908091, 0.000511777412612, 0.0103133544326, -0.00177796382923, -0.00582225760445, 0.0017194977263, 0.000985273858532, -0.00106969790068, -0.000813853403088, -0.000233539220062, -0.000870270829182], [3.66251770174e-05, 0.000658118340652, -0.00104449840728, -0.00259080040269, -0.00177796382923, 0.0112024433911, -0.00206701410934, -0.00600602012128, 0.00371821597219, -0.00102256110404, -0.000760887633078, -0.00158788880799, 0.000364035950042], [-0.000683330988977, -0.00011983980221, 0.00205458444543, 0.000130814834847, -0.00582225760445, -0.00206701410934, 0.0218263473362, -0.00746499421075, -0.00914377253503, 0.00811542849988, -0.00378075544722, 0.00212408858351, -0.00390217988752], [0.000121034740005, -6.90452288836e-05, 0.00025529708364, 0.000944930303376, 0.0017194977263, -0.00600602012128, -0.00746499421075, 0.0226943008602, -0.00869996286929, -0.00829931907356, 0.0081793339923, -0.00464946264401, 0.00176651007496], [0.000635982200038, -0.00017695457791, -0.00138369167689, -0.00193132727873, 0.000985273858532, 0.00371821597219, -0.00914377253503, -0.00869996286929, 0.0277259796858, -0.00882564857602, -0.00899548828602, 0.00421176757663, -0.000644122716039], [-0.000626349123195, 0.00165791064501, 0.000514929706696, 0.000575964630116, -0.00106969790068, -0.00102256110404, 0.00811542849988, -0.00829931907356, -0.00882564857602, 0.0297041554004, -0.0153511334211, -0.00106811348815, 0.00283151026815], [0.000545742106624, -0.00255928514525, 0.00207583350129, -0.000728947343305, -0.000813853403088, -0.000760887633078, -0.00378075544722, 0.0081793339923, -0.00899548828602, -0.0153511334211, 0.040037997067, -0.0181819070131, -0.00279906368814], [-0.00101483834442, 0.00187705270946, -0.00169317226391, 0.00212312838994, -0.000233539220062, -0.00158788880799, 0.00212408858351, -0.00464946264401, 0.00421176757663, -0.00106811348815, -0.0181819070131, 0.0392653159797, -0.0158711988479], [0.000905557302758, 0.000603813154157, 0.00123970466666, -0.00157624215353, -0.000870270829182, 0.000364035950042, -0.00390217988752, 0.00176651007496, -0.000644122716039, 0.00283151026815, -0.00279906368814, -0.0158711988479, 0.029137911275]]
    },
    "melbands": {
        "dmean": [0.00627972232178, 0.00304767326452, 0.00150641053915, 0.000691078836098, 0.00021774029301, 0.000136668080813, 0.000146664649947, 0.000123843419715, 9.16042772587e-05, 8.66046393639e-05, 7.51888073864e-05, 6.42886952846e-05, 5.53093996132e-05, 4.30404543295e-05, 3.07644513668e-05, 2.70757464023e-05, 1.97538902285e-05, 1.71865776792e-05, 1.77116398845e-05, 1.39587273225e-05, 1.32302911879e-05, 1.55292509589e-05, 1.14989215945e-05, 1.31485612656e-05, 1.16513965622e-05, 1.10156943265e-05, 9.29331963562e-06, 1.09961029011e-05, 9.68140375335e-06, 9.39398796618e-06, 8.88126851351e-06, 7.97707070888e-06, 6.53395136396e-06, 9.03202726477e-06, 1.01338264358e-05, 8.75619934959e-06, 7.91114416643e-06, 6.29730675428e-06, 4.25376083513e-06, 3.55545967068e-06],
        "dmean2": [0.00823521986604, 0.00473620090634, 0.0025696833618, 0.00108614074998, 0.000345057167578, 0.000220776026254, 0.000234176579397, 0.000204045820283, 0.000152442633407, 0.000143302764627, 0.000128037005197, 0.000109250024252, 9.37155855354e-05, 7.48690508772e-05, 5.19240784342e-05, 4.61912568426e-05, 3.41479608323e-05, 2.9683473258e-05, 3.07381742459e-05, 2.35535935644e-05, 2.26166521315e-05, 2.69201464107e-05, 1.95649281522e-05, 2.31407248066e-05, 1.97628323804e-05, 1.91760282178e-05, 1.57892227435e-05, 1.9374605472e-05, 1.6648284145e-05, 1.56545611389e-05, 1.45944541146e-05, 1.33293460749e-05, 1.06393299575e-05, 1.46902220877e-05, 1.66682275449e-05, 1.47261425809e-05, 1.30958442242e-05, 1.02025569504e-05, 6.69684641252e-06, 5.68826499148e-06],
        "dvar": [5.92108517594e-05, 4.1142149712e-05, 2.05764081329e-05, 2.82915698335e-06, 2.14083357264e-07, 5.60159811869e-08, 1.091212809e-07, 5.53169314799e-08, 1.84716562046e-08, 1.75756813547e-08, 1.3750664607e-08, 8.83651374295e-09, 6.96700608316e-09, 5.95132920722e-09, 2.18938822627e-09, 1.7403024577e-09, 1.27113297665e-09, 5.65569036048e-10, 7.89754206476e-10, 3.6524883118e-10, 2.93964491638e-10, 5.18836029695e-10, 2.34145675071e-10, 4.83739936996e-10, 3.5515732022e-10, 2.82283918462e-10, 2.29147770203e-10, 4.12323730714e-10, 3.39238942493e-10, 3.70034142216e-10, 3.01109553957e-10, 2.24728721743e-10, 2.08530970269e-10, 4.44373371433e-10, 7.04372449256e-10, 4.74757344548e-10, 2.7406368841e-10, 1.66127903101e-10, 5.96170751654e-11, 4.97291270662e-11],
        "dvar2": [9.13621770451e-05, 9.84240687103e-05, 5.58888132218e-05, 6.64091840008e-06, 5.05809055085e-07, 1.40416432259e-07, 2.62564981313e-07, 1.48666487121e-07, 4.72492693859e-08, 4.35835865176e-08, 3.6247044477e-08, 2.32134045319e-08, 1.81337682648e-08, 1.65529421281e-08, 5.99789951039e-09, 4.72454475542e-09, 3.51440343493e-09, 1.55827373227e-09, 2.19629470166e-09, 9.83517156605e-10, 8.25013890537e-10, 1.44690381898e-09, 6.52076115326e-10, 1.34727784484e-09, 9.272584367e-10, 7.83485387679e-10, 6.24829410434e-10, 1.14264420148e-09, 9.02835750605e-10, 9.37060429251e-10, 7.45946304725e-10, 5.81491577112e-10, 5.26324872574e-10, 1.14595166689e-09, 1.83928761111e-09, 1.27426058594e-09, 7.31249338859e-10, 4.25594282039e-10, 1.49362675006e-10, 1.22592644369e-10],
        "max": [0.0898995622993, 0.0652201771736, 0.046470746398, 0.047351360321, 0.00717447837815, 0.00475459638983, 0.00751313939691, 0.00518394820392, 0.00195370963775, 0.00264784437604, 0.00169348285999, 0.00150657433551, 0.0011961493874, 0.000748124090023, 0.000672262045555, 0.000622597639449, 0.000533872225787, 0.000334730400937, 0.00039705997915, 0.000297460181173, 0.000288677751087, 0.000356934964657, 0.000293190707453, 0.000527312571649, 0.000627444824204, 0.000251607765676, 0.000380849873181, 0.000506752170622, 0.000603876193054, 0.00059287348995, 0.000457496178569, 0.000248488911893, 0.000470422150102, 0.000267373921815, 0.000391903624404, 0.000287202070467, 0.000347274879459, 0.000226742049563, 0.000234666658798, 0.000266405841103],
        "mean": [0.0147771770135, 0.00518589094281, 0.00161581311841, 0.000908887072001, 0.000303086679196, 0.000207807315746, 0.000231834739679, 0.000179417445906, 0.000140545336762, 0.000132460147142, 0.000100444129203, 8.78520077094e-05, 7.74261643528e-05, 5.79331426707e-05, 4.66115161544e-05, 4.1033305024e-05, 2.90203915938e-05, 2.6519444873e-05, 2.64310801867e-05, 2.3349390176e-05, 2.16840999201e-05, 2.46429171966e-05, 2.06264758162e-05, 2.17642700591e-05, 2.05931191886e-05, 1.77397687366e-05, 1.71331666934e-05, 1.72212785401e-05, 1.67997422977e-05, 1.78336886165e-05, 1.47936025314e-05, 1.35134669108e-05, 1.26860159071e-05, 1.48325852933e-05, 1.46361635416e-05, 1.27617922772e-05, 1.29622221721e-05, 1.06090010377e-05, 8.68521510711e-06, 7.59408430895e-06],
        "median": [0.0100264800712, 0.00243913079612, 0.000403598096455, 0.000246667128522, 0.000120092910947, 0.000108659056423, 8.83033935679e-05, 8.61512235133e-05, 7.29256717023e-05, 7.63932621339e-05, 5.52072779101e-05, 5.21051988471e-05, 4.42547170678e-05, 3.25695436914e-05, 2.6007030101e-05, 2.48261421802e-05, 1.92901115952e-05, 1.86332254088e-05, 1.75267250597e-05, 1.68576698343e-05, 1.65240762726e-05, 1.62168016686e-05, 1.54858826136e-05, 1.42959706864e-05, 1.27305283968e-05, 1.16068167699e-05, 9.40220161283e-06, 8.91382114787e-06, 8.10296023701e-06, 7.31531872589e-06, 6.3473416958e-06, 6.04986234976e-06, 5.84361623623e-06, 6.36328331893e-06, 5.4866195569e-06, 6.26770406598e-06, 5.90248919252e-06, 4.54402061223e-06, 4.24829067924e-06, 3.39341477229e-06],
        "min": [1.48648689131e-23, 4.64590479343e-24, 3.07290273779e-24, 3.48737025739e-24, 1.18590509067e-23, 6.87660621817e-24, 5.95941460418e-24, 7.09306018423e-24, 9.08674046139e-24, 1.19838203029e-23, 7.50628130361e-24, 9.81342650551e-24, 2.17080384729e-23, 1.35099876866e-23, 2.49897156159e-23, 1.26822667043e-23, 2.0893036295e-23, 2.38313964389e-23, 1.32513675274e-23, 7.49503530254e-24, 7.47325564181e-24, 5.83639687361e-24, 1.10968866322e-23, 1.59567518024e-23, 8.29386504302e-24, 1.78448667132e-23, 1.64727110106e-23, 5.52837706126e-24, 1.00482719747e-23, 8.39359047208e-24, 8.59347835913e-24, 1.04152619007e-23, 1.26322095356e-23, 9.77990701678e-24, 9.04279459808e-24, 6.85404479628e-24, 1.23657409993e-23, 1.17287642173e-23, 8.08236275686e-24, 1.1068207594e-23],
        "var": [0.000243989183218, 5.65136178921e-05, 1.47660166476e-05, 3.85372686651e-06, 2.77026686035e-07, 8.56440180996e-08, 1.87988575817e-07, 7.07286105239e-08, 3.27107834153e-08, 2.87910264518e-08, 1.67785803029e-08, 1.10422888611e-08, 9.81147874057e-09, 5.58060708755e-09, 3.37249650428e-09, 2.44503395308e-09, 1.24690602288e-09, 7.19567683216e-10, 8.61090421189e-10, 5.55923695966e-10, 3.83783865798e-10, 7.64663887765e-10, 4.04150768407e-10, 7.44997730173e-10, 8.53873305395e-10, 4.16922385504e-10, 6.05873740067e-10, 7.15308312582e-10, 7.5174821923e-10, 1.11749443032e-09, 5.45195555368e-10, 4.15510403862e-10, 4.26621821203e-10, 5.89546800267e-10, 7.84199760684e-10, 4.8118692364e-10, 5.2985382748e-10, 3.45098005727e-10, 2.40574837829e-10, 2.39605529861e-10]
    },
    "mfcc": {
        "mean": [-596.321411133, 84.2008514404, 20.39702034, 25.6980037689, 9.87714099884, 12.4467897415, 8.97642326355, 13.9351444244, 7.81571054459, 7.94507598877, 4.532725811, 5.71123456955, 3.09484529495],
        "cov": [[5474.37158203, -1082.03405762, -174.02015686, -15.2609586716, -231.354690552, -85.7984008789, 10.252450943, -34.1520004272, -21.7114963531, -36.7697792053, -14.3044500351, -11.6507463455, 15.6418170929], [-1082.03405762, 1936.18811035, -498.618347168, 153.919021606, -96.7073287964, -37.5095672607, -25.4077510834, 7.71915960312, -84.9543228149, -51.2695083618, 69.1968154907, 16.0763988495, 2.24618601799], [-174.02015686, -498.618347168, 657.872924805, 60.209274292, 204.299331665, 96.0688476562, 29.7250347137, 28.220495224, 47.7361717224, 24.1485767365, -29.2120094299, -8.81532382965, -12.8795604706], [-15.2609586716, 153.919021606, 60.209274292, 267.204803467, 85.0564041138, 72.9338989258, 34.8282928467, 54.6628036499, 36.7391166687, 24.6056423187, 44.7942314148, 26.8149452209, 27.2880954742], [-231.354690552, -96.7073287964, 204.299331665, 85.0564041138, 185.181884766, 98.6492004395, 64.434211731, 58.8680953979, 54.3091583252, 48.0770301819, 22.6739044189, 29.4227809906, 21.3878879547], [-85.7984008789, -37.5095672607, 96.0688476562, 72.9338989258, 98.6492004395, 116.314147949, 63.7377700806, 56.9897003174, 40.2384529114, 38.6056785583, 25.0442314148, 24.4144992828, 21.5160655975], [10.252450943, -25.4077510834, 29.7250347137, 34.8282928467, 64.434211731, 63.7377700806, 94.8961791992, 70.9489974976, 56.0163917542, 44.632194519, 29.3026847839, 30.8323802948, 27.4984836578], [-34.1520004272, 7.71915960312, 28.220495224, 54.6628036499, 58.8680953979, 56.9897003174, 70.9489974976, 118.035705566, 80.0380325317, 58.0115432739, 46.1902313232, 44.2582626343, 40.255859375], [-21.7114963531, -84.9543228149, 47.7361717224, 36.7391166687, 54.3091583252, 40.2384529114, 56.0163917542, 80.0380325317, 109.535552979, 73.4942474365, 49.3144493103, 47.9404716492, 42.5516738892], [-36.7697792053, -51.2695083618, 24.1485767365, 24.6056423187, 48.0770301819, 38.6056785583, 44.632194519, 58.0115432739, 73.4942474365, 96.3012390137, 61.3055915833, 55.3305854797, 44.7193603516], [-14.3044500351, 69.1968154907, -29.2120094299, 44.7942314148, 22.6739044189, 25.0442314148, 29.3026847839, 46.1902313232, 49.3144493103, 61.3055915833, 87.3042068481, 65.4630355835, 50.2435150146], [-11.6507463455, 16.0763988495, -8.81532382965, 26.8149452209, 29.4227809906, 24.4144992828, 30.8323802948, 44.2582626343, 47.9404716492, 55.3305854797, 65.4630355835, 87.0917816162, 62.6462059021], [15.6418170929, 2.24618601799, -12.8795604706, 27.2880954742, 21.3878879547, 21.5160655975, 27.4984836578, 40.255859375, 42.5516738892, 44.7193603516, 50.2435150146, 62.6462059021, 81.3562164307]],
