{
"lowlevel": {
    "average_loudness": 0.828579068184,
    "barkbands_crest": {
        "dmean": 2.48368930817,
        "dmean2": 3.86310076714,
        "dvar": 7.65212011337,
        "dvar2": 16.2520503998,
        "max": 26.1719436646,
        "mean": 9.80565929413,
        "median": 8.62018013,
        "min": 1.88093936443,
        "var": 23.7381057739
    },
    "barkbands_flatness_db": {
        "dmean": 0.0203076936305,
        "dmean2": 0.0309577472508,
        "dvar": 0.000577230530325,
        "dvar2": 0.00125557370484,
        "max": 0.565877616405,
        "mean": 0.115078888834,
        "median": 0.0951498150826,
        "min": 0.0146114919335,
        "var": 0.00450978148729
    },
    "barkbands_kurtosis": {
        "dmean": 1.54900991917,
        "dmean2": 2.38583397865,
        "dvar": 11.0356464386,
        "dvar2": 25.700969696,
        "max": 88.7942733765,
        "mean": 1.19436907768,
        "median": -0.103322982788,
        "min": -1.91976761818,
        "var": 19.9912376404
    },
    "barkbands_skewness": {
        "dmean": 0.484365940094,
        "dmean2": 0.713119089603,
        "dvar": 0.341994196177,
        "dvar2": 0.674865305424,
        "max": 8.96161365509,
        "mean": 0.672675609589,
        "median": 0.662910223007,
        "min": -2.82073807716,
        "var": 1.38733863831
    },
    "barkbands_spread": {
        "dmean": 8.38761901855,
        "dmean2": 13.2799596786,
        "dvar": 111.111526489,
        "dvar2": 254.340637207,
        "max": 117.054725647,
        "mean": 46.6062278748,
        "median": 46.6237335205,
        "min": 1.08528673649,
        "var": 872.835388184
    },
    "dissonance": {
        "dmean": 0.0150662325323,
        "dmean2": 0.0253005269915,
        "dvar": 0.000319185754051,
        "dvar2": 0.000860503874719,
        "max": 0.500000119209,
        "mean": 0.471812605858,
        "median": 0.479715704918,
        "min": 0.158929482102,
        "var": 0.000712368171662
    },
    "dynamic_complexity": 1.11110401154,
    "erbbands_crest": {
        "dmean": 1.90665018559,
        "dmean2": 3.10267806053,
        "dvar": 4.30315065384,
        "dvar2": 10.3356046677,
        "max": 28.8243179321,
        "mean": 6.95670127869,
        "median": 5.41270303726,
        "min": 2.16689586639,
        "var": 18.7525463104
    },
    "erbbands_flatness_db": {
        "dmean": 0.0131210340187,
        "dmean2": 0.019516479224,
        "dvar": 0.000260404514847,
        "dvar2": 0.000554875703529,
        "max": 0.460321098566,
        "mean": 0.135472580791,
        "median": 0.102526448667,
        "min": 0.0416373647749,
        "var": 0.00548002403229
    },
    "erbbands_kurtosis": {
        "dmean": 0.876623392105,
        "dmean2": 1.36487209797,
        "dvar": 1.88129401207,
        "dvar2": 4.16315078735,
        "max": 29.9728813171,
        "mean": 0.393825918436,
        "median": -0.245845079422,
        "min": -1.86010205746,
        "var": 5.35276460648
    },
    "erbbands_skewness": {
        "dmean": 0.296341359615,
        "dmean2": 0.467190057039,
        "dvar": 0.0798252075911,
        "dvar2": 0.194190427661,
        "max": 3.65520477295,
        "mean": -0.107760809362,
        "median": -0.273514091969,
        "min": -3.83953142166,
        "var": 0.631886005402
    },
    "erbbands_spread": {
        "dmean": 10.2397193909,
        "dmean2": 15.8208580017,
        "dvar": 185.101089478,
        "dvar2": 380.734771729,
        "max": 176.595062256,
        "mean": 49.5460395813,
        "median": 47.8488273621,
        "min": 1.67774116993,
        "var": 771.80645752
    },
    "hfc": {
        "dmean": 22.8077945709,
        "dmean2": 35.3346138,
        "dvar": 1010.02038574,
        "dvar2": 2222.82446289,
        "max": 554.998657227,
        "mean": 87.9044952393,
        "median": 79.0254821777,
        "min": 1.13665707002e-16,
        "var": 4781.41357422
    },
    "melbands_crest": {
        "dmean": 3.16573596001,
        "dmean2": 4.96718406677,
        "dvar": 11.2318058014,
        "dvar2": 25.6995544434,
        "max": 36.3755989075,
        "mean": 15.3024549484,
        "median": 14.4610309601,
        "min": 2.21860146523,
        "var": 42.5156974792
    },
    "melbands_flatness_db": {
        "dmean": 0.0272113848478,
        "dmean2": 0.0409406125546,
        "dvar": 0.00121072435286,
        "dvar2": 0.00248944899067,
        "max": 0.717472374439,
        "mean": 0.161994367838,
        "median": 0.149846360087,
        "min": 0.00653393892571,
        "var": 0.0080926110968
    },
    "melbands_kurtosis": {
        "dmean": 8.36698913574,
        "dmean2": 12.3176584244,
        "dvar": 521.043884277,
        "dvar2": 1040.09863281,
        "max": 644.891357422,
        "mean": 12.9230527878,
        "median": 4.75865840912,
        "min": -1.74778938293,
        "var": 1051.5592041
    },
    "melbands_skewness": {
        "dmean": 0.814695596695,
        "dmean2": 1.1844124794,
        "dvar": 1.49502944946,
        "dvar2": 2.65919566154,
        "max": 22.8137378693,
        "mean": 2.50670933723,
        "median": 2.0061249733,
        "min": -1.96241128445,
        "var": 5.08253097534
    },
    "melbands_spread": {
        "dmean": 14.210515976,
        "dmean2": 21.9163455963,
        "dvar": 406.088684082,
        "dvar2": 836.902954102,
        "max": 238.569107056,
        "mean": 50.016204834,
        "median": 32.8675308228,
        "min": 1.14720439911,
        "var": 1875.33850098
    },
    "pitch_salience": {
        "dmean": 0.0725701004267,
        "dmean2": 0.112311668694,
        "dvar": 0.00600807880983,
        "dvar2": 0.0131657011807,
        "max": 0.999535262585,
        "mean": 0.53222733736,
        "median": 0.550083041191,
        "min": 0.0473015382886,
        "var": 0.0188160780817
    },
    "silence_rate_20dB": {
        "dmean": 0,
        "dmean2": 0,
        "dvar": 0,
        "dvar2": 0,
        "max": 1,
        "mean": 1,
        "median": 1,
        "min": 1,
        "var": 0
    },
    "silence_rate_30dB": {
        "dmean": 0.0199389923364,
        "dmean2": 0.0398809537292,
        "dvar": 0.0195407755673,
        "dvar2": 0.0439420416951,
        "max": 1,
        "mean": 0.972623109818,
        "median": 1,
        "min": 0,
        "var": 0.0266319904476
    },
    "silence_rate_60dB": {
        "dmean": 0.00148798455484,
        "dmean2": 0.00297619053163,
        "dvar": 0.00148546660785,
        "dvar2": 0.00341255939566,
        "max": 1,
        "mean": 0.00870406161994,
        "median": 0,
        "min": 0,
        "var": 0.00862880237401
    },
    "spectral_centroid": {
        "dmean": 320.304138184,
        "dmean2": 506.862487793,
        "dvar": 162305.234375,
        "dvar2": 359145.09375,
        "max": 10989.2480469,
        "mean": 2160.73120117,
        "median": 2211.42163086,
        "min": 191.899520874,
        "var": 1060815.875
    },
    "spectral_complexity": {
        "dmean": 4.68982982635,
        "dmean2": 7.48616075516,
        "dvar": 21.6995201111,
        "dvar2": 49.2196922302,
        "max": 58,
        "mean": 27.3883342743,
        "median": 26,
        "min": 0,
        "var": 94.7379302979
    },
    "spectral_decrease": {
        "dmean": 2.7998963148e-09,
        "dmean2": 4.20982626537e-09,
        "dvar": 1.87346978884e-17,
        "dvar2": 3.53690783225e-17,
        "max": 2.61829030255e-19,
        "mean": -9.47541867191e-09,
        "median": -7.66944019404e-09,
        "min": -7.5580068426e-08,
        "var": 5.33819320863e-17
    },
    "spectral_energy": {
        "dmean": 0.011325432919,
        "dmean2": 0.0169620998204,
        "dvar": 0.000253467384027,
        "dvar2": 0.000473049178254,
        "max": 0.290750026703,
        "mean": 0.0437354892492,
        "median": 0.0373413935304,
        "min": 1.05166709104e-20,
        "var": 0.000720210431609
    },
    "spectral_energyband_high": {
        "dmean": 0.002164746169,
        "dmean2": 0.0033809596207,
        "dvar": 1.2090115888e-05,
        "dvar2": 2.71906010312e-05,
        "max": 0.0568692646921,
        "mean": 0.00752745335922,
        "median": 0.00688257440925,
        "min": 7.44093793534e-21,
        "var": 5.75606391067e-05
    },
    "spectral_energyband_low": {
        "dmean": 0.00693228840828,
        "dmean2": 0.0100954510272,
        "dvar": 0.000283208704786,
        "dvar2": 0.000525819719769,
        "max": 0.284405231476,
        "mean": 0.0166305620223,
        "median": 0.00713191088289,
        "min": 3.68570992603e-23,
        "var": 0.000749102968257
    },
    "spectral_energyband_middle_high": {
        "dmean": 0.00250380719081,
        "dmean2": 0.00395986950025,
        "dvar": 1.33396160891e-05,
        "dvar2": 3.1532268622e-05,
        "max": 0.121504992247,
        "mean": 0.00815382599831,
        "median": 0.00583528447896,
        "min": 1.36827366128e-21,
        "var": 8.2524784375e-05
    },
    "spectral_energyband_middle_low": {
        "dmean": 0.00538652809337,
        "dmean2": 0.00860167481005,
        "dvar": 6.17531404714e-05,
        "dvar2": 0.000148295832332,
        "max": 0.111936174333,
        "mean": 0.0124718435109,
        "median": 0.0080208349973,
        "min": 2.71397762079e-22,
        "var": 0.000143823664985
    },
    "spectral_entropy": {
        "dmean": 0.137128770351,
        "dmean2": 0.219709485769,
        "dvar": 0.0329839475453,
        "dvar2": 0.0781627297401,
        "max": 9.7926940918,
        "mean": 7.93704032898,
        "median": 8.26132011414,
        "min": 4.44693470001,
        "var": 0.46829521656
    },
    "spectral_flux": {
        "dmean": 0.0287466011941,
        "dmean2": 0.0458441339433,
        "dvar": 0.00133312598336,
        "dvar2": 0.00300831813365,
        "max": 0.484809875488,
        "mean": 0.109189122915,
        "median": 0.0986390709877,
        "min": 6.58715651469e-11,
        "var": 0.00261853518896
    },
    "spectral_kurtosis": {
        "dmean": 2.33166503906,
        "dmean2": 3.99506783485,
        "dvar": 48.1634864807,
        "dvar2": 135.763122559,
        "max": 230.212631226,
        "mean": 4.88680458069,
        "median": 1.47040581703,
        "min": -1.29718053341,
        "var": 132.570800781
    },
    "spectral_rms": {
        "dmean": 0.000805517251138,
        "dmean2": 0.00119880016427,
        "dvar": 8.54878237533e-07,
        "dvar2": 1.59453111337e-06,
        "max": 0.0168421659619,
        "mean": 0.00629314640537,
        "median": 0.0060357786715,
        "min": 3.20314955116e-12,
        "var": 3.06517836179e-06
    },
    "spectral_rolloff": {
        "dmean": 1100.22717285,
        "dmean2": 1753.68530273,
        "dvar": 3029549.25,
        "dvar2": 6462921,
        "max": 19078.4179688,
        "mean": 5126.96679688,
        "median": 3919.04296875,
        "min": 64.599609375,
        "var": 18345730
    },
    "spectral_skewness": {
        "dmean": 0.234646618366,
        "dmean2": 0.3890363276,
        "dvar": 0.229400530457,
        "dvar2": 0.640538334846,
        "max": 13.4906244278,
        "mean": 1.39297628403,
        "median": 1.12706232071,
        "min": -0.0104703204706,
        "var": 0.843472242355
    },
    "spectral_spread": {
        "dmean": 546882.1875,
        "dmean2": 841485.4375,
        "dvar": 482762096640,
        "dvar2": 1.13404765798e+12,
        "max": 40765212,
        "mean": 6660802.5,
        "median": 7613632,
        "min": 638845.75,
        "var": 9.30011833958e+12
    },
    "spectral_strongpeak": {
        "dmean": 0.554642140865,
        "dmean2": 0.933529794216,
        "dvar": 1.65442323685,
        "dvar2": 4.29964494705,
        "max": 33.5008087158,
        "mean": 1.14450407028,
        "median": 0.556173324585,
        "min": 0,
        "var": 3.16528248787
    },
    "zerocrossingrate": {
        "dmean": 0.0188611485064,
        "dmean2": 0.0208934973925,
        "dvar": 0.000519099761732,
        "dvar2": 0.000556484446861,
        "max": 0.6337890625,
        "mean": 0.148803070188,
        "median": 0.13818359375,
        "min": 0.005859375,
        "var": 0.0106215542182
    },
    "barkbands": {
        "dmean": [0.000155278408783, 0.00523987272754, 0.00316113582812, 0.00104237219784, 0.00213450216688, 0.00126868358348, 0.00105092453305, 0.00064626801759, 0.00111107341945, 0.000714896421414, 0.000877940561622, 0.000508259050548, 0.000393921945943, 0.000397170399083, 0.000374486495275, 0.000265135517111, 0.000323930580635, 0.000290197232971, 0.000326589826727, 0.00034500611946, 0.000306565256324, 0.000345652952092, 0.000354396965122, 0.000541844347026, 0.000793050392531, 0.000382937025279, 0.000121771088743],
        "dmean2": [0.000250591780059, 0.00779158435762, 0.00521701108664, 0.00184056803118, 0.00351528380997, 0.00188409001566, 0.0015576564474, 0.00102643703576, 0.00172166724224, 0.00114642374683, 0.00131056120154, 0.000851914519444, 0.000645711668767, 0.000659798795823, 0.00062183738919, 0.000443974160589, 0.000545957242139, 0.000487397715915, 0.000552793790121, 0.000573977653403, 0.000504490395542, 0.000573974219151, 0.000580433057621, 0.000871259777341, 0.00125695113093, 0.000574571255129, 0.000194967535208],
        "dvar": [3.03114347844e-07, 0.00023150339257, 0.000102734753455, 1.01591858765e-05, 2.98570903396e-05, 7.53995254854e-06, 4.85626424052e-06, 1.41360692396e-06, 6.10695951764e-06, 2.60063325186e-06, 5.80096957492e-06, 1.98997258849e-06, 8.13831945834e-07, 9.31829958972e-07, 8.44929502364e-07, 2.86860739607e-07, 2.61223448206e-07, 2.51575897892e-07, 2.66410978611e-07, 2.50202248253e-07, 2.20282558416e-07, 3.55607795655e-07, 3.38708076697e-07, 8.48470563142e-07, 2.04597495213e-06, 4.82233531329e-07, 7.10164727025e-08],
        "dvar2": [5.74049579427e-07, 0.000416571565438, 0.000260497414274, 2.87234761345e-05, 7.57600791985e-05, 1.44330988405e-05, 1.00783772723e-05, 3.59578621101e-06, 1.38706318467e-05, 5.95063784203e-06, 1.09589391286e-05, 5.15535111845e-06, 2.15809041038e-06, 2.53382245319e-06, 2.21723485083e-06, 7.41180201658e-07, 7.15540238616e-07, 7.23387529433e-07, 7.00118846453e-07, 6.68791756198e-07, 5.76605316382e-07, 9.23402751596e-07, 8.36007302496e-07, 2.05420701604e-06, 4.99697625855e-06, 9.94073388938e-07, 1.70589046888e-07],
        "max": [0.0144456988201, 0.281833380461, 0.133226454258, 0.0707337707281, 0.0700297579169, 0.0651067793369, 0.0543794259429, 0.0252940282226, 0.0876015871763, 0.0565548017621, 0.108515590429, 0.0333526805043, 0.0231487806886, 0.0289879962802, 0.0373979844153, 0.0268734600395, 0.0166493877769, 0.0266371723264, 0.0209585372359, 0.0195182003081, 0.0136066060513, 0.0118614379317, 0.0165825542063, 0.0165877807885, 0.0253986548632, 0.0155453430489, 0.00479668891057],
        "mean": [0.000208678058698, 0.0109036508948, 0.00473635271192, 0.0012471228838, 0.00319424527697, 0.00245175603777, 0.00200792239048, 0.00111248972826, 0.00189886812586, 0.0012239292264, 0.00200118753128, 0.000783816270996, 0.000644662242848, 0.000616304925643, 0.00058345857542, 0.000442983495304, 0.000580362975597, 0.000554285128601, 0.000641726946924, 0.000765007978771, 0.000713059504051, 0.000802245631348, 0.000938070181292, 0.0014256836148, 0.00187203404494, 0.00122272444423, 0.000162964628544],
        "median": [3.19194041367e-05, 0.00309250410646, 0.000971877539996, 0.000194833788555, 0.000752807129174, 0.00105004478246, 0.000746232166421, 0.000463417847641, 0.000835288548842, 0.000462309631985, 0.000484008080093, 0.000260299158981, 0.000287390430458, 0.000285851681838, 0.000335886550602, 0.000272390490863, 0.000393718975829, 0.000416129158111, 0.000466573575977, 0.000611840689089, 0.000573530443944, 0.000631873961538, 0.000777016044594, 0.00112240388989, 0.00129109201953, 0.000874505494721, 2.26930460485e-05],
        "min": [7.92427976462e-24, 4.15697669299e-24, 2.17127495503e-24, 3.93238089352e-24, 3.89531500171e-23, 6.45677349778e-23, 1.9874976587e-23, 7.63670304598e-23, 3.36489407983e-23, 4.61300487607e-23, 1.93397707504e-23, 1.86649374802e-22, 1.13663761903e-22, 8.82828690965e-23, 6.8513995879e-23, 1.11419320099e-22, 1.77031986542e-22, 1.76779513187e-22, 2.33925682634e-22, 3.16286572915e-22, 3.81474504026e-22, 4.47432161431e-22, 5.04149266276e-22, 8.22646214826e-22, 1.34644677618e-21, 1.5930742301e-21, 2.1585534559e-21],
        "var": [5.27675581452e-07, 0.000525283103343, 0.000110543449409, 8.42255667521e-06, 4.48719911219e-05, 2.02397459361e-05, 1.36836106321e-05, 3.25717655869e-06, 9.98591349344e-06, 6.99107567925e-06, 4.09726562793e-05, 4.00921180699e-06, 1.92256925402e-06, 2.02538058147e-06, 1.37327583616e-06, 6.4111429765e-07, 5.4078299172e-07, 4.6863445391e-07, 5.1159065606e-07, 5.24287884218e-07, 5.72458418446e-07, 8.08524362128e-07, 1.06576476355e-06, 2.82091968984e-06, 6.11971927356e-06, 2.30686305258e-06, 1.2824723683e-07]
    },
    "erbbands": {
        "dmean": [0.144246950746, 1.24480843544, 3.38394784927, 3.88868975639, 5.51887321472, 7.49993658066, 11.0921630859, 6.95224380493, 11.3216123581, 14.1363201141, 20.0690517426, 25.0842247009, 24.1352291107, 34.5058059692, 16.7526416779, 20.1147384644, 19.315864563, 20.8642368317, 15.6062841415, 15.7365942001, 13.6757698059, 17.5077114105, 14.4410419464, 18.6559963226, 16.7812633514, 14.2329616547, 11.6806983948, 13.9645299911, 13.3362140656, 10.4097261429, 10.5838489532, 11.5206050873, 9.55107784271, 10.2130270004, 5.26659202576, 2.00802111626, 0.756602048874, 0.189323082566, 0.0188421998173, 0.000268161995336],
        "dmean2": [0.20317158103, 1.92189669609, 5.5240111351, 6.60721063614, 9.29967880249, 12.0920562744, 16.5158119202, 10.7353601456, 17.2351169586, 21.1714401245, 31.1676292419, 39.3690719604, 38.358039856, 52.3752059937, 26.6806812286, 34.0040206909, 31.5639877319, 34.7531204224, 25.7582626343, 26.092124939, 22.9073867798, 29.4947738647, 23.9421195984, 31.9817008972, 28.1752223969, 23.5467166901, 19.2482776642, 23.1907310486, 22.5027770996, 16.8083953857, 17.5628318787, 18.7157554626, 15.3852081299, 16.6767272949, 8.26744270325, 3.08184671402, 1.1614613533, 0.296253353357, 0.0301283374429, 0.000420827796916],
        "dvar": [0.20921613276, 13.4686155319, 113.252380371, 148.568969727, 193.862014771, 417.739196777, 660.590454102, 150.80569458, 449.3722229, 733.122070312, 1315.67114258, 4125.93994141, 3759.27807617, 8629.22460938, 1525.72558594, 3101.22607422, 1932.04394531, 2071.33251953, 1728.96582031, 1424.66796875, 704.270080566, 840.974975586, 462.027648926, 968.139038086, 560.883911133, 558.757019043, 306.863128662, 547.696899414, 557.708862305, 290.110443115, 304.625427246, 350.937072754, 286.855255127, 357.866271973, 92.3748016357, 12.7415008545, 2.03481602669, 0.101391650736, 0.00194470665883, 3.14317986749e-07],
        "dvar2": [0.339048594236, 26.328371048, 287.703460693, 405.771850586, 516.488342285, 929.93762207, 1309.45727539, 334.197631836, 981.18170166, 1544.18530273, 3289.3996582, 9251.57128906, 8426.75390625, 17236.6699219, 3844.08251953, 8251.90234375, 5065.98828125, 5991.05517578, 4401.06494141, 3786.47558594, 1777.02844238, 2316.84936523, 1211.94128418, 2885.99072266, 1474.10144043, 1537.67126465, 780.382385254, 1445.63537598, 1502.53259277, 708.231994629, 773.540283203, 860.042053223, 706.706298828, 916.331787109, 219.703903198, 26.8033638, 4.54530858994, 0.238895356655, 0.00465241260827, 7.50456138121e-07],
        "max": [9.69558238983, 60.3841514587, 152.917755127, 145.499069214, 198.744949341, 325.931549072, 590.29876709, 228.560882568, 491.518280029, 775.059753418, 694.234375, 2328.26147461, 1366.05957031, 4056.015625, 1220.6854248, 1388.62121582, 1101.18310547, 1340.86230469, 1424.96936035, 1577.18591309, 1326.08666992, 853.859069824, 907.122924805, 1299.02258301, 787.294433594, 1044.43847656, 600.942871094, 818.936645508, 433.338439941, 426.93850708, 392.768890381, 308.971191406, 377.378143311, 303.855499268, 279.132080078, 77.6219711304, 30.8995933533, 6.67202854156, 0.729920506477, 0.0102450596169],
        "mean": [0.298635751009, 2.51984834671, 5.4354057312, 5.23755168915, 7.53705215454, 11.5948858261, 19.5573101044, 14.0516386032, 22.1009407043, 27.6552314758, 36.1534690857, 41.4755973816, 39.9715538025, 78.7256088257, 33.7130737305, 32.7505989075, 33.4709625244, 33.9512481689, 28.0651760101, 28.3231430054, 26.1901512146, 32.679813385, 28.8211956024, 35.1329116821, 35.2597198486, 31.8912792206, 27.7497749329, 30.8108825684, 28.5362205505, 27.1437835693, 27.23072052, 28.7309150696, 24.0692138672, 21.3501834869, 13.0407314301, 5.82071638107, 2.16817688942, 0.428921341896, 0.026895603165, 0.000545424816664],
        "median": [0.0480565875769, 0.828568577766, 1.60317897797, 1.39364349842, 1.30583703518, 2.68203783035, 7.27163696289, 6.81920337677, 9.32617378235, 11.5875062943, 15.9161376953, 18.0408649445, 15.7692966461, 21.0520515442, 10.9866962433, 11.7871284485, 15.0045585632, 18.313167572, 15.8946247101, 18.1946640015, 17.8461723328, 22.2443084717, 21.718132019, 25.7926139832, 26.7938041687, 25.1827945709, 22.9232063293, 24.2345924377, 21.6953353882, 22.1779670715, 22.4488983154, 22.4950695038, 18.0701217651, 14.5713748932, 8.92152023315, 4.19496631622, 1.48578619957, 0.290442287922, 0.0075486721471, 0.000319878890878],
        "min": [3.14893204743e-22, 8.07852788312e-22, 2.74673400334e-21, 2.30336438722e-20, 7.04903349361e-20, 6.99125622029e-20, 1.31263830915e-19, 6.3347636809e-19, 3.55977331709e-19, 6.06128743063e-19, 1.86385195307e-18, 7.79574713939e-19, 1.85410383634e-18, 9.25724706878e-19, 3.00467195014e-18, 6.51958653883e-18, 4.61651857331e-18, 4.21036379356e-18, 3.79046044484e-18, 4.20828963817e-18, 6.94822119249e-18, 1.00783040633e-17, 9.36286148939e-18, 1.20137263713e-17, 1.02496503912e-17, 1.49229255487e-17, 1.50518697713e-17, 1.36713673675e-17, 1.45383428121e-17, 1.53020522019e-17, 1.53896671724e-17, 1.62886139749e-17, 1.18878509887e-17, 1.18788041144e-17, 1.09229282606e-17, 6.37629569568e-18, 3.0024977059e-18, 1.04422887618e-18, 3.27579058057e-19, 3.34552067836e-20],
        "var": [0.524464666843, 26.3579120636, 132.455474854, 123.471412659, 296.851287842, 634.522705078, 1602.48535156, 411.422363281, 1369.84094238, 2116.53051758, 2947.92749023, 5954.56982422, 6821.67333984, 56592.859375, 5782.31982422, 6161.43945312, 4573.71044922, 3629.97021484, 3839.26220703, 2658.5012207, 1738.44165039, 1697.50805664, 1163.53515625, 1486.12915039, 1320.66503906, 1030.96313477, 755.837280273, 1204.36865234, 1077.3157959, 910.007873535, 900.36730957, 1089.00817871, 910.801452637, 815.733398438, 309.464904785, 57.0613937378, 7.81897449493, 0.300707429647, 0.00326939253137, 6.39016718651e-07]
    },
    "gfcc": {
        "mean": [60.9423828125, 40.0229682922, -103.223068237, 24.7338199615, -57.6937828064, 13.4045810699, -31.7289352417, 15.9635438919, -21.7125167847, 8.63723468781, -16.216588974, 3.62417531013, -12.7439603806],
        "cov": [[5753.55322266, -4227.77587891, 1231.00048828, 874.350585938, -191.844314575, 859.890258789, -305.531646729, 666.781555176, -245.117294312, 497.318725586, -248.459381104, 340.141906738, -240.263839722], [-4227.77587891, 6110.23046875, -1742.61547852, -666.032409668, 249.456954956, -1085.30371094, 510.924865723, -897.62487793, 276.685821533, -672.335510254, 175.083511353, -501.8878479, 249.590866089], [1231.00048828, -1742.61547852, 1422.85644531, 426.532348633, 186.732131958, 440.59942627, -118.941955566, 389.79788208, -78.3761138916, 279.300842285, -51.4300384521, 181.278823853, -82.7546463013], [874.350585938, -666.032409668, 426.532348633, 481.255828857, 91.5963821411, 231.009750366, -28.731967926, 155.571899414, 4.94109535217, 109.85684967, -54.8356399536, 54.3202705383, -46.7340774536], [-191.844314575, 249.456954956, 186.732131958, 91.5963821411, 294.257507324, 77.0702972412, 87.5927505493, 47.7119598389, 59.6377983093, 48.3503646851, 39.1641235352, 18.6775741577, 16.8565254211], [859.890258789, -1085.30371094, 440.59942627, 231.009750366, 77.0702972412, 396.426635742, -10.3766784668, 255.571594238, -14.9487199783, 174.578125, -16.8243141174, 133.535415649, -39.2728996277], [-305.531646729, 510.924865723, -118.941955566, -28.731967926, 87.5927505493, -10.3766784668, 220.329193115, 44.7913513184, 111.703857422, 16.3445224762, 66.1221313477, 3.25297665596, 44.6486167908], [666.781555176, -897.62487793, 389.79788208, 155.571899414, 47.7119598389, 255.571594238, 44.7913513184, 352.989807129, 57.7731399536, 222.715423584, 28.6750259399, 128.685333252, -16.9279651642], [-245.117294312, 276.685821533, -78.3761138916, 4.94109535217, 59.6377983093, -14.9487199783, 111.703857422, 57.7731399536, 202.791702271, 80.2237854004, 88.7423248291, 25.8276557922, 52.4465827942], [497.318725586, -672.335510254, 279.300842285, 109.85684967, 48.3503646851, 174.578125, 16.3445224762, 222.715423584, 80.2237854004, 259.312072754, 76.8569564819, 136.383682251, 0.974116027355], [-248.459381104, 175.083511353, -51.4300384521, -54.8356399536, 39.1641235352, -16.8243141174, 66.1221313477, 28.6750259399, 88.7423248291, 76.8569564819, 143.41242981, 61.9763793945, 57.5739250183], [340.141906738, -501.8878479, 181.278823853, 54.3202705383, 18.6775741577, 133.535415649, 3.25297665596, 128.685333252, 25.8276557922, 136.383682251, 61.9763793945, 165.188171387, 40.1244888306], [-240.263839722, 249.590866089, -82.7546463013, -46.7340774536, 16.8565254211, -39.2728996277, 44.6486167908, -16.9279651642, 52.4465827942, 0.974116027355, 57.5739250183, 40.1244888306, 102.399223328]],
        "icov": [[0.000475206179544, 0.000218266504817, 0.000114122718514, -0.000541991903447, 0.000241088913754, -1.1410166735e-05, -0.000286176975351, 5.40845539945e-05, 0.000347276218235, -0.00043802903383, 0.000505209725816, -0.000236078529269, 0.000152266846271], [0.000218266504817, 0.00100630312227, 0.000282344029984, -0.000305966241285, -0.000827568641398, 0.00118384347297, -0.0015257592313, 0.000885766814463, -6.18955455138e-05, 0.000375418749172, -0.000248177238973, 0.000814304628875, -0.000601573323365], [0.000114122718514, 0.000282344029984, 0.00175629195292, -0.000738263537642, -0.00124572240748, 0.000193864281755, 0.000582335342187, -0.00100697053131, 0.000832828402054, -0.000318916194374, 0.000245183793595, -0.000280422624201, 6.95448252372e-05], [-0.000541991903447, -0.000305966241285, -0.000738263537642, 0.00417308183387, -0.000651742331684, -0.00147169607226, 0.000660059391521, 0.000299991603242, -0.00157276983373, -1.20586719277e-06, 0.00116593227722, 0.000434326910181, 6.64525578031e-05], [0.000241088913754, -0.000827568641398, -0.00124572240748, -0.000651742331684, 0.00630705151707, -0.00240115774795, -0.00101966282818, 0.000811366888229, -0.000172539948835, -0.00117014616262, -0.000404717924539, 0.000305819150526, 0.00010542957898], [-1.1410166735e-05, 0.00118384347297, 0.000193864281755, -0.00147169607226, -0.00240115774795, 0.00897631142288, -0.00203846767545, -0.00205928646028, 0.000979257863946, 0.000675756193232, 0.000915264361538, -0.00274957995862, 0.00101383763831], [-0.000286176975351, -0.0015257592313, 0.000582335342187, 0.000660059391521, -0.00101966282818, -0.00203846767545, 0.0110273454338, -0.00460449932143, -0.00279728882015, 0.00209035747685, -0.00149965076707, -0.000518466520589, 9.51443507802e-05], [5.40845539945e-05, 0.000885766814463, -0.00100697053131, 0.000299991603242, 0.000811366888229, -0.00205928646028, -0.00460449932143, 0.0110810808837, -0.0011655833805, -0.00529421539977, 0.00161434104666, 0.000638768135104, -0.000303408887703], [0.000347276218235, -6.18955455138e-05, 0.000832828402054, -0.00157276983373, -0.000172539948835, 0.000979257863946, -0.00279728882015, -0.0011655833805, 0.0110042206943, -0.0045555732213, -0.00217968784273, 0.00247459392995, -0.00298497313634], [-0.00043802903383, 0.000375418749172, -0.000318916194374, -1.20586719277e-06, -0.00117014616262, 0.000675756193232, 0.00209035747685, -0.00529421539977, -0.0045555732213, 0.0161710828543, -0.00604665232822, -0.00530991517007, 0.0041238470003], [0.000505209725816, -0.000248177238973, 0.000245183793595, 0.00116593227722, -0.000404717924539, 0.000915264361538, -0.00149965076707, 0.00161434104666, -0.00217968784273, -0.00604665232822, 0.016983050853, -0.00476428866386, -0.00264896149747], [-0.000236078529269, 0.000814304628875, -0.000280422624201, 0.000434326910181, 0.000305819150526, -0.00274957995862, -0.000518466520589, 0.000638768135104, 0.00247459392995, -0.00530991517007, -0.00476428866386, 0.0189213696867, -0.00929277297109], [0.000152266846271, -0.000601573323365, 6.95448252372e-05, 6.64525578031e-05, 0.00010542957898, 0.00101383763831, 9.51443507802e-05, -0.000303408887703, -0.00298497313634, 0.0041238470003, -0.00264896149747, -0.00929277297109, 0.0185759272426]]
    },
    "melbands": {
        "dmean": [0.00140461686533, 0.00162458105478, 0.000666156702209, 0.00052822730504, 0.000339102378348, 0.000177078007255, 0.000194773238036, 0.000141159704071, 0.000191452811123, 0.000157374408445, 0.000117885501822, 0.000132946486701, 7.55468863645e-05, 3.93141090171e-05, 6.62296515657e-05, 4.28949933848e-05, 4.29943102063e-05, 2.38124412135e-05, 3.27613051923e-05, 2.0663250325e-05, 1.67796624737e-05, 2.20415768126e-05, 1.34821239044e-05, 1.27884286485e-05, 1.68011411006e-05, 1.31833448904e-05, 1.37259066832e-05, 1.01340610854e-05, 8.1429934653e-06, 8.28973224998e-06, 8.76946523931e-06, 9.15183500183e-06, 6.86223529556e-06, 6.19204047325e-06, 6.6698394221e-06, 6.84989527144e-06, 7.97677057562e-06, 7.36970469006e-06, 7.47718195271e-06, 9.74331578618e-06],
        "dmean2": [0.00199247989804, 0.00253664073534, 0.00111517857295, 0.000876275182236, 0.000507768185344, 0.000268910342129, 0.000292062963126, 0.000212647020817, 0.00029572081985, 0.000247473275522, 0.000188382779015, 0.00020328714163, 0.000116898547276, 6.66908017593e-05, 0.000109564272861, 6.97233554092e-05, 7.16541835573e-05, 3.95930328523e-05, 5.43908172403e-05, 3.48853536707e-05, 2.84204343188e-05, 3.71922906197e-05, 2.25307194341e-05, 2.14924839383e-05, 2.88588616968e-05, 2.23695169552e-05, 2.30296136579e-05, 1.68293299794e-05, 1.35390864671e-05, 1.37646738949e-05, 1.46608008436e-05, 1.56162004714e-05, 1.14218328235e-05, 9.97731876851e-06, 1.11492236101e-05, 1.13325058919e-05, 1.30718863147e-05, 1.19963442557e-05, 1.22651899801e-05, 1.59413229994e-05],
        "dvar": [1.74382985278e-05, 2.02244718821e-05, 3.60084459317e-06, 2.17036426875e-06, 4.87610918753e-07, 1.06851338444e-07, 1.48772130615e-07, 6.7471944476e-08, 1.15223627972e-07, 1.73676852455e-07, 9.0124878227e-08, 1.22037292272e-07, 3.58654865806e-08, 1.14244596006e-08, 4.35640217233e-08, 1.00613357645e-08, 8.94181440003e-09, 5.51807266547e-09, 6.4973835201e-09, 2.43079867346e-09, 1.16879594891e-09, 1.4456026376e-09, 4.1233749748e-10, 5.95295646111e-10, 7.8394835068e-10, 5.61448942893e-10, 3.94918320268e-10, 3.08864100962e-10, 1.42099290668e-10, 1.64627089738e-10, 2.15166953699e-10, 2.57969395845e-10, 1.72559980194e-10, 9.74469394066e-11, 1.21337245806e-10, 1.15423164082e-10, 1.76441847244e-10, 1.79793083199e-10, 1.83276130383e-10, 3.34538868829e-10],
        "dvar2": [2.87961538561e-05, 4.82363175252e-05, 9.66307743511e-06, 5.55135056857e-06, 9.86254008239e-07, 2.21889422392e-07, 3.14718732852e-07, 1.42601294328e-07, 2.81835923488e-07, 3.91117055187e-07, 2.02468598332e-07, 2.48437373784e-07, 7.80300482006e-08, 3.23809032921e-08, 1.09306228069e-07, 2.57324099806e-08, 2.52081999719e-08, 1.36651667759e-08, 1.63159992184e-08, 6.57161303153e-09, 3.04680103369e-09, 3.94525256908e-09, 1.08825581879e-09, 1.68568392578e-09, 2.32153873903e-09, 1.42475609088e-09, 1.04066910644e-09, 8.69992300423e-10, 3.71170233437e-10, 4.32788915816e-10, 5.66326541218e-10, 7.07464309357e-10, 4.58537180448e-10, 2.34591068793e-10, 3.13811920893e-10, 2.92087465326e-10, 4.42129222122e-10, 4.48124176655e-10, 4.58100446465e-10, 8.65163718444e-10],
        "max": [0.0858066082001, 0.071281015873, 0.0243141427636, 0.0189882405102, 0.0172303132713, 0.00683260662481, 0.00915104523301, 0.00677516078576, 0.00631090579554, 0.0157134626061, 0.00704333744943, 0.0149319320917, 0.00724283512682, 0.00443183351308, 0.00539578590542, 0.00316063640639, 0.00264064804651, 0.00264412118122, 0.00351109961048, 0.00294042145833, 0.0018295502523, 0.00110503670294, 0.000883515225723, 0.00131548009813, 0.00108201359399, 0.000975520350039, 0.000664252904244, 0.000788478879258, 0.000474554428365, 0.000356880831532, 0.000467313162517, 0.000262291316176, 0.000415820977651, 0.000364837003872, 0.000268971518381, 0.000231823709328, 0.000250978657277, 0.000308936520014, 0.000418240553699, 0.000289404793875],
        "mean": [0.0029287408106, 0.00307975709438, 0.000947606749833, 0.000747557729483, 0.000603955471888, 0.000360323872883, 0.000375528412405, 0.000273193232715, 0.000334363488946, 0.000253256614087, 0.000186356788618, 0.000298337778077, 0.000163309086929, 5.98912556597e-05, 0.000105089020508, 6.66138512315e-05, 6.38355122646e-05, 4.06400540669e-05, 5.02215261804e-05, 3.30549082719e-05, 2.92497406917e-05, 3.7483026972e-05, 2.5030285542e-05, 2.42567621171e-05, 2.88874234684e-05, 2.43323065661e-05, 2.61319837591e-05, 2.04837615456e-05, 1.74137148861e-05, 1.75842469616e-05, 1.74450524355e-05, 1.69381000887e-05, 1.46234533531e-05, 1.51345266204e-05, 1.54842800839e-05, 1.62662108778e-05, 1.79781836778e-05, 1.70093371707e-05, 1.61978750839e-05, 1.88240992429e-05],
        "median": [0.000700238917489, 0.00119306216948, 0.000268632429652, 0.000135639711516, 0.000243870657869, 0.000171979088918, 0.000151215281221, 0.000114276532258, 0.000139006064273, 0.000107690459117, 6.5277563408e-05, 7.94160005171e-05, 4.55953777418e-05, 2.40654608206e-05, 3.05327921524e-05, 2.93238299491e-05, 3.1163872336e-05, 1.90265891433e-05, 2.76032660622e-05, 1.9365674234e-05, 1.82533258339e-05, 2.42868591158e-05, 1.79310081876e-05, 1.79384187504e-05, 2.03359340958e-05, 1.65495403053e-05, 1.89917136595e-05, 1.5175268345e-05, 1.39298044814e-05, 1.29123272927e-05, 1.34020010591e-05, 1.19793330668e-05, 1.08452059067e-05, 1.19705637189e-05, 1.21871280498e-05, 1.27614066514e-05, 1.33000085043e-05, 1.23275749502e-05, 1.11311728688e-05, 1.20091135614e-05],
        "min": [2.57455662421e-24, 1.15989768769e-24, 5.03905650252e-24, 8.79868316868e-24, 4.60649645805e-24, 1.5554947078e-23, 5.22656952855e-24, 9.40836536334e-24, 1.44802629342e-23, 3.78619392373e-24, 9.27460453053e-24, 3.7111207924e-24, 5.75606835092e-24, 2.09647958161e-23, 1.34143903667e-23, 1.06947379645e-23, 7.85596046593e-24, 6.23855934638e-24, 5.28626933856e-24, 7.22260140006e-24, 8.54491292636e-24, 1.11099643683e-23, 6.14819887956e-24, 9.72199358229e-24, 9.57154203044e-24, 7.64463172917e-24, 5.52862397473e-24, 1.04543617915e-23, 9.02519668901e-24, 9.22157730048e-24, 7.87496806944e-24, 8.30937168184e-24, 8.5677457164e-24, 7.7364819598e-24, 8.00485480634e-24, 1.05262767182e-23, 9.12423028705e-24, 8.4500808015e-24, 7.54162463874e-24, 9.61409318767e-24],
        "var": [4.23126330134e-05, 3.09690294671e-05, 3.15836746267e-06, 3.06475408252e-06, 1.21487005345e-06, 3.03942300661e-07, 4.24835576496e-07, 1.98139062491e-07, 2.59400820823e-07, 2.43309017378e-07, 1.7599664659e-07, 7.82472966421e-07, 2.04406731541e-07, 1.86605433328e-08, 9.30484489459e-08, 2.37341630793e-08, 1.51920875879e-08, 1.31891848554e-08, 1.03229265136e-08, 4.13464684712e-09, 2.57516075131e-09, 2.56687493483e-09, 9.64492152811e-10, 9.93557791595e-10, 1.1084233531e-09, 9.82698922236e-10, 7.8995449071e-10, 5.15445131022e-10, 2.999546167e-10, 4.12700096319e-10, 4.06288003241e-10, 4.32721886101e-10, 3.1963684477e-10, 3.04214875513e-10, 3.12646436518e-10, 3.33179678291e-10, 4.7311121687e-10, 4.91280682802e-10, 4.67545280269e-10, 6.88363921419e-10]
    },
    "mfcc": {
        "mean": [-588.919555664, 82.1018981934, 7.45330381393, 16.5418643951, -0.10865008086, 0.459763258696, 1.98396611214, 3.94147968292, 3.17559552193, 5.27013397217, 2.27795648575, 1.65946829319, 0.412808954716],
        "cov": [[3873.55810547, -2828.9909668, 641.415771484, 73.5582351685, 331.970245361, 162.500701904, 155.452377319, 152.250793457, 143.807815552, 121.244918823, 122.525131226, 71.862701416, 22.5164985657], [-2828.9909668, 4587.89794922, -1292.33190918, 172.726394653, -564.016540527, -100.863037109, -231.111206055, -159.088867188, -165.225387573, -155.829055786, -226.111724854, -148.035186768, -88.6915893555], [641.415771484, -1292.33190918, 971.687316895, 111.269920349, 362.717590332, 80.0086898804, 163.853942871, 78.199508667, 100.884986877, 84.7728118896, 96.7785797119, 44.8777008057, 36.1611213684], [73.5582351685, 172.726394653, 111.269920349, 275.128265381, 104.510421753, 64.695602417, 29.1682796478, 22.7483348846, 43.7892227173, 38.8609886169, 17.572517395, 3.33942055702, 3.34492325783], [331.970245361, -564.016540527, 362.717590332, 104.510421753, 336.97756958, 111.375419617, 105.782455444, 46.6268196106, 63.987613678, 57.8963432312, 59.7104187012, 26.1861591339, 27.8426780701], [162.500701904, -100.863037109, 80.0086898804, 64.695602417, 111.375419617, 163.389556885, 52.5277519226, 51.444442749, 35.2750434875, 14.0705652237, 13.5365209579, 13.7609777451, 10.2134561539], [155.452377319, -231.111206055, 163.853942871, 29.1682796478, 105.782455444, 52.5277519226, 165.422409058, 70.9255142212, 51.9925537109, 46.161151886, 40.5789299011, 27.8991680145, 36.6817893982], [152.250793457, -159.088867188, 78.199508667, 22.7483348846, 46.6268196106, 51.444442749, 70.9255142212, 119.466995239, 74.6460342407, 44.9938468933, 29.548915863, 31.2530612946, 31.7431373596], [143.807815552, -165.225387573, 100.884986877, 43.7892227173, 63.987613678, 35.2750434875, 51.9925537109, 74.6460342407, 132.242340088, 84.872833252, 61.1720542908, 45.6443023682, 38.6982307434], [121.244918823, -155.829055786, 84.7728118896, 38.8609886169, 57.8963432312, 14.0705652237, 46.161151886, 44.9938468933, 84.872833252, 127.114685059, 85.64793396, 51.5816841125, 44.7093505859], [122.525131226, -226.111724854, 96.7785797119, 17.572517395, 59.7104187012, 13.5365209579, 40.5789299011, 29.548915863, 61.1720542908, 85.64793396, 130.440139771, 81.1663360596, 49.5284194946], [71.862701416, -148.035186768, 44.8777008057, 3.33942055702, 26.1861591339, 13.7609777451, 27.8991680145, 31.2530612946, 45.6443023682, 51.5816841125, 81.1663360596, 117.859069824, 81.2312240601], [22.5164985657, -88.6915893555, 36.1611213684, 3.34492325783, 27.8426780701, 10.2134561539, 36.6817893982, 31.7431373596, 38.6982307434, 44.7093505859, 49.5284194946, 81.2312240601, 128.585144043]],
