{
"lowlevel": {
    "average_loudness": 0.871780574322,
    "barkbands_crest": {
        "dmean": 1.89248204231,
        "dmean2": 2.9563627243,
        "dvar": 5.67458581924,
        "dvar2": 12.2965316772,
        "max": 25.730840683,
        "mean": 13.9377765656,
        "median": 17.1310367584,
        "min": 2.36879444122,
        "var": 41.6363220215
    },
    "barkbands_flatness_db": {
        "dmean": 0.0281921569258,
        "dmean2": 0.0402258262038,
        "dvar": 0.00118472834583,
        "dvar2": 0.002138473792,
        "max": 0.728189587593,
        "mean": 0.175489217043,
        "median": 0.155659198761,
        "min": 0.0215138122439,
        "var": 0.010744728148
    },
    "barkbands_kurtosis": {
        "dmean": 14.8180103302,
        "dmean2": 23.1169395447,
        "dvar": 1176.16503906,
        "dvar2": 2837.73925781,
        "max": 494.761566162,
        "mean": 31.9871292114,
        "median": 7.46999692917,
        "min": -1.86500525475,
        "var": 3272.47851562
    },
    "barkbands_skewness": {
        "dmean": 0.994912564754,
        "dmean2": 1.46324455738,
        "dvar": 1.93848788738,
        "dvar2": 4.20555734634,
        "max": 17.3698825836,
        "mean": 3.61171102524,
        "median": 2.80303573608,
        "min": -3.76923537254,
        "var": 13.320476532
    },
    "barkbands_spread": {
        "dmean": 6.08677244186,
        "dmean2": 9.20164299011,
        "dvar": 56.2796478271,
        "dvar2": 116.605407715,
        "max": 104.153556824,
        "mean": 22.7199573517,
        "median": 19.8985271454,
        "min": 0.156290620565,
        "var": 305.353912354
    },
    "dissonance": {
        "dmean": 0.0102419545874,
        "dmean2": 0.0174078866839,
        "dvar": 0.000124804268125,
        "dvar2": 0.000336775061442,
        "max": 0.500000059605,
        "mean": 0.483370214701,
        "median": 0.487130343914,
        "min": 0.338119536638,
        "var": 0.000198631008971
    },
    "dynamic_complexity": 2.99565219879,
    "erbbands_crest": {
        "dmean": 2.35995292664,
        "dmean2": 3.91312909126,
        "dvar": 5.66239690781,
        "dvar2": 13.9523181915,
        "max": 26.8516139984,
        "mean": 7.18902778625,
        "median": 6.2324385643,
        "min": 2.19340372086,
        "var": 11.8824987411
    },
    "erbbands_flatness_db": {
        "dmean": 0.0151967220008,
        "dmean2": 0.0230953544378,
        "dvar": 0.000258795247646,
        "dvar2": 0.000507753167767,
        "max": 0.361238896847,
        "mean": 0.123354807496,
        "median": 0.116590410471,
        "min": 0.0491883009672,
        "var": 0.00144920940511
    },
    "erbbands_kurtosis": {
        "dmean": 1.10280013084,
        "dmean2": 1.75398540497,
        "dvar": 46.9212150574,
        "dvar2": 110.086448669,
        "max": 250.982040405,
        "mean": 0.729133069515,
        "median": -0.307156562805,
        "min": -1.86350655556,
        "var": 136.547698975
    },
    "erbbands_skewness": {
        "dmean": 0.368554472923,
        "dmean2": 0.566830694675,
        "dvar": 0.261169016361,
        "dvar2": 0.546256363392,
        "max": 14.2961959839,
        "mean": -0.313726425171,
        "median": -0.43513160944,
        "min": -3.19157123566,
        "var": 1.08369660378
    },
    "erbbands_spread": {
        "dmean": 10.8003358841,
        "dmean2": 16.7953987122,
        "dvar": 134.947418213,
        "dvar2": 317.900085449,
        "max": 167.804412842,
        "mean": 54.3922080994,
        "median": 51.1243400574,
        "min": 2.41820383072,
        "var": 527.890380859
    },
    "hfc": {
        "dmean": 11.0685091019,
        "dmean2": 17.5354385376,
        "dvar": 241.906845093,
        "dvar2": 562.980163574,
        "max": 258.755645752,
        "mean": 39.4156532288,
        "median": 34.7937736511,
        "min": 1.13200103579e-16,
        "var": 837.479614258
    },
    "melbands_crest": {
        "dmean": 2.568546772,
        "dmean2": 3.76921153069,
        "dvar": 11.8878993988,
        "dvar2": 22.4877719879,
        "max": 38.7679519653,
        "mean": 25.0667877197,
        "median": 33.1410560608,
        "min": 2.17948698997,
        "var": 157.462997437
    },
    "melbands_flatness_db": {
        "dmean": 0.0316094681621,
        "dmean2": 0.0442243888974,
        "dvar": 0.0014871066669,
        "dvar2": 0.00251866038889,
        "max": 0.866265416145,
        "mean": 0.237244814634,
        "median": 0.235924243927,
        "min": 0.00456569110975,
        "var": 0.0187049452215
    },
    "melbands_kurtosis": {
        "dmean": 65.1266021729,
        "dmean2": 100.674255371,
        "dvar": 27860.5878906,
        "dvar2": 67139.1015625,
        "max": 3717.95385742,
        "mean": 134.185195923,
        "median": 36.530128479,
        "min": -1.63844347,
        "var": 58817.78125
    },
    "melbands_skewness": {
        "dmean": 1.95970106125,
        "dmean2": 2.86326622963,
        "dvar": 9.03931903839,
        "dvar2": 20.6667785645,
        "max": 44.193901062,
        "mean": 7.58249998093,
        "median": 5.67701530457,
        "min": -2.22889900208,
        "var": 48.9069213867
    },
    "melbands_spread": {
        "dmean": 7.91748332977,
        "dmean2": 12.0916538239,
        "dvar": 151.642486572,
        "dvar2": 330.99810791,
        "max": 182.903091431,
        "mean": 25.9314079285,
        "median": 12.2747573853,
        "min": 0.0519385039806,
        "var": 874.462646484
    },
    "pitch_salience": {
        "dmean": 0.058331348002,
        "dmean2": 0.0883364528418,
        "dvar": 0.00483081769198,
        "dvar2": 0.00991939753294,
        "max": 0.889443576336,
        "mean": 0.359096080065,
        "median": 0.251449793577,
        "min": 0.0102728419006,
        "var": 0.0646750554442
    },
    "silence_rate_20dB": {
        "dmean": 0.0488951578736,
        "dmean2": 0.0978056415915,
        "dvar": 0.0465033985674,
        "dvar2": 0.109247110784,
        "max": 1,
        "mean": 0.916013777256,
        "median": 1,
        "min": 0,
        "var": 0.0769302323461
    },
    "silence_rate_30dB": {
        "dmean": 0.0401191040874,
        "dmean2": 0.0802507847548,
        "dvar": 0.0385053604841,
        "dvar2": 0.0816484093666,
        "max": 1,
        "mean": 0.461454093456,
        "median": 0,
        "min": 0,
        "var": 0.248510316014
    },
    "silence_rate_60dB": {
        "dmean": 0.0269550234079,
        "dmean2": 0.0539184957743,
        "dvar": 0.0262311063707,
        "dvar2": 0.0541425682604,
        "max": 1,
        "mean": 0.0883735492826,
        "median": 0,
        "min": 0,
        "var": 0.0805645510554
    },
    "spectral_centroid": {
        "dmean": 326.067565918,
        "dmean2": 506.287353516,
        "dvar": 115689.390625,
        "dvar2": 230691.828125,
        "max": 11394.9384766,
        "mean": 2381.49389648,
        "median": 2484.02246094,
        "min": 50.9486656189,
        "var": 568427.6875
    },
    "spectral_complexity": {
        "dmean": 5.44209384918,
        "dmean2": 8.32695960999,
        "dvar": 36.0780334473,
        "dvar2": 74.5617294312,
        "max": 63,
        "mean": 23.3958015442,
        "median": 24,
        "min": 0,
        "var": 171.772857666
    },
    "spectral_decrease": {
        "dmean": 8.54624371271e-09,
        "dmean2": 1.24428911619e-08,
        "dvar": 1.73430565051e-16,
        "dvar2": 3.77253281054e-16,
        "max": 3.48860569571e-18,
        "mean": -3.59862397659e-08,
        "median": -3.06738137112e-08,
        "min": -1.66872197838e-07,
        "var": 1.19102912076e-15
    },
    "spectral_energy": {
        "dmean": 0.0325222834945,
        "dmean2": 0.0474602542818,
        "dvar": 0.00245288969018,
        "dvar2": 0.00535441143438,
        "max": 0.632224202156,
        "mean": 0.139395579696,
        "median": 0.120080605149,
        "min": 1.04467038706e-20,
        "var": 0.0169415771961
    },
    "spectral_energyband_high": {
        "dmean": 0.00115544139408,
        "dmean2": 0.0017916392535,
        "dvar": 3.03964384329e-06,
        "dvar2": 6.79971617501e-06,
        "max": 0.0341061837971,
        "mean": 0.00317080086097,
        "median": 0.0024588429369,
        "min": 7.28721481955e-21,
        "var": 1.07674459286e-05
    },
    "spectral_energyband_low": {
        "dmean": 0.0308105312288,
        "dmean2": 0.0441360473633,
        "dvar": 0.00250967708416,
        "dvar2": 0.00538228265941,
        "max": 0.63124191761,
        "mean": 0.125146850944,
        "median": 0.103114366531,
        "min": 1.08073073113e-22,
        "var": 0.0172610264271
    },
    "spectral_energyband_middle_high": {
        "dmean": 0.00201329425909,
        "dmean2": 0.00320167280734,
        "dvar": 7.36936954127e-06,
        "dvar2": 1.68361475517e-05,
        "max": 0.0521845556796,
        "mean": 0.00521177891642,
        "median": 0.00383744435385,
        "min": 1.72009603246e-21,
        "var": 2.4956638299e-05
    },
    "spectral_energyband_middle_low": {
        "dmean": 0.00355052086525,
        "dmean2": 0.00598488608375,
        "dvar": 0.000102405152575,
        "dvar2": 0.000295609905152,
        "max": 0.153375551105,
        "mean": 0.00551899895072,
        "median": 0.00297564058565,
        "min": 4.82023396581e-22,
        "var": 8.68673523655e-05
    },
    "spectral_entropy": {
        "dmean": 0.121795095503,
        "dmean2": 0.185651436448,
        "dvar": 0.0221507549286,
        "dvar2": 0.0441381186247,
        "max": 9.80547237396,
        "mean": 7.98909759521,
        "median": 8.0340385437,
        "min": 4.93754482269,
        "var": 0.116272263229
    },
    "spectral_flux": {
        "dmean": 0.0351034477353,
        "dmean2": 0.0568665079772,
        "dvar": 0.00304517755285,
        "dvar2": 0.00656677037477,
        "max": 0.650353193283,
        "mean": 0.102902047336,
        "median": 0.0901282206178,
        "min": 1.02209116171e-10,
        "var": 0.00528332218528
    },
    "spectral_kurtosis": {
        "dmean": 0.696834564209,
        "dmean2": 1.14380097389,
        "dvar": 0.932263195515,
        "dvar2": 2.51475214958,
        "max": 33.2432136536,
        "mean": 2.75190663338,
        "median": 2.30034995079,
        "min": -1.19927299023,
        "var": 4.17413949966
    },
    "spectral_rms": {
        "dmean": 0.0012957676081,
        "dmean2": 0.00185657432303,
        "dvar": 2.7528415103e-06,
        "dvar2": 5.58958026886e-06,
        "max": 0.0248355418444,
        "mean": 0.00993661768734,
        "median": 0.0108236689121,
        "min": 3.19247644813e-12,
        "var": 3.72587928723e-05
    },
    "spectral_rolloff": {
        "dmean": 499.031738281,
        "dmean2": 805.828369141,
        "dvar": 1014611.0625,
        "dvar2": 2209785.75,
        "max": 18733.8867188,
        "mean": 1960.05895996,
        "median": 150.732421875,
        "min": 43.06640625,
        "var": 7506021.5
    },
    "spectral_skewness": {
        "dmean": 0.133117333055,
        "dmean2": 0.207733944058,
        "dvar": 0.0200392808765,
        "dvar2": 0.0461754836142,
        "max": 4.90824794769,
        "mean": 1.16158461571,
        "median": 1.13198745251,
        "min": -0.0294730421156,
        "var": 0.119713142514
    },
    "spectral_spread": {
        "dmean": 506568.6875,
        "dmean2": 756836.25,
        "dvar": 421428068352,
        "dvar2": 698492059648,
        "max": 40639664,
        "mean": 5482218,
        "median": 5523558,
        "min": 1851163.5,
        "var": 2.03703097754e+12
    },
    "spectral_strongpeak": {
        "dmean": 0.426131129265,
        "dmean2": 0.716157734394,
        "dvar": 1.05700337887,
        "dvar2": 2.81536865234,
        "max": 21.2680416107,
        "mean": 0.88794708252,
        "median": 0.658186197281,
        "min": 0,
        "var": 1.2546043396
    },
    "zerocrossingrate": {
        "dmean": 0.0112769175321,
        "dmean2": 0.0128948343918,
        "dvar": 0.000219053952605,
        "dvar2": 0.000241561821895,
        "max": 0.84326171875,
        "mean": 0.0755548253655,
        "median": 0.0439453125,
        "min": 0.00146484375,
        "var": 0.00544352037832
    },
    "barkbands": {
        "dmean": [0.00936951674521, 0.0238679144531, 0.00179097510409, 0.00120088423137, 0.000842317356728, 0.00114999932703, 0.000358030869393, 0.000332761410391, 0.000512344879098, 0.000512886908837, 0.000412877794588, 0.000381021702196, 0.000381274876418, 0.000248841941357, 0.000314754492138, 0.000293787714327, 0.000313926982926, 0.000324410852045, 0.000295423989883, 0.000433130713645, 0.000348815316102, 0.000348518951796, 0.000215454871068, 0.000192689942196, 0.000134625515784, 9.90708067548e-05, 3.19853279507e-05],
        "dmean2": [0.0136977070943, 0.034979686141, 0.0031841553282, 0.00216494780034, 0.0014406159753, 0.00192956370302, 0.000605292385444, 0.000539852539077, 0.00080037873704, 0.000783476862125, 0.000691977562383, 0.000629360496532, 0.000630244845524, 0.000403277081205, 0.000514395651408, 0.000490239297505, 0.000515792984515, 0.000557912921067, 0.000479367823573, 0.000685095263179, 0.000561095948797, 0.000532853067853, 0.000336275348673, 0.000301231397316, 0.00021333382756, 0.000156166395755, 5.16657819389e-05],
        "dvar": [0.000283808651147, 0.00159328710288, 6.15472672507e-05, 2.42643982347e-05, 6.73695785736e-06, 1.09563416117e-05, 9.20444733765e-07, 7.51142522404e-07, 1.33270884817e-06, 1.48385618104e-06, 9.96186372504e-07, 7.73836575263e-07, 1.27817963858e-06, 3.20150064681e-07, 6.05530715347e-07, 3.58025801006e-07, 3.32491651989e-07, 3.43982407003e-07, 2.67707036983e-07, 5.23266692198e-07, 2.75156310181e-07, 7.96281142357e-07, 1.34174726441e-07, 9.58638395332e-08, 5.74594984926e-08, 5.31964303718e-08, 1.34568454158e-08],
        "dvar2": [0.000636053737253, 0.00354256853461, 0.000176747795194, 7.13775225449e-05, 1.89121692529e-05, 2.93651883112e-05, 2.38210191128e-06, 1.76636240212e-06, 2.81381039713e-06, 3.18438947033e-06, 2.71804924523e-06, 1.72808961452e-06, 3.18725642501e-06, 7.96084236754e-07, 1.58564921549e-06, 1.04225955511e-06, 8.81869937075e-07, 9.37654704103e-07, 6.77955597439e-07, 1.23361496662e-06, 6.65221364216e-07, 1.67286555097e-06, 3.24043753608e-07, 2.21377433718e-07, 1.40811280858e-07, 1.20539439763e-07, 3.14067740703e-08],
        "max": [0.197413638234, 0.540376663208, 0.106303706765, 0.0805749297142, 0.0420602746308, 0.0631546676159, 0.0190609972924, 0.0163082424551, 0.0374880768359, 0.0256919655949, 0.0272826142609, 0.0317385829985, 0.0249437186867, 0.0166645757854, 0.0145025141537, 0.0137610752136, 0.0120671372861, 0.00751669285819, 0.0127709293738, 0.0168865099549, 0.0078501868993, 0.0233638416976, 0.0104609457776, 0.00705067534, 0.00551747484133, 0.00572090316564, 0.00281881331466],
        "mean": [0.0284266956151, 0.0953853726387, 0.00187125988305, 0.00136252923403, 0.00104030373041, 0.00124396919273, 0.00041243690066, 0.000428373285104, 0.000676247582305, 0.000753845612053, 0.000555843987968, 0.000510763376951, 0.000491452694405, 0.00034932338167, 0.000430775253335, 0.000438526767539, 0.000485708093038, 0.000480891438201, 0.000551893957891, 0.000815867504571, 0.000699827622157, 0.000620007282123, 0.000457440241007, 0.00041145159048, 0.000276839971775, 0.000177809954039, 3.93732698285e-05],
        "median": [0.0212695077062, 0.0755841881037, 0.0003328936873, 0.00019825718482, 0.000360408041161, 0.000300265615806, 0.000112708774395, 0.000138085757499, 0.000239278320805, 0.000196846027393, 0.00017573684454, 0.00023871587473, 0.000122682904475, 0.0001411169942, 0.000130240863655, 0.000220269459533, 0.000261969864368, 0.000281210639514, 0.000332843745127, 0.000459353148472, 0.000438251998276, 0.00027593030245, 0.000301038089674, 0.00029791315319, 0.000169532198925, 7.72759813117e-05, 4.16403599957e-06],
        "min": [4.37749250385e-24, 5.08353516248e-23, 2.35316640048e-23, 6.07841813715e-23, 1.12339447458e-22, 5.0073444519e-23, 5.52986824503e-23, 1.01573547141e-22, 7.87926073494e-23, 5.60642498707e-23, 5.58222715212e-23, 1.60186474067e-22, 4.5889783817e-23, 1.43731239481e-22, 1.62843471192e-22, 1.83526810904e-22, 2.63894722994e-22, 2.7253298972e-22, 3.06021813842e-22, 2.14780621688e-22, 4.70875542435e-22, 2.64194591112e-22, 7.29381196864e-22, 7.29592838779e-22, 1.03284293619e-21, 1.59950093475e-21, 2.49929512078e-21],
        "var": [0.00105946219992, 0.0104441223666, 4.13448615291e-05, 1.73688895302e-05, 5.9595613493e-06, 9.98215546133e-06, 1.22392395951e-06, 9.29866587285e-07, 2.29686838793e-06, 3.31672049469e-06, 1.65634264704e-06, 1.02047783912e-06, 1.79170672254e-06, 4.63196897726e-07, 8.91104320999e-07, 4.90409831855e-07, 5.16710315424e-07, 3.831701747e-07, 5.34072455594e-07, 1.18630271118e-06, 7.03154398707e-07, 1.58964053298e-06, 3.01673026115e-07, 2.27383310403e-07, 1.23969726928e-07, 9.51323855247e-08, 1.89509083981e-08]
    },
    "erbbands": {
        "dmean": [1.49087047577, 2.81426525116, 2.09555101395, 3.37068462372, 2.68191385269, 2.9214425087, 5.54901885986, 11.0668916702, 6.54206705093, 6.64533090591, 6.17423534393, 11.2286758423, 17.9545040131, 12.9978780746, 15.0679998398, 14.5437965393, 17.7950000763, 13.3612213135, 16.6277351379, 11.7372360229, 14.4246807098, 18.8080768585, 17.5490722656, 14.4734182358, 16.5787391663, 19.9749317169, 15.9959011078, 13.2358560562, 14.1075811386, 7.54686450958, 6.45805168152, 4.58502340317, 2.99481010437, 1.600481987, 0.972238361835, 0.489623367786, 0.178021207452, 0.0530208274722, 0.00437789643183, 8.50207652547e-05],
        "dmean2": [2.1187942028, 4.53811168671, 3.67001676559, 6.00412988663, 4.86248064041, 4.83478355408, 9.37784671783, 18.4474716187, 11.2183933258, 10.6855812073, 9.81888008118, 17.4870090485, 27.8466148376, 20.9854774475, 25.3470039368, 24.0480594635, 29.1583900452, 21.8400497437, 26.8669090271, 18.8634853363, 23.7216567993, 30.8665294647, 30.2602291107, 23.706193924, 27.2490978241, 31.4180431366, 25.8211669922, 21.1606216431, 21.1835708618, 11.6574573517, 10.1896715164, 7.14660549164, 4.69460296631, 2.54377627373, 1.54694783688, 0.774955093861, 0.280932366848, 0.0843111202121, 0.00705431448296, 0.000131567940116],
        "dvar": [6.32000112534, 29.0854263306, 74.7174530029, 203.036697388, 131.621032715, 64.9426803589, 200.795089722, 1118.74267578, 433.526641846, 238.892822266, 260.794952393, 604.032531738, 2069.38598633, 1066.46594238, 920.610473633, 1192.81323242, 2585.32299805, 910.303771973, 2027.92871094, 518.027648926, 744.827636719, 1356.81884766, 1144.25036621, 505.847442627, 859.858581543, 1128.99157715, 598.681091309, 439.941192627, 1440.17346191, 191.164260864, 120.502197266, 52.763835907, 25.9023323059, 7.49107313156, 3.35068368912, 1.05849909782, 0.179440543056, 0.0272667910904, 0.000255451217527, 4.64296938674e-08],
        "dvar2": [13.3007602692, 75.8499069214, 211.457321167, 590.026794434, 391.542755127, 172.060791016, 538.43572998, 2909.75317383, 1227.20239258, 551.414916992, 577.757873535, 1301.52209473, 4576.61962891, 2956.07763672, 2334.91845703, 2679.88061523, 6332.875, 2347.29980469, 5259.83447266, 1395.21557617, 2095.30810547, 3622.99121094, 3202.31225586, 1192.86608887, 2141.83374023, 2576.42138672, 1437.53881836, 1072.51757812, 2925.31030273, 426.025665283, 293.369476318, 123.1848526, 62.234172821, 18.0554924011, 8.39882469177, 2.43748021126, 0.407808750868, 0.0627923831344, 0.000575962592848, 1.03937651375e-07],
        "max": [33.0628356934, 86.1047515869, 119.837081909, 223.55406189, 198.759170532, 119.15712738, 169.824081421, 749.31652832, 347.564727783, 232.291351318, 580.958190918, 622.204589844, 1035.328125, 936.645629883, 775.675537109, 1194.03918457, 1076.90783691, 931.934997559, 962.931213379, 451.357849121, 501.343536377, 793.853088379, 381.698059082, 436.699493408, 982.198059082, 691.258911133, 384.499725342, 324.346466064, 996.837524414, 372.440460205, 339.099029541, 172.144668579, 124.553146362, 50.4694824219, 45.421005249, 19.6100101471, 11.8076639175, 3.966152668, 0.402479976416, 0.00556985009462],
        "mean": [6.14593219757, 7.73306417465, 2.79008746147, 3.96106028557, 2.90242004395, 3.79716610909, 6.46458959579, 12.2368440628, 6.98104095459, 8.77483081818, 8.49867725372, 15.601729393, 26.106010437, 18.6649169922, 21.1424465179, 20.5873126984, 24.2999382019, 19.9771652222, 23.4137916565, 19.4655838013, 23.8163261414, 29.3935070038, 26.5115013123, 26.5145397186, 31.3772335052, 38.4764480591, 30.9100074768, 25.9249477386, 24.390127182, 14.7827997208, 13.4470911026, 9.83305931091, 6.12542915344, 3.17755413055, 1.94779348373, 0.927846372128, 0.29399266839, 0.0806207284331, 0.00538045819849, 0.000246672483627],
        "median": [4.66614151001, 5.50016498566, 1.0833902359, 0.682856321335, 0.799321651459, 1.10208463669, 2.16134977341, 2.67616558075, 1.91843295097, 2.59870409966, 3.00509023666, 5.77891874313, 7.41375923157, 6.49411869049, 8.25077819824, 10.0097942352, 7.41698551178, 7.56464767456, 7.44808101654, 8.63530635834, 13.5711479187, 15.7730884552, 16.3730163574, 16.19789505, 19.4993629456, 21.8248062134, 19.7742385864, 16.0526428223, 10.6320762634, 8.17088699341, 8.84543609619, 6.90404272079, 4.26237297058, 1.93218195438, 1.18779420853, 0.491228580475, 0.113387912512, 0.0226208940148, 0.000760826049373, 0.000222465081606],
        "min": [2.12268742153e-21, 8.75862049527e-21, 2.36269666315e-20, 1.31586043613e-19, 2.8103611238e-19, 3.87281387455e-19, 3.03881755224e-19, 4.84154447695e-19, 7.76914862981e-19, 1.09978222272e-18, 2.38571358408e-18, 1.84616372964e-18, 2.24297281604e-18, 1.92360934167e-18, 2.7732247468e-18, 6.83349041435e-18, 2.90632431121e-18, 5.92932203424e-18, 8.85938891057e-18, 1.10034203788e-17, 7.5538704293e-18, 1.49818505868e-17, 1.44602850865e-17, 1.70563914389e-17, 1.35073043648e-17, 1.0779466191e-17, 1.4568784713e-17, 1.91741855653e-17, 9.61914106831e-18, 1.43902129624e-17, 1.99835536706e-17, 1.6316400626e-17, 1.31208224216e-17, 1.26651501288e-17, 6.67448107161e-18, 4.67682583023e-18, 2.9224909359e-18, 1.58109546011e-18, 3.55228991748e-19, 3.45100203922e-20],
        "var": [44.3320503235, 81.9306106567, 53.4874534607, 151.088302612, 81.2103805542, 75.6598358154, 193.493103027, 1090.65161133, 358.238800049, 372.573913574, 399.516418457, 1099.3482666, 4156.078125, 1639.77990723, 1933.98022461, 1593.07580566, 3718.3359375, 1384.52661133, 2866.84667969, 1030.16467285, 1047.95837402, 2025.36962891, 1088.7755127, 1043.1217041, 1812.87060547, 2762.15478516, 1363.4083252, 1003.56219482, 2815.36108398, 416.5128479, 260.612182617, 129.328338623, 53.6661987305, 15.8801107407, 6.99475002289, 2.20168185234, 0.302347004414, 0.0447365380824, 0.000317808327964, 7.40924761544e-08]
    },
    "gfcc": {
        "mean": [12.5991792679, 33.9550094604, -105.900894165, 42.0933570862, -47.9926757812, 21.8926086426, -22.2434940338, 19.623456955, -19.6840934753, 10.7491397858, -9.56240558624, 10.5655994415, -4.64480018616],
        "cov": [[21474.9707031, -53.2829246521, 688.88684082, 2264.17382812, -258.702026367, 1346.77526855, 166.664672852, 321.130310059, -68.1906280518, 325.225036621, 5.74065637589, 143.045761108, 111.207839966], [-53.2829246521, 1686.2911377, 487.717468262, 671.764404297, 696.019226074, 139.589355469, 287.450836182, -27.6183166504, 236.744110107, -43.2985610962, 196.111862183, -59.9672775269, 95.4261856079], [688.88684082, 487.717468262, 1088.94921875, 702.567443848, 528.689758301, 451.90133667, 376.297180176, 196.003311157, 298.193725586, 115.720901489, 169.024383545, 89.7577667236, 129.783828735], [2264.17382812, 671.764404297, 702.567443848, 1141.47412109, 532.127197266, 545.124328613, 325.309234619, 158.776168823, 246.047622681, 117.801048279, 168.053863525, 41.9022979736, 141.115219116], [-258.702026367, 696.019226074, 528.689758301, 532.127197266, 807.396972656, 377.259613037, 379.329345703, 103.649398804, 255.512542725, 60.1345100403, 131.310745239, 19.2243785858, 97.5928421021], [1346.77526855, 139.589355469, 451.90133667, 545.124328613, 377.259613037, 575.895568848, 276.125488281, 161.81300354, 162.353378296, 118.120552063, 88.7187194824, 57.8251152039, 66.4251022339], [166.664672852, 287.450836182, 376.297180176, 325.309234619, 379.329345703, 276.125488281, 360.865661621, 163.738723755, 180.833129883, 47.1827774048, 99.7328796387, 38.1425361633, 86.5353393555], [321.130310059, -27.6183166504, 196.003311157, 158.776168823, 103.649398804, 161.81300354, 163.738723755, 209.990112305, 110.452377319, 57.7837333679, 48.5197296143, 38.5013237, 43.1108474731], [-68.1906280518, 236.744110107, 298.193725586, 246.047622681, 255.512542725, 162.353378296, 180.833129883, 110.452377319, 245.998886108, 92.3280258179, 84.0638427734, 43.7123718262, 72.2819595337], [325.225036621, -43.2985610962, 115.720901489, 117.801048279, 60.1345100403, 118.120552063, 47.1827774048, 57.7837333679, 92.3280258179, 139.61227417, 58.1605949402, 41.28698349, 40.3547325134], [5.74065637589, 196.111862183, 169.024383545, 168.053863525, 131.310745239, 88.7187194824, 99.7328796387, 48.5197296143, 84.0638427734, 58.1605949402, 144.32585144, 34.8870391846, 48.321598053], [143.045761108, -59.9672775269, 89.7577667236, 41.9022979736, 19.2243785858, 57.8251152039, 38.1425361633, 38.5013237, 43.7123718262, 41.28698349, 34.8870391846, 106.374137878, 55.0038642883], [111.207839966, 95.4261856079, 129.783828735, 141.115219116, 97.5928421021, 66.4251022339, 86.5353393555, 43.1108474731, 72.2819595337, 40.3547325134, 48.321598053, 55.0038642883, 130.385742188]],
        "icov": [[8.52293524076e-05, -4.02362784371e-05, 3.60207595804e-05, -0.000228719742154, 0.000204890864552, -0.000141524869832, -5.95263809373e-05, -2.89556155622e-05, 0.000184439501027, -0.000172708634636, 0.000195071697817, -0.000110561923066, 6.18152262177e-05], [-4.02362784371e-05, 0.00166905252263, -1.60986128321e-05, -0.000684224127326, -0.00108544749673, 0.000914504984394, -2.99452767649e-06, 0.000949818233494, -0.000990079366602, 0.00156262458768, -0.0015874899691, 0.00105179520324, -0.00018631349667], [3.60207595804e-05, -1.60986128321e-05, 0.00210310216062, -0.000759465852752, -0.000129116364405, -0.000332561758114, -0.000548057956621, -0.000143472658237, -0.000865811132826, 0.000264783971943, -0.000288598646875, -0.000865600304678, 0.00025701452978], [-0.000228719742154, -0.000684224127326, -0.000759465852752, 0.00327243632637, -0.000368904613424, -0.00168148521334, 0.000959105091169, -0.000356992037268, -0.000398831092753, 0.000298334518448, -0.000807801727206, 0.0011438485235, -0.00153007206973], [0.000204890864552, -0.00108544749673, -0.000129116364405, -0.000368904613424, 0.00461550615728, -0.00167757237796, -0.00283080432564, 0.00148141360842, -0.00083586294204, -0.000542757043149, 0.000966279127169, 6.69287110213e-05, 0.000181378985872], [-0.000141524869832, 0.000914504984394, -0.000332561758114, -0.00168148521334, -0.00167757237796, 0.00585105968639, -0.00197526626289, -0.000445947982371, 0.00101518421434, -0.00214301981032, 0.000506332609802, -0.000966804218479, 0.00165620271582], [-5.95263809373e-05, -2.99452767649e-06, -0.000548057956621, 0.000959105091169, -0.00283080432564, -0.00197526626289, 0.0107184275985, -0.00473060272634, -0.00182385975495, 0.00359531491995, -0.00227586948313, 0.00104240770452, -0.00256191613153], [-2.89556155622e-05, 0.000949818233494, -0.000143472658237, -0.000356992037268, 0.00148141360842, -0.000445947982371, -0.00473060272634, 0.0100753800943, -0.00254941661842, -0.000298441678751, -0.000435255613411, -8.62052693265e-05, 0.000488758669235], [0.000184439501027, -0.000990079366602, -0.000865811132826, -0.000398831092753, -0.00083586294204, 0.00101518421434, -0.00182385975495, -0.00254941661842, 0.0113632986322, -0.00609765341505, 0.00133703905158, -0.00131255504675, -0.0003314044734], [-0.000172708634636, 0.00156262458768, 0.000264783971943, 0.000298334518448, -0.000542757043149, -0.00214301981032, 0.00359531491995, -0.000298441678751, -0.00609765341505, 0.0152921071276, -0.00539041589946, 0.000109264954517, -0.00177323247772], [0.000195071697817, -0.0015874899691, -0.000288598646875, -0.000807801727206, 0.000966279127169, 0.000506332609802, -0.00227586948313, -0.000435255613411, 0.00133703905158, -0.00539041589946, 0.01290947292, -0.00285454583354, 0.000177205874934], [-0.000110561923066, 0.00105179520324, -0.000865600304678, 0.0011438485235, 6.69287110213e-05, -0.000966804218479, 0.00104240770452, -8.62052693265e-05, -0.00131255504675, 0.000109264954517, -0.00285454583354, 0.0150646585971, -0.00587610946968], [6.18152262177e-05, -0.00018631349667, 0.00025701452978, -0.00153007206973, 0.000181378985872, 0.00165620271582, -0.00256191613153, 0.000488758669235, -0.0003314044734, -0.00177323247772, 0.000177205874934, -0.00587610946968, 0.0128582650796]]
    },
    "melbands": {
        "dmean": [0.00961492490023, 0.00169959617779, 0.000560860265978, 0.000172863481566, 0.00018593929417, 0.000236943174968, 9.48650558712e-05, 7.54994980525e-05, 5.39482425665e-05, 7.72026542109e-05, 9.07317662495e-05, 5.35358594789e-05, 4.92163999297e-05, 3.89693232137e-05, 4.56271809526e-05, 4.12940753449e-05, 2.53965263255e-05, 2.74137182714e-05, 1.98816524062e-05, 2.1560348614e-05, 1.61255975399e-05, 2.32549537031e-05, 1.48919425556e-05, 1.56841233547e-05, 1.22793499031e-05, 1.35089321702e-05, 1.36403959914e-05, 1.498859001e-05, 1.15683660624e-05, 9.97696861305e-06, 7.54020948079e-06, 7.87715453043e-06, 7.45635270505e-06, 3.81418158213e-06, 3.93358186557e-06, 3.99090413339e-06, 2.69215593107e-06, 2.30577074944e-06, 1.82238215984e-06, 1.36636469961e-06],
        "dmean2": [0.0138617800549, 0.00282175606117, 0.000998937292024, 0.000303542328766, 0.000308660994051, 0.000396654038923, 0.000161760937772, 0.000121316174045, 8.50201104186e-05, 0.000120883560157, 0.000140830379678, 8.59203501022e-05, 8.25858805911e-05, 6.58375793137e-05, 7.40834366297e-05, 6.70382723911e-05, 4.16120565205e-05, 4.42693708465e-05, 3.24008760799e-05, 3.56509517587e-05, 2.66928000201e-05, 3.82850557799e-05, 2.5404504413e-05, 2.71771168627e-05, 2.0065353965e-05, 2.20159708988e-05, 2.24826289923e-05, 2.35854950006e-05, 1.89019319805e-05, 1.61940351973e-05, 1.22132078104e-05, 1.21268722069e-05, 1.13073529064e-05, 6.03887065154e-06, 6.3118000071e-06, 6.22570041742e-06, 4.26701535616e-06, 3.67030224879e-06, 2.90981142825e-06, 2.19631601794e-06],
        "dvar": [0.000258499669144, 2.06492331927e-05, 5.71097871216e-06, 4.05083710575e-07, 2.12094690255e-07, 5.01585589063e-07, 8.58311608454e-08, 3.50500855006e-08, 2.64907260572e-08, 2.71813238584e-08, 5.20119485259e-08, 1.64821951643e-08, 1.07133661942e-08, 5.33466426589e-09, 2.17936921842e-08, 2.10800124023e-08, 3.77079967251e-09, 5.71404523697e-09, 1.87302595656e-09, 2.40155739739e-09, 9.28371601816e-10, 2.39481323661e-09, 6.80245859641e-10, 7.54224127597e-10, 3.79094228231e-10, 8.25484680611e-10, 6.36627695005e-10, 8.01956556717e-10, 3.50718093456e-10, 2.97701974183e-10, 1.68370414833e-10, 3.57142232454e-10, 4.67940630688e-10, 4.64786091559e-11, 5.20022774841e-11, 4.56268425819e-11, 1.97751068992e-11, 1.34209683297e-11, 1.10557674127e-11, 5.71385994075e-12],
        "dvar2": [0.000555207312573, 5.4834963521e-05, 1.66879981407e-05, 1.18751893297e-06, 5.55201665975e-07, 1.32615093662e-06, 2.39718957573e-07, 8.07873945519e-08, 5.50966703372e-08, 5.93784434955e-08, 1.14682769947e-07, 4.42332499517e-08, 2.84701524578e-08, 1.3594917192e-08, 4.58691502558e-08, 5.26292076586e-08, 9.74627401007e-09, 1.47211061119e-08, 5.05624209168e-09, 7.12909953293e-09, 2.53546339479e-09, 6.43905506692e-09, 1.85111381779e-09, 2.08426031989e-09, 8.9541657422e-10, 2.11196549138e-09, 1.54823409648e-09, 1.79723280702e-09, 8.69368577128e-10, 7.36780525479e-10, 4.06223499283e-10, 7.45299877369e-10, 9.73600311482e-10, 1.09326339648e-10, 1.3125257825e-10, 1.09933923076e-10, 4.71491665155e-11, 3.19362696011e-11, 2.6731014971e-11, 1.39910210153e-11],
        "max": [0.203752249479, 0.0702671408653, 0.0387854799628, 0.0104502551258, 0.00602043047547, 0.0148071469739, 0.00485641090199, 0.00308798300102, 0.00686183199286, 0.00395391322672, 0.00503840250894, 0.00344914197922, 0.00250719231553, 0.00127578130923, 0.00590137345716, 0.00341151910834, 0.00201156409457, 0.00166497135069, 0.00109834189061, 0.00128832063638, 0.000698490068316, 0.00110810308252, 0.000293918768875, 0.000270293327048, 0.000382568192435, 0.000775605731178, 0.00108475144953, 0.000621854676865, 0.000341333041433, 0.0003307913139, 0.000298298284179, 0.000482154777274, 0.000524525239598, 0.000220412752242, 0.000254448939813, 0.00018819248362, 0.000124055790366, 7.42284100852e-05, 6.40135549475e-05, 4.98734807479e-05],
        "mean": [0.0386464260519, 0.00369420065545, 0.000655692187138, 0.000206595097552, 0.000233714818023, 0.000258977786871, 0.000102723301097, 9.79103206191e-05, 7.1423179179e-05, 0.000103956292151, 0.000130045809783, 7.42546471884e-05, 6.80862940499e-05, 5.30045872438e-05, 5.86433998251e-05, 5.19671302754e-05, 3.47202912963e-05, 3.6639332393e-05, 2.84062243736e-05, 3.11027142743e-05, 2.50899338425e-05, 3.32743802574e-05, 2.22340313485e-05, 2.28504177358e-05, 2.07549965126e-05, 2.300847882e-05, 2.31212907238e-05, 2.67219711532e-05, 1.95731754502e-05, 1.78025493369e-05, 1.36577837111e-05, 1.33361309054e-05, 1.18760817713e-05, 7.17839338904e-06, 7.57232328397e-06, 7.77140212449e-06, 5.37160167369e-06, 4.49869367003e-06, 3.30440116159e-06, 2.51027881859e-06],
        "median": [0.0300830826163, 0.00249809632078, 0.000123874051496, 7.58094975026e-05, 8.14092782093e-05, 6.02399741183e-05, 2.65903618129e-05, 2.7465124731e-05, 2.2742393412e-05, 3.71016722056e-05, 3.46066444763e-05, 2.25611420319e-05, 2.42474379775e-05, 2.48872274824e-05, 2.28689750656e-05, 1.13195219456e-05, 1.35354675876e-05, 1.12182970042e-05, 1.02020712802e-05, 1.38700688694e-05, 1.39515377668e-05, 1.6084384697e-05, 1.32044506245e-05, 1.34701167553e-05, 1.21225448311e-05, 1.21249222502e-05, 1.30460339278e-05, 1.34056890602e-05, 1.11622230179e-05, 1.01888308564e-05, 7.73237661633e-06, 5.73117085878e-06, 4.03535796067e-06, 4.24491463491e-06, 4.67354948341e-06, 4.76268814964e-06, 3.76698017135e-06, 2.98087479678e-06, 2.11460928767e-06, 1.34824517772e-06],
        "min": [1.56622779151e-23, 1.17527968648e-23, 2.67982612826e-23, 2.4348632024e-23, 1.26114522386e-23, 1.14245889186e-23, 1.14810958141e-23, 1.44328949923e-23, 1.66161921875e-23, 1.26212467356e-23, 1.10289483533e-23, 7.19407461201e-24, 7.62666305547e-24, 1.53566085138e-23, 1.36111938076e-23, 6.48071242858e-24, 1.04674947479e-23, 1.41169293785e-23, 1.332139471e-23, 1.49888384044e-23, 7.37383313534e-24, 1.43134409409e-23, 1.58629404635e-23, 1.27235462178e-23, 1.40078094049e-23, 1.14088511435e-23, 6.48889764934e-24, 7.50538200218e-24, 8.65228951734e-24, 1.07061109722e-23, 1.14639672772e-23, 5.39282866964e-24, 4.93186213841e-24, 9.54479806803e-24, 1.02562251757e-23, 1.35286710683e-23, 8.86158535954e-24, 8.37321971692e-24, 1.18675635047e-23, 9.64849541175e-24],
        "var": [0.00173027708661, 2.78792103927e-05, 4.02965588364e-06, 2.7788070156e-07, 2.42540835416e-07, 4.72095678106e-07, 7.73449784219e-08, 4.99752204064e-08, 4.24772998997e-08, 4.82718860439e-08, 1.05476871681e-07, 2.73110760673e-08, 2.00005541018e-08, 7.2517112315e-09, 2.81528187429e-08, 2.76254201736e-08, 5.1596109607e-09, 7.83316433939e-09, 2.92878699071e-09, 3.30302118989e-09, 1.19483689609e-09, 3.37668515371e-09, 7.7938300258e-10, 8.01838095921e-10, 7.40762673423e-10, 1.46386325284e-09, 1.23522025941e-09, 1.82748904898e-09, 6.55331788835e-10, 5.78181780231e-10, 3.37587985344e-10, 7.29918181452e-10, 8.11991862637e-10, 8.67879032529e-11, 8.8645313312e-11, 1.09527935332e-10, 4.29269848834e-11, 2.95653813931e-11, 2.01559307439e-11, 1.16999578428e-11]
    },
    "mfcc": {
        "mean": [-627.09979248, 68.5421218872, 4.24474334717, 28.7416114807, 5.14338970184, 11.3251905441, 12.1126585007, 11.6630868912, 6.75139045715, 6.41767549515, 0.978623449802, 7.14883899689, 3.75413584709],
        "cov": [[11474.4160156, 339.879882812, 367.364715576, 350.820526123, 186.301376343, 438.045410156, 140.981964111, 194.366989136, 96.8975601196, 206.467819214, 15.7177190781, 193.509872437, 74.9490737915], [339.879882812, 1251.83007812, 118.667648315, 474.467926025, 341.755004883, 238.603469849, 174.706924438, 148.570419312, 84.9869537354, 75.0650787354, 90.1779785156, 57.0309944153, 64.145111084], [367.364715576, 118.667648315, 719.820800781, 367.357574463, 292.228759766, 303.300109863, 169.284927368, 230.995727539, 143.01020813, 182.320343018, 93.59765625, 145.794021606, 90.2543258667], [350.820526123, 474.467926025, 367.357574463, 628.047790527, 392.144012451, 337.120056152, 203.493469238, 211.890853882, 152.398117065, 174.43421936, 78.9795303345, 133.477371216, 93.1871185303], [186.301376343, 341.755004883, 292.228759766, 392.144012451, 485.156494141, 411.608795166, 226.759658813, 219.433990479, 166.824081421, 167.835021973, 119.606391907, 92.6482162476, 95.8238143921], [438.045410156, 238.603469849, 303.300109863, 337.120056152, 411.608795166, 512.333190918, 242.160705566, 225.932952881, 180.768432617, 158.495819092, 122.743347168, 98.2931060791, 112.312995911], [140.981964111, 174.706924438, 169.284927368, 203.493469238, 226.759658813, 242.160705566, 293.172576904, 201.603164673, 121.147956848, 131.705230713, 75.979309082, 66.5032958984, 58.6945075989], [194.366989136, 148.570419312, 230.995727539, 211.890853882, 219.433990479, 225.932952881, 201.603164673, 285.522613525, 154.946029663, 134.308181763, 93.8219451904, 62.8236656189, 81.485824585], [96.8975601196, 84.9869537354, 143.01020813, 152.398117065, 166.824081421, 180.768432617, 121.147956848, 154.946029663, 229.143432617, 109.462112427, 84.8979873657, 39.9497528076, 82.5351333618], [206.467819214, 75.0650787354, 182.320343018, 174.43421936, 167.835021973, 158.495819092, 131.705230713, 134.308181763, 109.462112427, 190.319976807, 80.0702590942, 89.7035522461, 50.8873023987], [15.7177190781, 90.1779785156, 93.59765625, 78.9795303345, 119.606391907, 122.743347168, 75.979309082, 93.8219451904, 84.8979873657, 80.0702590942, 147.547851562, 49.7746353149, 55.3762550354], [193.509872437, 57.0309944153, 145.794021606, 133.477371216, 92.6482162476, 98.2931060791, 66.5032958984, 62.8236656189, 39.9497528076, 89.7035522461, 49.7746353149, 152.160720825, 41.802936554], [74.9490737915, 64.145111084, 90.2543258667, 93.1871185303, 95.8238143921, 112.312995911, 58.6945075989, 81.485824585, 82.5351333618, 50.8873023987, 55.3762550354, 41.802936554, 112.361541748]],
