{
"lowlevel": {
    "average_loudness": 0.944921255112,
    "barkbands_crest": {
        "dmean": 3.5355489254,
        "dmean2": 5.56335020065,
        "dvar": 14.4565486908,
        "dvar2": 30.6917057037,
        "max": 26.2364444733,
        "mean": 9.37985134125,
        "median": 7.61532878876,
        "min": 1.92875111103,
        "var": 32.1393356323
    },
    "barkbands_flatness_db": {
        "dmean": 0.0266724210232,
        "dmean2": 0.0405910685658,
        "dvar": 0.00108204875141,
        "dvar2": 0.00237800017931,
        "max": 0.44606539607,
        "mean": 0.0849330499768,
        "median": 0.0694114714861,
        "min": 0.0125749995932,
        "var": 0.00313518475741
    },
    "barkbands_kurtosis": {
        "dmean": 3.88581871986,
        "dmean2": 6.36203718185,
        "dvar": 461.462005615,
        "dvar2": 1211.27844238,
        "max": 545.241455078,
        "mean": 2.84438967705,
        "median": -0.944138765335,
        "min": -1.93453657627,
        "var": 462.389465332
    },
    "barkbands_skewness": {
        "dmean": 0.732985198498,
        "dmean2": 1.10810351372,
        "dvar": 1.30646443367,
        "dvar2": 3.05959916115,
        "max": 20.8416748047,
        "mean": 0.736818134785,
        "median": 0.390079438686,
        "min": -3.10303354263,
        "var": 3.08608317375
    },
    "barkbands_spread": {
        "dmean": 11.395195961,
        "dmean2": 17.7459449768,
        "dvar": 133.491546631,
        "dvar2": 298.460266113,
        "max": 111.176353455,
        "mean": 52.4641571045,
        "median": 53.0000267029,
        "min": 0.389764308929,
        "var": 473.979888916
    },
    "dissonance": {
        "dmean": 0.00888407509774,
        "dmean2": 0.0150614380836,
        "dvar": 0.000114988186397,
        "dvar2": 0.000319586892147,
        "max": 0.500000119209,
        "mean": 0.487282067537,
        "median": 0.490221560001,
        "min": 0.305380880833,
        "var": 0.00016306215548
    },
    "dynamic_complexity": 2.55723381042,
    "erbbands_crest": {
        "dmean": 1.72985470295,
        "dmean2": 2.89396500587,
        "dvar": 3.78125691414,
        "dvar2": 9.38165855408,
        "max": 24.2340965271,
        "mean": 5.67351770401,
        "median": 4.92347240448,
        "min": 2.17432665825,
        "var": 6.41794538498
    },
    "erbbands_flatness_db": {
        "dmean": 0.013562691398,
        "dmean2": 0.020325133577,
        "dvar": 0.000190416219993,
        "dvar2": 0.000401019962737,
        "max": 0.437092274427,
        "mean": 0.114688001573,
        "median": 0.107351712883,
        "min": 0.0414808616042,
        "var": 0.00150110025425
    },
    "erbbands_kurtosis": {
        "dmean": 0.952021658421,
        "dmean2": 1.51667070389,
        "dvar": 2.95984268188,
        "dvar2": 7.59557676315,
        "max": 71.9764633179,
        "mean": 0.179097518325,
        "median": -0.323796749115,
        "min": -1.76527512074,
        "var": 6.055580616
    },
    "erbbands_skewness": {
        "dmean": 0.372879654169,
        "dmean2": 0.57568114996,
        "dvar": 0.14862729609,
        "dvar2": 0.349019408226,
        "max": 6.29187870026,
        "mean": -0.53907752037,
        "median": -0.592814803123,
        "min": -4.17655658722,
        "var": 0.475527524948
    },
    "erbbands_spread": {
        "dmean": 12.6285533905,
        "dmean2": 19.046421051,
        "dvar": 216.165985107,
        "dvar2": 444.925567627,
        "max": 192.071304321,
        "mean": 50.6653785706,
        "median": 46.3761367798,
        "min": 1.74025058746,
        "var": 453.018890381
    },
    "hfc": {
        "dmean": 20.7264595032,
        "dmean2": 35.3541183472,
        "dvar": 850.305419922,
        "dvar2": 2318.67382812,
        "max": 259.486541748,
        "mean": 56.172290802,
        "median": 46.5307540894,
        "min": 1.05707488356e-16,
        "var": 1781.09680176
    },
    "melbands_crest": {
        "dmean": 4.945956707,
        "dmean2": 7.77799940109,
        "dvar": 21.9243717194,
        "dvar2": 52.6719512939,
        "max": 37.6128616333,
        "mean": 16.820810318,
        "median": 17.0684928894,
        "min": 1.56152558327,
        "var": 65.6934738159
    },
    "melbands_flatness_db": {
        "dmean": 0.0380213707685,
        "dmean2": 0.0581213459373,
        "dvar": 0.00206574890763,
        "dvar2": 0.00452435715124,
        "max": 0.562972724438,
        "mean": 0.124777384102,
        "median": 0.105126723647,
        "min": 0.00355570344254,
        "var": 0.00690373964608
    },
    "melbands_kurtosis": {
        "dmean": 15.533159256,
        "dmean2": 24.5394535065,
        "dvar": 3166.29418945,
        "dvar2": 7838.30273438,
        "max": 1606.0645752,
        "mean": 18.0759010315,
        "median": 3.73783421516,
        "min": -1.7636756897,
        "var": 3532.52709961
    },
    "melbands_skewness": {
        "dmean": 1.23840022087,
        "dmean2": 1.87561559677,
        "dvar": 3.26388645172,
        "dvar2": 7.10905408859,
        "max": 30.7955875397,
        "mean": 2.79202222824,
        "median": 2.04749512672,
        "min": -1.19902276993,
        "var": 7.21502971649
    },
    "melbands_spread": {
        "dmean": 20.3468437195,
        "dmean2": 32.2814712524,
        "dvar": 499.491943359,
        "dvar2": 1082.09985352,
        "max": 234.365188599,
        "mean": 63.1154327393,
        "median": 61.0417671204,
        "min": 0.264399498701,
        "var": 1507.82641602
    },
    "pitch_salience": {
        "dmean": 0.106501959264,
        "dmean2": 0.171062380075,
        "dvar": 0.0125366020948,
        "dvar2": 0.029264556244,
        "max": 0.954809248447,
        "mean": 0.551783680916,
        "median": 0.583653151989,
        "min": 0.0499733053148,
        "var": 0.0261845495552
    },
    "silence_rate_20dB": {
        "dmean": 0,
        "dmean2": 0,
        "dvar": 0,
        "dvar2": 0,
        "max": 1,
        "mean": 1,
        "median": 1,
        "min": 1,
        "var": 0
    },
    "silence_rate_30dB": {
        "dmean": 0,
        "dmean2": 0,
        "dvar": 0,
        "dvar2": 0,
        "max": 1,
        "mean": 1,
        "median": 1,
        "min": 1,
        "var": 0
    },
    "silence_rate_60dB": {
        "dmean": 0.00427415641025,
        "dmean2": 0.00854961853474,
        "dvar": 0.00425597047433,
        "dvar2": 0.00969733577222,
        "max": 1,
        "mean": 0.0352564118803,
        "median": 0,
        "min": 0,
        "var": 0.0340134464204
    },
    "spectral_centroid": {
        "dmean": 398.30581665,
        "dmean2": 603.667419434,
        "dvar": 216289.6875,
        "dvar2": 418054.96875,
        "max": 11747.2148438,
        "mean": 2955.19921875,
        "median": 2996.55273438,
        "min": 203.996185303,
        "var": 1617979.375
    },
    "spectral_complexity": {
        "dmean": 7.08166694641,
        "dmean2": 11.4085493088,
        "dvar": 54.9609413147,
        "dvar2": 123.484809875,
        "max": 60,
        "mean": 29.2516784668,
        "median": 32,
        "min": 0,
        "var": 177.600402832
    },
    "spectral_decrease": {
        "dmean": 2.04270644844e-09,
        "dmean2": 2.87517321063e-09,
        "dvar": 6.24058430848e-18,
        "dvar2": 1.11726441613e-17,
        "max": 1.6366419056e-28,
        "mean": -5.87659876317e-09,
        "median": -4.6580979074e-09,
        "min": -2.87871131377e-08,
        "var": 1.865044458e-17
    },
    "spectral_energy": {
        "dmean": 0.00847491715103,
        "dmean2": 0.012178930454,
        "dvar": 0.000100269018731,
        "dvar2": 0.000194165986613,
        "max": 0.117606438696,
        "mean": 0.0272746216506,
        "median": 0.0230833105743,
        "min": 1.01333720551e-20,
        "var": 0.000314875302138
    },
    "spectral_energyband_high": {
        "dmean": 0.00220357254148,
        "dmean2": 0.00374499778263,
        "dvar": 9.43549821386e-06,
        "dvar2": 2.57884821622e-05,
        "max": 0.0283646155149,
        "mean": 0.00591311603785,
        "median": 0.00469681899995,
        "min": 7.09774683843e-21,
        "var": 2.2909773179e-05
    },
    "spectral_energyband_low": {
        "dmean": 0.00553063768893,
        "dmean2": 0.00833924114704,
        "dvar": 9.9349032098e-05,
        "dvar2": 0.000195631582756,
        "max": 0.0984115898609,
        "mean": 0.0108569627628,
        "median": 0.00600086664781,
        "min": 1.57441443221e-23,
        "var": 0.000208688143175
    },
    "spectral_energyband_middle_high": {
        "dmean": 0.00256832572632,
        "dmean2": 0.00447765178978,
        "dvar": 1.40818419823e-05,
        "dvar2": 3.81802165066e-05,
        "max": 0.0263800658286,
        "mean": 0.00479476246983,
        "median": 0.00397236505523,
        "min": 1.11966963747e-21,
        "var": 1.47015689436e-05
    },
    "spectral_energyband_middle_low": {
        "dmean": 0.00413191504776,
        "dmean2": 0.00628670258448,
        "dvar": 4.72796309623e-05,
        "dvar2": 8.34830934764e-05,
        "max": 0.0629906281829,
        "mean": 0.00606294674799,
        "median": 0.00303887482733,
        "min": 1.35081777241e-22,
        "var": 7.94229345047e-05
    },
    "spectral_entropy": {
        "dmean": 0.0975037962198,
        "dmean2": 0.154054909945,
        "dvar": 0.0152526302263,
        "dvar2": 0.033084794879,
        "max": 9.82132434845,
        "mean": 8.27787208557,
        "median": 8.30363750458,
        "min": 4.81204795837,
        "var": 0.119050882757
    },
    "spectral_flux": {
        "dmean": 0.0281864646822,
        "dmean2": 0.0426212325692,
        "dvar": 0.00100517424289,
        "dvar2": 0.00200794241391,
        "max": 0.328112065792,
        "mean": 0.101897776127,
        "median": 0.0924735665321,
        "min": 6.18727083457e-11,
        "var": 0.00262804049999
    },
    "spectral_kurtosis": {
        "dmean": 0.830590546131,
        "dmean2": 1.35273039341,
        "dvar": 27.3737335205,
        "dvar2": 73.1267929077,
        "max": 244.179794312,
        "mean": 2.19583034515,
        "median": 1.71457719803,
        "min": -1.29010283947,
        "var": 44.2528419495
    },
    "spectral_rms": {
        "dmean": 0.000762882293202,
        "dmean2": 0.00109865202103,
        "dvar": 6.59254624225e-07,
        "dvar2": 1.29202214794e-06,
        "max": 0.0107115823776,
        "mean": 0.00484924903139,
        "median": 0.0047455560416,
        "min": 3.14423530615e-12,
        "var": 3.0941669138e-06
    },
    "spectral_rolloff": {
        "dmean": 1229.02185059,
        "dmean2": 1939.99584961,
        "dvar": 2175963,
        "dvar2": 4628647.5,
        "max": 19530.6152344,
        "mean": 5010.63085938,
        "median": 5232.56835938,
        "min": 43.06640625,
        "var": 10261530
    },
    "spectral_skewness": {
        "dmean": 0.128714352846,
        "dmean2": 0.206379145384,
        "dvar": 0.0748204439878,
        "dvar2": 0.206037089229,
        "max": 11.6879243851,
        "mean": 1.02482962608,
        "median": 1.00243997574,
        "min": -0.114973112941,
        "var": 0.219697400928
    },
    "spectral_spread": {
        "dmean": 584126.625,
        "dmean2": 906259.0625,
        "dvar": 786888720384,
        "dvar2": 1.47812961485e+12,
        "max": 46954924,
        "mean": 6787971,
        "median": 6182673,
        "min": 281812.53125,
        "var": 1.93676307333e+13
    },
    "spectral_strongpeak": {
        "dmean": 0.497058153152,
        "dmean2": 0.861290693283,
        "dvar": 1.21190810204,
        "dvar2": 3.37196207047,
        "max": 13.8477420807,
        "mean": 0.59525936842,
        "median": 0.236928522587,
        "min": 0,
        "var": 1.18500769138
    },
    "zerocrossingrate": {
        "dmean": 0.0205865222961,
        "dmean2": 0.0245911851525,
        "dvar": 0.000388730259147,
        "dvar2": 0.000499778834637,
        "max": 0.83984375,
        "mean": 0.151232674718,
        "median": 0.14697265625,
        "min": 0.001953125,
        "var": 0.00623241765425
    },
    "barkbands": {
        "dmean": [0.000513625447638, 0.00501022301614, 0.00132338132244, 0.000613121432252, 0.00236350344494, 0.000923303305171, 0.000651714624837, 0.000520376721397, 0.000694787770044, 0.000442499818746, 0.000316078978358, 0.000296908721793, 0.00028314703377, 0.000213800070924, 0.00023207468621, 0.00028934085276, 0.000392228685087, 0.000384422164643, 0.000453341286629, 0.000585478846915, 0.000579034618568, 0.000498062407132, 0.000478557427414, 0.000413114990806, 0.000286117690848, 0.000181362251169, 3.20049948641e-05],
        "dmean2": [0.000802364083938, 0.00778888864443, 0.00236069853418, 0.00112429447472, 0.00335029070266, 0.00166486680973, 0.00112192973029, 0.000879381725099, 0.00117148354184, 0.000735714042094, 0.000534403487109, 0.000514390587341, 0.000485497788759, 0.000362646707799, 0.000403570506023, 0.000504972413182, 0.000700884964317, 0.000676686409861, 0.000786819960922, 0.00102851621341, 0.00102009193506, 0.000845572503749, 0.000804371375125, 0.000695373280905, 0.000472279207315, 0.000306915899273, 5.28540513187e-05],
        "dvar": [7.27880319573e-07, 0.000101072088, 1.33807761813e-05, 3.35191316481e-06, 3.32283671014e-05, 7.24242727301e-06, 1.6269242451e-06, 7.39788845294e-07, 1.20667868941e-06, 4.87386557779e-07, 3.08826344053e-07, 2.15566402062e-07, 1.85634789318e-07, 9.79347589691e-08, 1.32204860392e-07, 2.44594247079e-07, 4.94580774557e-07, 4.20809584512e-07, 4.79699053813e-07, 7.95239770923e-07, 6.65253821808e-07, 4.39223839521e-07, 3.96137124881e-07, 3.40733691928e-07, 1.36191289357e-07, 6.82944900632e-08, 2.31913266369e-09],
        "dvar2": [1.832236876e-06, 0.000213146326132, 3.79158627766e-05, 9.68494714471e-06, 5.44429203728e-05, 2.07840512303e-05, 4.53965913039e-06, 1.95290363081e-06, 3.20494336847e-06, 1.24884786601e-06, 8.17532452402e-07, 5.71435805341e-07, 5.02242357925e-07, 2.57960977024e-07, 3.61603241572e-07, 6.69510939133e-07, 1.38006862471e-06, 1.1762823533e-06, 1.34443553179e-06, 2.2746387458e-06, 1.89587990462e-06, 1.19137553156e-06, 1.05928825178e-06, 9.30948488076e-07, 3.55352568704e-07, 1.84450158258e-07, 6.04474159616e-09],
        "max": [0.00945735350251, 0.0962445959449, 0.0364886820316, 0.0215256661177, 0.0612829625607, 0.0250358581543, 0.0121246688068, 0.0131006455049, 0.0127023821697, 0.00786324962974, 0.0114668272436, 0.00612126337364, 0.00440421933308, 0.00469579035416, 0.00454513961449, 0.00661158654839, 0.00803551916033, 0.00955000706017, 0.00956309679896, 0.0120829511434, 0.00910933595151, 0.00980676244944, 0.00956230051816, 0.0119577897713, 0.00469797058031, 0.00255759200081, 0.000572897202801],
        "mean": [0.000893425138202, 0.00850447267294, 0.00122763169929, 0.000498593144584, 0.00249655800872, 0.000791449972894, 0.000693423906341, 0.0005761506618, 0.000823914422654, 0.000542186724488, 0.000402023055358, 0.000355600175681, 0.000347220222466, 0.000287094298983, 0.000310465809889, 0.000377993710572, 0.000478161877254, 0.00055293389596, 0.000759572139941, 0.00102200498804, 0.00107262772508, 0.00108576449566, 0.00109631824307, 0.00102043664083, 0.000673125789035, 0.000340717611834, 4.47782767878e-05],
        "median": [0.000528976903297, 0.00422294251621, 0.000307602633256, 0.00011426875426, 0.000267127878033, 0.000224794566748, 0.000274204649031, 0.000261202396359, 0.000431881402619, 0.000249864795478, 0.000175651046447, 0.000190361082787, 0.000188873047591, 0.000153606495587, 0.000169168924913, 0.00023582301219, 0.000296190904919, 0.00040441629244, 0.000606369576417, 0.000789118348621, 0.000827595125884, 0.000835926854052, 0.000727625039872, 0.000635880453046, 0.000463669188321, 0.000235659666942, 2.46134659392e-05],
        "min": [2.1868523448e-25, 1.41614160059e-24, 2.46978071042e-24, 2.97405836776e-25, 4.86704064897e-24, 2.88160870144e-24, 6.97462376337e-24, 9.65888076556e-24, 1.41773845228e-23, 2.01183606866e-23, 2.16773012966e-23, 1.76329786741e-23, 2.09175667138e-23, 3.61770348957e-23, 3.86503284037e-23, 4.79427154368e-23, 3.64475510773e-23, 9.53530696694e-23, 9.79466297556e-23, 1.50213000306e-22, 2.59724943088e-22, 2.65033509975e-22, 4.1218431633e-22, 5.18672435355e-22, 8.81292280222e-22, 1.33380177763e-21, 1.85920818211e-21],
        "var": [1.27478847389e-06, 0.000162688986165, 9.13064468477e-06, 2.01116563403e-06, 4.92638064316e-05, 4.39320365331e-06, 1.38927032367e-06, 7.44196029245e-07, 1.2836934502e-06, 6.42295901798e-07, 5.51329776499e-07, 2.53177120157e-07, 2.05021933652e-07, 1.42852158547e-07, 1.68160042335e-07, 2.39176983996e-07, 4.3532625682e-07, 3.87618882769e-07, 5.49345827494e-07, 9.04994749362e-07, 9.0994922175e-07, 9.29881650791e-07, 1.22650465073e-06, 1.23637039451e-06, 4.35459440951e-07, 1.08164663004e-07, 3.10864289865e-09]
    },
    "erbbands": {
        "dmean": [0.188279420137, 1.0994540453, 1.64206755161, 1.80852329731, 2.70739674568, 12.2055025101, 9.11288547516, 7.78635978699, 9.65742588043, 8.92886924744, 12.0277881622, 17.7561454773, 13.4036083221, 12.6871423721, 12.1026067734, 11.4950437546, 12.8094997406, 10.7784309387, 10.8677406311, 13.2619915009, 15.7524366379, 21.9410800934, 20.725643158, 20.9873771667, 24.633436203, 28.3399295807, 24.8476696014, 21.2379398346, 17.9468994141, 15.4721956253, 14.3240222931, 9.50459003448, 6.76815223694, 3.46071863174, 2.0717279911, 1.00980126858, 0.287691920996, 0.0581062361598, 0.00526060489938, 9.18864971027e-05],
        "dmean2": [0.28137165308, 1.7263020277, 2.79903292656, 3.27451777458, 4.45077943802, 17.5779418945, 15.1569156647, 13.7734718323, 16.8029708862, 15.0980072021, 20.5106868744, 29.9377441406, 22.0291461945, 21.4380016327, 20.7168369293, 19.8988380432, 22.0040225983, 18.4199314117, 18.5232868195, 23.1882743835, 27.6876907349, 39.1569862366, 36.6907615662, 36.4891586304, 43.1620597839, 49.8833961487, 43.9208450317, 37.1030540466, 30.8256092072, 26.6672534943, 23.8510112762, 15.6955785751, 11.626449585, 5.72812986374, 3.4199347496, 1.69868516922, 0.488078892231, 0.0957115963101, 0.00873514637351, 0.000151447835378],
        "dvar": [0.112931884825, 6.03090238571, 16.6831188202, 29.9965362549, 32.1287384033, 1143.71630859, 748.686462402, 425.093841553, 456.870483398, 202.215255737, 437.995880127, 814.481201172, 402.515411377, 447.696655273, 496.21307373, 315.720184326, 386.320892334, 254.871932983, 269.825744629, 389.771057129, 705.067138672, 1511.19152832, 1147.1673584, 1058.11206055, 1506.77026367, 1808.66625977, 1293.83044434, 900.875183105, 674.872009277, 415.848846436, 385.1980896, 183.267303467, 93.5972366333, 21.6805210114, 7.94756174088, 2.04046821594, 0.181040897965, 0.00772217055783, 6.54040195514e-05, 1.86725657159e-08],
        "dvar2": [0.236782863736, 13.7137680054, 44.5896530151, 86.3780593872, 77.6721572876, 2059.45410156, 1978.5291748, 1213.29626465, 1294.21765137, 543.778991699, 1153.18371582, 2161.95629883, 1008.27972412, 1162.37915039, 1299.56396484, 840.564147949, 1055.86450195, 676.703918457, 696.366333008, 1092.52368164, 1930.60070801, 4192.63671875, 3180.38745117, 2920.98535156, 4269.99267578, 5189.43945312, 3691.70727539, 2526.61352539, 1862.9519043, 1125.66296387, 1003.97296143, 484.308197021, 254.483947754, 57.2901191711, 20.0102901459, 5.45976305008, 0.489657372236, 0.0201181396842, 0.00016885290097, 4.87332236787e-08],
        "max": [3.51561713219, 22.3559246063, 45.0088577271, 64.2452468872, 53.1173934937, 357.927886963, 292.918640137, 201.433547974, 233.691360474, 147.237319946, 325.839752197, 354.48236084, 240.373596191, 279.658325195, 584.922424316, 220.172042847, 210.473342896, 244.392944336, 245.600479126, 207.259475708, 421.324462891, 509.125396729, 444.69619751, 594.053405762, 796.943847656, 556.068359375, 330.334289551, 442.378356934, 541.750610352, 266.788421631, 294.75100708, 302.400177002, 139.374603271, 76.18019104, 33.60962677, 17.8700275421, 4.69095373154, 1.06775557995, 0.0966268926859, 0.00153497071005],
        "mean": [0.343401610851, 1.47164559364, 1.79259538651, 1.58310425282, 2.73808503151, 11.9927053452, 7.922498703, 7.30381345749, 9.76338768005, 10.5972900391, 13.3480958939, 20.7841567993, 17.5826759338, 16.0470104218, 15.3489294052, 14.6845998764, 16.3335285187, 14.7571754456, 15.8072805405, 18.1367588043, 21.3447151184, 28.0350990295, 29.729221344, 34.2531738281, 41.6727676392, 49.2284355164, 44.8168754578, 41.6608467102, 37.9413757324, 34.5492553711, 32.0186843872, 23.5872516632, 15.3297224045, 8.45402908325, 4.35973072052, 1.86367559433, 0.544436812401, 0.105700410903, 0.00718769663945, 0.000179471768206],
        "median": [0.199352473021, 0.458667218685, 0.440157175064, 0.47882437706, 0.617272734642, 0.883905768394, 1.36790251732, 2.17724752426, 3.75040602684, 5.21633338928, 6.34561443329, 10.3236198425, 9.36922836304, 7.97542190552, 7.40625762939, 8.28673362732, 9.23522949219, 8.54179477692, 8.81321907043, 11.2859325409, 14.0279569626, 17.9503860474, 21.9717731476, 27.1681156158, 32.9857635498, 38.2573471069, 33.5370407104, 32.6827354431, 29.3115615845, 25.7443637848, 20.530456543, 14.9388389587, 9.42159175873, 5.78413248062, 2.92389249802, 1.22026109695, 0.38892480731, 0.0747678726912, 0.00360948732123, 0.000131852168124],
        "min": [8.05534647967e-23, 2.35279266973e-22, 2.71497761874e-21, 8.88786988936e-21, 8.31527915192e-21, 2.63536738167e-20, 2.21322690361e-20, 8.8864316937e-20, 1.68315964738e-19, 1.49783345005e-19, 2.46338496472e-19, 3.37243784635e-19, 4.78778549195e-19, 6.63814044236e-19, 1.09637630655e-18, 1.02866898847e-18, 1.69954110638e-18, 1.47344441743e-18, 2.03485458751e-18, 3.55532401597e-18, 2.99927976653e-18, 3.16584891968e-18, 5.94274097172e-18, 6.22628111492e-18, 7.52346740588e-18, 7.01997332037e-18, 9.40265053122e-18, 8.63495661241e-18, 8.9345821098e-18, 1.09031098403e-17, 1.22143127067e-17, 8.25661164486e-18, 9.49391005948e-18, 7.75053427429e-18, 7.04271251541e-18, 4.29154123092e-18, 2.28554056433e-18, 9.2390749447e-19, 2.43891747919e-19, 2.5192021431e-20],
        "var": [0.22689178586, 7.38282823563, 14.4502906799, 18.2471370697, 32.5793228149, 1482.21264648, 595.121337891, 281.946380615, 343.071899414, 215.754623413, 423.478790283, 864.827331543, 555.208068848, 592.866516113, 833.928771973, 390.134552002, 434.526275635, 325.519866943, 412.059448242, 451.523742676, 682.399291992, 1388.53527832, 1075.4173584, 1131.35852051, 1696.30603027, 2097.33544922, 1679.6550293, 1394.19165039, 1227.30822754, 993.229919434, 1211.88781738, 676.964599609, 275.001983643, 74.4036941528, 19.9304561615, 3.53384160995, 0.269202977419, 0.0115038976073, 8.72204182087e-05, 2.8495158233e-08]
    },
    "gfcc": {
        "mean": [26.8428573608, 10.3269042969, -100.910369873, 42.7483863831, -62.6226768494, 22.9408473969, -26.0771713257, 22.2822780609, -18.9582328796, 12.8136396408, -14.5425882339, 7.30955171585, -11.8363265991],
        "cov": [[31492.7949219, -1268.22753906, -2144.69677734, 837.507629395, -1362.74328613, 560.186157227, -834.52142334, 453.697265625, -719.153625488, 321.133483887, -461.616729736, 436.504364014, -244.293106079], [-1268.22753906, 1617.08447266, 207.168258667, 85.7931671143, 320.348266602, 23.1834850311, 142.2421875, -48.5233459473, 157.901901245, -15.2275819778, 113.827224731, -70.1162261963, 96.7061386108], [-2144.69677734, 207.168258667, 1024.46777344, 252.394470215, 197.118759155, -6.46371555328, 21.0787506104, -50.4005699158, 8.91396808624, -32.8712997437, 21.3974590302, 13.307972908, 24.1481246948], [837.507629395, 85.7931671143, 252.394470215, 451.413146973, 130.688903809, 149.173217773, 24.9062747955, 65.9439163208, -7.80695343018, 22.2068538666, -6.13720369339, 14.2170705795, -0.947334766388], [-1362.74328613, 320.348266602, 197.118759155, 130.688903809, 500.216125488, 151.315811157, 187.283599854, 12.0402231216, 104.571868896, -0.98212313652, 15.503911972, -35.452747345, 36.4974136353], [560.186157227, 23.1834850311, -6.46371555328, 149.173217773, 151.315811157, 272.30368042, 148.505126953, 116.852897644, 62.7628517151, 52.7340278625, 6.63141822815, 0.152678698301, 1.44047391415], [-834.52142334, 142.2421875, 21.0787506104, 24.9062747955, 187.283599854, 148.505126953, 251.558105469, 130.329208374, 122.85760498, 42.901676178, 36.3757095337, -11.76811409, 18.3634662628], [453.697265625, -48.5233459473, -50.4005699158, 65.9439163208, 12.0402231216, 116.852897644, 130.329208374, 183.329208374, 96.8675079346, 74.0157012939, 10.9526338577, 10.4414958954, -10.1101560593], [-719.153625488, 157.901901245, 8.91396808624, -7.80695343018, 104.571868896, 62.7628517151, 122.85760498, 96.8675079346, 163.09211731, 71.5724334717, 50.3878974915, -17.4479160309, 13.3605356216], [321.133483887, -15.2275819778, -32.8712997437, 22.2068538666, -0.98212313652, 52.7340278625, 42.901676178, 74.0157012939, 71.5724334717, 108.184310913, 53.2577514648, 30.0171508789, -4.39500045776], [-461.616729736, 113.827224731, 21.3974590302, -6.13720369339, 15.503911972, 6.63141822815, 36.3757095337, 10.9526338577, 50.3878974915, 53.2577514648, 104.584587097, 43.7534332275, 30.4259033203], [436.504364014, -70.1162261963, 13.307972908, 14.2170705795, -35.452747345, 0.152678698301, -11.76811409, 10.4414958954, -17.4479160309, 30.0171508789, 43.7534332275, 98.41796875, 39.679271698], [-244.293106079, 96.7061386108, 24.1481246948, -0.947334766388, 36.4974136353, 1.44047391415, 18.3634662628, -10.1101560593, 13.3605356216, -4.39500045776, 30.4259033203, 39.679271698, 84.1968002319]],
        "icov": [[0.000100785640825, -0.000124439116917, 0.000193216008483, -0.000117845353088, 8.11950885691e-05, -0.000279240222881, 0.000430901563959, -0.000354393385351, 0.000419024319854, -0.00046112795826, 0.000650601286907, -0.000560865271837, 0.00015030708164], [-0.000124439116917, 0.00113077508286, -0.000218025059439, -0.000241148096393, -0.000265754089924, 0.000546671915799, -0.00077265658183, 0.00104213866871, -0.00129907403607, 0.00110767048318, -0.00199017068371, 0.00188464857638, -0.00110554741696], [0.000193216008483, -0.000218025059439, 0.00173635373358, -0.00129071471747, -4.70197446703e-05, 0.000125277801999, 0.000294486380881, 0.000314663746394, -5.60604894417e-05, -0.00023405830143, 0.00123614550103, -0.00185139628593, 0.000712781795301], [-0.000117845353088, -0.000241148096393, -0.00129071471747, 0.00468593603, -0.00166098121554, -0.00180440279655, 0.00275701377541, -0.00401062099263, 0.00275671039708, 9.63989150478e-05, -0.00173823570367, 0.00142078264616, -0.000447904370958], [8.11950885691e-05, -0.000265754089924, -4.70197446703e-05, -0.00166098121554, 0.00530754588544, -0.0016292972723, -0.00415973644704, 0.00587391899899, -0.0036474368535, -0.000229808167205, 0.00321747618727, -0.00151322456077, -7.40168616176e-06], [-0.000279240222881, 0.000546671915799, 0.000125277801999, -0.00180440279655, -0.0016292972723, 0.00915389694273, -0.00473200017586, -0.000907962967176, 0.0011100632837, -0.00162847957108, -0.000933876784984, 0.0023304624483, -0.00104359467514], [0.000430901563959, -0.00077265658183, 0.000294486380881, 0.00275701377541, -0.00415973644704, -0.00473200017586, 0.0174350161105, -0.0131875248626, 0.00168813788332, 0.00288655981421, -0.00310562201776, 7.28435115889e-05, -0.0004470347194], [-0.000354393385351, 0.00104213866871, 0.000314663746394, -0.00401062099263, 0.00587391899899, -0.000907962967176, -0.0131875248626, 0.0261859167367, -0.0135421939194, -0.00326685816981, 0.00761828897521, -0.00533441640437, 0.00286861206405], [0.000419024319854, -0.00129907403607, -5.60604894417e-05, 0.00275671039708, -0.0036474368535, 0.0011100632837, 0.00168813788332, -0.0135421939194, 0.0260558463633, -0.0120803471655, -0.00403020065278, 0.00943378824741, -0.00543190306053], [-0.00046112795826, 0.00110767048318, -0.00023405830143, 9.63989150478e-05, -0.000229808167205, -0.00162847957108, 0.00288655981421, -0.00326685816981, -0.0120803471655, 0.028037764132, -0.0121991662309, -0.00439627887681, 0.00642434926704], [0.000650601286907, -0.00199017068371, 0.00123614550103, -0.00173823570367, 0.00321747618727, -0.000933876784984, -0.00310562201776, 0.00761828897521, -0.00403020065278, -0.0121991662309, 0.0279167443514, -0.0138209788129, 0.000440802134108], [-0.000560865271837, 0.00188464857638, -0.00185139628593, 0.00142078264616, -0.00151322456077, 0.0023304624483, 7.28435115889e-05, -0.00533441640437, 0.00943378824741, -0.00439627887681, -0.0138209788129, 0.0286749973893, -0.0135309882462], [0.00015030708164, -0.00110554741696, 0.000712781795301, -0.000447904370958, -7.40168616176e-06, -0.00104359467514, -0.0004470347194, 0.00286861206405, -0.00543190306053, 0.00642434926704, 0.000440802134108, -0.0135309882462, 0.0212511196733]]
    },
    "melbands": {
        "dmean": [0.00148760573938, 0.000998167437501, 0.000317124999128, 0.000518895336427, 0.000370256777387, 0.000174526838236, 0.000143174693221, 9.9823831988e-05, 0.000102440179035, 0.000110340253741, 6.70905355946e-05, 5.38081148989e-05, 3.95974966523e-05, 3.49402071151e-05, 2.92778750008e-05, 2.86238773697e-05, 2.02430583158e-05, 1.78858772415e-05, 1.83280790225e-05, 2.10840789805e-05, 1.89194270206e-05, 2.45948049269e-05, 2.18912191485e-05, 1.73399494088e-05, 1.81682189577e-05, 1.81915784196e-05, 1.94223521248e-05, 2.0353585569e-05, 1.67314701685e-05, 1.59313094628e-05, 1.23131139844e-05, 1.09920401883e-05, 1.03317352114e-05, 9.16436511034e-06, 9.75707280304e-06, 6.99429710949e-06, 6.29666237728e-06, 5.55703172722e-06, 3.83740052712e-06, 2.92018808068e-06],
        "dmean2": [0.00229250383563, 0.00156214402523, 0.000568629358895, 0.000765627191868, 0.000541163317394, 0.00031155263423, 0.000248003285378, 0.000168342492543, 0.000174618617166, 0.000184881893802, 0.000110424865852, 9.10462986212e-05, 6.75707342452e-05, 6.01344218012e-05, 5.056354712e-05, 4.94529194839e-05, 3.46283995896e-05, 3.0322913517e-05, 3.1935665902e-05, 3.68718647223e-05, 3.341262709e-05, 4.3834799726e-05, 3.9129939978e-05, 3.04455534206e-05, 3.15448960464e-05, 3.1660500099e-05, 3.42343155353e-05, 3.57154822268e-05, 2.92846016237e-05, 2.8233302146e-05, 2.12208688026e-05, 1.89313941519e-05, 1.75886998477e-05, 1.58388429554e-05, 1.63081240316e-05, 1.15607181215e-05, 1.05059807538e-05, 9.65489653026e-06, 6.41534870738e-06, 4.87416082251e-06],
        "dvar": [7.89388650446e-06, 4.83543499286e-06, 8.19163517463e-07, 1.62414903571e-06, 1.01676016584e-06, 2.27119841156e-07, 9.35646795597e-08, 2.44633717728e-08, 3.24316111744e-08, 3.04350820102e-08, 1.03431307963e-08, 7.94740895316e-09, 4.68321337266e-09, 3.13624659576e-09, 2.39689623704e-09, 1.82318649067e-09, 9.25376719696e-10, 7.64520613483e-10, 8.95837848347e-10, 1.40209621691e-09, 1.085956991e-09, 1.91445703734e-09, 1.61326940695e-09, 9.4392382799e-10, 8.09373568167e-10, 9.28343513174e-10, 1.07206021838e-09, 1.0090633884e-09, 5.72828506851e-10, 6.18856244028e-10, 2.88238793944e-10, 2.55755222556e-10, 1.99032387793e-10, 1.52590162728e-10, 1.98124891493e-10, 9.62903645707e-11, 9.13692246862e-11, 6.63702287573e-11, 3.2636698899e-11, 1.53134865899e-11],
        "dvar2": [1.60071795108e-05, 1.14537187983e-05, 2.33360697166e-06, 2.94178130389e-06, 2.2159697437e-06, 6.50028312066e-07, 2.6413496812e-07, 6.55299245977e-08, 8.55147845868e-08, 7.9922173768e-08, 2.59781565148e-08, 2.0593722283e-08, 1.24144312608e-08, 8.25490964473e-09, 6.49025810873e-09, 4.90863127922e-09, 2.46269449278e-09, 1.94287563815e-09, 2.50141396485e-09, 3.84371023898e-09, 2.98963565015e-09, 5.30588772918e-09, 4.60040538997e-09, 2.64357913338e-09, 2.23140883548e-09, 2.62041832677e-09, 3.04531511119e-09, 2.90796231539e-09, 1.62255497926e-09, 1.7822319176e-09, 7.89645515642e-10, 6.97644442216e-10, 5.40114064584e-10, 4.19312001787e-10, 5.27594190558e-10, 2.46285131178e-10, 2.47771136941e-10, 1.81507933683e-10, 8.53571033299e-11, 4.0625714598e-11],
        "max": [0.0279292874038, 0.0219806861132, 0.0100854458287, 0.0132540278137, 0.0105232605711, 0.00450129620731, 0.00317703746259, 0.00142859085463, 0.00260665058158, 0.00206652027555, 0.00118182238657, 0.00105723098386, 0.00154117273632, 0.000804567418527, 0.000889981165528, 0.000450891413493, 0.0004509712453, 0.000407531886594, 0.000431047694292, 0.000500346068293, 0.000639959704131, 0.000509358185809, 0.00065083213849, 0.000641288643237, 0.000567575800233, 0.000587214366533, 0.000824745337013, 0.000533280428499, 0.00025563093368, 0.000321554747643, 0.000260807340965, 0.00033125889604, 0.000246222218266, 0.000213988067117, 0.000223121896852, 0.000220820380491, 0.000194477426703, 0.000114215319627, 8.21720968815e-05, 6.43726307317e-05],
        "mean": [0.00265661114827, 0.00131292594597, 0.000287577538984, 0.000514064449817, 0.000369891437003, 0.000158566675964, 0.000147569400724, 0.000117494666483, 0.000110226472316, 0.000130813743453, 8.58948405948e-05, 6.54992982163e-05, 5.02490947838e-05, 4.12958834204e-05, 3.77056858269e-05, 3.46408705809e-05, 2.63703677774e-05, 2.49635777436e-05, 2.41390062001e-05, 2.63115434791e-05, 2.4307077183e-05, 2.92959557555e-05, 2.79170271824e-05, 2.51801757258e-05, 2.75556103588e-05, 2.94596775348e-05, 3.06762376567e-05, 3.34060823661e-05, 2.80277636193e-05, 2.66103506874e-05, 2.33831815422e-05, 2.1445157472e-05, 2.0441806555e-05, 1.84962736967e-05, 1.94982803805e-05, 1.55047273438e-05, 1.42289973155e-05, 1.13577098091e-05, 8.51798176882e-06, 6.60350178805e-06],
        "median": [0.00151054607704, 0.000364210980479, 9.11199604161e-05, 5.76505408389e-05, 4.84892188979e-05, 4.69249353046e-05, 5.68391042179e-05, 5.75768281124e-05, 4.90366583108e-05, 6.58844874124e-05, 4.35732654296e-05, 3.12791307806e-05, 2.38298489421e-05, 2.13610746869e-05, 1.90253576875e-05, 1.93492560356e-05, 1.42587987284e-05, 1.33416624521e-05, 1.34091633299e-05, 1.54985682457e-05, 1.52667143993e-05, 1.760856685e-05, 1.81115574378e-05, 1.84934360732e-05, 2.09573408938e-05, 2.22727103392e-05, 2.30344558076e-05, 2.49198001256e-05, 2.00853683054e-05, 1.95014181372e-05, 1.74032429641e-05, 1.59909795912e-05, 1.47768241732e-05, 1.30262933453e-05, 1.17420631796e-05, 9.87625753623e-06, 8.39954645926e-06, 6.75123601468e-06, 5.32722242497e-06, 4.53649226984e-06],
        "min": [1.01641552473e-24, 1.1154146101e-24, 1.32191926521e-24, 1.08685922584e-24, 1.06032480461e-24, 2.12773574952e-24, 2.54670667881e-24, 1.64596557571e-24, 1.58740626134e-24, 1.99867869707e-24, 2.28178391544e-24, 2.39327461325e-24, 3.60094256192e-24, 2.01603856736e-24, 3.41655224178e-24, 2.03282414692e-24, 2.47643889368e-24, 2.95537035152e-24, 3.24851323327e-24, 2.62056161169e-24, 2.9179367322e-24, 3.02184667393e-24, 3.15055978302e-24, 4.72529851595e-24, 4.53053112503e-24, 4.21547230683e-24, 4.81899468111e-24, 3.94408088404e-24, 5.61428204169e-24, 4.31314511981e-24, 4.87985963868e-24, 3.37079830927e-24, 4.59956592057e-24, 5.39442492968e-24, 6.36446549116e-24, 5.83089180778e-24, 4.26689459937e-24, 6.32153883614e-24, 6.07637269971e-24, 5.80668048331e-24],
        "var": [1.43904890137e-05, 5.79671495871e-06, 5.14256782935e-07, 2.15447107621e-06, 1.17022705126e-06, 1.44218660125e-07, 7.31290228373e-08, 2.64164192743e-08, 3.16718704596e-08, 3.43028645489e-08, 1.43888936321e-08, 1.01989368062e-08, 7.93425947165e-09, 3.57582474741e-09, 3.45474293617e-09, 1.94861260461e-09, 1.18943599414e-09, 1.17170773084e-09, 1.08292330658e-09, 1.3206018501e-09, 1.03423758446e-09, 1.71509795255e-09, 1.41771716589e-09, 8.63611515634e-10, 8.53691006775e-10, 1.05231789949e-09, 1.09722397834e-09, 1.12606379776e-09, 7.70867703004e-10, 7.22888804372e-10, 5.21799714548e-10, 4.53258791611e-10, 3.97666621854e-10, 3.31872807013e-10, 5.30004873323e-10, 3.07252806531e-10, 2.90044821494e-10, 1.67346275726e-10, 9.08998987192e-11, 4.71741118391e-11]
    },
    "mfcc": {
        "mean": [-606.020874023, 44.4756698608, 12.9885873795, 22.2569942474, -2.48756837845, 6.5794210434, 5.83741474152, 9.54291248322, 6.06743097305, 8.89752197266, 4.68700218201, 5.76251363754, 2.75362753868],
        "cov": [[10725.9169922, -234.188934326, 70.3393936157, 78.8498382568, -231.788421631, -153.403411865, -64.5096893311, 50.9748802185, -39.4360580444, -76.8926544189, -133.453781128, -25.9904308319, -23.7035732269], [-234.188934326, 1232.32348633, 65.9497146606, 128.424484253, 166.065216064, 130.520217896, 71.128112793, 20.5181465149, 56.3835830688, 61.0902099609, 42.5651130676, 32.5093841553, 22.4339962006], [70.3393936157, 65.9497146606, 688.298278809, 236.902511597, 115.86390686, 48.0636062622, 14.1134223938, 9.31896209717, -34.5631217957, -20.5019702911, -24.2590370178, -1.72020375729, 9.29175376892], [78.8498382568, 128.424484253, 236.902511597, 335.303588867, 178.573043823, 93.5361862183, 64.9700241089, 48.062412262, 24.5918521881, 16.0212211609, 0.69727730751, 10.4957828522, 8.02024841309], [-231.788421631, 166.065216064, 115.86390686, 178.573043823, 257.591522217, 161.774230957, 80.6722412109, 49.4247016907, 54.5708961487, 41.81508255, 9.98809432983, 3.34495067596, 1.63669133186], [-153.403411865, 130.520217896, 48.0636062622, 93.5361862183, 161.774230957, 196.013000488, 123.669754028, 79.1711654663, 74.7054672241, 56.7555770874, 32.8632621765, 20.1224689484, 15.895980835], [-64.5096893311, 71.128112793, 14.1134223938, 64.9700241089, 80.6722412109, 123.669754028, 154.599349976, 105.789306641, 85.4987487793, 58.7556190491, 39.806137085, 30.1536693573, 22.5478725433], [50.9748802185, 20.5181465149, 9.31896209717, 48.062412262, 49.4247016907, 79.1711654663, 105.789306641, 132.664886475, 103.733253479, 67.0068817139, 41.5641593933, 32.3538589478, 22.1134662628], [-39.4360580444, 56.3835830688, -34.5631217957, 24.5918521881, 54.5708961487, 74.7054672241, 85.4987487793, 103.733253479, 157.012054443, 107.432060242, 62.9177360535, 36.5546646118, 21.2086925507], [-76.8926544189, 61.0902099609, -20.5019702911, 16.0212211609, 41.81508255, 56.7555770874, 58.7556190491, 67.0068817139, 107.432060242, 141.546356201, 85.4253387451, 44.876411438, 22.6207504272], [-133.453781128, 42.5651130676, -24.2590370178, 0.69727730751, 9.98809432983, 32.8632621765, 39.806137085, 41.5641593933, 62.9177360535, 85.4253387451, 109.299560547, 71.2829208374, 35.7019882202], [-25.9904308319, 32.5093841553, -1.72020375729, 10.4957828522, 3.34495067596, 20.1224689484, 30.1536693573, 32.3538589478, 36.5546646118, 44.876411438, 71.2829208374, 94.0902328491, 58.0198097229], [-23.7035732269, 22.4339962006, 9.29175376892, 8.02024841309, 1.63669133186, 15.895980835, 22.5478725433, 22.1134662628, 21.2086925507, 22.6207504272, 35.7019882202, 58.0198097229, 80.2609634399]],
