{
"lowlevel": {
    "average_loudness": 0.665273964405,
    "barkbands_crest": {
        "dmean": 1.50683820248,
        "dmean2": 2.19601011276,
        "dvar": 2.41319417953,
        "dvar2": 5.19727134705,
        "max": 26.7902412415,
        "mean": 12.7657880783,
        "median": 10.3726139069,
        "min": 3.12414169312,
        "var": 48.1029281616
    },
    "barkbands_flatness_db": {
        "dmean": 0.0118204131722,
        "dmean2": 0.0165817849338,
        "dvar": 9.58874443313e-05,
        "dvar2": 0.00017887467402,
        "max": 0.469423085451,
        "mean": 0.209204271436,
        "median": 0.176221579313,
        "min": 0.0603762306273,
        "var": 0.00744336517528
    },
    "barkbands_kurtosis": {
        "dmean": 4.51462078094,
        "dmean2": 6.39840269089,
        "dvar": 214.991424561,
        "dvar2": 387.893188477,
        "max": 1124.62402344,
        "mean": 17.0056667328,
        "median": 2.06168961525,
        "min": -1.80450677872,
        "var": 3977.89575195
    },
    "barkbands_skewness": {
        "dmean": 0.404252678156,
        "dmean2": 0.587099969387,
        "dvar": 0.253293514252,
        "dvar2": 0.527708053589,
        "max": 28.831407547,
        "mean": 1.90040540695,
        "median": 1.19821214676,
        "min": -1.81976318359,
        "var": 5.87333393097
    },
    "barkbands_spread": {
        "dmean": 2.19483590126,
        "dmean2": 3.18913650513,
        "dvar": 8.70218753815,
        "dvar2": 17.7570018768,
        "max": 129.378158569,
        "mean": 12.8780879974,
        "median": 12.5639295578,
        "min": 0.156719714403,
        "var": 83.0928878784
    },
    "dissonance": {
        "dmean": 0.029896941036,
        "dmean2": 0.051172696054,
        "dvar": 0.000854822865222,
        "dvar2": 0.00244682724588,
        "max": 0.500000059605,
        "mean": 0.414017349482,
        "median": 0.434396028519,
        "min": 0.156479939818,
        "var": 0.00436735758558
    },
    "dynamic_complexity": 3.08509755135,
    "erbbands_crest": {
        "dmean": 2.2621846199,
        "dmean2": 3.47893261909,
        "dvar": 4.40287160873,
        "dvar2": 10.6683826447,
        "max": 33.5760993958,
        "mean": 15.1976833344,
        "median": 12.6478919983,
        "min": 2.76466798782,
        "var": 65.1175842285
    },
    "erbbands_flatness_db": {
        "dmean": 0.0112718949094,
        "dmean2": 0.0160462707281,
        "dvar": 8.63544773892e-05,
        "dvar2": 0.000178145593964,
        "max": 0.448906093836,
        "mean": 0.246985137463,
        "median": 0.218714088202,
        "min": 0.0852566808462,
        "var": 0.00555349839851
    },
    "erbbands_kurtosis": {
        "dmean": 2.66966128349,
        "dmean2": 3.85169053078,
        "dvar": 37.5369033813,
        "dvar2": 69.5413360596,
        "max": 314.05581665,
        "mean": 8.40236568451,
        "median": 0.781123161316,
        "min": -1.71058380604,
        "var": 607.801086426
    },
    "erbbands_skewness": {
        "dmean": 0.396375507116,
        "dmean2": 0.572631537914,
        "dvar": 0.162141442299,
        "dvar2": 0.335059165955,
        "max": 13.9976472855,
        "mean": 1.4573622942,
        "median": 0.752568602562,
        "min": -1.81738817692,
        "var": 3.97960567474
    },
    "erbbands_spread": {
        "dmean": 3.50304079056,
        "dmean2": 5.44540309906,
        "dvar": 12.0560073853,
        "dvar2": 29.2480354309,
        "max": 60.9371376038,
        "mean": 20.4430503845,
        "median": 20.4602584839,
        "min": 0.750759184361,
        "var": 149.968215942
    },
    "hfc": {
        "dmean": 2.411485672,
        "dmean2": 3.36555552483,
        "dvar": 9.39772605896,
        "dvar2": 21.2665920258,
        "max": 87.0781860352,
        "mean": 14.8713827133,
        "median": 11.2652988434,
        "min": 1.19145811648e-16,
        "var": 128.234695435
    },
    "melbands_crest": {
        "dmean": 1.89548158646,
        "dmean2": 2.67940163612,
        "dvar": 3.81783628464,
        "dvar2": 8.02654075623,
        "max": 34.4783744812,
        "mean": 17.8918190002,
        "median": 16.4854888916,
        "min": 1.00144207478,
        "var": 60.6163406372
    },
    "melbands_flatness_db": {
        "dmean": 0.0123636201024,
        "dmean2": 0.0166137311608,
        "dvar": 0.000122564350022,
        "dvar2": 0.000215225896682,
        "max": 0.509235322475,
        "mean": 0.266004920006,
        "median": 0.248237147927,
        "min": 3.19260976767e-07,
        "var": 0.00620400719345
    },
    "melbands_kurtosis": {
        "dmean": 5.40813827515,
        "dmean2": 7.8906993866,
        "dvar": 176.801513672,
        "dvar2": 382.489776611,
        "max": 748.28918457,
        "mean": 18.0298690796,
        "median": 4.94952487946,
        "min": -1.54705429077,
        "var": 2152.16186523
    },
    "melbands_skewness": {
        "dmean": 0.438386440277,
        "dmean2": 0.639195919037,
        "dvar": 0.218355283141,
        "dvar2": 0.466369748116,
        "max": 15.953795433,
        "mean": 1.99366104603,
        "median": 1.57236254215,
        "min": -1.36254692078,
        "var": 2.90804648399
    },
    "melbands_spread": {
        "dmean": 2.99903512001,
        "dmean2": 4.4239025116,
        "dvar": 21.1302204132,
        "dvar2": 46.6946296692,
        "max": 225.866333008,
        "mean": 16.3096542358,
        "median": 14.9663257599,
        "min": 0.261265873909,
        "var": 166.265655518
    },
    "pitch_salience": {
        "dmean": 0.0436234436929,
        "dmean2": 0.0648534968495,
        "dvar": 0.00150475779083,
        "dvar2": 0.00345204747282,
        "max": 0.997708559036,
        "mean": 0.44076910615,
        "median": 0.465089917183,
        "min": 0.0614300481975,
        "var": 0.0177789367735
    },
    "silence_rate_20dB": {
        "dmean": 0,
        "dmean2": 0,
        "dvar": 0,
        "dvar2": 0,
        "max": 1,
        "mean": 1,
        "median": 1,
        "min": 1,
        "var": 0
    },
    "silence_rate_30dB": {
        "dmean": 0.000826617062557,
        "dmean2": 0.00165357580408,
        "dvar": 0.000825947383419,
        "dvar2": 0.00247768335976,
        "max": 1,
        "mean": 0.999586760998,
        "median": 1,
        "min": 0,
        "var": 0.000413034780649
    },
    "silence_rate_60dB": {
        "dmean": 0.00371977686882,
        "dmean2": 0.00744109135121,
        "dvar": 0.00370596023276,
        "dvar2": 0.00903942342848,
        "max": 1,
        "mean": 0.0245867762715,
        "median": 0,
        "min": 0,
        "var": 0.0239819381386
    },
    "spectral_centroid": {
        "dmean": 124.689605713,
        "dmean2": 184.672973633,
        "dvar": 29949.4746094,
        "dvar2": 46065.9414062,
        "max": 10537.1914062,
        "mean": 1070.87182617,
        "median": 947.787902832,
        "min": 411.517028809,
        "var": 266021.125
    },
    "spectral_complexity": {
        "dmean": 1.47261834145,
        "dmean2": 2.49607276917,
        "dvar": 1.91447901726,
        "dvar2": 5.01186227798,
        "max": 32,
        "mean": 13.2264461517,
        "median": 14,
        "min": 0,
        "var": 31.6862869263
    },
    "spectral_decrease": {
        "dmean": 8.74699146447e-10,
        "dmean2": 1.12817655218e-09,
        "dvar": 9.60346351416e-19,
        "dvar2": 1.72493710215e-18,
        "max": -1.34632236206e-31,
        "mean": -5.82353720802e-09,
        "median": -4.70424765808e-09,
        "min": -2.77266511972e-08,
        "var": 1.71447823048e-17
    },
    "spectral_energy": {
        "dmean": 0.00348641374148,
        "dmean2": 0.00451370421797,
        "dvar": 1.52435568452e-05,
        "dvar2": 2.76144110103e-05,
        "max": 0.112544953823,
        "mean": 0.0233282689005,
        "median": 0.0187809877098,
        "min": 1.08073836983e-20,
        "var": 0.000273501034826
    },
    "spectral_energyband_high": {
        "dmean": 5.10973113705e-05,
        "dmean2": 7.95147789177e-05,
        "dvar": 1.12358824467e-08,
        "dvar2": 2.68828070915e-08,
        "max": 0.00309222028591,
        "mean": 0.000149145984324,
        "median": 7.17552902643e-05,
        "min": 7.76427912094e-21,
        "var": 4.48861925406e-08
    },
    "spectral_energyband_low": {
        "dmean": 0.00089827075135,
        "dmean2": 0.00105911085848,
        "dvar": 2.40519216277e-06,
        "dvar2": 4.0520467337e-06,
        "max": 0.0346829593182,
        "mean": 0.0040672942996,
        "median": 0.00229459768161,
        "min": 1.99366071341e-23,
        "var": 2.87043130811e-05
    },
    "spectral_energyband_middle_high": {
        "dmean": 0.00111390161328,
        "dmean2": 0.00171212002169,
        "dvar": 2.04242360269e-06,
        "dvar2": 5.03114415551e-06,
        "max": 0.0277577359229,
        "mean": 0.00387891265564,
        "median": 0.00287694809958,
        "min": 1.69831630231e-21,
        "var": 1.22061665024e-05
    },
    "spectral_energyband_middle_low": {
        "dmean": 0.00295470980927,
        "dmean2": 0.00375151145272,
        "dvar": 1.2477547898e-05,
        "dvar2": 2.09666141018e-05,
        "max": 0.0949519202113,
        "mean": 0.0156947877258,
        "median": 0.010153979063,
        "min": 3.03284857776e-22,
        "var": 0.000198581648874
    },
    "spectral_entropy": {
        "dmean": 0.0943223387003,
        "dmean2": 0.133851587772,
        "dvar": 0.0073155304417,
        "dvar2": 0.0125672323629,
        "max": 9.78833866119,
        "mean": 6.59098339081,
        "median": 6.84015369415,
        "min": 4.1317615509,
        "var": 0.504357337952
    },
    "spectral_flux": {
        "dmean": 0.0086334804073,
        "dmean2": 0.0147944949567,
        "dvar": 7.32862972654e-05,
        "dvar2": 0.000214307496208,
        "max": 0.134487435222,
        "mean": 0.0429472327232,
        "median": 0.0405851043761,
        "min": 1.03958563979e-10,
        "var": 0.000454122084193
    },
    "spectral_kurtosis": {
        "dmean": 3.22512865067,
        "dmean2": 5.7214717865,
        "dvar": 8.6310749054,
        "dvar2": 26.9989624023,
        "max": 35.6489677429,
        "mean": 9.16948699951,
        "median": 7.76564788818,
        "min": -1.2604919672,
        "var": 29.2933006287
    },
    "spectral_rms": {
        "dmean": 0.000350645219442,
        "dmean2": 0.000452268723166,
        "dvar": 1.01959614085e-07,
        "dvar2": 1.8110462463e-07,
        "max": 0.0104785477743,
        "mean": 0.00446947058663,
        "median": 0.00428052712232,
        "min": 3.24712002078e-12,
        "var": 2.78312882074e-06
    },
    "spectral_rolloff": {
        "dmean": 179.921295166,
        "dmean2": 301.692840576,
        "dvar": 150457.40625,
        "dvar2": 288062.375,
        "max": 18906.1523438,
        "mean": 1063.18688965,
        "median": 904.39453125,
        "min": 129.19921875,
        "var": 700459.125
    },
    "spectral_skewness": {
        "dmean": 0.307744294405,
        "dmean2": 0.534741222858,
        "dvar": 0.0666013360023,
        "dvar2": 0.197706982493,
        "max": 5.16306209564,
        "mean": 2.13138651848,
        "median": 1.96922969818,
        "min": 0.0437204614282,
        "var": 0.525229156017
    },
    "spectral_spread": {
        "dmean": 233957.28125,
        "dmean2": 386264.875,
        "dvar": 258317615104,
        "dvar2": 262002327552,
        "max": 42343252,
        "mean": 3079915,
        "median": 3001136,
        "min": 1622452.25,
        "var": 675491807232
    },
    "spectral_strongpeak": {
        "dmean": 0.376081198454,
        "dmean2": 0.574867844582,
        "dvar": 0.321779429913,
        "dvar2": 0.785835206509,
        "max": 12.2436342239,
        "mean": 1.75108456612,
        "median": 1.3867521286,
        "min": 0,
        "var": 2.28110289574
    },
    "zerocrossingrate": {
        "dmean": 0.00384944025427,
        "dmean2": 0.00480025494471,
        "dvar": 5.59060354135e-05,
        "dvar2": 8.43793386593e-05,
        "max": 0.5419921875,
        "mean": 0.0408346392214,
        "median": 0.0361328125,
        "min": 0.01025390625,
        "var": 0.000567938783206
    },
    "barkbands": {
        "dmean": [8.63559580466e-06, 0.000483929354232, 0.000487680139486, 0.000258339277934, 0.000239703280386, 0.000418928597355, 0.000893794756848, 0.00149719521869, 0.000728912942577, 0.000325295841321, 0.000505146570504, 0.000372245965991, 0.000240044784732, 7.69413527451e-05, 0.000183045514859, 6.52526287013e-05, 0.000238863533014, 7.99520639703e-05, 0.000106182131276, 6.9345049269e-05, 2.34257677221e-05, 6.32050932836e-06, 5.04348281538e-06, 2.12634677155e-06, 9.20332126952e-07, 2.80260991303e-07, 6.78740903481e-08],
        "dmean2": [1.5052190065e-05, 0.000592550670262, 0.000594930665102, 0.000352123228367, 0.000315986893838, 0.000563293870073, 0.001151451841, 0.00182092166506, 0.000959488505032, 0.000510573387146, 0.000795403204393, 0.000543989706784, 0.000375811650883, 0.000125199672766, 0.000309778581141, 0.000108276050014, 0.000389253604226, 0.000132850705995, 0.000179642578587, 0.000111551387818, 3.77313481295e-05, 1.02190660982e-05, 8.19928209239e-06, 3.41388158631e-06, 1.41123894082e-06, 4.18374298761e-07, 1.13541275937e-07],
        "dvar": [2.2020398005e-10, 8.15390706066e-07, 7.02007866948e-07, 8.10602955426e-07, 1.99658842348e-07, 8.19486785986e-07, 2.92520553558e-06, 7.48630236558e-06, 3.31162868861e-06, 2.31001493489e-07, 6.11638029113e-07, 5.31547584615e-07, 4.02224600293e-07, 4.1377774096e-08, 3.16928293387e-07, 2.1733043809e-08, 4.12852074305e-07, 4.19507415472e-08, 5.82350310196e-08, 2.17423643534e-08, 1.59423130253e-09, 2.18408985342e-10, 1.09084997979e-10, 2.02959368062e-11, 5.56429815418e-12, 4.37165413461e-13, 1.14488754306e-13],
        "dvar2": [6.52034481963e-10, 1.67644623161e-06, 1.28407987177e-06, 1.68436554304e-06, 3.78186285843e-07, 1.67178257016e-06, 4.1435255298e-06, 1.19076321425e-05, 5.09386791236e-06, 4.9413074521e-07, 1.43015768117e-06, 1.07447101527e-06, 9.56670191954e-07, 1.04997539552e-07, 9.34780018724e-07, 6.14775856889e-08, 1.03887816749e-06, 1.13263219248e-07, 1.70510915609e-07, 5.36044844068e-08, 4.1375081139e-09, 5.66074853658e-10, 3.04779979032e-10, 5.09887236599e-11, 1.13041485894e-11, 9.10398601124e-13, 3.21751956675e-13],
        "max": [0.000174639018951, 0.0181831419468, 0.0179149582982, 0.0313749238849, 0.0116126546636, 0.0301688108593, 0.0861680656672, 0.0761750862002, 0.071499735117, 0.0139475148171, 0.0108905853704, 0.0168393440545, 0.0136924916878, 0.00379170291126, 0.0132697671652, 0.00372955296189, 0.0180798955262, 0.00426194863394, 0.00508504454046, 0.00286431354471, 0.000584313704167, 0.000415826303652, 0.000314383389195, 0.000148878913024, 4.89815756737e-05, 2.01890088647e-05, 9.8687796708e-06],
        "mean": [1.16182163765e-05, 0.00176715909038, 0.00192936509848, 0.000852290366311, 0.000834706588648, 0.00109364883974, 0.00423162803054, 0.00661977566779, 0.00184572255239, 0.000615142809693, 0.000880115083419, 0.000854323152453, 0.000366899475921, 0.000118222917081, 0.000257797742961, 0.000106245548523, 0.000397372437874, 0.000135186550324, 0.000194527296117, 0.000127471925225, 4.79249683849e-05, 1.63525983226e-05, 1.4148495211e-05, 6.73369140713e-06, 2.82902510662e-06, 9.78005573415e-07, 8.13451279669e-08],
        "median": [4.55549343314e-06, 0.00070911255898, 0.00092817726545, 0.000208888377529, 0.000364055478713, 0.000303869252093, 0.000925934349652, 0.000946975022089, 0.000401839497499, 0.000390039553167, 0.000445998040959, 0.000241739326157, 9.1394627816e-05, 2.59493135673e-05, 4.78853617096e-05, 2.77360595646e-05, 0.00012963602785, 4.59236653114e-05, 7.65354925534e-05, 5.29474673385e-05, 2.26675383601e-05, 6.68385064273e-06, 6.79396089254e-06, 3.24742086377e-06, 1.30928765429e-06, 4.71597843443e-07, 1.73626872879e-08],
        "min": [6.43817192098e-25, 1.82021075017e-24, 6.38081857772e-24, 2.74382862231e-23, 1.17272970938e-22, 2.28563485828e-23, 1.98875810065e-23, 4.75828213146e-23, 5.10095794443e-23, 9.65763089435e-23, 2.35678569431e-23, 1.58672908737e-22, 2.02393334531e-22, 5.5976812528e-23, 7.84507907637e-23, 1.71215645668e-22, 2.70330035688e-22, 2.00669238002e-22, 2.56918491532e-22, 3.42810020302e-22, 4.99450078662e-22, 5.34110026752e-22, 7.28497824112e-22, 9.82222148418e-22, 9.87647290014e-22, 1.60719102853e-21, 2.52820019603e-21],
        "var": [3.2247018944e-10, 7.22521508578e-06, 6.73610520607e-06, 6.73978911436e-06, 1.8529137833e-06, 5.17871649208e-06, 6.68458378641e-05, 0.000146987295011, 2.43041085923e-05, 6.13796771631e-07, 1.5425929405e-06, 2.66994084086e-06, 7.22404763565e-07, 7.22400272934e-08, 4.23964792162e-07, 3.83386691283e-08, 6.59069542053e-07, 7.90689256291e-08, 1.03268774865e-07, 4.29792095247e-08, 4.24038093527e-09, 1.28798738341e-09, 8.61657245554e-10, 1.47884565704e-10, 2.48340566861e-11, 2.69560307235e-12, 1.16335028633e-13]
    },
    "erbbands": {
        "dmean": [0.00480710528791, 0.139630109072, 0.570596694946, 0.603731334209, 0.934497833252, 0.631316542625, 2.12388777733, 3.71033215523, 10.8274860382, 20.3573188782, 32.8765220642, 21.4373054504, 7.19392061234, 10.9572095871, 21.3341560364, 18.8469200134, 11.9704666138, 3.57387852669, 5.02169084549, 10.199180603, 5.73807859421, 9.6268787384, 5.55162382126, 5.31307458878, 3.61882734299, 4.27934265137, 1.31846785545, 0.416694700718, 0.199499666691, 0.175109580159, 0.113150715828, 0.0679262429476, 0.0367671437562, 0.0143624972552, 0.00426423596218, 0.00139413017314, 0.000560838903766, 0.000157954928, 7.58591431804e-06, 4.0116733544e-06],
        "dmean2": [0.00710964854807, 0.167350426316, 0.672137439251, 0.819554448128, 1.22153508663, 0.900569796562, 2.69930267334, 5.25839805603, 13.6970729828, 26.4865436554, 38.9106826782, 27.4200401306, 11.1453866959, 17.1386203766, 33.8535308838, 27.1789245605, 18.5906181335, 5.78677654266, 8.3304567337, 17.1979579926, 9.34024620056, 15.651684761, 9.07324314117, 9.03165912628, 6.03851938248, 6.87605190277, 2.11594820023, 0.666678369045, 0.326522260904, 0.281903862953, 0.186373919249, 0.110135793686, 0.0584201700985, 0.0220290068537, 0.00672425096855, 0.0022623357363, 0.000830745615531, 0.000245226081461, 1.21503899209e-05, 5.23526978213e-06],
        "dvar": [0.000102339079604, 0.0662842839956, 1.04682278633, 2.20942544937, 7.5296587944, 1.19642150402, 32.2742462158, 68.8634262085, 603.874633789, 1262.72851562, 4142.15820312, 2403.83911133, 194.689102173, 205.563323975, 1040.52734375, 1334.44555664, 910.394714355, 77.2957763672, 295.542999268, 1301.71594238, 396.299804688, 446.954284668, 141.642211914, 161.81741333, 69.5460968018, 85.3640594482, 4.67102718353, 0.514188706875, 0.163811981678, 0.216267451644, 0.0550736263394, 0.0190707445145, 0.00620728777722, 0.000902610481717, 7.57294037612e-05, 7.82715778769e-06, 1.76262676632e-06, 3.55882036729e-07, 1.06260888977e-09, 2.01236752956e-11],
        "dvar2": [0.000287666392978, 0.128059238195, 1.71294224262, 5.20782852173, 13.3734064102, 2.68814730644, 40.1597976685, 169.550689697, 841.58972168, 2184.51879883, 6253.20800781, 3631.22070312, 404.610107422, 489.687896729, 2558.59887695, 2696.08862305, 2145.84375, 197.197952271, 779.698303223, 3909.22949219, 993.205871582, 1146.32580566, 372.002319336, 476.992614746, 199.47177124, 212.626861572, 12.1446495056, 1.29838752747, 0.43946993351, 0.584294259548, 0.151224061847, 0.0484461784363, 0.0157160554081, 0.00190115685109, 0.00018329777231, 1.95658085431e-05, 3.57834414899e-06, 9.06467903405e-07, 2.9970028681e-09, 3.70206643119e-11],
        "max": [0.166515544057, 5.52950382233, 24.2542266846, 46.3955497742, 105.247589111, 23.3882083893, 191.836273193, 259.734039307, 1348.8996582, 1026.75622559, 2036.73144531, 1992.80578613, 537.697937012, 206.191314697, 500.007598877, 851.762084961, 674.688049316, 217.488601685, 506.83581543, 942.408325195, 584.53503418, 476.831115723, 223.32875061, 297.464202881, 214.248596191, 185.314804077, 35.4191513062, 15.2707443237, 11.505698204, 15.5395755768, 7.49852466583, 3.91471982002, 2.30837082863, 0.699635088444, 0.29736700654, 0.0881747454405, 0.0419374443591, 0.0217547602952, 0.00103836343624, 0.000132170636789],
        "mean": [0.0155681250617, 0.523149371147, 2.40061545372, 2.19878005981, 3.28890967369, 2.11009764671, 5.9554810524, 9.95635700226, 56.1914710999, 65.5550079346, 163.178436279, 63.7360420227, 15.8967342377, 21.4096736908, 40.5191230774, 44.2064361572, 20.0989303589, 6.39817714691, 8.5369386673, 14.6781301498, 9.79903030396, 16.9079437256, 10.3930797577, 9.60937309265, 7.7540345192, 7.92653417587, 2.95616650581, 1.04412102699, 0.555620491505, 0.473453432322, 0.333060324192, 0.190279319882, 0.108248524368, 0.0463060624897, 0.0136137735099, 0.00460451981053, 0.00177820888348, 0.00036729281419, 2.26711417781e-05, 2.72525921901e-05],
        "median": [0.00682818889618, 0.217380255461, 1.14315640926, 1.05662405491, 1.11506891251, 1.06526458263, 1.19955468178, 4.05881404877, 11.9946107864, 34.4807510376, 25.0561637878, 16.8238143921, 10.0171127319, 14.3424930573, 23.256980896, 15.1352119446, 7.45442962646, 2.53486394882, 1.57827627659, 2.8844037056, 2.3784403801, 6.07035446167, 4.50091743469, 3.47358608246, 3.73529434204, 3.3260717392, 1.56450986862, 0.504979968071, 0.260080695152, 0.196344226599, 0.161764115095, 0.0949138626456, 0.0480953380466, 0.0188881270587, 0.00744159147143, 0.00244822748937, 0.000758257578127, 0.000137827533763, 1.56290807354e-05, 2.2233605705e-05],
        "min": [5.27530567082e-23, 4.87215994604e-22, 5.01667997069e-21, 5.56801572068e-20, 2.49669113359e-19, 3.97040386773e-19, 2.41318130539e-19, 1.84082104761e-19, 2.15292017014e-19, 7.08769035782e-19, 8.20180286427e-19, 8.1766074598e-19, 2.90889891087e-18, 2.74909836987e-18, 1.12325429978e-18, 7.72120162259e-18, 8.58021214511e-18, 4.16854567769e-18, 3.19084693818e-18, 6.44508734414e-18, 1.07396986559e-17, 1.53544640199e-17, 1.27969142101e-17, 9.17210205961e-18, 1.58588605595e-17, 1.63896358888e-17, 1.69990049568e-17, 1.99524864211e-17, 1.49033660359e-17, 2.0361444516e-17, 2.27064221432e-17, 2.47819059813e-17, 1.28996715489e-17, 9.20189793245e-18, 7.81940036901e-18, 5.20135263717e-18, 2.96498816705e-18, 1.49087497409e-18, 3.22766753898e-19, 3.87107246549e-20],
        "var": [0.000437325332314, 0.638900995255, 11.6436195374, 16.5880718231, 74.2283096313, 9.21695613861, 312.229675293, 327.466064453, 14939.5351562, 7614.73730469, 103258.875, 18505.7324219, 539.675964355, 533.483581543, 2845.16992188, 6677.06982422, 1658.95361328, 145.983917236, 580.407104492, 1669.02978516, 635.216125488, 831.34564209, 289.64541626, 268.259490967, 183.679672241, 165.548355103, 14.0684709549, 2.38632893562, 1.04137730598, 1.18528532982, 0.503828048706, 0.14182113111, 0.0374965034425, 0.00626030098647, 0.000471640465548, 5.19190798514e-05, 1.00967808976e-05, 7.4381370041e-07, 1.34335420565e-09, 3.62420038424e-10]
    },
    "gfcc": {
        "mean": [-58.1157341003, 123.996902466, -136.88710022, 14.0809383392, -70.8751525879, 0.872361660004, -16.9080162048, 16.9430713654, -18.4542388916, -2.24129509926, -1.79623234272, -9.13280105591, -18.7595500946],
        "cov": [[5391.29980469, 579.094238281, -275.107849121, 593.476379395, 1033.0447998, -62.2320709229, -250.547393799, 196.968582153, -269.934936523, -5.1309671402, -527.808349609, 129.041122437, 263.53994751], [579.094238281, 784.187194824, 258.933746338, -63.5130081177, 390.803070068, 4.38907432556, -30.14220047, -18.2171363831, -84.253364563, -77.4630508423, -66.4071578979, 62.0689659119, 93.0429916382], [-275.107849121, 258.933746338, 467.529144287, -73.3961791992, 0.453231960535, 16.7238121033, -61.1098480225, -43.2313156128, -15.2646074295, -8.7162103653, 51.2034912109, 50.6944046021, 10.2613601685], [593.476379395, -63.5130081177, -73.3961791992, 346.720123291, 306.37121582, -29.7427215576, -81.3076324463, 52.9903564453, -62.8484954834, 5.37195730209, -151.065704346, 52.5307312012, 72.5549697876], [1033.0447998, 390.803070068, 0.453231960535, 306.37121582, 809.600646973, -10.4878129959, -126.857368469, 88.6660842896, -166.690155029, -43.3841133118, -299.519714355, 139.355606079, 165.352737427], [-62.2320709229, 4.38907432556, 16.7238121033, -29.7427215576, -10.4878129959, 144.586883545, 96.988494873, 11.2545061111, -3.75257015228, -20.8973121643, -8.49676895142, -49.082572937, -43.7595748901], [-250.547393799, -30.14220047, -61.1098480225, -81.3076324463, -126.857368469, 96.988494873, 270.737121582, 66.8731689453, 18.8605461121, -19.7171783447, 30.1490077972, -121.985466003, -105.002433777], [196.968582153, -18.2171363831, -43.2313156128, 52.9903564453, 88.6660842896, 11.2545061111, 66.8731689453, 115.01574707, -7.19718599319, -11.991610527, -47.1687393188, -18.701089859, -12.2434606552], [-269.934936523, -84.253364563, -15.2646074295, -62.8484954834, -166.690155029, -3.75257015228, 18.8605461121, -7.19718599319, 156.660812378, 32.6163368225, 59.6630516052, -49.5537147522, -38.2980422974], [-5.1309671402, -77.4630508423, -8.7162103653, 5.37195730209, -43.3841133118, -20.8973121643, -19.7171783447, -11.991610527, 32.6163368225, 77.7795562744, 26.7698230743, -0.7261672616, -1.23392474651], [-527.808349609, -66.4071578979, 51.2034912109, -151.065704346, -299.519714355, -8.49676895142, 30.1490077972, -47.1687393188, 59.6630516052, 26.7698230743, 221.305145264, -25.2256641388, -59.6813392639], [129.041122437, 62.0689659119, 50.6944046021, 52.5307312012, 139.355606079, -49.082572937, -121.985466003, -18.701089859, -49.5537147522, -0.7261672616, -25.2256641388, 163.315719604, 84.0103149414], [263.53994751, 93.0429916382, 10.2613601685, 72.5549697876, 165.352737427, -43.7595748901, -105.002433777, -12.2434606552, -38.2980422974, -1.23392474651, -59.6813392639, 84.0103149414, 122.39855957]],
        "icov": [[0.00039821700193, -0.000784657546319, 0.000527027063072, -0.00056651752675, 0.000588078459259, -0.000409304688219, 0.000793321698438, -0.000981896417215, 0.000531721045263, -0.000838319479953, 0.000663794286083, 5.95232922933e-05, 0.000112983172585], [-0.000784657546319, 0.00587649829686, -0.00302517833188, 0.00368660734966, -0.00525121157989, 0.00245913607068, -0.00355175882578, 0.00442580459639, -0.00181873945985, 0.00448752334341, -0.00298424414359, 0.00139024399687, -0.00227352511138], [0.000527027063072, -0.00302517833188, 0.00415888475254, -0.00127841613721, 0.00227031204849, -0.00214229314588, 0.00280921324156, -0.00223278393969, 0.00122090592049, -0.0021567249205, 0.000850194483064, -0.00116563111078, 0.00150255451445], [-0.00056651752675, 0.00368660734966, -0.00127841613721, 0.00764852715656, -0.00426338706166, 0.00165723753162, -0.000828201009426, 0.00116922042798, -0.00051472557243, 0.00131640490144, -0.000322110165143, 0.00111322046723, -0.00131972983945], [0.000588078459259, -0.00525121157989, 0.00227031204849, -0.00426338706166, 0.00876328721642, -0.0029872932937, 0.00362556264736, -0.00580542441458, 0.00312440679409, -0.00385148474015, 0.00577444536611, -0.0023326468654, 4.08266932936e-05], [-0.000409304688219, 0.00245913607068, -0.00214229314588, 0.00165723753162, -0.0029872932937, 0.0114486580715, -0.00545384734869, 0.00430495245382, -0.00096035777824, 0.00329871312715, -0.000328219903167, 0.00115496409126, 0.000869811163284], [0.000793321698438, -0.00355175882578, 0.00280921324156, -0.000828201009426, 0.00362556264736, -0.00545384734869, 0.0123724965379, -0.00842729769647, 0.00295584555715, -0.00246340804733, 0.00172766949981, 0.00273938453756, 0.00403275014833], [-0.000981896417215, 0.00442580459639, -0.00223278393969, 0.00116922042798, -0.00580542441458, 0.00430495245382, -0.00842729769647, 0.0181521456689, -0.00347418431193, 0.00472364155576, -0.0019479424227, -9.7847168945e-06, 0.000229429308092], [0.000531721045263, -0.00181873945985, 0.00122090592049, -0.00051472557243, 0.00312440679409, -0.00096035777824, 0.00295584555715, -0.00347418431193, 0.0102223884314, -0.00461391126737, 0.00130198674742, 0.00192135630641, 0.000532560632564], [-0.000838319479953, 0.00448752334341, -0.0021567249205, 0.00131640490144, -0.00385148474015, 0.00329871312715, -0.00246340804733, 0.00472364155576, -0.00461391126737, 0.0192058570683, -0.00437574647367, 0.000969640270341, -0.00151328893844], [0.000663794286083, -0.00298424414359, 0.000850194483064, -0.000322110165143, 0.00577444536611, -0.000328219903167, 0.00172766949981, -0.0019479424227, 0.00130198674742, -0.00437574647367, 0.0125102903694, -0.0024859176483, 0.00249747908674], [5.95232922933e-05, 0.00139024399687, -0.00116563111078, 0.00111322046723, -0.0023326468654, 0.00115496409126, 0.00273938453756, -9.7847168945e-06, 0.00192135630641, 0.000969640270341, -0.0024859176483, 0.0128352520987, -0.0052447617054], [0.000112983172585, -0.00227352511138, 0.00150255451445, -0.00131972983945, 4.08266932936e-05, 0.000869811163284, 0.00403275014833, 0.000229429308092, 0.000532560632564, -0.00151328893844, 0.00249747908674, -0.0052447617054, 0.0190186854452]]
    },
    "melbands": {
        "dmean": [8.55866674101e-05, 0.000256770552369, 0.000111769550131, 5.26906114828e-05, 6.41019578325e-05, 8.38516498334e-05, 0.000168893922819, 0.000234780440223, 0.000268699892331, 0.0001099374349, 3.46194101439e-05, 4.534575055e-05, 7.39666938898e-05, 4.92458420922e-05, 4.00443568651e-05, 1.55361176439e-05, 7.00944065102e-06, 8.39154290588e-06, 1.08907424874e-05, 9.98989526124e-06, 8.68344523042e-06, 1.12402758532e-05, 7.86013970355e-06, 5.55119777346e-06, 4.38225606558e-06, 4.03160856877e-06, 2.00971862796e-06, 3.16649880006e-06, 7.71882469053e-07, 7.27960184577e-07, 2.41189383132e-07, 1.3071725391e-07, 1.13821847947e-07, 1.11557405091e-07, 7.42604910897e-08, 9.61480850492e-08, 2.94787163568e-08, 3.37860122102e-08, 1.99370475684e-08, 1.20357981359e-08],
        "dmean2": [0.00011143431766, 0.000298578699585, 0.00014854989422, 7.18261217116e-05, 8.31350480439e-05, 0.000116720344522, 0.000214007624891, 0.000303594802972, 0.000320839346386, 0.000143833254697, 5.46803821635e-05, 7.14348352631e-05, 0.000116681461805, 7.28939412511e-05, 6.0516566009e-05, 2.43025551754e-05, 1.14170234156e-05, 1.38137875183e-05, 1.83203392226e-05, 1.68203896465e-05, 1.40572847158e-05, 1.82146286534e-05, 1.27451203298e-05, 9.31155045691e-06, 7.45510214983e-06, 6.73542945151e-06, 3.25916698785e-06, 5.05924481331e-06, 1.22488563647e-06, 1.18232651403e-06, 3.97683578512e-07, 2.18218758619e-07, 1.84458627928e-07, 1.81183906989e-07, 1.22667117353e-07, 1.59984892889e-07, 4.80228408151e-08, 5.46466303319e-08, 3.05416030244e-08, 1.89257427508e-08],
        "dvar": [2.75046616593e-08, 2.07813954489e-07, 1.03210062719e-07, 1.24799495183e-08, 2.6513180984e-08, 3.23136255531e-08, 1.3728602255e-07, 1.6909667977e-07, 2.47005232268e-07, 7.01542504089e-08, 4.88249440878e-09, 3.73211284099e-09, 1.29827562034e-08, 7.64412000365e-09, 4.81167194977e-09, 1.37505529185e-09, 3.8906800004e-10, 7.45770833976e-10, 1.20167653606e-09, 9.62277479921e-10, 1.23916166217e-09, 8.57415749511e-10, 4.89482454569e-10, 2.59997384733e-10, 1.44583664485e-10, 8.97533158906e-11, 1.85924730473e-11, 4.73131880896e-11, 1.5866342528e-12, 2.30829916813e-12, 1.9739970021e-13, 1.00059866534e-13, 6.28852371109e-14, 7.29699842759e-14, 2.81897697866e-14, 5.77800543414e-14, 3.6634361316e-15, 6.83696280607e-15, 2.43306402451e-15, 6.53689789049e-16],
        "dvar2": [6.5895378043e-08, 3.29015477973e-07, 2.12035203617e-07, 2.47811424714e-08, 3.44827526533e-08, 7.37401109063e-08, 1.90531437738e-07, 2.97632539059e-07, 3.8062333374e-07, 1.06172784342e-07, 1.01585815315e-08, 8.98253560422e-09, 3.0472680379e-08, 1.57447495042e-08, 1.12532427821e-08, 3.19719539732e-09, 9.94078930283e-10, 1.95991689544e-09, 3.58787843879e-09, 2.85549073276e-09, 3.05733216521e-09, 2.14548179223e-09, 1.28386268283e-09, 7.02624403104e-10, 4.25907420443e-10, 2.53282589346e-10, 4.44964863566e-11, 1.16742712719e-10, 3.89690666888e-12, 6.0775533911e-12, 5.20518740957e-13, 2.73189755323e-13, 1.59535240379e-13, 1.98827865522e-13, 7.9986059822e-14, 1.55111817488e-13, 9.26740102844e-15, 1.72135729607e-14, 5.04711696698e-15, 1.44801934047e-15],
        "max": [0.00278681796044, 0.0108979297802, 0.0113928923383, 0.00396362738684, 0.00526628922671, 0.00576893426478, 0.0202603135258, 0.00939334463328, 0.0150919239968, 0.0108225932345, 0.00264840433374, 0.000888312817551, 0.00165111792739, 0.00189568498172, 0.00138632929884, 0.000857744365931, 0.000491533894092, 0.000757228408474, 0.000895674282219, 0.000776277796831, 0.00106323638465, 0.000797489832621, 0.000460032635601, 0.000344345055055, 0.000286024442175, 0.000216234460822, 8.89525472303e-05, 0.000176772402483, 1.93226060219e-05, 2.47515581577e-05, 1.11557828859e-05, 8.41519158712e-06, 6.90485512678e-06, 8.15696421341e-06, 4.36768505097e-06, 5.40247128811e-06, 1.78687719199e-06, 2.36201003645e-06, 1.71376814251e-06, 6.16394913777e-07],
        "mean": [0.000299190840451, 0.00109232554678, 0.000449811428552, 0.000190222199308, 0.000180068629561, 0.00021377466328, 0.000871404947247, 0.000772773753852, 0.00126461591572, 0.00029038800858, 6.63296523271e-05, 8.16210085759e-05, 0.000128517916892, 0.000116230636195, 7.52144187572e-05, 2.52288500633e-05, 1.10251985461e-05, 1.30519720187e-05, 1.58472630574e-05, 1.42820899782e-05, 1.28695382955e-05, 1.87783807633e-05, 1.36193530125e-05, 9.10507787921e-06, 7.18154387869e-06, 7.40988571124e-06, 3.85879820897e-06, 5.47216995983e-06, 1.69065697264e-06, 1.19318167435e-06, 4.987211355e-07, 3.1530677802e-07, 2.79245625734e-07, 2.57955491634e-07, 1.79579558335e-07, 2.0347148677e-07, 7.98703965188e-08, 8.34132549699e-08, 5.65697035881e-08, 3.2714012832e-08],
        "median": [0.000126699684188, 0.00053826533258, 0.000229333993047, 8.91768140718e-05, 4.06278886658e-05, 8.62044107635e-05, 0.000186449062312, 0.000389696506318, 0.000200616093935, 7.67453602748e-05, 3.85691782867e-05, 5.14366911375e-05, 6.67698695906e-05, 4.13710549765e-05, 3.36290177074e-05, 8.14755276224e-06, 2.83543408841e-06, 1.80311292297e-06, 3.01867612507e-06, 3.27628322339e-06, 1.43678289533e-06, 5.32793228558e-06, 2.50867060458e-06, 2.37649896917e-06, 1.61865523296e-06, 2.65197240878e-06, 1.79644530363e-06, 2.07805169339e-06, 7.82245479058e-07, 4.16264015257e-07, 2.11607016354e-07, 1.3333624338e-07, 1.09407594096e-07, 1.00267499192e-07, 7.97078527626e-08, 7.65515721923e-08, 3.81635416602e-08, 3.72726738362e-08, 1.85315993662e-08, 1.36325066791e-08],
        "min": [5.34008296433e-25, 1.8381421502e-24, 1.38719438912e-23, 2.60779776336e-23, 1.08756726795e-23, 4.36440609029e-24, 3.64893133736e-24, 9.20782508832e-24, 5.94990567483e-24, 6.30064506621e-24, 1.48351919658e-23, 1.18670199796e-23, 2.37712308065e-24, 1.44817302155e-23, 1.84963648467e-23, 2.24497917603e-23, 5.38776457706e-24, 4.4536136369e-24, 7.57282250982e-24, 1.13507744148e-23, 1.25875387091e-23, 1.70544975059e-23, 1.32516515174e-23, 8.52499734395e-24, 6.75659917524e-24, 1.14949497893e-23, 1.11120445945e-23, 1.06354826776e-23, 9.45101512818e-24, 1.35700468228e-23, 1.15299412925e-23, 7.9542691008e-24, 1.0502962723e-23, 1.08241837282e-23, 1.17568910529e-23, 1.68917176359e-23, 1.46777511064e-23, 8.99743430717e-24, 8.85182320584e-24, 7.24951417871e-24],
        "var": [1.87972347021e-07, 2.41118641497e-06, 9.56116309681e-07, 1.22998542906e-07, 2.51343891478e-07, 1.64836862382e-07, 3.4666911688e-06, 9.5921097909e-07, 5.76243382966e-06, 5.35135768587e-07, 1.20733600895e-08, 9.15538223012e-09, 3.12692733928e-08, 3.79671192263e-08, 1.23540768726e-08, 2.61104426968e-09, 6.80483891458e-10, 1.37803812805e-09, 1.61815438826e-09, 1.25299148834e-09, 1.86855886319e-09, 1.38779465697e-09, 1.04664044098e-09, 4.79830453148e-10, 2.2685639478e-10, 1.93296795237e-10, 3.91284157852e-11, 8.81988856949e-11, 5.66604228813e-12, 4.27318380333e-12, 7.59125726689e-13, 4.26662936752e-13, 3.16051790858e-13, 3.67997651666e-13, 1.62691949214e-13, 2.13796306505e-13, 2.47872282731e-14, 2.67023612965e-14, 1.3259883202e-14, 3.48522865807e-15]
    },
    "mfcc": {
        "mean": [-701.373168945, 151.302154541, -8.88308334351, 16.5625267029, -21.8245716095, -11.7659320831, 6.59117460251, 8.85036849976, -4.78421258926, 5.27082061768, 3.56541347504, 15.5465602875, 9.28661155701],
        "cov": [[4838.13037109, 567.740966797, -912.740722656, 694.699707031, 762.088562012, 146.710235596, 153.688522339, -7.07649278641, 438.669006348, -10.1192722321, -399.05380249, -516.530029297, -20.7626228333], [567.740966797, 1129.88208008, -68.1403045654, 22.5429897308, 301.345153809, 31.6306610107, 163.430389404, 84.9934616089, 48.4052429199, -53.5020332336, -209.729263306, -187.973052979, 56.2695732117], [-912.740722656, -68.1403045654, 556.143127441, -240.076309204, -242.103530884, -37.2593917847, -51.3881454468, -15.6393880844, -175.811264038, 31.2515926361, 111.161575317, 162.471603394, 14.9658279419], [694.699707031, 22.5429897308, -240.076309204, 379.17489624, 279.677337646, 46.3128128052, 43.9268188477, 8.98742294312, 153.189468384, -0.0883777290583, -78.502166748, -145.270614624, -0.613336741924], [762.088562012, 301.345153809, -242.103530884, 279.677337646, 511.261199951, 61.4964485168, 27.5652923584, 1.80022954941, 118.965812683, -17.672700882, -167.786315918, -264.005126953, 21.8368759155], [146.710235596, 31.6306610107, -37.2593917847, 46.3128128052, 61.4964485168, 130.269729614, 30.2226600647, 15.8383626938, 53.0879516602, 10.6487770081, 4.12007856369, -13.355963707, -31.6042537689], [153.688522339, 163.430389404, -51.3881454468, 43.9268188477, 27.5652923584, 30.2226600647, 209.71987915, 86.3694915771, 50.5989685059, 7.42750406265, -29.8015060425, -45.3890304565, 12.7207632065], [-7.07649278641, 84.9934616089, -15.6393880844, 8.98742294312, 1.80022954941, 15.8383626938, 86.3694915771, 144.958404541, 43.0251121521, 0.445315927267, 1.31725692749, -6.91437959671, 3.85408186913], [438.669006348, 48.4052429199, -175.811264038, 153.189468384, 118.965812683, 53.0879516602, 50.5989685059, 43.0251121521, 203.201187134, 20.4805316925, -22.5521640778, -46.51171875, -35.373878479], [-10.1192722321, -53.5020332336, 31.2515926361, -0.0883777290583, -17.672700882, 10.6487770081, 7.42750406265, 0.445315927267, 20.4805316925, 100.772895813, 52.0889663696, 28.0119380951, -11.4709596634], [-399.05380249, -209.729263306, 111.161575317, -78.502166748, -167.786315918, 4.12007856369, -29.8015060425, 1.31725692749, -22.5521640778, 52.0889663696, 207.822341919, 128.383239746, -46.4708099365], [-516.530029297, -187.973052979, 162.471603394, -145.270614624, -264.005126953, -13.355963707, -45.3890304565, -6.91437959671, -46.51171875, 28.0119380951, 128.383239746, 313.482727051, -17.5211849213], [-20.7626228333, 56.2695732117, 14.9658279419, -0.613336741924, 21.8368759155, -31.6042537689, 12.7207632065, 3.85408186913, -35.373878479, -11.4709596634, -46.4708099365, -17.5211849213, 126.155303955]],
