{
"lowlevel": {
    "average_loudness": 0.91815507412,
    "barkbands_crest": {
        "dmean": 3.3873872757,
        "dmean2": 5.00838136673,
        "dvar": 10.2609100342,
        "dvar2": 21.0855045319,
        "max": 26.6367034912,
        "mean": 12.2427759171,
        "median": 10.9488039017,
        "min": 1.86303699017,
        "var": 46.0345840454
    },
    "barkbands_flatness_db": {
        "dmean": 0.0298895984888,
        "dmean2": 0.0407293662429,
        "dvar": 0.00106128351763,
        "dvar2": 0.00191525812261,
        "max": 0.70122474432,
        "mean": 0.13750398159,
        "median": 0.108355611563,
        "min": 0.0119973840192,
        "var": 0.00947860255837
    },
    "barkbands_kurtosis": {
        "dmean": 5.81460857391,
        "dmean2": 8.46096229553,
        "dvar": 755.546569824,
        "dvar2": 1873.67651367,
        "max": 1053.46936035,
        "mean": 6.87116098404,
        "median": 0.113512039185,
        "min": -1.8492821455,
        "var": 940.168029785
    },
    "barkbands_skewness": {
        "dmean": 0.753440618515,
        "dmean2": 1.01235699654,
        "dvar": 1.02562177181,
        "dvar2": 1.93404102325,
        "max": 25.0121765137,
        "mean": 1.13810276985,
        "median": 0.543876707554,
        "min": -3.17342996597,
        "var": 4.40410995483
    },
    "barkbands_spread": {
        "dmean": 7.7930765152,
        "dmean2": 11.400094986,
        "dvar": 69.2140884399,
        "dvar2": 145.629562378,
        "max": 108.0233078,
        "mean": 33.6226005554,
        "median": 34.0009460449,
        "min": 0.0780146345496,
        "var": 528.164672852
    },
    "dissonance": {
        "dmean": 0.0232276525348,
        "dmean2": 0.0388544760644,
        "dvar": 0.000884130538907,
        "dvar2": 0.00240277941339,
        "max": 0.499999850988,
        "mean": 0.462346524,
        "median": 0.479317158461,
        "min": 0.222120210528,
        "var": 0.0018656058237
    },
    "dynamic_complexity": 2.83472561836,
    "erbbands_crest": {
        "dmean": 3.2272632122,
        "dmean2": 5.02389192581,
        "dvar": 11.1499414444,
        "dvar2": 23.508808136,
        "max": 34.1431808472,
        "mean": 11.9857463837,
        "median": 8.80912303925,
        "min": 2.29012560844,
        "var": 69.2831268311
    },
    "erbbands_flatness_db": {
        "dmean": 0.0223159752786,
        "dmean2": 0.0319583304226,
        "dvar": 0.0006371641648,
        "dvar2": 0.00121332029812,
        "max": 0.602493464947,
        "mean": 0.172659114003,
        "median": 0.128609225154,
        "min": 0.0419014953077,
        "var": 0.0108454525471
    },
    "erbbands_kurtosis": {
        "dmean": 2.39719820023,
        "dmean2": 3.65472078323,
        "dvar": 35.024848938,
        "dvar2": 78.7508163452,
        "max": 180.52532959,
        "mean": 2.59657454491,
        "median": -0.296537637711,
        "min": -1.82766890526,
        "var": 71.4329223633
    },
    "erbbands_skewness": {
        "dmean": 0.51411396265,
        "dmean2": 0.754653811455,
        "dvar": 0.33782762289,
        "dvar2": 0.694193661213,
        "max": 9.74766635895,
        "mean": 0.466868191957,
        "median": 0.0736833438277,
        "min": -2.18527173996,
        "var": 1.97583460808
    },
    "erbbands_spread": {
        "dmean": 8.85885238647,
        "dmean2": 12.9755105972,
        "dvar": 118.340415955,
        "dvar2": 212.332473755,
        "max": 171.951324463,
        "mean": 42.0039405823,
        "median": 42.9593467712,
        "min": 0.861630558968,
        "var": 870.78729248
    },
    "hfc": {
        "dmean": 12.9571628571,
        "dmean2": 19.8961906433,
        "dvar": 306.608856201,
        "dvar2": 779.979614258,
        "max": 167.983642578,
        "mean": 38.719997406,
        "median": 35.1846504211,
        "min": 1.1276999613e-16,
        "var": 693.153137207
    },
    "melbands_crest": {
        "dmean": 4.58931589127,
        "dmean2": 6.98480606079,
        "dvar": 17.7434024811,
        "dvar2": 39.2631950378,
        "max": 39.7803268433,
        "mean": 17.4008522034,
        "median": 16.6198425293,
        "min": 1.31716811657,
        "var": 60.3123779297
    },
    "melbands_flatness_db": {
        "dmean": 0.03656482324,
        "dmean2": 0.0492920614779,
        "dvar": 0.00162092247047,
        "dvar2": 0.00300536118448,
        "max": 0.857158362865,
        "mean": 0.184607461095,
        "median": 0.168298661709,
        "min": 0.00025884740171,
        "var": 0.0118029592559
    },
    "melbands_kurtosis": {
        "dmean": 16.5819377899,
        "dmean2": 23.2910633087,
        "dvar": 9574.04980469,
        "dvar2": 25893.9277344,
        "max": 5492.46240234,
        "mean": 24.7404632568,
        "median": 3.54956102371,
        "min": -1.86224746704,
        "var": 8878.10742188
    },
    "melbands_skewness": {
        "dmean": 1.06427180767,
        "dmean2": 1.40315341949,
        "dvar": 2.83658623695,
        "dvar2": 5.15916776657,
        "max": 59.0506591797,
        "mean": 2.59975981712,
        "median": 1.61418306828,
        "min": -3.11311483383,
        "var": 11.3788566589
    },
    "melbands_spread": {
        "dmean": 12.7792568207,
        "dmean2": 19.1774082184,
        "dvar": 232.606918335,
        "dvar2": 528.510131836,
        "max": 195.471923828,
        "mean": 38.5835800171,
        "median": 30.6495609283,
        "min": 0.0312980040908,
        "var": 944.986633301
    },
    "pitch_salience": {
        "dmean": 0.0869957059622,
        "dmean2": 0.125088602304,
        "dvar": 0.00727440789342,
        "dvar2": 0.0144286416471,
        "max": 0.984521865845,
        "mean": 0.481027752161,
        "median": 0.498227417469,
        "min": 0.0138654923066,
        "var": 0.0311446599662
    },
    "silence_rate_20dB": {
        "dmean": 0,
        "dmean2": 0,
        "dvar": 0,
        "dvar2": 0,
        "max": 1,
        "mean": 1,
        "median": 1,
        "min": 1,
        "var": 0
    },
    "silence_rate_30dB": {
        "dmean": 0.00804872717708,
        "dmean2": 0.0160992052406,
        "dvar": 0.00798261538148,
        "dvar2": 0.019321154803,
        "max": 1,
        "mean": 0.990103304386,
        "median": 1,
        "min": 0,
        "var": 0.00979940593243
    },
    "silence_rate_60dB": {
        "dmean": 0.00870132725686,
        "dmean2": 0.0174045469612,
        "dvar": 0.00862611178309,
        "dvar2": 0.0214539710432,
        "max": 1,
        "mean": 0.0457857549191,
        "median": 0,
        "min": 0,
        "var": 0.0436903387308
    },
    "spectral_centroid": {
        "dmean": 338.581115723,
        "dmean2": 503.14239502,
        "dvar": 153594.96875,
        "dvar2": 326195.28125,
        "max": 11144.2841797,
        "mean": 1994.51196289,
        "median": 1976.87609863,
        "min": 87.5889663696,
        "var": 689978.5625
    },
    "spectral_complexity": {
        "dmean": 4.7393951416,
        "dmean2": 7.23746347427,
        "dvar": 30.3964328766,
        "dvar2": 68.53099823,
        "max": 56,
        "mean": 18.0020656586,
        "median": 16,
        "min": 0,
        "var": 106.613304138
    },
    "spectral_decrease": {
        "dmean": 2.1549428908e-09,
        "dmean2": 2.94287239022e-09,
        "dvar": 6.99947909351e-18,
        "dvar2": 1.15703095865e-17,
        "max": 6.40535992727e-19,
        "mean": -6.49836495725e-09,
        "median": -4.4200172411e-09,
        "min": -4.62245601796e-08,
        "var": 3.24292949691e-17
    },
    "spectral_energy": {
        "dmean": 0.00865504238755,
        "dmean2": 0.0120793515816,
        "dvar": 0.000108170825115,
        "dvar2": 0.000183186435606,
        "max": 0.175580069423,
        "mean": 0.0280382987112,
        "median": 0.0209492184222,
        "min": 1.05142515687e-20,
        "var": 0.000483833428007
    },
    "spectral_energyband_high": {
        "dmean": 0.000962281017564,
        "dmean2": 0.00151897384785,
        "dvar": 2.65079211204e-06,
        "dvar2": 7.03174600858e-06,
        "max": 0.0162987131625,
        "mean": 0.00255751004443,
        "median": 0.00182265567128,
        "min": 7.38264270479e-21,
        "var": 7.08175548425e-06
    },
    "spectral_energyband_low": {
        "dmean": 0.00394889572635,
        "dmean2": 0.0052038342692,
        "dvar": 9.51635593083e-05,
        "dvar2": 0.000154036475578,
        "max": 0.174715191126,
        "mean": 0.00871303118765,
        "median": 0.00157452316489,
        "min": 6.27430176625e-23,
        "var": 0.00036324877874
    },
    "spectral_energyband_middle_high": {
        "dmean": 0.00434060208499,
        "dmean2": 0.00628356635571,
        "dvar": 6.05126770097e-05,
        "dvar2": 0.000103220569144,
        "max": 0.138115897775,
        "mean": 0.0103764506057,
        "median": 0.00449239229783,
        "min": 1.27043855121e-21,
        "var": 0.00026209600037
    },
    "spectral_energyband_middle_low": {
        "dmean": 0.00420680269599,
        "dmean2": 0.00643954239786,
        "dvar": 5.42459347344e-05,
        "dvar2": 0.000122328230646,
        "max": 0.0812087655067,
        "mean": 0.00768909649923,
        "median": 0.0038474323228,
        "min": 2.74235818559e-22,
        "var": 0.000108727719635
    },
    "spectral_entropy": {
        "dmean": 0.208316877484,
        "dmean2": 0.296864062548,
        "dvar": 0.0623977594078,
        "dvar2": 0.126135498285,
        "max": 9.79486465454,
        "mean": 7.65517091751,
        "median": 8.04775333405,
        "min": 3.6895468235,
        "var": 0.706782162189
    },
    "spectral_flux": {
        "dmean": 0.0285519156605,
        "dmean2": 0.04333428666,
        "dvar": 0.000934469804633,
        "dvar2": 0.0021156501025,
        "max": 0.412502110004,
        "mean": 0.0876499861479,
        "median": 0.0787524953485,
        "min": 6.67152791345e-11,
        "var": 0.00231266138144
    },
    "spectral_kurtosis": {
        "dmean": 1.75400352478,
        "dmean2": 2.92435216904,
        "dvar": 24.0438346863,
        "dvar2": 69.0664138794,
        "max": 162.26499939,
        "mean": 5.36016988754,
        "median": 2.21496677399,
        "min": -1.32025361061,
        "var": 68.7123031616
    },
    "spectral_rms": {
        "dmean": 0.000803865317721,
        "dmean2": 0.00112001982052,
        "dvar": 7.38191204164e-07,
        "dvar2": 1.22779067624e-06,
        "max": 0.0130880717188,
        "mean": 0.00482584163547,
        "median": 0.0045208693482,
        "min": 3.20278092242e-12,
        "var": 4.06562458011e-06
    },
    "spectral_rolloff": {
        "dmean": 1064.62023926,
        "dmean2": 1680.00048828,
        "dvar": 2508038.75,
        "dvar2": 5425495.5,
        "max": 19056.8847656,
        "mean": 3679.01025391,
        "median": 2347.11914062,
        "min": 21.533203125,
        "var": 11090071
    },
    "spectral_skewness": {
        "dmean": 0.21827223897,
        "dmean2": 0.347282707691,
        "dvar": 0.123242020607,
        "dvar2": 0.32839769125,
        "max": 10.3277902603,
        "mean": 1.60746312141,
        "median": 1.24647092819,
        "min": -0.00809791963547,
        "var": 0.678531646729
    },
    "spectral_spread": {
        "dmean": 548171.375,
        "dmean2": 854294.625,
        "dvar": 656359489536,
        "dvar2": 1.48673606451e+12,
        "max": 50892084,
        "mean": 5899172,
        "median": 6304173.5,
        "min": 659454.8125,
        "var": 4.9148812329e+12
    },
    "spectral_strongpeak": {
        "dmean": 0.889380514622,
        "dmean2": 1.3407343626,
        "dvar": 1.52961146832,
        "dvar2": 2.94384384155,
        "max": 14.6595649719,
        "mean": 2.03983664513,
        "median": 0.898375153542,
        "min": 0,
        "var": 6.31932020187
    },
    "zerocrossingrate": {
        "dmean": 0.0178398452699,
        "dmean2": 0.0192126687616,
        "dvar": 0.000360545091098,
        "dvar2": 0.000415259157307,
        "max": 0.7451171875,
        "mean": 0.117345266044,
        "median": 0.095703125,
        "min": 0.0009765625,
        "var": 0.00622659549117
    },
    "barkbands": {
        "dmean": [0.000247513205977, 0.00316396309063, 0.00173208408523, 0.000921027502045, 0.00144762557466, 0.000499389600009, 0.000275986240013, 0.000264901435003, 0.00119418860413, 0.00211352156475, 0.00159630412236, 0.000399507582188, 0.000398800591938, 0.000266355316853, 0.000231196347158, 0.000405838509323, 0.000310588569846, 0.00025018278393, 0.000314274278935, 0.000198792913579, 0.000157720234711, 0.000237541768001, 0.00016211802722, 0.000171254650922, 0.000200548602152, 0.000126835657284, 6.05820459896e-05],
        "dmean2": [0.000391007779399, 0.00396876549348, 0.00277991173789, 0.00163248123135, 0.0024017051328, 0.000791075697634, 0.000424659898272, 0.000413603294874, 0.00178889220115, 0.00298702879809, 0.00226879213005, 0.000609344802797, 0.000649369147141, 0.000422448618338, 0.000394960603444, 0.00063827377744, 0.000527849944774, 0.000422361510573, 0.000538563763257, 0.000329651753418, 0.000257522769971, 0.000388451706385, 0.000265302194748, 0.000276402657619, 0.000333043921273, 0.000197134562768, 9.50115572778e-05],
        "dvar": [3.26621687918e-07, 6.84719343553e-05, 4.46750927949e-05, 1.17661447803e-05, 1.6779262296e-05, 1.4275178728e-06, 5.22356003785e-07, 2.64356856405e-07, 8.84843848326e-06, 3.88744992961e-05, 2.99459079542e-05, 2.25881535698e-06, 1.25025383113e-06, 6.94299899351e-07, 5.79011441459e-07, 9.21062735415e-07, 4.87999216148e-07, 2.01848308734e-07, 6.23767789421e-07, 1.01051540469e-07, 5.21139682519e-08, 1.29171510821e-07, 7.18579400427e-08, 9.58277084351e-08, 1.86085117093e-07, 4.56379645186e-08, 1.14542491048e-08],
        "dvar2": [7.86592693203e-07, 9.50626490521e-05, 0.00011070126493, 3.33989519277e-05, 4.26552069257e-05, 3.24662096318e-06, 1.05494791569e-06, 5.8692546645e-07, 1.84320306289e-05, 6.32704031887e-05, 4.75773522339e-05, 4.31323815064e-06, 3.0730693652e-06, 1.59982187142e-06, 1.53098221745e-06, 2.0619991119e-06, 1.36817095608e-06, 5.46478986507e-07, 1.75509273959e-06, 2.74950849644e-07, 1.35686676117e-07, 3.48999350308e-07, 1.86685085168e-07, 2.50452615091e-07, 5.04655247369e-07, 1.10353973071e-07, 2.64596859978e-08],
        "max": [0.0120483692735, 0.159125506878, 0.0886342301965, 0.0476154536009, 0.0655616819859, 0.0345024131238, 0.0290212649852, 0.00987999606878, 0.0630529969931, 0.108590729535, 0.123866409063, 0.0576935000718, 0.0210412312299, 0.0253414083272, 0.0415307618678, 0.02281614393, 0.0223807673901, 0.0185586232692, 0.0182799082249, 0.00610897736624, 0.00344039010815, 0.00490647787228, 0.00337901688181, 0.00353543297388, 0.00491745676845, 0.0038099528756, 0.00225377082825],
        "mean": [0.000397123774746, 0.00628287764266, 0.00164682685863, 0.000797568354756, 0.00172217038926, 0.00072685838677, 0.000378047319828, 0.000387651933124, 0.00190892699175, 0.00421196781099, 0.00314639206044, 0.000538775639143, 0.000579645333346, 0.000425274454756, 0.000303854496451, 0.00059964339016, 0.000430494255852, 0.000382965401514, 0.000471337436466, 0.000351592781954, 0.000318095873808, 0.000561555207241, 0.000325501809129, 0.000350807211362, 0.000397293188144, 0.000295148289297, 9.99014155241e-05],
        "median": [8.38478372316e-05, 0.000849149655551, 0.000135905720526, 0.000119083662867, 0.000277624989394, 0.000192669031094, 9.1340050858e-05, 0.000115930051834, 0.000330836657668, 0.00024239938648, 0.000201939576073, 0.000121743418276, 0.000142374701682, 0.000106179912109, 0.000104385093437, 0.000234642575379, 0.000216818167246, 0.000250544864684, 0.000305207708152, 0.000221676658839, 0.000202180672204, 0.000398539239541, 0.000188230129424, 0.00014047473087, 0.00015387928579, 0.000105968370917, 1.24650441649e-05],
        "min": [5.0933975804e-24, 2.64718053965e-23, 1.0229094277e-24, 8.76646293387e-24, 2.57389977918e-23, 3.69782146528e-23, 2.70441050506e-23, 1.14222578346e-23, 2.04186689892e-23, 4.76385527598e-23, 3.3015255144e-23, 5.17898354548e-23, 4.02237367227e-23, 6.48772398208e-23, 8.24639092043e-23, 4.48947399147e-23, 9.44090934666e-23, 9.77033639851e-23, 2.27281706764e-22, 2.79773622113e-22, 4.05406423432e-22, 4.29938079075e-22, 5.34405679197e-22, 6.90687380136e-22, 1.01772174743e-21, 1.41562813576e-21, 2.1995835126e-21],
        "var": [6.24984522801e-07, 0.000241295289015, 4.17130977439e-05, 7.36192941986e-06, 2.06880358746e-05, 3.10908239953e-06, 1.06215964024e-06, 5.20545881955e-07, 2.34804538195e-05, 0.000145039783092, 0.000129379579448, 4.48482387583e-06, 2.62749608737e-06, 1.83857275715e-06, 9.26868324314e-07, 1.7343681975e-06, 7.01592625774e-07, 2.89308985657e-07, 5.66132200674e-07, 1.67436454035e-07, 1.26411052292e-07, 3.72771637558e-07, 1.52090549932e-07, 2.08962262604e-07, 3.04777870497e-07, 1.49673880401e-07, 3.17360822066e-08]
    },
    "erbbands": {
        "dmean": [0.105427891016, 0.758807659149, 1.9692902565, 2.36415696144, 4.41972780228, 5.06847906113, 3.75633049011, 4.08315181732, 3.66497135162, 4.94258451462, 6.51571655273, 32.5016326904, 65.0962295532, 49.0651397705, 54.4896697998, 15.3945865631, 18.1091518402, 13.3503217697, 11.1791858673, 17.3068389893, 15.8122520447, 17.7364883423, 14.2987117767, 17.7163085938, 10.7242250443, 9.49979877472, 6.5667963028, 6.666036129, 9.14443302155, 6.99267101288, 4.20670366287, 3.55405306816, 3.0782225132, 2.32205867767, 1.41489815712, 0.605053424835, 0.241175383329, 0.0826876312494, 0.00980573147535, 0.000135328562465],
        "dmean2": [0.120241671801, 0.982589066029, 2.98480987549, 3.77929592133, 7.45058822632, 8.48943042755, 6.05355739594, 6.51380157471, 5.64923620224, 7.6919836998, 9.80049228668, 48.3974609375, 91.0015335083, 70.4256057739, 78.0724563599, 23.1431045532, 29.0615444183, 21.5090885162, 18.3534584045, 27.7868995667, 25.6176223755, 30.2313537598, 24.2245388031, 30.1025104523, 18.1518554688, 15.8241014481, 10.8054742813, 10.9091873169, 14.9874534607, 11.5461578369, 6.8226685524, 5.75772047043, 5.0612783432, 3.90685892105, 2.33601140976, 0.957881689072, 0.380202293396, 0.127829879522, 0.0155013976619, 0.000211222810321],
        "dvar": [0.067820161581, 4.59087228775, 50.4812393188, 65.2088699341, 191.680923462, 218.447937012, 111.970863342, 82.113494873, 100.015579224, 110.352561951, 173.748382568, 6911.17285156, 34498.1757812, 25032.5234375, 50857.8515625, 2980.83740234, 2531.97705078, 1194.83410645, 949.582580566, 1544.93493652, 830.879821777, 2027.25598145, 818.456665039, 2576.12695312, 342.039398193, 267.091705322, 88.7637710571, 99.8880310059, 195.090667725, 112.525291443, 44.5697555542, 39.0766105652, 34.2808799744, 23.1209259033, 8.36660575867, 1.0451811552, 0.175393268466, 0.019063686952, 0.000316898251185, 5.32010915322e-08],
        "dvar2": [0.0847482010722, 6.69826316833, 118.873680115, 166.508682251, 495.870056152, 577.710388184, 268.103485107, 196.490646362, 201.622192383, 240.037414551, 341.67086792, 13758.5791016, 54619.2695312, 42110.6523438, 74880.3125, 5514.73535156, 5974.19287109, 2758.23925781, 2371.76318359, 3758.50634766, 1981.25830078, 5762.39794922, 2222.13891602, 7174.86816406, 952.703552246, 735.383911133, 232.054443359, 262.457214355, 527.023925781, 300.69128418, 113.751747131, 99.5598449707, 92.2387771606, 63.1516304016, 22.2631568909, 2.56883263588, 0.432252347469, 0.0441702231765, 0.000737023423426, 1.23047499301e-07],
        "max": [5.57991027832, 35.763885498, 103.74143219, 111.741409302, 170.690475464, 224.892211914, 286.277038574, 227.206939697, 361.749267578, 340.712127686, 382.445739746, 1631.2722168, 3103.14306641, 3587.00927734, 6080.88427734, 2087.51489258, 1075.8527832, 1303.14990234, 1083.03381348, 1575.49353027, 749.759277344, 1528.25817871, 1327.52697754, 1231.51501465, 263.678649902, 347.192565918, 138.313613892, 147.327941895, 203.525268555, 131.97492981, 96.6896591187, 80.8615264893, 65.0897064209, 55.0755653381, 35.2242927551, 14.1575164795, 8.0925989151, 2.81233215332, 0.386221081018, 0.00495197577402],
        "mean": [0.202097997069, 1.29265546799, 2.12146472931, 2.44788002968, 4.71426439285, 5.54058361053, 5.57529783249, 5.81108427048, 5.22690010071, 7.43544149399, 10.4759511948, 54.686920166, 129.475585938, 97.7950210571, 106.416656494, 24.9465904236, 28.2794494629, 21.81042099, 18.1742038727, 26.2507419586, 25.0592422485, 25.8450107574, 22.4682693481, 25.7635688782, 18.4678039551, 16.4657039642, 13.1116161346, 13.7777814865, 20.5941486359, 15.1765327454, 8.77884578705, 7.20194387436, 5.92420482635, 4.36041975021, 2.81169986725, 1.35124576092, 0.524354457855, 0.166849017143, 0.0157991982996, 0.000269186391961],
        "median": [0.0268418025225, 0.133945912123, 0.233678907156, 0.374180495739, 0.533794403076, 0.976807773113, 1.56635737419, 1.7528526783, 1.47438251972, 2.2807674408, 4.06959819794, 9.33248138428, 13.645149231, 7.99821662903, 9.65332794189, 6.49868440628, 8.13752269745, 7.04390335083, 7.49621629715, 10.7098655701, 14.6871395111, 13.6361188889, 14.5004453659, 15.4440946579, 12.7369785309, 10.4644670486, 8.56353282928, 9.46675682068, 14.4427995682, 11.1878805161, 4.48835420609, 2.88384652138, 2.17741751671, 1.59340465069, 1.06927609444, 0.519752025604, 0.184434562922, 0.0491291359067, 0.00223505590111, 9.92852292256e-05],
        "min": [3.72883720415e-22, 3.54927852769e-21, 4.41071160696e-21, 1.76634904002e-20, 4.66789910385e-20, 7.74206544408e-20, 1.3760802187e-19, 2.6593626634e-19, 3.32662729156e-19, 4.70903169378e-19, 3.87535564547e-19, 4.47561786853e-19, 8.51205918348e-19, 8.44091286201e-19, 2.14058688136e-18, 1.62250805068e-18, 2.31555005657e-18, 3.43639695058e-18, 4.02594304881e-18, 3.47465364032e-18, 3.75888902881e-18, 6.06961889716e-18, 6.12318049619e-18, 6.15750311493e-18, 1.18539034964e-17, 1.23351977086e-17, 1.88426482671e-17, 1.36002546502e-17, 1.6081673238e-17, 1.65085844608e-17, 1.502470516e-17, 1.36191962591e-17, 1.16902491209e-17, 9.57198598313e-18, 8.3309123162e-18, 4.69460690467e-18, 2.47373800897e-18, 1.30036990235e-18, 3.0144614776e-19, 3.0269220488e-20],
        "var": [0.255849927664, 12.3546857834, 53.9386329651, 59.4929122925, 198.218154907, 221.015335083, 243.369003296, 143.370239258, 190.823822021, 229.919189453, 459.495605469, 20147.1308594, 128439.375, 87328.7890625, 221270.4375, 7263.23193359, 5898.97949219, 3045.91845703, 2162.47509766, 2911.88232422, 1464.01904297, 2998.46459961, 1207.18164062, 2473.59619141, 469.399505615, 378.415588379, 204.874053955, 229.020339966, 528.491271973, 265.375305176, 111.827911377, 87.53125, 62.7855567932, 36.3771324158, 15.8142776489, 3.1868994236, 0.494531720877, 0.0621346794069, 0.000819032255094, 1.53392605284e-07]
    },
    "gfcc": {
        "mean": [-9.10373973846, 21.3279495239, -116.700790405, 14.2631216049, -50.6953353882, 18.3630619049, -24.1884822845, 20.4912662506, -20.1430072784, 3.14395785332, -21.9237709045, 8.51068305969, -9.8207025528],
        "cov": [[26906.5859375, 63.9851722717, 2563.30249023, 2621.23022461, -1384.81835938, -428.110076904, -1337.4432373, -764.741210938, -1012.5491333, 252.685958862, 162.807220459, 557.430908203, -306.110229492], [63.9851722717, 1824.40209961, 20.6523418427, 98.8312454224, 396.370422363, 134.035736084, 215.476303101, 92.2549591064, 129.42036438, -186.836517334, -109.626251221, -91.2755126953, 42.7945823669], [2563.30249023, 20.6523418427, 2373.29858398, 1207.99865723, -17.8108520508, 88.9039230347, -329.824737549, -228.422592163, -240.726348877, 135.48034668, 92.0438766479, 89.2068939209, -163.087432861], [2621.23022461, 98.8312454224, 1207.99865723, 1207.24108887, 7.1075258255, 63.0249290466, -194.52545166, -175.362945557, -131.209686279, 154.82421875, 82.2523345947, 110.890380859, -98.8940658569], [-1384.81835938, 396.370422363, -17.8108520508, 7.1075258255, 533.725402832, 210.954101562, 214.728179932, 82.0317764282, 115.589675903, 11.6068096161, 32.5934448242, -85.1673965454, -26.6922664642], [-428.110076904, 134.035736084, 88.9039230347, 63.0249290466, 210.954101562, 273.00302124, 151.924972534, 126.666946411, 26.7252540588, 28.0957069397, 32.5352516174, -22.4206409454, -0.634495556355], [-1337.4432373, 215.476303101, -329.824737549, -194.52545166, 214.728179932, 151.924972534, 351.819519043, 185.671279907, 118.489425659, -80.8032073975, -6.32052707672, -20.3947086334, 69.2931213379], [-764.741210938, 92.2549591064, -228.422592163, -175.362945557, 82.0317764282, 126.666946411, 185.671279907, 290.995941162, 150.168289185, -9.20258617401, -55.093120575, -42.3776473999, 53.7582015991], [-1012.5491333, 129.42036438, -240.726348877, -131.209686279, 115.589675903, 26.7252540588, 118.489425659, 150.168289185, 241.697113037, 66.5961532593, -24.4683685303, -70.3489532471, 25.1042518616], [252.685958862, -186.836517334, 135.48034668, 154.82421875, 11.6068096161, 28.0957069397, -80.8032073975, -9.20258617401, 66.5961532593, 277.563049316, 137.37097168, 17.6956329346, -59.4650993347], [162.807220459, -109.626251221, 92.0438766479, 82.2523345947, 32.5934448242, 32.5352516174, -6.32052707672, -55.093120575, -24.4683685303, 137.37097168, 217.564544678, 102.017578125, -18.0255527496], [557.430908203, -91.2755126953, 89.2068939209, 110.890380859, -85.1673965454, -22.4206409454, -20.3947086334, -42.3776473999, -70.3489532471, 17.6956329346, 102.017578125, 223.614456177, 46.2981376648], [-306.110229492, 42.7945823669, -163.087432861, -98.8940658569, -26.6922664642, -0.634495556355, 69.2931213379, 53.7582015991, 25.1042518616, -59.4650993347, -18.0255527496, 46.2981376648, 157.964263916]],
        "icov": [[6.72835740261e-05, -5.85882953601e-05, 3.31696610374e-05, -0.000136341957841, 0.000138210190926, 1.85432782018e-05, 0.000121726021462, -0.000115196984552, 0.00021119901794, -4.04097954743e-05, -2.57644096564e-05, -2.44860639214e-05, 5.98413025727e-05], [-5.85882953601e-05, 0.000840087712277, -1.29865920826e-05, -0.000109744665679, -0.000609821639955, -0.000110562163172, 3.47365457856e-05, 0.000180453280336, -0.000817599473521, 0.000923472573049, -4.99049783684e-05, 6.6304775828e-05, -0.000150932784891], [3.31696610374e-05, -1.29865920826e-05, 0.00100578914862, -0.000954382354394, -1.39882267831e-05, -0.000368074368453, 0.000805741234217, -0.000299718347378, 0.000328887108481, 0.000412260007579, -0.000354559131665, 0.000133823938086, 0.000276663311524], [-0.000136341957841, -0.000109744665679, -0.000954382354394, 0.00234840530902, -0.00023827845871, -0.000506856071297, -0.000553687510546, 0.00116520153824, -0.000278279243503, -0.00132977671456, 0.00124114274513, -0.00101634778548, 3.76045536541e-05], [0.000138210190926, -0.000609821639955, -1.39882267831e-05, -0.00023827845871, 0.00467549124733, -0.00280148349702, -0.00136028730776, 0.00179785513319, -0.00167090340983, 0.000402527191909, -0.000956721080001, 0.000902896746993, 0.00107635254972], [1.85432782018e-05, -0.000110562163172, -0.000368074368453, -0.000506856071297, -0.00280148349702, 0.00976025313139, -0.00259119947441, -0.00486117741093, 0.00510253151879, -0.00259196618572, -0.000442910735728, 0.00116728048306, -0.000453923305031], [0.000121726021462, 3.47365457856e-05, 0.000805741234217, -0.000553687510546, -0.00136028730776, -0.00259119947441, 0.00919804163277, -0.0028602250386, -0.00250980933197, 0.00485473172739, -0.00330733484589, -0.000349857931724, -0.000638458295725], [-0.000115196984552, 0.000180453280336, -0.000299718347378, 0.00116520153824, 0.00179785513319, -0.00486117741093, -0.0028602250386, 0.010204879567, -0.00528670754284, -0.000688916654326, 0.00317540811375, -0.00118156906683, -0.000496545922942], [0.00021119901794, -0.000817599473521, 0.000328887108481, -0.000278279243503, -0.00167090340983, 0.00510253151879, -0.00250980933197, -0.00528670754284, 0.0131577607244, -0.00684455782175, 0.0023543483112, 0.00170089525636, -0.00146316620521], [-4.04097954743e-05, 0.000923472573049, 0.000412260007579, -0.00132977671456, 0.000402527191909, -0.00259196618572, 0.00485473172739, -0.000688916654326, -0.00684455782175, 0.012278505601, -0.00782785099, 0.00123494945001, 0.00188185565639], [-2.57644096564e-05, -4.99049783684e-05, -0.000354559131665, 0.00124114274513, -0.000956721080001, -0.000442910735728, -0.00330733484589, 0.00317540811375, 0.0023543483112, -0.00782785099, 0.0127810621634, -0.00505094043911, 0.000199199581402], [-2.44860639214e-05, 6.6304775828e-05, 0.000133823938086, -0.00101634778548, 0.000902896746993, 0.00116728048306, -0.000349857931724, -0.00118156906683, 0.00170089525636, 0.00123494945001, -0.00505094043911, 0.00852284394205, -0.00273047201335], [5.98413025727e-05, -0.000150932784891, 0.000276663311524, 3.76045536541e-05, 0.00107635254972, -0.000453923305031, -0.000638458295725, -0.000496545922942, -0.00146316620521, 0.00188185565639, 0.000199199581402, -0.00273047201335, 0.00918964575976]]
    },
    "melbands": {
        "dmean": [0.000877940910868, 0.000954600516707, 0.000453113345429, 0.000372685550246, 0.000136539791129, 9.12715040613e-05, 5.53834324819e-05, 5.61764063605e-05, 5.75268204557e-05, 0.000218945380766, 0.000335197895765, 0.000206550306757, 0.000175397464773, 7.52041378291e-05, 3.32532508764e-05, 4.7935594921e-05, 2.44605253101e-05, 1.89386191778e-05, 2.14640294871e-05, 3.69714653061e-05, 1.5108153093e-05, 2.22726866923e-05, 1.27200919451e-05, 1.12362658911e-05, 1.61397201737e-05, 1.01909945442e-05, 6.33603258393e-06, 7.36545734981e-06, 4.40232724941e-06, 4.45593332188e-06, 4.21823551733e-06, 5.66774588151e-06, 5.02513239553e-06, 3.88979060517e-06, 2.65841003966e-06, 2.4097791993e-06, 2.27279747378e-06, 2.29734246204e-06, 2.33352875512e-06, 1.94610925064e-06],
        "dmean2": [0.00101021153387, 0.00130769354291, 0.000710065069143, 0.000627322180662, 0.000223418537644, 0.000144966805237, 8.53339079185e-05, 8.7510132289e-05, 8.55532634887e-05, 0.000325709203025, 0.000470368540846, 0.000296845799312, 0.000253684091149, 0.000109470958705, 5.09083438374e-05, 7.78776375228e-05, 3.93004302168e-05, 3.07420305035e-05, 3.6464738514e-05, 5.73830948269e-05, 2.52318604907e-05, 3.81432982977e-05, 2.13020284718e-05, 1.90439259313e-05, 2.74681970041e-05, 1.76059274963e-05, 1.05458957478e-05, 1.23426871141e-05, 7.3159853855e-06, 7.37161099096e-06, 6.98086660122e-06, 9.44792827795e-06, 8.24131620902e-06, 6.51656864648e-06, 4.39251243733e-06, 3.90349714507e-06, 3.7166621496e-06, 3.77671494789e-06, 3.96651466872e-06, 3.263475719e-06],
        "dvar": [4.55736426375e-06, 8.92124626262e-06, 1.93722576114e-06, 1.29183433728e-06, 1.29772644186e-07, 4.0237676302e-08, 2.15977848939e-08, 1.37116549226e-08, 1.86698478899e-08, 3.20932258546e-07, 9.40961058404e-07, 4.33248686704e-07, 4.0116228206e-07, 7.77366437887e-08, 4.44787175979e-08, 2.13126600812e-08, 5.55747181608e-09, 4.01383282167e-09, 6.48275388926e-09, 8.50516190809e-09, 6.19376716582e-10, 3.51253981457e-09, 4.76378381187e-10, 4.28702018329e-10, 2.52146725721e-09, 4.00409982948e-10, 1.16562010044e-10, 1.96604246772e-10, 3.98820351744e-11, 4.94892425651e-11, 4.78673316262e-11, 7.61016666351e-11, 5.3523765281e-11, 4.34729474641e-11, 1.81740612143e-11, 1.59403150402e-11, 1.71054628795e-11, 1.73099815731e-11, 2.58366696093e-11, 1.35457842859e-11],
        "dvar2": [5.73782381252e-06, 1.79325325007e-05, 4.80625476484e-06, 3.42687326338e-06, 3.2640889458e-07, 9.51720480202e-08, 4.31671836054e-08, 2.99417806104e-08, 3.45685400305e-08, 6.49092044114e-07, 1.49084917211e-06, 7.40201301141e-07, 6.21757862973e-07, 1.17664612276e-07, 8.62619344844e-08, 5.14585281053e-08, 1.25146737417e-08, 9.61713730874e-09, 1.71651635128e-08, 1.84831048244e-08, 1.61710478341e-09, 1.00070032261e-08, 1.26962751423e-09, 1.17936294064e-09, 7.0430621335e-09, 1.11953613047e-09, 3.10623221589e-10, 5.42646427792e-10, 1.06687325641e-10, 1.29455668407e-10, 1.2652130732e-10, 2.09322462141e-10, 1.41140529819e-10, 1.18433263196e-10, 4.75023805013e-11, 4.04991179481e-11, 4.46613163119e-11, 4.64766350405e-11, 7.11722972224e-11, 3.67464912665e-11],
        "max": [0.0406855978072, 0.043910164386, 0.019210467115, 0.0181547943503, 0.00746232224628, 0.00449510337785, 0.00488478830084, 0.00303230178542, 0.0041295979172, 0.0115933315828, 0.015512092039, 0.013271250762, 0.0168242622167, 0.007104517892, 0.00884940288961, 0.00287841912359, 0.00298471003771, 0.00245814141817, 0.0045569576323, 0.00216580042616, 0.000496308493894, 0.00204186071642, 0.000933916307986, 0.000775183609221, 0.00123683479615, 0.000299379520584, 0.000190619874047, 0.000329488306306, 8.9152585133e-05, 0.000119133117551, 0.000126440587337, 0.000126203318359, 0.00011026487482, 8.87604255695e-05, 4.99929556099e-05, 6.8650340836e-05, 4.74643748021e-05, 5.04230156366e-05, 6.01638748776e-05, 4.79953632748e-05],
        "mean": [0.00177531922236, 0.00136652891524, 0.000482142611872, 0.000405962695368, 0.000199148358661, 0.000131644075736, 7.8007709817e-05, 8.23733644211e-05, 8.86206253199e-05, 0.000359264988219, 0.000657688244246, 0.000402060308261, 0.000342746847309, 0.0001300463191, 4.82630421175e-05, 6.85799313942e-05, 3.80767705792e-05, 2.9312530387e-05, 2.8010481401e-05, 5.26894073118e-05, 2.21143345698e-05, 2.95250811178e-05, 2.01786333491e-05, 1.64958273672e-05, 2.19262310566e-05, 1.52144684762e-05, 1.06490151666e-05, 1.14959930215e-05, 8.0832041931e-06, 8.01220448921e-06, 7.83371706348e-06, 1.1562256077e-05, 1.11535855467e-05, 7.31207774152e-06, 5.01716931467e-06, 4.57908163298e-06, 4.28974044553e-06, 4.12875033362e-06, 3.99003147322e-06, 3.56521218237e-06],
        "median": [0.000256219063886, 0.000165176548762, 7.94435181888e-05, 5.35255639988e-05, 5.91922034801e-05, 3.90926252294e-05, 2.02626797545e-05, 2.31083431572e-05, 3.01753243548e-05, 5.00388450746e-05, 5.72031967749e-05, 2.40953759203e-05, 2.66037823167e-05, 1.61975240189e-05, 1.34686133606e-05, 1.40012798511e-05, 1.02032881841e-05, 9.83863355941e-06, 8.25963525131e-06, 1.47245527842e-05, 1.40044530781e-05, 1.31743890961e-05, 1.30949965751e-05, 1.03545671664e-05, 1.16544133562e-05, 9.18577279663e-06, 6.65702418701e-06, 6.65012839818e-06, 5.16890531799e-06, 4.77328239867e-06, 4.99139105159e-06, 7.83832638263e-06, 7.14574889571e-06, 5.15302326676e-06, 2.43078193307e-06, 1.81662198884e-06, 1.70691259882e-06, 1.49165839503e-06, 1.48801734667e-06, 1.29160912365e-06],
        "min": [5.07918349018e-24, 3.04237165139e-24, 3.96348252357e-24, 7.46312982323e-24, 8.17436208221e-24, 6.73902650972e-24, 5.29029489576e-24, 4.64093930847e-24, 3.28807362159e-24, 2.66349773304e-24, 3.64242954578e-24, 2.93264031061e-24, 5.69052663147e-24, 5.39386010528e-24, 3.53689494502e-24, 4.92712581754e-24, 6.03252228857e-24, 6.31679738767e-24, 7.68904854243e-24, 3.0022391417e-24, 4.4842703494e-24, 5.81206248683e-24, 5.77055104828e-24, 3.83649051176e-24, 4.75854111449e-24, 7.96366206759e-24, 6.77939962199e-24, 8.59458591984e-24, 1.1060744181e-23, 8.23879071892e-24, 6.76350959677e-24, 9.34375607748e-24, 8.24492411246e-24, 9.18086024485e-24, 8.67642156129e-24, 7.43299770323e-24, 8.33670413448e-24, 7.09642073169e-24, 7.61852989953e-24, 7.74009494275e-24],
        "var": [1.85419103218e-05, 1.52146767505e-05, 1.82954738648e-06, 1.41145517318e-06, 2.36498280515e-07, 7.48253654592e-08, 4.27507451661e-08, 2.81734990892e-08, 5.06759896268e-08, 8.96595850008e-07, 3.50052391695e-06, 1.53387099999e-06, 1.79020310043e-06, 3.00011862464e-07, 8.42072722662e-08, 4.58025191108e-08, 1.45359928538e-08, 8.94266882767e-09, 1.0506164827e-08, 1.68166209846e-08, 7.99687260855e-10, 5.00262720138e-09, 8.42210468033e-10, 5.27018373386e-10, 2.3228508006e-09, 4.45340347932e-10, 1.94291804867e-10, 2.40245767724e-10, 8.3973453191e-11, 9.67366534099e-11, 9.10211003791e-11, 1.70426922574e-10, 1.68366057207e-10, 7.11792083607e-11, 3.9509628208e-11, 3.74213160459e-11, 3.33649462225e-11, 3.16661107058e-11, 3.35995953282e-11, 2.42745268331e-11]
    },
    "mfcc": {
        "mean": [-651.968200684, 68.9485702515, -6.22414541245, 8.60571575165, -1.56721866131, 2.76908135414, 3.94857907295, 14.0593729019, 9.80942726135, 1.91525876522, 1.3477076292, -2.33934187889, -0.437605649233],
        "cov": [[11695.4443359, -153.179260254, 1444.4005127, 1079.67407227, -21.9163475037, 114.172721863, -135.052703857, -334.434631348, -604.071899414, -419.143829346, -25.5225143433, -204.509902954, 154.372192383], [-153.179260254, 1641.46118164, -85.1367797852, -19.1797218323, 117.663978577, 64.0629806519, 136.592498779, 302.453948975, 241.758453369, 122.260879517, -36.0990829468, -51.1189804077, -53.2346572876], [1444.4005127, -85.1367797852, 1514.81384277, 798.760437012, 377.652648926, 235.353927612, 59.4727478027, -180.046844482, -263.197937012, -77.5537948608, 72.0584487915, -6.84542226791, 51.0331382751], [1079.67407227, -19.1797218323, 798.760437012, 747.654541016, 273.214324951, 233.996200562, 21.1960754395, -67.8671646118, -119.410118103, -75.9268112183, 95.0937576294, -3.08077144623, 94.1731338501], [-21.9163475037, 117.663978577, 377.652648926, 273.214324951, 351.18170166, 204.488357544, 116.809959412, -15.3033266068, -7.96149921417, 36.4580039978, 77.440826416, 92.7096481323, 9.83047199249], [114.172721863, 64.0629806519, 235.353927612, 233.996200562, 204.488357544, 243.396911621, 128.443893433, 4.54177856445, -36.1553878784, -1.79351639748, 79.3929367065, 56.5207023621, 37.2335472107], [-135.052703857, 136.592498779, 59.4727478027, 21.1960754395, 116.809959412, 128.443893433, 244.205078125, 123.256538391, 38.6029701233, 36.8860244751, 27.8116664886, 49.4643516541, -0.301230311394], [-334.434631348, 302.453948975, -180.046844482, -67.8671646118, -15.3033266068, 4.54177856445, 123.256538391, 303.020263672, 198.484558105, 36.1484031677, -42.4544792175, -20.8004837036, -3.11235380173], [-604.071899414, 241.758453369, -263.197937012, -119.410118103, -7.96149921417, -36.1553878784, 38.6029701233, 198.484558105, 324.000946045, 172.954879761, -28.3210811615, -14.1038169861, -32.0887184143], [-419.143829346, 122.260879517, -77.5537948608, -75.9268112183, 36.4580039978, -1.79351639748, 36.8860244751, 36.1484031677, 172.954879761, 265.537261963, 68.0225906372, 19.6576347351, -47.783241272], [-25.5225143433, -36.0990829468, 72.0584487915, 95.0937576294, 77.440826416, 79.3929367065, 27.8116664886, -42.4544792175, -28.3210811615, 68.0225906372, 202.346282959, 98.7843017578, 30.360578537], [-204.509902954, -51.1189804077, -6.84542226791, -3.08077144623, 92.7096481323, 56.5207023621, 49.4643516541, -20.8004837036, -14.1038169861, 19.6576347351, 98.7843017578, 223.963851929, 58.3375701904], [154.372192383, -53.2346572876, 51.0331382751, 94.1731338501, 9.83047199249, 37.2335472107, -0.301230311394, -3.11235380173, -32.0887184143, -47.783241272, 30.360578537, 58.3375701904, 174.289001465]],
