{
"lowlevel": {
    "average_loudness": 0.964846551418,
    "barkbands_crest": {
        "dmean": 2.76113891602,
        "dmean2": 3.86374735832,
        "dvar": 10.2910604477,
        "dvar2": 13.9636220932,
        "max": 26.7590713501,
        "mean": 9.32542610168,
        "median": 6.60351324081,
        "min": 1.84621810913,
        "var": 39.9101676941
    },
    "barkbands_flatness_db": {
        "dmean": 0.0220610741526,
        "dmean2": 0.0272871535271,
        "dvar": 0.000918913516216,
        "dvar2": 0.00108924263623,
        "max": 0.849805474281,
        "mean": 0.0816243067384,
        "median": 0.0657111853361,
        "min": 0.00917087867856,
        "var": 0.00427105417475
    },
    "barkbands_kurtosis": {
        "dmean": 9.56415748596,
        "dmean2": 16.4988193512,
        "dvar": 11731.1738281,
        "dvar2": 33764.4765625,
        "max": 2899.86645508,
        "mean": 6.92365598679,
        "median": -0.968788862228,
        "min": -1.93195807934,
        "var": 9686.73242188
    },
    "barkbands_skewness": {
        "dmean": 0.736908197403,
        "dmean2": 1.03775048256,
        "dvar": 3.39254426956,
        "dvar2": 9.18683052063,
        "max": 43.7645950317,
        "mean": 0.419554501772,
        "median": 0.05091727525,
        "min": -4.04789161682,
        "var": 4.81240129471
    },
    "barkbands_spread": {
        "dmean": 13.731965065,
        "dmean2": 21.6082134247,
        "dvar": 202.338256836,
        "dvar2": 462.708099365,
        "max": 123.394165039,
        "mean": 65.3226852417,
        "median": 67.4755477905,
        "min": 0.0136777861044,
        "var": 638.887939453
    },
    "dissonance": {
        "dmean": 0.0078440643847,
        "dmean2": 0.0134239019826,
        "dvar": 8.52768862387e-05,
        "dvar2": 0.000219813038711,
        "max": 0.499999970198,
        "mean": 0.48768094182,
        "median": 0.490465044975,
        "min": 0.207199364901,
        "var": 0.000121527351439
    },
    "dynamic_complexity": 1.66741788387,
    "erbbands_crest": {
        "dmean": 1.53836083412,
        "dmean2": 2.56559038162,
        "dvar": 3.09992194176,
        "dvar2": 7.32642221451,
        "max": 27.9009513855,
        "mean": 5.19750738144,
        "median": 4.53818511963,
        "min": 2.13234877586,
        "var": 6.88541126251
    },
    "erbbands_flatness_db": {
        "dmean": 0.0124998595566,
        "dmean2": 0.0182756837457,
        "dvar": 0.000218061148189,
        "dvar2": 0.000374827883206,
        "max": 0.477458298206,
        "mean": 0.0952926650643,
        "median": 0.0869615972042,
        "min": 0.0397972241044,
        "var": 0.00125948654022
    },
    "erbbands_kurtosis": {
        "dmean": 1.25335049629,
        "dmean2": 1.96080803871,
        "dvar": 65.7560272217,
        "dvar2": 136.256774902,
        "max": 299.13458252,
        "mean": 0.844275772572,
        "median": 0.00409150123596,
        "min": -1.72476005554,
        "var": 75.4324035645
    },
    "erbbands_skewness": {
        "dmean": 0.337927877903,
        "dmean2": 0.508459210396,
        "dvar": 0.351655483246,
        "dvar2": 0.702022790909,
        "max": 14.1542253494,
        "mean": -0.549452424049,
        "median": -0.567943155766,
        "min": -3.25668215752,
        "var": 0.667689859867
    },
    "erbbands_spread": {
        "dmean": 8.59558868408,
        "dmean2": 12.870967865,
        "dvar": 73.0236358643,
        "dvar2": 172.531188965,
        "max": 176.289611816,
        "mean": 47.8049888611,
        "median": 46.7704048157,
        "min": 0.589458882809,
        "var": 198.910629272
    },
    "hfc": {
        "dmean": 58.2208099365,
        "dmean2": 83.5502700806,
        "dvar": 4754.32910156,
        "dvar2": 8398.29394531,
        "max": 750.127441406,
        "mean": 166.664993286,
        "median": 132.590209961,
        "min": 1.07999274961e-16,
        "var": 16071.8574219
    },
    "melbands_crest": {
        "dmean": 4.50417900085,
        "dmean2": 6.68607330322,
        "dvar": 17.2661361694,
        "dvar2": 33.7501983643,
        "max": 38.7621650696,
        "mean": 16.9532775879,
        "median": 15.8373041153,
        "min": 1.58442950249,
        "var": 70.953338623
    },
    "melbands_flatness_db": {
        "dmean": 0.0334815047681,
        "dmean2": 0.0447602793574,
        "dvar": 0.00184003938921,
        "dvar2": 0.00218880642205,
        "max": 1,
        "mean": 0.121074318886,
        "median": 0.0932441726327,
        "min": 0.00414241896942,
        "var": 0.00801378209144
    },
    "melbands_kurtosis": {
        "dmean": 10.8306446075,
        "dmean2": 15.9092988968,
        "dvar": 1699.53967285,
        "dvar2": 4384.85986328,
        "max": 1042.66210938,
        "mean": 15.2376880646,
        "median": 2.83123350143,
        "min": -1.82036328316,
        "var": 1865.9855957
    },
    "melbands_skewness": {
        "dmean": 1.00204443932,
        "dmean2": 1.39982259274,
        "dvar": 2.13141846657,
        "dvar2": 4.11639451981,
        "max": 27.7216281891,
        "mean": 2.77605938911,
        "median": 1.87216174603,
        "min": -1.3384219408,
        "var": 5.88554859161
    },
    "melbands_spread": {
        "dmean": 23.4081478119,
        "dmean2": 34.5535087585,
        "dvar": 809.463500977,
        "dvar2": 1511.07299805,
        "max": 242.567459106,
        "mean": 73.663520813,
        "median": 71.3675537109,
        "min": 0.126651331782,
        "var": 2255.38012695
    },
    "pitch_salience": {
        "dmean": 0.0855748727918,
        "dmean2": 0.124627493322,
        "dvar": 0.00882127694786,
        "dvar2": 0.0128462044522,
        "max": 0.983662068844,
        "mean": 0.526545286179,
        "median": 0.589896738529,
        "min": 0.00564779341221,
        "var": 0.0331381782889
    },
    "silence_rate_20dB": {
        "dmean": 0,
        "dmean2": 0,
        "dvar": 0,
        "dvar2": 0,
        "max": 1,
        "mean": 1,
        "median": 1,
        "min": 1,
        "var": 0
    },
    "silence_rate_30dB": {
        "dmean": 0.0465185195208,
        "dmean2": 0.0930508226156,
        "dvar": 0.0443564876914,
        "dvar2": 0.100696206093,
        "max": 1,
        "mean": 0.950673997402,
        "median": 1,
        "min": 0,
        "var": 0.0468918941915
    },
    "silence_rate_60dB": {
        "dmean": 0.000888888898771,
        "dmean2": 0.00177804124542,
        "dvar": 0.000888134236448,
        "dvar2": 0.00177483365405,
        "max": 1,
        "mean": 0.0333283953369,
        "median": 0,
        "min": 0,
        "var": 0.0322174727917
    },
    "spectral_centroid": {
        "dmean": 345.856048584,
        "dmean2": 482.158569336,
        "dvar": 135021.8125,
        "dvar2": 254030.875,
        "max": 11383.4599609,
        "mean": 3065.69873047,
        "median": 3060.06054688,
        "min": 54.3176689148,
        "var": 575662.9375
    },
    "spectral_complexity": {
        "dmean": 5.44000005722,
        "dmean2": 8.60868263245,
        "dvar": 22.9643096924,
        "dvar2": 52.6168365479,
        "max": 62,
        "mean": 33.8130645752,
        "median": 36,
        "min": 0,
        "var": 140.354003906
    },
    "spectral_decrease": {
        "dmean": 3.28597260513e-09,
        "dmean2": 4.59145210741e-09,
        "dvar": 1.65111156335e-17,
        "dvar2": 2.8501861273e-17,
        "max": 1.50674250854e-10,
        "mean": -9.55932133451e-09,
        "median": -6.69013999754e-09,
        "min": -5.30379828945e-08,
        "var": 5.88582548619e-17
    },
    "spectral_energy": {
        "dmean": 0.013289552182,
        "dmean2": 0.0194980241358,
        "dvar": 0.000195829779841,
        "dvar2": 0.000408369203797,
        "max": 0.201968327165,
        "mean": 0.0511960051954,
        "median": 0.0459210239351,
        "min": 1.03163251811e-20,
        "var": 0.000804520153906
    },
    "spectral_energyband_high": {
        "dmean": 0.00547317788005,
        "dmean2": 0.00780888320878,
        "dvar": 4.35948422819e-05,
        "dvar2": 7.97278989921e-05,
        "max": 0.0859232544899,
        "mean": 0.0153874661773,
        "median": 0.012280520983,
        "min": 7.03325421563e-21,
        "var": 0.000156203721417
    },
    "spectral_energyband_low": {
        "dmean": 0.0115714985877,
        "dmean2": 0.0153977032751,
        "dvar": 0.000264575472102,
        "dvar2": 0.000413825619034,
        "max": 0.19572006166,
        "mean": 0.0241459552199,
        "median": 0.010031811893,
        "min": 9.85459873387e-23,
        "var": 0.000921053404454
    },
    "spectral_energyband_middle_high": {
        "dmean": 0.00253605027683,
        "dmean2": 0.00418831221759,
        "dvar": 9.84309190244e-06,
        "dvar2": 2.62695157289e-05,
        "max": 0.0390857569873,
        "mean": 0.00717021990567,
        "median": 0.00625786511227,
        "min": 1.33477617862e-21,
        "var": 2.01433158509e-05
    },
    "spectral_energyband_middle_low": {
        "dmean": 0.00196465011686,
        "dmean2": 0.00302441604435,
        "dvar": 8.14343457023e-06,
        "dvar2": 2.07711636904e-05,
        "max": 0.0652486756444,
        "mean": 0.00474168732762,
        "median": 0.00355655141175,
        "min": 2.98612428324e-22,
        "var": 2.17619508476e-05
    },
    "spectral_entropy": {
        "dmean": 0.131799519062,
        "dmean2": 0.194127634168,
        "dvar": 0.0449823327363,
        "dvar2": 0.0754745081067,
        "max": 9.80696487427,
        "mean": 8.39808654785,
        "median": 8.46830368042,
        "min": 3.21337485313,
        "var": 0.151976272464
    },
    "spectral_flux": {
        "dmean": 0.0288777444512,
        "dmean2": 0.0461512319744,
        "dvar": 0.000833136960864,
        "dvar2": 0.00230596750043,
        "max": 0.321315288544,
        "mean": 0.134565204382,
        "median": 0.135537028313,
        "min": 6.69734268044e-11,
        "var": 0.00210546166636
    },
    "spectral_kurtosis": {
        "dmean": 0.654212236404,
        "dmean2": 0.987290263176,
        "dvar": 10.1415729523,
        "dvar2": 20.1683444977,
        "max": 109.889884949,
        "mean": 1.61071968079,
        "median": 1.29069757462,
        "min": -1.2587467432,
        "var": 12.3137588501
    },
    "spectral_rms": {
        "dmean": 0.000886261928827,
        "dmean2": 0.00130806362722,
        "dvar": 6.97242853676e-07,
        "dvar2": 1.50280288835e-06,
        "max": 0.014037175104,
        "mean": 0.00673484895378,
        "median": 0.00669335480779,
        "min": 3.17249221685e-12,
        "var": 4.58901831735e-06
    },
    "spectral_rolloff": {
        "dmean": 2028.87353516,
        "dmean2": 2932.69311523,
        "dvar": 5897274,
        "dvar2": 9265690,
        "max": 18949.21875,
        "mean": 8086.234375,
        "median": 8828.61328125,
        "min": 21.533203125,
        "var": 22212284
    },
    "spectral_skewness": {
        "dmean": 0.127035662532,
        "dmean2": 0.188216611743,
        "dvar": 0.0737509950995,
        "dvar2": 0.137843757868,
        "max": 9.14598751068,
        "mean": 1.08517515659,
        "median": 1.07759809494,
        "min": -0.0372062027454,
        "var": 0.127834826708
    },
    "spectral_spread": {
        "dmean": 763353.625,
        "dmean2": 1050524.875,
        "dvar": 731184234496,
        "dvar2": 1.4093427671e+12,
        "max": 42096640,
        "mean": 8064301.5,
        "median": 8278913.5,
        "min": 831155.5625,
        "var": 3.51663056486e+12
    },
    "spectral_strongpeak": {
        "dmean": 0.611663043499,
        "dmean2": 1.07701528072,
        "dvar": 3.2694196701,
        "dvar2": 9.15669536591,
        "max": 38.0395317078,
        "mean": 0.703860521317,
        "median": 0.293482780457,
        "min": 0,
        "var": 3.0113530159
    },
    "zerocrossingrate": {
        "dmean": 0.0407649725676,
        "dmean2": 0.040409706533,
        "dvar": 0.00151525100227,
        "dvar2": 0.00140632549301,
        "max": 0.7021484375,
        "mean": 0.221240878105,
        "median": 0.2236328125,
        "min": 0.00244140625,
        "var": 0.0121307922527
    },
    "barkbands": {
        "dmean": [0.000931816874072, 0.0107542509213, 0.00241157249548, 0.000414356996771, 0.000710822234396, 0.000519202149007, 0.000431166554336, 0.000379111617804, 0.000603401102126, 0.000412481662352, 0.000463878794108, 0.000433780398453, 0.000522916088812, 0.000399846467189, 0.000406584207667, 0.000526652147528, 0.000457154295873, 0.000413405738072, 0.000450753461337, 0.000493577448651, 0.000727854785509, 0.000871084630489, 0.000805577612482, 0.000883606728166, 0.00136594218202, 0.00180278124753, 0.000586491136346],
        "dmean2": [0.00153984688222, 0.0137228742242, 0.00407762825489, 0.000701321463566, 0.00115340901539, 0.000833380210679, 0.000729625171516, 0.000592508295085, 0.000943122431636, 0.00067268073326, 0.00078335381113, 0.000741275784094, 0.000877532409504, 0.000659582321532, 0.000670297944453, 0.000865862355568, 0.000765644712374, 0.000694154354278, 0.00075598875992, 0.000833419559058, 0.0012021868024, 0.00138816784602, 0.00128443923313, 0.00133771181572, 0.00201640627347, 0.00256212800741, 0.000918847566936],
        "dvar": [1.4300779867e-06, 0.00024799091625, 3.24631037074e-05, 4.95518008847e-07, 1.54865904278e-06, 1.09102904844e-06, 8.53914229992e-07, 6.44653368909e-07, 1.28970623336e-06, 5.20347214206e-07, 6.52347466712e-07, 6.21934475475e-07, 1.11831957383e-06, 5.1985847449e-07, 4.71295862781e-07, 6.96084384799e-07, 4.02872103678e-07, 2.51817908747e-07, 3.36957469926e-07, 6.47807269161e-07, 1.039938752e-06, 1.07672144622e-06, 1.31773174417e-06, 1.07198866317e-06, 2.81262782664e-06, 5.3160410971e-06, 1.06599645733e-06],
        "dvar2": [3.56010968972e-06, 0.000365213461919, 8.39595086291e-05, 1.35414575198e-06, 4.15584099756e-06, 2.6711575174e-06, 2.29678948926e-06, 1.4223026028e-06, 2.87052375825e-06, 1.24274185964e-06, 1.6808263581e-06, 1.58849729814e-06, 2.57994975073e-06, 1.24327630147e-06, 1.10922792373e-06, 1.74899821559e-06, 1.01836235444e-06, 6.71376312766e-07, 8.98935979876e-07, 1.68849339843e-06, 2.47420189226e-06, 2.43820591095e-06, 2.93305674859e-06, 2.33502782976e-06, 5.50197773919e-06, 9.66352672549e-06, 2.32807656175e-06],
        "max": [0.0139077426866, 0.189038664103, 0.0502633675933, 0.0122783761472, 0.0239234082401, 0.0232502464205, 0.0217841826379, 0.0290054678917, 0.0289958696812, 0.0183188132942, 0.0152870398015, 0.0150156524032, 0.0292751956731, 0.0192370377481, 0.0124885914847, 0.0142782013863, 0.0119662908837, 0.00690119666979, 0.00994283892214, 0.0185160767287, 0.015063630417, 0.0127152232453, 0.0317448116839, 0.0182929169387, 0.0260035786778, 0.0204835087061, 0.0183537323028],
        "mean": [0.0012297607027, 0.0206898804754, 0.00210857763886, 0.000539850443602, 0.00114585109986, 0.000768257479649, 0.000571096781641, 0.000577061553486, 0.000935964053497, 0.000574674573727, 0.000567155017052, 0.000547589792404, 0.000672953436151, 0.000565643538721, 0.000617197423708, 0.000834464968648, 0.000782871386036, 0.000748356687836, 0.000906703644432, 0.000994281726889, 0.00143392244354, 0.00192631874233, 0.00175684655551, 0.00206874753349, 0.00305726402439, 0.00382558838464, 0.000749160768464],
        "median": [0.000710626656655, 0.00740897282958, 0.000518031651154, 0.000273191777524, 0.00063372508157, 0.000374411349185, 0.000257585779764, 0.000228792050621, 0.000418695475673, 0.000308799411869, 0.000245181901846, 0.000295809732052, 0.000372914568288, 0.000352064264007, 0.000387434469303, 0.000551274279132, 0.000566997216083, 0.0005933935754, 0.000731479260139, 0.000800647365395, 0.00110687827691, 0.00159127172083, 0.00138547807001, 0.00168384076096, 0.00203145761043, 0.00239290948957, 0.000191300583538],
        "min": [3.76058450108e-23, 5.41249583976e-23, 8.31684692777e-24, 1.58941272906e-24, 3.06580788058e-23, 2.82297282812e-23, 4.24241916426e-23, 2.15245368046e-23, 6.31022586079e-23, 3.38869874651e-23, 4.66218372707e-23, 6.47330676018e-23, 4.06556601565e-23, 1.01034685723e-22, 7.06764340141e-23, 5.02355017925e-23, 1.01259877112e-22, 1.51482864415e-22, 2.59372846067e-22, 3.67319638326e-22, 3.31281998308e-22, 4.70808596543e-22, 5.47130043464e-22, 6.359076167e-22, 1.06007779727e-21, 1.48721560946e-21, 2.00064899866e-21],
        "var": [2.08537562685e-06, 0.000817583757453, 2.50891116593e-05, 5.70065481043e-07, 2.46528929893e-06, 1.81585551218e-06, 1.09406914817e-06, 1.42901217259e-06, 2.91605488201e-06, 8.00976749815e-07, 8.13591896076e-07, 6.81840788275e-07, 1.229720624e-06, 6.51879361158e-07, 6.64373999371e-07, 9.16953297292e-07, 6.27170834377e-07, 3.85146933013e-07, 6.09381345384e-07, 8.72852240263e-07, 2.01931629817e-06, 2.26249585467e-06, 3.49102992914e-06, 3.08971425511e-06, 9.50581852521e-06, 1.41298787639e-05, 2.03739477911e-06]
    },
    "erbbands": {
        "dmean": [0.422990769148, 2.3242161274, 3.42721605301, 1.49073088169, 1.66095888615, 2.78044176102, 2.92095303535, 5.49563789368, 6.52153491974, 7.31135845184, 6.35546779633, 15.4776945114, 13.7482242584, 9.91607666016, 22.3691120148, 15.4013595581, 23.102104187, 17.9365825653, 20.272397995, 21.7067966461, 20.8164463043, 27.1984119415, 24.4241027832, 21.7439460754, 21.75207901, 21.6634807587, 24.4806480408, 31.5133514404, 34.6860771179, 29.1379814148, 21.4852981567, 17.7139644623, 15.6097822189, 14.1109724045, 11.3399486542, 7.27993059158, 3.41535711288, 1.0843205452, 0.0886821225286, 0.00126621278469],
        "dmean2": [0.535161197186, 3.0345146656, 5.20641374588, 2.48024249077, 2.71994137764, 4.55394411087, 4.71393299103, 8.73328304291, 11.0421600342, 11.6553039551, 10.2658424377, 23.9406089783, 22.4335441589, 16.0958137512, 38.5657730103, 25.7541999817, 38.4364547729, 29.8550453186, 33.5512084961, 35.2592163086, 34.2656707764, 45.5911369324, 41.0719032288, 36.3394508362, 36.8933181763, 36.5911064148, 40.7958717346, 52.0742416382, 55.5135803223, 46.8233032227, 34.595664978, 27.7226295471, 23.5617103577, 21.0092506409, 16.7922744751, 10.9101171494, 4.85961866379, 1.56236624718, 0.139234900475, 0.00192192336544],
        "dvar": [0.430359691381, 13.6191101074, 52.0646705627, 8.37131977081, 8.75347805023, 27.7467460632, 27.2733421326, 130.492523193, 239.34362793, 245.981155396, 175.728561401, 899.720947266, 551.223815918, 246.833053589, 1841.76843262, 736.105285645, 2107.99560547, 996.655578613, 821.987609863, 917.90814209, 762.462890625, 1626.52355957, 1027.61376953, 920.594909668, 837.169799805, 1284.81921387, 1089.7199707, 2159.6652832, 1941.07336426, 1241.23657227, 874.704223633, 478.561401367, 327.074249268, 313.942047119, 206.786956787, 94.9150619507, 19.19764328, 2.13637638092, 0.0256792698056, 4.28913926953e-06],
        "dvar2": [0.634049594402, 20.9005756378, 123.26247406, 21.9780902863, 24.4066162109, 73.4535675049, 69.2565917969, 311.396972656, 646.082336426, 567.417053223, 447.060058594, 1949.67346191, 1403.24523926, 597.82800293, 4867.64990234, 1817.68652344, 4815.61474609, 2286.66186523, 2011.58325195, 2269.12402344, 1958.35949707, 4079.35961914, 2720.60620117, 2341.13134766, 2347.13183594, 3320.67944336, 2661.84570312, 5357.62109375, 4442.00146484, 2836.17138672, 2000.90698242, 1080.31530762, 699.598266602, 735.249084473, 389.80355835, 199.453063965, 34.3574752808, 4.18544626236, 0.0571343898773, 9.19191825233e-06],
        "max": [6.62507104874, 44.0552940369, 79.2727203369, 34.6594657898, 53.8563728333, 101.57598877, 134.925323486, 306.34274292, 396.558746338, 550.54284668, 242.774642944, 796.760009766, 474.957366943, 296.217041016, 762.320983887, 617.146972656, 1314.97375488, 856.743469238, 440.574493408, 429.7550354, 426.177429199, 817.979614258, 471.536987305, 827.654602051, 814.184570312, 868.14263916, 662.011657715, 768.347839355, 599.258728027, 629.420654297, 792.49206543, 556.058654785, 186.267623901, 335.498321533, 185.412734985, 86.928855896, 43.9527816772, 26.7079925537, 2.26087927818, 0.028238799423],
        "mean": [0.721702456474, 4.01723337173, 3.86675596237, 1.70965576172, 2.45492625237, 4.19974803925, 4.69184160233, 8.20227241516, 8.7607088089, 11.1696920395, 10.007276535, 24.3618278503, 20.1682071686, 14.7639942169, 26.0737743378, 22.1416435242, 32.0912742615, 27.7799606323, 33.3569526672, 38.1167831421, 39.8502311707, 47.5951881409, 43.7494163513, 42.9344711304, 46.7410736084, 44.9980316162, 49.5145950317, 61.9367179871, 71.6444778442, 62.7238426208, 48.0019874573, 41.137172699, 34.9551391602, 30.7830734253, 24.0925540924, 14.5402097702, 7.10123968124, 1.89959561825, 0.117501527071, 0.00200854730792],
        "median": [0.268622219563, 1.18944656849, 1.18598842621, 0.812717199326, 1.28049755096, 2.13033652306, 2.74743700027, 3.64054203033, 3.95646476746, 4.62551259995, 5.07031583786, 10.4552145004, 11.1596870422, 8.63639163971, 10.8836736679, 12.9335308075, 18.9600887299, 18.8793830872, 23.3764610291, 27.5290641785, 30.5623760223, 34.3962440491, 33.8280143738, 34.6113510132, 39.395526886, 36.1539268494, 40.1089439392, 46.7138786316, 56.5397949219, 49.734664917, 38.2738952637, 33.1949806213, 27.7036876678, 21.7136039734, 15.0959844589, 8.5745677948, 4.42523527145, 1.0525149107, 0.0358642786741, 0.000941209611483],
        "min": [1.08459746223e-21, 1.00511483635e-20, 1.0796913078e-20, 4.88233057191e-21, 3.96384238677e-20, 6.90163507833e-20, 1.53562009441e-19, 2.16605566902e-19, 5.06793657278e-19, 6.99453069229e-19, 4.65967330965e-19, 1.03120098833e-18, 2.11658706306e-18, 1.2941258261e-18, 1.68788230584e-18, 3.15256129711e-18, 2.39174455793e-18, 4.1422074198e-18, 4.66662834763e-18, 3.67477344591e-18, 4.18712332707e-18, 6.28829484544e-18, 7.26258870275e-18, 1.15309961735e-17, 1.60671446377e-17, 1.90073184204e-17, 1.10983831947e-17, 1.3164296553e-17, 1.30454795026e-17, 1.50876949636e-17, 1.71509993943e-17, 1.33959699903e-17, 9.78931941728e-18, 1.01633274769e-17, 8.43964768926e-18, 4.87858138548e-18, 2.83937562116e-18, 1.08474718111e-18, 2.57878053758e-19, 3.48473032869e-20],
        "var": [1.15507137775, 36.7422904968, 55.3351669312, 7.52371168137, 11.9602165222, 40.6011009216, 43.9146385193, 245.282104492, 303.809204102, 502.704193115, 292.06060791, 2148.50830078, 863.466308594, 363.952484131, 2037.14807129, 929.848693848, 2418.3125, 1297.42956543, 1233.77758789, 1393.75268555, 1243.48596191, 2371.43798828, 1462.24035645, 1405.04785156, 1450.12011719, 1852.95422363, 1999.73571777, 3916.24682617, 3729.20874023, 2981.94555664, 2396.24951172, 1473.27783203, 862.258728027, 982.162841797, 616.276123047, 226.147735596, 50.5030441284, 5.3512430191, 0.0436192192137, 8.24401922728e-06]
    },
    "gfcc": {
        "mean": [74.3527069092, -11.7544641495, -84.2044754028, 34.3480415344, -44.1045150757, 27.5114765167, -27.51953125, 20.5800228119, -17.9254302979, 16.4719047546, -17.3904914856, 13.0421133041, -12.6255893707],
        "cov": [[26355.6425781, 958.449279785, 742.836914062, 807.03918457, -209.056594849, 164.744262695, -556.154663086, 43.4931869507, -390.683105469, 69.6422805786, -425.476379395, 122.527687073, -167.793258667], [958.449279785, 1695.59301758, -402.561553955, 248.842346191, -5.9533572197, -73.3043289185, 69.2900161743, -55.2968711853, 108.907150269, -138.455062866, 32.7416000366, -40.0882034302, 4.82274961472], [742.836914062, -402.561553955, 741.721130371, 100.12613678, 223.899368286, 83.1923904419, 25.0143451691, 31.9293174744, -3.17192816734, 58.3083114624, -19.2022533417, 8.62216091156, 5.33006763458], [807.03918457, 248.842346191, 100.12613678, 282.771026611, 91.8151016235, 87.4482955933, 52.8421669006, 35.6392440796, 61.5855865479, 34.207485199, 7.13691186905, 14.0132188797, 13.9629583359], [-209.056594849, -5.9533572197, 223.899368286, 91.8151016235, 260.861541748, 97.4030685425, 94.5262145996, 26.2503585815, 55.9054069519, 22.1551094055, 24.8450183868, -6.42994403839, 9.42989349365], [164.744262695, -73.3043289185, 83.1923904419, 87.4482955933, 97.4030685425, 163.022979736, 72.5830917358, 70.1844329834, 33.303527832, 56.6869354248, 12.7881784439, 8.56443786621, -1.42248034477], [-556.154663086, 69.2900161743, 25.0143451691, 52.8421669006, 94.5262145996, 72.5830917358, 158.727981567, 52.171836853, 84.7705993652, 19.7795715332, 36.3190231323, -4.75263786316, 13.2650299072], [43.4931869507, -55.2968711853, 31.9293174744, 35.6392440796, 26.2503585815, 70.1844329834, 52.171836853, 117.355422974, 54.7761077881, 60.114616394, 13.7004203796, -1.68134212494, -7.89068698883], [-390.683105469, 108.907150269, -3.17192816734, 61.5855865479, 55.9054069519, 33.303527832, 84.7705993652, 54.7761077881, 131.704956055, 54.0326385498, 39.4739685059, -5.19107103348, 9.10787296295], [69.6422805786, -138.455062866, 58.3083114624, 34.207485199, 22.1551094055, 56.6869354248, 19.7795715332, 60.114616394, 54.0326385498, 119.886199951, 46.4796028137, 22.7394371033, 2.46336841583], [-425.476379395, 32.7416000366, -19.2022533417, 7.13691186905, 24.8450183868, 12.7881784439, 36.3190231323, 13.7004203796, 39.4739685059, 46.4796028137, 88.1633224487, 31.42628479, 16.1605529785], [122.527687073, -40.0882034302, 8.62216091156, 14.0132188797, -6.42994403839, 8.56443786621, -4.75263786316, -1.68134212494, -5.19107103348, 22.7394371033, 31.42628479, 66.532913208, 31.5017089844], [-167.793258667, 4.82274961472, 5.33006763458, 13.9629583359, 9.42989349365, -1.42248034477, 13.2650299072, -7.89068698883, 9.10787296295, 2.46336841583, 16.1605529785, 31.5017089844, 62.4808883667]],
        "icov": [[6.32053197478e-05, -9.79047690635e-05, -8.41661676532e-05, -0.000106743660581, 6.00221137574e-05, -3.75234849344e-05, 0.00011949679174, -6.4252235461e-05, 0.000212377359276, -0.000253932666965, 0.000390184752177, -0.000296591548249, 0.000192601728486], [-9.79047690635e-05, 0.00142639013939, 0.00077338446863, -0.00141772581264, -0.000185441516805, 0.000610216462519, 6.58288845443e-05, 0.000159320334205, -0.001406592899, 0.00255638454109, -0.00190503359772, 0.00107607769314, -1.97008412215e-05], [-8.41661676532e-05, 0.00077338446863, 0.00270839384757, -0.000996981398202, -0.00259792176075, 0.00134224572685, -0.000121303615742, -0.000274549296591, 0.00069360883208, -0.000664945342578, 0.000643320148811, 9.92875502561e-05, -0.000171584368218], [-0.000106743660581, -0.00141772581264, -0.000996981398202, 0.00711768399924, -0.000408426101785, -0.0032022187952, 0.000339988764608, 0.000709196843673, -0.00204918533564, -0.00145228079055, 0.00204309890978, -0.00179390411358, -0.000944711384363], [6.00221137574e-05, -0.000185441516805, -0.00259792176075, -0.000408426101785, 0.00881590880454, -0.00438755331561, -0.00157256366219, 0.00216278340667, -0.00211457163095, 0.00235024048015, -0.00265331799164, 0.00207042507827, -0.000477039604448], [-3.75234849344e-05, 0.000610216462519, 0.00134224572685, -0.0032022187952, -0.00438755331561, 0.0152695085853, -0.00548251718283, -0.00494823791087, 0.00569517444819, -0.00540166534483, 0.00283045321703, -0.00173982116394, 0.00152999721467], [0.00011949679174, 6.58288845443e-05, -0.000121303615742, 0.000339988764608, -0.00157256366219, -0.00548251718283, 0.015524674207, -0.00267076632008, -0.00791278295219, 0.00664993654937, -0.00436718901619, 0.00147552031558, -0.00199363939464], [-6.4252235461e-05, 0.000159320334205, -0.000274549296591, 0.000709196843673, 0.00216278340667, -0.00494823791087, -0.00267076632008, 0.0164305269718, -0.00418541859835, -0.00474797515199, 0.00197176472284, 0.000667533837259, 0.00183378939983], [0.000212377359276, -0.001406592899, 0.00069360883208, -0.00204918533564, -0.00211457163095, 0.00569517444819, -0.00791278295219, -0.00418541859835, 0.0210592616349, -0.0108664175496, 0.00102761038579, 0.00325084617361, -0.00186836766079], [-0.000253932666965, 0.00255638454109, -0.000664945342578, -0.00145228079055, 0.00235024048015, -0.00540166534483, 0.00664993654937, -0.00474797515199, -0.0108664175496, 0.0254519172013, -0.0126965781674, -0.000377649528673, 0.00106777448673], [0.000390184752177, -0.00190503359772, 0.000643320148811, 0.00204309890978, -0.00265331799164, 0.00283045321703, -0.00436718901619, 0.00197176472284, 0.00102761038579, -0.0126965781674, 0.0258878041059, -0.012042440474, 0.00205103866756], [-0.000296591548249, 0.00107607769314, 9.92875502561e-05, -0.00179390411358, 0.00207042507827, -0.00173982116394, 0.00147552031558, 0.000667533837259, 0.00325084617361, -0.000377649528673, -0.012042440474, 0.0294965449721, -0.0132840303704], [0.000192601728486, -1.97008412215e-05, -0.000171584368218, -0.000944711384363, -0.000477039604448, 0.00152999721467, -0.00199363939464, 0.00183378939983, -0.00186836766079, 0.00106777448673, 0.00205103866756, -0.0132840303704, 0.023908406496]]
    },
    "melbands": {
        "dmean": [0.00326078594662, 0.00205329689197, 0.000265653798124, 0.000152940614498, 0.000111128465505, 0.000115337577881, 9.37199292821e-05, 8.425975102e-05, 5.28803502675e-05, 0.000103862752439, 6.98718286003e-05, 4.15461327066e-05, 6.68417051202e-05, 4.98388617416e-05, 4.57807655039e-05, 6.11641007708e-05, 3.51735980075e-05, 3.42534694937e-05, 3.43760439137e-05, 4.55004628748e-05, 2.10388625419e-05, 3.42600469594e-05, 2.1292044039e-05, 1.8604527213e-05, 1.95166430785e-05, 1.95548600459e-05, 1.59438441187e-05, 1.74354245246e-05, 1.42436592796e-05, 2.12057257158e-05, 1.77976635314e-05, 2.26596512221e-05, 1.7684264094e-05, 1.76951871254e-05, 1.43347779158e-05, 1.12249881568e-05, 1.20874237837e-05, 1.18578227557e-05, 1.09935444925e-05, 1.34905349114e-05],
        "dmean2": [0.0040274951607, 0.00287429383025, 0.000432340282714, 0.000250044628046, 0.000177771042218, 0.000184638425708, 0.000158793103765, 0.000132963323267, 8.63660316099e-05, 0.000160868832609, 0.000114299458801, 6.67181957397e-05, 0.000115332455607, 8.61252337927e-05, 7.5369636761e-05, 0.000102207428426, 5.8448069467e-05, 5.70682896068e-05, 5.66550879739e-05, 7.49033351894e-05, 3.49741276295e-05, 5.75972153456e-05, 3.53817558789e-05, 3.17241101584e-05, 3.2583338907e-05, 3.28883288603e-05, 2.71667395282e-05, 2.94966503134e-05, 2.38835800701e-05, 3.52793213096e-05, 2.94508281513e-05, 3.70367415599e-05, 2.837286047e-05, 2.84303750959e-05, 2.33133159782e-05, 1.82966341526e-05, 1.92737606994e-05, 1.83611336979e-05, 1.64966768352e-05, 2.06810782402e-05],
        "dvar": [2.24953382713e-05, 1.3287008187e-05, 2.17091496779e-07, 8.43417211627e-08, 3.53065168213e-08, 5.70425449098e-08, 4.55410997802e-08, 3.41250228075e-08, 1.38865594579e-08, 3.99039272736e-08, 1.46876466545e-08, 4.47743397913e-09, 1.50175942792e-08, 8.34789748438e-09, 9.04800145918e-09, 1.89790618776e-08, 4.4741756966e-09, 2.935254928e-09, 4.82562168003e-09, 6.18544415687e-09, 6.72513100763e-10, 2.81614731534e-09, 6.71634914351e-10, 5.18680098871e-10, 7.84105780305e-10, 6.2285415714e-10, 7.99626531656e-10, 1.07675168781e-09, 3.29329591375e-10, 8.91888118915e-10, 7.91034349135e-10, 8.18408618652e-10, 4.41528813511e-10, 5.56741264202e-10, 4.50435438948e-10, 2.26265048364e-10, 2.46077991317e-10, 1.92254906439e-10, 1.58279667151e-10, 3.75349584747e-10],
        "dvar2": [3.26195186062e-05, 2.50191424129e-05, 5.56226041226e-07, 2.28576979566e-07, 9.04577674987e-08, 1.38739537192e-07, 1.23205282421e-07, 7.61071703437e-08, 3.59107268366e-08, 8.5986961551e-08, 3.71422324008e-08, 1.05808659612e-08, 3.97853234801e-08, 2.2823440915e-08, 2.13086011058e-08, 4.33970974711e-08, 1.01954658049e-08, 7.29530036381e-09, 1.1277092149e-08, 1.5544856069e-08, 1.79829517943e-09, 7.01457825159e-09, 1.76967807075e-09, 1.41360612105e-09, 1.98755945036e-09, 1.6979015971e-09, 2.2566868374e-09, 2.75129896643e-09, 8.33023816593e-10, 2.18763007709e-09, 1.92997107185e-09, 1.92561744328e-09, 1.02272090796e-09, 1.24644283783e-09, 1.04275266199e-09, 5.36263200512e-10, 6.07492167681e-10, 4.36692376704e-10, 3.30110772051e-10, 9.67155466824e-10],
        "max": [0.0505951605737, 0.0438018254936, 0.00544964568689, 0.00547190243378, 0.00438714958727, 0.00632253475487, 0.00514259701595, 0.00679424870759, 0.00246385880746, 0.00533568905666, 0.00253458297811, 0.00126694014762, 0.00202468968928, 0.0013537039049, 0.00244971341453, 0.00394304189831, 0.00191688828636, 0.00102984614205, 0.00133638374973, 0.00135305197909, 0.000436053640442, 0.00105419463944, 0.000370192050468, 0.00031344188028, 0.0007702880539, 0.000544506066944, 0.0010304270545, 0.000843602290843, 0.000343660736689, 0.000459281116491, 0.000562426634133, 0.000331159855705, 0.000214992513065, 0.000523458176758, 0.00055765901925, 0.000424198660767, 0.000360713282134, 0.000133725479827, 0.000149282655912, 0.0004085196706],
        "mean": [0.00607294216752, 0.00325437472202, 0.000333993259119, 0.000233392653172, 0.000185540498933, 0.000174024491571, 0.000124431957374, 0.00012743633124, 7.74899381213e-05, 0.000160403753398, 9.89400141407e-05, 5.90451236349e-05, 7.75939843152e-05, 6.11119903624e-05, 6.44230603939e-05, 7.37395675969e-05, 4.97348992212e-05, 5.25032519363e-05, 5.02528091602e-05, 6.58978024148e-05, 3.90243076254e-05, 5.33836537215e-05, 3.85272905987e-05, 3.37655219482e-05, 3.42243620253e-05, 3.69715271518e-05, 3.02104126604e-05, 3.06813853967e-05, 2.79135747405e-05, 3.62524770026e-05, 3.39679827448e-05, 4.1632742068e-05, 3.65887535736e-05, 3.45309272234e-05, 2.85199239443e-05, 2.44626298809e-05, 2.54372444033e-05, 2.40630706685e-05, 2.39037308347e-05, 2.69947104243e-05],
        "median": [0.00223844940774, 0.00111093651503, 0.000170210492797, 0.000123893085402, 0.000109096632514, 8.15845196485e-05, 5.60834159842e-05, 5.03234368807e-05, 3.77668766305e-05, 6.7258355557e-05, 5.31156401848e-05, 3.33409807354e-05, 3.30472103087e-05, 3.15565230267e-05, 3.59050754923e-05, 3.69926419808e-05, 3.14284698106e-05, 3.4816286643e-05, 2.84017114609e-05, 3.9352933527e-05, 3.04084333038e-05, 3.56307136826e-05, 3.02235439449e-05, 2.67598279606e-05, 2.62872708845e-05, 2.89833460556e-05, 2.30265104619e-05, 2.26237571042e-05, 2.34266281041e-05, 2.59479002125e-05, 2.54164697253e-05, 3.17255071423e-05, 2.96602920571e-05, 2.55330596701e-05, 2.16479947994e-05, 1.96612327272e-05, 2.01495586225e-05, 1.89061938727e-05, 1.84699711099e-05, 1.78104473889e-05],
        "min": [1.57882369135e-23, 8.47233377878e-24, 8.74680392847e-25, 7.10357412238e-24, 4.46559170088e-24, 5.63717478516e-24, 7.5773489937e-24, 7.55217486449e-24, 4.49010555351e-24, 7.87941961153e-24, 1.04318532233e-23, 4.55005740459e-24, 6.09747275677e-24, 5.15539297565e-24, 8.84134239986e-24, 4.58889302695e-24, 7.45651285796e-24, 8.91853875032e-24, 6.84322004694e-24, 2.37485530276e-24, 4.62327513508e-24, 7.76533770286e-24, 3.97750965376e-24, 7.25543694638e-24, 8.43322757712e-24, 1.08291022759e-23, 1.21527217336e-23, 1.28037063187e-23, 7.09924643145e-24, 7.38754274901e-24, 8.21711361011e-24, 6.77813113365e-24, 9.71957809019e-24, 7.14323016008e-24, 9.01386391324e-24, 1.01320024601e-23, 7.22856834395e-24, 6.12802178976e-24, 7.35937962584e-24, 8.61782339553e-24],
        "var": [7.30737301637e-05, 2.50772773143e-05, 2.24578016628e-07, 1.17720041715e-07, 6.1789350525e-08, 1.02458422191e-07, 5.62807755955e-08, 7.24549238384e-08, 2.06979517969e-08, 9.58414858587e-08, 2.21728431171e-08, 6.69076261062e-09, 1.64795324054e-08, 8.04918354191e-09, 1.13596092532e-08, 2.00472687339e-08, 5.55893331367e-09, 4.02499011898e-09, 6.40481001568e-09, 7.5214003914e-09, 1.15658371769e-09, 3.86716614287e-09, 1.0601369782e-09, 7.99857402534e-10, 1.10662867758e-09, 1.13579790018e-09, 9.74843428203e-10, 1.31004829207e-09, 5.60102075831e-10, 1.47440837317e-09, 1.36326194777e-09, 1.37838063186e-09, 8.95680363211e-10, 1.30231936346e-09, 1.03807440421e-09, 6.64602928246e-10, 5.62948132554e-10, 4.26695012656e-10, 4.29215912812e-10, 9.97235627409e-10]
    },
    "mfcc": {
        "mean": [-574.967651367, 40.0869445801, 15.7800607681, 19.0757522583, 11.6588783264, 14.1477212906, 6.99355697632, 10.1614866257, 9.21778011322, 5.60581588745, 8.02044010162, 3.88858127594, 4.34835529327],
        "cov": [[11009.9326172, 298.849731445, 405.035491943, 277.986175537, 166.578857422, 127.35471344, 20.2193260193, 31.5126819611, 42.1955184937, -47.0880851746, -31.0656299591, -65.6300354004, 21.3119602203], [298.849731445, 929.535461426, -175.380096436, 134.574417114, -47.8559913635, 6.52659320831, -48.5572128296, 73.3115386963, -9.23608207703, -41.6356201172, 44.2385559082, -45.1484031677, 44.5913619995], [405.035491943, -175.380096436, 358.506561279, 60.8809165955, 114.469650269, 45.6764831543, 55.3654518127, 0.00407877610996, 43.3280792236, 37.8755989075, -10.2884140015, 40.5333709717, -2.04181241989], [277.986175537, 134.574417114, 60.8809165955, 182.019042969, 56.430519104, 66.1993637085, 8.57241344452, 38.2823295593, 41.0722808838, 18.7650279999, 31.1647090912, 11.1258888245, 34.2658653259], [166.578857422, -47.8559913635, 114.469650269, 56.430519104, 170.613647461, 75.2202072144, 63.6396903992, 22.1234741211, 37.4831047058, 48.992149353, 5.50805139542, 32.6354598999, 10.2915887833], [127.35471344, 6.52659320831, 45.6764831543, 66.1993637085, 75.2202072144, 137.329086304, 60.5766029358, 45.7399024963, 48.6193504333, 32.9953460693, 31.7527694702, 26.5506534576, 29.271692276], [20.2193260193, -48.5572128296, 55.3654518127, 8.57241344452, 63.6396903992, 60.5766029358, 107.400367737, 43.6338424683, 31.5691108704, 41.6822319031, 10.9537410736, 34.969871521, 7.5255446434], [31.5126819611, 73.3115386963, 0.00407877610996, 38.2823295593, 22.1234741211, 45.7399024963, 43.6338424683, 88.3017883301, 48.0668525696, 24.1633548737, 27.0549488068, 15.8580579758, 15.3292131424], [42.1955184937, -9.23608207703, 43.3280792236, 41.0722808838, 37.4831047058, 48.6193504333, 31.5691108704, 48.0668525696, 96.6776580811, 60.9497261047, 33.7353630066, 31.9993133545, 19.4492321014], [-47.0880851746, -41.6356201172, 37.8755989075, 18.7650279999, 48.992149353, 32.9953460693, 41.6822319031, 24.1633548737, 60.9497261047, 110.322181702, 52.9498443604, 48.5846214294, 12.219370842], [-31.0656299591, 44.2385559082, -10.2884140015, 31.1647090912, 5.50805139542, 31.7527694702, 10.9537410736, 27.0549488068, 33.7353630066, 52.9498443604, 88.9979019165, 50.1199455261, 21.7919769287], [-65.6300354004, -45.1484031677, 40.5333709717, 11.1258888245, 32.6354598999, 26.5506534576, 34.969871521, 15.8580579758, 31.9993133545, 48.5846214294, 50.1199455261, 103.090202332, 42.4297790527], [21.3119602203, 44.5913619995, -2.04181241989, 34.2658653259, 10.2915887833, 29.271692276, 7.5255446434, 15.3292131424, 19.4492321014, 12.219370842, 21.7919769287, 42.4297790527, 74.5914154053]],
