{
"lowlevel": {
    "average_loudness": 0.936313569546,
    "barkbands_crest": {
        "dmean": 2.59825539589,
        "dmean2": 3.50718164444,
        "dvar": 6.88533639908,
        "dvar2": 10.5403156281,
        "max": 26.430437088,
        "mean": 8.64989566803,
        "median": 6.59257125854,
        "min": 1.9534522295,
        "var": 34.6842269897
    },
    "barkbands_flatness_db": {
        "dmean": 0.0212614685297,
        "dmean2": 0.0295012518764,
        "dvar": 0.000552072247956,
        "dvar2": 0.000896418001503,
        "max": 0.444941014051,
        "mean": 0.116302795708,
        "median": 0.0840867161751,
        "min": 0.0182616636157,
        "var": 0.00733808940277
    },
    "barkbands_kurtosis": {
        "dmean": 1.53129470348,
        "dmean2": 1.99768877029,
        "dvar": 14.4159164429,
        "dvar2": 17.3790149689,
        "max": 181.050643921,
        "mean": 1.36245787144,
        "median": -0.689091563225,
        "min": -1.88357961178,
        "var": 53.259552002
    },
    "barkbands_skewness": {
        "dmean": 0.505650758743,
        "dmean2": 0.668206274509,
        "dvar": 0.350253969431,
        "dvar2": 0.491165220737,
        "max": 13.029086113,
        "mean": 0.4451816082,
        "median": 0.151782900095,
        "min": -3.90733504295,
        "var": 2.16606211662
    },
    "barkbands_spread": {
        "dmean": 7.7375702858,
        "dmean2": 11.4336462021,
        "dvar": 68.302192688,
        "dvar2": 160.633132935,
        "max": 106.587478638,
        "mean": 35.8158073425,
        "median": 35.1157493591,
        "min": 1.4343239069,
        "var": 246.085876465
    },
    "dissonance": {
        "dmean": 0.0118962274864,
        "dmean2": 0.0200040973723,
        "dvar": 0.000156543246703,
        "dvar2": 0.000420772208599,
        "max": 0.5,
        "mean": 0.480570614338,
        "median": 0.48456287384,
        "min": 0.328857928514,
        "var": 0.000286428024992
    },
    "dynamic_complexity": 3.25279116631,
    "erbbands_crest": {
        "dmean": 2.13961243629,
        "dmean2": 3.51886367798,
        "dvar": 5.18426609039,
        "dvar2": 12.8485355377,
        "max": 31.6632270813,
        "mean": 6.60441970825,
        "median": 5.57579708099,
        "min": 2.12481951714,
        "var": 12.2699155807
    },
    "erbbands_flatness_db": {
        "dmean": 0.0162401460111,
        "dmean2": 0.023851076141,
        "dvar": 0.000336220575264,
        "dvar2": 0.000641037360765,
        "max": 0.52846467495,
        "mean": 0.158803269267,
        "median": 0.131746813655,
        "min": 0.0632512196898,
        "var": 0.0076838969253
    },
    "erbbands_kurtosis": {
        "dmean": 0.52676397562,
        "dmean2": 0.83642321825,
        "dvar": 0.507784903049,
        "dvar2": 1.1962031126,
        "max": 18.2241859436,
        "mean": -0.321900129318,
        "median": -0.541163444519,
        "min": -1.70453846455,
        "var": 1.0381629467
    },
    "erbbands_skewness": {
        "dmean": 0.291647076607,
        "dmean2": 0.458755910397,
        "dvar": 0.0730242282152,
        "dvar2": 0.180096134543,
        "max": 4.14193820953,
        "mean": -0.174302279949,
        "median": -0.185204669833,
        "min": -3.92133688927,
        "var": 0.274779468775
    },
    "erbbands_spread": {
        "dmean": 8.13039779663,
        "dmean2": 12.3131341934,
        "dvar": 87.9395751953,
        "dvar2": 198.007461548,
        "max": 143.655883789,
        "mean": 41.9552650452,
        "median": 40.4338989258,
        "min": 2.7185177803,
        "var": 265.140563965
    },
    "hfc": {
        "dmean": 18.3393268585,
        "dmean2": 29.9570121765,
        "dvar": 678.364807129,
        "dvar2": 1761.06420898,
        "max": 355.946777344,
        "mean": 58.1819343567,
        "median": 58.1588668823,
        "min": 1.04519875372e-16,
        "var": 1505.7989502
    },
    "melbands_crest": {
        "dmean": 4.15634202957,
        "dmean2": 6.03565406799,
        "dvar": 16.875749588,
        "dvar2": 32.0012245178,
        "max": 37.100402832,
        "mean": 13.757651329,
        "median": 10.8863534927,
        "min": 1.52719163895,
        "var": 81.4195785522
    },
    "melbands_flatness_db": {
        "dmean": 0.0277026519179,
        "dmean2": 0.0356345511973,
        "dvar": 0.00113700446673,
        "dvar2": 0.00164325302467,
        "max": 0.516664981842,
        "mean": 0.123365834355,
        "median": 0.082265637815,
        "min": 0.00248151901178,
        "var": 0.0111715048552
    },
    "melbands_kurtosis": {
        "dmean": 6.71758985519,
        "dmean2": 8.36340522766,
        "dvar": 303.018676758,
        "dvar2": 380.802886963,
        "max": 651.260559082,
        "mean": 11.5009183884,
        "median": 0.976328253746,
        "min": -1.89078748226,
        "var": 1196.93395996
    },
    "melbands_skewness": {
        "dmean": 0.775443851948,
        "dmean2": 1.00349414349,
        "dvar": 1.18350934982,
        "dvar2": 1.47211682796,
        "max": 19.8449783325,
        "mean": 2.05121731758,
        "median": 1.16754472256,
        "min": -1.22773683071,
        "var": 6.40739870071
    },
    "melbands_spread": {
        "dmean": 15.2603111267,
        "dmean2": 23.2441387177,
        "dvar": 311.101989746,
        "dvar2": 703.180480957,
        "max": 227.940170288,
        "mean": 60.0908203125,
        "median": 57.484085083,
        "min": 0.769152998924,
        "var": 1395.77709961
    },
    "pitch_salience": {
        "dmean": 0.0811528787017,
        "dmean2": 0.118625566363,
        "dvar": 0.00869808439165,
        "dvar2": 0.0154881197959,
        "max": 0.94419491291,
        "mean": 0.565963625908,
        "median": 0.614345669746,
        "min": 0.0432036407292,
        "var": 0.0328139774501
    },
    "silence_rate_20dB": {
        "dmean": 0,
        "dmean2": 0,
        "dvar": 0,
        "dvar2": 0,
        "max": 1,
        "mean": 1,
        "median": 1,
        "min": 1,
        "var": 0
    },
    "silence_rate_30dB": {
        "dmean": 0.0119899436831,
        "dmean2": 0.0239845253527,
        "dvar": 0.0118463225663,
        "dvar2": 0.0257302261889,
        "max": 1,
        "mean": 0.981825232506,
        "median": 1,
        "min": 0,
        "var": 0.0178443975747
    },
    "silence_rate_60dB": {
        "dmean": 0.0158576685935,
        "dmean2": 0.0317214690149,
        "dvar": 0.0156064881012,
        "dvar2": 0.0345844291151,
        "max": 1,
        "mean": 0.139211133122,
        "median": 0,
        "min": 0,
        "var": 0.119831316173
    },
    "spectral_centroid": {
        "dmean": 319.261444092,
        "dmean2": 494.711364746,
        "dvar": 144737.1875,
        "dvar2": 334236.625,
        "max": 11791.8623047,
        "mean": 3125.01367188,
        "median": 2810.71044922,
        "min": 293.071868896,
        "var": 3878936.5
    },
    "spectral_complexity": {
        "dmean": 5.68903493881,
        "dmean2": 8.49245643616,
        "dvar": 44.2678222656,
        "dvar2": 90.4854354858,
        "max": 61,
        "mean": 24.3132247925,
        "median": 26,
        "min": 0,
        "var": 187.588485718
    },
    "spectral_decrease": {
        "dmean": 2.14012785271e-09,
        "dmean2": 2.62302624066e-09,
        "dvar": 8.64918990921e-18,
        "dvar2": 1.02973084022e-17,
        "max": 1.40380540608e-26,
        "mean": -6.62410881702e-09,
        "median": -4.65858773779e-09,
        "min": -4.61191547174e-08,
        "var": 4.78115026267e-17
    },
    "spectral_energy": {
        "dmean": 0.00883881840855,
        "dmean2": 0.0114374728873,
        "dvar": 0.000126811763039,
        "dvar2": 0.000164183831657,
        "max": 0.17607845366,
        "mean": 0.0302782207727,
        "median": 0.0249012857676,
        "min": 9.9043108801e-21,
        "var": 0.00071427540388
    },
    "spectral_energyband_high": {
        "dmean": 0.00205848063342,
        "dmean2": 0.00342959514819,
        "dvar": 1.08041622298e-05,
        "dvar2": 2.76837799902e-05,
        "max": 0.0831773802638,
        "mean": 0.00538523215801,
        "median": 0.00492614880204,
        "min": 6.97035294616e-21,
        "var": 1.94628901227e-05
    },
    "spectral_energyband_low": {
        "dmean": 0.00591615447775,
        "dmean2": 0.00692755822092,
        "dvar": 0.000169293489307,
        "dvar2": 0.000219150620978,
        "max": 0.172712698579,
        "mean": 0.0122750448063,
        "median": 0.000578576466069,
        "min": 9.97907546269e-24,
        "var": 0.000689885520842
    },
    "spectral_energyband_middle_high": {
        "dmean": 0.00275721563958,
        "dmean2": 0.00437910621986,
        "dvar": 1.10784339995e-05,
        "dvar2": 2.70076052402e-05,
        "max": 0.0555012188852,
        "mean": 0.00791481789201,
        "median": 0.00718940515071,
        "min": 1.14617748435e-21,
        "var": 3.92651709262e-05
    },
    "spectral_energyband_middle_low": {
        "dmean": 0.00367557932623,
        "dmean2": 0.00614663260058,
        "dvar": 5.78332546866e-05,
        "dvar2": 0.0001602673874,
        "max": 0.0629326477647,
        "mean": 0.00540703302249,
        "median": 0.00320720812306,
        "min": 1.65476550054e-22,
        "var": 5.3016745369e-05
    },
    "spectral_entropy": {
        "dmean": 0.130567640066,
        "dmean2": 0.202090874314,
        "dvar": 0.0237955003977,
        "dvar2": 0.0526837110519,
        "max": 9.83158016205,
        "mean": 8.13904762268,
        "median": 8.18279743195,
        "min": 5.59317779541,
        "var": 0.363141357899
    },
    "spectral_flux": {
        "dmean": 0.0276659056544,
        "dmean2": 0.0378560051322,
        "dvar": 0.00116229453124,
        "dvar2": 0.00191323540639,
        "max": 0.410256028175,
        "mean": 0.099136210978,
        "median": 0.0930632501841,
        "min": 6.28494270516e-11,
        "var": 0.00396727025509
    },
    "spectral_kurtosis": {
        "dmean": 1.40978586674,
        "dmean2": 2.41426920891,
        "dvar": 28.5426177979,
        "dvar2": 85.7813034058,
        "max": 132.291732788,
        "mean": 4.53935861588,
        "median": 1.79331851006,
        "min": -1.26442849636,
        "var": 215.651535034
    },
    "spectral_rms": {
        "dmean": 0.000763534859288,
        "dmean2": 0.000999520765617,
        "dvar": 7.82745928518e-07,
        "dvar2": 1.08104040919e-06,
        "max": 0.013106633909,
        "mean": 0.00480301072821,
        "median": 0.00492888782173,
        "min": 3.10849523205e-12,
        "var": 6.4709624894e-06
    },
    "spectral_rolloff": {
        "dmean": 1022.84075928,
        "dmean2": 1482.16125488,
        "dvar": 1721067.75,
        "dvar2": 2810115,
        "max": 21167.1386719,
        "mean": 5595.87207031,
        "median": 5447.90039062,
        "min": 64.599609375,
        "var": 17529838
    },
    "spectral_skewness": {
        "dmean": 0.151756480336,
        "dmean2": 0.256127655506,
        "dvar": 0.0860359147191,
        "dvar2": 0.253572911024,
        "max": 8.81745433807,
        "mean": 1.25997972488,
        "median": 1.1287612915,
        "min": -0.0788533091545,
        "var": 1.02768850327
    },
    "spectral_spread": {
        "dmean": 517611.5,
        "dmean2": 826895.5,
        "dvar": 507153678336,
        "dvar2": 811784011776,
        "max": 42366828,
        "mean": 7809562.5,
        "median": 6326251,
        "min": 627019.8125,
        "var": 6.13212361851e+13
    },
    "spectral_strongpeak": {
        "dmean": 0.836207211018,
        "dmean2": 1.41302001476,
        "dvar": 2.21861338615,
        "dvar2": 5.6771979332,
        "max": 42.7282791138,
        "mean": 1.39858925343,
        "median": 0.805707454681,
        "min": 0,
        "var": 4.16341352463
    },
    "zerocrossingrate": {
        "dmean": 0.020080152899,
        "dmean2": 0.0201846212149,
        "dvar": 0.000482145842398,
        "dvar2": 0.000430223328294,
        "max": 0.68359375,
        "mean": 0.168397560716,
        "median": 0.1630859375,
        "min": 0.0107421875,
        "var": 0.0107123162597
    },
    "barkbands": {
        "dmean": [0.00051914533833, 0.00527818733826, 0.00196005171165, 0.00113563518971, 0.000973927963059, 0.000387047650293, 0.000377368618501, 0.000685283914208, 0.000612539355643, 0.000829261203762, 0.000537362124305, 0.000568216957618, 0.000433802080806, 0.000489577942062, 0.000578021223191, 0.000430479383795, 0.000591860385612, 0.000515344843734, 0.00044275977416, 0.000594889977947, 0.00052527297521, 0.000515738385729, 0.000470093305921, 0.000394852802856, 0.000280900159851, 0.000145176207297, 3.21894331137e-05],
        "dmean2": [0.000631280709058, 0.00654798466712, 0.00339400488883, 0.00218445016071, 0.00174073397648, 0.000640186772216, 0.000585928966757, 0.000989474589005, 0.000942015147302, 0.00123324966989, 0.000823191483505, 0.000908215413801, 0.000707910687197, 0.000826497038361, 0.0009468117496, 0.00071955047315, 0.00101093482226, 0.000870109768584, 0.000746538396925, 0.00101957772858, 0.000914816686418, 0.000890274532139, 0.00080116186291, 0.000666578416713, 0.00045304663945, 0.000232018326642, 5.32808553544e-05],
        "dvar": [1.97181225303e-06, 0.000169900580659, 4.69149308628e-05, 1.94214935618e-05, 1.01934565464e-05, 8.1468448343e-07, 5.19899913343e-07, 2.66153665507e-06, 1.84041016382e-06, 3.61037291441e-06, 1.66350992004e-06, 1.67656867234e-06, 7.6040504382e-07, 1.12790962703e-06, 1.19968819945e-06, 7.49882644868e-07, 1.52597874603e-06, 8.29981502193e-07, 3.4159580764e-07, 1.80572840236e-06, 1.07873427169e-06, 5.94498601458e-07, 5.41341364624e-07, 3.26008262164e-07, 1.52873695924e-07, 3.91925780718e-08, 3.20823723143e-09],
        "dvar2": [3.21510196954e-06, 0.000251052057138, 0.00012428437185, 5.63605826756e-05, 2.76979390037e-05, 2.02864930543e-06, 1.15974569326e-06, 4.63320930066e-06, 4.16539069192e-06, 7.61589353715e-06, 3.85379462386e-06, 4.17152068621e-06, 1.92860647985e-06, 3.21097172673e-06, 3.14965154757e-06, 2.04691468753e-06, 4.52746417068e-06, 2.41971952164e-06, 9.35634659527e-07, 3.64671791431e-06, 3.17566150443e-06, 1.55779378019e-06, 1.48218839513e-06, 8.66996003879e-07, 3.70696682239e-07, 9.39434130487e-08, 7.64008678544e-09],
        "max": [0.0252953656018, 0.168639048934, 0.0961806476116, 0.0361283011734, 0.0404497645795, 0.0150189688429, 0.0122930314392, 0.0376974344254, 0.0276521891356, 0.0368969812989, 0.0417524985969, 0.0210587214679, 0.0196643266827, 0.022286221385, 0.0189391318709, 0.01575351879, 0.0340838134289, 0.0196857731789, 0.00761968037114, 0.0822182446718, 0.0169701352715, 0.0206306483597, 0.00959926377982, 0.0059637776576, 0.00365129066631, 0.00207980535924, 0.000873375858646],
        "mean": [0.000643641629722, 0.00989301130176, 0.00138651032466, 0.000683030928485, 0.000769216450863, 0.000505587027874, 0.000643450883217, 0.00112639262807, 0.00094058184186, 0.0011970665073, 0.000811139354482, 0.000783467490692, 0.000608135713264, 0.000633785908576, 0.000838878273498, 0.000569858122617, 0.00086117075989, 0.000808017270174, 0.000743467011489, 0.00107704370748, 0.000909149297513, 0.000967170577496, 0.000910354312509, 0.000881478306837, 0.000682496407535, 0.000369606452296, 3.44983527611e-05],
        "median": [1.48936314872e-05, 0.000225389696425, 4.50883308076e-05, 1.84405289474e-05, 5.48585376237e-05, 0.000122982804896, 0.000229972632951, 0.000209912774153, 0.000270942429779, 0.000353348092176, 0.000208480822039, 0.000247387302807, 0.000262537214439, 0.000300534360576, 0.000455358356703, 0.00026354950387, 0.000604561297223, 0.000573045341298, 0.000594002194703, 0.000793857441749, 0.000750469975173, 0.000791303056758, 0.000743703800254, 0.000758073525503, 0.000589121016674, 0.000331584713422, 7.0538521868e-06],
        "min": [3.68647889778e-25, 2.04335544e-24, 3.12596783316e-25, 9.13839448182e-25, 2.91186782804e-24, 6.40349162343e-24, 5.34998011185e-24, 7.97969251005e-24, 1.20500719972e-23, 1.47386227693e-23, 8.92387381662e-24, 1.58096734198e-23, 2.81200608382e-23, 2.21542592217e-23, 3.59661944638e-23, 5.97690814696e-23, 5.73077912691e-23, 5.97156156329e-23, 1.39237370272e-22, 1.6763458319e-22, 2.1599950645e-22, 2.69073285603e-22, 3.88223543547e-22, 5.4286247005e-22, 8.96211015713e-22, 1.29151630876e-21, 1.92509647024e-21],
        "var": [3.74069122699e-06, 0.000541927525774, 3.24584434566e-05, 1.05573772089e-05, 7.15585929356e-06, 1.35569098347e-06, 1.25002850382e-06, 6.93609808877e-06, 3.66315794054e-06, 6.74080092722e-06, 3.33143998432e-06, 2.41588600147e-06, 1.00464353636e-06, 1.19142737276e-06, 1.65647588801e-06, 8.38825258143e-07, 1.37282279411e-06, 1.0046501302e-06, 4.83371877635e-07, 5.34566015631e-06, 9.60589659371e-07, 9.11458585051e-07, 7.11666871211e-07, 5.52645417429e-07, 3.20888943861e-07, 9.25366805404e-08, 4.31050617422e-09]
    },
    "erbbands": {
        "dmean": [0.19312915206, 1.28995001316, 2.38693714142, 3.10994577408, 3.48158931732, 3.33016014099, 2.67442369461, 3.37682700157, 4.74346733093, 7.44404172897, 17.0505771637, 14.4754924774, 26.9632263184, 20.9033069611, 18.0943012238, 24.5959777832, 18.6250972748, 28.248085022, 24.768245697, 25.4061508179, 25.8481655121, 24.7000904083, 27.6053256989, 24.2152996063, 23.1255588531, 28.5773906708, 23.6736373901, 19.4413337708, 19.1056194305, 15.822309494, 13.1038608551, 9.20159339905, 6.60046482086, 3.56303715706, 1.98278844357, 0.789395809174, 0.255465805531, 0.0623028762639, 0.00454928586259, 7.51701227273e-05],
        "dmean2": [0.18571357429, 1.63592648506, 3.82132649422, 5.82401227951, 6.44968891144, 5.97242879868, 4.93679189682, 5.44390153885, 7.43312549591, 10.9963359833, 24.6033401489, 21.8151302338, 39.9551773071, 31.6743106842, 28.5701847076, 38.5350112915, 30.1698284149, 47.6246452332, 40.3152580261, 42.095413208, 44.3853302002, 41.9782752991, 46.2368240356, 40.9509811401, 38.9795913696, 48.8304748535, 41.3116378784, 33.4853668213, 33.1519699097, 26.9194755554, 22.3963527679, 15.6243429184, 11.2106409073, 5.87803792953, 3.18233990669, 1.28164803982, 0.411015570164, 0.0987675860524, 0.00755011523142, 0.000120297117974],
        "dvar": [0.192544817924, 11.4879655838, 58.2395133972, 139.240447998, 153.049072266, 127.850883484, 69.640625, 64.2605514526, 75.0288085938, 245.684509277, 1820.86035156, 1090.90563965, 4716.03662109, 2812.65283203, 1761.81591797, 3067.95874023, 1112.84265137, 3854.55493164, 2249.29150391, 3160.99829102, 2265.55883789, 2765.74829102, 2845.44165039, 1123.0925293, 1026.93603516, 7000.35644531, 2546.69433594, 861.07800293, 874.829406738, 456.175018311, 422.877441406, 193.521148682, 97.5574645996, 24.2137966156, 7.28553533554, 1.23515212536, 0.11101963371, 0.00742540881038, 7.9176214058e-05, 1.41777869445e-08],
        "dvar2": [0.167863458395, 20.1432819366, 139.982406616, 396.693084717, 439.307067871, 331.665496826, 199.485809326, 144.039123535, 173.236480713, 459.220550537, 3139.05175781, 2460.12036133, 9911.54003906, 6291.20166016, 4182.01318359, 7349.62011719, 2735.27416992, 11120.9697266, 5016.72412109, 9575.12109375, 6491.68994141, 8438.125, 8357.18261719, 3166.59594727, 2717.35351562, 12762.1816406, 7340.58007812, 2499.13085938, 2269.50146484, 1234.93774414, 1133.72106934, 527.460327148, 255.699691772, 61.6835784912, 17.0828495026, 3.09112620354, 0.264253467321, 0.0167925339192, 0.00019456751761, 3.39182548714e-08],
        "max": [7.65172100067, 41.1637573242, 91.4807739258, 135.232315063, 103.94670105, 203.750762939, 86.7490615845, 184.130218506, 167.69468689, 369.351867676, 1041.04614258, 802.057495117, 1490.01330566, 1579.02734375, 991.695922852, 1043.78112793, 479.614868164, 1281.89660645, 974.218261719, 1103.65161133, 1347.66467285, 1843.45361328, 1039.74609375, 482.198730469, 502.321563721, 5340.25927734, 843.110900879, 453.488372803, 763.021118164, 375.798797607, 405.70135498, 130.624176025, 153.990951538, 47.9561576843, 30.5461101532, 10.4065246582, 5.04173660278, 1.38215827942, 0.141563877463, 0.00178795086686],
        "mean": [0.370375931263, 1.84013772011, 2.0560324192, 1.98081541061, 2.3733985424, 2.73511648178, 2.15578341484, 4.87522649765, 7.8895072937, 13.9904851913, 27.7605953217, 24.2832050323, 39.1454544067, 33.0794868469, 27.7049198151, 35.9984550476, 29.261932373, 38.8403167725, 38.1195335388, 38.1542854309, 38.2422447205, 39.4242134094, 44.5560150146, 40.7413673401, 40.3452682495, 51.7378959656, 40.3642616272, 35.5405082703, 34.0222244263, 31.3365802765, 25.4523544312, 18.7821731567, 14.0997982025, 8.30741500854, 4.63405323029, 1.87505626678, 0.629660129547, 0.117303326726, 0.00542399892583, 0.000159746196005],
        "median": [0.00580882560462, 0.0488149151206, 0.0996877327561, 0.0994553044438, 0.100577607751, 0.187098950148, 0.360330015421, 1.20402383804, 2.91790866852, 4.25628614426, 5.79604482651, 8.20279693604, 13.1821174622, 11.2156200409, 8.9648733139, 12.6292228699, 15.0172939301, 21.3672790527, 21.0872077942, 24.8092346191, 26.2384548187, 29.5250358582, 30.1839580536, 32.2715530396, 31.2993373871, 36.1937332153, 31.6401290894, 29.9373703003, 28.1361732483, 26.5246696472, 20.7480449677, 15.9957027435, 11.5799293518, 7.14113950729, 3.98549556732, 1.69460487366, 0.551115512848, 0.08825558424, 0.00201571080834, 0.000128289393615],
        "min": [6.46614579642e-23, 4.49058300369e-22, 8.70590328125e-22, 4.48069480264e-21, 7.94689862821e-21, 1.7353687027e-20, 2.95027310217e-20, 6.03539150758e-20, 1.04489849181e-19, 1.34422872449e-19, 2.06961946354e-19, 2.86088764206e-19, 3.67396921956e-19, 4.40627221586e-19, 8.51823977362e-19, 8.11335864522e-19, 1.3240814482e-18, 2.00024307593e-18, 2.44347932857e-18, 3.19444476025e-18, 3.43878233267e-18, 4.35595543958e-18, 5.13752241803e-18, 5.61220621639e-18, 6.93290180755e-18, 7.13793341162e-18, 8.20090847523e-18, 9.82062075884e-18, 1.09131121082e-17, 1.0074698383e-17, 1.01153278403e-17, 1.01827066643e-17, 9.27426879143e-18, 7.98676795825e-18, 6.29781362634e-18, 3.91064896067e-18, 2.29352657956e-18, 8.98553478117e-19, 2.51692500535e-19, 2.74696147801e-20],
        "var": [0.827243685722, 23.5333805084, 52.0508079529, 80.3133544922, 88.5882034302, 97.5897445679, 42.9917259216, 145.568603516, 173.301193237, 840.194702148, 4603.53662109, 2258.8918457, 7888.31152344, 6104.34765625, 3708.02368164, 4957.35058594, 1789.33410645, 3928.30664062, 3764.05834961, 3198.65795898, 2197.36401367, 2506.16040039, 3407.3581543, 1535.82177734, 1570.20385742, 19583.1777344, 2365.87695312, 1077.61340332, 1239.62805176, 762.669189453, 564.007873535, 270.370758057, 162.325134277, 48.1780357361, 15.327837944, 2.36833906174, 0.290727764368, 0.0151178678498, 9.63268539635e-05, 2.39505162369e-08]
    },
    "gfcc": {
        "mean": [-43.5601005554, -12.9486503601, -135.778671265, 13.3303813934, -62.8612251282, 21.7276935577, -28.6746025085, 23.6527252197, -14.7819824219, 15.3123159409, -15.3703699112, 6.01850318909, -12.84902668],
        "cov": [[88889.171875, -2911.47680664, -3404.91503906, 5838.9921875, -3933.26269531, 2553.87817383, -2556.46289062, 1402.28869629, -2133.10205078, 898.813598633, -1364.44226074, 971.488708496, -1083.65844727], [-2911.47680664, 1662.96154785, 212.108032227, -168.289382935, 498.730133057, -4.28618383408, 168.910354614, -15.2558345795, 139.186401367, -26.1030387878, 88.0503768921, -110.221511841, -30.8759212494], [-3404.91503906, 212.108032227, 3373.79931641, 1623.41906738, 1018.13256836, 565.543701172, 133.169891357, -12.5295495987, -103.915405273, -59.7591972351, 36.2844543457, 159.789031982, -9.07635879517], [5838.9921875, -168.289382935, 1623.41906738, 1895.49182129, 395.131256104, 681.545532227, -2.72042250633, 167.719055176, -161.585250854, 81.7100219727, -30.6622486115, 180.988494873, -49.4933052063], [-3933.26269531, 498.730133057, 1018.13256836, 395.131256104, 861.553771973, 352.739471436, 366.115447998, 92.2128601074, 175.486679077, -5.74254274368, 97.6539535522, -8.23807048798, 39.4606628418], [2553.87817383, -4.28618383408, 565.543701172, 681.545532227, 352.739471436, 564.36706543, 169.65637207, 241.814102173, 41.6162834167, 102.560249329, 6.99355316162, 96.5795898438, -19.5149803162], [-2556.46289062, 168.910354614, 133.169891357, -2.72042250633, 366.115447998, 169.65637207, 379.638427734, 157.569244385, 215.288024902, 50.0810890198, 99.4776000977, -22.0723648071, 55.3970031738], [1402.28869629, -15.2558345795, -12.5295495987, 167.719055176, 92.2128601074, 241.814102173, 157.569244385, 278.926116943, 149.541015625, 142.213806152, 42.7099266052, 51.6194458008, -2.85266971588], [-2133.10205078, 139.186401367, -103.915405273, -161.585250854, 175.486679077, 41.6162834167, 215.288024902, 149.541015625, 277.843505859, 127.69203186, 122.535713196, -9.43492507935, 35.2721481323], [898.813598633, -26.1030387878, -59.7591972351, 81.7100219727, -5.74254274368, 102.560249329, 50.0810890198, 142.213806152, 127.69203186, 198.124328613, 113.330162048, 64.4516220093, -13.7653427124], [-1364.44226074, 88.0503768921, 36.2844543457, -30.6622486115, 97.6539535522, 6.99355316162, 99.4776000977, 42.7099266052, 122.535713196, 113.330162048, 177.898834229, 67.4420013428, 31.1918201447], [971.488708496, -110.221511841, 159.789031982, 180.988494873, -8.23807048798, 96.5795898438, -22.0723648071, 51.6194458008, -9.43492507935, 64.4516220093, 67.4420013428, 141.214279175, 41.9155464172], [-1083.65844727, -30.8759212494, -9.07635879517, -49.4933052063, 39.4606628418, -19.5149803162, 55.3970031738, -2.85266971588, 35.2721481323, -13.7653427124, 31.1918201447, 41.9155464172, 114.477180481]],
        "icov": [[0.000135121968924, -0.000108139385702, 0.000372061709641, -0.000490794889629, 0.000240897963522, -0.000234385210206, 0.000210317579331, -0.000435126188677, 0.000704781792592, -0.000605738372542, 0.000857721664943, -0.000692397472449, 0.000561437453143], [-0.000108139385702, 0.000988380867057, -0.000168867001776, 0.000438424380263, -0.00119216821622, 0.000489546626341, 0.000524444156326, -0.000222736169235, -0.000362929655239, 0.000801550224423, -0.00153383158613, 0.00130466127302, -0.000197428598767], [0.000372061709641, -0.000168867001776, 0.00201200670563, -0.00204593595117, -0.000857063569129, 0.000257397332462, 0.00074508151738, -0.000940452795476, 0.00197512679733, -0.00168805359863, 0.00301983160898, -0.00333193526603, 0.00229236087762], [-0.000490794889629, 0.000438424380263, -0.00204593595117, 0.00351668219082, -0.000427046557888, -0.000964532315265, -0.000351145368768, 0.00134261441417, -0.00142676592804, 0.00157258415129, -0.00363045884296, 0.00330035830848, -0.00257384893484], [0.000240897963522, -0.00119216821622, -0.000857063569129, -0.000427046557888, 0.00742304697633, -0.00492861028761, -0.00218833144754, 0.00190416630358, -0.00188625522424, 0.00209203618579, -0.00103861326352, 0.00106930476613, 0.000137943119626], [-0.000234385210206, 0.000489546626341, 0.000257397332462, -0.000964532315265, -0.00492861028761, 0.010294418782, -0.00289093772881, -0.0032003861852, 0.00204001693055, -0.00298544159159, 0.00443211151287, -0.0048428052105, 0.00186773540918], [0.000210317579331, 0.000524444156326, 0.00074508151738, -0.000351145368768, -0.00218833144754, -0.00289093772881, 0.0128726596013, -0.00703718140721, -0.00134223187342, 0.00536310765892, -0.00763657316566, 0.00717951916158, -0.00359305809252], [-0.000435126188677, -0.000222736169235, -0.000940452795476, 0.00134261441417, 0.00190416630358, -0.0032003861852, -0.00703718140721, 0.0184187330306, -0.00930167734623, -0.00477668177336, 0.00712914951146, -0.00563162425533, 0.00140040391125], [0.000704781792592, -0.000362929655239, 0.00197512679733, -0.00142676592804, -0.00188625522424, 0.00204001693055, -0.00134223187342, -0.00930167734623, 0.0212227199227, -0.0112112415954, 0.000587452144828, 0.00286656920798, -0.00156766339205], [-0.000605738372542, 0.000801550224423, -0.00168805359863, 0.00157258415129, 0.00209203618579, -0.00298544159159, 0.00536310765892, -0.00477668177336, -0.0112112415954, 0.0267856419086, -0.0187715925276, 0.00513100158423, 0.000995091279037], [0.000857721664943, -0.00153383158613, 0.00301983160898, -0.00363045884296, -0.00103861326352, 0.00443211151287, -0.00763657316566, 0.00712914951146, 0.000587452144828, -0.0187715925276, 0.0333244204521, -0.0224561039358, 0.00806618668139], [-0.000692397472449, 0.00130466127302, -0.00333193526603, 0.00330035830848, 0.00106930476613, -0.0048428052105, 0.00717951916158, -0.00563162425533, 0.00286656920798, 0.00513100158423, -0.0224561039358, 0.0322210006416, -0.0157937314361], [0.000561437453143, -0.000197428598767, 0.00229236087762, -0.00257384893484, 0.000137943119626, 0.00186773540918, -0.00359305809252, 0.00140040391125, -0.00156766339205, 0.000995091279037, 0.00806618668139, -0.0157937314361, 0.0192979089916]]
    },
    "melbands": {
        "dmean": [0.0014916077489, 0.00133236404508, 0.000549752265215, 0.000244912924245, 0.000103617298009, 7.69491089159e-05, 7.61857372709e-05, 8.87384812813e-05, 0.00013716914691, 9.58422388067e-05, 0.000133565001306, 8.21339199319e-05, 6.02712061664e-05, 6.58865465084e-05, 4.29243737017e-05, 5.37001760677e-05, 5.75635240239e-05, 3.68022556358e-05, 4.1350875108e-05, 3.69925073755e-05, 3.47853492713e-05, 3.06482361339e-05, 2.6193631129e-05, 2.45400715357e-05, 2.10434591281e-05, 1.83638312592e-05, 1.77463771251e-05, 2.24156174227e-05, 1.56087826326e-05, 1.51572066898e-05, 1.20110762509e-05, 1.26460945467e-05, 9.59848966886e-06, 9.43067880144e-06, 8.36513299873e-06, 8.00575526227e-06, 5.39966458746e-06, 5.16813952345e-06, 4.2189699343e-06, 2.99770135825e-06],
        "dmean2": [0.00163405318744, 0.00186505087186, 0.00101187743712, 0.000437270471593, 0.000189619677258, 0.000124244572362, 0.000117894036521, 0.000129299747641, 0.000199010886718, 0.000144790566992, 0.000198318113689, 0.00012478948338, 9.50061221374e-05, 0.000105756844277, 6.71269444865e-05, 8.74696634128e-05, 9.72004563664e-05, 5.98356891715e-05, 6.81465826347e-05, 6.09527924098e-05, 5.98698752583e-05, 5.21124966326e-05, 4.43199860456e-05, 4.15597387473e-05, 3.56604723493e-05, 3.10284558509e-05, 3.01113122987e-05, 3.81923564419e-05, 2.71836524917e-05, 2.6519273888e-05, 2.07553621294e-05, 2.19085413846e-05, 1.6520914869e-05, 1.60290219355e-05, 1.41105101648e-05, 1.39524108818e-05, 9.04023909243e-06, 8.78201808518e-06, 7.08878360456e-06, 4.95194035466e-06],
        "dvar": [1.1883184925e-05, 1.3690844753e-05, 4.06296203437e-06, 6.55671954064e-07, 1.07466220811e-07, 3.13276373731e-08, 1.94330063152e-08, 3.46996671396e-08, 1.11461446295e-07, 4.82751332243e-08, 1.15448024474e-07, 4.60446898387e-08, 1.88552569114e-08, 2.3834846985e-08, 7.81111708648e-09, 1.2825553064e-08, 1.68098459596e-08, 5.22936494107e-09, 7.54617346388e-09, 6.23460971738e-09, 5.47047029897e-09, 5.43274136788e-09, 2.33102381841e-09, 2.6606234993e-09, 9.14210041003e-10, 7.76668895863e-10, 1.20367038559e-09, 6.45969455704e-09, 8.45309988673e-10, 9.48889189445e-10, 3.13818748765e-10, 4.40707026428e-10, 1.97751620634e-10, 1.73606060083e-10, 1.48978135384e-10, 1.92621960049e-10, 5.29796172211e-11, 5.70303769487e-11, 3.56606445762e-11, 1.6068348041e-11],
        "dvar2": [1.22320070659e-05, 2.82432120002e-05, 1.1494631508e-05, 1.78146080998e-06, 3.02716955503e-07, 7.1866374185e-08, 4.35875584515e-08, 6.30143617286e-08, 1.92284986156e-07, 1.09274267857e-07, 2.42653754867e-07, 1.02138692171e-07, 4.5417728245e-08, 6.04783281233e-08, 1.84020976235e-08, 3.26750715374e-08, 4.77599044757e-08, 1.16954019802e-08, 2.172518343e-08, 1.74699170685e-08, 1.5817786192e-08, 1.66000031498e-08, 6.36873576099e-09, 7.93172727498e-09, 2.54219312268e-09, 2.1136008499e-09, 2.43798470301e-09, 1.1353296081e-08, 2.33732855293e-09, 2.79000955672e-09, 8.92008023001e-10, 1.10080211613e-09, 5.39550015777e-10, 4.6501669182e-10, 3.77627817905e-10, 5.39685018897e-10, 1.42863249009e-10, 1.50025977752e-10, 9.35202540409e-11, 4.13012089806e-11],
        "max": [0.0543990768492, 0.0380356535316, 0.0211897455156, 0.0111791798845, 0.00440290709957, 0.00359839154407, 0.00234597828239, 0.00450139306486, 0.00777476932853, 0.00542075652629, 0.00737592903897, 0.00582798290998, 0.00283501925878, 0.00264234934002, 0.00188604020514, 0.00216936925426, 0.00268794875592, 0.00145082036033, 0.00197959388606, 0.00154552247841, 0.0023244349286, 0.00272469059564, 0.00072419148637, 0.00144719076343, 0.000448217964731, 0.000379484874429, 0.0016495892778, 0.00513577833772, 0.000602300977334, 0.000494196894579, 0.000311875104671, 0.000697536626831, 0.000228869292187, 0.000245653151069, 0.000358584075002, 0.000154534325702, 6.94855261827e-05, 0.000174050379428, 5.64564470551e-05, 4.22309094574e-05],
        "mean": [0.00299613946117, 0.00156704231631, 0.00035882362863, 0.000188883088413, 8.42780427774e-05, 0.000108383450424, 0.000129637963255, 0.000164205615874, 0.000219623980229, 0.000152110209456, 0.000189179074368, 0.000125349717564, 8.91176750883e-05, 9.38805169426e-05, 6.44937099423e-05, 7.16977374395e-05, 7.28823870304e-05, 5.38964122825e-05, 5.97305770498e-05, 4.7931825975e-05, 4.75378219562e-05, 4.43526660092e-05, 3.96410105168e-05, 3.7242538383e-05, 3.18577476719e-05, 2.83335230051e-05, 2.83958052023e-05, 3.70444868167e-05, 2.47563784797e-05, 2.35680345213e-05, 1.98622328753e-05, 2.07570828934e-05, 1.63822078321e-05, 1.71444316948e-05, 1.52689844981e-05, 1.31165052153e-05, 1.06838351712e-05, 1.03329675767e-05, 8.38015148474e-06, 6.55813528283e-06],
        "median": [5.81730200793e-05, 7.59693211876e-05, 1.78711652552e-05, 1.06622937892e-05, 1.12627403723e-05, 2.60530068772e-05, 4.75741690025e-05, 4.66240962851e-05, 4.33238601545e-05, 4.89766607643e-05, 5.8472105593e-05, 3.57077733497e-05, 2.42899877776e-05, 3.18988822983e-05, 2.70193777396e-05, 2.73439545708e-05, 3.13870914397e-05, 2.77992312476e-05, 3.30424045387e-05, 2.14499286812e-05, 3.11552066705e-05, 3.1430645322e-05, 2.43113645411e-05, 2.42891546804e-05, 2.20034926315e-05, 1.95981447177e-05, 2.05697069759e-05, 2.30501664191e-05, 1.76186713361e-05, 1.80651422852e-05, 1.56817368406e-05, 1.61874704645e-05, 1.31171873363e-05, 1.39416788443e-05, 1.20624590636e-05, 9.97133793135e-06, 8.95477569429e-06, 8.27410258353e-06, 6.70283588988e-06, 5.60641819902e-06],
        "min": [8.84917144991e-25, 8.23300994621e-25, 7.63383409692e-25, 9.26049831703e-25, 1.29054498511e-24, 1.27341753296e-24, 1.49390524065e-24, 1.62108539579e-24, 1.78699477568e-24, 1.91898737678e-24, 1.60148338559e-24, 1.58968094177e-24, 1.83507584786e-24, 1.81710539922e-24, 1.99062600495e-24, 2.98102016385e-24, 2.6643481251e-24, 3.35345086354e-24, 2.56265784075e-24, 3.18453483892e-24, 3.15834564294e-24, 3.59935103504e-24, 2.95106573477e-24, 2.91126356059e-24, 3.76501182514e-24, 3.86816012166e-24, 3.15245068261e-24, 4.08271806054e-24, 4.29836028873e-24, 4.27637394644e-24, 4.11081689155e-24, 4.92631407966e-24, 4.98845186431e-24, 5.28168763443e-24, 5.43675402257e-24, 5.23059587461e-24, 5.77237923343e-24, 5.72910469075e-24, 5.76371477968e-24, 5.74969198822e-24],
        "var": [4.94619598612e-05, 1.95854390768e-05, 2.39808764491e-06, 4.54321678944e-07, 6.90031853878e-08, 6.67605206672e-08, 4.70377194972e-08, 1.20728131492e-07, 2.87911035457e-07, 9.39534245958e-08, 1.93373054458e-07, 1.00883397636e-07, 3.71395678656e-08, 3.36431114079e-08, 1.27133965577e-08, 1.60793387494e-08, 1.74650693907e-08, 8.63805382778e-09, 8.60572146877e-09, 7.17210912882e-09, 4.60724747242e-09, 4.21045243115e-09, 3.32003935455e-09, 2.84500845105e-09, 1.21694443411e-09, 1.04660557998e-09, 1.9305368415e-09, 1.5273807108e-08, 9.44924805069e-10, 8.00814747848e-10, 4.10167150244e-10, 6.5136940286e-10, 2.57391136183e-10, 2.59688465176e-10, 2.23379204023e-10, 1.959365864e-10, 8.64430263481e-11, 9.81395797961e-11, 5.78965486664e-11, 3.15710860233e-11]
    },
    "mfcc": {
        "mean": [-641.367919922, 25.7496490479, -17.7669239044, -3.09838271141, -8.56742477417, 0.141103699803, -0.497654378414, 6.45634031296, 7.46900224686, 10.1961936951, 6.68890380859, 6.25810909271, 3.11330723763],
        "cov": [[25991.0234375, 353.739929199, 1052.32409668, 1612.16479492, 668.588684082, 421.360168457, 56.0014457703, 170.7109375, -102.251548767, -211.794036865, -183.376571655, 88.2543182373, 129.508911133], [353.739929199, 984.59979248, 251.856582642, 172.542404175, 226.565841675, 145.963729858, 123.170806885, 60.853553772, 16.5398426056, 23.8217639923, 53.3065719604, 35.4049568176, 24.9062042236], [1052.32409668, 251.856582642, 1012.36383057, 671.64642334, 534.921569824, 321.852020264, 194.381271362, 124.953674316, 16.8388843536, -36.7808647156, -14.4280891418, 9.57743740082, 20.7085494995], [1612.16479492, 172.542404175, 671.64642334, 703.222106934, 509.485931396, 326.84362793, 196.537780762, 148.677902222, 47.6722602844, 9.42018508911, 20.0492782593, 47.9378738403, 53.8306465149], [668.588684082, 226.565841675, 534.921569824, 509.485931396, 582.973327637, 396.655456543, 263.368774414, 208.948165894, 109.672111511, 56.3741188049, 53.9838867188, 52.2390022278, 46.3399772644], [421.360168457, 145.963729858, 321.852020264, 326.84362793, 396.655456543, 371.151397705, 259.350524902, 198.292236328, 122.160827637, 80.6725387573, 66.8616409302, 54.340511322, 41.2480278015], [56.0014457703, 123.170806885, 194.381271362, 196.537780762, 263.368774414, 259.350524902, 274.998077393, 203.651275635, 129.621826172, 95.4079437256, 80.1788787842, 58.4203987122, 40.5039329529], [170.7109375, 60.853553772, 124.953674316, 148.677902222, 208.948165894, 198.292236328, 203.651275635, 232.533279419, 166.659317017, 110.686134338, 80.4645996094, 53.9608230591, 32.9877967834], [-102.251548767, 16.5398426056, 16.8388843536, 47.6722602844, 109.672111511, 122.160827637, 129.621826172, 166.659317017, 205.101867676, 158.033325195, 96.2634887695, 46.2043838501, 15.7003889084], [-211.794036865, 23.8217639923, -36.7808647156, 9.42018508911, 56.3741188049, 80.6725387573, 95.4079437256, 110.686134338, 158.033325195, 200.61932373, 145.558532715, 79.2272949219, 39.4792480469], [-183.376571655, 53.3065719604, -14.4280891418, 20.0492782593, 53.9838867188, 66.8616409302, 80.1788787842, 80.4645996094, 96.2634887695, 145.558532715, 189.143341064, 143.264099121, 86.8814697266], [88.2543182373, 35.4049568176, 9.57743740082, 47.9378738403, 52.2390022278, 54.340511322, 58.4203987122, 53.9608230591, 46.2043838501, 79.2272949219, 143.264099121, 187.285186768, 134.83454895], [129.508911133, 24.9062042236, 20.7085494995, 53.8306465149, 46.3399772644, 41.2480278015, 40.5039329529, 32.9877967834, 15.7003889084, 39.4792480469, 86.8814697266, 134.83454895, 154.442062378]],
