{
"lowlevel": {
    "average_loudness": 0.895274579525,
    "barkbands_crest": {
        "dmean": 3.23880529404,
        "dmean2": 4.89602279663,
        "dvar": 10.7931957245,
        "dvar2": 21.851984024,
        "max": 26.5426979065,
        "mean": 10.6944065094,
        "median": 8.98547363281,
        "min": 1.78411781788,
        "var": 38.3287315369
    },
    "barkbands_flatness_db": {
        "dmean": 0.0267191100866,
        "dmean2": 0.0391512848437,
        "dvar": 0.000974289083388,
        "dvar2": 0.00168453506194,
        "max": 0.626910507679,
        "mean": 0.104367159307,
        "median": 0.0801724568009,
        "min": 0.00877647101879,
        "var": 0.00570655521005
    },
    "barkbands_kurtosis": {
        "dmean": 5.90602350235,
        "dmean2": 8.40663528442,
        "dvar": 2714.28271484,
        "dvar2": 4963.46533203,
        "max": 1707.10864258,
        "mean": 6.62231683731,
        "median": -0.214759111404,
        "min": -1.91462683678,
        "var": 4064.39306641
    },
    "barkbands_skewness": {
        "dmean": 0.747437953949,
        "dmean2": 1.06879460812,
        "dvar": 1.40427982807,
        "dvar2": 2.19242954254,
        "max": 33.2122535706,
        "mean": 1.23511147499,
        "median": 0.899463534355,
        "min": -3.40114092827,
        "var": 5.04643774033
    },
    "barkbands_spread": {
        "dmean": 12.2610692978,
        "dmean2": 19.4168891907,
        "dvar": 179.327865601,
        "dvar2": 420.570373535,
        "max": 127.337112427,
        "mean": 54.6800727844,
        "median": 56.8733291626,
        "min": 0.141264930367,
        "var": 786.865966797
    },
    "dissonance": {
        "dmean": 0.0111275650561,
        "dmean2": 0.0192692801356,
        "dvar": 0.000280785927316,
        "dvar2": 0.000830262317322,
        "max": 0.499997645617,
        "mean": 0.480246931314,
        "median": 0.486588299274,
        "min": 0.159635722637,
        "var": 0.000781137961894
    },
    "dynamic_complexity": 1.49916863441,
    "erbbands_crest": {
        "dmean": 1.69004893303,
        "dmean2": 2.74941825867,
        "dvar": 3.94236373901,
        "dvar2": 8.80730724335,
        "max": 31.0191555023,
        "mean": 5.96505832672,
        "median": 4.68625688553,
        "min": 2.04101490974,
        "var": 13.3650531769
    },
    "erbbands_flatness_db": {
        "dmean": 0.0110234282911,
        "dmean2": 0.0169667080045,
        "dvar": 0.00014737341553,
        "dvar2": 0.00030105622136,
        "max": 0.526850581169,
        "mean": 0.100526452065,
        "median": 0.0819387733936,
        "min": 0.0287571530789,
        "var": 0.00347184552811
    },
    "erbbands_kurtosis": {
        "dmean": 0.621607363224,
        "dmean2": 0.957158684731,
        "dvar": 1.77875053883,
        "dvar2": 4.28521680832,
        "max": 53.2607460022,
        "mean": 0.130085796118,
        "median": -0.266780138016,
        "min": -1.82859861851,
        "var": 2.90642285347
    },
    "erbbands_skewness": {
        "dmean": 0.262131631374,
        "dmean2": 0.403490722179,
        "dvar": 0.107728719711,
        "dvar2": 0.248007744551,
        "max": 7.24013948441,
        "mean": -0.42651373148,
        "median": -0.420507758856,
        "min": -3.14745998383,
        "var": 0.354156732559
    },
    "erbbands_spread": {
        "dmean": 9.23375415802,
        "dmean2": 14.0699920654,
        "dvar": 110.689430237,
        "dvar2": 246.856689453,
        "max": 195.467422485,
        "mean": 54.9864006042,
        "median": 54.148601532,
        "min": 0.73197466135,
        "var": 481.020690918
    },
    "hfc": {
        "dmean": 35.0631561279,
        "dmean2": 56.8626022339,
        "dvar": 2482.31884766,
        "dvar2": 6324.91796875,
        "max": 905.073608398,
        "mean": 108.676307678,
        "median": 91.9750137329,
        "min": 1.09260017329e-16,
        "var": 7028.66308594
    },
    "melbands_crest": {
        "dmean": 4.94081068039,
        "dmean2": 7.86615610123,
        "dvar": 20.2998008728,
        "dvar2": 50.5278778076,
        "max": 37.1519851685,
        "mean": 19.2577075958,
        "median": 19.1484107971,
        "min": 1.00078606606,
        "var": 73.1961364746
    },
    "melbands_flatness_db": {
        "dmean": 0.0373839214444,
        "dmean2": 0.0550693683326,
        "dvar": 0.00162662786897,
        "dvar2": 0.00309580843896,
        "max": 0.769266843796,
        "mean": 0.162761002779,
        "median": 0.141699329019,
        "min": -4.31432667369e-08,
        "var": 0.00990625750273
    },
    "melbands_kurtosis": {
        "dmean": 18.9118518829,
        "dmean2": 27.0862922668,
        "dvar": 3349.14941406,
        "dvar2": 6421.35498047,
        "max": 1842.87548828,
        "mean": 31.5000648499,
        "median": 8.58725261688,
        "min": -1.8425180912,
        "var": 7044.23095703
    },
    "melbands_skewness": {
        "dmean": 1.26193702221,
        "dmean2": 1.81424498558,
        "dvar": 2.54356479645,
        "dvar2": 4.60693025589,
        "max": 32.4175186157,
        "mean": 3.79119133949,
        "median": 2.88151717186,
        "min": -1.80335009098,
        "var": 10.9218921661
    },
    "melbands_spread": {
        "dmean": 16.4647712708,
        "dmean2": 26.2183113098,
        "dvar": 357.199920654,
        "dvar2": 867.252197266,
        "max": 255.613052368,
        "mean": 47.78465271,
        "median": 35.59815979,
        "min": 0.115098677576,
        "var": 1652.63024902
    },
    "pitch_salience": {
        "dmean": 0.103669077158,
        "dmean2": 0.162409678102,
        "dvar": 0.0118771353737,
        "dvar2": 0.0241031665355,
        "max": 0.99774646759,
        "mean": 0.484721064568,
        "median": 0.513297259808,
        "min": 0.0172017328441,
        "var": 0.0330688841641
    },
    "silence_rate_20dB": {
        "dmean": 0.00279106851667,
        "dmean2": 0.00558269349858,
        "dvar": 0.00278312643059,
        "dvar2": 0.00734535744414,
        "max": 1,
        "mean": 0.997807264328,
        "median": 1,
        "min": 0,
        "var": 0.0021884823218
    },
    "silence_rate_30dB": {
        "dmean": 0.0787480100989,
        "dmean2": 0.157511711121,
        "dvar": 0.0725509226322,
        "dvar2": 0.144452631474,
        "max": 1,
        "mean": 0.831954538822,
        "median": 1,
        "min": 0,
        "var": 0.139796078205
    },
    "silence_rate_60dB": {
        "dmean": 0.00179425836541,
        "dmean2": 0.00358887459151,
        "dvar": 0.00179096823558,
        "dvar2": 0.00457286275923,
        "max": 1,
        "mean": 0.0139539521188,
        "median": 0,
        "min": 0,
        "var": 0.0137591129169
    },
    "spectral_centroid": {
        "dmean": 316.340698242,
        "dmean2": 489.44442749,
        "dvar": 125535.84375,
        "dvar2": 284733.875,
        "max": 11411.296875,
        "mean": 2473.34155273,
        "median": 2602.26220703,
        "min": 70.4808349609,
        "var": 800173
    },
    "spectral_complexity": {
        "dmean": 5.69358062744,
        "dmean2": 8.88944244385,
        "dvar": 35.6443824768,
        "dvar2": 70.6606521606,
        "max": 61,
        "mean": 30.5649356842,
        "median": 32,
        "min": 0,
        "var": 134.891098022
    },
    "spectral_decrease": {
        "dmean": 5.61565638435e-09,
        "dmean2": 8.11800848766e-09,
        "dvar": 5.4348671303e-17,
        "dvar2": 1.07283009342e-16,
        "max": 4.06591293967e-09,
        "mean": -1.46445060523e-08,
        "median": -9.90278170576e-09,
        "min": -1.04826867187e-07,
        "var": 2.01871112388e-16
    },
    "spectral_energy": {
        "dmean": 0.0217859633267,
        "dmean2": 0.0316710844636,
        "dvar": 0.000744172837585,
        "dvar2": 0.00150124484207,
        "max": 0.400579184294,
        "mean": 0.0651288554072,
        "median": 0.0482766218483,
        "min": 1.02435090534e-20,
        "var": 0.00288081145845
    },
    "spectral_energyband_high": {
        "dmean": 0.00333444657736,
        "dmean2": 0.00543048186228,
        "dvar": 2.36598334595e-05,
        "dvar2": 6.03778826189e-05,
        "max": 0.0737110227346,
        "mean": 0.00984674319625,
        "median": 0.00828489847481,
        "min": 7.21526141537e-21,
        "var": 7.48671736801e-05
    },
    "spectral_energyband_low": {
        "dmean": 0.020725691691,
        "dmean2": 0.0299919303507,
        "dvar": 0.000968228792772,
        "dvar2": 0.00181717902888,
        "max": 0.391179472208,
        "mean": 0.0404708348215,
        "median": 0.0194186549634,
        "min": 5.51848340445e-23,
        "var": 0.00311576784588
    },
    "spectral_energyband_middle_high": {
        "dmean": 0.0022105211392,
        "dmean2": 0.00356731656939,
        "dvar": 9.85146834864e-06,
        "dvar2": 2.48611177085e-05,
        "max": 0.0792300179601,
        "mean": 0.0066029727459,
        "median": 0.0057743517682,
        "min": 1.4530810806e-21,
        "var": 2.21899535973e-05
    },
    "spectral_energyband_middle_low": {
        "dmean": 0.00469248881564,
        "dmean2": 0.00794380996376,
        "dvar": 8.24158123578e-05,
        "dvar2": 0.000220412708586,
        "max": 0.14511294663,
        "mean": 0.00840247701854,
        "median": 0.00576256588101,
        "min": 2.06057309445e-22,
        "var": 8.85089102667e-05
    },
    "spectral_entropy": {
        "dmean": 0.120346449316,
        "dmean2": 0.186811506748,
        "dvar": 0.0237632729113,
        "dvar2": 0.0516696274281,
        "max": 9.82158565521,
        "mean": 8.2224445343,
        "median": 8.378947258,
        "min": 3.83220171928,
        "var": 0.304005265236
    },
    "spectral_flux": {
        "dmean": 0.0409589111805,
        "dmean2": 0.0598114095628,
        "dvar": 0.00188884348609,
        "dvar2": 0.00369938393123,
        "max": 0.602946102619,
        "mean": 0.136247128248,
        "median": 0.119681298733,
        "min": 6.54311535508e-11,
        "var": 0.00499229039997
    },
    "spectral_kurtosis": {
        "dmean": 1.34833240509,
        "dmean2": 2.26393675804,
        "dvar": 54.2103767395,
        "dvar2": 164.326248169,
        "max": 372.253051758,
        "mean": 3.80391669273,
        "median": 1.35084056854,
        "min": -1.24946975708,
        "var": 236.345428467
    },
    "spectral_rms": {
        "dmean": 0.00125570618547,
        "dmean2": 0.00183909002226,
        "dvar": 1.61042100899e-06,
        "dvar2": 3.36647281074e-06,
        "max": 0.0197688881308,
        "mean": 0.00742242159322,
        "median": 0.00686288159341,
        "min": 3.16127614537e-12,
        "var": 8.44813075673e-06
    },
    "spectral_rolloff": {
        "dmean": 1779.77929688,
        "dmean2": 2881.14038086,
        "dvar": 5063509.5,
        "dvar2": 11672004,
        "max": 19164.5507812,
        "mean": 5119.34765625,
        "median": 4500.43945312,
        "min": 64.599609375,
        "var": 18620920
    },
    "spectral_skewness": {
        "dmean": 0.145119473338,
        "dmean2": 0.235446721315,
        "dvar": 0.0859370008111,
        "dvar2": 0.245565623045,
        "max": 15.5888414383,
        "mean": 1.25605750084,
        "median": 1.099208951,
        "min": -0.0653213635087,
        "var": 0.955554842949
    },
    "spectral_spread": {
        "dmean": 578958.625,
        "dmean2": 915461,
        "dvar": 520968896512,
        "dvar2": 1.11284505805e+12,
        "max": 42491244,
        "mean": 7676913,
        "median": 8136306,
        "min": 236753.609375,
        "var": 5.11008571392e+12
    },
    "spectral_strongpeak": {
        "dmean": 0.466306835413,
        "dmean2": 0.791064977646,
        "dvar": 1.62901759148,
        "dvar2": 4.48173475266,
        "max": 33.5128211975,
        "mean": 0.74500888586,
        "median": 0.342169582844,
        "min": 0,
        "var": 2.04296708107
    },
    "zerocrossingrate": {
        "dmean": 0.0242915544659,
        "dmean2": 0.0286135934293,
        "dvar": 0.000558393308893,
        "dvar2": 0.000690507236868,
        "max": 0.66015625,
        "mean": 0.154991850257,
        "median": 0.1474609375,
        "min": 0.001953125,
        "var": 0.00867084413767
    },
    "barkbands": {
        "dmean": [0.00322147505358, 0.0183188430965, 0.00340292719193, 0.00141546642408, 0.00235871807672, 0.00102580862585, 0.000592039083131, 0.00049588951515, 0.000481421448058, 0.000309785886202, 0.000312931457302, 0.000544803973753, 0.000423127057729, 0.000529184180778, 0.000396943447413, 0.000299186329357, 0.000270865566563, 0.000248146621743, 0.000339741149219, 0.000315093406243, 0.000453791784821, 0.000568053510506, 0.000578485953156, 0.000632365816273, 0.000814923376311, 0.000822173140477, 0.000331442715833],
        "dmean2": [0.00534988194704, 0.0263130683452, 0.00601486070082, 0.00253278715536, 0.00403528707102, 0.00176491809543, 0.00102344423067, 0.000838695967104, 0.000754971697461, 0.000504683703184, 0.000487303273985, 0.00087395956507, 0.000716849288438, 0.000867309689056, 0.000643003266305, 0.000488428922836, 0.000442536635092, 0.000410544773331, 0.000556948245503, 0.000522230402566, 0.000760660856031, 0.000935974530876, 0.000964965787716, 0.00104627537075, 0.00133310828824, 0.00132769567426, 0.000568217481486],
        "dvar": [2.22497674258e-05, 0.00095684279222, 9.21511600609e-05, 1.21826560644e-05, 2.02364226425e-05, 4.4801849981e-06, 1.84024349892e-06, 9.35465266139e-07, 1.00827219285e-06, 2.46607527288e-07, 1.09595498543e-06, 1.44676926084e-06, 5.56474560653e-07, 1.17430477076e-06, 4.36524999259e-07, 2.23719084147e-07, 1.28643065977e-07, 1.13671809743e-07, 2.25293263156e-07, 1.83965966016e-07, 3.61973718555e-07, 5.99645773036e-07, 6.28053214768e-07, 8.28856855151e-07, 1.35716993555e-06, 1.65971971455e-06, 4.85280452267e-07],
        "dvar2": [6.46471671644e-05, 0.00177916267421, 0.000258254876826, 3.46397828253e-05, 5.60672633583e-05, 1.19368851301e-05, 4.83297844767e-06, 2.32963725466e-06, 1.9436142793e-06, 6.0872901031e-07, 2.14055762626e-06, 3.46832075593e-06, 1.51211065713e-06, 2.81341954178e-06, 1.0559549537e-06, 5.52925996544e-07, 3.30158115958e-07, 3.00014647792e-07, 5.63615117244e-07, 4.93611310048e-07, 9.54065853875e-07, 1.52989753133e-06, 1.64474272424e-06, 2.20390052164e-06, 3.49478955286e-06, 4.07343077313e-06, 1.2654721786e-06],
        "max": [0.046123418957, 0.376858502626, 0.129349067807, 0.0502141900361, 0.0737519487739, 0.035788834095, 0.0394036062062, 0.0240443237126, 0.0439330041409, 0.00848301034421, 0.0555012300611, 0.0313512459397, 0.0118203032762, 0.0243966318667, 0.0174696613103, 0.00967020262033, 0.00815233588219, 0.00996485073119, 0.0101928124204, 0.0106870951131, 0.0150734744966, 0.0123172635213, 0.0202676597983, 0.0199164208025, 0.0211386587471, 0.0370014458895, 0.0312398727983],
        "mean": [0.00514538493007, 0.0319452509284, 0.00324964988977, 0.00155939534307, 0.00313887279481, 0.00128393177874, 0.000721952994354, 0.00072331901174, 0.000871517753694, 0.000508124823682, 0.000509779725689, 0.000951599213295, 0.000584026100114, 0.00079060572898, 0.000675706251059, 0.000536571547855, 0.000539929314982, 0.000504015362822, 0.000729704159312, 0.000698320101947, 0.00101365998853, 0.00122383947019, 0.00134240102489, 0.00164652511012, 0.00187005149201, 0.00198561698198, 0.000379284843802],
        "median": [0.00258200173266, 0.0101482877508, 0.00111090810969, 0.000557003659196, 0.00136041548103, 0.00061341165565, 0.000312349002343, 0.000323456857586, 0.000427584687714, 0.000268449424766, 0.000197934379685, 0.00045271779527, 0.000338939775247, 0.000374829891371, 0.000426913728006, 0.000371735135559, 0.000413746514823, 0.000400684395572, 0.000570252072066, 0.000537193205673, 0.00080978940241, 0.000967697182205, 0.00100263708737, 0.0011883903062, 0.00136951182503, 0.00160730921198, 0.000113858819532],
        "min": [7.58003506508e-24, 9.59822603942e-24, 9.18778802132e-25, 8.52128338681e-24, 2.73333140802e-23, 2.21362984366e-23, 2.5936258772e-23, 1.09211284225e-23, 1.67415437631e-23, 1.17736385699e-23, 3.652029983e-23, 5.64713778285e-23, 5.32460285096e-23, 6.43616214005e-23, 6.30845691909e-23, 1.30933227161e-22, 9.0573620191e-23, 1.3203885674e-22, 2.14996378301e-22, 3.48330633e-22, 4.01033205765e-22, 4.24872304642e-22, 5.6484298739e-22, 7.99857197099e-22, 1.10065740808e-21, 1.37012886018e-21, 2.18266528608e-21],
        "var": [4.14158894273e-05, 0.00270529603586, 6.06602116022e-05, 9.66587049334e-06, 2.26691136049e-05, 4.41507381765e-06, 2.04758157452e-06, 1.63590482316e-06, 3.01580053019e-06, 4.73617689067e-07, 2.76246510111e-06, 2.8866725188e-06, 5.93800507431e-07, 2.04320667763e-06, 7.7596786241e-07, 3.97657231588e-07, 2.67728125891e-07, 2.42116016125e-07, 5.12532096764e-07, 4.52774997939e-07, 8.46986949909e-07, 1.27497071389e-06, 2.01006446332e-06, 3.37371102432e-06, 3.84699478673e-06, 4.13433053836e-06, 5.49038759345e-07]
    },
    "erbbands": {
        "dmean": [0.817057013512, 3.61791491508, 4.58062744141, 3.98869585991, 5.74685239792, 9.52307224274, 7.6313586235, 9.26177597046, 8.60248184204, 8.75568771362, 11.5358076096, 8.5163526535, 11.0449390411, 11.3274650574, 13.6737613678, 22.8263702393, 17.737739563, 30.7346305847, 20.5643463135, 14.8009700775, 18.0924625397, 13.5450229645, 12.6167459488, 11.5500955582, 20.6679897308, 14.9475460052, 17.5221214294, 19.6409473419, 19.5586929321, 18.3253440857, 16.6580295563, 14.6854810715, 10.7112398148, 8.95757961273, 6.15820503235, 3.44589161873, 1.63171207905, 0.574315428734, 0.0408506728709, 0.000593895791098],
        "dmean2": [1.19607019424, 5.17891550064, 7.65847921371, 6.8731751442, 10.1142635345, 16.0680027008, 13.2451601028, 15.9651079178, 15.0114393234, 15.1307868958, 19.1257171631, 13.8440895081, 17.4457111359, 18.1623401642, 21.1536998749, 36.7310066223, 29.9708709717, 50.327911377, 33.4537162781, 24.489068985, 29.4367027283, 22.1389369965, 20.8080768585, 18.9681377411, 33.9796600342, 24.7142410278, 29.2173175812, 32.9811134338, 32.3681526184, 30.7774677277, 27.6259250641, 24.6115150452, 17.6721725464, 14.814239502, 10.1476726532, 5.62392425537, 2.65702915192, 0.955291628838, 0.0692650750279, 0.000994613394141],
        "dvar": [1.47679316998, 55.3258743286, 155.009384155, 86.2270584106, 182.270797729, 310.311889648, 205.638442993, 414.129425049, 422.10836792, 303.517913818, 499.308898926, 228.064865112, 502.627380371, 402.553527832, 1187.34130859, 3168.94042969, 1050.0604248, 4184.89892578, 1279.99755859, 417.899261475, 987.40826416, 338.503601074, 278.470550537, 199.181289673, 1032.78381348, 382.120788574, 569.540039062, 667.958007812, 687.566162109, 569.072143555, 527.91607666, 468.472290039, 215.477813721, 164.171417236, 80.8901290894, 27.1546669006, 6.83809709549, 1.14495050907, 0.00677575031295, 1.27210296341e-06],
        "dvar2": [2.86425685883, 110.892356873, 407.155303955, 238.718963623, 513.827575684, 852.306030273, 558.216674805, 1093.94384766, 1118.16394043, 814.403015137, 1175.53479004, 525.455566406, 991.338134766, 924.499938965, 2333.18334961, 7579.43359375, 2847.32299805, 10126.3867188, 3086.12451172, 1080.02697754, 2456.33398438, 867.575744629, 742.900024414, 516.63684082, 2588.90551758, 999.407653809, 1489.98071289, 1768.24279785, 1769.45129395, 1492.93518066, 1376.26000977, 1268.89428711, 562.973022461, 430.866821289, 207.722976685, 65.4898986816, 17.1993980408, 2.88535356522, 0.0176219921559, 3.29637691721e-06],
        "max": [17.5340881348, 87.2726669312, 157.962936401, 153.699356079, 229.222808838, 296.397003174, 235.885421753, 377.878234863, 560.082702637, 297.237731934, 638.353820801, 520.407470703, 923.041381836, 644.801940918, 1834.08947754, 1583.76818848, 530.84942627, 1534.3067627, 678.653930664, 467.032928467, 651.229797363, 550.364379883, 452.497436523, 429.263458252, 728.915710449, 511.591064453, 597.413452148, 459.926391602, 385.221221924, 419.366882324, 557.298828125, 403.674438477, 324.874053955, 244.404067993, 140.030685425, 121.939041138, 88.3828964233, 52.1783485413, 3.13385796547, 0.0448242649436],
        "mean": [1.37406921387, 5.33468103409, 4.75755167007, 4.90773248672, 6.79179859161, 12.5398139954, 9.79923248291, 10.7746248245, 10.235118866, 11.5496883392, 17.888584137, 15.5780220032, 20.435798645, 19.9766292572, 25.9014053345, 40.0656394958, 27.435585022, 46.9703369141, 34.5931816101, 27.5823287964, 33.3336830139, 28.9099445343, 27.3610267639, 27.2743034363, 43.4975280762, 35.0821418762, 39.0895500183, 40.2476043701, 43.3335571289, 41.2904319763, 38.0032157898, 34.1430740356, 27.2097511292, 19.9460983276, 13.301243782, 7.69486713409, 3.77553844452, 1.03041565418, 0.0513435415924, 0.0009899684228],
        "median": [0.515204668045, 1.26926648617, 1.68529617786, 2.22269010544, 2.93911218643, 4.37319326401, 4.83218955994, 4.38249206543, 4.48268127441, 5.42748689651, 8.12203216553, 9.17481803894, 11.03814888, 10.7336406708, 13.7083206177, 19.877576828, 16.5546855927, 22.426448822, 20.4338645935, 21.0447235107, 22.7970161438, 22.7940864563, 22.3555679321, 23.7118148804, 31.6937541962, 27.1207504272, 28.7670936584, 31.4348297119, 34.8579444885, 32.2211647034, 27.7311248779, 24.9866409302, 19.6077404022, 14.4581871033, 9.54830360413, 5.94095945358, 3.0060813427, 0.727005839348, 0.0193753261119, 0.000610053888522],
        "min": [7.25794492453e-22, 9.28465606996e-22, 2.54065940206e-21, 3.15760042971e-20, 3.15873651058e-20, 7.36571959112e-20, 9.15170916238e-20, 2.45069498015e-19, 2.95465993822e-19, 4.60603633379e-19, 2.93338459438e-19, 4.10260309775e-19, 6.40734309279e-19, 8.63775858334e-19, 2.02576635412e-18, 2.26222296325e-18, 3.389309901e-18, 2.61209906246e-18, 4.34619884426e-18, 3.83428819601e-18, 7.8653006212e-18, 5.01852256074e-18, 8.19568069376e-18, 1.14732217436e-17, 1.2987820878e-17, 1.43797011512e-17, 1.49408058848e-17, 1.45824762065e-17, 1.56210395159e-17, 1.44212041112e-17, 1.52259416594e-17, 1.47349272478e-17, 1.29442102618e-17, 1.00990439628e-17, 8.80006434422e-18, 4.57109849946e-18, 2.50271000992e-18, 1.15697338687e-18, 3.0444726242e-19, 3.28523795252e-20],
        "var": [4.60357666016, 104.182365417, 123.032608032, 73.4584503174, 147.216873169, 422.430541992, 224.413604736, 399.231384277, 443.316894531, 325.133056641, 1053.64672852, 560.594909668, 1394.10510254, 877.682556152, 3205.72705078, 6101.16210938, 1210.79992676, 7077.07519531, 2263.73022461, 710.716064453, 1692.1640625, 721.384643555, 616.217285156, 482.121795654, 2275.19433594, 1039.37536621, 1542.18078613, 1361.75610352, 1543.95849609, 1529.5378418, 1659.77734375, 1381.49475098, 919.284790039, 454.885620117, 203.028762817, 63.1904907227, 16.3257713318, 1.82144582272, 0.00815336871892, 1.76652963546e-06]
    },
    "gfcc": {
        "mean": [74.2801132202, 15.142578125, -83.2082901001, 34.372013092, -45.832244873, 26.7689380646, -30.36992836, 13.739367485, -23.5527610779, 12.290555954, -16.4031715393, 8.65383338928, -12.077129364],
        "cov": [[13301.7460938, -1357.39648438, 517.422424316, 458.844451904, -149.752944946, 399.166992188, -292.602508545, 283.057525635, -213.493499756, 363.350067139, -247.900939941, 318.468109131, -225.623275757], [-1357.39648438, 3690.81860352, -526.515136719, -29.1618499756, 190.865325928, -240.791397095, 245.145111084, -313.966369629, 236.366775513, -334.818603516, 145.197311401, -421.881072998, 112.264328003], [517.422424316, -526.515136719, 1001.36260986, 214.267486572, 237.667556763, 184.967712402, 121.431343079, 188.519424438, 49.5028266907, 106.892654419, -63.4039649963, 97.4510421753, -76.4115829468], [458.844451904, -29.1618499756, 214.267486572, 440.587310791, 124.193458557, 175.844223022, 63.1189193726, 127.411170959, 35.4276237488, 36.4324798584, -21.3993167877, -16.4936962128, -19.4406490326], [-149.752944946, 190.865325928, 237.667556763, 124.193458557, 339.5078125, 169.893737793, 173.351119995, 97.8404998779, 97.6655273438, 35.8237113953, 23.3163890839, 17.2946662903, -3.33570742607], [399.166992188, -240.791397095, 184.967712402, 175.844223022, 169.893737793, 271.389038086, 117.920478821, 153.337738037, 28.108549118, 83.2557220459, 0.810859084129, 52.5902366638, -12.6624164581], [-292.602508545, 245.145111084, 121.431343079, 63.1189193726, 173.351119995, 117.920478821, 246.443725586, 119.349395752, 127.253990173, 18.9655132294, 38.9036598206, -9.61203384399, 16.5513286591], [283.057525635, -313.966369629, 188.519424438, 127.411170959, 97.8404998779, 153.337738037, 119.349395752, 215.878540039, 87.2880554199, 88.0757904053, -17.9542999268, 48.9879264832, -12.4839677811], [-213.493499756, 236.366775513, 49.5028266907, 35.4276237488, 97.6655273438, 28.108549118, 127.253990173, 87.2880554199, 162.314880371, 34.2992248535, 26.2293434143, -26.7960987091, 4.99073219299], [363.350067139, -334.818603516, 106.892654419, 36.4324798584, 35.8237113953, 83.2557220459, 18.9655132294, 88.0757904053, 34.2992248535, 138.409057617, 28.1199169159, 62.6333427429, -19.1661300659], [-247.900939941, 145.197311401, -63.4039649963, -21.3993167877, 23.3163890839, 0.810859084129, 38.9036598206, -17.9542999268, 26.2293434143, 28.1199169159, 97.4302825928, 19.8001060486, 29.5074939728], [318.468109131, -421.881072998, 97.4510421753, -16.4936962128, 17.2946662903, 52.5902366638, -9.61203384399, 48.9879264832, -26.7960987091, 62.6333427429, 19.8001060486, 134.775894165, 24.2857704163], [-225.623275757, 112.264328003, -76.4115829468, -19.4406490326, -3.33570742607, -12.6624164581, 16.5513286591, -12.4839677811, 4.99073219299, -19.1661300659, 29.5074939728, 24.2857704163, 82.8550720215]],
        "icov": [[0.000111485191155, -9.96935632429e-05, 2.3632464945e-05, -0.000107627332909, 0.000175672976184, -0.000129537147586, 4.73991312901e-05, 2.4304859835e-05, 7.19316667528e-05, -0.000332691648509, 0.000454582303064, -0.000540912093129, 0.000332040683134], [-9.96935632429e-05, 0.000936321390327, 3.60486083082e-05, -3.23432468576e-05, -0.000654078030493, 0.000158368828124, -0.000362971419236, 0.00105161592364, -0.00103794899769, 0.00127177033573, -0.00136173982173, 0.00235766987316, -0.00113505020272], [2.3632464945e-05, 3.60486083082e-05, 0.00179729191586, -0.000719131843653, -0.000947660242673, 0.000838358770125, -0.00103738624603, 8.92040116014e-05, 0.00033452414209, -0.000777787005063, 0.00169565342367, -0.00173758645542, 0.0015202970244], [-0.000107627332909, -3.23432468576e-05, -0.000719131843653, 0.00405078940094, -0.000465177610749, -0.00227785063908, 0.00212955544703, -0.00245770695619, 0.00012117317965, 0.00119888281915, -0.00162449770141, 0.00308053777553, -0.00117893971037], [0.000175672976184, -0.000654078030493, -0.000947660242673, -0.000465177610749, 0.00761129939929, -0.00435615470633, -0.00210196780972, 0.00282066641375, -0.00300034484826, 0.00027117645368, 0.00119890004862, -0.0034926251974, 0.00170730566606], [-0.000129537147586, 0.000158368828124, 0.000838358770125, -0.00227785063908, -0.00435615470633, 0.0126924803481, -0.00407273881137, -0.00498047238216, 0.00697187660262, -0.00403732433915, 0.000380456942366, 0.000261606473941, -6.71394882374e-05], [4.73991312901e-05, -0.000362971419236, -0.00103738624603, 0.00212955544703, -0.00210196780972, -0.00407273881137, 0.0143499011174, -0.00640705088153, -0.00509374123067, 0.00555425742641, -0.0062751006335, 0.00253437343054, -0.00129158678465], [2.4304859835e-05, 0.00105161592364, 8.92040116014e-05, -0.00245770695619, 0.00282066641375, -0.00498047238216, -0.00640705088153, 0.0202602278441, -0.00882513634861, -0.00427836226299, 0.0082466006279, -0.00429348647594, -0.000304661371047], [7.19316667528e-05, -0.00103794899769, 0.00033452414209, 0.00012117317965, -0.00300034484826, 0.00697187660262, -0.00509374123067, -0.00882513634861, 0.019222650677, -0.00672956136987, -0.000693081121426, 0.00411245739087, -0.00110142386984], [-0.000332691648509, 0.00127177033573, -0.000777787005063, 0.00119888281915, 0.00027117645368, -0.00403732433915, 0.00555425742641, -0.00427836226299, -0.00672956136987, 0.0208176933229, -0.0112388031557, -0.0011378058698, 0.00413155369461], [0.000454582303064, -0.00136173982173, 0.00169565342367, -0.00162449770141, 0.00119890004862, 0.000380456942366, -0.0062751006335, 0.0082466006279, -0.000693081121426, -0.0112388031557, 0.0235854871571, -0.00860637426376, -0.00156692764722], [-0.000540912093129, 0.00235766987316, -0.00173758645542, 0.00308053777553, -0.0034926251974, 0.000261606473941, 0.00253437343054, -0.00429348647594, 0.00411245739087, -0.0011378058698, -0.00860637426376, 0.0244670491666, -0.0114184143022], [0.000332040683134, -0.00113505020272, 0.0015202970244, -0.00117893971037, 0.00170730566606, -6.71394882374e-05, -0.00129158678465, -0.000304661371047, -0.00110142386984, 0.00413155369461, -0.00156692764722, -0.0114184143022, 0.0208343751729]]
    },
    "melbands": {
        "dmean": [0.00597417168319, 0.00302372011356, 0.000712476088665, 0.000563859764952, 0.000284889625618, 0.000200925089302, 0.000130656597321, 9.29700981942e-05, 8.94508048077e-05, 6.21415165369e-05, 5.64179899811e-05, 4.74102271255e-05, 4.7719819122e-05, 6.27592016826e-05, 4.42477576144e-05, 5.17347471032e-05, 5.5362994317e-05, 3.22448322549e-05, 2.58974905591e-05, 1.83457250387e-05, 2.26044521696e-05, 1.57749327627e-05, 1.33594803629e-05, 1.44535615618e-05, 9.7511237982e-06, 1.55979651026e-05, 1.29145655592e-05, 1.08850927063e-05, 1.2726281966e-05, 1.0690475392e-05, 1.34546489789e-05, 1.13309297376e-05, 1.28502078951e-05, 1.05220206024e-05, 1.03819520518e-05, 1.04037644633e-05, 9.55865380092e-06, 8.38647702039e-06, 7.81461949373e-06, 8.28861720947e-06],
        "dmean2": [0.00859727989882, 0.0045464290306, 0.00122292235028, 0.000957379292231, 0.000495565123856, 0.000346856570104, 0.000226943084272, 0.000161205622135, 0.000148077029735, 9.88934989437e-05, 8.9064007625e-05, 7.62173222029e-05, 7.33143824618e-05, 0.000100269549876, 7.36377915018e-05, 8.5799882072e-05, 9.09467926249e-05, 5.28947457497e-05, 4.25389807788e-05, 3.02943408315e-05, 3.68432047253e-05, 2.60280521616e-05, 2.19727207877e-05, 2.40046047111e-05, 1.6172960386e-05, 2.56990406342e-05, 2.12835620914e-05, 1.79509406735e-05, 2.1077645215e-05, 1.81353425432e-05, 2.25826133828e-05, 1.8866992832e-05, 2.13772800635e-05, 1.78165701072e-05, 1.73274092958e-05, 1.73143907887e-05, 1.61222578754e-05, 1.3981898519e-05, 1.29758018375e-05, 1.38075101859e-05],
        "dvar": [8.26457908261e-05, 4.76328059449e-05, 2.79722189589e-06, 1.17611443784e-06, 2.80608901448e-07, 1.90207842365e-07, 9.53801659875e-08, 3.47614950158e-08, 2.91570483313e-08, 1.50725139036e-08, 1.30134010234e-08, 6.568494193e-09, 2.40160478171e-08, 1.94320222136e-08, 7.78845077321e-09, 9.78294067977e-09, 1.28248416331e-08, 3.10342795906e-09, 2.06923744805e-09, 5.27185184396e-10, 1.5254333352e-09, 5.35369470978e-10, 3.08061243182e-10, 4.82260564816e-10, 1.4524402514e-10, 5.10988029667e-10, 3.35660499395e-10, 2.12053832827e-10, 3.60005247835e-10, 2.17112355871e-10, 3.14667847334e-10, 2.38267267028e-10, 2.88339768728e-10, 1.84783285895e-10, 2.01913111231e-10, 2.28888727416e-10, 2.15771678302e-10, 1.30223123951e-10, 1.22009707892e-10, 1.45035330967e-10],
        "dvar2": [0.000151959786308, 0.000108802320028, 7.68281643104e-06, 3.20468029713e-06, 7.84825544997e-07, 5.05475554746e-07, 2.5145266136e-07, 9.49147107576e-08, 6.93689230502e-08, 3.11503320916e-08, 2.55845797881e-08, 1.54553614351e-08, 4.60356517351e-08, 4.68667522568e-08, 1.97911607103e-08, 2.47371474416e-08, 3.11941867892e-08, 7.62973151325e-09, 5.24955678927e-09, 1.34517019745e-09, 3.83301612672e-09, 1.3883976191e-09, 7.8174955398e-10, 1.27162469443e-09, 3.82028630952e-10, 1.27773791547e-09, 8.60792603863e-10, 5.54506385253e-10, 9.1576352057e-10, 5.90431148417e-10, 8.19362633298e-10, 6.14843342905e-10, 7.50811746109e-10, 4.98024455009e-10, 5.35692101788e-10, 5.94142290922e-10, 6.00153260422e-10, 3.43809758441e-10, 3.29511251618e-10, 3.86030124533e-10],
        "max": [0.121836647391, 0.0937491729856, 0.0255859829485, 0.0211291369051, 0.00795075390488, 0.00768682174385, 0.00876564066857, 0.00367317278869, 0.00500226439908, 0.00503271305934, 0.00470204511657, 0.00207653967664, 0.00841188244522, 0.00342743168585, 0.00181481766049, 0.00205647409894, 0.00262037036009, 0.00101381738205, 0.00168595765717, 0.000304781511659, 0.000776284083258, 0.000739072449505, 0.000358682416845, 0.000630177964922, 0.000376850337489, 0.000491306826007, 0.000372343754862, 0.000335044955136, 0.000504822237417, 0.000300441664876, 0.00038261510781, 0.00025651731994, 0.000261104782112, 0.000257306353888, 0.000283956702333, 0.000426706188591, 0.000257754640188, 0.00024924587342, 0.000229658617172, 0.000206841403269],
        "mean": [0.010613925755, 0.0040334854275, 0.000870903604664, 0.000729102699552, 0.000380615208996, 0.000235351355514, 0.000160393290571, 0.0001245867752, 0.000136350980029, 0.000112125038868, 0.00010340569861, 7.92686842033e-05, 8.39339045342e-05, 0.000109786502435, 6.8096742325e-05, 7.72943094489e-05, 8.18466432975e-05, 5.05819589307e-05, 4.36074260506e-05, 3.37037890858e-05, 3.89528868254e-05, 3.01238069369e-05, 2.52007757808e-05, 2.6575573429e-05, 1.98521265702e-05, 3.14339631586e-05, 2.6331983463e-05, 2.22646212933e-05, 2.60125580098e-05, 1.98645957425e-05, 2.53102807619e-05, 2.32371512539e-05, 2.58264171862e-05, 2.18061159103e-05, 2.21627506107e-05, 2.10933758353e-05, 2.07609991776e-05, 1.9486691599e-05, 1.72258387465e-05, 1.67965936271e-05],
        "median": [0.00414778385311, 0.00131590361707, 0.000412172114011, 0.00028509052936, 0.000187486948562, 0.000100134624518, 7.3979193985e-05, 6.1352038756e-05, 6.29386413493e-05, 5.88894945395e-05, 5.52200581296e-05, 3.98906231567e-05, 3.81716708944e-05, 4.94822306791e-05, 3.80195779144e-05, 4.09023668908e-05, 3.82460857509e-05, 2.82057935692e-05, 2.88834708044e-05, 2.54587048403e-05, 2.54832648352e-05, 2.25317107834e-05, 1.89867369045e-05, 1.95754873857e-05, 1.6379819499e-05, 2.32893980865e-05, 1.90652408492e-05, 1.62995329447e-05, 1.73612734216e-05, 1.50097712321e-05, 1.87678215298e-05, 1.8305321646e-05, 1.97586396098e-05, 1.65766250575e-05, 1.5965079001e-05, 1.42492071973e-05, 1.48677963807e-05, 1.36217213367e-05, 1.19829865071e-05, 1.21404746096e-05],
        "min": [6.09119342397e-24, 2.19077756876e-24, 5.2854473455e-24, 2.32777154799e-24, 3.87996345295e-24, 5.72321544966e-24, 4.60268862646e-24, 5.47323489513e-24, 2.42188383727e-24, 2.3798618085e-24, 3.28950145983e-24, 3.17820442737e-24, 6.60405871972e-24, 6.08891085494e-24, 8.41163882073e-24, 3.41496781465e-24, 4.75546495139e-24, 7.21843779221e-24, 5.06324652775e-24, 6.46036928356e-24, 8.8326325866e-24, 4.94133162472e-24, 6.22036900277e-24, 6.97194005857e-24, 7.88872107046e-24, 8.47110000032e-24, 1.23212894761e-23, 8.17700792169e-24, 8.59736665453e-24, 9.22707092782e-24, 8.31313454835e-24, 9.15197846939e-24, 7.70104159478e-24, 7.3980196107e-24, 8.61421751233e-24, 7.73301886043e-24, 8.52658295437e-24, 7.52568807074e-24, 8.11630113073e-24, 7.42297285885e-24],
        "var": [0.000263263355009, 6.23635569355e-05, 2.29263059737e-06, 1.37427923619e-06, 3.12073694886e-07, 1.80351378276e-07, 1.02821744008e-07, 3.55799194551e-08, 5.99408949142e-08, 4.22131982702e-08, 3.61250087622e-08, 1.37421478641e-08, 6.28766940736e-08, 3.88225807058e-08, 1.14370308779e-08, 1.45134153584e-08, 2.12905657548e-08, 5.33418420545e-09, 3.19750959044e-09, 9.8321939479e-10, 2.54593657267e-09, 1.0255003513e-09, 5.91470539213e-10, 9.06440700277e-10, 2.91414364861e-10, 1.10804543318e-09, 7.63023366712e-10, 4.93077578767e-10, 9.09612274391e-10, 3.3827537993e-10, 6.43628650376e-10, 4.82075990238e-10, 6.29403085206e-10, 4.64856458882e-10, 6.0283222858e-10, 5.91339921474e-10, 5.54966517186e-10, 4.95476382145e-10, 3.90839638431e-10, 3.28779559133e-10]
    },
    "mfcc": {
        "mean": [-578.840087891, 61.7062301636, 19.2992267609, 18.7979469299, 11.8778924942, 15.2648077011, 8.89336490631, 6.61062240601, 4.05546236038, 4.85884380341, 3.73291158676, 2.27076196671, 2.44418382645],
        "cov": [[6709.61425781, -1161.19360352, 178.982910156, 66.1183624268, 120.321395874, 157.349960327, 28.1497898102, 75.8833847046, 70.3051071167, 28.3506164551, 44.7386932373, 34.7429389954, 27.6380805969], [-1161.19360352, 2598.82763672, -231.451904297, 93.2734451294, -5.43201541901, 45.0616149902, -5.71038675308, -6.72817277908, 23.4816188812, 3.66415596008, 36.4531745911, 18.0364551544, -46.5924606323], [178.982910156, -231.451904297, 617.297119141, 166.885040283, 153.437194824, 65.9881439209, 84.5280532837, 91.5275650024, 89.2710876465, 73.1026687622, 47.5383796692, 25.4854984283, 19.8422412872], [66.1183624268, 93.2734451294, 166.885040283, 265.625701904, 129.117446899, 87.4986572266, 59.3965263367, 79.6633148193, 77.076499939, 65.9128570557, 43.2174835205, 29.8291721344, 11.5746021271], [120.321395874, -5.43201541901, 153.437194824, 129.117446899, 212.060256958, 121.817649841, 92.3907089233, 87.0171508789, 79.5991668701, 50.7455406189, 43.3702354431, 37.2419586182, 29.4261360168], [157.349960327, 45.0616149902, 65.9881439209, 87.4986572266, 121.817649841, 161.118041992, 114.346717834, 80.0748901367, 61.6826782227, 48.1512756348, 47.5538406372, 42.526260376, 30.715970993], [28.1497898102, -5.71038675308, 84.5280532837, 59.3965263367, 92.3907089233, 114.346717834, 165.723983765, 104.679862976, 72.2285842896, 55.7513198853, 40.9121704102, 43.7730827332, 43.2860794067], [75.8833847046, -6.72817277908, 91.5275650024, 79.6633148193, 87.0171508789, 80.0748901367, 104.679862976, 168.704238892, 125.854942322, 74.6902313232, 52.0416069031, 36.5109100342, 38.5419921875], [70.3051071167, 23.4816188812, 89.2710876465, 77.076499939, 79.5991668701, 61.6826782227, 72.2285842896, 125.854942322, 166.74180603, 105.376274109, 64.5595016479, 39.6599082947, 34.2398033142], [28.3506164551, 3.66415596008, 73.1026687622, 65.9128570557, 50.7455406189, 48.1512756348, 55.7513198853, 74.6902313232, 105.376274109, 132.113891602, 82.2442398071, 41.5554771423, 25.3482303619], [44.7386932373, 36.4531745911, 47.5383796692, 43.2174835205, 43.3702354431, 47.5538406372, 40.9121704102, 52.0416069031, 64.5595016479, 82.2442398071, 109.394226074, 60.7053909302, 27.9621734619], [34.7429389954, 18.0364551544, 25.4854984283, 29.8291721344, 37.2419586182, 42.526260376, 43.7730827332, 36.5109100342, 39.6599082947, 41.5554771423, 60.7053909302, 82.0796737671, 47.9089889526], [27.6380805969, -46.5924606323, 19.8422412872, 11.5746021271, 29.4261360168, 30.715970993, 43.2860794067, 38.5419921875, 34.2398033142, 25.3482303619, 27.9621734619, 47.9089889526, 78.6099624634]],
