{
"lowlevel": {
    "average_loudness": 0.941248655319,
    "barkbands_crest": {
        "dmean": 2.64416193962,
        "dmean2": 4.01972866058,
        "dvar": 8.02401161194,
        "dvar2": 16.9785900116,
        "max": 26.4889125824,
        "mean": 8.64079666138,
        "median": 6.75656652451,
        "min": 1.83705627918,
        "var": 29.9424781799
    },
    "barkbands_flatness_db": {
        "dmean": 0.021745800972,
        "dmean2": 0.0331303402781,
        "dvar": 0.000634657393675,
        "dvar2": 0.0014041622635,
        "max": 0.801218688488,
        "mean": 0.091030292213,
        "median": 0.0767093896866,
        "min": 0.013450759463,
        "var": 0.00294547597878
    },
    "barkbands_kurtosis": {
        "dmean": 2.66690969467,
        "dmean2": 4.26695394516,
        "dvar": 416.610351562,
        "dvar2": 776.255065918,
        "max": 1740.83166504,
        "mean": 2.36656045914,
        "median": -0.597875475883,
        "min": -1.87635374069,
        "var": 1130.23840332
    },
    "barkbands_skewness": {
        "dmean": 0.590349912643,
        "dmean2": 0.867962658405,
        "dvar": 0.666323125362,
        "dvar2": 1.39923763275,
        "max": 28.7959785461,
        "mean": 0.332661837339,
        "median": 0.05006749928,
        "min": -5.40440368652,
        "var": 2.78670430183
    },
    "barkbands_spread": {
        "dmean": 9.86717987061,
        "dmean2": 15.4082946777,
        "dvar": 103.431343079,
        "dvar2": 243.21156311,
        "max": 120.158409119,
        "mean": 45.9630584717,
        "median": 45.3552322388,
        "min": 0.069168612361,
        "var": 361.409179688
    },
    "dissonance": {
        "dmean": 0.0085159894079,
        "dmean2": 0.0143594779074,
        "dvar": 9.70618784777e-05,
        "dvar2": 0.000263340538368,
        "max": 0.500000059605,
        "mean": 0.486292302608,
        "median": 0.490147709846,
        "min": 0.379441171885,
        "var": 0.000167413018062
    },
    "dynamic_complexity": 1.72815048695,
    "erbbands_crest": {
        "dmean": 1.65203225613,
        "dmean2": 2.76677751541,
        "dvar": 3.05087256432,
        "dvar2": 7.86538410187,
        "max": 26.5848064423,
        "mean": 5.59672689438,
        "median": 4.84390068054,
        "min": 2.22943282127,
        "var": 6.97292327881
    },
    "erbbands_flatness_db": {
        "dmean": 0.0141612729058,
        "dmean2": 0.0213230270892,
        "dvar": 0.000225512078032,
        "dvar2": 0.000472946587251,
        "max": 0.456077456474,
        "mean": 0.124230749905,
        "median": 0.116119399667,
        "min": 0.0269228592515,
        "var": 0.00162980903406
    },
    "erbbands_kurtosis": {
        "dmean": 0.623553156853,
        "dmean2": 0.993465900421,
        "dvar": 1.02701067924,
        "dvar2": 2.34623122215,
        "max": 36.5652275085,
        "mean": -0.0891482383013,
        "median": -0.382750988007,
        "min": -1.71669316292,
        "var": 2.06934380531
    },
    "erbbands_skewness": {
        "dmean": 0.284528672695,
        "dmean2": 0.445698022842,
        "dvar": 0.0686322003603,
        "dvar2": 0.162407636642,
        "max": 2.64025735855,
        "mean": -0.340378016233,
        "median": -0.366137683392,
        "min": -5.26843214035,
        "var": 0.311941415071
    },
    "erbbands_spread": {
        "dmean": 10.1269321442,
        "dmean2": 15.3476486206,
        "dvar": 145.152557373,
        "dvar2": 303.208831787,
        "max": 155.036773682,
        "mean": 45.1196746826,
        "median": 41.3558197021,
        "min": 1.96449065208,
        "var": 299.848724365
    },
    "hfc": {
        "dmean": 16.7942066193,
        "dmean2": 26.134344101,
        "dvar": 364.500152588,
        "dvar2": 841.250610352,
        "max": 357.89743042,
        "mean": 68.1860198975,
        "median": 61.1140098572,
        "min": 1.0621595297e-16,
        "var": 2163.03637695
    },
    "melbands_crest": {
        "dmean": 4.18241643906,
        "dmean2": 6.24256229401,
        "dvar": 20.3577919006,
        "dvar2": 38.7509040833,
        "max": 39.9841499329,
        "mean": 14.5817451477,
        "median": 11.5987014771,
        "min": 1.00085568428,
        "var": 91.5989074707
    },
    "melbands_flatness_db": {
        "dmean": 0.0286161582917,
        "dmean2": 0.0417888611555,
        "dvar": 0.00127759715542,
        "dvar2": 0.00272563402541,
        "max": 0.839322268963,
        "mean": 0.102089829743,
        "median": 0.0835320651531,
        "min": 4.78891990952e-07,
        "var": 0.00546275451779
    },
    "melbands_kurtosis": {
        "dmean": 17.6949729919,
        "dmean2": 29.0813426971,
        "dvar": 155253.328125,
        "dvar2": 276288.4375,
        "max": 31986.6757812,
        "mean": 24.8965320587,
        "median": 1.28604698181,
        "min": -1.89148747921,
        "var": 369455.25
    },
    "melbands_skewness": {
        "dmean": 0.990057826042,
        "dmean2": 1.49210977554,
        "dvar": 5.28668832779,
        "dvar2": 9.79570579529,
        "max": 168.959381104,
        "mean": 2.15839576721,
        "median": 1.33136487007,
        "min": -6.17986869812,
        "var": 17.807056427
    },
    "melbands_spread": {
        "dmean": 18.1554298401,
        "dmean2": 27.2571144104,
        "dvar": 367.950378418,
        "dvar2": 792.387023926,
        "max": 263.865722656,
        "mean": 72.176399231,
        "median": 71.0169219971,
        "min": 0.0185498204082,
        "var": 1782.4465332
    },
    "pitch_salience": {
        "dmean": 0.0772628635168,
        "dmean2": 0.112428545952,
        "dvar": 0.0073895319365,
        "dvar2": 0.0142604326829,
        "max": 0.997746109962,
        "mean": 0.56149995327,
        "median": 0.611598372459,
        "min": 0.00456666946411,
        "var": 0.0315869413316
    },
    "silence_rate_20dB": {
        "dmean": 0,
        "dmean2": 0,
        "dvar": 0,
        "dvar2": 0,
        "max": 1,
        "mean": 1,
        "median": 1,
        "min": 1,
        "var": 0
    },
    "silence_rate_30dB": {
        "dmean": 0.0149580920115,
        "dmean2": 0.0299200415611,
        "dvar": 0.0147343054414,
        "dvar2": 0.0393434464931,
        "max": 1,
        "mean": 0.989298582077,
        "median": 1,
        "min": 0,
        "var": 0.0105868000537
    },
    "silence_rate_60dB": {
        "dmean": 0.00335267558694,
        "dmean2": 0.00670621637255,
        "dvar": 0.00334162963554,
        "dvar2": 0.0082094958052,
        "max": 1,
        "mean": 0.0804538428783,
        "median": 0,
        "min": 0,
        "var": 0.0739799663424
    },
    "spectral_centroid": {
        "dmean": 369.874084473,
        "dmean2": 558.98638916,
        "dvar": 178865.046875,
        "dvar2": 387630.21875,
        "max": 11907.1699219,
        "mean": 3339.82568359,
        "median": 3010.86865234,
        "min": 287.097991943,
        "var": 3867424.25
    },
    "spectral_complexity": {
        "dmean": 5.22166347504,
        "dmean2": 8.02166652679,
        "dvar": 27.2735042572,
        "dvar2": 62.7477416992,
        "max": 66,
        "mean": 30.2552871704,
        "median": 32,
        "min": 0,
        "var": 195.052825928
    },
    "spectral_decrease": {
        "dmean": 2.71680988817e-09,
        "dmean2": 4.24636725782e-09,
        "dvar": 1.98140643631e-17,
        "dvar2": 4.78699379739e-17,
        "max": 1.70191203349e-17,
        "mean": -7.31690441569e-09,
        "median": -5.17773957043e-09,
        "min": -4.96041820952e-08,
        "var": 4.5551909891e-17
    },
    "spectral_energy": {
        "dmean": 0.0109059205279,
        "dmean2": 0.0170564297587,
        "dvar": 0.000270567543339,
        "dvar2": 0.000655100680888,
        "max": 0.190818294883,
        "mean": 0.0338004417717,
        "median": 0.0277534350753,
        "min": 9.86477019279e-21,
        "var": 0.000661498575937
    },
    "spectral_energyband_high": {
        "dmean": 0.0019111452857,
        "dmean2": 0.00298338057473,
        "dvar": 5.3689136621e-06,
        "dvar2": 1.2678571693e-05,
        "max": 0.0417876839638,
        "mean": 0.00674544228241,
        "median": 0.00555198919028,
        "min": 6.96771953913e-21,
        "var": 3.10218347295e-05
    },
    "spectral_energyband_low": {
        "dmean": 0.00828838162124,
        "dmean2": 0.0129835521802,
        "dvar": 0.000314161326969,
        "dvar2": 0.000774633546825,
        "max": 0.180576145649,
        "mean": 0.0137592339888,
        "median": 0.00251475791447,
        "min": 7.22218488151e-24,
        "var": 0.000569397234358
    },
    "spectral_energyband_middle_high": {
        "dmean": 0.00224801315926,
        "dmean2": 0.00356635497883,
        "dvar": 5.50415188627e-06,
        "dvar2": 1.35039117595e-05,
        "max": 0.0491004213691,
        "mean": 0.00726437056437,
        "median": 0.00657373713329,
        "min": 1.01878248136e-21,
        "var": 2.31584508583e-05
    },
    "spectral_energyband_middle_low": {
        "dmean": 0.00441448949277,
        "dmean2": 0.00732666673139,
        "dvar": 9.32101611397e-05,
        "dvar2": 0.000250284851063,
        "max": 0.104907184839,
        "mean": 0.00578046357259,
        "median": 0.0027362157125,
        "min": 1.41790818359e-22,
        "var": 8.15440726001e-05
    },
    "spectral_entropy": {
        "dmean": 0.103205226362,
        "dmean2": 0.161850720644,
        "dvar": 0.0132603608072,
        "dvar2": 0.0313142500818,
        "max": 9.8335723877,
        "mean": 8.31588363647,
        "median": 8.30988121033,
        "min": 6.1696472168,
        "var": 0.202898591757
    },
    "spectral_flux": {
        "dmean": 0.0293462332338,
        "dmean2": 0.0441427230835,
        "dvar": 0.00149319879711,
        "dvar2": 0.00276241730899,
        "max": 0.405729860067,
        "mean": 0.112025186419,
        "median": 0.101735316217,
        "min": 6.26088972333e-11,
        "var": 0.00395703222603
    },
    "spectral_kurtosis": {
        "dmean": 0.414289355278,
        "dmean2": 0.660941779613,
        "dvar": 0.184082210064,
        "dvar2": 0.439079016447,
        "max": 20.9165229797,
        "mean": 1.49352824688,
        "median": 1.57599520683,
        "min": -1.27113366127,
        "var": 1.04336249828
    },
    "spectral_rms": {
        "dmean": 0.000831250566989,
        "dmean2": 0.00126425025519,
        "dvar": 1.07171217678e-06,
        "dvar2": 2.36894197769e-06,
        "max": 0.0136441998184,
        "mean": 0.0052461209707,
        "median": 0.0052035106346,
        "min": 3.10228405465e-12,
        "var": 5.4542288126e-06
    },
    "spectral_rolloff": {
        "dmean": 1132.88232422,
        "dmean2": 1771.06005859,
        "dvar": 1951174.75,
        "dvar2": 3976477.75,
        "max": 19638.28125,
        "mean": 6277.77294922,
        "median": 6438.42773438,
        "min": 21.533203125,
        "var": 19247946
    },
    "spectral_skewness": {
        "dmean": 0.095171995461,
        "dmean2": 0.14979416132,
        "dvar": 0.0075469953008,
        "dvar2": 0.0174975525588,
        "max": 3.28804206848,
        "mean": 1.01046907902,
        "median": 1.06230378151,
        "min": -0.290306061506,
        "var": 0.0949751809239
    },
    "spectral_spread": {
        "dmean": 589285.6875,
        "dmean2": 909038,
        "dvar": 711349436416,
        "dvar2": 1.61120557466e+12,
        "max": 53354572,
        "mean": 8401726,
        "median": 6474497.5,
        "min": 1912710.875,
        "var": 6.0330289922e+13
    },
    "spectral_strongpeak": {
        "dmean": 0.757765233517,
        "dmean2": 1.28879582882,
        "dvar": 3.09147191048,
        "dvar2": 7.39493274689,
        "max": 30.9225883484,
        "mean": 1.10211730003,
        "median": 0.44256734848,
        "min": 0,
        "var": 5.11670541763
    },
    "zerocrossingrate": {
        "dmean": 0.020071791485,
        "dmean2": 0.0216792095453,
        "dvar": 0.000369124754798,
        "dvar2": 0.000419783522375,
        "max": 0.697265625,
        "mean": 0.185880661011,
        "median": 0.177734375,
        "min": 0.00048828125,
        "var": 0.0124598843977
    },
    "barkbands": {
        "dmean": [0.00227894424461, 0.00649003637955, 0.00245670066215, 0.00181183940731, 0.00204392243177, 0.000248589203693, 0.000365035433788, 0.000287283648504, 0.000531799392775, 0.000696789240465, 0.000405428552767, 0.000497486675158, 0.00039366967394, 0.000306761852698, 0.000439732393716, 0.000296371988952, 0.000406098755775, 0.000344563304679, 0.000442031654529, 0.000498752808198, 0.000596722820774, 0.000440187723143, 0.000426255021011, 0.000435426074546, 0.000363542203559, 0.000193951142137, 2.49045751843e-05],
        "dmean2": [0.00297195813619, 0.0100553948432, 0.00428258627653, 0.00339212804101, 0.00335176545195, 0.000393700262066, 0.000567948678508, 0.000459408824099, 0.000837900617626, 0.00110400398262, 0.000652078422718, 0.000802222406492, 0.000645904976409, 0.000516876985785, 0.000729874358512, 0.000494274601806, 0.000682291924022, 0.000560312357266, 0.000733317516278, 0.000817199121229, 0.00100834236946, 0.000722592289094, 0.000694512971677, 0.000677960517351, 0.000568433431908, 0.000308408227284, 4.09441890952e-05],
        "dvar": [4.33480381616e-05, 0.000232420352404, 6.6267530201e-05, 4.27582890552e-05, 2.47941061389e-05, 4.14904320678e-07, 6.93194692758e-07, 6.44526323867e-07, 1.25073938761e-06, 1.87411262687e-06, 4.83677240481e-07, 7.33015156129e-07, 4.00853991778e-07, 2.30596015172e-07, 4.79401251141e-07, 1.65880081227e-07, 3.32104889367e-07, 1.8756148279e-07, 2.72738105878e-07, 5.13603481522e-07, 7.03984710526e-07, 3.09679961674e-07, 3.92037804886e-07, 3.78824267955e-07, 3.36311785532e-07, 5.95359352928e-08, 6.52508180821e-09],
        "dvar2": [6.20425926172e-05, 0.000601756735705, 0.000174531582161, 0.000122278404888, 6.04781780567e-05, 9.20364584545e-07, 1.6657775177e-06, 1.62619539879e-06, 2.57262286141e-06, 4.63521473648e-06, 1.18821901651e-06, 1.83445092716e-06, 1.03584488897e-06, 6.41561939574e-07, 1.21957134525e-06, 4.21667522232e-07, 8.86332770733e-07, 4.65679988793e-07, 6.99511303992e-07, 1.26365614506e-06, 1.96530663743e-06, 7.79459924161e-07, 9.81851826509e-07, 8.05190893516e-07, 8.51798915846e-07, 1.41309570267e-07, 1.62880340326e-08],
        "max": [0.0832488164306, 0.159204304218, 0.091416567564, 0.0907462313771, 0.0479544773698, 0.0177133772522, 0.0292674303055, 0.0238034483045, 0.0363593250513, 0.0354918278754, 0.0134242847562, 0.0182619709522, 0.0121704954654, 0.0111508937553, 0.019201060757, 0.00896639190614, 0.0133528439328, 0.00559783726931, 0.00833815615624, 0.0142954709008, 0.0128904683515, 0.0136668356135, 0.0252817124128, 0.0149755412713, 0.0142809515819, 0.00352014461532, 0.0027608522214],
        "mean": [0.00347310048528, 0.00894114561379, 0.00181955075823, 0.00118508527521, 0.00194704462774, 0.000398174044676, 0.000598476966843, 0.000414806738263, 0.000818968750536, 0.00110495416448, 0.000609387818258, 0.000783375406172, 0.000613236625213, 0.000475006527267, 0.000687985098921, 0.000499098037835, 0.000700688979123, 0.000644810497761, 0.000872639473528, 0.000951007183176, 0.00127182505094, 0.00109994644299, 0.00113647861872, 0.00121707806829, 0.000982325873338, 0.000524995790329, 2.91604083031e-05],
        "median": [0.000103801357909, 0.00150027452037, 9.48407323449e-05, 7.14895941201e-05, 0.000168371858308, 0.000142489559948, 0.00025601091329, 0.000147434286191, 0.000346837914549, 0.000528969685547, 0.000326948647853, 0.000383547070669, 0.000377059419407, 0.000304194312776, 0.000437188136857, 0.000340813072398, 0.000516878499184, 0.000481424794998, 0.000672517344356, 0.000744212418795, 0.000953469541855, 0.000905806780793, 0.000888352864422, 0.000843330344651, 0.000669432105497, 0.000387010572013, 5.00579608342e-06],
        "min": [1.26098355668e-25, 1.42426903728e-24, 5.70229387238e-25, 3.32364651525e-25, 2.79773168518e-24, 4.41074930189e-24, 4.69618047665e-24, 4.4891624703e-24, 6.62752338735e-24, 7.42581749127e-24, 1.246037512e-23, 1.66883619163e-23, 2.19394161096e-23, 3.46445085042e-23, 2.63812552086e-23, 4.29699571713e-23, 3.98769881787e-23, 5.57366895794e-23, 7.64719174057e-23, 1.48630886118e-22, 2.18246157064e-22, 2.47877867879e-22, 3.16226720461e-22, 5.12526842872e-22, 7.54971693168e-22, 1.20194280642e-21, 1.77702992891e-21],
        "var": [0.000104573919089, 0.000328315451043, 4.71784733236e-05, 2.45413266384e-05, 2.47951629717e-05, 7.91120044141e-07, 1.56962835263e-06, 1.12782277029e-06, 3.00243846141e-06, 3.86686770071e-06, 8.53990286487e-07, 1.42308886097e-06, 6.59206421005e-07, 3.44397761864e-07, 8.50994638313e-07, 3.4707886698e-07, 5.51471998733e-07, 3.87220978837e-07, 6.13915176473e-07, 8.23342872991e-07, 1.50242044583e-06, 8.6743295924e-07, 1.12868792712e-06, 2.04828461392e-06, 1.5118164356e-06, 2.38471415059e-07, 7.8423214589e-09]
    },
    "erbbands": {
        "dmean": [0.286186754704, 1.24757778645, 2.60336518288, 4.67843389511, 7.22101783752, 7.60841035843, 2.9229388237, 1.96603238583, 3.91373538971, 6.66741991043, 7.25732851028, 11.1529560089, 21.5250740051, 15.2842092514, 18.6639995575, 17.7523670197, 16.9392871857, 14.5766468048, 21.4322490692, 19.1751880646, 17.0318107605, 19.3048038483, 17.2286891937, 21.6004333496, 21.2897491455, 25.4754295349, 25.4305038452, 20.6407680511, 16.5210418701, 15.945898056, 12.0307512283, 9.87890911102, 7.69094848633, 4.67826080322, 2.50556874275, 0.982863545418, 0.344097673893, 0.0710970461369, 0.0029532534536, 6.29368223599e-05],
        "dmean2": [0.442203074694, 1.97198319435, 4.24854850769, 8.52913379669, 12.3418474197, 12.8141012192, 4.92250108719, 3.12719559669, 6.23802423477, 10.2953004837, 11.5075702667, 17.222070694, 34.3652420044, 24.5146007538, 29.8622360229, 28.5691432953, 27.8336830139, 24.1451072693, 35.6524353027, 31.9984054565, 28.4255905151, 32.206287384, 27.9562702179, 35.6735877991, 34.8591995239, 42.0175819397, 42.6263275146, 34.7654266357, 27.1721763611, 25.9085693359, 19.6315402985, 15.6917915344, 11.9297771454, 7.58822107315, 3.85381174088, 1.55937993526, 0.555077075958, 0.113972440362, 0.00475484831259, 9.77568124654e-05],
        "dvar": [0.511921226978, 8.16758728027, 56.7365264893, 275.234893799, 405.526000977, 356.001861572, 52.7011985779, 22.263551712, 78.0030517578, 254.752471924, 323.750640869, 634.313903809, 2037.70556641, 937.8046875, 879.965393066, 852.169372559, 796.991149902, 440.585235596, 1217.67810059, 987.87713623, 490.357452393, 795.781433105, 452.912689209, 641.023864746, 687.966918945, 1564.19189453, 1285.80102539, 770.195800781, 422.331085205, 466.124481201, 373.321838379, 212.802261353, 135.873397827, 72.9571075439, 11.9897689819, 1.4556363821, 0.196184381843, 0.0173277668655, 0.000119921423902, 2.07401402719e-08],
        "dvar2": [1.32458639145, 20.3475818634, 135.856887817, 766.744567871, 1116.68481445, 813.55267334, 126.200325012, 54.5793266296, 195.710098267, 545.61920166, 771.182189941, 1227.60888672, 4883.39941406, 2419.46630859, 2123.74023438, 2141.94165039, 2072.50390625, 1158.62756348, 3129.90454102, 2561.57080078, 1266.58972168, 2120.20532227, 1118.76123047, 1635.79309082, 1682.03674316, 3925.69287109, 3440.01904297, 2183.83740234, 1108.38916016, 1143.14550781, 927.032775879, 479.756408691, 295.43762207, 200.037963867, 26.6803531647, 3.39354872704, 0.482884675264, 0.0446297079325, 0.000271597789833, 4.68189220726e-08],
        "max": [7.57825708389, 32.4768791199, 80.9427032471, 246.159698486, 209.823364258, 230.224258423, 179.010116577, 105.408050537, 280.992767334, 489.698822021, 584.596374512, 960.75378418, 1162.16003418, 796.687194824, 570.9609375, 524.423278809, 562.352172852, 373.344848633, 903.193603516, 844.122192383, 533.86114502, 576.695678711, 304.971679688, 547.032653809, 321.787109375, 790.149353027, 592.07598877, 360.914337158, 536.058532715, 600.796875, 897.744445801, 384.776855469, 324.74041748, 226.632919312, 69.9822921753, 21.7030506134, 6.29217672348, 4.22533512115, 0.256541013718, 0.00339777395129],
        "mean": [0.379763841629, 1.53646671772, 2.35285019875, 3.19864583015, 5.75863742828, 6.88473701477, 3.23884630203, 3.24341368675, 6.19882202148, 10.6239309311, 11.5838050842, 18.2223148346, 33.6026573181, 26.4379024506, 31.3333644867, 29.290353775, 27.5303344727, 25.0291786194, 34.5035743713, 31.9617004395, 30.799571991, 35.8338279724, 34.7012710571, 42.0591468811, 43.0111427307, 47.1828918457, 50.8969993591, 45.7859687805, 40.0677261353, 39.3874282837, 30.9810180664, 27.065612793, 19.349615097, 12.1864280701, 6.19896507263, 2.46216058731, 0.891342997551, 0.16471503675, 0.00467853760347, 0.000179056325578],
        "median": [0.0389389097691, 0.250535994768, 0.222926259041, 0.244361758232, 0.435937136412, 0.543306231499, 0.793452501297, 1.26340675354, 2.74460411072, 3.92038869858, 4.53712654114, 7.89096260071, 15.9076328278, 14.7552528381, 17.1379013062, 16.2335186005, 17.0105895996, 17.7499084473, 22.0087070465, 20.9205608368, 22.6669464111, 27.0441246033, 26.4086036682, 32.8544006348, 32.2947845459, 36.5657043457, 38.0081253052, 35.646484375, 33.2751045227, 29.9869995117, 24.0626678467, 18.839012146, 12.9814310074, 8.04273796082, 4.23323202133, 1.87331867218, 0.643035173416, 0.0850629210472, 0.00178689975291, 0.000137918133987],
        "min": [5.78264894024e-23, 2.91409105895e-22, 1.55435355424e-21, 2.17706606497e-21, 7.38300378852e-21, 1.14738481261e-20, 3.60604993645e-20, 4.65652052367e-20, 7.63439108525e-20, 1.15663139939e-19, 1.78518862778e-19, 2.25507477859e-19, 3.95264223203e-19, 6.47523445855e-19, 6.31239981907e-19, 9.91245062813e-19, 1.3803317978e-18, 1.47997325061e-18, 1.99281085813e-18, 2.0258908448e-18, 2.94149127457e-18, 3.42752109581e-18, 4.10091497722e-18, 5.93013184406e-18, 5.319168799e-18, 7.51032598749e-18, 7.57331413678e-18, 9.47201872457e-18, 9.47027999092e-18, 9.30028444887e-18, 8.64972757661e-18, 8.6599763444e-18, 8.78196480524e-18, 7.69511730915e-18, 5.59565474593e-18, 4.13205501856e-18, 2.11698555732e-18, 9.09337224968e-19, 2.15894708563e-19, 2.29800629249e-20],
        "var": [0.721831381321, 10.5112905502, 51.2689704895, 169.97795105, 284.121307373, 359.752868652, 69.944152832, 43.5168304443, 155.34677124, 560.054382324, 734.197021484, 1667.7232666, 3820.47143555, 1892.60119629, 1910.76696777, 1644.66796875, 1303.77307129, 763.800842285, 2161.11401367, 1631.31774902, 1045.41357422, 1306.79980469, 989.349121094, 1421.45495605, 1533.92834473, 2228.50756836, 2477.83544922, 1534.45288086, 1034.30334473, 1615.97045898, 920.817504883, 1002.56921387, 601.721069336, 281.82333374, 48.5146255493, 5.27689599991, 0.718562781811, 0.0474957376719, 0.000162573356647, 3.99525461603e-08]
    },
    "gfcc": {
        "mean": [-17.4572410583, -7.31557941437, -110.914726257, 33.249912262, -58.7407073975, 30.3665313721, -28.100818634, 21.523399353, -22.8822231293, 11.9143886566, -17.0297336578, 8.73761558533, -11.5021743774],
        "cov": [[93655.6640625, 1996.01745605, -7449.66552734, 2476.78808594, -4519.83789062, 2002.4095459, -2188.83544922, 1469.68652344, -1723.88122559, 718.055725098, -1601.09362793, 375.418762207, -708.381469727], [1996.01745605, 1400.80517578, 384.626556396, 291.103729248, 136.01121521, 136.931900024, 99.4057312012, 28.208732605, -38.9692001343, -101.092437744, -59.9539871216, -80.8980636597, 12.2287464142], [-7449.66552734, 384.626556396, 1423.05505371, 50.1929206848, 633.591369629, -86.0520477295, 284.72265625, -105.829864502, 144.162979126, -107.79057312, 59.4625511169, -95.9035186768, 55.5122528076], [2476.78808594, 291.103729248, 50.1929206848, 489.231903076, 113.114135742, 279.62979126, 72.4923553467, 96.2478179932, -38.3677940369, 0.321358829737, -21.1177577972, -12.4000577927, -34.5881538391], [-4519.83789062, 136.01121521, 633.591369629, 113.114135742, 587.289123535, 125.081298828, 277.540802002, -14.1058092117, 113.007255554, -13.7211999893, 101.56362915, 1.56838822365, 32.8092803955], [2002.4095459, 136.931900024, -86.0520477295, 279.62979126, 125.081298828, 361.027069092, 160.543731689, 132.39906311, 1.14128184319, 50.6091804504, 11.2902193069, 28.0641422272, -19.567527771], [-2188.83544922, 99.4057312012, 284.72265625, 72.4923553467, 277.540802002, 160.543731689, 317.267425537, 122.813598633, 140.901779175, 54.9946327209, 103.40574646, 24.7247219086, 24.4290962219], [1469.68652344, 28.208732605, -105.829864502, 96.2478179932, -14.1058092117, 132.39906311, 122.813598633, 188.228851318, 91.0600891113, 94.5597381592, 30.6042957306, 39.2233772278, -4.07003259659], [-1723.88122559, -38.9692001343, 144.162979126, -38.3677940369, 113.007255554, 1.14128184319, 140.901779175, 91.0600891113, 194.054595947, 97.6643676758, 95.8993225098, 26.2038440704, 29.6009120941], [718.055725098, -101.092437744, -107.79057312, 0.321358829737, -13.7211999893, 50.6091804504, 54.9946327209, 94.5597381592, 97.6643676758, 142.74559021, 73.4931182861, 60.4843292236, 9.64531517029], [-1601.09362793, -59.9539871216, 59.4625511169, -21.1177577972, 101.56362915, 11.2902193069, 103.40574646, 30.6042957306, 95.8993225098, 73.4931182861, 147.558135986, 77.107093811, 38.4859619141], [375.418762207, -80.8980636597, -95.9035186768, -12.4000577927, 1.56838822365, 28.0641422272, 24.7247219086, 39.2233772278, 26.2038440704, 60.4843292236, 77.107093811, 117.536430359, 44.378868103], [-708.381469727, 12.2287464142, 55.5122528076, -34.5881538391, 32.8092803955, -19.567527771, 24.4290962219, -4.07003259659, 29.6009120941, 9.64531517029, 38.4859619141, 44.378868103, 84.5658950806]],
        "icov": [[0.000121705226775, -0.000243578615482, 0.000152995664394, -0.000268982519628, 0.000351093622157, -0.00027866588789, 0.000472948653623, -0.000572764896788, 0.000615436292719, -0.00104302866384, 0.0011302739149, -0.000746690726373, 0.000260380504187], [-0.000243578615482, 0.00146007456351, -0.000617404119112, 8.62287270138e-05, -0.000406759674661, 0.000394362868974, -0.00104472273961, 0.000766469456721, -0.00101652287412, 0.00265215220861, -0.00238345679827, 0.00202172226273, -0.00114614807535], [0.000152995664394, -0.000617404119112, 0.00261770561337, -0.00135358527768, -0.00143629987724, 0.00199696212076, -0.00143923040014, 0.000804087205324, -0.000216095257201, -0.00116471503861, 0.00288369623013, -0.000483148207422, -0.000277672603261], [-0.000268982519628, 8.62287270138e-05, -0.00135358527768, 0.00616032397375, -0.00167026370764, -0.00403926381841, 0.00341567909345, -0.00311679881997, 0.000350179150701, 0.00350667908788, -0.00555577268824, 0.00359551189467, -0.000161788062542], [0.000351093622157, -0.000406759674661, -0.00143629987724, -0.00167026370764, 0.0078220628202, -0.00313886953518, -0.00263093877584, 0.00380330346525, -0.000904975517187, -0.00216034869663, 0.00339984381571, -0.00440513063222, 0.001769175753], [-0.00027866588789, 0.000394362868974, 0.00199696212076, -0.00403926381841, -0.00313886953518, 0.0122004309669, -0.00808634608984, 0.0010265057208, 0.00254907342605, -0.00163339881692, 0.00157563760877, 0.000278376188362, -0.000497230153996], [0.000472948653623, -0.00104472273961, -0.00143923040014, 0.00341567909345, -0.00263093877584, -0.00808634608984, 0.0201177373528, -0.0146393440664, 0.00141581171192, 0.00126535270829, -0.00557433208451, 0.00236173789017, -0.000254268525168], [-0.000572764896788, 0.000766469456721, 0.000804087205324, -0.00311679881997, 0.00380330346525, 0.0010265057208, -0.0146393440664, 0.0277185905725, -0.0130221862346, -0.000864946050569, 0.00626605190337, -0.00539384502918, 0.00224940548651], [0.000615436292719, -0.00101652287412, -0.000216095257201, 0.000350179150701, -0.000904975517187, 0.00254907342605, 0.00141581171192, -0.0130221862346, 0.02421894297, -0.0144576616585, -0.00183110020589, 0.00508570019156, -0.00317142810673], [-0.00104302866384, 0.00265215220861, -0.00116471503861, 0.00350667908788, -0.00216034869663, -0.00163339881692, 0.00126535270829, -0.000864946050569, -0.0144576616585, 0.0305023603141, -0.0156616903841, 0.00264894869179, 0.00045041719568], [0.0011302739149, -0.00238345679827, 0.00288369623013, -0.00555577268824, 0.00339984381571, 0.00157563760877, -0.00557433208451, 0.00626605190337, -0.00183110020589, -0.0156616903841, 0.0351383574307, -0.0209266282618, 0.00402244878933], [-0.000746690726373, 0.00202172226273, -0.000483148207422, 0.00359551189467, -0.00440513063222, 0.000278376188362, 0.00236173789017, -0.00539384502918, 0.00508570019156, 0.00264894869179, -0.0209266282618, 0.0292695146054, -0.0118465246633], [0.000260380504187, -0.00114614807535, -0.000277672603261, -0.000161788062542, 0.001769175753, -0.000497230153996, -0.000254268525168, 0.00224940548651, -0.00317142810673, 0.00045041719568, 0.00402244878933, -0.0118465246633, 0.0191133189946]]
    },
    "melbands": {
        "dmean": [0.00211587082595, 0.00132520939223, 0.000855406979099, 0.000547100615222, 0.000144882753375, 4.65596822323e-05, 6.22775405645e-05, 6.75966075505e-05, 6.56599222566e-05, 7.21312026144e-05, 0.00011026422726, 6.69492219458e-05, 6.18046469754e-05, 6.26069013379e-05, 3.51013222826e-05, 3.8027545088e-05, 2.80574295175e-05, 3.66059648513e-05, 2.71743010671e-05, 2.33822756854e-05, 2.3464917831e-05, 2.07076463994e-05, 2.37495933106e-05, 1.73206572072e-05, 1.92658608285e-05, 1.73439984792e-05, 1.63631993928e-05, 1.78771606443e-05, 1.51056556206e-05, 1.81654595508e-05, 1.19654314403e-05, 1.03928487079e-05, 9.51648326009e-06, 9.64554146776e-06, 7.62098534324e-06, 6.81702749716e-06, 6.76260651744e-06, 6.13349129708e-06, 4.8834322115e-06, 3.9786718844e-06],
        "dmean2": [0.00315262610093, 0.00206231721677, 0.00152642582543, 0.000896169804037, 0.000244109091, 7.36054716981e-05, 9.87319290289e-05, 0.000104868740891, 0.000102811362012, 0.000113004542072, 0.00017617046251, 0.000107259838842, 9.84918951872e-05, 0.000100842597021, 5.74809710088e-05, 6.23588057351e-05, 4.70020058856e-05, 6.10681527178e-05, 4.54233377241e-05, 3.87721338484e-05, 3.9396356442e-05, 3.48718858731e-05, 3.96184623241e-05, 2.85568239633e-05, 3.21720654028e-05, 2.86497670459e-05, 2.69370011665e-05, 2.95878089673e-05, 2.5171901143e-05, 3.12104966724e-05, 2.03356903512e-05, 1.71369611053e-05, 1.57468311954e-05, 1.58037782967e-05, 1.25085362015e-05, 1.11385561468e-05, 1.09127367978e-05, 9.65861636359e-06, 7.87282897363e-06, 6.4903092607e-06],
        "dvar": [2.42636924668e-05, 1.01337545857e-05, 7.7625081758e-06, 1.85742521808e-06, 1.16272836692e-07, 1.20433201189e-08, 2.03428136558e-08, 2.64436597064e-08, 2.41547795099e-08, 2.11853752319e-08, 5.2835041231e-08, 1.76952088538e-08, 9.64873780873e-09, 1.16750129564e-08, 4.70241490191e-09, 3.61743435207e-09, 1.81238501984e-09, 3.43916051193e-09, 1.92977833713e-09, 1.27878552192e-09, 1.04110386978e-09, 9.4487906388e-10, 1.24225085774e-09, 4.9446258199e-10, 5.37568156656e-10, 4.74991712629e-10, 4.72717975875e-10, 8.7911761204e-10, 4.16431999994e-10, 8.70465921565e-10, 2.44981895881e-10, 1.56879148561e-10, 1.83293935585e-10, 1.77876158247e-10, 1.35136152268e-10, 1.0036307202e-10, 1.21827839483e-10, 8.89302451124e-11, 8.16350598232e-11, 4.69328881314e-11],
        "dvar2": [6.20223145233e-05, 2.25242765737e-05, 2.11896785913e-05, 4.59215380033e-06, 2.88713778218e-07, 2.85289516455e-08, 5.16062144129e-08, 5.80242840442e-08, 5.6001809412e-08, 4.27504929235e-08, 1.26736793504e-07, 4.5632599921e-08, 2.30363177423e-08, 2.89354904481e-08, 1.28526354004e-08, 9.21772702611e-09, 4.94139840157e-09, 9.03097951976e-09, 4.95402474598e-09, 3.28964055996e-09, 2.71417777142e-09, 2.58746646331e-09, 3.1785685195e-09, 1.27873778233e-09, 1.38959577178e-09, 1.22321963669e-09, 1.17108223119e-09, 2.26157959027e-09, 1.08589881531e-09, 2.48531506486e-09, 6.84281631358e-10, 4.24919488484e-10, 4.73803773993e-10, 4.50002812791e-10, 3.39603734023e-10, 2.40556657927e-10, 2.91848017975e-10, 2.00529232108e-10, 2.21927684563e-10, 1.30225774608e-10],
        "max": [0.054285440594, 0.0314676910639, 0.0397951491177, 0.0129350200295, 0.00517215253785, 0.0024407801684, 0.00512276310474, 0.00448108231649, 0.00622250558808, 0.00511516537517, 0.00572700519115, 0.00362638034858, 0.00211675115861, 0.0021720728837, 0.00154641177505, 0.00122648733668, 0.000921674014535, 0.00137538847048, 0.000878738472238, 0.000828539254144, 0.000774450832978, 0.000713568471838, 0.000820285407826, 0.00026384749799, 0.000522321439348, 0.000308668502839, 0.000547343224753, 0.000667417712975, 0.000311553973006, 0.000523075053934, 0.000257935666014, 0.000213686958887, 0.000399270415073, 0.000328542402713, 0.000534014776349, 0.000316867255606, 0.000256494968198, 0.000269284966635, 0.00024115780252, 0.000158037961228],
        "mean": [0.00309048034251, 0.00152056175284, 0.000624457607046, 0.00049483042676, 0.000144256380736, 7.67560559325e-05, 0.000101593250292, 0.00010833475244, 0.000103149737697, 0.000113919733849, 0.000169487990206, 0.000109170869109, 9.83545105555e-05, 9.82636483968e-05, 5.61817141715e-05, 6.02344589424e-05, 4.37165508629e-05, 5.59088293812e-05, 4.32741981058e-05, 3.81003956136e-05, 3.77703654522e-05, 3.59083169315e-05, 3.82217767765e-05, 3.03214274027e-05, 3.41340382874e-05, 3.26867630065e-05, 3.02474072669e-05, 3.08727248921e-05, 2.83853441942e-05, 3.45483967976e-05, 2.41311918217e-05, 2.26248357649e-05, 2.1100644517e-05, 2.20067631744e-05, 1.76413814188e-05, 1.62035757967e-05, 1.68807982845e-05, 1.40498250403e-05, 1.14618305815e-05, 9.77055879048e-06],
        "median": [0.00045500358101, 0.000205459946301, 5.21470574313e-05, 3.83571496059e-05, 2.90776642942e-05, 2.99948369502e-05, 4.63863143523e-05, 4.14584792452e-05, 3.57468306902e-05, 5.13460618095e-05, 7.9058445408e-05, 5.63691610296e-05, 5.34654827788e-05, 4.80876296933e-05, 3.171559365e-05, 3.77515607397e-05, 2.89899253403e-05, 3.46306987922e-05, 2.7540649171e-05, 2.47620264417e-05, 2.61977820628e-05, 2.61491950369e-05, 2.61826062342e-05, 2.23882161663e-05, 2.58368490904e-05, 2.40134231717e-05, 2.29595170822e-05, 2.34722374444e-05, 2.22957824008e-05, 2.23337956413e-05, 1.95323264052e-05, 1.86078832485e-05, 1.67536709341e-05, 1.63002223417e-05, 1.36548969749e-05, 1.21802213471e-05, 1.10558421511e-05, 9.2795216915e-06, 7.5480193118e-06, 6.36381264485e-06],
        "min": [7.57825342273e-25, 8.02070282471e-25, 7.7877975589e-25, 7.40273384347e-25, 1.23496756497e-24, 9.79688921992e-25, 1.2230336772e-24, 1.08913765335e-24, 1.40860896502e-24, 1.20464385038e-24, 1.63161264597e-24, 2.22888349478e-24, 2.09629076776e-24, 1.86645377644e-24, 1.98618807071e-24, 2.45415593969e-24, 2.44639571775e-24, 1.42635153147e-24, 2.76926425891e-24, 3.029051735e-24, 3.13166025345e-24, 2.45762101121e-24, 3.00786470603e-24, 3.35852915562e-24, 3.4346585717e-24, 3.25366469219e-24, 3.59201383976e-24, 3.73508599227e-24, 4.08234650705e-24, 4.82267866153e-24, 4.39750117185e-24, 4.99464481684e-24, 4.87263880038e-24, 4.8542662299e-24, 4.69553913273e-24, 4.94188856052e-24, 5.01911449326e-24, 5.25605793805e-24, 5.76573781347e-24, 6.18464543668e-24],
        "var": [3.88976259273e-05, 1.25667702378e-05, 5.06437345393e-06, 1.75009654413e-06, 1.25658900174e-07, 2.43072477701e-08, 4.14322514075e-08, 5.57755086561e-08, 6.0032370186e-08, 5.39396154409e-08, 9.87150414744e-08, 3.47160948877e-08, 2.00882936952e-08, 2.22880718326e-08, 7.16683512536e-09, 5.97867355623e-09, 2.75590728016e-09, 5.86655968249e-09, 3.26321814015e-09, 2.37263564351e-09, 1.93329929843e-09, 1.45008660635e-09, 1.92545690503e-09, 9.12686093368e-10, 1.08281272837e-09, 9.90766357845e-10, 8.48828007882e-10, 1.12716347367e-09, 7.03735125729e-10, 1.99199634565e-09, 4.16478490584e-10, 3.42736450332e-10, 3.96683325077e-10, 5.47655421013e-10, 3.01190350438e-10, 2.71049377387e-10, 5.15187170702e-10, 3.36453059857e-10, 2.44423647988e-10, 1.76376038774e-10]
    },
    "mfcc": {
        "mean": [-616.716552734, 31.2799739838, 0.580597996712, 8.94904708862, -1.12453281879, 8.3380355835, 7.04874992371, 9.72820281982, 6.43432235718, 6.21659851074, 2.85671114922, 3.44428014755, 1.69483375549],
        "cov": [[24149.6152344, 1614.7989502, 117.2159729, 458.392791748, 64.5829925537, 481.262512207, 413.920440674, 449.941986084, 292.763092041, 234.657089233, 7.68010854721, -9.19214630127, 4.40441894531], [1614.7989502, 903.96875, 263.914489746, 186.930267334, 127.549606323, 154.041244507, 160.823440552, 134.844360352, 55.4044342041, 10.2772493362, -18.9860877991, -42.0812034607, 2.52432489395], [117.2159729, 263.914489746, 455.161560059, 210.838363647, 131.960891724, 99.8622894287, 96.0102996826, 68.7716064453, 52.4264755249, 33.4109077454, 6.4763174057, -33.4522705078, -41.5834388733], [458.392791748, 186.930267334, 210.838363647, 267.227508545, 164.595932007, 126.31716156, 118.936904907, 89.8299942017, 52.23387146, 36.4966621399, 21.1996974945, 9.06003856659, 6.5511507988], [64.5829925537, 127.549606323, 131.960891724, 164.595932007, 227.355010986, 165.208282471, 116.538711548, 72.3620300293, 45.0436820984, 18.882516861, 5.1428861618, -5.26040744781, -2.33078956604], [481.262512207, 154.041244507, 99.8622894287, 126.31716156, 165.208282471, 242.002059937, 191.814071655, 124.193252563, 81.2037658691, 44.8339538574, 25.8170261383, 29.1831970215, 27.6778659821], [413.920440674, 160.823440552, 96.0102996826, 118.936904907, 116.538711548, 191.814071655, 236.641494751, 155.947998047, 95.1128387451, 53.853553772, 30.8611068726, 44.2367858887, 41.5563201904], [449.941986084, 134.844360352, 68.7716064453, 89.8299942017, 72.3620300293, 124.193252563, 155.947998047, 169.036972046, 100.117462158, 56.9518051147, 43.371471405, 46.9760551453, 49.399105072], [292.763092041, 55.4044342041, 52.4264755249, 52.23387146, 45.0436820984, 81.2037658691, 95.1128387451, 100.117462158, 131.818634033, 88.8146057129, 54.0131340027, 50.3529472351, 35.7537155151], [234.657089233, 10.2772493362, 33.4109077454, 36.4966621399, 18.882516861, 44.8339538574, 53.853553772, 56.9518051147, 88.8146057129, 118.681724548, 77.4884796143, 54.6385345459, 34.0978355408], [7.68010854721, -18.9860877991, 6.4763174057, 21.1996974945, 5.1428861618, 25.8170261383, 30.8611068726, 43.371471405, 54.0131340027, 77.4884796143, 106.451454163, 84.5606460571, 52.1318855286], [-9.19214630127, -42.0812034607, -33.4522705078, 9.06003856659, -5.26040744781, 29.1831970215, 44.2367858887, 46.9760551453, 50.3529472351, 54.6385345459, 84.5606460571, 134.086120605, 88.9897460938], [4.40441894531, 2.52432489395, -41.5834388733, 6.5511507988, -2.33078956604, 27.6778659821, 41.5563201904, 49.399105072, 35.7537155151, 34.0978355408, 52.1318855286, 88.9897460938, 114.937911987]],
