{
"lowlevel": {
    "average_loudness": 0.437047243118,
    "barkbands_crest": {
        "dmean": 2.33021450043,
        "dmean2": 3.4825334549,
        "dvar": 5.83175706863,
        "dvar2": 12.7949781418,
        "max": 26.2336006165,
        "mean": 11.1961393356,
        "median": 9.37786197662,
        "min": 1.78310286999,
        "var": 38.7874794006
    },
    "barkbands_flatness_db": {
        "dmean": 0.0218448545784,
        "dmean2": 0.0310312286019,
        "dvar": 0.00056976499036,
        "dvar2": 0.00119119428564,
        "max": 0.406523019075,
        "mean": 0.120851099491,
        "median": 0.10883475095,
        "min": 0.00813671480864,
        "var": 0.00477688293904
    },
    "barkbands_kurtosis": {
        "dmean": 5.02774477005,
        "dmean2": 7.66440248489,
        "dvar": 241.070861816,
        "dvar2": 588.892089844,
        "max": 463.052703857,
        "mean": 7.50579452515,
        "median": 1.95199251175,
        "min": -1.81670355797,
        "var": 386.748901367
    },
    "barkbands_skewness": {
        "dmean": 0.651085972786,
        "dmean2": 0.948116660118,
        "dvar": 0.792019188404,
        "dvar2": 1.7538793087,
        "max": 19.7353420258,
        "mean": 1.86721253395,
        "median": 1.43673956394,
        "min": -2.11886835098,
        "var": 3.66140460968
    },
    "barkbands_spread": {
        "dmean": 6.41352319717,
        "dmean2": 9.51533317566,
        "dvar": 50.4674949646,
        "dvar2": 109.648918152,
        "max": 109.340751648,
        "mean": 27.3100185394,
        "median": 24.9532680511,
        "min": 0.342444598675,
        "var": 274.792510986
    },
    "dissonance": {
        "dmean": 0.014907377772,
        "dmean2": 0.0249873902649,
        "dvar": 0.00025855290005,
        "dvar2": 0.00069022574462,
        "max": 0.5,
        "mean": 0.471620649099,
        "median": 0.47855886817,
        "min": 0.292717307806,
        "var": 0.000640231010038
    },
    "dynamic_complexity": 4.44764471054,
    "erbbands_crest": {
        "dmean": 1.94201827049,
        "dmean2": 3.18105578423,
        "dvar": 3.89286184311,
        "dvar2": 9.94380760193,
        "max": 31.4720344543,
        "mean": 6.54812097549,
        "median": 5.6204457283,
        "min": 1.94758439064,
        "var": 11.4018516541
    },
    "erbbands_flatness_db": {
        "dmean": 0.0125599121675,
        "dmean2": 0.018048774451,
        "dvar": 0.000181330251507,
        "dvar2": 0.000346200366039,
        "max": 0.385303139687,
        "mean": 0.12374240905,
        "median": 0.102084085345,
        "min": 0.0492785349488,
        "var": 0.00363482232206
    },
    "erbbands_kurtosis": {
        "dmean": 0.631867408752,
        "dmean2": 0.93827611208,
        "dvar": 0.845961272717,
        "dvar2": 1.60975325108,
        "max": 24.605846405,
        "mean": 0.0242927391082,
        "median": -0.401671409607,
        "min": -1.75072312355,
        "var": 2.51925444603
    },
    "erbbands_skewness": {
        "dmean": 0.285542190075,
        "dmean2": 0.420197427273,
        "dvar": 0.0657941475511,
        "dvar2": 0.136811196804,
        "max": 3.9850051403,
        "mean": 0.200715661049,
        "median": 0.138010025024,
        "min": -2.10635757446,
        "var": 0.387663781643
    },
    "erbbands_spread": {
        "dmean": 8.06772518158,
        "dmean2": 12.122095108,
        "dvar": 75.9743499756,
        "dvar2": 159.739868164,
        "max": 146.373260498,
        "mean": 46.5883903503,
        "median": 44.8935661316,
        "min": 3.03535246849,
        "var": 443.984039307
    },
    "hfc": {
        "dmean": 8.4450674057,
        "dmean2": 12.9443626404,
        "dvar": 278.826843262,
        "dvar2": 695.339111328,
        "max": 397.164825439,
        "mean": 23.5391788483,
        "median": 14.2805252075,
        "min": 1.05132789736e-16,
        "var": 706.799987793
    },
    "melbands_crest": {
        "dmean": 3.29015421867,
        "dmean2": 5.03926849365,
        "dvar": 13.2869882584,
        "dvar2": 30.2046642303,
        "max": 36.3126029968,
        "mean": 17.3897571564,
        "median": 15.5465946198,
        "min": 1.62611031532,
        "var": 85.6231307983
    },
    "melbands_flatness_db": {
        "dmean": 0.0276027638465,
        "dmean2": 0.0381401330233,
        "dvar": 0.000897293619346,
        "dvar2": 0.00180779013317,
        "max": 0.539609253407,
        "mean": 0.187770619988,
        "median": 0.181463688612,
        "min": 0.00368832750246,
        "var": 0.00820771604776
    },
    "melbands_kurtosis": {
        "dmean": 15.1897735596,
        "dmean2": 22.4634532928,
        "dvar": 1520.21740723,
        "dvar2": 3514.08764648,
        "max": 1080.11157227,
        "mean": 28.650094986,
        "median": 8.57449054718,
        "min": -1.51287460327,
        "var": 3221.49951172
    },
    "melbands_skewness": {
        "dmean": 0.982526481152,
        "dmean2": 1.40806806087,
        "dvar": 1.75539815426,
        "dvar2": 3.70469784737,
        "max": 25.033662796,
        "mean": 3.55835962296,
        "median": 2.56203961372,
        "min": -0.970824599266,
        "var": 9.6011095047
    },
    "melbands_spread": {
        "dmean": 7.57791471481,
        "dmean2": 11.2967443466,
        "dvar": 106.843994141,
        "dvar2": 223.207015991,
        "max": 196.97102356,
        "mean": 27.5018291473,
        "median": 19.6635990143,
        "min": 0.282534122467,
        "var": 648.754211426
    },
    "pitch_salience": {
        "dmean": 0.0731112584472,
        "dmean2": 0.112121380866,
        "dvar": 0.00586740439758,
        "dvar2": 0.0134361609817,
        "max": 0.898516774178,
        "mean": 0.504050910473,
        "median": 0.547927796841,
        "min": 0.0280169341713,
        "var": 0.0381885133684
    },
    "silence_rate_20dB": {
        "dmean": 0.00198767636903,
        "dmean2": 0.00397574808449,
        "dvar": 0.0019836560823,
        "dvar2": 0.00475493865088,
        "max": 1,
        "mean": 0.997615039349,
        "median": 1,
        "min": 0,
        "var": 0.00237931055017
    },
    "silence_rate_30dB": {
        "dmean": 0.0906380414963,
        "dmean2": 0.181294113398,
        "dvar": 0.082431897521,
        "dvar2": 0.175853997469,
        "max": 1,
        "mean": 0.876378834248,
        "median": 1,
        "min": 0,
        "var": 0.108328804374
    },
    "silence_rate_60dB": {
        "dmean": 0.0409461334348,
        "dmean2": 0.0819004103541,
        "dvar": 0.0392710566521,
        "dvar2": 0.0831488370895,
        "max": 1,
        "mean": 0.142899736762,
        "median": 0,
        "min": 0,
        "var": 0.122479990125
    },
    "spectral_centroid": {
        "dmean": 281.116851807,
        "dmean2": 417.712219238,
        "dvar": 108062.617188,
        "dvar2": 218689.5,
        "max": 11760.9697266,
        "mean": 1874.97509766,
        "median": 1722.59411621,
        "min": 167.895263672,
        "var": 1951425.5
    },
    "spectral_complexity": {
        "dmean": 4.19598484039,
        "dmean2": 6.39041852951,
        "dvar": 21.9611949921,
        "dvar2": 47.9216041565,
        "max": 61,
        "mean": 19.2396907806,
        "median": 17,
        "min": 0,
        "var": 160.532211304
    },
    "spectral_decrease": {
        "dmean": 4.10523126604e-09,
        "dmean2": 6.16368911466e-09,
        "dvar": 5.30932262001e-17,
        "dvar2": 1.31537122808e-16,
        "max": 1.67071786559e-28,
        "mean": -1.00308206186e-08,
        "median": -4.27557234062e-09,
        "min": -1.38447660447e-07,
        "var": 1.69712606573e-16
    },
    "spectral_energy": {
        "dmean": 0.0160127598792,
        "dmean2": 0.0240549948066,
        "dvar": 0.000793579907622,
        "dvar2": 0.00196826062165,
        "max": 0.543060421944,
        "mean": 0.0399937964976,
        "median": 0.0178475808352,
        "min": 1.00864586359e-20,
        "var": 0.0025657764636
    },
    "spectral_energyband_high": {
        "dmean": 0.000599857477937,
        "dmean2": 0.000918204023037,
        "dvar": 1.62304047535e-06,
        "dvar2": 3.99183954869e-06,
        "max": 0.0318698808551,
        "mean": 0.00161957228556,
        "median": 0.00082880933769,
        "min": 7.1165102674e-21,
        "var": 4.4392527343e-06
    },
    "spectral_energyband_low": {
        "dmean": 0.0116530107334,
        "dmean2": 0.0154033694416,
        "dvar": 0.000502036011312,
        "dvar2": 0.00102008029353,
        "max": 0.486112475395,
        "mean": 0.0266717541963,
        "median": 0.00605635158718,
        "min": 1.40647241415e-23,
        "var": 0.00190708134323
    },
    "spectral_energyband_middle_high": {
        "dmean": 0.00193267606664,
        "dmean2": 0.00311334221624,
        "dvar": 1.73150383489e-05,
        "dvar2": 4.49701401521e-05,
        "max": 0.0689675956964,
        "mean": 0.00409211078659,
        "median": 0.00231841998175,
        "min": 1.16348466347e-21,
        "var": 3.13183882099e-05
    },
    "spectral_energyband_middle_low": {
        "dmean": 0.0061720716767,
        "dmean2": 0.0103666875511,
        "dvar": 0.000465424731374,
        "dvar2": 0.00127158651594,
        "max": 0.488489329815,
        "mean": 0.00799688976258,
        "median": 0.00407740287483,
        "min": 1.64331136642e-22,
        "var": 0.000333647418302
    },
    "spectral_entropy": {
        "dmean": 0.122186720371,
        "dmean2": 0.171928346157,
        "dvar": 0.0197534970939,
        "dvar2": 0.0363137200475,
        "max": 9.82517433167,
        "mean": 7.93924617767,
        "median": 8.08852672577,
        "min": 5.69062423706,
        "var": 0.310758590698
    },
    "spectral_flux": {
        "dmean": 0.028024751693,
        "dmean2": 0.044138174504,
        "dvar": 0.00155738205649,
        "dvar2": 0.00319951516576,
        "max": 0.684364140034,
        "mean": 0.0858544632792,
        "median": 0.0642725229263,
        "min": 6.35565697293e-11,
        "var": 0.00556495320052
    },
    "spectral_kurtosis": {
        "dmean": 1.35408985615,
        "dmean2": 2.24915790558,
        "dvar": 8.98502063751,
        "dvar2": 25.2995109558,
        "max": 76.0009155273,
        "mean": 3.98364090919,
        "median": 2.56508827209,
        "min": -1.27957761288,
        "var": 22.9190177917
    },
    "spectral_rms": {
        "dmean": 0.0010356704006,
        "dmean2": 0.00151021569036,
        "dvar": 1.87886439562e-06,
        "dvar2": 4.59083730675e-06,
        "max": 0.0230177119374,
        "mean": 0.00515040848404,
        "median": 0.00417280150577,
        "min": 3.13694881703e-12,
        "var": 1.24914240587e-05
    },
    "spectral_rolloff": {
        "dmean": 573.643554688,
        "dmean2": 896.549438477,
        "dvar": 839231.9375,
        "dvar2": 1685734.75,
        "max": 19875.1464844,
        "mean": 2091.99023438,
        "median": 947.4609375,
        "min": 43.06640625,
        "var": 9129144
    },
    "spectral_skewness": {
        "dmean": 0.174887105823,
        "dmean2": 0.27429279685,
        "dvar": 0.0592444501817,
        "dvar2": 0.151227429509,
        "max": 6.33445453644,
        "mean": 1.45851516724,
        "median": 1.33191382885,
        "min": -0.0952360108495,
        "var": 0.300234109163
    },
    "spectral_spread": {
        "dmean": 474544.625,
        "dmean2": 710346.9375,
        "dvar": 456662056960,
        "dvar2": 951831494656,
        "max": 43094052,
        "mean": 6215227.5,
        "median": 6120081.5,
        "min": 854623.0625,
        "var": 2.22939190395e+13
    },
    "spectral_strongpeak": {
        "dmean": 0.267877221107,
        "dmean2": 0.445264101028,
        "dvar": 0.18771609664,
        "dvar2": 0.46175467968,
        "max": 10.6809139252,
        "mean": 0.513072431087,
        "median": 0.362443804741,
        "min": 0,
        "var": 0.34669905901
    },
    "zerocrossingrate": {
        "dmean": 0.0128958271816,
        "dmean2": 0.0143736004829,
        "dvar": 0.000193499727175,
        "dvar2": 0.000215734617086,
        "max": 0.52783203125,
        "mean": 0.0836911052465,
        "median": 0.064453125,
        "min": 0.00244140625,
        "var": 0.00594140123576
    },
    "barkbands": {
        "dmean": [0.00201882584952, 0.0104670599103, 0.00226099812426, 0.0027224724181, 0.0021257319022, 0.000728624581825, 0.000607398862485, 0.000373455870431, 0.000360103178537, 0.000656212796457, 0.000387565145502, 0.000430229236372, 0.000284802023089, 0.000331796967657, 0.000243354399572, 0.000144778096001, 0.000190240418306, 0.000137938783155, 0.000128093350213, 0.000114433525596, 0.000133433248266, 0.000114202382974, 0.000142130578752, 0.000113870970381, 0.000102516030893, 7.79401088948e-05, 5.23945845998e-06],
        "dmean2": [0.00332133565098, 0.013729208149, 0.00350838294253, 0.0049765072763, 0.00377837452106, 0.00108516425826, 0.000943281920627, 0.000596221594606, 0.000597115082201, 0.00107726955321, 0.000631375412922, 0.000721148098819, 0.000472178129712, 0.000565001217183, 0.00040533678839, 0.000239345099544, 0.000320194696542, 0.000232039979892, 0.000213485109271, 0.000184536896995, 0.000220004701987, 0.000188851598068, 0.00023477592913, 0.000181178620551, 0.00015654451272, 0.000124357306049, 8.78764149093e-06],
        "dvar": [1.7561187633e-05, 0.00047238235129, 7.12425971869e-05, 0.000165044722962, 7.5679308793e-05, 2.05563151212e-06, 1.21005348319e-06, 7.06579101006e-07, 4.93727441153e-07, 2.12384088627e-06, 7.32469516151e-07, 1.15596265005e-06, 3.98321589046e-07, 6.33613467471e-07, 2.68807923476e-07, 8.96552592167e-08, 1.62751533139e-07, 6.26220924005e-08, 5.44852163387e-08, 3.63931356162e-08, 7.75612321036e-08, 4.66719569658e-08, 9.87499149119e-08, 5.46048930516e-08, 4.34822986506e-08, 2.81773200328e-08, 8.34651861514e-11],
        "dvar2": [4.59174916614e-05, 0.00089973944705, 0.00015897169942, 0.000469825259643, 0.000214188868995, 5.23286962562e-06, 2.84081534119e-06, 1.77517335942e-06, 1.28771318941e-06, 5.27464771949e-06, 1.80139943495e-06, 2.7586172564e-06, 1.03576064703e-06, 1.70693567725e-06, 6.96383096965e-07, 2.28639692068e-07, 4.57624935279e-07, 1.68518909049e-07, 1.46441081483e-07, 9.23297278632e-08, 2.08191679008e-07, 1.19762518125e-07, 2.63358884922e-07, 1.34546738195e-07, 9.82534089644e-08, 7.05904525944e-08, 2.25498841822e-10],
        "max": [0.0706227570772, 0.472114741802, 0.214271858335, 0.306107461452, 0.194839194417, 0.024885840714, 0.0163677558303, 0.0194258224219, 0.0125610576943, 0.0484121963382, 0.0259556118399, 0.058506604284, 0.0170550141484, 0.011468950659, 0.00974110886455, 0.0086112851277, 0.0136009482667, 0.00632833503187, 0.00389573490247, 0.00364467082545, 0.00669215479866, 0.00606904132292, 0.00468787644058, 0.00578543404117, 0.00415520183742, 0.00411471305415, 0.000135168447741],
        "mean": [0.00282692466862, 0.0213136225939, 0.00242653838359, 0.00208530132659, 0.00201632734388, 0.00129944446962, 0.000962019024882, 0.000535631203093, 0.000521740119439, 0.00092529237736, 0.000538876629435, 0.000545488321222, 0.000376409152523, 0.000416403985582, 0.000370321882656, 0.000238072258071, 0.00033094646642, 0.000269121897873, 0.00025636254577, 0.00025841279421, 0.000276368053164, 0.000283550587483, 0.000265742855845, 0.000245749222813, 0.000230651596212, 0.000169916136656, 8.40501252242e-06],
        "median": [0.000562860630453, 0.00334029085934, 0.000328048074152, 0.000238509965129, 0.00060935044894, 0.000643256353214, 0.000389892491512, 0.000211968610529, 0.000234060789808, 0.000351596274413, 0.000210538302781, 0.000200752343517, 0.000153716420755, 0.0001508116693, 0.000153276720084, 9.5953757409e-05, 0.00015785350115, 0.000149184430484, 0.000146148347994, 0.000131693130243, 0.000132965753437, 0.000151511892909, 0.000114705726446, 9.79655596893e-05, 9.31756221689e-05, 8.36991530377e-05, 3.4047477584e-06],
        "min": [5.16352553994e-25, 1.35627573536e-24, 5.84483314934e-25, 4.80663845692e-25, 3.26409461665e-24, 9.11309235993e-24, 5.38498226465e-24, 7.61979917673e-24, 1.17359325963e-23, 1.86877235697e-23, 1.21462443967e-23, 2.02923707805e-23, 1.64582717006e-23, 3.09864121809e-23, 4.6207880933e-23, 6.18382194478e-23, 6.24258955786e-23, 8.58917117859e-23, 1.13699544633e-22, 1.62240465916e-22, 2.46243953928e-22, 2.95523097557e-22, 3.97114321493e-22, 5.68814100565e-22, 8.73882591781e-22, 1.35422825161e-21, 1.90223288307e-21],
        "var": [2.92247732432e-05, 0.0015089813387, 7.39828174119e-05, 9.82321798801e-05, 4.70527047582e-05, 3.32876470566e-06, 2.20409015128e-06, 1.15480054319e-06, 7.74262730374e-07, 3.74772048417e-06, 1.28991280235e-06, 1.6500342781e-06, 5.1757217534e-07, 6.99226575307e-07, 4.62350612906e-07, 1.69266044736e-07, 2.68865704811e-07, 1.37743683126e-07, 1.10432885947e-07, 1.11414379944e-07, 1.48075216089e-07, 1.35515890065e-07, 1.52906096673e-07, 1.30792130904e-07, 1.13123981293e-07, 5.545564008e-08, 1.49726078758e-10]
    },
    "erbbands": {
        "dmean": [0.429438591003, 1.97617661953, 2.66907048225, 4.79646682739, 11.3391981125, 4.32901287079, 4.74493551254, 5.8232011795, 8.63144874573, 8.44192695618, 7.71275663376, 8.03643226624, 23.3307857513, 14.9812774658, 15.0045232773, 17.2680664062, 12.7522697449, 18.2256393433, 12.0439777374, 10.6682052612, 8.42424964905, 8.34411525726, 8.28750133514, 6.8369011879, 6.04593420029, 5.28142929077, 5.66691160202, 4.87911462784, 4.14133739471, 3.92433476448, 4.57631587982, 2.57799172401, 1.95600616932, 1.21495831013, 0.760727405548, 0.393359482288, 0.138248875737, 0.0225115269423, 0.000455456873169, 2.88547562377e-05],
        "dmean2": [0.569670855999, 2.65886640549, 3.68193864822, 7.76161813736, 20.9679698944, 7.51369047165, 7.51347017288, 8.77630233765, 12.9659204483, 13.6172103882, 12.008852005, 12.9328393936, 39.1902618408, 23.7129611969, 25.3261051178, 28.1925201416, 21.021112442, 31.0002479553, 20.1631965637, 17.6903152466, 13.9054889679, 13.915895462, 14.018825531, 11.5331954956, 9.93775463104, 8.54495716095, 9.31420040131, 8.04472160339, 6.87664842606, 6.41260194778, 7.70351266861, 4.04898738861, 3.17776250839, 1.91671741009, 1.16456580162, 0.631731331348, 0.222943782806, 0.0356519035995, 0.000720570678823, 4.39798277512e-05],
        "dvar": [0.732409536839, 22.6789073944, 73.5821228027, 374.412322998, 2877.23535156, 245.397628784, 131.347167969, 132.558898926, 240.763000488, 272.23815918, 321.347930908, 256.348358154, 2790.47290039, 1154.3494873, 1789.42163086, 1895.29394531, 768.357116699, 1853.39477539, 756.664550781, 513.527404785, 271.153167725, 292.891540527, 277.061248779, 156.563919067, 117.849571228, 81.9050445557, 110.046424866, 122.253501892, 61.4650917053, 55.1045188904, 126.017127991, 24.4835720062, 19.5175437927, 5.86042690277, 2.470225811, 0.735602140427, 0.0876223966479, 0.00150331761688, 6.20695743692e-07, 2.40034658816e-09],
        "dvar2": [1.485049963, 39.5133247375, 147.845016479, 955.179992676, 8282.17382812, 688.149963379, 356.710906982, 331.610290527, 545.336853027, 699.43145752, 775.293457031, 633.295959473, 7244.64599609, 2635.00366211, 4576.42333984, 3994.73535156, 2000.98120117, 5007.1640625, 1996.36022949, 1320.70568848, 709.661193848, 806.445007324, 751.304260254, 420.918884277, 312.671020508, 209.453414917, 288.918182373, 327.791046143, 159.376296997, 143.302566528, 345.108428955, 57.6760559082, 50.1948318481, 13.9692325592, 5.65615272522, 1.83984100819, 0.221608996391, 0.0035433541052, 1.46993772887e-06, 5.77690206782e-09],
        "max": [23.6241359711, 115.323890686, 228.665786743, 493.598297119, 1223.33227539, 372.668487549, 193.720001221, 183.519699097, 355.502563477, 308.002716064, 533.52557373, 344.819641113, 1051.98937988, 1407.83435059, 1459.69177246, 2981.06640625, 881.767700195, 585.661560059, 597.729553223, 424.155578613, 551.28314209, 521.263305664, 373.796691895, 185.343078613, 185.126342773, 183.247497559, 210.917007446, 304.450714111, 239.72064209, 133.571487427, 137.204528809, 103.530387878, 110.635002136, 47.7797203064, 27.1872444153, 19.6484413147, 7.68393039703, 0.697747766972, 0.0122730080038, 0.000901122984942],
        "mean": [0.900000035763, 3.58732867241, 3.63935446739, 4.77066612244, 8.68312740326, 4.71495246887, 7.64693212509, 9.89213180542, 14.6395568848, 12.2217340469, 12.1339454651, 13.0254898071, 31.5138626099, 22.7732963562, 19.6139945984, 23.8098812103, 18.0938625336, 23.8427295685, 18.0775699615, 17.1667518616, 15.8463134766, 16.1900348663, 15.6678647995, 13.5198221207, 12.6344423294, 12.0378580093, 12.1111984253, 10.2635421753, 9.6651725769, 9.04356956482, 7.81857872009, 5.56667470932, 3.88224506378, 2.59091520309, 1.6310852766, 0.793110847473, 0.294448643923, 0.0536080412567, 0.00108416890725, 8.22702277219e-05],
        "median": [0.114156298339, 0.490229785442, 0.713294029236, 0.685008347034, 1.5918456316, 1.61562335491, 2.77943468094, 4.42726230621, 6.11753940582, 5.01643753052, 5.46995210648, 6.32633638382, 11.4429035187, 9.90264797211, 7.32728147507, 9.13618850708, 8.06795883179, 9.32014083862, 7.18160057068, 7.43381786346, 7.73212146759, 7.96837711334, 8.12466526031, 8.10387039185, 7.12012195587, 6.15312337875, 5.78561401367, 5.12447929382, 5.17625951767, 4.40414142609, 3.17247104645, 2.32887434959, 1.47647619247, 1.04154336452, 0.628468871117, 0.345164984465, 0.149612784386, 0.0289091039449, 0.000594169774558, 4.80039707327e-05],
        "min": [4.81462667939e-23, 3.77055797484e-22, 2.24698342547e-21, 5.45799011711e-21, 1.30989946891e-20, 1.39131100485e-20, 1.83050626693e-20, 8.22116199253e-20, 1.181426009e-19, 1.28772091492e-19, 2.357113711e-19, 3.43023373123e-19, 4.59278076447e-19, 7.24442454028e-19, 6.07656235462e-19, 1.00482871264e-18, 1.07275471659e-18, 2.1321031102e-18, 2.72387990774e-18, 3.02629134943e-18, 4.10040502037e-18, 4.46341364578e-18, 4.93484166125e-18, 7.27691547096e-18, 8.09504093735e-18, 6.65172740091e-18, 1.01680796295e-17, 8.8034061539e-18, 1.07834283862e-17, 1.04351464708e-17, 1.09993944908e-17, 1.03893570608e-17, 8.7945528398e-18, 8.19646651534e-18, 5.89264484588e-18, 4.24224498872e-18, 2.24241198758e-18, 9.59148387094e-19, 2.17871023992e-19, 2.65912782165e-20],
        "var": [2.96970653534, 53.5665130615, 111.024993896, 314.156402588, 1644.8795166, 168.820159912, 164.23260498, 216.260452271, 478.874938965, 386.51171875, 605.434020996, 491.803039551, 4265.28564453, 1984.45458984, 2647.20581055, 3379.32983398, 1038.31506348, 2098.40332031, 1219.96875, 858.028808594, 570.87298584, 568.836975098, 541.535095215, 301.393890381, 270.108428955, 243.615539551, 264.95135498, 212.013397217, 161.23828125, 141.303253174, 156.15397644, 64.9180755615, 35.8760032654, 14.3680877686, 5.85881185532, 1.3489613533, 0.165803268552, 0.00462408363819, 1.87463376733e-06, 8.46271408506e-09]
    },
    "gfcc": {
        "mean": [-20.9967899323, 57.7666778564, -105.368156433, 26.6481571198, -53.7195091248, 21.0287666321, -29.3363990784, 18.203163147, -20.512424469, 10.775349617, -14.77257061, 10.6500511169, -9.65415000916],
        "cov": [[33680.3320312, 591.720214844, 301.608184814, 1959.74035645, -726.894226074, 1271.97302246, -895.075561523, 288.71282959, -758.173156738, 654.658691406, -345.418395996, 479.376281738, -538.556030273], [591.720214844, 4081.04833984, 380.629608154, 269.904998779, 411.292022705, -373.022796631, 205.882278442, -238.314529419, 124.743614197, -410.97265625, 339.936981201, -125.545593262, 250.690917969], [301.608184814, 380.629608154, 1433.77404785, 553.512939453, 290.668487549, 193.129852295, 24.8452224731, -28.3206672668, 10.0191745758, 100.0260849, 54.8147659302, 71.4793624878, -31.41157341], [1959.74035645, 269.904998779, 553.512939453, 554.954162598, 211.359054565, 191.681915283, 28.8247489929, 40.3938331604, -6.07187891006, 52.7687759399, 31.6624641418, 47.9771575928, -7.44807434082], [-726.894226074, 411.292022705, 290.668487549, 211.359054565, 333.923950195, 71.7358856201, 135.848526001, 2.51129627228, 79.4206390381, -26.3600387573, 78.2314147949, -12.3894309998, 47.1712379456], [1271.97302246, -373.022796631, 193.129852295, 191.681915283, 71.7358856201, 265.761627197, 46.3063545227, 90.6307373047, 9.36940765381, 107.871994019, -12.4745531082, 49.2066993713, -30.9056377411], [-895.075561523, 205.882278442, 24.8452224731, 28.8247489929, 135.848526001, 46.3063545227, 184.692871094, 59.8801307678, 97.981338501, -15.5515270233, 65.0793685913, -8.91262340546, 55.9803466797], [288.71282959, -238.314529419, -28.3206672668, 40.3938331604, 2.51129627228, 90.6307373047, 59.8801307678, 136.822967529, 57.2555046082, 59.4643821716, -2.9394557476, 29.6240520477, 5.70626878738], [-758.173156738, 124.743614197, 10.0191745758, -6.07187891006, 79.4206390381, 9.36940765381, 97.981338501, 57.2555046082, 136.18762207, 28.3420295715, 66.9108047485, 5.64239025116, 47.6063537598], [654.658691406, -410.97265625, 100.0260849, 52.7687759399, -26.3600387573, 107.871994019, -15.5515270233, 59.4643821716, 28.3420295715, 161.948226929, 13.1460542679, 67.273223877, -26.0736999512], [-345.418395996, 339.936981201, 54.8147659302, 31.6624641418, 78.2314147949, -12.4745531082, 65.0793685913, -2.9394557476, 66.9108047485, 13.1460542679, 124.486320496, 26.9678516388, 58.4441146851], [479.376281738, -125.545593262, 71.4793624878, 47.9771575928, -12.3894309998, 49.2066993713, -8.91262340546, 29.6240520477, 5.64239025116, 67.273223877, 26.9678516388, 85.082069397, 13.8302412033], [-538.556030273, 250.690917969, -31.41157341, -7.44807434082, 47.1712379456, -30.9056377411, 55.9803466797, 5.70626878738, 47.6063537598, -26.0736999512, 58.4441146851, 13.8302412033, 89.9098434448]],
        "icov": [[0.000163772972883, -0.000332193740178, 0.000336272903951, -0.000558788247872, 0.00045763811795, -0.000857252802234, 0.000577125989366, -0.000220525209443, 0.000400974793592, -0.000563695852179, 0.000355858588591, -0.000465844437713, 0.00056286965264], [-0.000332193740178, 0.00133813545108, -0.000803567003459, 0.000583455257583, -0.000761133502237, 0.00221825251356, -0.0012111060787, 0.000827959156595, -0.00114439032041, 0.00261526787654, -0.00229404494166, 0.00135303917341, -0.00144249841105], [0.000336272903951, -0.000803567003459, 0.00206789560616, -0.00220000185072, 0.00037007976789, -0.00173776247539, 0.000968377687968, 0.000754070701078, 0.000385077641113, -0.00201232731342, 0.00137019564863, -0.00186691002455, 0.00196175393648], [-0.000558788247872, 0.000583455257583, -0.00220000185072, 0.00694945501164, -0.00398659612983, 0.00055553560378, 0.000159862975124, -0.00195685587823, 0.000819565204438, 0.00174348393921, -0.00141514313873, 0.00108146644197, -0.00203447975218], [0.00045763811795, -0.000761133502237, 0.00037007976789, -0.00398659612983, 0.00929207727313, -0.00381215079688, -0.00223091989756, 0.00281162001193, -0.00206975801848, 0.000597113044932, -0.000305337627651, 0.000158801674843, 0.00113074306864], [-0.000857252802234, 0.00221825251356, -0.00173776247539, 0.00055553560378, -0.00381215079688, 0.0147729674354, -0.00697231013328, -0.0016533783637, 0.00128259486519, -0.00159038731363, -0.000539337459486, 0.00156512542162, -0.00138734211214], [0.000577125989366, -0.0012111060787, 0.000968377687968, 0.000159862975124, -0.00223091989756, -0.00697231013328, 0.0181069914252, -0.0065447264351, -0.00305854459293, 0.00249599851668, -0.00298718269914, 0.00124774000142, -0.000806235417258], [-0.000220525209443, 0.000827959156595, 0.000754070701078, -0.00195685587823, 0.00281162001193, -0.0016533783637, -0.0065447264351, 0.0185566898435, -0.00874154176563, -0.000301653228234, 0.00515330815688, -0.00350870680995, -0.000943406485021], [0.000400974793592, -0.00114439032041, 0.000385077641113, 0.000819565204438, -0.00206975801848, 0.00128259486519, -0.00305854459293, -0.00874154176563, 0.0222715493292, -0.00916146859527, -0.00398568157107, 0.00442511076108, -0.00275824312121], [-0.000563695852179, 0.00261526787654, -0.00201232731342, 0.00174348393921, 0.000597113044932, -0.00159038731363, 0.00249599851668, -0.000301653228234, -0.00916146859527, 0.0228974055499, -0.00815773010254, -0.00647308770567, 0.0041675674729], [0.000355858588591, -0.00229404494166, 0.00137019564863, -0.00141514313873, -0.000305337627651, -0.000539337459486, -0.00298718269914, 0.00515330815688, -0.00398568157107, -0.00815773010254, 0.0233266483992, -0.0076368348673, -0.0038465927355], [-0.000465844437713, 0.00135303917341, -0.00186691002455, 0.00108146644197, 0.000158801674843, 0.00156512542162, 0.00124774000142, -0.00350870680995, 0.00442511076108, -0.00647308770567, -0.0076368348673, 0.0267717521638, -0.0105993412435], [0.00056286965264, -0.00144249841105, 0.00196175393648, -0.00203447975218, 0.00113074306864, -0.00138734211214, -0.000806235417258, -0.000943406485021, -0.00275824312121, 0.0041675674729, -0.0038465927355, -0.0105993412435, 0.0253243055195]]
    },
    "melbands": {
        "dmean": [0.00334385386668, 0.00155306735542, 0.00108263210859, 0.000567751529161, 0.000154129229486, 0.000137172828545, 0.000133848574478, 8.74307879712e-05, 5.92483156652e-05, 5.63433895877e-05, 0.000116479823191, 5.92028263782e-05, 4.79535883642e-05, 5.33125348738e-05, 2.80839121842e-05, 3.27798661601e-05, 3.71080423065e-05, 1.91880226339e-05, 1.7246011339e-05, 1.23038353195e-05, 1.1209403965e-05, 9.58897908276e-06, 9.98408086161e-06, 5.80150981477e-06, 6.12444137005e-06, 4.84453948957e-06, 4.07380184697e-06, 3.72024328499e-06, 3.75873264602e-06, 3.81224049306e-06, 2.89138097287e-06, 2.63535002887e-06, 2.37293829741e-06, 2.24855102715e-06, 3.14071962748e-06, 1.91299068319e-06, 1.49591232912e-06, 1.44313378314e-06, 1.22873348118e-06, 1.04601099338e-06],
        "dmean2": [0.00435901759192, 0.00208543660119, 0.0018269836437, 0.00102502724621, 0.000248940312304, 0.000204939758987, 0.000200831331313, 0.000140966352774, 9.24025080167e-05, 9.18892474147e-05, 0.000195978762349, 9.39931342145e-05, 7.99828630988e-05, 9.03760301298e-05, 4.55135959783e-05, 5.52772216906e-05, 6.30560753052e-05, 3.22634332406e-05, 2.86525282718e-05, 2.05686210393e-05, 1.87293389899e-05, 1.6083189621e-05, 1.71129304363e-05, 9.75570310402e-06, 1.03854054032e-05, 8.02176873549e-06, 6.69322753311e-06, 6.06411595072e-06, 6.22437164566e-06, 6.35032574792e-06, 4.80910193801e-06, 4.41745851276e-06, 3.92474339606e-06, 3.69546660295e-06, 5.42259158465e-06, 3.05204480355e-06, 2.36757750827e-06, 2.37278186432e-06, 2.00171120923e-06, 1.66834183801e-06],
        "dvar": [4.39735558757e-05, 1.65547189681e-05, 2.19115318032e-05, 6.12023677604e-06, 1.51589006236e-07, 7.05994267491e-08, 5.6171341356e-08, 3.14289358982e-08, 1.9091407566e-08, 1.29473232136e-08, 7.08905787405e-08, 1.94045473023e-08, 1.38045841425e-08, 1.91721873932e-08, 4.23440438269e-09, 5.50394396726e-09, 7.64246621543e-09, 1.94756410998e-09, 1.31228772293e-09, 6.86786405524e-10, 5.31759691835e-10, 3.63701679884e-10, 5.43480704884e-10, 1.14865637835e-10, 1.28338631389e-10, 7.82835671287e-11, 4.88844242863e-11, 4.13250440812e-11, 4.83556562847e-11, 5.55743402686e-11, 4.31624631869e-11, 2.48335345343e-11, 1.98019101116e-11, 1.76390551471e-11, 6.52618792341e-11, 1.43528062699e-11, 7.62965385315e-12, 1.04038756776e-11, 6.34308751357e-12, 4.13225616919e-12],
        "dvar2": [9.01220482774e-05, 2.70313666988e-05, 5.92254509684e-05, 1.7403939637e-05, 4.22313490844e-07, 1.75505817879e-07, 1.2560212781e-07, 8.12580438492e-08, 4.62578810811e-08, 3.2524987148e-08, 1.84557464422e-07, 4.38013891824e-08, 3.54266873615e-08, 4.72024055398e-08, 9.66631930055e-09, 1.47033762943e-08, 2.0584478122e-08, 5.19197485005e-09, 3.35881078506e-09, 1.79885284446e-09, 1.43560707766e-09, 1.01219033155e-09, 1.51261103642e-09, 3.04091807291e-10, 3.47265632916e-10, 2.07509745498e-10, 1.28923371978e-10, 1.0663225164e-10, 1.28860130899e-10, 1.50200116233e-10, 1.16243042969e-10, 6.61117549594e-11, 5.16562660702e-11, 4.64227857544e-11, 1.83176071533e-10, 3.36895511488e-11, 1.81669315008e-11, 2.6881242024e-11, 1.57694100833e-11, 9.98588191303e-12],
        "max": [0.153730019927, 0.115396805108, 0.115169607103, 0.0555012375116, 0.00798095483333, 0.00479409564286, 0.00508790276945, 0.00381341460161, 0.00407573860139, 0.00234211212955, 0.00533867999911, 0.00609082216397, 0.00366930663586, 0.00658424710855, 0.00323604629375, 0.00132768205367, 0.00123882922344, 0.000903978769202, 0.000758186564781, 0.000537473068107, 0.000945261854213, 0.000756096735131, 0.000747123151086, 0.000328389083734, 0.000168412429048, 0.000141825905303, 0.000134357091156, 0.000120647033327, 0.000132819768623, 0.000140409742016, 0.000191439306946, 0.00013372093963, 0.000160973606398, 7.97877364676e-05, 8.99272636161e-05, 9.32615730562e-05, 5.70828233322e-05, 8.81844316609e-05, 4.93470179208e-05, 3.5999724787e-05],
        "mean": [0.00685482565314, 0.0028600518126, 0.000999029958621, 0.000479599053506, 0.000241774323513, 0.000237117361394, 0.000228580887779, 0.000125707185362, 9.15046475711e-05, 8.67587150424e-05, 0.000154640409164, 8.69859941304e-05, 6.40510916128e-05, 6.61685116938e-05, 4.2213992856e-05, 4.07594561693e-05, 4.59790717287e-05, 2.74694957625e-05, 2.62743324129e-05, 1.92582938325e-05, 1.96205728571e-05, 1.75434488483e-05, 1.62425367307e-05, 1.15786051538e-05, 1.08832600745e-05, 9.16429416975e-06, 8.39904350869e-06, 7.88861689216e-06, 7.54176744522e-06, 7.08701645635e-06, 5.62930881642e-06, 5.53396830583e-06, 5.32280728294e-06, 4.75426577395e-06, 4.72367128168e-06, 3.83712267649e-06, 3.15267470796e-06, 2.71856038125e-06, 2.42875080403e-06, 2.10459734262e-06],
        "median": [0.00109879486263, 0.000566296163015, 0.000172295796801, 0.000121849050629, 9.33113478823e-05, 0.000109813903691, 9.24622945604e-05, 5.1460639952e-05, 4.03547019232e-05, 3.9751863369e-05, 5.44613685634e-05, 3.60554658982e-05, 2.52106219705e-05, 2.34085800912e-05, 1.89885922737e-05, 1.56066089403e-05, 1.60872077686e-05, 1.03080928966e-05, 1.08295635073e-05, 7.74754153099e-06, 9.52767004492e-06, 8.46567490953e-06, 7.43168448025e-06, 6.51183836453e-06, 6.21403478362e-06, 5.06413744006e-06, 4.48893342764e-06, 3.79214930035e-06, 3.51303538082e-06, 3.24279517372e-06, 2.79115943158e-06, 2.88328214992e-06, 2.66821371042e-06, 2.23214283324e-06, 1.82001633675e-06, 1.59302078373e-06, 1.28841179503e-06, 1.0305836895e-06, 9.08010008516e-07, 8.28387157981e-07],
        "min": [4.9154307574e-25, 1.39691715894e-24, 1.49027362087e-24, 9.33722292868e-25, 9.16203368492e-25, 1.97804150414e-24, 1.6834441601e-24, 1.508385177e-24, 1.377790043e-24, 1.70226283142e-24, 1.75284695925e-24, 1.75482660569e-24, 1.83092091747e-24, 2.06027946465e-24, 2.2210100713e-24, 2.1522010872e-24, 3.04319463053e-24, 2.88840848523e-24, 2.98386716286e-24, 3.82074169265e-24, 3.40615268846e-24, 3.40908370116e-24, 4.4980217727e-24, 4.69701706364e-24, 5.12265564252e-24, 3.24398615775e-24, 4.07887749122e-24, 3.52887656835e-24, 5.60074913286e-24, 5.1926106443e-24, 3.73932888064e-24, 5.53241208479e-24, 4.82177383807e-24, 5.42101782523e-24, 4.85297170915e-24, 4.98855441623e-24, 4.9810042285e-24, 5.51208274484e-24, 6.54634250045e-24, 6.07057299434e-24],
        "var": [0.000156047593919, 4.02743753511e-05, 1.58715774887e-05, 3.6679364257e-06, 1.65057869594e-07, 1.19044102576e-07, 1.15434680481e-07, 4.31472066964e-08, 3.51369422447e-08, 2.35449917341e-08, 1.06335242833e-07, 3.24480140534e-08, 2.09537933671e-08, 2.5746121679e-08, 8.03196265053e-09, 6.45344488959e-09, 8.61846327638e-09, 2.956839662e-09, 2.22889395829e-09, 1.17511511633e-09, 9.66710933525e-10, 7.0328576296e-10, 7.24080517767e-10, 2.62892263514e-10, 2.15872542064e-10, 1.57486704233e-10, 1.186529347e-10, 1.13653801648e-10, 1.06722915227e-10, 1.06528126598e-10, 6.87283285838e-11, 5.59218366059e-11, 5.19619451633e-11, 4.00872390838e-11, 6.65106580922e-11, 3.18938382649e-11, 2.13457793108e-11, 1.80670374494e-11, 1.38310595615e-11, 9.56859331352e-12]
    },
    "mfcc": {
        "mean": [-656.156860352, 96.5787658691, 5.02054691315, 16.0829734802, 2.80824947357, 7.05044412613, 4.17789983749, 8.89489364624, 4.59600496292, 3.72629618645, 1.84267437458, 2.77783918381, 2.9219622612],
        "cov": [[13925.4648438, -180.916687012, 984.997741699, 496.869354248, 491.441619873, 678.044006348, 214.822921753, 25.7802963257, -76.1362075806, 70.7560195923, 257.207092285, 297.610778809, 105.897994995], [-180.916687012, 3016.41088867, 98.9890899658, 406.786865234, 100.70614624, -130.255783081, 41.9000778198, 85.1374130249, -70.9650268555, -143.202102661, -75.2889404297, 63.0406303406, 43.2573776245], [984.997741699, 98.9890899658, 765.774414062, 270.028808594, 203.112808228, 174.524780273, 59.0214309692, 16.4997959137, 9.7307062149, 27.6991691589, 67.0225753784, 43.5812263489, 58.3723602295], [496.869354248, 406.786865234, 270.028808594, 362.393280029, 189.723022461, 102.448478699, 76.7798233032, 65.178527832, 24.5291404724, 6.64328336716, 23.5955200195, 41.3289146423, 41.6439819336], [491.441619873, 100.70614624, 203.112808228, 189.723022461, 214.423995972, 131.900848389, 74.6683654785, 49.7904205322, 32.4163513184, 26.8118190765, 33.2190742493, 39.210609436, 32.9798698425], [678.044006348, -130.255783081, 174.524780273, 102.448478699, 131.900848389, 190.304656982, 86.009185791, 41.7553672791, 34.5371589661, 46.8366546631, 52.9321517944, 37.9064216614, 28.7227573395], [214.822921753, 41.9000778198, 59.0214309692, 76.7798233032, 74.6683654785, 86.009185791, 119.956306458, 70.1341247559, 44.9625282288, 30.0293617249, 24.9186763763, 29.2572402954, 20.3832206726], [25.7802963257, 85.1374130249, 16.4997959137, 65.178527832, 49.7904205322, 41.7553672791, 70.1341247559, 118.230659485, 69.3714370728, 34.8482131958, 25.2633056641, 24.3602561951, 15.5474910736], [-76.1362075806, -70.9650268555, 9.7307062149, 24.5291404724, 32.4163513184, 34.5371589661, 44.9625282288, 69.3714370728, 101.929374695, 56.7501373291, 29.3739871979, 14.4545783997, 10.0743970871], [70.7560195923, -143.202102661, 27.6991691589, 6.64328336716, 26.8118190765, 46.8366546631, 30.0293617249, 34.8482131958, 56.7501373291, 90.4086074829, 49.7250862122, 20.0328330994, 12.1040964127], [257.207092285, -75.2889404297, 67.0225753784, 23.5955200195, 33.2190742493, 52.9321517944, 24.9186763763, 25.2633056641, 29.3739871979, 49.7250862122, 81.7210006714, 46.515663147, 25.8343544006], [297.610778809, 63.0406303406, 43.5812263489, 41.3289146423, 39.210609436, 37.9064216614, 29.2572402954, 24.3602561951, 14.4545783997, 20.0328330994, 46.515663147, 81.0460739136, 43.9362640381], [105.897994995, 43.2573776245, 58.3723602295, 41.6439819336, 32.9798698425, 28.7227573395, 20.3832206726, 15.5474910736, 10.0743970871, 12.1040964127, 25.8343544006, 43.9362640381, 70.5749511719]],
