{
"lowlevel": {
    "average_loudness": 0.901678740978,
    "barkbands_crest": {
        "dmean": 2.9265794754,
        "dmean2": 4.03198957443,
        "dvar": 8.0690612793,
        "dvar2": 15.6924915314,
        "max": 26.6617107391,
        "mean": 11.7702283859,
        "median": 10.927564621,
        "min": 1.77677166462,
        "var": 37.5133705139
    },
    "barkbands_flatness_db": {
        "dmean": 0.0297330562025,
        "dmean2": 0.0411312542856,
        "dvar": 0.00115122913849,
        "dvar2": 0.00189135433175,
        "max": 0.561210751534,
        "mean": 0.123782016337,
        "median": 0.0967812687159,
        "min": 0.0105864945799,
        "var": 0.00662441691384
    },
    "barkbands_kurtosis": {
        "dmean": 8.88720703125,
        "dmean2": 11.8792591095,
        "dvar": 1244.77685547,
        "dvar2": 2629.44604492,
        "max": 2011.66687012,
        "mean": 14.816740036,
        "median": 0.658244609833,
        "min": -1.8974134922,
        "var": 2680.11645508
    },
    "barkbands_skewness": {
        "dmean": 0.971475958824,
        "dmean2": 1.27565217018,
        "dvar": 1.57226908207,
        "dvar2": 2.5071003437,
        "max": 35.8878173828,
        "mean": 2.02915477753,
        "median": 1.30735874176,
        "min": -3.48048567772,
        "var": 8.63970470428
    },
    "barkbands_spread": {
        "dmean": 12.0301494598,
        "dmean2": 17.909778595,
        "dvar": 160.465393066,
        "dvar2": 323.223266602,
        "max": 123.303634644,
        "mean": 42.5955314636,
        "median": 40.4448509216,
        "min": 0.148789301515,
        "var": 717.384277344
    },
    "dissonance": {
        "dmean": 0.0105309672654,
        "dmean2": 0.0174623988569,
        "dvar": 0.000144915320561,
        "dvar2": 0.000374954164727,
        "max": 0.500000178814,
        "mean": 0.481743782759,
        "median": 0.486381053925,
        "min": 0.24887150526,
        "var": 0.000304532732116
    },
    "dynamic_complexity": 2.57695746422,
    "erbbands_crest": {
        "dmean": 2.19873189926,
        "dmean2": 3.55210876465,
        "dvar": 5.4742026329,
        "dvar2": 12.9472799301,
        "max": 29.7660427094,
        "mean": 6.66730117798,
        "median": 5.58454942703,
        "min": 1.97980511189,
        "var": 13.7792844772
    },
    "erbbands_flatness_db": {
        "dmean": 0.017915463075,
        "dmean2": 0.0271572712809,
        "dvar": 0.000353799114237,
        "dvar2": 0.000758398033213,
        "max": 0.341032475233,
        "mean": 0.108853630722,
        "median": 0.101079709828,
        "min": 0.0267119705677,
        "var": 0.00221352209337
    },
    "erbbands_kurtosis": {
        "dmean": 0.854050755501,
        "dmean2": 1.31821274757,
        "dvar": 2.29984259605,
        "dvar2": 4.99509239197,
        "max": 62.5993347168,
        "mean": 0.281972885132,
        "median": -0.250328779221,
        "min": -1.73611354828,
        "var": 4.98254489899
    },
    "erbbands_skewness": {
        "dmean": 0.352492004633,
        "dmean2": 0.529230117798,
        "dvar": 0.124074473977,
        "dvar2": 0.276973575354,
        "max": 4.90513706207,
        "mean": -0.325470805168,
        "median": -0.351888537407,
        "min": -4.07367181778,
        "var": 0.522025287151
    },
    "erbbands_spread": {
        "dmean": 11.9083309174,
        "dmean2": 17.8400001526,
        "dvar": 189.254669189,
        "dvar2": 365.768127441,
        "max": 157.761672974,
        "mean": 53.271156311,
        "median": 48.7925949097,
        "min": 1.28313934803,
        "var": 661.933898926
    },
    "hfc": {
        "dmean": 22.8524799347,
        "dmean2": 34.8918838501,
        "dvar": 1376.29223633,
        "dvar2": 2927.38696289,
        "max": 485.356109619,
        "mean": 59.6221389771,
        "median": 45.7796287537,
        "min": 1.12732514923e-16,
        "var": 3083.41625977
    },
    "melbands_crest": {
        "dmean": 4.73210811615,
        "dmean2": 7.16489458084,
        "dvar": 25.9610404968,
        "dvar2": 57.7975578308,
        "max": 39.4852409363,
        "mean": 21.6037464142,
        "median": 21.7169570923,
        "min": 1.85778164864,
        "var": 96.3323822021
    },
    "melbands_flatness_db": {
        "dmean": 0.0405712649226,
        "dmean2": 0.0547739975154,
        "dvar": 0.00208818539977,
        "dvar2": 0.00346877845004,
        "max": 0.679306566715,
        "mean": 0.184463605285,
        "median": 0.164354622364,
        "min": 0.00663251942024,
        "var": 0.0118073057383
    },
    "melbands_kurtosis": {
        "dmean": 32.2340049744,
        "dmean2": 44.7918319702,
        "dvar": 7806.16210938,
        "dvar2": 17163.7753906,
        "max": 2831.65893555,
        "mean": 61.4637413025,
        "median": 12.1548557281,
        "min": -1.75347757339,
        "var": 19242.3769531
    },
    "melbands_skewness": {
        "dmean": 1.59953808784,
        "dmean2": 2.14361095428,
        "dvar": 4.41674375534,
        "dvar2": 7.56853055954,
        "max": 44.6843757629,
        "mean": 4.81731510162,
        "median": 3.30565190315,
        "min": -3.38273501396,
        "var": 23.356962204
    },
    "melbands_spread": {
        "dmean": 16.6555156708,
        "dmean2": 25.8179988861,
        "dvar": 493.505737305,
        "dvar2": 1090.8449707,
        "max": 238.981811523,
        "mean": 40.5659599304,
        "median": 28.8983955383,
        "min": 0.0807956978679,
        "var": 1373.296875
    },
    "pitch_salience": {
        "dmean": 0.0978932604194,
        "dmean2": 0.141122549772,
        "dvar": 0.0112693114206,
        "dvar2": 0.0225427672267,
        "max": 0.991825759411,
        "mean": 0.438074916601,
        "median": 0.456529915333,
        "min": 0.0149800861254,
        "var": 0.0397050492465
    },
    "silence_rate_20dB": {
        "dmean": 0.000688942498527,
        "dmean2": 0.00137804320548,
        "dvar": 0.000688469212037,
        "dvar2": 0.00183549732901,
        "max": 1,
        "mean": 0.999540746212,
        "median": 1,
        "min": 0,
        "var": 0.000459049566416
    },
    "silence_rate_30dB": {
        "dmean": 0.0702721327543,
        "dmean2": 0.140560403466,
        "dvar": 0.0653376728296,
        "dvar2": 0.131833195686,
        "max": 1,
        "mean": 0.815499424934,
        "median": 1,
        "min": 0,
        "var": 0.150466620922
    },
    "silence_rate_60dB": {
        "dmean": 0.0176828559488,
        "dmean2": 0.0353697761893,
        "dvar": 0.0173672251403,
        "dvar2": 0.0453729629517,
        "max": 1,
        "mean": 0.0429391488433,
        "median": 0,
        "min": 0,
        "var": 0.0410964936018
    },
    "spectral_centroid": {
        "dmean": 388.315063477,
        "dmean2": 566.934570312,
        "dvar": 184637.53125,
        "dvar2": 339487.9375,
        "max": 10734.5097656,
        "mean": 2425.28344727,
        "median": 2564.08886719,
        "min": 108.818733215,
        "var": 752737.0625
    },
    "spectral_complexity": {
        "dmean": 5.98553228378,
        "dmean2": 9.30868148804,
        "dvar": 50.2358093262,
        "dvar2": 101.45136261,
        "max": 62,
        "mean": 22.9994258881,
        "median": 22,
        "min": 0,
        "var": 143.490020752
    },
    "spectral_decrease": {
        "dmean": 5.14038323018e-09,
        "dmean2": 6.99486069067e-09,
        "dvar": 4.3947794925e-17,
        "dvar2": 6.55206653004e-17,
        "max": -2.30365355658e-29,
        "mean": -1.52009693721e-08,
        "median": -9.93584059472e-09,
        "min": -9.94368605234e-08,
        "var": 2.63291615445e-16
    },
    "spectral_energy": {
        "dmean": 0.0198747180402,
        "dmean2": 0.0271173417568,
        "dvar": 0.000604084692895,
        "dvar2": 0.000906741886865,
        "max": 0.376979708672,
        "mean": 0.0627799928188,
        "median": 0.0465756170452,
        "min": 1.03121141533e-20,
        "var": 0.00368591677397
    },
    "spectral_energyband_high": {
        "dmean": 0.00217217439786,
        "dmean2": 0.00333272665739,
        "dvar": 1.28307765408e-05,
        "dvar2": 2.79374580714e-05,
        "max": 0.0453886538744,
        "mean": 0.0050548510626,
        "median": 0.00341636105441,
        "min": 7.68901457093e-21,
        "var": 3.20870167343e-05
    },
    "spectral_energyband_low": {
        "dmean": 0.0180550534278,
        "dmean2": 0.0250574406236,
        "dvar": 0.000758502399549,
        "dvar2": 0.00117257284001,
        "max": 0.375413864851,
        "mean": 0.0466345362365,
        "median": 0.0224200449884,
        "min": 4.24055619035e-23,
        "var": 0.00389379868284
    },
    "spectral_energyband_middle_high": {
        "dmean": 0.00230074673891,
        "dmean2": 0.00379439070821,
        "dvar": 1.60541130754e-05,
        "dvar2": 4.21610275225e-05,
        "max": 0.0461640879512,
        "mean": 0.00510509265587,
        "median": 0.00392500031739,
        "min": 1.31241009131e-21,
        "var": 2.37417752942e-05
    },
    "spectral_energyband_middle_low": {
        "dmean": 0.00461569987237,
        "dmean2": 0.00777737656608,
        "dvar": 9.29955276661e-05,
        "dvar2": 0.000246272509685,
        "max": 0.0925536006689,
        "mean": 0.00632786331698,
        "median": 0.00316912611015,
        "min": 4.03469536407e-22,
        "var": 8.26852119644e-05
    },
    "spectral_entropy": {
        "dmean": 0.156983852386,
        "dmean2": 0.228746756911,
        "dvar": 0.0283350907266,
        "dvar2": 0.0559799261391,
        "max": 9.80529689789,
        "mean": 8.09949398041,
        "median": 8.16185855865,
        "min": 5.69823598862,
        "var": 0.16760122776
    },
    "spectral_flux": {
        "dmean": 0.0438566058874,
        "dmean2": 0.0641363412142,
        "dvar": 0.00219138409011,
        "dvar2": 0.00457319710404,
        "max": 0.517347633839,
        "mean": 0.121898576617,
        "median": 0.100117594004,
        "min": 1.01548582043e-10,
        "var": 0.00610980438069
    },
    "spectral_kurtosis": {
        "dmean": 0.665217518806,
        "dmean2": 1.07963228226,
        "dvar": 0.65491181612,
        "dvar2": 1.79608929157,
        "max": 25.8085365295,
        "mean": 2.29397678375,
        "median": 1.89360451698,
        "min": -1.17997729778,
        "var": 3.90349268913
    },
    "spectral_rms": {
        "dmean": 0.00132748053875,
        "dmean2": 0.00179029046558,
        "dvar": 2.11292172025e-06,
        "dvar2": 3.30582088282e-06,
        "max": 0.019177723676,
        "mean": 0.00695802457631,
        "median": 0.00674089230597,
        "min": 3.17184473131e-12,
        "var": 1.28345418489e-05
    },
    "spectral_rolloff": {
        "dmean": 1411.45214844,
        "dmean2": 2192.51147461,
        "dvar": 4018725.75,
        "dvar2": 7557131.5,
        "max": 18475.4882812,
        "mean": 3421.44458008,
        "median": 2497.8515625,
        "min": 21.533203125,
        "var": 12027754
    },
    "spectral_skewness": {
        "dmean": 0.140111342072,
        "dmean2": 0.224123910069,
        "dvar": 0.0188813563436,
        "dvar2": 0.0468691438437,
        "max": 3.80238485336,
        "mean": 1.20796597004,
        "median": 1.16984987259,
        "min": 0.030494209379,
        "var": 0.0976665243506
    },
    "spectral_spread": {
        "dmean": 702235.8125,
        "dmean2": 1078319.125,
        "dvar": 659603849216,
        "dvar2": 1.32313605734e+12,
        "max": 40579848,
        "mean": 6853297,
        "median": 6830021,
        "min": 1928538.75,
        "var": 4.10385409638e+12
    },
    "spectral_strongpeak": {
        "dmean": 0.566743791103,
        "dmean2": 0.985788583755,
        "dvar": 1.95130729675,
        "dvar2": 4.99231719971,
        "max": 19.9626979828,
        "mean": 0.731006264687,
        "median": 0.34986114502,
        "min": 0,
        "var": 1.83815515041
    },
    "zerocrossingrate": {
        "dmean": 0.0239203982055,
        "dmean2": 0.0261270273477,
        "dvar": 0.000596204015892,
        "dvar2": 0.000629700894933,
        "max": 0.841796875,
        "mean": 0.115289032459,
        "median": 0.105712890625,
        "min": 0.00146484375,
        "var": 0.00573778431863
    },
    "barkbands": {
        "dmean": [0.00372315291315, 0.0152425365523, 0.00474123004824, 0.00178923574276, 0.00170662417077, 0.000686483283062, 0.000366019899957, 0.000464813463623, 0.00051255186554, 0.00025963986991, 0.000353221490514, 0.000198910420295, 0.000296493904898, 0.000377142132493, 0.000330181210302, 0.000407331244787, 0.000324822787661, 0.000418116949731, 0.000487119628815, 0.000383589824196, 0.000288705516141, 0.000320425577229, 0.000387534382753, 0.000440440460807, 0.00053199136164, 0.000344938656781, 0.000175842520548],
        "dmean2": [0.00507749198005, 0.0211745873094, 0.00826130714267, 0.00324099138379, 0.00296615320258, 0.00111506530084, 0.000618218036834, 0.000747151614632, 0.000812456361018, 0.000416920229327, 0.000570457370486, 0.000311627227347, 0.000501542759594, 0.000619841797743, 0.000549739168491, 0.000676812662277, 0.000550871773157, 0.000708357838448, 0.000807205389719, 0.000625020533334, 0.000470368046081, 0.000526482297573, 0.000645782158244, 0.000710495805833, 0.000824433460366, 0.000516149157193, 0.000277445826214],
        "dvar": [3.73648908862e-05, 0.000627069559414, 0.000260189874098, 3.45257758454e-05, 1.78987593245e-05, 2.92847744277e-06, 7.72120927195e-07, 1.26504153286e-06, 1.95304528461e-06, 3.35495798254e-07, 5.57680948532e-07, 2.96850032555e-07, 5.09372341639e-07, 6.91379000273e-07, 5.11725261276e-07, 9.24574806049e-07, 3.31948797339e-07, 5.77254809286e-07, 5.28621114881e-07, 6.37032940176e-07, 1.44650002198e-07, 2.46075757104e-07, 4.34128708093e-07, 5.46976650639e-07, 1.11208896669e-06, 4.98477277233e-07, 1.59725900062e-07],
        "dvar2": [6.20532955509e-05, 0.000976164068561, 0.000704446516465, 9.8036674899e-05, 4.90730599267e-05, 6.81586743667e-06, 2.02049773179e-06, 3.00250326291e-06, 4.97578184877e-06, 7.88525369444e-07, 1.27384737425e-06, 5.61136687338e-07, 1.24645157484e-06, 1.50022628986e-06, 1.25227279568e-06, 2.18163449972e-06, 8.9872821718e-07, 1.47237165038e-06, 1.32265961383e-06, 1.35932316425e-06, 3.63805753523e-07, 6.41104691113e-07, 1.11606618702e-06, 1.38024518037e-06, 2.42104692916e-06, 8.55638631947e-07, 3.34574650651e-07],
        "max": [0.0947556495667, 0.335613578558, 0.178182676435, 0.0689132362604, 0.0413166843355, 0.0412615761161, 0.0233398135751, 0.0215980540961, 0.0220681391656, 0.0171103440225, 0.0206703562289, 0.0217226278037, 0.0201156996191, 0.023082729429, 0.024474920705, 0.0344732552767, 0.0193485040218, 0.0198412388563, 0.011775655672, 0.0203791745007, 0.00701181590557, 0.00872939731926, 0.00893543381244, 0.00830905139446, 0.0161160640419, 0.0127634163946, 0.00646756542847],
        "mean": [0.00737494602799, 0.0352123863995, 0.00381255638786, 0.00152713048737, 0.00194405869115, 0.000908806803636, 0.000392948713852, 0.00062081112992, 0.000725135090761, 0.00037783946027, 0.000488962978125, 0.00028929655673, 0.000376303243684, 0.000495164655149, 0.000450441468274, 0.000583887624089, 0.000465392367914, 0.000627665955108, 0.000806383905001, 0.000712141452823, 0.000586631940678, 0.000616561155766, 0.000698437099345, 0.000771147373598, 0.000903150357772, 0.00077682355186, 0.00023481468088],
        "median": [0.00168035901152, 0.0143686048687, 0.000701555400155, 0.000281930144411, 0.000598865270149, 0.000197913774173, 0.000123634177726, 0.000251569785178, 0.000225858268095, 0.000117465715448, 0.000182245537871, 0.000123886580695, 0.000144121528137, 0.000200184527785, 0.000244561611908, 0.000283656729152, 0.000294787460007, 0.000348687986843, 0.00049910414964, 0.000411775778048, 0.000437888724264, 0.000408529274864, 0.000431454594946, 0.000502607086673, 0.000489202910103, 0.000426815531682, 2.73652622127e-05],
        "min": [3.33262588227e-23, 1.11687187285e-23, 1.74273983667e-23, 3.00976246871e-23, 4.57347694937e-23, 4.32852080771e-23, 1.54220035051e-22, 6.14125185489e-23, 6.63238466379e-23, 4.07083844639e-23, 7.00469608771e-23, 4.26314695787e-23, 8.49445864504e-23, 7.76735355801e-23, 5.36320654822e-23, 1.4960878334e-22, 1.60545992692e-22, 1.88295443521e-22, 2.30187289737e-22, 3.7306221755e-22, 4.79450271148e-22, 5.79229033511e-22, 6.75397867398e-22, 8.57565767574e-22, 1.15932957531e-21, 1.71637351776e-21, 2.21561417594e-21],
        "var": [0.000149127867189, 0.00270006735809, 0.00017435112386, 2.12448103412e-05, 1.51610902321e-05, 4.77482990391e-06, 7.85955649008e-07, 1.69516738424e-06, 2.59839794126e-06, 6.31472573787e-07, 8.87177122877e-07, 6.34165644442e-07, 8.41466032853e-07, 1.24234475152e-06, 7.11148970822e-07, 1.5925390926e-06, 3.63332134157e-07, 8.1436957089e-07, 9.41184623571e-07, 1.51131268922e-06, 3.50053426246e-07, 5.55272038127e-07, 8.47732337661e-07, 8.19361616777e-07, 1.83218912753e-06, 1.37417850965e-06, 3.15594064659e-07]
    },
    "erbbands": {
        "dmean": [0.767394244671, 3.00971388817, 5.31561851501, 5.99006605148, 5.54895591736, 5.98418140411, 4.50957012177, 6.29864311218, 6.16537570953, 8.66111087799, 7.73681783676, 12.5818443298, 8.96052742004, 9.73465633392, 12.842259407, 8.87065887451, 13.287894249, 20.0654678345, 13.9676847458, 18.8344402313, 18.9894161224, 17.1016139984, 22.2418804169, 26.9953918457, 21.7734680176, 15.4214944839, 14.0458297729, 11.8349428177, 11.7033433914, 11.1905946732, 11.2478694916, 10.1799573898, 7.41620254517, 6.3222117424, 3.63452887535, 1.77966892719, 0.613749325275, 0.226018384099, 0.0282588396221, 0.000383233011235],
        "dmean2": [0.95196968317, 4.3276591301, 8.69732093811, 10.6214017868, 9.78647422791, 10.3004693985, 7.57378196716, 10.2830915451, 10.3498897552, 13.9698648453, 12.6252374649, 19.902305603, 14.1173830032, 15.9339256287, 20.7873706818, 13.8474912643, 22.2549514771, 33.0899925232, 23.1188526154, 31.889415741, 31.4781131744, 28.9100399017, 37.6668205261, 45.0486679077, 36.4767456055, 25.1750602722, 22.6479282379, 19.275894165, 19.1389503479, 18.5720539093, 18.7497711182, 16.8794612885, 11.9318628311, 10.1669015884, 5.49002218246, 2.70072937012, 0.911595523357, 0.34177801013, 0.045070912689, 0.000600140250754],
        "dvar": [1.44644808769, 37.8777885437, 282.070281982, 388.467773438, 231.188156128, 216.546203613, 96.5455551147, 283.312957764, 368.096405029, 491.228973389, 360.469573975, 1360.95837402, 391.31652832, 516.187866211, 881.072387695, 697.4921875, 985.307373047, 2062.07080078, 725.359313965, 1451.55102539, 1617.19213867, 766.220092773, 2002.85681152, 1841.5378418, 1191.12487793, 778.64239502, 578.062438965, 257.406097412, 353.730316162, 291.504119873, 381.466064453, 319.615478516, 157.268600464, 169.785812378, 51.1171417236, 14.1787185669, 1.42539310455, 0.205452889204, 0.00454169884324, 7.66869447943e-07],
        "dvar2": [1.88591718674, 69.4051132202, 710.765991211, 1076.04101562, 640.464782715, 580.971679688, 247.372161865, 647.73236084, 940.288330078, 1165.63000488, 915.438415527, 3448.8449707, 947.94720459, 1245.40380859, 1943.83740234, 1282.37402344, 2388.07250977, 4516.88720703, 1805.06506348, 3754.47314453, 3865.4699707, 2058.21069336, 5053.66455078, 4555.73144531, 3078.40087891, 1730.96032715, 1313.56286621, 658.022277832, 918.657226562, 753.487365723, 984.761962891, 836.20904541, 386.642456055, 421.553771973, 105.347709656, 26.5638465881, 2.35735201836, 0.37743768096, 0.0100329509005, 1.62841740803e-06],
        "max": [18.7204322815, 70.5832977295, 182.258865356, 224.391433716, 161.000946045, 207.132553101, 211.54095459, 384.592254639, 537.176391602, 443.045501709, 373.341644287, 580.164611816, 560.548339844, 497.527526855, 1031.80444336, 1077.10449219, 918.737792969, 1297.17102051, 723.34552002, 980.759277344, 1472.48620605, 765.310852051, 1338.62487793, 731.288818359, 715.837402344, 697.550720215, 597.19317627, 288.824279785, 418.589263916, 290.039367676, 248.03767395, 169.401306152, 171.09727478, 184.586608887, 117.384086609, 62.3888969421, 23.5603160858, 6.98890066147, 1.16085445881, 0.0148884402588],
        "mean": [1.76998722553, 4.86638021469, 4.8778014183, 5.22406959534, 5.4614405632, 7.03152418137, 6.09886360168, 7.89882564545, 6.53083133698, 11.6003465652, 10.5875988007, 17.9410514832, 14.1803607941, 13.1918067932, 17.8794898987, 13.7247180939, 18.1194534302, 26.7677345276, 20.9002323151, 26.6382427216, 29.291267395, 25.9914455414, 33.7429084778, 42.8700065613, 36.5512542725, 30.4728069305, 28.2251186371, 23.1826591492, 21.9931678772, 21.271818161, 20.1225814819, 16.2214012146, 12.9063615799, 10.0235176086, 6.29830312729, 3.41845941544, 1.38277196884, 0.415179669857, 0.0376336947083, 0.000638355035335],
        "median": [0.649068176746, 1.55637550354, 1.13345813751, 1.38762748241, 1.20148849487, 1.99721944332, 2.23378610611, 1.64124310017, 1.85590338707, 4.43628025055, 5.22568893433, 5.40700101852, 5.22688961029, 5.04312515259, 6.15695428848, 6.24442625046, 8.09049415588, 10.8177938461, 13.236415863, 15.5069160461, 15.9327468872, 17.4423446655, 19.2814617157, 25.960849762, 22.7067565918, 19.1599235535, 18.4263210297, 16.7394599915, 14.4226608276, 13.5923557281, 12.5232963562, 10.5887069702, 7.95656776428, 5.7263841629, 3.27554607391, 1.76174688339, 0.762383818626, 0.176576644182, 0.00555957853794, 0.000257356005022],
        "min": [6.76806154508e-22, 1.72861381173e-21, 1.51139549625e-20, 4.98686317922e-20, 1.825135506e-19, 1.15362847527e-19, 1.41748164234e-19, 5.72682780669e-19, 2.01637433865e-18, 1.42413173502e-18, 1.9359982325e-18, 1.20498046809e-18, 6.34157292831e-19, 2.74390140088e-18, 2.19342821286e-18, 2.23313453663e-18, 4.20978269918e-18, 3.22643700442e-18, 3.51187469993e-18, 6.40263436715e-18, 7.74934644293e-18, 8.58713399248e-18, 1.00656002234e-17, 1.47410351494e-17, 8.88091545883e-18, 1.99721981351e-17, 2.4328122969e-17, 1.41363628129e-17, 2.19655148142e-17, 2.11407015925e-17, 1.76174382699e-17, 1.41916929241e-17, 1.67925737631e-17, 1.0842920043e-17, 9.13624047133e-18, 5.39312701757e-18, 3.29205455407e-18, 1.60562663855e-18, 2.74522995634e-19, 3.17009311878e-20],
        "var": [7.8443365097, 73.8246612549, 228.389831543, 249.948913574, 160.695404053, 240.944747925, 127.745193481, 462.328369141, 368.62689209, 654.144775391, 400.375518799, 1795.05969238, 745.373291016, 732.319396973, 1469.84960938, 1530.32727051, 1690.43164062, 3638.94311523, 1018.23443604, 1859.76049805, 3161.53564453, 890.900146484, 2671.15283203, 2753.65283203, 2070.21484375, 2047.87939453, 1602.77539062, 604.065002441, 698.699401855, 741.873168945, 707.899047852, 383.374908447, 254.712661743, 214.997055054, 94.8651199341, 31.3793563843, 4.23369646072, 0.536690235138, 0.00830623786896, 1.53496102939e-06]
    },
    "gfcc": {
        "mean": [37.3403549194, 17.166557312, -92.8193969727, 40.8967971802, -44.7641143799, 23.7947444916, -28.7334213257, 23.0220241547, -17.5157642365, 12.3886489868, -13.692987442, 6.88975048065, -12.3409872055],
        "cov": [[16035.7041016, -643.99987793, 1876.421875, 1607.51208496, 428.909088135, 731.633483887, -156.539810181, -142.309677124, -445.646972656, 14.6504039764, -370.037231445, 63.0968666077, -130.541168213], [-643.99987793, 1721.8729248, 224.52355957, 390.49432373, 82.4456253052, -151.894775391, -9.41745471954, -34.8084907532, 54.3123855591, -91.4613418579, 156.753448486, -43.8312568665, 102.660301208], [1876.421875, 224.52355957, 1518.04382324, 479.506530762, 501.385803223, 285.74319458, 182.682846069, 20.2419586182, 33.8518257141, 51.8331031799, -74.8776702881, -42.3645935059, -64.150970459], [1607.51208496, 390.49432373, 479.506530762, 694.781494141, 199.316864014, 113.844070435, 64.2589797974, 24.8993797302, 29.5628509521, 21.6855335236, 43.2408180237, -13.6377744675, 32.3654022217], [428.909088135, 82.4456253052, 501.385803223, 199.316864014, 393.982910156, 183.168395996, 136.296524048, 39.6355476379, 79.4629821777, 49.0736618042, -5.5116815567, 0.338497310877, -8.21470737457], [731.633483887, -151.894775391, 285.74319458, 113.844070435, 183.168395996, 270.641937256, 102.79725647, 52.6065139771, 22.0905742645, 49.7871513367, -34.3966445923, 17.1003284454, -18.5385951996], [-156.539810181, -9.41745471954, 182.682846069, 64.2589797974, 136.296524048, 102.79725647, 207.824752808, 82.668296814, 68.5172424316, 42.5578460693, 11.538441658, -11.5572595596, 8.06540203094], [-142.309677124, -34.8084907532, 20.2419586182, 24.8993797302, 39.6355476379, 52.6065139771, 82.668296814, 115.659080505, 69.6519851685, 36.922252655, 4.8726234436, -4.17662763596, -8.14813804626], [-445.646972656, 54.3123855591, 33.8518257141, 29.5628509521, 79.4629821777, 22.0905742645, 68.5172424316, 69.6519851685, 145.670410156, 60.354675293, 49.5790557861, -6.70840263367, 12.1036462784], [14.6504039764, -91.4613418579, 51.8331031799, 21.6855335236, 49.0736618042, 49.7871513367, 42.5578460693, 36.922252655, 60.354675293, 124.124610901, 34.6441574097, 13.5314855576, -14.9748506546], [-370.037231445, 156.753448486, -74.8776702881, 43.2408180237, -5.5116815567, -34.3966445923, 11.538441658, 4.8726234436, 49.5790557861, 34.6441574097, 135.268447876, 49.4294319153, 46.1705207825], [63.0968666077, -43.8312568665, -42.3645935059, -13.6377744675, 0.338497310877, 17.1003284454, -11.5572595596, -4.17662763596, -6.70840263367, 13.5314855576, 49.4294319153, 97.1159896851, 57.2182388306], [-130.541168213, 102.660301208, -64.150970459, 32.3654022217, -8.21470737457, -18.5385951996, 8.06540203094, -8.14813804626, 12.1036462784, -14.9748506546, 46.1705207825, 57.2182388306, 116.152534485]],
        "icov": [[0.000131187742227, 7.03466212144e-05, -7.85515658208e-05, -0.00033657104359, 9.35361822485e-05, -0.000189513491932, 0.000192407955183, 4.24214522354e-05, 0.000253769598203, -7.51782572479e-05, 0.000263264548266, -0.000225681098527, 7.20367679605e-05], [7.03466212144e-05, 0.00105011276901, -0.000226506497711, -0.000498272711411, -0.000268809060799, 0.00039403286064, 0.000468544836622, -0.000230515521253, 0.000232750026044, 0.000838500447571, -0.00144245533738, 0.00137800362427, -0.000861754408106], [-7.85515658208e-05, -0.000226506497711, 0.00152961036656, -0.000411402725149, -0.00132493174169, -7.98872351879e-05, -0.000740497838706, 0.000771690742113, -2.16938587982e-05, -0.000230933917919, 0.000907634908799, -0.000438384915469, 0.000898108351976], [-0.00033657104359, -0.000498272711411, -0.000411402725149, 0.00329169328324, -0.000675058807246, -0.000320171879139, 0.000382534955861, -0.00129064975772, 0.000540211214684, -0.000227054959396, -0.00218547997065, 0.00255027133971, -0.00177138613071], [9.35361822485e-05, -0.000268809060799, -0.00132493174169, -0.000675058807246, 0.00685055041686, -0.00245934259146, -0.00203557242639, 0.00270943087526, -0.00379313132726, 0.000475561711937, 0.00149441708345, -0.00240977434441, 0.00127206428442], [-0.000189513491932, 0.00039403286064, -7.98872351879e-05, -0.000320171879139, -0.00245934259146, 0.00804452691227, -0.00200140639208, -0.00164141168352, 0.000808855402283, -0.00118541507982, 0.00196981267072, -0.0028741536662, 0.0010134188924], [0.000192407955183, 0.000468544836622, -0.000740497838706, 0.000382534955861, -0.00203557242639, -0.00200140639208, 0.0104990340769, -0.00633718399331, 0.0018507783534, -0.000719552568626, -0.00281487242319, 0.00522456457838, -0.0040908367373], [4.24214522354e-05, -0.000230515521253, 0.000771690742113, -0.00129064975772, 0.00270943087526, -0.00164141168352, -0.00633718399331, 0.0183600597084, -0.0089286705479, 0.000252100493526, 0.0043665766716, -0.00516789453104, 0.00446787429973], [0.000253769598203, 0.000232750026044, -2.16938587982e-05, 0.000540211214684, -0.00379313132726, 0.000808855402283, 0.0018507783534, -0.0089286705479, 0.0176075547934, -0.00509465578943, -0.0057540894486, 0.00741721177474, -0.00483522983268], [-7.51782572479e-05, 0.000838500447571, -0.000230933917919, -0.000227054959396, 0.000475561711937, -0.00118541507982, -0.000719552568626, 0.000252100493526, -0.00509465578943, 0.0134357484058, -0.00350894033909, -0.00224033044651, 0.00378370913677], [0.000263264548266, -0.00144245533738, 0.000907634908799, -0.00218547997065, 0.00149441708345, 0.00196981267072, -0.00281487242319, 0.0043665766716, -0.0057540894486, -0.00350894033909, 0.0181343760341, -0.0117408130318, 0.00232539279386], [-0.000225681098527, 0.00137800362427, -0.000438384915469, 0.00255027133971, -0.00240977434441, -0.0028741536662, 0.00522456457838, -0.00516789453104, 0.00741721177474, -0.00224033044651, -0.0117408130318, 0.0268383435905, -0.0133944805712], [7.20367679605e-05, -0.000861754408106, 0.000898108351976, -0.00177138613071, 0.00127206428442, 0.0010134188924, -0.0040908367373, 0.00446787429973, -0.00483522983268, 0.00378370913677, 0.00232539279386, -0.0133944805712, 0.0179564077407]]
    },
    "melbands": {
        "dmean": [0.00525714363903, 0.00294387456961, 0.00100643525366, 0.000408779014833, 0.000181559851626, 0.000140851610922, 8.92657917575e-05, 0.000100857025245, 6.50515503366e-05, 8.1056059571e-05, 4.30802174378e-05, 3.76431380573e-05, 4.26591795986e-05, 2.51998772001e-05, 2.58097752521e-05, 3.19748396578e-05, 4.12462868553e-05, 2.13040384551e-05, 2.85391379293e-05, 3.19879763993e-05, 2.06032127608e-05, 1.83016582014e-05, 2.04437728826e-05, 1.95478787646e-05, 2.3983337087e-05, 1.78501759365e-05, 1.34852971314e-05, 1.18295592983e-05, 1.11090257633e-05, 7.87287081039e-06, 7.47090825826e-06, 7.53702306611e-06, 6.01030251346e-06, 6.87191595716e-06, 6.55961730445e-06, 7.58164014769e-06, 5.93147115069e-06, 5.34550417797e-06, 5.47858871869e-06, 5.60555872653e-06],
        "dmean2": [0.00670652696863, 0.00425814185292, 0.00175394013058, 0.000715449918061, 0.000306089554215, 0.000229874902288, 0.000149895160575, 0.000161861549714, 0.000106322804641, 0.000127540653921, 6.80132943671e-05, 6.18274643784e-05, 6.98091171216e-05, 3.96606701543e-05, 4.10938955611e-05, 5.47074487258e-05, 6.74760376569e-05, 3.51847338607e-05, 4.75109263789e-05, 5.33468301001e-05, 3.45459484379e-05, 3.10067625833e-05, 3.48681205651e-05, 3.31731425831e-05, 4.02496116294e-05, 2.97817641695e-05, 2.27878754231e-05, 1.93073519767e-05, 1.78277423402e-05, 1.29451154862e-05, 1.23107602121e-05, 1.24351818158e-05, 9.92763398244e-06, 1.14508793558e-05, 1.09332904685e-05, 1.29558966364e-05, 9.70425207925e-06, 8.66878326633e-06, 8.9454870249e-06, 9.16993121791e-06],
        "dvar": [6.14181481069e-05, 5.29977151018e-05, 9.85621954896e-06, 1.10284736365e-06, 1.51819889993e-07, 1.4256789882e-07, 6.82469618596e-08, 7.04442513211e-08, 3.15486516911e-08, 5.99153509029e-08, 9.27223720026e-09, 7.76848452233e-09, 8.8030223111e-09, 4.85520379456e-09, 2.31526264827e-09, 8.2720035266e-09, 9.65862678726e-09, 1.58040436293e-09, 4.5513695035e-09, 6.69807942444e-09, 1.9600669976e-09, 8.7649110192e-10, 1.58399715566e-09, 1.19503618112e-09, 1.46822509706e-09, 9.3908703036e-10, 4.18443196759e-10, 6.52566500836e-10, 6.01995231442e-10, 1.22877097386e-10, 1.13878531605e-10, 1.61772734097e-10, 8.93236179467e-11, 1.20981821783e-10, 1.2018908091e-10, 2.07737396729e-10, 1.0454260374e-10, 7.82277298494e-11, 1.01105339378e-10, 1.5443946122e-10],
        "dvar2": [8.39483836899e-05, 0.000111513210868, 2.6769208489e-05, 3.03049091599e-06, 3.99649564997e-07, 3.3282802292e-07, 1.73615063659e-07, 1.66200592844e-07, 8.04938835586e-08, 1.51059111886e-07, 2.22569607189e-08, 1.88499367226e-08, 2.04777208523e-08, 9.41217415118e-09, 4.99025976097e-09, 2.04275618643e-08, 2.03658814257e-08, 3.96979826789e-09, 1.10150271126e-08, 1.60536970384e-08, 4.81724704571e-09, 2.35131691895e-09, 4.10432665632e-09, 3.04316305488e-09, 3.66972496835e-09, 2.45652143072e-09, 1.11469855568e-09, 1.3988151748e-09, 1.30510457996e-09, 3.08769815272e-10, 2.97797481119e-10, 4.27958390947e-10, 2.30503949261e-10, 3.16039694415e-10, 3.08053416109e-10, 5.60040736008e-10, 2.70320876794e-10, 1.9421650399e-10, 2.48039755402e-10, 3.99913741012e-10],
        "max": [0.122827708721, 0.0807045698166, 0.0352711305022, 0.0106913931668, 0.00557831628248, 0.00898553058505, 0.00715625518933, 0.00537390401587, 0.00410860357806, 0.00403340067714, 0.00291244592518, 0.00181775807869, 0.00282291858457, 0.00264640594833, 0.00114143744577, 0.0026979346294, 0.00296560535207, 0.00108561397064, 0.00259064068086, 0.00336357671767, 0.0016345847398, 0.00051841349341, 0.00134509126656, 0.000672745693009, 0.000644511310384, 0.000781211943831, 0.000348065310391, 0.000665107683744, 0.000662121048663, 0.00026150062331, 0.000196908760699, 0.000344615604263, 0.000238433727645, 0.000178627480636, 0.000183227210073, 0.000127597813844, 0.000126861923491, 0.000150336200022, 0.000107028761704, 0.000204616924748],
        "mean": [0.012565352954, 0.00379428756423, 0.000926275504753, 0.000447186204838, 0.000242735244683, 0.000177577196155, 9.44997736951e-05, 0.000134936519316, 8.66531481734e-05, 0.000115232214739, 6.6752298153e-05, 4.86736171297e-05, 5.74583245907e-05, 3.77353499061e-05, 3.81160098186e-05, 3.80672609026e-05, 5.37183514098e-05, 2.98942341033e-05, 3.79362027161e-05, 4.30910549767e-05, 3.02373846353e-05, 2.57785122812e-05, 2.91315172944e-05, 2.99369658023e-05, 3.56220989488e-05, 2.77784729406e-05, 2.11831884371e-05, 2.15227173612e-05, 2.0201650841e-05, 1.40865531648e-05, 1.30511252792e-05, 1.27510465973e-05, 1.12569532575e-05, 1.20899303511e-05, 1.17092949949e-05, 1.10002138172e-05, 9.41893358686e-06, 9.00870782061e-06, 8.76809099282e-06, 8.32598107081e-06],
        "median": [0.00534726772457, 0.00116013200022, 0.000248086143984, 0.000114571899758, 9.52139671426e-05, 3.69381959899e-05, 2.76162809314e-05, 4.98343651998e-05, 4.05819700973e-05, 3.16687801387e-05, 2.35700827034e-05, 1.63947333931e-05, 2.10533107747e-05, 1.45524136315e-05, 1.78222308023e-05, 1.23964782688e-05, 1.96242763195e-05, 1.75363493327e-05, 1.90935570572e-05, 2.03466770472e-05, 1.57600989041e-05, 1.62310261658e-05, 1.74496854015e-05, 1.6884665456e-05, 2.07365847018e-05, 1.53254623001e-05, 1.36589369504e-05, 1.14637205115e-05, 1.12752659334e-05, 9.97488405119e-06, 8.87512032932e-06, 7.95852611191e-06, 7.07874778527e-06, 7.40375708119e-06, 6.96197503203e-06, 6.61258354739e-06, 6.12234453001e-06, 5.39394477528e-06, 5.08237235408e-06, 4.57576788904e-06],
        "min": [5.50243418711e-24, 5.77129533854e-24, 1.45614020115e-23, 1.10052943591e-23, 4.97353292687e-24, 1.19361565381e-23, 3.16071857599e-23, 1.4890407496e-23, 1.67076353659e-23, 6.82922407676e-24, 2.76223531103e-24, 1.05829547965e-23, 8.57689334746e-24, 4.6403594957e-24, 7.42803497928e-24, 8.81576989589e-24, 5.40484420452e-24, 5.84511773092e-24, 6.42804136923e-24, 9.57091804147e-24, 9.28982481283e-24, 1.0063191701e-23, 7.27264831361e-24, 9.35474017672e-24, 1.28461541351e-23, 6.07398008459e-24, 9.41622320681e-24, 1.32813615968e-23, 1.30264546059e-23, 1.38298202966e-23, 6.41988612519e-24, 1.27407970281e-23, 1.26277280168e-23, 1.11493308941e-23, 1.07898154251e-23, 8.072777308e-24, 8.9769791439e-24, 1.13168352521e-23, 1.13302671867e-23, 8.11911736416e-24],
        "var": [0.000340517843142, 6.94098926033e-05, 6.67323502057e-06, 9.29482382617e-07, 1.79312635851e-07, 2.18442224309e-07, 6.9942714731e-08, 9.46388780676e-08, 3.30579901231e-08, 8.09376174971e-08, 1.7915263939e-08, 1.07839381869e-08, 1.29785711067e-08, 1.02845243433e-08, 4.71096406329e-09, 1.30521540243e-08, 1.80136012773e-08, 2.09720063538e-09, 6.28199803288e-09, 9.41631395079e-09, 3.84592402369e-09, 1.01504371575e-09, 1.84334736364e-09, 1.80204484668e-09, 2.08170525262e-09, 1.70659253396e-09, 6.17920992152e-10, 1.63781477269e-09, 1.44016798487e-09, 2.33826874529e-10, 2.2688130541e-10, 2.45944625776e-10, 2.38220110305e-10, 2.65113014875e-10, 2.7321284124e-10, 2.17166992722e-10, 1.32384339602e-10, 1.2976743291e-10, 1.3900471052e-10, 1.72319450376e-10]
    },
    "mfcc": {
        "mean": [-611.101623535, 57.1980285645, 13.2556180954, 26.5655498505, 14.256231308, 9.23262023926, 8.4665555954, 11.2128791809, 7.0092754364, 10.4550590515, 6.98504257202, 3.99782180786, 2.78495883942],
        "cov": [[8597.44433594, 66.2664642334, 451.712860107, 274.790222168, 307.546539307, 284.378997803, 158.794296265, 27.555431366, 31.4920063019, -55.6799736023, -90.4327087402, -90.9372711182, -67.3023223877], [66.2664642334, 1167.73486328, 339.236846924, 358.242462158, 189.192871094, 54.8521842957, 43.2051582336, 34.8865585327, -37.6234779358, 1.98836934566, 25.2705974579, -6.64021253586, -29.0159263611], [451.712860107, 339.236846924, 708.360473633, 314.497497559, 263.749420166, 205.808074951, 144.665023804, 62.8467445374, 75.482711792, 60.3094215393, 61.4636230469, 11.7443494797, -6.5637588501], [274.790222168, 358.242462158, 314.497497559, 495.344696045, 183.442001343, 107.889785767, 78.5156097412, 38.585899353, 34.3451385498, 44.3726806641, 54.9936103821, 34.2912483215, 7.2648191452], [307.546539307, 189.192871094, 263.749420166, 183.442001343, 302.52355957, 174.390625, 82.6922149658, 62.1219940186, 67.9847564697, 41.8826980591, 46.5504798889, 33.5888900757, 24.5561561584], [284.378997803, 54.8521842957, 205.808074951, 107.889785767, 174.390625, 226.042388916, 125.872543335, 55.9766044617, 87.0455474854, 49.6820373535, 37.0086517334, 36.5943908691, 29.2090072632], [158.794296265, 43.2051582336, 144.665023804, 78.5156097412, 82.6922149658, 125.872543335, 152.922027588, 75.6856079102, 67.1255493164, 39.0252685547, 34.159778595, 22.5321426392, 13.4792633057], [27.555431366, 34.8865585327, 62.8467445374, 38.585899353, 62.1219940186, 55.9766044617, 75.6856079102, 112.503326416, 69.2937164307, 30.6699314117, 24.9105377197, 15.0108594894, 12.7334566116], [31.4920063019, -37.6234779358, 75.482711792, 34.3451385498, 67.9847564697, 87.0455474854, 67.1255493164, 69.2937164307, 145.074783325, 78.7326583862, 32.224105835, 25.3592948914, 17.7945919037], [-55.6799736023, 1.98836934566, 60.3094215393, 44.3726806641, 41.8826980591, 49.6820373535, 39.0252685547, 30.6699314117, 78.7326583862, 136.040267944, 74.3779907227, 29.8768539429, 18.4593753815], [-90.4327087402, 25.2705974579, 61.4636230469, 54.9936103821, 46.5504798889, 37.0086517334, 34.159778595, 24.9105377197, 32.224105835, 74.3779907227, 113.04927063, 53.7043952942, 15.9262886047], [-90.9372711182, -6.64021253586, 11.7443494797, 34.2912483215, 33.5888900757, 36.5943908691, 22.5321426392, 15.0108594894, 25.3592948914, 29.8768539429, 53.7043952942, 90.3737487793, 52.7093658447], [-67.3023223877, -29.0159263611, -6.5637588501, 7.2648191452, 24.5561561584, 29.2090072632, 13.4792633057, 12.7334566116, 17.7945919037, 18.4593753815, 15.9262886047, 52.7093658447, 86.9915008545]],
